ICQueenStrength= 4.8312782230787
RQWkrDrnRatio= 3.4186803586781
ICDroneMiteSurvivorship= 70.5302766291425
ICWorkerMiteSurvivorship= 50.816028774716
ICForagerLifespan= 10.8061910942197
ImmType= Sine
AIAdultSlope= 4.39500767271966
