ICQueenStrength= 2.92361429333687
RQWkrDrnRatio= 4.41735338978469
ICDroneMiteSurvivorship= 93.467317475006
ICWorkerMiteSurvivorship= 72.6503172423691
ICForagerLifespan= 14.6357392948121
ImmType= Exponential
AIAdultSlope= 6.51037852745503
