ICQueenStrength= 2.64036344969645
RQWkrDrnRatio= 1.11173507664353
ICDroneMiteSurvivorship= 62.7765976591036
ICWorkerMiteSurvivorship= 73.7800555070862
ICForagerLifespan= 11.2736907042563
ImmType= Exponential
AIAdultSlope= 2.8238106624689
AIAdultSlopeContact= 3.23536012938945
AIAdultLD50Contact= 0.0443593059666455
AILarvaSlope= 0.355037770979106
AILarvaLD50= 0.0059128153603524
AIKOW= 7.38121009292081
AIKOC= 15.2454406616744
AIHalfLife= 5.19812940293923
