ICQueenStrength= 5.93287204881199
RQWkrDrnRatio= 1.58471178915352
ICDroneMiteSurvivorship= 55.284318793565
ICWorkerMiteSurvivorship= 23.9876336185262
ICForagerLifespan= 8.27695212513208
ImmType= Logarithmic
AIAdultSlopeContact= 6.04645770741627
AIAdultLD50Contact= 0.0830083461478353
AILarvaSlope= 5.75751807773486
AILarvaLD50= 1.83729457901791
AIKOW= 6.475815246813
AIKOC= 39.0796164982021
AIHalfLife= 9.20723959617317
