ICQueenStrength= 4.99363668635488
RQWkrDrnRatio= 3.91672142222524
ICDroneMiteSurvivorship= 53.1688308343291
ICWorkerMiteSurvivorship= 7.07331988960505
ICForagerLifespan= 8.09595564100891
ImmType= Logarithmic
AIAdultSlope= 0.346687574172392
AIAdultLD50= 1.15101425349712
AIAdultSlopeContact= 2.23422237926396
AIAdultLD50Contact= 0.04059782482218
AILarvaSlope= 0.626688201865181
AILarvaLD50= 0.88974212736357
AIKOW= 5.01452154386789
AIKOC= 21.0297068126965
AIHalfLife= 2.68573743663728
EAppRate= 0.87806881708093
