ICQueenStrength= 5.07339802128263
RQWkrDrnRatio= 1.28207127843052
ICDroneMiteSurvivorship= 58.8606729637831
ICWorkerMiteSurvivorship= 62.9095212556422
ICForagerLifespan= 6.3070283792913
ImmType= Tangent
AIAdultSlopeContact= 0.296488782309461
AIAdultLD50Contact= 0.0454274610732682
AILarvaSlope= 3.24569579148665
AILarvaLD50= 0.288620170159265
AIKOW= 6.48264795169234
AIKOC= 19.9107705627102
AIHalfLife= 7.62327322969213
