ICQueenStrength= 4.26850755373016
RQWkrDrnRatio= 3.36337220855057
ICDroneMiteSurvivorship= 82.2528371820226
ICWorkerMiteSurvivorship= 75.5607383558527
ICForagerLifespan= 8.16989212110639
ImmType= Tangent
AIAdultSlope= 0.201688919076696
AIAdultLD50= 0.92706059734337
AIAdultSlopeContact= 3.29114045599708
AIAdultLD50Contact= 0.02628237727331
AILarvaSlope= 0.771081947628409
AILarvaLD50= 0.553000157978386
AIKOW= 3.9016597843729
AIKOC= 14.9776784190908
AIHalfLife= 12.371515928302
EAppRate= 0.0741644254885614
