ICQueenStrength= 2.0562452825252
RQWkrDrnRatio= 4.53046281822026
ICDroneMiteSurvivorship= 88.1200825795531
ICWorkerMiteSurvivorship= 59.784089284949
ICForagerLifespan= 10.7558055408299
ImmType= Sine
AIAdultSlope= 1.80274164689938
AIAdultLD50= 0.261973205837421
AIAdultSlopeContact= 0.722503144091461
AIAdultLD50Contact= 0.0277136879391037
AILarvaSlope= 3.04355206927285
AILarvaLD50= 0.403815621952526
AIKOW= 7.51324096275494
AIKOC= 11.7900874535553
AIHalfLife= 1.95519486325793
EAppRate= 0
