ICQueenStrength= 1.50753840478137
RQWkrDrnRatio= 1.90246188174933
ICDroneMiteSurvivorship= 41.9680325547233
ICWorkerMiteSurvivorship= 12.5919788843021
ICForagerLifespan= 13.2409644220024
ImmType= Sine
AIAdultSlopeContact= 0.849680155066308
AIAdultLD50Contact= 0.00618105330504477
AILarvaSlope= 3.00851626382209
AILarvaLD50= 0.748816537437961
AIKOW= 6.00719881057739
AIKOC= 5.92578153125942
AIHalfLife= 8.45557426055893
