ICQueenStrength= 3.54215465974994
RQWkrDrnRatio= 4.77732521481812
ICDroneMiteSurvivorship= 90.6777960946783
ICWorkerMiteSurvivorship= 5.1371174165979
ICForagerLifespan= 14.4065931718796
ImmType= Polynomial
AIAdultSlope= 0.952653256291524
AIAdultLD50= 2.66078009619378
AIAdultSlopeContact= 1.57834461889928
AIAdultLD50Contact= 0.0494242776185274
AILarvaSlope= 3.17128010168672
AILarvaLD50= 0.298693641973659
AIKOW= 5.34614609880373
AIKOC= 12.7871447487269
AIHalfLife= 11.6617668271065
EAppRate= 0.869324011262506
