ICQueenStrength= 3.32622547307983
RQWkrDrnRatio= 2.61583880521357
ICDroneMiteSurvivorship= 75.9733294369653
ICWorkerMiteSurvivorship= 20.2863960992545
ICForagerLifespan= 12.3837781557813
ImmType= Tangent
AIAdultSlope= 1.09797950447537
AIAdultLD50= 1.37283538724296
AIAdultSlopeContact= 2.48306480920874
AIAdultLD50Contact= 0.0238035187008791
AILarvaSlope= 1.83194244801998
AILarvaLD50= 0.617417711159214
AIKOW= 2.9577842252329
AIKOC= 15.0421403185464
AIHalfLife= 4.56177624687552
EAppRate= 0.421058646170422
