ICQueenStrength= 3.6610525790602
RQWkrDrnRatio= 2.74500980973244
ICDroneMiteSurvivorship= 52.7592693455517
ICWorkerMiteSurvivorship= 17.4679869087413
ICForagerLifespan= 14.5316714625806
ImmType= Cosine
AIAdultSlope= 3.32529979388695
AIAdultLD50= 0.114681036327966
AIAdultSlopeContact= 2.73495185392443
AIAdultLD50Contact= 0.0486121037160046
AILarvaSlope= 2.40298752342351
AILarvaLD50= 0.620432427548803
AIKOW= 5.84862115560099
AIKOC= 26.086642332375
AIHalfLife= 2.73087154026143
EAppRate= 0.0327788127120584
