ICQueenStrength= 3.62036779313348
RQWkrDrnRatio= 4.41755013540387
ICDroneMiteSurvivorship= 38.7916413601488
ICWorkerMiteSurvivorship= 18.4887144481763
ICForagerLifespan= 14.7048306884244
ImmType= Logarithmic
AIAdultSlope= 0.547194121778011
AIAdultLD50= 2.44100131862797
AIAdultSlopeContact= 1.27958818827756
AIAdultLD50Contact= 0.0445520841982216
AILarvaSlope= 0.03647146737203
AILarvaLD50= 0.1089873095043
AIKOW= 3.52157009160146
AIKOC= 17.9663674451876
AIHalfLife= 6.97847378160805
EAppRate= 0.0796196779701859
