ICQueenStrength= 3.10028655012138
RQWkrDrnRatio= 2.99625370744616
ICDroneMiteSurvivorship= 72.5785970687866
ICWorkerMiteSurvivorship= 54.7358268871903
ICForagerLifespan= 13.1581956343725
ImmType= Exponential
AIAdultSlope= 6.84178176801652
AIAdultLD50= 0.81296393671073
AIAdultSlopeContact= 1.5611006738618
AIAdultLD50Contact= 0.00213281931355596
AILarvaSlope= 2.49963800422847
AILarvaLD50= 0.135755661409348
AIKOW= 0.681059528142214
AIKOC= 0.866262963972986
AIHalfLife= 4.00378127023578
EAppRate= 1.81506379554048
