ICQueenStrength= 4.81075250683352
RQWkrDrnRatio= 3.19699880853295
ICDroneMiteSurvivorship= 8.13701245933771
ICWorkerMiteSurvivorship= 78.4180556423962
ICForagerLifespan= 13.766025248915
ImmType= Sine
AIAdultSlope= 1.35408106093761
AIAdultLD50= 0.0835737774614245
AIAdultSlopeContact= 3.10533772184746
AIAdultLD50Contact= 0.0126182361971587
AILarvaSlope= 1.91202066917904
AILarvaLD50= 0.83075387023855
AIKOW= 7.97916711634025
AIKOC= 15.2812005963642
AIHalfLife= 0.981800680747256
EAppRate= 0.237089579482563
