ICQueenStrength= 5.35210117022507
RQWkrDrnRatio= 4.60275383014232
ICDroneMiteSurvivorship= 44.1311245318502
ICWorkerMiteSurvivorship= 19.4910306250677
ICForagerLifespan= 7.18314021453261
ImmType= Sine
AIAdultSlope= 1.77103421417996
