ICQueenStrength= 5.70503251883201
RQWkrDrnRatio= 3.87243462633342
ICDroneMiteSurvivorship= 86.3751350203529
ICWorkerMiteSurvivorship= 55.0541411386803
ICForagerLifespan= 7.02115439809859
ImmType= Exponential
AIAdultSlope= 2.79414632953703
AIAdultLD50= 1.42768858023919
AIAdultSlopeContact= 0.922148160100915
AIAdultLD50Contact= 0.0125011892872863
AILarvaSlope= 0.866631581680849
AILarvaLD50= 0.276584052247927
AIKOW= 3.34376648813486
AIKOC= 5.66901737009175
AIHalfLife= 3.45570376701653
EAppRate= 0.474637380102649
