ICQueenStrength= 1.19651979324408
RQWkrDrnRatio= 2.02381561044604
ICDroneMiteSurvivorship= 27.9874333646148
ICWorkerMiteSurvivorship= 40.0697699049488
ICForagerLifespan= 12.3768700761721
ImmType= Logarithmic
AIAdultSlope= 4.26704975543544
