ICQueenStrength= 5.59887048695236
RQWkrDrnRatio= 4.02115280367434
ICDroneMiteSurvivorship= 38.2192210527137
ICWorkerMiteSurvivorship= 13.9098491286859
ICForagerLifespan= 8.7057624347508
ImmType= Logarithmic
AIAdultSlope= 2.79746048240922
AIAdultLD50= 0.796594171319157
AIAdultSlopeContact= 2.56551489443751
AIAdultLD50Contact= 0.00287572887027636
AILarvaSlope= 3.23998973029666
AILarvaLD50= 0.83148969844915
AIKOW= 7.9115772023797
AIKOC= 14.8401428782381
AIHalfLife= 2.13235655613244
EAppRate= 0.196791714290157
