ICQueenStrength= 3.24156082840636
RQWkrDrnRatio= 4.98903194721788
ICDroneMiteSurvivorship= 9.20000113546848
ICWorkerMiteSurvivorship= 94.246087432839
ICForagerLifespan= 7.27565762773156
ImmType= Tangent
AIAdultSlope= 1.21404742143815
AIAdultLD50= 0.430152789573185
AIAdultSlopeContact= 2.25507976179477
AIAdultLD50Contact= 0.0042165606864728
AILarvaSlope= 2.97596640847623
AILarvaLD50= 0.122673841123469
AIKOW= 5.69285023258999
AIKOC= 28.6140678694937
AIHalfLife= 2.33773127081804
EAppRate= 0.150635347515345
