ICQueenStrength= 2.00440129754134
RQWkrDrnRatio= 2.26171413250268
ICDroneMiteSurvivorship= 48.7353692995384
ICWorkerMiteSurvivorship= 41.2061432376504
ICForagerLifespan= 10.3659508805722
ImmType= Exponential
AIAdultSlope= 0.153753890041262
AIAdultLD50= 0.45333054929506
AIAdultSlopeContact= 1.7412401593267
AIAdultLD50Contact= 0.00994341328041628
AILarvaSlope= 0.343242133595049
AILarvaLD50= 0.679750587372109
AIKOW= 2.24623077735305
AIKOC= 6.05915475287475
AIHalfLife= 4.46593962842599
EAppRate= 0.476460795616731
