ICQueenStrength= 5.37773005454801
RQWkrDrnRatio= 4.23726364225149
ICDroneMiteSurvivorship= 31.5443724859506
ICWorkerMiteSurvivorship= 75.2819804474711
ICForagerLifespan= 14.1171391410753
ImmType= Tangent
AIAdultSlope= 3.20112828630954
AIAdultLD50= 0.324854731792584
AIAdultSlopeContact= 3.23148536030203
AIAdultLD50Contact= 0.149973951419815
AILarvaSlope= 2.59170455858111
AILarvaLD50= 1.18621326051652
AIKOW= 69.9328840011731
AIKOC= 38.2748648524284
AIHalfLife= 10.2480426956899
EAppRate= 1.47835709899664
