ICQueenStrength= 5.26620830548927
RQWkrDrnRatio= 1.23595999926329
ICDroneMiteSurvivorship= 74.6041322359815
ICWorkerMiteSurvivorship= 24.5760342106223
ICForagerLifespan= 7.42317627370358
ImmType= Sine
AIAdultSlopeContact= 1.70152264553821
AIAdultLD50Contact= 0.0227248296374455
AILarvaSlope= 3.24380298559554
AILarvaLD50= 0.0528972228057683
AIKOW= 4.7766802511178
AIKOC= 27.366630169563
AIHalfLife= 3.06436426658183
