ICQueenStrength= 2.89783425349742
RQWkrDrnRatio= 3.99096465017647
