ICQueenStrength= 1.47718493151478
RQWkrDrnRatio= 4.01486490759999
ICDroneMiteSurvivorship= 30.5839383741841
ICWorkerMiteSurvivorship= 40.8113070996478
ICForagerLifespan= 4.92424884811044
ImmType= Polynomial
AIAdultSlope= 1.94081343376078
AIAdultLD50= 0.368379690218717
AIAdultSlopeContact= 1.9576301525929
AIAdultLD50Contact= 0.0124139274470508
AILarvaSlope= 0.563782985042781
AILarvaLD50= 0.174894756451249
AIKOW= 7.43549267528579
AIKOC= 24.7760888258927
AIHalfLife= 2.57034807582386
EAppRate= 0.194068596325815
