ICQueenStrength= 1.72689304035157
RQWkrDrnRatio= 4.56405131239444
