ICQueenStrength= 3.53347962279804
RQWkrDrnRatio= 3.78464992251247
ICDroneMiteSurvivorship= 17.5773965893313
ICWorkerMiteSurvivorship= 19.2626241827384
ICForagerLifespan= 13.770855108276
ImmType= Polynomial
AIAdultSlope= 2.19439650736749
AIAdultLD50= 0.464057418284938
AIAdultSlopeContact= 0.0412826612452045
AIAdultLD50Contact= 0.00946916193934158
AILarvaSlope= 0.202059013675898
AILarvaLD50= 0.180188915482722
AIKOW= 4.53886163141578
AIKOC= 8.64957335987128
AIHalfLife= 3.96425581187941
EAppRate= 0.255495602427982
