ICQueenStrength= 3.5987306330353
RQWkrDrnRatio= 3.72430076729506
ICDroneMiteSurvivorship= 57.0477259811014
ICWorkerMiteSurvivorship= 11.7610154207796
ICForagerLifespan= 4.02459642104805
ImmType= Cosine
AIAdultSlope= 2.13260321705602
AIAdultSlopeContact= 1.76599501521327
AIAdultLD50Contact= 0.0337622952763923
AILarvaSlope= 1.1274083070457
AILarvaLD50= 0.0214191673323512
AIKOW= 3.10020506056026
AIKOC= 25.0452285527717
AIHalfLife= 10.6232752446085
