ICQueenStrength= 3.18078944645822
RQWkrDrnRatio= 4.70458108279854
