ICQueenStrength= 2.87322924728505
RQWkrDrnRatio= 2.09847771842033
ICDroneMiteSurvivorship= 89.059034595266
ICWorkerMiteSurvivorship= 37.7133912174031
ICForagerLifespan= 15.8973045339808
ImmType= Sine
AIAdultSlope= 4.58104967139661
