ICQueenStrength= 3.83129553776234
RQWkrDrnRatio= 4.35688779968768
ICDroneMiteSurvivorship= 35.3103276109323
ICWorkerMiteSurvivorship= 39.4790692487732
ICForagerLifespan= 10.7916897842661
ImmType= Exponential
AIAdultSlope= 6.8382488260977
