ICQueenStrength= 5.40318893641233
RQWkrDrnRatio= 3.79365229886025
ICDroneMiteSurvivorship= 95.8629442611709
ICWorkerMiteSurvivorship= 29.3696931097656
ICForagerLifespan= 7.84855578932911
ImmType= Logarithmic
AIAdultSlope= 1.52547202489804
AIAdultLD50= 0.327486861729994
AIAdultSlopeContact= 2.55282876515994
AIAdultLD50Contact= 0.00855823416495696
AILarvaSlope= 2.74387904061005
AILarvaLD50= 0.0488289238186553
AIKOW= 2.82675821008161
AIKOC= 7.45601799688302
AIHalfLife= 4.50741063803434
EAppRate= 0.188748963107355
