ICQueenStrength= 4.04982233443297
RQWkrDrnRatio= 1.6473941616714
ICDroneMiteSurvivorship= 61.1509127309546
ICWorkerMiteSurvivorship= 17.6923071267083
ICForagerLifespan= 7.77373206522316
ImmType= Sine
AIAdultSlope= 6.32131452905014
