ICQueenStrength= 3.52038376405835
RQWkrDrnRatio= 3.37049929331988
ICDroneMiteSurvivorship= 96.8126606428996
ICWorkerMiteSurvivorship= 98.2433806173503
ICForagerLifespan= 15.8598420899361
ImmType= Polynomial
AIAdultSlope= 3.19397076382302
AIAdultLD50= 0.871916645206511
AIAdultSlopeContact= 3.15235311820172
AIAdultLD50Contact= 0.0276275452575646
AILarvaSlope= 1.32490335474722
AILarvaLD50= 0.628985853376798
AIKOW= 3.88877492165193
AIKOC= 28.2354785199277
AIHalfLife= 4.75715825986117
EAppRate= 0.467279306147248
