ICQueenStrength= 5.92995319305919
RQWkrDrnRatio= 2.18733100872487
ICDroneMiteSurvivorship= 35.4658342432231
ICWorkerMiteSurvivorship= 58.9908226625994
ICForagerLifespan= 11.1903563197702
ImmType= Polynomial
AIAdultSlopeContact= 2.42338430534815
AIAdultLD50Contact= 0.00719095186796039
AILarvaSlope= 3.38381486190483
AILarvaLD50= 0.00812015205156058
AIKOW= 6.75707788066939
AIKOC= 22.5081305205822
AIHalfLife= 11.5966889662668
