ICQueenStrength= 1.69706290960312
RQWkrDrnRatio= 3.49415279086679
ICDroneMiteSurvivorship= 89.2259290441871
ICWorkerMiteSurvivorship= 53.8723133504391
ICForagerLifespan= 15.1632930254564
ImmType= Polynomial
AIAdultSlope= 0.939856001641601
