ICQueenStrength= 4.91156176105142
RQWkrDrnRatio= 3.48383429273963
ICDroneMiteSurvivorship= 2.42899397853762
ICWorkerMiteSurvivorship= 64.9628387065604
ICForagerLifespan= 4.89212492201477
ImmType= Exponential
AIAdultSlope= 1.33676490530139
AIAdultLD50= 0.335396114154719
AIAdultSlopeContact= 2.00526903103804
AIAdultLD50Contact= 0.0360167608596385
AILarvaSlope= 1.40882874438539
AILarvaLD50= 0.645921913068742
AIKOW= 5.38513977825642
AIKOC= 28.5495670931414
AIHalfLife= 1.27155212452635
EAppRate= 0
