ICQueenStrength= 1.85458014858887
RQWkrDrnRatio= 3.55233743973076
ICDroneMiteSurvivorship= 66.6083067888394
ICWorkerMiteSurvivorship= 64.7716220468283
ICForagerLifespan= 15.2256069518626
ImmType= Logarithmic
AIAdultSlope= 1.15758878539084
AIAdultLD50= 0.0811618537409231
AIAdultSlopeContact= 2.62030480500776
AIAdultLD50Contact= 0.0493648655014113
AILarvaSlope= 1.41323748948053
AILarvaLD50= 0.864758534752764
AIKOW= 2.23867453634739
AIKOC= 21.0382682399359
AIHalfLife= 1.37060599634424
EAppRate= 0.611178210005164
