ICQueenStrength= 3.81899334280752
RQWkrDrnRatio= 1.4868832482025
ICDroneMiteSurvivorship= 42.6922985352576
ICWorkerMiteSurvivorship= 32.2622688254341
ICForagerLifespan= 5.78995077311993
ImmType= Logarithmic
AIAdultSlopeContact= 0.392538847269025
AIAdultLD50Contact= 0.0168624608311802
AILarvaSlope= 1.09702871791087
AILarvaLD50= 0.302701666275971
AIKOW= 3.76147042121738
AIKOC= 27.8143217333127
AIHalfLife= 7.39144780160859
