ICQueenStrength= 4.11851339647546
RQWkrDrnRatio= 1.11676796153188
ICDroneMiteSurvivorship= 69.964490365237
ICWorkerMiteSurvivorship= 11.9135004235432
ICForagerLifespan= 13.1884157927707
ImmType= Logarithmic
AIAdultSlopeContact= 2.16291643878445
AIAdultLD50Contact= 0.0161788893630728
AILarvaSlope= 0.339701413130388
AILarvaLD50= 0.558255868381821
AIKOW= 2.65765797253698
AIKOC= 8.97823305684142
AIHalfLife= 9.68471685331315
