ICQueenStrength= 3.84680124488659
RQWkrDrnRatio= 4.64986463729292
ICDroneMiteSurvivorship= 75.3305370453745
ICWorkerMiteSurvivorship= 12.0416177436709
ICForagerLifespan= 10.4361172337085
ImmType= Logarithmic
AIAdultLD50= 0.154012839635834
AIAdultSlopeContact= 3.0834004915366
AIAdultLD50Contact= 0.0304034399683587
AILarvaSlope= 3.19910942916758
AILarvaLD50= 0.130700394767337
AIKOW= 6.17517848266289
AIKOC= 20.887957852101
AIHalfLife= 10.1836252552457
EAppRate= 1.8270031507127
