ICQueenStrength= 3.55905468016863
RQWkrDrnRatio= 2.78688297234476
ICDroneMiteSurvivorship= 97.0065802102908
ICWorkerMiteSurvivorship= 80.1033852621913
ICForagerLifespan= 11.1928986376151
ImmType= Tangent
AIAdultSlope= 1.72556402520277
AIAdultSlopeContact= 1.59584499914898
AIAdultLD50Contact= 0.000248629914131016
AILarvaSlope= 3.1983049640432
AILarvaLD50= 0.312030657031573
AIKOW= 7.6611317624338
AIKOC= 19.9592371133622
AIHalfLife= 7.31732702255249
