ICQueenStrength= 3.78709562495351
RQWkrDrnRatio= 1.03245798777789
ICDroneMiteSurvivorship= 77.3873922880739
ICWorkerMiteSurvivorship= 1.05400173924863
ICForagerLifespan= 5.73909473232925
ImmType= Sine
AIAdultSlope= 5.83390570944175
