ICQueenStrength= 1.88882131385617
RQWkrDrnRatio= 3.22950456757098
ICDroneMiteSurvivorship= 23.0568473227322
ICWorkerMiteSurvivorship= 85.5374613078311
ICForagerLifespan= 11.116867265664
ImmType= Sine
AIAdultSlope= 1.15494295931188
AIAdultLD50= 0.295629510772415
AIAdultSlopeContact= 2.89377931377618
AIAdultLD50Contact= 0.000750492210499942
AILarvaSlope= 3.03805369543843
AILarvaLD50= 0.60820260385517
AIKOW= 3.19463929347694
AIKOC= 21.8617795803584
AIHalfLife= 1.30887408507988
EAppRate= 0
