ICQueenStrength= 1.11816018726677
RQWkrDrnRatio= 3.48085473943502
ICDroneMiteSurvivorship= 93.1699704146013
ICWorkerMiteSurvivorship= 19.9135684175417
ICForagerLifespan= 10.9543136144057
ImmType= Exponential
AIAdultSlope= 0.933887816474307
AIAdultLD50= 0.167220326373354
AIAdultSlopeContact= 1.71444418772589
AIAdultLD50Contact= 0.0282572823693044
AILarvaSlope= 0.663496380252764
AILarvaLD50= 0.445708019658923
AIKOW= 3.27064607152715
AIKOC= 21.0412564931903
AIHalfLife= 0.0918133941013366
EAppRate= 0.30489501573611
