ICQueenStrength= 3.7641059900634
RQWkrDrnRatio= 4.04431408084929
ICDroneMiteSurvivorship= 53.6612171214074
ICWorkerMiteSurvivorship= 85.3297734633088
ICForagerLifespan= 14.1661033583805
ImmType= Polynomial
AIAdultSlope= 0.215707884449512
AIAdultLD50= 1.92418503505178
AIAdultSlopeContact= 0.730420764468145
AIAdultLD50Contact= 0.0118566183606163
AILarvaSlope= 1.71769754244015
AILarvaLD50= 0.1331746265525
AIKOW= 2.73204932594672
AIKOC= 21.0982754081488
AIHalfLife= 5.02744894335046
EAppRate= 0.521789887687191
