ICQueenStrength= 1.31693701865152
RQWkrDrnRatio= 1.0253440933302
ICDroneMiteSurvivorship= 22.3091229097918
ICWorkerMiteSurvivorship= 91.7583853239194
ICForagerLifespan= 6.11234304588288
ImmType= Logarithmic
AIAdultSlope= 2.10724932540441
AIAdultLD50= 0.459599227760918
AIAdultSlopeContact= 2.72388219948392
AIAdultLD50Contact= 0.030220350890886
AILarvaSlope= 3.14817451210693
AILarvaLD50= 0.0620007703313604
AIKOW= 4.49352833721787
AIKOC= 23.9362687407993
AIHalfLife= 0.508359650848433
EAppRate= 0
