ICQueenStrength= 1.27249514590949
RQWkrDrnRatio= 1.70726242382079
ICDroneMiteSurvivorship= 84.2888008104637
ICWorkerMiteSurvivorship= 57.494550338015
ICForagerLifespan= 9.38593919202685
ImmType= Logarithmic
AIAdultSlope= 1.91205751374364
AIAdultLD50= 1.93125267396681
AIAdultSlopeContact= 3.35484363143099
AIAdultLD50Contact= 0.0459263233700767
AILarvaSlope= 1.35535621820018
AILarvaLD50= 0.511008948110975
AIKOW= 4.2842881642282
AIKOC= 12.8501208685338
AIHalfLife= 4.65327416360378
EAppRate= 0.355955726467073
