ICQueenStrength= 5.54220789833926
RQWkrDrnRatio= 3.91635162103921
ICDroneMiteSurvivorship= 35.8048726106063
ICWorkerMiteSurvivorship= 74.5266636367887
ICForagerLifespan= 15.5677641574293
ImmType= Logarithmic
AIAdultSlope= 0.255080554091837
AIAdultLD50= 0.346192051074468
AIAdultSlopeContact= 0.281371913510375
AIAdultLD50Contact= 0.0149389910628088
AILarvaSlope= 0.110689024720341
AILarvaLD50= 0.839519489603117
AIKOW= 3.92813620343804
AIKOC= 17.6337608613539
AIHalfLife= 2.56771501735784
EAppRate= 0.470311183435842
