ICQueenStrength= 3.31176420929842
RQWkrDrnRatio= 1.01730008609593
ICDroneMiteSurvivorship= 64.7384504321963
ICWorkerMiteSurvivorship= 56.0503070475534
ICForagerLifespan= 7.54622386116534
ImmType= Cosine
AIAdultSlope= 3.42497673385777
AIAdultLD50= 0.406022340408526
AIAdultSlopeContact= 2.32338163315086
AIAdultLD50Contact= 0.0213003046694212
AILarvaSlope= 0.82620173767209
AILarvaLD50= 0.75712276857812
AIKOW= 6.87976797996089
AIKOC= 13.7447690719273
AIHalfLife= 1.86733819544315
EAppRate= 0
