ICQueenStrength= 1.24036563117988
RQWkrDrnRatio= 3.22021024860442
ICDroneMiteSurvivorship= 44.779295893386
ICWorkerMiteSurvivorship= 12.3081268975511
ICForagerLifespan= 4.03411672636867
ImmType= Polynomial
AIAdultSlope= 0.528068490384612
AIAdultLD50= 0.381271484540775
AIAdultSlopeContact= 3.12455848619342
AIAdultLD50Contact= 0.0244126012315974
AILarvaSlope= 1.44524516379461
AILarvaLD50= 0.579428041982465
AIKOW= 2.57207208033651
AIKOC= 6.00888484157622
AIHalfLife= 3.95518152159639
EAppRate= 0.162224622070789
