ICQueenStrength= 1.61870194156654
RQWkrDrnRatio= 3.07970981579274
ICDroneMiteSurvivorship= 82.4718292569742
ICWorkerMiteSurvivorship= 62.9969770088792
ICForagerLifespan= 4.96696533448994
ImmType= Polynomial
AIAdultSlope= 3.43275882813614
AIAdultLD50= 0.139134174445644
AIAdultSlopeContact= 3.57425314126303
AIAdultLD50Contact= 0.0359606329468079
AILarvaSlope= 0.160844205413014
AILarvaLD50= 0.633821446029469
AIKOW= 3.68927591014653
AIKOC= 12.2424091922585
AIHalfLife= 1.27102511818521
EAppRate= 0
