ICQueenStrength= 1.72843814268708
RQWkrDrnRatio= 1.28817120101303
ICDroneMiteSurvivorship= 0.688305287621915
ICWorkerMiteSurvivorship= 3.25539407785982
ICForagerLifespan= 13.506825979799
ImmType= Polynomial
AIAdultSlopeContact= 1.56042269604513
AIAdultLD50Contact= 0.0437008088454604
AILarvaSlope= 0.968432895187288
AILarvaLD50= 0.843196231126785
AIKOW= 6.18621281674132
AIKOC= 27.2055752761662
AIHalfLife= 4.13456137711182
