ICQueenStrength= 5.85479107592255
RQWkrDrnRatio= 4.57539727259427
ICDroneMiteSurvivorship= 14.8256535409018
ICWorkerMiteSurvivorship= 8.34260135889053
ICForagerLifespan= 11.5024563111365
ImmType= Cosine
AIAdultSlope= 5.66663370002061
