ICQueenStrength= 5.23892043647356
RQWkrDrnRatio= 1.31221888586879
ICDroneMiteSurvivorship= 67.3064680304378
ICWorkerMiteSurvivorship= 54.777038958855
ICForagerLifespan= 9.91517125349492
ImmType= Tangent
AIAdultSlope= 1.87193164920202
AIAdultLD50= 0.344409354845993
AIAdultSlopeContact= 3.35598427983932
AIAdultLD50Contact= 0.0067867542966269
AILarvaSlope= 3.299715026794
AILarvaLD50= 0.246558030322194
AIKOW= 6.96463017584756
AIKOC= 19.1853803885169
AIHalfLife= 2.08310490008444
EAppRate= 0.282613727753051
