ICQueenStrength= 2.08024211833254
RQWkrDrnRatio= 1.49009959213436
ICDroneMiteSurvivorship= 75.3388652577996
ICWorkerMiteSurvivorship= 70.69562014658
ICForagerLifespan= 13.4680015239865
ImmType= Exponential
AIAdultSlope= 2.48593459222466
AIAdultLD50= 0.722601313143969
AIAdultSlopeContact= 0.323528640861623
AIAdultLD50Contact= 0.0313768429914489
AILarvaSlope= 2.41614902839065
AILarvaLD50= 0.840020280238241
AIKOW= 7.73798475647345
AIKOC= 5.59789135120809
AIHalfLife= 1.15947912493721
EAppRate= 0.197735730092973
