ICQueenStrength= 1.90691380901262
RQWkrDrnRatio= 3.24852201156318
ICDroneMiteSurvivorship= 75.8613211568445
ICWorkerMiteSurvivorship= 99.7153046075255
ICForagerLifespan= 13.9236084204167
ImmType= Tangent
AIAdultSlopeContact= 0.399423150687944
AIAdultLD50Contact= 0.00940931877121329
AILarvaSlope= 2.60850852262229
AILarvaLD50= 0.855573901114985
AIKOW= 3.59444954944775
AIKOC= 11.2877584598027
AIHalfLife= 9.32393758418038
