ICQueenStrength= 4.21976583683863
RQWkrDrnRatio= 4.10105010028929
ICDroneMiteSurvivorship= 68.513161316514
ICWorkerMiteSurvivorship= 70.5117631936446
ICForagerLifespan= 8.51836681179702
ImmType= Cosine
AIAdultSlope= 9.82629828853533
