ICQueenStrength= 4.86588647612371
RQWkrDrnRatio= 2.68247995711863
ICDroneMiteSurvivorship= 45.0020257849246
ICWorkerMiteSurvivorship= 97.9035918135196
ICForagerLifespan= 11.3525157868862
ImmType= Sine
AIAdultSlopeContact= 0.333630125338677
AIAdultLD50Contact= 0.0345801499439403
AILarvaSlope= 0.133481648052111
AILarvaLD50= 0.45697249181103
AIKOW= 4.21042932849377
AIKOC= 20.3328299289569
AIHalfLife= 12.6267135287635
