ICQueenStrength= 3.27031348389573
RQWkrDrnRatio= 4.21167286112905
ICDroneMiteSurvivorship= 35.5794115224853
ICWorkerMiteSurvivorship= 38.5229099309072
ICForagerLifespan= 13.7643626453355
ImmType= Logarithmic
AIAdultSlope= 2.15448412723141
AIAdultLD50= 0.351480125566013
AIAdultSlopeContact= 3.33058392728912
AIAdultLD50Contact= 0.027169749327004
AILarvaSlope= 1.23129660156555
AILarvaLD50= 0.163742491789162
AIKOW= 5.27414306532592
AIKOC= 17.8964601026382
AIHalfLife= 2.6051756599918
EAppRate= 0.137101905699819
