ICQueenStrength= 4.34124641143717
RQWkrDrnRatio= 2.99255627393723
ICDroneMiteSurvivorship= 78.1667183851823
ICWorkerMiteSurvivorship= 8.37104530073702
ICForagerLifespan= 15.8602509954944
ImmType= Logarithmic
AIAdultSlope= 9.65384587179869
