ICQueenStrength= 2.2691851425916
RQWkrDrnRatio= 3.43366234283894
ICDroneMiteSurvivorship= 13.9156996039674
ICWorkerMiteSurvivorship= 99.049723544158
ICForagerLifespan= 5.9137248788029
ImmType= Exponential
AIAdultSlope= 0.812312339830678
AIAdultLD50= 0.437698594178073
AIAdultSlopeContact= 1.99739906879375
AIAdultLD50Contact= 0.00313203624682501
AILarvaSlope= 1.27916913945228
AILarvaLD50= 0.0046595890307799
AIKOW= 2.54533987212926
AIKOC= 25.689628017135
AIHalfLife= 2.5302614911925
EAppRate= 0.137359104445204
