ICQueenStrength= 2.27068611327559
RQWkrDrnRatio= 2.35864265169948
