ICQueenStrength= 3.74292459595017
RQWkrDrnRatio= 3.33531783800572
ICDroneMiteSurvivorship= 64.9695613887161
ICWorkerMiteSurvivorship= 34.0310998726636
ICForagerLifespan= 6.83628665097058
ImmType= Logarithmic
AIAdultSlope= 8.68744945386425
