ICQueenStrength= 5.68924692715518
RQWkrDrnRatio= 3.7598914122209
ICDroneMiteSurvivorship= 82.1020666277036
ICWorkerMiteSurvivorship= 84.1993952868506
ICForagerLifespan= 15.0932294121012
ImmType= Cosine
AIAdultSlope= 3.79347897641128
AIAdultLD50= 0.155899779405445
AIAdultSlopeContact= 2.88573189535411
AIAdultLD50Contact= 0.0398081348626874
AILarvaSlope= 2.9357368897181
AILarvaLD50= 0.73076734172646
AIKOW= 5.95435927063227
AIKOC= 15.7744082459249
AIHalfLife= 2.90110688889399
EAppRate= 0.271644044294953
