ICQueenStrength= 5.25120721571147
RQWkrDrnRatio= 3.96101954672486
ICDroneMiteSurvivorship= 56.9010182283819
ICWorkerMiteSurvivorship= 46.8875411432236
ICForagerLifespan= 8.23700669873506
ImmType= Exponential
AIAdultSlope= 3.12692291587591
AIAdultLD50= 2.57447046018206
AIAdultSlopeContact= 0.234071279335767
AIAdultLD50Contact= 0.0340695919352584
AILarvaSlope= 0.708230243809521
AILarvaLD50= 0.173290810757317
AIKOW= 7.35387631133199
AIKOC= 23.0203212716151
AIHalfLife= 0.74821560503915
EAppRate= 0.918696641921997
