ICQueenStrength= 4.50310309883207
RQWkrDrnRatio= 3.42697172239423
