ICQueenStrength= 2.60405051079579
RQWkrDrnRatio= 3.34346203412861
ICDroneMiteSurvivorship= 88.7797402916476
ICWorkerMiteSurvivorship= 76.3987857382745
ICForagerLifespan= 4.25964494328946
ImmType= Polynomial
AIAdultSlope= 1.20792866852134
AIAdultLD50= 2.49103672779165
AIAdultSlopeContact= 3.7867761507025
AIAdultLD50Contact= 0.0433867517858744
AILarvaSlope= 0.374191460991278
AILarvaLD50= 0.223044136748649
AIKOW= 5.27338048815727
AIKOC= 23.8706745975651
AIHalfLife= 2.73261449392885
EAppRate= 0.331787650939077
