ICQueenStrength= 1.66154878819361
RQWkrDrnRatio= 3.07506670709699
ICDroneMiteSurvivorship= 85.6569939758629
ICWorkerMiteSurvivorship= 2.30085938237607
ICForagerLifespan= 6.44051785115153
ImmType= Cosine
AIAdultSlope= 2.55885512611829
AIAdultLD50= 0.0427665506722406
AIAdultSlopeContact= 0.801084032049403
AIAdultLD50Contact= 0.0278521695872769
AILarvaSlope= 0.295238412497565
AILarvaLD50= 0.0328149107750505
AIKOW= 5.77382744848728
AIKOC= 27.2288895573001
AIHalfLife= 3.08243190287612
EAppRate= 0.186927422438748
