ICQueenStrength= 5.96886909357272
RQWkrDrnRatio= 4.89230221882463
ICDroneMiteSurvivorship= 43.4515838045627
ICWorkerMiteSurvivorship= 86.6316780913621
ICForagerLifespan= 15.1114385323599
ImmType= Sine
AIAdultSlopeContact= 3.55813970837742
AIAdultLD50Contact= 0.033516049629543
AILarvaSlope= 2.11261534276418
AILarvaLD50= 0.0395673658931628
AIKOW= 2.50477386917919
AIKOC= 19.1485626052599
AIHalfLife= 7.91408266825601
