ICQueenStrength= 4.89236838906072
RQWkrDrnRatio= 4.36463415902108
ICDroneMiteSurvivorship= 68.3878788491711
ICWorkerMiteSurvivorship= 84.6448336495087
ICForagerLifespan= 6.67888439167291
ImmType= Exponential
AIAdultSlope= 0.0761705971322954
AIAdultLD50= 0.569779752753675
AIAdultSlopeContact= 0.127485726492014
AIAdultLD50Contact= 0.0470284831244498
AILarvaSlope= 0.285525823337957
AILarvaLD50= 0.0718017253093421
AIKOW= 6.32357310736552
AIKOC= 15.4874875163659
AIHalfLife= 0.869433316402137
EAppRate= 0.722507306840271
