ICQueenStrength= 2.59089216613211
RQWkrDrnRatio= 2.15727953147143
ICDroneMiteSurvivorship= 34.5781341195107
ICWorkerMiteSurvivorship= 57.1357080480084
ICForagerLifespan= 10.4637488927692
ImmType= Exponential
AIAdultSlopeContact= 2.02628549605608
AIAdultLD50Contact= 0.00746473460458219
AILarvaSlope= 3.13618096709251
AILarvaLD50= 0.39888688037172
AIKOW= 6.51017328212038
AIKOC= 26.0131718718912
AIHalfLife= 13.4750790218823
