ICQueenStrength= 1.96869133529253
RQWkrDrnRatio= 2.88135119434446
ICDroneMiteSurvivorship= 4.1535739088431
ICWorkerMiteSurvivorship= 99.7630435973406
ICForagerLifespan= 13.3246856117621
ImmType= Sine
AIAdultSlope= 3.57292367573362
AIAdultLD50= 0.436254622996785
AIAdultSlopeContact= 1.60004533186555
AIAdultLD50Contact= 0.007177788997069
AILarvaSlope= 2.34644935340621
AILarvaLD50= 0.261967512429692
AIKOW= 7.98578578559682
AIKOC= 9.77992102969438
AIHalfLife= 2.50491656828672
EAppRate= 0.0219989037141204
