ICQueenStrength= 3.25895308074541
RQWkrDrnRatio= 1.31080691982061
ICDroneMiteSurvivorship= 7.85094848833978
ICWorkerMiteSurvivorship= 98.8142215879634
ICForagerLifespan= 9.07567197363824
ImmType= Cosine
AIAdultSlope= 0.418449381832033
AIAdultLD50= 0.658196887699887
AIAdultSlopeContact= 3.80514807067811
AIAdultLD50Contact= 0.0369561074767262
AILarvaSlope= 4.75120842223987
AILarvaLD50= 0.950217597652227
AIKOW= 38.6637664632872
AIKOC= 73.6436479259282
AIHalfLife= 2.57986438646913
EAppRate= 1.50826416769996
