ICQueenStrength= 1.33811891567893
RQWkrDrnRatio= 4.69103843253106
ICDroneMiteSurvivorship= 16.8061495758593
ICWorkerMiteSurvivorship= 85.9592484077439
ICForagerLifespan= 15.5515765091404
ImmType= Cosine
AIAdultSlope= 1.85245935209095
AIAdultLD50= 1.73615418258123
AIAdultSlopeContact= 3.37316530649783
AIAdultLD50Contact= 0.00211819175165147
AILarvaSlope= 0.64997110418044
AILarvaLD50= 0.357946057501249
AIKOW= 4.57565178116783
AIKOC= 27.5491079792846
AIHalfLife= 5.10122638568282
EAppRate= 0.740875235525891
