ICQueenStrength= 1.66173542989418
RQWkrDrnRatio= 2.98014395963401
ICDroneMiteSurvivorship= 61.2834960920736
ICWorkerMiteSurvivorship= 62.1958657167852
ICForagerLifespan= 11.9673035126179
ImmType= Cosine
AIAdultSlope= 2.0326634648256
AIAdultLD50= 0.868359693791717
AIAdultSlopeContact= 0.12473197419662
AIAdultLD50Contact= 0.0205711714806966
AILarvaSlope= 3.28426042720675
AILarvaLD50= 0.588339120475575
AIKOW= 3.05747352726758
AIKOC= 6.93490211386234
AIHalfLife= 9.87540431600064
EAppRate= 0.243648624280468
