ICQueenStrength= 1.23888379801065
RQWkrDrnRatio= 3.68131622672081
ICDroneMiteSurvivorship= 5.48881141003221
ICWorkerMiteSurvivorship= 23.8963356474414
ICForagerLifespan= 5.70672367978841
ImmType= Logarithmic
AIAdultSlopeContact= 1.26907042167149
AIAdultLD50Contact= 0.0245993503252976
AILarvaSlope= 1.12144326600246
AILarvaLD50= 0.717420796025544
AIKOW= 4.7788826758042
AIKOC= 23.697659985628
AIHalfLife= 3.98153613414615
