ICQueenStrength= 2.32249761605635
RQWkrDrnRatio= 1.26299474574625
ICDroneMiteSurvivorship= 15.0105385342613
ICWorkerMiteSurvivorship= 94.4305826444179
ICForagerLifespan= 13.2285902770236
ImmType= Sine
AIAdultSlope= 1.19806309929118
