ICQueenStrength= 5.71323620877229
RQWkrDrnRatio= 3.2628015242517
ICDroneMiteSurvivorship= 75.677172630094
ICWorkerMiteSurvivorship= 81.5886445576325
ICForagerLifespan= 12.1533140484244
ImmType= Logarithmic
AIAdultSlope= 1.21161821065471
