ICQueenStrength= 3.5226064696908
RQWkrDrnRatio= 2.12685351166874
