ICQueenStrength= 2.86909818323329
RQWkrDrnRatio= 3.2009855164215
ICDroneMiteSurvivorship= 98.7668571295217
ICWorkerMiteSurvivorship= 28.3152648247778
ICForagerLifespan= 8.69742605648935
ImmType= Polynomial
AIAdultSlopeContact= 0.808525136983953
AIAdultLD50Contact= 0.0273322395165451
AILarvaSlope= 1.28660132531077
AILarvaLD50= 0.339528106665239
AIKOW= 2.46427564369515
AIKOC= 16.7624516482465
AIHalfLife= 3.58977453783154
