ICQueenStrength= 1.97398279467598
RQWkrDrnRatio= 1.55179428681731
ICDroneMiteSurvivorship= 50.4046689486131
ICWorkerMiteSurvivorship= 82.7453012345359
ICForagerLifespan= 10.7807704024017
ImmType= Logarithmic
AIAdultSlope= 2.22617988218553
AIAdultLD50= 1.47037778561935
AIAdultSlopeContact= 0.266906433217227
AIAdultLD50Contact= 0.00334968086099252
AILarvaSlope= 3.19564764630049
AILarvaLD50= 0.211436257185414
AIKOW= 6.85896395938471
AIKOC= 18.5513505898416
AIHalfLife= 11.9166515520774
EAppRate= 0.266320718917996
