ICQueenStrength= 3.3075509199407
RQWkrDrnRatio= 3.56533864792436
ICDroneMiteSurvivorship= 15.6829649116844
ICWorkerMiteSurvivorship= 53.8645149441436
ICForagerLifespan= 11.7713384358212
ImmType= Exponential
AIAdultSlope= 0.572145980037749
AIAdultLD50= 0.705548773286864
AIAdultSlopeContact= 3.0718049304653
AIAdultLD50Contact= 0.0331647904356942
AILarvaSlope= 0.911988086951896
AILarvaLD50= 0.655884763668291
AIKOW= 2.22234175540507
AIKOC= 20.078524913406
AIHalfLife= 0.727960566990077
EAppRate= 0.755001950077713
