ICQueenStrength= 2.01451664231718
RQWkrDrnRatio= 3.08099204208702
ICDroneMiteSurvivorship= 89.6088924957439
ICWorkerMiteSurvivorship= 57.0761538576335
ICForagerLifespan= 5.80164873320609
ImmType= Exponential
AIAdultSlope= 2.99143319274299
AIAdultSlopeContact= 2.62511068716645
AIAdultLD50Contact= 0.0363211616291665
AILarvaSlope= 1.60247989776544
AILarvaLD50= 0.814790981356055
AIKOW= 4.19687684159726
AIKOC= 15.1155262324028
AIHalfLife= 6.24621808947995
