ICQueenStrength= 2.2233792769257
RQWkrDrnRatio= 1.12261873483658
ICDroneMiteSurvivorship= 3.89034987892956
ICWorkerMiteSurvivorship= 23.7865611677989
ICForagerLifespan= 12.417367962189
ImmType= Cosine
AIAdultSlope= 2.76704713094747
AIAdultLD50= 0.26334451767616
AIAdultSlopeContact= 1.45567728020484
AIAdultLD50Contact= 0.0215925576980226
AILarvaSlope= 3.01985726272687
AILarvaLD50= 0.650411510188133
AIKOW= 7.32218881137669
AIKOC= 21.8206808913965
AIHalfLife= 2.30299710063264
EAppRate= 0.512530510220677
