ICQueenStrength= 3.31702370103449
RQWkrDrnRatio= 1.91298407316208
ICDroneMiteSurvivorship= 68.8507896848023
ICWorkerMiteSurvivorship= 71.4246887248009
ICForagerLifespan= 14.6027343105525
ImmType= Polynomial
AIAdultSlope= 2.396574782487
AIAdultLD50= 1.74393653939478
AIAdultSlopeContact= 2.21230162396794
AIAdultLD50Contact= 0.0350086688413285
AILarvaSlope= 0.255983012635261
AILarvaLD50= 0.899404185405001
AIKOW= 2.15945627680048
AIKOC= 18.2939017901663
AIHalfLife= 13.5318831522018
EAppRate= 0.951536481501535
