ICQueenStrength= 5.51652334420942
RQWkrDrnRatio= 3.40121233183891
ICDroneMiteSurvivorship= 85.1165600819513
ICWorkerMiteSurvivorship= 68.3779472019523
ICForagerLifespan= 7.7313834913075
ImmType= Sine
AIAdultSlope= 2.88823468847433
AIAdultLD50= 0.45431585854385
AIAdultSlopeContact= 0.990186157627031
AIAdultLD50Contact= 0.0248174691223539
AILarvaSlope= 2.07204065052792
AILarvaLD50= 0.0691747081931681
AIKOW= 5.671488807071
AIKOC= 14.9446056643501
AIHalfLife= 1.1153180222027
EAppRate= 0
