ICQueenStrength= 1.12104206485674
RQWkrDrnRatio= 3.2875032350421
ICDroneMiteSurvivorship= 93.3670051861554
ICWorkerMiteSurvivorship= 98.4494174364954
ICForagerLifespan= 8.67163436766714
ImmType= Cosine
AIAdultSlope= 2.81227885838598
AIAdultLD50= 2.87619769689627
AIAdultSlopeContact= 3.6802120432863
AIAdultLD50Contact= 0.0348122287425213
AILarvaSlope= 0.430707441782579
AILarvaLD50= 0.144829625193961
AIKOW= 3.69024874595925
AIKOC= 17.751436245162
AIHalfLife= 11.8559093661606
EAppRate= 0.489822787232697
