ICQueenStrength= 1.06006454001181
RQWkrDrnRatio= 4.03436553105712
ICDroneMiteSurvivorship= 1.91732328385115
ICWorkerMiteSurvivorship= 91.0144244553521
ICForagerLifespan= 15.0634055053815
ImmType= Logarithmic
AIAdultSlope= 0.754334465041757
AIAdultLD50= 0.82597379735671
AIAdultSlopeContact= 2.47274277639342
AIAdultLD50Contact= 0.00536329211900011
AILarvaSlope= 3.1649567913264
AILarvaLD50= 0.636743232258596
AIKOW= 7.50278296414763
AIKOC= 14.8598630807828
AIHalfLife= 0.350522364024073
EAppRate= 0.111940143862739
