ICQueenStrength= 1.76906939269975
RQWkrDrnRatio= 1.39031118992716
ICDroneMiteSurvivorship= 18.389448383823
ICWorkerMiteSurvivorship= 81.7184275714681
ICForagerLifespan= 4.21467440668494
ImmType= Tangent
AIAdultSlope= 0.29823071709834
AIAdultLD50= 2.82365910080262
AIAdultSlopeContact= 1.40313627916155
AIAdultLD50Contact= 0.0486640881164931
AILarvaSlope= 0.425066678505391
AILarvaLD50= 0.362984757288359
AIKOW= 4.41564398491755
AIKOC= 11.114600453293
AIHalfLife= 12.9541159407236
EAppRate= 0.21385221555829
