ICQueenStrength= 4.87751868227497
RQWkrDrnRatio= 1.5926444074139
ICDroneMiteSurvivorship= 80.5805179756135
ICWorkerMiteSurvivorship= 66.7377045378089
ICForagerLifespan= 9.69097747188061
ImmType= Sine
AIAdultSlope= 3.0513340679789
AIAdultLD50= 0.456468328949995
AIAdultSlopeContact= 1.81344544986729
AIAdultLD50Contact= 0.0111373530584387
AILarvaSlope= 2.79111130652018
AILarvaLD50= 0.00202849621418864
AIKOW= 5.96561380568892
AIKOC= 27.5460938178003
AIHalfLife= 1.57133133383468
EAppRate= 0.0966764627723023
