ICQueenStrength= 5.71848588786088
RQWkrDrnRatio= 3.00042122974992
ICDroneMiteSurvivorship= 91.6087903548032
ICWorkerMiteSurvivorship= 9.23918110784143
ICForagerLifespan= 10.1866102693602
ImmType= Logarithmic
AIAdultSlope= 2.82448587040417
AIAdultLD50= 1.77305061696097
AIAdultSlopeContact= 0.681293184282258
AIAdultLD50Contact= 0.026697059487924
AILarvaSlope= 1.17162633640692
AILarvaLD50= 0.0670576751930639
AIKOW= 7.25614726124331
AIKOC= 22.1089594077785
AIHalfLife= 7.75099228741601
EAppRate= 0.50527293025516
