ICQueenStrength= 3.04870562651195
RQWkrDrnRatio= 1.5492702331394
ICDroneMiteSurvivorship= 73.9162938203663
ICWorkerMiteSurvivorship= 21.7177556362003
ICForagerLifespan= 15.4775715712458
ImmType= Sine
AIAdultSlope= 6.16532783256844
