ICQueenStrength= 5.11732904380187
RQWkrDrnRatio= 2.31146832648665
ICDroneMiteSurvivorship= 88.8048486318439
ICWorkerMiteSurvivorship= 43.7507284572348
ICForagerLifespan= 7.29504565708339
ImmType= Tangent
AIAdultSlope= 1.41108383913757
AIAdultLD50= 0.163816416519694
AIAdultSlopeContact= 0.998636671761051
AIAdultLD50Contact= 0.0186672570649534
AILarvaSlope= 2.21706207036041
AILarvaLD50= 0.825307846209034
AIKOW= 6.43676756648347
AIKOC= 6.79462288506329
AIHalfLife= 4.02234877925366
EAppRate= 0.199839059705846
