ICQueenStrength= 3.37512391060591
RQWkrDrnRatio= 4.22189783677459
