ICQueenStrength= 5.58983246819116
RQWkrDrnRatio= 4.44149476382881
ICDroneMiteSurvivorship= 52.294729440473
ICWorkerMiteSurvivorship= 49.6162990806624
ICForagerLifespan= 11.4774404233322
ImmType= Logarithmic
AIAdultSlope= 0.801023642267101
AIAdultLD50= 0.454390063765459
AIAdultSlopeContact= 2.05684842741815
AIAdultLD50Contact= 0.0126755319419317
AILarvaSlope= 0.289536619745195
AILarvaLD50= 0.846985368733294
AIKOW= 2.00329794920981
AIKOC= 23.6612439458258
AIHalfLife= 3.38550643762574
EAppRate= 0.54770670151338
