ICQueenStrength= 2.59103384357877
RQWkrDrnRatio= 3.41509613581002
ICDroneMiteSurvivorship= 60.6979709118605
ICWorkerMiteSurvivorship= 66.9472929555923
ICForagerLifespan= 6.68471464514732
ImmType= Polynomial
AIAdultSlopeContact= 3.02960399187868
AIAdultLD50Contact= 0.0414547867025249
AILarvaSlope= 0.89031935702078
AILarvaLD50= 0.752474573906511
AIKOW= 2.71332358848304
AIKOC= 21.1284868838266
AIHalfLife= 7.9566586157307
