ICQueenStrength= 5.55676048411988
RQWkrDrnRatio= 3.70592106133699
ICDroneMiteSurvivorship= 56.4593125600368
ICWorkerMiteSurvivorship= 40.8932191319764
ICForagerLifespan= 13.1919703092426
ImmType= Exponential
AIAdultSlopeContact= 6.56497081741691
AIAdultLD50Contact= 0.15168902981095
AILarvaSlope= 6.9340259488672
AILarvaLD50= 0.62396848294884
AIKOW= 3.18765537813306
AIKOC= 32.4133233400062
AIHalfLife= 13.27419225825
