ICQueenStrength= 1.6073554046452
RQWkrDrnRatio= 2.03684503678232
ICDroneMiteSurvivorship= 32.0126364938915
ICWorkerMiteSurvivorship= 62.371009029448
ICForagerLifespan= 11.4400588674471
ImmType= Exponential
AIAdultSlope= 7.71792955463752
