ICQueenStrength= 2.95502902497537
RQWkrDrnRatio= 2.85441979952157
ICDroneMiteSurvivorship= 80.7539865374565
ICWorkerMiteSurvivorship= 24.8578904895112
ICForagerLifespan= 12.344857249409
ImmType= Polynomial
AIAdultSlope= 0.912884731171653
AIAdultLD50= 0.238126905402169
AIAdultSlopeContact= 0.0961150628048927
AIAdultLD50Contact= 0.0123631454305723
AILarvaSlope= 1.90074043297209
AILarvaLD50= 0.274481774959713
AIKOW= 7.63874509185553
AIKOC= 27.9369883832987
AIHalfLife= 2.99858559202403
EAppRate= 0.517537019448355
