ICQueenStrength= 4.00722573883832
RQWkrDrnRatio= 1.72344554774463
ICDroneMiteSurvivorship= 88.4894218528643
ICWorkerMiteSurvivorship= 92.5877922447398
ICForagerLifespan= 10.4900288050994
ImmType= Logarithmic
AIAdultSlopeContact= 0.687250124756247
AIAdultLD50Contact= 0.0923172655049712
AILarvaSlope= 8.59464735724032
AILarvaLD50= 0.66490841563791
AIKOW= 82.0474544540048
AIKOC= 8.55074941646308
AIHalfLife= 4.68378126295283
