ICQueenStrength= 4.81307909148745
RQWkrDrnRatio= 4.52315787319094
ICDroneMiteSurvivorship= 17.0388709520921
ICWorkerMiteSurvivorship= 18.0473559070379
ICForagerLifespan= 5.03017090540379
ImmType= Polynomial
AIAdultSlope= 8.26692503178492
AIAdultLD50= 0.251421964261681
AIAdultSlopeContact= 1.99215203523636
AIAdultLD50Contact= 0.0512487510684878
AILarvaSlope= 8.59511716291308
AILarvaLD50= 0.89566358551383
AIKOW= 58.7953328620642
AIKOC= 72.4671449745074
AIHalfLife= 1.59802583092824
EAppRate= 0.0224910895340145
