ICQueenStrength= 2.49516494711861
RQWkrDrnRatio= 4.17242104932666
ICDroneMiteSurvivorship= 8.99129949975759
ICWorkerMiteSurvivorship= 12.8978439141065
ICForagerLifespan= 14.4504533689469
ImmType= Exponential
AIAdultSlope= 1.27733195703477
AIAdultLD50= 2.23090108693577
AIAdultSlopeContact= 3.27787638722453
AIAdultLD50Contact= 0.00668679808732122
AILarvaSlope= 0.961468644719571
AILarvaLD50= 0.51858612424694
AIKOW= 3.72943009063601
AIKOC= 25.9771554509643
AIHalfLife= 0.439696908462793
EAppRate= 0.0935961112845689
