ICQueenStrength= 1.09706345479935
RQWkrDrnRatio= 1.30297051183879
