ICQueenStrength= 3.18973474460654
RQWkrDrnRatio= 3.42353466432542
ICDroneMiteSurvivorship= 94.73158842884
ICWorkerMiteSurvivorship= 79.4026407878846
ICForagerLifespan= 9.80105009954423
ImmType= Tangent
AIAdultSlope= 1.91719640709227
AIAdultLD50= 0.379600035492331
AIAdultSlopeContact= 0.35511721487157
AIAdultLD50Contact= 0.0314899718970992
AILarvaSlope= 2.32172021386214
AILarvaLD50= 0.704343416285701
AIKOW= 7.49316913355142
AIKOC= 19.3829980981536
AIHalfLife= 2.35637567006052
EAppRate= 0
