ICQueenStrength= 4.12343408120796
RQWkrDrnRatio= 1.97343678865582
ICDroneMiteSurvivorship= 59.4887737417594
ICWorkerMiteSurvivorship= 96.6808688361198
ICForagerLifespan= 11.867320955731
ImmType= Polynomial
AIAdultSlopeContact= 3.60362204901176
AIAdultLD50Contact= 0.0368862485862337
AILarvaSlope= 2.73214754140936
AILarvaLD50= 0.673515623202547
AIKOW= 5.41382056102157
AIKOC= 11.6106069250964
AIHalfLife= 2.55972382007167
