ICQueenStrength= 2.2107646476943
RQWkrDrnRatio= 1.83938163518906
ICDroneMiteSurvivorship= 96.1015927838162
ICWorkerMiteSurvivorship= 6.56396774575114
ICForagerLifespan= 15.2324985302985
ImmType= Polynomial
AIAdultSlope= 6.54608869692311
AIAdultLD50= 0.901960889808834
AIAdultSlopeContact= 8.86686658253893
AIAdultLD50Contact= 0.194221892068163
AILarvaSlope= 2.38555671647191
AILarvaLD50= 1.40173685271293
AIKOW= 71.9619156559929
AIKOC= 99.8787216376513
AIHalfLife= 8.95051373820752
EAppRate= 0.839642522856593
