ICQueenStrength= 1.20069088088349
RQWkrDrnRatio= 3.20698557328433
ICDroneMiteSurvivorship= 46.8231989536434
ICWorkerMiteSurvivorship= 66.5944555075839
ICForagerLifespan= 14.5194748127833
ImmType= Exponential
AIAdultSlopeContact= 7.23355991765857
AIAdultLD50Contact= 0.195102723129094
AILarvaSlope= 4.98534261249006
AILarvaLD50= 0.915088686160743
AIKOW= 19.6232547517866
AIKOC= 23.0739438906312
AIHalfLife= 9.46805682964623
