ICQueenStrength= 4.15815613605082
RQWkrDrnRatio= 1.79188048001379
ICDroneMiteSurvivorship= 16.2340149981901
ICWorkerMiteSurvivorship= 52.7435942552984
ICForagerLifespan= 11.3389242850244
ImmType= Exponential
AIAdultSlope= 1.24887449566042
AIAdultLD50= 0.181339015252888
AIAdultSlopeContact= 3.05264176050201
AIAdultLD50Contact= 0.00679814617615193
AILarvaSlope= 1.65076539353468
AILarvaLD50= 0.721432064124383
AIKOW= 4.22749904356897
AIKOC= 23.9201704866719
AIHalfLife= 3.45677565899678
EAppRate= 0.66535090522375
