ICQueenStrength= 2.32627825601958
RQWkrDrnRatio= 3.2553831981495
ICDroneMiteSurvivorship= 94.3399040028453
ICWorkerMiteSurvivorship= 50.9183239657432
ICForagerLifespan= 5.39220837317407
ImmType= Cosine
AIAdultSlope= 3.39215304818936
AIAdultLD50= 0.0617280062288046
AIAdultSlopeContact= 3.52222862667404
AIAdultLD50Contact= 0.0442399745923467
AILarvaSlope= 3.16382765499875
AILarvaLD50= 0.263428449025378
AIKOW= 7.11577871954069
AIKOC= 15.0806088710669
AIHalfLife= 3.53316630795598
EAppRate= 0.050507600652054
