ICQueenStrength= 4.26686628744937
RQWkrDrnRatio= 3.65781261119992
ICDroneMiteSurvivorship= 33.7485709926113
ICWorkerMiteSurvivorship= 42.5456900149584
ICForagerLifespan= 7.47941426746547
ImmType= Cosine
AIAdultSlope= 3.03092237646226
AIAdultLD50= 0.292542843380943
AIAdultSlopeContact= 1.81680863039335
AIAdultLD50Contact= 0.0239546493045054
AILarvaSlope= 2.61393535183743
AILarvaLD50= 0.577888546418399
AIKOW= 4.29294083220884
AIKOC= 17.5265846611001
AIHalfLife= 0.763086923398077
EAppRate= 0.343088440736756
