ICQueenStrength= 1.86847666534595
RQWkrDrnRatio= 1.97905258089304
ICDroneMiteSurvivorship= 39.5826459396631
ICWorkerMiteSurvivorship= 97.1865063766018
ICForagerLifespan= 4.02880569268018
ImmType= Logarithmic
AIAdultSlope= 7.03364338027313
