ICQueenStrength= 1.91858981293626
RQWkrDrnRatio= 2.50550804566592
ICDroneMiteSurvivorship= 90.8350017620251
ICWorkerMiteSurvivorship= 27.9954801313579
ICForagerLifespan= 12.874798187986
ImmType= Polynomial
AIAdultSlopeContact= 0.726074100129772
AIAdultLD50Contact= 0.0439112363616005
AILarvaSlope= 0.292908159829676
AILarvaLD50= 0.710258557833731
AIKOW= 7.196008103434
AIKOC= 14.2483453918248
AIHalfLife= 8.36964002531022
