ICQueenStrength= 5.8377360322047
RQWkrDrnRatio= 2.97498810570687
ICDroneMiteSurvivorship= 38.1267501041293
ICWorkerMiteSurvivorship= 35.4398322291672
ICForagerLifespan= 15.2309116041288
ImmType= Logarithmic
AIAdultSlope= 8.61023452365771
