ICQueenStrength= 5.54139530891553
RQWkrDrnRatio= 3.78959171194583
ICDroneMiteSurvivorship= 32.2200103197247
ICWorkerMiteSurvivorship= 21.4625142049044
ICForagerLifespan= 8.02372376900166
ImmType= Sine
AIAdultSlope= 2.4573822316248
AIAdultLD50= 1.53682006965391
AIAdultSlopeContact= 1.33461517984746
AIAdultLD50Contact= 0.0262962873908691
AILarvaSlope= 0.514329348830506
AILarvaLD50= 0.373218382545747
AIKOW= 3.53609206713736
AIKOC= 27.5004967418499
AIHalfLife= 13.1198394172825
EAppRate= 0.550053608370945
