ICQueenStrength= 3.25910611916333
RQWkrDrnRatio= 3.82153799757361
ICDroneMiteSurvivorship= 66.658741957508
ICWorkerMiteSurvivorship= 68.2606953196228
ICForagerLifespan= 13.4967772513628
ImmType= Logarithmic
AIAdultSlope= 2.39735230547376
AIAdultLD50= 1.0601618019864
AIAdultSlopeContact= 3.78830335667124
AIAdultLD50Contact= 0.0108437165501527
AILarvaSlope= 0.776299884635955
AILarvaLD50= 0.0632501816377044
AIKOW= 7.92362459562719
AIKOC= 8.26331842807122
AIHalfLife= 4.25710401684046
EAppRate= 0.0565530874300748
