ICQueenStrength= 5.8377360322047
RQWkrDrnRatio= 2.97498810570687
ICDroneMiteSurvivorship= 38.1267501041293
ICWorkerMiteSurvivorship= 35.4398322291672
ICForagerLifespan= 15.2309116041288
ImmType= Logarithmic
AIAdultSlopeContact= 9.77588139940053
AIAdultLD50Contact= 0.0768416862934828
AILarvaSlope= 7.11698269238696
AILarvaLD50= 1.1137289176695
AIKOW= 28.4104966325685
AIKOC= 3.92791505437344
AIHalfLife= 1.68506057234481
