ICQueenStrength= 3.60236585745588
RQWkrDrnRatio= 3.72674577496946
ICDroneMiteSurvivorship= 32.4051666539162
ICWorkerMiteSurvivorship= 65.4993332456797
ICForagerLifespan= 6.10794000420719
ImmType= Logarithmic
AIAdultSlopeContact= 6.33052916498855
AIAdultLD50Contact= 0.176256334735081
AILarvaSlope= 3.50350701250136
AILarvaLD50= 1.85780718596652
AIKOW= 65.4527626698837
AIKOC= 20.7537614740431
AIHalfLife= 7.1861744443886
