ICQueenStrength= 4.78656339016743
RQWkrDrnRatio= 1.84619738068432
ICDroneMiteSurvivorship= 52.9283977812156
ICWorkerMiteSurvivorship= 17.5729450071231
ICForagerLifespan= 13.8059367341921
ImmType= Tangent
AIAdultSlope= 2.51463431166485
