ICQueenStrength= 1.97558474401012
RQWkrDrnRatio= 2.83762908913195
ICDroneMiteSurvivorship= 18.153492314741
ICWorkerMiteSurvivorship= 62.4098660424352
ICForagerLifespan= 8.10012737568468
ImmType= Cosine
AIAdultSlope= 3.89275634168414
AIAdultLD50= 0.095875198720023
AIAdultSlopeContact= 2.30613566171844
AIAdultLD50Contact= 0.000518246728461236
AILarvaSlope= 0.328231630427763
AILarvaLD50= 0.503889691270888
AIKOW= 5.6078182766214
AIKOC= 22.1799776842818
AIHalfLife= 0.0249983929097652
EAppRate= 0.127490314561874
