ICQueenStrength= 4.40063837124035
RQWkrDrnRatio= 1.20605901908129
ICDroneMiteSurvivorship= 83.0444742459804
ICWorkerMiteSurvivorship= 80.2117420593277
ICForagerLifespan= 4.69484182447195
ImmType= Tangent
AIAdultSlope= 3.68424327765824
AIAdultLD50= 0.289822188322432
AIAdultSlopeContact= 1.50564554274548
AIAdultLD50Contact= 0.0476958550745621
AILarvaSlope= 1.54066065158695
AILarvaLD50= 0.0358521061716601
AIKOW= 3.27553942380473
AIKOC= 10.1016578741837
AIHalfLife= 4.18017811491154
EAppRate= 0
