ICQueenStrength= 5.94341257959604
RQWkrDrnRatio= 4.02956011518836
ICDroneMiteSurvivorship= 25.7395243272185
ICWorkerMiteSurvivorship= 46.139516402036
ICForagerLifespan= 7.28717110492289
ImmType= Logarithmic
AIAdultSlope= 2.28018122070003
AIAdultLD50= 0.347016071551479
AIAdultSlopeContact= 0.258843948917929
AIAdultLD50Contact= 0.00983971799723804
AILarvaSlope= 1.29815649893135
AILarvaLD50= 0.666613303427585
AIKOW= 4.94269719580188
AIKOC= 29.3841684714425
AIHalfLife= 2.16961547732353
EAppRate= 0.302499309019186
