ICQueenStrength= 1.81698809401132
RQWkrDrnRatio= 4.67491948790848
ICDroneMiteSurvivorship= 19.6715416619554
ICWorkerMiteSurvivorship= 19.2657227162272
ICForagerLifespan= 4.81324582640082
ImmType= Sine
AIAdultSlope= 2.32284158235416
