ICQueenStrength= 3.56875084363855
RQWkrDrnRatio= 1.94033776409924
ICDroneMiteSurvivorship= 28.2923757797107
ICWorkerMiteSurvivorship= 35.2912773843855
ICForagerLifespan= 8.12778525613248
ImmType= Tangent
AIAdultSlopeContact= 2.62712890439434
AIAdultLD50Contact= 0.0310273214476183
AILarvaSlope= 3.02412602808326
AILarvaLD50= 0.00705917871091515
AIKOW= 2.60339926183224
AIKOC= 8.3428281720262
AIHalfLife= 4.0959408134222
