ICQueenStrength= 2.08055557007901
RQWkrDrnRatio= 3.77209746651351
ICDroneMiteSurvivorship= 34.4893567962572
ICWorkerMiteSurvivorship= 76.661151368171
ICForagerLifespan= 12.850705047138
ImmType= Polynomial
AIAdultSlope= 1.29539143638685
AIAdultLD50= 0.331119617912918
AIAdultSlopeContact= 2.65747093513375
AIAdultLD50Contact= 0.0392879512393847
AILarvaSlope= 1.86184873455204
AILarvaLD50= 0.553107870882377
AIKOW= 4.2297317716293
AIKOC= 26.5585745754652
AIHalfLife= 6.78483365895227
EAppRate= 0.175699241226539
