ICQueenStrength= 2.63972551818006
RQWkrDrnRatio= 2.20168176386505
ICDroneMiteSurvivorship= 96.8247863231227
ICWorkerMiteSurvivorship= 53.9831382222474
ICForagerLifespan= 8.70272742863744
ImmType= Sine
AIAdultSlopeContact= 2.22210265010828
AIAdultLD50Contact= 0.0307639345992357
AILarvaSlope= 1.17782692997716
AILarvaLD50= 0.365455021709204
AIKOW= 6.66184623958543
AIKOC= 17.0070558215957
AIHalfLife= 2.44199956394732
