ICQueenStrength= 1.69806612445973
RQWkrDrnRatio= 2.71435227524489
ICDroneMiteSurvivorship= 34.563711588271
ICWorkerMiteSurvivorship= 13.2432048209012
ICForagerLifespan= 15.9160997783765
ImmType= Polynomial
AIAdultSlopeContact= 1.68535911506508
AIAdultLD50Contact= 0.0268388900207356
AILarvaSlope= 0.857743051135913
AILarvaLD50= 0.723021924658679
AIKOW= 3.12656309083104
AIKOC= 27.8292817715555
AIHalfLife= 9.68176494305953
