ICQueenStrength= 2.92936547682621
RQWkrDrnRatio= 2.80735114309937
ICDroneMiteSurvivorship= 52.1449476946145
ICWorkerMiteSurvivorship= 50.9593380149454
ICForagerLifespan= 15.5663369316608
ImmType= Tangent
AIAdultSlope= 2.02702134131687
AIAdultLD50= 0.309614544501528
AIAdultSlopeContact= 2.62317414044403
AIAdultLD50Contact= 0.0124463648768142
AILarvaSlope= 2.81021954067983
AILarvaLD50= 0.0874816170427948
AIKOW= 4.29694966599345
AIKOC= 6.87055558199063
AIHalfLife= 1.32142615155317
EAppRate= 0
