ICQueenStrength= 1.19283800385892
RQWkrDrnRatio= 4.1135528665036
