ICQueenStrength= 2.35126875713468
RQWkrDrnRatio= 2.70479533728212
ICDroneMiteSurvivorship= 69.8485360946506
ICWorkerMiteSurvivorship= 37.1418525697663
ICForagerLifespan= 7.35222139861435
ImmType= Cosine
AIAdultSlope= 0.96210732315667
AIAdultLD50= 1.84385889396071
AIAdultSlopeContact= 2.46296711381525
AIAdultLD50Contact= 0.00666865872917697
AILarvaSlope= 0.744184803543612
AILarvaLD50= 0.597368094627745
AIKOW= 5.43756006797776
AIKOC= 18.6783130059484
AIHalfLife= 0.570514768362045
EAppRate= 0.231369910528883
