ICQueenStrength= 3.79603358241729
RQWkrDrnRatio= 2.47467137686908
ICDroneMiteSurvivorship= 53.6349131027237
ICWorkerMiteSurvivorship= 15.0882252724841
ICForagerLifespan= 4.85721458587795
ImmType= Logarithmic
AIAdultSlopeContact= 4.05332355061546
AIAdultLD50Contact= 0.0157323603052646
AILarvaSlope= 2.60768075939268
AILarvaLD50= 1.47592511307448
AIKOW= 61.3013060763478
AIKOC= 68.9083544770256
AIHalfLife= 8.48480736650527
