ICQueenStrength= 2.05900683323853
RQWkrDrnRatio= 2.97704775445163
ICDroneMiteSurvivorship= 20.5592345446348
ICWorkerMiteSurvivorship= 0.340332253836095
ICForagerLifespan= 14.8134378576651
ImmType= Logarithmic
AIAdultSlopeContact= 5.63925251131877
AIAdultLD50Contact= 0.192963280063123
AILarvaSlope= 0.0844370620325208
AILarvaLD50= 0.481230546720326
AIKOW= 56.2824586639181
AIKOC= 1.51434135623276
AIHalfLife= 2.52385007403791
