ICQueenStrength= 2.43149469280615
RQWkrDrnRatio= 2.48154398333281
ICDroneMiteSurvivorship= 90.8578939270228
ICWorkerMiteSurvivorship= 55.6991713587195
ICForagerLifespan= 4.61078746523708
ImmType= Logarithmic
AIAdultSlope= 3.53244465077296
