ICQueenStrength= 1.48258965020068
RQWkrDrnRatio= 4.31626111175865
ICDroneMiteSurvivorship= 78.5074192332104
ICWorkerMiteSurvivorship= 43.117737211287
ICForagerLifespan= 11.1979583622888
ImmType= Exponential
AIAdultSlope= 1.58496434893459
AIAdultLD50= 2.42636971618049
AIAdultSlopeContact= 1.80031206488376
AIAdultLD50Contact= 0.0268310965737328
AILarvaSlope= 1.63507352201268
AILarvaLD50= 0.565538714197464
AIKOW= 5.50753740221262
AIKOC= 9.78831364889629
AIHalfLife= 5.84420098969713
EAppRate= 0.0544339553453028
