ICQueenStrength= 4.62563829286955
RQWkrDrnRatio= 1.24881215579808
ICDroneMiteSurvivorship= 50.8556520799175
ICWorkerMiteSurvivorship= 86.2871203105897
ICForagerLifespan= 9.35108960792422
ImmType= Cosine
AIAdultSlope= 2.58562487754971
AIAdultSlopeContact= 2.56975363255944
AIAdultLD50Contact= 0.0355834524845704
AILarvaSlope= 0.69608936724253
AILarvaLD50= 0.123731667897664
AIKOW= 6.68596009770408
AIKOC= 15.0286690227222
AIHalfLife= 1.95902499137446
