ICQueenStrength= 4.38360701920465
RQWkrDrnRatio= 4.56754786334932
ICDroneMiteSurvivorship= 12.5084454193711
ICWorkerMiteSurvivorship= 68.799586663954
ICForagerLifespan= 8.06947585102171
ImmType= Polynomial
AIAdultSlopeContact= 8.21918153902516
AIAdultLD50Contact= 0.134908311720938
AILarvaSlope= 6.08316025231034
AILarvaLD50= 1.25656616175547
AIKOW= 38.9811478788033
AIKOC= 81.8735051434487
AIHalfLife= 11.0294175352901
