ICQueenStrength= 1.10131415212527
RQWkrDrnRatio= 2.8870505252853
ICDroneMiteSurvivorship= 87.6355736283585
ICWorkerMiteSurvivorship= 51.80765457917
ICForagerLifespan= 14.645518575795
ImmType= Polynomial
AIAdultSlope= 5.30505846021697
