ICQueenStrength= 5.64698660420254
RQWkrDrnRatio= 4.88526023831218
ICDroneMiteSurvivorship= 86.0174336470664
ICWorkerMiteSurvivorship= 40.8515559043735
ICForagerLifespan= 10.1101722577587
ImmType= Cosine
AIAdultSlope= 3.17537210527807
AIAdultLD50= 2.86912341113202
AIAdultSlopeContact= 1.81994417297188
AIAdultLD50Contact= 0.0072523211245425
AILarvaSlope= 0.128444050159305
AILarvaLD50= 0.318907295074314
AIKOW= 6.89212440140545
AIKOC= 26.750012494158
AIHalfLife= 8.87365917023271
EAppRate= 0.878149993019179
