ICQueenStrength= 1.72991269058548
RQWkrDrnRatio= 3.17994067631662
ICDroneMiteSurvivorship= 57.1305755292997
ICWorkerMiteSurvivorship= 59.8365203477442
ICForagerLifespan= 6.04679669719189
ImmType= Cosine
AIAdultSlope= 3.22251301617362
AIAdultLD50= 0.152767615159974
AIAdultSlopeContact= 2.77349945499329
AIAdultLD50Contact= 0.0171170433750376
AILarvaSlope= 0.9404785647057
AILarvaLD50= 0.347436141245998
AIKOW= 7.32067997241393
AIKOC= 7.35255538718775
AIHalfLife= 3.92779558571056
EAppRate= 0.451979882316664
