ICQueenStrength= 1.02986238105223
RQWkrDrnRatio= 3.26076719164848
ICDroneMiteSurvivorship= 24.9785216525197
ICWorkerMiteSurvivorship= 21.0030384361744
ICForagerLifespan= 9.93709026835859
ImmType= Exponential
AIAdultSlopeContact= 1.59156897652661
AIAdultLD50Contact= 0.0152287774835713
AILarvaSlope= 1.37888914868236
AILarvaLD50= 0.60076897975523
AIKOW= 2.54993560817093
AIKOC= 26.6292925819289
AIHalfLife= 3.92555206781253
