ICQueenStrength= 1.9503218322061
RQWkrDrnRatio= 2.74226100184023
ICDroneMiteSurvivorship= 76.9328433088958
ICWorkerMiteSurvivorship= 61.0782416071743
ICForagerLifespan= 10.435556079261
ImmType= Tangent
AIAdultSlopeContact= 1.48937779831002
AIAdultLD50Contact= 0.00850353338755667
AILarvaSlope= 3.00514937136322
AILarvaLD50= 0.109084133687429
AIKOW= 5.6606091526337
AIKOC= 19.798794221133
AIHalfLife= 12.4987040772103
