ICQueenStrength= 5.20753300422803
RQWkrDrnRatio= 1.11916841100901
ICDroneMiteSurvivorship= 95.3939207131043
ICWorkerMiteSurvivorship= 2.46141315437853
ICForagerLifespan= 5.24120679218322
ImmType= Exponential
AIAdultLD50= 0.154012839635834
AIAdultSlopeContact= 0.987737127682194
AIAdultLD50Contact= 0.0291945159086026
AILarvaSlope= 1.09394795326516
AILarvaLD50= 0.554645599750802
AIKOW= 7.49667024891824
AIKOC= 27.8336856525857
AIHalfLife= 2.92050700401887
EAppRate= 0.0824093245901167
