ICQueenStrength= 3.3604076274205
RQWkrDrnRatio= 3.02875899337232
ICDroneMiteSurvivorship= 9.31960737798363
ICWorkerMiteSurvivorship= 44.5215007988736
ICForagerLifespan= 7.68673655483872
ImmType= Logarithmic
AIAdultSlope= 0.909232732106466
AIAdultLD50= 0.433140113134868
AIAdultSlopeContact= 2.59892067951383
AIAdultLD50Contact= 0.0338847327977419
AILarvaSlope= 2.15588973155245
AILarvaLD50= 0.0435602019773796
AIKOW= 6.40284785535187
AIKOC= 9.63552137953229
AIHalfLife= 0.671042703324929
EAppRate= 0.364173346268944
