ICQueenStrength= 5.86788258771412
RQWkrDrnRatio= 1.73551594279706
ICDroneMiteSurvivorship= 17.2493027057499
ICWorkerMiteSurvivorship= 83.1268978770822
ICForagerLifespan= 15.2398540833965
ImmType= Sine
AIAdultSlope= 1.21145011135377
AIAdultLD50= 2.54064436722547
AIAdultSlopeContact= 0.799456423195079
AIAdultLD50Contact= 0.0119703411939554
AILarvaSlope= 0.479179108561948
AILarvaLD50= 0.523838213877752
AIKOW= 7.14766303775832
AIKOC= 24.7426557831932
AIHalfLife= 10.500374534633
EAppRate= 0.237132652197033
