ICQueenStrength= 4.41677990276366
RQWkrDrnRatio= 1.44037872739136
ICDroneMiteSurvivorship= 69.5669743930921
ICWorkerMiteSurvivorship= 2.96104701701552
ICForagerLifespan= 15.6226062094793
ImmType= Exponential
AIAdultSlope= 2.07585382703925
AIAdultLD50= 0.0602327156811953
AIAdultSlopeContact= 1.53028952054679
AIAdultLD50Contact= 0.0229375507216901
AILarvaSlope= 2.40114476163872
AILarvaLD50= 0.40517837125808
AIKOW= 4.50588130811229
AIKOC= 12.5828031869605
AIHalfLife= 0.047833799617365
EAppRate= 0.565986770275049
