ICQueenStrength= 5.85859397333115
RQWkrDrnRatio= 1.42670560069382
ICDroneMiteSurvivorship= 33.4472194314003
ICWorkerMiteSurvivorship= 4.04947348870337
ICForagerLifespan= 14.6935732197016
ImmType= Exponential
AIAdultSlope= 1.41300272954861
AIAdultLD50= 0.291522557963617
AIAdultSlopeContact= 3.10303160865326
AIAdultLD50Contact= 0.0392915305448696
AILarvaSlope= 0.0464138302020729
AILarvaLD50= 0.14888313326519
AIKOW= 2.62765902932733
AIKOC= 12.2754654509481
AIHalfLife= 3.51983517291956
EAppRate= 0.00629591851029545
