ICQueenStrength= 2.22761228005402
RQWkrDrnRatio= 1.21594192180783
ICDroneMiteSurvivorship= 14.6895280107856
ICWorkerMiteSurvivorship= 13.0963967647403
ICForagerLifespan= 12.1315507721156
ImmType= Logarithmic
AIAdultSlopeContact= 0.609365665877704
AIAdultLD50Contact= 0.0435693612904288
AILarvaSlope= 3.37478457125835
AILarvaLD50= 0.522249008598737
AIKOW= 5.27332862792537
AIKOC= 11.4944273675792
AIHalfLife= 3.99272085353732
