ICQueenStrength= 5.32312706368975
RQWkrDrnRatio= 3.8110446613282
ICDroneMiteSurvivorship= 96.6696983436123
ICWorkerMiteSurvivorship= 65.3863609069958
ICForagerLifespan= 8.70379601232708
ImmType= Exponential
AIAdultSlope= 0.998352252226323
AIAdultLD50= 2.63566868263297
AIAdultSlopeContact= 2.72789648119826
AIAdultLD50Contact= 0.0117516854428686
AILarvaSlope= 3.39349200529978
AILarvaLD50= 0.747472930094227
AIKOW= 5.83664638316259
AIKOC= 6.92241933546029
AIHalfLife= 3.33644550014287
EAppRate= 0.882042464334518
