ICQueenStrength= 2.4346728939563
RQWkrDrnRatio= 4.114132755436
ICDroneMiteSurvivorship= 73.6584538128227
ICWorkerMiteSurvivorship= 95.2230063965544
ICForagerLifespan= 4.751634077169
ImmType= Tangent
AIAdultSlope= 0.206600549505092
AIAdultLD50= 0.221971004502848
AIAdultSlopeContact= 2.45448700596113
AIAdultLD50Contact= 0.0318736710702069
AILarvaSlope= 1.26117302565835
AILarvaLD50= 0.637541860202327
AIKOW= 5.54119858331978
AIKOC= 7.50429294537753
AIHalfLife= 1.20657842955552
EAppRate= 0.451925945677794
