ICQueenStrength= 4.06940689682961
RQWkrDrnRatio= 2.43195613566786
ICDroneMiteSurvivorship= 74.435525177978
ICWorkerMiteSurvivorship= 60.252660070546
ICForagerLifespan= 12.686267811805
ImmType= Polynomial
AIAdultSlope= 3.20193262067623
AIAdultLD50= 2.97833162778988
AIAdultSlopeContact= 3.22707918758271
AIAdultLD50Contact= 0.0458809748990461
AILarvaSlope= 1.40944054163992
AILarvaLD50= 0.330312421638519
AIKOW= 3.94678684044629
AIKOC= 29.1894907550886
AIHalfLife= 5.21564811607823
EAppRate= 0.514202164486051
