ICQueenStrength= 4.70601021801122
RQWkrDrnRatio= 2.30505069252104
ICDroneMiteSurvivorship= 80.7793590705842
ICWorkerMiteSurvivorship= 93.66323298309
ICForagerLifespan= 10.146580375731
ImmType= Logarithmic
AIAdultSlope= 2.0898454939574
AIAdultLD50= 0.128131697769277
AIAdultSlopeContact= 1.89172508341726
AIAdultLD50Contact= 0.0436404630891047
AILarvaSlope= 1.01554931006394
AILarvaLD50= 0.202816668176092
AIKOW= 2.28780944412574
AIKOC= 29.4808951800223
AIHalfLife= 2.60207185405307
EAppRate= 0
