ICQueenStrength= 5.86948528792709
RQWkrDrnRatio= 4.47743824496865
ICDroneMiteSurvivorship= 5.15015337150544
ICWorkerMiteSurvivorship= 0.91905165463686
ICForagerLifespan= 12.4798367274925
ImmType= Exponential
AIAdultSlopeContact= 2.62749738292769
AIAdultLD50Contact= 0.0484914395958185
AILarvaSlope= 9.05624749837443
AILarvaLD50= 1.67158663226292
AIKOW= 7.72461919113994
AIKOC= 0.409668870270252
AIHalfLife= 12.1200630581006
