ICQueenStrength= 1.81013952149078
RQWkrDrnRatio= 2.40468396712095
ICDroneMiteSurvivorship= 16.6932517662644
ICWorkerMiteSurvivorship= 48.8214883487672
ICForagerLifespan= 15.1491423556581
ImmType= Exponential
AIAdultSlope= 1.38753866888583
AIAdultLD50= 0.124006261350587
AIAdultSlopeContact= 0.920070109425578
AIAdultLD50Contact= 0.0216268022661097
AILarvaSlope= 0.29262649519369
AILarvaLD50= 0.794397727120668
AIKOW= 4.13779057795182
AIKOC= 6.34489075280726
AIHalfLife= 5.04391361633316
EAppRate= 0.860022365115583
