ICQueenStrength= 3.85209524212405
RQWkrDrnRatio= 4.68850192986429
ICDroneMiteSurvivorship= 58.1993169616908
ICWorkerMiteSurvivorship= 5.74078231584281
ICForagerLifespan= 11.8408345328644
ImmType= Cosine
AIAdultSlope= 2.34416696757311
AIAdultLD50= 0.208824176690541
AIAdultSlopeContact= 3.25169651987264
AIAdultLD50Contact= 0.0360747835133225
AILarvaSlope= 0.894073458993807
AILarvaLD50= 0.537452490767464
AIKOW= 3.47188888210803
AIKOC= 20.3003342857119
AIHalfLife= 3.11723166145384
EAppRate= 0
