ICQueenStrength= 3.53082495182753
RQWkrDrnRatio= 2.12348222918808
ICDroneMiteSurvivorship= 62.739138235338
ICWorkerMiteSurvivorship= 44.9455125723034
ICForagerLifespan= 13.5940302554518
ImmType= Polynomial
AIAdultSlope= 3.6155272799707
AIAdultLD50= 0.102147795842029
AIAdultSlopeContact= 2.25958329517627
AIAdultLD50Contact= 0.0338762177503668
AILarvaSlope= 0.450167603557929
AILarvaLD50= 0.308935231086798
AIKOW= 6.92627808079123
AIKOC= 9.67162363347597
AIHalfLife= 3.20897031459026
EAppRate= 0
