ICQueenStrength= 2.4918110135477
RQWkrDrnRatio= 4.1889822287485
ICDroneMiteSurvivorship= 16.1415478447452
ICWorkerMiteSurvivorship= 69.3540077423677
ICForagerLifespan= 9.18487877864391
ImmType= Polynomial
AIAdultSlopeContact= 2.41161556766834
AIAdultLD50Contact= 0.00606818202650175
AILarvaSlope= 2.5218095311895
AILarvaLD50= 0.585525840497576
AIKOW= 3.24097737809643
AIKOC= 8.50797021528706
AIHalfLife= 7.79208891093731
