ICQueenStrength= 2.03879242320545
RQWkrDrnRatio= 2.29145050607622
ICDroneMiteSurvivorship= 40.2279362082481
ICWorkerMiteSurvivorship= 56.8123735720292
ICForagerLifespan= 9.79706278350204
ImmType= Tangent
AIAdultSlope= 2.73505081757903
AIAdultSlopeContact= 2.48142421249766
AIAdultLD50Contact= 0.0490788738941774
AILarvaSlope= 1.68028600788675
AILarvaLD50= 0.764108375343494
AIKOW= 5.36279202066362
AIKOC= 13.5886275221128
AIHalfLife= 4.3242937522009
