ICQueenStrength= 4.00852094660513
RQWkrDrnRatio= 3.62513451557606
ICDroneMiteSurvivorship= 2.90015062782913
ICWorkerMiteSurvivorship= 46.9979428919032
ICForagerLifespan= 11.1439237333834
ImmType= Logarithmic
AIAdultSlope= 2.25852407515049
AIAdultLD50= 1.04827971942723
AIAdultSlopeContact= 0.106732935828622
AIAdultLD50Contact= 0.0485526314238086
AILarvaSlope= 0.79600873910822
AILarvaLD50= 0.596360992826521
AIKOW= 3.39610316976905
AIKOC= 13.1463607493788
AIHalfLife= 9.32245698571205
EAppRate= 0.328030100092292
