ICQueenStrength= 5.38795275520533
RQWkrDrnRatio= 1.87387740053236
ICDroneMiteSurvivorship= 3.89828118495643
ICWorkerMiteSurvivorship= 23.8210480427369
ICForagerLifespan= 14.0346628595144
ImmType= Sine
AIAdultSlope= 2.26359598045237
AIAdultLD50= 1.30772758671083
AIAdultSlopeContact= 2.12684921548236
AIAdultLD50Contact= 0.0277219032868743
AILarvaSlope= 0.678324154391885
AILarvaLD50= 0.647191913053393
AIKOW= 7.02774256793782
AIKOC= 14.2609688814264
AIHalfLife= 13.0306285247207
EAppRate= 0.00332800229080021
