ICQueenStrength= 2.2997549911961
RQWkrDrnRatio= 2.62481089495122
ICDroneMiteSurvivorship= 98.9038648316637
ICWorkerMiteSurvivorship= 66.9909638119861
ICForagerLifespan= 15.6543988352641
ImmType= Polynomial
AIAdultSlope= 3.27963478967082
AIAdultLD50= 0.158109040232375
AIAdultSlopeContact= 0.904488933440298
AIAdultLD50Contact= 0.0265045338193886
AILarvaSlope= 2.25248852334917
AILarvaLD50= 0.398293867637403
AIKOW= 5.9108482580632
AIKOC= 13.6265709542204
AIHalfLife= 0.709249465726316
EAppRate= 0.253813036857173
