ICQueenStrength= 2.28338311100379
RQWkrDrnRatio= 3.58172355871648
ICDroneMiteSurvivorship= 29.5608482789248
ICWorkerMiteSurvivorship= 67.6475430838764
ICForagerLifespan= 13.6743571572006
ImmType= Cosine
AIAdultSlope= 4.00597142754123
