ICQueenStrength= 1.90460218954831
RQWkrDrnRatio= 4.39018536824733
ICDroneMiteSurvivorship= 36.1535153118894
ICWorkerMiteSurvivorship= 87.9021588247269
ICForagerLifespan= 5.9760847883299
ImmType= Exponential
AIAdultSlope= 2.2364488849882
AIAdultSlopeContact= 2.68635604018578
AIAdultLD50Contact= 0.0365153347607702
AILarvaSlope= 3.07300349567085
AILarvaLD50= 0.806418565870263
AIKOW= 2.9356841291301
AIKOC= 10.5005273839924
AIHalfLife= 8.43647906370461
