ICQueenStrength= 4.44803728279658
RQWkrDrnRatio= 4.66941366158426
ICDroneMiteSurvivorship= 82.9554981784895
ICWorkerMiteSurvivorship= 23.4243084676564
ICForagerLifespan= 9.57340141758323
ImmType= Cosine
AIAdultSlope= 1.94136705258861
AIAdultLD50= 0.520379851805046
AIAdultSlopeContact= 1.32535582620883
AIAdultLD50Contact= 0.0427165924571455
AILarvaSlope= 0.37678541475907
AILarvaLD50= 0.371829004772007
AIKOW= 3.03309478564188
AIKOC= 20.146080753766
AIHalfLife= 6.75364873930812
EAppRate= 0.268326323712245
