ICQueenStrength= 1.34554260782897
RQWkrDrnRatio= 3.60913520213217
ICDroneMiteSurvivorship= 65.4912848956883
ICWorkerMiteSurvivorship= 80.4644250543788
ICForagerLifespan= 8.7598879262805
ImmType= Polynomial
AIAdultSlope= 5.84434886695817
AIAdultLD50= 0.470683415187523
AIAdultSlopeContact= 7.00202655280009
AIAdultLD50Contact= 0.0474185493774712
AILarvaSlope= 8.35308990674093
AILarvaLD50= 0.568685772363096
AIKOW= 62.4377385014668
AIKOC= 2.37161174882203
AIHalfLife= 9.03616134775802
EAppRate= 0.179486812558025
