ICQueenStrength= 3.28994592791423
RQWkrDrnRatio= 3.86691337171942
ICDroneMiteSurvivorship= 80.0664327805862
ICWorkerMiteSurvivorship= 72.6225919323042
ICForagerLifespan= 9.91274365596473
ImmType= Cosine
AIAdultSlope= 4.87265568692237
AIAdultLD50= 0.934623821638525
AIAdultSlopeContact= 2.78641817858443
AIAdultLD50Contact= 0.169794647395611
AILarvaSlope= 0.645814095623791
AILarvaLD50= 0.579315547831357
AIKOW= 36.194591363892
AIKOC= 5.34628825262189
AIHalfLife= 5.62880523269996
EAppRate= 0.889143699780107
