ICQueenStrength= 3.5260967714712
RQWkrDrnRatio= 4.98304467275739
ICDroneMiteSurvivorship= 83.9802973438054
ICWorkerMiteSurvivorship= 7.48548088595271
ICForagerLifespan= 8.56258620973676
ImmType= Cosine
AIAdultSlope= 1.25229662200436
AIAdultLD50= 2.8964922206942
AIAdultSlopeContact= 3.44687463550363
AIAdultLD50Contact= 0.0419475481146947
AILarvaSlope= 1.3278306662105
AILarvaLD50= 0.314923700247891
AIKOW= 5.18658200278878
AIKOC= 24.1870968730655
AIHalfLife= 6.71532301232219
EAppRate= 0.599691841285676
