ICQueenStrength= 4.99499016581103
RQWkrDrnRatio= 4.82426838669926
ICDroneMiteSurvivorship= 99.0026687271893
ICWorkerMiteSurvivorship= 41.9849027879536
ICForagerLifespan= 10.7416405910626
ImmType= Tangent
AIAdultSlope= 6.16916434606537
AIAdultLD50= 0.410841107368469
AIAdultSlopeContact= 7.37444552127272
AIAdultLD50Contact= 0.163765678647906
AILarvaSlope= 1.22227569809183
AILarvaLD50= 0.535500983707607
AIKOW= 29.1247851913795
AIKOC= 84.1321068350226
AIHalfLife= 4.29435720527545
EAppRate= 1.31913062231615
