ICQueenStrength= 5.04166871332563
RQWkrDrnRatio= 2.74816040322185
ICDroneMiteSurvivorship= 3.65569666028023
ICWorkerMiteSurvivorship= 89.4448430044577
ICForagerLifespan= 15.5141650270671
ImmType= Cosine
AIAdultSlope= 2.99577594681876
AIAdultLD50= 0.228304735734127
AIAdultSlopeContact= 3.59305966855958
AIAdultLD50Contact= 0.0444487391388975
AILarvaSlope= 1.45267670052126
AILarvaLD50= 0.460427936632186
AIKOW= 3.86731758760288
AIKOC= 22.0987337187398
AIHalfLife= 2.28729602065869
EAppRate= 0.645499870646745
