ICQueenStrength= 1.10999423684552
RQWkrDrnRatio= 1.81476941611618
ICDroneMiteSurvivorship= 96.9734299695119
ICWorkerMiteSurvivorship= 69.5571585092694
ICForagerLifespan= 4.78830761089921
ImmType= Exponential
AIAdultSlope= 1.64095266747521
AIAdultLD50= 0.320409265579656
AIAdultSlopeContact= 0.222835663254373
AIAdultLD50Contact= 0.025625153828878
AILarvaSlope= 2.97582632582635
AILarvaLD50= 0.599952035676688
AIKOW= 5.4562929328531
AIKOC= 29.5242943114135
AIHalfLife= 3.43654450494796
EAppRate= 0.556210765405558
