ICQueenStrength= 3.68298312905245
RQWkrDrnRatio= 4.62464904319495
ICDroneMiteSurvivorship= 96.3252036366612
ICWorkerMiteSurvivorship= 52.1191728068516
ICForagerLifespan= 14.8147937981412
ImmType= Exponential
AIAdultSlope= 2.93786270702258
AIAdultLD50= 1.55780437588692
AIAdultSlopeContact= 1.11174421769567
AIAdultLD50Contact= 0.000848930841311812
AILarvaSlope= 2.6061042111367
AILarvaLD50= 0.892888047988527
AIKOW= 3.78021380817518
AIKOC= 5.43608598643914
AIHalfLife= 9.99589158687741
EAppRate= 0.583264354150742
