ICQueenStrength= 1.51102795405313
RQWkrDrnRatio= 4.76034278981388
ICDroneMiteSurvivorship= 62.8734399797395
ICWorkerMiteSurvivorship= 51.9892905373126
ICForagerLifespan= 9.34252322744578
ImmType= Tangent
AIAdultSlope= 3.40722215129063
