ICQueenStrength= 1.97218012204394
RQWkrDrnRatio= 2.19029519893229
ICDroneMiteSurvivorship= 90.6350453617051
ICWorkerMiteSurvivorship= 65.6669599935412
ICForagerLifespan= 15.6760421162471
ImmType= Sine
AIAdultSlope= 3.14428559811786
AIAdultLD50= 0.40678935055621
AIAdultSlopeContact= 3.14243387731025
AIAdultLD50Contact= 0.0494084936799482
AILarvaSlope= 1.96203774153255
AILarvaLD50= 0.493661704519764
AIKOW= 5.33002808736637
AIKOC= 24.0049324126448
AIHalfLife= 8.15479163173586
EAppRate= 0.649999223416671
