ICQueenStrength= 4.62687105778605
RQWkrDrnRatio= 3.18350912351161
ICDroneMiteSurvivorship= 3.89477196149528
ICWorkerMiteSurvivorship= 11.3568810047582
ICForagerLifespan= 13.5785676948726
ImmType= Exponential
AIAdultSlopeContact= 0.682658034721389
AIAdultLD50Contact= 0.0282332728849724
AILarvaSlope= 0.777137604309246
AILarvaLD50= 0.23366033595521
AIKOW= 6.80212676571682
AIKOC= 18.2611491018906
AIHalfLife= 10.6163425319828
