ICQueenStrength= 1.25890227174386
RQWkrDrnRatio= 1.51192149985582
ICDroneMiteSurvivorship= 89.812631579116
ICWorkerMiteSurvivorship= 44.5981026161462
ICForagerLifespan= 6.96780428290367
ImmType= Sine
AIAdultSlopeContact= 1.9311825856939
AIAdultLD50Contact= 0.00203994424082339
AILarvaSlope= 2.5449455737602
AILarvaLD50= 0.113639792776667
AIKOW= 7.53585320571437
AIKOC= 26.1869563965593
AIHalfLife= 3.25780377537012
