ICQueenStrength= 1.42151396162808
RQWkrDrnRatio= 4.13787686545402
ICDroneMiteSurvivorship= 2.14247391559184
ICWorkerMiteSurvivorship= 29.701848863624
ICForagerLifespan= 10.0502637950704
ImmType= Sine
AIAdultSlope= 2.80261330791749
AIAdultLD50= 0.44833001063671
AIAdultSlopeContact= 2.5340786948707
AIAdultLD50Contact= 0.0373664170037955
AILarvaSlope= 2.59378641131334
AILarvaLD50= 0.422358948248439
AIKOW= 6.54633497772738
AIKOC= 20.8240551769268
AIHalfLife= 3.82147150696255
EAppRate= 0.0530685884645209
