ICQueenStrength= 5.4813354650978
RQWkrDrnRatio= 3.38942587934434
ICDroneMiteSurvivorship= 30.3142924560234
ICWorkerMiteSurvivorship= 91.812965576537
ICForagerLifespan= 11.2422880996019
ImmType= Sine
AIAdultSlopeContact= 1.60173419611529
AIAdultLD50Contact= 0.00892692895140499
AILarvaSlope= 2.72975542251952
AILarvaLD50= 0.41674440081697
AIKOW= 7.95696713589132
AIKOC= 23.755456560757
AIHalfLife= 4.21144274901599
