ICQueenStrength= 4.71843669214286
RQWkrDrnRatio= 1.63181383628398
ICDroneMiteSurvivorship= 96.3414499768987
ICWorkerMiteSurvivorship= 37.3197752283886
ICForagerLifespan= 12.7254360122606
ImmType= Sine
AIAdultSlope= 2.37727704695426
AIAdultLD50= 0.137182012433186
AIAdultSlopeContact= 0.222070564662572
AIAdultLD50Contact= 0.0166440861998126
AILarvaSlope= 3.1903916424606
AILarvaLD50= 0.0196458152029663
AIKOW= 5.91099731205031
AIKOC= 23.4063852706458
AIHalfLife= 6.90836995420977
EAppRate= 0.0355402561835945
