ICQueenStrength= 2.33444216800854
RQWkrDrnRatio= 2.75346956774592
ICDroneMiteSurvivorship= 21.1832429748029
ICWorkerMiteSurvivorship= 28.9383680326864
ICForagerLifespan= 10.0301548661664
ImmType= Cosine
AIAdultSlope= 0.0535326880495995
AIAdultLD50= 0.0889587713172659
AIAdultSlopeContact= 3.24881502193166
AIAdultLD50Contact= 0.0291054205154069
AILarvaSlope= 0.513497365266085
AILarvaLD50= 0.830428305175155
AIKOW= 6.3833585223183
AIKOC= 15.5276328686159
AIHalfLife= 4.77813306264579
EAppRate= 0
