ICQueenStrength= 1.18751650000922
RQWkrDrnRatio= 2.10605276189744
ICDroneMiteSurvivorship= 79.2382734129205
ICWorkerMiteSurvivorship= 70.4792344477028
ICForagerLifespan= 10.9174627754837
ImmType= Logarithmic
AIAdultSlopeContact= 1.65468006710289
AIAdultLD50Contact= 0.0113944256328978
AILarvaSlope= 0.210518890013918
AILarvaLD50= 0.204862106731161
AIKOW= 4.01938422070816
AIKOC= 12.5059687427711
AIHalfLife= 0.479254987090826
