ICQueenStrength= 5.01754583464935
RQWkrDrnRatio= 2.74056441988796
ICDroneMiteSurvivorship= 66.1870042560622
ICWorkerMiteSurvivorship= 47.3905915860087
ICForagerLifespan= 6.23009275365621
ImmType= Cosine
AIAdultSlope= 0.274163692817092
AIAdultLD50= 0.265926158521324
AIAdultSlopeContact= 3.69829304039245
AIAdultLD50Contact= 0.0265779521781951
AILarvaSlope= 2.43440948608331
AILarvaLD50= 0.873979011713527
AIKOW= 3.34078410640359
AIKOC= 17.2622690512799
AIHalfLife= 13.1907973554917
EAppRate= 0.0293412765022367
