ICQueenStrength= 3.33261298853904
RQWkrDrnRatio= 3.85621671844274
ICDroneMiteSurvivorship= 45.6382489297539
ICWorkerMiteSurvivorship= 98.9882122026756
ICForagerLifespan= 15.9839029489085
ImmType= Cosine
AIAdultSlope= 3.58039703253424
AIAdultLD50= 0.0953414497198537
AIAdultSlopeContact= 3.87120101877954
AIAdultLD50Contact= 0.0131413900759071
AILarvaSlope= 2.41931071840227
AILarvaLD50= 0.235237937117927
AIKOW= 3.31153576541692
AIKOC= 12.6965357991867
AIHalfLife= 1.86977322795428
EAppRate= 0.518345724884421
