ICQueenStrength= 3.54632710944861
RQWkrDrnRatio= 4.13051037769765
ICDroneMiteSurvivorship= 21.2506217416376
ICWorkerMiteSurvivorship= 22.8978913510218
ICForagerLifespan= 4.3223286010325
ImmType= Cosine
AIAdultSlope= 1.72169200198492
AIAdultLD50= 0.199037279235199
AIAdultSlopeContact= 2.68345848814119
AIAdultLD50Contact= 0.037357008701656
AILarvaSlope= 0.617977413116023
AILarvaLD50= 0.798700004001148
AIKOW= 7.20829486986622
AIKOC= 28.9879909902811
AIHalfLife= 3.76705807982944
EAppRate= 0.252912063826807
