ICQueenStrength= 2.98260349105112
RQWkrDrnRatio= 1.33632103260607
ICDroneMiteSurvivorship= 41.3634869037196
ICWorkerMiteSurvivorship= 53.4949992317706
ICForagerLifespan= 14.1311999848112
ImmType= Tangent
AIAdultSlopeContact= 1.44509111643769
AIAdultLD50Contact= 0.0336954012163915
AILarvaSlope= 1.88357517705299
AILarvaLD50= 0.0450319908326492
AIKOW= 2.51504855277017
AIKOC= 29.5616480184253
AIHalfLife= 1.57587551092729
