ICQueenStrength= 5.92276698700152
RQWkrDrnRatio= 3.54783309716731
ICDroneMiteSurvivorship= 60.8884048415348
ICWorkerMiteSurvivorship= 38.165815663524
ICForagerLifespan= 4.57619960047305
ImmType= Logarithmic
AIAdultSlope= 0.733933105645701
AIAdultLD50= 0.910392433404922
AIAdultSlopeContact= 2.17395025080303
AIAdultLD50Contact= 0.000153276068158448
AILarvaSlope= 1.67030340284109
AILarvaLD50= 0.88501756475307
AIKOW= 6.01559054711834
AIKOC= 21.2718019855674
AIHalfLife= 13.409986352548
EAppRate= 0.688447863794863
