ICQueenStrength= 3.56254191859625
RQWkrDrnRatio= 2.53852546494454
ICDroneMiteSurvivorship= 28.0245997244492
ICWorkerMiteSurvivorship= 33.8450701907277
ICForagerLifespan= 10.8816268090159
ImmType= Exponential
AIAdultSlope= 3.70896320706233
AIAdultLD50= 0.433629830717109
AIAdultSlopeContact= 3.0257943956391
AIAdultLD50Contact= 0.00381525328848511
AILarvaSlope= 3.36362260133028
AILarvaLD50= 0.0461588142905384
AIKOW= 6.18287937156856
AIKOC= 14.3555178609677
AIHalfLife= 3.52661258191802
EAppRate= 0.38879203631077
