ICQueenStrength= 2.62853054120205
RQWkrDrnRatio= 3.5993932755664
ICDroneMiteSurvivorship= 21.6150841442868
ICWorkerMiteSurvivorship= 53.2115692039952
ICForagerLifespan= 4.23971154540777
ImmType= Cosine
AIAdultSlope= 1.12721145702526
AIAdultLD50= 2.89544578338973
AIAdultSlopeContact= 3.59557367621921
AIAdultLD50Contact= 0.0130444856942631
AILarvaSlope= 0.269090162310749
AILarvaLD50= 0.638413535803556
AIKOW= 7.89097382081673
AIKOC= 25.1718237483874
AIHalfLife= 6.77654085308313
EAppRate= 0.623078897595406
