ICQueenStrength= 5.06732266186737
RQWkrDrnRatio= 3.56891385372728
ICDroneMiteSurvivorship= 60.4549446376041
ICWorkerMiteSurvivorship= 82.9878111602738
ICForagerLifespan= 5.76613909378648
ImmType= Sine
AIAdultSlope= 0.704764626314864
AIAdultLD50= 2.83260496426374
AIAdultSlopeContact= 0.666771010905504
AIAdultLD50Contact= 0.0152286383090541
AILarvaSlope= 2.88710885737091
AILarvaLD50= 0.485773301613517
AIKOW= 2.73773664142936
AIKOC= 18.0549742490984
AIHalfLife= 9.77620057761669
EAppRate= 0.437170641031116
