ICQueenStrength= 3.99510514945723
RQWkrDrnRatio= 1.30117689073086
ICDroneMiteSurvivorship= 69.1469427198172
ICWorkerMiteSurvivorship= 94.277147622779
ICForagerLifespan= 5.47873322851956
ImmType= Tangent
AIAdultSlope= 2.46509366924874
AIAdultLD50= 2.01151229906827
AIAdultSlopeContact= 2.42495259682881
AIAdultLD50Contact= 0.0243089794646949
AILarvaSlope= 2.18988153035752
AILarvaLD50= 0.0867832737509161
AIKOW= 6.99700630782172
AIKOC= 24.2651371296961
AIHalfLife= 8.47641766816378
EAppRate= 0.434877722058445
