ICQueenStrength= 5.79645636165515
RQWkrDrnRatio= 2.68845678493381
ICDroneMiteSurvivorship= 88.8963207835332
ICWorkerMiteSurvivorship= 82.0931478636339
ICForagerLifespan= 15.4436183813959
ImmType= Cosine
AIAdultSlope= 3.36215748849325
AIAdultLD50= 0.160643024020828
AIAdultSlopeContact= 1.05330905201845
AIAdultLD50Contact= 0.0291778633720241
AILarvaSlope= 0.153347443602979
AILarvaLD50= 0.672743105515838
AIKOW= 2.31200440833345
AIKOC= 15.2055798692163
AIHalfLife= 0.546929481206462
EAppRate= 0.289837129530497
