ICQueenStrength= 1.43246034882031
RQWkrDrnRatio= 2.90201864857227
ICDroneMiteSurvivorship= 74.2636132519692
ICWorkerMiteSurvivorship= 18.1262613972649
ICForagerLifespan= 13.1368074677885
ImmType= Tangent
AIAdultSlope= 2.5616624970152
AIAdultLD50= 0.37589881173335
AIAdultSlopeContact= 0.376680806851946
AIAdultLD50Contact= 0.045219819014892
AILarvaSlope= 3.03163241366856
AILarvaLD50= 0.654471914470196
AIKOW= 3.58706625225022
AIKOC= 11.1461412813514
AIHalfLife= 4.9863728962373
EAppRate= 0.440872528217733
