ICQueenStrength= 3.64144201064482
RQWkrDrnRatio= 3.94313195813447
ICDroneMiteSurvivorship= 36.6722523467615
ICWorkerMiteSurvivorship= 29.6155905816704
ICForagerLifespan= 8.54902275651693
ImmType= Sine
AIAdultSlope= 2.26275994614698
AIAdultLD50= 0.162538753822446
AIAdultSlopeContact= 3.24097512098495
AIAdultLD50Contact= 0.0414990349207073
AILarvaSlope= 1.83196400236338
AILarvaLD50= 0.27920770465862
AIKOW= 4.28712055599317
AIKOC= 8.35259681451134
AIHalfLife= 6.52287403307855
EAppRate= 0.828276145039126
