ICQueenStrength= 4.57621711213142
RQWkrDrnRatio= 1.45579340588301
ICDroneMiteSurvivorship= 42.3080093460158
ICWorkerMiteSurvivorship= 61.0312938923016
ICForagerLifespan= 13.9565275656059
ImmType= Sine
AIAdultSlope= 2.6541144488845
AIAdultLD50= 2.49562401068397
AIAdultSlopeContact= 3.86895609052386
AIAdultLD50Contact= 0.0253661205177195
AILarvaSlope= 1.51030623530969
AILarvaLD50= 0.204339933651499
AIKOW= 4.80064327409491
AIKOC= 14.8026691586711
AIHalfLife= 8.65067264670506
EAppRate= 0.850303561193869
