ICQueenStrength= 1.86699444521219
RQWkrDrnRatio= 3.48751525767148
