ICQueenStrength= 1.29591590980999
RQWkrDrnRatio= 3.92259085178375
ICDroneMiteSurvivorship= 81.5959073603153
ICWorkerMiteSurvivorship= 67.3439212376252
ICForagerLifespan= 6.15269412007183
ImmType= Sine
AIAdultSlope= 1.18992196042091
AIAdultLD50= 0.152970054186881
AIAdultSlopeContact= 0.673293966602068
AIAdultLD50Contact= 0.0256510792532936
AILarvaSlope= 1.45526231611148
AILarvaLD50= 0.222066669166088
AIKOW= 4.69581398786977
AIKOC= 5.53622358827852
AIHalfLife= 2.60364205669612
EAppRate= 0.75574930687435
