ICQueenStrength= 3.20146240899339
RQWkrDrnRatio= 1.94798772502691
ICDroneMiteSurvivorship= 90.7359124859795
ICWorkerMiteSurvivorship= 63.8489016098902
ICForagerLifespan= 12.6555007565767
ImmType= Exponential
AIAdultSlope= 2.24738848451525
AIAdultLD50= 2.34581619431265
AIAdultSlopeContact= 3.88312736484222
AIAdultLD50Contact= 0.0132997655542567
AILarvaSlope= 1.29455610346049
AILarvaLD50= 0.0502227733377367
AIKOW= 4.87529530609027
AIKOC= 6.95630059461109
AIHalfLife= 12.4105422049761
EAppRate= 0.995168433059007
