ICQueenStrength= 5.31192771415226
RQWkrDrnRatio= 1.15946862287819
ICDroneMiteSurvivorship= 37.7596865175292
ICWorkerMiteSurvivorship= 32.7115381369367
ICForagerLifespan= 14.7245474839583
ImmType= Tangent
AIAdultSlopeContact= 0.686517860312015
AIAdultLD50Contact= 0.0235858153202571
AILarvaSlope= 1.20948053058237
AILarvaLD50= 0.638586752861738
AIKOW= 2.66820430662483
AIKOC= 13.4154766984284
AIHalfLife= 1.03793148696423
