ICQueenStrength= 3.0924973487854
RQWkrDrnRatio= 1.64482790604234
ICDroneMiteSurvivorship= 12.2151601361111
ICWorkerMiteSurvivorship= 34.8281695274636
ICForagerLifespan= 9.78680497128516
ImmType= Sine
AIAdultSlope= 9.35771026881412
