ICQueenStrength= 3.93167433235794
RQWkrDrnRatio= 4.38454179931432
ICDroneMiteSurvivorship= 27.2556501906365
ICWorkerMiteSurvivorship= 86.881461716257
ICForagerLifespan= 8.45423715841025
ImmType= Logarithmic
AIAdultSlope= 3.07416243509157
AIAdultLD50= 0.140745163196698
AIAdultSlopeContact= 3.60567092321813
AIAdultLD50Contact= 0.0367754760198295
AILarvaSlope= 0.10170969250612
AILarvaLD50= 0.537396523961797
AIKOW= 6.35842695226893
AIKOC= 23.5664096381515
AIHalfLife= 3.15639582811855
EAppRate= 0.494616622803733
