ICQueenStrength= 2.19416138506494
RQWkrDrnRatio= 4.72036237176508
ICDroneMiteSurvivorship= 19.5475177140906
ICWorkerMiteSurvivorship= 23.8366371719167
ICForagerLifespan= 7.52257863245904
ImmType= Sine
AIAdultSlope= 2.3208408061252
AIAdultLD50= 0.418635597568937
AIAdultSlopeContact= 0.821201120470651
AIAdultLD50Contact= 0.00135526726953685
AILarvaSlope= 0.924851880269125
AILarvaLD50= 0.688317420473322
AIKOW= 3.04021229408681
AIKOC= 17.7353679039516
AIHalfLife= 1.70143568422645
EAppRate= 0.203029998391867
