ICQueenStrength= 1.06508988910355
RQWkrDrnRatio= 2.73491640295833
ICDroneMiteSurvivorship= 81.6717456327751
ICWorkerMiteSurvivorship= 67.7512478549033
ICForagerLifespan= 9.38839390221983
ImmType= Polynomial
AIAdultSlope= 1.97335869509261
AIAdultLD50= 0.303529880358838
AIAdultSlopeContact= 2.53771276929416
AIAdultLD50Contact= 0.00906243865611032
AILarvaSlope= 2.68809592728503
AILarvaLD50= 0.869129326776601
AIKOW= 2.57256794953719
AIKOC= 28.7961647100747
AIHalfLife= 3.09048785245977
EAppRate= 0.597969317389652
