ICQueenStrength= 3.16037805192173
RQWkrDrnRatio= 4.24996283371001
ICDroneMiteSurvivorship= 83.5202806862071
ICWorkerMiteSurvivorship= 88.273283210583
ICForagerLifespan= 9.74852034915239
ImmType= Logarithmic
AIAdultSlope= 2.36320072761737
AIAdultLD50= 0.720808616839349
AIAdultSlopeContact= 1.06476310639177
AIAdultLD50Contact= 0.00376635796856135
AILarvaSlope= 2.83116216519847
AILarvaLD50= 0.503690524678677
AIKOW= 7.67656401125714
AIKOC= 7.19886882114224
AIHalfLife= 3.8525692219846
EAppRate= 0.722349570831284
