ICQueenStrength= 5.93954542791471
RQWkrDrnRatio= 3.04611471761018
ICDroneMiteSurvivorship= 24.3170173373073
ICWorkerMiteSurvivorship= 39.608504390344
ICForagerLifespan= 15.9940902553499
ImmType= Polynomial
AIAdultSlope= 0.738473901792895
AIAdultLD50= 0.478333526407368
AIAdultSlopeContact= 0.414970649199095
AIAdultLD50Contact= 0.00348629808286205
AILarvaSlope= 1.38119962816127
AILarvaLD50= 0.588150045904331
AIKOW= 4.19095527427271
AIKOC= 20.7787268341053
AIHalfLife= 4.91521362331696
EAppRate= 0.316830108896829
