ICQueenStrength= 3.4240001430735
RQWkrDrnRatio= 4.21313813515007
ICDroneMiteSurvivorship= 64.1519301570952
ICWorkerMiteSurvivorship= 24.2750534089282
ICForagerLifespan= 9.66741748712957
ImmType= Cosine
AIAdultSlope= 1.71069347330835
AIAdultLD50= 0.195772178238258
AIAdultSlopeContact= 3.6639551931317
AIAdultLD50Contact= 0.0435003145830706
AILarvaSlope= 1.33251574197784
AILarvaLD50= 0.106064665177837
AIKOW= 3.1544875507243
AIKOC= 27.8337965905666
AIHalfLife= 0.763474006671458
EAppRate= 0
