ICQueenStrength= 4.6635485291481
RQWkrDrnRatio= 1.55754775553942
ICDroneMiteSurvivorship= 29.2094887234271
ICWorkerMiteSurvivorship= 51.5672135865316
ICForagerLifespan= 5.0504272216931
ImmType= Sine
AIAdultSlope= 7.97499913955107
