ICQueenStrength= 2.97119797230698
RQWkrDrnRatio= 1.91823547333479
ICDroneMiteSurvivorship= 95.3965902328491
ICWorkerMiteSurvivorship= 39.2079861834645
ICForagerLifespan= 11.6307202558964
ImmType= Tangent
AIAdultSlope= 2.48130483753048
AIAdultLD50= 2.77524972637184
AIAdultSlopeContact= 2.49301868743496
AIAdultLD50Contact= 0.0197686049155891
AILarvaSlope= 0.656841693632305
AILarvaLD50= 0.730625525582582
AIKOW= 4.68439729092643
AIKOC= 11.8358004675247
AIHalfLife= 10.1885314271785
EAppRate= 0.511146928882226
