ICQueenStrength= 3.73789145285264
RQWkrDrnRatio= 2.26113446522504
ICDroneMiteSurvivorship= 83.286806801334
ICWorkerMiteSurvivorship= 44.6434122044593
ICForagerLifespan= 6.53652627952397
ImmType= Logarithmic
AIAdultSlope= 1.91334119015373
AIAdultLD50= 2.85371709032916
AIAdultSlopeContact= 0.936909345178865
AIAdultLD50Contact= 0.0469167740782723
AILarvaSlope= 2.64886018899269
AILarvaLD50= 0.381802892033011
AIKOW= 3.21282343007624
AIKOC= 9.52095265500247
AIHalfLife= 13.4638149566017
EAppRate= 0.601219351403415
