ICQueenStrength= 2.58429478108883
RQWkrDrnRatio= 1.85592566430569
