ICQueenStrength= 3.47523358557373
RQWkrDrnRatio= 4.34542549960315
ICDroneMiteSurvivorship= 5.3312071133405
ICWorkerMiteSurvivorship= 95.3686105087399
ICForagerLifespan= 12.3671839460731
ImmType= Cosine
AIAdultSlopeContact= 3.20654215510469
AIAdultLD50Contact= 0.040325550257694
AILarvaSlope= 0.436283348081633
AILarvaLD50= 0.619352626148611
AIKOW= 6.37841414660215
AIKOC= 22.8684022685047
AIHalfLife= 5.58773979730904
