ICQueenStrength= 1.88029810111038
RQWkrDrnRatio= 4.25192831736058
ICDroneMiteSurvivorship= 89.169124676846
ICWorkerMiteSurvivorship= 12.9502980737016
ICForagerLifespan= 13.0586425270885
ImmType= Logarithmic
AIAdultSlope= 2.45101105416426
AIAdultLD50= 0.105938256252557
AIAdultSlopeContact= 0.199732826328836
AIAdultLD50Contact= 0.0165500931441784
AILarvaSlope= 2.13802667553537
AILarvaLD50= 0.436036500125192
AIKOW= 2.71735144779086
AIKOC= 22.6977937284391
AIHalfLife= 3.2326502003707
EAppRate= 0.303514549485408
