ICQueenStrength= 2.5006659377832
RQWkrDrnRatio= 4.51962363440543
ICDroneMiteSurvivorship= 95.9730082424358
ICWorkerMiteSurvivorship= 77.441957546398
ICForagerLifespan= 13.0985019272193
ImmType= Polynomial
AIAdultSlope= 6.94894286803901
