ICQueenStrength= 1.2324495613575
RQWkrDrnRatio= 1.45029136259109
