ICQueenStrength= 5.54363569500856
RQWkrDrnRatio= 4.66771745402366
ICDroneMiteSurvivorship= 57.6836365973577
ICWorkerMiteSurvivorship= 15.2470761211589
ICForagerLifespan= 4.99708781857044
ImmType= Logarithmic
AIAdultSlopeContact= 0.947805744318757
AIAdultLD50Contact= 0.0185209921677597
AILarvaSlope= 0.419814761821181
AILarvaLD50= 0.0544533926993609
AIKOW= 2.52929175598547
AIKOC= 17.5583496526815
AIHalfLife= 4.03135093860328
