ICQueenStrength= 4.45759248710237
RQWkrDrnRatio= 3.80644011963159
ICDroneMiteSurvivorship= 27.4658397072926
ICWorkerMiteSurvivorship= 12.2947534313425
ICForagerLifespan= 9.78209614101797
ImmType= Logarithmic
AIAdultLD50= 0.154012839635834
AIAdultSlopeContact= 3.27881490856642
AIAdultLD50Contact= 0.0312862855615094
AILarvaSlope= 1.76427287822589
AILarvaLD50= 0.416910581476986
AIKOW= 3.18130516353995
AIKOC= 22.7975646220148
AIHalfLife= 13.4771236698143
EAppRate= 1.3321313043125
