ICQueenStrength= 4.34786511608399
RQWkrDrnRatio= 3.32637964189053
ICDroneMiteSurvivorship= 74.9030777253211
ICWorkerMiteSurvivorship= 91.6271917754784
ICForagerLifespan= 14.0645447578281
ImmType= Exponential
AIAdultSlope= 0.928641534410417
