ICQueenStrength= 2.3506689586211
RQWkrDrnRatio= 4.97025618888438
ICDroneMiteSurvivorship= 11.1612159991637
ICWorkerMiteSurvivorship= 3.50530440919101
ICForagerLifespan= 8.67930115200579
ImmType= Logarithmic
AIAdultSlope= 0.819710688665509
