ICQueenStrength= 4.88724351394922
RQWkrDrnRatio= 1.1150341713801
