ICQueenStrength= 4.7868180940859
RQWkrDrnRatio= 3.22472010925412
ICDroneMiteSurvivorship= 88.5793641908094
ICWorkerMiteSurvivorship= 98.8053794484586
ICForagerLifespan= 8.94935136195272
ImmType= Sine
AIAdultSlope= 0.10549971714383
AIAdultLD50= 0.280824207584374
AIAdultSlopeContact= 1.4295097116963
AIAdultLD50Contact= 0.0365710563608445
AILarvaSlope= 2.68481855406426
AILarvaLD50= 0.559209768567234
AIKOW= 6.85794472694397
AIKOC= 17.5001010601409
AIHalfLife= 0.488470763666555
EAppRate= 0
