ICQueenStrength= 3.34724972047843
RQWkrDrnRatio= 4.48799723386765
ICDroneMiteSurvivorship= 58.1613290356472
ICWorkerMiteSurvivorship= 9.24807079136372
ICForagerLifespan= 4.0469620404765
ImmType= Cosine
AIAdultSlope= 0.664388377638534
AIAdultLD50= 1.69163065776229
AIAdultSlopeContact= 1.0776087427279
AIAdultLD50Contact= 0.0425648166798055
AILarvaSlope= 2.28468237342313
AILarvaLD50= 0.674449472199194
AIKOW= 3.47675101319328
AIKOC= 18.7567679805215
AIHalfLife= 9.46576982177794
EAppRate= 0.366891528246924
