ICQueenStrength= 2.0097853874322
RQWkrDrnRatio= 1.5387539062649
ICDroneMiteSurvivorship= 53.4691531676799
ICWorkerMiteSurvivorship= 87.6783230341971
ICForagerLifespan= 6.80366861447692
ImmType= Cosine
AIAdultSlope= 0.119384959400631
AIAdultLD50= 0.249138024984859
AIAdultSlopeContact= 3.17584158942802
AIAdultLD50Contact= 4.09954227507114e-06
AILarvaSlope= 0.8754307505209
AILarvaLD50= 0.859889490762725
AIKOW= 7.56698599131778
AIKOC= 18.748421263881
AIHalfLife= 0.663105562562123
EAppRate= 0
