ICQueenStrength= 3.48742964235134
RQWkrDrnRatio= 1.21942954696715
ICDroneMiteSurvivorship= 49.2741462774575
ICWorkerMiteSurvivorship= 90.4501192970201
ICForagerLifespan= 14.3555682972074
ImmType= Tangent
AIAdultSlope= 2.64798145925626
AIAdultLD50= 0.328466641134582
AIAdultSlopeContact= 0.0272216254100204
AIAdultLD50Contact= 0.00353145278058946
AILarvaSlope= 2.22678649351001
AILarvaLD50= 0.511623996030539
AIKOW= 7.77306550648063
AIKOC= 20.1601797086187
AIHalfLife= 0.763518508756533
EAppRate= 0
