ICQueenStrength= 4.48751016659662
RQWkrDrnRatio= 3.83436825778335
ICDroneMiteSurvivorship= 14.5160682732239
ICWorkerMiteSurvivorship= 34.7972395829856
ICForagerLifespan= 12.1434364449233
ImmType= Sine
AIAdultSlope= 3.47462568432093
AIAdultLD50= 0.278283988591284
AIAdultSlopeContact= 0.0157943973317742
AIAdultLD50Contact= 0.146459104213864
AILarvaSlope= 1.82347000809386
AILarvaLD50= 0.0361077664420009
AIKOW= 29.768988955766
AIKOC= 77.8301624581218
AIHalfLife= 1.06527440575883
EAppRate= 1.83435652311891
