ICQueenStrength= 1.65571582294069
RQWkrDrnRatio= 3.47454575728625
ICDroneMiteSurvivorship= 53.8521493319422
ICWorkerMiteSurvivorship= 25.3061016090214
ICForagerLifespan= 12.2879895986989
ImmType= Logarithmic
AIAdultSlope= 0.11478135437239
AIAdultLD50= 0.396563238580711
AIAdultSlopeContact= 1.82211797912372
AIAdultLD50Contact= 0.0331748546101153
AILarvaSlope= 2.74284318690188
AILarvaLD50= 0.704495589109138
AIKOW= 4.19108684221283
AIKOC= 7.70240348763764
AIHalfLife= 4.04770370805636
EAppRate= 0.3849271095125
