ICQueenStrength= 1.27316140476614
RQWkrDrnRatio= 1.306959008798
ICDroneMiteSurvivorship= 26.6960181063041
ICWorkerMiteSurvivorship= 22.3502542590722
ICForagerLifespan= 7.65204315073788
ImmType= Logarithmic
AIAdultSlopeContact= 1.61206622282742
AIAdultLD50Contact= 0.023134007351473
AILarvaSlope= 3.33741701855324
AILarvaLD50= 0.0114492172608152
AIKOW= 4.8059239834547
AIKOC= 16.0252207843587
AIHalfLife= 9.87154234666377
