ICQueenStrength= 2.12008652300574
RQWkrDrnRatio= 4.85513486713171
ICDroneMiteSurvivorship= 24.2013927781954
ICWorkerMiteSurvivorship= 93.6494149500504
ICForagerLifespan= 7.88359876908362
ImmType= Polynomial
AIAdultSlope= 5.44474886264652
AIAdultLD50= 0.808390385471284
AIAdultSlopeContact= 2.08502500550821
AIAdultLD50Contact= 0.128820033324882
AILarvaSlope= 8.0593789787963
AILarvaLD50= 1.38402427313849
AIKOW= 60.9208086039871
AIKOC= 14.1673631267622
AIHalfLife= 3.35723061254248
EAppRate= 1.59069478232414
