ICQueenStrength= 5.97151071671396
RQWkrDrnRatio= 4.65900823753327
ICDroneMiteSurvivorship= 15.8108553383499
ICWorkerMiteSurvivorship= 3.95466086920351
ICForagerLifespan= 7.03443704079837
ImmType= Logarithmic
AIAdultSlope= 0.86867529634852
AIAdultLD50= 0.453978099278174
AIAdultSlopeContact= 2.64617037793854
AIAdultLD50Contact= 0.0306753433775157
AILarvaSlope= 2.15373907703906
AILarvaLD50= 0.155049907718785
AIKOW= 6.61048925714567
AIKOC= 23.703320377972
AIHalfLife= 3.74161976273172
EAppRate= 0.1592782830121
