ICQueenStrength= 1.87444479577243
RQWkrDrnRatio= 1.9948909804225
ICDroneMiteSurvivorship= 24.2892376612872
ICWorkerMiteSurvivorship= 1.05115077458322
ICForagerLifespan= 4.96994433831424
ImmType= Tangent
AIAdultSlope= 7.76216289028525
