ICQueenStrength= 5.98384159989655
RQWkrDrnRatio= 3.11008187104017
ICDroneMiteSurvivorship= 52.9254224384204
ICWorkerMiteSurvivorship= 59.4665224198252
ICForagerLifespan= 10.9339344305918
ImmType= Logarithmic
AIAdultSlope= 2.76466588235227
AIAdultLD50= 0.387767994427122
AIAdultSlopeContact= 2.00632827612804
AIAdultLD50Contact= 0.0444491327274591
AILarvaSlope= 2.05077181272209
AILarvaLD50= 0.407751848548651
AIKOW= 3.16747055435553
AIKOC= 28.7062264874112
AIHalfLife= 2.05066404887475
EAppRate= 0.379819464962929
