ICQueenStrength= 3.05911093507893
RQWkrDrnRatio= 1.46239118743688
ICDroneMiteSurvivorship= 51.7411385197192
ICWorkerMiteSurvivorship= 76.2896940810606
ICForagerLifespan= 12.2389211468399
ImmType= Tangent
AIAdultSlope= 1.80915658853715
AIAdultLD50= 0.120489220716991
AIAdultSlopeContact= 2.22468515283661
AIAdultLD50Contact= 0.0477091473876499
AILarvaSlope= 1.10801337906159
AILarvaLD50= 0.77859451957047
AIKOW= 6.99281639140099
AIKOC= 17.5727042497601
AIHalfLife= 1.66392048122361
EAppRate= 0.418100149743259
