ICQueenStrength= 5.23324489966035
RQWkrDrnRatio= 2.45132861100137
ICDroneMiteSurvivorship= 53.582782484591
ICWorkerMiteSurvivorship= 47.8906820295379
ICForagerLifespan= 12.7649372676387
ImmType= Polynomial
AIAdultSlopeContact= 2.52360806025797
AIAdultLD50Contact= 0.0429519484634511
AILarvaSlope= 3.18323864741251
AILarvaLD50= 0.476073266007006
AIKOW= 6.57063569780439
AIKOC= 18.2677005662117
AIHalfLife= 4.11922158906236
