ICQueenStrength= 4.24016571510583
RQWkrDrnRatio= 3.69021551776677
