ICQueenStrength= 3.1720436331816
RQWkrDrnRatio= 2.88528290484101
ICDroneMiteSurvivorship= 54.9905444961041
ICWorkerMiteSurvivorship= 16.5351967560127
ICForagerLifespan= 6.23027962818742
ImmType= Exponential
AIAdultSlope= 1.83122011051979
AIAdultLD50= 0.0527664863038808
AIAdultSlopeContact= 0.845530075491406
AIAdultLD50Contact= 0.0287925088894554
AILarvaSlope= 2.69336662366986
AILarvaLD50= 0.311039278632961
AIKOW= 3.99756629578769
AIKOC= 21.8467342737131
AIHalfLife= 3.26364558539353
EAppRate= 0.472996030654758
