ICQueenStrength= 2.12648982321844
RQWkrDrnRatio= 4.7420608131215
ICDroneMiteSurvivorship= 92.6908221794292
ICWorkerMiteSurvivorship= 19.9998918687925
ICForagerLifespan= 11.1136125922203
ImmType= Sine
AIAdultSlope= 0.562186376191676
AIAdultLD50= 0.578166549094021
AIAdultSlopeContact= 5.06721466081217
AIAdultLD50Contact= 0.149649053812027
AILarvaSlope= 0.79552034381777
AILarvaLD50= 1.52233939059079
AIKOW= 42.2100402647629
AIKOC= 41.8779480969533
AIHalfLife= 2.09533974621445
EAppRate= 1.73499623546377
