ICQueenStrength= 5.38323076814413
RQWkrDrnRatio= 1.70911112707108
ICDroneMiteSurvivorship= 0.2173992106691
ICWorkerMiteSurvivorship= 46.1369406199083
ICForagerLifespan= 4.24543412495404
ImmType= Tangent
AIAdultSlope= 8.47887391690165
