ICQueenStrength= 5.75644753314555
RQWkrDrnRatio= 1.41409871075302
ICDroneMiteSurvivorship= 20.137994014658
ICWorkerMiteSurvivorship= 43.3657832443714
ICForagerLifespan= 9.80585765466094
ImmType= Cosine
AIAdultSlope= 0.638559968955815
AIAdultLD50= 2.14176335628144
AIAdultSlopeContact= 1.20777910148492
AIAdultLD50Contact= 0.0281725089880638
AILarvaSlope= 1.00998693420552
AILarvaLD50= 0.410917761689052
AIKOW= 7.80932904221117
AIKOC= 27.6125794346444
AIHalfLife= 7.837020911742
EAppRate= 0.45187164703384
