ICQueenStrength= 3.27224514703266
RQWkrDrnRatio= 2.09525325335562
ICDroneMiteSurvivorship= 21.8078636098653
ICWorkerMiteSurvivorship= 85.2549656061456
ICForagerLifespan= 6.29903392959386
ImmType= Cosine
AIAdultSlope= 0.569751742295921
