ICQueenStrength= 4.14313095808029
RQWkrDrnRatio= 3.42209187056869
