ICQueenStrength= 4.70041353977285
RQWkrDrnRatio= 2.88876062445343
ICDroneMiteSurvivorship= 8.57791344169527
ICWorkerMiteSurvivorship= 45.600529294461
ICForagerLifespan= 14.9910888727754
ImmType= Sine
AIAdultSlopeContact= 3.07792954612523
AIAdultLD50Contact= 0.170027857460082
AILarvaSlope= 2.99101307755336
AILarvaLD50= 1.47676660539582
AIKOW= 25.4150844644755
AIKOC= 15.3487617848441
AIHalfLife= 6.77633806178346
