ICQueenStrength= 5.52597135445103
RQWkrDrnRatio= 4.13162012957036
ICDroneMiteSurvivorship= 39.5386954769492
ICWorkerMiteSurvivorship= 81.1352997552603
ICForagerLifespan= 12.4274210631847
ImmType= Polynomial
AIAdultSlopeContact= 2.64851352034137
AIAdultLD50Contact= 0.0289950694423169
AILarvaSlope= 1.30082081146538
AILarvaLD50= 0.783699926943518
AIKOW= 4.96232820954174
AIKOC= 5.36472337087616
AIHalfLife= 11.0416874112561
