ICQueenStrength= 4.27422880195081
RQWkrDrnRatio= 2.44755387119949
