ICQueenStrength= 3.30289638508111
RQWkrDrnRatio= 1.71914031542838
ICDroneMiteSurvivorship= 57.5411357684061
ICWorkerMiteSurvivorship= 68.9226539572701
ICForagerLifespan= 11.4477403508499
ImmType= Polynomial
AIAdultSlope= 0.676296678977087
AIAdultLD50= 2.15465097175911
AIAdultSlopeContact= 2.70111188335111
AIAdultLD50Contact= 0.0145022368291393
AILarvaSlope= 1.34350066198967
AILarvaLD50= 0.219135552621447
AIKOW= 7.78848708933219
AIKOC= 17.0202947407961
AIHalfLife= 8.84924938296899
EAppRate= 0.0206093112938106
