ICQueenStrength= 5.82382561080158
RQWkrDrnRatio= 2.61276033055037
ICDroneMiteSurvivorship= 89.8086128057912
ICWorkerMiteSurvivorship= 45.8683078875765
ICForagerLifespan= 5.8231298495084
ImmType= Cosine
AIAdultSlope= 3.00384887135588
AIAdultLD50= 0.713261354947463
AIAdultSlopeContact= 2.22784934574505
AIAdultLD50Contact= 0.0341171333566308
AILarvaSlope= 2.0878805605229
AILarvaLD50= 0.563603032683022
AIKOW= 3.22342819301412
AIKOC= 10.2842301840428
AIHalfLife= 9.59911254467443
EAppRate= 0.508551291655749
