ICQueenStrength= 2.3079449115321
RQWkrDrnRatio= 3.30214474443346
ICDroneMiteSurvivorship= 78.5077585140243
ICWorkerMiteSurvivorship= 63.854880258441
ICForagerLifespan= 11.6328694596887
ImmType= Polynomial
AIAdultSlope= 2.84314907772699
AIAdultLD50= 0.202104913885705
AIAdultSlopeContact= 0.689219440659508
AIAdultLD50Contact= 0.0352836747537367
AILarvaSlope= 1.68303717109375
AILarvaLD50= 0.732830816879869
AIKOW= 3.34156920574605
AIKOC= 5.17591656069271
AIHalfLife= 3.01740355556831
EAppRate= 0.634366560657509
