ICQueenStrength= 3.90042870561592
RQWkrDrnRatio= 3.11316737253219
ICDroneMiteSurvivorship= 77.8776635648683
ICWorkerMiteSurvivorship= 73.1613641837612
ICForagerLifespan= 14.1630587354302
ImmType= Polynomial
AIAdultSlope= 3.25984031478874
AIAdultLD50= 2.98031708132476
AIAdultSlopeContact= 0.888277932414785
AIAdultLD50Contact= 0.0217561481636949
AILarvaSlope= 3.03774190633558
AILarvaLD50= 0.716142852511257
AIKOW= 4.41788061475381
AIKOC= 18.0182666296605
AIHalfLife= 9.10687222890556
EAppRate= 0.0619299197569489
