ICQueenStrength= 4.78869735868648
RQWkrDrnRatio= 2.9234669925645
ICDroneMiteSurvivorship= 1.60319095011801
ICWorkerMiteSurvivorship= 99.0346065023914
ICForagerLifespan= 6.32277927733958
ImmType= Exponential
AIAdultSlope= 9.37559369252995
