ICQueenStrength= 5.1198161628563
RQWkrDrnRatio= 4.59687726385891
ICDroneMiteSurvivorship= 99.3011694401503
ICWorkerMiteSurvivorship= 98.3404375147074
ICForagerLifespan= 9.59505711775273
ImmType= Sine
AIAdultSlope= 2.04602186477277
AIAdultLD50= 0.275602359091863
AIAdultSlopeContact= 2.09244305341272
AIAdultLD50Contact= 0.049520103726536
AILarvaSlope= 1.87845264659263
AILarvaLD50= 0.107659754552878
AIKOW= 7.83239323878661
AIKOC= 15.3044048359152
AIHalfLife= 3.58051736024208
EAppRate= 0.258494693855755
