ICQueenStrength= 2.05478776269592
RQWkrDrnRatio= 3.72052252478898
ICDroneMiteSurvivorship= 23.0729433009401
ICWorkerMiteSurvivorship= 5.7262561051175
ICForagerLifespan= 10.9742173207924
ImmType= Logarithmic
AIAdultSlope= 1.29709163385909
AIAdultLD50= 0.480619398411363
AIAdultSlopeContact= 0.597181814555079
AIAdultLD50Contact= 0.0152715076575987
AILarvaSlope= 0.754042624868453
AILarvaLD50= 0.238611087366007
AIKOW= 2.07220709370449
AIKOC= 10.168538185535
AIHalfLife= 1.71108532231301
EAppRate= 0.22399957368616
