ICQueenStrength= 5.03704824857414
RQWkrDrnRatio= 2.13366707507521
ICDroneMiteSurvivorship= 6.15721440408379
ICWorkerMiteSurvivorship= 16.5116849122569
ICForagerLifespan= 9.1426043594256
ImmType= Polynomial
AIAdultSlope= 3.17592829988804
AIAdultLD50= 0.266767118941061
AIAdultSlopeContact= 2.67482427004259
AIAdultLD50Contact= 0.0103356932057068
AILarvaSlope= 2.95637670611031
AILarvaLD50= 0.0635645222850144
AIKOW= 2.2210814957507
AIKOC= 12.8516814799514
AIHalfLife= 0.739109033020213
EAppRate= 0.1177353809122
