ICQueenStrength= 3.46601909864694
RQWkrDrnRatio= 1.47263286449015
ICDroneMiteSurvivorship= 95.4723374219611
ICWorkerMiteSurvivorship= 58.4969524526969
ICForagerLifespan= 6.75731467269361
ImmType= Polynomial
AIAdultSlope= 0.777193949744105
AIAdultLD50= 0.204791598720476
AIAdultSlopeContact= 1.48042559092166
AIAdultLD50Contact= 0.0263789179036394
AILarvaSlope= 0.32518699709326
AILarvaLD50= 0.855733680096455
AIKOW= 7.53022273909301
AIKOC= 25.8606762171257
AIHalfLife= 6.34257357055321
EAppRate= 0.110503073316067
