ICQueenStrength= 1.0161439110525
RQWkrDrnRatio= 2.64495108835399
ICDroneMiteSurvivorship= 62.7358292695135
ICWorkerMiteSurvivorship= 61.6543124429882
ICForagerLifespan= 11.995373332873
ImmType= Sine
AIAdultSlopeContact= 0.0752403112803586
AIAdultLD50Contact= 0.0363419274799526
AILarvaSlope= 1.20770906880498
AILarvaLD50= 0.25618360277731
AIKOW= 3.39315077988431
AIKOC= 9.84395697130822
AIHalfLife= 6.23141000885516
