ICQueenStrength= 2.07081211754121
RQWkrDrnRatio= 1.98198254406452
ICDroneMiteSurvivorship= 36.7737175198272
ICWorkerMiteSurvivorship= 31.3720715465024
ICForagerLifespan= 13.7195545220748
ImmType= Cosine
AIAdultSlope= 1.18818110758439
AIAdultLD50= 2.7518254739698
AIAdultSlopeContact= 2.0284527240973
AIAdultLD50Contact= 0.0252821363857947
AILarvaSlope= 2.72390673202462
AILarvaLD50= 0.846481060842052
AIKOW= 6.83897914690897
AIKOC= 18.156207773136
AIHalfLife= 7.67604012042284
EAppRate= 0.988514927681535
