ICQueenStrength= 2.23319282778539
RQWkrDrnRatio= 1.37076935637742
ICDroneMiteSurvivorship= 3.27250720001757
ICWorkerMiteSurvivorship= 14.3437748774886
ICForagerLifespan= 7.48196323774755
ImmType= Cosine
AIAdultSlope= 5.22990658646449
