ICQueenStrength= 1.59098989586346
RQWkrDrnRatio= 1.12537213694304
ICDroneMiteSurvivorship= 94.4889099569991
ICWorkerMiteSurvivorship= 75.6813602987677
ICForagerLifespan= 11.3119153119624
ImmType= Polynomial
AIAdultSlope= 0.824352677806746
AIAdultLD50= 0.404317445936613
AIAdultSlopeContact= 2.00630807604874
AIAdultLD50Contact= 0.0406826433259994
AILarvaSlope= 1.46098067993298
AILarvaLD50= 0.824885436217301
AIKOW= 6.80627372348681
AIKOC= 19.8287415853702
AIHalfLife= 2.14787373202853
EAppRate= 0
