ICQueenStrength= 2.65325806709006
RQWkrDrnRatio= 4.62989889737219
ICDroneMiteSurvivorship= 8.78173240926117
ICWorkerMiteSurvivorship= 36.9393187807873
ICForagerLifespan= 6.44240179285407
ImmType= Sine
AIAdultSlope= 0.320920960465446
AIAdultLD50= 2.86104939761572
AIAdultSlopeContact= 1.69395016963128
AIAdultLD50Contact= 0.00866390236187726
AILarvaSlope= 2.34529590313323
AILarvaLD50= 0.273653289000504
AIKOW= 4.85901098093018
AIKOC= 21.0396523308009
AIHalfLife= 7.38442647270858
EAppRate= 0.738330263178796
