ICQueenStrength= 2.19329905603081
RQWkrDrnRatio= 1.51847596187145
ICDroneMiteSurvivorship= 45.9579578600824
ICWorkerMiteSurvivorship= 75.8373243967071
ICForagerLifespan= 13.4051934676245
ImmType= Polynomial
AIAdultSlope= 2.4653692914173
AIAdultLD50= 1.88006120547652
AIAdultSlopeContact= 3.21282864927314
AIAdultLD50Contact= 0.0131276806583628
AILarvaSlope= 0.583270319318399
AILarvaLD50= 0.210165593982674
AIKOW= 6.2876320052892
AIKOC= 19.5740195643157
AIHalfLife= 12.6621863860637
EAppRate= 0.00907634315080941
