ICQueenStrength= 3.37925010500476
RQWkrDrnRatio= 3.99132168944925
ICDroneMiteSurvivorship= 78.4382683690637
ICWorkerMiteSurvivorship= 30.3627826506272
ICForagerLifespan= 7.49238546099514
ImmType= Exponential
AIAdultSlope= 3.65498491767095
AIAdultLD50= 0.176610962138511
AIAdultSlopeContact= 1.25151480597211
AIAdultLD50Contact= 0.0155610685818829
AILarvaSlope= 1.93793503320776
AILarvaLD50= 0.636262030969374
AIKOW= 7.42446555383503
AIKOC= 8.59641545219347
AIHalfLife= 3.06150845368393
EAppRate= 0
