ICQueenStrength= 4.27770310919732
RQWkrDrnRatio= 4.56729287561029
ICDroneMiteSurvivorship= 13.9627241762355
ICWorkerMiteSurvivorship= 25.8758069016039
ICForagerLifespan= 9.53059022687376
ImmType= Exponential
AIAdultSlope= 1.2745111245662
AIAdultLD50= 1.99267117073759
AIAdultSlopeContact= 3.6155105935852
AIAdultLD50Contact= 0.0210255934856832
AILarvaSlope= 1.29104537367821
AILarvaLD50= 0.727532332995906
AIKOW= 7.35749162873253
AIKOC= 29.5215367642231
AIHalfLife= 12.3047779449262
EAppRate= 0.805259238695726
