ICQueenStrength= 2.06009596958756
RQWkrDrnRatio= 1.33909340016544
ICDroneMiteSurvivorship= 32.6003231806681
ICWorkerMiteSurvivorship= 46.7537153046578
ICForagerLifespan= 4.67339862510562
ImmType= Polynomial
AIAdultSlope= 1.54722715602256
AIAdultLD50= 0.251458472572267
AIAdultSlopeContact= 1.54737456754781
AIAdultLD50Contact= 1.7715385183692e-06
AILarvaSlope= 2.74585657799616
AILarvaLD50= 0.387191056413576
AIKOW= 3.83117919648066
AIKOC= 25.7380499166902
AIHalfLife= 10.0521936821751
EAppRate= 0.265840253559873
