ICQueenStrength= 4.48751016659662
RQWkrDrnRatio= 3.83436825778335
ICDroneMiteSurvivorship= 14.5160682732239
ICWorkerMiteSurvivorship= 34.7972395829856
ICForagerLifespan= 12.1434364449233
ImmType= Sine
AIAdultSlope= 3.47462568432093
