ICQueenStrength= 2.21882512583397
RQWkrDrnRatio= 3.55959081836045
ICDroneMiteSurvivorship= 71.1784215644002
ICWorkerMiteSurvivorship= 31.117828655988
ICForagerLifespan= 14.5847835149616
ImmType= Polynomial
AIAdultSlope= 0.454990998557769
AIAdultLD50= 0.216652262606658
AIAdultSlopeContact= 3.4880893808906
AIAdultLD50Contact= 0.0163510393118486
AILarvaSlope= 0.577806159481406
AILarvaLD50= 0.632135639106855
AIKOW= 6.59457028936595
AIKOC= 20.2977174904663
AIHalfLife= 0.526302180951461
EAppRate= 0
