ICQueenStrength= 5.61266495403834
RQWkrDrnRatio= 2.18200500681996
ICDroneMiteSurvivorship= 85.1360380183905
ICWorkerMiteSurvivorship= 20.410944824107
ICForagerLifespan= 13.0480656744912
ImmType= Exponential
AIAdultSlopeContact= 5.99936867132783
AIAdultLD50Contact= 0.100725115137175
AILarvaSlope= 1.52256081113592
AILarvaLD50= 0.478426177520305
AIKOW= 12.8258461831138
AIKOC= 0.545101147145033
AIHalfLife= 3.13369550323114
