ICQueenStrength= 4.84490996366367
RQWkrDrnRatio= 2.1311907665804
ICDroneMiteSurvivorship= 75.7414747728035
ICWorkerMiteSurvivorship= 31.6248182673007
ICForagerLifespan= 7.26489732600749
ImmType= Exponential
AIAdultSlope= 1.54762967000715
AIAdultLD50= 1.47331819566898
AIAdultSlopeContact= 3.4856906516687
AIAdultLD50Contact= 0.0475600639358163
AILarvaSlope= 0.16648986171931
AILarvaLD50= 0.381649609026499
AIKOW= 6.99759409436956
AIKOC= 20.4808554274496
AIHalfLife= 13.1331659867428
EAppRate= 0.176558228442445
