ICQueenStrength= 5.59878165624104
RQWkrDrnRatio= 3.95920897461474
ICDroneMiteSurvivorship= 24.5685568545014
ICWorkerMiteSurvivorship= 41.5457956492901
ICForagerLifespan= 12.2972923489287
ImmType= Tangent
AIAdultLD50= 0.154012839635834
AIAdultSlopeContact= 2.18209879864007
AIAdultLD50Contact= 0.0195546443690546
AILarvaSlope= 3.03792736963369
AILarvaLD50= 0.0580585733056068
AIKOW= 2.95723517145962
AIKOC= 28.2910433900543
AIHalfLife= 3.06530883861706
EAppRate= 1.36561954347417
