ICQueenStrength= 4.87345615425147
RQWkrDrnRatio= 3.05338855925947
ICDroneMiteSurvivorship= 14.8503649048507
ICWorkerMiteSurvivorship= 85.4438016191125
ICForagerLifespan= 6.09415717143565
ImmType= Logarithmic
AIAdultSlope= 3.15389511385001
AIAdultLD50= 2.31737233372405
AIAdultSlopeContact= 0.244937779137399
AIAdultLD50Contact= 0.00539197475882247
AILarvaSlope= 0.0738931220490485
AILarvaLD50= 0.0928970110835508
AIKOW= 7.96791618829593
AIKOC= 21.9877889216878
AIHalfLife= 0.962380503304303
EAppRate= 0.550720247207209
