ICQueenStrength= 2.73010279773735
RQWkrDrnRatio= 2.12821263726801
ICDroneMiteSurvivorship= 32.5049567734823
ICWorkerMiteSurvivorship= 85.3682126384228
ICForagerLifespan= 10.9533267961815
ImmType= Polynomial
AIAdultSlope= 2.09122477067169
AIAdultLD50= 0.184899919084273
AIAdultSlopeContact= 1.35402631502599
AIAdultLD50Contact= 0.0146305838250555
AILarvaSlope= 2.75486104902811
AILarvaLD50= 0.876143755344674
AIKOW= 7.91618199227378
AIKOC= 8.34233297035098
AIHalfLife= 4.59981521009468
EAppRate= 0
