ICQueenStrength= 1.84611817495897
RQWkrDrnRatio= 1.75277026928961
ICDroneMiteSurvivorship= 89.7121179616079
ICWorkerMiteSurvivorship= 86.228168848902
ICForagerLifespan= 7.52667130064219
ImmType= Tangent
AIAdultSlope= 2.30874255094677
AIAdultLD50= 1.7121799599845
AIAdultSlopeContact= 0.8092046661512
AIAdultLD50Contact= 0.0192094741039909
AILarvaSlope= 2.19221532000229
AILarvaLD50= 0.0542871527373791
AIKOW= 2.13314652070403
AIKOC= 9.63643034454435
AIHalfLife= 1.6811038586311
EAppRate= 0.351491331821308
