ICQueenStrength= 3.2853849385865
RQWkrDrnRatio= 3.77188036311418
ICDroneMiteSurvivorship= 93.3752663899213
ICWorkerMiteSurvivorship= 43.5150599572808
ICForagerLifespan= 5.11233029514551
ImmType= Cosine
AIAdultSlope= 2.81629121387377
AIAdultLD50= 0.18065377138555
AIAdultSlopeContact= 0.994312298332807
AIAdultLD50Contact= 0.0290675546857528
AILarvaSlope= 1.29429460465908
AILarvaLD50= 0.502507517323829
AIKOW= 7.11223462596536
AIKOC= 12.6476017478853
AIHalfLife= 4.85133590758778
EAppRate= 0.406420253426768
