ICQueenStrength= 3.07154568750411
RQWkrDrnRatio= 3.38144001085311
ICDroneMiteSurvivorship= 0.766265229322016
ICWorkerMiteSurvivorship= 27.6944963494316
ICForagerLifespan= 10.3868887070566
ImmType= Logarithmic
AIAdultSlopeContact= 0.330862612463534
AIAdultLD50Contact= 0.088159564929083
AILarvaSlope= 1.60259012598544
AILarvaLD50= 0.535162285435945
AIKOW= 65.2661744272336
AIKOC= 65.1078632567078
AIHalfLife= 13.9641642286442
