ICQueenStrength= 5.4719888002146
RQWkrDrnRatio= 3.39306544698775
ICDroneMiteSurvivorship= 47.7487516356632
ICWorkerMiteSurvivorship= 87.4248167267069
ICForagerLifespan= 7.59611764270812
ImmType= Cosine
AIAdultSlope= 5.75444664806128
