ICQueenStrength= 1.36589013412595
RQWkrDrnRatio= 4.56534489244223
ICDroneMiteSurvivorship= 19.7316322708502
ICWorkerMiteSurvivorship= 2.27090439293534
ICForagerLifespan= 7.1634932179004
ImmType= Exponential
AIAdultSlope= 1.46264004772529
AIAdultLD50= 2.18626736174338
AIAdultSlopeContact= 3.92222524787765
AIAdultLD50Contact= 0.0262558624031954
AILarvaSlope= 0.962900696834549
AILarvaLD50= 0.690281368698925
AIKOW= 2.24521944765002
AIKOC= 14.5258053625003
AIHalfLife= 11.4093782901764
EAppRate= 0.324897261569276
