ICQueenStrength= 5.83880959334783
RQWkrDrnRatio= 3.72968488838524
ICDroneMiteSurvivorship= 59.4907531514764
ICWorkerMiteSurvivorship= 79.6039440203458
ICForagerLifespan= 10.2532061915845
ImmType= Tangent
AIAdultSlope= 1.35542454555631
AIAdultLD50= 0.311285986914299
AIAdultSlopeContact= 1.37689335198607
AIAdultLD50Contact= 0.0129765031160787
AILarvaSlope= 2.84118983345106
AILarvaLD50= 0.661799624632113
AIKOW= 6.84403470437974
AIKOC= 25.9909527795389
AIHalfLife= 1.60138862323947
EAppRate= 0
