ICQueenStrength= 2.63051677285694
RQWkrDrnRatio= 4.39576705731452
ICDroneMiteSurvivorship= 13.1442850222811
ICWorkerMiteSurvivorship= 25.374607485719
ICForagerLifespan= 11.0990266362205
ImmType= Cosine
AIAdultSlope= 0.884137487737462
AIAdultLD50= 2.52758527756669
AIAdultSlopeContact= 0.639896536613815
AIAdultLD50Contact= 0.00843093054136261
AILarvaSlope= 0.676636662567034
AILarvaLD50= 0.35275615635328
AIKOW= 4.74316053837538
AIKOC= 26.2540945038199
AIHalfLife= 12.6724678622559
EAppRate= 0.0622260733507574
