ICQueenStrength= 2.50135995238088
RQWkrDrnRatio= 1.0485283061862
ICDroneMiteSurvivorship= 37.3219578526914
ICWorkerMiteSurvivorship= 84.8343751626089
ICForagerLifespan= 13.0189991369843
ImmType= Exponential
AIAdultSlope= 0.238545855972916
