ICQueenStrength= 5.8440418834798
RQWkrDrnRatio= 1.47752390243113
ICDroneMiteSurvivorship= 88.4768259245902
ICWorkerMiteSurvivorship= 71.1001334479079
ICForagerLifespan= 13.6285937903449
ImmType= Cosine
AIAdultSlopeContact= 3.5723146089376
AIAdultLD50Contact= 0.00661601724568755
AILarvaSlope= 0.109266148321331
AILarvaLD50= 0.186318320268765
AIKOW= 4.3800337263383
AIKOC= 20.1389332197141
AIHalfLife= 5.95839860104024
