ICQueenStrength= 4.68317062035203
RQWkrDrnRatio= 3.94523997046053
ICDroneMiteSurvivorship= 90.8759667770937
ICWorkerMiteSurvivorship= 86.2853435566649
ICForagerLifespan= 5.39700542856008
ImmType= Sine
AIAdultSlope= 2.68798028083518
AIAdultLD50= 0.379418048192747
AIAdultSlopeContact= 3.84964065866545
AIAdultLD50Contact= 0.0481708628358319
AILarvaSlope= 2.81010738415644
AILarvaLD50= 0.540889371978119
AIKOW= 3.1312904576771
AIKOC= 17.317707244074
AIHalfLife= 2.49569240142591
EAppRate= 0.43998188006226
