ICQueenStrength= 1.15972677152604
RQWkrDrnRatio= 3.60342587716877
ICDroneMiteSurvivorship= 81.2669239472598
ICWorkerMiteSurvivorship= 94.3434078479186
ICForagerLifespan= 10.304522161372
ImmType= Sine
AIAdultSlope= 7.19794306671247
