ICQueenStrength= 1.07867919979617
RQWkrDrnRatio= 4.0544953821227
ICDroneMiteSurvivorship= 24.931733077392
ICWorkerMiteSurvivorship= 8.35672435350716
ICForagerLifespan= 14.3077893955633
ImmType= Logarithmic
AIAdultLD50= 0.154012839635834
AIAdultSlopeContact= 2.69909584571142
AIAdultLD50Contact= 0.0423589859856293
AILarvaSlope= 2.94741659769788
AILarvaLD50= 0.28544876917731
AIKOW= 7.53032940020785
AIKOC= 14.20976800262
AIHalfLife= 5.45736133214086
EAppRate= 1.66943799331784
