ICQueenStrength= 3.97408282291144
RQWkrDrnRatio= 1.76631698384881
ICDroneMiteSurvivorship= 96.9935444416478
ICWorkerMiteSurvivorship= 69.4693160243332
ICForagerLifespan= 4.53135116025805
ImmType= Sine
AIAdultSlope= 1.26267327542882
AIAdultLD50= 0.491266404977068
AIAdultSlopeContact= 2.45447500267066
AIAdultLD50Contact= 0.0387988919741474
AILarvaSlope= 2.37760211476125
AILarvaLD50= 0.842936527077109
AIKOW= 7.76752331806347
AIKOC= 26.7450428230222
AIHalfLife= 2.04513361211866
EAppRate= 0
