ICQueenStrength= 2.1075063305907
RQWkrDrnRatio= 1.02759597077966
ICDroneMiteSurvivorship= 85.258901421912
ICWorkerMiteSurvivorship= 77.9985206667334
ICForagerLifespan= 6.31751044653356
ImmType= Sine
AIAdultSlope= 2.16790137109347
AIAdultLD50= 0.154015536769293
AIAdultSlopeContact= 1.21469602369471
AIAdultLD50Contact= 0.0490364351775497
AILarvaSlope= 2.88419917696156
AILarvaLD50= 0.157092408835888
AIKOW= 3.26014559762552
AIKOC= 25.7690100069158
AIHalfLife= 1.6067524580285
EAppRate= 0.607480940595269
