ICQueenStrength= 3.67854519188404
RQWkrDrnRatio= 4.6147384904325
ICDroneMiteSurvivorship= 79.7121469629928
ICWorkerMiteSurvivorship= 67.8734523011371
ICForagerLifespan= 12.0229951348156
ImmType= Cosine
AIAdultSlope= 1.77673800801858
AIAdultLD50= 0.158657808322459
AIAdultSlopeContact= 2.03042270306731
AIAdultLD50Contact= 0.0169107896392234
AILarvaSlope= 2.95674273651093
AILarvaLD50= 0.104204271174967
AIKOW= 4.76983093423769
AIKOC= 14.0032695967238
AIHalfLife= 7.42471250146627
EAppRate= 0.90408547478728
