ICQueenStrength= 1.14376073144376
RQWkrDrnRatio= 1.48107546009123
ICDroneMiteSurvivorship= 32.936917594634
ICWorkerMiteSurvivorship= 4.07768147997558
ICForagerLifespan= 14.5455301431939
ImmType= Tangent
AIAdultSlope= 2.55230327886529
AIAdultLD50= 1.42931096046232
AIAdultSlopeContact= 2.92296604290605
AIAdultLD50Contact= 0.0310693582170643
AILarvaSlope= 2.48030002498999
AILarvaLD50= 0.537720800517127
AIKOW= 4.46464322600514
AIKOC= 13.0272283172235
AIHalfLife= 12.9673977554776
EAppRate= 0.657576004508883
