ICQueenStrength= 5.16043689590879
RQWkrDrnRatio= 2.92817791365087
ICDroneMiteSurvivorship= 58.402333734557
ICWorkerMiteSurvivorship= 71.1293731117621
ICForagerLifespan= 15.3904153211042
ImmType= Tangent
AIAdultSlope= 1.62420648750849
AIAdultLD50= 2.67135109542869
AIAdultSlopeContact= 1.39126241890015
AIAdultLD50Contact= 0.0327073700958863
AILarvaSlope= 0.958023540582508
AILarvaLD50= 0.0821639528498054
AIKOW= 6.51152045512572
AIKOC= 15.4176119610202
AIHalfLife= 5.60567183140665
EAppRate= 0.702647557714954
