ICQueenStrength= 2.72639321652241
RQWkrDrnRatio= 3.91548545751721
ICDroneMiteSurvivorship= 18.4524284675717
ICWorkerMiteSurvivorship= 89.2408936982974
ICForagerLifespan= 11.3373018335551
ImmType= Exponential
AIAdultLD50= 0.154012839635834
AIAdultSlopeContact= 1.86865484240698
AIAdultLD50Contact= 0.0434940697392449
AILarvaSlope= 0.301673721848056
AILarvaLD50= 0.433546321978793
AIKOW= 4.336841810029
AIKOC= 20.4521988413762
AIHalfLife= 5.08737767254934
EAppRate= 1.76695718150586
