ICQueenStrength= 2.02654745336622
RQWkrDrnRatio= 2.82213371805847
ICDroneMiteSurvivorship= 84.5613980432972
ICWorkerMiteSurvivorship= 59.4041736563668
ICForagerLifespan= 10.5884696589783
ImmType= Cosine
AIAdultSlope= 1.76006114217918
AIAdultLD50= 0.383244548691437
AIAdultSlopeContact= 0.475788826723583
AIAdultLD50Contact= 0.032844742690213
AILarvaSlope= 3.06723497770727
AILarvaLD50= 0.536908944044262
AIKOW= 5.48465728759766
AIKOC= 6.48251948412508
AIHalfLife= 2.07772317575291
EAppRate= 0.639177115773782
