ICQueenStrength= 1.30088668339886
RQWkrDrnRatio= 1.29321551602334
ICDroneMiteSurvivorship= 44.1276321420446
ICWorkerMiteSurvivorship= 80.5971181252971
ICForagerLifespan= 13.4198173684999
ImmType= Exponential
AIAdultSlopeContact= 1.94733136231313
AIAdultLD50Contact= 0.0396417492534965
AILarvaSlope= 1.06934222872369
AILarvaLD50= 0.053904757113196
AIKOW= 5.25797000713646
AIKOC= 19.9842635961249
AIHalfLife= 1.26554928161204
