ICQueenStrength= 1.2005911746528
RQWkrDrnRatio= 3.18784935493022
ICDroneMiteSurvivorship= 53.8762681884691
ICWorkerMiteSurvivorship= 10.0096237147227
ICForagerLifespan= 11.2114510526881
ImmType= Tangent
AIAdultSlope= 1.33657995598856
AIAdultLD50= 0.0936586859170347
AIAdultSlopeContact= 0.792185639992822
AIAdultLD50Contact= 0.012728760309983
AILarvaSlope= 2.57328721112572
AILarvaLD50= 0.30925018528942
AIKOW= 2.97139502782375
AIKOC= 24.3943734630011
AIHalfLife= 2.63539807172492
EAppRate= 0
