ICQueenStrength= 1.00970125664026
RQWkrDrnRatio= 1.64766255021095
ICDroneMiteSurvivorship= 66.6064758785069
ICWorkerMiteSurvivorship= 92.2092769294977
ICForagerLifespan= 13.1244806330651
ImmType= Cosine
AIAdultSlopeContact= 1.69232868778054
AIAdultLD50Contact= 0.00814245332730934
AILarvaSlope= 0.661175616784021
AILarvaLD50= 0.255518298014067
AIKOW= 4.69943346967921
AIKOC= 26.8059463659301
AIHalfLife= 3.40871448721737
