ICQueenStrength= 5.26692849141546
RQWkrDrnRatio= 1.45299752149731
ICDroneMiteSurvivorship= 22.2006233874708
ICWorkerMiteSurvivorship= 74.1644579917192
ICForagerLifespan= 15.8644691854715
ImmType= Exponential
AIAdultSlope= 8.32593705272302
