ICQueenStrength= 2.259284283733
RQWkrDrnRatio= 3.04002975299954
ICDroneMiteSurvivorship= 81.2327537685633
ICWorkerMiteSurvivorship= 42.4217597115785
ICForagerLifespan= 7.91417410224676
ImmType= Exponential
AIAdultSlope= 3.01964296293445
AIAdultLD50= 2.48382768686861
AIAdultSlopeContact= 2.27734834258212
AIAdultLD50Contact= 0.00946144305635244
AILarvaSlope= 1.26721579390578
AILarvaLD50= 0.147306499583647
AIKOW= 3.93638293165714
AIKOC= 21.6328898572829
AIHalfLife= 13.3824099302292
EAppRate= 0.0868671629577875
