ICQueenStrength= 1.71349810343236
RQWkrDrnRatio= 3.55684220697731
ICDroneMiteSurvivorship= 59.5174808753654
ICWorkerMiteSurvivorship= 47.6859564660117
ICForagerLifespan= 5.18923594988883
ImmType= Sine
AIAdultSlope= 0.14025027153315
AIAdultLD50= 0.196384268812835
AIAdultSlopeContact= 3.66184744991362
AIAdultLD50Contact= 0.0263376142946072
AILarvaSlope= 2.47690041153692
AILarvaLD50= 0.206043216004036
AIKOW= 4.35448929108679
AIKOC= 25.7563322328497
AIHalfLife= 0.898753523360938
EAppRate= 0
