ICQueenStrength= 2.47233527852222
RQWkrDrnRatio= 4.13651536311954
ICDroneMiteSurvivorship= 15.1219676015899
ICWorkerMiteSurvivorship= 23.2851203763857
ICForagerLifespan= 4.37379242479801
ImmType= Tangent
AIAdultSlopeContact= 2.2564377496019
AIAdultLD50Contact= 0.0569410000462085
AILarvaSlope= 1.0253618308343
AILarvaLD50= 0.933360375463963
AIKOW= 36.0458099283278
AIKOC= 14.956779871136
AIHalfLife= 3.48311301274225
