ICQueenStrength= 2.65730992215686
RQWkrDrnRatio= 2.16816471703351
ICDroneMiteSurvivorship= 13.5215067304671
ICWorkerMiteSurvivorship= 50.3170454874635
ICForagerLifespan= 15.4381597228348
ImmType= Polynomial
AIAdultSlope= 8.38683728594333
