ICQueenStrength= 1.43962392257527
RQWkrDrnRatio= 4.02216249052435
ICDroneMiteSurvivorship= 19.1375119611621
ICWorkerMiteSurvivorship= 38.9489189721644
ICForagerLifespan= 8.27385694812983
ImmType= Tangent
AIAdultSlope= 3.03495322103379
AIAdultLD50= 0.445047624991275
AIAdultSlopeContact= 1.02696620600531
AIAdultLD50Contact= 0.0405182568356395
AILarvaSlope= 0.608322416990995
AILarvaLD50= 0.214628797746263
AIKOW= 6.32427334832028
AIKOC= 16.1613795161247
AIHalfLife= 1.3326666248031
EAppRate= 0.573476053634658
