ICQueenStrength= 4.46149886585772
RQWkrDrnRatio= 3.53878347016871
