ICQueenStrength= 2.76464632269926
RQWkrDrnRatio= 2.3141280869022
ICDroneMiteSurvivorship= 54.7430621692911
ICWorkerMiteSurvivorship= 70.0415932107717
ICForagerLifespan= 5.01349231228232
ImmType= Exponential
AIAdultSlopeContact= 3.35508653473109
AIAdultLD50Contact= 0.00376792051829398
AILarvaSlope= 2.44698968874291
AILarvaLD50= 0.259333135583438
AIKOW= 7.08499053912237
AIKOC= 26.3791249552742
AIHalfLife= 5.10230592591688
