ICQueenStrength= 5.29203314008191
RQWkrDrnRatio= 2.05389133933932
ICDroneMiteSurvivorship= 38.6974211549386
ICWorkerMiteSurvivorship= 26.8784112296999
ICForagerLifespan= 5.56907806079835
ImmType= Cosine
AIAdultSlope= 0.376620040994603
AIAdultLD50= 0.344901622738689
AIAdultSlopeContact= 2.24504996490665
AIAdultLD50Contact= 0.0458955764072016
AILarvaSlope= 2.00209139147773
AILarvaLD50= 0.625370031525381
AIKOW= 3.94065453670919
AIKOC= 27.8490151581354
AIHalfLife= 3.21961241774261
EAppRate= 0.115678433259018
