ICQueenStrength= 3.13599009788595
RQWkrDrnRatio= 2.97957196645439
ICDroneMiteSurvivorship= 98.9888140931726
ICWorkerMiteSurvivorship= 2.04723062925041
ICForagerLifespan= 4.98745158594102
ImmType= Sine
AIAdultSlope= 3.22978407757357
AIAdultLD50= 0.314055785769597
AIAdultSlopeContact= 2.52519861336797
AIAdultLD50Contact= 0.0313402501982637
AILarvaSlope= 0.557358294539154
AILarvaLD50= 0.285123161366209
AIKOW= 3.69838465144858
AIKOC= 8.01914511364885
AIHalfLife= 0.374629639554769
EAppRate= 0.50954422163777
