ICQueenStrength= 3.63064620899968
RQWkrDrnRatio= 2.52528375945985
ICDroneMiteSurvivorship= 46.3699708227068
ICWorkerMiteSurvivorship= 87.0729669230059
ICForagerLifespan= 4.59876414202154
ImmType= Exponential
AIAdultSlopeContact= 1.53233012842247
AIAdultLD50Contact= 0.00444902611197904
AILarvaSlope= 3.3575742252171
AILarvaLD50= 0.0054603551980108
AIKOW= 3.89042945066467
AIKOC= 14.5977323187981
AIHalfLife= 3.79885301971808
