ICQueenStrength= 5.48121889028698
RQWkrDrnRatio= 4.09026416949928
ICDroneMiteSurvivorship= 88.9830222819
ICWorkerMiteSurvivorship= 93.4910391457379
ICForagerLifespan= 13.2485809680074
ImmType= Polynomial
AIAdultSlope= 0.178457282343879
AIAdultLD50= 1.7748353308998
AIAdultSlopeContact= 1.88708340696758
AIAdultLD50Contact= 0.035290429845918
AILarvaSlope= 1.67780091431923
AILarvaLD50= 0.419163777446374
AIKOW= 3.30485873157158
AIKOC= 28.037021397613
AIHalfLife= 13.6392390271649
EAppRate= 0.138166879536584
