ICQueenStrength= 3.69137394032441
RQWkrDrnRatio= 3.35247167758644
ICDroneMiteSurvivorship= 94.0055077895522
ICWorkerMiteSurvivorship= 28.9269818225875
ICForagerLifespan= 7.15430892910808
ImmType= Logarithmic
AIAdultSlopeContact= 0.849798608638812
AIAdultLD50Contact= 0.0222385585890152
AILarvaSlope= 2.21435451852158
AILarvaLD50= 0.610205115121789
AIKOW= 5.79500268958509
AIKOC= 26.7934836051427
AIHalfLife= 12.4423819612712
