ICQueenStrength= 5.47241053218022
RQWkrDrnRatio= 3.85683505982161
ICDroneMiteSurvivorship= 56.4210627460852
ICWorkerMiteSurvivorship= 57.3536893818527
ICForagerLifespan= 8.48766031861305
ImmType= Logarithmic
AIAdultSlope= 2.74047580943443
AIAdultLD50= 0.00380567810498178
AIAdultSlopeContact= 3.38040131419664
AIAdultLD50Contact= 0.0199249076656997
AILarvaSlope= 1.98611271767877
AILarvaLD50= 0.599250013567507
AIKOW= 6.68995207268745
AIKOC= 14.1367324988823
AIHalfLife= 0.318562291562557
EAppRate= 0.0797660567332059
