ICQueenStrength= 4.36955371778458
RQWkrDrnRatio= 3.86186155304313
ICDroneMiteSurvivorship= 94.4658299442381
ICWorkerMiteSurvivorship= 89.7465151967481
ICForagerLifespan= 4.23102322779596
ImmType= Tangent
AIAdultSlope= 2.9602695481386
AIAdultLD50= 1.44305371656083
AIAdultSlopeContact= 0.417686845231801
AIAdultLD50Contact= 0.00675457041943446
AILarvaSlope= 3.33291728338227
AILarvaLD50= 0.611252778419293
AIKOW= 5.66833053808659
AIKOC= 15.064988565864
AIHalfLife= 7.63161703245714
EAppRate= 0.363351708743721
