ICQueenStrength= 1.97481919918209
RQWkrDrnRatio= 1.46128116268665
ICDroneMiteSurvivorship= 37.2583704069257
ICWorkerMiteSurvivorship= 22.7553074015304
ICForagerLifespan= 7.4566477611661
ImmType= Sine
AIAdultSlope= 1.04050036957487
AIAdultLD50= 0.64462908776477
AIAdultSlopeContact= 3.76863514720928
AIAdultLD50Contact= 0.0302929956582375
AILarvaSlope= 3.14976796135306
AILarvaLD50= 0.721065866947174
AIKOW= 7.16540402313694
AIKOC= 10.2319380571134
AIHalfLife= 8.24531502369791
EAppRate= 0.170129134785384
