ICQueenStrength= 3.37239544396289
RQWkrDrnRatio= 2.27868503332138
ICDroneMiteSurvivorship= 77.2547471802682
ICWorkerMiteSurvivorship= 30.2157957805321
ICForagerLifespan= 11.4899411713704
ImmType= Logarithmic
AIAdultSlope= 1.81415759497322
AIAdultLD50= 1.19586185691878
AIAdultSlopeContact= 2.08154323208146
AIAdultLD50Contact= 0.00862817981978878
AILarvaSlope= 0.704926184937358
AILarvaLD50= 0.220628818008117
AIKOW= 7.35525943432003
AIKOC= 28.0904047086369
AIHalfLife= 0.992281171493232
EAppRate= 0.113349198596552
