ICQueenStrength= 1.72375396965072
RQWkrDrnRatio= 4.42541736643761
ICDroneMiteSurvivorship= 41.9526434736326
ICWorkerMiteSurvivorship= 22.4459059303626
ICForagerLifespan= 7.14339122083038
ImmType= Logarithmic
AIAdultSlope= 0.508287974633276
AIAdultLD50= 0.320213366299868
AIAdultSlopeContact= 0.316329916748218
AIAdultLD50Contact= 0.0143161176238209
AILarvaSlope= 1.54208549200557
AILarvaLD50= 0.700714921834879
AIKOW= 4.27225084044039
AIKOC= 28.7633690412622
AIHalfLife= 8.65649938350543
EAppRate= 0.127533579012379
