ICQueenStrength= 4.72076405328698
RQWkrDrnRatio= 4.75008403509855
ICDroneMiteSurvivorship= 9.95854672510177
ICWorkerMiteSurvivorship= 69.778756168671
ICForagerLifespan= 14.4434045795351
ImmType= Cosine
AIAdultSlope= 2.47210374529241
AIAdultLD50= 0.118834726861678
AIAdultSlopeContact= 2.37641529066721
AIAdultLD50Contact= 0.0111003366066143
AILarvaSlope= 1.4180569125805
AILarvaLD50= 0.0699636087287217
AIKOW= 3.69677750673145
AIKOC= 28.0381621979177
AIHalfLife= 0.344909599516541
EAppRate= 0.231749322754331
