ICQueenStrength= 5.06346728675999
RQWkrDrnRatio= 4.00078900065273
ICDroneMiteSurvivorship= 82.3546365136281
ICWorkerMiteSurvivorship= 69.9774866458029
ICForagerLifespan= 11.6641042362899
ImmType= Sine
AIAdultSlope= 1.34526484645903
AIAdultLD50= 0.063594744540751
AIAdultSlopeContact= 5.40364388376474
AIAdultLD50Contact= 0.113007103884593
AILarvaSlope= 6.94944970309734
AILarvaLD50= 1.31931052263826
AIKOW= 49.6765590505674
AIKOC= 70.3511325409636
AIHalfLife= 7.13757928553969
EAppRate= 1.04649340268224
