ICQueenStrength= 1.37670198711567
RQWkrDrnRatio= 4.11319796927273
ICDroneMiteSurvivorship= 52.4110186612234
ICWorkerMiteSurvivorship= 44.4713779259473
ICForagerLifespan= 4.16673216689378
ImmType= Logarithmic
AIAdultSlope= 1.31918413100531
AIAdultLD50= 0.40535539726261
AIAdultSlopeContact= 1.4028423852101
AIAdultLD50Contact= 0.043628413870465
AILarvaSlope= 0.754552650125697
AILarvaLD50= 0.31064601901453
AIKOW= 5.31317593157291
AIKOC= 10.7219010021072
AIHalfLife= 1.32903438527137
EAppRate= 0.273883808078244
