ICQueenStrength= 3.16632692492567
RQWkrDrnRatio= 2.90823345351964
ICDroneMiteSurvivorship= 6.15832267794758
ICWorkerMiteSurvivorship= 38.1256074644625
ICForagerLifespan= 12.6537062749267
ImmType= Polynomial
AIAdultSlope= 0.498989234534092
AIAdultLD50= 0.149398223147728
AIAdultSlopeContact= 3.6443141150591
AIAdultLD50Contact= 0.00828028516843915
AILarvaSlope= 0.166630125651136
AILarvaLD50= 0.46136335702613
AIKOW= 6.57983220322058
AIKOC= 16.6527280246373
AIHalfLife= 0.0553090230096132
EAppRate= 0.524788250424899
