ICQueenStrength= 3.57315450813621
RQWkrDrnRatio= 2.12335537094623
