ICQueenStrength= 4.41495655244216
RQWkrDrnRatio= 1.19289018213749
ICDroneMiteSurvivorship= 92.9318984039128
ICWorkerMiteSurvivorship= 15.0623643072322
ICForagerLifespan= 5.55344127397984
ImmType= Tangent
AIAdultSlope= 2.46219871542417
AIAdultLD50= 1.87266155588441
AIAdultSlopeContact= 3.39768169420771
AIAdultLD50Contact= 0.0227714032167569
AILarvaSlope= 0.805970156332478
AILarvaLD50= 0.51782993178349
AIKOW= 3.04535939311609
AIKOC= 16.2786536454223
AIHalfLife= 11.5565142212436
EAppRate= 0.0225755795836449
