ICQueenStrength= 4.6054982629139
RQWkrDrnRatio= 3.42648755759001
ICDroneMiteSurvivorship= 84.0698888991028
ICWorkerMiteSurvivorship= 45.0900196097791
ICForagerLifespan= 14.571544055827
ImmType= Sine
AIAdultSlope= 7.23281885497272
