ICQueenStrength= 2.56423097709194
RQWkrDrnRatio= 4.62895419448614
ICDroneMiteSurvivorship= 77.9679269297048
ICWorkerMiteSurvivorship= 81.1305192066357
ICForagerLifespan= 4.28528560977429
ImmType= Polynomial
AIAdultSlopeContact= 3.83362373157637
AIAdultLD50Contact= 0.00255752382799983
AILarvaSlope= 1.64680210486986
AILarvaLD50= 0.00548280675429851
AIKOW= 5.16060103243217
AIKOC= 27.2845899523236
AIHalfLife= 6.7604771470651
