ICQueenStrength= 4.1297094176989
RQWkrDrnRatio= 2.02824061177671
ICDroneMiteSurvivorship= 83.2949375966564
ICWorkerMiteSurvivorship= 2.04254419077188
ICForagerLifespan= 5.49426789861172
ImmType= Sine
AIAdultSlopeContact= 0.00998766184318811
AIAdultLD50Contact= 0.00527585799572989
AILarvaSlope= 0.316713772388175
AILarvaLD50= 0.408387384144589
AIKOW= 6.01586884167045
AIKOC= 29.6646372019313
AIHalfLife= 0.120844656601548
