ICQueenStrength= 2.82321353349835
RQWkrDrnRatio= 1.26487426366657
ICDroneMiteSurvivorship= 10.7611382845789
ICWorkerMiteSurvivorship= 17.6281872438267
ICForagerLifespan= 15.9209270672873
ImmType= Cosine
AIAdultSlope= 3.59231552128214
AIAdultLD50= 0.38998817326501
AIAdultSlopeContact= 3.47972701655002
AIAdultLD50Contact= 0.046675741521176
AILarvaSlope= 2.61598286009394
AILarvaLD50= 0.159904178604484
AIKOW= 4.05819020560011
AIKOC= 26.675144409528
AIHalfLife= 2.5162887678016
EAppRate= 0.438973783073015
