ICQueenStrength= 1.95748115563765
RQWkrDrnRatio= 4.03138838708401
ICDroneMiteSurvivorship= 26.2880767229944
ICWorkerMiteSurvivorship= 30.5442681768909
ICForagerLifespan= 10.2912507727742
ImmType= Sine
AIAdultSlope= 3.21717188501498
AIAdultLD50= 0.0505633933935314
AIAdultSlopeContact= 0.0157645203452557
AIAdultLD50Contact= 0.0139749894617125
AILarvaSlope= 0.565313278511167
AILarvaLD50= 0.852390046720393
AIKOW= 6.37297977600247
AIKOC= 21.9090644572861
AIHalfLife= 4.64108633692376
EAppRate= 0.390190620231442
