ICQueenStrength= 4.11219835886732
RQWkrDrnRatio= 3.98680569883436
ICDroneMiteSurvivorship= 6.69267356861383
ICWorkerMiteSurvivorship= 18.0618992075324
ICForagerLifespan= 15.4472535010427
ImmType= Logarithmic
AIAdultSlope= 2.76217958219349
AIAdultLD50= 1.79403051361442
AIAdultSlopeContact= 3.09157414672896
AIAdultLD50Contact= 0.0209166129818186
AILarvaSlope= 2.37645466658287
AILarvaLD50= 0.591377310804091
AIKOW= 4.69190254202113
AIKOC= 27.2242770832963
AIHalfLife= 6.81971724377945
EAppRate= 0.173327662050724
