ICQueenStrength= 5.70094689866528
RQWkrDrnRatio= 3.74829026591033
ICDroneMiteSurvivorship= 45.4212942626327
ICWorkerMiteSurvivorship= 56.12961826846
ICForagerLifespan= 11.3541583158076
ImmType= Cosine
AIAdultSlope= 1.40132135502063
AIAdultLD50= 1.45533895050175
AIAdultSlopeContact= 3.69754442505073
AIAdultLD50Contact= 0.023849630204495
AILarvaSlope= 1.97731084702536
AILarvaLD50= 0.197971688001417
AIKOW= 7.76603188691661
AIKOC= 9.59380529937334
AIHalfLife= 4.52803145907819
EAppRate= 0.571628991281614
