ICQueenStrength= 3.17343859025277
RQWkrDrnRatio= 2.28283577598631
ICDroneMiteSurvivorship= 68.9425754128024
ICWorkerMiteSurvivorship= 31.5745581639931
ICForagerLifespan= 12.6367745511234
ImmType= Exponential
AIAdultSlope= 0.878278590284754
AIAdultLD50= 0.0127487934660167
AIAdultSlopeContact= 0.399737195307389
AIAdultLD50Contact= 0.0379385201609694
AILarvaSlope= 1.06251838705502
AILarvaLD50= 0.665454174438492
AIKOW= 4.01051035709679
AIKOC= 7.91590508422814
AIHalfLife= 0.936769064282998
EAppRate= 0.669671515282243
