ICQueenStrength= 4.45083601423539
RQWkrDrnRatio= 2.37710462044924
ICDroneMiteSurvivorship= 38.1156260846183
ICWorkerMiteSurvivorship= 64.1031832201406
ICForagerLifespan= 9.65926705021411
ImmType= Polynomial
AIAdultSlopeContact= 0.48978455726523
AIAdultLD50Contact= 0.0353565512574278
AILarvaSlope= 0.455820758128539
AILarvaLD50= 0.00432331000920385
AIKOW= 3.25649331463501
AIKOC= 15.9176486323122
AIHalfLife= 8.39120547659695
