ICQueenStrength= 1.43573972885497
RQWkrDrnRatio= 1.22917287424207
ICDroneMiteSurvivorship= 67.9929131409153
ICWorkerMiteSurvivorship= 92.2151758335531
ICForagerLifespan= 4.06590896099806
ImmType= Exponential
AIAdultSlope= 3.0415155463852
AIAdultLD50= 2.73389593558386
AIAdultSlopeContact= 0.266091813503299
AIAdultLD50Contact= 0.0109888450824656
AILarvaSlope= 2.06062278253958
AILarvaLD50= 0.489186434587464
AIKOW= 4.9506901493296
AIKOC= 26.707647270523
AIHalfLife= 7.61068454897031
EAppRate= 0.94902754877694
