ICQueenStrength= 2.3427777949255
RQWkrDrnRatio= 2.35035700537264
ICDroneMiteSurvivorship= 35.081411479041
ICWorkerMiteSurvivorship= 15.6476937467232
ICForagerLifespan= 7.83728228602558
ImmType= Exponential
AIAdultSlope= 0.23957649636548
AIAdultLD50= 0.482786477543414
AIAdultSlopeContact= 1.72238256634679
AIAdultLD50Contact= 0.00709894417086616
AILarvaSlope= 2.61607111510821
AILarvaLD50= 0.46003928789869
AIKOW= 4.26805425062776
AIKOC= 5.48746840329841
AIHalfLife= 1.29897017381154
EAppRate= 0.583086334401742
