ICQueenStrength= 2.51863929466344
RQWkrDrnRatio= 3.07981694955379
ICDroneMiteSurvivorship= 88.6633662506938
ICWorkerMiteSurvivorship= 86.804744694382
ICForagerLifespan= 4.36269536055624
ImmType= Sine
AIAdultSlope= 1.34208015319426
AIAdultLD50= 0.088232749607414
AIAdultSlopeContact= 1.42770268485183
AIAdultLD50Contact= 0.0456822056439705
AILarvaSlope= 0.923506712075323
AILarvaLD50= 0.780339177302085
AIKOW= 6.23201167676598
AIKOC= 21.2783786247019
AIHalfLife= 0.399506961693987
EAppRate= 0.150706856441684
