ICQueenStrength= 2.77535067778081
RQWkrDrnRatio= 4.08368367794901
ICDroneMiteSurvivorship= 6.57063745893538
ICWorkerMiteSurvivorship= 50.8057033643126
ICForagerLifespan= 7.4333527199924
ImmType= Exponential
AIAdultSlopeContact= 2.26943997767754
AIAdultLD50Contact= 0.0205083061242476
AILarvaSlope= 2.13358939397149
AILarvaLD50= 0.512566524907015
AIKOW= 7.56202314049006
AIKOC= 7.28479889919981
AIHalfLife= 0.97987162694335
