ICQueenStrength= 1.05384684633464
RQWkrDrnRatio= 3.91054229438305
