ICQueenStrength= 2.79334364365786
RQWkrDrnRatio= 1.31120380759239
ICDroneMiteSurvivorship= 2.68268065992743
ICWorkerMiteSurvivorship= 79.4712097616866
ICForagerLifespan= 9.06157655455172
ImmType= Tangent
AIAdultSlope= 0.6641346802935
AIAdultLD50= 2.39754081121646
AIAdultSlopeContact= 0.0567277538822964
AIAdultLD50Contact= 0.0233968227170408
AILarvaSlope= 2.21100149690174
AILarvaLD50= 0.31191405155696
AIKOW= 2.95333102345467
AIKOC= 8.61377655062824
AIHalfLife= 5.77241885429248
EAppRate= 0.523029125062749
