ICQueenStrength= 3.71088856621645
RQWkrDrnRatio= 1.11797577049583
ICDroneMiteSurvivorship= 32.6642484636977
ICWorkerMiteSurvivorship= 17.9813266731799
ICForagerLifespan= 8.81758555583656
ImmType= Tangent
AIAdultSlope= 5.14409752096981
