ICQueenStrength= 1.33960922854021
RQWkrDrnRatio= 1.53939063474536
ICDroneMiteSurvivorship= 51.7904660897329
ICWorkerMiteSurvivorship= 31.4356729621068
ICForagerLifespan= 5.8476080102846
ImmType= Tangent
AIAdultSlope= 1.60643549659289
AIAdultLD50= 2.42527221562341
AIAdultSlopeContact= 1.63866389307892
AIAdultLD50Contact= 0.017580486042425
AILarvaSlope= 0.95780377779156
AILarvaLD50= 0.777205077884719
AIKOW= 5.51189898699522
AIKOC= 10.1937766431365
AIHalfLife= 13.1100224088877
EAppRate= 0.458113851025701
