ICQueenStrength= 1.86263999575749
RQWkrDrnRatio= 4.81692180596292
ICDroneMiteSurvivorship= 26.1483726324514
ICWorkerMiteSurvivorship= 33.6325144162402
ICForagerLifespan= 9.69903666339815
ImmType= Cosine
AIAdultSlope= 1.29780778413406
AIAdultLD50= 0.337233510683291
AIAdultSlopeContact= 0.84354033656884
AIAdultLD50Contact= 0.0315803484525532
AILarvaSlope= 1.49682143814862
AILarvaLD50= 0.324912608717568
AIKOW= 2.28919569216669
AIKOC= 11.5683669701684
AIHalfLife= 1.07189611997455
EAppRate= 0.553311086958274
