ICQueenStrength= 2.80704639386386
RQWkrDrnRatio= 3.96402789838612
