ICQueenStrength= 3.20375582459383
RQWkrDrnRatio= 2.70060241781175
ICDroneMiteSurvivorship= 2.92695222888142
ICWorkerMiteSurvivorship= 25.0236479565501
ICForagerLifespan= 9.35570392105728
ImmType= Tangent
AIAdultSlope= 2.25061666145921
AIAdultLD50= 0.370723251253366
AIAdultSlopeContact= 1.64104058393743
AIAdultLD50Contact= 0.0110550934798084
AILarvaSlope= 2.39630957650952
AILarvaLD50= 0.842117090430111
AIKOW= 5.42345681181177
AIKOC= 6.2052058824338
AIHalfLife= 2.18085440853611
EAppRate= 0.409704985795543
