ICQueenStrength= 2.73220509430394
RQWkrDrnRatio= 4.83939288090914
ICDroneMiteSurvivorship= 71.4922835351899
ICWorkerMiteSurvivorship= 11.1995452549309
ICForagerLifespan= 6.95598486065865
ImmType= Polynomial
AIAdultSlope= 3.46460305265151
AIAdultLD50= 0.390280075022019
AIAdultSlopeContact= 3.45501004175982
AIAdultLD50Contact= 0.0238145493785851
AILarvaSlope= 1.11324610915035
AILarvaLD50= 0.838394297263585
AIKOW= 3.10250557586551
AIKOC= 16.1598265822977
AIHalfLife= 3.31300086225383
EAppRate= 0.129231075267307
