ICQueenStrength= 1.3237087726593
RQWkrDrnRatio= 2.39379535801709
