ICQueenStrength= 5.41567573463544
RQWkrDrnRatio= 2.590306465514
ICDroneMiteSurvivorship= 5.94631142448634
ICWorkerMiteSurvivorship= 80.1385751226917
ICForagerLifespan= 12.9461004007608
ImmType= Tangent
AIAdultLD50= 0.154012839635834
AIAdultSlopeContact= 0.528982817565557
AIAdultLD50Contact= 0.0291803459287621
AILarvaSlope= 2.22838409324177
AILarvaLD50= 0.441779259452596
AIKOW= 7.6845340388827
AIKOC= 29.0920336043928
AIHalfLife= 6.25132280541584
EAppRate= 1.91550547396764
