ICQueenStrength= 4.14169472432695
RQWkrDrnRatio= 3.21343609225005
ICDroneMiteSurvivorship= 94.8928822996095
ICWorkerMiteSurvivorship= 76.9717718707398
ICForagerLifespan= 7.20335306506604
ImmType= Polynomial
AIAdultSlopeContact= 0.442496805719566
AIAdultLD50Contact= 0.0438282421091571
AILarvaSlope= 1.64698506505229
AILarvaLD50= 0.401730248238891
AIKOW= 4.42469884594902
AIKOC= 24.4835662900005
AIHalfLife= 13.0292531927116
