ICQueenStrength= 5.73411306622438
RQWkrDrnRatio= 4.47561263851821
ICDroneMiteSurvivorship= 40.3139712754637
ICWorkerMiteSurvivorship= 77.6962004369125
ICForagerLifespan= 14.6975813899189
ImmType= Polynomial
AIAdultSlope= 3.74955855594249
AIAdultLD50= 0.196950743091293
AIAdultSlopeContact= 1.63726082755951
AIAdultLD50Contact= 0.0207226306316443
AILarvaSlope= 0.617245792457834
AILarvaLD50= 0.172229502350092
AIKOW= 3.98293538903818
AIKOC= 6.39791470719501
AIHalfLife= 2.49558345763944
EAppRate= 0.557145601743832
