ICQueenStrength= 4.94651245325804
RQWkrDrnRatio= 4.76926011778414
ICDroneMiteSurvivorship= 92.8661487996578
ICWorkerMiteSurvivorship= 10.562412859872
ICForagerLifespan= 11.3398794671521
ImmType= Sine
AIAdultSlope= 8.72555246111006
AIAdultLD50= 0.964294092496857
AIAdultSlopeContact= 8.72770034940913
AIAdultLD50Contact= 0.0485856790095568
AILarvaSlope= 7.34641474438831
AILarvaLD50= 1.69869170617312
AIKOW= 92.4128097482026
AIKOC= 57.4851511279121
AIHalfLife= 1.58981402684003
EAppRate= 0.967672667466104
