ICQueenStrength= 2.66619440424256
RQWkrDrnRatio= 1.80425204988569
ICDroneMiteSurvivorship= 72.3541379906237
ICWorkerMiteSurvivorship= 26.2036058818921
ICForagerLifespan= 14.6940605575219
ImmType= Sine
AIAdultSlope= 2.22721169227734
AIAdultLD50= 1.62730432860553
AIAdultSlopeContact= 3.74215347917983
AIAdultLD50Contact= 0.015119751484599
AILarvaSlope= 1.07533702929504
AILarvaLD50= 0.644182359077968
AIKOW= 4.16320062894374
AIKOC= 14.2859111959115
AIHalfLife= 4.77189694624394
EAppRate= 0.358887013047934
