ICQueenStrength= 3.93148564407602
RQWkrDrnRatio= 3.55146421771497
ICDroneMiteSurvivorship= 11.1178674036637
ICWorkerMiteSurvivorship= 15.2361691463739
ICForagerLifespan= 9.63876557443291
ImmType= Sine
AIAdultSlopeContact= 3.885039803416
AIAdultLD50Contact= 0.00217468650080264
AILarvaSlope= 0.220646880799904
AILarvaLD50= 0.377696935669519
AIKOW= 3.82940226513892
AIKOC= 17.1473232575227
AIHalfLife= 8.62982555245981
