ICQueenStrength= 2.95347309811041
RQWkrDrnRatio= 2.9222561949864
ICDroneMiteSurvivorship= 80.5264269700274
ICWorkerMiteSurvivorship= 34.6435788786039
ICForagerLifespan= 6.11419464461505
ImmType= Tangent
AIAdultSlope= 0.452439131168649
AIAdultLD50= 2.89204345433973
AIAdultSlopeContact= 1.20623758636415
AIAdultLD50Contact= 0.00719833563780412
AILarvaSlope= 2.61731950961985
AILarvaLD50= 0.880486905109137
AIKOW= 3.41697129653767
AIKOC= 22.8891917690635
AIHalfLife= 4.84232367901132
EAppRate= 0.689736974192783
