ICQueenStrength= 1.57099467259832
RQWkrDrnRatio= 2.02625910844654
ICDroneMiteSurvivorship= 10.7085616793483
ICWorkerMiteSurvivorship= 74.0921369986609
ICForagerLifespan= 12.2610414028168
ImmType= Exponential
AIAdultSlope= 0.868939741048962
AIAdultLD50= 0.301953854737803
AIAdultSlopeContact= 6.24464256921783
AIAdultLD50Contact= 0.0522063859272748
AILarvaSlope= 3.32182171056047
AILarvaLD50= 1.72534225042909
AIKOW= 92.6367419306189
AIKOC= 48.2369008241221
AIHalfLife= 3.30007988912985
EAppRate= 0.716281547676772
