ICQueenStrength= 1.34882700303569
RQWkrDrnRatio= 3.09231367986649
ICDroneMiteSurvivorship= 19.2444721469656
ICWorkerMiteSurvivorship= 24.0781186148524
ICForagerLifespan= 13.4457612838596
ImmType= Polynomial
AIAdultSlope= 8.75677951611578
