ICQueenStrength= 2.19084757054225
RQWkrDrnRatio= 1.8570879874751
ICDroneMiteSurvivorship= 52.7432664530352
ICWorkerMiteSurvivorship= 11.0021654050797
ICForagerLifespan= 13.7304825847968
ImmType= Polynomial
AIAdultSlopeContact= 9.89688568748534
AIAdultLD50Contact= 0.157613037060946
AILarvaSlope= 2.95299557503313
AILarvaLD50= 1.62887282343581
AIKOW= 28.1170373316854
AIKOC= 56.308353273198
AIHalfLife= 6.3963623973541
