ICQueenStrength= 1.19354471936822
RQWkrDrnRatio= 2.06890637986362
ICDroneMiteSurvivorship= 43.6233846936375
ICWorkerMiteSurvivorship= 82.9510775860399
ICForagerLifespan= 12.8360153315589
ImmType= Tangent
AIAdultSlope= 0.442016349267215
AIAdultLD50= 0.135684980778024
AIAdultSlopeContact= 0.815512900385074
AIAdultLD50Contact= 0.043927131826058
AILarvaSlope= 1.69052347238176
AILarvaLD50= 0.677729746350087
AIKOW= 6.84810212766752
AIKOC= 17.0268929749727
AIHalfLife= 3.79147747298703
EAppRate= 0
