ICQueenStrength= 5.79974001646042
RQWkrDrnRatio= 3.13194532692432
ICDroneMiteSurvivorship= 29.4729911722243
ICWorkerMiteSurvivorship= 10.7082688482478
ICForagerLifespan= 11.3711964339018
ImmType= Polynomial
AIAdultSlope= 1.32152750901878
AIAdultLD50= 1.03248150344007
AIAdultSlopeContact= 0.52303327931324
AIAdultLD50Contact= 0.0403597426833585
AILarvaSlope= 2.80199831449427
AILarvaLD50= 0.382135894359089
AIKOW= 3.69724374590442
AIKOC= 22.9687172872946
AIHalfLife= 4.5748485326767
EAppRate= 0.737082509323955
