ICQueenStrength= 4.26403050776571
RQWkrDrnRatio= 2.44902438856661
