ICQueenStrength= 4.43553672078997
RQWkrDrnRatio= 4.46850968431681
