ICQueenStrength= 2.92596986889839
RQWkrDrnRatio= 4.08312284387648
ICDroneMiteSurvivorship= 52.7518352027982
ICWorkerMiteSurvivorship= 1.53256349731237
ICForagerLifespan= 12.0088182520121
ImmType= Cosine
AIAdultSlope= 1.30455032559112
AIAdultLD50= 0.334255223628134
AIAdultSlopeContact= 0.0175416771322489
AIAdultLD50Contact= 0.0193574342178181
AILarvaSlope= 1.20687595638447
AILarvaLD50= 0.508823207183741
AIKOW= 7.94828373007476
AIKOC= 14.7534827364143
AIHalfLife= 1.07943337038159
EAppRate= 0.000956707634031773
