ICQueenStrength= 5.24951239838265
RQWkrDrnRatio= 4.75364448409528
ICDroneMiteSurvivorship= 54.0887254523113
ICWorkerMiteSurvivorship= 24.1655096644536
ICForagerLifespan= 13.6648735590279
ImmType= Sine
AIAdultSlopeContact= 0.196308261388913
AIAdultLD50Contact= 0.0439960998599418
AILarvaSlope= 1.31057849628851
AILarvaLD50= 0.791520808590576
AIKOW= 4.26544745918363
AIKOC= 14.5864384900779
AIHalfLife= 10.8696514838375
