ICQueenStrength= 2.95886409259401
RQWkrDrnRatio= 2.94663290120661
ICDroneMiteSurvivorship= 17.4448610050604
ICWorkerMiteSurvivorship= 34.9338064203039
ICForagerLifespan= 14.4332389906049
ImmType= Exponential
AIAdultSlope= 3.64714652742958
AIAdultLD50= 0.282191278762184
AIAdultSlopeContact= 0.976929517937824
AIAdultLD50Contact= 0.0205075667588972
AILarvaSlope= 3.17883265716955
AILarvaLD50= 0.457054685801268
AIKOW= 6.0643643415533
AIKOC= 5.1310046762228
AIHalfLife= 2.35207597725093
EAppRate= 0.381995409773663
