ICQueenStrength= 4.81387521862052
RQWkrDrnRatio= 4.65595585200936
ICDroneMiteSurvivorship= 40.1209643809125
ICWorkerMiteSurvivorship= 42.5422601168975
ICForagerLifespan= 8.46137102134526
ImmType= Tangent
AIAdultSlope= 1.59125449452549
AIAdultLD50= 0.179238342214376
AIAdultSlopeContact= 0.503536467652302
AIAdultLD50Contact= 0.0471878447802737
AILarvaSlope= 3.13747505969368
AILarvaLD50= 0.527702856506221
AIKOW= 3.9444876620546
AIKOC= 27.3767472431064
AIHalfLife= 4.33005991508253
EAppRate= 0.18192250020802
