ICQueenStrength= 4.70152026764117
RQWkrDrnRatio= 4.10709777008742
ICDroneMiteSurvivorship= 27.7133954688907
ICWorkerMiteSurvivorship= 37.2658134438097
ICForagerLifespan= 7.67182620242238
ImmType= Tangent
AIAdultSlope= 2.19278826226015
AIAdultLD50= 0.0996249143499881
AIAdultSlopeContact= 2.23938782301731
AIAdultLD50Contact= 0.00527573826257139
AILarvaSlope= 0.933778733341023
AILarvaLD50= 0.213048177212477
AIKOW= 5.17930975044146
AIKOC= 9.71246441593394
AIHalfLife= 1.73781955614686
EAppRate= 0.269416698394343
