ICQueenStrength= 4.48010152112693
RQWkrDrnRatio= 2.6662640189752
ICDroneMiteSurvivorship= 0.211631180718541
ICWorkerMiteSurvivorship= 25.2134636742994
ICForagerLifespan= 9.32452285010368
ImmType= Polynomial
AIAdultSlope= 0.234185141092166
AIAdultLD50= 1.98597418726422
AIAdultSlopeContact= 3.71318800753215
AIAdultLD50Contact= 0.0171330422977917
AILarvaSlope= 0.778575677517802
AILarvaLD50= 0.167411753931083
AIKOW= 4.68061338411644
AIKOC= 8.92822581925429
AIHalfLife= 7.94073854200542
EAppRate= 0.744090258143842
