ICQueenStrength= 5.20890526147559
RQWkrDrnRatio= 4.41462430078536
ICDroneMiteSurvivorship= 18.7320977449417
ICWorkerMiteSurvivorship= 85.7737376121804
ICForagerLifespan= 15.383639681153
ImmType= Sine
AIAdultSlope= 0.336741707613692
AIAdultLD50= 1.1354798739776
AIAdultSlopeContact= 0.271897172271274
AIAdultLD50Contact= 0.0467771583353169
AILarvaSlope= 1.33672126210295
AILarvaLD50= 0.704537360742688
AIKOW= 7.18171822698787
AIKOC= 10.364408280002
AIHalfLife= 8.47504356503487
EAppRate= 0.542512970045209
