ICQueenStrength= 2.58230975619517
RQWkrDrnRatio= 1.16087501309812
ICDroneMiteSurvivorship= 74.0803529974073
ICWorkerMiteSurvivorship= 15.648584254086
ICForagerLifespan= 9.81592601630837
ImmType= Exponential
AIAdultSlope= 1.75967712838668
AIAdultLD50= 0.266319475253113
AIAdultSlopeContact= 0.875908425380476
AIAdultLD50Contact= 0.0163019406842068
AILarvaSlope= 1.80505822799169
AILarvaLD50= 0.335385536891408
AIKOW= 7.9427243839018
AIKOC= 5.58194402372465
AIHalfLife= 0.621514127124101
EAppRate= 0.28736503731925
