ICQueenStrength= 1.98887550528161
RQWkrDrnRatio= 4.10188316181302
ICDroneMiteSurvivorship= 73.1039671460167
ICWorkerMiteSurvivorship= 96.5886746067554
ICForagerLifespan= 9.63217443693429
ImmType= Logarithmic
AIAdultSlope= 2.45800615697633
AIAdultLD50= 0.423546829726547
AIAdultSlopeContact= 0.787658456889913
AIAdultLD50Contact= 0.0486053031752817
AILarvaSlope= 0.587341449363157
AILarvaLD50= 0.804851459898055
AIKOW= 7.27147361030802
AIKOC= 26.3084929739125
AIHalfLife= 3.18970399093814
EAppRate= 0.51297040595673
