ICQueenStrength= 1.34390646847896
RQWkrDrnRatio= 1.26435190904886
ICDroneMiteSurvivorship= 91.564373113215
ICWorkerMiteSurvivorship= 89.3940657610074
ICForagerLifespan= 11.422575879842
ImmType= Cosine
AIAdultSlope= 2.66016877642833
AIAdultLD50= 2.20826490735635
AIAdultSlopeContact= 2.40722450176952
AIAdultLD50Contact= 0.0146843467024155
AILarvaSlope= 1.60949081131257
AILarvaLD50= 0.298779590218328
AIKOW= 4.94040124583989
AIKOC= 6.83397647342645
AIHalfLife= 13.5060337758623
EAppRate= 0.236859519733116
