ICQueenStrength= 4.59962429269217
RQWkrDrnRatio= 4.51288061030209
ICDroneMiteSurvivorship= 22.157154022716
ICWorkerMiteSurvivorship= 91.9872806174681
ICForagerLifespan= 8.67556186765432
ImmType= Polynomial
AIAdultSlope= 3.17308934638277
