ICQueenStrength= 5.92409662227146
RQWkrDrnRatio= 3.53141580708325
ICDroneMiteSurvivorship= 18.2286681840196
ICWorkerMiteSurvivorship= 26.7279182793573
ICForagerLifespan= 6.85311049409211
ImmType= Exponential
AIAdultSlope= 1.83448060732335
AIAdultLD50= 1.98373841447756
AIAdultSlopeContact= 2.95386687814957
AIAdultLD50Contact= 0.0319474704563618
AILarvaSlope= 2.17620222796686
AILarvaLD50= 0.686940537812188
AIKOW= 6.0793757615611
AIKOC= 21.0938817658462
AIHalfLife= 13.2298017241992
EAppRate= 0.302464123582467
