ICQueenStrength= 3.83188580651768
RQWkrDrnRatio= 2.4109335206449
ICDroneMiteSurvivorship= 48.7548486562446
ICWorkerMiteSurvivorship= 22.8613636689261
ICForagerLifespan= 8.05488945078105
ImmType= Logarithmic
AIAdultSlope= 5.09882415644825
AIAdultLD50= 0.762688006274402
AIAdultSlopeContact= 9.57069847965613
AIAdultLD50Contact= 0.19803396416828
AILarvaSlope= 0.313412996474653
AILarvaLD50= 0.384674323257059
AIKOW= 75.5478252889588
AIKOC= 87.1336832176894
AIHalfLife= 12.0033555878326
EAppRate= 1.21673252107576
