ICQueenStrength= 1.05500250379555
RQWkrDrnRatio= 3.02177346404642
ICDroneMiteSurvivorship= 13.1553349317983
ICWorkerMiteSurvivorship= 81.0872413218021
ICForagerLifespan= 15.7422372521833
ImmType= Cosine
AIAdultSlope= 3.06482006494654
AIAdultLD50= 0.342068389058113
AIAdultSlopeContact= 1.46377887539333
AIAdultLD50Contact= 0.0399473917204887
AILarvaSlope= 3.23598484019749
AILarvaLD50= 0.195345678180456
AIKOW= 3.60152828320861
AIKOC= 12.8206549980678
AIHalfLife= 2.42974081775174
EAppRate= 0.417290725349449
