ICQueenStrength= 1.00574846751988
RQWkrDrnRatio= 4.67460634652525
ICDroneMiteSurvivorship= 57.0969045162201
ICWorkerMiteSurvivorship= 86.6156390169635
ICForagerLifespan= 12.409154901281
ImmType= Logarithmic
AIAdultSlopeContact= 1.9152803358715
AIAdultLD50Contact= 0.0166924765100703
AILarvaSlope= 1.9724177126307
AILarvaLD50= 0.667975624836981
AIKOW= 4.64130939822644
AIKOC= 7.58070860872976
AIHalfLife= 4.79125751275569
