ICQueenStrength= 4.53687571710907
RQWkrDrnRatio= 2.95784345827997
ICDroneMiteSurvivorship= 42.6395939430222
ICWorkerMiteSurvivorship= 58.0829498823732
ICForagerLifespan= 11.2959333444014
ImmType= Tangent
AIAdultSlope= 1.98288914301898
AIAdultLD50= 0.0138531209668145
AIAdultSlopeContact= 1.69901672943961
AIAdultLD50Contact= 0.0152391502051614
AILarvaSlope= 2.43022877704352
AILarvaLD50= 0.123391185351647
AIKOW= 7.88579987734556
AIKOC= 22.5210165674798
AIHalfLife= 1.62357548717409
EAppRate= 0.614534585131332
