ICQueenStrength= 2.77470720140263
RQWkrDrnRatio= 2.37841857969761
ICDroneMiteSurvivorship= 2.58241635747254
ICWorkerMiteSurvivorship= 48.2733520679176
ICForagerLifespan= 5.5975590609014
ImmType= Sine
AIAdultSlope= 0.546462695067748
AIAdultLD50= 1.39299206924625
AIAdultSlopeContact= 0.160896200153511
AIAdultLD50Contact= 0.0264088488416746
AILarvaSlope= 1.41147320219316
AILarvaLD50= 0.842978118080646
AIKOW= 6.03390496224165
AIKOC= 5.63191234949045
AIHalfLife= 1.9222784047015
EAppRate= 0.735142609104514
