ICQueenStrength= 1.39382810122333
RQWkrDrnRatio= 1.38452628813684
ICDroneMiteSurvivorship= 84.8025334533304
ICWorkerMiteSurvivorship= 91.9788024388254
ICForagerLifespan= 9.37113751936704
ImmType= Tangent
AIAdultSlopeContact= 2.54635241989279
AIAdultLD50Contact= 0.039842219883576
AILarvaSlope= 3.39248695052229
AILarvaLD50= 0.029423383413814
AIKOW= 4.18700725957751
AIKOC= 17.539358146023
AIHalfLife= 0.315355246886611
