ICQueenStrength= 2.11908349324949
RQWkrDrnRatio= 4.59243933577091
ICDroneMiteSurvivorship= 43.9896078081802
ICWorkerMiteSurvivorship= 51.3249004492536
ICForagerLifespan= 13.7937679681927
ImmType= Polynomial
AIAdultSlope= 6.58734295982867
