ICQueenStrength= 2.3115714781452
RQWkrDrnRatio= 4.62202035542578
ICDroneMiteSurvivorship= 96.1118292296305
ICWorkerMiteSurvivorship= 37.7082325750962
ICForagerLifespan= 10.658260203898
ImmType= Sine
AIAdultSlope= 1.13174083456397
AIAdultLD50= 0.817871453007683
AIAdultSlopeContact= 3.1262638776144
AIAdultLD50Contact= 0.0332731808419339
AILarvaSlope= 0.885139883449301
AILarvaLD50= 0.215334852179512
AIKOW= 2.02662711590528
AIKOC= 19.9327562714461
AIHalfLife= 8.97225551912561
EAppRate= 0.345934630604461
