ICQueenStrength= 3.73833986953832
RQWkrDrnRatio= 1.77718967292458
ICDroneMiteSurvivorship= 20.5690950620919
ICWorkerMiteSurvivorship= 21.6755189932883
ICForagerLifespan= 9.12511956971139
ImmType= Sine
AIAdultSlope= 3.6818134998274
AIAdultLD50= 0.194506201078184
AIAdultSlopeContact= 1.51977292791707
AIAdultLD50Contact= 0.0207318530068733
AILarvaSlope= 3.06845339974388
AILarvaLD50= 0.633910685637966
AIKOW= 3.07943116035312
AIKOC= 20.2874072897248
AIHalfLife= 4.83378116390668
EAppRate= 0.216981814405881
