ICQueenStrength= 2.77709182607941
RQWkrDrnRatio= 2.55072236992419
ICDroneMiteSurvivorship= 57.4946846347302
ICWorkerMiteSurvivorship= 94.6357101434842
ICForagerLifespan= 4.19158149510622
ImmType= Tangent
AIAdultSlope= 0.961782498378307
AIAdultLD50= 1.23925106367096
AIAdultSlopeContact= 1.50981023800559
AIAdultLD50Contact= 0.00333425041753799
AILarvaSlope= 2.26454510618933
AILarvaLD50= 0.40510832935106
AIKOW= 3.35166114149615
AIKOC= 9.87952716066502
AIHalfLife= 2.14861232275143
EAppRate= 0.115037910174578
