ICQueenStrength= 5.93984785396606
RQWkrDrnRatio= 3.89337451476604
ICDroneMiteSurvivorship= 62.4241324374452
ICWorkerMiteSurvivorship= 75.9560193866491
ICForagerLifespan= 6.25585892796516
ImmType= Exponential
AIAdultSlope= 0.0616094311745837
AIAdultLD50= 0.246327364584431
AIAdultSlopeContact= 3.19656488610897
AIAdultLD50Contact= 0.0282499443972483
AILarvaSlope= 0.780407246528193
AILarvaLD50= 0.219080661633052
AIKOW= 6.24724944448099
AIKOC= 5.32561324769631
AIHalfLife= 2.37407091190107
EAppRate= 0.261113411840051
