ICQueenStrength= 4.90924106352031
RQWkrDrnRatio= 1.20898716896772
ICDroneMiteSurvivorship= 26.966446544975
ICWorkerMiteSurvivorship= 90.3171063167974
ICForagerLifespan= 14.7199368169531
ImmType= Polynomial
AIAdultSlopeContact= 1.59481739285868
AIAdultLD50Contact= 0.0438571265665814
AILarvaSlope= 1.40312507706694
AILarvaLD50= 0.287698295130394
AIKOW= 3.2140467967838
AIKOC= 21.4085901516955
AIHalfLife= 11.1550902761519
