ICQueenStrength= 3.59201611974277
RQWkrDrnRatio= 1.83150439336896
ICDroneMiteSurvivorship= 13.5431504575536
ICWorkerMiteSurvivorship= 55.4142832057551
ICForagerLifespan= 13.2596494611353
ImmType= Tangent
AIAdultSlope= 1.56222908328753
AIAdultLD50= 0.121029840549454
AIAdultSlopeContact= 3.4482431881316
AIAdultLD50Contact= 0.0197708551655523
AILarvaSlope= 2.11677446579561
AILarvaLD50= 0.0567561747506261
AIKOW= 6.43324704002589
AIKOC= 17.9657361074351
AIHalfLife= 0.329209830379114
EAppRate= 0.615960694500245
