ICQueenStrength= 3.42327682091855
RQWkrDrnRatio= 4.456129767932
ICDroneMiteSurvivorship= 90.2706264751032
ICWorkerMiteSurvivorship= 88.0819817539304
ICForagerLifespan= 11.9569996418431
ImmType= Cosine
AIAdultSlope= 3.91162532946328
AIAdultLD50= 0.0547482663532719
AIAdultSlopeContact= 2.61218601651024
AIAdultLD50Contact= 0.0164110840298235
AILarvaSlope= 0.679931803001091
AILarvaLD50= 0.430828243028373
AIKOW= 7.56872595008463
AIKOC= 28.6945467127953
AIHalfLife= 1.58006048994139
EAppRate= 0.0827714054845273
