ICQueenStrength= 1.43483289540745
RQWkrDrnRatio= 3.40535989589989
ICDroneMiteSurvivorship= 17.642516666092
ICWorkerMiteSurvivorship= 67.37965347711
ICForagerLifespan= 12.2558536976576
ImmType= Tangent
AIAdultSlope= 3.11532087335363
AIAdultLD50= 1.02099291281775
AIAdultSlopeContact= 2.63016848744592
AIAdultLD50Contact= 0.00843447253573686
AILarvaSlope= 2.87205824656412
AILarvaLD50= 0.211468561249785
AIKOW= 5.9708545235917
AIKOC= 16.3232368545141
AIHalfLife= 12.9502331130207
EAppRate= 0.991819487186149
