ICQueenStrength= 5.80831984314136
RQWkrDrnRatio= 3.89900942146778
ICDroneMiteSurvivorship= 54.0962585946545
ICWorkerMiteSurvivorship= 47.4641898181289
ICForagerLifespan= 6.87850639782846
ImmType= Exponential
AIAdultSlopeContact= 3.82158627867233
AIAdultLD50Contact= 0.0296635124715976
AILarvaSlope= 2.68996685189195
AILarvaLD50= 0.491493327543139
AIKOW= 6.01887487852946
AIKOC= 17.6282404176891
AIHalfLife= 1.86430682195351
