ICQueenStrength= 4.86528070550412
RQWkrDrnRatio= 1.18798255641013
ICDroneMiteSurvivorship= 13.9940873952582
ICWorkerMiteSurvivorship= 0.584902218542993
ICForagerLifespan= 14.9066254347563
ImmType= Exponential
AIAdultSlope= 1.92603132207412
AIAdultLD50= 0.0486127394251525
AIAdultSlopeContact= 3.48610195880989
AIAdultLD50Contact= 0.0261315069859847
AILarvaSlope= 1.26124630630948
AILarvaLD50= 0.493733973917551
AIKOW= 6.96215404290706
AIKOC= 5.88420380488969
AIHalfLife= 2.90322202490643
EAppRate= 0.47901184305083
