ICQueenStrength= 1.85672955261543
RQWkrDrnRatio= 4.63323237653822
ICDroneMiteSurvivorship= 9.84590707812458
ICWorkerMiteSurvivorship= 29.6367624541745
ICForagerLifespan= 8.38077802211046
ImmType= Exponential
AIAdultSlope= 1.65974293570267
AIAdultLD50= 0.276270699338056
AIAdultSlopeContact= 0.5304563234956
AIAdultLD50Contact= 0.043968531745486
AILarvaSlope= 0.472892430610955
AILarvaLD50= 0.205978675349616
AIKOW= 6.83447956247255
AIKOC= 19.147520926781
AIHalfLife= 4.7467390622478
EAppRate= 0.140780040761456
