ICQueenStrength= 2.02782059577294
RQWkrDrnRatio= 2.27307743579149
ICDroneMiteSurvivorship= 64.785851794295
ICWorkerMiteSurvivorship= 5.71852475404739
ICForagerLifespan= 10.3326224638149
ImmType= Logarithmic
AIAdultSlope= 3.89697798897978
AIAdultLD50= 0.21346742589958
AIAdultSlopeContact= 1.2945348607027
AIAdultLD50Contact= 0.0272558933822438
AILarvaSlope= 2.98654665811919
AILarvaLD50= 0.245157978823408
AIKOW= 7.95572708919644
AIKOC= 28.4702427638695
AIHalfLife= 1.93615042720921
EAppRate= 0.6516503643943
