ICQueenStrength= 2.52800719835795
RQWkrDrnRatio= 2.6416926914826
ICDroneMiteSurvivorship= 43.5984630370513
ICWorkerMiteSurvivorship= 53.9755635196343
ICForagerLifespan= 10.431050915271
ImmType= Exponential
AIAdultSlope= 3.29177691368386
