ICQueenStrength= 5.29355957778171
RQWkrDrnRatio= 2.56680581625551
ICDroneMiteSurvivorship= 25.4050483228639
ICWorkerMiteSurvivorship= 76.7685301369056
ICForagerLifespan= 7.71700395923108
ImmType= Polynomial
AIAdultSlope= 5.89520272333175
