ICQueenStrength= 4.64035830483772
RQWkrDrnRatio= 4.28857598733157
ICDroneMiteSurvivorship= 9.54914640169591
ICWorkerMiteSurvivorship= 98.0589538346976
ICForagerLifespan= 8.62356091756374
ImmType= Cosine
AIAdultSlopeContact= 0.0980021670972928
AIAdultLD50Contact= 0.00325626580743119
AILarvaSlope= 2.53208829946816
AILarvaLD50= 0.286609329585917
AIKOW= 6.1759232385084
AIKOC= 16.9002297113184
AIHalfLife= 5.90858128666878
