ICQueenStrength= 3.84631653223187
RQWkrDrnRatio= 4.49594027269632
ICDroneMiteSurvivorship= 14.9154981365427
ICWorkerMiteSurvivorship= 76.8811319721863
ICForagerLifespan= 5.31331940926611
ImmType= Sine
AIAdultSlope= 2.34546596459113
AIAdultLD50= 1.99224110855721
AIAdultSlopeContact= 1.9172098323307
AIAdultLD50Contact= 0.044397158420179
AILarvaSlope= 0.628468733280897
AILarvaLD50= 0.0769196615321562
AIKOW= 2.39741636347026
AIKOC= 28.1704814184923
AIHalfLife= 12.627614825964
EAppRate= 0.526960357790813
