ICQueenStrength= 3.57379904272966
RQWkrDrnRatio= 1.22393474727869
ICDroneMiteSurvivorship= 96.7486096546054
ICWorkerMiteSurvivorship= 87.2314283391461
ICForagerLifespan= 11.5818830830976
ImmType= Polynomial
AIAdultSlope= 3.04884004536783
AIAdultLD50= 0.389975582365878
AIAdultSlopeContact= 2.70984339691233
AIAdultLD50Contact= 0.0164656877634116
AILarvaSlope= 0.756659600650892
AILarvaLD50= 0.657163155195303
AIKOW= 4.65798191446811
AIKOC= 20.5068417312577
AIHalfLife= 0.723869976354763
EAppRate= 0.498481725458987
