ICQueenStrength= 3.62983237276785
RQWkrDrnRatio= 2.25388101767749
ICDroneMiteSurvivorship= 88.4250331902876
ICWorkerMiteSurvivorship= 29.2944113723934
ICForagerLifespan= 12.2410182403401
ImmType= Exponential
AIAdultSlope= 1.6383217837452
AIAdultLD50= 0.375506713637151
AIAdultSlopeContact= 1.07739363786997
AIAdultLD50Contact= 0.0267101197736338
AILarvaSlope= 0.358361534168944
AILarvaLD50= 0.0971749886171892
AIKOW= 5.19866403285414
AIKOC= 16.8704065156635
AIHalfLife= 3.06993804872036
EAppRate= 0
