ICQueenStrength= 4.88773887534626
RQWkrDrnRatio= 1.18619187455624
ICDroneMiteSurvivorship= 10.6502040987834
ICWorkerMiteSurvivorship= 42.8723568329588
ICForagerLifespan= 12.8427564129233
ImmType= Exponential
AIAdultSlope= 8.31938504008576
