ICQueenStrength= 4.12821030151099
RQWkrDrnRatio= 3.97696626279503
ICDroneMiteSurvivorship= 22.0998680684716
ICWorkerMiteSurvivorship= 70.0349875492975
ICForagerLifespan= 5.80839406978339
ImmType= Tangent
AIAdultSlope= 0.390993611561134
AIAdultLD50= 0.39103317190893
AIAdultSlopeContact= 1.30874633936444
AIAdultLD50Contact= 0.00640399678377435
AILarvaSlope= 0.313094243360683
AILarvaLD50= 0.17179536963813
AIKOW= 7.56124267075211
AIKOC= 23.6681591847446
AIHalfLife= 3.40662566153333
EAppRate= 0.372999096987769
