ICQueenStrength= 5.57545059500262
RQWkrDrnRatio= 3.83016874082386
ICDroneMiteSurvivorship= 80.4011619416997
ICWorkerMiteSurvivorship= 6.53619938530028
ICForagerLifespan= 6.6993876779452
ImmType= Sine
AIAdultSlope= 3.51331472678343
AIAdultLD50= 0.306369493133388
AIAdultSlopeContact= 0.89404723190004
AIAdultLD50Contact= 0.0115103763644584
AILarvaSlope= 1.06210029311478
AILarvaLD50= 0.758280685124919
AIKOW= 7.25690367911011
AIKOC= 22.8021419560537
AIHalfLife= 3.31122710602358
EAppRate= 0.188400347740389
