ICQueenStrength= 4.71102377423085
RQWkrDrnRatio= 1.57770971953869
ICDroneMiteSurvivorship= 44.2370707169175
ICWorkerMiteSurvivorship= 25.6658453028649
ICForagerLifespan= 11.6450476190075
ImmType= Polynomial
AIAdultSlope= 1.42060257566627
AIAdultLD50= 0.158167507615872
AIAdultSlopeContact= 3.40687103475211
AIAdultLD50Contact= 0.011369859543629
AILarvaSlope= 2.50064568966627
AILarvaLD50= 0.05265830042772
AIKOW= 2.26797450706363
AIKOC= 9.85425500082783
AIHalfLife= 3.62449597800151
EAppRate= 0.619762603705749
