ICQueenStrength= 1.623741078889
RQWkrDrnRatio= 1.57841169647872
ICDroneMiteSurvivorship= 49.8182308394462
ICWorkerMiteSurvivorship= 14.5014894660562
ICForagerLifespan= 12.5803472604603
ImmType= Sine
AIAdultSlope= 2.60066935616545
AIAdultLD50= 0.165046219248325
AIAdultSlopeContact= 1.42572250152938
AIAdultLD50Contact= 0.0356429905514233
AILarvaSlope= 3.20855758022517
AILarvaLD50= 0.803159192623571
AIKOW= 7.76112180296332
AIKOC= 22.9067428631242
AIHalfLife= 1.74001921084709
EAppRate= 0
