ICQueenStrength= 5.78953710058704
RQWkrDrnRatio= 3.00242755934596
ICDroneMiteSurvivorship= 23.8930052611977
ICWorkerMiteSurvivorship= 9.95032917708158
ICForagerLifespan= 7.59056630544364
ImmType= Sine
AIAdultSlope= 5.30576819321141
