ICQueenStrength= 4.85756710194983
RQWkrDrnRatio= 1.85880771651864
ICDroneMiteSurvivorship= 33.3444870542735
ICWorkerMiteSurvivorship= 57.9820436658338
ICForagerLifespan= 14.2317721191794
ImmType= Polynomial
AIAdultSlope= 1.53377642324194
AIAdultLD50= 0.0578140583820641
AIAdultSlopeContact= 2.62034052847652
AIAdultLD50Contact= 0.0367422589217313
AILarvaSlope= 1.49805093104951
AILarvaLD50= 0.542731695855036
AIKOW= 2.70455293403938
AIKOC= 18.5338081221562
AIHalfLife= 11.4206961654127
EAppRate= 0.971989277517423
