ICQueenStrength= 4.83326229639351
RQWkrDrnRatio= 4.54237022157758
ICDroneMiteSurvivorship= 33.2732836483046
ICWorkerMiteSurvivorship= 74.919811822474
ICForagerLifespan= 11.4316440178081
ImmType= Exponential
AIAdultSlope= 1.72792070870055
AIAdultLD50= 0.176971799577586
AIAdultSlopeContact= 1.42352522866102
AIAdultLD50Contact= 0.00421616308158264
AILarvaSlope= 3.35828211456537
AILarvaLD50= 0.375740628805943
AIKOW= 3.0024789092131
AIKOC= 23.3463424502406
AIHalfLife= 4.03659679810517
EAppRate= 0.325760178919882
