ICQueenStrength= 4.43423922779039
RQWkrDrnRatio= 4.29956587776542
ICDroneMiteSurvivorship= 28.6993814166635
ICWorkerMiteSurvivorship= 71.4471379993483
ICForagerLifespan= 6.89762791618705
ImmType= Exponential
AIAdultSlope= 9.5868548261933
AIAdultLD50= 0.656920786947012
AIAdultSlopeContact= 3.3962556370534
AIAdultLD50Contact= 0.152722553303465
AILarvaSlope= 6.47971074096859
AILarvaLD50= 1.72207159921527
AIKOW= 33.5830132476985
AIKOC= 31.9131267024204
AIHalfLife= 4.40119208069518
EAppRate= 0.702591893728822
