ICQueenStrength= 5.63125082314946
RQWkrDrnRatio= 4.07348902523518
ICDroneMiteSurvivorship= 49.1408064728603
ICWorkerMiteSurvivorship= 13.0294239614159
ICForagerLifespan= 10.5669138068333
ImmType= Cosine
AIAdultSlope= 3.49096284949221
AIAdultLD50= 0.15418827009853
AIAdultSlopeContact= 2.11662863783073
AIAdultLD50Contact= 0.00850609069457278
AILarvaSlope= 2.32170846061781
AILarvaLD50= 0.281541904387996
AIKOW= 3.01521045994014
AIKOC= 22.7576179092284
AIHalfLife= 4.14405482937582
EAppRate= 0.698448926559649
