ICQueenStrength= 4.70637100772001
RQWkrDrnRatio= 2.94639660324901
ICDroneMiteSurvivorship= 1.63720976561308
ICWorkerMiteSurvivorship= 95.0787980109453
ICForagerLifespan= 11.1208423804492
ImmType= Polynomial
AIAdultLD50= 0.154012839635834
AIAdultSlopeContact= 2.98713168266695
AIAdultLD50Contact= 0.0491038902197033
AILarvaSlope= 2.52837713519111
AILarvaLD50= 0.585420433245599
AIKOW= 6.92144284583628
AIKOC= 24.0046558738686
AIHalfLife= 4.10315946722403
EAppRate= 1.85806313436478
