ICQueenStrength= 2.49474963196553
RQWkrDrnRatio= 3.76354894042015
ICDroneMiteSurvivorship= 18.7733304221183
ICWorkerMiteSurvivorship= 95.9809958236292
ICForagerLifespan= 12.6480183321983
ImmType= Tangent
AIAdultSlope= 3.35444219261408
AIAdultLD50= 2.03493163967505
AIAdultSlopeContact= 1.91490309508983
AIAdultLD50Contact= 0.00504270882811397
AILarvaSlope= 0.195419454202056
AILarvaLD50= 0.615672262595035
AIKOW= 5.4531279024668
AIKOC= 10.9426220483147
AIHalfLife= 0.0740249361842871
EAppRate= 0.110785578610376
