ICQueenStrength= 3.43579193251207
RQWkrDrnRatio= 3.80321071762592
ICDroneMiteSurvivorship= 82.0121925324202
ICWorkerMiteSurvivorship= 14.6443992853165
ICForagerLifespan= 10.607650116086
ImmType= Tangent
AIAdultSlope= 2.74954969799146
AIAdultLD50= 0.145796857308596
AIAdultSlopeContact= 0.489808926195838
AIAdultLD50Contact= 0.034853999176994
AILarvaSlope= 3.31000327160582
AILarvaLD50= 0.292676630546339
AIKOW= 7.30151233682409
AIKOC= 23.4440031764098
AIHalfLife= 2.27689131745137
EAppRate= 0.069220943027176
