ICQueenStrength= 2.8145889067091
RQWkrDrnRatio= 4.43576174043119
ICDroneMiteSurvivorship= 7.35005985479802
ICWorkerMiteSurvivorship= 6.5195090835914
ICForagerLifespan= 14.0519827436656
ImmType= Tangent
AIAdultSlope= 0.112392022879794
AIAdultLD50= 0.322924269363284
AIAdultSlopeContact= 2.30290286851348
AIAdultLD50Contact= 0.00655594578711316
AILarvaSlope= 1.27916459948756
AILarvaLD50= 0.446441921498626
AIKOW= 5.51520577352494
AIKOC= 21.227945900755
AIHalfLife= 7.93571470724419
EAppRate= 0.897339858813211
