ICQueenStrength= 4.38311112951487
RQWkrDrnRatio= 3.94909784849733
ICDroneMiteSurvivorship= 68.1941368617117
ICWorkerMiteSurvivorship= 53.2521144486964
ICForagerLifespan= 12.6989136505872
ImmType= Polynomial
AIAdultSlope= 3.00326868761331
AIAdultLD50= 0.118633455131203
AIAdultSlopeContact= 1.8740851372364
AIAdultLD50Contact= 0.047708585683722
AILarvaSlope= 2.35516796023585
AILarvaLD50= 0.710010516573675
AIKOW= 4.22233759472147
AIKOC= 8.21914620581083
AIHalfLife= 4.47468660026789
EAppRate= 0.490174317732453
