ICQueenStrength= 5.2242434551008
RQWkrDrnRatio= 2.74736454617232
ICDroneMiteSurvivorship= 96.07727562543
ICWorkerMiteSurvivorship= 76.3841015752405
ICForagerLifespan= 5.39207431860268
ImmType= Sine
AIAdultSlope= 8.67684771539643
