ICQueenStrength= 4.34119089064188
RQWkrDrnRatio= 2.03301995620131
ICDroneMiteSurvivorship= 48.5954859992489
ICWorkerMiteSurvivorship= 60.5475677875802
ICForagerLifespan= 10.0323843965307
ImmType= Polynomial
AIAdultSlope= 0.190900199161842
AIAdultLD50= 1.81720077758655
AIAdultSlopeContact= 2.79871581351617
AIAdultLD50Contact= 0.0257378025329672
AILarvaSlope= 3.2736595723778
AILarvaLD50= 0.230465992866084
AIKOW= 4.99881729111075
AIKOC= 24.3714770954102
AIHalfLife= 13.4280908405781
EAppRate= 0.726432181196287
