ICQueenStrength= 5.96523384237662
RQWkrDrnRatio= 4.40857265982777
ICDroneMiteSurvivorship= 53.3302434021607
ICWorkerMiteSurvivorship= 43.2874110992998
ICForagerLifespan= 13.4610271686688
ImmType= Exponential
AIAdultSlope= 1.83857148175361
AIAdultLD50= 0.415807470679283
AIAdultSlopeContact= 0.776934040251654
AIAdultLD50Contact= 0.00835793789010495
AILarvaSlope= 3.12420196975581
AILarvaLD50= 0.876623354433104
AIKOW= 3.59387545194477
AIKOC= 25.1426625018939
AIHalfLife= 4.35350223444402
EAppRate= 0.339260879717767
