ICQueenStrength= 5.74634447717108
RQWkrDrnRatio= 1.89772825874388
ICDroneMiteSurvivorship= 30.0077651860192
ICWorkerMiteSurvivorship= 66.4383020950481
ICForagerLifespan= 12.1747988751158
ImmType= Polynomial
AIAdultSlope= 3.27423571567051
AIAdultLD50= 0.0353400148451328
AIAdultSlopeContact= 3.47728102997644
AIAdultLD50Contact= 0.0170568008674309
AILarvaSlope= 2.19065145533532
AILarvaLD50= 0.386346553056501
AIKOW= 7.61545715434477
AIKOC= 29.7418852290139
AIHalfLife= 6.71028125286102
EAppRate= 0.239242401905358
