ICQueenStrength= 4.39276613085531
RQWkrDrnRatio= 3.82036590296775
ICDroneMiteSurvivorship= 87.606519414112
ICWorkerMiteSurvivorship= 2.60161305777729
ICForagerLifespan= 9.20571344345808
ImmType= Polynomial
AIAdultSlopeContact= 3.05184758792399
AIAdultLD50Contact= 0.0061205820646137
AILarvaSlope= 1.86854922058992
AILarvaLD50= 0.542422106279992
AIKOW= 4.17059195740148
AIKOC= 25.294200925855
AIHalfLife= 3.3185791214928
