ICQueenStrength= 2.29822247847915
RQWkrDrnRatio= 4.88321700785309
