ICQueenStrength= 5.28534497390501
RQWkrDrnRatio= 3.82381404843181
ICDroneMiteSurvivorship= 30.7809963123873
ICWorkerMiteSurvivorship= 66.4973211009055
ICForagerLifespan= 14.9523624097928
ImmType= Polynomial
AIAdultLD50= 0.154012839635834
AIAdultSlopeContact= 0.96284542440204
AIAdultLD50Contact= 0.0046334273647517
AILarvaSlope= 2.66901616705582
AILarvaLD50= 0.372117785643786
AIKOW= 2.0534602436237
AIKOC= 29.1293303202838
AIHalfLife= 9.0761896376498
EAppRate= 1.20084367226809
