ICQueenStrength= 1.54832463734783
RQWkrDrnRatio= 3.59986301884055
ICDroneMiteSurvivorship= 5.31774812843651
ICWorkerMiteSurvivorship= 92.7369688870385
ICForagerLifespan= 5.22550607100129
ImmType= Polynomial
AIAdultSlope= 2.13444302608259
AIAdultSlopeContact= 2.8374118013517
AIAdultLD50Contact= 0.0117828166228719
AILarvaSlope= 0.0375204018782824
AILarvaLD50= 0.464200291992165
AIKOW= 7.369817500934
AIKOC= 9.65969854849391
AIHalfLife= 7.02206865651533
