ICQueenStrength= 3.28959978558123
RQWkrDrnRatio= 2.60539098549634
ICDroneMiteSurvivorship= 4.61781632620841
ICWorkerMiteSurvivorship= 72.6046449737623
ICForagerLifespan= 6.95092743821442
ImmType= Polynomial
AIAdultSlope= 3.25394633710384
AIAdultLD50= 0.0784284748369828
AIAdultSlopeContact= 2.10586860935669
AIAdultLD50Contact= 0.00970112185459584
AILarvaSlope= 0.839612485514954
AILarvaLD50= 0.220650346507318
AIKOW= 7.79806720372289
AIKOC= 22.6007673726417
AIHalfLife= 4.37509138719179
EAppRate= 0.579838034883141
