ICQueenStrength= 3.24993180367164
RQWkrDrnRatio= 2.06664144992828
ICDroneMiteSurvivorship= 29.02627075091
ICWorkerMiteSurvivorship= 22.3151175305247
ICForagerLifespan= 10.3947514435276
ImmType= Cosine
AIAdultSlopeContact= 0.738849777358119
AIAdultLD50Contact= 0.009547117294278
AILarvaSlope= 1.79114887169562
AILarvaLD50= 0.531986000435427
AIKOW= 4.33717954903841
AIKOC= 20.3730769350659
AIHalfLife= 2.49504997394979
