ICQueenStrength= 2.41912360792048
RQWkrDrnRatio= 4.59192611370236
ICDroneMiteSurvivorship= 75.7275570649654
ICWorkerMiteSurvivorship= 16.178936464712
ICForagerLifespan= 10.7383042331785
ImmType= Logarithmic
AIAdultSlope= 1.32481377763208
AIAdultLD50= 0.178651476278901
AIAdultSlopeContact= 3.44089532876154
AIAdultLD50Contact= 0.0465742117259651
AILarvaSlope= 0.689490396715701
AILarvaLD50= 0.206166757503524
AIKOW= 3.87331429729238
AIKOC= 10.807615746744
AIHalfLife= 4.96432586573064
EAppRate= 0.383552190335467
