ICQueenStrength= 4.94295907579362
RQWkrDrnRatio= 4.64837385993451
ICDroneMiteSurvivorship= 0.595847424119711
ICWorkerMiteSurvivorship= 38.087776536122
ICForagerLifespan= 7.29356165509671
ImmType= Polynomial
AIAdultSlopeContact= 8.74807861167938
AIAdultLD50Contact= 0.100182560645044
AILarvaSlope= 6.75511281937361
AILarvaLD50= 0.870457345154136
AIKOW= 69.7275306098163
AIKOC= 69.8030462954193
AIHalfLife= 12.5716749569401
