ICQueenStrength= 1.996780769201
RQWkrDrnRatio= 4.98699404485524
ICDroneMiteSurvivorship= 90.4312117258087
ICWorkerMiteSurvivorship= 85.8883384615183
ICForagerLifespan= 13.8887770893052
ImmType= Cosine
AIAdultSlope= 3.27997857234441
AIAdultLD50= 0.655419342918321
AIAdultSlopeContact= 2.67905997668859
AIAdultLD50Contact= 0.00518397168489173
AILarvaSlope= 2.46829785285518
AILarvaLD50= 0.783474874100648
AIKOW= 4.59187666047364
AIKOC= 22.4803706235252
AIHalfLife= 7.93909642891958
EAppRate= 0.0731808182317764
