ICQueenStrength= 4.46685967640951
RQWkrDrnRatio= 3.84786046668887
ICDroneMiteSurvivorship= 4.84963259659708
ICWorkerMiteSurvivorship= 50.2637909492478
ICForagerLifespan= 14.7318576099351
ImmType= Sine
AIAdultSlopeContact= 1.78389592361636
AIAdultLD50Contact= 0.0479941871599294
AILarvaSlope= 0.609291343623772
AILarvaLD50= 0.571204652753659
AIKOW= 7.39379029301926
AIKOC= 26.4903818967286
AIHalfLife= 12.712331967894
