ICQueenStrength= 3.18389119487256
RQWkrDrnRatio= 3.27863149810582
ICDroneMiteSurvivorship= 7.39028821699321
ICWorkerMiteSurvivorship= 86.5512944292277
ICForagerLifespan= 12.6986047076061
ImmType= Exponential
AIAdultSlope= 1.49706603029743
AIAdultLD50= 0.383398213656619
AIAdultSlopeContact= 3.78593243229669
AIAdultLD50Contact= 0.0015074756112881
AILarvaSlope= 1.24138154066168
AILarvaLD50= 0.594343190034851
AIKOW= 5.9288652902469
AIKOC= 17.6446449081413
AIHalfLife= 1.41006753663532
EAppRate= 0.641057185526006
