ICQueenStrength= 2.03000083356164
RQWkrDrnRatio= 4.01824072562158
ICDroneMiteSurvivorship= 42.0469446340576
ICWorkerMiteSurvivorship= 34.4356858637184
ICForagerLifespan= 13.4204100640491
ImmType= Exponential
AIAdultSlope= 3.17883937489241
AIAdultLD50= 0.50689922994934
AIAdultSlopeContact= 1.45911783428164
AIAdultLD50Contact= 1.01915677078068e-05
AILarvaSlope= 2.79023704784922
AILarvaLD50= 0.107871313579381
AIKOW= 7.77529727201909
AIKOC= 8.06392022175714
AIHalfLife= 0.364287598058581
EAppRate= 0.731545492308214
