ICQueenStrength= 1.93949190806597
RQWkrDrnRatio= 4.60118396114558
ICDroneMiteSurvivorship= 66.7636261321604
ICWorkerMiteSurvivorship= 94.98819289729
ICForagerLifespan= 13.0828290591016
ImmType= Sine
AIAdultSlope= 2.80554093132494
AIAdultLD50= 0.267241459107026
AIAdultSlopeContact= 3.06926477140747
AIAdultLD50Contact= 0.0499640760710463
AILarvaSlope= 0.587754742894322
AILarvaLD50= 0.581071972078644
AIKOW= 5.2641579862684
AIKOC= 25.6206061062403
AIHalfLife= 4.9816012638621
EAppRate= 0.0275270666461438
