ICQueenStrength= 1.70311798015609
RQWkrDrnRatio= 2.22570716124028
ICDroneMiteSurvivorship= 15.7651871442795
ICWorkerMiteSurvivorship= 6.00964380428195
ICForagerLifespan= 15.4800023064017
ImmType= Exponential
AIAdultSlope= 1.71979847741313
AIAdultLD50= 2.25284939515404
AIAdultSlopeContact= 0.7122958022682
AIAdultLD50Contact= 0.034759744128678
AILarvaSlope= 2.83696383796632
AILarvaLD50= 0.200300462124869
AIKOW= 2.29359658807516
AIKOC= 29.3693675729446
AIHalfLife= 13.1539177140221
EAppRate= 0.535387886455283
