ICQueenStrength= 4.71369529049844
RQWkrDrnRatio= 2.76784464530647
ICDroneMiteSurvivorship= 0.590042700059712
ICWorkerMiteSurvivorship= 58.289573341608
ICForagerLifespan= 7.58356600254774
ImmType= Tangent
AIAdultSlope= 5.95237440196797
AIAdultLD50= 0.303705903701484
AIAdultSlopeContact= 2.12960281874985
AIAdultLD50Contact= 0.101591453934088
AILarvaSlope= 1.16462795529515
AILarvaLD50= 0.551386051811278
AIKOW= 92.0132022351027
AIKOC= 35.5125502217561
AIHalfLife= 8.8959178077057
EAppRate= 1.46598213212565
