ICQueenStrength= 1.6659157469403
RQWkrDrnRatio= 1.68107821512967
ICDroneMiteSurvivorship= 16.4755696430802
ICWorkerMiteSurvivorship= 72.3548135487363
ICForagerLifespan= 13.3466334436089
ImmType= Polynomial
AIAdultSlopeContact= 1.57269131340086
AIAdultLD50Contact= 0.0239696873351932
AILarvaSlope= 0.030159489903599
AILarvaLD50= 0.25987979429774
AIKOW= 5.24769306043163
AIKOC= 22.1571533952374
AIHalfLife= 8.89397006528452
