ICQueenStrength= 5.62260207044892
RQWkrDrnRatio= 2.23658426199108
ICDroneMiteSurvivorship= 70.3346379334107
ICWorkerMiteSurvivorship= 9.03274212032557
ICForagerLifespan= 8.9868840854615
ImmType= Cosine
AIAdultSlope= 2.91449431562796
AIAdultLD50= 0.350158451590687
AIAdultSlopeContact= 3.00694266613573
AIAdultLD50Contact= 0.0199979125871323
AILarvaSlope= 2.9850674552843
AILarvaLD50= 0.522895725443959
AIKOW= 4.5508275651373
AIKOC= 24.6077565720771
AIHalfLife= 4.99779942957684
EAppRate= 0.630690425634384
