ICQueenStrength= 3.62575153028592
RQWkrDrnRatio= 4.21065959520638
ICDroneMiteSurvivorship= 19.8839167598635
ICWorkerMiteSurvivorship= 27.9552143532783
ICForagerLifespan= 8.77588434703648
ImmType= Polynomial
AIAdultSlope= 0.390755016293842
AIAdultLD50= 0.247909888275899
AIAdultSlopeContact= 0.503713869843632
AIAdultLD50Contact= 0.0401963142678142
AILarvaSlope= 2.81368081928231
AILarvaLD50= 0.677102297823876
AIKOW= 3.61216685734689
AIKOC= 12.8836590168066
AIHalfLife= 1.66596015333198
EAppRate= 0
