ICQueenStrength= 1.91795555083081
RQWkrDrnRatio= 4.98897998966277
ICDroneMiteSurvivorship= 59.6764736576006
ICWorkerMiteSurvivorship= 19.6305680088699
ICForagerLifespan= 15.5359147107229
ImmType= Tangent
AIAdultSlopeContact= 1.35425902952906
AIAdultLD50Contact= 0.0140935430419631
AILarvaSlope= 1.87072675232776
AILarvaLD50= 0.462640566914342
AIKOW= 3.09075857885182
AIKOC= 16.8121298844926
AIHalfLife= 2.54866075981408
