ICQueenStrength= 3.65391123713925
RQWkrDrnRatio= 4.57678026426584
ICDroneMiteSurvivorship= 80.0255923997611
ICWorkerMiteSurvivorship= 25.781577383168
ICForagerLifespan= 6.96273943968117
ImmType= Polynomial
AIAdultSlope= 3.22543121525086
AIAdultLD50= 1.10017898445949
AIAdultSlopeContact= 0.755728439684026
AIAdultLD50Contact= 0.0415282342233695
AILarvaSlope= 0.417207398731262
AILarvaLD50= 0.29773420218844
AIKOW= 6.40551169821993
AIKOC= 28.7922694708686
AIHalfLife= 10.6966643184423
EAppRate= 0.0475046255160123
