ICQueenStrength= 4.55125782545656
RQWkrDrnRatio= 4.14130508434027
ICDroneMiteSurvivorship= 81.9562015822157
ICWorkerMiteSurvivorship= 14.3414899706841
ICForagerLifespan= 10.530456950888
ImmType= Logarithmic
AIAdultSlope= 1.03882691245526
AIAdultLD50= 2.7492705155164
AIAdultSlopeContact= 1.73104551621247
AIAdultLD50Contact= 0.0469024661113508
AILarvaSlope= 1.78504791352898
AILarvaLD50= 0.759005161514506
AIKOW= 7.28640755498782
AIKOC= 20.1818237092812
AIHalfLife= 11.656086620409
EAppRate= 0.171891371253878
