ICQueenStrength= 5.49043098953553
RQWkrDrnRatio= 1.75559197552502
ICDroneMiteSurvivorship= 97.207504697144
ICWorkerMiteSurvivorship= 16.1916376324371
ICForagerLifespan= 6.7412299066782
ImmType= Tangent
AIAdultLD50= 0.154012839635834
AIAdultSlopeContact= 2.234260323497
AIAdultLD50Contact= 0.0414639896363951
AILarvaSlope= 1.66601252742112
AILarvaLD50= 0.596207707514986
AIKOW= 3.76595406606793
AIKOC= 17.6215636148117
AIHalfLife= 2.44197832746431
EAppRate= 1.67022101953626
