ICQueenStrength= 1.79188047675416
RQWkrDrnRatio= 4.09734840132296
ICDroneMiteSurvivorship= 59.0805561281741
ICWorkerMiteSurvivorship= 83.6411552736536
ICForagerLifespan= 7.51567529141903
ImmType= Logarithmic
AIAdultSlope= 0.307183532025665
AIAdultLD50= 0.446495452313684
AIAdultSlopeContact= 2.46285527037922
AIAdultLD50Contact= 0.0444786259438843
AILarvaSlope= 2.68685492416844
AILarvaLD50= 0.507143761077896
AIKOW= 5.63595158001408
AIKOC= 15.4035417549312
AIHalfLife= 2.19588800682686
EAppRate= 0.370682861749083
