ICQueenStrength= 4.77503554569557
RQWkrDrnRatio= 3.53664371371269
ICDroneMiteSurvivorship= 52.2067706566304
ICWorkerMiteSurvivorship= 82.9416855704039
ICForagerLifespan= 4.68035901617259
ImmType= Logarithmic
AIAdultSlope= 1.66396840505535
AIAdultLD50= 0.164763099746779
AIAdultSlopeContact= 1.95347509254003
AIAdultLD50Contact= 0.0369017714983784
AILarvaSlope= 2.79323041639291
AILarvaLD50= 0.00654467067215592
AIKOW= 2.68964914046228
AIKOC= 28.5728296800517
AIHalfLife= 1.82708331965841
EAppRate= 0.116708749346435
