ICQueenStrength= 1.08694064687006
RQWkrDrnRatio= 4.40494007617235
ICDroneMiteSurvivorship= 94.364896370098
ICWorkerMiteSurvivorship= 91.8633071240038
ICForagerLifespan= 8.92548114620149
ImmType= Exponential
AIAdultSlope= 1.93252669237554
AIAdultLD50= 0.192909169010818
AIAdultSlopeContact= 0.261978457518853
AIAdultLD50Contact= 0.0499183826497756
AILarvaSlope= 1.75952770709991
AILarvaLD50= 0.549862864217721
AIKOW= 3.01159479608759
AIKOC= 18.6374894005712
AIHalfLife= 6.65115501498803
EAppRate= 0.807534554507583
