ICQueenStrength= 2.04089492582716
RQWkrDrnRatio= 3.27800137083977
ICDroneMiteSurvivorship= 57.7671064063907
ICWorkerMiteSurvivorship= 32.8131932299584
ICForagerLifespan= 11.8401303328574
ImmType= Exponential
AIAdultSlope= 2.95065046325326
AIAdultLD50= 1.21062853652984
AIAdultSlopeContact= 1.85116651760414
AIAdultLD50Contact= 0.0228922345209867
AILarvaSlope= 0.295256425905973
AILarvaLD50= 0.139140254817903
AIKOW= 3.72743487078696
AIKOC= 20.6061401066836
AIHalfLife= 10.2266478273086
EAppRate= 0.679389008553699
