ICQueenStrength= 4.96095942007378
RQWkrDrnRatio= 1.20130443852395
ICDroneMiteSurvivorship= 38.5836720932275
ICWorkerMiteSurvivorship= 73.4532681992278
ICForagerLifespan= 13.6345334779471
ImmType= Cosine
AIAdultSlope= 3.28040240274975
AIAdultLD50= 0.110375031130388
AIAdultSlopeContact= 2.5445848443266
AIAdultLD50Contact= 0.00956996489549056
AILarvaSlope= 0.424270902248099
AILarvaLD50= 0.405653196852654
AIKOW= 5.38448902405798
AIKOC= 12.1351837425027
AIHalfLife= 3.24861238128506
EAppRate= 0
