ICQueenStrength= 1.71997320279479
RQWkrDrnRatio= 4.71291928831488
ICDroneMiteSurvivorship= 7.88673972710967
ICWorkerMiteSurvivorship= 76.7130982829258
ICForagerLifespan= 11.1483034035191
ImmType= Exponential
AIAdultSlope= 1.35981113149552
AIAdultLD50= 0.272690415033139
AIAdultSlopeContact= 2.0179764721496
AIAdultLD50Contact= 0.0365110876504332
AILarvaSlope= 0.101062503317371
AILarvaLD50= 0.643433901644312
AIKOW= 5.93453560303897
AIKOC= 9.43801971850917
AIHalfLife= 1.02152562700212
EAppRate= 0
