ICQueenStrength= 1.34219338209368
RQWkrDrnRatio= 2.130669971928
ICDroneMiteSurvivorship= 37.6656247070059
ICWorkerMiteSurvivorship= 63.1898378022015
ICForagerLifespan= 9.80892219021916
ImmType= Sine
AIAdultSlope= 0.285135832645465
AIAdultLD50= 0.401491343043745
AIAdultSlopeContact= 3.64903564294567
AIAdultLD50Contact= 0.0253503098036163
AILarvaSlope= 0.0110897761769593
AILarvaLD50= 0.863482700334862
AIKOW= 5.37781016156077
AIKOC= 17.460647826083
AIHalfLife= 2.36639380455017
EAppRate= 0
