ICQueenStrength= 5.13514964398928
RQWkrDrnRatio= 2.05143080092967
ICDroneMiteSurvivorship= 72.7345896651968
ICWorkerMiteSurvivorship= 91.8047127779573
ICForagerLifespan= 13.5842387955636
ImmType= Exponential
AIAdultSlope= 3.0882650633622
AIAdultLD50= 0.479345679632388
AIAdultSlopeContact= 0.255656070602126
AIAdultLD50Contact= 0.0128619919996709
AILarvaSlope= 1.89468935742043
AILarvaLD50= 0.400056870211847
AIKOW= 5.36994103947654
AIKOC= 19.8523499839939
AIHalfLife= 0.121149880578741
EAppRate= 0.681316633312963
