ICQueenStrength= 3.58589848410338
RQWkrDrnRatio= 1.0507453866303
ICDroneMiteSurvivorship= 62.3066580854356
ICWorkerMiteSurvivorship= 77.8913777088746
ICForagerLifespan= 8.36091178841889
ImmType= Tangent
AIAdultSlope= 2.8492676181253
AIAdultLD50= 0.43969913595356
AIAdultSlopeContact= 2.12982378330315
AIAdultLD50Contact= 0.0358007353497669
AILarvaSlope= 1.03032380156219
AILarvaLD50= 0.164062109054066
AIKOW= 5.16800772491843
AIKOC= 7.30306547600776
AIHalfLife= 13.5043376768008
EAppRate= 0.445308781694621
