ICQueenStrength= 3.12482906761579
RQWkrDrnRatio= 3.51521112956107
ICDroneMiteSurvivorship= 61.4551058970392
ICWorkerMiteSurvivorship= 99.2081380216405
ICForagerLifespan= 5.64065140858293
ImmType= Cosine
AIAdultSlope= 3.35886971740983
AIAdultLD50= 2.52496424876153
AIAdultSlopeContact= 3.21911064426647
AIAdultLD50Contact= 0.0486126870731823
AILarvaSlope= 0.469945515366271
AILarvaLD50= 0.154691763035953
AIKOW= 5.2683179108426
AIKOC= 7.99383009551093
AIHalfLife= 8.5963943800889
EAppRate= 0.480601768009365
