ICQueenStrength= 4.9555661729537
RQWkrDrnRatio= 2.24977394472808
ICDroneMiteSurvivorship= 74.2723288014531
ICWorkerMiteSurvivorship= 42.309954110533
ICForagerLifespan= 11.1189608052373
ImmType= Cosine
AIAdultSlope= 0.32102803281974
AIAdultLD50= 0.334201371762902
AIAdultSlopeContact= 1.47297369235894
AIAdultLD50Contact= 0.00885567960795015
AILarvaSlope= 2.50181308044121
AILarvaLD50= 0.364538205787539
AIKOW= 3.13369714934379
AIKOC= 8.64855817169882
AIHalfLife= 0.20412583486177
EAppRate= 0.431087501673028
