ICQueenStrength= 2.63389724679291
RQWkrDrnRatio= 3.42990433424711
ICDroneMiteSurvivorship= 64.7800595965236
ICWorkerMiteSurvivorship= 80.6223612511531
ICForagerLifespan= 6.65454349014908
ImmType= Tangent
AIAdultSlope= 0.0310964482510462
AIAdultLD50= 0.129839933011681
AIAdultSlopeContact= 1.69914274294395
AIAdultLD50Contact= 0.00384264169260859
AILarvaSlope= 1.46515647298656
AILarvaLD50= 0.387104494613595
AIKOW= 7.14470335142687
AIKOC= 10.7665108004585
AIHalfLife= 4.43108531297185
EAppRate= 0
