ICQueenStrength= 4.87654023361392
RQWkrDrnRatio= 4.63136301003397
ICDroneMiteSurvivorship= 88.3863810449839
ICWorkerMiteSurvivorship= 34.1281248256564
ICForagerLifespan= 11.5646449252963
ImmType= Sine
AIAdultSlope= 1.31934319153195
AIAdultLD50= 0.0987641531974077
AIAdultSlopeContact= 1.78241557970876
AIAdultLD50Contact= 0.0242686649318784
AILarvaSlope= 0.121727587562054
AILarvaLD50= 0.113048580894247
AIKOW= 6.55867304839194
AIKOC= 29.3232418375555
AIHalfLife= 1.84247181401588
EAppRate= 0
