ICQueenStrength= 5.24017926095985
RQWkrDrnRatio= 3.87587046995759
ICDroneMiteSurvivorship= 56.8675270304084
ICWorkerMiteSurvivorship= 79.05555551406
ICForagerLifespan= 10.542233181186
ImmType= Exponential
AIAdultSlope= 3.02822716742987
AIAdultLD50= 0.0196438169805333
AIAdultSlopeContact= 0.00377156507922336
AIAdultLD50Contact= 0.0100356900598854
AILarvaSlope= 0.578621226828545
AILarvaLD50= 0.476320744212717
AIKOW= 2.00160623388365
AIKOC= 27.2026827046648
AIHalfLife= 2.14294723584317
EAppRate= 0.241650395351462
