ICQueenStrength= 3.15519589022733
RQWkrDrnRatio= 2.48055208474398
ICDroneMiteSurvivorship= 14.5311157451943
ICWorkerMiteSurvivorship= 42.3532710410655
ICForagerLifespan= 5.68379309494048
ImmType= Exponential
AIAdultSlope= 3.63605391594116
AIAdultLD50= 0.146333156852052
AIAdultSlopeContact= 3.11122530471068
AIAdultLD50Contact= 0.0456253840471618
AILarvaSlope= 3.32496442729607
AILarvaLD50= 0.240421041590162
AIKOW= 5.8895279164426
AIKOC= 25.5682089843322
AIHalfLife= 4.78778345626779
EAppRate= 0
