ICQueenStrength= 3.20593846868724
RQWkrDrnRatio= 4.58635629806668
ICDroneMiteSurvivorship= 14.8448226973414
ICWorkerMiteSurvivorship= 18.6765703605488
ICForagerLifespan= 14.5139821935445
ImmType= Tangent
AIAdultSlope= 2.46386504317634
AIAdultSlopeContact= 1.81333164187381
AIAdultLD50Contact= 0.0203917753067799
AILarvaSlope= 1.14190150042996
AILarvaLD50= 0.252142201527022
AIKOW= 7.53284630971029
AIKOC= 8.91351645230316
AIHalfLife= 10.2598807392642
