ICQueenStrength= 3.86567407893017
RQWkrDrnRatio= 1.08573161810637
ICDroneMiteSurvivorship= 39.5136584760621
ICWorkerMiteSurvivorship= 82.0183351403102
ICForagerLifespan= 4.50419967528433
ImmType= Sine
AIAdultSlope= 4.84215650707483
