ICQueenStrength= 4.98889441974461
RQWkrDrnRatio= 4.05131307989359
ICDroneMiteSurvivorship= 42.2566412948072
ICWorkerMiteSurvivorship= 55.4929202888161
ICForagerLifespan= 10.8095850106329
ImmType= Exponential
AIAdultSlope= 3.67938695843797
AIAdultLD50= 0.348334259120747
AIAdultSlopeContact= 0.55917865119176
AIAdultLD50Contact= 0.00084791419794783
AILarvaSlope= 2.437360053882
AILarvaLD50= 0.512375941802748
AIKOW= 2.34560477174819
AIKOC= 16.1836045049131
AIHalfLife= 0.921999850543216
EAppRate= 0.300074571394362
