ICQueenStrength= 3.09908018237911
RQWkrDrnRatio= 3.4546956634149
ICDroneMiteSurvivorship= 76.4542105607688
ICWorkerMiteSurvivorship= 66.7247732402757
ICForagerLifespan= 10.6568211149424
ImmType= Logarithmic
AIAdultSlopeContact= 0.996871352645103
AIAdultLD50Contact= 0.00965665724361315
AILarvaSlope= 2.92145407046191
AILarvaLD50= 0.677445710892789
AIKOW= 5.05201569385827
AIKOC= 13.1065897655208
AIHalfLife= 10.6914672963321
