ICQueenStrength= 3.30129740317352
RQWkrDrnRatio= 2.66298249643296
ICDroneMiteSurvivorship= 64.2371741589159
ICWorkerMiteSurvivorship= 19.3481480469927
ICForagerLifespan= 6.09546360000968
ImmType= Exponential
AIAdultSlope= 2.41134233130841
AIAdultLD50= 0.422855146694928
AIAdultSlopeContact= 0.533567171394825
AIAdultLD50Contact= 0.0118982234620489
AILarvaSlope= 1.75062996996567
AILarvaLD50= 0.0325195415178314
AIKOW= 2.95906187593937
AIKOC= 18.2045483333059
AIHalfLife= 3.59990253346041
EAppRate= 0.333337126090191
