ICQueenStrength= 4.28155337367207
RQWkrDrnRatio= 4.06714862398803
ICDroneMiteSurvivorship= 82.6975590549409
ICWorkerMiteSurvivorship= 5.36171114072204
ICForagerLifespan= 8.09176394343376
ImmType= Tangent
AIAdultSlope= 6.91264389082789
