ICQueenStrength= 2.68862230610102
RQWkrDrnRatio= 3.9898664560169
ICDroneMiteSurvivorship= 95.1635006815195
ICWorkerMiteSurvivorship= 57.8785473946482
ICForagerLifespan= 9.48621057253331
ImmType= Sine
AIAdultSlope= 2.49021310564131
AIAdultLD50= 0.831571976887062
AIAdultSlopeContact= 3.1810946916067
AIAdultLD50Contact= 0.0447501109796576
AILarvaSlope= 2.49406797820702
AILarvaLD50= 0.352975098579191
AIKOW= 2.4868850549683
AIKOC= 13.9684455131646
AIHalfLife= 1.38946122303605
EAppRate= 0.941568207461387
