ICQueenStrength= 5.70479880576022
RQWkrDrnRatio= 3.61782383639365
ICDroneMiteSurvivorship= 97.5356960203499
ICWorkerMiteSurvivorship= 75.326031493023
ICForagerLifespan= 11.9168989378959
ImmType= Polynomial
AIAdultSlopeContact= 8.88050042558461
AIAdultLD50Contact= 0.132767106918618
AILarvaSlope= 1.16139384917915
AILarvaLD50= 0.914318921044469
AIKOW= 72.8921817848459
AIKOC= 95.3719295794144
AIHalfLife= 1.10114395665005
