ICQueenStrength= 1.00435706577264
RQWkrDrnRatio= 4.26988778822124
ICDroneMiteSurvivorship= 96.2683669757098
ICWorkerMiteSurvivorship= 92.726249829866
ICForagerLifespan= 6.00981091801077
ImmType= Logarithmic
AIAdultSlope= 1.05651996698929
AIAdultLD50= 0.303404461592436
AIAdultSlopeContact= 3.84242345654871
AIAdultLD50Contact= 0.00255813390249386
AILarvaSlope= 3.06874949648045
AILarvaLD50= 0.761646212870255
AIKOW= 7.73185920715332
AIKOC= 17.9934785247315
AIHalfLife= 3.38474738644436
EAppRate= 0.586558920680545
