ICQueenStrength= 2.017272293102
RQWkrDrnRatio= 4.76422061119229
ICDroneMiteSurvivorship= 47.6255800342187
ICWorkerMiteSurvivorship= 64.3422225955874
ICForagerLifespan= 4.19638595730066
ImmType= Cosine
AIAdultSlope= 2.37067644488998
AIAdultLD50= 0.158844018587843
AIAdultSlopeContact= 2.76369209962897
AIAdultLD50Contact= 0.0451681209378876
AILarvaSlope= 1.27748727449216
AILarvaLD50= 0.434795130835846
AIKOW= 3.25646824575961
AIKOC= 7.11403418215923
AIHalfLife= 0.533680507447571
EAppRate= 0.894144152989611
