ICQueenStrength= 5.9931137112435
RQWkrDrnRatio= 3.17922786343843
ICDroneMiteSurvivorship= 67.2937067924067
ICWorkerMiteSurvivorship= 62.7878297585994
ICForagerLifespan= 12.8336697034538
ImmType= Exponential
AIAdultSlopeContact= 3.13072520457907
AIAdultLD50Contact= 0.0438031162833795
AILarvaSlope= 0.110125825274736
AILarvaLD50= 0.873287097341381
AIKOW= 7.23819494573399
AIKOC= 8.33660902106203
AIHalfLife= 13.9052474610507
