ICQueenStrength= 1.23724392871372
RQWkrDrnRatio= 1.57805199641734
ICDroneMiteSurvivorship= 49.7550128260627
ICWorkerMiteSurvivorship= 93.5775910271332
ICForagerLifespan= 8.04601449333131
ImmType= Polynomial
AIAdultSlope= 2.94381152645918
AIAdultLD50= 0.345531902043149
AIAdultSlopeContact= 2.83200549663277
AIAdultLD50Contact= 0.0199894125340506
AILarvaSlope= 1.28755915416405
AILarvaLD50= 0.782480522221886
AIKOW= 4.01615503244102
AIKOC= 16.6395092452876
AIHalfLife= 1.86614810023457
EAppRate= 0.648948165844195
