ICQueenStrength= 3.14748910628259
RQWkrDrnRatio= 1.61351928673685
