ICQueenStrength= 5.8760615719948
RQWkrDrnRatio= 4.43682767450809
ICDroneMiteSurvivorship= 8.62589469179511
ICWorkerMiteSurvivorship= 38.1511772749946
ICForagerLifespan= 4.23408671002835
ImmType= Tangent
AIAdultSlope= 1.22236228189431
AIAdultLD50= 0.559210658306256
AIAdultSlopeContact= 2.53711990209064
AIAdultLD50Contact= 0.00794667940353975
AILarvaSlope= 1.60333765028045
AILarvaLD50= 0.527333433134481
AIKOW= 5.01125067099929
AIKOC= 11.6755435138475
AIHalfLife= 1.93597193015739
EAppRate= 0.710944808553904
