ICQueenStrength= 4.76698819804005
RQWkrDrnRatio= 1.29035131447017
ICDroneMiteSurvivorship= 71.2143412325531
ICWorkerMiteSurvivorship= 41.4508025394753
ICForagerLifespan= 15.6187506765127
ImmType= Tangent
AIAdultSlope= 9.57649529911578
