ICQueenStrength= 2.12534305895679
RQWkrDrnRatio= 1.25778504833579
ICDroneMiteSurvivorship= 4.86239597667009
ICWorkerMiteSurvivorship= 12.6151832519099
ICForagerLifespan= 10.5675063570961
ImmType= Polynomial
AIAdultSlopeContact= 2.51405010232702
AIAdultLD50Contact= 0.153461367543787
AILarvaSlope= 7.18883142340928
AILarvaLD50= 0.0256360094062984
AIKOW= 95.5081396969035
AIKOC= 26.2598695233464
AIHalfLife= 3.6443850682117
