ICQueenStrength= 5.83098998432979
RQWkrDrnRatio= 2.91934739984572
ICDroneMiteSurvivorship= 0.832399912178516
ICWorkerMiteSurvivorship= 79.9752765800804
ICForagerLifespan= 6.91375638265163
ImmType= Exponential
AIAdultSlopeContact= 1.1367764010164
AIAdultLD50Contact= 0.00649425149895251
AILarvaSlope= 2.24268568744883
AILarvaLD50= 0.886160525889136
AIKOW= 6.61389878904447
AIKOC= 23.2124732469674
AIHalfLife= 12.9971361723728
