ICQueenStrength= 4.20434178924188
RQWkrDrnRatio= 2.91967183165252
ICDroneMiteSurvivorship= 26.5563178807497
ICWorkerMiteSurvivorship= 7.30838708113879
ICForagerLifespan= 10.4222819441929
ImmType= Polynomial
AIAdultSlope= 7.6999538205564
