ICQueenStrength= 3.10855660028756
RQWkrDrnRatio= 4.22989183291793
ICDroneMiteSurvivorship= 43.648687005043
ICWorkerMiteSurvivorship= 11.6548431571573
ICForagerLifespan= 8.72380649298429
ImmType= Exponential
AIAdultSlopeContact= 3.18091040202649
AIAdultLD50Contact= 0.0199599129497074
AILarvaSlope= 2.68882323675789
AILarvaLD50= 0.499634499312378
AIKOW= 4.99273240379989
AIKOC= 18.0424217903055
AIHalfLife= 11.4441220923327
