ICQueenStrength= 1.19337661913596
RQWkrDrnRatio= 1.37113305088133
ICDroneMiteSurvivorship= 3.61894140951335
ICWorkerMiteSurvivorship= 29.1140760295093
ICForagerLifespan= 4.09023706614971
ImmType= Logarithmic
AIAdultSlope= 2.03761491342448
AIAdultLD50= 1.91468114568852
AIAdultSlopeContact= 1.06673759185709
AIAdultLD50Contact= 0.0455115439370275
AILarvaSlope= 3.29037298425101
AILarvaLD50= 0.621723508019932
AIKOW= 2.20554785663262
AIKOC= 18.6498325096909
AIHalfLife= 9.51747022708878
EAppRate= 0.761060586664826
