ICQueenStrength= 2.20509849628434
RQWkrDrnRatio= 2.07800534367561
ICDroneMiteSurvivorship= 76.367618702352
ICWorkerMiteSurvivorship= 29.008785658516
ICForagerLifespan= 10.5064314967021
ImmType= Logarithmic
AIAdultSlope= 0.558562123775482
AIAdultLD50= 0.0362561352085322
AIAdultSlopeContact= 1.72559535345761
AIAdultLD50Contact= 0.0144231506739743
AILarvaSlope= 3.12187892007641
AILarvaLD50= 0.587237421562895
AIKOW= 3.39338704477996
AIKOC= 7.50558013794944
AIHalfLife= 12.6016532238573
EAppRate= 0.233703556004912
