ICQueenStrength= 5.22199840191752
RQWkrDrnRatio= 2.62574821524322
ICDroneMiteSurvivorship= 57.5108782621101
ICWorkerMiteSurvivorship= 26.1250997893512
ICForagerLifespan= 8.98584123700857
ImmType= Logarithmic
AIAdultSlope= 2.31370604587952
AIAdultLD50= 0.176083613536321
AIAdultSlopeContact= 0.435873258642387
AIAdultLD50Contact= 0.0017014819313772
AILarvaSlope= 0.500204891618341
AILarvaLD50= 0.839600039902143
AIKOW= 5.78917685057968
AIKOC= 7.24148341221735
AIHalfLife= 1.15230465657078
EAppRate= 0
