ICQueenStrength= 4.00987779744901
RQWkrDrnRatio= 2.04953326005489
ICDroneMiteSurvivorship= 34.9280369235203
ICWorkerMiteSurvivorship= 14.2632100963965
ICForagerLifespan= 15.2886408697814
ImmType= Polynomial
AIAdultSlope= 1.65186670664698
AIAdultLD50= 2.93106858688407
AIAdultSlopeContact= 1.71703888040967
AIAdultLD50Contact= 0.00177488735644147
AILarvaSlope= 3.13851813222282
AILarvaLD50= 0.141811003675684
AIKOW= 2.82239934662357
AIKOC= 11.9097554543987
AIHalfLife= 0.79842184856534
EAppRate= 0.898574872408062
