ICQueenStrength= 1.89113502879627
RQWkrDrnRatio= 4.41585760843009
ICDroneMiteSurvivorship= 28.8021832471713
ICWorkerMiteSurvivorship= 1.21884727850556
ICForagerLifespan= 4.54094933345914
ImmType= Cosine
AIAdultSlope= 3.60720918451203
AIAdultLD50= 0.292203311226331
AIAdultSlopeContact= 0.0550576092023402
AIAdultLD50Contact= 0.03614533332875
AILarvaSlope= 2.08667681124061
AILarvaLD50= 0.736785880336538
AIKOW= 7.99993834691122
AIKOC= 17.1216528699733
AIHalfLife= 3.28280365676619
EAppRate= 0.254519188706763
