ICQueenStrength= 1.83925781119615
RQWkrDrnRatio= 4.45422947779298
