ICQueenStrength= 5.47893574484624
RQWkrDrnRatio= 4.00397738814354
ICDroneMiteSurvivorship= 38.9803413068876
ICWorkerMiteSurvivorship= 39.2879158724099
ICForagerLifespan= 8.22463540360332
ImmType= Logarithmic
AIAdultSlope= 1.94023312218487
AIAdultLD50= 0.470782798016444
AIAdultSlopeContact= 3.09030690560583
AIAdultLD50Contact= 0.010334984480869
AILarvaSlope= 0.770778798311949
AILarvaLD50= 0.201104532647878
AIKOW= 7.79585874127224
AIKOC= 15.2835317258723
AIHalfLife= 6.90792067628354
EAppRate= 0.650983802741393
