ICQueenStrength= 1.56009256863035
RQWkrDrnRatio= 1.85350271873176
ICDroneMiteSurvivorship= 9.48262803722173
ICWorkerMiteSurvivorship= 18.5622982447967
ICForagerLifespan= 11.4807223938406
ImmType= Cosine
AIAdultSlope= 3.07979383673519
AIAdultLD50= 0.216884617693722
AIAdultSlopeContact= 3.32518803646322
AIAdultLD50Contact= 0.0366330482414924
AILarvaSlope= 1.81883965069428
AILarvaLD50= 0.804830967192538
AIKOW= 6.685507719405
AIKOC= 19.6421155484859
AIHalfLife= 3.76020599273033
EAppRate= 0
