ICQueenStrength= 2.53144942247309
RQWkrDrnRatio= 1.47430843207985
ICDroneMiteSurvivorship= 75.4716581664979
ICWorkerMiteSurvivorship= 0.652150600217283
ICForagerLifespan= 15.5030679656193
ImmType= Polynomial
AIAdultSlope= 6.26568297622725
