ICQueenStrength= 3.16786118457094
RQWkrDrnRatio= 2.94889999274164
ICDroneMiteSurvivorship= 25.7713804021478
ICWorkerMiteSurvivorship= 18.4889983851463
ICForagerLifespan= 5.7493855105713
ImmType= Polynomial
AIAdultSlope= 0.656517799803987
AIAdultLD50= 1.42733160615899
AIAdultSlopeContact= 3.08655088313157
AIAdultLD50Contact= 0.0465888308477588
AILarvaSlope= 0.385564180277288
AILarvaLD50= 0.636559860105626
AIKOW= 2.77536405669525
AIKOC= 13.4648366493639
AIHalfLife= 3.19015983352438
EAppRate= 0.121349723543972
