ICQueenStrength= 2.96032483596355
RQWkrDrnRatio= 2.36459963023663
ICDroneMiteSurvivorship= 79.4312074780464
ICWorkerMiteSurvivorship= 18.9527172129601
ICForagerLifespan= 7.16978645697236
ImmType= Sine
AIAdultSlope= 1.6732154927915
AIAdultLD50= 0.0403291682014242
AIAdultSlopeContact= 0.990217629892286
AIAdultLD50Contact= 0.0462553885299712
AILarvaSlope= 0.748272640816867
AILarvaLD50= 0.527896438445896
AIKOW= 4.5952849755995
AIKOC= 13.4823494777083
AIHalfLife= 3.19384756614454
EAppRate= 0.0919464967679232
