ICQueenStrength= 4.34756316035055
RQWkrDrnRatio= 4.8430757028982
ICDroneMiteSurvivorship= 53.0499751213938
ICWorkerMiteSurvivorship= 37.0418609585613
ICForagerLifespan= 15.7968696253374
ImmType= Polynomial
AIAdultSlopeContact= 3.63189593190327
AIAdultLD50Contact= 0.0925321882590652
AILarvaSlope= 1.95281736785546
AILarvaLD50= 0.556986242067069
AIKOW= 78.5846263635904
AIKOC= 94.2445955937728
AIHalfLife= 8.3059017774649
