ICQueenStrength= 1.57638852740638
RQWkrDrnRatio= 4.57424465939403
ICDroneMiteSurvivorship= 57.2207778226584
ICWorkerMiteSurvivorship= 17.1459384495392
ICForagerLifespan= 8.41191162355244
ImmType= Cosine
AIAdultSlopeContact= 9.56683622905985
AIAdultLD50Contact= 0.0534659214317799
AILarvaSlope= 9.81850622221828
AILarvaLD50= 1.67467423016205
AIKOW= 14.4705176586285
AIKOC= 88.4192745899782
AIHalfLife= 12.614493870642
