ICQueenStrength= 2.35240243398584
RQWkrDrnRatio= 2.05807308945805
ICDroneMiteSurvivorship= 69.3428381578997
ICWorkerMiteSurvivorship= 95.8955476991832
ICForagerLifespan= 7.73778578452766
ImmType= Sine
AIAdultSlope= 0.592960619281512
AIAdultLD50= 0.350428315927275
AIAdultSlopeContact= 3.81017137544928
AIAdultLD50Contact= 0.0207742561819032
AILarvaSlope= 1.23559618326835
AILarvaLD50= 0.728975296067074
AIKOW= 6.97272601164877
AIKOC= 5.13793112011626
AIHalfLife= 3.54272520984523
EAppRate= 0.361581599921919
