ICQueenStrength= 1.10306433425285
RQWkrDrnRatio= 3.41829395201057
ICDroneMiteSurvivorship= 92.0171762583777
ICWorkerMiteSurvivorship= 86.5266378968954
ICForagerLifespan= 11.3543847445399
ImmType= Sine
AIAdultSlope= 1.18098631398752
AIAdultLD50= 2.25963322073221
AIAdultSlopeContact= 3.7067953604646
AIAdultLD50Contact= 0.00236896813148633
AILarvaSlope= 2.94332917681895
AILarvaLD50= 0.412285433895886
AIKOW= 2.67269786028191
AIKOC= 6.31232255953364
AIHalfLife= 2.8309336504899
EAppRate= 0.871331579983234
