ICQueenStrength= 1.42275266372599
RQWkrDrnRatio= 2.83367836661637
ICDroneMiteSurvivorship= 53.127538273111
ICWorkerMiteSurvivorship= 84.8883497063071
ICForagerLifespan= 6.08079008664936
ImmType= Cosine
AIAdultSlope= 2.7384330497263
AIAdultLD50= 0.169080463820137
AIAdultSlopeContact= 0.680142957398202
AIAdultLD50Contact= 0.0034062413033098
AILarvaSlope= 3.05164873893373
AILarvaLD50= 0.654943755897693
AIKOW= 4.77911845874041
AIKOC= 28.0011421954259
AIHalfLife= 2.35237116110511
EAppRate= 0.534582793293521
