ICQueenStrength= 3.10552826873027
RQWkrDrnRatio= 2.59510558098555
ICDroneMiteSurvivorship= 14.8200395517051
ICWorkerMiteSurvivorship= 45.3177068149671
ICForagerLifespan= 8.06056377291679
ImmType= Cosine
AIAdultSlope= 3.77870200900361
