ICQueenStrength= 1.84447844186798
RQWkrDrnRatio= 1.32621357031167
ICDroneMiteSurvivorship= 17.4955476075411
ICWorkerMiteSurvivorship= 93.2996434858069
ICForagerLifespan= 7.27079271245748
ImmType= Polynomial
AIAdultLD50= 0.154012839635834
AIAdultSlopeContact= 2.90708637039643
AIAdultLD50Contact= 0.0143848287989385
AILarvaSlope= 2.79283429714851
AILarvaLD50= 0.199237796687521
AIKOW= 2.75261302897707
AIKOC= 17.9882312612608
AIHalfLife= 13.8812762731686
EAppRate= 0.253532045520842
