ICQueenStrength= 1.67691962700337
RQWkrDrnRatio= 3.42292962037027
ICDroneMiteSurvivorship= 93.6928524635732
ICWorkerMiteSurvivorship= 19.9273214442655
ICForagerLifespan= 12.1319582751021
ImmType= Sine
AIAdultSlope= 1.44017030177638
AIAdultLD50= 2.69333862746134
AIAdultSlopeContact= 3.20393608592218
AIAdultLD50Contact= 0.0391473269904964
AILarvaSlope= 2.54774327971973
AILarvaLD50= 0.811711141141132
AIKOW= 4.18174442462623
AIKOC= 7.03136837808415
AIHalfLife= 0.96504288027063
EAppRate= 0.214685728074983
