ICQueenStrength= 1.46016323380172
RQWkrDrnRatio= 4.38248322438449
ICDroneMiteSurvivorship= 3.60337102320045
ICWorkerMiteSurvivorship= 85.1794408401474
ICForagerLifespan= 4.99432503152639
ImmType= Sine
AIAdultSlope= 0.165326167829335
AIAdultLD50= 0.772509546484798
AIAdultSlopeContact= 2.5453911739192
AIAdultLD50Contact= 0.021899740723893
AILarvaSlope= 2.36728842873126
AILarvaLD50= 0.157482897816226
AIKOW= 4.27244543051347
AIKOC= 12.9954612243455
AIHalfLife= 8.16661333478987
EAppRate= 0.731199926463887
