ICQueenStrength= 3.3172133625485
RQWkrDrnRatio= 2.96303475648165
ICDroneMiteSurvivorship= 60.1722037419677
ICWorkerMiteSurvivorship= 43.7032693997025
ICForagerLifespan= 7.30126797687262
ImmType= Exponential
AIAdultSlope= 2.37543901907746
AIAdultLD50= 0.181709839263931
AIAdultSlopeContact= 1.88849666768918
AIAdultLD50Contact= 0.0332163868006319
AILarvaSlope= 1.62722644275054
AILarvaLD50= 0.400122577627189
AIKOW= 6.61864320747554
AIKOC= 15.6075715390034
AIHalfLife= 1.0297670122236
EAppRate= 0.245028197811916
