ICQueenStrength= 3.83943322254345
RQWkrDrnRatio= 4.34002392645925
ICDroneMiteSurvivorship= 65.3998717200011
ICWorkerMiteSurvivorship= 13.8079996453598
ICForagerLifespan= 8.12255226355046
ImmType= Polynomial
AIAdultLD50= 0.154012839635834
AIAdultSlopeContact= 2.00564175617415
AIAdultLD50Contact= 0.00110574282007292
AILarvaSlope= 1.80217391834594
AILarvaLD50= 0.420179731794633
AIKOW= 2.83941481541842
AIKOC= 7.48395391972736
AIHalfLife= 6.40686544030905
EAppRate= 0.20556514384225
