ICQueenStrength= 2.57126497593708
RQWkrDrnRatio= 3.3349732728675
ICDroneMiteSurvivorship= 60.4917804943398
ICWorkerMiteSurvivorship= 81.0895062517375
ICForagerLifespan= 7.32957100961357
ImmType= Sine
AIAdultSlope= 6.00707851815969
