ICQueenStrength= 4.38676311424933
RQWkrDrnRatio= 2.32482785638422
ICDroneMiteSurvivorship= 87.1495256200433
ICWorkerMiteSurvivorship= 11.3391525344923
ICForagerLifespan= 5.91664505563676
ImmType= Logarithmic
AIAdultLD50= 0.154012839635834
AIAdultSlopeContact= 0.148041559976991
AIAdultLD50Contact= 0.00188151231268421
AILarvaSlope= 0.61271862750873
AILarvaLD50= 0.217816007835791
AIKOW= 3.55623013013974
AIKOC= 16.8370906333439
AIHalfLife= 10.0151332779787
EAppRate= 0.785589624661952
