ICQueenStrength= 5.06655421480536
RQWkrDrnRatio= 3.20484835002571
ICDroneMiteSurvivorship= 43.2686533546075
ICWorkerMiteSurvivorship= 75.1571579603478
ICForagerLifespan= 10.598482074216
ImmType= Logarithmic
AIAdultSlopeContact= 0.947132991822436
AIAdultLD50Contact= 0.0447089311201125
AILarvaSlope= 2.69309099833481
AILarvaLD50= 0.38284579818137
AIKOW= 6.15389364538714
AIKOC= 27.5197575695347
AIHalfLife= 11.5075947521254
