ICQueenStrength= 3.65730300103314
RQWkrDrnRatio= 3.38663085456938
ICDroneMiteSurvivorship= 15.6245890073478
ICWorkerMiteSurvivorship= 71.038116957061
ICForagerLifespan= 11.3318560104817
ImmType= Tangent
AIAdultSlope= 1.62287489408627
AIAdultLD50= 1.98632474360056
AIAdultSlopeContact= 1.35774890616769
AIAdultLD50Contact= 0.043845175858587
AILarvaSlope= 1.43404729370959
AILarvaLD50= 0.408471627510153
AIKOW= 6.32193145295605
AIKOC= 7.83723839093
AIHalfLife= 8.68025350291282
EAppRate= 0.789722434477881
