ICQueenStrength= 5.13927237736061
RQWkrDrnRatio= 2.94259073678404
ICDroneMiteSurvivorship= 2.33810525387526
ICWorkerMiteSurvivorship= 41.8892237823457
ICForagerLifespan= 5.66234996262938
ImmType= Exponential
AIAdultSlopeContact= 3.55873066592496
AIAdultLD50Contact= 0.029134691262152
AILarvaSlope= 2.67097538309172
AILarvaLD50= 0.667762837442569
AIKOW= 7.00414964091033
AIKOC= 25.5282360373531
AIHalfLife= 1.42187004862353
