ICQueenStrength= 4.997164783068
RQWkrDrnRatio= 2.03992814011872
ICDroneMiteSurvivorship= 86.6726502776146
ICWorkerMiteSurvivorship= 19.4604236166924
ICForagerLifespan= 6.47051022853702
ImmType= Polynomial
AIAdultSlope= 0.270462453132495
AIAdultLD50= 1.7668974918779
AIAdultSlopeContact= 2.31853377882158
AIAdultLD50Contact= 0.0335838691564277
AILarvaSlope= 2.60132563030347
AILarvaLD50= 0.700109336455353
AIKOW= 5.67210454447195
AIKOC= 19.6497618115973
AIHalfLife= 10.8410216243938
EAppRate= 0.715944876428694
