ICQueenStrength= 5.76858569658361
RQWkrDrnRatio= 4.59598617069423
ICDroneMiteSurvivorship= 4.81487456709146
ICWorkerMiteSurvivorship= 32.4803452938795
ICForagerLifespan= 5.77559849899262
ImmType= Exponential
AIAdultSlope= 2.50299943535356
AIAdultLD50= 0.116740661556832
AIAdultSlopeContact= 3.79996684458107
AIAdultLD50Contact= 0.0130964274983853
AILarvaSlope= 2.24226179011166
AILarvaLD50= 0.646934716030955
AIKOW= 4.30214054929093
AIKOC= 15.9512244584039
AIHalfLife= 4.17169518186711
EAppRate= 0.387897794740275
