ICQueenStrength= 2.74275468569249
RQWkrDrnRatio= 1.95338169485331
ICDroneMiteSurvivorship= 12.1683371486142
ICWorkerMiteSurvivorship= 87.1983684133738
ICForagerLifespan= 9.94965779501945
ImmType= Sine
AIAdultLD50= 0.154012839635834
AIAdultSlopeContact= 3.86490790806944
AIAdultLD50Contact= 0.00201409956207499
AILarvaSlope= 0.814051894377917
AILarvaLD50= 0.334308320051059
AIKOW= 7.72867770493031
AIKOC= 17.0998664642684
AIHalfLife= 12.9890431459062
EAppRate= 1.14075514767319
