ICQueenStrength= 4.72829299070872
RQWkrDrnRatio= 2.31686124112457
ICDroneMiteSurvivorship= 5.9843520168215
ICWorkerMiteSurvivorship= 88.2123394636437
ICForagerLifespan= 11.5153650874272
ImmType= Logarithmic
AIAdultSlope= 2.69300167541951
AIAdultSlopeContact= 0.987164315984119
AIAdultLD50Contact= 0.025962243299
AILarvaSlope= 1.13177110152319
AILarvaLD50= 0.189211217220873
AIKOW= 3.75562242465094
AIKOC= 13.9182857482228
AIHalfLife= 0.735260486602783
