ICQueenStrength= 1.25845139403827
RQWkrDrnRatio= 3.68762335367501
ICDroneMiteSurvivorship= 67.5353251863271
ICWorkerMiteSurvivorship= 28.0810167314485
ICForagerLifespan= 4.10167408362031
ImmType= Tangent
AIAdultSlope= 3.37318220594898
AIAdultLD50= 2.25334934773855
AIAdultSlopeContact= 2.71207654056838
AIAdultLD50Contact= 0.0174529971554875
AILarvaSlope= 1.59012424168177
AILarvaLD50= 0.612764056725428
AIKOW= 6.67309261765331
AIKOC= 11.3997541554272
AIHalfLife= 7.45940979523584
EAppRate= 0.90206138161011
