ICQueenStrength= 4.74892233638093
RQWkrDrnRatio= 3.83466753363609
ICDroneMiteSurvivorship= 30.2918063243851
ICWorkerMiteSurvivorship= 32.7602786011994
ICForagerLifespan= 10.6882487479597
ImmType= Exponential
AIAdultSlope= 5.88087731739506
