ICQueenStrength= 3.25938568124548
RQWkrDrnRatio= 3.42228454444557
ICDroneMiteSurvivorship= 27.3024669848382
ICWorkerMiteSurvivorship= 50.3871811786667
ICForagerLifespan= 9.03973618149757
ImmType= Tangent
AIAdultSlope= 2.68996828121133
AIAdultLD50= 0.0350216557271779
AIAdultSlopeContact= 3.23389884818578
AIAdultLD50Contact= 0.00800616552587599
AILarvaSlope= 3.10962700317614
AILarvaLD50= 0.16964757128153
AIKOW= 6.23097433382645
AIKOC= 23.8845021068119
AIHalfLife= 3.70572344167158
EAppRate= 0
