ICQueenStrength= 3.37398361437954
RQWkrDrnRatio= 2.09059018269181
ICDroneMiteSurvivorship= 48.8302268786356
ICWorkerMiteSurvivorship= 30.9485317906365
ICForagerLifespan= 7.79721757397056
ImmType= Sine
AIAdultSlope= 2.3065032160515
AIAdultLD50= 0.184698722674511
AIAdultSlopeContact= 2.22622353948886
AIAdultLD50Contact= 0.0323017618735321
AILarvaSlope= 0.448533331044018
AILarvaLD50= 0.260424992884509
AIKOW= 5.56636040564626
AIKOC= 21.8074838409666
AIHalfLife= 2.81078344560228
EAppRate= 0.659896814916283
