ICQueenStrength= 4.11007210984826
RQWkrDrnRatio= 4.98721924051642
ICDroneMiteSurvivorship= 35.9999467851594
ICWorkerMiteSurvivorship= 68.1995182996616
ICForagerLifespan= 4.70437396503985
ImmType= Exponential
AIAdultSlope= 0.58356586904265
AIAdultLD50= 2.72394606191665
AIAdultSlopeContact= 2.29732112982078
AIAdultLD50Contact= 0.0339948336943053
AILarvaSlope= 0.86777886361815
AILarvaLD50= 0.878589260880835
AIKOW= 3.90246588317677
AIKOC= 24.0425291308202
AIHalfLife= 5.51651056017727
EAppRate= 0.318765647010878
