ICQueenStrength= 2.7699758161325
RQWkrDrnRatio= 4.87068335991353
ICDroneMiteSurvivorship= 11.0797112807631
ICWorkerMiteSurvivorship= 89.7293611662462
ICForagerLifespan= 15.0141998725012
ImmType= Tangent
AIAdultSlope= 1.7488829310704
AIAdultLD50= 0.226210924098268
AIAdultSlopeContact= 3.05109998459928
AIAdultLD50Contact= 0.00228653876110911
AILarvaSlope= 0.629098351579159
AILarvaLD50= 0.593865771917626
AIKOW= 2.18072284990922
AIKOC= 20.3335500101093
AIHalfLife= 0.377769073238596
EAppRate= 0.627679928019643
