ICQueenStrength= 3.91746135056019
RQWkrDrnRatio= 1.29141936730593
