ICQueenStrength= 3.47569110128097
RQWkrDrnRatio= 2.73754780739546
ICDroneMiteSurvivorship= 56.9538199109957
ICWorkerMiteSurvivorship= 40.8347060205415
ICForagerLifespan= 4.34273224323988
ImmType= Cosine
AIAdultSlope= 1.91781762861647
AIAdultSlopeContact= 3.70397753724363
AIAdultLD50Contact= 0.00227475985884666
AILarvaSlope= 1.33360832110047
AILarvaLD50= 0.551719972933643
AIKOW= 4.09688822180033
AIKOC= 27.0874240214471
AIHalfLife= 3.94922689022496
