ICQueenStrength= 5.82540532131679
RQWkrDrnRatio= 1.91218985058367
ICDroneMiteSurvivorship= 35.5412867618725
ICWorkerMiteSurvivorship= 60.4206175543368
ICForagerLifespan= 9.72769807558507
ImmType= Logarithmic
AIAdultSlope= 2.23455348176882
AIAdultLD50= 0.287604975281283
AIAdultSlopeContact= 1.43523101174505
AIAdultLD50Contact= 0.0459972556680441
AILarvaSlope= 0.160475554736331
AILarvaLD50= 0.302696857578121
AIKOW= 6.51682810811326
AIKOC= 25.4586814739741
AIHalfLife= 2.71847611409612
EAppRate= 0
