ICQueenStrength= 2.16242075897753
RQWkrDrnRatio= 3.80587484594434
