ICQueenStrength= 1.61676437151618
RQWkrDrnRatio= 2.94716256484389
ICDroneMiteSurvivorship= 78.1010052654892
ICWorkerMiteSurvivorship= 35.6757347239181
ICForagerLifespan= 6.15750542189926
ImmType= Sine
AIAdultSlopeContact= 1.42776233437937
AIAdultLD50Contact= 0.00681005265796557
AILarvaSlope= 2.81487889341079
AILarvaLD50= 0.818543929886073
AIKOW= 5.10398574965075
AIKOC= 6.28546355408616
AIHalfLife= 9.20680343499407
