ICQueenStrength= 3.17251369031146
RQWkrDrnRatio= 1.48278411384672
ICDroneMiteSurvivorship= 12.0797365438193
ICWorkerMiteSurvivorship= 77.1473126253113
ICForagerLifespan= 10.6088433777913
ImmType= Cosine
AIAdultSlope= 2.52539673028514
AIAdultLD50= 0.563278541201726
AIAdultSlopeContact= 0.960716513923835
AIAdultLD50Contact= 0.0298794432193972
AILarvaSlope= 2.10844181692228
AILarvaLD50= 0.0239910891512409
AIKOW= 6.87729081744328
AIKOC= 26.4229533041362
AIHalfLife= 5.67673704074696
EAppRate= 0.382088065845892
