ICQueenStrength= 1.17770128091797
RQWkrDrnRatio= 3.81190608255565
ICDroneMiteSurvivorship= 41.3794606458396
ICWorkerMiteSurvivorship= 89.9159655673429
ICForagerLifespan= 14.6830709772184
ImmType= Polynomial
AIAdultSlope= 3.10317668858916
AIAdultLD50= 0.782419238705188
AIAdultSlopeContact= 3.82752969083609
AIAdultLD50Contact= 0.01284235160565
AILarvaSlope= 2.30957343257032
AILarvaLD50= 0.598585737473331
AIKOW= 5.8888133270666
AIKOC= 29.2293354996946
AIHalfLife= 9.86703221313655
EAppRate= 0.726715739350766
