ICQueenStrength= 4.19066923111677
RQWkrDrnRatio= 3.87785883620381
ICDroneMiteSurvivorship= 15.5067717190832
ICWorkerMiteSurvivorship= 19.9150996049866
ICForagerLifespan= 8.74575642868876
ImmType= Sine
AIAdultSlope= 1.01044299132423
AIAdultLD50= 0.489918315899558
AIAdultSlopeContact= 2.10412087426521
AIAdultLD50Contact= 0.00364312975434586
AILarvaSlope= 1.73415677407756
AILarvaLD50= 0.374821170489304
AIKOW= 5.50475575169548
AIKOC= 20.4606978816446
AIHalfLife= 4.32311763986945
EAppRate= 0.235923466109671
