ICQueenStrength= 5.24301952007227
RQWkrDrnRatio= 4.82269993051887
ICDroneMiteSurvivorship= 47.368732909672
ICWorkerMiteSurvivorship= 79.8290784237906
ICForagerLifespan= 6.68879248015583
ImmType= Exponential
AIAdultSlope= 3.26740904303966
AIAdultLD50= 0.457301351358183
AIAdultSlopeContact= 0.211950069637969
AIAdultLD50Contact= 0.00223601050674915
AILarvaSlope= 1.49135821638629
AILarvaLD50= 0.761777028813958
AIKOW= 6.1016261591576
AIKOC= 12.2596339858137
AIHalfLife= 1.20239633484744
EAppRate= 0.359901560237631
