ICQueenStrength= 3.11557149305008
RQWkrDrnRatio= 2.10769101604819
ICDroneMiteSurvivorship= 4.19447449967265
ICWorkerMiteSurvivorship= 5.9301988221705
ICForagerLifespan= 4.85884108580649
ImmType= Logarithmic
AIAdultSlopeContact= 2.04765912804985
AIAdultLD50Contact= 0.049026843579486
AILarvaSlope= 2.46414581644349
AILarvaLD50= 0.352785387192853
AIKOW= 6.20067329425365
AIKOC= 26.0449523699936
AIHalfLife= 8.78997037280351
