ICQueenStrength= 4.65290788467973
RQWkrDrnRatio= 1.79195467662066
ICDroneMiteSurvivorship= 75.1729693030939
ICWorkerMiteSurvivorship= 20.3232323750854
ICForagerLifespan= 4.33105541393161
ImmType= Exponential
AIAdultSlope= 3.08318862193264
AIAdultSlopeContact= 0.59573884939542
AIAdultLD50Contact= 0.0312755966675468
AILarvaSlope= 0.920974862016737
AILarvaLD50= 0.868927328987047
AIKOW= 3.29685898032039
AIKOC= 25.7213115587365
AIHalfLife= 11.6573218470439
