ICQueenStrength= 1.66086280858144
RQWkrDrnRatio= 3.17001565918326
ICDroneMiteSurvivorship= 66.1103975493461
ICWorkerMiteSurvivorship= 74.0460941568017
ICForagerLifespan= 14.0293524852023
ImmType= Polynomial
AIAdultSlope= 2.90303652207367
AIAdultLD50= 2.32778864144348
AIAdultSlopeContact= 3.05795479586581
AIAdultLD50Contact= 0.0366955938749015
AILarvaSlope= 2.96918161525391
AILarvaLD50= 0.869354238593951
AIKOW= 2.71330156782642
AIKOC= 19.7997070278507
AIHalfLife= 5.03322918480262
EAppRate= 0.391326939919963
