ICQueenStrength= 5.09532362944447
RQWkrDrnRatio= 1.08294993173331
ICDroneMiteSurvivorship= 86.9786110473797
ICWorkerMiteSurvivorship= 25.0977132935077
ICForagerLifespan= 12.0148782003671
ImmType= Logarithmic
AIAdultLD50= 0.154012839635834
AIAdultSlopeContact= 1.92909189670114
AIAdultLD50Contact= 0.027539376472123
AILarvaSlope= 2.8011097733397
AILarvaLD50= 0.113322992250323
AIKOW= 6.11768627399579
AIKOC= 20.3665948833805
AIHalfLife= 13.4146893778816
EAppRate= 1.40179559914395
