ICQueenStrength= 2.70147676719353
RQWkrDrnRatio= 4.23290642164648
ICDroneMiteSurvivorship= 8.55899550952017
ICWorkerMiteSurvivorship= 76.3749571982771
ICForagerLifespan= 10.038164193742
ImmType= Sine
AIAdultSlope= 2.45668370719068
AIAdultLD50= 2.08235329063609
AIAdultSlopeContact= 3.70818794803927
AIAdultLD50Contact= 0.041602807957679
AILarvaSlope= 1.98261061976664
AILarvaLD50= 0.735935432533734
AIKOW= 7.86403629649431
AIKOC= 14.3016685335897
AIHalfLife= 8.82056529959664
EAppRate= 0.23657360766083
