ICQueenStrength= 2.60709833609872
RQWkrDrnRatio= 2.88761912845075
ICDroneMiteSurvivorship= 96.9911394407973
ICWorkerMiteSurvivorship= 82.7271717367694
ICForagerLifespan= 8.81713433563709
ImmType= Exponential
AIAdultSlope= 0.354948704550043
AIAdultLD50= 2.18162233522162
AIAdultSlopeContact= 0.931087567212526
AIAdultLD50Contact= 0.0496748856734484
AILarvaSlope= 1.8577049468644
AILarvaLD50= 0.0562581459525973
AIKOW= 2.27571876253933
AIKOC= 28.1713638582733
AIHalfLife= 4.41193736949936
EAppRate= 0.603428973816335
