ICQueenStrength= 4.76484833541326
RQWkrDrnRatio= 1.58219038322568
ICDroneMiteSurvivorship= 12.5836399616674
ICWorkerMiteSurvivorship= 98.4641627641395
ICForagerLifespan= 9.71581374388188
ImmType= Tangent
AIAdultSlope= 1.75731617137324
AIAdultLD50= 0.169398315483704
AIAdultSlopeContact= 3.77175203701481
AIAdultLD50Contact= 0.0246798648615368
AILarvaSlope= 3.07033946099691
AILarvaLD50= 0.516206393600442
AIKOW= 3.36894810153171
AIKOC= 7.65235716360621
AIHalfLife= 0.0284249382093549
EAppRate= 0.475615252740681
