ICQueenStrength= 1.03395346365869
RQWkrDrnRatio= 1.64837779570371
