ICQueenStrength= 3.65034855576232
RQWkrDrnRatio= 4.3875676151365
ICDroneMiteSurvivorship= 59.037933149375
ICWorkerMiteSurvivorship= 73.2622347539291
ICForagerLifespan= 13.1781129976735
ImmType= Sine
AIAdultSlope= 2.42587971882895
AIAdultLD50= 1.63242866098881
AIAdultSlopeContact= 3.06494543884881
AIAdultLD50Contact= 0.0170266391010955
AILarvaSlope= 2.10162107762881
AILarvaLD50= 0.772244236548431
AIKOW= 4.85385875217617
AIKOC= 24.0409203991294
AIHalfLife= 0.356001034379005
EAppRate= 0.0283992197364569
