ICQueenStrength= 5.95651209843345
RQWkrDrnRatio= 1.33653947617859
ICDroneMiteSurvivorship= 67.1096277423203
ICWorkerMiteSurvivorship= 92.0695987064391
ICForagerLifespan= 9.84664261527359
ImmType= Tangent
AIAdultSlope= 0.232784226723015
AIAdultLD50= 0.20168184209615
AIAdultSlopeContact= 3.70386406323407
AIAdultLD50Contact= 0.0380879275151528
AILarvaSlope= 3.1710819367785
AILarvaLD50= 0.300291565479711
AIKOW= 2.27776041673496
AIKOC= 20.9053231298458
AIHalfLife= 0.0412943428382277
EAppRate= 0.117551988689229
