ICQueenStrength= 2.16812060703523
RQWkrDrnRatio= 4.48973904643208
ICDroneMiteSurvivorship= 92.2597220633179
ICWorkerMiteSurvivorship= 14.0145743265748
ICForagerLifespan= 9.46132321003824
ImmType= Exponential
AIAdultSlope= 3.54362138633849
AIAdultLD50= 0.279666810878552
AIAdultSlopeContact= 1.36684955522418
AIAdultLD50Contact= 0.0102121540112421
AILarvaSlope= 1.25935913282447
AILarvaLD50= 0.741733683412895
AIKOW= 2.02283834340051
AIKOC= 29.3638262618333
AIHalfLife= 2.88184510893188
EAppRate= 0
