ICQueenStrength= 1.03033939050511
RQWkrDrnRatio= 3.48216746561229
ICDroneMiteSurvivorship= 95.848779194057
ICWorkerMiteSurvivorship= 7.27109170984477
ICForagerLifespan= 15.3707015290856
ImmType= Tangent
AIAdultSlope= 2.47957609812729
AIAdultLD50= 1.00844151992351
AIAdultSlopeContact= 3.13387210169574
AIAdultLD50Contact= 0.0332324975985102
AILarvaSlope= 2.20392244826071
AILarvaLD50= 0.485567924869247
AIKOW= 5.97946256492287
AIKOC= 17.5491511891596
AIHalfLife= 2.66322666360065
EAppRate= 0.206339828437194
