ICQueenStrength= 3.2705896422267
RQWkrDrnRatio= 4.15400843229145
