ICQueenStrength= 5.14173546829261
RQWkrDrnRatio= 3.66958102677017
ICDroneMiteSurvivorship= 78.0006382847205
ICWorkerMiteSurvivorship= 36.6119202459231
ICForagerLifespan= 4.18887849617749
ImmType= Polynomial
AIAdultSlope= 2.75468423679471
AIAdultLD50= 0.0822672062786296
AIAdultSlopeContact= 2.17704067627201
AIAdultLD50Contact= 0.0158131888718344
AILarvaSlope= 1.85278725391254
AILarvaLD50= 0.769349775323644
AIKOW= 5.27602253109217
AIKOC= 23.2269476819783
AIHalfLife= 1.08420594362542
EAppRate= 0.670015470520593
