ICQueenStrength= 2.50073736673221
RQWkrDrnRatio= 1.01981911342591
ICDroneMiteSurvivorship= 75.6333397002891
ICWorkerMiteSurvivorship= 35.3835931513458
ICForagerLifespan= 6.19635757710785
ImmType= Logarithmic
AIAdultLD50= 0.154012839635834
AIAdultSlopeContact= 3.39442227104679
AIAdultLD50Contact= 0.0106491336831823
AILarvaSlope= 0.675897196121514
AILarvaLD50= 0.298698213463649
AIKOW= 5.96863997867331
AIKOC= 17.9563615657389
AIHalfLife= 8.43027125997469
EAppRate= 1.20306006120518
