ICQueenStrength= 2.91840665997006
RQWkrDrnRatio= 3.20539349038154
ICDroneMiteSurvivorship= 40.5986741185188
ICWorkerMiteSurvivorship= 8.77067593391985
ICForagerLifespan= 12.6595202228054
ImmType= Exponential
AIAdultSlope= 0.969898922243156
AIAdultLD50= 0.00730546354316175
AIAdultSlopeContact= 1.66850931535475
AIAdultLD50Contact= 0.0190469342749566
AILarvaSlope= 1.12801715629175
AILarvaLD50= 0.408887011581101
AIKOW= 6.92421556264162
AIKOC= 29.4265703950077
AIHalfLife= 4.43365404964425
EAppRate= 0
