ICQueenStrength= 2.58302173367701
RQWkrDrnRatio= 3.49462698493153
ICDroneMiteSurvivorship= 37.4755849596113
ICWorkerMiteSurvivorship= 71.932282554917
ICForagerLifespan= 5.81915346905589
ImmType= Sine
AIAdultSlopeContact= 3.52382098421222
AIAdultLD50Contact= 0.015330812765751
AILarvaSlope= 3.34745368519798
AILarvaLD50= 0.588041781052016
AIKOW= 4.1949210097082
AIKOC= 25.8481443522032
AIHalfLife= 10.0104626729153
