ICQueenStrength= 2.05248779407702
RQWkrDrnRatio= 3.62837190646678
ICDroneMiteSurvivorship= 91.4098454173654
ICWorkerMiteSurvivorship= 52.8376507107168
ICForagerLifespan= 9.56580977980047
ImmType= Sine
AIAdultSlopeContact= 2.04544458867051
AIAdultLD50Contact= 0.0435819822014309
AILarvaSlope= 0.39474575901404
AILarvaLD50= 0.662218843633309
AIKOW= 7.17933094361797
AIKOC= 8.55861957068555
AIHalfLife= 11.6661795824766
