ICQueenStrength= 1.97054608631879
RQWkrDrnRatio= 1.605693413876
ICDroneMiteSurvivorship= 56.675589736551
ICWorkerMiteSurvivorship= 12.7260582754388
ICForagerLifespan= 9.53071522619575
ImmType= Logarithmic
AIAdultSlope= 1.55163507044083
AIAdultLD50= 0.437786530237645
AIAdultSlopeContact= 1.07217526727356
AIAdultLD50Contact= 0.0458181255031377
AILarvaSlope= 3.06621523196809
AILarvaLD50= 0.127350774197839
AIKOW= 3.88368498161435
AIKOC= 9.01889164349996
AIHalfLife= 1.31344135850668
EAppRate= 0.21509537093807
