ICQueenStrength= 1.88523656362668
RQWkrDrnRatio= 1.68512886576355
ICDroneMiteSurvivorship= 26.6702505061403
ICWorkerMiteSurvivorship= 7.32769488822669
ICForagerLifespan= 4.96118343900889
ImmType= Logarithmic
AIAdultSlope= 2.8991895807907
AIAdultLD50= 1.11664971895516
AIAdultSlopeContact= 3.26008766996674
AIAdultLD50Contact= 0.0351536220288836
AILarvaSlope= 1.32972316970117
AILarvaLD50= 0.219964939635247
AIKOW= 2.42450197227299
AIKOC= 22.1882978233043
AIHalfLife= 10.0864483607002
EAppRate= 0.15067925141193
