ICQueenStrength= 2.74606887856498
RQWkrDrnRatio= 3.1819761916995
ICDroneMiteSurvivorship= 49.6132436441258
ICWorkerMiteSurvivorship= 51.1416940717027
ICForagerLifespan= 5.83852843381464
ImmType= Cosine
AIAdultSlope= 3.91176128470805
AIAdultLD50= 0.14558745699469
AIAdultSlopeContact= 0.211416951699648
AIAdultLD50Contact= 0.0186389963375404
AILarvaSlope= 2.09319608896039
AILarvaLD50= 0.728321566502564
AIKOW= 6.5078465398401
AIKOC= 21.3509329082444
AIHalfLife= 3.45269943238236
EAppRate= 0.591456194478087
