ICQueenStrength= 1.58532387833111
RQWkrDrnRatio= 2.40876036323607
ICDroneMiteSurvivorship= 25.7177987601608
ICWorkerMiteSurvivorship= 86.140489205718
ICForagerLifespan= 8.49637765716761
ImmType= Polynomial
AIAdultSlope= 1.70037576896138
AIAdultLD50= 0.0230748883914202
AIAdultSlopeContact= 0.513107382534072
AIAdultLD50Contact= 0.0133486122009344
AILarvaSlope= 1.80648054708727
AILarvaLD50= 0.426967893191613
AIKOW= 7.8905793922022
AIKOC= 19.9255225900561
AIHalfLife= 13.7915641344152
EAppRate= 0.464158738730475
