ICQueenStrength= 4.02358930464834
RQWkrDrnRatio= 1.77563771605492
ICDroneMiteSurvivorship= 29.7161400085315
ICWorkerMiteSurvivorship= 98.8530714996159
ICForagerLifespan= 9.75407572928816
ImmType= Exponential
AIAdultSlope= 2.28361589098349
AIAdultLD50= 0.903287473367527
AIAdultSlopeContact= 1.28184652713127
AIAdultLD50Contact= 0.0429649961995892
AILarvaSlope= 1.98368647899479
AILarvaLD50= 0.551065196888521
AIKOW= 6.80702103860676
AIKOC= 27.3813784657978
AIHalfLife= 9.9638640335761
EAppRate= 0.820840029511601
