ICQueenStrength= 1.64541331259534
RQWkrDrnRatio= 4.08787396922708
ICDroneMiteSurvivorship= 96.2591900955886
ICWorkerMiteSurvivorship= 16.0106404684484
ICForagerLifespan= 14.3799907434732
ImmType= Logarithmic
AIAdultSlope= 3.02450819257647
AIAdultLD50= 0.010330585995689
AIAdultSlopeContact= 3.22218479145085
AIAdultLD50Contact= 0.0373856824357063
AILarvaSlope= 2.85374324675649
AILarvaLD50= 0.240049944771454
AIKOW= 6.24866743758321
AIKOC= 14.2882486816961
AIHalfLife= 0.474289320409298
EAppRate= 0.712114843307063
