ICQueenStrength= 1.70791331818327
RQWkrDrnRatio= 3.79417991731316
ICDroneMiteSurvivorship= 98.4988508047536
ICWorkerMiteSurvivorship= 4.43746990058571
ICForagerLifespan= 10.8776108212769
ImmType= Sine
AIAdultSlope= 2.2772452771198
AIAdultLD50= 1.85030063451268
AIAdultSlopeContact= 2.43532377011608
AIAdultLD50Contact= 0.0410524877603166
AILarvaSlope= 1.60520109720528
AILarvaLD50= 0.823031812277623
AIKOW= 7.07625197898597
AIKOC= 13.9133492321707
AIHalfLife= 5.13769843662158
EAppRate= 0.316605659900233
