ICQueenStrength= 5.07727471087128
RQWkrDrnRatio= 4.30733619257808
ICDroneMiteSurvivorship= 70.488335727714
ICWorkerMiteSurvivorship= 14.7044915705919
ICForagerLifespan= 13.9418465588242
ImmType= Logarithmic
AIAdultSlope= 3.85148090543225
