ICQueenStrength= 2.83789502596483
RQWkrDrnRatio= 2.90659680776298
ICDroneMiteSurvivorship= 87.8250604262576
ICWorkerMiteSurvivorship= 22.9379778495058
ICForagerLifespan= 4.78527785465121
ImmType= Polynomial
AIAdultSlope= 3.32340935361572
AIAdultLD50= 1.98872032854706
AIAdultSlopeContact= 0.491110872365534
AIAdultLD50Contact= 0.00811939828563482
AILarvaSlope= 2.99794470462948
AILarvaLD50= 0.387437822367065
AIKOW= 7.20519856689498
AIKOC= 29.357017519651
AIHalfLife= 5.55460174707696
EAppRate= 0.645342827076092
