ICQueenStrength= 3.5608051312156
RQWkrDrnRatio= 4.8857755260542
ICDroneMiteSurvivorship= 66.7619369458407
ICWorkerMiteSurvivorship= 22.470592497848
ICForagerLifespan= 6.00361458212137
ImmType= Exponential
AIAdultSlope= 0.878854580777697
AIAdultLD50= 0.333215635502711
AIAdultSlopeContact= 3.0250930056232
AIAdultLD50Contact= 0.0279183145030402
AILarvaSlope= 3.28561162124388
AILarvaLD50= 0.239803146547638
AIKOW= 2.96106794057414
AIKOC= 29.1810054110829
AIHalfLife= 2.93064055615105
EAppRate= 0.0323707066709176
