ICQueenStrength= 3.08336661569774
RQWkrDrnRatio= 2.82703918311745
ICDroneMiteSurvivorship= 43.8868046505377
ICWorkerMiteSurvivorship= 73.7356784986332
ICForagerLifespan= 5.22798524517566
ImmType= Sine
AIAdultSlope= 2.75273328274488
AIAdultLD50= 0.888548055896536
AIAdultSlopeContact= 3.21983718189877
AIAdultLD50Contact= 0.0466169634251855
AILarvaSlope= 1.34103148719296
AILarvaLD50= 0.608719314867631
AIKOW= 5.31970359990373
AIKOC= 24.2090624303091
AIHalfLife= 7.68428764678538
EAppRate= 0.203831024933606
