ICQueenStrength= 2.07257391326129
RQWkrDrnRatio= 1.83732651546597
ICDroneMiteSurvivorship= 97.9322871891782
ICWorkerMiteSurvivorship= 46.6152036795393
ICForagerLifespan= 10.8047634046525
ImmType= Polynomial
AIAdultSlope= 1.85479064571206
AIAdultLD50= 0.056513178977184
AIAdultSlopeContact= 0.227045353925787
AIAdultLD50Contact= 0.0201646589790471
AILarvaSlope= 1.19751975801773
AILarvaLD50= 0.0424763644812629
AIKOW= 2.38161757122725
AIKOC= 24.8790521593764
AIHalfLife= 3.47006471594796
EAppRate= 0.425063036917709
