ICQueenStrength= 4.55922023649327
RQWkrDrnRatio= 3.45213792193681
ICDroneMiteSurvivorship= 67.7485316991806
ICWorkerMiteSurvivorship= 46.6364595573395
ICForagerLifespan= 6.86531988158822
ImmType= Logarithmic
AIAdultSlopeContact= 1.4476064417325
AIAdultLD50Contact= 0.0443840196472593
AILarvaSlope= 0.684338005399331
AILarvaLD50= 0.398049879865721
AIKOW= 7.99607792310417
AIKOC= 19.9721788766328
AIHalfLife= 0.348898452706635
