ICQueenStrength= 4.53214944596402
RQWkrDrnRatio= 3.24740847013891
ICDroneMiteSurvivorship= 87.4441780149937
ICWorkerMiteSurvivorship= 86.9990397477522
ICForagerLifespan= 7.79177109710872
ImmType= Tangent
AIAdultSlope= 2.14665351253934
AIAdultLD50= 0.249641139060259
AIAdultSlopeContact= 2.79916261353996
AIAdultLD50Contact= 0.00799773696344346
AILarvaSlope= 2.93952119215392
AILarvaLD50= 0.252719382103533
AIKOW= 4.49655439145863
AIKOC= 29.683967087185
AIHalfLife= 2.89171388279647
EAppRate= 0.612964801723137
