ICQueenStrength= 5.09061232348904
RQWkrDrnRatio= 3.64918173290789
ICDroneMiteSurvivorship= 35.1058126892895
ICWorkerMiteSurvivorship= 37.2698112623766
ICForagerLifespan= 15.5902723139152
ImmType= Logarithmic
AIAdultSlope= 0.796982685569674
