ICQueenStrength= 3.9513554868754
RQWkrDrnRatio= 3.58472946099937
ICDroneMiteSurvivorship= 88.6431259103119
ICWorkerMiteSurvivorship= 64.5901523996145
ICForagerLifespan= 5.43681231886148
ImmType= Polynomial
AIAdultSlope= 3.8761439651926
AIAdultLD50= 0.436241342918947
AIAdultSlopeContact= 0.324968498598319
AIAdultLD50Contact= 0.0167784379329532
AILarvaSlope= 0.886351210158318
AILarvaLD50= 0.854546725493856
AIKOW= 5.60266281664371
AIKOC= 10.0503109989222
AIHalfLife= 3.65753572667018
EAppRate= 0
