ICQueenStrength= 4.20320328231901
RQWkrDrnRatio= 3.98291203565896
ICDroneMiteSurvivorship= 11.307812971063
ICWorkerMiteSurvivorship= 20.2701416332275
ICForagerLifespan= 7.09168182406574
ImmType= Polynomial
AIAdultSlope= 3.50098732002312
AIAdultLD50= 0.416968078003265
AIAdultSlopeContact= 0.0209826548653655
AIAdultLD50Contact= 0.0338969618780538
AILarvaSlope= 3.18029780709185
AILarvaLD50= 0.448066225158982
AIKOW= 7.97390908142552
AIKOC= 28.1442888441961
AIHalfLife= 3.17815784364939
EAppRate= 0.145964549807832
