ICQueenStrength= 5.02350236545317
RQWkrDrnRatio= 1.88923053070903
ICDroneMiteSurvivorship= 77.697673253715
ICWorkerMiteSurvivorship= 34.91892805323
ICForagerLifespan= 15.896231725812
ImmType= Exponential
AIAdultSlope= 2.1790058774408
AIAdultLD50= 1.67852773773484
AIAdultSlopeContact= 3.26377648298163
AIAdultLD50Contact= 0.0494408386526629
AILarvaSlope= 0.0123730836901814
AILarvaLD50= 0.460698184696958
AIKOW= 6.456376101356
AIKOC= 18.3831284358166
AIHalfLife= 0.970685607753694
EAppRate= 0.796370499534532
