ICQueenStrength= 2.17192615172826
RQWkrDrnRatio= 3.99579453840852
ICDroneMiteSurvivorship= 49.7129608877003
ICWorkerMiteSurvivorship= 2.87253365386277
ICForagerLifespan= 11.8580880882218
ImmType= Tangent
AIAdultSlope= 0.254689246639609
AIAdultLD50= 0.296072841971181
AIAdultSlopeContact= 2.9509907367616
AIAdultLD50Contact= 0.0237203506287187
AILarvaSlope= 0.355740662803873
AILarvaLD50= 0.409885180369019
AIKOW= 5.63840897660702
AIKOC= 10.0686436763499
AIHalfLife= 1.94915331783704
EAppRate= 0
