ICQueenStrength= 1.75640585855581
RQWkrDrnRatio= 3.21047522686422
ICDroneMiteSurvivorship= 42.8163259290159
ICWorkerMiteSurvivorship= 26.3229989213869
ICForagerLifespan= 6.41944982297719
ImmType= Polynomial
AIAdultSlopeContact= 1.90194324448938
AIAdultLD50Contact= 0.0435265279840678
AILarvaSlope= 1.15508655463345
AILarvaLD50= 0.113668858702295
AIKOW= 3.85985138081014
AIKOC= 29.7116005513817
AIHalfLife= 6.50710718147457
