ICQueenStrength= 4.53920653113164
RQWkrDrnRatio= 4.95533463452011
ICDroneMiteSurvivorship= 72.2772777779028
ICWorkerMiteSurvivorship= 60.3445245884359
ICForagerLifespan= 14.744028490968
ImmType= Cosine
AIAdultSlope= 3.31783128580078
AIAdultLD50= 0.305549038224854
AIAdultSlopeContact= 1.50350852698088
AIAdultLD50Contact= 0.041102875280194
AILarvaSlope= 0.491773958643898
AILarvaLD50= 0.258793743560091
AIKOW= 5.81483257794753
AIKOC= 11.6455396008678
AIHalfLife= 4.50001422548667
EAppRate= 0.102269980777055
