ICQueenStrength= 3.51562428311445
RQWkrDrnRatio= 3.4076704531908
ICDroneMiteSurvivorship= 17.8306119749323
ICWorkerMiteSurvivorship= 47.1254793927073
ICForagerLifespan= 11.3479167791083
ImmType= Sine
AIAdultSlopeContact= 3.39341671671718
AIAdultLD50Contact= 0.0426750320475549
AILarvaSlope= 5.06883027264848
AILarvaLD50= 1.61132250353694
AIKOW= 53.7976301973686
AIKOC= 3.07661150582135
AIHalfLife= 11.4107330017723
