ICQueenStrength= 2.07966304873116
RQWkrDrnRatio= 4.5981928659603
ICDroneMiteSurvivorship= 76.4817871153355
ICWorkerMiteSurvivorship= 66.6934231994674
ICForagerLifespan= 6.31038420833647
ImmType= Logarithmic
AIAdultSlopeContact= 5.27306253323331
AIAdultLD50Contact= 0.131109842052683
AILarvaSlope= 2.0945202303119
AILarvaLD50= 1.09411732852459
AIKOW= 48.1874856166542
AIKOC= 38.4689078200608
AIHalfLife= 4.23086909484118
