ICQueenStrength= 5.92607895750552
RQWkrDrnRatio= 4.48238031473011
ICDroneMiteSurvivorship= 13.6057038558647
ICWorkerMiteSurvivorship= 82.4699145276099
ICForagerLifespan= 8.84299407154322
ImmType= Exponential
AIAdultSlopeContact= 0.306446674747858
AIAdultLD50Contact= 0.029604955483228
AILarvaSlope= 0.592171568889171
AILarvaLD50= 0.790842700889334
AIKOW= 2.50539960199967
AIKOC= 20.2128620655276
AIHalfLife= 6.61057010106742
