ICQueenStrength= 4.57829405344091
RQWkrDrnRatio= 3.97686441894621
ICDroneMiteSurvivorship= 32.5487485388294
ICWorkerMiteSurvivorship= 68.1902124546468
ICForagerLifespan= 14.0097873993218
ImmType= Logarithmic
AIAdultSlopeContact= 8.88037905329838
AIAdultLD50Contact= 0.130300595937297
AILarvaSlope= 3.14720707247034
AILarvaLD50= 1.56061607273296
AIKOW= 60.9182798303664
AIKOC= 23.2537704054266
AIHalfLife= 7.84550160588697
