ICQueenStrength= 1.11730399332009
RQWkrDrnRatio= 4.20859643351287
ICDroneMiteSurvivorship= 58.7078087963164
ICWorkerMiteSurvivorship= 41.793573834002
ICForagerLifespan= 13.7005795557052
ImmType= Sine
AIAdultSlope= 2.39079557601362
AIAdultLD50= 2.22229992575012
AIAdultSlopeContact= 3.57579280711943
AIAdultLD50Contact= 0.0331640699296258
AILarvaSlope= 1.37082795249298
AILarvaLD50= 0.624244698788971
AIKOW= 2.76518067158759
AIKOC= 7.00264636077918
AIHalfLife= 7.17287667701021
EAppRate= 0.72423073486425
