ICQueenStrength= 2.1862615775317
RQWkrDrnRatio= 4.87277076020837
ICDroneMiteSurvivorship= 56.0184897389263
ICWorkerMiteSurvivorship= 33.6942450143397
ICForagerLifespan= 13.0945919817314
ImmType= Tangent
AIAdultSlope= 0.634531643614173
AIAdultSlopeContact= 1.44921532552689
AIAdultLD50Contact= 0.00971817914396524
AILarvaSlope= 0.217451561801136
AILarvaLD50= 0.898804162046872
AIKOW= 7.58575503667817
AIKOC= 6.97171179461293
AIHalfLife= 0.044818471185863
