ICQueenStrength= 2.79132528952323
RQWkrDrnRatio= 3.09320603776723
ICDroneMiteSurvivorship= 37.0648672804236
ICWorkerMiteSurvivorship= 4.18426226824522
ICForagerLifespan= 14.702289711684
ImmType= Cosine
AIAdultSlope= 2.00939257398946
AIAdultLD50= 0.230906735640019
AIAdultSlopeContact= 3.23483944754815
AIAdultLD50Contact= 0.0366908230818808
AILarvaSlope= 2.48759588603862
AILarvaLD50= 0.841146568092518
AIKOW= 4.35259448643774
AIKOC= 17.8514682990499
AIHalfLife= 4.3715899111703
EAppRate= 0.287016626494005
