ICQueenStrength= 1.87970634223893
RQWkrDrnRatio= 3.50418653991073
ICDroneMiteSurvivorship= 58.738153311424
ICWorkerMiteSurvivorship= 79.7436569817364
ICForagerLifespan= 15.5846398202702
ImmType= Exponential
AIAdultSlopeContact= 6.93358472082764
AIAdultLD50Contact= 0.198059791326523
AILarvaSlope= 3.83235509973019
AILarvaLD50= 0.0762860961258411
AIKOW= 33.7884194217622
AIKOC= 28.3819485455751
AIHalfLife= 13.9845484034158
