ICQueenStrength= 2.05021478259005
RQWkrDrnRatio= 1.37729856185615
ICDroneMiteSurvivorship= 32.9277585726231
ICWorkerMiteSurvivorship= 17.7240106277168
ICForagerLifespan= 14.0762073574588
ImmType= Exponential
AIAdultSlope= 0.468375551234931
AIAdultLD50= 2.25406557368115
AIAdultSlopeContact= 1.83236027671024
AIAdultLD50Contact= 0.000201162416487932
AILarvaSlope= 1.36464928612113
AILarvaLD50= 0.433663785131648
AIKOW= 2.46011432493106
AIKOC= 21.0552470304538
AIHalfLife= 11.3033838644624
EAppRate= 0.466524173039943
