ICQueenStrength= 5.64929463109002
RQWkrDrnRatio= 2.4661479704082
ICDroneMiteSurvivorship= 87.9075452918187
ICWorkerMiteSurvivorship= 88.7488170759752
ICForagerLifespan= 6.55120162572712
ImmType= Logarithmic
AIAdultSlope= 0.0699892186559737
AIAdultLD50= 2.51928959414363
AIAdultSlopeContact= 0.534846700381022
AIAdultLD50Contact= 0.0170576848089695
AILarvaSlope= 0.282779755024239
AILarvaLD50= 0.272971467697062
AIKOW= 7.46376304235309
AIKOC= 14.6246219356544
AIHalfLife= 4.60709046199918
EAppRate= 0.408793056150898
