ICQueenStrength= 3.44324256666005
RQWkrDrnRatio= 4.93139220029116
ICDroneMiteSurvivorship= 27.8938679490238
ICWorkerMiteSurvivorship= 94.876953586936
ICForagerLifespan= 12.5873447582126
ImmType= Cosine
AIAdultSlope= 0.492867980105802
AIAdultSlopeContact= 0.603210824509151
AIAdultLD50Contact= 4.2787182610482e-05
AILarvaSlope= 0.369922230951488
AILarvaLD50= 0.851960944617167
AIKOW= 2.72040822030976
AIKOC= 6.19522223831154
AIHalfLife= 10.6729778395966
