ICQueenStrength= 3.42981295799837
RQWkrDrnRatio= 2.91370194219053
ICDroneMiteSurvivorship= 11.5153264952824
ICWorkerMiteSurvivorship= 69.2077008076012
ICForagerLifespan= 10.3077166555449
ImmType= Sine
AIAdultSlope= 1.24207472768845
AIAdultLD50= 0.22774552507326
AIAdultSlopeContact= 0.816444677996915
AIAdultLD50Contact= 0.0225103654898703
AILarvaSlope= 2.41352659515105
AILarvaLD50= 0.851101340213791
AIKOW= 4.89148291386664
AIKOC= 6.70701884198934
AIHalfLife= 3.02813504007645
EAppRate= 0.0505462614586577
