ICQueenStrength= 3.0367012405768
RQWkrDrnRatio= 1.98443321604282
ICDroneMiteSurvivorship= 47.3129321588203
ICWorkerMiteSurvivorship= 78.8550730096176
ICForagerLifespan= 11.5211445605382
ImmType= Tangent
AIAdultSlope= 2.74287553662434
AIAdultSlopeContact= 3.9224410316837
AIAdultLD50Contact= 0.0159139199531637
AILarvaSlope= 0.264091400709003
AILarvaLD50= 0.0790684508392587
AIKOW= 6.21985464124009
AIKOC= 10.5011840828229
AIHalfLife= 6.57752845436335
