ICQueenStrength= 2.41671029943973
RQWkrDrnRatio= 2.31988012511283
