ICQueenStrength= 5.23740033293143
RQWkrDrnRatio= 3.9344727313146
ICDroneMiteSurvivorship= 79.3302152771503
ICWorkerMiteSurvivorship= 36.1522857565433
ICForagerLifespan= 8.55974842142314
ImmType= Sine
AIAdultSlope= 3.06965073877713
AIAdultLD50= 0.0120433748234063
AIAdultSlopeContact= 1.42475889753783
AIAdultLD50Contact= 0.00947892008116469
AILarvaSlope= 1.50247949603945
AILarvaLD50= 0.763315745280124
AIKOW= 6.69969486445189
AIKOC= 13.9047614426818
AIHalfLife= 4.79008925380185
EAppRate= 0.0972708391724154
