ICQueenStrength= 5.65742631000467
RQWkrDrnRatio= 4.76942946203053
ICDroneMiteSurvivorship= 45.3044257126749
ICWorkerMiteSurvivorship= 55.6925278855488
ICForagerLifespan= 5.30692248884588
ImmType= Sine
AIAdultSlopeContact= 2.49132427813718
AIAdultLD50Contact= 0.032709653978236
AILarvaSlope= 3.22774098385125
AILarvaLD50= 0.231816676212475
AIKOW= 3.92822154797614
AIKOC= 10.3750420280267
AIHalfLife= 6.5608762842603
