ICQueenStrength= 5.84832338639535
RQWkrDrnRatio= 3.24441106896847
ICDroneMiteSurvivorship= 69.8797778226435
ICWorkerMiteSurvivorship= 67.3689202172682
ICForagerLifespan= 8.30129891913384
ImmType= Cosine
AIAdultSlope= 2.47499088337645
AIAdultLD50= 2.72402752563357
AIAdultSlopeContact= 3.5777085599117
AIAdultLD50Contact= 0.010112157498952
AILarvaSlope= 1.64698551311158
AILarvaLD50= 0.202795825316571
AIKOW= 4.94492226140574
AIKOC= 14.7908441734035
AIHalfLife= 5.92287848889828
EAppRate= 0.383717942517251
