ICQueenStrength= 5.62624220992438
RQWkrDrnRatio= 1.69858811888844
ICDroneMiteSurvivorship= 5.74677486438304
ICWorkerMiteSurvivorship= 75.1842041267082
ICForagerLifespan= 4.13138606678694
ImmType= Polynomial
AIAdultSlopeContact= 0.231855758135207
AIAdultLD50Contact= 0.0466663530329242
AILarvaSlope= 2.7418390488252
AILarvaLD50= 0.563009204599075
AIKOW= 7.43459344096482
AIKOC= 17.1444516174961
AIHalfLife= 9.21558305015787
