ICQueenStrength= 1.92411075136624
RQWkrDrnRatio= 4.5581356678158
ICDroneMiteSurvivorship= 32.1322832023725
ICWorkerMiteSurvivorship= 76.0333273326978
ICForagerLifespan= 5.86461110878736
ImmType= Tangent
AIAdultSlopeContact= 2.66126411949517
AIAdultLD50Contact= 0.0172323105623946
AILarvaSlope= 1.8346818073187
AILarvaLD50= 0.194484999845736
AIKOW= 3.62277206312865
AIKOC= 27.7415259229019
AIHalfLife= 4.06144366087392
