ICQueenStrength= 3.93419460183941
RQWkrDrnRatio= 3.55121439974755
ICDroneMiteSurvivorship= 46.7274654190987
ICWorkerMiteSurvivorship= 30.8945729630068
ICForagerLifespan= 5.80243235453963
ImmType= Logarithmic
AIAdultSlope= 1.757089293811
AIAdultLD50= 0.0759422894334421
AIAdultSlopeContact= 3.19437457108637
AIAdultLD50Contact= 0.0264851773274131
AILarvaSlope= 0.31725930753164
AILarvaLD50= 0.00366499680094421
AIKOW= 2.61681418633088
AIKOC= 28.7551371275913
AIHalfLife= 4.84133698162623
EAppRate= 0.175855239457451
