ICQueenStrength= 4.9690440078266
RQWkrDrnRatio= 2.47189333848655
ICDroneMiteSurvivorship= 20.884478581138
ICWorkerMiteSurvivorship= 13.0854848073795
ICForagerLifespan= 10.1825340939686
ImmType= Polynomial
AIAdultSlope= 1.03781663706293
AIAdultLD50= 0.362007902818732
AIAdultSlopeContact= 3.24546575160697
AIAdultLD50Contact= 0.0265658973250538
AILarvaSlope= 0.511292140139267
AILarvaLD50= 0.211285371193662
AIKOW= 4.46802360145375
AIKOC= 14.762362355832
AIHalfLife= 2.39372502546757
EAppRate= 0
