ICQueenStrength= 4.59418248292059
RQWkrDrnRatio= 2.54154627770185
ICDroneMiteSurvivorship= 75.1101821660995
ICWorkerMiteSurvivorship= 11.4858661545441
ICForagerLifespan= 14.756297792308
ImmType= Cosine
AIAdultLD50= 0.154012839635834
AIAdultSlopeContact= 3.18784963893704
AIAdultLD50Contact= 0.0258562025963329
AILarvaSlope= 2.63124622702599
AILarvaLD50= 0.518124026991427
AIKOW= 6.33325332403183
AIKOC= 8.03076236159541
AIHalfLife= 3.81420597014949
EAppRate= 0.991912327706814
