ICQueenStrength= 1.58500672806986
RQWkrDrnRatio= 3.57911978475749
ICDroneMiteSurvivorship= 36.4096227101982
ICWorkerMiteSurvivorship= 8.80331401713192
ICForagerLifespan= 12.9553345898166
ImmType= Logarithmic
AIAdultSlope= 1.18839955752483
AIAdultLD50= 0.0546565253753215
AIAdultSlopeContact= 2.94167367527727
AIAdultLD50Contact= 0.0252013205899857
AILarvaSlope= 1.80805069012567
AILarvaLD50= 0.514492059289478
AIKOW= 3.18899000249803
AIKOC= 24.4744643056765
AIHalfLife= 0.157423564232886
EAppRate= 0
