ICQueenStrength= 3.31561266933568
RQWkrDrnRatio= 1.17581765074283
ICDroneMiteSurvivorship= 40.1190917938948
ICWorkerMiteSurvivorship= 94.932174240239
ICForagerLifespan= 6.93338731955737
ImmType= Logarithmic
AIAdultSlope= 3.19842896655668
AIAdultLD50= 0.458995864493772
AIAdultSlopeContact= 2.96332956943195
AIAdultLD50Contact= 0.0423146778368391
AILarvaSlope= 1.98662744755857
AILarvaLD50= 0.359258316946216
AIKOW= 6.86533515015617
AIKOC= 10.691704218043
AIHalfLife= 0.031476344447583
EAppRate= 0.0297154718777165
