ICQueenStrength= 1.35029694903642
RQWkrDrnRatio= 2.2186770522967
ICDroneMiteSurvivorship= 21.0802050074562
ICWorkerMiteSurvivorship= 13.2625362370163
ICForagerLifespan= 11.7846076870337
ImmType= Cosine
AIAdultSlope= 2.28038735147566
AIAdultLD50= 2.62846073275432
AIAdultSlopeContact= 1.36486846328247
AIAdultLD50Contact= 0.0245600816211663
AILarvaSlope= 0.990192076098174
AILarvaLD50= 0.567696018889546
AIKOW= 7.53453349461779
AIKOC= 8.76021359115839
AIHalfLife= 4.2621009433642
EAppRate= 0.0824268553406
