ICQueenStrength= 2.86602243687958
RQWkrDrnRatio= 2.89818484243006
ICDroneMiteSurvivorship= 91.6980990907177
ICWorkerMiteSurvivorship= 85.266485880129
ICForagerLifespan= 6.87128518987447
ImmType= Tangent
AIAdultSlope= 2.70987691517221
AIAdultLD50= 0.45758559636306
AIAdultSlopeContact= 1.4678631217056
AIAdultLD50Contact= 0.0044101717765443
AILarvaSlope= 2.36343943001702
AILarvaLD50= 0.338029687246308
AIKOW= 4.57441604416817
AIKOC= 28.6233561940026
AIHalfLife= 4.98180086258799
EAppRate= 0.268833487038501
