ICQueenStrength= 5.77343135047704
RQWkrDrnRatio= 1.03971836343408
ICDroneMiteSurvivorship= 82.2808237047866
ICWorkerMiteSurvivorship= 47.8946582879871
ICForagerLifespan= 13.8678801776841
ImmType= Polynomial
AIAdultSlopeContact= 2.19190837110858
AIAdultLD50Contact= 0.0189512727316469
AILarvaSlope= 0.609710249770433
AILarvaLD50= 0.253555442579091
AIKOW= 3.2623907350935
AIKOC= 14.7440143988933
AIHalfLife= 6.07381387939677
