ICQueenStrength= 3.85929445410147
RQWkrDrnRatio= 2.72403995878994
ICDroneMiteSurvivorship= 25.1699016196653
ICWorkerMiteSurvivorship= 0.836742692627013
ICForagerLifespan= 11.1445704167709
ImmType= Tangent
AIAdultSlope= 2.84430495671695
AIAdultLD50= 0.0939552155323327
AIAdultSlopeContact= 2.64788425529609
AIAdultLD50Contact= 0.00173495890339836
AILarvaSlope= 1.93577147363685
AILarvaLD50= 0.863647508039139
AIKOW= 4.37241846835241
AIKOC= 10.5636904959101
AIHalfLife= 0.955030684126541
EAppRate= 0.196428368892521
