ICQueenStrength= 3.72704669740051
RQWkrDrnRatio= 3.07023987174034
ICDroneMiteSurvivorship= 51.362363784574
ICWorkerMiteSurvivorship= 29.9128579907119
ICForagerLifespan= 5.46879551839083
ImmType= Cosine
AIAdultSlope= 0.472593604421709
AIAdultLD50= 0.480030653416179
AIAdultSlopeContact= 2.78386557734571
AIAdultLD50Contact= 0.0493199101183563
AILarvaSlope= 2.85632521691732
AILarvaLD50= 0.0580730589106679
AIKOW= 3.58101310860366
AIKOC= 13.1971761945169
AIHalfLife= 1.97753073647618
EAppRate= 0.421619584714062
