ICQueenStrength= 5.9418125464581
RQWkrDrnRatio= 2.16583681479096
ICDroneMiteSurvivorship= 32.971284748055
ICWorkerMiteSurvivorship= 27.6653935667127
ICForagerLifespan= 15.614310410805
ImmType= Exponential
AIAdultSlope= 3.03861402445473
AIAdultSlopeContact= 2.69402559469454
AIAdultLD50Contact= 0.0107654975610785
AILarvaSlope= 2.05263143847696
AILarvaLD50= 0.515077124512754
AIKOW= 7.25729182269424
AIKOC= 16.103905987693
AIHalfLife= 4.93354360153899
