ICQueenStrength= 3.17870629043318
RQWkrDrnRatio= 1.15930635947734
ICDroneMiteSurvivorship= 73.1753969565034
ICWorkerMiteSurvivorship= 10.0445499643683
ICForagerLifespan= 6.99680311977863
ImmType= Logarithmic
AIAdultSlope= 2.48496757023968
AIAdultLD50= 2.77638443559408
AIAdultSlopeContact= 3.11121508571785
AIAdultLD50Contact= 0.0209484269958921
AILarvaSlope= 0.172108391439542
AILarvaLD50= 0.536227969941683
AIKOW= 6.8500384981744
AIKOC= 25.8833217096981
AIHalfLife= 13.1443005143665
EAppRate= 0.628077479079366
