ICQueenStrength= 1.51609779940918
RQWkrDrnRatio= 2.8431996172294
ICDroneMiteSurvivorship= 90.1950508588925
ICWorkerMiteSurvivorship= 71.8944386346266
ICForagerLifespan= 4.27851683180779
ImmType= Cosine
AIAdultSlope= 0.659356762852985
AIAdultLD50= 0.0481347548775375
AIAdultSlopeContact= 2.56026765116025
AIAdultLD50Contact= 0.0230214032228105
AILarvaSlope= 1.24992831200361
AILarvaLD50= 0.146867313003168
AIKOW= 2.21976783499122
AIKOC= 5.17415952170268
AIHalfLife= 0.593212825478986
EAppRate= 0.0720117568736896
