ICQueenStrength= 1.05191805679351
RQWkrDrnRatio= 4.54269654117525
