ICQueenStrength= 3.50278470572084
RQWkrDrnRatio= 4.36621067486703
ICDroneMiteSurvivorship= 21.9433205202222
ICWorkerMiteSurvivorship= 71.0583480773494
ICForagerLifespan= 14.2684402884915
ImmType= Sine
AIAdultSlope= 1.9163018142432
AIAdultLD50= 0.169053686782718
AIAdultSlopeContact= 3.48551491573686
AIAdultLD50Contact= 0.0250538668828085
AILarvaSlope= 2.13214763575234
AILarvaLD50= 0.632836752827279
AIKOW= 6.95548914326355
AIKOC= 7.78001058031805
AIHalfLife= 3.19675511214882
EAppRate= 0
