ICQueenStrength= 4.02519253571518
RQWkrDrnRatio= 4.65938224922866
ICDroneMiteSurvivorship= 10.4437880916521
ICWorkerMiteSurvivorship= 1.98147727642208
ICForagerLifespan= 11.8747641639784
ImmType= Sine
AIAdultSlope= 7.47253128094599
