ICQueenStrength= 2.08985957223922
RQWkrDrnRatio= 1.2487162547186
ICDroneMiteSurvivorship= 90.5831486685202
ICWorkerMiteSurvivorship= 3.11571024358273
ICForagerLifespan= 7.03241811972111
ImmType= Tangent
AIAdultSlope= 3.02580118512036
AIAdultLD50= 0.404240284580737
AIAdultSlopeContact= 2.53147154961946
AIAdultLD50Contact= 0.0423819988500327
AILarvaSlope= 2.00311258272268
AILarvaLD50= 0.409392684046179
AIKOW= 4.53500664047897
AIKOC= 19.2342533334158
AIHalfLife= 3.0172248755116
EAppRate= 0
