ICQueenStrength= 5.60720157367177
RQWkrDrnRatio= 2.52826738916337
ICDroneMiteSurvivorship= 82.4418253498152
ICWorkerMiteSurvivorship= 36.5097827510908
ICForagerLifespan= 13.6602355698124
ImmType= Exponential
AIAdultSlopeContact= 3.00525013629813
AIAdultLD50Contact= 0.0130831552785821
AILarvaSlope= 0.0724762588273734
AILarvaLD50= 0.312686837464571
AIKOW= 3.85065017594025
AIKOC= 18.1735059083439
AIHalfLife= 6.29614696791396
