ICQueenStrength= 3.17233066097833
RQWkrDrnRatio= 1.50030798185617
ICDroneMiteSurvivorship= 92.180479504168
ICWorkerMiteSurvivorship= 40.4347216943279
ICForagerLifespan= 14.8163544163108
ImmType= Tangent
AIAdultSlope= 1.03944432735443
AIAdultLD50= 0.413328703027219
AIAdultSlopeContact= 2.7709632525011
AIAdultLD50Contact= 0.0102237348095514
AILarvaSlope= 1.50041645532474
AILarvaLD50= 0.362758099939674
AIKOW= 2.65117214387283
AIKOC= 7.25153174251318
AIHalfLife= 3.07421434321441
EAppRate= 0.452630904340185
