ICQueenStrength= 1.19592068274505
RQWkrDrnRatio= 3.93347094487399
ICDroneMiteSurvivorship= 63.8300276594236
ICWorkerMiteSurvivorship= 45.699836849235
ICForagerLifespan= 10.1559806102887
ImmType= Cosine
AIAdultSlope= 3.42944282169454
AIAdultLD50= 0.0471360575174913
AIAdultSlopeContact= 3.11404746514745
AIAdultLD50Contact= 0.00636201283195987
AILarvaSlope= 2.51208529090509
AILarvaLD50= 0.576051464583725
AIKOW= 5.12560443673283
AIKOC= 23.6095312761609
AIHalfLife= 2.61463708709925
EAppRate= 0
