ICQueenStrength= 4.16315469215624
RQWkrDrnRatio= 1.21411580219865
ICDroneMiteSurvivorship= 51.4542647870257
ICWorkerMiteSurvivorship= 78.7034389097244
ICForagerLifespan= 7.22501812223345
ImmType= Tangent
AIAdultSlope= 0.246450168115553
AIAdultLD50= 0.43801503663417
AIAdultSlopeContact= 3.75617236532969
AIAdultLD50Contact= 0.0474423624225892
AILarvaSlope= 1.36220822823234
AILarvaLD50= 0.111601466475986
AIKOW= 6.6493349079974
AIKOC= 26.5045849385206
AIHalfLife= 3.80041242926382
EAppRate= 0
