ICQueenStrength= 1.02796306461096
RQWkrDrnRatio= 3.94508086983114
