ICQueenStrength= 1.21172500215471
RQWkrDrnRatio= 1.36942186765373
ICDroneMiteSurvivorship= 4.26982948556542
ICWorkerMiteSurvivorship= 41.7247172212228
ICForagerLifespan= 7.35814400669187
ImmType= Polynomial
AIAdultSlope= 2.84994428185746
AIAdultLD50= 1.68544520717114
AIAdultSlopeContact= 3.4416878954717
AIAdultLD50Contact= 0.0158056452637538
AILarvaSlope= 2.94279700033367
AILarvaLD50= 0.524811397260055
AIKOW= 4.06800869992003
AIKOC= 24.8980367451441
AIHalfLife= 10.2897154325619
EAppRate= 0.441059717908502
