ICQueenStrength= 3.68858814844862
RQWkrDrnRatio= 2.83007174730301
ICDroneMiteSurvivorship= 83.5285803303123
ICWorkerMiteSurvivorship= 28.0904251150787
ICForagerLifespan= 15.39259278588
ImmType= Tangent
AIAdultSlope= 3.69812587915454
AIAdultLD50= 0.466261441237293
AIAdultSlopeContact= 2.78826955606928
AIAdultLD50Contact= 0.0182343815336935
AILarvaSlope= 3.39982794444077
AILarvaLD50= 0.241841078060679
AIKOW= 2.68671616865322
AIKOC= 8.98896486731246
AIHalfLife= 1.6777213010937
EAppRate= 0.472169097489677
