ICQueenStrength= 1.06759843905456
RQWkrDrnRatio= 4.92985019553453
ICDroneMiteSurvivorship= 44.8552279034629
ICWorkerMiteSurvivorship= 77.0284753059968
ICForagerLifespan= 11.639158077538
ImmType= Exponential
AIAdultSlopeContact= 0.104078212967142
AIAdultLD50Contact= 0.00445169270969927
AILarvaSlope= 0.272054092725739
AILarvaLD50= 0.254013302153908
AIKOW= 5.15655365586281
AIKOC= 14.4609694730025
AIHalfLife= 9.37686035363004
