ICQueenStrength= 1.22402551025152
RQWkrDrnRatio= 4.47905154339969
ICDroneMiteSurvivorship= 48.3212454942986
ICWorkerMiteSurvivorship= 93.5657290043309
ICForagerLifespan= 11.3741335226223
ImmType= Tangent
AIAdultSlope= 2.25107830343768
AIAdultLD50= 0.373975425492972
AIAdultSlopeContact= 1.44720181975979
AIAdultLD50Contact= 0.0223896728828549
AILarvaSlope= 1.48302105367184
AILarvaLD50= 0.201226985757239
AIKOW= 3.9938660976477
AIKOC= 19.656946453033
AIHalfLife= 2.34085875516757
EAppRate= 0.350873484276235
