ICQueenStrength= 3.8700129839126
RQWkrDrnRatio= 3.63445690181106
ICDroneMiteSurvivorship= 47.2406775224954
ICWorkerMiteSurvivorship= 31.142616388388
ICForagerLifespan= 9.56693287938833
ImmType= Cosine
AIAdultSlope= 1.95228492300957
AIAdultLD50= 0.0744959797011688
AIAdultSlopeContact= 1.97009741717717
AIAdultLD50Contact= 0.0157283130451106
AILarvaSlope= 1.34723224067129
AILarvaLD50= 0.668551739235409
AIKOW= 2.4322800822556
AIKOC= 19.960916590644
AIHalfLife= 4.16512968484312
EAppRate= 0
