ICQueenStrength= 3.67127477331087
RQWkrDrnRatio= 1.0712206158787
ICDroneMiteSurvivorship= 42.0343491481617
ICWorkerMiteSurvivorship= 56.4520021434873
ICForagerLifespan= 4.29565668106079
ImmType= Logarithmic
AIAdultSlope= 8.15674401354045
