ICQueenStrength= 2.13823581370525
RQWkrDrnRatio= 1.00147139746696
ICDroneMiteSurvivorship= 90.7328402623534
ICWorkerMiteSurvivorship= 72.3121404880658
ICForagerLifespan= 14.7211803868413
ImmType= Polynomial
AIAdultSlope= 3.32212530774996
