ICQueenStrength= 3.15317120659165
RQWkrDrnRatio= 4.5179600706324
ICDroneMiteSurvivorship= 91.985615179874
ICWorkerMiteSurvivorship= 15.0426088832319
ICForagerLifespan= 9.68645545188338
ImmType= Logarithmic
AIAdultSlope= 3.56218020554166
AIAdultLD50= 0.107094784150831
AIAdultSlopeContact= 2.30117379168514
AIAdultLD50Contact= 0.0367525243083946
AILarvaSlope= 3.01585933337919
AILarvaLD50= 0.707776661217213
AIKOW= 7.61472038784996
AIKOC= 23.9585770771373
AIHalfLife= 3.40080642374232
EAppRate= 0
