ICQueenStrength= 3.63077348936349
RQWkrDrnRatio= 4.20757995638996
ICDroneMiteSurvivorship= 59.7509817453101
ICWorkerMiteSurvivorship= 48.6673186765984
ICForagerLifespan= 10.746151083149
ImmType= Logarithmic
AIAdultSlope= 1.37048467094544
AIAdultLD50= 0.238467279006727
AIAdultSlopeContact= 3.64643889694707
AIAdultLD50Contact= 0.0383846183656715
AILarvaSlope= 2.18557511931285
AILarvaLD50= 0.541302093327977
AIKOW= 6.60621348069981
AIKOC= 27.2440647077747
AIHalfLife= 1.9385766715277
EAppRate= 0.553825688012876
