ICQueenStrength= 2.49053800012916
RQWkrDrnRatio= 2.52275592647493
