ICQueenStrength= 3.18585320515558
RQWkrDrnRatio= 1.75244798976928
ICDroneMiteSurvivorship= 95.3033756231889
ICWorkerMiteSurvivorship= 2.04978520050645
ICForagerLifespan= 5.76040491089225
ImmType= Logarithmic
AIAdultSlope= 1.21541538145393
AIAdultLD50= 2.86402450036258
AIAdultSlopeContact= 0.0108730623568408
AIAdultLD50Contact= 0.0404806593200192
AILarvaSlope= 1.46094634085894
AILarvaLD50= 0.295923968218267
AIKOW= 2.77150828624144
AIKOC= 7.42323996499181
AIHalfLife= 5.53010475821793
EAppRate= 0.300463930470869
