ICQueenStrength= 3.27224514703266
RQWkrDrnRatio= 2.09525325335562
ICDroneMiteSurvivorship= 21.8078636098653
ICWorkerMiteSurvivorship= 85.2549656061456
ICForagerLifespan= 6.29903392959386
ImmType= Cosine
AIAdultSlope= 0.569751742295921
AIAdultLD50= 0.588827712228522
AIAdultSlopeContact= 1.7421893007122
AIAdultLD50Contact= 0.182274326123297
AILarvaSlope= 2.01799455331638
AILarvaLD50= 0.76132350647822
AIKOW= 36.6649758070707
AIKOC= 72.4393544020131
AIHalfLife= 7.04118565376848
EAppRate= 1.49101136671379
