ICQueenStrength= 3.21817231737077
RQWkrDrnRatio= 2.90087871532887
ICDroneMiteSurvivorship= 42.9227463435382
ICWorkerMiteSurvivorship= 38.720926688984
ICForagerLifespan= 15.487405711785
ImmType= Polynomial
AIAdultSlopeContact= 0.296524809566326
AIAdultLD50Contact= 0.0373226359253749
AILarvaSlope= 0.256148002948612
AILarvaLD50= 0.502373351552524
AIKOW= 2.75005661416799
AIKOC= 14.8999314301182
AIHalfLife= 4.64134335098788
