ICQueenStrength= 5.38440499594435
RQWkrDrnRatio= 4.84227521065623
ICDroneMiteSurvivorship= 93.1656491477042
ICWorkerMiteSurvivorship= 41.5935129858553
ICForagerLifespan= 15.3830019664019
ImmType= Polynomial
AIAdultSlopeContact= 3.84274319994031
AIAdultLD50Contact= 0.0114118399797007
AILarvaSlope= 2.4071556519717
AILarvaLD50= 0.876147609972395
AIKOW= 2.31696623656899
AIKOC= 16.2797841720749
AIHalfLife= 12.8846265370958
