ICQueenStrength= 5.26834534155205
RQWkrDrnRatio= 3.52534460928291
ICDroneMiteSurvivorship= 92.8497309330851
ICWorkerMiteSurvivorship= 18.6462773010135
ICForagerLifespan= 9.40338607318699
ImmType= Exponential
AIAdultSlope= 2.01612479607575
AIAdultLD50= 2.63263095659204
AIAdultSlopeContact= 1.30304824799532
AIAdultLD50Contact= 0.0333986804704182
AILarvaSlope= 0.191547275939956
AILarvaLD50= 0.791835889988579
AIKOW= 7.47925634076819
AIKOC= 27.6103742606938
AIHalfLife= 0.47213145904243
EAppRate= 0.465707929804921
