ICQueenStrength= 5.72497292677872
RQWkrDrnRatio= 3.9853400317952
ICDroneMiteSurvivorship= 83.7815563427284
ICWorkerMiteSurvivorship= 61.6411467315629
ICForagerLifespan= 10.8366666296497
ImmType= Exponential
AIAdultSlopeContact= 2.29891144319437
AIAdultLD50Contact= 0.00684424475766718
AILarvaSlope= 2.4636725621298
AILarvaLD50= 0.183555368380621
AIKOW= 3.46707252180204
AIKOC= 9.70704900217243
AIHalfLife= 3.83479425637051
