ICQueenStrength= 5.06863096752204
RQWkrDrnRatio= 3.02814271301031
ICDroneMiteSurvivorship= 49.1945412475616
ICWorkerMiteSurvivorship= 43.1659545050934
ICForagerLifespan= 11.0149646941572
ImmType= Tangent
AIAdultSlope= 1.37834434262477
AIAdultLD50= 0.191561880754307
AIAdultSlopeContact= 0.597100904434919
AIAdultLD50Contact= 0.0411388562410139
AILarvaSlope= 2.97840256066993
AILarvaLD50= 0.791095793712884
AIKOW= 3.64071553153917
AIKOC= 14.7343934874516
AIHalfLife= 10.198465612717
EAppRate= 0.654827390331775
