ICQueenStrength= 3.28330195043236
RQWkrDrnRatio= 4.01430831104517
