ICQueenStrength= 5.7949024499394
RQWkrDrnRatio= 3.43418421316892
ICDroneMiteSurvivorship= 72.1794042270631
ICWorkerMiteSurvivorship= 32.4364634463564
ICForagerLifespan= 7.67054152209312
ImmType= Sine
AIAdultSlope= 1.3600357494317
AIAdultSlopeContact= 0.97221231628675
AIAdultLD50Contact= 0.0160193990799598
AILarvaSlope= 0.185674726683646
AILarvaLD50= 0.848437915253453
AIKOW= 7.495754590258
AIKOC= 10.8508843416348
AIHalfLife= 2.17317243758589
