ICQueenStrength= 5.10509768291377
RQWkrDrnRatio= 1.91925608646125
ICDroneMiteSurvivorship= 58.9671419467777
ICWorkerMiteSurvivorship= 72.1203375374898
ICForagerLifespan= 4.44424425438046
ImmType= Tangent
AIAdultSlope= 8.13214909285307
