ICQueenStrength= 1.75449665309861
RQWkrDrnRatio= 4.25404565222561
ICDroneMiteSurvivorship= 43.1365281110629
ICWorkerMiteSurvivorship= 71.6293612727895
ICForagerLifespan= 13.5621197102591
ImmType= Sine
AIAdultSlope= 2.45700898114592
