ICQueenStrength= 2.93434634129517
RQWkrDrnRatio= 3.98442368302494
ICDroneMiteSurvivorship= 3.64285300020128
ICWorkerMiteSurvivorship= 19.8359149275348
ICForagerLifespan= 7.83559363149107
ImmType= Exponential
AIAdultSlopeContact= 2.82683056590613
AIAdultLD50Contact= 0.022616369696334
AILarvaSlope= 2.26520208856091
AILarvaLD50= 0.783411888708361
AIKOW= 5.47126252576709
AIKOC= 16.1914379813243
AIHalfLife= 10.5047417203896
