ICQueenStrength= 1.92237233184278
RQWkrDrnRatio= 1.71231322269887
ICDroneMiteSurvivorship= 91.3003908470273
ICWorkerMiteSurvivorship= 61.9107577716932
ICForagerLifespan= 10.6794228777289
ImmType= Exponential
AIAdultSlope= 2.96477314308286
AIAdultLD50= 0.122687912080437
AIAdultSlopeContact= 0.157494194225874
AIAdultLD50Contact= 0.041081620240584
AILarvaSlope= 0.73604128556326
AILarvaLD50= 0.144410610501654
AIKOW= 6.04374086717144
AIKOC= 27.7064035483636
AIHalfLife= 4.98187501332723
EAppRate= 0.128054041322321
