ICQueenStrength= 3.53027260187082
RQWkrDrnRatio= 4.07789895776659
ICDroneMiteSurvivorship= 29.9225545488298
ICWorkerMiteSurvivorship= 88.3826318662614
ICForagerLifespan= 11.0598363410681
ImmType= Sine
AIAdultSlope= 1.16859722286463
AIAdultLD50= 2.38747836509719
AIAdultSlopeContact= 0.27596579911653
AIAdultLD50Contact= 0.00308906174032018
AILarvaSlope= 2.98029271145351
AILarvaLD50= 0.379703852254897
AIKOW= 7.81789012253284
AIKOC= 7.38871191977523
AIHalfLife= 11.1918849814683
EAppRate= 0.755657264729962
