ICQueenStrength= 5.97995209530927
RQWkrDrnRatio= 2.88160724099725
ICDroneMiteSurvivorship= 4.01443631853908
ICWorkerMiteSurvivorship= 75.2885472262278
ICForagerLifespan= 4.93319819215685
ImmType= Sine
AIAdultSlopeContact= 6.80696269031614
AIAdultLD50Contact= 0.0367933933157474
AILarvaSlope= 6.20722206542268
AILarvaLD50= 0.0952298738993704
AIKOW= 59.1870322125033
AIKOC= 93.5819671489298
AIHalfLife= 4.23762499541044
