ICQueenStrength= 3.50372290611267
RQWkrDrnRatio= 3.09823943395168
ICDroneMiteSurvivorship= 3.25837673153728
ICWorkerMiteSurvivorship= 42.9650316247717
ICForagerLifespan= 8.7148873405531
ImmType= Cosine
AIAdultSlope= 1.30218450524844
AIAdultSlopeContact= 0.308202371466905
AIAdultLD50Contact= 0.0218197672162205
AILarvaSlope= 1.06282022306696
AILarvaLD50= 0.365916170971468
AIKOW= 4.8748176926747
AIKOC= 18.125607377151
AIHalfLife= 10.6147324643098
