ICQueenStrength= 5.26938609569333
RQWkrDrnRatio= 2.34504907205701
ICDroneMiteSurvivorship= 43.2572351070121
ICWorkerMiteSurvivorship= 44.192079291679
ICForagerLifespan= 10.8933272780851
ImmType= Tangent
AIAdultSlope= 0.269520237483084
AIAdultLD50= 2.34489758312702
AIAdultSlopeContact= 2.35356075202581
AIAdultLD50Contact= 0.0482583640841767
AILarvaSlope= 1.52093395865522
AILarvaLD50= 0.875742420600727
AIKOW= 4.25004278821871
AIKOC= 26.2332007300574
AIHalfLife= 3.84205944463611
EAppRate= 0.517788618104532
