ICQueenStrength= 3.60026624659076
RQWkrDrnRatio= 2.67058392334729
ICDroneMiteSurvivorship= 36.4509692182764
ICWorkerMiteSurvivorship= 31.4746899763122
ICForagerLifespan= 5.89049580320716
ImmType= Exponential
AIAdultSlope= 0.959885315797292
AIAdultLD50= 0.0457687069429085
AIAdultSlopeContact= 2.83883541557472
AIAdultLD50Contact= 0.0471119941561483
AILarvaSlope= 0.833979685185477
AILarvaLD50= 0.232257562433369
AIKOW= 4.04183283355087
AIKOC= 19.3196310906205
AIHalfLife= 3.35464939358644
EAppRate= 0.199095227522776
