ICQueenStrength= 4.64405170199461
RQWkrDrnRatio= 4.92830353043973
ICDroneMiteSurvivorship= 76.234303903766
ICWorkerMiteSurvivorship= 24.1238470189273
ICForagerLifespan= 6.67683753091842
ImmType= Exponential
AIAdultSlope= 1.600230902154
AIAdultLD50= 0.717886644881219
AIAdultSlopeContact= 2.39528067050502
AIAdultLD50Contact= 0.0312535725068301
AILarvaSlope= 1.18446862921119
AILarvaLD50= 0.792392498231493
AIKOW= 3.15288103464991
AIKOC= 12.6621647400316
AIHalfLife= 3.75180415064096
EAppRate= 0.887640050845221
