ICQueenStrength= 5.26692849141546
RQWkrDrnRatio= 1.45299752149731
ICDroneMiteSurvivorship= 22.2006233874708
ICWorkerMiteSurvivorship= 74.1644579917192
ICForagerLifespan= 15.8644691854715
ImmType= Exponential
AIAdultSlopeContact= 9.24118356546387
AIAdultLD50Contact= 0.053410906298086
AILarvaSlope= 5.2030603797175
AILarvaLD50= 0.791277828160673
AIKOW= 85.1308408891782
AIKOC= 64.6867112489417
AIHalfLife= 6.87877218704671
