ICQueenStrength= 5.5597501238808
RQWkrDrnRatio= 3.91872781608254
ICDroneMiteSurvivorship= 65.3107619611546
ICWorkerMiteSurvivorship= 88.7009388534352
ICForagerLifespan= 4.28248258400708
ImmType= Logarithmic
AIAdultSlope= 0.455306808790192
AIAdultLD50= 0.105057505890727
AIAdultSlopeContact= 0.414791410553735
AIAdultLD50Contact= 0.0247396740247495
AILarvaSlope= 3.31881721056998
AILarvaLD50= 0.404766735993326
AIKOW= 5.26656582765281
AIKOC= 28.665772320237
AIHalfLife= 1.79244500165805
EAppRate= 0.53058771463111
