ICQueenStrength= 1.65666519571096
RQWkrDrnRatio= 2.38237524125725
ICDroneMiteSurvivorship= 66.6610152693465
ICWorkerMiteSurvivorship= 12.5705109676346
ICForagerLifespan= 4.56487383600324
ImmType= Tangent
AIAdultSlopeContact= 2.43798030381091
AIAdultLD50Contact= 0.0457799536641687
AILarvaSlope= 1.41038576941937
AILarvaLD50= 0.808436991646886
AIKOW= 6.01573696359992
AIKOC= 20.7272749696858
AIHalfLife= 0.0322056268341839
