ICQueenStrength= 4.06411610799842
RQWkrDrnRatio= 4.96640893165022
ICDroneMiteSurvivorship= 81.8994737695903
ICWorkerMiteSurvivorship= 98.2952683232725
ICForagerLifespan= 4.91316646337509
ImmType= Tangent
AIAdultSlope= 2.80690307054669
AIAdultLD50= 0.135053050238639
AIAdultSlopeContact= 0.24866473860573
AIAdultLD50Contact= 0.00771881107939407
AILarvaSlope= 0.453018263634294
AILarvaLD50= 0.779033317649737
AIKOW= 5.96369814826176
AIKOC= 17.0280092698522
AIHalfLife= 4.09438236965798
EAppRate= 0
