ICQueenStrength= 4.58151501044631
RQWkrDrnRatio= 1.43154914397746
ICDroneMiteSurvivorship= 61.2944643013179
ICWorkerMiteSurvivorship= 37.0239289244637
ICForagerLifespan= 13.9701283629984
ImmType= Sine
AIAdultSlopeContact= 3.49718092087889
AIAdultLD50Contact= 0.0256697264034301
AILarvaSlope= 1.08225917960517
AILarvaLD50= 0.708829541620798
AIKOW= 7.59710388770327
AIKOC= 5.02709155087359
AIHalfLife= 11.3204764919356
