ICQueenStrength= 1.76544537441805
RQWkrDrnRatio= 1.98253692872822
ICDroneMiteSurvivorship= 85.112367128022
ICWorkerMiteSurvivorship= 14.6169275743887
ICForagerLifespan= 7.49979384802282
ImmType= Polynomial
AIAdultSlope= 2.79922114009969
AIAdultLD50= 2.77137031266466
AIAdultSlopeContact= 0.63352960081771
AIAdultLD50Contact= 0.0379433045280166
AILarvaSlope= 0.298497616359964
AILarvaLD50= 0.397837130818516
AIKOW= 6.81870569102466
AIKOC= 27.7995284774806
AIHalfLife= 5.14822483807802
EAppRate= 0.742068300954998
