ICQueenStrength= 5.96859953738749
RQWkrDrnRatio= 2.53365873266011
ICDroneMiteSurvivorship= 40.8214122988284
ICWorkerMiteSurvivorship= 59.7236355300993
ICForagerLifespan= 14.0004355506971
ImmType= Exponential
AIAdultLD50= 0.154012839635834
AIAdultSlopeContact= 3.27279568845872
AIAdultLD50Contact= 0.0312305095256306
AILarvaSlope= 1.74340771255083
AILarvaLD50= 0.706347083835863
AIKOW= 7.61518839281052
AIKOC= 12.8369114198722
AIHalfLife= 10.2977023189887
EAppRate= 1.18328136950731
