ICQueenStrength= 5.61183738312684
RQWkrDrnRatio= 2.91203689482063
ICDroneMiteSurvivorship= 59.4843179918826
ICWorkerMiteSurvivorship= 42.9590990068391
ICForagerLifespan= 8.23172731511295
ImmType= Polynomial
AIAdultLD50= 0.154012839635834
AIAdultSlopeContact= 0.823378956390079
AIAdultLD50Contact= 0.0425798260373995
AILarvaSlope= 3.20902663101442
AILarvaLD50= 0.654852232011035
AIKOW= 4.59373293630779
AIKOC= 8.15702888183296
AIHalfLife= 1.03272247267887
EAppRate= 0.925050969235599
