ICQueenStrength= 3.88798742345534
RQWkrDrnRatio= 4.69878775347024
ICDroneMiteSurvivorship= 55.4716139798984
ICWorkerMiteSurvivorship= 39.8252862505615
ICForagerLifespan= 7.68192374706268
ImmType= Sine
AIAdultSlope= 9.61879063863307
