ICQueenStrength= 1.21606812137179
RQWkrDrnRatio= 1.15388277638704
ICDroneMiteSurvivorship= 37.2573677217588
ICWorkerMiteSurvivorship= 50.7071302738041
ICForagerLifespan= 6.0976436631754
ImmType= Exponential
AIAdultSlopeContact= 4.62477065389976
AIAdultLD50Contact= 0.0389766159467399
AILarvaSlope= 8.17966121714562
AILarvaLD50= 0.924674198962748
AIKOW= 88.2840077159926
AIKOC= 51.0617912979797
AIHalfLife= 10.1678735543974
