ICQueenStrength= 4.8590949436184
RQWkrDrnRatio= 2.31066839303821
ICDroneMiteSurvivorship= 49.3685257155448
ICWorkerMiteSurvivorship= 68.0440585827455
ICForagerLifespan= 10.3939233561978
ImmType= Sine
AIAdultSlope= 6.35899253888056
