ICQueenStrength= 2.75869258702733
RQWkrDrnRatio= 4.14611604157835
ICDroneMiteSurvivorship= 52.3546616081148
ICWorkerMiteSurvivorship= 86.4411453483626
ICForagerLifespan= 4.16831800621003
ImmType= Logarithmic
AIAdultSlopeContact= 0.331867034547031
AIAdultLD50Contact= 0.0872159619815648
AILarvaSlope= 9.60314656142145
AILarvaLD50= 0.190674803685397
AIKOW= 5.72960271965712
AIKOC= 69.9474946362898
AIHalfLife= 13.3867630572058
