ICQueenStrength= 5.37784078647383
RQWkrDrnRatio= 4.3275188151747
ICDroneMiteSurvivorship= 4.9223045585677
ICWorkerMiteSurvivorship= 38.2175799459219
ICForagerLifespan= 13.9078833861277
ImmType= Tangent
AIAdultSlope= 1.61092698699795
AIAdultLD50= 2.46472823666409
AIAdultSlopeContact= 0.0855934174102731
AIAdultLD50Contact= 0.0249406390474178
AILarvaSlope= 0.29578226543963
AILarvaLD50= 0.360943678161129
AIKOW= 4.20903431298211
AIKOC= 19.4823562412057
AIHalfLife= 5.76837531384081
EAppRate= 0.653399704489857
