ICQueenStrength= 3.12626844295301
RQWkrDrnRatio= 1.47953277546912
ICDroneMiteSurvivorship= 41.5897212689742
ICWorkerMiteSurvivorship= 91.457601590082
ICForagerLifespan= 7.52312625851482
ImmType= Exponential
AIAdultSlope= 0.326906540470663
AIAdultLD50= 0.289693968370557
AIAdultSlopeContact= 2.87541281715268
AIAdultLD50Contact= 0.0447251741425134
AILarvaSlope= 2.2102370460052
AILarvaLD50= 0.180244695581496
AIKOW= 6.8782290359959
AIKOC= 26.3588438986335
AIHalfLife= 0.989450352499261
EAppRate= 0.532339797751047
