ICQueenStrength= 5.64559986605309
RQWkrDrnRatio= 4.98902516718954
ICDroneMiteSurvivorship= 0.811622501350939
ICWorkerMiteSurvivorship= 42.2957659699023
ICForagerLifespan= 9.39150576200336
ImmType= Logarithmic
AIAdultSlope= 2.26587840239517
AIAdultLD50= 2.64556372538209
AIAdultSlopeContact= 3.58480254758382
AIAdultLD50Contact= 0.0412461094674654
AILarvaSlope= 0.723074590601027
AILarvaLD50= 0.000738443783484399
AIKOW= 7.40990459406748
AIKOC= 5.15139860915951
AIHalfLife= 13.6196213671938
EAppRate= 0.0541211916133761
