ICQueenStrength= 2.72384869889356
RQWkrDrnRatio= 4.69544311147183
ICDroneMiteSurvivorship= 67.679168144241
ICWorkerMiteSurvivorship= 68.5435752384365
ICForagerLifespan= 7.86979233846068
ImmType= Logarithmic
AIAdultSlope= 0.0236375380773097
AIAdultLD50= 2.4443909113761
AIAdultSlopeContact= 1.75244694847846
AIAdultLD50Contact= 0.0414140736800618
AILarvaSlope= 3.28388634203002
AILarvaLD50= 0.863231423450634
AIKOW= 3.795042142272
AIKOC= 13.6376462248154
AIHalfLife= 13.0126847168431
EAppRate= 0.915735697839409
