ICQueenStrength= 3.06452762358822
RQWkrDrnRatio= 3.05701965186745
ICDroneMiteSurvivorship= 85.9473001677543
ICWorkerMiteSurvivorship= 26.8081631977111
ICForagerLifespan= 5.36645408440381
ImmType= Exponential
AIAdultSlope= 0.778678298136219
AIAdultLD50= 1.39852732792497
AIAdultSlopeContact= 1.08285197819816
AIAdultLD50Contact= 0.0326101224520244
AILarvaSlope= 1.28882603310049
AILarvaLD50= 0.0175892215920612
AIKOW= 7.63517974177375
AIKOC= 28.0273555149324
AIHalfLife= 7.73360755480826
EAppRate= 0.170540813589469
