ICQueenStrength= 2.67235908447765
RQWkrDrnRatio= 1.63442171830684
ICDroneMiteSurvivorship= 64.2010821495205
ICWorkerMiteSurvivorship= 11.7773012025282
ICForagerLifespan= 7.45503451861441
ImmType= Sine
AIAdultSlope= 2.11770875253715
AIAdultLD50= 1.90317537984811
AIAdultSlopeContact= 3.08782303336076
AIAdultLD50Contact= 0.0454493641271256
AILarvaSlope= 1.05187872126698
AILarvaLD50= 0.735233750310726
AIKOW= 7.14828564692289
AIKOC= 8.80900329910219
AIHalfLife= 1.28213856369257
EAppRate= 0.384634542278945
