ICQueenStrength= 1.46304064337164
RQWkrDrnRatio= 2.29931525886059
ICDroneMiteSurvivorship= 47.9846514994279
ICWorkerMiteSurvivorship= 53.4723322372884
ICForagerLifespan= 10.5326283276081
ImmType= Polynomial
AIAdultSlopeContact= 3.87168023537379
AIAdultLD50Contact= 0.0184186925296672
AILarvaSlope= 3.31497505623847
AILarvaLD50= 0.273921912442893
AIKOW= 3.56031124806032
AIKOC= 17.6514264906291
AIHalfLife= 12.5479779755697
