ICQueenStrength= 2.6360418475233
RQWkrDrnRatio= 2.91800461430103
ICDroneMiteSurvivorship= 50.7637809496373
ICWorkerMiteSurvivorship= 58.8312031701207
ICForagerLifespan= 4.00897873938084
ImmType= Logarithmic
AIAdultSlope= 0.507856375584379
AIAdultLD50= 2.65132383350283
AIAdultSlopeContact= 2.60444475336699
AIAdultLD50Contact= 0.0217246173880994
AILarvaSlope= 1.62655703583732
AILarvaLD50= 0.0643798587145284
AIKOW= 6.93934838892892
AIKOC= 8.2152502972167
AIHalfLife= 12.3817634652369
EAppRate= 0.190073666162789
