ICQueenStrength= 3.5263646512758
RQWkrDrnRatio= 3.67298108525574
ICDroneMiteSurvivorship= 11.8230905383825
ICWorkerMiteSurvivorship= 19.7759652975947
ICForagerLifespan= 10.2032362995669
ImmType= Exponential
AIAdultSlope= 2.61142487088218
AIAdultLD50= 0.62110607419163
AIAdultSlopeContact= 3.62332814506022
AIAdultLD50Contact= 0.0137683687265962
AILarvaSlope= 1.07911462825723
AILarvaLD50= 0.717465115338564
AIKOW= 5.93494117818773
AIKOC= 28.0076197709423
AIHalfLife= 13.0714760962874
EAppRate= 0.355545911705121
