ICQueenStrength= 3.62636677827686
RQWkrDrnRatio= 1.30685852002352
ICDroneMiteSurvivorship= 26.2195877032354
ICWorkerMiteSurvivorship= 3.28972111456096
ICForagerLifespan= 11.4344796407968
ImmType= Cosine
AIAdultLD50= 0.154012839635834
AIAdultSlopeContact= 3.30158364353701
AIAdultLD50Contact= 0.0208670196821913
AILarvaSlope= 2.79910169984214
AILarvaLD50= 0.641217571380548
AIKOW= 3.21659625321627
AIKOC= 14.743243228877
AIHalfLife= 2.75918748835102
EAppRate= 0.31776877027005
