ICQueenStrength= 4.91300999908708
RQWkrDrnRatio= 4.29888458363712
ICDroneMiteSurvivorship= 89.1449823742732
ICWorkerMiteSurvivorship= 22.5752995116636
ICForagerLifespan= 8.29211571440101
ImmType= Sine
AIAdultSlope= 0.53701828205958
AIAdultLD50= 0.0367036932148039
AIAdultSlopeContact= 2.26957581945928
AIAdultLD50Contact= 0.00565070053562522
AILarvaSlope= 2.26756768329069
AILarvaLD50= 0.325653337407857
AIKOW= 3.42380924616009
AIKOC= 19.3968508287799
AIHalfLife= 12.521809543483
EAppRate= 0.650908809620887
