ICQueenStrength= 2.44448697566986
RQWkrDrnRatio= 3.29319769050926
ICDroneMiteSurvivorship= 39.8793775122613
ICWorkerMiteSurvivorship= 16.5246167918667
ICForagerLifespan= 14.1178251300007
ImmType= Tangent
AIAdultSlope= 3.23375463774428
AIAdultLD50= 1.57855543261394
AIAdultSlopeContact= 0.489277547718957
AIAdultLD50Contact= 0.0240312208770774
AILarvaSlope= 1.33275263947435
AILarvaLD50= 0.0201264584669843
AIKOW= 7.84137712465599
AIKOC= 11.3299894565716
AIHalfLife= 2.42031176900491
EAppRate= 0.504248854704201
