ICQueenStrength= 2.71522605698556
RQWkrDrnRatio= 3.48125504888594
ICDroneMiteSurvivorship= 24.1101084277034
ICWorkerMiteSurvivorship= 40.1435236446559
ICForagerLifespan= 5.86933780368418
ImmType= Logarithmic
AIAdultSlope= 1.9412019467284
AIAdultLD50= 0.186812728876248
AIAdultSlopeContact= 0.299706908587832
AIAdultLD50Contact= 0.00477074621012434
AILarvaSlope= 1.94113449240103
AILarvaLD50= 0.858346518385224
AIKOW= 6.08547820337117
AIKOC= 20.2991251379717
AIHalfLife= 2.31008837930858
EAppRate= 0.692253938224167
