ICQueenStrength= 3.21802027430385
RQWkrDrnRatio= 3.40948407165706
ICDroneMiteSurvivorship= 40.7853855751455
ICWorkerMiteSurvivorship= 96.1516505805776
ICForagerLifespan= 11.1334178810939
ImmType= Exponential
AIAdultSlope= 0.181554575851187
AIAdultLD50= 0.392578407772817
AIAdultSlopeContact= 3.90370086104376
AIAdultLD50Contact= 0.037392859288957
AILarvaSlope= 0.00567695079371333
AILarvaLD50= 0.00656135967001319
AIKOW= 4.68821129575372
AIKOC= 8.08416513726115
AIHalfLife= 4.56107385107316
EAppRate= 0.555119702871889
