ICQueenStrength= 4.32803702563979
RQWkrDrnRatio= 1.16297729872167
ICDroneMiteSurvivorship= 92.2609208151698
ICWorkerMiteSurvivorship= 74.8897284269333
ICForagerLifespan= 5.6945312153548
ImmType= Polynomial
AIAdultSlope= 0.594247257092502
AIAdultLD50= 0.21428210020531
AIAdultSlopeContact= 2.25323003808036
AIAdultLD50Contact= 0.0272083474090323
AILarvaSlope= 1.882875426393
AILarvaLD50= 0.790922241169028
AIKOW= 7.63519385550171
AIKOC= 11.7796897666994
AIHalfLife= 1.32692415849306
EAppRate= 0.670401643496007
