ICQueenStrength= 1.47542797052301
RQWkrDrnRatio= 2.62249725032598
ICDroneMiteSurvivorship= 51.2896544998512
ICWorkerMiteSurvivorship= 69.8980702087283
ICForagerLifespan= 9.06645675841719
ImmType= Exponential
AIAdultSlope= 3.86967174394056
AIAdultLD50= 0.306414688006043
AIAdultSlopeContact= 1.95487809858285
AIAdultLD50Contact= 0.049240568978712
AILarvaSlope= 3.02793971165083
AILarvaLD50= 0.345307216839865
AIKOW= 6.5397708103992
AIKOC= 19.5087746263016
AIHalfLife= 2.24154806113802
EAppRate= 0.484466481301933
