ICQueenStrength= 1.41379898553714
RQWkrDrnRatio= 1.67988317739218
ICDroneMiteSurvivorship= 97.0597879961133
ICWorkerMiteSurvivorship= 96.0546034155414
ICForagerLifespan= 12.1385874496773
ImmType= Sine
AIAdultSlope= 2.20960206582444
AIAdultLD50= 0.323368373326957
AIAdultSlopeContact= 2.6726407609717
AIAdultLD50Contact= 0.031126761471387
AILarvaSlope= 3.19398062350228
AILarvaLD50= 0.304661806602962
AIKOW= 5.36029738048092
AIKOC= 19.4857132923789
AIHalfLife= 0.331539725884795
EAppRate= 0.677076641377062
