ICQueenStrength= 2.33663850603625
RQWkrDrnRatio= 4.79984049871564
ICDroneMiteSurvivorship= 77.2771908435971
ICWorkerMiteSurvivorship= 58.363158069551
ICForagerLifespan= 4.45045278035104
ImmType= Exponential
AIAdultSlopeContact= 1.74588199133053
AIAdultLD50Contact= 0.0149366576224566
AILarvaSlope= 3.00629120534286
AILarvaLD50= 0.267375690490007
AIKOW= 2.93921202467754
AIKOC= 15.7420847110916
AIHalfLife= 6.49904007231817
