ICQueenStrength= 1.04351386567578
RQWkrDrnRatio= 2.79255651496351
ICDroneMiteSurvivorship= 67.5477314274758
ICWorkerMiteSurvivorship= 40.232616965659
ICForagerLifespan= 4.32321790419519
ImmType= Exponential
AIAdultSlope= 1.14038113234565
AIAdultLD50= 2.66682908101939
AIAdultSlopeContact= 2.61093046848429
AIAdultLD50Contact= 0.0269084069528617
AILarvaSlope= 1.91380588780157
AILarvaLD50= 0.314085239195265
AIKOW= 5.13537827506661
AIKOC= 19.7981576330494
AIHalfLife= 1.42367452057078
EAppRate= 0.878654331900179
