ICQueenStrength= 4.35959081770852
RQWkrDrnRatio= 4.74580264557153
ICDroneMiteSurvivorship= 50.2660459605977
ICWorkerMiteSurvivorship= 73.164013796486
ICForagerLifespan= 9.89119975920767
ImmType= Cosine
AIAdultSlope= 3.65748646269785
AIAdultLD50= 0.377982110367157
AIAdultSlopeContact= 2.12097810488893
AIAdultLD50Contact= 0.00913751920452341
AILarvaSlope= 0.514762053778395
AILarvaLD50= 0.108005452738144
AIKOW= 4.43944188999012
AIKOC= 7.28351539117284
AIHalfLife= 3.55331129860133
EAppRate= 0.0266199263976887
