ICQueenStrength= 5.80402792105451
RQWkrDrnRatio= 4.20576423406601
ICDroneMiteSurvivorship= 89.3674315884709
ICWorkerMiteSurvivorship= 64.5065409597009
ICForagerLifespan= 9.9314031386748
ImmType= Cosine
AIAdultSlope= 3.17882111668121
AIAdultLD50= 0.313837942201644
AIAdultSlopeContact= 0.754162997589447
AIAdultLD50Contact= 0.0351800119271502
AILarvaSlope= 2.30035680863075
AILarvaLD50= 0.238637121766806
AIKOW= 6.63364394335076
AIKOC= 23.3793659321964
AIHalfLife= 1.95841698674485
EAppRate= 0.0294622634071857
