ICQueenStrength= 4.64145420608111
RQWkrDrnRatio= 2.52750038634986
ICDroneMiteSurvivorship= 70.3440245473757
ICWorkerMiteSurvivorship= 78.9120336296037
ICForagerLifespan= 14.7764677777886
ImmType= Logarithmic
AIAdultSlope= 0.011960783007089
AIAdultLD50= 0.266080984962173
AIAdultSlopeContact= 3.74903606967302
AIAdultLD50Contact= 0.0423948142910376
AILarvaSlope= 2.36453230916522
AILarvaLD50= 0.359505863883533
AIKOW= 2.37030294071883
AIKOC= 9.27425586385652
AIHalfLife= 0.401351520558819
EAppRate= 0.184689315361902
