ICQueenStrength= 2.5626241103746
RQWkrDrnRatio= 4.92410162463784
ICDroneMiteSurvivorship= 17.6842473912984
ICWorkerMiteSurvivorship= 5.38684967905283
ICForagerLifespan= 11.6628986811265
ImmType= Exponential
AIAdultSlope= 2.2614552759449
AIAdultLD50= 0.395380294881761
AIAdultSlopeContact= 0.591462832263205
AIAdultLD50Contact= 0.0208779982756823
AILarvaSlope= 1.77735810941085
AILarvaLD50= 0.491223247954622
AIKOW= 3.49386534234509
AIKOC= 10.6928957696073
AIHalfLife= 1.35969924274832
EAppRate= 0.00661636448930949
