ICQueenStrength= 4.4713479410857
RQWkrDrnRatio= 3.08331441413611
ICDroneMiteSurvivorship= 81.3190803863108
ICWorkerMiteSurvivorship= 18.3175266254693
ICForagerLifespan= 9.08735014405102
ImmType= Logarithmic
AIAdultSlope= 2.64156632758677
AIAdultLD50= 2.35719675268047
AIAdultSlopeContact= 0.373944386949297
AIAdultLD50Contact= 0.000582708802539855
AILarvaSlope= 1.4499707873445
AILarvaLD50= 0.558751340070739
AIKOW= 4.68474606052041
AIKOC= 9.58985413424671
AIHalfLife= 5.27694350667298
EAppRate= 0.688401145394892
