ICQueenStrength= 3.22428572480567
RQWkrDrnRatio= 3.23938294872642
ICDroneMiteSurvivorship= 95.1233542058617
ICWorkerMiteSurvivorship= 10.4847883572802
ICForagerLifespan= 4.80061426479369
ImmType= Sine
AIAdultSlope= 0.0326698483130895
AIAdultLD50= 0.0589598695514724
AIAdultSlopeContact= 1.72336502716178
AIAdultLD50Contact= 0.0232243196340278
AILarvaSlope= 2.17551723397337
AILarvaLD50= 0.181105650099926
AIKOW= 3.06376703316346
AIKOC= 29.1236539615784
AIHalfLife= 2.80534656834789
EAppRate= 0.128100861492567
