ICQueenStrength= 2.01444027735852
RQWkrDrnRatio= 2.42693329881877
ICDroneMiteSurvivorship= 60.4510276345536
ICWorkerMiteSurvivorship= 69.0616458188742
ICForagerLifespan= 11.8792939707637
ImmType= Cosine
AIAdultSlope= 0.809933537617326
AIAdultLD50= 1.94572776393034
AIAdultSlopeContact= 0.154396552874241
AIAdultLD50Contact= 0.0247731075622141
AILarvaSlope= 0.00558031327091157
AILarvaLD50= 0.674551040958613
AIKOW= 3.52716024126858
AIKOC= 27.6461897604167
AIHalfLife= 7.98119490919635
EAppRate= 0.153739224653691
