ICQueenStrength= 3.41058485000394
RQWkrDrnRatio= 2.23922256194055
ICDroneMiteSurvivorship= 93.4664843603969
ICWorkerMiteSurvivorship= 30.5276029277593
ICForagerLifespan= 13.5153739256784
ImmType= Cosine
AIAdultSlope= 0.0367857730481774
AIAdultLD50= 2.33412891975604
AIAdultSlopeContact= 1.1710718725808
AIAdultLD50Contact= 0.0250694923335686
AILarvaSlope= 0.581819129688665
AILarvaLD50= 0.515451318863779
AIKOW= 7.78853024775162
AIKOC= 9.49083437561058
AIHalfLife= 8.53879224043339
EAppRate= 0.154260842129588
