ICQueenStrength= 1.1308650849387
RQWkrDrnRatio= 4.10131652001292
ICDroneMiteSurvivorship= 84.1729592531919
ICWorkerMiteSurvivorship= 16.0235797055066
ICForagerLifespan= 9.97446660511196
ImmType= Sine
AIAdultSlopeContact= 1.2913845953811
AIAdultLD50Contact= 0.0486656763241626
AILarvaSlope= 2.72041396657005
AILarvaLD50= 0.776821653172374
AIKOW= 7.33685310883448
AIKOC= 13.8670686352998
AIHalfLife= 10.8491894300096
