ICQueenStrength= 4.06441582506523
RQWkrDrnRatio= 1.25730136036873
ICDroneMiteSurvivorship= 54.4664109358564
ICWorkerMiteSurvivorship= 32.3184077627957
ICForagerLifespan= 4.95733453612775
ImmType= Tangent
AIAdultSlope= 2.12062844294356
AIAdultLD50= 0.38872692361474
AIAdultSlopeContact= 0.580851324149407
AIAdultLD50Contact= 0.00316938960459083
AILarvaSlope= 3.31030007288791
AILarvaLD50= 0.677693693898618
AIKOW= 6.57328566163778
AIKOC= 13.8748566748109
AIHalfLife= 2.87393987411633
EAppRate= 0.169912900892086
