ICQueenStrength= 4.28305641771294
RQWkrDrnRatio= 4.74294871557504
ICDroneMiteSurvivorship= 83.9288024231791
ICWorkerMiteSurvivorship= 37.793512432836
ICForagerLifespan= 11.513949864544
ImmType= Logarithmic
AIAdultSlope= 3.53387701302068
AIAdultLD50= 0.154688497190364
AIAdultSlopeContact= 2.23081032179296
AIAdultLD50Contact= 0.0357510309200734
AILarvaSlope= 3.31569338710979
AILarvaLD50= 0.523274116404355
AIKOW= 6.51666845800355
AIKOC= 16.1910259816796
AIHalfLife= 1.96952990023419
EAppRate= 0.39702356995549
