ICQueenStrength= 2.71126222936437
RQWkrDrnRatio= 2.39536534901708
ICDroneMiteSurvivorship= 40.2958082500845
ICWorkerMiteSurvivorship= 82.4550946708769
ICForagerLifespan= 12.096119034104
ImmType= Tangent
AIAdultSlopeContact= 0.363169596386142
AIAdultLD50Contact= 0.0238759198808111
AILarvaSlope= 1.67004579962231
AILarvaLD50= 0.163593325135298
AIKOW= 4.79175351141021
AIKOC= 8.97283972706646
AIHalfLife= 0.118263144511729
