ICQueenStrength= 4.29303961014375
RQWkrDrnRatio= 1.476612245664
ICDroneMiteSurvivorship= 89.8180041229352
ICWorkerMiteSurvivorship= 87.0320453308523
ICForagerLifespan= 13.7725422093645
ImmType= Sine
AIAdultSlope= 0.0151004395913333
AIAdultLD50= 1.80397592112422
AIAdultSlopeContact= 0.856735210279003
AIAdultLD50Contact= 0.018910870468244
AILarvaSlope= 2.86300484049134
AILarvaLD50= 0.201820880686864
AIKOW= 3.55600004969165
AIKOC= 29.436298845103
AIHalfLife= 10.022566604428
EAppRate= 0.024994257837534
