ICQueenStrength= 5.50422583031468
RQWkrDrnRatio= 4.0264407582581
ICDroneMiteSurvivorship= 59.3177181202918
ICWorkerMiteSurvivorship= 74.533378588967
ICForagerLifespan= 9.62185884267092
ImmType= Sine
AIAdultSlope= 2.8623182806652
AIAdultLD50= 1.49849081248976
AIAdultSlopeContact= 1.56204679944087
AIAdultLD50Contact= 0.0130841575097293
AILarvaSlope= 2.10814176681451
AILarvaLD50= 0.501227225619368
AIKOW= 3.92153173871338
AIKOC= 23.5196660808288
AIHalfLife= 3.3511659912765
EAppRate= 0.382916488917544
