ICQueenStrength= 4.21242499398068
RQWkrDrnRatio= 4.17674848157912
ICDroneMiteSurvivorship= 99.1885084891692
ICWorkerMiteSurvivorship= 13.3698354708031
ICForagerLifespan= 11.0923953410238
ImmType= Polynomial
AIAdultSlopeContact= 8.57673126272857
AIAdultLD50Contact= 0.0857438007835299
AILarvaSlope= 0.119793314952403
AILarvaLD50= 0.753764624707401
AIKOW= 27.528575132601
AIKOC= 3.65399855654687
AIHalfLife= 4.59898327570409
