ICQueenStrength= 4.91240453813225
RQWkrDrnRatio= 2.95672875922173
ICDroneMiteSurvivorship= 5.69016586523503
ICWorkerMiteSurvivorship= 25.5797533784062
ICForagerLifespan= 12.6139842821285
ImmType= Tangent
AIAdultSlope= 2.23964345430722
AIAdultLD50= 0.120471195201389
AIAdultSlopeContact= 0.667959860055707
AIAdultLD50Contact= 0.00506189898587763
AILarvaSlope= 2.62673875452019
AILarvaLD50= 0.57198028138373
AIKOW= 6.22300404356793
AIKOC= 22.3273421067279
AIHalfLife= 4.05987403471954
EAppRate= 0.504226322541945
