ICQueenStrength= 1.05610326537862
RQWkrDrnRatio= 4.29507445916533
ICDroneMiteSurvivorship= 14.7332479478791
ICWorkerMiteSurvivorship= 17.98168590758
ICForagerLifespan= 15.5787415001541
ImmType= Polynomial
AIAdultSlope= 0.995965147484094
AIAdultLD50= 1.71862220345065
AIAdultSlopeContact= 3.69681336536771
AIAdultLD50Contact= 0.0414938777452335
AILarvaSlope= 1.92219949569553
AILarvaLD50= 0.633843857143074
AIKOW= 7.63812345918268
AIKOC= 23.8003491668496
AIHalfLife= 1.04237524140626
EAppRate= 0.210862095467746
