ICQueenStrength= 5.3218152935151
RQWkrDrnRatio= 1.26516126841307
ICDroneMiteSurvivorship= 60.8214904321358
ICWorkerMiteSurvivorship= 60.3013075655326
ICForagerLifespan= 6.28015731088817
ImmType= Logarithmic
AIAdultSlope= 2.79044322954258
AIAdultLD50= 0.0309643801301718
AIAdultSlopeContact= 0.145505786631256
AIAdultLD50Contact= 0.0148202106240205
AILarvaSlope= 1.17833430645987
AILarvaLD50= 0.0841537372441962
AIKOW= 7.09068798972294
AIKOC= 27.7158846275415
AIHalfLife= 4.15511201135814
EAppRate= 0.561829099943861
