ICQueenStrength= 3.17007241095416
RQWkrDrnRatio= 2.65528081730008
ICDroneMiteSurvivorship= 73.121355380863
ICWorkerMiteSurvivorship= 25.7117129629478
ICForagerLifespan= 11.3716230420396
ImmType= Cosine
AIAdultSlope= 1.11884391695028
AIAdultLD50= 0.0365573834860697
AIAdultSlopeContact= 3.01366361390334
AIAdultLD50Contact= 0.0368205056292936
AILarvaSlope= 3.02997605879791
AILarvaLD50= 0.314788759569637
AIKOW= 6.65377167565748
AIKOC= 22.3327317519579
AIHalfLife= 1.32112029590644
EAppRate= 0.0128602117300034
