ICQueenStrength= 4.01370397792198
RQWkrDrnRatio= 1.3273504730314
ICDroneMiteSurvivorship= 73.4112314647064
ICWorkerMiteSurvivorship= 85.7070981524885
ICForagerLifespan= 4.8133233897388
ImmType= Sine
AIAdultSlopeContact= 3.37662945173448
AIAdultLD50Contact= 0.0358059993595816
AILarvaSlope= 2.19746998362243
AILarvaLD50= 0.896974049136043
AIKOW= 7.45515987928957
AIKOC= 11.5109205141198
AIHalfLife= 9.33328569168225
