ICQueenStrength= 3.90327872056514
RQWkrDrnRatio= 1.59667911753058
