ICQueenStrength= 3.71593039273284
RQWkrDrnRatio= 4.22564884461462
ICDroneMiteSurvivorship= 56.7000159295276
ICWorkerMiteSurvivorship= 94.9548300355673
ICForagerLifespan= 5.32600530236959
ImmType= Exponential
AIAdultSlope= 2.59633945690468
AIAdultLD50= 0.207247735816054
AIAdultSlopeContact= 0.0595780357648619
AIAdultLD50Contact= 0.0237449043546803
AILarvaSlope= 0.610144457221031
AILarvaLD50= 0.236196243041195
AIKOW= 7.69866232061759
AIKOC= 19.1911426675506
AIHalfLife= 1.91789844539016
EAppRate= 0.657382142008282
