ICQueenStrength= 3.1694034524262
RQWkrDrnRatio= 4.13039442058653
ICDroneMiteSurvivorship= 98.4596427064389
ICWorkerMiteSurvivorship= 70.0509703252465
ICForagerLifespan= 5.78292369004339
ImmType= Logarithmic
AIAdultLD50= 0.154012839635834
AIAdultSlopeContact= 2.92883618448861
AIAdultLD50Contact= 0.0165011128759943
AILarvaSlope= 0.890590435266495
AILarvaLD50= 0.599226561840624
AIKOW= 7.35810008645058
AIKOC= 15.9997077495791
AIHalfLife= 12.9461544598453
EAppRate= 0.496796396560967
