ICQueenStrength= 2.77779247169383
RQWkrDrnRatio= 4.15242964494973
ICDroneMiteSurvivorship= 48.1115072034299
ICWorkerMiteSurvivorship= 48.118371097371
ICForagerLifespan= 11.0508022336289
ImmType= Polynomial
AIAdultSlope= 0.699239926226437
AIAdultLD50= 1.30379455466755
AIAdultSlopeContact= 0.102741582796443
AIAdultLD50Contact= 0.00832640459993854
AILarvaSlope= 1.17113045193255
AILarvaLD50= 0.062832331401296
AIKOW= 7.91402400145307
AIKOC= 27.0490129489917
AIHalfLife= 6.15085665509105
EAppRate= 0.299964694073424
