ICQueenStrength= 3.73617745144293
RQWkrDrnRatio= 1.60787857510149
ICDroneMiteSurvivorship= 82.4419058160856
ICWorkerMiteSurvivorship= 62.4338657595217
ICForagerLifespan= 6.1688569355756
ImmType= Polynomial
AIAdultSlopeContact= 1.79943412730936
AIAdultLD50Contact= 0.0260360144544393
AILarvaSlope= 2.95771398418583
AILarvaLD50= 0.242242609360255
AIKOW= 7.66197683569044
AIKOC= 19.8029137169942
AIHalfLife= 5.61377523653209
