ICQueenStrength= 4.40717105893418
RQWkrDrnRatio= 4.06780414748937
ICDroneMiteSurvivorship= 19.0194378606975
ICWorkerMiteSurvivorship= 31.85510172043
ICForagerLifespan= 9.4918771609664
ImmType= Cosine
AIAdultSlope= 8.83161339210346
