ICQueenStrength= 3.45711930096149
RQWkrDrnRatio= 3.12083194311708
ICDroneMiteSurvivorship= 1.89270416740328
ICWorkerMiteSurvivorship= 78.1328456941992
ICForagerLifespan= 11.402690127492
ImmType= Tangent
AIAdultSlope= 2.77563294516876
AIAdultLD50= 0.327504009124823
AIAdultSlopeContact= 3.8360199225205
AIAdultLD50Contact= 0.019284000445623
AILarvaSlope= 0.709400556469336
AILarvaLD50= 0.692475411691703
AIKOW= 5.51138090575114
AIKOC= 5.59987205895595
AIHalfLife= 1.25451232655905
EAppRate= 0
