ICQueenStrength= 3.17543905950151
RQWkrDrnRatio= 1.50083876866847
ICDroneMiteSurvivorship= 77.3692709859461
ICWorkerMiteSurvivorship= 48.1553179910406
ICForagerLifespan= 10.6266694115475
ImmType= Logarithmic
AIAdultSlope= 1.585216779029
AIAdultLD50= 0.178130317828618
AIAdultSlopeContact= 3.74874104475137
AIAdultLD50Contact= 0.0026444406947121
AILarvaSlope= 1.27696593613364
AILarvaLD50= 0.504901599464938
AIKOW= 2.6074080565013
AIKOC= 22.5890786806121
AIHalfLife= 0.766378502594307
EAppRate= 0.321876962180249
