ICQueenStrength= 1.73210726026446
RQWkrDrnRatio= 3.73700581490993
ICDroneMiteSurvivorship= 96.062362450175
ICWorkerMiteSurvivorship= 35.7198501704261
ICForagerLifespan= 6.42912645637989
ImmType= Cosine
AIAdultSlopeContact= 3.35715025154874
AIAdultLD50Contact= 0.0447837863233872
AILarvaSlope= 1.80443653147668
AILarvaLD50= 0.831878915056586
AIKOW= 3.42041715700179
AIKOC= 7.59928238810971
AIHalfLife= 7.39704088168219
