ICQueenStrength= 2.73205517232418
RQWkrDrnRatio= 2.00742797367275
ICDroneMiteSurvivorship= 17.479707673192
ICWorkerMiteSurvivorship= 80.8021177537739
ICForagerLifespan= 12.9283328000456
ImmType= Tangent
AIAdultSlope= 2.5202665431425
