ICQueenStrength= 4.77109338412993
RQWkrDrnRatio= 4.62264748569578
ICDroneMiteSurvivorship= 99.4417876005173
ICWorkerMiteSurvivorship= 88.2550037000328
ICForagerLifespan= 7.03798924107105
ImmType= Cosine
AIAdultSlope= 2.31549902160885
AIAdultLD50= 0.0789989626500756
AIAdultSlopeContact= 3.87748080673395
AIAdultLD50Contact= 1.77135574631393e-05
AILarvaSlope= 1.75624423362315
AILarvaLD50= 0.618615123652853
AIKOW= 2.63385588210076
AIKOC= 21.4846254105214
AIHalfLife= 0.17650053021498
EAppRate= 0.679984106915072
