ICQueenStrength= 4.08458249433897
RQWkrDrnRatio= 3.65133818797767
ICDroneMiteSurvivorship= 23.7220023525879
ICWorkerMiteSurvivorship= 4.79560922831297
ICForagerLifespan= 14.7763550775126
ImmType= Logarithmic
AIAdultSlopeContact= 3.25366829320556
AIAdultLD50Contact= 0.0267687708023004
AILarvaSlope= 1.09256258006208
AILarvaLD50= 0.766991824423894
AIKOW= 4.46094313822687
AIKOC= 27.1146652940661
AIHalfLife= 10.4675536789
