ICQueenStrength= 4.70609534089454
RQWkrDrnRatio= 2.58292724471539
ICDroneMiteSurvivorship= 79.6466075116768
ICWorkerMiteSurvivorship= 2.25169726181775
ICForagerLifespan= 14.8929534805939
ImmType= Logarithmic
AIAdultSlope= 3.27480242945021
AIAdultLD50= 0.218016943777911
AIAdultSlopeContact= 2.09666987242643
AIAdultLD50Contact= 0.0120249877800234
AILarvaSlope= 2.43856527241878
AILarvaLD50= 0.369285071385093
AIKOW= 5.12879033107311
AIKOC= 14.3118455435615
AIHalfLife= 1.97697320370935
EAppRate= 0
