ICQueenStrength= 5.92992684012279
RQWkrDrnRatio= 2.57131459098309
ICDroneMiteSurvivorship= 29.0754958055913
ICWorkerMiteSurvivorship= 56.1499927192926
ICForagerLifespan= 7.73324414808303
ImmType= Cosine
AIAdultSlope= 1.15412551653571
AIAdultSlopeContact= 3.15480471662013
AIAdultLD50Contact= 0.0336671768804081
AILarvaSlope= 0.447339439857751
AILarvaLD50= 0.389460327615961
AIKOW= 2.41030760901049
AIKOC= 13.9043238607701
AIHalfLife= 3.38767548231408
