ICQueenStrength= 1.40791930165142
RQWkrDrnRatio= 3.76425360981375
ICDroneMiteSurvivorship= 91.9887406053022
ICWorkerMiteSurvivorship= 3.57249025255442
ICForagerLifespan= 14.3794966163114
ImmType= Exponential
AIAdultSlope= 0.457528741145507
AIAdultLD50= 0.0825476967729628
AIAdultSlopeContact= 0.705694702570327
AIAdultLD50Contact= 0.0305266637238674
AILarvaSlope= 0.23387990584597
AILarvaLD50= 0.321263098740019
AIKOW= 4.68854178162292
AIKOC= 17.2730344999582
AIHalfLife= 1.45136202126741
EAppRate= 0.614539013477042
