ICQueenStrength= 3.50156852533109
RQWkrDrnRatio= 4.33301138132811
ICDroneMiteSurvivorship= 91.767677734606
ICWorkerMiteSurvivorship= 2.54249887075275
ICForagerLifespan= 13.5140166133642
ImmType= Polynomial
AIAdultSlope= 1.77608851520345
AIAdultLD50= 1.85772565263323
AIAdultSlopeContact= 0.584990386830177
AIAdultLD50Contact= 0.0361543508828618
AILarvaSlope= 1.68351459251717
AILarvaLD50= 0.797291415533982
AIKOW= 2.32912441622466
AIKOC= 11.8909434252419
AIHalfLife= 12.6993153565563
EAppRate= 0.686242884024978
