ICQueenStrength= 2.09107922879048
RQWkrDrnRatio= 2.72247873526067
ICDroneMiteSurvivorship= 76.0747832944617
ICWorkerMiteSurvivorship= 40.8412275835872
ICForagerLifespan= 5.11068479623646
ImmType= Exponential
AIAdultSlopeContact= 3.81701894795755
AIAdultLD50Contact= 0.0371754587977193
AILarvaSlope= 2.98458675416186
AILarvaLD50= 0.0816824014065787
AIKOW= 7.41331079974771
AIKOC= 14.0645683521871
AIHalfLife= 7.68132880004123
