ICQueenStrength= 2.93467882927507
RQWkrDrnRatio= 1.33237969130278
ICDroneMiteSurvivorship= 53.0085150850937
ICWorkerMiteSurvivorship= 63.0129077704623
ICForagerLifespan= 15.2799058202654
ImmType= Exponential
AIAdultSlopeContact= 3.71989709383808
AIAdultLD50Contact= 0.031958187406417
AILarvaSlope= 1.53187935049646
AILarvaLD50= 0.165616484801285
AIKOW= 3.51360345305875
AIKOC= 9.38993980642408
AIHalfLife= 10.3972201258875
