ICQueenStrength= 3.77841156581417
RQWkrDrnRatio= 2.25910420808941
ICDroneMiteSurvivorship= 73.4967566560954
ICWorkerMiteSurvivorship= 73.720266087912
ICForagerLifespan= 8.26866415794939
ImmType= Sine
AIAdultSlope= 2.69617611438967
AIAdultLD50= 0.197296221740544
AIAdultSlopeContact= 0.607490135729313
AIAdultLD50Contact= 0.0249114864855073
AILarvaSlope= 0.191209873044863
AILarvaLD50= 0.421926114941016
AIKOW= 2.16371214203537
AIKOC= 11.3614907907322
AIHalfLife= 0.544985150918365
EAppRate= 0
