ICQueenStrength= 5.34701838763431
RQWkrDrnRatio= 3.92872842866927
ICDroneMiteSurvivorship= 50.4448514431715
ICWorkerMiteSurvivorship= 32.7919598668814
ICForagerLifespan= 7.95064209774137
ImmType= Exponential
AIAdultLD50= 0.154012839635834
AIAdultSlopeContact= 1.57316395828966
AIAdultLD50Contact= 0.0312202980043367
AILarvaSlope= 0.477692294260487
AILarvaLD50= 0.375555706839077
AIKOW= 5.53307214519009
AIKOC= 9.59890872589312
AIHalfLife= 13.5448991442099
EAppRate= 1.61115152295679
