ICQueenStrength= 1.18935535801575
RQWkrDrnRatio= 1.74894810374826
ICDroneMiteSurvivorship= 97.1576773328707
ICWorkerMiteSurvivorship= 0.348761002533138
ICForagerLifespan= 13.8698824997991
ImmType= Exponential
AIAdultSlope= 0.578485704725608
AIAdultLD50= 0.18218996655196
AIAdultSlopeContact= 1.38364970479393
AIAdultLD50Contact= 0.0367851298535243
AILarvaSlope= 0.953929187450558
AILarvaLD50= 0.320597806340084
AIKOW= 4.35750129027292
AIKOC= 7.04281359910965
AIHalfLife= 6.23736737202853
EAppRate= 0.729530710726976
