ICQueenStrength= 1.06587886833586
RQWkrDrnRatio= 4.48643578682095
ICDroneMiteSurvivorship= 3.43895817641169
ICWorkerMiteSurvivorship= 98.6227706074715
ICForagerLifespan= 12.3509252695367
ImmType= Logarithmic
AIAdultSlopeContact= 2.18837448362494
AIAdultLD50Contact= 0.00440201971214265
AILarvaSlope= 0.927127707982436
AILarvaLD50= 0.188233376014978
AIKOW= 5.28857063548639
AIKOC= 20.2708880079444
AIHalfLife= 4.08831834699959
