ICQueenStrength= 3.38018497242592
RQWkrDrnRatio= 1.96359699126333
ICDroneMiteSurvivorship= 40.3531017247587
ICWorkerMiteSurvivorship= 37.0007344288751
ICForagerLifespan= 10.0427524419501
ImmType= Tangent
AIAdultSlopeContact= 1.6730351890577
AIAdultLD50Contact= 0.0312601448502392
AILarvaSlope= 3.03452644841745
AILarvaLD50= 0.330611907038838
AIKOW= 5.23108774889261
AIKOC= 21.8782995140646
AIHalfLife= 3.5251750764437
