ICQueenStrength= 2.19490252807736
RQWkrDrnRatio= 4.02412581630051
ICDroneMiteSurvivorship= 78.4180877031758
ICWorkerMiteSurvivorship= 23.2729983283207
ICForagerLifespan= 5.05457255896181
ImmType= Logarithmic
AIAdultSlope= 2.71099402266555
AIAdultLD50= 1.01934856292792
AIAdultSlopeContact= 3.29280163160758
AIAdultLD50Contact= 0.0268327066674829
AILarvaSlope= 0.651449304819107
AILarvaLD50= 0.837877377332188
AIKOW= 6.46873224340379
AIKOC= 22.9294509754982
AIHalfLife= 11.4474654677324
EAppRate= 0.177282622549683
