ICQueenStrength= 4.23867647559382
RQWkrDrnRatio= 1.7265372928232
ICDroneMiteSurvivorship= 62.1534523786977
ICWorkerMiteSurvivorship= 41.2323268130422
ICForagerLifespan= 5.25353867001832
ImmType= Polynomial
AIAdultSlope= 1.06415213551372
AIAdultLD50= 1.70104125514627
AIAdultSlopeContact= 0.768366122993175
AIAdultLD50Contact= 0.0246510649449192
AILarvaSlope= 2.81730043855496
AILarvaLD50= 0.524872509506531
AIKOW= 3.37841549189761
AIKOC= 11.1776587332133
AIHalfLife= 2.80231732828543
EAppRate= 0.247826913604513
