ICQueenStrength= 2.70354349655099
RQWkrDrnRatio= 1.508042328991
ICDroneMiteSurvivorship= 74.8340262332931
ICWorkerMiteSurvivorship= 88.4603952756152
ICForagerLifespan= 5.05151826329529
ImmType= Polynomial
AIAdultSlopeContact= 0.951307160330471
AIAdultLD50Contact= 0.032250639423728
AILarvaSlope= 2.72339568161406
AILarvaLD50= 0.545101741841063
AIKOW= 6.69450185075402
AIKOC= 10.0501783203799
AIHalfLife= 6.33259144565091
