ICQueenStrength= 3.7308390038088
RQWkrDrnRatio= 4.73882883507758
