ICQueenStrength= 3.66113781603053
RQWkrDrnRatio= 1.03969986736774
ICDroneMiteSurvivorship= 99.6966312173754
ICWorkerMiteSurvivorship= 60.4040769394487
ICForagerLifespan= 11.9178205365315
ImmType= Exponential
AIAdultSlopeContact= 1.33408966301708
AIAdultLD50Contact= 0.0273248446756043
AILarvaSlope= 2.35638624136336
AILarvaLD50= 0.130511392490007
AIKOW= 7.19472599914297
AIKOC= 26.7070354614407
AIHalfLife= 7.18803213955835
