ICQueenStrength= 4.49747322732583
RQWkrDrnRatio= 4.73619013186544
ICDroneMiteSurvivorship= 95.1456281589344
ICWorkerMiteSurvivorship= 49.741927231662
ICForagerLifespan= 14.9940476510674
ImmType= Cosine
AIAdultSlope= 1.61114270458929
AIAdultLD50= 1.53587927576154
AIAdultSlopeContact= 0.0424248359142803
AIAdultLD50Contact= 0.0413761640666053
AILarvaSlope= 0.19279616442509
AILarvaLD50= 0.400760004809126
AIKOW= 4.98857099562883
AIKOC= 15.9102186455857
AIHalfLife= 12.6515729296952
EAppRate= 0.0602951890323311
