ICQueenStrength= 5.03920292388648
RQWkrDrnRatio= 4.18482118751854
ICDroneMiteSurvivorship= 58.4799173520878
ICWorkerMiteSurvivorship= 46.6157198417932
ICForagerLifespan= 7.13808862213045
ImmType= Logarithmic
AIAdultSlope= 1.05515133658424
AIAdultLD50= 0.402408468187787
AIAdultSlopeContact= 3.41114726691507
AIAdultLD50Contact= 0.0394610174116679
AILarvaSlope= 1.45024071377702
AILarvaLD50= 0.804766102787107
AIKOW= 4.88924612477422
AIKOC= 29.9153351585846
AIHalfLife= 0.579586124513298
EAppRate= 0.494679547008127
