ICQueenStrength= 1.21621749619953
RQWkrDrnRatio= 1.56708410568535
ICDroneMiteSurvivorship= 36.485031247139
ICWorkerMiteSurvivorship= 81.9397610612214
ICForagerLifespan= 4.55297763552517
ImmType= Tangent
AIAdultSlope= 8.93683841684833
