ICQueenStrength= 4.42761309235357
RQWkrDrnRatio= 2.0154781639576
ICDroneMiteSurvivorship= 11.4764040568843
ICWorkerMiteSurvivorship= 59.7373271593824
ICForagerLifespan= 9.77856368012726
ImmType= Cosine
AIAdultSlope= 2.8932806190569
AIAdultLD50= 0.212906000902876
AIAdultSlopeContact= 1.67028649501735
AIAdultLD50Contact= 0.0236233172239736
AILarvaSlope= 2.41204862883314
AILarvaLD50= 0.843171859066933
AIKOW= 4.60455670999363
AIKOC= 6.7537985695526
AIHalfLife= 2.72779669612646
EAppRate= 0.176234407979064
