ICQueenStrength= 1.78671969356947
RQWkrDrnRatio= 4.73088372591883
ICDroneMiteSurvivorship= 28.6939706886187
ICWorkerMiteSurvivorship= 91.7804301949218
ICForagerLifespan= 9.32382420729846
ImmType= Exponential
AIAdultSlopeContact= 2.51505397633882
AIAdultLD50Contact= 0.0479103598045185
AILarvaSlope= 2.36254009585828
AILarvaLD50= 0.897298930655234
AIKOW= 7.57825343171135
AIKOC= 28.936542525189
AIHalfLife= 9.27479731105268
