ICQueenStrength= 2.03680483065546
RQWkrDrnRatio= 2.8303399020806
ICDroneMiteSurvivorship= 56.3281830167398
ICWorkerMiteSurvivorship= 70.5545162782073
ICForagerLifespan= 15.9241426363587
ImmType= Cosine
AIAdultSlope= 2.0371898293728
AIAdultLD50= 0.0156186184613034
AIAdultSlopeContact= 3.61747410241747
AIAdultLD50Contact= 0.0121037693694234
AILarvaSlope= 1.55250012832694
AILarvaLD50= 0.481449203495868
AIKOW= 4.67337301792577
AIKOC= 22.502316221362
AIHalfLife= 1.73734328476712
EAppRate= 0.567232161248103
