ICQueenStrength= 5.91934064775705
RQWkrDrnRatio= 1.13045056071132
ICDroneMiteSurvivorship= 40.2916049351916
ICWorkerMiteSurvivorship= 60.8716160757467
ICForagerLifespan= 15.8174241781235
ImmType= Polynomial
AIAdultSlopeContact= 0.79603750487091
AIAdultLD50Contact= 0.0190689017879777
AILarvaSlope= 1.15131084211171
AILarvaLD50= 0.447657701047137
AIKOW= 7.71326263481751
AIKOC= 10.3570605814457
AIHalfLife= 3.54095763619989
