ICQueenStrength= 5.41325096762739
RQWkrDrnRatio= 2.51710070669651
ICDroneMiteSurvivorship= 45.976368105039
ICWorkerMiteSurvivorship= 60.3164254454896
ICForagerLifespan= 6.15495530609041
ImmType= Cosine
AIAdultSlope= 3.17232056986541
AIAdultLD50= 0.402066534617916
AIAdultSlopeContact= 5.66876159515232
AIAdultLD50Contact= 0.0687132264953107
AILarvaSlope= 3.7457684869878
AILarvaLD50= 0.538600387051702
AIKOW= 75.9777539875358
AIKOC= 66.0804870771244
AIHalfLife= 3.08762590494007
EAppRate= 0.642732289619744
