ICQueenStrength= 2.27481111790985
RQWkrDrnRatio= 3.58603609912097
