ICQueenStrength= 4.25885569211096
RQWkrDrnRatio= 4.94344608020037
ICDroneMiteSurvivorship= 20.801187492907
ICWorkerMiteSurvivorship= 91.2834749324247
ICForagerLifespan= 15.1655604252592
ImmType= Polynomial
AIAdultSlope= 2.77475688592531
AIAdultLD50= 2.64218762121163
AIAdultSlopeContact= 2.8409037367953
AIAdultLD50Contact= 0.0103294644854032
AILarvaSlope= 2.4327333255671
AILarvaLD50= 0.568975380831398
AIKOW= 7.55348930694163
AIKOC= 5.17149955383502
AIHalfLife= 4.30677550844848
EAppRate= 0.392167729791254
