ICQueenStrength= 1.76822943752632
RQWkrDrnRatio= 2.25443123094738
ICDroneMiteSurvivorship= 76.1498788604513
ICWorkerMiteSurvivorship= 22.7503657573834
ICForagerLifespan= 9.69442009273916
ImmType= Logarithmic
AIAdultSlope= 0.829854677198455
AIAdultLD50= 2.57123075751588
AIAdultSlopeContact= 3.81705702486914
AIAdultLD50Contact= 0.0123258835054003
AILarvaSlope= 2.3476732827723
AILarvaLD50= 0.533818271476775
AIKOW= 7.43845468619838
AIKOC= 24.1073322261218
AIHalfLife= 4.76898549124599
EAppRate= 0.902870384277776
