ICQueenStrength= 4.4881082107313
RQWkrDrnRatio= 3.74974160734564
ICDroneMiteSurvivorship= 13.9237184775993
ICWorkerMiteSurvivorship= 14.5083172246814
ICForagerLifespan= 13.837684080936
ImmType= Cosine
AIAdultSlope= 3.19879825394601
AIAdultLD50= 0.420879858080298
AIAdultSlopeContact= 1.1667655022582
AIAdultLD50Contact= 0.0441576557583176
AILarvaSlope= 2.7155223315116
AILarvaLD50= 0.43619693457149
AIKOW= 4.85846206964925
AIKOC= 22.4171400081832
AIHalfLife= 3.34818228031509
EAppRate= 0.183799470216036
