ICQueenStrength= 4.04722478147596
RQWkrDrnRatio= 4.66131069511175
ICDroneMiteSurvivorship= 12.2500486206263
ICWorkerMiteSurvivorship= 9.27448936272413
ICForagerLifespan= 14.8376223947853
ImmType= Polynomial
AIAdultSlope= 0.68045970867388
AIAdultLD50= 0.85936481365934
AIAdultSlopeContact= 3.57945339712081
AIAdultLD50Contact= 0.0181507514906116
AILarvaSlope= 2.80760448775254
AILarvaLD50= 0.0351216895272955
AIKOW= 5.24411517661065
AIKOC= 15.5206114705652
AIHalfLife= 3.43970653461292
EAppRate= 0.434478100156412
