ICQueenStrength= 5.77026515407488
RQWkrDrnRatio= 1.48447436187416
ICDroneMiteSurvivorship= 11.579472804442
ICWorkerMiteSurvivorship= 95.7615496357903
ICForagerLifespan= 12.9744407497346
ImmType= Exponential
AIAdultSlope= 3.35535786418011
AIAdultLD50= 0.0533870902145281
AIAdultSlopeContact= 1.95696997893741
AIAdultLD50Contact= 0.0249845308135264
AILarvaSlope= 2.20625915741548
AILarvaLD50= 0.208610318647698
AIKOW= 5.37435486447066
AIKOC= 20.0125265354291
AIHalfLife= 1.62233164184727
EAppRate= 0.0974655509926379
