ICQueenStrength= 2.86104425112717
RQWkrDrnRatio= 3.30282957199961
ICDroneMiteSurvivorship= 41.2943825125694
ICWorkerMiteSurvivorship= 75.4405139712617
ICForagerLifespan= 12.0608553923666
ImmType= Logarithmic
AIAdultSlope= 1.19196020667441
AIAdultLD50= 2.94935189466923
AIAdultSlopeContact= 1.89419001831673
AIAdultLD50Contact= 0.0340072617167607
AILarvaSlope= 1.38756437608972
AILarvaLD50= 0.544686537771486
AIKOW= 7.3675398696214
AIKOC= 13.3631001529284
AIHalfLife= 4.01367867086083
EAppRate= 0.984235600801185
