ICQueenStrength= 4.15776224015281
RQWkrDrnRatio= 2.31485497299582
ICDroneMiteSurvivorship= 58.589108241722
ICWorkerMiteSurvivorship= 61.5579728968441
ICForagerLifespan= 9.3464833246544
ImmType= Sine
AIAdultSlope= 1.81361985352356
AIAdultLD50= 0.429820861900225
AIAdultSlopeContact= 2.40770475417143
AIAdultLD50Contact= 0.0471112120314501
AILarvaSlope= 1.24449476744048
AILarvaLD50= 0.222182077076286
AIKOW= 7.00173926819116
AIKOC= 15.7670111989137
AIHalfLife= 1.44381833029911
EAppRate= 0.266250536963344
