ICQueenStrength= 2.67667382746004
RQWkrDrnRatio= 4.27437576837838
ICDroneMiteSurvivorship= 82.410864229314
ICWorkerMiteSurvivorship= 95.3087480738759
ICForagerLifespan= 4.72131673339754
ImmType= Cosine
AIAdultSlopeContact= 2.7177513308404
AIAdultLD50Contact= 0.0109201732324436
AILarvaSlope= 0.0425775117240846
AILarvaLD50= 0.663017446012236
AIKOW= 4.74350486975163
AIKOC= 21.7688957822975
AIHalfLife= 8.45771053666249
