ICQueenStrength= 1.36563945375383
RQWkrDrnRatio= 4.51028309669346
