ICQueenStrength= 2.53710431535728
RQWkrDrnRatio= 3.50911350362003
ICDroneMiteSurvivorship= 27.8715234017
ICWorkerMiteSurvivorship= 3.48759631160647
ICForagerLifespan= 6.18495515175164
ImmType= Sine
AIAdultSlope= 1.29743476069998
AIAdultLD50= 0.0015955176204443
AIAdultSlopeContact= 0.532443176431116
AIAdultLD50Contact= 0.00582834094529971
AILarvaSlope= 2.6228046759963
AILarvaLD50= 0.166642075194977
AIKOW= 2.94646072247997
AIKOC= 27.8847278573085
AIHalfLife= 2.80022404505871
EAppRate= 0.0155720124952495
