ICQueenStrength= 3.92358035594225
RQWkrDrnRatio= 3.61655036639422
