ICQueenStrength= 5.11673333495855
RQWkrDrnRatio= 3.58170629572123
ICDroneMiteSurvivorship= 90.6628254568204
ICWorkerMiteSurvivorship= 19.2839916329831
ICForagerLifespan= 10.7802194627002
ImmType= Sine
AIAdultLD50= 0.154012839635834
AIAdultSlopeContact= 1.04852531253593
AIAdultLD50Contact= 0.0488369730883278
AILarvaSlope= 2.98067057742737
AILarvaLD50= 0.323563373554498
AIKOW= 2.05536029534414
AIKOC= 17.8384220588487
AIHalfLife= 7.86425258917734
EAppRate= 0.668508530128747
