ICQueenStrength= 4.85455650510266
RQWkrDrnRatio= 1.53602248616517
ICDroneMiteSurvivorship= 22.7517411112785
ICWorkerMiteSurvivorship= 18.9676615642384
ICForagerLifespan= 9.41610465012491
ImmType= Tangent
AIAdultSlopeContact= 3.61243176513584
AIAdultLD50Contact= 0.00457888320088387
AILarvaSlope= 0.834518045047298
AILarvaLD50= 0.808543376647867
AIKOW= 6.34646367141977
AIKOC= 20.5338508426212
AIHalfLife= 7.89302564412355
