ICQueenStrength= 2.01904829149134
RQWkrDrnRatio= 2.01771532464772
ICDroneMiteSurvivorship= 27.3965877480805
ICWorkerMiteSurvivorship= 65.749449422583
ICForagerLifespan= 10.1908811340109
ImmType= Exponential
AIAdultSlope= 2.89660380752524
AIAdultLD50= 0.170422792783938
AIAdultSlopeContact= 2.79005303384503
AIAdultLD50Contact= 0.0344414588529617
AILarvaSlope= 1.41482323068194
AILarvaLD50= 0.376555025833659
AIKOW= 7.1783299446106
AIKOC= 19.80038294103
AIHalfLife= 3.31712947925553
EAppRate= 0
