ICQueenStrength= 5.61266495403834
RQWkrDrnRatio= 2.18200500681996
ICDroneMiteSurvivorship= 85.1360380183905
ICWorkerMiteSurvivorship= 20.410944824107
ICForagerLifespan= 13.0480656744912
ImmType= Exponential
AIAdultSlope= 6.5223817480728
