ICQueenStrength= 2.19932937785052
RQWkrDrnRatio= 1.36007722001523
ICDroneMiteSurvivorship= 32.3555005481467
ICWorkerMiteSurvivorship= 27.634530258365
ICForagerLifespan= 12.1428825352341
ImmType= Exponential
AIAdultSlope= 1.14540099310689
AIAdultSlopeContact= 2.22789420115761
AIAdultLD50Contact= 0.0182813943130896
AILarvaSlope= 0.926873634615913
AILarvaLD50= 0.56478674474638
AIKOW= 4.95758852688596
AIKOC= 27.7138664224185
AIHalfLife= 4.64769508363679
