ICQueenStrength= 4.53369198506698
RQWkrDrnRatio= 1.89000850729644
ICDroneMiteSurvivorship= 78.5825710045174
ICWorkerMiteSurvivorship= 46.3982475688681
ICForagerLifespan= 7.22669593058527
ImmType= Cosine
AIAdultSlopeContact= 2.07020056363195
AIAdultLD50Contact= 0.0211139059043489
AILarvaSlope= 2.69812691640109
AILarvaLD50= 0.475349495373666
AIKOW= 5.35262508224696
AIKOC= 23.9663815835956
AIHalfLife= 3.75659827608615
