ICQueenStrength= 4.89178158831783
RQWkrDrnRatio= 2.94057383481413
ICDroneMiteSurvivorship= 9.20422177296132
ICWorkerMiteSurvivorship= 24.0873330738395
ICForagerLifespan= 9.86705892812461
ImmType= Logarithmic
AIAdultSlope= 7.99449192127213
