ICQueenStrength= 2.19514203513972
RQWkrDrnRatio= 3.65102766267955
ICDroneMiteSurvivorship= 4.09186095930636
ICWorkerMiteSurvivorship= 64.9427591590211
ICForagerLifespan= 14.7512794658542
ImmType= Exponential
AIAdultSlope= 1.99122584285215
AIAdultLD50= 0.177393354009837
AIAdultSlopeContact= 1.65998806342715
AIAdultLD50Contact= 0.0390490928781219
AILarvaSlope= 1.57506698677316
AILarvaLD50= 0.741580239054747
AIKOW= 4.44713721191511
AIKOC= 15.9755702025723
AIHalfLife= 8.19209328107536
EAppRate= 0.179533028276637
