ICQueenStrength= 1.610220215749
RQWkrDrnRatio= 3.0703700678423
ICDroneMiteSurvivorship= 7.09498869255185
ICWorkerMiteSurvivorship= 12.371184094809
ICForagerLifespan= 9.26459571812302
ImmType= Cosine
AIAdultSlope= 0.358350227682386
AIAdultLD50= 0.421577356173657
AIAdultSlopeContact= 1.75503908915911
AIAdultLD50Contact= 0.0329927156795748
AILarvaSlope= 2.39658203693107
AILarvaLD50= 0.435531134018674
AIKOW= 6.89238291466609
AIKOC= 14.0071418439038
AIHalfLife= 3.03179171285592
EAppRate= 0
