ICQueenStrength= 4.00325087155215
RQWkrDrnRatio= 4.60962949413806
ICDroneMiteSurvivorship= 55.8188281487674
ICWorkerMiteSurvivorship= 80.7909103343263
ICForagerLifespan= 15.7251275442541
ImmType= Cosine
AIAdultLD50= 0.154012839635834
AIAdultSlopeContact= 0.780523597821593
AIAdultLD50Contact= 0.0252482134732418
AILarvaSlope= 0.11171913202852
AILarvaLD50= 0.76136070471257
AIKOW= 6.93237997079268
AIKOC= 17.1419919596519
AIHalfLife= 0.533821714576334
EAppRate= 1.04577956488356
