ICQueenStrength= 4.22899062768556
RQWkrDrnRatio= 3.91823702212423
ICDroneMiteSurvivorship= 67.2523527871817
ICWorkerMiteSurvivorship= 73.9532167790458
ICForagerLifespan= 6.47438272088766
ImmType= Polynomial
AIAdultSlope= 0.737797088222578
AIAdultLD50= 0.411205695709214
AIAdultSlopeContact= 2.30826442213263
AIAdultLD50Contact= 0.00561740837292746
AILarvaSlope= 2.55042275185697
AILarvaLD50= 0.610682987538166
AIKOW= 7.87003439897671
AIKOC= 10.3290531504899
AIHalfLife= 3.37417128914967
EAppRate= 0.987823089584708
