ICQueenStrength= 4.39251703699119
RQWkrDrnRatio= 2.26789984945208
ICDroneMiteSurvivorship= 97.3649655701593
ICWorkerMiteSurvivorship= 63.3470272645354
ICForagerLifespan= 11.1219987114891
ImmType= Tangent
AIAdultSlopeContact= 1.32018289023545
AIAdultLD50Contact= 0.0272923371754587
AILarvaSlope= 1.41605737041682
AILarvaLD50= 0.100073625077493
AIKOW= 6.96895564021543
AIKOC= 6.47553701535799
AIHalfLife= 12.223834706936
