ICQueenStrength= 4.29415948595852
RQWkrDrnRatio= 2.02971706539392
