ICQueenStrength= 5.05565148568712
RQWkrDrnRatio= 1.16455071698874
ICDroneMiteSurvivorship= 90.1036774972454
ICWorkerMiteSurvivorship= 79.9509670352563
ICForagerLifespan= 15.8259536055848
ImmType= Tangent
AIAdultSlope= 6.34365431964397
