ICQueenStrength= 5.25755555275828
RQWkrDrnRatio= 1.66945296060294
ICDroneMiteSurvivorship= 35.7355559943244
ICWorkerMiteSurvivorship= 59.0102599235252
ICForagerLifespan= 12.2601254088804
ImmType= Tangent
AIAdultSlope= 3.12985876886174
AIAdultLD50= 0.312148505123332
AIAdultSlopeContact= 1.44516979755834
AIAdultLD50Contact= 0.0367462049936876
AILarvaSlope= 3.03940046983771
AILarvaLD50= 0.241890914761461
AIKOW= 6.73979660635814
AIKOC= 26.4980161515996
AIHalfLife= 0.649918422568589
EAppRate= 0
