ICQueenStrength= 1.34496421110816
RQWkrDrnRatio= 2.85331509355456
ICDroneMiteSurvivorship= 63.6682594427839
ICWorkerMiteSurvivorship= 13.6765816481784
ICForagerLifespan= 7.4685049187392
ImmType= Exponential
AIAdultSlope= 0.673126825131476
AIAdultLD50= 0.759121221024543
AIAdultSlopeContact= 1.09325724421069
AIAdultLD50Contact= 0.191902795154601
AILarvaSlope= 5.64409580547363
AILarvaLD50= 1.57436942867935
AIKOW= 40.2738195611164
AIKOC= 67.3364354530349
AIHalfLife= 13.9172410280444
EAppRate= 0.147772778291255
