ICQueenStrength= 1.6182019226253
RQWkrDrnRatio= 4.12015911657363
ICDroneMiteSurvivorship= 8.62716962583363
ICWorkerMiteSurvivorship= 65.8762713894248
ICForagerLifespan= 10.774590883404
ImmType= Polynomial
AIAdultSlope= 0.131295457240194
AIAdultLD50= 0.280149461235851
AIAdultSlopeContact= 0.213862529257312
AIAdultLD50Contact= 0.0244716484448873
AILarvaSlope= 3.25240146424621
AILarvaLD50= 0.061039748461917
AIKOW= 7.3259883839637
AIKOC= 25.2785714413039
AIHalfLife= 0.10743691935204
EAppRate= 0.494348330236971
