ICQueenStrength= 1.6049082824029
RQWkrDrnRatio= 1.84519610274583
ICDroneMiteSurvivorship= 89.341950090602
ICWorkerMiteSurvivorship= 91.8437388958409
ICForagerLifespan= 15.860414808616
ImmType= Tangent
AIAdultSlope= 1.5448241684516
AIAdultLD50= 0.126602377742529
AIAdultSlopeContact= 1.97951751498738
AIAdultLD50Contact= 0.00220169441308826
AILarvaSlope= 0.677519532525912
AILarvaLD50= 0.0246517446823418
AIKOW= 7.68088547466323
AIKOC= 22.4464582756627
AIHalfLife= 0.077423918992281
EAppRate= 0.230474604736082
