ICQueenStrength= 3.67479272792116
RQWkrDrnRatio= 2.62826293613762
ICDroneMiteSurvivorship= 22.0012094127014
ICWorkerMiteSurvivorship= 89.4736800575629
ICForagerLifespan= 13.5563602000475
ImmType= Logarithmic
AIAdultSlope= 3.5957459341432
AIAdultLD50= 0.0582536169094965
AIAdultSlopeContact= 2.97828686163062
AIAdultLD50Contact= 0.0303519330103882
AILarvaSlope= 0.31603926345706
AILarvaLD50= 0.832691131322645
AIKOW= 2.42261246638373
AIKOC= 19.3196799384896
AIHalfLife= 1.07392016099766
EAppRate= 0.311215004813857
