ICQueenStrength= 2.99198444490321
RQWkrDrnRatio= 2.77983378339559
ICDroneMiteSurvivorship= 80.7035990990698
ICWorkerMiteSurvivorship= 22.8873366257176
ICForagerLifespan= 6.33792663086206
ImmType= Sine
AIAdultSlope= 2.88471182645299
AIAdultLD50= 2.64451133902185
AIAdultSlopeContact= 3.67477814875077
AIAdultLD50Contact= 0.0419055155594833
AILarvaSlope= 1.601960067451
AILarvaLD50= 0.686776258377358
AIKOW= 5.01427206210792
AIKOC= 24.182970339898
AIHalfLife= 10.4632194675505
EAppRate= 0.19672614405863
