ICQueenStrength= 2.95463935728185
RQWkrDrnRatio= 4.91354794986546
ICDroneMiteSurvivorship= 72.3945864476264
ICWorkerMiteSurvivorship= 22.6427757181227
ICForagerLifespan= 4.85302237421274
ImmType= Cosine
AIAdultSlope= 1.22628081608564
AIAdultLD50= 2.13858695724048
AIAdultSlopeContact= 1.98069649559911
AIAdultLD50Contact= 0.0276048522442579
AILarvaSlope= 1.20108774281107
AILarvaLD50= 0.190465611987747
AIKOW= 4.71322905551642
AIKOC= 25.0320329866372
AIHalfLife= 1.41882998822257
EAppRate= 0.622027807636186
