ICQueenStrength= 4.58678911230527
RQWkrDrnRatio= 1.35151953715831
ICDroneMiteSurvivorship= 84.3353187665343
ICWorkerMiteSurvivorship= 26.1678190901875
ICForagerLifespan= 13.9794916780666
ImmType= Cosine
AIAdultSlopeContact= 2.58943473197054
AIAdultLD50Contact= 0.0332497537601739
AILarvaSlope= 3.01848509064876
AILarvaLD50= 0.513864372926764
AIKOW= 5.70994252990931
AIKOC= 8.85575604741462
AIHalfLife= 3.65181978000328
