ICQueenStrength= 3.5137626612559
RQWkrDrnRatio= 4.08048664964736
ICDroneMiteSurvivorship= 31.6624125931412
ICWorkerMiteSurvivorship= 88.8741633621976
ICForagerLifespan= 14.8520906213671
ImmType= Tangent
AIAdultSlope= 3.23397738160565
