ICQueenStrength= 3.00989571516402
RQWkrDrnRatio= 2.02949743531644
ICDroneMiteSurvivorship= 23.9255820401013
ICWorkerMiteSurvivorship= 90.632437961176
ICForagerLifespan= 15.437930402346
ImmType= Tangent
AIAdultSlope= 1.01324465456419
AIAdultLD50= 2.75179957738146
AIAdultSlopeContact= 0.315099713068921
AIAdultLD50Contact= 0.0101229171501473
AILarvaSlope= 2.2074588987045
AILarvaLD50= 0.782496506720781
AIKOW= 2.19101620838046
AIKOC= 19.279856835492
AIHalfLife= 1.66287014260888
EAppRate= 0.16437437501736
