ICQueenStrength= 1.39358842303045
RQWkrDrnRatio= 2.71829738561064
ICDroneMiteSurvivorship= 76.7188978381455
ICWorkerMiteSurvivorship= 99.0665440680459
ICForagerLifespan= 6.23193899076432
ImmType= Tangent
AIAdultSlope= 3.90195374999894
AIAdultLD50= 0.148181517142802
AIAdultSlopeContact= 1.64322189511964
AIAdultLD50Contact= 0.0276683060335927
AILarvaSlope= 1.42775529366918
AILarvaLD50= 0.00552287790924311
AIKOW= 3.5730118737556
AIKOC= 28.2317331887316
AIHalfLife= 3.97109351004474
EAppRate= 0.462204072927125
