ICQueenStrength= 5.36478037736379
RQWkrDrnRatio= 2.03154805116355
ICDroneMiteSurvivorship= 6.8527981871739
ICWorkerMiteSurvivorship= 70.8281517960131
ICForagerLifespan= 8.31386813614517
ImmType= Logarithmic
AIAdultSlope= 6.55178441200405
