ICQueenStrength= 5.81527577503584
RQWkrDrnRatio= 3.93079109955579
ICDroneMiteSurvivorship= 71.6702188365161
ICWorkerMiteSurvivorship= 45.2523153740913
ICForagerLifespan= 15.2113919537514
ImmType= Tangent
AIAdultSlope= 1.25283007215243
AIAdultLD50= 0.285981337423436
AIAdultSlopeContact= 3.31272210140945
AIAdultLD50Contact= 0.0480992834083736
AILarvaSlope= 0.195263959420845
AILarvaLD50= 0.577196854585782
AIKOW= 3.84320542821661
AIKOC= 17.2976796410512
AIHalfLife= 3.58462191419676
EAppRate= 0.3699305227492
