ICQueenStrength= 1.66697916365229
RQWkrDrnRatio= 1.27331662550569
ICDroneMiteSurvivorship= 57.8369937604293
ICWorkerMiteSurvivorship= 88.2395507302135
ICForagerLifespan= 15.0712550906464
ImmType= Sine
AIAdultSlope= 0.749146280437708
AIAdultLD50= 0.975978910457343
AIAdultSlopeContact= 1.29401028909255
AIAdultLD50Contact= 0.0381413326482289
AILarvaSlope= 2.30100168706849
AILarvaLD50= 0.311065584188327
AIKOW= 2.41481284424663
AIKOC= 19.9552339047659
AIHalfLife= 0.0873483242467046
EAppRate= 0.418290657456964
