ICQueenStrength= 4.80723080481403
RQWkrDrnRatio= 3.03031698148698
ICDroneMiteSurvivorship= 79.4751531211659
ICWorkerMiteSurvivorship= 89.50790183153
ICForagerLifespan= 4.90012562181801
ImmType= Polynomial
AIAdultSlope= 0.364218809828162
AIAdultLD50= 0.216670655412599
AIAdultSlopeContact= 1.41544453812065
AIAdultLD50Contact= 0.0321762840496376
AILarvaSlope= 0.0575741891749203
AILarvaLD50= 0.213341454975307
AIKOW= 3.34404757106677
AIKOC= 29.248278135201
AIHalfLife= 7.86712463200092
EAppRate= 0.856165552977473
