ICQueenStrength= 4.78193148761056
RQWkrDrnRatio= 3.46736318897456
ICDroneMiteSurvivorship= 11.8906009942293
ICWorkerMiteSurvivorship= 3.17797972820699
ICForagerLifespan= 8.35988794732839
ImmType= Logarithmic
AIAdultSlope= 2.81936631882563
AIAdultLD50= 0.217709006275982
AIAdultSlopeContact= 3.34980668272823
AIAdultLD50Contact= 0.0173395636025816
AILarvaSlope= 1.18705970225856
AILarvaLD50= 0.839643071964383
AIKOW= 4.11163052264601
AIKOC= 6.09947175951675
AIHalfLife= 1.72025829739869
EAppRate= 0.144403591286391
