ICQueenStrength= 4.48698963993229
RQWkrDrnRatio= 2.28880041278899
ICDroneMiteSurvivorship= 21.4625142049044
ICWorkerMiteSurvivorship= 33.5310314083472
ICForagerLifespan= 9.42406284529716
ImmType= Tangent
AIAdultSlope= 1.74172941227444
AIAdultLD50= 1.01879021362402
AIAdultSlopeContact= 2.06688818892231
AIAdultLD50Contact= 0.00756366689456627
AILarvaSlope= 1.40993611183949
AILarvaLD50= 0.230413810070604
AIKOW= 7.40011921804398
AIKOC= 28.4282846737187
AIHalfLife= 7.70075051719323
EAppRate= 0.98395379120484
