ICQueenStrength= 3.10028655012138
RQWkrDrnRatio= 2.99625370744616
ICDroneMiteSurvivorship= 72.5785970687866
ICWorkerMiteSurvivorship= 54.7358268871903
ICForagerLifespan= 13.1581956343725
ImmType= Exponential
AIAdultSlope= 6.84178176801652
