ICQueenStrength= 4.21976583683863
RQWkrDrnRatio= 4.10105010028929
ICDroneMiteSurvivorship= 68.513161316514
ICWorkerMiteSurvivorship= 70.5117631936446
ICForagerLifespan= 8.51836681179702
ImmType= Cosine
AIAdultSlopeContact= 1.89371563494205
AIAdultLD50Contact= 0.0758520568720996
AILarvaSlope= 6.92340085515752
AILarvaLD50= 0.816138961352408
AIKOW= 40.936383837834
AIKOC= 56.7238421179354
AIHalfLife= 7.75967028364539
