ICQueenStrength= 4.02900285227224
RQWkrDrnRatio= 2.25641267839819
ICDroneMiteSurvivorship= 75.6374424090609
ICWorkerMiteSurvivorship= 21.7844894388691
ICForagerLifespan= 7.20708980690688
ImmType= Cosine
AIAdultSlopeContact= 4.67118150554597
AIAdultLD50Contact= 0.182604231312871
AILarvaSlope= 6.40511484351009
AILarvaLD50= 1.17599713150412
AIKOW= 41.5209447965026
AIKOC= 3.09843916911632
AIHalfLife= 9.60221613850445
