ICQueenStrength= 4.01794328726828
RQWkrDrnRatio= 2.81667122337967
ICDroneMiteSurvivorship= 93.8446008134633
ICWorkerMiteSurvivorship= 51.5866632806137
ICForagerLifespan= 5.87358622997999
ImmType= Sine
AIAdultSlopeContact= 0.648783897135872
AIAdultLD50Contact= 0.0480899504153058
AILarvaSlope= 2.17910068472847
AILarvaLD50= 0.337353707500733
AIKOW= 2.39557764213532
AIKOC= 9.38898588181473
AIHalfLife= 12.6745009580627
