ICQueenStrength= 3.94637955958024
RQWkrDrnRatio= 3.2320598307997
ICDroneMiteSurvivorship= 3.45200055744499
ICWorkerMiteSurvivorship= 1.15463610272855
ICForagerLifespan= 7.05743859522045
ImmType= Sine
AIAdultSlopeContact= 2.32158382060239
AIAdultLD50Contact= 0.0168365188059397
AILarvaSlope= 0.97783237718977
AILarvaLD50= 0.141434321366251
AIKOW= 2.84941725339741
AIKOC= 7.71212461520918
AIHalfLife= 3.22739113029093
