ICQueenStrength= 2.07868258259259
RQWkrDrnRatio= 3.86711474414915
ICDroneMiteSurvivorship= 49.147489038296
ICWorkerMiteSurvivorship= 32.2727989871055
ICForagerLifespan= 6.60860433522612
ImmType= Exponential
AIAdultSlope= 0.0466787591110915
AIAdultLD50= 0.412769603077322
AIAdultSlopeContact= 0.172953361768741
AIAdultLD50Contact= 0.0164834579220042
AILarvaSlope= 1.78392786425538
AILarvaLD50= 0.0835210127290338
AIKOW= 6.5981560354121
AIKOC= 26.4731891173869
AIHalfLife= 11.2233988139778
EAppRate= 0.279001112096012
