ICQueenStrength= 3.9724780342076
RQWkrDrnRatio= 2.74660631734878
ICDroneMiteSurvivorship= 34.2749403789639
ICWorkerMiteSurvivorship= 80.8200044790283
ICForagerLifespan= 12.594931229949
ImmType= Logarithmic
AIAdultSlope= 0.67040412616916
AIAdultLD50= 1.67629821714945
AIAdultSlopeContact= 0.889288356376346
AIAdultLD50Contact= 0.0240564566338435
AILarvaSlope= 2.78679589866661
AILarvaLD50= 0.820769297517836
AIKOW= 3.73265856085345
AIKOC= 25.6346708408091
AIHalfLife= 13.4804030521773
EAppRate= 0.988807274028659
