ICQueenStrength= 4.7548377958592
RQWkrDrnRatio= 4.45986178237945
ICDroneMiteSurvivorship= 28.4301440231502
ICWorkerMiteSurvivorship= 12.5945586245507
ICForagerLifespan= 5.6346673918888
ImmType= Sine
AIAdultSlope= 3.47642739270581
AIAdultLD50= 0.209925870294683
AIAdultSlopeContact= 0.231798225059174
AIAdultLD50Contact= 0.00756651848787442
AILarvaSlope= 2.22448250218295
AILarvaLD50= 0.568221755744889
AIKOW= 7.50208330294117
AIKOC= 15.7006623235065
AIHalfLife= 2.46612730436027
EAppRate= 0
