ICQueenStrength= 4.50196370040067
RQWkrDrnRatio= 3.22060172911733
ICDroneMiteSurvivorship= 68.1590648833662
ICWorkerMiteSurvivorship= 76.0950024006888
ICForagerLifespan= 14.6676088972017
ImmType= Tangent
AIAdultSlopeContact= 0.813561301510781
AIAdultLD50Contact= 0.00833841426065192
AILarvaSlope= 3.01795906350017
AILarvaLD50= 0.758863417245448
AIKOW= 2.23445482226089
AIKOC= 6.27402105135843
AIHalfLife= 12.8109909277409
