ICQueenStrength= 4.47573157632723
RQWkrDrnRatio= 4.24351825937629
ICDroneMiteSurvivorship= 36.9570625945926
ICWorkerMiteSurvivorship= 55.3050210466608
ICForagerLifespan= 12.0136668337509
ImmType= Tangent
AIAdultSlope= 2.89435133207589
AIAdultLD50= 2.45938564511016
AIAdultSlopeContact= 1.83572067281697
AIAdultLD50Contact= 0.00342663550982252
AILarvaSlope= 0.029055087082088
AILarvaLD50= 0.459589083096944
AIKOW= 5.14161431323737
AIKOC= 15.538783587981
AIHalfLife= 8.61890309629962
EAppRate= 0.0240241680294275
