ICQueenStrength= 5.65678496053442
RQWkrDrnRatio= 3.76246032491326
ICDroneMiteSurvivorship= 33.7231702869758
ICWorkerMiteSurvivorship= 66.2428817246109
ICForagerLifespan= 13.5432371459901
ImmType= Logarithmic
AIAdultSlope= 6.48799436399713
