ICQueenStrength= 5.60043778992258
RQWkrDrnRatio= 2.02619810868055
ICDroneMiteSurvivorship= 18.1410407181829
ICWorkerMiteSurvivorship= 38.4809280280024
ICForagerLifespan= 9.35532084852457
ImmType= Logarithmic
AIAdultSlope= 0.126895434167236
AIAdultLD50= 0.467856604955159
AIAdultSlopeContact= 3.70553781311028
AIAdultLD50Contact= 0.0485880811465904
AILarvaSlope= 1.05916960695758
AILarvaLD50= 0.749594268458895
AIKOW= 3.41506250668317
AIKOC= 21.6363611468114
AIHalfLife= 1.22920181951486
EAppRate= 0.316410741326399
