ICQueenStrength= 3.7212904416956
RQWkrDrnRatio= 1.07653556205332
ICDroneMiteSurvivorship= 4.35055589769036
ICWorkerMiteSurvivorship= 17.9466617060825
ICForagerLifespan= 15.1077357344329
ImmType= Polynomial
AIAdultSlope= 0.65996113861911
AIAdultLD50= 2.04549842700362
AIAdultSlopeContact= 1.24265767328208
AIAdultLD50Contact= 0.0238026650855318
AILarvaSlope= 0.163732287148014
AILarvaLD50= 0.74318248112686
AIKOW= 5.40544737363234
AIKOC= 7.40621963166632
AIHalfLife= 7.4073030706495
EAppRate= 0.997955042636022
