ICQueenStrength= 4.8531558518298
RQWkrDrnRatio= 1.97045765258372
ICDroneMiteSurvivorship= 40.3631770517677
ICWorkerMiteSurvivorship= 36.9510910008103
ICForagerLifespan= 6.56169619597495
ImmType= Sine
AIAdultSlope= 1.67681493689306
AIAdultLD50= 0.432705752318725
AIAdultSlopeContact= 2.19361746837851
AIAdultLD50Contact= 0.0439188610878773
AILarvaSlope= 1.95811732169241
AILarvaLD50= 0.531765307858586
AIKOW= 5.99419594043866
AIKOC= 12.3330150509719
AIHalfLife= 12.4486537678167
EAppRate= 0.416773308068514
