ICQueenStrength= 4.50555944140069
RQWkrDrnRatio= 1.20254300162196
ICDroneMiteSurvivorship= 13.3240771712735
ICWorkerMiteSurvivorship= 38.409840897657
ICForagerLifespan= 13.3803860824555
ImmType= Exponential
AIAdultSlope= 0.0174338437151164
AIAdultLD50= 2.44871217850596
AIAdultSlopeContact= 0.245349509934895
AIAdultLD50Contact= 0.0240318831172772
AILarvaSlope= 3.25717248111032
AILarvaLD50= 0.457251268043183
AIKOW= 4.28564519854262
AIKOC= 18.2516926969402
AIHalfLife= 12.2660580798984
EAppRate= 0.310161336325109
