ICQueenStrength= 5.72226981888525
RQWkrDrnRatio= 2.86746296659112
ICDroneMiteSurvivorship= 69.5701749995351
ICWorkerMiteSurvivorship= 13.4341076016426
ICForagerLifespan= 10.8953898269683
ImmType= Tangent
AIAdultSlope= 0.751921179704368
AIAdultSlopeContact= 1.77430572184967
AIAdultLD50Contact= 0.0238021592143923
AILarvaSlope= 1.5877636120189
AILarvaLD50= 0.444604142289609
AIKOW= 4.50780912209302
AIKOC= 9.37139706336893
AIHalfLife= 1.5157902771607
