ICQueenStrength= 1.17785637406632
RQWkrDrnRatio= 1.76063621416688
ICDroneMiteSurvivorship= 77.3492803797126
ICWorkerMiteSurvivorship= 24.6590975439176
ICForagerLifespan= 14.9323710985482
ImmType= Logarithmic
AIAdultSlope= 1.83210988603532
AIAdultLD50= 1.85009723016992
AIAdultSlopeContact= 0.577072517566849
AIAdultLD50Contact= 0.0136212424491532
AILarvaSlope= 0.759042755980045
AILarvaLD50= 0.379654832999222
AIKOW= 5.76968671567738
AIKOC= 14.6875320479739
AIHalfLife= 11.6999600958079
EAppRate= 0.159387274179608
