ICQueenStrength= 4.45392140676267
RQWkrDrnRatio= 1.24452890083194
ICDroneMiteSurvivorship= 27.0719490945339
ICWorkerMiteSurvivorship= 21.6923024039716
ICForagerLifespan= 14.3258646233007
ImmType= Exponential
AIAdultSlope= 2.02298988136463
AIAdultLD50= 1.81893972493708
AIAdultSlopeContact= 1.49996972307097
AIAdultLD50Contact= 0.0416038814699277
AILarvaSlope= 3.11770253726281
AILarvaLD50= 0.794398202584125
AIKOW= 7.05365153774619
AIKOC= 5.11499135289341
AIHalfLife= 12.2406030306593
EAppRate= 0.813583506271243
