ICQueenStrength= 5.15449594147503
RQWkrDrnRatio= 1.49251648318022
ICDroneMiteSurvivorship= 28.4013067372143
ICWorkerMiteSurvivorship= 34.1764115029946
ICForagerLifespan= 10.3532361537218
ImmType= Cosine
AIAdultSlope= 3.23607450192794
AIAdultLD50= 0.859615458408371
AIAdultSlopeContact= 0.0216969275102019
AIAdultLD50Contact= 0.0263491724734195
AILarvaSlope= 0.661485761683434
AILarvaLD50= 0.676550873997621
AIKOW= 7.53667104337364
AIKOC= 21.5801348048262
AIHalfLife= 5.71692059980705
EAppRate= 0.747522740159184
