ICQueenStrength= 2.59420609474182
RQWkrDrnRatio= 2.90637143328786
ICDroneMiteSurvivorship= 35.3816353715956
ICWorkerMiteSurvivorship= 14.0155908185989
ICForagerLifespan= 6.94288568943739
ImmType= Exponential
AIAdultSlope= 1.18637184379622
