ICQueenStrength= 4.79510874045081
RQWkrDrnRatio= 1.82389871124178
ICDroneMiteSurvivorship= 13.2021838100627
ICWorkerMiteSurvivorship= 18.0513166822493
ICForagerLifespan= 5.1884853001684
ImmType= Polynomial
AIAdultSlope= 1.91240002654726
AIAdultLD50= 0.338341243099421
AIAdultSlopeContact= 2.17729817055166
AIAdultLD50Contact= 0.0231598470592871
AILarvaSlope= 3.16195890814997
AILarvaLD50= 0.205141218448989
AIKOW= 6.14116311864927
AIKOC= 12.3260101024061
AIHalfLife= 3.27298596152104
EAppRate= 0
