ICQueenStrength= 4.61491000163369
RQWkrDrnRatio= 1.61731867864728
ICDroneMiteSurvivorship= 62.9533525789157
ICWorkerMiteSurvivorship= 66.436980641447
ICForagerLifespan= 11.7002328988165
ImmType= Sine
AIAdultSlope= 0.403341432148591
AIAdultLD50= 1.58717637998052
AIAdultSlopeContact= 2.01978824522579
AIAdultLD50Contact= 0.0153465487412177
AILarvaSlope= 0.0929833760485053
AILarvaLD50= 0.422094619483687
AIKOW= 6.57753193657845
AIKOC= 19.2126987921074
AIHalfLife= 11.4765894706361
EAppRate= 0.734009923879057
