ICQueenStrength= 5.66204162919894
RQWkrDrnRatio= 3.77892572805285
ICDroneMiteSurvivorship= 78.8561157882214
ICWorkerMiteSurvivorship= 15.7334371237084
ICForagerLifespan= 5.6236361535266
ImmType= Tangent
AIAdultSlope= 0.689938534377143
AIAdultLD50= 0.221170174190775
AIAdultSlopeContact= 1.37097925171489
AIAdultLD50Contact= 0.00764729536604136
AILarvaSlope= 1.16200315961614
AILarvaLD50= 0.318218478863128
AIKOW= 7.53744546417147
AIKOC= 5.23316954611801
AIHalfLife= 7.16191797703505
EAppRate= 0.15025468962267
