ICQueenStrength= 3.40519085898995
RQWkrDrnRatio= 3.0999044040218
ICDroneMiteSurvivorship= 97.6759217679501
ICWorkerMiteSurvivorship= 84.4402717193589
ICForagerLifespan= 5.58657233323902
ImmType= Polynomial
AIAdultSlope= 0.0449364446103573
