ICQueenStrength= 5.86032734741457
RQWkrDrnRatio= 3.57632112689316
ICDroneMiteSurvivorship= 30.4284286918119
ICWorkerMiteSurvivorship= 99.1707660956308
ICForagerLifespan= 14.421800872311
ImmType= Exponential
AIAdultSlopeContact= 2.44420124288416
AIAdultLD50Contact= 0.0319521901546977
AILarvaSlope= 0.888152954727411
AILarvaLD50= 0.546680371672846
AIKOW= 3.37823315756395
AIKOC= 9.08083088696003
AIHalfLife= 1.47378190606833
