ICQueenStrength= 4.58964521554299
RQWkrDrnRatio= 1.90848576650023
ICDroneMiteSurvivorship= 99.0649881539866
ICWorkerMiteSurvivorship= 47.1159141510725
ICForagerLifespan= 6.3229693621397
ImmType= Cosine
AIAdultSlopeContact= 1.28557500737021
AIAdultLD50Contact= 0.0328789405757561
AILarvaSlope= 1.05789677975699
AILarvaLD50= 0.872927476395853
AIKOW= 5.81672825710848
AIKOC= 27.5557169178501
AIHalfLife= 3.44282017461956
