ICQueenStrength= 5.4450977165252
RQWkrDrnRatio= 4.35434309672564
ICDroneMiteSurvivorship= 67.765671829693
ICWorkerMiteSurvivorship= 86.6113695083186
ICForagerLifespan= 12.2801611134782
ImmType= Exponential
AIAdultSlope= 3.48917904779781
AIAdultLD50= 0.0504382270155475
AIAdultSlopeContact= 2.48504688297166
AIAdultLD50Contact= 0.0307523522758856
AILarvaSlope= 0.824496256187558
AILarvaLD50= 0.373670333297923
AIKOW= 5.66378708137199
AIKOC= 29.9492398230359
AIHalfLife= 0.365436800057068
EAppRate= 0
