ICQueenStrength= 4.63604619749822
RQWkrDrnRatio= 3.5291636865586
ICDroneMiteSurvivorship= 4.14344277232885
ICWorkerMiteSurvivorship= 67.1259454684332
ICForagerLifespan= 6.54590162541717
ImmType= Logarithmic
AIAdultSlopeContact= 1.87125781606184
AIAdultLD50Contact= 0.00596877447096631
AILarvaSlope= 0.648679389618337
AILarvaLD50= 0.00416460642591119
AIKOW= 4.77294453606009
AIKOC= 24.5156490779482
AIHalfLife= 1.09018368227407
