ICQueenStrength= 3.88486280594952
RQWkrDrnRatio= 3.11176220793277
ICDroneMiteSurvivorship= 84.5264960546046
ICWorkerMiteSurvivorship= 81.7421040730551
ICForagerLifespan= 7.46739930659533
ImmType= Tangent
AIAdultSlope= 3.83579514310928
AIAdultLD50= 0.303945134743117
AIAdultSlopeContact= 1.18772902945289
AIAdultLD50Contact= 4.73682652227581e-05
AILarvaSlope= 1.71878574229777
AILarvaLD50= 0.0176470569334924
AIKOW= 5.66238379990682
AIKOC= 27.9897650366183
AIHalfLife= 2.72877005976625
EAppRate= 0.556502384855412
