ICQueenStrength= 5.56920817727223
RQWkrDrnRatio= 4.11265398468822
ICDroneMiteSurvivorship= 24.0024817874655
ICWorkerMiteSurvivorship= 67.9606126388535
ICForagerLifespan= 6.90119735524058
ImmType= Cosine
AIAdultSlopeContact= 2.78481500486378
AIAdultLD50Contact= 0.00466832688543946
AILarvaSlope= 3.04900423362851
AILarvaLD50= 0.688556059752591
AIKOW= 5.95250424789265
AIKOC= 9.60000009043142
AIHalfLife= 13.5876461733133
