ICQueenStrength= 4.25508770998567
RQWkrDrnRatio= 4.51813370641321
ICDroneMiteSurvivorship= 95.8951395004988
ICWorkerMiteSurvivorship= 89.1994087956846
ICForagerLifespan= 14.6816738899797
ImmType= Logarithmic
AIAdultSlope= 1.64403711832128
AIAdultLD50= 2.01645946735516
AIAdultSlopeContact= 2.58774576798314
AIAdultLD50Contact= 0.0105639488436282
AILarvaSlope= 2.06658591101877
AILarvaLD50= 0.157608188409358
AIKOW= 2.20188171137124
AIKOC= 26.0921084100846
AIHalfLife= 0.68823283771053
EAppRate= 0.613057849695906
