ICQueenStrength= 5.08016004017554
RQWkrDrnRatio= 2.73708083759993
ICDroneMiteSurvivorship= 39.7832948481664
ICWorkerMiteSurvivorship= 15.8703953260556
ICForagerLifespan= 5.41486999951303
ImmType= Logarithmic
AIAdultSlope= 2.21251992075704
AIAdultLD50= 2.10441266954876
AIAdultSlopeContact= 0.274084260917734
AIAdultLD50Contact= 0.0338285143836401
AILarvaSlope= 3.20057363943197
AILarvaLD50= 0.178559864941053
AIKOW= 4.21178848901764
AIKOC= 13.1667955790181
AIHalfLife= 4.48815733985975
EAppRate= 0.767732847481966
