ICQueenStrength= 2.04785494506359
RQWkrDrnRatio= 4.87589563522488
ICDroneMiteSurvivorship= 30.1045091822743
ICWorkerMiteSurvivorship= 43.0645571788773
ICForagerLifespan= 15.3378758085892
ImmType= Logarithmic
AIAdultSlope= 9.73781039472669
