ICQueenStrength= 1.06689590984024
RQWkrDrnRatio= 2.99325114954263
ICDroneMiteSurvivorship= 72.8776583448052
ICWorkerMiteSurvivorship= 80.31585898716
ICForagerLifespan= 12.1143046263605
ImmType= Sine
AIAdultSlope= 2.6980534307193
AIAdultLD50= 2.45943506760523
AIAdultSlopeContact= 3.52254943789914
AIAdultLD50Contact= 0.0248562201857567
AILarvaSlope= 2.62674508988857
AILarvaLD50= 0.0597001487156376
AIKOW= 5.197015943937
AIKOC= 9.85090350266546
AIHalfLife= 11.9774316539988
EAppRate= 0.176246318267658
