ICQueenStrength= 1.44982648571022
RQWkrDrnRatio= 4.36937925592065
ICDroneMiteSurvivorship= 68.1462480220944
ICWorkerMiteSurvivorship= 64.6555989980698
ICForagerLifespan= 6.13073687534779
ImmType= Tangent
AIAdultSlope= 2.27229553559097
AIAdultLD50= 0.244864525389858
AIAdultSlopeContact= 1.16873248086311
AIAdultLD50Contact= 0.00469029980013147
AILarvaSlope= 0.370587131939828
AILarvaLD50= 0.617241519154049
AIKOW= 2.9227662794292
AIKOC= 23.495708698174
AIHalfLife= 4.46394895203412
EAppRate= 0.1197448189836
