ICQueenStrength= 1.86030641919933
RQWkrDrnRatio= 3.12887036148459
ICDroneMiteSurvivorship= 14.5509952912107
ICWorkerMiteSurvivorship= 6.44373239483684
ICForagerLifespan= 13.4482521815225
ImmType= Sine
AIAdultSlope= 2.57148683685809
AIAdultLD50= 1.54065485671163
AIAdultSlopeContact= 3.14447049567942
AIAdultLD50Contact= 0.0246080365148373
AILarvaSlope= 0.973116749478504
AILarvaLD50= 0.779903840320185
AIKOW= 3.56328774569556
AIKOC= 6.15655653062277
AIHalfLife= 1.91713476553559
EAppRate= 0.711270764935762
