ICQueenStrength= 4.33081138669513
RQWkrDrnRatio= 3.08951635006815
ICDroneMiteSurvivorship= 6.63525725249201
ICWorkerMiteSurvivorship= 98.2310367980972
ICForagerLifespan= 10.6928661400452
ImmType= Cosine
AIAdultLD50= 0.154012839635834
AIAdultSlopeContact= 0.0875105747650377
AIAdultLD50Contact= 0.0339223070652224
AILarvaSlope= 2.47159945215099
AILarvaLD50= 0.746096566063352
AIKOW= 6.73649733420461
AIKOC= 28.2949687982909
AIHalfLife= 3.08193856943399
EAppRate= 1.57129954313859
