ICQueenStrength= 3.72620790405199
RQWkrDrnRatio= 1.02241309173405
ICDroneMiteSurvivorship= 77.6149960700423
ICWorkerMiteSurvivorship= 40.0502779055387
ICForagerLifespan= 12.3666505189613
ImmType= Sine
AIAdultSlope= 2.40097204665653
AIAdultLD50= 2.45964915398508
AIAdultSlopeContact= 2.93392771714367
AIAdultLD50Contact= 0.0250834627309814
AILarvaSlope= 0.491992630576715
AILarvaLD50= 0.288404545281082
AIKOW= 6.44823676627129
AIKOC= 28.8349149934947
AIHalfLife= 6.8666987689212
EAppRate= 0.946363072376698
