ICQueenStrength= 5.49729045620188
RQWkrDrnRatio= 3.74762949440628
ICDroneMiteSurvivorship= 42.5726153654978
ICWorkerMiteSurvivorship= 81.1539992690086
ICForagerLifespan= 7.61766320187598
ImmType= Exponential
AIAdultSlope= 1.16080382363871
AIAdultLD50= 1.2032553080935
AIAdultSlopeContact= 3.03436569208279
AIAdultLD50Contact= 0.0198710284545086
AILarvaSlope= 0.905571399768814
AILarvaLD50= 0.893571893312037
AIKOW= 5.91170478099957
AIKOC= 5.05035440553911
AIHalfLife= 4.64393175393343
EAppRate= 0.547528819646686
