ICQueenStrength= 5.24965837039053
RQWkrDrnRatio= 3.79574720561504
ICDroneMiteSurvivorship= 86.7335439426824
ICWorkerMiteSurvivorship= 2.15683637652546
ICForagerLifespan= 4.52738913241774
ImmType= Cosine
AIAdultSlope= 2.61575549752917
AIAdultLD50= 0.292621052009054
AIAdultSlopeContact= 1.96472209244035
AIAdultLD50Contact= 0.0206334915594198
AILarvaSlope= 2.30376655408181
AILarvaLD50= 0.69837383532431
AIKOW= 3.67183717619628
AIKOC= 7.80172983184457
AIHalfLife= 1.00732021499425
EAppRate= 0.305904079531319
