ICQueenStrength= 2.03461223770864
RQWkrDrnRatio= 2.56684199534357
ICDroneMiteSurvivorship= 21.6391909401864
ICWorkerMiteSurvivorship= 29.581306152977
ICForagerLifespan= 8.58310708682984
ImmType= Logarithmic
AIAdultSlope= 2.20253361621872
