ICQueenStrength= 5.20950008672662
RQWkrDrnRatio= 2.17958577536047
ICDroneMiteSurvivorship= 24.4832367636263
ICWorkerMiteSurvivorship= 5.42315186467022
ICForagerLifespan= 10.1635574903339
ImmType= Logarithmic
AIAdultSlope= 0.355381091446616
AIAdultLD50= 0.474065775168128
AIAdultSlopeContact= 3.16858176089823
AIAdultLD50Contact= 0.0382058210438117
AILarvaSlope= 2.66422751676291
AILarvaLD50= 0.620969066955149
AIKOW= 5.51657976862043
AIKOC= 10.9394620417152
AIHalfLife= 4.52054447261617
EAppRate= 0.648559678532183
