ICQueenStrength= 1.6907769665122
RQWkrDrnRatio= 1.10405980236828
ICDroneMiteSurvivorship= 55.3076463285834
ICWorkerMiteSurvivorship= 39.4683450227603
ICForagerLifespan= 15.5606450326741
ImmType= Tangent
AIAdultSlope= 2.53785410305252
AIAdultLD50= 0.361506549408659
AIAdultSlopeContact= 3.59616777138552
AIAdultLD50Contact= 0.00444812998175621
AILarvaSlope= 1.91461146753281
AILarvaLD50= 0.885362381162122
AIKOW= 2.52397842146456
AIKOC= 28.3391801186372
AIHalfLife= 4.61645358242095
EAppRate= 0.239201113209128
