ICQueenStrength= 2.86730983783491
RQWkrDrnRatio= 4.99841257650405
ICDroneMiteSurvivorship= 85.1813982008025
ICWorkerMiteSurvivorship= 80.0285234116018
ICForagerLifespan= 5.34904799517244
ImmType= Exponential
AIAdultSlope= 3.53569213966141
AIAdultLD50= 0.122714400175028
AIAdultSlopeContact= 0.561060801541898
AIAdultLD50Contact= 0.0327458414481953
AILarvaSlope= 0.432149983709678
AILarvaLD50= 0.420669865258969
AIKOW= 5.76382268033922
AIKOC= 26.8833024729975
AIHalfLife= 1.11774728167802
EAppRate= 0.506543225445785
