ICQueenStrength= 4.60075244680047
RQWkrDrnRatio= 1.77231226675212
ICDroneMiteSurvivorship= 17.1950748423114
ICWorkerMiteSurvivorship= 86.4649923983961
ICForagerLifespan= 7.17781378049403
ImmType= Cosine
AIAdultSlope= 1.49538966802647
AIAdultLD50= 0.0681984766852111
AIAdultSlopeContact= 2.54154892228777
AIAdultLD50Contact= 0.0391656527412124
AILarvaSlope= 1.18411515317857
AILarvaLD50= 0.243503716774285
AIKOW= 5.1846274533309
AIKOC= 29.6790036733728
AIHalfLife= 0.00164597877301276
EAppRate= 0.559216972766444
