ICQueenStrength= 4.71255567064509
RQWkrDrnRatio= 3.65798131376505
ICDroneMiteSurvivorship= 10.9927924815565
ICWorkerMiteSurvivorship= 75.2024053828791
ICForagerLifespan= 11.0523210791871
ImmType= Polynomial
AIAdultSlope= 2.39215924400836
AIAdultLD50= 0.0151827672962099
AIAdultSlopeContact= 0.461545956318732
AIAdultLD50Contact= 0.0343047599541023
AILarvaSlope= 1.74653291027062
AILarvaLD50= 0.622517223120667
AIKOW= 2.67240211600438
AIKOC= 29.7185430605896
AIHalfLife= 1.67501424090005
EAppRate= 0.611000731517561
