ICQueenStrength= 3.36638634814881
RQWkrDrnRatio= 1.65464440081269
ICDroneMiteSurvivorship= 46.2027959525585
ICWorkerMiteSurvivorship= 43.8877846114337
ICForagerLifespan= 7.11810939200222
ImmType= Tangent
AIAdultSlope= 2.8873822550755
AIAdultLD50= 0.200081634102389
AIAdultSlopeContact= 2.50626891829306
AIAdultLD50Contact= 0.0469107762328349
AILarvaSlope= 0.0829375534784049
AILarvaLD50= 0.0813588976627216
AIKOW= 7.16725518740714
AIKOC= 26.4649739209563
AIHalfLife= 10.5388229540549
EAppRate= 0.787727718940005
