ICQueenStrength= 4.06818745331839
RQWkrDrnRatio= 2.13191436324269
ICDroneMiteSurvivorship= 17.8667901083827
ICWorkerMiteSurvivorship= 40.9563494613394
ICForagerLifespan= 11.2592883398756
ImmType= Cosine
AIAdultSlope= 5.42246761498973
