ICQueenStrength= 1.67411862895824
RQWkrDrnRatio= 2.44859687518328
ICDroneMiteSurvivorship= 89.2898357706144
ICWorkerMiteSurvivorship= 60.6766941491514
ICForagerLifespan= 11.7188294194639
ImmType= Logarithmic
AIAdultSlope= 0.761017298791558
