ICQueenStrength= 4.86097167385742
RQWkrDrnRatio= 4.0502947922796
ICDroneMiteSurvivorship= 7.6633364893496
ICWorkerMiteSurvivorship= 39.289257186465
ICForagerLifespan= 14.515672060661
ImmType= Sine
AIAdultSlope= 0.744352827609982
AIAdultLD50= 0.343986427760683
AIAdultSlopeContact= 1.70877445479389
AIAdultLD50Contact= 0.0487513676169328
AILarvaSlope= 2.83614717232995
AILarvaLD50= 0.885803486360237
AIKOW= 3.94317942019552
AIKOC= 27.2537076158915
AIHalfLife= 4.30235905689187
EAppRate= 0
