ICQueenStrength= 5.15601662127301
RQWkrDrnRatio= 2.91334904078394
ICDroneMiteSurvivorship= 70.0527542736381
ICWorkerMiteSurvivorship= 10.9497531317174
ICForagerLifespan= 6.00208626780659
ImmType= Logarithmic
AIAdultSlope= 2.2853790526581
AIAdultLD50= 0.107525085797533
AIAdultSlopeContact= 0.960604142518714
AIAdultLD50Contact= 0.00300285579869524
AILarvaSlope= 0.335313678532839
AILarvaLD50= 0.470210846420378
AIKOW= 2.72928045643494
AIKOC= 23.0065397289582
AIHalfLife= 4.17513877851889
EAppRate= 0.244172661239281
