ICQueenStrength= 3.87522553117014
RQWkrDrnRatio= 3.08815238531679
ICDroneMiteSurvivorship= 28.1427871668711
ICWorkerMiteSurvivorship= 98.4849338652566
ICForagerLifespan= 14.4696994759142
ImmType= Polynomial
AIAdultSlope= 2.04518472630763
AIAdultLD50= 0.00174581084866077
AIAdultSlopeContact= 1.6522595502343
AIAdultLD50Contact= 0.00744820112595335
AILarvaSlope= 1.90191778317094
AILarvaLD50= 0.846868475340307
AIKOW= 7.80437339004129
AIKOC= 8.34907785872929
AIHalfLife= 4.29013933055103
EAppRate= 0
