ICQueenStrength= 3.83464771346189
RQWkrDrnRatio= 1.99930517747998
ICDroneMiteSurvivorship= 45.5508839571849
ICWorkerMiteSurvivorship= 21.3486909400672
ICForagerLifespan= 15.5218443255872
ImmType= Exponential
AIAdultSlopeContact= 0.00657580384751782
AIAdultLD50Contact= 0.0285235355840996
AILarvaSlope= 0.160843981383368
AILarvaLD50= 0.39928188258782
AIKOW= 4.6054177521728
AIKOC= 24.3521355104167
AIHalfLife= 8.21500100847334
