ICQueenStrength= 2.00461208727211
RQWkrDrnRatio= 3.78898933250457
ICDroneMiteSurvivorship= 71.1333550047129
ICWorkerMiteSurvivorship= 82.7675068983808
ICForagerLifespan= 11.8352151261643
ImmType= Polynomial
AIAdultSlopeContact= 6.00859835278243
AIAdultLD50Contact= 0.174513889476657
AILarvaSlope= 1.46762014133856
AILarvaLD50= 1.92637628642842
AIKOW= 1.94766267668456
AIKOC= 50.4317183746025
AIHalfLife= 2.15317747555673
