ICQueenStrength= 5.62716728798114
RQWkrDrnRatio= 4.49537946563214
ICDroneMiteSurvivorship= 2.4664910743013
ICWorkerMiteSurvivorship= 73.0822164565325
ICForagerLifespan= 4.83399906102568
ImmType= Polynomial
AIAdultLD50= 0.154012839635834
AIAdultSlopeContact= 0.97628966148477
AIAdultLD50Contact= 0.0481983032426797
AILarvaSlope= 2.90357333668508
AILarvaLD50= 0.871687934780493
AIKOW= 4.77001591585577
AIKOC= 13.7939765944611
AIHalfLife= 7.06494055874646
EAppRate= 0.669839988928288
