ICQueenStrength= 1.14847635524347
RQWkrDrnRatio= 4.37716877087951
ICDroneMiteSurvivorship= 52.6081460528076
ICWorkerMiteSurvivorship= 36.4753762027249
ICForagerLifespan= 10.5205032955855
ImmType= Tangent
AIAdultSlope= 0.898230822244659
AIAdultLD50= 1.74092187546194
AIAdultSlopeContact= 1.88401749683311
AIAdultLD50Contact= 0.038866925588809
AILarvaSlope= 2.24787049498409
AILarvaLD50= 0.778003141307272
AIKOW= 5.85448687709868
AIKOC= 10.6675572588574
AIHalfLife= 0.67696370696649
EAppRate= 0.906078322324902
