ICQueenStrength= 2.19084757054225
RQWkrDrnRatio= 1.8570879874751
ICDroneMiteSurvivorship= 52.7432664530352
ICWorkerMiteSurvivorship= 11.0021654050797
ICForagerLifespan= 13.7304825847968
ImmType= Polynomial
AIAdultSlope= 6.55185633804649
