ICQueenStrength= 2.29198077251203
RQWkrDrnRatio= 2.93208577763289
ICDroneMiteSurvivorship= 62.5372770009562
ICWorkerMiteSurvivorship= 48.6609394662082
ICForagerLifespan= 6.99335824418813
ImmType= Polynomial
AIAdultSlope= 3.03302840571851
AIAdultSlopeContact= 1.09329416470136
AIAdultLD50Contact= 0.0242967533064075
AILarvaSlope= 2.95043455567211
AILarvaLD50= 0.680585184996016
AIKOW= 7.37781689455733
AIKOC= 8.23724113404751
AIHalfLife= 1.55443150689825
