ICQueenStrength= 1.87513340543956
RQWkrDrnRatio= 4.42961752880365
