ICQueenStrength= 4.43996363226324
RQWkrDrnRatio= 1.0477186050266
ICDroneMiteSurvivorship= 86.4307961426675
ICWorkerMiteSurvivorship= 56.2222399516031
ICForagerLifespan= 8.17216290719807
ImmType= Exponential
AIAdultLD50= 0.154012839635834
AIAdultSlopeContact= 2.61172371231252
AIAdultLD50Contact= 0.0488997165346518
AILarvaSlope= 0.869227031618357
AILarvaLD50= 0.210840854351409
AIKOW= 7.73545682197437
AIKOC= 5.2428209874779
AIHalfLife= 9.15691321576014
EAppRate= 0.400669720489532
