ICQueenStrength= 5.75765823153779
RQWkrDrnRatio= 4.60432841721922
ICDroneMiteSurvivorship= 2.47099872212857
ICWorkerMiteSurvivorship= 73.4839915996417
ICForagerLifespan= 6.90738245937973
ImmType= Sine
AIAdultLD50= 0.154012839635834
AIAdultSlopeContact= 1.28539445291972
AIAdultLD50Contact= 0.0348773523815908
AILarvaSlope= 1.67270545423962
AILarvaLD50= 0.779373305663467
AIKOW= 7.55759716872126
AIKOC= 9.13945051841438
AIHalfLife= 5.56941911764443
EAppRate= 0.0940139559097588
