ICQueenStrength= 4.07683292077854
RQWkrDrnRatio= 3.66041197348386
ICDroneMiteSurvivorship= 19.266447937116
ICWorkerMiteSurvivorship= 42.0524647925049
ICForagerLifespan= 9.10678636375815
ImmType= Sine
AIAdultSlope= 1.65895664606011
AIAdultLD50= 0.339034323347732
AIAdultSlopeContact= 0.800925671516452
AIAdultLD50Contact= 0.0406032601138577
AILarvaSlope= 0.945356084313244
AILarvaLD50= 0.641621422371827
AIKOW= 5.49033539975062
AIKOC= 27.9835117585026
AIHalfLife= 4.47132458211854
EAppRate= 0.0726921387482434
