ICQueenStrength= 5.79363159742206
RQWkrDrnRatio= 3.45333665143698
ICDroneMiteSurvivorship= 99.1700252285227
ICWorkerMiteSurvivorship= 59.9679175764322
ICForagerLifespan= 7.08228669129312
ImmType= Tangent
AIAdultSlope= 3.76746083871229
AIAdultLD50= 0.0341223576106131
AIAdultSlopeContact= 2.43409879397135
AIAdultLD50Contact= 0.0378115338855423
AILarvaSlope= 2.66371401152574
AILarvaLD50= 0.125092589948326
AIKOW= 4.62503904849291
AIKOC= 5.08064063731581
AIHalfLife= 4.94003952480853
EAppRate= 0.690788515773602
