ICQueenStrength= 1.21915065590292
RQWkrDrnRatio= 1.82071625441313
ICDroneMiteSurvivorship= 7.24632018245757
ICWorkerMiteSurvivorship= 68.3904685080051
ICForagerLifespan= 8.42282044421881
ImmType= Logarithmic
AIAdultSlope= 2.44894081121311
AIAdultLD50= 0.0752567038871348
AIAdultSlopeContact= 2.33923410930438
AIAdultLD50Contact= 0.0115484456648119
AILarvaSlope= 1.04447252918035
AILarvaLD50= 0.274239665991627
AIKOW= 5.31636961689219
AIKOC= 7.25952457985841
AIHalfLife= 7.25843689590693
EAppRate= 0.221142965136096
