ICQueenStrength= 1.19055950921029
RQWkrDrnRatio= 1.16524865012616
ICDroneMiteSurvivorship= 30.5236832704395
ICWorkerMiteSurvivorship= 78.6386852618307
ICForagerLifespan= 4.22602414339781
ImmType= Tangent
AIAdultSlope= 0.0376548054162413
AIAdultLD50= 2.97509413096122
AIAdultSlopeContact= 0.869545952158514
AIAdultLD50Contact= 0.0396544385585003
AILarvaSlope= 1.25467665120959
AILarvaLD50= 0.187869462068193
AIKOW= 6.83302149130031
AIKOC= 16.78734266432
AIHalfLife= 10.7535264212638
EAppRate= 0.90789735945873
