ICQueenStrength= 3.05622423626482
RQWkrDrnRatio= 1.15046660788357
