ICQueenStrength= 1.22863653837703
RQWkrDrnRatio= 2.68653064593673
ICDroneMiteSurvivorship= 62.5514287967235
ICWorkerMiteSurvivorship= 76.3071970082819
ICForagerLifespan= 9.29150897823274
ImmType= Logarithmic
AIAdultSlope= 9.89391224924475
AIAdultLD50= 0.323959914967418
AIAdultSlopeContact= 8.63723802845925
AIAdultLD50Contact= 0.0271927088499069
AILarvaSlope= 2.26736549055204
AILarvaLD50= 1.39517411310226
AIKOW= 16.6604801546782
AIKOC= 51.3442441821098
AIHalfLife= 12.578331575729
EAppRate= 1.93159096175805
