ICQueenStrength= 4.64600797533058
RQWkrDrnRatio= 2.3300926303491
ICDroneMiteSurvivorship= 58.0275469925255
ICWorkerMiteSurvivorship= 88.0701586371288
ICForagerLifespan= 12.3395086592063
ImmType= Polynomial
AIAdultSlope= 1.87811064447043
AIAdultLD50= 0.419489125488326
AIAdultSlopeContact= 1.09624046467245
AIAdultLD50Contact= 0.0283382922760211
AILarvaSlope= 2.0247051069513
AILarvaLD50= 0.146741382451728
AIKOW= 4.44380049081519
AIKOC= 10.624894524226
AIHalfLife= 4.2728329601232
EAppRate= 0.00425069166813046
