ICQueenStrength= 1.25649169343524
RQWkrDrnRatio= 1.05481377616525
ICDroneMiteSurvivorship= 38.1223601289093
ICWorkerMiteSurvivorship= 19.2883152980357
ICForagerLifespan= 11.5058597298339
ImmType= Cosine
AIAdultSlope= 8.88873706106097
