ICQueenStrength= 3.56484856363386
RQWkrDrnRatio= 3.70533722545952
ICDroneMiteSurvivorship= 81.7727912915871
ICWorkerMiteSurvivorship= 63.0627265898511
ICForagerLifespan= 14.5264227846637
ImmType= Cosine
AIAdultSlope= 0.7974372698972
AIAdultLD50= 0.114639069419354
AIAdultSlopeContact= 3.67302299098112
AIAdultLD50Contact= 0.003441177518107
AILarvaSlope= 3.35725891101174
AILarvaLD50= 0.330428619123995
AIKOW= 2.37088095536456
AIKOC= 7.03312320518307
AIHalfLife= 3.3486938115675
EAppRate= 0.685282350284979
