ICQueenStrength= 3.99598516430706
RQWkrDrnRatio= 4.50194973964244
ICDroneMiteSurvivorship= 9.40473868977278
ICWorkerMiteSurvivorship= 99.9279282754287
ICForagerLifespan= 11.3797610765323
ImmType= Logarithmic
AIAdultSlope= 2.59580666746013
AIAdultLD50= 0.352545961155556
AIAdultSlopeContact= 2.4427384637855
AIAdultLD50Contact= 0.0233395681483671
AILarvaSlope= 2.81462730811909
AILarvaLD50= 0.187227229122072
AIKOW= 7.75605517579243
AIKOC= 12.7495710283983
AIHalfLife= 0.491425601067021
EAppRate= 0.128625307441689
