ICQueenStrength= 4.60556119005196
RQWkrDrnRatio= 3.24453409481794
ICDroneMiteSurvivorship= 28.9771089097485
ICWorkerMiteSurvivorship= 33.0244271084666
ICForagerLifespan= 9.84081729315221
ImmType= Sine
AIAdultSlope= 3.14387022775831
AIAdultLD50= 0.00583481357898563
AIAdultSlopeContact= 3.46563541340875
AIAdultLD50Contact= 0.037649199552834
AILarvaSlope= 0.253873217804357
AILarvaLD50= 0.694591330736876
AIKOW= 4.3098410051316
AIKOC= 28.4930812148377
AIHalfLife= 2.17648756573908
EAppRate= 0
