ICQueenStrength= 3.5097805284895
RQWkrDrnRatio= 1.99014839529991
ICDroneMiteSurvivorship= 64.4486475270241
ICWorkerMiteSurvivorship= 6.37067274656147
ICForagerLifespan= 9.77485716063529
ImmType= Exponential
AIAdultSlope= 0.110977339791134
AIAdultLD50= 0.614769194740802
AIAdultSlopeContact= 1.65225870841183
AIAdultLD50Contact= 0.0220305054099299
AILarvaSlope= 3.27231550849974
AILarvaLD50= 0.529561264207587
AIKOW= 4.74390797223896
AIKOC= 7.68769662943669
AIHalfLife= 12.8448805571534
EAppRate= 0.207872802391648
