ICQueenStrength= 3.85606883582659
RQWkrDrnRatio= 3.98119737487286
ICDroneMiteSurvivorship= 40.4065658105537
ICWorkerMiteSurvivorship= 45.4748051473871
ICForagerLifespan= 12.7595754982904
ImmType= Tangent
AIAdultSlope= 1.6762755648233
