ICQueenStrength= 5.27851384854876
RQWkrDrnRatio= 3.4853086527437
ICDroneMiteSurvivorship= 23.4855469316244
ICWorkerMiteSurvivorship= 1.30843983497471
ICForagerLifespan= 10.4809906296432
ImmType= Tangent
AIAdultSlope= 1.2614207375329
AIAdultLD50= 0.626475181197748
AIAdultSlopeContact= 0.412373622287996
AIAdultLD50Contact= 0.022681240120437
AILarvaSlope= 2.44256873917766
AILarvaLD50= 0.700887926411815
AIKOW= 6.5277667529881
AIKOC= 13.615712611936
AIHalfLife= 8.6849057758227
EAppRate= 0.355719593819231
