ICQueenStrength= 2.11323710763827
RQWkrDrnRatio= 3.27085408102721
ICDroneMiteSurvivorship= 25.1500459620729
ICWorkerMiteSurvivorship= 6.67983554303646
ICForagerLifespan= 13.6820676866919
ImmType= Polynomial
AIAdultSlopeContact= 3.20885705985362
AIAdultLD50Contact= 0.0240457182750106
AILarvaSlope= 2.34476272603497
AILarvaLD50= 0.602235810924321
AIKOW= 3.03484300896525
AIKOC= 26.0620816040318
AIHalfLife= 7.37380197271705
