ICQueenStrength= 3.25895308074541
RQWkrDrnRatio= 1.31080691982061
ICDroneMiteSurvivorship= 7.85094848833978
ICWorkerMiteSurvivorship= 98.8142215879634
ICForagerLifespan= 9.07567197363824
ImmType= Cosine
AIAdultSlope= 0.418449381832033
