ICQueenStrength= 1.75233264453709
RQWkrDrnRatio= 4.87144482880831
