ICQueenStrength= 5.45403170539066
RQWkrDrnRatio= 2.78428783640265
ICDroneMiteSurvivorship= 40.7885181950405
ICWorkerMiteSurvivorship= 13.3816195419058
ICForagerLifespan= 11.353988436982
ImmType= Cosine
AIAdultSlopeContact= 2.35550305608194
AIAdultLD50Contact= 0.0249485079315491
AILarvaSlope= 2.57349440925755
AILarvaLD50= 0.192968741431832
AIKOW= 6.24878039769828
AIKOC= 6.40330181457102
AIHalfLife= 1.00264890072867
