ICQueenStrength= 1.81088343355805
RQWkrDrnRatio= 1.38569558691233
