ICQueenStrength= 5.63047700468451
RQWkrDrnRatio= 3.43904196470976
ICDroneMiteSurvivorship= 38.2623533951119
ICWorkerMiteSurvivorship= 43.1016735965386
ICForagerLifespan= 12.3014249680564
ImmType= Exponential
AIAdultSlope= 6.93620377453044
