ICQueenStrength= 2.81710915523581
RQWkrDrnRatio= 3.92651365511119
ICDroneMiteSurvivorship= 18.9686774276197
ICWorkerMiteSurvivorship= 58.3246188238263
ICForagerLifespan= 5.13143866509199
ImmType= Sine
AIAdultSlope= 2.05344659527764
AIAdultLD50= 2.44077537185512
AIAdultSlopeContact= 3.52312796209473
AIAdultLD50Contact= 0.0256380796083249
AILarvaSlope= 2.26134758172557
AILarvaLD50= 0.880337726511061
AIKOW= 5.62585987197235
AIKOC= 19.3059878377244
AIHalfLife= 12.5472071026452
EAppRate= 0.644590087700635
