ICQueenStrength= 2.93707067403011
RQWkrDrnRatio= 1.80832750350237
ICDroneMiteSurvivorship= 50.6575970677659
ICWorkerMiteSurvivorship= 19.7886717040092
ICForagerLifespan= 15.2482790555805
ImmType= Logarithmic
AIAdultSlope= 1.05350615560077
AIAdultLD50= 0.286883918452077
AIAdultSlopeContact= 1.00736898322357
AIAdultLD50Contact= 0.0302680629538372
AILarvaSlope= 1.65647422145121
AILarvaLD50= 0.223590683564544
AIKOW= 4.12721855891868
AIKOC= 14.8239404789638
AIHalfLife= 4.63691163226031
EAppRate= 0
