ICQueenStrength= 3.56254427134991
RQWkrDrnRatio= 1.89115646574646
ICDroneMiteSurvivorship= 67.379367002286
ICWorkerMiteSurvivorship= 96.6858587693423
ICForagerLifespan= 14.9335809256881
ImmType= Exponential
AIAdultSlopeContact= 0.177616832270287
AIAdultLD50Contact= 0.0256033902755007
AILarvaSlope= 2.31796771571971
AILarvaLD50= 0.214998613391072
AIKOW= 3.91435693856329
AIKOC= 22.675282334676
AIHalfLife= 3.91453319182619
