ICQueenStrength= 2.28498601727188
RQWkrDrnRatio= 2.67514188215137
ICDroneMiteSurvivorship= 80.7185603771359
ICWorkerMiteSurvivorship= 31.4296230440959
ICForagerLifespan= 12.4151787068695
ImmType= Logarithmic
AIAdultSlope= 0.641532548137475
AIAdultLD50= 0.408135917270556
AIAdultSlopeContact= 1.09740963164717
AIAdultLD50Contact= 0.022792195121292
AILarvaSlope= 1.97037498815916
AILarvaLD50= 0.517554036830552
AIKOW= 2.82122540939599
AIKOC= 10.2464956243057
AIHalfLife= 2.05801203032024
EAppRate= 0.425781010300852
