ICQueenStrength= 4.03474619286135
RQWkrDrnRatio= 1.04920069221407
ICDroneMiteSurvivorship= 96.5657902415842
ICWorkerMiteSurvivorship= 44.141848362051
ICForagerLifespan= 8.57237874809653
ImmType= Cosine
AIAdultSlope= 1.75923344127601
AIAdultLD50= 0.347471988527104
AIAdultSlopeContact= 0.515967937395908
AIAdultLD50Contact= 0.0349447374348529
AILarvaSlope= 2.35957860760391
AILarvaLD50= 0.639945779973641
AIKOW= 7.07631124462932
AIKOC= 22.1618183085229
AIHalfLife= 1.33287738659419
EAppRate= 0
