ICQueenStrength= 1.11494121514261
RQWkrDrnRatio= 4.54714649356902
ICDroneMiteSurvivorship= 25.8776636095718
ICWorkerMiteSurvivorship= 25.5795157048851
ICForagerLifespan= 14.3939468050376
ImmType= Exponential
AIAdultSlope= 8.35293536540121
