ICQueenStrength= 4.6693032598123
RQWkrDrnRatio= 1.47971073538065
ICDroneMiteSurvivorship= 71.073100483045
ICWorkerMiteSurvivorship= 6.15982059389353
ICForagerLifespan= 14.4923165021464
ImmType= Polynomial
AIAdultSlope= 7.02504044398665
