ICQueenStrength= 4.87676192447543
RQWkrDrnRatio= 4.81265699118376
ICDroneMiteSurvivorship= 80.3803454618901
ICWorkerMiteSurvivorship= 51.1794831370935
ICForagerLifespan= 11.3623545207083
ImmType= Cosine
AIAdultLD50= 0.154012839635834
AIAdultSlopeContact= 0.116688801487908
AIAdultLD50Contact= 0.0367653142777272
AILarvaSlope= 3.35898516075686
AILarvaLD50= 0.696412593405694
AIKOW= 6.99189200159162
AIKOC= 9.38653714954853
AIHalfLife= 8.53199481219053
EAppRate= 1.73797117453068
