ICQueenStrength= 1.77984338393435
RQWkrDrnRatio= 4.39044927805662
ICDroneMiteSurvivorship= 13.9943549409509
ICWorkerMiteSurvivorship= 99.2059034761041
ICForagerLifespan= 7.26000086124986
ImmType= Exponential
AIAdultSlope= 5.91625401284546
