ICQueenStrength= 4.21572396787815
RQWkrDrnRatio= 3.2733345804736
ICDroneMiteSurvivorship= 60.0941256852821
ICWorkerMiteSurvivorship= 79.7163704643026
ICForagerLifespan= 12.89608491119
ImmType= Sine
AIAdultSlope= 3.324119568842
AIAdultLD50= 0.295039258082397
AIAdultSlopeContact= 1.36690732712159
AIAdultLD50Contact= 0.00494334263494238
AILarvaSlope= 1.98223494580016
AILarvaLD50= 0.617081904038787
AIKOW= 2.51543923607096
AIKOC= 22.4249590665568
AIHalfLife= 3.7203361839056
EAppRate= 0.0619309802772477
