ICQueenStrength= 1.87524276925251
RQWkrDrnRatio= 2.29563925787807
ICDroneMiteSurvivorship= 85.4069863678887
ICWorkerMiteSurvivorship= 2.18263510614634
ICForagerLifespan= 6.99121108837426
ImmType= Sine
AIAdultSlope= 3.02269120467827
