ICQueenStrength= 2.05768122244626
RQWkrDrnRatio= 1.57229099329561
ICDroneMiteSurvivorship= 83.5891526890919
ICWorkerMiteSurvivorship= 74.1846107179299
ICForagerLifespan= 11.8612255128101
ImmType= Sine
AIAdultSlopeContact= 3.36023981682956
AIAdultLD50Contact= 0.0793279197532684
AILarvaSlope= 1.18886644719169
AILarvaLD50= 1.99342541862279
AIKOW= 29.2229380458593
AIKOC= 60.1783559890464
AIHalfLife= 9.5531768812798
