ICQueenStrength= 3.95381311909296
RQWkrDrnRatio= 2.00206755660474
ICDroneMiteSurvivorship= 30.24605975952
ICWorkerMiteSurvivorship= 37.1228858828545
ICForagerLifespan= 5.99113055318594
ImmType= Tangent
AIAdultSlope= 0.830037885950878
AIAdultLD50= 0.172017915174365
AIAdultSlopeContact= 3.01218844354386
AIAdultLD50Contact= 0.0456363261211664
AILarvaSlope= 0.523883777810261
AILarvaLD50= 0.309553869394586
AIKOW= 2.1080750063993
AIKOC= 20.8021736366209
AIHalfLife= 5.77194908633828
EAppRate= 0.119288690621033
