ICQueenStrength= 2.33776215370744
RQWkrDrnRatio= 1.54875695984811
