ICQueenStrength= 4.11993081821129
RQWkrDrnRatio= 4.29061516560614
ICDroneMiteSurvivorship= 37.122316705063
ICWorkerMiteSurvivorship= 84.4637270318344
ICForagerLifespan= 8.80112777277827
ImmType= Tangent
AIAdultSlopeContact= 1.56314567895606
AIAdultLD50Contact= 0.0384844275191426
AILarvaSlope= 6.24642964918166
AILarvaLD50= 0.48226218437776
AIKOW= 83.1951988628134
AIKOC= 75.102427159436
AIHalfLife= 0.822976376395673
