ICQueenStrength= 2.23917173594236
RQWkrDrnRatio= 3.45572312176228
ICDroneMiteSurvivorship= 3.21429211180657
ICWorkerMiteSurvivorship= 65.9825176466256
ICForagerLifespan= 7.11400807090104
ImmType= Polynomial
AIAdultSlope= 0.675202612765133
