ICQueenStrength= 4.70054102386348
RQWkrDrnRatio= 3.14523772802204
ICDroneMiteSurvivorship= 40.4355426318944
ICWorkerMiteSurvivorship= 99.0079985698685
ICForagerLifespan= 11.7109217168763
ImmType= Logarithmic
AIAdultSlope= 2.77983269393444
AIAdultLD50= 1.49013297865167
AIAdultSlopeContact= 1.15027548740851
AIAdultLD50Contact= 0.0289456695783883
AILarvaSlope= 1.22473369664513
AILarvaLD50= 0.474927002191544
AIKOW= 3.88126670336351
AIKOC= 17.0758149132598
AIHalfLife= 1.71595031302422
EAppRate= 0.48876738268882
