ICQueenStrength= 5.15051197982393
RQWkrDrnRatio= 2.51790160592645
ICDroneMiteSurvivorship= 95.9024007664993
ICWorkerMiteSurvivorship= 58.5785174043849
ICForagerLifespan= 6.18582423217595
ImmType= Exponential
AIAdultSlope= 2.53748509525321
AIAdultSlopeContact= 2.04338109328877
AIAdultLD50Contact= 0.0331549640977755
AILarvaSlope= 0.245986391883343
AILarvaLD50= 0.723200339335017
AIKOW= 5.46080959960818
AIKOC= 24.7144095844124
AIHalfLife= 11.9159061401151
