ICQueenStrength= 1.10796140530147
RQWkrDrnRatio= 3.5077713727951
ICDroneMiteSurvivorship= 24.2937481729314
ICWorkerMiteSurvivorship= 27.3496305802837
ICForagerLifespan= 6.19070243556052
ImmType= Logarithmic
AIAdultSlope= 1.35257306224667
AIAdultLD50= 0.41728950641118
AIAdultSlopeContact= 1.9203180275741
AIAdultLD50Contact= 0.0381863147253171
AILarvaSlope= 2.23563692555763
AILarvaLD50= 0.803544501378201
AIKOW= 5.50860592583194
AIKOC= 6.82540573878214
AIHalfLife= 0.624350326834247
EAppRate= 0
