ICQueenStrength= 5.32002244167961
RQWkrDrnRatio= 4.78017930686474
ICDroneMiteSurvivorship= 5.25147202424705
ICWorkerMiteSurvivorship= 18.4563534334302
ICForagerLifespan= 11.783668698743
ImmType= Cosine
AIAdultSlope= 2.75471256320598
AIAdultLD50= 0.131028875475749
AIAdultSlopeContact= 2.61720731372014
AIAdultLD50Contact= 0.047850086085964
AILarvaSlope= 1.03386046020314
AILarvaLD50= 0.0174761675298214
AIKOW= 5.11290927883238
AIKOC= 8.63525333814323
AIHalfLife= 2.57329199579544
EAppRate= 0.177210371382534
