ICQueenStrength= 4.00830270163715
RQWkrDrnRatio= 2.42662626877427
ICDroneMiteSurvivorship= 3.41368801891804
ICWorkerMiteSurvivorship= 59.0476950630546
ICForagerLifespan= 13.4217611262575
ImmType= Tangent
AIAdultSlope= 2.60804335316643
AIAdultLD50= 0.272187027381733
AIAdultSlopeContact= 3.55031212457456
AIAdultLD50Contact= 0.00589734491659328
AILarvaSlope= 2.52844702610746
AILarvaLD50= 0.575030629034154
AIKOW= 2.85195065289736
AIKOC= 16.9119056151249
AIHalfLife= 4.46154237119481
EAppRate= 0.82368292636238
