ICQueenStrength= 2.85966554679908
RQWkrDrnRatio= 3.94013058394194
ICDroneMiteSurvivorship= 73.6911732936278
ICWorkerMiteSurvivorship= 53.8958688965067
ICForagerLifespan= 4.75742296874523
ImmType= Cosine
AIAdultSlope= 0.989783210121095
AIAdultLD50= 1.43601547158323
AIAdultSlopeContact= 3.10205459314864
AIAdultLD50Contact= 0.00436029697302729
AILarvaSlope= 1.4833408840932
AILarvaLD50= 0.119364131824113
AIKOW= 7.59067499171942
AIKOC= 26.6977261647116
AIHalfLife= 3.61229264503345
EAppRate= 0.732603562064469
