ICQueenStrength= 1.94425811665133
RQWkrDrnRatio= 2.51878045685589
ICDroneMiteSurvivorship= 9.68995389994234
ICWorkerMiteSurvivorship= 78.6946485983208
ICForagerLifespan= 13.8833619384095
ImmType= Exponential
AIAdultSlope= 0.0951260501984507
AIAdultLD50= 0.0388646295759827
AIAdultSlopeContact= 2.89219319853466
AIAdultLD50Contact= 0.0146488049067557
AILarvaSlope= 3.13283764445223
AILarvaLD50= 0.158303977106698
AIKOW= 3.94173747161403
AIKOC= 12.7845415100455
AIHalfLife= 6.13645861623809
EAppRate= 0.708815854974091
