ICQueenStrength= 1.57384382700548
RQWkrDrnRatio= 2.34993102774024
ICDroneMiteSurvivorship= 77.1578771295026
ICWorkerMiteSurvivorship= 48.6999692162499
ICForagerLifespan= 15.2207109872252
ImmType= Sine
AIAdultSlopeContact= 1.43032381078228
AIAdultLD50Contact= 0.0519492441788316
AILarvaSlope= 5.86112390737981
AILarvaLD50= 1.88798450864851
AIKOW= 32.3457404272631
AIKOC= 71.2814558530226
AIHalfLife= 3.04043394140899
