ICQueenStrength= 5.73847887711599
RQWkrDrnRatio= 3.67268688511103
ICDroneMiteSurvivorship= 98.00561289303
ICWorkerMiteSurvivorship= 40.9331609262154
ICForagerLifespan= 10.7921591959894
ImmType= Polynomial
AIAdultSlopeContact= 0.820201396804769
AIAdultLD50Contact= 0.0397886492894031
AILarvaSlope= 3.17678274316713
AILarvaLD50= 0.260923253651708
AIKOW= 2.77663705125451
AIKOC= 21.5881929220632
AIHalfLife= 3.52652612095699
