ICQueenStrength= 3.14928902569227
RQWkrDrnRatio= 3.59252732340246
ICDroneMiteSurvivorship= 82.1653430582955
ICWorkerMiteSurvivorship= 7.89503706619143
ICForagerLifespan= 4.08464499842376
ImmType= Logarithmic
AIAdultSlope= 0.820422024750151
AIAdultLD50= 0.167464889120311
AIAdultSlopeContact= 0.319137629864272
AIAdultLD50Contact= 0.0368568611214869
AILarvaSlope= 2.57387412763201
AILarvaLD50= 0.419015458412468
AIKOW= 3.59889582358301
AIKOC= 5.01080792280845
AIHalfLife= 3.04885528516024
EAppRate= 0.533096804050729
