ICQueenStrength= 2.57823210582137
RQWkrDrnRatio= 3.67113930732012
ICDroneMiteSurvivorship= 0.269279023632407
ICWorkerMiteSurvivorship= 31.8105684360489
ICForagerLifespan= 9.51178358588368
ImmType= Sine
AIAdultSlope= 1.08695538878208
AIAdultLD50= 0.155736654764041
AIAdultSlopeContact= 3.34773539865855
AIAdultLD50Contact= 0.00273204467957839
AILarvaSlope= 3.32136705899611
AILarvaLD50= 0.721538414130919
AIKOW= 2.41610884992406
AIKOC= 17.3051099886652
AIHalfLife= 4.03135177330114
EAppRate= 0.145788392773829
