ICQueenStrength= 2.58330324338749
RQWkrDrnRatio= 2.57845895644277
ICDroneMiteSurvivorship= 46.7012200970203
ICWorkerMiteSurvivorship= 34.199706162326
ICForagerLifespan= 10.6243754690513
ImmType= Exponential
AIAdultSlope= 2.84032986915903
AIAdultLD50= 0.371368855470791
AIAdultSlopeContact= 1.13511169798672
AIAdultLD50Contact= 0.0468921002116986
AILarvaSlope= 2.39641466699541
AILarvaLD50= 0.0508050763048232
AIKOW= 5.05230727931485
AIKOC= 26.8567811360117
AIHalfLife= 0.556268168147653
EAppRate= 0.292809867509641
