ICQueenStrength= 4.23510470218025
RQWkrDrnRatio= 1.00303160957992
ICDroneMiteSurvivorship= 45.5786651466042
ICWorkerMiteSurvivorship= 59.1674340656027
ICForagerLifespan= 13.8749389862642
ImmType= Exponential
AIAdultSlope= 3.12138641949976
AIAdultLD50= 0.157895745476708
AIAdultSlopeContact= 2.48423757314449
AIAdultLD50Contact= 0.0257236257661134
AILarvaSlope= 1.61134207593277
AILarvaLD50= 0.365757762012072
AIKOW= 3.9642864423804
AIKOC= 6.28038814873435
AIHalfLife= 4.14132127421908
EAppRate= 0.575178369949572
