ICQueenStrength= 2.25990189961158
RQWkrDrnRatio= 2.61813436821103
ICDroneMiteSurvivorship= 31.1049561481923
ICWorkerMiteSurvivorship= 64.050443097949
ICForagerLifespan= 14.9691287698224
ImmType= Logarithmic
AIAdultSlopeContact= 2.54557972751325
AIAdultLD50Contact= 0.00631421497091651
AILarvaSlope= 2.76173688299023
AILarvaLD50= 0.0345635570352897
AIKOW= 5.69802996795624
AIKOC= 25.5728919187095
AIHalfLife= 4.77177807409316
