ICQueenStrength= 5.96480358880945
RQWkrDrnRatio= 3.06123760994524
ICDroneMiteSurvivorship= 76.7929408000782
ICWorkerMiteSurvivorship= 68.4187904000282
ICForagerLifespan= 9.17763136327267
ImmType= Polynomial
AIAdultSlope= 2.55776931643486
AIAdultLD50= 0.580812927335501
AIAdultSlopeContact= 1.48417432065122
AIAdultLD50Contact= 0.048419083841145
AILarvaSlope= 2.7325436163228
AILarvaLD50= 0.598981596739031
AIKOW= 3.26023824699223
AIKOC= 25.9060736524407
AIHalfLife= 9.7057466073893
EAppRate= 0.890925026731566
