ICQueenStrength= 3.81932023703121
RQWkrDrnRatio= 3.00906923227012
ICDroneMiteSurvivorship= 59.1167135164142
ICWorkerMiteSurvivorship= 14.8032148601487
ICForagerLifespan= 7.57486194372177
ImmType= Cosine
AIAdultSlope= 1.45921885114862
AIAdultLD50= 0.240560950827785
AIAdultSlopeContact= 1.55351231809007
AIAdultLD50Contact= 0.00140632729744539
AILarvaSlope= 2.11326908580959
AILarvaLD50= 0.861493689799681
AIKOW= 6.51719108922407
AIKOC= 7.81416929210536
AIHalfLife= 4.70723384642042
EAppRate= 0.578874111082405
