ICQueenStrength= 2.117112506181
RQWkrDrnRatio= 3.15929818339646
ICDroneMiteSurvivorship= 99.4670171290636
ICWorkerMiteSurvivorship= 73.4975073719397
ICForagerLifespan= 13.7631037086248
ImmType= Polynomial
AIAdultSlope= 2.24136233800091
AIAdultLD50= 2.61024719872512
AIAdultSlopeContact= 0.412785981707275
AIAdultLD50Contact= 0.0495844824705273
AILarvaSlope= 1.81415659119375
AILarvaLD50= 0.121094073238783
AIKOW= 6.67288520745933
AIKOC= 23.1742885499261
AIHalfLife= 0.559246481861919
EAppRate= 0.453149115433916
