ICQueenStrength= 5.7752842400223
RQWkrDrnRatio= 3.11116777546704
ICDroneMiteSurvivorship= 13.5632620425895
ICWorkerMiteSurvivorship= 54.1019064607099
ICForagerLifespan= 14.6295951027423
ImmType= Logarithmic
AIAdultSlopeContact= 1.98196488416288
AIAdultLD50Contact= 0.0121674951747991
AILarvaSlope= 2.37773378719576
AILarvaLD50= 0.870161451492459
AIKOW= 2.57944997400045
AIKOC= 25.4061012598686
AIHalfLife= 5.51416442263871
