ICQueenStrength= 4.38800969300792
RQWkrDrnRatio= 3.49720654543489
ICDroneMiteSurvivorship= 61.5098231704906
ICWorkerMiteSurvivorship= 68.1110269390047
ICForagerLifespan= 15.8516694437712
ImmType= Tangent
AIAdultSlopeContact= 1.8644148891326
AIAdultLD50Contact= 0.0262694995617494
AILarvaSlope= 0.901941139483824
AILarvaLD50= 0.455892887385562
AIKOW= 4.37721085781232
AIKOC= 13.4000525006559
AIHalfLife= 1.5325248115696
