ICQueenStrength= 1.94835855881684
RQWkrDrnRatio= 2.21997250989079
ICDroneMiteSurvivorship= 40.9227664815262
ICWorkerMiteSurvivorship= 2.6546964654699
ICForagerLifespan= 9.95152555964887
ImmType= Exponential
AIAdultSlope= 0.0814341079443693
AIAdultLD50= 2.41096070897765
AIAdultSlopeContact= 2.08263919069665
AIAdultLD50Contact= 0.00593929046299309
AILarvaSlope= 1.90757327461615
AILarvaLD50= 0.271898591006175
AIKOW= 2.06157360738143
AIKOC= 23.7886294326745
AIHalfLife= 11.6713804802857
EAppRate= 0.227260196581483
