ICQueenStrength= 3.93663979391567
RQWkrDrnRatio= 1.09754092711955
ICDroneMiteSurvivorship= 90.3381449636072
ICWorkerMiteSurvivorship= 19.3045174935833
ICForagerLifespan= 6.02862963732332
ImmType= Tangent
AIAdultSlope= 7.32089014956728
