ICQueenStrength= 4.94428498111665
RQWkrDrnRatio= 4.16506467666477
ICDroneMiteSurvivorship= 30.1983511308208
ICWorkerMiteSurvivorship= 50.1395628787577
ICForagerLifespan= 15.1326445601881
ImmType= Polynomial
AIAdultSlope= 7.79774721479043
