ICQueenStrength= 1.94405006733723
RQWkrDrnRatio= 2.39937607571483
ICDroneMiteSurvivorship= 8.75629656948149
ICWorkerMiteSurvivorship= 83.4426562534645
ICForagerLifespan= 5.77535620331764
ImmType= Logarithmic
AIAdultSlopeContact= 2.94995115371421
AIAdultLD50Contact= 0.164747887663543
AILarvaSlope= 4.41168028162792
AILarvaLD50= 0.268197373021394
AIKOW= 99.492887663655
AIKOC= 9.71953535918146
AIHalfLife= 6.48629362555221
