ICQueenStrength= 3.18827587203123
RQWkrDrnRatio= 4.27691751718521
ICDroneMiteSurvivorship= 50.7751091849059
ICWorkerMiteSurvivorship= 0.469552027061582
ICForagerLifespan= 13.2089844159782
ImmType= Cosine
AIAdultSlope= 1.29618303366005
AIAdultLD50= 2.41286499635316
AIAdultSlopeContact= 2.50131113018375
AIAdultLD50Contact= 0.011613099835813
AILarvaSlope= 0.411839249450713
AILarvaLD50= 0.325857201428153
AIKOW= 2.21708704950288
AIKOC= 28.1381843914278
AIHalfLife= 0.600551578216255
EAppRate= 0.440683915978298
