ICQueenStrength= 1.45619933865964
RQWkrDrnRatio= 1.9778013266623
ICDroneMiteSurvivorship= 10.9909171005711
ICWorkerMiteSurvivorship= 17.2730234684423
ICForagerLifespan= 7.86992738209665
ImmType= Tangent
AIAdultSlopeContact= 1.33195651231566
AIAdultLD50Contact= 0.045898916083388
AILarvaSlope= 2.71613563601859
AILarvaLD50= 0.711949090473354
AIKOW= 2.2354771643877
AIKOC= 25.3128919005394
AIHalfLife= 9.28873626701534
