ICQueenStrength= 4.81662595784292
RQWkrDrnRatio= 2.28360243886709
ICDroneMiteSurvivorship= 98.8977674627677
ICWorkerMiteSurvivorship= 46.4887725654989
ICForagerLifespan= 14.5078900838271
ImmType= Polynomial
AIAdultSlopeContact= 0.145404060620349
AIAdultLD50Contact= 0.0258651212556288
AILarvaSlope= 2.70847664745525
AILarvaLD50= 0.539556341757998
AIKOW= 4.27873017732054
AIKOC= 8.76944953459315
AIHalfLife= 8.70316810160875
