ICQueenStrength= 2.97465005214326
RQWkrDrnRatio= 1.97134698275477
ICDroneMiteSurvivorship= 56.5679254941642
ICWorkerMiteSurvivorship= 35.9039096161723
ICForagerLifespan= 5.62625871691853
ImmType= Tangent
AIAdultSlope= 1.51717131268233
AIAdultLD50= 0.0393901818897575
AIAdultSlopeContact= 1.35662617302267
AIAdultLD50Contact= 0.0317466169130057
AILarvaSlope= 2.69380908380263
AILarvaLD50= 0.413137830072083
AIKOW= 7.79366052988917
AIKOC= 5.85351019515656
AIHalfLife= 9.12758843274787
EAppRate= 0.316393031040207
