ICQueenStrength= 1.75617634109221
RQWkrDrnRatio= 2.25605541933328
ICDroneMiteSurvivorship= 83.2680807681754
ICWorkerMiteSurvivorship= 69.2401675041765
ICForagerLifespan= 13.8724377676845
ImmType= Tangent
AIAdultSlopeContact= 1.02285712593002
AIAdultLD50Contact= 0.043518573557958
AILarvaSlope= 0.38068391373381
AILarvaLD50= 0.175611087935977
AIKOW= 7.89435692038387
AIKOC= 18.0282855185214
AIHalfLife= 13.8080282434821
