ICQueenStrength= 4.75275090523064
RQWkrDrnRatio= 4.57231891900301
