ICQueenStrength= 5.16958979447372
RQWkrDrnRatio= 4.37229594774544
ICDroneMiteSurvivorship= 75.6874839542434
ICWorkerMiteSurvivorship= 91.1844136891887
ICForagerLifespan= 7.02244740724564
ImmType= Tangent
AIAdultSlopeContact= 1.9566881285375
AIAdultLD50Contact= 0.0317674847668968
AILarvaSlope= 2.72636909568682
AILarvaLD50= 0.0517032515024766
AIKOW= 5.69194183126092
AIKOC= 19.8715222370811
AIHalfLife= 11.9415550460108
