ICQueenStrength= 1.70470364764333
RQWkrDrnRatio= 4.38985720742494
ICDroneMiteSurvivorship= 14.0160877257586
ICWorkerMiteSurvivorship= 88.3975114207715
ICForagerLifespan= 7.3172295987606
ImmType= Logarithmic
AIAdultSlope= 2.85965837854659
AIAdultLD50= 0.3181050226558
AIAdultSlopeContact= 3.11808411554899
AIAdultLD50Contact= 0.0301801312365569
AILarvaSlope= 0.387717782799155
AILarvaLD50= 0.139095769543201
AIKOW= 6.35454776696861
AIKOC= 7.60691728908569
AIHalfLife= 4.23484641127288
EAppRate= 0.283074768376537
