ICQueenStrength= 5.11121242213994
RQWkrDrnRatio= 3.8978927526623
ICDroneMiteSurvivorship= 1.53763091657311
ICWorkerMiteSurvivorship= 11.1935186898336
ICForagerLifespan= 5.75085806846619
ImmType= Exponential
AIAdultSlope= 0.372068560821936
AIAdultLD50= 0.688455202616751
AIAdultSlopeContact= 3.08858214860782
AIAdultLD50Contact= 0.0322582243243232
AILarvaSlope= 1.57354340231977
AILarvaLD50= 0.673205226031132
AIKOW= 6.58760371664539
AIKOC= 23.170910817571
AIHalfLife= 11.7092749387957
EAppRate= 0.12319063115865
