ICQueenStrength= 4.56082626036368
RQWkrDrnRatio= 3.94726170413196
ICDroneMiteSurvivorship= 11.747015779838
ICWorkerMiteSurvivorship= 18.5615010093898
ICForagerLifespan= 9.58417558018118
ImmType= Polynomial
AIAdultSlope= 2.53951605368871
AIAdultLD50= 0.0982911945320666
AIAdultSlopeContact= 2.84651544802822
AIAdultLD50Contact= 0.0485593513469212
AILarvaSlope= 3.15687736086547
AILarvaLD50= 0.366018938133493
AIKOW= 3.71616583503783
AIKOC= 26.7726940056309
AIHalfLife= 1.46403463324532
EAppRate= 0.0972533229039982
