ICQueenStrength= 3.63653953792527
RQWkrDrnRatio= 3.89802813436836
ICDroneMiteSurvivorship= 30.1733257248998
ICWorkerMiteSurvivorship= 60.1324246963486
ICForagerLifespan= 11.1670065615326
ImmType= Polynomial
AIAdultSlope= 3.46153114270186
AIAdultLD50= 0.402224189252593
AIAdultSlopeContact= 3.10010499451775
AIAdultLD50Contact= 0.0089270141441375
AILarvaSlope= 3.15174884018488
AILarvaLD50= 0.273819520999677
AIKOW= 3.6449636016041
AIKOC= 24.3960218050051
AIHalfLife= 2.80400412506424
EAppRate= 0
