ICQueenStrength= 2.60180620383471
RQWkrDrnRatio= 2.21491880342364
ICDroneMiteSurvivorship= 41.5928260423243
ICWorkerMiteSurvivorship= 32.5473672477528
ICForagerLifespan= 5.43184520862997
ImmType= Cosine
AIAdultSlope= 1.87351275834488
AIAdultLD50= 0.472617256455123
AIAdultSlopeContact= 2.02529211076442
AIAdultLD50Contact= 0.0471706946264021
AILarvaSlope= 1.56566098495387
AILarvaLD50= 0.398897010320798
AIKOW= 7.75480667036027
AIKOC= 9.34476674417965
AIHalfLife= 2.88461879943497
EAppRate= 0.268781567015685
