ICQueenStrength= 3.18911645933986
RQWkrDrnRatio= 4.54934478085488
ICDroneMiteSurvivorship= 77.4431383702904
ICWorkerMiteSurvivorship= 7.09167644381523
ICForagerLifespan= 15.9523546863347
ImmType= Tangent
AIAdultSlope= 1.0377248021774
AIAdultLD50= 1.57962972088717
AIAdultSlopeContact= 0.0390316526521929
AIAdultLD50Contact= 0.00841804402880371
AILarvaSlope= 1.9721263308078
AILarvaLD50= 0.11853622358758
AIKOW= 4.82298014080152
AIKOC= 24.6748875430785
AIHalfLife= 12.0371894645505
EAppRate= 0.969731189543381
