ICQueenStrength= 2.23376492061652
RQWkrDrnRatio= 2.21478222310543
ICDroneMiteSurvivorship= 34.2330198269337
ICWorkerMiteSurvivorship= 82.2244820883498
ICForagerLifespan= 9.67646249663085
ImmType= Logarithmic
AIAdultSlope= 0.998957369010895
