ICQueenStrength= 5.14462144486606
RQWkrDrnRatio= 2.4286570334807
ICDroneMiteSurvivorship= 7.69184126984328
ICWorkerMiteSurvivorship= 96.1698007071391
ICForagerLifespan= 15.5610339809209
ImmType= Tangent
AIAdultSlope= 2.12879586033523
