ICQueenStrength= 5.72423502476886
RQWkrDrnRatio= 3.2813653498888
ICDroneMiteSurvivorship= 6.22519780881703
ICWorkerMiteSurvivorship= 90.0628044968471
ICForagerLifespan= 9.9134972281754
ImmType= Tangent
AIAdultSlopeContact= 1.85358529135119
AIAdultLD50Contact= 0.0183082875213586
AILarvaSlope= 1.94100526608527
AILarvaLD50= 0.580657475232147
AIKOW= 4.4948934908025
AIKOC= 22.4270668125246
AIHalfLife= 2.09754218626767
