ICQueenStrength= 5.73541626823135
RQWkrDrnRatio= 2.67055234778672
ICDroneMiteSurvivorship= 23.1642477912828
ICWorkerMiteSurvivorship= 76.0661248583347
ICForagerLifespan= 9.86578174959868
ImmType= Sine
AIAdultSlope= 1.70981132448651
AIAdultLD50= 1.93679398228414
AIAdultSlopeContact= 2.53716648323927
AIAdultLD50Contact= 0.0194382891175337
AILarvaSlope= 1.90722473515198
AILarvaLD50= 0.793852044059895
AIKOW= 2.78884281078354
AIKOC= 5.26084102573805
AIHalfLife= 10.878655618988
EAppRate= 0.290303625166416
