ICQueenStrength= 5.67238641576841
RQWkrDrnRatio= 2.38604398723692
ICDroneMiteSurvivorship= 46.4239463210106
ICWorkerMiteSurvivorship= 97.2620458807796
ICForagerLifespan= 4.72538049798459
ImmType= Polynomial
AIAdultSlopeContact= 0.800329302514438
AIAdultLD50Contact= 0.00132943452335894
AILarvaSlope= 1.35448967232369
AILarvaLD50= 0.226646408834495
AIKOW= 4.61031380482018
AIKOC= 17.7416372823063
AIHalfLife= 13.4318546005525
