ICQueenStrength= 3.7600101812277
RQWkrDrnRatio= 4.08047191705555
ICDroneMiteSurvivorship= 44.2343139555305
ICWorkerMiteSurvivorship= 33.3955686772242
ICForagerLifespan= 11.0373846618459
ImmType= Exponential
AIAdultSlope= 2.67352266823873
AIAdultLD50= 0.0765100917778909
AIAdultSlopeContact= 2.89806320377858
AIAdultLD50Contact= 0.0466297679115087
AILarvaSlope= 0.410339750163257
AILarvaLD50= 0.832686276943423
AIKOW= 7.82966842036694
AIKOC= 17.3568502138369
AIHalfLife= 3.20414276188239
EAppRate= 0.411933802068233
