ICQueenStrength= 2.48672415874898
RQWkrDrnRatio= 1.12107705138624
ICDroneMiteSurvivorship= 34.745737281628
ICWorkerMiteSurvivorship= 71.8113910406828
ICForagerLifespan= 10.7267007343471
ImmType= Logarithmic
AIAdultSlope= 2.71711229150416
AIAdultLD50= 0.425346504547633
AIAdultSlopeContact= 2.68524236578261
AIAdultLD50Contact= 0.0312796402140521
AILarvaSlope= 0.479590035928413
AILarvaLD50= 0.70665311277844
AIKOW= 4.50544515438378
AIKOC= 22.9487201501615
AIHalfLife= 3.38706050766632
EAppRate= 0.13710433950182
