ICQueenStrength= 3.20226142671891
RQWkrDrnRatio= 1.27417595311999
ICDroneMiteSurvivorship= 51.4332838822156
ICWorkerMiteSurvivorship= 46.5489087393507
ICForagerLifespan= 4.03089739941061
ImmType= Cosine
AIAdultSlopeContact= 1.82320519834058
AIAdultLD50Contact= 0.0144922816776671
AILarvaSlope= 1.86084522423334
AILarvaLD50= 0.252201132592745
AIKOW= 3.69659120216966
AIKOC= 14.0984053560533
AIHalfLife= 1.26191219408065
