ICQueenStrength= 4.26183927478269
RQWkrDrnRatio= 1.16769958753139
ICDroneMiteSurvivorship= 13.0012508481741
ICWorkerMiteSurvivorship= 22.4787441082299
ICForagerLifespan= 6.97579790558666
ImmType= Cosine
AIAdultLD50= 0.154012839635834
AIAdultSlopeContact= 0.941885513383895
AIAdultLD50Contact= 0.0137320869369432
AILarvaSlope= 0.152175397286192
AILarvaLD50= 0.354460514103994
AIKOW= 6.72865474643186
AIKOC= 10.0483889121097
AIHalfLife= 11.7096721441485
EAppRate= 0.107646645978093
