ICQueenStrength= 3.65063200611621
RQWkrDrnRatio= 1.11077311262488
ICDroneMiteSurvivorship= 54.9162992974743
ICWorkerMiteSurvivorship= 12.3646202031523
ICForagerLifespan= 8.11445382516831
ImmType= Cosine
AIAdultSlope= 0.528156203711405
AIAdultLD50= 0.0089916589204222
AIAdultSlopeContact= 0.332014175725635
AIAdultLD50Contact= 0.0372775446623564
AILarvaSlope= 2.67888490725309
AILarvaLD50= 0.810355335194618
AIKOW= 2.11971867829561
AIKOC= 28.6731114448048
AIHalfLife= 3.75224705552682
EAppRate= 0.654222847474739
