ICQueenStrength= 4.88696813839488
RQWkrDrnRatio= 3.75008956715465
ICDroneMiteSurvivorship= 26.5657371841371
ICWorkerMiteSurvivorship= 19.7122994344682
ICForagerLifespan= 5.32215676829219
ImmType= Sine
AIAdultSlope= 1.14642122490332
AIAdultLD50= 1.88358850241639
AIAdultSlopeContact= 3.89893126051873
AIAdultLD50Contact= 0.0302578122122213
AILarvaSlope= 2.23350480217487
AILarvaLD50= 0.291057619429193
AIKOW= 5.82578756613657
AIKOC= 14.7161586687434
AIHalfLife= 0.208040319383144
EAppRate= 0.781635896768421
