ICQueenStrength= 3.52119744080119
RQWkrDrnRatio= 4.8587327580899
ICDroneMiteSurvivorship= 51.2874391628429
ICWorkerMiteSurvivorship= 7.03451100271195
ICForagerLifespan= 5.54689369164407
ImmType= Tangent
AIAdultSlope= 1.46540558445267
AIAdultLD50= 1.43286463036202
AIAdultSlopeContact= 2.57972656799946
AIAdultLD50Contact= 0.0138291346374899
AILarvaSlope= 2.01972731626593
AILarvaLD50= 0.670896717673168
AIKOW= 7.73156903684139
AIKOC= 7.68295016139746
AIHalfLife= 7.06708624213934
EAppRate= 0.867761982604861
