ICQueenStrength= 1.57547347387299
RQWkrDrnRatio= 1.7979092663154
ICDroneMiteSurvivorship= 30.3117590723559
ICWorkerMiteSurvivorship= 36.3424822455272
ICForagerLifespan= 15.066064806655
ImmType= Cosine
AIAdultSlope= 1.44570034427801
AIAdultLD50= 0.189393715118058
AIAdultSlopeContact= 3.723725093049
AIAdultLD50Contact= 0.0253471418749541
AILarvaSlope= 2.86571981618181
AILarvaLD50= 0.373940036538988
AIKOW= 3.39456095825881
AIKOC= 22.3461166385096
AIHalfLife= 2.50225009513088
EAppRate= 0.0369337786920369
