ICQueenStrength= 2.64387588738464
RQWkrDrnRatio= 4.29300838336349
ICDroneMiteSurvivorship= 57.7097251312807
ICWorkerMiteSurvivorship= 53.504088241607
ICForagerLifespan= 12.8348925421014
ImmType= Polynomial
AIAdultSlope= 0.687323944678064
AIAdultLD50= 0.0781416399404407
AIAdultSlopeContact= 0.722882494919468
AIAdultLD50Contact= 0.0262769707944244
AILarvaSlope= 1.56662645852193
AILarvaLD50= 0.314191652694717
AIKOW= 3.39700577221811
AIKOC= 6.4995765988715
AIHalfLife= 3.69598048739135
EAppRate= 0.256149506499059
