ICQueenStrength= 4.8740862137638
RQWkrDrnRatio= 1.32751134876162
ICDroneMiteSurvivorship= 34.9908203817904
ICWorkerMiteSurvivorship= 90.6329023884609
ICForagerLifespan= 15.5348373316228
ImmType= Polynomial
AIAdultSlope= 2.63856239640154
AIAdultLD50= 1.90808300301433
AIAdultSlopeContact= 2.0028778324672
AIAdultLD50Contact= 0.0232843774021603
AILarvaSlope= 1.55181816546246
AILarvaLD50= 0.650828402373008
AIKOW= 7.66023803222924
AIKOC= 19.5754870958626
AIHalfLife= 7.25538015272468
EAppRate= 0.790290909819305
