ICQueenStrength= 5.82114942045882
RQWkrDrnRatio= 4.44490976445377
ICDroneMiteSurvivorship= 43.6434495495632
ICWorkerMiteSurvivorship= 17.5860940478742
ICForagerLifespan= 4.84279297105968
ImmType= Sine
AIAdultSlope= 1.56532254480757
AIAdultLD50= 0.345067943911999
AIAdultSlopeContact= 2.84700477472739
AIAdultLD50Contact= 0.014466947002802
AILarvaSlope= 0.482660472253337
AILarvaLD50= 0.883224894851446
AIKOW= 2.75097687868401
AIKOC= 16.3186395261437
AIHalfLife= 2.62685518944636
EAppRate= 0.180607364745811
