ICQueenStrength= 1.44576731161214
RQWkrDrnRatio= 2.94037686567754
ICDroneMiteSurvivorship= 75.006253272295
ICWorkerMiteSurvivorship= 22.4961064523086
ICForagerLifespan= 5.63138088118285
ImmType= Logarithmic
AIAdultSlopeContact= 1.79984025358222
AIAdultLD50Contact= 0.0378997915773653
AILarvaSlope= 0.342333282530308
AILarvaLD50= 0.558624287392013
AIKOW= 3.31830102996901
AIKOC= 16.9740811758675
AIHalfLife= 9.19118950562552
