ICQueenStrength= 5.91453743539751
RQWkrDrnRatio= 1.20800715871155
ICDroneMiteSurvivorship= 73.2174484292045
ICWorkerMiteSurvivorship= 10.2726028067991
ICForagerLifespan= 15.0629229312763
ImmType= Polynomial
AIAdultSlope= 0.92890154548455
AIAdultLD50= 0.350735884392634
AIAdultSlopeContact= 2.27375126259634
AIAdultLD50Contact= 0.0157060449826531
AILarvaSlope= 1.83325259634294
AILarvaLD50= 0.808514719340019
AIKOW= 3.29807521263137
AIKOC= 9.87908901995979
AIHalfLife= 2.99037618562579
EAppRate= 0.629030330711976
