ICQueenStrength= 2.44467155798338
RQWkrDrnRatio= 2.5369369238615
ICDroneMiteSurvivorship= 66.3000134984031
ICWorkerMiteSurvivorship= 80.8099284535274
ICForagerLifespan= 13.4832344148308
ImmType= Exponential
AIAdultSlope= 0.722606869740412
AIAdultLD50= 1.10343547468074
AIAdultSlopeContact= 2.74576096613891
AIAdultLD50Contact= 0.0271231197286397
AILarvaSlope= 2.59983984115534
AILarvaLD50= 0.536610723263584
AIKOW= 5.99763258220628
AIKOC= 24.801793229999
AIHalfLife= 6.90416318783537
EAppRate= 0.936464234720916
