ICQueenStrength= 5.21247227233835
RQWkrDrnRatio= 2.43481641728431
ICDroneMiteSurvivorship= 77.6614075992256
ICWorkerMiteSurvivorship= 42.3556692898273
ICForagerLifespan= 6.40193846262991
ImmType= Logarithmic
AIAdultSlope= 1.35717344456352
AIAdultLD50= 2.64660596335307
AIAdultSlopeContact= 1.44093378254911
AIAdultLD50Contact= 0.0271458539064042
AILarvaSlope= 0.360957184387371
AILarvaLD50= 0.0588491397444159
AIKOW= 6.39275133330375
AIKOC= 26.0233355115633
AIHalfLife= 10.718852922786
EAppRate= 0.307526918128133
