ICQueenStrength= 2.26921055139974
RQWkrDrnRatio= 1.93953004013747
ICDroneMiteSurvivorship= 84.9405806744471
ICWorkerMiteSurvivorship= 5.74665439780802
ICForagerLifespan= 5.9807808836922
ImmType= Exponential
AIAdultSlope= 1.67403303086758
