ICQueenStrength= 4.66911991732195
RQWkrDrnRatio= 2.7188526391983
ICDroneMiteSurvivorship= 56.5285810735077
ICWorkerMiteSurvivorship= 70.8920660661533
ICForagerLifespan= 14.7046802667901
ImmType= Logarithmic
AIAdultSlopeContact= 1.81554761235137
AIAdultLD50Contact= 0.0324209113139659
AILarvaSlope= 1.68894379343837
AILarvaLD50= 0.238186469161883
AIKOW= 2.13141843909398
AIKOC= 25.2610794862267
AIHalfLife= 1.83378607779741
