ICQueenStrength= 2.04758230224252
RQWkrDrnRatio= 4.91479005850852
