ICQueenStrength= 1.90155145851895
RQWkrDrnRatio= 2.19170162919909
ICDroneMiteSurvivorship= 41.5324600413442
ICWorkerMiteSurvivorship= 55.2780526457354
ICForagerLifespan= 15.3028655154631
ImmType= Logarithmic
AIAdultSlopeContact= 3.33476836094633
AIAdultLD50Contact= 0.0395276194438338
AILarvaSlope= 5.93741536373273
AILarvaLD50= 1.70113465981558
AIKOW= 38.7658694526181
AIKOC= 62.0371283032
AIHalfLife= 4.45464456267655
