ICQueenStrength= 3.74692760780454
RQWkrDrnRatio= 1.27153352554888
ICDroneMiteSurvivorship= 63.1874112645164
ICWorkerMiteSurvivorship= 69.4179729092866
ICForagerLifespan= 5.47695208247751
ImmType= Tangent
AIAdultSlope= 3.13185092289932
AIAdultLD50= 1.08913846733049
AIAdultSlopeContact= 1.07962665982777
AIAdultLD50Contact= 0.0454798229038715
AILarvaSlope= 1.53480741954409
AILarvaLD50= 0.0623231431469321
AIKOW= 3.51078537339345
AIKOC= 28.5756901616696
AIHalfLife= 3.88125796336681
EAppRate= 0.903507148381323
