ICQueenStrength= 4.38454217649996
RQWkrDrnRatio= 3.30135369859636
ICDroneMiteSurvivorship= 69.2247305996716
ICWorkerMiteSurvivorship= 63.4105062345043
ICForagerLifespan= 13.1163115967065
ImmType= Cosine
AIAdultSlope= 0.534095583362505
AIAdultLD50= 0.0784847722388804
AIAdultSlopeContact= 0.84147854038747
AIAdultLD50Contact= 0.00919548625824973
AILarvaSlope= 2.61070483326912
AILarvaLD50= 0.811284619197249
AIKOW= 2.11246118508279
AIKOC= 16.1021247983444
AIHalfLife= 3.50422705174424
EAppRate= 0.542639470659196
