ICQueenStrength= 2.19002508115955
RQWkrDrnRatio= 3.34098025318235
ICDroneMiteSurvivorship= 22.3841779399663
ICWorkerMiteSurvivorship= 37.2780077392235
ICForagerLifespan= 6.45403248537332
ImmType= Logarithmic
AIAdultSlope= 0.448729544947855
AIAdultLD50= 0.347266989643686
AIAdultSlopeContact= 2.00240672207437
AIAdultLD50Contact= 0.0134368678554893
AILarvaSlope= 0.943206055974588
AILarvaLD50= 0.853357203723863
AIKOW= 6.51423463132232
AIKOC= 17.8640436276328
AIHalfLife= 2.83402587403543
EAppRate= 0.135202616197057
