ICQueenStrength= 1.08870183024555
RQWkrDrnRatio= 2.69509089458734
ICDroneMiteSurvivorship= 48.6271311761811
ICWorkerMiteSurvivorship= 80.1076782401651
ICForagerLifespan= 5.7385450610891
ImmType= Sine
AIAdultSlope= 2.62201378722675
AIAdultLD50= 0.874631834914908
AIAdultSlopeContact= 1.82990414709086
AIAdultLD50Contact= 0.0298565871664323
AILarvaSlope= 2.85820860010572
AILarvaLD50= 0.789764066459611
AIKOW= 3.03162232413888
AIKOC= 24.0787116764113
AIHalfLife= 2.59019533731043
EAppRate= 0.797693464672193
