ICQueenStrength= 3.7111104351934
RQWkrDrnRatio= 3.72305939439684
ICDroneMiteSurvivorship= 78.0926453182474
ICWorkerMiteSurvivorship= 0.205059116706252
ICForagerLifespan= 11.852298383601
ImmType= Tangent
AIAdultSlope= 1.66312087465776
AIAdultLD50= 0.00793336750939488
AIAdultSlopeContact= 2.31240318377037
AIAdultLD50Contact= 0.0372629562974907
AILarvaSlope= 0.668831404810771
AILarvaLD50= 0.775885563483462
AIKOW= 7.81808612775058
AIKOC= 15.1304667536169
AIHalfLife= 2.08966666948982
EAppRate= 0
