ICQueenStrength= 2.72826847760007
RQWkrDrnRatio= 1.74552610516548
ICDroneMiteSurvivorship= 89.2380136996508
ICWorkerMiteSurvivorship= 31.0827421955764
ICForagerLifespan= 5.68337076436728
ImmType= Sine
AIAdultSlopeContact= 3.8125156863383
AIAdultLD50Contact= 0.0196777176810429
AILarvaSlope= 1.45217194035649
AILarvaLD50= 0.366587422904558
AIKOW= 6.00748976459727
AIKOC= 14.3312804528978
AIHalfLife= 1.45234583923593
