ICQueenStrength= 4.95612235181034
RQWkrDrnRatio= 4.17434961441904
ICDroneMiteSurvivorship= 31.6049267770723
ICWorkerMiteSurvivorship= 34.5899862702936
ICForagerLifespan= 10.0468490161002
ImmType= Exponential
AIAdultSlope= 1.11400431431131
AIAdultLD50= 0.0721645328449085
AIAdultSlopeContact= 3.83812517687213
AIAdultLD50Contact= 0.0454485681257211
AILarvaSlope= 2.78318144474179
AILarvaLD50= 0.112900104071014
AIKOW= 7.3403517473489
AIKOC= 5.80590849975124
AIHalfLife= 0.571452459553257
EAppRate= 0.256565321888775
