ICQueenStrength= 2.60063807852566
RQWkrDrnRatio= 2.7432278348133
ICDroneMiteSurvivorship= 48.4747951151803
ICWorkerMiteSurvivorship= 4.1601087199524
ICForagerLifespan= 6.23437631409615
ImmType= Exponential
AIAdultSlope= 0.34696513582021
AIAdultLD50= 1.23319939384237
AIAdultSlopeContact= 1.18594102962641
AIAdultLD50Contact= 0.0461740435333923
AILarvaSlope= 2.79661110844463
AILarvaLD50= 0.805929559352808
AIKOW= 2.00676836865023
AIKOC= 29.8062882223167
AIHalfLife= 9.86305354582146
EAppRate= 0.174825097667053
