ICQueenStrength= 3.21213776385412
RQWkrDrnRatio= 1.27445229329169
ICDroneMiteSurvivorship= 3.53904960211366
ICWorkerMiteSurvivorship= 81.4424754586071
ICForagerLifespan= 15.1231479197741
ImmType= Exponential
AIAdultSlope= 2.68529164991342
AIAdultLD50= 0.277450738474727
AIAdultSlopeContact= 0.202479358166456
AIAdultLD50Contact= 0.0449301679502241
AILarvaSlope= 0.109691174514592
AILarvaLD50= 0.482123716198839
AIKOW= 7.17649060580879
AIKOC= 12.0206574222539
AIHalfLife= 0.357179205166176
EAppRate= 0
