ICQueenStrength= 2.41991044627503
RQWkrDrnRatio= 1.32796092331409
ICDroneMiteSurvivorship= 93.0879791267216
ICWorkerMiteSurvivorship= 90.1230583898723
ICForagerLifespan= 6.48647409118712
ImmType= Logarithmic
AIAdultSlope= 2.00983375667827
AIAdultLD50= 0.291394423693419
AIAdultSlopeContact= 0.481427910912316
AIAdultLD50Contact= 0.0439673898508772
AILarvaSlope= 0.636545920278877
AILarvaLD50= 0.191581884096377
AIKOW= 5.56904571317136
AIKOC= 28.6733243393246
AIHalfLife= 0.547409665305167
EAppRate= 0.425196807365865
