ICQueenStrength= 4.81145624560304
RQWkrDrnRatio= 1.0346129629761
ICDroneMiteSurvivorship= 28.6925046006218
ICWorkerMiteSurvivorship= 51.8779943464324
ICForagerLifespan= 9.64935136493295
ImmType= Exponential
AIAdultSlopeContact= 9.43542342633009
AIAdultLD50Contact= 0.0933064788579941
AILarvaSlope= 2.92088675778359
AILarvaLD50= 1.27638742048293
AIKOW= 30.6549715576693
AIKOC= 40.4109271010384
AIHalfLife= 4.44481448316947
