ICQueenStrength= 2.67554968618788
RQWkrDrnRatio= 3.8635192560032
ICDroneMiteSurvivorship= 15.6272961059585
ICWorkerMiteSurvivorship= 90.2382521890104
ICForagerLifespan= 10.4934476017952
ImmType= Logarithmic
AIAdultSlope= 1.79711118407082
AIAdultLD50= 0.163731673033908
AIAdultSlopeContact= 1.82988098873757
AIAdultLD50Contact= 0.00575516114477068
AILarvaSlope= 2.08235680642538
AILarvaLD50= 0.701754584815353
AIKOW= 7.20618847524747
AIKOC= 27.5724894087762
AIHalfLife= 2.19249458983541
EAppRate= 0.240640662843361
