ICQueenStrength= 2.56662186956964
RQWkrDrnRatio= 1.373115866445
ICDroneMiteSurvivorship= 72.0211813459173
ICWorkerMiteSurvivorship= 1.71212588902563
ICForagerLifespan= 13.9462093310431
ImmType= Exponential
AIAdultSlopeContact= 0.0534715012810193
AIAdultLD50Contact= 0.0309421841404401
AILarvaSlope= 1.459963552095
AILarvaLD50= 0.843253468419425
AIKOW= 5.02298480458558
AIKOC= 14.5741580007598
AIHalfLife= 0.481679016724229
