ICQueenStrength= 1.43205191614106
RQWkrDrnRatio= 2.96526150032878
ICDroneMiteSurvivorship= 0.598144088871777
ICWorkerMiteSurvivorship= 95.7368692616001
ICForagerLifespan= 6.54837872646749
ImmType= Tangent
AIAdultSlope= 2.8640754421195
AIAdultLD50= 0.0490566331427544
AIAdultSlopeContact= 0.809790087800939
AIAdultLD50Contact= 0.0475951848551631
AILarvaSlope= 1.8154224164784
AILarvaLD50= 0.222221755958162
AIKOW= 7.01298294728622
AIKOC= 14.0017913549673
AIHalfLife= 4.3946444184985
EAppRate= 0.529527655011043
