ICQueenStrength= 4.04228216060437
RQWkrDrnRatio= 1.90044492296875
ICDroneMiteSurvivorship= 97.8722685482353
ICWorkerMiteSurvivorship= 69.2050120094791
ICForagerLifespan= 13.8976983595639
ImmType= Tangent
AIAdultSlope= 3.38760143551044
AIAdultLD50= 1.71141130104661
AIAdultSlopeContact= 1.56091930176364
AIAdultLD50Contact= 0.0039977663080208
AILarvaSlope= 0.501912696519867
AILarvaLD50= 0.458073914959095
AIKOW= 5.39487607544288
AIKOC= 5.46858034329489
AIHalfLife= 1.36747016198933
EAppRate= 0.901841375976801
