ICQueenStrength= 1.68449248909019
RQWkrDrnRatio= 1.61643649823964
ICDroneMiteSurvivorship= 81.6006894921884
ICWorkerMiteSurvivorship= 86.9031100999564
ICForagerLifespan= 15.6470044320449
ImmType= Tangent
AIAdultSlope= 2.12629778394476
AIAdultLD50= 1.70932931522839
AIAdultSlopeContact= 3.72124860322103
AIAdultLD50Contact= 0.0236494832555763
AILarvaSlope= 1.87204458573833
AILarvaLD50= 0.177557700499892
AIKOW= 4.24662530329078
AIKOC= 7.51429468626156
AIHalfLife= 2.30238576792181
EAppRate= 0.608926674583927
