ICQueenStrength= 4.96008190978318
RQWkrDrnRatio= 3.81708207726479
