ICQueenStrength= 4.51939552347176
RQWkrDrnRatio= 3.8063273569569
ICDroneMiteSurvivorship= 87.9112579394132
ICWorkerMiteSurvivorship= 91.855727811344
ICForagerLifespan= 7.08920208271593
ImmType= Exponential
AIAdultLD50= 0.154012839635834
AIAdultSlopeContact= 3.62137203694554
AIAdultLD50Contact= 0.00583568820729852
AILarvaSlope= 1.07151361824945
AILarvaLD50= 0.362872698158026
AIKOW= 6.64275599969551
AIKOC= 6.04164473596029
AIHalfLife= 9.59375189896673
EAppRate= 0.0104570407420397
