ICQueenStrength= 2.00841259351
RQWkrDrnRatio= 3.17735116463155
ICDroneMiteSurvivorship= 95.3784969868138
ICWorkerMiteSurvivorship= 94.3935824558139
ICForagerLifespan= 12.7423720611259
ImmType= Exponential
AIAdultSlope= 2.46319939093664
AIAdultLD50= 0.373281579231843
AIAdultSlopeContact= 2.31111948044272
AIAdultLD50Contact= 0.0115822330582887
AILarvaSlope= 0.0557862568646669
AILarvaLD50= 0.412087116600014
AIKOW= 3.08526613702998
AIKOC= 28.5935409902595
AIHalfLife= 6.90546365268528
EAppRate= 0.570790776284412
