ICQueenStrength= 5.80300385737792
RQWkrDrnRatio= 2.97444463148713
ICDroneMiteSurvivorship= 5.17775979824364
ICWorkerMiteSurvivorship= 39.9813262512907
ICForagerLifespan= 14.945715543814
ImmType= Sine
AIAdultSlopeContact= 1.50581013733987
AIAdultLD50Contact= 0.0268668622011319
AILarvaSlope= 3.1000325195957
AILarvaLD50= 0.671216356102377
AIKOW= 7.30387392267585
AIKOC= 6.62149990792386
AIHalfLife= 6.58375089708716
