ICQueenStrength= 5.87025112030096
RQWkrDrnRatio= 2.13941316399723
ICDroneMiteSurvivorship= 62.1130409883335
ICWorkerMiteSurvivorship= 61.3212429918349
ICForagerLifespan= 11.4171225214377
ImmType= Sine
AIAdultSlopeContact= 2.68512545036618
AIAdultLD50Contact= 0.0288497607572936
AILarvaSlope= 0.592965265549719
AILarvaLD50= 0.632416250137612
AIKOW= 5.66553670307621
AIKOC= 6.68454239028506
AIHalfLife= 8.94156811339781
