ICQueenStrength= 1.97060862462968
RQWkrDrnRatio= 4.90167987626046
ICDroneMiteSurvivorship= 69.4504282204434
ICWorkerMiteSurvivorship= 62.7435780595988
ICForagerLifespan= 8.27861168887466
ImmType= Sine
AIAdultSlope= 2.92082414263859
AIAdultLD50= 1.92879143846221
AIAdultSlopeContact= 3.10818269018317
AIAdultLD50Contact= 0.0314945196616463
AILarvaSlope= 1.36221761452034
AILarvaLD50= 0.370504831080325
AIKOW= 2.1243938091211
AIKOC= 16.6296821041033
AIHalfLife= 13.0401104204357
EAppRate= 0.753136259038001
