ICQueenStrength= 5.36453505419195
RQWkrDrnRatio= 1.05531834531575
ICDroneMiteSurvivorship= 81.7358118481934
ICWorkerMiteSurvivorship= 95.3772051027045
ICForagerLifespan= 5.47289169579744
ImmType= Tangent
AIAdultSlopeContact= 3.2148228525999
AIAdultLD50Contact= 0.00637299737427384
AILarvaSlope= 3.16166406534612
AILarvaLD50= 0.520721783093177
AIKOW= 6.14096992556006
AIKOC= 20.1468814059626
AIHalfLife= 13.3799093579873
