ICQueenStrength= 4.27261627884582
RQWkrDrnRatio= 1.86488917376846
ICDroneMiteSurvivorship= 34.7320151980966
ICWorkerMiteSurvivorship= 86.3296336261556
ICForagerLifespan= 12.3164194999263
ImmType= Cosine
AIAdultSlope= 0.887458032183349
AIAdultSlopeContact= 3.03934330328135
AIAdultLD50Contact= 0.0346977181383409
AILarvaSlope= 2.23904296779074
AILarvaLD50= 0.52115875936579
AIKOW= 3.2235314399004
AIKOC= 15.446813958697
AIHalfLife= 10.0940297590569
