ICQueenStrength= 1.60107470024377
RQWkrDrnRatio= 2.67740609217435
ICDroneMiteSurvivorship= 43.958533089608
ICWorkerMiteSurvivorship= 30.3160117007792
ICForagerLifespan= 6.49504184070975
ImmType= Polynomial
AIAdultSlope= 2.61141233392991
AIAdultLD50= 0.673546134727076
AIAdultSlopeContact= 0.31184269733727
AIAdultLD50Contact= 0.0288738690200262
AILarvaSlope= 1.88078841688111
AILarvaLD50= 0.108382668555714
AIKOW= 4.18010761775076
AIKOC= 23.269397871336
AIHalfLife= 7.49153419863433
EAppRate= 0.470895618665963
