ICQueenStrength= 3.43795276619494
RQWkrDrnRatio= 1.63144675642252
ICDroneMiteSurvivorship= 14.1013224842027
ICWorkerMiteSurvivorship= 11.2318360013887
ICForagerLifespan= 14.5155190294608
ImmType= Cosine
AIAdultSlope= 2.6865532939788
AIAdultLD50= 1.88275298592634
AIAdultSlopeContact= 3.73069554235786
AIAdultLD50Contact= 0.015827497607097
AILarvaSlope= 3.00071641444229
AILarvaLD50= 0.40545471967198
AIKOW= 6.20237625669688
AIKOC= 26.702825918328
AIHalfLife= 11.3957661706954
EAppRate= 0.707008624449372
