ICQueenStrength= 3.77010074583814
RQWkrDrnRatio= 3.56469067838043
ICDroneMiteSurvivorship= 56.3436917262152
ICWorkerMiteSurvivorship= 67.1591141726822
ICForagerLifespan= 10.2600587997586
ImmType= Exponential
AIAdultSlope= 0.498240124713629
AIAdultLD50= 0.554261056473479
AIAdultSlopeContact= 0.667261686350685
AIAdultLD50Contact= 0.0296381324646063
AILarvaSlope= 2.76603529388085
AILarvaLD50= 0.850201489264146
AIKOW= 4.42546582082286
AIKOC= 6.51034135487862
AIHalfLife= 8.80126424087211
EAppRate= 0.12825451255776
