ICQueenStrength= 4.22144008125179
RQWkrDrnRatio= 2.47450082469732
ICDroneMiteSurvivorship= 9.17033243458718
ICWorkerMiteSurvivorship= 56.5454856259748
ICForagerLifespan= 8.43649573158473
ImmType= Cosine
AIAdultSlopeContact= 0.844169048939366
AIAdultLD50Contact= 0.0103037306223996
AILarvaSlope= 0.601358668413013
AILarvaLD50= 0.864743828913197
AIKOW= 2.35113172745332
AIKOC= 27.0199048751965
AIHalfLife= 10.2084806761704
