ICQueenStrength= 1.30188791221008
RQWkrDrnRatio= 1.60278663504869
ICDroneMiteSurvivorship= 42.5383206922561
ICWorkerMiteSurvivorship= 42.5273357424885
ICForagerLifespan= 8.68092210590839
ImmType= Sine
AIAdultSlope= 5.50614915322512
