ICQueenStrength= 1.83681493997574
RQWkrDrnRatio= 4.0712250424549
ICDroneMiteSurvivorship= 62.8035364439711
ICWorkerMiteSurvivorship= 45.3378114383668
ICForagerLifespan= 15.5137964803725
ImmType= Logarithmic
AIAdultLD50= 0.154012839635834
AIAdultSlopeContact= 1.44065394611796
AIAdultLD50Contact= 0.00170985641889274
AILarvaSlope= 0.823535762727261
AILarvaLD50= 0.893410447589122
AIKOW= 6.18646494438872
AIKOC= 25.1303512207232
AIHalfLife= 5.07557280547917
EAppRate= 1.1988821066916
