ICQueenStrength= 5.53990018926561
RQWkrDrnRatio= 3.35775178764015
ICDroneMiteSurvivorship= 85.080218850635
ICWorkerMiteSurvivorship= 77.5043655652553
ICForagerLifespan= 6.18486883491278
ImmType= Tangent
AIAdultSlope= 0.664632411627099
AIAdultLD50= 0.811831530416384
AIAdultSlopeContact= 2.55566879327875
AIAdultLD50Contact= 0.0220012392732315
AILarvaSlope= 2.84903588914312
AILarvaLD50= 0.3591899627354
AIKOW= 3.39200117113069
AIKOC= 23.7527515809052
AIHalfLife= 2.05710107740015
EAppRate= 0.2378081434872
