ICQueenStrength= 4.31917174742557
RQWkrDrnRatio= 1.05257273931056
ICDroneMiteSurvivorship= 63.2415872998536
ICWorkerMiteSurvivorship= 4.39659976400435
ICForagerLifespan= 9.75250615365803
ImmType= Polynomial
AIAdultSlope= 1.48679978377651
AIAdultLD50= 0.292729682405479
AIAdultSlopeContact= 0.361112217942718
AIAdultLD50Contact= 0.0118449011701159
AILarvaSlope= 1.18340684585273
AILarvaLD50= 0.103650895832106
AIKOW= 6.00640854658559
AIKOC= 28.1010963383596
AIHalfLife= 1.32894016918726
EAppRate= 0
