ICQueenStrength= 3.43914156220853
RQWkrDrnRatio= 3.61599389091134
ICDroneMiteSurvivorship= 37.3831573640928
ICWorkerMiteSurvivorship= 59.1173431137577
ICForagerLifespan= 7.51300544291735
ImmType= Cosine
AIAdultSlope= 2.51978006958961
AIAdultLD50= 1.26632944168523
AIAdultSlopeContact= 2.61698139235843
AIAdultLD50Contact= 0.0329397062421776
AILarvaSlope= 0.955970673821867
AILarvaLD50= 0.536385769327171
AIKOW= 5.04350842395797
AIKOC= 12.2943151521031
AIHalfLife= 2.20857766410336
EAppRate= 0.388857099926099
