ICQueenStrength= 2.24389819428325
RQWkrDrnRatio= 3.9872021349147
