ICQueenStrength= 4.58936968259513
RQWkrDrnRatio= 4.15980267710984
ICDroneMiteSurvivorship= 12.615033169277
ICWorkerMiteSurvivorship= 1.80319049395621
ICForagerLifespan= 13.4466113848612
ImmType= Logarithmic
AIAdultSlopeContact= 3.54432702389779
AIAdultLD50Contact= 0.0284339461592026
AILarvaSlope= 2.20557585670613
AILarvaLD50= 0.285316943842918
AIKOW= 4.15791518101469
AIKOC= 27.3101007111836
AIHalfLife= 6.23510669870302
