ICQueenStrength= 5.17178906616755
RQWkrDrnRatio= 1.69931939896196
ICDroneMiteSurvivorship= 70.7168391207233
ICWorkerMiteSurvivorship= 86.5776222897694
ICForagerLifespan= 6.39457817934453
ImmType= Cosine
AIAdultSlope= 3.7845716775069
AIAdultLD50= 0.474010858568363
AIAdultSlopeContact= 3.64042280622292
AIAdultLD50Contact= 0.0354121394571848
AILarvaSlope= 1.3832650619559
AILarvaLD50= 0.784576611570083
AIKOW= 7.42063172720373
AIKOC= 17.5030867289752
AIHalfLife= 2.18584550893866
EAppRate= 0
