ICQueenStrength= 1.22723968490027
RQWkrDrnRatio= 4.38976528123021
ICDroneMiteSurvivorship= 15.2955496683717
ICWorkerMiteSurvivorship= 45.5894449260086
ICForagerLifespan= 4.00087412912399
ImmType= Exponential
AIAdultLD50= 0.154012839635834
AIAdultSlopeContact= 0.155138146318495
AIAdultLD50Contact= 0.018146586662624
AILarvaSlope= 1.09364059092477
AILarvaLD50= 0.567828040989116
AIKOW= 3.51141071505845
AIKOC= 23.3343317650724
AIHalfLife= 4.96168515225872
EAppRate= 0.33467112435028
