ICQueenStrength= 1.31909592798911
RQWkrDrnRatio= 3.90174566954374
ICDroneMiteSurvivorship= 93.5151885496452
ICWorkerMiteSurvivorship= 17.2414403175935
ICForagerLifespan= 11.6990352645516
ImmType= Tangent
AIAdultSlope= 0.808480280656368
AIAdultLD50= 0.305308830109425
AIAdultSlopeContact= 2.20462363476399
AIAdultLD50Contact= 0.0294677837868221
AILarvaSlope= 2.54792971275747
AILarvaLD50= 0.0510776863899082
AIKOW= 2.06591037753969
AIKOC= 21.6003563208506
AIHalfLife= 4.90911981556565
EAppRate= 0
