ICQueenStrength= 1.24143038666807
RQWkrDrnRatio= 3.80778512917459
ICDroneMiteSurvivorship= 31.4317403594032
ICWorkerMiteSurvivorship= 74.5531122200191
ICForagerLifespan= 4.40941752493382
ImmType= Logarithmic
AIAdultSlope= 1.27067762456601
AIAdultLD50= 0.320666829939
AIAdultSlopeContact= 1.30985232115723
AIAdultLD50Contact= 0.0475520055508241
AILarvaSlope= 1.65068015381694
AILarvaLD50= 0.608675095508806
AIKOW= 4.53925355663523
AIKOC= 17.9579906060826
AIHalfLife= 4.26317362464033
EAppRate= 0.450937560806051
