ICQueenStrength= 3.23398164729588
RQWkrDrnRatio= 1.39153756666929
ICDroneMiteSurvivorship= 41.1863012472168
ICWorkerMiteSurvivorship= 66.1701897392049
ICForagerLifespan= 15.7845061924309
ImmType= Exponential
AIAdultSlope= 2.50145225496963
AIAdultLD50= 2.71657935809344
AIAdultSlopeContact= 2.6080530753429
AIAdultLD50Contact= 0.0126406629453413
AILarvaSlope= 1.44968334226869
AILarvaLD50= 0.581521875131875
AIKOW= 2.18504396546632
AIKOC= 14.9676445825025
AIHalfLife= 10.5758640905842
EAppRate= 0.38360173907131
