ICQueenStrength= 5.94738354347646
RQWkrDrnRatio= 2.58111883886158
ICDroneMiteSurvivorship= 90.4279361246154
ICWorkerMiteSurvivorship= 5.45688683632761
ICForagerLifespan= 13.9075965965167
ImmType= Logarithmic
AIAdultSlope= 3.19833252206678
AIAdultLD50= 0.0529982020379975
AIAdultSlopeContact= 0.155881385891698
AIAdultLD50Contact= 0.0170205560047179
AILarvaSlope= 1.54758048402146
AILarvaLD50= 0.703567323507741
AIKOW= 2.57636728323996
AIKOC= 7.37623910652474
AIHalfLife= 0.032493881881237
EAppRate= 0
