ICQueenStrength= 3.45463993633166
RQWkrDrnRatio= 2.2947027310729
ICDroneMiteSurvivorship= 47.9197991080582
ICWorkerMiteSurvivorship= 22.7245124056935
ICForagerLifespan= 5.07165902666748
ImmType= Cosine
AIAdultSlope= 3.37738651782274
