ICQueenStrength= 5.39980831695721
RQWkrDrnRatio= 4.00267905555665
ICDroneMiteSurvivorship= 43.1640515103936
ICWorkerMiteSurvivorship= 98.7676719203591
ICForagerLifespan= 9.02663349546492
ImmType= Sine
AIAdultSlope= 6.05031354818493
