ICQueenStrength= 1.0715905695688
RQWkrDrnRatio= 1.42219414468855
ICDroneMiteSurvivorship= 62.1532947290689
ICWorkerMiteSurvivorship= 29.7059400705621
ICForagerLifespan= 14.1462909700349
ImmType= Cosine
AIAdultSlope= 2.92115326055791
AIAdultLD50= 0.435788191622123
AIAdultSlopeContact= 2.05233176618116
AIAdultLD50Contact= 0.0441854472621344
AILarvaSlope= 0.619890910480171
AILarvaLD50= 0.832491802121513
AIKOW= 5.05803435575217
AIKOC= 11.8609832786024
AIHalfLife= 1.23469549929723
EAppRate= 0.43393416388426
