ICQueenStrength= 1.5804193590302
RQWkrDrnRatio= 3.90811391361058
ICDroneMiteSurvivorship= 95.7123074214906
ICWorkerMiteSurvivorship= 56.6301302285865
ICForagerLifespan= 10.887257643044
ImmType= Sine
AIAdultSlope= 3.20107364061987
AIAdultLD50= 0.176586619578302
AIAdultSlopeContact= 1.63092454325175
AIAdultLD50Contact= 0.0285923035116866
AILarvaSlope= 0.435801515728235
AILarvaLD50= 0.191202272940427
AIKOW= 6.45712345978245
AIKOC= 12.7124168397859
AIHalfLife= 3.34530557738617
EAppRate= 0.581609812099487
