ICQueenStrength= 5.5926496561151
RQWkrDrnRatio= 4.4179355846718
ICDroneMiteSurvivorship= 84.2375337844715
ICWorkerMiteSurvivorship= 84.3680663267151
ICForagerLifespan= 10.9688761178404
ImmType= Polynomial
AIAdultSlopeContact= 1.33557822384406
AIAdultLD50Contact= 0.019457176909782
AILarvaSlope= 0.887489877641201
AILarvaLD50= 0.0312290148809552
AIKOW= 2.66558683244511
AIKOC= 29.3130516551901
AIHalfLife= 10.3806818635203
