ICQueenStrength= 3.81450404785573
RQWkrDrnRatio= 4.06424489431083
ICDroneMiteSurvivorship= 34.6506039146334
ICWorkerMiteSurvivorship= 39.358122437261
ICForagerLifespan= 8.40697065088898
ImmType= Cosine
AIAdultSlope= 1.39795781983994
AIAdultLD50= 0.606830736156553
AIAdultSlopeContact= 3.17415145695442
AIAdultLD50Contact= 0.0460862551350147
AILarvaSlope= 2.68963889307342
AILarvaLD50= 0.634163860813715
AIKOW= 4.79020567284897
AIKOC= 17.4050932645332
AIHalfLife= 13.2294158623554
EAppRate= 0.622694973135367
