ICQueenStrength= 3.23761317320168
RQWkrDrnRatio= 3.90738127660006
ICDroneMiteSurvivorship= 2.03735181130469
ICWorkerMiteSurvivorship= 87.489016354084
ICForagerLifespan= 6.63866744469851
ImmType= Polynomial
AIAdultSlopeContact= 4.72638521809131
AIAdultLD50Contact= 0.123493253579363
AILarvaSlope= 4.90985120646656
AILarvaLD50= 1.55018868576735
AIKOW= 44.7916698642075
AIKOC= 97.6644989335909
AIHalfLife= 13.2786593940109
