ICQueenStrength= 4.72727895970456
RQWkrDrnRatio= 3.45551103260368
ICDroneMiteSurvivorship= 76.2606507400051
ICWorkerMiteSurvivorship= 12.0931142708287
ICForagerLifespan= 9.9827836714685
ImmType= Logarithmic
AIAdultSlope= 3.43172095893184
AIAdultLD50= 0.243516412563622
AIAdultSlopeContact= 2.17637957020663
AIAdultLD50Contact= 0.0143074180232361
AILarvaSlope= 1.40507689141668
AILarvaLD50= 0.137871885113418
AIKOW= 2.00342373084277
AIKOC= 14.7722849808633
AIHalfLife= 3.34570043021813
EAppRate= 0
