ICQueenStrength= 4.61400081543252
RQWkrDrnRatio= 1.48179888259619
ICDroneMiteSurvivorship= 41.9653028948233
ICWorkerMiteSurvivorship= 89.5933324471116
ICForagerLifespan= 13.3296977300197
ImmType= Tangent
AIAdultSlope= 2.10596285412787
AIAdultLD50= 0.21306476870086
AIAdultSlopeContact= 3.72681991612539
AIAdultLD50Contact= 0.00858664665138349
AILarvaSlope= 1.62846532035619
AILarvaLD50= 0.773812330327928
AIKOW= 5.92809311021119
AIKOC= 6.74072692752816
AIHalfLife= 0.171643100911751
EAppRate= 0.661297995620407
