ICQueenStrength= 2.99445000384003
RQWkrDrnRatio= 2.8687197631225
ICDroneMiteSurvivorship= 84.548658831045
ICWorkerMiteSurvivorship= 96.5511506889015
ICForagerLifespan= 4.11645845323801
ImmType= Exponential
AIAdultSlope= 3.20295752219623
AIAdultLD50= 0.112449524109252
AIAdultSlopeContact= 3.7263575158501
AIAdultLD50Contact= 0.0435665505006909
AILarvaSlope= 0.776522171124816
AILarvaLD50= 0.744763213349506
AIKOW= 4.7116332417354
AIKOC= 29.1425627842546
AIHalfLife= 3.82318438612856
EAppRate= 0.259538278752007
