ICQueenStrength= 3.15147138340399
RQWkrDrnRatio= 4.12474103923887
ICDroneMiteSurvivorship= 1.92489919718355
ICWorkerMiteSurvivorship= 70.1893903547898
ICForagerLifespan= 4.31127080321312
ImmType= Sine
AIAdultSlope= 1.69805845912546
AIAdultLD50= 0.293795906938612
AIAdultSlopeContact= 0.845393324175384
AIAdultLD50Contact= 0.0485878516919911
AILarvaSlope= 0.271368753584102
AILarvaLD50= 0.768083739560097
AIKOW= 7.27334334887564
AIKOC= 20.7232813478913
AIHalfLife= 0.265530209289864
EAppRate= 0
