ICQueenStrength= 2.20385949732736
RQWkrDrnRatio= 2.45876035653055
ICDroneMiteSurvivorship= 55.1225700415671
ICWorkerMiteSurvivorship= 6.49777501821518
ICForagerLifespan= 7.30934831593186
ImmType= Exponential
AIAdultSlopeContact= 2.31279282038799
AIAdultLD50Contact= 0.0226686858688481
AILarvaSlope= 1.94675385728478
AILarvaLD50= 0.443465004768223
AIKOW= 3.92134389607236
AIKOC= 13.3516593265813
AIHalfLife= 12.0078326980583
