ICQueenStrength= 5.86948528792709
RQWkrDrnRatio= 4.47743824496865
ICDroneMiteSurvivorship= 5.15015337150544
ICWorkerMiteSurvivorship= 0.91905165463686
ICForagerLifespan= 12.4798367274925
ImmType= Exponential
AIAdultSlope= 2.64018401736394
