ICQueenStrength= 1.4327567841392
RQWkrDrnRatio= 4.76832404732704
ICDroneMiteSurvivorship= 20.5082799075171
ICWorkerMiteSurvivorship= 4.9528818577528
ICForagerLifespan= 7.2914495524019
ImmType= Cosine
AIAdultSlope= 2.82621235209517
AIAdultSlopeContact= 1.76701831997372
AIAdultLD50Contact= 0.0255116153275594
AILarvaSlope= 3.24285112321377
AILarvaLD50= 0.505403136089444
AIKOW= 7.79614892555401
AIKOC= 17.458942347439
AIHalfLife= 0.657363939099014
