ICQueenStrength= 3.02240904327482
RQWkrDrnRatio= 3.62262707483023
ICDroneMiteSurvivorship= 99.7236206429079
ICWorkerMiteSurvivorship= 12.4784390907735
ICForagerLifespan= 6.02088278066367
ImmType= Sine
AIAdultSlope= 1.90934625454247
AIAdultSlopeContact= 3.20650345413014
AIAdultLD50Contact= 0.135365205397829
AILarvaSlope= 3.08791890274733
AILarvaLD50= 0.541138121392578
AIKOW= 18.6457633273676
AIKOC= 47.2784757381305
AIHalfLife= 9.69902549032122
EAppRate= 1.60545605327934
