ICQueenStrength= 1.80280900816433
RQWkrDrnRatio= 4.80363401863724
ICDroneMiteSurvivorship= 76.6675811493769
ICWorkerMiteSurvivorship= 5.49025738146156
ICForagerLifespan= 14.3766980748624
ImmType= Tangent
AIAdultSlope= 5.07216054247692
