ICQueenStrength= 1.2090413402766
RQWkrDrnRatio= 1.43233347870409
ICDroneMiteSurvivorship= 92.9782930761576
ICWorkerMiteSurvivorship= 81.1511030420661
ICForagerLifespan= 13.5319669786841
ImmType= Exponential
AIAdultSlope= 1.485251176171
AIAdultLD50= 2.33607961074449
AIAdultSlopeContact= 0.272523778255563
AIAdultLD50Contact= 0.0149820012389682
AILarvaSlope= 2.67909494019113
AILarvaLD50= 0.858472290728241
AIKOW= 2.62268270738423
AIKOC= 14.0472241688985
AIHalfLife= 8.64899823069572
EAppRate= 0.737078228034079
