ICQueenStrength= 2.02071925532073
RQWkrDrnRatio= 2.51957071200013
ICDroneMiteSurvivorship= 42.0642141718417
ICWorkerMiteSurvivorship= 35.5624249670655
ICForagerLifespan= 10.19695422519
ImmType= Polynomial
AIAdultSlope= 0.362684691085014
AIAdultLD50= 0.491788292769343
AIAdultSlopeContact= 2.49811383169144
AIAdultLD50Contact= 0.0130844982457347
AILarvaSlope= 1.67802177509293
AILarvaLD50= 0.0937776077538729
AIKOW= 6.23247751221061
AIKOC= 11.5986052097287
AIHalfLife= 4.98609103495255
EAppRate= 0.0597313527949154
