ICQueenStrength= 3.58394264266826
RQWkrDrnRatio= 2.3486649915576
ICDroneMiteSurvivorship= 74.8914335621521
ICWorkerMiteSurvivorship= 67.6758303539827
ICForagerLifespan= 11.9354103570804
ImmType= Logarithmic
AIAdultSlope= 1.89140974129317
AIAdultLD50= 0.0377115933224559
AIAdultSlopeContact= 2.17372185521526
AIAdultLD50Contact= 0.00329392994754016
AILarvaSlope= 0.265923842880875
AILarvaLD50= 0.305301106302068
AIKOW= 5.34300380572677
AIKOC= 12.1776757540647
AIHalfLife= 0.015456669498235
EAppRate= 0.0706115286331624
