ICQueenStrength= 5.12231952999718
RQWkrDrnRatio= 3.02357694599777
ICDroneMiteSurvivorship= 16.0310515435413
ICWorkerMiteSurvivorship= 46.5359624475241
ICForagerLifespan= 9.1642685784027
ImmType= Exponential
AIAdultSlope= 8.78576434683055
