ICQueenStrength= 3.10780880996026
RQWkrDrnRatio= 3.34687178675085
ICDroneMiteSurvivorship= 69.6360063971952
ICWorkerMiteSurvivorship= 96.1375463521108
ICForagerLifespan= 6.16994123812765
ImmType= Logarithmic
AIAdultSlope= 3.66342847235501
