ICQueenStrength= 3.33785222563893
RQWkrDrnRatio= 4.29301952477545
