ICQueenStrength= 1.28923811623827
RQWkrDrnRatio= 3.77665131725371
ICDroneMiteSurvivorship= 19.816358643584
ICWorkerMiteSurvivorship= 58.7333731353283
ICForagerLifespan= 11.8819876797497
ImmType= Polynomial
AIAdultSlopeContact= 3.34082127916859
AIAdultLD50Contact= 0.00788563445676118
AILarvaSlope= 3.34995272243395
AILarvaLD50= 0.723493541451171
AIKOW= 6.12698462512344
AIKOC= 28.034903529333
AIHalfLife= 12.5301344925538
