ICQueenStrength= 4.44978771870956
RQWkrDrnRatio= 3.10221336223185
ICDroneMiteSurvivorship= 98.6358544789255
ICWorkerMiteSurvivorship= 70.186142809689
ICForagerLifespan= 9.28838664665818
ImmType= Cosine
AIAdultSlope= 1.88484368752688
AIAdultLD50= 1.47103783674538
AIAdultSlopeContact= 1.39110742108198
AIAdultLD50Contact= 0.0466466407640837
AILarvaSlope= 1.39786768946797
AILarvaLD50= 0.632580746663734
AIKOW= 7.90848891111091
AIKOC= 26.3604818156455
AIHalfLife= 3.96426357189193
EAppRate= 0.937688963487744
