ICQueenStrength= 1.72069349815138
RQWkrDrnRatio= 4.32028635591269
ICDroneMiteSurvivorship= 85.1043133530766
ICWorkerMiteSurvivorship= 24.3921338347718
ICForagerLifespan= 14.5564042460173
ImmType= Sine
AIAdultSlope= 0.655200139938388
AIAdultLD50= 0.0966966913547367
AIAdultSlopeContact= 0.675778267078567
AIAdultLD50Contact= 0.029577577568125
AILarvaSlope= 0.393554748548195
AILarvaLD50= 0.769356987741776
AIKOW= 7.18405321845785
AIKOC= 19.2845410562586
AIHalfLife= 2.2481186571531
EAppRate= 0.407623534882441
