ICQueenStrength= 3.75777150527574
RQWkrDrnRatio= 3.88220200221986
ICDroneMiteSurvivorship= 34.4119652174413
ICWorkerMiteSurvivorship= 93.4382567415014
ICForagerLifespan= 10.154785560444
ImmType= Polynomial
AIAdultLD50= 0.154012839635834
AIAdultSlopeContact= 1.6975252835406
AIAdultLD50Contact= 0.0134998519672081
AILarvaSlope= 3.34948578448966
AILarvaLD50= 0.48245938711334
AIKOW= 3.48322077933699
AIKOC= 8.35510696168058
AIHalfLife= 2.03017252590507
EAppRate= 0.691687807440758
