ICQueenStrength= 2.18389614741318
RQWkrDrnRatio= 3.16907834354788
ICDroneMiteSurvivorship= 44.0421041799709
ICWorkerMiteSurvivorship= 79.9683613935485
ICForagerLifespan= 6.70763723645359
ImmType= Logarithmic
AIAdultSlopeContact= 3.32109857176663
AIAdultLD50Contact= 0.0269439773168415
AILarvaSlope= 0.280082611460239
AILarvaLD50= 0.497217387054116
AIKOW= 7.80124063137919
AIKOC= 8.20527658914216
AIHalfLife= 5.75615852419287
