ICQueenStrength= 2.10669670277275
RQWkrDrnRatio= 1.24826777447015
ICDroneMiteSurvivorship= 6.11688804347068
ICWorkerMiteSurvivorship= 50.2287126146257
ICForagerLifespan= 7.95610260590911
ImmType= Sine
AIAdultSlope= 2.39986683083698
AIAdultLD50= 1.54850591928698
AIAdultSlopeContact= 0.715977877043188
AIAdultLD50Contact= 0.019375555717852
AILarvaSlope= 1.80776796154678
AILarvaLD50= 0.235315274633467
AIKOW= 7.77201689686626
AIKOC= 5.41106131975539
AIHalfLife= 1.88803425803781
EAppRate= 0.132228387519717
