ICQueenStrength= 2.15249102469534
RQWkrDrnRatio= 1.94480633828789
ICDroneMiteSurvivorship= 50.8740385062993
ICWorkerMiteSurvivorship= 76.2414961121976
ICForagerLifespan= 13.0681091239676
ImmType= Sine
AIAdultSlopeContact= 3.51225653580157
AIAdultLD50Contact= 0.000471056823153049
AILarvaSlope= 0.772751737944782
AILarvaLD50= 0.0626098612323403
AIKOW= 5.3203016333282
AIKOC= 14.5478548435494
AIHalfLife= 5.51405597152188
