ICQueenStrength= 5.02555271284655
RQWkrDrnRatio= 4.34277520235628
ICDroneMiteSurvivorship= 53.7940916838124
ICWorkerMiteSurvivorship= 67.7375808823854
ICForagerLifespan= 9.16667728312314
ImmType= Polynomial
AIAdultSlope= 1.62479774921201
AIAdultLD50= 0.10292483237572
AIAdultSlopeContact= 0.108544148909859
AIAdultLD50Contact= 0.00736028626561165
AILarvaSlope= 2.77192796543241
AILarvaLD50= 0.798733595525846
AIKOW= 7.80996638955548
AIKOC= 15.7055298809428
AIHalfLife= 1.8261400423944
EAppRate= 0.654545611701906
