ICQueenStrength= 3.36686443910003
RQWkrDrnRatio= 1.11918180715293
ICDroneMiteSurvivorship= 65.1391810039058
ICWorkerMiteSurvivorship= 79.9754631938413
ICForagerLifespan= 15.4908862579614
ImmType= Cosine
AIAdultSlope= 2.99757896036608
AIAdultLD50= 0.211098380037583
AIAdultSlopeContact= 0.783063992955722
AIAdultLD50Contact= 0.0309218689217232
AILarvaSlope= 2.05140487537719
AILarvaLD50= 0.851138637168333
AIKOW= 3.84922247100621
AIKOC= 22.8629347588867
AIHalfLife= 3.00928914686665
EAppRate= 0.635425935522653
