ICQueenStrength= 4.71789652039297
RQWkrDrnRatio= 4.54071667604148
ICDroneMiteSurvivorship= 62.366142612882
ICWorkerMiteSurvivorship= 85.589504125528
ICForagerLifespan= 5.80399818345904
ImmType= Cosine
AIAdultSlope= 0.204759081141092
AIAdultLD50= 0.0675852047279477
AIAdultSlopeContact= 1.48574937599245
AIAdultLD50Contact= 0.0189838468679227
AILarvaSlope= 2.26593323899433
AILarvaLD50= 0.822316197236069
AIKOW= 4.52319038938731
AIKOC= 15.0809725990985
AIHalfLife= 0.568353291600943
EAppRate= 0
