ICQueenStrength= 4.97772126249038
RQWkrDrnRatio= 2.86471478175372
ICDroneMiteSurvivorship= 26.4263478806242
ICWorkerMiteSurvivorship= 21.6702951351181
ICForagerLifespan= 10.2575684273615
ImmType= Logarithmic
AIAdultSlope= 2.33381824258016
AIAdultLD50= 0.0152703518979251
AIAdultSlopeContact= 1.52618201156845
AIAdultLD50Contact= 0.0212736079585738
AILarvaSlope= 2.86332408352755
AILarvaLD50= 0.716439623222686
AIKOW= 7.6254412624985
AIKOC= 12.3755870456807
AIHalfLife= 0.485303904861212
EAppRate= 0
