ICQueenStrength= 1.07247695932165
RQWkrDrnRatio= 2.64397333189845
ICDroneMiteSurvivorship= 71.7475247802213
ICWorkerMiteSurvivorship= 12.9088173620403
ICForagerLifespan= 4.23297007288784
ImmType= Exponential
AIAdultSlope= 1.70252178999363
AIAdultLD50= 0.0242569443071261
AIAdultSlopeContact= 2.95453514885623
AIAdultLD50Contact= 0.0146434528985992
AILarvaSlope= 0.688163550663739
AILarvaLD50= 0.0425325770862401
AIKOW= 5.48084078496322
AIKOC= 29.0334797068499
AIHalfLife= 2.48406872851774
EAppRate= 0.41036184343975
