ICQueenStrength= 1.00964868697338
RQWkrDrnRatio= 4.95158759411424
ICDroneMiteSurvivorship= 29.670968465507
ICWorkerMiteSurvivorship= 85.9111935831606
ICForagerLifespan= 7.80436057318002
ImmType= Sine
AIAdultSlope= 2.84994253294542
AIAdultLD50= 0.180969840381294
AIAdultSlopeContact= 0.78545168149285
AIAdultLD50Contact= 0.0386881732731126
AILarvaSlope= 0.276656654337421
AILarvaLD50= 0.460380225791596
AIKOW= 2.43022178998217
AIKOC= 8.14097364316694
AIHalfLife= 0.925848997430876
EAppRate= 0.633121838886291
