ICQueenStrength= 3.97401031246409
RQWkrDrnRatio= 2.0484727602452
ICDroneMiteSurvivorship= 66.8979726266116
ICWorkerMiteSurvivorship= 17.5168325658888
ICForagerLifespan= 4.06470837630332
ImmType= Logarithmic
AIAdultSlopeContact= 3.82497426825576
AIAdultLD50Contact= 0.00342042449628934
AILarvaSlope= 0.426889288704842
AILarvaLD50= 0.689457572833635
AIKOW= 7.26086493441835
AIKOC= 10.1537297083996
AIHalfLife= 9.96958513557911
