ICQueenStrength= 1.75035581947304
RQWkrDrnRatio= 1.14139266870916
ICDroneMiteSurvivorship= 44.450892880559
ICWorkerMiteSurvivorship= 89.1604942036793
ICForagerLifespan= 10.7619863366708
ImmType= Sine
AIAdultSlope= 1.46599705042317
AIAdultLD50= 1.81930222478695
AIAdultSlopeContact= 0.146358506132383
AIAdultLD50Contact= 0.0222020357730798
AILarvaSlope= 1.93035631929524
AILarvaLD50= 0.75194536652416
AIKOW= 7.72601966513321
AIKOC= 15.4933970724232
AIHalfLife= 8.4257529610768
EAppRate= 0.929565786151215
