ICQueenStrength= 3.32970732846297
RQWkrDrnRatio= 1.82815251033753
ICDroneMiteSurvivorship= 58.1469913013279
ICWorkerMiteSurvivorship= 58.6523025296628
ICForagerLifespan= 9.28361183684319
ImmType= Cosine
AIAdultSlope= 1.33263646879932
AIAdultLD50= 0.163449850399047
AIAdultSlopeContact= 3.41486291576643
AIAdultLD50Contact= 0.0341538996784948
AILarvaSlope= 2.52769402288832
AILarvaLD50= 0.157460618088953
AIKOW= 4.34855483379215
AIKOC= 16.0078486264683
AIHalfLife= 4.53439158736728
EAppRate= 0.143555125594139
