ICQueenStrength= 1.35578974639066
RQWkrDrnRatio= 3.39413398317993
ICDroneMiteSurvivorship= 46.7499736696482
ICWorkerMiteSurvivorship= 6.30308026447892
ICForagerLifespan= 14.0563006112352
ImmType= Tangent
AIAdultSlope= 1.812545792358
AIAdultLD50= 0.377306373789907
AIAdultSlopeContact= 1.72774886162253
AIAdultLD50Contact= 0.00819395442958921
AILarvaSlope= 1.78081145277247
AILarvaLD50= 0.560931801865809
AIKOW= 3.69928730558604
AIKOC= 8.35030166897923
AIHalfLife= 4.83144869445823
EAppRate= 0.47584518159274
