ICQueenStrength= 1.70288796443492
RQWkrDrnRatio= 2.07853362988681
ICDroneMiteSurvivorship= 36.7379026953131
ICWorkerMiteSurvivorship= 22.161420318298
ICForagerLifespan= 4.55502249859273
ImmType= Exponential
AIAdultSlopeContact= 0.260436471160501
AIAdultLD50Contact= 0.000186737906187773
AILarvaSlope= 1.85697488966398
AILarvaLD50= 0.74641094065737
AIKOW= 2.31454219855368
AIKOC= 27.2061165550258
AIHalfLife= 3.11409618193284
