ICQueenStrength= 3.15663948561996
RQWkrDrnRatio= 2.22069903928787
ICDroneMiteSurvivorship= 29.1343143675476
ICWorkerMiteSurvivorship= 10.7418208150193
ICForagerLifespan= 4.74422712344676
ImmType= Polynomial
AIAdultSlope= 0.339126196699217
AIAdultLD50= 0.100799771491438
AIAdultSlopeContact= 2.07413235772401
AIAdultLD50Contact= 0.0221488678827882
AILarvaSlope= 1.35542240589857
AILarvaLD50= 0.18854075758718
AIKOW= 7.38745987042785
AIKOC= 13.6656957457308
AIHalfLife= 3.14468608936295
EAppRate= 0.454996420210227
