ICQueenStrength= 4.7530418834649
RQWkrDrnRatio= 2.51025264058262
ICDroneMiteSurvivorship= 38.7313439045101
ICWorkerMiteSurvivorship= 83.4617168875411
ICForagerLifespan= 6.24975148495287
ImmType= Logarithmic
