ICQueenStrength= 2.66888454463333
RQWkrDrnRatio= 1.00984099600464
ICDroneMiteSurvivorship= 41.3271056255326
ICWorkerMiteSurvivorship= 35.8202491188422
ICForagerLifespan= 10.1017897287384
ImmType= Cosine
AIAdultSlope= 2.8399299879279
AIAdultLD50= 0.0502670881105587
AIAdultSlopeContact= 1.75837843787391
AIAdultLD50Contact= 0.0372542071971111
AILarvaSlope= 0.933614803804085
AILarvaLD50= 0.870604893565178
AIKOW= 4.44786541070789
AIKOC= 18.5275946115144
AIHalfLife= 2.9635515017435
EAppRate= 0.08080604004208
