ICQueenStrength= 2.58421069500037
RQWkrDrnRatio= 3.13316615670919
ICDroneMiteSurvivorship= 80.0242371391505
ICWorkerMiteSurvivorship= 63.0480268970132
ICForagerLifespan= 14.588522894308
ImmType= Sine
AIAdultSlope= 1.41778147940291
AIAdultLD50= 0.0932497415924445
AIAdultSlopeContact= 0.11836840843549
AIAdultLD50Contact= 0.0034507155767642
AILarvaSlope= 0.689509838214144
AILarvaLD50= 0.800062934146263
AIKOW= 2.98505467874929
AIKOC= 8.61209090915509
AIHalfLife= 4.84500390593894
EAppRate= 0
