ICQueenStrength= 5.13983098347671
RQWkrDrnRatio= 3.20596441905946
ICDroneMiteSurvivorship= 71.4336428092793
ICWorkerMiteSurvivorship= 15.5695417663082
ICForagerLifespan= 6.09745619352907
ImmType= Polynomial
AIAdultSlope= 0.0934076198958792
AIAdultLD50= 0.333364150719717
AIAdultSlopeContact= 2.55455530554056
AIAdultLD50Contact= 0.0154363433015533
AILarvaSlope= 3.17938182111829
AILarvaLD50= 0.760043600108474
AIKOW= 4.835342629347
AIKOC= 17.8691109770443
AIHalfLife= 4.55688576679677
EAppRate= 0.452634600270539
