ICQueenStrength= 3.11893257452175
RQWkrDrnRatio= 3.3266786057502
ICDroneMiteSurvivorship= 76.3627786422148
ICWorkerMiteSurvivorship= 76.1851794552058
ICForagerLifespan= 9.28527285624295
ImmType= Polynomial
AIAdultSlope= 3.77838686451316
AIAdultLD50= 0.32649174251128
AIAdultSlopeContact= 0.755376664947253
AIAdultLD50Contact= 0.0378028844017535
AILarvaSlope= 0.362118769390509
AILarvaLD50= 0.355103758536279
AIKOW= 3.64845850737765
AIKOC= 9.32519885362126
AIHalfLife= 0.919131359551102
EAppRate= 0
