ICQueenStrength= 2.5546267805621
RQWkrDrnRatio= 2.32501494884491
ICDroneMiteSurvivorship= 91.4495167322457
ICWorkerMiteSurvivorship= 5.42831299826503
ICForagerLifespan= 14.5003432165831
ImmType= Cosine
AIAdultSlopeContact= 0.274749014270492
AIAdultLD50Contact= 0.00827678082277998
AILarvaSlope= 0.635295795276761
AILarvaLD50= 0.173730465676635
AIKOW= 3.89387713279575
AIKOC= 24.0715780481696
AIHalfLife= 5.79101082636043
