ICQueenStrength= 2.67642085580155
RQWkrDrnRatio= 4.40855206269771
ICDroneMiteSurvivorship= 69.2212034482509
ICWorkerMiteSurvivorship= 57.3086159769446
ICForagerLifespan= 10.7620114348829
ImmType= Cosine
AIAdultSlope= 2.06837567035109
