ICQueenStrength= 2.87580197467469
RQWkrDrnRatio= 3.30709782149643
ICDroneMiteSurvivorship= 73.9134781062603
ICWorkerMiteSurvivorship= 67.9221165832132
ICForagerLifespan= 4.89599721040577
ImmType= Cosine
AIAdultSlopeContact= 7.83286935882643
AIAdultLD50Contact= 0.00785393537953496
AILarvaSlope= 3.26660161605105
AILarvaLD50= 1.02312292624265
AIKOW= 45.728360908106
AIKOC= 38.2563855499029
AIHalfLife= 9.60604911670089
