ICQueenStrength= 2.01371244643815
RQWkrDrnRatio= 3.68503660336137
ICDroneMiteSurvivorship= 17.4800875363871
ICWorkerMiteSurvivorship= 93.2414891198277
ICForagerLifespan= 4.1940318159759
ImmType= Sine
AIAdultSlopeContact= 1.71079607408261
AIAdultLD50Contact= 0.0493010104633868
AILarvaSlope= 1.31791796474718
AILarvaLD50= 0.160046552773565
AIKOW= 7.58674342371523
AIKOC= 23.2073537318502
AIHalfLife= 1.6963802925311
