ICQueenStrength= 5.04365301248617
RQWkrDrnRatio= 2.9511280246079
ICDroneMiteSurvivorship= 67.2195916296914
ICWorkerMiteSurvivorship= 23.1153038097546
ICForagerLifespan= 13.1776294792071
ImmType= Tangent
AIAdultSlopeContact= 2.53331786578288
AIAdultLD50Contact= 0.0315739741898142
AILarvaSlope= 0.20621988303028
AILarvaLD50= 0.306414189515635
AIKOW= 5.31428579054773
AIKOC= 6.42975306953304
AIHalfLife= 5.62560615129769
