ICQueenStrength= 2.12373004085384
RQWkrDrnRatio= 2.68081163521856
ICDroneMiteSurvivorship= 63.7189176864922
ICWorkerMiteSurvivorship= 57.1561329299584
ICForagerLifespan= 7.6407064339146
ImmType= Sine
AIAdultSlope= 2.53834751597606
AIAdultLD50= 2.62798930588178
AIAdultSlopeContact= 2.82878955085762
AIAdultLD50Contact= 0.0232061426853761
AILarvaSlope= 1.96897814748809
AILarvaLD50= 0.377005327865481
AIKOW= 4.19790832418948
AIKOC= 27.1607534913346
AIHalfLife= 0.930898928083479
EAppRate= 0.188501353608444
