ICQueenStrength= 2.50334606529213
RQWkrDrnRatio= 3.0148841990158
ICDroneMiteSurvivorship= 41.1251005716622
ICWorkerMiteSurvivorship= 61.2409639637917
ICForagerLifespan= 12.0572537165135
ImmType= Logarithmic
AIAdultLD50= 0.154012839635834
AIAdultSlopeContact= 1.50568771439139
AIAdultLD50Contact= 0.0166951272636652
AILarvaSlope= 3.25698019955307
AILarvaLD50= 0.221908807964064
AIKOW= 2.66825969982892
AIKOC= 5.28134596650489
AIHalfLife= 5.73977519199252
EAppRate= 0.451422972604632
