ICQueenStrength= 2.76947905914858
RQWkrDrnRatio= 1.46723212022334
ICDroneMiteSurvivorship= 56.8069694563746
ICWorkerMiteSurvivorship= 75.4991399124265
ICForagerLifespan= 9.3077057460323
ImmType= Sine
AIAdultSlope= 0.491592639132868
AIAdultLD50= 0.296257880632766
AIAdultSlopeContact= 3.41707454445306
AIAdultLD50Contact= 0.0422673542168923
AILarvaSlope= 1.27233641734347
AILarvaLD50= 0.161698266305029
AIKOW= 6.73535975627601
AIKOC= 23.1802361388691
AIHalfLife= 4.52665500459261
EAppRate= 0.25812057221774
