ICQueenStrength= 4.50591607391834
RQWkrDrnRatio= 1.78281207755208
ICDroneMiteSurvivorship= 86.5011219168082
ICWorkerMiteSurvivorship= 19.1311569651589
ICForagerLifespan= 10.499978995882
ImmType= Logarithmic
AIAdultSlope= 1.00174998199102
AIAdultLD50= 0.26675829954911
AIAdultSlopeContact= 0.97235167816747
AIAdultLD50Contact= 0.0404794861446135
AILarvaSlope= 2.79597700322047
AILarvaLD50= 0.437091695400886
AIKOW= 6.75801285263151
AIKOC= 26.5834754926618
AIHalfLife= 3.70203038328327
EAppRate= 0.141735113691539
