ICQueenStrength= 2.66866397368722
RQWkrDrnRatio= 4.790252991952
ICDroneMiteSurvivorship= 5.67063407506794
ICWorkerMiteSurvivorship= 46.052971156314
ICForagerLifespan= 13.3629634473473
ImmType= Polynomial
AIAdultSlope= 0.333739696908742
AIAdultLD50= 2.93864453653805
AIAdultSlopeContact= 0.37684840181144
AIAdultLD50Contact= 0.042191261833068
AILarvaSlope= 0.565855490416288
AILarvaLD50= 0.880665021180175
AIKOW= 4.87959598237649
AIKOC= 24.3072954600211
AIHalfLife= 2.21737846685573
EAppRate= 0.758182528195903
