ICQueenStrength= 5.3846442271024
RQWkrDrnRatio= 1.71650032326579
ICDroneMiteSurvivorship= 52.4655538145453
ICWorkerMiteSurvivorship= 91.2900091148913
ICForagerLifespan= 11.5087224598974
ImmType= Sine
AIAdultSlopeContact= 3.34611631051172
AIAdultLD50Contact= 0.0459333241800778
AILarvaSlope= 2.03502406757325
AILarvaLD50= 0.840082288300619
AIKOW= 4.24320700671524
AIKOC= 29.388468026882
AIHalfLife= 13.2226625564508
