ICQueenStrength= 1.10660616797395
RQWkrDrnRatio= 1.2829527175054
ICDroneMiteSurvivorship= 47.4587510805577
ICWorkerMiteSurvivorship= 16.8943308992311
ICForagerLifespan= 15.5486454470083
ImmType= Tangent
AIAdultSlope= 2.2686977933161
AIAdultLD50= 2.01672669290565
AIAdultSlopeContact= 2.94675825008657
AIAdultLD50Contact= 0.0338462286978029
AILarvaSlope= 1.79102818146348
AILarvaLD50= 0.432663614745252
AIKOW= 4.05128435138613
AIKOC= 5.16473702853546
AIHalfLife= 2.71839719824493
EAppRate= 0.0550304381176829
