ICQueenStrength= 5.22064473154023
RQWkrDrnRatio= 1.85879975184798
ICDroneMiteSurvivorship= 38.5656743776053
ICWorkerMiteSurvivorship= 70.4258219571784
ICForagerLifespan= 6.4529064046219
ImmType= Logarithmic
AIAdultSlope= 3.32036835299106
AIAdultLD50= 0.0510460016084835
AIAdultSlopeContact= 3.546944880425
AIAdultLD50Contact= 0.0059032607357949
AILarvaSlope= 2.94792868117802
AILarvaLD50= 0.614195360569283
AIKOW= 7.87034795200452
AIKOC= 12.1402406552806
AIHalfLife= 1.91623742925003
EAppRate= 0.379194739134982
