ICQueenStrength= 1.81319930730388
RQWkrDrnRatio= 4.46484307292849
ICDroneMiteSurvivorship= 28.7833081791177
ICWorkerMiteSurvivorship= 9.87056125886738
ICForagerLifespan= 15.0744509929791
ImmType= Sine
AIAdultSlope= 0.964890277991071
AIAdultLD50= 0.275823862524703
AIAdultSlopeContact= 2.03014562177472
AIAdultLD50Contact= 0.00873830209020525
AILarvaSlope= 1.63903376213275
AILarvaLD50= 0.0976868639001623
AIKOW= 5.93218936026096
AIKOC= 8.73886555316858
AIHalfLife= 1.69398659607396
EAppRate= 0.595876859663986
