ICQueenStrength= 2.75869258702733
RQWkrDrnRatio= 4.14611604157835
ICDroneMiteSurvivorship= 52.3546616081148
ICWorkerMiteSurvivorship= 86.4411453483626
ICForagerLifespan= 4.16831800621003
ImmType= Logarithmic
AIAdultSlope= 1.99543718015775
