ICQueenStrength= 1.69633558276109
RQWkrDrnRatio= 3.5844306871295
ICDroneMiteSurvivorship= 96.8014453304932
ICWorkerMiteSurvivorship= 73.8337709568441
ICForagerLifespan= 13.0141598396003
ImmType= Polynomial
AIAdultSlopeContact= 1.15433884645812
AIAdultLD50Contact= 0.0418192059500143
AILarvaSlope= 0.590408461913466
AILarvaLD50= 0.361794913653284
AIKOW= 7.65774784563109
AIKOC= 12.3839943856001
AIHalfLife= 0.651204358320683
