ICQueenStrength= 3.50339236226864
RQWkrDrnRatio= 4.22607149370015
ICDroneMiteSurvivorship= 34.9351961864159
ICWorkerMiteSurvivorship= 45.3074769582599
ICForagerLifespan= 8.79374695662409
ImmType= Cosine
AIAdultSlope= 2.5354184019845
AIAdultLD50= 0.405010607326403
AIAdultSlopeContact= 2.43307464921847
AIAdultLD50Contact= 0.0202549901558086
AILarvaSlope= 0.295313526550308
AILarvaLD50= 0.539733284572139
AIKOW= 6.85450165625662
AIKOC= 26.7112015292514
AIHalfLife= 8.22163137746975
EAppRate= 0.525937430560589
