ICQueenStrength= 1.81253858050331
RQWkrDrnRatio= 4.27087684441358
ICDroneMiteSurvivorship= 18.9183563459665
ICWorkerMiteSurvivorship= 28.9438610430807
ICForagerLifespan= 4.54095356632024
ImmType= Tangent
AIAdultSlope= 2.33972126501612
AIAdultLD50= 0.64530838932842
AIAdultSlopeContact= 0.669269678180572
AIAdultLD50Contact= 0.0408975142519921
AILarvaSlope= 1.94017616403289
AILarvaLD50= 0.0487495427951217
AIKOW= 3.57061490230262
AIKOC= 12.8338340215851
AIHalfLife= 1.85012431954965
EAppRate= 0.523245246615261
