ICQueenStrength= 5.55108375637792
RQWkrDrnRatio= 3.92318958044052
ICDroneMiteSurvivorship= 69.446294545196
ICWorkerMiteSurvivorship= 82.20321952831
ICForagerLifespan= 4.43450293503702
ImmType= Logarithmic
AIAdultSlope= 5.84941175533459
