ICQueenStrength= 3.04016622155905
RQWkrDrnRatio= 4.41507494542748
ICDroneMiteSurvivorship= 32.0861450862139
ICWorkerMiteSurvivorship= 59.7061336738989
ICForagerLifespan= 10.7602594774216
ImmType= Polynomial
AIAdultSlope= 8.9730459311977
