ICQueenStrength= 2.58475953387097
RQWkrDrnRatio= 2.12157495506108
ICDroneMiteSurvivorship= 40.3003512416035
ICWorkerMiteSurvivorship= 2.15479217004031
ICForagerLifespan= 11.2093346556649
ImmType= Sine
AIAdultSlope= 0.321618655277416
AIAdultSlopeContact= 3.16185879641678
AIAdultLD50Contact= 0.0126765038468875
AILarvaSlope= 2.29592148158699
AILarvaLD50= 0.517216344829649
AIKOW= 4.72564368927851
AIKOC= 22.8334479627665
AIHalfLife= 10.887480024714
