ICQueenStrength= 1.70089212153107
RQWkrDrnRatio= 1.14491847902536
ICDroneMiteSurvivorship= 64.3583965254948
ICWorkerMiteSurvivorship= 86.4604835864156
ICForagerLifespan= 12.9972532866523
ImmType= Polynomial
AIAdultSlope= 0.690611479850486
AIAdultLD50= 0.951797429937869
AIAdultSlopeContact= 0.307497958210297
AIAdultLD50Contact= 0.00480650952085853
AILarvaSlope= 3.08440357982181
AILarvaLD50= 0.27059494103305
AIKOW= 5.99033939186484
AIKOC= 24.6677818021271
AIHalfLife= 10.4070026408881
EAppRate= 0.267636120552197
