ICQueenStrength= 4.14837901480496
RQWkrDrnRatio= 1.88240251224488
