ICQueenStrength= 4.1460743129719
RQWkrDrnRatio= 2.51976525317878
ICDroneMiteSurvivorship= 22.0425360603258
ICWorkerMiteSurvivorship= 36.8988232687116
ICForagerLifespan= 11.1779030356556
ImmType= Sine
AIAdultSlopeContact= 2.46785269185668
AIAdultLD50Contact= 0.000127549562603235
AILarvaSlope= 2.87718050787225
AILarvaLD50= 0.540033080941066
AIKOW= 3.58914585411549
AIKOC= 26.6427345876582
AIHalfLife= 5.80999577278271
