ICQueenStrength= 2.60065202857368
RQWkrDrnRatio= 3.23175009991974
ICDroneMiteSurvivorship= 27.2827489301562
ICWorkerMiteSurvivorship= 31.3618038780987
ICForagerLifespan= 14.1590181635693
ImmType= Polynomial
AIAdultSlope= 1.36563394618453
AIAdultLD50= 0.0247703774366528
AIAdultSlopeContact= 1.11596645701211
AIAdultLD50Contact= 0.0172500616288744
AILarvaSlope= 3.30980438077822
AILarvaLD50= 0.689148355624638
AIKOW= 3.97251219768077
AIKOC= 5.64731316524558
AIHalfLife= 0.322095591109246
EAppRate= 0.282354686991312
