ICQueenStrength= 5.85153822926804
RQWkrDrnRatio= 3.36245280504227
ICDroneMiteSurvivorship= 12.4612483894452
ICWorkerMiteSurvivorship= 91.7270375415683
ICForagerLifespan= 8.16181704029441
ImmType= Tangent
AIAdultSlope= 2.80068160899449
AIAdultLD50= 0.303136456990615
AIAdultSlopeContact= 3.36874481615843
AIAdultLD50Contact= 0.00969315185211599
AILarvaSlope= 0.183425908396021
AILarvaLD50= 0.76369290787261
AIKOW= 4.61035436484963
AIKOC= 28.1928668217734
AIHalfLife= 4.7480578313116
EAppRate= 0
