ICQueenStrength= 2.74327915906906
RQWkrDrnRatio= 2.5946241915226
