ICQueenStrength= 5.38360866392031
RQWkrDrnRatio= 4.75606729928404
ICDroneMiteSurvivorship= 11.2644580891356
ICWorkerMiteSurvivorship= 78.5816938616335
ICForagerLifespan= 10.6120574548841
ImmType= Cosine
AIAdultSlope= 1.71021540232468
AIAdultLD50= 0.342778454534709
AIAdultSlopeContact= 0.494397689527832
AIAdultLD50Contact= 0.0133800712763332
AILarvaSlope= 0.154516317881644
AILarvaLD50= 0.863502861536108
AIKOW= 4.35105326678604
AIKOC= 28.6475160345435
AIHalfLife= 1.96677552419715
EAppRate= 0.372060487559065
