ICQueenStrength= 3.17097685090266
RQWkrDrnRatio= 4.95463507436216
ICDroneMiteSurvivorship= 29.6879649860784
ICWorkerMiteSurvivorship= 82.2782574687153
ICForagerLifespan= 4.67892517149448
ImmType= Sine
AIAdultSlope= 8.81931647658348
