ICQueenStrength= 5.29464620072395
RQWkrDrnRatio= 3.66342225298285
ICDroneMiteSurvivorship= 58.8599124457687
ICWorkerMiteSurvivorship= 34.0826826170087
ICForagerLifespan= 5.43694164324552
ImmType= Exponential
AIAdultSlopeContact= 1.37515994343208
AIAdultLD50Contact= 0.0123592686839402
AILarvaSlope= 1.53766446486115
AILarvaLD50= 0.570674980804324
AIKOW= 3.60187634173781
AIKOC= 15.8411754132248
AIHalfLife= 8.64837558940053
