ICQueenStrength= 1.99738127668388
RQWkrDrnRatio= 3.44436617475003
ICDroneMiteSurvivorship= 69.834180851467
ICWorkerMiteSurvivorship= 72.7099911309779
ICForagerLifespan= 9.08531044702977
ImmType= Exponential
AIAdultSlope= 2.1265161054139
AIAdultLD50= 0.287582644145004
AIAdultSlopeContact= 1.10117745336145
AIAdultLD50Contact= 0.0121839013067074
AILarvaSlope= 0.585756338294596
AILarvaLD50= 0.271042288653553
AIKOW= 2.97263710992411
AIKOC= 21.780619288329
AIHalfLife= 0.587022078689188
EAppRate= 0.276093147136271
