ICQueenStrength= 4.03105353377759
RQWkrDrnRatio= 1.54974144697189
ICDroneMiteSurvivorship= 14.5785333355889
ICWorkerMiteSurvivorship= 32.5664799893275
ICForagerLifespan= 11.7198121333495
ImmType= Logarithmic
AIAdultSlope= 1.60371909281239
AIAdultLD50= 0.590831227367744
AIAdultSlopeContact= 0.336960876483936
AIAdultLD50Contact= 0.0377786603523418
AILarvaSlope= 1.97088513849303
AILarvaLD50= 0.552044916059822
AIKOW= 2.51075718877837
AIKOC= 26.1457946861628
AIHalfLife= 8.54608529200777
EAppRate= 0.188878488494083
