ICQueenStrength= 1.85314780124463
RQWkrDrnRatio= 2.80102504137903
ICDroneMiteSurvivorship= 33.80968561396
ICWorkerMiteSurvivorship= 97.5172936217859
ICForagerLifespan= 9.18957334849983
ImmType= Polynomial
AIAdultSlope= 0.801574858473614
AIAdultLD50= 0.436184637481347
AIAdultSlopeContact= 0.254762129250448
AIAdultLD50Contact= 0.0353420947445557
AILarvaSlope= 2.88810770343989
AILarvaLD50= 0.147500236798078
AIKOW= 7.99616668885574
AIKOC= 11.0097709065303
AIHalfLife= 0.94726673560217
EAppRate= 0.35836627969984
