ICQueenStrength= 1.54477171273902
RQWkrDrnRatio= 4.0002227416262
ICDroneMiteSurvivorship= 27.6307403109968
ICWorkerMiteSurvivorship= 80.8761947322637
ICForagerLifespan= 10.8300216160715
ImmType= Polynomial
AIAdultSlope= 9.09637174801901
