ICQueenStrength= 3.03404079470783
RQWkrDrnRatio= 4.5720494473353
