ICQueenStrength= 3.94824392185546
RQWkrDrnRatio= 1.23487816378474
ICDroneMiteSurvivorship= 83.2740116864443
ICWorkerMiteSurvivorship= 29.0990981040522
ICForagerLifespan= 4.37122102733701
ImmType= Cosine
AIAdultSlope= 1.5707380674826
AIAdultLD50= 0.205295062158257
AIAdultSlopeContact= 1.36212388044689
AIAdultLD50Contact= 0.0328171383938752
AILarvaSlope= 3.23561579608358
AILarvaLD50= 0.152718419325538
AIKOW= 3.05421572737396
AIKOC= 5.18892112420872
AIHalfLife= 4.70607578987256
EAppRate= 0.163703116611578
