ICQueenStrength= 3.41531437030062
RQWkrDrnRatio= 2.03619145415723
ICDroneMiteSurvivorship= 8.32230551168323
ICWorkerMiteSurvivorship= 96.7355813831091
ICForagerLifespan= 11.561958167702
ImmType= Logarithmic
AIAdultSlope= 3.03375406870851
AIAdultLD50= 0.165590322925709
AIAdultSlopeContact= 3.51090458446182
AIAdultLD50Contact= 0.0124388615367934
AILarvaSlope= 2.22320275222883
AILarvaLD50= 0.677432157145813
AIKOW= 7.91650276631117
AIKOC= 14.0254516748246
AIHalfLife= 0.832687729271129
EAppRate= 0.0908646058524027
