ICQueenStrength= 2.63682449376211
RQWkrDrnRatio= 2.59113364387304
ICDroneMiteSurvivorship= 45.328525477089
ICWorkerMiteSurvivorship= 96.667818678543
ICForagerLifespan= 7.47539587691426
ImmType= Logarithmic
AIAdultSlope= 1.82807678657351
AIAdultLD50= 0.468758374452591
AIAdultSlopeContact= 1.83754754837137
AIAdultLD50Contact= 0.0261354146176018
AILarvaSlope= 1.47091519855894
AILarvaLD50= 0.822143805376254
AIKOW= 6.46613410906866
AIKOC= 26.9541467551608
AIHalfLife= 1.22103221830912
EAppRate= 0.511342223058455
