ICQueenStrength= 5.38835573499091
RQWkrDrnRatio= 3.25975262373686
ICDroneMiteSurvivorship= 4.7862040810287
ICWorkerMiteSurvivorship= 42.7097969921306
ICForagerLifespan= 14.8341775527224
ImmType= Exponential
AIAdultSlope= 2.97750375927426
AIAdultLD50= 1.55782330781221
AIAdultSlopeContact= 1.49568381086458
AIAdultLD50Contact= 0.00675549244042486
AILarvaSlope= 0.216359774302691
AILarvaLD50= 0.715030404017307
AIKOW= 4.25106841465458
AIKOC= 25.0415589206386
AIHalfLife= 3.37392227631062
EAppRate= 0.395420363172889
