ICQueenStrength= 1.42338330647908
RQWkrDrnRatio= 3.61276479344815
ICDroneMiteSurvivorship= 64.2313216812909
ICWorkerMiteSurvivorship= 2.02602727804333
ICForagerLifespan= 6.919183854945
ImmType= Exponential
AIAdultSlope= 0.898963198112324
AIAdultLD50= 2.05812992015854
AIAdultSlopeContact= 0.77163357549347
AIAdultLD50Contact= 0.02361687583616
AILarvaSlope= 0.475766823580489
AILarvaLD50= 0.631398750375956
AIKOW= 6.67057642480358
AIKOC= 18.5845235665329
AIHalfLife= 8.74621884664521
EAppRate= 0.148982256883755
