ICQueenStrength= 5.89148406195454
RQWkrDrnRatio= 2.39932495821267
ICDroneMiteSurvivorship= 48.1861435109749
ICWorkerMiteSurvivorship= 62.0447723893449
ICForagerLifespan= 9.76777552813292
ImmType= Sine
AIAdultSlope= 0.248593745520338
AIAdultLD50= 0.497269057668746
AIAdultSlopeContact= 1.06327518333681
AIAdultLD50Contact= 0.0292422852362506
AILarvaSlope= 2.41041754814796
AILarvaLD50= 0.834489196236245
AIKOW= 2.48235043697059
AIKOC= 29.8950319306459
AIHalfLife= 2.80677866656333
EAppRate= 0.407720323372632
