ICQueenStrength= 1.21782822906971
RQWkrDrnRatio= 3.27937168255448
ICDroneMiteSurvivorship= 17.1151045477018
ICWorkerMiteSurvivorship= 59.7898993175477
ICForagerLifespan= 4.7796504991129
ImmType= Tangent
AIAdultLD50= 0.154012839635834
AIAdultSlopeContact= 2.5266692680819
AIAdultLD50Contact= 0.0385263855918311
AILarvaSlope= 2.73770553800277
AILarvaLD50= 0.379431107011624
AIKOW= 3.89461637614295
AIKOC= 9.48516035103239
AIHalfLife= 1.87486325763166
EAppRate= 1.86835596524179
