ICQueenStrength= 5.94795593083836
RQWkrDrnRatio= 1.47325022891164
ICDroneMiteSurvivorship= 82.0125187980011
ICWorkerMiteSurvivorship= 58.7499061133713
ICForagerLifespan= 11.7013750113547
ImmType= Tangent
AIAdultSlope= 0.14900702284649
