ICQueenStrength= 2.07631988357753
RQWkrDrnRatio= 2.04899377189577
ICDroneMiteSurvivorship= 49.5682284003124
ICWorkerMiteSurvivorship= 49.2493025725707
ICForagerLifespan= 9.39153183531016
ImmType= Tangent
AIAdultSlope= 1.6184938997752
AIAdultLD50= 0.43786037992686
AIAdultSlopeContact= 3.70322334208293
AIAdultLD50Contact= 0.0131859559682198
AILarvaSlope= 0.0831727822311222
AILarvaLD50= 0.681636967789382
AIKOW= 4.44196111848578
AIKOC= 26.8081361905206
AIHalfLife= 0.0712009752169251
EAppRate= 0.317205528356135
