ICQueenStrength= 5.54069053172134
RQWkrDrnRatio= 1.82634775340557
ICDroneMiteSurvivorship= 12.9806662211195
ICWorkerMiteSurvivorship= 20.6243099179119
ICForagerLifespan= 15.3886829577386
ImmType= Tangent
AIAdultSlope= 4.9245446221903
