ICQueenStrength= 3.59222849970683
RQWkrDrnRatio= 1.6272277245298
ICDroneMiteSurvivorship= 9.70492174383253
ICWorkerMiteSurvivorship= 26.7323591280729
ICForagerLifespan= 8.36045698914677
ImmType= Sine
AIAdultSlope= 0.422065062357578
AIAdultLD50= 0.303529245196842
AIAdultSlopeContact= 0.540766990792472
AIAdultLD50Contact= 0.0494132090359926
AILarvaSlope= 2.65258292364888
AILarvaLD50= 0.0552177330013365
AIKOW= 2.89374547637999
AIKOC= 6.90837978152558
AIHalfLife= 4.32858411921188
EAppRate= 0.176637188438326
