ICQueenStrength= 5.97081301291473
RQWkrDrnRatio= 3.62840468715876
ICDroneMiteSurvivorship= 88.1100792670622
ICWorkerMiteSurvivorship= 64.6479256916791
ICForagerLifespan= 7.75665651634336
ImmType= Exponential
AIAdultSlope= 4.36545236501843
