ICQueenStrength= 2.78568161209114
RQWkrDrnRatio= 1.16421081312001
ICDroneMiteSurvivorship= 41.4781281258911
ICWorkerMiteSurvivorship= 0.206810887902975
ICForagerLifespan= 5.97498005069792
ImmType= Polynomial
AIAdultSlope= 3.59118149948074
AIAdultLD50= 0.382767267758027
AIAdultSlopeContact= 2.0467732407432
AIAdultLD50Contact= 0.0121985032921657
AILarvaSlope= 2.55799132268876
AILarvaLD50= 0.478665735013783
AIKOW= 4.21997450431809
AIKOC= 11.6645345126744
AIHalfLife= 2.65870274510235
EAppRate= 0.364395862235688
