ICQueenStrength= 2.24278397182934
RQWkrDrnRatio= 4.96209738496691
ICDroneMiteSurvivorship= 6.13304686266929
ICWorkerMiteSurvivorship= 72.0654202857986
ICForagerLifespan= 8.27930970862508
ImmType= Tangent
AIAdultSlope= 2.9241987993475
AIAdultLD50= 1.66732739377767
AIAdultSlopeContact= 3.41088988243835
AIAdultLD50Contact= 0.0207308681448922
AILarvaSlope= 3.0341300718952
AILarvaLD50= 0.605797232757323
AIKOW= 4.30366044258699
AIKOC= 9.10720853833482
AIHalfLife= 4.44234698312357
EAppRate= 0.0583656257949769
