ICQueenStrength= 5.90183117100969
RQWkrDrnRatio= 3.2780010169372
ICDroneMiteSurvivorship= 92.4705723766237
ICWorkerMiteSurvivorship= 3.47839132882655
ICForagerLifespan= 5.35284336004406
ImmType= Tangent
AIAdultSlope= 2.24173214053735
AIAdultLD50= 0.940834170905873
AIAdultSlopeContact= 1.7428434221074
AIAdultLD50Contact= 0.00505408691242337
AILarvaSlope= 7.62188425287604
AILarvaLD50= 0.00538221374154091
AIKOW= 92.821274115704
AIKOC= 95.0305309146643
AIHalfLife= 11.5053887623362
EAppRate= 1.81541548157111
