ICQueenStrength= 2.73339214874431
RQWkrDrnRatio= 1.44686311390251
ICDroneMiteSurvivorship= 69.2865602206439
ICWorkerMiteSurvivorship= 24.7452447889373
ICForagerLifespan= 7.92034897487611
ImmType= Exponential
AIAdultSlope= 2.66932386878645
AIAdultLD50= 0.276005985797383
AIAdultSlopeContact= 3.72739462375408
AIAdultLD50Contact= 0.00963437504833564
AILarvaSlope= 1.65824374058284
AILarvaLD50= 0.476353935920633
AIKOW= 5.60606468468904
AIKOC= 14.3804912117776
AIHalfLife= 1.83435635757633
EAppRate= 0.0806152899749577
