ICQueenStrength= 1.97484511672519
RQWkrDrnRatio= 1.92966362275183
ICDroneMiteSurvivorship= 41.9206254184246
ICWorkerMiteSurvivorship= 46.2856319034472
ICForagerLifespan= 11.5307902898639
ImmType= Polynomial
AIAdultLD50= 0.154012839635834
AIAdultSlopeContact= 1.1198317535338
AIAdultLD50Contact= 0.0169996448676102
AILarvaSlope= 1.38288915604353
AILarvaLD50= 0.623356234445237
AIKOW= 5.37393578886986
AIKOC= 16.663181707263
AIHalfLife= 4.27796015655622
EAppRate= 1.11363589810207
