ICQueenStrength= 5.05346426297911
RQWkrDrnRatio= 1.77393984422088
ICDroneMiteSurvivorship= 11.6411047754809
ICWorkerMiteSurvivorship= 42.4495532177389
ICForagerLifespan= 13.4527379889041
ImmType= Exponential
AIAdultSlope= 3.21564052524045
AIAdultLD50= 1.86814920511097
AIAdultSlopeContact= 1.64131065065274
AIAdultLD50Contact= 0.0182297071325593
AILarvaSlope= 0.27496498352848
AILarvaLD50= 0.824322435515933
AIKOW= 5.34949267562479
AIKOC= 12.8913510718849
AIHalfLife= 9.06401109974831
EAppRate= 0.383595102000982
