ICQueenStrength= 1.25851903134026
RQWkrDrnRatio= 1.64755248092115
ICDroneMiteSurvivorship= 71.3050950784236
ICWorkerMiteSurvivorship= 62.6598927890882
ICForagerLifespan= 12.1872273767367
ImmType= Logarithmic
AIAdultSlope= 3.59357634093612
