ICQueenStrength= 2.27141669509001
RQWkrDrnRatio= 1.72860851977021
ICDroneMiteSurvivorship= 56.8512266036123
ICWorkerMiteSurvivorship= 34.0408702380955
ICForagerLifespan= 12.8387924656272
ImmType= Tangent
AIAdultSlope= 3.26837497507222
AIAdultLD50= 2.26909305411391
AIAdultSlopeContact= 2.41782433874672
AIAdultLD50Contact= 0.0059761936427094
AILarvaSlope= 0.636016049794853
AILarvaLD50= 0.640842857980169
AIKOW= 7.2668593195267
AIKOC= 16.6747267195024
AIHalfLife= 1.36862123804167
EAppRate= 0.893706501228735
