ICQueenStrength= 4.86392444954254
RQWkrDrnRatio= 1.76464910246432
ICDroneMiteSurvivorship= 25.4687476204708
ICWorkerMiteSurvivorship= 62.832512636669
ICForagerLifespan= 13.0427191434428
ImmType= Sine
AIAdultSlope= 1.94497820679797
AIAdultLD50= 0.122083696420304
AIAdultSlopeContact= 2.72137189675821
AIAdultLD50Contact= 0.0343541999813169
AILarvaSlope= 0.482165319239721
AILarvaLD50= 0.607142387190834
AIKOW= 4.84160089772195
AIKOC= 8.58570634271018
AIHalfLife= 2.95726676238701
EAppRate= 0.556896889442578
