ICQueenStrength= 3.36625489895232
RQWkrDrnRatio= 4.49064059462398
ICDroneMiteSurvivorship= 66.057578031905
ICWorkerMiteSurvivorship= 87.5701697776094
ICForagerLifespan= 12.2720421086997
ImmType= Cosine
AIAdultSlope= 2.36591808963567
