ICQueenStrength= 5.48014113353565
RQWkrDrnRatio= 4.40316575020552
ICDroneMiteSurvivorship= 70.4096562694758
ICWorkerMiteSurvivorship= 50.1919967820868
ICForagerLifespan= 13.2099488181993
ImmType= Sine
AIAdultSlopeContact= 0.346878064975608
AIAdultLD50Contact= 0.0370830943225883
AILarvaSlope= 0.661340090166777
AILarvaLD50= 0.493963123834692
AIKOW= 3.80866801412776
AIKOC= 23.4698575874791
AIHalfLife= 5.06571600027382
