ICQueenStrength= 5.99022131902166
RQWkrDrnRatio= 3.93206223566085
ICDroneMiteSurvivorship= 40.2108809212223
ICWorkerMiteSurvivorship= 70.6340828211978
ICForagerLifespan= 12.0025155665353
ImmType= Tangent
AIAdultSlope= 0.00416963822208345
AIAdultLD50= 0.391970347147435
AIAdultSlopeContact= 1.80665873929393
AIAdultLD50Contact= 0.0336841382435523
AILarvaSlope= 0.285709375655279
AILarvaLD50= 0.236407699808478
AIKOW= 7.97463158750907
AIKOC= 11.9400741660502
AIHalfLife= 2.86877066129819
EAppRate= 0.570307047362439
