ICQueenStrength= 4.86345656472258
RQWkrDrnRatio= 2.21275632269681
ICDroneMiteSurvivorship= 89.839419326745
ICWorkerMiteSurvivorship= 50.8359913947061
ICForagerLifespan= 5.51144704222679
ImmType= Polynomial
AIAdultSlope= 0.782477643014863
AIAdultLD50= 1.52328891539946
AIAdultSlopeContact= 2.86062496460276
AIAdultLD50Contact= 0.0336776181007735
AILarvaSlope= 2.0052804661449
AILarvaLD50= 0.00650127378758043
AIKOW= 4.03455124795437
AIKOC= 12.0040840655565
AIHalfLife= 12.0680932835676
EAppRate= 0.988775627454743
