ICQueenStrength= 5.78971539647318
RQWkrDrnRatio= 2.25930851977319
ICDroneMiteSurvivorship= 36.4507933612913
ICWorkerMiteSurvivorship= 84.1938740573823
ICForagerLifespan= 7.67121959291399
ImmType= Cosine
AIAdultSlope= 2.61758559945971
AIAdultLD50= 0.197606692090631
AIAdultSlopeContact= 2.68033954959596
AIAdultLD50Contact= 0.0172495099250227
AILarvaSlope= 1.13034106013365
AILarvaLD50= 0.104160443670116
AIKOW= 7.23028177255765
AIKOC= 22.5174184376374
AIHalfLife= 0.629494071472436
EAppRate= 0
