ICQueenStrength= 1.51752429688349
RQWkrDrnRatio= 4.3883086303249
ICDroneMiteSurvivorship= 0.697174924425781
ICWorkerMiteSurvivorship= 14.6393544506282
ICForagerLifespan= 14.7389944763854
ImmType= Polynomial
AIAdultSlope= 3.79025608068332
