ICQueenStrength= 2.03971316711977
RQWkrDrnRatio= 4.54391146823764
ICDroneMiteSurvivorship= 69.0108248498291
ICWorkerMiteSurvivorship= 78.8145477185026
ICForagerLifespan= 10.8760169073939
ImmType= Tangent
AIAdultSlope= 1.99578069345094
AIAdultLD50= 0.156426918343641
AIAdultSlopeContact= 0.992855863098521
AIAdultLD50Contact= 0.028276367043145
AILarvaSlope= 0.846917958464473
AILarvaLD50= 0.0695046963868663
AIKOW= 7.83611345011741
AIKOC= 26.2498240638524
AIHalfLife= 0.275039472617209
EAppRate= 0.335461934003979
