ICQueenStrength= 3.31535892817192
RQWkrDrnRatio= 1.63645305205137
ICDroneMiteSurvivorship= 75.3441548440605
ICWorkerMiteSurvivorship= 80.6417888961732
ICForagerLifespan= 4.74095890764147
ImmType= Logarithmic
AIAdultSlope= 3.54030162646668
AIAdultLD50= 0.186433593044057
AIAdultSlopeContact= 1.12375932021299
AIAdultLD50Contact= 0.014139961625915
AILarvaSlope= 1.13792835762724
AILarvaLD50= 0.196989077702165
AIKOW= 2.55912969121709
AIKOC= 28.54200212867
AIHalfLife= 0.694230130175129
EAppRate= 0
