ICQueenStrength= 3.88683613413014
RQWkrDrnRatio= 4.81580430734903
ICDroneMiteSurvivorship= 58.0476968549192
ICWorkerMiteSurvivorship= 3.39590671937913
ICForagerLifespan= 10.0698211556301
ImmType= Exponential
AIAdultSlope= 3.0018095231615
AIAdultLD50= 1.75152505422011
AIAdultSlopeContact= 2.1547104749945
AIAdultLD50Contact= 0.0371473990147933
AILarvaSlope= 0.0337506653275341
AILarvaLD50= 0.874400241114199
AIKOW= 5.70538000715896
AIKOC= 12.2544883703813
AIHalfLife= 11.8812881400809
EAppRate= 0.535736303310841
