ICQueenStrength= 4.1317680538632
RQWkrDrnRatio= 3.54128405172378
ICDroneMiteSurvivorship= 31.3728083390743
ICWorkerMiteSurvivorship= 48.3327051624656
ICForagerLifespan= 12.7635283758864
ImmType= Cosine
AIAdultSlopeContact= 2.03350399567746
AIAdultLD50Contact= 0.0376767561538145
AILarvaSlope= 2.22592239771038
AILarvaLD50= 0.728712702356279
AIKOW= 4.27839781390503
AIKOC= 9.4970401970204
AIHalfLife= 9.49919646326452
