ICQueenStrength= 5.79002786567435
RQWkrDrnRatio= 1.64449611026794
ICDroneMiteSurvivorship= 51.3931066729128
ICWorkerMiteSurvivorship= 97.8195659583434
ICForagerLifespan= 14.5594081720337
ImmType= Cosine
AIAdultSlope= 2.55290170004591
AIAdultLD50= 1.7433738426771
AIAdultSlopeContact= 0.888796429177746
AIAdultLD50Contact= 0.0187007139320485
AILarvaSlope= 1.53029587413184
AILarvaLD50= 0.443963954527862
AIKOW= 7.99134039739147
AIKOC= 15.4620668978896
AIHalfLife= 9.38320204988122
EAppRate= 0.881200465140864
