ICQueenStrength= 2.94483941770159
RQWkrDrnRatio= 3.47901727538556
ICDroneMiteSurvivorship= 5.87415520567447
ICWorkerMiteSurvivorship= 12.2558716451749
ICForagerLifespan= 10.8461358556524
ImmType= Polynomial
AIAdultSlope= 1.62692466294393
AIAdultLD50= 1.59715655562468
AIAdultSlopeContact= 0.574486170820892
AIAdultLD50Contact= 0.00907648790162057
AILarvaSlope= 0.419298861920834
AILarvaLD50= 0.578274263371714
AIKOW= 7.27263168198988
AIKOC= 10.6058908579871
AIHalfLife= 9.17569006094709
EAppRate= 0.877192194340751
