ICQueenStrength= 3.58132916409522
RQWkrDrnRatio= 2.4060127986595
ICDroneMiteSurvivorship= 35.0536867743358
ICWorkerMiteSurvivorship= 2.81941194552928
ICForagerLifespan= 4.31044648494571
ImmType= Logarithmic
AIAdultSlopeContact= 7.03427591361105
AIAdultLD50Contact= 0.161235309159383
AILarvaSlope= 0.863012576010078
AILarvaLD50= 1.39178542373702
AIKOW= 25.8440655190498
AIKOC= 32.4319416889921
AIHalfLife= 9.26952290534973
