ICQueenStrength= 5.19812840176746
RQWkrDrnRatio= 3.48594970162958
ICDroneMiteSurvivorship= 95.4952260944992
ICWorkerMiteSurvivorship= 45.3007632866502
ICForagerLifespan= 15.0500730127096
ImmType= Polynomial
AIAdultSlope= 2.17287169876508
AIAdultLD50= 1.6110682929866
AIAdultSlopeContact= 1.67000488892896
AIAdultLD50Contact= 0.00421825635712594
AILarvaSlope= 1.70410878206603
AILarvaLD50= 0.0279551985673606
AIKOW= 6.10305436700583
AIKOC= 22.9354610154405
AIHalfLife= 11.7404210981913
EAppRate= 0.0562165158335119
