ICQueenStrength= 4.11031128163449
RQWkrDrnRatio= 2.63169366773218
ICDroneMiteSurvivorship= 0.119477394036949
ICWorkerMiteSurvivorship= 25.970473443158
ICForagerLifespan= 7.14815708715469
ImmType= Tangent
AIAdultSlope= 1.54361744234338
AIAdultLD50= 1.25401880918071
AIAdultSlopeContact= 0.898736743081827
AIAdultLD50Contact= 0.0115619214484468
AILarvaSlope= 3.161135873897
AILarvaLD50= 0.202850087033585
AIKOW= 3.2063095443882
AIKOC= 16.4305459952448
AIHalfLife= 11.8880079435185
EAppRate= 0.124559893971309
