ICQueenStrength= 5.82538222684525
RQWkrDrnRatio= 1.71369260642678
ICDroneMiteSurvivorship= 92.0561008388177
ICWorkerMiteSurvivorship= 92.3852515406907
ICForagerLifespan= 7.18099161423743
ImmType= Logarithmic
AIAdultSlope= 3.26298135099933
AIAdultLD50= 0.0842177937738597
AIAdultSlopeContact= 4.34065066743642
AIAdultLD50Contact= 0.0163936060387641
AILarvaSlope= 8.2955306279473
AILarvaLD50= 1.10042810067534
AIKOW= 88.3550388505682
AIKOC= 58.0087431939319
AIHalfLife= 9.59772275947034
EAppRate= 0.124564646277577
