ICQueenStrength= 3.06997747183777
RQWkrDrnRatio= 3.04337758012116
ICDroneMiteSurvivorship= 92.3158455174416
ICWorkerMiteSurvivorship= 59.7323800437152
ICForagerLifespan= 11.1237494563684
ImmType= Tangent
AIAdultSlopeContact= 3.36618101744447
AIAdultLD50Contact= 0.0205216870177537
AILarvaSlope= 1.73030208596028
AILarvaLD50= 0.565296837408096
AIKOW= 2.24450463755056
AIKOC= 7.10768859251402
AIHalfLife= 13.214941509068
