ICQueenStrength= 5.02484062709846
RQWkrDrnRatio= 2.74388191010803
ICDroneMiteSurvivorship= 81.4964061835781
ICWorkerMiteSurvivorship= 48.8395518856123
ICForagerLifespan= 11.0978748230264
ImmType= Logarithmic
AIAdultSlope= 1.73175242931582
AIAdultLD50= 0.496860727784224
AIAdultSlopeContact= 2.16743249702035
AIAdultLD50Contact= 0.0440062200068496
AILarvaSlope= 1.17991003519855
AILarvaLD50= 0.892627858626656
AIKOW= 2.4210473485291
AIKOC= 26.710307529429
AIHalfLife= 3.85560571798123
EAppRate= 0.622192751499824
