ICQueenStrength= 2.78134347661398
RQWkrDrnRatio= 1.77297261822969
ICDroneMiteSurvivorship= 76.1944099096581
ICWorkerMiteSurvivorship= 77.5667752837762
ICForagerLifespan= 9.8335175383836
ImmType= Exponential
AIAdultLD50= 0.154012839635834
AIAdultSlopeContact= 0.00548140900908038
AIAdultLD50Contact= 0.0438101383973844
AILarvaSlope= 2.15395231130533
AILarvaLD50= 0.358257972216234
AIKOW= 4.5096433898434
AIKOC= 24.3176586471964
AIHalfLife= 9.04879207769409
EAppRate= 0.45020055770874
