ICQueenStrength= 4.21917388355359
RQWkrDrnRatio= 1.82109121233225
ICDroneMiteSurvivorship= 52.8817689279094
ICWorkerMiteSurvivorship= 0.0486698932945728
ICForagerLifespan= 9.43867049925029
ImmType= Cosine
AIAdultSlope= 1.18577226343565
AIAdultLD50= 0.156225844752043
AIAdultSlopeContact= 0.99604851052165
AIAdultLD50Contact= 0.0366161300335079
AILarvaSlope= 2.66280365320854
AILarvaLD50= 0.115545158204623
AIKOW= 6.42530082957819
AIKOC= 12.831784238806
AIHalfLife= 1.36078705545515
EAppRate= 0.342830475163646
