ICQueenStrength= 5.54212380573153
RQWkrDrnRatio= 3.06931197177619
ICDroneMiteSurvivorship= 71.4720839634538
ICWorkerMiteSurvivorship= 60.9525159467012
ICForagerLifespan= 14.9905158160254
ImmType= Polynomial
AIAdultSlopeContact= 1.64229742306285
AIAdultLD50Contact= 0.0425720383645967
AILarvaSlope= 1.19327454823069
AILarvaLD50= 0.327104155998677
AIKOW= 4.9747396344319
AIKOC= 13.2740184734575
AIHalfLife= 2.86588293965906
