ICQueenStrength= 2.09705640701577
RQWkrDrnRatio= 1.68342030607164
ICDroneMiteSurvivorship= 64.374591014348
ICWorkerMiteSurvivorship= 21.1626579985023
ICForagerLifespan= 7.04322902578861
ImmType= Tangent
AIAdultSlope= 1.16704494248377
AIAdultLD50= 0.263064553146251
AIAdultSlopeContact= 1.05393787236186
AIAdultLD50Contact= 0.0258723012171686
AILarvaSlope= 3.16343335569836
AILarvaLD50= 0.883732287073508
AIKOW= 7.45393960271031
AIKOC= 13.3930567547213
AIHalfLife= 4.10787946311757
EAppRate= 0.0946966315852478
