ICQueenStrength= 5.25156042678282
RQWkrDrnRatio= 3.70929307304323
ICDroneMiteSurvivorship= 77.7385528432205
ICWorkerMiteSurvivorship= 93.6418930068612
ICForagerLifespan= 8.20723944250494
ImmType= Polynomial
AIAdultSlope= 2.05869695879519
AIAdultLD50= 1.97325846226886
AIAdultSlopeContact= 3.74144758083858
AIAdultLD50Contact= 0.0396132179303095
AILarvaSlope= 3.10672230683267
AILarvaLD50= 0.123180098226294
AIKOW= 3.75711652822793
AIKOC= 28.7510328588542
AIHalfLife= 8.37315991288051
EAppRate= 0.781739610945806
