ICQueenStrength= 3.84308180795051
RQWkrDrnRatio= 2.70245570130646
ICDroneMiteSurvivorship= 42.7367227384821
ICWorkerMiteSurvivorship= 25.7992218714207
ICForagerLifespan= 12.6567901615053
ImmType= Polynomial
AIAdultSlope= 1.50987774393288
AIAdultLD50= 0.390185004216619
AIAdultSlopeContact= 0.719811386531219
AIAdultLD50Contact= 0.0105412957607768
AILarvaSlope= 2.28115775855258
AILarvaLD50= 0.130550490715541
AIKOW= 7.51960475370288
AIKOC= 22.1944421250373
AIHalfLife= 2.45439769350924
EAppRate= 0
