ICQueenStrength= 5.63297889218666
RQWkrDrnRatio= 2.71483123116195
ICDroneMiteSurvivorship= 31.5476574935019
ICWorkerMiteSurvivorship= 42.2272887546569
ICForagerLifespan= 6.42078925389796
ImmType= Logarithmic
AIAdultSlopeContact= 8.48006130894646
AIAdultLD50Contact= 0.0981291010510176
AILarvaSlope= 3.60970671288669
AILarvaLD50= 0.252385026775301
AIKOW= 76.4372781850398
AIKOC= 27.1488421596587
AIHalfLife= 10.8058956633322
