ICQueenStrength= 5.9238304712344
RQWkrDrnRatio= 4.6060410682112
ICDroneMiteSurvivorship= 20.0275827664882
ICWorkerMiteSurvivorship= 56.0542182531208
ICForagerLifespan= 7.70877306442708
ImmType= Exponential
AIAdultSlope= 1.48208806678187
AIAdultLD50= 0.0403607086045668
AIAdultSlopeContact= 0.259843726570252
AIAdultLD50Contact= 0.0497590325772762
AILarvaSlope= 3.11100810319185
AILarvaLD50= 0.742199893668294
AIKOW= 5.26013191929087
AIKOC= 24.0996902936604
AIHalfLife= 2.97060748911463
EAppRate= 0
