ICQueenStrength= 3.2512481524609
RQWkrDrnRatio= 3.86863223928958
ICDroneMiteSurvivorship= 49.727907567285
ICWorkerMiteSurvivorship= 56.804368714802
ICForagerLifespan= 10.4884926341474
ImmType= Exponential
AIAdultSlopeContact= 0.874793822227512
AIAdultLD50Contact= 0.00353812805842608
AILarvaSlope= 1.32664680648595
AILarvaLD50= 0.509044295386411
AIKOW= 4.67468944890425
AIKOC= 19.967841503676
AIHalfLife= 8.48340399516746
