ICQueenStrength= 4.83149112109095
RQWkrDrnRatio= 3.88010662514716
ICDroneMiteSurvivorship= 21.1668032454327
ICWorkerMiteSurvivorship= 24.7382186353207
ICForagerLifespan= 7.17495028767735
ImmType= Tangent
AIAdultSlope= 1.1802838884294
AIAdultLD50= 2.73700932785869
AIAdultSlopeContact= 3.29993921927875
AIAdultLD50Contact= 0.000772199593484402
AILarvaSlope= 0.266998929483816
AILarvaLD50= 0.192823726125062
AIKOW= 4.54311659280211
AIKOC= 26.5994235884864
AIHalfLife= 8.34019967867061
EAppRate= 0.0599070067983121
