ICQueenStrength= 5.23794898786582
RQWkrDrnRatio= 1.29267978016287
ICDroneMiteSurvivorship= 49.1286675445735
ICWorkerMiteSurvivorship= 8.30987829249352
ICForagerLifespan= 7.41529681254178
ImmType= Logarithmic
AIAdultSlopeContact= 0.427737038014457
AIAdultLD50Contact= 0.00644040020415559
AILarvaSlope= 1.68475409313105
AILarvaLD50= 0.0252597943414003
AIKOW= 5.48864094633609
AIKOC= 26.6677539050579
AIHalfLife= 10.298148073256
