ICQueenStrength= 2.45970240118913
RQWkrDrnRatio= 3.12813943531364
ICDroneMiteSurvivorship= 23.7595581682399
ICWorkerMiteSurvivorship= 50.2916912315413
ICForagerLifespan= 7.67704684566706
ImmType= Exponential
AIAdultSlope= 2.97168647290673
AIAdultLD50= 0.15520477690734
AIAdultSlopeContact= 2.1900959575153
AIAdultLD50Contact= 0.0393894890556112
AILarvaSlope= 1.33121757647023
AILarvaLD50= 0.527080267178826
AIKOW= 4.386546428781
AIKOC= 11.0588445339818
AIHalfLife= 3.89578578062356
EAppRate= 0.317583192558959
