ICQueenStrength= 3.18037847196683
RQWkrDrnRatio= 3.15488165430725
ICDroneMiteSurvivorship= 59.3685424886644
ICWorkerMiteSurvivorship= 14.9342367891222
ICForagerLifespan= 8.46378550957888
ImmType= Polynomial
AIAdultSlopeContact= 0.647863789745607
AIAdultLD50Contact= 0.00681172705953941
AILarvaSlope= 0.330649637011811
AILarvaLD50= 0.865971155581065
AIKOW= 3.82006062567234
AIKOC= 15.8733411878347
AIHalfLife= 11.5013141348027
