ICQueenStrength= 3.37089473986998
RQWkrDrnRatio= 3.84925084095448
ICDroneMiteSurvivorship= 87.4797704163939
ICWorkerMiteSurvivorship= 40.1101527735591
ICForagerLifespan= 15.4476092876866
ImmType= Sine
AIAdultSlope= 5.44540887698531
