ICQueenStrength= 2.80886230315082
RQWkrDrnRatio= 1.29267373960465
ICDroneMiteSurvivorship= 75.7489487528801
ICWorkerMiteSurvivorship= 82.8724818304181
ICForagerLifespan= 14.3626828286797
ImmType= Exponential
AIAdultSlope= 0.325121068255976
AIAdultLD50= 2.11280945758335
AIAdultSlopeContact= 2.82942016190384
AIAdultLD50Contact= 0.0398112454684451
AILarvaSlope= 3.00116146081127
AILarvaLD50= 0.235056396410801
AIKOW= 5.20596441766247
AIKOC= 10.6864964193664
AIHalfLife= 4.57698445674032
EAppRate= 0.616693669231609
