ICQueenStrength= 1.42912193574011
RQWkrDrnRatio= 1.2690345896408
ICDroneMiteSurvivorship= 95.1040399027988
ICWorkerMiteSurvivorship= 90.9612529212609
ICForagerLifespan= 11.4292150065303
ImmType= Polynomial
AIAdultSlope= 0.16350030020345
AIAdultLD50= 0.212719578295946
AIAdultSlopeContact= 1.58012645695126
AIAdultLD50Contact= 0.027979321021121
AILarvaSlope= 1.9755435784813
AILarvaLD50= 0.421226310892962
AIKOW= 2.47907123947516
AIKOC= 29.1221660282463
AIHalfLife= 3.50012614973821
EAppRate= 0.572444636770524
