ICQueenStrength= 4.38865157100372
RQWkrDrnRatio= 3.07824876066297
ICDroneMiteSurvivorship= 33.6404198082164
ICWorkerMiteSurvivorship= 29.126504692249
ICForagerLifespan= 5.78940634336323
ImmType= Exponential
AIAdultSlope= 1.25298204822466
AIAdultLD50= 2.90118186548352
AIAdultSlopeContact= 2.08283561533084
AIAdultLD50Contact= 0.035856456856709
AILarvaSlope= 1.8923838746734
AILarvaLD50= 0.279267566534691
AIKOW= 6.93622937100008
AIKOC= 24.1785929666366
AIHalfLife= 3.10503509128466
EAppRate= 0.338500336045399
