ICQueenStrength= 2.42192508443259
RQWkrDrnRatio= 1.69828085228801
ICDroneMiteSurvivorship= 89.2380599630997
ICWorkerMiteSurvivorship= 20.2021247940138
ICForagerLifespan= 14.367936049588
ImmType= Tangent
AIAdultSlopeContact= 1.10331044301856
AIAdultLD50Contact= 0.0134735279483721
AILarvaSlope= 1.37986528147012
AILarvaLD50= 0.223173204646446
AIKOW= 4.25310360500589
AIKOC= 5.71198290097527
AIHalfLife= 4.73583285091445
