ICQueenStrength= 4.96740130498074
RQWkrDrnRatio= 3.82883005030453
ICDroneMiteSurvivorship= 21.3212793925777
ICWorkerMiteSurvivorship= 52.2752670338377
ICForagerLifespan= 5.83535758219659
ImmType= Logarithmic
AIAdultSlopeContact= 3.34739267991856
AIAdultLD50Contact= 0.00536661735968664
AILarvaSlope= 2.75666803098284
AILarvaLD50= 0.715837830444798
AIKOW= 3.05945514049381
AIKOC= 15.7985490525607
AIHalfLife= 9.71458034217358
