ICQueenStrength= 1.08084032684565
RQWkrDrnRatio= 3.16335957031697
ICDroneMiteSurvivorship= 19.8131649987772
ICWorkerMiteSurvivorship= 91.2127855001017
ICForagerLifespan= 11.7388316914439
ImmType= Logarithmic
AIAdultSlope= 1.30787149858661
AIAdultLD50= 2.40356701612473
AIAdultSlopeContact= 2.32440030514263
AIAdultLD50Contact= 0.0302983302040957
AILarvaSlope= 2.77219260460697
AILarvaLD50= 0.820511527382769
AIKOW= 2.17111690388992
AIKOC= 13.6225444043521
AIHalfLife= 0.227275504264981
EAppRate= 0.166458323132247
