ICQueenStrength= 4.37054348550737
RQWkrDrnRatio= 1.72274867072701
ICDroneMiteSurvivorship= 5.570700741373
ICWorkerMiteSurvivorship= 73.6188647337258
ICForagerLifespan= 8.83344049565494
ImmType= Exponential
AIAdultSlope= 2.91891431841068
AIAdultLD50= 2.97220173524693
AIAdultSlopeContact= 2.02268812692259
AIAdultLD50Contact= 0.00383347684983164
AILarvaSlope= 0.512649904657155
AILarvaLD50= 0.0668625639751554
AIKOW= 2.91834835568443
AIKOC= 8.79744597012177
AIHalfLife= 0.139153855852783
EAppRate= 0.287646917626262
