ICQueenStrength= 4.82895076530986
RQWkrDrnRatio= 4.25570750515908
ICDroneMiteSurvivorship= 92.2344380989671
ICWorkerMiteSurvivorship= 76.7508762190118
ICForagerLifespan= 15.1907435934991
ImmType= Exponential
AIAdultSlope= 6.72770125092939
AIAdultLD50= 0.753329256083816
AIAdultSlopeContact= 2.35764961224049
AIAdultLD50Contact= 0.0937927115242928
AILarvaSlope= 7.09538502153009
AILarvaLD50= 1.26686049252748
AIKOW= 64.2531651537865
AIKOC= 23.9035152131692
AIHalfLife= 1.42614535521716
EAppRate= 0.393656955100596
