ICQueenStrength= 4.47524692420848
RQWkrDrnRatio= 4.74447731487453
ICDroneMiteSurvivorship= 81.267936527729
ICWorkerMiteSurvivorship= 62.8947538789362
ICForagerLifespan= 14.730776344426
ImmType= Exponential
AIAdultSlopeContact= 3.31532420579111
AIAdultLD50Contact= 0.021082333358936
AILarvaSlope= 0.574980359571055
AILarvaLD50= 0.686251847748645
AIKOW= 2.2844911897555
AIKOC= 12.4149409367237
AIHalfLife= 12.9545741728507
