ICQueenStrength= 5.21600581146777
RQWkrDrnRatio= 2.1941857310012
ICDroneMiteSurvivorship= 63.0645410623401
ICWorkerMiteSurvivorship= 30.5711674969643
ICForagerLifespan= 12.4839884182438
ImmType= Sine
AIAdultSlope= 0.455185736063868
AIAdultLD50= 0.179149595089257
AIAdultSlopeContact= 6.85104734264314
AIAdultLD50Contact= 0.0292305917944759
AILarvaSlope= 2.1660257386975
AILarvaLD50= 1.51863191602752
AIKOW= 71.7636583605781
AIKOC= 14.4046681467444
AIHalfLife= 13.6594776073471
EAppRate= 1.97663612198085
