ICQueenStrength= 4.98981819394976
RQWkrDrnRatio= 2.64768823329359
ICDroneMiteSurvivorship= 48.9625921938568
ICWorkerMiteSurvivorship= 64.0837777173147
ICForagerLifespan= 7.83772167935967
ImmType= Exponential
AIAdultSlope= 7.66103016678244
AIAdultLD50= 0.390060460893437
AIAdultSlopeContact= 5.50064682494849
AIAdultLD50Contact= 0.0906219862401486
AILarvaSlope= 6.01670644478872
AILarvaLD50= 1.18733733985573
AIKOW= 10.9400832792744
AIKOC= 45.2772081596777
AIHalfLife= 5.13175289286301
EAppRate= 0.755405545700341
