ICQueenStrength= 2.09190901974216
RQWkrDrnRatio= 2.48883540090173
ICDroneMiteSurvivorship= 57.5707392999902
ICWorkerMiteSurvivorship= 41.2943825125694
ICForagerLifespan= 13.0528616765514
ImmType= Tangent
AIAdultSlope= 3.33390265363269
AIAdultLD50= 1.05172959412448
AIAdultSlopeContact= 3.8636509820167
AIAdultLD50Contact= 0.0240991096477956
AILarvaSlope= 2.31249379673973
AILarvaLD50= 0.367296452494338
AIKOW= 5.63124358514324
AIKOC= 27.3647494567558
AIHalfLife= 4.68333608563989
EAppRate= 0.286691333632916
