ICQueenStrength= 3.39809127175249
RQWkrDrnRatio= 1.90851782355458
ICDroneMiteSurvivorship= 10.3264024015516
ICWorkerMiteSurvivorship= 76.0946952737868
ICForagerLifespan= 7.71676276158541
ImmType= Tangent
AIAdultSlope= 2.40626446637325
AIAdultLD50= 0.125713328132406
AIAdultSlopeContact= 1.72785598993767
AIAdultLD50Contact= 0.048442985129077
AILarvaSlope= 1.91550721325912
AILarvaLD50= 0.852212013839744
AIKOW= 2.62426006561145
AIKOC= 28.2177067606244
AIHalfLife= 1.30125923315063
EAppRate= 0.502945565083064
