ICQueenStrength= 1.94435893697664
RQWkrDrnRatio= 4.58933718595654
ICDroneMiteSurvivorship= 19.3257010541856
ICWorkerMiteSurvivorship= 92.1797743532807
ICForagerLifespan= 12.7328486796468
ImmType= Cosine
AIAdultSlope= 3.72100700391456
