ICQueenStrength= 4.77019661362283
RQWkrDrnRatio= 2.35808546189219
ICDroneMiteSurvivorship= 60.882209893316
ICWorkerMiteSurvivorship= 76.5299749793485
ICForagerLifespan= 13.3444455601275
ImmType= Sine
AIAdultSlope= 1.61599927940406
AIAdultLD50= 1.5343276897911
AIAdultSlopeContact= 3.60609407260548
AIAdultLD50Contact= 0.0379622124019079
AILarvaSlope= 0.666052708122879
AILarvaLD50= 0.272585394303314
AIKOW= 6.07486383616924
AIKOC= 17.3098063806538
AIHalfLife= 7.37913729762658
EAppRate= 0.270193298580125
