ICQueenStrength= 2.12534305895679
RQWkrDrnRatio= 1.25778504833579
ICDroneMiteSurvivorship= 4.86239597667009
ICWorkerMiteSurvivorship= 12.6151832519099
ICForagerLifespan= 10.5675063570961
ImmType= Polynomial
AIAdultSlope= 7.72190290503204
