ICQueenStrength= 2.62577349925414
RQWkrDrnRatio= 1.81138057541102
ICDroneMiteSurvivorship= 32.8307183692232
ICWorkerMiteSurvivorship= 64.3512297188863
ICForagerLifespan= 9.95659502688795
ImmType= Logarithmic
AIAdultSlope= 0.845882273372263
AIAdultSlopeContact= 3.19168419704307
AIAdultLD50Contact= 0.0243705799686722
AILarvaSlope= 1.04424319327809
AILarvaLD50= 0.171819588937797
AIKOW= 4.17035770276561
AIKOC= 6.88394992728718
AIHalfLife= 0.248563795816153
