ICQueenStrength= 2.32430016063154
RQWkrDrnRatio= 2.9365594163537
ICDroneMiteSurvivorship= 67.915196553804
ICWorkerMiteSurvivorship= 40.6290756771341
ICForagerLifespan= 15.5225841682404
ImmType= Logarithmic
AIAdultSlope= 1.30615877611563
AIAdultLD50= 2.06421712925658
AIAdultSlopeContact= 3.02502683197148
AIAdultLD50Contact= 0.0302515885909088
AILarvaSlope= 0.93462841049768
AILarvaLD50= 0.0723195525817573
AIKOW= 4.00707627739757
AIKOC= 21.3422595127486
AIHalfLife= 1.87096399487928
EAppRate= 0.498499527340755
