ICQueenStrength= 2.55898244818673
RQWkrDrnRatio= 4.80951796937734
ICDroneMiteSurvivorship= 1.11622037366033
ICWorkerMiteSurvivorship= 13.4542138082907
ICForagerLifespan= 7.04582736548036
ImmType= Cosine
AIAdultSlopeContact= 3.45827996963635
AIAdultLD50Contact= 0.030764446593821
AILarvaSlope= 8.36246712133288
AILarvaLD50= 0.0992223815992475
AIKOW= 27.2483986569569
AIKOC= 78.4096634946764
AIHalfLife= 8.72338877338916
