ICQueenStrength= 3.70527574233711
RQWkrDrnRatio= 1.96266107540578
ICDroneMiteSurvivorship= 7.1742350468412
ICWorkerMiteSurvivorship= 39.8080294718966
ICForagerLifespan= 13.4911177875474
ImmType= Logarithmic
AIAdultSlope= 0.613457822427154
AIAdultLD50= 1.27722386363894
AIAdultSlopeContact= 1.64236217202153
AIAdultLD50Contact= 0.0180557618965395
AILarvaSlope= 2.68264098986983
AILarvaLD50= 0.698349866224453
AIKOW= 4.27005508635193
AIKOC= 6.74884371226653
AIHalfLife= 0.414739998988807
EAppRate= 0.515022630570456
