ICQueenStrength= 1.97561750560999
RQWkrDrnRatio= 4.85497310291976
ICDroneMiteSurvivorship= 88.1231859093532
ICWorkerMiteSurvivorship= 37.976531079039
ICForagerLifespan= 6.72208441048861
ImmType= Tangent
AIAdultSlope= 8.73194337356836
