ICQueenStrength= 4.51600679452531
RQWkrDrnRatio= 1.54532645363361
ICDroneMiteSurvivorship= 92.66001584474
ICWorkerMiteSurvivorship= 62.6461891690269
ICForagerLifespan= 10.2703420175239
ImmType= Sine
AIAdultSlope= 3.16350294067757
AIAdultLD50= 0.244730661972426
AIAdultSlopeContact= 2.36062160757836
AIAdultLD50Contact= 0.0267795420484617
AILarvaSlope= 1.36237460705452
AILarvaLD50= 0.584275831351988
AIKOW= 2.26841991301626
AIKOC= 28.9949466544203
AIHalfLife= 2.27394881891087
EAppRate= 0.329121812805533
