ICQueenStrength= 3.08024138584733
RQWkrDrnRatio= 2.64164787624031
ICDroneMiteSurvivorship= 64.8967822780833
ICWorkerMiteSurvivorship= 10.0702475057915
ICForagerLifespan= 9.1179076153785
ImmType= Sine
AIAdultSlope= 1.84527407223359
AIAdultLD50= 0.909915695199743
AIAdultSlopeContact= 3.17657327590277
AIAdultLD50Contact= 0.039402213820722
AILarvaSlope= 1.04124422953464
AILarvaLD50= 0.257431227271445
AIKOW= 6.5998144284822
AIKOC= 9.63160296203569
AIHalfLife= 5.64115687971935
EAppRate= 0.996735832188278
