ICQueenStrength= 2.25701086828485
RQWkrDrnRatio= 2.29923051130027
ICDroneMiteSurvivorship= 73.0044776108116
ICWorkerMiteSurvivorship= 92.5381796667352
ICForagerLifespan= 5.41717161703855
ImmType= Tangent
AIAdultSlope= 3.71188245433616
AIAdultLD50= 0.0283852723659948
AIAdultSlopeContact= 3.38931827484397
AIAdultLD50Contact= 0.0348338409559801
AILarvaSlope= 1.47646011277102
AILarvaLD50= 0.535413821227849
AIKOW= 5.80343425413594
AIKOC= 10.4783254337963
AIHalfLife= 2.32325416989625
EAppRate= 0
