ICQueenStrength= 4.0580516369082
RQWkrDrnRatio= 1.40075186081231
ICDroneMiteSurvivorship= 97.1764873480424
ICWorkerMiteSurvivorship= 8.24548422824591
ICForagerLifespan= 7.01041472982615
ImmType= Sine
AIAdultSlope= 3.17621899303049
