ICQueenStrength= 3.22653591074049
RQWkrDrnRatio= 4.66245836764574
ICDroneMiteSurvivorship= 20.1263464288786
ICWorkerMiteSurvivorship= 92.1960351523012
ICForagerLifespan= 10.456605264917
ImmType= Polynomial
AIAdultSlope= 0.875561351096258
AIAdultLD50= 0.595585826318711
AIAdultSlopeContact= 0.57791343874298
AIAdultLD50Contact= 0.0224943870445713
AILarvaSlope= 2.40640218248591
AILarvaLD50= 0.429826788324863
AIKOW= 6.80668727541342
AIKOC= 16.6250913066324
AIHalfLife= 9.71669686492532
EAppRate= 0.734444629400969
