ICQueenStrength= 2.26849296502769
RQWkrDrnRatio= 2.9108486585319
ICDroneMiteSurvivorship= 88.0192726384848
ICWorkerMiteSurvivorship= 13.7272844556719
ICForagerLifespan= 8.26564495731145
ImmType= Exponential
AIAdultSlope= 2.69315604240401
AIAdultLD50= 0.176682805409655
AIAdultSlopeContact= 0.262355346931145
AIAdultLD50Contact= 0.0288364186650142
AILarvaSlope= 3.29423393094912
AILarvaLD50= 0.355982345645316
AIKOW= 4.86499315220863
AIKOC= 13.6377902538516
AIHalfLife= 1.34515202604234
EAppRate= 0
