ICQueenStrength= 4.71872695279308
RQWkrDrnRatio= 1.20308514218777
ICDroneMiteSurvivorship= 55.3746521705762
ICWorkerMiteSurvivorship= 30.0545844016597
ICForagerLifespan= 14.4414354665205
ImmType= Cosine
AIAdultSlopeContact= 0.801752196613234
AIAdultLD50Contact= 0.00529648243682459
AILarvaSlope= 0.904945365153253
AILarvaLD50= 0.1694496875396
AIKOW= 5.64102989016101
AIKOC= 10.0511530076619
AIHalfLife= 0.411128548439592
