ICQueenStrength= 1.409940459067
RQWkrDrnRatio= 1.64632753841579
ICDroneMiteSurvivorship= 91.3410993525758
ICWorkerMiteSurvivorship= 98.0388104915619
ICForagerLifespan= 4.54414930380881
ImmType= Polynomial
AIAdultSlope= 2.92792889476055
AIAdultLD50= 0.470428798696958
AIAdultSlopeContact= 1.04945630688686
AIAdultLD50Contact= 0.0323284330544993
AILarvaSlope= 2.65691808094271
AILarvaLD50= 0.194359239027835
AIKOW= 3.66778870858252
AIKOC= 18.5306206939276
AIHalfLife= 3.51146916975267
EAppRate= 0
