ICQueenStrength= 4.2470060698688
RQWkrDrnRatio= 1.6092038480565
ICDroneMiteSurvivorship= 1.13504135515541
ICWorkerMiteSurvivorship= 66.9218259165064
ICForagerLifespan= 9.46525226905942
ImmType= Sine
AIAdultSlope= 1.71603334494866
AIAdultLD50= 0.653424287913367
AIAdultSlopeContact= 2.46712987928884
AIAdultLD50Contact= 0.000406117725651711
AILarvaSlope= 0.254096598317847
AILarvaLD50= 0.31692029661499
AIKOW= 5.75951624428853
AIKOC= 15.3336086322088
AIHalfLife= 10.6169557757676
EAppRate= 0.838113750796765
