ICQueenStrength= 4.22372261784039
RQWkrDrnRatio= 4.38895658403635
ICDroneMiteSurvivorship= 20.3812416177243
ICWorkerMiteSurvivorship= 64.5835225237533
ICForagerLifespan= 6.10160225443542
ImmType= Tangent
AIAdultSlope= 1.35453076341888
AIAdultLD50= 0.0217842777492478
AIAdultSlopeContact= 0.49332320104586
AIAdultLD50Contact= 0.0377245571347885
AILarvaSlope= 1.28922737073153
AILarvaLD50= 0.229874432715587
AIKOW= 3.96127507882193
AIKOC= 25.199989277171
AIHalfLife= 3.4318294422701
EAppRate= 0.0492464079521596
