ICQueenStrength= 4.58452183776535
RQWkrDrnRatio= 4.36396163608879
ICDroneMiteSurvivorship= 8.05683606304228
ICWorkerMiteSurvivorship= 64.9659727467224
ICForagerLifespan= 14.3171681808308
ImmType= Logarithmic
AIAdultSlope= 2.98544336343184
