ICQueenStrength= 2.52793294168077
RQWkrDrnRatio= 1.02160936594009
ICDroneMiteSurvivorship= 86.9138043606654
ICWorkerMiteSurvivorship= 23.487809044309
ICForagerLifespan= 8.51091274060309
ImmType= Exponential
AIAdultSlopeContact= 5.93371196649969
AIAdultLD50Contact= 0.191393114672974
AILarvaSlope= 6.35133953299373
AILarvaLD50= 0.552917167078704
AIKOW= 99.0403658244759
AIKOC= 66.3590128766373
AIHalfLife= 6.96184246335179
