ICQueenStrength= 3.81640912755392
RQWkrDrnRatio= 1.37914780434221
ICDroneMiteSurvivorship= 25.2404669998214
ICWorkerMiteSurvivorship= 90.8897140994668
ICForagerLifespan= 8.41200117021799
ImmType= Sine
AIAdultSlope= 2.65623450949788
AIAdultLD50= 2.39907423430122
AIAdultSlopeContact= 2.26079905153485
AIAdultLD50Contact= 0.0498027219553478
AILarvaSlope= 0.342084467923269
AILarvaLD50= 0.591966525698081
AIKOW= 3.41623345017433
AIKOC= 22.3267647624016
AIHalfLife= 3.9472746332176
EAppRate= 0.370892727281898
