ICQueenStrength= 4.5121131897904
RQWkrDrnRatio= 3.1462609488517
ICDroneMiteSurvivorship= 13.2405613781884
ICWorkerMiteSurvivorship= 37.2444970766082
ICForagerLifespan= 9.42690621316433
ImmType= Sine
AIAdultSlope= 7.63749019708484
AIAdultLD50= 0.798450603848323
AIAdultSlopeContact= 0.617643010336906
AIAdultLD50Contact= 0.0440261230804026
AILarvaSlope= 8.70472191367298
AILarvaLD50= 1.56532925786451
AIKOW= 88.240194413811
AIKOC= 27.1675717318431
AIHalfLife= 2.34718941757455
EAppRate= 1.48723281128332
