ICQueenStrength= 2.69465407729149
RQWkrDrnRatio= 2.90174763742834
ICDroneMiteSurvivorship= 11.0829424113035
ICWorkerMiteSurvivorship= 29.6165999490768
ICForagerLifespan= 14.4903955291957
ImmType= Exponential
AIAdultSlopeContact= 1.25679052755469
AIAdultLD50Contact= 0.00628745957510546
AILarvaSlope= 2.95055659958161
AILarvaLD50= 0.345355171803385
AIKOW= 3.56130945729092
AIKOC= 21.0385014780331
AIHalfLife= 12.7212371407077
