ICQueenStrength= 4.80119855515659
RQWkrDrnRatio= 4.35834362357855
ICDroneMiteSurvivorship= 78.9751964155585
ICWorkerMiteSurvivorship= 38.6457010405138
ICForagerLifespan= 13.6547251306474
ImmType= Tangent
AIAdultSlope= 8.02291240543127
