ICQueenStrength= 4.08152559679002
RQWkrDrnRatio= 3.10691838338971
ICDroneMiteSurvivorship= 17.9565762868151
ICWorkerMiteSurvivorship= 66.602913942188
ICForagerLifespan= 4.74632479529828
ImmType= Logarithmic
AIAdultSlope= 1.84678292218596
AIAdultSlopeContact= 3.38923970627133
AIAdultLD50Contact= 0.0276381210191175
AILarvaSlope= 1.37711829091422
AILarvaLD50= 0.41830578991212
AIKOW= 7.79876000573859
AIKOC= 11.5424533735495
AIHalfLife= 9.25451055681333
