ICQueenStrength= 1.90424889116548
RQWkrDrnRatio= 2.79080851376057
ICDroneMiteSurvivorship= 20.2241176506504
ICWorkerMiteSurvivorship= 25.9143791394308
ICForagerLifespan= 14.6136115845293
ImmType= Cosine
AIAdultSlope= 0.385007875955198
AIAdultLD50= 0.366330845165066
AIAdultSlopeContact= 1.65688865607837
AIAdultLD50Contact= 0.0458104152814485
AILarvaSlope= 3.33214450064115
AILarvaLD50= 0.319349486147985
AIKOW= 3.23694702936336
AIKOC= 23.6167365813162
AIHalfLife= 3.69412268628366
EAppRate= 0.624546968028881
