ICQueenStrength= 5.39622832695022
RQWkrDrnRatio= 4.74055515043437
ICDroneMiteSurvivorship= 84.0649797348306
ICWorkerMiteSurvivorship= 62.4725087545812
ICForagerLifespan= 9.15047598350793
ImmType= Exponential
AIAdultSlope= 1.88943267911673
AIAdultLD50= 1.57019693730399
AIAdultSlopeContact= 0.157997391780373
AIAdultLD50Contact= 0.0139827143517323
AILarvaSlope= 1.69516579569317
AILarvaLD50= 0.3067769538844
AIKOW= 2.36417865427211
AIKOC= 19.7565694351215
AIHalfLife= 3.09790636086836
EAppRate= 0.262649507960305
