ICQueenStrength= 3.59488803101704
RQWkrDrnRatio= 1.27951501589268
ICDroneMiteSurvivorship= 54.1280991164967
ICWorkerMiteSurvivorship= 70.8703381475061
ICForagerLifespan= 8.35109271854162
ImmType= Cosine
AIAdultSlope= 3.30459361273795
AIAdultLD50= 0.180448105442338
AIAdultSlopeContact= 2.15860015417216
AIAdultLD50Contact= 0.0340091067482717
AILarvaSlope= 2.27446100423112
AILarvaLD50= 0.0520336701069027
AIKOW= 6.43790102750063
AIKOC= 29.0881715668365
AIHalfLife= 0.925786754814908
EAppRate= 0.606929748412222
