ICQueenStrength= 1.88962622801773
RQWkrDrnRatio= 1.66103385388851
ICDroneMiteSurvivorship= 81.7569301929325
ICWorkerMiteSurvivorship= 13.1324578309432
ICForagerLifespan= 7.09828363731503
ImmType= Tangent
AIAdultSlope= 2.49164758725092
AIAdultLD50= 0.445258837658912
AIAdultSlopeContact= 0.979024335520808
AIAdultLD50Contact= 0.0372663919464685
AILarvaSlope= 1.34253552723676
AILarvaLD50= 0.836198937473819
AIKOW= 4.50347384810448
AIKOC= 21.6103071940597
AIHalfLife= 9.24450525594875
EAppRate= 0.0655513678211719
