ICQueenStrength= 1.95342168468051
RQWkrDrnRatio= 3.98775085061789
ICDroneMiteSurvivorship= 81.0655032517388
ICWorkerMiteSurvivorship= 13.9975351747125
ICForagerLifespan= 5.69621796999127
ImmType= Exponential
AIAdultSlope= 6.64381233276799
AIAdultLD50= 0.22361351409927
AIAdultSlopeContact= 4.7406800207682
AIAdultLD50Contact= 0.0151714287232608
AILarvaSlope= 1.71252057421952
AILarvaLD50= 0.990433478262275
AIKOW= 65.0686668930575
AIKOC= 98.4128394862637
AIHalfLife= 1.35006202850491
EAppRate= 1.78623552946374
