ICQueenStrength= 2.87361801508814
RQWkrDrnRatio= 3.50261121243238
ICDroneMiteSurvivorship= 35.6444788631052
ICWorkerMiteSurvivorship= 35.8103309525177
ICForagerLifespan= 4.77282357867807
ImmType= Polynomial
AIAdultSlope= 1.50827435852028
AIAdultLD50= 0.0443893359042704
AIAdultSlopeContact= 2.98950255214004
AIAdultLD50Contact= 0.00836111410753801
AILarvaSlope= 1.39746872908436
AILarvaLD50= 0.539472974301316
AIKOW= 3.2093043634668
AIKOC= 6.8996806582436
AIHalfLife= 0.564678554655984
EAppRate= 0.165083696460351
