ICQueenStrength= 4.00931461970322
RQWkrDrnRatio= 3.7968147136271
ICDroneMiteSurvivorship= 32.7411493752152
ICWorkerMiteSurvivorship= 30.1541842054576
ICForagerLifespan= 14.9114062041044
ImmType= Exponential
AIAdultSlopeContact= 1.45264698282117
AIAdultLD50Contact= 0.0486454539932311
AILarvaSlope= 0.97384624700062
AILarvaLD50= 0.806433092337102
AIKOW= 2.95845239283517
AIKOC= 7.56720195175149
AIHalfLife= 1.88046875037253
