ICQueenStrength= 3.60957610444166
RQWkrDrnRatio= 3.59762309212238
ICDroneMiteSurvivorship= 49.7683582827449
ICWorkerMiteSurvivorship= 46.8366629909724
ICForagerLifespan= 7.2297538779676
ImmType= Polynomial
AIAdultSlope= 2.79746709065745
AIAdultLD50= 0.460207184543833
AIAdultSlopeContact= 3.20011960503878
AIAdultLD50Contact= 0.040553606976755
AILarvaSlope= 0.708768674917519
AILarvaLD50= 0.883156644576229
AIKOW= 7.4987236992456
AIKOC= 17.7154115063604
AIHalfLife= 1.16221136646345
EAppRate= 0.362508882232942
