ICQueenStrength= 1.16132870223373
RQWkrDrnRatio= 2.88090823031962
ICDroneMiteSurvivorship= 69.9200464179739
ICWorkerMiteSurvivorship= 89.4484964897856
ICForagerLifespan= 15.1076072761789
ImmType= Exponential
AIAdultLD50= 0.154012839635834
AIAdultSlopeContact= 3.50771435087314
AIAdultLD50Contact= 0.0312540286686271
AILarvaSlope= 2.89425207190216
AILarvaLD50= 0.632327349786647
AIKOW= 4.77981487615034
AIKOC= 28.5322059073951
AIHalfLife= 5.24952043360099
EAppRate= 1.91649713087827
