ICQueenStrength= 3.20309394760989
RQWkrDrnRatio= 2.30457257293165
ICDroneMiteSurvivorship= 93.8895998988301
ICWorkerMiteSurvivorship= 89.4972830777988
ICForagerLifespan= 6.75022630114108
ImmType= Sine
AIAdultSlopeContact= 6.09978682361543
AIAdultLD50Contact= 0.00361550352536142
AILarvaSlope= 0.131588922813535
AILarvaLD50= 1.16235762275755
AIKOW= 1.22066123876721
AIKOC= 20.0325313955545
AIHalfLife= 1.37680350011215
