ICQueenStrength= 1.90188966365531
RQWkrDrnRatio= 2.01580196712166
ICDroneMiteSurvivorship= 63.3516679052263
ICWorkerMiteSurvivorship= 28.6180194234475
ICForagerLifespan= 4.18655184749514
ImmType= Cosine
AIAdultSlope= 1.16570710586384
AIAdultLD50= 1.74851360265166
AIAdultSlopeContact= 1.10143349092221
AIAdultLD50Contact= 0.0135323842638172
AILarvaSlope= 0.323397375456989
AILarvaLD50= 0.692402339098044
AIKOW= 2.41185415396467
AIKOC= 23.1779289152473
AIHalfLife= 4.32049154490232
EAppRate= 0.468691452406347
