ICQueenStrength= 5.64503841008991
RQWkrDrnRatio= 1.98442155029625
ICDroneMiteSurvivorship= 53.6844576243311
ICWorkerMiteSurvivorship= 46.114640054293
ICForagerLifespan= 7.85759050864726
ImmType= Sine
AIAdultSlopeContact= 0.484644145835191
AIAdultLD50Contact= 0.0124507252476178
AILarvaSlope= 1.81429095435888
AILarvaLD50= 0.733585009211674
AIKOW= 5.92119655990973
AIKOC= 13.9143266668543
AIHalfLife= 0.670501365326345
