ICQueenStrength= 2.99017104809172
RQWkrDrnRatio= 4.59861900657415
ICDroneMiteSurvivorship= 13.6396385263652
ICWorkerMiteSurvivorship= 17.7951109129936
ICForagerLifespan= 9.77483485359699
ImmType= Polynomial
AIAdultSlope= 3.87729053014889
AIAdultLD50= 0.287569243577309
AIAdultSlopeContact= 1.24661442924058
AIAdultLD50Contact= 0.0223984242184088
AILarvaSlope= 3.21839030152187
AILarvaLD50= 0.57893515296746
AIKOW= 2.31367095420137
AIKOC= 7.44992642547004
AIHalfLife= 1.93609133712016
EAppRate= 0.450597157422453
