ICQueenStrength= 3.5183661817573
RQWkrDrnRatio= 4.4112576013431
ICDroneMiteSurvivorship= 58.1075112801045
ICWorkerMiteSurvivorship= 44.2030395148322
ICForagerLifespan= 10.9958166498691
ImmType= Polynomial
AIAdultSlope= 3.03887384245172
AIAdultLD50= 0.624758053338155
AIAdultSlopeContact= 1.47789058741182
AIAdultLD50Contact= 0.191671925131232
AILarvaSlope= 3.08774273144081
AILarvaLD50= 0.591007974930108
AIKOW= 84.8622780293226
AIKOC= 75.5841887090355
AIHalfLife= 0.918451340403408
EAppRate= 1.74491995247081
