ICQueenStrength= 4.95669762394391
RQWkrDrnRatio= 3.50370535347611
ICDroneMiteSurvivorship= 83.7875681230798
ICWorkerMiteSurvivorship= 37.5900536542758
ICForagerLifespan= 6.3301868988201
ImmType= Sine
AIAdultSlope= 3.46417591101257
AIAdultLD50= 0.135819358169101
AIAdultSlopeContact= 3.07963796506869
AIAdultLD50Contact= 0.0380278938915581
AILarvaSlope= 3.34788723322563
AILarvaLD50= 0.145583417918533
AIKOW= 7.90123808570206
AIKOC= 18.9874445216265
AIHalfLife= 1.05157528421842
EAppRate= 0.17863395633176
