ICQueenStrength= 5.79315836681053
RQWkrDrnRatio= 4.22331279981881
ICDroneMiteSurvivorship= 12.1196870226413
ICWorkerMiteSurvivorship= 8.36635990999639
ICForagerLifespan= 10.8354022111744
ImmType= Polynomial
AIAdultSlope= 3.8006121911807
AIAdultLD50= 0.383155859191902
AIAdultSlopeContact= 1.33186843206408
AIAdultLD50Contact= 0.00463859684532508
AILarvaSlope= 0.342602901021019
AILarvaLD50= 0.732382659777068
AIKOW= 7.46979879913852
AIKOC= 10.6827514141332
AIHalfLife= 3.03561101318337
EAppRate= 0.129849144606851
