ICQueenStrength= 3.27770486101508
RQWkrDrnRatio= 2.86860725935549
