ICQueenStrength= 3.97480580979027
RQWkrDrnRatio= 2.98473995458335
ICDroneMiteSurvivorship= 24.746595765464
ICWorkerMiteSurvivorship= 82.5207630870864
ICForagerLifespan= 15.5070781446993
ImmType= Polynomial
AIAdultSlope= 3.44902722772909
AIAdultLD50= 0.192220828612335
AIAdultSlopeContact= 1.91928779607872
AIAdultLD50Contact= 0.00998228334356099
AILarvaSlope= 1.07442977018654
AILarvaLD50= 0.748633896606043
AIKOW= 6.69844620954245
AIKOC= 18.6262638261542
AIHalfLife= 1.64137806626968
EAppRate= 0.18153887479566
