ICQueenStrength= 4.19518814212643
RQWkrDrnRatio= 1.63060417119414
ICDroneMiteSurvivorship= 91.7018511332572
ICWorkerMiteSurvivorship= 73.6037596594542
ICForagerLifespan= 12.6748828794807
ImmType= Tangent
AIAdultSlope= 6.38151451246813
