ICQueenStrength= 1.74737560702488
RQWkrDrnRatio= 2.26338231749833
ICDroneMiteSurvivorship= 25.530586601235
ICWorkerMiteSurvivorship= 90.2292861137539
ICForagerLifespan= 11.6539312293753
ImmType= Logarithmic
AIAdultSlopeContact= 3.24683336816495
AIAdultLD50Contact= 0.00327075180830434
AILarvaSlope= 2.33299232404679
AILarvaLD50= 0.15892571315635
AIKOW= 2.63362893508747
AIKOC= 28.9051429496612
AIHalfLife= 7.87259087665007
