ICQueenStrength= 3.15615952853113
RQWkrDrnRatio= 4.41602910961956
ICDroneMiteSurvivorship= 88.8700687326491
ICWorkerMiteSurvivorship= 93.1664180243388
ICForagerLifespan= 14.4190776087344
ImmType= Sine
AIAdultSlopeContact= 1.6369711939618
AIAdultLD50Contact= 0.0464985161554068
AILarvaSlope= 2.40446839104407
AILarvaLD50= 0.368828512891196
AIKOW= 5.3347431817092
AIKOC= 19.9713081074879
AIHalfLife= 12.7620562198572
