ICQueenStrength= 4.57146366382949
RQWkrDrnRatio= 2.95135545544326
ICDroneMiteSurvivorship= 15.1897519128397
ICWorkerMiteSurvivorship= 71.137350378558
ICForagerLifespan= 8.96935855410993
ImmType= Polynomial
AIAdultSlope= 1.36779201025609
AIAdultLD50= 0.4427216402255
AIAdultSlopeContact= 2.94070984618971
AIAdultLD50Contact= 0.0301961048739031
AILarvaSlope= 2.92035362021998
AILarvaLD50= 0.86352380560711
AIKOW= 5.98221599357203
AIKOC= 11.2371864158195
AIHalfLife= 2.83752585877664
EAppRate= 0.528236128389835
