ICQueenStrength= 5.14075732580386
RQWkrDrnRatio= 2.50979311484843
ICDroneMiteSurvivorship= 19.2513053538278
ICWorkerMiteSurvivorship= 61.4839982008561
ICForagerLifespan= 10.6878868062049
ImmType= Logarithmic
AIAdultSlopeContact= 0.877123644619714
AIAdultLD50Contact= 0.0190944449743256
AILarvaSlope= 2.61637441325001
AILarvaLD50= 0.438351451023482
AIKOW= 3.38009110838175
AIKOC= 13.3066190883983
AIHalfLife= 13.0794433695264
