ICQueenStrength= 3.92985298554413
RQWkrDrnRatio= 1.68829358089715
ICDroneMiteSurvivorship= 0.786382867954671
ICWorkerMiteSurvivorship= 27.0812537986785
ICForagerLifespan= 13.7166493460536
ImmType= Polynomial
AIAdultSlope= 0.402877528499812
AIAdultLD50= 1.57876666076481
AIAdultSlopeContact= 0.460786669962108
AIAdultLD50Contact= 0.038544986047782
AILarvaSlope= 2.2698858731892
AILarvaLD50= 0.735331590799615
AIKOW= 3.34445129800588
AIKOC= 14.3372725648805
AIHalfLife= 10.3436883958057
EAppRate= 0.868586753262207
