ICQueenStrength= 4.41918734018691
RQWkrDrnRatio= 1.12950097676367
ICDroneMiteSurvivorship= 3.11360748019069
ICWorkerMiteSurvivorship= 83.2186087267473
ICForagerLifespan= 12.5637430427596
ImmType= Sine
AIAdultSlope= 2.25302719906904
AIAdultLD50= 2.27336759353057
AIAdultSlopeContact= 2.9577547959052
AIAdultLD50Contact= 0.0104657311690971
AILarvaSlope= 2.41332098105922
AILarvaLD50= 0.245121501199901
AIKOW= 3.41546667786315
AIKOC= 18.2169738644734
AIHalfLife= 12.7096656435169
EAppRate= 0.0380761639680713
