ICQueenStrength= 5.39244282082655
RQWkrDrnRatio= 2.81888231355697
ICDroneMiteSurvivorship= 65.3756934916601
ICWorkerMiteSurvivorship= 99.0099386312068
ICForagerLifespan= 15.9609536835924
ImmType= Cosine
AIAdultSlope= 0.533538393876515
AIAdultLD50= 0.341455542016774
AIAdultSlopeContact= 0.27107011371525
AIAdultLD50Contact= 0.0404403759283014
AILarvaSlope= 3.25371628077701
AILarvaLD50= 0.188811508566141
AIKOW= 6.81870440160856
AIKOC= 27.9136289155576
AIHalfLife= 0.833466853946447
EAppRate= 0.12356400846038
