ICQueenStrength= 4.81480548414402
RQWkrDrnRatio= 1.00873310957104
ICDroneMiteSurvivorship= 46.4030738454312
ICWorkerMiteSurvivorship= 70.2610324835405
ICForagerLifespan= 14.5898772226647
ImmType= Polynomial
AIAdultSlopeContact= 1.35989027378848
AIAdultLD50Contact= 0.00143107572803274
AILarvaSlope= 1.10093639576808
AILarvaLD50= 0.0368700145510957
AIKOW= 6.27666786825284
AIKOC= 22.8686926490627
AIHalfLife= 11.9431861415505
