ICQueenStrength= 2.98241685051471
RQWkrDrnRatio= 3.04822884593159
ICDroneMiteSurvivorship= 66.06365297921
ICWorkerMiteSurvivorship= 55.5803381372243
ICForagerLifespan= 11.5881529785693
ImmType= Cosine
AIAdultSlope= 0.194966489216313
AIAdultLD50= 2.31599043519236
AIAdultSlopeContact= 2.55527833588421
AIAdultLD50Contact= 0.0321022210642695
AILarvaSlope= 2.51857620868832
AILarvaLD50= 0.13663067445159
AIKOW= 4.21632297569886
AIKOC= 20.6684821180534
AIHalfLife= 13.7293191812932
EAppRate= 0.153058429481462
