ICQueenStrength= 4.31667630001903
RQWkrDrnRatio= 4.57353400811553
ICDroneMiteSurvivorship= 37.724274257198
ICWorkerMiteSurvivorship= 36.8526332313195
ICForagerLifespan= 12.8403525697067
ImmType= Polynomial
AIAdultSlope= 2.18060617581941
AIAdultLD50= 0.598553319694474
AIAdultSlopeContact= 3.3942574330559
AIAdultLD50Contact= 0.00324977217242122
AILarvaSlope= 0.929265397274867
AILarvaLD50= 0.478262688685209
AIKOW= 6.37760514067486
AIKOC= 18.5328492615372
AIHalfLife= 3.52923479769379
EAppRate= 0.803544793045148
