ICQueenStrength= 5.12418220075779
RQWkrDrnRatio= 1.92748178169131
ICDroneMiteSurvivorship= 71.5918745845556
ICWorkerMiteSurvivorship= 83.734254585579
ICForagerLifespan= 11.3543597022071
ImmType= Logarithmic
AIAdultSlope= 1.57457413384691
