ICQueenStrength= 2.04785494506359
RQWkrDrnRatio= 4.87589563522488
ICDroneMiteSurvivorship= 30.1045091822743
ICWorkerMiteSurvivorship= 43.0645571788773
ICForagerLifespan= 15.3378758085892
ImmType= Logarithmic
AIAdultSlopeContact= 1.41376169165596
AIAdultLD50Contact= 0.17315448988229
AILarvaSlope= 5.48320771194994
AILarvaLD50= 1.25738979270682
AIKOW= 28.069218271412
AIKOC= 67.0114060631022
AIHalfLife= 5.37272089580074
