ICQueenStrength= 4.94174491986632
RQWkrDrnRatio= 4.12746507767588
ICDroneMiteSurvivorship= 32.2267451090738
ICWorkerMiteSurvivorship= 79.1451356839389
ICForagerLifespan= 14.9713510163128
ImmType= Polynomial
AIAdultSlope= 7.25864418316633
