ICQueenStrength= 3.85069770296104
RQWkrDrnRatio= 4.76812200713903
ICDroneMiteSurvivorship= 14.323547272943
ICWorkerMiteSurvivorship= 37.7559777349234
ICForagerLifespan= 5.94924159813672
ImmType= Polynomial
AIAdultSlope= 0.582672561518848
AIAdultLD50= 2.39103512931615
AIAdultSlopeContact= 2.3623577822512
AIAdultLD50Contact= 0.0348470717552118
AILarvaSlope= 0.74706801045686
AILarvaLD50= 0.446038510138169
AIKOW= 5.57231698418036
AIKOC= 5.40487683145329
AIHalfLife= 8.47686622897163
EAppRate= 0.412830905988812
