ICQueenStrength= 4.40207849978469
RQWkrDrnRatio= 2.67237329855561
ICDroneMiteSurvivorship= 79.9269647104666
ICWorkerMiteSurvivorship= 88.5765951825306
ICForagerLifespan= 10.3675322104245
ImmType= Sine
AIAdultSlope= 0.513661846162286
AIAdultLD50= 0.199899462866597
AIAdultSlopeContact= 0.713408894715831
AIAdultLD50Contact= 0.0035446741618216
AILarvaSlope= 3.20987636912614
AILarvaLD50= 0.0905667868908495
AIKOW= 2.99537241877988
AIKOC= 24.2687337228563
AIHalfLife= 4.27615157444961
EAppRate= 0.676312706898898
