ICQueenStrength= 5.57764790742658
RQWkrDrnRatio= 4.82641678024083
ICDroneMiteSurvivorship= 28.4116483526304
ICWorkerMiteSurvivorship= 0.571199925616384
ICForagerLifespan= 14.6676890868694
ImmType= Cosine
AIAdultSlopeContact= 2.5642990209558
AIAdultLD50Contact= 0.0419080435647629
AILarvaSlope= 3.03146347869188
AILarvaLD50= 0.718222959665582
AIKOW= 2.35890769865364
AIKOC= 17.9855745704845
AIHalfLife= 7.53908961731941
