ICQueenStrength= 3.77445377898403
RQWkrDrnRatio= 3.17631758376956
ICDroneMiteSurvivorship= 59.9257109453902
ICWorkerMiteSurvivorship= 22.0923312706873
ICForagerLifespan= 8.11903644632548
ImmType= Polynomial
AIAdultSlope= 2.01411482426338
AIAdultLD50= 2.10337173496373
AIAdultSlopeContact= 3.72959445777582
AIAdultLD50Contact= 0.0163201482500881
AILarvaSlope= 2.46407049419358
AILarvaLD50= 0.890538579574786
AIKOW= 3.01683453051373
AIKOC= 21.062199085718
AIHalfLife= 7.65966654755175
EAppRate= 0.821928314631805
