ICQueenStrength= 3.10189298959449
RQWkrDrnRatio= 1.47090329136699
ICDroneMiteSurvivorship= 6.49689976125956
ICWorkerMiteSurvivorship= 78.9964343653992
ICForagerLifespan= 12.2374475579709
ImmType= Sine
AIAdultSlope= 2.13310165293515
AIAdultLD50= 0.254080634331331
AIAdultSlopeContact= 0.840911283802707
AIAdultLD50Contact= 0.00455816056346521
AILarvaSlope= 0.816949280863628
AILarvaLD50= 0.360560411238112
AIKOW= 4.26738038752228
AIKOC= 12.071924052434
AIHalfLife= 2.19301215000451
EAppRate= 0.513562273234129
