ICQueenStrength= 5.09148298436776
RQWkrDrnRatio= 1.13351890537888
ICDroneMiteSurvivorship= 72.1264760941267
ICWorkerMiteSurvivorship= 11.0806771321222
ICForagerLifespan= 4.71584293991327
ImmType= Tangent
AIAdultSlope= 0.805922245681286
AIAdultLD50= 0.25671639922075
AIAdultSlopeContact= 2.4955737806065
AIAdultLD50Contact= 0.0476880778442137
AILarvaSlope= 1.63121515442617
AILarvaLD50= 0.295280946535058
AIKOW= 6.4571491307579
AIKOC= 26.5873043227475
AIHalfLife= 1.7838377377484
EAppRate= 0.654627498635091
