ICQueenStrength= 3.70158154983073
RQWkrDrnRatio= 3.00111503712833
