ICQueenStrength= 3.96757121686824
RQWkrDrnRatio= 3.52228425256908
ICDroneMiteSurvivorship= 29.4806978432462
ICWorkerMiteSurvivorship= 2.3574008140713
ICForagerLifespan= 7.59420313779265
ImmType= Sine
AIAdultSlope= 1.45342202040833
AIAdultLD50= 0.395592394168489
AIAdultSlopeContact= 2.54249593048124
AIAdultLD50Contact= 0.0113019644515589
AILarvaSlope= 0.0668286005035043
AILarvaLD50= 0.471478963200934
AIKOW= 2.56405483186245
AIKOC= 12.2586206370033
AIHalfLife= 0.97517094691284
EAppRate= 0.598767760908231
