ICQueenStrength= 3.64948322437704
RQWkrDrnRatio= 3.04559457302094
ICDroneMiteSurvivorship= 11.2599303014576
ICWorkerMiteSurvivorship= 7.62311397120357
ICForagerLifespan= 14.6650901297107
ImmType= Exponential
AIAdultLD50= 0.154012839635834
AIAdultSlopeContact= 3.34097087834263
AIAdultLD50Contact= 0.00479148075683042
AILarvaSlope= 0.803609940689057
AILarvaLD50= 0.199469458661042
AIKOW= 2.29136048071086
AIKOC= 17.9961045866366
AIHalfLife= 2.47441946249455
EAppRate= 1.31269785296172
