ICQueenStrength= 3.43307903991081
RQWkrDrnRatio= 4.04204294644296
ICDroneMiteSurvivorship= 92.4328396329656
ICWorkerMiteSurvivorship= 62.037582276389
ICForagerLifespan= 13.3154747495428
ImmType= Logarithmic
AIAdultLD50= 0.154012839635834
AIAdultSlopeContact= 0.078102038288489
AIAdultLD50Contact= 0.0054402745096013
AILarvaSlope= 2.69488793695346
AILarvaLD50= 0.406403817865066
AIKOW= 7.21895854640752
AIKOC= 14.0715845115483
AIHalfLife= 6.64052424347028
EAppRate= 0.928628951776773
