ICQueenStrength= 1.05490534589626
RQWkrDrnRatio= 2.96697899326682
ICDroneMiteSurvivorship= 82.9247203655541
ICWorkerMiteSurvivorship= 59.5764520345256
ICForagerLifespan= 13.0015213545412
ImmType= Polynomial
AIAdultSlope= 3.33091347943991
