ICQueenStrength= 4.50840284489095
RQWkrDrnRatio= 3.60430009569973
ICDroneMiteSurvivorship= 66.0840755328536
ICWorkerMiteSurvivorship= 96.9599533593282
ICForagerLifespan= 6.48903441894799
ImmType= Exponential
AIAdultSlope= 1.65592781235464
AIAdultLD50= 0.570379899116233
AIAdultSlopeContact= 2.14212504141033
AIAdultLD50Contact= 0.0281796619761735
AILarvaSlope= 3.28102975427173
AILarvaLD50= 0.682712291786447
AIKOW= 4.37592671532184
AIKOC= 16.091823677998
AIHalfLife= 9.66071845404804
EAppRate= 0.936989861074835
