ICQueenStrength= 1.34905510256067
RQWkrDrnRatio= 2.53938814625144
ICDroneMiteSurvivorship= 6.65593231096864
ICWorkerMiteSurvivorship= 51.1308905202895
ICForagerLifespan= 4.90568385459483
ImmType= Exponential
AIAdultSlope= 0.301637185225263
AIAdultLD50= 0.544951455434784
AIAdultSlopeContact= 2.4363129289099
AIAdultLD50Contact= 0.000726922694593668
AILarvaSlope= 1.09530967273749
AILarvaLD50= 0.51845655196812
AIKOW= 5.41703442856669
AIKOC= 18.428251456935
AIHalfLife= 6.16859907656908
EAppRate= 0.307796809123829
