ICQueenStrength= 1.17845197813585
RQWkrDrnRatio= 1.46437208168209
ICDroneMiteSurvivorship= 75.7384276948869
ICWorkerMiteSurvivorship= 41.4742824388668
ICForagerLifespan= 8.11436458304524
ImmType= Polynomial
AIAdultSlope= 4.55610656179488
