ICQueenStrength= 1.52643583272584
RQWkrDrnRatio= 1.2757964245975
ICDroneMiteSurvivorship= 68.7944052508101
ICWorkerMiteSurvivorship= 78.0733876861632
ICForagerLifespan= 14.9255636157468
ImmType= Logarithmic
AIAdultSlope= 0.912881175987422
AIAdultLD50= 2.12462803395465
AIAdultSlopeContact= 0.388975473123137
AIAdultLD50Contact= 0.0445053591392934
AILarvaSlope= 3.07449961868115
AILarvaLD50= 0.347463836311363
AIKOW= 3.11719747073948
AIKOC= 15.1633151993155
AIHalfLife= 5.37748326268047
EAppRate= 0.713774463860318
