ICQueenStrength= 3.82821653643623
RQWkrDrnRatio= 4.12728124205023
ICDroneMiteSurvivorship= 19.8243842693046
ICWorkerMiteSurvivorship= 3.20280126761645
ICForagerLifespan= 4.52651980891824
ImmType= Exponential
AIAdultLD50= 0.154012839635834
AIAdultSlopeContact= 2.17758569318801
AIAdultLD50Contact= 0.0255221395520493
AILarvaSlope= 2.77739195902832
AILarvaLD50= 0.687041904358193
AIKOW= 6.31315344758332
AIKOC= 10.3079175995663
AIHalfLife= 7.64688452519476
EAppRate= 0.459396816324443
