ICQueenStrength= 4.72457396355458
RQWkrDrnRatio= 4.88471035659313
ICDroneMiteSurvivorship= 49.7931260848418
ICWorkerMiteSurvivorship= 19.4436648860574
ICForagerLifespan= 8.36272715777159
ImmType= Exponential
AIAdultSlope= 3.09130584215745
AIAdultLD50= 0.962174664717168
AIAdultSlopeContact= 3.31682418886805
AIAdultLD50Contact= 0.0023658040445298
AILarvaSlope= 2.90659462898038
AILarvaLD50= 0.251059232815169
AIKOW= 3.07316836994141
AIKOC= 14.3313316232525
AIHalfLife= 10.4454648224637
EAppRate= 0.311658200575039
