ICQueenStrength= 3.47266640421003
RQWkrDrnRatio= 1.0836966149509
ICDroneMiteSurvivorship= 87.1628212742507
ICWorkerMiteSurvivorship= 34.6701368922368
ICForagerLifespan= 4.0375895248726
ImmType= Logarithmic
AIAdultSlope= 1.19589713593712
AIAdultLD50= 4.57417918369174e-05
AIAdultSlopeContact= 1.0245808516955
AIAdultLD50Contact= 0.0352726320619695
AILarvaSlope= 2.07588852434419
AILarvaLD50= 0.550712735764682
AIKOW= 2.54930119868368
AIKOC= 29.3647198018152
AIHalfLife= 2.61767377029173
EAppRate= 0.288870016508736
