ICQueenStrength= 1.53069709334522
RQWkrDrnRatio= 2.85090114548802
ICDroneMiteSurvivorship= 10.590611002408
ICWorkerMiteSurvivorship= 15.069722617045
ICForagerLifespan= 4.93454575072974
ImmType= Logarithmic
AIAdultSlope= 0.876286332299933
AIAdultLD50= 0.444904173142277
AIAdultSlopeContact= 2.45273309994489
AIAdultLD50Contact= 0.0254249148652889
AILarvaSlope= 0.296560020372272
AILarvaLD50= 0.436202914849855
AIKOW= 3.64880166389048
AIKOC= 15.3729869413655
AIHalfLife= 3.58007137896493
EAppRate= 0
