ICQueenStrength= 4.27147009898908
RQWkrDrnRatio= 4.60542220529169
ICDroneMiteSurvivorship= 19.6090926649049
ICWorkerMiteSurvivorship= 15.9183241659775
ICForagerLifespan= 10.0205077985302
ImmType= Tangent
AIAdultSlope= 2.14559096545447
AIAdultLD50= 0.330640414031222
AIAdultSlopeContact= 2.67863790336996
AIAdultLD50Contact= 0.0370827054372057
AILarvaSlope= 3.27551070717163
AILarvaLD50= 0.353625212819316
AIKOW= 3.03434395743534
AIKOC= 24.6162840002216
AIHalfLife= 0.299558643018827
EAppRate= 0.526899240119383
