ICQueenStrength= 1.11676568654366
RQWkrDrnRatio= 3.95254990737885
ICDroneMiteSurvivorship= 52.1234327461571
ICWorkerMiteSurvivorship= 15.8587687416002
ICForagerLifespan= 5.82142276037484
ImmType= Exponential
AIAdultSlopeContact= 0.417643560001161
AIAdultLD50Contact= 0.0333130754646845
AILarvaSlope= 0.300919289747253
AILarvaLD50= 0.846654191776179
AIKOW= 2.20377700496465
AIKOC= 23.2841365283821
AIHalfLife= 6.49689888721332
