ICQueenStrength= 2.48774115019478
RQWkrDrnRatio= 3.96512280963361
ICDroneMiteSurvivorship= 7.78569739777595
ICWorkerMiteSurvivorship= 56.4039622899145
ICForagerLifespan= 14.4650859897956
ImmType= Polynomial
AIAdultSlope= 1.41046846327372
AIAdultLD50= 2.03649486601353
AIAdultSlopeContact= 1.09256481977412
AIAdultLD50Contact= 0.0401183635578491
AILarvaSlope= 1.80828307932243
AILarvaLD50= 0.816673220484518
AIKOW= 2.88609253615141
AIKOC= 27.0064381661359
AIHalfLife= 5.16190217947587
EAppRate= 0.485030118608847
