ICQueenStrength= 3.87063217256218
RQWkrDrnRatio= 2.62532067857683
ICDroneMiteSurvivorship= 14.5309282233939
ICWorkerMiteSurvivorship= 17.200933676213
ICForagerLifespan= 7.15014734212309
ImmType= Tangent
AIAdultSlope= 7.0019425614737
