ICQueenStrength= 1.32972699846141
RQWkrDrnRatio= 1.82162820547819
ICDroneMiteSurvivorship= 20.8221697015688
ICWorkerMiteSurvivorship= 1.61583281587809
ICForagerLifespan= 14.8466537222266
ImmType= Polynomial
AIAdultSlopeContact= 3.55430287826574
AIAdultLD50Contact= 0.01410705804592
AILarvaSlope= 0.868449178524315
AILarvaLD50= 0.430336740170605
AIKOW= 5.52167720207945
AIKOC= 12.3092388804071
AIHalfLife= 11.8719772673212
