ICQueenStrength= 4.2874754499644
RQWkrDrnRatio= 2.9087721509859
