ICQueenStrength= 4.96239813300781
RQWkrDrnRatio= 1.16819728165865
ICDroneMiteSurvivorship= 21.4066123822704
ICWorkerMiteSurvivorship= 46.9220940954983
ICForagerLifespan= 9.762172809802
ImmType= Tangent
AIAdultSlope= 0.284326106589288
AIAdultLD50= 0.223028382752091
AIAdultSlopeContact= 2.51296953055775
AIAdultLD50Contact= 0.0352436687098816
AILarvaSlope= 1.64228859147988
AILarvaLD50= 0.0543823942076415
AIKOW= 4.2937584631145
AIKOC= 8.22234367486089
AIHalfLife= 6.20935685513541
EAppRate= 0.677075029350817
