ICQueenStrength= 1.57294542901218
RQWkrDrnRatio= 1.86296709440649
ICDroneMiteSurvivorship= 3.81488434504718
ICWorkerMiteSurvivorship= 45.7518274430186
ICForagerLifespan= 5.97997198533267
ImmType= Polynomial
AIAdultSlope= 0.172217130367644
AIAdultLD50= 0.373104000929743
AIAdultSlopeContact= 3.24847805961035
AIAdultLD50Contact= 0.0483820988563821
AILarvaSlope= 3.05545901139267
AILarvaLD50= 0.850913280271925
AIKOW= 6.80474785948172
AIKOC= 9.58693858818151
AIHalfLife= 1.38591812341474
EAppRate= 0
