ICQueenStrength= 4.56713437009603
RQWkrDrnRatio= 2.24566778726876
ICDroneMiteSurvivorship= 5.1666297018528
ICWorkerMiteSurvivorship= 25.3851214423776
ICForagerLifespan= 7.62022917345166
ImmType= Logarithmic
AIAdultSlope= 2.73878972670063
AIAdultLD50= 1.21581289800815
AIAdultSlopeContact= 1.55118267504266
AIAdultLD50Contact= 0.0234298991505057
AILarvaSlope= 2.48553070952185
AILarvaLD50= 0.779105755523778
AIKOW= 7.39289238443598
AIKOC= 25.9032407030463
AIHalfLife= 7.10336459940299
EAppRate= 0.829283966682851
