ICQueenStrength= 2.00041872356087
RQWkrDrnRatio= 2.77747198473662
ICDroneMiteSurvivorship= 31.9311555242166
ICWorkerMiteSurvivorship= 43.849819409661
ICForagerLifespan= 10.342426837422
ImmType= Cosine
AIAdultSlope= 3.20918724458897
AIAdultLD50= 0.269539558212273
AIAdultSlopeContact= 3.83492285032058
AIAdultLD50Contact= 0.0132025994127616
AILarvaSlope= 2.8568843901623
AILarvaLD50= 0.738765578577295
AIKOW= 2.33279810240492
AIKOC= 11.6116083646193
AIHalfLife= 2.81177483149804
EAppRate= 0
