ICQueenStrength= 1.77595605747774
RQWkrDrnRatio= 1.5353764379397
ICDroneMiteSurvivorship= 75.4888924071565
ICWorkerMiteSurvivorship= 79.3223022250459
ICForagerLifespan= 12.0933148823678
ImmType= Polynomial
AIAdultSlope= 2.36833490366116
AIAdultLD50= 1.89789102296345
AIAdultSlopeContact= 1.3646583681833
AIAdultLD50Contact= 0.0206332801491953
AILarvaSlope= 2.19327133004554
AILarvaLD50= 0.792686756676994
AIKOW= 6.9370926246047
AIKOC= 7.58906722883694
AIHalfLife= 9.07693564612418
EAppRate= 0.168680080678314
