ICQueenStrength= 5.08048272831365
RQWkrDrnRatio= 2.89485409017652
ICDroneMiteSurvivorship= 69.0112014999613
ICWorkerMiteSurvivorship= 66.1270394222811
ICForagerLifespan= 7.64709276519716
ImmType= Tangent
AIAdultSlope= 1.06893897140399
AIAdultLD50= 1.13448545127176
AIAdultSlopeContact= 2.04017569317017
AIAdultLD50Contact= 0.028372862667311
AILarvaSlope= 1.00606167833321
AILarvaLD50= 0.0976532233413309
AIKOW= 6.75675636762753
AIKOC= 23.0420943710487
AIHalfLife= 11.0974609805271
EAppRate= 0.146484621800482
