ICQueenStrength= 4.94840868306346
RQWkrDrnRatio= 1.46917011681944
ICDroneMiteSurvivorship= 43.2514213724062
ICWorkerMiteSurvivorship= 60.4711630381644
ICForagerLifespan= 5.31363737117499
ImmType= Sine
AIAdultSlope= 5.47396113863215
