ICQueenStrength= 4.33582392660901
RQWkrDrnRatio= 4.95259094052017
ICDroneMiteSurvivorship= 55.3163117961958
ICWorkerMiteSurvivorship= 30.9903241228312
ICForagerLifespan= 5.12523945141584
ImmType= Logarithmic
AIAdultSlope= 2.63929432104342
AIAdultLD50= 1.93597246916033
AIAdultSlopeContact= 1.24738015187904
AIAdultLD50Contact= 0.0477133954991587
AILarvaSlope= 1.05111603331752
AILarvaLD50= 0.47456354086753
AIKOW= 6.49127936456352
AIKOC= 29.5556143461727
AIHalfLife= 3.28405582997948
EAppRate= 0.34200818114914
