ICQueenStrength= 4.55358438217081
RQWkrDrnRatio= 1.23638831079006
ICDroneMiteSurvivorship= 24.6795553714037
ICWorkerMiteSurvivorship= 18.2893112534657
ICForagerLifespan= 9.57479183003306
ImmType= Cosine
AIAdultSlope= 1.74832127084956
AIAdultLD50= 1.14132666704245
AIAdultSlopeContact= 0.255294345889706
AIAdultLD50Contact= 0.00110400429693982
AILarvaSlope= 2.95907301213592
AILarvaLD50= 0.430836646724492
AIKOW= 5.05293496651575
AIKOC= 13.5568108654115
AIHalfLife= 1.90971977123991
EAppRate= 0.248389271087945
