ICQueenStrength= 1.88975911494344
RQWkrDrnRatio= 1.66484850551933
ICDroneMiteSurvivorship= 9.56250603776425
ICWorkerMiteSurvivorship= 15.4511345084757
ICForagerLifespan= 5.0136905554682
ImmType= Exponential
AIAdultSlope= 2.76000203303061
AIAdultLD50= 0.193200523615815
AIAdultSlopeContact= 2.46846339746146
AIAdultLD50Contact= 0.00340631222352386
AILarvaSlope= 2.82549236593768
AILarvaLD50= 0.333563953614794
AIKOW= 3.0123711838387
AIKOC= 15.9892086067703
AIHalfLife= 4.09650390269235
EAppRate= 0.411768537317403
