ICQueenStrength= 3.38292920752428
RQWkrDrnRatio= 4.22364260535687
ICDroneMiteSurvivorship= 86.0223902389407
ICWorkerMiteSurvivorship= 93.1748982751742
ICForagerLifespan= 11.3298382237554
ImmType= Cosine
AIAdultSlope= 0.0505960306059569
AIAdultLD50= 0.360009910771623
AIAdultSlopeContact= 1.57810087286169
AIAdultLD50Contact= 0.00657112644985318
AILarvaSlope= 0.0330724500119686
AILarvaLD50= 0.435801234771498
AIKOW= 2.11130345286801
AIKOC= 22.4295403528959
AIHalfLife= 0.339904804714024
EAppRate= 0.349019463011064
