ICQueenStrength= 1.0486180675216
RQWkrDrnRatio= 1.08492758218199
ICDroneMiteSurvivorship= 78.5260604228824
ICWorkerMiteSurvivorship= 84.3648024834692
ICForagerLifespan= 4.45622203033417
ImmType= Sine
AIAdultSlope= 0.761503944871947
AIAdultLD50= 2.07286861538887
AIAdultSlopeContact= 3.84110441406257
AIAdultLD50Contact= 0.0467194538330659
AILarvaSlope= 3.18882112815045
AILarvaLD50= 0.474039449170232
AIKOW= 5.76212405413389
AIKOC= 7.99863491673023
AIHalfLife= 10.1413632687181
EAppRate= 0.0626044624950737
