ICQueenStrength= 5.07263199216686
RQWkrDrnRatio= 3.05839568655938
ICDroneMiteSurvivorship= 59.6871187677607
ICWorkerMiteSurvivorship= 57.031808164902
ICForagerLifespan= 11.0699292253703
ImmType= Logarithmic
AIAdultSlope= 7.6393328839913
