ICQueenStrength= 3.52024286426604
RQWkrDrnRatio= 1.68603495508432
ICDroneMiteSurvivorship= 69.8902759468183
ICWorkerMiteSurvivorship= 34.9348362302408
ICForagerLifespan= 9.28966818656772
ImmType= Tangent
AIAdultSlope= 2.68488682663534
AIAdultLD50= 0.464798884815536
AIAdultSlopeContact= 0.35930726362858
AIAdultLD50Contact= 0.0321161187253892
AILarvaSlope= 3.34144388730638
AILarvaLD50= 0.84903424596414
AIKOW= 3.17972732754424
AIKOC= 19.790007454576
AIHalfLife= 0.623893000883982
EAppRate= 0.589534988696687
