ICQueenStrength= 2.80660332320258
RQWkrDrnRatio= 3.90554212685674
ICDroneMiteSurvivorship= 79.4476359384134
ICWorkerMiteSurvivorship= 83.7899687932804
ICForagerLifespan= 14.2654377426952
ImmType= Polynomial
AIAdultSlope= 6.06463380623609
