ICQueenStrength= 1.53860583109781
RQWkrDrnRatio= 4.67276973742992
ICDroneMiteSurvivorship= 76.3202499831095
ICWorkerMiteSurvivorship= 38.5561809875071
ICForagerLifespan= 10.5529733356088
ImmType= Logarithmic
AIAdultSlope= 0.505404538521543
AIAdultLD50= 0.171991864801385
AIAdultSlopeContact= 0.6296430437034
AIAdultLD50Contact= 0.0285341665381566
AILarvaSlope= 2.46281430693343
AILarvaLD50= 0.541489238594659
AIKOW= 7.08020512619987
AIKOC= 29.5283975207713
AIHalfLife= 2.87818546174094
EAppRate= 0.509910319698974
