ICQueenStrength= 1.93212927924469
RQWkrDrnRatio= 2.72414061054587
ICDroneMiteSurvivorship= 27.0223153289407
ICWorkerMiteSurvivorship= 94.0915685845539
ICForagerLifespan= 7.24336318578571
ImmType= Logarithmic
AIAdultSlope= 0.648359704064205
AIAdultLD50= 2.87001859978773
AIAdultSlopeContact= 1.43734454706777
AIAdultLD50Contact= 0.0411150317289867
AILarvaSlope= 2.13452979521826
AILarvaLD50= 0.471728710806929
AIKOW= 5.47168673947453
AIKOC= 23.1514345051255
AIHalfLife= 3.46089443285018
EAppRate= 0.051690278807655
