ICQueenStrength= 3.89802938466892
RQWkrDrnRatio= 3.41108076553792
ICDroneMiteSurvivorship= 38.7917632702738
ICWorkerMiteSurvivorship= 96.167853102088
ICForagerLifespan= 5.52191707585007
ImmType= Exponential
AIAdultSlope= 0.040700115589425
AIAdultLD50= 0.893697012215853
AIAdultSlopeContact= 0.592014688071795
AIAdultLD50Contact= 0.0072031811461784
AILarvaSlope= 1.093876661174
AILarvaLD50= 0.11378091070801
AIKOW= 6.07113413373008
AIKOC= 25.9970176278148
AIHalfLife= 10.4279717528261
EAppRate= 0.936922368826345
