ICQueenStrength= 2.40069565502927
RQWkrDrnRatio= 4.08221346791834
ICDroneMiteSurvivorship= 29.8319812398404
ICWorkerMiteSurvivorship= 89.0999910421669
ICForagerLifespan= 12.0675321482122
ImmType= Sine
AIAdultSlope= 3.70265985722886
AIAdultLD50= 0.402097881305963
AIAdultSlopeContact= 1.31236748174764
AIAdultLD50Contact= 0.0253785362234339
AILarvaSlope= 0.442355200601742
AILarvaLD50= 0.772786762774922
AIKOW= 4.63955504074693
AIKOC= 15.2751156198792
AIHalfLife= 3.62338211853057
EAppRate= 0.601733563211746
