ICQueenStrength= 1.29096339363605
RQWkrDrnRatio= 3.80136497225612
ICDroneMiteSurvivorship= 27.5131125701591
ICWorkerMiteSurvivorship= 11.5168714895844
ICForagerLifespan= 13.6691756742075
ImmType= Tangent
AIAdultSlope= 2.79549159351736
AIAdultSlopeContact= 3.69451529615326
AIAdultLD50Contact= 0.0284582257503644
AILarvaSlope= 1.8283095500432
AILarvaLD50= 0.567111930367537
AIKOW= 5.89873394370079
AIKOC= 18.4850530535914
AIHalfLife= 0.215865495614707
