ICQueenStrength= 3.71198656503111
RQWkrDrnRatio= 1.68562907818705
