ICQueenStrength= 3.13115877471864
RQWkrDrnRatio= 3.46878617536277
ICDroneMiteSurvivorship= 50.4760585026816
ICWorkerMiteSurvivorship= 29.6172427944839
ICForagerLifespan= 15.9818246476352
ImmType= Logarithmic
AIAdultSlope= 1.48954561548308
AIAdultLD50= 2.18881023139693
AIAdultSlopeContact= 0.396586488028988
AIAdultLD50Contact= 0.000562798581086099
AILarvaSlope= 2.65841428707354
AILarvaLD50= 0.357649829098955
AIKOW= 3.5230327853933
AIKOC= 29.051619839156
AIHalfLife= 10.6557856337167
EAppRate= 0.710295423632488
