ICQueenStrength= 5.3127747438848
RQWkrDrnRatio= 3.80548433493823
ICDroneMiteSurvivorship= 12.5698902178556
ICWorkerMiteSurvivorship= 63.084476813674
ICForagerLifespan= 6.55942756682634
ImmType= Exponential
AIAdultSlope= 2.19078307498014
AIAdultLD50= 0.0518541185883805
AIAdultSlopeContact= 3.44463938546134
AIAdultLD50Contact= 0.00515790408244357
AILarvaSlope= 2.02508975160308
AILarvaLD50= 0.668233837746084
AIKOW= 6.08457030775025
AIKOC= 20.3416787623428
AIHalfLife= 2.24789461819455
EAppRate= 0
