ICQueenStrength= 2.50672392221168
RQWkrDrnRatio= 3.03876303695142
ICDroneMiteSurvivorship= 58.6347588803619
ICWorkerMiteSurvivorship= 68.7645417172462
ICForagerLifespan= 14.1438271123916
ImmType= Tangent
AIAdultSlopeContact= 3.8294894819241
AIAdultLD50Contact= 0.0373813773621805
AILarvaSlope= 0.0952591625973582
AILarvaLD50= 0.738963073818013
AIKOW= 4.22079167980701
AIKOC= 18.1543137831613
AIHalfLife= 1.35523870401084
