ICQueenStrength= 5.46748010930605
RQWkrDrnRatio= 4.08994539547712
ICDroneMiteSurvivorship= 74.7229911154136
ICWorkerMiteSurvivorship= 59.7991527989507
ICForagerLifespan= 8.22111765295267
ImmType= Cosine
AIAdultSlopeContact= 2.71952034390997
AIAdultLD50Contact= 0.0105070018209517
AILarvaSlope= 0.226198082091287
AILarvaLD50= 0.519337785872631
AIKOW= 7.15158736938611
AIKOC= 18.2093053427525
AIHalfLife= 4.85190932871774
