ICQueenStrength= 2.76503919763491
RQWkrDrnRatio= 2.7326538618654
ICDroneMiteSurvivorship= 1.80050714407116
ICWorkerMiteSurvivorship= 55.7145369471982
ICForagerLifespan= 14.8248569658026
ImmType= Exponential
AIAdultSlope= 0.726984780281782
AIAdultLD50= 1.98216363089159
AIAdultSlopeContact= 0.257481687997933
AIAdultLD50Contact= 0.00791281249839812
AILarvaSlope= 0.871532359207049
AILarvaLD50= 0.360405235807411
AIKOW= 5.14011700218543
AIKOC= 11.8327392218634
AIHalfLife= 0.490571600850672
EAppRate= 0.89039327390492
