ICQueenStrength= 3.85441461019218
RQWkrDrnRatio= 4.42074399627745
ICDroneMiteSurvivorship= 85.2733627893031
ICWorkerMiteSurvivorship= 70.2535585965961
ICForagerLifespan= 10.7290314454585
ImmType= Sine
AIAdultSlope= 0.351422292238567
AIAdultLD50= 0.388907813932747
AIAdultSlopeContact= 1.72250745437108
AIAdultLD50Contact= 0.039713446283713
AILarvaSlope= 2.02593227406032
AILarvaLD50= 0.476276245107874
AIKOW= 4.51686715567484
AIKOC= 23.2933827396482
AIHalfLife= 3.6288893118035
EAppRate= 0
