ICQueenStrength= 5.43410663981922
RQWkrDrnRatio= 1.36390859819949
ICDroneMiteSurvivorship= 10.9532963484526
ICWorkerMiteSurvivorship= 53.6569799762219
ICForagerLifespan= 13.2046678140759
ImmType= Sine
AIAdultSlope= 2.58692122665932
AIAdultLD50= 0.184139977092855
AIAdultSlopeContact= 1.45692602136405
AIAdultLD50Contact= 0.00631949132075533
AILarvaSlope= 2.25236748401076
AILarvaLD50= 0.48468995320145
AIKOW= 3.68281180318445
AIKOC= 5.4695858922787
AIHalfLife= 2.24628645461053
EAppRate= 0
