ICQueenStrength= 2.36402788339183
RQWkrDrnRatio= 4.35681309830397
ICDroneMiteSurvivorship= 93.4799579670653
ICWorkerMiteSurvivorship= 40.0428249500692
ICForagerLifespan= 6.21475490741432
ImmType= Cosine
AIAdultSlopeContact= 2.47604715653462
AIAdultLD50Contact= 0.0416884053382091
AILarvaSlope= 0.733906894177198
AILarvaLD50= 0.820204987982288
AIKOW= 5.55627624271438
AIKOC= 16.6837024397682
AIHalfLife= 13.8448167750612
