ICQueenStrength= 2.65233302116394
RQWkrDrnRatio= 1.5465698055923
