ICQueenStrength= 4.02182842628099
RQWkrDrnRatio= 1.99257012084126
ICDroneMiteSurvivorship= 36.9911832967773
ICWorkerMiteSurvivorship= 17.3226739978418
ICForagerLifespan= 11.4732446884736
ImmType= Logarithmic
AIAdultSlope= 1.90768106438918
AIAdultLD50= 0.455638873507269
AIAdultSlopeContact= 0.188940701542888
AIAdultLD50Contact= 0.0103582731913775
AILarvaSlope= 2.83343335003592
AILarvaLD50= 0.274893507664092
AIKOW= 7.38465302670375
AIKOC= 22.9119294218253
AIHalfLife= 1.63694265065715
EAppRate= 0.0842571802437305
