ICQueenStrength= 4.57921880437061
RQWkrDrnRatio= 3.12883693166077
ICDroneMiteSurvivorship= 90.0537081295624
ICWorkerMiteSurvivorship= 15.7774389255792
ICForagerLifespan= 5.98510582000017
ImmType= Cosine
AIAdultSlope= 3.22432642442873
AIAdultLD50= 0.493947612354532
AIAdultSlopeContact= 2.26638888727874
AIAdultLD50Contact= 0.023053158656694
AILarvaSlope= 0.0629990907851607
AILarvaLD50= 0.574596003466286
AIKOW= 7.27968588052318
AIKOC= 5.34538477193564
AIHalfLife= 3.553922616411
EAppRate= 0.111025002854876
