ICQueenStrength= 3.43727060500532
RQWkrDrnRatio= 3.92546784225851
