ICQueenStrength= 5.13647418143228
RQWkrDrnRatio= 1.21737498603761
ICDroneMiteSurvivorship= 92.0746288495138
ICWorkerMiteSurvivorship= 51.1778764426708
ICForagerLifespan= 13.9555987054482
ImmType= Logarithmic
AIAdultSlope= 0.284819314714987
AIAdultLD50= 0.160375752486289
AIAdultSlopeContact= 2.34521497524809
AIAdultLD50Contact= 0.0148190304171294
AILarvaSlope= 3.30459178644232
AILarvaLD50= 0.311796412803233
AIKOW= 2.07304674945772
AIKOC= 25.5112793541048
AIHalfLife= 2.03303058748133
EAppRate= 0.628772377688438
