ICQueenStrength= 4.4782739460934
RQWkrDrnRatio= 4.59845396690071
ICDroneMiteSurvivorship= 99.9656753614545
ICWorkerMiteSurvivorship= 33.5115102818236
ICForagerLifespan= 4.20864073280245
ImmType= Polynomial
AIAdultSlope= 5.29826135607436
