ICQueenStrength= 5.53109695576131
RQWkrDrnRatio= 4.91855073068291
ICDroneMiteSurvivorship= 30.8607443934307
ICWorkerMiteSurvivorship= 24.7177794342861
ICForagerLifespan= 14.5292869424447
ImmType= Sine
AIAdultSlope= 7.91105221258476
AIAdultLD50= 0.7274296565447
AIAdultSlopeContact= 1.43703164532781
AIAdultLD50Contact= 0.1683722990565
AILarvaSlope= 4.06937470426783
AILarvaLD50= 0.382868734188378
AIKOW= 71.1959477514029
AIKOC= 1.76721788011491
AIHalfLife= 1.35900470660999
EAppRate= 1.25401987088844
