ICQueenStrength= 3.73750769672915
RQWkrDrnRatio= 1.42810083646327
ICDroneMiteSurvivorship= 46.5076816035435
ICWorkerMiteSurvivorship= 62.3074620496482
ICForagerLifespan= 10.3598454771563
ImmType= Exponential
AIAdultSlopeContact= 0.551933404058218
AIAdultLD50Contact= 0.056982131768018
AILarvaSlope= 4.66144092846662
AILarvaLD50= 0.762685479596257
AIKOW= 67.6827421644703
AIKOC= 37.9429488210008
AIHalfLife= 5.20671073487028
