ICQueenStrength= 2.37062319787219
RQWkrDrnRatio= 3.3757396042347
ICDroneMiteSurvivorship= 34.3000018969178
ICWorkerMiteSurvivorship= 75.6615274120122
ICForagerLifespan= 4.35771277733147
ImmType= Logarithmic
AIAdultSlope= 0.325390964280814
