ICQueenStrength= 4.83377196616493
RQWkrDrnRatio= 4.0606003254652
ICDroneMiteSurvivorship= 58.2198419841006
ICWorkerMiteSurvivorship= 77.1292484831065
ICForagerLifespan= 5.21826962474734
ImmType= Tangent
AIAdultSlopeContact= 6.82610036339611
AIAdultLD50Contact= 0.0507930798921734
AILarvaSlope= 9.54852732131258
AILarvaLD50= 0.714002685621381
AIKOW= 5.2133257733658
AIKOC= 68.6349796131253
AIHalfLife= 1.32930922880769
