ICQueenStrength= 4.98347075562924
RQWkrDrnRatio= 1.00912253186107
ICDroneMiteSurvivorship= 89.5099444780499
ICWorkerMiteSurvivorship= 34.0035130502656
ICForagerLifespan= 13.5493008745834
ImmType= Sine
AIAdultSlope= 2.79946483685635
AIAdultLD50= 2.51610761485063
AIAdultSlopeContact= 1.69990099898307
AIAdultLD50Contact= 0.0350422596558929
AILarvaSlope= 0.914186029927805
AILarvaLD50= 0.828225526562892
AIKOW= 5.79059462994337
AIKOC= 14.1624841094017
AIHalfLife= 8.95470732590184
EAppRate= 0.35675611323677
