ICQueenStrength= 3.48727236757986
RQWkrDrnRatio= 3.56498026009649
ICDroneMiteSurvivorship= 70.4823350301012
ICWorkerMiteSurvivorship= 86.6212401073426
ICForagerLifespan= 14.8754240879789
ImmType= Tangent
AIAdultSlopeContact= 0.361774514454883
AIAdultLD50Contact= 0.0319834411027841
AILarvaSlope= 1.21653910386376
AILarvaLD50= 0.829028396168724
AIKOW= 7.90807385742664
AIKOC= 19.9085482989904
AIHalfLife= 3.08245006063953
