ICQueenStrength= 2.63255296763964
RQWkrDrnRatio= 4.13980932626873
ICDroneMiteSurvivorship= 44.2463784012944
ICWorkerMiteSurvivorship= 11.0912336036563
ICForagerLifespan= 8.54954717308283
ImmType= Exponential
AIAdultSlope= 3.27796790390275
AIAdultLD50= 2.44607677683234
AIAdultSlopeContact= 1.45451318612555
AIAdultLD50Contact= 0.0262317980173975
AILarvaSlope= 2.59574225977995
AILarvaLD50= 0.890571557544172
AIKOW= 3.63753927079961
AIKOC= 27.0800245529972
AIHalfLife= 2.84752493398264
EAppRate= 0.097425350220874
