ICQueenStrength= 1.77686489210464
RQWkrDrnRatio= 3.15540490951389
ICDroneMiteSurvivorship= 88.885965757072
ICWorkerMiteSurvivorship= 81.7190708126873
ICForagerLifespan= 10.9017831431702
ImmType= Polynomial
AIAdultSlopeContact= 0.0919142817263491
AIAdultLD50Contact= 0.00717130299890414
AILarvaSlope= 1.23235556436703
AILarvaLD50= 0.128968259179965
AIKOW= 7.66601392626762
AIKOC= 17.4614999222104
AIHalfLife= 3.15503077581525
