ICQueenStrength= 5.03616403928027
RQWkrDrnRatio= 2.79355617333204
ICDroneMiteSurvivorship= 35.4502302827314
ICWorkerMiteSurvivorship= 15.1554993586615
ICForagerLifespan= 11.5910109030083
ImmType= Cosine
AIAdultSlope= 2.87847555438057
AIAdultLD50= 1.96471268241294
AIAdultSlopeContact= 1.77772465023911
AIAdultLD50Contact= 0.0049875840661116
AILarvaSlope= 0.698508227989078
AILarvaLD50= 0.0678935994626954
AIKOW= 6.98310684086755
AIKOC= 29.5675998099614
AIHalfLife= 6.32220138469711
EAppRate= 0.610297464532778
