ICQueenStrength= 3.91803125408478
RQWkrDrnRatio= 3.48541696276516
ICDroneMiteSurvivorship= 87.5721647171304
ICWorkerMiteSurvivorship= 62.4056314118207
ICForagerLifespan= 13.8011651989073
ImmType= Sine
AIAdultSlope= 3.50992463538889
AIAdultLD50= 0.384697974077426
AIAdultSlopeContact= 0.01361949903192
AIAdultLD50Contact= 0.0278362243669108
AILarvaSlope= 2.97446550643072
AILarvaLD50= 0.338195085874759
AIKOW= 3.65876840194687
AIKOC= 16.9063664518762
AIHalfLife= 3.30954006058164
EAppRate= 0.2039456686005
