ICQueenStrength= 2.20849944534712
RQWkrDrnRatio= 4.06039535999298
ICDroneMiteSurvivorship= 45.7272471161559
ICWorkerMiteSurvivorship= 42.8862775675952
ICForagerLifespan= 15.7685884525999
ImmType= Logarithmic
AIAdultSlope= 3.87664591831388
AIAdultLD50= 0.106537243933417
AIAdultSlopeContact= 1.88790498727234
AIAdultLD50Contact= 0.0242760996567085
AILarvaSlope= 2.31750200241804
AILarvaLD50= 0.841965744481422
AIKOW= 4.51570743974298
AIKOC= 14.3709022796247
AIHalfLife= 1.56630844110623
EAppRate= 0.0218028976581991
