ICQueenStrength= 2.66167194372974
RQWkrDrnRatio= 3.88691048882902
ICDroneMiteSurvivorship= 12.2518958291039
ICWorkerMiteSurvivorship= 36.5246529690921
ICForagerLifespan= 9.31871643196791
ImmType= Cosine
AIAdultSlopeContact= 9.17248696554452
AIAdultLD50Contact= 0.134400162938982
AILarvaSlope= 2.16936787357554
AILarvaLD50= 0.314687373582274
AIKOW= 83.613380859606
AIKOC= 89.8285476723686
AIHalfLife= 4.95968318916857
