ICQueenStrength= 1.03329587168992
RQWkrDrnRatio= 4.88211242295802
ICDroneMiteSurvivorship= 56.5497023286298
ICWorkerMiteSurvivorship= 33.8369199773297
ICForagerLifespan= 5.61942229699343
ImmType= Cosine
AIAdultSlope= 0.0407825134671293
AIAdultLD50= 0.136926842620596
AIAdultSlopeContact= 0.618339901564177
AIAdultLD50Contact= 0.0292621251312085
AILarvaSlope= 1.73816572600044
AILarvaLD50= 0.338390364311635
AIKOW= 3.34295328008011
AIKOC= 26.9588057312649
AIHalfLife= 2.71815075771883
EAppRate= 0.10637125398498
