ICQueenStrength= 5.52028525643982
RQWkrDrnRatio= 1.67245697788894
ICDroneMiteSurvivorship= 61.3224991364405
ICWorkerMiteSurvivorship= 80.4137757280841
ICForagerLifespan= 11.4786175945774
ImmType= Tangent
AIAdultSlope= 1.03008365682326
AIAdultLD50= 0.731082963757217
AIAdultSlopeContact= 1.71802214919124
AIAdultLD50Contact= 0.0416853184811771
AILarvaSlope= 1.52913997853175
AILarvaLD50= 0.192736624949612
AIKOW= 3.0588013115339
AIKOC= 7.75505717145279
AIHalfLife= 6.97803746722639
EAppRate= 0.0346981990151107
