ICQueenStrength= 2.64996073348448
RQWkrDrnRatio= 4.41741205006838
ICDroneMiteSurvivorship= 53.6585673224181
ICWorkerMiteSurvivorship= 30.789275187999
ICForagerLifespan= 9.46353543456644
ImmType= Logarithmic
AIAdultSlopeContact= 0.287773851735983
AIAdultLD50Contact= 0.0479041800252162
AILarvaSlope= 2.1491686086636
AILarvaLD50= 0.755184907559305
AIKOW= 5.68999684834853
AIKOC= 28.2970931800082
AIHalfLife= 3.65428468212485
