ICQueenStrength= 5.55108375637792
RQWkrDrnRatio= 3.92318958044052
ICDroneMiteSurvivorship= 69.446294545196
ICWorkerMiteSurvivorship= 82.20321952831
ICForagerLifespan= 4.43450293503702
ImmType= Logarithmic
AIAdultSlopeContact= 6.37583462521434
AIAdultLD50Contact= 0.114625538745895
AILarvaSlope= 9.75510141113773
AILarvaLD50= 0.999651505611837
AIKOW= 31.7851791158319
AIKOC= 3.37071474641562
AIHalfLife= 0.21801889128983
