ICQueenStrength= 1.36014458397403
RQWkrDrnRatio= 2.154421498999
ICDroneMiteSurvivorship= 96.6867836425081
ICWorkerMiteSurvivorship= 69.8426651768386
ICForagerLifespan= 7.07315684575588
ImmType= Exponential
AIAdultSlope= 7.47036388842389
