ICQueenStrength= 3.23768920823932
RQWkrDrnRatio= 4.73694257158786
