ICQueenStrength= 2.49344078730792
RQWkrDrnRatio= 2.96727731171995
ICDroneMiteSurvivorship= 7.94169974979013
ICWorkerMiteSurvivorship= 31.305673182942
ICForagerLifespan= 5.81839543767273
ImmType= Sine
AIAdultSlope= 2.64311826545745
AIAdultLD50= 0.223339801537804
AIAdultSlopeContact= 1.93635435958626
AIAdultLD50Contact= 0.0141082310001366
AILarvaSlope= 1.8273844841402
AILarvaLD50= 0.761104351747781
AIKOW= 4.89646740397438
AIKOC= 21.9357953884173
AIHalfLife= 1.3776504737325
EAppRate= 0.0468834680039436
