ICQueenStrength= 2.60052890772931
RQWkrDrnRatio= 1.99535509943962
ICDroneMiteSurvivorship= 55.2491242764518
ICWorkerMiteSurvivorship= 97.5321811856702
ICForagerLifespan= 6.1851983834058
ImmType= Sine
AIAdultSlope= 1.09010957589839
AIAdultLD50= 0.29943940450903
AIAdultSlopeContact= 3.01589903871529
AIAdultLD50Contact= 0.0238461098633707
AILarvaSlope= 1.41859269174747
AILarvaLD50= 0.742217734549195
AIKOW= 4.60987347271293
AIKOC= 8.41555667691864
AIHalfLife= 1.13621459924616
EAppRate= 0.0705981608945876
