ICQueenStrength= 2.54415087075904
RQWkrDrnRatio= 1.42979982122779
ICDroneMiteSurvivorship= 96.5192375704646
ICWorkerMiteSurvivorship= 82.2906864108518
ICForagerLifespan= 9.75844674929976
ImmType= Tangent
AIAdultSlope= 0.697590865381062
AIAdultLD50= 1.5523183287587
AIAdultSlopeContact= 1.59625705569517
AIAdultLD50Contact= 0.0471891725901514
AILarvaSlope= 1.72611350105144
AILarvaLD50= 0.855082977446727
AIKOW= 5.06512451684102
AIKOC= 27.2648268565536
AIHalfLife= 10.2548888032325
EAppRate= 0.342465620487928
