ICQueenStrength= 2.73644396592863
RQWkrDrnRatio= 4.60795682296157
ICDroneMiteSurvivorship= 87.0847975369543
ICWorkerMiteSurvivorship= 30.9402588987723
ICForagerLifespan= 7.51377964857966
ImmType= Logarithmic
AIAdultSlope= 0.233673789978493
AIAdultLD50= 0.347757479175925
AIAdultSlopeContact= 3.82521774070105
AIAdultLD50Contact= 0.019705575297121
AILarvaSlope= 2.16509195268154
AILarvaLD50= 0.808904335973784
AIKOW= 4.93734212778509
AIKOC= 29.3200827913824
AIHalfLife= 1.07160341343842
EAppRate= 0
