ICQueenStrength= 2.59140674863011
RQWkrDrnRatio= 3.82363751437515
ICDroneMiteSurvivorship= 53.8527579512447
ICWorkerMiteSurvivorship= 70.5599788809195
ICForagerLifespan= 5.19365251995623
ImmType= Polynomial
AIAdultSlope= 5.74404061306268
