ICQueenStrength= 2.56242450419813
RQWkrDrnRatio= 1.26845843996853
