ICQueenStrength= 3.88553271675482
RQWkrDrnRatio= 1.27687257621437
ICDroneMiteSurvivorship= 57.9710529418662
ICWorkerMiteSurvivorship= 46.0029742214829
ICForagerLifespan= 13.2874499065802
ImmType= Exponential
AIAdultSlope= 2.77563279028982
