ICQueenStrength= 5.14870687411167
RQWkrDrnRatio= 2.7742688106373
ICDroneMiteSurvivorship= 0.126750976778567
ICWorkerMiteSurvivorship= 62.1427691774443
ICForagerLifespan= 13.5226800311357
ImmType= Polynomial
AIAdultSlope= 0.392111071518157
AIAdultLD50= 0.405963179655373
AIAdultSlopeContact= 1.46284563191235
AIAdultLD50Contact= 0.0230300171300769
AILarvaSlope= 1.54994905130006
AILarvaLD50= 0.807860753824934
AIKOW= 6.51073699025437
AIKOC= 11.7279986978974
AIHalfLife= 0.459672857541591
EAppRate= 0.197547764284536
