ICQueenStrength= 5.16962723014876
RQWkrDrnRatio= 1.67068891040981
ICDroneMiteSurvivorship= 52.1952281938866
ICWorkerMiteSurvivorship= 6.66494248434901
ICForagerLifespan= 12.8767277915031
ImmType= Exponential
AIAdultSlope= 1.57314726617187
