ICQueenStrength= 1.21808244171552
RQWkrDrnRatio= 2.65240399446338
ICDroneMiteSurvivorship= 38.8622510479763
ICWorkerMiteSurvivorship= 38.646880001761
ICForagerLifespan= 12.4621756467968
ImmType= Logarithmic
AIAdultSlope= 3.8675774067454
AIAdultLD50= 0.351400874205865
AIAdultSlopeContact= 0.563389974266756
AIAdultLD50Contact= 0.0372544131823815
AILarvaSlope= 0.583398921042681
AILarvaLD50= 0.753810092713684
AIKOW= 7.10474197845906
AIKOC= 17.7776224166155
AIHalfLife= 0.591978644952178
EAppRate= 0.588363343570381
