ICQueenStrength= 4.19270896958187
RQWkrDrnRatio= 3.42105840146542
ICDroneMiteSurvivorship= 22.4879822228104
ICWorkerMiteSurvivorship= 68.8657588558272
ICForagerLifespan= 12.2582541992888
ImmType= Exponential
AIAdultSlope= 1.10837910864502
AIAdultLD50= 1.88520511239767
AIAdultSlopeContact= 3.09657445968362
AIAdultLD50Contact= 0.0353466040804051
AILarvaSlope= 2.13115331619047
AILarvaLD50= 0.176702933921479
AIKOW= 4.62977384449914
AIKOC= 15.0607080152258
AIHalfLife= 5.91428049048409
EAppRate= 0.672018306795508
