ICQueenStrength= 1.44101694971323
RQWkrDrnRatio= 2.08900439087301
