ICQueenStrength= 4.63415702828206
RQWkrDrnRatio= 2.47949275095016
ICDroneMiteSurvivorship= 18.2602812768891
ICWorkerMiteSurvivorship= 55.1219672663137
ICForagerLifespan= 8.05049692839384
ImmType= Logarithmic
AIAdultSlope= 1.40788842376554
AIAdultLD50= 0.326173300505616
AIAdultSlopeContact= 2.40888943996048
AIAdultLD50Contact= 0.00293592937523499
AILarvaSlope= 0.920566436974332
AILarvaLD50= 0.425307671609335
AIKOW= 3.63226014003158
AIKOC= 9.30967283318751
AIHalfLife= 0.153672755695879
EAppRate= 0.502835665061139
