ICQueenStrength= 4.23012997629121
RQWkrDrnRatio= 1.36514769028872
ICDroneMiteSurvivorship= 57.0411220891401
ICWorkerMiteSurvivorship= 82.1240310324356
ICForagerLifespan= 15.6217409009114
ImmType= Logarithmic
AIAdultSlope= 3.52166433293838
AIAdultLD50= 0.142215206054971
AIAdultSlopeContact= 0.223657444864512
AIAdultLD50Contact= 0.019822663103696
AILarvaSlope= 0.359904023399577
AILarvaLD50= 0.41099535129033
AIKOW= 4.59627372724935
AIKOC= 14.4254442548845
AIHalfLife= 4.41376795410179
EAppRate= 0
