ICQueenStrength= 5.55800046678632
RQWkrDrnRatio= 1.39449454657733
ICDroneMiteSurvivorship= 58.2194085232913
ICWorkerMiteSurvivorship= 39.2839053412899
ICForagerLifespan= 9.95106123015285
ImmType= Polynomial
AIAdultSlope= 7.2373148938641
