ICQueenStrength= 4.37088526808657
RQWkrDrnRatio= 2.28807335440069
ICDroneMiteSurvivorship= 97.3464725073427
ICWorkerMiteSurvivorship= 38.9174208743498
ICForagerLifespan= 13.7215474285185
ImmType= Logarithmic
AIAdultSlope= 3.14140122039244
AIAdultLD50= 2.15320413303562
AIAdultSlopeContact= 1.94618415043456
AIAdultLD50Contact= 0.0407606019522063
AILarvaSlope= 1.51612968249246
AILarvaLD50= 0.840079323621467
AIKOW= 6.042824100703
AIKOC= 9.53372439369559
AIHalfLife= 11.4617504528724
EAppRate= 0.414033089764416
