ICQueenStrength= 5.14462144486606
RQWkrDrnRatio= 2.4286570334807
ICDroneMiteSurvivorship= 7.69184126984328
ICWorkerMiteSurvivorship= 96.1698007071391
ICForagerLifespan= 15.5610339809209
ImmType= Tangent
AIAdultSlopeContact= 9.1457634139806
AIAdultLD50Contact= 0.0874690632335842
AILarvaSlope= 3.17777818068862
AILarvaLD50= 0.685340889263898
AIKOW= 79.0875133592635
AIKOC= 91.2111312383786
AIHalfLife= 2.1823250586167
