ICQueenStrength= 3.48128048609942
RQWkrDrnRatio= 1.99339432828128
ICDroneMiteSurvivorship= 55.8802423067391
ICWorkerMiteSurvivorship= 74.4465452618897
ICForagerLifespan= 10.7624509511515
ImmType= Polynomial
AIAdultSlopeContact= 5.04275184357539
AIAdultLD50Contact= 0.045753785315901
AILarvaSlope= 7.07894415594637
AILarvaLD50= 1.79962283559144
AIKOW= 26.8255217000842
AIKOC= 33.5904225939885
AIHalfLife= 8.14130887715146
