ICQueenStrength= 1.61252174898982
RQWkrDrnRatio= 2.39906376600266
ICDroneMiteSurvivorship= 6.42005898989737
ICWorkerMiteSurvivorship= 77.6037875795737
ICForagerLifespan= 13.7336230240762
ImmType= Exponential
AIAdultSlope= 3.47513620276004
