ICQueenStrength= 2.5759041137062
RQWkrDrnRatio= 4.3813286498189
ICDroneMiteSurvivorship= 54.4707385823131
ICWorkerMiteSurvivorship= 23.5525980824605
ICForagerLifespan= 6.2424219911918
ImmType= Cosine
AIAdultSlope= 0.112308678310364
AIAdultLD50= 2.48353455634788
AIAdultSlopeContact= 1.75090533819515
AIAdultLD50Contact= 0.0336946194525808
AILarvaSlope= 0.434351929137483
AILarvaLD50= 0.0521354010561481
AIKOW= 4.59791165450588
AIKOC= 26.7744626046624
AIHalfLife= 4.2605614955537
EAppRate= 0.481130662374198
