ICQueenStrength= 1.15201973146759
RQWkrDrnRatio= 2.96824254654348
ICDroneMiteSurvivorship= 65.9542296780273
ICWorkerMiteSurvivorship= 73.2197507284582
ICForagerLifespan= 4.45650379918516
ImmType= Sine
AIAdultSlope= 1.51153450515121
AIAdultLD50= 2.90374463307671
AIAdultSlopeContact= 3.59624869157095
AIAdultLD50Contact= 0.0122050047502853
AILarvaSlope= 0.624820099398494
AILarvaLD50= 0.452648839401081
AIKOW= 7.03059842903167
AIKOC= 7.17343768454157
AIHalfLife= 13.1435353979468
EAppRate= 0.213880239753053
