ICQueenStrength= 2.9094306032639
RQWkrDrnRatio= 3.53628009185195
ICDroneMiteSurvivorship= 36.5416383836418
ICWorkerMiteSurvivorship= 24.0477396873757
ICForagerLifespan= 11.9428967991844
ImmType= Tangent
AIAdultSlope= 1.3779065576219
AIAdultLD50= 0.0655472563812509
AIAdultSlopeContact= 1.24615688133985
AIAdultLD50Contact= 0.0301087920204736
AILarvaSlope= 3.20997079405934
AILarvaLD50= 0.264117599884048
AIKOW= 4.50965813919902
AIKOC= 13.0221887270454
AIHalfLife= 2.75076505029574
EAppRate= 0
