ICQueenStrength= 1.17984256963246
RQWkrDrnRatio= 3.06438587699085
ICDroneMiteSurvivorship= 31.7275769310072
ICWorkerMiteSurvivorship= 44.1957162227482
ICForagerLifespan= 12.6547953719273
ImmType= Sine
AIAdultSlope= 1.32434665691108
AIAdultLD50= 0.745716927107424
AIAdultSlopeContact= 1.57811837087385
AIAdultLD50Contact= 0.0400140382582322
AILarvaSlope= 0.957487790705636
AILarvaLD50= 0.0199270942714065
AIKOW= 6.02873510075733
AIKOC= 22.4726836383343
AIHalfLife= 9.68550468608737
EAppRate= 0.850533477496356
