ICQueenStrength= 4.03794690407813
RQWkrDrnRatio= 3.80630567763001
ICDroneMiteSurvivorship= 68.0760508403182
ICWorkerMiteSurvivorship= 16.7967112269253
ICForagerLifespan= 12.1472465619445
ImmType= Exponential
AIAdultSlope= 1.47904543486889
AIAdultLD50= 0.288143266458064
AIAdultSlopeContact= 3.42616903448012
AIAdultLD50Contact= 0.0199048011563718
AILarvaSlope= 0.130681295692921
AILarvaLD50= 0.778367702336982
AIKOW= 6.67048852238804
AIKOC= 8.77349912305363
AIHalfLife= 4.7597505711019
EAppRate= 0
