ICQueenStrength= 1.22832686314359
RQWkrDrnRatio= 1.02026368398219
ICDroneMiteSurvivorship= 93.8424336258322
ICWorkerMiteSurvivorship= 26.8451572163031
ICForagerLifespan= 12.7670678077266
ImmType= Sine
AIAdultSlope= 0.114713325444609
AIAdultLD50= 1.87828382500447
AIAdultSlopeContact= 2.67135963435285
AIAdultLD50Contact= 0.0294137241784483
AILarvaSlope= 0.733094573765993
AILarvaLD50= 0.096651744749397
AIKOW= 2.16303818393499
AIKOC= 14.8355072259437
AIHalfLife= 10.3960799989291
EAppRate= 0.824138986179605
