ICQueenStrength= 3.16698060743511
RQWkrDrnRatio= 1.79086707346141
ICDroneMiteSurvivorship= 43.0357115110382
ICWorkerMiteSurvivorship= 53.1197233358398
ICForagerLifespan= 11.3743418436497
ImmType= Sine
AIAdultSlopeContact= 9.84064294025302
AIAdultLD50Contact= 0.122866109898314
AILarvaSlope= 4.17489645071328
AILarvaLD50= 0.185110631864518
AIKOW= 65.9240148961544
AIKOC= 44.5097863441333
AIHalfLife= 8.52749117510393
