ICQueenStrength= 2.89871620736085
RQWkrDrnRatio= 1.55512501113117
ICDroneMiteSurvivorship= 98.0171194998547
ICWorkerMiteSurvivorship= 57.4887938797474
ICForagerLifespan= 4.17011491861194
ImmType= Cosine
AIAdultSlope= 3.24215984926559
AIAdultLD50= 0.48128265934065
AIAdultSlopeContact= 3.14148119413527
AIAdultLD50Contact= 0.0407458578352816
AILarvaSlope= 2.09284993624315
AILarvaLD50= 0.193544702231884
AIKOW= 5.38455091044307
AIKOC= 24.1224988258909
AIHalfLife= 1.96471004514024
EAppRate= 0.348917561816052
