ICQueenStrength= 1.53957929369062
RQWkrDrnRatio= 1.94753919262439
ICDroneMiteSurvivorship= 99.0211282623932
ICWorkerMiteSurvivorship= 53.3481997903436
ICForagerLifespan= 15.0613730922341
ImmType= Tangent
AIAdultSlopeContact= 3.622772332686
AIAdultLD50Contact= 0.00166138003114611
AILarvaSlope= 0.581265436066315
AILarvaLD50= 0.699862069054507
AIKOW= 4.09052624274045
AIKOC= 10.6414312042762
AIHalfLife= 13.1057954360731
