ICQueenStrength= 3.41484104376286
RQWkrDrnRatio= 1.77382331155241
