ICQueenStrength= 5.35132726794109
RQWkrDrnRatio= 1.05002515669912
ICDroneMiteSurvivorship= 51.7929124180228
ICWorkerMiteSurvivorship= 20.8428023383021
ICForagerLifespan= 7.32107730582356
ImmType= Exponential
AIAdultSlopeContact= 1.92137888036203
AIAdultLD50Contact= 0.0340396391111426
AILarvaSlope= 1.84771652892232
AILarvaLD50= 0.235985116939992
AIKOW= 3.23350717872381
AIKOC= 16.0205015342217
AIHalfLife= 8.07498495141044
