ICQueenStrength= 1.12579665984958
RQWkrDrnRatio= 4.11638428643346
ICDroneMiteSurvivorship= 85.9940751921386
ICWorkerMiteSurvivorship= 95.5612113233656
ICForagerLifespan= 8.83844004385173
ImmType= Sine
AIAdultSlope= 4.60248790681362
