ICQueenStrength= 3.95353922410868
RQWkrDrnRatio= 4.63862856011838
ICDroneMiteSurvivorship= 75.6773447385058
ICWorkerMiteSurvivorship= 92.1141944592819
ICForagerLifespan= 15.6992601417005
ImmType= Tangent
AIAdultLD50= 0.154012839635834
AIAdultSlopeContact= 2.52010507497936
AIAdultLD50Contact= 0.00943927486659959
AILarvaSlope= 1.9171465315856
AILarvaLD50= 0.189369096443988
AIKOW= 6.20473388489336
AIKOC= 14.9561664916109
AIHalfLife= 5.22034095181152
EAppRate= 1.0043366914615
