ICQueenStrength= 4.14508238923736
RQWkrDrnRatio= 4.7411201922223
ICDroneMiteSurvivorship= 54.7561183106154
ICWorkerMiteSurvivorship= 81.7940932232887
ICForagerLifespan= 8.78031786251813
ImmType= Sine
AIAdultSlope= 3.15410785597516
AIAdultLD50= 0.0843649122398347
AIAdultSlopeContact= 1.90554823943647
AIAdultLD50Contact= 0.0411309270537458
AILarvaSlope= 2.59030757606961
AILarvaLD50= 0.592504307976924
AIKOW= 6.07332641771063
AIKOC= 24.7830602468457
AIHalfLife= 3.67891689878888
EAppRate= 0
