ICQueenStrength= 5.44337942986749
RQWkrDrnRatio= 4.49947874899954
ICDroneMiteSurvivorship= 45.4728617565706
ICWorkerMiteSurvivorship= 33.2996947690845
ICForagerLifespan= 7.52008176967502
ImmType= Exponential
AIAdultSlope= 2.94214482866228
AIAdultLD50= 0.409923588624224
AIAdultSlopeContact= 2.6512267434597
AIAdultLD50Contact= 0.0258048915769905
AILarvaSlope= 3.17654405739158
AILarvaLD50= 0.248665202013217
AIKOW= 7.23448592703789
AIKOC= 16.9385234836955
AIHalfLife= 5.51213125837967
EAppRate= 0.47953225672245
