ICQueenStrength= 3.56646675057709
RQWkrDrnRatio= 3.52618335746229
ICDroneMiteSurvivorship= 70.097140991129
ICWorkerMiteSurvivorship= 39.2984935780987
ICForagerLifespan= 6.14505042508245
ImmType= Exponential
AIAdultSlope= 3.21662545218132
AIAdultLD50= 1.9875393086113
AIAdultSlopeContact= 0.0838595531741157
AIAdultLD50Contact= 0.0176530943717808
AILarvaSlope= 1.07276549274102
AILarvaLD50= 0.789048978639767
AIKOW= 6.48515475541353
AIKOC= 15.6510838901158
AIHalfLife= 9.83395324693993
EAppRate= 0.437174582155421
