ICQueenStrength= 2.28273649024777
RQWkrDrnRatio= 1.60482963174582
ICDroneMiteSurvivorship= 45.7463035127148
ICWorkerMiteSurvivorship= 99.2620927281678
ICForagerLifespan= 9.92506801802665
ImmType= Cosine
AIAdultSlope= 1.59359637968475
AIAdultLD50= 0.0677071389509365
AIAdultSlopeContact= 3.41914113719249
AIAdultLD50Contact= 0.0118720964062959
AILarvaSlope= 1.52315876935609
AILarvaLD50= 0.331804941035807
AIKOW= 5.40052374033257
AIKOC= 26.8327786657028
AIHalfLife= 3.38007978280075
EAppRate= 0.219167074095458
