ICQueenStrength= 1.36153534078039
RQWkrDrnRatio= 2.69420250598341
ICDroneMiteSurvivorship= 75.1567427767441
ICWorkerMiteSurvivorship= 82.8429674729705
ICForagerLifespan= 9.00855038594455
ImmType= Exponential
AIAdultSlope= 0.540336925650481
AIAdultLD50= 0.356441293377429
AIAdultSlopeContact= 1.27387906262884
AIAdultLD50Contact= 0.0356822938891128
AILarvaSlope= 3.14333959296346
AILarvaLD50= 0.705628470377997
AIKOW= 3.52796121872962
AIKOC= 23.4302165405825
AIHalfLife= 4.45765407639556
EAppRate= 0.51201170750428
