ICQueenStrength= 3.99453518120572
RQWkrDrnRatio= 1.07869408093393
ICDroneMiteSurvivorship= 40.2159273158759
ICWorkerMiteSurvivorship= 64.5783780608326
ICForagerLifespan= 4.75838729832321
ImmType= Polynomial
AIAdultSlope= 6.54028380755335
