ICQueenStrength= 5.1859960637521
RQWkrDrnRatio= 1.22799229063094
ICDroneMiteSurvivorship= 46.0574264405295
ICWorkerMiteSurvivorship= 46.1161507060751
ICForagerLifespan= 14.6198353599757
ImmType= Sine
AIAdultSlopeContact= 3.8236617535539
AIAdultLD50Contact= 0.0299069031258114
AILarvaSlope= 2.29921558657661
AILarvaLD50= 0.308543009357527
AIKOW= 2.86793884821236
AIKOC= 29.301817122614
AIHalfLife= 13.4407224701717
