ICQueenStrength= 5.67812031391077
RQWkrDrnRatio= 4.4975010259077
ICDroneMiteSurvivorship= 47.6669973693788
ICWorkerMiteSurvivorship= 7.11937465239316
ICForagerLifespan= 4.68718240782619
ImmType= Tangent
AIAdultSlope= 2.26113691881532
AIAdultLD50= 0.0644775284454226
AIAdultSlopeContact= 3.46334024116164
AIAdultLD50Contact= 0.0343835646403022
AILarvaSlope= 2.56481881216168
AILarvaLD50= 0.418283322430216
AIKOW= 7.82383040245622
AIKOC= 7.08712419844232
AIHalfLife= 2.51532971626148
EAppRate= 0
