ICQueenStrength= 4.25621389318258
RQWkrDrnRatio= 2.03351802751422
ICDroneMiteSurvivorship= 96.1844621459022
ICWorkerMiteSurvivorship= 0.328253884799778
ICForagerLifespan= 13.0459319828078
ImmType= Exponential
AIAdultSlopeContact= 1.7537927792198
AIAdultLD50Contact= 0.0490404046606273
AILarvaSlope= 2.99217669647187
AILarvaLD50= 0.547047657240182
AIKOW= 4.4629601566121
AIKOC= 17.4617027817294
AIHalfLife= 0.367116913665086
