ICQueenStrength= 2.37471466790885
RQWkrDrnRatio= 3.84017449989915
ICDroneMiteSurvivorship= 16.3140390301123
ICWorkerMiteSurvivorship= 5.2165032364428
ICForagerLifespan= 10.2809031065553
ImmType= Sine
AIAdultSlope= 1.85617715651169
AIAdultLD50= 1.10288313520141
AIAdultSlopeContact= 0.674524248058442
AIAdultLD50Contact= 0.00301710616331548
AILarvaSlope= 1.72663700450212
AILarvaLD50= 0.599447426665574
AIKOW= 3.427757459227
AIKOC= 22.4438499030657
AIHalfLife= 13.8405286613852
EAppRate= 0.33099835831672
