ICQueenStrength= 1.29434764524922
RQWkrDrnRatio= 1.93025424610823
ICDroneMiteSurvivorship= 70.1582999899983
ICWorkerMiteSurvivorship= 62.429231335409
ICForagerLifespan= 8.02057053055614
ImmType= Sine
AIAdultSlope= 3.37088982299902
AIAdultLD50= 2.87516844389029
AIAdultSlopeContact= 2.29511630708585
AIAdultLD50Contact= 0.018919086351525
AILarvaSlope= 2.13773836758919
AILarvaLD50= 0.643390229833312
AIKOW= 6.23874986777082
AIKOC= 23.7177984102163
AIHalfLife= 0.861510253511369
EAppRate= 0.445040338672698
