ICQueenStrength= 2.00670191226527
RQWkrDrnRatio= 2.21736441273242
ICDroneMiteSurvivorship= 18.4407971333712
ICWorkerMiteSurvivorship= 81.9046795135364
ICForagerLifespan= 9.9195345537737
ImmType= Sine
AIAdultSlope= 0.102747794897296
AIAdultLD50= 0.0731204806361347
AIAdultSlopeContact= 3.27936586490599
AIAdultLD50Contact= 0.0498986971215345
AILarvaSlope= 1.7573693508748
AILarvaLD50= 0.200339774927124
AIKOW= 5.71114786015823
AIKOC= 23.1074250605889
AIHalfLife= 4.93684072396718
EAppRate= 0.558708360465243
