ICQueenStrength= 5.73279552650638
RQWkrDrnRatio= 1.26476548146456
ICDroneMiteSurvivorship= 76.3451139908284
ICWorkerMiteSurvivorship= 10.6905600288883
ICForagerLifespan= 12.1866554291919
ImmType= Tangent
AIAdultSlope= 0.485263362082187
AIAdultLD50= 0.102067378582433
AIAdultSlopeContact= 0.083809446436353
AIAdultLD50Contact= 0.029763935925439
AILarvaSlope= 1.5676016587764
AILarvaLD50= 0.18939728080295
AIKOW= 5.40603239415213
AIKOC= 14.7879735869355
AIHalfLife= 4.55354912206531
EAppRate= 0.626169912703335
