ICQueenStrength= 5.58660409087315
RQWkrDrnRatio= 3.37414416763932
ICDroneMiteSurvivorship= 77.2150648757815
ICWorkerMiteSurvivorship= 63.4912534849718
ICForagerLifespan= 14.2179363993928
ImmType= Polynomial
AIAdultSlope= 0.77285055401735
AIAdultLD50= 2.67102341121063
AIAdultSlopeContact= 2.05375319807092
AIAdultLD50Contact= 0.0497584291850217
AILarvaSlope= 3.15720658707432
AILarvaLD50= 0.198150837351568
AIKOW= 4.17848868807778
AIKOC= 10.6067546422128
AIHalfLife= 10.3914088429883
EAppRate= 0.71331460098736
