ICQueenStrength= 2.63278159452602
RQWkrDrnRatio= 1.65093821845949
ICDroneMiteSurvivorship= 47.5758404936641
ICWorkerMiteSurvivorship= 14.3874664790928
ICForagerLifespan= 6.89562045875937
ImmType= Exponential
AIAdultSlope= 2.87064087142004
AIAdultLD50= 0.30673697963357
AIAdultSlopeContact= 2.22098317262018
AIAdultLD50Contact= 0.0369561857311055
AILarvaSlope= 2.83500005188398
AILarvaLD50= 0.667354181734845
AIKOW= 5.81974251940846
AIKOC= 25.9742153354455
AIHalfLife= 2.4328432942275
EAppRate= 0.0884989455807954
