ICQueenStrength= 4.3789044956211
RQWkrDrnRatio= 3.89229719806463
ICDroneMiteSurvivorship= 31.0736507643014
ICWorkerMiteSurvivorship= 74.7439723927528
ICForagerLifespan= 11.5675371848047
ImmType= Logarithmic
AIAdultSlope= 2.40449761550641
AIAdultLD50= 0.391279696370475
AIAdultSlopeContact= 1.41496464440832
AIAdultLD50Contact= 0.0445405071368441
AILarvaSlope= 3.24113051141612
AILarvaLD50= 0.832510399050079
AIKOW= 6.75528660928831
AIKOC= 5.63699592719786
AIHalfLife= 4.97171422932297
EAppRate= 0
