ICQueenStrength= 1.96631347434595
RQWkrDrnRatio= 4.46831556409597
ICDroneMiteSurvivorship= 52.1788258105516
ICWorkerMiteSurvivorship= 7.95225058682263
ICForagerLifespan= 7.90972878225148
ImmType= Polynomial
AIAdultSlope= 0.58644789355807
AIAdultLD50= 0.432708466309123
AIAdultSlopeContact= 1.08924537924584
AIAdultLD50Contact= 0.0405530120013282
AILarvaSlope= 0.271587708918378
AILarvaLD50= 0.360170641005971
AIKOW= 2.64766403660178
AIKOC= 11.2956597073935
AIHalfLife= 1.64454749785364
EAppRate= 0
