ICQueenStrength= 2.65570787969045
RQWkrDrnRatio= 1.56118871737272
ICDroneMiteSurvivorship= 52.4165489245206
ICWorkerMiteSurvivorship= 81.2504402827471
ICForagerLifespan= 8.88577635027468
ImmType= Tangent
AIAdultSlope= 2.26052338853478
AIAdultLD50= 0.617469031596556
AIAdultSlopeContact= 1.93729083493352
AIAdultLD50Contact= 0.00600004434818402
AILarvaSlope= 0.4072872932069
AILarvaLD50= 0.456859524920583
AIKOW= 7.31839869078249
AIKOC= 13.1113444874063
AIHalfLife= 12.8733347943053
EAppRate= 0.0187076963484287
