ICQueenStrength= 5.16586990118958
RQWkrDrnRatio= 4.50338353030384
ICDroneMiteSurvivorship= 63.0935267545283
ICWorkerMiteSurvivorship= 43.2758361799642
ICForagerLifespan= 15.6691210055724
ImmType= Polynomial
AIAdultSlopeContact= 2.14883385778405
AIAdultLD50Contact= 0.0219907668884844
AILarvaSlope= 1.52362477001734
AILarvaLD50= 0.798802997265011
AIKOW= 5.7171283941716
AIKOC= 22.5134200660978
AIHalfLife= 0.525162180885673
