ICQueenStrength= 1.12903041322716
RQWkrDrnRatio= 1.64405008777976
ICDroneMiteSurvivorship= 28.3850607695058
ICWorkerMiteSurvivorship= 39.6159155992791
ICForagerLifespan= 8.1437832666561
ImmType= Logarithmic
AIAdultLD50= 0.154012839635834
AIAdultSlopeContact= 0.862562841656618
AIAdultLD50Contact= 0.0127452578744851
AILarvaSlope= 0.351306938799098
AILarvaLD50= 0.863715917780064
AIKOW= 4.41389680514112
AIKOC= 8.44197409576736
AIHalfLife= 2.25838739657775
EAppRate= 1.34925314085558
