ICQueenStrength= 5.95339445536956
RQWkrDrnRatio= 3.39896493870765
ICDroneMiteSurvivorship= 49.4293005205691
ICWorkerMiteSurvivorship= 21.7477615224198
ICForagerLifespan= 14.5611491492018
ImmType= Cosine
AIAdultSlopeContact= 2.81723552549025
AIAdultLD50Contact= 0.00670576094416902
AILarvaSlope= 0.597491239896044
AILarvaLD50= 0.50038513080217
AIKOW= 6.68542578909546
AIKOC= 12.349633082049
AIHalfLife= 12.11925226124
