ICQueenStrength= 2.67835324420594
RQWkrDrnRatio= 1.06873080693185
ICDroneMiteSurvivorship= 27.8078865492716
ICWorkerMiteSurvivorship= 94.5254464168102
ICForagerLifespan= 15.6514178588986
ImmType= Sine
AIAdultSlopeContact= 2.66823004400823
AIAdultLD50Contact= 0.0121388667612337
AILarvaSlope= 2.4468384813983
AILarvaLD50= 0.441703481809236
AIKOW= 3.45229711662978
AIKOC= 28.1439410126768
AIHalfLife= 7.73412146791816
