ICQueenStrength= 5.58329837303609
RQWkrDrnRatio= 1.65517977438867
ICDroneMiteSurvivorship= 67.0877227094024
ICWorkerMiteSurvivorship= 11.4892040845007
ICForagerLifespan= 5.19539505057037
ImmType= Polynomial
AIAdultSlope= 5.28958272654563
AIAdultLD50= 0.892313526477665
AIAdultSlopeContact= 5.94650614308193
AIAdultLD50Contact= 0.15026078033261
AILarvaSlope= 8.74580334406346
AILarvaLD50= 0.334197065792978
AIKOW= 48.7285181414336
AIKOC= 88.1013464648277
AIHalfLife= 6.22525262506679
EAppRate= 0.0843570078723133
