ICQueenStrength= 4.85841956594959
RQWkrDrnRatio= 3.41775329597294
ICDroneMiteSurvivorship= 78.015943383798
ICWorkerMiteSurvivorship= 11.133478442207
ICForagerLifespan= 15.2279903208837
ImmType= Tangent
AIAdultSlope= 0.931667234273627
AIAdultLD50= 0.0746861454099417
AIAdultSlopeContact= 0.865633702073246
AIAdultLD50Contact= 0.0402453476912342
AILarvaSlope= 2.86288141994737
AILarvaLD50= 0.272396314283833
AIKOW= 2.07693179370835
AIKOC= 11.0815882752649
AIHalfLife= 0.435731412144378
EAppRate= 0.483813535072841
