ICQueenStrength= 2.25830385135487
RQWkrDrnRatio= 1.57578621525317
ICDroneMiteSurvivorship= 59.1283800778911
ICWorkerMiteSurvivorship= 40.5755188781768
ICForagerLifespan= 8.30014822911471
ImmType= Logarithmic
AIAdultSlopeContact= 3.04141791163478
AIAdultLD50Contact= 0.00121634078677744
AILarvaSlope= 1.03973558857106
AILarvaLD50= 0.0869324592640623
AIKOW= 3.35096020903438
AIKOC= 5.15048035420477
AIHalfLife= 7.38306857319549
