ICQueenStrength= 5.04804334044456
RQWkrDrnRatio= 2.20884442701936
ICDroneMiteSurvivorship= 4.44538798183203
ICWorkerMiteSurvivorship= 67.8258165018633
ICForagerLifespan= 12.2587030390278
ImmType= Tangent
AIAdultSlope= 2.12615752289537
AIAdultLD50= 0.257209175731987
AIAdultSlopeContact= 0.523101662748959
AIAdultLD50Contact= 0.00992566047934815
AILarvaSlope= 2.91295512826182
AILarvaLD50= 0.36474015286658
AIKOW= 3.26485248887911
AIKOC= 19.9185510992538
AIHalfLife= 0.970512891653925
EAppRate= 0.696265320968814
