ICQueenStrength= 4.50998580805026
RQWkrDrnRatio= 1.94853544421494
ICDroneMiteSurvivorship= 2.82978233881295
ICWorkerMiteSurvivorship= 28.6066325381398
ICForagerLifespan= 11.2104807831347
ImmType= Tangent
AIAdultSlope= 7.75174744892865
AIAdultLD50= 0.641749695409089
AIAdultSlopeContact= 8.01112261135131
AIAdultLD50Contact= 0.123987589916214
AILarvaSlope= 3.70745535939932
AILarvaLD50= 0.200994883663952
AIKOW= 38.4506860515103
AIKOC= 93.3543810853735
AIHalfLife= 13.2458851151168
EAppRate= 1.7875037593767
