ICQueenStrength= 5.6292231278494
RQWkrDrnRatio= 4.60779032856226
ICDroneMiteSurvivorship= 96.6797795379534
ICWorkerMiteSurvivorship= 98.2860813150182
ICForagerLifespan= 11.7172183031216
ImmType= Polynomial
AIAdultSlope= 0.582506089098752
AIAdultLD50= 0.00140950619243085
AIAdultSlopeContact= 1.44305702719605
AIAdultLD50Contact= 0.015612261753995
AILarvaSlope= 3.25361660895869
AILarvaLD50= 0.389332927088253
AIKOW= 4.37273682560772
AIKOC= 18.2027947285678
AIHalfLife= 0.0190230540465564
EAppRate= 0.202853524847887
