ICQueenStrength= 1.60667279409245
RQWkrDrnRatio= 2.95846997480839
ICDroneMiteSurvivorship= 16.0484445514157
ICWorkerMiteSurvivorship= 54.5558302896097
ICForagerLifespan= 5.89307395648211
ImmType= Logarithmic
AIAdultSlopeContact= 0.350901392621454
AIAdultLD50Contact= 0.00329800200415775
AILarvaSlope= 1.94197675362229
AILarvaLD50= 0.387280425522476
AIKOW= 4.0344963031821
AIKOC= 20.2122622705065
AIHalfLife= 9.51135635608807
