ICQueenStrength= 3.01537269167602
RQWkrDrnRatio= 3.51438142545521
