ICQueenStrength= 1.5682432022877
RQWkrDrnRatio= 4.39313480537385
ICDroneMiteSurvivorship= 62.5990841072053
ICWorkerMiteSurvivorship= 70.3703008359298
ICForagerLifespan= 4.93763708882034
ImmType= Polynomial
AIAdultSlope= 2.73464052272029
AIAdultLD50= 2.42975570401177
AIAdultSlopeContact= 1.46235182067845
AIAdultLD50Contact= 0.0443903836188838
AILarvaSlope= 0.50485725114122
AILarvaLD50= 0.835956801683642
AIKOW= 6.76649859361351
AIKOC= 16.3376477325801
AIHalfLife= 8.38707414781675
EAppRate= 0.614855067338794
