ICQueenStrength= 5.15565047995187
RQWkrDrnRatio= 4.38414582237601
ICDroneMiteSurvivorship= 52.4489129660651
ICWorkerMiteSurvivorship= 11.9601953774691
ICForagerLifespan= 6.06385494861752
ImmType= Sine
AIAdultSlope= 2.07057077540085
AIAdultLD50= 2.10365283186547
AIAdultSlopeContact= 2.44085133661749
AIAdultLD50Contact= 0.0236919840564951
AILarvaSlope= 0.267028081836179
AILarvaLD50= 0.183523669908755
AIKOW= 7.229103253223
AIKOC= 25.9303294832353
AIHalfLife= 5.99832172226161
EAppRate= 0.360672605689615
