ICQueenStrength= 5.84853994334117
RQWkrDrnRatio= 2.95971695426852
ICDroneMiteSurvivorship= 90.28460229747
ICWorkerMiteSurvivorship= 46.9159527448937
ICForagerLifespan= 12.6825310532004
ImmType= Polynomial
AIAdultSlope= 2.69418742950074
AIAdultLD50= 2.78308798349462
AIAdultSlopeContact= 0.63873274449259
AIAdultLD50Contact= 0.00579617967596278
AILarvaSlope= 1.12426001685671
AILarvaLD50= 0.774395789997652
AIKOW= 7.89357155701146
AIKOC= 17.6254463975783
AIHalfLife= 5.63675787346438
EAppRate= 0.0214964782353491
