ICQueenStrength= 5.30697206058539
RQWkrDrnRatio= 4.34435872081667
ICDroneMiteSurvivorship= 95.79976152163
ICWorkerMiteSurvivorship= 31.4542484935373
ICForagerLifespan= 15.6977495327592
ImmType= Polynomial
AIAdultSlope= 0.975212371069938
AIAdultLD50= 2.30311718420126
AIAdultSlopeContact= 0.543477832102217
AIAdultLD50Contact= 0.0253333856235258
AILarvaSlope= 3.02419825349934
AILarvaLD50= 0.787379370164126
AIKOW= 6.85870754998177
AIKOC= 15.3485850035213
AIHalfLife= 9.56323150359094
EAppRate= 0.448000808246434
