ICQueenStrength= 4.77405458828434
RQWkrDrnRatio= 3.87687701173127
ICDroneMiteSurvivorship= 12.1259885374457
ICWorkerMiteSurvivorship= 80.485784704797
ICForagerLifespan= 11.1587311448529
ImmType= Logarithmic
AIAdultSlopeContact= 8.56977921212092
AIAdultLD50Contact= 0.00743315550498664
AILarvaSlope= 3.9760915027
AILarvaLD50= 1.91511235293001
AIKOW= 50.5702371476218
AIKOC= 49.6700355084613
AIHalfLife= 10.0410983874463
