ICQueenStrength= 2.25540754012764
RQWkrDrnRatio= 3.48746210150421
