ICQueenStrength= 2.91173301078379
RQWkrDrnRatio= 2.71257650200278
ICDroneMiteSurvivorship= 38.7683603912592
ICWorkerMiteSurvivorship= 98.1607724213973
ICForagerLifespan= 13.613808660768
ImmType= Logarithmic
AIAdultSlope= 0.120978854179848
AIAdultLD50= 0.1812708635116
AIAdultSlopeContact= 0.0695918837771751
AIAdultLD50Contact= 0.00336047017481178
AILarvaSlope= 1.87937133596279
AILarvaLD50= 0.682710546464659
AIKOW= 4.65945111820474
AIKOC= 18.5130712704267
AIHalfLife= 4.15562433074228
EAppRate= 0.694867235445417
