ICQueenStrength= 1.27179939788766
RQWkrDrnRatio= 2.20473103132099
ICDroneMiteSurvivorship= 64.6378383040428
ICWorkerMiteSurvivorship= 84.8732145037502
ICForagerLifespan= 13.9286601711065
ImmType= Logarithmic
AIAdultSlope= 6.65106777101755
