ICQueenStrength= 5.63830588618293
RQWkrDrnRatio= 2.95425104629248
ICDroneMiteSurvivorship= 38.2777418941259
ICWorkerMiteSurvivorship= 57.8153173206374
ICForagerLifespan= 12.008509228006
ImmType= Polynomial
AIAdultSlope= 0.630141861876473
AIAdultLD50= 2.0324330565054
AIAdultSlopeContact= 3.4965697577619
AIAdultLD50Contact= 0.00112523977877572
AILarvaSlope= 1.08008859436959
AILarvaLD50= 0.533627203060314
AIKOW= 6.73812621459365
AIKOC= 5.75638378621079
AIHalfLife= 1.69959999760613
EAppRate= 0.0166842537000775
