ICQueenStrength= 3.06240054685622
RQWkrDrnRatio= 3.79032484069467
ICDroneMiteSurvivorship= 26.8033383181319
ICWorkerMiteSurvivorship= 19.3393121939152
ICForagerLifespan= 13.4300782876089
ImmType= Exponential
AIAdultSlope= 1.57054488020483
AIAdultLD50= 0.48727651045192
AIAdultSlopeContact= 2.190145837327
AIAdultLD50Contact= 0.00465420644031838
AILarvaSlope= 1.68090422283858
AILarvaLD50= 0.871126092248596
AIKOW= 3.07761938683689
AIKOC= 21.5212154155597
AIHalfLife= 0.388506326125935
EAppRate= 0.111395479086787
