ICQueenStrength= 5.8950162588153
RQWkrDrnRatio= 2.26806961093098
ICDroneMiteSurvivorship= 99.782318691723
ICWorkerMiteSurvivorship= 18.4528715908527
ICForagerLifespan= 13.3618284175172
ImmType= Exponential
AIAdultSlope= 3.06521410997957
AIAdultLD50= 1.78261208790354
AIAdultSlopeContact= 1.83551661321893
AIAdultLD50Contact= 0.00681212731869891
AILarvaSlope= 2.85095235509798
AILarvaLD50= 0.533070714888163
AIKOW= 7.23678978532553
AIKOC= 28.6563906422816
AIHalfLife= 11.2155927424319
EAppRate= 0.474174377508461
