ICQueenStrength= 3.13579392293468
RQWkrDrnRatio= 2.20037147309631
ICDroneMiteSurvivorship= 73.9907068666071
ICWorkerMiteSurvivorship= 20.0879151234403
ICForagerLifespan= 9.59691982250661
ImmType= Tangent
AIAdultSlope= 2.71910114102298
AIAdultLD50= 0.151246286462992
AIAdultSlopeContact= 2.74447658752324
AIAdultLD50Contact= 0.0491393446573056
AILarvaSlope= 1.18538296702318
AILarvaLD50= 0.483749836008064
AIKOW= 2.5022913813591
AIKOC= 8.35348165244795
AIHalfLife= 0.837754808599129
EAppRate= 0.0157236114842817
