ICQueenStrength= 5.26608972018585
RQWkrDrnRatio= 4.95977804344147
ICDroneMiteSurvivorship= 63.0453818943352
ICWorkerMiteSurvivorship= 18.5987459961325
ICForagerLifespan= 4.32360476255417
ImmType= Exponential
AIAdultSlope= 0.232485080650076
AIAdultLD50= 0.285502060549334
AIAdultSlopeContact= 1.5173923655902
AIAdultLD50Contact= 0.00382304983213544
AILarvaSlope= 2.45234008980915
AILarvaLD50= 0.337949278601445
AIKOW= 2.38686346355826
AIKOC= 9.61101135006174
AIHalfLife= 6.93041452532634
EAppRate= 0.1116945927497
