ICQueenStrength= 4.05465713958256
RQWkrDrnRatio= 1.97773996461183
ICDroneMiteSurvivorship= 50.6705664563924
ICWorkerMiteSurvivorship= 85.3858210844919
ICForagerLifespan= 9.04163552075624
ImmType= Polynomial
AIAdultSlope= 1.64787429840071
AIAdultLD50= 0.335367249674164
AIAdultSlopeContact= 2.44995500067947
AIAdultLD50Contact= 0.042812646436505
AILarvaSlope= 0.114062084723264
AILarvaLD50= 0.7267864768859
AIKOW= 6.90951388888061
AIKOC= 28.8534107978921
AIHalfLife= 3.06015555746853
EAppRate= 0
