ICQueenStrength= 5.18621703633107
RQWkrDrnRatio= 1.4845192078501
ICDroneMiteSurvivorship= 42.3619244480506
ICWorkerMiteSurvivorship= 11.3129948265851
ICForagerLifespan= 7.48131578043103
ImmType= Exponential
AIAdultSlope= 0.601198051823303
AIAdultLD50= 0.7764921952039
AIAdultSlopeContact= 3.04706326282583
AIAdultLD50Contact= 0.0194298185757361
AILarvaSlope= 2.35242490959354
AILarvaLD50= 0.163173491740599
AIKOW= 2.30466133030131
AIKOC= 14.0050219616387
AIHalfLife= 8.18142391880974
EAppRate= 0.788124513346702
