ICQueenStrength= 3.47850434738211
RQWkrDrnRatio= 3.18240332603455
ICDroneMiteSurvivorship= 79.9322325969115
ICWorkerMiteSurvivorship= 74.7830753447488
ICForagerLifespan= 5.52018943428993
ImmType= Cosine
AIAdultSlope= 2.87128729280084
AIAdultLD50= 0.220335082150996
AIAdultSlopeContact= 4.74873170955107
AIAdultLD50Contact= 0.126894151838496
AILarvaSlope= 3.94720445387065
AILarvaLD50= 0.295950753614306
AIKOW= 1.48578837979585
AIKOC= 82.3953930987045
AIHalfLife= 6.95916342642158
EAppRate= 1.18423102097586
