ICQueenStrength= 2.98925733449869
RQWkrDrnRatio= 1.16062537301332
ICDroneMiteSurvivorship= 31.5534584224224
ICWorkerMiteSurvivorship= 95.5937036778778
ICForagerLifespan= 6.36709739174694
ImmType= Sine
AIAdultSlopeContact= 1.68303032299038
AIAdultLD50Contact= 0.0212175505585037
AILarvaSlope= 1.54104883163236
AILarvaLD50= 0.175366438413039
AIKOW= 2.5840234644711
AIKOC= 28.5093372059055
AIHalfLife= 3.3556236284785
