ICQueenStrength= 1.39549523033202
RQWkrDrnRatio= 3.8879542350769
ICDroneMiteSurvivorship= 21.7937838984653
ICWorkerMiteSurvivorship= 96.6909623937681
ICForagerLifespan= 15.0644125910476
ImmType= Polynomial
AIAdultSlopeContact= 4.67174646677449
AIAdultLD50Contact= 0.11488407314755
AILarvaSlope= 5.41516109835356
AILarvaLD50= 1.01892540464178
AIKOW= 90.0428846245632
AIKOC= 51.1259375372902
AIHalfLife= 9.31541726598516
