ICQueenStrength= 4.36847468093038
RQWkrDrnRatio= 2.37475681770593
