ICQueenStrength= 5.96363739366643
RQWkrDrnRatio= 1.17438071873039
ICDroneMiteSurvivorship= 45.3027049778029
ICWorkerMiteSurvivorship= 25.5255821859464
ICForagerLifespan= 8.38209703750908
ImmType= Sine
AIAdultSlope= 5.91761367628351
