ICQueenStrength= 2.80327954120003
RQWkrDrnRatio= 4.68624190427363
ICDroneMiteSurvivorship= 33.5618697339669
ICWorkerMiteSurvivorship= 66.2957014981657
ICForagerLifespan= 12.1629471154884
ImmType= Tangent
AIAdultSlope= 0.395605785865337
AIAdultLD50= 2.74958950490691
AIAdultSlopeContact= 3.17067940499168
AIAdultLD50Contact= 0.0235681198071688
AILarvaSlope= 2.1278588692192
AILarvaLD50= 0.00202105685602874
AIKOW= 2.05764792766422
AIKOC= 24.1312289854977
AIHalfLife= 11.0673910072073
EAppRate= 0.209576274268329
