ICQueenStrength= 5.78201323072426
RQWkrDrnRatio= 1.60440864413977
ICDroneMiteSurvivorship= 75.4330375231802
ICWorkerMiteSurvivorship= 90.8449440496042
ICForagerLifespan= 4.28645154926926
ImmType= Tangent
AIAdultSlope= 0.689327630074695
AIAdultLD50= 1.47823177068494
AIAdultSlopeContact= 2.83240271788789
AIAdultLD50Contact= 0.0286700167460367
AILarvaSlope= 0.523692412953824
AILarvaLD50= 0.196803346462548
AIKOW= 4.66219104500487
AIKOC= 19.1765163221862
AIHalfLife= 12.4332364853472
EAppRate= 0.593703612219542
