ICQueenStrength= 1.8867037598975
RQWkrDrnRatio= 2.09562593977898
ICDroneMiteSurvivorship= 30.6464277440682
ICWorkerMiteSurvivorship= 51.6682957764715
ICForagerLifespan= 5.4702738430351
ImmType= Cosine
AIAdultSlope= 7.7854893100448
AIAdultLD50= 0.9097661790438
AIAdultSlopeContact= 6.18854297790676
AIAdultLD50Contact= 0.0833859312813729
AILarvaSlope= 4.64835549937561
AILarvaLD50= 0.620850034989417
AIKOW= 10.3855094173923
AIKOC= 40.4838487505913
AIHalfLife= 7.79964039567858
EAppRate= 1.66637634206563
