ICQueenStrength= 4.46705558244139
RQWkrDrnRatio= 2.94292237982154
ICDroneMiteSurvivorship= 33.6690933909267
ICWorkerMiteSurvivorship= 15.3031614841893
ICForagerLifespan= 4.40764099173248
ImmType= Exponential
AIAdultSlopeContact= 2.47068552239332
AIAdultLD50Contact= 0.0193522801855579
AILarvaSlope= 1.51229373607785
AILarvaLD50= 0.379955236217938
AIKOW= 7.53462334582582
AIKOC= 20.3636325965635
AIHalfLife= 0.506672577466816
