ICQueenStrength= 3.47070978861302
RQWkrDrnRatio= 3.89804081898183
ICDroneMiteSurvivorship= 79.7437518369406
ICWorkerMiteSurvivorship= 71.6582203749567
ICForagerLifespan= 8.64471812359989
ImmType= Cosine
AIAdultSlope= 3.40977681567892
