ICQueenStrength= 3.39264380536042
RQWkrDrnRatio= 3.7121263993904
ICDroneMiteSurvivorship= 96.3252428453416
ICWorkerMiteSurvivorship= 17.0858796685934
ICForagerLifespan= 8.80820413026959
ImmType= Polynomial
AIAdultSlope= 0.42525097890757
AIAdultSlopeContact= 3.07774187889649
AIAdultLD50Contact= 0.0396157675306313
AILarvaSlope= 1.23979438561946
AILarvaLD50= 0.325492267403752
AIKOW= 5.94668221566826
AIKOC= 17.9636519472115
AIHalfLife= 9.37640917208046
