ICQueenStrength= 2.70927157043479
RQWkrDrnRatio= 3.43769411835819
ICDroneMiteSurvivorship= 33.1263947067782
ICWorkerMiteSurvivorship= 78.9657446788624
ICForagerLifespan= 10.0558636439964
ImmType= Cosine
AIAdultSlopeContact= 3.28295914937044
AIAdultLD50Contact= 0.0480293669039384
AILarvaSlope= 2.946364134131
AILarvaLD50= 0.328545664809644
AIKOW= 3.48436491750181
AIKOC= 12.5448544754181
AIHalfLife= 0.493524257559329
