ICQueenStrength= 2.37724685133435
RQWkrDrnRatio= 4.08124786522239
ICDroneMiteSurvivorship= 2.20673303119838
ICWorkerMiteSurvivorship= 84.3037847429514
ICForagerLifespan= 15.7128136958927
ImmType= Logarithmic
AIAdultSlope= 7.90520057780668
