ICQueenStrength= 2.40666769701056
RQWkrDrnRatio= 1.22301557473838
ICDroneMiteSurvivorship= 62.5904991989955
ICWorkerMiteSurvivorship= 70.491969701834
ICForagerLifespan= 7.12034887168556
ImmType= Polynomial
AIAdultSlope= 2.35606920548715
AIAdultLD50= 0.0795540533727035
AIAdultSlopeContact= 2.41151707169367
AIAdultLD50Contact= 0.0418869754299522
AILarvaSlope= 0.858238891279325
AILarvaLD50= 0.244893655506894
AIKOW= 6.55636647576466
AIKOC= 10.2294557448477
AIHalfLife= 2.17782775638625
EAppRate= 0.0322328007314354
