ICQueenStrength= 1.58945338125341
RQWkrDrnRatio= 4.15939837321639
ICDroneMiteSurvivorship= 61.100542685017
ICWorkerMiteSurvivorship= 73.8303709775209
ICForagerLifespan= 15.0096279969439
ImmType= Tangent
AIAdultSlope= 0.405039811972529
AIAdultLD50= 2.32428724737838
AIAdultSlopeContact= 1.10607569076587
AIAdultLD50Contact= 0.00321002886630595
AILarvaSlope= 0.292737221252173
AILarvaLD50= 0.235139582818374
AIKOW= 2.19109469372779
AIKOC= 19.5873556321021
AIHalfLife= 4.63353217486292
EAppRate= 0.543142779963091
