ICQueenStrength= 3.67850725352764
RQWkrDrnRatio= 1.78086320590228
