ICQueenStrength= 1.09853628929704
RQWkrDrnRatio= 2.63506454322487
ICDroneMiteSurvivorship= 11.8103864137083
ICWorkerMiteSurvivorship= 40.4418691061437
ICForagerLifespan= 9.01170621719211
ImmType= Sine
AIAdultSlope= 0.0611911890632473
AIAdultLD50= 0.395748282317072
AIAdultSlopeContact= 1.34593589594588
AIAdultLD50Contact= 0.00960573034826666
AILarvaSlope= 2.19573213420808
AILarvaLD50= 0.373937688139267
AIKOW= 7.66509481007233
AIKOC= 9.20741625130177
AIHalfLife= 3.41255688341334
EAppRate= 0.477662008837797
