ICQueenStrength= 4.50487834308296
RQWkrDrnRatio= 3.87139934580773
ICDroneMiteSurvivorship= 7.54547519609332
ICWorkerMiteSurvivorship= 21.2397205177695
ICForagerLifespan= 9.41818258259445
ImmType= Cosine
AIAdultSlope= 6.37228425592184
