ICQueenStrength= 5.04679465689696
RQWkrDrnRatio= 1.04848598875105
ICDroneMiteSurvivorship= 37.4328315258026
ICWorkerMiteSurvivorship= 35.1666303118691
ICForagerLifespan= 7.6260641515255
ImmType= Sine
AIAdultSlope= 2.86791233811527
