ICQueenStrength= 1.85619590152055
RQWkrDrnRatio= 3.34254515264183
