ICQueenStrength= 5.28166933124885
RQWkrDrnRatio= 4.51584055181593
ICDroneMiteSurvivorship= 72.4471847526729
ICWorkerMiteSurvivorship= 35.1088374853134
ICForagerLifespan= 5.67155290115625
ImmType= Logarithmic
AIAdultSlope= 3.15719901163364
AIAdultLD50= 0.0908181995619088
AIAdultSlopeContact= 2.33641143370885
AIAdultLD50Contact= 0.0354641112848185
AILarvaSlope= 3.10600628829561
AILarvaLD50= 0.331537011405453
AIKOW= 6.65146492980421
AIKOC= 14.9291312682908
AIHalfLife= 4.85645196982659
EAppRate= 0
