ICQueenStrength= 5.16305624763481
RQWkrDrnRatio= 3.13802044093609
ICDroneMiteSurvivorship= 26.3091683853418
ICWorkerMiteSurvivorship= 30.6555869756266
ICForagerLifespan= 8.54005998745561
ImmType= Exponential
AIAdultSlope= 2.76870802296326
AIAdultLD50= 1.76962192193605
AIAdultSlopeContact= 0.439726949909236
AIAdultLD50Contact= 0.0173309144563973
AILarvaSlope= 0.404829974565655
AILarvaLD50= 0.177255692356266
AIKOW= 6.82237998209894
AIKOC= 15.2198715263512
AIHalfLife= 12.3769662627019
EAppRate= 0.882266275351867
