ICQueenStrength= 5.15052492753603
RQWkrDrnRatio= 1.47766700480133
ICDroneMiteSurvivorship= 68.7653790460899
ICWorkerMiteSurvivorship= 96.8967222608626
ICForagerLifespan= 8.48897822201252
ImmType= Tangent
AIAdultSlope= 3.02828104002401
AIAdultLD50= 0.669656157959253
AIAdultSlopeContact= 6.76444164710119
AIAdultLD50Contact= 0.101632023975253
AILarvaSlope= 8.96167215891182
AILarvaLD50= 1.39771228609607
AIKOW= 88.4142126422375
AIKOC= 81.2487691175193
AIHalfLife= 2.31639461033046
EAppRate= 0.452528704889119
