ICQueenStrength= 2.66318667703308
RQWkrDrnRatio= 3.88626186549664
ICDroneMiteSurvivorship= 76.1819425970316
ICWorkerMiteSurvivorship= 89.4996468676254
ICForagerLifespan= 5.61330166086555
ImmType= Polynomial
AIAdultSlope= 0.813772476338781
AIAdultLD50= 0.102043494465761
AIAdultSlopeContact= 0.886583090310451
AIAdultLD50Contact= 0.0440756836440414
AILarvaSlope= 1.4075927126687
AILarvaLD50= 0.357766304654069
AIKOW= 2.14622652390972
AIKOC= 16.9551250652876
AIHalfLife= 2.76624908205122
EAppRate= 0.490335383685306
