ICQueenStrength= 2.05900683323853
RQWkrDrnRatio= 2.97704775445163
ICDroneMiteSurvivorship= 20.5592345446348
ICWorkerMiteSurvivorship= 0.340332253836095
ICForagerLifespan= 14.8134378576651
ImmType= Logarithmic
AIAdultSlope= 8.14511786215007
