ICQueenStrength= 3.62845385354012
RQWkrDrnRatio= 2.1188802421093
ICDroneMiteSurvivorship= 3.81104007828981
ICWorkerMiteSurvivorship= 25.1383185852319
ICForagerLifespan= 13.4307591244578
ImmType= Tangent
AIAdultSlope= 1.04425095525803
AIAdultLD50= 0.445014547207393
AIAdultSlopeContact= 2.88805911633186
AIAdultLD50Contact= 0.0256451901630498
AILarvaSlope= 3.14311342989095
AILarvaLD50= 0.851318445545621
AIKOW= 2.71324617322534
AIKOC= 21.2704381044023
AIHalfLife= 1.4598238968756
EAppRate= 0.156448311568238
