ICQueenStrength= 2.63347033667378
RQWkrDrnRatio= 2.78169285878539
ICDroneMiteSurvivorship= 61.7539304075763
ICWorkerMiteSurvivorship= 79.6548848273233
ICForagerLifespan= 11.2896004617214
ImmType= Exponential
AIAdultSlope= 0.128948849639855
AIAdultLD50= 0.222642783541232
AIAdultSlopeContact= 2.43597802081844
AIAdultLD50Contact= 0.0104735220898874
AILarvaSlope= 2.15689281835221
AILarvaLD50= 0.0687628047075123
AIKOW= 4.90917601622641
AIKOC= 21.4356126799248
AIHalfLife= 0.0617492420133203
EAppRate= 0.231288736197166
