ICQueenStrength= 2.90472598653287
RQWkrDrnRatio= 1.13554138224572
ICDroneMiteSurvivorship= 97.6431853370741
ICWorkerMiteSurvivorship= 90.7574672019109
ICForagerLifespan= 5.62309797108173
ImmType= Tangent
AIAdultSlope= 2.91656815183349
AIAdultLD50= 0.285550326691009
AIAdultSlopeContact= 0.588818838978186
AIAdultLD50Contact= 0.022894477751106
AILarvaSlope= 1.58157605887391
AILarvaLD50= 0.138716765656136
AIKOW= 6.25573254656047
AIKOC= 6.19840107508935
AIHalfLife= 2.31493827537633
EAppRate= 0
