ICQueenStrength= 5.81318162404932
RQWkrDrnRatio= 1.12499884795398
ICDroneMiteSurvivorship= 20.3057256061584
ICWorkerMiteSurvivorship= 67.7727756788954
ICForagerLifespan= 9.64830263517797
ImmType= Logarithmic
AIAdultSlope= 8.09772642329335
