ICQueenStrength= 4.52955018403009
RQWkrDrnRatio= 2.01228459086269
ICDroneMiteSurvivorship= 42.1191885601729
ICWorkerMiteSurvivorship= 12.774110166356
ICForagerLifespan= 12.6889903042465
ImmType= Cosine
AIAdultSlope= 1.3987822854775
AIAdultLD50= 0.159456062829122
AIAdultSlopeContact= 0.884102675942704
AIAdultLD50Contact= 0.0371010215720162
AILarvaSlope= 2.52262102514505
AILarvaLD50= 0.741081314859912
AIKOW= 2.2552318056114
AIKOC= 10.7609999261331
AIHalfLife= 0.125966264167801
EAppRate= 0.133491762913764
