ICQueenStrength= 5.31958325207233
RQWkrDrnRatio= 2.20181307196617
ICDroneMiteSurvivorship= 14.6863481495529
ICWorkerMiteSurvivorship= 2.14300702791661
ICForagerLifespan= 9.92201313283294
ImmType= Logarithmic
AIAdultSlope= 1.82711758185178
