ICQueenStrength= 3.503017449053
RQWkrDrnRatio= 2.69618993718177
ICDroneMiteSurvivorship= 11.4399028010666
ICWorkerMiteSurvivorship= 67.1292302431539
ICForagerLifespan= 9.95843944791704
ImmType= Sine
AIAdultSlope= 0.815370096182451
AIAdultLD50= 0.264490273781121
AIAdultSlopeContact= 3.92665166117018
AIAdultLD50Contact= 0.0297064140322618
AILarvaSlope= 2.80477880500257
AILarvaLD50= 0.201324584637769
AIKOW= 6.10794564476237
AIKOC= 24.8414529266302
AIHalfLife= 4.42021381575614
EAppRate= 0.432327661267482
