ICQueenStrength= 4.6098445886746
RQWkrDrnRatio= 3.5733150606975
