ICQueenStrength= 3.64012954663485
RQWkrDrnRatio= 3.11153379827738
ICDroneMiteSurvivorship= 89.6984063088894
ICWorkerMiteSurvivorship= 5.07025602273643
ICForagerLifespan= 13.9521074220538
ImmType= Polynomial
AIAdultSlope= 8.00121902255341
