ICQueenStrength= 2.04244441259652
RQWkrDrnRatio= 2.72446554992348
ICDroneMiteSurvivorship= 88.3230414707214
ICWorkerMiteSurvivorship= 38.6896323878318
ICForagerLifespan= 5.12857708334923
ImmType= Cosine
AIAdultSlope= 1.88952370244078
AIAdultLD50= 2.47121897153556
AIAdultSlopeContact= 0.18371500068577
AIAdultLD50Contact= 0.0145484456443228
AILarvaSlope= 1.7709863872733
AILarvaLD50= 0.56879006344825
AIKOW= 4.16922060679644
AIKOC= 17.9357684811112
AIHalfLife= 13.9400219428353
EAppRate= 0.00552621320821345
