ICQueenStrength= 1.79181779525243
RQWkrDrnRatio= 2.03099197987467
ICDroneMiteSurvivorship= 93.1323097087443
ICWorkerMiteSurvivorship= 66.327775339596
ICForagerLifespan= 11.5712791820988
ImmType= Tangent
AIAdultSlope= 1.69660651292652
AIAdultLD50= 2.81566329114139
AIAdultSlopeContact= 3.32653252943885
AIAdultLD50Contact= 0.0386599196237512
AILarvaSlope= 0.867543563619256
AILarvaLD50= 0.0114328874275088
AIKOW= 2.44514878606424
AIKOC= 27.7177837921772
AIHalfLife= 9.32830417668447
EAppRate= 0.389659127919003
