ICQueenStrength= 4.03725905483589
RQWkrDrnRatio= 2.63178928941488
ICDroneMiteSurvivorship= 81.2049772823229
ICWorkerMiteSurvivorship= 8.77162348479033
ICForagerLifespan= 7.42974242754281
ImmType= Sine
AIAdultSlope= 0.666941411560401
AIAdultLD50= 1.17190925544128
AIAdultSlopeContact= 3.84936361122876
AIAdultLD50Contact= 0.0146256665000692
AILarvaSlope= 1.40046801897697
AILarvaLD50= 0.112506341328844
AIKOW= 2.90913482941687
AIKOC= 5.59925387031399
AIHalfLife= 1.59950140956789
EAppRate= 0.690564434276894
