ICQueenStrength= 5.94795593083836
RQWkrDrnRatio= 1.47325022891164
ICDroneMiteSurvivorship= 82.0125187980011
ICWorkerMiteSurvivorship= 58.7499061133713
ICForagerLifespan= 11.7013750113547
ImmType= Tangent
AIAdultSlopeContact= 2.20041144872084
AIAdultLD50Contact= 0.0175982411485165
AILarvaSlope= 7.90498410584405
AILarvaLD50= 1.21874197246507
AIKOW= 87.6693001715466
AIKOC= 63.7218450661749
AIHalfLife= 4.93801975343376
