ICQueenStrength= 2.01011642604135
RQWkrDrnRatio= 4.14920985233039
ICDroneMiteSurvivorship= 42.617180920206
ICWorkerMiteSurvivorship= 9.37036445830017
ICForagerLifespan= 14.1342988051474
ImmType= Exponential
AIAdultSlope= 3.55992437385488
AIAdultLD50= 0.45334537664894
AIAdultSlopeContact= 1.94134706960293
AIAdultLD50Contact= 0.0341909726266749
AILarvaSlope= 1.45908597256057
AILarvaLD50= 0.790957294916734
AIKOW= 2.89793545007706
AIKOC= 6.72596001066267
AIHalfLife= 1.68257216457278
EAppRate= 0.258634497388266
