ICQueenStrength= 3.89605574449524
RQWkrDrnRatio= 2.62528486922383
ICDroneMiteSurvivorship= 4.98389769345522
ICWorkerMiteSurvivorship= 51.3422056101263
ICForagerLifespan= 12.8131645899266
ImmType= Exponential
AIAdultSlope= 0.541334783581551
AIAdultLD50= 0.285259806434624
AIAdultSlopeContact= 0.663976030354388
AIAdultLD50Contact= 0.0319652775884606
AILarvaSlope= 1.73791352324188
AILarvaLD50= 0.797905512736179
AIKOW= 2.60131871560588
AIKOC= 16.7120503680781
AIHalfLife= 4.35832592891529
EAppRate= 0.643997155106626
