ICQueenStrength= 5.75459765293635
RQWkrDrnRatio= 2.49894664715976
ICDroneMiteSurvivorship= 64.8120354861021
ICWorkerMiteSurvivorship= 5.22602936252952
ICForagerLifespan= 14.502628704533
ImmType= Exponential
AIAdultSlope= 0.545990158757195
AIAdultLD50= 2.56211731326766
AIAdultSlopeContact= 1.09793237503851
AIAdultLD50Contact= 0.0374681860674173
AILarvaSlope= 0.63877136586234
AILarvaLD50= 0.827087314403616
AIKOW= 5.28827341180295
AIKOC= 9.77872298797593
AIHalfLife= 4.87680067401379
EAppRate= 0.149985578143969
