ICQueenStrength= 3.27998029440641
RQWkrDrnRatio= 2.55587153416127
ICDroneMiteSurvivorship= 61.975431884639
ICWorkerMiteSurvivorship= 5.87415520567447
ICForagerLifespan= 5.47070459742099
ImmType= Exponential
AIAdultSlope= 0.0283487801905721
AIAdultLD50= 1.43552176142111
AIAdultSlopeContact= 2.09227508786833
AIAdultLD50Contact= 0.00730898436158896
AILarvaSlope= 0.617201177310199
AILarvaLD50= 0.110990875214338
AIKOW= 5.85516175581142
AIKOC= 26.9692986749578
AIHalfLife= 3.13929888047278
EAppRate= 0.655406432924792
