ICQueenStrength= 3.18884547706693
RQWkrDrnRatio= 4.86704069934785
ICDroneMiteSurvivorship= 32.350233476609
ICWorkerMiteSurvivorship= 80.5113221053034
ICForagerLifespan= 6.59685440175235
ImmType= Polynomial
AIAdultSlope= 0.937038429505192
AIAdultLD50= 0.26633296883665
AIAdultSlopeContact= 0.519377460249234
AIAdultLD50Contact= 0.0385279429727234
AILarvaSlope= 2.6415100209415
AILarvaLD50= 0.00449916841462255
AIKOW= 5.77111463015899
AIKOC= 14.9120498925913
AIHalfLife= 0.905640433775261
EAppRate= 0.613067981228232
