ICQueenStrength= 5.07619245932437
RQWkrDrnRatio= 1.60748439934105
ICDroneMiteSurvivorship= 41.9019811786711
ICWorkerMiteSurvivorship= 60.9559734584764
ICForagerLifespan= 13.9429913451895
ImmType= Polynomial
AIAdultSlope= 2.2115860203281
AIAdultLD50= 1.48255979083478
AIAdultSlopeContact= 2.08901501504006
AIAdultLD50Contact= 0.00444753830088303
AILarvaSlope= 1.82810545507818
AILarvaLD50= 0.358810511673801
AIKOW= 5.03391761984676
AIKOC= 7.65975528745912
AIHalfLife= 3.88037684001029
EAppRate= 0.525161077035591
