ICQueenStrength= 3.25943769607693
RQWkrDrnRatio= 2.67398109193891
