ICQueenStrength= 4.26496564783156
RQWkrDrnRatio= 2.64199741277844
ICDroneMiteSurvivorship= 29.8746718093753
ICWorkerMiteSurvivorship= 0.53839476313442
ICForagerLifespan= 8.79366493970156
ImmType= Cosine
AIAdultSlope= 3.34485542789334
AIAdultLD50= 0.0243822237243876
AIAdultSlopeContact= 0.445777622151654
AIAdultLD50Contact= 0.00963828620733693
AILarvaSlope= 2.16550325765274
AILarvaLD50= 0.290224891179241
AIKOW= 4.18030715174973
AIKOC= 26.3067628385033
AIHalfLife= 1.06867490219884
EAppRate= 0.177484557032585
