ICQueenStrength= 4.79530625650659
RQWkrDrnRatio= 1.22507941443473
ICDroneMiteSurvivorship= 3.06051441002637
ICWorkerMiteSurvivorship= 86.3940632203594
ICForagerLifespan= 7.85542972106487
ImmType= Polynomial
AIAdultSlopeContact= 1.46502914006822
AIAdultLD50Contact= 0.0153209899668582
AILarvaSlope= 0.0469377611298114
AILarvaLD50= 0.364203293644823
AIKOW= 4.74772563437
AIKOC= 14.3445674690884
AIHalfLife= 8.77862976817414
