ICQueenStrength= 2.52096530189738
RQWkrDrnRatio= 3.65694939531386
ICDroneMiteSurvivorship= 82.09231516812
ICWorkerMiteSurvivorship= 63.4884455939755
ICForagerLifespan= 12.908345378004
ImmType= Logarithmic
AIAdultSlope= 2.0843930710922
AIAdultLD50= 0.434253857471049
AIAdultSlopeContact= 3.40984975861385
AIAdultLD50Contact= 0.0465819628094323
AILarvaSlope= 2.98629453214817
AILarvaLD50= 0.498505382775329
AIKOW= 4.96478942688555
AIKOC= 12.5186653179117
AIHalfLife= 0.827524644555524
EAppRate= 0
