ICQueenStrength= 5.42476699943654
RQWkrDrnRatio= 1.99757647048682
ICDroneMiteSurvivorship= 43.0722953984514
ICWorkerMiteSurvivorship= 75.505436048843
ICForagerLifespan= 8.04916770104319
ImmType= Exponential
AIAdultSlope= 1.90647965652868
AIAdultLD50= 0.0576251189922914
AIAdultSlopeContact= 3.54782347498694
AIAdultLD50Contact= 0.0165804906515405
AILarvaSlope= 3.26649119765498
AILarvaLD50= 0.73341187890619
AIKOW= 4.3761822739616
AIKOC= 8.44831340480596
AIHalfLife= 1.93561269668862
EAppRate= 0
