ICQueenStrength= 1.41453977348283
RQWkrDrnRatio= 4.43479588348418
ICDroneMiteSurvivorship= 77.3012631805614
ICWorkerMiteSurvivorship= 1.15777780301869
ICForagerLifespan= 8.33414008747786
ImmType= Sine
AIAdultSlope= 0.252206483157352
AIAdultLD50= 1.39008241309784
AIAdultSlopeContact= 3.57673549456755
AIAdultLD50Contact= 0.0406316470587626
AILarvaSlope= 2.75197167773731
AILarvaLD50= 0.0736464403336868
AIKOW= 2.19037711760029
AIKOC= 13.7583742162678
AIHalfLife= 1.81020928872749
EAppRate= 0.849611576879397
