ICQueenStrength= 3.930992358597
RQWkrDrnRatio= 3.45095631759614
ICDroneMiteSurvivorship= 60.1330531993881
ICWorkerMiteSurvivorship= 10.1102004759014
ICForagerLifespan= 10.1353409113362
ImmType= Tangent
AIAdultSlope= 1.59434892307036
AIAdultLD50= 0.23876637686044
AIAdultSlopeContact= 2.8815477796155
AIAdultLD50Contact= 0.0367459398810752
AILarvaSlope= 1.91349668493494
AILarvaLD50= 0.294657167186961
AIKOW= 6.67424845555797
AIKOC= 17.6595381589141
AIHalfLife= 12.9610871984623
EAppRate= 0.227867098059505
