ICQueenStrength= 1.86627260199748
RQWkrDrnRatio= 1.51558569446206
ICDroneMiteSurvivorship= 92.5012946361676
ICWorkerMiteSurvivorship= 96.595108974725
ICForagerLifespan= 9.11040939111263
ImmType= Sine
AIAdultSlope= 0.313175965892151
AIAdultSlopeContact= 0.625872719397303
AIAdultLD50Contact= 0.0329888833686709
AILarvaSlope= 2.92097055115737
AILarvaLD50= 0.085255014966242
AIKOW= 3.71789411641657
AIKOC= 9.63691251352429
AIHalfLife= 11.4074146179482
