ICQueenStrength= 1.25103522813879
RQWkrDrnRatio= 4.54625267349184
ICDroneMiteSurvivorship= 7.48445724602789
ICWorkerMiteSurvivorship= 44.1756139276549
ICForagerLifespan= 10.1903741490096
ImmType= Exponential
AIAdultSlope= 1.06558890587417
AIAdultLD50= 0.122652007616125
AIAdultSlopeContact= 3.8711595279118
AIAdultLD50Contact= 0.0259430306730792
AILarvaSlope= 3.08205320169218
AILarvaLD50= 0.349127088370733
AIKOW= 2.0888451882638
AIKOC= 10.5570406024344
AIHalfLife= 0.610388250788674
EAppRate= 0.398249065782875
