ICQueenStrength= 1.12659108033404
RQWkrDrnRatio= 3.27506602741778
ICDroneMiteSurvivorship= 42.2810426680371
ICWorkerMiteSurvivorship= 41.5011634584516
ICForagerLifespan= 7.78517695050687
ImmType= Sine
AIAdultSlope= 3.21360222436488
AIAdultLD50= 1.01297003310174
AIAdultSlopeContact= 3.5593876278447
AIAdultLD50Contact= 0.0420168337994255
AILarvaSlope= 2.40557853472419
AILarvaLD50= 0.338506381795742
AIKOW= 3.19576839590445
AIKOC= 26.3899368187413
AIHalfLife= 2.04881867300719
EAppRate= 0.477216785773635
