ICQueenStrength= 1.61366450507194
RQWkrDrnRatio= 2.97957548033446
ICDroneMiteSurvivorship= 16.4464115398005
ICWorkerMiteSurvivorship= 44.5730323670432
ICForagerLifespan= 6.08053424581885
ImmType= Cosine
AIAdultSlopeContact= 2.35435838345438
AIAdultLD50Contact= 0.15210283161141
AILarvaSlope= 9.18562963837758
AILarvaLD50= 0.701069198548794
AIKOW= 79.6318111242726
AIKOC= 60.2881437633187
AIHalfLife= 11.0020164484158
