ICQueenStrength= 1.37002910161391
RQWkrDrnRatio= 3.77951743546873
ICDroneMiteSurvivorship= 81.0620710253716
ICWorkerMiteSurvivorship= 38.2484820438549
ICForagerLifespan= 9.16065983660519
ImmType= Cosine
AIAdultSlope= 0.850852951407433
