ICQueenStrength= 2.22740589897148
RQWkrDrnRatio= 3.5591727392748
ICDroneMiteSurvivorship= 76.3756326166913
ICWorkerMiteSurvivorship= 17.9907886544243
ICForagerLifespan= 12.2356709605083
ImmType= Polynomial
AIAdultSlope= 3.13213613322005
AIAdultLD50= 1.43042317754589
AIAdultSlopeContact= 2.61192271548556
AIAdultLD50Contact= 0.0458944938960485
AILarvaSlope= 2.05068644951098
AILarvaLD50= 0.562804212165065
AIKOW= 7.90742623666301
AIKOC= 26.7271491652355
AIHalfLife= 7.19516444578767
EAppRate= 0.373881989391521
