ICQueenStrength= 2.07707891380414
RQWkrDrnRatio= 2.93337960727513
ICDroneMiteSurvivorship= 93.7370279338211
ICWorkerMiteSurvivorship= 65.5888377455994
ICForagerLifespan= 12.2520917989314
ImmType= Logarithmic
AIAdultSlope= 1.45392950596288
AIAdultLD50= 0.20477745984681
AIAdultSlopeContact= 3.77978866180871
AIAdultLD50Contact= 0.0400707752211019
AILarvaSlope= 2.52953752325848
AILarvaLD50= 0.221884755254723
AIKOW= 6.25122078461573
AIKOC= 18.8014219992328
AIHalfLife= 10.4872530936264
EAppRate= 0.191419770941138
