ICQueenStrength= 5.73018059739843
RQWkrDrnRatio= 4.06780731771141
ICDroneMiteSurvivorship= 4.35351501218975
ICWorkerMiteSurvivorship= 90.099122049287
ICForagerLifespan= 11.978704479523
ImmType= Polynomial
AIAdultSlope= 0.252581963678822
AIAdultLD50= 0.339429701678455
AIAdultSlopeContact= 3.71537582911318
AIAdultLD50Contact= 0.0278342741192319
AILarvaSlope= 0.341750347102061
AILarvaLD50= 0.321662066853605
AIKOW= 6.32148542255163
AIKOC= 5.84740903112106
AIHalfLife= 1.55729217804037
EAppRate= 0.373611517483369
