ICQueenStrength= 5.6955089259427
RQWkrDrnRatio= 4.83227808494121
ICDroneMiteSurvivorship= 13.0116876913235
ICWorkerMiteSurvivorship= 29.7924791462719
ICForagerLifespan= 10.9504460170865
ImmType= Tangent
AIAdultSlopeContact= 1.30865123996045
AIAdultLD50Contact= 0.0116479933960363
AILarvaSlope= 0.990012852381915
AILarvaLD50= 0.471591653698124
AIKOW= 2.49461020110175
AIKOC= 24.2882628703956
AIHalfLife= 10.0574593031779
