ICQueenStrength= 3.42337429430336
RQWkrDrnRatio= 2.46255246456712
