ICQueenStrength= 5.39720482914709
RQWkrDrnRatio= 1.01834441535175
ICDroneMiteSurvivorship= 13.223144155927
ICWorkerMiteSurvivorship= 92.5341077847406
ICForagerLifespan= 9.01464419998229
ImmType= Logarithmic
AIAdultSlope= 1.14306873288006
AIAdultLD50= 0.793259419267997
AIAdultSlopeContact= 1.97315515248338
AIAdultLD50Contact= 0.015233673772309
AILarvaSlope= 2.94209366440773
AILarvaLD50= 0.0764135735342279
AIKOW= 4.45292287087068
AIKOC= 13.3706910430919
AIHalfLife= 12.6408213269897
EAppRate= 0.16716165910475
