ICQueenStrength= 5.04044200899079
RQWkrDrnRatio= 3.93613241240382
ICDroneMiteSurvivorship= 15.1099223643541
ICWorkerMiteSurvivorship= 6.48698818404227
ICForagerLifespan= 8.72679900564253
ImmType= Cosine
AIAdultSlopeContact= 0.764995840962511
AIAdultLD50Contact= 0.0172225630260073
AILarvaSlope= 2.15629106047563
AILarvaLD50= 0.700499206851237
AIKOW= 7.93086675135419
AIKOC= 23.5741234046873
AIHalfLife= 10.8046666528098
