ICQueenStrength= 2.02602604893036
RQWkrDrnRatio= 3.53511056490242
ICDroneMiteSurvivorship= 2.93362627271563
ICWorkerMiteSurvivorship= 56.8578995997086
ICForagerLifespan= 4.32985208835453
ImmType= Exponential
AIAdultSlope= 0.49533650459256
AIAdultLD50= 0.312974367057905
AIAdultSlopeContact= 2.11208485618467
AIAdultLD50Contact= 0.0474459525779821
AILarvaSlope= 1.0109932421241
AILarvaLD50= 0.684193243109621
AIKOW= 5.07536942092702
AIKOC= 24.9832114682067
AIHalfLife= 2.69284153939225
EAppRate= 0
