ICQueenStrength= 2.84193529305048
RQWkrDrnRatio= 1.97900030948222
ICDroneMiteSurvivorship= 96.8859672779217
ICWorkerMiteSurvivorship= 83.4609802346677
ICForagerLifespan= 11.4876667978242
ImmType= Sine
AIAdultSlope= 2.12137469752226
AIAdultLD50= 0.250241414527409
AIAdultSlopeContact= 1.29317361728987
AIAdultLD50Contact= 0.0360023962683044
AILarvaSlope= 0.375958024989814
AILarvaLD50= 0.280128657049499
AIKOW= 5.03393469937146
AIKOC= 19.5831316534895
AIHalfLife= 4.8496699531097
EAppRate= 0.574001288088039
