ICQueenStrength= 2.91314306808636
RQWkrDrnRatio= 4.32723872084171
ICDroneMiteSurvivorship= 18.5348764061928
ICWorkerMiteSurvivorship= 45.472648087889
ICForagerLifespan= 5.81104605365545
ImmType= Sine
AIAdultSlope= 6.9593467307277
