ICQueenStrength= 1.90953163686208
RQWkrDrnRatio= 4.83868601452559
ICDroneMiteSurvivorship= 79.2586214840412
ICWorkerMiteSurvivorship= 0.390148558653891
ICForagerLifespan= 14.4227697560564
ImmType= Tangent
AIAdultSlope= 2.45436044435715
AIAdultLD50= 0.474505279911682
AIAdultSlopeContact= 2.94396569435019
AIAdultLD50Contact= 0.00606950225774199
AILarvaSlope= 2.644103402365
AILarvaLD50= 0.717147620790638
AIKOW= 7.36114764725789
AIKOC= 24.3292616284452
AIHalfLife= 0.0920073222368956
EAppRate= 0
