ICQueenStrength= 2.30883876467124
RQWkrDrnRatio= 1.31589462514967
ICDroneMiteSurvivorship= 96.4527188334614
ICWorkerMiteSurvivorship= 4.27103687543422
ICForagerLifespan= 15.9131245575845
ImmType= Polynomial
AIAdultSlope= 1.32549773368752
AIAdultLD50= 0.260611387318932
AIAdultSlopeContact= 0.62569629994221
AIAdultLD50Contact= 0.00801555934594944
AILarvaSlope= 0.109106758749112
AILarvaLD50= 0.6142780195456
AIKOW= 6.88834389206022
AIKOC= 22.2417228342965
AIHalfLife= 0.897168825613335
EAppRate= 0
