ICQueenStrength= 2.33917767205276
RQWkrDrnRatio= 4.9315675906837
ICDroneMiteSurvivorship= 11.7864881409332
ICWorkerMiteSurvivorship= 43.8361975364387
ICForagerLifespan= 8.10451758746058
ImmType= Logarithmic
AIAdultSlope= 3.91410866286606
AIAdultLD50= 0.0103685925714672
AIAdultSlopeContact= 5.77069030143321
AIAdultLD50Contact= 0.130931206047535
AILarvaSlope= 1.05299001326784
AILarvaLD50= 0.0361767681315541
AIKOW= 92.4328289460391
AIKOC= 30.4625678341836
AIHalfLife= 4.161979528144
EAppRate= 1.02597391698509
