ICQueenStrength= 1.84913703496568
RQWkrDrnRatio= 4.61580370459706
ICDroneMiteSurvivorship= 16.588722448796
ICWorkerMiteSurvivorship= 69.830213021487
ICForagerLifespan= 9.03388546220958
ImmType= Exponential
AIAdultSlope= 1.73023321242537
AIAdultLD50= 0.0755806464003399
AIAdultSlopeContact= 3.80310457589803
AIAdultLD50Contact= 0.0179014923633076
AILarvaSlope= 1.50101485750638
AILarvaLD50= 0.802076288242824
AIKOW= 5.53422129014507
AIKOC= 18.0635097506456
AIHalfLife= 0.826403932878748
EAppRate= 0.245980609580874
