ICQueenStrength= 3.00237049371935
RQWkrDrnRatio= 3.4040670869872
ICDroneMiteSurvivorship= 48.4327317215502
ICWorkerMiteSurvivorship= 45.7389112561941
ICForagerLifespan= 5.10737445019186
ImmType= Polynomial
AIAdultSlope= 2.59593595400685
AIAdultLD50= 0.364634789293632
AIAdultSlopeContact= 3.78205508856336
AIAdultLD50Contact= 0.00225621203426272
AILarvaSlope= 2.61774392942898
AILarvaLD50= 0.74520448660478
AIKOW= 7.54210242442787
AIKOC= 13.7028749112505
AIHalfLife= 4.29365407209843
EAppRate= 0.576962896389887
