ICQueenStrength= 3.44213077472523
RQWkrDrnRatio= 3.77164089307189
ICDroneMiteSurvivorship= 35.281803063117
ICWorkerMiteSurvivorship= 36.8990881368518
ICForagerLifespan= 11.6077984524891
ImmType= Cosine
AIAdultSlope= 5.57452707318589
