ICQueenStrength= 3.84191256505437
RQWkrDrnRatio= 3.76396863814443
ICDroneMiteSurvivorship= 72.2135939868167
ICWorkerMiteSurvivorship= 25.5743787856773
ICForagerLifespan= 4.59698965121061
ImmType= Polynomial
AIAdultSlope= 0.091277802628465
AIAdultLD50= 0.0951256983680651
AIAdultSlopeContact= 0.0947727247118019
AIAdultLD50Contact= 0.0433466039481573
AILarvaSlope= 0.146703298250213
AILarvaLD50= 0.782924385275692
AIKOW= 7.96722200326622
AIKOC= 8.15269290003926
AIHalfLife= 2.58170280139893
EAppRate= 0.0550949428696185
