ICQueenStrength= 1.39277340169065
RQWkrDrnRatio= 1.08135744463652
ICDroneMiteSurvivorship= 11.3836969947442
ICWorkerMiteSurvivorship= 33.8768111541867
ICForagerLifespan= 12.5708602173254
ImmType= Logarithmic
AIAdultSlope= 1.51396013586782
AIAdultLD50= 2.22450285614468
AIAdultSlopeContact= 2.8622001288319
AIAdultLD50Contact= 0.00747989459196106
AILarvaSlope= 1.33938097846694
AILarvaLD50= 0.304903436335735
AIKOW= 4.88239535642788
AIKOC= 5.92072975821793
AIHalfLife= 2.84206249658018
EAppRate= 0.92609895975329
