ICQueenStrength= 1.1267917396035
RQWkrDrnRatio= 2.22013935167342
ICDroneMiteSurvivorship= 40.6147409928963
ICWorkerMiteSurvivorship= 36.7284189676866
ICForagerLifespan= 10.6026348210871
ImmType= Sine
AIAdultSlope= 0.208382562315091
AIAdultLD50= 1.78435271023773
AIAdultSlopeContact= 0.680838642236777
AIAdultLD50Contact= 0.0127142238547094
AILarvaSlope= 2.18799154818989
AILarvaLD50= 0.564513174514286
AIKOW= 6.50538410851732
AIKOC= 24.1404871118721
AIHalfLife= 10.2214224236086
EAppRate= 0.018624460324645
