ICQueenStrength= 1.21946918452159
RQWkrDrnRatio= 2.53433743584901
ICDroneMiteSurvivorship= 75.9671047097072
ICWorkerMiteSurvivorship= 20.4238411504775
ICForagerLifespan= 11.1018418017775
ImmType= Sine
AIAdultSlope= 2.7606209006533
AIAdultLD50= 0.32834084215574
AIAdultSlopeContact= 1.93705844343407
AIAdultLD50Contact= 0.0075649851700291
AILarvaSlope= 3.39119694428518
AILarvaLD50= 0.0598990221507847
AIKOW= 4.2536977045238
AIKOC= 27.9351324669551
AIHalfLife= 0.433743094326928
EAppRate= 0.0887628607917577
