ICQueenStrength= 5.93034226703458
RQWkrDrnRatio= 2.33531120698899
ICDroneMiteSurvivorship= 71.8843180686235
ICWorkerMiteSurvivorship= 62.2345971874893
ICForagerLifespan= 7.9488095426932
ImmType= Polynomial
AIAdultSlope= 2.95140313715674
AIAdultLD50= 1.06745525915176
AIAdultSlopeContact= 3.08423982972046
AIAdultLD50Contact= 0.0382831137394533
AILarvaSlope= 1.66612931732088
AILarvaLD50= 0.696258672955446
AIKOW= 7.34676046529785
AIKOC= 17.8326886566356
AIHalfLife= 4.40135448845103
EAppRate= 0.00276841479353607
