ICQueenStrength= 5.00964162312448
RQWkrDrnRatio= 2.86049226205796
ICDroneMiteSurvivorship= 68.2746096746996
ICWorkerMiteSurvivorship= 48.6127329757437
ICForagerLifespan= 15.2250512959436
ImmType= Polynomial
AIAdultSlope= 1.00235536032356
AIAdultLD50= 0.0219989414326847
AIAdultSlopeContact= 3.52752290403703
AIAdultLD50Contact= 0.0488589846063405
AILarvaSlope= 1.8437281742692
AILarvaLD50= 0.684667584858835
AIKOW= 2.13794469228014
AIKOC= 8.86670763837174
AIHalfLife= 0.757432915270329
EAppRate= 0.238946252921596
