ICQueenStrength= 1.1652677776292
RQWkrDrnRatio= 1.77847578562796
ICDroneMiteSurvivorship= 45.0811377493665
ICWorkerMiteSurvivorship= 78.510975278914
ICForagerLifespan= 13.7153097754344
ImmType= Exponential
AIAdultSlopeContact= 0.830070414750371
AIAdultLD50Contact= 0.0477698796195909
AILarvaSlope= 0.825762678356841
AILarvaLD50= 0.828621516586281
AIKOW= 5.5361124961637
AIKOC= 11.1367969727144
AIHalfLife= 0.257763404399157
