ICQueenStrength= 2.81546301930211
RQWkrDrnRatio= 3.77736203279346
ICDroneMiteSurvivorship= 63.9523382298648
ICWorkerMiteSurvivorship= 87.6760581508279
ICForagerLifespan= 10.0943909669295
ImmType= Tangent
AIAdultSlope= 6.09530683606863
