ICQueenStrength= 2.7435461259447
RQWkrDrnRatio= 2.27913864981383
ICDroneMiteSurvivorship= 40.4758379794657
ICWorkerMiteSurvivorship= 59.7810255596414
ICForagerLifespan= 4.17932704649866
ImmType= Polynomial
AIAdultSlope= 1.91861069593579
AIAdultLD50= 0.96434920700267
AIAdultSlopeContact= 3.02248081309721
AIAdultLD50Contact= 0.025089414184913
AILarvaSlope= 0.367379322694615
AILarvaLD50= 0.821725541912019
AIKOW= 4.04693702701479
AIKOC= 10.8895363938063
AIHalfLife= 3.85689506912604
EAppRate= 0.441625910112634
