ICQueenStrength= 4.65259330370463
RQWkrDrnRatio= 4.70559903327376
ICDroneMiteSurvivorship= 20.1354798860848
ICWorkerMiteSurvivorship= 57.2596909711137
ICForagerLifespan= 11.3812252832577
ImmType= Logarithmic
AIAdultSlope= 2.8481816933956
AIAdultSlopeContact= 3.55661089745583
AIAdultLD50Contact= 0.0311870548059233
AILarvaSlope= 2.51399306403473
AILarvaLD50= 0.395905136084184
AIKOW= 3.47942102653906
AIKOC= 21.1552417266648
AIHalfLife= 5.04925607005134
