ICQueenStrength= 4.90351882320829
RQWkrDrnRatio= 4.36095204390585
ICDroneMiteSurvivorship= 45.1468959450722
ICWorkerMiteSurvivorship= 50.1482192194089
ICForagerLifespan= 13.3712796811014
ImmType= Cosine
AIAdultSlopeContact= 0.270385445770808
AIAdultLD50Contact= 0.0121454808861017
AILarvaSlope= 1.28466523736715
AILarvaLD50= 0.803948049782775
AIKOW= 2.4121327069588
AIKOC= 19.8798563983291
AIHalfLife= 7.29180842032656
