ICQueenStrength= 3.46672236709855
RQWkrDrnRatio= 4.79794538673013
ICDroneMiteSurvivorship= 37.4797141645104
ICWorkerMiteSurvivorship= 53.9544475730509
ICForagerLifespan= 13.2002943772823
ImmType= Cosine
AIAdultSlopeContact= 0.602721557286568
AIAdultLD50Contact= 0.00945508120348677
AILarvaSlope= 1.64350667390972
AILarvaLD50= 0.448475071764551
AIKOW= 2.28984096320346
AIKOC= 13.410126977833
AIHalfLife= 12.9252670798451
