ICQueenStrength= 3.25005835178308
RQWkrDrnRatio= 4.96005024667829
ICDroneMiteSurvivorship= 68.6826612567529
ICWorkerMiteSurvivorship= 9.89615595899522
ICForagerLifespan= 8.04772971849889
ImmType= Cosine
AIAdultSlopeContact= 1.15467096911743
AIAdultLD50Contact= 0.176711242506281
AILarvaSlope= 5.9402111847885
AILarvaLD50= 1.09532138379291
AIKOW= 40.1311832712963
AIKOC= 43.8991359900683
AIHalfLife= 2.40609856089577
