ICQueenStrength= 5.253457254963
RQWkrDrnRatio= 2.11961470358074
ICDroneMiteSurvivorship= 43.2299727573991
ICWorkerMiteSurvivorship= 95.5400186823681
ICForagerLifespan= 7.0750024234876
ImmType= Tangent
AIAdultSlope= 1.81184724166291
AIAdultLD50= 0.465964079136029
AIAdultSlopeContact= 1.55846073726425
AIAdultLD50Contact= 0.0275900016073138
AILarvaSlope= 2.04276528293267
AILarvaLD50= 0.807868769648485
AIKOW= 5.26400694577023
AIKOC= 15.3615847590845
AIHalfLife= 3.08037572540343
EAppRate= 0
