ICQueenStrength= 3.34881577081978
RQWkrDrnRatio= 4.71180570870638
ICDroneMiteSurvivorship= 66.7085114866495
ICWorkerMiteSurvivorship= 21.1897901026532
ICForagerLifespan= 9.99209603015333
ImmType= Tangent
AIAdultSlope= 0.00530669973464683
AIAdultLD50= 0.04278250108473
AIAdultSlopeContact= 0.337201437321492
AIAdultLD50Contact= 0.0301878229365684
AILarvaSlope= 2.45841816687025
AILarvaLD50= 0.807186281774193
AIKOW= 2.5938435792923
AIKOC= 5.15803263522685
AIHalfLife= 2.23271395545453
EAppRate= 0
