ICQueenStrength= 1.38558407919481
RQWkrDrnRatio= 2.99762490857393
ICDroneMiteSurvivorship= 22.7116760564968
ICWorkerMiteSurvivorship= 62.8376530949026
ICForagerLifespan= 15.3476327490062
ImmType= Sine
AIAdultSlopeContact= 6.39247333630919
AIAdultLD50Contact= 0.194782330561429
AILarvaSlope= 3.97019673837349
AILarvaLD50= 1.9954900033772
AIKOW= 85.3369296528399
AIKOC= 83.8069291785359
AIHalfLife= 9.96971331071109
