ICQueenStrength= 1.56629461701959
RQWkrDrnRatio= 3.61342789698392
ICDroneMiteSurvivorship= 40.5554242897779
ICWorkerMiteSurvivorship= 75.0128868734464
ICForagerLifespan= 10.1054683029652
ImmType= Sine
AIAdultSlope= 2.91112548587378
AIAdultLD50= 0.449428258580156
AIAdultSlopeContact= 2.57222269147402
AIAdultLD50Contact= 0.0196632756269537
AILarvaSlope= 0.645222911424935
AILarvaLD50= 0.425278561050072
AIKOW= 6.10581539664418
AIKOC= 16.6515688830987
AIHalfLife= 3.27038381481543
EAppRate= 0.607859086897224
