ICQueenStrength= 2.69239385169931
RQWkrDrnRatio= 3.16026423405856
ICDroneMiteSurvivorship= 1.47194699384272
ICWorkerMiteSurvivorship= 46.4277620892972
ICForagerLifespan= 9.45152363087982
ImmType= Sine
AIAdultSlope= 3.05961736963363
AIAdultLD50= 0.255077569163404
AIAdultSlopeContact= 0.278126133363694
AIAdultLD50Contact= 0.0431927119498141
AILarvaSlope= 1.04306216361001
AILarvaLD50= 0.866812070854939
AIKOW= 6.10596332047135
AIKOC= 10.228429089766
AIHalfLife= 4.34588469914161
EAppRate= 0.612957780016586
