ICQueenStrength= 1.43217549333349
RQWkrDrnRatio= 1.35419176705182
ICDroneMiteSurvivorship= 26.7593559809029
ICWorkerMiteSurvivorship= 28.3785091713071
ICForagerLifespan= 9.49008368514478
ImmType= Polynomial
AIAdultSlope= 0.86500932443887
AIAdultLD50= 0.918414043961093
AIAdultSlopeContact= 2.94033379402477
AIAdultLD50Contact= 0.0169956592959352
AILarvaSlope= 3.08774223029614
AILarvaLD50= 0.0891959597356617
AIKOW= 6.29405997227877
AIKOC= 25.6816621823236
AIHalfLife= 2.43555641826242
EAppRate= 0.0279463119804859
