ICQueenStrength= 2.20540602947585
RQWkrDrnRatio= 1.06488064583391
ICDroneMiteSurvivorship= 70.3598792431876
ICWorkerMiteSurvivorship= 17.7042592316866
ICForagerLifespan= 9.08536211028695
ImmType= Tangent
AIAdultSlope= 3.35910830581561
AIAdultLD50= 0.908824833109975
AIAdultSlopeContact= 3.50430680630263
AIAdultLD50Contact= 0.0379070403520018
AILarvaSlope= 0.722443006699905
AILarvaLD50= 0.722705094795674
AIKOW= 2.34369431948289
AIKOC= 8.51592131773941
AIHalfLife= 2.36690647015348
EAppRate= 0.987338571809232
