ICQueenStrength= 1.84251845255494
RQWkrDrnRatio= 3.76846021041274
ICDroneMiteSurvivorship= 67.1981500461698
ICWorkerMiteSurvivorship= 37.0455550495535
ICForagerLifespan= 8.82035586424172
ImmType= Cosine
AIAdultSlopeContact= 0.350783662833273
AIAdultLD50Contact= 0.0380082965944894
AILarvaSlope= 0.134603305906057
AILarvaLD50= 0.387018732866272
AIKOW= 6.89766489667818
AIKOC= 24.9082527193241
AIHalfLife= 5.14362188009545
