ICQueenStrength= 2.63531856844202
RQWkrDrnRatio= 4.20581720862538
ICDroneMiteSurvivorship= 89.6591694327071
ICWorkerMiteSurvivorship= 63.2556786527857
ICForagerLifespan= 15.4033089233562
ImmType= Polynomial
AIAdultSlope= 1.46983099007048
AIAdultLD50= 1.94059651787393
AIAdultSlopeContact= 0.194748132841196
AIAdultLD50Contact= 0.039005348214414
AILarvaSlope= 1.44741693963297
AILarvaLD50= 0.729837943729945
AIKOW= 2.09965413017198
AIKOC= 16.0625338391401
AIHalfLife= 8.4751414777711
EAppRate= 0.49429763504304
