ICQueenStrength= 1.38792745443061
RQWkrDrnRatio= 3.82930916920304
ICDroneMiteSurvivorship= 36.0869478201494
ICWorkerMiteSurvivorship= 77.0175291690975
ICForagerLifespan= 15.3609567480162
ImmType= Tangent
AIAdultSlope= 2.14037795232609
AIAdultLD50= 0.261264221742749
AIAdultSlopeContact= 1.49549299441511
AIAdultLD50Contact= 0.0337779974448495
AILarvaSlope= 1.0916148475837
AILarvaLD50= 0.686634523118846
AIKOW= 5.58932611625642
AIKOC= 22.4955422058702
AIHalfLife= 0.577047070255503
EAppRate= 0.306011132104322
