ICQueenStrength= 1.53378710988909
RQWkrDrnRatio= 2.4359480580315
ICDroneMiteSurvivorship= 32.860069279559
ICWorkerMiteSurvivorship= 29.045473667793
ICForagerLifespan= 13.3769162399694
ImmType= Tangent
AIAdultSlope= 1.6787890275009
