ICQueenStrength= 5.93855341686867
RQWkrDrnRatio= 3.08487337920815
ICDroneMiteSurvivorship= 13.0911514628679
ICWorkerMiteSurvivorship= 93.869614880532
ICForagerLifespan= 4.3513500019908
ImmType= Sine
AIAdultSlope= 0.422659004714806
AIAdultLD50= 0.484713169862516
AIAdultSlopeContact= 1.98974247835111
AIAdultLD50Contact= 0.0322782096336596
AILarvaSlope= 0.483667501341552
AILarvaLD50= 0.215360862901434
AIKOW= 5.1370944166556
AIKOC= 27.8085554146674
AIHalfLife= 0.331799981649965
EAppRate= 0
