ICQueenStrength= 5.56335520022549
RQWkrDrnRatio= 4.68966750148684
ICDroneMiteSurvivorship= 9.44708222523332
ICWorkerMiteSurvivorship= 55.4629797348753
ICForagerLifespan= 14.9713518433273
ImmType= Exponential
AIAdultSlope= 3.6437756305025
AIAdultLD50= 0.40901805262547
AIAdultSlopeContact= 3.37691351283342
AIAdultLD50Contact= 0.0481422284268774
AILarvaSlope= 0.507637155847624
AILarvaLD50= 0.326160000823438
AIKOW= 3.31824892386794
AIKOC= 20.333060111152
AIHalfLife= 4.49343180865981
EAppRate= 0.104848196892999
