ICQueenStrength= 3.62151655624621
RQWkrDrnRatio= 2.05973155703396
ICDroneMiteSurvivorship= 74.3540295865387
ICWorkerMiteSurvivorship= 1.11843661870807
ICForagerLifespan= 11.4993172856048
ImmType= Tangent
AIAdultSlope= 3.02319622128736
AIAdultLD50= 0.11459976574406
AIAdultSlopeContact= 1.58637922057416
AIAdultLD50Contact= 0.024155830743257
AILarvaSlope= 0.345999910822138
AILarvaLD50= 0.810052758967504
AIKOW= 5.46383975120261
AIKOC= 26.2148714577779
AIHalfLife= 2.54984715487808
EAppRate= 0
