ICQueenStrength= 4.77405458828434
RQWkrDrnRatio= 3.87687701173127
ICDroneMiteSurvivorship= 12.1259885374457
ICWorkerMiteSurvivorship= 80.485784704797
ICForagerLifespan= 11.1587311448529
ImmType= Logarithmic
AIAdultSlope= 9.98889327514917
