ICQueenStrength= 2.65040222578682
RQWkrDrnRatio= 1.78947452176362
ICDroneMiteSurvivorship= 15.5175289837644
ICWorkerMiteSurvivorship= 50.6005668779835
ICForagerLifespan= 13.6741997115314
ImmType= Tangent
AIAdultSlope= 2.62308537722565
AIAdultLD50= 2.17805745103396
AIAdultSlopeContact= 3.71358302083332
AIAdultLD50Contact= 0.0171488022082485
AILarvaSlope= 2.22417975105345
AILarvaLD50= 0.307538101938553
AIKOW= 5.69784967880696
AIKOC= 20.2024301874917
AIHalfLife= 3.0287030483596
EAppRate= 0.711393506964669
