ICQueenStrength= 4.3435898006428
RQWkrDrnRatio= 2.52418181765825
ICDroneMiteSurvivorship= 28.1350270146504
ICWorkerMiteSurvivorship= 78.3479058649391
ICForagerLifespan= 13.9298020433635
ImmType= Tangent
AIAdultSlopeContact= 0.874298639371991
AIAdultLD50Contact= 0.0423068831674755
AILarvaSlope= 3.18211704497226
AILarvaLD50= 0.434922908130102
AIKOW= 7.75822032615542
AIKOC= 29.0911217755638
AIHalfLife= 1.02380690490827
