ICQueenStrength= 1.41045351186767
RQWkrDrnRatio= 3.20299725793302
ICDroneMiteSurvivorship= 39.5233471179381
ICWorkerMiteSurvivorship= 65.8198198536411
ICForagerLifespan= 10.6825252408162
ImmType= Tangent
AIAdultSlope= 3.63049826367991
AIAdultLD50= 0.365562294027768
AIAdultSlopeContact= 2.34243834642693
AIAdultLD50Contact= 0.0463729770155624
AILarvaSlope= 2.74619999486022
AILarvaLD50= 0.0872722161468118
AIKOW= 7.89253581641242
AIKOC= 12.4454152781982
AIHalfLife= 2.84847975592129
EAppRate= 0
