ICQueenStrength= 2.18113481788896
RQWkrDrnRatio= 1.68559306394309
ICDroneMiteSurvivorship= 77.6776888407767
ICWorkerMiteSurvivorship= 19.3098278716207
ICForagerLifespan= 4.68188528250903
ImmType= Exponential
AIAdultSlope= 1.80630468980642
AIAdultLD50= 0.365450282115489
AIAdultSlopeContact= 2.21972135942196
AIAdultLD50Contact= 0.0205177040072158
AILarvaSlope= 0.830987298255786
AILarvaLD50= 0.0118675710400566
AIKOW= 6.33199007483199
AIKOC= 10.1551985205151
AIHalfLife= 1.25699982629158
EAppRate= 0.367934629251249
