ICQueenStrength= 3.8846285212785
RQWkrDrnRatio= 3.32826155237854
ICDroneMiteSurvivorship= 15.9998456947505
ICWorkerMiteSurvivorship= 67.153240297921
ICForagerLifespan= 6.02143387682736
ImmType= Logarithmic
AIAdultSlope= 2.53746281298576
AIAdultLD50= 0.26743889588397
AIAdultSlopeContact= 0.218026355244219
AIAdultLD50Contact= 0.021456332039088
AILarvaSlope= 0.353587741078809
AILarvaLD50= 0.311190764978528
AIKOW= 6.33725481247529
AIKOC= 7.76099342736416
AIHalfLife= 1.22851350344718
EAppRate= 0
