ICQueenStrength= 1.60856004129164
RQWkrDrnRatio= 2.96573955565691
ICDroneMiteSurvivorship= 41.6571471607313
ICWorkerMiteSurvivorship= 68.0339355254546
ICForagerLifespan= 11.3095496930182
ImmType= Polynomial
AIAdultSlope= 6.23092860216275
