ICQueenStrength= 3.45631480589509
RQWkrDrnRatio= 4.19456629548222
