ICQueenStrength= 4.78378799301572
RQWkrDrnRatio= 4.92957576923072
ICDroneMiteSurvivorship= 56.9529281463474
ICWorkerMiteSurvivorship= 93.4216764057055
ICForagerLifespan= 15.7498637028039
ImmType= Exponential
AIAdultSlope= 0.82962298700586
AIAdultLD50= 2.03612877451815
AIAdultSlopeContact= 2.45242909039836
AIAdultLD50Contact= 0.049380563700106
AILarvaSlope= 1.5309633906465
AILarvaLD50= 0.501879109698348
AIKOW= 7.4178944658488
AIKOC= 14.9406413559336
AIHalfLife= 13.5115068918094
EAppRate= 0.850074921036139
