ICQueenStrength= 4.97988967946731
RQWkrDrnRatio= 1.36645021475852
ICDroneMiteSurvivorship= 42.2436004970223
ICWorkerMiteSurvivorship= 91.6289698565379
ICForagerLifespan= 12.9039136534557
ImmType= Exponential
AIAdultSlope= 1.98628487060778
AIAdultLD50= 1.4149605401326
AIAdultSlopeContact= 1.21105858472642
AIAdultLD50Contact= 0.025157381396275
AILarvaSlope= 2.75275579574518
AILarvaLD50= 0.400847737351432
AIKOW= 2.87600740091875
AIKOC= 19.7767974878661
AIHalfLife= 11.1470652325079
EAppRate= 0.266343221534044
