ICQueenStrength= 1.05492052878253
RQWkrDrnRatio= 4.80311287753284
ICDroneMiteSurvivorship= 44.9006881099194
ICWorkerMiteSurvivorship= 69.0999789396301
ICForagerLifespan= 4.07684477139264
ImmType= Polynomial
AIAdultSlope= 0.377453312566504
AIAdultLD50= 0.413333250326104
AIAdultSlopeContact= 0.225528113488108
AIAdultLD50Contact= 0.0125527728931047
AILarvaSlope= 1.56449804231524
AILarvaLD50= 0.0579032685840502
AIKOW= 3.71554238488898
AIKOC= 21.508229757892
AIHalfLife= 0.903986272169277
EAppRate= 0.0595452887704596
