ICQueenStrength= 5.12418220075779
RQWkrDrnRatio= 1.92748178169131
ICDroneMiteSurvivorship= 71.5918745845556
ICWorkerMiteSurvivorship= 83.734254585579
ICForagerLifespan= 11.3543597022071
ImmType= Logarithmic
AIAdultSlope= 1.57457413384691
AIAdultLD50= 0.328657142119482
AIAdultSlopeContact= 4.5047589787282
AIAdultLD50Contact= 0.0379835326224566
AILarvaSlope= 3.12058513518423
AILarvaLD50= 1.63827389059588
AIKOW= 33.1606183201075
AIKOC= 26.913811522536
AIHalfLife= 7.6372264563106
EAppRate= 0.680695477407426
