ICQueenStrength= 4.40042088762857
RQWkrDrnRatio= 4.31893551256508
ICDroneMiteSurvivorship= 14.2077195225284
ICWorkerMiteSurvivorship= 27.8908788925037
ICForagerLifespan= 9.9856135500595
ImmType= Cosine
AIAdultSlopeContact= 7.5965927913785
AIAdultLD50Contact= 0.161697602272034
AILarvaSlope= 5.225230071228
AILarvaLD50= 1.48089525708929
AIKOW= 21.4312165975571
AIKOC= 79.59143826738
AIHalfLife= 1.6183608439751
