ICQueenStrength= 2.77756970166229
RQWkrDrnRatio= 4.47562504559755
ICDroneMiteSurvivorship= 47.4639958934858
ICWorkerMiteSurvivorship= 54.2962849838659
ICForagerLifespan= 13.7648715442047
ImmType= Cosine
AIAdultSlope= 0.468174267928116
AIAdultLD50= 0.287269043386914
AIAdultSlopeContact= 0.665078978841193
AIAdultLD50Contact= 0.0118794283131137
AILarvaSlope= 2.71532598733902
AILarvaLD50= 0.390923037612811
AIKOW= 4.77046005614102
AIKOC= 21.195836791303
AIHalfLife= 3.87218299787492
EAppRate= 0
