ICQueenStrength= 3.89950073929504
RQWkrDrnRatio= 1.60284858103842
ICDroneMiteSurvivorship= 72.4400294944644
ICWorkerMiteSurvivorship= 92.619914538227
ICForagerLifespan= 9.96775939781219
ImmType= Polynomial
AIAdultSlope= 6.28745074151084
AIAdultLD50= 0.77664674189873
AIAdultSlopeContact= 0.490292946342379
AIAdultLD50Contact= 0.0168113908264786
AILarvaSlope= 7.85656741354614
AILarvaLD50= 1.60149886040017
AIKOW= 31.5384672023356
AIKOC= 81.4284488325939
AIHalfLife= 12.8583073178306
EAppRate= 1.89756407169625
