ICQueenStrength= 1.42480591335334
RQWkrDrnRatio= 3.89779557008296
ICDroneMiteSurvivorship= 68.6123985564336
ICWorkerMiteSurvivorship= 24.6392480796203
ICForagerLifespan= 7.54179449751973
ImmType= Sine
AIAdultSlope= 3.19330413433258
AIAdultLD50= 0.18433757906314
AIAdultSlopeContact= 3.50839234828949
AIAdultLD50Contact= 0.00924160334980115
AILarvaSlope= 0.356449340609834
AILarvaLD50= 0.196543061546981
AIKOW= 4.04323290335014
AIKOC= 8.03632041905075
AIHalfLife= 4.13051618030295
EAppRate= 0
