ICQueenStrength= 5.43566695321351
RQWkrDrnRatio= 3.51681276224554
ICDroneMiteSurvivorship= 41.3851349614561
ICWorkerMiteSurvivorship= 51.7088749213144
ICForagerLifespan= 5.10936794616282
ImmType= Polynomial
AIAdultSlopeContact= 2.87463019584306
AIAdultLD50Contact= 0.0393736497848295
AILarvaSlope= 2.59403128521517
AILarvaLD50= 0.3914488570299
AIKOW= 2.60436420468614
AIKOC= 21.577867756132
AIHalfLife= 1.57472475757822
