ICQueenStrength= 4.07934970012866
RQWkrDrnRatio= 1.8766121705994
ICDroneMiteSurvivorship= 41.692650783807
ICWorkerMiteSurvivorship= 20.4078790498897
ICForagerLifespan= 13.8856189725921
ImmType= Exponential
AIAdultSlope= 8.38754514232278
