ICQueenStrength= 3.47850434738211
RQWkrDrnRatio= 3.18240332603455
ICDroneMiteSurvivorship= 79.9322325969115
ICWorkerMiteSurvivorship= 74.7830753447488
ICForagerLifespan= 5.52018943428993
ImmType= Cosine
AIAdultSlope= 2.87128729280084
