ICQueenStrength= 4.52863207575865
RQWkrDrnRatio= 2.51162619050592
ICDroneMiteSurvivorship= 28.9817809825763
ICWorkerMiteSurvivorship= 63.5367850307375
ICForagerLifespan= 5.72194657102227
ImmType= Exponential
AIAdultLD50= 0.154012839635834
AIAdultSlopeContact= 0.878735264337156
AIAdultLD50Contact= 0.0366418112884276
AILarvaSlope= 0.663679000036791
AILarvaLD50= 0.803354635974392
AIKOW= 6.81677009584382
AIKOC= 8.09799548704177
AIHalfLife= 10.5732238041237
EAppRate= 1.021055852063
