ICQueenStrength= 2.89274090109393
RQWkrDrnRatio= 3.95072443503886
ICDroneMiteSurvivorship= 63.6025682557374
ICWorkerMiteSurvivorship= 0.1980553381145
ICForagerLifespan= 5.78991824854165
ImmType= Polynomial
AIAdultSlope= 3.07622071391903
AIAdultLD50= 0.0548944739857689
AIAdultSlopeContact= 0.992950321070384
AIAdultLD50Contact= 0.00163371976232156
AILarvaSlope= 2.47788652828895
AILarvaLD50= 0.150296970899217
AIKOW= 3.79157488141209
AIKOC= 20.4210212524049
AIHalfLife= 1.89137431210838
EAppRate= 0
