ICQueenStrength= 2.06863575754687
RQWkrDrnRatio= 4.69345629028976
ICDroneMiteSurvivorship= 42.7916783839464
ICWorkerMiteSurvivorship= 81.9580066716298
ICForagerLifespan= 13.4600109076127
ImmType= Polynomial
AIAdultSlope= 2.98858146001585
AIAdultLD50= 1.29485556157306
AIAdultSlopeContact= 0.224557588251773
AIAdultLD50Contact= 0.0375321867526509
AILarvaSlope= 1.15249970569275
AILarvaLD50= 0.127769986912608
AIKOW= 6.01887318398803
AIKOC= 6.04197880718857
AIHalfLife= 5.84706070134416
EAppRate= 0.0969230530317873
