ICQueenStrength= 1.98770245164633
RQWkrDrnRatio= 3.58220790140331
