ICQueenStrength= 1.22830607253127
RQWkrDrnRatio= 3.65140096098185
ICDroneMiteSurvivorship= 32.0037056226283
ICWorkerMiteSurvivorship= 68.7098967144266
ICForagerLifespan= 14.5224348567426
ImmType= Exponential
AIAdultSlope= 0.387071754131466
AIAdultLD50= 1.15469856094569
AIAdultSlopeContact= 0.911905456243549
AIAdultLD50Contact= 0.0277620103792287
AILarvaSlope= 2.63391594635323
AILarvaLD50= 0.355227164248936
AIKOW= 7.14557742606848
AIKOC= 23.7944024975877
AIHalfLife= 1.88187269214541
EAppRate= 0.85229976545088
