ICQueenStrength= 2.0823886631988
RQWkrDrnRatio= 4.25629579089582
ICDroneMiteSurvivorship= 0.250940257683396
ICWorkerMiteSurvivorship= 61.6888177581131
ICForagerLifespan= 14.4456780925393
ImmType= Exponential
AIAdultSlopeContact= 1.63291154442122
AIAdultLD50Contact= 0.0313030607649125
AILarvaSlope= 2.6074190933723
AILarvaLD50= 0.0616960906656459
AIKOW= 5.68271934892982
AIKOC= 15.7567158527672
AIHalfLife= 12.6495732613839
