ICQueenStrength= 3.03587887110189
RQWkrDrnRatio= 4.27861187513918
ICDroneMiteSurvivorship= 35.7056402368471
ICWorkerMiteSurvivorship= 68.8073323573917
ICForagerLifespan= 8.75114346109331
ImmType= Tangent
AIAdultSlope= 2.7783120171167
AIAdultLD50= 0.782112466637045
AIAdultSlopeContact= 3.51226659649517
AIAdultLD50Contact= 0.0283557738177478
AILarvaSlope= 1.88551371111535
AILarvaLD50= 0.0560207662638277
AIKOW= 3.03584893234074
AIKOC= 8.36668064701371
AIHalfLife= 5.41270443750545
EAppRate= 0.821721978718415
