ICQueenStrength= 3.4792592052836
RQWkrDrnRatio= 4.69613190833479
ICDroneMiteSurvivorship= 61.4047599956393
ICWorkerMiteSurvivorship= 29.872044431977
ICForagerLifespan= 7.9028651798144
ImmType= Exponential
AIAdultSlope= 5.28292545583099
