ICQueenStrength= 1.89892539428547
RQWkrDrnRatio= 3.30164543073624
ICDroneMiteSurvivorship= 68.9226539572701
ICWorkerMiteSurvivorship= 62.0645029237494
ICForagerLifespan= 5.38916906993836
ImmType= Cosine
AIAdultSlope= 2.44193776799366
AIAdultLD50= 2.06191746820696
AIAdultSlopeContact= 1.13987581477035
AIAdultLD50Contact= 0.0197573626763187
AILarvaSlope= 0.827845421014354
AILarvaLD50= 0.868273063399829
AIKOW= 4.88487073779106
AIKOC= 20.8022310410161
AIHalfLife= 0.288530358113348
EAppRate= 0.797202837653458
