ICQueenStrength= 2.90841352799907
RQWkrDrnRatio= 4.48074649553746
ICDroneMiteSurvivorship= 66.0276107257232
ICWorkerMiteSurvivorship= 86.6093907970935
ICForagerLifespan= 14.0574494656175
ImmType= Logarithmic
AIAdultSlope= 2.89571149034193
AIAdultLD50= 0.4006852110615
AIAdultSlopeContact= 3.39489770584507
AIAdultLD50Contact= 0.022481739311479
AILarvaSlope= 0.0115436143241823
AILarvaLD50= 0.541370524652302
AIKOW= 4.3177567194216
AIKOC= 24.7170567582361
AIHalfLife= 4.35660786693916
EAppRate= 0.133366784499958
