ICQueenStrength= 4.27521439641714
RQWkrDrnRatio= 1.44138930551708
ICDroneMiteSurvivorship= 64.589251531288
ICWorkerMiteSurvivorship= 5.53112959023565
ICForagerLifespan= 5.20794405322522
ImmType= Exponential
AIAdultSlope= 1.83489263057709
