ICQueenStrength= 5.90022540325299
RQWkrDrnRatio= 2.92019106633961
ICDroneMiteSurvivorship= 10.7367330696434
ICWorkerMiteSurvivorship= 60.4089132044464
ICForagerLifespan= 10.7877048179507
ImmType= Polynomial
AIAdultSlope= 1.14835859290324
AIAdultLD50= 1.74540356453508
AIAdultSlopeContact= 1.14222452692688
AIAdultLD50Contact= 0.00837211611215025
AILarvaSlope= 1.88602412031032
AILarvaLD50= 0.173292876477353
AIKOW= 5.07996952394024
AIKOC= 21.3419484335463
AIHalfLife= 5.01677731564268
EAppRate= 0.14526927494444
