ICQueenStrength= 3.21299153054133
RQWkrDrnRatio= 2.92196179740131
ICDroneMiteSurvivorship= 31.3232381595299
ICWorkerMiteSurvivorship= 92.9350703256205
ICForagerLifespan= 9.53855689894408
ImmType= Polynomial
AIAdultLD50= 0.154012839635834
AIAdultSlopeContact= 0.307654899540357
AIAdultLD50Contact= 0.0245901535265148
AILarvaSlope= 2.84708197619766
AILarvaLD50= 0.876453920337372
AIKOW= 5.64106094371527
AIKOC= 15.4056239535566
AIHalfLife= 0.348993448074907
EAppRate= 0.798753873910755
