ICQueenStrength= 1.32174574560486
RQWkrDrnRatio= 3.06552440021187
ICDroneMiteSurvivorship= 16.6223972802982
ICWorkerMiteSurvivorship= 83.4654710488394
ICForagerLifespan= 8.23728859610856
ImmType= Cosine
AIAdultSlopeContact= 0.516976749084424
AIAdultLD50Contact= 0.0411524912109599
AILarvaSlope= 0.46240733419545
AILarvaLD50= 0.111695441231132
AIKOW= 7.58530664816499
AIKOC= 9.68127400963567
AIHalfLife= 1.95607112208381
