ICQueenStrength= 5.73468640935607
RQWkrDrnRatio= 3.88519339077175
ICDroneMiteSurvivorship= 44.8137873550877
ICWorkerMiteSurvivorship= 99.6792683145031
ICForagerLifespan= 6.31220495607704
ImmType= Exponential
AIAdultSlope= 7.09627667907625
