ICQueenStrength= 4.25776998768561
RQWkrDrnRatio= 3.5802303487435
ICDroneMiteSurvivorship= 39.3678850028664
ICWorkerMiteSurvivorship= 29.3165271403268
ICForagerLifespan= 14.2317558275536
ImmType= Sine
AIAdultSlope= 1.38372596842004
AIAdultLD50= 0.101494386093691
AIAdultSlopeContact= 1.29228244937724
AIAdultLD50Contact= 0.00258421080652624
AILarvaSlope= 0.0270916667301208
AILarvaLD50= 0.0632791341980919
AIKOW= 7.5820004818961
AIKOC= 6.65181630291045
AIHalfLife= 1.12171177985147
EAppRate= 0.561471881601028
