ICQueenStrength= 3.11961016757414
RQWkrDrnRatio= 2.13817738555372
ICDroneMiteSurvivorship= 44.0013364888728
ICWorkerMiteSurvivorship= 20.3601317480206
ICForagerLifespan= 12.8204082278535
ImmType= Tangent
AIAdultSlope= 2.88456340092234
AIAdultLD50= 0.354815916973166
AIAdultSlopeContact= 3.18371607006295
AIAdultLD50Contact= 0.0336012258660048
AILarvaSlope= 0.658470083586872
AILarvaLD50= 0.545227867690846
AIKOW= 7.21275078179315
AIKOC= 8.80573887960054
AIHalfLife= 0.786644180770963
EAppRate= 0.514472095039673
