ICQueenStrength= 3.99177503911778
RQWkrDrnRatio= 1.80221538618207
ICDroneMiteSurvivorship= 19.3879236932844
ICWorkerMiteSurvivorship= 63.5864549083635
ICForagerLifespan= 12.0109767206013
ImmType= Logarithmic
AIAdultSlope= 2.39251168584451
AIAdultLD50= 0.961485807783902
AIAdultSlopeContact= 2.74902352508856
AIAdultLD50Contact= 0.0271500706672668
AILarvaSlope= 3.37559830867685
AILarvaLD50= 0.159948260919191
AIKOW= 5.45745600014925
AIKOC= 19.2602995678317
AIHalfLife= 4.81749192299321
EAppRate= 0.567152681294829
