ICQueenStrength= 1.37918769638054
RQWkrDrnRatio= 4.79127018712461
ICDroneMiteSurvivorship= 53.8833499420434
ICWorkerMiteSurvivorship= 58.9413745561615
ICForagerLifespan= 15.9600613294169
ImmType= Exponential
AIAdultSlope= 3.05292524147546
AIAdultLD50= 0.164929695543833
AIAdultSlopeContact= 1.88417468155967
AIAdultLD50Contact= 0.0365344186662696
AILarvaSlope= 1.24203520375304
AILarvaLD50= 0.181457296921872
AIKOW= 2.31196206994355
AIKOC= 10.7934319309425
AIHalfLife= 4.42544771474786
EAppRate= 0.510982152214274
