ICQueenStrength= 4.05844363872893
RQWkrDrnRatio= 4.60436478257179
ICDroneMiteSurvivorship= 62.8717301180586
ICWorkerMiteSurvivorship= 96.765793976374
ICForagerLifespan= 6.83559906948358
ImmType= Cosine
AIAdultSlope= 3.19567491142079
AIAdultSlopeContact= 2.22160839874763
AIAdultLD50Contact= 0.0350968699436635
AILarvaSlope= 1.51729972441681
AILarvaLD50= 0.440635480661877
AIKOW= 7.86104114353657
AIKOC= 22.2014183597639
AIHalfLife= 0.104546302929521
