ICQueenStrength= 5.8292314435821
RQWkrDrnRatio= 1.6912115206942
ICDroneMiteSurvivorship= 76.1346453800797
ICWorkerMiteSurvivorship= 94.9011190095916
ICForagerLifespan= 15.1037552300841
ImmType= Sine
AIAdultSlope= 4.17661562794819
AIAdultLD50= 0.640385940670967
AIAdultSlopeContact= 5.41256421711296
AIAdultLD50Contact= 0.0952033002860844
AILarvaSlope= 8.92274696612731
AILarvaLD50= 0.961247683968395
AIKOW= 26.1726472759619
AIKOC= 19.4152453914285
AIHalfLife= 13.2116603078321
EAppRate= 0.210740555543453
