ICQueenStrength= 4.31431814236566
RQWkrDrnRatio= 2.9721208801493
ICDroneMiteSurvivorship= 39.0856628539041
ICWorkerMiteSurvivorship= 80.222898372449
ICForagerLifespan= 13.2762125739828
ImmType= Polynomial
AIAdultSlope= 7.180052974727
AIAdultLD50= 0.927896590903401
AIAdultSlopeContact= 3.50316496100277
AIAdultLD50Contact= 0.0699188558850437
AILarvaSlope= 1.69813792454079
AILarvaLD50= 0.20267365174368
AIKOW= 19.2406136775389
AIKOC= 98.9943437976763
AIHalfLife= 13.6481397408061
EAppRate= 0.183760644868016
