ICQueenStrength= 1.9405599872116
RQWkrDrnRatio= 4.81213502492756
ICDroneMiteSurvivorship= 2.04978520050645
ICWorkerMiteSurvivorship= 14.6700409241021
ICForagerLifespan= 15.5217435695231
ImmType= Sine
AIAdultSlope= 3.24589443374425
AIAdultLD50= 0.00830004760064185
AIAdultSlopeContact= 3.18177982255351
AIAdultLD50Contact= 0.0214845050126314
AILarvaSlope= 1.11793499104679
AILarvaLD50= 0.115726242936216
AIKOW= 2.58157759159803
AIKOC= 14.8751870682463
AIHalfLife= 4.20649502659217
EAppRate= 0.702145965769887
