ICQueenStrength= 1.9595158835873
RQWkrDrnRatio= 4.29651434812695
ICDroneMiteSurvivorship= 54.0943607920781
ICWorkerMiteSurvivorship= 57.8571610152721
ICForagerLifespan= 11.2303027100861
ImmType= Exponential
AIAdultSlope= 0.306370029971004
AIAdultLD50= 0.321007949765772
AIAdultSlopeContact= 1.87457094932674
AIAdultLD50Contact= 0.0431799799320288
AILarvaSlope= 3.1761825574562
AILarvaLD50= 0.433780093258247
AIKOW= 6.22339026490226
AIKOC= 15.9702741203364
AIHalfLife= 1.7286266060546
EAppRate= 0.621087554842234
