ICQueenStrength= 3.02237212448381
RQWkrDrnRatio= 3.25276535842568
ICDroneMiteSurvivorship= 99.5095901424065
ICWorkerMiteSurvivorship= 29.899117979221
ICForagerLifespan= 4.9432518966496
ImmType= Sine
AIAdultSlope= 1.49290098343045
