ICQueenStrength= 5.52649726998061
RQWkrDrnRatio= 1.18810804747045
ICDroneMiteSurvivorship= 32.9750132281333
ICWorkerMiteSurvivorship= 42.7138031693175
ICForagerLifespan= 15.6375122535974
ImmType= Cosine
AIAdultSlope= 2.8022246715147
AIAdultLD50= 0.173052409663796
AIAdultSlopeContact= 1.26444281097734
AIAdultLD50Contact= 0.044523193128407
AILarvaSlope= 0.397917442489415
AILarvaLD50= 0.459907023981214
AIKOW= 5.53661915427074
AIKOC= 21.6377418558113
AIHalfLife= 7.38289655605331
EAppRate= 0.912270105909556
