ICQueenStrength= 1.94431985286064
RQWkrDrnRatio= 4.08043706230819
ICDroneMiteSurvivorship= 71.4583308203146
ICWorkerMiteSurvivorship= 34.3637925805524
ICForagerLifespan= 12.1354885986075
ImmType= Tangent
AIAdultSlope= 3.30588351762854
AIAdultLD50= 1.88627634686418
AIAdultSlopeContact= 0.624052212412935
AIAdultLD50Contact= 0.0307421349338256
AILarvaSlope= 0.0106958877295256
AILarvaLD50= 0.128553540841676
AIKOW= 3.6926134233363
AIKOC= 26.1297415778972
AIHalfLife= 10.4139535161667
EAppRate= 0.573170520132408
