ICQueenStrength= 2.83942484296858
RQWkrDrnRatio= 1.20091126486659
