ICQueenStrength= 3.19352034269832
RQWkrDrnRatio= 3.91851287707686
ICDroneMiteSurvivorship= 82.9849118134007
ICWorkerMiteSurvivorship= 38.4471229044721
ICForagerLifespan= 10.1785184722394
ImmType= Exponential
AIAdultSlope= 0.86037227683235
AIAdultLD50= 0.465995655511506
AIAdultSlopeContact= 2.48873635297408
AIAdultLD50Contact= 0.016772091970779
AILarvaSlope= 2.35151632768102
AILarvaLD50= 0.525883915415034
AIKOW= 2.17772747203708
AIKOC= 17.1363314858172
AIHalfLife= 4.48775137076154
EAppRate= 0.463798907375894
