ICQueenStrength= 2.33006607764401
RQWkrDrnRatio= 1.3210414070636
ICDroneMiteSurvivorship= 17.3907861113548
ICWorkerMiteSurvivorship= 5.44365649111569
ICForagerLifespan= 11.7181294132024
ImmType= Logarithmic
AIAdultSlopeContact= 2.9470439966605
AIAdultLD50Contact= 0.010556334129069
AILarvaSlope= 1.3195728329476
AILarvaLD50= 0.121347431559116
AIKOW= 5.44830738333985
AIKOC= 25.4491166165099
AIHalfLife= 7.30487224087119
