ICQueenStrength= 3.16856241808273
RQWkrDrnRatio= 2.28900006972253
ICDroneMiteSurvivorship= 62.6756955171004
ICWorkerMiteSurvivorship= 22.3811531905085
ICForagerLifespan= 13.0970634752885
ImmType= Exponential
AIAdultSlopeContact= 7.3121210350655
AIAdultLD50Contact= 0.113314210018143
AILarvaSlope= 5.51197851775214
AILarvaLD50= 0.0107057588174939
AIKOW= 61.7433674400672
AIKOC= 73.4703533817083
AIHalfLife= 13.2311924807727
