ICQueenStrength= 2.19564634514973
RQWkrDrnRatio= 4.63040902931243
ICDroneMiteSurvivorship= 91.3139631506056
ICWorkerMiteSurvivorship= 31.0432547703385
ICForagerLifespan= 13.2197357239202
ImmType= Exponential
AIAdultSlope= 1.34219124987721
AIAdultLD50= 1.03708136337809
AIAdultSlopeContact= 3.37187978044152
AIAdultLD50Contact= 0.0388058993848972
AILarvaSlope= 2.29810549672693
AILarvaLD50= 0.770296794385649
AIKOW= 5.03001254005358
AIKOC= 26.5003552904818
AIHalfLife= 12.5023912978359
EAppRate= 0.479447252349928
