ICQueenStrength= 3.26449466543272
RQWkrDrnRatio= 2.28004929609597
ICDroneMiteSurvivorship= 88.2632807595655
ICWorkerMiteSurvivorship= 59.8193302284926
ICForagerLifespan= 4.07681212667376
ImmType= Cosine
AIAdultSlope= 0.184300709329545
AIAdultLD50= 1.7579472726211
AIAdultSlopeContact= 2.65470266872086
AIAdultLD50Contact= 0.043229770695325
AILarvaSlope= 2.70833515017293
AILarvaLD50= 0.550566363846883
AIKOW= 7.23718855995685
AIKOC= 8.17962688277476
AIHalfLife= 8.51667585317045
EAppRate= 0.413835369283333
