ICQueenStrength= 4.80456887069158
RQWkrDrnRatio= 1.61524789594114
ICDroneMiteSurvivorship= 64.9097616551444
ICWorkerMiteSurvivorship= 19.5255698636174
ICForagerLifespan= 14.4726112736389
ImmType= Logarithmic
AIAdultSlope= 1.64564580316655
AIAdultSlopeContact= 1.8541491449601
AIAdultLD50Contact= 0.0253734259749763
AILarvaSlope= 1.55943143139593
AILarvaLD50= 0.246854761429131
AIKOW= 3.95666884724051
AIKOC= 24.0829186758492
AIHalfLife= 3.11337712407112
