ICQueenStrength= 2.40343720675446
RQWkrDrnRatio= 3.70357683394104
ICDroneMiteSurvivorship= 33.2591225393116
ICWorkerMiteSurvivorship= 21.5955475112423
ICForagerLifespan= 14.2857892550528
ImmType= Cosine
AIAdultSlope= 4.21080959960818
