ICQueenStrength= 2.24488395405933
RQWkrDrnRatio= 4.96482354681939
ICDroneMiteSurvivorship= 61.3195529673249
ICWorkerMiteSurvivorship= 91.6100514819846
ICForagerLifespan= 9.51366384234279
ImmType= Sine
AIAdultSlopeContact= 1.1346600272879
AIAdultLD50Contact= 0.00258905132068321
AILarvaSlope= 2.23015582417138
AILarvaLD50= 0.194234964321367
AIKOW= 6.51013518078253
AIKOC= 8.72694355901331
AIHalfLife= 0.375177601352334
