ICQueenStrength= 4.97823614883237
RQWkrDrnRatio= 4.94689515139908
ICDroneMiteSurvivorship= 63.736745971255
ICWorkerMiteSurvivorship= 8.01613423973322
ICForagerLifespan= 11.0809030421078
ImmType= Sine
AIAdultSlope= 1.98139900011476
AIAdultLD50= 0.331401154398918
AIAdultSlopeContact= 2.71886738613714
AIAdultLD50Contact= 0.00442499617347494
AILarvaSlope= 3.16751797185279
AILarvaLD50= 0.401923027820885
AIKOW= 7.62861665152013
AIKOC= 5.21642804495059
AIHalfLife= 1.41995056415908
EAppRate= 0.691619058488868
