ICQueenStrength= 1.20958891371265
RQWkrDrnRatio= 4.07993242144585
ICDroneMiteSurvivorship= 12.4898150330409
ICWorkerMiteSurvivorship= 42.1945364680141
ICForagerLifespan= 8.2895225295797
ImmType= Cosine
AIAdultSlope= 1.34330134447664
AIAdultLD50= 0.692439151229337
AIAdultSlopeContact= 0.472660427740775
AIAdultLD50Contact= 0.0472015172359534
AILarvaSlope= 3.20316734067164
AILarvaLD50= 0.357516287779436
AIKOW= 4.14314097026363
AIKOC= 19.6375284937676
AIHalfLife= 11.1048945775256
EAppRate= 0.944946243194863
