ICQueenStrength= 5.95587082812563
RQWkrDrnRatio= 4.44567221682519
ICDroneMiteSurvivorship= 10.4338248260319
ICWorkerMiteSurvivorship= 25.4713341593742
ICForagerLifespan= 12.8482843479142
ImmType= Polynomial
AIAdultSlope= 3.79574556878535
AIAdultLD50= 0.0144102401100099
AIAdultSlopeContact= 2.34648122448474
AIAdultLD50Contact= 0.00445227692835033
AILarvaSlope= 2.17460866156034
AILarvaLD50= 0.684848699555732
AIKOW= 3.41490076389164
AIKOC= 11.2557440251112
AIHalfLife= 0.741519243456423
EAppRate= 0.569831490144133
