ICQueenStrength= 4.34465818130411
RQWkrDrnRatio= 4.89542461000383
ICDroneMiteSurvivorship= 97.9959674179554
ICWorkerMiteSurvivorship= 55.4069445701316
ICForagerLifespan= 12.3878489891067
ImmType= Sine
AIAdultSlope= 3.09356762993149
AIAdultLD50= 0.0623082309029996
AIAdultSlopeContact= 0.327297555115074
AIAdultLD50Contact= 0.00237823140341789
AILarvaSlope= 3.18222462907434
AILarvaLD50= 0.612871037679724
AIKOW= 6.85589313320816
AIKOC= 6.20580085786059
AIHalfLife= 0.804805387742817
EAppRate= 0.191191835026257
