ICQueenStrength= 3.83108032424934
RQWkrDrnRatio= 3.63618741091341
ICDroneMiteSurvivorship= 34.1214664280415
ICWorkerMiteSurvivorship= 68.4486702084541
ICForagerLifespan= 5.34832088463008
ImmType= Logarithmic
AIAdultSlope= 1.3073563715443
AIAdultLD50= 0.452806998044252
AIAdultSlopeContact= 9.72912640543655
AIAdultLD50Contact= 0.113302542455494
AILarvaSlope= 7.92376289144158
AILarvaLD50= 0.402309691533446
AIKOW= 11.2951757153496
AIKOC= 2.77558814268559
AIHalfLife= 1.0647037262097
EAppRate= 1.15265207365155
