ICQueenStrength= 3.63157681096345
RQWkrDrnRatio= 1.21034605056047
ICDroneMiteSurvivorship= 77.1799471927807
ICWorkerMiteSurvivorship= 8.55869948863983
ICForagerLifespan= 12.4041212387383
ImmType= Sine
AIAdultSlope= 0.96859891936183
AIAdultLD50= 2.62777993083
AIAdultSlopeContact= 3.46813429571455
AIAdultLD50Contact= 0.00700882310047746
AILarvaSlope= 2.65268942639232
AILarvaLD50= 0.44868094723206
AIKOW= 4.74274598900229
AIKOC= 26.4059703110252
AIHalfLife= 4.44572139671072
EAppRate= 0.340468078618869
