ICQueenStrength= 4.57716468628496
RQWkrDrnRatio= 3.92982591502368
ICDroneMiteSurvivorship= 37.4928507953882
ICWorkerMiteSurvivorship= 69.701464776881
ICForagerLifespan= 6.90321436244994
ImmType= Cosine
AIAdultSlopeContact= 5.76135148759931
AIAdultLD50Contact= 0.107187359780073
AILarvaSlope= 8.97749543422833
AILarvaLD50= 1.33190417662263
AIKOW= 80.3583148401231
AIKOC= 27.7736844029278
AIHalfLife= 10.241468845401
