ICQueenStrength= 4.82236738689244
RQWkrDrnRatio= 4.41413875482976
