ICQueenStrength= 1.79378423863091
RQWkrDrnRatio= 4.3037141552195
ICDroneMiteSurvivorship= 9.09749520942569
ICWorkerMiteSurvivorship= 8.86704041622579
ICForagerLifespan= 15.1763006830588
ImmType= Sine
AIAdultSlope= 2.79801804707386
AIAdultLD50= 0.0194185806903988
AIAdultSlopeContact= 2.08636369789951
AIAdultLD50Contact= 0.0178964599734172
AILarvaSlope= 1.55879108975641
AILarvaLD50= 0.236846419516951
AIKOW= 2.70077376440167
AIKOC= 22.7093941078056
AIHalfLife= 7.02571804914623
EAppRate= 0.228511821478605
