ICQueenStrength= 2.22982802102342
RQWkrDrnRatio= 1.51896739192307
ICDroneMiteSurvivorship= 77.5809236802161
ICWorkerMiteSurvivorship= 44.9680923018605
ICForagerLifespan= 10.5365391364321
ImmType= Logarithmic
AIAdultSlopeContact= 0.59750825684052
AIAdultLD50Contact= 0.0229399197152816
AILarvaSlope= 1.86801273766905
AILarvaLD50= 0.793797864066437
AIKOW= 5.28380713425577
AIKOC= 22.2213412297424
AIHalfLife= 13.8107386641204
