ICQueenStrength= 2.82532266131602
RQWkrDrnRatio= 1.02676427271217
ICDroneMiteSurvivorship= 12.9638905869797
ICWorkerMiteSurvivorship= 31.9177708122879
ICForagerLifespan= 12.8013444524258
ImmType= Sine
AIAdultSlope= 1.72339832508005
AIAdultLD50= 2.13992645731196
AIAdultSlopeContact= 0.037578776862938
AIAdultLD50Contact= 0.00440340341301635
AILarvaSlope= 1.85060019972734
AILarvaLD50= 0.240510890563019
AIKOW= 7.94602416316047
AIKOC= 19.8798986279871
AIHalfLife= 6.80664510792121
EAppRate= 0.0846582679077983
