ICQueenStrength= 5.35750538948923
RQWkrDrnRatio= 2.89562352094799
ICDroneMiteSurvivorship= 98.9488967228681
ICWorkerMiteSurvivorship= 85.7549744425341
ICForagerLifespan= 6.44487274438143
ImmType= Exponential
AIAdultSlopeContact= 3.11907099227188
AIAdultLD50Contact= 0.0112493064720184
AILarvaSlope= 2.48746856516227
AILarvaLD50= 0.686294433055446
AIKOW= 7.74107764940709
AIKOC= 19.4228048622608
AIHalfLife= 6.42536480631679
