ICQueenStrength= 5.87328961025923
RQWkrDrnRatio= 3.83144558593631
ICDroneMiteSurvivorship= 37.2625520452857
ICWorkerMiteSurvivorship= 24.7263623401523
ICForagerLifespan= 6.53163067810237
ImmType= Tangent
AIAdultSlope= 0.518824724187143
AIAdultLD50= 0.207726707565598
AIAdultSlopeContact= 3.36645320610143
AIAdultLD50Contact= 0.0325066848890856
AILarvaSlope= 0.703476825542748
AILarvaLD50= 0.652068464714103
AIKOW= 5.94749567378312
AIKOC= 13.9175946952309
AIHalfLife= 0.709155821241438
EAppRate= 0
