ICQueenStrength= 3.81598421162926
RQWkrDrnRatio= 1.76359839458019
ICDroneMiteSurvivorship= 7.4746219208464
ICWorkerMiteSurvivorship= 16.0953464452177
ICForagerLifespan= 10.2800822304562
ImmType= Cosine
AIAdultSlope= 0.0925437523983419
