ICQueenStrength= 3.12225216673687
RQWkrDrnRatio= 2.50955890677869
ICDroneMiteSurvivorship= 69.9250051984563
ICWorkerMiteSurvivorship= 15.0780744384974
ICForagerLifespan= 15.2433283682913
ImmType= Exponential
AIAdultSlope= 3.08007146704244
AIAdultLD50= 0.158962502959184
AIAdultSlopeContact= 1.90702612375841
AIAdultLD50Contact= 0.0457644210546277
AILarvaSlope= 0.364131173864007
AILarvaLD50= 0.418515005568042
AIKOW= 5.62550868000835
AIKOC= 27.9331374051981
AIHalfLife= 2.30023423209786
EAppRate= 0.428648167918436
