ICQueenStrength= 1.68258594954386
RQWkrDrnRatio= 1.84939621016383
ICDroneMiteSurvivorship= 12.5013456912711
ICWorkerMiteSurvivorship= 37.6131521770731
ICForagerLifespan= 15.0895817922428
ImmType= Exponential
AIAdultSlope= 1.25675188973313
AIAdultLD50= 0.160564028192312
AIAdultSlopeContact= 3.88930561253568
AIAdultLD50Contact= 0.0171631044358946
AILarvaSlope= 2.97797442260198
AILarvaLD50= 0.114634010125883
AIKOW= 4.5230147158727
AIKOC= 15.4003897460643
AIHalfLife= 4.72462949343026
EAppRate= 0
