ICQueenStrength= 4.97853948874399
RQWkrDrnRatio= 2.33600820228457
ICDroneMiteSurvivorship= 50.7186791626737
ICWorkerMiteSurvivorship= 57.9773430712521
ICForagerLifespan= 14.0194638930261
ImmType= Tangent
AIAdultSlope= 3.83356370963389
AIAdultLD50= 0.228800546727143
AIAdultSlopeContact= 1.93054327185033
AIAdultLD50Contact= 0.000423345703165978
AILarvaSlope= 0.292463521147147
AILarvaLD50= 0.0890027734218165
AIKOW= 7.33116152556613
AIKOC= 17.4465740285814
AIHalfLife= 3.1036530493293
EAppRate= 0.315154200140387
