ICQueenStrength= 4.16266183042899
RQWkrDrnRatio= 3.12788039445877
ICDroneMiteSurvivorship= 42.1438444638625
ICWorkerMiteSurvivorship= 43.3305155253038
ICForagerLifespan= 13.9737311033532
ImmType= Cosine
AIAdultSlopeContact= 0.79601867366815
AIAdultLD50Contact= 0.0459237891598605
AILarvaSlope= 1.22049437100068
AILarvaLD50= 0.74508457928896
AIKOW= 2.78454134659842
AIKOC= 29.1685272369068
AIHalfLife= 1.2716275639832
