ICQueenStrength= 2.4443644543644
RQWkrDrnRatio= 1.59730206057429
ICDroneMiteSurvivorship= 44.7795415995643
ICWorkerMiteSurvivorship= 62.6193157397211
ICForagerLifespan= 5.36309183482081
ImmType= Sine
AIAdultSlope= 0.468835160792805
AIAdultLD50= 0.28854486218188
AIAdultSlopeContact= 0.110931471437216
AIAdultLD50Contact= 0.0441588286892511
AILarvaSlope= 1.64378493297845
AILarvaLD50= 0.550776001741178
AIKOW= 5.14937369385734
AIKOC= 21.6751093638595
AIHalfLife= 2.69420040072873
EAppRate= 0.193763687531464
