ICQueenStrength= 1.09664550423622
RQWkrDrnRatio= 3.7821990577504
ICDroneMiteSurvivorship= 22.9341029422358
ICWorkerMiteSurvivorship= 86.9266968686134
ICForagerLifespan= 9.22826614696532
ImmType= Polynomial
AIAdultSlope= 6.8996534566395
AIAdultLD50= 0.896751215448603
AIAdultSlopeContact= 1.25123208155856
AIAdultLD50Contact= 0.148203276190907
AILarvaSlope= 2.73080048616976
AILarvaLD50= 1.49051100993529
AIKOW= 53.9820779580623
AIKOC= 19.3583900108933
AIHalfLife= 0.88584049930796
EAppRate= 1.6673779534176
