ICQueenStrength= 3.8153677249793
RQWkrDrnRatio= 4.05540906265378
ICDroneMiteSurvivorship= 23.0648048222065
ICWorkerMiteSurvivorship= 73.6502169864252
ICForagerLifespan= 6.48501302208751
ImmType= Sine
AIAdultSlopeContact= 3.54728143922053
AIAdultLD50Contact= 0.0207447019405663
AILarvaSlope= 1.94819350740872
AILarvaLD50= 0.167211104161106
AIKOW= 4.81928681442514
AIKOC= 5.85278623737395
AIHalfLife= 2.00482437619939
