ICQueenStrength= 2.38836276368238
RQWkrDrnRatio= 2.30778275709599
ICDroneMiteSurvivorship= 24.7166706714779
ICWorkerMiteSurvivorship= 75.0398235395551
ICForagerLifespan= 6.38017219398171
ImmType= Tangent
AIAdultSlope= 9.40471023553982
AIAdultLD50= 0.39686362654902
AIAdultSlopeContact= 7.73331568110734
AIAdultLD50Contact= 0.0895101381000131
AILarvaSlope= 7.93260602978989
AILarvaLD50= 1.75921776052564
AIKOW= 74.9363242648542
AIKOC= 10.2212116587907
AIHalfLife= 11.2669824822806
EAppRate= 0.247603126335889
