ICQueenStrength= 3.9910651454702
RQWkrDrnRatio= 4.29081277456135
ICDroneMiteSurvivorship= 31.5099271479994
ICWorkerMiteSurvivorship= 28.9259094744921
ICForagerLifespan= 13.0914077190682
ImmType= Polynomial
AIAdultSlope= 3.53683684254298
AIAdultLD50= 0.263850671239197
AIAdultSlopeContact= 3.19306200605817
AIAdultLD50Contact= 0.0128509351052344
AILarvaSlope= 0.564841205300763
AILarvaLD50= 0.125043166475371
AIKOW= 5.55602914700285
AIKOC= 22.2613352304325
AIHalfLife= 3.3053259679582
EAppRate= 0
