ICQueenStrength= 5.28658384014852
RQWkrDrnRatio= 1.28433872479945
ICDroneMiteSurvivorship= 65.3700826922432
ICWorkerMiteSurvivorship= 44.6879268158227
ICForagerLifespan= 9.86492413561791
ImmType= Cosine
AIAdultSlope= 3.56309564539231
AIAdultLD50= 0.29634320968762
AIAdultSlopeContact= 2.90972279093927
AIAdultLD50Contact= 0.0170832294272259
AILarvaSlope= 2.9402057507541
AILarvaLD50= 0.541477350122295
AIKOW= 5.17646213015541
AIKOC= 21.9603639165871
AIHalfLife= 3.94701365381479
EAppRate= 0.493954688310623
