ICQueenStrength= 3.37406050320715
RQWkrDrnRatio= 2.29619647189975
ICDroneMiteSurvivorship= 97.5312603637576
ICWorkerMiteSurvivorship= 37.5889838906005
ICForagerLifespan= 14.9120570225641
ImmType= Tangent
AIAdultSlope= 2.42286626519635
AIAdultLD50= 1.55364946299233
AIAdultSlopeContact= 0.327749974303879
AIAdultLD50Contact= 0.0150698930141516
AILarvaSlope= 3.14604823645204
AILarvaLD50= 0.823267267900519
AIKOW= 5.91116076894104
AIKOC= 18.9479613048024
AIHalfLife= 7.57171510066837
EAppRate= 0.0939594181254506
