ICQueenStrength= 1.57746311766095
RQWkrDrnRatio= 2.56505557149649
ICDroneMiteSurvivorship= 42.2765521565452
ICWorkerMiteSurvivorship= 91.1785481031984
ICForagerLifespan= 15.7249837135896
ImmType= Cosine
AIAdultSlope= 1.11770203979686
AIAdultLD50= 0.715294669847935
AIAdultSlopeContact= 3.37304778716527
AIAdultLD50Contact= 0.00769529897952452
AILarvaSlope= 1.83868845640682
AILarvaLD50= 0.738598070642911
AIKOW= 6.68791282828897
AIKOC= 29.2104313685559
AIHalfLife= 11.1814020145684
EAppRate= 0.103611428057775
