ICQueenStrength= 5.13350390270352
RQWkrDrnRatio= 2.68541224859655
ICDroneMiteSurvivorship= 68.0055547505617
ICWorkerMiteSurvivorship= 32.1705518756062
ICForagerLifespan= 5.09528249874711
ImmType= Logarithmic
AIAdultSlope= 9.31148905772716
