ICQueenStrength= 5.07818749896251
RQWkrDrnRatio= 3.8901838157326
ICDroneMiteSurvivorship= 72.0725046703592
ICWorkerMiteSurvivorship= 56.0802001040429
ICForagerLifespan= 10.2974870596081
ImmType= Tangent
AIAdultSlopeContact= 2.97372821724275
AIAdultLD50Contact= 0.0240966530516744
AILarvaSlope= 0.539275766257197
AILarvaLD50= 0.0820627830689773
AIKOW= 5.92559580458328
AIKOC= 12.3316424328368
AIHalfLife= 1.61809935979545
