ICQueenStrength= 3.76383216143586
RQWkrDrnRatio= 1.34248162060976
ICDroneMiteSurvivorship= 20.9491334855556
ICWorkerMiteSurvivorship= 72.2471587127075
ICForagerLifespan= 14.7179355649278
ImmType= Exponential
AIAdultSlope= 2.56122872785432
AIAdultLD50= 0.294110161135904
AIAdultSlopeContact= 2.2606672322005
AIAdultLD50Contact= 0.0108038276084699
AILarvaSlope= 0.36176941297017
AILarvaLD50= 0.206389130023308
AIKOW= 7.91244663763791
AIKOC= 23.475612468319
AIHalfLife= 2.96328835887834
EAppRate= 0
