ICQueenStrength= 1.36023168941028
RQWkrDrnRatio= 2.20387423597276
ICDroneMiteSurvivorship= 6.95454943925142
ICWorkerMiteSurvivorship= 71.4663628255948
ICForagerLifespan= 10.0745578976348
ImmType= Tangent
AIAdultSlopeContact= 0.303080177258234
AIAdultLD50Contact= 0.0103635920793749
AILarvaSlope= 2.05324536915868
AILarvaLD50= 0.894322513905354
AIKOW= 6.74708965560421
AIKOC= 10.5076953954995
AIHalfLife= 2.0793310822919
