ICQueenStrength= 1.04559372086078
RQWkrDrnRatio= 1.20526213664562
ICDroneMiteSurvivorship= 37.4967995332554
ICWorkerMiteSurvivorship= 93.1117667118087
ICForagerLifespan= 6.1051734900102
ImmType= Sine
AIAdultSlope= 0.873099935799837
AIAdultLD50= 1.96327216085047
AIAdultSlopeContact= 3.75689714886015
AIAdultLD50Contact= 0.0331177010666579
AILarvaSlope= 1.63661126228981
AILarvaLD50= 0.13853922940325
AIKOW= 2.09394031809643
AIKOC= 13.3306591201108
AIHalfLife= 6.39146679965779
EAppRate= 0.145601143827662
