ICQueenStrength= 4.45993958064355
RQWkrDrnRatio= 1.5737981647253
ICDroneMiteSurvivorship= 29.1529529495165
ICWorkerMiteSurvivorship= 89.2252336721867
ICForagerLifespan= 4.74687971919775
ImmType= Polynomial
AIAdultSlope= 0.208577022422105
AIAdultLD50= 2.35387933021411
AIAdultSlopeContact= 2.75150955130113
AIAdultLD50Contact= 0.00579126162920147
AILarvaSlope= 2.70210374500602
AILarvaLD50= 0.64669261125382
AIKOW= 6.08448092872277
AIKOC= 6.36316257412545
AIHalfLife= 8.46458024065942
EAppRate= 0.421218651812524
