ICQueenStrength= 4.14530897769146
RQWkrDrnRatio= 2.90290180034935
ICDroneMiteSurvivorship= 43.6234624590725
ICWorkerMiteSurvivorship= 65.8493120688945
ICForagerLifespan= 10.5094535415992
ImmType= Tangent
AIAdultSlope= 1.19330886946991
AIAdultLD50= 0.458067067316733
AIAdultSlopeContact= 3.51050206155516
AIAdultLD50Contact= 0.00707887400640175
AILarvaSlope= 0.870818078285083
AILarvaLD50= 0.0279914402402937
AIKOW= 4.9212684398517
AIKOC= 20.9756019420456
AIHalfLife= 2.77427105000243
EAppRate= 0.284354871301912
