ICQueenStrength= 1.92151139280759
RQWkrDrnRatio= 4.99477790016681
ICDroneMiteSurvivorship= 94.1406412050128
ICWorkerMiteSurvivorship= 35.9826179919764
ICForagerLifespan= 9.55315132066607
ImmType= Cosine
AIAdultSlopeContact= 1.74371713503264
AIAdultLD50Contact= 0.0270130745368078
AILarvaSlope= 3.09963410147466
AILarvaLD50= 0.468579924828373
AIKOW= 3.60439181793481
AIKOC= 10.5673693772405
AIHalfLife= 7.47053687134758
