ICQueenStrength= 1.31917049433105
RQWkrDrnRatio= 4.96624614670873
ICDroneMiteSurvivorship= 91.0842483630404
ICWorkerMiteSurvivorship= 78.5329683218151
ICForagerLifespan= 9.45805033110082
ImmType= Exponential
AIAdultSlope= 2.65884679886512
AIAdultLD50= 0.0866403474938124
AIAdultSlopeContact= 3.780119518172
AIAdultLD50Contact= 0.0441914946655743
AILarvaSlope= 0.328527275938541
AILarvaLD50= 0.703893507574685
AIKOW= 4.78754341835156
AIKOC= 29.8567225935403
AIHalfLife= 2.40531601198018
EAppRate= 0.805533011443913
