ICQueenStrength= 1.33130051102489
RQWkrDrnRatio= 2.47409285325557
ICDroneMiteSurvivorship= 98.0720113497227
ICWorkerMiteSurvivorship= 11.3093552179635
ICForagerLifespan= 10.9655204229057
ImmType= Exponential
AIAdultSlope= 1.72410551617155
AIAdultLD50= 0.229861694504507
AIAdultSlopeContact= 3.62958567413036
AIAdultLD50Contact= 0.0139517695526592
AILarvaSlope= 2.85474585937336
AILarvaLD50= 0.294313386152498
AIKOW= 6.68722849199548
AIKOC= 17.1246045222506
AIHalfLife= 0.391287270467728
EAppRate= 0
