ICQueenStrength= 5.90904940990731
RQWkrDrnRatio= 3.99206475261599
ICDroneMiteSurvivorship= 48.9939023507759
ICWorkerMiteSurvivorship= 16.6270065121353
ICForagerLifespan= 5.51791296247393
ImmType= Polynomial
AIAdultSlope= 1.8990044394834
AIAdultLD50= 0.131437093135901
AIAdultSlopeContact= 2.2660103444173
AIAdultLD50Contact= 0.0262678051250987
AILarvaSlope= 2.58429786367342
AILarvaLD50= 0.491167996334843
AIKOW= 6.72446892457083
AIKOC= 5.7877116499003
AIHalfLife= 1.1954072129447
EAppRate= 0.684090539137833
