ICQueenStrength= 4.32147068111226
RQWkrDrnRatio= 4.89844568725675
ICDroneMiteSurvivorship= 14.3328848760575
ICWorkerMiteSurvivorship= 60.6087939813733
ICForagerLifespan= 15.7059609312564
ImmType= Cosine
AIAdultSlopeContact= 7.46918783523142
AIAdultLD50Contact= 0.013467418262735
AILarvaSlope= 3.95491942064837
AILarvaLD50= 1.16137704206631
AIKOW= 93.0084524909034
AIKOC= 14.6564806578681
AIHalfLife= 12.8750007776543
