ICQueenStrength= 5.6702376648318
RQWkrDrnRatio= 4.80582512635738
ICDroneMiteSurvivorship= 49.741927231662
ICWorkerMiteSurvivorship= 91.6170637588948
ICForagerLifespan= 6.07807797659189
ImmType= Sine
AIAdultSlope= 1.74066317919642
AIAdultLD50= 0.0323853709269315
AIAdultSlopeContact= 3.25216649563517
AIAdultLD50Contact= 0.00283523771213368
AILarvaSlope= 1.51398224039003
AILarvaLD50= 0.448285649344325
AIKOW= 4.61845247494057
AIKOC= 27.5920945173129
AIHalfLife= 0.844132646452636
EAppRate= 0.639120132429525
