ICQueenStrength= 1.30557178077288
RQWkrDrnRatio= 2.18594390060753
ICDroneMiteSurvivorship= 46.532697044313
ICWorkerMiteSurvivorship= 58.155804942362
ICForagerLifespan= 4.35595999285579
ImmType= Polynomial
AIAdultSlope= 1.97259325428167
AIAdultLD50= 0.353522640303709
AIAdultSlopeContact= 2.40201794139342
AIAdultLD50Contact= 0.0340378572000191
AILarvaSlope= 2.14846930447966
AILarvaLD50= 0.193454161542468
AIKOW= 7.05113757448271
AIKOC= 10.9969888534397
AIHalfLife= 4.92554207798094
EAppRate= 0
