ICQueenStrength= 1.86214589187875
RQWkrDrnRatio= 1.38808978162706
ICDroneMiteSurvivorship= 5.46876885928214
ICWorkerMiteSurvivorship= 63.5643531568348
ICForagerLifespan= 6.39237872883677
ImmType= Polynomial
AIAdultSlope= 1.68861031856155
AIAdultLD50= 0.287443807465024
AIAdultSlopeContact= 0.67125236317981
AIAdultLD50Contact= 0.00421980280661955
AILarvaSlope= 1.72434451784939
AILarvaLD50= 0.685296112555079
AIKOW= 3.58068089885637
AIKOC= 26.5431427757721
AIHalfLife= 1.0320017428603
EAppRate= 0.67903690810781
