ICQueenStrength= 3.07154568750411
RQWkrDrnRatio= 3.38144001085311
ICDroneMiteSurvivorship= 0.766265229322016
ICWorkerMiteSurvivorship= 27.6944963494316
ICForagerLifespan= 10.3868887070566
ImmType= Logarithmic
AIAdultSlope= 9.69330123858526
