ICQueenStrength= 4.01934132445604
RQWkrDrnRatio= 2.73821648769081
