ICQueenStrength= 2.61025413428433
RQWkrDrnRatio= 3.81970174517483
ICDroneMiteSurvivorship= 94.5706986356527
ICWorkerMiteSurvivorship= 52.7558215893805
ICForagerLifespan= 13.2778646191582
ImmType= Logarithmic
AIAdultSlope= 2.70847726846114
