ICQueenStrength= 5.29295612964779
RQWkrDrnRatio= 3.33707524370402
ICDroneMiteSurvivorship= 91.8353191809729
ICWorkerMiteSurvivorship= 31.9604808697477
ICForagerLifespan= 4.26965973060578
ImmType= Logarithmic
AIAdultSlope= 1.96552471388131
AIAdultLD50= 0.425327269826084
AIAdultSlopeContact= 2.9217866459582
AIAdultLD50Contact= 0.0207993089570664
AILarvaSlope= 2.94204731956124
AILarvaLD50= 0.485400879196823
AIKOW= 3.57923064520583
AIKOC= 17.8735043457709
AIHalfLife= 13.1920715118758
EAppRate= 0.403136466164142
