ICQueenStrength= 3.30513538699597
RQWkrDrnRatio= 2.607905308716
ICDroneMiteSurvivorship= 44.5121828466654
ICWorkerMiteSurvivorship= 54.1657246183604
ICForagerLifespan= 9.69463991373777
ImmType= Exponential
AIAdultSlope= 2.93827863909071
AIAdultLD50= 0.330244887038134
AIAdultSlopeContact= 2.33513816623483
AIAdultLD50Contact= 0.0485226107761264
AILarvaSlope= 2.52310418663546
AILarvaLD50= 0.535755705647171
AIKOW= 6.62744072731584
AIKOC= 20.6934867671225
AIHalfLife= 0.00741473282687366
EAppRate= 0.659917977568693
