ICQueenStrength= 2.00859428872354
RQWkrDrnRatio= 2.48135397490114
ICDroneMiteSurvivorship= 5.2035539643839
ICWorkerMiteSurvivorship= 99.0976243978366
ICForagerLifespan= 7.55306930840015
ImmType= Polynomial
AIAdultSlope= 8.91167386667803
