ICQueenStrength= 5.58702322444879
RQWkrDrnRatio= 4.74627492856234
ICDroneMiteSurvivorship= 35.8287794515491
ICWorkerMiteSurvivorship= 40.2598748682067
ICForagerLifespan= 8.50934199988842
ImmType= Cosine
AIAdultSlope= 1.19168316591531
AIAdultLD50= 2.71885616378859
AIAdultSlopeContact= 1.51458963386714
AIAdultLD50Contact= 0.0394640179118142
AILarvaSlope= 0.30742079471238
AILarvaLD50= 0.193875375646166
AIKOW= 2.50946730608121
AIKOC= 10.31825790531
AIHalfLife= 1.95890994928777
EAppRate= 0.754436665214598
