ICQueenStrength= 5.62012647651136
RQWkrDrnRatio= 4.85721234232187
ICDroneMiteSurvivorship= 62.4386274255812
ICWorkerMiteSurvivorship= 97.0661871135235
ICForagerLifespan= 7.49744510743767
ImmType= Cosine
AIAdultSlope= 1.00370643329807
AIAdultLD50= 0.618942994158715
AIAdultSlopeContact= 0.618649052632973
AIAdultLD50Contact= 0.011878432543017
AILarvaSlope= 2.36681485776789
AILarvaLD50= 0.241967325238511
AIKOW= 2.90692171081901
AIKOC= 29.0327411040198
AIHalfLife= 1.81199219496921
EAppRate= 0.565394723089412
