ICQueenStrength= 5.26711636013351
RQWkrDrnRatio= 1.34668547846377
ICDroneMiteSurvivorship= 34.1848076786846
ICWorkerMiteSurvivorship= 79.8644045367837
ICForagerLifespan= 7.33404390886426
ImmType= Tangent
AIAdultSlope= 7.08429182879627
AIAdultSlopeContact= 1.43626740202308
AIAdultLD50Contact= 0.0379362860694528
AILarvaSlope= 7.0652969670482
AILarvaLD50= 0.107528711203486
AIKOW= 23.2840038370341
AIKOC= 71.7865258688107
AIHalfLife= 0.560406378470361
EAppRate= 1.18397674756125
