ICQueenStrength= 4.55191054870375
RQWkrDrnRatio= 1.6123736044392
ICDroneMiteSurvivorship= 91.5357436751947
ICWorkerMiteSurvivorship= 41.6769116185606
ICForagerLifespan= 11.6404458591715
ImmType= Exponential
AIAdultSlope= 6.57753901788965
