ICQueenStrength= 5.34536939370446
RQWkrDrnRatio= 2.49641805235296
ICDroneMiteSurvivorship= 59.9064069567248
ICWorkerMiteSurvivorship= 52.6260869111866
ICForagerLifespan= 12.3687151186168
ImmType= Sine
AIAdultSlope= 0.855133001273498
AIAdultLD50= 1.95163683593273
AIAdultSlopeContact= 2.07618719331454
AIAdultLD50Contact= 0.023849931859877
AILarvaSlope= 1.13064106907696
AILarvaLD50= 0.111191714415327
AIKOW= 7.01554187526926
AIKOC= 9.84212645678781
AIHalfLife= 8.71824357286096
EAppRate= 0.641242046141997
