ICQueenStrength= 4.40332569787279
RQWkrDrnRatio= 1.34268784616143
ICDroneMiteSurvivorship= 3.8156412076205
ICWorkerMiteSurvivorship= 58.684469293803
ICForagerLifespan= 7.99090642202646
ImmType= Sine
AIAdultSlope= 0.0955735751381144
AIAdultLD50= 0.10340509749949
AIAdultSlopeContact= 1.40303416792536
AIAdultLD50Contact= 0.0365716067724861
AILarvaSlope= 0.336228105798364
AILarvaLD50= 0.702533595333807
AIKOW= 2.43793748272583
AIKOC= 11.5921898290981
AIHalfLife= 3.64777379669249
EAppRate= 0.34754872166086
