ICQueenStrength= 5.50086065218784
RQWkrDrnRatio= 3.36450932733715
ICDroneMiteSurvivorship= 20.2168507501483
ICWorkerMiteSurvivorship= 24.2185371927917
ICForagerLifespan= 11.1327354377136
ImmType= Exponential
AIAdultSlope= 3.69607402654365
AIAdultLD50= 0.377588270115666
AIAdultSlopeContact= 2.56110162821598
AIAdultLD50Contact= 0.0496347097447142
AILarvaSlope= 2.59533563647419
AILarvaLD50= 0.833429256174713
AIKOW= 2.54445288935676
AIKOC= 7.7076531900093
AIHalfLife= 1.81481293635443
EAppRate= 0.491659135976806
