ICQueenStrength= 3.40706715034321
RQWkrDrnRatio= 2.23358315322548
ICDroneMiteSurvivorship= 80.3587249713019
ICWorkerMiteSurvivorship= 61.8553924839944
ICForagerLifespan= 11.9137076344341
ImmType= Exponential
AIAdultSlope= 0.391783038200811
AIAdultLD50= 1.66417868016288
AIAdultSlopeContact= 3.89880689588841
AIAdultLD50Contact= 0.0282691005733795
AILarvaSlope= 0.403294879104942
AILarvaLD50= 0.00616714032366872
AIKOW= 5.27622208744287
AIKOC= 9.13138599833474
AIHalfLife= 8.82680873433128
EAppRate= 0.373447602149099
