ICQueenStrength= 4.66073939600028
RQWkrDrnRatio= 2.58455980196595
ICDroneMiteSurvivorship= 18.874976458028
ICWorkerMiteSurvivorship= 66.9721146812662
ICForagerLifespan= 15.6306585837156
ImmType= Tangent
AIAdultSlope= 2.74892760216258
AIAdultLD50= 0.302316182060167
AIAdultSlopeContact= 3.85705983046442
AIAdultLD50Contact= 0.00843231029575691
AILarvaSlope= 2.70951025374234
AILarvaLD50= 0.153630380658433
AIKOW= 2.87914387555793
AIKOC= 29.1358410567045
AIHalfLife= 3.50007423083298
EAppRate= 0.586400320660323
