ICQueenStrength= 2.93044687155634
RQWkrDrnRatio= 4.73785409983248
ICDroneMiteSurvivorship= 97.608894505538
ICWorkerMiteSurvivorship= 48.3482944313437
ICForagerLifespan= 13.3646024558693
ImmType= Tangent
AIAdultSlope= 1.51099829059094
AIAdultLD50= 1.43393604434095
AIAdultSlopeContact= 0.241368331059348
AIAdultLD50Contact= 0.0100686969351955
AILarvaSlope= 2.48108965111896
AILarvaLD50= 0.0374148005386815
AIKOW= 3.61542329378426
AIKOC= 28.5144296253566
AIHalfLife= 10.0355186751112
EAppRate= 0.531096471240744
