ICQueenStrength= 3.81598421162926
RQWkrDrnRatio= 1.76359839458019
ICDroneMiteSurvivorship= 7.4746219208464
ICWorkerMiteSurvivorship= 16.0953464452177
ICForagerLifespan= 10.2800822304562
ImmType= Cosine
AIAdultSlopeContact= 8.84268262190744
AIAdultLD50Contact= 0.167842857679352
AILarvaSlope= 7.48753793304786
AILarvaLD50= 0.410403212532401
AIKOW= 5.50454838667065
AIKOC= 48.8881539786234
AIHalfLife= 8.92613382218406
