ICQueenStrength= 2.55596706457436
RQWkrDrnRatio= 4.55994304083288
