ICQueenStrength= 3.48186629265547
RQWkrDrnRatio= 4.94529982469976
ICDroneMiteSurvivorship= 5.0813163863495
ICWorkerMiteSurvivorship= 16.4805771317333
ICForagerLifespan= 15.8070350522175
ImmType= Logarithmic
AIAdultSlope= 2.2629676704132
AIAdultLD50= 7.65514560043812e-05
AIAdultSlopeContact= 1.04346597867552
AIAdultLD50Contact= 0.0392582962522283
AILarvaSlope= 1.01700982977636
AILarvaLD50= 0.192712758947164
AIKOW= 2.91162894573063
AIKOC= 20.492272155825
AIHalfLife= 3.17155836964957
EAppRate= 0.686719221970998
