ICQueenStrength= 4.31883690669201
RQWkrDrnRatio= 4.74738101102412
ICDroneMiteSurvivorship= 53.4952014684677
ICWorkerMiteSurvivorship= 26.2977555859834
ICForagerLifespan= 7.57202284503728
ImmType= Tangent
AIAdultSlope= 0.786656707059592
AIAdultLD50= 0.49681787006557
AIAdultSlopeContact= 2.79933059646981
AIAdultLD50Contact= 0.0296662692097016
AILarvaSlope= 1.94337309952825
AILarvaLD50= 0.587180414772593
AIKOW= 5.50493364082649
AIKOC= 14.6026378509123
AIHalfLife= 3.36602323688567
EAppRate= 0.832941824104637
