ICQueenStrength= 5.87901931861416
RQWkrDrnRatio= 3.58425780199468
ICDroneMiteSurvivorship= 61.891049426049
ICWorkerMiteSurvivorship= 56.3271594233811
ICForagerLifespan= 4.06530907936394
ImmType= Sine
AIAdultSlope= 3.34782006391324
AIAdultLD50= 1.22700449614786
AIAdultSlopeContact= 1.68337298316881
AIAdultLD50Contact= 0.042910895915702
AILarvaSlope= 2.83718584738672
AILarvaLD50= 0.698142866743728
AIKOW= 3.19241275964305
AIKOC= 15.6722221709788
AIHalfLife= 6.54051374364644
EAppRate= 0.3933882038109
