ICQueenStrength= 2.65497394045815
RQWkrDrnRatio= 2.41388379596174
ICDroneMiteSurvivorship= 3.39064879808575
ICWorkerMiteSurvivorship= 60.2605622028932
ICForagerLifespan= 8.58459962997586
ImmType= Exponential
AIAdultSlope= 6.88076927093789
AIAdultLD50= 0.249949202174321
AIAdultSlopeContact= 1.77979142870754
AIAdultLD50Contact= 0.141491159982979
AILarvaSlope= 3.12744932016358
AILarvaLD50= 0.521511807572097
AIKOW= 96.5294630732387
AIKOC= 53.5521938698366
AIHalfLife= 0.109956178814173
EAppRate= 0.267001129686832
