ICQueenStrength= 5.94084474630654
RQWkrDrnRatio= 3.72964463848621
ICDroneMiteSurvivorship= 75.0254923244938
ICWorkerMiteSurvivorship= 81.6742541268468
ICForagerLifespan= 11.7489498499781
ImmType= Exponential
AIAdultSlope= 0.99116094969213
AIAdultLD50= 1.92133452300914
AIAdultSlopeContact= 3.19713204112602
AIAdultLD50Contact= 0.0145637190667912
AILarvaSlope= 3.20992796639912
AILarvaLD50= 0.837876751204021
AIKOW= 4.1775336638093
AIKOC= 9.62988693616353
AIHalfLife= 2.54123142967001
EAppRate= 0.101160028018057
