ICQueenStrength= 5.53109695576131
RQWkrDrnRatio= 4.91855073068291
ICDroneMiteSurvivorship= 30.8607443934307
ICWorkerMiteSurvivorship= 24.7177794342861
ICForagerLifespan= 14.5292869424447
ImmType= Sine
AIAdultSlope= 7.91105221258476
