ICQueenStrength= 4.77197710331529
RQWkrDrnRatio= 4.18733118288219
ICDroneMiteSurvivorship= 62.4409043462947
ICWorkerMiteSurvivorship= 12.0519680436701
ICForagerLifespan= 8.43861641734838
ImmType= Cosine
AIAdultSlope= 2.61177626857068
AIAdultLD50= 0.207123339409009
AIAdultSlopeContact= 2.9459627424879
AIAdultLD50Contact= 0.0491630474221893
AILarvaSlope= 2.33332701562904
AILarvaLD50= 0.192135699489154
AIKOW= 2.24744018120691
AIKOC= 11.3663662818726
AIHalfLife= 3.18902189494111
EAppRate= 0
