ICQueenStrength= 5.47603629087098
RQWkrDrnRatio= 3.74497128929943
ICDroneMiteSurvivorship= 50.9881439851597
ICWorkerMiteSurvivorship= 65.232554031536
ICForagerLifespan= 5.31927904300392
ImmType= Exponential
AIAdultSlope= 2.51509416578338
AIAdultLD50= 1.76755352178589
AIAdultSlopeContact= 3.79899834703887
AIAdultLD50Contact= 0.0365102715673856
AILarvaSlope= 1.59055067617446
AILarvaLD50= 0.238849857612513
AIKOW= 2.09946122346446
AIKOC= 10.1670856890269
AIHalfLife= 5.03503892105073
EAppRate= 0.190748953958973
