ICQueenStrength= 3.59108867496252
RQWkrDrnRatio= 1.32180860731751
ICDroneMiteSurvivorship= 24.3928717449307
ICWorkerMiteSurvivorship= 17.5077483989298
ICForagerLifespan= 12.362063148059
ImmType= Cosine
AIAdultSlope= 2.77600798937492
AIAdultLD50= 2.39115854934789
AIAdultSlopeContact= 0.415302970516495
AIAdultLD50Contact= 0.02402914238628
AILarvaSlope= 1.40983457574621
AILarvaLD50= 0.526606872584671
AIKOW= 7.7226709201932
AIKOC= 9.09221726586111
AIHalfLife= 4.72732534306124
EAppRate= 0.197474557906389
