ICQueenStrength= 5.75059241522104
RQWkrDrnRatio= 1.45774853881449
ICDroneMiteSurvivorship= 94.4171678042039
ICWorkerMiteSurvivorship= 11.9567096699029
ICForagerLifespan= 6.74200372118503
ImmType= Logarithmic
AIAdultSlope= 3.0536517397617
AIAdultLD50= 0.158500206191093
AIAdultSlopeContact= 3.30754074721131
AIAdultLD50Contact= 0.0149277322576381
AILarvaSlope= 1.9427156041842
AILarvaLD50= 0.675565240974538
AIKOW= 6.20230939565226
AIKOC= 13.1841085862834
AIHalfLife= 4.02691050549038
EAppRate= 0.255000301636755
