ICQueenStrength= 5.14062330382876
RQWkrDrnRatio= 4.25876751169562
ICDroneMiteSurvivorship= 28.2818658975884
ICWorkerMiteSurvivorship= 77.5048868265003
ICForagerLifespan= 11.758143777959
ImmType= Polynomial
AIAdultSlope= 2.97838886763901
AIAdultLD50= 0.2447502494324
AIAdultSlopeContact= 2.62374849029817
AIAdultLD50Contact= 0.0183978165499866
AILarvaSlope= 0.404565278394148
AILarvaLD50= 0.286358241294511
AIKOW= 2.09782985365018
AIKOC= 19.127906790236
AIHalfLife= 0.2991536736954
EAppRate= 0
