ICQueenStrength= 2.86702434206381
RQWkrDrnRatio= 1.82704694475979
ICDroneMiteSurvivorship= 42.2293941490352
ICWorkerMiteSurvivorship= 36.2098898971453
ICForagerLifespan= 12.5944242309779
ImmType= Polynomial
AIAdultSlope= 1.66774268778972
AIAdultLD50= 2.1127370246686
AIAdultSlopeContact= 1.33565558092436
AIAdultLD50Contact= 0.00520760621875525
AILarvaSlope= 2.34579018536024
AILarvaLD50= 0.190896547841839
AIKOW= 6.40262830816209
AIKOC= 22.6446770259645
AIHalfLife= 4.20829916279763
EAppRate= 0.468088770285249
