ICQueenStrength= 1.02940498292446
RQWkrDrnRatio= 1.01226121094078
ICDroneMiteSurvivorship= 3.63741165492684
ICWorkerMiteSurvivorship= 80.8148687705398
ICForagerLifespan= 11.63175318297
ImmType= Polynomial
AIAdultSlopeContact= 2.57635108954506
AIAdultLD50Contact= 0.0214312419644557
AILarvaSlope= 0.983151029376313
AILarvaLD50= 0.854283523675986
AIKOW= 6.289287048392
AIKOC= 12.6385104388464
AIHalfLife= 6.39616073714569
