ICQueenStrength= 5.88482316955924
RQWkrDrnRatio= 1.43284226022661
ICDroneMiteSurvivorship= 84.874844388105
ICWorkerMiteSurvivorship= 37.9849968478084
ICForagerLifespan= 10.5741440644488
ImmType= Cosine
AIAdultSlope= 2.43426616014913
AIAdultLD50= 2.02398949675262
AIAdultSlopeContact= 2.4619994535204
AIAdultLD50Contact= 0.0465393763035536
AILarvaSlope= 0.694344688486308
AILarvaLD50= 0.544986183266155
AIKOW= 3.03519933763891
AIKOC= 27.2445525345393
AIHalfLife= 2.57516313763335
EAppRate= 0.280946497805417
