ICQueenStrength= 3.00431438162923
RQWkrDrnRatio= 2.18098218925297
ICDroneMiteSurvivorship= 79.2735105613247
ICWorkerMiteSurvivorship= 83.852019906044
ICForagerLifespan= 7.96692477725446
ImmType= Exponential
AIAdultSlope= 1.03357017064467
AIAdultLD50= 0.0130032064625993
AIAdultSlopeContact= 2.23527085451642
AIAdultLD50Contact= 0.0272290520602837
AILarvaSlope= 1.55984157901257
AILarvaLD50= 0.624106520391069
AIKOW= 4.76060026977211
AIKOC= 15.1130733732134
AIHalfLife= 4.74434636882506
EAppRate= 0
