ICQueenStrength= 2.55133355292492
RQWkrDrnRatio= 2.47388691455126
ICDroneMiteSurvivorship= 20.4714712686837
ICWorkerMiteSurvivorship= 83.4968430688605
ICForagerLifespan= 5.45139100495726
ImmType= Cosine
AIAdultSlope= 7.91112973121926
