ICQueenStrength= 1.06831984501332
RQWkrDrnRatio= 1.69538531452417
ICDroneMiteSurvivorship= 17.5186164677143
ICWorkerMiteSurvivorship= 10.8614439610392
ICForagerLifespan= 14.142839034088
ImmType= Polynomial
AIAdultSlope= 3.37364851851016
AIAdultLD50= 0.421269821003079
AIAdultSlopeContact= 0.049966206480749
AIAdultLD50Contact= 0.0339845367707312
AILarvaSlope= 1.19462459520437
AILarvaLD50= 0.327097904356197
AIKOW= 2.85450984630734
AIKOC= 5.22146650007926
AIHalfLife= 10.3120386824012
EAppRate= 0.458787793293595
