ICQueenStrength= 3.9041628469713
RQWkrDrnRatio= 3.23195052240044
ICDroneMiteSurvivorship= 6.95947643835098
ICWorkerMiteSurvivorship= 56.1721365433186
ICForagerLifespan= 15.2294396664947
ImmType= Exponential
AIAdultSlope= 3.23416523579508
AIAdultLD50= 2.88312933035195
AIAdultSlopeContact= 1.02289405814605
AIAdultLD50Contact= 0.0411363200284541
AILarvaSlope= 0.777705053193495
AILarvaLD50= 0.693039607862011
AIKOW= 7.12105481605977
AIKOC= 6.64399548666552
AIHalfLife= 10.6500012362376
EAppRate= 0.229716787114739
