ICQueenStrength= 4.74402256449685
RQWkrDrnRatio= 3.12290652655065
ICDroneMiteSurvivorship= 90.7383887795731
ICWorkerMiteSurvivorship= 35.5613267747685
ICForagerLifespan= 5.05885249003768
ImmType= Logarithmic
AIAdultSlope= 1.86595727993175
AIAdultLD50= 0.282427096855827
AIAdultSlopeContact= 0.375533257329371
AIAdultLD50Contact= 0.0204927444108762
AILarvaSlope= 2.75087267537601
AILarvaLD50= 0.533950335276313
AIKOW= 5.87762115057558
AIKOC= 26.3424680288881
AIHalfLife= 0.196429124334827
EAppRate= 0.396788264834322
