ICQueenStrength= 1.54474520031363
RQWkrDrnRatio= 3.97960572410375
ICDroneMiteSurvivorship= 14.74281065166
ICWorkerMiteSurvivorship= 64.6899195155129
ICForagerLifespan= 10.2708768248558
ImmType= Cosine
AIAdultSlope= 9.7630592668429
