ICQueenStrength= 5.33863520622253
RQWkrDrnRatio= 1.98284114617854
ICDroneMiteSurvivorship= 47.4219021620229
ICWorkerMiteSurvivorship= 65.9399951808155
ICForagerLifespan= 12.1781886927783
ImmType= Sine
AIAdultSlope= 0.765896015195176
AIAdultSlopeContact= 3.76468001084402
AIAdultLD50Contact= 0.0284414336667396
AILarvaSlope= 1.25775008699857
AILarvaLD50= 0.488724313653074
AIKOW= 4.45575371198356
AIKOC= 29.3296004249714
AIHalfLife= 7.5577754243277
