ICQueenStrength= 2.10099318670109
RQWkrDrnRatio= 4.71115684509277
ICDroneMiteSurvivorship= 7.81810083426535
ICWorkerMiteSurvivorship= 79.489602567628
ICForagerLifespan= 12.1535267392173
ImmType= Sine
AIAdultSlopeContact= 0.849595928897616
AIAdultLD50Contact= 0.0293774914462119
AILarvaSlope= 2.16519393525086
AILarvaLD50= 0.303398131183349
AIKOW= 4.44017588347197
AIKOC= 17.690597207984
AIHalfLife= 11.6471170503646
