ICQueenStrength= 1.84798296215013
RQWkrDrnRatio= 1.45826372131705
ICDroneMiteSurvivorship= 72.2877512685955
ICWorkerMiteSurvivorship= 3.92390449997038
ICForagerLifespan= 11.7646789299324
ImmType= Exponential
AIAdultSlope= 1.70891945771873
AIAdultSlopeContact= 1.15417569119716
AIAdultLD50Contact= 0.0175576756009832
AILarvaSlope= 0.581937828985974
AILarvaLD50= 0.529748888500035
AIKOW= 7.77041062666103
AIKOC= 17.214700691402
AIHalfLife= 12.6035653254949
