ICQueenStrength= 4.23422888643108
RQWkrDrnRatio= 4.82514679525048
ICDroneMiteSurvivorship= 71.3622638722882
ICWorkerMiteSurvivorship= 7.40611299406737
ICForagerLifespan= 14.3319085678086
ImmType= Cosine
AIAdultSlope= 1.47223090752959
