ICQueenStrength= 1.81879236968234
RQWkrDrnRatio= 2.10603258293122
ICDroneMiteSurvivorship= 59.0393829857931
ICWorkerMiteSurvivorship= 10.7062337687239
ICForagerLifespan= 7.93027554824948
ImmType= Polynomial
AIAdultSlope= 3.31380293313414
AIAdultLD50= 2.68509440473281
AIAdultSlopeContact= 0.197310405294411
AIAdultLD50Contact= 0.0451191833242774
AILarvaSlope= 1.52239921069704
AILarvaLD50= 0.425171489152126
AIKOW= 7.31005993625149
AIKOC= 27.7617488475516
AIHalfLife= 7.94079718925059
EAppRate= 0.425608830526471
