ICQueenStrength= 3.69070618203841
RQWkrDrnRatio= 3.79314317181706
ICDroneMiteSurvivorship= 50.6235149223357
ICWorkerMiteSurvivorship= 51.6543975099921
ICForagerLifespan= 9.16885456629097
ImmType= Logarithmic
AIAdultSlope= 0.38385930526536
AIAdultLD50= 0.460305970860645
AIAdultSlopeContact= 3.66137876616558
AIAdultLD50Contact= 0.00913133614230901
AILarvaSlope= 1.5588385602925
AILarvaLD50= 0.686175111425109
AIKOW= 6.28266556281596
AIKOC= 28.1221771973651
AIHalfLife= 0.621274173026904
EAppRate= 0.559557251143269
