ICQueenStrength= 1.83837173064239
RQWkrDrnRatio= 3.97246036212891
ICDroneMiteSurvivorship= 19.1009390167892
ICWorkerMiteSurvivorship= 57.5711101759225
ICForagerLifespan= 8.44971557147801
ImmType= Sine
AIAdultSlope= 3.41760554227978
AIAdultLD50= 0.0868982964893803
AIAdultSlopeContact= 0.408299918887205
AIAdultLD50Contact= 0.0157729330589063
AILarvaSlope= 1.01715827514417
AILarvaLD50= 0.825162661378272
AIKOW= 3.28505794657394
AIKOC= 21.8201068416238
AIHalfLife= 4.66583647532389
EAppRate= 0.689733718405478
