ICQueenStrength= 2.43713251804002
RQWkrDrnRatio= 3.43900153320283
ICDroneMiteSurvivorship= 78.1568229664117
ICWorkerMiteSurvivorship= 56.378396647051
ICForagerLifespan= 7.61611960455775
ImmType= Logarithmic
AIAdultSlope= 1.3338071400742
AIAdultLD50= 0.283661552704871
AIAdultSlopeContact= 3.15823261956917
AIAdultLD50Contact= 0.0235759571427479
AILarvaSlope= 2.91787929353304
AILarvaLD50= 0.721032882272266
AIKOW= 6.14749689260498
AIKOC= 15.5964069021866
AIHalfLife= 3.62450025626458
EAppRate= 0
