ICQueenStrength= 1.70870950235985
RQWkrDrnRatio= 2.74219437595457
ICDroneMiteSurvivorship= 94.4040856556967
ICWorkerMiteSurvivorship= 52.3071253206581
ICForagerLifespan= 7.25743381120265
ImmType= Tangent
AIAdultSlope= 0.234718379937112
AIAdultLD50= 1.73563324590214
AIAdultSlopeContact= 1.29875721256714
AIAdultLD50Contact= 0.0120945991715416
AILarvaSlope= 2.35196195510216
AILarvaLD50= 0.860885289357975
AIKOW= 2.73559119133279
AIKOC= 24.77573443437
AIHalfLife= 12.8538144635968
EAppRate= 0.528388493694365
