ICQueenStrength= 5.99795082141645
RQWkrDrnRatio= 1.99897174071521
ICDroneMiteSurvivorship= 10.3939263150096
ICWorkerMiteSurvivorship= 63.5444643907249
ICForagerLifespan= 9.76847101375461
ImmType= Exponential
AIAdultSlope= 1.18453356060199
AIAdultSlopeContact= 2.23378683129558
AIAdultLD50Contact= 0.017577686952427
AILarvaSlope= 1.51461178823374
AILarvaLD50= 0.427140302653424
AIKOW= 3.83237161440775
AIKOC= 26.5042875497602
AIHalfLife= 5.09120261576027
