ICQueenStrength= 5.68053770833649
RQWkrDrnRatio= 1.29552968777716
ICDroneMiteSurvivorship= 85.284275864251
ICWorkerMiteSurvivorship= 70.2839037869126
ICForagerLifespan= 7.56060675159097
ImmType= Exponential
AIAdultSlopeContact= 1.39361238107085
AIAdultLD50Contact= 0.0756324482616037
AILarvaSlope= 6.73001088900492
AILarvaLD50= 1.77964428486302
AIKOW= 74.3475658819079
AIKOC= 4.81756436638534
AIHalfLife= 7.76881834445521
