ICQueenStrength= 2.51197646046057
RQWkrDrnRatio= 4.3031314983964
ICDroneMiteSurvivorship= 69.8195815784857
ICWorkerMiteSurvivorship= 93.99409070611
ICForagerLifespan= 10.2865941785276
ImmType= Exponential
AIAdultSlope= 8.91747631132603
AIAdultLD50= 0.927036565262824
AIAdultSlopeContact= 9.11810548044741
AIAdultLD50Contact= 0.130877552460879
AILarvaSlope= 9.13057395722717
AILarvaLD50= 1.64206628361717
AIKOW= 41.2227378925309
AIKOC= 79.2280518217012
AIHalfLife= 12.3424805547111
EAppRate= 0.42334541073069
