ICQueenStrength= 2.81690677534789
RQWkrDrnRatio= 4.80528659559786
ICDroneMiteSurvivorship= 90.2535691624507
ICWorkerMiteSurvivorship= 2.21035447902977
ICForagerLifespan= 7.04319334961474
ImmType= Exponential
AIAdultSlope= 3.86707771281945
AIAdultLD50= 0.114679429447278
AIAdultSlopeContact= 2.02480259831529
AIAdultLD50Contact= 0.0382686176919378
AILarvaSlope= 3.34056171160191
AILarvaLD50= 0.298262972664088
AIKOW= 2.39055497385561
AIKOC= 10.2901318238582
AIHalfLife= 0.627953604562208
EAppRate= 0
