ICQueenStrength= 2.03686309885234
RQWkrDrnRatio= 3.49505164846778
ICDroneMiteSurvivorship= 77.7463435893878
ICWorkerMiteSurvivorship= 58.3935398142785
ICForagerLifespan= 10.2820979803801
ImmType= Logarithmic
AIAdultSlopeContact= 0.315911072550807
AIAdultLD50Contact= 0.0186538764624856
AILarvaSlope= 1.05970398257487
AILarvaLD50= 0.149833195796236
AIKOW= 5.35037183808163
AIKOC= 24.9451806256548
AIHalfLife= 0.495350115932524
