ICQueenStrength= 3.96355324564502
RQWkrDrnRatio= 4.70536470599473
ICDroneMiteSurvivorship= 6.20291617233306
ICWorkerMiteSurvivorship= 83.2175338640809
ICForagerLifespan= 5.05046426691115
ImmType= Tangent
AIAdultSlopeContact= 2.53999174011871
AIAdultLD50Contact= 0.0136462134309113
AILarvaSlope= 2.19903605771251
AILarvaLD50= 0.456829527765512
AIKOW= 4.96420977078378
AIKOC= 17.5777583743911
AIHalfLife= 4.96664594905451
