ICQueenStrength= 2.2000009091571
RQWkrDrnRatio= 1.4139220956713
ICDroneMiteSurvivorship= 32.9810664989054
ICWorkerMiteSurvivorship= 42.2145616961643
ICForagerLifespan= 4.62886120658368
ImmType= Polynomial
AIAdultSlope= 1.26328566954471
AIAdultLD50= 1.59273186419159
AIAdultSlopeContact= 1.22264596273424
AIAdultLD50Contact= 0.000265973911155015
AILarvaSlope= 1.14778160494752
AILarvaLD50= 0.238976053451188
AIKOW= 5.63914933055639
AIKOC= 16.9877518096473
AIHalfLife= 0.248355107847601
EAppRate= 0.341070500202477
