ICQueenStrength= 5.82787990244105
RQWkrDrnRatio= 2.53252535965294
ICDroneMiteSurvivorship= 22.4963560933247
ICWorkerMiteSurvivorship= 62.5144133344293
ICForagerLifespan= 9.70798542909324
ImmType= Exponential
AIAdultSlope= 0.0254501445195638
AIAdultLD50= 0.226742204511538
AIAdultSlopeContact= 3.34369161015144
AIAdultLD50Contact= 0.0173061141627841
AILarvaSlope= 2.80063373963349
AILarvaLD50= 0.786826239153743
AIKOW= 5.21816800208762
AIKOC= 15.4147215257399
AIHalfLife= 1.03205122286454
EAppRate= 0.562626672163606
