ICQueenStrength= 2.99516513152048
RQWkrDrnRatio= 3.04408224765211
ICDroneMiteSurvivorship= 7.13468955364078
ICWorkerMiteSurvivorship= 38.0881518125534
ICForagerLifespan= 6.21823789831251
ImmType= Sine
AIAdultSlope= 3.76839457081631
AIAdultLD50= 0.0977419381961226
AIAdultSlopeContact= 3.45498748640763
AIAdultLD50Contact= 0.0422390436171554
AILarvaSlope= 0.960554899834096
AILarvaLD50= 0.512327578430995
AIKOW= 5.03337899316102
AIKOC= 28.5519596317317
AIHalfLife= 4.88616657676175
EAppRate= 0
