ICQueenStrength= 1.89852059609257
RQWkrDrnRatio= 4.42204204294831
ICDroneMiteSurvivorship= 38.2948237005621
ICWorkerMiteSurvivorship= 90.0443208403885
ICForagerLifespan= 6.13347359467298
ImmType= Sine
AIAdultSlope= 2.99913153531961
AIAdultLD50= 1.72587462491356
AIAdultSlopeContact= 3.68694114300655
AIAdultLD50Contact= 0.00698653330327943
AILarvaSlope= 0.923106807284057
AILarvaLD50= 0.863326270133257
AIKOW= 2.04096682555974
AIKOC= 23.3897329436149
AIHalfLife= 6.33223153371364
EAppRate= 0.0494731727521867
