ICQueenStrength= 1.15776778338477
RQWkrDrnRatio= 3.93259921390563
ICDroneMiteSurvivorship= 81.0755692189559
ICWorkerMiteSurvivorship= 41.4042211370543
ICForagerLifespan= 12.1334383543581
ImmType= Cosine
AIAdultSlope= 1.92190219198354
AIAdultLD50= 0.286898009711877
AIAdultSlopeContact= 0.572055866851006
AIAdultLD50Contact= 0.0151348285377026
AILarvaSlope= 2.45339013654739
AILarvaLD50= 0.879000843968242
AIKOW= 7.68669831054285
AIKOC= 6.24975286307745
AIHalfLife= 3.71314299874939
EAppRate= 0.282267476432025
