ICQueenStrength= 3.51486823894083
RQWkrDrnRatio= 2.44798791967332
ICDroneMiteSurvivorship= 96.8288948759437
ICWorkerMiteSurvivorship= 67.4131452804431
ICForagerLifespan= 15.5609698118642
ImmType= Polynomial
AIAdultSlopeContact= 3.83212056695949
AIAdultLD50Contact= 0.0457361782668158
AILarvaSlope= 2.66054701842368
AILarvaLD50= 0.719374145125039
AIKOW= 5.31829649209976
AIKOC= 6.5312134695705
AIHalfLife= 1.95580414868891
