ICQueenStrength= 3.22304127644747
RQWkrDrnRatio= 1.49641645979136
ICDroneMiteSurvivorship= 24.7076768893749
ICWorkerMiteSurvivorship= 87.4417670071125
ICForagerLifespan= 13.13358332403
ImmType= Sine
AIAdultSlope= 9.7020594147034
