ICQueenStrength= 5.8158242891077
RQWkrDrnRatio= 4.26025927718729
ICDroneMiteSurvivorship= 62.2003613971174
ICWorkerMiteSurvivorship= 18.5528894187883
ICForagerLifespan= 9.11454589385539
ImmType= Logarithmic
AIAdultSlope= 4.57931465469301
