ICQueenStrength= 1.99114921758883
RQWkrDrnRatio= 3.17269618809223
ICDroneMiteSurvivorship= 57.8356542391703
ICWorkerMiteSurvivorship= 33.3870850270614
ICForagerLifespan= 8.32090955786407
ImmType= Cosine
AIAdultSlope= 0.63232550653629
AIAdultLD50= 1.58870448824018
AIAdultSlopeContact= 1.27604866607348
AIAdultLD50Contact= 0.00673124819295481
AILarvaSlope= 0.659328224789351
AILarvaLD50= 0.0530672411201522
AIKOW= 3.85448152013123
AIKOC= 21.8053071771283
AIHalfLife= 2.74489039042965
EAppRate= 0.434207943966612
