ICQueenStrength= 2.49962018011138
RQWkrDrnRatio= 2.11148617882282
ICDroneMiteSurvivorship= 90.8104465808719
ICWorkerMiteSurvivorship= 74.4913954520598
ICForagerLifespan= 4.53941162582487
ImmType= Sine
AIAdultSlope= 2.25034419391304
AIAdultLD50= 1.16214732709341
AIAdultSlopeContact= 0.250659513822757
AIAdultLD50Contact= 0.0439865642343648
AILarvaSlope= 2.66324134143069
AILarvaLD50= 0.652371960226446
AIKOW= 3.89875443931669
AIKOC= 20.2663516462781
AIHalfLife= 3.4400156615302
EAppRate= 0.214824561960995
