ICQueenStrength= 4.66182478144765
RQWkrDrnRatio= 1.38844326790422
ICDroneMiteSurvivorship= 88.0306350067258
ICWorkerMiteSurvivorship= 10.2014486445114
ICForagerLifespan= 6.83074588607997
ImmType= Logarithmic
AIAdultSlopeContact= 7.18479614937678
AIAdultLD50Contact= 0.0527475534006953
AILarvaSlope= 4.39260166138411
AILarvaLD50= 0.619998767506331
AIKOW= 30.8217066572979
AIKOC= 87.2069718781859
AIHalfLife= 3.16360704228282
