ICQueenStrength= 2.50013575912453
RQWkrDrnRatio= 3.51606496516615
ICDroneMiteSurvivorship= 80.7537751272321
ICWorkerMiteSurvivorship= 38.5477775940672
ICForagerLifespan= 6.86382320895791
ImmType= Cosine
AIAdultSlope= 1.53501776200719
AIAdultLD50= 1.56087478646077
AIAdultSlopeContact= 3.32590797493933
AIAdultLD50Contact= 0.0417751663946547
AILarvaSlope= 0.523767622793093
AILarvaLD50= 0.868276029336266
AIKOW= 5.27820614958182
AIKOC= 27.4894313025288
AIHalfLife= 12.5781949646771
EAppRate= 0.390210494864732
