ICQueenStrength= 1.8754302514717
RQWkrDrnRatio= 2.6863374421373
ICDroneMiteSurvivorship= 78.9782051229849
ICWorkerMiteSurvivorship= 52.8695735381916
ICForagerLifespan= 13.9476474113762
ImmType= Polynomial
AIAdultSlope= 0.495565401613712
AIAdultLD50= 0.459805509191938
AIAdultSlopeContact= 3.22069391378202
AIAdultLD50Contact= 0.0277915872167796
AILarvaSlope= 3.1417367210146
AILarvaLD50= 0.267264877958223
AIKOW= 2.97800379106775
AIKOC= 27.3676160967443
AIHalfLife= 2.58088109316304
EAppRate= 0.635132148093544
