ICQueenStrength= 2.59969025640748
RQWkrDrnRatio= 2.94067018665373
ICDroneMiteSurvivorship= 40.9655174938962
ICWorkerMiteSurvivorship= 10.7449978590012
ICForagerLifespan= 7.60206696391106
ImmType= Cosine
AIAdultSlopeContact= 2.72341028478462
AIAdultLD50Contact= 0.0228258454124443
AILarvaSlope= 0.975357141718268
AILarvaLD50= 0.0732516602380201
AIKOW= 5.04693848453462
AIKOC= 15.5309373873752
AIHalfLife= 1.71852594148368
