ICQueenStrength= 2.67635628837161
RQWkrDrnRatio= 4.30854445602745
ICDroneMiteSurvivorship= 40.2904317481443
ICWorkerMiteSurvivorship= 5.92057993635535
ICForagerLifespan= 5.75681435782462
ImmType= Cosine
AIAdultSlope= 0.863317619077861
