ICQueenStrength= 5.22219577827491
RQWkrDrnRatio= 1.2311353450641
ICDroneMiteSurvivorship= 80.9307554969564
ICWorkerMiteSurvivorship= 67.6407285034657
ICForagerLifespan= 7.77150870393962
ImmType= Cosine
AIAdultSlope= 0.416685812594369
AIAdultLD50= 1.38718719268218
AIAdultSlopeContact= 1.65828164626379
AIAdultLD50Contact= 0.0201989316497929
AILarvaSlope= 2.41801808080636
AILarvaLD50= 0.430028580967337
AIKOW= 6.25572117371485
AIKOC= 10.7585816655774
AIHalfLife= 10.9205785584636
EAppRate= 0.507661217823625
