ICQueenStrength= 4.92311789095402
RQWkrDrnRatio= 4.38901639264077
ICDroneMiteSurvivorship= 41.6185021167621
ICWorkerMiteSurvivorship= 13.5718724923208
ICForagerLifespan= 10.2253619031981
ImmType= Tangent
AIAdultSlope= 1.93533510838402
AIAdultLD50= 0.370537510374561
AIAdultSlopeContact= 0.55551177771762
AIAdultLD50Contact= 0.0171765943290666
AILarvaSlope= 2.79955416610464
AILarvaLD50= 0.0992358662188053
AIKOW= 5.63285246910527
AIKOC= 19.3293190863915
AIHalfLife= 2.0543898048345
EAppRate= 0.0382109976606443
