ICQueenStrength= 3.60593288112432
RQWkrDrnRatio= 2.2336814654991
ICDroneMiteSurvivorship= 0.159869180060923
ICWorkerMiteSurvivorship= 9.36203754972667
ICForagerLifespan= 9.52093201130629
ImmType= Cosine
AIAdultSlope= 3.19426814093487
AIAdultLD50= 0.112712654052302
AIAdultSlopeContact= 0.829950586811174
AIAdultLD50Contact= 0.0256016908679157
AILarvaSlope= 0.0258404302876443
AILarvaLD50= 0.0465978948399425
AIKOW= 4.48896763194352
AIKOC= 18.9734109921847
AIHalfLife= 0.197095738258213
EAppRate= 0
