ICQueenStrength= 1.48493269947357
RQWkrDrnRatio= 2.70088269189
ICDroneMiteSurvivorship= 37.8618553513661
ICWorkerMiteSurvivorship= 17.6015416160226
ICForagerLifespan= 15.8126715859398
ImmType= Exponential
AIAdultSlope= 1.26313582942821
AIAdultLD50= 0.226039985893294
AIAdultSlopeContact= 3.11538651464274
AIAdultLD50Contact= 0.0302183125517331
AILarvaSlope= 0.323223994718865
AILarvaLD50= 0.0850854235002771
AIKOW= 2.19304403383285
AIKOC= 15.9577288618311
AIHalfLife= 2.75055793346837
EAppRate= 0.218783035688102
