ICQueenStrength= 3.86189725506119
RQWkrDrnRatio= 3.00587559863925
ICDroneMiteSurvivorship= 61.1866230843589
ICWorkerMiteSurvivorship= 88.6364371748641
ICForagerLifespan= 11.1127355741337
ImmType= Tangent
AIAdultSlope= 0.279183583660051
AIAdultLD50= 0.675220143282786
AIAdultSlopeContact= 2.62506244433345
AIAdultLD50Contact= 0.0395616227877326
AILarvaSlope= 0.25572624062188
AILarvaLD50= 0.705732351285405
AIKOW= 2.74077689601108
AIKOC= 21.910963517148
AIHalfLife= 3.12248703092337
EAppRate= 0.608634916832671
