ICQueenStrength= 2.81844263570383
RQWkrDrnRatio= 3.61256081517786
ICDroneMiteSurvivorship= 39.1312790568918
ICWorkerMiteSurvivorship= 20.9044861374423
ICForagerLifespan= 12.5617652405053
ImmType= Tangent
AIAdultSlope= 3.08154068915173
AIAdultLD50= 2.87781459814869
AIAdultSlopeContact= 0.233527725543827
AIAdultLD50Contact= 0.0292572384350933
AILarvaSlope= 1.61053121527657
AILarvaLD50= 0.055280516599305
AIKOW= 6.28016145667061
AIKOC= 27.6258993672673
AIHalfLife= 13.409595483914
EAppRate= 0.627678971737623
