ICQueenStrength= 4.1768083316274
RQWkrDrnRatio= 4.77473905868828
ICDroneMiteSurvivorship= 60.1934006903321
ICWorkerMiteSurvivorship= 83.2153695402667
ICForagerLifespan= 14.0577542483807
ImmType= Polynomial
AIAdultSlopeContact= 0.065689330205787
AIAdultLD50Contact= 0.0496658888179809
AILarvaSlope= 1.79501103670336
AILarvaLD50= 0.0343080366030335
AIKOW= 3.1317250803113
AIKOC= 5.80846941564232
AIHalfLife= 13.9256807519123
