ICQueenStrength= 3.04496812657453
RQWkrDrnRatio= 2.38538791891187
ICDroneMiteSurvivorship= 58.9264987735078
ICWorkerMiteSurvivorship= 4.56110658124089
ICForagerLifespan= 13.6234056493267
ImmType= Polynomial
AIAdultSlope= 3.31186469513923
AIAdultLD50= 1.32820285577327
AIAdultSlopeContact= 2.52965611278545
AIAdultLD50Contact= 0.0139090913929977
AILarvaSlope= 0.734794448176399
AILarvaLD50= 0.805803854065016
AIKOW= 2.99273400660604
AIKOC= 21.5422883990686
AIHalfLife= 13.3098610779271
EAppRate= 0.467873034998775
