ICQueenStrength= 5.03380327974446
RQWkrDrnRatio= 3.29321545735002
ICDroneMiteSurvivorship= 90.8045710064471
ICWorkerMiteSurvivorship= 85.6622839579359
ICForagerLifespan= 14.2489366112277
ImmType= Tangent
AIAdultSlope= 0.166441495064646
AIAdultLD50= 2.58115856721997
AIAdultSlopeContact= 2.28449806713732
AIAdultLD50Contact= 0.0274082462885417
AILarvaSlope= 0.733960480010137
AILarvaLD50= 0.434714174433611
AIKOW= 4.78812372265384
AIKOC= 11.5100284118671
AIHalfLife= 7.63704253500327
EAppRate= 0.0348671074025333
