ICQueenStrength= 2.9123450377956
RQWkrDrnRatio= 1.65235667396337
