ICQueenStrength= 4.49820079980418
RQWkrDrnRatio= 1.86458126734942
ICDroneMiteSurvivorship= 0.430346489883959
ICWorkerMiteSurvivorship= 67.3488283297047
ICForagerLifespan= 10.1038764035329
ImmType= Tangent
AIAdultSlope= 0.881002933811396
AIAdultLD50= 2.85938209109008
AIAdultSlopeContact= 2.92685744598974
AIAdultLD50Contact= 0.0131432436406612
AILarvaSlope= 3.22598571395501
AILarvaLD50= 0.301187160727568
AIKOW= 2.92078973446041
AIKOC= 12.4391990667209
AIHalfLife= 10.8730022227392
EAppRate= 0.460331759182736
