ICQueenStrength= 4.60848830314353
RQWkrDrnRatio= 3.83375740144402
ICDroneMiteSurvivorship= 72.510875063017
ICWorkerMiteSurvivorship= 40.3370497748256
ICForagerLifespan= 7.4533337270841
ImmType= Tangent
AIAdultSlope= 0.735971003584564
AIAdultLD50= 2.38615426328033
AIAdultSlopeContact= 0.461028289482929
AIAdultLD50Contact= 0.0380167696159333
AILarvaSlope= 2.1067060447298
AILarvaLD50= 0.394649119628593
AIKOW= 2.92191163124517
AIKOC= 14.5223526994232
AIHalfLife= 8.76645408570766
EAppRate= 0.517961008008569
