ICQueenStrength= 3.12109004054219
RQWkrDrnRatio= 3.51623242069036
