ICQueenStrength= 5.02134771342389
RQWkrDrnRatio= 4.50000379886478
ICDroneMiteSurvivorship= 34.9223805824295
ICWorkerMiteSurvivorship= 85.8542645117268
ICForagerLifespan= 15.3025478860363
ImmType= Tangent
AIAdultSlope= 2.56871654204093
AIAdultLD50= 0.43928105616942
AIAdultSlopeContact= 2.5002998790401
AIAdultLD50Contact= 0.03547564385226
AILarvaSlope= 0.490336306579411
AILarvaLD50= 0.514712072932161
AIKOW= 2.73707736283541
AIKOC= 11.5382506407332
AIHalfLife= 0.418462640373036
EAppRate= 0
