ICQueenStrength= 1.23091810988262
RQWkrDrnRatio= 2.48080954048783
ICDroneMiteSurvivorship= 21.9298174837604
ICWorkerMiteSurvivorship= 60.9472922049463
ICForagerLifespan= 14.0006766058505
ImmType= Sine
AIAdultSlope= 1.72161869846284
AIAdultLD50= 0.227656656177714
AIAdultSlopeContact= 0.0378926110267639
AIAdultLD50Contact= 0.0174239882268012
AILarvaSlope= 0.489190486771986
AILarvaLD50= 0.566906606429256
AIKOW= 4.26247080648318
AIKOC= 14.1618558159098
AIHalfLife= 4.29592914879322
EAppRate= 0.491312752314843
