ICQueenStrength= 5.75558471051045
RQWkrDrnRatio= 1.81715022306889
ICDroneMiteSurvivorship= 24.0480282343924
ICWorkerMiteSurvivorship= 1.51496424805373
ICForagerLifespan= 11.5834730407223
ImmType= Sine
AIAdultSlope= 0.260384892765433
AIAdultLD50= 2.86843726155348
AIAdultSlopeContact= 2.06105530164437
AIAdultLD50Contact= 0.0201867111842148
AILarvaSlope= 1.95518428836949
AILarvaLD50= 0.16352394875139
AIKOW= 7.28695068974048
AIKOC= 5.58860567514785
AIHalfLife= 13.6812082370743
EAppRate= 0.569638337008655
