ICQueenStrength= 3.15192205505446
RQWkrDrnRatio= 3.30721027776599
ICDroneMiteSurvivorship= 2.67976019531488
ICWorkerMiteSurvivorship= 28.9972614264116
ICForagerLifespan= 4.31647009775043
ImmType= Polynomial
AIAdultSlopeContact= 0.635257885234896
AIAdultLD50Contact= 0.0469157780404203
AILarvaSlope= 1.91906846845523
AILarvaLD50= 0.243583954009227
AIKOW= 3.5002330658026
AIKOC= 13.3510310854763
AIHalfLife= 4.11249189591035
