ICQueenStrength= 5.79882660554722
RQWkrDrnRatio= 4.24660767242312
ICDroneMiteSurvivorship= 77.8209922136739
ICWorkerMiteSurvivorship= 16.6323237353936
ICForagerLifespan= 7.32603099662811
ImmType= Tangent
AIAdultSlope= 3.79616263051517
AIAdultLD50= 0.218705621664412
AIAdultSlopeContact= 0.87226943178568
AIAdultLD50Contact= 0.0485333565273322
AILarvaSlope= 0.0273038568440825
AILarvaLD50= 0.886520855943672
AIKOW= 6.91676448239014
AIKOC= 9.06824799138121
AIHalfLife= 3.78995015169494
EAppRate= 0.464060025825165
