ICQueenStrength= 4.21393455378711
RQWkrDrnRatio= 2.20776804350317
ICDroneMiteSurvivorship= 73.2578431256115
ICWorkerMiteSurvivorship= 41.5269324090332
ICForagerLifespan= 6.41099796164781
ImmType= Sine
AIAdultSlope= 2.90732980258064
AIAdultLD50= 0.196236474905163
AIAdultSlopeContact= 2.80152088678675
AIAdultLD50Contact= 0.0114802190451883
AILarvaSlope= 1.13777644573711
AILarvaLD50= 0.306791469664313
AIKOW= 2.8516652979888
AIKOC= 9.58389304112643
AIHalfLife= 1.56133776414208
EAppRate= 0
