ICQueenStrength= 4.91413266886957
RQWkrDrnRatio= 3.98782455641776
ICDroneMiteSurvivorship= 30.8133586775512
ICWorkerMiteSurvivorship= 70.5863890470937
ICForagerLifespan= 12.73803396523
ImmType= Tangent
AIAdultSlope= 5.47548321774229
