ICQueenStrength= 2.38287255889736
RQWkrDrnRatio= 4.0422717211768
ICDroneMiteSurvivorship= 80.228014360182
ICWorkerMiteSurvivorship= 47.3149507539347
ICForagerLifespan= 10.1009606746957
ImmType= Polynomial
AIAdultSlope= 0.914172677602619
AIAdultLD50= 2.4432855527848
AIAdultSlopeContact= 1.02178621976869
AIAdultLD50Contact= 0.0150524717522785
AILarvaSlope= 1.03825920312665
AILarvaLD50= 0.460207499703392
AIKOW= 2.86742540774867
AIKOC= 10.4535511299036
AIHalfLife= 2.99647533101961
EAppRate= 0.268980007618666
