ICQueenStrength= 3.21165489521809
RQWkrDrnRatio= 1.63094594702125
ICDroneMiteSurvivorship= 63.7590635567904
ICWorkerMiteSurvivorship= 97.9366377927363
ICForagerLifespan= 12.7137576434761
ImmType= Tangent
AIAdultSlopeContact= 1.90285715807928
AIAdultLD50Contact= 0.029500157921575
AILarvaSlope= 0.278787282342091
AILarvaLD50= 0.0344129445031285
AIKOW= 5.10536021273583
AIKOC= 29.8859682760667
AIHalfLife= 6.64567006984726
