ICQueenStrength= 2.70712972874753
RQWkrDrnRatio= 4.11476733535528
ICDroneMiteSurvivorship= 85.1950990501791
ICWorkerMiteSurvivorship= 4.12029358558357
ICForagerLifespan= 13.579349944368
ImmType= Sine
AIAdultSlope= 5.87438421789557
