ICQueenStrength= 4.75613088370301
RQWkrDrnRatio= 2.2987106256187
ICDroneMiteSurvivorship= 88.1695497315377
ICWorkerMiteSurvivorship= 57.1471440605819
ICForagerLifespan= 5.95244098734111
ImmType= Logarithmic
AIAdultSlopeContact= 3.54302722529043
AIAdultLD50Contact= 0.0167045912356116
AILarvaSlope= 0.263594996137545
AILarvaLD50= 0.0137700310908258
AIKOW= 7.39372994052246
AIKOC= 26.740018541459
AIHalfLife= 0.923058157786727
