ICQueenStrength= 1.4645569738932
RQWkrDrnRatio= 1.27095791231841
ICDroneMiteSurvivorship= 8.12118959147483
ICWorkerMiteSurvivorship= 78.3865469042212
ICForagerLifespan= 13.749983984977
ImmType= Sine
AIAdultSlope= 4.76058736909181
AIAdultLD50= 0.688790893414989
AIAdultSlopeContact= 3.3296450600028
AIAdultLD50Contact= 0.0136254831217229
AILarvaSlope= 7.15945119271055
AILarvaLD50= 1.48588997591287
AIKOW= 7.72859246935695
AIKOC= 9.73441305104643
AIHalfLife= 11.3438665238209
EAppRate= 0.442224326077849
