ICQueenStrength= 5.91393276490271
RQWkrDrnRatio= 4.50703792553395
ICDroneMiteSurvivorship= 60.4405622696504
ICWorkerMiteSurvivorship= 18.0570764932781
ICForagerLifespan= 11.9973793094978
ImmType= Polynomial
AIAdultSlopeContact= 2.76407367945649
AIAdultLD50Contact= 0.0391383521491662
AILarvaSlope= 1.57036956720985
AILarvaLD50= 0.047649647668004
AIKOW= 6.97106564184651
AIKOC= 17.3055318603292
AIHalfLife= 8.31534810736775
