ICQueenStrength= 1.59075053781271
RQWkrDrnRatio= 2.69595875497907
ICDroneMiteSurvivorship= 82.3689967626706
ICWorkerMiteSurvivorship= 90.6254664063454
ICForagerLifespan= 11.3953503100201
ImmType= Logarithmic
AIAdultSlope= 1.35461938548833
AIAdultLD50= 2.10241859592497
AIAdultSlopeContact= 2.80903206063202
AIAdultLD50Contact= 0.0120220196433365
AILarvaSlope= 0.393949206965044
AILarvaLD50= 0.8828597959131
AIKOW= 4.32637424068525
AIKOC= 22.3561182571575
AIHalfLife= 8.92766986694187
EAppRate= 0.70592280710116
