ICQueenStrength= 4.63955607870594
RQWkrDrnRatio= 4.68210886232555
ICDroneMiteSurvivorship= 31.1507972655818
ICWorkerMiteSurvivorship= 66.3703267462552
ICForagerLifespan= 14.7343037649989
ImmType= Polynomial
AIAdultSlope= 2.10560704779346
AIAdultLD50= 0.0180065513122827
AIAdultSlopeContact= 1.52545776973246
AIAdultLD50Contact= 0.0375803587841801
AILarvaSlope= 2.04404246802442
AILarvaLD50= 0.415728183696046
AIKOW= 7.91468863049522
AIKOC= 13.7121742486488
AIHalfLife= 2.14897560421377
EAppRate= 0
