ICQueenStrength= 4.65116424625739
RQWkrDrnRatio= 4.28058725874871
ICDroneMiteSurvivorship= 10.7038154732436
ICWorkerMiteSurvivorship= 1.4106561196968
ICForagerLifespan= 12.6110263001174
ImmType= Cosine
AIAdultSlope= 0.305558538311161
AIAdultLD50= 0.394464874640107
AIAdultSlopeContact= 1.19644955631578
AIAdultLD50Contact= 0.0134350958047435
AILarvaSlope= 0.655794640025124
AILarvaLD50= 0.26621669435408
AIKOW= 5.07454772898927
AIKOC= 6.35055753635243
AIHalfLife= 1.36036602081731
EAppRate= 0.365081816283055
