ICQueenStrength= 5.05726363067515
RQWkrDrnRatio= 1.6391624789685
ICDroneMiteSurvivorship= 95.7329955184832
ICWorkerMiteSurvivorship= 40.1085503399372
ICForagerLifespan= 4.6094176247716
ImmType= Sine
AIAdultSlope= 3.45868959655752
AIAdultLD50= 0.44227731321007
AIAdultSlopeContact= 0.0417091696872376
AIAdultLD50Contact= 0.0263628154643811
AILarvaSlope= 2.49200887344778
AILarvaLD50= 0.709497144073248
AIKOW= 5.73650055658072
AIKOC= 11.8895984208211
AIHalfLife= 2.26791410823353
EAppRate= 0.565395066118799
