ICQueenStrength= 5.61752909701318
RQWkrDrnRatio= 3.63906153757125
ICDroneMiteSurvivorship= 52.7478290721774
ICWorkerMiteSurvivorship= 71.2545075453818
ICForagerLifespan= 9.85583941545337
ImmType= Cosine
AIAdultLD50= 0.154012839635834
AIAdultSlopeContact= 0.982659687318373
AIAdultLD50Contact= 0.0387286630226299
AILarvaSlope= 2.89177007516846
AILarvaLD50= 0.33009908774402
AIKOW= 7.60014472063631
AIKOC= 5.23366996902041
AIHalfLife= 10.2602700237185
EAppRate= 1.73985203588381
