ICQueenStrength= 4.00317122600973
RQWkrDrnRatio= 4.67920645140111
ICDroneMiteSurvivorship= 48.4980370849371
ICWorkerMiteSurvivorship= 41.7854080209509
ICForagerLifespan= 11.8159885546193
ImmType= Logarithmic
AIAdultSlope= 2.89353355468484
AIAdultLD50= 0.254828668315895
AIAdultSlopeContact= 0.664706716707442
AIAdultLD50Contact= 0.0145525631844066
AILarvaSlope= 2.39403692320921
AILarvaLD50= 0.338140747253783
AIKOW= 2.23350444855168
AIKOC= 11.7979822983034
AIHalfLife= 3.15034924773499
EAppRate= 0.291377173201181
