ICQueenStrength= 2.75803874712437
RQWkrDrnRatio= 1.29507975280285
