ICQueenStrength= 5.76863194955513
RQWkrDrnRatio= 4.6794928656891
ICDroneMiteSurvivorship= 42.1610006364062
ICWorkerMiteSurvivorship= 36.2232096958905
ICForagerLifespan= 14.7547041857615
ImmType= Polynomial
AIAdultSlope= 2.15305425720289
AIAdultLD50= 2.43286055931821
AIAdultSlopeContact= 3.88092444444308
AIAdultLD50Contact= 0.00726927554933354
AILarvaSlope= 0.882662881864235
AILarvaLD50= 0.827556698047556
AIKOW= 3.68687830585986
AIKOC= 15.2123985590879
AIHalfLife= 9.99001105315983
EAppRate= 0.933537835953757
