ICQueenStrength= 4.56826194096357
RQWkrDrnRatio= 1.65816798433661
ICDroneMiteSurvivorship= 19.4757950259373
ICWorkerMiteSurvivorship= 35.3967113653198
ICForagerLifespan= 10.2801816482097
ImmType= Polynomial
AIAdultLD50= 0.154012839635834
AIAdultSlopeContact= 1.17527169471374
AIAdultLD50Contact= 0.00026800031773746
AILarvaSlope= 2.53303490942344
AILarvaLD50= 0.540831348462962
AIKOW= 2.40238508023322
AIKOC= 9.32762415730394
AIHalfLife= 5.58111896598712
EAppRate= 0.859758180100471
