ICQueenStrength= 3.2840670729056
RQWkrDrnRatio= 3.08878752589226
ICDroneMiteSurvivorship= 77.0193389151245
ICWorkerMiteSurvivorship= 70.2748881885782
ICForagerLifespan= 15.4020838746801
ImmType= Sine
AIAdultSlope= 0.484449229161255
AIAdultLD50= 0.0115089581813663
AIAdultSlopeContact= 0.60984920962248
AIAdultLD50Contact= 0.0354883637395687
AILarvaSlope= 1.02724542366341
AILarvaLD50= 0.00270696538500488
AIKOW= 7.76134553831071
AIKOC= 19.4438137940597
AIHalfLife= 0.64038771786727
EAppRate= 0.619986184756272
