ICQueenStrength= 4.9167881407775
RQWkrDrnRatio= 3.0517773097381
ICDroneMiteSurvivorship= 24.7720311395824
ICWorkerMiteSurvivorship= 23.9198173396289
ICForagerLifespan= 8.56274000648409
ImmType= Sine
AIAdultSlope= 0.623406401895918
AIAdultLD50= 0.481862688320689
AIAdultSlopeContact= 1.18608118300326
AIAdultLD50Contact= 0.0300217742216773
AILarvaSlope= 2.4690279298462
AILarvaLD50= 0.609630420827307
AIKOW= 5.17592808697373
AIKOC= 14.3760952877346
AIHalfLife= 0.787468843627721
EAppRate= 0.430155288358219
