ICQueenStrength= 5.61224277270958
RQWkrDrnRatio= 1.76086289342493
ICDroneMiteSurvivorship= 30.9154888847843
ICWorkerMiteSurvivorship= 80.5125510320067
ICForagerLifespan= 5.56599240843207
ImmType= Sine
AIAdultSlopeContact= 0.960815912112594
AIAdultLD50Contact= 0.0291088476195
AILarvaSlope= 3.34441578937694
AILarvaLD50= 0.660875053983182
AIKOW= 6.45018589682877
AIKOC= 18.965835183626
AIHalfLife= 9.75997613603249
