ICQueenStrength= 2.62152426200919
RQWkrDrnRatio= 2.85484771709889
ICDroneMiteSurvivorship= 69.837664347142
ICWorkerMiteSurvivorship= 13.4791264310479
ICForagerLifespan= 9.3748607551679
ImmType= Polynomial
AIAdultSlope= 0.179955173539929
AIAdultLD50= 0.0495498675154522
AIAdultSlopeContact= 3.53146552744322
AIAdultLD50Contact= 0.0206514344899915
AILarvaSlope= 0.672669554315507
AILarvaLD50= 0.0136366201099008
AIKOW= 4.82687683030963
AIKOC= 23.0126670107711
AIHalfLife= 1.74912481335923
EAppRate= 0.584971305495128
