ICQueenStrength= 3.00381022645161
RQWkrDrnRatio= 4.35850530583411
ICDroneMiteSurvivorship= 15.8906004624441
ICWorkerMiteSurvivorship= 13.0907372571528
ICForagerLifespan= 10.773589598015
ImmType= Exponential
AIAdultSlopeContact= 2.60286261207657
AIAdultLD50Contact= 0.0297565859043971
AILarvaSlope= 0.350147176114842
AILarvaLD50= 0.690009344508871
AIKOW= 6.22630160301924
AIKOC= 27.9920095007401
AIHalfLife= 1.12630536220968
