ICQueenStrength= 4.11618020525202
RQWkrDrnRatio= 2.33704054076225
ICDroneMiteSurvivorship= 6.1039284337312
ICWorkerMiteSurvivorship= 26.1704784585163
ICForagerLifespan= 13.8229995258152
ImmType= Logarithmic
AIAdultSlope= 2.36013693967834
AIAdultLD50= 0.853482567472383
AIAdultSlopeContact= 7.80593776144087
AIAdultLD50Contact= 0.00815340261906385
AILarvaSlope= 4.90520401624963
AILarvaLD50= 0.572515580803156
AIKOW= 72.6461032172665
AIKOC= 25.1708882860839
AIHalfLife= 5.16749234870076
EAppRate= 1.10486221499741
