ICQueenStrength= 3.03453782596625
RQWkrDrnRatio= 2.35183190740645
ICDroneMiteSurvivorship= 16.0002804594114
ICWorkerMiteSurvivorship= 43.5956240398809
ICForagerLifespan= 15.8047113679349
ImmType= Tangent
AIAdultSlope= 1.08547531480668
AIAdultLD50= 0.434687788016163
AIAdultSlopeContact= 3.31515152604086
AIAdultLD50Contact= 0.00261710340855643
AILarvaSlope= 0.653476935392246
AILarvaLD50= 0.731168236210942
AIKOW= 4.32824629126117
AIKOC= 27.8021596674807
AIHalfLife= 3.13505742931738
EAppRate= 0.436935122916475
