ICQueenStrength= 4.43423922779039
RQWkrDrnRatio= 4.29956587776542
ICDroneMiteSurvivorship= 28.6993814166635
ICWorkerMiteSurvivorship= 71.4471379993483
ICForagerLifespan= 6.89762791618705
ImmType= Exponential
AIAdultSlope= 9.5868548261933
