ICQueenStrength= 1.21862389170565
RQWkrDrnRatio= 4.86021976545453
ICDroneMiteSurvivorship= 62.2731109149754
ICWorkerMiteSurvivorship= 93.5428811004385
ICForagerLifespan= 14.7004013359547
ImmType= Exponential
AIAdultSlope= 8.41488759266213
