ICQueenStrength= 5.15184559300542
RQWkrDrnRatio= 1.98449054546654
ICDroneMiteSurvivorship= 69.4591894280165
ICWorkerMiteSurvivorship= 53.2591341994703
ICForagerLifespan= 9.65830231830478
ImmType= Logarithmic
AIAdultSlope= 3.7281257731095
AIAdultLD50= 0.300250267377123
AIAdultSlopeContact= 2.36933638534276
AIAdultLD50Contact= 0.00589386865030974
AILarvaSlope= 0.761844727210701
AILarvaLD50= 0.651846529729664
AIKOW= 5.13744283979759
AIKOC= 14.2828917957377
AIHalfLife= 4.36008592601866
EAppRate= 0.353849404933862
