ICQueenStrength= 4.26586042880081
RQWkrDrnRatio= 2.78207838721573
ICDroneMiteSurvivorship= 1.70385625679046
ICWorkerMiteSurvivorship= 65.6903391238302
ICForagerLifespan= 13.0377390636131
ImmType= Logarithmic
AIAdultSlope= 1.508699912671
AIAdultLD50= 0.436843497678638
AIAdultSlopeContact= 0.432952149293851
AIAdultLD50Contact= 0.0344340433599427
AILarvaSlope= 2.49574558106251
AILarvaLD50= 0.0339249754557386
AIKOW= 5.34568684035912
AIKOC= 14.5173838490155
AIHalfLife= 2.45372442342341
EAppRate= 0.900218427879736
