ICQueenStrength= 1.64605615334585
RQWkrDrnRatio= 2.73058216832578
ICDroneMiteSurvivorship= 9.51324154157192
ICWorkerMiteSurvivorship= 46.4306960813701
ICForagerLifespan= 8.33503683377057
ImmType= Sine
AIAdultSlope= 9.89242495736107
