ICQueenStrength= 4.46558409859426
RQWkrDrnRatio= 1.93342780135572
ICDroneMiteSurvivorship= 3.32601414993405
ICWorkerMiteSurvivorship= 66.1261266097426
ICForagerLifespan= 8.93786983098835
ImmType= Cosine
AIAdultSlope= 8.10765572357923
