ICQueenStrength= 4.9534563489724
RQWkrDrnRatio= 2.84297689329833
ICDroneMiteSurvivorship= 36.9541096733883
ICWorkerMiteSurvivorship= 5.54924490861595
ICForagerLifespan= 9.71059973910451
ImmType= Cosine
AIAdultSlopeContact= 2.84847893398488
AIAdultLD50Contact= 0.0187500021187589
AILarvaSlope= 1.58812795942649
AILarvaLD50= 0.580332032544538
AIKOW= 6.29672588268295
AIKOC= 27.7421668707393
AIHalfLife= 7.63544280035421
