ICQueenStrength= 2.21316879522055
RQWkrDrnRatio= 3.32038593664765
ICDroneMiteSurvivorship= 29.8320261295885
ICWorkerMiteSurvivorship= 42.0476263621822
ICForagerLifespan= 14.3377847680822
ImmType= Tangent
AIAdultSlope= 0.106344767825212
AIAdultLD50= 0.10318085597828
AIAdultSlopeContact= 3.74689821483102
AIAdultLD50Contact= 0.00933735650032759
AILarvaSlope= 1.38159268777817
AILarvaLD50= 0.341027071117423
AIKOW= 4.28751073498279
AIKOC= 16.1063895514235
AIHalfLife= 2.77694506105036
EAppRate= 0.292860838654451
