ICQueenStrength= 1.32844817033038
RQWkrDrnRatio= 3.12127358652651
ICDroneMiteSurvivorship= 96.9582722755149
ICWorkerMiteSurvivorship= 48.2468671165407
ICForagerLifespan= 15.0786987012252
ImmType= Exponential
AIAdultSlopeContact= 2.81276803217595
AIAdultLD50Contact= 0.0266400697990321
AILarvaSlope= 2.91664695949294
AILarvaLD50= 0.415694562415592
AIKOW= 4.7960883830674
AIKOC= 8.884618927259
AIHalfLife= 9.92188100609928
