ICQueenStrength= 4.75962959020399
RQWkrDrnRatio= 4.63146934844553
ICDroneMiteSurvivorship= 25.9314129827544
ICWorkerMiteSurvivorship= 42.0780893648043
ICForagerLifespan= 10.9390409626067
ImmType= Sine
AIAdultSlope= 1.71749392480357
AIAdultLD50= 0.470713723101653
AIAdultSlopeContact= 3.31767453296576
AIAdultLD50Contact= 0.0106446487596259
AILarvaSlope= 2.95402756449766
AILarvaLD50= 0.0518355194013566
AIKOW= 2.61314508505166
AIKOC= 23.6448117718101
AIHalfLife= 0.733982995152473
EAppRate= 0.0595828983699903
