ICQueenStrength= 4.96285069175065
RQWkrDrnRatio= 1.32108349446207
ICDroneMiteSurvivorship= 23.5500355949625
ICWorkerMiteSurvivorship= 88.2421831134707
ICForagerLifespan= 4.13675916846842
ImmType= Polynomial
AIAdultSlope= 3.42401761348592
AIAdultLD50= 0.354863722808659
AIAdultSlopeContact= 0.507221774293576
AIAdultLD50Contact= 0.00208470829529688
AILarvaSlope= 2.92458013105206
AILarvaLD50= 0.895868290658109
AIKOW= 4.89825253142044
AIKOC= 20.8042963419575
AIHalfLife= 1.30909673753195
EAppRate= 0
