ICQueenStrength= 1.10064658243209
RQWkrDrnRatio= 3.36647163238376
ICDroneMiteSurvivorship= 12.8745059948415
ICWorkerMiteSurvivorship= 11.5488704992458
ICForagerLifespan= 13.3348892070353
ImmType= Logarithmic
AIAdultSlope= 3.26862269486301
AIAdultLD50= 1.57731703086756
AIAdultSlopeContact= 2.72499652355444
AIAdultLD50Contact= 0.00817628575023264
AILarvaSlope= 0.707795953238383
AILarvaLD50= 0.499254247150384
AIKOW= 5.18804916413501
AIKOC= 18.9207251253538
AIHalfLife= 8.58277706801891
EAppRate= 0.813520833384246
