ICQueenStrength= 3.50644560321234
RQWkrDrnRatio= 4.73918473534286
ICDroneMiteSurvivorship= 79.4358266051859
ICWorkerMiteSurvivorship= 17.2271332703531
ICForagerLifespan= 6.15274393931031
ImmType= Cosine
AIAdultSlope= 2.44594910516404
AIAdultLD50= 0.224541351431981
AIAdultSlopeContact= 2.84361583443359
AIAdultLD50Contact= 0.0466033684671857
AILarvaSlope= 1.1064917546697
AILarvaLD50= 0.825640614470467
AIKOW= 2.4927350464277
AIKOC= 19.4697871583048
AIHalfLife= 1.47790231276304
EAppRate= 0
