ICQueenStrength= 4.15505761071108
RQWkrDrnRatio= 1.96927729342133
ICDroneMiteSurvivorship= 61.729401210323
ICWorkerMiteSurvivorship= 60.7005163794383
ICForagerLifespan= 6.47397234849632
ImmType= Logarithmic
AIAdultSlope= 2.99483279911336
AIAdultLD50= 0.0376625205390155
AIAdultSlopeContact= 0.154304170177784
AIAdultLD50Contact= 0.0229869082337245
AILarvaSlope= 2.09195601600222
AILarvaLD50= 0.751700650993735
AIKOW= 6.77812858764082
AIKOC= 24.1961464646738
AIHalfLife= 2.83548795152456
EAppRate= 0.619676398253068
