ICQueenStrength= 2.27601418271661
RQWkrDrnRatio= 4.78033309429884
