ICQueenStrength= 4.97061751806177
RQWkrDrnRatio= 1.83122280146927
ICDroneMiteSurvivorship= 17.4272532574832
ICWorkerMiteSurvivorship= 12.2900884598494
ICForagerLifespan= 5.46380588598549
ImmType= Polynomial
AIAdultSlope= 1.55985304392641
AIAdultLD50= 0.254677651566453
AIAdultSlopeContact= 2.65749079665402
AIAdultLD50Contact= 0.0079876086092554
AILarvaSlope= 2.89295911765657
AILarvaLD50= 0.368491164129227
AIKOW= 3.08668285049498
AIKOC= 5.5907375831157
AIHalfLife= 3.01505263894796
EAppRate= 0
