ICQueenStrength= 3.01944555388764
RQWkrDrnRatio= 4.40597851574421
ICDroneMiteSurvivorship= 2.59656799025834
ICWorkerMiteSurvivorship= 98.9811601582915
ICForagerLifespan= 4.26778761856258
ImmType= Cosine
AIAdultSlopeContact= 1.19421896283282
AIAdultLD50Contact= 0.0286041873390786
AILarvaSlope= 0.321797247277573
AILarvaLD50= 0.0685138244647533
AIKOW= 7.76460129441693
AIKOC= 9.59621817572042
AIHalfLife= 5.46860422939062
