ICQueenStrength= 5.14071387029253
RQWkrDrnRatio= 4.5284826438874
ICDroneMiteSurvivorship= 9.23172417096794
ICWorkerMiteSurvivorship= 99.8437841655686
ICForagerLifespan= 5.38018496055156
ImmType= Exponential
AIAdultSlope= 2.63591900728643
AIAdultLD50= 1.14854985661805
AIAdultSlopeContact= 1.72253146552714
AIAdultLD50Contact= 0.0425316843786277
AILarvaSlope= 1.82352002421394
AILarvaLD50= 0.486911584390327
AIKOW= 4.47448633657768
AIKOC= 9.1707991855219
AIHalfLife= 12.4590014959686
EAppRate= 0.148383138468489
