ICQueenStrength= 4.80934017593972
RQWkrDrnRatio= 3.264658507891
ICDroneMiteSurvivorship= 49.5226006954908
ICWorkerMiteSurvivorship= 49.732363736257
ICForagerLifespan= 9.79704961553216
ImmType= Sine
AIAdultSlope= 2.89781713481061
AIAdultLD50= 2.32168903690763
AIAdultSlopeContact= 0.970963746237103
AIAdultLD50Contact= 0.00437276428565383
AILarvaSlope= 1.82846118407324
AILarvaLD50= 0.341863288125023
AIKOW= 5.2301182183437
AIKOC= 12.6751019456424
AIHalfLife= 7.09590936498716
EAppRate= 0.696300216251984
