ICQueenStrength= 4.59859000658616
RQWkrDrnRatio= 2.49703668802977
ICDroneMiteSurvivorship= 96.6795812128112
ICWorkerMiteSurvivorship= 98.0638961307704
ICForagerLifespan= 12.0287073599175
ImmType= Logarithmic
AIAdultSlope= 7.98653000500053
AIAdultLD50= 0.963718162383884
AIAdultSlopeContact= 3.15862827468663
AIAdultLD50Contact= 0.0266004350036383
AILarvaSlope= 2.54014903912321
AILarvaLD50= 1.45464351121336
AIKOW= 68.8789318082854
AIKOC= 84.0391848236322
AIHalfLife= 13.4689952894114
EAppRate= 0.46750375861302
