ICQueenStrength= 4.77387765212916
RQWkrDrnRatio= 2.89360561873764
ICDroneMiteSurvivorship= 29.2906055692583
ICWorkerMiteSurvivorship= 44.8521249229088
ICForagerLifespan= 11.2398888552561
ImmType= Polynomial
AIAdultSlope= 2.74869187448407
AIAdultLD50= 0.289862149977125
AIAdultSlopeContact= 3.62006144104991
AIAdultLD50Contact= 0.0476744708488695
AILarvaSlope= 1.29594361325726
AILarvaLD50= 0.416571313678287
AIKOW= 7.10120158689097
AIKOC= 25.1334482175298
AIHalfLife= 1.47489955415949
EAppRate= 0
