ICQueenStrength= 2.92142725572921
RQWkrDrnRatio= 4.77669583354145
ICDroneMiteSurvivorship= 35.9822656260803
ICWorkerMiteSurvivorship= 46.8821440124884
ICForagerLifespan= 9.04283852502704
ImmType= Polynomial
AIAdultSlopeContact= 3.4458286600979
AIAdultLD50Contact= 0.018998530972749
AILarvaSlope= 2.02367864428088
AILarvaLD50= 0.612484402698465
AIKOW= 6.53624565713108
AIKOC= 13.9827154937666
AIHalfLife= 6.01494860742241
