ICQueenStrength= 1.50495497067459
RQWkrDrnRatio= 1.21107838489115
ICDroneMiteSurvivorship= 73.7686008680612
ICWorkerMiteSurvivorship= 38.4576716693118
ICForagerLifespan= 12.08180040773
ImmType= Exponential
AIAdultSlope= 0.339556507905945
AIAdultLD50= 1.09237298509106
AIAdultSlopeContact= 0.739022878019605
AIAdultLD50Contact= 0.0264153444673866
AILarvaSlope= 2.44120691362768
AILarvaLD50= 0.650571537483484
AIKOW= 5.02029850659892
AIKOC= 29.5478137920145
AIHalfLife= 7.70839033462107
EAppRate= 0.967965455492958
