ICQueenStrength= 2.66464275564067
RQWkrDrnRatio= 4.96139497216791
ICDroneMiteSurvivorship= 67.5735969794914
ICWorkerMiteSurvivorship= 0.0996935646981001
ICForagerLifespan= 7.92421348765492
ImmType= Cosine
AIAdultSlope= 1.33678306670627
AIAdultLD50= 0.262996245292015
AIAdultSlopeContact= 0.333557602332439
AIAdultLD50Contact= 0.000694418721832335
AILarvaSlope= 2.09802620294504
AILarvaLD50= 0.352780965948477
AIKOW= 4.65213496563956
AIKOC= 10.1682314195205
AIHalfLife= 0.859595363726839
EAppRate= 0
