ICQueenStrength= 4.32475633826107
RQWkrDrnRatio= 2.44062624964863
ICDroneMiteSurvivorship= 11.3583956379443
ICWorkerMiteSurvivorship= 56.23757049907
ICForagerLifespan= 12.8392343260348
ImmType= Tangent
AIAdultSlope= 2.55190456578042
AIAdultLD50= 0.228623170987703
AIAdultSlopeContact= 1.47343451055698
AIAdultLD50Contact= 0.01151846855646
AILarvaSlope= 0.603262000530958
AILarvaLD50= 0.783536289352924
AIKOW= 5.10297073470429
AIKOC= 27.0984705199953
AIHalfLife= 2.68813201109879
EAppRate= 0.0629487971542403
