ICQueenStrength= 1.84430015645921
RQWkrDrnRatio= 3.23002880997956
ICDroneMiteSurvivorship= 99.6720634400845
ICWorkerMiteSurvivorship= 63.9300686074421
ICForagerLifespan= 5.71656683087349
ImmType= Tangent
AIAdultSlope= 2.2896210080944
