ICQueenStrength= 5.68261924455874
RQWkrDrnRatio= 3.04040506575257
ICDroneMiteSurvivorship= 4.29815724492073
ICWorkerMiteSurvivorship= 0.662494264543056
ICForagerLifespan= 14.2368306983262
ImmType= Tangent
AIAdultSlope= 0.815403561014682
AIAdultLD50= 0.501917702844366
AIAdultSlopeContact= 3.89738453890895
AIAdultLD50Contact= 0.041289968660567
AILarvaSlope= 0.651866109203547
AILarvaLD50= 0.753593557141721
AIKOW= 4.31850490905344
AIKOC= 14.7497222130187
AIHalfLife= 5.22211326425895
EAppRate= 0.510538752423599
