ICQueenStrength= 4.02900285227224
RQWkrDrnRatio= 2.25641267839819
ICDroneMiteSurvivorship= 75.6374424090609
ICWorkerMiteSurvivorship= 21.7844894388691
ICForagerLifespan= 7.20708980690688
ImmType= Cosine
AIAdultSlope= 2.02138726599514
