ICQueenStrength= 5.11932592163794
RQWkrDrnRatio= 1.4947967864573
ICDroneMiteSurvivorship= 56.002291617915
ICWorkerMiteSurvivorship= 61.0121555859223
ICForagerLifespan= 10.782138267532
ImmType= Tangent
AIAdultSlopeContact= 3.12252320650499
AIAdultLD50Contact= 0.0303965831757523
AILarvaSlope= 1.74520218605176
AILarvaLD50= 0.682067002169788
AIKOW= 5.9936786191538
AIKOC= 9.63054353604093
AIHalfLife= 9.36164825502783
