ICQueenStrength= 5.00184531114064
RQWkrDrnRatio= 1.40809890907258
ICDroneMiteSurvivorship= 16.4953034836799
ICWorkerMiteSurvivorship= 0.490060378797352
ICForagerLifespan= 11.1127479653805
ImmType= Exponential
AIAdultSlope= 3.0683736436069
AIAdultLD50= 2.75542414211668
AIAdultSlopeContact= 0.30416605687933
AIAdultLD50Contact= 0.0272615534369834
AILarvaSlope= 3.3778503251262
AILarvaLD50= 0.657563191372901
AIKOW= 4.98667263425887
AIKOC= 5.40851095691323
AIHalfLife= 12.2377819162793
EAppRate= 0.344455740880221
