ICQueenStrength= 2.41372496960685
RQWkrDrnRatio= 3.01562624052167
ICDroneMiteSurvivorship= 54.3783104047179
ICWorkerMiteSurvivorship= 31.0634560883045
ICForagerLifespan= 14.4874908141792
ImmType= Exponential
AIAdultSlope= 3.6296251125983
AIAdultLD50= 0.20906579552684
AIAdultSlopeContact= 0.745972848166712
AIAdultLD50Contact= 0.021991651749704
AILarvaSlope= 2.41270190007053
AILarvaLD50= 0.634930386696942
AIKOW= 7.71376213058829
AIKOC= 10.1893631985877
AIHalfLife= 4.56647825543769
EAppRate= 0
