ICQueenStrength= 1.25252114166506
RQWkrDrnRatio= 3.56675927340984
ICDroneMiteSurvivorship= 10.2607466746122
ICWorkerMiteSurvivorship= 39.2959736520424
ICForagerLifespan= 10.4180091517046
ImmType= Tangent
AIAdultSlope= 2.33846290949732
AIAdultLD50= 0.2776279526297
AIAdultSlopeContact= 0.383335211297963
AIAdultLD50Contact= 0.0416026804130524
AILarvaSlope= 2.19048918425106
AILarvaLD50= 0.698159142932855
AIKOW= 6.38115960406139
AIKOC= 8.3201304206159
AIHalfLife= 13.5693152355962
EAppRate= 0.981472060550004
