ICQueenStrength= 1.62676230329089
RQWkrDrnRatio= 3.94011003337801
ICDroneMiteSurvivorship= 40.0814448483288
ICWorkerMiteSurvivorship= 99.0334310336038
ICForagerLifespan= 8.14868895150721
ImmType= Exponential
AIAdultSlope= 2.12831595619209
AIAdultLD50= 2.3018970026169
AIAdultSlopeContact= 1.6849216867215
AIAdultLD50Contact= 0.0262816771864891
AILarvaSlope= 1.58935065623373
AILarvaLD50= 0.440409533469938
AIKOW= 4.3838414195925
AIKOC= 22.2118447546382
AIHalfLife= 13.5848791296594
EAppRate= 0.127077552024275
