ICQueenStrength= 4.49942144821398
RQWkrDrnRatio= 2.55820172931999
ICDroneMiteSurvivorship= 99.908250127919
ICWorkerMiteSurvivorship= 96.1012885905802
ICForagerLifespan= 6.31242012232542
ImmType= Logarithmic
AIAdultSlope= 1.42992306943052
AIAdultLD50= 1.22506507532671
AIAdultSlopeContact= 1.41060584135586
AIAdultLD50Contact= 0.0356249411357567
AILarvaSlope= 2.61559820594266
AILarvaLD50= 0.67494613789022
AIKOW= 2.2786997766234
AIKOC= 5.32691361266188
AIHalfLife= 4.41032936843112
EAppRate= 0.000582827255129814
