ICQueenStrength= 4.08941403171048
RQWkrDrnRatio= 2.30908199306577
ICDroneMiteSurvivorship= 25.4935531876981
ICWorkerMiteSurvivorship= 76.4894789084792
ICForagerLifespan= 11.4405950298533
ImmType= Tangent
AIAdultSlope= 0.783191161220893
AIAdultLD50= 0.237945215078071
AIAdultSlopeContact= 0.589360729255714
AIAdultLD50Contact= 0.0273307079449296
AILarvaSlope= 2.81251737792045
AILarvaLD50= 0.152326800045557
AIKOW= 6.37245215475559
AIKOC= 28.420029587578
AIHalfLife= 1.02271793526597
EAppRate= 0.606278175627813
