ICQueenStrength= 5.06478212098591
RQWkrDrnRatio= 4.23063998669386
ICDroneMiteSurvivorship= 42.1979022677988
ICWorkerMiteSurvivorship= 65.5711451778188
ICForagerLifespan= 11.9125456735492
ImmType= Tangent
AIAdultSlope= 8.81535511463881
