ICQueenStrength= 3.08454613573849
RQWkrDrnRatio= 3.10687703453004
ICDroneMiteSurvivorship= 25.3411275567487
ICWorkerMiteSurvivorship= 2.06952509470284
ICForagerLifespan= 9.7038011662662
ImmType= Polynomial
AIAdultSlopeContact= 0.668319342043251
AIAdultLD50Contact= 0.0174951123772189
AILarvaSlope= 1.98963801888749
AILarvaLD50= 0.168669218779542
AIKOW= 4.30354670016095
AIKOC= 19.3710379663389
AIHalfLife= 10.8953252150677
