ICQueenStrength= 3.47907814919017
RQWkrDrnRatio= 1.23339535109699
ICDroneMiteSurvivorship= 20.1465839287266
ICWorkerMiteSurvivorship= 28.6644047824666
ICForagerLifespan= 14.1359997391701
ImmType= Cosine
AIAdultSlope= 1.43252838094952
AIAdultLD50= 0.213128190720454
AIAdultSlopeContact= 2.57498014138313
AIAdultLD50Contact= 0.0279467434738763
AILarvaSlope= 0.501676946086809
AILarvaLD50= 0.885336659615859
AIKOW= 3.64927804935724
AIKOC= 29.0109623468015
AIHalfLife= 3.54838189785369
EAppRate= 0.49124739235267
