ICQueenStrength= 4.82719605462626
RQWkrDrnRatio= 1.72355049289763
ICDroneMiteSurvivorship= 88.2388676982373
ICWorkerMiteSurvivorship= 49.360347376205
ICForagerLifespan= 12.9174172263592
ImmType= Sine
AIAdultSlopeContact= 3.32593868956435
AIAdultLD50Contact= 0.0461507729021832
AILarvaSlope= 1.3239742721431
AILarvaLD50= 0.0358727524755523
AIKOW= 4.5580069264397
AIKOC= 23.6532873369288
AIHalfLife= 13.1375408424065
