ICQueenStrength= 2.0677096422296
RQWkrDrnRatio= 2.67034573759884
ICDroneMiteSurvivorship= 95.0391901191324
ICWorkerMiteSurvivorship= 60.8444791985676
ICForagerLifespan= 9.79117726255208
ImmType= Exponential
AIAdultSlope= 0.337509499164298
AIAdultLD50= 1.023074073717
AIAdultSlopeContact= 2.86994739819551
AIAdultLD50Contact= 0.0228273956221528
AILarvaSlope= 0.471734506078064
AILarvaLD50= 0.530342654348351
AIKOW= 2.62978838058189
AIKOC= 11.3629212148953
AIHalfLife= 0.34263827977702
EAppRate= 0.494789930526167
