ICQueenStrength= 2.29002633853815
RQWkrDrnRatio= 4.87341486662626
ICDroneMiteSurvivorship= 46.457723970525
ICWorkerMiteSurvivorship= 41.1474300315604
ICForagerLifespan= 14.5566813852638
ImmType= Cosine
AIAdultSlope= 9.58279085578397
AIAdultLD50= 0.261534490156919
AIAdultSlopeContact= 2.24439225392416
AIAdultLD50Contact= 0.0750304240733385
AILarvaSlope= 7.97362204408273
AILarvaLD50= 0.884737262967974
AIKOW= 73.1859923573211
AIKOC= 89.1502006677911
AIHalfLife= 8.20780992787331
EAppRate= 1.79397715488449
