ICQueenStrength= 3.05375381861813
RQWkrDrnRatio= 4.12176724523306
ICDroneMiteSurvivorship= 81.5669955685735
ICWorkerMiteSurvivorship= 63.6470294790342
ICForagerLifespan= 5.36880281660706
ImmType= Sine
AIAdultSlope= 1.29902893913677
AIAdultLD50= 0.110631581395864
AIAdultSlopeContact= 1.15228796926327
AIAdultLD50Contact= 0.0173309316043742
AILarvaSlope= 0.362914134794846
AILarvaLD50= 0.542767279548571
AIKOW= 4.52358702383935
AIKOC= 8.93737479462288
AIHalfLife= 4.33466829708777
EAppRate= 0
