ICQueenStrength= 4.43453686800785
RQWkrDrnRatio= 2.70290461461991
ICDroneMiteSurvivorship= 81.1539992690086
ICWorkerMiteSurvivorship= 30.1471933489665
ICForagerLifespan= 10.9529092097655
ImmType= Sine
AIAdultSlope= 1.36368934917264
AIAdultLD50= 2.31630968861282
AIAdultSlopeContact= 1.56186283652438
AIAdultLD50Contact= 0.0133172264671884
AILarvaSlope= 3.37571604140103
AILarvaLD50= 0.586755717149936
AIKOW= 2.01208505732939
AIKOC= 13.2927352748811
AIHalfLife= 7.66540347505361
EAppRate= 0.823870863998309
