ICQueenStrength= 5.67133093392476
RQWkrDrnRatio= 3.58005524799228
ICDroneMiteSurvivorship= 11.0878789564595
ICWorkerMiteSurvivorship= 47.2525887656957
ICForagerLifespan= 12.4700883589685
ImmType= Sine
AIAdultSlope= 3.30615766125033
AIAdultLD50= 0.0445103166857734
AIAdultSlopeContact= 0.207225877200253
AIAdultLD50Contact= 0.0170625111670233
AILarvaSlope= 2.18098793420941
AILarvaLD50= 0.483113888232037
AIKOW= 4.43354202760383
AIKOC= 16.6001074609812
AIHalfLife= 4.52476431499235
EAppRate= 0.502126135258004
