ICQueenStrength= 4.15148358233273
RQWkrDrnRatio= 4.63688739668578
ICDroneMiteSurvivorship= 11.3435103790835
ICWorkerMiteSurvivorship= 32.7160831307992
ICForagerLifespan= 13.1989343576133
ImmType= Logarithmic
AIAdultSlope= 0.118069886416197
AIAdultLD50= 2.28305806545541
AIAdultSlopeContact= 1.51529891871382
AIAdultLD50Contact= 0.0106381134362891
AILarvaSlope= 0.817763827322051
AILarvaLD50= 0.0166695484891534
AIKOW= 2.6902579641901
AIKOC= 18.1317082792521
AIHalfLife= 7.04945575632155
EAppRate= 0.373080352088436
