ICQueenStrength= 4.07181543321349
RQWkrDrnRatio= 2.79126989468932
ICDroneMiteSurvivorship= 67.7961643319577
ICWorkerMiteSurvivorship= 80.2959455410019
ICForagerLifespan= 13.3895816225559
ImmType= Tangent
AIAdultSlope= 3.82260222206125
AIAdultLD50= 0.347424195031635
AIAdultSlopeContact= 1.9941453306796
AIAdultLD50Contact= 0.0278401041403413
AILarvaSlope= 1.01602021800354
AILarvaLD50= 0.865118241822347
AIKOW= 4.0902166320011
AIKOC= 22.68500743201
AIHalfLife= 2.22307505086064
EAppRate= 0
