ICQueenStrength= 5.4139679800719
RQWkrDrnRatio= 4.69286355096847
ICDroneMiteSurvivorship= 13.4652651846409
ICWorkerMiteSurvivorship= 70.2650749357417
ICForagerLifespan= 10.2521908972412
ImmType= Tangent
AIAdultSlope= 3.62692582987715
AIAdultLD50= 0.293362278374843
AIAdultSlopeContact= 0.13775503285462
AIAdultLD50Contact= 0.0238370563136414
AILarvaSlope= 2.81145868031308
AILarvaLD50= 0.41960966703482
AIKOW= 3.134389040526
AIKOC= 14.0514407551382
AIHalfLife= 1.04290929273702
EAppRate= 0.115894223144278
