ICQueenStrength= 3.95343876164407
RQWkrDrnRatio= 4.98910375498235
