ICQueenStrength= 3.74150501005352
RQWkrDrnRatio= 3.96188413258642
ICDroneMiteSurvivorship= 67.1558470698074
ICWorkerMiteSurvivorship= 82.0029778173193
ICForagerLifespan= 4.01893577538431
ImmType= Exponential
AIAdultSlopeContact= 2.35820191331673
AIAdultLD50Contact= 0.0439579768106341
AILarvaSlope= 1.75571836004965
AILarvaLD50= 0.533201935258694
AIKOW= 5.4277296573855
AIKOC= 10.0786686188076
AIHalfLife= 11.8053035899065
