ICQueenStrength= 5.70479880576022
RQWkrDrnRatio= 3.61782383639365
ICDroneMiteSurvivorship= 97.5356960203499
ICWorkerMiteSurvivorship= 75.326031493023
ICForagerLifespan= 11.9168989378959
ImmType= Polynomial
AIAdultSlope= 3.0463634734042
