ICQueenStrength= 3.15515013434924
RQWkrDrnRatio= 3.78207117505372
ICDroneMiteSurvivorship= 71.781157120131
ICWorkerMiteSurvivorship= 25.3844704246148
ICForagerLifespan= 11.0355199230835
ImmType= Logarithmic
AIAdultSlope= 0.874177842959762
AIAdultLD50= 2.30603669048287
AIAdultSlopeContact= 3.73518469979055
AIAdultLD50Contact= 0.0291522360523231
AILarvaSlope= 2.88070958512835
AILarvaLD50= 0.125466909608804
AIKOW= 4.70155198313296
AIKOC= 28.141426849179
AIHalfLife= 6.82127413386479
EAppRate= 0.190644311718643
