ICQueenStrength= 1.42529030586593
RQWkrDrnRatio= 2.54939131718129
ICDroneMiteSurvivorship= 64.7645075805485
ICWorkerMiteSurvivorship= 32.7930187806487
ICForagerLifespan= 9.10690920334309
ImmType= Polynomial
AIAdultSlopeContact= 3.51547636677045
AIAdultLD50Contact= 0.0342283291160129
AILarvaSlope= 0.388826480973512
AILarvaLD50= 0.0800118581391871
AIKOW= 5.12333135958761
AIKOC= 28.110654548509
AIHalfLife= 8.21102331904694
