ICQueenStrength= 5.0556575905066
RQWkrDrnRatio= 3.72744323778898
ICDroneMiteSurvivorship= 59.7368631511927
ICWorkerMiteSurvivorship= 78.9898034185171
ICForagerLifespan= 12.2844593841583
ImmType= Polynomial
AIAdultSlopeContact= 1.81872857491253
AIAdultLD50Contact= 0.0269793564453721
AILarvaSlope= 1.33507074546069
AILarvaLD50= 0.847313297493383
AIKOW= 7.14537327364087
AIKOC= 10.0447600951884
AIHalfLife= 11.8558588614687
