ICQueenStrength= 4.04040000773966
RQWkrDrnRatio= 2.36558742355555
ICDroneMiteSurvivorship= 65.6474206130952
ICWorkerMiteSurvivorship= 86.8501948658377
ICForagerLifespan= 11.9823267329484
ImmType= Cosine
AIAdultSlopeContact= 8.21461820509285
AIAdultLD50Contact= 0.16768162031658
AILarvaSlope= 0.253216016571969
AILarvaLD50= 1.04680808354169
AIKOW= 27.0762696862221
AIKOC= 98.150042258203
AIHalfLife= 12.215909502469
