ICQueenStrength= 4.2196839293465
RQWkrDrnRatio= 2.89141285512596
ICDroneMiteSurvivorship= 43.9247942296788
ICWorkerMiteSurvivorship= 64.6085768472403
ICForagerLifespan= 15.6567349722609
ImmType= Exponential
AIAdultSlopeContact= 2.6676420456497
AIAdultLD50Contact= 0.0206745191244408
AILarvaSlope= 0.743439025478438
AILarvaLD50= 0.301184944971465
AIKOW= 7.44375130580738
AIKOC= 23.6193364381324
AIHalfLife= 7.61346712801605
