ICQueenStrength= 4.21535275201313
RQWkrDrnRatio= 1.60465241037309
ICDroneMiteSurvivorship= 90.9449032973498
ICWorkerMiteSurvivorship= 46.9600184354931
ICForagerLifespan= 11.1485554780811
ImmType= Logarithmic
AIAdultSlope= 0.155179674702231
AIAdultLD50= 0.212848080554977
AIAdultSlopeContact= 1.32630268159322
AIAdultLD50Contact= 0.0250948698725551
AILarvaSlope= 2.608366266964
AILarvaLD50= 0.319045630213805
AIKOW= 4.00867772521451
AIKOC= 24.7947197884787
AIHalfLife= 2.77162929764017
EAppRate= 0.0948554636910558
