ICQueenStrength= 1.79477530787699
RQWkrDrnRatio= 3.74093823973089
ICDroneMiteSurvivorship= 76.8553547328338
ICWorkerMiteSurvivorship= 52.7709146495908
ICForagerLifespan= 13.2392925256863
ImmType= Exponential
AIAdultSlope= 2.25542349529685
AIAdultLD50= 0.255346791120246
AIAdultSlopeContact= 1.23419562892523
AIAdultLD50Contact= 0.00928977298317477
AILarvaSlope= 2.81948266541585
AILarvaLD50= 0.602252573682927
AIKOW= 4.33813197072595
AIKOC= 14.1141609358601
AIHalfLife= 1.89799204934388
EAppRate= 0.484926290600561
