ICQueenStrength= 5.21684962930158
RQWkrDrnRatio= 1.75914452411234
ICDroneMiteSurvivorship= 76.8872846616432
ICWorkerMiteSurvivorship= 64.3784142564982
ICForagerLifespan= 9.07005753461272
ImmType= Logarithmic
AIAdultSlope= 2.4981976671447
AIAdultLD50= 0.193767598015256
AIAdultSlopeContact= 0.504944042412099
AIAdultLD50Contact= 0.0447061887476593
AILarvaSlope= 1.02142912088893
AILarvaLD50= 0.793935288721696
AIKOW= 5.42058971477672
AIKOC= 17.1399857685901
AIHalfLife= 1.47328905761242
EAppRate= 0
