ICQueenStrength= 3.51395575585775
RQWkrDrnRatio= 2.34786743763834
ICDroneMiteSurvivorship= 42.740278202109
ICWorkerMiteSurvivorship= 46.9783342676237
ICForagerLifespan= 9.52511107735336
ImmType= Exponential
AIAdultSlopeContact= 1.16194534205832
AIAdultLD50Contact= 0.00614782926859334
AILarvaSlope= 2.24045870769769
AILarvaLD50= 0.250190667109564
AIKOW= 5.72854205546901
AIKOC= 19.142312243348
AIHalfLife= 11.0109202619642
