ICQueenStrength= 4.39919051737525
RQWkrDrnRatio= 3.99892009794712
ICDroneMiteSurvivorship= 57.44720317889
ICWorkerMiteSurvivorship= 37.4235820490867
ICForagerLifespan= 14.4596180384979
ImmType= Cosine
AIAdultSlope= 0.96203931533033
AIAdultLD50= 0.342918949900195
AIAdultSlopeContact= 3.79812486563344
AIAdultLD50Contact= 0.0461828917148523
AILarvaSlope= 0.848539675818756
AILarvaLD50= 0.802039594994858
AIKOW= 4.41013891994953
AIKOC= 17.169827951584
AIHalfLife= 2.55479590035975
EAppRate= 0.514128042664379
