ICQueenStrength= 2.90017408807762
RQWkrDrnRatio= 2.49945541471243
ICDroneMiteSurvivorship= 13.5440982878208
ICWorkerMiteSurvivorship= 63.5646949755028
ICForagerLifespan= 6.48639493528754
ImmType= Sine
AIAdultSlopeContact= 1.96175107948948
AIAdultLD50Contact= 0.0481154222623445
AILarvaSlope= 2.10717374500819
AILarvaLD50= 0.777045015385374
AIKOW= 3.6607171902433
AIKOC= 10.3275672369637
AIHalfLife= 11.245812730398
