ICQueenStrength= 1.33744552289136
RQWkrDrnRatio= 2.69427147228271
ICDroneMiteSurvivorship= 29.2733661364764
ICWorkerMiteSurvivorship= 1.00842886604369
ICForagerLifespan= 4.26387348212302
ImmType= Logarithmic
AIAdultSlopeContact= 1.90802347751101
AIAdultLD50Contact= 0.0159031547489576
AILarvaSlope= 1.4465901942458
AILarvaLD50= 0.386453212564811
AIKOW= 6.06091149197891
AIKOC= 20.6647907628212
AIHalfLife= 10.7554469979368
