ICQueenStrength= 1.93384136678651
RQWkrDrnRatio= 2.35757296532393
ICDroneMiteSurvivorship= 65.129338670522
ICWorkerMiteSurvivorship= 68.7001819489524
ICForagerLifespan= 9.68281117361039
ImmType= Exponential
AIAdultSlopeContact= 4.93477211100981
AIAdultLD50Contact= 0.0352600183337927
AILarvaSlope= 6.49138546315953
AILarvaLD50= 1.94233528757468
AIKOW= 95.7684327382594
AIKOC= 52.5506288046017
AIHalfLife= 2.8319010399282
