ICQueenStrength= 4.9005886646919
RQWkrDrnRatio= 1.26570483762771
ICDroneMiteSurvivorship= 46.8056626850739
ICWorkerMiteSurvivorship= 31.912744184956
ICForagerLifespan= 12.3894627066329
ImmType= Logarithmic
AIAdultSlope= 1.04614871344529
AIAdultLD50= 0.855503625003621
AIAdultSlopeContact= 1.03132186320378
AIAdultLD50Contact= 0.0022782021551393
AILarvaSlope= 0.644812412327155
AILarvaLD50= 0.679671587934718
AIKOW= 3.04610045114532
AIKOC= 25.4186278453562
AIHalfLife= 5.77799430303276
EAppRate= 0.693676479160786
