ICQueenStrength= 5.78929300326854
RQWkrDrnRatio= 3.01108363457024
ICDroneMiteSurvivorship= 70.3703477978706
ICWorkerMiteSurvivorship= 41.7295680148527
ICForagerLifespan= 8.33151497878134
ImmType= Logarithmic
AIAdultSlope= 1.85907144384691
AIAdultLD50= 0.249514139490202
AIAdultSlopeContact= 0.122184276252519
AIAdultLD50Contact= 0.0257269297260791
AILarvaSlope= 3.07635237313807
AILarvaLD50= 0.0975548252463341
AIKOW= 4.41506842337549
AIKOC= 18.3313487691339
AIHalfLife= 2.37578342552297
EAppRate= 0.366652265936136
