ICQueenStrength= 5.55151197267696
RQWkrDrnRatio= 2.03346100822091
ICDroneMiteSurvivorship= 50.5064866039902
ICWorkerMiteSurvivorship= 81.8112938432023
ICForagerLifespan= 14.1777165802196
ImmType= Cosine
AIAdultSlope= 0.392736996803433
AIAdultLD50= 1.97330406680703
AIAdultSlopeContact= 2.56229475876549
AIAdultLD50Contact= 0.00872898899251595
AILarvaSlope= 0.933672826690599
AILarvaLD50= 0.827948172320612
AIKOW= 7.29606301849708
AIKOC= 24.1720383998472
AIHalfLife= 5.95983585296199
EAppRate= 0.535864465637133
