ICQueenStrength= 5.76446337532252
RQWkrDrnRatio= 1.36341787874699
ICDroneMiteSurvivorship= 98.8198898267001
ICWorkerMiteSurvivorship= 86.7523572873324
ICForagerLifespan= 13.2708731144667
ImmType= Cosine
AIAdultSlope= 3.84821104817092
AIAdultLD50= 0.747643015347421
AIAdultSlopeContact= 7.04093119362369
AIAdultLD50Contact= 0.164751963270828
AILarvaSlope= 8.56007212540135
AILarvaLD50= 1.61006674449891
AIKOW= 74.005346512422
AIKOC= 9.20951026491821
AIHalfLife= 6.94367358135059
EAppRate= 1.91090819938108
