ICQueenStrength= 3.19495118479244
RQWkrDrnRatio= 1.35594571288675
ICDroneMiteSurvivorship= 42.999716475606
ICWorkerMiteSurvivorship= 17.4166065407917
ICForagerLifespan= 7.34065964724869
ImmType= Polynomial
AIAdultSlope= 1.28292662403546
AIAdultLD50= 2.01536190183833
AIAdultSlopeContact= 0.318054015843663
AIAdultLD50Contact= 0.0208023330313154
AILarvaSlope= 3.35401513115503
AILarvaLD50= 0.139906998840161
AIKOW= 3.33294352469966
AIKOC= 27.374293836765
AIHalfLife= 4.21612429339439
EAppRate= 0.112983327824622
