ICQueenStrength= 4.25596038950607
RQWkrDrnRatio= 2.85733569320291
ICDroneMiteSurvivorship= 38.9958607731387
ICWorkerMiteSurvivorship= 85.7717024162412
ICForagerLifespan= 13.7325429152697
ImmType= Polynomial
AIAdultSlope= 2.01531653115526
AIAdultLD50= 1.9947110360954
AIAdultSlopeContact= 3.19185247918591
AIAdultLD50Contact= 0.030203026602976
AILarvaSlope= 0.964082718407735
AILarvaLD50= 0.0595529727637768
AIKOW= 4.41833533579484
AIKOC= 25.64304833184
AIHalfLife= 9.78368080034852
EAppRate= 0.934710877947509
