ICQueenStrength= 5.69813969684765
RQWkrDrnRatio= 3.70436160918325
ICDroneMiteSurvivorship= 10.855443472974
ICWorkerMiteSurvivorship= 77.9483483638614
ICForagerLifespan= 15.0215136921033
ImmType= Sine
AIAdultSlope= 0.961283179402817
AIAdultLD50= 0.377346560242586
AIAdultSlopeContact= 0.0968260221462697
AIAdultLD50Contact= 0.0355756042175926
AILarvaSlope= 0.13541162465699
AILarvaLD50= 0.889804115099832
AIKOW= 4.22130836127326
AIKOC= 19.5226113381796
AIHalfLife= 2.17265278799459
EAppRate= 0
