ICQueenStrength= 3.46611645445228
RQWkrDrnRatio= 3.42630560137331
ICDroneMiteSurvivorship= 87.1879815822467
ICWorkerMiteSurvivorship= 52.3727857740596
ICForagerLifespan= 7.76701138261706
ImmType= Sine
AIAdultSlope= 3.27721545501379
AIAdultLD50= 0.373701023752801
AIAdultSlopeContact= 0.791718483420555
AIAdultLD50Contact= 0.0493192793801427
AILarvaSlope= 0.129338665446267
AILarvaLD50= 0.747336729615927
AIKOW= 6.05303172767162
AIKOC= 14.1789210855495
AIHalfLife= 4.28632250754163
EAppRate= 0.62466602451168
