ICQueenStrength= 4.00600858288817
RQWkrDrnRatio= 1.34795676358044
ICDroneMiteSurvivorship= 47.7598856203258
ICWorkerMiteSurvivorship= 14.9326478363946
ICForagerLifespan= 9.01195748709142
ImmType= Exponential
AIAdultSlope= 3.62685041734949
