ICQueenStrength= 4.10027466272004
RQWkrDrnRatio= 1.32563547510654
ICDroneMiteSurvivorship= 25.9143789066002
ICWorkerMiteSurvivorship= 57.4157730443403
ICForagerLifespan= 13.9793311953545
ImmType= Tangent
AIAdultSlope= 2.51109772730386
AIAdultLD50= 0.00778011023066938
AIAdultSlopeContact= 1.37436461609323
AIAdultLD50Contact= 0.0470673354226165
AILarvaSlope= 2.55307175358757
AILarvaLD50= 0.0728986266301945
AIKOW= 2.74510599533096
AIKOC= 14.654885326745
AIHalfLife= 4.51579784275964
EAppRate= 0.0176696978509426
