ICQueenStrength= 5.44460382452235
RQWkrDrnRatio= 4.37976548541337
ICDroneMiteSurvivorship= 50.8486930746585
ICWorkerMiteSurvivorship= 4.25876926165074
ICForagerLifespan= 5.72736364416778
ImmType= Cosine
AIAdultSlope= 2.30936079891399
AIAdultLD50= 0.238691315404139
AIAdultSlopeContact= 3.75593960324535
AIAdultLD50Contact= 0.0283840011805296
AILarvaSlope= 1.91266934978776
AILarvaLD50= 0.223574953037314
AIKOW= 5.44153110776097
AIKOC= 29.6386013517622
AIHalfLife= 1.7331022513099
EAppRate= 0.0865819822065532
