ICQueenStrength= 5.60299591883086
RQWkrDrnRatio= 1.13582490291446
ICDroneMiteSurvivorship= 11.1124053131789
ICWorkerMiteSurvivorship= 37.6973885111511
ICForagerLifespan= 12.323462584056
ImmType= Polynomial
AIAdultLD50= 0.154012839635834
AIAdultSlopeContact= 3.39188718762947
AIAdultLD50Contact= 0.0483762931777164
AILarvaSlope= 1.62901414548978
AILarvaLD50= 0.621408878825605
AIKOW= 3.13121059490368
AIKOC= 27.2475864400622
AIHalfLife= 8.33262683358043
EAppRate= 0.881246752571315
