ICQueenStrength= 3.9621891293209
RQWkrDrnRatio= 2.42093595862389
ICDroneMiteSurvivorship= 28.604105161503
ICWorkerMiteSurvivorship= 79.336690204218
ICForagerLifespan= 13.468493332155
ImmType= Exponential
AIAdultSlope= 0.195255587203428
AIAdultLD50= 1.83557257452048
AIAdultSlopeContact= 0.80492643374484
AIAdultLD50Contact= 0.0414988839766011
AILarvaSlope= 1.16479200967588
AILarvaLD50= 0.800186477531679
AIKOW= 7.83043383900076
AIKOC= 7.72943313466385
AIHalfLife= 8.41692157648504
EAppRate= 0.865092447726056
