ICQueenStrength= 4.24768160819076
RQWkrDrnRatio= 2.71786540467292
ICDroneMiteSurvivorship= 39.8942084982991
ICWorkerMiteSurvivorship= 69.1985210636631
ICForagerLifespan= 10.1882003359497
ImmType= Logarithmic
AIAdultSlope= 2.59209076655097
AIAdultLD50= 0.132451088866219
AIAdultSlopeContact= 3.56389396577608
AIAdultLD50Contact= 0.0280025351559743
AILarvaSlope= 2.91938410699368
AILarvaLD50= 0.7287902666023
AIKOW= 3.65649676229805
AIKOC= 15.7647727360018
AIHalfLife= 11.6619176273234
EAppRate= 0.464019140927121
