ICQueenStrength= 5.39650129759684
RQWkrDrnRatio= 2.59568804036826
ICDroneMiteSurvivorship= 81.9305054610595
ICWorkerMiteSurvivorship= 36.1495370743796
ICForagerLifespan= 6.19827048387378
ImmType= Polynomial
AIAdultSlope= 2.6763329689391
AIAdultLD50= 2.18661554390565
AIAdultSlopeContact= 1.02443158559036
AIAdultLD50Contact= 0.0132916455622762
AILarvaSlope= 0.157092250324786
AILarvaLD50= 0.0512839757138863
AIKOW= 6.90963013051078
AIKOC= 5.67203694488853
AIHalfLife= 1.530395608861
EAppRate= 0.558887874241918
