ICQueenStrength= 5.59746610955335
RQWkrDrnRatio= 2.40008822456002
ICDroneMiteSurvivorship= 76.6742610605434
ICWorkerMiteSurvivorship= 16.8365709483624
ICForagerLifespan= 6.31790147908032
ImmType= Cosine
AIAdultSlope= 0.606553992535919
AIAdultLD50= 0.274716729414649
AIAdultSlopeContact= 2.1651304913708
AIAdultLD50Contact= 0.0131320596905425
AILarvaSlope= 2.63121290677227
AILarvaLD50= 0.0364185157930478
AIKOW= 3.00238530430943
AIKOC= 27.266591648804
AIHalfLife= 3.8646468531806
EAppRate= 0
