ICQueenStrength= 2.36342382989824
RQWkrDrnRatio= 2.4936442701146
ICDroneMiteSurvivorship= 17.9718662751839
ICWorkerMiteSurvivorship= 5.36591575946659
ICForagerLifespan= 5.40064171887934
ImmType= Logarithmic
AIAdultSlope= 1.82249655309133
AIAdultLD50= 2.44093368365429
AIAdultSlopeContact= 1.95977976366878
AIAdultLD50Contact= 0.0396477964706719
AILarvaSlope= 1.60270266160369
AILarvaLD50= 0.253541507874615
AIKOW= 4.78259569825605
AIKOC= 12.9715220839716
AIHalfLife= 11.3643062231131
EAppRate= 0.01809650240466
