ICQueenStrength= 3.61834740522318
RQWkrDrnRatio= 2.52722293976694
ICDroneMiteSurvivorship= 67.545428709127
ICWorkerMiteSurvivorship= 59.0017337352037
ICForagerLifespan= 10.1417990950868
ImmType= Cosine
AIAdultSlope= 2.45735093485564
