ICQueenStrength= 3.1680043656379
RQWkrDrnRatio= 4.90631359163672
