ICQueenStrength= 5.50615099398419
RQWkrDrnRatio= 4.68208448309451
ICDroneMiteSurvivorship= 55.2585708210245
ICWorkerMiteSurvivorship= 4.83068255707622
ICForagerLifespan= 15.6769326403737
ImmType= Sine
AIAdultSlope= 3.33379864784656
AIAdultLD50= 0.157551594427787
AIAdultSlopeContact= 3.64418664483586
AIAdultLD50Contact= 0.038614703703206
AILarvaSlope= 0.865459979465231
AILarvaLD50= 0.13154856164474
AIKOW= 2.32509512221441
AIKOC= 22.7480253914837
AIHalfLife= 0.576368080219254
EAppRate= 0.115189882181585
