ICQueenStrength= 5.48833670467138
RQWkrDrnRatio= 4.20136290043592
ICDroneMiteSurvivorship= 81.2653204891831
ICWorkerMiteSurvivorship= 19.0890565980226
ICForagerLifespan= 7.09075958840549
ImmType= Logarithmic
AIAdultSlope= 1.55540245019831
AIAdultLD50= 0.262476144707762
AIAdultSlopeContact= 0.0938710733642802
AIAdultLD50Contact= 0.00223665587836877
AILarvaSlope= 1.77500171968713
AILarvaLD50= 0.196309760282747
AIKOW= 2.97947183530778
AIKOC= 28.0787929962389
AIHalfLife= 4.28469238104299
EAppRate= 0.0911394373979419
