ICQueenStrength= 3.33147088438272
RQWkrDrnRatio= 3.22973500285298
ICDroneMiteSurvivorship= 66.4754669880494
ICWorkerMiteSurvivorship= 92.4454326974228
ICForagerLifespan= 13.9112989865243
ImmType= Cosine
AIAdultSlopeContact= 0.0261272964533418
AIAdultLD50Contact= 0.0165508087957278
AILarvaSlope= 2.75085068484768
AILarvaLD50= 0.698376058414579
AIKOW= 4.25470722932369
AIKOC= 5.23138221586123
AIHalfLife= 0.813754954375327
