ICQueenStrength= 2.14207561220974
RQWkrDrnRatio= 2.77028506528586
