ICQueenStrength= 4.1847037456464
RQWkrDrnRatio= 4.74316280707717
ICDroneMiteSurvivorship= 63.9297439483926
ICWorkerMiteSurvivorship= 56.099904794246
ICForagerLifespan= 8.12813719827682
ImmType= Sine
AIAdultSlope= 3.25650309678167
