ICQueenStrength= 2.67018770822324
RQWkrDrnRatio= 2.74931531026959
ICDroneMiteSurvivorship= 93.9779375679791
ICWorkerMiteSurvivorship= 71.2728458456695
ICForagerLifespan= 14.9294433780015
ImmType= Polynomial
AIAdultSlope= 1.02494262624532
AIAdultLD50= 0.166159339714795
AIAdultSlopeContact= 8.14546684967354
AIAdultLD50Contact= 0.0987343220971525
AILarvaSlope= 9.78139524580911
AILarvaLD50= 1.42203707294539
AIKOW= 15.3005110332742
AIKOC= 51.4913165709004
AIHalfLife= 11.1644917242229
EAppRate= 0.783309324644506
