ICQueenStrength= 4.60958153498359
RQWkrDrnRatio= 4.59424061048776
ICDroneMiteSurvivorship= 12.1805913746357
ICWorkerMiteSurvivorship= 13.720199232921
ICForagerLifespan= 7.23767462000251
ImmType= Cosine
AIAdultSlope= 2.77290842048824
AIAdultSlopeContact= 2.15118914988125
AIAdultLD50Contact= 0.0389809155254625
AILarvaSlope= 0.178181347483769
AILarvaLD50= 0.702490162407048
AIKOW= 6.50380075722933
AIKOC= 27.2360733838286
AIHalfLife= 13.9083469216712
