ICQueenStrength= 2.86379266087897
RQWkrDrnRatio= 3.14561257045716
ICDroneMiteSurvivorship= 76.2462767539546
ICWorkerMiteSurvivorship= 84.7435371484607
ICForagerLifespan= 4.18852306436747
ImmType= Tangent
AIAdultSlope= 0.921436790563166
AIAdultLD50= 0.388921734178439
AIAdultSlopeContact= 3.85656734693097
AIAdultLD50Contact= 0.0493098781094886
AILarvaSlope= 1.27205925863236
AILarvaLD50= 0.803390045952983
AIKOW= 2.6762251467444
AIKOC= 10.2418030507397
AIHalfLife= 8.34719022037461
EAppRate= 0.133619784144685
