ICQueenStrength= 1.40559850167483
RQWkrDrnRatio= 1.79998566489667
ICDroneMiteSurvivorship= 91.1601186729968
ICWorkerMiteSurvivorship= 60.2717879693955
ICForagerLifespan= 6.94880239106715
ImmType= Sine
AIAdultSlope= 4.95101305656135
AIAdultLD50= 0.998837839346379
AIAdultSlopeContact= 6.81036920519546
AIAdultLD50Contact= 0.0913089461624622
AILarvaSlope= 4.43219174165279
AILarvaLD50= 1.30868929438293
AIKOW= 9.62163035292178
AIKOC= 88.0491284187883
AIHalfLife= 5.3290574317798
EAppRate= 0.880976050160825
