ICQueenStrength= 5.90301051991992
RQWkrDrnRatio= 1.73224113043398
ICDroneMiteSurvivorship= 83.8218577671796
ICWorkerMiteSurvivorship= 17.9102263879031
ICForagerLifespan= 8.52086579799652
ImmType= Tangent
AIAdultSlope= 3.37841396440286
AIAdultLD50= 0.232362477923743
AIAdultSlopeContact= 0.892397182071581
AIAdultLD50Contact= 0.0405934226815589
AILarvaSlope= 3.00741702080704
AILarvaLD50= 0.766788415540941
AIKOW= 2.06722072465345
AIKOC= 12.0560732507147
AIHalfLife= 1.85677106142975
EAppRate= 0.570696875685826
