ICQueenStrength= 5.01113189407624
RQWkrDrnRatio= 1.82755267806351
ICDroneMiteSurvivorship= 45.0001297518611
ICWorkerMiteSurvivorship= 92.1741126803681
ICForagerLifespan= 5.59965364541858
ImmType= Exponential
AIAdultSlope= 0.821205479977652
AIAdultLD50= 2.4771002351772
AIAdultSlopeContact= 2.78487874638056
AIAdultLD50Contact= 0.00769552403362468
AILarvaSlope= 0.698006001021713
AILarvaLD50= 0.215508622652851
AIKOW= 3.16518660448492
AIKOC= 18.6802414199337
AIHalfLife= 4.91584928892553
EAppRate= 0.330740894190967
