ICQueenStrength= 5.51016755891033
RQWkrDrnRatio= 2.69438176229596
ICDroneMiteSurvivorship= 99.5300249196589
ICWorkerMiteSurvivorship= 55.1537242718041
ICForagerLifespan= 14.1209183484316
ImmType= Polynomial
AIAdultSlopeContact= 1.45109421107918
AIAdultLD50Contact= 0.160547191277146
AILarvaSlope= 8.53442345513031
AILarvaLD50= 0.187832086812705
AIKOW= 89.5062419120222
AIKOC= 49.1880391491577
AIHalfLife= 8.90999163081869
