ICQueenStrength= 2.19787483243272
RQWkrDrnRatio= 2.25976512674242
ICDroneMiteSurvivorship= 51.6140667255968
ICWorkerMiteSurvivorship= 26.507223257795
ICForagerLifespan= 9.7098888643086
ImmType= Exponential
AIAdultSlope= 3.61510042656446
AIAdultLD50= 0.167217693524435
AIAdultSlopeContact= 3.9150077081169
AIAdultLD50Contact= 0.0497221594210714
AILarvaSlope= 3.27108315625228
AILarvaLD50= 0.171789241628721
AIKOW= 3.74465398211032
AIKOC= 27.2313676029444
AIHalfLife= 0.0752812204882503
EAppRate= 0.391834651608951
