ICQueenStrength= 4.04933110834099
RQWkrDrnRatio= 2.87700139265507
ICDroneMiteSurvivorship= 21.5482042636722
ICWorkerMiteSurvivorship= 93.8563440693542
ICForagerLifespan= 5.80915872007608
ImmType= Logarithmic
AIAdultSlopeContact= 2.58852455351036
AIAdultLD50Contact= 0.0351048790500499
AILarvaSlope= 2.56932068155147
AILarvaLD50= 0.294612676464021
AIKOW= 5.93040632968768
AIKOC= 23.5940322058741
AIHalfLife= 9.57691443851218
