ICQueenStrength= 5.38946967711672
RQWkrDrnRatio= 1.10028346534818
ICDroneMiteSurvivorship= 62.858904292807
ICWorkerMiteSurvivorship= 66.2565608974546
ICForagerLifespan= 15.0669498546049
ImmType= Sine
AIAdultSlope= 1.10243601491675
