ICQueenStrength= 1.7465397042688
RQWkrDrnRatio= 2.28490117099136
ICDroneMiteSurvivorship= 29.0593968704343
ICWorkerMiteSurvivorship= 10.9212455805391
ICForagerLifespan= 5.8069166559726
ImmType= Sine
AIAdultSlope= 2.75422384301201
AIAdultLD50= 1.12151620164514
AIAdultSlopeContact= 3.18189392426983
AIAdultLD50Contact= 0.0421448633889668
AILarvaSlope= 3.09225559644401
AILarvaLD50= 0.516816608514637
AIKOW= 5.02397273480892
AIKOC= 15.7218916120473
AIHalfLife= 1.35276814317331
EAppRate= 0.173407720867544
