ICQueenStrength= 1.30188791221008
RQWkrDrnRatio= 1.60278663504869
ICDroneMiteSurvivorship= 42.5383206922561
ICWorkerMiteSurvivorship= 42.5273357424885
ICForagerLifespan= 8.68092210590839
ImmType= Sine
AIAdultSlopeContact= 1.58508509397507
AIAdultLD50Contact= 0.103181081730872
AILarvaSlope= 3.15334757324308
AILarvaLD50= 0.677157057449222
AIKOW= 72.4733930779621
AIKOC= 48.3407439431176
AIHalfLife= 0.558152788318694
