ICQueenStrength= 2.78342245519161
RQWkrDrnRatio= 2.45551632530987
ICDroneMiteSurvivorship= 32.4041964486241
ICWorkerMiteSurvivorship= 86.4059455459937
ICForagerLifespan= 14.8701486410573
ImmType= Logarithmic
AIAdultSlope= 3.03889465673827
AIAdultLD50= 0.213306909659877
AIAdultSlopeContact= 3.48708842926193
AIAdultLD50Contact= 0.00159083121689037
AILarvaSlope= 0.26220242944546
AILarvaLD50= 0.00833844153676182
AIKOW= 7.95010909903795
AIKOC= 13.1339821743313
AIHalfLife= 1.11935471533798
EAppRate= 0
