ICQueenStrength= 2.08508334495127
RQWkrDrnRatio= 4.4280446395278
