ICQueenStrength= 2.71922169160098
RQWkrDrnRatio= 1.46966377086937
ICDroneMiteSurvivorship= 51.9145912490785
ICWorkerMiteSurvivorship= 63.7679021805525
ICForagerLifespan= 15.1147723896429
ImmType= Sine
AIAdultSlope= 2.7106949090492
AIAdultLD50= 1.12443692609668
AIAdultSlopeContact= 1.35322710889857
AIAdultLD50Contact= 0.0215791075257584
AILarvaSlope= 2.35181177607737
AILarvaLD50= 0.839972601667978
AIKOW= 2.79399625770748
AIKOC= 12.0057709119283
AIHalfLife= 7.17052961699665
EAppRate= 0.024422615300864
