ICQueenStrength= 2.92317271139473
RQWkrDrnRatio= 3.00206523481756
ICDroneMiteSurvivorship= 8.53599868714809
ICWorkerMiteSurvivorship= 47.7726121433079
ICForagerLifespan= 14.715554671362
ImmType= Polynomial
AIAdultSlope= 1.76823962233029
AIAdultLD50= 2.65687614236958
AIAdultSlopeContact= 0.776969358364586
AIAdultLD50Contact= 0.0427715419325978
AILarvaSlope= 0.715700597828254
AILarvaLD50= 0.0322690661530942
AIKOW= 6.87481501419097
AIKOC= 10.3871377429459
AIHalfLife= 9.80013443296775
EAppRate= 0.807625489076599
