ICQueenStrength= 5.57914141588844
RQWkrDrnRatio= 1.71679653227329
ICDroneMiteSurvivorship= 9.99837145209312
ICWorkerMiteSurvivorship= 85.3277775691822
ICForagerLifespan= 6.67864114325494
ImmType= Exponential
AIAdultSlope= 9.98038814635947
