ICQueenStrength= 4.54302947223186
RQWkrDrnRatio= 1.90270629711449
