ICQueenStrength= 4.10727816540748
RQWkrDrnRatio= 3.35286147147417
