ICQueenStrength= 5.20945082907565
RQWkrDrnRatio= 2.25825140438974
ICDroneMiteSurvivorship= 96.5463310014457
ICWorkerMiteSurvivorship= 1.79614892695099
ICForagerLifespan= 13.6566280350089
ImmType= Cosine
AIAdultSlope= 3.13542460076977
AIAdultLD50= 0.440290021477267
AIAdultSlopeContact= 2.15763676338131
AIAdultLD50Contact= 0.0391028511803597
AILarvaSlope= 1.02713992390782
AILarvaLD50= 0.392762367264368
AIKOW= 3.19351342925802
AIKOC= 12.1092912694439
AIHalfLife= 1.62626351113431
EAppRate= 0.554181253560819
