ICQueenStrength= 1.24823121959344
RQWkrDrnRatio= 3.25920355971903
ICDroneMiteSurvivorship= 78.1333211576566
ICWorkerMiteSurvivorship= 26.7381797311828
ICForagerLifespan= 12.108728534542
ImmType= Logarithmic
AIAdultSlope= 3.46303559018299
AIAdultLD50= 0.265810683951713
AIAdultSlopeContact= 0.284598575136624
AIAdultLD50Contact= 0.0333892475930043
AILarvaSlope= 0.514422241179272
AILarvaLD50= 0.310887456592172
AIKOW= 3.4563981150277
AIKOC= 20.7246559101623
AIHalfLife= 3.49226406542584
EAppRate= 0.508073002751917
