ICQueenStrength= 5.8011210327968
RQWkrDrnRatio= 3.28105621226132
ICDroneMiteSurvivorship= 30.5059618316591
ICWorkerMiteSurvivorship= 32.8160633333027
ICForagerLifespan= 15.9856442809105
ImmType= Polynomial
AIAdultSlope= 1.40687290146016
AIAdultLD50= 1.0098322648555
AIAdultSlopeContact= 2.98523585819174
AIAdultLD50Contact= 0.0389739500591531
AILarvaSlope= 2.80229052752256
AILarvaLD50= 0.148836283036508
AIKOW= 6.7701140101999
AIKOC= 27.8775532741565
AIHalfLife= 9.80778051866218
EAppRate= 0.472315537976101
