ICQueenStrength= 5.47181826340966
RQWkrDrnRatio= 3.68782067112625
ICDroneMiteSurvivorship= 27.2189667681232
ICWorkerMiteSurvivorship= 46.8594879610464
ICForagerLifespan= 9.17761613614857
ImmType= Polynomial
AIAdultSlopeContact= 0.621058735996485
AIAdultLD50Contact= 0.0191176493652165
AILarvaSlope= 6.89174440223724
AILarvaLD50= 0.409339184407145
AIKOW= 34.0558780124411
AIKOC= 74.2599040269852
AIHalfLife= 3.2155131008476
