ICQueenStrength= 2.97263885173015
RQWkrDrnRatio= 4.00966153293848
ICDroneMiteSurvivorship= 77.3631546413526
ICWorkerMiteSurvivorship= 35.8041882282123
ICForagerLifespan= 11.6690036291257
ImmType= Logarithmic
AIAdultSlopeContact= 3.47294659036445
AIAdultLD50Contact= 0.0117689818725921
AILarvaSlope= 1.10970186912455
AILarvaLD50= 0.396126864664257
AIKOW= 7.71990135777742
AIKOC= 18.5267480218317
AIHalfLife= 13.7618309655227
