ICQueenStrength= 2.19275916949846
RQWkrDrnRatio= 3.93758395500481
ICDroneMiteSurvivorship= 96.6348888818175
ICWorkerMiteSurvivorship= 91.9907516101375
ICForagerLifespan= 12.132205074653
ImmType= Polynomial
AIAdultSlope= 2.72444666341413
AIAdultLD50= 0.374722516979091
AIAdultSlopeContact= 1.04189729190432
AIAdultLD50Contact= 0.0296145246247761
AILarvaSlope= 3.36681249691173
AILarvaLD50= 0.700874162279069
AIKOW= 2.9983596955426
AIKOC= 11.2988936144393
AIHalfLife= 1.44493857515045
EAppRate= 0.352084426325746
