ICQueenStrength= 4.59056409262121
RQWkrDrnRatio= 4.24115216638893
