ICQueenStrength= 5.22137517947704
RQWkrDrnRatio= 3.69556158687919
ICDroneMiteSurvivorship= 47.2007639706135
ICWorkerMiteSurvivorship= 78.7701843306422
ICForagerLifespan= 11.7228350415826
ImmType= Polynomial
AIAdultSlopeContact= 2.0600049981731
AIAdultLD50Contact= 0.0340728001086973
AILarvaSlope= 1.61855139820836
AILarvaLD50= 0.864918873854913
AIKOW= 5.80034152744338
AIKOC= 27.649491665652
AIHalfLife= 2.38132496317849
