ICQueenStrength= 4.57818493735977
RQWkrDrnRatio= 3.02088459581137
ICDroneMiteSurvivorship= 9.87084859516472
ICWorkerMiteSurvivorship= 21.7700961511582
ICForagerLifespan= 5.35401531774551
ImmType= Cosine
AIAdultSlope= 0.415903963136952
AIAdultLD50= 0.387694893754087
AIAdultSlopeContact= 2.10029942296911
AIAdultLD50Contact= 0.0472261472023092
AILarvaSlope= 2.91578798708506
AILarvaLD50= 0.0325172962155193
AIKOW= 6.35589506430551
AIKOC= 19.3008070881478
AIHalfLife= 1.83109581586905
EAppRate= 0.480990150687285
