ICQueenStrength= 2.61689755623229
RQWkrDrnRatio= 4.06825050804764
ICDroneMiteSurvivorship= 15.8279032446444
ICWorkerMiteSurvivorship= 78.4738065674901
ICForagerLifespan= 6.90551541559398
ImmType= Tangent
AIAdultSlope= 2.05348416716326
AIAdultLD50= 0.2864781714743
AIAdultSlopeContact= 0.226409869459458
AIAdultLD50Contact= 0.0173870597733185
AILarvaSlope= 3.23500478491187
AILarvaLD50= 0.744184545823373
AIKOW= 2.42883156752214
AIKOC= 19.3161693646107
AIHalfLife= 3.40126815834083
EAppRate= 0
