ICQueenStrength= 4.27506455825642
RQWkrDrnRatio= 1.15597325656563
ICDroneMiteSurvivorship= 77.5024553295225
ICWorkerMiteSurvivorship= 62.6841560704634
ICForagerLifespan= 4.66256430000067
ImmType= Polynomial
AIAdultSlope= 2.41291320039891
AIAdultSlopeContact= 3.88253232262563
AIAdultLD50Contact= 0.037017972196918
AILarvaSlope= 0.371490739285946
AILarvaLD50= 0.549631883273832
AIKOW= 5.50276266364381
AIKOC= 25.3990964917466
AIHalfLife= 1.33919619536027
