ICQueenStrength= 4.1285113922786
RQWkrDrnRatio= 3.48110963497311
ICDroneMiteSurvivorship= 17.7221294492483
ICWorkerMiteSurvivorship= 62.0868137804791
ICForagerLifespan= 7.06444227602333
ImmType= Exponential
AIAdultSlopeContact= 2.92634634353919
AIAdultLD50Contact= 0.000391881284303963
AILarvaSlope= 2.60490690488368
AILarvaLD50= 0.71720089847222
AIKOW= 6.06356521090493
AIKOC= 22.1360583335627
AIHalfLife= 11.0112125137821
