ICQueenStrength= 5.42866592784412
RQWkrDrnRatio= 1.12354770954698
ICDroneMiteSurvivorship= 94.4093293743208
ICWorkerMiteSurvivorship= 23.6775759374723
ICForagerLifespan= 12.8129102438688
ImmType= Cosine
AIAdultSlope= 1.84569709267002
AIAdultLD50= 0.103391406941228
AIAdultSlopeContact= 2.76144633138087
AIAdultLD50Contact= 0.0171883233357221
AILarvaSlope= 1.33499612617306
AILarvaLD50= 0.48514016282279
AIKOW= 2.7073072148487
AIKOC= 14.1378588287625
AIHalfLife= 3.48028214764781
EAppRate= 0
