ICQueenStrength= 1.67886894918047
RQWkrDrnRatio= 4.489183569327
ICDroneMiteSurvivorship= 12.4031266430393
ICWorkerMiteSurvivorship= 78.3549359301105
ICForagerLifespan= 13.5394429462031
ImmType= Cosine
AIAdultSlope= 2.78170996462461
AIAdultLD50= 0.385278573841788
AIAdultSlopeContact= 0.437162839171942
AIAdultLD50Contact= 0.0077683767885901
AILarvaSlope= 1.17534413686953
AILarvaLD50= 0.0748974555172026
AIKOW= 2.4021838796325
AIKOC= 5.12341499677859
AIHalfLife= 2.59916390641592
EAppRate= 0.373670062865131
