ICQueenStrength= 1.32305633532815
RQWkrDrnRatio= 2.87663449533284
ICDroneMiteSurvivorship= 15.4157384531572
ICWorkerMiteSurvivorship= 22.0120786689222
ICForagerLifespan= 15.4234916297719
ImmType= Exponential
AIAdultSlopeContact= 1.221103793371
AIAdultLD50Contact= 0.00401488260831684
AILarvaSlope= 1.29995044758543
AILarvaLD50= 0.82088567353785
AIKOW= 3.28146228613332
AIKOC= 5.42293673031963
AIHalfLife= 10.8570005767979
