ICQueenStrength= 2.69081966392696
RQWkrDrnRatio= 4.08094848692417
ICDroneMiteSurvivorship= 53.1388677190989
ICWorkerMiteSurvivorship= 30.6112177670002
ICForagerLifespan= 4.17143409885466
ImmType= Tangent
AIAdultSlopeContact= 0.65720222890377
AIAdultLD50Contact= 0.00361890816129744
AILarvaSlope= 0.716759243514389
AILarvaLD50= 1.70410229964182
AIKOW= 61.3516169367358
AIKOC= 2.15362939052284
AIHalfLife= 0.72501954715699
