ICQueenStrength= 1.19650143687613
RQWkrDrnRatio= 3.24641660321504
ICDroneMiteSurvivorship= 47.9467515600845
ICWorkerMiteSurvivorship= 48.1311997631565
ICForagerLifespan= 15.1954970881343
ImmType= Exponential
AIAdultLD50= 0.154012839635834
AIAdultSlopeContact= 1.53699765888741
AIAdultLD50Contact= 0.0337868105736561
AILarvaSlope= 0.555050765443593
AILarvaLD50= 0.865870413486846
AIKOW= 4.76120027154684
AIKOC= 18.4402787080035
AIHalfLife= 11.2746837045997
EAppRate= 0.986712221056223
