ICQueenStrength= 1.48942195833661
RQWkrDrnRatio= 2.64745204988867
ICDroneMiteSurvivorship= 66.1701897392049
ICWorkerMiteSurvivorship= 98.2042182702571
ICForagerLifespan= 10.3284250581637
ImmType= Tangent
AIAdultSlope= 3.07878993917257
AIAdultLD50= 1.99088021018542
AIAdultSlopeContact= 0.993556107503828
AIAdultLD50Contact= 0.0213188726804219
AILarvaSlope= 2.19686041716486
AILarvaLD50= 0.0277565948199481
AIKOW= 4.39223469980061
AIKOC= 23.885471590329
AIHalfLife= 5.37042434699833
EAppRate= 0.440148267894983
