ICQueenStrength= 2.40587720437907
RQWkrDrnRatio= 3.31536995433271
ICDroneMiteSurvivorship= 8.23792032897472
ICWorkerMiteSurvivorship= 11.6472036344931
ICForagerLifespan= 10.7428786121309
ImmType= Sine
AIAdultSlope= 2.67084703583736
AIAdultLD50= 0.101656051469035
AIAdultSlopeContact= 3.68363364263205
AIAdultLD50Contact= 0.0152265528449789
AILarvaSlope= 2.18222024687566
AILarvaLD50= 0.63116116784513
AIKOW= 6.20791913941503
AIKOC= 8.38823311612941
AIHalfLife= 4.00863341987133
EAppRate= 0
