ICQueenStrength= 3.07665957510471
RQWkrDrnRatio= 2.21291303448379
ICDroneMiteSurvivorship= 82.568046101369
ICWorkerMiteSurvivorship= 58.9872793760151
ICForagerLifespan= 4.94332424923778
ImmType= Exponential
AIAdultSlope= 3.74340612383327
AIAdultLD50= 0.155276130302809
AIAdultSlopeContact= 1.65884543582099
AIAdultLD50Contact= 0.0156010463717394
AILarvaSlope= 0.632074140524492
AILarvaLD50= 0.881029159761965
AIKOW= 2.95226563187316
AIKOC= 15.1285491837189
AIHalfLife= 0.157219748944044
EAppRate= 0
