ICQueenStrength= 1.03142617526464
RQWkrDrnRatio= 2.41490675136447
ICDroneMiteSurvivorship= 58.888088259846
ICWorkerMiteSurvivorship= 98.3298458624631
ICForagerLifespan= 4.09617385081947
ImmType= Tangent
AIAdultSlopeContact= 0.940632887030952
AIAdultLD50Contact= 0.0162769715650938
AILarvaSlope= 0.215687477961183
AILarvaLD50= 0.665045017492957
AIKOW= 3.55919441953301
AIKOC= 27.8120482410304
AIHalfLife= 2.13573431735858
