ICQueenStrength= 2.42378781083971
RQWkrDrnRatio= 4.46263235155493
