ICQueenStrength= 5.3888288596645
RQWkrDrnRatio= 4.03751627169549
ICDroneMiteSurvivorship= 7.55483948159963
ICWorkerMiteSurvivorship= 21.3487864239141
ICForagerLifespan= 8.00416698958725
ImmType= Cosine
AIAdultSlopeContact= 6.16273641586304
AIAdultLD50Contact= 0.0525149437133223
AILarvaSlope= 8.43123629223555
AILarvaLD50= 1.1250962074846
AIKOW= 68.865402135998
AIKOC= 75.2567395335063
AIHalfLife= 0.813539108261466
