ICQueenStrength= 5.66588597046211
RQWkrDrnRatio= 4.11718798521906
ICDroneMiteSurvivorship= 51.6984599409625
ICWorkerMiteSurvivorship= 90.9784483257681
ICForagerLifespan= 10.1436514593661
ImmType= Sine
AIAdultSlope= 2.9570762384939
AIAdultLD50= 0.0113576158182696
AIAdultSlopeContact= 1.34636845635949
AIAdultLD50Contact= 0.0217475538374856
AILarvaSlope= 2.37472058292478
AILarvaLD50= 0.449418724444695
AIKOW= 2.54393330356106
AIKOC= 22.1796027221717
AIHalfLife= 2.96939472784288
EAppRate= 0.380921709327958
