ICQueenStrength= 1.72116774623282
RQWkrDrnRatio= 1.56617816258222
ICDroneMiteSurvivorship= 85.7135270955041
ICWorkerMiteSurvivorship= 51.9617260200903
ICForagerLifespan= 6.58711024094373
ImmType= Polynomial
AIAdultSlope= 0.714528807206079
AIAdultSlopeContact= 1.62514253224712
AIAdultLD50Contact= 0.0496649502078071
AILarvaSlope= 0.36844021785073
AILarvaLD50= 0.133572384528816
AIKOW= 7.05012834304944
AIKOC= 9.24508583382703
AIHalfLife= 4.19896674063057
