ICQueenStrength= 3.98366221948527
RQWkrDrnRatio= 3.29553191456944
ICDroneMiteSurvivorship= 72.2580039640889
ICWorkerMiteSurvivorship= 76.1736700544134
ICForagerLifespan= 6.1047849887982
ImmType= Exponential
AIAdultSlope= 2.555549881279
AIAdultLD50= 0.453116748598404
AIAdultSlopeContact= 0.859871756639332
AIAdultLD50Contact= 0.0248458595015109
AILarvaSlope= 0.0356992569752037
AILarvaLD50= 0.236025016056374
AIKOW= 7.22170200897381
AIKOC= 22.2303610073868
AIHalfLife= 0.963414823636413
EAppRate= 0.375418417202309
