ICQueenStrength= 1.77212754753418
RQWkrDrnRatio= 3.07284475956112
ICDroneMiteSurvivorship= 61.2259891815484
ICWorkerMiteSurvivorship= 67.0239330036566
ICForagerLifespan= 10.417515616864
ImmType= Exponential
AIAdultSlope= 3.20240937871858
AIAdultLD50= 2.93482602853328
AIAdultSlopeContact= 3.21731394072762
AIAdultLD50Contact= 0.0228382776957005
AILarvaSlope= 2.42552445926703
AILarvaLD50= 0.864432170893997
AIKOW= 2.96928881341591
AIKOC= 19.9663334013894
AIHalfLife= 9.84544589696452
EAppRate= 0.870839074486867
