ICQueenStrength= 3.28716060286388
RQWkrDrnRatio= 4.254035115242
ICDroneMiteSurvivorship= 99.4218745734543
ICWorkerMiteSurvivorship= 3.03389381151646
ICForagerLifespan= 5.07737887371331
ImmType= Cosine
AIAdultSlopeContact= 1.12791169192409
AIAdultLD50Contact= 0.0350555857061408
AILarvaSlope= 3.05335313668475
AILarvaLD50= 0.410469972761348
AIKOW= 3.85445415601134
AIKOC= 21.8230749317445
AIHalfLife= 6.81719430396333
