ICQueenStrength= 2.76264685578644
RQWkrDrnRatio= 4.51463077869266
ICDroneMiteSurvivorship= 51.3589462963864
ICWorkerMiteSurvivorship= 54.4352818047628
ICForagerLifespan= 8.38859148416668
ImmType= Cosine
AIAdultLD50= 0.154012839635834
AIAdultSlopeContact= 1.89716659461614
AIAdultLD50Contact= 0.00683676605112851
AILarvaSlope= 1.50816416041926
AILarvaLD50= 0.848151558008976
AIKOW= 4.67161537334323
AIKOC= 29.9639219488017
AIHalfLife= 5.45363805349916
EAppRate= 1.17835724446923
