ICQueenStrength= 4.94840868306346
RQWkrDrnRatio= 1.46917011681944
ICDroneMiteSurvivorship= 43.2514213724062
ICWorkerMiteSurvivorship= 60.4711630381644
ICForagerLifespan= 5.31363737117499
ImmType= Sine
AIAdultSlope= 5.47396113863215
AIAdultLD50= 0.843942353501916
AIAdultSlopeContact= 8.66724224993959
AIAdultLD50Contact= 0.150006324797869
AILarvaSlope= 8.32186014857143
AILarvaLD50= 0.822176676243544
AIKOW= 90.8444906817749
AIKOC= 28.0962573364377
AIHalfLife= 6.62142913136631
EAppRate= 0.586166112218052
