ICQueenStrength= 2.76354758790694
RQWkrDrnRatio= 2.86846031062305
ICDroneMiteSurvivorship= 58.6761860875413
ICWorkerMiteSurvivorship= 4.56972105894238
ICForagerLifespan= 5.80670915637165
ImmType= Logarithmic
AIAdultSlope= 3.34371959092095
