ICQueenStrength= 5.97482756734826
RQWkrDrnRatio= 2.26080304756761
ICDroneMiteSurvivorship= 66.3579938234761
ICWorkerMiteSurvivorship= 22.0807637320831
ICForagerLifespan= 9.6047208737582
ImmType= Tangent
AIAdultSlope= 0.284222239314113
AIAdultLD50= 0.242737658787519
AIAdultSlopeContact= 2.32986620631767
AIAdultLD50Contact= 0.0129877539002337
AILarvaSlope= 0.527060461975634
AILarvaLD50= 0.838019686331973
AIKOW= 3.94477536948398
AIKOC= 24.3117988645099
AIHalfLife= 3.30496019916609
EAppRate= 0
