ICQueenStrength= 5.30053760879673
RQWkrDrnRatio= 1.37193519063294
ICDroneMiteSurvivorship= 86.3447614945471
ICWorkerMiteSurvivorship= 94.0000077011064
ICForagerLifespan= 9.29848907794803
ImmType= Polynomial
AIAdultSlopeContact= 8.06509057059884
AIAdultLD50Contact= 0.120970113808289
AILarvaSlope= 5.67273323889822
AILarvaLD50= 1.30032546352595
AIKOW= 37.0447991183028
AIKOC= 77.5489292107522
AIHalfLife= 0.852968506515026
