ICQueenStrength= 1.29456271557137
RQWkrDrnRatio= 2.92264393344522
ICDroneMiteSurvivorship= 41.9336125953123
ICWorkerMiteSurvivorship= 95.061817439273
ICForagerLifespan= 7.91672986187041
ImmType= Exponential
AIAdultSlopeContact= 0.35126781091094
AIAdultLD50Contact= 0.16627233424224
AILarvaSlope= 5.75566964922473
AILarvaLD50= 1.61289663799107
AIKOW= 38.2574382005259
AIKOC= 98.8821488805115
AIHalfLife= 2.75562472362071
