ICQueenStrength= 1.08237672736868
RQWkrDrnRatio= 2.4651404377073
ICDroneMiteSurvivorship= 23.3989359112456
ICWorkerMiteSurvivorship= 11.903831269592
ICForagerLifespan= 5.89342938829213
ImmType= Tangent
AIAdultSlope= 1.35334716862999
AIAdultLD50= 2.38453441928141
AIAdultSlopeContact= 2.91075579495868
AIAdultLD50Contact= 0.0181935581145808
AILarvaSlope= 3.0509314973373
AILarvaLD50= 0.00233553224243224
AIKOW= 3.14016752596945
AIKOC= 29.7969650023151
AIHalfLife= 5.21337780402973
EAppRate= 0.596544431755319
