ICQueenStrength= 5.92339632473886
RQWkrDrnRatio= 3.97586325928569
ICDroneMiteSurvivorship= 79.5959978830069
ICWorkerMiteSurvivorship= 59.5831241924316
ICForagerLifespan= 4.31799190491438
ImmType= Logarithmic
AIAdultSlope= 3.76121970779495
AIAdultLD50= 0.354059860575944
AIAdultSlopeContact= 2.93095761006698
AIAdultLD50Contact= 0.0429397195577622
AILarvaSlope= 1.5153789433185
AILarvaLD50= 0.142450235062279
AIKOW= 7.83526058727875
AIKOC= 6.9535016908776
AIHalfLife= 1.55348981032148
EAppRate= 0.699695878243074
