ICQueenStrength= 2.85116189648397
RQWkrDrnRatio= 2.74619618523866
ICDroneMiteSurvivorship= 89.9851161986589
ICWorkerMiteSurvivorship= 27.0080923102796
ICForagerLifespan= 13.1464214771986
ImmType= Cosine
AIAdultSlope= 3.78842007352738
AIAdultLD50= 0.159387275460176
AIAdultSlopeContact= 2.7664636857505
AIAdultLD50Contact= 0.0382059830008075
AILarvaSlope= 1.07392548816279
AILarvaLD50= 0.58148534281645
AIKOW= 4.51464217947796
AIKOC= 28.5932249866892
AIHalfLife= 0.907955210423097
EAppRate= 0.449131744750775
