ICQueenStrength= 1.34733690554276
RQWkrDrnRatio= 2.04121152218431
ICDroneMiteSurvivorship= 33.4337388165295
ICWorkerMiteSurvivorship= 28.3354428363964
ICForagerLifespan= 10.510816774331
ImmType= Logarithmic
AIAdultSlopeContact= 1.95933189855656
AIAdultLD50Contact= 0.0435055351816118
AILarvaSlope= 0.414122930867597
AILarvaLD50= 0.293972819368355
AIKOW= 4.6120655904524
AIKOC= 7.64919896726497
AIHalfLife= 2.61001993482932
