ICQueenStrength= 4.04149492294528
RQWkrDrnRatio= 2.05399456992745
ICDroneMiteSurvivorship= 12.435269029811
ICWorkerMiteSurvivorship= 1.08220551628619
ICForagerLifespan= 10.4812367670238
ImmType= Cosine
AIAdultSlope= 2.40590347349644
AIAdultSlopeContact= 0.652657062867656
AIAdultLD50Contact= 0.00923414996359497
AILarvaSlope= 0.866766776842996
AILarvaLD50= 0.54411954456009
AIKOW= 7.67279526451603
AIKOC= 15.4970979853533
AIHalfLife= 6.49867441691458
