ICQueenStrength= 3.96238209004514
RQWkrDrnRatio= 4.75925769284368
ICDroneMiteSurvivorship= 28.768961247988
ICWorkerMiteSurvivorship= 41.3375925505534
ICForagerLifespan= 5.5069167772308
ImmType= Exponential
AIAdultSlopeContact= 3.01259807436029
AIAdultLD50Contact= 0.0041504550841637
AILarvaSlope= 0.829751469986513
AILarvaLD50= 0.394206265127286
AIKOW= 5.51444617332891
AIKOC= 6.81026230566204
AIHalfLife= 11.5871963594109
