ICQueenStrength= 4.91176882199943
RQWkrDrnRatio= 2.74458480253816
ICDroneMiteSurvivorship= 83.9507156983018
ICWorkerMiteSurvivorship= 71.6801496688277
ICForagerLifespan= 15.9116862732917
ImmType= Logarithmic
AIAdultLD50= 0.154012839635834
AIAdultSlopeContact= 0.643761020593811
AIAdultLD50Contact= 0.00791201810352504
AILarvaSlope= 1.00326452967711
AILarvaLD50= 0.83829721994698
AIKOW= 2.25136706931517
AIKOC= 25.252786448691
AIHalfLife= 7.70892188232392
EAppRate= 1.93566421791911
