ICQueenStrength= 4.18086926592514
RQWkrDrnRatio= 4.61267059668899
ICDroneMiteSurvivorship= 46.2586430134252
ICWorkerMiteSurvivorship= 34.2678843764588
ICForagerLifespan= 5.27894719410688
ImmType= Tangent
AIAdultSlopeContact= 2.61918200872606
AIAdultLD50Contact= 0.0479142358410172
AILarvaSlope= 1.81817009099759
AILarvaLD50= 0.154501875839196
AIKOW= 5.22531630424783
AIKOC= 7.5431111396756
AIHalfLife= 1.03630285244435
