ICQueenStrength= 2.23884558212012
RQWkrDrnRatio= 2.92426838725805
ICDroneMiteSurvivorship= 56.6459603141993
ICWorkerMiteSurvivorship= 21.2980284355581
ICForagerLifespan= 8.16648062504828
ImmType= Polynomial
AIAdultSlope= 3.12416629283689
AIAdultSlopeContact= 2.54726970626274
AIAdultLD50Contact= 0.0366643416346051
AILarvaSlope= 0.80136937587522
AILarvaLD50= 0.455744482227601
AIKOW= 3.03756069717929
AIKOC= 7.64051599078812
AIHalfLife= 4.81921572238207
