ICQueenStrength= 1.74094853363931
RQWkrDrnRatio= 2.33329417929053
ICDroneMiteSurvivorship= 60.9484062064439
ICWorkerMiteSurvivorship= 99.0757290506735
ICForagerLifespan= 5.9860203973949
ImmType= Exponential
AIAdultSlope= 0.501776415249333
AIAdultLD50= 2.09714130149223
AIAdultSlopeContact= 1.24214024069253
AIAdultLD50Contact= 0.0239380894228816
AILarvaSlope= 1.69793624919839
AILarvaLD50= 0.671155144111253
AIKOW= 4.451868660748
AIKOC= 13.6752548522782
AIHalfLife= 4.02249462110922
EAppRate= 0.106570223579183
