ICQueenStrength= 1.87100587435998
RQWkrDrnRatio= 4.63114374596626
ICDroneMiteSurvivorship= 67.812677891925
ICWorkerMiteSurvivorship= 48.4361648792401
ICForagerLifespan= 14.2593213338405
ImmType= Sine
AIAdultSlope= 1.88851781487465
AIAdultLD50= 0.651845198124647
AIAdultSlopeContact= 2.24865713395178
AIAdultLD50Contact= 0.0467469284660183
AILarvaSlope= 3.29293670193292
AILarvaLD50= 0.775538283633068
AIKOW= 2.57378858793527
AIKOC= 5.91703339130618
AIHalfLife= 2.45982593065128
EAppRate= 0.874815233051777
