ICQueenStrength= 2.09216405660845
RQWkrDrnRatio= 1.34150662086904
ICDroneMiteSurvivorship= 29.1793686337769
ICWorkerMiteSurvivorship= 20.7908037584275
ICForagerLifespan= 5.14908270537853
ImmType= Polynomial
AIAdultSlopeContact= 2.84921405271627
AIAdultLD50Contact= 0.000922198418993503
AILarvaSlope= 2.73441746518947
AILarvaLD50= 0.696305646188557
AIKOW= 2.40558104962111
AIKOC= 21.7884682305157
AIHalfLife= 10.0346473567188
