ICQueenStrength= 5.88893495756201
RQWkrDrnRatio= 4.22051977366209
ICDroneMiteSurvivorship= 44.7358707431704
ICWorkerMiteSurvivorship= 93.1115776766092
ICForagerLifespan= 4.71930200327188
ImmType= Logarithmic
AIAdultSlope= 3.5063743369421
AIAdultLD50= 0.28469250514172
AIAdultSlopeContact= 1.03231916205492
AIAdultLD50Contact= 0.027059297892265
AILarvaSlope= 2.34937077360228
AILarvaLD50= 0.45824162971694
AIKOW= 2.68207821575925
AIKOC= 15.4907369764987
AIHalfLife= 4.94543120614253
EAppRate= 0.0327194581273943
