ICQueenStrength= 5.26500214030966
RQWkrDrnRatio= 1.08512519393116
ICDroneMiteSurvivorship= 75.5897391587496
ICWorkerMiteSurvivorship= 77.4432231206447
ICForagerLifespan= 6.72551250271499
ImmType= Exponential
AIAdultSlopeContact= 3.89766435520956
AIAdultLD50Contact= 0.016404263919685
AILarvaSlope= 3.00706220613793
AILarvaLD50= 0.354940828168765
AIKOW= 2.60115939518437
AIKOC= 8.49793153000064
AIHalfLife= 0.687213007360697
