ICQueenStrength= 4.3231054188218
RQWkrDrnRatio= 4.5302127674222
ICDroneMiteSurvivorship= 26.1249897768721
ICWorkerMiteSurvivorship= 20.0476961908862
ICForagerLifespan= 6.03933242242783
ImmType= Cosine
AIAdultSlope= 2.21499371072277
AIAdultLD50= 0.821153412340209
AIAdultSlopeContact= 1.14516139116604
AIAdultLD50Contact= 0.0441263815155253
AILarvaSlope= 0.435598630364984
AILarvaLD50= 0.654019312863238
AIKOW= 7.09734937176108
AIKOC= 21.1130532971583
AIHalfLife= 6.4324259548448
EAppRate= 0.461471947142854
