ICQueenStrength= 1.65479705226608
RQWkrDrnRatio= 2.85143426991999
ICDroneMiteSurvivorship= 51.9489588914439
ICWorkerMiteSurvivorship= 51.6423106659204
ICForagerLifespan= 10.140219790861
ImmType= Cosine
AIAdultSlopeContact= 0.80517439896008
AIAdultLD50Contact= 0.0156039902474731
AILarvaSlope= 0.244450834905729
AILarvaLD50= 0.56613342363853
AIKOW= 3.87413257779554
AIKOC= 9.80469409376383
AIHalfLife= 3.07450987165794
