ICQueenStrength= 4.08763079578057
RQWkrDrnRatio= 4.75756744202226
ICDroneMiteSurvivorship= 45.6681539537385
ICWorkerMiteSurvivorship= 54.8733631381765
ICForagerLifespan= 5.91013120766729
ImmType= Polynomial
AIAdultSlope= 0.996536199841648
AIAdultLD50= 2.10653643147089
AIAdultSlopeContact= 0.155611922177486
AIAdultLD50Contact= 0.0491312353638932
AILarvaSlope= 1.18749746885151
AILarvaLD50= 0.549561010720208
AIKOW= 5.8012333563529
AIKOC= 21.6749112540856
AIHalfLife= 7.67239499464631
EAppRate= 0.0513752482365817
