ICQueenStrength= 3.54347753128968
RQWkrDrnRatio= 1.62055519036949
ICDroneMiteSurvivorship= 52.2530507994816
ICWorkerMiteSurvivorship= 76.5395044116303
ICForagerLifespan= 6.3149364059791
ImmType= Tangent
AIAdultSlope= 2.58200077154674
AIAdultLD50= 0.267895008437335
AIAdultSlopeContact= 2.01083017161582
AIAdultLD50Contact= 0.0367595985881053
AILarvaSlope= 1.13494827728719
AILarvaLD50= 0.288230306049809
AIKOW= 4.43913003848866
AIKOC= 18.5594238876365
AIHalfLife= 4.7962566150818
EAppRate= 0.347350808070041
