ICQueenStrength= 4.10271183494478
RQWkrDrnRatio= 1.7974007986486
ICDroneMiteSurvivorship= 29.1522433981299
ICWorkerMiteSurvivorship= 64.0423650154844
ICForagerLifespan= 10.7563790362328
ImmType= Sine
AIAdultSlope= 1.15458014297532
AIAdultLD50= 0.00178640044759959
AIAdultSlopeContact= 3.47153557785787
AIAdultLD50Contact= 0.0263697300222702
AILarvaSlope= 0.557816882431507
AILarvaLD50= 0.875124598690309
AIKOW= 2.46803159406409
AIKOC= 21.3152678404003
AIHalfLife= 2.04471916542388
EAppRate= 0
