ICQueenStrength= 1.79568388289772
RQWkrDrnRatio= 4.82717889081687
ICDroneMiteSurvivorship= 59.644738631323
ICWorkerMiteSurvivorship= 15.3532119002193
ICForagerLifespan= 9.05029956437647
ImmType= Logarithmic
AIAdultSlope= 0.369804910677485
AIAdultLD50= 0.407138160895556
AIAdultSlopeContact= 2.43022166160867
AIAdultLD50Contact= 0.0335651753470302
AILarvaSlope= 2.88564761728048
AILarvaLD50= 0.124656509701163
AIKOW= 3.30083335470408
AIKOC= 11.8679494201206
AIHalfLife= 3.30067494185641
EAppRate= 0.536813000333495
