ICQueenStrength= 1.39549523033202
RQWkrDrnRatio= 3.8879542350769
ICDroneMiteSurvivorship= 21.7937838984653
ICWorkerMiteSurvivorship= 96.6909623937681
ICForagerLifespan= 15.0644125910476
ImmType= Polynomial
AIAdultSlope= 1.91438423004001
