ICQueenStrength= 2.51686125085689
RQWkrDrnRatio= 4.76756861619651
ICDroneMiteSurvivorship= 36.334389843978
ICWorkerMiteSurvivorship= 16.4601411437616
ICForagerLifespan= 11.2035440513864
ImmType= Polynomial
AIAdultSlope= 0.628230604808778
AIAdultLD50= 1.81782693020068
AIAdultSlopeContact= 0.312554002557881
AIAdultLD50Contact= 0.0445089565706439
AILarvaSlope= 0.0434517878107727
AILarvaLD50= 0.322232138947584
AIKOW= 7.98600972769782
AIKOC= 14.9678842001595
AIHalfLife= 3.78313242876902
EAppRate= 0.807515912456438
