ICQueenStrength= 3.97720368835144
RQWkrDrnRatio= 1.45537427905947
ICDroneMiteSurvivorship= 50.9895984781906
ICWorkerMiteSurvivorship= 11.1782973166555
ICForagerLifespan= 10.7070751199499
ImmType= Exponential
AIAdultSlope= 1.62452773373807
AIAdultLD50= 0.194643536000513
AIAdultSlopeContact= 3.4989764165855
AIAdultLD50Contact= 0.00116682358784601
AILarvaSlope= 0.916691722348332
AILarvaLD50= 0.221505216602236
AIKOW= 7.88482129853219
AIKOC= 28.1611422670539
AIHalfLife= 3.63359242212027
EAppRate= 0.191733725205995
