ICQueenStrength= 3.51341555849649
RQWkrDrnRatio= 2.88689575716853
ICDroneMiteSurvivorship= 9.56175196915865
ICWorkerMiteSurvivorship= 32.0620304672047
ICForagerLifespan= 10.6546626491472
ImmType= Tangent
AIAdultSlope= 0.416687254142016
AIAdultLD50= 0.644202328054234
AIAdultSlopeContact= 0.285816113962792
AIAdultLD50Contact= 0.0106159325107001
AILarvaSlope= 0.00391283212229609
AILarvaLD50= 0.571141357021406
AIKOW= 4.34352833218873
AIKOC= 8.92250358709134
AIHalfLife= 10.1178565388545
EAppRate= 0.548869954189286
