ICQueenStrength= 1.99858863162808
RQWkrDrnRatio= 1.74314128607512
ICDroneMiteSurvivorship= 53.3065414987504
ICWorkerMiteSurvivorship= 93.0214717518538
ICForagerLifespan= 6.07723861839622
ImmType= Tangent
AIAdultSlope= 0.879491978138685
AIAdultLD50= 1.07185000623576
AIAdultSlopeContact= 2.85163530617952
AIAdultLD50Contact= 0.0089144267491065
AILarvaSlope= 0.638517325744033
AILarvaLD50= 0.873319342522882
AIKOW= 7.56463437853381
AIKOC= 18.2646727957763
AIHalfLife= 8.5730693875812
EAppRate= 0.388876341748983
