ICQueenStrength= 5.75738849374466
RQWkrDrnRatio= 2.43856055103242
ICDroneMiteSurvivorship= 65.7491636928171
ICWorkerMiteSurvivorship= 67.8800202673301
ICForagerLifespan= 10.2513859076425
ImmType= Polynomial
AIAdultSlope= 3.3594555826392
AIAdultLD50= 1.4594030182343
AIAdultSlopeContact= 0.298021241433453
AIAdultLD50Contact= 0.0413650739355944
AILarvaSlope= 0.49059122777544
AILarvaLD50= 0.468666617595591
AIKOW= 5.69381520617753
AIKOC= 10.8753516233992
AIHalfLife= 11.5470618284307
EAppRate= 0.152365855174139
