ICQueenStrength= 2.82090502581559
RQWkrDrnRatio= 4.03357726428658
ICDroneMiteSurvivorship= 76.462917868048
ICWorkerMiteSurvivorship= 64.9729233933613
ICForagerLifespan= 6.97116868104786
ImmType= Exponential
AIAdultSlopeContact= 8.9947271393612
AIAdultLD50Contact= 0.15850339573808
AILarvaSlope= 7.54738534800708
AILarvaLD50= 0.0365636320784688
AIKOW= 75.7918795337901
AIKOC= 54.6682240441442
AIHalfLife= 4.76726778084412
