ICQueenStrength= 2.26787122990936
RQWkrDrnRatio= 2.08086902461946
