ICQueenStrength= 2.59715073998086
RQWkrDrnRatio= 2.94468532595783
ICDroneMiteSurvivorship= 68.5804789187387
ICWorkerMiteSurvivorship= 0.315423402935266
ICForagerLifespan= 8.25546433962882
ImmType= Cosine
AIAdultSlope= 1.53033405179158
AIAdultLD50= 0.598383095115423
AIAdultSlopeContact= 1.46357145033544
AIAdultLD50Contact= 0.00672240590211004
AILarvaSlope= 0.416879083681852
AILarvaLD50= 0.170681670564227
AIKOW= 2.28759980853647
AIKOC= 12.6690043963026
AIHalfLife= 5.92311014421284
EAppRate= 0.138570010662079
