ICQueenStrength= 4.61785211251117
RQWkrDrnRatio= 3.67151295300573
ICDroneMiteSurvivorship= 4.85378438606858
ICWorkerMiteSurvivorship= 47.8752365801483
ICForagerLifespan= 12.3383460640907
ImmType= Exponential
AIAdultSlope= 1.40721509051509
AIAdultLD50= 2.63039275724441
AIAdultSlopeContact= 3.7532155810087
AIAdultLD50Contact= 0.0395006713923067
AILarvaSlope= 0.164923274656758
AILarvaLD50= 0.502271483349614
AIKOW= 7.3272542161867
AIKOC= 24.4385263777804
AIHalfLife= 11.9557579504326
EAppRate= 0.212259587366134
