ICQueenStrength= 1.39305150159635
RQWkrDrnRatio= 1.53033952414989
ICDroneMiteSurvivorship= 73.1427513295785
ICWorkerMiteSurvivorship= 83.5049941204488
ICForagerLifespan= 6.2588198017329
ImmType= Polynomial
AIAdultSlope= 3.11232643504394
AIAdultLD50= 0.23468534136191
AIAdultSlopeContact= 3.42891054100357
AIAdultLD50Contact= 0.0304564798134379
AILarvaSlope= 1.8239045501221
AILarvaLD50= 0.236640781466849
AIKOW= 2.52766902372241
AIKOC= 17.9501085204538
AIHalfLife= 4.69768128823489
EAppRate= 0.581454923981801
