ICQueenStrength= 1.94322330434807
RQWkrDrnRatio= 1.72803126927465
ICDroneMiteSurvivorship= 89.9279809789732
ICWorkerMiteSurvivorship= 17.7046774420887
ICForagerLifespan= 10.4315150659531
ImmType= Exponential
AIAdultSlope= 1.34784665544983
AIAdultLD50= 0.363626889418811
AIAdultSlopeContact= 0.284753435701132
AIAdultLD50Contact= 0.0270882499637082
AILarvaSlope= 1.46451109424233
AILarvaLD50= 0.465993581945077
AIKOW= 2.91276725986972
AIKOC= 6.48464609519579
AIHalfLife= 4.2656931350939
EAppRate= 0
