ICQueenStrength= 2.01876831729896
RQWkrDrnRatio= 4.45571259874851
ICDroneMiteSurvivorship= 76.4893549727276
ICWorkerMiteSurvivorship= 24.0574434632435
ICForagerLifespan= 11.7791130617261
ImmType= Cosine
AIAdultSlope= 0.515403710457031
AIAdultLD50= 0.250667962478474
AIAdultSlopeContact= 0.306668524250854
AIAdultLD50Contact= 0.0386264831526205
AILarvaSlope= 1.61386577067897
AILarvaLD50= 0.0807714924216271
AIKOW= 5.04360591527075
AIKOC= 12.091383531224
AIHalfLife= 2.85400769673288
EAppRate= 0.490290750889108
