ICQueenStrength= 4.3886901952792
RQWkrDrnRatio= 3.09201972465962
ICDroneMiteSurvivorship= 67.4697510898113
ICWorkerMiteSurvivorship= 25.1498385099694
ICForagerLifespan= 5.68671808578074
ImmType= Tangent
AIAdultSlope= 0.423504051938653
AIAdultLD50= 0.321430016309023
AIAdultSlopeContact= 0.466443105759099
AIAdultLD50Contact= 0.0275261141359806
AILarvaSlope= 0.0202235898934305
AILarvaLD50= 0.206984863313846
AIKOW= 3.36959311272949
AIKOC= 11.3068075338379
AIHalfLife= 9.63251050468534
EAppRate= 0.286160708637908
