ICQueenStrength= 1.77081025927328
RQWkrDrnRatio= 2.67530768644065
ICDroneMiteSurvivorship= 99.8588261660188
ICWorkerMiteSurvivorship= 7.33212172053754
ICForagerLifespan= 11.5889992406592
ImmType= Cosine
AIAdultSlope= 1.41944932828657
AIAdultLD50= 0.0458065957063809
AIAdultSlopeContact= 2.00754041631008
AIAdultLD50Contact= 0.0159924751147628
AILarvaSlope= 0.855949508585036
AILarvaLD50= 0.0373226081952453
AIKOW= 7.64835728658363
AIKOC= 23.2827631302644
AIHalfLife= 3.97468399838544
EAppRate= 0.388640443515033
