ICQueenStrength= 2.53144942247309
RQWkrDrnRatio= 1.47430843207985
ICDroneMiteSurvivorship= 75.4716581664979
ICWorkerMiteSurvivorship= 0.652150600217283
ICForagerLifespan= 15.5030679656193
ImmType= Polynomial
AIAdultSlopeContact= 5.89842488057911
AIAdultLD50Contact= 0.174245017953217
AILarvaSlope= 4.08704828238115
AILarvaLD50= 0.652616760693491
AIKOW= 2.38041577395052
AIKOC= 5.07367060054094
AIHalfLife= 0.133982480503619
