ICQueenStrength= 5.4130782445427
RQWkrDrnRatio= 4.36404397338629
ICDroneMiteSurvivorship= 8.07116737123579
ICWorkerMiteSurvivorship= 55.6636138586327
ICForagerLifespan= 4.09198040701449
ImmType= Exponential
AIAdultSlope= 6.91323553444818
