ICQueenStrength= 1.01064862124622
RQWkrDrnRatio= 2.6143394690007
ICDroneMiteSurvivorship= 67.4072277499363
ICWorkerMiteSurvivorship= 89.1010497231036
ICForagerLifespan= 12.5498651592061
ImmType= Logarithmic
AIAdultSlope= 3.85487438645214
