ICQueenStrength= 2.27306137466803
RQWkrDrnRatio= 3.67278399504721
ICDroneMiteSurvivorship= 20.8704083925113
ICWorkerMiteSurvivorship= 65.2174472808838
ICForagerLifespan= 13.9198849275708
ImmType= Tangent
AIAdultSlopeContact= 8.18364683538675
AIAdultLD50Contact= 0.102927433466539
AILarvaSlope= 2.75885628070682
AILarvaLD50= 0.367903399281204
AIKOW= 35.135435895063
AIKOC= 31.5988271264359
AIHalfLife= 6.89498249161988
