ICQueenStrength= 4.4676968306303
RQWkrDrnRatio= 4.86709768697619
ICDroneMiteSurvivorship= 57.2185410186648
ICWorkerMiteSurvivorship= 32.8272670740262
ICForagerLifespan= 11.8575973054394
ImmType= Logarithmic
AIAdultSlopeContact= 3.32202093560714
AIAdultLD50Contact= 0.00887205237522721
AILarvaSlope= 0.164094877941534
AILarvaLD50= 0.897850622073747
AIKOW= 3.20964291552082
AIKOC= 20.7308738387655
AIHalfLife= 1.70702948747203
