ICQueenStrength= 5.25467218155973
RQWkrDrnRatio= 2.90701050776988
ICDroneMiteSurvivorship= 78.9997297804803
ICWorkerMiteSurvivorship= 28.1557895475999
ICForagerLifespan= 5.77569722943008
ImmType= Polynomial
AIAdultSlope= 2.36358239147114
AIAdultLD50= 0.352823865832761
AIAdultSlopeContact= 3.33282915201271
AIAdultLD50Contact= 0.0479078477597795
AILarvaSlope= 2.54452814399265
AILarvaLD50= 0.475806696130894
AIKOW= 7.01578052062541
AIKOC= 19.7399211127777
AIHalfLife= 2.63024311047047
EAppRate= 0
