ICQueenStrength= 1.65240927622654
RQWkrDrnRatio= 1.2533946596086
ICDroneMiteSurvivorship= 83.7835483951494
ICWorkerMiteSurvivorship= 99.1637312574312
ICForagerLifespan= 7.71971248742193
ImmType= Tangent
AIAdultSlope= 1.80680453353561
AIAdultLD50= 1.69309060368687
AIAdultSlopeContact= 2.63073222850682
AIAdultLD50Contact= 0.0392849283642136
AILarvaSlope= 2.69385032504797
AILarvaLD50= 0.0526229788782075
AIKOW= 2.27532769506797
AIKOC= 27.5520377163775
AIHalfLife= 13.9206027649343
EAppRate= 0.640565623296425
