ICQueenStrength= 4.75373845105059
RQWkrDrnRatio= 4.69790866877884
ICDroneMiteSurvivorship= 84.1179356677458
ICWorkerMiteSurvivorship= 76.9980821292847
ICForagerLifespan= 5.95392011664808
ImmType= Exponential
AIAdultSlope= 1.47148803048767
AIAdultLD50= 2.08156101568602
AIAdultSlopeContact= 0.174886720546056
AIAdultLD50Contact= 0.0270114346989431
AILarvaSlope= 0.437966922158375
AILarvaLD50= 0.244710763636976
AIKOW= 7.68357739271596
AIKOC= 11.2696536886506
AIHalfLife= 7.9697125563398
EAppRate= 0.965188755420968
