ICQueenStrength= 4.64779627765529
RQWkrDrnRatio= 3.69009411148727
ICDroneMiteSurvivorship= 73.9532167790458
ICWorkerMiteSurvivorship= 20.6198560073972
ICForagerLifespan= 5.52972712088376
ImmType= Cosine
AIAdultSlope= 0.466033121803775
AIAdultLD50= 1.76203391002491
AIAdultSlopeContact= 0.441528298112098
AIAdultLD50Contact= 0.0375062169390731
AILarvaSlope= 2.30702461958863
AILarvaLD50= 0.880505159846507
AIKOW= 3.27897275611758
AIKOC= 11.0253058734816
AIHalfLife= 13.8295232541859
EAppRate= 0.373710210900754
