ICQueenStrength= 3.66759991529398
RQWkrDrnRatio= 2.97734050825238
ICDroneMiteSurvivorship= 54.15009688586
ICWorkerMiteSurvivorship= 99.6108649298549
ICForagerLifespan= 12.8513167500496
ImmType= Logarithmic
AIAdultSlope= 1.50584649492055
AIAdultLD50= 0.47556349018123
AIAdultSlopeContact= 0.642702006089967
AIAdultLD50Contact= 0.0249680267763324
AILarvaSlope= 0.770238876575604
AILarvaLD50= 0.679288212466054
AIKOW= 7.48370613250881
AIKOC= 17.8835910116322
AIHalfLife= 3.26702464488335
EAppRate= 0
