ICQueenStrength= 5.09875200944953
RQWkrDrnRatio= 3.11532975547016
ICDroneMiteSurvivorship= 3.52845913730562
ICWorkerMiteSurvivorship= 24.6110346633941
ICForagerLifespan= 10.9954919349402
ImmType= Logarithmic
AIAdultSlopeContact= 0.922178311070893
AIAdultLD50Contact= 0.0170172490878031
AILarvaSlope= 0.694756707502529
AILarvaLD50= 0.663784472923726
AIKOW= 2.4946043533273
AIKOC= 9.44237616029568
AIHalfLife= 6.40002779802307
