ICQueenStrength= 4.57985856593587
RQWkrDrnRatio= 4.57372223772109
ICDroneMiteSurvivorship= 64.4958121003583
ICWorkerMiteSurvivorship= 58.2045361399651
ICForagerLifespan= 4.53607442975044
ImmType= Polynomial
AIAdultSlopeContact= 2.32323210534872
AIAdultLD50Contact= 0.0292875394574367
AILarvaSlope= 1.11089696278796
AILarvaLD50= 0.202920952043496
AIKOW= 7.60618539340794
AIKOC= 8.40786990127526
AIHalfLife= 12.6872103461064
