ICQueenStrength= 4.20767073775642
RQWkrDrnRatio= 2.53989112749696
ICDroneMiteSurvivorship= 67.9025413934141
ICWorkerMiteSurvivorship= 55.1476763794199
ICForagerLifespan= 5.46897121425718
ImmType= Tangent
AIAdultSlopeContact= 1.53761141975876
AIAdultLD50Contact= 0.0295479587512091
AILarvaSlope= 2.65054354062304
AILarvaLD50= 0.658372722077183
AIKOW= 7.67523115314543
AIKOC= 7.77946355054155
AIHalfLife= 7.53756865812466
