ICQueenStrength= 4.06060500210151
RQWkrDrnRatio= 2.29418958444148
ICDroneMiteSurvivorship= 18.8871680991724
ICWorkerMiteSurvivorship= 97.1120678121224
ICForagerLifespan= 13.4737841151655
ImmType= Cosine
AIAdultSlope= 1.58130312822759
AIAdultLD50= 0.953380088321865
AIAdultSlopeContact= 2.8438842531899
AIAdultLD50Contact= 0.0435438621323556
AILarvaSlope= 0.142908411798999
AILarvaLD50= 0.158451263490133
AIKOW= 4.20614187046885
AIKOC= 26.5167762478814
AIHalfLife= 5.71418989123777
EAppRate= 0.206182541325688
