ICQueenStrength= 4.16119856666774
RQWkrDrnRatio= 1.75237057171762
ICDroneMiteSurvivorship= 2.88751153275371
ICWorkerMiteSurvivorship= 82.4705184204504
ICForagerLifespan= 5.30833560507745
ImmType= Tangent
AIAdultSlope= 1.80518560669385
AIAdultLD50= 0.262830142863095
AIAdultSlopeContact= 0.53334978812607
AIAdultLD50Contact= 0.0290431355009787
AILarvaSlope= 1.6104410294909
AILarvaLD50= 0.817626656731591
AIKOW= 4.53164853714406
AIKOC= 13.6494060931727
AIHalfLife= 4.21767965191975
EAppRate= 0
