ICQueenStrength= 5.28174645523541
RQWkrDrnRatio= 1.52938834391534
ICDroneMiteSurvivorship= 49.5035989908502
ICWorkerMiteSurvivorship= 61.2834960920736
ICForagerLifespan= 11.4635038860142
ImmType= Exponential
AIAdultSlope= 0.982469421159476
AIAdultLD50= 1.79352658661082
AIAdultSlopeContact= 1.13755119886715
AIAdultLD50Contact= 0.0015869207913056
AILarvaSlope= 1.39883966068737
AILarvaLD50= 0.869363054260612
AIKOW= 5.9222608031705
AIKOC= 9.40613969694823
AIHalfLife= 1.08354518376291
EAppRate= 0.705386022571474
