ICQueenStrength= 4.98981819394976
RQWkrDrnRatio= 2.64768823329359
ICDroneMiteSurvivorship= 48.9625921938568
ICWorkerMiteSurvivorship= 64.0837777173147
ICForagerLifespan= 7.83772167935967
ImmType= Exponential
AIAdultSlope= 7.66103016678244
