ICQueenStrength= 4.72806358151138
RQWkrDrnRatio= 1.57143885362893
ICDroneMiteSurvivorship= 41.7236801702529
ICWorkerMiteSurvivorship= 45.7004446536303
ICForagerLifespan= 13.9261430688202
ImmType= Sine
AIAdultLD50= 0.154012839635834
AIAdultSlopeContact= 2.43491208964493
AIAdultLD50Contact= 0.00977897742995992
AILarvaSlope= 0.556216768501326
AILarvaLD50= 0.653872266830877
AIKOW= 2.60911101056263
AIKOC= 5.83310640184209
AIHalfLife= 1.20792207540944
EAppRate= 1.15988806309178
