ICQueenStrength= 2.99619923601858
RQWkrDrnRatio= 1.37603146769106
ICDroneMiteSurvivorship= 93.9062339486554
ICWorkerMiteSurvivorship= 88.5646496200934
ICForagerLifespan= 11.4741758564487
ImmType= Tangent
AIAdultSlope= 3.68352457355009
AIAdultLD50= 0.479934539063834
AIAdultSlopeContact= 0.744465172479395
AIAdultLD50Contact= 0.0132582321180962
AILarvaSlope= 0.053507626010105
AILarvaLD50= 0.155903664487414
AIKOW= 7.65951773896813
AIKOC= 6.79427132825367
AIHalfLife= 1.32720031426288
EAppRate= 0
