ICQueenStrength= 4.2629006926436
RQWkrDrnRatio= 3.4995275856927
ICDroneMiteSurvivorship= 81.9150835042819
ICWorkerMiteSurvivorship= 62.8268183907494
ICForagerLifespan= 12.5258904183283
ImmType= Logarithmic
AIAdultSlope= 0.196349869379774
AIAdultLD50= 0.340132482582703
AIAdultSlopeContact= 0.785102621633559
AIAdultLD50Contact= 0.023438124533277
AILarvaSlope= 3.15926504586823
AILarvaLD50= 0.862714043981396
AIKOW= 5.65127983037382
AIKOC= 26.7017388378736
AIHalfLife= 4.09866040688939
EAppRate= 0.633512255246751
