ICQueenStrength= 3.88092257687822
RQWkrDrnRatio= 4.93355975020677
ICDroneMiteSurvivorship= 79.4175658607855
ICWorkerMiteSurvivorship= 61.3580890698358
ICForagerLifespan= 5.8991846209392
ImmType= Cosine
AIAdultSlope= 0.63259876887314
AIAdultLD50= 2.67537929979153
AIAdultSlopeContact= 3.03377740366152
AIAdultLD50Contact= 0.0133992681163363
AILarvaSlope= 3.0676292524673
AILarvaLD50= 0.461845169775188
AIKOW= 4.41131626581773
AIKOC= 19.8821195412893
AIHalfLife= 12.3445683764294
EAppRate= 0.268799908459187
