ICQueenStrength= 5.62242446956225
RQWkrDrnRatio= 2.318853283301
ICDroneMiteSurvivorship= 51.7955506453291
ICWorkerMiteSurvivorship= 27.0480024395511
ICForagerLifespan= 13.466816666536
ImmType= Tangent
AIAdultLD50= 0.154012839635834
AIAdultSlopeContact= 0.227418851342518
AIAdultLD50Contact= 0.0448486341745593
AILarvaSlope= 1.20964785777032
AILarvaLD50= 0.117651221388951
AIKOW= 6.77727822819725
AIKOC= 21.2368283199612
AIHalfLife= 3.4118068809621
EAppRate= 1.88259775331244
