ICQueenStrength= 4.32457417622209
RQWkrDrnRatio= 3.38624111935496
ICDroneMiteSurvivorship= 90.1529758702964
ICWorkerMiteSurvivorship= 78.4392837202176
ICForagerLifespan= 5.37689618673176
ImmType= Exponential
AIAdultSlope= 2.96073081726208
AIAdultLD50= 0.014834517147392
AIAdultSlopeContact= 1.59789110906655
AIAdultLD50Contact= 0.0347295499173924
AILarvaSlope= 1.92496154056862
AILarvaLD50= 0.070697219716385
AIKOW= 5.366860430222
AIKOC= 21.2861811346374
AIHalfLife= 4.03127477411181
EAppRate= 0.871243546716869
