ICQueenStrength= 4.6063264706172
RQWkrDrnRatio= 4.21751960832626
ICDroneMiteSurvivorship= 7.84421414136887
ICWorkerMiteSurvivorship= 33.2918971544132
ICForagerLifespan= 13.7070630248636
ImmType= Logarithmic
AIAdultSlope= 2.54358878075844
AIAdultLD50= 0.412569337291643
AIAdultSlopeContact= 1.13980259817559
AIAdultLD50Contact= 0.0359196581994183
AILarvaSlope= 2.59025069074705
AILarvaLD50= 0.739699221169576
AIKOW= 7.05239712167531
AIKOC= 6.43398279906251
AIHalfLife= 0.205463900929317
EAppRate= 0.404241999983788
