ICQueenStrength= 4.81630933610722
RQWkrDrnRatio= 1.81116348039359
ICDroneMiteSurvivorship= 13.8343126513064
ICWorkerMiteSurvivorship= 36.9084357284009
ICForagerLifespan= 13.0521814599633
ImmType= Sine
AIAdultSlope= 0.17516148169525
AIAdultSlopeContact= 1.00521232554456
AIAdultLD50Contact= 0.0429522586753592
AILarvaSlope= 2.98328970326111
AILarvaLD50= 0.822674572630785
AIKOW= 6.17161164060235
AIKOC= 14.0640215668827
AIHalfLife= 0.55078844865784
