ICQueenStrength= 3.9192886967212
RQWkrDrnRatio= 2.94436997454613
ICDroneMiteSurvivorship= 7.57494720164686
ICWorkerMiteSurvivorship= 30.6398159591481
ICForagerLifespan= 6.16684669815004
ImmType= Cosine
AIAdultSlope= 3.87869201725116
AIAdultLD50= 0.0400595632381737
AIAdultSlopeContact= 0.26385338375112
AIAdultLD50Contact= 0.00439480537315831
AILarvaSlope= 3.10443818052299
AILarvaLD50= 0.264468479552306
AIKOW= 2.88517653523013
AIKOC= 9.96027232147753
AIHalfLife= 4.4966067536734
EAppRate= 0
