ICQueenStrength= 2.79454900324345
RQWkrDrnRatio= 3.55008080881089
ICDroneMiteSurvivorship= 2.53992814105004
ICWorkerMiteSurvivorship= 89.6664532599971
ICForagerLifespan= 8.65415283851326
ImmType= Tangent
AIAdultSlope= 2.50426283273846
AIAdultLD50= 1.90798513451591
AIAdultSlopeContact= 1.29954576872522
AIAdultLD50Contact= 0.0484027477330528
AILarvaSlope= 2.59959396584891
AILarvaLD50= 0.133316861162893
AIKOW= 5.35253639472649
AIKOC= 23.933766632108
AIHalfLife= 0.667736049275845
EAppRate= 0.0958976685069501
