ICQueenStrength= 2.55133355292492
RQWkrDrnRatio= 2.47388691455126
ICDroneMiteSurvivorship= 20.4714712686837
ICWorkerMiteSurvivorship= 83.4968430688605
ICForagerLifespan= 5.45139100495726
ImmType= Cosine
AIAdultSlope= 7.91112973121926
AIAdultLD50= 0.251380910631269
AIAdultSlopeContact= 4.20920913573354
AIAdultLD50Contact= 0.086355840973556
AILarvaSlope= 0.848553373944014
AILarvaLD50= 1.27825511572883
AIKOW= 5.20509234629571
AIKOC= 86.6992521798238
AIHalfLife= 12.4078319473192
EAppRate= 1.5768350046128
