ICQueenStrength= 2.69224041281268
RQWkrDrnRatio= 4.25870320387185
ICDroneMiteSurvivorship= 0.423555448651314
ICWorkerMiteSurvivorship= 46.4139570016414
ICForagerLifespan= 7.09535186272115
ImmType= Polynomial
AIAdultSlope= 1.8941643564566
AIAdultLD50= 0.0860831347526982
AIAdultSlopeContact= 3.35434175334172
AIAdultLD50Contact= 0.020717849500943
AILarvaSlope= 1.3562047095038
AILarvaLD50= 0.0192136597819626
AIKOW= 4.70745606860146
AIKOC= 12.5627252808772
AIHalfLife= 3.19709274568595
EAppRate= 0.00455831948202103
