ICQueenStrength= 1.33512396737933
RQWkrDrnRatio= 1.48420069459826
ICDroneMiteSurvivorship= 16.9069232651964
ICWorkerMiteSurvivorship= 49.9564804602414
ICForagerLifespan= 4.28439871780574
ImmType= Exponential
AIAdultLD50= 0.154012839635834
AIAdultSlopeContact= 0.239898154903203
AIAdultLD50Contact= 0.0170650169835426
AILarvaSlope= 1.99778112759814
AILarvaLD50= 0.392943591764197
AIKOW= 2.17788375262171
AIKOC= 14.403429646045
AIHalfLife= 1.45066546136513
EAppRate= 1.62673481600359
