ICQueenStrength= 5.78164283325896
RQWkrDrnRatio= 1.86242687609047
ICDroneMiteSurvivorship= 77.1243276773021
ICWorkerMiteSurvivorship= 23.1588365044445
ICForagerLifespan= 8.46638680528849
ImmType= Polynomial
AIAdultLD50= 0.154012839635834
AIAdultSlopeContact= 0.582646296462044
AIAdultLD50Contact= 0.00311914678895846
AILarvaSlope= 3.36919417427853
AILarvaLD50= 0.328902783757076
AIKOW= 5.15458229230717
AIKOC= 8.18112525856122
AIHalfLife= 6.49182181293145
EAppRate= 0.810715372674167
