ICQueenStrength= 4.83029389311559
RQWkrDrnRatio= 1.55540599767119
ICDroneMiteSurvivorship= 71.0103309247643
ICWorkerMiteSurvivorship= 94.3640987155959
ICForagerLifespan= 13.8251493358985
ImmType= Cosine
AIAdultSlopeContact= 3.83591294701444
AIAdultLD50Contact= 0.00488230851478875
AILarvaSlope= 1.11615739814006
AILarvaLD50= 0.703182604629546
AIKOW= 6.32946082716808
AIKOC= 17.2832834487781
AIHalfLife= 12.7361387857236
