ICQueenStrength= 1.21808083867654
RQWkrDrnRatio= 4.69080293737352
ICDroneMiteSurvivorship= 9.7677051788196
ICWorkerMiteSurvivorship= 61.3344208337367
ICForagerLifespan= 4.77431980986148
ImmType= Tangent
AIAdultSlope= 0.153160039242357
AIAdultLD50= 0.822676110779867
AIAdultSlopeContact= 0.954158896186855
AIAdultLD50Contact= 0.0273358499049209
AILarvaSlope= 1.36205774364062
AILarvaLD50= 0.667991083161905
AIKOW= 4.0338024282828
AIKOC= 21.851791884983
AIHalfLife= 4.12594692409039
EAppRate= 0.0532129025086761
