ICQueenStrength= 1.96960613271222
RQWkrDrnRatio= 4.31752486713231
ICDroneMiteSurvivorship= 32.9243805026636
ICWorkerMiteSurvivorship= 29.3883975129575
ICForagerLifespan= 4.1025929665193
ImmType= Cosine
AIAdultSlopeContact= 9.90019212244079
AIAdultLD50Contact= 0.10791012076661
AILarvaSlope= 1.79953618207946
AILarvaLD50= 1.4423859147355
AIKOW= 33.8918750640005
AIKOC= 38.5699244216084
AIHalfLife= 4.24674572097138
