ICQueenStrength= 2.55584352556616
RQWkrDrnRatio= 3.81243228074163
ICDroneMiteSurvivorship= 71.9235053285956
ICWorkerMiteSurvivorship= 46.8678050208837
ICForagerLifespan= 7.53723081666976
ImmType= Polynomial
AIAdultSlopeContact= 7.37759134965017
AIAdultLD50Contact= 0.00279324171133339
AILarvaSlope= 6.24157021520659
AILarvaLD50= 0.640587979927659
AIKOW= 68.4160002274439
AIKOC= 26.8826543586329
AIHalfLife= 6.58212094893679
