ICQueenStrength= 5.08177393488586
RQWkrDrnRatio= 2.84357885178179
ICDroneMiteSurvivorship= 9.43182692863047
ICWorkerMiteSurvivorship= 22.8997473604977
ICForagerLifespan= 15.0930878920481
ImmType= Polynomial
AIAdultSlopeContact= 0.993909205365926
AIAdultLD50Contact= 0.0334485574043356
AILarvaSlope= 3.00275956322439
AILarvaLD50= 0.636208154191263
AIKOW= 4.38015734124929
AIKOC= 20.2841577481013
AIHalfLife= 8.22221545409411
