ICQueenStrength= 1.51317391218618
RQWkrDrnRatio= 1.94402878079563
ICDroneMiteSurvivorship= 50.1489582937211
ICWorkerMiteSurvivorship= 67.3511183587834
ICForagerLifespan= 7.56572091113776
ImmType= Logarithmic
AIAdultSlopeContact= 7.93753000674769
AIAdultLD50Contact= 0.17074669804424
AILarvaSlope= 9.9067920120433
AILarvaLD50= 0.848808308131993
AIKOW= 85.6942354002967
AIKOC= 42.0800887746736
AIHalfLife= 8.78554851002991
