ICQueenStrength= 5.9208476440981
RQWkrDrnRatio= 1.83093872945756
ICDroneMiteSurvivorship= 94.2337676417083
ICWorkerMiteSurvivorship= 14.1623171512038
ICForagerLifespan= 12.4947324171662
ImmType= Cosine
AIAdultSlope= 1.47804707386531
AIAdultLD50= 2.05844891164452
AIAdultSlopeContact= 2.20104315240635
AIAdultLD50Contact= 0.0187490361044183
AILarvaSlope= 1.49834639923647
AILarvaLD50= 0.885831320146099
AIKOW= 2.11482539027929
AIKOC= 8.96241900743917
AIHalfLife= 4.52453190507367
EAppRate= 0.951138796284795
