ICQueenStrength= 5.84513998846523
RQWkrDrnRatio= 1.43630137946457
ICDroneMiteSurvivorship= 14.1966280993074
ICWorkerMiteSurvivorship= 65.6735424185172
ICForagerLifespan= 11.5871420539916
ImmType= Exponential
AIAdultSlope= 3.23448351304978
AIAdultLD50= 2.07991848955862
AIAdultSlopeContact= 1.86072102609789
AIAdultLD50Contact= 0.00736104275565594
AILarvaSlope= 1.59376643490978
AILarvaLD50= 0.81854149682913
AIKOW= 3.4375745523721
AIKOC= 9.43111669155769
AIHalfLife= 8.95890000090003
EAppRate= 0.35696121910587
