ICQueenStrength= 5.79945934494026
RQWkrDrnRatio= 4.64300422929227
ICDroneMiteSurvivorship= 95.3471256652847
ICWorkerMiteSurvivorship= 93.7447703443468
ICForagerLifespan= 12.1036271154881
ImmType= Tangent
AIAdultSlope= 1.14150527399033
