ICQueenStrength= 3.48626730870456
RQWkrDrnRatio= 2.76563102379441
ICDroneMiteSurvivorship= 81.6608213353902
ICWorkerMiteSurvivorship= 87.1617630356923
ICForagerLifespan= 15.8364943908527
ImmType= Logarithmic
AIAdultSlope= 1.6004277782212
AIAdultLD50= 0.0178071414120495
AIAdultSlopeContact= 3.39406638602028
AIAdultLD50Contact= 0.0166240580729209
AILarvaSlope= 2.77016069530509
AILarvaLD50= 0.341998274065554
AIKOW= 6.51410977449268
AIKOC= 10.8491304575
AIHalfLife= 4.81434762827121
EAppRate= 0.485855884314515
