ICQueenStrength= 2.11843550344929
RQWkrDrnRatio= 4.39805140066892
ICDroneMiteSurvivorship= 93.7654646113515
ICWorkerMiteSurvivorship= 53.3165395492688
ICForagerLifespan= 9.49173472169787
ImmType= Sine
AIAdultSlope= 1.51733107985929
AIAdultLD50= 0.69003422325477
AIAdultSlopeContact= 0.0855532945040614
AIAdultLD50Contact= 0.0235575251514092
AILarvaSlope= 2.45845260806382
AILarvaLD50= 0.593969525420107
AIKOW= 4.57687056716532
AIKOC= 22.9266932071187
AIHalfLife= 5.47298305528238
EAppRate= 0.571401663590223
