ICQueenStrength= 2.18255791487172
RQWkrDrnRatio= 3.95078572351485
ICDroneMiteSurvivorship= 28.7199387326837
ICWorkerMiteSurvivorship= 17.1709078596905
ICForagerLifespan= 15.5897410800681
ImmType= Cosine
AIAdultSlopeContact= 1.62171539517352
AIAdultLD50Contact= 0.000892611546441913
AILarvaSlope= 2.23475231719203
AILarvaLD50= 0.599329164926894
AIKOW= 5.83451650524512
AIKOC= 15.2804288791958
AIHalfLife= 3.14462455688044
