ICQueenStrength= 4.23278784751892
RQWkrDrnRatio= 4.69590829778463
ICDroneMiteSurvivorship= 50.83588717971
ICWorkerMiteSurvivorship= 27.597815846093
ICForagerLifespan= 7.16081541776657
ImmType= Tangent
AIAdultSlope= 1.84797482332215
