ICQueenStrength= 2.71892903978005
RQWkrDrnRatio= 3.05333079397678
ICDroneMiteSurvivorship= 62.0142827974632
ICWorkerMiteSurvivorship= 53.3719065133482
ICForagerLifespan= 5.78226745966822
ImmType= Logarithmic
AIAdultSlope= 3.78989259214606
AIAdultLD50= 0.14836035319604
AIAdultSlopeContact= 3.17475572444731
AIAdultLD50Contact= 0.00011477277148515
AILarvaSlope= 3.36563707669266
AILarvaLD50= 0.123296106280759
AIKOW= 2.99060243973508
AIKOC= 22.3060535278637
AIHalfLife= 0.325810060603544
EAppRate= 0
