ICQueenStrength= 1.85380117059685
RQWkrDrnRatio= 1.58510505966842
ICDroneMiteSurvivorship= 27.1031283773482
ICWorkerMiteSurvivorship= 53.2820426858962
ICForagerLifespan= 7.47746755089611
ImmType= Logarithmic
AIAdultSlope= 8.87602634960786
AIAdultLD50= 0.177256358787417
AIAdultSlopeContact= 7.26955151418224
AIAdultLD50Contact= 0.173800230817869
AILarvaSlope= 7.19812795054168
AILarvaLD50= 1.5743744475767
AIKOW= 24.0320022217929
AIKOC= 76.5267611248419
AIHalfLife= 5.02972549432889
EAppRate= 0.471902776043862
