ICQueenStrength= 2.3614412851166
RQWkrDrnRatio= 1.94748828746378
ICDroneMiteSurvivorship= 56.5624061506242
ICWorkerMiteSurvivorship= 3.2386910635978
ICForagerLifespan= 8.83146098069847
ImmType= Exponential
AIAdultSlope= 3.35778661535354
AIAdultLD50= 0.226014351006597
AIAdultSlopeContact= 1.15373085207073
AIAdultLD50Contact= 0.0376245983876288
AILarvaSlope= 2.79011203455739
AILarvaLD50= 0.587852975749411
AIKOW= 2.78074333164841
AIKOC= 28.5555146588013
AIHalfLife= 0.946849737083539
EAppRate= 0.0723758696578443
