ICQueenStrength= 2.80171294603497
RQWkrDrnRatio= 1.4860280258581
ICDroneMiteSurvivorship= 46.006424841471
ICWorkerMiteSurvivorship= 72.2200404154137
ICForagerLifespan= 11.6568714110181
ImmType= Polynomial
AIAdultSlope= 2.22838820454665
AIAdultLD50= 0.370713758748025
AIAdultSlopeContact= 3.24472845420241
AIAdultLD50Contact= 0.0365522404317744
AILarvaSlope= 3.22611017469317
AILarvaLD50= 0.521274645254016
AIKOW= 6.11975894263014
AIKOC= 23.2696764881257
AIHalfLife= 3.2392791856546
EAppRate= 0.36255751606077
