ICQueenStrength= 5.08393966848962
RQWkrDrnRatio= 4.4349680384621
ICDroneMiteSurvivorship= 92.2256706980988
ICWorkerMiteSurvivorship= 30.2298075053841
ICForagerLifespan= 12.5454739443958
ImmType= Sine
AIAdultLD50= 0.154012839635834
AIAdultSlopeContact= 2.3206934258854
AIAdultLD50Contact= 0.00439200487453491
AILarvaSlope= 2.37989032822661
AILarvaLD50= 0.874281198391691
AIKOW= 4.45054671028629
AIKOC= 27.6729229092598
AIHalfLife= 13.3422102914192
EAppRate= 1.3076737173833
