ICQueenStrength= 3.65313767595217
RQWkrDrnRatio= 1.96656084805727
ICDroneMiteSurvivorship= 98.1064265128225
ICWorkerMiteSurvivorship= 89.5767387002707
ICForagerLifespan= 5.29674545582384
ImmType= Polynomial
AIAdultSlope= 3.59951139143435
AIAdultLD50= 0.397166422451846
AIAdultSlopeContact= 3.84053388901055
AIAdultLD50Contact= 0.00829966835444793
AILarvaSlope= 1.54980241558515
AILarvaLD50= 0.205771527299657
AIKOW= 5.55735216336325
AIKOC= 8.69529133313335
AIHalfLife= 0.0759187841322273
EAppRate= 0.0130539645673707
