ICQueenStrength= 4.14468291820958
RQWkrDrnRatio= 4.15964329894632
ICDroneMiteSurvivorship= 54.802674963139
ICWorkerMiteSurvivorship= 40.7967639155686
ICForagerLifespan= 12.5173709681258
ImmType= Polynomial
AIAdultSlope= 3.02551160077564
AIAdultLD50= 1.90186883043498
AIAdultSlopeContact= 0.378463082285598
AIAdultLD50Contact= 0.0498217249056324
AILarvaSlope= 1.99057840430178
AILarvaLD50= 0.570879230392165
AIKOW= 6.66147109912708
AIKOC= 25.8703684504144
AIHalfLife= 1.71617905749008
EAppRate= 0.866506336256862
