ICQueenStrength= 5.36169862980023
RQWkrDrnRatio= 4.841891461052
ICDroneMiteSurvivorship= 69.6388083510101
ICWorkerMiteSurvivorship= 7.6053709955886
ICForagerLifespan= 10.502476722002
ImmType= Logarithmic
AIAdultSlope= 6.78364048479125
