ICQueenStrength= 5.3819785118103
RQWkrDrnRatio= 1.35770953539759
ICDroneMiteSurvivorship= 4.37750997953117
ICWorkerMiteSurvivorship= 9.49443557765335
ICForagerLifespan= 13.2389313746244
ImmType= Polynomial
AIAdultSlope= 0.841708840150386
AIAdultLD50= 1.00354013778269
AIAdultSlopeContact= 1.35397025696933
AIAdultLD50Contact= 0.025543329352513
AILarvaSlope= 3.03068364178762
AILarvaLD50= 0.731408057757653
AIKOW= 7.64218539232388
AIKOC= 13.5955846530851
AIHalfLife= 11.0390073508024
EAppRate= 0.0973784408997744
