ICQueenStrength= 1.33058497705497
RQWkrDrnRatio= 4.72038741130382
ICDroneMiteSurvivorship= 24.9995599733666
ICWorkerMiteSurvivorship= 68.605741020292
ICForagerLifespan= 7.7720595151186
ImmType= Polynomial
AIAdultSlope= 1.54467595787719
AIAdultLD50= 0.634150832891464
AIAdultSlopeContact= 0.19081276374869
AIAdultLD50Contact= 0.0233690663473681
AILarvaSlope= 1.00449897577055
AILarvaLD50= 0.0667649923358113
AIKOW= 4.27541340095922
AIKOC= 24.0651007578708
AIHalfLife= 2.28681886848062
EAppRate= 0.493742599152029
