ICQueenStrength= 1.10135538061149
RQWkrDrnRatio= 3.48357277177274
ICDroneMiteSurvivorship= 37.0962208835408
ICWorkerMiteSurvivorship= 8.81328727118671
ICForagerLifespan= 10.4355871705338
ImmType= Cosine
AIAdultSlope= 2.44440578012494
AIAdultLD50= 0.103515113703907
AIAdultSlopeContact= 3.55698650400387
AIAdultLD50Contact= 0.00526488940231502
AILarvaSlope= 2.10835202219896
AILarvaLD50= 0.607077758735977
AIKOW= 7.09606132190675
AIKOC= 26.9460167863872
AIHalfLife= 0.979526207083836
EAppRate= 0.0771459988551214
