ICQueenStrength= 1.38962671766058
RQWkrDrnRatio= 1.5182424550876
ICDroneMiteSurvivorship= 32.19236319419
ICWorkerMiteSurvivorship= 31.2277313321829
ICForagerLifespan= 13.5805507022887
ImmType= Sine
AIAdultSlope= 3.07025427669287
AIAdultLD50= 2.56511913123541
AIAdultSlopeContact= 0.49796143151354
AIAdultLD50Contact= 0.0095752164372243
AILarvaSlope= 0.793516312725842
AILarvaLD50= 0.783417299226858
AIKOW= 7.69418615940958
AIKOC= 25.8879080601037
AIHalfLife= 6.97719861799851
EAppRate= 0.969122786074877
