ICQueenStrength= 2.09801633562893
RQWkrDrnRatio= 3.05899516679347
