ICQueenStrength= 3.72057743393816
RQWkrDrnRatio= 4.34026136714965
ICDroneMiteSurvivorship= 22.0666765933856
ICWorkerMiteSurvivorship= 78.2684416044503
ICForagerLifespan= 7.39746734499931
ImmType= Sine
AIAdultSlope= 0.512226103898138
AIAdultLD50= 1.72990147280507
AIAdultSlopeContact= 0.59536628164351
AIAdultLD50Contact= 0.0271960308891721
AILarvaSlope= 0.156759965280071
AILarvaLD50= 0.204688665247522
AIKOW= 3.97857961989939
AIKOC= 28.3019381179474
AIHalfLife= 11.7111300816759
EAppRate= 0.385665474226698
