ICQueenStrength= 2.59974442911334
RQWkrDrnRatio= 1.05710355099291
ICDroneMiteSurvivorship= 94.3759966641665
ICWorkerMiteSurvivorship= 96.9201376428828
ICForagerLifespan= 8.32723603397608
ImmType= Tangent
AIAdultSlope= 0.238434245670214
AIAdultLD50= 1.11519302311353
AIAdultSlopeContact= 0.184263148815371
AIAdultLD50Contact= 0.0310182250803337
AILarvaSlope= 1.74350203061476
AILarvaLD50= 0.46756021915935
AIKOW= 2.2438612091355
AIKOC= 12.3995627230033
AIHalfLife= 0.42408626480028
EAppRate= 0.282387905521318
