ICQueenStrength= 4.68786888429895
RQWkrDrnRatio= 2.09112623240799
ICDroneMiteSurvivorship= 42.4010389950126
ICWorkerMiteSurvivorship= 95.4733032966033
ICForagerLifespan= 10.117456366308
ImmType= Exponential
AIAdultSlope= 1.6008957691025
AIAdultLD50= 2.22493616421707
AIAdultSlopeContact= 3.64338236398296
AIAdultLD50Contact= 0.0392283083638176
AILarvaSlope= 2.09358575884253
AILarvaLD50= 0.165221387241036
AIKOW= 5.90418362105265
AIKOC= 5.53284626919776
AIHalfLife= 10.7572922380641
EAppRate= 0.823896321933717
