ICQueenStrength= 2.63596700690687
RQWkrDrnRatio= 4.9837616160512
