ICQueenStrength= 4.94559505046345
RQWkrDrnRatio= 1.62016893550754
ICDroneMiteSurvivorship= 50.3088112222031
ICWorkerMiteSurvivorship= 61.5508981514722
ICForagerLifespan= 9.26913467794657
ImmType= Logarithmic
AIAdultSlopeContact= 6.9165180879645
AIAdultLD50Contact= 0.0305527048185468
AILarvaSlope= 4.49909006012604
AILarvaLD50= 1.11271237488836
AIKOW= 97.7251805830747
AIKOC= 29.2415677802637
AIHalfLife= 10.2783883097582
