ICQueenStrength= 1.8718926878646
RQWkrDrnRatio= 4.30519955884665
ICDroneMiteSurvivorship= 68.279555439949
ICWorkerMiteSurvivorship= 15.3992784908041
ICForagerLifespan= 10.7274093264714
ImmType= Polynomial
AIAdultSlope= 2.48040460626595
AIAdultLD50= 0.0608087911969051
AIAdultSlopeContact= 0.688362454399467
AIAdultLD50Contact= 0.0416963884956203
AILarvaSlope= 0.693647514563054
AILarvaLD50= 0.613740963977762
AIKOW= 3.08775683352724
AIKOC= 26.7558006930631
AIHalfLife= 3.45183932920918
EAppRate= 0
