ICQueenStrength= 4.70041353977285
RQWkrDrnRatio= 2.88876062445343
ICDroneMiteSurvivorship= 8.57791344169527
ICWorkerMiteSurvivorship= 45.600529294461
ICForagerLifespan= 14.9910888727754
ImmType= Sine
AIAdultSlope= 1.25154887791723
