ICQueenStrength= 1.83688880200498
RQWkrDrnRatio= 3.84952379297465
ICDroneMiteSurvivorship= 65.8439695835114
ICWorkerMiteSurvivorship= 41.2883584853262
ICForagerLifespan= 9.30798924155533
ImmType= Logarithmic
AIAdultSlope= 0.469958322262391
AIAdultLD50= 2.75607940577902
AIAdultSlopeContact= 1.61709695119411
AIAdultLD50Contact= 0.0243713321862742
AILarvaSlope= 0.765309413755313
AILarvaLD50= 0.0774525196524337
AIKOW= 6.26294400775805
AIKOC= 20.7081262208521
AIHalfLife= 9.51305385353044
EAppRate= 0.647327405633405
