ICQueenStrength= 5.98778829700314
RQWkrDrnRatio= 1.69039331749082
ICDroneMiteSurvivorship= 57.6023037312552
ICWorkerMiteSurvivorship= 18.216796964407
ICForagerLifespan= 7.42087094299495
ImmType= Polynomial
AIAdultSlope= 0.534978143824264
AIAdultLD50= 2.43504159408621
AIAdultSlopeContact= 1.376633332239
AIAdultLD50Contact= 0.00605604700976983
AILarvaSlope= 2.63248026780784
AILarvaLD50= 0.520766941225156
AIKOW= 6.48309779167175
AIKOC= 9.44628085242584
AIHalfLife= 1.49742368562147
EAppRate= 0.178549161180854
