ICQueenStrength= 1.9507952677086
RQWkrDrnRatio= 4.0939712151885
ICDroneMiteSurvivorship= 24.6590975439176
ICWorkerMiteSurvivorship= 91.1030924879014
ICForagerLifespan= 15.5889597022906
ImmType= Exponential
AIAdultSlope= 2.09677686085924
AIAdultLD50= 0.440513372188434
AIAdultSlopeContact= 1.07062965650344
AIAdultLD50Contact= 0.0111623934702948
AILarvaSlope= 1.43425159133039
AILarvaLD50= 0.565453007351607
AIKOW= 4.32500769151375
AIKOC= 25.8927858853713
AIHalfLife= 2.23142183851451
EAppRate= 0.263483743881807
