ICQueenStrength= 2.00859428872354
RQWkrDrnRatio= 2.48135397490114
ICDroneMiteSurvivorship= 5.2035539643839
ICWorkerMiteSurvivorship= 99.0976243978366
ICForagerLifespan= 7.55306930840015
ImmType= Polynomial
AIAdultSlope= 8.91167386667803
AIAdultLD50= 0.369682608172297
AIAdultSlopeContact= 5.12439093086869
AIAdultLD50Contact= 0.079405037779361
AILarvaSlope= 7.62292542029172
AILarvaLD50= 0.0118277729488909
AIKOW= 49.4381342548877
AIKOC= 54.2831936851144
AIHalfLife= 7.3553781779483
EAppRate= 1.73626184510067
