ICQueenStrength= 2.75240336451679
RQWkrDrnRatio= 1.45180368516594
ICDroneMiteSurvivorship= 83.1014681840315
ICWorkerMiteSurvivorship= 65.5400016112253
ICForagerLifespan= 10.5968173835427
ImmType= Sine
AIAdultSlope= 1.77803713931702
AIAdultLD50= 0.16310351062566
AIAdultSlopeContact= 0.208393626802135
AIAdultLD50Contact= 0.0100472627906129
AILarvaSlope= 1.16398751921952
AILarvaLD50= 0.700346323032863
AIKOW= 4.91174308862537
AIKOC= 8.9132626960054
AIHalfLife= 0.304007777012885
EAppRate= 0.539122218172997
