ICQueenStrength= 5.22291637631133
RQWkrDrnRatio= 2.98011826537549
ICDroneMiteSurvivorship= 41.1328883375973
ICWorkerMiteSurvivorship= 51.4069334836677
ICForagerLifespan= 15.6905958186835
ImmType= Exponential
AIAdultSlope= 3.22769016860984
AIAdultLD50= 0.277216851711273
AIAdultSlopeContact= 3.89620686403709
AIAdultLD50Contact= 0.0318727329839021
AILarvaSlope= 2.75921197785065
AILarvaLD50= 0.603535498771817
AIKOW= 2.84221167769283
AIKOC= 12.8541465336457
AIHalfLife= 2.02779225655831
EAppRate= 0
