ICQueenStrength= 5.73440052708611
RQWkrDrnRatio= 4.1570647796616
ICDroneMiteSurvivorship= 64.7383175324649
ICWorkerMiteSurvivorship= 6.8798657041043
ICForagerLifespan= 12.676384399645
ImmType= Sine
AIAdultSlope= 2.71184278385248
AIAdultLD50= 0.481231848825701
AIAdultSlopeContact= 0.565842446533497
AIAdultLD50Contact= 0.0388340759556741
AILarvaSlope= 2.73057661228813
AILarvaLD50= 0.249887223355472
AIKOW= 3.23948582122102
AIKOC= 16.9716135610361
AIHalfLife= 3.05864928872325
EAppRate= 0
