ICQueenStrength= 1.36556750303134
RQWkrDrnRatio= 2.19407904800028
ICDroneMiteSurvivorship= 51.1498736450449
ICWorkerMiteSurvivorship= 53.4355662064627
ICForagerLifespan= 7.75952890235931
ImmType= Sine
AIAdultSlope= 6.93202346563339
