ICQueenStrength= 2.21452872292139
RQWkrDrnRatio= 2.89091317914426
ICDroneMiteSurvivorship= 96.1166557623073
ICWorkerMiteSurvivorship= 80.3496496984735
ICForagerLifespan= 14.4321203306317
ImmType= Logarithmic
AIAdultSlope= 0.982499795034528
AIAdultLD50= 0.0603581980103627
AIAdultSlopeContact= 2.94652741321363
AIAdultLD50Contact= 0.0358920645900071
AILarvaSlope= 0.620555399823934
AILarvaLD50= 0.703477419842966
AIKOW= 7.91857129288837
AIKOC= 15.2224128670059
AIHalfLife= 1.5250712656416
EAppRate= 0.0455745538696647
