ICQueenStrength= 1.62757780309767
RQWkrDrnRatio= 1.98095325939357
ICDroneMiteSurvivorship= 28.3392485929653
ICWorkerMiteSurvivorship= 14.7751732030883
ICForagerLifespan= 8.47506352514029
ImmType= Exponential
AIAdultSlope= 0.187807580735534
AIAdultLD50= 2.39334331545979
AIAdultSlopeContact= 3.83826333732577
AIAdultLD50Contact= 0.0115112418541685
AILarvaSlope= 3.04460528488271
AILarvaLD50= 0.500308231450617
AIKOW= 6.66594248265028
AIKOC= 13.7106403079815
AIHalfLife= 10.2285716636106
EAppRate= 0.774868253152817
