ICQueenStrength= 2.62332807318307
RQWkrDrnRatio= 1.04816222470254
ICDroneMiteSurvivorship= 63.09580989182
ICWorkerMiteSurvivorship= 2.11741218809038
ICForagerLifespan= 8.92556025180966
ImmType= Exponential
AIAdultSlope= 2.02728075074265
AIAdultLD50= 0.164027386461385
AIAdultSlopeContact= 3.4155838607694
AIAdultLD50Contact= 0.0353607420809567
AILarvaSlope= 2.71664570085704
AILarvaLD50= 0.24305688443128
AIKOW= 2.88768918113783
AIKOC= 23.0403812613804
AIHalfLife= 1.35652175522409
EAppRate= 0.351089577935636
