ICQueenStrength= 4.27885481528938
RQWkrDrnRatio= 2.34465314541012
ICDroneMiteSurvivorship= 66.4109135512263
ICWorkerMiteSurvivorship= 12.4223858118057
ICForagerLifespan= 8.73537569865584
ImmType= Tangent
AIAdultSlopeContact= 3.13918263995787
AIAdultLD50Contact= 0.00883658519014716
AILarvaSlope= 2.86018865406513
AILarvaLD50= 0.543167857406661
AIKOW= 2.99173239711672
AIKOC= 16.1465163354296
AIHalfLife= 3.46764097502455
