ICQueenStrength= 1.24598680203781
RQWkrDrnRatio= 3.00431514997035
ICDroneMiteSurvivorship= 41.3635403849185
ICWorkerMiteSurvivorship= 19.5889435475692
ICForagerLifespan= 7.57782486546785
ImmType= Tangent
AIAdultSlope= 3.25774205791298
AIAdultLD50= 0.361262578866445
AIAdultSlopeContact= 0.667242318943609
AIAdultLD50Contact= 0.0497163268039003
AILarvaSlope= 2.26110750744119
AILarvaLD50= 0.741841383953579
AIKOW= 7.69610769115388
AIKOC= 7.33303874847479
AIHalfLife= 4.53168641310185
EAppRate= 0.532930145086721
