ICQueenStrength= 1.18403809517622
RQWkrDrnRatio= 1.26469842530787
ICDroneMiteSurvivorship= 91.9549126876518
ICWorkerMiteSurvivorship= 12.2218417702243
ICForagerLifespan= 8.78144372534007
ImmType= Tangent
AIAdultSlope= 3.11246022442589
AIAdultLD50= 0.10584118810948
AIAdultSlopeContact= 3.30479944839841
AIAdultLD50Contact= 0.0313561160233803
AILarvaSlope= 1.8110699899029
AILarvaLD50= 0.647769829351455
AIKOW= 7.43900550436229
AIKOC= 22.778472637292
AIHalfLife= 2.14295890415087
EAppRate= 0.462812524894252
