ICQueenStrength= 5.32091098628007
RQWkrDrnRatio= 2.42371882684529
ICDroneMiteSurvivorship= 77.8354230336845
ICWorkerMiteSurvivorship= 96.2403698358685
ICForagerLifespan= 7.14257956761867
ImmType= Tangent
AIAdultSlope= 2.60968929000199
AIAdultLD50= 0.105026534991339
AIAdultSlopeContact= 1.95581125330646
AIAdultLD50Contact= 0.00126556149916723
AILarvaSlope= 0.548620808264241
AILarvaLD50= 0.165255995281041
AIKOW= 2.44402245525271
AIKOC= 27.2319518914446
AIHalfLife= 0.660500167869031
EAppRate= 0
