ICQueenStrength= 3.41002391674556
RQWkrDrnRatio= 3.55121759884059
ICDroneMiteSurvivorship= 52.6106911944225
ICWorkerMiteSurvivorship= 31.9950165925547
ICForagerLifespan= 15.9229233600199
ImmType= Polynomial
AIAdultSlope= 0.22524380129762
AIAdultLD50= 2.90850978973322
AIAdultSlopeContact= 2.19652905232273
AIAdultLD50Contact= 0.0221427955315448
AILarvaSlope= 0.814273318788037
AILarvaLD50= 0.378533390723169
AIKOW= 4.2202759901993
AIKOC= 27.6793490815908
AIHalfLife= 3.51073881192133
EAppRate= 0.370768339140341
