ICQueenStrength= 2.74752045539208
RQWkrDrnRatio= 3.59911197330803
ICDroneMiteSurvivorship= 35.5713998666033
ICWorkerMiteSurvivorship= 83.0408544046804
ICForagerLifespan= 4.93617755919695
ImmType= Logarithmic
AIAdultSlope= 1.11281967069954
AIAdultSlopeContact= 1.08895330802305
AIAdultLD50Contact= 0.0493237891001627
AILarvaSlope= 1.02732522650622
AILarvaLD50= 0.197534948936664
AIKOW= 6.20339834876359
AIKOC= 15.021284269169
AIHalfLife= 0.689608107786626
