ICQueenStrength= 5.50627907528542
RQWkrDrnRatio= 2.93444595206529
ICDroneMiteSurvivorship= 66.9626892544329
ICWorkerMiteSurvivorship= 89.6686938358471
ICForagerLifespan= 11.5905792014673
ImmType= Cosine
AIAdultSlope= 3.20126305227168
AIAdultLD50= 0.0101344026625156
AIAdultSlopeContact= 1.79684800748946
AIAdultLD50Contact= 0.00757710008183494
AILarvaSlope= 0.670148312812671
AILarvaLD50= 0.275898296479136
AIKOW= 7.79715278139338
AIKOC= 24.648216344649
AIHalfLife= 1.75642653461546
EAppRate= 0.188933840021491
