ICQueenStrength= 2.03912666672841
RQWkrDrnRatio= 1.79139072448015
ICDroneMiteSurvivorship= 41.8169067241251
ICWorkerMiteSurvivorship= 99.9128552386537
ICForagerLifespan= 14.8216081988066
ImmType= Cosine
AIAdultSlope= 0.17046990768984
AIAdultLD50= 0.396112038404681
AIAdultSlopeContact= 0.0251316986326128
AIAdultLD50Contact= 0.0265108392457478
AILarvaSlope= 1.65662286393344
AILarvaLD50= 0.379317590687424
AIKOW= 4.97344846231863
AIKOC= 15.6305189256091
AIHalfLife= 0.0853121711406857
EAppRate= 0.344628207338974
