ICQueenStrength= 5.38946967711672
RQWkrDrnRatio= 1.10028346534818
ICDroneMiteSurvivorship= 62.858904292807
ICWorkerMiteSurvivorship= 66.2565608974546
ICForagerLifespan= 15.0669498546049
ImmType= Sine
AIAdultSlopeContact= 3.96065806504339
AIAdultLD50Contact= 0.185671682329848
AILarvaSlope= 4.41361929057166
AILarvaLD50= 0.40543674165383
AIKOW= 75.3596666967496
AIKOC= 31.9078191649169
AIHalfLife= 7.24747462337837
