ICQueenStrength= 2.44359688274562
RQWkrDrnRatio= 4.18521046172827
ICDroneMiteSurvivorship= 52.5283973198384
ICWorkerMiteSurvivorship= 12.9661641549319
ICForagerLifespan= 6.63685655687004
ImmType= Sine
AIAdultSlope= 3.15623665024526
AIAdultLD50= 0.0373545048059896
AIAdultSlopeContact= 1.99004836735781
AIAdultLD50Contact= 0.0193463159608655
AILarvaSlope= 0.439095118036494
AILarvaLD50= 0.294336963188835
AIKOW= 7.10767769115046
AIKOC= 20.6318403023761
AIHalfLife= 3.39235689025372
EAppRate= 0.562647041911259
