ICQueenStrength= 1.54661985486746
RQWkrDrnRatio= 1.65710912365466
ICDroneMiteSurvivorship= 4.08351204823703
ICWorkerMiteSurvivorship= 10.5042741401121
ICForagerLifespan= 8.99789066705853
ImmType= Logarithmic
AIAdultSlope= 3.10807113680989
AIAdultLD50= 0.181076489505358
AIAdultSlopeContact= 0.789252323303372
AIAdultLD50Contact= 0.0157180257840082
AILarvaSlope= 2.63066238281317
AILarvaLD50= 0.234814291424118
AIKOW= 2.9140186808072
AIKOC= 13.7850573123433
AIHalfLife= 1.58510492532514
EAppRate= 0.106072162976488
