ICQueenStrength= 1.58978649135679
RQWkrDrnRatio= 1.48781353607774
