ICQueenStrength= 3.83386419177987
RQWkrDrnRatio= 4.7751736138016
ICDroneMiteSurvivorship= 18.6662558466196
ICWorkerMiteSurvivorship= 64.2104176571593
ICForagerLifespan= 12.3027327125892
ImmType= Sine
AIAdultSlopeContact= 0.668125602090731
AIAdultLD50Contact= 0.0397552529349923
AILarvaSlope= 2.7207396122627
AILarvaLD50= 0.329210105189122
AIKOW= 3.27478619944304
AIKOC= 5.55234062601812
AIHalfLife= 11.9897814528085
