ICQueenStrength= 5.68833062448539
RQWkrDrnRatio= 2.64175014942884
ICDroneMiteSurvivorship= 96.3523109443486
ICWorkerMiteSurvivorship= 73.1349852168933
ICForagerLifespan= 5.53351356182247
ImmType= Exponential
AIAdultSlope= 0.194206392627675
AIAdultLD50= 0.499925717478618
AIAdultSlopeContact= 0.146121288794093
AIAdultLD50Contact= 0.00291233910247684
AILarvaSlope= 1.62917339573614
AILarvaLD50= 0.0340378222754225
AIKOW= 4.70347681036219
AIKOC= 5.82804250414483
AIHalfLife= 3.54461096227169
EAppRate= 0
