ICQueenStrength= 4.37629287620075
RQWkrDrnRatio= 2.779341426678
ICDroneMiteSurvivorship= 94.7102427016944
ICWorkerMiteSurvivorship= 85.0693539716303
ICForagerLifespan= 8.71407120581716
ImmType= Polynomial
AIAdultSlope= 2.5159154180903
AIAdultLD50= 0.794033836573362
AIAdultSlopeContact= 1.83921326524811
AIAdultLD50Contact= 0.0336000126320869
AILarvaSlope= 2.62092744293623
AILarvaLD50= 0.253789967810735
AIKOW= 5.48597062146291
AIKOC= 7.81714174197987
AIHalfLife= 2.61871105106547
EAppRate= 0.0846766612958163
