ICQueenStrength= 2.38133328873664
RQWkrDrnRatio= 2.62630277406424
ICDroneMiteSurvivorship= 68.700068956241
ICWorkerMiteSurvivorship= 50.698380288668
ICForagerLifespan= 10.9679160546511
ImmType= Cosine
AIAdultSlope= 2.22810941490345
AIAdultLD50= 0.142053523566574
AIAdultSlopeContact= 3.35448519165628
AIAdultLD50Contact= 0.0405027637607418
AILarvaSlope= 0.245387533726171
AILarvaLD50= 0.265743038034998
AIKOW= 5.93707818631083
AIKOC= 7.02966881915927
AIHalfLife= 2.80417122645304
EAppRate= 0.495735918777063
