ICQueenStrength= 3.15155990677886
RQWkrDrnRatio= 2.61288228165358
ICDroneMiteSurvivorship= 30.8115446707234
ICWorkerMiteSurvivorship= 61.1766633111984
ICForagerLifespan= 12.6673150155693
ImmType= Polynomial
AIAdultSlope= 3.82655162122333
AIAdultLD50= 0.451400514924899
AIAdultSlopeContact= 0.59976242775796
AIAdultLD50Contact= 0.0383492810302414
AILarvaSlope= 2.30778449093923
AILarvaLD50= 0.394790526526049
AIKOW= 5.52539695380256
AIKOC= 17.2004830976948
AIHalfLife= 4.92117867921479
EAppRate= 0.11640868827235
