ICQueenStrength= 2.99985616491176
RQWkrDrnRatio= 2.01011828053743
ICDroneMiteSurvivorship= 37.6104849157855
ICWorkerMiteSurvivorship= 42.9009885294363
ICForagerLifespan= 14.6329719647765
ImmType= Exponential
AIAdultSlope= 1.50756736048497
AIAdultLD50= 2.40723226941191
AIAdultSlopeContact= 3.02460706725949
AIAdultLD50Contact= 0.00953791720094159
AILarvaSlope= 0.00976347872056067
AILarvaLD50= 0.10911394811701
AIKOW= 7.11923266015947
AIKOC= 10.7119587785564
AIHalfLife= 4.5026705772616
EAppRate= 0.429659881396219
