ICQueenStrength= 4.92242757137865
RQWkrDrnRatio= 3.19810387585312
ICDroneMiteSurvivorship= 74.854032532312
ICWorkerMiteSurvivorship= 17.8882898762822
ICForagerLifespan= 6.64288177061826
ImmType= Exponential
AIAdultSlope= 2.53480868907645
AIAdultLD50= 2.23931978177279
AIAdultSlopeContact= 2.32644559611334
AIAdultLD50Contact= 0.0435397788882256
AILarvaSlope= 0.921480703540146
AILarvaLD50= 0.691877829981968
AIKOW= 4.06284251948819
AIKOC= 13.95653940388
AIHalfLife= 0.677792500238866
EAppRate= 0.48717707186006
