ICQueenStrength= 1.32841904321685
RQWkrDrnRatio= 3.71495953947306
ICDroneMiteSurvivorship= 93.0333681870252
ICWorkerMiteSurvivorship= 73.4354880638421
ICForagerLifespan= 5.3679964048788
ImmType= Sine
AIAdultSlopeContact= 3.4360858899029
AIAdultLD50Contact= 0.00370880048722029
AILarvaSlope= 1.20452533364296
AILarvaLD50= 0.809520503086969
AIKOW= 5.60277198674157
AIKOC= 11.1754237627611
AIHalfLife= 12.2952723582275
