ICQueenStrength= 3.78261606115848
RQWkrDrnRatio= 1.95165406167507
ICDroneMiteSurvivorship= 2.92175014037639
ICWorkerMiteSurvivorship= 56.2216508435085
ICForagerLifespan= 10.5767546864226
ImmType= Logarithmic
AIAdultSlope= 0.887818993069232
