ICQueenStrength= 5.15547732496634
RQWkrDrnRatio= 3.20341296494007
ICDroneMiteSurvivorship= 32.0082276593894
ICWorkerMiteSurvivorship= 75.5678511690348
ICForagerLifespan= 15.7018811991438
ImmType= Exponential
AIAdultSlope= 0.902218271037564
AIAdultLD50= 0.0737592169316486
AIAdultSlopeContact= 3.29836621176219
AIAdultLD50Contact= 0.0436498059891164
AILarvaSlope= 2.85921282526106
AILarvaLD50= 0.180104615539312
AIKOW= 5.05666922451928
AIKOC= 10.760944809299
AIHalfLife= 2.81168878311291
EAppRate= 0
