ICQueenStrength= 5.42818330018781
RQWkrDrnRatio= 2.552500016056
ICDroneMiteSurvivorship= 46.1634792620316
ICWorkerMiteSurvivorship= 59.4781717052683
ICForagerLifespan= 15.2583757760003
ImmType= Exponential
AIAdultSlope= 0.70662584323436
AIAdultLD50= 1.27943458640948
AIAdultSlopeContact= 2.48447046699235
AIAdultLD50Contact= 0.0413700904813595
AILarvaSlope= 0.881265444308519
AILarvaLD50= 0.700853796768934
AIKOW= 2.40037340810522
AIKOC= 9.47998354793526
AIHalfLife= 8.07635131943971
EAppRate= 0.528203459223732
