ICQueenStrength= 1.84785991231911
RQWkrDrnRatio= 2.34951188787818
ICDroneMiteSurvivorship= 34.1851070290431
ICWorkerMiteSurvivorship= 61.6693663410842
ICForagerLifespan= 15.2686158325523
ImmType= Exponential
AIAdultSlopeContact= 6.11665915697813
AIAdultLD50Contact= 0.127631040010601
AILarvaSlope= 0.601256904192269
AILarvaLD50= 0.218507469631732
AIKOW= 20.3128046821803
AIKOC= 23.2356306398287
AIHalfLife= 9.44690069323406
