ICQueenStrength= 3.18744318350218
RQWkrDrnRatio= 4.83042213506997
ICDroneMiteSurvivorship= 13.2053974084556
ICWorkerMiteSurvivorship= 37.9302085144445
ICForagerLifespan= 13.7632449967787
ImmType= Exponential
AIAdultSlope= 0.0645375532703474
AIAdultLD50= 0.109376245876774
AIAdultSlopeContact= 3.64718046751572
AIAdultLD50Contact= 0.0473818285856396
AILarvaSlope= 1.73441243306734
AILarvaLD50= 0.294830879825167
AIKOW= 5.6908693430014
AIKOC= 16.6061865934171
AIHalfLife= 3.25376292690635
EAppRate= 0
