ICQueenStrength= 2.4362321596127
RQWkrDrnRatio= 2.65160625427961
ICDroneMiteSurvivorship= 51.8426827155054
ICWorkerMiteSurvivorship= 21.8705335399136
ICForagerLifespan= 15.5784205067903
ImmType= Sine
AIAdultSlopeContact= 0.855660722712055
AIAdultLD50Contact= 0.0191681180964224
AILarvaSlope= 1.37259648526087
AILarvaLD50= 0.845144040836021
AIKOW= 4.68346716789529
AIKOC= 18.5456526710186
AIHalfLife= 0.86048995051533
