ICQueenStrength= 1.77565079089254
RQWkrDrnRatio= 2.76213581766933
ICDroneMiteSurvivorship= 72.5357207702473
ICWorkerMiteSurvivorship= 71.1808034684509
ICForagerLifespan= 9.99265429005027
ImmType= Polynomial
AIAdultSlope= 3.11216876443941
AIAdultLD50= 0.368774341186509
AIAdultSlopeContact= 3.43943102065707
AIAdultLD50Contact= 0.00615914842346683
AILarvaSlope= 3.0468043630477
AILarvaLD50= 0.309952889266424
AIKOW= 5.08724899729714
AIKOC= 16.9867206783965
AIHalfLife= 3.2020886905957
EAppRate= 0.360129188769497
