ICQueenStrength= 2.77107875118963
RQWkrDrnRatio= 1.18274566344917
ICDroneMiteSurvivorship= 12.805899605155
ICWorkerMiteSurvivorship= 83.737998851575
ICForagerLifespan= 8.60901344846934
ImmType= Sine
AIAdultSlopeContact= 2.72003606997896
AIAdultLD50Contact= 0.0414826516644098
AILarvaSlope= 0.494584969431162
AILarvaLD50= 0.737841529073194
AIKOW= 4.07320510689169
AIKOC= 10.362554162275
AIHalfLife= 6.83652821974829
