ICQueenStrength= 4.61234776093625
RQWkrDrnRatio= 3.92727212235332
ICDroneMiteSurvivorship= 10.6485916301608
ICWorkerMiteSurvivorship= 62.8806295106187
ICForagerLifespan= 9.94290718063712
ImmType= Sine
AIAdultSlope= 0.503023460833356
AIAdultLD50= 2.25931746116839
AIAdultSlopeContact= 2.67720667431364
AIAdultLD50Contact= 0.0190733119146898
AILarvaSlope= 0.43196220966056
AILarvaLD50= 0.644157608994283
AIKOW= 2.54385655326769
AIKOC= 9.22777182538994
AIHalfLife= 12.2783854166046
EAppRate= 0.509953884175047
