ICQueenStrength= 5.17763469857164
RQWkrDrnRatio= 1.73680857848376
ICDroneMiteSurvivorship= 48.3659812482074
ICWorkerMiteSurvivorship= 4.15899327490479
ICForagerLifespan= 11.1027907505631
ImmType= Tangent
AIAdultSlope= 1.51719884695485
AIAdultLD50= 0.344716542167589
AIAdultSlopeContact= 2.63897205369081
AIAdultLD50Contact= 0.0127766058081761
AILarvaSlope= 2.78223934546113
AILarvaLD50= 0.255858925357461
AIKOW= 4.90245622489601
AIKOC= 9.78875475237146
AIHalfLife= 7.91160744614899
EAppRate= 0.405320826917887
