ICQueenStrength= 3.04024300328456
RQWkrDrnRatio= 4.38860525470227
ICDroneMiteSurvivorship= 21.7657140688971
ICWorkerMiteSurvivorship= 54.7925465973094
ICForagerLifespan= 7.85909879300743
ImmType= Exponential
AIAdultSlope= 1.02967945905402
AIAdultSlopeContact= 2.50115676647751
AIAdultLD50Contact= 0.0127476891153492
AILarvaSlope= 0.83346404414624
AILarvaLD50= 0.492585730925202
AIKOW= 7.25363989174366
AIKOC= 15.4222144989762
AIHalfLife= 2.22214763658121
