ICQueenStrength= 1.26758099556901
RQWkrDrnRatio= 4.92756071314216
ICDroneMiteSurvivorship= 35.7809331268072
ICWorkerMiteSurvivorship= 57.2279864922166
ICForagerLifespan= 13.6398143256083
ImmType= Cosine
AIAdultSlope= 1.52784249223769
AIAdultLD50= 2.79468926251866
AIAdultSlopeContact= 3.0697667638748
AIAdultLD50Contact= 0.0341954457573593
AILarvaSlope= 2.09582187077031
AILarvaLD50= 0.784946079994552
AIKOW= 3.50593060441315
AIKOC= 26.6627782327123
AIHalfLife= 0.256067856214941
EAppRate= 0.492114356486127
