ICQueenStrength= 5.59975032019429
RQWkrDrnRatio= 2.4060463225469
ICDroneMiteSurvivorship= 75.8682603947818
ICWorkerMiteSurvivorship= 89.9617115966976
ICForagerLifespan= 9.77831524889916
ImmType= Sine
AIAdultSlopeContact= 0.892690209494904
AIAdultLD50Contact= 0.00471469050971791
AILarvaSlope= 1.7361748940777
AILarvaLD50= 0.586570513132028
AIKOW= 5.01250732224435
AIKOC= 12.9243592510466
AIHalfLife= 13.7723268112168
