ICQueenStrength= 2.58163196407259
RQWkrDrnRatio= 3.48981883004308
ICDroneMiteSurvivorship= 98.674875870347
ICWorkerMiteSurvivorship= 75.490433559753
ICForagerLifespan= 7.38640044443309
ImmType= Tangent
AIAdultSlope= 5.00866906484589
