ICQueenStrength= 3.25534083321691
RQWkrDrnRatio= 4.71805337071419
ICDroneMiteSurvivorship= 46.7957790475339
ICWorkerMiteSurvivorship= 50.7985380245373
ICForagerLifespan= 12.2954196194187
ImmType= Exponential
AIAdultSlope= 1.65422666426282
AIAdultLD50= 0.390977943083271
AIAdultSlopeContact= 2.83946827209089
AIAdultLD50Contact= 0.032183301995974
AILarvaSlope= 1.12542237606831
AILarvaLD50= 0.575343938497827
AIKOW= 3.06059182016179
AIKOC= 5.89493659324944
AIHalfLife= 1.95663964608684
EAppRate= 0.639560170099139
