ICQueenStrength= 2.70870295725763
RQWkrDrnRatio= 4.01918969023973
ICDroneMiteSurvivorship= 75.0947180436924
ICWorkerMiteSurvivorship= 11.0767200356349
ICForagerLifespan= 12.8570287125185
ImmType= Exponential
AIAdultSlope= 3.13354702666402
