ICQueenStrength= 1.95019556814805
RQWkrDrnRatio= 3.24709139205515
ICDroneMiteSurvivorship= 60.1440259953961
ICWorkerMiteSurvivorship= 69.6380646666512
ICForagerLifespan= 15.4968944005668
ImmType= Exponential
AIAdultSlope= 6.42894255463034
