ICQueenStrength= 2.06789476936683
RQWkrDrnRatio= 3.00486219394952
ICDroneMiteSurvivorship= 56.8951164837927
ICWorkerMiteSurvivorship= 0.566508015617728
ICForagerLifespan= 15.0197280840948
ImmType= Logarithmic
AIAdultLD50= 0.154012839635834
AIAdultSlopeContact= 1.98352561296662
AIAdultLD50Contact= 0.0463366279262118
AILarvaSlope= 0.490692855697125
AILarvaLD50= 0.352384572126903
AIKOW= 2.74859749246389
AIKOC= 22.5204133789521
AIHalfLife= 12.2409571013413
EAppRate= 0.888122122269124
