ICQueenStrength= 2.18256247020327
RQWkrDrnRatio= 3.20321558602154
ICDroneMiteSurvivorship= 45.0802439358085
ICWorkerMiteSurvivorship= 86.6764097707346
ICForagerLifespan= 4.96677684504539
ImmType= Cosine
AIAdultSlope= 9.29224770283327
AIAdultLD50= 0.159716052003205
AIAdultSlopeContact= 6.00625715218484
AIAdultLD50Contact= 0.151186156738549
AILarvaSlope= 7.80290674651042
AILarvaLD50= 0.1615429231897
AIKOW= 8.49011288955808
AIKOC= 91.9935581274331
AIHalfLife= 7.19249059166759
EAppRate= 0.364059720188379
