ICQueenStrength= 4.22376567171887
RQWkrDrnRatio= 1.5859986776486
ICDroneMiteSurvivorship= 34.7666101763025
ICWorkerMiteSurvivorship= 97.5053872680292
ICForagerLifespan= 15.1740189306438
ImmType= Sine
AIAdultSlopeContact= 3.75564293310978
AIAdultLD50Contact= 0.0184012991841882
AILarvaSlope= 1.59709411109798
AILarvaLD50= 0.420759482891299
AIKOW= 3.99424275523052
AIKOC= 21.6837666067295
AIHalfLife= 0.107204448897392
