ICQueenStrength= 4.88062666170299
RQWkrDrnRatio= 4.40493447799236
ICDroneMiteSurvivorship= 44.8349579470232
ICWorkerMiteSurvivorship= 95.4639786621556
ICForagerLifespan= 15.8556372942403
ImmType= Cosine
AIAdultSlope= 2.89506322755944
AIAdultLD50= 0.366442370810546
AIAdultSlopeContact= 0.283801999704447
AIAdultLD50Contact= 0.0418140075285919
AILarvaSlope= 0.0566048390232027
AILarvaLD50= 0.713097224500962
AIKOW= 6.22053781105205
AIKOC= 17.1906321612187
AIHalfLife= 2.22410656628199
EAppRate= 0.508224757062271
