ICQueenStrength= 1.18459238577634
RQWkrDrnRatio= 1.38908850587904
ICDroneMiteSurvivorship= 93.4605468530208
ICWorkerMiteSurvivorship= 53.5300632473081
ICForagerLifespan= 6.76578996703029
ImmType= Exponential
AIAdultSlope= 2.92471388941631
AIAdultLD50= 2.02014938578941
AIAdultSlopeContact= 1.19191204075702
AIAdultLD50Contact= 0.0367861255886964
AILarvaSlope= 1.23070929874666
AILarvaLD50= 0.0438886680174619
AIKOW= 6.90778025425971
AIKOC= 18.008926314069
AIHalfLife= 8.9251045291312
EAppRate= 0.638999806018546
