ICQueenStrength= 4.26290840399452
RQWkrDrnRatio= 4.71123394556344
ICDroneMiteSurvivorship= 78.4758566180244
ICWorkerMiteSurvivorship= 7.59805080015212
ICForagerLifespan= 6.04036878049374
ImmType= Polynomial
AIAdultSlope= 0.377223891438916
AIAdultLD50= 0.0532248162198812
AIAdultSlopeContact= 1.57614129222929
AIAdultLD50Contact= 0.0248520892346278
AILarvaSlope= 1.69637789581902
AILarvaLD50= 0.596254075993784
AIKOW= 2.89696530206129
AIKOC= 5.15354616334662
AIHalfLife= 12.8254450876266
EAppRate= 0.993321153102443
