ICQueenStrength= 4.03533114492893
RQWkrDrnRatio= 3.68533999752253
