ICQueenStrength= 4.05927043780684
RQWkrDrnRatio= 3.75816923845559
ICDroneMiteSurvivorship= 35.4375467402861
ICWorkerMiteSurvivorship= 74.1192641900852
ICForagerLifespan= 15.5789230829105
ImmType= Logarithmic
AIAdultSlope= 2.70428210794926
AIAdultLD50= 2.66157032805495
AIAdultSlopeContact= 0.485299498226959
AIAdultLD50Contact= 0.0409619333804585
AILarvaSlope= 3.20467954869382
AILarvaLD50= 0.0383476214949042
AIKOW= 4.99240695405751
AIKOC= 15.7906741905026
AIHalfLife= 12.618230168242
EAppRate= 0.825476847821847
