ICQueenStrength= 5.12519688950852
RQWkrDrnRatio= 1.30170810595155
ICDroneMiteSurvivorship= 36.3866382744163
ICWorkerMiteSurvivorship= 77.9912444064394
ICForagerLifespan= 6.0948866372928
ImmType= Logarithmic
AIAdultSlope= 0.150100954016671
AIAdultLD50= 2.36124072899111
AIAdultSlopeContact= 2.64724295127438
AIAdultLD50Contact= 0.00874845100333914
AILarvaSlope= 0.570589223364368
AILarvaLD50= 0.00628951673861593
AIKOW= 7.78561651939526
AIKOC= 13.4259207826108
AIHalfLife= 0.619643890298903
EAppRate= 0.67344078538008
