ICQueenStrength= 4.69161073002033
RQWkrDrnRatio= 1.5685690427199
ICDroneMiteSurvivorship= 5.37418317981064
ICWorkerMiteSurvivorship= 26.3614488299936
ICForagerLifespan= 12.0717063359916
ImmType= Sine
AIAdultSlope= 3.54448184138164
