ICQueenStrength= 5.03866126667708
RQWkrDrnRatio= 2.07111014612019
ICDroneMiteSurvivorship= 85.7599660288543
ICWorkerMiteSurvivorship= 24.2194290505722
ICForagerLifespan= 8.93786261696368
ImmType= Polynomial
AIAdultSlopeContact= 0.921216883007437
AIAdultLD50Contact= 0.0081299458979629
AILarvaSlope= 1.36177435088903
AILarvaLD50= 0.897908180812374
AIKOW= 6.94087514001876
AIKOC= 11.2583743478172
AIHalfLife= 12.4649896137416
