ICQueenStrength= 3.60598941356875
RQWkrDrnRatio= 4.09635470993817
ICDroneMiteSurvivorship= 57.8791039297357
ICWorkerMiteSurvivorship= 15.5464275041595
ICForagerLifespan= 4.71520683169365
ImmType= Sine
AIAdultSlopeContact= 1.83280659909127
AIAdultLD50Contact= 0.0347796615213156
AILarvaSlope= 0.800981066795066
AILarvaLD50= 0.160831957636401
AIKOW= 2.94769312627614
AIKOC= 29.6038449462503
AIHalfLife= 2.56422564480454
