ICQueenStrength= 5.60835653590038
RQWkrDrnRatio= 3.32397354114801
ICDroneMiteSurvivorship= 40.2724714949727
ICWorkerMiteSurvivorship= 60.9972040168941
ICForagerLifespan= 11.2891809446737
ImmType= Polynomial
AIAdultSlope= 1.76147248232737
AIAdultLD50= 0.611294571775943
AIAdultSlopeContact= 0.701374269237276
AIAdultLD50Contact= 0.0486531736911275
AILarvaSlope= 1.74376407009549
AILarvaLD50= 0.628266647947021
AIKOW= 2.8017704715021
AIKOC= 21.7521843628492
AIHalfLife= 0.283300078008324
EAppRate= 0.500672902679071
