ICQueenStrength= 5.07123949145898
RQWkrDrnRatio= 3.76573327742517
ICDroneMiteSurvivorship= 82.5114885810763
ICWorkerMiteSurvivorship= 4.16105322074145
ICForagerLifespan= 6.40243172645569
ImmType= Polynomial
AIAdultSlope= 2.53499488778645
AIAdultLD50= 0.215622743126005
AIAdultSlopeContact= 3.81972687491449
AIAdultLD50Contact= 0.0488216542755254
AILarvaSlope= 1.78996051079594
AILarvaLD50= 0.401040998473763
AIKOW= 4.82416138984263
AIKOC= 8.77122113131918
AIHalfLife= 3.5546724323649
EAppRate= 0.660439233318903
