ICQueenStrength= 2.21197264757939
RQWkrDrnRatio= 3.87936318293214
ICDroneMiteSurvivorship= 23.9613745361567
ICWorkerMiteSurvivorship= 3.29136308282614
ICForagerLifespan= 6.17153659369797
ImmType= Cosine
AIAdultSlopeContact= 0.27204524243949
AIAdultLD50Contact= 3.65496845915914e-05
AILarvaSlope= 1.39434685697779
AILarvaLD50= 0.664514283137396
AIKOW= 4.5316725554876
AIKOC= 27.4878210341558
AIHalfLife= 7.34920534677804
