ICQueenStrength= 4.0890535376966
RQWkrDrnRatio= 1.10355419758707
ICDroneMiteSurvivorship= 53.1852364307269
ICWorkerMiteSurvivorship= 44.7609049035236
ICForagerLifespan= 11.9995619431138
ImmType= Exponential
AIAdultSlope= 3.54415688517038
AIAdultLD50= 0.178708998137154
AIAdultSlopeContact= 2.36649684310192
AIAdultLD50Contact= 0.0468578019412234
AILarvaSlope= 0.688036668347195
AILarvaLD50= 0.274878176953644
AIKOW= 5.46176108811051
AIKOC= 19.1983740904834
AIHalfLife= 2.99445504439063
EAppRate= 0.360077678808011
