ICQueenStrength= 5.92054249159992
RQWkrDrnRatio= 4.06128106731921
ICDroneMiteSurvivorship= 58.6671048542485
ICWorkerMiteSurvivorship= 39.9017644813284
ICForagerLifespan= 13.7524164635688
ImmType= Cosine
AIAdultSlopeContact= 2.58475754891289
AIAdultLD50Contact= 0.0238876942894422
AILarvaSlope= 1.84879015260376
AILarvaLD50= 0.638045715889893
AIKOW= 2.73768827086315
AIKOC= 28.113353678491
AIHalfLife= 7.37969473330304
