ICQueenStrength= 4.9837779966183
RQWkrDrnRatio= 4.29308845009655
ICDroneMiteSurvivorship= 21.5591862797737
ICWorkerMiteSurvivorship= 99.3131390539929
ICForagerLifespan= 14.3143664514646
ImmType= Polynomial
AIAdultSlope= 0.852238332433626
AIAdultLD50= 0.306350248865783
AIAdultSlopeContact= 2.05462091665249
AIAdultLD50Contact= 0.0343162015895359
AILarvaSlope= 0.639480945328251
AILarvaLD50= 0.284108073078096
AIKOW= 3.32196248974651
AIKOC= 28.0702369997744
AIHalfLife= 0.894694909919053
EAppRate= 0.45345895527862
