ICQueenStrength= 2.65649413480423
RQWkrDrnRatio= 3.40196765866131
ICDroneMiteSurvivorship= 20.3710713423789
ICWorkerMiteSurvivorship= 27.5101961567998
ICForagerLifespan= 14.0663980385289
ImmType= Logarithmic
AIAdultSlope= 2.14273935444653
AIAdultLD50= 1.80436037806794
AIAdultSlopeContact= 2.86330245693214
AIAdultLD50Contact= 0.035774820484221
AILarvaSlope= 2.37807954014279
AILarvaLD50= 0.648018263513222
AIKOW= 7.26173585047945
AIKOC= 11.1746920924634
AIHalfLife= 4.41693674074486
EAppRate= 0.425322235329077
