ICQueenStrength= 1.06813982967287
RQWkrDrnRatio= 1.75083306059241
ICDroneMiteSurvivorship= 6.58733884338289
ICWorkerMiteSurvivorship= 99.4077277602628
ICForagerLifespan= 7.94693946186453
ImmType= Cosine
AIAdultSlope= 1.13093729523243
AIAdultLD50= 0.267813230981119
AIAdultSlopeContact= 3.17221175156767
AIAdultLD50Contact= 0.0416183418012224
AILarvaSlope= 2.90163623942062
AILarvaLD50= 0.436295482912101
AIKOW= 3.40786963235587
AIKOC= 6.44923001062125
AIHalfLife= 2.91857306961901
EAppRate= 0.480179368657991
