ICQueenStrength= 2.78083555400372
RQWkrDrnRatio= 3.73428615741432
