ICQueenStrength= 2.32267237291671
RQWkrDrnRatio= 1.90402270108461
ICDroneMiteSurvivorship= 70.6360922195017
ICWorkerMiteSurvivorship= 14.4412246532738
ICForagerLifespan= 7.5022934069857
ImmType= Polynomial
AIAdultLD50= 0.154012839635834
AIAdultSlopeContact= 3.32743580678478
AIAdultLD50Contact= 0.0228611772879958
AILarvaSlope= 0.407111351564527
AILarvaLD50= 0.132489920826629
AIKOW= 7.73156086308882
AIKOC= 23.9138203160837
AIHalfLife= 12.1064383336343
EAppRate= 0.537892027292401
