ICQueenStrength= 4.20534828584641
RQWkrDrnRatio= 3.56275912746787
