ICQueenStrength= 5.40795533475466
RQWkrDrnRatio= 3.16755500435829
ICDroneMiteSurvivorship= 7.16333840973675
ICWorkerMiteSurvivorship= 26.6069072531536
ICForagerLifespan= 4.88611579313874
ImmType= Polynomial
AIAdultSlope= 9.48226259788498
