ICQueenStrength= 5.28637147764675
RQWkrDrnRatio= 3.7399595733732
ICDroneMiteSurvivorship= 83.5405525984243
ICWorkerMiteSurvivorship= 60.7450095936656
ICForagerLifespan= 7.66345149371773
ImmType= Sine
AIAdultSlope= 3.61998724446399
AIAdultLD50= 0.445527935749851
AIAdultSlopeContact= 2.83888615642441
AIAdultLD50Contact= 0.036575504229404
AILarvaSlope= 2.58336300062947
AILarvaLD50= 0.0349235386122018
AIKOW= 3.63464748347178
AIKOC= 15.5705655820202
AIHalfLife= 3.75357103534043
EAppRate= 0.6263292837888
