ICQueenStrength= 1.38677537115291
RQWkrDrnRatio= 2.33937228657305
ICDroneMiteSurvivorship= 96.9940395792946
ICWorkerMiteSurvivorship= 88.4706808254123
ICForagerLifespan= 4.556978831999
ImmType= Tangent
AIAdultSlope= 1.35993694839999
AIAdultLD50= 0.0579583717044443
AIAdultSlopeContact= 0.145690075296443
AIAdultLD50Contact= 0.0212897031917237
AILarvaSlope= 1.22026331410743
AILarvaLD50= 0.00239423573948443
AIKOW= 3.89644573908299
AIKOC= 16.3342056574766
AIHalfLife= 6.93631255021319
EAppRate= 0.114177942974493
