ICQueenStrength= 2.38017099816352
RQWkrDrnRatio= 4.51759822014719
ICDroneMiteSurvivorship= 84.069831832312
ICWorkerMiteSurvivorship= 88.9965682057664
ICForagerLifespan= 4.97909154556692
ImmType= Logarithmic
AIAdultSlope= 0.33448655474931
AIAdultLD50= 2.46734294411726
AIAdultSlopeContact= 0.0245088652940467
AIAdultLD50Contact= 0.0287283215788193
AILarvaSlope= 0.846582563128322
AILarvaLD50= 0.824051250563934
AIKOW= 4.11660523386672
AIKOC= 24.8176152014639
AIHalfLife= 5.46144975442439
EAppRate= 0.721164566930383
