ICQueenStrength= 1.44934672303498
RQWkrDrnRatio= 2.6816783985123
ICDroneMiteSurvivorship= 13.1573579041287
ICWorkerMiteSurvivorship= 11.0306597547606
ICForagerLifespan= 10.8166349260136
ImmType= Tangent
AIAdultSlope= 0.466651870310307
AIAdultLD50= 2.2211394009646
AIAdultSlopeContact= 2.80678029622883
AIAdultLD50Contact= 0.0432782301330008
AILarvaSlope= 1.73154340889305
AILarvaLD50= 0.25837400383316
AIKOW= 7.70742063689977
AIKOC= 23.0273901787587
AIHalfLife= 13.419358858373
EAppRate= 0.268866951810196
