ICQueenStrength= 2.66460156091489
RQWkrDrnRatio= 1.34273919183761
ICDroneMiteSurvivorship= 38.7212395202368
ICWorkerMiteSurvivorship= 91.7227985803038
ICForagerLifespan= 4.44949326198548
ImmType= Logarithmic
AIAdultSlope= 0.458143394971266
AIAdultLD50= 0.24162880750373
AIAdultSlopeContact= 3.29523474287242
AIAdultLD50Contact= 0.041866663552355
AILarvaSlope= 0.768074606126174
AILarvaLD50= 0.233831912884489
AIKOW= 6.86695911735296
AIKOC= 12.1651446749456
AIHalfLife= 1.28160576918162
EAppRate= 0.550575284403749
