ICQueenStrength= 2.31808695266955
RQWkrDrnRatio= 2.78107118140906
ICDroneMiteSurvivorship= 99.9336651759222
ICWorkerMiteSurvivorship= 15.7132510095835
ICForagerLifespan= 14.2694152910262
ImmType= Logarithmic
AIAdultSlopeContact= 2.12602138281567
AIAdultLD50Contact= 0.0134256970719434
AILarvaSlope= 0.0540305602829903
AILarvaLD50= 0.348802170180716
AIKOW= 4.85531871626154
AIKOC= 23.4284012648277
AIHalfLife= 1.10147111257538
