ICQueenStrength= 3.98695158562623
RQWkrDrnRatio= 4.80478688981384
ICDroneMiteSurvivorship= 94.750744337216
ICWorkerMiteSurvivorship= 72.0082613406703
ICForagerLifespan= 5.15660678502172
ImmType= Exponential
AIAdultSlope= 2.56864201238612
AIAdultLD50= 0.267835670267232
AIAdultSlopeContact= 3.86484320486197
AIAdultLD50Contact= 0.0410365377669223
AILarvaSlope= 1.1426899802871
AILarvaLD50= 0.717878184746951
AIKOW= 3.05694896681234
AIKOC= 23.9291590068024
AIHalfLife= 3.43418807373382
EAppRate= 0.0902657577302307
