ICQueenStrength= 1.78549218480475
RQWkrDrnRatio= 4.23123945575207
ICDroneMiteSurvivorship= 5.15885984059423
ICWorkerMiteSurvivorship= 0.55851130746305
ICForagerLifespan= 5.71992961410433
ImmType= Logarithmic
AIAdultSlope= 2.23232877006289
AIAdultLD50= 0.303280302439816
AIAdultSlopeContact= 3.14891104335431
AIAdultLD50Contact= 0.0120306919212453
AILarvaSlope= 0.366684648720548
AILarvaLD50= 0.538801957271062
AIKOW= 3.75450308714062
AIKOC= 28.4099017223343
AIHalfLife= 4.93320695124567
EAppRate= 0.338426831597462
