ICQueenStrength= 4.73544672853313
RQWkrDrnRatio= 1.72298477217555
ICDroneMiteSurvivorship= 16.5150410728529
ICWorkerMiteSurvivorship= 72.9927139123902
ICForagerLifespan= 15.8455294650048
ImmType= Logarithmic
AIAdultSlopeContact= 2.38121445837663
AIAdultLD50Contact= 0.00383176731411368
AILarvaSlope= 0.92569438056089
AILarvaLD50= 0.558059696014971
AIKOW= 6.56914423033595
AIKOC= 25.052130514523
AIHalfLife= 8.43548333505169
