ICQueenStrength= 2.43279392272234
RQWkrDrnRatio= 1.13764993846416
ICDroneMiteSurvivorship= 55.2346470532939
ICWorkerMiteSurvivorship= 75.361488875933
ICForagerLifespan= 11.6932997656986
ImmType= Sine
AIAdultSlope= 3.35150548688835
AIAdultLD50= 0.321847696788609
AIAdultSlopeContact= 0.106749807049055
AIAdultLD50Contact= 0.0228005378623493
AILarvaSlope= 1.9730463928543
AILarvaLD50= 0.830203842837363
AIKOW= 6.43391600809991
AIKOC= 15.106830537552
AIHalfLife= 2.7369627088774
EAppRate= 0
