ICQueenStrength= 1.84743230720051
RQWkrDrnRatio= 4.10419890843332
ICDroneMiteSurvivorship= 94.3498229142278
ICWorkerMiteSurvivorship= 91.2332397885621
ICForagerLifespan= 12.9756384985521
ImmType= Logarithmic
AIAdultLD50= 0.154012839635834
AIAdultSlopeContact= 1.45908627142897
AIAdultLD50Contact= 0.00189995454857126
AILarvaSlope= 1.65172961317003
AILarvaLD50= 0.529757068818435
AIKOW= 6.28204745892435
AIKOC= 18.5968340560794
AIHalfLife= 2.74843055941164
EAppRate= 1.74918295163661
