ICQueenStrength= 3.33849858748727
RQWkrDrnRatio= 4.85953600052744
ICDroneMiteSurvivorship= 61.3433623220772
ICWorkerMiteSurvivorship= 60.0724897347391
ICForagerLifespan= 6.75208131130785
ImmType= Exponential
AIAdultSlopeContact= 0.692779883982148
AIAdultLD50Contact= 0.000225460203364491
AILarvaSlope= 2.57207482284866
AILarvaLD50= 0.302568654064089
AIKOW= 2.06936461571604
AIKOC= 14.2737054568715
AIHalfLife= 7.73332667257637
