ICQueenStrength= 2.52590694255196
RQWkrDrnRatio= 1.79453691281378
ICDroneMiteSurvivorship= 83.6260192096233
ICWorkerMiteSurvivorship= 2.7652500430122
ICForagerLifespan= 4.11817868240178
ImmType= Sine
AIAdultSlope= 7.3424425162375
