ICQueenStrength= 5.36478037736379
RQWkrDrnRatio= 2.03154805116355
ICDroneMiteSurvivorship= 6.8527981871739
ICWorkerMiteSurvivorship= 70.8281517960131
ICForagerLifespan= 8.31386813614517
ImmType= Logarithmic
AIAdultSlopeContact= 7.27642375975847
AIAdultLD50Contact= 0.0765554655343294
AILarvaSlope= 7.92918975465
AILarvaLD50= 0.648177900817245
AIKOW= 88.6828892398626
AIKOC= 94.9996219947934
AIHalfLife= 5.64857312571257
