ICQueenStrength= 1.09122740826569
RQWkrDrnRatio= 3.16814837045968
ICDroneMiteSurvivorship= 16.3289991905913
ICWorkerMiteSurvivorship= 39.7177955368534
ICForagerLifespan= 14.1785191055387
ImmType= Sine
AIAdultSlopeContact= 1.47955231722677
AIAdultLD50Contact= 0.0292685270193033
AILarvaSlope= 1.4901369381696
AILarvaLD50= 0.753328499570489
AIKOW= 4.83732520230114
AIKOC= 13.3817269362044
AIHalfLife= 7.27941035293043
