ICQueenStrength= 3.8623810550198
RQWkrDrnRatio= 4.1942392885685
ICDroneMiteSurvivorship= 11.3203920656815
ICWorkerMiteSurvivorship= 84.3920335872099
ICForagerLifespan= 9.16142714675516
ImmType= Tangent
AIAdultSlopeContact= 2.37719449802069
AIAdultLD50Contact= 0.000402063212823123
AILarvaSlope= 1.24084915993735
AILarvaLD50= 0.698602457810193
AIKOW= 3.20870920922607
AIKOC= 5.05962091381662
AIHalfLife= 8.30956845590845
