ICQueenStrength= 4.21225817431696
RQWkrDrnRatio= 3.95527160353959
ICDroneMiteSurvivorship= 62.9920761566609
ICWorkerMiteSurvivorship= 77.4281877093017
ICForagerLifespan= 11.6633721916005
ImmType= Exponential
AIAdultSlope= 1.2874667782872
AIAdultLD50= 0.0779719742713496
AIAdultSlopeContact= 2.1747545755771
AIAdultLD50Contact= 0.00180895237717778
AILarvaSlope= 1.05425918744877
AILarvaLD50= 0.529793094238266
AIKOW= 5.86521399905905
AIKOC= 8.7644445837941
AIHalfLife= 4.15678409859538
EAppRate= 0.64281495839823
