ICQueenStrength= 5.31766185793094
RQWkrDrnRatio= 4.79699042253196
ICDroneMiteSurvivorship= 89.7797185461968
ICWorkerMiteSurvivorship= 19.8435455095023
ICForagerLifespan= 5.9367374079302
ImmType= Cosine
AIAdultSlope= 0.939630080647767
AIAdultLD50= 0.236421682871878
AIAdultSlopeContact= 3.26690469163936
AIAdultLD50Contact= 0.0167378778452985
AILarvaSlope= 2.50257971463725
AILarvaLD50= 0.489626460825093
AIKOW= 3.41277135256678
AIKOC= 9.67700232984498
AIHalfLife= 1.00703996489756
EAppRate= 0
