ICQueenStrength= 4.70421916712075
RQWkrDrnRatio= 2.67075481731445
ICDroneMiteSurvivorship= 9.14556048810482
ICWorkerMiteSurvivorship= 54.8449242254719
ICForagerLifespan= 4.49753109179437
ImmType= Tangent
AIAdultSlope= 8.51960964500904
