ICQueenStrength= 3.38576753996313
RQWkrDrnRatio= 3.18376779463142
ICDroneMiteSurvivorship= 53.1715251738206
ICWorkerMiteSurvivorship= 60.8360420912504
ICForagerLifespan= 9.36234554834664
ImmType= Logarithmic
AIAdultSlopeContact= 3.02312428023666
AIAdultLD50Contact= 0.0345164299942553
AILarvaSlope= 1.72245366172865
AILarvaLD50= 0.716262353514321
AIKOW= 7.9370585847646
AIKOC= 10.8381423761602
AIHalfLife= 4.95990068139508
