ICQueenStrength= 5.41148927318864
RQWkrDrnRatio= 4.67537271697074
ICDroneMiteSurvivorship= 67.7083101589233
ICWorkerMiteSurvivorship= 48.1007693102583
ICForagerLifespan= 5.58710141014308
ImmType= Polynomial
AIAdultSlope= 1.63134450743906
AIAdultLD50= 0.255239022197202
AIAdultSlopeContact= 2.76695003862027
AIAdultLD50Contact= 0.00574637787649408
AILarvaSlope= 1.09016349962912
AILarvaLD50= 0.58713759498205
AIKOW= 6.03173017548397
AIKOC= 7.45227422565222
AIHalfLife= 2.21774959354661
EAppRate= 0.10442135874182
