ICQueenStrength= 5.85422116471455
RQWkrDrnRatio= 3.71353865414858
ICDroneMiteSurvivorship= 28.7625835509971
ICWorkerMiteSurvivorship= 87.1524535119534
ICForagerLifespan= 14.3914665104821
ImmType= Exponential
AIAdultSlope= 2.10354675073177
