ICQueenStrength= 5.3963184801396
RQWkrDrnRatio= 4.64340765587986
ICDroneMiteSurvivorship= 98.0610106140375
ICWorkerMiteSurvivorship= 5.90379752684385
ICForagerLifespan= 14.7601381456479
ImmType= Sine
AIAdultSlope= 2.52495115324622
AIAdultLD50= 0.220057991449721
AIAdultSlopeContact= 1.67797609771136
AIAdultLD50Contact= 0.0100076954229735
AILarvaSlope= 1.9890866312664
AILarvaLD50= 0.384291275823489
AIKOW= 5.32840743800625
AIKOC= 27.6164134568535
AIHalfLife= 3.97541830665432
EAppRate= 0.0564824308501556
