ICQueenStrength= 3.94627441791818
RQWkrDrnRatio= 3.60205161664635
ICDroneMiteSurvivorship= 53.0814377125353
ICWorkerMiteSurvivorship= 96.4582098647952
ICForagerLifespan= 11.8803969901055
ImmType= Cosine
AIAdultSlope= 1.81997870507883
AIAdultLD50= 0.0589356808923185
AIAdultSlopeContact= 3.32470218868693
AIAdultLD50Contact= 0.0396189125603996
AILarvaSlope= 2.28428175458685
AILarvaLD50= 0.490849583549425
AIKOW= 4.72380834445357
AIKOC= 9.34154828544706
AIHalfLife= 0.337243238463998
EAppRate= 0
