ICQueenStrength= 3.75807701051235
RQWkrDrnRatio= 1.61521283071488
ICDroneMiteSurvivorship= 27.9303326737136
ICWorkerMiteSurvivorship= 94.121500547044
ICForagerLifespan= 10.7901338292286
ImmType= Polynomial
AIAdultSlope= 1.53856220334303
AIAdultLD50= 0.226042361580767
AIAdultSlopeContact= 2.9306915447535
AIAdultLD50Contact= 0.0248251255834475
AILarvaSlope= 2.6739919715561
AILarvaLD50= 0.464296442479827
AIKOW= 4.46877733850852
AIKOC= 10.5580344749615
AIHalfLife= 1.91629220615141
EAppRate= 0
