ICQueenStrength= 2.03871984640136
RQWkrDrnRatio= 3.37765130866319
ICDroneMiteSurvivorship= 30.7754639536142
ICWorkerMiteSurvivorship= 77.0674069412053
ICForagerLifespan= 7.65674664173275
ImmType= Logarithmic
AIAdultSlope= 8.60100133810192
