ICQueenStrength= 3.74269476416521
RQWkrDrnRatio= 4.90691246092319
ICDroneMiteSurvivorship= 67.5795750459656
ICWorkerMiteSurvivorship= 46.1287033976987
ICForagerLifespan= 13.9240290578455
ImmType= Polynomial
AIAdultSlope= 0.462808728823438
AIAdultLD50= 1.25896065286361
AIAdultSlopeContact= 2.83792318196967
AIAdultLD50Contact= 0.000708459236193448
AILarvaSlope= 0.295753401238471
AILarvaLD50= 0.385812214273028
AIKOW= 3.33338400768116
AIKOC= 15.0468929565977
AIHalfLife= 6.25606953259557
EAppRate= 0.303099395241588
