ICQueenStrength= 1.60780671425164
RQWkrDrnRatio= 4.38231014180928
ICDroneMiteSurvivorship= 38.370235892944
ICWorkerMiteSurvivorship= 97.072015167214
ICForagerLifespan= 10.8312079459429
ImmType= Tangent
AIAdultSlope= 0.143361387308687
AIAdultLD50= 0.514960043830797
AIAdultSlopeContact= 4.11839401116595
AIAdultLD50Contact= 0.1755435439758
AILarvaSlope= 1.23804512433708
AILarvaLD50= 0.347012618556619
AIKOW= 97.1198227256536
AIKOC= 52.5422820588574
AIHalfLife= 7.18006876157597
EAppRate= 1.02271295199171
