ICQueenStrength= 2.16289295139723
RQWkrDrnRatio= 1.25552928913385
ICDroneMiteSurvivorship= 84.9810051266104
ICWorkerMiteSurvivorship= 55.9790609404445
ICForagerLifespan= 7.6641383683309
ImmType= Polynomial
AIAdultSlopeContact= 3.65534828975797
AIAdultLD50Contact= 0.180291627068073
AILarvaSlope= 1.47437590174377
AILarvaLD50= 0.345528149511665
AIKOW= 36.5704252850264
AIKOC= 89.2676286399364
AIHalfLife= 3.65167493186891
