ICQueenStrength= 3.32445920584723
RQWkrDrnRatio= 3.68944875802845
ICDroneMiteSurvivorship= 79.4841644819826
ICWorkerMiteSurvivorship= 47.3441258771345
ICForagerLifespan= 5.9352330993861
ImmType= Tangent
AIAdultSlope= 0.127023575103376
AIAdultLD50= 0.340012801811099
AIAdultSlopeContact= 3.39396575895371
AIAdultLD50Contact= 0.00658108482602984
AILarvaSlope= 2.10101782358252
AILarvaLD50= 0.488271445292048
AIKOW= 4.28077483503148
AIKOC= 26.2098917923868
AIHalfLife= 3.42766646994278
EAppRate= 0.644812554726377
