ICQueenStrength= 1.686320111854
RQWkrDrnRatio= 3.41672353912145
ICDroneMiteSurvivorship= 31.3263875199482
ICWorkerMiteSurvivorship= 13.3999431040138
ICForagerLifespan= 10.506146190688
ImmType= Logarithmic
AIAdultSlope= 2.27582082550507
AIAdultLD50= 0.237505363766104
AIAdultSlopeContact= 1.86062491284683
AIAdultLD50Contact= 0.00594068190548569
AILarvaSlope= 3.05375214139931
AILarvaLD50= 0.513983687432483
AIKOW= 2.41401598369703
AIKOC= 26.8425821687561
AIHalfLife= 3.83785076439381
EAppRate= 0
