ICQueenStrength= 5.67970108147711
RQWkrDrnRatio= 2.8074201438576
ICDroneMiteSurvivorship= 28.9910580962896
ICWorkerMiteSurvivorship= 20.9328554570675
ICForagerLifespan= 10.743436595425
ImmType= Cosine
AIAdultSlope= 2.37977581107989
AIAdultLD50= 2.79326565633528
AIAdultSlopeContact= 2.98514583625831
AIAdultLD50Contact= 0.0403350201901048
AILarvaSlope= 0.956581233767793
AILarvaLD50= 0.245542815886438
AIKOW= 4.48015278251842
AIKOC= 27.6716930279508
AIHalfLife= 9.27625733800232
EAppRate= 0.225853272946551
