ICQueenStrength= 3.90630016289651
RQWkrDrnRatio= 3.14761131070554
