ICQueenStrength= 5.2817186540924
RQWkrDrnRatio= 4.13762788940221
ICDroneMiteSurvivorship= 29.0591766359285
ICWorkerMiteSurvivorship= 8.41620955616236
ICForagerLifespan= 12.0755019159988
ImmType= Tangent
AIAdultSlope= 1.84424849143252
AIAdultSlopeContact= 3.47477618903155
AIAdultLD50Contact= 0.00416295540053397
AILarvaSlope= 3.3727157659363
AILarvaLD50= 0.107730630878359
AIKOW= 2.28126367647201
AIKOC= 14.6326029743068
AIHalfLife= 11.5390919116326
