ICQueenStrength= 1.88848087005317
RQWkrDrnRatio= 3.5935276998207
ICDroneMiteSurvivorship= 49.5644327951595
ICWorkerMiteSurvivorship= 32.4798964662477
ICForagerLifespan= 13.7974906899035
ImmType= Polynomial
AIAdultSlope= 3.45677171633346
AIAdultLD50= 0.49634000507649
AIAdultSlopeContact= 2.9584137864341
AIAdultLD50Contact= 0.0175292538595386
AILarvaSlope= 0.981699829455465
AILarvaLD50= 0.757011638581753
AIKOW= 4.14283315883949
AIKOC= 22.7152966731228
AIHalfLife= 3.37671039626002
EAppRate= 0.201781824347563
