ICQueenStrength= 4.74867792241275
RQWkrDrnRatio= 3.11108950898051
ICDroneMiteSurvivorship= 45.7900398643687
ICWorkerMiteSurvivorship= 7.51713269855827
ICForagerLifespan= 12.7175818840042
ImmType= Sine
AIAdultSlopeContact= 2.88585300066741
AIAdultLD50Contact= 0.0259382941760123
AILarvaSlope= 0.336427629925311
AILarvaLD50= 0.468278221366927
AIKOW= 6.44084609299898
AIKOC= 18.6988727957942
AIHalfLife= 3.63428303785622
