ICQueenStrength= 5.23829988343641
RQWkrDrnRatio= 1.7114857789129
ICDroneMiteSurvivorship= 74.526865594089
ICWorkerMiteSurvivorship= 75.8565170690417
ICForagerLifespan= 11.5045044291764
ImmType= Exponential
AIAdultSlope= 4.12668759701774
