ICQueenStrength= 3.599377699662
RQWkrDrnRatio= 3.4236221536994
ICDroneMiteSurvivorship= 46.4261359535158
ICWorkerMiteSurvivorship= 61.2434986978769
ICForagerLifespan= 13.0003709355369
ImmType= Exponential
AIAdultSlopeContact= 0.180718899595086
AIAdultLD50Contact= 0.0245976037811488
AILarvaSlope= 3.06074580703862
AILarvaLD50= 0.518754510395229
AIKOW= 3.87631128868088
AIKOC= 20.6086884788238
AIHalfLife= 0.32517360476777
