ICQueenStrength= 3.76762088411488
RQWkrDrnRatio= 1.25433586351573
ICDroneMiteSurvivorship= 53.6502596223727
ICWorkerMiteSurvivorship= 34.5601139822975
ICForagerLifespan= 9.97890306543559
ImmType= Cosine
AIAdultSlope= 1.90810376969166
AIAdultSlopeContact= 0.449392406030092
AIAdultLD50Contact= 0.0152814421802759
AILarvaSlope= 2.38225324964151
AILarvaLD50= 0.178139481903054
AIKOW= 2.34225603658706
AIKOC= 6.61897400394082
AIHalfLife= 1.36170421727002
