ICQueenStrength= 1.91185893979855
RQWkrDrnRatio= 3.42322324123234
ICDroneMiteSurvivorship= 69.8688296601176
ICWorkerMiteSurvivorship= 88.6129517108202
ICForagerLifespan= 12.5974804041907
ImmType= Logarithmic
AIAdultSlopeContact= 2.9430618716497
AIAdultLD50Contact= 0.0323861277196556
AILarvaSlope= 1.47163643944077
AILarvaLD50= 0.637556408252567
AIKOW= 3.22080734232441
AIKOC= 20.3558677295223
AIHalfLife= 3.20006333943456
