ICQueenStrength= 1.45430411235429
RQWkrDrnRatio= 4.87419310584664
ICDroneMiteSurvivorship= 17.0504525536671
ICWorkerMiteSurvivorship= 18.0081222206354
ICForagerLifespan= 12.7015901990235
ImmType= Tangent
AIAdultSlope= 2.84263212918304
AIAdultLD50= 2.93912135437131
AIAdultSlopeContact= 2.93812656294554
AIAdultLD50Contact= 0.02485832918901
AILarvaSlope= 3.12278342037462
AILarvaLD50= 0.36691967882216
AIKOW= 5.75879296986386
AIKOC= 16.1439089523628
AIHalfLife= 6.39424031367525
EAppRate= 0.7222679334227
