ICQueenStrength= 3.68308212980628
RQWkrDrnRatio= 2.30828749854118
ICDroneMiteSurvivorship= 42.1766682062298
ICWorkerMiteSurvivorship= 83.3911737194285
ICForagerLifespan= 11.5619013970718
ImmType= Cosine
AIAdultSlope= 2.96432772383094
AIAdultLD50= 0.229390025371686
AIAdultSlopeContact= 3.46183005556231
AIAdultLD50Contact= 0.00935972111765295
AILarvaSlope= 2.4807962807361
AILarvaLD50= 0.203511633351445
AIKOW= 3.33141915965825
AIKOC= 22.0324396458454
AIHalfLife= 2.7605196647346
EAppRate= 0
