ICQueenStrength= 5.12897620932199
RQWkrDrnRatio= 2.06459400989115
ICDroneMiteSurvivorship= 49.6384794823825
ICWorkerMiteSurvivorship= 68.3591779554263
ICForagerLifespan= 5.50849987007678
ImmType= Polynomial
AIAdultSlope= 3.38909997563576
AIAdultLD50= 0.489334307028912
AIAdultSlopeContact= 2.1205452443473
AIAdultLD50Contact= 0.00716098881093785
AILarvaSlope= 2.31644594646059
AILarvaLD50= 0.0789955305866897
AIKOW= 5.63407987728715
AIKOC= 27.2479744348675
AIHalfLife= 0.636755689047277
EAppRate= 0
