ICQueenStrength= 3.7190435572993
RQWkrDrnRatio= 2.56656916439533
ICDroneMiteSurvivorship= 35.5954024475068
ICWorkerMiteSurvivorship= 22.7600950514898
ICForagerLifespan= 5.53182963468134
ImmType= Tangent
AIAdultSlope= 1.87571296193637
AIAdultLD50= 0.328101921128109
AIAdultSlopeContact= 0.0892619580589235
AIAdultLD50Contact= 0.000426939234603196
AILarvaSlope= 2.66645801845007
AILarvaLD50= 0.223363580717705
AIKOW= 5.0572329997085
AIKOC= 25.0316975999158
AIHalfLife= 5.44654818112031
EAppRate= 0.691586580127478
