ICQueenStrength= 1.34845207585022
RQWkrDrnRatio= 4.57892851252109
ICDroneMiteSurvivorship= 76.4797404175624
ICWorkerMiteSurvivorship= 84.8715851549059
ICForagerLifespan= 11.2938853241503
ImmType= Sine
AIAdultSlope= 3.07384638623334
AIAdultLD50= 2.00918814679608
AIAdultSlopeContact= 2.6227430138737
AIAdultLD50Contact= 0.00736051906133071
AILarvaSlope= 2.95067227645777
AILarvaLD50= 0.454748366167769
AIKOW= 3.73836148064584
AIKOC= 6.65811768965796
AIHalfLife= 11.8441641665995
EAppRate= 0.252934388816357
