ICQueenStrength= 2.80728391278535
RQWkrDrnRatio= 3.60203339811414
ICDroneMiteSurvivorship= 75.540088233538
ICWorkerMiteSurvivorship= 30.8861536206678
ICForagerLifespan= 6.59758020192385
ImmType= Sine
AIAdultSlopeContact= 0.316540860075038
AIAdultLD50Contact= 0.0253777452977374
AILarvaSlope= 0.267436194978654
AILarvaLD50= 0.204352632444352
AIKOW= 7.75889871129766
AIKOC= 23.3961090340745
AIHalfLife= 0.0260739778168499
