ICQueenStrength= 1.14254229259677
RQWkrDrnRatio= 3.40819930844009
ICDroneMiteSurvivorship= 27.4500102736056
ICWorkerMiteSurvivorship= 43.0723957717419
ICForagerLifespan= 14.1528761032969
ImmType= Polynomial
AIAdultSlope= 1.95083325742744
AIAdultLD50= 1.15295348851942
AIAdultSlopeContact= 2.82256060166052
AIAdultLD50Contact= 0.00983203755458817
AILarvaSlope= 2.92247030693106
AILarvaLD50= 0.0973332022782415
AIKOW= 5.10945538850501
AIKOC= 25.6921850680374
AIHalfLife= 6.23226120881736
EAppRate= 0.255720149725676
