ICQueenStrength= 2.67018770822324
RQWkrDrnRatio= 2.74931531026959
ICDroneMiteSurvivorship= 93.9779375679791
ICWorkerMiteSurvivorship= 71.2728458456695
ICForagerLifespan= 14.9294433780015
ImmType= Polynomial
AIAdultSlope= 1.02494262624532
