ICQueenStrength= 4.76469534239732
RQWkrDrnRatio= 2.40394723881036
ICDroneMiteSurvivorship= 31.0303991893306
ICWorkerMiteSurvivorship= 70.149782882072
ICForagerLifespan= 10.1883674850687
ImmType= Polynomial
AIAdultSlope= 1.46505225882865
AIAdultLD50= 1.33601147378795
AIAdultSlopeContact= 1.14329393061809
AIAdultLD50Contact= 0.02240222558612
AILarvaSlope= 2.28968578898348
AILarvaLD50= 0.00927628932986409
AIKOW= 3.65970277320594
AIKOC= 27.2042713023257
AIHalfLife= 13.5869383024983
EAppRate= 0.253555547911674
