ICQueenStrength= 2.50545989861712
RQWkrDrnRatio= 1.92024069465697
ICDroneMiteSurvivorship= 43.4191515669227
ICWorkerMiteSurvivorship= 66.105832811445
ICForagerLifespan= 7.44283043127507
ImmType= Tangent
AIAdultSlope= 6.94042509421706
