ICQueenStrength= 5.72575798863545
RQWkrDrnRatio= 3.59615261107683
ICDroneMiteSurvivorship= 53.085287916474
ICWorkerMiteSurvivorship= 69.1471994388849
ICForagerLifespan= 4.15723735652864
ImmType= Sine
AIAdultSlopeContact= 3.37938649171265
AIAdultLD50Contact= 0.00882704819086939
AILarvaSlope= 2.38939894274808
AILarvaLD50= 0.248476533545181
AIKOW= 5.69446901697665
AIKOC= 23.0368635104969
AIHalfLife= 2.81681038532406
