ICQueenStrength= 4.33562678424641
RQWkrDrnRatio= 3.80716439988464
ICDroneMiteSurvivorship= 53.5106155090034
ICWorkerMiteSurvivorship= 52.1952065639198
ICForagerLifespan= 5.7325827004388
ImmType= Polynomial
AIAdultSlope= 3.38837937330827
AIAdultLD50= 1.1357266351115
AIAdultSlopeContact= 1.58429636602057
AIAdultLD50Contact= 0.0160681627923623
AILarvaSlope= 2.28861628966406
AILarvaLD50= 0.565802593901753
AIKOW= 3.56156959524378
AIKOC= 9.35201859218068
AIHalfLife= 13.1724650911056
EAppRate= 0.100334553513676
