ICQueenStrength= 3.01889590825886
RQWkrDrnRatio= 3.63562027830631
ICDroneMiteSurvivorship= 77.1790275815874
ICWorkerMiteSurvivorship= 0.667149876244366
ICForagerLifespan= 10.1768019422889
ImmType= Cosine
AIAdultSlopeContact= 0.619917195055168
AIAdultLD50Contact= 0.0371269840630703
AILarvaSlope= 3.25430456046015
AILarvaLD50= 0.77420134220738
AIKOW= 3.38191811461002
AIKOC= 22.8791097947396
AIHalfLife= 10.4462942611426
