ICQueenStrength= 2.30310982232913
RQWkrDrnRatio= 1.27612972073257
ICDroneMiteSurvivorship= 82.2902016108856
ICWorkerMiteSurvivorship= 50.0399680575356
ICForagerLifespan= 15.1217743745074
ImmType= Polynomial
AIAdultSlope= 1.10598554347409
AIAdultLD50= 0.350333267822862
AIAdultSlopeContact= 3.2879063021508
AIAdultLD50Contact= 0.0104689304367639
AILarvaSlope= 1.47765584606677
AILarvaLD50= 0.142140724067576
AIKOW= 5.50478071859106
AIKOC= 10.7590816752054
AIHalfLife= 4.02286701835692
EAppRate= 0.0592033240245655
