ICQueenStrength= 4.04040000773966
RQWkrDrnRatio= 2.36558742355555
ICDroneMiteSurvivorship= 65.6474206130952
ICWorkerMiteSurvivorship= 86.8501948658377
ICForagerLifespan= 11.9823267329484
ImmType= Cosine
AIAdultSlope= 4.45217447122559
