ICQueenStrength= 1.67698042024858
RQWkrDrnRatio= 3.34553425759077
ICDroneMiteSurvivorship= 51.1075670598075
ICWorkerMiteSurvivorship= 9.6194127574563
ICForagerLifespan= 15.5790664413944
ImmType= Polynomial
AIAdultSlopeContact= 2.87322207023855
AIAdultLD50Contact= 0.0387280701776035
AILarvaSlope= 0.794126494275406
AILarvaLD50= 0.88633627993986
AIKOW= 6.82891620555893
AIKOC= 25.6839164718986
AIHalfLife= 5.72151442756876
