ICQueenStrength= 4.8762324268464
RQWkrDrnRatio= 4.85706094931811
ICDroneMiteSurvivorship= 91.1891473457217
ICWorkerMiteSurvivorship= 73.1834185775369
ICForagerLifespan= 5.57071036659181
ImmType= Logarithmic
AIAdultSlopeContact= 0.457815494136885
AIAdultLD50Contact= 0.0041657549329102
AILarvaSlope= 0.574576339917257
AILarvaLD50= 0.839440228440799
AIKOW= 3.24024800164625
AIKOC= 22.674154532142
AIHalfLife= 1.15886920923367
