ICQueenStrength= 1.70030296919867
RQWkrDrnRatio= 1.00446909572929
ICDroneMiteSurvivorship= 75.8657650090754
ICWorkerMiteSurvivorship= 77.8758569387719
ICForagerLifespan= 12.1315349666402
ImmType= Polynomial
AIAdultSlope= 0.137997240736149
AIAdultLD50= 0.113606414524838
AIAdultSlopeContact= 2.84377613847842
AIAdultLD50Contact= 0.0498847934883088
AILarvaSlope= 1.51073801564053
AILarvaLD50= 0.0694491576869041
AIKOW= 4.54630593210459
AIKOC= 15.749064135598
AIHalfLife= 2.4905009707436
EAppRate= 0.493666644021869
