ICQueenStrength= 2.36280459119007
RQWkrDrnRatio= 2.42585433553904
ICDroneMiteSurvivorship= 41.5118898730725
ICWorkerMiteSurvivorship= 89.5770782139152
ICForagerLifespan= 12.5706493956968
ImmType= Logarithmic
AIAdultSlope= 3.5642806770606
AIAdultLD50= 0.173232562374324
AIAdultSlopeContact= 2.27413276739186
AIAdultLD50Contact= 0.0291739318869077
AILarvaSlope= 2.99364854195155
AILarvaLD50= 0.104101287340745
AIKOW= 2.05616409750655
AIKOC= 26.9585681741592
AIHalfLife= 4.42816667957231
EAppRate= 0
