ICQueenStrength= 4.45453641377389
RQWkrDrnRatio= 4.0974205750972
ICDroneMiteSurvivorship= 78.8249026285484
ICWorkerMiteSurvivorship= 7.08966387901455
ICForagerLifespan= 12.6878988770768
ImmType= Polynomial
AIAdultSlopeContact= 3.6018684943649
AIAdultLD50Contact= 0.0477344978251494
AILarvaSlope= 2.69858412290923
AILarvaLD50= 0.697685473202728
AIKOW= 4.42340921750292
AIKOC= 20.3617708128877
AIHalfLife= 5.42967934347689
