ICQueenStrength= 2.10006056027487
RQWkrDrnRatio= 4.2181279361248
ICDroneMiteSurvivorship= 54.1783405002207
ICWorkerMiteSurvivorship= 64.0173496678472
ICForagerLifespan= 12.9609282948077
ImmType= Cosine
AIAdultSlope= 0.637968627270311
AIAdultLD50= 2.65236597787589
AIAdultSlopeContact= 3.47687003211351
AIAdultLD50Contact= 0.0497394163510762
AILarvaSlope= 0.36965962308459
AILarvaLD50= 0.455497696786188
AIKOW= 6.95631346432492
AIKOC= 15.3660025866702
AIHalfLife= 6.78379388293251
EAppRate= 0.456674840766937
