ICQueenStrength= 4.86160147376359
RQWkrDrnRatio= 3.39019952528179
ICDroneMiteSurvivorship= 47.7947910316288
ICWorkerMiteSurvivorship= 66.7623076122254
ICForagerLifespan= 7.80776827223599
ImmType= Logarithmic
AIAdultSlopeContact= 0.314960556153674
AIAdultLD50Contact= 0.0443691907101311
AILarvaSlope= 0.678236650628969
AILarvaLD50= 0.128750966722146
AIKOW= 7.85751483775675
AIKOC= 9.83285682275891
AIHalfLife= 12.7617401401512
