ICQueenStrength= 2.96210228023119
RQWkrDrnRatio= 2.33991818036884
ICDroneMiteSurvivorship= 67.3722351668403
ICWorkerMiteSurvivorship= 50.531149469316
ICForagerLifespan= 6.86166276503354
ImmType= Logarithmic
AIAdultSlope= 4.41022789804265
