ICQueenStrength= 5.96234629885294
RQWkrDrnRatio= 3.15660154726356
ICDroneMiteSurvivorship= 67.6201684400439
ICWorkerMiteSurvivorship= 82.6526902616024
ICForagerLifespan= 15.4141470845789
ImmType= Exponential
AIAdultSlope= 3.11472153705545
AIAdultSlopeContact= 3.08437285505701
AIAdultLD50Contact= 0.047525260434486
AILarvaSlope= 1.40025604735129
AILarvaLD50= 0.85971948041115
AIKOW= 6.9010311611928
AIKOC= 13.5770791396499
AIHalfLife= 11.3966632662341
