ICQueenStrength= 4.78376321634278
RQWkrDrnRatio= 1.67343941144645
ICDroneMiteSurvivorship= 28.7764466367662
ICWorkerMiteSurvivorship= 59.8148590652272
ICForagerLifespan= 11.9680137224495
ImmType= Sine
AIAdultSlope= 0.650441346364096
AIAdultLD50= 0.0924713944550604
AIAdultSlopeContact= 1.84162433723453
AIAdultLD50Contact= 0.0412879034993239
AILarvaSlope= 1.80364816323854
AILarvaLD50= 0.0639540804550052
AIKOW= 4.24115124996752
AIKOC= 15.6148152495734
AIHalfLife= 1.2855000756681
EAppRate= 0.312243170337752
