ICQueenStrength= 3.68386683892459
RQWkrDrnRatio= 2.66879495419562
ICDroneMiteSurvivorship= 88.4403065545484
ICWorkerMiteSurvivorship= 92.7248026477173
ICForagerLifespan= 14.7234054524451
ImmType= Exponential
AIAdultLD50= 0.154012839635834
AIAdultSlopeContact= 0.963344582123682
AIAdultLD50Contact= 0.00698524067411199
AILarvaSlope= 3.37245514425449
AILarvaLD50= 0.707788013038225
AIKOW= 3.27585464902222
AIKOC= 5.29804798541591
AIHalfLife= 9.86741402326152
EAppRate= 0.614244920667261
