ICQueenStrength= 5.58007069770247
RQWkrDrnRatio= 4.76813602633774
ICDroneMiteSurvivorship= 39.1964115202427
ICWorkerMiteSurvivorship= 57.9307423671708
ICForagerLifespan= 11.2183643151075
ImmType= Logarithmic
AIAdultSlope= 1.56597818559967
AIAdultSlopeContact= 1.08164019487565
AIAdultLD50Contact= 0.0112695993972011
AILarvaSlope= 3.08395682196133
AILarvaLD50= 0.884739749715663
AIKOW= 2.47422393597662
AIKOC= 17.8104478062596
AIHalfLife= 8.37301178555936
