ICQueenStrength= 3.3651634703856
RQWkrDrnRatio= 2.42568559292704
ICDroneMiteSurvivorship= 24.8826182913035
ICWorkerMiteSurvivorship= 81.2026266939938
ICForagerLifespan= 12.9845379730687
ImmType= Tangent
AIAdultSlope= 1.30111966305412
AIAdultSlopeContact= 3.7192163010221
AIAdultLD50Contact= 0.0132012033951469
AILarvaSlope= 2.95175900468603
AILarvaLD50= 0.529296857491136
AIKOW= 7.78509964374825
AIKOC= 28.727891308954
AIHalfLife= 10.5877278917469
