ICQueenStrength= 5.47988972184248
RQWkrDrnRatio= 2.93544430471957
ICDroneMiteSurvivorship= 88.3505537640303
ICWorkerMiteSurvivorship= 78.2944980543107
ICForagerLifespan= 6.77293194644153
ImmType= Polynomial
AIAdultSlope= 1.33537863231031
AIAdultLD50= 0.00189075362868607
AIAdultSlopeContact= 3.23520341773052
AIAdultLD50Contact= 0.0337266264483333
AILarvaSlope= 1.80589335113764
AILarvaLD50= 0.762523014005274
AIKOW= 6.9069807366468
AIKOC= 27.6626342977397
AIHalfLife= 0.950631370069459
EAppRate= 0.0976473246933892
