ICQueenStrength= 1.49759927554987
RQWkrDrnRatio= 2.48806099779904
ICDroneMiteSurvivorship= 51.2093390803784
ICWorkerMiteSurvivorship= 84.8552906187251
ICForagerLifespan= 6.02382586803287
ImmType= Logarithmic
AIAdultSlope= 2.76459984490648
AIAdultLD50= 0.869383153505623
AIAdultSlopeContact= 0.758256048266776
AIAdultLD50Contact= 0.0160450334544294
AILarvaSlope= 0.743344205524772
AILarvaLD50= 0.739000011608005
AIKOW= 6.95125104486942
AIKOC= 17.8379255183972
AIHalfLife= 8.11187134357169
EAppRate= 0.830897266743705
