ICQueenStrength= 5.02339456835762
RQWkrDrnRatio= 4.27515633963048
ICDroneMiteSurvivorship= 68.9066026359797
ICWorkerMiteSurvivorship= 0.43829889036715
ICForagerLifespan= 9.12882956489921
ImmType= Cosine
AIAdultSlope= 0.709141125613824
AIAdultLD50= 0.471698414185084
AIAdultSlopeContact= 3.32601381764514
AIAdultLD50Contact= 0.00662763244472444
AILarvaSlope= 1.86188461729325
AILarvaLD50= 0.304688855842687
AIKOW= 4.09792046435177
AIKOC= 12.0830819371622
AIHalfLife= 4.95518385083415
EAppRate= 0.346661106101237
