ICQueenStrength= 3.63944647391327
RQWkrDrnRatio= 3.26222534943372
ICDroneMiteSurvivorship= 24.1000907029957
ICWorkerMiteSurvivorship= 94.5884719723836
ICForagerLifespan= 10.9683044608682
ImmType= Exponential
AIAdultSlope= 8.28258691821247
AIAdultLD50= 0.68199195410125
AIAdultSlopeContact= 1.86614775564522
AIAdultLD50Contact= 0.140108410082757
AILarvaSlope= 0.343511770479381
AILarvaLD50= 0.754298268817365
AIKOW= 93.0264493217692
AIKOC= 2.22674226388335
AIHalfLife= 11.0344133176841
EAppRate= 0.749070146586746
