ICQueenStrength= 5.51061807456426
RQWkrDrnRatio= 3.19460921362042
ICDroneMiteSurvivorship= 69.4182945182547
ICWorkerMiteSurvivorship= 54.7831865027547
ICForagerLifespan= 14.3302565393969
ImmType= Tangent
AIAdultSlope= 2.91467829938047
AIAdultLD50= 2.07587770675309
AIAdultSlopeContact= 2.74067718374077
AIAdultLD50Contact= 0.0393123562913388
AILarvaSlope= 1.62778931842186
AILarvaLD50= 0.395044773537666
AIKOW= 4.36017856374383
AIKOC= 28.9579649525695
AIHalfLife= 13.3967900313437
EAppRate= 0.132800576277077
