ICQueenStrength= 3.88339113118127
RQWkrDrnRatio= 2.65314366761595
ICDroneMiteSurvivorship= 10.6098339660093
ICWorkerMiteSurvivorship= 59.8875722847879
ICForagerLifespan= 10.2910166829824
ImmType= Cosine
AIAdultSlopeContact= 4.55676194047555
AIAdultLD50Contact= 0.080353657854721
AILarvaSlope= 4.53735884046182
AILarvaLD50= 1.27034921338782
AIKOW= 66.3715548813343
AIKOC= 38.4515472920612
AIHalfLife= 9.97461908496916
