ICQueenStrength= 4.6688769061584
RQWkrDrnRatio= 4.98011183086783
ICDroneMiteSurvivorship= 53.4470641287044
ICWorkerMiteSurvivorship= 99.0384941454977
ICForagerLifespan= 12.250090284273
ImmType= Tangent
AIAdultSlopeContact= 2.90391510526417
AIAdultLD50Contact= 0.0264871394145303
AILarvaSlope= 2.29304572702385
AILarvaLD50= 0.704736439324915
AIKOW= 7.37468522414565
AIKOC= 14.3045233748853
AIHalfLife= 3.43149335822091
