ICQueenStrength= 3.52957930136472
RQWkrDrnRatio= 4.38655954226851
