ICQueenStrength= 1.96737037063576
RQWkrDrnRatio= 1.7545901061967
ICDroneMiteSurvivorship= 16.6920688003302
ICWorkerMiteSurvivorship= 2.30037567671388
ICForagerLifespan= 6.92356548644602
ImmType= Tangent
AIAdultSlope= 0.668407463934273
AIAdultLD50= 2.40816060639918
AIAdultSlopeContact= 3.44852666452993
AIAdultLD50Contact= 0.0346902054734528
AILarvaSlope= 1.63073096461594
AILarvaLD50= 0.789351813867688
AIKOW= 2.11787634855136
AIKOC= 5.56827752268873
AIHalfLife= 5.26025247201324
EAppRate= 0.0531028574332595
