ICQueenStrength= 4.58299027662724
RQWkrDrnRatio= 4.43335700407624
ICDroneMiteSurvivorship= 28.5931252874434
ICWorkerMiteSurvivorship= 62.8897801740095
ICForagerLifespan= 12.8199130222201
ImmType= Polynomial
AIAdultSlope= 2.23283549975604
AIAdultLD50= 0.281466084066778
AIAdultSlopeContact= 1.70040492215194
AIAdultLD50Contact= 0.0050165815744549
AILarvaSlope= 3.13690459788777
AILarvaLD50= 0.351290406868793
AIKOW= 2.01820918172598
AIKOC= 23.5260468628258
AIHalfLife= 10.4439155240543
EAppRate= 0.145283001009375
