ICQueenStrength= 4.23083624243736
RQWkrDrnRatio= 4.8113523805514
ICDroneMiteSurvivorship= 79.4762116856873
ICWorkerMiteSurvivorship= 5.69909990299493
ICForagerLifespan= 10.4834690578282
ImmType= Tangent
AIAdultSlope= 9.99343278352171
