ICQueenStrength= 4.28866054536775
RQWkrDrnRatio= 2.5904992185533
ICDroneMiteSurvivorship= 34.3695237999782
ICWorkerMiteSurvivorship= 25.8667322108522
ICForagerLifespan= 5.31620757561177
ImmType= Sine
AIAdultSlope= 2.81467031946871
AIAdultLD50= 0.433859252138063
AIAdultSlopeContact= 2.77445537186461
AIAdultLD50Contact= 0.0335743531701155
AILarvaSlope= 1.47435464179143
AILarvaLD50= 0.320470769796521
AIKOW= 4.3054355760105
AIKOC= 26.3035054213833
AIHalfLife= 0.997996104415506
EAppRate= 0.0113181731663644
