ICQueenStrength= 2.49140220019035
RQWkrDrnRatio= 4.58166765607893
ICDroneMiteSurvivorship= 83.5642146179453
ICWorkerMiteSurvivorship= 79.0890727890655
ICForagerLifespan= 8.57000360172242
ImmType= Sine
AIAdultSlopeContact= 1.62056287889835
AIAdultLD50Contact= 0.0467407641815953
AILarvaSlope= 3.36526206848212
AILarvaLD50= 0.273983267135918
AIKOW= 5.53234758973122
AIKOC= 26.9308352796361
AIHalfLife= 10.079043106176
