ICQueenStrength= 1.8155063574668
RQWkrDrnRatio= 1.54117163084447
ICDroneMiteSurvivorship= 4.05807853676379
ICWorkerMiteSurvivorship= 5.46864960342646
ICForagerLifespan= 9.2426372943446
ImmType= Polynomial
AIAdultSlope= 1.60868887859397
AIAdultLD50= 1.86305821733549
AIAdultSlopeContact= 1.26032757827779
AIAdultLD50Contact= 0.0132479866035283
AILarvaSlope= 3.13791922102682
AILarvaLD50= 0.251080013858154
AIKOW= 6.20161490887403
AIKOC= 20.3495189675596
AIHalfLife= 3.24351054662839
EAppRate= 0.771555368090048
