ICQueenStrength= 1.83715663407929
RQWkrDrnRatio= 1.71492202579975
ICDroneMiteSurvivorship= 60.0702801486477
ICWorkerMiteSurvivorship= 49.6549889445305
ICForagerLifespan= 7.75741400569677
ImmType= Sine
AIAdultSlope= 3.6173977015377
AIAdultLD50= 0.0350024601211771
AIAdultSlopeContact= 1.56705051354133
AIAdultLD50Contact= 0.0201501081231982
AILarvaSlope= 2.87632057443261
AILarvaLD50= 0.565720796165988
AIKOW= 7.41140262177214
AIKOC= 22.2246239846572
AIHalfLife= 2.06084626493976
EAppRate= 0.664936972106807
