ICQueenStrength= 1.516383103095
RQWkrDrnRatio= 3.93913901317865
ICDroneMiteSurvivorship= 91.977250110358
ICWorkerMiteSurvivorship= 68.1908736936748
ICForagerLifespan= 10.006890617311
ImmType= Sine
AIAdultSlopeContact= 2.71502926675603
AIAdultLD50Contact= 0.0262937417603098
AILarvaSlope= 0.275255898293108
AILarvaLD50= 0.475502730812877
AIKOW= 6.66028485726565
AIKOC= 21.0116981889587
AIHalfLife= 2.55155023187399
