ICQueenStrength= 2.88026827201247
RQWkrDrnRatio= 1.28486819937825
