ICQueenStrength= 1.81733486615121
RQWkrDrnRatio= 1.26846356503665
ICDroneMiteSurvivorship= 1.96824034210294
ICWorkerMiteSurvivorship= 78.7605725228786
ICForagerLifespan= 13.8733959449455
ImmType= Tangent
AIAdultSlope= 2.13766575823538
AIAdultLD50= 2.12467575422488
AIAdultSlopeContact= 1.4080480168364
AIAdultLD50Contact= 0.0463895808905363
AILarvaSlope= 1.06868043644354
AILarvaLD50= 0.0509590680012479
AIKOW= 7.89412307646126
AIKOC= 26.5599472809117
AIHalfLife= 9.52616685861722
EAppRate= 0.109768351539969
