ICQueenStrength= 5.76193397538736
RQWkrDrnRatio= 1.06467226147652
ICDroneMiteSurvivorship= 54.0839892579243
ICWorkerMiteSurvivorship= 19.8131649987772
ICForagerLifespan= 14.9455342600122
ImmType= Exponential
AIAdultSlope= 3.14947460996918
AIAdultLD50= 1.15400426345877
AIAdultSlopeContact= 3.14867279112339
AIAdultLD50Contact= 0.0295725229661912
AILarvaSlope= 2.06028645387851
AILarvaLD50= 0.733815689454786
AIKOW= 7.47007684921846
AIKOC= 5.71298709954135
AIHalfLife= 4.82862486643717
EAppRate= 0.0162339645903558
