ICQueenStrength= 1.66972927888855
RQWkrDrnRatio= 1.69392309710383
ICDroneMiteSurvivorship= 76.2340464862064
ICWorkerMiteSurvivorship= 33.9185912162066
ICForagerLifespan= 5.34955442417413
ImmType= Exponential
AIAdultSlope= 1.54531939714216
AIAdultLD50= 2.54643531516194
AIAdultSlopeContact= 1.66827231030213
AIAdultLD50Contact= 0.0451235505170189
AILarvaSlope= 0.0119392997585237
AILarvaLD50= 0.245316910394467
AIKOW= 3.12284312397242
AIKOC= 21.4879492949694
AIHalfLife= 3.82641796162352
EAppRate= 0.598465959075838
