ICQueenStrength= 4.95331832580268
RQWkrDrnRatio= 4.87482466455549
ICDroneMiteSurvivorship= 17.4664656864479
ICWorkerMiteSurvivorship= 61.2607922637835
ICForagerLifespan= 14.8328259456903
ImmType= Polynomial
AIAdultSlope= 1.1638453006139
AIAdultLD50= 0.0533473228570074
AIAdultSlopeContact= 1.14681444959482
AIAdultLD50Contact= 0.021125697856769
AILarvaSlope= 0.912842464772984
AILarvaLD50= 0.608073170925491
AIKOW= 4.77588417287916
AIKOC= 7.5535658642184
AIHalfLife= 2.51872705062851
EAppRate= 0.425468622124754
