ICQueenStrength= 3.84911525202915
RQWkrDrnRatio= 1.8384607648477
ICDroneMiteSurvivorship= 64.5270006498322
ICWorkerMiteSurvivorship= 23.0659249005839
ICForagerLifespan= 14.6804716875777
ImmType= Logarithmic
AIAdultSlopeContact= 3.8953802594915
AIAdultLD50Contact= 0.177667669020593
AILarvaSlope= 2.96606273856014
AILarvaLD50= 0.263667721301317
AIKOW= 51.9424321129918
AIKOC= 20.058755716309
AIHalfLife= 11.9511489165016
