ICQueenStrength= 5.02707210043445
RQWkrDrnRatio= 2.57182883284986
ICDroneMiteSurvivorship= 87.0952262077481
ICWorkerMiteSurvivorship= 39.5723722642288
ICForagerLifespan= 15.6224840180948
ImmType= Polynomial
AIAdultLD50= 0.154012839635834
AIAdultSlopeContact= 0.452517564911395
AIAdultLD50Contact= 0.0387896809377708
AILarvaSlope= 1.3957385180518
AILarvaLD50= 0.186199618899263
AIKOW= 6.02571365516633
AIKOC= 11.7979248007759
AIHalfLife= 3.13230811385438
EAppRate= 0.7396823563613
