ICQueenStrength= 3.41125703905709
RQWkrDrnRatio= 3.8032936938107
ICDroneMiteSurvivorship= 58.6908527184278
ICWorkerMiteSurvivorship= 83.980696531944
ICForagerLifespan= 14.1066366918385
ImmType= Logarithmic
AIAdultSlope= 1.07066023391671
AIAdultLD50= 0.159460521535948
AIAdultSlopeContact= 3.65490218024701
AIAdultLD50Contact= 0.0491439994773828
AILarvaSlope= 3.24993396373466
AILarvaLD50= 0.627793023688719
AIKOW= 2.79806746542454
AIKOC= 14.9689535738435
AIHalfLife= 13.8214069800451
EAppRate= 0.53935483074747
