ICQueenStrength= 2.92095572710969
RQWkrDrnRatio= 2.82157060131431
ICDroneMiteSurvivorship= 16.8673924403265
ICWorkerMiteSurvivorship= 5.61074488796294
ICForagerLifespan= 15.3608621358871
ImmType= Cosine
AIAdultSlope= 0.642679494658951
AIAdultLD50= 0.380900019081309
AIAdultSlopeContact= 2.49753507416463
AIAdultLD50Contact= 0.0174532526056282
AILarvaSlope= 3.03482327978127
AILarvaLD50= 0.315291307051666
AIKOW= 5.35070097306743
AIKOC= 25.196467085043
AIHalfLife= 0.904587740078568
EAppRate= 0.46286106321495
