ICQueenStrength= 2.65863031172194
RQWkrDrnRatio= 1.38359295297414
ICDroneMiteSurvivorship= 65.0187235325575
ICWorkerMiteSurvivorship= 47.2553831990808
ICForagerLifespan= 15.8161169113591
ImmType= Tangent
AIAdultSlope= 3.1168875847687
AIAdultLD50= 0.0877222447888926
AIAdultSlopeContact= 0.207564441729337
AIAdultLD50Contact= 0.00670993141829967
AILarvaSlope= 2.42117058797739
AILarvaLD50= 0.841788302734494
AIKOW= 3.53595579694957
AIKOC= 24.9013979115989
AIHalfLife= 4.19430716894567
EAppRate= 0.583486102800816
