ICQueenStrength= 5.64996014954522
RQWkrDrnRatio= 4.22265447024256
ICDroneMiteSurvivorship= 55.8169862953946
ICWorkerMiteSurvivorship= 85.099811363034
ICForagerLifespan= 9.35253738891333
ImmType= Polynomial
AIAdultSlope= 0.772831498940941
AIAdultLD50= 0.0683651502477005
AIAdultSlopeContact= 0.596788056667429
AIAdultLD50Contact= 0.0255627509672195
AILarvaSlope= 2.19718321617693
AILarvaLD50= 0.299790153326467
AIKOW= 7.02076830621809
AIKOC= 5.73216093587689
AIHalfLife= 2.53665411146358
EAppRate= 0.329475408070721
