ICQueenStrength= 5.81558034429327
RQWkrDrnRatio= 3.49920616578311
ICDroneMiteSurvivorship= 59.3330722069368
ICWorkerMiteSurvivorship= 63.7668277136981
ICForagerLifespan= 5.45264157373458
ImmType= Sine
AIAdultSlope= 2.57923274021596
AIAdultLD50= 0.361832730006427
AIAdultSlopeContact= 1.09601905438118
AIAdultLD50Contact= 0.0139952491270378
AILarvaSlope= 1.6005184778478
AILarvaLD50= 0.391022759210318
AIKOW= 6.75749229453504
AIKOC= 29.4987614278216
AIHalfLife= 10.5573532441631
EAppRate= 0.572355625452474
