ICQueenStrength= 5.29412917932495
RQWkrDrnRatio= 1.06623788084835
ICDroneMiteSurvivorship= 39.6201902069151
ICWorkerMiteSurvivorship= 11.0011598560959
ICForagerLifespan= 4.97167696990073
ImmType= Exponential
AIAdultSlope= 1.87351305098273
AIAdultSlopeContact= 0.444975401018746
AIAdultLD50Contact= 0.0130193661083467
AILarvaSlope= 0.809076851420104
AILarvaLD50= 0.200142100104131
AIKOW= 7.92820361955091
AIKOC= 25.5275863874704
AIHalfLife= 3.19413672434166
