ICQueenStrength= 4.92012662487105
RQWkrDrnRatio= 3.0849849069491
ICDroneMiteSurvivorship= 42.5965190865099
ICWorkerMiteSurvivorship= 26.4765419298783
ICForagerLifespan= 11.5062747318298
ImmType= Cosine
AIAdultSlope= 1.506495018485
AIAdultLD50= 0.393770266091451
AIAdultSlopeContact= 1.70432261114242
AIAdultLD50Contact= 0.00500945722451434
AILarvaSlope= 3.14965453664772
AILarvaLD50= 0.276850797096267
AIKOW= 6.06013369327411
AIKOC= 25.3919048828539
AIHalfLife= 0.575279275653884
EAppRate= 0.189716288656928
