ICQueenStrength= 5.45541558437981
RQWkrDrnRatio= 3.21027245465666
ICDroneMiteSurvivorship= 38.411335577257
ICWorkerMiteSurvivorship= 56.4173490973189
ICForagerLifespan= 15.254202535376
ImmType= Tangent
AIAdultSlope= 2.78309624676593
AIAdultLD50= 0.441057748859748
AIAdultSlopeContact= 3.14762641859706
AIAdultLD50Contact= 0.00225291098468006
AILarvaSlope= 1.24289939058945
AILarvaLD50= 0.661983116227202
AIKOW= 4.00864477874711
AIKOC= 26.96723522502
AIHalfLife= 2.37152006942779
EAppRate= 0
