ICQueenStrength= 4.77869909163564
RQWkrDrnRatio= 2.22491793334484
ICDroneMiteSurvivorship= 18.6135565163568
ICWorkerMiteSurvivorship= 2.44493375066668
ICForagerLifespan= 11.8530350690708
ImmType= Cosine
AIAdultSlope= 2.4855777636636
AIAdultLD50= 0.605292648542672
AIAdultSlopeContact= 1.14136630995898
AIAdultLD50Contact= 0.0271736889029853
AILarvaSlope= 1.12258154796436
AILarvaLD50= 0.120752638718113
AIKOW= 5.52419787505642
AIKOC= 8.64671207498759
AIHalfLife= 1.98813897743821
EAppRate= 0.20984935737215
