ICQueenStrength= 2.95861027576029
RQWkrDrnRatio= 1.13570556137711
ICDroneMiteSurvivorship= 29.8806568840519
ICWorkerMiteSurvivorship= 90.0718620279804
ICForagerLifespan= 15.0054068202153
ImmType= Sine
AIAdultSlope= 1.56482498288853
AIAdultLD50= 0.266191661939956
AIAdultSlopeContact= 1.39305189374601
AIAdultLD50Contact= 0.0499885655008256
AILarvaSlope= 2.67712371521629
AILarvaLD50= 0.0159874461824074
AIKOW= 5.16564651345834
AIKOC= 27.1481622837018
AIHalfLife= 3.97731410223059
EAppRate= 0.647202488151379
