ICQueenStrength= 2.99868586729281
RQWkrDrnRatio= 4.87539170589298
ICDroneMiteSurvivorship= 71.4355710893869
ICWorkerMiteSurvivorship= 26.4783267164603
ICForagerLifespan= 6.65490813367069
ImmType= Exponential
AIAdultSlope= 3.01794416750781
AIAdultLD50= 2.92710547638126
AIAdultSlopeContact= 3.26204683609307
AIAdultLD50Contact= 0.0320112010347657
AILarvaSlope= 3.06197910527699
AILarvaLD50= 0.148994409525767
AIKOW= 5.4180386448279
AIKOC= 13.5582086583599
AIHalfLife= 12.9224529149942
EAppRate= 0.554640466114506
