ICQueenStrength= 1.0006250361912
RQWkrDrnRatio= 2.76364211551845
ICDroneMiteSurvivorship= 62.8733004909009
ICWorkerMiteSurvivorship= 78.9849535794929
ICForagerLifespan= 4.96368873957545
ImmType= Cosine
AIAdultSlope= 3.64481053411262
AIAdultLD50= 0.0839553650002927
AIAdultSlopeContact= 0.0722007840452716
AIAdultLD50Contact= 0.0130817015771754
AILarvaSlope= 1.89833500529639
AILarvaLD50= 0.873792544961907
AIKOW= 5.24579864414409
AIKOC= 9.37332146684639
AIHalfLife= 0.852580949431285
EAppRate= 0
