ICQueenStrength= 4.61883006058633
RQWkrDrnRatio= 1.44080132711679
ICDroneMiteSurvivorship= 79.0436833398417
ICWorkerMiteSurvivorship= 94.2539300536737
ICForagerLifespan= 14.9635216090828
ImmType= Tangent
AIAdultSlope= 1.84243454397656
AIAdultLD50= 1.82472111191601
AIAdultSlopeContact= 1.88266870141262
AIAdultLD50Contact= 0.00838922637049109
AILarvaSlope= 2.38110015876591
AILarvaLD50= 0.18499439698644
AIKOW= 4.65894213970751
AIKOC= 19.413290284574
AIHalfLife= 1.22186775272712
EAppRate= 0.690387159818783
