ICQueenStrength= 2.82034752331674
RQWkrDrnRatio= 2.04281444754452
ICDroneMiteSurvivorship= 86.2070125993341
ICWorkerMiteSurvivorship= 65.4125179862604
ICForagerLifespan= 7.05489799566567
ImmType= Logarithmic
AIAdultSlope= 2.45694141075946
AIAdultLD50= 0.285072885337286
AIAdultSlopeContact= 0.421034700013697
AIAdultLD50Contact= 0.0414996044361033
AILarvaSlope= 0.679668699577451
AILarvaLD50= 0.806616161903366
AIKOW= 6.23265728447586
AIKOC= 22.614515958121
AIHalfLife= 0.870938756270334
EAppRate= 0.30606483775191
