ICQueenStrength= 4.73298623831943
RQWkrDrnRatio= 1.51420481130481
ICDroneMiteSurvivorship= 51.7379180993885
ICWorkerMiteSurvivorship= 39.614745369181
ICForagerLifespan= 12.3521570488811
ImmType= Exponential
AIAdultSlope= 0.990899078827351
AIAdultLD50= 0.772494841832668
AIAdultSlopeContact= 0.171640761054587
AIAdultLD50Contact= 0.0214096515905112
AILarvaSlope= 3.20207031262107
AILarvaLD50= 0.413826635177247
AIKOW= 2.0639848895371
AIKOC= 23.8732455833815
AIHalfLife= 2.41680633462965
EAppRate= 0.994847593130544
