ICQueenStrength= 3.42227445472963
RQWkrDrnRatio= 1.39867790788412
ICDroneMiteSurvivorship= 93.5030116699636
ICWorkerMiteSurvivorship= 61.7012813687325
ICForagerLifespan= 15.8060465715826
ImmType= Sine
AIAdultSlopeContact= 0.637272603409365
AIAdultLD50Contact= 0.0144811916165054
AILarvaSlope= 3.07304675476626
AILarvaLD50= 0.267054195678793
AIKOW= 2.43315020622686
AIKOC= 23.1003484933171
AIHalfLife= 5.58231899188831
