ICQueenStrength= 1.72743710246868
RQWkrDrnRatio= 2.4280125265941
ICDroneMiteSurvivorship= 38.2561114383861
ICWorkerMiteSurvivorship= 60.6006307760254
ICForagerLifespan= 13.2740082703531
ImmType= Tangent
AIAdultSlope= 0.341949435835704
AIAdultLD50= 2.43304689531215
AIAdultSlopeContact= 0.778401849239599
AIAdultLD50Contact= 0.0130897918017581
AILarvaSlope= 3.33869118043222
AILarvaLD50= 0.423039615573362
AIKOW= 7.17721844697371
AIKOC= 15.5513280723244
AIHalfLife= 13.2352851307951
EAppRate= 0.358658406883478
