ICQueenStrength= 5.99237584648654
RQWkrDrnRatio= 1.73853037133813
ICDroneMiteSurvivorship= 84.9059247411788
ICWorkerMiteSurvivorship= 53.7702790694311
ICForagerLifespan= 11.2667057039216
ImmType= Tangent
AIAdultSlope= 1.34429222109262
AIAdultLD50= 0.160185721470043
AIAdultSlopeContact= 2.77077375368681
AIAdultLD50Contact= 0.00413306457921863
AILarvaSlope= 1.78550152448006
AILarvaLD50= 0.522704430297017
AIKOW= 5.32834343379363
AIKOC= 18.2385010248981
AIHalfLife= 4.71719908760861
EAppRate= 0.00333269864786416
