ICQueenStrength= 5.26596180885099
RQWkrDrnRatio= 3.23802891746163
ICDroneMiteSurvivorship= 25.2898819977418
ICWorkerMiteSurvivorship= 33.7958221556619
ICForagerLifespan= 11.7987904595211
ImmType= Logarithmic
AIAdultSlope= 0.628989998018369
AIAdultLD50= 1.07120486581698
AIAdultSlopeContact= 1.6415176328388
AIAdultLD50Contact= 0.0498300875071436
AILarvaSlope= 2.35823613014072
AILarvaLD50= 0.709085369459353
AIKOW= 6.12134072789922
AIKOC= 11.44293493242
AIHalfLife= 0.301476959139109
EAppRate= 0.367290086112916
