ICQueenStrength= 2.53524068067782
RQWkrDrnRatio= 3.66669679712504
ICDroneMiteSurvivorship= 68.6702738050371
ICWorkerMiteSurvivorship= 38.2910599000752
ICForagerLifespan= 6.46517441514879
ImmType= Logarithmic
AIAdultSlope= 0.359253415185958
AIAdultLD50= 1.81412676488981
AIAdultSlopeContact= 0.217880101399496
AIAdultLD50Contact= 0.0344837230280973
AILarvaSlope= 0.993497381778434
AILarvaLD50= 0.760460892948322
AIKOW= 4.9961188309826
AIKOC= 19.7988234297372
AIHalfLife= 6.85043216729537
EAppRate= 0.660911636892706
