ICQueenStrength= 1.95986180007458
RQWkrDrnRatio= 1.37383693642914
ICDroneMiteSurvivorship= 63.9399606501684
ICWorkerMiteSurvivorship= 40.8939594170079
ICForagerLifespan= 10.1995382262394
ImmType= Exponential
AIAdultSlope= 3.01436016252497
AIAdultLD50= 0.0457218462834135
AIAdultSlopeContact= 2.1291263278923
AIAdultLD50Contact= 0.0036789157660678
AILarvaSlope= 1.78628873061389
AILarvaLD50= 0.312302182707936
AIKOW= 7.14623622968793
AIKOC= 9.81958744348958
AIHalfLife= 4.93369996314868
EAppRate= 0.187579208239913
