ICQueenStrength= 3.82383664976805
RQWkrDrnRatio= 3.39603331871331
ICDroneMiteSurvivorship= 30.1150913583115
ICWorkerMiteSurvivorship= 30.9962660772726
ICForagerLifespan= 4.49533251859248
ImmType= Tangent
AIAdultSlope= 0.489724081470631
AIAdultLD50= 0.439461118425243
AIAdultSlopeContact= 1.68556219101185
AIAdultLD50Contact= 0.0241086193243973
AILarvaSlope= 3.35524922655895
AILarvaLD50= 0.0320285346591845
AIKOW= 2.66005315864459
AIKOC= 29.7753316536546
AIHalfLife= 2.05226195510477
EAppRate= 0.604890480986796
