ICQueenStrength= 3.49730458366685
RQWkrDrnRatio= 4.22757362015545
ICDroneMiteSurvivorship= 92.4616606207564
ICWorkerMiteSurvivorship= 42.5675132544711
ICForagerLifespan= 11.5156359458342
ImmType= Polynomial
AIAdultSlope= 5.73118628701195
