ICQueenStrength= 3.85956074832939
RQWkrDrnRatio= 2.90411326661706
ICDroneMiteSurvivorship= 16.4130548248067
ICWorkerMiteSurvivorship= 96.8231925973669
ICForagerLifespan= 15.4861904000863
ImmType= Cosine
AIAdultSlope= 9.00620395084843
