ICQueenStrength= 3.56703353836201
RQWkrDrnRatio= 2.31914995890111
ICDroneMiteSurvivorship= 9.21417337376624
ICWorkerMiteSurvivorship= 96.4824426686391
ICForagerLifespan= 12.5739456266165
ImmType= Logarithmic
AIAdultSlope= 3.14667921555229
AIAdultLD50= 0.304879718692973
AIAdultSlopeContact= 0.286570902974345
AIAdultLD50Contact= 0.0198017459595576
AILarvaSlope= 3.19202476711944
AILarvaLD50= 0.810181277222
AIKOW= 2.47215689299628
AIKOC= 20.5482082685921
AIHalfLife= 1.03930240543559
EAppRate= 0.293017274234444
