ICQueenStrength= 3.05521357478574
RQWkrDrnRatio= 3.7172931926325
ICDroneMiteSurvivorship= 9.06237997114658
ICWorkerMiteSurvivorship= 99.2159784538671
ICForagerLifespan= 12.3569884002209
ImmType= Sine
AIAdultSlopeContact= 3.39753191843396
AIAdultLD50Contact= 0.006486442591995
AILarvaSlope= 0.848681001318619
AILarvaLD50= 0.880975796584971
AIKOW= 7.98849220713601
AIKOC= 21.3398841628805
AIHalfLife= 0.59532746206969
