ICQueenStrength= 5.7317545756232
RQWkrDrnRatio= 4.0188392624259
ICDroneMiteSurvivorship= 18.0166677339002
ICWorkerMiteSurvivorship= 76.8950675381348
ICForagerLifespan= 11.5307261934504
ImmType= Exponential
AIAdultSlope= 1.80859923709184
AIAdultLD50= 0.388718096422963
AIAdultSlopeContact= 0.604458963582292
AIAdultLD50Contact= 0.0133864314761013
AILarvaSlope= 3.17729079015553
AILarvaLD50= 0.0841622897190973
AIKOW= 7.34540814580396
AIKOC= 17.9935944569297
AIHalfLife= 4.4529630348552
EAppRate= 0
