ICQueenStrength= 4.17360250512138
RQWkrDrnRatio= 1.39423363190144
ICDroneMiteSurvivorship= 37.1418187161908
ICWorkerMiteSurvivorship= 83.8646360207349
ICForagerLifespan= 7.47359821293503
ImmType= Sine
AIAdultSlopeContact= 5.10988037567586
AIAdultLD50Contact= 0.186765920510516
AILarvaSlope= 1.52414273936301
AILarvaLD50= 1.92255313042551
AIKOW= 79.1029442101717
AIKOC= 74.8988915700465
AIHalfLife= 3.34794856142253
