ICQueenStrength= 4.92392022302374
RQWkrDrnRatio= 3.62845005374402
ICDroneMiteSurvivorship= 12.4240796081722
ICWorkerMiteSurvivorship= 85.9049473656341
ICForagerLifespan= 4.79007589910179
ImmType= Sine
AIAdultSlopeContact= 1.69533380643697
AIAdultLD50Contact= 0.0247822661418468
AILarvaSlope= 1.13017443432473
AILarvaLD50= 0.272044560802169
AIKOW= 4.58115162141621
AIKOC= 6.59434048109688
AIHalfLife= 11.0095102018677
