ICQueenStrength= 3.48405762366019
RQWkrDrnRatio= 4.58928759302944
ICDroneMiteSurvivorship= 23.5033504199237
ICWorkerMiteSurvivorship= 92.4580235034227
ICForagerLifespan= 7.32420855853707
ImmType= Polynomial
AIAdultSlope= 3.52012997330865
AIAdultLD50= 0.229477976099588
AIAdultSlopeContact= 0.415640141463373
AIAdultLD50Contact= 0.0398652576841414
AILarvaSlope= 3.16986474809237
AILarvaLD50= 0.834459280804731
AIKOW= 4.8772878954187
AIKOC= 25.3833406092599
AIHalfLife= 0.412044273689389
EAppRate= 0.422388376365416
