ICQueenStrength= 2.65166718419641
RQWkrDrnRatio= 2.90494834072888
ICDroneMiteSurvivorship= 21.1919981054962
ICWorkerMiteSurvivorship= 69.4903252646327
ICForagerLifespan= 5.13333032093942
ImmType= Sine
AIAdultSlope= 3.41544134296943
AIAdultLD50= 0.269502169801854
AIAdultSlopeContact= 0.812097973397467
AIAdultLD50Contact= 0.0113041666802019
AILarvaSlope= 3.11515086889267
AILarvaLD50= 0.119319229549728
AIKOW= 7.23571321088821
AIKOC= 14.3632818898186
AIHalfLife= 1.13153633661568
EAppRate= 0
