ICQueenStrength= 2.79117470700294
RQWkrDrnRatio= 2.09614178165793
