ICQueenStrength= 5.06000564689748
RQWkrDrnRatio= 4.90047887898982
ICDroneMiteSurvivorship= 97.5967365084216
ICWorkerMiteSurvivorship= 73.327877256088
ICForagerLifespan= 12.6188776036724
ImmType= Logarithmic
AIAdultSlope= 2.51608316470636
AIAdultLD50= 0.412665349664167
AIAdultSlopeContact= 0.425649634874426
AIAdultLD50Contact= 0.022994900890626
AILarvaSlope= 3.39923017080873
AILarvaLD50= 0.695533019537106
AIKOW= 2.88740974385291
AIKOC= 26.8235968088266
AIHalfLife= 4.24052546150051
EAppRate= 0.563893395126797
