ICQueenStrength= 4.56550128431991
RQWkrDrnRatio= 4.50334894098341
ICDroneMiteSurvivorship= 9.73311383277178
ICWorkerMiteSurvivorship= 14.8412242764607
ICForagerLifespan= 15.7596983797848
ImmType= Tangent
AIAdultSlope= 9.45450142025948
AIAdultLD50= 0.891693487996235
AIAdultSlopeContact= 6.32276489632204
AIAdultLD50Contact= 0.0910744804423302
AILarvaSlope= 4.17456734227017
AILarvaLD50= 0.270542589947581
AIKOW= 13.1495326990262
AIKOC= 55.5125307990238
AIHalfLife= 3.54151697875932
EAppRate= 1.8606490874663
