ICQueenStrength= 2.21376887196675
RQWkrDrnRatio= 4.72878530714661
ICDroneMiteSurvivorship= 74.1685006767511
ICWorkerMiteSurvivorship= 5.96400005742908
ICForagerLifespan= 13.4995468417183
ImmType= Logarithmic
AIAdultSlope= 1.69618546306156
AIAdultLD50= 0.425647859461606
AIAdultSlopeContact= 2.50952716747764
AIAdultLD50Contact= 0.0489292713231407
AILarvaSlope= 2.56773713631555
AILarvaLD50= 0.600474230549298
AIKOW= 2.24702788097784
AIKOC= 12.4951014132239
AIHalfLife= 3.54818156082183
EAppRate= 0.324266037438065
