ICQueenStrength= 3.1256485930644
RQWkrDrnRatio= 3.21768516488373
ICDroneMiteSurvivorship= 89.3321872921661
ICWorkerMiteSurvivorship= 8.19885421078652
ICForagerLifespan= 5.36095921881497
ImmType= Polynomial
AIAdultSlopeContact= 3.19148046044866
AIAdultLD50Contact= 0.0433688037679531
AILarvaSlope= 3.1548627153039
AILarvaLD50= 0.536809407896362
AIKOW= 7.53325996361673
AIKOC= 16.9168767007068
AIHalfLife= 2.70413727965206
