ICQueenStrength= 3.03833104809746
RQWkrDrnRatio= 4.53398562315851
ICDroneMiteSurvivorship= 32.8092033974826
ICWorkerMiteSurvivorship= 44.3154575070366
ICForagerLifespan= 11.2111582001671
ImmType= Sine
AIAdultSlope= 3.78619316210272
AIAdultLD50= 0.178090460016392
AIAdultSlopeContact= 0.78674686929211
AIAdultLD50Contact= 0.0407802127301693
AILarvaSlope= 1.7794620834291
AILarvaLD50= 0.575659956363961
AIKOW= 5.75077131809667
AIKOC= 9.59092348464765
AIHalfLife= 4.50607200735249
EAppRate= 0
