ICQueenStrength= 1.10280574904755
RQWkrDrnRatio= 2.42091988585889
ICDroneMiteSurvivorship= 35.2551897289231
ICWorkerMiteSurvivorship= 80.3158265771344
ICForagerLifespan= 14.8299075094983
ImmType= Tangent
AIAdultSlope= 1.68430586979026
AIAdultLD50= 0.342040013638325
AIAdultSlopeContact= 1.45615492478712
AIAdultLD50Contact= 0.0418032800662331
AILarvaSlope= 1.75992741161026
AILarvaLD50= 0.676751458807848
AIKOW= 7.28767917631194
AIKOC= 13.7052465474699
AIHalfLife= 0.771478886017576
EAppRate= 0
