ICQueenStrength= 5.97553116758354
RQWkrDrnRatio= 4.59066421631724
ICDroneMiteSurvivorship= 30.7822540868074
ICWorkerMiteSurvivorship= 73.6409566830844
ICForagerLifespan= 9.6253053387627
ImmType= Logarithmic
AIAdultSlopeContact= 2.72695937539916
AIAdultLD50Contact= 0.0357399509754032
AILarvaSlope= 2.58878276459873
AILarvaLD50= 0.431515767797828
AIKOW= 7.22018002718687
AIKOC= 19.576064836001
AIHalfLife= 13.5615820232779
