ICQueenStrength= 3.61463027563877
RQWkrDrnRatio= 1.89967048168182
ICDroneMiteSurvivorship= 47.596787312068
ICWorkerMiteSurvivorship= 49.498913786374
ICForagerLifespan= 7.94703757762909
ImmType= Sine
AIAdultSlope= 3.59058630994521
AIAdultLD50= 0.0707609507953748
AIAdultSlopeContact= 1.44400155750336
AIAdultLD50Contact= 0.000858656212221831
AILarvaSlope= 0.804082264844328
AILarvaLD50= 0.254758288222365
AIKOW= 6.98857179842889
AIKOC= 25.574011921417
AIHalfLife= 1.29722743295133
EAppRate= 0.255197982001118
