ICQueenStrength= 2.60072773462161
RQWkrDrnRatio= 1.54548441432416
ICDroneMiteSurvivorship= 12.9526219097897
ICWorkerMiteSurvivorship= 88.2210698444396
ICForagerLifespan= 8.96443323045969
ImmType= Sine
AIAdultSlopeContact= 1.89937166898279
AIAdultLD50Contact= 0.0401563969440758
AILarvaSlope= 2.45044251279905
AILarvaLD50= 0.620366157498211
AIKOW= 2.35858756862581
AIKOC= 27.0539517933503
AIHalfLife= 8.35107143456116
