ICQueenStrength= 3.8005148191005
RQWkrDrnRatio= 4.62494416721165
ICDroneMiteSurvivorship= 59.6402225783095
ICWorkerMiteSurvivorship= 56.012352835387
ICForagerLifespan= 6.2421660721302
ImmType= Exponential
AIAdultSlope= 2.72101246418199
AIAdultLD50= 0.232178564416245
AIAdultSlopeContact= 0.0414631854998879
AIAdultLD50Contact= 0.0478787332889624
AILarvaSlope= 2.75298575703055
AILarvaLD50= 0.511517929751426
AIKOW= 7.28244431735948
AIKOC= 8.89077666332014
AIHalfLife= 3.34502650890499
EAppRate= 0.466603412153199
