ICQueenStrength= 4.32739585544914
RQWkrDrnRatio= 2.91619456931949
ICDroneMiteSurvivorship= 61.2613414181396
ICWorkerMiteSurvivorship= 22.4936515558511
ICForagerLifespan= 4.13988245557994
ImmType= Logarithmic
AIAdultSlope= 2.17677320120856
