ICQueenStrength= 1.99422430270351
RQWkrDrnRatio= 4.57001036312431
ICDroneMiteSurvivorship= 85.6236955150962
ICWorkerMiteSurvivorship= 59.2028273502365
ICForagerLifespan= 11.5967612825334
ImmType= Logarithmic
AIAdultSlopeContact= 9.39340699929744
AIAdultLD50Contact= 0.0232407048810273
AILarvaSlope= 2.32483044965193
AILarvaLD50= 1.61990867787972
AIKOW= 67.4189266283065
AIKOC= 73.8111410988495
AIHalfLife= 8.80014702258632
