ICQueenStrength= 2.63750982726924
RQWkrDrnRatio= 2.36957921460271
ICDroneMiteSurvivorship= 82.8499640803784
ICWorkerMiteSurvivorship= 53.7597683724016
ICForagerLifespan= 13.5095312194899
ImmType= Sine
AIAdultLD50= 0.154012839635834
AIAdultSlopeContact= 0.47913315134123
AIAdultLD50Contact= 0.00733621008694172
AILarvaSlope= 0.711567780468613
AILarvaLD50= 0.093190258461982
AIKOW= 2.39096732996404
AIKOC= 12.5704847462475
AIHalfLife= 0.531781359575689
EAppRate= 0.144263948313892
