ICQueenStrength= 5.4669396802783
RQWkrDrnRatio= 1.88487884681672
ICDroneMiteSurvivorship= 60.667017637752
ICWorkerMiteSurvivorship= 75.0260488595814
ICForagerLifespan= 12.0837384406477
ImmType= Polynomial
AIAdultSlopeContact= 1.68179104226874
AIAdultLD50Contact= 0.0121652966132388
AILarvaSlope= 2.12424012152478
AILarvaLD50= 0.831665113242343
AIKOW= 7.31312420917675
AIKOC= 16.2734202877618
AIHalfLife= 0.530788395088166
