ICQueenStrength= 3.87512187380344
RQWkrDrnRatio= 2.44610840268433
ICDroneMiteSurvivorship= 49.0537864156067
ICWorkerMiteSurvivorship= 38.3075282908976
ICForagerLifespan= 8.93002589512616
ImmType= Tangent
AIAdultSlope= 3.56918737569591
AIAdultLD50= 0.258394838310778
AIAdultSlopeContact= 2.29742975694593
AIAdultLD50Contact= 0.0390298938378692
AILarvaSlope= 1.60807442148216
AILarvaLD50= 0.878129526064731
AIKOW= 4.27262648101896
AIKOC= 6.93791551864706
AIHalfLife= 1.03030788362958
EAppRate= 0.213253027806059
