ICQueenStrength= 4.55055753374472
RQWkrDrnRatio= 3.26889734808356
ICDroneMiteSurvivorship= 20.9167333552614
ICWorkerMiteSurvivorship= 26.3775566825643
ICForagerLifespan= 7.1654371349141
ImmType= Exponential
AIAdultSlope= 3.05986543148756
AIAdultLD50= 2.47894465690479
AIAdultSlopeContact= 2.80123124129372
AIAdultLD50Contact= 0.0125964175211266
AILarvaSlope= 2.36643549562432
AILarvaLD50= 0.780328545696102
AIKOW= 2.09934895066544
AIKOC= 10.5948984518182
AIHalfLife= 11.0486320247874
EAppRate= 0.76542931329459
