ICQueenStrength= 3.78134829364717
RQWkrDrnRatio= 3.81790843885392
ICDroneMiteSurvivorship= 77.5034704012796
ICWorkerMiteSurvivorship= 67.7775549236685
ICForagerLifespan= 9.6726156026125
ImmType= Polynomial
AIAdultSlope= 1.53705884840107
AIAdultLD50= 0.150246320990846
AIAdultSlopeContact= 3.44315102593973
AIAdultLD50Contact= 0.032974018692039
AILarvaSlope= 0.105776846222579
AILarvaLD50= 0.766535983840004
AIKOW= 2.9800990014337
AIKOC= 19.4106781517621
AIHalfLife= 4.06217845040374
EAppRate= 0.300058072130196
