ICQueenStrength= 1.24242002284154
RQWkrDrnRatio= 2.33386236801744
ICDroneMiteSurvivorship= 96.9050523592159
ICWorkerMiteSurvivorship= 53.0371435917914
ICForagerLifespan= 12.5322502180934
ImmType= Tangent
AIAdultSlopeContact= 0.532388500976376
AIAdultLD50Contact= 0.0321250545675866
AILarvaSlope= 1.74206087402999
AILarvaLD50= 0.340841353498399
AIKOW= 2.52071150764823
AIKOC= 29.2631317407358
AIHalfLife= 2.98640444641933
