ICQueenStrength= 4.5116673714947
RQWkrDrnRatio= 4.28435013536364
ICDroneMiteSurvivorship= 90.8058206317946
ICWorkerMiteSurvivorship= 44.5477629080415
ICForagerLifespan= 13.7254310799763
ImmType= Tangent
AIAdultSlope= 2.96071492698975
AIAdultLD50= 0.381280751433223
AIAdultSlopeContact= 0.984902500952594
AIAdultLD50Contact= 0.00225530053721741
AILarvaSlope= 2.51643513124436
AILarvaLD50= 0.708327897498384
AIKOW= 5.52165727131069
AIKOC= 21.398635180667
AIHalfLife= 2.97569681610912
EAppRate= 0.0398453031666577
