ICQueenStrength= 5.58618946140632
RQWkrDrnRatio= 4.66207767557353
ICDroneMiteSurvivorship= 73.9040234358981
ICWorkerMiteSurvivorship= 26.1153500759974
ICForagerLifespan= 13.8819754095748
ImmType= Tangent
AIAdultSlope= 2.80389419662999
AIAdultLD50= 0.180397209129296
AIAdultSlopeContact= 2.45632349750726
AIAdultLD50Contact= 0.0244511807104573
AILarvaSlope= 1.38418264384381
AILarvaLD50= 0.742115672933869
AIKOW= 7.85680132266134
AIKOC= 27.1288433065638
AIHalfLife= 2.79252232401632
EAppRate= 0.155986475758255
