ICQueenStrength= 3.59878171724267
RQWkrDrnRatio= 2.76329590100795
ICDroneMiteSurvivorship= 80.5997055722401
ICWorkerMiteSurvivorship= 64.5432686200365
ICForagerLifespan= 4.9403235418722
ImmType= Exponential
AIAdultSlope= 3.5792357420898
AIAdultLD50= 0.0147682593669742
AIAdultSlopeContact= 3.50850637222873
AIAdultLD50Contact= 0.0313110014889389
AILarvaSlope= 1.54936711965129
AILarvaLD50= 0.687781959143467
AIKOW= 5.81343839503825
AIKOC= 28.9802618452813
AIHalfLife= 1.71787755331025
EAppRate= 0.0362214997177944
