ICQueenStrength= 3.7963101642672
RQWkrDrnRatio= 3.31798471976072
ICDroneMiteSurvivorship= 56.5086557064205
ICWorkerMiteSurvivorship= 40.7561264699325
ICForagerLifespan= 12.6694309487939
ImmType= Sine
AIAdultSlope= 3.1057205159124
AIAdultLD50= 0.279103873181157
AIAdultSlopeContact= 2.0475538197183
AIAdultLD50Contact= 0.0263865615590476
AILarvaSlope= 2.43524777651764
AILarvaLD50= 0.389720335719176
AIKOW= 6.00740385847166
AIKOC= 24.3649656779598
AIHalfLife= 0.0823755783494562
EAppRate= 0.23596195760183
