ICQueenStrength= 4.46119948429987
RQWkrDrnRatio= 4.36838630121201
ICDroneMiteSurvivorship= 31.513653206639
ICWorkerMiteSurvivorship= 48.8425239454955
ICForagerLifespan= 15.4451524149626
ImmType= Polynomial
AIAdultSlope= 0.322746773532126
AIAdultLD50= 0.0464264051988721
AIAdultSlopeContact= 3.38401740198489
AIAdultLD50Contact= 0.038713625841774
AILarvaSlope= 0.129652538103983
AILarvaLD50= 0.894126632809639
AIKOW= 4.53511584969237
AIKOC= 8.46488225040957
AIHalfLife= 1.32255594362505
EAppRate= 0.420319936727174
