ICQueenStrength= 1.86471681832336
RQWkrDrnRatio= 1.19738359563053
ICDroneMiteSurvivorship= 24.9402683461085
ICWorkerMiteSurvivorship= 41.5459704585373
ICForagerLifespan= 14.9570251731202
ImmType= Tangent
AIAdultSlope= 2.51315374844708
AIAdultLD50= 0.120393679942936
AIAdultSlopeContact= 2.63259725417476
AIAdultLD50Contact= 0.0332179507589899
AILarvaSlope= 3.00145856924355
AILarvaLD50= 0.505517928139307
AIKOW= 7.05972465965897
AIKOC= 15.3859631286468
AIHalfLife= 4.80949642136693
EAppRate= 0.897669604746625
