ICQueenStrength= 5.92218383355066
RQWkrDrnRatio= 4.12105606403202
ICDroneMiteSurvivorship= 77.286060154438
ICWorkerMiteSurvivorship= 37.3455588938668
ICForagerLifespan= 6.74176204856485
ImmType= Cosine
AIAdultSlope= 0.813214168371633
AIAdultSlopeContact= 0.0436138735595159
AIAdultLD50Contact= 0.0193327754852362
AILarvaSlope= 3.24264653665014
AILarvaLD50= 0.150727178994566
AIKOW= 7.05577735323459
AIKOC= 21.2463248125277
AIHalfLife= 0.263264471665025
