ICQueenStrength= 2.87858046032488
RQWkrDrnRatio= 3.44873006269336
ICDroneMiteSurvivorship= 66.4911546744406
ICWorkerMiteSurvivorship= 26.9054748816416
ICForagerLifespan= 9.7885531373322
ImmType= Polynomial
AIAdultSlope= 1.61268383497372
