ICQueenStrength= 5.1149903240148
RQWkrDrnRatio= 4.63133124355227
ICDroneMiteSurvivorship= 37.2976767364889
ICWorkerMiteSurvivorship= 41.3593473378569
ICForagerLifespan= 13.229301542975
ImmType= Cosine
AIAdultLD50= 0.154012839635834
AIAdultSlopeContact= 2.46585180610651
AIAdultLD50Contact= 0.0143372297636233
AILarvaSlope= 0.000378303742036223
AILarvaLD50= 0.695394225488417
AIKOW= 2.28592545073479
AIKOC= 8.16713575157337
AIHalfLife= 1.34837136650458
EAppRate= 0.887606020551175
