ICQueenStrength= 2.91574166063219
RQWkrDrnRatio= 4.78859314322472
ICDroneMiteSurvivorship= 33.4101673681289
ICWorkerMiteSurvivorship= 45.8512357668951
ICForagerLifespan= 7.15540244895965
ImmType= Tangent
AIAdultSlope= 2.50419372227043
