ICQueenStrength= 3.37755892518908
RQWkrDrnRatio= 1.43345176428556
