ICQueenStrength= 4.97609269828536
RQWkrDrnRatio= 4.65685687493533
ICDroneMiteSurvivorship= 99.7471528127789
ICWorkerMiteSurvivorship= 35.3036785265431
ICForagerLifespan= 4.92120156530291
ImmType= Exponential
AIAdultSlopeContact= 1.92375497194007
AIAdultLD50Contact= 0.0954878472257406
AILarvaSlope= 3.15956741105765
AILarvaLD50= 1.85150545462966
AIKOW= 95.086881914176
AIKOC= 85.9708714764565
AIHalfLife= 7.79740933282301
