ICQueenStrength= 5.38530673272908
RQWkrDrnRatio= 3.18623352609575
ICDroneMiteSurvivorship= 38.6404450051486
ICWorkerMiteSurvivorship= 17.2019761521369
ICForagerLifespan= 11.3572459351271
ImmType= Exponential
AIAdultSlope= 3.82191317114979
AIAdultLD50= 0.348160830442794
AIAdultSlopeContact= 0.819868143077474
AIAdultLD50Contact= 0.0432488604797982
AILarvaSlope= 1.92540371809155
AILarvaLD50= 0.748447105684318
AIKOW= 6.57889566523954
AIKOC= 22.3669339332264
AIHalfLife= 1.22677122359164
EAppRate= 0.133039443427697
