ICQueenStrength= 1.38558407919481
RQWkrDrnRatio= 2.99762490857393
ICDroneMiteSurvivorship= 22.7116760564968
ICWorkerMiteSurvivorship= 62.8376530949026
ICForagerLifespan= 15.3476327490062
ImmType= Sine
AIAdultSlope= 1.09132351120934
