ICQueenStrength= 3.51091838348657
RQWkrDrnRatio= 2.41284918226302
ICDroneMiteSurvivorship= 32.3388564633206
ICWorkerMiteSurvivorship= 94.304012041539
ICForagerLifespan= 4.80490040406585
ImmType= Polynomial
AIAdultSlope= 1.36395984859904
AIAdultLD50= 0.0954994796775281
AIAdultSlopeContact= 0.452552896749694
AIAdultLD50Contact= 0.0265471205115318
AILarvaSlope= 1.19340718090534
AILarvaLD50= 0.300349851767533
AIKOW= 7.07905180985108
AIKOC= 27.7991602791008
AIHalfLife= 0.807104293489829
EAppRate= 0.320303488569334
