ICQueenStrength= 1.75990432524122
RQWkrDrnRatio= 4.9814346106723
ICDroneMiteSurvivorship= 29.6695244498551
ICWorkerMiteSurvivorship= 12.4671474797651
ICForagerLifespan= 9.8471952592954
ImmType= Polynomial
AIAdultSlope= 2.83812650591135
AIAdultLD50= 2.9637509600725
AIAdultSlopeContact= 2.86029958191561
AIAdultLD50Contact= 0.045174572605174
AILarvaSlope= 0.259717449871823
AILarvaLD50= 0.853313914965838
AIKOW= 2.00651927385479
AIKOC= 8.30068406765349
AIHalfLife= 9.3702577794902
EAppRate= 0.988183264853433
