ICQueenStrength= 1.05148788099177
RQWkrDrnRatio= 4.68786308076233
ICDroneMiteSurvivorship= 55.8837631018832
ICWorkerMiteSurvivorship= 4.71187471412122
ICForagerLifespan= 6.45732927229255
ImmType= Exponential
AIAdultSlope= 0.335659100508783
AIAdultLD50= 0.393907758058049
AIAdultSlopeContact= 3.60619327040389
AIAdultLD50Contact= 0.0246616841526702
AILarvaSlope= 1.16661220858805
AILarvaLD50= 0.628029856248759
AIKOW= 6.5702721956186
AIKOC= 15.6999473879114
AIHalfLife= 1.31730835884809
EAppRate= 0.576514710439369
