ICQueenStrength= 2.08015623758547
RQWkrDrnRatio= 4.52889859769493
ICDroneMiteSurvivorship= 22.6379930973053
ICWorkerMiteSurvivorship= 22.0039253355935
ICForagerLifespan= 12.3469165936112
ImmType= Cosine
AIAdultSlopeContact= 3.6616272437945
AIAdultLD50Contact= 0.042132033186499
AILarvaSlope= 2.72710863021202
AILarvaLD50= 0.482631440763362
AIKOW= 2.91761900996789
AIKOC= 7.6630743930582
AIHalfLife= 13.5714323059656
