ICQueenStrength= 4.79450713749975
RQWkrDrnRatio= 1.50360464770347
ICDroneMiteSurvivorship= 23.4938711859286
ICWorkerMiteSurvivorship= 88.2849217392504
ICForagerLifespan= 10.0432070121169
ImmType= Tangent
AIAdultSlope= 2.34204341822304
AIAdultLD50= 0.235976621392183
AIAdultSlopeContact= 0.813826698856428
AIAdultLD50Contact= 0.0394301185151562
AILarvaSlope= 1.72168818409555
AILarvaLD50= 0.498697748919949
AIKOW= 7.26939709158614
AIKOC= 9.52127967146225
AIHalfLife= 0.272767533315346
EAppRate= 0
