ICQueenStrength= 5.52924966462888
RQWkrDrnRatio= 2.4947001831606
ICDroneMiteSurvivorship= 94.0319992834702
ICWorkerMiteSurvivorship= 48.9325557136908
ICForagerLifespan= 12.9276858316734
ImmType= Polynomial
AIAdultSlope= 1.79143814790063
AIAdultLD50= 0.368756860028952
AIAdultSlopeContact= 3.13337707347935
AIAdultLD50Contact= 0.0109908857615665
AILarvaSlope= 0.728864809358493
AILarvaLD50= 0.796294897352345
AIKOW= 3.91740539763123
AIKOC= 23.4682948223781
AIHalfLife= 3.96039935410954
EAppRate= 0.440610691998154
