ICQueenStrength= 5.96554236742668
RQWkrDrnRatio= 1.098957054317
ICDroneMiteSurvivorship= 52.8740102192387
ICWorkerMiteSurvivorship= 92.893204651773
ICForagerLifespan= 9.07202710025012
ImmType= Exponential
AIAdultSlopeContact= 0.280176179949194
AIAdultLD50Contact= 0.182681191340089
AILarvaSlope= 8.1433286704123
AILarvaLD50= 1.61810633633286
AIKOW= 72.9629477951676
AIKOC= 74.6483393479139
AIHalfLife= 4.88632910745218
