ICQueenStrength= 3.84580615814775
RQWkrDrnRatio= 2.09551211632788
ICDroneMiteSurvivorship= 92.2433854779229
ICWorkerMiteSurvivorship= 98.5757206799462
ICForagerLifespan= 13.4569164570421
ImmType= Cosine
AIAdultSlope= 2.80295280577149
AIAdultLD50= 0.168004518956877
AIAdultSlopeContact= 3.00879847476259
AIAdultLD50Contact= 0.00344163420377299
AILarvaSlope= 0.259286841144785
AILarvaLD50= 0.799052022350952
AIKOW= 3.11195861361921
AIKOC= 24.9745581659954
AIHalfLife= 1.54506816063076
EAppRate= 0.0124903056072071
