ICQueenStrength= 3.43995315744542
RQWkrDrnRatio= 2.10150844510645
ICDroneMiteSurvivorship= 5.4813006427139
ICWorkerMiteSurvivorship= 68.3114103740081
ICForagerLifespan= 8.0438693407923
ImmType= Polynomial
AIAdultSlope= 1.90016121611232
AIAdultLD50= 0.376203814288601
AIAdultSlopeContact= 3.4131310453685
AIAdultLD50Contact= 0.0153689889935777
AILarvaSlope= 1.42007534448057
AILarvaLD50= 0.76248245544266
AIKOW= 3.86997354449704
AIKOC= 18.1661932216957
AIHalfLife= 4.40148361958563
EAppRate= 0.560834663896821
