ICQueenStrength= 2.73659956548363
RQWkrDrnRatio= 4.51119302026927
ICDroneMiteSurvivorship= 32.438784930855
ICWorkerMiteSurvivorship= 28.4150350606069
ICForagerLifespan= 10.1172405183315
ImmType= Sine
AIAdultSlope= 1.83581960322335
AIAdultLD50= 1.6480467596557
AIAdultSlopeContact= 3.22083740516799
AIAdultLD50Contact= 0.0150741329882294
AILarvaSlope= 0.0660691954195499
AILarvaLD50= 0.657839541044086
AIKOW= 4.2718444452621
AIKOC= 26.3235010684002
AIHalfLife= 6.30676476936787
EAppRate= 0.0933586943428963
