ICQueenStrength= 5.31711160810664
RQWkrDrnRatio= 3.3420590441674
ICDroneMiteSurvivorship= 31.4104078803211
ICWorkerMiteSurvivorship= 53.7376732798293
ICForagerLifespan= 4.9968324135989
ImmType= Logarithmic
AIAdultSlope= 2.28136971197091
AIAdultSlopeContact= 2.78008736003889
AIAdultLD50Contact= 0.0486200656392612
AILarvaSlope= 3.26073477808386
AILarvaLD50= 0.75902038346976
AIKOW= 2.7266457057558
AIKOC= 25.9372750483453
AIHalfLife= 12.041929428
