ICQueenStrength= 4.87114900164306
RQWkrDrnRatio= 2.53552357945591
ICDroneMiteSurvivorship= 70.8491254365072
ICWorkerMiteSurvivorship= 39.6907578222454
ICForagerLifespan= 12.713969049044
ImmType= Cosine
AIAdultSlope= 3.82039620613446
AIAdultLD50= 0.0588511999230832
AIAdultSlopeContact= 3.58496193111409
AIAdultLD50Contact= 0.0326194747001864
AILarvaSlope= 0.923726946674287
AILarvaLD50= 0.720470027625561
AIKOW= 7.18871566466987
AIKOC= 23.3810799440835
AIHalfLife= 4.44471900467761
EAppRate= 0.404484456893988
