ICQueenStrength= 1.47437554458156
RQWkrDrnRatio= 3.67671493906528
ICDroneMiteSurvivorship= 43.9700252842158
ICWorkerMiteSurvivorship= 49.0298545453697
ICForagerLifespan= 9.72290792968124
ImmType= Sine
AIAdultSlope= 0.645359506965615
AIAdultLD50= 0.106693946174346
AIAdultSlopeContact= 3.38875113080721
AIAdultLD50Contact= 0.0282183738658205
AILarvaSlope= 0.0458947202656418
AILarvaLD50= 0.564208488352597
AIKOW= 2.74658543476835
AIKOC= 13.1985275086481
AIHalfLife= 4.75432353792712
EAppRate= 0
