ICQueenStrength= 2.69267349527217
RQWkrDrnRatio= 3.35481322556734
ICDroneMiteSurvivorship= 9.37275148462504
ICWorkerMiteSurvivorship= 93.2369967456907
ICForagerLifespan= 15.2633276982233
ImmType= Logarithmic
AIAdultSlope= 2.55532413953915
AIAdultLD50= 0.5197208665777
AIAdultSlopeContact= 8.35255483631045
AIAdultLD50Contact= 0.0697870725765824
AILarvaSlope= 9.24987002043054
AILarvaLD50= 0.343440918717533
AIKOW= 90.5808912822977
AIKOC= 46.0001956671476
AIHalfLife= 7.68083677208051
EAppRate= 0.222962817177176
