ICQueenStrength= 4.94295907579362
RQWkrDrnRatio= 4.64837385993451
ICDroneMiteSurvivorship= 0.595847424119711
ICWorkerMiteSurvivorship= 38.087776536122
ICForagerLifespan= 7.29356165509671
ImmType= Polynomial
AIAdultSlope= 0.792180036660284
