ICQueenStrength= 2.14964885055088
RQWkrDrnRatio= 4.8867697538808
ICDroneMiteSurvivorship= 28.5675294930115
ICWorkerMiteSurvivorship= 59.4188909279183
ICForagerLifespan= 10.3891468951479
ImmType= Exponential
AIAdultSlope= 3.16283397269435
AIAdultLD50= 0.223278794204816
AIAdultSlopeContact= 3.85982458226848
AIAdultLD50Contact= 0.0148521815775894
AILarvaSlope= 1.36315837991424
AILarvaLD50= 0.609269753820263
AIKOW= 7.55184233561158
AIKOC= 7.90777911432087
AIHalfLife= 9.89257288305089
EAppRate= 0.0486666401848197
