ICQueenStrength= 4.69183283415623
RQWkrDrnRatio= 4.7205163417384
ICDroneMiteSurvivorship= 77.40663504228
ICWorkerMiteSurvivorship= 90.3896014671773
ICForagerLifespan= 8.3463839692995
ImmType= Cosine
AIAdultSlope= 2.23413005862385
AIAdultLD50= 2.80799503577873
AIAdultSlopeContact= 1.46360502898693
AIAdultLD50Contact= 0.00839708909625188
AILarvaSlope= 1.05468080649152
AILarvaLD50= 0.890352326142602
AIKOW= 3.5423208354041
AIKOC= 16.4060339925345
AIHalfLife= 12.2687607784756
EAppRate= 0.0479964334517717
