ICQueenStrength= 2.03850006591529
RQWkrDrnRatio= 1.44908947497606
ICDroneMiteSurvivorship= 22.1328379120678
ICWorkerMiteSurvivorship= 65.0031771510839
ICForagerLifespan= 6.15368731413037
ImmType= Tangent
AIAdultSlope= 0.630356216488872
AIAdultLD50= 0.302950614946894
AIAdultSlopeContact= 3.28632077801507
AIAdultLD50Contact= 0.0191949628060684
AILarvaSlope= 2.47066433420405
AILarvaLD50= 0.25699395951815
AIKOW= 7.33241200773045
AIKOC= 21.2758946011309
AIHalfLife= 2.70417776424438
EAppRate= 0.190600708639249
