ICQueenStrength= 4.96960388519801
RQWkrDrnRatio= 3.69534370303154
ICDroneMiteSurvivorship= 96.8209899729118
ICWorkerMiteSurvivorship= 18.5382841387764
ICForagerLifespan= 4.77542922459543
ImmType= Tangent
AIAdultSlope= 0.0735222275555134
AIAdultLD50= 0.251024331199005
AIAdultSlopeContact= 3.75444290053099
AIAdultLD50Contact= 0.00104419789277017
AILarvaSlope= 0.238249032525346
AILarvaLD50= 0.211498624202795
AIKOW= 4.83904584078118
AIKOC= 9.85818797606044
AIHalfLife= 2.48992757871747
EAppRate= 0.211269467766397
