ICQueenStrength= 4.63238331279717
RQWkrDrnRatio= 2.35138154402375
ICDroneMiteSurvivorship= 68.2931260671467
ICWorkerMiteSurvivorship= 6.74290410242975
ICForagerLifespan= 14.7910509761423
ImmType= Tangent
AIAdultSlope= 1.70817602681927
AIAdultLD50= 1.96416695415974
AIAdultSlopeContact= 3.24757479507476
AIAdultLD50Contact= 0.0429370776866563
AILarvaSlope= 2.68785874876194
AILarvaLD50= 0.0447706223465502
AIKOW= 3.43343914207071
AIKOC= 21.9770581356715
AIHalfLife= 6.64966316102073
EAppRate= 0.18801575480029
