ICQueenStrength= 4.7122351245489
RQWkrDrnRatio= 1.27806712687016
ICDroneMiteSurvivorship= 73.2801928417757
ICWorkerMiteSurvivorship= 55.2574449684471
ICForagerLifespan= 7.58660151716322
ImmType= Cosine
AIAdultSlope= 3.06742153423838
AIAdultLD50= 2.62658748356625
AIAdultSlopeContact= 3.47544960766565
AIAdultLD50Contact= 0.0308257411583327
AILarvaSlope= 0.106265198392794
AILarvaLD50= 0.53476413844619
AIKOW= 4.42271544039249
AIKOC= 10.952671013074
AIHalfLife= 3.99615133600309
EAppRate= 0.0537081062793732
