ICQueenStrength= 4.87295728316531
RQWkrDrnRatio= 2.19451359845698
ICDroneMiteSurvivorship= 25.1170441042632
ICWorkerMiteSurvivorship= 87.418831163086
ICForagerLifespan= 14.3362434254959
ImmType= Logarithmic
AIAdultSlope= 2.77177485502325
AIAdultLD50= 0.902943929890171
AIAdultSlopeContact= 0.861236241983716
AIAdultLD50Contact= 0.00649711294099689
AILarvaSlope= 2.47877751318738
AILarvaLD50= 0.144508736394346
AIKOW= 7.01046915026382
AIKOC= 5.92728676972911
AIHalfLife= 0.438987939152867
EAppRate= 0.988655493594706
