ICQueenStrength= 5.79289388284087
RQWkrDrnRatio= 4.8377611618489
ICDroneMiteSurvivorship= 94.1887537250295
ICWorkerMiteSurvivorship= 17.7850939333439
ICForagerLifespan= 9.3555612443015
ImmType= Cosine
AIAdultSlope= 3.51841905788518
AIAdultLD50= 0.00724325864575803
AIAdultSlopeContact= 1.62083644649712
AIAdultLD50Contact= 0.0378873526351526
AILarvaSlope= 0.451410649856552
AILarvaLD50= 0.757797796977684
AIKOW= 6.52003767713904
AIKOC= 5.6340850610286
AIHalfLife= 3.99923496763222
EAppRate= 0.559302287688479
