ICQueenStrength= 2.22663650545292
RQWkrDrnRatio= 3.31449785642326
ICDroneMiteSurvivorship= 8.29097006935626
ICWorkerMiteSurvivorship= 87.5629182439297
ICForagerLifespan= 6.66132859047502
ImmType= Polynomial
AIAdultSlopeContact= 3.89820144984406
AIAdultLD50Contact= 0.0191039346740581
AILarvaSlope= 0.763356710411608
AILarvaLD50= 0.469477233337238
AIKOW= 4.21873423550278
AIKOC= 18.6175399413332
AIHalfLife= 6.99287819303572
