ICQueenStrength= 4.22822498623282
RQWkrDrnRatio= 2.71013792790473
ICDroneMiteSurvivorship= 87.4350724043325
ICWorkerMiteSurvivorship= 20.6580181140453
ICForagerLifespan= 11.2758818147704
ImmType= Polynomial
AIAdultSlope= 2.07007557312492
AIAdultLD50= 0.291057350928895
AIAdultSlopeContact= 3.38924374976428
AIAdultLD50Contact= 0.00969462936045602
AILarvaSlope= 0.800436386605725
AILarvaLD50= 0.0629603150999174
AIKOW= 2.61049456661567
AIKOC= 24.6511999471113
AIHalfLife= 0.398379613179713
EAppRate= 0.343019434064627
