ICQueenStrength= 5.95867943391204
RQWkrDrnRatio= 3.59292398300022
ICDroneMiteSurvivorship= 86.3036724738777
ICWorkerMiteSurvivorship= 75.4848754731938
ICForagerLifespan= 11.8929579872638
ImmType= Cosine
AIAdultSlope= 2.63281222177902
AIAdultLD50= 0.473101854673587
AIAdultSlopeContact= 3.28893606606871
AIAdultLD50Contact= 0.0453063443885185
AILarvaSlope= 3.35188383660279
AILarvaLD50= 0.628861514339224
AIKOW= 4.52863679639995
AIKOC= 10.7653758209199
AIHalfLife= 0.402564846444875
EAppRate= 0
