ICQueenStrength= 1.85036887438037
RQWkrDrnRatio= 2.80796334892511
ICDroneMiteSurvivorship= 37.2245058650151
ICWorkerMiteSurvivorship= 46.9640299677849
ICForagerLifespan= 12.4955567633733
ImmType= Cosine
AIAdultSlope= 1.01121481626062
AIAdultLD50= 0.0852409049402922
AIAdultSlopeContact= 0.795412783836946
AIAdultLD50Contact= 0.0318442187155597
AILarvaSlope= 1.55942626208998
AILarvaLD50= 0.31190632826183
AIKOW= 3.12441632477567
AIKOC= 16.678111332003
AIHalfLife= 1.83308126288466
EAppRate= 0.364025731361471
