ICQueenStrength= 5.96146878460422
RQWkrDrnRatio= 2.13717638608068
ICDroneMiteSurvivorship= 95.431385259144
ICWorkerMiteSurvivorship= 55.3239971864969
ICForagerLifespan= 13.400311967358
ImmType= Exponential
AIAdultSlope= 6.57508380012587
