ICQueenStrength= 4.84960979921743
RQWkrDrnRatio= 3.68188728671521
ICDroneMiteSurvivorship= 34.6887327032164
ICWorkerMiteSurvivorship= 28.9965043077245
ICForagerLifespan= 7.32207604590803
ImmType= Exponential
AIAdultLD50= 0.154012839635834
AIAdultSlopeContact= 2.11042935738573
AIAdultLD50Contact= 0.0042802955606021
AILarvaSlope= 0.423501952551305
AILarvaLD50= 0.515608715289272
AIKOW= 7.00861574942246
AIKOC= 11.1149850662332
AIHalfLife= 6.72371060820296
EAppRate= 0.376095778308809
