ICQueenStrength= 5.35494229663163
RQWkrDrnRatio= 1.50891296379268
ICDroneMiteSurvivorship= 95.4653667518869
ICWorkerMiteSurvivorship= 81.6511206096038
ICForagerLifespan= 15.8884742772207
ImmType= Tangent
AIAdultSlope= 2.77439504887909
AIAdultLD50= 0.319291450432502
AIAdultSlopeContact= 0.656159443315119
AIAdultLD50Contact= 0.00281524768797681
AILarvaSlope= 1.09231706415303
AILarvaLD50= 0.358602177374996
AIKOW= 7.29102843394503
AIKOC= 7.23592281108722
AIHalfLife= 1.60002940450795
EAppRate= 0
