ICQueenStrength= 2.14071047864854
RQWkrDrnRatio= 3.86339572444558
ICDroneMiteSurvivorship= 52.0274701295421
ICWorkerMiteSurvivorship= 0.717643368989229
ICForagerLifespan= 12.9781936770305
ImmType= Logarithmic
AIAdultSlopeContact= 1.01055020748172
AIAdultLD50Contact= 0.0191416607005522
AILarvaSlope= 0.918365253088996
AILarvaLD50= 0.198585433373228
AIKOW= 3.42760004568845
AIKOC= 19.7910267231055
AIHalfLife= 9.13224465958774
