ICQueenStrength= 2.64088402641937
RQWkrDrnRatio= 3.53931735735387
ICDroneMiteSurvivorship= 76.7056831391528
ICWorkerMiteSurvivorship= 97.6904160575941
ICForagerLifespan= 9.12441235501319
ImmType= Exponential
AIAdultSlope= 7.89201528532431
AIAdultLD50= 0.759599577868357
AIAdultSlopeContact= 6.56397805782035
AIAdultLD50Contact= 0.0300746889319271
AILarvaSlope= 1.98420512489974
AILarvaLD50= 1.17190753016621
AIKOW= 46.6102195903659
AIKOC= 36.7047849809751
AIHalfLife= 2.6104678013362
EAppRate= 1.61425191257149
