ICQueenStrength= 3.93921567266807
RQWkrDrnRatio= 3.23745991941541
ICDroneMiteSurvivorship= 16.7656732257456
ICWorkerMiteSurvivorship= 66.6464256355539
ICForagerLifespan= 14.9964315732941
ImmType= Sine
AIAdultSlope= 0.82285826631356
AIAdultLD50= 0.119326160522178
AIAdultSlopeContact= 2.83635838588234
AIAdultLD50Contact= 0.0223050828324631
AILarvaSlope= 1.716194446804
AILarvaLD50= 0.100382206728682
AIKOW= 4.09004217945039
AIKOC= 15.7313752814662
AIHalfLife= 2.26500926772133
EAppRate= 0.503985353326425
