ICQueenStrength= 1.58958398876712
RQWkrDrnRatio= 4.67115793377161
ICDroneMiteSurvivorship= 81.8649471038952
ICWorkerMiteSurvivorship= 69.270125287585
ICForagerLifespan= 13.0383702320978
ImmType= Exponential
AIAdultSlopeContact= 3.1882941568899
AIAdultLD50Contact= 0.00178512430284172
AILarvaSlope= 2.49298425577581
AILarvaLD50= 0.779256925871596
AIKOW= 6.32242286577821
AIKOC= 28.7919395964127
AIHalfLife= 5.43757448112592
