ICQueenStrength= 4.03771052137017
RQWkrDrnRatio= 4.82964973431081
