ICQueenStrength= 1.92818636912853
RQWkrDrnRatio= 4.54077013861388
ICDroneMiteSurvivorship= 24.3067194474861
ICWorkerMiteSurvivorship= 38.5348091600463
ICForagerLifespan= 11.9420688878745
ImmType= Exponential
AIAdultSlope= 2.22669291408034
AIAdultLD50= 0.262496364419349
AIAdultSlopeContact= 3.26374249714427
AIAdultLD50Contact= 0.00276933518471196
AILarvaSlope= 0.19368247478269
AILarvaLD50= 0.0419847970828414
AIKOW= 3.97378226276487
AIKOC= 28.1939029472414
AIHalfLife= 3.22476444416679
EAppRate= 0.365113844093867
