ICQueenStrength= 4.87525616213679
RQWkrDrnRatio= 3.23126976471394
ICDroneMiteSurvivorship= 94.0750834299251
ICWorkerMiteSurvivorship= 72.8355111088604
ICForagerLifespan= 15.3246340751648
ImmType= Sine
AIAdultSlope= 2.74075432396028
AIAdultLD50= 0.334099355153739
AIAdultSlopeContact= 0.260197550046723
AIAdultLD50Contact= 0.0439722636598162
AILarvaSlope= 2.00807238137349
AILarvaLD50= 0.820759638003074
AIKOW= 6.39637224283069
AIKOC= 15.2204684866592
AIHalfLife= 0.651833895826712
EAppRate= 0.166695426707156
