ICQueenStrength= 2.97002019034699
RQWkrDrnRatio= 3.90403411351144
ICDroneMiteSurvivorship= 87.46099290438
ICWorkerMiteSurvivorship= 11.7462957976386
ICForagerLifespan= 7.00334569253027
ImmType= Cosine
AIAdultLD50= 0.154012839635834
AIAdultSlopeContact= 2.76982878874289
AIAdultLD50Contact= 0.0378229327383451
AILarvaSlope= 1.68190714973025
AILarvaLD50= 0.184763546171598
AIKOW= 3.91380096692592
AIKOC= 15.0939352007117
AIHalfLife= 5.09567039366812
EAppRate= 1.16824807599187
