ICQueenStrength= 1.45445443480276
RQWkrDrnRatio= 2.64658852573484
ICDroneMiteSurvivorship= 89.037007256411
ICWorkerMiteSurvivorship= 85.3024304145947
ICForagerLifespan= 14.7869720263407
ImmType= Polynomial
AIAdultSlopeContact= 1.85936664536828
AIAdultLD50Contact= 0.022112673392985
AILarvaSlope= 1.15709552345797
AILarvaLD50= 0.812468937691301
AIKOW= 2.58448040252551
AIKOC= 13.9170086430386
AIHalfLife= 2.77986692357808
