ICQueenStrength= 2.54990572249517
RQWkrDrnRatio= 2.34469259344041
ICDroneMiteSurvivorship= 73.8516486482695
ICWorkerMiteSurvivorship= 10.799579997547
ICForagerLifespan= 8.66563685890287
ImmType= Tangent
AIAdultSlope= 0.870437397323549
AIAdultLD50= 0.400860618450679
AIAdultSlopeContact= 0.734921696435194
AIAdultLD50Contact= 0.0483440737589262
AILarvaSlope= 1.78217105227523
AILarvaLD50= 0.772330876928754
AIKOW= 7.61926069436595
AIKOC= 15.2621793164872
AIHalfLife= 0.637595461448655
EAppRate= 0.503060926776379
