ICQueenStrength= 4.75554828438908
RQWkrDrnRatio= 3.1736995736137
ICDroneMiteSurvivorship= 46.9674814259633
ICWorkerMiteSurvivorship= 22.3326041130349
ICForagerLifespan= 13.2395277861506
ImmType= Tangent
AIAdultSlope= 1.31096353048459
AIAdultLD50= 0.0696759711718187
AIAdultSlopeContact= 1.09071683552116
AIAdultLD50Contact= 0.00241981244180352
AILarvaSlope= 2.81945874728262
AILarvaLD50= 0.157898423750885
AIKOW= 2.79549739230424
AIKOC= 8.88385264086537
AIHalfLife= 2.5162904127501
EAppRate= 0.165415687067434
