ICQueenStrength= 5.39935679314658
RQWkrDrnRatio= 1.91591153293848
ICDroneMiteSurvivorship= 52.9799337964505
ICWorkerMiteSurvivorship= 88.8338933931664
ICForagerLifespan= 11.8989433394745
ImmType= Sine
AIAdultSlope= 1.32379539661808
AIAdultLD50= 0.440262103453279
AIAdultSlopeContact= 3.44502705294639
AIAdultLD50Contact= 0.0379407460568473
AILarvaSlope= 2.98511118302122
AILarvaLD50= 0.231957407528535
AIKOW= 7.94206430483609
AIKOC= 10.727109615691
AIHalfLife= 0.950409289216623
EAppRate= 0.0241537608439103
