ICQueenStrength= 3.05065945279785
RQWkrDrnRatio= 1.45552113745362
ICDroneMiteSurvivorship= 19.5745995035395
ICWorkerMiteSurvivorship= 37.0507159037516
ICForagerLifespan= 10.0633081793785
ImmType= Logarithmic
AIAdultLD50= 0.154012839635834
AIAdultSlopeContact= 2.75080536954571
AIAdultLD50Contact= 0.0159373563015834
AILarvaSlope= 3.39106584894471
AILarvaLD50= 0.476540061109699
AIKOW= 7.91697599599138
AIKOC= 28.397498606937
AIHalfLife= 6.33296990813687
EAppRate= 1.06177337048575
