ICQueenStrength= 4.30387476482429
RQWkrDrnRatio= 2.16637654043734
ICDroneMiteSurvivorship= 35.4107385966927
ICWorkerMiteSurvivorship= 11.9499249849468
ICForagerLifespan= 8.07586031593382
ImmType= Polynomial
AIAdultSlopeContact= 5.27976596495137
AIAdultLD50Contact= 0.0721561601385474
AILarvaSlope= 3.77992933848873
AILarvaLD50= 0.0122449900954962
AIKOW= 75.1545198261738
AIKOC= 82.9015808878466
AIHalfLife= 5.67476512817666
