ICQueenStrength= 5.00602092850022
RQWkrDrnRatio= 1.10430302284658
ICDroneMiteSurvivorship= 93.4410239337012
ICWorkerMiteSurvivorship= 75.4514172906056
ICForagerLifespan= 14.4525182200596
ImmType= Polynomial
AIAdultSlope= 3.24947956274264
AIAdultSlopeContact= 0.284144630602095
AIAdultLD50Contact= 0.00102133525069803
AILarvaSlope= 2.28345333649777
AILarvaLD50= 0.195120437373407
AIKOW= 3.24078223062679
AIKOC= 7.23944041645154
AIHalfLife= 8.77328950492665
