ICQueenStrength= 2.30001349467784
RQWkrDrnRatio= 3.4170661745593
