ICQueenStrength= 4.12965120654553
RQWkrDrnRatio= 3.56064014136791
ICDroneMiteSurvivorship= 63.7232797918841
ICWorkerMiteSurvivorship= 20.3598840627819
ICForagerLifespan= 4.14543367549777
ImmType= Exponential
AIAdultSlopeContact= 1.34751817998011
AIAdultLD50Contact= 0.0172965483507141
AILarvaSlope= 1.27750130128115
AILarvaLD50= 0.702745542023331
AIKOW= 3.11111582024023
AIKOC= 23.3789675415028
AIHalfLife= 4.07577191106975
