ICQueenStrength= 4.23083624243736
RQWkrDrnRatio= 4.8113523805514
ICDroneMiteSurvivorship= 79.4762116856873
ICWorkerMiteSurvivorship= 5.69909990299493
ICForagerLifespan= 10.4834690578282
ImmType= Tangent
AIAdultSlope= 9.99343278352171
AIAdultLD50= 0.130743925226852
AIAdultSlopeContact= 3.98454811191186
AIAdultLD50Contact= 0.155983086908236
AILarvaSlope= 3.64554638043046
AILarvaLD50= 1.54862934630364
AIKOW= 50.3764379769564
AIKOC= 50.0755334738642
AIHalfLife= 8.40595153626055
EAppRate= 1.03880378417671
