ICQueenStrength= 4.07738278177567
RQWkrDrnRatio= 1.92959856335074
ICDroneMiteSurvivorship= 5.48471708316356
ICWorkerMiteSurvivorship= 44.7649891488254
ICForagerLifespan= 6.91953640896827
ImmType= Exponential
AIAdultSlope= 0.193635678165592
AIAdultLD50= 0.334082703455351
AIAdultSlopeContact= 1.61067394910613
AIAdultLD50Contact= 0.0377829633653164
AILarvaSlope= 0.594010311597958
AILarvaLD50= 0.762376261758618
AIKOW= 6.15307617653161
AIKOC= 17.3271577060223
AIHalfLife= 4.18415372027084
EAppRate= 0.402797136991285
