ICQueenStrength= 3.02707589487545
RQWkrDrnRatio= 4.24582140892744
ICDroneMiteSurvivorship= 88.6406502686441
ICWorkerMiteSurvivorship= 4.33657933026552
ICForagerLifespan= 15.6052856435999
ImmType= Polynomial
AIAdultSlope= 1.64111734312028
AIAdultLD50= 2.29581411858089
AIAdultSlopeContact= 1.10758676393889
AIAdultLD50Contact= 0.0362815248197876
AILarvaSlope= 1.37668119561858
AILarvaLD50= 0.636483710305765
AIKOW= 4.85274986270815
AIKOC= 20.659529651748
AIHalfLife= 8.150966538582
EAppRate= 0.688668915303424
