ICQueenStrength= 2.38836276368238
RQWkrDrnRatio= 2.30778275709599
ICDroneMiteSurvivorship= 24.7166706714779
ICWorkerMiteSurvivorship= 75.0398235395551
ICForagerLifespan= 6.38017219398171
ImmType= Tangent
AIAdultSlope= 9.40471023553982
