ICQueenStrength= 2.98627493693493
RQWkrDrnRatio= 4.93744904641062
ICDroneMiteSurvivorship= 79.2684219777584
ICWorkerMiteSurvivorship= 1.96687746793032
ICForagerLifespan= 10.4236203469336
ImmType= Tangent
AIAdultSlope= 1.02230083865812
AIAdultLD50= 0.1860996496398
AIAdultSlopeContact= 0.303411836097948
AIAdultLD50Contact= 0.0413523819413967
AILarvaSlope= 1.57830863478594
AILarvaLD50= 0.197767122625373
AIKOW= 2.85867326334119
AIKOC= 22.9137001105119
AIHalfLife= 2.43496734299697
EAppRate= 0.428622911334969
