ICQueenStrength= 4.2855601911433
RQWkrDrnRatio= 1.80556950159371
ICDroneMiteSurvivorship= 93.9953203080222
ICWorkerMiteSurvivorship= 86.9899601442739
ICForagerLifespan= 10.0152120143175
ImmType= Exponential
AIAdultSlope= 6.33916449965909
