ICQueenStrength= 3.10797104402445
RQWkrDrnRatio= 1.455322900787
ICDroneMiteSurvivorship= 35.7684489572421
ICWorkerMiteSurvivorship= 61.8033914128318
ICForagerLifespan= 13.9695539791137
ImmType= Polynomial
AIAdultSlope= 3.34688385035843
AIAdultLD50= 0.442831700434908
AIAdultSlopeContact= 3.92360946480883
AIAdultLD50Contact= 0.0383076034020633
AILarvaSlope= 2.15690570757724
AILarvaLD50= 0.769475930300541
AIKOW= 2.5134001984261
AIKOC= 15.1072536956053
AIHalfLife= 2.65663357498124
EAppRate= 0.033236141782254
