ICQueenStrength= 4.35632323287427
RQWkrDrnRatio= 4.71133565250784
ICDroneMiteSurvivorship= 16.1055185133591
ICWorkerMiteSurvivorship= 82.6635821023956
ICForagerLifespan= 6.0163359194994
ImmType= Cosine
AIAdultSlope= 3.20155734449392
AIAdultLD50= 0.0181746163871139
AIAdultSlopeContact= 0.243280067809392
AIAdultLD50Contact= 0.0275153599563055
AILarvaSlope= 0.0696399920620024
AILarvaLD50= 0.345693957014009
AIKOW= 3.31115183094516
AIKOC= 7.71490536397323
AIHalfLife= 1.77574460860342
EAppRate= 0.00766888174694031
