ICQueenStrength= 2.79877566057257
RQWkrDrnRatio= 3.61804615613073
ICDroneMiteSurvivorship= 3.8755378453061
ICWorkerMiteSurvivorship= 39.6154516609386
ICForagerLifespan= 11.7418154394254
ImmType= Polynomial
AIAdultSlope= 0.930427440223284
AIAdultLD50= 0.103314497740939
AIAdultSlopeContact= 3.01243096802384
AIAdultLD50Contact= 0.0402285867603496
AILarvaSlope= 1.41269702073187
AILarvaLD50= 0.595061085792258
AIKOW= 6.44211955415085
AIKOC= 23.0883172142785
AIHalfLife= 3.04630046128295
EAppRate= 0.558353094640188
