ICQueenStrength= 1.25572413112968
RQWkrDrnRatio= 1.22044024802744
ICDroneMiteSurvivorship= 64.9792901240289
ICWorkerMiteSurvivorship= 17.3052111407742
ICForagerLifespan= 14.5464713973925
ImmType= Polynomial
AIAdultSlope= 3.76175891247578
AIAdultLD50= 0.321675994549878
AIAdultSlopeContact= 2.94196130314143
AIAdultLD50Contact= 0.0230942347669043
AILarvaSlope= 1.10689023453742
AILarvaLD50= 0.891992171737365
AIKOW= 2.84368568425998
AIKOC= 10.8907246391755
AIHalfLife= 2.34994314610958
EAppRate= 0
