ICQueenStrength= 3.54089856054634
RQWkrDrnRatio= 1.84218112099916
ICDroneMiteSurvivorship= 60.8844951260835
ICWorkerMiteSurvivorship= 82.699627475813
ICForagerLifespan= 7.59663147013634
ImmType= Logarithmic
AIAdultSlope= 0.872425076179206
AIAdultLD50= 0.887442312436178
AIAdultSlopeContact= 3.21667347761337
AIAdultLD50Contact= 0.0380332091706805
AILarvaSlope= 0.462550107575953
AILarvaLD50= 0.319564480287954
AIKOW= 6.36496356269345
AIKOC= 28.6315394809935
AIHalfLife= 8.01641891663894
EAppRate= 0.131320643005893
