ICQueenStrength= 3.12985582766123
RQWkrDrnRatio= 4.54485309682786
ICDroneMiteSurvivorship= 70.4341009026393
ICWorkerMiteSurvivorship= 9.69120629597455
ICForagerLifespan= 14.838117390871
ImmType= Tangent
AIAdultSlope= 2.95352417038986
AIAdultLD50= 0.0593449423322454
AIAdultSlopeContact= 0.968156780696008
AIAdultLD50Contact= 0.000504431594163179
AILarvaSlope= 2.20664539877325
AILarvaLD50= 0.764167689043097
AIKOW= 3.67885443009436
AIKOC= 10.9088105859701
AIHalfLife= 3.41289609088562
EAppRate= 0.65736715097446
