ICQueenStrength= 1.94370088307187
RQWkrDrnRatio= 3.97412206884474
ICDroneMiteSurvivorship= 97.3883847473189
ICWorkerMiteSurvivorship= 1.247727451846
ICForagerLifespan= 10.9355674739927
ImmType= Sine
AIAdultSlope= 0.1427250565961
AIAdultLD50= 1.88278240151703
AIAdultSlopeContact= 0.296639992841519
AIAdultLD50Contact= 0.0304239521385171
AILarvaSlope= 3.0373370918911
AILarvaLD50= 0.359710607375018
AIKOW= 6.33789425389841
AIKOC= 14.758515417343
AIHalfLife= 9.107197442092
EAppRate= 0.39434923324734
