ICQueenStrength= 3.11314029991627
RQWkrDrnRatio= 4.5121295042336
ICDroneMiteSurvivorship= 82.0054742740467
ICWorkerMiteSurvivorship= 51.086022076197
ICForagerLifespan= 6.50151453074068
ImmType= Logarithmic
AIAdultSlope= 3.20667889295146
AIAdultSlopeContact= 0.231727414063644
AIAdultLD50Contact= 0.0322051181225106
AILarvaSlope= 3.10699758147821
AILarvaLD50= 0.0965947369113564
AIKOW= 3.37680516345426
AIKOC= 19.231896441197
AIHalfLife= 0.98763144435361
