ICQueenStrength= 3.89365121279843
RQWkrDrnRatio= 4.13201391883194
ICDroneMiteSurvivorship= 29.3725283583626
ICWorkerMiteSurvivorship= 83.601336274296
ICForagerLifespan= 6.86855659540743
ImmType= Exponential
AIAdultSlope= 3.42021997112548
AIAdultLD50= 0.128951114951633
AIAdultSlopeContact= 1.37172801437555
AIAdultLD50Contact= 0.0336397556122392
AILarvaSlope= 1.94148164177313
AILarvaLD50= 0.304713352164254
AIKOW= 4.75881174905226
AIKOC= 13.3548074995633
AIHalfLife= 0.8492549310904
EAppRate= 0.166498501598835
