ICQueenStrength= 5.02425084379502
RQWkrDrnRatio= 2.75858250632882
ICDroneMiteSurvivorship= 94.8448194656521
ICWorkerMiteSurvivorship= 47.8267756290734
ICForagerLifespan= 8.44599877297878
ImmType= Tangent
AIAdultSlope= 2.36493963464163
AIAdultLD50= 2.83227872452699
AIAdultSlopeContact= 3.09836500236299
AIAdultLD50Contact= 0.00108212057966739
AILarvaSlope= 3.13726616431959
AILarvaLD50= 0.773327913321555
AIKOW= 2.43816022202373
AIKOC= 18.8433862535749
AIHalfLife= 12.1823727083392
EAppRate= 0.285979279084131
