ICQueenStrength= 1.9206706227269
RQWkrDrnRatio= 2.53364912979305
ICDroneMiteSurvivorship= 13.5731992311776
ICWorkerMiteSurvivorship= 74.2803246015683
ICForagerLifespan= 15.3676095120609
ImmType= Tangent
AIAdultSlope= 0.573169626351446
AIAdultLD50= 0.0444153699791059
AIAdultSlopeContact= 3.85647985137999
AIAdultLD50Contact= 0.0440904902876355
AILarvaSlope= 0.772003448847681
AILarvaLD50= 0.0557256727712229
AIKOW= 4.70515987137333
AIKOC= 17.7916129189543
AIHalfLife= 1.69661187450401
EAppRate= 0.659158882824704
