ICQueenStrength= 4.43950782902539
RQWkrDrnRatio= 1.44254834856838
ICDroneMiteSurvivorship= 2.13664546608925
ICWorkerMiteSurvivorship= 27.9758723452687
ICForagerLifespan= 14.044196584262
ImmType= Exponential
AIAdultSlopeContact= 2.76609297458315
AIAdultLD50Contact= 0.0289013204514049
AILarvaSlope= 0.748134281532839
AILarvaLD50= 0.666115211346187
AIKOW= 2.03018195927143
AIKOC= 11.8491075886413
AIHalfLife= 11.6711702081375
