ICQueenStrength= 2.85110374353826
RQWkrDrnRatio= 4.56795672979206
ICDroneMiteSurvivorship= 17.474705609493
ICWorkerMiteSurvivorship= 70.2100325375795
ICForagerLifespan= 4.30138171650469
ImmType= Cosine
AIAdultSlope= 1.56101068891352
AIAdultLD50= 0.216596726560965
AIAdultSlopeContact= 1.06349408646114
AIAdultLD50Contact= 0.0129557082662359
AILarvaSlope= 0.28103402974084
AILarvaLD50= 0.0433330723084509
AIKOW= 2.34525554394349
AIKOC= 11.0015686613042
AIHalfLife= 1.11504511442035
EAppRate= 0
