ICQueenStrength= 2.9659872027114
RQWkrDrnRatio= 4.07709582149982
ICDroneMiteSurvivorship= 90.6035576015711
ICWorkerMiteSurvivorship= 25.7750773103908
ICForagerLifespan= 6.3084742994979
ImmType= Tangent
AIAdultSlope= 1.01749751399271
AIAdultLD50= 0.0168239601189271
AIAdultSlopeContact= 0.822484625237994
AIAdultLD50Contact= 0.00586324739269912
AILarvaSlope= 0.58060230910778
AILarvaLD50= 0.883281417586841
AIKOW= 2.20420682616532
AIKOC= 8.87500344659202
AIHalfLife= 2.47857637703419
EAppRate= 0
