ICQueenStrength= 2.65170574327931
RQWkrDrnRatio= 4.8882866371423
ICDroneMiteSurvivorship= 44.8442882625386
ICWorkerMiteSurvivorship= 55.1569932606071
ICForagerLifespan= 7.79912933241576
ImmType= Polynomial
AIAdultSlope= 3.42166713899234
AIAdultLD50= 0.257878438103944
AIAdultSlopeContact= 0.682250745452475
AIAdultLD50Contact= 0.0296066966257058
AILarvaSlope= 1.67209688681178
AILarvaLD50= 0.201851382851601
AIKOW= 7.96998314745724
AIKOC= 25.9836227819324
AIHalfLife= 2.9814025759697
EAppRate= 0.493010359932668
