ICQueenStrength= 3.32731166644953
RQWkrDrnRatio= 3.0851134005934
ICDroneMiteSurvivorship= 76.0597282787785
ICWorkerMiteSurvivorship= 31.1711536021903
ICForagerLifespan= 14.5323269302025
ImmType= Sine
AIAdultSlope= 3.24448085180484
AIAdultLD50= 0.356272824341431
AIAdultSlopeContact= 3.31493264213204
AIAdultLD50Contact= 0.0245696484693326
AILarvaSlope= 2.50395203554071
AILarvaLD50= 0.0645750221097842
AIKOW= 3.51981326704845
AIKOC= 10.793357535731
AIHalfLife= 8.2475471785292
EAppRate= 0.318161643808708
