ICQueenStrength= 3.85955533734523
RQWkrDrnRatio= 3.43643680866808
ICDroneMiteSurvivorship= 50.6217982852831
ICWorkerMiteSurvivorship= 9.01155506726354
ICForagerLifespan= 5.08992195595056
ImmType= Sine
AIAdultLD50= 0.154012839635834
AIAdultSlopeContact= 2.73711351129692
AIAdultLD50Contact= 0.0150770430685952
AILarvaSlope= 1.93778918357566
AILarvaLD50= 0.793032078724355
AIKOW= 2.19066888606176
AIKOC= 18.2540299848188
AIHalfLife= 3.3464489756152
EAppRate= 0.151996111031622
