ICQueenStrength= 4.83618542691693
RQWkrDrnRatio= 2.27868273574859
ICDroneMiteSurvivorship= 79.9824425252154
ICWorkerMiteSurvivorship= 60.8351542847231
ICForagerLifespan= 11.7066265949979
ImmType= Cosine
AIAdultSlopeContact= 3.16649639826268
AIAdultLD50Contact= 0.000929102988447994
AILarvaSlope= 0.262326121516526
AILarvaLD50= 0.772449361206964
AIKOW= 4.95774721587077
AIKOC= 20.3020162892062
AIHalfLife= 2.07883681822568
