ICQueenStrength= 2.57558677950874
RQWkrDrnRatio= 1.07281505968422
ICDroneMiteSurvivorship= 83.8789406465366
ICWorkerMiteSurvivorship= 70.1215693494305
ICForagerLifespan= 5.65473470743746
ImmType= Sine
AIAdultSlope= 1.25095692564268
AIAdultLD50= 0.489553442108445
AIAdultSlopeContact= 3.10812545998022
AIAdultLD50Contact= 0.0121346327359788
AILarvaSlope= 2.01536815217696
AILarvaLD50= 0.649843967962079
AIKOW= 3.93703403510153
AIKOC= 24.5445095887408
AIHalfLife= 4.95312888291664
EAppRate= 0
