ICQueenStrength= 3.38877358846366
RQWkrDrnRatio= 2.96557501144707
ICDroneMiteSurvivorship= 73.9785907324404
ICWorkerMiteSurvivorship= 70.7700345199555
ICForagerLifespan= 12.8915033740923
ImmType= Tangent
AIAdultSlope= 3.76056322260294
AIAdultLD50= 0.114590428653173
AIAdultSlopeContact= 2.33775706771994
AIAdultLD50Contact= 0.025506463914644
AILarvaSlope= 1.96327032810077
AILarvaLD50= 0.662748877471313
AIKOW= 6.18245551548898
AIKOC= 21.6227581270505
AIHalfLife= 2.72661383496597
EAppRate= 0.341078121424653
