ICQueenStrength= 1.45711173675954
RQWkrDrnRatio= 2.08083205670118
ICDroneMiteSurvivorship= 74.6280388906598
ICWorkerMiteSurvivorship= 22.942227916792
ICForagerLifespan= 7.16341773606837
ImmType= Cosine
AIAdultSlopeContact= 2.01080911598867
AIAdultLD50Contact= 0.0377603384666145
AILarvaSlope= 3.33538447199389
AILarvaLD50= 0.270763270184398
AIKOW= 3.79588421760127
AIKOC= 14.9355494137853
AIHalfLife= 7.76719172112644
