ICQueenStrength= 1.40434543625452
RQWkrDrnRatio= 2.24149590823799
ICDroneMiteSurvivorship= 45.9591830614954
ICWorkerMiteSurvivorship= 20.1958652818576
ICForagerLifespan= 6.59351634792984
ImmType= Logarithmic
AIAdultSlope= 0.130865240655839
AIAdultLD50= 0.970288603333756
AIAdultSlopeContact= 2.42496282222681
AIAdultLD50Contact= 0.0295263118576258
AILarvaSlope= 0.615334326401353
AILarvaLD50= 0.24355683058966
AIKOW= 5.86475474759936
AIKOC= 7.5677630037535
AIHalfLife= 0.261295724194497
EAppRate= 0.466153447050601
