ICQueenStrength= 4.6784074746538
RQWkrDrnRatio= 1.18321243766695
ICDroneMiteSurvivorship= 3.10971599537879
ICWorkerMiteSurvivorship= 33.2814772846177
ICForagerLifespan= 12.0871493108571
ImmType= Logarithmic
AIAdultSlope= 2.24997374624945
AIAdultLD50= 0.377002312336117
AIAdultSlopeContact= 0.522031472136732
AIAdultLD50Contact= 0.0287236854434013
AILarvaSlope= 1.59002673258074
AILarvaLD50= 0.591834815824404
AIKOW= 2.98613565508276
AIKOC= 21.1792020313442
AIHalfLife= 8.18133756797761
EAppRate= 0.661595904035494
