ICQueenStrength= 4.87311219004914
RQWkrDrnRatio= 1.79129360150546
ICDroneMiteSurvivorship= 87.7092516981065
ICWorkerMiteSurvivorship= 84.5672816038132
ICForagerLifespan= 11.3957420829684
ImmType= Tangent
AIAdultSlope= 0.701115479459986
AIAdultLD50= 0.441980733303353
AIAdultSlopeContact= 1.90115036392584
AIAdultLD50Contact= 0.0209424868109636
AILarvaSlope= 2.94554482921958
AILarvaLD50= 0.474078204366378
AIKOW= 2.21076619625092
AIKOC= 14.0419580927119
AIHalfLife= 2.59452689532191
EAppRate= 0.405585445929319
