ICQueenStrength= 5.73635816248134
RQWkrDrnRatio= 4.96847323421389
ICDroneMiteSurvivorship= 1.88687497284263
ICWorkerMiteSurvivorship= 0.554500194266438
ICForagerLifespan= 15.3512626439333
ImmType= Sine
AIAdultSlopeContact= 1.14216455897084
AIAdultLD50Contact= 0.0143712392891757
AILarvaSlope= 2.85398495257832
AILarvaLD50= 0.795059658377431
AIKOW= 4.71740869991481
AIKOC= 16.5748432348482
AIHalfLife= 10.050047588069
