ICQueenStrength= 2.58646240481175
RQWkrDrnRatio= 2.95082785468549
ICDroneMiteSurvivorship= 59.607790899463
ICWorkerMiteSurvivorship= 91.9413552852347
ICForagerLifespan= 4.78193039353937
ImmType= Sine
AIAdultSlope= 2.60256750895642
AIAdultLD50= 0.910187596455216
AIAdultSlopeContact= 0.256996056167409
AIAdultLD50Contact= 0.0260310500627384
AILarvaSlope= 1.58863091627136
AILarvaLD50= 0.892011232185178
AIKOW= 7.46383665222675
AIKOC= 22.885656299768
AIHalfLife= 9.31922350870445
EAppRate= 0.890588295878842
