ICQueenStrength= 3.10122954752296
RQWkrDrnRatio= 3.64846628997475
