ICQueenStrength= 4.25575830647722
RQWkrDrnRatio= 4.27182949800044
ICDroneMiteSurvivorship= 50.9455133695155
ICWorkerMiteSurvivorship= 92.2117764828727
ICForagerLifespan= 11.3394784349948
ImmType= Tangent
AIAdultSlope= 5.04151470260695
