ICQueenStrength= 2.93698357441463
RQWkrDrnRatio= 3.05942636542022
ICDroneMiteSurvivorship= 37.4222693499178
ICWorkerMiteSurvivorship= 37.250935821794
ICForagerLifespan= 13.7532844208181
ImmType= Sine
AIAdultSlope= 1.59905943696387
AIAdultLD50= 0.215651061967947
AIAdultSlopeContact= 1.68538983609527
AIAdultLD50Contact= 0.0207408307236619
AILarvaSlope= 0.924128191685304
AILarvaLD50= 0.748168940492906
AIKOW= 3.45373909035698
AIKOC= 28.8974448118825
AIHalfLife= 0.467758654849604
EAppRate= 0.490390046522953
