ICQueenStrength= 3.60833447799087
RQWkrDrnRatio= 3.92233258206397
ICDroneMiteSurvivorship= 47.2727296641096
ICWorkerMiteSurvivorship= 43.2212926680222
ICForagerLifespan= 12.9492218662053
ImmType= Sine
AIAdultSlopeContact= 0.0665051476866938
AIAdultLD50Contact= 0.0201238168519922
AILarvaSlope= 2.05775891183875
AILarvaLD50= 0.605099096708
AIKOW= 4.22778575913981
AIKOC= 7.42777482490055
AIHalfLife= 8.42954266769812
