ICQueenStrength= 1.07394446176477
RQWkrDrnRatio= 4.48586413264275
ICDroneMiteSurvivorship= 85.1131769828498
ICWorkerMiteSurvivorship= 38.7844258686528
ICForagerLifespan= 12.5200190292671
ImmType= Tangent
AIAdultSlopeContact= 0.556981942893472
AIAdultLD50Contact= 0.0263862260617316
AILarvaSlope= 1.14982022722252
AILarvaLD50= 0.125318619073369
AIKOW= 4.25343278329819
AIKOC= 22.2755741514266
AIHalfLife= 13.2632309668697
