ICQueenStrength= 3.12181816459633
RQWkrDrnRatio= 2.6378096845001
ICDroneMiteSurvivorship= 2.8794628335163
ICWorkerMiteSurvivorship= 42.8815314779058
ICForagerLifespan= 4.97016410622746
ImmType= Exponential
AIAdultSlopeContact= 3.39654268277809
AIAdultLD50Contact= 0.0448329902486876
AILarvaSlope= 1.64554910706356
AILarvaLD50= 0.280351901287213
AIKOW= 5.42077883007005
AIKOC= 27.6840127317701
AIHalfLife= 7.74228532612324
