ICQueenStrength= 2.52142539527267
RQWkrDrnRatio= 1.15456703398377
