ICQueenStrength= 4.80914633255452
RQWkrDrnRatio= 1.14982776064426
