ICQueenStrength= 1.96806646557525
RQWkrDrnRatio= 2.51081201341003
ICDroneMiteSurvivorship= 81.2653172528371
ICWorkerMiteSurvivorship= 91.231877473183
ICForagerLifespan= 14.1353842420503
ImmType= Polynomial
AIAdultSlope= 3.27036080204649
AIAdultLD50= 0.261972086154856
AIAdultSlopeContact= 2.30067966293776
AIAdultLD50Contact= 0.00347605103161186
AILarvaSlope= 2.31261188490316
AILarvaLD50= 0.897983287693933
AIKOW= 3.61851503001526
AIKOC= 23.540524924174
AIHalfLife= 4.42578883725218
EAppRate= 0.681546713737771
