ICQueenStrength= 4.27849161811173
RQWkrDrnRatio= 4.47236572578549
ICDroneMiteSurvivorship= 8.24655508622527
ICWorkerMiteSurvivorship= 56.1609997879714
ICForagerLifespan= 6.93100100848824
ImmType= Polynomial
AIAdultSlope= 0.293307040147483
AIAdultLD50= 0.116902877227403
AIAdultSlopeContact= 0.481272516888566
AIAdultLD50Contact= 0.00926605695858598
AILarvaSlope= 2.73173871105537
AILarvaLD50= 0.289871053327806
AIKOW= 6.24784835241735
AIKOC= 14.7636706836056
AIHalfLife= 0.670275080483407
EAppRate= 0
