ICQueenStrength= 1.45087479869835
RQWkrDrnRatio= 2.99651076085865
ICDroneMiteSurvivorship= 29.0709836874157
ICWorkerMiteSurvivorship= 29.9126592231914
ICForagerLifespan= 7.84870748501271
ImmType= Polynomial
AIAdultSlope= 0.752056971872225
AIAdultLD50= 0.166537279146723
AIAdultSlopeContact= 3.73089548068587
AIAdultLD50Contact= 0.0350390158360824
AILarvaSlope= 0.842027882114053
AILarvaLD50= 0.570092937885784
AIKOW= 6.57751879794523
AIKOC= 14.9412118899636
AIHalfLife= 4.27317027002573
EAppRate= 0
