ICQueenStrength= 4.25283335405402
RQWkrDrnRatio= 2.32514665089548
ICDroneMiteSurvivorship= 0.2748858416453
ICWorkerMiteSurvivorship= 40.1431529084221
ICForagerLifespan= 5.39491256512702
ImmType= Sine
AIAdultSlope= 0.912936140829697
AIAdultLD50= 1.85953319608234
AIAdultSlopeContact= 0.707159649361856
AIAdultLD50Contact= 0.0141370824887417
AILarvaSlope= 0.555937824677676
AILarvaLD50= 0.319447429315187
AIKOW= 7.01823743665591
AIKOC= 12.0098323572893
AIHalfLife= 2.87595963617787
EAppRate= 0.597417732002214
