ICQueenStrength= 4.2051874732133
RQWkrDrnRatio= 1.97554334066808
ICDroneMiteSurvivorship= 69.7711940389127
ICWorkerMiteSurvivorship= 55.2895830478519
ICForagerLifespan= 11.524000951089
ImmType= Logarithmic
AIAdultSlopeContact= 1.18602485043928
AIAdultLD50Contact= 0.0118782838340849
AILarvaSlope= 0.714468908961862
AILarvaLD50= 0.521908077830449
AIKOW= 5.7682623132132
AIKOC= 6.40930416528136
AIHalfLife= 2.17415095539764
