ICQueenStrength= 1.31012190855108
RQWkrDrnRatio= 2.11379637569189
ICDroneMiteSurvivorship= 67.356572416611
ICWorkerMiteSurvivorship= 25.2828906988725
ICForagerLifespan= 4.19058238342404
ImmType= Logarithmic
AIAdultSlope= 9.75320798577741
