ICQueenStrength= 4.03954810835421
RQWkrDrnRatio= 4.53564220108092
ICDroneMiteSurvivorship= 3.90476007014513
ICWorkerMiteSurvivorship= 18.4790004277602
ICForagerLifespan= 6.49201563838869
ImmType= Logarithmic
AIAdultSlope= 0.44800639199093
AIAdultLD50= 0.322406276478432
AIAdultSlopeContact= 1.2448520903592
AIAdultLD50Contact= 0.0377796610235237
AILarvaSlope= 3.26638311166316
AILarvaLD50= 0.49457833583001
AIKOW= 7.17983055114746
AIKOC= 25.4111927072518
AIHalfLife= 0.86786114028655
EAppRate= 0
