ICQueenStrength= 4.34421069244854
RQWkrDrnRatio= 3.92004919797182
ICDroneMiteSurvivorship= 87.6372966915369
ICWorkerMiteSurvivorship= 6.25444175675511
ICForagerLifespan= 10.576474792324
ImmType= Polynomial
AIAdultSlope= 2.84393694304163
AIAdultLD50= 0.0620213258080184
AIAdultSlopeContact= 2.28522738918895
AIAdultLD50Contact= 0.0311571116209961
AILarvaSlope= 2.43618570393883
AILarvaLD50= 0.577955677499995
AIKOW= 3.14568715170026
AIKOC= 7.08478054846637
AIHalfLife= 0.466664388077334
EAppRate= 0.0461570161627606
