ICQueenStrength= 1.40559850167483
RQWkrDrnRatio= 1.79998566489667
ICDroneMiteSurvivorship= 91.1601186729968
ICWorkerMiteSurvivorship= 60.2717879693955
ICForagerLifespan= 6.94880239106715
ImmType= Sine
AIAdultSlope= 4.95101305656135
