ICQueenStrength= 1.29055976541713
RQWkrDrnRatio= 4.22633799538016
ICDroneMiteSurvivorship= 66.2953634047881
ICWorkerMiteSurvivorship= 89.8191761923954
ICForagerLifespan= 5.83000307995826
ImmType= Sine
AIAdultSlope= 3.36303283563349
AIAdultLD50= 0.498382638790645
AIAdultSlopeContact= 2.02966016928898
AIAdultLD50Contact= 0.0494573844596744
AILarvaSlope= 1.41122142295353
AILarvaLD50= 0.820277881831862
AIKOW= 5.71206418797374
AIKOC= 28.1532054312993
AIHalfLife= 2.18170377542265
EAppRate= 0
