ICQueenStrength= 3.08039438002743
RQWkrDrnRatio= 2.9961661901325
ICDroneMiteSurvivorship= 31.0197678627446
ICWorkerMiteSurvivorship= 76.4825433725491
ICForagerLifespan= 5.06265922635794
ImmType= Exponential
AIAdultSlope= 3.16207132274285
AIAdultLD50= 0.817662529880181
AIAdultSlopeContact= 0.742249848924112
AIAdultLD50Contact= 0.0183178346836939
AILarvaSlope= 3.18583263442852
AILarvaLD50= 0.391609693388455
AIKOW= 6.47017306601629
AIKOC= 29.2216344282497
AIHalfLife= 13.6142418514937
EAppRate= 0.12541229580529
