ICQueenStrength= 4.8556019240059
RQWkrDrnRatio= 1.13458794634789
ICDroneMiteSurvivorship= 58.1832870142534
ICWorkerMiteSurvivorship= 84.3458249000832
ICForagerLifespan= 13.8575524827465
ImmType= Logarithmic
AIAdultSlopeContact= 2.43221945091616
AIAdultLD50Contact= 0.00411549875279889
AILarvaSlope= 2.89644762733951
AILarvaLD50= 0.215172347193584
AIKOW= 7.09628960583359
AIKOC= 21.6670870559756
AIHalfLife= 2.02921726554632
