ICQueenStrength= 4.05278536397964
RQWkrDrnRatio= 3.42504044529051
ICDroneMiteSurvivorship= 5.21990230772644
ICWorkerMiteSurvivorship= 56.2869144137949
ICForagerLifespan= 9.31329339649528
ImmType= Logarithmic
AIAdultSlopeContact= 1.4627259853296
AIAdultLD50Contact= 0.0606683509424329
AILarvaSlope= 0.0941116409376264
AILarvaLD50= 0.291639668401331
AIKOW= 94.2078341497108
AIKOC= 60.9186601825058
AIHalfLife= 5.41645016847178
