ICQueenStrength= 5.44048293982632
RQWkrDrnRatio= 2.8022559247911
ICDroneMiteSurvivorship= 29.5413500163704
ICWorkerMiteSurvivorship= 32.9104541335255
ICForagerLifespan= 7.1412679227069
ImmType= Logarithmic
AIAdultSlopeContact= 1.89302221381338
AIAdultLD50Contact= 0.00701043609296903
AILarvaSlope= 2.30646206610836
AILarvaLD50= 0.704412349686027
AIKOW= 6.63255256228149
AIKOC= 10.4426656162832
AIHalfLife= 5.97068066475913
