ICQueenStrength= 5.7168487100862
RQWkrDrnRatio= 2.73710670787841
ICDroneMiteSurvivorship= 70.6284302053973
ICWorkerMiteSurvivorship= 83.6616148473695
ICForagerLifespan= 14.1311150398105
ImmType= Sine
AIAdultSlopeContact= 4.29938988294452
AIAdultLD50Contact= 0.0265259002801031
AILarvaSlope= 8.23202633997425
AILarvaLD50= 0.590340428985655
AIKOW= 45.4822021303698
AIKOC= 37.2167174471542
AIHalfLife= 9.85766344284639
