ICQueenStrength= 3.67045260057785
RQWkrDrnRatio= 2.12761457078159
ICDroneMiteSurvivorship= 94.1682189004496
ICWorkerMiteSurvivorship= 81.1645465670153
ICForagerLifespan= 12.4680130248889
ImmType= Logarithmic
AIAdultSlope= 6.36263842461631
