ICQueenStrength= 1.20534943090752
RQWkrDrnRatio= 2.97127431165427
ICDroneMiteSurvivorship= 87.1185527881607
ICWorkerMiteSurvivorship= 95.2788558090106
ICForagerLifespan= 6.52365425787866
ImmType= Polynomial
AIAdultSlope= 0.334677420090884
AIAdultLD50= 0.414369087433442
AIAdultSlopeContact= 0.349337892208714
AIAdultLD50Contact= 0.0244128343998455
AILarvaSlope= 0.168896911432967
AILarvaLD50= 0.260723319486715
AIKOW= 6.96666620997712
AIKOC= 14.7460915858392
AIHalfLife= 1.79437821917236
EAppRate= 0.809136760188267
