ICQueenStrength= 1.47503212001175
RQWkrDrnRatio= 2.19266257993877
ICDroneMiteSurvivorship= 62.9815028980374
ICWorkerMiteSurvivorship= 80.6857045274228
ICForagerLifespan= 14.0892405519262
ImmType= Logarithmic
AIAdultSlopeContact= 3.62095179184573
AIAdultLD50Contact= 0.0293448539450765
AILarvaSlope= 2.33545795395039
AILarvaLD50= 0.541559654753655
AIKOW= 6.33603024156764
AIKOC= 5.04930198192596
AIHalfLife= 6.44544671894982
