ICQueenStrength= 1.45544930268079
RQWkrDrnRatio= 1.17334101255983
ICDroneMiteSurvivorship= 27.1336883772165
ICWorkerMiteSurvivorship= 64.7447340888903
ICForagerLifespan= 5.23364610876888
ImmType= Logarithmic
AIAdultSlope= 2.00549630389083
AIAdultLD50= 0.479940604884177
AIAdultSlopeContact= 3.08515623583691
AIAdultLD50Contact= 0.0305711414315738
AILarvaSlope= 2.28415671358816
AILarvaLD50= 0.793993360223249
AIKOW= 4.03653758578002
AIKOC= 22.0068395498674
AIHalfLife= 0.335635497467592
EAppRate= 0
