ICQueenStrength= 2.31670407485217
RQWkrDrnRatio= 4.84470299910754
ICDroneMiteSurvivorship= 68.6674035619944
ICWorkerMiteSurvivorship= 64.2976046772674
ICForagerLifespan= 8.20901437755674
ImmType= Sine
AIAdultSlope= 3.0838313811156
AIAdultLD50= 0.282422062358819
AIAdultSlopeContact= 3.72156325999182
AIAdultLD50Contact= 0.0139496835996397
AILarvaSlope= 0.699933449970558
AILarvaLD50= 0.0888037973083556
AIKOW= 5.63714577769861
AIKOC= 22.4534425721504
AIHalfLife= 2.2657053230796
EAppRate= 0
