ICQueenStrength= 1.28216811013408
RQWkrDrnRatio= 2.38040673919022
ICDroneMiteSurvivorship= 53.1539912568405
ICWorkerMiteSurvivorship= 31.5515516558662
ICForagerLifespan= 8.9039993872866
ImmType= Cosine
AIAdultSlope= 0.578494178212713
AIAdultLD50= 0.347870580852032
AIAdultSlopeContact= 0.667140800643247
AIAdultLD50Contact= 0.0435730298049748
AILarvaSlope= 0.180546670686454
AILarvaLD50= 0.346880922513083
AIKOW= 6.77271214034408
AIKOC= 7.22320483298972
AIHalfLife= 4.67237842618488
EAppRate= 0
