ICQueenStrength= 2.45870790816844
RQWkrDrnRatio= 3.0484678754583
ICDroneMiteSurvivorship= 68.5249127447605
ICWorkerMiteSurvivorship= 6.28791702911258
ICForagerLifespan= 4.65493057388812
ImmType= Tangent
AIAdultSlope= 1.87982431594748
AIAdultLD50= 0.296317264786921
AIAdultSlopeContact= 3.46377870348282
AIAdultLD50Contact= 0.0448538123979233
AILarvaSlope= 0.703762388927862
AILarvaLD50= 0.872992804320529
AIKOW= 2.65979066677392
AIKOC= 26.7342440562788
AIHalfLife= 0.54221854894422
EAppRate= 0.1426004889654
