ICQueenStrength= 3.06380168558098
RQWkrDrnRatio= 4.19902675878257
ICDroneMiteSurvivorship= 85.4484259383753
ICWorkerMiteSurvivorship= 37.700513121672
ICForagerLifespan= 10.5059785945341
ImmType= Cosine
AIAdultSlope= 1.90877249422483
AIAdultLD50= 0.0337337774690241
AIAdultSlopeContact= 2.01999641419854
AIAdultLD50Contact= 0.0204063263605349
AILarvaSlope= 2.88888334552757
AILarvaLD50= 0.822457364830188
AIKOW= 6.04561869986355
AIKOC= 12.047153863823
AIHalfLife= 3.05959412222728
EAppRate= 0.58229954005219
