ICQueenStrength= 2.25661068479531
RQWkrDrnRatio= 4.52818614151329
ICDroneMiteSurvivorship= 54.6959948493168
ICWorkerMiteSurvivorship= 86.3128422060981
ICForagerLifespan= 4.62570443656296
ImmType= Exponential
AIAdultSlope= 0.65983081352897
AIAdultLD50= 0.162090988364071
AIAdultSlopeContact= 2.40040647082496
AIAdultLD50Contact= 0.00948626134777442
AILarvaSlope= 0.364184265723452
AILarvaLD50= 0.164243271318264
AIKOW= 2.97044601617381
AIKOC= 29.386727187084
AIHalfLife= 7.85512610711157
EAppRate= 0.29856537678279
