ICQueenStrength= 5.36898554093204
RQWkrDrnRatio= 2.55823726579547
ICDroneMiteSurvivorship= 39.2014728859067
ICWorkerMiteSurvivorship= 76.5042803017423
ICForagerLifespan= 15.1105326497927
ImmType= Cosine
AIAdultSlope= 2.736704054242
AIAdultLD50= 0.895976994652301
AIAdultSlopeContact= 2.37127244252712
AIAdultLD50Contact= 0.0117793574230745
AILarvaSlope= 2.57622179682367
AILarvaLD50= 0.774215030693449
AIKOW= 7.81740464968607
AIKOC= 10.2142452099361
AIHalfLife= 10.8679270781577
EAppRate= 0.808715276187286
