ICQueenStrength= 1.76715017203242
RQWkrDrnRatio= 3.63883521594107
ICDroneMiteSurvivorship= 14.052692335099
ICWorkerMiteSurvivorship= 80.087200156413
ICForagerLifespan= 10.8670926894993
ImmType= Sine
AIAdultSlope= 2.29592704037204
AIAdultLD50= 1.2229816080071
AIAdultSlopeContact= 3.035817966701
AIAdultLD50Contact= 0.0307378185796551
AILarvaSlope= 0.658653317671269
AILarvaLD50= 0.00504319395404309
AIKOW= 7.04341689450666
AIKOC= 25.4335339250974
AIHalfLife= 2.46296409284696
EAppRate= 0.0809306164737791
