ICQueenStrength= 1.47982398769818
RQWkrDrnRatio= 1.67146509420127
ICDroneMiteSurvivorship= 30.4764803033322
ICWorkerMiteSurvivorship= 92.0902705518529
ICForagerLifespan= 15.5776493186131
ImmType= Tangent
AIAdultSlopeContact= 1.06799432117958
AIAdultLD50Contact= 0.0207459340454079
AILarvaSlope= 0.341510808747262
AILarvaLD50= 0.0513691894942895
AIKOW= 4.15269043762237
AIKOC= 8.03090303204954
AIHalfLife= 1.43042703112587
