ICQueenStrength= 1.45298218843527
RQWkrDrnRatio= 2.50990576855838
ICDroneMiteSurvivorship= 43.0392489302903
ICWorkerMiteSurvivorship= 87.7467797836289
ICForagerLifespan= 9.89585458207875
ImmType= Tangent
AIAdultSlope= 1.89620333009865
AIAdultLD50= 0.442170341615565
AIAdultSlopeContact= 2.42158015991561
AIAdultLD50Contact= 0.0480991244781762
AILarvaSlope= 3.15398432910442
AILarvaLD50= 0.588632754050195
AIKOW= 4.78317622188479
AIKOC= 6.98858573567122
AIHalfLife= 4.47918263496831
EAppRate= 0.193668257328682
