ICQueenStrength= 2.56596648972481
RQWkrDrnRatio= 4.12821506988257
ICDroneMiteSurvivorship= 98.2793223811314
ICWorkerMiteSurvivorship= 3.28309149481356
ICForagerLifespan= 11.2347206547856
ImmType= Logarithmic
AIAdultSlope= 3.03673779226374
AIAdultLD50= 0.27911150152795
AIAdultSlopeContact= 2.57995618788991
AIAdultLD50Contact= 0.0171395089128055
AILarvaSlope= 1.29225554619916
AILarvaLD50= 0.753187321708538
AIKOW= 3.47708538826555
AIKOC= 18.8850056857336
AIHalfLife= 0.272258331533521
EAppRate= 0.474868396110833
