ICQueenStrength= 1.3352932468988
RQWkrDrnRatio= 2.36653988156468
ICDroneMiteSurvivorship= 44.0677591366693
ICWorkerMiteSurvivorship= 32.5735596008599
ICForagerLifespan= 5.03326057828963
ImmType= Exponential
AIAdultSlope= 0.0215331939538009
AIAdultLD50= 0.497879742993973
AIAdultSlopeContact= 3.20299243586836
AIAdultLD50Contact= 0.0179669205797836
AILarvaSlope= 1.16465632054023
AILarvaLD50= 0.317650382593274
AIKOW= 4.59194934833795
AIKOC= 14.3986039108131
AIHalfLife= 4.89978849422187
EAppRate= 0.549661148828454
