ICQueenStrength= 1.14130190713331
RQWkrDrnRatio= 4.49949159380049
ICDroneMiteSurvivorship= 53.4325174288824
ICWorkerMiteSurvivorship= 23.9915172103792
ICForagerLifespan= 5.23430699948221
ImmType= Exponential
AIAdultSlope= 9.75581454578787
