ICQueenStrength= 5.12069493089803
RQWkrDrnRatio= 4.16246662568301
ICDroneMiteSurvivorship= 83.9528186712414
ICWorkerMiteSurvivorship= 71.6966914245859
ICForagerLifespan= 4.57725320011377
ImmType= Polynomial
AIAdultSlope= 0.281535710487515
AIAdultLD50= 2.889466061024
AIAdultSlopeContact= 3.86630257091951
AIAdultLD50Contact= 0.00522184573346749
AILarvaSlope= 2.87889712196775
AILarvaLD50= 0.738244878617115
AIKOW= 5.85815560538322
AIKOC= 5.65768395434134
AIHalfLife= 2.49409635644406
EAppRate= 0.503472704673186
