ICQueenStrength= 5.24014697549865
RQWkrDrnRatio= 1.31916874647141
ICDroneMiteSurvivorship= 90.138204395771
ICWorkerMiteSurvivorship= 60.3992452379316
ICForagerLifespan= 14.8347659287974
ImmType= Logarithmic
AIAdultSlopeContact= 8.96404879633337
AIAdultLD50Contact= 0.169753028312698
AILarvaSlope= 3.92820991342887
AILarvaLD50= 0.105282497126609
AIKOW= 24.5017910376191
AIKOC= 56.6951577784494
AIHalfLife= 5.82191730197519
