ICQueenStrength= 3.81698255683295
RQWkrDrnRatio= 2.54433275386691
ICDroneMiteSurvivorship= 46.7319902498275
ICWorkerMiteSurvivorship= 8.27004634775221
ICForagerLifespan= 6.88087184913456
ImmType= Cosine
AIAdultSlope= 2.79586998512968
AIAdultLD50= 2.39644022402354
AIAdultSlopeContact= 3.64404439056292
AIAdultLD50Contact= 0.00286999142263085
AILarvaSlope= 3.13335279864259
AILarvaLD50= 0.548018254386261
AIKOW= 7.71199451154098
AIKOC= 17.8107223194093
AIHalfLife= 10.2177666909993
EAppRate= 0.6331032786984
