ICQueenStrength= 1.17984534613788
RQWkrDrnRatio= 1.18981955666095
ICDroneMiteSurvivorship= 61.1385072348639
ICWorkerMiteSurvivorship= 56.4777901861817
ICForagerLifespan= 11.826693309471
ImmType= Sine
AIAdultSlope= 2.20378843249055
AIAdultLD50= 0.489363761618733
AIAdultSlopeContact= 2.51905216185842
AIAdultLD50Contact= 0.0266127864830196
AILarvaSlope= 0.510375381540507
AILarvaLD50= 0.053932515042834
AIKOW= 4.79038424789906
AIKOC= 27.5697872636374
AIHalfLife= 2.79278855887242
EAppRate= 0.208997223246843
