ICQueenStrength= 3.76876704301685
RQWkrDrnRatio= 2.14651917573065
ICDroneMiteSurvivorship= 74.6438585221767
ICWorkerMiteSurvivorship= 80.3763038245961
ICForagerLifespan= 6.34574519470334
ImmType= Exponential
AIAdultSlope= 1.09863830998074
AIAdultLD50= 0.0135357883991674
AIAdultSlopeContact= 0.128150722326245
AIAdultLD50Contact= 0.037172029807698
AILarvaSlope= 1.49467561095953
AILarvaLD50= 0.447752897255123
AIKOW= 4.42878339346498
AIKOC= 27.2032389661763
AIHalfLife= 4.26732818246819
EAppRate= 0.563712532981299
