ICQueenStrength= 1.57455748785287
RQWkrDrnRatio= 4.92379506770521
ICDroneMiteSurvivorship= 1.90077505540103
ICWorkerMiteSurvivorship= 97.7968813851476
ICForagerLifespan= 4.74775212444365
ImmType= Tangent
AIAdultSlope= 6.10787826823071
