ICQueenStrength= 5.71407833625562
RQWkrDrnRatio= 1.40851456020027
ICDroneMiteSurvivorship= 80.5898810504004
ICWorkerMiteSurvivorship= 91.9301113346592
ICForagerLifespan= 12.2278773440048
ImmType= Polynomial
AIAdultSlope= 9.6857675909996
