ICQueenStrength= 4.02450021030381
RQWkrDrnRatio= 2.65444871876389
ICDroneMiteSurvivorship= 64.881332567893
ICWorkerMiteSurvivorship= 55.8812117436901
ICForagerLifespan= 14.3845970435068
ImmType= Logarithmic
AIAdultSlopeContact= 0.162002784032375
AIAdultLD50Contact= 0.0139252363471314
AILarvaSlope= 3.02449936359189
AILarvaLD50= 0.545172281214036
AIKOW= 3.84053809428588
AIKOC= 26.385230938904
AIHalfLife= 8.44373940164223
