ICQueenStrength= 2.48815583088435
RQWkrDrnRatio= 3.62335802335292
ICDroneMiteSurvivorship= 69.5783100323752
ICWorkerMiteSurvivorship= 9.36710457317531
ICForagerLifespan= 14.6545992670581
ImmType= Logarithmic
AIAdultSlopeContact= 3.2201209620852
AIAdultLD50Contact= 0.046683135337662
AILarvaSlope= 1.66346138943918
AILarvaLD50= 0.386330335750245
AIKOW= 5.91635468089953
AIKOC= 5.08897022344172
AIHalfLife= 1.27756673190743
