ICQueenStrength= 3.84849011711776
RQWkrDrnRatio= 1.09387900028378
