ICQueenStrength= 5.41459572175518
RQWkrDrnRatio= 2.97857966646552
ICDroneMiteSurvivorship= 33.2472208887339
ICWorkerMiteSurvivorship= 11.2345695961267
ICForagerLifespan= 6.8000403624028
ImmType= Logarithmic
AIAdultSlope= 2.15057119911304
AIAdultLD50= 0.290415999828838
AIAdultSlopeContact= 0.333158295736648
AIAdultLD50Contact= 0.0456189316697419
AILarvaSlope= 1.9579722082708
AILarvaLD50= 0.442203825898469
AIKOW= 2.89973306376487
AIKOC= 25.7996219687629
AIHalfLife= 3.26457503018901
EAppRate= 0
