ICQueenStrength= 1.41206061840057
RQWkrDrnRatio= 1.05145300924778
ICDroneMiteSurvivorship= 99.1319807479158
ICWorkerMiteSurvivorship= 1.05982271488756
ICForagerLifespan= 11.2518098661676
ImmType= Polynomial
AIAdultSlopeContact= 2.92445978551637
AIAdultLD50Contact= 0.0491492979344912
AILarvaSlope= 0.0551953759044409
AILarvaLD50= 0.333509524050169
AIKOW= 6.5605999417603
AIKOC= 5.67581229959615
AIHalfLife= 3.81808353681117
