ICQueenStrength= 1.30077773728408
RQWkrDrnRatio= 2.0376314856112
ICDroneMiteSurvivorship= 41.9665237423033
ICWorkerMiteSurvivorship= 81.1926810536534
ICForagerLifespan= 10.2064847033471
ImmType= Exponential
AIAdultSlope= 1.65408969186246
AIAdultLD50= 2.01116306846961
AIAdultSlopeContact= 0.184943881239742
AIAdultLD50Contact= 0.00845902762375772
AILarvaSlope= 1.60822730152868
AILarvaLD50= 0.498815389978699
AIKOW= 2.70288034342229
AIKOC= 15.2547488873824
AIHalfLife= 12.7911861911416
EAppRate= 0.762511307839304
