ICQueenStrength= 3.72813437273726
RQWkrDrnRatio= 3.16021583881229
ICDroneMiteSurvivorship= 39.4804849056527
ICWorkerMiteSurvivorship= 47.0158147858456
ICForagerLifespan= 4.71990317292511
ImmType= Sine
AIAdultSlope= 0.257884859666228
AIAdultLD50= 2.0976475069765
AIAdultSlopeContact= 3.9133711667941
AIAdultLD50Contact= 0.00446009085280821
AILarvaSlope= 1.99976482382044
AILarvaLD50= 0.73466711207293
AIKOW= 2.98879766371101
AIKOC= 8.22811613441445
AIHalfLife= 12.1589745762758
EAppRate= 0.178709316533059
