ICQueenStrength= 5.51920414110646
RQWkrDrnRatio= 1.94498454779387
ICDroneMiteSurvivorship= 42.8872949676588
ICWorkerMiteSurvivorship= 80.417846981436
ICForagerLifespan= 8.51624256931245
ImmType= Polynomial
AIAdultSlope= 2.20904556718189
AIAdultLD50= 0.32011208939366
AIAdultSlopeContact= 1.33439991028514
AIAdultLD50Contact= 0.0250121494755149
AILarvaSlope= 0.854922958044335
AILarvaLD50= 0.619426961895078
AIKOW= 7.71054236218333
AIKOC= 8.22643907275051
AIHalfLife= 4.31954506435432
EAppRate= 0.665280006499961
