ICQueenStrength= 5.16745807277039
RQWkrDrnRatio= 3.12451526708901
ICDroneMiteSurvivorship= 35.9457780839875
ICWorkerMiteSurvivorship= 45.4640357289463
ICForagerLifespan= 15.4447047263384
ImmType= Sine
AIAdultSlopeContact= 0.281596339722164
AIAdultLD50Contact= 0.0482167695299722
AILarvaSlope= 1.62288024071604
AILarvaLD50= 0.3352132397471
AIKOW= 4.35752797825262
AIKOC= 8.29441276262514
AIHalfLife= 8.04835688881576
