ICQueenStrength= 5.29343907628208
RQWkrDrnRatio= 4.57038222346455
ICDroneMiteSurvivorship= 22.8510142304003
ICWorkerMiteSurvivorship= 67.585282609798
ICForagerLifespan= 8.25200090650469
ImmType= Exponential
AIAdultSlopeContact= 1.90835873056669
AIAdultLD50Contact= 0.0475346960243769
AILarvaSlope= 0.846597426664084
AILarvaLD50= 0.824658203870058
AIKOW= 7.87382583133876
AIKOC= 15.4038060351741
AIHalfLife= 9.77928883163258
