ICQueenStrength= 5.37773005454801
RQWkrDrnRatio= 4.23726364225149
ICDroneMiteSurvivorship= 31.5443724859506
ICWorkerMiteSurvivorship= 75.2819804474711
ICForagerLifespan= 14.1171391410753
ImmType= Tangent
AIAdultSlope= 3.20112828630954
