ICQueenStrength= 5.51294451951981
RQWkrDrnRatio= 1.45510678179562
ICDroneMiteSurvivorship= 35.5774774681777
ICWorkerMiteSurvivorship= 28.1295758672059
ICForagerLifespan= 12.3964297305793
ImmType= Exponential
AIAdultSlope= 8.70762276696041
