ICQueenStrength= 4.61792681971565
RQWkrDrnRatio= 4.40780522115529
ICDroneMiteSurvivorship= 65.019692061469
ICWorkerMiteSurvivorship= 16.5265782270581
ICForagerLifespan= 11.6336499880999
ImmType= Logarithmic
AIAdultSlope= 2.42512540072203
AIAdultLD50= 1.75972139672376
AIAdultSlopeContact= 2.23038691162365
AIAdultLD50Contact= 0.0384229248738848
AILarvaSlope= 1.49433735944331
AILarvaLD50= 0.866137013328262
AIKOW= 7.16251764073968
AIKOC= 29.57614823943
AIHalfLife= 11.9602692639455
EAppRate= 0.124924374744296
