ICQueenStrength= 1.57099467259832
RQWkrDrnRatio= 2.02625910844654
ICDroneMiteSurvivorship= 10.7085616793483
ICWorkerMiteSurvivorship= 74.0921369986609
ICForagerLifespan= 12.2610414028168
ImmType= Exponential
AIAdultSlope= 0.868939741048962
