ICQueenStrength= 1.18913771025836
RQWkrDrnRatio= 1.03474792838097
ICDroneMiteSurvivorship= 80.8060915209353
ICWorkerMiteSurvivorship= 58.5686251055449
ICForagerLifespan= 13.1395918466151
ImmType= Tangent
AIAdultSlope= 2.19570949533954
AIAdultLD50= 2.54152966942638
AIAdultSlopeContact= 2.00767573652789
AIAdultLD50Contact= 0.000820107816252857
AILarvaSlope= 1.35561477057636
AILarvaLD50= 0.836343336501159
AIKOW= 2.05797265516594
AIKOC= 28.9064388442785
AIHalfLife= 9.40201325155795
EAppRate= 0.0520355547778308
