ICQueenStrength= 2.86088933609426
RQWkrDrnRatio= 2.93664846010506
ICDroneMiteSurvivorship= 3.21350179146975
ICWorkerMiteSurvivorship= 66.1251747747883
ICForagerLifespan= 8.04053980018944
ImmType= Polynomial
AIAdultSlope= 2.64279667544179
AIAdultLD50= 0.787341004237533
AIAdultSlopeContact= 0.863855213925708
AIAdultLD50Contact= 0.0133528757141903
AILarvaSlope= 2.08476444035768
AILarvaLD50= 0.0132649736478925
AIKOW= 4.96488700062037
AIKOC= 9.79792126570828
AIHalfLife= 6.70472215116024
EAppRate= 0.590338407084346
