ICQueenStrength= 3.28192917071283
RQWkrDrnRatio= 2.35078183189034
ICDroneMiteSurvivorship= 21.9987224787474
ICWorkerMiteSurvivorship= 73.4276257455349
ICForagerLifespan= 5.70311352983117
ImmType= Sine
AIAdultSlope= 2.22324326280504
AIAdultLD50= 1.40015299036168
AIAdultSlopeContact= 2.97479215183295
AIAdultLD50Contact= 0.0223934939829633
AILarvaSlope= 2.9688865579199
AILarvaLD50= 0.153072884771973
AIKOW= 4.17167292395607
AIKOC= 5.90397702879272
AIHalfLife= 9.69620337197557
EAppRate= 0.724498152034357
