ICQueenStrength= 4.47781012300402
RQWkrDrnRatio= 4.09795079566538
ICDroneMiteSurvivorship= 4.01449429336935
ICWorkerMiteSurvivorship= 37.0418874779716
ICForagerLifespan= 11.2673109052703
ImmType= Exponential
AIAdultSlope= 1.0873565016361
AIAdultLD50= 0.4570003869012
AIAdultSlopeContact= 0.642083027749322
AIAdultLD50Contact= 0.00938817865680903
AILarvaSlope= 3.1127353258431
AILarvaLD50= 0.191626321384683
AIKOW= 5.55595567263663
AIKOC= 29.4430519815069
AIHalfLife= 2.33559010317549
EAppRate= 0.613251479272731
