ICQueenStrength= 2.05760994367301
RQWkrDrnRatio= 1.7817308017984
ICDroneMiteSurvivorship= 87.8555352333933
ICWorkerMiteSurvivorship= 23.7294174730778
ICForagerLifespan= 13.1092560542747
ImmType= Exponential
AIAdultSlope= 1.51374507611617
AIAdultLD50= 0.838508682092652
AIAdultSlopeContact= 3.86370776568772
AIAdultLD50Contact= 0.0228020834503695
AILarvaSlope= 0.397854158468544
AILarvaLD50= 0.244850238086656
AIKOW= 3.18948655482382
AIKOC= 20.5084709578659
AIHalfLife= 0.403918786905706
EAppRate= 0.835903252940625
