ICQueenStrength= 2.77308164071292
RQWkrDrnRatio= 4.66853762138635
ICDroneMiteSurvivorship= 55.4084020666778
ICWorkerMiteSurvivorship= 82.5089645339176
ICForagerLifespan= 4.34707045089453
ImmType= Tangent
AIAdultSlope= 0.612648336682469
