ICQueenStrength= 4.47773288260214
RQWkrDrnRatio= 3.35368729010224
ICDroneMiteSurvivorship= 62.3574818251655
ICWorkerMiteSurvivorship= 30.235390085727
ICForagerLifespan= 11.6331164380535
ImmType= Sine
AIAdultSlope= 1.7535169222299
AIAdultLD50= 0.388364496640861
AIAdultSlopeContact= 3.37246905891923
AIAdultLD50Contact= 0.0394672130350955
AILarvaSlope= 2.21644823229872
AILarvaLD50= 0.668625624245033
AIKOW= 3.47511309152469
AIKOC= 23.2733608176932
AIHalfLife= 0.967798309866339
EAppRate= 0
