ICQueenStrength= 2.21846042340621
RQWkrDrnRatio= 4.29444719478488
ICDroneMiteSurvivorship= 58.071522298269
ICWorkerMiteSurvivorship= 49.775124527514
ICForagerLifespan= 4.54753275122494
ImmType= Cosine
AIAdultSlope= 2.07871566526592
