ICQueenStrength= 3.87751950905658
RQWkrDrnRatio= 2.41197739820927
ICDroneMiteSurvivorship= 67.647493747063
ICWorkerMiteSurvivorship= 91.7315784143284
ICForagerLifespan= 11.0832834690809
ImmType= Exponential
AIAdultSlope= 3.11270681233145
AIAdultSlopeContact= 2.92696739075007
AIAdultLD50Contact= 0.04907795204781
AILarvaSlope= 2.65383201320656
AILarvaLD50= 0.562506913393736
AIKOW= 4.3199368538335
AIKOC= 5.92743540881202
AIHalfLife= 5.35119632678106
