ICQueenStrength= 4.95406796480529
RQWkrDrnRatio= 1.5517578497529
ICDroneMiteSurvivorship= 52.9941747896373
ICWorkerMiteSurvivorship= 12.9196845227852
ICForagerLifespan= 11.3088381029665
ImmType= Logarithmic
AIAdultSlope= 1.47010029329918
AIAdultLD50= 0.174449481768534
AIAdultSlopeContact= 0.96031852862332
AIAdultLD50Contact= 0.0285682330373675
AILarvaSlope= 2.45526240691543
AILarvaLD50= 0.2696280593751
AIKOW= 6.40035351831466
AIKOC= 26.606116683688
AIHalfLife= 2.34889754210599
EAppRate= 0
