ICQueenStrength= 4.88584134751
RQWkrDrnRatio= 3.6934509286657
ICDroneMiteSurvivorship= 8.25905979145318
ICWorkerMiteSurvivorship= 60.6585301691666
ICForagerLifespan= 8.97203837148845
ImmType= Cosine
AIAdultLD50= 0.154012839635834
AIAdultSlopeContact= 2.76474744122475
AIAdultLD50Contact= 0.0149496604688466
AILarvaSlope= 2.92256925678812
AILarvaLD50= 0.171336795715615
AIKOW= 4.65869678603485
AIKOC= 11.1667560250498
AIHalfLife= 0.671028369106352
EAppRate= 0.634292990900576
