ICQueenStrength= 2.57033846713603
RQWkrDrnRatio= 2.49171230103821
ICDroneMiteSurvivorship= 43.2488415157422
ICWorkerMiteSurvivorship= 71.845146920532
ICForagerLifespan= 13.6363511132076
ImmType= Exponential
AIAdultSlope= 1.14346099086106
