ICQueenStrength= 1.73628298123367
RQWkrDrnRatio= 2.09165203291923
ICDroneMiteSurvivorship= 65.9095115028322
ICWorkerMiteSurvivorship= 9.30576629471034
ICForagerLifespan= 12.119714692235
ImmType= Sine
AIAdultSlope= 1.20746851291275
AIAdultLD50= 0.263262397609651
AIAdultSlopeContact= 2.62192512477748
AIAdultLD50Contact= 0.0452158544794656
AILarvaSlope= 3.04747265139595
AILarvaLD50= 0.2406427731039
AIKOW= 3.0834593269974
AIKOC= 19.3584160017781
AIHalfLife= 4.32803077739663
EAppRate= 0.116818722872995
