ICQueenStrength= 4.76963160349987
RQWkrDrnRatio= 1.21227263379842
ICDroneMiteSurvivorship= 20.9540465846658
ICWorkerMiteSurvivorship= 8.08289493434131
ICForagerLifespan= 7.94712026230991
ImmType= Sine
AIAdultSlope= 1.43089070133632
AIAdultLD50= 0.137265083030798
AIAdultSlopeContact= 3.31478746435605
AIAdultLD50Contact= 0.047219536267221
AILarvaSlope= 3.013478290895
AILarvaLD50= 0.0467734582023695
AIKOW= 4.55501644220203
AIKOC= 22.1784216130618
AIHalfLife= 1.48757244809531
EAppRate= 0
