ICQueenStrength= 3.94154876377434
RQWkrDrnRatio= 1.41101101972163
ICDroneMiteSurvivorship= 33.1080554053187
ICWorkerMiteSurvivorship= 10.0547247333452
ICForagerLifespan= 10.7104027606547
ImmType= Sine
AIAdultSlope= 0.37544923229143
AIAdultLD50= 0.332610367331654
AIAdultSlopeContact= 2.49368972609052
AIAdultLD50Contact= 0.0363706581294537
AILarvaSlope= 3.24483990245499
AILarvaLD50= 0.782643440645188
AIKOW= 6.134310180787
AIKOC= 9.54463304486126
AIHalfLife= 8.9892304087989
EAppRate= 0.697343577863649
