ICQueenStrength= 5.30491312872618
RQWkrDrnRatio= 2.47387282922864
ICDroneMiteSurvivorship= 40.046872664243
ICWorkerMiteSurvivorship= 96.0590242873877
ICForagerLifespan= 15.0491172270849
ImmType= Cosine
AIAdultSlope= 0.78231932411436
AIAdultLD50= 0.101564898854122
AIAdultSlopeContact= 3.29385970821138
AIAdultLD50Contact= 0.0443559099687263
AILarvaSlope= 2.19677123515867
AILarvaLD50= 0.112321261363104
AIKOW= 2.16714616026729
AIKOC= 9.70307185896672
AIHalfLife= 4.01919648516923
EAppRate= 0
