ICQueenStrength= 5.20085463672876
RQWkrDrnRatio= 2.11815264821053
ICDroneMiteSurvivorship= 58.1074125831947
ICWorkerMiteSurvivorship= 72.1724076196551
ICForagerLifespan= 13.2868485972285
ImmType= Sine
AIAdultSlope= 0.378834548348095
AIAdultLD50= 0.403674319968559
AIAdultSlopeContact= 2.18914383342024
AIAdultLD50Contact= 0.00659759199479595
AILarvaSlope= 0.0300945181399584
AILarvaLD50= 0.815129893133417
AIKOW= 2.41591741284356
AIKOC= 23.0106757034082
AIHalfLife= 0.279557171743363
EAppRate= 0.500050445878878
