ICQueenStrength= 2.72700314084068
RQWkrDrnRatio= 1.84241098817438
ICDroneMiteSurvivorship= 63.8870942639187
ICWorkerMiteSurvivorship= 90.3109468985349
ICForagerLifespan= 9.99726895522326
ImmType= Tangent
AIAdultSlope= 1.61435230705189
AIAdultLD50= 0.269995697191916
AIAdultSlopeContact= 2.14469432112062
AIAdultLD50Contact= 0.0378103479975835
AILarvaSlope= 3.23473285804503
AILarvaLD50= 0.220804312848486
AIKOW= 5.85883693676442
AIKOC= 25.2907526923809
AIHalfLife= 2.43820787407458
EAppRate= 0
