ICQueenStrength= 4.57636171975173
RQWkrDrnRatio= 2.62684324104339
ICDroneMiteSurvivorship= 55.1824826747179
ICWorkerMiteSurvivorship= 62.8967658849433
ICForagerLifespan= 7.38973903190345
ImmType= Exponential
AIAdultSlope= 0.5757187042851
AIAdultLD50= 1.98198310565203
AIAdultSlopeContact= 0.841582705853507
AIAdultLD50Contact= 0.0124030266073532
AILarvaSlope= 2.08794041126966
AILarvaLD50= 0.196193871670403
AIKOW= 7.08487849822268
AIKOC= 12.2622165840585
AIHalfLife= 7.01464486448094
EAppRate= 0.499682927737013
