ICQueenStrength= 5.34156418778002
RQWkrDrnRatio= 3.53765847161412
ICDroneMiteSurvivorship= 40.4389688745141
ICWorkerMiteSurvivorship= 48.7061699386686
ICForagerLifespan= 4.29948930907995
ImmType= Cosine
AIAdultSlope= 1.6216189680621
AIAdultLD50= 0.353769682114944
AIAdultSlopeContact= 3.11756215358851
AIAdultLD50Contact= 0.0326876696781255
AILarvaSlope= 1.49166070786305
AILarvaLD50= 0.508585728169419
AIKOW= 2.39748614560813
AIKOC= 9.61292327963747
AIHalfLife= 13.7585872011259
EAppRate= 0.159428940620273
