ICQueenStrength= 4.76243053935468
RQWkrDrnRatio= 1.75801400933415
ICDroneMiteSurvivorship= 81.7931625759229
ICWorkerMiteSurvivorship= 73.2854019850492
ICForagerLifespan= 8.76317112892866
ImmType= Cosine
AIAdultSlopeContact= 2.41041097918293
AIAdultLD50Contact= 0.0216954310541041
AILarvaSlope= 0.386147648468614
AILarvaLD50= 0.417692030081525
AIKOW= 3.9492472615093
AIKOC= 7.53271040855907
AIHalfLife= 7.88250316726044
