ICQueenStrength= 4.78418047213927
RQWkrDrnRatio= 1.99232791084796
ICDroneMiteSurvivorship= 24.9769309535623
ICWorkerMiteSurvivorship= 95.2432770747691
ICForagerLifespan= 15.5671829283237
ImmType= Tangent
AIAdultSlope= 3.34930086503737
AIAdultLD50= 2.58790182648227
AIAdultSlopeContact= 2.97576744343154
AIAdultLD50Contact= 0.0486704866285436
AILarvaSlope= 3.05262726400979
AILarvaLD50= 0.124203621223569
AIKOW= 5.78199953166768
AIKOC= 16.0378370794933
AIHalfLife= 6.6538365422748
EAppRate= 0.739991386421025
