ICQueenStrength= 5.947788878344
RQWkrDrnRatio= 3.213713016361
ICDroneMiteSurvivorship= 45.2100625960156
ICWorkerMiteSurvivorship= 67.8826813818887
ICForagerLifespan= 5.2175321765244
ImmType= Sine
AIAdultLD50= 0.154012839635834
AIAdultSlopeContact= 1.15890877401223
AIAdultLD50Contact= 0.0279381626867689
AILarvaSlope= 1.88062964240089
AILarvaLD50= 0.744744755560532
AIKOW= 6.60505605023354
AIKOC= 22.1402854262851
AIHalfLife= 9.44860077882186
EAppRate= 1.95163835491985
