ICQueenStrength= 5.19653184479102
RQWkrDrnRatio= 1.51028814073652
ICDroneMiteSurvivorship= 45.7576347980648
ICWorkerMiteSurvivorship= 67.3503329046071
ICForagerLifespan= 5.63637136574835
ImmType= Logarithmic
AIAdultSlope= 3.893746887655
AIAdultLD50= 0.241305829375051
AIAdultSlopeContact= 2.18079231669428
AIAdultLD50Contact= 0.0423357946565375
AILarvaSlope= 2.43140034680255
AILarvaLD50= 0.64482897890266
AIKOW= 4.35729782516137
AIKOC= 21.3482051691972
AIHalfLife= 1.99551586993039
EAppRate= 0.67111837300472
