ICQueenStrength= 3.37166435737163
RQWkrDrnRatio= 3.50220072921365
