ICQueenStrength= 3.12307316134684
RQWkrDrnRatio= 2.59894869383425
ICDroneMiteSurvivorship= 96.8847926473245
ICWorkerMiteSurvivorship= 71.4355710893869
ICForagerLifespan= 7.17739920597523
ImmType= Cosine
AIAdultSlope= 2.23923941645771
AIAdultLD50= 2.66289191250689
AIAdultSlopeContact= 3.83450817405945
AIAdultLD50Contact= 0.0415018681436777
AILarvaSlope= 2.17676167036407
AILarvaLD50= 0.810523880808614
AIKOW= 2.99329606350511
AIKOC= 19.2418276867829
AIHalfLife= 4.79259684868157
EAppRate= 0.923032351071015
