ICQueenStrength= 1.18246827414259
RQWkrDrnRatio= 4.98736356105655
ICDroneMiteSurvivorship= 55.3609827300534
ICWorkerMiteSurvivorship= 16.7719089658931
ICForagerLifespan= 11.7734990054742
ImmType= Exponential
AIAdultSlope= 0.753086372525431
AIAdultLD50= 0.474410362541676
AIAdultSlopeContact= 3.58890399452532
AIAdultLD50Contact= 0.00600382465636358
AILarvaSlope= 0.258646767074242
AILarvaLD50= 0.470493414415978
AIKOW= 2.09479314880446
AIKOC= 17.1751399652567
AIHalfLife= 2.95435894280672
EAppRate= 0.192450624378398
