ICQueenStrength= 3.63280818471685
RQWkrDrnRatio= 3.02111755032092
ICDroneMiteSurvivorship= 39.6407579537481
ICWorkerMiteSurvivorship= 42.3329810611904
ICForagerLifespan= 5.53307089395821
ImmType= Logarithmic
AIAdultSlope= 0.024084040496964
AIAdultLD50= 0.326261285110377
AIAdultSlopeContact= 3.37531926485477
AIAdultLD50Contact= 0.0398253882071003
AILarvaSlope= 2.49604406296276
AILarvaLD50= 0.0834302916191518
AIKOW= 4.67636326607317
AIKOC= 22.3783890320919
AIHalfLife= 3.53528644423932
EAppRate= 0.291297583654523
