ICQueenStrength= 5.26862923544832
RQWkrDrnRatio= 4.30516409222037
ICDroneMiteSurvivorship= 88.6585836065933
ICWorkerMiteSurvivorship= 65.7529690070078
ICForagerLifespan= 5.28917679563165
ImmType= Tangent
AIAdultSlope= 3.4279211891396
AIAdultLD50= 0.175639120978303
AIAdultSlopeContact= 0.929856020277366
AIAdultLD50Contact= 0.0038663623156026
AILarvaSlope= 2.76742058475502
AILarvaLD50= 0.3159968130989
AIKOW= 4.20895749144256
AIKOC= 20.5029202753212
AIHalfLife= 1.17386565892957
EAppRate= 0.51697846762836
