ICQueenStrength= 3.75687367888168
RQWkrDrnRatio= 1.45143902581185
ICDroneMiteSurvivorship= 84.8307253560051
ICWorkerMiteSurvivorship= 15.969184297137
ICForagerLifespan= 9.90741764660925
ImmType= Cosine
AIAdultSlopeContact= 3.46560707601719
AIAdultLD50Contact= 0.0439076332026161
AILarvaSlope= 1.67854572739452
AILarvaLD50= 0.70937323209364
AIKOW= 7.14295586012304
AIKOC= 6.62249009590596
AIHalfLife= 13.6347809955478
