ICQueenStrength= 4.9884475315921
RQWkrDrnRatio= 3.84125223755836
ICDroneMiteSurvivorship= 35.7316200155765
ICWorkerMiteSurvivorship= 59.7728659631684
ICForagerLifespan= 4.79167208727449
ImmType= Exponential
AIAdultSlopeContact= 3.90396853222512
AIAdultLD50Contact= 0.0273794380598702
AILarvaSlope= 1.74198939036578
AILarvaLD50= 0.797883590287529
AIKOW= 6.81474648648873
AIKOC= 22.6617648568936
AIHalfLife= 6.15505791269243
