ICQueenStrength= 5.92135483305901
RQWkrDrnRatio= 2.94543091859668
ICDroneMiteSurvivorship= 67.2899409662932
ICWorkerMiteSurvivorship= 25.6833493942395
ICForagerLifespan= 10.6083763241768
ImmType= Cosine
AIAdultSlope= 3.36221629802836
AIAdultLD50= 0.0784856139216572
AIAdultSlopeContact= 0.856922250422649
AIAdultLD50Contact= 0.00159489450743422
AILarvaSlope= 0.391847135219723
AILarvaLD50= 0.878096424252726
AIKOW= 7.38025052286685
AIKOC= 13.1374200526625
AIHalfLife= 2.26998061523773
EAppRate= 0.526807685778476
