ICQueenStrength= 4.75153804663569
RQWkrDrnRatio= 2.41126516554505
ICDroneMiteSurvivorship= 0.223224610090256
ICWorkerMiteSurvivorship= 28.2461969181895
ICForagerLifespan= 10.591437456198
ImmType= Logarithmic
AIAdultSlope= 1.83019518386573
AIAdultLD50= 0.24506014934741
AIAdultSlopeContact= 8.13223963836208
AIAdultLD50Contact= 0.0806751444935799
AILarvaSlope= 7.58755900897086
AILarvaLD50= 0.644429765176028
AIKOW= 91.0287682665512
AIKOC= 2.86209899932146
AIHalfLife= 12.010837290436
EAppRate= 1.52230397099629
