ICQueenStrength= 5.37937782146037
RQWkrDrnRatio= 4.51996790524572
ICDroneMiteSurvivorship= 40.5544315464795
ICWorkerMiteSurvivorship= 59.4030295033008
ICForagerLifespan= 9.81885932758451
ImmType= Exponential
AIAdultSlopeContact= 2.44649377071066
AIAdultLD50Contact= 0.00810398975154385
AILarvaSlope= 3.32695769742131
AILarvaLD50= 0.359375746152364
AIKOW= 6.49844211013988
AIKOC= 13.9408851868939
AIHalfLife= 9.82952411193401
