ICQueenStrength= 2.89200316322967
RQWkrDrnRatio= 1.77785879932344
ICDroneMiteSurvivorship= 7.91936803143471
ICWorkerMiteSurvivorship= 48.7760976189747
ICForagerLifespan= 9.76821138430387
ImmType= Tangent
AIAdultSlope= 0.0660302001051605
