ICQueenStrength= 1.94256924581714
RQWkrDrnRatio= 2.91858594305813
ICDroneMiteSurvivorship= 66.847884003073
ICWorkerMiteSurvivorship= 60.4614999610931
ICForagerLifespan= 11.4698755545542
ImmType= Logarithmic
AIAdultSlope= 7.60176913579926
