ICQueenStrength= 1.90673768986017
RQWkrDrnRatio= 3.28910154290497
