ICQueenStrength= 1.35121476394124
RQWkrDrnRatio= 4.81625225394964
ICDroneMiteSurvivorship= 97.7944808080792
ICWorkerMiteSurvivorship= 5.41783201042563
ICForagerLifespan= 8.2791791325435
ImmType= Sine
AIAdultSlope= 7.60516075883061
