ICQueenStrength= 4.88097312999889
RQWkrDrnRatio= 4.84986238647252
ICDroneMiteSurvivorship= 14.3563937861472
ICWorkerMiteSurvivorship= 16.8268376262859
ICForagerLifespan= 11.0095899943262
ImmType= Tangent
AIAdultSlope= 2.8682189618703
AIAdultLD50= 0.0615812509786338
AIAdultSlopeContact= 2.98490502378903
AIAdultLD50Contact= 0.0394727195845917
AILarvaSlope= 2.17153920764104
AILarvaLD50= 0.327890060213394
AIKOW= 2.9170670742169
AIKOC= 19.8111576389056
AIHalfLife= 4.88994880160317
EAppRate= 0.908202692167833
