ICQueenStrength= 2.49186610127799
RQWkrDrnRatio= 4.35411306191236
ICDroneMiteSurvivorship= 63.5682502528653
ICWorkerMiteSurvivorship= 55.1780939102173
ICForagerLifespan= 12.2094684578478
ImmType= Polynomial
AIAdultSlope= 2.82243872864172
AIAdultLD50= 0.419729944085702
AIAdultSlopeContact= 2.31843542284565
AIAdultLD50Contact= 0.0295537555706687
AILarvaSlope= 2.67049577916041
AILarvaLD50= 0.0238993209321052
AIKOW= 3.00180449429899
AIKOC= 20.15430258587
AIHalfLife= 3.98290799930692
EAppRate= 0
