ICQueenStrength= 2.12083908752538
RQWkrDrnRatio= 1.69430828932673
ICDroneMiteSurvivorship= 36.0960714053363
ICWorkerMiteSurvivorship= 19.8307076003402
ICForagerLifespan= 10.4933247929439
ImmType= Exponential
AIAdultSlope= 0.136127617070451
AIAdultLD50= 0.187972939456813
AIAdultSlopeContact= 3.19751306004357
AIAdultLD50Contact= 0.0265382916200906
AILarvaSlope= 1.98680611476302
AILarvaLD50= 0.536353771411814
AIKOW= 4.12487414339557
AIKOC= 10.5777251836844
AIHalfLife= 3.33354150061496
EAppRate= 0.161172460927628
