ICQueenStrength= 4.15167600288987
RQWkrDrnRatio= 3.63672899734229
