ICQueenStrength= 4.94250694196671
RQWkrDrnRatio= 1.22484405431896
ICDroneMiteSurvivorship= 86.6569095989689
ICWorkerMiteSurvivorship= 82.6447559986264
ICForagerLifespan= 5.85826971568167
ImmType= Tangent
AIAdultSlopeContact= 3.28564787819982
AIAdultLD50Contact= 0.0401453233673237
AILarvaSlope= 3.07308531636372
AILarvaLD50= 0.415197926480323
AIKOW= 4.3582655354403
AIKOC= 10.6257585121784
AIHalfLife= 7.0478494502604
