ICQueenStrength= 1.60761117027141
RQWkrDrnRatio= 3.32487736642361
ICDroneMiteSurvivorship= 34.9886320764199
ICWorkerMiteSurvivorship= 87.0555240195245
ICForagerLifespan= 13.7776281973347
ImmType= Sine
AIAdultSlope= 2.56600516075268
AIAdultLD50= 1.40840189508162
AIAdultSlopeContact= 1.26407941268524
AIAdultLD50Contact= 0.00380726847797632
AILarvaSlope= 3.04083202877082
AILarvaLD50= 0.663595819752663
AIKOW= 4.93818971561268
AIKOC= 11.7399277002551
AIHalfLife= 9.28014066116884
EAppRate= 0.427951672347263
