ICQueenStrength= 2.69081966392696
RQWkrDrnRatio= 4.08094848692417
ICDroneMiteSurvivorship= 53.1388677190989
ICWorkerMiteSurvivorship= 30.6112177670002
ICForagerLifespan= 4.17143409885466
ImmType= Tangent
AIAdultSlope= 2.06857112469152
