ICQueenStrength= 3.45657518855296
RQWkrDrnRatio= 3.77666834462434
ICDroneMiteSurvivorship= 83.2000839523971
ICWorkerMiteSurvivorship= 1.27193306107074
ICForagerLifespan= 9.22917445469648
ImmType= Sine
AIAdultSlopeContact= 2.71305869576521
AIAdultLD50Contact= 0.0193171840626746
AILarvaSlope= 2.82933898502961
AILarvaLD50= 0.556417604489252
AIKOW= 4.45450277160853
AIKOC= 21.9677717436571
AIHalfLife= 0.638581164646894
