ICQueenStrength= 3.15777037199587
RQWkrDrnRatio= 3.42022982705384
ICDroneMiteSurvivorship= 42.1930829295889
ICWorkerMiteSurvivorship= 62.0940228691325
ICForagerLifespan= 15.0818902365863
ImmType= Logarithmic
AIAdultSlope= 0.316253533167765
AIAdultLD50= 0.45144330477342
AIAdultSlopeContact= 2.55387813713634
AIAdultLD50Contact= 0.0207444192259572
AILarvaSlope= 3.37260094084777
AILarvaLD50= 0.339361700951122
AIKOW= 4.48573596961796
AIKOC= 28.1731120788027
AIHalfLife= 5.73078463645652
EAppRate= 0.660632344894111
