ICQueenStrength= 3.90587140945718
RQWkrDrnRatio= 4.93877578619868
ICDroneMiteSurvivorship= 36.7238478502259
ICWorkerMiteSurvivorship= 37.1900847647339
ICForagerLifespan= 8.40512522403151
ImmType= Polynomial
AIAdultSlope= 1.2507798589766
AIAdultLD50= 0.558660357026383
AIAdultSlopeContact= 3.02442602418596
AIAdultLD50Contact= 0.0419051751727238
AILarvaSlope= 0.685468835011125
AILarvaLD50= 0.0683969796868041
AIKOW= 3.31855014432222
AIKOC= 15.8579588180874
AIHalfLife= 9.13483736524358
EAppRate= 0.795441541122273
