ICQueenStrength= 4.82393574691378
RQWkrDrnRatio= 1.01489015296102
ICDroneMiteSurvivorship= 57.8509795013815
ICWorkerMiteSurvivorship= 72.8283434640616
ICForagerLifespan= 7.4797149989754
ImmType= Exponential
AIAdultSlope= 2.45822522430681
AIAdultLD50= 1.24499381775968
AIAdultSlopeContact= 3.28433504049433
AIAdultLD50Contact= 0.0281095390673727
AILarvaSlope= 1.19479622012004
AILarvaLD50= 0.193626938341185
AIKOW= 3.31171440472826
AIKOC= 9.55119695398025
AIHalfLife= 0.687894478440285
EAppRate= 0.610919336788356
