ICQueenStrength= 5.22666081227362
RQWkrDrnRatio= 3.17882954329252
ICDroneMiteSurvivorship= 23.5525980824605
ICWorkerMiteSurvivorship= 18.6868499265984
ICForagerLifespan= 7.5612605093047
ImmType= Polynomial
AIAdultSlope= 2.81467249719426
AIAdultLD50= 1.33656896045431
AIAdultSlopeContact= 2.64839708897285
AIAdultLD50Contact= 0.00638752836966887
AILarvaSlope= 0.196955959545448
AILarvaLD50= 0.389686748175882
AIKOW= 7.22587102511898
AIKOC= 12.6081455277745
AIHalfLife= 6.73582927323878
EAppRate= 0.179091355064884
