ICQueenStrength= 4.60502832103521
RQWkrDrnRatio= 2.10074209235609
