ICQueenStrength= 4.17871882463805
RQWkrDrnRatio= 3.89053985569626
ICDroneMiteSurvivorship= 49.1485639940947
ICWorkerMiteSurvivorship= 68.5381120769307
ICForagerLifespan= 10.0296336822212
ImmType= Tangent
AIAdultSlope= 0.97131075784564
AIAdultSlopeContact= 3.41088242041413
AIAdultLD50Contact= 0.0277203932288103
AILarvaSlope= 2.64815522311255
AILarvaLD50= 0.054878541897051
AIKOW= 3.44338702084497
AIKOC= 23.9375868358184
AIHalfLife= 8.80556125659496
