ICQueenStrength= 3.94037916348316
RQWkrDrnRatio= 1.78628278896213
ICDroneMiteSurvivorship= 66.1145658697933
ICWorkerMiteSurvivorship= 23.4754445962608
ICForagerLifespan= 11.4518902618438
ImmType= Polynomial
AIAdultSlope= 2.46662833335344
AIAdultLD50= 0.49370909796562
AIAdultSlopeContact= 2.64004260665271
AIAdultLD50Contact= 0.0291933223372325
AILarvaSlope= 2.05033169263042
AILarvaLD50= 0.307059582020156
AIKOW= 4.97617929195985
AIKOC= 15.2044183120597
AIHalfLife= 1.58111675875261
EAppRate= 0
