ICQueenStrength= 5.23630231176503
RQWkrDrnRatio= 2.52326325979084
ICDroneMiteSurvivorship= 77.9547133715823
ICWorkerMiteSurvivorship= 2.03107171691954
ICForagerLifespan= 13.6701937625185
ImmType= Logarithmic
AIAdultSlope= 3.67568540619686
