ICQueenStrength= 2.96080721821636
RQWkrDrnRatio= 1.86345373559743
