ICQueenStrength= 2.89253124874085
RQWkrDrnRatio= 4.33610766381025
ICDroneMiteSurvivorship= 23.6476908670738
ICWorkerMiteSurvivorship= 89.6316877333447
ICForagerLifespan= 4.23571215104312
ImmType= Tangent
AIAdultSlope= 1.25791751098819
AIAdultLD50= 0.17732541100122
AIAdultSlopeContact= 1.91105498730205
AIAdultLD50Contact= 0.0035826823557727
AILarvaSlope= 2.5656543627847
AILarvaLD50= 0.441258278279565
AIKOW= 7.55938643403351
AIKOC= 9.53131519607268
AIHalfLife= 4.37995573505759
EAppRate= 0
