ICQueenStrength= 3.89424425922334
RQWkrDrnRatio= 4.72439607977867
ICDroneMiteSurvivorship= 1.48919376078993
ICWorkerMiteSurvivorship= 98.211108520627
ICForagerLifespan= 14.0586624974385
ImmType= Cosine
AIAdultSlope= 2.22302786344662
AIAdultLD50= 0.0689934531692415
AIAdultSlopeContact= 0.720369686856866
AIAdultLD50Contact= 0.00903211258118972
AILarvaSlope= 0.422584024723619
AILarvaLD50= 0.77464970801957
AIKOW= 5.85475575458258
AIKOC= 19.9975781620014
AIHalfLife= 1.79351223353297
EAppRate= 0.714212860912085
