ICQueenStrength= 4.97224811487831
RQWkrDrnRatio= 3.27801897935569
ICDroneMiteSurvivorship= 45.8381398580968
ICWorkerMiteSurvivorship= 20.740911946632
ICForagerLifespan= 7.77262164466083
ImmType= Polynomial
AIAdultSlope= 1.5256434536539
AIAdultLD50= 0.864800541428849
AIAdultSlopeContact= 1.38298574385233
AIAdultLD50Contact= 0.00417537027969956
AILarvaSlope= 0.253547522239387
AILarvaLD50= 0.00537467580288649
AIKOW= 2.80286614550278
AIKOC= 27.1978815970942
AIHalfLife= 8.28228739183396
EAppRate= 0.942549047758803
