ICQueenStrength= 1.61918184743263
RQWkrDrnRatio= 4.77185008861125
ICDroneMiteSurvivorship= 38.5070575866848
ICWorkerMiteSurvivorship= 43.7322703422979
ICForagerLifespan= 8.10669620614499
ImmType= Exponential
AIAdultSlope= 0.19484325603582
AIAdultLD50= 0.128471092088148
AIAdultSlopeContact= 1.00106277759885
AIAdultLD50Contact= 0.0281175442854874
AILarvaSlope= 2.78460058309138
AILarvaLD50= 0.0667144551174715
AIKOW= 5.11579857813194
AIKOC= 10.7313731231261
AIHalfLife= 4.52962375129573
EAppRate= 0.546488899062388
