ICQueenStrength= 4.56358583783731
RQWkrDrnRatio= 4.90665590483695
ICDroneMiteSurvivorship= 94.8290770174935
ICWorkerMiteSurvivorship= 34.5327708171681
ICForagerLifespan= 15.5422270270064
ImmType= Cosine
AIAdultSlope= 4.08326541772112
