ICQueenStrength= 4.50736201554537
RQWkrDrnRatio= 4.11877176910639
