ICQueenStrength= 1.62654296518303
RQWkrDrnRatio= 1.61100172903389
ICDroneMiteSurvivorship= 64.0263133216649
ICWorkerMiteSurvivorship= 73.6360606970266
ICForagerLifespan= 5.88841598201543
ImmType= Polynomial
AIAdultSlope= 0.365730969370343
AIAdultLD50= 0.133998892502859
AIAdultSlopeContact= 2.27378896983806
AIAdultLD50Contact= 0.022095063701272
AILarvaSlope= 2.71269674059004
AILarvaLD50= 0.679186482354999
AIKOW= 2.67027617059648
AIKOC= 12.7715641935356
AIHalfLife= 0.101613935548812
EAppRate= 0
