ICQueenStrength= 2.94900554022752
RQWkrDrnRatio= 1.98557566478848
ICDroneMiteSurvivorship= 53.3192639704794
ICWorkerMiteSurvivorship= 96.8428180087358
ICForagerLifespan= 13.2757209697738
ImmType= Exponential
AIAdultSlope= 1.44978408040479
AIAdultLD50= 0.103315179236233
AIAdultSlopeContact= 2.31342641990399
AIAdultLD50Contact= 0.0157548788469285
AILarvaSlope= 0.328218454634771
AILarvaLD50= 0.349411665718071
AIKOW= 7.06075358157977
AIKOC= 18.5043228045106
AIHalfLife= 9.11973375361413
EAppRate= 0.71797821810469
