ICQueenStrength= 1.28143520466983
RQWkrDrnRatio= 2.59803904686123
ICDroneMiteSurvivorship= 9.63731945957989
ICWorkerMiteSurvivorship= 85.3330455720425
ICForagerLifespan= 13.4893363704905
ImmType= Tangent
AIAdultSlope= 0.620161129627377
