ICQueenStrength= 2.35205039521679
RQWkrDrnRatio= 3.68295029643923
ICDroneMiteSurvivorship= 21.1724262684584
ICWorkerMiteSurvivorship= 59.1997941723093
ICForagerLifespan= 7.71612559445202
ImmType= Logarithmic
AIAdultSlope= 2.80209888575831
AIAdultLD50= 0.238336403155699
AIAdultSlopeContact= 2.26177202354651
AIAdultLD50Contact= 0.00680141813354567
AILarvaSlope= 2.80874488414265
AILarvaLD50= 0.76050556388218
AIKOW= 7.34028155729175
AIKOC= 28.779857752379
AIHalfLife= 1.00532762822695
EAppRate= 0
