ICQueenStrength= 3.14257662068121
RQWkrDrnRatio= 2.57136430032551
ICDroneMiteSurvivorship= 39.0135001856834
ICWorkerMiteSurvivorship= 70.4407377634197
ICForagerLifespan= 4.57607961911708
ImmType= Exponential
AIAdultSlope= 2.14477682719007
