ICQueenStrength= 3.79491635155864
RQWkrDrnRatio= 3.4950500484556
ICDroneMiteSurvivorship= 69.7553278645501
ICWorkerMiteSurvivorship= 14.219010528177
ICForagerLifespan= 4.01424639951438
ImmType= Sine
AIAdultSlope= 2.60343255787157
AIAdultLD50= 2.79565625125542
AIAdultSlopeContact= 1.7495771372295
AIAdultLD50Contact= 0.00745764815947041
AILarvaSlope= 1.29679640308023
AILarvaLD50= 0.0681977334665135
AIKOW= 6.05519597278908
AIKOC= 19.9935535795521
AIHalfLife= 7.1264426195994
EAppRate= 0.186518754111603
