ICQueenStrength= 2.59929996356368
RQWkrDrnRatio= 3.31730035878718
ICDroneMiteSurvivorship= 97.6773489732295
ICWorkerMiteSurvivorship= 45.7161451457068
ICForagerLifespan= 12.5490807052702
ImmType= Sine
AIAdultLD50= 0.154012839635834
AIAdultSlopeContact= 3.45715306374477
AIAdultLD50Contact= 0.0179722899221815
AILarvaSlope= 2.26364090275019
AILarvaLD50= 0.0558240920305252
AIKOW= 6.63470728136599
AIKOC= 18.9644377224613
AIHalfLife= 9.70866918424144
EAppRate= 0.396104757674038
