ICQueenStrength= 5.6727335639298
RQWkrDrnRatio= 1.72042450401932
ICDroneMiteSurvivorship= 53.2747135963291
ICWorkerMiteSurvivorship= 36.0816869651899
ICForagerLifespan= 9.95680433977395
ImmType= Sine
AIAdultSlope= 3.27805733052082
AIAdultLD50= 1.55715106241405
AIAdultSlopeContact= 1.56578957327642
AIAdultLD50Contact= 0.0150972923380323
AILarvaSlope= 0.366730405390263
AILarvaLD50= 0.697913627140224
AIKOW= 4.0831616288051
AIKOC= 6.41380940331146
AIHalfLife= 8.40351042617112
EAppRate= 0.0354925028514117
