ICQueenStrength= 3.87762668682262
RQWkrDrnRatio= 4.67161930724978
ICDroneMiteSurvivorship= 34.7559293266386
ICWorkerMiteSurvivorship= 49.5113704819232
ICForagerLifespan= 4.75759824272245
ImmType= Sine
AIAdultSlope= 1.84612153600901
AIAdultLD50= 2.29998701415025
AIAdultSlopeContact= 3.3802149822819
AIAdultLD50Contact= 0.0212694788118824
AILarvaSlope= 0.0683461274486035
AILarvaLD50= 0.127882785745896
AIKOW= 3.95169160887599
AIKOC= 15.546767746564
AIHalfLife= 10.570536301937
EAppRate= 0.618995033204556
