ICQueenStrength= 2.42941775266081
RQWkrDrnRatio= 2.26460119895637
ICDroneMiteSurvivorship= 58.9121545432135
ICWorkerMiteSurvivorship= 75.1827885163948
ICForagerLifespan= 8.10398797132075
ImmType= Exponential
AIAdultSlope= 1.41632757312618
AIAdultLD50= 0.784475659020245
AIAdultSlopeContact= 3.2559607624705
AIAdultLD50Contact= 0.0369045618455857
AILarvaSlope= 2.651761502726
AILarvaLD50= 0.411449945275672
AIKOW= 4.49028785852715
AIKOC= 23.163668026682
AIHalfLife= 5.24019658425823
EAppRate= 0.852465577889234
