ICQueenStrength= 1.2858828403987
RQWkrDrnRatio= 3.94378765206784
ICDroneMiteSurvivorship= 90.9137807786465
ICWorkerMiteSurvivorship= 67.0570292742923
ICForagerLifespan= 15.3899481277913
ImmType= Tangent
AIAdultSlopeContact= 1.8797283628257
AIAdultLD50Contact= 0.00885216125752777
AILarvaSlope= 2.01453371378593
AILarvaLD50= 0.386009699245915
AIKOW= 6.97083048615605
AIKOC= 6.1349817388691
AIHalfLife= 8.22450441448018
