ICQueenStrength= 3.69151694956236
RQWkrDrnRatio= 3.18398286122829
ICDroneMiteSurvivorship= 10.8117532217875
ICWorkerMiteSurvivorship= 84.5716257812455
ICForagerLifespan= 5.79215461574495
ImmType= Tangent
AIAdultSlope= 2.86595429684967
AIAdultLD50= 1.70015637902543
AIAdultSlopeContact= 2.82674550249008
AIAdultLD50Contact= 0.0071506469626911
AILarvaSlope= 2.10433728271164
AILarvaLD50= 0.0618255925364792
AIKOW= 5.22621580539271
AIKOC= 27.971027798485
AIHalfLife= 10.0249715130776
EAppRate= 0.343078066362068
