ICQueenStrength= 5.98326270957477
RQWkrDrnRatio= 2.41203135810792
ICDroneMiteSurvivorship= 43.316346546635
ICWorkerMiteSurvivorship= 1.80050714407116
ICForagerLifespan= 10.6857444336638
ImmType= Logarithmic
AIAdultSlope= 1.99380017938092
AIAdultLD50= 0.641457159072161
AIAdultSlopeContact= 2.59663435646798
AIAdultLD50Contact= 0.00327584844781086
AILarvaSlope= 0.538071249891072
AILarvaLD50= 0.230699742143042
AIKOW= 4.40270157204941
AIKOC= 18.0838208424393
AIHalfLife= 3.82633396424353
EAppRate= 0.0350408286321908
