ICQueenStrength= 1.51545942900702
RQWkrDrnRatio= 2.66472684312612
ICDroneMiteSurvivorship= 85.1830042432994
ICWorkerMiteSurvivorship= 69.3980779964477
ICForagerLifespan= 12.2233013054356
ImmType= Cosine
AIAdultSlope= 1.03966018710751
AIAdultLD50= 0.372135770972818
AIAdultSlopeContact= 1.57508589481702
AIAdultLD50Contact= 0.00429811849026009
AILarvaSlope= 0.306503414688632
AILarvaLD50= 0.690780616854317
AIKOW= 3.00123856076971
AIKOC= 5.19231152837165
AIHalfLife= 3.27161262161098
EAppRate= 0.0013274293160066
