ICQueenStrength= 1.56427327217534
RQWkrDrnRatio= 4.36290239170194
ICDroneMiteSurvivorship= 5.91503221075982
ICWorkerMiteSurvivorship= 78.21797975339
ICForagerLifespan= 10.0114235365763
ImmType= Tangent
AIAdultSlope= 2.89360800329596
AIAdultLD50= 1.79512269934639
AIAdultSlopeContact= 2.60428722367622
AIAdultLD50Contact= 0.0495331075973809
AILarvaSlope= 0.150734114041552
AILarvaLD50= 0.118334115156904
AIKOW= 4.30045327357948
AIKOC= 18.3777064445894
AIHalfLife= 8.57787309959531
EAppRate= 0.00110147707164288
