ICQueenStrength= 2.23319282778539
RQWkrDrnRatio= 1.37076935637742
ICDroneMiteSurvivorship= 3.27250720001757
ICWorkerMiteSurvivorship= 14.3437748774886
ICForagerLifespan= 7.48196323774755
ImmType= Cosine
AIAdultSlope= 5.22990658646449
AIAdultLD50= 0.539958066074178
AIAdultSlopeContact= 2.49876240734011
AIAdultLD50Contact= 0.139702435489744
AILarvaSlope= 9.06917409505695
AILarvaLD50= 1.5332308714278
AIKOW= 20.2004579594359
AIKOC= 97.5712412036955
AIHalfLife= 9.95391579251736
EAppRate= 1.03018706478179
