ICQueenStrength= 4.20115640410222
RQWkrDrnRatio= 1.10464568529278
ICDroneMiteSurvivorship= 87.3600407736376
ICWorkerMiteSurvivorship= 14.2407181439921
ICForagerLifespan= 11.3953925101086
ImmType= Polynomial
AIAdultSlope= 1.80039941220079
AIAdultLD50= 0.182663179584779
AIAdultSlopeContact= 3.43978836423252
AIAdultLD50Contact= 0.0280576793127693
AILarvaSlope= 0.694257619325072
AILarvaLD50= 0.322974272444844
AIKOW= 7.96997017366812
AIKOC= 10.4814595205244
AIHalfLife= 4.0534025861416
EAppRate= 0
