ICQueenStrength= 3.02043325407431
RQWkrDrnRatio= 3.5374967707321
ICDroneMiteSurvivorship= 57.4759085197002
ICWorkerMiteSurvivorship= 36.6249653976411
ICForagerLifespan= 14.3349095629528
ImmType= Exponential
AIAdultSlope= 1.59585425096098
AIAdultLD50= 0.491932587465271
AIAdultSlopeContact= 1.53869164178381
AIAdultLD50Contact= 0.0236195510486141
AILarvaSlope= 0.284534724103287
AILarvaLD50= 0.872662953590043
AIKOW= 6.76146150985733
AIKOC= 19.5064511045348
AIHalfLife= 1.03599109919742
EAppRate= 0.334059669799171
