ICQueenStrength= 4.60684126266278
RQWkrDrnRatio= 1.26202129665762
ICDroneMiteSurvivorship= 82.9799616476521
ICWorkerMiteSurvivorship= 34.8141437862068
ICForagerLifespan= 5.24161928519607
ImmType= Sine
AIAdultSlope= 1.7297724634409
