ICQueenStrength= 3.38481925101951
RQWkrDrnRatio= 1.09265849087387
ICDroneMiteSurvivorship= 82.254447019659
ICWorkerMiteSurvivorship= 78.1958293169737
ICForagerLifespan= 8.0979899931699
ImmType= Sine
AIAdultSlope= 6.31518265698105
