ICQueenStrength= 1.74654470081441
RQWkrDrnRatio= 2.84598844405264
ICDroneMiteSurvivorship= 57.3744860710576
ICWorkerMiteSurvivorship= 7.38297773059458
ICForagerLifespan= 8.42850474920124
ImmType= Exponential
AIAdultSlope= 1.45301211416954
AIAdultLD50= 0.303464661701582
AIAdultSlopeContact= 0.135307410217356
AIAdultLD50Contact= 0.0478365632239729
AILarvaSlope= 2.65639739884064
AILarvaLD50= 0.107322348374873
AIKOW= 2.87074625073001
AIKOC= 23.196500960039
AIHalfLife= 3.24146354920231
EAppRate= 0
