ICQueenStrength= 4.51502708345652
RQWkrDrnRatio= 1.66393052507192
