ICQueenStrength= 5.74458931945264
RQWkrDrnRatio= 3.32744229957461
ICDroneMiteSurvivorship= 27.6841091457754
ICWorkerMiteSurvivorship= 6.93210153840482
ICForagerLifespan= 14.4035319499671
ImmType= Polynomial
AIAdultSlope= 3.06730860271491
AIAdultLD50= 2.6943146539852
AIAdultSlopeContact= 3.85076414030045
AIAdultLD50Contact= 0.0392397018731572
AILarvaSlope= 3.15084823151119
AILarvaLD50= 0.211176148289815
AIKOW= 2.00629218714312
AIKOC= 11.9834017718676
AIHalfLife= 11.3456123289652
EAppRate= 0.3627296439372
