ICQueenStrength= 1.96619485062547
RQWkrDrnRatio= 2.76370087452233
ICDroneMiteSurvivorship= 53.0470690922812
ICWorkerMiteSurvivorship= 49.0913754329085
ICForagerLifespan= 11.105759928003
ImmType= Sine
AIAdultSlope= 1.47541744634509
AIAdultLD50= 0.557833539554849
AIAdultSlopeContact= 0.949327353083063
AIAdultLD50Contact= 0.0220171420485713
AILarvaSlope= 0.949427399598062
AILarvaLD50= 0.551545079285279
AIKOW= 5.06526844808832
AIKOC= 22.8562608489301
AIHalfLife= 0.759853852912784
EAppRate= 0.925185880390927
