ICQueenStrength= 2.00905256113037
RQWkrDrnRatio= 1.2653381312266
ICDroneMiteSurvivorship= 49.663008726202
ICWorkerMiteSurvivorship= 6.84912095312029
ICForagerLifespan= 4.30326713901013
ImmType= Cosine
AIAdultSlope= 0.595073348889127
AIAdultLD50= 1.58706777007319
AIAdultSlopeContact= 3.68235800615978
AIAdultLD50Contact= 0.030445557681378
AILarvaSlope= 2.18486002460122
AILarvaLD50= 0.534769471012987
AIKOW= 5.51874421909451
AIKOC= 14.353761683451
AIHalfLife= 8.99632388958707
EAppRate= 0.513052840251476
