ICQueenStrength= 5.73692728555761
RQWkrDrnRatio= 2.52119352389127
ICDroneMiteSurvivorship= 64.4477934809402
ICWorkerMiteSurvivorship= 93.3794300770387
ICForagerLifespan= 9.78567948564887
ImmType= Cosine
AIAdultSlope= 0.607875807546079
AIAdultLD50= 0.16959484142717
AIAdultSlopeContact= 2.91443619432393
AIAdultLD50Contact= 0.0285100763430819
AILarvaSlope= 2.83335777763277
AILarvaLD50= 0.865914891008288
AIKOW= 2.47012363187969
AIKOC= 15.1362722634804
AIHalfLife= 3.30450530978851
EAppRate= 0.0472407965222374
