ICQueenStrength= 2.46662887884304
RQWkrDrnRatio= 3.76376568712294
ICDroneMiteSurvivorship= 26.7605382949114
ICWorkerMiteSurvivorship= 97.1181031316519
ICForagerLifespan= 12.09511887189
ImmType= Logarithmic
AIAdultSlope= 0.0867008707486093
AIAdultLD50= 0.818022334948182
AIAdultSlopeContact= 3.62151176575106
AIAdultLD50Contact= 0.026687800406944
AILarvaSlope= 0.663425906701013
AILarvaLD50= 0.294983598939143
AIKOW= 6.06826629629359
AIKOC= 19.0269249677658
AIHalfLife= 4.6970772864297
EAppRate= 0.717079091817141
