ICQueenStrength= 2.17505906498991
RQWkrDrnRatio= 4.28960094228387
ICDroneMiteSurvivorship= 84.0771578252316
ICWorkerMiteSurvivorship= 73.9677863195539
ICForagerLifespan= 14.6246399898082
ImmType= Tangent
AIAdultSlope= 3.31210524043534
AIAdultLD50= 0.15688234299887
AIAdultSlopeContact= 3.85011765358038
AIAdultLD50Contact= 0.0401567054796033
AILarvaSlope= 1.35068640653044
AILarvaLD50= 0.2570603240747
AIKOW= 6.82432750472799
AIKOC= 17.4487662571482
AIHalfLife= 0.0290491664782166
EAppRate= 0.566424758965149
