ICQueenStrength= 5.86528072389774
RQWkrDrnRatio= 4.17074634879827
ICDroneMiteSurvivorship= 41.560481232591
ICWorkerMiteSurvivorship= 20.7829753402621
ICForagerLifespan= 7.82336435653269
ImmType= Sine
AIAdultSlope= 8.8622476789169
