ICQueenStrength= 2.9410371244885
RQWkrDrnRatio= 4.88222407829016
ICDroneMiteSurvivorship= 20.6019871402532
ICWorkerMiteSurvivorship= 3.94076423253864
ICForagerLifespan= 13.5259909024462
ImmType= Exponential
AIAdultSlope= 2.67094738748157
AIAdultLD50= 0.130617685965262
AIAdultSlopeContact= 0.879047434986569
AIAdultLD50Contact= 0.0320673848851584
AILarvaSlope= 2.83598031774163
AILarvaLD50= 0.0913800358073786
AIKOW= 2.40983649436384
AIKOC= 23.6441877332982
AIHalfLife= 2.05126790911891
EAppRate= 0
