ICQueenStrength= 1.0337454106193
RQWkrDrnRatio= 2.07886503171176
ICDroneMiteSurvivorship= 45.7134207477793
ICWorkerMiteSurvivorship= 10.8819023706019
ICForagerLifespan= 10.6599586289376
ImmType= Polynomial
AIAdultSlope= 0.890126545866951
AIAdultLD50= 0.489597839768976
AIAdultSlopeContact= 3.37749480040278
AIAdultLD50Contact= 0.0386261320556514
AILarvaSlope= 0.411435475992039
AILarvaLD50= 0.766712237661704
AIKOW= 4.63144946657121
AIKOC= 28.9500402763952
AIHalfLife= 3.29000053601339
EAppRate= 0.341192967956886
