ICQueenStrength= 5.53980023041368
RQWkrDrnRatio= 4.91865952592343
ICDroneMiteSurvivorship= 3.50069988053292
ICWorkerMiteSurvivorship= 4.79660239070654
ICForagerLifespan= 12.7685286477208
ImmType= Logarithmic
AIAdultSlopeContact= 2.00081303134561
AIAdultLD50Contact= 0.0372857577633113
AILarvaSlope= 1.12905539753847
AILarvaLD50= 0.0242772550787777
AIKOW= 2.82541948603466
AIKOC= 11.3280986039899
AIHalfLife= 7.20640680519864
