ICQueenStrength= 5.91306231357157
RQWkrDrnRatio= 1.03271487914026
ICDroneMiteSurvivorship= 3.70462972205132
ICWorkerMiteSurvivorship= 46.3630372425541
ICForagerLifespan= 12.5507577508688
ImmType= Exponential
AIAdultSlope= 8.16299983998761
AIAdultLD50= 0.200260158628225
AIAdultSlopeContact= 1.94032052531838
AIAdultLD50Contact= 0.0388476796448231
AILarvaSlope= 9.6205827454105
AILarvaLD50= 1.55619879486039
AIKOW= 53.9369663689286
AIKOC= 32.3922574520111
AIHalfLife= 5.06884036120027
EAppRate= 1.78139169234782
