ICQueenStrength= 1.33320092828944
RQWkrDrnRatio= 2.76521054655313
ICDroneMiteSurvivorship= 62.0671832701191
ICWorkerMiteSurvivorship= 62.6222833292559
ICForagerLifespan= 5.04867450706661
ImmType= Polynomial
AIAdultSlope= 0.525593403726816
