ICQueenStrength= 2.75307473633438
RQWkrDrnRatio= 3.7064889036119
ICDroneMiteSurvivorship= 73.7274462124333
ICWorkerMiteSurvivorship= 68.1941368617117
ICForagerLifespan= 10.3902537338436
ImmType= Tangent
AIAdultSlope= 0.356762125575915
AIAdultLD50= 2.6499429596588
AIAdultSlopeContact= 0.155409826221876
AIAdultLD50Contact= 0.0238433223566972
AILarvaSlope= 3.2441838264931
AILarvaLD50= 0.623426813003607
AIKOW= 6.7334034438245
AIKOC= 14.2597399780061
AIHalfLife= 1.80272187525406
EAppRate= 0.319620471447706
