ICQueenStrength= 4.21996335522272
RQWkrDrnRatio= 1.67159143555909
ICDroneMiteSurvivorship= 79.9018319696188
ICWorkerMiteSurvivorship= 56.3491911860183
ICForagerLifespan= 12.0357422186062
ImmType= Logarithmic
AIAdultSlope= 3.19379801796749
AIAdultLD50= 2.73047316237353
AIAdultSlopeContact= 2.04677279787138
AIAdultLD50Contact= 0.0384950951207429
AILarvaSlope= 2.68397182174958
AILarvaLD50= 0.265791916265152
AIKOW= 5.44028075272217
AIKOC= 24.1341832920443
AIHalfLife= 9.57248289790004
EAppRate= 0.35302519146353
