ICQueenStrength= 4.91264668898657
RQWkrDrnRatio= 4.83728427067399
ICDroneMiteSurvivorship= 5.16551933251321
ICWorkerMiteSurvivorship= 64.6997055737302
ICForagerLifespan= 13.4514685971662
ImmType= Tangent
AIAdultSlope= 2.10609829821624
AIAdultLD50= 2.37937957048416
AIAdultSlopeContact= 0.357250781909097
AIAdultLD50Contact= 0.0381375530152582
AILarvaSlope= 0.840455970587209
AILarvaLD50= 0.588979383255355
AIKOW= 4.48532587662339
AIKOC= 20.6842728320044
AIHalfLife= 11.5114202951081
EAppRate= 0.460962581681088
