ICQueenStrength= 2.80660332320258
RQWkrDrnRatio= 3.90554212685674
ICDroneMiteSurvivorship= 79.4476359384134
ICWorkerMiteSurvivorship= 83.7899687932804
ICForagerLifespan= 14.2654377426952
ImmType= Polynomial
AIAdultSlopeContact= 5.10197315597907
AIAdultLD50Contact= 0.171238546678796
AILarvaSlope= 8.48684663651511
AILarvaLD50= 1.45003111753613
AIKOW= 27.0508674904704
AIKOC= 4.86851478926837
AIHalfLife= 9.75154781760648
