ICQueenStrength= 5.62366296793334
RQWkrDrnRatio= 4.49051532521844
ICDroneMiteSurvivorship= 0.0390237662941217
ICWorkerMiteSurvivorship= 38.65384189412
ICForagerLifespan= 14.8515775175765
ImmType= Sine
AIAdultSlopeContact= 0.756837157399859
AIAdultLD50Contact= 0.0290043591987342
AILarvaSlope= 1.34400038425811
AILarvaLD50= 0.254783351789229
AIKOW= 5.60652390681207
AIKOC= 25.1820045534987
AIHalfLife= 6.76814511138946
