ICQueenStrength= 1.6860039930325
RQWkrDrnRatio= 3.47752776090056
ICDroneMiteSurvivorship= 32.8508785925806
ICWorkerMiteSurvivorship= 18.4734984301031
ICForagerLifespan= 12.4342307671905
ImmType= Cosine
AIAdultSlope= 0.713021018821746
AIAdultLD50= 1.10848746076226
AIAdultSlopeContact= 3.08182067623828
AIAdultLD50Contact= 0.0199139831005596
AILarvaSlope= 3.13278666781262
AILarvaLD50= 0.429902123613283
AIKOW= 4.13329040398821
AIKOC= 24.6106159768533
AIHalfLife= 8.68479498755187
EAppRate= 0.885704125743359
