ICQueenStrength= 4.42798486701213
RQWkrDrnRatio= 2.13171308767051
ICDroneMiteSurvivorship= 54.9946391256526
ICWorkerMiteSurvivorship= 26.7171114450321
ICForagerLifespan= 5.05364256165922
ImmType= Polynomial
AIAdultSlopeContact= 2.80750487753889
AIAdultLD50Contact= 0.00288800980197266
AILarvaSlope= 1.00426237434149
AILarvaLD50= 0.519147921307012
AIKOW= 2.28622881416231
AIKOC= 19.1841646924149
AIHalfLife= 2.2099607703276
