ICQueenStrength= 3.44632730027661
RQWkrDrnRatio= 4.91358915530145
ICDroneMiteSurvivorship= 40.0433388305828
ICWorkerMiteSurvivorship= 90.1554867392406
ICForagerLifespan= 14.3116135494784
ImmType= Tangent
AIAdultSlope= 2.05008676289348
AIAdultLD50= 0.0823287519160658
AIAdultSlopeContact= 1.43460506457835
AIAdultLD50Contact= 0.0225454058381729
AILarvaSlope= 2.36296936040744
AILarvaLD50= 0.712053487915546
AIKOW= 5.62073122011498
AIKOC= 26.9528006738983
AIHalfLife= 2.89483007858507
EAppRate= 0.564688731892966
