ICQueenStrength= 2.51870032423176
RQWkrDrnRatio= 3.98963215760887
ICDroneMiteSurvivorship= 9.07093507703394
ICWorkerMiteSurvivorship= 62.7540361369029
ICForagerLifespan= 10.2341942023486
ImmType= Exponential
AIAdultSlope= 1.75328197116032
AIAdultLD50= 1.66585294296965
AIAdultSlopeContact= 1.65035062901443
AIAdultLD50Contact= 0.0124202992301434
AILarvaSlope= 1.50914976894855
AILarvaLD50= 0.582691372535192
AIKOW= 6.64005134673789
AIKOC= 27.6664943969809
AIHalfLife= 1.1405458827503
EAppRate= 0.702517810510471
