ICQueenStrength= 2.58399317995645
RQWkrDrnRatio= 4.64674978982657
ICDroneMiteSurvivorship= 89.5782186184078
ICWorkerMiteSurvivorship= 85.841369535774
ICForagerLifespan= 12.922924133949
ImmType= Cosine
AIAdultSlope= 2.44204552402021
AIAdultLD50= 0.306243434315547
AIAdultSlopeContact= 1.08078048092779
AIAdultLD50Contact= 0.0497827738639899
AILarvaSlope= 0.228842746512964
AILarvaLD50= 0.233410482108593
AIKOW= 5.03635366912931
AIKOC= 16.4916315185837
AIHalfLife= 4.25184883875772
EAppRate= 0.586506172060035
