ICQueenStrength= 5.85094081843272
RQWkrDrnRatio= 3.71570625994354
ICDroneMiteSurvivorship= 54.0185822406784
ICWorkerMiteSurvivorship= 4.87634006422013
ICForagerLifespan= 13.1270416816697
ImmType= Polynomial
AIAdultLD50= 0.154012839635834
AIAdultSlopeContact= 1.73556201549014
AIAdultLD50Contact= 0.015315669530537
AILarvaSlope= 1.31731989663094
AILarvaLD50= 0.519551141560078
AIKOW= 7.99901230027899
AIKOC= 9.165146604646
AIHalfLife= 9.17386261513457
EAppRate= 0.0355718741193414
