ICQueenStrength= 5.20179920038208
RQWkrDrnRatio= 1.48300427012146
ICDroneMiteSurvivorship= 44.2520096199587
ICWorkerMiteSurvivorship= 16.5816205786541
ICForagerLifespan= 9.11679048091173
ImmType= Sine
AIAdultSlope= 0.0872478071996011
AIAdultLD50= 0.0660034741740674
AIAdultSlopeContact= 2.64638435548637
AIAdultLD50Contact= 0.0142054230323993
AILarvaSlope= 2.57041204790585
AILarvaLD50= 0.420775430090725
AIKOW= 2.90019127028063
AIKOC= 25.2155874168966
AIHalfLife= 2.28077746578492
EAppRate= 0.197753812279552
