ICQueenStrength= 4.59568412182853
RQWkrDrnRatio= 2.44195422809571
ICDroneMiteSurvivorship= 85.8762039570138
ICWorkerMiteSurvivorship= 14.6828419994563
ICForagerLifespan= 11.1058731032535
ImmType= Logarithmic
AIAdultSlope= 0.69517482756637
AIAdultLD50= 0.32756755175069
AIAdultSlopeContact= 1.5228826933424
AIAdultLD50Contact= 0.00989642129279673
AILarvaSlope= 0.928699788125232
AILarvaLD50= 0.609027785458602
AIKOW= 3.81472809100524
AIKOC= 14.933601639932
AIHalfLife= 4.53442385885864
EAppRate= 0.239028407027945
