ICQueenStrength= 3.75426700129174
RQWkrDrnRatio= 4.66863381396979
ICDroneMiteSurvivorship= 15.1714599691331
ICWorkerMiteSurvivorship= 21.4180386159569
ICForagerLifespan= 12.7361921900883
ImmType= Tangent
AIAdultSlope= 1.18652981490595
AIAdultLD50= 0.158139611477964
AIAdultSlopeContact= 3.34271247453522
AIAdultLD50Contact= 0.00474491463974118
AILarvaSlope= 2.95489513552748
AILarvaLD50= 0.457840220374055
AIKOW= 3.74264425737783
AIKOC= 20.7160489936359
AIHalfLife= 1.01590156089514
EAppRate= 0.491123002627864
