ICQueenStrength= 2.65857582585886
RQWkrDrnRatio= 4.0751290731132
ICDroneMiteSurvivorship= 99.7726300964132
ICWorkerMiteSurvivorship= 12.8474234137684
ICForagerLifespan= 7.76199820544571
ImmType= Tangent
AIAdultSlopeContact= 0.303084668198135
AIAdultLD50Contact= 0.0043951666681096
AILarvaSlope= 2.42445384217426
AILarvaLD50= 0.533393937419169
AIKOW= 2.40762865915895
AIKOC= 17.6805921201594
AIHalfLife= 6.50786072295159
