ICQueenStrength= 3.71015818463638
RQWkrDrnRatio= 4.97349967248738
ICDroneMiteSurvivorship= 64.3249810440466
ICWorkerMiteSurvivorship= 82.1883679367602
ICForagerLifespan= 9.6827163156122
ImmType= Exponential
AIAdultSlope= 3.11875289115123
AIAdultLD50= 2.48628432489932
AIAdultSlopeContact= 0.850232571784873
AIAdultLD50Contact= 0.0413433891255409
AILarvaSlope= 0.907771978061646
AILarvaLD50= 0.665788154304028
AIKOW= 4.54936485458165
AIKOC= 7.9440617247019
AIHalfLife= 8.55503365490586
EAppRate= 0.542665768414736
