ICQueenStrength= 1.53941943566315
RQWkrDrnRatio= 4.84829643927515
ICDroneMiteSurvivorship= 72.2774341469631
ICWorkerMiteSurvivorship= 83.4242112934589
ICForagerLifespan= 12.1466541066766
ImmType= Tangent
AIAdultSlope= 3.91953686309746
AIAdultLD50= 0.0739921246422455
AIAdultSlopeContact= 3.41639007781399
AIAdultLD50Contact= 0.0475204836111516
AILarvaSlope= 0.890660203481093
AILarvaLD50= 0.894917937275022
AIKOW= 7.43335278099403
AIKOC= 17.975458469009
AIHalfLife= 3.40338362613693
EAppRate= 0
