ICQueenStrength= 1.3715341007337
RQWkrDrnRatio= 2.94250115100294
