ICQueenStrength= 5.15638910839334
RQWkrDrnRatio= 4.10074431356043
ICDroneMiteSurvivorship= 6.90109927672893
ICWorkerMiteSurvivorship= 67.4224045826122
ICForagerLifespan= 10.5714503135532
ImmType= Tangent
AIAdultSlope= 1.32651085690595
AIAdultSlopeContact= 2.84199345677393
AIAdultLD50Contact= 0.0270574178546667
AILarvaSlope= 1.33117274758406
AILarvaLD50= 0.515142908412963
AIKOW= 5.02693498181179
AIKOC= 6.49023052654229
AIHalfLife= 3.21674127690494
