ICQueenStrength= 1.78678712830879
RQWkrDrnRatio= 1.97460026293993
ICDroneMiteSurvivorship= 89.0693899709731
ICWorkerMiteSurvivorship= 52.8418493224308
ICForagerLifespan= 5.83676159009337
ImmType= Polynomial
AIAdultSlope= 2.85651765509974
AIAdultLD50= 0.338152339914814
AIAdultSlopeContact= 1.47630092432024
AIAdultLD50Contact= 0.00514455327065662
AILarvaSlope= 1.19566600057296
AILarvaLD50= 0.404527816968039
AIKOW= 7.97589160408825
AIKOC= 10.3671856992878
AIHalfLife= 2.92372375610285
EAppRate= 0
