ICQueenStrength= 4.73381181852892
RQWkrDrnRatio= 3.79361452907324
ICDroneMiteSurvivorship= 97.271001781337
ICWorkerMiteSurvivorship= 46.7121371533722
ICForagerLifespan= 11.2803926840425
ImmType= Cosine
AIAdultSlopeContact= 0.00253667738987133
AIAdultLD50Contact= 0.014672258333303
AILarvaSlope= 1.4526076241862
AILarvaLD50= 0.587128075864166
AIKOW= 3.79824971500784
AIKOC= 5.76633156277239
AIHalfLife= 4.6289199073799
