ICQueenStrength= 1.72171956417151
RQWkrDrnRatio= 1.32884736079723
ICDroneMiteSurvivorship= 48.3219632413238
ICWorkerMiteSurvivorship= 75.7587297353894
ICForagerLifespan= 8.90076047182083
ImmType= Tangent
AIAdultSlope= 2.54046082464745
AIAdultLD50= 0.25778091524262
AIAdultSlopeContact= 0.00250100973760709
AIAdultLD50Contact= 0.0454532121773809
AILarvaSlope= 3.36565080187283
AILarvaLD50= 0.12480275798589
AIKOW= 3.17939171474427
AIKOC= 19.2837288381997
AIHalfLife= 2.60142976418138
EAppRate= 0.351264100754634
