ICQueenStrength= 5.91878042463213
RQWkrDrnRatio= 4.60013840440661
ICDroneMiteSurvivorship= 56.7866605939344
ICWorkerMiteSurvivorship= 68.9552495954558
ICForagerLifespan= 5.17820000648499
ImmType= Cosine
AIAdultSlope= 0.111305906902999
AIAdultLD50= 0.57360103703104
AIAdultSlopeContact= 0.0878684455528855
AIAdultLD50Contact= 0.00466474248096347
AILarvaSlope= 1.67071437463164
AILarvaLD50= 0.653868602588773
AIKOW= 1.6618562862277
AIKOC= 71.8437646515667
AIHalfLife= 9.71233456535265
EAppRate= 0.700337123591453
