ICQueenStrength= 2.78653724491596
RQWkrDrnRatio= 3.49661600776017
ICDroneMiteSurvivorship= 71.2850937619805
ICWorkerMiteSurvivorship= 95.7857788307592
ICForagerLifespan= 10.0608166474849
ImmType= Tangent
AIAdultSlope= 7.43942005094141
AIAdultLD50= 0.65444401348941
AIAdultSlopeContact= 1.20773050235584
AIAdultLD50Contact= 0.0477915434166789
AILarvaSlope= 8.22355330223218
AILarvaLD50= 0.761634503491223
AIKOW= 15.0677992263809
AIKOC= 15.6457524280995
AIHalfLife= 3.74024929711595
EAppRate= 0.149369676597416
