ICQueenStrength= 3.17216961784288
RQWkrDrnRatio= 2.91283658519387
ICDroneMiteSurvivorship= 92.7412608172745
ICWorkerMiteSurvivorship= 95.7075196318328
ICForagerLifespan= 12.5229276446626
ImmType= Sine
AIAdultSlope= 1.45978916203603
