ICQueenStrength= 1.4531435482204
RQWkrDrnRatio= 4.3580933380872
ICDroneMiteSurvivorship= 2.95887750107795
ICWorkerMiteSurvivorship= 45.4140895977616
ICForagerLifespan= 13.282531067729
ImmType= Exponential
AIAdultSlope= 2.2467751391558
AIAdultLD50= 0.129549402394332
AIAdultSlopeContact= 0.32942564573139
AIAdultLD50Contact= 0.0260691193165258
AILarvaSlope= 3.3887967009563
AILarvaLD50= 0.535501003707759
AIKOW= 4.87770260684192
AIKOC= 22.2225630376488
AIHalfLife= 1.87127039767802
EAppRate= 0.115145946783014
