ICQueenStrength= 2.14652425399981
RQWkrDrnRatio= 3.84137554001063
ICDroneMiteSurvivorship= 29.9252734519541
ICWorkerMiteSurvivorship= 88.0656938999891
ICForagerLifespan= 9.36495013255626
ImmType= Tangent
AIAdultSlopeContact= 1.66701102324296
AIAdultLD50Contact= 0.00692506016930565
AILarvaSlope= 1.34281059289351
AILarvaLD50= 0.490707414946519
AIKOW= 6.11702202633023
AIKOC= 18.7097257946152
AIHalfLife= 8.71379346866161
