ICQueenStrength= 2.8201661366038
RQWkrDrnRatio= 1.46467204485089
ICDroneMiteSurvivorship= 53.4620254533365
ICWorkerMiteSurvivorship= 81.8835080135614
ICForagerLifespan= 13.6384429680184
ImmType= Polynomial
AIAdultSlope= 2.80125322197564
AIAdultLD50= 2.6408959091641
AIAdultSlopeContact= 0.823602946135215
AIAdultLD50Contact= 0.00259319895412773
AILarvaSlope= 0.17572306226939
AILarvaLD50= 0.405058594071306
AIKOW= 2.9941115709953
AIKOC= 13.3753833372612
AIHalfLife= 1.84920094488189
EAppRate= 0.817062396556139
