ICQueenStrength= 1.29447689186782
RQWkrDrnRatio= 4.10743797011673
ICDroneMiteSurvivorship= 10.4646754451096
ICWorkerMiteSurvivorship= 34.94781346526
ICForagerLifespan= 12.7006751270965
ImmType= Logarithmic
AIAdultSlope= 0.800426087807864
