ICQueenStrength= 5.00233888649382
RQWkrDrnRatio= 1.06843899469823
ICDroneMiteSurvivorship= 82.7350540552288
ICWorkerMiteSurvivorship= 10.6756486929953
ICForagerLifespan= 11.6072183325887
ImmType= Exponential
AIAdultSlopeContact= 2.79127281173598
AIAdultLD50Contact= 0.0096479722764343
AILarvaSlope= 2.24614030849189
AILarvaLD50= 0.523939190874808
AIKOW= 3.12217752682045
AIKOC= 26.0205210605636
AIHalfLife= 6.70760767906904
