ICQueenStrength= 3.9265132045839
RQWkrDrnRatio= 3.53081866446882
ICDroneMiteSurvivorship= 49.9714580131695
ICWorkerMiteSurvivorship= 5.27066122740507
ICForagerLifespan= 6.90695989411324
ImmType= Polynomial
AIAdultSlope= 2.1285048709251
