ICQueenStrength= 4.50081037380733
RQWkrDrnRatio= 3.29103799909353
ICDroneMiteSurvivorship= 49.0427580894902
ICWorkerMiteSurvivorship= 31.2208377989009
ICForagerLifespan= 8.2440194291994
ImmType= Exponential
AIAdultSlope= 1.32027282066643
AIAdultLD50= 0.23648450570181
AIAdultSlopeContact= 3.41731561587425
AIAdultLD50Contact= 0.048300367302727
AILarvaSlope= 2.3677057468798
AILarvaLD50= 0.294890721375123
AIKOW= 6.02272842358798
AIKOC= 19.3989058677107
AIHalfLife= 1.58282805234194
EAppRate= 0.650456154323183
