ICQueenStrength= 5.28277013939805
RQWkrDrnRatio= 1.92903145961463
ICDroneMiteSurvivorship= 40.1539715239778
ICWorkerMiteSurvivorship= 38.0481063388288
ICForagerLifespan= 6.60066223610193
ImmType= Cosine
AIAdultSlope= 7.61111362604424
