ICQueenStrength= 5.49410932837054
RQWkrDrnRatio= 4.66164003033191
ICDroneMiteSurvivorship= 98.8294742302969
ICWorkerMiteSurvivorship= 86.2255814485252
ICForagerLifespan= 12.4122100770473
ImmType= Exponential
AIAdultSlope= 3.33392918431666
AIAdultLD50= 0.111055790213868
AIAdultSlopeContact= 2.57515145591693
AIAdultLD50Contact= 0.00861374269006774
AILarvaSlope= 2.36084733498283
AILarvaLD50= 0.409785350854509
AIKOW= 2.96867799758911
AIKOC= 24.0509125124663
AIHalfLife= 2.47329978272319
EAppRate= 0
