ICQueenStrength= 1.29283418436535
RQWkrDrnRatio= 3.89902801439166
ICDroneMiteSurvivorship= 82.6558366417885
ICWorkerMiteSurvivorship= 67.9879152448848
ICForagerLifespan= 12.6622364623472
ImmType= Cosine
AIAdultSlope= 0.146734591238201
AIAdultLD50= 0.176761373877525
AIAdultSlopeContact= 1.65903096983442
AIAdultLD50Contact= 0.0183789420174435
AILarvaSlope= 0.464448511041701
AILarvaLD50= 0.443751268344931
AIKOW= 3.53500177850947
AIKOC= 14.8697761131916
AIHalfLife= 2.82682651770301
EAppRate= 0.423330974858254
