ICQueenStrength= 5.27305220975541
RQWkrDrnRatio= 1.35002824570984
ICDroneMiteSurvivorship= 67.6635726122186
ICWorkerMiteSurvivorship= 52.3107395740226
ICForagerLifespan= 6.51555136311799
ImmType= Exponential
AIAdultSlope= 1.70910848080181
AIAdultLD50= 0.304030096274801
AIAdultSlopeContact= 2.33532393266447
AIAdultLD50Contact= 0.0276445941068232
AILarvaSlope= 3.19978750753216
AILarvaLD50= 0.581617691810243
AIKOW= 2.38010527612641
AIKOC= 8.27469385229051
AIHalfLife= 3.60003774287179
EAppRate= 0.419681339547969
