ICQueenStrength= 2.96036106790416
RQWkrDrnRatio= 4.85936688259244
ICDroneMiteSurvivorship= 34.4068506732583
ICWorkerMiteSurvivorship= 96.4206388918683
ICForagerLifespan= 10.9581889342517
ImmType= Sine
AIAdultSlope= 1.10229579255916
AIAdultLD50= 0.257559073157609
AIAdultSlopeContact= 2.58231494243955
AIAdultLD50Contact= 0.00631240870570764
AILarvaSlope= 1.08463730891235
AILarvaLD50= 0.020685252500698
AIKOW= 7.99710406782106
AIKOC= 21.9039089523721
AIHalfLife= 0.909036458469927
EAppRate= 0.604033051221631
