ICQueenStrength= 2.19414722779766
RQWkrDrnRatio= 1.22665983159095
ICDroneMiteSurvivorship= 60.8375282259658
ICWorkerMiteSurvivorship= 10.8121604658663
ICForagerLifespan= 6.43986360169947
ImmType= Polynomial
AIAdultSlope= 2.16986189603107
AIAdultLD50= 0.11786060873419
AIAdultSlopeContact= 3.90791017106501
AIAdultLD50Contact= 0.0116607246105559
AILarvaSlope= 2.00543652852066
AILarvaLD50= 0.609859283664264
AIKOW= 2.04362722067162
AIKOC= 22.6055430143606
AIHalfLife= 1.8871099979151
EAppRate= 0.253623452759348
