ICQueenStrength= 1.40587107650936
RQWkrDrnRatio= 1.30584449227899
ICDroneMiteSurvivorship= 23.5531970160082
ICWorkerMiteSurvivorship= 5.37786358036101
ICForagerLifespan= 4.85037346091121
ImmType= Tangent
AIAdultSlope= 6.96179568534717
AIAdultLD50= 0.434020738117397
AIAdultSlopeContact= 8.64887239644304
AIAdultLD50Contact= 0.0731491549406201
AILarvaSlope= 8.07112254435197
AILarvaLD50= 1.56141073908657
AIKOW= 56.178027507849
AIKOC= 75.4852277692407
AIHalfLife= 9.09911289066076
EAppRate= 1.69614366721362
