ICQueenStrength= 4.76795578747988
RQWkrDrnRatio= 1.88905782625079
ICDroneMiteSurvivorship= 20.782374124974
ICWorkerMiteSurvivorship= 64.7749912925065
ICForagerLifespan= 12.9225303214043
ImmType= Cosine
AIAdultSlope= 3.53336814780487
AIAdultLD50= 0.353280313545838
AIAdultSlopeContact= 0.202477153872605
AIAdultLD50Contact= 0.00874522648518905
AILarvaSlope= 1.32057919469662
AILarvaLD50= 0.336888871039264
AIKOW= 4.38658902281895
AIKOC= 9.31976169347763
AIHalfLife= 2.41685777553357
EAppRate= 0.549605116783641
