ICQueenStrength= 2.3842009624932
RQWkrDrnRatio= 4.91241461969912
ICDroneMiteSurvivorship= 8.04001037031412
ICWorkerMiteSurvivorship= 46.127416822128
ICForagerLifespan= 7.56220621708781
ImmType= Cosine
AIAdultSlopeContact= 1.97903818218503
AIAdultLD50Contact= 0.0229612721130252
AILarvaSlope= 1.73507535737008
AILarvaLD50= 0.0609421173110604
AIKOW= 4.6249227328226
AIKOC= 21.3587128627114
AIHalfLife= 0.802666703704745
