ICQueenStrength= 2.0580411402043
RQWkrDrnRatio= 2.49233323242515
ICDroneMiteSurvivorship= 75.1879666931927
ICWorkerMiteSurvivorship= 18.9541301457211
ICForagerLifespan= 8.26449081115425
ImmType= Cosine
AIAdultSlope= 8.31874571507797
