ICQueenStrength= 4.10026557999663
RQWkrDrnRatio= 1.62718230858445
ICDroneMiteSurvivorship= 94.3866468500346
ICWorkerMiteSurvivorship= 74.0175755461678
ICForagerLifespan= 4.00269883032888
ImmType= Sine
AIAdultSlopeContact= 3.71924684636761
AIAdultLD50Contact= 0.0366077974671498
AILarvaSlope= 1.59509683693759
AILarvaLD50= 0.25698687764816
AIKOW= 5.07927787024528
AIKOC= 22.963583371602
AIHalfLife= 4.67983332742006
