ICQueenStrength= 2.48426479659975
RQWkrDrnRatio= 4.45245541911572
ICDroneMiteSurvivorship= 81.0967894271016
ICWorkerMiteSurvivorship= 35.3252109372988
ICForagerLifespan= 6.56992315687239
ImmType= Polynomial
AIAdultSlope= 3.72880759441294
AIAdultLD50= 0.269195597851649
AIAdultSlopeContact= 1.7661683537811
AIAdultLD50Contact= 0.0144667508429848
AILarvaSlope= 3.08227299218997
AILarvaLD50= 0.27292718316894
AIKOW= 4.44684964697808
AIKOC= 24.0832629275974
AIHalfLife= 0.299716512672603
EAppRate= 0.180267246253788
