ICQueenStrength= 3.36600702628493
RQWkrDrnRatio= 2.60456483997405
ICDroneMiteSurvivorship= 84.4054176006466
ICWorkerMiteSurvivorship= 87.5036262208596
ICForagerLifespan= 5.75389802269638
ImmType= Cosine
AIAdultLD50= 0.154012839635834
AIAdultSlopeContact= 3.06721755156526
AIAdultLD50Contact= 0.0203886312083341
AILarvaSlope= 2.10211602719501
AILarvaLD50= 0.648052320652641
AIKOW= 2.3911440721713
AIKOC= 18.1429439701606
AIHalfLife= 4.77494883909822
EAppRate= 1.33254071464762
