ICQueenStrength= 5.44481414044276
RQWkrDrnRatio= 4.68979634530842
ICDroneMiteSurvivorship= 77.7321416186169
ICWorkerMiteSurvivorship= 84.8520210711285
ICForagerLifespan= 7.09777975920588
ImmType= Sine
AIAdultSlope= 2.34442329732701
