ICQueenStrength= 4.70513933477923
RQWkrDrnRatio= 1.16463679354638
ICDroneMiteSurvivorship= 82.6176040805876
ICWorkerMiteSurvivorship= 12.3883669963107
ICForagerLifespan= 4.84007218014449
ImmType= Exponential
AIAdultSlopeContact= 0.412720939025749
AIAdultLD50Contact= 0.0433973764069378
AILarvaSlope= 1.49321126691066
AILarvaLD50= 0.640368677582592
AIKOW= 4.21932559134439
AIKOC= 9.0342660387978
AIHalfLife= 11.0899558900855
