ICQueenStrength= 5.04388112365268
RQWkrDrnRatio= 3.84507673885673
ICDroneMiteSurvivorship= 44.2338786786422
ICWorkerMiteSurvivorship= 29.3237784644589
ICForagerLifespan= 14.9225943265483
ImmType= Logarithmic
AIAdultSlope= 1.15920479502529
AIAdultLD50= 2.79659888357855
AIAdultSlopeContact= 1.81593291724334
AIAdultLD50Contact= 0.0397941988892853
AILarvaSlope= 0.777341335918754
AILarvaLD50= 0.653938330477104
AIKOW= 3.66263379482552
AIKOC= 14.9182372156065
AIHalfLife= 2.37208771565929
EAppRate= 0.367070688866079
