ICQueenStrength= 3.16354758478701
RQWkrDrnRatio= 2.69143840670586
ICDroneMiteSurvivorship= 84.4354152213782
ICWorkerMiteSurvivorship= 22.6668728981167
ICForagerLifespan= 5.14520030282438
ImmType= Exponential
AIAdultSlope= 1.17688509402797
AIAdultLD50= 0.637288133846596
AIAdultSlopeContact= 6.12960709258914
AIAdultLD50Contact= 0.195802958169952
AILarvaSlope= 6.09582748962566
AILarvaLD50= 1.8800213704817
AIKOW= 7.59853317867965
AIKOC= 12.4866356141865
AIHalfLife= 0.126904346048832
EAppRate= 0.0440902872942388
