ICQueenStrength= 1.43729854165576
RQWkrDrnRatio= 2.19497260544449
ICDroneMiteSurvivorship= 0.716231693513691
ICWorkerMiteSurvivorship= 91.418921505101
ICForagerLifespan= 13.2157143773511
ImmType= Sine
AIAdultSlope= 6.97544920956716
