ICQueenStrength= 3.18846754869446
RQWkrDrnRatio= 2.07899593748152
ICDroneMiteSurvivorship= 91.4111437974498
ICWorkerMiteSurvivorship= 5.85480039007962
ICForagerLifespan= 13.7855571033433
ImmType= Logarithmic
AIAdultLD50= 0.154012839635834
AIAdultSlopeContact= 0.380082706636749
AIAdultLD50Contact= 0.0263681531767361
AILarvaSlope= 2.27356623220257
AILarvaLD50= 0.0168789600720629
AIKOW= 4.39942982047796
AIKOC= 15.3211809822824
AIHalfLife= 10.8285359088331
EAppRate= 0.973285297863185
