ICQueenStrength= 4.49200628814287
RQWkrDrnRatio= 3.69287796225399
ICDroneMiteSurvivorship= 45.0074589345604
ICWorkerMiteSurvivorship= 44.1297417972237
ICForagerLifespan= 9.48736797086895
ImmType= Tangent
AIAdultSlope= 2.23413807805628
