ICQueenStrength= 4.41818537912332
RQWkrDrnRatio= 3.33359809219837
ICDroneMiteSurvivorship= 69.4902664283291
ICWorkerMiteSurvivorship= 13.1885286653414
ICForagerLifespan= 12.3119969535619
ImmType= Polynomial
AIAdultSlopeContact= 2.77463418136351
AIAdultLD50Contact= 0.0437032223097049
AILarvaSlope= 2.32060728049837
AILarvaLD50= 0.117099032085389
AIKOW= 4.26334311254323
AIKOC= 10.3151160478592
AIHalfLife= 12.3593179336749
