ICQueenStrength= 5.57227199804038
RQWkrDrnRatio= 4.69786938652396
ICDroneMiteSurvivorship= 38.4508762974292
ICWorkerMiteSurvivorship= 57.3620577109978
ICForagerLifespan= 15.1886597825214
ImmType= Polynomial
AIAdultSlopeContact= 3.24119178321445
AIAdultLD50Contact= 0.0130396455642767
AILarvaSlope= 1.12229016772471
AILarvaLD50= 0.719375242944807
AIKOW= 5.05030373902991
AIKOC= 28.0971117096487
AIHalfLife= 11.8431190056726
