ICQueenStrength= 5.94787098141387
RQWkrDrnRatio= 2.73262791521847
ICDroneMiteSurvivorship= 11.1472748219967
ICWorkerMiteSurvivorship= 7.10777537897229
ICForagerLifespan= 9.35692962352186
ImmType= Tangent
AIAdultSlope= 2.94860931431176
AIAdultLD50= 0.14996802713722
AIAdultSlopeContact= 0.0650212754448876
AIAdultLD50Contact= 0.0158552651642822
AILarvaSlope= 1.57510177074
AILarvaLD50= 0.177011613431387
AIKOW= 7.61423140577972
AIKOC= 17.4823729740456
AIHalfLife= 2.24815058521926
EAppRate= 0
