ICQueenStrength= 4.95969289122149
RQWkrDrnRatio= 2.79696318600327
ICDroneMiteSurvivorship= 74.2069568252191
ICWorkerMiteSurvivorship= 36.730697681196
ICForagerLifespan= 11.8569318633527
ImmType= Sine
AIAdultSlope= 1.66437615947798
AIAdultLD50= 0.669598456006497
AIAdultSlopeContact= 0.661984282038175
AIAdultLD50Contact= 0.0188358376384713
AILarvaSlope= 0.657262465637177
AILarvaLD50= 0.0128342534182593
AIKOW= 6.64462774991989
AIKOC= 27.1784673689399
AIHalfLife= 1.64279389195144
EAppRate= 0.66021094773896
