ICQueenStrength= 2.85657154768705
RQWkrDrnRatio= 2.20418235100806
ICDroneMiteSurvivorship= 51.235662936233
ICWorkerMiteSurvivorship= 13.9308397192508
ICForagerLifespan= 10.1913209743798
ImmType= Logarithmic
AIAdultSlope= 0.380695256015752
AIAdultLD50= 0.437439569272101
AIAdultSlopeContact= 1.02631110433023
AIAdultLD50Contact= 0.00817493109498173
AILarvaSlope= 0.104790108837187
AILarvaLD50= 0.415119098452851
AIKOW= 7.84425896266475
AIKOC= 8.53077099425718
AIHalfLife= 2.71165579208173
EAppRate= 0.399430643813685
