ICQueenStrength= 2.67055038968101
RQWkrDrnRatio= 3.37988827843219
ICDroneMiteSurvivorship= 3.36334211751819
ICWorkerMiteSurvivorship= 72.7075905539095
ICForagerLifespan= 11.4285419452935
ImmType= Tangent
AIAdultSlope= 0.0419996445998549
