ICQueenStrength= 4.50092869135551
RQWkrDrnRatio= 4.93272958695889
ICDroneMiteSurvivorship= 61.600904352963
ICWorkerMiteSurvivorship= 77.9087616596371
ICForagerLifespan= 13.2412429889664
ImmType= Exponential
AIAdultLD50= 0.154012839635834
AIAdultSlopeContact= 0.937774584044237
AIAdultLD50Contact= 0.0251312654814683
AILarvaSlope= 0.439965489832684
AILarvaLD50= 0.302903765277006
AIKOW= 2.77150372508913
AIKOC= 19.5435871439986
AIHalfLife= 6.55050278874114
EAppRate= 1.77529926272109
