ICQueenStrength= 2.83429501135834
RQWkrDrnRatio= 3.41684743016958
ICDroneMiteSurvivorship= 51.9018875202164
ICWorkerMiteSurvivorship= 16.5787505917251
ICForagerLifespan= 4.32116951793432
ImmType= Polynomial
AIAdultSlope= 1.27854711599648
AIAdultSlopeContact= 1.4115218686522
AIAdultLD50Contact= 0.0425179489771836
AILarvaSlope= 2.19019154068083
AILarvaLD50= 0.879818144277669
AIKOW= 7.74536608392373
AIKOC= 18.2424500596244
AIHalfLife= 7.13130931416526
