ICQueenStrength= 4.6178204359021
RQWkrDrnRatio= 1.20134527236223
ICDroneMiteSurvivorship= 28.0829309485853
ICWorkerMiteSurvivorship= 37.1588175185025
ICForagerLifespan= 9.45658614393324
ImmType= Cosine
AIAdultSlope= 7.90379161480814
