ICQueenStrength= 3.33076723525301
RQWkrDrnRatio= 2.2866693707183
ICDroneMiteSurvivorship= 94.5594283984974
ICWorkerMiteSurvivorship= 60.4599492624402
ICForagerLifespan= 14.2798995822668
ImmType= Sine
AIAdultSlope= 2.36140650585294
AIAdultLD50= 0.0681655495427549
AIAdultSlopeContact= 3.71850367999636
AIAdultLD50Contact= 0.03191427559359
AILarvaSlope= 0.443652948923409
AILarvaLD50= 0.141314061800949
AIKOW= 5.73112226370722
AIKOC= 21.0346384625882
AIHalfLife= 8.39257318433374
EAppRate= 0.75094795669429
