ICQueenStrength= 1.01739735598676
RQWkrDrnRatio= 1.92423768248409
ICDroneMiteSurvivorship= 33.2334021572024
ICWorkerMiteSurvivorship= 72.4300687899813
ICForagerLifespan= 5.47566634044051
ImmType= Tangent
AIAdultSlope= 1.77956968170824
AIAdultLD50= 0.101464532432146
AIAdultSlopeContact= 3.13737182308221
AIAdultLD50Contact= 0.00438134633004665
AILarvaSlope= 1.57121394840069
AILarvaLD50= 0.811124692694284
AIKOW= 4.59977770363912
AIKOC= 20.7329919922631
AIHalfLife= 3.52374486625195
EAppRate= 0
