ICQueenStrength= 5.86528072389774
RQWkrDrnRatio= 4.17074634879827
ICDroneMiteSurvivorship= 41.560481232591
ICWorkerMiteSurvivorship= 20.7829753402621
ICForagerLifespan= 7.82336435653269
ImmType= Sine
AIAdultSlopeContact= 4.47878525126725
AIAdultLD50Contact= 0.134894349519163
AILarvaSlope= 3.31685514422134
AILarvaLD50= 0.251056294888258
AIKOW= 48.384642158635
AIKOC= 24.490756704472
AIHalfLife= 2.98466511815786
