ICQueenStrength= 3.99055346287787
RQWkrDrnRatio= 3.94892804138362
ICDroneMiteSurvivorship= 33.6758733028546
ICWorkerMiteSurvivorship= 73.2619260670617
ICForagerLifespan= 11.9180859802291
ImmType= Tangent
AIAdultSlope= 0.257249042158946
AIAdultLD50= 0.561727912165225
AIAdultSlopeContact= 0.907226045101415
AIAdultLD50Contact= 0.000939315999858081
AILarvaSlope= 0.190224163187668
AILarvaLD50= 0.291734297177754
AIKOW= 2.03692418476567
AIKOC= 26.4381847006734
AIHalfLife= 13.0513727189973
EAppRate= 0.851614280836657
