ICQueenStrength= 5.059418925317
RQWkrDrnRatio= 3.7865024805069
ICDroneMiteSurvivorship= 49.6744725620374
ICWorkerMiteSurvivorship= 74.7096588369459
ICForagerLifespan= 14.4441170692444
ImmType= Polynomial
AIAdultSlope= 0.48249411201803
AIAdultLD50= 0.465140342363156
AIAdultSlopeContact= 1.81495980248787
AIAdultLD50Contact= 0.0197940148762427
AILarvaSlope= 2.76200713715516
AILarvaLD50= 0.60109185653273
AIKOW= 6.37457373458892
AIKOC= 21.3508008234203
AIHalfLife= 3.02674514125101
EAppRate= 0.0224737095879391
