ICQueenStrength= 3.48039879836142
RQWkrDrnRatio= 1.9730308810249
ICDroneMiteSurvivorship= 66.1437147529796
ICWorkerMiteSurvivorship= 72.1248583169654
ICForagerLifespan= 13.014210505411
ImmType= Polynomial
AIAdultSlope= 0.781147854495794
AIAdultLD50= 0.93901494378224
AIAdultSlopeContact= 3.0484910587105
AIAdultLD50Contact= 0.0336046295124106
AILarvaSlope= 0.789090132899582
AILarvaLD50= 0.782915808283724
AIKOW= 2.37197229452431
AIKOC= 11.0038330790121
AIHalfLife= 0.218265478964895
EAppRate= 0.899684060132131
