ICQueenStrength= 4.1521360995248
RQWkrDrnRatio= 1.47345670498908
ICDroneMiteSurvivorship= 98.9715431118384
ICWorkerMiteSurvivorship= 37.472677975893
ICForagerLifespan= 14.0166979879141
ImmType= Exponential
AIAdultSlope= 2.85239197922638
AIAdultLD50= 0.496794544160366
AIAdultSlopeContact= 2.27581691469066
AIAdultLD50Contact= 0.0038165689446032
AILarvaSlope= 2.52166583319195
AILarvaLD50= 0.0419277194654569
AIKOW= 3.20986312907189
AIKOC= 23.3589253341779
AIHalfLife= 2.33033518888988
EAppRate= 0.389322383166291
