ICQueenStrength= 3.44129249243997
RQWkrDrnRatio= 1.71614077873528
ICDroneMiteSurvivorship= 10.3617213433608
ICWorkerMiteSurvivorship= 24.9745481880382
ICForagerLifespan= 15.2281310809776
ImmType= Exponential
AIAdultSlope= 1.25961561589502
AIAdultLD50= 2.87688968726434
AIAdultSlopeContact= 0.121310714324936
AIAdultLD50Contact= 0.0221458381274715
AILarvaSlope= 0.46701774476096
AILarvaLD50= 0.0496069125831127
AIKOW= 7.13993122801185
AIKOC= 6.4655489823781
AIHalfLife= 1.54238730482757
EAppRate= 0.835285983514041
