ICQueenStrength= 4.84521004161797
RQWkrDrnRatio= 4.77153152599931
ICDroneMiteSurvivorship= 28.0657428083941
ICWorkerMiteSurvivorship= 4.12084774579853
ICForagerLifespan= 5.5808288436383
ImmType= Exponential
AIAdultSlope= 2.53171468259068
AIAdultLD50= 0.251437333063222
AIAdultSlopeContact= 1.42233846027637
AIAdultLD50Contact= 0.035079494852107
AILarvaSlope= 2.23490758636035
AILarvaLD50= 0.679048418370076
AIKOW= 4.41266150539741
AIKOC= 28.5162708442658
AIHalfLife= 4.17753139045089
EAppRate= 0
