ICQueenStrength= 5.78014765423723
RQWkrDrnRatio= 3.18296055682003
ICDroneMiteSurvivorship= 44.6327474201098
ICWorkerMiteSurvivorship= 49.1775828413665
ICForagerLifespan= 4.82481270190328
ImmType= Polynomial
AIAdultSlope= 0.39648730927147
AIAdultLD50= 1.96643132320605
AIAdultSlopeContact= 2.36775953655364
AIAdultLD50Contact= 0.00884783017681912
AILarvaSlope= 1.55175216775388
AILarvaLD50= 0.0530355969211087
AIKOW= 6.18827777821571
AIKOC= 18.7092532939278
AIHalfLife= 4.25536409858614
EAppRate= 0.484617974143475
