ICQueenStrength= 4.62146075698547
RQWkrDrnRatio= 1.88530693855137
ICDroneMiteSurvivorship= 53.8612291449681
ICWorkerMiteSurvivorship= 84.993752813898
ICForagerLifespan= 5.97790253534913
ImmType= Cosine
AIAdultSlopeContact= 6.02254897821695
AIAdultLD50Contact= 0.121132573159412
AILarvaSlope= 5.88533531641588
AILarvaLD50= 1.51179336803034
AIKOW= 22.4969089962542
AIKOC= 95.1987758511677
AIHalfLife= 13.2195795667358
