ICQueenStrength= 5.64040807913989
RQWkrDrnRatio= 1.55361558310688
ICDroneMiteSurvivorship= 65.9275356214494
ICWorkerMiteSurvivorship= 19.1348105901852
ICForagerLifespan= 5.53208073973656
ImmType= Sine
AIAdultSlope= 2.51859733890044
AIAdultLD50= 0.307193928398192
AIAdultSlopeContact= 0.110825318538118
AIAdultLD50Contact= 0.00616998536279425
AILarvaSlope= 1.08000565986149
AILarvaLD50= 0.0957344441441819
AIKOW= 6.03899809578434
AIKOC= 26.1674470105208
AIHalfLife= 3.49248021258973
EAppRate= 0.0337457115761936
