ICQueenStrength= 2.82538032438606
RQWkrDrnRatio= 4.86254414822906
