ICQueenStrength= 3.1969689859543
RQWkrDrnRatio= 1.06258845329285
ICDroneMiteSurvivorship= 87.8415634622797
ICWorkerMiteSurvivorship= 71.737172617577
ICForagerLifespan= 14.0333283711225
ImmType= Polynomial
AIAdultSlope= 0.622528124847449
AIAdultLD50= 0.393742195563391
AIAdultSlopeContact= 0.306986606873106
AIAdultLD50Contact= 0.0191359239513986
AILarvaSlope= 0.94212568369694
AILarvaLD50= 0.531981416791678
AIKOW= 5.94819225044921
AIKOC= 8.59415789716877
AIHalfLife= 2.86693719099276
EAppRate= 0.596332965046167
