ICQueenStrength= 5.69045393751003
RQWkrDrnRatio= 4.19319543614984
ICDroneMiteSurvivorship= 38.5167710948735
ICWorkerMiteSurvivorship= 21.4055551681668
ICForagerLifespan= 10.6591103607789
ImmType= Logarithmic
AIAdultSlope= 3.20941027355846
AIAdultLD50= 0.0736521969083697
AIAdultSlopeContact= 2.06879534139996
AIAdultLD50Contact= 0.0195597327896394
AILarvaSlope= 2.36438352814876
AILarvaLD50= 0.647989479429089
AIKOW= 6.94335024617612
AIKOC= 19.7716624720488
AIHalfLife= 0.539155172882602
EAppRate= 0.081245657405816
