ICQueenStrength= 1.31584533280693
RQWkrDrnRatio= 2.75759919825941
ICDroneMiteSurvivorship= 95.9007388679311
ICWorkerMiteSurvivorship= 76.4926317147911
ICForagerLifespan= 5.72356720920652
ImmType= Tangent
AIAdultSlope= 3.2263882206101
AIAdultLD50= 0.139056713785976
AIAdultSlopeContact= 0.111119008439127
AIAdultLD50Contact= 0.0351755550131202
AILarvaSlope= 1.10157400392927
AILarvaLD50= 0.621003828174435
AIKOW= 5.39574055559933
AIKOC= 10.1384002435952
AIHalfLife= 4.62468378478661
EAppRate= 0
