ICQueenStrength= 2.53820547624491
RQWkrDrnRatio= 4.8067906210199
ICDroneMiteSurvivorship= 50.2523033414036
ICWorkerMiteSurvivorship= 5.13426137622446
ICForagerLifespan= 6.48596132546663
ImmType= Exponential
AIAdultSlope= 0.761770893177018
AIAdultLD50= 0.477171137696132
AIAdultSlopeContact= 2.3150872176094
AIAdultLD50Contact= 0.0149534435244277
AILarvaSlope= 1.51458196062595
AILarvaLD50= 0.699711688281968
AIKOW= 3.80543942237273
AIKOC= 21.5807538141962
AIHalfLife= 1.66794687625952
EAppRate= 0.437684968137182
