ICQueenStrength= 1.95019556814805
RQWkrDrnRatio= 3.24709139205515
ICDroneMiteSurvivorship= 60.1440259953961
ICWorkerMiteSurvivorship= 69.6380646666512
ICForagerLifespan= 15.4968944005668
ImmType= Exponential
AIAdultSlopeContact= 9.39982623560354
AIAdultLD50Contact= 0.0353041374124587
AILarvaSlope= 5.77649373095483
AILarvaLD50= 0.349682623054832
AIKOW= 46.1346801370382
AIKOC= 68.242322281003
AIHalfLife= 8.17569884331897
