ICQueenStrength= 4.94064039806835
RQWkrDrnRatio= 2.50118216779083
ICDroneMiteSurvivorship= 70.5949053401127
ICWorkerMiteSurvivorship= 44.8789233807474
ICForagerLifespan= 4.30047067906708
ImmType= Exponential
AIAdultSlope= 1.30807233760133
AIAdultLD50= 1.4564921495039
AIAdultSlopeContact= 0.594542497959919
AIAdultLD50Contact= 0.0383894675178453
AILarvaSlope= 1.7511565876659
AILarvaLD50= 0.899865636834875
AIKOW= 7.17037119483575
AIKOC= 27.9220674082171
AIHalfLife= 4.68010994279757
EAppRate= 0.879695655312389
