ICQueenStrength= 4.44061630195938
RQWkrDrnRatio= 1.14638601336628
ICDroneMiteSurvivorship= 89.6840981440619
ICWorkerMiteSurvivorship= 80.3394087357447
ICForagerLifespan= 5.72578752506524
ImmType= Exponential
AIAdultSlope= 1.33438999325037
AIAdultLD50= 0.186315457802266
AIAdultSlopeContact= 2.59836438217666
AIAdultLD50Contact= 0.000657330907415599
AILarvaSlope= 1.71334114666097
AILarvaLD50= 0.127988738240674
AIKOW= 7.25943995220587
AIKOC= 27.7143527008593
AIHalfLife= 3.15503448131494
EAppRate= 0.35522021795623
