ICQueenStrength= 2.50908348034136
RQWkrDrnRatio= 4.61865695565939
ICDroneMiteSurvivorship= 10.6922527076676
ICWorkerMiteSurvivorship= 55.5632247822359
ICForagerLifespan= 6.00431067403406
ImmType= Cosine
AIAdultSlope= 3.20362150417641
AIAdultLD50= 2.34406303823926
AIAdultSlopeContact= 1.8383811768028
AIAdultLD50Contact= 0.0358435242203996
AILarvaSlope= 1.73476789132692
AILarvaLD50= 0.568895631213672
AIKOW= 2.78943519759923
AIKOC= 28.6392489576247
AIHalfLife= 10.7042520469986
EAppRate= 0.772494852077216
