ICQueenStrength= 4.2695231132675
RQWkrDrnRatio= 2.54786979965866
ICDroneMiteSurvivorship= 68.8544200966135
ICWorkerMiteSurvivorship= 52.43657133542
ICForagerLifespan= 8.50719203334302
ImmType= Polynomial
AIAdultSlope= 2.15424414910376
AIAdultLD50= 1.53598802606575
AIAdultSlopeContact= 3.88034380745608
AIAdultLD50Contact= 0.0141106547904201
AILarvaSlope= 2.27115865685046
AILarvaLD50= 0.626201825821772
AIKOW= 3.35536977322772
AIKOC= 21.236348147504
AIHalfLife= 12.1066917437129
EAppRate= 0.116758848540485
