ICQueenStrength= 1.44794699642807
RQWkrDrnRatio= 4.96912438329309
ICDroneMiteSurvivorship= 35.7701869914308
ICWorkerMiteSurvivorship= 80.1077796611935
ICForagerLifespan= 14.6143703619018
ImmType= Exponential
AIAdultSlope= 1.81060101499083
AIAdultLD50= 0.240131130209193
AIAdultSlopeContact= 2.74813486342784
AIAdultLD50Contact= 0.00216480948729441
AILarvaSlope= 2.09380271928385
AILarvaLD50= 0.741810805513524
AIKOW= 7.84513488132507
AIKOC= 15.1766049338039
AIHalfLife= 3.03827598923817
EAppRate= 0.1058232401032
