ICQueenStrength= 1.1680905953981
RQWkrDrnRatio= 2.28594550769776
ICDroneMiteSurvivorship= 26.0367844486609
ICWorkerMiteSurvivorship= 87.0723671512678
ICForagerLifespan= 4.71134075429291
ImmType= Polynomial
AIAdultSlope= 2.0250613123225
AIAdultLD50= 0.292717417120002
AIAdultSlopeContact= 0.202881888393313
AIAdultLD50Contact= 0.0480922095943242
AILarvaSlope= 2.33777005546726
AILarvaLD50= 0.26249687152449
AIKOW= 3.80377924256027
AIKOC= 8.20787369273603
AIHalfLife= 2.72668189834803
EAppRate= 0.537374886055477
