ICQueenStrength= 1.21766664925963
RQWkrDrnRatio= 3.58628891315311
ICDroneMiteSurvivorship= 7.99582211766392
ICWorkerMiteSurvivorship= 15.7261062646285
ICForagerLifespan= 5.44255252834409
ImmType= Cosine
AIAdultSlope= 2.54526678635739
AIAdultLD50= 0.0712277828715742
AIAdultSlopeContact= 2.53476782813435
AIAdultLD50Contact= 0.0259537689154968
AILarvaSlope= 2.89809844321571
AILarvaLD50= 0.759721068455838
AIKOW= 7.734824154526
AIKOC= 20.9447878540959
AIHalfLife= 0.924605275504291
EAppRate= 0.509782647714019
