ICQueenStrength= 4.05780609254725
RQWkrDrnRatio= 3.15202905423939
ICDroneMiteSurvivorship= 83.2384681561962
ICWorkerMiteSurvivorship= 7.8860554844141
ICForagerLifespan= 9.73498235456645
ImmType= Tangent
AIAdultSlope= 2.08843173282221
AIAdultLD50= 0.0950169693678617
AIAdultSlopeContact= 0.670529109570198
AIAdultLD50Contact= 0.00738994240527973
AILarvaSlope= 0.516942624561489
AILarvaLD50= 0.894264939031564
AIKOW= 7.16035081399605
AIKOC= 29.8604833905119
AIHalfLife= 2.35778808826581
EAppRate= 0.919885102426633
