ICQueenStrength= 1.44134315452538
RQWkrDrnRatio= 1.42192737385631
ICDroneMiteSurvivorship= 36.6407190682366
ICWorkerMiteSurvivorship= 51.9567632116377
ICForagerLifespan= 8.47998309042305
ImmType= Exponential
AIAdultSlopeContact= 1.68745043267962
AIAdultLD50Contact= 0.0425356898573227
AILarvaSlope= 0.280592067539692
AILarvaLD50= 0.312963671400212
AIKOW= 6.56979034794495
AIKOC= 14.6389934944455
AIHalfLife= 6.35954544181004
