ICQueenStrength= 5.62724766111933
RQWkrDrnRatio= 4.90509362518787
ICDroneMiteSurvivorship= 44.5562179666013
ICWorkerMiteSurvivorship= 89.6177096525207
ICForagerLifespan= 7.77767293155193
ImmType= Tangent
AIAdultSlope= 0.354294178762939
AIAdultLD50= 0.0156350051984191
AIAdultSlopeContact= 3.67895289189415
AIAdultLD50Contact= 0.0480893515050411
AILarvaSlope= 3.25848885397427
AILarvaLD50= 0.327203888492659
AIKOW= 4.86175733665004
AIKOC= 29.4054851005785
AIHalfLife= 2.86614012089558
EAppRate= 0.699876791238785
