ICQueenStrength= 2.06698083691299
RQWkrDrnRatio= 1.69645536132157
ICDroneMiteSurvivorship= 62.5848375493661
ICWorkerMiteSurvivorship= 80.7660351274535
ICForagerLifespan= 7.0182591881603
ImmType= Sine
AIAdultSlope= 1.86586843752302
AIAdultLD50= 1.27699190424755
AIAdultSlopeContact= 0.463357260902412
AIAdultLD50Contact= 0.0315934440353885
AILarvaSlope= 0.250493764644489
AILarvaLD50= 0.835372203961015
AIKOW= 6.23042037663981
AIKOC= 18.9916337968316
AIHalfLife= 5.69534946698695
EAppRate= 0.961371778510511
