ICQueenStrength= 5.60438853362575
RQWkrDrnRatio= 3.1897084703669
ICDroneMiteSurvivorship= 66.8188856448978
ICWorkerMiteSurvivorship= 79.9178789369762
ICForagerLifespan= 14.2306778393686
ImmType= Tangent
AIAdultSlope= 3.79459359328961
AIAdultLD50= 0.499303578981198
AIAdultSlopeContact= 0.524210876408033
AIAdultLD50Contact= 0.0207639596424997
AILarvaSlope= 0.0688317793887109
AILarvaLD50= 0.205496220337227
AIKOW= 7.48214666265994
AIKOC= 12.073479675455
AIHalfLife= 3.12426189542748
EAppRate= 0
