ICQueenStrength= 2.55714589543641
RQWkrDrnRatio= 4.87086947541684
