ICQueenStrength= 3.42061424651183
RQWkrDrnRatio= 4.37227778043598
ICDroneMiteSurvivorship= 56.8780618719757
ICWorkerMiteSurvivorship= 67.0905401697382
ICForagerLifespan= 9.17767539341003
ImmType= Exponential
AIAdultSlope= 0.858372790552676
AIAdultSlopeContact= 0.679201490592677
AIAdultLD50Contact= 0.0230730681098066
AILarvaSlope= 3.16710964892991
AILarvaLD50= 0.00225657031405717
AIKOW= 7.12022760743275
AIKOC= 10.9659217135049
AIHalfLife= 0.29305393435061
