ICQueenStrength= 4.61877058865502
RQWkrDrnRatio= 2.25839995406568
ICDroneMiteSurvivorship= 74.6449658414349
ICWorkerMiteSurvivorship= 55.0959563348442
ICForagerLifespan= 11.4895613230765
ImmType= Exponential
AIAdultSlope= 1.64778375132009
AIAdultLD50= 2.49874024651945
AIAdultSlopeContact= 2.51395057582995
AIAdultLD50Contact= 0.000589080294594169
AILarvaSlope= 2.80334349060431
AILarvaLD50= 0.420829533180222
AIKOW= 5.53669177927077
AIKOC= 18.5732185211964
AIHalfLife= 13.1589016020298
EAppRate= 0.954973669722676
