ICQueenStrength= 4.68262666859664
RQWkrDrnRatio= 4.66060514375567
ICDroneMiteSurvivorship= 33.1100320676342
ICWorkerMiteSurvivorship= 83.6108280578628
ICForagerLifespan= 14.016228210181
ImmType= Sine
AIAdultSlope= 0.867260555597022
AIAdultLD50= 1.57245254865848
AIAdultSlopeContact= 2.71860945081571
AIAdultLD50Contact= 0.044403139827773
AILarvaSlope= 1.67569670439698
AILarvaLD50= 0.200129394186661
AIKOW= 2.25170000689104
AIKOC= 14.0206859516911
AIHalfLife= 8.01597179984674
EAppRate= 0.654058943269774
