ICQueenStrength= 3.87864716723561
RQWkrDrnRatio= 3.81618704553694
ICDroneMiteSurvivorship= 0.0190107617527246
ICWorkerMiteSurvivorship= 90.5770977959037
ICForagerLifespan= 13.2130451239645
ImmType= Sine
AIAdultSlopeContact= 2.24922471994534
AIAdultLD50Contact= 0.0343289229087532
AILarvaSlope= 0.926419287454337
AILarvaLD50= 0.0973636941751465
AIKOW= 4.98057317640632
AIKOC= 17.3038299905602
AIHalfLife= 9.51228000456467
