ICQueenStrength= 5.37112060841173
RQWkrDrnRatio= 4.52176468726248
ICDroneMiteSurvivorship= 54.5861530583352
ICWorkerMiteSurvivorship= 73.7818384775892
ICForagerLifespan= 14.6143751647323
ImmType= Sine
AIAdultSlope= 0.460399064698722
AIAdultLD50= 0.374351055710576
AIAdultSlopeContact= 0.106767144931946
AIAdultLD50Contact= 0.0166122179827653
AILarvaSlope= 1.79677009135485
AILarvaLD50= 0.737998924031854
AIKOW= 5.03460390912369
AIKOC= 22.1721696562599
AIHalfLife= 3.57683621346951
EAppRate= 0.335961604001932
