ICQueenStrength= 1.02675634995103
RQWkrDrnRatio= 2.91902759019285
