ICQueenStrength= 1.07383437827229
RQWkrDrnRatio= 3.94807073939592
ICDroneMiteSurvivorship= 27.1294781472534
ICWorkerMiteSurvivorship= 49.1085915826261
ICForagerLifespan= 13.6676553618163
ImmType= Exponential
AIAdultSlopeContact= 0.0331061978428625
AIAdultLD50Contact= 0.0458682829979807
AILarvaSlope= 0.165645265998319
AILarvaLD50= 0.583902204036713
AIKOW= 2.169697413221
AIKOC= 28.2112079567742
AIHalfLife= 13.3572373571806
