ICQueenStrength= 1.18551512039267
RQWkrDrnRatio= 3.69300356972963
ICDroneMiteSurvivorship= 62.8614193294197
ICWorkerMiteSurvivorship= 86.135736759752
ICForagerLifespan= 8.2166412640363
ImmType= Logarithmic
AIAdultSlope= 0.599103942234069
AIAdultLD50= 0.786000372609124
AIAdultSlopeContact= 3.71179706059629
AIAdultLD50Contact= 0.049986155948136
AILarvaSlope= 1.79798430511728
AILarvaLD50= 0.375754961441271
AIKOW= 5.13632057141513
AIKOC= 12.5171389849856
AIHalfLife= 5.70800148881972
EAppRate= 0.197778220754117
