ICQueenStrength= 4.45269710291177
RQWkrDrnRatio= 2.93415504042059
ICDroneMiteSurvivorship= 34.5543646486476
ICWorkerMiteSurvivorship= 80.772493313998
ICForagerLifespan= 8.19390028063208
ImmType= Logarithmic
AIAdultSlope= 0.147882847581059
AIAdultLD50= 2.41854254412465
AIAdultSlopeContact= 2.89574800439179
AIAdultLD50Contact= 0.00914470119168982
AILarvaSlope= 1.89903208422475
AILarvaLD50= 0.423383438726887
AIKOW= 7.52333169849589
AIKOC= 26.1224196944386
AIHalfLife= 13.9773528506048
EAppRate= 0.0355024037417024
