ICQueenStrength= 1.14274491695687
RQWkrDrnRatio= 4.27491186372936
ICDroneMiteSurvivorship= 49.4845136068761
ICWorkerMiteSurvivorship= 64.4566029775888
ICForagerLifespan= 13.5495513118804
ImmType= Cosine
AIAdultSlopeContact= 3.54841931510484
AIAdultLD50Contact= 0.0457150477683172
AILarvaSlope= 1.42865589600988
AILarvaLD50= 0.372200659615919
AIKOW= 6.04946090700105
AIKOC= 20.9271364100277
AIHalfLife= 8.18560850666836
