ICQueenStrength= 1.43639541137964
RQWkrDrnRatio= 4.15898208972067
ICDroneMiteSurvivorship= 2.79185962863266
ICWorkerMiteSurvivorship= 95.2967196470127
ICForagerLifespan= 11.8159868810326
ImmType= Logarithmic
AIAdultSlope= 2.28397343422053
AIAdultLD50= 0.446612544823438
AIAdultSlopeContact= 3.84289539137855
AIAdultLD50Contact= 0.0128630274790339
AILarvaSlope= 3.35062853358686
AILarvaLD50= 0.767161850072444
AIKOW= 6.6165600377135
AIKOC= 5.93852343270555
AIHalfLife= 0.431564279133454
EAppRate= 0.49149595128838
