ICQueenStrength= 1.47052317182533
RQWkrDrnRatio= 3.1657335460186
ICDroneMiteSurvivorship= 10.4049118934199
ICWorkerMiteSurvivorship= 11.7017699405551
ICForagerLifespan= 14.6508654141799
ImmType= Logarithmic
AIAdultSlopeContact= 7.56890458753332
AIAdultLD50Contact= 0.170909907110035
AILarvaSlope= 9.51284638140351
AILarvaLD50= 1.20098384749144
AIKOW= 77.068575588055
AIKOC= 30.0832123728469
AIHalfLife= 10.6408258401789
