ICQueenStrength= 2.91288207774051
RQWkrDrnRatio= 1.8987932484597
ICDroneMiteSurvivorship= 1.96789477486163
ICWorkerMiteSurvivorship= 95.223917462863
ICForagerLifespan= 7.80189215298742
ImmType= Cosine
AIAdultSlopeContact= 8.02632868755609
AIAdultLD50Contact= 0.148179510096088
AILarvaSlope= 5.56023039156571
AILarvaLD50= 0.172031460795552
AIKOW= 57.7113395323977
AIKOC= 36.0672396142036
AIHalfLife= 0.822158040013164
