ICQueenStrength= 4.64243350573815
RQWkrDrnRatio= 2.12601482495666
ICDroneMiteSurvivorship= 96.2244095047936
ICWorkerMiteSurvivorship= 89.8564920993522
ICForagerLifespan= 4.881736215204
ImmType= Polynomial
AIAdultSlope= 0.319653984159231
AIAdultLD50= 2.78993141208775
AIAdultSlopeContact= 2.79213107262505
AIAdultLD50Contact= 0.0472231973195449
AILarvaSlope= 2.64922700310126
AILarvaLD50= 0.321835994278081
AIKOW= 2.88587394170463
AIKOC= 21.4228190435097
AIHalfLife= 13.0484309527092
EAppRate= 0.663973907008767
