ICQueenStrength= 3.56680680322461
RQWkrDrnRatio= 1.5626433333382
ICDroneMiteSurvivorship= 94.8478101519868
ICWorkerMiteSurvivorship= 86.6496974835172
ICForagerLifespan= 15.4238033890724
ImmType= Cosine
AIAdultLD50= 0.154012839635834
AIAdultSlopeContact= 2.02867665162077
AIAdultLD50Contact= 0.0228716122102924
AILarvaSlope= 1.13817050200887
AILarvaLD50= 0.0764275069814175
AIKOW= 6.08003788860515
AIKOC= 12.5922465184703
AIHalfLife= 10.502650140319
EAppRate= 0.420526337344199
