ICQueenStrength= 2.76130389794707
RQWkrDrnRatio= 4.94953559432179
ICDroneMiteSurvivorship= 31.7138365237042
ICWorkerMiteSurvivorship= 52.8868101071566
ICForagerLifespan= 14.7092290166765
ImmType= Sine
AIAdultSlope= 0.586992743939627
AIAdultLD50= 0.330957186641172
AIAdultSlopeContact= 0.523698028090876
AIAdultLD50Contact= 0.000701960443984717
AILarvaSlope= 1.31933502033353
AILarvaLD50= 0.893427981273271
AIKOW= 2.14223188627511
AIKOC= 5.40817878907546
AIHalfLife= 2.41040993947536
EAppRate= 0.676704574283212
