ICQueenStrength= 4.94776337663643
RQWkrDrnRatio= 4.21641653310508
ICDroneMiteSurvivorship= 85.8036202611402
ICWorkerMiteSurvivorship= 39.097505970858
ICForagerLifespan= 13.0190268727019
ImmType= Logarithmic
AIAdultSlope= 2.72939845463261
AIAdultLD50= 1.1104531630408
AIAdultSlopeContact= 3.67698294586502
AIAdultLD50Contact= 0.0268328670761548
AILarvaSlope= 0.673157114861533
AILarvaLD50= 0.34929467572365
AIKOW= 2.78819362958893
AIKOC= 14.9856783926953
AIHalfLife= 0.472690159454942
EAppRate= 0.408922623842955
