ICQueenStrength= 2.96210228023119
RQWkrDrnRatio= 2.33991818036884
ICDroneMiteSurvivorship= 67.3722351668403
ICWorkerMiteSurvivorship= 50.531149469316
ICForagerLifespan= 6.86166276503354
ImmType= Logarithmic
AIAdultSlope= 4.41022789804265
AIAdultLD50= 0.0314927855506539
AIAdultSlopeContact= 7.5432512932457
AIAdultLD50Contact= 0.191038250550628
AILarvaSlope= 8.49594556493685
AILarvaLD50= 1.80337275285274
AIKOW= 73.8433114951476
AIKOC= 80.4078095592558
AIHalfLife= 10.2710885107517
EAppRate= 0.120261786971241
