ICQueenStrength= 2.14498961600475
RQWkrDrnRatio= 2.81463684886694
ICDroneMiteSurvivorship= 89.6905028494075
ICWorkerMiteSurvivorship= 66.3327484857291
ICForagerLifespan= 9.24520485568792
ImmType= Exponential
AIAdultSlope= 1.32429653628264
AIAdultLD50= 0.0456932132365182
AIAdultSlopeContact= 1.63120649338933
AIAdultLD50Contact= 0.043489521346055
AILarvaSlope= 1.4582588376943
AILarvaLD50= 0.61371114179492
AIKOW= 3.6047603324987
AIKOC= 7.03087268164381
AIHalfLife= 4.08027164521627
EAppRate= 0.532415735535324
