ICQueenStrength= 4.65661548217759
RQWkrDrnRatio= 2.43765150010586
ICDroneMiteSurvivorship= 74.55145760905
ICWorkerMiteSurvivorship= 50.8018376305699
ICForagerLifespan= 4.65500653069466
ImmType= Logarithmic
AIAdultSlope= 1.04529910120182
AIAdultLD50= 0.565331512363628
AIAdultSlopeContact= 2.94068281362299
AIAdultLD50Contact= 0.0411414499860257
AILarvaSlope= 1.02141673038714
AILarvaLD50= 0.479279216355644
AIKOW= 3.62731977365911
AIKOC= 20.8906022203155
AIHalfLife= 1.69161322200671
EAppRate= 0.902030240511522
