ICQueenStrength= 5.24469922436401
RQWkrDrnRatio= 2.19978067744523
ICDroneMiteSurvivorship= 23.413271852769
ICWorkerMiteSurvivorship= 42.8489179350436
ICForagerLifespan= 6.36499802395701
ImmType= Tangent
AIAdultSlope= 1.71307609742507
AIAdultSlopeContact= 3.05881068592658
AIAdultLD50Contact= 0.00686881014844403
AILarvaSlope= 2.70427411650307
AILarvaLD50= 0.8960627931403
AIKOW= 4.73477503238246
AIKOC= 18.6280572682153
AIHalfLife= 5.23380959220231
