ICQueenStrength= 5.57914141588844
RQWkrDrnRatio= 1.71679653227329
ICDroneMiteSurvivorship= 9.99837145209312
ICWorkerMiteSurvivorship= 85.3277775691822
ICForagerLifespan= 6.67864114325494
ImmType= Exponential
AIAdultSlopeContact= 7.14623573468998
AIAdultLD50Contact= 0.025980342598632
AILarvaSlope= 1.09296839684248
AILarvaLD50= 0.235487564932555
AIKOW= 44.5350997382775
AIKOC= 6.67699594050646
AIHalfLife= 10.7246569953859
