ICQueenStrength= 5.87432683352381
RQWkrDrnRatio= 2.14024311024696
ICDroneMiteSurvivorship= 38.717109686695
ICWorkerMiteSurvivorship= 3.83192172739655
ICForagerLifespan= 15.1508862720802
ImmType= Logarithmic
AIAdultSlope= 0.607174253975972
AIAdultSlopeContact= 0.790848635577131
AIAdultLD50Contact= 0.048733374173753
AILarvaSlope= 2.88073272192851
AILarvaLD50= 0.585388601920568
AIKOW= 5.9074859120883
AIKOC= 5.53598844096996
AIHalfLife= 0.552122063934803
