ICQueenStrength= 5.09069716348313
RQWkrDrnRatio= 2.97047944366932
ICDroneMiteSurvivorship= 57.7451542718336
ICWorkerMiteSurvivorship= 6.30103209987283
ICForagerLifespan= 12.1068844152614
ImmType= Exponential
AIAdultSlopeContact= 6.11288542393595
AIAdultLD50Contact= 0.199655608925968
AILarvaSlope= 3.27423108974472
AILarvaLD50= 1.64537880429998
AIKOW= 51.8655407009646
AIKOC= 60.4758701752871
AIHalfLife= 6.02011237479746
