ICQueenStrength= 3.63157653622329
RQWkrDrnRatio= 1.44336221925914
ICDroneMiteSurvivorship= 85.1580278482288
ICWorkerMiteSurvivorship= 61.9297691620886
ICForagerLifespan= 12.073519045487
ImmType= Polynomial
AIAdultSlopeContact= 1.70291648578132
AIAdultLD50Contact= 0.0154002313967794
AILarvaSlope= 0.0463028144091368
AILarvaLD50= 0.207617290271446
AIKOW= 7.2135842195712
AIKOC= 29.9637238157447
AIHalfLife= 8.79369106004015
