ICQueenStrength= 4.55611541308463
RQWkrDrnRatio= 4.58565134182572
ICDroneMiteSurvivorship= 75.2303153974935
ICWorkerMiteSurvivorship= 90.9633117960766
ICForagerLifespan= 9.96697839163244
ImmType= Polynomial
AIAdultSlope= 0.873284816094674
AIAdultLD50= 0.296995483571663
AIAdultSlopeContact= 1.36148770605214
AIAdultLD50Contact= 0.0437654044129886
AILarvaSlope= 2.60181954363361
AILarvaLD50= 0.583311172784306
AIKOW= 3.28286149119958
AIKOC= 24.8032501735725
AIHalfLife= 3.22711611981504
EAppRate= 0.670187303330749
