ICQueenStrength= 4.52112047723494
RQWkrDrnRatio= 3.02710183244199
ICDroneMiteSurvivorship= 57.1604915894568
ICWorkerMiteSurvivorship= 43.5826650122181
ICForagerLifespan= 7.36369237396866
ImmType= Exponential
AIAdultSlopeContact= 3.31933103737654
AIAdultLD50Contact= 0.0407044487888925
AILarvaSlope= 1.32151877661236
AILarvaLD50= 0.279246876435354
AIKOW= 3.3779060007073
AIKOC= 5.27008595061488
AIHalfLife= 0.333772248588502
