ICQueenStrength= 5.72220885450952
RQWkrDrnRatio= 4.64592695049942
ICDroneMiteSurvivorship= 37.0508555090055
ICWorkerMiteSurvivorship= 58.5290826391429
ICForagerLifespan= 15.0748566938564
ImmType= Tangent
AIAdultSlopeContact= 6.77139183273539
AIAdultLD50Contact= 0.106063271081075
AILarvaSlope= 6.70058740768582
AILarvaLD50= 1.17224706942216
AIKOW= 61.8508104002103
AIKOC= 5.22672892548144
AIHalfLife= 10.8273406485096
