ICQueenStrength= 5.63166326284409
RQWkrDrnRatio= 4.37729532364756
ICDroneMiteSurvivorship= 90.1354133151472
ICWorkerMiteSurvivorship= 39.3772090086713
ICForagerLifespan= 11.433244089596
ImmType= Tangent
AIAdultSlopeContact= 0.930516064914409
AIAdultLD50Contact= 0.00442399473395199
AILarvaSlope= 0.991301115462557
AILarvaLD50= 0.219196908781305
AIKOW= 3.56196463573724
AIKOC= 27.1983750758227
AIHalfLife= 12.8482035305351
