ICQueenStrength= 1.37682018056512
RQWkrDrnRatio= 3.53371994290501
