ICQueenStrength= 5.71773522440344
RQWkrDrnRatio= 3.73048161994666
ICDroneMiteSurvivorship= 71.5442892396823
ICWorkerMiteSurvivorship= 49.2485265014693
ICForagerLifespan= 15.1639149095863
ImmType= Exponential
AIAdultSlope= 1.964898420393
AIAdultLD50= 0.244227275485173
AIAdultSlopeContact= 0.705004038470797
AIAdultLD50Contact= 0.0314902362297289
AILarvaSlope= 0.166244087740779
AILarvaLD50= 0.758702624053694
AIKOW= 2.11310564167798
AIKOC= 26.7820881807711
AIHalfLife= 4.04009976075031
EAppRate= 0.0406613357597962
