ICQueenStrength= 4.40946721611544
RQWkrDrnRatio= 3.32398660387844
ICDroneMiteSurvivorship= 91.2198087899014
ICWorkerMiteSurvivorship= 60.8550906879827
ICForagerLifespan= 4.05845371913165
ImmType= Polynomial
AIAdultSlope= 2.17531806134619
AIAdultLD50= 0.433768413611688
AIAdultSlopeContact= 3.55795240196167
AIAdultLD50Contact= 0.0441826552618295
AILarvaSlope= 2.41938498383388
AILarvaLD50= 0.554748960351572
AIKOW= 7.75371431419626
AIKOC= 25.812714000931
AIHalfLife= 0.231913687894121
EAppRate= 0.640330800018273
