ICQueenStrength= 1.44951337273233
RQWkrDrnRatio= 4.8286351012066
ICDroneMiteSurvivorship= 68.191727087833
ICWorkerMiteSurvivorship= 83.8459137827158
ICForagerLifespan= 7.56399327795953
ImmType= Logarithmic
AIAdultSlope= 3.37921821231488
AIAdultLD50= 0.358731260872446
AIAdultSlopeContact= 2.03215647946112
AIAdultLD50Contact= 0.0130334547022358
AILarvaSlope= 0.196127931727096
AILarvaLD50= 0.246487745130435
AIKOW= 2.23338892776519
AIKOC= 13.3178977423813
AIHalfLife= 1.15874471957795
EAppRate= 0.0385885792318732
