ICQueenStrength= 3.47177554061636
RQWkrDrnRatio= 1.03200060129166
ICDroneMiteSurvivorship= 84.7432270413265
ICWorkerMiteSurvivorship= 29.7440592665225
ICForagerLifespan= 14.0761165032163
ImmType= Polynomial
AIAdultSlope= 2.65625286092982
AIAdultLD50= 2.27856223401614
AIAdultSlopeContact= 3.50916960115079
AIAdultLD50Contact= 0.00323332010302693
AILarvaSlope= 3.15068939449266
AILarvaLD50= 0.618806753656827
AIKOW= 4.81057914858684
AIKOC= 15.7652974314988
AIHalfLife= 9.42223051050678
EAppRate= 0.473724954063073
