ICQueenStrength= 1.1360798929818
RQWkrDrnRatio= 4.97396872099489
ICDroneMiteSurvivorship= 70.8792272722349
ICWorkerMiteSurvivorship= 45.226679649204
ICForagerLifespan= 6.15612407587469
ImmType= Logarithmic
AIAdultSlope= 0.628917404625099
AIAdultLD50= 0.318280662759207
AIAdultSlopeContact= 1.33417128136614
AIAdultLD50Contact= 0.0123475720058195
AILarvaSlope= 1.88498945008032
AILarvaLD50= 0.168995820265263
AIKOW= 7.74919609539211
AIKOC= 5.82139969454147
AIHalfLife= 4.09136602771468
EAppRate= 0
