ICQueenStrength= 1.53890598006546
RQWkrDrnRatio= 2.53050495032221
ICDroneMiteSurvivorship= 72.9792102007195
ICWorkerMiteSurvivorship= 12.9732136148959
ICForagerLifespan= 10.8998130690306
ImmType= Exponential
AIAdultSlope= 0.0951212070416659
AIAdultLD50= 2.68880860833451
AIAdultSlopeContact= 0.0432454398879781
AIAdultLD50Contact= 0.0492154891951941
AILarvaSlope= 0.528277200227603
AILarvaLD50= 0.667060848861001
AIKOW= 6.29670381033793
AIKOC= 16.4980896702036
AIHalfLife= 3.38385948352516
EAppRate= 0.0179619078990072
