ICQueenStrength= 1.51031938754022
RQWkrDrnRatio= 4.55348729435354
ICDroneMiteSurvivorship= 40.9650509478524
ICWorkerMiteSurvivorship= 21.3062403025106
ICForagerLifespan= 8.95226516295224
ImmType= Exponential
AIAdultSlope= 0.934705806802958
AIAdultLD50= 2.74237557314336
AIAdultSlopeContact= 2.26114287836943
AIAdultLD50Contact= 0.0277953971992247
AILarvaSlope= 0.226687175221741
AILarvaLD50= 0.475286346534267
AIKOW= 6.94693219102919
AIKOC= 15.1038268476259
AIHalfLife= 8.46071502147242
EAppRate= 0.614296602085233
