ICQueenStrength= 4.03827078314498
RQWkrDrnRatio= 4.4115503039211
ICDroneMiteSurvivorship= 38.2743529044092
ICWorkerMiteSurvivorship= 83.9779512491077
ICForagerLifespan= 11.4190222853795
ImmType= Logarithmic
AIAdultSlope= 0.778920491491444
AIAdultLD50= 0.0376557607669383
AIAdultSlopeContact= 0.890342951312196
AIAdultLD50Contact= 0.0107810975750908
AILarvaSlope= 2.17265898301266
AILarvaLD50= 0.543673208216205
AIKOW= 5.66696588182822
AIKOC= 12.0133514527697
AIHalfLife= 2.61505966889672
EAppRate= 0.515177754685283
