ICQueenStrength= 3.24319743365049
RQWkrDrnRatio= 4.51994522195309
