ICQueenStrength= 3.25319406483322
RQWkrDrnRatio= 2.30721789505333
ICDroneMiteSurvivorship= 4.74961241707206
ICWorkerMiteSurvivorship= 13.6946675367653
ICForagerLifespan= 7.88998042326421
ImmType= Sine
AIAdultSlope= 4.23517724731937
