ICQueenStrength= 2.33618909516372
RQWkrDrnRatio= 1.45705662574619
ICDroneMiteSurvivorship= 71.924587409012
ICWorkerMiteSurvivorship= 17.3295843647793
ICForagerLifespan= 9.16364852432162
ImmType= Polynomial
AIAdultSlope= 4.68843526439741
AIAdultLD50= 0.602563456399366
AIAdultSlopeContact= 6.3180468743667
AIAdultLD50Contact= 0.171307111671194
AILarvaSlope= 2.1217227820307
AILarvaLD50= 1.73669733852148
AIKOW= 87.0587089797482
AIKOC= 88.4791748132557
AIHalfLife= 13.426434065681
EAppRate= 1.27582944417372
