ICQueenStrength= 5.16807668050751
RQWkrDrnRatio= 4.44907928910106
ICDroneMiteSurvivorship= 91.5116677293554
ICWorkerMiteSurvivorship= 36.7205321323127
ICForagerLifespan= 7.98072611168027
ImmType= Exponential
AIAdultSlope= 2.89265267073177
AIAdultLD50= 0.400190371787176
AIAdultSlopeContact= 0.866059875616338
AIAdultLD50Contact= 0.0238197049009614
AILarvaSlope= 0.305261418083683
AILarvaLD50= 0.248362513887696
AIKOW= 6.7728213230148
AIKOC= 21.1414906557184
AIHalfLife= 3.09654781362042
EAppRate= 0
