ICQueenStrength= 5.29235743242316
RQWkrDrnRatio= 4.04951671604067
ICDroneMiteSurvivorship= 37.5891907373443
ICWorkerMiteSurvivorship= 2.52490306738764
ICForagerLifespan= 6.40759737603366
ImmType= Tangent
AIAdultSlope= 0.25256999223493
AIAdultLD50= 1.70358540513553
AIAdultSlopeContact= 1.35551313456148
AIAdultLD50Contact= 0.00484713560435921
AILarvaSlope= 0.936363234324381
AILarvaLD50= 0.646999417617917
AIKOW= 6.32271904451773
AIKOC= 24.7525517782196
AIHalfLife= 13.2349264640361
EAppRate= 0.19564055162482
