ICQueenStrength= 4.9511628553737
RQWkrDrnRatio= 3.04499876871705
ICDroneMiteSurvivorship= 49.1481136763468
ICWorkerMiteSurvivorship= 67.045686324127
ICForagerLifespan= 15.683032120578
ImmType= Tangent
AIAdultSlope= 0.0173722482286394
AIAdultLD50= 0.100058401934803
AIAdultSlopeContact= 0.690937528044451
AIAdultLD50Contact= 0.0249814635142684
AILarvaSlope= 3.31868842360564
AILarvaLD50= 0.879755191574805
AIKOW= 5.24070500070229
AIKOC= 29.7709013870917
AIHalfLife= 1.03149330895394
EAppRate= 0.966627549380064
