ICQueenStrength= 3.53776052151807
RQWkrDrnRatio= 4.53359257709235
ICDroneMiteSurvivorship= 89.337146631442
ICWorkerMiteSurvivorship= 44.9636496370658
ICForagerLifespan= 12.8479602783918
ImmType= Logarithmic
AIAdultSlope= 2.53990061649587
AIAdultLD50= 0.0801502112299204
AIAdultSlopeContact= 2.47581578345737
AIAdultLD50Contact= 0.0343367734225467
AILarvaSlope= 1.33373171235435
AILarvaLD50= 0.876030673622154
AIKOW= 4.36093286797404
AIKOC= 6.21308336383663
AIHalfLife= 3.62857657019049
EAppRate= 0
