ICQueenStrength= 2.47649288643152
RQWkrDrnRatio= 3.57630223315209
ICDroneMiteSurvivorship= 17.0508809387684
ICWorkerMiteSurvivorship= 96.0430318489671
ICForagerLifespan= 12.8305740710348
ImmType= Sine
AIAdultLD50= 0.154012839635834
AIAdultSlopeContact= 3.09316618766869
AIAdultLD50Contact= 0.028371403797064
AILarvaSlope= 0.996213103178889
AILarvaLD50= 0.189960642135702
AIKOW= 7.56863281875849
AIKOC= 13.7709035142325
AIHalfLife= 0.88749924628064
EAppRate= 1.94475822802633
