ICQueenStrength= 1.01149113173597
RQWkrDrnRatio= 1.40470329858363
ICDroneMiteSurvivorship= 37.8995762206614
ICWorkerMiteSurvivorship= 25.3913882188499
ICForagerLifespan= 15.0927167329937
ImmType= Exponential
AIAdultSlope= 0.299995622644201
AIAdultLD50= 1.55528507544659
AIAdultSlopeContact= 1.25430036268663
AIAdultLD50Contact= 0.0276478810817935
AILarvaSlope= 1.89697789070196
AILarvaLD50= 0.390979212080128
AIKOW= 4.79845447139814
AIKOC= 25.5974889977369
AIHalfLife= 8.30565885687247
EAppRate= 0.100047383923084
