ICQueenStrength= 5.72322845947929
RQWkrDrnRatio= 2.21146446559578
ICDroneMiteSurvivorship= 41.6066364618018
ICWorkerMiteSurvivorship= 0.80993976444006
ICForagerLifespan= 14.1349885575473
ImmType= Sine
AIAdultSlope= 0.468439799782354
AIAdultLD50= 0.217062970157713
AIAdultSlopeContact= 1.06667056997772
AIAdultLD50Contact= 0.0302871897816658
AILarvaSlope= 2.36150705083273
AILarvaLD50= 0.0996649591019377
AIKOW= 3.02599871251732
AIKOC= 16.3447634445038
AIHalfLife= 4.53577633947134
EAppRate= 0.0557586356066167
