ICQueenStrength= 5.81572532095015
RQWkrDrnRatio= 4.73283808585256
ICDroneMiteSurvivorship= 61.7877007694915
ICWorkerMiteSurvivorship= 14.2877323087305
ICForagerLifespan= 8.448417019099
ImmType= Cosine
AIAdultSlopeContact= 3.47603119353298
AIAdultLD50Contact= 0.0225909969070926
AILarvaSlope= 1.67603905969299
AILarvaLD50= 0.769376945262775
AIKOW= 7.26802109740674
AIKOC= 17.8331943531521
AIHalfLife= 8.38622392248362
