ICQueenStrength= 3.56796212284826
RQWkrDrnRatio= 1.64230760466307
ICDroneMiteSurvivorship= 59.2411077581346
ICWorkerMiteSurvivorship= 28.3187881344929
ICForagerLifespan= 12.3981935819611
ImmType= Sine
AIAdultSlope= 0.256453497007024
AIAdultLD50= 0.220891561591998
AIAdultSlopeContact= 2.43993106086273
AIAdultLD50Contact= 0.00450272818561643
AILarvaSlope= 1.79474309962243
AILarvaLD50= 0.863761238730513
AIKOW= 5.62470616586506
AIKOC= 13.347343764035
AIHalfLife= 4.49051101808436
EAppRate= 0.572981792013161
