ICQueenStrength= 1.88860435690731
RQWkrDrnRatio= 4.15719724074006
