ICQueenStrength= 1.5284221668262
RQWkrDrnRatio= 1.44558250904083
ICDroneMiteSurvivorship= 40.5470278346911
ICWorkerMiteSurvivorship= 62.8453097073361
ICForagerLifespan= 4.84707240760326
ImmType= Sine
AIAdultSlopeContact= 0.520098558061291
AIAdultLD50Contact= 0.0104947625659406
AILarvaSlope= 1.57862442634068
AILarvaLD50= 0.811552710598335
AIKOW= 4.02571525797248
AIKOC= 7.51698463689536
AIHalfLife= 10.9351727552712
