ICQueenStrength= 4.85611032368615
RQWkrDrnRatio= 1.2678851839155
ICDroneMiteSurvivorship= 67.1495689079165
ICWorkerMiteSurvivorship= 69.1804170142859
ICForagerLifespan= 11.6813983935863
ImmType= Cosine
AIAdultSlope= 0.716519916197285
AIAdultLD50= 2.63000793987885
AIAdultSlopeContact= 0.314499349070247
AIAdultLD50Contact= 0.0450610626023263
AILarvaSlope= 1.03756672828458
AILarvaLD50= 0.848083575535566
AIKOW= 7.22579900640994
AIKOC= 25.8054951333907
AIHalfLife= 6.69592317705974
EAppRate= 0.0499319732189178
