ICQueenStrength= 2.12578065600246
RQWkrDrnRatio= 3.92263879906386
ICDroneMiteSurvivorship= 94.8264512699097
ICWorkerMiteSurvivorship= 72.3629091866314
ICForagerLifespan= 14.4537363257259
ImmType= Exponential
AIAdultSlope= 3.39440576766618
AIAdultLD50= 0.379796331864782
AIAdultSlopeContact= 0.967131115172524
AIAdultLD50Contact= 0.0398197869304568
AILarvaSlope= 1.30889890249819
AILarvaLD50= 0.119498609402217
AIKOW= 5.06471202522516
AIKOC= 8.38330606464297
AIHalfLife= 1.28641698975116
EAppRate= 0.230014447961003
