ICQueenStrength= 5.38068867661059
RQWkrDrnRatio= 4.51203189138323
ICDroneMiteSurvivorship= 46.5058295289055
ICWorkerMiteSurvivorship= 34.0018487535417
ICForagerLifespan= 6.64479156211019
ImmType= Logarithmic
AIAdultSlope= 0.519403154822066
AIAdultLD50= 2.69459775206633
AIAdultSlopeContact= 3.02728819772601
AIAdultLD50Contact= 0.0452613911475055
AILarvaSlope= 2.21711085578427
AILarvaLD50= 0.442494575260207
AIKOW= 2.33206650754437
AIKOC= 14.0868159488309
AIHalfLife= 12.7009796514176
EAppRate= 0.157719195820391
