ICQueenStrength= 3.85756850382313
RQWkrDrnRatio= 4.83339244592935
ICDroneMiteSurvivorship= 73.1277097016573
ICWorkerMiteSurvivorship= 97.7938052965328
ICForagerLifespan= 13.7979881865904
ImmType= Sine
AIAdultSlope= 1.7677633930929
AIAdultLD50= 2.12659350712784
AIAdultSlopeContact= 0.0306437701103278
AIAdultLD50Contact= 0.0242629755754024
AILarvaSlope= 1.29927742928267
AILarvaLD50= 0.791947766393423
AIKOW= 2.99402462411672
AIKOC= 18.1153023627121
AIHalfLife= 11.6727505414747
EAppRate= 0.491638653213158
