ICQueenStrength= 5.56344921374694
RQWkrDrnRatio= 4.98310850188136
ICDroneMiteSurvivorship= 58.5779645480216
ICWorkerMiteSurvivorship= 90.0527607183903
ICForagerLifespan= 15.4050127435476
ImmType= Tangent
AIAdultSlope= 0.417893042322248
