ICQueenStrength= 4.60414887778461
RQWkrDrnRatio= 2.76534190773964
ICDroneMiteSurvivorship= 6.65047767106444
ICWorkerMiteSurvivorship= 67.9972091224045
ICForagerLifespan= 12.0661155842245
ImmType= Polynomial
AIAdultSlope= 3.25297453762032
AIAdultLD50= 2.61922203493305
AIAdultSlopeContact= 0.143154376067687
AIAdultLD50Contact= 0.0133337130770087
AILarvaSlope= 1.31390364402905
AILarvaLD50= 0.490863535855897
AIKOW= 4.72877247072756
AIKOC= 8.93412343109958
AIHalfLife= 11.8637550650164
EAppRate= 0.496206109644845
