ICQueenStrength= 1.99165858118795
RQWkrDrnRatio= 3.09583256207407
ICDroneMiteSurvivorship= 7.40307318046689
ICWorkerMiteSurvivorship= 67.9288008715957
ICForagerLifespan= 8.52869160380214
ImmType= Logarithmic
AIAdultLD50= 0.154012839635834
AIAdultSlopeContact= 1.01353532461915
AIAdultLD50Contact= 0.0461634839535691
AILarvaSlope= 1.24679335672408
AILarvaLD50= 0.559314659284428
AIKOW= 2.277745524887
AIKOC= 29.2029935878236
AIHalfLife= 7.93120979564264
EAppRate= 0.634661108255386
