ICQueenStrength= 1.69841751363128
RQWkrDrnRatio= 2.38887657038867
ICDroneMiteSurvivorship= 41.640163725242
ICWorkerMiteSurvivorship= 53.7895570276305
ICForagerLifespan= 11.1278490480036
ImmType= Cosine
AIAdultSlope= 4.43108974257484
