ICQueenStrength= 1.68923407932743
RQWkrDrnRatio= 4.97411543410271
ICDroneMiteSurvivorship= 97.546323062852
ICWorkerMiteSurvivorship= 67.4757597735152
ICForagerLifespan= 6.22319476306438
ImmType= Cosine
AIAdultSlope= 1.22725332576782
AIAdultLD50= 0.488688302226365
AIAdultSlopeContact= 1.75146790527971
AIAdultLD50Contact= 0.00158032547915354
AILarvaSlope= 3.19806953975931
AILarvaLD50= 0.246629731636494
AIKOW= 3.8708268487826
AIKOC= 8.8830112083815
AIHalfLife= 2.67546345596202
EAppRate= 0.223455679649487
