ICQueenStrength= 5.9174129171297
RQWkrDrnRatio= 2.77364083752036
ICDroneMiteSurvivorship= 68.5451346216723
ICWorkerMiteSurvivorship= 81.4822463318706
ICForagerLifespan= 6.69947142153978
ImmType= Cosine
AIAdultSlope= 1.8385895836819
AIAdultLD50= 0.371511188452132
AIAdultSlopeContact= 3.86286116770003
AIAdultLD50Contact= 0.0379382031271234
AILarvaSlope= 2.96409348165616
AILarvaLD50= 0.600706732389517
AIKOW= 6.29080255376175
AIKOC= 18.1460693257395
AIHalfLife= 0.170788046671078
EAppRate= 0
