ICQueenStrength= 2.19705404620618
RQWkrDrnRatio= 3.24231233913451
ICDroneMiteSurvivorship= 50.8305150317028
ICWorkerMiteSurvivorship= 46.8462510267273
ICForagerLifespan= 10.9116102680564
ImmType= Logarithmic
AIAdultSlopeContact= 1.5094487987808
AIAdultLD50Contact= 0.00153787455055863
AILarvaSlope= 2.48130663372576
AILarvaLD50= 0.172749083326198
AIKOW= 2.67376449657604
AIKOC= 27.0889981254004
AIHalfLife= 13.8270278028212
