ICQueenStrength= 2.61089113098569
RQWkrDrnRatio= 3.20544103346765
ICDroneMiteSurvivorship= 23.822845867835
ICWorkerMiteSurvivorship= 30.8684977935627
ICForagerLifespan= 7.76709021441638
ImmType= Sine
AIAdultLD50= 0.154012839635834
AIAdultSlopeContact= 1.92777186232852
AIAdultLD50Contact= 0.013636185543146
AILarvaSlope= 2.80413044104353
AILarvaLD50= 0.690683319512755
AIKOW= 6.74087435705587
AIKOC= 14.6033641428221
AIHalfLife= 8.99139933334664
EAppRate= 1.10682441899553
