ICQueenStrength= 1.50788046093658
RQWkrDrnRatio= 2.10798632353544
ICDroneMiteSurvivorship= 75.6316472077742
ICWorkerMiteSurvivorship= 32.8272815095261
ICForagerLifespan= 12.2551831174642
ImmType= Cosine
AIAdultSlope= 0.931884752965998
AIAdultLD50= 0.472191567299888
AIAdultSlopeContact= 0.831453435744625
AIAdultLD50Contact= 0.00171009819023311
AILarvaSlope= 0.933734196564183
AILarvaLD50= 0.17106390693225
AIKOW= 5.67770607676357
AIKOC= 12.9626356251538
AIHalfLife= 1.16541345836595
EAppRate= 0.0651630168547854
