ICQueenStrength= 1.03877131617628
RQWkrDrnRatio= 3.63041979447007
ICDroneMiteSurvivorship= 44.8244884144515
ICWorkerMiteSurvivorship= 84.6259234240279
ICForagerLifespan= 6.61032096017152
ImmType= Exponential
AIAdultSlopeContact= 3.28739982972387
AIAdultLD50Contact= 0.0124412705074064
AILarvaSlope= 2.28668029750697
AILarvaLD50= 0.478918226645328
AIKOW= 6.94716539373621
AIKOC= 13.8174034084659
AIHalfLife= 13.5362409339286
