ICQueenStrength= 3.85303070093505
RQWkrDrnRatio= 2.11541557405144
ICDroneMiteSurvivorship= 28.0850098701194
ICWorkerMiteSurvivorship= 19.6040116017684
ICForagerLifespan= 14.6653917189687
ImmType= Cosine
AIAdultSlope= 1.83188208034262
AIAdultLD50= 0.202209642855451
AIAdultSlopeContact= 3.57829426887911
AIAdultLD50Contact= 0.0475067018414848
AILarvaSlope= 0.561632677260786
AILarvaLD50= 0.628339926945046
AIKOW= 7.8937845104374
AIKOC= 7.08154946449213
AIHalfLife= 0.491704132873565
EAppRate= 0.421478022355586
