ICQueenStrength= 1.09340998949483
RQWkrDrnRatio= 4.48582005593926
ICDroneMiteSurvivorship= 35.1385409012437
ICWorkerMiteSurvivorship= 20.0461798813194
ICForagerLifespan= 14.4037703843787
ImmType= Exponential
AIAdultSlopeContact= 0.332508156239055
AIAdultLD50Contact= 0.0199480264913291
AILarvaSlope= 1.63220806806348
AILarvaLD50= 0.191631072037853
AIKOW= 6.76483859680593
AIKOC= 29.1784578247461
AIHalfLife= 6.42421083245426
