ICQueenStrength= 4.81168691441417
RQWkrDrnRatio= 4.61039239633828
ICDroneMiteSurvivorship= 73.7184196244925
ICWorkerMiteSurvivorship= 82.3559444863349
ICForagerLifespan= 14.947587672621
ImmType= Tangent
AIAdultSlope= 0.552015243703499
AIAdultLD50= 0.48748819087632
AIAdultSlopeContact= 2.19341363753658
AIAdultLD50Contact= 0.030750984698534
AILarvaSlope= 2.48284349134192
AILarvaLD50= 0.79009600575082
AIKOW= 2.06897214567289
AIKOC= 10.8817227429245
AIHalfLife= 2.37831411883235
EAppRate= 0.782246636226773
