ICQueenStrength= 3.7941110462416
RQWkrDrnRatio= 3.07372163794935
ICDroneMiteSurvivorship= 52.6793369557709
ICWorkerMiteSurvivorship= 64.7885976126418
ICForagerLifespan= 10.9687331952155
ImmType= Sine
AIAdultSlope= 2.11323582888581
AIAdultLD50= 0.0964728780090809
AIAdultSlopeContact= 2.02798741038423
AIAdultLD50Contact= 0.0398634411511011
AILarvaSlope= 1.02464095475152
AILarvaLD50= 0.377346959360875
AIKOW= 2.22407567501068
AIKOC= 18.4427264332771
AIHalfLife= 11.0395746501163
EAppRate= 0.948056384455413
