ICQueenStrength= 4.78015727037564
RQWkrDrnRatio= 4.13672350812703
ICDroneMiteSurvivorship= 23.2729983283207
ICWorkerMiteSurvivorship= 8.78810465801507
ICForagerLifespan= 15.6915659317747
ImmType= Tangent
AIAdultSlope= 1.15526170465164
AIAdultLD50= 2.51358903176151
AIAdultSlopeContact= 2.10905074406415
AIAdultLD50Contact= 0.00958013683557511
AILarvaSlope= 3.16531453658827
AILarvaLD50= 0.670309836510569
AIKOW= 6.30306823411956
AIKOC= 25.4419026209507
AIHalfLife= 2.48195671569556
EAppRate= 0.512877641478553
