ICQueenStrength= 2.0551762804389
RQWkrDrnRatio= 2.18850195687264
