ICQueenStrength= 3.48597377678379
RQWkrDrnRatio= 2.27547828759998
ICDroneMiteSurvivorship= 92.6053672330454
ICWorkerMiteSurvivorship= 67.4968880368397
ICForagerLifespan= 4.28087376430631
ImmType= Logarithmic
AIAdultSlope= 0.948450339683332
AIAdultLD50= 0.334581514471211
AIAdultSlopeContact= 1.67068214609055
AIAdultLD50Contact= 0.0272640759940259
AILarvaSlope= 2.89411825891584
AILarvaLD50= 0.807987332507037
AIKOW= 7.47599339438602
AIKOC= 26.9431504840031
AIHalfLife= 2.30095367413014
EAppRate= 0.544067929405719
