ICQueenStrength= 2.70269360207021
RQWkrDrnRatio= 1.99478636495769
