ICQueenStrength= 1.90910896891728
RQWkrDrnRatio= 1.30603108555079
ICDroneMiteSurvivorship= 33.958832337521
ICWorkerMiteSurvivorship= 73.8182483939454
ICForagerLifespan= 5.25271770730615
ImmType= Logarithmic
AIAdultSlope= 0.766213311627507
AIAdultLD50= 1.41390160890296
AIAdultSlopeContact= 0.534200285032857
AIAdultLD50Contact= 0.0417541327187791
AILarvaSlope= 1.50213644015603
AILarvaLD50= 0.0729744776152074
AIKOW= 4.58143411949277
AIKOC= 24.1827185626607
AIHalfLife= 10.4857567283325
EAppRate= 0.98096806043759
