ICQueenStrength= 2.29942507948726
RQWkrDrnRatio= 1.5399953443557
ICDroneMiteSurvivorship= 0.998664484359324
ICWorkerMiteSurvivorship= 65.8106488641351
ICForagerLifespan= 6.50531719904393
ImmType= Logarithmic
AIAdultSlope= 2.37967900889926
AIAdultSlopeContact= 2.10615693995962
AIAdultLD50Contact= 0.0170554645243101
AILarvaSlope= 1.93226957600564
AILarvaLD50= 0.0406500173499808
AIKOW= 6.16820910200477
AIKOC= 8.15804471611045
AIHalfLife= 13.6228878283873
