ICQueenStrength= 1.4956866777502
RQWkrDrnRatio= 2.20841202512383
ICDroneMiteSurvivorship= 85.183010622859
ICWorkerMiteSurvivorship= 40.1077386224642
ICForagerLifespan= 9.37497170642018
ImmType= Exponential
AIAdultSlope= 2.40113581707701
AIAdultLD50= 0.00771376071497798
AIAdultSlopeContact= 2.26651058003772
AIAdultLD50Contact= 0.0216847582603805
AILarvaSlope= 3.09823307627812
AILarvaLD50= 0.501766874967143
AIKOW= 7.2035301043652
AIKOC= 12.3607395926956
AIHalfLife= 3.79949114099145
EAppRate= 0.261022753082216
