ICQueenStrength= 2.93821863853373
RQWkrDrnRatio= 3.37584447395056
ICDroneMiteSurvivorship= 43.0473316460848
ICWorkerMiteSurvivorship= 77.7754560811445
ICForagerLifespan= 8.86923140380532
ImmType= Exponential
AIAdultSlope= 4.74715089192614
