ICQueenStrength= 4.34756316035055
RQWkrDrnRatio= 4.8430757028982
ICDroneMiteSurvivorship= 53.0499751213938
ICWorkerMiteSurvivorship= 37.0418609585613
ICForagerLifespan= 15.7968696253374
ImmType= Polynomial
AIAdultSlope= 5.25450787274167
