ICQueenStrength= 5.02566791628487
RQWkrDrnRatio= 2.45528847537935
ICDroneMiteSurvivorship= 11.3683289149776
ICWorkerMiteSurvivorship= 32.9669394996017
ICForagerLifespan= 8.40977218188345
ImmType= Exponential
AIAdultSlope= 1.48426730884239
AIAdultLD50= 0.370223040226847
AIAdultSlopeContact= 1.51871493086219
AIAdultLD50Contact= 0.174776908289641
AILarvaSlope= 8.30534772947431
AILarvaLD50= 1.24072434194386
AIKOW= 94.372338661924
AIKOC= 63.0693430779502
AIHalfLife= 12.722688594833
EAppRate= 1.99864315101877
