ICQueenStrength= 1.52705295849591
RQWkrDrnRatio= 1.05652179103345
ICDroneMiteSurvivorship= 4.48212893679738
ICWorkerMiteSurvivorship= 32.7695209532976
ICForagerLifespan= 12.4385127406567
ImmType= Exponential
AIAdultSlope= 1.83776217741659
AIAdultLD50= 0.177975037950091
AIAdultSlopeContact= 2.42129471346969
AIAdultLD50Contact= 0.0295640991302207
AILarvaSlope= 1.22018592334352
AILarvaLD50= 0.460738632199354
AIKOW= 2.12753164721653
AIKOC= 5.89108435204253
AIHalfLife= 3.88326745247468
EAppRate= 0.676714229467325
