ICQueenStrength= 4.62146903527901
RQWkrDrnRatio= 2.52142626233399
ICDroneMiteSurvivorship= 51.2929305434227
ICWorkerMiteSurvivorship= 44.2401467589661
ICForagerLifespan= 6.2494507394731
ImmType= Logarithmic
AIAdultSlope= 0.252549437712878
AIAdultLD50= 1.44590391009115
AIAdultSlopeContact= 2.91502895263955
AIAdultLD50Contact= 0.0293843814055435
AILarvaSlope= 0.808849880099297
AILarvaLD50= 0.421996084763669
AIKOW= 4.83767261961475
AIKOC= 22.2246215748601
AIHalfLife= 9.48084987932816
EAppRate= 0.122082642046735
