ICQueenStrength= 1.82518326235004
RQWkrDrnRatio= 2.24674191884696
ICDroneMiteSurvivorship= 63.4809916140512
ICWorkerMiteSurvivorship= 67.5717329373583
ICForagerLifespan= 9.27537865936756
ImmType= Logarithmic
AIAdultSlopeContact= 0.493292824979872
AIAdultLD50Contact= 0.0211670798482373
AILarvaSlope= 1.32249152045697
AILarvaLD50= 0.436967748007737
AIKOW= 7.16162461182103
AIKOC= 17.1215530030895
AIHalfLife= 3.50694198301062
