ICQueenStrength= 3.01536901062354
RQWkrDrnRatio= 4.27023647725582
ICDroneMiteSurvivorship= 33.6852060630918
ICWorkerMiteSurvivorship= 29.8559321789071
ICForagerLifespan= 15.177050226368
ImmType= Tangent
AIAdultSlope= 2.1681610147655
AIAdultLD50= 0.347085009445436
AIAdultSlopeContact= 2.57055052367505
AIAdultLD50Contact= 0.0144737189286388
AILarvaSlope= 2.51580497068353
AILarvaLD50= 0.789599423669279
AIKOW= 2.45349862426519
AIKOC= 29.1253825719468
AIHalfLife= 3.74772671377286
EAppRate= 0.402704110601917
