ICQueenStrength= 2.9393595168367
RQWkrDrnRatio= 2.46106134913862
ICDroneMiteSurvivorship= 57.2297698818147
ICWorkerMiteSurvivorship= 85.219111200422
ICForagerLifespan= 12.8356592766941
ImmType= Cosine
AIAdultSlope= 2.75693779988214
AIAdultLD50= 1.32853254606016
AIAdultSlopeContact= 3.83548693909077
AIAdultLD50Contact= 0.0362055833567865
AILarvaSlope= 2.70306573542766
AILarvaLD50= 0.203681710129604
AIKOW= 2.24727503815666
AIKOC= 27.6062429603189
AIHalfLife= 8.89506814628839
EAppRate= 0.504962254781276
