ICQueenStrength= 4.45236677094363
RQWkrDrnRatio= 2.32882131356746
ICDroneMiteSurvivorship= 14.3464909866452
ICWorkerMiteSurvivorship= 97.4304704694077
ICForagerLifespan= 6.19833226408809
ImmType= Polynomial
AIAdultSlope= 1.28329231562093
AIAdultLD50= 2.67761303437874
AIAdultSlopeContact= 3.23042177731404
AIAdultLD50Contact= 0.0332604476250708
AILarvaSlope= 1.55222956384532
AILarvaLD50= 0.247222677106038
AIKOW= 6.7116984105669
AIKOC= 19.1253156238236
AIHalfLife= 2.69039108185098
EAppRate= 0.269995345501229
