ICQueenStrength= 1.80145448562689
RQWkrDrnRatio= 2.6749444231391
ICDroneMiteSurvivorship= 18.452286766842
ICWorkerMiteSurvivorship= 56.0924637131393
ICForagerLifespan= 12.6421066038311
ImmType= Logarithmic
AIAdultSlope= 2.44232451313874
AIAdultLD50= 0.0818959247553721
AIAdultSlopeContact= 0.938102985396981
AIAdultLD50Contact= 0.0440523018944077
AILarvaSlope= 2.49918887000531
AILarvaLD50= 0.0488717190921307
AIKOW= 2.71365588065237
AIKOC= 18.0531013186555
AIHalfLife= 4.07588661066256
EAppRate= 0.466708589787595
