ICQueenStrength= 4.39124399470165
RQWkrDrnRatio= 2.53836358897388
ICDroneMiteSurvivorship= 26.0005493182689
ICWorkerMiteSurvivorship= 87.3430297942832
ICForagerLifespan= 6.51952992845327
ImmType= Tangent
AIAdultLD50= 0.154012839635834
AIAdultSlopeContact= 1.44768100432819
AIAdultLD50Contact= 0.0174823378911242
AILarvaSlope= 1.45361110758968
AILarvaLD50= 0.596937397238798
AIKOW= 5.84650961309671
AIKOC= 23.9174270897638
AIHalfLife= 10.2469409671612
EAppRate= 1.55113249877468
