ICQueenStrength= 4.79081699997187
RQWkrDrnRatio= 1.96715277247131
ICDroneMiteSurvivorship= 48.2475728960708
ICWorkerMiteSurvivorship= 33.9466811623424
ICForagerLifespan= 8.77012461051345
ImmType= Polynomial
AIAdultSlope= 2.29345151072368
AIAdultLD50= 0.470041353488341
AIAdultSlopeContact= 3.86108845793176
AIAdultLD50Contact= 0.0147021895390935
AILarvaSlope= 2.29792838664725
AILarvaLD50= 0.000133041338995099
AIKOW= 6.15291424654424
AIKOC= 25.0413586571813
AIHalfLife= 0.575163377216086
EAppRate= 0.174781309696846
