ICQueenStrength= 1.70152324740775
RQWkrDrnRatio= 3.50136047042906
ICDroneMiteSurvivorship= 30.2345950854942
ICWorkerMiteSurvivorship= 90.8408109098673
ICForagerLifespan= 5.63963025808334
ImmType= Polynomial
AIAdultSlope= 0.974803798785433
AIAdultLD50= 1.22842917381786
AIAdultSlopeContact= 0.603575869845226
AIAdultLD50Contact= 0.0302037621266209
AILarvaSlope= 0.597088879486546
AILarvaLD50= 0.673331469437107
AIKOW= 4.69750875141472
AIKOC= 7.34950595768169
AIHalfLife= 9.63340247282758
EAppRate= 0.985377129400149
