ICQueenStrength= 2.55914200120606
RQWkrDrnRatio= 3.44924331456423
ICDroneMiteSurvivorship= 81.1499535338953
ICWorkerMiteSurvivorship= 61.401115427725
ICForagerLifespan= 11.8870544033125
ImmType= Cosine
AIAdultSlope= 0.130810377141461
AIAdultLD50= 2.34988869982772
AIAdultSlopeContact= 2.94170670125401
AIAdultLD50Contact= 0.0168065669247881
AILarvaSlope= 0.477819849457592
AILarvaLD50= 0.845348241599277
AIKOW= 4.50772849097848
AIKOC= 29.1126131382771
AIHalfLife= 7.91664897091687
EAppRate= 0.308830174151808
