ICQueenStrength= 3.11525041726418
RQWkrDrnRatio= 1.89647595211864
ICDroneMiteSurvivorship= 35.8260421082377
ICWorkerMiteSurvivorship= 59.5142810838297
ICForagerLifespan= 5.55773624219
ImmType= Tangent
AIAdultSlope= 0.467142689973116
AIAdultLD50= 1.38622959936038
AIAdultSlopeContact= 0.681603281486314
AIAdultLD50Contact= 0.0307470670551993
AILarvaSlope= 0.358330777985975
AILarvaLD50= 0.0211952508660033
AIKOW= 6.56480518868193
AIKOC= 26.3829721731599
AIHalfLife= 13.4502491760068
EAppRate= 0.073626650730148
