ICQueenStrength= 1.09363951859996
RQWkrDrnRatio= 1.73273679055274
ICDroneMiteSurvivorship= 86.1698185093701
ICWorkerMiteSurvivorship= 16.96665964555
ICForagerLifespan= 4.2065965346992
ImmType= Logarithmic
AIAdultSlope= 1.40665178499185
AIAdultLD50= 1.64313988597132
AIAdultSlopeContact= 0.885981159789953
AIAdultLD50Contact= 0.00965213250601664
AILarvaSlope= 1.08313204897568
AILarvaLD50= 0.304783068434335
AIKOW= 3.90285042393953
AIKOC= 20.6958212086465
AIHalfLife= 3.7883773772046
EAppRate= 0.155781265115365
