ICQueenStrength= 3.36448787036352
RQWkrDrnRatio= 3.41270758770406
ICDroneMiteSurvivorship= 52.9617543332279
ICWorkerMiteSurvivorship= 91.2340896669775
ICForagerLifespan= 9.14976960141212
ImmType= Sine
AIAdultSlope= 1.05867037962656
AIAdultLD50= 0.0565283800242469
AIAdultSlopeContact= 1.75448946326505
AIAdultLD50Contact= 0.00920918012270704
AILarvaSlope= 1.23990540062077
AILarvaLD50= 0.462148144771345
AIKOW= 7.25303156115115
AIKOC= 5.52521706675179
AIHalfLife= 0.771917849779129
EAppRate= 0.406161769083701
