ICQueenStrength= 1.32113053719513
RQWkrDrnRatio= 2.33366807829589
ICDroneMiteSurvivorship= 7.15236379764974
ICWorkerMiteSurvivorship= 58.2686896901578
ICForagerLifespan= 9.03640662971884
ImmType= Sine
AIAdultSlope= 5.62698287190869
AIAdultLD50= 0.100510368123651
AIAdultSlopeContact= 4.1306549613364
AIAdultLD50Contact= 0.154641095316038
AILarvaSlope= 6.67970163049176
AILarvaLD50= 0.596158857923001
AIKOW= 68.6457220697775
AIKOC= 17.3121428582817
AIHalfLife= 6.63981479499489
EAppRate= 1.49074559239671
