ICQueenStrength= 2.51585137704387
RQWkrDrnRatio= 3.99661948718131
ICDroneMiteSurvivorship= 11.2075586104766
ICWorkerMiteSurvivorship= 23.6151768360287
ICForagerLifespan= 7.8045788127929
ImmType= Polynomial
AIAdultSlopeContact= 1.949358830438
AIAdultLD50Contact= 0.00846247528679669
AILarvaSlope= 2.83190947426483
AILarvaLD50= 0.657165159098804
AIKOW= 2.97362360125408
AIKOC= 29.3824212113395
AIHalfLife= 6.24299392197281
