ICQueenStrength= 3.12747975252569
RQWkrDrnRatio= 2.81231111194938
ICDroneMiteSurvivorship= 97.8603066410869
ICWorkerMiteSurvivorship= 94.254491943866
ICForagerLifespan= 8.41714078001678
ImmType= Sine
AIAdultSlope= 1.48561738785356
AIAdultLD50= 0.911097469506785
AIAdultSlopeContact= 3.55988155345665
AIAdultLD50Contact= 0.0108015212230384
AILarvaSlope= 1.94641446424648
AILarvaLD50= 0.520480870013125
AIKOW= 5.59880932187662
AIKOC= 6.55879243393429
AIHalfLife= 3.08092988701537
EAppRate= 0.579904888756573
