ICQueenStrength= 2.62652802537195
RQWkrDrnRatio= 3.18586447369307
ICDroneMiteSurvivorship= 6.96267616003752
ICWorkerMiteSurvivorship= 45.7511599408463
ICForagerLifespan= 7.05304451659322
ImmType= Sine
AIAdultSlope= 3.02946727084927
AIAdultSlopeContact= 3.79832820785232
AIAdultLD50Contact= 0.00329842393985018
AILarvaSlope= 2.30457375426777
AILarvaLD50= 0.575402142642997
AIKOW= 7.6347916778177
AIKOC= 6.69478046009317
AIHalfLife= 1.7525319266133
