ICQueenStrength= 4.34836956928484
RQWkrDrnRatio= 4.84641240164638
ICDroneMiteSurvivorship= 26.6056781169027
ICWorkerMiteSurvivorship= 72.7674060035497
ICForagerLifespan= 7.62979275453836
ImmType= Logarithmic
AIAdultSlope= 2.90324885767652
AIAdultLD50= 0.364662077627145
AIAdultSlopeContact= 2.06157186770579
AIAdultLD50Contact= 0.0430093378177844
AILarvaSlope= 1.58407447547652
AILarvaLD50= 0.0771512157982215
AIKOW= 2.72333437344059
AIKOC= 11.4547475543804
AIHalfLife= 4.18481824337505
EAppRate= 0.251716116373427
