ICQueenStrength= 5.59900343092158
RQWkrDrnRatio= 3.96432580053806
ICDroneMiteSurvivorship= 38.1296581123024
ICWorkerMiteSurvivorship= 44.6744747692719
ICForagerLifespan= 12.4923897869885
ImmType= Exponential
AIAdultSlope= 1.62544990084833
AIAdultLD50= 0.334370383759961
AIAdultSlopeContact= 2.88491927130846
AIAdultLD50Contact= 0.0270536748459563
AILarvaSlope= 1.15306399757974
AILarvaLD50= 0.551021953602321
AIKOW= 6.30754804844037
AIKOC= 9.71713113365695
AIHalfLife= 3.24948938563466
EAppRate= 0.233718122867867
