ICQueenStrength= 5.76968921604566
RQWkrDrnRatio= 1.72594205662608
ICDroneMiteSurvivorship= 85.4476702166721
ICWorkerMiteSurvivorship= 32.6130522880703
ICForagerLifespan= 8.5564746344462
ImmType= Logarithmic
AIAdultSlope= 1.30425495002419
AIAdultLD50= 0.112403239589185
AIAdultSlopeContact= 2.22349852811079
AIAdultLD50Contact= 0.0239414138020948
AILarvaSlope= 0.73250538688153
AILarvaLD50= 0.555631135334261
AIKOW= 6.67218792671338
AIKOC= 9.04331816826016
AIHalfLife= 1.12595560075715
EAppRate= 0.46807853714563
