ICQueenStrength= 1.28398172231391
RQWkrDrnRatio= 1.75580019969493
ICDroneMiteSurvivorship= 42.6259651547298
ICWorkerMiteSurvivorship= 11.116127227433
ICForagerLifespan= 8.86914144363254
ImmType= Logarithmic
AIAdultSlope= 2.25784379686229
AIAdultLD50= 1.89375323290005
AIAdultSlopeContact= 1.67549771012273
AIAdultLD50Contact= 0.0392796313972212
AILarvaSlope= 0.766727178636938
AILarvaLD50= 0.505925208795816
AIKOW= 5.62790649803355
AIKOC= 26.9330456107855
AIHalfLife= 13.9275233549997
EAppRate= 0.827136058360338
