ICQueenStrength= 4.24614696321078
RQWkrDrnRatio= 2.25047742575407
ICDroneMiteSurvivorship= 53.7110078381374
ICWorkerMiteSurvivorship= 41.3819078356028
ICForagerLifespan= 8.96285405755043
ImmType= Tangent
AIAdultSlope= 1.18072210387327
AIAdultLD50= 1.33999030245468
AIAdultSlopeContact= 1.49041710959282
AIAdultLD50Contact= 0.0498977890121751
AILarvaSlope= 1.91579598509707
AILarvaLD50= 0.193295752583072
AIKOW= 6.23041208274662
AIKOC= 10.1282260275912
AIHalfLife= 7.77065810840577
EAppRate= 0.979930311907083
