ICQueenStrength= 5.97989877942018
RQWkrDrnRatio= 3.74195517599583
ICDroneMiteSurvivorship= 75.4582819761708
ICWorkerMiteSurvivorship= 93.2781222974882
ICForagerLifespan= 10.4517815858126
ImmType= Tangent
AIAdultSlope= 2.99924115897389
AIAdultLD50= 0.131551636732183
AIAdultSlopeContact= 1.38175213811221
AIAdultLD50Contact= 0.0322540255496278
AILarvaSlope= 0.189503330783918
AILarvaLD50= 0.275472058053128
AIKOW= 3.23756530089304
AIKOC= 22.9366397438571
AIHalfLife= 4.79485486051999
EAppRate= 0.297232747124508
