ICQueenStrength= 3.21869079628959
RQWkrDrnRatio= 4.64447543211281
ICDroneMiteSurvivorship= 22.7411018917337
ICWorkerMiteSurvivorship= 30.9367632726207
ICForagerLifespan= 4.5677139069885
ImmType= Exponential
AIAdultSlope= 1.01786315394565
AIAdultLD50= 1.24841914395802
AIAdultSlopeContact= 1.30489722047467
AIAdultLD50Contact= 0.0425011549494229
AILarvaSlope= 2.6201278724242
AILarvaLD50= 0.579786239680834
AIKOW= 4.20106323063374
AIKOC= 12.2567713155877
AIHalfLife= 3.21787200309336
EAppRate= 0.280434080166742
