ICQueenStrength= 5.16704909526743
RQWkrDrnRatio= 3.24960325099528
ICDroneMiteSurvivorship= 78.9534607902169
ICWorkerMiteSurvivorship= 49.6433322085068
ICForagerLifespan= 15.2594398418441
ImmType= Sine
AIAdultSlope= 1.35712277142098
AIAdultLD50= 0.0505930478684604
AIAdultSlopeContact= 2.43619930941146
AIAdultLD50Contact= 0.0113237953628413
AILarvaSlope= 2.73184987646528
AILarvaLD50= 0.490588626195677
AIKOW= 2.41700160223991
AIKOC= 29.0035027265549
AIHalfLife= 1.29252743325196
EAppRate= 0.381619109888561
