ICQueenStrength= 5.41371879423968
RQWkrDrnRatio= 1.05710105784237
ICDroneMiteSurvivorship= 32.9095724737272
ICWorkerMiteSurvivorship= 36.2621078733355
ICForagerLifespan= 12.8780583711341
ImmType= Cosine
AIAdultSlope= 2.47935625820188
AIAdultLD50= 0.21495979570318
AIAdultSlopeContact= 2.47868746867636
AIAdultLD50Contact= 0.0474584925570525
AILarvaSlope= 2.82285511507653
AILarvaLD50= 0.0357712958240882
AIKOW= 2.53918058983982
AIKOC= 16.2224309821613
AIHalfLife= 3.39164435165003
EAppRate= 0
