ICQueenStrength= 1.33004792057909
RQWkrDrnRatio= 1.57208755239844
ICDroneMiteSurvivorship= 48.6226432723925
ICWorkerMiteSurvivorship= 55.0645497627556
ICForagerLifespan= 8.53834519255906
ImmType= Sine
AIAdultSlope= 3.86357168201357
