ICQueenStrength= 1.48139170045033
RQWkrDrnRatio= 3.23564976360649
ICDroneMiteSurvivorship= 12.8566343337297
ICWorkerMiteSurvivorship= 85.1122150197625
ICForagerLifespan= 9.79308723006397
ImmType= Logarithmic
AIAdultSlopeContact= 8.21818620432168
AIAdultLD50Contact= 0.118349608080462
AILarvaSlope= 2.16577060287818
AILarvaLD50= 0.590867626015097
AIKOW= 7.33167524449527
AIKOC= 4.8429842106998
AIHalfLife= 8.09445431781933
