ICQueenStrength= 2.35436532320455
RQWkrDrnRatio= 2.93881855066866
ICDroneMiteSurvivorship= 74.5607321383432
ICWorkerMiteSurvivorship= 10.2918850025162
ICForagerLifespan= 6.647575577721
ImmType= Cosine
AIAdultSlope= 2.75814998332411
AIAdultLD50= 0.20418074389454
AIAdultSlopeContact= 3.36560534538003
AIAdultLD50Contact= 0.0220259580179118
AILarvaSlope= 2.22342235273682
AILarvaLD50= 0.587092900369316
AIKOW= 5.29233659245074
AIKOC= 15.3124633664265
AIHalfLife= 3.02919942187145
EAppRate= 0.0298909870907664
