ICQueenStrength= 4.9706023351755
RQWkrDrnRatio= 3.01865166611969
ICDroneMiteSurvivorship= 72.2123093670234
ICWorkerMiteSurvivorship= 83.0724472180009
ICForagerLifespan= 4.1107178023085
ImmType= Tangent
AIAdultSlopeContact= 2.50453691929579
AIAdultLD50Contact= 0.135561618907377
AILarvaSlope= 1.74408509861678
AILarvaLD50= 1.62667079921812
AIKOW= 38.5554343927652
AIKOC= 58.1775583326817
AIHalfLife= 8.64220503019169
