ICQueenStrength= 2.27306137466803
RQWkrDrnRatio= 3.67278399504721
ICDroneMiteSurvivorship= 20.8704083925113
ICWorkerMiteSurvivorship= 65.2174472808838
ICForagerLifespan= 13.9198849275708
ImmType= Tangent
AIAdultSlope= 5.9488520398736
