ICQueenStrength= 1.00812480226159
RQWkrDrnRatio= 1.41424015071243
ICDroneMiteSurvivorship= 40.0501649128273
ICWorkerMiteSurvivorship= 3.15919676795602
ICForagerLifespan= 9.80735461227596
ImmType= Logarithmic
AIAdultSlope= 3.69555739277042
AIAdultLD50= 0.192094272817485
AIAdultSlopeContact= 2.49580434480216
AIAdultLD50Contact= 0.0299674312234856
AILarvaSlope= 2.38568217060529
AILarvaLD50= 0.0197609903058037
AIKOW= 3.11151702422649
AIKOC= 18.2080042094458
AIHalfLife= 4.72407568129711
EAppRate= 0.168351804418489
