ICQueenStrength= 3.58074953220785
RQWkrDrnRatio= 3.08043076470494
ICDroneMiteSurvivorship= 20.3846196644008
ICWorkerMiteSurvivorship= 14.5965410163626
ICForagerLifespan= 13.31277625449
ImmType= Cosine
AIAdultSlope= 1.41186773185618
AIAdultLD50= 2.03236605226994
AIAdultSlopeContact= 0.445558319161646
AIAdultLD50Contact= 0.0406674991361797
AILarvaSlope= 1.27778092748486
AILarvaLD50= 0.86779946051538
AIKOW= 4.40089523000643
AIKOC= 20.8474336611107
AIHalfLife= 9.73562113009393
EAppRate= 0.717733148718253
