ICQueenStrength= 2.75829907297157
RQWkrDrnRatio= 4.89113498385996
ICDroneMiteSurvivorship= 92.323553818278
ICWorkerMiteSurvivorship= 55.8902660384774
ICForagerLifespan= 6.47613544389606
ImmType= Exponential
AIAdultSlope= 1.42813686365262
AIAdultLD50= 2.8423869155813
AIAdultSlopeContact= 1.56376571217785
AIAdultLD50Contact= 0.00844842478400096
AILarvaSlope= 1.98592561571859
AILarvaLD50= 0.43229856651742
AIKOW= 4.74018550058827
AIKOC= 24.3531886441633
AIHalfLife= 11.6223743408918
EAppRate= 0.531893784878775
