ICQueenStrength= 4.25077928602695
RQWkrDrnRatio= 3.82586319372058
ICDroneMiteSurvivorship= 43.1661461014301
ICWorkerMiteSurvivorship= 61.5615242393687
ICForagerLifespan= 14.0276428200305
ImmType= Sine
AIAdultSlope= 2.26884346799925
AIAdultLD50= 0.99871220975183
AIAdultSlopeContact= 2.07071324907476
AIAdultLD50Contact= 0.0269602453219704
AILarvaSlope= 2.59674004269764
AILarvaLD50= 0.599398695328273
AIKOW= 4.54040155187249
AIKOC= 26.8922415340785
AIHalfLife= 1.60870718210936
EAppRate= 0.755431450670585
