ICQueenStrength= 2.04438186041079
RQWkrDrnRatio= 3.82590174581856
ICDroneMiteSurvivorship= 8.11590710654855
ICWorkerMiteSurvivorship= 40.1660754345357
ICForagerLifespan= 5.35657510068268
ImmType= Tangent
AIAdultSlopeContact= 3.75678408569656
AIAdultLD50Contact= 0.044002653635107
AILarvaSlope= 1.78374414015561
AILarvaLD50= 0.600557635514997
AIKOW= 7.94317768979818
AIKOC= 7.34546154970303
AIHalfLife= 9.86529685510322
