ICQueenStrength= 1.99315202096477
RQWkrDrnRatio= 1.02367250155658
ICDroneMiteSurvivorship= 90.2122624684125
ICWorkerMiteSurvivorship= 32.6202304800972
ICForagerLifespan= 8.23819885961711
ImmType= Tangent
AIAdultSlope= 5.90722441440448
