ICQueenStrength= 3.64367536827922
RQWkrDrnRatio= 4.49813998863101
