ICQueenStrength= 4.47882682224736
RQWkrDrnRatio= 1.40768860094249
ICDroneMiteSurvivorship= 77.0113469334319
ICWorkerMiteSurvivorship= 59.1603791341186
ICForagerLifespan= 6.21606780681759
ImmType= Logarithmic
AIAdultSlope= 0.18554399818182
AIAdultLD50= 0.330243672477081
AIAdultSlopeContact= 1.21541569315363
AIAdultLD50Contact= 0.0140070263529196
AILarvaSlope= 0.00716680968180299
AILarvaLD50= 0.393141173548065
AIKOW= 5.18373172404245
AIKOC= 15.1667763316073
AIHalfLife= 2.65253356890753
EAppRate= 0.400239084125496
