ICQueenStrength= 4.37594817625359
RQWkrDrnRatio= 2.10047970712185
ICDroneMiteSurvivorship= 18.7567829154432
ICWorkerMiteSurvivorship= 11.5678938338533
ICForagerLifespan= 6.24463707953691
ImmType= Polynomial
AIAdultSlope= 1.88459929078817
