ICQueenStrength= 5.74249707884155
RQWkrDrnRatio= 2.60347312036902
ICDroneMiteSurvivorship= 51.0432469192892
ICWorkerMiteSurvivorship= 10.6911919778213
ICForagerLifespan= 8.73332763370126
ImmType= Polynomial
AIAdultSlope= 2.27719075707486
AIAdultLD50= 0.135981070692651
AIAdultSlopeContact= 0.745171261145733
AIAdultLD50Contact= 0.00268785221269354
AILarvaSlope= 1.42915598796681
AILarvaLD50= 0.411968930298463
AIKOW= 3.02269038651139
AIKOC= 11.9488913635723
AIHalfLife= 0.660347330849618
EAppRate= 0
