ICQueenStrength= 3.67045260057785
RQWkrDrnRatio= 2.12761457078159
ICDroneMiteSurvivorship= 94.1682189004496
ICWorkerMiteSurvivorship= 81.1645465670153
ICForagerLifespan= 12.4680130248889
ImmType= Logarithmic
AIAdultSlopeContact= 3.90733185922727
AIAdultLD50Contact= 0.0191444552503526
AILarvaSlope= 7.96140056103468
AILarvaLD50= 1.41833449993283
AIKOW= 34.4190964475274
AIKOC= 42.0180628541857
AIHalfLife= 0.658819751348346
