ICQueenStrength= 3.49156393692829
RQWkrDrnRatio= 3.91510633379221
ICDroneMiteSurvivorship= 80.31585898716
ICWorkerMiteSurvivorship= 67.6192052196711
ICForagerLifespan= 9.80295145045966
ImmType= Tangent
AIAdultSlope= 2.78735974328592
AIAdultLD50= 2.68896903656423
AIAdultSlopeContact= 1.95369890660048
AIAdultLD50Contact= 0.0386286042630672
AILarvaSlope= 0.225533895147964
AILarvaLD50= 0.479552391590551
AIKOW= 3.16421684063971
AIKOC= 26.3882708107121
AIHalfLife= 2.46744845574722
EAppRate= 0.316128457197919
