ICQueenStrength= 2.98618623777293
RQWkrDrnRatio= 2.51513287518173
ICDroneMiteSurvivorship= 12.827588384971
ICWorkerMiteSurvivorship= 68.091139709577
ICForagerLifespan= 6.39264178927988
ImmType= Sine
AIAdultSlope= 0.310724725341424
AIAdultLD50= 2.12386168423109
AIAdultSlopeContact= 2.23197668879293
AIAdultLD50Contact= 0.0146048521273769
AILarvaSlope= 1.46672637062147
AILarvaLD50= 0.195066925417632
AIKOW= 4.98700579954311
AIKOC= 25.5031702818815
AIHalfLife= 1.84550230903551
EAppRate= 0.465800987323746
