ICQueenStrength= 5.53800082090311
RQWkrDrnRatio= 1.97910930216312
ICDroneMiteSurvivorship= 12.6432332675904
ICWorkerMiteSurvivorship= 19.0074245911092
ICForagerLifespan= 4.75685931928456
ImmType= Logarithmic
AIAdultSlopeContact= 3.64539683327079
AIAdultLD50Contact= 0.0168325457721949
AILarvaSlope= 1.54705926836468
AILarvaLD50= 0.724684843118303
AIKOW= 5.58793146256357
AIKOC= 29.4077255425509
AIHalfLife= 3.44707947643474
