ICQueenStrength= 3.0924973487854
RQWkrDrnRatio= 1.64482790604234
ICDroneMiteSurvivorship= 12.2151601361111
ICWorkerMiteSurvivorship= 34.8281695274636
ICForagerLifespan= 9.78680497128516
ImmType= Sine
AIAdultSlope= 9.35771026881412
AIAdultLD50= 0.797371195629239
AIAdultSlopeContact= 7.8631710074842
AIAdultLD50Contact= 0.127203397359699
AILarvaSlope= 6.34154821746051
AILarvaLD50= 0.74109359504655
AIKOW= 25.9221315383911
AIKOC= 81.6911173053086
AIHalfLife= 11.5128527847119
EAppRate= 1.67715182900429
