ICQueenStrength= 2.68557440745644
RQWkrDrnRatio= 3.3030033800751
ICDroneMiteSurvivorship= 55.2619346417487
ICWorkerMiteSurvivorship= 30.9267183300108
ICForagerLifespan= 15.5633190833032
ImmType= Polynomial
AIAdultSlope= 2.34986845506355
AIAdultLD50= 0.801497595850378
AIAdultSlopeContact= 2.97863055761671
AIAdultLD50Contact= 0.0383408655761741
AILarvaSlope= 0.432934970129281
AILarvaLD50= 0.511168233188801
AIKOW= 4.96653827605769
AIKOC= 16.0278881213162
AIHalfLife= 6.33565028803423
EAppRate= 0.322229317622259
