ICQueenStrength= 3.98833631095476
RQWkrDrnRatio= 3.2823776639998
ICDroneMiteSurvivorship= 8.1457358552143
ICWorkerMiteSurvivorship= 13.6315242387354
ICForagerLifespan= 15.5979866404086
ImmType= Polynomial
AIAdultSlope= 3.15121445665136
AIAdultLD50= 2.86446097260341
AIAdultSlopeContact= 0.623149151012767
AIAdultLD50Contact= 0.00963272245135158
AILarvaSlope= 1.9338421722874
AILarvaLD50= 0.580611977213994
AIKOW= 4.85560288652778
AIKOC= 21.4011598564684
AIHalfLife= 0.62461453769356
EAppRate= 0.444441283121705
