ICQueenStrength= 4.09718550764956
RQWkrDrnRatio= 2.81409311387688
ICDroneMiteSurvivorship= 48.1346750399098
ICWorkerMiteSurvivorship= 1.9994277972728
ICForagerLifespan= 13.2540860120207
ImmType= Sine
AIAdultSlope= 2.20860497468384
AIAdultLD50= 0.217632279149257
AIAdultSlopeContact= 1.78317166530993
AIAdultLD50Contact= 0.0349054839112796
AILarvaSlope= 2.55099650286138
AILarvaLD50= 0.446705507207662
AIKOW= 7.40700783906505
AIKOC= 24.9848331860267
AIHalfLife= 0.199368295725435
EAppRate= 0
