ICQueenStrength= 2.06775405933149
RQWkrDrnRatio= 2.58226199634373
ICDroneMiteSurvivorship= 94.334782497026
ICWorkerMiteSurvivorship= 84.8216430516914
ICForagerLifespan= 10.4131802506745
ImmType= Tangent
AIAdultLD50= 0.154012839635834
AIAdultSlopeContact= 2.08362888843985
AIAdultLD50Contact= 0.0485500973300077
AILarvaSlope= 1.87009669467807
AILarvaLD50= 0.137437987723388
AIKOW= 3.65772523079067
AIKOC= 14.0417119907215
AIHalfLife= 5.47853811830282
EAppRate= 0.0297774248756468
