ICQueenStrength= 5.00059008272365
RQWkrDrnRatio= 4.43266802281141
ICDroneMiteSurvivorship= 65.3091512154788
ICWorkerMiteSurvivorship= 71.2116186507046
ICForagerLifespan= 11.6389692360535
ImmType= Sine
AIAdultSlopeContact= 6.66744363727048
AIAdultLD50Contact= 0.0068646005820483
AILarvaSlope= 9.61763774743304
AILarvaLD50= 0.925170309375972
AIKOW= 52.9895300045609
AIKOC= 21.0142442258075
AIHalfLife= 8.16880045784637
