ICQueenStrength= 4.49172116839327
RQWkrDrnRatio= 3.51976250950247
ICDroneMiteSurvivorship= 92.2206487972289
ICWorkerMiteSurvivorship= 49.2281432263553
ICForagerLifespan= 10.3731349036098
ImmType= Tangent
AIAdultSlope= 4.23765813233331
