ICQueenStrength= 1.06104219704866
RQWkrDrnRatio= 4.0497436998412
ICDroneMiteSurvivorship= 0.490971165709198
ICWorkerMiteSurvivorship= 69.2340670153499
ICForagerLifespan= 13.6796875670552
ImmType= Tangent
AIAdultSlope= 1.94298331802711
AIAdultLD50= 2.10498253349215
AIAdultSlopeContact= 2.30667672115378
AIAdultLD50Contact= 0.0385751829249784
AILarvaSlope= 2.80549182249233
AILarvaLD50= 0.445908470777795
AIKOW= 5.45957985986024
AIKOC= 16.0940139798913
AIHalfLife= 8.31930302176625
EAppRate= 0.0964708575047553
