ICQueenStrength= 3.7320468868129
RQWkrDrnRatio= 2.69952733255923
ICDroneMiteSurvivorship= 68.3873269706964
ICWorkerMiteSurvivorship= 28.5374959232286
ICForagerLifespan= 13.3702865429223
ImmType= Tangent
AIAdultSlope= 0.185342154279351
AIAdultLD50= 0.710137779358774
AIAdultSlopeContact= 2.7330875364854
AIAdultLD50Contact= 0.00906844583805651
AILarvaSlope= 0.681494508730248
AILarvaLD50= 0.642414935259149
AIKOW= 3.80476003419608
AIKOC= 24.5148831058759
AIHalfLife= 8.16756180208176
EAppRate= 0.0810777503065765
