ICQueenStrength= 4.27906393446028
RQWkrDrnRatio= 4.11583543661982
ICDroneMiteSurvivorship= 23.1844257563353
ICWorkerMiteSurvivorship= 25.7115521701053
ICForagerLifespan= 15.7498493725434
ImmType= Cosine
AIAdultSlope= 0.861667007119395
AIAdultLD50= 0.459428150905296
AIAdultSlopeContact= 2.37399139095331
AIAdultLD50Contact= 0.027101885410957
AILarvaSlope= 2.96894465996884
AILarvaLD50= 0.389506110618822
AIKOW= 3.68995720800012
AIKOC= 18.8968581683002
AIHalfLife= 3.0595578730572
EAppRate= 0.356074744695798
