ICQueenStrength= 5.33253168128431
RQWkrDrnRatio= 3.0249276291579
ICDroneMiteSurvivorship= 79.6372090000659
ICWorkerMiteSurvivorship= 59.3821193091571
ICForagerLifespan= 4.1430045273155
ImmType= Sine
AIAdultSlope= 2.95711117582396
AIAdultLD50= 0.126046703662723
AIAdultSlopeContact= 0.94354421568336
AIAdultLD50Contact= 0.048406393895857
AILarvaSlope= 1.1701928300783
AILarvaLD50= 0.552676092018373
AIKOW= 5.31425097910687
AIKOC= 5.77633889741264
AIHalfLife= 2.33072343748063
EAppRate= 0.357465321663767
