ICQueenStrength= 5.45406287442893
RQWkrDrnRatio= 1.51299047563225
ICDroneMiteSurvivorship= 63.4848337154835
ICWorkerMiteSurvivorship= 83.0590890254825
ICForagerLifespan= 8.08338916208595
ImmType= Cosine
AIAdultSlope= 1.0895378311188
AIAdultLD50= 0.189446208649315
AIAdultSlopeContact= 3.79557085402077
AIAdultLD50Contact= 0.0388408845406957
AILarvaSlope= 1.51124454904348
AILarvaLD50= 0.124584150826558
AIKOW= 6.15453938161954
AIKOC= 12.9400528804399
AIHalfLife= 0.710097324335948
EAppRate= 0.437989487731829
