ICQueenStrength= 1.0415778439492
RQWkrDrnRatio= 2.29378075432032
ICDroneMiteSurvivorship= 48.3375313458964
ICWorkerMiteSurvivorship= 18.3172860415652
ICForagerLifespan= 5.48178061470389
ImmType= Tangent
AIAdultSlopeContact= 5.24876637384295
AIAdultLD50Contact= 0.053805573657155
AILarvaSlope= 3.88966720085591
AILarvaLD50= 0.918765167705715
AIKOW= 24.2207166738808
AIKOC= 60.1745740976185
AIHalfLife= 1.448184968438
