ICQueenStrength= 5.7580522170756
RQWkrDrnRatio= 1.57771828211844
ICDroneMiteSurvivorship= 60.3223300073296
ICWorkerMiteSurvivorship= 45.2179939951748
ICForagerLifespan= 12.3053907398134
ImmType= Logarithmic
AIAdultSlope= 1.97411938323639
AIAdultSlopeContact= 3.75286679565674
AIAdultLD50Contact= 0.000644305814057589
AILarvaSlope= 1.03992428802885
AILarvaLD50= 0.365393479471095
AIKOW= 5.89419960789382
AIKOC= 23.1976699677762
AIHalfLife= 8.11787978839129
