ICQueenStrength= 4.17351030372083
RQWkrDrnRatio= 1.6625605719164
