ICQueenStrength= 4.71848934912123
RQWkrDrnRatio= 4.54203031677753
ICDroneMiteSurvivorship= 8.11493899673223
ICWorkerMiteSurvivorship= 36.1307287588716
ICForagerLifespan= 13.3017568988726
ImmType= Polynomial
AIAdultSlopeContact= 1.14129227120429
AIAdultLD50Contact= 0.0179823795799166
AILarvaSlope= 5.75218860292807
AILarvaLD50= 0.113580288831145
AIKOW= 67.4311093986034
AIKOC= 82.4838117696345
AIHalfLife= 3.61393514275551
