ICQueenStrength= 3.01294020516798
RQWkrDrnRatio= 3.46165950223804
ICDroneMiteSurvivorship= 41.3616518024355
ICWorkerMiteSurvivorship= 80.3379793418571
ICForagerLifespan= 8.90176354255527
ImmType= Cosine
AIAdultSlope= 2.10024711806327
AIAdultLD50= 2.19008318823762
AIAdultSlopeContact= 3.49008908168413
AIAdultLD50Contact= 0.037003662972711
AILarvaSlope= 0.0778880946803838
AILarvaLD50= 0.0629889774369076
AIKOW= 2.57132946886122
AIKOC= 19.9031386361457
AIHalfLife= 10.0528005762026
EAppRate= 0.97407552250661
