ICQueenStrength= 2.72583541716449
RQWkrDrnRatio= 3.51679538190365
ICDroneMiteSurvivorship= 74.5145172812045
ICWorkerMiteSurvivorship= 62.4981665052474
ICForagerLifespan= 11.3013230143115
ImmType= Tangent
AIAdultSlopeContact= 9.24758824286982
AIAdultLD50Contact= 0.170641928073019
AILarvaSlope= 6.31751815089956
AILarvaLD50= 1.06828013341874
AIKOW= 86.3638602430001
AIKOC= 94.3630031775683
AIHalfLife= 1.85617823619395
