ICQueenStrength= 3.42216478451155
RQWkrDrnRatio= 1.75868684705347
ICDroneMiteSurvivorship= 30.4993127472699
ICWorkerMiteSurvivorship= 40.9227664815262
ICForagerLifespan= 4.31856357585639
ImmType= Sine
AIAdultSlope= 2.02145561473444
AIAdultLD50= 0.0718536246567965
AIAdultSlopeContact= 3.15835852876073
AIAdultLD50Contact= 0.026496681815479
AILarvaSlope= 0.40387175148353
AILarvaLD50= 0.504945866810158
AIKOW= 3.8126572733745
AIKOC= 5.25655669742264
AIHalfLife= 10.5216324822977
EAppRate= 0.833670034306124
