ICQueenStrength= 4.00552292494103
RQWkrDrnRatio= 2.02100609429181
ICDroneMiteSurvivorship= 71.2188594508916
ICWorkerMiteSurvivorship= 79.2056845966727
ICForagerLifespan= 14.8237187257037
ImmType= Exponential
AIAdultSlope= 3.35176178797614
AIAdultLD50= 0.00984024291392416
AIAdultSlopeContact= 1.82908716935897
AIAdultLD50Contact= 0.0259329466847703
AILarvaSlope= 1.37483714111149
AILarvaLD50= 0.855601958907209
AIKOW= 2.2353654615581
AIKOC= 22.1479700540658
AIHalfLife= 2.90230936137959
EAppRate= 0.3139583485201
