ICQueenStrength= 1.74191569234245
RQWkrDrnRatio= 3.54832378402352
ICDroneMiteSurvivorship= 26.3345692772418
ICWorkerMiteSurvivorship= 20.2422191854566
ICForagerLifespan= 15.755427967757
ImmType= Polynomial
AIAdultSlope= 1.35481571145356
AIAdultLD50= 2.6613144907169
AIAdultSlopeContact= 3.04467510854127
AIAdultLD50Contact= 0.0056467599584721
AILarvaSlope= 1.33220819518901
AILarvaLD50= 0.192562428466044
AIKOW= 7.59298622468486
AIKOC= 20.8331806364004
AIHalfLife= 13.9793255128898
EAppRate= 0.621192903257906
