ICQueenStrength= 3.60070501244627
RQWkrDrnRatio= 3.91249386314303
ICDroneMiteSurvivorship= 80.3543217945844
ICWorkerMiteSurvivorship= 66.801666864194
ICForagerLifespan= 9.98838460445404
ImmType= Tangent
AIAdultSlopeContact= 3.06328194914153
AIAdultLD50Contact= 0.0102736851549707
AILarvaSlope= 1.46589543120936
AILarvaLD50= 0.0256739397766069
AIKOW= 3.89497154112905
AIKOC= 26.5601968753617
AIHalfLife= 3.390564866364
