ICQueenStrength= 2.01683913497254
RQWkrDrnRatio= 3.61707211099565
ICDroneMiteSurvivorship= 35.6755497632548
ICWorkerMiteSurvivorship= 36.6303266957402
ICForagerLifespan= 12.2215991923586
ImmType= Tangent
AIAdultSlope= 0.582269920874387
AIAdultSlopeContact= 0.76321892025182
AIAdultLD50Contact= 0.0145417452207766
AILarvaSlope= 0.130954173300415
AILarvaLD50= 0.741704197973013
AIKOW= 4.2008592961356
AIKOC= 15.5275471927598
AIHalfLife= 8.56907326169312
