ICQueenStrength= 2.03871984640136
RQWkrDrnRatio= 3.37765130866319
ICDroneMiteSurvivorship= 30.7754639536142
ICWorkerMiteSurvivorship= 77.0674069412053
ICForagerLifespan= 7.65674664173275
ImmType= Logarithmic
AIAdultSlopeContact= 2.43744397070259
AIAdultLD50Contact= 0.11618337277323
AILarvaSlope= 8.87436433229595
AILarvaLD50= 1.22883203299716
AIKOW= 71.5768522117287
AIKOC= 13.5218197014183
AIHalfLife= 9.38235212443396
