ICQueenStrength= 5.02180872973986
RQWkrDrnRatio= 2.68864722829312
ICDroneMiteSurvivorship= 92.5353582715616
ICWorkerMiteSurvivorship= 67.6116596208885
ICForagerLifespan= 12.8447430580854
ImmType= Logarithmic
AIAdultSlope= 1.47405025120825
AIAdultLD50= 1.29672275134362
AIAdultSlopeContact= 0.456179866923485
AIAdultLD50Contact= 0.00827420353889465
AILarvaSlope= 1.05512102078646
AILarvaLD50= 0.715186741179787
AIKOW= 2.93691569752991
AIKOC= 7.44914257200435
AIHalfLife= 11.6661241785623
EAppRate= 0.674278731225058
