ICQueenStrength= 5.45220741326921
RQWkrDrnRatio= 2.39775697514415
ICDroneMiteSurvivorship= 0.663940655067563
ICWorkerMiteSurvivorship= 0.0695959199219942
ICForagerLifespan= 14.5550046637654
ImmType= Polynomial
AIAdultSlopeContact= 3.83698413225822
AIAdultLD50Contact= 0.0336779400473461
AILarvaSlope= 0.761098294472322
AILarvaLD50= 0.308873221138492
AIKOW= 4.83480103546754
AIKOC= 19.2462549090851
AIHalfLife= 5.30312816193327
