ICQueenStrength= 3.16456161346287
RQWkrDrnRatio= 3.81571433786303
ICDroneMiteSurvivorship= 85.9300684416667
ICWorkerMiteSurvivorship= 54.4922845670953
ICForagerLifespan= 6.07339003961533
ImmType= Exponential
AIAdultSlopeContact= 1.02867204304319
AIAdultLD50Contact= 0.0314698056434281
AILarvaSlope= 0.284233385231346
AILarvaLD50= 0.851659259805456
AIKOW= 4.5402847151272
AIKOC= 26.4609220100101
AIHalfLife= 6.9482346791774
