ICQueenStrength= 2.31904243025929
RQWkrDrnRatio= 4.04905146267265
ICDroneMiteSurvivorship= 91.0601883195341
ICWorkerMiteSurvivorship= 0.0618926249444485
ICForagerLifespan= 7.21748823672533
ImmType= Exponential
AIAdultSlope= 2.40982425194234
AIAdultLD50= 2.67482161615044
AIAdultSlopeContact= 2.24859350040788
AIAdultLD50Contact= 0.0171240934287198
AILarvaSlope= 3.03460890636779
AILarvaLD50= 0.344690606114455
AIKOW= 5.67019498348236
AIKOC= 29.1779245377984
AIHalfLife= 6.48925336869434
EAppRate= 0.864387381123379
