ICQueenStrength= 3.92755379341543
RQWkrDrnRatio= 1.54596916772425
ICDroneMiteSurvivorship= 83.3497291663662
ICWorkerMiteSurvivorship= 74.7648566029966
ICForagerLifespan= 11.7091225804761
ImmType= Sine
AIAdultSlope= 3.20050326245837
AIAdultLD50= 0.0110573340207338
AIAdultSlopeContact= 3.68506862877868
AIAdultLD50Contact= 0.0196685162140057
AILarvaSlope= 0.224948901496828
AILarvaLD50= 0.861506885639392
AIKOW= 4.08253967063501
AIKOC= 22.098230868578
AIHalfLife= 2.78143122605979
EAppRate= 0.96366630657576
