ICQueenStrength= 4.68701318278909
RQWkrDrnRatio= 2.92969012446702
ICDroneMiteSurvivorship= 78.2535477774218
ICWorkerMiteSurvivorship= 35.4228510754183
ICForagerLifespan= 8.42436982225627
ImmType= Exponential
AIAdultSlope= 0.838406559065916
AIAdultLD50= 0.101650121971034
AIAdultSlopeContact= 3.40823975025443
AIAdultLD50Contact= 0.0176877549150959
AILarvaSlope= 0.890650834608823
AILarvaLD50= 0.470175052550621
AIKOW= 2.65052734361961
AIKOC= 16.4206879748963
AIHalfLife= 4.89378598635085
EAppRate= 0.547753959288821
