ICQueenStrength= 2.13874669536017
RQWkrDrnRatio= 2.89651194866747
ICDroneMiteSurvivorship= 63.7049477780238
ICWorkerMiteSurvivorship= 51.7248244723305
ICForagerLifespan= 9.94315263908356
ImmType= Polynomial
AIAdultLD50= 0.154012839635834
AIAdultSlopeContact= 0.307414946279023
AIAdultLD50Contact= 0.0257682037190534
AILarvaSlope= 2.09373668516055
AILarvaLD50= 0.598685346124694
AIKOW= 2.81946989241987
AIKOC= 5.57475543580949
AIHalfLife= 9.99277618015185
EAppRate= 0.790410615969449
