ICQueenStrength= 5.54685277305543
RQWkrDrnRatio= 1.30295806750655
ICDroneMiteSurvivorship= 66.3611542666331
ICWorkerMiteSurvivorship= 65.9492401639
ICForagerLifespan= 8.27384158130735
ImmType= Tangent
AIAdultSlope= 2.76275246161968
AIAdultLD50= 2.95974132162519
AIAdultSlopeContact= 0.757341101614293
AIAdultLD50Contact= 0.00821649312274531
AILarvaSlope= 3.01094377860427
AILarvaLD50= 0.557657383941114
AIKOW= 2.38293975219131
AIKOC= 20.679393656319
AIHalfLife= 11.480369059369
EAppRate= 0.897863161982968
