ICQueenStrength= 2.73255775356665
RQWkrDrnRatio= 1.7957709543407
ICDroneMiteSurvivorship= 96.4129778556526
ICWorkerMiteSurvivorship= 75.0146338250488
ICForagerLifespan= 7.29298812896013
ImmType= Logarithmic
AIAdultSlope= 0.489720841730013
AIAdultLD50= 2.51889197831042
AIAdultSlopeContact= 2.49149503816618
AIAdultLD50Contact= 0.0486478093196638
AILarvaSlope= 2.47592568942346
AILarvaLD50= 0.421304350811988
AIKOW= 7.85341839212924
AIKOC= 11.3309252785984
AIHalfLife= 1.1770896455273
EAppRate= 0.676329222042114
