ICQueenStrength= 5.96169267804362
RQWkrDrnRatio= 3.27385631017387
ICDroneMiteSurvivorship= 38.5751974303275
ICWorkerMiteSurvivorship= 42.1090708579868
ICForagerLifespan= 7.88022221438587
ImmType= Sine
AIAdultSlope= 2.10795929664746
AIAdultLD50= 2.9198071542196
AIAdultSlopeContact= 0.158313777032308
AIAdultLD50Contact= 0.0465214109164663
AILarvaSlope= 1.84620724911802
AILarvaLD50= 0.371892456617206
AIKOW= 7.62491166312248
AIKOC= 16.0331580450293
AIHalfLife= 1.83013347443193
EAppRate= 0.105324094882235
