ICQueenStrength= 1.521396829281
RQWkrDrnRatio= 2.33211791701615
ICDroneMiteSurvivorship= 87.5632253242657
ICWorkerMiteSurvivorship= 4.27716285921633
ICForagerLifespan= 5.68610946182162
ImmType= Sine
AIAdultSlope= 1.68052876057802
AIAdultLD50= 0.035513466806151
AIAdultSlopeContact= 0.820403309755493
AIAdultLD50Contact= 0.0286274003097788
AILarvaSlope= 2.06794506167062
AILarvaLD50= 0.0672206610906869
AIKOW= 7.7478571953252
AIKOC= 19.7936975525226
AIHalfLife= 2.12626427877694
EAppRate= 0
