ICQueenStrength= 4.30337730469182
RQWkrDrnRatio= 3.61421932652593
ICDroneMiteSurvivorship= 50.5270948866382
ICWorkerMiteSurvivorship= 31.2775786966085
ICForagerLifespan= 6.6536256019026
ImmType= Polynomial
AIAdultSlopeContact= 0.359899832401425
AIAdultLD50Contact= 0.166016850806773
AILarvaSlope= 3.67808213457465
AILarvaLD50= 1.67029821267352
AIKOW= 67.9565310012549
AIKOC= 11.9871288537979
AIHalfLife= 8.94207239104435
