ICQueenStrength= 2.76148972706869
RQWkrDrnRatio= 3.61661201901734
ICDroneMiteSurvivorship= 31.308229197748
ICWorkerMiteSurvivorship= 33.7346375687048
ICForagerLifespan= 4.8654773933813
ImmType= Sine
AIAdultSlope= 8.78926977748051
