ICQueenStrength= 2.93495240993798
RQWkrDrnRatio= 4.45489438716322
ICDroneMiteSurvivorship= 6.59078808967024
ICWorkerMiteSurvivorship= 33.4910646546632
ICForagerLifespan= 10.9458059994504
ImmType= Polynomial
AIAdultSlope= 0.83349786659237
AIAdultLD50= 0.361926192766987
AIAdultSlopeContact= 1.94075404044008
AIAdultLD50Contact= 0.0160683756927028
AILarvaSlope= 1.76464240443893
AILarvaLD50= 0.130146395182237
AIKOW= 7.06550785154104
AIKOC= 7.21585240215063
AIHalfLife= 4.39042779849842
EAppRate= 0.0137189362198114
