ICQueenStrength= 1.70688752806745
RQWkrDrnRatio= 3.20978592615575
ICDroneMiteSurvivorship= 27.1117450436577
ICWorkerMiteSurvivorship= 93.821670813486
ICForagerLifespan= 15.5885084848851
ImmType= Exponential
AIAdultSlopeContact= 3.08398358078906
AIAdultLD50Contact= 0.00409704660996795
AILarvaSlope= 0.40792105011642
AILarvaLD50= 0.471472238190472
AIKOW= 5.76756403082982
AIKOC= 9.88718753331341
AIHalfLife= 1.75186983076856
