ICQueenStrength= 4.62898370367475
RQWkrDrnRatio= 1.52321940939873
ICDroneMiteSurvivorship= 6.16370274219662
ICWorkerMiteSurvivorship= 93.7458398286253
ICForagerLifespan= 5.96805885061622
ImmType= Sine
AIAdultSlope= 2.87459591189399
AIAdultLD50= 2.220674991142
AIAdultSlopeContact= 2.19186048879521
AIAdultLD50Contact= 0.00205291718011722
AILarvaSlope= 2.56141253006645
AILarvaLD50= 0.320831534871832
AIKOW= 2.79659929685295
AIKOC= 19.4187769794371
AIHalfLife= 2.73835121607408
EAppRate= 0.942971377633512
