ICQueenStrength= 5.96427749516442
RQWkrDrnRatio= 4.66660740133375
ICDroneMiteSurvivorship= 21.0495750419796
ICWorkerMiteSurvivorship= 7.03514299821109
ICForagerLifespan= 9.63384587224573
ImmType= Logarithmic
AIAdultSlopeContact= 3.47396600169595
AIAdultLD50Contact= 0.0066621289937757
AILarvaSlope= 2.59147649942897
AILarvaLD50= 0.842650481429882
AIKOW= 4.71466618031263
AIKOC= 28.9301572670229
AIHalfLife= 10.0758361038752
