ICQueenStrength= 3.29994343477301
RQWkrDrnRatio= 2.53607308212668
ICDroneMiteSurvivorship= 46.7023260192946
ICWorkerMiteSurvivorship= 10.7356440974399
ICForagerLifespan= 15.2442987384275
ImmType= Polynomial
AIAdultSlope= 7.68659992609173
AIAdultLD50= 0.365582498721778
AIAdultSlopeContact= 0.102994320914149
AIAdultLD50Contact= 0.0720350787974894
AILarvaSlope= 9.38181022414938
AILarvaLD50= 1.06548071792349
AIKOW= 57.3450643802062
AIKOC= 98.0810846900567
AIHalfLife= 7.18115371279418
EAppRate= 1.87563370773569
