ICQueenStrength= 1.57806188007817
RQWkrDrnRatio= 3.79926026426256
ICDroneMiteSurvivorship= 8.75789758283645
ICWorkerMiteSurvivorship= 69.5043530315161
ICForagerLifespan= 9.04114256147295
ImmType= Cosine
AIAdultSlope= 3.30600413423963
AIAdultLD50= 0.694081292487681
AIAdultSlopeContact= 1.77304127887124
AIAdultLD50Contact= 0.0127538687665947
AILarvaSlope= 0.448470906727016
AILarvaLD50= 0.358717978815548
AIKOW= 2.44051882950589
AIKOC= 22.4623281869572
AIHalfLife= 12.1029153103009
EAppRate= 0.115622648736462
