ICQueenStrength= 1.50480877631344
RQWkrDrnRatio= 1.96412085182965
ICDroneMiteSurvivorship= 83.4231977816671
ICWorkerMiteSurvivorship= 16.1946561187506
ICForagerLifespan= 15.5991872111335
ImmType= Sine
AIAdultSlope= 0.222555592190474
