ICQueenStrength= 4.88676198315807
RQWkrDrnRatio= 3.92079564277083
ICDroneMiteSurvivorship= 17.7214416209608
ICWorkerMiteSurvivorship= 29.1745821479708
ICForagerLifespan= 5.00386972818524
ImmType= Tangent
AIAdultSlope= 0.76424348782748
AIAdultLD50= 2.75989546487108
AIAdultSlopeContact= 1.26176949756453
AIAdultLD50Contact= 0.00358444880694151
AILarvaSlope= 2.18577298577875
AILarvaLD50= 0.0529291595332325
AIKOW= 7.7209505205974
AIKOC= 6.11377453431487
AIHalfLife= 12.6385214175098
EAppRate= 0.873042864259332
