ICQueenStrength= 3.48958469019271
RQWkrDrnRatio= 2.68431941140443
ICDroneMiteSurvivorship= 37.3552464647219
ICWorkerMiteSurvivorship= 44.9250750709325
ICForagerLifespan= 4.81941178347915
ImmType= Polynomial
AIAdultSlope= 0.154148640111089
AIAdultLD50= 2.51259495690465
AIAdultSlopeContact= 2.3953349918453
AIAdultLD50Contact= 0.0411722391843796
AILarvaSlope= 1.51112766098231
AILarvaLD50= 0.366499270638451
AIKOW= 7.07746938196942
AIKOC= 10.0674364611041
AIHalfLife= 4.93957791151479
EAppRate= 0.279213236179203
