ICQueenStrength= 5.7219667583704
RQWkrDrnRatio= 1.29437476582825
ICDroneMiteSurvivorship= 94.8758022859693
ICWorkerMiteSurvivorship= 5.94054101966321
ICForagerLifespan= 5.84336157888174
ImmType= Logarithmic
AIAdultSlope= 0.192315055432264
AIAdultLD50= 0.285358983790502
AIAdultSlopeContact= 2.98004270292353
AIAdultLD50Contact= 0.047959606454242
AILarvaSlope= 0.763746586116031
AILarvaLD50= 0.590614164504223
AIKOW= 3.58371949242428
AIKOC= 20.2953119832091
AIHalfLife= 0.320022203959525
EAppRate= 0
