ICQueenStrength= 4.85854182182811
RQWkrDrnRatio= 1.30759825278074
ICDroneMiteSurvivorship= 65.6877212459221
ICWorkerMiteSurvivorship= 96.8116693664342
ICForagerLifespan= 8.16678960993886
ImmType= Tangent
AIAdultSlope= 0.837848606705666
AIAdultLD50= 2.25796733563766
AIAdultSlopeContact= 2.75910828749416
AIAdultLD50Contact= 0.0206222340813838
AILarvaSlope= 2.24444401618093
AILarvaLD50= 0.293786853644997
AIKOW= 7.7791321198456
AIKOC= 13.4221797820646
AIHalfLife= 9.48348978441209
EAppRate= 0.0554601610638201
