ICQueenStrength= 4.08677539112978
RQWkrDrnRatio= 1.90993707906455
ICDroneMiteSurvivorship= 37.4859655974433
ICWorkerMiteSurvivorship= 77.0075042964891
ICForagerLifespan= 14.89750901144
ImmType= Logarithmic
AIAdultLD50= 0.154012839635834
AIAdultSlopeContact= 2.15352450542618
AIAdultLD50Contact= 0.0073325325618498
AILarvaSlope= 2.34139135614969
AILarvaLD50= 0.244487066566944
AIKOW= 3.95959274843335
AIKOC= 21.3486176752485
AIHalfLife= 13.810249990318
EAppRate= 1.40726313507184
