ICQueenStrength= 4.18524942384101
RQWkrDrnRatio= 3.76968700811267
ICDroneMiteSurvivorship= 87.9538729088381
ICWorkerMiteSurvivorship= 68.704135203734
ICForagerLifespan= 13.2393504418433
ImmType= Polynomial
AIAdultSlope= 1.94585716556758
AIAdultLD50= 1.41255251853727
AIAdultSlopeContact= 2.78317849007668
AIAdultLD50Contact= 0.00185858608456329
AILarvaSlope= 0.0540687996894121
AILarvaLD50= 0.607120212656446
AIKOW= 6.8411376378499
AIKOC= 22.9460579354782
AIHalfLife= 13.9082344383933
EAppRate= 0.494600960053504
