ICQueenStrength= 5.52362536103465
RQWkrDrnRatio= 2.35220470838249
ICDroneMiteSurvivorship= 51.2585049727932
ICWorkerMiteSurvivorship= 24.1935745812953
ICForagerLifespan= 14.9267784496769
ImmType= Sine
AIAdultSlope= 1.4163248214405
AIAdultLD50= 0.0215748378541321
AIAdultSlopeContact= 1.9532605119911
AIAdultLD50Contact= 0.0173001462360844
AILarvaSlope= 3.03445888170972
AILarvaLD50= 0.501113510224968
AIKOW= 4.33134791254997
AIKOC= 8.84180448600091
AIHalfLife= 12.2286435724236
EAppRate= 0.998846043599769
