ICQueenStrength= 5.85344236600213
RQWkrDrnRatio= 2.03297297749668
ICDroneMiteSurvivorship= 31.6313694231212
ICWorkerMiteSurvivorship= 33.7828762829304
ICForagerLifespan= 13.5436658915132
ImmType= Tangent
AIAdultSlope= 1.89234404803254
AIAdultLD50= 0.277186508756131
AIAdultSlopeContact= 0.754120962282177
AIAdultLD50Contact= 0.0164156406070106
AILarvaSlope= 1.98148999102414
AILarvaLD50= 0.618600288312882
AIKOW= 2.57207418000326
AIKOC= 20.2478915813845
AIHalfLife= 1.02885583415627
EAppRate= 0
