ICQueenStrength= 3.02850683708675
RQWkrDrnRatio= 4.33464056625962
ICDroneMiteSurvivorship= 93.6861814465374
ICWorkerMiteSurvivorship= 31.0861284844577
ICForagerLifespan= 15.4714902322739
ImmType= Sine
AIAdultSlope= 1.06499598193914
AIAdultLD50= 0.0899275396950543
AIAdultSlopeContact= 3.33626876452938
AIAdultLD50Contact= 0.0231349129695445
AILarvaSlope= 2.08346433457918
AILarvaLD50= 0.688851286936551
AIKOW= 3.22519124252722
AIKOC= 12.0220749650616
AIHalfLife= 0.86204182705842
EAppRate= 0.421612899214961
