ICQueenStrength= 3.32502323458903
RQWkrDrnRatio= 3.55048202723265
ICDroneMiteSurvivorship= 64.469595765695
ICWorkerMiteSurvivorship= 92.0440032845363
ICForagerLifespan= 5.38305293489248
ImmType= Logarithmic
AIAdultSlopeContact= 0.86373919706326
AIAdultLD50Contact= 0.00573079424211755
AILarvaSlope= 1.33280379343778
AILarvaLD50= 0.527786655002274
AIKOW= 4.79800579231232
AIKOC= 28.6356032837648
AIHalfLife= 6.21141960052773
