ICQueenStrength= 2.95394661836326
RQWkrDrnRatio= 3.05424181837589
