ICQueenStrength= 3.70201844046824
RQWkrDrnRatio= 4.63275253307074
ICDroneMiteSurvivorship= 49.0450666751713
ICWorkerMiteSurvivorship= 95.6457017222419
ICForagerLifespan= 6.1019073612988
ImmType= Polynomial
AIAdultSlope= 1.47447832925012
AIAdultLD50= 0.411690514185466
AIAdultSlopeContact= 0.417200631445739
AIAdultLD50Contact= 0.00655060772551224
AILarvaSlope= 0.732199346553534
AILarvaLD50= 0.633995608566329
AIKOW= 7.55197397759184
AIKOC= 11.4683529955801
AIHalfLife= 4.46919287205674
EAppRate= 0.67427250330802
