ICQueenStrength= 3.13555442751385
RQWkrDrnRatio= 2.31639548297971
ICDroneMiteSurvivorship= 18.9279373036698
ICWorkerMiteSurvivorship= 45.9340408444405
ICForagerLifespan= 6.81698010209948
ImmType= Polynomial
AIAdultSlope= 0.676178772887215
AIAdultLD50= 0.946921422611922
AIAdultSlopeContact= 2.43250711812638
AIAdultLD50Contact= 0.0287294282810763
AILarvaSlope= 0.275656038988382
AILarvaLD50= 0.897624883172102
AIKOW= 5.03628893988207
AIKOC= 20.5863818596117
AIHalfLife= 10.9106559087522
EAppRate= 0.848523990949616
