ICQueenStrength= 5.8695866658818
RQWkrDrnRatio= 3.93957927264273
ICDroneMiteSurvivorship= 0.907318317331374
ICWorkerMiteSurvivorship= 80.2405127091333
ICForagerLifespan= 14.3271396337077
ImmType= Polynomial
AIAdultSlope= 2.27743586222641
AIAdultLD50= 1.17265309626237
AIAdultSlopeContact= 1.90687365689781
AIAdultLD50Contact= 0.0437925912556238
AILarvaSlope= 1.54669629442506
AILarvaLD50= 0.154687901283614
AIKOW= 5.78644308866933
AIKOC= 25.9438095684163
AIHalfLife= 4.72864451492205
EAppRate= 0.67905063694343
