ICQueenStrength= 5.81384874903597
RQWkrDrnRatio= 2.19097033143044
ICDroneMiteSurvivorship= 7.99803358968347
ICWorkerMiteSurvivorship= 76.5233514364809
ICForagerLifespan= 13.2686834651977
ImmType= Polynomial
AIAdultSlope= 1.80443934253417
AIAdultLD50= 1.76702149095945
AIAdultSlopeContact= 3.70743538802722
AIAdultLD50Contact= 0.0369324432569556
AILarvaSlope= 2.92098531099036
AILarvaLD50= 0.855233928398229
AIKOW= 7.8535407204181
AIKOC= 24.8505895677954
AIHalfLife= 9.40165160875767
EAppRate= 0.725276609417051
