ICQueenStrength= 3.05363214481622
RQWkrDrnRatio= 2.05290529597551
ICDroneMiteSurvivorship= 67.8964406950399
ICWorkerMiteSurvivorship= 13.2549963425845
ICForagerLifespan= 10.8476375546306
ImmType= Sine
AIAdultSlope= 1.84487318728818
AIAdultLD50= 0.201246362528764
AIAdultSlopeContact= 2.12514749239432
AIAdultLD50Contact= 0.0332214104942977
AILarvaSlope= 1.44814296904951
AILarvaLD50= 0.720857729623094
AIKOW= 6.96507666585967
AIKOC= 23.9543823711574
AIHalfLife= 0.000731954351067543
EAppRate= 0.35301760318689
