ICQueenStrength= 5.9413490772713
RQWkrDrnRatio= 2.71795181930065
ICDroneMiteSurvivorship= 82.4347160058096
ICWorkerMiteSurvivorship= 40.4844843549654
ICForagerLifespan= 5.22700558789074
ImmType= Polynomial
AIAdultSlope= 1.42206790676806
AIAdultLD50= 0.0800420960877091
AIAdultSlopeContact= 0.67786712693749
AIAdultLD50Contact= 0.0175932660000399
AILarvaSlope= 1.27238172912039
AILarvaLD50= 0.773277950682677
AIKOW= 2.46074211969972
AIKOC= 22.3782081343234
AIHalfLife= 2.33626291737892
EAppRate= 0
