ICQueenStrength= 2.45698952721432
RQWkrDrnRatio= 1.99582680035383
ICDroneMiteSurvivorship= 74.6895192656666
ICWorkerMiteSurvivorship= 89.6104068728164
ICForagerLifespan= 8.00765874516219
ImmType= Cosine
AIAdultSlope= 2.38700851951726
AIAdultLD50= 2.27545052370988
AIAdultSlopeContact= 0.555409990400076
AIAdultLD50Contact= 0.00452648143982515
AILarvaSlope= 0.445711877942085
AILarvaLD50= 0.293564327736385
AIKOW= 7.69311035750434
AIKOC= 8.38160896208137
AIHalfLife= 4.03772779973224
EAppRate= 0.655381124233827
