ICQueenStrength= 2.53742960770614
RQWkrDrnRatio= 3.87580974772573
ICDroneMiteSurvivorship= 48.2386404648423
ICWorkerMiteSurvivorship= 96.6879123589024
ICForagerLifespan= 6.37548891175538
ImmType= Sine
AIAdultSlopeContact= 0.139280374918599
AIAdultLD50Contact= 0.0269800578942522
AILarvaSlope= 0.162663195515051
AILarvaLD50= 0.706559036602266
AIKOW= 3.06648247363046
AIKOC= 19.9842656916007
AIHalfLife= 0.886161380447447
