ICQueenStrength= 5.06346728675999
RQWkrDrnRatio= 4.00078900065273
ICDroneMiteSurvivorship= 82.3546365136281
ICWorkerMiteSurvivorship= 69.9774866458029
ICForagerLifespan= 11.6641042362899
ImmType= Sine
AIAdultSlope= 1.34526484645903
