ICQueenStrength= 1.65025486401282
RQWkrDrnRatio= 2.92896576598287
ICDroneMiteSurvivorship= 80.6998323649168
ICWorkerMiteSurvivorship= 55.3250187076628
ICForagerLifespan= 7.41953475866467
ImmType= Sine
AIAdultSlope= 9.35819369275123
