ICQueenStrength= 1.05851499387063
RQWkrDrnRatio= 2.13291749451309
ICDroneMiteSurvivorship= 26.5592853538692
ICWorkerMiteSurvivorship= 75.9491599164903
ICForagerLifespan= 14.6150329010561
ImmType= Tangent
AIAdultSlope= 3.89634376358707
AIAdultLD50= 0.302414957084693
AIAdultSlopeContact= 2.37773730698274
AIAdultLD50Contact= 0.0196410555276088
AILarvaSlope= 2.5719843687024
AILarvaLD50= 0.025569044239819
AIKOW= 4.65025904821232
AIKOC= 10.1263995992485
AIHalfLife= 2.81277444446459
EAppRate= 0
