ICQueenStrength= 1.51478099194355
RQWkrDrnRatio= 2.61032679863274
ICDroneMiteSurvivorship= 99.2850542534143
ICWorkerMiteSurvivorship= 60.0364946061745
ICForagerLifespan= 11.2832465879619
ImmType= Cosine
AIAdultSlopeContact= 3.39313560487004
AIAdultLD50Contact= 0.0333209893899038
AILarvaSlope= 1.77479544221424
AILarvaLD50= 0.536248112283647
AIKOW= 4.35665134433657
AIKOC= 13.9594279415905
AIHalfLife= 10.6964819617569
