ICQueenStrength= 3.03655410557985
RQWkrDrnRatio= 2.3060249639675
ICDroneMiteSurvivorship= 95.666606281884
ICWorkerMiteSurvivorship= 41.3371367147192
ICForagerLifespan= 5.92161863390356
ImmType= Cosine
AIAdultSlope= 3.24604620009894
AIAdultLD50= 0.0464342193445191
AIAdultSlopeContact= 2.4011529404344
AIAdultLD50Contact= 0.0307438910123892
AILarvaSlope= 3.24439853159711
AILarvaLD50= 0.512276605353691
AIKOW= 5.71084201289341
AIKOC= 24.7183480195235
AIHalfLife= 0.292191861663014
EAppRate= 0.0614041502354667
