ICQueenStrength= 1.33437124220654
RQWkrDrnRatio= 1.5277661383152
ICDroneMiteSurvivorship= 45.2252031071112
ICWorkerMiteSurvivorship= 92.7603559335694
ICForagerLifespan= 15.9934028778225
ImmType= Sine
AIAdultSlope= 2.10471165287308
AIAdultLD50= 0.795143054332584
AIAdultSlopeContact= 1.3475075236056
AIAdultLD50Contact= 0.0396843703696504
AILarvaSlope= 2.88490168643184
AILarvaLD50= 0.883080123038963
AIKOW= 7.28895168052986
AIKOC= 14.6672493964434
AIHalfLife= 5.59469279786572
EAppRate= 0.684592239791527
