ICQueenStrength= 1.65131959505379
RQWkrDrnRatio= 4.06898107472807
ICDroneMiteSurvivorship= 37.0859575690702
ICWorkerMiteSurvivorship= 11.1574945505708
ICForagerLifespan= 11.1106442892924
ImmType= Polynomial
AIAdultSlope= 0.522094912175089
AIAdultLD50= 1.88852930814028
AIAdultSlopeContact= 2.86425669290358
AIAdultLD50Contact= 0.0070484998752363
AILarvaSlope= 0.476622574077919
AILarvaLD50= 0.255653365049511
AIKOW= 3.33015960268676
AIKOC= 29.8136750189587
AIHalfLife= 7.69788767304271
EAppRate= 0.0312143848277628
