ICQueenStrength= 5.06440786435269
RQWkrDrnRatio= 4.05717667844146
ICDroneMiteSurvivorship= 26.8347127595916
ICWorkerMiteSurvivorship= 8.44085081480443
ICForagerLifespan= 13.7889949772507
ImmType= Sine
AIAdultSlope= 1.07345356536098
AIAdultLD50= 0.996374942595139
AIAdultSlopeContact= 3.41655927315122
AIAdultLD50Contact= 0.0409495350555517
AILarvaSlope= 0.0713209419045597
AILarvaLD50= 0.441623400268145
AIKOW= 5.47320065787062
AIKOC= 19.6904379711486
AIHalfLife= 9.41245733434334
EAppRate= 0.734633480664343
