ICQueenStrength= 4.33552127005532
RQWkrDrnRatio= 3.56623118091375
ICDroneMiteSurvivorship= 66.3337156409398
ICWorkerMiteSurvivorship= 5.71515278425068
ICForagerLifespan= 15.5556650366634
ImmType= Polynomial
AIAdultSlope= 3.25528082307428
AIAdultLD50= 1.90805912157521
AIAdultSlopeContact= 2.3140442581242
AIAdultLD50Contact= 0.0224009104073048
AILarvaSlope= 3.14932938572019
AILarvaLD50= 0.0530919943470508
AIKOW= 5.38188685243949
AIKOC= 20.0253547064494
AIHalfLife= 13.3013789267279
EAppRate= 0.795860016718507
