ICQueenStrength= 4.26999236363918
RQWkrDrnRatio= 2.49532629456371
ICDroneMiteSurvivorship= 59.1173431137577
ICWorkerMiteSurvivorship= 29.2750453576446
ICForagerLifespan= 7.64690417516977
ImmType= Tangent
AIAdultSlope= 1.43517336724326
AIAdultLD50= 1.99769571935758
AIAdultSlopeContact= 2.58906091063516
AIAdultLD50Contact= 0.0140583922620863
AILarvaSlope= 2.02634623968042
AILarvaLD50= 0.456526263593696
AIKOW= 3.75063563650474
AIKOC= 8.94388868589886
AIHalfLife= 5.44399939896539
EAppRate= 0.594531643902883
