ICQueenStrength= 2.68698837398551
RQWkrDrnRatio= 2.46881243772805
ICDroneMiteSurvivorship= 29.4949443312362
ICWorkerMiteSurvivorship= 42.8337154677138
ICForagerLifespan= 5.36924128234386
ImmType= Sine
AIAdultSlope= 0.351354378461838
AIAdultLD50= 2.52066757972352
AIAdultSlopeContact= 0.93440096125938
AIAdultLD50Contact= 0.0293202466564253
AILarvaSlope= 2.78569895848632
AILarvaLD50= 0.0693324859952554
AIKOW= 7.38343508029357
AIKOC= 22.6600227074232
AIHalfLife= 2.85150207905099
EAppRate= 0.829957557609305
