ICQueenStrength= 1.49752587568946
RQWkrDrnRatio= 2.92495472449809
ICDroneMiteSurvivorship= 8.62081458326429
ICWorkerMiteSurvivorship= 80.8155546663329
ICForagerLifespan= 4.80097568407655
ImmType= Polynomial
AIAdultSlopeContact= 1.20409565874841
AIAdultLD50Contact= 0.031671096640639
AILarvaSlope= 1.43334755413234
AILarvaLD50= 0.538327242736705
AIKOW= 2.65465829335153
AIKOC= 12.0192935410887
AIHalfLife= 9.53226323844865
