ICQueenStrength= 5.95267296209931
RQWkrDrnRatio= 4.30323929712176
ICDroneMiteSurvivorship= 31.1953775817528
ICWorkerMiteSurvivorship= 59.351784340106
ICForagerLifespan= 14.7836912460625
ImmType= Polynomial
AIAdultLD50= 0.154012839635834
AIAdultSlopeContact= 1.18148645554204
AIAdultLD50Contact= 0.00782646629959345
AILarvaSlope= 3.12164984620176
AILarvaLD50= 0.711922123166733
AIKOW= 4.02073502307758
AIKOC= 16.7522211105097
AIHalfLife= 7.00334544852376
EAppRate= 0.193887486122549
