ICQueenStrength= 1.92194949276745
RQWkrDrnRatio= 2.65204713400453
ICDroneMiteSurvivorship= 85.8373427530751
ICWorkerMiteSurvivorship= 85.9139393782243
ICForagerLifespan= 8.68261256534606
ImmType= Polynomial
AIAdultSlope= 3.7497829903895
AIAdultLD50= 0.280754822539166
AIAdultSlopeContact= 2.74506963041145
AIAdultLD50Contact= 0.00785774125251919
AILarvaSlope= 2.4939147609286
AILarvaLD50= 0.887477546464652
AIKOW= 6.6315444400534
AIKOC= 29.4215402228292
AIHalfLife= 0.500368883367628
EAppRate= 0.532873316062614
