ICQueenStrength= 5.86258652061224
RQWkrDrnRatio= 4.30644208006561
ICDroneMiteSurvivorship= 47.9720143601298
ICWorkerMiteSurvivorship= 52.4081608746201
ICForagerLifespan= 6.06757965683937
ImmType= Logarithmic
AIAdultSlope= 0.957703341264278
AIAdultLD50= 0.116005729185417
AIAdultSlopeContact= 1.7781369876978
AIAdultLD50Contact= 0.0167206080514006
AILarvaSlope= 3.02660707565956
AILarvaLD50= 0.0859641518443823
AIKOW= 7.09675206197426
AIKOC= 12.618143648142
AIHalfLife= 8.30043634772301
EAppRate= 0.127635423559695
