ICQueenStrength= 3.65739725437015
RQWkrDrnRatio= 4.01047939434648
ICDroneMiteSurvivorship= 68.0679809767753
ICWorkerMiteSurvivorship= 8.65866527892649
ICForagerLifespan= 4.75431339163333
ImmType= Polynomial
AIAdultSlope= 3.23419390604831
AIAdultLD50= 0.125136201968417
AIAdultSlopeContact= 0.672984037762508
AIAdultLD50Contact= 0.0377361800754443
AILarvaSlope= 3.38585895509459
AILarvaLD50= 0.83905424955301
AIKOW= 4.0581841734238
AIKOC= 14.4362607400399
AIHalfLife= 3.50045398343354
EAppRate= 0
