ICQueenStrength= 4.35517182946205
RQWkrDrnRatio= 3.98960812203586
ICDroneMiteSurvivorship= 36.463659373112
ICWorkerMiteSurvivorship= 48.6847557825968
ICForagerLifespan= 9.66305739153177
ImmType= Sine
AIAdultSlope= 1.24503256287426
AIAdultLD50= 1.08522004494444
AIAdultSlopeContact= 2.36426598609192
AIAdultLD50Contact= 0.0117715518455952
AILarvaSlope= 1.90125719495118
AILarvaLD50= 0.863658793014474
AIKOW= 2.47666970267892
AIKOC= 11.4741136564407
AIHalfLife= 0.313013337086886
EAppRate= 0.0659863892942667
