ICQueenStrength= 1.06775403628126
RQWkrDrnRatio= 3.69069443643093
ICDroneMiteSurvivorship= 15.440539829433
ICWorkerMiteSurvivorship= 76.6364520415664
ICForagerLifespan= 15.5690690884367
ImmType= Sine
AIAdultSlope= 3.31134609342553
AIAdultLD50= 2.06407107319683
AIAdultSlopeContact= 2.39801581669366
AIAdultLD50Contact= 0.0419098221813329
AILarvaSlope= 2.654297581641
AILarvaLD50= 0.377356083272025
AIKOW= 2.03313953895122
AIKOC= 5.8801052113995
AIHalfLife= 1.17221157159656
EAppRate= 0.63967284350656
