ICQueenStrength= 5.69337112386711
RQWkrDrnRatio= 3.85391179472208
ICDroneMiteSurvivorship= 36.4138115430251
ICWorkerMiteSurvivorship= 49.286619364284
ICForagerLifespan= 9.27066053636372
ImmType= Exponential
AIAdultSlopeContact= 0.422305707377382
AIAdultLD50Contact= 0.0185820996528491
AILarvaSlope= 3.0730775362812
AILarvaLD50= 0.0235588662559167
AIKOW= 5.68283057957888
AIKOC= 25.5038881336804
AIHalfLife= 2.38378913188353
