ICQueenStrength= 4.72013637213968
RQWkrDrnRatio= 3.75162020139396
ICDroneMiteSurvivorship= 92.0140352798626
ICWorkerMiteSurvivorship= 71.338398149237
ICForagerLifespan= 14.4508239775896
ImmType= Logarithmic
AIAdultSlope= 2.98508077253122
AIAdultLD50= 0.4721457347041
AIAdultSlopeContact= 1.29545858243946
AIAdultLD50Contact= 0.0333978545619175
AILarvaSlope= 0.357197315432131
AILarvaLD50= 0.737042894843034
AIKOW= 3.46777084330097
AIKOC= 17.6489358663093
AIHalfLife= 4.42974130739458
EAppRate= 0.458768355986103
