ICQueenStrength= 5.86766421818174
RQWkrDrnRatio= 4.79791678581387
ICDroneMiteSurvivorship= 19.9640403036028
ICWorkerMiteSurvivorship= 90.8660473767668
ICForagerLifespan= 5.31461062468588
ImmType= Sine
AIAdultSlope= 3.65211460407358
AIAdultLD50= 0.195810365607031
AIAdultSlopeContact= 3.32843174041947
AIAdultLD50Contact= 0.0361727891373448
AILarvaSlope= 0.864883916918188
AILarvaLD50= 0.278078924864531
AIKOW= 7.53552232310176
AIKOC= 10.2065112977289
AIHalfLife= 4.26109327585436
EAppRate= 0.170368569809943
