ICQueenStrength= 5.91408381261863
RQWkrDrnRatio= 4.98224785551429
ICDroneMiteSurvivorship= 87.1680085547268
ICWorkerMiteSurvivorship= 92.5509517546743
ICForagerLifespan= 14.1310822414234
ImmType= Sine
AIAdultLD50= 0.154012839635834
AIAdultSlopeContact= 0.995392554213759
AIAdultLD50Contact= 0.0223127040197141
AILarvaSlope= 0.917773380223662
AILarvaLD50= 0.514336533495225
AIKOW= 7.0221768822521
AIKOC= 22.2023531456944
AIHalfLife= 13.2536933445372
EAppRate= 0.75249028718099
