ICQueenStrength= 1.88553944020532
RQWkrDrnRatio= 2.69747796002775
ICDroneMiteSurvivorship= 49.9654931714758
ICWorkerMiteSurvivorship= 3.41479978524148
ICForagerLifespan= 10.67660476733
ImmType= Sine
AIAdultSlope= 0.909448972949758
AIAdultSlopeContact= 3.21347343313275
AIAdultLD50Contact= 0.0204759605228901
AILarvaSlope= 1.24618815844879
AILarvaLD50= 0.486558494204655
AIKOW= 2.07701044389978
AIKOC= 9.63292610365897
AIHalfLife= 0.949851395562291
