ICQueenStrength= 3.59151416737586
RQWkrDrnRatio= 4.17850221134722
