ICQueenStrength= 5.18725958792493
RQWkrDrnRatio= 1.3867399841547
ICDroneMiteSurvivorship= 71.1963961599395
ICWorkerMiteSurvivorship= 69.336298131384
ICForagerLifespan= 7.76971399597824
ImmType= Polynomial
AIAdultSlopeContact= 0.940103663436603
AIAdultLD50Contact= 0.029293771495577
AILarvaSlope= 2.00537978964858
AILarvaLD50= 0.0982979274820536
AIKOW= 6.49510334804654
AIKOC= 23.7446552154142
AIHalfLife= 2.3505529765971
