ICQueenStrength= 3.67347808461636
RQWkrDrnRatio= 4.58016977086663
ICDroneMiteSurvivorship= 66.0204046173021
ICWorkerMiteSurvivorship= 65.1525399181992
ICForagerLifespan= 15.1449666479602
ImmType= Exponential
AIAdultSlopeContact= 3.5075345216319
AIAdultLD50Contact= 0.187386521045119
AILarvaSlope= 5.76902013737708
AILarvaLD50= 1.07179192313924
AIKOW= 41.4545903448015
AIKOC= 55.4952768608928
AIHalfLife= 10.1899966760539
