ICQueenStrength= 5.19662008411251
RQWkrDrnRatio= 3.73185281082988
ICDroneMiteSurvivorship= 85.2760214591399
ICWorkerMiteSurvivorship= 92.5901472801343
ICForagerLifespan= 12.2383533706889
ImmType= Tangent
AIAdultSlope= 3.23773283623159
AIAdultLD50= 0.443322949344292
AIAdultSlopeContact= 0.972073744987138
AIAdultLD50Contact= 0.0137652414152399
AILarvaSlope= 3.21447913418524
AILarvaLD50= 0.841567896399647
AIKOW= 4.22467483393848
AIKOC= 25.237268297933
AIHalfLife= 2.7506229118444
EAppRate= 0.686917154467665
