ICQueenStrength= 2.40664796694182
RQWkrDrnRatio= 2.26194410026073
ICDroneMiteSurvivorship= 8.16605177242309
ICWorkerMiteSurvivorship= 91.3333165924996
ICForagerLifespan= 13.4122613426298
ImmType= Tangent
AIAdultSlope= 1.95502771064639
AIAdultLD50= 0.160728176124394
AIAdultSlopeContact= 0.246098000833299
AIAdultLD50Contact= 0.0445325618726201
AILarvaSlope= 0.858504725806415
AILarvaLD50= 0.111443838709965
AIKOW= 2.32201369851828
AIKOC= 23.3409908495378
AIHalfLife= 10.0954856658354
EAppRate= 0.434713016264141
