ICQueenStrength= 5.68999539501965
RQWkrDrnRatio= 1.07671197503805
ICDroneMiteSurvivorship= 80.3266278002411
ICWorkerMiteSurvivorship= 35.9912667190656
ICForagerLifespan= 11.2983009023592
ImmType= Exponential
AIAdultSlope= 2.34688287903322
AIAdultLD50= 0.26500133308582
AIAdultSlopeContact= 0.375935713439249
AIAdultLD50Contact= 0.0334387093549594
AILarvaSlope= 1.3011415831279
AILarvaLD50= 0.259178799809888
AIKOW= 4.85787168471143
AIKOC= 9.09802850335836
AIHalfLife= 3.52813600911759
EAppRate= 0.541183091071434
