ICQueenStrength= 1.65312031540088
RQWkrDrnRatio= 2.38865484576672
ICDroneMiteSurvivorship= 85.0343718193471
ICWorkerMiteSurvivorship= 48.8616933347657
ICForagerLifespan= 12.7864076495171
ImmType= Tangent
AIAdultLD50= 0.154012839635834
AIAdultSlopeContact= 0.614590412364341
AIAdultLD50Contact= 0.040571186109446
AILarvaSlope= 2.81394295296632
AILarvaLD50= 0.126995518128388
AIKOW= 3.8678603284061
AIKOC= 8.50617886288092
AIHalfLife= 9.80162749625742
EAppRate= 1.03720806725323
