ICQueenStrength= 5.52414557919838
RQWkrDrnRatio= 2.03731953725219
ICDroneMiteSurvivorship= 9.51884572859854
ICWorkerMiteSurvivorship= 10.4411246953532
ICForagerLifespan= 12.318534379825
ImmType= Exponential
AIAdultSlope= 9.05288160778582
AIAdultLD50= 0.836775828618556
AIAdultSlopeContact= 2.48678920557722
AIAdultLD50Contact= 0.139675072953105
AILarvaSlope= 1.14653772674501
AILarvaLD50= 0.690664248075336
AIKOW= 92.0575435739011
AIKOC= 24.9641268048435
AIHalfLife= 9.07821991713718
EAppRate= 1.09745234111324
