ICQueenStrength= 1.37408263655379
RQWkrDrnRatio= 2.62378277815878
ICDroneMiteSurvivorship= 36.9536419399083
ICWorkerMiteSurvivorship= 3.19272582419217
ICForagerLifespan= 5.60771471448243
ImmType= Exponential
AIAdultSlopeContact= 1.53738904411672
AIAdultLD50Contact= 0.0427157266996801
AILarvaSlope= 0.517086469009519
AILarvaLD50= 0.166219908278435
AIKOW= 4.66715418919921
AIKOC= 29.8311386152636
AIHalfLife= 0.871685107238591
