ICQueenStrength= 2.51375305256806
RQWkrDrnRatio= 3.49564076494426
ICDroneMiteSurvivorship= 23.4955733176321
ICWorkerMiteSurvivorship= 5.23076148238033
ICForagerLifespan= 6.169907014817
ImmType= Polynomial
AIAdultSlope= 0.539975630911067
AIAdultLD50= 1.95408237702213
AIAdultSlopeContact= 2.9520038966462
AIAdultLD50Contact= 0.011138893768657
AILarvaSlope= 0.928399170422927
AILarvaLD50= 0.334339683665894
AIKOW= 5.77501446567476
AIKOC= 19.9679978028871
AIHalfLife= 13.329628423322
EAppRate= 0.728838020237163
