ICQueenStrength= 4.47561449743807
RQWkrDrnRatio= 1.02390738390386
ICDroneMiteSurvivorship= 39.6073858020827
ICWorkerMiteSurvivorship= 10.8323512831703
ICForagerLifespan= 9.21163081564009
ImmType= Cosine
AIAdultSlope= 1.10204719253816
AIAdultLD50= 2.73707487084903
AIAdultSlopeContact= 0.771687790690921
AIAdultLD50Contact= 0.043807907262817
AILarvaSlope= 2.03063581208698
AILarvaLD50= 0.581859963387251
AIKOW= 6.96582068130374
AIKOC= 12.6336781377904
AIHalfLife= 4.50841228011996
EAppRate= 0.40664201695472
