ICQueenStrength= 3.216243641451
RQWkrDrnRatio= 1.33586138579994
ICDroneMiteSurvivorship= 24.2926687002182
ICWorkerMiteSurvivorship= 48.9710391266271
ICForagerLifespan= 6.70437403023243
ImmType= Sine
AIAdultSlopeContact= 9.73411158658564
AIAdultLD50Contact= 0.00546598816290498
AILarvaSlope= 3.5582185909152
AILarvaLD50= 0.773389011155814
AIKOW= 86.9312674505636
AIKOC= 0.485601183027029
AIHalfLife= 12.3971555409953
