ICQueenStrength= 4.29089937265962
RQWkrDrnRatio= 1.09456998668611
ICDroneMiteSurvivorship= 0.598413753323257
ICWorkerMiteSurvivorship= 62.1933684218675
ICForagerLifespan= 7.3007479775697
ImmType= Logarithmic
AIAdultSlope= 0.457960017670412
AIAdultLD50= 0.217221099534072
AIAdultSlopeContact= 0.327757612012792
AIAdultLD50Contact= 0.0132374125649221
AILarvaSlope= 1.20598973785527
AILarvaLD50= 0.408308419911191
AIKOW= 6.81193557055667
AIKOC= 20.9205966396257
AIHalfLife= 2.41083909175359
EAppRate= 0.620423407759517
