ICQueenStrength= 3.84580125822686
RQWkrDrnRatio= 4.4596411306411
ICDroneMiteSurvivorship= 6.01619095541537
ICWorkerMiteSurvivorship= 31.9053799845278
ICForagerLifespan= 14.1835259236395
ImmType= Cosine
AIAdultSlope= 1.49360362119041
AIAdultLD50= 2.24042183998972
AIAdultSlopeContact= 2.3780148366373
AIAdultLD50Contact= 0.0243597248452716
AILarvaSlope= 1.12618891922757
AILarvaLD50= 0.404579646675848
AIKOW= 7.9913934590295
AIKOC= 15.6029071612284
AIHalfLife= 11.774973152671
EAppRate= 0.369272191310301
