ICQueenStrength= 2.39808990294114
RQWkrDrnRatio= 1.52478138636798
ICDroneMiteSurvivorship= 89.3753775395453
ICWorkerMiteSurvivorship= 41.7198278475553
ICForagerLifespan= 13.4362654676661
ImmType= Exponential
AIAdultLD50= 0.154012839635834
AIAdultSlopeContact= 1.87998414692469
AIAdultLD50Contact= 0.0181395593215711
AILarvaSlope= 3.04491881793365
AILarvaLD50= 0.505887776892632
AIKOW= 5.26563412183896
AIKOC= 27.1873416681774
AIHalfLife= 1.46211015572771
EAppRate= 0.911885340698063
