ICQueenStrength= 4.66182478144765
RQWkrDrnRatio= 1.38844326790422
ICDroneMiteSurvivorship= 88.0306350067258
ICWorkerMiteSurvivorship= 10.2014486445114
ICForagerLifespan= 6.83074588607997
ImmType= Logarithmic
AIAdultSlope= 1.74151384504512
