ICQueenStrength= 5.05564877204597
RQWkrDrnRatio= 4.76543638296425
ICDroneMiteSurvivorship= 11.7703029187396
ICWorkerMiteSurvivorship= 84.0849203057587
ICForagerLifespan= 4.74654580373317
ImmType= Polynomial
AIAdultSlope= 0.139197084819898
AIAdultLD50= 0.432467172737233
AIAdultSlopeContact= 0.138478183066472
AIAdultLD50Contact= 0.0289937792695127
AILarvaSlope= 0.609830218041316
AILarvaLD50= 0.769663352589123
AIKOW= 7.68575492035598
AIKOC= 14.9954573030118
AIHalfLife= 4.38195163500495
EAppRate= 0.621810820442624
