ICQueenStrength= 3.64192793052644
RQWkrDrnRatio= 4.55131216347218
ICDroneMiteSurvivorship= 9.33364410884678
ICWorkerMiteSurvivorship= 22.1423065755516
ICForagerLifespan= 6.78579679876566
ImmType= Exponential
AIAdultSlope= 9.6963705890812
AIAdultLD50= 0.70312337949872
AIAdultSlopeContact= 9.84229026129469
AIAdultLD50Contact= 0.109983232617378
AILarvaSlope= 7.23451000638306
AILarvaLD50= 0.333685413002968
AIKOW= 61.1501846695319
AIKOC= 57.8335479833186
AIHalfLife= 6.2946761646308
EAppRate= 1.88494038535282
