ICQueenStrength= 4.89359124121256
RQWkrDrnRatio= 3.0797061631456
ICDroneMiteSurvivorship= 42.6494588144124
ICWorkerMiteSurvivorship= 74.2963888915256
ICForagerLifespan= 12.251880871132
ImmType= Logarithmic
AIAdultSlope= 2.28280133660883
AIAdultLD50= 2.47522239410318
AIAdultSlopeContact= 0.32287596674636
AIAdultLD50Contact= 0.0240492850425653
AILarvaSlope= 2.5512588170357
AILarvaLD50= 0.588597339880653
AIKOW= 6.25885581690818
AIKOC= 26.5079096204136
AIHalfLife= 8.4297340111807
EAppRate= 0.988304476253688
