ICQueenStrength= 3.37749176914804
RQWkrDrnRatio= 4.3760283710435
ICDroneMiteSurvivorship= 8.52145573589951
ICWorkerMiteSurvivorship= 58.2878470420837
ICForagerLifespan= 5.33672029152513
ImmType= Exponential
AIAdultSlope= 9.51417537406087
