ICQueenStrength= 2.00095576024614
RQWkrDrnRatio= 2.05848309304565
ICDroneMiteSurvivorship= 70.6670901039615
ICWorkerMiteSurvivorship= 54.2192212305963
ICForagerLifespan= 5.21996221877635
ImmType= Sine
AIAdultSlope= 0.0807243107818067
AIAdultLD50= 2.17071861005388
AIAdultSlopeContact= 3.90442426380236
AIAdultLD50Contact= 0.0203759444295429
AILarvaSlope= 1.455117809074
AILarvaLD50= 0.355852627521381
AIKOW= 6.9659272111021
AIKOC= 9.80174593394622
AIHalfLife= 4.52815754152834
EAppRate= 0.0188348260708153
