ICQueenStrength= 5.37227497226559
RQWkrDrnRatio= 2.7698356192559
ICDroneMiteSurvivorship= 97.8811762295663
ICWorkerMiteSurvivorship= 35.8820560155436
ICForagerLifespan= 5.65222226828337
ImmType= Cosine
AIAdultSlope= 3.24764773990726
AIAdultLD50= 0.109336539753713
AIAdultSlopeContact= 1.81691185795935
AIAdultLD50Contact= 0.0356882583466359
AILarvaSlope= 2.77554301070049
AILarvaLD50= 0.340695781842805
AIKOW= 2.47352017043158
AIKOC= 19.8299703549128
AIHalfLife= 0.192889431491494
EAppRate= 0.346319056279026
