ICQueenStrength= 4.58800875721499
RQWkrDrnRatio= 4.77134389057755
ICDroneMiteSurvivorship= 26.7824142705649
ICWorkerMiteSurvivorship= 20.5897884210572
ICForagerLifespan= 11.9255394060165
ImmType= Tangent
AIAdultSlope= 2.23823312120512
AIAdultLD50= 1.63171867048368
AIAdultSlopeContact= 2.69026349920314
AIAdultLD50Contact= 0.0310215320321731
AILarvaSlope= 0.254937520902604
AILarvaLD50= 0.559539881441742
AIKOW= 2.16308780480176
AIKOC= 16.2864502763841
AIHalfLife= 11.5028852629475
EAppRate= 0.300354746868834
