ICQueenStrength= 1.96909776329994
RQWkrDrnRatio= 4.33853007201105
ICDroneMiteSurvivorship= 44.3853230215609
ICWorkerMiteSurvivorship= 25.5177109502256
ICForagerLifespan= 9.23919459804893
ImmType= Polynomial
AIAdultSlope= 2.0913436954841
AIAdultLD50= 0.773646117188036
AIAdultSlopeContact= 2.23846419827314
AIAdultLD50Contact= 0.0311753947753459
AILarvaSlope= 0.619287035008892
AILarvaLD50= 0.25829967521131
AIKOW= 6.95788891846314
AIKOC= 21.0798257857095
AIHalfLife= 9.11408810550347
EAppRate= 0.97339549055323
