ICQueenStrength= 4.27737405663356
RQWkrDrnRatio= 2.30292712152004
ICDroneMiteSurvivorship= 28.9824516279623
ICWorkerMiteSurvivorship= 13.5614687809721
ICForagerLifespan= 6.79233198706061
ImmType= Exponential
AIAdultSlope= 2.97991090554977
AIAdultLD50= 0.208263162523508
AIAdultSlopeContact= 3.38271114696516
AIAdultLD50Contact= 0.00967172428499907
AILarvaSlope= 0.0465659589972347
AILarvaLD50= 0.365532893571071
AIKOW= 4.18055977113545
AIKOC= 13.0313090526033
AIHalfLife= 2.2371260181535
EAppRate= 0.205400094203651
