ICQueenStrength= 3.13207376655191
RQWkrDrnRatio= 3.27005526423454
ICDroneMiteSurvivorship= 27.1438594674692
ICWorkerMiteSurvivorship= 1.58587496262044
ICForagerLifespan= 12.6909400550649
ImmType= Polynomial
AIAdultSlope= 2.77270245412365
AIAdultLD50= 1.29396175453439
AIAdultSlopeContact= 0.514175149246585
AIAdultLD50Contact= 0.0135334280203097
AILarvaSlope= 1.1838826159481
AILarvaLD50= 0.020138786570169
AIKOW= 6.11605982994661
AIKOC= 5.93178015085869
AIHalfLife= 8.59612216195092
EAppRate= 0.0466255142819136
