ICQueenStrength= 3.42488752119243
RQWkrDrnRatio= 4.96225745324045
ICDroneMiteSurvivorship= 41.2838176591322
ICWorkerMiteSurvivorship= 52.5656119687483
ICForagerLifespan= 13.5830611828715
ImmType= Exponential
AIAdultSlope= 1.75379801196977
AIAdultLD50= 2.38934255903587
AIAdultSlopeContact= 0.813374514828902
AIAdultLD50Contact= 0.0350294476491399
AILarvaSlope= 3.16820187736303
AILarvaLD50= 0.323929549148306
AIKOW= 4.96833707438782
AIKOC= 25.4847383487504
AIHalfLife= 13.1850185482763
EAppRate= 0.823186223627999
