ICQueenStrength= 5.4562184473034
RQWkrDrnRatio= 3.81877809204161
ICDroneMiteSurvivorship= 40.8896733308211
ICWorkerMiteSurvivorship= 36.2463677534834
ICForagerLifespan= 10.1359756086022
ImmType= Exponential
AIAdultSlope= 2.72928948677145
AIAdultLD50= 0.273167003178969
AIAdultSlopeContact= 1.16861019242322
AIAdultLD50Contact= 0.00316615755436942
AILarvaSlope= 2.14833559361286
AILarvaLD50= 0.532327067828737
AIKOW= 7.10904199955985
AIKOC= 22.4371282686479
AIHalfLife= 13.2763657821342
EAppRate= 0.737940042978153
