ICQueenStrength= 5.93414609692991
RQWkrDrnRatio= 4.67184303887188
ICDroneMiteSurvivorship= 45.9517755778506
ICWorkerMiteSurvivorship= 16.6713473387063
ICForagerLifespan= 7.57824423443526
ImmType= Cosine
AIAdultSlope= 1.08402963047847
AIAdultSlopeContact= 0.171651535467245
AIAdultLD50Contact= 0.0160631907172501
AILarvaSlope= 0.245432335697114
AILarvaLD50= 0.435904772020876
AIKOW= 4.00404586736113
AIKOC= 9.21810752595775
AIHalfLife= 3.61629318771884
