ICQueenStrength= 1.81081765703857
RQWkrDrnRatio= 2.94910487160087
ICDroneMiteSurvivorship= 0.488195172511041
ICWorkerMiteSurvivorship= 15.258669690229
ICForagerLifespan= 15.5473152305931
ImmType= Polynomial
AIAdultSlope= 0.54039487506263
AIAdultLD50= 0.352208766387776
AIAdultSlopeContact= 0.57710139665287
AIAdultLD50Contact= 0.0238975491374731
AILarvaSlope= 1.54719665395096
AILarvaLD50= 0.710403444059193
AIKOW= 4.3061367305927
AIKOC= 9.62372450274415
AIHalfLife= 4.68934728880413
EAppRate= 0.214203435066156
