ICQueenStrength= 2.49877505959012
RQWkrDrnRatio= 1.60511139687151
ICDroneMiteSurvivorship= 68.1226796703413
ICWorkerMiteSurvivorship= 8.04262144956738
ICForagerLifespan= 7.46139234583825
ImmType= Tangent
AIAdultSlope= 2.34307385045104
AIAdultLD50= 2.10114219062962
AIAdultSlopeContact= 1.63924756428692
AIAdultLD50Contact= 0.00178238222142681
AILarvaSlope= 3.3790138266515
AILarvaLD50= 0.0195887753041461
AIKOW= 7.38688560668379
AIKOC= 28.8460670050699
AIHalfLife= 13.6308223749511
EAppRate= 0.290432541631162
