ICQueenStrength= 2.98014735127799
RQWkrDrnRatio= 1.64095522649586
ICDroneMiteSurvivorship= 86.8495464092121
ICWorkerMiteSurvivorship= 52.678508288227
ICForagerLifespan= 4.74228011351079
ImmType= Tangent
AIAdultLD50= 0.154012839635834
AIAdultSlopeContact= 3.19664352330845
AIAdultLD50Contact= 0.0322149530635215
AILarvaSlope= 2.84298388422467
AILarvaLD50= 0.814707652665675
AIKOW= 3.55902750650421
AIKOC= 5.85137414280325
AIHalfLife= 8.8852594923228
EAppRate= 1.55863773310557
