ICQueenStrength= 4.82638032315299
RQWkrDrnRatio= 3.62258854135871
ICDroneMiteSurvivorship= 30.0076604820788
ICWorkerMiteSurvivorship= 21.3495346950367
ICForagerLifespan= 5.29017071612179
ImmType= Polynomial
AIAdultSlope= 0.523738829838112
AIAdultLD50= 1.56474584760144
AIAdultSlopeContact= 3.039544089837
AIAdultLD50Contact= 0.0169785445206799
AILarvaSlope= 3.39738647649065
AILarvaLD50= 0.216233319067396
AIKOW= 6.09172141645104
AIKOC= 20.3129851445556
AIHalfLife= 3.47489062789828
EAppRate= 0.901616474846378
