ICQueenStrength= 4.57866650098003
RQWkrDrnRatio= 1.19730430468917
ICDroneMiteSurvivorship= 79.0831387974322
ICWorkerMiteSurvivorship= 98.8703292328864
ICForagerLifespan= 9.6892451364547
ImmType= Exponential
AIAdultSlope= 2.98134958931012
AIAdultLD50= 0.170706189703196
AIAdultSlopeContact= 3.71570569175994
AIAdultLD50Contact= 0.0218024074099958
AILarvaSlope= 3.17624390912242
AILarvaLD50= 0.4129120641388
AIKOW= 7.02804134367034
AIKOC= 10.1685942860786
AIHalfLife= 0.334482095204294
EAppRate= 0
