ICQueenStrength= 4.89278048998676
RQWkrDrnRatio= 1.06743618473411
ICDroneMiteSurvivorship= 97.0021378714591
ICWorkerMiteSurvivorship= 0.584765570238233
ICForagerLifespan= 14.264782557264
ImmType= Logarithmic
AIAdultSlope= 1.82382910596207
AIAdultLD50= 0.462760410737246
AIAdultSlopeContact= 3.70121936172014
AIAdultLD50Contact= 0.0238779479521327
AILarvaSlope= 1.62188730728813
AILarvaLD50= 0.169682149565779
AIKOW= 7.69134019175544
AIKOC= 19.2576449899934
AIHalfLife= 6.24684031028301
EAppRate= 0.0892078822944313
