ICQueenStrength= 5.78234027628787
RQWkrDrnRatio= 1.98645699582994
ICDroneMiteSurvivorship= 41.4149949792773
ICWorkerMiteSurvivorship= 69.7224194183946
ICForagerLifespan= 10.5516190854833
ImmType= Sine
AIAdultSlope= 2.67881600032561
AIAdultLD50= 0.417253238847479
AIAdultSlopeContact= 1.75128367975121
AIAdultLD50Contact= 0.0187512670992874
AILarvaSlope= 0.493271131347865
AILarvaLD50= 0.612142650503665
AIKOW= 6.803404788021
AIKOC= 27.4083432636689
AIHalfLife= 7.72408516146243
EAppRate= 0.374359111767262
