ICQueenStrength= 5.05403851415031
RQWkrDrnRatio= 1.58592476136982
ICDroneMiteSurvivorship= 42.9624682758003
ICWorkerMiteSurvivorship= 40.9755231812596
ICForagerLifespan= 7.45507392473519
ImmType= Logarithmic
AIAdultSlopeContact= 3.02236065574922
AIAdultLD50Contact= 0.0321611152263358
AILarvaSlope= 1.18726717112586
AILarvaLD50= 0.791419791569933
AIKOW= 3.5244492823258
AIKOC= 11.4488951058593
AIHalfLife= 11.5665098507889
