ICQueenStrength= 5.27782084909268
RQWkrDrnRatio= 2.69518348947167
ICDroneMiteSurvivorship= 5.7477988768369
ICWorkerMiteSurvivorship= 63.1297795800492
ICForagerLifespan= 9.82074204273522
ImmType= Logarithmic
AIAdultSlope= 3.38205038860906
AIAdultLD50= 0.430577360093594
AIAdultSlopeContact= 2.45449324002257
AIAdultLD50Contact= 0.0462762056617066
AILarvaSlope= 0.346501694479957
AILarvaLD50= 0.416865047626197
AIKOW= 4.48530682455748
AIKOC= 29.1018114669714
AIHalfLife= 2.85911135491915
EAppRate= 0
