ICQueenStrength= 4.52795792394318
RQWkrDrnRatio= 3.05035862978548
ICDroneMiteSurvivorship= 88.4344211081043
ICWorkerMiteSurvivorship= 67.9177432553843
ICForagerLifespan= 10.9018279807642
ImmType= Sine
AIAdultSlope= 0.129673096816987
AIAdultLD50= 0.404171387199312
AIAdultSlopeContact= 3.68297280743718
AIAdultLD50Contact= 0.0888631984125823
AILarvaSlope= 1.24341429676861
AILarvaLD50= 0.75127272401005
AIKOW= 90.517247072421
AIKOC= 40.8956888131797
AIHalfLife= 6.39217594172806
EAppRate= 1.07642296422273
