ICQueenStrength= 4.29887141590007
RQWkrDrnRatio= 2.58767492603511
ICDroneMiteSurvivorship= 84.13419527933
ICWorkerMiteSurvivorship= 78.9505800465122
ICForagerLifespan= 4.45268036890775
ImmType= Exponential
AIAdultSlope= 0.170400812365115
AIAdultLD50= 0.302973030600697
AIAdultSlopeContact= 0.791908016090747
AIAdultLD50Contact= 0.0303579082945362
AILarvaSlope= 3.29915558360517
AILarvaLD50= 0.433866911754012
AIKOW= 7.46612789155915
AIKOC= 20.9894576121587
AIHalfLife= 0.929840852040797
EAppRate= 0.148208427731879
