ICQueenStrength= 2.26641213311814
RQWkrDrnRatio= 1.60012876614928
ICDroneMiteSurvivorship= 14.8640078259632
ICWorkerMiteSurvivorship= 93.0348978145048
ICForagerLifespan= 13.7224109014496
ImmType= Sine
AIAdultSlope= 0.755614731428213
AIAdultLD50= 0.379982895683497
AIAdultSlopeContact= 3.27046524293488
AIAdultLD50Contact= 0.0212595534161665
AILarvaSlope= 0.00839483016170561
AILarvaLD50= 0.845076945167966
AIKOW= 2.63355031423271
AIKOC= 25.275538333226
AIHalfLife= 3.39514256338589
EAppRate= 0.153615588997491
