ICQueenStrength= 5.8618771135807
RQWkrDrnRatio= 1.93816781230271
ICDroneMiteSurvivorship= 21.3342599337921
ICWorkerMiteSurvivorship= 63.8964122161269
ICForagerLifespan= 10.8462399924174
ImmType= Cosine
AIAdultSlope= 9.02851030230522
