ICQueenStrength= 4.01535353646614
RQWkrDrnRatio= 2.20640322752297
ICDroneMiteSurvivorship= 77.8973720036447
ICWorkerMiteSurvivorship= 42.7602880168706
ICForagerLifespan= 5.93472910113633
ImmType= Logarithmic
AIAdultSlope= 2.92310319134267
AIAdultLD50= 0.221864864346571
AIAdultSlopeContact= 3.89579175588442
AIAdultLD50Contact= 0.0309826720040292
AILarvaSlope= 1.18137401272543
AILarvaLD50= 0.26649860101752
AIKOW= 2.04192536883056
AIKOC= 26.3635570835322
AIHalfLife= 1.02282000472769
EAppRate= 0
