ICQueenStrength= 5.86876264214516
RQWkrDrnRatio= 1.21711443644017
ICDroneMiteSurvivorship= 12.5768544850871
ICWorkerMiteSurvivorship= 15.1414933381602
ICForagerLifespan= 7.07403680309653
ImmType= Logarithmic
AIAdultSlope= 2.08120375196449
AIAdultLD50= 0.575099143199623
AIAdultSlopeContact= 2.06776422873605
AIAdultLD50Contact= 0.0426571131800301
AILarvaSlope= 0.843184355599806
AILarvaLD50= 0.603701403667219
AIKOW= 7.67326289229095
AIKOC= 13.9695360278711
AIHalfLife= 2.25976717798039
EAppRate= 0.278099896619096
