ICQueenStrength= 2.76643717102706
RQWkrDrnRatio= 4.58316358644515
ICDroneMiteSurvivorship= 67.5449256086722
ICWorkerMiteSurvivorship= 16.6253372328356
ICForagerLifespan= 10.9436405263841
ImmType= Tangent
AIAdultSlope= 0.294391630499158
AIAdultLD50= 0.155095714144409
AIAdultSlopeContact= 2.70168759659166
AIAdultLD50Contact= 0.0231607590802014
AILarvaSlope= 1.70181550458074
AILarvaLD50= 0.394901462900452
AIKOW= 2.30087017314509
AIKOC= 7.15092422440648
AIHalfLife= 2.07780267694034
EAppRate= 0
