ICQueenStrength= 5.77710970095359
RQWkrDrnRatio= 3.18167439848185
ICDroneMiteSurvivorship= 73.3488949015737
ICWorkerMiteSurvivorship= 84.2376061948016
ICForagerLifespan= 13.5768575966358
ImmType= Polynomial
AIAdultSlope= 2.22820871243952
AIAdultLD50= 0.213964978116564
AIAdultSlopeContact= 3.28819984290283
AIAdultLD50Contact= 0.00362494667060673
AILarvaSlope= 0.61721943533048
AILarvaLD50= 0.177673343103379
AIKOW= 7.06115502445027
AIKOC= 19.5802866842132
AIHalfLife= 4.23012838116847
EAppRate= 0
