ICQueenStrength= 2.75610961508937
RQWkrDrnRatio= 4.11754875164479
ICDroneMiteSurvivorship= 42.9703271016479
ICWorkerMiteSurvivorship= 37.5629475107417
ICForagerLifespan= 6.1484653884545
ImmType= Logarithmic
AIAdultSlope= 1.39138833335601
AIAdultLD50= 2.52010249486193
AIAdultSlopeContact= 0.724740124444943
AIAdultLD50Contact= 0.0495592289487831
AILarvaSlope= 2.0259441270493
AILarvaLD50= 0.765531440405175
AIKOW= 2.30903503671288
AIKOC= 28.2779451471288
AIHalfLife= 10.6712815221399
EAppRate= 0.340888945618644
