ICQueenStrength= 3.18269984005019
RQWkrDrnRatio= 1.74355739913881
ICDroneMiteSurvivorship= 85.6894065625966
ICWorkerMiteSurvivorship= 13.4830745402724
ICForagerLifespan= 7.61573952715844
ImmType= Cosine
AIAdultSlope= 1.45558421267197
AIAdultLD50= 0.384981511160731
AIAdultSlopeContact= 2.8616218897514
AIAdultLD50Contact= 0.177350942604244
AILarvaSlope= 8.96521415328607
AILarvaLD50= 1.33934410940856
AIKOW= 29.7709455015138
AIKOC= 72.1967823803425
AIHalfLife= 1.05406811414286
EAppRate= 1.88048617402092
