ICQueenStrength= 1.77403439022601
RQWkrDrnRatio= 2.33982952218503
