ICQueenStrength= 5.51121409889311
RQWkrDrnRatio= 2.05952403508127
ICDroneMiteSurvivorship= 58.2920212065801
ICWorkerMiteSurvivorship= 96.9405660871416
ICForagerLifespan= 10.7018847493455
ImmType= Tangent
AIAdultSlope= 1.8649869536981
AIAdultLD50= 2.8744394746609
AIAdultSlopeContact= 0.869913550412748
AIAdultLD50Contact= 0.0379902821267024
AILarvaSlope= 3.02207288267091
AILarvaLD50= 0.0626649881713092
AIKOW= 5.36289666732773
AIKOC= 20.044338721782
AIHalfLife= 3.49228586629033
EAppRate= 0.321471916977316
