ICQueenStrength= 5.73504555760883
RQWkrDrnRatio= 1.07597950752825
ICDroneMiteSurvivorship= 99.2112746695057
ICWorkerMiteSurvivorship= 55.2485905122012
ICForagerLifespan= 4.88038684614003
ImmType= Exponential
AIAdultSlope= 8.25094582512975
AIAdultLD50= 0.816310060210526
AIAdultSlopeContact= 3.2332100183703
AIAdultLD50Contact= 0.0999014766421169
AILarvaSlope= 0.0303235906176269
AILarvaLD50= 1.87564583402127
AIKOW= 67.9869048064575
AIKOC= 87.8290825989097
AIHalfLife= 3.55990048125386
EAppRate= 0.2522614733316
