ICQueenStrength= 2.44418059731834
RQWkrDrnRatio= 4.28289608471096
ICDroneMiteSurvivorship= 85.4850832838565
ICWorkerMiteSurvivorship= 95.1817105058581
ICForagerLifespan= 7.72242805920541
ImmType= Logarithmic
AIAdultSlope= 1.23035012539476
AIAdultSlopeContact= 2.15704430702375
AIAdultLD50Contact= 0.0351999014616013
AILarvaSlope= 1.86081810793839
AILarvaLD50= 0.160602425085381
AIKOW= 3.3709758836776
AIKOC= 20.5438731540926
AIHalfLife= 1.66243119118735
