ICQueenStrength= 5.74191555054858
RQWkrDrnRatio= 2.92412191070616
ICDroneMiteSurvivorship= 0.4818957997486
ICWorkerMiteSurvivorship= 34.8797878948972
ICForagerLifespan= 10.9147243602201
ImmType= Tangent
AIAdultSlope= 2.00542662478052
AIAdultLD50= 0.19667939725332
AIAdultSlopeContact= 3.26516525490442
AIAdultLD50Contact= 0.0423736584722064
AILarvaSlope= 2.49489750219509
AILarvaLD50= 0.430038641556166
AIKOW= 7.90530263679102
AIKOC= 18.0074003245682
AIHalfLife= 0.124132027849555
EAppRate= 0
