ICQueenStrength= 4.26484883087687
RQWkrDrnRatio= 1.89126080553979
ICDroneMiteSurvivorship= 73.7185252364725
ICWorkerMiteSurvivorship= 5.39101243484765
ICForagerLifespan= 7.24269372876734
ImmType= Cosine
AIAdultSlope= 2.33946683066897
AIAdultLD50= 2.96201854012907
AIAdultSlopeContact= 1.93304428341798
AIAdultLD50Contact= 0.00562050275038928
AILarvaSlope= 1.14154891259968
AILarvaLD50= 0.701176692405716
AIKOW= 2.97947294870391
AIKOC= 17.2962809458841
AIHalfLife= 3.35846350854263
EAppRate= 0.502264651935548
