ICQueenStrength= 5.07688210369088
RQWkrDrnRatio= 3.21348177362233
ICDroneMiteSurvivorship= 48.0987544870004
ICWorkerMiteSurvivorship= 0.0811333768069744
ICForagerLifespan= 15.3971607442945
ImmType= Cosine
AIAdultSlopeContact= 6.27328672446311
AIAdultLD50Contact= 0.151819196855649
AILarvaSlope= 2.36240539932624
AILarvaLD50= 1.19270326802507
AIKOW= 75.5312147550285
AIKOC= 65.2261923067272
AIHalfLife= 7.41850368399173
