ICQueenStrength= 2.89529748866335
RQWkrDrnRatio= 2.17801273986697
ICDroneMiteSurvivorship= 86.2539118854329
ICWorkerMiteSurvivorship= 76.9924914464355
ICForagerLifespan= 7.48261132091284
ImmType= Polynomial
AIAdultSlope= 3.0398864780087
AIAdultLD50= 0.409941958962008
AIAdultSlopeContact= 2.74299641930033
AIAdultLD50Contact= 0.0247568079619668
AILarvaSlope= 1.14300679699518
AILarvaLD50= 0.564798296266235
AIKOW= 4.62560722418129
AIKOC= 28.1151224230416
AIHalfLife= 4.88149406062439
EAppRate= 0.456100492272526
