ICQueenStrength= 3.83407889655791
RQWkrDrnRatio= 4.72421601228416
ICDroneMiteSurvivorship= 83.0900225788355
ICWorkerMiteSurvivorship= 58.9625599095598
ICForagerLifespan= 12.6657328000292
ImmType= Tangent
AIAdultSlope= 3.05810109274462
AIAdultLD50= 0.171615875093266
AIAdultSlopeContact= 0.201419861444738
AIAdultLD50Contact= 0.0263541418826208
AILarvaSlope= 0.759603278152645
AILarvaLD50= 0.481888189329766
AIKOW= 4.91274217655882
AIKOC= 16.9852472969797
AIHalfLife= 1.28051365166903
EAppRate= 0.977546075358987
