ICQueenStrength= 3.8395469696261
RQWkrDrnRatio= 1.21992132253945
ICDroneMiteSurvivorship= 19.6703520603478
ICWorkerMiteSurvivorship= 89.7305497899652
ICForagerLifespan= 4.81628656573594
ImmType= Cosine
AIAdultSlope= 9.2754689254798
