ICQueenStrength= 2.04320283862762
RQWkrDrnRatio= 1.96370731573552
ICDroneMiteSurvivorship= 27.4067160440609
ICWorkerMiteSurvivorship= 28.328838897869
ICForagerLifespan= 4.30503612291068
ImmType= Tangent
AIAdultSlope= 2.32225615452044
AIAdultLD50= 0.182284984504804
AIAdultSlopeContact= 1.00899944695411
AIAdultLD50Contact= 0.0233440028503537
AILarvaSlope= 1.51569569036365
AILarvaLD50= 0.0176547297276556
AIKOW= 4.28185283020139
AIKOC= 12.2642815299332
AIHalfLife= 1.11761747300625
EAppRate= 0.874368840595707
