ICQueenStrength= 4.42996273539029
RQWkrDrnRatio= 3.09102329239249
ICDroneMiteSurvivorship= 26.8787404289469
ICWorkerMiteSurvivorship= 59.7160189412534
ICForagerLifespan= 11.9900075905025
ImmType= Cosine
AIAdultSlope= 0.43516282818513
AIAdultLD50= 0.299446379067376
AIAdultSlopeContact= 0.358605926684104
AIAdultLD50Contact= 0.0239151090150699
AILarvaSlope= 1.22443025363609
AILarvaLD50= 0.0877805025083944
AIKOW= 2.34064600151032
AIKOC= 13.9468629681505
AIHalfLife= 0.62455942039378
EAppRate= 0.520060995453969
