ICQueenStrength= 2.39410654315725
RQWkrDrnRatio= 4.63424435257912
ICDroneMiteSurvivorship= 44.2519600735977
ICWorkerMiteSurvivorship= 21.5882818447426
ICForagerLifespan= 10.3743457170203
ImmType= Cosine
AIAdultSlopeContact= 6.02976134512573
AIAdultLD50Contact= 0.0594640605617315
AILarvaSlope= 5.45527352951467
AILarvaLD50= 0.128680714406073
AIKOW= 54.71609425731
AIKOC= 12.1760314330459
AIHalfLife= 12.1444474724121
