ICQueenStrength= 2.93062900099903
RQWkrDrnRatio= 1.29376621823758
ICDroneMiteSurvivorship= 69.9373134179041
ICWorkerMiteSurvivorship= 81.1282534152269
ICForagerLifespan= 4.83196395728737
ImmType= Sine
AIAdultSlope= 1.26222856468521
AIAdultLD50= 0.500929072033614
AIAdultSlopeContact= 1.14816825385904
AIAdultLD50Contact= 0.00793716695625335
AILarvaSlope= 1.32673442345113
AILarvaLD50= 0.280253062723204
AIKOW= 3.511312416289
AIKOC= 14.4394463812932
AIHalfLife= 0.268938687164336
EAppRate= 0.878439969150349
