ICQueenStrength= 2.76354758790694
RQWkrDrnRatio= 2.86846031062305
ICDroneMiteSurvivorship= 58.6761860875413
ICWorkerMiteSurvivorship= 4.56972105894238
ICForagerLifespan= 5.80670915637165
ImmType= Logarithmic
AIAdultSlope= 3.34371959092095
AIAdultLD50= 0.231051109498367
AIAdultSlopeContact= 9.44867919431999
AIAdultLD50Contact= 0.154209036985412
AILarvaSlope= 3.69834053097293
AILarvaLD50= 1.34125655982643
AIKOW= 70.3493380919099
AIKOC= 38.8833976583555
AIHalfLife= 4.67178135924041
EAppRate= 1.82230836618692
