ICQueenStrength= 5.98600873514079
RQWkrDrnRatio= 3.99429967161268
ICDroneMiteSurvivorship= 73.7239524023607
ICWorkerMiteSurvivorship= 51.6583404969424
ICForagerLifespan= 9.12864022050053
ImmType= Cosine
AIAdultLD50= 0.154012839635834
AIAdultSlopeContact= 2.49313909549965
AIAdultLD50Contact= 6.67440821416676e-05
AILarvaSlope= 1.7579874898307
AILarvaLD50= 0.31158197207842
AIKOW= 4.58883646735922
AIKOC= 21.8144978699274
AIHalfLife= 8.08289381209761
EAppRate= 0.728068040683866
