ICQueenStrength= 1.47003814135678
RQWkrDrnRatio= 4.78847107850015
ICDroneMiteSurvivorship= 92.1105294954032
ICWorkerMiteSurvivorship= 74.6412641368806
ICForagerLifespan= 12.6055885627866
ImmType= Cosine
AIAdultSlope= 3.2107914361381
AIAdultLD50= 0.446737838443369
AIAdultSlopeContact= 3.75953390521696
AIAdultLD50Contact= 0.00892903039930388
AILarvaSlope= 2.25026784176007
AILarvaLD50= 0.00395717862993479
AIKOW= 5.3895300948061
AIKOC= 29.3232955632266
AIHalfLife= 4.83488930622116
EAppRate= 0.0984296009410173
