ICQueenStrength= 2.71766348415986
RQWkrDrnRatio= 1.09153057448566
ICDroneMiteSurvivorship= 55.5074073374271
ICWorkerMiteSurvivorship= 52.1134385839105
ICForagerLifespan= 12.1766229504719
ImmType= Exponential
AIAdultSlope= 1.00959441624582
