ICQueenStrength= 1.53676474955864
RQWkrDrnRatio= 4.11379721947014
ICDroneMiteSurvivorship= 64.4558677682653
ICWorkerMiteSurvivorship= 71.6737591428682
ICForagerLifespan= 12.7877083029598
ImmType= Sine
AIAdultSlopeContact= 2.23277031967649
AIAdultLD50Contact= 0.0393008268205449
AILarvaSlope= 2.71000319337472
AILarvaLD50= 0.544128462276422
AIKOW= 7.17695236066356
AIKOC= 24.2722749547102
AIHalfLife= 6.27301599504426
