ICQueenStrength= 1.87916226126254
RQWkrDrnRatio= 3.75890143867582
ICDroneMiteSurvivorship= 60.6292783049867
ICWorkerMiteSurvivorship= 68.9475974999368
ICForagerLifespan= 5.03938088472933
ImmType= Logarithmic
AIAdultSlope= 2.03744846194284
AIAdultLD50= 0.298590677673928
AIAdultSlopeContact= 1.83562380101066
AIAdultLD50Contact= 0.0311833056737669
AILarvaSlope= 1.60150812366046
AILarvaLD50= 0.439892682060599
AIKOW= 7.58211995474994
AIKOC= 27.1370827464852
AIHalfLife= 1.44931099377573
EAppRate= 0.519703885656781
