ICQueenStrength= 5.03275309712626
RQWkrDrnRatio= 3.09757317230105
ICDroneMiteSurvivorship= 23.3584619360045
ICWorkerMiteSurvivorship= 7.1419162210077
ICForagerLifespan= 14.3641890287399
ImmType= Polynomial
AIAdultSlope= 4.45804884424433
