ICQueenStrength= 4.6504661408253
RQWkrDrnRatio= 2.41743016429245
ICDroneMiteSurvivorship= 3.01004550419748
ICWorkerMiteSurvivorship= 61.4656756399199
ICForagerLifespan= 14.9055160395801
ImmType= Tangent
AIAdultSlopeContact= 2.72851128062233
AIAdultLD50Contact= 0.0117713066283613
AILarvaSlope= 2.29877745425329
AILarvaLD50= 0.145466995169409
AIKOW= 6.90939468564466
AIKOC= 6.43999895663001
AIHalfLife= 8.79525650013238
