ICQueenStrength= 3.04424694064073
RQWkrDrnRatio= 1.29535350296646
ICDroneMiteSurvivorship= 1.2196434661746
ICWorkerMiteSurvivorship= 61.5604781080037
ICForagerLifespan= 8.88567372225225
ImmType= Cosine
AIAdultSlopeContact= 3.26726464394946
AIAdultLD50Contact= 0.0368073351215571
AILarvaSlope= 2.34560022959486
AILarvaLD50= 0.39101018907968
AIKOW= 2.14535644184798
AIKOC= 24.3968620791566
AIHalfLife= 12.7613914348185
