ICQueenStrength= 3.67179738148116
RQWkrDrnRatio= 1.96633928455412
ICDroneMiteSurvivorship= 94.1046190913767
ICWorkerMiteSurvivorship= 54.413657519035
ICForagerLifespan= 5.05260677076876
ImmType= Cosine
AIAdultSlope= 1.48136945250444
AIAdultLD50= 1.08177556749433
AIAdultSlopeContact= 0.160258734659292
AIAdultLD50Contact= 0.0434767354396172
AILarvaSlope= 2.11228859354742
AILarvaLD50= 0.695265593240038
AIKOW= 7.53886028472334
AIKOC= 29.1053366160486
AIHalfLife= 4.33251674007624
EAppRate= 0.152485113125294
