ICQueenStrength= 2.76642580307089
RQWkrDrnRatio= 2.32501321472228
ICDroneMiteSurvivorship= 62.2362964786589
ICWorkerMiteSurvivorship= 74.1007013712078
ICForagerLifespan= 12.7601273264736
ImmType= Polynomial
AIAdultSlope= 0.271411006981507
AIAdultLD50= 0.307727237930521
AIAdultSlopeContact= 2.85430942115374
AIAdultLD50Contact= 0.0166810176102445
AILarvaSlope= 3.18467653300613
AILarvaLD50= 0.583162252558395
AIKOW= 7.46253693196923
AIKOC= 28.8504049135372
AIHalfLife= 0.745251041371375
EAppRate= 0.213335278839804
