ICQueenStrength= 1.88502107653767
RQWkrDrnRatio= 2.97766268067062
ICDroneMiteSurvivorship= 13.0010696360841
ICWorkerMiteSurvivorship= 65.6552229309455
ICForagerLifespan= 7.50866140704602
ImmType= Exponential
AIAdultSlope= 7.48368134489283
