ICQueenStrength= 2.92328633042052
RQWkrDrnRatio= 4.3290531039238
ICDroneMiteSurvivorship= 72.2333422396332
ICWorkerMiteSurvivorship= 80.801168596372
ICForagerLifespan= 13.366798100993
ImmType= Polynomial
AIAdultSlope= 3.36789914600551
AIAdultLD50= 0.231524344068021
AIAdultSlopeContact= 3.25221201810054
AIAdultLD50Contact= 0.00389203906524926
AILarvaSlope= 1.67974906819873
AILarvaLD50= 0.440726577909663
AIKOW= 6.75893070595339
AIKOC= 8.37347419699654
AIHalfLife= 2.39073897944763
EAppRate= 0.388166319718584
