ICQueenStrength= 1.36751867621206
RQWkrDrnRatio= 1.8558372054249
ICDroneMiteSurvivorship= 49.2992888903245
ICWorkerMiteSurvivorship= 49.1815154673532
ICForagerLifespan= 7.4644424309954
ImmType= Polynomial
AIAdultSlope= 8.49162965780124
