ICQueenStrength= 3.09289497463033
RQWkrDrnRatio= 1.13146856427193
ICDroneMiteSurvivorship= 62.5021969899535
ICWorkerMiteSurvivorship= 68.0507745826617
ICForagerLifespan= 7.20973479468375
ImmType= Cosine
AIAdultSlope= 1.39909442039207
AIAdultLD50= 2.96168308309279
AIAdultSlopeContact= 2.00349734701216
AIAdultLD50Contact= 0.0140474037849344
AILarvaSlope= 2.06872454076074
AILarvaLD50= 0.0261876471340656
AIKOW= 2.33254346018657
AIKOC= 21.5435666451231
AIHalfLife= 4.27697374392301
EAppRate= 0.58109987154603
