ICQueenStrength= 4.53185134124942
RQWkrDrnRatio= 4.4124634610489
ICDroneMiteSurvivorship= 49.3844703305513
ICWorkerMiteSurvivorship= 10.433929762803
ICForagerLifespan= 11.6268317624927
ImmType= Cosine
AIAdultSlope= 1.77995101348497
AIAdultLD50= 2.78516322257929
AIAdultSlopeContact= 1.44156186904293
AIAdultLD50Contact= 0.0177997860591859
AILarvaSlope= 2.70421841149218
AILarvaLD50= 0.787078769132495
AIKOW= 5.36106288433075
AIKOC= 28.6617264396045
AIHalfLife= 3.31788285821676
EAppRate= 0.902762623736635
