ICQueenStrength= 5.0510507975705
RQWkrDrnRatio= 4.07066751644015
ICDroneMiteSurvivorship= 58.910508826375
ICWorkerMiteSurvivorship= 92.5230333581567
ICForagerLifespan= 7.84996338188648
ImmType= Cosine
AIAdultSlope= 0.657070148456842
AIAdultLD50= 0.323774890741333
AIAdultSlopeContact= 0.30797619023826
AIAdultLD50Contact= 0.0329348725616001
AILarvaSlope= 1.37165465196595
AILarvaLD50= 0.147681044088677
AIKOW= 4.91719824494794
AIKOC= 26.4996509952471
AIHalfLife= 9.02117042802274
EAppRate= 0.279334719292819
