ICQueenStrength= 3.65310657210648
RQWkrDrnRatio= 4.37031403742731
ICDroneMiteSurvivorship= 30.4875121219084
ICWorkerMiteSurvivorship= 75.9384566452354
ICForagerLifespan= 8.67778097372502
ImmType= Tangent
AIAdultSlope= 0.443517945532221
AIAdultLD50= 0.0541462776018307
AIAdultSlopeContact= 0.743339297140483
AIAdultLD50Contact= 0.040851666405797
AILarvaSlope= 0.660259413113818
AILarvaLD50= 0.121839002310298
AIKOW= 5.50432328181341
AIKOC= 25.6284961313941
AIHalfLife= 0.841530760517344
EAppRate= 0.147283009602688
