ICQueenStrength= 1.58810177375562
RQWkrDrnRatio= 4.84788950253278
ICDroneMiteSurvivorship= 54.6506165061146
ICWorkerMiteSurvivorship= 38.6335258837789
ICForagerLifespan= 13.0294570643455
ImmType= Sine
AIAdultSlopeContact= 2.27739772919565
AIAdultLD50Contact= 0.0130823750281706
AILarvaSlope= 1.68268301584758
AILarvaLD50= 0.873114691651426
AIKOW= 6.12094222428277
AIKOC= 20.9711316460744
AIHalfLife= 2.85882289614528
