ICQueenStrength= 4.05047870846465
RQWkrDrnRatio= 2.05045437160879
ICDroneMiteSurvivorship= 26.6355007654056
ICWorkerMiteSurvivorship= 15.3415044303983
ICForagerLifespan= 5.09750736318529
ImmType= Logarithmic
AIAdultSlope= 1.12800507565727
AIAdultLD50= 0.229402368655428
AIAdultSlopeContact= 2.65390377461677
AIAdultLD50Contact= 0.0150359425810166
AILarvaSlope= 2.33635997488163
AILarvaLD50= 0.37773705648724
AIKOW= 5.57311398303136
AIKOC= 9.47593695134856
AIHalfLife= 1.68642081902362
EAppRate= 0.0998950854875147
