ICQueenStrength= 2.18538111448288
RQWkrDrnRatio= 3.80933389719576
ICDroneMiteSurvivorship= 82.108753384091
ICWorkerMiteSurvivorship= 90.8058206317946
ICForagerLifespan= 9.34573154896498
ImmType= Tangent
AIAdultSlope= 2.50996943144128
AIAdultLD50= 2.61239552381448
AIAdultSlopeContact= 0.499477784377523
AIAdultLD50Contact= 0.0125305661698803
AILarvaSlope= 0.153360436530784
AILarvaLD50= 0.666115181799978
AIKOW= 6.72218598332256
AIKOC= 19.6735719637945
AIHalfLife= 9.18323570117354
EAppRate= 0.212549772579223
