ICQueenStrength= 3.63446079567075
RQWkrDrnRatio= 4.60800132341683
ICDroneMiteSurvivorship= 98.5580105567351
ICWorkerMiteSurvivorship= 96.8012631870806
ICForagerLifespan= 4.05502541176975
ImmType= Sine
AIAdultSlope= 1.01862595430575
AIAdultLD50= 0.306512222159654
AIAdultSlopeContact= 0.360137372876052
AIAdultLD50Contact= 0.0467043934157118
AILarvaSlope= 1.46445181346498
AILarvaLD50= 0.390792695456184
AIKOW= 7.18935812776908
AIKOC= 26.0982043819968
AIHalfLife= 0.704956093803048
EAppRate= 0.22419799817726
