ICQueenStrength= 4.36172285838984
RQWkrDrnRatio= 4.56970519479364
ICDroneMiteSurvivorship= 33.3509130403399
ICWorkerMiteSurvivorship= 83.5401626769453
ICForagerLifespan= 11.7299264390022
ImmType= Tangent
AIAdultLD50= 0.154012839635834
AIAdultSlopeContact= 3.50543930458836
AIAdultLD50Contact= 0.0217806017026305
AILarvaSlope= 3.31119022341445
AILarvaLD50= 0.808594166790135
AIKOW= 4.84482854092494
AIKOC= 23.6274246952962
AIHalfLife= 13.0753102055751
EAppRate= 0.186790259089321
