ICQueenStrength= 3.90077743818983
RQWkrDrnRatio= 3.54929347429425
ICDroneMiteSurvivorship= 54.4916570652276
ICWorkerMiteSurvivorship= 9.8640487762168
ICForagerLifespan= 7.46046802867204
ImmType= Logarithmic
AIAdultSlope= 0.384008842986077
AIAdultLD50= 1.22984939999878
AIAdultSlopeContact= 2.24330432156101
AIAdultLD50Contact= 0.0189502426073886
AILarvaSlope= 1.59856953471899
AILarvaLD50= 0.736936098709703
AIKOW= 6.73436340782791
AIKOC= 8.0174738203641
AIHalfLife= 9.65716283442453
EAppRate= 0.151316380128264
