ICQueenStrength= 2.64181340369396
RQWkrDrnRatio= 4.68444519676268
ICDroneMiteSurvivorship= 27.6957202935591
ICWorkerMiteSurvivorship= 31.9211749127135
ICForagerLifespan= 6.4860805189237
ImmType= Polynomial
AIAdultLD50= 0.154012839635834
AIAdultSlopeContact= 1.70098126218421
AIAdultLD50Contact= 0.00110109449597076
AILarvaSlope= 0.931429279828444
AILarvaLD50= 0.0154121553059667
AIKOW= 6.17400682112202
AIKOC= 17.7947958826553
AIHalfLife= 10.6250046081841
EAppRate= 0.524293786846101
