ICQueenStrength= 4.84877470787615
RQWkrDrnRatio= 1.69471875578165
ICDroneMiteSurvivorship= 41.1530786659569
ICWorkerMiteSurvivorship= 25.7514013908803
ICForagerLifespan= 15.120033252053
ImmType= Cosine
AIAdultSlope= 7.6285625086166
AIAdultLD50= 0.673615769250318
AIAdultSlopeContact= 5.95744331600145
AIAdultLD50Contact= 0.105157466419041
AILarvaSlope= 1.05727108195424
AILarvaLD50= 0.035942789632827
AIKOW= 30.4586144164205
AIKOC= 81.2684379052371
AIHalfLife= 1.30636546947062
EAppRate= 0.328426864929497
