ICQueenStrength= 3.29010928538628
RQWkrDrnRatio= 4.54310373216867
ICDroneMiteSurvivorship= 19.4779530866072
ICWorkerMiteSurvivorship= 82.7828959794715
ICForagerLifespan= 8.90740027185529
ImmType= Sine
AIAdultSlope= 1.24504397372715
AIAdultLD50= 0.478794790338725
AIAdultSlopeContact= 1.14494787845062
AIAdultLD50Contact= 0.0108808681601658
AILarvaSlope= 2.90673263361678
AILarvaLD50= 0.381578458612785
AIKOW= 7.21535408357158
AIKOC= 19.1259251802694
AIHalfLife= 0.775206750258803
EAppRate= 0.400002657528967
