ICQueenStrength= 3.22111967974342
RQWkrDrnRatio= 2.45035293977708
ICDroneMiteSurvivorship= 69.2659120075405
ICWorkerMiteSurvivorship= 84.0359981404617
ICForagerLifespan= 7.92222966998816
ImmType= Sine
AIAdultSlope= 8.17758800229058
