ICQueenStrength= 4.13597608008422
RQWkrDrnRatio= 2.10340192262083
ICDroneMiteSurvivorship= 45.2131470898166
ICWorkerMiteSurvivorship= 85.5949881952256
ICForagerLifespan= 15.2949051326141
ImmType= Cosine
AIAdultSlope= 0.407499744663946
AIAdultLD50= 0.0883536799810827
AIAdultSlopeContact= 2.52155337930657
AIAdultLD50Contact= 0.02292667865986
AILarvaSlope= 1.33891948927194
AILarvaLD50= 0.752892462071031
AIKOW= 4.8950673523359
AIKOC= 11.1202975164633
AIHalfLife= 4.59073905949481
EAppRate= 0.0688126374967396
