ICQueenStrength= 4.74374948441982
RQWkrDrnRatio= 1.51904606074095
ICDroneMiteSurvivorship= 89.7546171443537
ICWorkerMiteSurvivorship= 78.125826199539
ICForagerLifespan= 9.63125696778297
ImmType= Exponential
AIAdultSlope= 6.4612083719112
