ICQueenStrength= 1.84851746098138
RQWkrDrnRatio= 2.05846337042749
ICDroneMiteSurvivorship= 21.0953169967979
ICWorkerMiteSurvivorship= 97.0768095459789
ICForagerLifespan= 13.9491860885173
ImmType= Tangent
AIAdultSlope= 3.86589151998516
AIAdultLD50= 0.136947478400543
AIAdultSlopeContact= 0.985135552184656
AIAdultLD50Contact= 0.0326111662085168
AILarvaSlope= 0.228840465052053
AILarvaLD50= 0.321718043927103
AIKOW= 5.37691357871518
AIKOC= 26.9028580700979
AIHalfLife= 0.643739773659036
EAppRate= 0
