ICQueenStrength= 5.50409609475173
RQWkrDrnRatio= 4.52202828880399
ICDroneMiteSurvivorship= 48.6524774460122
ICWorkerMiteSurvivorship= 60.7678785221651
ICForagerLifespan= 5.35741837322712
ImmType= Tangent
AIAdultSlope= 2.38451943968888
AIAdultLD50= 0.494944443693385
AIAdultSlopeContact= 2.31822872065706
AIAdultLD50Contact= 0.0326732374145649
AILarvaSlope= 3.15589417787269
AILarvaLD50= 0.759367201896384
AIKOW= 4.40405799308792
AIKOC= 25.0061608513352
AIHalfLife= 2.32443165150471
EAppRate= 0.109024896775372
