ICQueenStrength= 3.92121837730519
RQWkrDrnRatio= 1.08033412694931
ICDroneMiteSurvivorship= 83.4974566008896
ICWorkerMiteSurvivorship= 78.9575940230861
ICForagerLifespan= 6.27382617723197
ImmType= Sine
AIAdultSlope= 2.63954377290793
AIAdultLD50= 1.79832774563693
AIAdultSlopeContact= 0.348973354711197
AIAdultLD50Contact= 0.0106871369061992
AILarvaSlope= 2.7843747089617
AILarvaLD50= 0.251884258515202
AIKOW= 3.10026634903625
AIKOC= 19.375483233016
AIHalfLife= 6.46417209459469
EAppRate= 0.337970871012658
