ICQueenStrength= 2.30166234634817
RQWkrDrnRatio= 2.32973776757717
