ICQueenStrength= 5.98823961592279
RQWkrDrnRatio= 2.78368457686156
ICDroneMiteSurvivorship= 73.9692962029949
ICWorkerMiteSurvivorship= 0.570579478517175
ICForagerLifespan= 9.23640799243003
ImmType= Sine
AIAdultSlopeContact= 0.452625406030566
AIAdultLD50Contact= 0.0201462320866995
AILarvaSlope= 2.09989643092267
AILarvaLD50= 0.0275031621102244
AIKOW= 3.15596268326044
AIKOC= 26.2590642622672
AIHalfLife= 3.90411618025973
