ICQueenStrength= 5.56913603236899
RQWkrDrnRatio= 1.14478592853993
ICDroneMiteSurvivorship= 57.0555776823312
ICWorkerMiteSurvivorship= 42.5307754194364
ICForagerLifespan= 4.52652511466295
ImmType= Exponential
AIAdultSlope= 2.64199277553707
AIAdultLD50= 1.71184065006673
AIAdultSlopeContact= 3.03425854180707
AIAdultLD50Contact= 0.0245308400830254
AILarvaSlope= 2.00831707478501
AILarvaLD50= 0.715357733052224
AIKOW= 2.75774304289371
AIKOC= 12.2370194131508
AIHalfLife= 0.761518177110702
EAppRate= 0.236186840571463
