ICQueenStrength= 5.98150628525764
RQWkrDrnRatio= 3.42678451351821
ICDroneMiteSurvivorship= 70.4399623675272
ICWorkerMiteSurvivorship= 81.5442014718428
ICForagerLifespan= 14.6073965765536
ImmType= Logarithmic
AIAdultSlope= 2.39291725391522
AIAdultLD50= 1.71706706704572
AIAdultSlopeContact= 3.34253333654255
AIAdultLD50Contact= 0.00113261984661222
AILarvaSlope= 1.59286557687446
AILarvaLD50= 0.296763476799242
AIKOW= 6.34797854814678
AIKOC= 21.057715023635
AIHalfLife= 6.6083496385254
EAppRate= 0.0933424632530659
