ICQueenStrength= 4.82688517682254
RQWkrDrnRatio= 3.01628624927253
ICDroneMiteSurvivorship= 83.6755192372948
ICWorkerMiteSurvivorship= 59.1580130392686
ICForagerLifespan= 10.4331796532497
ImmType= Polynomial
AIAdultSlopeContact= 6.69347489718348
AIAdultLD50Contact= 0.15038344389759
AILarvaSlope= 9.8435447178781
AILarvaLD50= 1.14036110928282
AIKOW= 12.9504040349275
AIKOC= 62.704914342612
AIHalfLife= 13.5843767882325
