ICQueenStrength= 3.11118028499186
RQWkrDrnRatio= 4.05603724718094
ICDroneMiteSurvivorship= 40.5489219352603
ICWorkerMiteSurvivorship= 21.8607633607462
ICForagerLifespan= 9.32530652172863
ImmType= Tangent
AIAdultSlope= 0.857265697000548
AIAdultLD50= 2.01610300806351
AIAdultSlopeContact= 2.45902831704123
AIAdultLD50Contact= 0.0434298440930434
AILarvaSlope= 2.70973777286708
AILarvaLD50= 0.615887240599841
AIKOW= 6.24474024493247
AIKOC= 26.1218640615698
AIHalfLife= 7.26913114869967
EAppRate= 0.523443492595106
