ICQueenStrength= 1.05281039397232
RQWkrDrnRatio= 2.93327336385846
ICDroneMiteSurvivorship= 82.3727865237743
ICWorkerMiteSurvivorship= 40.9239302622154
ICForagerLifespan= 5.4258175753057
ImmType= Polynomial
AIAdultSlope= 2.18543375432259
AIAdultLD50= 0.466673795133829
AIAdultSlopeContact= 1.19075380557915
AIAdultLD50Contact= 0.0192961651366204
AILarvaSlope= 0.160729824425653
AILarvaLD50= 0.734738955041394
AIKOW= 3.90271988138556
AIKOC= 10.9254684834741
AIHalfLife= 4.99296273803338
EAppRate= 0.502263450878672
