ICQueenStrength= 2.99953186698258
RQWkrDrnRatio= 4.59173820912838
