ICQueenStrength= 4.89472690992989
RQWkrDrnRatio= 1.0952773373574
ICDroneMiteSurvivorship= 13.2695054868236
ICWorkerMiteSurvivorship= 96.2958369636908
ICForagerLifespan= 8.40655218716711
ImmType= Sine
AIAdultSlope= 2.61447037133854
AIAdultLD50= 0.492383953533135
AIAdultSlopeContact= 2.51071502657142
AIAdultLD50Contact= 0.0125164488097653
AILarvaSlope= 0.436440502898768
AILarvaLD50= 0.454106837301515
AIKOW= 2.50210439506918
AIKOC= 17.3738782072905
AIHalfLife= 0.645181012805551
EAppRate= 0
