ICQueenStrength= 4.70092328870669
RQWkrDrnRatio= 2.70354951359332
ICDroneMiteSurvivorship= 42.9317498346791
ICWorkerMiteSurvivorship= 65.9227520460263
ICForagerLifespan= 4.67374955862761
ImmType= Cosine
AIAdultSlope= 2.60121080174111
AIAdultLD50= 0.110369396512397
AIAdultSlopeContact= 1.92554114623228
AIAdultLD50Contact= 0.0354836645186879
AILarvaSlope= 2.16593105928041
AILarvaLD50= 0.56224059748929
AIKOW= 7.81297256052494
AIKOC= 17.4614266678691
AIHalfLife= 2.48404114041477
EAppRate= 0.518439712701365
