ICQueenStrength= 4.01444942015223
RQWkrDrnRatio= 4.72938322089612
ICDroneMiteSurvivorship= 26.937521644868
ICWorkerMiteSurvivorship= 61.1952298087999
ICForagerLifespan= 12.4745169291273
ImmType= Polynomial
AIAdultSlope= 0.615473679956049
AIAdultLD50= 0.279683741158806
AIAdultSlopeContact= 3.58675650813617
AIAdultLD50Contact= 0.012096591561567
AILarvaSlope= 2.23506909036078
AILarvaLD50= 0.219410695089027
AIKOW= 4.38668601820245
AIKOC= 5.95658589270897
AIHalfLife= 1.18765737162903
EAppRate= 0.164674543263391
