ICQueenStrength= 2.35812188382261
RQWkrDrnRatio= 3.53714146930724
ICDroneMiteSurvivorship= 80.0604054471478
ICWorkerMiteSurvivorship= 82.5362071860582
ICForagerLifespan= 13.6008719252422
ImmType= Sine
AIAdultSlope= 0.662351123290136
AIAdultLD50= 0.797399885952473
AIAdultSlopeContact= 0.439825855814852
AIAdultLD50Contact= 0.0297200745088048
AILarvaSlope= 0.845993608189747
AILarvaLD50= 0.790737137733959
AIKOW= 7.10729149077088
AIKOC= 18.4106907411478
AIHalfLife= 11.5951849669218
EAppRate= 0.0800140295177698
