ICQueenStrength= 3.20252570230514
RQWkrDrnRatio= 2.84848118852824
ICDroneMiteSurvivorship= 1.3133907224983
ICWorkerMiteSurvivorship= 82.243826193735
ICForagerLifespan= 9.45194760710001
ImmType= Cosine
AIAdultSlope= 5.47824218869209
