ICQueenStrength= 5.73489783587866
RQWkrDrnRatio= 4.91057420521975
ICDroneMiteSurvivorship= 26.2142708292231
ICWorkerMiteSurvivorship= 17.5513266120106
ICForagerLifespan= 12.8202541768551
ImmType= Cosine
AIAdultLD50= 0.154012839635834
AIAdultSlopeContact= 0.848645732759032
AIAdultLD50Contact= 0.0160859370254911
AILarvaSlope= 0.136189944017679
AILarvaLD50= 0.740423830202781
AIKOW= 4.64687412697822
AIKOC= 12.8823801595718
AIHalfLife= 2.5209611854516
EAppRate= 0.201890270225704
