ICQueenStrength= 2.41855546971783
RQWkrDrnRatio= 1.02594057563692
ICDroneMiteSurvivorship= 86.468210676685
ICWorkerMiteSurvivorship= 51.4877456706017
ICForagerLifespan= 8.92932821903378
ImmType= Polynomial
AIAdultSlope= 4.01368577964604
AIAdultLD50= 0.254530498292297
AIAdultSlopeContact= 4.4880813988857
AIAdultLD50Contact= 0.00230614747852087
AILarvaSlope= 4.41179108805954
AILarvaLD50= 1.60106368223205
AIKOW= 64.1435849945992
AIKOC= 52.7708762791008
AIHalfLife= 11.5705868382938
EAppRate= 1.46767544467002
