ICQueenStrength= 4.37550285505131
RQWkrDrnRatio= 2.67030659504235
ICDroneMiteSurvivorship= 45.2907697763294
ICWorkerMiteSurvivorship= 33.9309246744961
ICForagerLifespan= 9.06368558946997
ImmType= Exponential
AIAdultSlope= 2.90072427173145
AIAdultLD50= 0.019261677749455
AIAdultSlopeContact= 2.14706660522148
AIAdultLD50Contact= 0.0183710491517559
AILarvaSlope= 0.766044453438371
AILarvaLD50= 0.401243735966273
AIKOW= 6.28400332992896
AIKOC= 8.78162034903653
AIHalfLife= 8.27133074216545
EAppRate= 0.512355866609141
