ICQueenStrength= 3.06384049495682
RQWkrDrnRatio= 4.48023197520524
ICDroneMiteSurvivorship= 38.5980528080836
ICWorkerMiteSurvivorship= 34.7782774129882
ICForagerLifespan= 13.1628214977682
ImmType= Tangent
AIAdultSlope= 3.85475085582584
AIAdultLD50= 0.487669431604445
AIAdultSlopeContact= 5.59571486432105
AIAdultLD50Contact= 0.0562173929996789
AILarvaSlope= 6.00383390439674
AILarvaLD50= 1.31853410042822
AIKOW= 27.5477386778221
AIKOC= 9.68874709215015
AIHalfLife= 4.64582617534325
EAppRate= 1.48886744258925
