ICQueenStrength= 2.75722909276374
RQWkrDrnRatio= 2.44729000888765
ICDroneMiteSurvivorship= 87.8059673588723
ICWorkerMiteSurvivorship= 46.0469232406467
ICForagerLifespan= 5.59746243152767
ImmType= Logarithmic
AIAdultSlope= 5.48078926512972
