ICQueenStrength= 3.38673664745875
RQWkrDrnRatio= 1.78074030578136
ICDroneMiteSurvivorship= 28.3300763694569
ICWorkerMiteSurvivorship= 57.6476656831801
ICForagerLifespan= 15.335344504565
ImmType= Exponential
AIAdultSlope= 3.9009457686916
