ICQueenStrength= 5.04575895983726
RQWkrDrnRatio= 4.57127507496625
ICDroneMiteSurvivorship= 41.2542713806033
ICWorkerMiteSurvivorship= 67.3203709069639
ICForagerLifespan= 14.481282427907
ImmType= Cosine
AIAdultSlopeContact= 2.28235788996331
AIAdultLD50Contact= 0.0175440194783732
AILarvaSlope= 1.98739045057446
AILarvaLD50= 0.871106275962666
AIKOW= 7.42713075038046
AIKOC= 24.2239470779896
AIHalfLife= 12.2304477998987
