ICQueenStrength= 3.99376863520592
RQWkrDrnRatio= 2.92924756743014
ICDroneMiteSurvivorship= 31.21517454274
ICWorkerMiteSurvivorship= 25.1938129309565
ICForagerLifespan= 10.1533841732889
ImmType= Tangent
AIAdultSlope= 1.0231910531153
AIAdultLD50= 0.193727063480765
AIAdultSlopeContact= 2.27509167913813
AIAdultLD50Contact= 0.0180395924253389
AILarvaSlope= 2.21901623979211
AILarvaLD50= 0.893674227967858
AIKOW= 3.79420078359544
AIKOC= 27.7837268786971
AIHalfLife= 3.94283946137875
EAppRate= 0
