ICQueenStrength= 2.40518376720138
RQWkrDrnRatio= 4.78824907075614
ICDroneMiteSurvivorship= 69.9300885433331
ICWorkerMiteSurvivorship= 58.717788127251
ICForagerLifespan= 10.3610158199444
ImmType= Polynomial
AIAdultSlope= 2.62705482218647
AIAdultLD50= 0.243760611861944
AIAdultSlopeContact= 0.482821143579204
AIAdultLD50Contact= 0.0439101780997589
AILarvaSlope= 0.689908971171826
AILarvaLD50= 0.764085511816666
AIKOW= 4.07772382721305
AIKOC= 29.2948544968385
AIHalfLife= 2.46084729675204
EAppRate= 0
