ICQueenStrength= 5.34282810194418
RQWkrDrnRatio= 3.23187331948429
ICDroneMiteSurvivorship= 79.2756024515256
ICWorkerMiteSurvivorship= 63.4784744586796
ICForagerLifespan= 15.0503226509318
ImmType= Cosine
AIAdultSlope= 1.12371251854347
AIAdultLD50= 0.444253469118848
AIAdultSlopeContact= 1.77486146010691
AIAdultLD50Contact= 0.0488817962934263
AILarvaSlope= 2.87937473496422
AILarvaLD50= 0.567858146270737
AIKOW= 4.19147310685366
AIKOC= 15.1956298341975
AIHalfLife= 3.54976546601392
EAppRate= 0
