ICQueenStrength= 5.90788624156266
RQWkrDrnRatio= 2.90887909941375
ICDroneMiteSurvivorship= 4.53273847233504
ICWorkerMiteSurvivorship= 64.5307983737439
ICForagerLifespan= 9.43427454587072
ImmType= Logarithmic
AIAdultSlope= 2.7298508156091
AIAdultLD50= 2.45621090359055
AIAdultSlopeContact= 0.109376975779887
AIAdultLD50Contact= 0.0073392191901803
AILarvaSlope= 1.93006890430115
AILarvaLD50= 0.632374598155729
AIKOW= 4.10740086762235
AIKOC= 29.1671108116861
AIHalfLife= 11.2105228099972
EAppRate= 0.977961162570864
