ICQueenStrength= 5.98498489032499
RQWkrDrnRatio= 3.86790363490582
ICDroneMiteSurvivorship= 84.9533072905615
ICWorkerMiteSurvivorship= 93.9347270876169
ICForagerLifespan= 4.34676406439394
ImmType= Tangent
AIAdultSlope= 2.43872627564706
AIAdultLD50= 0.482561011100188
AIAdultSlopeContact= 0.431106579790357
AIAdultLD50Contact= 0.0325994212762453
AILarvaSlope= 3.37315918868408
AILarvaLD50= 0.810302033205517
AIKOW= 2.21004337025806
AIKOC= 12.5644050783012
AIHalfLife= 4.55017625819892
EAppRate= 0.53398194538895
