ICQueenStrength= 3.87753114011139
RQWkrDrnRatio= 2.58557548746467
ICDroneMiteSurvivorship= 92.2767572570592
ICWorkerMiteSurvivorship= 66.2049187114462
ICForagerLifespan= 9.08384992275387
ImmType= Polynomial
AIAdultSlope= 1.22615406359546
AIAdultLD50= 1.13984806509688
AIAdultSlopeContact= 3.79655699597904
AIAdultLD50Contact= 0.0390334153198637
AILarvaSlope= 3.1095588340424
AILarvaLD50= 0.5572151446715
AIKOW= 7.11670398665592
AIKOC= 26.9413888466079
AIHalfLife= 0.296800930052996
EAppRate= 0.353938380721956
