ICQueenStrength= 3.02238599071279
RQWkrDrnRatio= 4.830153523013
ICDroneMiteSurvivorship= 28.9487945847213
ICWorkerMiteSurvivorship= 97.3219031700864
ICForagerLifespan= 12.0856467485428
ImmType= Polynomial
AIAdultSlope= 2.31932971780188
AIAdultLD50= 2.64380515320227
AIAdultSlopeContact= 3.25682614956982
AIAdultLD50Contact= 0.0429396717110649
AILarvaSlope= 2.93175805197097
AILarvaLD50= 0.571214040275663
AIKOW= 6.37475391756743
AIKOC= 29.8049476300366
AIHalfLife= 0.652360274922103
EAppRate= 0.334899487672374
