ICQueenStrength= 3.53689278382808
RQWkrDrnRatio= 1.36106503941119
ICDroneMiteSurvivorship= 68.4330822201446
ICWorkerMiteSurvivorship= 11.8876501685008
ICForagerLifespan= 15.2872507199645
ImmType= Exponential
AIAdultSlope= 0.379611396742985
AIAdultLD50= 2.29051324096508
AIAdultSlopeContact= 3.67910914238077
AIAdultLD50Contact= 0.0426247881609015
AILarvaSlope= 0.189506112551317
AILarvaLD50= 0.803541283775121
AIKOW= 3.3543176013045
AIKOC= 9.57932504359633
AIHalfLife= 11.2663487289101
EAppRate= 0.785570058971643
