ICQueenStrength= 4.19904291653074
RQWkrDrnRatio= 4.03092583734542
ICDroneMiteSurvivorship= 44.1506056347862
ICWorkerMiteSurvivorship= 96.0240461165085
ICForagerLifespan= 6.46803070511669
ImmType= Logarithmic
AIAdultSlopeContact= 4.7397778253071
AIAdultLD50Contact= 0.177014675177634
AILarvaSlope= 5.61730762943625
AILarvaLD50= 1.6320859324187
AIKOW= 39.2487132921815
AIKOC= 78.9003523532301
AIHalfLife= 6.67342363018543
