ICQueenStrength= 4.62503857119009
RQWkrDrnRatio= 1.38110599946231
ICDroneMiteSurvivorship= 18.2512616040185
ICWorkerMiteSurvivorship= 98.5214863903821
ICForagerLifespan= 9.55730210617185
ImmType= Cosine
AIAdultSlope= 1.69251881497912
AIAdultLD50= 2.79266987694427
AIAdultSlopeContact= 0.601990435381886
AIAdultLD50Contact= 0.00185860483907163
AILarvaSlope= 1.65333038019016
AILarvaLD50= 0.863213452859782
AIKOW= 2.53789132321253
AIKOC= 16.363286228152
AIHalfLife= 9.97701132344082
EAppRate= 0.622233330504969
