ICQueenStrength= 4.86161196161993
RQWkrDrnRatio= 1.40191177465022
ICDroneMiteSurvivorship= 75.8781968615949
ICWorkerMiteSurvivorship= 24.3664240464568
ICForagerLifespan= 10.8481369288638
ImmType= Cosine
AIAdultSlope= 7.79905536212027
