ICQueenStrength= 3.0370450313203
RQWkrDrnRatio= 1.27919895295054
ICDroneMiteSurvivorship= 42.5147617934272
ICWorkerMiteSurvivorship= 86.3840881502256
ICForagerLifespan= 11.1439679786563
ImmType= Tangent
AIAdultSlope= 3.10647895221133
AIAdultLD50= 0.188065983704291
AIAdultSlopeContact= 3.81059986400418
AIAdultLD50Contact= 0.0278213265002705
AILarvaSlope= 1.37527525047772
AILarvaLD50= 0.374456146149896
AIKOW= 4.12267349986359
AIKOC= 7.89062461233698
AIHalfLife= 4.09191520418972
EAppRate= 0
