ICQueenStrength= 3.27101800264791
RQWkrDrnRatio= 1.90705254860222
ICDroneMiteSurvivorship= 47.3401663126424
ICWorkerMiteSurvivorship= 62.5788785284385
ICForagerLifespan= 7.37222635000944
ImmType= Logarithmic
AIAdultSlope= 3.15150953773409
AIAdultLD50= 2.1619812680874
AIAdultSlopeContact= 3.44001004994614
AIAdultLD50Contact= 0.0284423764329404
AILarvaSlope= 1.03943926463835
AILarvaLD50= 0.890425515873358
AIKOW= 4.56237418018281
AIKOC= 5.28882977203466
AIHalfLife= 5.16564763663337
EAppRate= 0.992235801881179
