ICQueenStrength= 5.242247287184
RQWkrDrnRatio= 2.2016131374985
ICDroneMiteSurvivorship= 16.6055197129026
ICWorkerMiteSurvivorship= 15.2997236931697
ICForagerLifespan= 9.88492455799133
ImmType= Exponential
AIAdultSlope= 2.9998966028681
AIAdultLD50= 0.400306124705821
AIAdultSlopeContact= 1.72273728105705
AIAdultLD50Contact= 0.0484262389945798
AILarvaSlope= 2.88999843844213
AILarvaLD50= 0.766934436676093
AIKOW= 4.10806478559971
AIKOC= 25.8668839477468
AIHalfLife= 1.87015904346481
EAppRate= 0.193463654001243
