ICQueenStrength= 4.76248014974408
RQWkrDrnRatio= 2.39424185547978
ICDroneMiteSurvivorship= 28.9800524245948
ICWorkerMiteSurvivorship= 15.9437053604051
ICForagerLifespan= 8.39009765908122
ImmType= Sine
AIAdultLD50= 0.154012839635834
AIAdultSlopeContact= 2.30417222791817
AIAdultLD50Contact= 0.019301095418632
AILarvaSlope= 0.206841145735234
AILarvaLD50= 0.707596312626265
AIKOW= 3.36625349149108
AIKOC= 22.5640245026443
AIHalfLife= 13.6768640186638
EAppRate= 0.73939998773858
