ICQueenStrength= 1.76283582136966
RQWkrDrnRatio= 1.66374367196113
ICDroneMiteSurvivorship= 91.822468303144
ICWorkerMiteSurvivorship= 24.9757096869871
ICForagerLifespan= 7.92963415384293
ImmType= Cosine
AIAdultSlope= 3.43870643843198
AIAdultLD50= 0.358924788888544
AIAdultSlopeContact= 3.19182143240701
AIAdultLD50Contact= 0.0117463148199022
AILarvaSlope= 1.96767841377296
AILarvaLD50= 0.419268102385104
AIKOW= 5.23802775377408
AIKOC= 9.45610351162031
AIHalfLife= 1.02143667638302
EAppRate= 0.0132309461245313
