ICQueenStrength= 4.94174491986632
RQWkrDrnRatio= 4.12746507767588
ICDroneMiteSurvivorship= 32.2267451090738
ICWorkerMiteSurvivorship= 79.1451356839389
ICForagerLifespan= 14.9713510163128
ImmType= Polynomial
AIAdultSlopeContact= 5.85229128831998
AIAdultLD50Contact= 0.153479244373739
AILarvaSlope= 1.36068362742662
AILarvaLD50= 0.98400246957317
AIKOW= 69.0737023949623
AIKOC= 24.265547003597
AIHalfLife= 2.14933603210375
