ICQueenStrength= 5.970208943123
RQWkrDrnRatio= 1.56950152944773
ICDroneMiteSurvivorship= 93.3089619502425
ICWorkerMiteSurvivorship= 52.055672253482
ICForagerLifespan= 6.83064856659621
ImmType= Logarithmic
AIAdultSlope= 1.30852618953213
AIAdultLD50= 0.117510486859828
AIAdultSlopeContact= 8.83224165067077
AIAdultLD50Contact= 0.0868267533369362
AILarvaSlope= 2.283397144638
AILarvaLD50= 1.32369640748948
AIKOW= 60.9951186226681
AIKOC= 19.353181309998
AIHalfLife= 11.5084774661809
EAppRate= 1.01006754208356
