ICQueenStrength= 3.68747050082311
RQWkrDrnRatio= 2.44400290306658
ICDroneMiteSurvivorship= 88.9455613680184
ICWorkerMiteSurvivorship= 97.2433982649818
ICForagerLifespan= 12.2288899421692
ImmType= Polynomial
AIAdultSlope= 2.96169868707657
AIAdultLD50= 0.21831463300623
AIAdultSlopeContact= 2.28272988124983
AIAdultLD50Contact= 0.042470560350921
AILarvaSlope= 2.53079359573312
AILarvaLD50= 0.524386938731186
AIKOW= 3.38302002893761
AIKOC= 8.51949537289329
AIHalfLife= 13.0186998927966
EAppRate= 0.639391457661986
