ICQueenStrength= 4.84140635188669
RQWkrDrnRatio= 2.33767153322697
