ICQueenStrength= 5.45772150531411
RQWkrDrnRatio= 2.89271618425846
ICDroneMiteSurvivorship= 93.7449203338474
ICWorkerMiteSurvivorship= 66.449584113434
ICForagerLifespan= 15.2484053792432
ImmType= Logarithmic
AIAdultSlope= 1.68739338479936
AIAdultSlopeContact= 2.90158977472689
AIAdultLD50Contact= 0.0168562625418417
AILarvaSlope= 2.23230767482892
AILarvaLD50= 0.708811075030826
AIKOW= 6.65008162381127
AIKOC= 5.02532479120418
AIHalfLife= 5.32969872793183
