ICQueenStrength= 5.71596794319339
RQWkrDrnRatio= 3.99627009220421
ICDroneMiteSurvivorship= 31.9950051605701
ICWorkerMiteSurvivorship= 31.0595154995099
ICForagerLifespan= 13.8762056063861
ImmType= Tangent
AIAdultSlopeContact= 2.56320262129884
AIAdultLD50Contact= 0.0100540328887291
AILarvaSlope= 1.05223693042062
AILarvaLD50= 0.349931015144102
AIKOW= 6.85810011904687
AIKOC= 28.7500198883936
AIHalfLife= 11.8028760952875
