ICQueenStrength= 3.05899229156785
RQWkrDrnRatio= 4.32587646320462
ICDroneMiteSurvivorship= 41.0770586458966
ICWorkerMiteSurvivorship= 39.0948623418808
ICForagerLifespan= 10.0418770806864
ImmType= Cosine
AIAdultSlope= 1.94209405453876
