ICQueenStrength= 4.66732587688603
RQWkrDrnRatio= 3.08403033390641
ICDroneMiteSurvivorship= 89.9699331726879
ICWorkerMiteSurvivorship= 48.0549422092736
ICForagerLifespan= 9.56943764071912
ImmType= Tangent
AIAdultSlopeContact= 0.625488626912702
AIAdultLD50Contact= 0.018894705735147
AILarvaSlope= 0.797778319986537
AILarvaLD50= 0.517065218905918
AIKOW= 6.45736950496212
AIKOC= 10.7359178375918
AIHalfLife= 7.03466461924836
