ICQueenStrength= 1.77856921474449
RQWkrDrnRatio= 1.06778788100928
ICDroneMiteSurvivorship= 88.4221791056916
ICWorkerMiteSurvivorship= 41.3386163767427
ICForagerLifespan= 8.42122858390212
ImmType= Tangent
AIAdultSlope= 0.267702030297369
AIAdultLD50= 0.518526775762439
AIAdultSlopeContact= 1.87789355858462
AIAdultLD50Contact= 0.0276132218888961
AILarvaSlope= 2.10012305392884
AILarvaLD50= 0.24284192842897
AIKOW= 7.69785462506115
AIKOC= 8.26974754570983
AIHalfLife= 11.3595546553843
EAppRate= 0.559790837811306
