ICQueenStrength= 5.68064068001695
RQWkrDrnRatio= 3.00575703941286
ICDroneMiteSurvivorship= 41.3748802384362
ICWorkerMiteSurvivorship= 38.4115611203015
ICForagerLifespan= 14.1660125348717
ImmType= Exponential
AIAdultSlopeContact= 0.406282623088919
AIAdultLD50Contact= 0.0222272970364429
AILarvaSlope= 0.260756110679358
AILarvaLD50= 0.252341886330396
AIKOW= 4.08170012524351
AIKOC= 23.9736876694951
AIHalfLife= 7.31959487684071
