ICQueenStrength= 4.22434381581843
RQWkrDrnRatio= 1.60780394170433
ICDroneMiteSurvivorship= 40.2295781765133
ICWorkerMiteSurvivorship= 38.8676236383617
ICForagerLifespan= 12.3524403152987
ImmType= Exponential
AIAdultSlope= 5.02402316546068
AIAdultLD50= 0.543533276068047
AIAdultSlopeContact= 3.09427813161165
AIAdultLD50Contact= 0.108296341076493
AILarvaSlope= 4.08299154834822
AILarvaLD50= 1.66336768725887
AIKOW= 2.82420059666038
AIKOC= 56.1757222982123
AIHalfLife= 9.27011565258726
EAppRate= 1.42484195251018
