ICQueenStrength= 5.76840294082649
RQWkrDrnRatio= 2.02280045766383
ICDroneMiteSurvivorship= 41.2172836950049
ICWorkerMiteSurvivorship= 15.8507492626086
ICForagerLifespan= 10.5684084957466
ImmType= Polynomial
AIAdultSlopeContact= 1.24959384120069
AIAdultLD50Contact= 0.0200637131929398
AILarvaSlope= 1.83296698071063
AILarvaLD50= 0.49550267031882
AIKOW= 3.373382427264
AIKOC= 6.47298430674709
AIHalfLife= 0.208115766756237
