ICQueenStrength= 1.81671174964868
RQWkrDrnRatio= 1.05117731634527
ICDroneMiteSurvivorship= 98.3817243250087
ICWorkerMiteSurvivorship= 83.6031803162768
ICForagerLifespan= 6.04346228670329
ImmType= Cosine
AIAdultSlope= 0.59301605878165
AIAdultLD50= 0.308324278797954
AIAdultSlopeContact= 3.12710191829363
AIAdultLD50Contact= 0.0417063451488502
AILarvaSlope= 2.7979275834281
AILarvaLD50= 0.352637360896915
AIKOW= 4.29807428270578
AIKOC= 29.7229800035711
AIHalfLife= 4.35802150284871
EAppRate= 7.38424947485328e-05
