ICQueenStrength= 5.09123539691791
RQWkrDrnRatio= 2.25793097075075
ICDroneMiteSurvivorship= 38.361222599633
ICWorkerMiteSurvivorship= 8.68878257460892
ICForagerLifespan= 14.2201548963785
ImmType= Logarithmic
AIAdultSlope= 1.0270796623081
AIAdultLD50= 1.90488841524348
AIAdultSlopeContact= 0.995199769546743
AIAdultLD50Contact= 0.0441271253512241
AILarvaSlope= 1.58012686572038
AILarvaLD50= 0.720511617790908
AIKOW= 3.95880140736699
AIKOC= 19.6752778848168
AIHalfLife= 9.79259999934584
EAppRate= 0.22714076959528
