ICQueenStrength= 2.52214399818331
RQWkrDrnRatio= 1.02600867114961
