ICQueenStrength= 4.64842277718708
RQWkrDrnRatio= 4.90362744685262
ICDroneMiteSurvivorship= 14.5989932119846
ICWorkerMiteSurvivorship= 11.3338733324781
ICForagerLifespan= 8.58078340813518
ImmType= Polynomial
AIAdultSlopeContact= 3.22781405651243
AIAdultLD50Contact= 0.00256788344122469
AILarvaSlope= 2.16134213656187
AILarvaLD50= 0.350764908269048
AIKOW= 3.38933683931828
AIKOC= 14.580095479032
AIHalfLife= 9.46473274473101
