ICQueenStrength= 3.43089310708456
RQWkrDrnRatio= 2.04366272501647
ICDroneMiteSurvivorship= 67.9767373017967
ICWorkerMiteSurvivorship= 29.8808244755492
ICForagerLifespan= 7.69168425258249
ImmType= Polynomial
AIAdultSlope= 1.3912447089795
AIAdultLD50= 0.733894906472415
AIAdultSlopeContact= 2.37533381414367
AIAdultLD50Contact= 2.02591880224645e-05
AILarvaSlope= 1.39274471490644
AILarvaLD50= 0.767582492739894
AIKOW= 5.47866995446384
AIKOC= 25.4073435335886
AIHalfLife= 9.22809923021123
EAppRate= 0.996059648459777
