ICQueenStrength= 4.94459342467599
RQWkrDrnRatio= 3.32893653493375
ICDroneMiteSurvivorship= 13.2490430027246
ICWorkerMiteSurvivorship= 73.010600102134
ICForagerLifespan= 12.694142752327
ImmType= Tangent
AIAdultSlope= 0.250664708416443
AIAdultLD50= 0.45542828750331
AIAdultSlopeContact= 2.02885023999028
AIAdultLD50Contact= 0.0060387586359866
AILarvaSlope= 2.23452743734233
AILarvaLD50= 0.525041098077782
AIKOW= 5.52427208283916
AIKOC= 6.65509571670555
AIHalfLife= 2.94788301805966
EAppRate= 0.164234106754884
