ICQueenStrength= 4.98255064850673
RQWkrDrnRatio= 3.51715676765889
ICDroneMiteSurvivorship= 94.8522004764527
ICWorkerMiteSurvivorship= 91.359387896955
ICForagerLifespan= 8.10124211572111
ImmType= Polynomial
AIAdultSlope= 6.98299119481817
