ICQueenStrength= 2.19545942172408
RQWkrDrnRatio= 3.88515276741236
ICDroneMiteSurvivorship= 80.174402310513
ICWorkerMiteSurvivorship= 46.0538075771183
ICForagerLifespan= 6.67482288461179
ImmType= Sine
AIAdultSlope= 9.8711698804982
