ICQueenStrength= 1.95626177033409
RQWkrDrnRatio= 4.70667579583824
ICDroneMiteSurvivorship= 55.0862624309957
ICWorkerMiteSurvivorship= 19.7192513849586
ICForagerLifespan= 10.5724931228906
ImmType= Exponential
AIAdultSlope= 0.698784953681752
AIAdultLD50= 2.68485079938546
AIAdultSlopeContact= 2.33290565028554
AIAdultLD50Contact= 0.0438522701268084
AILarvaSlope= 0.794835775298998
AILarvaLD50= 0.536375317303464
AIKOW= 5.1230777609162
AIKOC= 11.6514566831756
AIHalfLife= 2.32812567939982
EAppRate= 0.789347981568426
