ICQueenStrength= 1.14503424055874
RQWkrDrnRatio= 1.26796914450824
ICDroneMiteSurvivorship= 73.4920166665688
ICWorkerMiteSurvivorship= 94.554329640232
ICForagerLifespan= 4.04078016057611
ImmType= Polynomial
AIAdultSlope= 0.399532039975747
AIAdultLD50= 0.981519680237398
AIAdultSlopeContact= 1.05571648586774
AIAdultLD50Contact= 0.00280675864778459
AILarvaSlope= 2.07624438554049
AILarvaLD50= 0.379398746998049
AIKOW= 7.62441014312208
AIKOC= 18.3734439441469
AIHalfLife= 3.89944119099528
EAppRate= 0.0421799817122519
