ICQueenStrength= 4.35268402565271
RQWkrDrnRatio= 4.55583745893091
