ICQueenStrength= 4.29882162506692
RQWkrDrnRatio= 1.47572290338576
ICDroneMiteSurvivorship= 71.8279095366597
ICWorkerMiteSurvivorship= 67.3324902541935
ICForagerLifespan= 8.34694853518158
ImmType= Logarithmic
AIAdultSlope= 9.51469314517453
