ICQueenStrength= 2.87965668737888
RQWkrDrnRatio= 2.48529113270342
ICDroneMiteSurvivorship= 34.4976072432473
ICWorkerMiteSurvivorship= 84.9950121715665
ICForagerLifespan= 14.6859957361594
ImmType= Cosine
AIAdultLD50= 0.154012839635834
AIAdultSlopeContact= 2.21997395923594
AIAdultLD50Contact= 0.0300073566148058
AILarvaSlope= 2.12530405651778
AILarvaLD50= 0.419035058026202
AIKOW= 2.94319672137499
AIKOC= 5.16845315112732
AIHalfLife= 1.2064377120696
EAppRate= 0.790283415932208
