ICQueenStrength= 3.90583702735603
RQWkrDrnRatio= 2.0574913257733
ICDroneMiteSurvivorship= 51.1021114420146
ICWorkerMiteSurvivorship= 41.4452800760046
ICForagerLifespan= 5.08292681351304
ImmType= Cosine
AIAdultSlope= 3.67009708192199
