ICQueenStrength= 4.92446927912533
RQWkrDrnRatio= 1.13322443515062
