ICQueenStrength= 4.88351362780668
RQWkrDrnRatio= 1.79843511525542
ICDroneMiteSurvivorship= 70.4918734030798
ICWorkerMiteSurvivorship= 70.3146022278816
ICForagerLifespan= 7.74854625109583
ImmType= Exponential
AIAdultSlopeContact= 0.64708160032751
AIAdultLD50Contact= 0.0226451235939749
AILarvaSlope= 0.572093224618584
AILarvaLD50= 0.213525603082962
AIKOW= 7.0167217287235
AIKOC= 15.1856911671348
AIHalfLife= 13.1015585605055
