ICQueenStrength= 3.54043127293698
RQWkrDrnRatio= 1.80987164471298
ICDroneMiteSurvivorship= 58.3365622675046
ICWorkerMiteSurvivorship= 88.9204965904355
ICForagerLifespan= 9.52530995197594
ImmType= Cosine
AIAdultSlope= 0.467571710702032
AIAdultSlopeContact= 2.04477098154137
AIAdultLD50Contact= 0.0171106820111163
AILarvaSlope= 0.281765473075211
AILarvaLD50= 0.386213407991454
AIKOW= 3.25437740935013
AIKOC= 23.1726638809778
AIHalfLife= 9.90127395745367
