ICQueenStrength= 5.09599097678438
RQWkrDrnRatio= 4.66308781318367
ICDroneMiteSurvivorship= 39.7110631223768
ICWorkerMiteSurvivorship= 11.3219801103696
ICForagerLifespan= 4.74945538304746
ImmType= Cosine
AIAdultSlope= 3.55645495001227
