ICQueenStrength= 1.33651382662356
RQWkrDrnRatio= 2.70796537026763
ICDroneMiteSurvivorship= 82.4908080277964
ICWorkerMiteSurvivorship= 2.85654000472277
ICForagerLifespan= 11.5635054586455
ImmType= Tangent
AIAdultSlopeContact= 0.744336039656773
AIAdultLD50Contact= 0.0319745889282785
AILarvaSlope= 1.37273049456999
AILarvaLD50= 0.0441035156836733
AIKOW= 2.69199567800388
AIKOC= 29.230383959366
AIHalfLife= 11.2283256063238
