ICQueenStrength= 4.6229756125249
RQWkrDrnRatio= 1.51675420813262
ICDroneMiteSurvivorship= 21.9776637852192
ICWorkerMiteSurvivorship= 41.183747490868
ICForagerLifespan= 8.2078737039119
ImmType= Cosine
AIAdultSlope= 8.2786538824439
