ICQueenStrength= 5.8292314435821
RQWkrDrnRatio= 1.6912115206942
ICDroneMiteSurvivorship= 76.1346453800797
ICWorkerMiteSurvivorship= 94.9011190095916
ICForagerLifespan= 15.1037552300841
ImmType= Sine
AIAdultSlope= 4.17661562794819
