ICQueenStrength= 3.54458357696421
RQWkrDrnRatio= 3.85623268876225
ICDroneMiteSurvivorship= 62.5995352398604
ICWorkerMiteSurvivorship= 12.324447161518
ICForagerLifespan= 5.41105666384101
ImmType= Polynomial
AIAdultSlope= 3.04775855969405
AIAdultLD50= 0.431695373728871
AIAdultSlopeContact= 3.16463126645191
AIAdultLD50Contact= 0.00627879750682041
AILarvaSlope= 0.837632502801716
AILarvaLD50= 0.697732880199328
AIKOW= 2.47829115949571
AIKOC= 9.60218610242009
AIHalfLife= 2.41103235748596
EAppRate= 0.369602090842091
