ICQueenStrength= 4.30657122074626
RQWkrDrnRatio= 1.91042257472873
ICDroneMiteSurvivorship= 21.2402252014726
ICWorkerMiteSurvivorship= 14.1136709135026
ICForagerLifespan= 8.71021945308894
ImmType= Exponential
AIAdultSlopeContact= 2.62442116044229
AIAdultLD50Contact= 0.0316623275750317
AILarvaSlope= 1.82254861663096
AILarvaLD50= 0.369515453651547
AIKOW= 4.23428112082183
AIKOC= 8.86628588312306
AIHalfLife= 8.94536767713726
