ICQueenStrength= 5.32225272059441
RQWkrDrnRatio= 1.24083805363625
ICDroneMiteSurvivorship= 86.9569134432822
ICWorkerMiteSurvivorship= 31.5180594101548
ICForagerLifespan= 7.24300717003644
ImmType= Tangent
AIAdultSlope= 0.112341814115643
AIAdultLD50= 2.67961938399822
AIAdultSlopeContact= 0.520887186506298
AIAdultLD50Contact= 0.0366242577438243
AILarvaSlope= 3.28587682405487
AILarvaLD50= 0.444285460864194
AIKOW= 6.35384545149282
AIKOC= 5.99406348308548
AIHalfLife= 6.15961903333664
EAppRate= 0.115555572789162
