ICQueenStrength= 4.85358237545006
RQWkrDrnRatio= 2.18285388685763
ICDroneMiteSurvivorship= 48.0126062175259
ICWorkerMiteSurvivorship= 29.2401962215081
ICForagerLifespan= 9.51005575433373
ImmType= Polynomial
AIAdultLD50= 0.154012839635834
AIAdultSlopeContact= 0.393446951368824
AIAdultLD50Contact= 0.0231970962253399
AILarvaSlope= 2.37888173330575
AILarvaLD50= 0.55968354747165
AIKOW= 6.8377825031057
AIKOC= 14.4663305033464
AIHalfLife= 4.77754394058138
EAppRate= 1.99590528849512
