ICQueenStrength= 2.93890896858647
RQWkrDrnRatio= 3.42728427797556
ICDroneMiteSurvivorship= 90.3504349291325
ICWorkerMiteSurvivorship= 95.3075551660731
ICForagerLifespan= 10.0045095253736
ImmType= Polynomial
AIAdultSlope= 7.2152521670796
AIAdultLD50= 0.514564427547157
AIAdultSlopeContact= 1.73501380952075
AIAdultLD50Contact= 0.085651590116322
AILarvaSlope= 6.06766554061323
AILarvaLD50= 0.00731511740013957
AIKOW= 90.2383989887312
AIKOC= 36.2812261097133
AIHalfLife= 2.44864637125283
EAppRate= 1.5711606121622
