ICQueenStrength= 2.87728366232477
RQWkrDrnRatio= 2.5282272817567
ICDroneMiteSurvivorship= 7.58250404614955
ICWorkerMiteSurvivorship= 92.4200689652935
ICForagerLifespan= 6.93967519141734
ImmType= Tangent
AIAdultSlope= 2.65690117608756
