ICQueenStrength= 5.06488315435126
RQWkrDrnRatio= 1.48864644113928
ICDroneMiteSurvivorship= 3.23687901254743
ICWorkerMiteSurvivorship= 23.3048920752481
ICForagerLifespan= 10.4683451289311
ImmType= Sine
AIAdultLD50= 0.154012839635834
AIAdultSlopeContact= 1.02840602165088
AIAdultLD50Contact= 0.0276747374329716
AILarvaSlope= 1.23655848717317
AILarvaLD50= 0.657388125685975
AIKOW= 5.78818458551541
AIKOC= 5.43291304609738
AIHalfLife= 5.80767308175564
EAppRate= 1.07282135216519
