ICQueenStrength= 5.35210117022507
RQWkrDrnRatio= 4.60275383014232
ICDroneMiteSurvivorship= 44.1311245318502
ICWorkerMiteSurvivorship= 19.4910306250677
ICForagerLifespan= 7.18314021453261
ImmType= Sine
AIAdultSlopeContact= 5.99652210250497
AIAdultLD50Contact= 0.136134835006669
AILarvaSlope= 0.632735097315162
AILarvaLD50= 1.26820543082431
AIKOW= 88.7892583850771
AIKOC= 32.8912338707596
AIHalfLife= 3.62665060674772
