ICQueenStrength= 3.86853665369563
RQWkrDrnRatio= 3.73426566459239
ICDroneMiteSurvivorship= 58.1936177797616
ICWorkerMiteSurvivorship= 82.2951289126649
ICForagerLifespan= 13.9191025272012
ImmType= Polynomial
AIAdultSlope= 1.44005628601648
AIAdultLD50= 0.264856258057989
AIAdultSlopeContact= 2.35970401467523
AIAdultLD50Contact= 0.034005529654678
AILarvaSlope= 3.24602857446298
AILarvaLD50= 0.742709112516604
AIKOW= 4.94311118777841
AIKOC= 28.0302669282537
AIHalfLife= 1.9006512966007
EAppRate= 0.528155830362812
