ICQueenStrength= 2.65884405141696
RQWkrDrnRatio= 2.61591365281492
ICDroneMiteSurvivorship= 13.9390195487067
ICWorkerMiteSurvivorship= 8.00394089892507
ICForagerLifespan= 13.2468144092709
ImmType= Logarithmic
AIAdultSlopeContact= 2.12899299105629
AIAdultLD50Contact= 0.00983665669336915
AILarvaSlope= 0.541612741071731
AILarvaLD50= 0.390308774076402
AIKOW= 59.5941791543737
AIKOC= 57.5000016251579
AIHalfLife= 6.79037285735831
