ICQueenStrength= 5.81870502000675
RQWkrDrnRatio= 1.8767226357013
ICDroneMiteSurvivorship= 46.3146588299423
ICWorkerMiteSurvivorship= 88.1318506319076
ICForagerLifespan= 10.307655358687
ImmType= Logarithmic
AIAdultSlope= 0.407866000570357
AIAdultLD50= 2.67091177823022
AIAdultSlopeContact= 1.17814181158086
AIAdultLD50Contact= 0.0113512755604461
AILarvaSlope= 0.418875599466264
AILarvaLD50= 0.234673515893519
AIKOW= 7.85377240600064
AIKOC= 19.2390106513631
AIHalfLife= 2.66605419944972
EAppRate= 0.742595335934311
