ICQueenStrength= 2.0852803348098
RQWkrDrnRatio= 3.40207274537534
ICDroneMiteSurvivorship= 51.2006502831355
ICWorkerMiteSurvivorship= 23.4363743802533
ICForagerLifespan= 8.02264856360853
ImmType= Polynomial
AIAdultSlope= 3.63022294289432
AIAdultLD50= 0.165717546944506
AIAdultSlopeContact= 2.49729551710887
AIAdultLD50Contact= 0.0311887704418041
AILarvaSlope= 0.344674882339314
AILarvaLD50= 0.60061464398168
AIKOW= 5.05772724281996
AIKOC= 25.8294899144676
AIHalfLife= 4.81083269813098
EAppRate= 0
