ICQueenStrength= 5.34886016650125
RQWkrDrnRatio= 2.92517606727779
ICDroneMiteSurvivorship= 51.7198746325448
ICWorkerMiteSurvivorship= 4.18653413653374
ICForagerLifespan= 14.5273077320307
ImmType= Logarithmic
AIAdultSlope= 2.79714528480079
AIAdultLD50= 0.295597235439345
AIAdultSlopeContact= 0.0774888447322883
AIAdultLD50Contact= 0.0498400706215762
AILarvaSlope= 0.968750672927126
AILarvaLD50= 0.353751572105102
AIKOW= 6.0732138431631
AIKOC= 20.0169506669044
AIHalfLife= 0.0646896462421864
EAppRate= 0.526097315642983
