ICQueenStrength= 3.06740946159698
RQWkrDrnRatio= 3.80497506819665
ICDroneMiteSurvivorship= 72.5004827836528
ICWorkerMiteSurvivorship= 46.6569463722408
ICForagerLifespan= 15.6515512512997
ImmType= Tangent
AIAdultSlope= 5.43363739037886
AIAdultSlopeContact= 3.7868728954345
AIAdultLD50Contact= 0.199068988254294
AILarvaSlope= 3.75959214987233
AILarvaLD50= 0.659780718851835
AIKOW= 35.3152433177456
AIKOC= 72.914230893366
AIHalfLife= 9.8352581448853
EAppRate= 1.95890496578068
