ICQueenStrength= 2.0181881217286
RQWkrDrnRatio= 3.93120937421918
