ICQueenStrength= 3.57166898460127
RQWkrDrnRatio= 2.34118625335395
ICDroneMiteSurvivorship= 53.4851963631809
ICWorkerMiteSurvivorship= 24.7084174538031
ICForagerLifespan= 13.8881124714389
ImmType= Cosine
AIAdultSlope= 2.77231174687855
AIAdultLD50= 0.156004963442683
AIAdultSlopeContact= 3.77647508384194
AIAdultLD50Contact= 0.00705134370364249
AILarvaSlope= 2.48099413770251
AILarvaLD50= 0.72648691018112
AIKOW= 3.34916068427265
AIKOC= 25.5450999317691
AIHalfLife= 0.841271231183782
EAppRate= 0
