ICQueenStrength= 4.90527631738223
RQWkrDrnRatio= 1.84932014532387
ICDroneMiteSurvivorship= 8.1836202647537
ICWorkerMiteSurvivorship= 54.5345799531788
ICForagerLifespan= 9.45574653707445
ImmType= Exponential
AIAdultSlopeContact= 0.539030774028506
AIAdultLD50Contact= 0.0366611694917083
AILarvaSlope= 2.30625450066291
AILarvaLD50= 0.84390348312445
AIKOW= 5.77498894138262
AIKOC= 28.0461868806742
AIHalfLife= 6.51626926846802
