ICQueenStrength= 1.81554015283473
RQWkrDrnRatio= 1.79063840582967
ICDroneMiteSurvivorship= 88.0606211721897
ICWorkerMiteSurvivorship= 4.19767012353987
ICForagerLifespan= 11.66871811077
ImmType= Polynomial
AIAdultSlopeContact= 3.4094432617561
AIAdultLD50Contact= 0.013019156025257
AILarvaSlope= 1.77610241770744
AILarvaLD50= 0.666002270858735
AIKOW= 6.17666189093143
AIKOC= 10.0932351092342
AIHalfLife= 1.17200152762234
