ICQueenStrength= 2.22286762809381
RQWkrDrnRatio= 1.31280367262661
ICDroneMiteSurvivorship= 43.5841361992061
ICWorkerMiteSurvivorship= 2.80478382483125
ICForagerLifespan= 4.08981633093208
ImmType= Cosine
AIAdultSlope= 1.16604877798818
AIAdultLD50= 0.342457603896037
AIAdultSlopeContact= 3.18794824379962
AIAdultLD50Contact= 0.0421948447008617
AILarvaSlope= 0.102636155625805
AILarvaLD50= 0.800865551247261
AIKOW= 4.9802375244908
AIKOC= 22.0062729914207
AIHalfLife= 6.51790260989219
EAppRate= 0.175125819863752
