ICQueenStrength= 1.36684420658275
RQWkrDrnRatio= 3.77864619251341
ICDroneMiteSurvivorship= 84.037351491861
ICWorkerMiteSurvivorship= 24.9695588368922
ICForagerLifespan= 11.7235561842099
ImmType= Logarithmic
AIAdultSlope= 3.41321445625043
AIAdultLD50= 0.0786150845233351
AIAdultSlopeContact= 1.17544388675597
AIAdultLD50Contact= 0.014507333538495
AILarvaSlope= 0.903903366066515
AILarvaLD50= 0.757566461898387
AIKOW= 6.65509841218591
AIKOC= 11.2753877660725
AIHalfLife= 1.96502885664813
EAppRate= 0
