ICQueenStrength= 1.6871650821995
RQWkrDrnRatio= 4.86688420269638
ICDroneMiteSurvivorship= 4.34676078148186
ICWorkerMiteSurvivorship= 22.0817018765956
ICForagerLifespan= 4.64665436651558
ImmType= Cosine
AIAdultSlope= 1.13682555733249
