ICQueenStrength= 3.20806839759462
RQWkrDrnRatio= 4.32615622133017
ICDroneMiteSurvivorship= 64.9899886921048
ICWorkerMiteSurvivorship= 83.3216412225738
ICForagerLifespan= 5.68863092549145
ImmType= Cosine
AIAdultSlope= 2.31345820082352
AIAdultLD50= 1.87928668619134
AIAdultSlopeContact= 1.09937380112708
AIAdultLD50Contact= 0.0123569034854881
AILarvaSlope= 1.99561392338946
AILarvaLD50= 0.335161678888835
AIKOW= 4.1214256468229
AIKOC= 19.0032577095553
AIHalfLife= 8.59798386646435
EAppRate= 0.433760829269886
