ICQueenStrength= 3.09620003006421
RQWkrDrnRatio= 1.00424273777753
ICDroneMiteSurvivorship= 48.9752100314945
ICWorkerMiteSurvivorship= 30.6733041070402
ICForagerLifespan= 4.43763734493405
ImmType= Cosine
AIAdultSlope= 7.72599363699555
