ICQueenStrength= 5.79700148105621
RQWkrDrnRatio= 3.35866768285632
ICDroneMiteSurvivorship= 74.6799214510247
ICWorkerMiteSurvivorship= 98.865768336691
ICForagerLifespan= 14.5144026465714
ImmType= Exponential
AIAdultSlope= 0.709396516811103
AIAdultSlopeContact= 0.570818869115319
AIAdultLD50Contact= 0.0309020358952694
AILarvaSlope= 3.03895626417361
AILarvaLD50= 0.15246524666436
AIKOW= 4.9185977531597
AIKOC= 24.4028287194669
AIHalfLife= 1.08935102634132
