ICQueenStrength= 3.54140671342611
RQWkrDrnRatio= 1.01295087579638
ICDroneMiteSurvivorship= 81.4521371386945
ICWorkerMiteSurvivorship= 9.74580871406943
ICForagerLifespan= 7.91933710873127
ImmType= Sine
AIAdultSlope= 1.31798956161365
AIAdultLD50= 1.83884138334543
AIAdultSlopeContact= 3.26871370957699
AIAdultLD50Contact= 0.000279711233451962
AILarvaSlope= 1.06835226467811
AILarvaLD50= 0.674166098283604
AIKOW= 7.274700908456
AIKOC= 15.7722421409562
AIHalfLife= 5.19508750736713
EAppRate= 0.826813210966066
