ICQueenStrength= 4.25798686244525
RQWkrDrnRatio= 4.58148683235049
ICDroneMiteSurvivorship= 89.0188223915175
ICWorkerMiteSurvivorship= 24.7321907198057
ICForagerLifespan= 4.14246661029756
ImmType= Cosine
AIAdultSlope= 0.589510618492495
AIAdultLD50= 0.419715540250763
AIAdultSlopeContact= 2.90150283459574
AIAdultLD50Contact= 0.049637702119071
AILarvaSlope= 2.77462871642783
AILarvaLD50= 0.176347060524859
AIKOW= 2.88678852049634
AIKOC= 21.9475043192506
AIHalfLife= 1.46078558871523
EAppRate= 0.535621373192407
