ICQueenStrength= 5.04926536255516
RQWkrDrnRatio= 2.3367096921429
ICDroneMiteSurvivorship= 94.0358669729903
ICWorkerMiteSurvivorship= 54.1644061915576
ICForagerLifespan= 6.76892607286572
ImmType= Logarithmic
AIAdultSlope= 3.35037088445388
AIAdultLD50= 1.58870403212495
AIAdultSlopeContact= 3.52170794117264
AIAdultLD50Contact= 0.0458062616060488
AILarvaSlope= 2.78863420598209
AILarvaLD50= 0.56026712260209
AIKOW= 5.13256536144763
AIKOC= 11.984796107281
AIHalfLife= 9.36799453757703
EAppRate= 0.443857587175444
