ICQueenStrength= 4.78092123311944
RQWkrDrnRatio= 3.6602499820292
ICDroneMiteSurvivorship= 4.39756654668599
ICWorkerMiteSurvivorship= 82.946444558911
ICForagerLifespan= 10.2568409536034
ImmType= Logarithmic
AIAdultSlope= 2.52208872715943
AIAdultLD50= 0.390379495569505
AIAdultSlopeContact= 0.973438116868492
AIAdultLD50Contact= 0.00564327680040151
AILarvaSlope= 1.06071699080057
AILarvaLD50= 0.1563543116441
AIKOW= 2.84810372116044
AIKOC= 12.973310444504
AIHalfLife= 0.250942524289712
EAppRate= 0.0663421260425821
