ICQueenStrength= 2.86808455036953
RQWkrDrnRatio= 2.09449131600559
ICDroneMiteSurvivorship= 80.0628219963983
ICWorkerMiteSurvivorship= 1.24786109663546
ICForagerLifespan= 8.64214454963803
ImmType= Cosine
AIAdultLD50= 0.154012839635834
AIAdultSlopeContact= 1.21177624570671
AIAdultLD50Contact= 0.0314749938435853
AILarvaSlope= 2.90396760273725
AILarvaLD50= 0.465597853856161
AIKOW= 7.95314130559564
AIKOC= 8.83238514768891
AIHalfLife= 2.53047434426844
EAppRate= 1.69984743418172
