ICQueenStrength= 3.92834696825594
RQWkrDrnRatio= 4.33224966749549
ICDroneMiteSurvivorship= 96.9322993187234
ICWorkerMiteSurvivorship= 60.5457013007253
ICForagerLifespan= 5.71908925008029
ImmType= Cosine
AIAdultSlope= 2.20339806452394
AIAdultLD50= 1.64128978829831
AIAdultSlopeContact= 2.88880801075604
AIAdultLD50Contact= 0.0344201605534181
AILarvaSlope= 1.25565099650994
AILarvaLD50= 0.167604763596319
AIKOW= 7.16086840629578
AIKOC= 8.81963740219362
AIHalfLife= 7.91498791612685
EAppRate= 0.284402853809297
