ICQueenStrength= 4.60738252289593
RQWkrDrnRatio= 4.59943331312388
ICDroneMiteSurvivorship= 61.749315680936
ICWorkerMiteSurvivorship= 93.1639537448063
ICForagerLifespan= 4.8562562437728
ImmType= Polynomial
AIAdultSlopeContact= 2.88544551649829
AIAdultLD50Contact= 0.0295424099545926
AILarvaSlope= 2.72605277691036
AILarvaLD50= 0.569145040819421
AIKOW= 3.934325652197
AIKOC= 21.7198013165034
AIHalfLife= 1.51251964038238
