ICQueenStrength= 5.58404451492243
RQWkrDrnRatio= 1.20203308388591
ICDroneMiteSurvivorship= 99.9439731007442
ICWorkerMiteSurvivorship= 88.1028307368979
ICForagerLifespan= 7.95860921405256
ImmType= Polynomial
AIAdultSlope= 2.92675856478978
AIAdultLD50= 0.0223864817526191
AIAdultSlopeContact= 2.24419074049685
AIAdultLD50Contact= 0.0419513371540234
AILarvaSlope= 2.43188349721022
AILarvaLD50= 0.492179729556665
AIKOW= 5.61414231080562
AIKOC= 26.0345192987006
AIHalfLife= 3.97466838825494
EAppRate= 0
