ICQueenStrength= 2.40616173157468
RQWkrDrnRatio= 3.66594592202455
ICDroneMiteSurvivorship= 81.7681645508856
ICWorkerMiteSurvivorship= 83.8973807636648
ICForagerLifespan= 12.8683936707675
ImmType= Exponential
AIAdultSlopeContact= 3.33810621410608
AIAdultLD50Contact= 0.0483771706465632
AILarvaSlope= 0.626749944593757
AILarvaLD50= 0.198074030200951
AIKOW= 6.56631880393252
AIKOC= 14.8255954624619
AIHalfLife= 13.52574758837
