ICQueenStrength= 4.64095973432995
RQWkrDrnRatio= 2.16381819173694
ICDroneMiteSurvivorship= 87.1166649041697
ICWorkerMiteSurvivorship= 51.1944555910304
ICForagerLifespan= 9.96102423965931
ImmType= Polynomial
AIAdultSlope= 0.333213029752951
AIAdultLD50= 0.0381207653554156
AIAdultSlopeContact= 1.09219509591814
AIAdultLD50Contact= 0.046074227092322
AILarvaSlope= 3.03004154036753
AILarvaLD50= 0.170879963343032
AIKOW= 2.17399640195072
AIKOC= 25.1438495656475
AIHalfLife= 1.37708047521301
EAppRate= 0.526980227068998
