ICQueenStrength= 4.24363794876263
RQWkrDrnRatio= 3.03500348608941
ICDroneMiteSurvivorship= 98.8853435730562
ICWorkerMiteSurvivorship= 80.2497361088172
ICForagerLifespan= 12.8887531375512
ImmType= Exponential
AIAdultSlope= 3.39881762852892
AIAdultLD50= 2.42156761349179
AIAdultSlopeContact= 3.83045353976777
AIAdultLD50Contact= 0.0355154115939513
AILarvaSlope= 1.68539426852949
AILarvaLD50= 0.270414783339947
AIKOW= 7.51694100862369
AIKOC= 6.05019065667875
AIHalfLife= 7.57908298354596
EAppRate= 0.710833306191489
