ICQueenStrength= 4.83766241255216
RQWkrDrnRatio= 4.59454480372369
ICDroneMiteSurvivorship= 80.7245719712228
ICWorkerMiteSurvivorship= 29.6312842750922
ICForagerLifespan= 12.286867454648
ImmType= Logarithmic
AIAdultSlopeContact= 2.29995480163023
AIAdultLD50Contact= 0.0431369470781647
AILarvaSlope= 1.19413916412741
AILarvaLD50= 0.505808325461112
AIKOW= 2.14865861693397
AIKOC= 21.5940861101262
AIHalfLife= 11.8656808636151
