ICQueenStrength= 1.246810792014
RQWkrDrnRatio= 4.2395180054009
ICDroneMiteSurvivorship= 22.1741635585204
ICWorkerMiteSurvivorship= 16.1712331930175
ICForagerLifespan= 14.1175152957439
ImmType= Polynomial
AIAdultSlope= 3.53493630477693
AIAdultLD50= 0.269171195570379
AIAdultSlopeContact= 2.92208194813225
AIAdultLD50Contact= 0.0449302457855083
AILarvaSlope= 1.70363964498974
AILarvaLD50= 0.889749186811969
AIKOW= 7.49077877262607
AIKOC= 24.0422151354142
AIHalfLife= 1.78202580544166
EAppRate= 0.166321079502813
