ICQueenStrength= 2.26577923074365
RQWkrDrnRatio= 3.72750936634839
ICDroneMiteSurvivorship= 33.1062460551038
ICWorkerMiteSurvivorship= 85.0701357237995
ICForagerLifespan= 13.8230131687596
ImmType= Logarithmic
AIAdultSlope= 5.3893756098114
AIAdultLD50= 0.291936097899452
AIAdultSlopeContact= 1.72373494366184
AIAdultLD50Contact= 0.0976787570863962
AILarvaSlope= 6.08262450667098
AILarvaLD50= 1.58449219353497
AIKOW= 58.8412265526131
AIKOC= 6.89234766177833
AIHalfLife= 3.82962289405987
EAppRate= 0.29763082973659
