ICQueenStrength= 2.89840462291613
RQWkrDrnRatio= 3.9965406768024
ICDroneMiteSurvivorship= 84.6308561507612
ICWorkerMiteSurvivorship= 36.1355113564059
ICForagerLifespan= 13.50874000974
ImmType= Tangent
AIAdultSlope= 9.25653379177675
