ICQueenStrength= 4.2818466227036
RQWkrDrnRatio= 1.56752851326019
ICDroneMiteSurvivorship= 65.3007257729769
ICWorkerMiteSurvivorship= 49.7621357673779
ICForagerLifespan= 4.78385386709124
ImmType= Tangent
AIAdultSlopeContact= 5.34905143547803
AIAdultLD50Contact= 0.183354409178719
AILarvaSlope= 0.337114410940558
AILarvaLD50= 0.956065005622804
AIKOW= 59.8834963981062
AIKOC= 85.4755643988028
AIHalfLife= 5.47230889229104
