ICQueenStrength= 5.03769678086974
RQWkrDrnRatio= 3.68891584873199
ICDroneMiteSurvivorship= 32.8278216533363
ICWorkerMiteSurvivorship= 94.109895452857
ICForagerLifespan= 13.0280229849741
ImmType= Cosine
AIAdultSlopeContact= 0.479847165949177
AIAdultLD50Contact= 0.0214926069253124
AILarvaSlope= 2.22632580464706
AILarvaLD50= 0.74495534626767
AIKOW= 4.30497686937451
AIKOC= 15.2964152290951
AIHalfLife= 8.85628226073459
