ICQueenStrength= 5.66313811135478
RQWkrDrnRatio= 2.02410236466676
ICDroneMiteSurvivorship= 93.3964694384485
ICWorkerMiteSurvivorship= 58.7248552357778
ICForagerLifespan= 9.95645214337856
ImmType= Exponential
AIAdultSlope= 3.26213916663313
AIAdultLD50= 0.398613960016519
AIAdultSlopeContact= 2.91139982758323
AIAdultLD50Contact= 0.0239989982568659
AILarvaSlope= 0.025845319358632
AILarvaLD50= 0.333440584572963
AIKOW= 6.09091609576717
AIKOC= 24.1790565266274
AIHalfLife= 3.70950371609069
EAppRate= 0.514018376520835
