ICQueenStrength= 3.10663439938799
RQWkrDrnRatio= 2.84449515398592
ICDroneMiteSurvivorship= 55.7896059937775
ICWorkerMiteSurvivorship= 76.4714808668941
ICForagerLifespan= 7.6368882227689
ImmType= Polynomial
AIAdultLD50= 0.154012839635834
AIAdultSlopeContact= 2.23865565340966
AIAdultLD50Contact= 0.0119328725966625
AILarvaSlope= 1.82544585508294
AILarvaLD50= 0.659597931266762
AIKOW= 5.53684650920331
AIKOC= 14.7228923405055
AIHalfLife= 10.7103774016723
EAppRate= 0.71455262741074
