ICQueenStrength= 1.38718117866665
RQWkrDrnRatio= 2.63228343613446
ICDroneMiteSurvivorship= 46.3262014789507
ICWorkerMiteSurvivorship= 12.6402706373483
ICForagerLifespan= 8.21621770970523
ImmType= Exponential
AIAdultSlope= 0.895953797595575
AIAdultLD50= 2.09255792596377
AIAdultSlopeContact= 1.81476920747431
AIAdultLD50Contact= 0.0336499674827792
AILarvaSlope= 0.795867244992405
AILarvaLD50= 0.707009060564451
AIKOW= 2.68814057530835
AIKOC= 12.381757843541
AIHalfLife= 4.73273703455925
EAppRate= 0.627325519919395
