ICQueenStrength= 3.86955478019081
RQWkrDrnRatio= 2.78456196654588
ICDroneMiteSurvivorship= 21.4041610481218
ICWorkerMiteSurvivorship= 95.516513613984
ICForagerLifespan= 5.22393522970378
ImmType= Exponential
AIAdultSlopeContact= 0.757559530755971
AIAdultLD50Contact= 0.0160309214144945
AILarvaSlope= 2.80318677909672
AILarvaLD50= 0.264982034568675
AIKOW= 2.49999639671296
AIKOC= 11.993815547321
AIHalfLife= 0.734889117069542
