ICQueenStrength= 4.19539967109449
RQWkrDrnRatio= 3.06749899312854
ICDroneMiteSurvivorship= 29.7214295016602
ICWorkerMiteSurvivorship= 43.7823820859194
ICForagerLifespan= 7.32642032764852
ImmType= Sine
AIAdultSlope= 0.468059218209237
AIAdultLD50= 1.40743066929281
AIAdultSlopeContact= 0.404049094207585
AIAdultLD50Contact= 0.024262501206249
AILarvaSlope= 2.46618057321757
AILarvaLD50= 0.876794330379926
AIKOW= 5.22782716481015
AIKOC= 22.1013995422982
AIHalfLife= 12.632610572502
EAppRate= 0.747034561587498
