ICQueenStrength= 4.578204192454
RQWkrDrnRatio= 3.84349993430078
ICDroneMiteSurvivorship= 46.0853330790997
ICWorkerMiteSurvivorship= 85.1776687195525
ICForagerLifespan= 11.2177131501958
ImmType= Sine
AIAdultSlope= 2.57639484143816
AIAdultLD50= 0.29799484484829
AIAdultSlopeContact= 2.73738421852933
AIAdultLD50Contact= 0.0183470260584727
AILarvaSlope= 1.11774239363149
AILarvaLD50= 0.436029267171398
AIKOW= 5.3074634061195
AIKOC= 8.71359480777755
AIHalfLife= 1.86672392534092
EAppRate= 0.440607575466856
