ICQueenStrength= 5.52593118534423
RQWkrDrnRatio= 4.34740169718862
ICDroneMiteSurvivorship= 65.4986035078764
ICWorkerMiteSurvivorship= 4.71708115655929
ICForagerLifespan= 7.15030298568308
ImmType= Logarithmic
AIAdultSlope= 7.81112522352487
