ICQueenStrength= 1.94238208723255
RQWkrDrnRatio= 1.74775474052876
ICDroneMiteSurvivorship= 85.5582461459562
ICWorkerMiteSurvivorship= 39.9886189727113
ICForagerLifespan= 10.3368947701529
ImmType= Exponential
AIAdultSlope= 0.307211468694732
AIAdultSlopeContact= 0.154575221459381
AIAdultLD50Contact= 0.00353528714040294
AILarvaSlope= 2.30749558452517
AILarvaLD50= 0.177981710806489
AIKOW= 5.73774459725246
AIKOC= 10.7165940932464
AIHalfLife= 4.65126895066351
