ICQueenStrength= 4.33960866206326
RQWkrDrnRatio= 2.80442565865815
ICDroneMiteSurvivorship= 22.2862695110962
ICWorkerMiteSurvivorship= 93.4714113827795
ICForagerLifespan= 9.80414739716798
ImmType= Sine
AIAdultSlope= 3.53172118160874
AIAdultLD50= 0.0925368098542094
AIAdultSlopeContact= 3.26168172853533
AIAdultLD50Contact= 0.022314259596169
AILarvaSlope= 1.92806596923619
AILarvaLD50= 0.252467916416936
AIKOW= 3.12807215051726
AIKOC= 15.7155798585154
AIHalfLife= 2.04582262085751
EAppRate= 0.00384902958758175
