ICQueenStrength= 2.78177617141046
RQWkrDrnRatio= 4.76154671330005
ICDroneMiteSurvivorship= 76.1835537850857
ICWorkerMiteSurvivorship= 9.97939039953053
ICForagerLifespan= 6.29767582099885
ImmType= Cosine
AIAdultSlopeContact= 7.07786059938371
AIAdultLD50Contact= 0.0718696255702525
AILarvaSlope= 8.80291124572977
AILarvaLD50= 1.17829322768375
AIKOW= 78.1041192822158
AIKOC= 17.151640704833
AIHalfLife= 8.83536271145567
