ICQueenStrength= 2.3053535646759
RQWkrDrnRatio= 1.37400013022125
ICDroneMiteSurvivorship= 74.7387876501307
ICWorkerMiteSurvivorship= 0.786933163180947
ICForagerLifespan= 5.50962733384222
ImmType= Cosine
AIAdultSlope= 2.53072918480961
AIAdultLD50= 0.182524273404852
AIAdultSlopeContact= 1.23047732833307
AIAdultLD50Contact= 0.00645947286393493
AILarvaSlope= 3.292154460866
AILarvaLD50= 0.567679020180367
AIKOW= 3.86608656682074
AIKOC= 25.1269904966466
AIHalfLife= 2.21295034512877
EAppRate= 0.0644996779505163
