ICQueenStrength= 1.57937830220908
RQWkrDrnRatio= 4.18600391596556
ICDroneMiteSurvivorship= 90.9756027162075
ICWorkerMiteSurvivorship= 95.634747040458
ICForagerLifespan= 10.5340087153018
ImmType= Polynomial
AIAdultSlope= 1.64435015867231
AIAdultLD50= 0.208387117017992
AIAdultSlopeContact= 3.62686444820836
AIAdultLD50Contact= 0.0185510891024023
AILarvaSlope= 1.65754116224125
AILarvaLD50= 0.289433933305554
AIKOW= 4.07088626874611
AIKOC= 17.8064437652938
AIHalfLife= 0.503759790444747
EAppRate= 0.275352192227729
