ICQueenStrength= 1.0073416705709
RQWkrDrnRatio= 4.59683336783201
ICDroneMiteSurvivorship= 40.9894861280918
ICWorkerMiteSurvivorship= 97.2311478108168
ICForagerLifespan= 13.5903642205521
ImmType= Exponential
AIAdultSlope= 1.37521499046125
AIAdultLD50= 0.776597595540807
AIAdultSlopeContact= 1.36101509959437
AIAdultLD50Contact= 0.0236209888244048
AILarvaSlope= 3.12349543091841
AILarvaLD50= 0.372490217071027
AIKOW= 5.28751266747713
AIKOC= 16.0985101666301
AIHalfLife= 6.70525186043233
EAppRate= 0.418107014615089
