ICQueenStrength= 5.6135036717169
RQWkrDrnRatio= 1.39070820715278
ICDroneMiteSurvivorship= 61.3344208337367
ICWorkerMiteSurvivorship= 6.45266508217901
ICForagerLifespan= 13.6485303873196
ImmType= Polynomial
AIAdultSlope= 0.932366258883849
AIAdultLD50= 0.728365569608286
AIAdultSlopeContact= 2.14859780252678
AIAdultLD50Contact= 0.0200302609358914
AILarvaSlope= 2.52352186972275
AILarvaLD50= 0.30507036424242
AIKOW= 6.04443005239591
AIKOC= 12.3677623644471
AIHalfLife= 0.744980635121465
EAppRate= 0.753479978069663
