ICQueenStrength= 5.205042864196
RQWkrDrnRatio= 2.97295106947422
ICDroneMiteSurvivorship= 75.1154446275905
ICWorkerMiteSurvivorship= 14.4310648785904
ICForagerLifespan= 5.81206367537379
ImmType= Sine
AIAdultSlope= 3.39560586978681
AIAdultLD50= 0.338655289262533
AIAdultSlopeContact= 0.581480981740169
AIAdultLD50Contact= 0.0362731168512255
AILarvaSlope= 0.814796617999673
AILarvaLD50= 0.300436477689073
AIKOW= 3.12571563152596
AIKOC= 7.27167409029789
AIHalfLife= 3.90529249096289
EAppRate= 0.693134981882758
