ICQueenStrength= 1.34012944088317
RQWkrDrnRatio= 4.36466379184276
ICDroneMiteSurvivorship= 41.4586181752384
ICWorkerMiteSurvivorship= 13.3919388288632
ICForagerLifespan= 7.76217492949218
ImmType= Exponential
AIAdultSlope= 3.46861320486059
AIAdultLD50= 0.325383761082776
AIAdultSlopeContact= 3.68199425192317
AIAdultLD50Contact= 0.0483638595789671
AILarvaSlope= 2.39850218314677
AILarvaLD50= 0.896801658743061
AIKOW= 5.63606120133772
AIKOC= 22.2115379944444
AIHalfLife= 0.611895673209801
EAppRate= 0.229924945230596
