ICQueenStrength= 5.02080847648904
RQWkrDrnRatio= 4.79431243985891
ICDroneMiteSurvivorship= 86.6004776675254
ICWorkerMiteSurvivorship= 78.150444990024
ICForagerLifespan= 8.34217398799956
ImmType= Exponential
AIAdultSlope= 1.42577327806503
AIAdultLD50= 0.832647523842752
AIAdultSlopeContact= 0.50313689020928
AIAdultLD50Contact= 0.0423900078516454
AILarvaSlope= 0.485711220093071
AILarvaLD50= 0.596011122548953
AIKOW= 7.67282910645008
AIKOC= 21.2375917367171
AIHalfLife= 12.1927742301486
EAppRate= 0.0515480865724385
