ICQueenStrength= 1.25581293622963
RQWkrDrnRatio= 2.01003467105329
ICDroneMiteSurvivorship= 87.8258067881688
ICWorkerMiteSurvivorship= 58.8428165996447
ICForagerLifespan= 10.5742959948257
ImmType= Exponential
AIAdultSlope= 1.87189219060354
AIAdultLD50= 0.171223921119235
AIAdultSlopeContact= 1.76492848103866
AIAdultLD50Contact= 0.0367812318960205
AILarvaSlope= 0.69117870866321
AILarvaLD50= 0.819991403468885
AIKOW= 6.23498817160726
AIKOC= 10.4622665804345
AIHalfLife= 2.24078993895091
EAppRate= 0.373828068817966
