ICQueenStrength= 3.77025203569792
RQWkrDrnRatio= 4.79968146979809
ICDroneMiteSurvivorship= 29.1754503035918
ICWorkerMiteSurvivorship= 1.11937324982136
ICForagerLifespan= 13.2086368687451
ImmType= Sine
AIAdultSlope= 0.166720321497414
AIAdultLD50= 0.0273929901886731
AIAdultSlopeContact= 0.919776807494927
AIAdultLD50Contact= 0.0484958513523452
AILarvaSlope= 1.15833368147723
AILarvaLD50= 0.79602229858283
AIKOW= 7.96698034601286
AIKOC= 25.1845785952173
AIHalfLife= 4.69841735786758
EAppRate= 0.546355116879568
