ICQueenStrength= 4.94559505046345
RQWkrDrnRatio= 1.62016893550754
ICDroneMiteSurvivorship= 50.3088112222031
ICWorkerMiteSurvivorship= 61.5508981514722
ICForagerLifespan= 9.26913467794657
ImmType= Logarithmic
AIAdultSlope= 5.26128228753805
