ICQueenStrength= 2.18369645671919
RQWkrDrnRatio= 2.23821778036654
ICDroneMiteSurvivorship= 59.2400602065027
ICWorkerMiteSurvivorship= 56.3816265435889
ICForagerLifespan= 14.1321241036057
ImmType= Cosine
AIAdultSlope= 2.13567429380491
AIAdultLD50= 1.66906347102486
AIAdultSlopeContact= 3.46621959886048
AIAdultLD50Contact= 0.00280618879478425
AILarvaSlope= 0.431339279795066
AILarvaLD50= 0.497799032041803
AIKOW= 6.92786055197939
AIKOC= 27.9452645813581
AIHalfLife= 1.48002289282158
EAppRate= 0.499513357179239
