ICQueenStrength= 3.5176780577749
RQWkrDrnRatio= 3.12455915845931
ICDroneMiteSurvivorship= 68.2136109564453
ICWorkerMiteSurvivorship= 87.0109497336671
ICForagerLifespan= 5.06435136776417
ImmType= Polynomial
AIAdultSlope= 2.77519366481574
AIAdultLD50= 0.0902999057434499
AIAdultSlopeContact= 0.848158807083964
AIAdultLD50Contact= 0.045093535410706
AILarvaSlope= 1.45478049484082
AILarvaLD50= 0.126477993652225
AIKOW= 4.50615604314953
AIKOC= 17.7595048747025
AIHalfLife= 0.0735042348969728
EAppRate= 0
