ICQueenStrength= 1.04111038637348
RQWkrDrnRatio= 1.39829791057855
ICDroneMiteSurvivorship= 55.7949907146394
ICWorkerMiteSurvivorship= 10.4088824940845
ICForagerLifespan= 12.5386157035828
ImmType= Tangent
AIAdultSlope= 1.53835289608687
AIAdultSlopeContact= 2.27570585817564
AIAdultLD50Contact= 0.0362268213997595
AILarvaSlope= 1.87499121283181
AILarvaLD50= 0.656477851420641
AIKOW= 6.39223887771368
AIKOC= 22.8439075127244
AIHalfLife= 12.7955593778752
