ICQueenStrength= 2.29213741282001
RQWkrDrnRatio= 2.49085952248424
ICDroneMiteSurvivorship= 96.8500471673906
ICWorkerMiteSurvivorship= 4.02660928666592
ICForagerLifespan= 8.74499606713653
ImmType= Logarithmic
AIAdultSlope= 0.184907388235442
AIAdultLD50= 0.358691524830647
AIAdultSlopeContact= 2.43185849207919
AIAdultLD50Contact= 0.0129848868353292
AILarvaSlope= 1.87081334176473
AILarvaLD50= 0.71760937019717
AIKOW= 3.74902639351785
AIKOC= 5.25712178321555
AIHalfLife= 4.88370100851171
EAppRate= 0.00810806590598077
