ICQueenStrength= 2.35351824807003
RQWkrDrnRatio= 1.22198672499508
ICDroneMiteSurvivorship= 6.52945386245847
ICWorkerMiteSurvivorship= 96.6666979016736
ICForagerLifespan= 6.86221742909402
ImmType= Polynomial
AIAdultSlope= 2.97069685533643
