ICQueenStrength= 2.20743598788977
RQWkrDrnRatio= 3.32961189374328
ICDroneMiteSurvivorship= 54.9423640361056
ICWorkerMiteSurvivorship= 29.8405235167593
ICForagerLifespan= 15.9939121594653
ImmType= Exponential
AIAdultSlopeContact= 3.21696315421723
AIAdultLD50Contact= 0.0185852044844069
AILarvaSlope= 1.19727002670988
AILarvaLD50= 0.2742613397073
AIKOW= 2.46611463604495
AIKOC= 15.1579048263375
AIHalfLife= 12.3975147716701
