ICQueenStrength= 2.28433828125708
RQWkrDrnRatio= 1.15065768454224
ICDroneMiteSurvivorship= 85.8604597393423
ICWorkerMiteSurvivorship= 71.2763928808272
ICForagerLifespan= 12.1905738683417
ImmType= Sine
AIAdultLD50= 0.154012839635834
AIAdultSlopeContact= 1.01870943731396
AIAdultLD50Contact= 0.0134603605838493
AILarvaSlope= 1.51294759628363
AILarvaLD50= 0.732868808275089
AIKOW= 5.21803277544677
AIKOC= 22.7642886992544
AIHalfLife= 5.54163341084495
EAppRate= 1.75743209198117
