ICQueenStrength= 5.36263500130735
RQWkrDrnRatio= 4.15509701613337
ICDroneMiteSurvivorship= 93.9010307192802
ICWorkerMiteSurvivorship= 30.3282537031919
ICForagerLifespan= 10.0215508481488
ImmType= Exponential
AIAdultSlope= 0.196294843470678
AIAdultLD50= 0.0633377131307498
AIAdultSlopeContact= 2.00014773721341
AIAdultLD50Contact= 0.0342471324722283
AILarvaSlope= 1.77711127148941
AILarvaLD50= 0.428715812321752
AIKOW= 6.52604907890782
AIKOC= 19.9693909334019
AIHalfLife= 4.14780805818737
EAppRate= 0
