ICQueenStrength= 3.06953658536077
RQWkrDrnRatio= 1.08795952517539
