ICQueenStrength= 4.90738454181701
RQWkrDrnRatio= 4.87633644975722
ICDroneMiteSurvivorship= 49.8857115628198
ICWorkerMiteSurvivorship= 83.1526964902878
ICForagerLifespan= 8.93546267971396
ImmType= Tangent
AIAdultSlope= 0.0865457219071686
AIAdultLD50= 2.2635816175025
AIAdultSlopeContact= 1.75414875117363
AIAdultLD50Contact= 0.00822398203890771
AILarvaSlope= 0.806563537241891
AILarvaLD50= 0.839325867011212
AIKOW= 6.78807106008753
AIKOC= 8.04701601271518
AIHalfLife= 5.53856807202101
EAppRate= 0.485227065393701
