ICQueenStrength= 4.53442977415398
RQWkrDrnRatio= 2.56584951654077
ICDroneMiteSurvivorship= 61.9341125246137
ICWorkerMiteSurvivorship= 67.9367324570194
ICForagerLifespan= 11.7320566438138
ImmType= Tangent
AIAdultSlope= 0.860759349865839
AIAdultLD50= 0.110835394822061
AIAdultSlopeContact= 2.21050573663088
AIAdultLD50Contact= 0.0212802420021035
AILarvaSlope= 1.71165322419256
AILarvaLD50= 0.148044971446507
AIKOW= 3.88587357057258
AIKOC= 27.7249484567437
AIHalfLife= 9.47300308197737
EAppRate= 0.333732794737443
