ICQueenStrength= 1.71264438447542
RQWkrDrnRatio= 3.27321818377823
ICDroneMiteSurvivorship= 88.0799685837701
ICWorkerMiteSurvivorship= 40.270796068944
ICForagerLifespan= 4.61526909843087
ImmType= Cosine
AIAdultSlope= 2.84256207400002
AIAdultLD50= 0.154329313081689
AIAdultSlopeContact= 0.0266061305673793
AIAdultLD50Contact= 0.0142236251267605
AILarvaSlope= 3.13899788656272
AILarvaLD50= 0.547581926453859
AIKOW= 6.07146830484271
AIKOC= 20.9068839624524
AIHalfLife= 3.84049342130311
EAppRate= 0.185698570497334
