ICQueenStrength= 1.6682326446753
RQWkrDrnRatio= 2.39531151857227
ICDroneMiteSurvivorship= 39.9408931611106
ICWorkerMiteSurvivorship= 39.4719717791304
ICForagerLifespan= 7.2699973648414
ImmType= Cosine
AIAdultSlope= 0.360293668198865
AIAdultLD50= 0.126783866784535
AIAdultSlopeContact= 1.50567686952185
AIAdultLD50Contact= 0.0334133449476212
AILarvaSlope= 1.43050258900039
AILarvaLD50= 0.35702015622519
AIKOW= 6.86782668344676
AIKOC= 10.7699923345353
AIHalfLife= 0.074404381448403
EAppRate= 0.329027391131967
