ICQueenStrength= 5.26577846053988
RQWkrDrnRatio= 1.97099304851145
ICDroneMiteSurvivorship= 78.1248959479854
ICWorkerMiteSurvivorship= 33.2048109034076
ICForagerLifespan= 8.82055858336389
ImmType= Exponential
AIAdultSlope= 4.31724949274212
