ICQueenStrength= 4.10924002085812
RQWkrDrnRatio= 1.45834309514612
ICDroneMiteSurvivorship= 89.8368039866909
ICWorkerMiteSurvivorship= 64.3127218121663
ICForagerLifespan= 9.11415451485664
ImmType= Cosine
AIAdultSlope= 2.77028838446829
AIAdultLD50= 0.127794805332087
AIAdultSlopeContact= 0.530825299776625
AIAdultLD50Contact= 0.0497836777707562
AILarvaSlope= 3.00594347966835
AILarvaLD50= 0.477827441389672
AIKOW= 3.36978957196698
AIKOC= 5.82455056253821
AIHalfLife= 1.45771438255906
EAppRate= 0.687985236616805
