ICQueenStrength= 3.18478948622942
RQWkrDrnRatio= 1.05662519019097
