ICQueenStrength= 2.1327175819315
RQWkrDrnRatio= 1.45156014803797
ICDroneMiteSurvivorship= 43.3718906948343
ICWorkerMiteSurvivorship= 50.56625418365
ICForagerLifespan= 5.31282183993608
ImmType= Tangent
AIAdultSlope= 2.79364058568142
AIAdultLD50= 0.448498278856277
AIAdultSlopeContact= 1.07164258031175
AIAdultLD50Contact= 0.00743530368199572
AILarvaSlope= 2.67857027542777
AILarvaLD50= 0.0890760691836476
AIKOW= 5.97594727715477
AIKOC= 28.2263879093807
AIHalfLife= 0.396434038411826
EAppRate= 0.341806232905947
