ICQueenStrength= 3.17661739210598
RQWkrDrnRatio= 2.8602340798825
ICDroneMiteSurvivorship= 88.7312673497945
ICWorkerMiteSurvivorship= 73.5589607153088
ICForagerLifespan= 9.99916973896325
ImmType= Tangent
AIAdultSlopeContact= 1.04600124875782
AIAdultLD50Contact= 0.00110646708635613
AILarvaSlope= 2.14859866932966
AILarvaLD50= 0.731893260148354
AIKOW= 4.61609596433118
AIKOC= 11.0585274186451
AIHalfLife= 0.293705351650715
