ICQueenStrength= 3.92419343604706
RQWkrDrnRatio= 1.40263436827809
ICDroneMiteSurvivorship= 10.5215476593003
ICWorkerMiteSurvivorship= 73.0443490436301
ICForagerLifespan= 13.2392977057025
ImmType= Sine
AIAdultSlope= 5.82853209460154
