ICQueenStrength= 4.71790425851941
RQWkrDrnRatio= 4.05693998653442
ICDroneMiteSurvivorship= 81.1403357191011
ICWorkerMiteSurvivorship= 74.2971661500633
ICForagerLifespan= 15.0969615159556
ImmType= Exponential
AIAdultSlope= 1.83846187646734
AIAdultLD50= 0.134684610064141
AIAdultSlopeContact= 3.61084758791607
AIAdultLD50Contact= 0.0299320045625791
AILarvaSlope= 1.63865238213912
AILarvaLD50= 0.144113531964831
AIKOW= 4.10656741727144
AIKOC= 29.3896067840979
AIHalfLife= 4.67330955434591
EAppRate= 0
