ICQueenStrength= 2.03489161119796
RQWkrDrnRatio= 4.90022351499647
ICDroneMiteSurvivorship= 49.4278308469802
ICWorkerMiteSurvivorship= 66.5270186960697
ICForagerLifespan= 15.6106321942061
ImmType= Polynomial
AIAdultSlopeContact= 3.48260044946568
AIAdultLD50Contact= 0.0387680692598224
AILarvaSlope= 2.16774305300787
AILarvaLD50= 0.56302222085651
AIKOW= 6.32088621566072
AIKOC= 19.1689418116584
AIHalfLife= 13.0369246220216
