ICQueenStrength= 3.82391156069934
RQWkrDrnRatio= 4.23559606540948
ICDroneMiteSurvivorship= 72.8171720402315
ICWorkerMiteSurvivorship= 8.22321739979088
ICForagerLifespan= 4.15709949098527
ImmType= Logarithmic
AIAdultLD50= 0.154012839635834
AIAdultSlopeContact= 0.699464202406816
AIAdultLD50Contact= 0.0113767491653562
AILarvaSlope= 3.09499054006301
AILarvaLD50= 0.481045961240307
AIKOW= 7.28404195839539
AIKOC= 29.1119271027856
AIHalfLife= 3.40197232598439
EAppRate= 1.93846807489172
