ICQueenStrength= 1.87956940755248
RQWkrDrnRatio= 2.42798732221127
ICDroneMiteSurvivorship= 80.233372352086
ICWorkerMiteSurvivorship= 88.0234153475612
ICForagerLifespan= 8.87587554566562
ImmType= Sine
AIAdultSlope= 2.35413651587442
AIAdultLD50= 1.05620809458196
AIAdultSlopeContact= 1.0648104030895
AIAdultLD50Contact= 0.00845885613234714
AILarvaSlope= 1.70929827443324
AILarvaLD50= 0.585782225313596
AIKOW= 5.77994175069034
AIKOC= 18.3112482610159
AIHalfLife= 13.5598951815628
EAppRate= 0.421229626517743
