ICQueenStrength= 2.45470918039791
RQWkrDrnRatio= 3.46801112499088
ICDroneMiteSurvivorship= 12.7818137872964
ICWorkerMiteSurvivorship= 69.4289135048166
ICForagerLifespan= 7.19809577614069
ImmType= Exponential
AIAdultSlope= 3.23673902926967
AIAdultLD50= 0.682949551614001
AIAdultSlopeContact= 2.89080471209949
AIAdultLD50Contact= 0.0215707602445036
AILarvaSlope= 2.53691972200759
AILarvaLD50= 0.479389984463342
AIKOW= 7.7472703740932
AIKOC= 27.0857758249622
AIHalfLife= 13.5502280606888
EAppRate= 0.446796329459175
