ICQueenStrength= 4.40898271766491
RQWkrDrnRatio= 4.42625330854207
ICDroneMiteSurvivorship= 87.0655186008662
ICWorkerMiteSurvivorship= 95.904200640507
ICForagerLifespan= 10.4964402513579
ImmType= Tangent
AIAdultSlope= 3.08447929471731
AIAdultLD50= 1.81008470035158
AIAdultSlopeContact= 2.90649983699201
AIAdultLD50Contact= 0.00925349220633507
AILarvaSlope= 3.11024539782666
AILarvaLD50= 0.810279282624833
AIKOW= 3.68115067481995
AIKOC= 14.9801551667042
AIHalfLife= 6.03030892461538
EAppRate= 0.894279474159703
