ICQueenStrength= 4.97841030033305
RQWkrDrnRatio= 2.089329931885
ICDroneMiteSurvivorship= 60.075955092907
ICWorkerMiteSurvivorship= 58.7543543428183
ICForagerLifespan= 5.02661583293229
ImmType= Polynomial
AIAdultSlope= 2.54832486463711
AIAdultLD50= 1.70624296367168
AIAdultSlopeContact= 1.94495747234439
AIAdultLD50Contact= 0.0242599712801166
AILarvaSlope= 2.81456792601384
AILarvaLD50= 0.11218526205048
AIKOW= 2.16391392797232
AIKOC= 23.9369717205409
AIHalfLife= 1.11804029904306
EAppRate= 0.606189354555681
