ICQueenStrength= 4.19902549963444
RQWkrDrnRatio= 1.40783438552171
ICDroneMiteSurvivorship= 77.9983267188072
ICWorkerMiteSurvivorship= 35.4337337892503
ICForagerLifespan= 13.0882425811142
ImmType= Tangent
AIAdultSlope= 3.81091811041581
AIAdultLD50= 0.307896697311662
AIAdultSlopeContact= 1.96789073602762
AIAdultLD50Contact= 0.0371157670510001
AILarvaSlope= 2.83006169991568
AILarvaLD50= 0.0134274472016841
AIKOW= 5.54845857992768
AIKOC= 29.4354893220589
AIHalfLife= 2.18900870298967
EAppRate= 0.334543725359254
