ICQueenStrength= 5.07404739758931
RQWkrDrnRatio= 2.71098350547254
ICDroneMiteSurvivorship= 83.3468794822693
ICWorkerMiteSurvivorship= 35.4144288226962
ICForagerLifespan= 14.5138872992247
ImmType= Exponential
AIAdultSlope= 3.47137591801584
