ICQueenStrength= 2.52800719835795
RQWkrDrnRatio= 2.6416926914826
ICDroneMiteSurvivorship= 43.5984630370513
ICWorkerMiteSurvivorship= 53.9755635196343
ICForagerLifespan= 10.431050915271
ImmType= Exponential
AIAdultSlope= 3.29177691368386
AIAdultLD50= 0.501577228773385
AIAdultSlopeContact= 1.38543966691941
AIAdultLD50Contact= 0.114086402114481
AILarvaSlope= 1.08390046749264
AILarvaLD50= 1.80576512496918
AIKOW= 32.5208074180409
AIKOC= 94.7719831485301
AIHalfLife= 11.3807420451194
EAppRate= 0.187563169747591
