ICQueenStrength= 1.0593114993535
RQWkrDrnRatio= 4.9534392952919
ICDroneMiteSurvivorship= 30.1479750080034
ICWorkerMiteSurvivorship= 22.5215301616117
ICForagerLifespan= 15.1618493096903
ImmType= Exponential
AIAdultSlope= 2.55238687042147
AIAdultLD50= 1.10991271119565
AIAdultSlopeContact= 3.26663454806199
AIAdultLD50Contact= 0.0111546040629037
AILarvaSlope= 0.529521307302639
AILarvaLD50= 0.154302590014413
AIKOW= 2.3429265958257
AIKOC= 27.2007354488596
AIHalfLife= 1.46843845490366
EAppRate= 0.786236052634194
