ICQueenStrength= 3.35693015973084
RQWkrDrnRatio= 4.19277239777148
ICDroneMiteSurvivorship= 69.7661301353946
ICWorkerMiteSurvivorship= 29.4659081147984
ICForagerLifespan= 12.8071490377188
ImmType= Sine
AIAdultSlope= 0.512664968473837
AIAdultSlopeContact= 1.71758540345589
AIAdultLD50Contact= 0.00956410015933216
AILarvaSlope= 1.59471248360351
AILarvaLD50= 0.125154519849457
AIKOW= 3.29254060424864
AIKOC= 18.4342333301902
AIHalfLife= 9.45465437602252
