ICQueenStrength= 2.49338837130927
RQWkrDrnRatio= 3.43265514727682
ICDroneMiteSurvivorship= 55.169820273295
ICWorkerMiteSurvivorship= 33.9645449304953
ICForagerLifespan= 13.5307571711019
ImmType= Sine
AIAdultSlope= 2.35209252944682
AIAdultLD50= 0.322951373877004
AIAdultSlopeContact= 3.42839161875425
AIAdultLD50Contact= 0.00809525944059715
AILarvaSlope= 1.26008142577484
AILarvaLD50= 0.170687898527831
AIKOW= 2.99953751359135
AIKOC= 9.75590371643193
AIHalfLife= 3.85044205351733
EAppRate= 0
