ICQueenStrength= 3.19124567811377
RQWkrDrnRatio= 2.26443942915648
ICDroneMiteSurvivorship= 67.7160111721605
ICWorkerMiteSurvivorship= 68.3912032982334
ICForagerLifespan= 15.5639792755246
ImmType= Logarithmic
AIAdultSlopeContact= 0.167283400080632
AIAdultLD50Contact= 0.0365993979386985
AILarvaSlope= 1.12208232679404
AILarvaLD50= 0.562322094733827
AIKOW= 4.63722393428907
AIKOC= 19.6550146921072
AIHalfLife= 1.40140662901103
