ICQueenStrength= 1.51130562787876
RQWkrDrnRatio= 2.3876758152619
ICDroneMiteSurvivorship= 95.8384184865281
ICWorkerMiteSurvivorship= 6.66308626532555
ICForagerLifespan= 5.93131211213768
ImmType= Sine
AIAdultSlope= 0.373799854004756
AIAdultLD50= 1.46894464921206
AIAdultSlopeContact= 3.74072914940771
AIAdultLD50Contact= 0.00209958294872195
AILarvaSlope= 0.370358949434012
AILarvaLD50= 0.764591095014475
AIKOW= 2.18515483988449
AIKOC= 14.045070502907
AIHalfLife= 13.7158701606095
EAppRate= 0.572892619064078
