ICQueenStrength= 3.3526774905622
RQWkrDrnRatio= 3.62881935760379
ICDroneMiteSurvivorship= 37.7707249717787
ICWorkerMiteSurvivorship= 14.1461760737002
ICForagerLifespan= 5.33645561896265
ImmType= Exponential
AIAdultSlope= 3.7570342533756
AIAdultLD50= 0.311617907369509
AIAdultSlopeContact= 0.69853215303272
AIAdultLD50Contact= 0.0135746305226348
AILarvaSlope= 1.14548924891278
AILarvaLD50= 0.0596709922654554
AIKOW= 2.85486147692427
AIKOC= 14.5069904404227
AIHalfLife= 1.57371300039813
EAppRate= 0.616904719243757
