ICQueenStrength= 2.58037629676983
RQWkrDrnRatio= 3.49518662318587
ICDroneMiteSurvivorship= 42.7286220481619
ICWorkerMiteSurvivorship= 23.1003432301804
ICForagerLifespan= 14.1749514490366
ImmType= Polynomial
AIAdultSlope= 3.85353681804612
AIAdultLD50= 0.170422844239511
AIAdultSlopeContact= 0.0131086408928968
AIAdultLD50Contact= 0.0228915298939683
AILarvaSlope= 2.11869619130157
AILarvaLD50= 0.775216473452747
AIKOW= 2.62054515304044
AIKOC= 15.0671940774191
AIHalfLife= 1.7605116032064
EAppRate= 0.271452252287418
