ICQueenStrength= 1.94394736574031
RQWkrDrnRatio= 3.54706928133965
ICDroneMiteSurvivorship= 86.6480014054105
ICWorkerMiteSurvivorship= 59.7647995455191
ICForagerLifespan= 12.0429509570822
ImmType= Polynomial
AIAdultSlope= 9.23949173418805
AIAdultLD50= 0.576917714904994
AIAdultSlopeContact= 7.79391595628113
AIAdultLD50Contact= 0.106411642953753
AILarvaSlope= 8.30801223404706
AILarvaLD50= 0.196156700607389
AIKOW= 26.8379623070359
AIKOC= 27.2702768910676
AIHalfLife= 9.19653149973601
EAppRate= 1.86702592251822
