ICQueenStrength= 4.0233308125753
RQWkrDrnRatio= 4.60497793462127
ICDroneMiteSurvivorship= 71.030788240023
ICWorkerMiteSurvivorship= 77.9132603202015
ICForagerLifespan= 12.0190907521173
ImmType= Cosine
AIAdultSlope= 8.84623955469579
