ICQueenStrength= 5.62866944842972
RQWkrDrnRatio= 1.53816295787692
ICDroneMiteSurvivorship= 47.3091746913269
ICWorkerMiteSurvivorship= 30.3177799098194
ICForagerLifespan= 13.3578875819221
ImmType= Exponential
AIAdultSlope= 2.412803010426
AIAdultLD50= 0.180155882961117
AIAdultSlopeContact= 3.35611077098642
AIAdultLD50Contact= 0.00244967233156785
AILarvaSlope= 0.515336506953463
AILarvaLD50= 0.58409797239583
AIKOW= 7.807821277529
AIKOC= 25.8928859152365
AIHalfLife= 2.87474821321666
EAppRate= 0.511732138576917
