ICQueenStrength= 3.55639891372994
RQWkrDrnRatio= 4.18749340530485
ICDroneMiteSurvivorship= 43.5319312848151
ICWorkerMiteSurvivorship= 79.9166900338605
ICForagerLifespan= 9.11798539943993
ImmType= Polynomial
AIAdultSlope= 1.58801720170304
AIAdultSlopeContact= 0.124982105274685
AIAdultLD50Contact= 0.048545705829747
AILarvaSlope= 0.756057835649699
AILarvaLD50= 0.873049670504406
AIKOW= 4.70391990989447
AIKOC= 24.5932500180788
AIHalfLife= 12.9556319192052
