ICQueenStrength= 2.44464805349708
RQWkrDrnRatio= 2.36678522452712
