ICQueenStrength= 1.71426630951464
RQWkrDrnRatio= 3.6291418261826
ICDroneMiteSurvivorship= 77.6101800380275
ICWorkerMiteSurvivorship= 69.0572598483413
ICForagerLifespan= 8.51362936012447
ImmType= Sine
AIAdultSlopeContact= 1.36362083845306
AIAdultLD50Contact= 0.00981967969564721
AILarvaSlope= 0.730502820713446
AILarvaLD50= 0.681428779754788
AIKOW= 7.89507241919637
AIKOC= 13.173961029388
AIHalfLife= 1.44971099309623
