ICQueenStrength= 1.64607091248035
RQWkrDrnRatio= 4.63843688275665
ICDroneMiteSurvivorship= 19.5960205979645
ICWorkerMiteSurvivorship= 35.3327036369592
ICForagerLifespan= 15.2075302964076
ImmType= Sine
AIAdultSlope= 0.264385325228795
AIAdultLD50= 1.97551101492718
AIAdultSlopeContact= 1.50107853320427
AIAdultLD50Contact= 0.0281363082351163
AILarvaSlope= 3.39301837100647
AILarvaLD50= 0.778289454546757
AIKOW= 2.95396884717047
AIKOC= 10.3619861253537
AIHalfLife= 10.5952373468317
EAppRate= 0.506390056572855
