ICQueenStrength= 2.3747697614599
RQWkrDrnRatio= 2.68550034146756
ICDroneMiteSurvivorship= 56.6898001125082
ICWorkerMiteSurvivorship= 0.242609390988946
ICForagerLifespan= 7.69827173836529
ImmType= Polynomial
AIAdultSlope= 3.91886635149596
AIAdultLD50= 0.113572510425001
AIAdultSlopeContact= 1.3716050607129
AIAdultLD50Contact= 0.0108755523106083
AILarvaSlope= 1.57128605269827
AILarvaLD50= 0.698987996438518
AIKOW= 5.01140331663191
AIKOC= 15.9625283337664
AIHalfLife= 3.72033753897995
EAppRate= 0.0275820389855653
