ICQueenStrength= 1.05996776511893
RQWkrDrnRatio= 1.223518056795
ICDroneMiteSurvivorship= 84.1829648241401
ICWorkerMiteSurvivorship= 53.7988804513589
ICForagerLifespan= 11.8417540108785
ImmType= Cosine
AIAdultSlope= 2.43196218386292
AIAdultLD50= 2.29159755050205
AIAdultSlopeContact= 3.70018741912907
AIAdultLD50Contact= 0.0173536341055296
AILarvaSlope= 0.122876596823335
AILarvaLD50= 0.875862555694766
AIKOW= 6.08448558207601
AIKOC= 14.3301839369815
AIHalfLife= 12.0966876000166
EAppRate= 0.385371086886153
