ICQueenStrength= 3.38847400760278
RQWkrDrnRatio= 2.31930473726243
ICDroneMiteSurvivorship= 73.2410764787346
ICWorkerMiteSurvivorship= 24.2536039790139
ICForagerLifespan= 15.0622187703848
ImmType= Polynomial
AIAdultSlope= 0.269213190767914
