ICQueenStrength= 2.86433395836502
RQWkrDrnRatio= 2.55588448885828
ICDroneMiteSurvivorship= 54.5695364708081
ICWorkerMiteSurvivorship= 93.4982762206346
ICForagerLifespan= 10.8842256935313
ImmType= Polynomial
AIAdultSlope= 0.490194626378361
AIAdultLD50= 0.467712282668799
AIAdultSlopeContact= 1.76493494019611
AIAdultLD50Contact= 0.03590715151513
AILarvaSlope= 0.990788306854665
AILarvaLD50= 0.88686328351032
AIKOW= 7.72565738111734
AIKOC= 13.8526546605863
AIHalfLife= 3.63426262629218
EAppRate= 0
