ICQueenStrength= 1.75621007126756
RQWkrDrnRatio= 2.48871146887541
ICDroneMiteSurvivorship= 48.4162115026265
ICWorkerMiteSurvivorship= 3.21350179146975
ICForagerLifespan= 11.9350209729746
ImmType= Sine
AIAdultSlope= 0.0235251725651324
AIAdultLD50= 2.33187941950746
AIAdultSlopeContact= 1.03141671555117
AIAdultLD50Contact= 0.0109905243501998
AILarvaSlope= 0.907995548564941
AILarvaLD50= 0.551849410682917
AIKOW= 2.08843315765262
AIKOC= 17.3536958359182
AIHalfLife= 2.68683590879664
EAppRate= 0.478908725082874
