ICQueenStrength= 5.52414557919838
RQWkrDrnRatio= 2.03731953725219
ICDroneMiteSurvivorship= 9.51884572859854
ICWorkerMiteSurvivorship= 10.4411246953532
ICForagerLifespan= 12.318534379825
ImmType= Exponential
AIAdultSlope= 9.05288160778582
