ICQueenStrength= 3.49576615169644
RQWkrDrnRatio= 4.02986862137914
ICDroneMiteSurvivorship= 62.1975417248905
ICWorkerMiteSurvivorship= 64.7515205899253
ICForagerLifespan= 14.1621566079557
ImmType= Logarithmic
AIAdultSlopeContact= 0.257051439851057
AIAdultLD50Contact= 0.0420204864232801
AILarvaSlope= 2.26030179313384
AILarvaLD50= 0.259729024395347
AIKOW= 7.23377072578296
AIKOC= 17.6986419141758
AIHalfLife= 3.06383684230968
