ICQueenStrength= 4.14909626031294
RQWkrDrnRatio= 1.37119113095105
ICDroneMiteSurvivorship= 61.6070098476484
ICWorkerMiteSurvivorship= 68.0449810111895
ICForagerLifespan= 12.2401709863916
ImmType= Cosine
AIAdultSlope= 1.97654575354652
AIAdultLD50= 0.196595656569116
AIAdultSlopeContact= 0.316782371622976
AIAdultLD50Contact= 0.0222756981384009
AILarvaSlope= 1.99190520285629
AILarvaLD50= 0.0613731585675851
AIKOW= 2.16302651632577
AIKOC= 6.82027095579542
AIHalfLife= 2.42923581507057
EAppRate= 0
