ICQueenStrength= 5.08213102491572
RQWkrDrnRatio= 1.00932936463505
ICDroneMiteSurvivorship= 43.2460296200588
ICWorkerMiteSurvivorship= 78.094869828783
ICForagerLifespan= 12.3183279726654
ImmType= Exponential
AIAdultSlope= 1.81247950432822
AIAdultLD50= 0.4924049989786
AIAdultSlopeContact= 3.57261486322386
AIAdultLD50Contact= 0.0234535062452778
AILarvaSlope= 2.81963190003298
AILarvaLD50= 0.404778436920606
AIKOW= 5.85412230761722
AIKOC= 25.2163519454189
AIHalfLife= 2.7178427844774
EAppRate= 0.550439933524467
