ICQueenStrength= 3.8736396075692
RQWkrDrnRatio= 3.57396116107702
ICDroneMiteSurvivorship= 49.126271577552
ICWorkerMiteSurvivorship= 42.0654414687306
ICForagerLifespan= 4.66836426965892
ImmType= Exponential
AIAdultSlope= 1.36443493019789
AIAdultLD50= 0.112718757009134
AIAdultSlopeContact= 0.186995624047704
AIAdultLD50Contact= 0.0432344024651684
AILarvaSlope= 0.18128071767278
AILarvaLD50= 0.442544438154437
AIKOW= 3.43970619468018
AIKOC= 23.0265018541832
AIHalfLife= 0.723224071552977
EAppRate= 0
