ICQueenStrength= 5.08499971497804
RQWkrDrnRatio= 1.57030897494406
ICDroneMiteSurvivorship= 22.8765214327723
ICWorkerMiteSurvivorship= 79.4065294321626
ICForagerLifespan= 6.8167207185179
ImmType= Polynomial
AIAdultSlopeContact= 3.04838989726966
AIAdultLD50Contact= 0.0188392164069228
AILarvaSlope= 0.700614601420239
AILarvaLD50= 0.443935719877481
AIKOW= 6.75985341938213
AIKOC= 5.00666016712785
AIHalfLife= 4.98550256714225
