ICQueenStrength= 1.88599585113116
RQWkrDrnRatio= 1.4584567938
ICDroneMiteSurvivorship= 34.2563859885558
ICWorkerMiteSurvivorship= 75.6171663990244
ICForagerLifespan= 14.347310510464
ImmType= Logarithmic
AIAdultSlopeContact= 3.92367676028051
AIAdultLD50Contact= 0.0103842394193634
AILarvaSlope= 1.09837328605354
AILarvaLD50= 0.806750024459325
AIKOW= 6.29494665889069
AIKOC= 12.3413606558461
AIHalfLife= 6.97927110968158
