ICQueenStrength= 2.9518196512945
RQWkrDrnRatio= 3.80331888049841
ICDroneMiteSurvivorship= 24.484869139269
ICWorkerMiteSurvivorship= 7.83408526331186
ICForagerLifespan= 11.8622028818354
ImmType= Logarithmic
AIAdultSlope= 0.368184094177559
AIAdultLD50= 1.84162721922621
AIAdultSlopeContact= 2.37231206308818
AIAdultLD50Contact= 0.0303715606220067
AILarvaSlope= 2.28007331732661
AILarvaLD50= 0.719499220722355
AIKOW= 5.42168532451615
AIKOC= 29.4242743356153
AIHalfLife= 5.58643590006977
EAppRate= 0.302375497063622
