ICQueenStrength= 3.04285366809927
RQWkrDrnRatio= 2.54475838877261
ICDroneMiteSurvivorship= 98.103763256222
ICWorkerMiteSurvivorship= 63.6067201849073
ICForagerLifespan= 15.6513947891071
ImmType= Exponential
AIAdultSlope= 0.795992141123861
AIAdultLD50= 1.06472473614849
AIAdultSlopeContact= 3.70877823670395
AIAdultLD50Contact= 0.029804874677211
AILarvaSlope= 3.12377478876151
AILarvaLD50= 0.794285434973426
AIKOW= 4.80604096828029
AIKOC= 17.4529379245359
AIHalfLife= 10.7012629150413
EAppRate= 0.872622345108539
