ICQueenStrength= 2.31795237679034
RQWkrDrnRatio= 2.38119165133685
