ICQueenStrength= 1.0904825120233
RQWkrDrnRatio= 4.53454527072608
ICDroneMiteSurvivorship= 89.218691480346
ICWorkerMiteSurvivorship= 30.1709082210436
ICForagerLifespan= 5.3029817705974
ImmType= Exponential
AIAdultSlope= 2.43637181874365
AIAdultLD50= 2.04156800382771
AIAdultSlopeContact= 2.65807818377623
AIAdultLD50Contact= 0.0265328668057919
AILarvaSlope= 0.627960000745952
AILarvaLD50= 0.813027385971509
AIKOW= 4.58721476048231
AIKOC= 23.0025817477144
AIHalfLife= 2.78271020017564
EAppRate= 0.233291348209605
