ICQueenStrength= 5.32170573505573
RQWkrDrnRatio= 1.14032849762589
ICDroneMiteSurvivorship= 7.19197927974164
ICWorkerMiteSurvivorship= 44.2386981798336
ICForagerLifespan= 8.91026356630027
ImmType= Logarithmic
AIAdultSlope= 2.97869421956129
AIAdultLD50= 2.58427285496145
AIAdultSlopeContact= 1.71825884771068
AIAdultLD50Contact= 0.0342010719119571
AILarvaSlope= 0.32385802869685
AILarvaLD50= 0.726939595397562
AIKOW= 5.12360929092392
AIKOC= 25.7434172509238
AIHalfLife= 0.766504415310919
EAppRate= 0.120107750874013
