ICQueenStrength= 3.85606883582659
RQWkrDrnRatio= 3.98119737487286
ICDroneMiteSurvivorship= 40.4065658105537
ICWorkerMiteSurvivorship= 45.4748051473871
ICForagerLifespan= 12.7595754982904
ImmType= Tangent
AIAdultSlope= 1.6762755648233
AIAdultLD50= 0.0981999302748591
AIAdultSlopeContact= 6.84107291279361
AIAdultLD50Contact= 0.178270993195474
AILarvaSlope= 1.13700675778091
AILarvaLD50= 1.83471159543842
AIKOW= 40.856240526773
AIKOC= 32.5600056210533
AIHalfLife= 3.25548669090495
EAppRate= 0.634185839444399
