ICQueenStrength= 3.025057063438
RQWkrDrnRatio= 3.05218336358666
ICDroneMiteSurvivorship= 11.6154359886423
ICWorkerMiteSurvivorship= 24.1389382863417
ICForagerLifespan= 13.5703525356948
ImmType= Polynomial
AIAdultSlope= 1.42088116961531
AIAdultLD50= 2.7885927662719
AIAdultSlopeContact= 3.27124119188637
AIAdultLD50Contact= 0.00370852212654427
AILarvaSlope= 1.39243146446534
AILarvaLD50= 0.447528085601516
AIKOW= 7.66239450871944
AIKOC= 27.1138096880168
AIHalfLife= 4.45602573268116
EAppRate= 0.322643561288714
