ICQueenStrength= 4.37270742165856
RQWkrDrnRatio= 3.80771242827177
ICDroneMiteSurvivorship= 85.1146323606372
ICWorkerMiteSurvivorship= 11.9625808205456
ICForagerLifespan= 8.94338812399656
ImmType= Cosine
AIAdultSlope= 2.2144080449827
AIAdultLD50= 2.64924344792962
AIAdultSlopeContact= 0.158361172552686
AIAdultLD50Contact= 0.0447546484996565
AILarvaSlope= 2.83609217344783
AILarvaLD50= 0.148243862064555
AIKOW= 4.33997323038056
AIKOC= 29.7786240302958
AIHalfLife= 6.87688859086484
EAppRate= 0.176978260045871
