ICQueenStrength= 4.74825327307917
RQWkrDrnRatio= 4.97058412432671
ICDroneMiteSurvivorship= 44.2030510632321
ICWorkerMiteSurvivorship= 81.6584396874532
ICForagerLifespan= 12.7919017886743
ImmType= Logarithmic
AIAdultSlope= 2.32204451537691
AIAdultLD50= 1.46744694490917
AIAdultSlopeContact= 3.22983701631194
AIAdultLD50Contact= 0.0455171140260063
AILarvaSlope= 0.404607703909278
AILarvaLD50= 0.015408331900835
AIKOW= 5.3322590677999
AIKOC= 24.2986341309734
AIHalfLife= 8.59948776476085
EAppRate= 0.384553002892062
