ICQueenStrength= 3.68187942681834
RQWkrDrnRatio= 3.35249345842749
ICDroneMiteSurvivorship= 17.5786796258762
ICWorkerMiteSurvivorship= 97.0471298089251
ICForagerLifespan= 11.2198893688619
ImmType= Logarithmic
AIAdultSlope= 1.51379038656363
AIAdultLD50= 0.20061024883762
AIAdultSlopeContact= 2.74850018876139
AIAdultLD50Contact= 0.0106681752251461
AILarvaSlope= 0.208344972832128
AILarvaLD50= 0.114110279688612
AIKOW= 4.05020033102483
AIKOC= 11.0608484316617
AIHalfLife= 1.99827690725215
EAppRate= 0.517911844304763
