ICQueenStrength= 3.07571331528015
RQWkrDrnRatio= 1.24958338122815
ICDroneMiteSurvivorship= 99.7754959389567
ICWorkerMiteSurvivorship= 11.9414359331131
ICForagerLifespan= 4.89288759697229
ImmType= Logarithmic
AIAdultSlopeContact= 1.06409309988376
AIAdultLD50Contact= 0.0148836359963752
AILarvaSlope= 2.83060792852193
AILarvaLD50= 0.793097441224381
AIKOW= 7.27579816943035
AIKOC= 5.72786455275491
AIHalfLife= 6.89740093424916
