ICQueenStrength= 4.96233721636236
RQWkrDrnRatio= 2.27136337012053
ICDroneMiteSurvivorship= 72.2611098783091
ICWorkerMiteSurvivorship= 81.2151619466022
ICForagerLifespan= 11.1579774776474
ImmType= Sine
AIAdultSlope= 0.852598549937829
AIAdultLD50= 2.37084803218022
AIAdultSlopeContact= 0.189558419894893
AIAdultLD50Contact= 0.00687209592433646
AILarvaSlope= 0.358340511005372
AILarvaLD50= 0.856479635112919
AIKOW= 5.79711469588801
AIKOC= 22.1421353123151
AIHalfLife= 4.00640489347279
EAppRate= 0.690932409605011
