ICQueenStrength= 4.78852635389194
RQWkrDrnRatio= 1.71924933977425
ICDroneMiteSurvivorship= 26.2907011900097
ICWorkerMiteSurvivorship= 66.0708429059014
ICForagerLifespan= 15.5005942117423
ImmType= Logarithmic
AIAdultSlope= 0.210649010073394
AIAdultLD50= 0.691721697337925
AIAdultSlopeContact= 3.12402513126377
AIAdultLD50Contact= 0.0418151709949598
AILarvaSlope= 3.03164402362891
AILarvaLD50= 0.503982680104673
AIKOW= 4.97068993747234
AIKOC= 13.8399577711243
AIHalfLife= 12.3928088713437
EAppRate= 0.0150665801484138
