ICQueenStrength= 5.63008305872791
RQWkrDrnRatio= 4.74286512471735
ICDroneMiteSurvivorship= 37.2098963009194
ICWorkerMiteSurvivorship= 2.73461607284844
ICForagerLifespan= 6.31056263670325
ImmType= Cosine
AIAdultSlope= 2.09412580644712
AIAdultLD50= 2.13277226896025
AIAdultSlopeContact= 1.77461378769949
AIAdultLD50Contact= 0.00508298844797537
AILarvaSlope= 0.719454280240461
AILarvaLD50= 0.633531136298552
AIKOW= 7.27281219046563
AIKOC= 14.2831507558003
AIHalfLife= 7.04010471515357
EAppRate= 0.44442221429199
