ICQueenStrength= 5.49195803375915
RQWkrDrnRatio= 3.39393035229295
ICDroneMiteSurvivorship= 41.1033030832186
ICWorkerMiteSurvivorship= 5.45854922384024
ICForagerLifespan= 12.1347017111257
ImmType= Exponential
AIAdultSlope= 0.329090453067329
AIAdultLD50= 0.00444749428424984
AIAdultSlopeContact= 2.5679322050605
AIAdultLD50Contact= 0.0459813371417113
AILarvaSlope= 1.60130957481451
AILarvaLD50= 0.167771209962666
AIKOW= 3.22426630090922
AIKOC= 13.2197470241226
AIHalfLife= 2.19010964385234
EAppRate= 0.658247433346696
