ICQueenStrength= 1.24598751682788
RQWkrDrnRatio= 3.71299556270242
ICDroneMiteSurvivorship= 49.3297298438847
ICWorkerMiteSurvivorship= 99.3517152266577
ICForagerLifespan= 13.4476669514552
ImmType= Sine
AIAdultSlope= 1.93278901447775
AIAdultLD50= 0.0238444093847647
AIAdultSlopeContact= 1.84420814753277
AIAdultLD50Contact= 0.0338561853161082
AILarvaSlope= 3.00216232156381
AILarvaLD50= 0.836937656602822
AIKOW= 5.59641171898693
AIKOC= 29.4131693267263
AIHalfLife= 2.37737578107044
EAppRate= 0.348796224058606
