ICQueenStrength= 1.81736452295445
RQWkrDrnRatio= 4.6387525992468
ICDroneMiteSurvivorship= 98.2000844320282
ICWorkerMiteSurvivorship= 82.6065184548497
ICForagerLifespan= 13.7273428272456
ImmType= Tangent
AIAdultSlopeContact= 0.16488127337303
AIAdultLD50Contact= 0.0106063830433413
AILarvaSlope= 1.66117810383439
AILarvaLD50= 0.455977038969286
AIKOW= 2.76481252582744
AIKOC= 22.4292380106635
AIHalfLife= 0.985124225728214
