ICQueenStrength= 1.31829849234782
RQWkrDrnRatio= 3.43833340704441
ICDroneMiteSurvivorship= 36.3295747200027
ICWorkerMiteSurvivorship= 91.9128020759672
ICForagerLifespan= 9.29003704339266
ImmType= Cosine
AIAdultSlope= 2.74060973271495
AIAdultLD50= 0.342000332777388
AIAdultSlopeContact= 3.11457333975239
AIAdultLD50Contact= 0.0435689445352182
AILarvaSlope= 3.00578556251712
AILarvaLD50= 0.464713084464893
AIKOW= 6.28240185556933
AIKOC= 20.8161384926643
AIHalfLife= 1.14906477625482
EAppRate= 0.694531183829531
