ICQueenStrength= 3.35273435944691
RQWkrDrnRatio= 1.33499904442579
ICDroneMiteSurvivorship= 45.218347129412
ICWorkerMiteSurvivorship= 99.3641701061279
ICForagerLifespan= 12.6592039009556
ImmType= Tangent
AIAdultSlope= 1.15996403142577
AIAdultLD50= 0.150365009205416
AIAdultSlopeContact= 0.129305581063963
AIAdultLD50Contact= 0.00397266889922321
AILarvaSlope= 2.16186467264779
AILarvaLD50= 0.891288544493727
AIKOW= 5.03938744170591
AIKOC= 10.7805922697298
AIHalfLife= 2.41212078952231
EAppRate= 0.0525560836773366
