ICQueenStrength= 4.77338108140975
RQWkrDrnRatio= 4.18461221829057
ICDroneMiteSurvivorship= 84.6308389911428
ICWorkerMiteSurvivorship= 80.3314868127927
ICForagerLifespan= 14.9106437163427
ImmType= Tangent
AIAdultSlopeContact= 2.60314105584053
AIAdultLD50Contact= 0.044225632911548
AILarvaSlope= 2.91978767383844
AILarvaLD50= 0.213509669923224
AIKOW= 2.50133956456557
AIKOC= 16.4384327025618
AIHalfLife= 8.85789958108217
