ICQueenStrength= 5.82151542790234
RQWkrDrnRatio= 3.49754509702325
ICDroneMiteSurvivorship= 97.0661871135235
ICWorkerMiteSurvivorship= 29.1453758953139
ICForagerLifespan= 7.70469469577074
ImmType= Cosine
AIAdultSlope= 0.70146872671321
AIAdultLD50= 0.47225118521601
AIAdultSlopeContact= 0.933644797881134
AIAdultLD50Contact= 0.0348061008495279
AILarvaSlope= 0.914098784234375
AILarvaLD50= 0.136038256622851
AIKOW= 7.76785786496475
AIKOC= 8.2357003481593
AIHalfLife= 7.91552612325177
EAppRate= 0.290388248628005
