ICQueenStrength= 2.52737817843445
RQWkrDrnRatio= 1.02790435776114
ICDroneMiteSurvivorship= 14.4233256112784
ICWorkerMiteSurvivorship= 91.4610084611923
ICForagerLifespan= 8.85907722264528
ImmType= Sine
AIAdultSlope= 1.21809602388879
AIAdultLD50= 0.223422048147768
AIAdultSlopeContact= 2.17768607502803
AIAdultLD50Contact= 0.0120682730455883
AILarvaSlope= 0.0349817303940654
AILarvaLD50= 0.188756063953042
AIKOW= 7.14033785648644
AIKOC= 6.39949700678699
AIHalfLife= 4.98681405559182
EAppRate= 0.412446597847156
