ICQueenStrength= 5.28803735761903
RQWkrDrnRatio= 3.45512016955763
ICDroneMiteSurvivorship= 24.2252670461312
ICWorkerMiteSurvivorship= 74.7048038290814
ICForagerLifespan= 9.69400059524924
ImmType= Tangent
AIAdultSlope= 2.362266794967
AIAdultLD50= 0.483972718939185
AIAdultSlopeContact= 0.128452611761168
AIAdultLD50Contact= 0.048727917810902
AILarvaSlope= 0.149432423431426
AILarvaLD50= 0.125870467652567
AIKOW= 6.6208911347203
AIKOC= 7.22196137183346
AIHalfLife= 1.16256500361487
EAppRate= 0.0701456340961158
