ICQueenStrength= 5.95298387832008
RQWkrDrnRatio= 3.47093516588211
ICDroneMiteSurvivorship= 63.6730836704373
ICWorkerMiteSurvivorship= 88.1993424147367
ICForagerLifespan= 13.1979882447049
ImmType= Exponential
AIAdultSlopeContact= 2.91055891555734
AIAdultLD50Contact= 0.0325427933596075
AILarvaSlope= 2.58218430704437
AILarvaLD50= 0.623426859942265
AIKOW= 2.91356389410794
AIKOC= 20.7283020264003
AIHalfLife= 13.904899538029
