ICQueenStrength= 3.76966428966261
RQWkrDrnRatio= 4.611478112638
ICDroneMiteSurvivorship= 57.7462760265917
ICWorkerMiteSurvivorship= 77.0913784392178
ICForagerLifespan= 14.667845107615
ImmType= Tangent
AIAdultSlope= 2.27500532027334
AIAdultLD50= 0.0520570054650307
AIAdultSlopeContact= 1.72345334257465
AIAdultLD50Contact= 0.0116383042070083
AILarvaSlope= 0.446083747362718
AILarvaLD50= 0.0777892066631466
AIKOW= 2.06868611462414
AIKOC= 27.661031462485
AIHalfLife= 3.61494601564482
EAppRate= 0.369381686439738
