ICQueenStrength= 3.21594863454811
RQWkrDrnRatio= 1.36835083644837
ICDroneMiteSurvivorship= 93.4925929410383
ICWorkerMiteSurvivorship= 29.0003650123253
ICForagerLifespan= 15.559729876928
ImmType= Polynomial
AIAdultSlopeContact= 2.49092189156916
AIAdultLD50Contact= 0.0381154771428555
AILarvaSlope= 1.95813113870099
AILarvaLD50= 0.109568314743228
AIKOW= 7.27989645628259
AIKOC= 26.6874320467468
AIHalfLife= 6.84549829177558
