ICQueenStrength= 4.88790103257634
RQWkrDrnRatio= 2.49118530750275
ICDroneMiteSurvivorship= 86.5724310046062
ICWorkerMiteSurvivorship= 77.9274308355525
ICForagerLifespan= 12.3470618128777
ImmType= Logarithmic
AIAdultSlope= 2.23273236933164
AIAdultSlopeContact= 3.26549319965998
AIAdultLD50Contact= 0.0303019566345029
AILarvaSlope= 2.0419851412531
AILarvaLD50= 0.464411242073402
AIKOW= 2.43172403937206
AIKOC= 5.04349664086476
AIHalfLife= 7.54878711467609
