ICQueenStrength= 1.57457296364009
RQWkrDrnRatio= 1.09843189269304
