ICQueenStrength= 1.98435953259468
RQWkrDrnRatio= 2.24162953905761
ICDroneMiteSurvivorship= 76.7256065504625
ICWorkerMiteSurvivorship= 50.9398952126503
ICForagerLifespan= 15.6885041063651
ImmType= Tangent
AIAdultSlopeContact= 3.28757888902444
AIAdultLD50Contact= 0.00208725035190582
AILarvaSlope= 1.96900053541176
AILarvaLD50= 0.0508016279898584
AIKOW= 3.33287601964548
AIKOC= 25.3180518408772
AIHalfLife= 8.34108255896717
