ICQueenStrength= 1.02701726276428
RQWkrDrnRatio= 3.18996463995427
ICDroneMiteSurvivorship= 78.9792316965759
ICWorkerMiteSurvivorship= 90.2834457112476
ICForagerLifespan= 11.6093514962122
ImmType= Sine
AIAdultSlope= 0.444253782974556
AIAdultLD50= 2.58668181672692
AIAdultSlopeContact= 2.80413324493216
AIAdultLD50Contact= 0.0412556828814559
AILarvaSlope= 3.22926098541357
AILarvaLD50= 0.579107346595265
AIKOW= 5.27114217774943
AIKOC= 8.90761632588692
AIHalfLife= 10.5155283934437
EAppRate= 0.838668317534029
