ICQueenStrength= 3.54859770415351
RQWkrDrnRatio= 2.74854053556919
ICDroneMiteSurvivorship= 26.9980560056865
ICWorkerMiteSurvivorship= 32.5418750289828
ICForagerLifespan= 5.58785021305084
ImmType= Polynomial
AIAdultSlope= 0.474776493106037
AIAdultLD50= 0.215281895594671
AIAdultSlopeContact= 0.0908032819395885
AIAdultLD50Contact= 0.0133922203443944
AILarvaSlope= 0.0668928447645157
AILarvaLD50= 0.0395093945553526
AIKOW= 4.84954554215074
AIKOC= 24.7208077413961
AIHalfLife= 2.35317408805713
EAppRate= 0.594345673546195
