ICQueenStrength= 2.83446789626032
RQWkrDrnRatio= 3.29715113062412
ICDroneMiteSurvivorship= 18.5391893144697
ICWorkerMiteSurvivorship= 65.1017108466476
ICForagerLifespan= 15.0117155462503
ImmType= Cosine
AIAdultSlope= 0.641449365096632
AIAdultLD50= 0.33611600077711
AIAdultSlopeContact= 0.123386879134923
AIAdultLD50Contact= 0.0424091039225459
AILarvaSlope= 0.529633919009939
AILarvaLD50= 0.390593990706839
AIKOW= 3.7576530999504
AIKOC= 24.454594765557
AIHalfLife= 4.94908600114286
EAppRate= 0.232419707835652
