ICQueenStrength= 2.61450443789363
RQWkrDrnRatio= 2.54826907627285
ICDroneMiteSurvivorship= 53.6475774133578
ICWorkerMiteSurvivorship= 76.0859728092328
ICForagerLifespan= 15.3303884752095
ImmType= Tangent
AIAdultSlope= 0.226640291512012
AIAdultLD50= 0.820402503246441
AIAdultSlopeContact= 3.80755205638707
AIAdultLD50Contact= 0.0260624960996211
AILarvaSlope= 6.56558784190565
AILarvaLD50= 1.23709033243358
AIKOW= 99.8589757364243
AIKOC= 75.0017385464162
AIHalfLife= 5.42303048912436
EAppRate= 0.959098265040666
