ICQueenStrength= 5.11817087209783
RQWkrDrnRatio= 2.63138267397881
ICDroneMiteSurvivorship= 40.0068775285035
ICWorkerMiteSurvivorship= 11.2116295844316
ICForagerLifespan= 7.99220908153802
ImmType= Sine
AIAdultSlope= 0.763021835964173
AIAdultLD50= 1.40672205621377
AIAdultSlopeContact= 0.0520885388483293
AIAdultLD50Contact= 0.0328540134942159
AILarvaSlope= 0.486747898673639
AILarvaLD50= 0.829348466685042
AIKOW= 3.9086366025731
AIKOC= 6.08548480784521
AIHalfLife= 5.01216349657625
EAppRate= 0.219832027098164
