ICQueenStrength= 1.35011523286812
RQWkrDrnRatio= 1.76776530221105
ICDroneMiteSurvivorship= 20.2060359530151
ICWorkerMiteSurvivorship= 42.3519774107262
ICForagerLifespan= 9.12022035568953
ImmType= Polynomial
AIAdultLD50= 0.154012839635834
AIAdultSlopeContact= 0.601630688952282
AIAdultLD50Contact= 0.0293403224204667
AILarvaSlope= 2.64405330442823
AILarvaLD50= 0.546302355173975
AIKOW= 7.82622305862606
AIKOC= 10.4077867884189
AIHalfLife= 6.68382752174512
EAppRate= 1.55172758782282
