ICQueenStrength= 1.77000718563795
RQWkrDrnRatio= 3.82729446329176
ICDroneMiteSurvivorship= 0.675682141445577
ICWorkerMiteSurvivorship= 31.1921708052978
ICForagerLifespan= 4.84267247840762
ImmType= Cosine
AIAdultSlopeContact= 3.47001823219238
AIAdultLD50Contact= 0.0442399160005152
AILarvaSlope= 1.59463148461655
AILarvaLD50= 0.824083697539754
AIKOW= 4.57054989272729
AIKOC= 20.2211833163165
AIHalfLife= 11.3672061357647
