ICQueenStrength= 2.93768288823776
RQWkrDrnRatio= 3.13580755423754
ICDroneMiteSurvivorship= 58.1285786116496
ICWorkerMiteSurvivorship= 24.5998917147517
ICForagerLifespan= 6.92444379534572
ImmType= Cosine
AIAdultSlopeContact= 1.07933581016259
AIAdultLD50Contact= 0.0204427911201492
AILarvaSlope= 0.597730710171163
AILarvaLD50= 0.19580279616639
AIKOW= 7.11731800157577
AIKOC= 14.2119824839756
AIHalfLife= 2.43947140872478
