ICQueenStrength= 2.28408661112189
RQWkrDrnRatio= 3.78055599797517
ICDroneMiteSurvivorship= 64.4809092860669
ICWorkerMiteSurvivorship= 94.209336140193
ICForagerLifespan= 12.5968867531046
ImmType= Cosine
AIAdultSlope= 0.459037918278482
AIAdultLD50= 0.419939866755158
AIAdultSlopeContact= 2.93379888719413
AIAdultLD50Contact= 0.0393571496824734
AILarvaSlope= 1.06839956897311
AILarvaLD50= 0.0700941989896819
AIKOW= 4.27284875931218
AIKOC= 13.0653116456233
AIHalfLife= 0.352649302221835
EAppRate= 0
