ICQueenStrength= 4.23156803380698
RQWkrDrnRatio= 1.58750808238983
ICDroneMiteSurvivorship= 58.1131587270647
ICWorkerMiteSurvivorship= 35.4284402215853
ICForagerLifespan= 15.4717947803438
ImmType= Cosine
AIAdultSlope= 1.14801983964164
AIAdultLD50= 0.298615877050906
AIAdultSlopeContact= 2.88921967567178
AIAdultLD50Contact= 0.0115759538020939
AILarvaSlope= 3.20120004452765
AILarvaLD50= 0.897304856032133
AIKOW= 4.09855243330821
AIKOC= 25.9065572707914
AIHalfLife= 4.91064204252325
EAppRate= 0.300794019759633
