ICQueenStrength= 3.93676544562913
RQWkrDrnRatio= 3.73698998149484
ICDroneMiteSurvivorship= 62.945673125796
ICWorkerMiteSurvivorship= 1.26033332198858
ICForagerLifespan= 15.9532344844192
ImmType= Exponential
AIAdultSlope= 2.69731005444191
AIAdultLD50= 0.473933472996578
AIAdultSlopeContact= 0.867064437016379
AIAdultLD50Contact= 0.0345425689243712
AILarvaSlope= 2.53876738157123
AILarvaLD50= 0.468895283876918
AIKOW= 2.45337989879772
AIKOC= 14.0368311095517
AIHalfLife= 7.09319430915639
EAppRate= 0.121245734859258
