ICQueenStrength= 3.09440041333437
RQWkrDrnRatio= 1.20478653442115
