ICQueenStrength= 4.07409128756262
RQWkrDrnRatio= 1.50333799049258
ICDroneMiteSurvivorship= 33.6569733684883
ICWorkerMiteSurvivorship= 38.4835024131462
ICForagerLifespan= 11.343702849932
ImmType= Sine
AIAdultSlope= 1.01946770413779
AIAdultLD50= 2.64208734850399
AIAdultSlopeContact= 3.52901159205241
AIAdultLD50Contact= 0.0287300839554518
AILarvaSlope= 3.23321180995554
AILarvaLD50= 0.800584781379439
AIKOW= 4.19297089008614
AIKOC= 9.75281082908623
AIHalfLife= 0.105789629742503
EAppRate= 0.400062672793865
