ICQueenStrength= 1.3740898903925
RQWkrDrnRatio= 3.90004037413746
ICDroneMiteSurvivorship= 46.8019076157361
ICWorkerMiteSurvivorship= 18.1135148042813
ICForagerLifespan= 14.3169990647584
ImmType= Cosine
AIAdultSlope= 1.4063119454775
AIAdultLD50= 0.979501919355243
AIAdultSlopeContact= 0.433397033256479
AIAdultLD50Contact= 0.0163818388595246
AILarvaSlope= 3.21378197846934
AILarvaLD50= 0.259277518722229
AIKOW= 5.49812961835414
AIKOC= 11.6256331221666
AIHalfLife= 2.14834392815828
EAppRate= 0.585128067759797
