ICQueenStrength= 1.49097743700258
RQWkrDrnRatio= 2.00080912932754
ICDroneMiteSurvivorship= 8.70687598362565
ICWorkerMiteSurvivorship= 66.5250536520034
ICForagerLifespan= 4.78810229059309
ImmType= Sine
AIAdultSlopeContact= 5.99573334911838
AIAdultLD50Contact= 0.116720923408866
AILarvaSlope= 8.11004338087514
AILarvaLD50= 0.66465318063274
AIKOW= 95.56732585188
AIKOC= 43.6498887836933
AIHalfLife= 8.35734097240493
