ICQueenStrength= 5.93699079263024
RQWkrDrnRatio= 1.40863689035177
ICDroneMiteSurvivorship= 50.8519304217771
ICWorkerMiteSurvivorship= 10.3207969106734
ICForagerLifespan= 4.85991701763123
ImmType= Cosine
AIAdultSlope= 0.799791998339351
AIAdultLD50= 0.349704273045063
AIAdultSlopeContact= 3.86542744338512
AIAdultLD50Contact= 0.0475410299375653
AILarvaSlope= 3.19680705671199
AILarvaLD50= 0.895602786331438
AIKOW= 5.16120059834793
AIKOC= 20.9264235058799
AIHalfLife= 4.56726195872761
EAppRate= 0
