ICQueenStrength= 5.61621144437231
RQWkrDrnRatio= 1.25016046315432
ICDroneMiteSurvivorship= 10.2446894859895
ICWorkerMiteSurvivorship= 5.92194905038923
ICForagerLifespan= 11.4229574296623
ImmType= Tangent
AIAdultSlope= 1.82241748675006
AIAdultLD50= 0.325050835264847
AIAdultSlopeContact= 1.0851331432513
AIAdultLD50Contact= 0.0311658368445933
AILarvaSlope= 0.291316543193534
AILarvaLD50= 0.0670886897016317
AIKOW= 7.24498035339639
AIKOC= 27.6549173356034
AIHalfLife= 4.70681713428348
EAppRate= 0
