ICQueenStrength= 1.42171924374998
RQWkrDrnRatio= 4.04666981287301
ICDroneMiteSurvivorship= 68.9626621548086
ICWorkerMiteSurvivorship= 23.7471392378211
ICForagerLifespan= 12.0307318381965
ImmType= Logarithmic
AIAdultSlope= 0.110546292504296
AIAdultLD50= 0.35443599591963
AIAdultSlopeContact= 2.39278885767795
AIAdultLD50Contact= 0.0147988983313553
AILarvaSlope= 0.844634871557355
AILarvaLD50= 0.737980209337547
AIKOW= 6.91305706184357
AIKOC= 29.1847681056242
AIHalfLife= 10.7320102197118
EAppRate= 0.574980037752539
