ICQueenStrength= 4.28702080994844
RQWkrDrnRatio= 1.8479750752449
ICDroneMiteSurvivorship= 92.0695804292336
ICWorkerMiteSurvivorship= 22.1265327883884
ICForagerLifespan= 8.43795883469284
ImmType= Tangent
AIAdultSlope= 1.03199974866584
