ICQueenStrength= 3.15887062717229
RQWkrDrnRatio= 4.44091043807566
ICDroneMiteSurvivorship= 27.9574905289337
ICWorkerMiteSurvivorship= 33.8835969334468
ICForagerLifespan= 12.4254688089713
ImmType= Cosine
AIAdultSlope= 3.87520818068879
AIAdultLD50= 0.0776526499539614
AIAdultSlopeContact= 1.95510808356805
AIAdultLD50Contact= 0.0247660226421431
AILarvaSlope= 1.21724339923821
AILarvaLD50= 0.458266385877505
AIKOW= 3.91909847781062
AIKOC= 9.91756639094092
AIHalfLife= 1.53977651149035
EAppRate= 0
