ICQueenStrength= 1.66157669527456
RQWkrDrnRatio= 2.60173069965094
ICDroneMiteSurvivorship= 60.4036295553669
ICWorkerMiteSurvivorship= 44.6507784537971
ICForagerLifespan= 8.93030238058418
ImmType= Cosine
AIAdultSlope= 0.8538410323672
AIAdultLD50= 0.254631030140445
AIAdultSlopeContact= 9.25643333466724
AIAdultLD50Contact= 0.0693032159470022
AILarvaSlope= 5.88207160355523
AILarvaLD50= 1.60700959945098
AIKOW= 74.411018169485
AIKOC= 11.3723837770522
AIHalfLife= 7.53483906108886
EAppRate= 0.940984636545181
