ICQueenStrength= 1.57329431409016
RQWkrDrnRatio= 1.27387822791934
ICDroneMiteSurvivorship= 83.1481139175594
ICWorkerMiteSurvivorship= 85.9033738262951
ICForagerLifespan= 7.73042505141348
ImmType= Polynomial
AIAdultSlope= 0.058172811428085
AIAdultLD50= 1.98137731687166
AIAdultSlopeContact= 1.0007105389447
AIAdultLD50Contact= 0.00921410735463724
AILarvaSlope= 0.732927157124504
AILarvaLD50= 0.330306296772324
AIKOW= 6.66596747329459
AIKOC= 29.9186857079621
AIHalfLife= 1.90548421256244
EAppRate= 0.758220879128203
