ICQueenStrength= 2.0410054132808
RQWkrDrnRatio= 3.75900512561202
ICDroneMiteSurvivorship= 10.2459510555491
ICWorkerMiteSurvivorship= 22.7751352824271
ICForagerLifespan= 11.0864372467622
ImmType= Cosine
AIAdultSlope= 1.98847749149427
AIAdultLD50= 2.3148994250223
AIAdultSlopeContact= 3.84929846514948
AIAdultLD50Contact= 0.0344375658314675
AILarvaSlope= 3.07942309286445
AILarvaLD50= 0.567318087047897
AIKOW= 6.10765667445958
AIKOC= 28.0970943463035
AIHalfLife= 2.47095564380288
EAppRate= 0.643207783577964
