ICQueenStrength= 3.17216961784288
RQWkrDrnRatio= 2.91283658519387
ICDroneMiteSurvivorship= 92.7412608172745
ICWorkerMiteSurvivorship= 95.7075196318328
ICForagerLifespan= 12.5229276446626
ImmType= Sine
AIAdultSlopeContact= 6.5904432348907
AIAdultLD50Contact= 0.0325164766516537
AILarvaSlope= 3.82763068424538
AILarvaLD50= 0.25518815452233
AIKOW= 26.3954685069621
AIKOC= 18.3449379634112
AIHalfLife= 4.16049216268584
