ICQueenStrength= 2.97633857489564
RQWkrDrnRatio= 3.11673661507666
ICDroneMiteSurvivorship= 98.4269019914791
ICWorkerMiteSurvivorship= 22.6096828468144
ICForagerLifespan= 4.70131460949779
ImmType= Sine
AIAdultSlope= 2.97948536640033
AIAdultLD50= 0.475120290415362
AIAdultSlopeContact= 0.243604886841495
AIAdultLD50Contact= 0.0444983023684472
AILarvaSlope= 0.452500987099484
AILarvaLD50= 0.182352101546712
AIKOW= 6.33160860463977
AIKOC= 6.3941949873697
AIHalfLife= 3.11009769607335
EAppRate= 0.0914702147711068
