ICQueenStrength= 5.68433844391257
RQWkrDrnRatio= 1.79573461040854
ICDroneMiteSurvivorship= 31.2365717953071
ICWorkerMiteSurvivorship= 38.0607224535197
ICForagerLifespan= 13.2111799158156
ImmType= Exponential
AIAdultSlope= 2.35703567442019
AIAdultLD50= 0.0340246212435886
AIAdultSlopeContact= 1.8277075412753
AIAdultLD50Contact= 0.0454363795230165
AILarvaSlope= 1.08580072335899
AILarvaLD50= 0.529497972247191
AIKOW= 6.83851649658754
AIKOC= 15.6847099028528
AIHalfLife= 2.68294185982086
EAppRate= 0.446523267542943
