ICQueenStrength= 5.91946189897135
RQWkrDrnRatio= 1.87783286254853
ICDroneMiteSurvivorship= 39.7544723004103
ICWorkerMiteSurvivorship= 80.3829785203561
ICForagerLifespan= 7.49004226084799
ImmType= Cosine
AIAdultSlope= 2.95467515491415
AIAdultLD50= 0.0861999688204378
AIAdultSlopeContact= 0.711726722039748
AIAdultLD50Contact= 0.0240739350323565
AILarvaSlope= 1.87826275099069
AILarvaLD50= 0.274165282049216
AIKOW= 2.58385162288323
AIKOC= 16.645463120658
AIHalfLife= 1.63558036088943
EAppRate= 0
