ICQueenStrength= 1.49762057256885
RQWkrDrnRatio= 3.41898204106838
ICDroneMiteSurvivorship= 31.4443840179592
ICWorkerMiteSurvivorship= 29.0138529380783
ICForagerLifespan= 14.1943528195843
ImmType= Polynomial
AIAdultSlope= 3.36365369712003
AIAdultLD50= 0.848794881720096
AIAdultSlopeContact= 0.132121393976267
AIAdultLD50Contact= 0.0425691561657004
AILarvaSlope= 2.12184782531112
AILarvaLD50= 0.204269277770072
AIKOW= 3.19753626920283
AIKOC= 12.107154437108
AIHalfLife= 4.24783237371594
EAppRate= 0.148992379661649
