ICQueenStrength= 4.43708656379022
RQWkrDrnRatio= 1.21742237452418
ICDroneMiteSurvivorship= 98.1400547083467
ICWorkerMiteSurvivorship= 55.4055684246123
ICForagerLifespan= 6.30094412621111
ImmType= Tangent
AIAdultSlopeContact= 0.438008777427021
AIAdultLD50Contact= 0.0177966964314692
AILarvaSlope= 2.86377945584245
AILarvaLD50= 0.416782942065038
AIKOW= 5.27517790626734
AIKOC= 19.9769677082077
AIHalfLife= 10.0164391896687
