ICQueenStrength= 3.76613459689543
RQWkrDrnRatio= 1.11702949926257
ICDroneMiteSurvivorship= 83.837421471253
ICWorkerMiteSurvivorship= 80.5738083319739
ICForagerLifespan= 11.9172700354829
ImmType= Sine
AIAdultSlope= 0.584857346909121
AIAdultLD50= 2.07217327225953
AIAdultSlopeContact= 2.28758863077499
AIAdultLD50Contact= 0.0216592964483425
AILarvaSlope= 3.00138857145794
AILarvaLD50= 0.597547699534334
AIKOW= 6.98281181324273
AIKOC= 14.9976450321265
AIHalfLife= 8.3597599430941
EAppRate= 0.52879381692037
