ICQueenStrength= 4.71113312547095
RQWkrDrnRatio= 2.09091135300696
ICDroneMiteSurvivorship= 54.3730339035392
ICWorkerMiteSurvivorship= 1.95268727838993
ICForagerLifespan= 14.3210645755753
ImmType= Tangent
AIAdultSlopeContact= 3.12665307044517
AIAdultLD50Contact= 0.0226951340795495
AILarvaSlope= 2.89930601208471
AILarvaLD50= 0.827281572972424
AIKOW= 5.57085981406271
AIKOC= 21.7674504336901
AIHalfLife= 2.5290003400296
