ICQueenStrength= 3.14824486989528
RQWkrDrnRatio= 1.8363649006933
ICDroneMiteSurvivorship= 54.5632029417902
ICWorkerMiteSurvivorship= 32.1445603389293
ICForagerLifespan= 13.6652291081846
ImmType= Polynomial
AIAdultSlope= 0.637662597801536
AIAdultLD50= 0.293220127583481
AIAdultSlopeContact= 3.88777427523164
AIAdultLD50Contact= 0.00166837985161692
AILarvaSlope= 3.3143143334426
AILarvaLD50= 0.514701452222653
AIKOW= 4.0612026671879
AIKOC= 24.6841300348751
AIHalfLife= 3.28978489735164
EAppRate= 0.197034021979198
