ICQueenStrength= 4.45167034887709
RQWkrDrnRatio= 2.63925344962627
ICDroneMiteSurvivorship= 5.99209594074637
ICWorkerMiteSurvivorship= 6.70882400590926
ICForagerLifespan= 14.7348729996011
ImmType= Cosine
AIAdultSlope= 1.53696478465572
AIAdultLD50= 2.80329851992428
AIAdultSlopeContact= 0.151402372419834
AIAdultLD50Contact= 0.0178870318108238
AILarvaSlope= 1.21648704744875
AILarvaLD50= 0.291280393651687
AIKOW= 7.32365118106827
AIKOC= 8.49761663237587
AIHalfLife= 3.46919131325558
EAppRate= 0.287075906293467
