ICQueenStrength= 5.07828383264132
RQWkrDrnRatio= 3.1408164575696
ICDroneMiteSurvivorship= 25.9501667693257
ICWorkerMiteSurvivorship= 37.204069760628
ICForagerLifespan= 10.4332360103726
ImmType= Sine
AIAdultSlope= 3.87869101017714
