ICQueenStrength= 5.73766427254304
RQWkrDrnRatio= 1.20771330595016
ICDroneMiteSurvivorship= 16.1963733145967
ICWorkerMiteSurvivorship= 52.7895298786461
ICForagerLifespan= 10.5724623668939
ImmType= Exponential
AIAdultSlope= 0.455610810685903
AIAdultLD50= 1.79176382557489
AIAdultSlopeContact= 2.94626580406912
AIAdultLD50Contact= 0.00366042584646493
AILarvaSlope= 2.02480890550651
AILarvaLD50= 0.58681198884733
AIKOW= 2.03013085760176
AIKOC= 25.3645206871442
AIHalfLife= 12.9574962412007
EAppRate= 0.270249790744856
