ICQueenStrength= 5.25663726869971
RQWkrDrnRatio= 1.20369786955416
ICDroneMiteSurvivorship= 11.1591368447989
ICWorkerMiteSurvivorship= 48.5164071898907
ICForagerLifespan= 12.2360705789179
ImmType= Polynomial
AIAdultSlopeContact= 2.72557124033337
AIAdultLD50Contact= 0.0343386188964359
AILarvaSlope= 0.619784456817433
AILarvaLD50= 0.849803250585683
AIKOW= 5.30724367173389
AIKOC= 25.2398420369718
AIHalfLife= 3.3941690120846
