ICQueenStrength= 1.99315202096477
RQWkrDrnRatio= 1.02367250155658
ICDroneMiteSurvivorship= 90.2122624684125
ICWorkerMiteSurvivorship= 32.6202304800972
ICForagerLifespan= 8.23819885961711
ImmType= Tangent
AIAdultSlope= 5.90722441440448
AIAdultLD50= 0.722581868059933
AIAdultSlopeContact= 4.37494857236743
AIAdultLD50Contact= 0.180238470574841
AILarvaSlope= 2.02566605992615
AILarvaLD50= 0.451914242468774
AIKOW= 22.8996083838865
AIKOC= 23.9534567343071
AIHalfLife= 6.89937896514311
EAppRate= 1.12598975934088
