ICQueenStrength= 1.04324810695834
RQWkrDrnRatio= 4.91971795167774
ICDroneMiteSurvivorship= 85.1934958249331
ICWorkerMiteSurvivorship= 34.7630302188918
ICForagerLifespan= 8.22002771217376
ImmType= Logarithmic
AIAdultSlope= 3.14423130773939
AIAdultSlopeContact= 2.39711508311564
AIAdultLD50Contact= 0.0486361084738746
AILarvaSlope= 0.216667564120144
AILarvaLD50= 0.864660756709054
AIKOW= 7.587324550841
AIKOC= 13.6178701196332
AIHalfLife= 2.47652738634497
