ICQueenStrength= 1.57322289445437
RQWkrDrnRatio= 2.58408363536
ICDroneMiteSurvivorship= 73.022943502292
ICWorkerMiteSurvivorship= 5.99175631068647
ICForagerLifespan= 7.58753358200192
ImmType= Polynomial
AIAdultSlope= 2.74575983174145
AIAdultLD50= 0.748759880196303
AIAdultSlopeContact= 2.1572289802134
AIAdultLD50Contact= 0.0710754545405507
AILarvaSlope= 1.91369015257806
AILarvaLD50= 1.83698900137097
AIKOW= 42.9436883889139
AIKOC= 76.6879342263564
AIHalfLife= 2.01054005743936
EAppRate= 1.23700554482639
