ICQueenStrength= 4.1555755995214
RQWkrDrnRatio= 1.63125831540674
ICDroneMiteSurvivorship= 88.8982887845486
ICWorkerMiteSurvivorship= 17.7765961270779
ICForagerLifespan= 7.28719899430871
ImmType= Tangent
AIAdultSlope= 0.842087082145736
AIAdultLD50= 0.721634649205953
AIAdultSlopeContact= 2.31493926273426
AIAdultLD50Contact= 0.022826534754131
AILarvaSlope= 0.66035524555482
AILarvaLD50= 0.273986302013509
AIKOW= 5.42991284700111
AIKOC= 11.323829368921
AIHalfLife= 3.83503697160631
EAppRate= 0.0925578898750246
