ICQueenStrength= 5.21600581146777
RQWkrDrnRatio= 2.1941857310012
ICDroneMiteSurvivorship= 63.0645410623401
ICWorkerMiteSurvivorship= 30.5711674969643
ICForagerLifespan= 12.4839884182438
ImmType= Sine
AIAdultSlope= 0.455185736063868
