ICQueenStrength= 3.81977218110114
RQWkrDrnRatio= 1.11399170942605
ICDroneMiteSurvivorship= 81.7768233595416
ICWorkerMiteSurvivorship= 88.5258174967021
ICForagerLifespan= 9.42321133613586
ImmType= Tangent
AIAdultSlope= 4.47213473496959
AIAdultSlopeContact= 0.109356930479407
AIAdultLD50Contact= 0.00731209041550756
AILarvaSlope= 8.94532680744305
AILarvaLD50= 0.848379708826542
AIKOW= 60.653756535612
AIKOC= 47.3898176336661
AIHalfLife= 7.54919981630519
EAppRate= 1.0578689086251
