ICQueenStrength= 1.65848624333739
RQWkrDrnRatio= 3.09827707894146
ICDroneMiteSurvivorship= 15.7588956644759
ICWorkerMiteSurvivorship= 16.9618945335969
ICForagerLifespan= 9.2781536616385
ImmType= Tangent
AIAdultSlope= 2.15636080116034
AIAdultLD50= 0.453802674892358
AIAdultSlopeContact= 0.892013725528959
AIAdultLD50Contact= 0.00909658232703805
AILarvaSlope= 2.73790895454586
AILarvaLD50= 0.581834935653023
AIKOW= 3.62952886894345
AIKOC= 18.6339327902533
AIHalfLife= 3.56937859673053
EAppRate= 0
