ICQueenStrength= 2.50560086825863
RQWkrDrnRatio= 2.41045000124723
ICDroneMiteSurvivorship= 40.6773874303326
ICWorkerMiteSurvivorship= 63.3291155099869
ICForagerLifespan= 12.5120577579364
ImmType= Polynomial
AIAdultSlope= 0.85489750970155
AIAdultLD50= 1.46743104374036
AIAdultSlopeContact= 1.94536971830064
AIAdultLD50Contact= 0.00244014107156545
AILarvaSlope= 1.64020192315802
AILarvaLD50= 0.641261844174005
AIKOW= 7.61548901116475
AIKOC= 5.16311111976393
AIHalfLife= 0.910565166734159
EAppRate= 0.330148804234341
