ICQueenStrength= 4.63239489728585
RQWkrDrnRatio= 3.25346240215003
ICDroneMiteSurvivorship= 1.61929628811777
ICWorkerMiteSurvivorship= 43.268487486057
ICForagerLifespan= 4.62904155999422
ImmType= Logarithmic
AIAdultSlopeContact= 3.05140087299747
AIAdultLD50Contact= 0.0315498750191182
AILarvaSlope= 0.728123781830072
AILarvaLD50= 0.419378744135611
AIKOW= 3.73561908537522
AIKOC= 14.9642238696106
AIHalfLife= 2.79752442846075
