ICQueenStrength= 2.63267980329692
RQWkrDrnRatio= 2.42110220342875
ICDroneMiteSurvivorship= 36.3354512257501
ICWorkerMiteSurvivorship= 24.1083042928949
ICForagerLifespan= 14.0312476335093
ImmType= Cosine
AIAdultSlopeContact= 1.24486677101115
AIAdultLD50Contact= 0.038166123686824
AILarvaSlope= 2.3303561062552
AILarvaLD50= 0.688380742818117
AIKOW= 3.66298723872751
AIKOC= 21.3166119775269
AIHalfLife= 3.74733384978026
