ICQueenStrength= 5.20625531463884
RQWkrDrnRatio= 3.14208226837218
ICDroneMiteSurvivorship= 77.7991993818432
ICWorkerMiteSurvivorship= 85.870218439959
ICForagerLifespan= 6.99803648609668
ImmType= Polynomial
AIAdultSlope= 0.707196875300724
AIAdultLD50= 0.452734001446515
AIAdultSlopeContact= 2.53673549117753
AIAdultLD50Contact= 0.0478396136313677
AILarvaSlope= 0.849136672867462
AILarvaLD50= 0.862112579564564
AIKOW= 7.23481473233551
AIKOC= 26.2773951294366
AIHalfLife= 1.36856084456667
EAppRate= 0.32258891062811
