ICQueenStrength= 4.1000473361928
RQWkrDrnRatio= 1.40018510632217
ICDroneMiteSurvivorship= 83.6284150369465
ICWorkerMiteSurvivorship= 71.9816284952685
ICForagerLifespan= 6.51363277062774
ImmType= Logarithmic
AIAdultSlope= 1.03092821692117
AIAdultLD50= 2.35171236586757
AIAdultSlopeContact= 1.94888640607009
AIAdultLD50Contact= 0.0246542460867204
AILarvaSlope= 1.32220125324093
AILarvaLD50= 0.291631205216981
AIKOW= 4.49203479383141
AIKOC= 12.0316283323336
AIHalfLife= 8.5561770577915
EAppRate= 0.161354994168505
