ICQueenStrength= 2.16477990639396
RQWkrDrnRatio= 1.407914317213
ICDroneMiteSurvivorship= 25.6036590086296
ICWorkerMiteSurvivorship= 34.318529535085
ICForagerLifespan= 11.447251255624
ImmType= Cosine
AIAdultSlope= 1.51695961365476
