ICQueenStrength= 2.38806084520184
RQWkrDrnRatio= 2.50395999848843
ICDroneMiteSurvivorship= 87.6216323580593
ICWorkerMiteSurvivorship= 89.1676304396242
ICForagerLifespan= 7.87284940294921
ImmType= Sine
AIAdultSlope= 2.15176779760513
AIAdultLD50= 0.0885574610438198
AIAdultSlopeContact= 2.29194481502753
AIAdultLD50Contact= 0.0471162452478893
AILarvaSlope= 2.21415778566152
AILarvaLD50= 0.423645991994999
AIKOW= 2.13704415317625
AIKOC= 20.6529541302007
AIHalfLife= 0.35014852299355
EAppRate= 0.049503102269955
