ICQueenStrength= 5.03053961344995
RQWkrDrnRatio= 4.1283314768225
ICDroneMiteSurvivorship= 73.6685709562153
ICWorkerMiteSurvivorship= 64.5087149459869
ICForagerLifespan= 12.1383665446192
ImmType= Logarithmic
AIAdultSlope= 0.309281352718826
AIAdultLD50= 0.084773930371739
AIAdultSlopeContact= 0.832383744742256
AIAdultLD50Contact= 0.026866170798894
AILarvaSlope= 2.14249802227132
AILarvaLD50= 0.627216688217595
AIKOW= 3.64809415023774
AIKOC= 12.0668213244062
AIHalfLife= 3.27478938736022
EAppRate= 0.201983008813113
