ICQueenStrength= 3.72894637542777
RQWkrDrnRatio= 3.0879795011133
ICDroneMiteSurvivorship= 53.8650917587802
ICWorkerMiteSurvivorship= 56.9716180674732
ICForagerLifespan= 4.16218366008252
ImmType= Exponential
AIAdultSlope= 2.85856785974465
AIAdultLD50= 2.15154104330577
AIAdultSlopeContact= 3.73634440449765
AIAdultLD50Contact= 0.0245944048510864
AILarvaSlope= 0.619881893880665
AILarvaLD50= 0.619578644796275
AIKOW= 4.8690919643268
AIKOC= 6.26822988386266
AIHalfLife= 10.4444528413005
EAppRate= 0.445007861824706
