ICQueenStrength= 4.71369529049844
RQWkrDrnRatio= 2.76784464530647
ICDroneMiteSurvivorship= 0.590042700059712
ICWorkerMiteSurvivorship= 58.289573341608
ICForagerLifespan= 7.58356600254774
ImmType= Tangent
AIAdultSlope= 5.95237440196797
