ICQueenStrength= 4.32147068111226
RQWkrDrnRatio= 4.89844568725675
ICDroneMiteSurvivorship= 14.3328848760575
ICWorkerMiteSurvivorship= 60.6087939813733
ICForagerLifespan= 15.7059609312564
ImmType= Cosine
AIAdultSlope= 3.2003659941256
