ICQueenStrength= 1.61875725630671
RQWkrDrnRatio= 3.63728021923453
ICDroneMiteSurvivorship= 10.3555279783905
ICWorkerMiteSurvivorship= 8.45339926891029
ICForagerLifespan= 6.34659717883915
ImmType= Logarithmic
AIAdultSlope= 0.887332962686196
AIAdultLD50= 0.0252499105408788
AIAdultSlopeContact= 0.781499740392901
AIAdultLD50Contact= 0.01716567017138
AILarvaSlope= 2.53042109697126
AILarvaLD50= 0.829096177895553
AIKOW= 6.5641717822291
AIKOC= 19.4772552303039
AIHalfLife= 13.1249116379768
EAppRate= 0.386937693925574
