ICQueenStrength= 4.15043418202549
RQWkrDrnRatio= 2.81170410476625
ICDroneMiteSurvivorship= 73.0512235313654
ICWorkerMiteSurvivorship= 70.5144458217546
ICForagerLifespan= 11.2294711861759
ImmType= Tangent
AIAdultSlope= 1.58487123888917
AIAdultLD50= 1.57021537888795
AIAdultSlopeContact= 1.42128038824769
AIAdultLD50Contact= 0.00757089388789609
AILarvaSlope= 2.89568401556462
AILarvaLD50= 0.500467251450755
AIKOW= 5.97621886339039
AIKOC= 13.4254136425443
AIHalfLife= 10.4344792468473
EAppRate= 0.976204143604264
