ICQueenStrength= 2.94437237572856
RQWkrDrnRatio= 1.21431007701904
ICDroneMiteSurvivorship= 48.5688210232183
ICWorkerMiteSurvivorship= 70.3458005562425
ICForagerLifespan= 7.89122775103897
ImmType= Tangent
AIAdultSlope= 0.813065709639341
AIAdultLD50= 0.220546090509742
AIAdultSlopeContact= 0.488389721475542
AIAdultLD50Contact= 0.0314942154334858
AILarvaSlope= 1.17135271071456
AILarvaLD50= 0.485069145890884
AIKOW= 6.55056537454948
AIKOC= 27.429528896464
AIHalfLife= 3.85462995385751
EAppRate= 0
