ICQueenStrength= 2.26302662189119
RQWkrDrnRatio= 2.67881054896861
ICDroneMiteSurvivorship= 61.869184509851
ICWorkerMiteSurvivorship= 9.63172423653305
ICForagerLifespan= 15.2879349207506
ImmType= Logarithmic
AIAdultSlope= 3.19945070388028
AIAdultLD50= 0.369664627476595
AIAdultSlopeContact= 0.0384945186716504
AIAdultLD50Contact= 0.00388976678950712
AILarvaSlope= 0.399917796067894
AILarvaLD50= 0.437541622342542
AIKOW= 3.00048489496112
AIKOC= 16.0189077095129
AIHalfLife= 0.684512683656067
EAppRate= 0.211409353441559
