ICQueenStrength= 4.4060144261457
RQWkrDrnRatio= 2.77028471045196
ICDroneMiteSurvivorship= 27.3396255681291
ICWorkerMiteSurvivorship= 52.506928355433
ICForagerLifespan= 4.24347798433155
ImmType= Cosine
AIAdultSlopeContact= 1.06325800100807
AIAdultLD50Contact= 0.0487659895676188
AILarvaSlope= 0.491120344633237
AILarvaLD50= 0.115847568889149
AIKOW= 5.47814265592024
AIKOC= 7.77997886296362
AIHalfLife= 9.04774106247351
