ICQueenStrength= 4.21240107528865
RQWkrDrnRatio= 1.0689904121682
ICDroneMiteSurvivorship= 88.1972822593525
ICWorkerMiteSurvivorship= 63.226876500994
ICForagerLifespan= 7.69598742946982
ImmType= Polynomial
AIAdultSlopeContact= 0.781498212302104
AIAdultLD50Contact= 0.00297100369352847
AILarvaSlope= 2.23894835128449
AILarvaLD50= 0.797750237979926
AIKOW= 4.55449537979439
AIKOC= 25.7941421133
AIHalfLife= 3.34530346048996
