ICQueenStrength= 4.13997565419413
RQWkrDrnRatio= 2.56882737204432
ICDroneMiteSurvivorship= 80.6280789431185
ICWorkerMiteSurvivorship= 25.0617755809799
ICForagerLifespan= 7.79656069539487
ImmType= Tangent
AIAdultSlope= 2.64515693383291
AIAdultLD50= 1.96848503267393
AIAdultSlopeContact= 1.19256190757733
AIAdultLD50Contact= 0.0242790965246968
AILarvaSlope= 1.66968706324697
AILarvaLD50= 0.67666258381214
AIKOW= 7.94136245176196
AIKOC= 6.91714434185997
AIHalfLife= 11.1389258899726
EAppRate= 0.575963685521856
