ICQueenStrength= 4.77892766613513
RQWkrDrnRatio= 2.45772003848106
ICDroneMiteSurvivorship= 97.6298169465736
ICWorkerMiteSurvivorship= 58.00462202169
ICForagerLifespan= 6.56175261177123
ImmType= Logarithmic
AIAdultSlope= 0.43212581067346
AIAdultLD50= 1.65914257080294
AIAdultSlopeContact= 0.195445774917025
AIAdultLD50Contact= 0.0446934063453227
AILarvaSlope= 2.89301001671702
AILarvaLD50= 0.201382953487337
AIKOW= 3.4205907699652
AIKOC= 27.3941354430281
AIHalfLife= 8.55503965588287
EAppRate= 0.762678720289841
