ICQueenStrength= 3.74599821073934
RQWkrDrnRatio= 3.79039832856506
ICDroneMiteSurvivorship= 47.1039994852617
ICWorkerMiteSurvivorship= 52.4691975209862
ICForagerLifespan= 4.73858914803714
ImmType= Sine
AIAdultSlopeContact= 1.05110053715995
AIAdultLD50Contact= 0.0228890923201106
AILarvaSlope= 1.77316139847971
AILarvaLD50= 0.888897171174176
AIKOW= 7.92870185803622
AIKOC= 16.9939531199634
AIHalfLife= 0.738291446119547
