ICQueenStrength= 1.83073418703862
RQWkrDrnRatio= 4.82060149498284
ICDroneMiteSurvivorship= 12.0440924307331
ICWorkerMiteSurvivorship= 97.9201551992446
ICForagerLifespan= 13.5401494987309
ImmType= Tangent
AIAdultSlope= 1.16053444659337
AIAdultLD50= 1.17503533093259
AIAdultSlopeContact= 0.746781105715781
AIAdultLD50Contact= 0.0427601729170419
AILarvaSlope= 3.36069886009209
AILarvaLD50= 0.796664378768765
AIKOW= 4.79511215398088
AIKOC= 8.8577055442147
AIHalfLife= 0.520677025895566
EAppRate= 0.87560296128504
