ICQueenStrength= 5.68184863450006
RQWkrDrnRatio= 4.31487288419157
ICDroneMiteSurvivorship= 75.4785112570971
ICWorkerMiteSurvivorship= 25.0080373138189
ICForagerLifespan= 7.00899925269186
ImmType= Logarithmic
AIAdultSlope= 9.80884904507548
AIAdultLD50= 0.183594356058165
AIAdultSlopeContact= 3.24685745406896
AIAdultLD50Contact= 0.05169962416403
AILarvaSlope= 0.462435146328062
AILarvaLD50= 1.90526584070176
AIKOW= 28.3128713490441
AIKOC= 0.609006220474839
AIHalfLife= 8.05069438181818
EAppRate= 1.90647189784795
