ICQueenStrength= 3.05141210230067
RQWkrDrnRatio= 3.20562471263111
ICDroneMiteSurvivorship= 63.6758007807657
ICWorkerMiteSurvivorship= 92.0076456153765
ICForagerLifespan= 9.64682242181152
ImmType= Cosine
AIAdultSlope= 3.38022100999951
AIAdultLD50= 2.17332671675831
AIAdultSlopeContact= 3.42465857162839
AIAdultLD50Contact= 0.0041157704545185
AILarvaSlope= 1.97765711769462
AILarvaLD50= 0.272544064186513
AIKOW= 6.79102432867512
AIKOC= 16.0031878517475
AIHalfLife= 10.4353409167379
EAppRate= 0.658107638126239
