ICQueenStrength= 5.3651328724809
RQWkrDrnRatio= 3.01383852865547
ICDroneMiteSurvivorship= 58.5418171947822
ICWorkerMiteSurvivorship= 93.0953099625185
ICForagerLifespan= 10.6970791779459
ImmType= Polynomial
AIAdultSlope= 0.322965366463177
AIAdultLD50= 0.121046436601318
AIAdultSlopeContact= 3.84376015717629
AIAdultLD50Contact= 0.043720962270163
AILarvaSlope= 0.360896148579195
AILarvaLD50= 0.058382843574509
AIKOW= 5.49398312438279
AIKOC= 10.0573765009176
AIHalfLife= 4.10153941367753
EAppRate= 0.605951390322298
