ICQueenStrength= 4.10258040297776
RQWkrDrnRatio= 2.21994132827967
