ICQueenStrength= 2.86969097936526
RQWkrDrnRatio= 2.71614777110517
ICDroneMiteSurvivorship= 30.2808409789577
ICWorkerMiteSurvivorship= 2.89778078440577
ICForagerLifespan= 5.78138618078083
ImmType= Exponential
AIAdultSlopeContact= 0.710669542159885
AIAdultLD50Contact= 0.0479263080982491
AILarvaSlope= 1.47912160158157
AILarvaLD50= 0.194988314062357
AIKOW= 6.40144683700055
AIKOC= 11.9636091357097
AIHalfLife= 7.06193944113329
