ICQueenStrength= 4.7117222987581
RQWkrDrnRatio= 4.49569196626544
ICDroneMiteSurvivorship= 24.4455584557727
ICWorkerMiteSurvivorship= 90.2679070830345
ICForagerLifespan= 4.80539040453732
ImmType= Sine
AIAdultSlope= 3.54591243914561
AIAdultLD50= 0.0254559880122542
AIAdultSlopeContact= 1.23859140079468
AIAdultLD50Contact= 0.0241728988476098
AILarvaSlope= 1.35563860558905
AILarvaLD50= 0.74977042065002
AIKOW= 4.08527862932533
AIKOC= 29.796787975356
AIHalfLife= 3.91848083119839
EAppRate= 0.106090054917149
