ICQueenStrength= 1.4064253193792
RQWkrDrnRatio= 2.80910594016314
ICDroneMiteSurvivorship= 82.7984710922465
ICWorkerMiteSurvivorship= 90.5156136257574
ICForagerLifespan= 9.15190553944558
ImmType= Polynomial
AIAdultSlope= 0.87465359326452
AIAdultLD50= 2.58896437240764
AIAdultSlopeContact= 2.06313704169821
AIAdultLD50Contact= 0.0368851319886744
AILarvaSlope= 0.625199258886278
AILarvaLD50= 0.305339272250421
AIKOW= 6.8681878442876
AIKOC= 11.281545991078
AIHalfLife= 11.687582296785
EAppRate= 0.356187658850104
