ICQueenStrength= 3.83468687906861
RQWkrDrnRatio= 2.62330062780529
ICDroneMiteSurvivorship= 91.7002571281046
ICWorkerMiteSurvivorship= 83.1969245802611
ICForagerLifespan= 7.30703604500741
ImmType= Cosine
AIAdultSlope= 2.33955296512228
AIAdultLD50= 0.337930973735638
AIAdultSlopeContact= 0.623768106477801
AIAdultLD50Contact= 0.0447238752385601
AILarvaSlope= 1.96016071825288
AILarvaLD50= 0.178000570298173
AIKOW= 5.12138292333111
AIKOC= 7.41784919635393
AIHalfLife= 1.32676745764911
EAppRate= 0
