ICQueenStrength= 5.23289471305907
RQWkrDrnRatio= 4.64485185034573
ICDroneMiteSurvivorship= 94.1312771523371
ICWorkerMiteSurvivorship= 97.6125770714134
ICForagerLifespan= 12.9486670400947
ImmType= Polynomial
AIAdultSlopeContact= 3.43057667138055
AIAdultLD50Contact= 0.185584430443123
AILarvaSlope= 5.0893301400356
AILarvaLD50= 1.71847243746743
AIKOW= 16.8365021469072
AIKOC= 74.9148464528844
AIHalfLife= 13.6964198760688
