ICQueenStrength= 3.94675371493213
RQWkrDrnRatio= 2.96656534075737
ICDroneMiteSurvivorship= 40.8424239372835
ICWorkerMiteSurvivorship= 50.5436930339783
ICForagerLifespan= 14.9950304599479
ImmType= Sine
AIAdultSlope= 2.81937456200831
AIAdultLD50= 1.28227019193582
AIAdultSlopeContact= 1.78101581102237
AIAdultLD50Contact= 0.0383436728734523
AILarvaSlope= 3.34700901405886
AILarvaLD50= 0.639035542798229
AIKOW= 4.80247441120446
AIKOC= 9.11821399466135
AIHalfLife= 5.31344097619876
EAppRate= 0.36502446141094
