ICQueenStrength= 1.2527134004049
RQWkrDrnRatio= 3.53806590568274
ICDroneMiteSurvivorship= 35.2921265177429
ICWorkerMiteSurvivorship= 89.6694745635614
ICForagerLifespan= 14.7040448319167
ImmType= Tangent
AIAdultSlope= 0.380065957114566
AIAdultLD50= 0.00761487637646496
AIAdultSlopeContact= 0.50802575684851
AIAdultLD50Contact= 0.0438095741439611
AILarvaSlope= 2.48467124234885
AILarvaLD50= 0.684524948964827
AIKOW= 4.65718726255
AIKOC= 24.740962900687
AIHalfLife= 0.975588124711066
EAppRate= 0.602743296860717
