ICQueenStrength= 4.03750692983158
RQWkrDrnRatio= 4.7469031419605
ICDroneMiteSurvivorship= 6.83236846234649
ICWorkerMiteSurvivorship= 18.6736937146634
ICForagerLifespan= 9.1906877560541
ImmType= Cosine
AIAdultSlope= 1.53512227539904
AIAdultLD50= 2.91142664314248
AIAdultSlopeContact= 0.418291451283731
AIAdultLD50Contact= 0.0110233574640006
AILarvaSlope= 0.749359147390351
AILarvaLD50= 0.0721396863693371
AIKOW= 5.43094979319721
AIKOC= 19.887253678171
AIHalfLife= 13.7336774421856
EAppRate= 0.497279298026115
