ICQueenStrength= 2.462454108987
RQWkrDrnRatio= 2.97372582089156
ICDroneMiteSurvivorship= 65.2723047183827
ICWorkerMiteSurvivorship= 26.9014335703105
ICForagerLifespan= 7.91344318073243
ImmType= Sine
AIAdultSlope= 1.35225607696921
AIAdultLD50= 1.99337261728942
AIAdultSlopeContact= 2.1005088180746
AIAdultLD50Contact= 0.00071976447943598
AILarvaSlope= 1.76107727107592
AILarvaLD50= 0.782091739587486
AIKOW= 5.46565767144784
AIKOC= 17.8383542003576
AIHalfLife= 12.6710815485567
EAppRate= 0.228874061722308
