ICQueenStrength= 2.91734276828356
RQWkrDrnRatio= 2.88282280322164
ICDroneMiteSurvivorship= 92.9018332157284
ICWorkerMiteSurvivorship= 41.6296299546957
ICForagerLifespan= 7.13178645633161
ImmType= Tangent
AIAdultSlope= 1.8382126228977
AIAdultLD50= 0.397271822555922
AIAdultSlopeContact= 1.10537334271939
AIAdultLD50Contact= 0.0356802037567832
AILarvaSlope= 0.183841537218541
AILarvaLD50= 0.572526912228204
AIKOW= 2.77321265125647
AIKOC= 29.0414159430657
AIHalfLife= 2.74538045981899
EAppRate= 0.47092473981902
