ICQueenStrength= 2.23978029936552
RQWkrDrnRatio= 2.94797216355801
ICDroneMiteSurvivorship= 71.3637694017962
ICWorkerMiteSurvivorship= 35.4127357015386
ICForagerLifespan= 11.9839616147801
ImmType= Sine
AIAdultSlope= 3.79870752665447
AIAdultLD50= 0.477975799469277
AIAdultSlopeContact= 2.28249088052893
AIAdultLD50Contact= 0.0388738749083132
AILarvaSlope= 1.22320035225712
AILarvaLD50= 0.0701882915105671
AIKOW= 7.84350002743304
AIKOC= 11.1410423892085
AIHalfLife= 2.96108077629469
EAppRate= 0
