ICQueenStrength= 2.37989812996238
RQWkrDrnRatio= 3.62138633150607
ICDroneMiteSurvivorship= 94.677524198778
ICWorkerMiteSurvivorship= 34.2977432766929
ICForagerLifespan= 14.4983569066972
ImmType= Exponential
AIAdultSlopeContact= 0.582124862470664
AIAdultLD50Contact= 0.0455813094158657
AILarvaSlope= 0.202249239385128
AILarvaLD50= 0.116171820717864
AIKOW= 4.06657537352294
AIKOC= 27.2173342714086
AIHalfLife= 12.2950475839898
