ICQueenStrength= 4.20346022723243
RQWkrDrnRatio= 4.56542707793415
ICDroneMiteSurvivorship= 2.1824655123055
ICWorkerMiteSurvivorship= 64.5213414216414
ICForagerLifespan= 12.4485630644485
ImmType= Sine
AIAdultSlope= 0.126481127575971
AIAdultLD50= 0.297158276778646
AIAdultSlopeContact= 0.573641815558076
AIAdultLD50Contact= 0.0222374763223343
AILarvaSlope= 2.79159805881791
AILarvaLD50= 0.365735717816278
AIKOW= 3.18165365094319
AIKOC= 25.428857638035
AIHalfLife= 4.66876390040852
EAppRate= 0
