ICQueenStrength= 2.17298524011858
RQWkrDrnRatio= 2.70464333239943
ICDroneMiteSurvivorship= 33.6846295744181
ICWorkerMiteSurvivorship= 55.2486992441118
ICForagerLifespan= 9.83516564965248
ImmType= Polynomial
AIAdultSlope= 2.99322305885609
AIAdultLD50= 0.46028555452358
AIAdultSlopeContact= 2.6868704001233
AIAdultLD50Contact= 0.0352022917126305
AILarvaSlope= 2.1041487946175
AILarvaLD50= 0.201006868598051
AIKOW= 2.56915689213201
AIKOC= 20.7535017759074
AIHalfLife= 2.53771351184696
EAppRate= 0.395644927630201
