ICQueenStrength= 4.45216267625801
RQWkrDrnRatio= 2.06169872824103
ICDroneMiteSurvivorship= 1.48802036419511
ICWorkerMiteSurvivorship= 5.91377022210509
ICForagerLifespan= 4.59506420511752
ImmType= Sine
AIAdultSlope= 1.50837417579023
AIAdultLD50= 0.0628257653443143
AIAdultSlopeContact= 3.08908428107388
AIAdultLD50Contact= 0.0100819841492921
AILarvaSlope= 0.102768460568041
AILarvaLD50= 0.0817578190471977
AIKOW= 7.08937365142629
AIKOC= 9.4270082609728
AIHalfLife= 2.08491665893234
EAppRate= 0.233660348551348
