ICQueenStrength= 3.58217723574489
RQWkrDrnRatio= 4.78692724835128
ICDroneMiteSurvivorship= 71.5804075822234
ICWorkerMiteSurvivorship= 76.0988336987793
ICForagerLifespan= 10.4022970926017
ImmType= Polynomial
AIAdultSlope= 0.461021077539772
AIAdultLD50= 0.527049130992964
AIAdultSlopeContact= 1.08726611186285
AIAdultLD50Contact= 0.0415630719042383
AILarvaSlope= 0.103482975810766
AILarvaLD50= 0.369338753074408
AIKOW= 4.88532432448119
AIKOC= 6.04804969741963
AIHalfLife= 11.1897871429101
EAppRate= 0.0688665190245956
