ICQueenStrength= 1.32736711669713
RQWkrDrnRatio= 2.37022210285068
ICDroneMiteSurvivorship= 58.5718537913635
ICWorkerMiteSurvivorship= 6.27288622781634
ICForagerLifespan= 4.04777493141592
ImmType= Cosine
AIAdultSlopeContact= 3.9274376680702
AIAdultLD50Contact= 0.0130310032051057
AILarvaSlope= 0.00371338003315032
AILarvaLD50= 0.599388281442225
AIKOW= 2.46071510342881
AIKOC= 29.3086958944332
AIHalfLife= 10.9339657244273
