ICQueenStrength= 1.94708147575147
RQWkrDrnRatio= 2.5483423769474
ICDroneMiteSurvivorship= 49.867307045497
ICWorkerMiteSurvivorship= 96.8787687364966
ICForagerLifespan= 9.64035103656352
ImmType= Sine
AIAdultSlopeContact= 2.01222796476446
AIAdultLD50Contact= 0.0493853867053986
AILarvaSlope= 0.230971435829997
AILarvaLD50= 0.0336959743173793
AIKOW= 3.41194459376857
AIKOC= 26.8251243408304
AIHalfLife= 7.69929472450167
