ICQueenStrength= 4.58808764955029
RQWkrDrnRatio= 3.1231289897114
ICDroneMiteSurvivorship= 89.4195066066459
ICWorkerMiteSurvivorship= 80.0255923997611
ICForagerLifespan= 7.09378928598017
ImmType= Cosine
AIAdultSlope= 0.392647198913619
AIAdultLD50= 2.845968719339
AIAdultSlopeContact= 1.44123446964193
AIAdultLD50Contact= 0.00961486564483494
AILarvaSlope= 2.82391992718913
AILarvaLD50= 0.110437252605334
AIKOW= 3.98489468125626
AIKOC= 23.356298742583
AIHalfLife= 13.3236709036864
EAppRate= 0.76404745131731
