ICQueenStrength= 1.98851674119942
RQWkrDrnRatio= 3.94518676120788
ICDroneMiteSurvivorship= 39.3730257637799
ICWorkerMiteSurvivorship= 47.7768646785989
ICForagerLifespan= 14.2945773648098
ImmType= Exponential
AIAdultSlope= 3.83837449632352
AIAdultLD50= 0.445641212980263
AIAdultSlopeContact= 0.618842189584393
AIAdultLD50Contact= 0.0295351420762017
AILarvaSlope= 3.39171217684634
AILarvaLD50= 0.0350114404689521
AIKOW= 7.77944243187085
AIKOC= 6.86290874844417
AIHalfLife= 4.01580128236674
EAppRate= 0.0668804721906781
