ICQueenStrength= 4.95478377118707
RQWkrDrnRatio= 3.18395642843097
ICDroneMiteSurvivorship= 55.2371859550476
ICWorkerMiteSurvivorship= 78.5099970176816
ICForagerLifespan= 11.6310858633369
ImmType= Logarithmic
AIAdultSlopeContact= 1.05030834442005
AIAdultLD50Contact= 0.00260872039943934
AILarvaSlope= 3.79290955839679
AILarvaLD50= 0.781873805914074
AIKOW= 59.2758402926847
AIKOC= 53.6676190327853
AIHalfLife= 8.14165509212762
