ICQueenStrength= 4.19634735677391
RQWkrDrnRatio= 4.17507590632886
