ICQueenStrength= 5.69104577088729
RQWkrDrnRatio= 4.21820053737611
ICDroneMiteSurvivorship= 48.3425790909678
ICWorkerMiteSurvivorship= 88.6182382702827
ICForagerLifespan= 5.7820030329749
ImmType= Cosine
AIAdultSlopeContact= 1.302943248027
AIAdultLD50Contact= 0.0489878973108716
AILarvaSlope= 2.32374350950122
AILarvaLD50= 0.143285668990575
AIKOW= 6.51991665223613
AIKOC= 27.296611382626
AIHalfLife= 8.01047612726688
