ICQueenStrength= 4.43664388987236
RQWkrDrnRatio= 3.77365121338516
ICDroneMiteSurvivorship= 89.4347104709595
ICWorkerMiteSurvivorship= 95.9913789760321
ICForagerLifespan= 9.05008828174323
ImmType= Sine
AIAdultSlope= 3.07742290077731
AIAdultLD50= 2.03008443466388
AIAdultSlopeContact= 2.70054743955145
AIAdultLD50Contact= 0.0174580785329454
AILarvaSlope= 2.19928651889786
AILarvaLD50= 0.675175368273631
AIKOW= 3.59242696128786
AIKOC= 24.1798199724872
AIHalfLife= 3.39554338250309
EAppRate= 0.29479017527774
