ICQueenStrength= 1.97385325003415
RQWkrDrnRatio= 1.87414907757193
ICDroneMiteSurvivorship= 89.6253215149045
ICWorkerMiteSurvivorship= 91.4218012942001
ICForagerLifespan= 12.2575465794653
ImmType= Polynomial
AIAdultSlope= 2.83174520670436
AIAdultLD50= 1.68420488317497
AIAdultSlopeContact= 0.171236477640923
AIAdultLD50Contact= 0.0126281671109609
AILarvaSlope= 1.78181193908677
AILarvaLD50= 0.547856772202067
AIKOW= 6.45723618520424
AIKOC= 12.9850986250676
AIHalfLife= 6.40172357438132
EAppRate= 0.998842817964032
