ICQueenStrength= 1.74894734891132
RQWkrDrnRatio= 2.34144343528897
ICDroneMiteSurvivorship= 76.4133828459308
ICWorkerMiteSurvivorship= 10.0184098118916
ICForagerLifespan= 6.51516162976623
ImmType= Logarithmic
AIAdultSlope= 9.21879593282938
