ICQueenStrength= 5.64687609579414
RQWkrDrnRatio= 3.73481194395572
ICDroneMiteSurvivorship= 68.8490327447653
ICWorkerMiteSurvivorship= 94.7422431316227
ICForagerLifespan= 10.9281424740329
ImmType= Polynomial
AIAdultSlope= 0.30246788774617
AIAdultLD50= 0.183878513635136
AIAdultSlopeContact= 1.79269969025161
AIAdultLD50Contact= 0.0113404909730889
AILarvaSlope= 3.11709762159735
AILarvaLD50= 0.466493008635007
AIKOW= 7.10321452328935
AIKOC= 21.5773237473331
AIHalfLife= 2.63768588774838
EAppRate= 0.332857501180843
