ICQueenStrength= 1.83707952988334
RQWkrDrnRatio= 4.61175231728703
ICDroneMiteSurvivorship= 78.7559983786196
ICWorkerMiteSurvivorship= 90.151846059598
ICForagerLifespan= 7.65719183534384
ImmType= Tangent
AIAdultSlope= 2.15539635019377
AIAdultLD50= 1.44389435928315
AIAdultSlopeContact= 3.35777476578718
AIAdultLD50Contact= 0.029548967035953
AILarvaSlope= 2.93565663485788
AILarvaLD50= 0.152677480853163
AIKOW= 7.22307944763452
AIKOC= 23.7249991868157
AIHalfLife= 5.36516582872719
EAppRate= 0.470208312151954
