ICQueenStrength= 5.67643982730806
RQWkrDrnRatio= 4.32202949840575
ICDroneMiteSurvivorship= 62.0206145802513
ICWorkerMiteSurvivorship= 88.5084599955007
ICForagerLifespan= 5.60983634740114
ImmType= Sine
AIAdultSlope= 0.933657826913986
AIAdultLD50= 0.483213886851445
AIAdultSlopeContact= 0.627511131945066
AIAdultLD50Contact= 0.0193163005518727
AILarvaSlope= 0.0277555781882256
AILarvaLD50= 0.331227100174874
AIKOW= 5.40869874740019
AIKOC= 27.7555980614852
AIHalfLife= 2.618294673739
EAppRate= 0.416041575209238
