ICQueenStrength= 4.63600995275192
RQWkrDrnRatio= 3.50323194358498
ICDroneMiteSurvivorship= 59.7324159229174
ICWorkerMiteSurvivorship= 81.6024223342538
ICForagerLifespan= 15.0154534783214
ImmType= Exponential
AIAdultSlope= 0.893111273541581
AIAdultLD50= 0.0619412986561656
AIAdultSlopeContact= 0.848878461902495
AIAdultLD50Contact= 0.00838719315361232
AILarvaSlope= 1.24631053167395
AILarvaLD50= 0.560052426648326
AIKOW= 4.25698751490563
AIKOC= 26.7956489068456
AIHalfLife= 1.22976748505607
EAppRate= 0
