ICQueenStrength= 1.97662925953045
RQWkrDrnRatio= 4.25313719827682
ICDroneMiteSurvivorship= 62.9824730101973
ICWorkerMiteSurvivorship= 44.8181419633329
ICForagerLifespan= 7.2237504851073
ImmType= Tangent
AIAdultSlopeContact= 3.7999792285217
AIAdultLD50Contact= 0.0369966638274491
AILarvaSlope= 0.602712815999985
AILarvaLD50= 0.782300816942006
AIKOW= 5.22768269153312
AIKOC= 5.91675537987612
AIHalfLife= 7.83043722389266
