ICQueenStrength= 2.74732158891857
RQWkrDrnRatio= 2.06817783880979
ICDroneMiteSurvivorship= 9.05855433084071
ICWorkerMiteSurvivorship= 80.0075208535418
ICForagerLifespan= 12.5206598285586
ImmType= Logarithmic
AIAdultLD50= 0.154012839635834
AIAdultSlopeContact= 1.50830231160158
AIAdultLD50Contact= 0.0304719880921766
AILarvaSlope= 3.19835676872171
AILarvaLD50= 0.544775543315336
AIKOW= 4.29839004715905
AIKOC= 9.98657769639976
AIHalfLife= 7.63395418971777
EAppRate= 1.74938909802586
