ICQueenStrength= 4.98255064850673
RQWkrDrnRatio= 3.51715676765889
ICDroneMiteSurvivorship= 94.8522004764527
ICWorkerMiteSurvivorship= 91.359387896955
ICForagerLifespan= 8.10124211572111
ImmType= Polynomial
AIAdultSlopeContact= 9.1459423978813
AIAdultLD50Contact= 0.171618053410202
AILarvaSlope= 2.68573181238025
AILarvaLD50= 0.0750502524897456
AIKOW= 75.1221027458087
AIKOC= 71.1674953112379
AIHalfLife= 2.37050999654457
