ICQueenStrength= 3.96092935837805
RQWkrDrnRatio= 2.398656248115
ICDroneMiteSurvivorship= 65.7565532950684
ICWorkerMiteSurvivorship= 67.8470807150006
ICForagerLifespan= 13.8015478104353
ImmType= Sine
AIAdultSlope= 3.42366427588742
AIAdultLD50= 0.0287726313108578
AIAdultSlopeContact= 0.277286538057961
AIAdultLD50Contact= 0.0353727446985431
AILarvaSlope= 0.765384520683438
AILarvaLD50= 0.194196989899501
AIKOW= 6.48056480567902
AIKOC= 15.4815688333474
AIHalfLife= 4.75489768432453
EAppRate= 0.164316691737622
