ICQueenStrength= 1.12069394346327
RQWkrDrnRatio= 3.90044382680207
ICDroneMiteSurvivorship= 50.8738607401028
ICWorkerMiteSurvivorship= 26.5298814047128
ICForagerLifespan= 14.4846397740766
ImmType= Tangent
AIAdultLD50= 0.154012839635834
AIAdultSlopeContact= 0.636213398580439
AIAdultLD50Contact= 0.000632518972270191
AILarvaSlope= 0.0966714043170214
AILarvaLD50= 0.773913629818708
AIKOW= 2.66665832046419
AIKOC= 8.16832822281867
AIHalfLife= 10.5561766582541
EAppRate= 1.63393194740638
