ICQueenStrength= 2.504489434883
RQWkrDrnRatio= 3.17693586181849
ICDroneMiteSurvivorship= 71.8052001670003
ICWorkerMiteSurvivorship= 48.1597298290581
ICForagerLifespan= 13.3686757115647
ImmType= Cosine
AIAdultSlopeContact= 0.838496990015265
AIAdultLD50Contact= 0.00759609235683456
AILarvaSlope= 2.22573573351838
AILarvaLD50= 0.48490963911172
AIKOW= 4.26200389256701
AIKOC= 12.7319167729001
AIHalfLife= 13.1829097052105
