ICQueenStrength= 2.17697851732373
RQWkrDrnRatio= 4.94629257265478
ICDroneMiteSurvivorship= 26.4344132505357
ICWorkerMiteSurvivorship= 98.9931381307542
ICForagerLifespan= 6.9515075860545
ImmType= Tangent
AIAdultSlope= 0.443740672543645
AIAdultLD50= 0.17168331425637
AIAdultSlopeContact= 1.89619208261836
AIAdultLD50Contact= 0.027457379642874
AILarvaSlope= 0.0449819118715823
AILarvaLD50= 0.839697403251193
AIKOW= 7.77480514952913
AIKOC= 19.6769565879367
AIHalfLife= 0.873049800284207
EAppRate= 0
