ICQueenStrength= 2.49134860024787
RQWkrDrnRatio= 3.99446535762399
ICDroneMiteSurvivorship= 26.0527299717069
ICWorkerMiteSurvivorship= 62.6469716895372
ICForagerLifespan= 11.4342981921509
ImmType= Sine
AIAdultSlope= 3.63567342050374
