ICQueenStrength= 5.70766981248744
RQWkrDrnRatio= 2.9834198160097
ICDroneMiteSurvivorship= 59.2516719829291
ICWorkerMiteSurvivorship= 12.0739909121767
ICForagerLifespan= 6.37456060759723
ImmType= Sine
AIAdultSlope= 2.23286538990214
AIAdultLD50= 1.02979288366623
AIAdultSlopeContact= 2.2010429822118
AIAdultLD50Contact= 0.0221324273268692
AILarvaSlope= 2.54315381711349
AILarvaLD50= 0.167465174314566
AIKOW= 3.1727697039023
AIKOC= 25.1902320957743
AIHalfLife= 11.9810076332651
EAppRate= 0.150486301397905
