ICQueenStrength= 2.26975245890208
RQWkrDrnRatio= 3.53406671620905
ICDroneMiteSurvivorship= 28.6180194234475
ICWorkerMiteSurvivorship= 1.55459872912616
ICForagerLifespan= 7.21480146795511
ImmType= Sine
AIAdultSlope= 1.98164874967188
AIAdultLD50= 0.840788924368098
AIAdultSlopeContact= 1.06364540313603
AIAdultLD50Contact= 0.00475584375672042
AILarvaSlope= 2.61574216992594
AILarvaLD50= 0.0617781230947003
AIKOW= 6.36270293965936
AIKOC= 12.7151634730399
AIHalfLife= 6.56168033368886
EAppRate= 0.00485658389516175
