ICQueenStrength= 4.81703231250867
RQWkrDrnRatio= 1.82150559406728
ICDroneMiteSurvivorship= 83.8341039605439
ICWorkerMiteSurvivorship= 4.15918617509305
ICForagerLifespan= 5.22863722592592
ImmType= Sine
AIAdultSlope= 3.75051346445689
AIAdultLD50= 0.00474812334869057
AIAdultSlopeContact= 0.734556412277743
AIAdultLD50Contact= 0.00384025940438733
AILarvaSlope= 2.33755209282972
AILarvaLD50= 0.748654189403169
AIKOW= 7.16305403783917
AIKOC= 5.98557086894289
AIHalfLife= 0.668151929276064
EAppRate= 0.364114023302682
