ICQueenStrength= 4.89031464001164
RQWkrDrnRatio= 1.35009586717933
ICDroneMiteSurvivorship= 12.9015269689262
ICWorkerMiteSurvivorship= 90.9206854645163
ICForagerLifespan= 9.70413280464709
ImmType= Logarithmic
AIAdultSlope= 0.0688580098561943
AIAdultLD50= 1.13651668187231
AIAdultSlopeContact= 3.06400935787708
AIAdultLD50Contact= 0.0402306020027027
AILarvaSlope= 2.51393263619393
AILarvaLD50= 0.852776961866766
AIKOW= 4.64470867486671
AIKOC= 18.7576478184201
AIHalfLife= 1.45213392749429
EAppRate= 0.813943443354219
