ICQueenStrength= 4.56605953187682
RQWkrDrnRatio= 1.67300060391426
ICDroneMiteSurvivorship= 20.1280480017886
ICWorkerMiteSurvivorship= 62.9512465093285
ICForagerLifespan= 7.10198516957462
ImmType= Tangent
AIAdultSlope= 3.11873163441662
AIAdultLD50= 0.0410288849379867
AIAdultSlopeContact= 3.29200476519763
AIAdultLD50Contact= 0.0146833702456206
AILarvaSlope= 1.77871311511844
AILarvaLD50= 0.466960965259932
AIKOW= 4.84633902693167
AIKOC= 12.3426281567663
AIHalfLife= 2.61336801806465
EAppRate= 0.481875875988044
