ICQueenStrength= 4.97720770561136
RQWkrDrnRatio= 4.20480604842305
ICDroneMiteSurvivorship= 41.5490489220247
ICWorkerMiteSurvivorship= 84.9516766844317
ICForagerLifespan= 10.2884237775579
ImmType= Sine
AIAdultSlope= 2.10289601846598
AIAdultLD50= 2.34187547327019
AIAdultSlopeContact= 2.99398909260286
AIAdultLD50Contact= 0.0440964357927442
AILarvaSlope= 1.37206976781599
AILarvaLD50= 0.57708741731476
AIKOW= 7.1553766601719
AIKOC= 9.85074341413565
AIHalfLife= 1.02895436761901
EAppRate= 0.0577529878355563
