ICQueenStrength= 3.53738049650565
RQWkrDrnRatio= 2.72167735081166
ICDroneMiteSurvivorship= 47.0413944218308
ICWorkerMiteSurvivorship= 62.0360082713887
ICForagerLifespan= 4.39159976970404
ImmType= Sine
AIAdultSlope= 0.763162246346474
AIAdultLD50= 0.335061899386346
AIAdultSlopeContact= 2.06679207018111
AIAdultLD50Contact= 0.00481452603125945
AILarvaSlope= 0.280656792316586
AILarvaLD50= 0.879306089831516
AIKOW= 6.4224415612407
AIKOC= 12.5426478986628
AIHalfLife= 12.1145729823038
EAppRate= 0.219711037585512
