ICQueenStrength= 1.82194666936994
RQWkrDrnRatio= 1.56208892259747
