ICQueenStrength= 2.54446527012624
RQWkrDrnRatio= 2.28900320176035
ICDroneMiteSurvivorship= 21.6977944597602
ICWorkerMiteSurvivorship= 77.5415668496862
ICForagerLifespan= 14.6069984110072
ImmType= Logarithmic
AIAdultSlope= 0.354874460492283
AIAdultLD50= 2.52953432081267
AIAdultSlopeContact= 3.05606597041246
AIAdultLD50Contact= 0.0141755144344643
AILarvaSlope= 1.8020523019135
AILarvaLD50= 0.588618321670219
AIKOW= 2.90787202585489
AIKOC= 16.4367732021492
AIHalfLife= 6.51318503031507
EAppRate= 0.110089489025995
