ICQueenStrength= 5.75451017380692
RQWkrDrnRatio= 2.93746760766953
ICDroneMiteSurvivorship= 70.2739669242874
ICWorkerMiteSurvivorship= 37.5345133943483
ICForagerLifespan= 8.77740261424333
ImmType= Logarithmic
AIAdultSlopeContact= 1.95188999480568
AIAdultLD50Contact= 0.0494354602880776
AILarvaSlope= 1.87310197479092
AILarvaLD50= 0.803192531852983
AIKOW= 2.02637645229697
AIKOC= 25.1586422277614
AIHalfLife= 0.761747726704925
