ICQueenStrength= 3.67169396043755
RQWkrDrnRatio= 4.71714699268341
ICDroneMiteSurvivorship= 33.3510617027059
ICWorkerMiteSurvivorship= 27.4695091648027
ICForagerLifespan= 8.08040191046894
ImmType= Exponential
AIAdultSlope= 0.0984090194106102
AIAdultLD50= 2.06284431531094
AIAdultSlopeContact= 0.601130035165697
AIAdultLD50Contact= 0.0289605888538063
AILarvaSlope= 0.179694267176092
AILarvaLD50= 0.264606746798381
AIKOW= 7.53036772785708
AIKOC= 20.0473420333583
AIHalfLife= 0.620916700456291
EAppRate= 0.51141159562394
