ICQueenStrength= 2.68847728986293
RQWkrDrnRatio= 1.87994889914989
ICDroneMiteSurvivorship= 73.4276257455349
ICWorkerMiteSurvivorship= 14.1926127485931
ICForagerLifespan= 9.85398548096418
ImmType= Exponential
AIAdultSlope= 1.58684005574323
AIAdultLD50= 2.27083370368928
AIAdultSlopeContact= 1.76012862706091
AIAdultLD50Contact= 0.0436600964399986
AILarvaSlope= 0.578275342471898
AILarvaLD50= 0.32575093859341
AIKOW= 2.21695448691025
AIKOC= 22.3146488785278
AIHalfLife= 10.142974128481
EAppRate= 0.56267354474403
