ICQueenStrength= 1.23240444716066
RQWkrDrnRatio= 2.15351269301027
ICDroneMiteSurvivorship= 95.3064689878374
ICWorkerMiteSurvivorship= 82.1681635919958
ICForagerLifespan= 12.1386296665296
ImmType= Logarithmic
AIAdultSlope= 0.631210022559389
AIAdultLD50= 1.71117515699007
AIAdultSlopeContact= 1.18121875416487
AIAdultLD50Contact= 0.0435495172976516
AILarvaSlope= 2.76189897200093
AILarvaLD50= 0.294893509405665
AIKOW= 5.69372448185459
AIKOC= 15.6289871793706
AIHalfLife= 13.0990971168503
EAppRate= 0.594871571054682
