ICQueenStrength= 3.70798921119422
RQWkrDrnRatio= 2.38169524911791
ICDroneMiteSurvivorship= 26.2153067626059
ICWorkerMiteSurvivorship= 31.7615335807204
ICForagerLifespan= 13.7509620469064
ImmType= Tangent
AIAdultSlope= 9.05901693971828
