ICQueenStrength= 2.46584663074464
RQWkrDrnRatio= 4.03955135773867
ICDroneMiteSurvivorship= 87.0955665130168
ICWorkerMiteSurvivorship= 20.4406479373574
ICForagerLifespan= 14.936288157478
ImmType= Sine
AIAdultSlope= 2.91238526650704
AIAdultLD50= 1.63768986216746
AIAdultSlopeContact= 3.06589546113275
AIAdultLD50Contact= 0.0355559625895694
AILarvaSlope= 2.25842005335726
AILarvaLD50= 0.620641655148938
AIKOW= 6.56432465836406
AIKOC= 7.34056623303331
AIHalfLife= 7.66547943744808
EAppRate= 0.261881513288245
