ICQueenStrength= 1.52318018395454
RQWkrDrnRatio= 2.82123574614525
ICDroneMiteSurvivorship= 32.0633368566632
ICWorkerMiteSurvivorship= 43.5335082467645
ICForagerLifespan= 7.8851175615564
ImmType= Tangent
AIAdultSlope= 1.93016939624213
AIAdultLD50= 2.20070194755681
AIAdultSlopeContact= 2.60866976520745
AIAdultLD50Contact= 0.00676721027120948
AILarvaSlope= 3.0683015907649
AILarvaLD50= 0.0807922225445509
AIKOW= 2.15319260768592
AIKOC= 20.9094119328074
AIHalfLife= 8.52830655826256
EAppRate= 0.889983500586823
