ICQueenStrength= 2.76292854710482
RQWkrDrnRatio= 2.27022613584995
ICDroneMiteSurvivorship= 91.6433779289946
ICWorkerMiteSurvivorship= 0.912195420823991
ICForagerLifespan= 13.3087591100484
ImmType= Logarithmic
AIAdultSlope= 3.03093496346846
AIAdultLD50= 1.7948740341235
AIAdultSlopeContact= 2.48398727461696
AIAdultLD50Contact= 0.0108988050138578
AILarvaSlope= 3.32133656879887
AILarvaLD50= 0.235435894411057
AIKOW= 3.99853200418875
AIKOC= 7.81687299138866
AIHalfLife= 0.890281453728676
EAppRate= 0.469449959229678
