ICQueenStrength= 2.60271609202027
RQWkrDrnRatio= 4.33412766177207
ICDroneMiteSurvivorship= 0.341726350598037
ICWorkerMiteSurvivorship= 91.5202740812674
ICForagerLifespan= 13.6956448554993
ImmType= Tangent
AIAdultSlope= 3.41880526100518
AIAdultLD50= 0.349539201008156
AIAdultSlopeContact= 0.878379926495254
AIAdultLD50Contact= 0.0287647258373909
AILarvaSlope= 1.2066982248798
AILarvaLD50= 0.350730059039779
AIKOW= 2.27317866170779
AIKOC= 22.684760550037
AIHalfLife= 1.12490747123957
EAppRate= 0
