ICQueenStrength= 1.24542735656723
RQWkrDrnRatio= 4.40489690937102
ICDroneMiteSurvivorship= 98.2504988554865
ICWorkerMiteSurvivorship= 55.9619680512697
ICForagerLifespan= 7.90986721497029
ImmType= Tangent
AIAdultSlope= 1.62812049114844
AIAdultLD50= 0.326588493073359
AIAdultSlopeContact= 1.78782703327015
AIAdultLD50Contact= 0.000491717096883804
AILarvaSlope= 2.6378598228097
AILarvaLD50= 0.167794609512202
AIKOW= 4.94150927336887
AIKOC= 13.7295955279842
AIHalfLife= 3.73761710827239
EAppRate= 0
