ICQueenStrength= 2.17199631291442
RQWkrDrnRatio= 3.84284456446767
ICDroneMiteSurvivorship= 54.6825262950733
ICWorkerMiteSurvivorship= 18.9221338834614
ICForagerLifespan= 4.225958943367
ImmType= Tangent
AIAdultSlope= 1.35131936864927
AIAdultLD50= 1.51807621610351
AIAdultSlopeContact= 1.76725295145297
AIAdultLD50Contact= 0.0103864025324583
AILarvaSlope= 1.91526389410719
AILarvaLD50= 0.230263686412945
AIKOW= 2.71089049242437
AIKOC= 18.9221859455574
AIHalfLife= 4.10033178795129
EAppRate= 0.195913231233135
