ICQueenStrength= 1.92168058035895
RQWkrDrnRatio= 4.07997143175453
ICDroneMiteSurvivorship= 41.6003056801856
ICWorkerMiteSurvivorship= 7.44754478801042
ICForagerLifespan= 15.3387924674898
ImmType= Exponential
AIAdultSlope= 2.15277120149927
AIAdultLD50= 0.495095666847192
AIAdultSlopeContact= 2.19999371271813
AIAdultLD50Contact= 0.0365038873627782
AILarvaSlope= 2.87444828902371
AILarvaLD50= 0.662843950046226
AIKOW= 5.87253285059705
AIKOC= 15.0009046902414
AIHalfLife= 4.04730535461567
EAppRate= 0.348502693488263
