ICQueenStrength= 1.91366837732494
RQWkrDrnRatio= 1.29665788915008
ICDroneMiteSurvivorship= 28.3254277892411
ICWorkerMiteSurvivorship= 19.9379646917805
ICForagerLifespan= 14.9536699252203
ImmType= Exponential
AIAdultSlope= 3.88281580293551
