ICQueenStrength= 1.28780311346054
RQWkrDrnRatio= 4.66277091111988
ICDroneMiteSurvivorship= 9.03526411857456
ICWorkerMiteSurvivorship= 63.7309229001403
ICForagerLifespan= 13.9725443907082
ImmType= Logarithmic
AIAdultSlope= 2.58986255740747
AIAdultLD50= 1.3009250764735
AIAdultSlopeContact= 3.01366187169682
AIAdultLD50Contact= 0.0146420650649816
AILarvaSlope= 0.579981339303777
AILarvaLD50= 0.284513685107231
AIKOW= 2.29535234253854
AIKOC= 28.7749439664185
AIHalfLife= 7.03390649799258
EAppRate= 0.388276500394568
