ICQueenStrength= 3.52706806990318
RQWkrDrnRatio= 4.65187078807503
ICDroneMiteSurvivorship= 7.87642761133611
ICWorkerMiteSurvivorship= 14.5866380305961
ICForagerLifespan= 9.69880108442158
ImmType= Tangent
AIAdultSlope= 1.33137739035301
AIAdultLD50= 0.637837172253057
AIAdultSlopeContact= 0.208569672012236
AIAdultLD50Contact= 0.0100119362352416
AILarvaSlope= 0.795426687132567
AILarvaLD50= 0.682152064237744
AIKOW= 4.92962456867099
AIKOC= 17.6927754259668
AIHalfLife= 2.09452734561637
EAppRate= 0.0887581773567945
