ICQueenStrength= 4.52429516613483
RQWkrDrnRatio= 3.20365430414677
ICDroneMiteSurvivorship= 62.8040352603421
ICWorkerMiteSurvivorship= 54.9878304591402
ICForagerLifespan= 5.55445077922195
ImmType= Cosine
AIAdultSlope= 0.244855136875995
AIAdultLD50= 0.438308188458905
AIAdultSlopeContact= 2.2800083506247
AIAdultLD50Contact= 0.00705090531846508
AILarvaSlope= 3.33587787947617
AILarvaLD50= 0.39386703860946
AIKOW= 2.4017259539105
AIKOC= 6.41296455985866
AIHalfLife= 3.68718760670163
EAppRate= 0.0403937806840986
