ICQueenStrength= 3.81488168402575
RQWkrDrnRatio= 2.19492735527456
ICDroneMiteSurvivorship= 71.032151998952
ICWorkerMiteSurvivorship= 1.8379689892754
ICForagerLifespan= 11.7430553743616
ImmType= Sine
AIAdultSlope= 1.45166017035954
AIAdultLD50= 1.15747991460375
AIAdultSlopeContact= 1.82827558844117
AIAdultLD50Contact= 0.0344157434767112
AILarvaSlope= 0.704053074121475
AILarvaLD50= 0.110679341875948
AIKOW= 5.01588522503152
AIKOC= 25.0933071784675
AIHalfLife= 1.34597438527271
EAppRate= 0.647710862802342
