ICQueenStrength= 2.96540978737175
RQWkrDrnRatio= 4.62489358428866
ICDroneMiteSurvivorship= 89.8208561586216
ICWorkerMiteSurvivorship= 56.4398393500596
ICForagerLifespan= 11.2632291698828
ImmType= Exponential
AIAdultSlopeContact= 3.83569839574629
AIAdultLD50Contact= 0.00404919052962214
AILarvaSlope= 3.17638239348307
AILarvaLD50= 0.144297302677296
AIKOW= 7.16825869400054
AIKOC= 5.84043567767367
AIHalfLife= 6.95254216808826
