ICQueenStrength= 1.89154445845634
RQWkrDrnRatio= 2.18843277171254
