ICQueenStrength= 2.13717606873251
RQWkrDrnRatio= 1.4093057885766
ICDroneMiteSurvivorship= 48.0074799619615
ICWorkerMiteSurvivorship= 5.25477775372565
ICForagerLifespan= 8.65637814439833
ImmType= Sine
AIAdultSlopeContact= 3.00498565397691
AIAdultLD50Contact= 0.0109014559653588
AILarvaSlope= 1.24920290638693
AILarvaLD50= 0.301340434723534
AIKOW= 7.02063086535782
AIKOC= 19.7565417631995
AIHalfLife= 13.0244091362692
