ICQueenStrength= 4.87011706130579
RQWkrDrnRatio= 1.57879539765418
ICDroneMiteSurvivorship= 21.4922743383795
ICWorkerMiteSurvivorship= 86.5999144501984
ICForagerLifespan= 15.8156246086583
ImmType= Tangent
AIAdultSlopeContact= 0.78763215104118
AIAdultLD50Contact= 0.0979566709604114
AILarvaSlope= 0.133598106913269
AILarvaLD50= 0.429083667229861
AIKOW= 80.3035788005218
AIKOC= 42.8768953075632
AIHalfLife= 4.60558079089969
