ICQueenStrength= 3.87313042907044
RQWkrDrnRatio= 3.41566063929349
ICDroneMiteSurvivorship= 36.0379870748147
ICWorkerMiteSurvivorship= 80.8944104705006
ICForagerLifespan= 5.03666447196156
ImmType= Logarithmic
AIAdultSlopeContact= 0.360610190704465
AIAdultLD50Contact= 0.0170651457854547
AILarvaSlope= 1.58086019707844
AILarvaLD50= 0.20156704899855
AIKOW= 4.82467146217823
AIKOC= 8.33008631132543
AIHalfLife= 0.986061714589596
