ICQueenStrength= 1.29252575943246
RQWkrDrnRatio= 1.33868807647377
ICDroneMiteSurvivorship= 5.15114450827241
ICWorkerMiteSurvivorship= 42.5533187808469
ICForagerLifespan= 8.52152933739126
ImmType= Sine
AIAdultSlopeContact= 2.05314106319798
AIAdultLD50Contact= 0.0461917013279162
AILarvaSlope= 3.20676010171883
AILarvaLD50= 0.393873440288007
AIKOW= 7.39139440003783
AIKOC= 26.0939806129318
AIHalfLife= 1.22879706555977
