ICQueenStrength= 1.62599152093753
RQWkrDrnRatio= 1.95611074473709
ICDroneMiteSurvivorship= 14.918281766586
ICWorkerMiteSurvivorship= 80.9744947357103
ICForagerLifespan= 15.5574254095554
ImmType= Polynomial
AIAdultSlope= 0.9338484878093
AIAdultLD50= 0.0409614329691976
AIAdultSlopeContact= 2.28909251094097
AIAdultLD50Contact= 0.0273763520177454
AILarvaSlope= 1.94246676978655
AILarvaLD50= 0.175998536590487
AIKOW= 3.47639802889898
AIKOC= 18.5104645916726
AIHalfLife= 2.73927219677716
EAppRate= 0.10097554330714
