ICQueenStrength= 3.14616180630401
RQWkrDrnRatio= 4.20981322135776
ICDroneMiteSurvivorship= 24.2805845569819
ICWorkerMiteSurvivorship= 26.312144449912
ICForagerLifespan= 14.3084408007562
ImmType= Polynomial
AIAdultSlope= 1.42932704291306
AIAdultLD50= 0.594374243170023
AIAdultSlopeContact= 2.6351325334073
AIAdultLD50Contact= 0.00557614929275587
AILarvaSlope= 2.14570580776781
AILarvaLD50= 0.833305168803781
AIKOW= 5.87515006493777
AIKOC= 10.739680910483
AIHalfLife= 10.6484318063594
EAppRate= 0.801438452675939
