ICQueenStrength= 5.2395105608739
RQWkrDrnRatio= 1.49716896284372
ICDroneMiteSurvivorship= 6.89967919606715
ICWorkerMiteSurvivorship= 16.803886112757
ICForagerLifespan= 6.29069766309112
ImmType= Cosine
AIAdultSlope= 3.23125184900127
AIAdultLD50= 0.622642858419567
AIAdultSlopeContact= 1.86656019501854
AIAdultLD50Contact= 0.0419949009898119
AILarvaSlope= 2.75325726275332
AILarvaLD50= 0.889520433358848
AIKOW= 5.40730932122096
AIKOC= 17.9127907333896
AIHalfLife= 4.15479788091034
EAppRate= 0.672186001669616
