ICQueenStrength= 2.31593004800379
RQWkrDrnRatio= 4.26014496479183
ICDroneMiteSurvivorship= 78.3449975540861
ICWorkerMiteSurvivorship= 3.42891591135412
ICForagerLifespan= 13.1090003419667
ImmType= Polynomial
AIAdultSlope= 3.47865566843189
AIAdultLD50= 0.100763155147433
AIAdultSlopeContact= 0.137239054238889
AIAdultLD50Contact= 0.0389732996351086
AILarvaSlope= 0.518615554459393
AILarvaLD50= 0.810265726153739
AIKOW= 4.63470668951049
AIKOC= 13.7158152484335
AIHalfLife= 3.37188304285519
EAppRate= 0.324763372796588
