ICQueenStrength= 3.30608791927807
RQWkrDrnRatio= 1.52300767879933
ICDroneMiteSurvivorship= 9.26583718974143
ICWorkerMiteSurvivorship= 33.7281242478639
ICForagerLifespan= 10.649697589688
ImmType= Polynomial
AIAdultSlope= 0.966572330798954
AIAdultLD50= 0.384587249835022
AIAdultSlopeContact= 3.39356248389697
AIAdultLD50Contact= 0.0213030820013955
AILarvaSlope= 0.388244843808934
AILarvaLD50= 0.697165373177268
AIKOW= 2.38079212838784
AIKOC= 17.5163931923453
AIHalfLife= 1.94648686563596
EAppRate= 0.157001481205225
