ICQueenStrength= 2.68616752140224
RQWkrDrnRatio= 1.82506306376308
ICDroneMiteSurvivorship= 38.8741590781137
ICWorkerMiteSurvivorship= 40.5737827066332
ICForagerLifespan= 13.4377961261198
ImmType= Cosine
AIAdultSlope= 1.10900544343516
AIAdultLD50= 0.4257074422203
AIAdultSlopeContact= 0.367378791114315
AIAdultLD50Contact= 0.0236431621829979
AILarvaSlope= 2.70937315630727
AILarvaLD50= 0.824718627962284
AIKOW= 2.42700910707936
AIKOC= 5.19033190910704
AIHalfLife= 4.54423976829275
EAppRate= 0.0392571605974808
