ICQueenStrength= 4.63848836743273
RQWkrDrnRatio= 3.71800117380917
ICDroneMiteSurvivorship= 79.0409063454717
ICWorkerMiteSurvivorship= 16.9657716993243
ICForagerLifespan= 12.6479080179706
ImmType= Sine
AIAdultSlope= 0.812275044349954
AIAdultLD50= 0.353184035979211
AIAdultSlopeContact= 1.41018709140597
AIAdultLD50Contact= 0.0326377468183637
AILarvaSlope= 1.90201420695521
AILarvaLD50= 0.578706071781926
AIKOW= 5.7810409925878
AIKOC= 24.3656463059597
AIHalfLife= 1.34963509277441
EAppRate= 0.386549074831419
