ICQueenStrength= 4.56796022271737
RQWkrDrnRatio= 2.40098570566624
ICDroneMiteSurvivorship= 87.9765193676576
ICWorkerMiteSurvivorship= 33.7739629903808
ICForagerLifespan= 5.56527297291905
ImmType= Sine
AIAdultLD50= 0.154012839635834
AIAdultSlopeContact= 0.227493445964064
AIAdultLD50Contact= 0.0118279200396501
AILarvaSlope= 0.577184535795823
AILarvaLD50= 0.203234234475531
AIKOW= 6.14648535195738
AIKOC= 12.027620903682
AIHalfLife= 3.13206741632894
EAppRate= 1.86038482096046
