ICQueenStrength= 4.72294603381306
RQWkrDrnRatio= 2.92941992077976
ICDroneMiteSurvivorship= 11.5038974909112
ICWorkerMiteSurvivorship= 61.7498668842018
ICForagerLifespan= 9.43339772615582
ImmType= Polynomial
AIAdultSlopeContact= 8.12655141111463
AIAdultLD50Contact= 0.126241061836481
AILarvaSlope= 3.69906336069107
AILarvaLD50= 0.189315024763346
AIKOW= 81.936895288527
AIKOC= 99.7666605049744
AIHalfLife= 6.96484059514478
