ICQueenStrength= 3.40184245165437
RQWkrDrnRatio= 3.35680780839175
ICDroneMiteSurvivorship= 71.931187575683
ICWorkerMiteSurvivorship= 0.891149463132024
ICForagerLifespan= 9.03652187250555
ImmType= Cosine
AIAdultSlope= 3.47009595528245
AIAdultLD50= 0.299545344663784
AIAdultSlopeContact= 2.13356544080889
AIAdultLD50Contact= 0.0294929884956218
AILarvaSlope= 1.89884134316817
AILarvaLD50= 0.771729240682907
AIKOW= 3.04323912644759
AIKOC= 9.49865408008918
AIHalfLife= 3.43156351940706
EAppRate= 0.368892653286457
