ICQueenStrength= 1.22998726228252
RQWkrDrnRatio= 2.36485518980771
ICDroneMiteSurvivorship= 70.0051132123917
ICWorkerMiteSurvivorship= 16.0120970569551
ICForagerLifespan= 12.7568592503667
ImmType= Tangent
AIAdultSlope= 0.575859671970829
AIAdultLD50= 1.86538623296656
AIAdultSlopeContact= 3.65994000005303
AIAdultLD50Contact= 0.0292243954958394
AILarvaSlope= 2.77924795122817
AILarvaLD50= 0.15499508085195
AIKOW= 6.62927413592115
AIKOC= 24.7807732096408
AIHalfLife= 11.2947236723267
EAppRate= 0.282584503525868
