ICQueenStrength= 1.71439856197685
RQWkrDrnRatio= 2.21004160307348
ICDroneMiteSurvivorship= 79.9701245035976
ICWorkerMiteSurvivorship= 97.8782573947683
ICForagerLifespan= 4.14755483344197
ImmType= Logarithmic
AIAdultSlope= 2.20512964235852
AIAdultLD50= 0.279959250125103
AIAdultSlopeContact= 2.18176431054482
AIAdultLD50Contact= 0.0337746439035982
AILarvaSlope= 0.663206430478022
AILarvaLD50= 0.890012481459416
AIKOW= 2.02303762873635
AIKOC= 5.29948649462312
AIHalfLife= 0.582147338427603
EAppRate= 0
