ICQueenStrength= 3.36862477031536
RQWkrDrnRatio= 1.6582687376067
ICDroneMiteSurvivorship= 13.3033244404942
ICWorkerMiteSurvivorship= 29.0168836945668
ICForagerLifespan= 13.9622025163844
ImmType= Tangent
AIAdultSlope= 2.3812980086077
AIAdultLD50= 0.141147821210325
AIAdultSlopeContact= 3.75689048382221
AIAdultLD50Contact= 0.0303651912021451
AILarvaSlope= 1.381434111204
AILarvaLD50= 0.809825956402347
AIKOW= 6.61889895191416
AIKOC= 11.3154557719827
AIHalfLife= 11.3339938963763
EAppRate= 0.343329093651846
