ICQueenStrength= 5.97893374529667
RQWkrDrnRatio= 3.09640147443861
ICDroneMiteSurvivorship= 90.7452340470627
ICWorkerMiteSurvivorship= 65.9279973711818
ICForagerLifespan= 15.0315734343603
ImmType= Sine
AIAdultSlope= 1.11309344226262
AIAdultLD50= 0.189657645765692
AIAdultSlopeContact= 0.173201307768468
AIAdultLD50Contact= 0.0158011144143529
AILarvaSlope= 3.10729208150879
AILarvaLD50= 0.150448175193742
AIKOW= 5.36117194965482
AIKOC= 22.6999753282871
AIHalfLife= 4.59824184537865
EAppRate= 0.438599294400774
