ICQueenStrength= 4.35375788272358
RQWkrDrnRatio= 2.66426583752036
ICDroneMiteSurvivorship= 91.3786920951679
ICWorkerMiteSurvivorship= 36.3276982214302
ICForagerLifespan= 6.22311687003821
ImmType= Sine
AIAdultSlope= 3.55970616706414
AIAdultLD50= 0.248201488866471
AIAdultSlopeContact= 1.86622220420977
AIAdultLD50Contact= 0.0359417884727009
AILarvaSlope= 1.83027575453743
AILarvaLD50= 0.150786188640632
AIKOW= 3.71331988554448
AIKOC= 6.05726333567873
AIHalfLife= 1.40049035078846
EAppRate= 0.216299796849489
