ICQueenStrength= 1.01476084580645
RQWkrDrnRatio= 4.03490225411952
ICDroneMiteSurvivorship= 98.8648857455701
ICWorkerMiteSurvivorship= 22.6654946105555
ICForagerLifespan= 7.99023928120732
ImmType= Tangent
AIAdultSlope= 1.14584349704208
AIAdultLD50= 0.240747837349772
AIAdultSlopeContact= 2.49362520314287
AIAdultLD50Contact= 0.00773857368621975
AILarvaSlope= 2.33332057180814
AILarvaLD50= 0.828221538872458
AIKOW= 5.81579379364848
AIKOC= 8.47691509523429
AIHalfLife= 0.616389308124781
EAppRate= 0.46869635800831
