ICQueenStrength= 1.49626008141786
RQWkrDrnRatio= 1.27035164181143
ICDroneMiteSurvivorship= 31.8938397569582
ICWorkerMiteSurvivorship= 1.1339453747496
ICForagerLifespan= 14.920703089796
ImmType= Tangent
AIAdultSlope= 0.757979736896232
AIAdultLD50= 2.10273946425878
AIAdultSlopeContact= 2.91718043402536
AIAdultLD50Contact= 0.0336535651353188
AILarvaSlope= 1.20771556645632
AILarvaLD50= 0.0907308997353539
AIKOW= 6.0352523853071
AIKOC= 23.1486130517442
AIHalfLife= 11.7581095532514
EAppRate= 0.522931115003303
