ICQueenStrength= 2.72740180394612
RQWkrDrnRatio= 4.03520002495497
ICDroneMiteSurvivorship= 79.3038942618296
ICWorkerMiteSurvivorship= 24.7710903175175
ICForagerLifespan= 7.61706503015012
ImmType= Polynomial
AIAdultSlope= 3.87219370590756
AIAdultLD50= 0.0849238863447681
AIAdultSlopeContact= 1.69094571162248
AIAdultLD50Contact= 0.0267519073677249
AILarvaSlope= 0.937374443979934
AILarvaLD50= 0.148752586171031
AIKOW= 3.77064654044807
AIKOC= 17.3929396097083
AIHalfLife= 2.82067928113975
EAppRate= 0.507977293850854
