ICQueenStrength= 4.07478247908875
RQWkrDrnRatio= 3.74709385354072
ICDroneMiteSurvivorship= 55.8340041199699
ICWorkerMiteSurvivorship= 74.1450160974637
ICForagerLifespan= 9.0581987593323
ImmType= Logarithmic
AIAdultLD50= 0.154012839635834
AIAdultSlopeContact= 1.75054190696217
AIAdultLD50Contact= 0.0264541751006618
AILarvaSlope= 2.88882116503082
AILarvaLD50= 0.874419900868088
AIKOW= 2.66572709800676
AIKOC= 25.8236727921758
AIHalfLife= 0.383140069898218
EAppRate= 1.87939718551934
