ICQueenStrength= 1.59666242450476
RQWkrDrnRatio= 3.74665087088943
ICDroneMiteSurvivorship= 47.3660927964374
ICWorkerMiteSurvivorship= 32.6158118899912
ICForagerLifespan= 12.0646101525053
ImmType= Sine
AIAdultSlope= 8.17930051125586
AIAdultLD50= 0.623652108712122
AIAdultSlopeContact= 6.47990654921159
AIAdultLD50Contact= 0.122546256007627
AILarvaSlope= 2.7569286711514
AILarvaLD50= 1.2630603290163
AIKOW= 17.4395447596908
AIKOC= 21.197244990617
AIHalfLife= 9.39447511825711
EAppRate= 1.65400783950463
