ICQueenStrength= 2.17265343549661
RQWkrDrnRatio= 1.87544563598931
ICDroneMiteSurvivorship= 58.22900806088
ICWorkerMiteSurvivorship= 90.9764402778819
ICForagerLifespan= 11.3540642093867
ImmType= Polynomial
AIAdultSlope= 1.24106208863668
AIAdultLD50= 1.92224330850877
AIAdultSlopeContact= 0.859207822233439
AIAdultLD50Contact= 0.0162492324714549
AILarvaSlope= 0.880625530146062
AILarvaLD50= 0.429022412491031
AIKOW= 6.40316729107872
AIKOC= 18.9884810021613
AIHalfLife= 7.06749872211367
EAppRate= 0.236793561140075
