ICQueenStrength= 4.46856764750555
RQWkrDrnRatio= 3.5355145605281
ICDroneMiteSurvivorship= 52.3042127257213
ICWorkerMiteSurvivorship= 6.79351321887225
ICForagerLifespan= 11.3188070524484
ImmType= Tangent
AIAdultSlope= 4.86823519691825
