ICQueenStrength= 5.92510344833136
RQWkrDrnRatio= 4.93726702779531
ICDroneMiteSurvivorship= 35.0539897801355
ICWorkerMiteSurvivorship= 58.2203661557287
ICForagerLifespan= 9.63752176985145
ImmType= Polynomial
AIAdultSlope= 1.11977041526698
AIAdultLD50= 2.56195696047507
AIAdultSlopeContact= 2.66203127048677
AIAdultLD50Contact= 0.00688500308897346
AILarvaSlope= 0.79489285456948
AILarvaLD50= 0.691670468822122
AIKOW= 6.83090642699972
AIKOC= 24.526769220829
AIHalfLife= 8.44172826921567
EAppRate= 0.330484078964218
