ICQueenStrength= 1.11087196064182
RQWkrDrnRatio= 3.14340194314718
ICDroneMiteSurvivorship= 5.50289044622332
ICWorkerMiteSurvivorship= 51.1805114103481
ICForagerLifespan= 6.20508222468197
ImmType= Sine
AIAdultSlope= 3.78719509738265
AIAdultLD50= 0.0637188989203423
AIAdultSlopeContact= 2.28128353324486
AIAdultLD50Contact= 0.0119415347930044
AILarvaSlope= 0.199704074207693
AILarvaLD50= 0.277671037358232
AIKOW= 2.98759349016473
AIKOC= 16.4291798439808
AIHalfLife= 1.76255644182675
EAppRate= 0
