ICQueenStrength= 1.46991386800073
RQWkrDrnRatio= 4.2218007883057
ICDroneMiteSurvivorship= 56.7877182969823
ICWorkerMiteSurvivorship= 10.1827554637566
ICForagerLifespan= 14.628984414041
ImmType= Sine
AIAdultSlope= 0.418462535231374
AIAdultLD50= 0.217659964924678
AIAdultSlopeContact= 3.19560612717178
AIAdultLD50Contact= 0.0143149685580283
AILarvaSlope= 0.217044233949855
AILarvaLD50= 0.197277719643898
AIKOW= 7.13342722458765
AIKOC= 22.4144481134135
AIHalfLife= 0.511912130750716
EAppRate= 0
