ICQueenStrength= 1.20889255451038
RQWkrDrnRatio= 2.3139873938635
ICDroneMiteSurvivorship= 48.934810445644
ICWorkerMiteSurvivorship= 0.554918218404055
ICForagerLifespan= 9.56322921253741
ImmType= Exponential
AIAdultSlopeContact= 1.90718326251954
AIAdultLD50Contact= 0.0828413175884634
AILarvaSlope= 2.19343016389757
AILarvaLD50= 1.00071833329275
AIKOW= 14.0633616130799
AIKOC= 3.10455758590251
AIHalfLife= 1.10525315906852
