ICQueenStrength= 3.3847405530978
RQWkrDrnRatio= 3.50922803208232
ICDroneMiteSurvivorship= 64.7670770063996
ICWorkerMiteSurvivorship= 90.60253133066
ICForagerLifespan= 7.35814296174794
ImmType= Exponential
AIAdultSlope= 0.0486451006145217
AIAdultLD50= 0.286374635878019
AIAdultSlopeContact= 1.25405692684231
AIAdultLD50Contact= 0.0362420636694878
AILarvaSlope= 0.0871211194898933
AILarvaLD50= 0.85277754671406
AIKOW= 7.56859837891534
AIKOC= 5.20779078477062
AIHalfLife= 2.18252465943806
EAppRate= 0.15026622924488
