ICQueenStrength= 3.42123490385711
RQWkrDrnRatio= 1.52973279450089
