ICQueenStrength= 1.78236488741823
RQWkrDrnRatio= 1.52851974591613
ICDroneMiteSurvivorship= 98.97243573796
ICWorkerMiteSurvivorship= 15.5833354219794
ICForagerLifespan= 10.3964372817427
ImmType= Tangent
AIAdultSlope= 6.00482923910022
