ICQueenStrength= 4.94651245325804
RQWkrDrnRatio= 4.76926011778414
ICDroneMiteSurvivorship= 92.8661487996578
ICWorkerMiteSurvivorship= 10.562412859872
ICForagerLifespan= 11.3398794671521
ImmType= Sine
AIAdultSlope= 8.72555246111006
