ICQueenStrength= 3.50675692572258
RQWkrDrnRatio= 2.85840268712491
ICDroneMiteSurvivorship= 71.9660874921829
ICWorkerMiteSurvivorship= 14.7160802967846
ICForagerLifespan= 8.1738509638235
ImmType= Sine
AIAdultSlope= 2.15605631214101
AIAdultLD50= 0.208903297665529
AIAdultSlopeContact= 0.353434740237426
AIAdultLD50Contact= 0.0471032013883814
AILarvaSlope= 0.936994321877137
AILarvaLD50= 0.0506269420031458
AIKOW= 7.73022121284157
AIKOC= 20.5813694640528
AIHalfLife= 1.1393121117726
EAppRate= 0.183154547563754
