ICQueenStrength= 5.56369484658353
RQWkrDrnRatio= 3.8948288615793
ICDroneMiteSurvivorship= 15.7849895069376
ICWorkerMiteSurvivorship= 40.6792582245544
ICForagerLifespan= 12.3314058929682
ImmType= Logarithmic
AIAdultSlope= 2.16488737086765
AIAdultLD50= 0.156515731243417
AIAdultSlopeContact= 2.11677827818086
AIAdultLD50Contact= 0.00562271187081933
AILarvaSlope= 2.08403987782076
AILarvaLD50= 0.181972195976414
AIKOW= 7.07039762893692
AIKOC= 28.5040290106554
AIHalfLife= 11.5016993056051
EAppRate= 0.569581947755069
