ICQueenStrength= 1.94547744840384
RQWkrDrnRatio= 2.77454164531082
ICDroneMiteSurvivorship= 45.3258940484375
ICWorkerMiteSurvivorship= 8.01716747228056
ICForagerLifespan= 5.58103413321078
ImmType= Sine
AIAdultSlopeContact= 1.9102081587282
AIAdultLD50Contact= 0.038522680348251
AILarvaSlope= 0.0930436566472053
AILarvaLD50= 0.156637596292421
AIKOW= 3.5606499845162
AIKOC= 21.7390604154207
AIHalfLife= 1.3779401066713
