ICQueenStrength= 5.68587875715457
RQWkrDrnRatio= 1.7489752387628
ICDroneMiteSurvivorship= 9.82343051582575
ICWorkerMiteSurvivorship= 92.3101427964866
ICForagerLifespan= 13.7523261960596
ImmType= Logarithmic
AIAdultSlope= 2.60012826547027
AIAdultLD50= 1.42392076738179
AIAdultSlopeContact= 3.02211333745625
AIAdultLD50Contact= 0.0469779429025948
AILarvaSlope= 2.8363197163213
AILarvaLD50= 0.80022482033819
AIKOW= 2.2911411835812
AIKOC= 5.43130751000717
AIHalfLife= 4.5494976057671
EAppRate= 0.144968914333731
