ICQueenStrength= 1.95963510684669
RQWkrDrnRatio= 2.94825056567788
ICDroneMiteSurvivorship= 37.1234248625115
ICWorkerMiteSurvivorship= 39.0460792928934
ICForagerLifespan= 8.38303372915834
ImmType= Exponential
AIAdultSlopeContact= 1.9146917317668
AIAdultLD50Contact= 0.0394898685161024
AILarvaSlope= 3.31078245067038
AILarvaLD50= 0.47094192376826
AIKOW= 4.05900871939957
AIKOC= 21.6439687658567
AIHalfLife= 2.97736434126273
