ICQueenStrength= 4.00179527024738
RQWkrDrnRatio= 2.36183563433588
ICDroneMiteSurvivorship= 25.178681849502
ICWorkerMiteSurvivorship= 76.1517089325935
ICForagerLifespan= 4.58358723390847
ImmType= Cosine
AIAdultSlope= 3.17156066517346
AIAdultLD50= 2.76818686933257
AIAdultSlopeContact= 0.18289448912954
AIAdultLD50Contact= 0.0458285586792044
AILarvaSlope= 0.550675253523514
AILarvaLD50= 0.877573086926714
AIKOW= 2.222534887027
AIKOC= 8.48491540644318
AIHalfLife= 4.2924042311497
EAppRate= 0.134065134683624
