ICQueenStrength= 2.79820068879053
RQWkrDrnRatio= 3.62996654771268
ICDroneMiteSurvivorship= 67.8800202673301
ICWorkerMiteSurvivorship= 52.0948825636879
ICForagerLifespan= 5.80101451650262
ImmType= Logarithmic
AIAdultSlope= 1.6539900873322
AIAdultLD50= 0.227497130865231
AIAdultSlopeContact= 3.25129481133772
AIAdultLD50Contact= 0.00721457687905058
AILarvaSlope= 1.7705183331389
AILarvaLD50= 0.55407228092663
AIKOW= 3.4100843896158
AIKOC= 25.6197532650549
AIHalfLife= 2.13312197243795
EAppRate= 0.981059885583818
