ICQueenStrength= 1.71249817148782
RQWkrDrnRatio= 1.82752860151231
ICDroneMiteSurvivorship= 22.2149937646464
ICWorkerMiteSurvivorship= 32.4672731338069
ICForagerLifespan= 4.71706653013825
ImmType= Polynomial
AIAdultSlope= 0.730285012442619
AIAdultLD50= 1.13644959800877
AIAdultSlopeContact= 0.394136148684192
AIAdultLD50Contact= 0.0140960374264978
AILarvaSlope= 2.47220052843913
AILarvaLD50= 0.241220414056443
AIKOW= 2.79067130479962
AIKOC= 19.9785244488157
AIHalfLife= 11.9999889289029
EAppRate= 0.93345718854107
