ICQueenStrength= 4.95461299689487
RQWkrDrnRatio= 1.6741665545851
ICDroneMiteSurvivorship= 86.5470679011196
ICWorkerMiteSurvivorship= 15.8418545965105
ICForagerLifespan= 15.8793467590585
ImmType= Sine
AIAdultSlope= 0.480937681999058
AIAdultLD50= 0.290018879226409
AIAdultSlopeContact= 3.70720734838396
AIAdultLD50Contact= 0.0476604050258175
AILarvaSlope= 1.94382055085152
AILarvaLD50= 0.478296067728661
AIKOW= 4.63690143637359
AIKOC= 8.42399807996117
AIHalfLife= 1.57897301251069
EAppRate= 0.574839536240324
