ICQueenStrength= 1.30104756704532
RQWkrDrnRatio= 4.47827653773129
ICDroneMiteSurvivorship= 31.5180594101548
ICWorkerMiteSurvivorship= 27.0250597503036
ICForagerLifespan= 12.1647935733199
ImmType= Polynomial
AIAdultSlope= 3.03690196853131
AIAdultLD50= 0.397623806493357
AIAdultSlopeContact= 2.87866665866459
AIAdultLD50Contact= 0.0483217180008069
AILarvaSlope= 1.67841174104251
AILarvaLD50= 0.653076817723922
AIKOW= 2.23857523594052
AIKOC= 15.9993197023869
AIHalfLife= 1.61777801904827
EAppRate= 0.79911545640789
