ICQueenStrength= 4.58866574359126
RQWkrDrnRatio= 4.84436673484743
ICDroneMiteSurvivorship= 5.28151257894933
ICWorkerMiteSurvivorship= 66.1759925773367
ICForagerLifespan= 9.24839376471937
ImmType= Tangent
AIAdultSlope= 0.643288542889059
AIAdultLD50= 1.50946006109007
AIAdultSlopeContact= 2.39667533518514
AIAdultLD50Contact= 0.00113645499804988
AILarvaSlope= 2.07886307123117
AILarvaLD50= 0.433461012016051
AIKOW= 2.8927216953598
AIKOC= 5.23035836056806
AIHalfLife= 0.517604747321457
EAppRate= 0.420103633310646
