ICQueenStrength= 5.89080504165031
RQWkrDrnRatio= 4.30489301029593
ICDroneMiteSurvivorship= 5.84676598664373
ICWorkerMiteSurvivorship= 17.3372456803918
ICForagerLifespan= 12.8016673931852
ImmType= Sine
AIAdultSlope= 1.3924136006739
AIAdultSlopeContact= 3.34905797130894
AIAdultLD50Contact= 0.00394809872377664
AILarvaSlope= 1.4187509983778
AILarvaLD50= 0.810550208156928
AIKOW= 6.48930423613638
AIKOC= 20.8038670953829
AIHalfLife= 0.294942957814783
