ICQueenStrength= 4.68603962589987
RQWkrDrnRatio= 2.02783502172679
ICDroneMiteSurvivorship= 15.0724623119459
ICWorkerMiteSurvivorship= 32.6542375143617
ICForagerLifespan= 4.32206683699042
ImmType= Tangent
AIAdultSlope= 3.25892229851335
AIAdultLD50= 0.339146519894712
AIAdultSlopeContact= 1.23226410843199
AIAdultLD50Contact= 0.02737595976796
AILarvaSlope= 3.33570077572949
AILarvaLD50= 0.857393664889969
AIKOW= 3.3906421950087
AIKOC= 17.9348365881015
AIHalfLife= 2.48133752029389
EAppRate= 0
