ICQueenStrength= 3.11920967791229
RQWkrDrnRatio= 1.53162084240466
ICDroneMiteSurvivorship= 80.4221408441663
ICWorkerMiteSurvivorship= 80.2586872829124
ICForagerLifespan= 8.91112169157714
ImmType= Exponential
AIAdultSlope= 0.363069559510332
AIAdultLD50= 0.356687164516188
AIAdultSlopeContact= 0.755570920973551
AIAdultLD50Contact= 0.00115272963885218
AILarvaSlope= 2.89975672173314
AILarvaLD50= 0.00252158576622605
AIKOW= 4.40606820536777
AIKOC= 8.9541516918689
AIHalfLife= 2.30552067281678
EAppRate= 0
