ICQueenStrength= 1.07208924973384
RQWkrDrnRatio= 4.62459206953645
ICDroneMiteSurvivorship= 6.83379746042192
ICWorkerMiteSurvivorship= 2.15238013770431
ICForagerLifespan= 5.08017615228891
ImmType= Polynomial
AIAdultSlope= 0.440053057717159
AIAdultLD50= 2.65043680183589
AIAdultSlopeContact= 2.26625119348755
AIAdultLD50Contact= 0.03019416378811
AILarvaSlope= 1.42830678420141
AILarvaLD50= 0.731041208468378
AIKOW= 4.61226182058454
AIKOC= 16.6142021201085
AIHalfLife= 6.48651948850602
EAppRate= 0.0895693085622042
