ICQueenStrength= 4.2999032898806
RQWkrDrnRatio= 3.99287783168256
ICDroneMiteSurvivorship= 98.5405253479257
ICWorkerMiteSurvivorship= 12.9963887389749
ICForagerLifespan= 11.7719186535105
ImmType= Cosine
AIAdultSlope= 0.120906941494904
AIAdultLD50= 0.309020380256698
AIAdultSlopeContact= 1.4101882086508
AIAdultLD50Contact= 0.0318799167871475
AILarvaSlope= 0.864580122428015
AILarvaLD50= 0.0807887587230653
AIKOW= 3.956610806752
AIKOC= 5.90297146234661
AIHalfLife= 0.574787370860577
EAppRate= 0
