ICQueenStrength= 3.40866127423942
RQWkrDrnRatio= 1.18189753871411
ICDroneMiteSurvivorship= 18.7773514771834
ICWorkerMiteSurvivorship= 72.7904295781627
ICForagerLifespan= 15.3941545160487
ImmType= Tangent
AIAdultSlope= 0.3698604279547
AIAdultLD50= 0.401857704040594
AIAdultSlopeContact= 2.87227821521927
AIAdultLD50Contact= 0.0344887800631113
AILarvaSlope= 1.57220008336008
AILarvaLD50= 0.304105694149621
AIKOW= 7.6696872478351
AIKOC= 14.8960202711169
AIHalfLife= 2.51329847378656
EAppRate= 0.00454845079220831
