ICQueenStrength= 1.1850325090345
RQWkrDrnRatio= 3.4397231163457
ICDroneMiteSurvivorship= 43.9586172578856
ICWorkerMiteSurvivorship= 37.3443437274545
ICForagerLifespan= 9.50264974217862
ImmType= Cosine
AIAdultSlope= 9.83294639736414
