ICQueenStrength= 3.89306300575845
RQWkrDrnRatio= 2.70986091252416
ICDroneMiteSurvivorship= 54.6976859215647
ICWorkerMiteSurvivorship= 92.3574902815744
ICForagerLifespan= 7.3617686573416
ImmType= Logarithmic
AIAdultSlopeContact= 0.0138512067496777
AIAdultLD50Contact= 0.0165427205618471
AILarvaSlope= 4.06969342147931
AILarvaLD50= 0.0935455528087914
AIKOW= 23.0480223428458
AIKOC= 20.5387904308736
AIHalfLife= 7.65147557901219
