ICQueenStrength= 2.05917022679932
RQWkrDrnRatio= 3.10910987015814
ICDroneMiteSurvivorship= 42.2977110138163
ICWorkerMiteSurvivorship= 27.1151916589588
ICForagerLifespan= 8.86355895083398
ImmType= Sine
AIAdultSlope= 0.487945167720318
AIAdultLD50= 2.89394177868962
AIAdultSlopeContact= 1.56735300872242
AIAdultLD50Contact= 0.0372451881179586
AILarvaSlope= 0.657233222248033
AILarvaLD50= 0.814707659371197
AIKOW= 7.53618562361225
AIKOC= 21.7757774179336
AIHalfLife= 11.1801075148396
EAppRate= 0.316354539711028
