ICQueenStrength= 4.24781603296287
RQWkrDrnRatio= 4.17003252729774
ICDroneMiteSurvivorship= 60.9392903279513
ICWorkerMiteSurvivorship= 48.2091847108677
ICForagerLifespan= 12.7677207607776
ImmType= Sine
AIAdultSlope= 2.85318685686216
AIAdultLD50= 0.219931341474876
AIAdultSlopeContact= 3.00968734047376
AIAdultLD50Contact= 0.0374664108501747
AILarvaSlope= 0.113520525908098
AILarvaLD50= 0.661294999485835
AIKOW= 4.68500672793016
AIKOC= 12.2787436773069
AIHalfLife= 4.3390832724981
EAppRate= 0.377761979820207
