ICQueenStrength= 5.62551384582184
RQWkrDrnRatio= 4.04332664888352
ICDroneMiteSurvivorship= 4.04359695967287
ICWorkerMiteSurvivorship= 44.1442257259041
ICForagerLifespan= 14.1820430085063
ImmType= Exponential
AIAdultSlopeContact= 2.15603634447791
AIAdultLD50Contact= 0.0302289570565335
AILarvaSlope= 2.69341133143753
AILarvaLD50= 0.237801123945974
AIKOW= 5.06584531720728
AIKOC= 27.3157807893585
AIHalfLife= 1.2454891433008
