ICQueenStrength= 5.75022290600464
RQWkrDrnRatio= 2.68838376738131
ICDroneMiteSurvivorship= 88.4676383808255
ICWorkerMiteSurvivorship= 7.96935083344579
ICForagerLifespan= 14.0429905094206
ImmType= Tangent
AIAdultSlopeContact= 3.60423772777431
AIAdultLD50Contact= 0.0459807531908155
AILarvaSlope= 3.16188382892869
AILarvaLD50= 0.492720168689266
AIKOW= 6.86635522916913
AIKOC= 16.3979175046552
AIHalfLife= 7.77137400442734
