ICQueenStrength= 4.21748270303942
RQWkrDrnRatio= 2.51641127932817
ICDroneMiteSurvivorship= 45.039327442646
ICWorkerMiteSurvivorship= 39.2816369188949
ICForagerLifespan= 10.102778935805
ImmType= Cosine
AIAdultSlope= 0.893599000619724
AIAdultLD50= 1.26806942280382
AIAdultSlopeContact= 2.45729475110304
AIAdultLD50Contact= 0.000859634706284851
AILarvaSlope= 0.586004468146712
AILarvaLD50= 0.131685891584493
AIKOW= 4.29258029023185
AIKOC= 11.4745537296403
AIHalfLife= 1.82282960414886
EAppRate= 0.368722971761599
