ICQueenStrength= 3.69654258503579
RQWkrDrnRatio= 3.61284862272441
ICDroneMiteSurvivorship= 70.2194848796353
ICWorkerMiteSurvivorship= 63.6264215921983
ICForagerLifespan= 7.07914848439395
ImmType= Exponential
AIAdultSlope= 2.00855204627383
AIAdultLD50= 0.232265865895897
AIAdultSlopeContact= 1.95557753959671
AIAdultLD50Contact= 0.0458498280611821
AILarvaSlope= 0.654907948104665
AILarvaLD50= 0.698654224025086
AIKOW= 3.1759232385084
AIKOC= 5.67957508726977
AIHalfLife= 3.63283532322384
EAppRate= 0.0537444531451911
