ICQueenStrength= 3.18580746790394
RQWkrDrnRatio= 2.12286608107388
ICDroneMiteSurvivorship= 53.7019273266196
ICWorkerMiteSurvivorship= 20.3108338173479
ICForagerLifespan= 7.83823239710182
ImmType= Cosine
AIAdultSlope= 1.85094161100453
AIAdultLD50= 0.49258277809713
AIAdultSlopeContact= 0.572983565283939
AIAdultLD50Contact= 0.043384672247339
AILarvaSlope= 1.04534816527739
AILarvaLD50= 0.655403913161717
AIKOW= 2.75724526960403
AIKOC= 28.0920416186564
AIHalfLife= 3.07582850102335
EAppRate= 0.0671921707922593
