ICQueenStrength= 1.37599201314151
RQWkrDrnRatio= 2.91168100945652
ICDroneMiteSurvivorship= 30.4920639144257
ICWorkerMiteSurvivorship= 27.3167535662651
ICForagerLifespan= 13.4591736113653
ImmType= Exponential
AIAdultSlope= 3.63929847087013
AIAdultLD50= 0.262469971901737
AIAdultSlopeContact= 3.24639206194785
AIAdultLD50Contact= 0.000561948027461767
AILarvaSlope= 0.499670677492395
AILarvaLD50= 0.133886529039592
AIKOW= 4.34654898429289
AIKOC= 19.9845084233675
AIHalfLife= 3.53387858485803
EAppRate= 0.651102198124863
