ICQueenStrength= 2.46957194549032
RQWkrDrnRatio= 1.17599197477102
ICDroneMiteSurvivorship= 97.9464313713834
ICWorkerMiteSurvivorship= 57.8327120514587
ICForagerLifespan= 11.8673675619066
ImmType= Sine
AIAdultSlope= 0.836114457640797
AIAdultLD50= 0.397652280982584
AIAdultSlopeContact= 3.65598517296603
AIAdultLD50Contact= 0.0219322037999518
AILarvaSlope= 1.61644029719755
AILarvaLD50= 0.0217034527799115
AIKOW= 6.21745653124526
AIKOC= 16.3007509324234
AIHalfLife= 0.0650801323354244
EAppRate= 0.0720681774662807
