ICQueenStrength= 4.511182036018
RQWkrDrnRatio= 2.9450176730752
ICDroneMiteSurvivorship= 18.7811505515128
ICWorkerMiteSurvivorship= 62.7076914068311
ICForagerLifespan= 8.82738850731403
ImmType= Tangent
AIAdultSlope= 1.79943456314504
AIAdultLD50= 0.357489846646786
AIAdultSlopeContact= 4.56480338703841
AIAdultLD50Contact= 0.148129620496184
AILarvaSlope= 0.0308434455655515
AILarvaLD50= 1.04616729496047
AIKOW= 16.3159135030583
AIKOC= 45.1811290811747
AIHalfLife= 13.6565265608951
EAppRate= 0.907661911100149
