ICQueenStrength= 5.64526668656617
RQWkrDrnRatio= 3.95001320634037
ICDroneMiteSurvivorship= 54.8486340092495
ICWorkerMiteSurvivorship= 19.5560831110924
ICForagerLifespan= 4.85221675317734
ImmType= Tangent
AIAdultSlope= 6.37166700325906
