ICQueenStrength= 1.59383494663052
RQWkrDrnRatio= 4.06638355180621
ICDroneMiteSurvivorship= 17.433868534863
ICWorkerMiteSurvivorship= 6.67766290716827
ICForagerLifespan= 7.6414955034852
ImmType= Exponential
AIAdultSlope= 2.44673729599453
AIAdultLD50= 1.79897431866266
AIAdultSlopeContact= 2.35484450110467
AIAdultLD50Contact= 0.0467937566805631
AILarvaSlope= 1.8825456911698
AILarvaLD50= 0.098561349324882
AIKOW= 6.19430942367762
AIKOC= 5.55495356791653
AIHalfLife= 0.331785198301077
EAppRate= 0.928385754581541
