ICQueenStrength= 2.71782528050244
RQWkrDrnRatio= 2.36993629764766
ICDroneMiteSurvivorship= 16.9072386110201
ICWorkerMiteSurvivorship= 69.8572939028963
ICForagerLifespan= 10.6009595356882
ImmType= Tangent
AIAdultLD50= 0.154012839635834
AIAdultSlopeContact= 3.18301812877413
AIAdultLD50Contact= 0.0402880170033313
AILarvaSlope= 2.29935495993122
AILarvaLD50= 0.0095437862444669
AIKOW= 7.98120758449659
AIKOC= 10.4659866262227
AIHalfLife= 13.740425337106
EAppRate= 0.996970591600984
