ICQueenStrength= 4.57734006480314
RQWkrDrnRatio= 1.35368475597352
ICDroneMiteSurvivorship= 41.6258468059823
ICWorkerMiteSurvivorship= 0.0240654684603214
ICForagerLifespan= 4.83974278252572
ImmType= Sine
AIAdultSlopeContact= 9.30020079482347
AIAdultLD50Contact= 0.104578374139965
AILarvaSlope= 6.84323092689738
AILarvaLD50= 0.366788123734295
AIKOW= 44.1847147187218
AIKOC= 38.3454018970951
AIHalfLife= 4.69076779857278
