ICQueenStrength= 5.04679465689696
RQWkrDrnRatio= 1.04848598875105
ICDroneMiteSurvivorship= 37.4328315258026
ICWorkerMiteSurvivorship= 35.1666303118691
ICForagerLifespan= 7.6260641515255
ImmType= Sine
AIAdultSlopeContact= 5.25920775020495
AIAdultLD50Contact= 0.104894438479096
AILarvaSlope= 8.91005304409191
AILarvaLD50= 1.71217387216166
AIKOW= 71.2063216138631
AIKOC= 55.8431273326278
AIHalfLife= 1.59557039150968
