ICQueenStrength= 1.95791775966063
RQWkrDrnRatio= 2.31858421675861
ICDroneMiteSurvivorship= 76.4331287238747
ICWorkerMiteSurvivorship= 71.1739105638117
ICForagerLifespan= 13.189373598434
ImmType= Tangent
AIAdultSlope= 1.55118762017228
AIAdultSlopeContact= 2.08473129614722
AIAdultLD50Contact= 0.0360169149586
AILarvaSlope= 3.15156195196323
AILarvaLD50= 0.746330363326706
AIKOW= 3.36836523935199
AIKOC= 8.421049535973
AIHalfLife= 11.5925434743986
