ICQueenStrength= 2.84829777106643
RQWkrDrnRatio= 1.32664724811912
ICDroneMiteSurvivorship= 85.6533911311999
ICWorkerMiteSurvivorship= 63.0377358291298
ICForagerLifespan= 12.822376223281
ImmType= Polynomial
AIAdultSlopeContact= 2.12649183805101
AIAdultLD50Contact= 0.0336473224568181
AILarvaSlope= 1.71349181332625
AILarvaLD50= 0.662009191280231
AIKOW= 5.28550762403756
AIKOC= 22.2280411061365
AIHalfLife= 11.899122975301
