ICQueenStrength= 1.41526232962497
RQWkrDrnRatio= 2.24568497110158
ICDroneMiteSurvivorship= 68.7158975051716
ICWorkerMiteSurvivorship= 64.4871238619089
ICForagerLifespan= 11.4603361161426
ImmType= Polynomial
AIAdultSlope= 2.04421861865558
AIAdultLD50= 1.87776715611108
AIAdultSlopeContact= 1.82566585184075
AIAdultLD50Contact= 0.000318730529397726
AILarvaSlope= 2.33497232417576
AILarvaLD50= 0.77092034930829
AIKOW= 2.72886742278934
AIKOC= 11.7714977834839
AIHalfLife= 8.89870481658727
EAppRate= 0.115492623532191
