ICQueenStrength= 2.96136256679893
RQWkrDrnRatio= 4.16346487496048
ICDroneMiteSurvivorship= 28.0543739674613
ICWorkerMiteSurvivorship= 20.5569283803925
ICForagerLifespan= 13.5849851761013
ImmType= Sine
AIAdultSlopeContact= 0.947028641521465
AIAdultLD50Contact= 0.0439100233372301
AILarvaSlope= 1.29546288759448
AILarvaLD50= 0.235311144450679
AIKOW= 7.70547691127285
AIKOC= 22.1487292740494
AIHalfLife= 7.87710875505581
