ICQueenStrength= 5.53118397621438
RQWkrDrnRatio= 3.74886479973793
ICDroneMiteSurvivorship= 62.2576598776504
ICWorkerMiteSurvivorship= 14.3248760607094
ICForagerLifespan= 12.725524963811
ImmType= Cosine
AIAdultSlope= 3.17563187675551
AIAdultLD50= 0.355741066625342
AIAdultSlopeContact= 2.97621113694739
AIAdultLD50Contact= 0.0373109208303504
AILarvaSlope= 2.21723106550053
AILarvaLD50= 0.779151895176619
AIKOW= 2.15317499730736
AIKOC= 5.81682713353075
AIHalfLife= 13.8270957563072
EAppRate= 0.0805528583005071
