ICQueenStrength= 5.60014078766108
RQWkrDrnRatio= 1.07926853746176
ICDroneMiteSurvivorship= 63.3009808370844
ICWorkerMiteSurvivorship= 73.7669039750472
ICForagerLifespan= 4.3762346599251
ImmType= Exponential
AIAdultSlope= 0.0278518808539957
AIAdultLD50= 0.517115680268034
AIAdultSlopeContact= 3.24003905922873
AIAdultLD50Contact= 0.0209211232955568
AILarvaSlope= 1.7329417900648
AILarvaLD50= 0.0758520941482857
AIKOW= 7.96823310106993
AIKOC= 27.8247549268417
AIHalfLife= 12.5068371547386
EAppRate= 0.0751801589503884
