ICQueenStrength= 3.9792751930654
RQWkrDrnRatio= 3.41313982196152
ICDroneMiteSurvivorship= 65.9547691000625
ICWorkerMiteSurvivorship= 79.136862559244
ICForagerLifespan= 13.1348381591961
ImmType= Sine
AIAdultSlope= 3.53952967708698
AIAdultLD50= 0.266963847563602
AIAdultSlopeContact= 2.56169546809047
AIAdultLD50Contact= 0.042111489456147
AILarvaSlope= 3.32723897732794
AILarvaLD50= 0.26012811739929
AIKOW= 5.18127831025049
AIKOC= 23.1265681632794
AIHalfLife= 2.98930710763671
EAppRate= 0.0295665461104363
