ICQueenStrength= 1.15133335138671
RQWkrDrnRatio= 4.07506390754133
ICDroneMiteSurvivorship= 37.2814472299069
ICWorkerMiteSurvivorship= 91.882621194236
ICForagerLifespan= 11.2042310936376
ImmType= Cosine
AIAdultSlope= 2.15412393067963
AIAdultLD50= 0.937357098329812
AIAdultSlopeContact= 0.0805849195620976
AIAdultLD50Contact= 0.00408485763473436
AILarvaSlope= 0.906125075183809
AILarvaLD50= 0.877119496045634
AIKOW= 5.88369784178212
AIKOC= 23.5014981485438
AIHalfLife= 13.6235802713782
EAppRate= 0.384994410676882
