ICQueenStrength= 1.57359723723494
RQWkrDrnRatio= 3.51753457076848
ICDroneMiteSurvivorship= 54.7544128261507
ICWorkerMiteSurvivorship= 32.923305220902
ICForagerLifespan= 11.5253218775615
ImmType= Cosine
AIAdultSlope= 2.99681965862401
AIAdultLD50= 2.61873385682702
AIAdultSlopeContact= 0.606043483936228
AIAdultLD50Contact= 0.033459748479072
AILarvaSlope= 2.7580938545987
AILarvaLD50= 0.250386292557232
AIKOW= 4.60070790350437
AIKOC= 6.79720347514376
AIHalfLife= 12.0991589333862
EAppRate= 0.78522791271098
