ICQueenStrength= 5.99509320943616
RQWkrDrnRatio= 4.48998825438321
ICDroneMiteSurvivorship= 27.0775965182111
ICWorkerMiteSurvivorship= 91.5340898092836
ICForagerLifespan= 7.4294251864776
ImmType= Exponential
AIAdultSlopeContact= 3.21179224410793
AIAdultLD50Contact= 0.0421704775304534
AILarvaSlope= 0.679605948319659
AILarvaLD50= 0.774971683952026
AIKOW= 7.91982102347538
AIKOC= 14.6614306617994
AIHalfLife= 13.225967249833
