ICQueenStrength= 4.84195447200909
RQWkrDrnRatio= 1.73611792456359
ICDroneMiteSurvivorship= 12.9644371103495
ICWorkerMiteSurvivorship= 16.1788943456486
ICForagerLifespan= 12.2490704050288
ImmType= Cosine
AIAdultSlope= 4.36349552124739
