ICQueenStrength= 5.95972675154917
RQWkrDrnRatio= 4.39305787160993
ICDroneMiteSurvivorship= 12.271729670465
ICWorkerMiteSurvivorship= 4.27680814173073
ICForagerLifespan= 7.82684162259102
ImmType= Exponential
AIAdultSlope= 2.56121200761292
AIAdultLD50= 0.292775892652571
AIAdultSlopeContact= 2.49380964827724
AIAdultLD50Contact= 0.0259841355145909
AILarvaSlope= 2.88814431130886
AILarvaLD50= 0.238205943885259
AIKOW= 7.61177807301283
AIKOC= 24.2682409659028
AIHalfLife= 4.04387057758868
EAppRate= 0
