ICQueenStrength= 3.07623869646341
RQWkrDrnRatio= 3.00630364473909
