ICQueenStrength= 4.0089686694555
RQWkrDrnRatio= 4.37185317091644
ICDroneMiteSurvivorship= 96.7877676943317
ICWorkerMiteSurvivorship= 9.28691157605499
ICForagerLifespan= 8.00324924942106
ImmType= Cosine
AIAdultSlope= 1.41267295748927
AIAdultLD50= 0.260965601308271
AIAdultSlopeContact= 1.87708846244495
AIAdultLD50Contact= 0.00173620204441249
AILarvaSlope= 2.61321929688565
AILarvaLD50= 0.0861197551712394
AIKOW= 2.76439975062385
AIKOC= 24.970977329649
AIHalfLife= 0.490085846977308
EAppRate= 0.268778067477979
