ICQueenStrength= 3.33273154473864
RQWkrDrnRatio= 3.07637252192944
ICDroneMiteSurvivorship= 1.91787520889193
ICWorkerMiteSurvivorship= 8.72900583781302
ICForagerLifespan= 7.60172566398978
ImmType= Logarithmic
AIAdultSlopeContact= 3.07250603956869
AIAdultLD50Contact= 0.0231435271445662
AILarvaSlope= 1.54211813462898
AILarvaLD50= 0.89688297577668
AIKOW= 7.38349208980799
AIKOC= 13.609822334256
AIHalfLife= 13.4641618919559
