ICQueenStrength= 3.92855638661422
RQWkrDrnRatio= 4.39362633507699
ICDroneMiteSurvivorship= 49.1404266096652
ICWorkerMiteSurvivorship= 91.7484145378694
ICForagerLifespan= 15.8185378843918
ImmType= Logarithmic
AIAdultSlopeContact= 4.44921740097925
AIAdultLD50Contact= 0.186522434419021
AILarvaSlope= 6.12981324084103
AILarvaLD50= 1.27184748090804
AIKOW= 95.7490718225017
AIKOC= 96.141646290198
AIHalfLife= 12.542100737337
