ICQueenStrength= 1.6261988368351
RQWkrDrnRatio= 3.60216425359249
ICDroneMiteSurvivorship= 77.2837915457785
ICWorkerMiteSurvivorship= 73.8049868494272
ICForagerLifespan= 15.4796031517908
ImmType= Exponential
AIAdultSlope= 2.77141957408749
AIAdultLD50= 1.04813081910834
AIAdultSlopeContact= 0.179394259904511
AIAdultLD50Contact= 0.0177019160939381
AILarvaSlope= 2.07194639975205
AILarvaLD50= 0.49140456863679
AIKOW= 7.75877601420507
AIKOC= 16.9568802299909
AIHalfLife= 10.7857284657657
EAppRate= 0.69138413015753
