ICQueenStrength= 4.69769278215244
RQWkrDrnRatio= 1.85227369330823
ICDroneMiteSurvivorship= 71.8808957142755
ICWorkerMiteSurvivorship= 1.55029234010726
ICForagerLifespan= 15.9608334871009
ImmType= Exponential
AIAdultSlope= 0.0131853272602893
AIAdultLD50= 0.304807231179439
AIAdultSlopeContact= 2.04987797536422
AIAdultLD50Contact= 0.046756956866011
AILarvaSlope= 0.58902230579406
AILarvaLD50= 0.272504543093964
AIKOW= 4.80422621080652
AIKOC= 24.7518485831097
AIHalfLife= 0.0488679378759116
EAppRate= 0.206012652325444
