ICQueenStrength= 4.86333881993778
RQWkrDrnRatio= 2.2207009056583
ICDroneMiteSurvivorship= 4.83117525000125
ICWorkerMiteSurvivorship= 31.9598656380549
ICForagerLifespan= 12.9190952442586
ImmType= Tangent
AIAdultSlopeContact= 2.78864303152543
AIAdultLD50Contact= 0.0486336011090316
AILarvaSlope= 3.17885471340269
AILarvaLD50= 0.681354041676968
AIKOW= 7.98960566613823
AIKOC= 9.17252206825651
AIHalfLife= 12.4638762581162
