ICQueenStrength= 2.76747397985309
RQWkrDrnRatio= 4.98635681252927
ICDroneMiteSurvivorship= 49.2769990116358
ICWorkerMiteSurvivorship= 1.83964557945728
ICForagerLifespan= 15.1868930086493
ImmType= Logarithmic
AIAdultSlope= 0.460768964239396
AIAdultLD50= 0.108209478552453
AIAdultSlopeContact= 2.90404745988781
AIAdultLD50Contact= 0.0156125905574299
AILarvaSlope= 3.18364075687714
AILarvaLD50= 0.0178276433609426
AIKOW= 6.7590209483169
AIKOC= 28.7901489948854
AIHalfLife= 0.172085813246667
EAppRate= 0.0445623119361699
