ICQueenStrength= 4.48260532878339
RQWkrDrnRatio= 1.0738304099068
