ICQueenStrength= 3.17963119735941
RQWkrDrnRatio= 2.84640637133271
ICDroneMiteSurvivorship= 48.21023021359
ICWorkerMiteSurvivorship= 36.1862070625648
ICForagerLifespan= 14.670475368388
ImmType= Polynomial
AIAdultSlope= 1.58224832814652
AIAdultLD50= 0.313302358961664
AIAdultSlopeContact= 3.88413188506616
AIAdultLD50Contact= 0.0346114809974097
AILarvaSlope= 2.77271110103466
AILarvaLD50= 0.0582869114354253
AIKOW= 7.17262952961028
AIKOC= 6.60387455835007
AIHalfLife= 3.72927743126638
EAppRate= 0.346191534865648
