ICQueenStrength= 2.61758753005415
RQWkrDrnRatio= 3.42393392790109
ICDroneMiteSurvivorship= 56.8872729316354
ICWorkerMiteSurvivorship= 37.6893350388855
ICForagerLifespan= 15.0990160685033
ImmType= Logarithmic
AIAdultSlopeContact= 9.54724188894033
AIAdultLD50Contact= 0.00300617502070963
AILarvaSlope= 8.98645655252039
AILarvaLD50= 1.92639615759254
AIKOW= 57.6868121977895
AIKOC= 45.1891017379239
AIHalfLife= 9.97501695202664
