ICQueenStrength= 5.54588991240598
RQWkrDrnRatio= 2.92041025403887
ICDroneMiteSurvivorship= 30.8981577865779
ICWorkerMiteSurvivorship= 66.0061446018517
ICForagerLifespan= 8.20375100616366
ImmType= Polynomial
AIAdultSlope= 2.76258361707442
AIAdultLD50= 0.375457209185697
AIAdultSlopeContact= 1.66197835502448
AIAdultLD50Contact= 0.000674936838913709
AILarvaSlope= 1.98644037093036
AILarvaLD50= 0.31718450258486
AIKOW= 7.2645465079695
AIKOC= 10.7722820958588
AIHalfLife= 2.98037821426988
EAppRate= 0.12808982047718
