ICQueenStrength= 2.85434167506173
RQWkrDrnRatio= 2.8644978525117
ICDroneMiteSurvivorship= 27.8224859386683
ICWorkerMiteSurvivorship= 42.3658151645213
ICForagerLifespan= 5.34998929686844
ImmType= Cosine
AIAdultSlope= 3.161020529503
AIAdultLD50= 0.256066472735256
AIAdultSlopeContact= 1.7444384725811
AIAdultLD50Contact= 0.0353703321423382
AILarvaSlope= 1.76556138591841
AILarvaLD50= 0.63404371838551
AIKOW= 7.45549483411014
AIKOC= 24.1322429687716
AIHalfLife= 8.27021060651168
EAppRate= 0.628218714380637
