ICQueenStrength= 3.89306300575845
RQWkrDrnRatio= 2.70986091252416
ICDroneMiteSurvivorship= 54.6976859215647
ICWorkerMiteSurvivorship= 92.3574902815744
ICForagerLifespan= 7.3617686573416
ImmType= Logarithmic
AIAdultSlope= 5.91459516435862
