ICQueenStrength= 2.57052425201982
RQWkrDrnRatio= 3.23386508785188
ICDroneMiteSurvivorship= 30.5252706864849
ICWorkerMiteSurvivorship= 83.1424540840089
ICForagerLifespan= 4.23733953386545
ImmType= Polynomial
AIAdultSlope= 7.55040714517236
AIAdultLD50= 0.53492574673146
AIAdultSlopeContact= 0.777694964781404
AIAdultLD50Contact= 0.182407768862322
AILarvaSlope= 9.54156864900142
AILarvaLD50= 1.43148577446118
AIKOW= 52.9646074865013
AIKOC= 99.8771288665012
AIHalfLife= 10.4176332885399
EAppRate= 0.754095490090549
