ICQueenStrength= 4.511182036018
RQWkrDrnRatio= 2.9450176730752
ICDroneMiteSurvivorship= 18.7811505515128
ICWorkerMiteSurvivorship= 62.7076914068311
ICForagerLifespan= 8.82738850731403
ImmType= Tangent
AIAdultSlope= 1.79943456314504
