ICQueenStrength= 1.76323063578457
RQWkrDrnRatio= 4.58335157670081
ICDroneMiteSurvivorship= 21.314713684842
ICWorkerMiteSurvivorship= 54.6777446055785
ICForagerLifespan= 6.62515477184206
ImmType= Sine
AIAdultSlope= 0.897474669944495
AIAdultLD50= 1.57363743404858
AIAdultSlopeContact= 3.87488655051682
AIAdultLD50Contact= 0.00103423330001533
AILarvaSlope= 2.42355882790871
AILarvaLD50= 0.17008937636856
AIKOW= 4.92988135665655
AIKOC= 8.56795293628238
AIHalfLife= 7.44626146228984
EAppRate= 0.856637397548184
