ICQueenStrength= 2.86782128061168
RQWkrDrnRatio= 1.69132014550269
ICDroneMiteSurvivorship= 72.1327607752755
ICWorkerMiteSurvivorship= 41.9271102640778
ICForagerLifespan= 5.458371238783
ImmType= Cosine
AIAdultSlopeContact= 3.83596820058301
AIAdultLD50Contact= 0.0283450910355896
AILarvaSlope= 0.27029084507376
AILarvaLD50= 1.19564885785803
AIKOW= 44.5289970608428
AIKOC= 98.6607323167846
AIHalfLife= 1.39611376728863
