ICQueenStrength= 3.16254811384715
RQWkrDrnRatio= 2.37484080530703
ICDroneMiteSurvivorship= 58.4174575749785
ICWorkerMiteSurvivorship= 99.958980968222
ICForagerLifespan= 10.883855749853
ImmType= Exponential
AIAdultSlopeContact= 3.42223210801603
AIAdultLD50Contact= 0.0226640451350249
AILarvaSlope= 1.87156037376262
AILarvaLD50= 0.304525726404972
AIKOW= 6.24476757831872
AIKOC= 9.98280999599956
AIHalfLife= 8.15261928457767
