ICQueenStrength= 5.52406757394783
RQWkrDrnRatio= 4.9539422467351
ICDroneMiteSurvivorship= 93.7258843332529
ICWorkerMiteSurvivorship= 4.93585537187755
ICForagerLifespan= 14.7597066340968
ImmType= Exponential
AIAdultSlopeContact= 0.214222604180686
AIAdultLD50Contact= 0.025739879347384
AILarvaSlope= 1.9096290118061
AILarvaLD50= 0.244158824742772
AIKOW= 7.87093758676201
AIKOC= 17.309480260592
AIHalfLife= 0.843817208893597
