ICQueenStrength= 2.35189248016104
RQWkrDrnRatio= 2.33732599299401
ICDroneMiteSurvivorship= 35.6982628349215
ICWorkerMiteSurvivorship= 62.0893742423505
ICForagerLifespan= 15.0206043310463
ImmType= Sine
AIAdultSlope= 2.75778641863726
AIAdultLD50= 2.2191250459291
AIAdultSlopeContact= 2.70292758645723
AIAdultLD50Contact= 0.00728214016417041
AILarvaSlope= 1.18167804628611
AILarvaLD50= 0.115044907573611
AIKOW= 6.59764901129529
AIKOC= 19.1641328751575
AIHalfLife= 12.4165419074707
EAppRate= 0.775118877412751
