ICQueenStrength= 2.62940516369417
RQWkrDrnRatio= 3.71127135958523
ICDroneMiteSurvivorship= 47.4725154228508
ICWorkerMiteSurvivorship= 4.76170640904456
ICForagerLifespan= 12.97499706503
ImmType= Exponential
AIAdultSlope= 1.26559341093525
AIAdultLD50= 0.0749992488417774
AIAdultSlopeContact= 7.87666851887479
AIAdultLD50Contact= 0.029131277045235
AILarvaSlope= 4.86105806659907
AILarvaLD50= 0.773817379027605
AIKOW= 40.563854505308
AIKOC= 20.6905313069001
AIHalfLife= 10.5919770887122
EAppRate= 1.77062022080645
