ICQueenStrength= 3.83003320335411
RQWkrDrnRatio= 1.70562208257616
ICDroneMiteSurvivorship= 80.2738592261449
ICWorkerMiteSurvivorship= 18.7372595071793
ICForagerLifespan= 4.22139399684966
ImmType= Sine
AIAdultSlopeContact= 0.414862206671387
AIAdultLD50Contact= 0.0975239532068372
AILarvaSlope= 7.80700752511621
AILarvaLD50= 0.92777014663443
AIKOW= 23.4325500903651
AIKOC= 23.3357845107093
AIHalfLife= 2.82580190245062
