ICQueenStrength= 5.10037207999267
RQWkrDrnRatio= 3.00733766425401
ICDroneMiteSurvivorship= 20.8211475051939
ICWorkerMiteSurvivorship= 0.511274021118879
ICForagerLifespan= 4.18329698964953
ImmType= Tangent
AIAdultSlopeContact= 1.13477377763484
AIAdultLD50Contact= 0.0178721962380223
AILarvaSlope= 3.34755142149515
AILarvaLD50= 0.300575869786553
AIKOW= 3.80829811934382
AIKOC= 5.38117025978863
AIHalfLife= 2.48676646128297
