ICQueenStrength= 3.91750091360882
RQWkrDrnRatio= 1.76634176075459
ICDroneMiteSurvivorship= 96.1866317084059
ICWorkerMiteSurvivorship= 34.7567933844402
ICForagerLifespan= 8.57975469715893
ImmType= Tangent
AIAdultSlope= 8.16761951427907
