ICQueenStrength= 4.79389501758851
RQWkrDrnRatio= 4.34507512208074
ICDroneMiteSurvivorship= 59.2314500594512
ICWorkerMiteSurvivorship= 3.5592359257862
ICForagerLifespan= 11.3067119857296
ImmType= Logarithmic
AIAdultSlope= 1.44754579151049
AIAdultLD50= 0.0766541815828532
AIAdultSlopeContact= 0.892601912382525
AIAdultLD50Contact= 0.0410892968531698
AILarvaSlope= 3.33719624090008
AILarvaLD50= 0.465840570931323
AIKOW= 5.0962295345962
AIKOC= 17.5187123136129
AIHalfLife= 11.5017474796623
EAppRate= 0.3010172334034
