ICQueenStrength= 5.98027466237545
RQWkrDrnRatio= 3.46625836752355
ICDroneMiteSurvivorship= 51.6584265744314
ICWorkerMiteSurvivorship= 99.241736647673
ICForagerLifespan= 14.6022312846035
ImmType= Polynomial
AIAdultSlope= 2.50624260646291
AIAdultSlopeContact= 3.47503807542846
AIAdultLD50Contact= 0.0116400939063169
AILarvaSlope= 0.425402257498354
AILarvaLD50= 0.4528524027206
AIKOW= 4.8005636613816
AIKOC= 19.325490774354
AIHalfLife= 12.3083252622746
