ICQueenStrength= 5.95691172312945
RQWkrDrnRatio= 1.34755819477141
ICDroneMiteSurvivorship= 25.5565178347751
ICWorkerMiteSurvivorship= 2.75636909063905
ICForagerLifespan= 10.7272912198678
ImmType= Polynomial
AIAdultSlopeContact= 7.855630798731
AIAdultLD50Contact= 0.0631897951010615
AILarvaSlope= 6.83093150379136
AILarvaLD50= 1.02409356599674
AIKOW= 31.2516959384084
AIKOC= 43.1950160535052
AIHalfLife= 3.20138624031097
