ICQueenStrength= 5.13459726376459
RQWkrDrnRatio= 1.02427948545665
ICDroneMiteSurvivorship= 35.33290324267
ICWorkerMiteSurvivorship= 42.9768176516518
ICForagerLifespan= 9.30677286256105
ImmType= Cosine
AIAdultSlope= 3.21276552351192
AIAdultLD50= 0.111805252265185
AIAdultSlopeContact= 2.24428026282694
AIAdultLD50Contact= 0.0494619011180475
AILarvaSlope= 2.0088987483643
AILarvaLD50= 0.344544136547484
AIKOW= 3.70446698227897
AIKOC= 11.1560023576021
AIHalfLife= 4.57787776459008
EAppRate= 0.00939313229173422
