ICQueenStrength= 4.1847037456464
RQWkrDrnRatio= 4.74316280707717
ICDroneMiteSurvivorship= 63.9297439483926
ICWorkerMiteSurvivorship= 56.099904794246
ICForagerLifespan= 8.12813719827682
ImmType= Sine
AIAdultSlopeContact= 3.33437695400789
AIAdultLD50Contact= 0.100653062807396
AILarvaSlope= 0.58847340522334
AILarvaLD50= 1.67788290325552
AIKOW= 68.1553321424872
AIKOC= 81.3282315852121
AIHalfLife= 13.2241168855689
