ICQueenStrength= 1.46333112637512
RQWkrDrnRatio= 3.66647819522768
ICDroneMiteSurvivorship= 94.6937141707167
ICWorkerMiteSurvivorship= 33.4983940701932
ICForagerLifespan= 11.8585423761979
ImmType= Tangent
AIAdultSlope= 2.75278469002806
AIAdultSlopeContact= 2.57276748603908
AIAdultLD50Contact= 0.0234459951752797
AILarvaSlope= 1.74096438428387
AILarvaLD50= 0.287320497818291
AIKOW= 6.68113959673792
AIKOC= 23.338286539074
AIHalfLife= 9.32157396525145
