ICQueenStrength= 2.96116408216767
RQWkrDrnRatio= 3.93727946653962
ICDroneMiteSurvivorship= 84.1419592034072
ICWorkerMiteSurvivorship= 72.8355501545593
ICForagerLifespan= 10.5336098708212
ImmType= Sine
AIAdultSlopeContact= 3.67938841332681
AIAdultLD50Contact= 0.0407338354503736
AILarvaSlope= 1.29134342572652
AILarvaLD50= 0.890287456079386
AIKOW= 7.55594957573339
AIKOC= 6.24327669618651
AIHalfLife= 8.51889297459275
