ICQueenStrength= 3.70478100632317
RQWkrDrnRatio= 3.55218966584653
ICDroneMiteSurvivorship= 23.7224179320037
ICWorkerMiteSurvivorship= 57.8376575605944
ICForagerLifespan= 10.49954997655
ImmType= Sine
AIAdultSlope= 2.03871819293126
AIAdultLD50= 1.62503542983904
AIAdultSlopeContact= 2.94346823857399
AIAdultLD50Contact= 0.00960866468958557
AILarvaSlope= 2.26943569551222
AILarvaLD50= 0.296854598354548
AIKOW= 2.0357962124981
AIKOC= 26.0021610546391
AIHalfLife= 12.2226190413348
EAppRate= 0.255790784955025
