ICQueenStrength= 5.95898888679221
RQWkrDrnRatio= 4.85456490144134
ICDroneMiteSurvivorship= 48.6608977196738
ICWorkerMiteSurvivorship= 95.3690561465919
ICForagerLifespan= 11.1839884677902
ImmType= Polynomial
AIAdultSlopeContact= 8.26718005584553
AIAdultLD50Contact= 0.196439910773188
AILarvaSlope= 9.63504313025624
AILarvaLD50= 0.871871552895755
AIKOW= 70.9967436501756
AIKOC= 71.4131958084181
AIHalfLife= 4.39485546946526
