ICQueenStrength= 3.04562502680346
RQWkrDrnRatio= 3.05238969158381
ICDroneMiteSurvivorship= 79.0477293776348
ICWorkerMiteSurvivorship= 32.8257869230583
ICForagerLifespan= 6.83987370599061
ImmType= Exponential
AIAdultSlope= 2.82016811199021
AIAdultLD50= 0.448457895196043
AIAdultSlopeContact= 2.10592796058627
AIAdultLD50Contact= 0.0456573462462984
AILarvaSlope= 2.4523938592989
AILarvaLD50= 0.149002670729533
AIKOW= 4.1601922493428
AIKOC= 23.3253792929463
AIHalfLife= 4.45282803266309
EAppRate= 0
