ICQueenStrength= 4.44983938150108
RQWkrDrnRatio= 3.0543614141643
ICDroneMiteSurvivorship= 68.139780475758
ICWorkerMiteSurvivorship= 68.4571729274467
ICForagerLifespan= 15.2056350028142
ImmType= Sine
AIAdultSlope= 0.290823934460059
AIAdultLD50= 0.262076307088137
AIAdultSlopeContact= 0.825967602592427
AIAdultLD50Contact= 0.0123908039182425
AILarvaSlope= 1.12858795928769
AILarvaLD50= 0.0606567520648241
AIKOW= 6.44509362382814
AIKOC= 29.957035575062
AIHalfLife= 10.0246565677226
EAppRate= 0.511190844001248
