ICQueenStrength= 5.64388687978499
RQWkrDrnRatio= 2.50340821221471
ICDroneMiteSurvivorship= 97.620152682066
ICWorkerMiteSurvivorship= 81.5346674295142
ICForagerLifespan= 12.2113334620371
ImmType= Tangent
AIAdultSlopeContact= 1.10332676247926
AIAdultLD50Contact= 0.0392169642262161
AILarvaSlope= 2.79494603937492
AILarvaLD50= 0.0941979905823246
AIKOW= 6.72988226637244
AIKOC= 21.5179177594837
AIHalfLife= 9.78330782055855
