ICQueenStrength= 3.26515711867251
RQWkrDrnRatio= 4.47798186726868
ICDroneMiteSurvivorship= 27.8869413072243
ICWorkerMiteSurvivorship= 89.0398987103254
ICForagerLifespan= 9.19351596385241
ImmType= Exponential
AIAdultSlope= 1.28953736508265
AIAdultLD50= 0.817634941311553
AIAdultSlopeContact= 5.04661681363359
AIAdultLD50Contact= 0.107156915869564
AILarvaSlope= 2.08199087297544
AILarvaLD50= 0.760437812656164
AIKOW= 14.1568603925407
AIKOC= 53.4577710786834
AIHalfLife= 0.050108497031033
EAppRate= 0.905011626891792
