ICQueenStrength= 1.34976081340574
RQWkrDrnRatio= 1.14250006340444
ICDroneMiteSurvivorship= 71.4176214765757
ICWorkerMiteSurvivorship= 53.8924682419747
ICForagerLifespan= 4.48595427814871
ImmType= Cosine
AIAdultSlope= 1.05257145174081
AIAdultLD50= 0.107383975875564
AIAdultSlopeContact= 0.294894832628779
AIAdultLD50Contact= 0.0445070447400212
AILarvaSlope= 0.685702797956765
AILarvaLD50= 0.240639463509433
AIKOW= 7.65425469726324
AIKOC= 24.2258117953315
AIHalfLife= 0.704676300520077
EAppRate= 0.0892533211968839
