ICQueenStrength= 5.84029350569472
RQWkrDrnRatio= 3.83593366760761
ICDroneMiteSurvivorship= 35.0372756365687
ICWorkerMiteSurvivorship= 72.3540504695848
ICForagerLifespan= 7.91585217323154
ImmType= Cosine
AIAdultSlope= 0.974401678238064
AIAdultLD50= 1.70460876217112
AIAdultSlopeContact= 1.48321390826488
AIAdultLD50Contact= 0.0157445679767989
AILarvaSlope= 1.16979410639033
AILarvaLD50= 0.154908345756121
AIKOW= 7.62688994314522
AIKOC= 17.4815565650351
AIHalfLife= 7.55547937098891
EAppRate= 0.943284574197605
