ICQueenStrength= 5.58544273278676
RQWkrDrnRatio= 1.92147545330226
ICDroneMiteSurvivorship= 84.7418929683045
ICWorkerMiteSurvivorship= 70.5934788333252
ICForagerLifespan= 10.857337327674
ImmType= Cosine
AIAdultSlope= 0.246015631314367
AIAdultLD50= 1.71002999064513
AIAdultSlopeContact= 3.49552382536232
AIAdultLD50Contact= 0.00134400821989402
AILarvaSlope= 1.53017394500785
AILarvaLD50= 0.209988917922601
AIKOW= 4.19712305022404
AIKOC= 27.9594550619368
AIHalfLife= 13.8890147334896
EAppRate= 0.65549773699604
