ICQueenStrength= 3.88088726461865
RQWkrDrnRatio= 4.05843463353813
ICDroneMiteSurvivorship= 59.1611330630258
ICWorkerMiteSurvivorship= 93.5963722877204
ICForagerLifespan= 10.1409199060872
ImmType= Polynomial
AIAdultSlope= 3.3664032493718
AIAdultLD50= 2.74162102723494
AIAdultSlopeContact= 3.30760171162896
AIAdultLD50Contact= 0.0437786648166366
AILarvaSlope= 3.27491605412215
AILarvaLD50= 0.823610405623913
AIKOW= 2.01203935220838
AIKOC= 8.82919200928882
AIHalfLife= 13.6775048747659
EAppRate= 0.108210565056652
