ICQueenStrength= 4.26365610351786
RQWkrDrnRatio= 2.97801463119686
ICDroneMiteSurvivorship= 69.3567167734727
ICWorkerMiteSurvivorship= 75.383587135002
ICForagerLifespan= 4.29933248925954
ImmType= Sine
AIAdultSlope= 2.25796697863843
AIAdultLD50= 0.260974771459587
AIAdultSlopeContact= 2.38885564621305
AIAdultLD50Contact= 0.033085175906308
AILarvaSlope= 2.07760602822527
AILarvaLD50= 0.616465398715809
AIKOW= 3.59336892655119
AIKOC= 6.98989179334603
AIHalfLife= 2.86259592627175
EAppRate= 0.361593337683007
