ICQueenStrength= 4.67968511884101
RQWkrDrnRatio= 3.56404337845743
ICDroneMiteSurvivorship= 50.07147511933
ICWorkerMiteSurvivorship= 68.4208979131654
ICForagerLifespan= 5.04595948848873
ImmType= Logarithmic
AIAdultSlope= 2.29618009893224
AIAdultLD50= 0.0146938676480204
AIAdultSlopeContact= 3.33670274048578
AIAdultLD50Contact= 0.0307249095174484
AILarvaSlope= 3.18651639823802
AILarvaLD50= 0.512688893987797
AIKOW= 6.01445465814322
AIKOC= 8.28680461389013
AIHalfLife= 3.9534901548177
EAppRate= 0.477319128625095
