ICQueenStrength= 2.13111314363778
RQWkrDrnRatio= 2.8260263632983
ICDroneMiteSurvivorship= 10.8717587543651
ICWorkerMiteSurvivorship= 4.14723751600832
ICForagerLifespan= 12.8805363466963
ImmType= Polynomial
AIAdultSlope= 0.382744801230729
AIAdultLD50= 2.94676211080514
AIAdultSlopeContact= 3.50697024385678
AIAdultLD50Contact= 0.0263129415572621
AILarvaSlope= 0.868673797929659
AILarvaLD50= 0.314880448789336
AIKOW= 2.33952642651275
AIKOC= 9.62269998388365
AIHalfLife= 10.499005897902
EAppRate= 0.582401773892343
