ICQueenStrength= 3.30426866095513
RQWkrDrnRatio= 3.25686315074563
ICDroneMiteSurvivorship= 4.96273566968739
ICWorkerMiteSurvivorship= 98.2672320446
ICForagerLifespan= 12.3232649443671
ImmType= Logarithmic
AIAdultSlope= 0.917084388372023
AIAdultLD50= 0.328575994120911
AIAdultSlopeContact= 0.946357831622008
AIAdultLD50Contact= 0.0204155885381624
AILarvaSlope= 2.0646736335475
AILarvaLD50= 0.173546609259211
AIKOW= 3.17570286430418
AIKOC= 6.42538073705509
AIHalfLife= 2.20893102581613
EAppRate= 0.112682297988795
