ICQueenStrength= 3.60236585745588
RQWkrDrnRatio= 3.72674577496946
ICDroneMiteSurvivorship= 32.4051666539162
ICWorkerMiteSurvivorship= 65.4993332456797
ICForagerLifespan= 6.10794000420719
ImmType= Logarithmic
AIAdultSlope= 4.67927302001044
