ICQueenStrength= 2.1586042875424
RQWkrDrnRatio= 1.19982782006264
