ICQueenStrength= 3.08318199962378
RQWkrDrnRatio= 1.119494240731
ICDroneMiteSurvivorship= 2.58957692421973
ICWorkerMiteSurvivorship= 32.5815694173798
ICForagerLifespan= 15.4012585002929
ImmType= Sine
AIAdultSlopeContact= 4.80446234578267
AIAdultLD50Contact= 0.160527053708211
AILarvaSlope= 2.28959630941972
AILarvaLD50= 0.399187730159611
AIKOW= 35.9859089832753
AIKOC= 38.9136363286525
AIHalfLife= 12.1540132123046
