ICQueenStrength= 1.7280635763891
RQWkrDrnRatio= 4.20069515611976
ICDroneMiteSurvivorship= 95.9490161854774
ICWorkerMiteSurvivorship= 98.4663083683699
ICForagerLifespan= 4.09633868932724
ImmType= Sine
AIAdultSlope= 2.49630332384258
AIAdultLD50= 2.65814644284546
AIAdultSlopeContact= 2.28766809058143
AIAdultLD50Contact= 0.00831037567695603
AILarvaSlope= 0.431567924609408
AILarvaLD50= 0.849099579337053
AIKOW= 4.87449301965535
AIKOC= 6.3917374657467
AIHalfLife= 2.41123715089634
EAppRate= 0.104411464417353
