ICQueenStrength= 1.5347308551427
RQWkrDrnRatio= 1.6968037057668
ICDroneMiteSurvivorship= 61.5949944127351
ICWorkerMiteSurvivorship= 38.7410750612617
ICForagerLifespan= 9.53347741533071
ImmType= Exponential
AIAdultSlope= 1.67442994890036
AIAdultLD50= 0.307664979016408
AIAdultSlopeContact= 0.415470124434214
AIAdultLD50Contact= 0.00149151016958058
AILarvaSlope= 2.72372246407904
AILarvaLD50= 0.889990879618563
AIKOW= 3.95485609164461
AIKOC= 19.0070386696607
AIHalfLife= 4.96966036851518
EAppRate= 0.587739232345484
