ICQueenStrength= 4.15644008340314
RQWkrDrnRatio= 4.98784078098834
ICDroneMiteSurvivorship= 70.889962115325
ICWorkerMiteSurvivorship= 68.6193802859634
ICForagerLifespan= 14.7005656268448
ImmType= Exponential
AIAdultSlope= 1.49740201691166
AIAdultLD50= 1.93532868241891
AIAdultSlopeContact= 1.19115329975495
AIAdultLD50Contact= 0.0456488307681866
AILarvaSlope= 0.835921941464767
AILarvaLD50= 0.0771821795962751
AIKOW= 2.82803020440042
AIKOC= 5.93822225462645
AIHalfLife= 5.95783720165491
EAppRate= 0.0655279336497188
