ICQueenStrength= 5.36089440016076
RQWkrDrnRatio= 4.88139365706593
ICDroneMiteSurvivorship= 50.7945745019242
ICWorkerMiteSurvivorship= 84.5487282378599
ICForagerLifespan= 13.4739727498963
ImmType= Sine
AIAdultSlope= 2.37912600794807
AIAdultLD50= 0.454283689381555
AIAdultSlopeContact= 2.35545033511939
AIAdultLD50Contact= 0.0276707059820183
AILarvaSlope= 0.864032858377323
AILarvaLD50= 0.707269189995714
AIKOW= 5.39441592013463
AIKOC= 29.6479572437238
AIHalfLife= 1.2554218522273
EAppRate= 0.291139866458252
