ICQueenStrength= 4.79661657614633
RQWkrDrnRatio= 3.95422035641968
ICDroneMiteSurvivorship= 21.4680700562894
ICWorkerMiteSurvivorship= 26.7481388058513
ICForagerLifespan= 7.26776718627661
ImmType= Tangent
AIAdultSlope= 3.73702293720329
AIAdultLD50= 0.332094638491981
AIAdultSlopeContact= 2.06309380953899
AIAdultLD50Contact= 0.0181769570335746
AILarvaSlope= 1.51332416241057
AILarvaLD50= 0.564278337266296
AIKOW= 3.94690731493756
AIKOC= 29.1666950052604
AIHalfLife= 4.10494128707796
EAppRate= 0.463936948752962
