ICQueenStrength= 4.72284400626086
RQWkrDrnRatio= 1.20579192228615
ICDroneMiteSurvivorship= 42.426046775654
ICWorkerMiteSurvivorship= 23.7221229122952
ICForagerLifespan= 9.24541171826422
ImmType= Sine
AIAdultSlopeContact= 0.781164971385151
AIAdultLD50Contact= 0.0162193958065473
AILarvaSlope= 1.87667185473256
AILarvaLD50= 0.473652864899486
AIKOW= 6.34344505053014
AIKOC= 16.060293612536
AIHalfLife= 3.87025326676667
