ICQueenStrength= 5.38511786283925
RQWkrDrnRatio= 3.22816573362797
ICDroneMiteSurvivorship= 95.6566963111982
ICWorkerMiteSurvivorship= 34.1226851567626
ICForagerLifespan= 15.2217015353963
ImmType= Logarithmic
AIAdultSlope= 1.71340119768865
AIAdultSlopeContact= 3.67340202063555
AIAdultLD50Contact= 0.0423553306958638
AILarvaSlope= 0.13800334604457
AILarvaLD50= 0.659521056222729
AIKOW= 3.6634435551241
AIKOC= 18.2230136019643
AIHalfLife= 4.23073089309037
