ICQueenStrength= 4.46381549071521
RQWkrDrnRatio= 2.90896206442267
