ICQueenStrength= 5.64139962336048
RQWkrDrnRatio= 3.22787795588374
ICDroneMiteSurvivorship= 79.3807774782181
ICWorkerMiteSurvivorship= 6.07309280894697
ICForagerLifespan= 7.80072030983865
ImmType= Exponential
AIAdultSlope= 0.491131271421909
AIAdultLD50= 0.594905586680397
AIAdultSlopeContact= 0.981488980357535
AIAdultLD50Contact= 0.0122198937810026
AILarvaSlope= 3.28126511839218
AILarvaLD50= 0.432024797843769
AIKOW= 4.62930509354919
AIKOC= 7.12051536655053
AIHalfLife= 3.11773367039859
EAppRate= 0.972499456722289
