ICQueenStrength= 2.55898244818673
RQWkrDrnRatio= 4.80951796937734
ICDroneMiteSurvivorship= 1.11622037366033
ICWorkerMiteSurvivorship= 13.4542138082907
ICForagerLifespan= 7.04582736548036
ImmType= Cosine
AIAdultSlope= 5.8664610912092
