ICQueenStrength= 4.75686121638864
RQWkrDrnRatio= 2.59152268711478
ICDroneMiteSurvivorship= 25.9806137299165
ICWorkerMiteSurvivorship= 91.2263981299475
ICForagerLifespan= 10.340498521924
ImmType= Sine
AIAdultSlopeContact= 0.628100570552051
AIAdultLD50Contact= 0.00120032792910933
AILarvaSlope= 2.35918476111256
AILarvaLD50= 0.344771819002926
AIKOW= 5.57049081474543
AIKOC= 11.5965990477707
AIHalfLife= 13.9865187220275
