ICQueenStrength= 3.33316642115824
RQWkrDrnRatio= 4.65381086897105
ICDroneMiteSurvivorship= 25.1355834305286
ICWorkerMiteSurvivorship= 34.6070423489437
ICForagerLifespan= 15.8911747643724
ImmType= Exponential
AIAdultSlope= 0.389217617735267
AIAdultLD50= 0.502670056186616
AIAdultSlopeContact= 1.33500005559297
AIAdultLD50Contact= 0.0147324382094666
AILarvaSlope= 1.55351977352984
AILarvaLD50= 0.19450841343496
AIKOW= 3.15833168150857
AIKOC= 11.2097319518216
AIHalfLife= 7.27648812811822
EAppRate= 0.391974483383819
