ICQueenStrength= 3.95536699122749
RQWkrDrnRatio= 2.33931179251522
ICDroneMiteSurvivorship= 80.2645939635113
ICWorkerMiteSurvivorship= 4.98474068008363
ICForagerLifespan= 7.81584566645324
ImmType= Polynomial
AIAdultLD50= 0.154012839635834
AIAdultSlopeContact= 1.08717179571977
AIAdultLD50Contact= 0.0302141588414088
AILarvaSlope= 0.614574642665684
AILarvaLD50= 0.858559523499571
AIKOW= 5.80649461271241
AIKOC= 12.5849268469028
AIHalfLife= 7.82401935989037
EAppRate= 1.63012774707749
