ICQueenStrength= 4.4915542404633
RQWkrDrnRatio= 1.09667458757758
ICDroneMiteSurvivorship= 3.21447730530053
ICWorkerMiteSurvivorship= 4.55068708397448
ICForagerLifespan= 15.6965783853084
ImmType= Logarithmic
AIAdultSlope= 1.47172284755856
AIAdultLD50= 0.427174846059643
AIAdultSlopeContact= 1.61978589047911
AIAdultLD50Contact= 0.0112146933446638
AILarvaSlope= 0.875687064183876
AILarvaLD50= 0.666933276294731
AIKOW= 4.87124274112284
AIKOC= 29.0919340692926
AIHalfLife= 0.56901523959823
EAppRate= 0.0219655942171812
