ICQueenStrength= 4.61510649882257
RQWkrDrnRatio= 1.16593095380813
