ICQueenStrength= 4.82394391461276
RQWkrDrnRatio= 3.86355447582901
ICDroneMiteSurvivorship= 48.3159106224775
ICWorkerMiteSurvivorship= 77.5073925033212
ICForagerLifespan= 11.6646748287603
ImmType= Cosine
AIAdultSlope= 1.5798271167744
AIAdultLD50= 0.37274922488723
AIAdultSlopeContact= 2.04421983670676
AIAdultLD50Contact= 0.0114909510361031
AILarvaSlope= 1.76586558492854
AILarvaLD50= 0.625954221677966
AIKOW= 7.94785004481673
AIKOC= 17.9647563910112
AIHalfLife= 2.98662656685337
EAppRate= 0.529672825848684
