ICQueenStrength= 2.66167194372974
RQWkrDrnRatio= 3.88691048882902
ICDroneMiteSurvivorship= 12.2518958291039
ICWorkerMiteSurvivorship= 36.5246529690921
ICForagerLifespan= 9.31871643196791
ImmType= Cosine
AIAdultSlope= 3.03753338987008
