ICQueenStrength= 3.46648704167455
RQWkrDrnRatio= 1.59382611326873
ICDroneMiteSurvivorship= 1.50835081003606
ICWorkerMiteSurvivorship= 59.4127405202016
ICForagerLifespan= 7.85695042461157
ImmType= Tangent
AIAdultSlopeContact= 1.66177177336067
AIAdultLD50Contact= 0.146887237671763
AILarvaSlope= 5.31886123120785
AILarvaLD50= 0.331666153855622
AIKOW= 15.6710524810478
AIKOC= 58.2091546151787
AIHalfLife= 9.42780331568792
