ICQueenStrength= 4.50546296802349
RQWkrDrnRatio= 3.71580539364368
ICDroneMiteSurvivorship= 6.72026323154569
ICWorkerMiteSurvivorship= 0.615797168575227
ICForagerLifespan= 7.22513156570494
ImmType= Polynomial
AIAdultSlope= 9.01242598192766
