ICQueenStrength= 4.36800690856762
RQWkrDrnRatio= 3.88842301629484
ICDroneMiteSurvivorship= 44.9747909326106
ICWorkerMiteSurvivorship= 38.5461805621162
ICForagerLifespan= 11.304861635901
ImmType= Polynomial
AIAdultSlope= 1.60274900029879
AIAdultLD50= 0.386478104395792
AIAdultSlopeContact= 0.219015234040562
AIAdultLD50Contact= 0.0423578554182313
AILarvaSlope= 0.512381802918389
AILarvaLD50= 0.552884749229997
AIKOW= 3.41074552200735
AIKOC= 23.7631408974994
AIHalfLife= 1.06697964947671
EAppRate= 0.00537495156750083
