ICQueenStrength= 1.89988779625855
RQWkrDrnRatio= 1.60661828238517
ICDroneMiteSurvivorship= 67.5082450965419
ICWorkerMiteSurvivorship= 35.9281382290646
ICForagerLifespan= 4.19290780555457
ImmType= Polynomial
AIAdultSlopeContact= 8.54351915186271
AIAdultLD50Contact= 0.198073031753302
AILarvaSlope= 6.33980356389657
AILarvaLD50= 1.93820260185748
AIKOW= 12.436735839583
AIKOC= 97.2871643258259
AIHalfLife= 8.13790028961375
