ICQueenStrength= 3.96026677708142
RQWkrDrnRatio= 1.57771694660187
ICDroneMiteSurvivorship= 61.727950302884
ICWorkerMiteSurvivorship= 88.9908415731043
ICForagerLifespan= 13.2055625682697
ImmType= Cosine
AIAdultSlope= 0.364303767727688
AIAdultLD50= 2.09434142522514
AIAdultSlopeContact= 2.00887201567646
AIAdultLD50Contact= 0.0366922061424702
AILarvaSlope= 2.24315478731878
AILarvaLD50= 0.818467887793668
AIKOW= 6.55774970073253
AIKOC= 15.7137228071224
AIHalfLife= 1.14518356882036
EAppRate= 0.642928791232407
