ICQueenStrength= 2.86510429950431
RQWkrDrnRatio= 3.03191719483584
ICDroneMiteSurvivorship= 22.2512876149267
ICWorkerMiteSurvivorship= 4.10114347469062
ICForagerLifespan= 11.9623954221606
ImmType= Sine
AIAdultSlope= 3.74835689086467
