ICQueenStrength= 2.56618326087482
RQWkrDrnRatio= 2.52980632986873
ICDroneMiteSurvivorship= 97.8955819969997
ICWorkerMiteSurvivorship= 79.9764606403187
ICForagerLifespan= 4.86220129299909
ImmType= Sine
AIAdultSlope= 0.22683386458084
