ICQueenStrength= 4.12255732598715
RQWkrDrnRatio= 1.5342554487288
ICDroneMiteSurvivorship= 30.3493895800784
ICWorkerMiteSurvivorship= 33.5311632603407
ICForagerLifespan= 5.83592285495251
ImmType= Tangent
AIAdultSlope= 0.690091271931305
AIAdultLD50= 0.422924086684361
AIAdultSlopeContact= 1.81689035397023
AIAdultLD50Contact= 0.0272050887928344
AILarvaSlope= 2.2136319049634
AILarvaLD50= 0.3293762676185
AIKOW= 4.55222219368443
AIKOC= 26.5865825186484
AIHalfLife= 1.55678767105564
EAppRate= 0.666426723822951
