ICQueenStrength= 3.88827447220683
RQWkrDrnRatio= 3.6200862750411
