ICQueenStrength= 1.82109682960436
RQWkrDrnRatio= 1.63491644524038
ICDroneMiteSurvivorship= 75.4816548898816
ICWorkerMiteSurvivorship= 28.3401549095288
ICForagerLifespan= 8.64407310541719
ImmType= Exponential
AIAdultSlope= 2.52730593567481
AIAdultLD50= 0.0763730484759435
AIAdultSlopeContact= 3.83895209725946
AIAdultLD50Contact= 0.0371293285046704
AILarvaSlope= 3.30644536181353
AILarvaLD50= 0.448078366974369
AIKOW= 2.05653422418982
AIKOC= 11.3775291317143
AIHalfLife= 0.0509514624718577
EAppRate= 0
