ICQueenStrength= 1.48494316171855
RQWkrDrnRatio= 4.31734433118254
ICDroneMiteSurvivorship= 7.79133911710232
ICWorkerMiteSurvivorship= 21.3222254533321
ICForagerLifespan= 6.85560788493603
ImmType= Cosine
AIAdultLD50= 0.154012839635834
AIAdultSlopeContact= 3.0216171233682
AIAdultLD50Contact= 0.0428484533797018
AILarvaSlope= 2.69638125128113
AILarvaLD50= 0.088426630734466
AIKOW= 6.45624133152887
AIKOC= 18.6990849161521
AIHalfLife= 12.3197360793129
EAppRate= 0.789177690632641
