ICQueenStrength= 2.9423379865475
RQWkrDrnRatio= 2.98572748340666
ICDroneMiteSurvivorship= 69.2659945460036
ICWorkerMiteSurvivorship= 82.3740472784266
ICForagerLifespan= 5.87181365583092
ImmType= Cosine
AIAdultSlope= 3.62121658802032
AIAdultLD50= 0.245930148288608
AIAdultSlopeContact= 3.14551551122451
AIAdultLD50Contact= 0.0285202043596655
AILarvaSlope= 0.244748115120456
AILarvaLD50= 0.592559703346342
AIKOW= 3.08968754764646
AIKOC= 23.1281301658601
AIHalfLife= 1.31852413411252
EAppRate= 0.502860607905313
