ICQueenStrength= 2.2197663274128
RQWkrDrnRatio= 1.50585702992976
ICDroneMiteSurvivorship= 20.0615796260536
ICWorkerMiteSurvivorship= 52.1230382611975
ICForagerLifespan= 4.11092158593237
ImmType= Exponential
AIAdultSlopeContact= 0.524319435935467
AIAdultLD50Contact= 0.0131602761801332
AILarvaSlope= 9.81064985739067
AILarvaLD50= 1.78644327027723
AIKOW= 68.2269332930446
AIKOC= 6.15633658599108
AIHalfLife= 0.0725489761680365
