ICQueenStrength= 4.1944914010819
RQWkrDrnRatio= 1.0315011665225
ICDroneMiteSurvivorship= 36.768779810518
ICWorkerMiteSurvivorship= 95.1614611083642
ICForagerLifespan= 8.96078160963953
ImmType= Polynomial
AIAdultSlope= 2.15408633961342
AIAdultLD50= 2.26963874814101
AIAdultSlopeContact= 1.32827009574976
AIAdultLD50Contact= 0.0228242154698819
AILarvaSlope= 1.80221074232832
AILarvaLD50= 0.809977999515831
AIKOW= 4.01733277225867
AIKOC= 15.0193929101806
AIHalfLife= 10.8667315798812
EAppRate= 0.923950903350487
