ICQueenStrength= 4.84325431194156
RQWkrDrnRatio= 3.61480604298413
ICDroneMiteSurvivorship= 59.0843052137643
ICWorkerMiteSurvivorship= 82.2528371820226
ICForagerLifespan= 13.0672886027023
ImmType= Sine
AIAdultSlope= 2.76844238317572
AIAdultLD50= 0.177960810950026
AIAdultSlopeContact= 1.21444938251982
AIAdultLD50Contact= 0.0418720159796067
AILarvaSlope= 1.78720165458508
AILarvaLD50= 0.204109927313402
AIKOW= 5.6866677198559
AIKOC= 12.9235824348871
AIHalfLife= 5.58749991469085
EAppRate= 0.883679709164426
