ICQueenStrength= 1.06912446697243
RQWkrDrnRatio= 1.33450487628579
ICDroneMiteSurvivorship= 54.5312542468309
ICWorkerMiteSurvivorship= 22.5137628614902
ICForagerLifespan= 5.0510045895353
ImmType= Tangent
AIAdultSlope= 0.17467685174197
AIAdultLD50= 0.0767605255823582
AIAdultSlopeContact= 2.01900166735053
AIAdultLD50Contact= 0.0288478378904983
AILarvaSlope= 0.149533690372482
AILarvaLD50= 0.252949937875383
AIKOW= 5.26280884630978
AIKOC= 29.9542000587098
AIHalfLife= 7.35985595639795
EAppRate= 0.57547324243933
