ICQueenStrength= 3.13777446071617
RQWkrDrnRatio= 2.1483388831839
ICDroneMiteSurvivorship= 49.5361389126629
ICWorkerMiteSurvivorship= 21.6628823895007
ICForagerLifespan= 8.56051295995712
ImmType= Sine
AIAdultSlopeContact= 5.83898375276476
AIAdultLD50Contact= 0.0590333771426231
AILarvaSlope= 3.03299145540223
AILarvaLD50= 0.584419067949057
AIKOW= 42.0343301491812
AIKOC= 10.4540637461469
AIHalfLife= 3.47403011843562
