ICQueenStrength= 3.57497733109631
RQWkrDrnRatio= 1.18535430729389
ICDroneMiteSurvivorship= 60.3354900842533
ICWorkerMiteSurvivorship= 6.66452758014202
ICForagerLifespan= 14.3760431800038
ImmType= Polynomial
AIAdultSlope= 2.60988469987409
AIAdultLD50= 0.127095778123476
AIAdultSlopeContact= 2.97194070146419
AIAdultLD50Contact= 0.0168554191128351
AILarvaSlope= 0.860299546038732
AILarvaLD50= 0.601105420966633
AIKOW= 7.13301681028679
AIKOC= 25.5857497116085
AIHalfLife= 4.73201856482774
EAppRate= 0
