ICQueenStrength= 1.86650229524821
RQWkrDrnRatio= 4.21267451439053
ICDroneMiteSurvivorship= 49.90968729835
ICWorkerMiteSurvivorship= 36.220441898331
ICForagerLifespan= 8.05107126198709
ImmType= Exponential
AIAdultSlopeContact= 2.87184542604955
AIAdultLD50Contact= 0.00941869490779936
AILarvaSlope= 0.935140326153487
AILarvaLD50= 0.117788179591298
AIKOW= 2.89940711809322
AIKOC= 16.8763716483954
AIHalfLife= 7.63801836688071
