ICQueenStrength= 2.01173984119669
RQWkrDrnRatio= 3.16934346966445
ICDroneMiteSurvivorship= 98.2219052966684
ICWorkerMiteSurvivorship= 40.4638385633007
ICForagerLifespan= 4.98305362369865
ImmType= Exponential
AIAdultSlope= 0.629493254888803
AIAdultLD50= 0.969020457006991
AIAdultSlopeContact= 1.3785841560876
AIAdultLD50Contact= 0.00124100684188306
AILarvaSlope= 2.07090762336738
AILarvaLD50= 0.165098755387589
AIKOW= 2.57840868458152
AIKOC= 7.24842847674154
AIHalfLife= 11.1400808058679
EAppRate= 0.523235583677888
