ICQueenStrength= 2.3938212627545
RQWkrDrnRatio= 3.09029087051749
ICDroneMiteSurvivorship= 24.6845928719267
ICWorkerMiteSurvivorship= 68.9615875249729
ICForagerLifespan= 13.6579393306747
ImmType= Polynomial
AIAdultSlope= 4.75234273588285
