ICQueenStrength= 2.83460514293984
RQWkrDrnRatio= 1.50889601651579
ICDroneMiteSurvivorship= 4.36248704791069
ICWorkerMiteSurvivorship= 81.9755458272994
ICForagerLifespan= 8.90485558193177
ImmType= Exponential
AIAdultSlopeContact= 2.54733134413837
AIAdultLD50Contact= 0.0343489763326943
AILarvaSlope= 3.07721630902961
AILarvaLD50= 0.0665827286895364
AIKOW= 2.95066149206832
AIKOC= 20.88381077745
AIHalfLife= 1.41652326611802
