ICQueenStrength= 1.28225223184563
RQWkrDrnRatio= 3.29893500357866
ICDroneMiteSurvivorship= 35.5145143112168
ICWorkerMiteSurvivorship= 8.63969558849931
ICForagerLifespan= 8.65063677262515
ImmType= Sine
AIAdultLD50= 0.154012839635834
AIAdultSlopeContact= 2.98962457064772
AIAdultLD50Contact= 0.0315481448778883
AILarvaSlope= 2.17467484450899
AILarvaLD50= 0.887390470015816
AIKOW= 7.42891939403489
AIKOC= 21.5535178384744
AIHalfLife= 2.55036142561585
EAppRate= 0.33024786086753
