ICQueenStrength= 5.55800046678632
RQWkrDrnRatio= 1.39449454657733
ICDroneMiteSurvivorship= 58.2194085232913
ICWorkerMiteSurvivorship= 39.2839053412899
ICForagerLifespan= 9.95106123015285
ImmType= Polynomial
AIAdultSlope= 7.2373148938641
AIAdultLD50= 0.328119592508301
AIAdultSlopeContact= 2.10462605813518
AIAdultLD50Contact= 0.0205903042107821
AILarvaSlope= 1.7754032695666
AILarvaLD50= 0.719278260599822
AIKOW= 61.3580848323181
AIKOC= 77.9829982435331
AIHalfLife= 5.02227353584021
EAppRate= 0.202254727482796
