ICQueenStrength= 5.09599097678438
RQWkrDrnRatio= 4.66308781318367
ICDroneMiteSurvivorship= 39.7110631223768
ICWorkerMiteSurvivorship= 11.3219801103696
ICForagerLifespan= 4.74945538304746
ImmType= Cosine
AIAdultSlopeContact= 4.60997020360082
AIAdultLD50Contact= 0.0889104266650975
AILarvaSlope= 9.25154267577454
AILarvaLD50= 0.747176782693714
AIKOW= 56.9269278785214
AIKOC= 76.6503426013514
AIHalfLife= 2.48531339690089
