ICQueenStrength= 4.83723152219318
RQWkrDrnRatio= 2.43863382842392
ICDroneMiteSurvivorship= 6.94246552884579
ICWorkerMiteSurvivorship= 13.2821755716577
ICForagerLifespan= 8.30778750404716
ImmType= Exponential
AIAdultLD50= 0.154012839635834
AIAdultSlopeContact= 2.05032379905693
AIAdultLD50Contact= 0.010955169016961
AILarvaSlope= 1.18972750743851
AILarvaLD50= 0.565111956303008
AIKOW= 3.04021866014227
AIKOC= 22.1622285735793
AIHalfLife= 1.72161373263225
EAppRate= 1.72928426787257
