ICQueenStrength= 1.41826524888165
RQWkrDrnRatio= 4.89546821359545
ICDroneMiteSurvivorship= 94.9026002315804
ICWorkerMiteSurvivorship= 6.55420690309256
ICForagerLifespan= 5.10113798733801
ImmType= Cosine
AIAdultSlope= 3.00804451517761
AIAdultLD50= 1.72568613826297
AIAdultSlopeContact= 2.7990019755112
AIAdultLD50Contact= 0.0396649908623658
AILarvaSlope= 2.97163098440506
AILarvaLD50= 0.198000486125238
AIKOW= 7.94821430556476
AIKOC= 18.5537782975007
AIHalfLife= 3.61751822801307
EAppRate= 0.514950821874663
