ICQueenStrength= 2.59866356872953
RQWkrDrnRatio= 2.67653383594006
ICDroneMiteSurvivorship= 16.4771361509338
ICWorkerMiteSurvivorship= 24.2993279360235
ICForagerLifespan= 5.05931269563735
ImmType= Logarithmic
AIAdultSlopeContact= 2.3996729936474
AIAdultLD50Contact= 0.0380692188628018
AILarvaSlope= 1.3096848056186
AILarvaLD50= 0.146186973620206
AIKOW= 6.43628960102797
AIKOC= 17.8283733793069
AIHalfLife= 1.67312870034948
