ICQueenStrength= 2.47928568534553
RQWkrDrnRatio= 4.4811346763745
ICDroneMiteSurvivorship= 16.3941939827055
ICWorkerMiteSurvivorship= 83.5655738832429
ICForagerLifespan= 9.76341822370887
ImmType= Exponential
AIAdultLD50= 0.154012839635834
AIAdultSlopeContact= 3.59324741510209
AIAdultLD50Contact= 0.0298385569243692
AILarvaSlope= 3.25048441011459
AILarvaLD50= 0.0829747406300157
AIKOW= 4.78095056116581
AIKOC= 19.0675424016081
AIHalfLife= 0.174252491444349
EAppRate= 0.722628769464791
