ICQueenStrength= 2.88691799715161
RQWkrDrnRatio= 1.9777080770582
