ICQueenStrength= 5.90386755089276
RQWkrDrnRatio= 3.35633363388479
ICDroneMiteSurvivorship= 45.1941737672314
ICWorkerMiteSurvivorship= 74.8646865366027
ICForagerLifespan= 4.03024106565863
ImmType= Polynomial
AIAdultSlope= 0.356967725506984
AIAdultLD50= 0.0531064501265064
AIAdultSlopeContact= 1.62168790600961
AIAdultLD50Contact= 0.0286873727571219
AILarvaSlope= 1.59691827790812
AILarvaLD50= 0.547960383840837
AIKOW= 3.77600522665307
AIKOC= 23.4290568926372
AIHalfLife= 2.2814737749286
EAppRate= 0.0423214061418548
