ICQueenStrength= 5.9894234794192
RQWkrDrnRatio= 2.18642707448453
ICDroneMiteSurvivorship= 12.4423815170303
ICWorkerMiteSurvivorship= 24.6406206162646
ICForagerLifespan= 8.61255392245948
ImmType= Polynomial
AIAdultSlope= 0.53764641801361
AIAdultLD50= 0.103730477858335
AIAdultSlopeContact= 2.71068377822405
AIAdultLD50Contact= 0.0456565070315264
AILarvaSlope= 0.391820316575468
AILarvaLD50= 0.746325165918097
AIKOW= 7.02030067285523
AIKOC= 17.7953868941404
AIHalfLife= 3.03620096179657
EAppRate= 0.236310570524074
