ICQueenStrength= 5.41921641817316
RQWkrDrnRatio= 1.14305371325463
ICDroneMiteSurvivorship= 10.6950410176069
ICWorkerMiteSurvivorship= 22.0653009600937
ICForagerLifespan= 14.2777881138027
ImmType= Sine
AIAdultSlope= 0.966337417492177
AIAdultLD50= 0.0440327692776918
AIAdultSlopeContact= 3.42496935510077
AIAdultLD50Contact= 0.0413420437951572
AILarvaSlope= 3.31346444096416
AILarvaLD50= 0.492905124602839
AIKOW= 4.13934888970107
AIKOC= 27.1617471775971
AIHalfLife= 2.95477348030545
EAppRate= 0
