ICQueenStrength= 3.16068621608429
RQWkrDrnRatio= 1.34042293205857
ICDroneMiteSurvivorship= 64.3326931167394
ICWorkerMiteSurvivorship= 27.8378089191392
ICForagerLifespan= 7.52918279543519
ImmType= Logarithmic
AIAdultSlope= 1.4527373900637
