ICQueenStrength= 4.88162122573704
RQWkrDrnRatio= 2.16203165892512
ICDroneMiteSurvivorship= 94.3756131688133
ICWorkerMiteSurvivorship= 72.9998217895627
ICForagerLifespan= 12.8301508827135
ImmType= Logarithmic
AIAdultSlope= 2.31872816416435
AIAdultLD50= 1.66888442868367
AIAdultSlopeContact= 2.10751295126276
AIAdultLD50Contact= 0.0229208343080245
AILarvaSlope= 3.20920450263657
AILarvaLD50= 0.0885918374173343
AIKOW= 3.27454391075298
AIKOC= 25.329118706286
AIHalfLife= 5.77360388590023
EAppRate= 0.21028987201862
