ICQueenStrength= 2.8031462316867
RQWkrDrnRatio= 1.57907976582646
ICDroneMiteSurvivorship= 4.1912853717804
ICWorkerMiteSurvivorship= 69.1866751294583
ICForagerLifespan= 13.6513865767047
ImmType= Logarithmic
AIAdultSlope= 2.46752843926661
AIAdultLD50= 1.5713506762404
AIAdultSlopeContact= 3.46043116438435
AIAdultLD50Contact= 0.00978287009056658
AILarvaSlope= 3.25057192100212
AILarvaLD50= 0.0556687900330871
AIKOW= 3.10199467511848
AIKOC= 7.48026446788572
AIHalfLife= 13.3951964508742
EAppRate= 0.515011903597042
