ICQueenStrength= 5.43120111478493
RQWkrDrnRatio= 2.38340235780925
ICDroneMiteSurvivorship= 59.3475020490587
ICWorkerMiteSurvivorship= 85.9571122797206
ICForagerLifespan= 4.50554508529603
ImmType= Logarithmic
AIAdultSlope= 1.75834746612702
AIAdultLD50= 0.209099847939797
AIAdultSlopeContact= 0.448756888622884
AIAdultLD50Contact= 0.0222559931105934
AILarvaSlope= 3.20498490980826
AILarvaLD50= 0.467853392777033
AIKOW= 3.33775940584019
AIKOC= 17.8273178765085
AIHalfLife= 4.75067365565337
EAppRate= 0
