ICQueenStrength= 5.18845915351994
RQWkrDrnRatio= 2.16067369561642
ICDroneMiteSurvivorship= 72.9705800069496
ICWorkerMiteSurvivorship= 28.3934053266421
ICForagerLifespan= 5.71906656306237
ImmType= Polynomial
AIAdultLD50= 0.154012839635834
AIAdultSlopeContact= 2.0839287785464
AIAdultLD50Contact= 0.0461935670929961
AILarvaSlope= 2.9890561693348
AILarvaLD50= 0.869762600515969
AIKOW= 5.80453211860731
AIKOC= 24.3177632114384
AIHalfLife= 11.8093248279765
EAppRate= 0.625365191604942
