ICQueenStrength= 4.55661295237951
RQWkrDrnRatio= 4.87010773643851
ICDroneMiteSurvivorship= 64.6302503300831
ICWorkerMiteSurvivorship= 8.27625442761928
ICForagerLifespan= 12.2902603652328
ImmType= Polynomial
AIAdultSlope= 0.469199278950691
AIAdultLD50= 0.820559298153967
AIAdultSlopeContact= 3.66513468249701
AIAdultLD50Contact= 0.0217054081847891
AILarvaSlope= 2.77531318557449
AILarvaLD50= 0.0250462085707113
AIKOW= 6.90763717656955
AIKOC= 25.6740676774643
AIHalfLife= 11.7416027365252
EAppRate= 0.814821542240679
