ICQueenStrength= 4.86328394524753
RQWkrDrnRatio= 1.02181566786021
ICDroneMiteSurvivorship= 11.0604837769642
ICWorkerMiteSurvivorship= 36.643277737312
ICForagerLifespan= 14.3288417356089
ImmType= Cosine
AIAdultSlope= 0.430694991908967
AIAdultLD50= 2.10662183957174
AIAdultSlopeContact= 3.50107749751071
AIAdultLD50Contact= 0.0467633211403154
AILarvaSlope= 3.21255314419977
AILarvaLD50= 0.0591228453442454
AIKOW= 6.72203710535541
AIKOC= 6.67669718503021
AIHalfLife= 10.4557792698033
EAppRate= 0.0936926137655973
