ICQueenStrength= 4.69857966084965
RQWkrDrnRatio= 2.55902177840471
ICDroneMiteSurvivorship= 66.2117650965229
ICWorkerMiteSurvivorship= 98.8324087113142
ICForagerLifespan= 7.9407347580418
ImmType= Polynomial
AIAdultSlope= 1.43064118260518
AIAdultSlopeContact= 3.27526634043083
AIAdultLD50Contact= 0.0009065943188034
AILarvaSlope= 1.37193851731718
AILarvaLD50= 0.0708468647673726
AIKOW= 2.84270951943472
AIKOC= 19.7477322781924
AIHalfLife= 3.23628491396084
