ICQueenStrength= 3.98196890298277
RQWkrDrnRatio= 3.55890140216798
