ICQueenStrength= 3.47329629375599
RQWkrDrnRatio= 4.17246227804571
ICDroneMiteSurvivorship= 36.6853961721063
ICWorkerMiteSurvivorship= 62.0205371640623
ICForagerLifespan= 10.7539281677455
ImmType= Tangent
AIAdultSlope= 3.22425782138715
AIAdultLD50= 0.427658629836515
AIAdultSlopeContact= 0.427399239360821
AIAdultLD50Contact= 0.00471024696016684
AILarvaSlope= 2.99597324770875
AILarvaLD50= 0.662665673252195
AIKOW= 7.42851489875466
AIKOC= 16.5489860647358
AIHalfLife= 2.23854812327772
EAppRate= 0.267689365241677
