ICQueenStrength= 2.5435661142692
RQWkrDrnRatio= 1.04532162845135
