ICQueenStrength= 2.7238587862812
RQWkrDrnRatio= 1.55931401625276
ICDroneMiteSurvivorship= 69.7680385317653
ICWorkerMiteSurvivorship= 83.4017629735172
ICForagerLifespan= 13.0502976300195
ImmType= Exponential
AIAdultLD50= 0.154012839635834
AIAdultSlopeContact= 2.74898608777905
AIAdultLD50Contact= 0.0154787536128424
AILarvaSlope= 1.43324858606793
AILarvaLD50= 0.564149406412616
AIKOW= 7.12763917958364
AIKOC= 11.8085120525211
AIHalfLife= 3.96436746604741
EAppRate= 0.563413548283279
