ICQueenStrength= 3.23426254233345
RQWkrDrnRatio= 2.4186778748408
ICDroneMiteSurvivorship= 17.3072727629915
ICWorkerMiteSurvivorship= 58.7375829927623
ICForagerLifespan= 6.23990621883422
ImmType= Sine
AIAdultLD50= 0.154012839635834
AIAdultSlopeContact= 0.772879898243118
AIAdultLD50Contact= 0.0262741793645546
AILarvaSlope= 2.22175615718588
AILarvaLD50= 0.74749336601235
AIKOW= 5.46287620393559
AIKOC= 8.99385750642978
AIHalfLife= 13.3629228966311
EAppRate= 0.784157769288868
