ICQueenStrength= 3.0179812470451
RQWkrDrnRatio= 3.95797746628523
ICDroneMiteSurvivorship= 22.8631949517876
ICWorkerMiteSurvivorship= 15.1178350206465
ICForagerLifespan= 15.7339471196756
ImmType= Tangent
AIAdultSlope= 0.773944189958274
AIAdultLD50= 0.29183197254315
AIAdultSlopeContact= 0.387701305265073
AIAdultLD50Contact= 0.038556492025964
AILarvaSlope= 2.60945004322566
AILarvaLD50= 0.842009251588024
AIKOW= 5.29277711734176
AIKOC= 19.4618468941189
AIHalfLife= 0.100448056124151
EAppRate= 0.582004867028445
