ICQueenStrength= 4.1060368497856
RQWkrDrnRatio= 1.08827143255621
ICDroneMiteSurvivorship= 30.2770810201764
ICWorkerMiteSurvivorship= 99.1771853528917
ICForagerLifespan= 13.284459634684
ImmType= Exponential
AIAdultSlope= 0.776803053589538
AIAdultLD50= 0.261912734131329
AIAdultSlopeContact= 1.28017478024354
AIAdultLD50Contact= 0.0166436739265919
AILarvaSlope= 2.83246646183543
AILarvaLD50= 0.588823146047071
AIKOW= 3.04239863250405
AIKOC= 24.5142610755283
AIHalfLife= 2.66753763658926
EAppRate= 0.362153908796608
