ICQueenStrength= 1.55350056034513
RQWkrDrnRatio= 3.17950417939574
ICDroneMiteSurvivorship= 12.4393656151369
ICWorkerMiteSurvivorship= 63.3567879442126
ICForagerLifespan= 6.19625200424343
ImmType= Sine
AIAdultSlope= 6.48274201434106
