ICQueenStrength= 2.70317443087697
RQWkrDrnRatio= 3.2487795194611
ICDroneMiteSurvivorship= 55.2684825146571
ICWorkerMiteSurvivorship= 61.0183955868706
ICForagerLifespan= 8.52378526236862
ImmType= Polynomial
AIAdultSlope= 0.961664547859691
AIAdultLD50= 0.267777109285817
AIAdultSlopeContact= 3.32221300930018
AIAdultLD50Contact= 0.0211813901783898
AILarvaSlope= 0.424684597132727
AILarvaLD50= 0.551536508370191
AIKOW= 4.5749526550062
AIKOC= 8.87894213781692
AIHalfLife= 4.37607714324258
EAppRate= 0.0648272030288354
