ICQueenStrength= 2.26921055139974
RQWkrDrnRatio= 1.93953004013747
ICDroneMiteSurvivorship= 84.9405806744471
ICWorkerMiteSurvivorship= 5.74665439780802
ICForagerLifespan= 5.9807808836922
ImmType= Exponential
AIAdultSlopeContact= 0.351288681849837
AIAdultLD50Contact= 0.116358449589461
AILarvaSlope= 1.15003722254187
AILarvaLD50= 1.35914086550474
AIKOW= 43.5622684191912
AIKOC= 72.727961349301
AIHalfLife= 9.93996751075611
