ICQueenStrength= 4.46937291091308
RQWkrDrnRatio= 3.81256837584078
ICDroneMiteSurvivorship= 52.5300546083599
ICWorkerMiteSurvivorship= 77.8054802678525
ICForagerLifespan= 13.576641603373
ImmType= Tangent
AIAdultSlope= 0.26689329163637
AIAdultLD50= 0.257066462072544
AIAdultSlopeContact= 1.39671708998038
AIAdultLD50Contact= 0.0095814821892418
AILarvaSlope= 0.878420239314437
AILarvaLD50= 0.208061066153459
AIKOW= 3.46145491022617
AIKOC= 14.2281331424601
AIHalfLife= 2.15700899716467
EAppRate= 0.354596245591529
