ICQueenStrength= 2.39410654315725
RQWkrDrnRatio= 4.63424435257912
ICDroneMiteSurvivorship= 44.2519600735977
ICWorkerMiteSurvivorship= 21.5882818447426
ICForagerLifespan= 10.3743457170203
ImmType= Cosine
AIAdultSlope= 1.59937039949
