ICQueenStrength= 2.8073618109338
RQWkrDrnRatio= 3.10649940371513
ICDroneMiteSurvivorship= 13.1179713178426
ICWorkerMiteSurvivorship= 36.9064624421299
ICForagerLifespan= 10.6004181150347
ImmType= Tangent
AIAdultSlope= 0.448188062771224
AIAdultLD50= 0.201297248597257
AIAdultSlopeContact= 2.200517299762
AIAdultLD50Contact= 0.0100835898891091
AILarvaSlope= 1.2656841000542
AILarvaLD50= 0.207112387893721
AIKOW= 2.91936881886795
AIKOC= 7.25341097684577
AIHalfLife= 1.14109410089441
EAppRate= 0
