ICQueenStrength= 1.27889629709534
RQWkrDrnRatio= 1.06952178385109
ICDroneMiteSurvivorship= 78.2902579987422
ICWorkerMiteSurvivorship= 22.5390373962
ICForagerLifespan= 13.4228015718982
ImmType= Cosine
AIAdultSlope= 0.0575685931835324
AIAdultLD50= 1.14859479060397
AIAdultSlopeContact= 2.74427578815725
AIAdultLD50Contact= 0.0218647325411439
AILarvaSlope= 2.49819022421725
AILarvaLD50= 0.505609712493606
AIKOW= 6.37553572980687
AIKOC= 23.0924185318872
AIHalfLife= 3.84827782260254
EAppRate= 0.496079759672284
