ICQueenStrength= 3.78111993102357
RQWkrDrnRatio= 4.67943725176156
ICDroneMiteSurvivorship= 3.41908189002424
ICWorkerMiteSurvivorship= 19.7363353334367
ICForagerLifespan= 14.7085046162829
ImmType= Sine
AIAdultSlope= 2.49376336992718
AIAdultLD50= 0.84470150875859
AIAdultSlopeContact= 3.57060377952643
AIAdultLD50Contact= 0.0226488913060166
AILarvaSlope= 0.663963470188901
AILarvaLD50= 0.0447541636414826
AIKOW= 3.74644644092768
AIKOC= 12.8992047638167
AIHalfLife= 3.34645173652098
EAppRate= 0.496884652413428
