ICQueenStrength= 4.5529188637156
RQWkrDrnRatio= 4.42829544562846
ICDroneMiteSurvivorship= 19.1616577329114
ICWorkerMiteSurvivorship= 22.4328139098361
ICForagerLifespan= 13.8277060259134
ImmType= Cosine
AIAdultSlope= 3.90933083799435
AIAdultLD50= 0.208394916262478
AIAdultSlopeContact= 1.14811998540536
AIAdultLD50Contact= 0.03207895004889
AILarvaSlope= 0.553681070357561
AILarvaLD50= 0.55209086376708
AIKOW= 2.69674604618922
AIKOC= 27.2813672851771
AIHalfLife= 1.54004026553594
EAppRate= 0.456649594847113
