ICQueenStrength= 4.81374521064572
RQWkrDrnRatio= 1.10189028456807
ICDroneMiteSurvivorship= 89.9114385247231
ICWorkerMiteSurvivorship= 29.9771572230384
ICForagerLifespan= 9.66467996314168
ImmType= Tangent
AIAdultSlope= 0.469080289127305
AIAdultLD50= 0.527471846435219
AIAdultSlopeContact= 3.34284559137421
AIAdultLD50Contact= 0.0494515977683477
AILarvaSlope= 0.506208942318335
AILarvaLD50= 0.715982812014408
AIKOW= 3.25272017577663
AIKOC= 21.1091907066293
AIHalfLife= 8.27652412978932
EAppRate= 0.834600768284872
