ICQueenStrength= 3.40103733143769
RQWkrDrnRatio= 2.44742155633867
ICDroneMiteSurvivorship= 99.1616206476465
ICWorkerMiteSurvivorship= 81.3796592643484
ICForagerLifespan= 10.7967450357974
ImmType= Logarithmic
AIAdultLD50= 0.154012839635834
AIAdultSlopeContact= 2.26117908588611
AIAdultLD50Contact= 0.0325856073293835
AILarvaSlope= 0.279803603515029
AILarvaLD50= 0.824876565649174
AIKOW= 7.5405739704147
AIKOC= 26.9273333495948
AIHalfLife= 2.55873961746693
EAppRate= 0.780805408488959
