ICQueenStrength= 5.49471226194873
RQWkrDrnRatio= 2.79841097258031
ICDroneMiteSurvivorship= 37.6245877705514
ICWorkerMiteSurvivorship= 98.1349733658135
ICForagerLifespan= 11.5722232973203
ImmType= Cosine
AIAdultSlopeContact= 1.78746404033387
AIAdultLD50Contact= 0.0318295278935693
AILarvaSlope= 1.04032446434721
AILarvaLD50= 0.179010190232657
AIKOW= 7.45654442720115
AIKOC= 13.918681909563
AIHalfLife= 1.58571990020573
