ICQueenStrength= 3.36332032829523
RQWkrDrnRatio= 1.50905840937048
ICDroneMiteSurvivorship= 16.5587436174974
ICWorkerMiteSurvivorship= 37.8991503501311
ICForagerLifespan= 5.98151250649244
ImmType= Cosine
AIAdultSlope= 1.99558499077102
AIAdultLD50= 0.114974207244813
AIAdultSlopeContact= 0.286382602842059
AIAdultLD50Contact= 0.00342954634688795
AILarvaSlope= 1.26185462279245
AILarvaLD50= 0.791566219227389
AIKOW= 6.82994398334995
AIKOC= 19.5216451492161
AIHalfLife= 0.261082345386967
EAppRate= 0
