ICQueenStrength= 1.43246606248431
RQWkrDrnRatio= 1.93154713790864
ICDroneMiteSurvivorship= 23.1123743811622
ICWorkerMiteSurvivorship= 72.9166891658679
ICForagerLifespan= 14.7274412438273
ImmType= Polynomial
AIAdultSlopeContact= 3.47811329868156
AIAdultLD50Contact= 0.0122835453250445
AILarvaSlope= 3.33685269579291
AILarvaLD50= 0.802398484828882
AIKOW= 3.82005595136434
AIKOC= 21.8696332315449
AIHalfLife= 12.6384719265625
