ICQueenStrength= 1.00180491711944
RQWkrDrnRatio= 2.49823646154255
ICDroneMiteSurvivorship= 80.7950023328885
ICWorkerMiteSurvivorship= 17.3356330953538
ICForagerLifespan= 14.3700359398499
ImmType= Sine
AIAdultLD50= 0.154012839635834
AIAdultSlopeContact= 1.1882148442883
AIAdultLD50Contact= 0.032536008162424
AILarvaSlope= 2.76343333204277
AILarvaLD50= 0.387812543520704
AIKOW= 3.83814915129915
AIKOC= 8.37871651863679
AIHalfLife= 6.54152477625757
EAppRate= 1.16980220703408
