ICQueenStrength= 4.05131118977442
RQWkrDrnRatio= 1.50491580739617
ICDroneMiteSurvivorship= 49.2086215876043
ICWorkerMiteSurvivorship= 20.3218735055998
ICForagerLifespan= 10.50646942202
ImmType= Exponential
AIAdultSlope= 3.22188015142456
AIAdultSlopeContact= 2.44116640880937
AIAdultLD50Contact= 0.0100434330757707
AILarvaSlope= 0.510303865419701
AILarvaLD50= 0.75202783124987
AIKOW= 2.38940606499091
AIKOC= 6.53087647049688
AIHalfLife= 13.4176501510665
