ICQueenStrength= 5.77375240763649
RQWkrDrnRatio= 2.89412137214094
ICDroneMiteSurvivorship= 67.3450142610818
ICWorkerMiteSurvivorship= 66.8777200160548
ICForagerLifespan= 13.2281300043687
ImmType= Logarithmic
AIAdultSlope= 0.34616385223344
AIAdultLD50= 0.667979479534552
AIAdultSlopeContact= 2.42870660441928
AIAdultLD50Contact= 0.0355910242418759
AILarvaSlope= 3.18364969035611
AILarvaLD50= 0.842421077750623
AIKOW= 5.12933335406706
AIKOC= 29.9959457723889
AIHalfLife= 13.2485765255988
EAppRate= 0.649625915102661
