ICQueenStrength= 3.565173615003
RQWkrDrnRatio= 1.12378569319844
ICDroneMiteSurvivorship= 80.3419450763613
ICWorkerMiteSurvivorship= 97.7920671459287
ICForagerLifespan= 9.99814937356859
ImmType= Polynomial
AIAdultSlopeContact= 2.72115414015949
AIAdultLD50Contact= 0.0323084910283796
AILarvaSlope= 2.04096781550907
AILarvaLD50= 0.342654690868221
AIKOW= 6.26647045183927
AIKOC= 17.6215663098264
AIHalfLife= 4.40932975756004
