ICQueenStrength= 5.58724970580079
RQWkrDrnRatio= 1.56689079198986
ICDroneMiteSurvivorship= 93.2223391951993
ICWorkerMiteSurvivorship= 70.1670056674629
ICForagerLifespan= 4.1082295589149
ImmType= Polynomial
AIAdultSlope= 0.417403741320595
AIAdultLD50= 2.40470005664974
AIAdultSlopeContact= 2.0360275662574
AIAdultLD50Contact= 0.0288698891294189
AILarvaSlope= 1.27235975759104
AILarvaLD50= 0.828346118889749
AIKOW= 4.26181743573397
AIKOC= 6.85486542177387
AIHalfLife= 8.26842340407893
EAppRate= 0.763184978859499
