ICQueenStrength= 1.55096126277931
RQWkrDrnRatio= 3.44940847624093
ICDroneMiteSurvivorship= 48.6711947480217
ICWorkerMiteSurvivorship= 53.125648573041
ICForagerLifespan= 8.23389791790396
ImmType= Polynomial
AIAdultSlope= 1.55292696338147
AIAdultLD50= 2.00228568445891
AIAdultSlopeContact= 3.33347329535522
AIAdultLD50Contact= 0.0143367399810813
AILarvaSlope= 0.404971220111474
AILarvaLD50= 0.737050083791837
AIKOW= 6.6363343289122
AIKOC= 26.746354555944
AIHalfLife= 0.525496814399958
EAppRate= 0.225322991376743
