ICQueenStrength= 2.16289295139723
RQWkrDrnRatio= 1.25552928913385
ICDroneMiteSurvivorship= 84.9810051266104
ICWorkerMiteSurvivorship= 55.9790609404445
ICForagerLifespan= 7.6641383683309
ImmType= Polynomial
AIAdultSlope= 5.40622228756547
