ICQueenStrength= 2.52358631487004
RQWkrDrnRatio= 4.77057616692036
ICDroneMiteSurvivorship= 8.87036165222526
ICWorkerMiteSurvivorship= 74.43620741833
ICForagerLifespan= 10.7936113998294
ImmType= Polynomial
AIAdultSlope= 1.61771992178634
AIAdultLD50= 0.423614200670272
AIAdultSlopeContact= 3.05273925452493
AIAdultLD50Contact= 0.0174676280235872
AILarvaSlope= 0.512856361828744
AILarvaLD50= 0.656417424185202
AIKOW= 5.60823698202148
AIKOC= 11.07800479047
AIHalfLife= 0.951191291678697
EAppRate= 0.0707793157547712
