ICQueenStrength= 1.02054722164758
RQWkrDrnRatio= 1.47704620566219
ICDroneMiteSurvivorship= 93.3057769667357
ICWorkerMiteSurvivorship= 42.9841601522639
ICForagerLifespan= 11.0793154733256
ImmType= Tangent
AIAdultSlope= 3.20274551501498
AIAdultLD50= 1.16395356645808
AIAdultSlopeContact= 2.87784768160433
AIAdultLD50Contact= 0.000188567850273103
AILarvaSlope= 3.33231032295153
AILarvaLD50= 0.436923668836243
AIKOW= 4.0388683876954
AIKOC= 5.31404229812324
AIHalfLife= 11.6801458671689
EAppRate= 0.282135316869244
