ICQueenStrength= 4.787749807816
RQWkrDrnRatio= 2.87352843489498
ICDroneMiteSurvivorship= 14.6093202987686
ICWorkerMiteSurvivorship= 36.0869037685916
ICForagerLifespan= 7.4711991250515
ImmType= Logarithmic
AIAdultSlope= 2.24698192849755
AIAdultLD50= 1.7583142966032
AIAdultSlopeContact= 0.107192902138922
AIAdultLD50Contact= 0.0469112170976587
AILarvaSlope= 0.549256609147415
AILarvaLD50= 0.332723268214613
AIKOW= 3.54490073909983
AIKOC= 28.804036231013
AIHalfLife= 4.78804393252358
EAppRate= 0.0809435420669615
