ICQueenStrength= 4.6054982629139
RQWkrDrnRatio= 3.42648755759001
ICDroneMiteSurvivorship= 84.0698888991028
ICWorkerMiteSurvivorship= 45.0900196097791
ICForagerLifespan= 14.571544055827
ImmType= Sine
AIAdultSlopeContact= 4.47014063829556
AIAdultLD50Contact= 0.177533859806135
AILarvaSlope= 0.863315740134567
AILarvaLD50= 1.84948013536632
AIKOW= 91.7250882368535
AIKOC= 19.6332744322717
AIHalfLife= 11.4302869718522
