ICQueenStrength= 2.27895392477512
RQWkrDrnRatio= 2.67746551055461
ICDroneMiteSurvivorship= 89.2949115252122
ICWorkerMiteSurvivorship= 38.8394113630056
ICForagerLifespan= 13.0937375864014
ImmType= Tangent
AIAdultSlope= 3.11558299832977
AIAdultLD50= 1.42716140463017
AIAdultSlopeContact= 1.7340001630364
AIAdultLD50Contact= 0.0367268532165326
AILarvaSlope= 3.09396345596761
AILarvaLD50= 0.448824775870889
AIKOW= 2.54275043262169
AIKOC= 7.87685659714043
AIHalfLife= 9.15394836477935
EAppRate= 0.0267167233396322
