ICQueenStrength= 4.66915263934061
RQWkrDrnRatio= 1.3051064023748
ICDroneMiteSurvivorship= 92.8169759688899
ICWorkerMiteSurvivorship= 31.8623191211373
ICForagerLifespan= 11.4358155010268
ImmType= Cosine
AIAdultSlope= 2.99709749021567
AIAdultLD50= 1.3228537500836
AIAdultSlopeContact= 1.40395195847377
AIAdultLD50Contact= 0.0114648508140817
AILarvaSlope= 0.684989413945004
AILarvaLD50= 0.042081643268466
AIKOW= 5.48584345681593
AIKOC= 25.0426065537613
AIHalfLife= 6.44803808163851
EAppRate= 0.526590479072183
