ICQueenStrength= 5.59229634026997
RQWkrDrnRatio= 1.18726625386626
ICDroneMiteSurvivorship= 80.6186602916569
ICWorkerMiteSurvivorship= 6.01762554142624
ICForagerLifespan= 10.1059436909854
ImmType= Tangent
AIAdultSlope= 9.7493809228763
AIAdultLD50= 0.942885239375755
AIAdultSlopeContact= 4.08452610485256
AIAdultLD50Contact= 0.164012138079852
AILarvaSlope= 0.92305350350216
AILarvaLD50= 1.03254472278059
AIKOW= 48.5032672993839
AIKOC= 0.420757662504911
AIHalfLife= 7.48781976988539
EAppRate= 0.483513722661883
