ICQueenStrength= 1.1597196678631
RQWkrDrnRatio= 3.43737613782287
ICDroneMiteSurvivorship= 17.6886843750253
ICWorkerMiteSurvivorship= 95.6577253993601
ICForagerLifespan= 6.34421614836901
ImmType= Tangent
AIAdultSlope= 2.15605156091042
AIAdultLD50= 1.46047976589762
AIAdultSlopeContact= 0.185845452065114
AIAdultLD50Contact= 0.0261452101985924
AILarvaSlope= 2.08469985807315
AILarvaLD50= 0.833082673489116
AIKOW= 2.97038071416318
AIKOC= 20.8860258292407
AIHalfLife= 2.94290506560355
EAppRate= 0.41830437281169
