ICQueenStrength= 5.90747487870976
RQWkrDrnRatio= 1.19308876991272
ICDroneMiteSurvivorship= 39.216644060798
ICWorkerMiteSurvivorship= 81.6611298592761
ICForagerLifespan= 13.2587458919734
ImmType= Tangent
AIAdultSlope= 2.74309504530393
AIAdultLD50= 2.39606172940694
AIAdultSlopeContact= 1.20104458207497
AIAdultLD50Contact= 0.0382247269386426
AILarvaSlope= 3.20829062792473
AILarvaLD50= 0.181556189549156
AIKOW= 5.77421219320968
AIKOC= 7.78963859891519
AIHalfLife= 7.37535632681102
EAppRate= 0.927322651725262
