ICQueenStrength= 2.29473196575418
RQWkrDrnRatio= 2.71274456195533
ICDroneMiteSurvivorship= 9.93397776037455
ICWorkerMiteSurvivorship= 22.668356820941
ICForagerLifespan= 10.4968358827755
ImmType= Tangent
AIAdultSlope= 3.57249988491414
AIAdultLD50= 0.394743852200918
AIAdultSlopeContact= 3.63570033128606
AIAdultLD50Contact= 0.0252142979996279
AILarvaSlope= 2.73801699541509
AILarvaLD50= 0.128813405614346
AIKOW= 3.46691109612584
AIKOC= 21.1553910351358
AIHalfLife= 1.44690065062605
EAppRate= 0.422847960097715
