ICQueenStrength= 4.0580516369082
RQWkrDrnRatio= 1.40075186081231
ICDroneMiteSurvivorship= 97.1764873480424
ICWorkerMiteSurvivorship= 8.24548422824591
ICForagerLifespan= 7.01041472982615
ImmType= Sine
AIAdultSlope= 3.17621899303049
AIAdultLD50= 0.693873610347509
AIAdultSlopeContact= 1.14202641416341
AIAdultLD50Contact= 0.106379772070795
AILarvaSlope= 6.46488188533112
AILarvaLD50= 0.518301657401025
AIKOW= 7.72238099016249
AIKOC= 30.5996134178713
AIHalfLife= 9.93159485701472
EAppRate= 1.24870517011732
