ICQueenStrength= 5.83973739203066
RQWkrDrnRatio= 4.77064334228635
ICDroneMiteSurvivorship= 9.12611449602991
ICWorkerMiteSurvivorship= 57.2295807301998
ICForagerLifespan= 5.26915095653385
ImmType= Sine
AIAdultLD50= 0.154012839635834
AIAdultSlopeContact= 1.20842064249795
AIAdultLD50Contact= 0.0264259594026953
AILarvaSlope= 1.94452637089416
AILarvaLD50= 0.467847856739536
AIKOW= 6.91688274545595
AIKOC= 12.5283159792889
AIHalfLife= 1.70992801478133
EAppRate= 0.481236142106354
