ICQueenStrength= 4.83833963540383
RQWkrDrnRatio= 2.21666581183672
ICDroneMiteSurvivorship= 62.8962994553149
ICWorkerMiteSurvivorship= 83.2396115874872
ICForagerLifespan= 11.1314392769709
ImmType= Sine
AIAdultSlope= 0.442782586149406
AIAdultLD50= 0.00264768663328141
AIAdultSlopeContact= 0.0941564777190797
AIAdultLD50Contact= 0.00472552091814578
AILarvaSlope= 3.01848608967848
AILarvaLD50= 0.885409796959721
AIKOW= 3.95879361499101
AIKOC= 8.67886712192558
AIHalfLife= 1.725029789377
EAppRate= 0.291973930760287
