ICQueenStrength= 4.88362623285502
RQWkrDrnRatio= 1.95858642738312
