ICQueenStrength= 4.30911534139886
RQWkrDrnRatio= 2.70044928975403
ICDroneMiteSurvivorship= 52.1336502628401
ICWorkerMiteSurvivorship= 16.5618808707222
ICForagerLifespan= 7.76270570512861
ImmType= Polynomial
AIAdultSlope= 2.57694860454649
