ICQueenStrength= 2.46529980236664
RQWkrDrnRatio= 2.00479168072343
ICDroneMiteSurvivorship= 60.36084999796
ICWorkerMiteSurvivorship= 96.9068198930472
ICForagerLifespan= 13.9292834885418
ImmType= Sine
AIAdultSlope= 2.15511902524158
AIAdultSlopeContact= 2.08446344836615
AIAdultLD50Contact= 0.00616722202394158
AILarvaSlope= 2.42691592797637
AILarvaLD50= 0.300115149258636
AIKOW= 4.99313929211348
AIKOC= 22.2113874228671
AIHalfLife= 10.376046710182
