ICQueenStrength= 4.35679064970464
RQWkrDrnRatio= 1.65390500146896
ICDroneMiteSurvivorship= 57.4103689286858
ICWorkerMiteSurvivorship= 96.5571520617232
ICForagerLifespan= 8.66530880238861
ImmType= Tangent
AIAdultSlope= 2.50743111461168
AIAdultLD50= 0.462178679765202
AIAdultSlopeContact= 0.70117274425691
AIAdultLD50Contact= 0.0353693766519427
AILarvaSlope= 3.35980368908495
AILarvaLD50= 0.343360849237069
AIKOW= 3.59242407372221
AIKOC= 13.7914134433959
AIHalfLife= 1.0476952267345
EAppRate= 0
