ICQueenStrength= 2.58523707883433
RQWkrDrnRatio= 2.08280326332897
ICDroneMiteSurvivorship= 38.3012717356905
ICWorkerMiteSurvivorship= 53.2009353162721
ICForagerLifespan= 14.4018609868363
ImmType= Exponential
AIAdultSlope= 3.25448185657151
AIAdultLD50= 1.18614432611503
AIAdultSlopeContact= 0.0203991108457558
AIAdultLD50Contact= 0.0217286091763526
AILarvaSlope= 2.36796661871485
AILarvaLD50= 0.766722460230812
AIKOW= 6.48786194669083
AIKOC= 17.5427852442954
AIHalfLife= 12.2304182644002
EAppRate= 0.293169326148927
