ICQueenStrength= 5.65269530541264
RQWkrDrnRatio= 4.66186060197651
ICDroneMiteSurvivorship= 79.5010044472292
ICWorkerMiteSurvivorship= 90.0498120812699
ICForagerLifespan= 15.6411359822378
ImmType= Sine
AIAdultSlope= 0.276484849469271
AIAdultLD50= 0.093667977838777
AIAdultSlopeContact= 1.31487445561448
AIAdultLD50Contact= 0.0129633978009224
AILarvaSlope= 0.778839586023241
AILarvaLD50= 0.175095953349955
AIKOW= 2.66610053693876
AIKOC= 15.9178121143486
AIHalfLife= 1.42936870339327
EAppRate= 0
