ICQueenStrength= 2.00659028510563
RQWkrDrnRatio= 4.05444196145982
ICDroneMiteSurvivorship= 3.49656611215323
ICWorkerMiteSurvivorship= 42.4653265625238
ICForagerLifespan= 12.6531267194077
ImmType= Cosine
AIAdultSlopeContact= 0.637107535747346
AIAdultLD50Contact= 0.00490331014152616
AILarvaSlope= 3.225965363672
AILarvaLD50= 0.0227353459456936
AIKOW= 4.20566364936531
AIKOC= 18.3576577936765
AIHalfLife= 4.19868168281391
