ICQueenStrength= 2.95294643286616
RQWkrDrnRatio= 1.29574683401734
ICDroneMiteSurvivorship= 20.9265298210084
ICWorkerMiteSurvivorship= 97.2092461772263
ICForagerLifespan= 4.59166341554374
ImmType= Cosine
AIAdultSlope= 3.09661037730984
AIAdultLD50= 1.78696491708979
AIAdultSlopeContact= 2.74177867459366
AIAdultLD50Contact= 0.0160963849979453
AILarvaSlope= 0.214079810352996
AILarvaLD50= 0.0283063491806388
AIKOW= 6.9054813887924
AIKOC= 9.83179508592002
AIHalfLife= 10.0871078683995
EAppRate= 0.0887528799939901
