ICQueenStrength= 4.8082153047435
RQWkrDrnRatio= 3.80376416072249
ICDroneMiteSurvivorship= 25.8776140166447
ICWorkerMiteSurvivorship= 44.6034227730706
ICForagerLifespan= 11.7566689150408
ImmType= Cosine
AIAdultSlope= 3.78700873348862
