ICQueenStrength= 2.38715128647164
RQWkrDrnRatio= 2.98881749249995
ICDroneMiteSurvivorship= 58.863771893084
ICWorkerMiteSurvivorship= 29.5390301616862
ICForagerLifespan= 9.85843998752534
ImmType= Exponential
AIAdultSlope= 2.8718300672248
AIAdultLD50= 0.471682989271358
AIAdultSlopeContact= 1.33743659179425
AIAdultLD50Contact= 0.0283384349779226
AILarvaSlope= 2.80870488337241
AILarvaLD50= 0.830008435319178
AIKOW= 2.19123908178881
AIKOC= 18.000451924745
AIHalfLife= 0.577457928098738
EAppRate= 0.584310836391523
