ICQueenStrength= 5.42499272758141
RQWkrDrnRatio= 3.8363394504413
ICDroneMiteSurvivorship= 13.5203440673649
ICWorkerMiteSurvivorship= 88.21916221641
ICForagerLifespan= 13.5067902896553
ImmType= Exponential
AIAdultSlope= 3.28475035544252
AIAdultLD50= 0.491887229727581
AIAdultSlopeContact= 2.63410412738565
AIAdultLD50Contact= 0.0280288512469269
AILarvaSlope= 0.272038732841611
AILarvaLD50= 0.119780548964627
AIKOW= 7.85719925211743
AIKOC= 19.9138169479556
AIHalfLife= 2.16798319830559
EAppRate= 0
