ICQueenStrength= 4.49577154847793
RQWkrDrnRatio= 1.23465352877975
ICDroneMiteSurvivorship= 62.0658459374681
ICWorkerMiteSurvivorship= 29.1420288383961
ICForagerLifespan= 9.34397614654154
ImmType= Cosine
AIAdultSlope= 0.0268862450029701
AIAdultLD50= 2.64625474973582
AIAdultSlopeContact= 1.13226538182003
AIAdultLD50Contact= 0.0209572781459428
AILarvaSlope= 2.82736815586686
AILarvaLD50= 0.86381048806943
AIKOW= 7.23918310506269
AIKOC= 22.8597774123773
AIHalfLife= 9.40791791956872
EAppRate= 0.423860344337299
