ICQueenStrength= 1.33089643693529
RQWkrDrnRatio= 1.88097961619496
ICDroneMiteSurvivorship= 92.8814362501726
ICWorkerMiteSurvivorship= 37.9889352247119
ICForagerLifespan= 15.4969610087574
ImmType= Exponential
AIAdultSlope= 1.93407386890613
AIAdultLD50= 0.411630540154874
AIAdultSlopeContact= 3.72602104489692
AIAdultLD50Contact= 0.0419243231648579
AILarvaSlope= 2.58660078076646
AILarvaLD50= 0.791534315817989
AIKOW= 6.65469900052994
AIKOC= 25.8705655881204
AIHalfLife= 4.57379996194504
EAppRate= 0.482852265425026
