ICQueenStrength= 5.84745928202756
RQWkrDrnRatio= 3.99691698420793
ICDroneMiteSurvivorship= 67.4875158118084
ICWorkerMiteSurvivorship= 38.4886846644804
ICForagerLifespan= 4.49161033611745
ImmType= Sine
AIAdultSlope= 2.87775282559684
AIAdultLD50= 0.433391062775627
AIAdultSlopeContact= 0.562549209559802
AIAdultLD50Contact= 0.034685151418671
AILarvaSlope= 0.368240136420354
AILarvaLD50= 0.89486984568648
AIKOW= 2.7682634126395
AIKOC= 15.1675750687718
AIHalfLife= 4.05900354147889
EAppRate= 0.677207227819599
