ICQueenStrength= 2.95498239481822
RQWkrDrnRatio= 3.0821307618171
ICDroneMiteSurvivorship= 37.2145481407642
ICWorkerMiteSurvivorship= 6.093201902695
ICForagerLifespan= 7.47712585143745
ImmType= Sine
AIAdultSlopeContact= 2.39405410953797
AIAdultLD50Contact= 0.00700732746627182
AILarvaSlope= 1.53425791282207
AILarvaLD50= 0.368467479385436
AIKOW= 4.41961056133732
AIKOC= 7.45125052169897
AIHalfLife= 12.0939798750915
