ICQueenStrength= 1.36206239368767
RQWkrDrnRatio= 2.56083277799189
ICDroneMiteSurvivorship= 50.8664831286296
ICWorkerMiteSurvivorship= 71.8277770793065
ICForagerLifespan= 5.64128929655999
ImmType= Sine
AIAdultSlopeContact= 3.64509031747235
AIAdultLD50Contact= 0.0489344652043656
AILarvaSlope= 0.495912819262594
AILarvaLD50= 0.0675078980159014
AIKOW= 4.51816701563075
AIKOC= 19.6437311486807
AIHalfLife= 8.13865605089813
