ICQueenStrength= 2.09299986623228
RQWkrDrnRatio= 2.23485808074474
ICDroneMiteSurvivorship= 99.5129975024611
ICWorkerMiteSurvivorship= 46.5176642173901
ICForagerLifespan= 12.7749710120261
ImmType= Exponential
AIAdultSlope= 1.88115218933439
AIAdultLD50= 0.20876144466456
AIAdultSlopeContact= 3.77300742399646
AIAdultLD50Contact= 0.0116518187569454
AILarvaSlope= 0.451369883585721
AILarvaLD50= 0.241745966300368
AIKOW= 6.3835629443638
AIKOC= 24.0639084437862
AIHalfLife= 0.580201406264678
EAppRate= 0.159140640776604
