ICQueenStrength= 5.55676048411988
RQWkrDrnRatio= 3.70592106133699
ICDroneMiteSurvivorship= 56.4593125600368
ICWorkerMiteSurvivorship= 40.8932191319764
ICForagerLifespan= 13.1919703092426
ImmType= Exponential
AIAdultSlope= 3.37995311943814
