ICQueenStrength= 1.34825915005058
RQWkrDrnRatio= 4.42548020090908
ICDroneMiteSurvivorship= 89.2713129054755
ICWorkerMiteSurvivorship= 81.2620386946946
ICForagerLifespan= 12.8782284148037
ImmType= Sine
AIAdultSlope= 2.75454221758991
AIAdultLD50= 0.22506588161923
AIAdultSlopeContact= 4.33132601901889
AIAdultLD50Contact= 0.0821656903717667
AILarvaSlope= 1.07709249481559
AILarvaLD50= 1.67364325933158
AIKOW= 42.6864649169147
AIKOC= 17.9084793897346
AIHalfLife= 8.17865107953548
EAppRate= 0.650042662397027
