ICQueenStrength= 5.28318698774092
RQWkrDrnRatio= 3.44633032940328
ICDroneMiteSurvivorship= 21.5659079374745
ICWorkerMiteSurvivorship= 71.2236168794334
ICForagerLifespan= 13.2245783768594
ImmType= Tangent
AIAdultSlope= 0.842421261547133
AIAdultLD50= 2.84150939108804
AIAdultSlopeContact= 1.14094788392773
AIAdultLD50Contact= 0.0395756546990015
AILarvaSlope= 1.15983359636739
AILarvaLD50= 0.0471796900732443
AIKOW= 2.48148969234899
AIKOC= 26.2620103789959
AIHalfLife= 8.18549613747746
EAppRate= 0.391084049362689
