ICQueenStrength= 3.27594126365148
RQWkrDrnRatio= 2.83811970613897
ICDroneMiteSurvivorship= 20.1281391084194
ICWorkerMiteSurvivorship= 45.2548787696287
ICForagerLifespan= 11.2524103010073
ImmType= Tangent
AIAdultSlope= 3.04651461692294
AIAdultLD50= 0.184236587258056
AIAdultSlopeContact= 1.33847998408601
AIAdultLD50Contact= 0.016480556933675
AILarvaSlope= 0.346473144553602
AILarvaLD50= 0.315052375663072
AIKOW= 6.4922739919275
AIKOC= 6.61775999586098
AIHalfLife= 4.14355730754323
EAppRate= 0
