ICQueenStrength= 3.07959245308302
RQWkrDrnRatio= 2.78481396660209
ICDroneMiteSurvivorship= 83.5727766854689
ICWorkerMiteSurvivorship= 38.4145938558504
ICForagerLifespan= 8.97637864388525
ImmType= Sine
AIAdultSlope= 1.61139392415062
AIAdultLD50= 0.218509844038635
AIAdultSlopeContact= 3.65743290631799
AIAdultLD50Contact= 0.00920413576532155
AILarvaSlope= 1.90231065754779
AILarvaLD50= 0.593732847715728
AIKOW= 6.59470353927463
AIKOC= 10.2546920720488
AIHalfLife= 9.85792749235407
EAppRate= 0.530148863559589
