ICQueenStrength= 3.27353010443039
RQWkrDrnRatio= 1.93041586875916
ICDroneMiteSurvivorship= 49.2555467644706
ICWorkerMiteSurvivorship= 99.7823176207021
ICForagerLifespan= 11.7112958431244
ImmType= Tangent
AIAdultSlope= 3.46626913370797
AIAdultLD50= 0.135333652608097
AIAdultSlopeContact= 3.71889189649606
AIAdultLD50Contact= 0.0452775224344805
AILarvaSlope= 3.38882215563208
AILarvaLD50= 0.669912001211196
AIKOW= 2.52581484196708
AIKOC= 10.738931131782
AIHalfLife= 1.49888950283639
EAppRate= 0.233085727621801
