ICQueenStrength= 4.38944087619893
RQWkrDrnRatio= 3.83183235675097
ICDroneMiteSurvivorship= 90.5724958982319
ICWorkerMiteSurvivorship= 83.0647137016058
ICForagerLifespan= 12.8866285402328
ImmType= Sine
AIAdultSlope= 0.308392575150356
AIAdultLD50= 1.72041366482154
AIAdultSlopeContact= 3.28875338876154
AIAdultLD50Contact= 0.0169014082872309
AILarvaSlope= 3.19376547350548
AILarvaLD50= 0.732711022300646
AIKOW= 4.66668169992045
AIKOC= 17.8759876475669
AIHalfLife= 4.90742126386613
EAppRate= 0.593610173556954
