ICQueenStrength= 3.39305788185447
RQWkrDrnRatio= 4.45305783487856
ICDroneMiteSurvivorship= 12.0991294272244
ICWorkerMiteSurvivorship= 14.7957874229178
ICForagerLifespan= 6.38352296315134
ImmType= Polynomial
AIAdultSlope= 0.97640030765906
AIAdultLD50= 0.600725362775847
AIAdultSlopeContact= 1.55410019200528
AIAdultLD50Contact= 0.0352749029640108
AILarvaSlope= 0.163891851669177
AILarvaLD50= 0.882123067276552
AIKOW= 6.43398476345465
AIKOC= 8.92815223312937
AIHalfLife= 4.11448177229613
EAppRate= 0.417376816971228
