ICQueenStrength= 1.68029380287044
RQWkrDrnRatio= 2.4113156767562
ICDroneMiteSurvivorship= 45.1572173275054
ICWorkerMiteSurvivorship= 62.193656899035
ICForagerLifespan= 13.7809725822881
ImmType= Polynomial
AIAdultSlopeContact= 1.40168689327547
AIAdultLD50Contact= 0.0245233352063224
AILarvaSlope= 3.22190783452243
AILarvaLD50= 0.802472692541778
AIKOW= 5.28386375540867
AIKOC= 14.3478726164903
AIHalfLife= 3.93205485492945
