ICQueenStrength= 5.78175778524019
RQWkrDrnRatio= 1.98394536040723
ICDroneMiteSurvivorship= 32.7148684300482
ICWorkerMiteSurvivorship= 35.1950586307794
ICForagerLifespan= 13.6771926879883
ImmType= Sine
AIAdultLD50= 0.154012839635834
AIAdultSlopeContact= 3.19300099039916
AIAdultLD50Contact= 0.0249752235715277
AILarvaSlope= 2.82682117600925
AILarvaLD50= 0.183723571384326
AIKOW= 4.36824270058423
AIKOC= 24.758270814782
AIHalfLife= 7.21132110664621
EAppRate= 0.912139256950468
