ICQueenStrength= 3.01832039398141
RQWkrDrnRatio= 4.43725898861885
ICDroneMiteSurvivorship= 33.4691050695255
ICWorkerMiteSurvivorship= 71.4891002746299
ICForagerLifespan= 6.68641144689173
ImmType= Exponential
AIAdultSlopeContact= 0.489670798683073
AIAdultLD50Contact= 0.0260704905958846
AILarvaSlope= 2.3427916015964
AILarvaLD50= 0.0569396265316755
AIKOW= 4.82999961730093
AIKOC= 23.620468507288
AIHalfLife= 5.03601937834173
