ICQueenStrength= 5.08586228499189
RQWkrDrnRatio= 2.08803023956716
ICDroneMiteSurvivorship= 18.4911754447967
ICWorkerMiteSurvivorship= 33.2250694278628
ICForagerLifespan= 14.49429973308
ImmType= Polynomial
AIAdultLD50= 0.154012839635834
AIAdultSlopeContact= 1.10364825082244
AIAdultLD50Contact= 0.020797059731558
AILarvaSlope= 0.568028040463105
AILarvaLD50= 0.0286262449342757
AIKOW= 3.75232384959236
AIKOC= 9.9609826062806
AIHalfLife= 10.7679675980471
EAppRate= 1.67226487770677
