ICQueenStrength= 5.26531125791371
RQWkrDrnRatio= 4.51699770893902
ICDroneMiteSurvivorship= 58.7580872466788
ICWorkerMiteSurvivorship= 25.0144201563671
ICForagerLifespan= 4.9642279362306
ImmType= Tangent
AIAdultSlope= 2.35390266929753
AIAdultLD50= 0.807118857046589
AIAdultSlopeContact= 0.579560063634999
AIAdultLD50Contact= 0.0341373243951239
AILarvaSlope= 1.94545502443798
AILarvaLD50= 0.0959703934611753
AIKOW= 6.58351793000475
AIKOC= 11.0863038001116
AIHalfLife= 4.61099279532209
EAppRate= 0.858206699136645
