ICQueenStrength= 3.8156302543357
RQWkrDrnRatio= 3.89989343378693
ICDroneMiteSurvivorship= 56.8054092349485
ICWorkerMiteSurvivorship= 15.744787408039
ICForagerLifespan= 4.75127743836492
ImmType= Cosine
AIAdultSlope= 1.217735095229
AIAdultLD50= 0.482561171287671
AIAdultSlopeContact= 0.343716919098515
AIAdultLD50Contact= 0.0192520922748372
AILarvaSlope= 0.286752688838169
AILarvaLD50= 0.406208237679675
AIKOW= 4.222698262427
AIKOC= 10.8311265835073
AIHalfLife= 4.55892513412982
EAppRate= 0.410890529630706
