ICQueenStrength= 4.85564038297161
RQWkrDrnRatio= 3.30888290982693
ICDroneMiteSurvivorship= 54.4615303166211
ICWorkerMiteSurvivorship= 82.9122761031613
ICForagerLifespan= 8.44504891615361
ImmType= Polynomial
AIAdultSlope= 0.492122433194891
AIAdultSlopeContact= 0.783768957057037
AIAdultLD50Contact= 0.0400177610688843
AILarvaSlope= 1.93931229226291
AILarvaLD50= 0.203731416910887
AIKOW= 3.48603907274082
AIKOC= 6.15805414970964
AIHalfLife= 6.22065094811842
