ICQueenStrength= 4.18543599336408
RQWkrDrnRatio= 2.41192137356848
ICDroneMiteSurvivorship= 47.2777034388855
ICWorkerMiteSurvivorship= 43.6102469917387
ICForagerLifespan= 13.9511427935213
ImmType= Polynomial
AIAdultLD50= 0.154012839635834
AIAdultSlopeContact= 2.99554033077322
AIAdultLD50Contact= 0.00967457699589431
AILarvaSlope= 0.386467404477298
AILarvaLD50= 0.0793380560120568
AIKOW= 6.54973826790228
AIKOC= 15.0715911423322
AIHalfLife= 5.40660189371556
EAppRate= 1.42569932807237
