ICQueenStrength= 1.00506615964696
RQWkrDrnRatio= 1.2344977427274
ICDroneMiteSurvivorship= 31.2198063824326
ICWorkerMiteSurvivorship= 12.0755675714463
ICForagerLifespan= 5.44407013896853
ImmType= Polynomial
AIAdultLD50= 0.154012839635834
AIAdultSlopeContact= 2.87343904449139
AIAdultLD50Contact= 0.0488722962327302
AILarvaSlope= 2.84963204786181
AILarvaLD50= 0.209499421482906
AIKOW= 6.45952564617619
AIKOC= 25.0539314246271
AIHalfLife= 11.9030590262264
EAppRate= 1.59692639345303
