ICQueenStrength= 3.21707980032079
RQWkrDrnRatio= 2.243533144705
ICDroneMiteSurvivorship= 1.57924627419561
ICWorkerMiteSurvivorship= 63.761212863028
ICForagerLifespan= 4.48536820709705
ImmType= Polynomial
AIAdultSlope= 8.48438431508839
