ICQueenStrength= 5.84636158449575
RQWkrDrnRatio= 2.77327766548842
ICDroneMiteSurvivorship= 69.605991221033
ICWorkerMiteSurvivorship= 23.6126809148118
ICForagerLifespan= 14.7549210982397
ImmType= Logarithmic
AIAdultSlope= 1.90510037839413
AIAdultLD50= 2.78378750919364
AIAdultSlopeContact= 0.88615335366223
AIAdultLD50Contact= 0.0302507051033899
AILarvaSlope= 0.468164546974003
AILarvaLD50= 0.659657152555883
AIKOW= 3.4884630003944
AIKOC= 17.4883319367655
AIHalfLife= 0.453632595017552
EAppRate= 0.996888747205958
