ICQueenStrength= 4.02519253571518
RQWkrDrnRatio= 4.65938224922866
ICDroneMiteSurvivorship= 10.4437880916521
ICWorkerMiteSurvivorship= 1.98147727642208
ICForagerLifespan= 11.8747641639784
ImmType= Sine
AIAdultSlopeContact= 2.46581882704049
AIAdultLD50Contact= 0.116421641642228
AILarvaSlope= 8.23151097167283
AILarvaLD50= 1.67142825899646
AIKOW= 16.5408317465335
AIKOC= 19.8235427262262
AIHalfLife= 7.56186271226034
