ICQueenStrength= 2.40551466494799
RQWkrDrnRatio= 3.90951185952872
ICDroneMiteSurvivorship= 55.7213003048673
ICWorkerMiteSurvivorship= 41.5956441313028
ICForagerLifespan= 14.3403746923432
ImmType= Exponential
AIAdultSlope= 7.83622234361246
