ICQueenStrength= 3.05909101641737
RQWkrDrnRatio= 2.15106813423336
ICDroneMiteSurvivorship= 68.8425368396565
ICWorkerMiteSurvivorship= 63.0359521135688
ICForagerLifespan= 4.57670093886554
ImmType= Polynomial
AIAdultSlope= 2.73385381372645
AIAdultSlopeContact= 1.70465815426083
AIAdultLD50Contact= 0.0200392143684439
AILarvaSlope= 1.32228733128868
AILarvaLD50= 0.662860942468979
AIKOW= 4.40392899001017
AIKOC= 9.47871623910032
AIHalfLife= 8.13325416762382
