ICQueenStrength= 1.26745634851977
RQWkrDrnRatio= 2.65215237811208
ICDroneMiteSurvivorship= 61.3172198180109
ICWorkerMiteSurvivorship= 1.23683176934719
ICForagerLifespan= 7.89008080773056
ImmType= Tangent
AIAdultSlope= 2.11648904965259
AIAdultLD50= 1.25671349116601
AIAdultSlopeContact= 0.679499423461966
AIAdultLD50Contact= 0.0305127959116362
AILarvaSlope= 0.335908124176785
AILarvaLD50= 0.546848174231127
AIKOW= 6.56962678069249
AIKOC= 19.3249458575156
AIHalfLife= 4.50503595313057
EAppRate= 0.565314712701365
