ICQueenStrength= 2.26054354012012
RQWkrDrnRatio= 3.49088355340064
ICDroneMiteSurvivorship= 27.1089534973726
ICWorkerMiteSurvivorship= 13.4376484202221
ICForagerLifespan= 9.05489841569215
ImmType= Polynomial
AIAdultSlope= 2.42562605869025
AIAdultLD50= 2.11339996545576
AIAdultSlopeContact= 1.53947865338065
AIAdultLD50Contact= 0.042228734458331
AILarvaSlope= 0.65927511472255
AILarvaLD50= 0.749666112475097
AIKOW= 7.18260834878311
AIKOC= 18.0905583850108
AIHalfLife= 0.339689143467695
EAppRate= 0.955079326638952
