ICQueenStrength= 4.43671751441434
RQWkrDrnRatio= 3.38103590812534
ICDroneMiteSurvivorship= 72.9628027416766
ICWorkerMiteSurvivorship= 99.5705046691
ICForagerLifespan= 7.83380550052971
ImmType= Tangent
AIAdultSlope= 3.70778502160683
AIAdultLD50= 0.108228942495771
AIAdultSlopeContact= 0.293406958070118
AIAdultLD50Contact= 0.0221585836727172
AILarvaSlope= 1.49137555533089
AILarvaLD50= 0.190828647930175
AIKOW= 2.82232003007084
AIKOC= 28.3783814124763
AIHalfLife= 2.30716849444434
EAppRate= 0.63694669555407
