ICQueenStrength= 2.12964995903894
RQWkrDrnRatio= 2.21290003880858
ICDroneMiteSurvivorship= 41.9350846670568
ICWorkerMiteSurvivorship= 3.2476520864293
ICForagerLifespan= 11.8454984081909
ImmType= Tangent
AIAdultSlope= 1.64497754151234
AIAdultLD50= 0.395944639807567
AIAdultSlopeContact= 1.02815964125795
AIAdultLD50Contact= 0.00165024546440691
AILarvaSlope= 0.937319712666795
AILarvaLD50= 0.756485037133098
AIKOW= 7.6352158091031
AIKOC= 17.0221218909137
AIHalfLife= 4.70365046407096
EAppRate= 0
