ICQueenStrength= 1.03360155504197
RQWkrDrnRatio= 1.11638629250228
ICDroneMiteSurvivorship= 61.6214980604127
ICWorkerMiteSurvivorship= 66.8730354169384
ICForagerLifespan= 5.91231731697917
ImmType= Polynomial
AIAdultSlopeContact= 2.5002929870761
AIAdultLD50Contact= 0.0172512666438706
AILarvaSlope= 2.90079365046695
AILarvaLD50= 0.406432588328607
AIKOW= 2.86208346299827
AIKOC= 20.4236128961202
AIHalfLife= 10.908739797771
