ICQueenStrength= 5.91044502006844
RQWkrDrnRatio= 2.93002107460052
ICDroneMiteSurvivorship= 66.6679913876578
ICWorkerMiteSurvivorship= 10.4629782726988
ICForagerLifespan= 15.2383935144171
ImmType= Sine
AIAdultSlope= 8.01033809781075
