ICQueenStrength= 3.91724335635081
RQWkrDrnRatio= 2.14325423166156
ICDroneMiteSurvivorship= 97.8701508371159
ICWorkerMiteSurvivorship= 52.4056047433987
ICForagerLifespan= 12.590811974369
ImmType= Logarithmic
AIAdultSlope= 3.47228657409316
AIAdultLD50= 0.302145581343211
AIAdultSlopeContact= 3.00408739187988
AIAdultLD50Contact= 0.0147870967397466
AILarvaSlope= 1.82459415928461
AILarvaLD50= 0.198145548789762
AIKOW= 3.25146076548845
AIKOC= 17.723382510012
AIHalfLife= 4.50869996799156
EAppRate= 0.0185853085713461
