ICQueenStrength= 2.73142461688258
RQWkrDrnRatio= 4.65468361694366
ICDroneMiteSurvivorship= 83.7341175414622
ICWorkerMiteSurvivorship= 67.6017005927861
ICForagerLifespan= 6.24634618591517
ImmType= Polynomial
AIAdultSlope= 1.01167849022895
AIAdultLD50= 1.98719084216282
AIAdultSlopeContact= 0.671215398022905
AIAdultLD50Contact= 0.0115339753450826
AILarvaSlope= 1.43410811340436
AILarvaLD50= 0.623262438643724
AIKOW= 5.74622602714226
AIKOC= 15.0443629082292
AIHalfLife= 1.69832309987396
EAppRate= 0.800510948058218
