ICQueenStrength= 4.23640365153551
RQWkrDrnRatio= 2.37079688813537
ICDroneMiteSurvivorship= 83.4858027752489
ICWorkerMiteSurvivorship= 76.7539096763358
ICForagerLifespan= 14.8958252519369
ImmType= Exponential
AIAdultSlope= 0.448441046662629
AIAdultLD50= 1.96511526941322
AIAdultSlopeContact= 0.130178867569193
AIAdultLD50Contact= 0.0287690847646445
AILarvaSlope= 1.58176150950603
AILarvaLD50= 0.544759816559963
AIKOW= 3.005227079615
AIKOC= 7.82338812248781
AIHalfLife= 13.918491825927
EAppRate= 0.823021123185754
