ICQueenStrength= 3.82377098221332
RQWkrDrnRatio= 4.41717102006078
ICDroneMiteSurvivorship= 10.1308772573248
ICWorkerMiteSurvivorship= 13.0131915910169
ICForagerLifespan= 15.2448860052973
ImmType= Exponential
AIAdultSlopeContact= 1.26441579762613
AIAdultLD50Contact= 0.0386082587530837
AILarvaSlope= 0.283734107855707
AILarvaLD50= 0.867268575076014
AIKOW= 2.1262621730566
AIKOC= 28.2206152752042
AIHalfLife= 4.5165104046464
