ICQueenStrength= 4.92528849374503
RQWkrDrnRatio= 3.8798718014732
