ICQueenStrength= 4.62065074965358
RQWkrDrnRatio= 3.97821856942028
ICDroneMiteSurvivorship= 62.4514060327783
ICWorkerMiteSurvivorship= 84.8328001098707
ICForagerLifespan= 8.58122108038515
ImmType= Cosine
AIAdultSlope= 1.50571179022081
AIAdultSlopeContact= 0.61198094295105
AIAdultLD50Contact= 0.00647383806062862
AILarvaSlope= 2.2029657213483
AILarvaLD50= 0.577836890844628
AIKOW= 6.19979045493528
AIKOC= 27.0184730074834
AIHalfLife= 7.07939345063642
