ICQueenStrength= 4.33136273780838
RQWkrDrnRatio= 3.0035713519901
ICDroneMiteSurvivorship= 30.5131992558017
ICWorkerMiteSurvivorship= 3.05821225047112
ICForagerLifespan= 4.79109415505081
ImmType= Sine
AIAdultSlope= 2.29031885508448
