ICQueenStrength= 3.57140649133362
RQWkrDrnRatio= 1.95990268141031
ICDroneMiteSurvivorship= 6.99680827092379
ICWorkerMiteSurvivorship= 47.8249155683443
ICForagerLifespan= 12.005230425857
ImmType= Tangent
AIAdultSlope= 3.24172637169249
AIAdultLD50= 2.21984838950448
AIAdultSlopeContact= 3.45000381408725
AIAdultLD50Contact= 0.0333223096211441
AILarvaSlope= 3.29095099261031
AILarvaLD50= 0.319814307312481
AIKOW= 7.5953622860834
AIKOC= 24.6315637615044
AIHalfLife= 0.890454243402928
EAppRate= 0.213982728309929
