ICQueenStrength= 4.1254818988964
RQWkrDrnRatio= 2.55513882450759
ICDroneMiteSurvivorship= 92.7897789515555
ICWorkerMiteSurvivorship= 41.8674282729626
ICForagerLifespan= 4.71465263701975
ImmType= Sine
AIAdultSlope= 2.89285647682846
AIAdultLD50= 0.140646715648472
AIAdultSlopeContact= 7.34198417514563
AIAdultLD50Contact= 0.12693647891283
AILarvaSlope= 2.10369640728459
AILarvaLD50= 1.4084114166908
AIKOW= 79.3756442377344
AIKOC= 76.1691546533257
AIHalfLife= 7.66499849874526
EAppRate= 1.36472680559382
