ICQueenStrength= 2.72564871958457
RQWkrDrnRatio= 3.2176904650405
ICDroneMiteSurvivorship= 72.4818367045373
ICWorkerMiteSurvivorship= 35.4233385529369
ICForagerLifespan= 12.8615285316482
ImmType= Tangent
AIAdultSlope= 3.03088342081755
AIAdultLD50= 1.21490640286356
AIAdultSlopeContact= 3.50337729612133
AIAdultLD50Contact= 0.0421301656751893
AILarvaSlope= 0.783269781759009
AILarvaLD50= 0.0725493502104655
AIKOW= 2.54481000173837
AIKOC= 19.0364015940577
AIHalfLife= 4.31992989452556
EAppRate= 0.701197068672627
