ICQueenStrength= 3.14476491441019
RQWkrDrnRatio= 3.27693965099752
ICDroneMiteSurvivorship= 32.9531831433997
ICWorkerMiteSurvivorship= 9.82226005289704
ICForagerLifespan= 10.4215210014954
ImmType= Tangent
AIAdultSlope= 3.35139726754278
