ICQueenStrength= 2.9790485186968
RQWkrDrnRatio= 3.39394610840827
ICDroneMiteSurvivorship= 13.6285725515336
ICWorkerMiteSurvivorship= 35.0068208295852
ICForagerLifespan= 9.6705349041149
ImmType= Tangent
AIAdultSlope= 2.66919429595582
AIAdultLD50= 0.343294157646596
AIAdultSlopeContact= 3.01657119736075
AIAdultLD50Contact= 0.0199174217064865
AILarvaSlope= 1.56163625200279
AILarvaLD50= 0.116080297878943
AIKOW= 2.4690351174213
AIKOC= 13.7131122534629
AIHalfLife= 7.94415231887251
EAppRate= 0.396953740390018
