ICQueenStrength= 5.71738799591549
RQWkrDrnRatio= 3.99821989238262
ICDroneMiteSurvivorship= 22.722440212965
ICWorkerMiteSurvivorship= 20.6106893252581
ICForagerLifespan= 13.5662176758051
ImmType= Exponential
AIAdultSlope= 0.693638509965967
AIAdultLD50= 0.477162357768975
AIAdultSlopeContact= 0.333088473882526
AIAdultLD50Contact= 0.0335285228793509
AILarvaSlope= 1.00538693428971
AILarvaLD50= 0.641016215644777
AIKOW= 3.1549822492525
AIKOC= 20.9863349224906
AIHalfLife= 1.07270306092687
EAppRate= 0.213077606144361
