ICQueenStrength= 5.83599116909318
RQWkrDrnRatio= 3.42959635332227
ICDroneMiteSurvivorship= 28.1404410023242
ICWorkerMiteSurvivorship= 95.8415553439409
ICForagerLifespan= 10.3294334765524
ImmType= Cosine
AIAdultSlope= 0.511498226977419
AIAdultLD50= 0.104191556572914
AIAdultSlopeContact= 1.85915960553568
AIAdultLD50Contact= 0.0378487251582555
AILarvaSlope= 0.400821724813431
AILarvaLD50= 0.192024748027325
AIKOW= 6.09903363650665
AIKOC= 8.52921841549687
AIHalfLife= 4.72675764118321
EAppRate= 0.0607479623053223
