ICQueenStrength= 1.51334556750953
RQWkrDrnRatio= 3.21758187189698
