ICQueenStrength= 2.82240513968281
RQWkrDrnRatio= 1.92838852573186
ICDroneMiteSurvivorship= 14.8477578768507
ICWorkerMiteSurvivorship= 25.8460454409942
ICForagerLifespan= 12.5664424905553
ImmType= Tangent
AIAdultSlope= 0.717164427321404
AIAdultSlopeContact= 2.38005983571522
AIAdultLD50Contact= 0.0443850000505336
AILarvaSlope= 1.43509675227106
AILarvaLD50= 0.477482803305611
AIKOW= 5.09952640673146
AIKOC= 10.2192464529071
AIHalfLife= 1.87859607394785
