ICQueenStrength= 4.60364724998362
RQWkrDrnRatio= 3.36736539099365
ICDroneMiteSurvivorship= 22.1500528976321
ICWorkerMiteSurvivorship= 98.4100013040006
ICForagerLifespan= 5.91380065120757
ImmType= Exponential
AIAdultSlope= 9.08912520157173
