ICQueenStrength= 3.97346304403618
RQWkrDrnRatio= 1.48630817141384
ICDroneMiteSurvivorship= 15.9161629155278
ICWorkerMiteSurvivorship= 97.6813190383837
ICForagerLifespan= 7.84534086566418
ImmType= Cosine
AIAdultSlope= 1.81669722342398
AIAdultLD50= 0.301414071931504
AIAdultSlopeContact= 2.07432224084856
AIAdultLD50Contact= 0.0463439786923118
AILarvaSlope= 0.282178118266165
AILarvaLD50= 0.199311698460951
AIKOW= 5.47146581625566
AIKOC= 14.4422311405651
AIHalfLife= 2.9776509385556
EAppRate= 0
