ICQueenStrength= 3.67263068538159
RQWkrDrnRatio= 2.14041489176452
