ICQueenStrength= 1.03842857200652
RQWkrDrnRatio= 2.45038326270878
ICDroneMiteSurvivorship= 78.1936743529513
ICWorkerMiteSurvivorship= 4.68153264373541
ICForagerLifespan= 4.78389516472816
ImmType= Polynomial
AIAdultSlope= 0.407538761305623
AIAdultLD50= 0.249830161686987
AIAdultSlopeContact= 3.72219468723983
AIAdultLD50Contact= 0.0432519406196661
AILarvaSlope= 2.25594617947936
AILarvaLD50= 0.410517548653297
AIKOW= 2.09260319499299
AIKOC= 25.9542329772376
AIHalfLife= 3.34126610425301
EAppRate= 0.614658362208865
