ICQueenStrength= 4.23806103784591
RQWkrDrnRatio= 4.52578513137996
ICDroneMiteSurvivorship= 27.468205220066
ICWorkerMiteSurvivorship= 19.4363947026432
ICForagerLifespan= 6.31234376318753
ImmType= Cosine
AIAdultSlope= 0.611296024289913
AIAdultLD50= 0.279536917572841
AIAdultSlopeContact= 3.22688491783105
AIAdultLD50Contact= 0.00329559122910723
AILarvaSlope= 2.23844679561444
AILarvaLD50= 0.402048638393171
AIKOW= 3.75866698753089
AIKOC= 23.0892659001984
AIHalfLife= 3.94472710671835
EAppRate= 0.408076361240819
