ICQueenStrength= 3.81647256459109
RQWkrDrnRatio= 4.29178545903414
ICDroneMiteSurvivorship= 77.653304557316
ICWorkerMiteSurvivorship= 59.672526223585
ICForagerLifespan= 6.71654440835118
ImmType= Polynomial
AIAdultSlope= 2.66422635187162
AIAdultLD50= 0.475416991044767
AIAdultSlopeContact= 2.68279958819971
AIAdultLD50Contact= 0.0442295840359293
AILarvaSlope= 2.46670130440034
AILarvaLD50= 0.652998694195412
AIKOW= 5.84998868266121
AIKOC= 14.8293574643321
AIHalfLife= 3.25185320107266
EAppRate= 0
