ICQueenStrength= 4.511452882085
RQWkrDrnRatio= 4.33437507413328
ICDroneMiteSurvivorship= 61.6102939937264
ICWorkerMiteSurvivorship= 15.2498298324645
ICForagerLifespan= 8.05271932017058
ImmType= Tangent
AIAdultSlope= 0.991553011070937
AIAdultLD50= 2.2069449420087
AIAdultSlopeContact= 2.903736997589
AIAdultLD50Contact= 0.0324810295947827
AILarvaSlope= 3.3158310291823
AILarvaLD50= 0.342675087391399
AIKOW= 5.62397811515257
AIKOC= 10.2974362042733
AIHalfLife= 2.27834575297311
EAppRate= 0.0159981455653906
