ICQueenStrength= 2.19682322372682
RQWkrDrnRatio= 3.58716189861298
ICDroneMiteSurvivorship= 84.7549891332164
ICWorkerMiteSurvivorship= 45.5399805214256
ICForagerLifespan= 7.83374231494963
ImmType= Logarithmic
AIAdultSlope= 1.67238426995929
AIAdultLD50= 0.0597190789412707
AIAdultSlopeContact= 1.51339634867851
AIAdultLD50Contact= 0.00908680107677355
AILarvaSlope= 2.99018878010102
AILarvaLD50= 0.27249713097699
AIKOW= 3.3673676950857
AIKOC= 12.7066176978406
AIHalfLife= 4.3506116559729
EAppRate= 0.6578115304932
