ICQueenStrength= 3.92872157297097
RQWkrDrnRatio= 3.30181397218257
ICDroneMiteSurvivorship= 91.6231588227674
ICWorkerMiteSurvivorship= 76.3537360820919
ICForagerLifespan= 11.646551030688
ImmType= Tangent
AIAdultSlope= 2.55568158575334
AIAdultLD50= 2.58624336775392
AIAdultSlopeContact= 3.34604065263178
AIAdultLD50Contact= 0.0163828901131637
AILarvaSlope= 2.94024146012962
AILarvaLD50= 0.656145990919322
AIKOW= 3.70215283241123
AIKOC= 6.03422423708253
AIHalfLife= 6.09289427101612
EAppRate= 0.0817404661793262
