ICQueenStrength= 3.08443554933183
RQWkrDrnRatio= 2.21301282290369
ICDroneMiteSurvivorship= 13.5918131330982
ICWorkerMiteSurvivorship= 19.7017536032945
ICForagerLifespan= 6.28682413417846
ImmType= Tangent
AIAdultSlope= 2.45961731460644
AIAdultLD50= 0.391854971065186
AIAdultSlopeContact= 3.44314954177011
AIAdultLD50Contact= 0.0330341201508418
AILarvaSlope= 2.23860071585514
AILarvaLD50= 0.289523586560972
AIKOW= 3.70773224206641
AIKOC= 19.3205567903351
AIHalfLife= 4.05583153362386
EAppRate= 0.465926517429762
