ICQueenStrength= 4.16537047969177
RQWkrDrnRatio= 4.24005315359682
ICDroneMiteSurvivorship= 99.1899471031502
ICWorkerMiteSurvivorship= 95.6297122873366
ICForagerLifespan= 7.52904444932938
ImmType= Logarithmic
AIAdultSlope= 1.33881212128326
AIAdultLD50= 1.0532661632169
AIAdultSlopeContact= 2.27931767096976
AIAdultLD50Contact= 0.00847767523955554
AILarvaSlope= 1.75943475617096
AILarvaLD50= 0.511117851245217
AIKOW= 3.29320993693545
AIKOC= 14.0223725594115
AIHalfLife= 7.3789455271326
EAppRate= 0.393123698187992
