ICQueenStrength= 1.05652234191075
RQWkrDrnRatio= 3.18689126707613
ICDroneMiteSurvivorship= 94.8983351467177
ICWorkerMiteSurvivorship= 12.4770294642076
ICForagerLifespan= 15.0705966027454
ImmType= Tangent
AIAdultSlope= 2.6406320004724
AIAdultLD50= 2.88984423642978
AIAdultSlopeContact= 1.48833673201036
AIAdultLD50Contact= 0.0430320218089037
AILarvaSlope= 0.104434755863622
AILarvaLD50= 0.144574622553773
AIKOW= 7.34318049438298
AIKOC= 25.7865275675431
AIHalfLife= 1.7019973504357
EAppRate= 0.250676087569445
