ICQueenStrength= 1.21606812137179
RQWkrDrnRatio= 1.15388277638704
ICDroneMiteSurvivorship= 37.2573677217588
ICWorkerMiteSurvivorship= 50.7071302738041
ICForagerLifespan= 6.0976436631754
ImmType= Exponential
AIAdultSlope= 1.83121230220422
