ICQueenStrength= 3.37567089614458
RQWkrDrnRatio= 3.69339102320373
ICDroneMiteSurvivorship= 88.0969162099063
ICWorkerMiteSurvivorship= 55.411290214397
ICForagerLifespan= 6.61196714360267
ImmType= Exponential
AIAdultSlope= 2.40450476696715
AIAdultLD50= 0.844633359694853
AIAdultSlopeContact= 3.44014322260162
AIAdultLD50Contact= 0.00139853270957246
AILarvaSlope= 1.37550913109444
AILarvaLD50= 0.269477211940102
AIKOW= 6.74595189886168
AIKOC= 5.28213841724209
AIHalfLife= 12.5688256369904
EAppRate= 0.318902891594917
