ICQueenStrength= 4.02853949833661
RQWkrDrnRatio= 1.42429338954389
ICDroneMiteSurvivorship= 69.6415758458897
ICWorkerMiteSurvivorship= 10.0960461888462
ICForagerLifespan= 10.6681218538433
ImmType= Tangent
AIAdultSlope= 1.73171097119339
AIAdultLD50= 2.95567297632806
AIAdultSlopeContact= 2.58128011111636
AIAdultLD50Contact= 0.040829325793311
AILarvaSlope= 0.0678869197145104
AILarvaLD50= 0.0042057823156938
AIKOW= 3.13234068779275
AIKOC= 25.6980846356601
AIHalfLife= 10.2257726821117
EAppRate= 0.174181571463123
