ICQueenStrength= 2.0499917762354
RQWkrDrnRatio= 2.01861887890846
