ICQueenStrength= 1.16730087809265
RQWkrDrnRatio= 1.26622119545937
ICDroneMiteSurvivorship= 85.3034262778237
ICWorkerMiteSurvivorship= 80.1471006125212
ICForagerLifespan= 6.51030632853508
ImmType= Polynomial
AIAdultSlope= 2.45323420874774
AIAdultSlopeContact= 1.38562855950091
AIAdultLD50Contact= 0.044253228220623
AILarvaSlope= 1.8892991439905
AILarvaLD50= 0.72454627873376
AIKOW= 4.61406055185944
AIKOC= 7.06051170243882
AIHalfLife= 8.78297085734084
