ICQueenStrength= 1.4318719485309
RQWkrDrnRatio= 2.11404570378363
ICDroneMiteSurvivorship= 92.9467085981742
ICWorkerMiteSurvivorship= 18.9932597335428
ICForagerLifespan= 14.8010894618928
ImmType= Tangent
AIAdultSlopeContact= 9.01303796330467
AIAdultLD50Contact= 0.0214645630214363
AILarvaSlope= 1.33965106215328
AILarvaLD50= 0.45834126137197
AIKOW= 13.4616231080145
AIKOC= 90.6652030069381
AIHalfLife= 11.4669379699044
