ICQueenStrength= 2.23075712937862
RQWkrDrnRatio= 1.50247241090983
ICDroneMiteSurvivorship= 5.44672932010144
ICWorkerMiteSurvivorship= 38.9113456243649
ICForagerLifespan= 14.7026535309851
ImmType= Cosine
AIAdultSlope= 0.0677985237911344
AIAdultLD50= 2.04296408244409
AIAdultSlopeContact= 3.01076440200442
AIAdultLD50Contact= 0.0214277405990288
AILarvaSlope= 1.93670623060316
AILarvaLD50= 0.88555975696072
AIKOW= 7.40908322343603
AIKOC= 16.2347250047605
AIHalfLife= 7.17044689087197
EAppRate= 0.726526542566717
