ICQueenStrength= 1.70617726771161
RQWkrDrnRatio= 4.51933392137289
ICDroneMiteSurvivorship= 88.5348225478083
ICWorkerMiteSurvivorship= 98.7196575617418
ICForagerLifespan= 15.974633153528
ImmType= Cosine
AIAdultLD50= 0.154012839635834
AIAdultSlopeContact= 0.512784851063043
AIAdultLD50Contact= 0.0431963723269291
AILarvaSlope= 1.19402740658261
AILarvaLD50= 0.66014549585525
AIKOW= 5.58475103322417
AIKOC= 26.7519428173546
AIHalfLife= 0.00882519455626607
EAppRate= 0.387888693250716
