ICQueenStrength= 4.55191054870375
RQWkrDrnRatio= 1.6123736044392
ICDroneMiteSurvivorship= 91.5357436751947
ICWorkerMiteSurvivorship= 41.6769116185606
ICForagerLifespan= 11.6404458591715
ImmType= Exponential
AIAdultSlopeContact= 5.7897024252452
AIAdultLD50Contact= 0.149397556018084
AILarvaSlope= 3.42046957463026
AILarvaLD50= 1.32644621375948
AIKOW= 96.0273434408009
AIKOC= 74.0296272793785
AIHalfLife= 6.97551756212488
