ICQueenStrength= 2.37933016638272
RQWkrDrnRatio= 1.20807667449117
ICDroneMiteSurvivorship= 36.1636290559545
ICWorkerMiteSurvivorship= 12.8830661065876
ICForagerLifespan= 10.6690657986328
ImmType= Sine
AIAdultSlope= 2.84436117019504
AIAdultLD50= 0.185915621230379
AIAdultSlopeContact= 1.91860679463716
AIAdultLD50Contact= 0.0497531822999008
AILarvaSlope= 1.67640691953711
AILarvaLD50= 0.655617776582949
AIKOW= 6.42027838900685
AIKOC= 6.84125297237188
AIHalfLife= 12.1914587938227
EAppRate= 0.380564759252593
