ICQueenStrength= 2.97301023406908
RQWkrDrnRatio= 1.45049175526947
ICDroneMiteSurvivorship= 76.6670966055244
ICWorkerMiteSurvivorship= 36.2540083006024
ICForagerLifespan= 13.4919527731836
ImmType= Polynomial
AIAdultSlope= 1.53326016199775
AIAdultLD50= 0.468846082454547
AIAdultSlopeContact= 2.94439345363062
AIAdultLD50Contact= 0.0336735850432888
AILarvaSlope= 1.81102892598137
AILarvaLD50= 0.35849541015923
AIKOW= 5.57829647464678
AIKOC= 5.36897932295687
AIHalfLife= 0.680690881563351
EAppRate= 0.444885996798985
