ICQueenStrength= 1.16986276488751
RQWkrDrnRatio= 4.01688832044601
