ICQueenStrength= 4.28009112970904
RQWkrDrnRatio= 4.06205473653972
ICDroneMiteSurvivorship= 67.6584277069196
ICWorkerMiteSurvivorship= 73.8883311627433
ICForagerLifespan= 7.82793070562184
ImmType= Exponential
AIAdultSlope= 2.74619841319509
AIAdultLD50= 1.9767384538427
AIAdultSlopeContact= 3.13938079673331
AIAdultLD50Contact= 0.0346619184012525
AILarvaSlope= 0.015452041849494
AILarvaLD50= 0.771057878108695
AIKOW= 6.5830068923533
AIKOC= 28.1419155315962
AIHalfLife= 13.8351132245734
EAppRate= 0.231407978804782
