ICQueenStrength= 3.6199989230372
RQWkrDrnRatio= 3.75903758406639
ICDroneMiteSurvivorship= 44.065455859527
ICWorkerMiteSurvivorship= 96.5461685555056
ICForagerLifespan= 6.46316198445857
ImmType= Tangent
AIAdultSlope= 2.79440392925637
AIAdultLD50= 0.202594128903002
AIAdultSlopeContact= 3.22103579435963
AIAdultLD50Contact= 0.012898420880083
AILarvaSlope= 0.360127289919183
AILarvaLD50= 0.523013200960122
AIKOW= 2.41813608584926
AIKOC= 28.5188677557744
AIHalfLife= 1.95627911714837
EAppRate= 0.217085338267498
