ICQueenStrength= 5.28547860239632
RQWkrDrnRatio= 3.04866847209632
ICDroneMiteSurvivorship= 57.1623463416472
ICWorkerMiteSurvivorship= 60.2752548176795
ICForagerLifespan= 10.3655459983274
ImmType= Cosine
AIAdultSlope= 3.34363777874969
AIAdultLD50= 2.69869386451319
AIAdultSlopeContact= 1.76608553034486
AIAdultLD50Contact= 0.0209438014077023
AILarvaSlope= 0.838953496376052
AILarvaLD50= 0.524581619328819
AIKOW= 3.4670576970093
AIKOC= 21.6056066052988
AIHalfLife= 10.1641110265628
EAppRate= 0.230693659512326
