ICQueenStrength= 1.71265862206928
RQWkrDrnRatio= 2.945844957605
ICDroneMiteSurvivorship= 25.2982798498124
ICWorkerMiteSurvivorship= 96.4551665820181
ICForagerLifespan= 7.35512863658369
ImmType= Sine
AIAdultSlope= 2.10744019146077
AIAdultLD50= 1.47771798376925
AIAdultSlopeContact= 0.0566481861029752
AIAdultLD50Contact= 0.00887161147547886
AILarvaSlope= 3.11983669749461
AILarvaLD50= 0.891481444775127
AIKOW= 2.01931464578956
AIKOC= 5.62437858432531
AIHalfLife= 2.07287546526641
EAppRate= 0.303145792568102
