ICQueenStrength= 5.72481327480637
RQWkrDrnRatio= 4.90160302072763
ICDroneMiteSurvivorship= 41.6162233799696
ICWorkerMiteSurvivorship= 77.8558866819367
ICForagerLifespan= 9.70104523841292
ImmType= Cosine
AIAdultSlope= 0.443273427214008
AIAdultLD50= 0.435122473281808
AIAdultSlopeContact= 1.05278472837992
AIAdultLD50Contact= 0.0287561883800663
AILarvaSlope= 1.52518013580702
AILarvaLD50= 0.351278658164665
AIKOW= 3.03762188786641
AIKOC= 23.4419117926154
AIHalfLife= 1.21529336320236
EAppRate= 0.57666398237925
