ICQueenStrength= 5.93371812743135
RQWkrDrnRatio= 4.96110015083104
ICDroneMiteSurvivorship= 91.3280736887828
ICWorkerMiteSurvivorship= 96.8913749558851
ICForagerLifespan= 9.07484979834408
ImmType= Sine
AIAdultSlope= 4.27300274837762
