ICQueenStrength= 1.602649259381
RQWkrDrnRatio= 3.67760344035923
ICDroneMiteSurvivorship= 68.2453316170722
ICWorkerMiteSurvivorship= 41.4999524364248
ICForagerLifespan= 6.0478808041662
ImmType= Tangent
AIAdultSlope= 0.733088117411826
AIAdultLD50= 0.33080559130758
AIAdultSlopeContact= 3.21387561748037
AIAdultLD50Contact= 0.0481719979085028
AILarvaSlope= 2.54359545633197
AILarvaLD50= 0.103305221325718
AIKOW= 6.31696352967992
AIKOC= 20.189617627766
AIHalfLife= 2.87087849341333
EAppRate= 0.697390194004401
