ICQueenStrength= 5.91735936142504
RQWkrDrnRatio= 2.13460887316614
ICDroneMiteSurvivorship= 72.6303858915344
ICWorkerMiteSurvivorship= 85.1311842910945
ICForagerLifespan= 5.94873739313334
ImmType= Tangent
AIAdultSlope= 0.791526366721373
AIAdultLD50= 0.11119934101589
AIAdultSlopeContact= 1.8130188682233
AIAdultLD50Contact= 0.0225096112350002
AILarvaSlope= 0.0389060014858842
AILarvaLD50= 0.0195189638994634
AIKOW= 3.47921153903008
AIKOC= 17.4957684718538
AIHalfLife= 0.952511159703135
EAppRate= 0.598340505850501
