ICQueenStrength= 1.67120096413419
RQWkrDrnRatio= 3.41621026862413
ICDroneMiteSurvivorship= 98.9363381871954
ICWorkerMiteSurvivorship= 84.6605372847989
ICForagerLifespan= 14.2311157658696
ImmType= Sine
AIAdultSlope= 3.30526768625714
AIAdultLD50= 0.309599062660709
AIAdultSlopeContact= 1.00918717336608
AIAdultLD50Contact= 0.0499673238373362
AILarvaSlope= 2.61507621132769
AILarvaLD50= 0.820429686899297
AIKOW= 7.88225737214088
AIKOC= 14.9376107333228
AIHalfLife= 10.3820980843157
EAppRate= 0.608990403823555
