ICQueenStrength= 5.55497084651142
RQWkrDrnRatio= 4.14388510398567
ICDroneMiteSurvivorship= 10.7622906332836
ICWorkerMiteSurvivorship= 6.78941824007779
ICForagerLifespan= 10.5649647153914
ImmType= Cosine
AIAdultSlope= 0.398447650996968
AIAdultLD50= 0.98678031633608
AIAdultSlopeContact= 0.992614537300542
AIAdultLD50Contact= 0.0136141503928229
AILarvaSlope= 0.961610245704651
AILarvaLD50= 0.521049604564905
AIKOW= 4.84898346429691
AIKOC= 8.80834754905663
AIHalfLife= 1.13281129812822
EAppRate= 0.88894825684838
