ICQueenStrength= 2.21016212971881
RQWkrDrnRatio= 2.86108980048448
ICDroneMiteSurvivorship= 9.3871699180454
ICWorkerMiteSurvivorship= 78.6030221730471
ICForagerLifespan= 4.79079145658761
ImmType= Sine
AIAdultSlope= 0.793683666747529
AIAdultLD50= 0.213871729443781
AIAdultSlopeContact= 1.34065706419526
AIAdultLD50Contact= 0.0419850333826616
AILarvaSlope= 0.167403861507773
AILarvaLD50= 0.442881077597849
AIKOW= 7.86380656249821
AIKOC= 23.2979400386102
AIHalfLife= 4.17331821168773
EAppRate= 0
