ICQueenStrength= 4.57734006480314
RQWkrDrnRatio= 1.35368475597352
ICDroneMiteSurvivorship= 41.6258468059823
ICWorkerMiteSurvivorship= 0.0240654684603214
ICForagerLifespan= 4.83974278252572
ImmType= Sine
AIAdultSlope= 6.1465603299439
