ICQueenStrength= 1.40865695802495
RQWkrDrnRatio= 4.7516772178933
ICDroneMiteSurvivorship= 57.9366326332092
ICWorkerMiteSurvivorship= 95.2056640060619
ICForagerLifespan= 4.01456321589649
ImmType= Polynomial
AIAdultSlope= 0.715765263233334
AIAdultLD50= 0.528484158916399
AIAdultSlopeContact= 1.22820745559642
AIAdultLD50Contact= 0.0298066950519569
AILarvaSlope= 2.98061685147695
AILarvaLD50= 0.8462860529311
AIKOW= 3.59280111826956
AIKOC= 26.3334773899987
AIHalfLife= 1.27705614687875
EAppRate= 0.252069531939924
