ICQueenStrength= 4.63487841212191
RQWkrDrnRatio= 1.13198734167963
ICDroneMiteSurvivorship= 9.85447005368769
ICWorkerMiteSurvivorship= 59.0013939188793
ICForagerLifespan= 5.28351863939315
ImmType= Exponential
AIAdultSlope= 3.47774490069598
AIAdultLD50= 0.0770020746858791
AIAdultSlopeContact= 3.20057483792771
AIAdultLD50Contact= 0.000582327786833048
AILarvaSlope= 1.33528532469645
AILarvaLD50= 0.180041700555012
AIKOW= 7.25164869660512
AIKOC= 15.7675591949373
AIHalfLife= 1.48510646424256
EAppRate= 0.159623101400211
