ICQueenStrength= 1.64432360348292
RQWkrDrnRatio= 4.43893551360816
ICDroneMiteSurvivorship= 17.5985380774364
ICWorkerMiteSurvivorship= 68.9010858070105
ICForagerLifespan= 7.33036799170077
ImmType= Tangent
AIAdultSlope= 0.908079042565078
