ICQueenStrength= 5.85275371582247
RQWkrDrnRatio= 3.51443401537836
ICDroneMiteSurvivorship= 17.7335853688419
ICWorkerMiteSurvivorship= 32.3416961822659
ICForagerLifespan= 15.6268607238308
ImmType= Cosine
AIAdultSlope= 3.30699917972088
AIAdultSlopeContact= 0.554283489184454
AIAdultLD50Contact= 0.0308807721827179
AILarvaSlope= 1.33996505779214
AILarvaLD50= 0.841186363692395
AIKOW= 7.4628296517767
AIKOC= 13.2066737464629
AIHalfLife= 5.7593572079204
