ICQueenStrength= 2.89840462291613
RQWkrDrnRatio= 3.9965406768024
ICDroneMiteSurvivorship= 84.6308561507612
ICWorkerMiteSurvivorship= 36.1355113564059
ICForagerLifespan= 13.50874000974
ImmType= Tangent
AIAdultSlopeContact= 4.86309854779392
AIAdultLD50Contact= 0.0391956801060587
AILarvaSlope= 5.5822314764373
AILarvaLD50= 0.687548610381782
AIKOW= 57.3972071288154
AIKOC= 31.771210860461
AIHalfLife= 2.32855663821101
