ICQueenStrength= 1.27908215182833
RQWkrDrnRatio= 1.53500788472593
ICDroneMiteSurvivorship= 44.1871338989586
ICWorkerMiteSurvivorship= 66.7795294430107
ICForagerLifespan= 5.50088284350932
ImmType= Tangent
AIAdultSlope= 0.682977602428291
AIAdultLD50= 0.304592414060608
AIAdultSlopeContact= 0.473152718204074
AIAdultLD50Contact= 0.0284727803082205
AILarvaSlope= 1.28031459748745
AILarvaLD50= 0.564899830031209
AIKOW= 7.3604913582094
AIKOC= 7.00614900095388
AIHalfLife= 1.49927720427513
EAppRate= 0.685558352200314
