ICQueenStrength= 1.93086466775276
RQWkrDrnRatio= 2.67333075683564
ICDroneMiteSurvivorship= 23.3347847359255
ICWorkerMiteSurvivorship= 34.7965688444674
ICForagerLifespan= 4.10917010065168
ImmType= Sine
AIAdultSlopeContact= 1.56902793715009
AIAdultLD50Contact= 0.0229786164476536
AILarvaSlope= 2.62614014176652
AILarvaLD50= 0.673959367861971
AIKOW= 3.54208191623911
AIKOC= 14.1074343305081
AIHalfLife= 9.51566249551252
