ICQueenStrength= 5.81481763999909
RQWkrDrnRatio= 3.68558793421835
ICDroneMiteSurvivorship= 29.9751258920878
ICWorkerMiteSurvivorship= 36.6483218735084
ICForagerLifespan= 6.80449469294399
ImmType= Logarithmic
AIAdultSlope= 4.56779109546915
