ICQueenStrength= 2.67281477712095
RQWkrDrnRatio= 4.50389332510531
ICDroneMiteSurvivorship= 17.8412077017128
ICWorkerMiteSurvivorship= 42.2288935631514
ICForagerLifespan= 10.6566115058959
ImmType= Tangent
AIAdultSlope= 3.01729915845208
AIAdultLD50= 2.92266471125185
AIAdultSlopeContact= 0.351156923258677
AIAdultLD50Contact= 0.0314860127051361
AILarvaSlope= 1.70198158812709
AILarvaLD50= 0.428934175986797
AIKOW= 5.6047737011686
AIKOC= 10.0395733851474
AIHalfLife= 10.521920346655
EAppRate= 0.50144716235809
