ICQueenStrength= 1.05271201371215
RQWkrDrnRatio= 2.33955929335207
ICDroneMiteSurvivorship= 41.6667320067063
ICWorkerMiteSurvivorship= 63.9107753057033
ICForagerLifespan= 12.4307734137401
ImmType= Cosine
AIAdultSlope= 3.00501423003152
AIAdultLD50= 0.679245126899332
AIAdultSlopeContact= 1.38757791382028
AIAdultLD50Contact= 0.0454317045514472
AILarvaSlope= 2.29776306780986
AILarvaLD50= 0.23527702675201
AIKOW= 4.83945339545608
AIKOC= 19.8705791682005
AIHalfLife= 10.1908165998757
EAppRate= 0.344076687237248
