ICQueenStrength= 2.26576922484674
RQWkrDrnRatio= 1.84869004227221
ICDroneMiteSurvivorship= 82.5452212477103
ICWorkerMiteSurvivorship= 40.2517614420503
ICForagerLifespan= 7.84084547497332
ImmType= Polynomial
AIAdultSlope= 3.69485476106638
AIAdultLD50= 0.403731686412357
AIAdultSlopeContact= 2.11136263655266
AIAdultLD50Contact= 0.00300661445362493
AILarvaSlope= 0.115526533266529
AILarvaLD50= 0.573169712419622
AIKOW= 6.43560333549976
AIKOC= 23.8480141747277
AIHalfLife= 4.79277559090406
EAppRate= 0.365969784045592
