ICQueenStrength= 1.5697405198589
RQWkrDrnRatio= 4.00367495324463
ICDroneMiteSurvivorship= 27.9234134824947
ICWorkerMiteSurvivorship= 47.815472795628
ICForagerLifespan= 9.28631829749793
ImmType= Tangent
AIAdultSlope= 3.11455722120591
AIAdultLD50= 2.85556172230281
AIAdultSlopeContact= 0.181029124902561
AIAdultLD50Contact= 0.00957900481298566
AILarvaSlope= 1.90328422388993
AILarvaLD50= 0.8514658017084
AIKOW= 5.71930961543694
AIKOC= 13.2046414026991
AIHalfLife= 6.89795703673735
EAppRate= 0.760144316824153
