ICQueenStrength= 5.42186636035331
RQWkrDrnRatio= 2.00063555967063
ICDroneMiteSurvivorship= 37.942414986901
ICWorkerMiteSurvivorship= 87.3494726605713
ICForagerLifespan= 10.3162758639082
ImmType= Cosine
AIAdultSlopeContact= 3.04679086897522
AIAdultLD50Contact= 0.161029564309865
AILarvaSlope= 6.87994797481224
AILarvaLD50= 0.869667247403413
AIKOW= 6.5842310898006
AIKOC= 13.5666602291167
AIHalfLife= 0.43247790588066
