ICQueenStrength= 3.8439725341741
RQWkrDrnRatio= 1.2782357186079
ICDroneMiteSurvivorship= 96.2823217967525
ICWorkerMiteSurvivorship= 6.81276039686054
ICForagerLifespan= 12.2759036514908
ImmType= Tangent
AIAdultSlope= 0.718406729865819
AIAdultLD50= 0.261901454301551
AIAdultSlopeContact= 9.59247256862
AIAdultLD50Contact= 0.0780312173999846
AILarvaSlope= 0.638291649520397
AILarvaLD50= 1.14169944962487
AIKOW= 76.9471281673759
AIKOC= 64.6367541514337
AIHalfLife= 7.12704145582393
EAppRate= 0.867486408911645
