ICQueenStrength= 5.93125891312957
RQWkrDrnRatio= 1.5016056727618
ICDroneMiteSurvivorship= 35.9694774961099
ICWorkerMiteSurvivorship= 8.9663224760443
ICForagerLifespan= 12.6595780132338
ImmType= Polynomial
AIAdultSlope= 2.79694015257992
AIAdultLD50= 0.682081847218797
AIAdultSlopeContact= 2.69808253393276
AIAdultLD50Contact= 0.0366484500700608
AILarvaSlope= 2.66794756860472
AILarvaLD50= 0.520798226888292
AIKOW= 4.14260135870427
AIKOC= 14.6394570020493
AIHalfLife= 11.4189652893692
EAppRate= 0.180377932731062
