ICQueenStrength= 4.40754180564545
RQWkrDrnRatio= 1.68203379586339
ICDroneMiteSurvivorship= 68.9660096308216
ICWorkerMiteSurvivorship= 64.2228431534022
ICForagerLifespan= 12.9236809583381
ImmType= Sine
AIAdultSlope= 0.33561170590343
AIAdultLD50= 0.353286661324091
AIAdultSlopeContact= 2.33084693499142
AIAdultLD50Contact= 0.0364018872729503
AILarvaSlope= 2.31491629579104
AILarvaLD50= 0.0306554902810603
AIKOW= 7.88606572477147
AIKOC= 25.4652283980977
AIHalfLife= 4.07613835530356
EAppRate= 0.516101830336265
