ICQueenStrength= 4.12727501150221
RQWkrDrnRatio= 3.40267628617585
ICDroneMiteSurvivorship= 24.6281409170479
ICWorkerMiteSurvivorship= 74.6422407915816
ICForagerLifespan= 10.2374605657533
ImmType= Polynomial
AIAdultSlope= 3.04680672842078
AIAdultLD50= 2.33179200743325
AIAdultSlopeContact= 2.38397220566869
AIAdultLD50Contact= 0.00941506791859865
AILarvaSlope= 0.466520384699106
AILarvaLD50= 0.449360327934846
AIKOW= 4.46595825301483
AIKOC= 28.7692783062812
AIHalfLife= 10.4790060953237
EAppRate= 0.308613152010366
