ICQueenStrength= 3.89175337646157
RQWkrDrnRatio= 2.40836506150663
