ICQueenStrength= 5.35138896340504
RQWkrDrnRatio= 2.84164476767182
ICDroneMiteSurvivorship= 46.1730154231191
ICWorkerMiteSurvivorship= 58.2523443503305
ICForagerLifespan= 8.09419742505997
ImmType= Tangent
AIAdultSlope= 1.65503333481029
AIAdultLD50= 0.40534130204469
AIAdultSlopeContact= 1.59640056629665
AIAdultLD50Contact= 0.0157101879012771
AILarvaSlope= 0.494327987637371
AILarvaLD50= 0.655359938135371
AIKOW= 6.8504114956595
AIKOC= 10.4560163349379
AIHalfLife= 6.35647806897759
EAppRate= 0.0362783235032111
