ICQueenStrength= 3.76548394351266
RQWkrDrnRatio= 1.47995352465659
ICDroneMiteSurvivorship= 8.57212077826262
ICWorkerMiteSurvivorship= 24.28248221986
ICForagerLifespan= 12.4103872980922
ImmType= Sine
AIAdultSlopeContact= 3.73505037045106
AIAdultLD50Contact= 0.164759367145598
AILarvaSlope= 7.27381184929982
AILarvaLD50= 1.64242433616892
AIKOW= 41.3570914184675
AIKOC= 45.037544798106
AIHalfLife= 10.8827512352727
