ICQueenStrength= 2.87888091546483
RQWkrDrnRatio= 2.87709927838296
ICDroneMiteSurvivorship= 94.7693397756666
ICWorkerMiteSurvivorship= 62.3547284863889
ICForagerLifespan= 10.2379017611966
ImmType= Tangent
AIAdultSlope= 2.14350927481195
AIAdultLD50= 0.0717514206189662
AIAdultSlopeContact= 1.77805713809095
AIAdultLD50Contact= 0.00557859498076141
AILarvaSlope= 1.70206003175117
AILarvaLD50= 0.102581126522273
AIKOW= 3.48062757914886
AIKOC= 12.1471852541436
AIHalfLife= 2.91920855292119
EAppRate= 0.264768193941563
