ICQueenStrength= 3.3007940070238
RQWkrDrnRatio= 4.24104894977063
ICDroneMiteSurvivorship= 42.206508340314
ICWorkerMiteSurvivorship= 32.0983621524647
ICForagerLifespan= 15.5322552025318
ImmType= Cosine
AIAdultSlope= 2.14923471077112
AIAdultLD50= 0.429959239787422
AIAdultSlopeContact= 3.66414423992392
AIAdultLD50Contact= 0.0315536749782041
AILarvaSlope= 0.884015864180401
AILarvaLD50= 0.875795967341401
AIKOW= 5.96762710949406
AIKOC= 22.8786916250829
AIHalfLife= 4.73540947772563
EAppRate= 0.453596894582734
