ICQueenStrength= 2.35161312180571
RQWkrDrnRatio= 1.15930033102632
ICDroneMiteSurvivorship= 13.8569670030847
ICWorkerMiteSurvivorship= 99.5848785387352
ICForagerLifespan= 5.01324886828661
ImmType= Tangent
AIAdultSlope= 1.03215335984714
AIAdultLD50= 2.05377797735855
AIAdultSlopeContact= 2.21077317905612
AIAdultLD50Contact= 0.0476120132370852
AILarvaSlope= 2.29797100848518
AILarvaLD50= 0.598692654934712
AIKOW= 2.84429465746507
AIKOC= 6.62697128253058
AIHalfLife= 7.24819732876495
EAppRate= 0.982090646401048
