ICQueenStrength= 5.12676163134165
RQWkrDrnRatio= 2.13701082859188
ICDroneMiteSurvivorship= 22.7091546868905
ICWorkerMiteSurvivorship= 85.9669831581414
ICForagerLifespan= 4.39481700677425
ImmType= Polynomial
AIAdultSlope= 1.88238598265452
AIAdultLD50= 0.418194634607062
AIAdultSlopeContact= 3.31315273661166
AIAdultLD50Contact= 0.0130532068898901
AILarvaSlope= 2.59732849891298
AILarvaLD50= 0.893872645427473
AIKOW= 3.98228146787733
AIKOC= 29.5981656422373
AIHalfLife= 2.23262508981861
EAppRate= 0.156897415267304
