ICQueenStrength= 3.78515269514173
RQWkrDrnRatio= 2.59862023591995
ICDroneMiteSurvivorship= 1.9071189686656
ICWorkerMiteSurvivorship= 86.4729358814657
ICForagerLifespan= 6.11874992121011
ImmType= Cosine
AIAdultSlope= 4.99640761176124
