ICQueenStrength= 2.76292202901095
RQWkrDrnRatio= 2.0403544511646
ICDroneMiteSurvivorship= 55.8861561119556
ICWorkerMiteSurvivorship= 11.5420209709555
ICForagerLifespan= 13.0374580519274
ImmType= Exponential
AIAdultSlope= 1.3556475058198
AIAdultLD50= 0.408763941144571
AIAdultSlopeContact= 2.33871889747912
AIAdultLD50Contact= 0.0093589526717551
AILarvaSlope= 3.36202535941266
AILarvaLD50= 0.386034764908254
AIKOW= 2.37613528547809
AIKOC= 13.3511162025388
AIHalfLife= 7.93862203555182
EAppRate= 0.433276372263208
