ICQueenStrength= 4.65202151471749
RQWkrDrnRatio= 3.32563226949424
ICDroneMiteSurvivorship= 88.6683942750096
ICWorkerMiteSurvivorship= 3.27072634827346
ICForagerLifespan= 7.78836394846439
ImmType= Sine
AIAdultSlope= 0.0198943336028606
AIAdultLD50= 1.20612383214757
AIAdultSlopeContact= 3.59937670258339
AIAdultLD50Contact= 0.0235004955320619
AILarvaSlope= 1.43873170609586
AILarvaLD50= 0.401950944378041
AIKOW= 7.58774002501741
AIKOC= 19.2003812012263
AIHalfLife= 10.2390780020505
EAppRate= 0.383215932874009
