ICQueenStrength= 2.61231566104107
RQWkrDrnRatio= 1.49638284090906
ICDroneMiteSurvivorship= 91.6350337211043
ICWorkerMiteSurvivorship= 95.9756766678765
ICForagerLifespan= 4.11183782573789
ImmType= Cosine
AIAdultSlopeContact= 0.126694731793832
AIAdultLD50Contact= 0.0202973238541745
AILarvaSlope= 1.24280732073821
AILarvaLD50= 0.149412142415531
AIKOW= 6.94985105050728
AIKOC= 22.6387497456744
AIHalfLife= 8.27799140615389
