ICQueenStrength= 5.9131040845532
RQWkrDrnRatio= 1.4145045094192
ICDroneMiteSurvivorship= 57.787135313265
ICWorkerMiteSurvivorship= 83.5945166181773
ICForagerLifespan= 11.7862833049148
ImmType= Polynomial
AIAdultSlopeContact= 3.70742968467996
AIAdultLD50Contact= 0.041688576200977
AILarvaSlope= 2.42395820785314
AILarvaLD50= 0.876413026289083
AIKOW= 3.47912606457248
AIKOC= 21.3335787889082
AIHalfLife= 10.8799321060069
