ICQueenStrength= 2.04976996197365
RQWkrDrnRatio= 1.23883228283376
ICDroneMiteSurvivorship= 15.6735794851556
ICWorkerMiteSurvivorship= 89.2807379597798
ICForagerLifespan= 9.5290649915114
ImmType= Logarithmic
AIAdultSlope= 1.77167414454743
AIAdultLD50= 0.516127512324601
AIAdultSlopeContact= 3.09509464073926
AIAdultLD50Contact= 0.126669715764001
AILarvaSlope= 1.79529102984816
AILarvaLD50= 1.33625167608261
AIKOW= 79.8601555172354
AIKOC= 98.9607118302956
AIHalfLife= 7.30785148637369
EAppRate= 0.925813825801015
