ICQueenStrength= 1.6423293298576
RQWkrDrnRatio= 1.28707545250654
ICDroneMiteSurvivorship= 12.6672604354098
ICWorkerMiteSurvivorship= 89.3374952487648
ICForagerLifespan= 12.2363441586494
ImmType= Cosine
AIAdultSlope= 2.61908370824531
AIAdultLD50= 0.388688866747543
AIAdultSlopeContact= 0.807102145892568
AIAdultLD50Contact= 0.0497729054535739
AILarvaSlope= 1.34607675671577
AILarvaLD50= 0.0147542257793248
AIKOW= 3.86317826854065
AIKOC= 23.2657733559608
AIHalfLife= 8.05219007888809
EAppRate= 0.557939513586462
