ICQueenStrength= 5.96889863628894
RQWkrDrnRatio= 1.26830790191889
ICDroneMiteSurvivorship= 57.4460490373895
ICWorkerMiteSurvivorship= 66.986446804367
ICForagerLifespan= 13.5060458900407
ImmType= Logarithmic
AIAdultSlope= 2.74129663109779
AIAdultLD50= 1.22377242031507
AIAdultSlopeContact= 3.01880417722743
AIAdultLD50Contact= 0.0285937614622526
AILarvaSlope= 2.47107268958352
AILarvaLD50= 0.167811542842537
AIKOW= 7.54445498017594
AIKOC= 5.23150371853262
AIHalfLife= 4.79886073432863
EAppRate= 0.761130995349959
