ICQueenStrength= 4.85815786314197
RQWkrDrnRatio= 4.94830850418657
ICDroneMiteSurvivorship= 81.2553186668083
ICWorkerMiteSurvivorship= 82.1821326157078
ICForagerLifespan= 6.00025516841561
ImmType= Cosine
AIAdultLD50= 0.154012839635834
AIAdultSlopeContact= 2.70162714367267
AIAdultLD50Contact= 0.0253568589803763
AILarvaSlope= 2.15074174483307
AILarvaLD50= 0.410268955444917
AIKOW= 7.25676436768845
AIKOC= 15.1707401976455
AIHalfLife= 5.14707569498569
EAppRate= 1.14949337020516
