ICQueenStrength= 5.14337838301435
RQWkrDrnRatio= 3.82049114257097
ICDroneMiteSurvivorship= 22.3919059615582
ICWorkerMiteSurvivorship= 60.453634429723
ICForagerLifespan= 10.2657364970073
ImmType= Cosine
AIAdultSlope= 3.74537392138504
AIAdultLD50= 0.442375035374425
AIAdultSlopeContact= 1.21404913619393
AIAdultLD50Contact= 0.0219510599621572
AILarvaSlope= 2.08306327164173
AILarvaLD50= 0.777417456242256
AIKOW= 6.06671268539503
AIKOC= 5.50816552829929
AIHalfLife= 4.57720487145707
EAppRate= 0
