ICQueenStrength= 4.73068904387765
RQWkrDrnRatio= 3.44160121679306
ICDroneMiteSurvivorship= 66.6939780581743
ICWorkerMiteSurvivorship= 26.0920277796686
ICForagerLifespan= 14.5688145086169
ImmType= Polynomial
AIAdultSlopeContact= 5.20984838483855
AIAdultLD50Contact= 0.190350889787078
AILarvaSlope= 2.13033291045576
AILarvaLD50= 0.749963560607284
AIKOW= 61.3721130881459
AIKOC= 97.0863782335073
AIHalfLife= 7.74269194528461
