ICQueenStrength= 3.10118203307502
RQWkrDrnRatio= 4.67248843889683
ICDroneMiteSurvivorship= 37.209704820998
ICWorkerMiteSurvivorship= 67.5781404832378
ICForagerLifespan= 10.7508161766455
ImmType= Sine
AIAdultSlope= 2.76631979094818
AIAdultLD50= 0.702508143614978
AIAdultSlopeContact= 3.19480121220695
AIAdultLD50Contact= 0.0132543814601377
AILarvaSlope= 3.04305335711688
AILarvaLD50= 0.00542588462121785
AIKOW= 7.05704289209098
AIKOC= 22.8076514974236
AIHalfLife= 11.4911450245418
EAppRate= 0.068213319638744
