ICQueenStrength= 2.15207199472934
RQWkrDrnRatio= 4.13538119196892
ICDroneMiteSurvivorship= 29.9158639740199
ICWorkerMiteSurvivorship= 87.4457831028849
ICForagerLifespan= 12.5257620634511
ImmType= Exponential
AIAdultSlope= 1.94962636539713
AIAdultSlopeContact= 2.94978589206934
AIAdultLD50Contact= 0.0302855027723126
AILarvaSlope= 0.354868248617277
AILarvaLD50= 0.466054735053331
AIKOW= 5.43141198391095
AIKOC= 26.3992355682421
AIHalfLife= 7.98211913462728
