ICQueenStrength= 4.0315377493389
RQWkrDrnRatio= 4.61974951345474
ICDroneMiteSurvivorship= 23.2151629868895
ICWorkerMiteSurvivorship= 79.6996384859085
ICForagerLifespan= 11.1574371801689
ImmType= Tangent
AIAdultSlope= 3.16371159395203
AIAdultLD50= 0.851132120005786
AIAdultSlopeContact= 1.46472962573171
AIAdultLD50Contact= 0.0501650399062783
AILarvaSlope= 5.62137495260686
AILarvaLD50= 1.49469125689939
AIKOW= 4.14427060168236
AIKOC= 19.9981194222346
AIHalfLife= 4.97355864429846
EAppRate= 1.92593054100871
