ICQueenStrength= 2.9669343996793
RQWkrDrnRatio= 1.98713163286448
ICDroneMiteSurvivorship= 35.7303109485656
ICWorkerMiteSurvivorship= 2.60759566444904
ICForagerLifespan= 7.36248526256531
ImmType= Logarithmic
AIAdultSlope= 1.2917419728823
AIAdultLD50= 1.97873537382111
AIAdultSlopeContact= 2.51463047924219
AIAdultLD50Contact= 0.000283277605194598
AILarvaSlope= 1.42362205516547
AILarvaLD50= 0.0939813328441232
AIKOW= 2.96088820463046
AIKOC= 28.8691873848438
AIHalfLife= 11.3037281138822
EAppRate= 0.753044275566936
