ICQueenStrength= 3.83093399717472
RQWkrDrnRatio= 3.43804629985243
ICDroneMiteSurvivorship= 50.8585604373366
ICWorkerMiteSurvivorship= 30.8338518021628
ICForagerLifespan= 15.4979165932164
ImmType= Logarithmic
AIAdultLD50= 0.154012839635834
AIAdultSlopeContact= 1.13648008865537
AIAdultLD50Contact= 0.0185470086755231
AILarvaSlope= 1.80176342874765
AILarvaLD50= 0.803629668639042
AIKOW= 6.36755272280425
AIKOC= 13.5235373873729
AIHalfLife= 4.41144656715915
EAppRate= 1.31500688940287
