ICQueenStrength= 3.57981812348589
RQWkrDrnRatio= 2.95040123071522
ICDroneMiteSurvivorship= 65.187098714523
ICWorkerMiteSurvivorship= 44.9130342807621
ICForagerLifespan= 4.48717711959034
ImmType= Tangent
AIAdultSlope= 2.44193899105303
AIAdultSlopeContact= 1.73352650521556
AIAdultLD50Contact= 0.037374718231149
AILarvaSlope= 2.19101191824302
AILarvaLD50= 0.587511994480155
AIKOW= 3.77727414201945
AIKOC= 9.82204677537084
AIHalfLife= 8.19285630807281
