ICQueenStrength= 2.90083305467851
RQWkrDrnRatio= 3.18651705887169
ICDroneMiteSurvivorship= 44.1248055780306
ICWorkerMiteSurvivorship= 22.1912214532495
ICForagerLifespan= 8.01696912571788
ImmType= Tangent
AIAdultSlope= 1.30399675942026
AIAdultLD50= 2.58294621761888
AIAdultSlopeContact= 3.32637497778749
AIAdultLD50Contact= 0.0480237025185488
AILarvaSlope= 1.01200206978247
AILarvaLD50= 0.893041714886203
AIKOW= 6.28867319691926
AIKOC= 21.7336582904682
AIHalfLife= 4.21869177930057
EAppRate= 0.711235522991046
