ICQueenStrength= 2.8133235629648
RQWkrDrnRatio= 3.60853923391551
ICDroneMiteSurvivorship= 41.4187885355204
ICWorkerMiteSurvivorship= 76.090533612296
ICForagerLifespan= 8.00418383162469
ImmType= Exponential
AIAdultSlope= 0.199704233091325
AIAdultLD50= 0.152611123630777
AIAdultSlopeContact= 8.79980238620192
AIAdultLD50Contact= 0.101910536503419
AILarvaSlope= 7.21538778860122
AILarvaLD50= 0.684749104082584
AIKOW= 7.8478662064299
AIKOC= 38.5632262565196
AIHalfLife= 11.7931634439155
EAppRate= 0.622458081226796
