ICQueenStrength= 3.97251295531169
RQWkrDrnRatio= 1.24990679323673
ICDroneMiteSurvivorship= 45.4124486306682
ICWorkerMiteSurvivorship= 96.3357247412205
ICForagerLifespan= 7.11735307890922
ImmType= Logarithmic
AIAdultSlopeContact= 1.25268323177705
AIAdultLD50Contact= 0.0207409230642952
AILarvaSlope= 1.43643731954508
AILarvaLD50= 0.883194242022
AIKOW= 5.89123757183552
AIKOC= 12.6620826439466
AIHalfLife= 4.13313647918403
