ICQueenStrength= 2.72461826121435
RQWkrDrnRatio= 4.01359162479639
ICDroneMiteSurvivorship= 68.005068670027
ICWorkerMiteSurvivorship= 75.885510747321
ICForagerLifespan= 14.9720330741256
ImmType= Tangent
AIAdultSlopeContact= 0.427867093181703
AIAdultLD50Contact= 0.0112345075584017
AILarvaSlope= 0.969436909770593
AILarvaLD50= 0.859105600300245
AIKOW= 4.12119945837185
AIKOC= 15.4418396134861
AIHalfLife= 2.82661549933255
