ICQueenStrength= 3.92418454075232
RQWkrDrnRatio= 4.33112522959709
ICDroneMiteSurvivorship= 60.8181502437219
ICWorkerMiteSurvivorship= 10.5652358848602
ICForagerLifespan= 9.26447597704828
ImmType= Cosine
AIAdultSlope= 2.27537398203276
AIAdultLD50= 2.22283796221018
AIAdultSlopeContact= 1.21091160984244
AIAdultLD50Contact= 0.0470721255871467
AILarvaSlope= 1.29310010946356
AILarvaLD50= 0.537577042914927
AIKOW= 2.78495456743985
AIKOC= 27.9286764049903
AIHalfLife= 4.58556967414916
EAppRate= 0.598737572086975
