ICQueenStrength= 1.75935549917631
RQWkrDrnRatio= 2.67607924714684
ICDroneMiteSurvivorship= 60.9559734584764
ICWorkerMiteSurvivorship= 82.8582612099126
ICForagerLifespan= 4.4204775383696
ImmType= Exponential
AIAdultSlope= 1.68023442961276
AIAdultLD50= 1.59466795041226
AIAdultSlopeContact= 0.349576510449406
AIAdultLD50Contact= 0.0268839037511498
AILarvaSlope= 1.35550637743436
AILarvaLD50= 0.455087642977014
AIKOW= 2.63834126899019
AIKOC= 11.9292443571612
AIHalfLife= 7.35225507849827
EAppRate= 0.108494546497241
