ICQueenStrength= 5.26577846053988
RQWkrDrnRatio= 1.97099304851145
ICDroneMiteSurvivorship= 78.1248959479854
ICWorkerMiteSurvivorship= 33.2048109034076
ICForagerLifespan= 8.82055858336389
ImmType= Exponential
AIAdultSlopeContact= 2.20930302282795
AIAdultLD50Contact= 0.0305367412045598
AILarvaSlope= 3.89419159619138
AILarvaLD50= 0.129519450012594
AIKOW= 23.8914422690868
AIKOC= 54.8171654110774
AIHalfLife= 13.6776287113316
