ICQueenStrength= 2.86548309051432
RQWkrDrnRatio= 4.40189602412283
ICDroneMiteSurvivorship= 41.9862872455269
ICWorkerMiteSurvivorship= 57.8093508956954
ICForagerLifespan= 10.6897491589189
ImmType= Sine
AIAdultSlope= 2.18288359862287
AIAdultLD50= 0.100626203464344
AIAdultSlopeContact= 0.181103355344385
AIAdultLD50Contact= 0.0138753617065959
AILarvaSlope= 2.14142964705825
AILarvaLD50= 0.603014234500006
AIKOW= 6.33046914776787
AIKOC= 13.7839307263494
AIHalfLife= 0.168153708800673
EAppRate= 0.0646649809088558
