ICQueenStrength= 5.89797951071523
RQWkrDrnRatio= 1.27244585659355
ICDroneMiteSurvivorship= 13.5424424428493
ICWorkerMiteSurvivorship= 79.8425731481984
ICForagerLifespan= 6.80243981070817
ImmType= Logarithmic
AIAdultSlope= 1.26857224760111
AIAdultLD50= 0.0738372170599177
AIAdultSlopeContact= 0.877288423134014
AIAdultLD50Contact= 0.0360892264870927
AILarvaSlope= 3.25516088013537
AILarvaLD50= 0.89470633068122
AIKOW= 2.67887838091701
AIKOC= 14.0741892228834
AIHalfLife= 1.9208375911694
EAppRate= 0.481852986873127
