ICQueenStrength= 4.86171833495609
RQWkrDrnRatio= 4.69281533639878
ICDroneMiteSurvivorship= 14.2121264943853
ICWorkerMiteSurvivorship= 94.4734571268782
ICForagerLifespan= 9.10943816881627
ImmType= Exponential
AIAdultSlope= 2.22179397668224
AIAdultLD50= 0.430568166193552
AIAdultSlopeContact= 3.49568109610118
AIAdultLD50Contact= 0.000510212255176157
AILarvaSlope= 1.34567923233844
AILarvaLD50= 0.760030262405053
AIKOW= 3.29505822062492
AIKOC= 8.77433984540403
AIHalfLife= 3.56474443571642
EAppRate= 0.125302153150551
