ICQueenStrength= 1.21862389170565
RQWkrDrnRatio= 4.86021976545453
ICDroneMiteSurvivorship= 62.2731109149754
ICWorkerMiteSurvivorship= 93.5428811004385
ICForagerLifespan= 14.7004013359547
ImmType= Exponential
AIAdultSlope= 8.41488759266213
AIAdultLD50= 0.325287698302418
AIAdultSlopeContact= 8.829019383993
AIAdultLD50Contact= 0.145725922146812
AILarvaSlope= 4.23051538178697
AILarvaLD50= 0.205095063894987
AIKOW= 50.4245035117492
AIKOC= 1.17844585329294
AIHalfLife= 5.154813001398
EAppRate= 1.05249858321622
