ICQueenStrength= 3.40076455520466
RQWkrDrnRatio= 3.28655913937837
ICDroneMiteSurvivorship= 14.6469011204317
ICWorkerMiteSurvivorship= 42.027545440942
ICForagerLifespan= 12.8979859407991
ImmType= Logarithmic
AIAdultSlope= 3.35895263371058
AIAdultLD50= 1.22844563098624
AIAdultSlopeContact= 2.00515105968341
AIAdultLD50Contact= 0.0329409656696953
AILarvaSlope= 0.557545584905893
AILarvaLD50= 0.816235059429891
AIKOW= 7.87342437310144
AIKOC= 25.9761747159064
AIHalfLife= 5.92187904752791
EAppRate= 0.547675757901743
