ICQueenStrength= 3.34914841596037
RQWkrDrnRatio= 4.96199114155024
ICDroneMiteSurvivorship= 33.9224128285423
ICWorkerMiteSurvivorship= 32.5782753992826
ICForagerLifespan= 15.9671753859147
ImmType= Sine
AIAdultSlope= 2.65783896344947
AIAdultLD50= 0.150725821149535
AIAdultSlopeContact= 2.64081658830168
AIAdultLD50Contact= 0.0127360332640819
AILarvaSlope= 2.63566289311275
AILarvaLD50= 0.187816565972753
AIKOW= 3.1690099844709
AIKOC= 6.32103404030204
AIHalfLife= 3.71043114108033
EAppRate= 0.418025450292043
