ICQueenStrength= 1.52681756787933
RQWkrDrnRatio= 3.58727030549198
ICDroneMiteSurvivorship= 9.48935870546848
ICWorkerMiteSurvivorship= 14.8403924191371
ICForagerLifespan= 11.5625207750127
ImmType= Sine
AIAdultSlope= 1.55467307814397
AIAdultLD50= 2.59547054744326
AIAdultSlopeContact= 0.58106599254068
AIAdultLD50Contact= 0.00344699992565438
AILarvaSlope= 3.36675149672665
AILarvaLD50= 0.237581474706531
AIKOW= 5.44806624855846
AIKOC= 21.4235974429175
AIHalfLife= 9.31255167722702
EAppRate= 0.186786097008735
