ICQueenStrength= 5.68237001914531
RQWkrDrnRatio= 1.9862334895879
ICDroneMiteSurvivorship= 34.460288239643
ICWorkerMiteSurvivorship= 38.3762794546783
ICForagerLifespan= 14.4700410077348
ImmType= Cosine
AIAdultSlope= 3.38234699275345
AIAdultLD50= 2.17525317287073
AIAdultSlopeContact= 2.4113334464212
AIAdultLD50Contact= 0.0131142368772998
AILarvaSlope= 0.133104013232514
AILarvaLD50= 0.293477905914187
AIKOW= 4.08169050561264
AIKOC= 28.2619241171051
AIHalfLife= 12.1734636109322
EAppRate= 0.494995184242725
