ICQueenStrength= 5.81318162404932
RQWkrDrnRatio= 1.12499884795398
ICDroneMiteSurvivorship= 20.3057256061584
ICWorkerMiteSurvivorship= 67.7727756788954
ICForagerLifespan= 9.64830263517797
ImmType= Logarithmic
AIAdultSlope= 8.09772642329335
AIAdultLD50= 0.628915751120076
AIAdultSlopeContact= 6.54115257086232
AIAdultLD50Contact= 0.115392752690241
AILarvaSlope= 9.6309477230534
AILarvaLD50= 0.320233722683042
AIKOW= 0.736000156030059
AIKOC= 37.7959342673421
AIHalfLife= 13.698933089152
EAppRate= 1.65156297432259
