ICQueenStrength= 4.46538679208606
RQWkrDrnRatio= 1.64416248351336
ICDroneMiteSurvivorship= 68.5738333733752
ICWorkerMiteSurvivorship= 29.1285055922344
ICForagerLifespan= 11.2840313436463
ImmType= Polynomial
AIAdultLD50= 0.154012839635834
AIAdultSlopeContact= 1.9320646957797
AIAdultLD50Contact= 0.0255121433874592
AILarvaSlope= 0.139657532656565
AILarvaLD50= 0.306040699454024
AIKOW= 2.35630608303472
AIKOC= 18.7396500096656
AIHalfLife= 1.79363335482776
EAppRate= 1.31102520227432
