ICQueenStrength= 1.4370560310781
RQWkrDrnRatio= 1.44036461040378
ICDroneMiteSurvivorship= 14.2898100661114
ICWorkerMiteSurvivorship= 3.79009214229882
ICForagerLifespan= 6.82004873361439
ImmType= Polynomial
AIAdultSlopeContact= 0.42801415956812
AIAdultLD50Contact= 0.0337378051131964
AILarvaSlope= 0.120127274142578
AILarvaLD50= 0.415560087980703
AIKOW= 3.12559114350006
AIKOC= 11.8698766059242
AIHalfLife= 5.66109951166436
