ICQueenStrength= 3.31341724749655
RQWkrDrnRatio= 3.39054570440203
ICDroneMiteSurvivorship= 31.6752749262378
ICWorkerMiteSurvivorship= 56.4405550481752
ICForagerLifespan= 15.1555094560608
ImmType= Logarithmic
AIAdultSlope= 0.572368299197406
AIAdultLD50= 0.327353552915156
AIAdultSlopeContact= 2.56417817459442
AIAdultLD50Contact= 0.0320986996055581
AILarvaSlope= 3.39341022023
AILarvaLD50= 0.138944008690305
AIKOW= 4.76829659054056
AIKOC= 27.4940959305968
AIHalfLife= 2.21749719232321
EAppRate= 0.194201054610312
