ICQueenStrength= 4.81516502704471
RQWkrDrnRatio= 4.27768966276199
ICDroneMiteSurvivorship= 41.1987758008763
ICWorkerMiteSurvivorship= 62.1688687941059
ICForagerLifespan= 10.0644538067281
ImmType= Logarithmic
AIAdultSlope= 0.0494992495980114
AIAdultSlopeContact= 1.19102741160896
AIAdultLD50Contact= 0.0209916152758524
AILarvaSlope= 2.847684210632
AILarvaLD50= 0.300232947268523
AIKOW= 3.63788357982412
AIKOC= 27.8007287951186
AIHalfLife= 7.88858377048746
