ICQueenStrength= 3.49829722335562
RQWkrDrnRatio= 4.78161846473813
ICDroneMiteSurvivorship= 17.7493510534987
ICWorkerMiteSurvivorship= 0.162102351896465
ICForagerLifespan= 7.83779155928642
ImmType= Tangent
AIAdultLD50= 0.154012839635834
AIAdultSlopeContact= 2.24811377231497
AIAdultLD50Contact= 0.0152959229191765
AILarvaSlope= 1.46673739952967
AILarvaLD50= 0.0627560437191278
AIKOW= 7.83012500917539
AIKOC= 16.8751759524457
AIHalfLife= 4.22844803147018
EAppRate= 0.0261124460957944
