ICQueenStrength= 3.70395510480739
RQWkrDrnRatio= 4.51236520893872
ICDroneMiteSurvivorship= 96.5656417887658
ICWorkerMiteSurvivorship= 88.0006543593481
ICForagerLifespan= 10.1054018987343
ImmType= Exponential
AIAdultSlopeContact= 3.5731700469763
AIAdultLD50Contact= 0.0463956517167389
AILarvaSlope= 3.22386691519059
AILarvaLD50= 0.605610763910227
AIKOW= 6.49937764229253
AIKOC= 19.2792715516407
AIHalfLife= 7.57316696550697
