ICQueenStrength= 1.55238773114979
RQWkrDrnRatio= 1.90154721029103
ICDroneMiteSurvivorship= 99.2957818089053
ICWorkerMiteSurvivorship= 98.6225900473073
ICForagerLifespan= 10.0950815407559
ImmType= Exponential
AIAdultSlope= 0.29696607212536
AIAdultLD50= 1.40064720343798
AIAdultSlopeContact= 3.82723139012698
AIAdultLD50Contact= 0.0287077941582538
AILarvaSlope= 2.43424014658667
AILarvaLD50= 0.589859975525178
AIKOW= 2.68808946525678
AIKOC= 24.8068806785159
AIHalfLife= 10.0819621658884
EAppRate= 0.255437062587589
