ICQueenStrength= 4.65234661847353
RQWkrDrnRatio= 2.59756210073829
ICDroneMiteSurvivorship= 18.2962360791862
ICWorkerMiteSurvivorship= 31.9710876327008
ICForagerLifespan= 15.3465960193425
ImmType= Tangent
AIAdultSlopeContact= 3.49729917131597
AIAdultLD50Contact= 0.0315671694348566
AILarvaSlope= 3.39293202064
AILarvaLD50= 0.617589919455349
AIKOW= 5.92771916696802
AIKOC= 5.03671669983305
AIHalfLife= 2.73375081364065
