ICQueenStrength= 5.34714248287492
RQWkrDrnRatio= 2.8474175715819
ICDroneMiteSurvivorship= 67.2961444361135
ICWorkerMiteSurvivorship= 4.3781858868897
ICForagerLifespan= 4.19048372562975
ImmType= Exponential
AIAdultSlope= 0.692701925802976
AIAdultLD50= 1.95047953468747
AIAdultSlopeContact= 1.98970893172547
AIAdultLD50Contact= 0.0172277285484597
AILarvaSlope= 1.00031102495268
AILarvaLD50= 0.44007882066071
AIKOW= 4.19374458445236
AIKOC= 13.9211180515122
AIHalfLife= 12.6357645536773
EAppRate= 0.41110871033743
