ICQueenStrength= 1.93829669407569
RQWkrDrnRatio= 4.98255510255694
ICDroneMiteSurvivorship= 44.8310941457748
ICWorkerMiteSurvivorship= 42.2809442039579
ICForagerLifespan= 12.2420208472759
ImmType= Polynomial
AIAdultSlope= 1.87259500916116
AIAdultLD50= 0.822333485819399
AIAdultSlopeContact= 2.04885293480242
AIAdultLD50Contact= 0.033541311591398
AILarvaSlope= 1.38527319165878
AILarvaLD50= 0.0314737314591184
AIKOW= 4.78135242173448
AIKOC= 10.688610317884
AIHalfLife= 11.4594485745765
EAppRate= 0.380155071383342
