ICQueenStrength= 5.85190914012492
RQWkrDrnRatio= 3.12849643174559
ICDroneMiteSurvivorship= 39.4141629571095
ICWorkerMiteSurvivorship= 22.2416398813948
ICForagerLifespan= 8.93353642337024
ImmType= Logarithmic
AIAdultSlopeContact= 2.16158133670455
AIAdultLD50Contact= 0.0110910304822028
AILarvaSlope= 3.31773409610614
AILarvaLD50= 0.23750719469972
AIKOW= 3.38972052792087
AIKOC= 9.81843005982228
AIHalfLife= 0.981349572073668
