ICQueenStrength= 5.6487208083272
RQWkrDrnRatio= 3.77484396006912
ICDroneMiteSurvivorship= 38.6935362359509
ICWorkerMiteSurvivorship= 71.8614841345698
ICForagerLifespan= 13.9157449910417
ImmType= Sine
AIAdultSlopeContact= 3.85573772356147
AIAdultLD50Contact= 0.0130073736887425
AILarvaSlope= 1.37458708523773
AILarvaLD50= 0.0861231936374679
AIKOW= 5.63517615059391
AIKOC= 14.2113953898661
AIHalfLife= 5.21106408676133
