ICQueenStrength= 5.79815948405303
RQWkrDrnRatio= 3.95387029275298
ICDroneMiteSurvivorship= 70.6557041034102
ICWorkerMiteSurvivorship= 23.5570466844365
ICForagerLifespan= 12.8476226525381
ImmType= Polynomial
AIAdultSlopeContact= 0.295418255883269
AIAdultLD50Contact= 0.046520700363908
AILarvaSlope= 3.29708083160222
AILarvaLD50= 0.838551648007706
AIKOW= 2.90325943240896
AIKOC= 7.07111526397057
AIHalfLife= 4.77572237513959
