ICQueenStrength= 2.09062277153134
RQWkrDrnRatio= 3.22755184303969
