ICQueenStrength= 5.8618771135807
RQWkrDrnRatio= 1.93816781230271
ICDroneMiteSurvivorship= 21.3342599337921
ICWorkerMiteSurvivorship= 63.8964122161269
ICForagerLifespan= 10.8462399924174
ImmType= Cosine
AIAdultSlope= 9.02851030230522
AIAdultLD50= 0.612510713748634
AIAdultSlopeContact= 2.00261254329234
AIAdultLD50Contact= 0.0167691811919212
AILarvaSlope= 5.59769063256681
AILarvaLD50= 1.99905726825818
AIKOW= 95.8771319594234
AIKOC= 92.0092277228832
AIHalfLife= 5.9983665519394
EAppRate= 1.24074703780934
