ICQueenStrength= 5.379420139594
RQWkrDrnRatio= 2.41846324317157
ICDroneMiteSurvivorship= 42.8064019884914
ICWorkerMiteSurvivorship= 47.623046208173
ICForagerLifespan= 5.90906905010343
ImmType= Polynomial
AIAdultSlope= 1.30119204283692
AIAdultLD50= 1.49215310672298
AIAdultSlopeContact= 2.30136503911112
AIAdultLD50Contact= 0.0168388401623815
AILarvaSlope= 1.69811785332859
AILarvaLD50= 0.166023891186342
AIKOW= 4.87466250872239
AIKOC= 29.6593541523907
AIHalfLife= 7.85885219229385
EAppRate= 0.708588487002999
