ICQueenStrength= 3.53344037220813
RQWkrDrnRatio= 1.11383475735784
ICDroneMiteSurvivorship= 21.2781393900514
ICWorkerMiteSurvivorship= 36.2433821195737
ICForagerLifespan= 5.31015199702233
ImmType= Exponential
AIAdultSlope= 0.949511101981625
AIAdultLD50= 1.02735042292625
AIAdultSlopeContact= 0.391365627651103
AIAdultLD50Contact= 0.0171133248368278
AILarvaSlope= 1.38785738311708
AILarvaLD50= 0.445503829163499
AIKOW= 4.83531238045543
AIKOC= 17.9540350171737
AIHalfLife= 0.403455492574722
EAppRate= 0.0157728549093008
