ICQueenStrength= 2.85092372936197
RQWkrDrnRatio= 4.95903514511883
ICDroneMiteSurvivorship= 3.30330922733992
ICWorkerMiteSurvivorship= 89.0740966424346
ICForagerLifespan= 7.65123516879976
ImmType= Exponential
AIAdultSlope= 1.44789836984128
AIAdultLD50= 0.0511433787178248
AIAdultSlopeContact= 0.911975978091359
AIAdultLD50Contact= 0.00953557923203334
AILarvaSlope= 2.72819680948742
AILarvaLD50= 0.827658394840546
AIKOW= 6.7906183260493
AIKOC= 25.047277509002
AIHalfLife= 8.73641019919887
EAppRate= 0.243182020727545
