ICQueenStrength= 1.55519485729747
RQWkrDrnRatio= 2.47416940517724
ICDroneMiteSurvivorship= 75.3891608444974
ICWorkerMiteSurvivorship= 62.1361136902124
ICForagerLifespan= 9.98023175355047
ImmType= Logarithmic
AIAdultSlope= 2.13876737533137
AIAdultLD50= 0.0975125022232533
AIAdultSlopeContact= 0.899104536236264
AIAdultLD50Contact= 0.0457859747926705
AILarvaSlope= 1.53782203369774
AILarvaLD50= 0.401817432185635
AIKOW= 5.66631664335728
AIKOC= 13.7920095422305
AIHalfLife= 6.90468112984672
EAppRate= 0.577901653945446
