ICQueenStrength= 5.64844613103196
RQWkrDrnRatio= 2.63723710924387
ICDroneMiteSurvivorship= 87.7462334930897
ICWorkerMiteSurvivorship= 1.62077189888805
ICForagerLifespan= 4.90699456911534
ImmType= Logarithmic
AIAdultSlope= 2.96344369882718
