ICQueenStrength= 3.29724585078657
RQWkrDrnRatio= 2.22542129084468
ICDroneMiteSurvivorship= 79.3548495043069
ICWorkerMiteSurvivorship= 82.3654275154695
ICForagerLifespan= 6.35909840185195
ImmType= Polynomial
AIAdultSlope= 2.61385216480121
AIAdultLD50= 2.4642107700929
AIAdultSlopeContact= 0.753840970296878
AIAdultLD50Contact= 0.0396280838525854
AILarvaSlope= 0.670400871010497
AILarvaLD50= 0.086279374267906
AIKOW= 2.38143710186705
AIKOC= 28.3054593962152
AIHalfLife= 12.6003704001196
EAppRate= 0.202886932529509
