ICQueenStrength= 2.3111412350554
RQWkrDrnRatio= 4.34750203881413
ICDroneMiteSurvivorship= 90.1706021744758
ICWorkerMiteSurvivorship= 20.8088024519384
ICForagerLifespan= 4.79618581477553
ImmType= Cosine
AIAdultSlope= 1.8837208889192
AIAdultLD50= 0.423417387879454
AIAdultSlopeContact= 3.01350654172478
AIAdultLD50Contact= 0.0207111759227701
AILarvaSlope= 3.08118630750105
AILarvaLD50= 0.633410787046887
AIKOW= 5.61298549501225
AIKOC= 27.4132985284086
AIHalfLife= 4.96025780914351
EAppRate= 0
