ICQueenStrength= 2.26043047523126
RQWkrDrnRatio= 2.62308512441814
ICDroneMiteSurvivorship= 32.2458222974092
ICWorkerMiteSurvivorship= 41.3217506371439
ICForagerLifespan= 15.9088666038588
ImmType= Cosine
AIAdultLD50= 0.154012839635834
AIAdultSlopeContact= 0.612423194388393
AIAdultLD50Contact= 0.0238632229506038
AILarvaSlope= 2.19957713442855
AILarvaLD50= 0.829183243238367
AIKOW= 6.98490358702838
AIKOC= 9.17632731841877
AIHalfLife= 4.26729826210067
EAppRate= 1.52228263160214
