ICQueenStrength= 2.94050880847499
RQWkrDrnRatio= 1.67559888120741
ICDroneMiteSurvivorship= 53.0909909401089
ICWorkerMiteSurvivorship= 76.5059631317854
ICForagerLifespan= 4.17820927500725
ImmType= Polynomial
AIAdultSlope= 1.69483382096514
AIAdultLD50= 0.149758101906627
AIAdultSlopeContact= 0.647244543302804
AIAdultLD50Contact= 0.0458350735483691
AILarvaSlope= 0.174363054288551
AILarvaLD50= 0.0641575599554926
AIKOW= 3.41754207899794
AIKOC= 26.7750237789005
AIHalfLife= 13.0018457723781
EAppRate= 0.890656933421269
