ICQueenStrength= 5.95752011891454
RQWkrDrnRatio= 4.79159558564425
ICDroneMiteSurvivorship= 89.714844385162
ICWorkerMiteSurvivorship= 11.9203610578552
ICForagerLifespan= 15.0189385563135
ImmType= Logarithmic
AIAdultLD50= 0.154012839635834
AIAdultSlopeContact= 0.172736491828691
AIAdultLD50Contact= 0.00170239808503538
AILarvaSlope= 2.06406074543484
AILarvaLD50= 0.592621014872566
AIKOW= 7.79193974193186
AIKOC= 6.28062337753363
AIHalfLife= 5.56338054081425
EAppRate= 1.08352377498522
