ICQueenStrength= 4.78739890758879
RQWkrDrnRatio= 2.13038442283869
ICDroneMiteSurvivorship= 3.64618438761681
ICWorkerMiteSurvivorship= 87.6305551733822
ICForagerLifespan= 15.0552952652797
ImmType= Exponential
AIAdultSlope= 2.0538480184041
AIAdultLD50= 0.141767106251791
AIAdultSlopeContact= 0.183390468971338
AIAdultLD50Contact= 0.0128187230555341
AILarvaSlope= 0.27944780564867
AILarvaLD50= 0.504400274693035
AIKOW= 6.84967231797054
AIKOC= 13.5755835054442
AIHalfLife= 7.21766427950934
EAppRate= 0.0924091474153101
