ICQueenStrength= 2.94495404721238
RQWkrDrnRatio= 3.56165109947324
ICDroneMiteSurvivorship= 63.7006972450763
ICWorkerMiteSurvivorship= 31.997022475116
ICForagerLifespan= 5.26931287534535
ImmType= Polynomial
AIAdultSlope= 0.93136460641399
AIAdultLD50= 0.201825110591017
AIAdultSlopeContact= 3.54911765625933
AIAdultLD50Contact= 0.0144671202288009
AILarvaSlope= 0.695758605282754
AILarvaLD50= 0.0800508153392002
AIKOW= 7.98425215436146
AIKOC= 16.1886713420972
AIHalfLife= 0.469771286007017
EAppRate= 0.295344582246616
