ICQueenStrength= 1.41915546753444
RQWkrDrnRatio= 3.04790936503559
ICDroneMiteSurvivorship= 21.0757525637746
ICWorkerMiteSurvivorship= 9.93017815053463
ICForagerLifespan= 14.2624975778162
ImmType= Exponential
AIAdultSlope= 2.61596375424415
AIAdultLD50= 2.16384781734087
AIAdultSlopeContact= 1.28390187788056
AIAdultLD50Contact= 0.00661626613000408
AILarvaSlope= 1.71513067646883
AILarvaLD50= 0.477837983309291
AIKOW= 7.75439974013716
AIKOC= 8.38933463208377
AIHalfLife= 13.4845749828964
EAppRate= 0.139261738397181
