ICQueenStrength= 4.41667105909437
RQWkrDrnRatio= 4.68836776446551
ICDroneMiteSurvivorship= 49.3654993129894
ICWorkerMiteSurvivorship= 44.789000111632
ICForagerLifespan= 15.3171786852181
ImmType= Logarithmic
AIAdultSlope= 0.696866526082158
AIAdultLD50= 1.72008081176318
AIAdultSlopeContact= 3.69523104747757
AIAdultLD50Contact= 0.0055700194905512
AILarvaSlope= 2.72446304038167
AILarvaLD50= 0.0277507100952789
AIKOW= 3.31629247171804
AIKOC= 6.18338601314463
AIHalfLife= 7.43405104195699
EAppRate= 0.955301755806431
