ICQueenStrength= 2.50189125793986
RQWkrDrnRatio= 3.85247709229589
ICDroneMiteSurvivorship= 25.7712505292147
ICWorkerMiteSurvivorship= 41.247445740737
ICForagerLifespan= 14.3540378510952
ImmType= Exponential
AIAdultSlope= 1.55616729258327
AIAdultLD50= 0.219645385397598
AIAdultSlopeContact= 0.00274068391649053
AIAdultLD50Contact= 0.00485209622420371
AILarvaSlope= 2.19357237443328
AILarvaLD50= 0.399397110706195
AIKOW= 5.48262588586658
AIKOC= 19.8432628368028
AIHalfLife= 4.4226747576613
EAppRate= 0.0454968997277319
