ICQueenStrength= 4.03582400199957
RQWkrDrnRatio= 2.86007954739034
ICDroneMiteSurvivorship= 18.8460066681728
ICWorkerMiteSurvivorship= 66.2782611791044
ICForagerLifespan= 12.5711547266692
ImmType= Tangent
AIAdultSlope= 2.95084917438216
AIAdultLD50= 0.497824111254886
AIAdultSlopeContact= 2.50821188299684
AIAdultLD50Contact= 0.0424984169076197
AILarvaSlope= 3.20152502288111
AILarvaLD50= 0.16084283797536
AIKOW= 3.95765790343285
AIKOC= 9.87829256453551
AIHalfLife= 1.69208497507498
EAppRate= 0.526544334599748
