ICQueenStrength= 2.07137975282967
RQWkrDrnRatio= 1.34298231080174
ICDroneMiteSurvivorship= 79.4212190899998
ICWorkerMiteSurvivorship= 1.67717388831079
ICForagerLifespan= 14.8966745957732
ImmType= Exponential
AIAdultSlopeContact= 2.43983651596354
AIAdultLD50Contact= 0.0162489356822334
AILarvaSlope= 1.41241456447169
AILarvaLD50= 0.653094496205449
AIKOW= 3.78423677245155
AIKOC= 5.5009085056372
AIHalfLife= 10.2470584344119
