ICQueenStrength= 5.08861649571918
RQWkrDrnRatio= 1.48480994161218
ICDroneMiteSurvivorship= 34.3707446241751
ICWorkerMiteSurvivorship= 60.8517763204873
ICForagerLifespan= 12.4081668592989
ImmType= Logarithmic
AIAdultSlope= 2.90712553174235
AIAdultLD50= 2.95132837607525
AIAdultSlopeContact= 0.773700735548046
AIAdultLD50Contact= 0.0460199377499521
AILarvaSlope= 3.03692570775747
AILarvaLD50= 0.888229683972895
AIKOW= 5.28197933454067
AIKOC= 9.72688940353692
AIHalfLife= 12.3837266354822
EAppRate= 0.0748885283246636
