ICQueenStrength= 4.03843520232476
RQWkrDrnRatio= 1.4875404862687
ICDroneMiteSurvivorship= 15.3448535595089
ICWorkerMiteSurvivorship= 30.8763466775417
ICForagerLifespan= 14.2451513297856
ImmType= Cosine
AIAdultSlope= 0.363450502138585
AIAdultLD50= 2.03655423014425
AIAdultSlopeContact= 2.92497110025259
AIAdultLD50Contact= 0.0309481316711754
AILarvaSlope= 1.42601003148593
AILarvaLD50= 0.0637067189672962
AIKOW= 6.27448380691931
AIKOC= 17.2520102304406
AIHalfLife= 0.448209677357227
EAppRate= 0.77718913462013
