ICQueenStrength= 3.30958532425575
RQWkrDrnRatio= 3.65080585516989
ICDroneMiteSurvivorship= 93.6679697129875
ICWorkerMiteSurvivorship= 87.8613230306655
ICForagerLifespan= 12.0377513580024
ImmType= Logarithmic
AIAdultSlope= 2.56711583398981
AIAdultLD50= 0.239041713881306
AIAdultSlopeContact= 3.54071978897089
AIAdultLD50Contact= 0.0107999783125706
AILarvaSlope= 2.57964193709195
AILarvaLD50= 0.620907177287154
AIKOW= 2.25652366364375
AIKOC= 17.0071247918531
AIHalfLife= 1.17416064953431
EAppRate= 0.161756092612632
