ICQueenStrength= 5.31823396589607
RQWkrDrnRatio= 1.89474766049534
ICDroneMiteSurvivorship= 8.60532226506621
ICWorkerMiteSurvivorship= 11.4758662413806
ICForagerLifespan= 8.18399442452937
ImmType= Sine
AIAdultSlopeContact= 0.732580488394015
AIAdultLD50Contact= 0.0244599138619378
AILarvaSlope= 0.940430676192045
AILarvaLD50= 0.323221904668026
AIKOW= 3.04716758197173
AIKOC= 15.1707940746564
AIHalfLife= 5.37962312111631
