ICQueenStrength= 1.60326501145028
RQWkrDrnRatio= 3.74205680005252
ICDroneMiteSurvivorship= 0.577724096365273
ICWorkerMiteSurvivorship= 61.8875368265435
ICForagerLifespan= 13.0335536077619
ImmType= Logarithmic
AIAdultSlope= 1.23930232628016
AIAdultLD50= 0.333196994266473
AIAdultSlopeContact= 1.21823050319916
AIAdultLD50Contact= 0.0361331028514542
AILarvaSlope= 1.51317358915694
AILarvaLD50= 0.136311126756482
AIKOW= 4.75056959595531
AIKOC= 23.610924197128
AIHalfLife= 0.934911106014624
EAppRate= 0
