ICQueenStrength= 3.56491362699308
RQWkrDrnRatio= 3.38070531096309
ICDroneMiteSurvivorship= 10.1610012585297
ICWorkerMiteSurvivorship= 33.5545939393342
ICForagerLifespan= 11.4382226970047
ImmType= Sine
AIAdultSlope= 1.23688663799549
AIAdultLD50= 0.348133204388432
AIAdultSlopeContact= 1.61499485916691
AIAdultLD50Contact= 0.0153983334428631
AILarvaSlope= 2.10954862786457
AILarvaLD50= 0.397396687162109
AIKOW= 2.07703226897866
AIKOC= 16.8088400748093
AIHalfLife= 0.0693067268002778
EAppRate= 0.679505515308119
