ICQueenStrength= 5.37730578822084
RQWkrDrnRatio= 1.33299861103296
ICDroneMiteSurvivorship= 90.9925849409774
ICWorkerMiteSurvivorship= 27.9964020242915
ICForagerLifespan= 10.4464712645859
ImmType= Polynomial
AIAdultSlopeContact= 3.37319105162518
AIAdultLD50Contact= 0.0450721363537014
AILarvaSlope= 2.26480517056771
AILarvaLD50= 0.548744031856768
AIKOW= 6.89326758543029
AIKOC= 16.4165712206159
AIHalfLife= 3.00404534023255
