ICQueenStrength= 4.57460816577077
RQWkrDrnRatio= 2.02391123399138
