ICQueenStrength= 5.42325749085285
RQWkrDrnRatio= 3.79661723878235
ICDroneMiteSurvivorship= 5.86633821949363
ICWorkerMiteSurvivorship= 62.0658459374681
ICForagerLifespan= 7.49704346060753
ImmType= Sine
AIAdultSlope= 0.756586474366486
AIAdultLD50= 0.0237231573555619
AIAdultSlopeContact= 3.46659372215392
AIAdultLD50Contact= 0.0144054119824432
AILarvaSlope= 1.42509491392411
AILarvaLD50= 0.748420982435346
AIKOW= 7.75873658712953
AIKOC= 26.8299296044279
AIHalfLife= 10.0014753509313
EAppRate= 0.671994137112051
