ICQueenStrength= 4.70299809263088
RQWkrDrnRatio= 1.68439758662134
ICDroneMiteSurvivorship= 94.8154795914888
ICWorkerMiteSurvivorship= 42.8824382368475
ICForagerLifespan= 8.88273148145527
ImmType= Tangent
AIAdultSlope= 0.242287792265415
AIAdultLD50= 1.54507833905518
AIAdultSlopeContact= 2.03242040819256
AIAdultLD50Contact= 0.0329257413512096
AILarvaSlope= 2.45926305470057
AILarvaLD50= 0.481156677589752
AIKOW= 4.17753240233287
AIKOC= 27.4011332611553
AIHalfLife= 13.5433263438754
EAppRate= 0.314638986485079
