ICQueenStrength= 3.87449697614647
RQWkrDrnRatio= 1.61232951469719
ICDroneMiteSurvivorship= 91.9892301550135
ICWorkerMiteSurvivorship= 28.6433442961425
ICForagerLifespan= 14.416529353708
ImmType= Polynomial
AIAdultSlope= 2.03803201941773
AIAdultLD50= 0.676431085215881
AIAdultSlopeContact= 2.50598767638439
AIAdultLD50Contact= 0.0407923591905274
AILarvaSlope= 0.632285605510697
AILarvaLD50= 0.492435713927262
AIKOW= 3.96085631474853
AIKOC= 8.0688013357576
AIHalfLife= 12.3087937687524
EAppRate= 0.493188669206575
