ICQueenStrength= 3.34022852499038
RQWkrDrnRatio= 1.16830633208156
ICDroneMiteSurvivorship= 60.5799915036187
ICWorkerMiteSurvivorship= 86.2049299292266
ICForagerLifespan= 7.19488637894392
ImmType= Polynomial
AIAdultSlope= 2.59507339524804
AIAdultLD50= 0.189934121328406
AIAdultSlopeContact= 2.40045242609689
AIAdultLD50Contact= 0.0201627102447674
AILarvaSlope= 1.51084501077421
AILarvaLD50= 0.220299881324172
AIKOW= 3.96569990646094
AIKOC= 19.1292263637297
AIHalfLife= 3.99702530005015
EAppRate= 0.0911442060722038
