ICQueenStrength= 2.10420972690918
RQWkrDrnRatio= 4.75798805430532
ICDroneMiteSurvivorship= 2.82078289892524
ICWorkerMiteSurvivorship= 85.074327327311
ICForagerLifespan= 4.65653942711651
ImmType= Sine
AIAdultSlope= 2.16090868827887
AIAdultLD50= 2.16094176680781
AIAdultSlopeContact= 2.86339509949554
AIAdultLD50Contact= 0.0102981545729563
AILarvaSlope= 0.0556712259538472
AILarvaLD50= 0.892701745103113
AIKOW= 4.80399810988456
AIKOC= 13.0514980712906
AIHalfLife= 0.91723740240559
EAppRate= 0.565597153734416
