ICQueenStrength= 3.18349488335662
RQWkrDrnRatio= 2.00914320535958
ICDroneMiteSurvivorship= 15.1149002835155
ICWorkerMiteSurvivorship= 65.4318146407604
ICForagerLifespan= 7.46498817112297
ImmType= Tangent
AIAdultSlope= 0.889131838702597
AIAdultLD50= 0.400350853800774
AIAdultSlopeContact= 0.204126803835388
AIAdultLD50Contact= 0.0196577401366085
AILarvaSlope= 0.346782733732834
AILarvaLD50= 0.103578038234264
AIKOW= 2.24712195666507
AIKOC= 24.9396782903932
AIHalfLife= 2.15237458935007
EAppRate= 0.482321825181134
