ICQueenStrength= 3.76936462707818
RQWkrDrnRatio= 3.92870142031461
