ICQueenStrength= 5.42186636035331
RQWkrDrnRatio= 2.00063555967063
ICDroneMiteSurvivorship= 37.942414986901
ICWorkerMiteSurvivorship= 87.3494726605713
ICForagerLifespan= 10.3162758639082
ImmType= Cosine
AIAdultSlope= 6.71215140959248
