ICQueenStrength= 5.87210813560523
RQWkrDrnRatio= 3.28529320657253
ICDroneMiteSurvivorship= 28.2037161290646
ICWorkerMiteSurvivorship= 12.3767541488633
ICForagerLifespan= 12.6278584497049
ImmType= Logarithmic
AIAdultSlope= 0.481718206731603
AIAdultLD50= 0.919663208071142
AIAdultSlopeContact= 2.51445466187317
AIAdultLD50Contact= 0.00170035527553409
AILarvaSlope= 0.125515129324049
AILarvaLD50= 0.741538635478355
AIKOW= 7.25666545983404
AIKOC= 22.5161187304184
AIHalfLife= 1.94991826592013
EAppRate= 0.183487184345722
