ICQueenStrength= 1.64374522073194
RQWkrDrnRatio= 2.22323483321816
ICDroneMiteSurvivorship= 68.6677139485255
ICWorkerMiteSurvivorship= 43.0634699994698
ICForagerLifespan= 6.85683006420732
ImmType= Polynomial
AIAdultSlope= 1.8707141187042
