ICQueenStrength= 4.00847698817961
RQWkrDrnRatio= 4.69821271020919
ICDroneMiteSurvivorship= 46.7673903563991
ICWorkerMiteSurvivorship= 95.7459535915405
ICForagerLifespan= 14.655180901289
ImmType= Polynomial
AIAdultSlope= 5.66953350557014
