ICQueenStrength= 3.03221368603408
RQWkrDrnRatio= 1.91660260409117
ICDroneMiteSurvivorship= 77.6072819950059
ICWorkerMiteSurvivorship= 55.2688220748678
ICForagerLifespan= 13.2810865165666
ImmType= Logarithmic
AIAdultSlope= 1.02215490415692
AIAdultLD50= 0.0682282617781311
AIAdultSlopeContact= 0.216121312812902
AIAdultLD50Contact= 0.00934480327414349
AILarvaSlope= 1.27095218328759
AILarvaLD50= 0.0406611151993275
AIKOW= 5.79846128774807
AIKOC= 15.6517450709362
AIHalfLife= 3.24108057073317
EAppRate= 0.253545494005084
