ICQueenStrength= 1.7663327967748
RQWkrDrnRatio= 1.30839299410582
ICDroneMiteSurvivorship= 7.698611356318
ICWorkerMiteSurvivorship= 85.5516092618927
ICForagerLifespan= 6.90149328112602
ImmType= Polynomial
AIAdultSlope= 3.23633363060653
AIAdultLD50= 0.605672430479899
AIAdultSlopeContact= 3.38422365215141
AIAdultLD50Contact= 0.0172265636734664
AILarvaSlope= 1.57026430335827
AILarvaLD50= 0.691358611104079
AIKOW= 7.25700195133686
AIKOC= 24.9198327376507
AIHalfLife= 12.4567399490625
EAppRate= 0.951477698748931
