ICQueenStrength= 5.64935913681984
RQWkrDrnRatio= 4.0700575504452
ICDroneMiteSurvivorship= 86.3930358551443
ICWorkerMiteSurvivorship= 35.4779856977984
ICForagerLifespan= 7.56412413343787
ImmType= Sine
AIAdultSlope= 1.82409730415326
AIAdultLD50= 0.17755389935337
AIAdultSlopeContact= 2.85966768617509
AIAdultLD50Contact= 0.00563612504629418
AILarvaSlope= 2.7467245163396
AILarvaLD50= 0.540143359545618
AIKOW= 6.98332846257836
AIKOC= 8.08400404755957
AIHalfLife= 1.14035562612116
EAppRate= 0
