ICQueenStrength= 1.44758594944142
RQWkrDrnRatio= 4.65036700479686
ICDroneMiteSurvivorship= 77.2945267613977
ICWorkerMiteSurvivorship= 16.4425566093996
ICForagerLifespan= 15.0033759465441
ImmType= Polynomial
AIAdultSlope= 2.59955989117734
AIAdultLD50= 0.734939606627449
AIAdultSlopeContact= 3.83975192285841
AIAdultLD50Contact= 0.0387563179712743
AILarvaSlope= 3.00839670719579
AILarvaLD50= 0.630218831123784
AIKOW= 5.52314315084368
AIKOC= 5.75335479923524
AIHalfLife= 7.64791235467419
EAppRate= 0.920652243308723
