ICQueenStrength= 3.88318057893775
RQWkrDrnRatio= 4.85195370949805
ICDroneMiteSurvivorship= 49.2077094735578
ICWorkerMiteSurvivorship= 35.6613227631897
ICForagerLifespan= 7.98795587196946
ImmType= Tangent
AIAdultSlope= 3.40530047309585
AIAdultLD50= 0.325593321816996
AIAdultSlopeContact= 0.250654807852115
AIAdultLD50Contact= 0.0142218441236764
AILarvaSlope= 1.03500138381496
AILarvaLD50= 0.879846541956067
AIKOW= 2.12372725922614
AIKOC= 19.1109640419018
AIHalfLife= 2.79127094778232
EAppRate= 0.204436269984581
