ICQueenStrength= 1.93284676899202
RQWkrDrnRatio= 2.54622427374125
ICDroneMiteSurvivorship= 92.8924456704408
ICWorkerMiteSurvivorship= 28.7614974891767
ICForagerLifespan= 12.3693012762815
ImmType= Exponential
AIAdultSlope= 0.578899467689917
AIAdultLD50= 0.981726705562323
AIAdultSlopeContact= 0.535821444795001
AIAdultLD50Contact= 0.0083050315733999
AILarvaSlope= 0.59369171531871
AILarvaLD50= 0.486092458292842
AIKOW= 3.6965277036652
AIKOC= 9.77797969942912
AIHalfLife= 1.46088830661029
EAppRate= 0.0669053168967366
