ICQueenStrength= 1.89419102645479
RQWkrDrnRatio= 4.99334920197725
ICDroneMiteSurvivorship= 91.0779282217845
ICWorkerMiteSurvivorship= 72.6976397214457
ICForagerLifespan= 10.7940745670348
ImmType= Tangent
AIAdultLD50= 0.154012839635834
AIAdultSlopeContact= 0.637587574033532
AIAdultLD50Contact= 0.0379158749710768
AILarvaSlope= 1.68547237967141
AILarvaLD50= 0.292018292401917
AIKOW= 6.12102374248207
AIKOC= 18.4688591118902
AIHalfLife= 10.0181210865267
EAppRate= 0.889591390267015
