ICQueenStrength= 2.52193511370569
RQWkrDrnRatio= 2.95862018782645
ICDroneMiteSurvivorship= 27.5988444453105
ICWorkerMiteSurvivorship= 89.1116135753691
ICForagerLifespan= 8.8066096547991
ImmType= Exponential
AIAdultSlope= 2.92856646731263
AIAdultLD50= 0.336682954570279
AIAdultSlopeContact= 0.933164082476869
AIAdultLD50Contact= 0.015677741530817
AILarvaSlope= 2.54523960831575
AILarvaLD50= 0.517677150224335
AIKOW= 2.32296941289678
AIKOC= 21.7782306030858
AIHalfLife= 2.40289721055888
EAppRate= 0.060870147543028
