ICQueenStrength= 2.12767402082682
RQWkrDrnRatio= 4.06228375714272
ICDroneMiteSurvivorship= 88.8670129235834
ICWorkerMiteSurvivorship= 29.9777851905674
ICForagerLifespan= 14.0788691202179
ImmType= Logarithmic
AIAdultSlope= 1.37414888718864
AIAdultLD50= 0.051701178890653
AIAdultSlopeContact= 3.48145644932287
AIAdultLD50Contact= 0.0321238510892726
AILarvaSlope= 1.62793225171044
AILarvaLD50= 0.402230158145539
AIKOW= 6.24488343577832
AIKOC= 14.543579898309
AIHalfLife= 3.57637052773498
EAppRate= 0
