ICQueenStrength= 4.16070067463443
RQWkrDrnRatio= 4.79857814218849
ICDroneMiteSurvivorship= 37.5134765636176
ICWorkerMiteSurvivorship= 16.951958485879
ICForagerLifespan= 12.5761801805347
ImmType= Cosine
AIAdultSlope= 1.68965503452346
AIAdultLD50= 2.15258443518542
AIAdultSlopeContact= 0.80563434879994
AIAdultLD50Contact= 0.0327640276169404
AILarvaSlope= 2.82362757800147
AILarvaLD50= 0.198513013729826
AIKOW= 4.21725162211806
AIKOC= 9.11862026667222
AIHalfLife= 10.0446070749313
EAppRate= 0.480699543142691
