ICQueenStrength= 5.0950454166159
RQWkrDrnRatio= 4.99085980094969
ICDroneMiteSurvivorship= 11.7511345539242
ICWorkerMiteSurvivorship= 76.4960305765271
ICForagerLifespan= 8.8353966139257
ImmType= Logarithmic
AIAdultSlope= 1.39755867180415
AIAdultLD50= 0.396766586694866
AIAdultSlopeContact= 2.10915404117201
AIAdultLD50Contact= 0.0399860409204848
AILarvaSlope= 3.28164739292115
AILarvaLD50= 0.508048841916025
AIKOW= 5.20628962432966
AIKOC= 13.7005621637218
AIHalfLife= 0.181276964722201
EAppRate= 0
