ICQueenStrength= 3.85084455506876
RQWkrDrnRatio= 2.45857424568385
ICDroneMiteSurvivorship= 90.2778478804976
ICWorkerMiteSurvivorship= 77.5979006662965
ICForagerLifespan= 14.779815803282
ImmType= Tangent
AIAdultSlope= 0.608623325773515
AIAdultLD50= 0.486742679378949
AIAdultSlopeContact= 2.73078307765536
AIAdultLD50Contact= 0.0176897278404795
AILarvaSlope= 0.937408322328702
AILarvaLD50= 0.303271400579251
AIKOW= 7.19824382523075
AIKOC= 19.9240314727649
AIHalfLife= 0.183697352185845
EAppRate= 0.31152800351847
