ICQueenStrength= 2.23044666601345
RQWkrDrnRatio= 2.8777376441285
ICDroneMiteSurvivorship= 64.4154081353918
ICWorkerMiteSurvivorship= 44.535440322943
ICForagerLifespan= 7.44668699242175
ImmType= Sine
AIAdultSlope= 0.447077185597736
AIAdultLD50= 0.0156706371344626
AIAdultSlopeContact= 3.36359091543825
AIAdultLD50Contact= 0.0277754485607147
AILarvaSlope= 3.17784052486531
AILarvaLD50= 0.584225670690648
AIKOW= 5.79684753529727
AIKOC= 20.330922731664
AIHalfLife= 0.326269492506981
EAppRate= 0.537441429751925
