ICQueenStrength= 3.91315646492876
RQWkrDrnRatio= 2.81764429807663
ICDroneMiteSurvivorship= 85.6467715464532
ICWorkerMiteSurvivorship= 64.622880006209
ICForagerLifespan= 15.2803490022197
ImmType= Exponential
AIAdultSlope= 1.06603759671561
AIAdultLD50= 2.21810185583308
AIAdultSlopeContact= 0.219131469593849
AIAdultLD50Contact= 0.00106441024690866
AILarvaSlope= 3.18033045288175
AILarvaLD50= 0.786351232929155
AIKOW= 6.58198318816721
AIKOC= 24.8445728223305
AIHalfLife= 2.5152451749891
EAppRate= 0.415098848287016
