ICQueenStrength= 5.70945941167884
RQWkrDrnRatio= 1.22115065343678
ICDroneMiteSurvivorship= 52.7960843406618
ICWorkerMiteSurvivorship= 53.6815459374338
ICForagerLifespan= 7.60074317082763
ImmType= Cosine
AIAdultSlope= 3.33805530306185
AIAdultLD50= 0.268670338555239
AIAdultSlopeContact= 2.88026473876555
AIAdultLD50Contact= 0.0314548159949481
AILarvaSlope= 1.08328295075335
AILarvaLD50= 0.812619765219279
AIKOW= 6.53781114798039
AIKOC= 27.3004702071194
AIHalfLife= 1.56509968684986
EAppRate= 0.217976475530304
