ICQueenStrength= 3.01549222576432
RQWkrDrnRatio= 2.51482927240431
ICDroneMiteSurvivorship= 68.6933280201629
ICWorkerMiteSurvivorship= 5.31830524560064
ICForagerLifespan= 5.42048954311758
ImmType= Exponential
AIAdultSlopeContact= 3.83943357762415
AIAdultLD50Contact= 0.00267834350233898
AILarvaSlope= 1.51986950514838
AILarvaLD50= 0.426899127638899
AIKOW= 6.81218415824696
AIKOC= 16.4690810558386
AIHalfLife= 9.19835314340889
