ICQueenStrength= 2.08026589616202
RQWkrDrnRatio= 4.05718779098243
ICDroneMiteSurvivorship= 96.3036722037941
ICWorkerMiteSurvivorship= 50.8788050385192
ICForagerLifespan= 6.95161667093635
ImmType= Logarithmic
AIAdultSlope= 3.06808962657815
AIAdultLD50= 0.489522286341526
AIAdultSlopeContact= 1.0684468309558
AIAdultLD50Contact= 0.00743937876541167
AILarvaSlope= 0.425952073745429
AILarvaLD50= 0.712086041970179
AIKOW= 5.736716164276
AIKOC= 17.3770328937098
AIHalfLife= 0.450862367870286
EAppRate= 0.506737972795963
