ICQueenStrength= 2.03441814891994
RQWkrDrnRatio= 4.13377311360091
ICDroneMiteSurvivorship= 16.9834070140496
ICWorkerMiteSurvivorship= 61.6194158792496
ICForagerLifespan= 13.2442968096584
ImmType= Cosine
AIAdultSlope= 3.43036578121595
AIAdultLD50= 0.394644655520096
AIAdultSlopeContact= 0.0469835708895698
AIAdultLD50Contact= 0.0120505244587548
AILarvaSlope= 3.1335379278753
AILarvaLD50= 0.516982356039807
AIKOW= 2.48335548024625
AIKOC= 13.44089614111
AIHalfLife= 1.02836863603443
EAppRate= 0.20981214614585
