ICQueenStrength= 3.65870503243059
RQWkrDrnRatio= 2.22633605729789
