ICQueenStrength= 3.12148242630064
RQWkrDrnRatio= 3.21507872454822
ICDroneMiteSurvivorship= 57.7114130137488
ICWorkerMiteSurvivorship= 47.6265965029597
ICForagerLifespan= 15.8712889365852
ImmType= Exponential
AIAdultSlope= 2.31206006699475
AIAdultLD50= 0.0459758933866397
AIAdultSlopeContact= 3.61419962069951
AIAdultLD50Contact= 0.043181519175414
AILarvaSlope= 1.1884464061819
AILarvaLD50= 0.710710563487373
AIKOW= 7.47077220771462
AIKOC= 10.9974494331982
AIHalfLife= 4.61507462547161
EAppRate= 0
