ICQueenStrength= 1.82435598480515
RQWkrDrnRatio= 2.7284659743309
ICDroneMiteSurvivorship= 45.0894237495959
ICWorkerMiteSurvivorship= 35.4906476801261
ICForagerLifespan= 6.36989904288203
ImmType= Cosine
AIAdultSlope= 0.44237591635203
AIAdultLD50= 0.381228261976503
AIAdultSlopeContact= 1.50744635565905
AIAdultLD50Contact= 0.00186188475927338
AILarvaSlope= 2.39908469109796
AILarvaLD50= 0.713025079364888
AIKOW= 5.53030451899394
AIKOC= 27.5339175784029
AIHalfLife= 3.87732675531879
EAppRate= 0.496924196975306
