ICQueenStrength= 1.25091893156059
RQWkrDrnRatio= 4.88091195374727
ICDroneMiteSurvivorship= 54.5978167792782
ICWorkerMiteSurvivorship= 72.5724590709433
ICForagerLifespan= 10.7458733124658
ImmType= Sine
AIAdultSlope= 5.78262966126204
