ICQueenStrength= 1.82165053929202
RQWkrDrnRatio= 1.44426087848842
ICDroneMiteSurvivorship= 6.3336048508063
ICWorkerMiteSurvivorship= 7.71553891245276
ICForagerLifespan= 11.8588992385194
ImmType= Logarithmic
AIAdultLD50= 0.154012839635834
AIAdultSlopeContact= 1.01250261798268
AIAdultLD50Contact= 0.0407264079898596
AILarvaSlope= 2.74969418286346
AILarvaLD50= 0.50090114066843
AIKOW= 7.53819357417524
AIKOC= 19.6638657315634
AIHalfLife= 3.60762622207403
EAppRate= 0.736596623901278
