ICQueenStrength= 3.14677622821182
RQWkrDrnRatio= 4.66247509047389
