ICQueenStrength= 2.73605870455503
RQWkrDrnRatio= 1.00708194915205
ICDroneMiteSurvivorship= 19.0841795876622
ICWorkerMiteSurvivorship= 80.8673950843513
ICForagerLifespan= 13.3505104929209
ImmType= Exponential
AIAdultSlope= 0.461324606835842
AIAdultLD50= 1.97643498633988
AIAdultSlopeContact= 2.37966399340192
AIAdultLD50Contact= 0.00155619236174971
AILarvaSlope= 0.91179996537976
AILarvaLD50= 0.0170610015979037
AIKOW= 2.36686177412048
AIKOC= 29.9760736129247
AIHalfLife= 13.9628288694657
EAppRate= 0.448264406761155
