ICQueenStrength= 1.15866916510276
RQWkrDrnRatio= 2.04973497800529
ICDroneMiteSurvivorship= 86.8560094153509
ICWorkerMiteSurvivorship= 62.3073344351724
ICForagerLifespan= 7.41668220981956
ImmType= Exponential
AIAdultSlope= 1.47180977188982
AIAdultSlopeContact= 0.809803217486478
AIAdultLD50Contact= 0.00980816355440766
AILarvaSlope= 2.0666201448068
AILarvaLD50= 0.715879952022806
AIKOW= 6.55504669481888
AIKOC= 6.01135906297714
AIHalfLife= 10.6328540262766
