ICQueenStrength= 4.19033060688525
RQWkrDrnRatio= 3.07614765781909
ICDroneMiteSurvivorship= 9.95544923935086
ICWorkerMiteSurvivorship= 52.2118649445474
ICForagerLifespan= 8.98778101615608
ImmType= Polynomial
AIAdultSlope= 0.878303306922317
AIAdultLD50= 0.357804239960387
AIAdultSlopeContact= 2.6834192052274
AIAdultLD50Contact= 0.0246626621694304
AILarvaSlope= 1.02490507937036
AILarvaLD50= 0.750143819558434
AIKOW= 6.95308530982584
AIKOC= 21.1353780131321
AIHalfLife= 8.58202428277582
EAppRate= 0.867081981152296
