ICQueenStrength= 1.4645569738932
RQWkrDrnRatio= 1.27095791231841
ICDroneMiteSurvivorship= 8.12118959147483
ICWorkerMiteSurvivorship= 78.3865469042212
ICForagerLifespan= 13.749983984977
ImmType= Sine
AIAdultSlope= 4.76058736909181
