ICQueenStrength= 5.5698690705467
RQWkrDrnRatio= 3.27442427631468
ICDroneMiteSurvivorship= 31.3412721036002
ICWorkerMiteSurvivorship= 98.7504160730168
ICForagerLifespan= 6.6140134036541
ImmType= Exponential
AIAdultSlope= 1.71459638872184
AIAdultLD50= 0.906111310003325
AIAdultSlopeContact= 0.378183901011944
AIAdultLD50Contact= 0.0304140928317793
AILarvaSlope= 0.259905907092616
AILarvaLD50= 0.784064834355377
AIKOW= 2.04059690702707
AIKOC= 24.1534155223053
AIHalfLife= 1.50152283208445
EAppRate= 0.639480343088508
