ICQueenStrength= 3.99723198404536
RQWkrDrnRatio= 2.73686765041202
ICDroneMiteSurvivorship= 69.590171566233
ICWorkerMiteSurvivorship= 96.2606510613114
ICForagerLifespan= 10.4898930070922
ImmType= Exponential
AIAdultSlope= 3.06670090955682
AIAdultLD50= 0.0908331440296024
AIAdultSlopeContact= 0.722077516817954
AIAdultLD50Contact= 0.0106898242956959
AILarvaSlope= 2.07864632611163
AILarvaLD50= 0.361306582088582
AIKOW= 5.2793818260543
AIKOC= 21.0632899147458
AIHalfLife= 3.00550447194837
EAppRate= 0.616991434665397
