ICQueenStrength= 4.8175922667142
RQWkrDrnRatio= 3.47648078203201
ICDroneMiteSurvivorship= 5.46706223394722
ICWorkerMiteSurvivorship= 98.844374739565
ICForagerLifespan= 8.7158537292853
ImmType= Tangent
AIAdultSlope= 2.99664040086791
AIAdultLD50= 1.47483822098002
AIAdultSlopeContact= 2.35087465846678
AIAdultLD50Contact= 0.0357166527886875
AILarvaSlope= 2.81984005761333
AILarvaLD50= 0.809796584118158
AIKOW= 7.11898658843711
AIKOC= 19.7593718545977
AIHalfLife= 8.34871515957639
EAppRate= 0.989061875501648
