ICQueenStrength= 3.85956074832939
RQWkrDrnRatio= 2.90411326661706
ICDroneMiteSurvivorship= 16.4130548248067
ICWorkerMiteSurvivorship= 96.8231925973669
ICForagerLifespan= 15.4861904000863
ImmType= Cosine
AIAdultSlopeContact= 3.98018216015771
AIAdultLD50Contact= 0.181230397382751
AILarvaSlope= 7.69165745237842
AILarvaLD50= 1.95379410265014
AIKOW= 5.98619719967246
AIKOC= 2.70087718963623
AIHalfLife= 11.555859381333
