ICQueenStrength= 2.78063371218741
RQWkrDrnRatio= 1.59129003435373
ICDroneMiteSurvivorship= 7.27547141723335
ICWorkerMiteSurvivorship= 64.3009188817814
ICForagerLifespan= 13.5531727913767
ImmType= Cosine
AIAdultSlope= 2.32202062178403
AIAdultLD50= 0.538472949760035
AIAdultSlopeContact= 1.43761102963239
AIAdultLD50Contact= 0.0288511735619977
AILarvaSlope= 3.06789387660101
AILarvaLD50= 0.228925975318998
AIKOW= 5.61189819453284
AIKOC= 19.8973226256203
AIHalfLife= 6.40995932044461
EAppRate= 0.325241983868182
