ICQueenStrength= 3.56324137910269
RQWkrDrnRatio= 3.02185640018433
ICDroneMiteSurvivorship= 29.338949569501
ICWorkerMiteSurvivorship= 98.2407670002431
ICForagerLifespan= 13.7238285914063
ImmType= Exponential
AIAdultSlope= 0.471036976757459
AIAdultLD50= 0.147286528721452
AIAdultSlopeContact= 3.3831488324306
AIAdultLD50Contact= 0.0221107545541599
AILarvaSlope= 0.87283128388226
AILarvaLD50= 0.399746831157245
AIKOW= 2.89069749647751
AIKOC= 20.6936724844854
AIHalfLife= 1.39045039657503
EAppRate= 0.634450089139864
