ICQueenStrength= 2.8106570164673
RQWkrDrnRatio= 1.16166357323527
ICDroneMiteSurvivorship= 54.3968996964395
ICWorkerMiteSurvivorship= 16.2491742754355
ICForagerLifespan= 10.1496979184449
ImmType= Exponential
AIAdultSlope= 3.79881600920577
AIAdultLD50= 0.129377583274618
AIAdultSlopeContact= 3.354132461634
AIAdultLD50Contact= 0.0265528029529378
AILarvaSlope= 0.475107315927744
AILarvaLD50= 0.371861039148644
AIKOW= 2.2079915641807
AIKOC= 11.8047011969611
AIHalfLife= 4.8505527258385
EAppRate= 0
