ICQueenStrength= 3.10780880996026
RQWkrDrnRatio= 3.34687178675085
ICDroneMiteSurvivorship= 69.6360063971952
ICWorkerMiteSurvivorship= 96.1375463521108
ICForagerLifespan= 6.16994123812765
ImmType= Logarithmic
AIAdultSlopeContact= 9.78586045093834
AIAdultLD50Contact= 0.109814199293032
AILarvaSlope= 6.3465025043115
AILarvaLD50= 0.668528894893825
AIKOW= 20.7764961058274
AIKOC= 78.2337395474315
AIHalfLife= 6.79960216442123
