ICQueenStrength= 1.6326815742068
RQWkrDrnRatio= 3.26450145989656
ICDroneMiteSurvivorship= 67.6011899951845
ICWorkerMiteSurvivorship= 83.3631089655682
ICForagerLifespan= 6.8373087933287
ImmType= Tangent
AIAdultSlopeContact= 1.49847439106321
AIAdultLD50Contact= 0.0109608258702792
AILarvaSlope= 0.922728292969987
AILarvaLD50= 0.860147798177786
AIKOW= 3.467010371387
AIKOC= 6.54140297090635
AIHalfLife= 6.18941021710634
