ICQueenStrength= 2.16843085619621
RQWkrDrnRatio= 1.76131625473499
ICDroneMiteSurvivorship= 5.25251375511289
ICWorkerMiteSurvivorship= 70.6315405899659
ICForagerLifespan= 7.64010009542108
ImmType= Polynomial
AIAdultSlope= 1.40914312081877
AIAdultLD50= 0.27078319049906
AIAdultSlopeContact= 1.78870520143071
AIAdultLD50Contact= 0.00830623178044334
AILarvaSlope= 0.0959696389734745
AILarvaLD50= 0.836660049017519
AIKOW= 7.87638995330781
AIKOC= 7.10580683778971
AIHalfLife= 4.9796354433056
EAppRate= 0.42135407619644
