ICQueenStrength= 4.70566324912943
RQWkrDrnRatio= 1.97488487232476
ICDroneMiteSurvivorship= 74.4577115634456
ICWorkerMiteSurvivorship= 0.7609439548105
ICForagerLifespan= 14.8819472370669
ImmType= Cosine
AIAdultSlopeContact= 1.1264423566754
AIAdultLD50Contact= 0.0402291151345708
AILarvaSlope= 1.52744578165002
AILarvaLD50= 0.418165008304641
AIKOW= 3.78525417484343
AIKOC= 8.05385851534083
AIHalfLife= 13.3304702746682
