ICQueenStrength= 2.96074989973567
RQWkrDrnRatio= 1.90580592863262
ICDroneMiteSurvivorship= 63.6174817802384
ICWorkerMiteSurvivorship= 30.2521428558975
ICForagerLifespan= 4.2269682250917
ImmType= Tangent
AIAdultSlopeContact= 1.35615191655234
AIAdultLD50Contact= 0.00318663907237351
AILarvaSlope= 0.183410148601979
AILarvaLD50= 1.9744741176255
AIKOW= 6.76586020272225
AIKOC= 78.3913579769433
AIHalfLife= 0.199000207707286
