ICQueenStrength= 1.39442727062851
RQWkrDrnRatio= 3.06548346020281
