ICQueenStrength= 4.69830767856911
RQWkrDrnRatio= 3.81568637955934
ICDroneMiteSurvivorship= 24.5350870769471
ICWorkerMiteSurvivorship= 23.8023904617876
ICForagerLifespan= 5.89788104221225
ImmType= Polynomial
AIAdultSlope= 3.7663401369215
AIAdultLD50= 0.367071826942265
AIAdultSlopeContact= 0.478224324372131
AIAdultLD50Contact= 0.0291340746800415
AILarvaSlope= 2.75611035074107
AILarvaLD50= 0.892365823988803
AIKOW= 3.79534239321947
AIKOC= 6.68308908469044
AIHalfLife= 2.85089060198516
EAppRate= 0.000824459106661379
