ICQueenStrength= 2.85530140646733
RQWkrDrnRatio= 1.85236332938075
ICDroneMiteSurvivorship= 21.1291210725904
ICWorkerMiteSurvivorship= 69.2381625762209
ICForagerLifespan= 4.71884576231241
ImmType= Cosine
AIAdultSlope= 7.43960806867108
