ICQueenStrength= 2.19621200952679
RQWkrDrnRatio= 2.72231094073504
ICDroneMiteSurvivorship= 94.4890635320917
ICWorkerMiteSurvivorship= 30.6484722299501
ICForagerLifespan= 8.35920652654022
ImmType= Logarithmic
AIAdultSlope= 1.93110963124782
AIAdultLD50= 1.00693712965585
AIAdultSlopeContact= 3.41969542971114
AIAdultLD50Contact= 0.00586042657960206
AILarvaSlope= 1.77957496428862
AILarvaLD50= 0.183465462410823
AIKOW= 7.31186188617721
AIKOC= 6.45895448513329
AIHalfLife= 1.04474608693272
EAppRate= 0.813273606356233
