ICQueenStrength= 3.64827931416221
RQWkrDrnRatio= 1.76241683308035
ICDroneMiteSurvivorship= 42.0412263367325
ICWorkerMiteSurvivorship= 62.889214954339
ICForagerLifespan= 13.7208402110264
ImmType= Sine
AIAdultLD50= 0.154012839635834
AIAdultSlopeContact= 1.76262312456965
AIAdultLD50Contact= 0.0286443941062316
AILarvaSlope= 1.69684514487162
AILarvaLD50= 0.00427586759906262
AIKOW= 2.39333213726059
AIKOC= 19.839172444772
AIHalfLife= 0.875388906337321
EAppRate= 0.656896733678877
