ICQueenStrength= 1.53314333898015
RQWkrDrnRatio= 1.39215223584324
ICDroneMiteSurvivorship= 45.489339181222
ICWorkerMiteSurvivorship= 5.71337742730975
ICForagerLifespan= 9.38331985007972
ImmType= Sine
AIAdultSlope= 2.84106958314311
AIAdultLD50= 0.156440005870536
AIAdultSlopeContact= 3.29082782509038
AIAdultLD50Contact= 0.00580322293099016
AILarvaSlope= 1.00206612306647
AILarvaLD50= 0.194391107233241
AIKOW= 5.48147402796894
AIKOC= 8.08959643007256
AIHalfLife= 3.53493791888468
EAppRate= 0.322047215537168
