ICQueenStrength= 3.80551383621059
RQWkrDrnRatio= 3.79519111290574
ICDroneMiteSurvivorship= 67.3689202172682
ICWorkerMiteSurvivorship= 35.8441576594487
ICForagerLifespan= 6.3585784137249
ImmType= Tangent
AIAdultSlope= 3.08723119571805
AIAdultLD50= 2.73107523657382
AIAdultSlopeContact= 0.794815579417627
AIAdultLD50Contact= 0.0242203751928173
AILarvaSlope= 0.766117562307045
AILarvaLD50= 0.44173833921086
AIKOW= 4.34980260161683
AIKOC= 15.5765687301755
AIHalfLife= 5.37205119524151
EAppRate= 0.147073679603636
