ICQueenStrength= 2.54797448194586
RQWkrDrnRatio= 3.16768611967564
ICDroneMiteSurvivorship= 48.5351682174951
ICWorkerMiteSurvivorship= 86.7449896410108
ICForagerLifespan= 7.07207231130451
ImmType= Polynomial
AIAdultSlope= 1.68319593369961
AIAdultLD50= 2.77314952737652
AIAdultSlopeContact= 0.689936389750801
AIAdultLD50Contact= 0.0350914399023168
AILarvaSlope= 2.11048958245665
AILarvaLD50= 0.381155855418183
AIKOW= 2.43889539455995
AIKOC= 26.1121055006515
AIHalfLife= 8.80908622918651
EAppRate= 0.235240747919306
