ICQueenStrength= 4.2020221138373
RQWkrDrnRatio= 2.83729373570532
ICDroneMiteSurvivorship= 9.72771504893899
ICWorkerMiteSurvivorship= 39.3024958204478
ICForagerLifespan= 10.5699097001925
ImmType= Sine
AIAdultSlope= 2.39999119979795
AIAdultLD50= 0.0330041208071634
AIAdultSlopeContact= 0.899478169991635
AIAdultLD50Contact= 0.0278442863142118
AILarvaSlope= 1.69952969686128
AILarvaLD50= 0.123432668228634
AIKOW= 6.78286416316405
AIKOC= 19.2379714292474
AIHalfLife= 3.76691992743872
EAppRate= 0.531770531251095
