ICQueenStrength= 4.08255702606402
RQWkrDrnRatio= 3.59135672170669
ICDroneMiteSurvivorship= 26.3703218661249
ICWorkerMiteSurvivorship= 80.7577125960961
ICForagerLifespan= 14.4182993210852
ImmType= Polynomial
AIAdultSlope= 3.33292984038591
AIAdultLD50= 0.455043485970236
AIAdultSlopeContact= 1.93123047715751
AIAdultLD50Contact= 0.0103605184820481
AILarvaSlope= 2.93093726434745
AILarvaLD50= 0.264430282800458
AIKOW= 5.42004964360967
AIKOC= 17.4748358328361
AIHalfLife= 0.793380683753639
EAppRate= 0.529084852826782
