ICQueenStrength= 2.68412034749053
RQWkrDrnRatio= 1.15218498464674
ICDroneMiteSurvivorship= 7.82729627098888
ICWorkerMiteSurvivorship= 25.6332080811262
ICForagerLifespan= 15.1376633504406
ImmType= Polynomial
AIAdultSlope= 0.101836855849251
AIAdultLD50= 2.27663509827107
AIAdultSlopeContact= 1.92263556942344
AIAdultLD50Contact= 0.011257356707938
AILarvaSlope= 0.178027249127626
AILarvaLD50= 0.580688363383524
AIKOW= 3.59926096862182
AIKOC= 26.1218994692899
AIHalfLife= 8.74069444369525
EAppRate= 0.998461032053456
