ICQueenStrength= 4.57528459746391
RQWkrDrnRatio= 1.1457373984158
ICDroneMiteSurvivorship= 23.0317865265533
ICWorkerMiteSurvivorship= 93.7711117556319
ICForagerLifespan= 4.79606277961284
ImmType= Exponential
AIAdultSlope= 0.878142644418404
AIAdultLD50= 1.02787552750669
AIAdultSlopeContact= 1.06678399274591
AIAdultLD50Contact= 0.0427193547482602
AILarvaSlope= 2.69566206862219
AILarvaLD50= 0.738591280672699
AIKOW= 5.53498089453205
AIKOC= 7.11639488697983
AIHalfLife= 0.178940542042255
EAppRate= 0.360896493773907
