ICQueenStrength= 4.85879919747822
RQWkrDrnRatio= 1.81796007417142
ICDroneMiteSurvivorship= 3.07585052214563
ICWorkerMiteSurvivorship= 51.5581583138555
ICForagerLifespan= 8.04792696982622
ImmType= Sine
AIAdultSlope= 0.272279578167945
AIAdultLD50= 2.77642912650481
AIAdultSlopeContact= 1.01516887655715
AIAdultLD50Contact= 0.0238117447705008
AILarvaSlope= 3.32307704957202
AILarvaLD50= 0.712716500647366
AIKOW= 7.21933165425435
AIKOC= 8.54569939663634
AIHalfLife= 3.28578280098736
EAppRate= 0.17630036524497
