ICQueenStrength= 5.22217567334883
RQWkrDrnRatio= 1.81603042315692
ICDroneMiteSurvivorship= 59.0537291252986
ICWorkerMiteSurvivorship= 11.2379499478266
ICForagerLifespan= 6.05529349111021
ImmType= Exponential
AIAdultSlopeContact= 2.5295093189925
AIAdultLD50Contact= 0.123909857869148
AILarvaSlope= 4.77969803148881
AILarvaLD50= 1.11690053297207
AIKOW= 2.85390894860029
AIKOC= 32.5946055119857
AIHalfLife= 4.87558127613738
