ICQueenStrength= 5.39756410894915
RQWkrDrnRatio= 2.34729627799243
ICDroneMiteSurvivorship= 3.80462461616844
ICWorkerMiteSurvivorship= 7.82729627098888
ICForagerLifespan= 7.07598496973515
ImmType= Logarithmic
AIAdultSlope= 0.463341442821547
AIAdultLD50= 0.089856049278751
AIAdultSlopeContact= 2.9823919787351
AIAdultLD50Contact= 0.0244610123336315
AILarvaSlope= 0.765500256139785
AILarvaLD50= 0.0471248600631952
AIKOW= 5.87125575589016
AIKOC= 11.6635873692576
AIHalfLife= 11.8282637028024
EAppRate= 0.624335317406803
