ICQueenStrength= 4.02181479288265
RQWkrDrnRatio= 4.98022369481623
ICDroneMiteSurvivorship= 42.0326890423894
ICWorkerMiteSurvivorship= 89.146680990234
ICForagerLifespan= 11.3244408033788
ImmType= Cosine
AIAdultSlope= 0.459485533228144
AIAdultSlopeContact= 0.234851160147227
AIAdultLD50Contact= 0.0379494164255448
AILarvaSlope= 1.00588801815175
AILarvaLD50= 0.212443131417967
AIKOW= 7.32842233357951
AIKOC= 20.7580796978436
AIHalfLife= 5.89996189530939
