ICQueenStrength= 4.9684878801927
RQWkrDrnRatio= 3.24349268618971
ICDroneMiteSurvivorship= 23.4591602580622
ICWorkerMiteSurvivorship= 24.1759958211333
ICForagerLifespan= 15.5549121852964
ImmType= Tangent
AIAdultSlope= 0.182974769712891
AIAdultLD50= 0.0359125138493255
AIAdultSlopeContact= 1.56446952975355
AIAdultLD50Contact= 0.00924160800641403
AILarvaSlope= 1.26720647332259
AILarvaLD50= 0.234679323295131
AIKOW= 3.07301909662783
AIKOC= 27.3275673575699
AIHalfLife= 2.07488865009509
EAppRate= 0
