ICQueenStrength= 5.53575612278655
RQWkrDrnRatio= 1.62262623943388
ICDroneMiteSurvivorship= 25.3187699709088
ICWorkerMiteSurvivorship= 79.111515195109
ICForagerLifespan= 15.3504628008232
ImmType= Logarithmic
AIAdultSlope= 3.75976812676527
AIAdultLD50= 0.144248115713708
AIAdultSlopeContact= 1.02626834981376
AIAdultLD50Contact= 0.0114286603406072
AILarvaSlope= 2.67400201172568
AILarvaLD50= 0.776032748026773
AIKOW= 3.8738302802667
AIKOC= 9.41878950805403
AIHalfLife= 0.0367775233462453
EAppRate= 0.160939306020737
