ICQueenStrength= 3.29729412309825
RQWkrDrnRatio= 2.22472040913999
