ICQueenStrength= 2.21628860128112
RQWkrDrnRatio= 3.64574859011918
ICDroneMiteSurvivorship= 72.1248583169654
ICWorkerMiteSurvivorship= 75.1184208784252
ICForagerLifespan= 5.328474085778
ImmType= Cosine
AIAdultSlope= 1.06421693628654
AIAdultLD50= 2.32709241122939
AIAdultSlopeContact= 2.64132387967547
AIAdultLD50Contact= 0.011604266660288
AILarvaSlope= 2.95768194240518
AILarvaLD50= 0.0557958441786468
AIKOW= 3.44091993896291
AIKOC= 5.38975978386588
AIHalfLife= 12.5955768418498
EAppRate= 0.710524101741612
