ICQueenStrength= 1.87513492093422
RQWkrDrnRatio= 4.32913405727595
ICDroneMiteSurvivorship= 28.8949985289946
ICWorkerMiteSurvivorship= 80.5065677268431
ICForagerLifespan= 10.7462832517922
ImmType= Tangent
AIAdultSlope= 2.53979775724001
AIAdultLD50= 1.21163357701153
AIAdultSlopeContact= 2.74387014410226
AIAdultLD50Contact= 0.0281986835645512
AILarvaSlope= 0.357447122735903
AILarvaLD50= 0.311950801173225
AIKOW= 5.16289588017389
AIKOC= 11.5095271915197
AIHalfLife= 6.03455164143816
EAppRate= 0.951289506629109
