ICQueenStrength= 3.5420036748983
RQWkrDrnRatio= 3.96163237746805
ICDroneMiteSurvivorship= 48.3971848618239
ICWorkerMiteSurvivorship= 23.7778092268854
ICForagerLifespan= 15.0402453625575
ImmType= Logarithmic
AIAdultSlope= 1.06765116746537
AIAdultLD50= 1.9717267092783
AIAdultSlopeContact= 1.66356972250622
AIAdultLD50Contact= 0.02992832607124
AILarvaSlope= 1.14721538070589
AILarvaLD50= 0.429392074327916
AIKOW= 4.5021387967281
AIKOC= 5.16023212228902
AIHalfLife= 5.7121915104799
EAppRate= 0.813059838721529
