ICQueenStrength= 1.89112545945682
RQWkrDrnRatio= 1.95880238246173
ICDroneMiteSurvivorship= 21.9742751447484
ICWorkerMiteSurvivorship= 39.4814305240288
ICForagerLifespan= 13.0286671454087
ImmType= Cosine
AIAdultSlopeContact= 0.904499007859267
AIAdultLD50Contact= 0.0414834637776949
AILarvaSlope= 2.65243040299974
AILarvaLD50= 0.332973496522754
AIKOW= 4.13728405674919
AIKOC= 13.5006718814839
AIHalfLife= 12.369888832327
