ICQueenStrength= 4.78756681107916
RQWkrDrnRatio= 2.79545603040606
ICDroneMiteSurvivorship= 72.7011631242931
ICWorkerMiteSurvivorship= 48.9622229477391
ICForagerLifespan= 6.65785115677863
ImmType= Polynomial
AIAdultSlope= 0.735697309572715
AIAdultLD50= 0.0192508173640817
AIAdultSlopeContact= 2.27988655172288
AIAdultLD50Contact= 0.0123215399216861
AILarvaSlope= 1.38769386759959
AILarvaLD50= 0.167933017155156
AIKOW= 4.47565209725872
AIKOC= 11.0333923494909
AIHalfLife= 4.93615732993931
EAppRate= 0.699320384301245
