ICQueenStrength= 2.20622044196352
RQWkrDrnRatio= 1.41785352304578
ICDroneMiteSurvivorship= 77.0291948225349
ICWorkerMiteSurvivorship= 99.7314298991114
ICForagerLifespan= 15.8459268398583
ImmType= Sine
AIAdultSlope= 0.550330480607226
AIAdultLD50= 0.979290103074163
AIAdultSlopeContact= 1.24957961257081
AIAdultLD50Contact= 0.00832797929178923
AILarvaSlope= 0.0657303058542311
AILarvaLD50= 0.0981834300560877
AIKOW= 5.66440348792821
AIKOC= 16.7082380864304
AIHalfLife= 2.76126535516232
EAppRate= 0.396241668611765
