ICQueenStrength= 1.64297820092179
RQWkrDrnRatio= 3.45610501337796
ICDroneMiteSurvivorship= 37.8140245098621
ICWorkerMiteSurvivorship= 44.4834336638451
ICForagerLifespan= 12.1141383992508
ImmType= Exponential
AIAdultSlope= 3.21937505887588
AIAdultLD50= 0.361964701907709
AIAdultSlopeContact= 1.93333903932245
AIAdultLD50Contact= 0.0453123075771146
AILarvaSlope= 2.17411826145835
AILarvaLD50= 0.842834830074571
AIKOW= 4.67245947569609
AIKOC= 14.4405604351778
AIHalfLife= 1.34521778440103
EAppRate= 0.126759695285
