ICQueenStrength= 4.62746942602098
RQWkrDrnRatio= 1.53763648029417
