ICQueenStrength= 5.13874524529092
RQWkrDrnRatio= 1.03798990603536
ICDroneMiteSurvivorship= 80.1843065069988
ICWorkerMiteSurvivorship= 66.2784744054079
ICForagerLifespan= 14.7824350250885
ImmType= Tangent
AIAdultSlopeContact= 4.25455518765375
AIAdultLD50Contact= 0.0451562581583858
AILarvaSlope= 5.87234111269936
AILarvaLD50= 0.38967527076602
AIKOW= 46.5220645070076
AIKOC= 76.3291344512254
AIHalfLife= 7.83015986531973
