ICQueenStrength= 5.66942658415064
RQWkrDrnRatio= 2.58820986934006
ICDroneMiteSurvivorship= 92.0229469891638
ICWorkerMiteSurvivorship= 16.2972079357132
ICForagerLifespan= 10.0950213391334
ImmType= Logarithmic
AIAdultSlope= 1.6150875914027
AIAdultLD50= 0.262260181247257
AIAdultSlopeContact= 3.14186683941633
AIAdultLD50Contact= 0.0409508174168877
AILarvaSlope= 2.33099425509572
AILarvaLD50= 0.511896628537215
AIKOW= 4.22882979223505
AIKOC= 7.71703358157538
AIHalfLife= 4.52272239373997
EAppRate= 0.639133279956877
