ICQueenStrength= 3.74292459595017
RQWkrDrnRatio= 3.33531783800572
ICDroneMiteSurvivorship= 64.9695613887161
ICWorkerMiteSurvivorship= 34.0310998726636
ICForagerLifespan= 6.83628665097058
ImmType= Logarithmic
AIAdultSlope= 8.68744945386425
AIAdultLD50= 0.803799429442734
AIAdultSlopeContact= 5.55614121956751
AIAdultLD50Contact= 0.173908726219088
AILarvaSlope= 2.26866917684674
AILarvaLD50= 0.98490968439728
AIKOW= 66.5710932575166
AIKOC= 82.7199997846037
AIHalfLife= 0.623370483983308
EAppRate= 1.56938109081239
