ICQueenStrength= 5.21341993962415
RQWkrDrnRatio= 2.30268017854542
ICDroneMiteSurvivorship= 90.047651482746
ICWorkerMiteSurvivorship= 97.9474022053182
ICForagerLifespan= 10.8519120570272
ImmType= Tangent
AIAdultSlope= 3.5387244830397
AIAdultLD50= 0.380000246805139
AIAdultSlopeContact= 1.82560721158516
AIAdultLD50Contact= 0.027217505662702
AILarvaSlope= 2.93765682931989
AILarvaLD50= 0.214112710137852
AIKOW= 5.1552183306776
AIKOC= 17.0951449731365
AIHalfLife= 1.76850932650268
EAppRate= 0.403195008123294
