ICQueenStrength= 1.73201727005653
RQWkrDrnRatio= 2.71498945262283
ICDroneMiteSurvivorship= 6.68071233667433
ICWorkerMiteSurvivorship= 92.1593176433817
ICForagerLifespan= 15.9435718040913
ImmType= Exponential
AIAdultSlopeContact= 2.60890847952571
AIAdultLD50Contact= 0.00423464588820934
AILarvaSlope= 2.62558766249567
AILarvaLD50= 0.563968474650756
AIKOW= 3.13608309440315
AIKOC= 7.51027856720611
AIHalfLife= 2.74439336871728
