ICQueenStrength= 3.39425345440395
RQWkrDrnRatio= 4.71504666190594
ICDroneMiteSurvivorship= 14.4472148502246
ICWorkerMiteSurvivorship= 38.0542298778892
ICForagerLifespan= 6.56992814969271
ImmType= Logarithmic
AIAdultSlope= 8.67688845610246
