ICQueenStrength= 4.86424076859839
RQWkrDrnRatio= 2.09213269036263
ICDroneMiteSurvivorship= 26.7100719036534
ICWorkerMiteSurvivorship= 15.3340780874714
ICForagerLifespan= 13.2578847631812
ImmType= Tangent
AIAdultSlope= 0.939047040806618
AIAdultLD50= 0.19410641794093
AIAdultSlopeContact= 3.69579079811694
AIAdultLD50Contact= 0.0186703800573014
AILarvaSlope= 1.64320850945078
AILarvaLD50= 0.0673177197575569
AIKOW= 3.54117938503623
AIKOC= 18.0079283146188
AIHalfLife= 0.723439485300332
EAppRate= 0.330571565078571
