ICQueenStrength= 2.38374670874327
RQWkrDrnRatio= 4.38434380292892
ICDroneMiteSurvivorship= 50.5011961329728
ICWorkerMiteSurvivorship= 84.3296806327999
ICForagerLifespan= 9.26819995883852
ImmType= Exponential
AIAdultSlope= 0.128579357285053
AIAdultLD50= 0.207207531901076
AIAdultSlopeContact= 3.62741928608157
AIAdultLD50Contact= 0.00750348801957443
AILarvaSlope= 3.32942830664106
AILarvaLD50= 0.0565898373490199
AIKOW= 4.69090313976631
AIKOC= 9.99050345388241
AIHalfLife= 3.84284375119023
EAppRate= 0.259206216759048
