ICQueenStrength= 3.49192193849012
RQWkrDrnRatio= 2.4641940984875
ICDroneMiteSurvivorship= 92.3069548094645
ICWorkerMiteSurvivorship= 45.0963020557538
ICForagerLifespan= 13.9172515012324
ImmType= Polynomial
AIAdultSlope= 0.0993550142459571
AIAdultLD50= 0.22000769036822
AIAdultSlopeContact= 3.56938897753833
AIAdultLD50Contact= 0.0382096603978425
AILarvaSlope= 0.301102844439447
AILarvaLD50= 0.520832953113131
AIKOW= 7.87528444034979
AIKOC= 23.3253436116502
AIHalfLife= 2.67955818329938
EAppRate= 0.374277416663244
