ICQueenStrength= 4.17111346987076
RQWkrDrnRatio= 4.7417603386566
ICDroneMiteSurvivorship= 93.083950295113
ICWorkerMiteSurvivorship= 53.6218893248588
ICForagerLifespan= 12.6172520173714
ImmType= Polynomial
AIAdultSlope= 6.08241934329271
