ICQueenStrength= 5.3992569250986
RQWkrDrnRatio= 1.9671659162268
ICDroneMiteSurvivorship= 81.5617532702163
ICWorkerMiteSurvivorship= 90.4958381317556
ICForagerLifespan= 13.1241517439485
ImmType= Logarithmic
AIAdultSlope= 0.920638595803175
AIAdultLD50= 0.332275261986069
AIAdultSlopeContact= 0.903099249238148
AIAdultLD50Contact= 0.0151794208795764
AILarvaSlope= 0.0999843111727387
AILarvaLD50= 0.0123399845324457
AIKOW= 4.63591469498351
AIKOC= 13.1198201398365
AIHalfLife= 4.1204893484246
EAppRate= 0.0270631839521229
