ICQueenStrength= 5.36065566143952
RQWkrDrnRatio= 2.29595164768398
ICDroneMiteSurvivorship= 99.19617283158
ICWorkerMiteSurvivorship= 21.5135488193482
ICForagerLifespan= 4.75405432097614
ImmType= Tangent
AIAdultSlope= 2.87225692998618
AIAdultLD50= 1.78630436793901
AIAdultSlopeContact= 0.560615809606388
AIAdultLD50Contact= 0.00484920699382201
AILarvaSlope= 0.189286261890084
AILarvaLD50= 0.684514223691076
AIKOW= 4.93788149626926
AIKOC= 19.488030411303
AIHalfLife= 11.2719334056601
EAppRate= 0.835917819757015
