ICQueenStrength= 1.77210587449372
RQWkrDrnRatio= 4.89554834458977
ICDroneMiteSurvivorship= 74.0516480756924
ICWorkerMiteSurvivorship= 70.8646973595023
ICForagerLifespan= 8.46912985853851
ImmType= Logarithmic
AIAdultSlopeContact= 1.97151438557776
AIAdultLD50Contact= 0.0316727605764754
AILarvaSlope= 2.49716012324207
AILarvaLD50= 0.795703925401904
AIKOW= 6.10449212742969
AIKOC= 23.013411591528
AIHalfLife= 11.5283809141256
