ICQueenStrength= 3.38362081930973
RQWkrDrnRatio= 1.08817300572991
ICDroneMiteSurvivorship= 82.2865886380896
ICWorkerMiteSurvivorship= 51.8473776523024
ICForagerLifespan= 7.24941835366189
ImmType= Cosine
AIAdultSlope= 0.307963179505896
AIAdultLD50= 0.0676190869417042
AIAdultSlopeContact= 0.201058280391153
AIAdultLD50Contact= 0.0164543963503093
AILarvaSlope= 1.85345161026344
AILarvaLD50= 0.841066647903062
AIKOW= 2.96754406858236
AIKOC= 22.5302945892327
AIHalfLife= 2.60831332881935
EAppRate= 0.159144255705178
