ICQueenStrength= 1.21105395630002
RQWkrDrnRatio= 4.18845709878951
ICDroneMiteSurvivorship= 26.3202028581873
ICWorkerMiteSurvivorship= 93.8381312415004
ICForagerLifespan= 10.5380320176482
ImmType= Sine
AIAdultLD50= 0.154012839635834
AIAdultSlopeContact= 2.73901603100589
AIAdultLD50Contact= 0.0315809178282507
AILarvaSlope= 2.76585803893395
AILarvaLD50= 0.177343957149424
AIKOW= 2.30991962505504
AIKOC= 16.3729726464953
AIHalfLife= 11.7329318593256
EAppRate= 0.177788184024394
