ICQueenStrength= 1.30966386012733
RQWkrDrnRatio= 3.97516041900963
