ICQueenStrength= 2.29715426592156
RQWkrDrnRatio= 3.15513071697205
ICDroneMiteSurvivorship= 25.9070166153833
ICWorkerMiteSurvivorship= 16.6681678732857
ICForagerLifespan= 6.71964621823281
ImmType= Cosine
AIAdultLD50= 0.154012839635834
AIAdultSlopeContact= 3.74614157381002
AIAdultLD50Contact= 0.0146807421930134
AILarvaSlope= 2.60028980034404
AILarvaLD50= 0.76740712299943
AIKOW= 7.84109243191779
AIKOC= 28.5630771028809
AIHalfLife= 0.937529945746064
EAppRate= 0.0129891964606941
