ICQueenStrength= 5.03323380392976
RQWkrDrnRatio= 3.49654785264283
ICDroneMiteSurvivorship= 44.0929444506764
ICWorkerMiteSurvivorship= 27.2433069068938
ICForagerLifespan= 6.38595117535442
ImmType= Exponential
AIAdultSlope= 0.526943144854158
AIAdultLD50= 2.85987908695824
AIAdultSlopeContact= 2.78097482393263
AIAdultLD50Contact= 0.0257563200546429
AILarvaSlope= 1.28889583060518
AILarvaLD50= 0.406926625454798
AIKOW= 6.27298136334866
AIKOC= 12.026282948209
AIHalfLife= 11.7629659017548
EAppRate= 0.245374336605892
