ICQueenStrength= 3.17964685987681
RQWkrDrnRatio= 4.82769715134054
ICDroneMiteSurvivorship= 22.6342580281198
ICWorkerMiteSurvivorship= 44.7135703871027
ICForagerLifespan= 4.48751710914075
ImmType= Cosine
AIAdultLD50= 0.154012839635834
AIAdultSlopeContact= 1.05601078334497
AIAdultLD50Contact= 0.00811069826595485
AILarvaSlope= 1.48487606346607
AILarvaLD50= 0.245604679780081
AIKOW= 6.2175460960716
AIKOC= 19.493674132973
AIHalfLife= 13.7804251802154
EAppRate= 0.281469242181629
