ICQueenStrength= 1.35697197541595
RQWkrDrnRatio= 1.59287440404296
ICDroneMiteSurvivorship= 24.4017853168771
ICWorkerMiteSurvivorship= 2.28926909621805
ICForagerLifespan= 11.7390382355079
ImmType= Tangent
AIAdultLD50= 0.154012839635834
AIAdultSlopeContact= 1.94418356847251
AIAdultLD50Contact= 0.0461021895869635
AILarvaSlope= 1.29448664872907
AILarvaLD50= 0.777998680039309
AIKOW= 4.2804529950954
AIKOC= 20.5191058642231
AIHalfLife= 4.19889774080366
EAppRate= 1.36014897422865
