ICQueenStrength= 4.11961738276295
RQWkrDrnRatio= 4.17047691531479
ICDroneMiteSurvivorship= 11.2119140103459
ICWorkerMiteSurvivorship= 44.6281713433564
ICForagerLifespan= 9.23079103324562
ImmType= Tangent
AIAdultSlope= 0.100122225563973
AIAdultSlopeContact= 0.782518481926527
AIAdultLD50Contact= 0.0100819065468386
AILarvaSlope= 1.2293091760017
AILarvaLD50= 0.590048684854992
AIKOW= 4.97340065892786
AIKOC= 8.06284302496351
AIHalfLife= 6.65917498990893
