ICQueenStrength= 4.97056107642129
RQWkrDrnRatio= 1.76383570674807
ICDroneMiteSurvivorship= 52.2565963678062
ICWorkerMiteSurvivorship= 12.9210506333038
ICForagerLifespan= 15.8194070067257
ImmType= Cosine
AIAdultSlope= 2.83285242860438
AIAdultLD50= 0.379546319018118
AIAdultSlopeContact= 0.124451289537828
AIAdultLD50Contact= 0.0217915411689319
AILarvaSlope= 0.686043244646862
AILarvaLD50= 0.0363209462491795
AIKOW= 4.72674377216026
AIKOC= 6.42346540815197
AIHalfLife= 1.468714523362
EAppRate= 0.187824923801236
