ICQueenStrength= 2.59598202677444
RQWkrDrnRatio= 3.04166229907423
ICDroneMiteSurvivorship= 49.3261793395504
ICWorkerMiteSurvivorship= 25.9485427988693
ICForagerLifespan= 7.51372659392655
ImmType= Polynomial
AIAdultSlope= 0.578172141769901
AIAdultLD50= 0.415992759400979
AIAdultSlopeContact= 0.786611693648156
AIAdultLD50Contact= 0.0337870765128173
AILarvaSlope= 0.694404413364828
AILarvaLD50= 0.0816518154228106
AIKOW= 5.40608446393162
AIKOC= 18.032999553252
AIHalfLife= 3.22536277584732
EAppRate= 0
