ICQueenStrength= 4.21322693023831
RQWkrDrnRatio= 2.02328270021826
ICDroneMiteSurvivorship= 19.3044882966205
ICWorkerMiteSurvivorship= 52.7010446414351
ICForagerLifespan= 15.5934332134202
ImmType= Sine
AIAdultSlopeContact= 0.365746664784383
AIAdultLD50Contact= 0.0232154714642093
AILarvaSlope= 2.16137376669794
AILarvaLD50= 0.519583789492026
AIKOW= 3.93977715540677
AIKOC= 25.7324756192975
AIHalfLife= 11.3102680412121
