ICQueenStrength= 3.31707985280082
RQWkrDrnRatio= 1.28863023594022
ICDroneMiteSurvivorship= 16.0099571105093
ICWorkerMiteSurvivorship= 81.4591963542625
ICForagerLifespan= 4.69877205137163
ImmType= Tangent
AIAdultSlope= 6.96277486626059
AIAdultLD50= 0.530420238850638
AIAdultSlopeContact= 6.72826908295974
AIAdultLD50Contact= 0.142361408984289
AILarvaSlope= 2.22938544116914
AILarvaLD50= 1.17203527363017
AIKOW= 87.866209843196
AIKOC= 74.1050254087895
AIHalfLife= 6.33822959987447
EAppRate= 1.46821476705372
