ICQueenStrength= 5.7537778201513
RQWkrDrnRatio= 1.12914924696088
ICDroneMiteSurvivorship= 54.7791878227144
ICWorkerMiteSurvivorship= 77.9968638904393
ICForagerLifespan= 6.60691369138658
ImmType= Tangent
AIAdultSlope= 0.646021290149074
AIAdultLD50= 0.443849215400405
AIAdultSlopeContact= 1.23598534991266
AIAdultLD50Contact= 0.00197743312455714
AILarvaSlope= 1.98861365560442
AILarvaLD50= 0.702423706278205
AIKOW= 6.88326168851927
AIKOC= 17.0929669181351
AIHalfLife= 1.27717119292356
EAppRate= 0.637560109165497
