ICQueenStrength= 5.18866796651855
RQWkrDrnRatio= 1.24757645837963
ICDroneMiteSurvivorship= 59.8081088624895
ICWorkerMiteSurvivorship= 87.7109232125804
ICForagerLifespan= 13.1521578533575
ImmType= Polynomial
AIAdultSlope= 3.50456712800777
AIAdultLD50= 0.292239243513905
AIAdultSlopeContact= 0.0560226140962914
AIAdultLD50Contact= 0.0445584755972959
AILarvaSlope= 1.54494824493304
AILarvaLD50= 0.207930335076526
AIKOW= 5.50721949897707
AIKOC= 7.90761438081972
AIHalfLife= 3.4713538736105
EAppRate= 0.599186725914478
