ICQueenStrength= 4.21319374954328
RQWkrDrnRatio= 4.71482244227082
ICDroneMiteSurvivorship= 70.7350500393659
ICWorkerMiteSurvivorship= 47.6157580967993
ICForagerLifespan= 7.97466241102666
ImmType= Polynomial
AIAdultSlope= 0.922583933165297
AIAdultLD50= 0.00198980141431093
AIAdultSlopeContact= 1.64771500179777
AIAdultLD50Contact= 0.0254540729918517
AILarvaSlope= 0.660662771761417
AILarvaLD50= 0.275320287351497
AIKOW= 3.31827139295638
AIKOC= 25.6884674786124
AIHalfLife= 3.72516003553756
EAppRate= 0.00477803803514689
