ICQueenStrength= 5.40752303227782
RQWkrDrnRatio= 1.59318767488003
ICDroneMiteSurvivorship= 93.9553874079138
ICWorkerMiteSurvivorship= 29.1651052189991
ICForagerLifespan= 5.17407077364624
ImmType= Logarithmic
AIAdultSlope= 6.85040003852919
AIAdultLD50= 0.816410882631317
AIAdultSlopeContact= 0.208488518837839
AIAdultLD50Contact= 0.0651485021226108
AILarvaSlope= 4.74514631787315
AILarvaLD50= 1.84196890424937
AIKOW= 19.91636690218
AIKOC= 57.6405303087085
AIHalfLife= 2.95117503125221
EAppRate= 0.693061583675444
