ICQueenStrength= 1.25649169343524
RQWkrDrnRatio= 1.05481377616525
ICDroneMiteSurvivorship= 38.1223601289093
ICWorkerMiteSurvivorship= 19.2883152980357
ICForagerLifespan= 11.5058597298339
ImmType= Cosine
AIAdultSlopeContact= 4.29581369040534
AIAdultLD50Contact= 0.196529872622341
AILarvaSlope= 4.67551128007472
AILarvaLD50= 0.812320184893906
AIKOW= 71.0198095068336
AIKOC= 76.6856213798746
AIHalfLife= 8.17553980601951
