ICQueenStrength= 4.58068727771752
RQWkrDrnRatio= 4.08670001942664
ICDroneMiteSurvivorship= 66.1936033051461
ICWorkerMiteSurvivorship= 31.0446318937466
ICForagerLifespan= 13.146686845459
ImmType= Logarithmic
AIAdultSlope= 1.08349195268936
AIAdultLD50= 0.200139055028558
AIAdultSlopeContact= 0.882758070419077
AIAdultLD50Contact= 0.00738568688975647
AILarvaSlope= 2.56325010196306
AILarvaLD50= 0.812027976242825
AIKOW= 6.14836365263909
AIKOC= 16.0544011986349
AIHalfLife= 1.60196700831875
EAppRate= 0.56964260165114
