ICQueenStrength= 4.72411448159255
RQWkrDrnRatio= 1.50049314182252
ICDroneMiteSurvivorship= 86.1067243153229
ICWorkerMiteSurvivorship= 69.5875312900171
ICForagerLifespan= 13.8455224568024
ImmType= Cosine
AIAdultSlopeContact= 0.855605348178651
AIAdultLD50Contact= 0.0160037706140429
AILarvaSlope= 2.16478690742515
AILarvaLD50= 0.489625041559339
AIKOW= 4.69286854658276
AIKOC= 18.4082141274121
AIHalfLife= 7.64769534161314
