ICQueenStrength= 4.59124227194116
RQWkrDrnRatio= 4.6255331998691
ICDroneMiteSurvivorship= 75.7153095211834
ICWorkerMiteSurvivorship= 33.6575409863144
ICForagerLifespan= 10.3320746952668
ImmType= Logarithmic
AIAdultSlopeContact= 6.03284030454233
AIAdultLD50Contact= 0.185278508625925
AILarvaSlope= 0.246269996277988
AILarvaLD50= 0.689825482200831
AIKOW= 39.9473247351125
AIKOC= 55.4279679432511
AIHalfLife= 10.057509850245
