ICQueenStrength= 3.99692303524353
RQWkrDrnRatio= 3.20386370737106
ICDroneMiteSurvivorship= 86.270435131155
ICWorkerMiteSurvivorship= 66.2795984884724
ICForagerLifespan= 13.8572151781991
ImmType= Sine
AIAdultSlope= 3.68876860417658
AIAdultLD50= 0.0161064306739718
AIAdultSlopeContact= 1.08133172367001
AIAdultLD50Contact= 0.0171423627180047
AILarvaSlope= 1.41084839538671
AILarvaLD50= 0.159861278766766
AIKOW= 3.54161707265303
AIKOC= 24.8250869172625
AIHalfLife= 1.54161249171011
EAppRate= 0.667477027908899
