ICQueenStrength= 2.50903348228894
RQWkrDrnRatio= 3.12887360341847
ICDroneMiteSurvivorship= 67.3627682495862
ICWorkerMiteSurvivorship= 65.1444686576724
ICForagerLifespan= 7.1301436200738
ImmType= Exponential
AIAdultSlopeContact= 3.83196455529425
AIAdultLD50Contact= 0.0225659147603437
AILarvaSlope= 0.177406113082543
AILarvaLD50= 0.0509719155728817
AIKOW= 3.36908782087266
AIKOC= 21.3603051041719
AIHalfLife= 0.316223895642906
