ICQueenStrength= 1.93283692840487
RQWkrDrnRatio= 3.72599598485976
ICDroneMiteSurvivorship= 0.44144750572741
ICWorkerMiteSurvivorship= 19.9177581584081
ICForagerLifespan= 8.27521563507617
ImmType= Sine
AIAdultSlope= 2.07145242309198
AIAdultLD50= 2.07281663711183
AIAdultSlopeContact= 0.530503637578804
AIAdultLD50Contact= 0.0139744422049262
AILarvaSlope= 2.32199400658719
AILarvaLD50= 0.269066597591154
AIKOW= 2.36054912116379
AIKOC= 22.1216391143389
AIHalfLife= 4.48379882145673
EAppRate= 0.14781531249173
