ICQueenStrength= 2.75018110405654
RQWkrDrnRatio= 4.29003138653934
