ICQueenStrength= 1.27681348146871
RQWkrDrnRatio= 1.53458033315837
ICDroneMiteSurvivorship= 52.3429966298863
ICWorkerMiteSurvivorship= 26.661913539283
ICForagerLifespan= 11.2274330453947
ImmType= Tangent
AIAdultSlope= 2.63960057665128
AIAdultLD50= 0.118167699081823
AIAdultSlopeContact= 2.3146831949777
AIAdultLD50Contact= 0.0415263802045956
AILarvaSlope= 1.40988699709997
AILarvaLD50= 0.129824828286655
AIKOW= 6.53622286673635
AIKOC= 5.05225065397099
AIHalfLife= 2.84360094927251
EAppRate= 0
