ICQueenStrength= 2.10024149762467
RQWkrDrnRatio= 3.93507967144251
ICDroneMiteSurvivorship= 25.0192388892174
ICWorkerMiteSurvivorship= 29.1467656381428
ICForagerLifespan= 15.3720807041973
ImmType= Cosine
AIAdultSlope= 1.01833944444079
AIAdultLD50= 0.366920153144747
AIAdultSlopeContact= 0.379996123365127
AIAdultLD50Contact= 0.043322170781903
AILarvaSlope= 1.49229062856175
AILarvaLD50= 0.207030683825724
AIKOW= 2.89661804400384
AIKOC= 25.8499351050705
AIHalfLife= 2.66624212847091
EAppRate= 0.352234596945345
