ICQueenStrength= 5.7489376203157
RQWkrDrnRatio= 1.79871407989413
ICDroneMiteSurvivorship= 95.9420608356595
ICWorkerMiteSurvivorship= 37.731479271315
ICForagerLifespan= 8.9696122854948
ImmType= Cosine
AIAdultSlope= 2.0149715824984
AIAdultLD50= 1.93803254817612
AIAdultSlopeContact= 2.45942111049313
AIAdultLD50Contact= 0.0279325723648071
AILarvaSlope= 1.83085504453629
AILarvaLD50= 0.846583772893064
AIKOW= 2.18680372508243
AIKOC= 27.9741994407959
AIHalfLife= 13.6598782092333
EAppRate= 0.392388277919963
