ICQueenStrength= 3.33053650474176
RQWkrDrnRatio= 1.82991708349437
ICDroneMiteSurvivorship= 66.0902119008824
ICWorkerMiteSurvivorship= 65.1955014327541
ICForagerLifespan= 14.5017382586375
ImmType= Tangent
AIAdultSlope= 1.38218946946319
AIAdultLD50= 0.148602599278092
AIAdultSlopeContact= 1.10307511886582
AIAdultLD50Contact= 0.0404396594618447
AILarvaSlope= 0.424602179555222
AILarvaLD50= 0.118124082055874
AIKOW= 7.46516424929723
AIKOC= 29.7455631615594
AIHalfLife= 3.9199652755633
EAppRate= 0.64974640449509
