ICQueenStrength= 1.97551525686868
RQWkrDrnRatio= 2.04002782236785
ICDroneMiteSurvivorship= 71.5087416348979
ICWorkerMiteSurvivorship= 89.6581646986306
ICForagerLifespan= 4.13050247170031
ImmType= Tangent
AIAdultSlopeContact= 1.74742761491099
AIAdultLD50Contact= 0.0256580104702152
AILarvaSlope= 2.65991433337331
AILarvaLD50= 0.133630110905506
AIKOW= 4.1572731481865
AIKOC= 16.4633472869173
AIHalfLife= 1.66249488433823
