ICQueenStrength= 2.80241113179363
RQWkrDrnRatio= 4.88752274308354
ICDroneMiteSurvivorship= 58.6527990177274
ICWorkerMiteSurvivorship= 22.5446806056425
ICForagerLifespan= 11.0682852743194
ImmType= Logarithmic
AIAdultSlope= 0.0245052353921346
AIAdultLD50= 0.22698002832476
AIAdultSlopeContact= 3.75932852981379
AIAdultLD50Contact= 0.036789511248935
AILarvaSlope= 2.77126041725278
AILarvaLD50= 0.0617770562879741
AIKOW= 3.16039830539376
AIKOC= 29.8895466036629
AIHalfLife= 2.72991820122115
EAppRate= 0.410233545256779
