ICQueenStrength= 2.89798135077581
RQWkrDrnRatio= 3.47177384980023
ICDroneMiteSurvivorship= 98.0794188333675
ICWorkerMiteSurvivorship= 13.4731572354212
ICForagerLifespan= 10.123911652714
ImmType= Polynomial
AIAdultSlope= 2.11762206063839
AIAdultLD50= 0.283738803700544
AIAdultSlopeContact= 0.968522630338557
AIAdultLD50Contact= 0.0487240357557312
AILarvaSlope= 1.69368374380283
AILarvaLD50= 0.284652413777076
AIKOW= 2.24509850656614
AIKOC= 11.6827052098233
AIHalfLife= 3.21704816073179
EAppRate= 0
