ICQueenStrength= 5.56753642065451
RQWkrDrnRatio= 4.28571473155171
ICDroneMiteSurvivorship= 35.6259325984865
ICWorkerMiteSurvivorship= 94.0239596413448
ICForagerLifespan= 15.2083158511668
ImmType= Tangent
AIAdultSlope= 2.28062735055573
AIAdultLD50= 1.17826717277057
AIAdultSlopeContact= 3.39672670608619
AIAdultLD50Contact= 0.00742998934583738
AILarvaSlope= 0.894193152571097
AILarvaLD50= 0.061144168744795
AIKOW= 6.29449356533587
AIKOC= 16.6820205643307
AIHalfLife= 0.651333113666624
EAppRate= 0.798851650441065
