ICQueenStrength= 4.99280617246404
RQWkrDrnRatio= 1.51780031621456
ICDroneMiteSurvivorship= 32.6771290972829
ICWorkerMiteSurvivorship= 52.1758125629276
ICForagerLifespan= 12.9877684116364
ImmType= Polynomial
AIAdultSlope= 2.10219018100761
AIAdultLD50= 1.00209431047551
AIAdultSlopeContact= 3.50324302909663
AIAdultLD50Contact= 0.00221527586691082
AILarvaSlope= 2.96863164384849
AILarvaLD50= 0.0406137190992013
AIKOW= 3.2723584943451
AIKOC= 13.7182198127266
AIHalfLife= 11.0867726276629
EAppRate= 0.795682060066611
