ICQueenStrength= 2.026510206284
RQWkrDrnRatio= 4.15530083142221
ICDroneMiteSurvivorship= 46.4198983740062
ICWorkerMiteSurvivorship= 5.76355359517038
ICForagerLifespan= 8.92745489440858
ImmType= Exponential
AIAdultSlopeContact= 0.911530491127633
AIAdultLD50Contact= 0.00240850561531261
AILarvaSlope= 3.29188861367293
AILarvaLD50= 0.349960836069658
AIKOW= 7.78432943066582
AIKOC= 8.07076098979451
AIHalfLife= 6.75171722332016
