ICQueenStrength= 2.41827521612868
RQWkrDrnRatio= 3.07240792084485
ICDroneMiteSurvivorship= 66.6623189812526
ICWorkerMiteSurvivorship= 1.66263594292104
ICForagerLifespan= 7.48510988801718
ImmType= Cosine
AIAdultLD50= 0.154012839635834
AIAdultSlopeContact= 0.78107874588808
AIAdultLD50Contact= 0.0376786766923033
AILarvaSlope= 1.69220492648892
AILarvaLD50= 0.230154691077769
AIKOW= 2.83366649923846
AIKOC= 12.3158838495146
AIHalfLife= 1.35314577445388
EAppRate= 0.214914401993155
