ICQueenStrength= 4.89568274258636
RQWkrDrnRatio= 1.45114415045828
ICDroneMiteSurvivorship= 18.270909669809
ICWorkerMiteSurvivorship= 66.0258609801531
ICForagerLifespan= 9.23561679944396
ImmType= Sine
AIAdultSlope= 3.35073316334747
AIAdultLD50= 1.42101513734087
AIAdultSlopeContact= 1.93523286995944
AIAdultLD50Contact= 0.0378673783154227
AILarvaSlope= 1.57389271599241
AILarvaLD50= 0.182552903657779
AIKOW= 6.54792373394594
AIKOC= 11.2470694072545
AIHalfLife= 4.79421526752412
EAppRate= 0.352922924095765
