ICQueenStrength= 4.34999466547742
RQWkrDrnRatio= 1.48250508401543
ICDroneMiteSurvivorship= 30.4536053678021
ICWorkerMiteSurvivorship= 30.3113508736715
ICForagerLifespan= 14.436444459483
ImmType= Tangent
AIAdultSlope= 2.60920806587674
AIAdultLD50= 0.0874117333441973
AIAdultSlopeContact= 2.10260719784768
AIAdultLD50Contact= 0.00275938914855942
AILarvaSlope= 0.670848956424743
AILarvaLD50= 0.667233599047177
AIKOW= 3.47316522523761
AIKOC= 11.7571977793705
AIHalfLife= 5.08367084525526
EAppRate= 0.440436042379588
