ICQueenStrength= 5.8723359813448
RQWkrDrnRatio= 3.74724831338972
ICDroneMiteSurvivorship= 61.1064386088401
ICWorkerMiteSurvivorship= 46.9616430345923
ICForagerLifespan= 10.3024163031951
ImmType= Logarithmic
AIAdultSlope= 0.341450047632679
AIAdultLD50= 2.23789327405393
AIAdultSlopeContact= 3.36021029363154
AIAdultLD50Contact= 0.030621567950584
AILarvaSlope= 2.79246650775895
AILarvaLD50= 0.377315404848196
AIKOW= 6.87667327793315
AIKOC= 27.0021416840609
AIHalfLife= 2.65137878898531
EAppRate= 0.312329669483006
