ICQueenStrength= 2.89655592199415
RQWkrDrnRatio= 3.19925411511213
ICDroneMiteSurvivorship= 62.3036085627973
ICWorkerMiteSurvivorship= 54.9543062457815
ICForagerLifespan= 13.5801333282143
ImmType= Tangent
AIAdultSlopeContact= 0.23506682225503
AIAdultLD50Contact= 0.00421758528100327
AILarvaSlope= 1.63247886686586
AILarvaLD50= 0.199566203844734
AIKOW= 6.46752015734091
AIKOC= 20.5463147559203
AIHalfLife= 9.67703836690634
