ICQueenStrength= 5.93899830966257
RQWkrDrnRatio= 4.12866455409676
ICDroneMiteSurvivorship= 77.6298415381461
ICWorkerMiteSurvivorship= 70.7001390401274
ICForagerLifespan= 14.2470642980188
ImmType= Exponential
AIAdultSlopeContact= 0.891166868589353
AIAdultLD50Contact= 0.0295787049806677
AILarvaSlope= 0.450427355244756
AILarvaLD50= 0.812882651458494
AIKOW= 7.51127699064091
AIKOC= 17.063725583721
AIHalfLife= 13.1441179784015
