ICQueenStrength= 4.81638586753979
RQWkrDrnRatio= 2.28413875959814
ICDroneMiteSurvivorship= 41.6240575490519
ICWorkerMiteSurvivorship= 95.0288291787729
ICForagerLifespan= 15.3360615763813
ImmType= Tangent
AIAdultSlope= 2.33570651444606
AIAdultLD50= 2.57807432301342
AIAdultSlopeContact= 0.864763474494684
AIAdultLD50Contact= 0.0126872898894362
AILarvaSlope= 2.31729901493527
AILarvaLD50= 0.056186164682731
AIKOW= 7.36296580918133
AIKOC= 29.6196979191154
AIHalfLife= 5.97897277306765
EAppRate= 0.0368351275101304
