ICQueenStrength= 2.33757445611991
RQWkrDrnRatio= 1.70835187193006
ICDroneMiteSurvivorship= 15.7182789873332
ICWorkerMiteSurvivorship= 26.2246324215084
ICForagerLifespan= 7.43827358447015
ImmType= Sine
AIAdultSlope= 2.86694807931781
AIAdultLD50= 0.172462088055909
AIAdultSlopeContact= 5.97884489456192
AIAdultLD50Contact= 0.108810492558405
AILarvaSlope= 8.88327258173376
AILarvaLD50= 1.60423333011568
AIKOW= 74.9787064734846
AIKOC= 60.6995166745037
AIHalfLife= 1.82136547984555
EAppRate= 1.00995920412242
