ICQueenStrength= 5.02052066638134
RQWkrDrnRatio= 4.43214481044561
ICDroneMiteSurvivorship= 39.097505970858
ICWorkerMiteSurvivorship= 75.1585572725162
ICForagerLifespan= 15.3405449809507
ImmType= Tangent
AIAdultSlope= 1.25851358477958
AIAdultLD50= 2.80685721058398
AIAdultSlopeContact= 2.10906335218577
AIAdultLD50Contact= 0.00989936933619902
AILarvaSlope= 1.3195576638449
AILarvaLD50= 0.11822904443834
AIKOW= 4.39656281424686
AIKOC= 5.84408957045525
AIHalfLife= 5.72491673380136
EAppRate= 0.390366578940302
