ICQueenStrength= 3.68615846405737
RQWkrDrnRatio= 4.62165015377104
ICDroneMiteSurvivorship= 29.7794518759474
ICWorkerMiteSurvivorship= 87.4700341140851
ICForagerLifespan= 6.29746556654572
ImmType= Polynomial
AIAdultSlopeContact= 0.999764631525613
AIAdultLD50Contact= 0.0490564433857799
AILarvaSlope= 2.66939500435255
AILarvaLD50= 0.73788713584654
AIKOW= 7.36146381543949
AIKOC= 29.5657802675851
AIHalfLife= 13.2938235630281
