ICQueenStrength= 2.69636817462742
RQWkrDrnRatio= 2.00959839578718
