ICQueenStrength= 1.23889826843515
RQWkrDrnRatio= 3.16272433195263
ICDroneMiteSurvivorship= 84.7283189883456
ICWorkerMiteSurvivorship= 92.0774341793731
ICForagerLifespan= 11.4681895235553
ImmType= Cosine
AIAdultSlope= 3.15897077069152
AIAdultLD50= 0.359600287978537
AIAdultSlopeContact= 2.86297832050826
AIAdultLD50Contact= 0.000790445785969496
AILarvaSlope= 0.12548109581694
AILarvaLD50= 0.478103022859432
AIKOW= 5.66866507241502
AIKOC= 6.38724237331189
AIHalfLife= 2.53310984116979
EAppRate= 0.0761747609358281
