ICQueenStrength= 5.90146979806013
RQWkrDrnRatio= 2.44251698534936
ICDroneMiteSurvivorship= 14.4769941456616
ICWorkerMiteSurvivorship= 4.1912853717804
ICForagerLifespan= 12.302401015535
ImmType= Tangent
AIAdultSlope= 2.83452990232036
AIAdultLD50= 2.17723097582348
AIAdultSlopeContact= 2.05846938587492
AIAdultLD50Contact= 0.0440258417860605
AILarvaSlope= 0.665235166158527
AILarvaLD50= 0.860445508500561
AIKOW= 2.37112526688725
AIKOC= 9.59164447966032
AIHalfLife= 1.388948102016
EAppRate= 0.956799746491015
