ICQueenStrength= 5.14659360074438
RQWkrDrnRatio= 2.23640860524029
ICDroneMiteSurvivorship= 87.0788415428251
ICWorkerMiteSurvivorship= 38.6724534910172
ICForagerLifespan= 14.2990284515545
ImmType= Logarithmic
AIAdultSlope= 1.98665665928274
AIAdultLD50= 0.970895323902369
AIAdultSlopeContact= 0.389202254607808
AIAdultLD50Contact= 0.0424850129522383
AILarvaSlope= 1.65825605983846
AILarvaLD50= 0.566204033209942
AIKOW= 6.69027255894616
AIKOC= 15.5575984518509
AIHalfLife= 3.73387382458895
EAppRate= 0.941713377833366
