ICQueenStrength= 5.65814405237325
RQWkrDrnRatio= 2.5016566067934
ICDroneMiteSurvivorship= 47.0237192232162
ICWorkerMiteSurvivorship= 77.6787182316184
ICForagerLifespan= 13.2557695899159
ImmType= Logarithmic
AIAdultSlope= 1.42489791191183
AIAdultSlopeContact= 3.11170380941592
AIAdultLD50Contact= 0.0342401764006354
AILarvaSlope= 1.55583483334631
AILarvaLD50= 0.152141624107026
AIKOW= 6.57617956819013
AIKOC= 15.1014880288858
AIHalfLife= 7.11084868805483
