ICQueenStrength= 5.93644570931792
RQWkrDrnRatio= 3.05569943506271
ICDroneMiteSurvivorship= 61.8146259570494
ICWorkerMiteSurvivorship= 28.4957093885168
ICForagerLifespan= 12.2768842671067
ImmType= Exponential
AIAdultSlope= 1.44143644291908
AIAdultLD50= 1.02967362385243
AIAdultSlopeContact= 1.12172425921541
AIAdultLD50Contact= 0.00707575143314898
AILarvaSlope= 1.95388935822994
AILarvaLD50= 0.16981352143921
AIKOW= 2.50864441413432
AIKOC= 17.8333944769111
AIHalfLife= 11.1125694196671
EAppRate= 0.0997580194380134
