ICQueenStrength= 4.58845090609975
RQWkrDrnRatio= 3.21618578583002
ICDroneMiteSurvivorship= 45.4146172618493
ICWorkerMiteSurvivorship= 88.5614054277539
ICForagerLifespan= 15.7493107039481
ImmType= Logarithmic
AIAdultSlope= 3.05163660319522
