ICQueenStrength= 4.637029689271
RQWkrDrnRatio= 1.32861018739641
ICDroneMiteSurvivorship= 83.8701434666291
ICWorkerMiteSurvivorship= 9.80252523440868
ICForagerLifespan= 4.12744682654738
ImmType= Polynomial
AIAdultSlope= 0.55251413023565
AIAdultLD50= 0.230326402699575
AIAdultSlopeContact= 1.66986671383493
AIAdultLD50Contact= 0.00023600971326232
AILarvaSlope= 3.39448327948339
AILarvaLD50= 0.881472956598736
AIKOW= 2.91641119727865
AIKOC= 12.9890384629834
AIHalfLife= 4.39021125202999
EAppRate= 0
