ICQueenStrength= 2.80341324652545
RQWkrDrnRatio= 3.87907755281776
ICDroneMiteSurvivorship= 30.455861473456
ICWorkerMiteSurvivorship= 8.84593811351806
ICForagerLifespan= 8.59633302595466
ImmType= Polynomial
AIAdultSlope= 3.51288583828136
