ICQueenStrength= 2.52751659508795
RQWkrDrnRatio= 2.010831319727
ICDroneMiteSurvivorship= 63.7108257738873
ICWorkerMiteSurvivorship= 62.6584554323927
ICForagerLifespan= 15.4093220699579
ImmType= Exponential
AIAdultSlope= 6.05488701956347
