ICQueenStrength= 2.47888548788615
RQWkrDrnRatio= 1.75087356567383
ICDroneMiteSurvivorship= 37.1965317754075
ICWorkerMiteSurvivorship= 10.4935123585165
ICForagerLifespan= 8.93364442139864
ImmType= Sine
AIAdultSlope= 0.362518638558686
AIAdultLD50= 1.37038739025593
AIAdultSlopeContact= 1.89192667885451
AIAdultLD50Contact= 0.0186247007921338
AILarvaSlope= 2.83796886266209
AILarvaLD50= 0.745494246273302
AIKOW= 4.08500837860629
AIKOC= 24.186337076826
AIHalfLife= 10.1381341270171
EAppRate= 0.312922741752118
