ICQueenStrength= 1.83278390113264
RQWkrDrnRatio= 2.26313704997301
ICDroneMiteSurvivorship= 32.7645366080105
ICWorkerMiteSurvivorship= 81.2465241877362
ICForagerLifespan= 12.4689074521884
ImmType= Exponential
AIAdultSlope= 0.864598147880752
AIAdultLD50= 0.345604975009337
AIAdultSlopeContact= 0.13502204795368
AIAdultLD50Contact= 0.0265827729832381
AILarvaSlope= 1.89742758073844
AILarvaLD50= 0.316215037414804
AIKOW= 5.70258035091683
AIKOC= 24.6943965856917
AIHalfLife= 0.0580472766887397
EAppRate= 0.45945535718929
