ICQueenStrength= 2.90676877973601
RQWkrDrnRatio= 3.08824096247554
ICDroneMiteSurvivorship= 59.426238713786
ICWorkerMiteSurvivorship= 11.9617883581668
ICForagerLifespan= 12.8535495828837
ImmType= Exponential
AIAdultSlope= 2.7599884566851
AIAdultLD50= 2.87862221268006
AIAdultSlopeContact= 1.1043598497659
AIAdultLD50Contact= 0.00519868097035214
AILarvaSlope= 2.17490819473751
AILarvaLD50= 0.299366911640391
AIKOW= 4.74475712329149
AIKOC= 14.3321450345684
AIHalfLife= 9.21430604159832
EAppRate= 0.784976491704583
