ICQueenStrength= 5.43945236154832
RQWkrDrnRatio= 4.69418069440871
ICDroneMiteSurvivorship= 17.7963398164138
ICWorkerMiteSurvivorship= 93.9245971851051
ICForagerLifespan= 14.544908689335
ImmType= Logarithmic
AIAdultSlope= 2.06431626021629
AIAdultLD50= 0.339834675891325
AIAdultSlopeContact= 0.681184560817201
AIAdultLD50Contact= 0.0156547382939607
AILarvaSlope= 2.61543074576184
AILarvaLD50= 0.290724643715657
AIKOW= 3.43962062522769
AIKOC= 24.1104954341426
AIHalfLife= 1.83488122769631
EAppRate= 0
