ICQueenStrength= 1.39174442761578
RQWkrDrnRatio= 4.85210345033556
ICDroneMiteSurvivorship= 41.8016229057685
ICWorkerMiteSurvivorship= 64.5671448903158
ICForagerLifespan= 6.92390441149473
ImmType= Logarithmic
AIAdultSlope= 7.66884747892618
