ICQueenStrength= 4.18747011944652
RQWkrDrnRatio= 4.3637040797621
