ICQueenStrength= 3.2826776758302
RQWkrDrnRatio= 4.86340935807675
ICDroneMiteSurvivorship= 38.3012100821361
ICWorkerMiteSurvivorship= 49.4967282749712
ICForagerLifespan= 11.6274304874241
ImmType= Polynomial
AIAdultSlopeContact= 0.325329087765422
AIAdultLD50Contact= 0.0301810492062941
AILarvaSlope= 2.18955514370464
AILarvaLD50= 0.495722807594575
AIKOW= 6.89305538777262
AIKOC= 11.9834980706219
AIHalfLife= 5.91253067273647
