ICQueenStrength= 4.14401391195133
RQWkrDrnRatio= 3.45820423588157
ICDroneMiteSurvivorship= 99.2081380216405
ICWorkerMiteSurvivorship= 13.6720950715244
ICForagerLifespan= 6.79891538247466
ImmType= Logarithmic
AIAdultSlope= 2.86162614859641
AIAdultLD50= 2.45733636966906
AIAdultSlopeContact= 3.82095720395213
AIAdultLD50Contact= 0.00691096346126869
AILarvaSlope= 0.584391104802489
AILarvaLD50= 0.49024768662639
AIKOW= 2.71851922292262
AIKOC= 20.3507042501587
AIHalfLife= 6.7284247521311
EAppRate= 0.330112803494558
