ICQueenStrength= 1.45462287031114
RQWkrDrnRatio= 4.4207155238837
ICDroneMiteSurvivorship= 56.7742597311735
ICWorkerMiteSurvivorship= 47.9174545267597
ICForagerLifespan= 13.6838022349402
ImmType= Sine
AIAdultSlopeContact= 2.10656545627629
AIAdultLD50Contact= 0.0461043345974758
AILarvaSlope= 1.38155432250351
AILarvaLD50= 0.59121738136746
AIKOW= 2.55247765779495
AIKOC= 6.35028170188889
AIHalfLife= 6.3422000692226
