ICQueenStrength= 4.29998163739219
RQWkrDrnRatio= 2.83363903313875
ICDroneMiteSurvivorship= 24.9734227312729
ICWorkerMiteSurvivorship= 65.3905452461913
ICForagerLifespan= 15.7970674438402
ImmType= Sine
AIAdultSlope= 3.05683823364554
AIAdultLD50= 0.363541929749772
AIAdultSlopeContact= 1.18023063117871
AIAdultLD50Contact= 0.0377597260288894
AILarvaSlope= 0.674769082572311
AILarvaLD50= 0.076034093555063
AIKOW= 4.32963442243636
AIKOC= 20.0199015450198
AIHalfLife= 4.41825542482547
EAppRate= 0
