ICQueenStrength= 4.72294603381306
RQWkrDrnRatio= 2.92941992077976
ICDroneMiteSurvivorship= 11.5038974909112
ICWorkerMiteSurvivorship= 61.7498668842018
ICForagerLifespan= 9.43339772615582
ImmType= Polynomial
AIAdultSlope= 0.0451732776127756
