ICQueenStrength= 4.09527886798605
RQWkrDrnRatio= 2.76212127041072
ICDroneMiteSurvivorship= 46.7114130966365
ICWorkerMiteSurvivorship= 62.0084290858358
ICForagerLifespan= 5.45991031266749
ImmType= Polynomial
AIAdultSlope= 2.99335229322314
AIAdultLD50= 0.272041985532269
AIAdultSlopeContact= 0.142241420508362
AIAdultLD50Contact= 0.0268587300321087
AILarvaSlope= 1.20410527726635
AILarvaLD50= 0.45409157385584
AIKOW= 4.69349186401814
AIKOC= 5.51995682297274
AIHalfLife= 0.7065968378447
EAppRate= 0.205636281287298
