ICQueenStrength= 2.67531220824458
RQWkrDrnRatio= 3.7720266841352
ICDroneMiteSurvivorship= 0.906217936426401
ICWorkerMiteSurvivorship= 96.2381932185963
ICForagerLifespan= 5.55210400559008
ImmType= Exponential
AIAdultSlope= 1.75892030619085
AIAdultLD50= 0.329520900268108
AIAdultSlopeContact= 0.531102221854962
AIAdultLD50Contact= 0.041294426866807
AILarvaSlope= 0.823821372026578
AILarvaLD50= 0.508385465852916
AIKOW= 5.79938527103513
AIKOC= 10.986483162269
AIHalfLife= 0.379346484551206
EAppRate= 0.493949254509062
