ICQueenStrength= 1.27996359625831
RQWkrDrnRatio= 2.86018106807023
ICDroneMiteSurvivorship= 2.20681715290993
ICWorkerMiteSurvivorship= 98.0825035832822
ICForagerLifespan= 12.7146199038252
ImmType= Sine
AIAdultSlope= 3.80599033785285
AIAdultLD50= 0.131436225376092
AIAdultSlopeContact= 3.6600816110638
AIAdultLD50Contact= 0.0164919588831253
AILarvaSlope= 3.26040789112449
AILarvaLD50= 0.0628922152798623
AIKOW= 5.47604194562882
AIKOC= 21.5371868410148
AIHalfLife= 2.30685207527131
EAppRate= 0.666542686056346
