ICQueenStrength= 2.4474369364325
RQWkrDrnRatio= 4.23391474317759
ICDroneMiteSurvivorship= 47.1480794716626
ICWorkerMiteSurvivorship= 27.9024124611169
ICForagerLifespan= 11.9311230052263
ImmType= Tangent
AIAdultSlope= 0.0874058485031128
AIAdultLD50= 0.522295484086499
AIAdultSlopeContact= 3.77767243448412
AIAdultLD50Contact= 0.0209069226169959
AILarvaSlope= 1.99062130162492
AILarvaLD50= 0.392749755852856
AIKOW= 5.2959612486884
AIKOC= 6.38173545710742
AIHalfLife= 10.1513211419806
EAppRate= 0.545954993227497
