ICQueenStrength= 1.58570195105858
RQWkrDrnRatio= 2.84262720029801
ICDroneMiteSurvivorship= 63.7153833173215
ICWorkerMiteSurvivorship= 49.4686663849279
ICForagerLifespan= 11.299956551753
ImmType= Sine
AIAdultSlope= 2.04939911896363
AIAdultLD50= 1.42038596165366
AIAdultSlopeContact= 3.506172784511
AIAdultLD50Contact= 0.00422974583925679
AILarvaSlope= 1.11332179079764
AILarvaLD50= 0.525859650224447
AIKOW= 7.58829096332192
AIKOC= 7.03681198763661
AIHalfLife= 5.0389387216419
EAppRate= 0.710920235840604
