ICQueenStrength= 2.2907086906489
RQWkrDrnRatio= 1.69901333935559
ICDroneMiteSurvivorship= 93.6137445503846
ICWorkerMiteSurvivorship= 92.9266774095595
ICForagerLifespan= 13.9906033519655
ImmType= Tangent
AIAdultSlope= 0.249712976999581
AIAdultLD50= 1.11130988784134
AIAdultSlopeContact= 0.250434422388207
AIAdultLD50Contact= 0.0239635118632577
AILarvaSlope= 1.9225001775194
AILarvaLD50= 0.766556867142208
AIKOW= 4.1745182685554
AIKOC= 12.9907101870049
AIHalfLife= 3.2353648901917
EAppRate= 0.821834016125649
