ICQueenStrength= 3.24669956718571
RQWkrDrnRatio= 2.14422728028148
ICDroneMiteSurvivorship= 16.0767446504906
ICWorkerMiteSurvivorship= 41.1662735277787
ICForagerLifespan= 15.5225330162793
ImmType= Exponential
AIAdultSlope= 1.75050181333674
AIAdultLD50= 0.154148857924156
AIAdultSlopeContact= 0.407812835827935
AIAdultLD50Contact= 0.0363722188398242
AILarvaSlope= 2.82551854653284
AILarvaLD50= 0.573958453070372
AIKOW= 3.68789956253022
AIKOC= 22.8717222937848
AIHalfLife= 4.29677692591213
EAppRate= 0.499910075496882
