ICQueenStrength= 2.66769078583457
RQWkrDrnRatio= 3.81729956995696
ICDroneMiteSurvivorship= 11.3716579042375
ICWorkerMiteSurvivorship= 89.2902943771333
ICForagerLifespan= 9.27722959872335
ImmType= Sine
AIAdultSlope= 0.0317978590726852
AIAdultLD50= 2.51186649268493
AIAdultSlopeContact= 2.08957389274612
AIAdultLD50Contact= 0.020403679437004
AILarvaSlope= 2.55239012399688
AILarvaLD50= 0.836951404181309
AIKOW= 4.00600736960769
AIKOC= 5.84068432915956
AIHalfLife= 9.324878313113
EAppRate= 0.829134514089674
