ICQueenStrength= 1.17143329954706
RQWkrDrnRatio= 3.62060222122818
ICDroneMiteSurvivorship= 60.2914997143671
ICWorkerMiteSurvivorship= 5.06889000535011
ICForagerLifespan= 12.6689367042854
ImmType= Sine
AIAdultSlope= 1.03037360580638
AIAdultLD50= 1.46420996286906
AIAdultSlopeContact= 3.50553351367358
AIAdultLD50Contact= 0.0101930321077816
AILarvaSlope= 1.26854981365614
AILarvaLD50= 0.850479108793661
AIKOW= 7.44083172269166
AIKOC= 22.9456121986732
AIHalfLife= 10.0174353062175
EAppRate= 0.510859044734389
