ICQueenStrength= 2.88794250949286
RQWkrDrnRatio= 3.63209040462971
ICDroneMiteSurvivorship= 14.4127542153001
ICWorkerMiteSurvivorship= 32.0765845477581
ICForagerLifespan= 14.852383652702
ImmType= Logarithmic
AIAdultSlope= 2.54693652838469
AIAdultLD50= 0.496105887461454
AIAdultSlopeContact= 3.64598685108824
AIAdultLD50Contact= 0.00597550141392276
AILarvaSlope= 0.774473257735372
AILarvaLD50= 0.840060390578583
AIKOW= 3.63769629457965
AIKOC= 25.6796512182336
AIHalfLife= 2.42998857423663
EAppRate= 0.742547038942575
