ICQueenStrength= 3.204599250108
RQWkrDrnRatio= 4.19691536575556
ICDroneMiteSurvivorship= 33.7303449865431
ICWorkerMiteSurvivorship= 42.8264848422259
ICForagerLifespan= 6.68201781529933
ImmType= Exponential
AIAdultSlope= 0.198601456268225
AIAdultLD50= 0.0855978976469487
AIAdultSlopeContact= 2.40530168956378
AIAdultLD50Contact= 0.0388591819442809
AILarvaSlope= 0.647681710403413
AILarvaLD50= 0.852256763982587
AIKOW= 4.79165687784553
AIKOC= 20.8157448808197
AIHalfLife= 3.3872140198946
EAppRate= 0.0268333088839427
