ICQueenStrength= 4.70713341166265
RQWkrDrnRatio= 2.79905797261745
ICDroneMiteSurvivorship= 28.3320697257295
ICWorkerMiteSurvivorship= 68.6637016478926
ICForagerLifespan= 12.6945956014097
ImmType= Tangent
AIAdultSlope= 0.820562297198921
AIAdultSlopeContact= 1.19975889314432
AIAdultLD50Contact= 0.018944823788479
AILarvaSlope= 0.916509293345734
AILarvaLD50= 0.396340456721373
AIKOW= 3.66218532808125
AIKOC= 10.9288834920153
AIHalfLife= 12.815396505408
