ICQueenStrength= 3.79174545686692
RQWkrDrnRatio= 3.60434480477124
