ICQueenStrength= 5.74134410615079
RQWkrDrnRatio= 2.55852037388831
ICDroneMiteSurvivorship= 2.9238729737699
ICWorkerMiteSurvivorship= 46.3192102266476
ICForagerLifespan= 15.8487242385745
ImmType= Tangent
AIAdultSlope= 2.20482165496796
AIAdultLD50= 1.3965386103373
AIAdultSlopeContact= 1.48023181253811
AIAdultLD50Contact= 0.0303791259182617
AILarvaSlope= 2.23049795147963
AILarvaLD50= 0.281189560191706
AIKOW= 7.82116747740656
AIKOC= 14.931003220845
AIHalfLife= 4.22553268121555
EAppRate= 0.603267999598756
