ICQueenStrength= 5.69046946265735
RQWkrDrnRatio= 2.38775350246578
ICDroneMiteSurvivorship= 71.4437569025904
ICWorkerMiteSurvivorship= 56.7694890778512
ICForagerLifespan= 13.8491427293047
ImmType= Logarithmic
AIAdultSlope= 2.38522947394056
AIAdultLD50= 0.0518450533272699
AIAdultSlopeContact= 3.59602800048888
AIAdultLD50Contact= 0.0371130985906348
AILarvaSlope= 2.31008509490639
AILarvaLD50= 0.847815155354328
AIKOW= 5.40921480301768
AIKOC= 8.49431409267709
AIHalfLife= 1.03780730976723
EAppRate= 0.526582113094628
