ICQueenStrength= 1.01064862124622
RQWkrDrnRatio= 2.6143394690007
ICDroneMiteSurvivorship= 67.4072277499363
ICWorkerMiteSurvivorship= 89.1010497231036
ICForagerLifespan= 12.5498651592061
ImmType= Logarithmic
AIAdultSlopeContact= 1.76466587930918
AIAdultLD50Contact= 0.0282653949223459
AILarvaSlope= 5.55171119282022
AILarvaLD50= 0.441323499195278
AIKOW= 40.8615184715018
AIKOC= 53.0508202267811
AIHalfLife= 7.18424848932773
