ICQueenStrength= 1.57728800922632
RQWkrDrnRatio= 4.87665347475559
ICDroneMiteSurvivorship= 11.9381156750023
ICWorkerMiteSurvivorship= 15.4281562427059
ICForagerLifespan= 15.1483926391229
ImmType= Polynomial
AIAdultSlopeContact= 3.61610264092684
AIAdultLD50Contact= 0.0106989544234239
AILarvaSlope= 2.03314310358837
AILarvaLD50= 0.242103876499459
AIKOW= 6.88085741503164
AIKOC= 15.3480591613334
AIHalfLife= 1.87723017530516
