ICQueenStrength= 2.78880931343883
RQWkrDrnRatio= 1.10127286426723
ICDroneMiteSurvivorship= 56.8766506854445
ICWorkerMiteSurvivorship= 42.2810426680371
ICForagerLifespan= 8.9801396150142
ImmType= Cosine
AIAdultSlope= 1.44626915105619
AIAdultLD50= 2.8355313744396
AIAdultSlopeContact= 1.32699074336328
AIAdultLD50Contact= 0.0452848298707977
AILarvaSlope= 2.85714469836093
AILarvaLD50= 0.636770788603462
AIKOW= 4.25670921197161
AIKOC= 9.98236831626855
AIHalfLife= 11.9783646184951
EAppRate= 0.146344190929085
