ICQueenStrength= 3.91146227391437
RQWkrDrnRatio= 2.32076469063759
ICDroneMiteSurvivorship= 57.9711097758263
ICWorkerMiteSurvivorship= 50.695273373276
ICForagerLifespan= 14.7060320135206
ImmType= Polynomial
AIAdultSlope= 2.2168537045829
AIAdultLD50= 1.04421849735081
AIAdultSlopeContact= 0.696732387822121
AIAdultLD50Contact= 0.0483686911407858
AILarvaSlope= 0.424314120179042
AILarvaLD50= 0.786963646835648
AIKOW= 2.51605811249465
AIKOC= 10.7251424761489
AIHalfLife= 7.59433756489307
EAppRate= 0.727541990578175
