ICQueenStrength= 5.91735876537859
RQWkrDrnRatio= 4.79125508666039
ICDroneMiteSurvivorship= 70.4850271344185
ICWorkerMiteSurvivorship= 95.753777353093
ICForagerLifespan= 10.6241391440853
ImmType= Cosine
AIAdultSlope= 2.07837534286082
AIAdultSlopeContact= 2.95188491693465
AIAdultLD50Contact= 0.0152953526820056
AILarvaSlope= 1.13672378663905
AILarvaLD50= 0.130751851480454
AIKOW= 2.62780771451071
AIKOC= 15.6466997764073
AIHalfLife= 1.83318654075265
