ICQueenStrength= 4.09430814930238
RQWkrDrnRatio= 4.23037242610008
ICDroneMiteSurvivorship= 99.4074714602903
ICWorkerMiteSurvivorship= 21.8602552311495
ICForagerLifespan= 5.80001711193472
ImmType= Logarithmic
AIAdultSlope= 3.34197484627366
AIAdultSlopeContact= 3.13669803935336
AIAdultLD50Contact= 0.0245760195772164
AILarvaSlope= 1.04936634832993
AILarvaLD50= 0.289361816248856
AIKOW= 6.58652529679239
AIKOC= 9.62725092074834
AIHalfLife= 1.88406259892508
