ICQueenStrength= 3.98828752944246
RQWkrDrnRatio= 4.67077253200114
ICDroneMiteSurvivorship= 29.1628892999142
ICWorkerMiteSurvivorship= 83.6578247603029
ICForagerLifespan= 15.0995043870062
ImmType= Logarithmic
AIAdultSlope= 4.86928519792855
