ICQueenStrength= 5.57575642969459
RQWkrDrnRatio= 2.32440128270537
ICDroneMiteSurvivorship= 83.6108280578628
ICWorkerMiteSurvivorship= 83.468568418175
ICForagerLifespan= 9.18488967232406
ImmType= Cosine
AIAdultSlope= 1.78211288847961
AIAdultLD50= 2.07527438993566
AIAdultSlopeContact= 3.49008679046296
AIAdultLD50Contact= 0.0246425985940732
AILarvaSlope= 0.756044378038496
AILarvaLD50= 0.0377550010336563
AIKOW= 4.16496462840587
AIKOC= 19.3142353568692
AIHalfLife= 9.15682520577684
EAppRate= 0.817374045262113
