ICQueenStrength= 3.51692151534371
RQWkrDrnRatio= 3.86273452918977
ICDroneMiteSurvivorship= 15.748129086569
ICWorkerMiteSurvivorship= 99.7424411121756
ICForagerLifespan= 9.02121223695576
ImmType= Tangent
AIAdultSlope= 0.904023043261841
AIAdultLD50= 0.2202758298954
AIAdultSlopeContact= 2.04828936027596
AIAdultLD50Contact= 0.0478065978735685
AILarvaSlope= 2.58667974844575
AILarvaLD50= 0.607332042208873
AIKOW= 4.11986229196191
AIKOC= 5.32210490317084
AIHalfLife= 4.84956549596973
EAppRate= 0.157321046595462
