ICQueenStrength= 2.59938126569614
RQWkrDrnRatio= 4.40537026338279
ICDroneMiteSurvivorship= 7.84453863743693
ICWorkerMiteSurvivorship= 88.6679030722007
ICForagerLifespan= 8.63791031669825
ImmType= Sine
AIAdultSlope= 3.74568017091136
AIAdultLD50= 0.398173522669822
AIAdultSlopeContact= 2.52522869937122
AIAdultLD50Contact= 0.0227819889900275
AILarvaSlope= 0.444740646099672
AILarvaLD50= 0.285362907685339
AIKOW= 3.00589572638273
AIKOC= 18.5127491375897
AIHalfLife= 2.5056270242203
EAppRate= 0.00221604998223484
