ICQueenStrength= 3.0694905158598
RQWkrDrnRatio= 2.97645876463503
ICDroneMiteSurvivorship= 18.3099400950596
ICWorkerMiteSurvivorship= 82.5145423877984
ICForagerLifespan= 12.2428812189028
ImmType= Exponential
AIAdultSlope= 0.911463547265157
AIAdultLD50= 1.79775386187248
AIAdultSlopeContact= 0.495564212081954
AIAdultLD50Contact= 0.031218332645949
AILarvaSlope= 2.76341587672941
AILarvaLD50= 0.683783105900511
AIKOW= 5.77046629274264
AIKOC= 28.9669506205246
AIHalfLife= 12.4467100412585
EAppRate= 0.0262609876226634
