ICQueenStrength= 3.09827893297188
RQWkrDrnRatio= 4.93162107095122
ICDroneMiteSurvivorship= 54.0273744147271
ICWorkerMiteSurvivorship= 87.2279287548736
ICForagerLifespan= 9.85670904070139
ImmType= Sine
AIAdultSlope= 3.21844987859018
AIAdultLD50= 0.0555320916464552
AIAdultSlopeContact= 3.44297057397198
AIAdultLD50Contact= 0.0303885372821242
AILarvaSlope= 3.22198168830946
AILarvaLD50= 0.0617206739494577
AIKOW= 7.00385238649324
AIKOC= 27.2194612841122
AIHalfLife= 0.416767499409616
EAppRate= 0.115896951616742
