ICQueenStrength= 1.01216808566824
RQWkrDrnRatio= 1.27168738283217
ICDroneMiteSurvivorship= 13.484765868634
ICWorkerMiteSurvivorship= 51.7904660897329
ICForagerLifespan= 7.77228075545281
ImmType= Polynomial
AIAdultSlope= 2.26732211830094
AIAdultLD50= 1.41744308522902
AIAdultSlopeContact= 3.17710660246667
AIAdultLD50Contact= 0.0208481411333196
AILarvaSlope= 1.1954730508849
AILarvaLD50= 0.253536294121295
AIKOW= 7.18136718589813
AIKOC= 19.6329124458134
AIHalfLife= 2.90851492015645
EAppRate= 0.93643017206341
