ICQueenStrength= 5.19603510410525
RQWkrDrnRatio= 4.62113030347973
ICDroneMiteSurvivorship= 43.4647134039551
ICWorkerMiteSurvivorship= 44.7773393942043
ICForagerLifespan= 12.6732673263177
ImmType= Sine
AIAdultSlopeContact= 0.580486769266427
AIAdultLD50Contact= 0.0346371064777486
AILarvaSlope= 3.3021092324052
AILarvaLD50= 0.354119565105066
AIKOW= 5.68716296460479
AIKOC= 12.1362258691806
AIHalfLife= 12.3974204738624
