ICQueenStrength= 4.0912238440942
RQWkrDrnRatio= 3.41674623917788
ICDroneMiteSurvivorship= 22.542074508965
ICWorkerMiteSurvivorship= 24.110695393756
ICForagerLifespan= 13.4042091304436
ImmType= Tangent
AIAdultSlopeContact= 1.15470695895609
AIAdultLD50Contact= 0.0319934322847985
AILarvaSlope= 1.62371677374467
AILarvaLD50= 0.587713851663284
AIKOW= 3.73223308566958
AIKOC= 16.2789036356844
AIHalfLife= 7.03793912520632
