ICQueenStrength= 1.14441952574998
RQWkrDrnRatio= 1.59576812200248
ICDroneMiteSurvivorship= 79.4707099441439
ICWorkerMiteSurvivorship= 76.3305898057297
ICForagerLifespan= 7.16317533422261
ImmType= Logarithmic
AIAdultSlope= 1.92156674889848
AIAdultLD50= 1.16060815192759
AIAdultSlopeContact= 2.20595926664304
AIAdultLD50Contact= 0.0431929398793727
AILarvaSlope= 3.10405841385946
AILarvaLD50= 0.867285843053833
AIKOW= 7.32939588883892
AIKOC= 5.37329746992327
AIHalfLife= 12.155813798774
EAppRate= 0.462675171904266
