ICQueenStrength= 5.88470411626622
RQWkrDrnRatio= 2.88550345506519
ICDroneMiteSurvivorship= 17.2143158735707
ICWorkerMiteSurvivorship= 66.7116962140426
ICForagerLifespan= 5.30107734072953
ImmType= Exponential
AIAdultSlope= 2.82289949102327
AIAdultLD50= 0.381906654918566
AIAdultSlopeContact= 1.16242110901047
AIAdultLD50Contact= 0.0428997775889002
AILarvaSlope= 2.71525199501775
AILarvaLD50= 0.230858209356666
AIKOW= 4.53056720457971
AIKOC= 18.2580219011288
AIHalfLife= 2.01665240805596
EAppRate= 0
