ICQueenStrength= 1.59364060638472
RQWkrDrnRatio= 3.06133411917835
ICDroneMiteSurvivorship= 40.1898704702035
ICWorkerMiteSurvivorship= 62.4816753203049
ICForagerLifespan= 5.59920731186867
ImmType= Logarithmic
AIAdultSlope= 5.51665528677404
