ICQueenStrength= 1.28918081661686
RQWkrDrnRatio= 1.16884326096624
ICDroneMiteSurvivorship= 85.4918754426762
ICWorkerMiteSurvivorship= 17.1533217420802
ICForagerLifespan= 10.7353871297091
ImmType= Polynomial
AIAdultSlope= 2.75288630712312
AIAdultLD50= 0.340810720459558
AIAdultSlopeContact= 3.91122238839045
AIAdultLD50Contact= 0.0381964490981773
AILarvaSlope= 3.30007143500261
AILarvaLD50= 0.0925271076383069
AIKOW= 6.06692786561325
AIKOC= 8.78393594291992
AIHalfLife= 4.75935445050709
EAppRate= 0.110236461437307
