ICQueenStrength= 4.6325966170989
RQWkrDrnRatio= 1.22852587793022
ICDroneMiteSurvivorship= 50.7562689948827
ICWorkerMiteSurvivorship= 64.7200957406312
ICForagerLifespan= 15.4456167975441
ImmType= Polynomial
AIAdultSlopeContact= 0.576485933836084
AIAdultLD50Contact= 0.035760676546488
AILarvaSlope= 3.26645681345835
AILarvaLD50= 0.513681621663272
AIKOW= 7.34778942354023
AIKOC= 18.7565547716804
AIHalfLife= 0.858615826815367
