ICQueenStrength= 2.67972498224117
RQWkrDrnRatio= 3.46871249843389
ICDroneMiteSurvivorship= 47.6645598653704
ICWorkerMiteSurvivorship= 86.937855114229
ICForagerLifespan= 11.1431979360059
ImmType= Polynomial
AIAdultSlope= 2.03453491823748
AIAdultLD50= 2.74118184763938
AIAdultSlopeContact= 2.30142527333926
AIAdultLD50Contact= 0.0486154828802682
AILarvaSlope= 0.952639436116442
AILarvaLD50= 0.513875538459979
AIKOW= 2.75195623701438
AIKOC= 23.0847798881587
AIHalfLife= 4.95880385534838
EAppRate= 0.592173184966668
