ICQueenStrength= 3.5973047374282
RQWkrDrnRatio= 3.21436332911253
ICDroneMiteSurvivorship= 27.0707022864372
ICWorkerMiteSurvivorship= 16.2546123145148
ICForagerLifespan= 12.5954085038975
ImmType= Exponential
AIAdultSlope= 0.705367174150888
AIAdultLD50= 0.0903405392309651
AIAdultSlopeContact= 1.74774227076676
AIAdultLD50Contact= 0.049583455407992
AILarvaSlope= 3.21775532867759
AILarvaLD50= 0.117012899019755
AIKOW= 7.35578278498724
AIKOC= 11.6869936534204
AIHalfLife= 0.811088832560927
EAppRate= 0.191312970500439
