ICQueenStrength= 4.98177568800747
RQWkrDrnRatio= 2.72135935537517
ICDroneMiteSurvivorship= 31.4782002475113
ICWorkerMiteSurvivorship= 85.8120121760294
ICForagerLifespan= 6.63447103928775
ImmType= Polynomial
AIAdultSlope= 3.07841584563023
AIAdultLD50= 0.106340004713275
AIAdultSlopeContact= 1.08521037131315
AIAdultLD50Contact= 0.0472939180443063
AILarvaSlope= 2.08383035468869
AILarvaLD50= 0.315728986775503
AIKOW= 6.80659242300317
AIKOC= 29.5988610375207
AIHalfLife= 2.63651119428687
EAppRate= 0
