ICQueenStrength= 3.96158261247911
RQWkrDrnRatio= 4.26383171416819
ICDroneMiteSurvivorship= 10.8410107903183
ICWorkerMiteSurvivorship= 91.4681805996224
ICForagerLifespan= 15.8045829627663
ImmType= Cosine
AIAdultSlope= 2.19017625045963
AIAdultLD50= 0.347774205962196
AIAdultSlopeContact= 1.55613939074334
AIAdultLD50Contact= 0.00102985242847353
AILarvaSlope= 0.673037481447682
AILarvaLD50= 0.285656870459206
AIKOW= 7.51533643715084
AIKOC= 25.0427653908264
AIHalfLife= 3.50450732046738
EAppRate= 0.238980505615473
