ICQueenStrength= 4.62850136938505
RQWkrDrnRatio= 3.26696930360049
ICDroneMiteSurvivorship= 86.9174392428249
ICWorkerMiteSurvivorship= 72.5394080858678
ICForagerLifespan= 11.9104045471177
ImmType= Sine
AIAdultSlope= 1.36255412127357
AIAdultLD50= 0.135497230105102
AIAdultSlopeContact= 0.790906862241682
AIAdultLD50Contact= 0.0290986164240167
AILarvaSlope= 2.2553642612882
AILarvaLD50= 0.279724733135663
AIKOW= 4.2260172739625
AIKOC= 26.1978902749252
AIHalfLife= 3.12066190643236
EAppRate= 0.224970827577636
