ICQueenStrength= 1.69656538078561
RQWkrDrnRatio= 3.8081144457683
ICDroneMiteSurvivorship= 96.7316486872733
ICWorkerMiteSurvivorship= 42.8489815443754
ICForagerLifespan= 12.1081297257915
ImmType= Polynomial
AIAdultSlope= 0.449778878875077
AIAdultLD50= 1.34247989743017
AIAdultSlopeContact= 3.84425005027559
AIAdultLD50Contact= 0.0392580864136107
AILarvaSlope= 3.04160806825384
AILarvaLD50= 0.261345086758956
AIKOW= 2.96226179320365
AIKOC= 13.9785960793961
AIHalfLife= 3.32846515905112
EAppRate= 0.500313705066219
