ICQueenStrength= 1.5062954663299
RQWkrDrnRatio= 4.1823640530929
ICDroneMiteSurvivorship= 52.2327867336571
ICWorkerMiteSurvivorship= 38.7830425752327
ICForagerLifespan= 14.8304807115346
ImmType= Sine
AIAdultSlope= 0.547050202768296
AIAdultLD50= 0.254866875824519
AIAdultSlopeContact= 1.51176545305643
AIAdultLD50Contact= 0.0448790897498839
AILarvaSlope= 1.47937727640383
AILarvaLD50= 0.1021342524793
AIKOW= 2.52708065882325
AIKOC= 11.78867395618
AIHalfLife= 2.32410152559169
EAppRate= 0
