ICQueenStrength= 3.05955622484908
RQWkrDrnRatio= 3.54860307462513
ICDroneMiteSurvivorship= 81.6211932338774
ICWorkerMiteSurvivorship= 17.2513230936602
ICForagerLifespan= 15.0283993696794
ImmType= Sine
AIAdultSlope= 2.01543412376195
AIAdultLD50= 1.13153707841411
AIAdultSlopeContact= 3.25091092198854
AIAdultLD50Contact= 0.0322921156650409
AILarvaSlope= 2.96022003600374
AILarvaLD50= 0.553211506828666
AIKOW= 7.53489716304466
AIKOC= 19.382515399484
AIHalfLife= 12.9186439374462
EAppRate= 0.516785523854196
