ICQueenStrength= 4.95067473175004
RQWkrDrnRatio= 4.78658561222255
ICDroneMiteSurvivorship= 64.1791854519397
ICWorkerMiteSurvivorship= 86.2074808683246
ICForagerLifespan= 8.74939487036318
ImmType= Cosine
AIAdultSlope= 0.932527586908545
AIAdultLD50= 0.083549992297776
AIAdultSlopeContact= 0.406881814941298
AIAdultLD50Contact= 0.00146282609784976
AILarvaSlope= 0.389187136245891
AILarvaLD50= 0.308386069326662
AIKOW= 3.38491280376911
AIKOC= 21.3288788928185
AIHalfLife= 1.19080242468044
EAppRate= 0.35211950938683
