ICQueenStrength= 4.84323503705673
RQWkrDrnRatio= 2.17391715198755
ICDroneMiteSurvivorship= 8.59098550863564
ICWorkerMiteSurvivorship= 32.3051172075793
ICForagerLifespan= 10.8216883726418
ImmType= Polynomial
AIAdultSlope= 0.389275073818862
AIAdultLD50= 0.784428491955623
AIAdultSlopeContact= 1.91253745589638
AIAdultLD50Contact= 0.0284609996597283
AILarvaSlope= 2.99733792785555
AILarvaLD50= 0.622663646796718
AIKOW= 4.94178055645898
AIKOC= 12.2198758192826
AIHalfLife= 0.666034040506929
EAppRate= 0.838393769226968
