ICQueenStrength= 1.11432475061156
RQWkrDrnRatio= 1.01377295423299
ICDroneMiteSurvivorship= 25.2397889271379
ICWorkerMiteSurvivorship= 7.66163922380656
ICForagerLifespan= 11.1071038739756
ImmType= Exponential
AIAdultSlope= 1.0137466696417
AIAdultLD50= 0.485344108892605
AIAdultSlopeContact= 3.08323616870446
AIAdultLD50Contact= 0.0230501742684282
AILarvaSlope= 1.93182564266026
AILarvaLD50= 0.52736127153039
AIKOW= 6.94816790707409
AIKOC= 26.3878357899375
AIHalfLife= 3.22217937442474
EAppRate= 0.48566609127447
