ICQueenStrength= 2.40512020234019
RQWkrDrnRatio= 4.7306443117559
