ICQueenStrength= 1.13103113044053
RQWkrDrnRatio= 4.0602994710207
ICDroneMiteSurvivorship= 11.3438334548846
ICWorkerMiteSurvivorship= 28.2032096059993
ICForagerLifespan= 10.8720513731241
ImmType= Exponential
AIAdultSlope= 1.15638150773011
AIAdultLD50= 1.2787314823363
AIAdultSlopeContact= 3.01583835795522
AIAdultLD50Contact= 0.0351129905320704
AILarvaSlope= 1.86900945981033
AILarvaLD50= 0.742109774169512
AIKOW= 7.29086909815669
AIKOC= 7.60741006350145
AIHalfLife= 13.2968541150913
EAppRate= 0.330596045125276
