ICQueenStrength= 4.89218295225874
RQWkrDrnRatio= 3.66566656623036
ICDroneMiteSurvivorship= 81.2385208904743
ICWorkerMiteSurvivorship= 37.1442972449586
ICForagerLifespan= 4.60619787592441
ImmType= Tangent
AIAdultSlope= 4.67797345016152
AIAdultLD50= 0.218926819739863
AIAdultSlopeContact= 0.331270275637507
AIAdultLD50Contact= 0.166549370624125
AILarvaSlope= 4.60767806507647
AILarvaLD50= 1.15038347244263
AIKOW= 69.6533872513101
AIKOC= 82.9930003266782
AIHalfLife= 10.3749830345623
EAppRate= 0.706499663181603
