ICQueenStrength= 4.91213332884945
RQWkrDrnRatio= 2.48365139588714
ICDroneMiteSurvivorship= 30.5116812232882
ICWorkerMiteSurvivorship= 47.0903320703655
ICForagerLifespan= 12.1356642888859
ImmType= Polynomial
AIAdultSlope= 0.787579875439405
AIAdultSlopeContact= 2.4469199387636
AIAdultLD50Contact= 0.0327003599260934
AILarvaSlope= 0.679063018411398
AILarvaLD50= 0.409663471067324
AIKOW= 7.57730274787173
AIKOC= 6.46825446863659
AIHalfLife= 8.72244856273755
