ICQueenStrength= 1.00203567207791
RQWkrDrnRatio= 4.55191301368177
ICDroneMiteSurvivorship= 86.73001723364
ICWorkerMiteSurvivorship= 87.8361405106261
ICForagerLifespan= 6.85130580328405
ImmType= Logarithmic
AIAdultSlope= 0.0276692420709878
AIAdultLD50= 0.908916663844138
AIAdultSlopeContact= 3.18371608836344
AIAdultLD50Contact= 0.0148172721848823
AILarvaSlope= 1.49666198128834
AILarvaLD50= 0.760492683830671
AIKOW= 3.60955325700343
AIKOC= 6.21070142486133
AIHalfLife= 11.0409144782461
EAppRate= 0.992580444784835
