ICQueenStrength= 1.38440685952082
RQWkrDrnRatio= 4.19309784285724
ICDroneMiteSurvivorship= 57.6631107600406
ICWorkerMiteSurvivorship= 14.3221677513793
ICForagerLifespan= 15.4360814606771
ImmType= Sine
AIAdultSlopeContact= 1.28514503827319
AIAdultLD50Contact= 0.0564985929057002
AILarvaSlope= 3.7694452283904
AILarvaLD50= 1.32501668995246
AIKOW= 65.6291624763981
AIKOC= 64.4435561494902
AIHalfLife= 5.9278266611509
