ICQueenStrength= 2.33866694872268
RQWkrDrnRatio= 3.95956634264439
ICDroneMiteSurvivorship= 77.2629840765148
ICWorkerMiteSurvivorship= 6.04005341883749
ICForagerLifespan= 11.7714924281463
ImmType= Logarithmic
AIAdultSlope= 3.16393648353405
AIAdultLD50= 1.71307206549682
AIAdultSlopeContact= 1.18158691424411
AIAdultLD50Contact= 0.00260736742056906
AILarvaSlope= 0.746092268731445
AILarvaLD50= 0.334547544806264
AIKOW= 2.27296202862635
AIKOC= 5.94069259939715
AIHalfLife= 5.72037962684408
EAppRate= 0.657764305593446
