ICQueenStrength= 1.16518506454304
RQWkrDrnRatio= 3.18195698782802
ICDroneMiteSurvivorship= 95.1029292773455
ICWorkerMiteSurvivorship= 94.1704897675663
ICForagerLifespan= 5.06087986566126
ImmType= Exponential
AIAdultSlopeContact= 4.12714336300269
AIAdultLD50Contact= 0.0820041075348854
AILarvaSlope= 4.94685995392501
AILarvaLD50= 0.989915709011257
AIKOW= 60.9301608987153
AIKOC= 6.05741224717349
AIHalfLife= 9.04457966564223
