ICQueenStrength= 1.0093068392016
RQWkrDrnRatio= 1.22502805385739
ICDroneMiteSurvivorship= 91.7204009369016
ICWorkerMiteSurvivorship= 42.3725475789979
ICForagerLifespan= 13.2148961611092
ImmType= Polynomial
AIAdultSlope= 1.68500261800364
AIAdultLD50= 0.609249093336985
AIAdultSlopeContact= 0.0707139297388494
AIAdultLD50Contact= 0.0103408288909122
AILarvaSlope= 1.7500731929671
AILarvaLD50= 0.745598041056655
AIKOW= 5.60625412967056
AIKOC= 12.1657538996078
AIHalfLife= 3.67467838479206
EAppRate= 0.914871037006378
