ICQueenStrength= 1.85057314834557
RQWkrDrnRatio= 3.41547976527363
ICDroneMiteSurvivorship= 76.6298908740282
ICWorkerMiteSurvivorship= 78.9970007026568
ICForagerLifespan= 6.50761844217777
ImmType= Polynomial
AIAdultSlope= 1.61024882326601
AIAdultLD50= 0.0219726331997663
AIAdultSlopeContact= 0.613283917608205
AIAdultLD50Contact= 0.00244299895130098
AILarvaSlope= 2.65647709243931
AILarvaLD50= 0.632850461220369
AIKOW= 6.76722161378711
AIKOC= 7.64270241023041
AIHalfLife= 1.10159653937444
EAppRate= 0.343676825775765
