ICQueenStrength= 3.2129084111657
RQWkrDrnRatio= 2.16425262019038
ICDroneMiteSurvivorship= 54.393881210126
ICWorkerMiteSurvivorship= 13.5147016029805
ICForagerLifespan= 7.91630954574794
ImmType= Tangent
AIAdultSlope= 2.81015690016327
AIAdultLD50= 0.267883865395561
AIAdultSlopeContact= 0.963916349778883
AIAdultLD50Contact= 0.00771738920593634
AILarvaSlope= 1.06370835732669
AILarvaLD50= 0.298947580321692
AIKOW= 7.45110092451796
AIKOC= 28.9220262796152
AIHalfLife= 0.256153646623716
EAppRate= 0.553034924669191
