ICQueenStrength= 4.87992694042623
RQWkrDrnRatio= 4.57213954720646
ICDroneMiteSurvivorship= 46.7714780475944
ICWorkerMiteSurvivorship= 33.1703237490728
ICForagerLifespan= 7.54555473383516
ImmType= Cosine
AIAdultSlope= 0.555685686345678
AIAdultLD50= 0.298455607960932
AIAdultSlopeContact= 1.162807558598
AIAdultLD50Contact= 0.012482373835519
AILarvaSlope= 1.2006265362259
AILarvaLD50= 0.580149736208841
AIKOW= 7.47089116368443
AIKOC= 19.7133276448585
AIHalfLife= 0.945911261951551
EAppRate= 0.0201971590984613
