ICQueenStrength= 4.49182731099427
RQWkrDrnRatio= 1.88101732730865
