ICQueenStrength= 2.66190919466317
RQWkrDrnRatio= 3.5283583747223
ICDroneMiteSurvivorship= 56.36125667952
ICWorkerMiteSurvivorship= 35.0736871594563
ICForagerLifespan= 10.3729111710563
ImmType= Sine
AIAdultSlope= 1.64862970962888
AIAdultLD50= 0.393159314524382
AIAdultSlopeContact= 3.27660843970254
AIAdultLD50Contact= 0.0181941649178043
AILarvaSlope= 1.7813416311983
AILarvaLD50= 0.465174230164848
AIKOW= 7.35474855732173
AIKOC= 12.8359410981648
AIHalfLife= 2.25908338790759
EAppRate= 0.0815906901145354
