ICQueenStrength= 4.61494110780768
RQWkrDrnRatio= 2.24337866902351
ICDroneMiteSurvivorship= 86.6248270263895
ICWorkerMiteSurvivorship= 8.99473477620631
ICForagerLifespan= 10.3175789788365
ImmType= Cosine
AIAdultSlope= 1.86867386261001
AIAdultLD50= 2.16320897033438
AIAdultSlopeContact= 3.48168199552456
AIAdultLD50Contact= 0.0388886150089093
AILarvaSlope= 3.06577010168694
AILarvaLD50= 0.562423459603451
AIKOW= 5.81186257768422
AIKOC= 9.74784051766619
AIHalfLife= 5.46612615836784
EAppRate= 0.180512998951599
