ICQueenStrength= 2.80995891452767
RQWkrDrnRatio= 1.93031487800181
ICDroneMiteSurvivorship= 37.8654316533357
ICWorkerMiteSurvivorship= 5.08378690574318
ICForagerLifespan= 8.10222715977579
ImmType= Sine
AIAdultSlope= 0.321972160516307
AIAdultLD50= 0.354946983396076
AIAdultSlopeContact= 1.74882556178374
AIAdultLD50Contact= 0.0183105931500904
AILarvaSlope= 2.84262802382
AILarvaLD50= 0.505567305511795
AIKOW= 6.57644607219845
AIKOC= 18.799756084336
AIHalfLife= 0.0656398455612361
EAppRate= 0.0745234791655093
