ICQueenStrength= 1.58603103389032
RQWkrDrnRatio= 2.79308155924082
ICDroneMiteSurvivorship= 90.2873376850039
ICWorkerMiteSurvivorship= 45.7419644109905
ICForagerLifespan= 10.3584222802892
ImmType= Exponential
AIAdultLD50= 0.154012839635834
AIAdultSlopeContact= 3.12176846690476
AIAdultLD50Contact= 0.0429649477591738
AILarvaSlope= 0.831722326856106
AILarvaLD50= 0.781171666039154
AIKOW= 6.33791226241738
AIKOC= 29.2884354956914
AIHalfLife= 11.0728230942041
EAppRate= 1.27585313096642
