ICQueenStrength= 5.72470920183696
RQWkrDrnRatio= 1.2811241298914
ICDroneMiteSurvivorship= 6.77610132843256
ICWorkerMiteSurvivorship= 5.73101625777781
ICForagerLifespan= 8.94803769420832
ImmType= Logarithmic
AIAdultSlope= 1.93287802530918
AIAdultLD50= 0.120165128260851
AIAdultSlopeContact= 1.93945856623817
AIAdultLD50Contact= 0.0312193807214499
AILarvaSlope= 3.07241523736156
AILarvaLD50= 0.770121751539409
AIKOW= 4.33121596602723
AIKOC= 16.149270425085
AIHalfLife= 0.110366152366623
EAppRate= 0
