ICQueenStrength= 4.71500377194025
RQWkrDrnRatio= 1.48935587611049
ICDroneMiteSurvivorship= 20.579713396728
ICWorkerMiteSurvivorship= 31.0708659235388
ICForagerLifespan= 13.7406377438456
ImmType= Polynomial
AIAdultSlope= 3.02837054361589
AIAdultSlopeContact= 1.15382928856881
AIAdultLD50Contact= 0.0174884853884578
AILarvaSlope= 2.52131631211378
AILarvaLD50= 0.853276720480062
AIKOW= 3.75046893861145
AIKOC= 23.3393850398716
AIHalfLife= 11.9823871506378
