ICQueenStrength= 4.75633165705949
RQWkrDrnRatio= 2.72342283651233
ICDroneMiteSurvivorship= 4.97295274399221
ICWorkerMiteSurvivorship= 72.7239716099575
ICForagerLifespan= 14.613523487933
ImmType= Logarithmic
AIAdultSlope= 2.15617514270358
AIAdultLD50= 0.0747564600314945
AIAdultSlopeContact= 0.6425671708351
AIAdultLD50Contact= 0.0482419370324351
AILarvaSlope= 3.16147425048985
AILarvaLD50= 0.441992217628285
AIKOW= 7.64866350684315
AIKOC= 16.9798762258142
AIHalfLife= 2.05773274530657
EAppRate= 0.362540358514525
