ICQueenStrength= 2.05188196524978
RQWkrDrnRatio= 1.85256586875767
ICDroneMiteSurvivorship= 30.5019561666995
ICWorkerMiteSurvivorship= 94.687764858827
ICForagerLifespan= 7.73571863956749
ImmType= Cosine
AIAdultSlopeContact= 2.08433291555615
AIAdultLD50Contact= 0.0339876099489629
AILarvaSlope= 2.63442370994017
AILarvaLD50= 0.143585385102779
AIKOW= 7.94147788314149
AIKOC= 7.48918068245985
AIHalfLife= 7.48048556875437
