ICQueenStrength= 2.59562258748338
RQWkrDrnRatio= 1.47017841693014
ICDroneMiteSurvivorship= 66.8239268474281
ICWorkerMiteSurvivorship= 31.3312903977931
ICForagerLifespan= 10.9444041736424
ImmType= Exponential
AIAdultSlope= 3.75315151282819
AIAdultLD50= 0.478046421776526
AIAdultSlopeContact= 1.30519986388972
AIAdultLD50Contact= 0.0383755282964557
AILarvaSlope= 1.42656047469936
AILarvaLD50= 0.631534956302494
AIKOW= 4.77725125988945
AIKOC= 6.7762643576134
AIHalfLife= 0.0868478522170335
EAppRate= 0
