ICQueenStrength= 3.57546216365881
RQWkrDrnRatio= 2.31107276584953
ICDroneMiteSurvivorship= 3.83849418722093
ICWorkerMiteSurvivorship= 56.4730549231172
ICForagerLifespan= 14.6575378701091
ImmType= Polynomial
AIAdultSlope= 2.24523125793785
AIAdultLD50= 2.07186014042236
AIAdultSlopeContact= 1.59564234868856
AIAdultLD50Contact= 0.00127218445995823
AILarvaSlope= 2.87870935108513
AILarvaLD50= 0.723549035098404
AIKOW= 5.80620903708041
AIKOC= 26.3654355728067
AIHalfLife= 4.94430239172652
EAppRate= 0.944315113825724
