ICQueenStrength= 2.35126803768799
RQWkrDrnRatio= 1.69752004835755
ICDroneMiteSurvivorship= 45.3133281553164
ICWorkerMiteSurvivorship= 34.6183194546029
ICForagerLifespan= 12.1844308357686
ImmType= Cosine
AIAdultSlope= 2.39780901246704
AIAdultSlopeContact= 3.70842614811379
AIAdultLD50Contact= 0.00463480987818912
AILarvaSlope= 2.25079022822902
AILarvaLD50= 0.881982241244987
AIKOW= 7.90491507435217
AIKOC= 5.65647287410684
AIHalfLife= 7.32675563637167
