ICQueenStrength= 4.82014348404482
RQWkrDrnRatio= 3.1586343748495
ICDroneMiteSurvivorship= 6.69183726422489
ICWorkerMiteSurvivorship= 53.8210765924305
ICForagerLifespan= 15.1580581273884
ImmType= Tangent
AIAdultLD50= 0.154012839635834
AIAdultSlopeContact= 0.250352775673382
AIAdultLD50Contact= 0.0287680383189581
AILarvaSlope= 0.936908920668066
AILarvaLD50= 0.165924063557759
AIKOW= 3.45296214381233
AIKOC= 13.29301540507
AIHalfLife= 2.63732910342515
EAppRate= 0.839326205663383
