ICQueenStrength= 1.81154580460861
RQWkrDrnRatio= 4.95476633217186
ICDroneMiteSurvivorship= 54.9369394546375
ICWorkerMiteSurvivorship= 10.0183495087549
ICForagerLifespan= 4.10114830639213
ImmType= Cosine
AIAdultSlopeContact= 3.0043172954279
AIAdultLD50Contact= 0.0143891254207119
AILarvaSlope= 2.47727284380235
AILarvaLD50= 0.522586470516399
AIKOW= 2.63875867519528
AIKOC= 5.55884842877276
AIHalfLife= 8.93673945218325
