ICQueenStrength= 2.07551403460093
RQWkrDrnRatio= 3.51978776790202
ICDroneMiteSurvivorship= 34.7140505211428
ICWorkerMiteSurvivorship= 21.1790680652484
ICForagerLifespan= 14.3897786214948
ImmType= Sine
AIAdultSlope= 2.96779810683802
AIAdultLD50= 0.868389292620122
AIAdultSlopeContact= 9.50973907019943
AIAdultLD50Contact= 0.102402880787849
AILarvaSlope= 7.45231778360903
AILarvaLD50= 1.8634834154509
AIKOW= 99.7703246539459
AIKOC= 41.8944987468421
AIHalfLife= 11.5357461338863
EAppRate= 1.04363612644374
