ICQueenStrength= 2.678839904489
RQWkrDrnRatio= 3.1245856070891
ICDroneMiteSurvivorship= 85.4483840288594
ICWorkerMiteSurvivorship= 32.6249128673226
ICForagerLifespan= 12.2861762549728
ImmType= Exponential
AIAdultSlope= 3.00385926622432
AIAdultLD50= 0.187658589333296
AIAdultSlopeContact= 1.41139771173242
AIAdultLD50Contact= 0.0244488236843608
AILarvaSlope= 2.8901319521945
AILarvaLD50= 0.348246956057847
AIKOW= 7.46590857906267
AIKOC= 16.1857290146872
AIHalfLife= 3.43713074922562
EAppRate= 0.29472140148282
