ICQueenStrength= 1.42390179540962
RQWkrDrnRatio= 4.04498962219805
