ICQueenStrength= 5.44629485020414
RQWkrDrnRatio= 2.51777125615627
ICDroneMiteSurvivorship= 29.9985563848168
ICWorkerMiteSurvivorship= 12.7395979128778
ICForagerLifespan= 5.91046042647213
ImmType= Logarithmic
AIAdultSlope= 0.866959238098934
AIAdultLD50= 0.882898109732196
AIAdultSlopeContact= 1.87455771990353
AIAdultLD50Contact= 0.0463341794908047
AILarvaSlope= 2.64737349105999
AILarvaLD50= 0.0649384291609749
AIKOW= 4.83870859909803
AIKOC= 13.2589801517315
AIHalfLife= 8.44852875825018
EAppRate= 0.0206781628075987
