ICQueenStrength= 1.67487732507288
RQWkrDrnRatio= 4.78617490455508
ICDroneMiteSurvivorship= 73.2685674680397
ICWorkerMiteSurvivorship= 4.63114432059228
ICForagerLifespan= 9.05069278739393
ImmType= Tangent
AIAdultSlope= 3.53315130623057
AIAdultLD50= 0.379405680578202
AIAdultSlopeContact= 2.19524814713979
AIAdultLD50Contact= 0.000810237892437726
AILarvaSlope= 2.55706014307216
AILarvaLD50= 0.631096411356702
AIKOW= 5.42279979353771
AIKOC= 16.6157017997466
AIHalfLife= 0.614536249777302
EAppRate= 0
