ICQueenStrength= 4.69423843920231
RQWkrDrnRatio= 4.6009969515726
ICDroneMiteSurvivorship= 63.290474168025
ICWorkerMiteSurvivorship= 24.421134730801
ICForagerLifespan= 12.5200013881549
ImmType= Exponential
AIAdultSlope= 2.1742753534927
AIAdultLD50= 0.073297459166497
AIAdultSlopeContact= 0.926018287036568
AIAdultLD50Contact= 0.0432786622666754
AILarvaSlope= 2.76347067216411
AILarvaLD50= 0.664735307218507
AIKOW= 5.51956465654075
AIKOC= 25.2096266497392
AIHalfLife= 4.9586652778089
EAppRate= 0.606856608204544
