ICQueenStrength= 5.79421534342691
RQWkrDrnRatio= 1.25160713400692
ICDroneMiteSurvivorship= 15.9805227769539
ICWorkerMiteSurvivorship= 68.2251445949078
ICForagerLifespan= 9.4928390039131
ImmType= Exponential
AIAdultSlope= 3.75030473548919
AIAdultLD50= 0.391277018119581
AIAdultSlopeContact= 0.0149849936482497
AIAdultLD50Contact= 0.0474244952201843
AILarvaSlope= 0.603293988481164
AILarvaLD50= 0.68825134257786
AIKOW= 7.91379050258547
AIKOC= 21.9322411471512
AIHalfLife= 4.14284533704631
EAppRate= 0.695610408205539
