ICQueenStrength= 4.45022692228667
RQWkrDrnRatio= 3.7520136134699
ICDroneMiteSurvivorship= 44.1564676351845
ICWorkerMiteSurvivorship= 98.4427318209782
ICForagerLifespan= 7.99904942139983
ImmType= Exponential
AIAdultSlope= 2.67445725896396
AIAdultSlopeContact= 1.90210344422143
AIAdultLD50Contact= 0.0189009967725724
AILarvaSlope= 1.63642294043675
AILarvaLD50= 0.550311889266595
AIKOW= 2.10536398040131
AIKOC= 6.7646296764724
AIHalfLife= 11.8137032953091
