ICQueenStrength= 4.21277483948506
RQWkrDrnRatio= 3.67226930893958
ICDroneMiteSurvivorship= 89.7106606978923
ICWorkerMiteSurvivorship= 93.2407443411648
ICForagerLifespan= 8.61297192517668
ImmType= Cosine
AIAdultSlope= 2.0138765606191
AIAdultLD50= 0.243098498089239
AIAdultSlopeContact= 3.17852824572707
AIAdultLD50Contact= 0.0119410896208137
AILarvaSlope= 2.54961423124187
AILarvaLD50= 0.703703266242519
AIKOW= 5.47477119043469
AIKOC= 13.0157533637248
AIHalfLife= 2.51746207941324
EAppRate= 0.439038683916442
