ICQueenStrength= 3.3612292855978
RQWkrDrnRatio= 2.20939257927239
ICDroneMiteSurvivorship= 57.8843099763617
ICWorkerMiteSurvivorship= 22.891413862817
ICForagerLifespan= 8.08185751177371
ImmType= Exponential
AIAdultSlope= 2.71451077433303
AIAdultLD50= 2.07849034736864
AIAdultSlopeContact= 1.57124827229418
AIAdultLD50Contact= 0.0225161135313101
AILarvaSlope= 0.054508697334677
AILarvaLD50= 0.505470058461651
AIKOW= 3.32298870570958
AIKOC= 12.850819232408
AIHalfLife= 1.79364581638947
EAppRate= 0.748915815260261
