ICQueenStrength= 2.31536172702909
RQWkrDrnRatio= 3.98368748184294
ICDroneMiteSurvivorship= 89.8312649922445
ICWorkerMiteSurvivorship= 61.353931366466
ICForagerLifespan= 14.5768755273893
ImmType= Exponential
AIAdultSlope= 0.0559251063480042
AIAdultLD50= 0.0927384456153959
AIAdultSlopeContact= 1.98530197642744
AIAdultLD50Contact= 0.0265286951558664
AILarvaSlope= 0.736813358217478
AILarvaLD50= 0.398524875822477
AIKOW= 5.38022659439594
AIKOC= 5.64744084957056
AIHalfLife= 3.66790473344736
EAppRate= 0
