ICQueenStrength= 5.60485835326836
RQWkrDrnRatio= 4.20597282424569
ICDroneMiteSurvivorship= 54.6018229098991
ICWorkerMiteSurvivorship= 89.0860812040046
ICForagerLifespan= 7.09747415222228
ImmType= Logarithmic
AIAdultSlope= 1.66461814285722
AIAdultLD50= 0.429488866939209
AIAdultSlopeContact= 1.910185977621
AIAdultLD50Contact= 0.037958910537418
AILarvaSlope= 0.0879005835391581
AILarvaLD50= 0.457547370716929
AIKOW= 2.47283604368567
AIKOC= 16.4287053525914
AIHalfLife= 2.58087100228295
EAppRate= 0.267640939215198
