ICQueenStrength= 5.26992778899148
RQWkrDrnRatio= 2.51234964374453
ICDroneMiteSurvivorship= 89.9777167243883
ICWorkerMiteSurvivorship= 84.3853396829218
ICForagerLifespan= 4.94252514373511
ImmType= Tangent
AIAdultSlope= 6.99609847506508
