ICQueenStrength= 2.01908194134012
RQWkrDrnRatio= 3.52274387143552
ICDroneMiteSurvivorship= 81.9027384044603
ICWorkerMiteSurvivorship= 85.4075581068173
ICForagerLifespan= 8.32257778290659
ImmType= Sine
AIAdultSlope= 0.809258973272517
AIAdultLD50= 2.74103543744422
AIAdultSlopeContact= 3.04624905395787
AIAdultLD50Contact= 0.0246840185835026
AILarvaSlope= 3.15694458242506
AILarvaLD50= 0.816090947692283
AIKOW= 6.67795594874769
AIKOC= 16.9050503475592
AIHalfLife= 4.33508122060448
EAppRate= 0.844511602306738
