ICQueenStrength= 2.28659472917207
RQWkrDrnRatio= 1.3924784976989
ICDroneMiteSurvivorship= 71.8849191907793
ICWorkerMiteSurvivorship= 49.5685882633552
ICForagerLifespan= 15.7304839547724
ImmType= Sine
AIAdultSlope= 0.819187508802861
AIAdultLD50= 1.39588608476333
AIAdultSlopeContact= 3.33298427061411
AIAdultLD50Contact= 0.0202052843756974
AILarvaSlope= 1.85637550191022
AILarvaLD50= 0.253009733534418
AIKOW= 4.19473250489682
AIKOC= 16.097588762641
AIHalfLife= 5.54469292145222
EAppRate= 0.114719447446987
