ICQueenStrength= 5.12900912342593
RQWkrDrnRatio= 2.63826376572251
ICDroneMiteSurvivorship= 32.4101292761043
ICWorkerMiteSurvivorship= 14.4038768485188
ICForagerLifespan= 4.55358238425106
ImmType= Cosine
AIAdultSlope= 3.15109999041539
AIAdultLD50= 0.456670389394276
AIAdultSlopeContact= 2.24121730364626
AIAdultLD50Contact= 0.0256095579476096
AILarvaSlope= 2.85122377532534
AILarvaLD50= 0.293633383722045
AIKOW= 4.50868523912504
AIKOC= 26.2611158494838
AIHalfLife= 2.7026804687921
EAppRate= 0.430959120858461
