ICQueenStrength= 4.34464124403894
RQWkrDrnRatio= 2.27965375687927
ICDroneMiteSurvivorship= 68.4350901981816
ICWorkerMiteSurvivorship= 14.343537366949
ICForagerLifespan= 5.08626157883555
ImmType= Cosine
AIAdultSlope= 3.31181734255515
AIAdultLD50= 1.56259282305837
AIAdultSlopeContact= 2.15220207826467
AIAdultLD50Contact= 0.00197732142405584
AILarvaSlope= 1.32008196366951
AILarvaLD50= 0.709509714203887
AIKOW= 7.31531293923035
AIKOC= 15.2124082390219
AIHalfLife= 8.43131659692153
EAppRate= 0.29697695421055
