ICQueenStrength= 5.75393482483923
RQWkrDrnRatio= 4.14961984939873
ICDroneMiteSurvivorship= 66.7742064455524
ICWorkerMiteSurvivorship= 52.0107782911509
ICForagerLifespan= 9.58180264662951
ImmType= Exponential
AIAdultSlopeContact= 0.697443463371601
AIAdultLD50Contact= 0.0181937980698422
AILarvaSlope= 1.5937196158804
AILarvaLD50= 0.88849148475565
AIKOW= 4.20722455671057
AIKOC= 12.8942076710518
AIHalfLife= 10.4807888614014
