ICQueenStrength= 3.6263669913169
RQWkrDrnRatio= 3.61675673536956
ICDroneMiteSurvivorship= 0.269761797972023
ICWorkerMiteSurvivorship= 64.2731162486598
ICForagerLifespan= 14.1496225837618
ImmType= Sine
AIAdultSlopeContact= 0.937427945339587
AIAdultLD50Contact= 0.0201391175505705
AILarvaSlope= 2.34084375011735
AILarvaLD50= 0.00798055690247565
AIKOW= 2.9678842634894
AIKOC= 14.5934569078963
AIHalfLife= 3.00750439008698
