ICQueenStrength= 1.97267757751979
RQWkrDrnRatio= 1.64687362127006
ICDroneMiteSurvivorship= 61.19899910409
ICWorkerMiteSurvivorship= 25.2662654034793
ICForagerLifespan= 8.99708220176399
ImmType= Cosine
AIAdultSlope= 3.75935604734346
AIAdultLD50= 0.0346299402881414
AIAdultSlopeContact= 1.66812878414523
AIAdultLD50Contact= 0.0364390292321332
AILarvaSlope= 2.14517174642533
AILarvaLD50= 0.838340632547624
AIKOW= 3.87864039326087
AIKOC= 19.971232629614
AIHalfLife= 3.09664166532457
EAppRate= 0.394154718960635
