ICQueenStrength= 1.88275249581784
RQWkrDrnRatio= 4.80513508990407
ICDroneMiteSurvivorship= 51.3277623103932
ICWorkerMiteSurvivorship= 41.699145687744
ICForagerLifespan= 4.02164432872087
ImmType= Logarithmic
AIAdultSlope= 0.154350698255002
AIAdultLD50= 0.417416018084623
AIAdultSlopeContact= 1.2802785943402
AIAdultLD50Contact= 0.0358487952151336
AILarvaSlope= 1.96234669266269
AILarvaLD50= 0.823029490071349
AIKOW= 7.68665174487978
AIKOC= 28.6765708774328
AIHalfLife= 2.10388092673384
EAppRate= 0.124573052045889
