ICQueenStrength= 1.06920337094925
RQWkrDrnRatio= 2.97482285089791
ICDroneMiteSurvivorship= 3.45909784082323
ICWorkerMiteSurvivorship= 0.945580122061074
ICForagerLifespan= 6.72866947669536
ImmType= Sine
AIAdultSlope= 0.169254551408812
AIAdultLD50= 2.47543632541783
AIAdultSlopeContact= 0.594133355766535
AIAdultLD50Contact= 0.041813800658565
AILarvaSlope= 2.88675889060833
AILarvaLD50= 0.420004488620907
AIKOW= 2.89483290817589
AIKOC= 14.8080302821472
AIHalfLife= 9.388098442927
EAppRate= 0.618724422995001
