ICQueenStrength= 4.09343049186282
RQWkrDrnRatio= 2.73250502161682
ICDroneMiteSurvivorship= 28.7774840602651
ICWorkerMiteSurvivorship= 67.1159282093868
ICForagerLifespan= 11.65331777744
ImmType= Sine
AIAdultSlopeContact= 2.85413581814384
AIAdultLD50Contact= 0.0477643477381207
AILarvaSlope= 1.59006462288089
AILarvaLD50= 0.140840080473572
AIKOW= 4.09985151095316
AIKOC= 22.7463865082245
AIHalfLife= 4.98172290995717
