ICQueenStrength= 5.97806806815788
RQWkrDrnRatio= 1.00738439429551
ICDroneMiteSurvivorship= 9.84075549058616
ICWorkerMiteSurvivorship= 36.6107562091202
ICForagerLifespan= 14.3842448191717
ImmType= Cosine
AIAdultSlope= 3.40869331230875
AIAdultLD50= 0.350735135376453
AIAdultSlopeContact= 2.04976204542909
AIAdultLD50Contact= 0.00866058599203825
AILarvaSlope= 0.708721423661336
AILarvaLD50= 0.368398221186362
AIKOW= 5.97395707247779
AIKOC= 19.4339265709277
AIHalfLife= 0.0559559254907072
EAppRate= 0.358399252477102
