ICQueenStrength= 4.14313851878978
RQWkrDrnRatio= 3.91276679281145
ICDroneMiteSurvivorship= 60.9582376433536
ICWorkerMiteSurvivorship= 0.418942212127149
ICForagerLifespan= 15.7322520082816
ImmType= Sine
AIAdultSlopeContact= 1.56427056501154
AIAdultLD50Contact= 0.00290360470535234
AILarvaSlope= 2.24534875634126
AILarvaLD50= 0.667030916665681
AIKOW= 2.97049100883305
AIKOC= 15.6357483018655
AIHalfLife= 7.95985943125561
