ICQueenStrength= 2.84916105703451
RQWkrDrnRatio= 3.79527724999934
ICDroneMiteSurvivorship= 44.976370013319
ICWorkerMiteSurvivorship= 61.9054547278211
ICForagerLifespan= 4.8823458198458
ImmType= Tangent
AIAdultSlope= 2.26280228615273
AIAdultLD50= 0.416718978085555
AIAdultSlopeContact= 3.3389692148217
AIAdultLD50Contact= 0.0375792464474216
AILarvaSlope= 2.56264372733422
AILarvaLD50= 0.106877484731376
AIKOW= 7.27187366178259
AIKOC= 20.9086314029992
AIHalfLife= 4.11001538857818
EAppRate= 0.614982911408879
