ICQueenStrength= 2.84293249738403
RQWkrDrnRatio= 1.77033483702689
ICDroneMiteSurvivorship= 9.06652146950364
ICWorkerMiteSurvivorship= 7.51442092005163
ICForagerLifespan= 7.02934312075377
ImmType= Sine
AIAdultSlope= 2.74088294967078
AIAdultLD50= 2.8732021485921
AIAdultSlopeContact= 2.74173080966575
AIAdultLD50Contact= 0.00176910690497607
AILarvaSlope= 3.23783930852078
AILarvaLD50= 0.606737335701473
AIKOW= 6.47678944282234
AIKOC= 12.5729906151537
AIHalfLife= 9.56126396544278
EAppRate= 0.0157164400443435
