ICQueenStrength= 2.33688746485859
RQWkrDrnRatio= 4.50162706431001
ICDroneMiteSurvivorship= 66.3832352263853
ICWorkerMiteSurvivorship= 27.6707086479291
ICForagerLifespan= 6.15128939133137
ImmType= Logarithmic
AIAdultSlopeContact= 0.199586317192297
AIAdultLD50Contact= 0.0355512623442337
AILarvaSlope= 1.50429658782668
AILarvaLD50= 0.0364079409744591
AIKOW= 4.58008105959743
AIKOC= 11.9139593862928
AIHalfLife= 5.48358092736453
