ICQueenStrength= 4.65627476014197
RQWkrDrnRatio= 1.95331882219762
ICDroneMiteSurvivorship= 44.8035180103034
ICWorkerMiteSurvivorship= 25.7403768366203
ICForagerLifespan= 14.8787772459909
ImmType= Cosine
AIAdultSlope= 2.4157607359346
AIAdultLD50= 0.328540550312027
AIAdultSlopeContact= 1.28548008639598
AIAdultLD50Contact= 0.0370200341218151
AILarvaSlope= 0.328885408304632
AILarvaLD50= 0.814808505191468
AIKOW= 4.13987703202292
AIKOC= 12.1266074024606
AIHalfLife= 7.54199333395809
EAppRate= 0.940874928841367
