ICQueenStrength= 4.13472487148829
RQWkrDrnRatio= 4.19338186830282
ICDroneMiteSurvivorship= 34.2271503061056
ICWorkerMiteSurvivorship= 1.92108119372278
ICForagerLifespan= 14.9028704538941
ImmType= Sine
AIAdultSlope= 4.53897231724113
