ICQueenStrength= 5.39956893329509
RQWkrDrnRatio= 2.09380921255797
ICDroneMiteSurvivorship= 96.3481865357608
ICWorkerMiteSurvivorship= 39.9465970695019
ICForagerLifespan= 6.76151485834271
ImmType= Tangent
AIAdultSlope= 0.45423625987256
AIAdultLD50= 0.0763958205934614
AIAdultSlopeContact= 2.62001116085798
AIAdultLD50Contact= 0.0358629480469972
AILarvaSlope= 2.64045470594428
AILarvaLD50= 0.203853024286218
AIKOW= 5.00903302617371
AIKOC= 16.436835170025
AIHalfLife= 0.657722977921367
EAppRate= 0.0978741185972467
