ICQueenStrength= 2.94158194470219
RQWkrDrnRatio= 1.17821917124093
ICDroneMiteSurvivorship= 34.2435660306364
ICWorkerMiteSurvivorship= 50.677467812784
ICForagerLifespan= 6.52659768890589
ImmType= Sine
AIAdultSlope= 9.11416961578652
