ICQueenStrength= 5.63260458898731
RQWkrDrnRatio= 2.80848987866193
ICDroneMiteSurvivorship= 25.1613888191059
ICWorkerMiteSurvivorship= 88.4318427415565
ICForagerLifespan= 12.0923141697422
ImmType= Cosine
AIAdultSlopeContact= 3.0648627663916
AIAdultLD50Contact= 0.0149947715690359
AILarvaSlope= 2.92573940372095
AILarvaLD50= 0.558631872804836
AIKOW= 2.82037659501657
AIKOC= 12.6388333574869
AIHalfLife= 11.6391437337734
