ICQueenStrength= 1.13154695858248
RQWkrDrnRatio= 1.88761428929865
ICDroneMiteSurvivorship= 84.5255026593804
ICWorkerMiteSurvivorship= 99.2794538615271
ICForagerLifespan= 5.17070696223527
ImmType= Tangent
AIAdultSlope= 1.31668838174315
AIAdultLD50= 0.276389742153697
AIAdultSlopeContact= 3.09213823824422
AIAdultLD50Contact= 0.0231184324249625
AILarvaSlope= 0.479824632965028
AILarvaLD50= 0.319544416526333
AIKOW= 7.19142643921077
AIKOC= 23.8133854768239
AIHalfLife= 0.665158729534596
EAppRate= 0.633409923105501
