ICQueenStrength= 2.6710821504239
RQWkrDrnRatio= 4.69659953843802
ICDroneMiteSurvivorship= 28.6494753323495
ICWorkerMiteSurvivorship= 43.0028596427292
ICForagerLifespan= 4.06646007671952
ImmType= Cosine
AIAdultSlope= 0.761095439875498
AIAdultLD50= 1.54125146660954
AIAdultSlopeContact= 3.10841076825745
AIAdultLD50Contact= 0.0167796809459105
AILarvaSlope= 2.39783209702
AILarvaLD50= 0.114100231253542
AIKOW= 7.62678156793118
AIKOC= 18.780639716424
AIHalfLife= 5.37524617929012
EAppRate= 0.65814772550948
