ICQueenStrength= 2.97866373113357
RQWkrDrnRatio= 2.99498189799488
ICDroneMiteSurvivorship= 87.567592645064
ICWorkerMiteSurvivorship= 6.37859641574323
ICForagerLifespan= 5.12547845579684
ImmType= Exponential
AIAdultSlope= 2.34907688945532
AIAdultLD50= 0.408463787985966
AIAdultSlopeContact= 2.13849257010967
AIAdultLD50Contact= 0.0262531399377622
AILarvaSlope= 2.77468324983492
AILarvaLD50= 0.0544139227364212
AIKOW= 3.5726720392704
AIKOC= 11.8383696081582
AIHalfLife= 8.08874167129397
EAppRate= 0.463436611462384
