ICQueenStrength= 4.48418646724895
RQWkrDrnRatio= 4.00118664186448
ICDroneMiteSurvivorship= 21.265422529541
ICWorkerMiteSurvivorship= 64.1190368914977
ICForagerLifespan= 4.41207339242101
ImmType= Exponential
AIAdultSlope= 3.40764734513825
AIAdultLD50= 0.0774326571263373
AIAdultSlopeContact= 3.88450774873607
AIAdultLD50Contact= 0.0473773541045375
AILarvaSlope= 0.548618077952415
AILarvaLD50= 0.244902112218551
AIKOW= 7.34464423451573
AIKOC= 23.4729049098678
AIHalfLife= 0.872922159032896
EAppRate= 0.598669459135272
