ICQueenStrength= 3.6535801589489
RQWkrDrnRatio= 3.35167530551553
ICDroneMiteSurvivorship= 79.430350032635
ICWorkerMiteSurvivorship= 56.4828361384571
ICForagerLifespan= 6.9097549431026
ImmType= Logarithmic
AIAdultSlope= 3.17838695039973
AIAdultLD50= 0.20620735862758
AIAdultSlopeContact= 0.440171853087377
AIAdultLD50Contact= 0.00177653476130217
AILarvaSlope= 1.66943202409893
AILarvaLD50= 0.419528173771687
AIKOW= 5.43396907206625
AIKOC= 13.7797782965936
AIHalfLife= 2.34329416882247
EAppRate= 0
