ICQueenStrength= 2.65064194472507
RQWkrDrnRatio= 3.79063034895808
ICDroneMiteSurvivorship= 25.5397622007877
ICWorkerMiteSurvivorship= 27.9009621823207
ICForagerLifespan= 7.67719425261021
ImmType= Polynomial
AIAdultSlopeContact= 1.02343443315476
AIAdultLD50Contact= 0.0395664829295129
AILarvaSlope= 3.54418458649889
AILarvaLD50= 1.33702079532668
AIKOW= 92.0036985771731
AIKOC= 45.4822575906292
AIHalfLife= 12.6378234853037
