ICQueenStrength= 4.20361551013775
RQWkrDrnRatio= 1.99019489623606
ICDroneMiteSurvivorship= 7.50568057410419
ICWorkerMiteSurvivorship= 27.1890327800065
ICForagerLifespan= 12.438381918706
ImmType= Cosine
AIAdultSlope= 2.10790505930781
AIAdultLD50= 0.52206309651956
AIAdultSlopeContact= 0.723744613551535
AIAdultLD50Contact= 0.0324464236036874
AILarvaSlope= 0.842927964357659
AILarvaLD50= 0.431149206007831
AIKOW= 5.78060499671847
AIKOC= 17.4084778770339
AIHalfLife= 3.48257666034624
EAppRate= 0.15739333932288
