ICQueenStrength= 5.04200705466792
RQWkrDrnRatio= 3.24029777105898
ICDroneMiteSurvivorship= 63.7710488634184
ICWorkerMiteSurvivorship= 82.2801371803507
ICForagerLifespan= 9.13749286253005
ImmType= Sine
AIAdultSlope= 3.47483772076434
AIAdultLD50= 0.264569693244994
AIAdultSlopeContact= 1.19534642299404
AIAdultLD50Contact= 0.0460828795097768
AILarvaSlope= 3.33333438145928
AILarvaLD50= 0.396588724083267
AIKOW= 4.19776819972321
AIKOC= 10.8921700518113
AIHalfLife= 1.59068720415235
EAppRate= 0.536090965452604
