ICQueenStrength= 3.9265132045839
RQWkrDrnRatio= 3.53081866446882
ICDroneMiteSurvivorship= 49.9714580131695
ICWorkerMiteSurvivorship= 5.27066122740507
ICForagerLifespan= 6.90695989411324
ImmType= Polynomial
AIAdultSlopeContact= 2.91257872246206
AIAdultLD50Contact= 0.10657288026996
AILarvaSlope= 0.698202019557357
AILarvaLD50= 1.79431706108153
AIKOW= 53.7280296441168
AIKOC= 21.4184142649174
AIHalfLife= 3.03218085085973
