ICQueenStrength= 2.79982573608868
RQWkrDrnRatio= 3.13463461026549
ICDroneMiteSurvivorship= 6.68262906838208
ICWorkerMiteSurvivorship= 13.5200144490227
ICForagerLifespan= 9.44483512639999
ImmType= Sine
AIAdultSlope= 0.475115727167577
