ICQueenStrength= 2.96465691435151
RQWkrDrnRatio= 3.51522463001311
ICDroneMiteSurvivorship= 9.81508861295879
ICWorkerMiteSurvivorship= 14.1771117923781
ICForagerLifespan= 15.2545426590368
ImmType= Logarithmic
AIAdultSlope= 2.23345847334713
