ICQueenStrength= 3.3953063308727
RQWkrDrnRatio= 2.16366794705391
ICDroneMiteSurvivorship= 25.8795366622508
ICWorkerMiteSurvivorship= 51.3272092444822
ICForagerLifespan= 6.1608248623088
ImmType= Exponential
AIAdultSlope= 1.5877592256479
AIAdultLD50= 0.255279404693283
AIAdultSlopeContact= 3.45837058701552
AIAdultLD50Contact= 0.0362851122394204
AILarvaSlope= 1.06069071362726
AILarvaLD50= 0.299118770007044
AIKOW= 3.96230627223849
AIKOC= 16.0670908121392
AIHalfLife= 4.11169743048958
EAppRate= 0.169704760867171
