ICQueenStrength= 1.86161974701099
RQWkrDrnRatio= 4.79615064989775
ICDroneMiteSurvivorship= 16.3475518347695
ICWorkerMiteSurvivorship= 64.4737568683922
ICForagerLifespan= 7.57546752784401
ImmType= Tangent
AIAdultSlope= 2.71389924688265
