ICQueenStrength= 4.64590177778155
RQWkrDrnRatio= 3.12675323337317
ICDroneMiteSurvivorship= 7.07331988960505
ICWorkerMiteSurvivorship= 34.1329636750743
ICForagerLifespan= 15.0262084770948
ImmType= Polynomial
AIAdultSlope= 1.30448282063007
AIAdultLD50= 1.70551326661371
AIAdultSlopeContact= 3.19098903102335
AIAdultLD50Contact= 0.00921600296860561
AILarvaSlope= 3.36124803670682
AILarvaLD50= 0.452178231580183
AIKOW= 5.84712963504717
AIKOC= 9.79595970828086
AIHalfLife= 12.292963439133
EAppRate= 0.157293929019943
