ICQueenStrength= 5.87941696192138
RQWkrDrnRatio= 4.62996597122401
ICDroneMiteSurvivorship= 17.6764019532129
ICWorkerMiteSurvivorship= 52.0091605372727
ICForagerLifespan= 10.6336432332173
ImmType= Cosine
AIAdultSlope= 3.18716725581326
AIAdultLD50= 1.88838971173391
AIAdultSlopeContact= 3.67404684475623
AIAdultLD50Contact= 0.0110846203635447
AILarvaSlope= 0.63980430085212
AILarvaLD50= 0.239591615810059
AIKOW= 4.12143228948116
AIKOC= 25.7146684639156
AIHalfLife= 5.41582870064303
EAppRate= 0.0352345930878073
