ICQueenStrength= 3.56052834447473
RQWkrDrnRatio= 1.49847343284637
ICDroneMiteSurvivorship= 25.1818816643208
ICWorkerMiteSurvivorship= 50.45266142115
ICForagerLifespan= 12.0217578737065
ImmType= Polynomial
AIAdultSlope= 2.44503204962239
AIAdultLD50= 0.0254152666311711
AIAdultSlopeContact= 3.69460350084817
AIAdultLD50Contact= 0.0114394618198276
AILarvaSlope= 2.27652234057896
AILarvaLD50= 0.391149082034826
AIKOW= 2.42820891086012
AIKOC= 23.5885975661222
AIHalfLife= 12.2656193403527
EAppRate= 0.101621582638472
