ICQueenStrength= 5.84870296786539
RQWkrDrnRatio= 3.39329612534493
ICDroneMiteSurvivorship= 42.7391578210518
ICWorkerMiteSurvivorship= 31.4460424473509
ICForagerLifespan= 13.6405713735148
ImmType= Logarithmic
AIAdultSlopeContact= 8.36413077777252
AIAdultLD50Contact= 0.118643641239032
AILarvaSlope= 4.13214559899643
AILarvaLD50= 1.41193890199065
AIKOW= 80.5073688272387
AIKOC= 23.2917518122122
AIHalfLife= 6.60712824901566
