ICQueenStrength= 2.0658821312245
RQWkrDrnRatio= 2.18835777696222
ICDroneMiteSurvivorship= 77.2758928127587
ICWorkerMiteSurvivorship= 68.9322805497795
ICForagerLifespan= 15.0130847860128
ImmType= Cosine
AIAdultSlope= 3.18711655430496
AIAdultLD50= 0.184040215215646
AIAdultSlopeContact= 1.33705584646901
AIAdultLD50Contact= 0.0257864628336392
AILarvaSlope= 2.8188979559578
AILarvaLD50= 0.844430273375474
AIKOW= 2.2270611342974
AIKOC= 6.68782313121483
AIHalfLife= 4.38313028309494
EAppRate= 0.233313123253174
