ICQueenStrength= 5.3723001354374
RQWkrDrnRatio= 1.63610699493438
ICDroneMiteSurvivorship= 8.83912339340895
ICWorkerMiteSurvivorship= 80.5632989155129
ICForagerLifespan= 14.4193977024406
ImmType= Cosine
AIAdultSlope= 3.43289672963787
AIAdultLD50= 0.0743852449813858
AIAdultSlopeContact= 3.02252930756193
AIAdultLD50Contact= 0.0331469590077177
AILarvaSlope= 0.665840869490057
AILarvaLD50= 0.79175892630592
AIKOW= 2.03643972333521
AIKOC= 24.9669065303169
AIHalfLife= 3.63182908971794
EAppRate= 0
