ICQueenStrength= 2.91288207774051
RQWkrDrnRatio= 1.8987932484597
ICDroneMiteSurvivorship= 1.96789477486163
ICWorkerMiteSurvivorship= 95.223917462863
ICForagerLifespan= 7.80189215298742
ImmType= Cosine
AIAdultSlope= 0.702981015201658
