ICQueenStrength= 5.39804068184458
RQWkrDrnRatio= 4.91062936559319
ICDroneMiteSurvivorship= 68.4251434868202
ICWorkerMiteSurvivorship= 69.587042927742
ICForagerLifespan= 13.2902642786503
ImmType= Sine
AIAdultSlopeContact= 1.03570493910927
AIAdultLD50Contact= 0.0324646636028774
AILarvaSlope= 2.62900698580779
AILarvaLD50= 0.140136886155233
AIKOW= 7.30326186353341
AIKOC= 17.9495125205722
AIHalfLife= 3.1355845136568
