ICQueenStrength= 3.35976228956133
RQWkrDrnRatio= 1.87794715818018
ICDroneMiteSurvivorship= 86.5255808923393
ICWorkerMiteSurvivorship= 3.61670872662216
ICForagerLifespan= 15.2837183345109
ImmType= Exponential
AIAdultSlopeContact= 2.51344286262989
AIAdultLD50Contact= 0.0239967917092145
AILarvaSlope= 1.14697789107449
AILarvaLD50= 0.697901679365896
AIKOW= 3.57852970575914
AIKOC= 25.4840380407404
AIHalfLife= 8.63686635438353
