ICQueenStrength= 1.34375783870928
RQWkrDrnRatio= 2.66380042675883
ICDroneMiteSurvivorship= 77.1842792397365
ICWorkerMiteSurvivorship= 87.6568503677845
ICForagerLifespan= 7.29365378338844
ImmType= Exponential
AIAdultSlope= 6.87410208629444
