ICQueenStrength= 5.74134943215176
RQWkrDrnRatio= 1.26847858633846
ICDroneMiteSurvivorship= 33.1770224496722
ICWorkerMiteSurvivorship= 1.46001873072237
ICForagerLifespan= 7.60888627357781
ImmType= Exponential
AIAdultSlope= 0.548395138615742
AIAdultLD50= 0.0748172022867948
AIAdultSlopeContact= 2.98942157339305
AIAdultLD50Contact= 0.0395487657980993
AILarvaSlope= 0.395743434270844
AILarvaLD50= 0.262471486721188
AIKOW= 7.72434781631455
AIKOC= 5.85134723340161
AIHalfLife= 2.01620107865892
EAppRate= 0.636203465913422
