ICQueenStrength= 3.28686186601408
RQWkrDrnRatio= 2.94312482234091
ICDroneMiteSurvivorship= 2.3242462426424
ICWorkerMiteSurvivorship= 8.77552502788603
ICForagerLifespan= 11.3273747600615
ImmType= Polynomial
AIAdultSlope= 2.9298174620606
AIAdultLD50= 1.49537698784843
AIAdultSlopeContact= 1.57530068673659
AIAdultLD50Contact= 0.00750651266425848
AILarvaSlope= 3.05142205418088
AILarvaLD50= 0.46017575324513
AIKOW= 2.72842874750495
AIKOC= 29.5325806783512
AIHalfLife= 4.96495155477896
EAppRate= 0.27323913667351
