ICQueenStrength= 2.59955731825903
RQWkrDrnRatio= 3.65818606317043
ICDroneMiteSurvivorship= 24.9086636817083
ICWorkerMiteSurvivorship= 52.7221550233662
ICForagerLifespan= 12.0862195035443
ImmType= Polynomial
AIAdultSlope= 1.54181741739158
AIAdultLD50= 0.301560467691161
AIAdultSlopeContact= 0.513297365396284
AIAdultLD50Contact= 0.0404315418330953
AILarvaSlope= 1.24440810834058
AILarvaLD50= 0.0459457230521366
AIKOW= 6.84547126060352
AIKOC= 16.415387399029
AIHalfLife= 0.661086896434426
EAppRate= 0.532871332089417
