ICQueenStrength= 5.07323950319551
RQWkrDrnRatio= 4.21413594856858
ICDroneMiteSurvivorship= 51.2254729866982
ICWorkerMiteSurvivorship= 88.1732114125043
ICForagerLifespan= 15.2070564171299
ImmType= Sine
AIAdultSlope= 2.41064516413026
AIAdultLD50= 0.429749762755819
AIAdultSlopeContact= 2.73530200906796
AIAdultLD50Contact= 0.0229601454571821
AILarvaSlope= 1.83374883942306
AILarvaLD50= 0.624389623571187
AIKOW= 2.73219536524266
AIKOC= 25.9502732555848
AIHalfLife= 3.54111350141466
EAppRate= 0.213236889056861
