ICQueenStrength= 5.03741534333676
RQWkrDrnRatio= 1.97515547182411
ICDroneMiteSurvivorship= 73.1957618845627
ICWorkerMiteSurvivorship= 39.5080193411559
ICForagerLifespan= 11.76713098865
ImmType= Exponential
AIAdultSlopeContact= 1.38005265317392
AIAdultLD50Contact= 0.0102197823813185
AILarvaSlope= 0.944711905671284
AILarvaLD50= 0.443147964728996
AIKOW= 6.69140988681465
AIKOC= 12.3136072896887
AIHalfLife= 9.28375445213169
