ICQueenStrength= 1.96952953143045
RQWkrDrnRatio= 4.68859598133713
ICDroneMiteSurvivorship= 22.1774816513062
ICWorkerMiteSurvivorship= 56.7914931103587
ICForagerLifespan= 11.8166945399716
ImmType= Tangent
AIAdultSlope= 3.12622844420839
AIAdultLD50= 0.187133357743733
AIAdultSlopeContact= 0.490405107617844
AIAdultLD50Contact= 0.0229412174085155
AILarvaSlope= 2.36458623935469
AILarvaLD50= 0.450553468172438
AIKOW= 5.53943617083132
AIKOC= 5.52544914069586
AIHalfLife= 1.37348554213531
EAppRate= 0
