ICQueenStrength= 4.55706978822127
RQWkrDrnRatio= 1.69266679976135
ICDroneMiteSurvivorship= 1.58487011212856
ICWorkerMiteSurvivorship= 55.6113090598956
ICForagerLifespan= 5.9559564916417
ImmType= Sine
AIAdultSlope= 2.78486361131072
AIAdultLD50= 1.89342473493889
AIAdultSlopeContact= 2.28131941684289
AIAdultLD50Contact= 0.0347326289862394
AILarvaSlope= 2.99716166877188
AILarvaLD50= 0.038694624742493
AIKOW= 2.48879921343178
AIKOC= 28.9874189370312
AIHalfLife= 4.59612354449928
EAppRate= 0.212992744985968
