ICQueenStrength= 5.5863703195937
RQWkrDrnRatio= 4.4374419618398
ICDroneMiteSurvivorship= 21.1838734569028
ICWorkerMiteSurvivorship= 5.10544918943197
ICForagerLifespan= 6.91771907825023
ImmType= Logarithmic
AIAdultSlope= 8.96602926775813
