ICQueenStrength= 1.69147120113485
RQWkrDrnRatio= 2.51091419812292
ICDroneMiteSurvivorship= 63.9359605498612
ICWorkerMiteSurvivorship= 42.2310217749327
ICForagerLifespan= 8.70255933515728
ImmType= Logarithmic
AIAdultSlope= 1.78645295389462
AIAdultLD50= 0.433964830706827
AIAdultSlopeContact= 0.689964097605553
AIAdultLD50Contact= 0.0357423411682248
AILarvaSlope= 1.78466744944453
AILarvaLD50= 0.242106368229724
AIKOW= 4.98033465119079
AIKOC= 19.1436558275018
AIHalfLife= 3.58809035154991
EAppRate= 0.471406220924109
