ICQueenStrength= 5.3673904100433
RQWkrDrnRatio= 1.04528228379786
ICDroneMiteSurvivorship= 69.2166897235438
ICWorkerMiteSurvivorship= 55.1616966258734
ICForagerLifespan= 14.2249846663326
ImmType= Logarithmic
AIAdultSlope= 0.432961539411917
AIAdultLD50= 0.414374423213303
AIAdultSlopeContact= 3.49095207873965
AIAdultLD50Contact= 0.00123046421213076
AILarvaSlope= 2.21675118133426
AILarvaLD50= 0.028832931141369
AIKOW= 7.81161758257076
AIKOC= 14.6680960210506
AIHalfLife= 8.67968867439777
EAppRate= 0.271083281608298
