ICQueenStrength= 1.45115408953279
RQWkrDrnRatio= 3.03313964232802
ICDroneMiteSurvivorship= 79.773373901844
ICWorkerMiteSurvivorship= 76.9557022489607
ICForagerLifespan= 15.6167753161862
ImmType= Logarithmic
AIAdultSlope= 2.41617392656859
AIAdultLD50= 0.47762336791493
AIAdultSlopeContact= 1.45582529364154
AIAdultLD50Contact= 0.0163703035679646
AILarvaSlope= 2.73301535625942
AILarvaLD50= 0.110700165247545
AIKOW= 3.66139260260388
AIKOC= 13.0583903123625
AIHalfLife= 3.78018119372427
EAppRate= 0
