ICQueenStrength= 4.89118649298325
RQWkrDrnRatio= 4.60933190397918
ICDroneMiteSurvivorship= 79.2026665760204
ICWorkerMiteSurvivorship= 0.640473305247724
ICForagerLifespan= 9.59256491530687
ImmType= Tangent
AIAdultSlope= 2.1273643780034
AIAdultLD50= 1.09792193281464
AIAdultSlopeContact= 2.73525291526224
AIAdultLD50Contact= 0.0477551810094155
AILarvaSlope= 1.03709435663186
AILarvaLD50= 0.521157304057851
AIKOW= 3.13456886308268
AIKOC= 10.7333564909641
AIHalfLife= 9.69964724173769
EAppRate= 0.0885943642351776
