ICQueenStrength= 4.27930115163326
RQWkrDrnRatio= 3.9648096812889
ICDroneMiteSurvivorship= 18.3162835193798
ICWorkerMiteSurvivorship= 85.9661373309791
ICForagerLifespan= 5.68560543563217
ImmType= Tangent
AIAdultSlope= 2.35301210520789
AIAdultLD50= 0.383835588931106
AIAdultSlopeContact= 3.85419502897421
AIAdultLD50Contact= 0.00217514603864402
AILarvaSlope= 2.33739742846228
AILarvaLD50= 0.0494873964926228
AIKOW= 6.06892666872591
AIKOC= 10.7984003913589
AIHalfLife= 3.03032761439681
EAppRate= 0.391647750185803
