ICQueenStrength= 3.92646787478589
RQWkrDrnRatio= 2.36562579497695
ICDroneMiteSurvivorship= 78.0445424839854
ICWorkerMiteSurvivorship= 28.5528926178813
ICForagerLifespan= 13.3649765234441
ImmType= Polynomial
AIAdultSlopeContact= 2.54314826786751
AIAdultLD50Contact= 0.00187059999443591
AILarvaSlope= 1.93319426430389
AILarvaLD50= 0.452769264089875
AIKOW= 7.19079989055172
AIKOC= 16.392225464806
AIHalfLife= 12.3934916593134
