ICQueenStrength= 5.60413485998288
RQWkrDrnRatio= 2.97697765007615
ICDroneMiteSurvivorship= 80.3599236067384
ICWorkerMiteSurvivorship= 67.9505466483533
ICForagerLifespan= 11.4643728211522
ImmType= Polynomial
AIAdultSlope= 0.770080520072952
AIAdultLD50= 0.624855838017538
AIAdultSlopeContact= 3.24129201865057
AIAdultLD50Contact= 0.00819674509111792
AILarvaSlope= 2.47787703196518
AILarvaLD50= 0.583365073241293
AIKOW= 3.07932712137699
AIKOC= 22.5949275551829
AIHalfLife= 6.51524299383163
EAppRate= 0.00347988959401846
