ICQueenStrength= 5.59826131002046
RQWkrDrnRatio= 2.56015694327652
ICDroneMiteSurvivorship= 69.3447225727141
ICWorkerMiteSurvivorship= 33.0631765071303
ICForagerLifespan= 15.8850416615605
ImmType= Tangent
AIAdultSlopeContact= 1.72840359454276
AIAdultLD50Contact= 0.0228393960162066
AILarvaSlope= 1.29962433166802
AILarvaLD50= 0.816986942547373
AIKOW= 3.67237826576456
AIKOC= 20.5466647527646
AIHalfLife= 13.8569459524006
