ICQueenStrength= 3.06331809982657
RQWkrDrnRatio= 4.73705004528165
ICDroneMiteSurvivorship= 43.2634468423203
ICWorkerMiteSurvivorship= 19.6670609991997
ICForagerLifespan= 13.6252939356491
ImmType= Cosine
AIAdultSlope= 1.97165609574877
AIAdultLD50= 0.267721522366628
AIAdultSlopeContact= 1.12059277569177
AIAdultLD50Contact= 0.0154222765704617
AILarvaSlope= 3.18611529651098
AILarvaLD50= 0.885784111171961
AIKOW= 7.86413423903286
AIKOC= 23.5755990445614
AIHalfLife= 11.8403517762199
EAppRate= 0.236083751311526
