ICQueenStrength= 4.2392847025767
RQWkrDrnRatio= 2.3787621865049
ICDroneMiteSurvivorship= 50.5360789829865
ICWorkerMiteSurvivorship= 36.882577301003
ICForagerLifespan= 4.80326756741852
ImmType= Polynomial
AIAdultSlopeContact= 3.64122595336055
AIAdultLD50Contact= 0.0198379442212172
AILarvaSlope= 0.799386007385328
AILarvaLD50= 0.478421768196858
AIKOW= 4.50585763901472
AIKOC= 14.239850071026
AIHalfLife= 8.88340371707454
