ICQueenStrength= 4.21953121223487
RQWkrDrnRatio= 4.80634300224483
ICDroneMiteSurvivorship= 59.9290730664507
ICWorkerMiteSurvivorship= 98.3424484496936
ICForagerLifespan= 15.6865926329046
ImmType= Polynomial
AIAdultSlope= 0.117795767541975
AIAdultLD50= 2.62114077270962
AIAdultSlopeContact= 1.47549752372084
AIAdultLD50Contact= 0.0428679660195485
AILarvaSlope= 1.63282770081423
AILarvaLD50= 0.107060414948501
AIKOW= 4.31823399337009
AIKOC= 29.1416715434752
AIHalfLife= 1.03515229467303
EAppRate= 0.090232471935451
