ICQueenStrength= 4.59411601908505
RQWkrDrnRatio= 1.45210982020944
ICDroneMiteSurvivorship= 40.7039280515164
ICWorkerMiteSurvivorship= 43.0599573068321
ICForagerLifespan= 11.5505930921063
ImmType= Logarithmic
AIAdultSlope= 2.14735819514142
AIAdultLD50= 0.12895529018715
AIAdultSlopeContact= 2.88216655665077
AIAdultLD50Contact= 0.0126801662379876
AILarvaSlope= 2.91247984343208
AILarvaLD50= 0.446590911713429
AIKOW= 6.38121261401102
AIKOC= 21.2555752322078
AIHalfLife= 4.00154960225336
EAppRate= 0.0244802444707602
