ICQueenStrength= 4.91048208577558
RQWkrDrnRatio= 3.02340437471867
ICDroneMiteSurvivorship= 18.8900626497343
ICWorkerMiteSurvivorship= 46.6441147960722
ICForagerLifespan= 8.10149184055626
ImmType= Cosine
AIAdultSlope= 2.54584735245444
AIAdultLD50= 1.12113916408271
AIAdultSlopeContact= 3.85327938964823
AIAdultLD50Contact= 0.0125859961495735
AILarvaSlope= 0.352622643532231
AILarvaLD50= 0.48279668642208
AIKOW= 2.41523143090308
AIKOC= 22.4315716838464
AIHalfLife= 3.80276177125052
EAppRate= 0.92087576398626
