ICQueenStrength= 1.06363370339386
RQWkrDrnRatio= 3.08344701491296
ICDroneMiteSurvivorship= 81.7613112507388
ICWorkerMiteSurvivorship= 58.8231928879395
ICForagerLifespan= 14.2965305941179
ImmType= Cosine
AIAdultSlope= 0.240681648533791
AIAdultLD50= 2.17230409942567
AIAdultSlopeContact= 2.02787832391681
AIAdultLD50Contact= 0.00731508772587404
AILarvaSlope= 1.8565925296396
AILarvaLD50= 0.814861175394617
AIKOW= 6.02237756829709
AIKOC= 8.24202509364113
AIHalfLife= 12.9777196478099
EAppRate= 0.741265368647873
