ICQueenStrength= 3.84840712323785
RQWkrDrnRatio= 4.50413720775396
ICDroneMiteSurvivorship= 63.6748367222026
ICWorkerMiteSurvivorship= 36.0713083529845
ICForagerLifespan= 15.4724134905264
ImmType= Cosine
AIAdultSlope= 0.302156396959908
AIAdultLD50= 0.0237488424172625
AIAdultSlopeContact= 3.10721987036755
AIAdultLD50Contact= 0.0397258221521042
AILarvaSlope= 2.00220844103023
AILarvaLD50= 0.787944321124814
AIKOW= 7.36352730309591
AIKOC= 27.7779791282956
AIHalfLife= 1.64460079278797
EAppRate= 0
