ICQueenStrength= 3.07780287368223
RQWkrDrnRatio= 4.80056311469525
ICDroneMiteSurvivorship= 86.9778518332168
ICWorkerMiteSurvivorship= 17.500188597478
ICForagerLifespan= 15.2749726064503
ImmType= Sine
AIAdultSlope= 0.573133393214084
AIAdultLD50= 0.235299670719542
AIAdultSlopeContact= 3.32850978742819
AIAdultLD50Contact= 0.00604711399646476
AILarvaSlope= 2.61380822015926
AILarvaLD50= 0.0538850975688547
AIKOW= 7.98281419556588
AIKOC= 19.7439853346441
AIHalfLife= 0.820187792414799
EAppRate= 0.515482536028139
