ICQueenStrength= 1.83535240148194
RQWkrDrnRatio= 3.91430066991597
ICDroneMiteSurvivorship= 51.0982519481331
ICWorkerMiteSurvivorship= 13.6592099908739
ICForagerLifespan= 11.8194316672161
ImmType= Polynomial
AIAdultSlopeContact= 2.31594797285506
AIAdultLD50Contact= 0.048559214186389
AILarvaSlope= 3.27812894638628
AILarvaLD50= 0.081926008220762
AIKOW= 6.87689247308299
AIKOC= 21.8108416954055
AIHalfLife= 4.24499289458618
