ICQueenStrength= 4.78445950802416
RQWkrDrnRatio= 1.25627505779266
