ICQueenStrength= 1.86690054740757
RQWkrDrnRatio= 2.08479365706444
ICDroneMiteSurvivorship= 30.5600732099265
ICWorkerMiteSurvivorship= 21.3525852188468
ICForagerLifespan= 9.22106278687716
ImmType= Exponential
AIAdultLD50= 0.154012839635834
AIAdultSlopeContact= 3.16898902820656
AIAdultLD50Contact= 0.00450914963148534
AILarvaSlope= 2.1439399712719
AILarvaLD50= 0.66772062680684
AIKOW= 5.64089587330818
AIKOC= 5.50124835106544
AIHalfLife= 1.51835004426539
EAppRate= 0.200635855551809
