ICQueenStrength= 1.28016303898767
RQWkrDrnRatio= 2.43626129906625
ICDroneMiteSurvivorship= 91.8393332511187
ICWorkerMiteSurvivorship= 76.6171075636521
ICForagerLifespan= 7.73315891809762
ImmType= Tangent
AIAdultSlopeContact= 2.62027643467532
AIAdultLD50Contact= 0.0109258839627728
AILarvaSlope= 1.98970468551852
AILarvaLD50= 0.364345926814713
AIKOW= 4.21745673567057
AIKOC= 15.6182222429197
AIHalfLife= 6.72283102665097
