ICQueenStrength= 1.45168285025284
RQWkrDrnRatio= 4.60462108720094
ICDroneMiteSurvivorship= 42.4388783751056
ICWorkerMiteSurvivorship= 22.4328828742728
ICForagerLifespan= 8.67358366027474
ImmType= Logarithmic
AIAdultSlope= 0.767172394932713
AIAdultLD50= 0.141818656120449
AIAdultSlopeContact= 1.577239629908
AIAdultLD50Contact= 0.0414063908159733
AILarvaSlope= 1.86067654020153
AILarvaLD50= 0.340630250237882
AIKOW= 4.70915976725519
AIKOC= 25.9691872878466
AIHalfLife= 4.59396409802139
EAppRate= 0
