ICQueenStrength= 5.45625792024657
RQWkrDrnRatio= 1.4204462133348
ICDroneMiteSurvivorship= 60.9744007932022
ICWorkerMiteSurvivorship= 49.2943578399718
ICForagerLifespan= 13.5838268054649
ImmType= Polynomial
AIAdultSlope= 2.46489617472282
AIAdultLD50= 0.164415750303306
AIAdultSlopeContact= 1.61931604190497
AIAdultLD50Contact= 0.0325413191807456
AILarvaSlope= 2.27726317811757
AILarvaLD50= 0.00183938245754689
AIKOW= 4.30164298415184
AIKOC= 16.1454091558699
AIHalfLife= 1.30745663307607
EAppRate= 0.426463574334048
