ICQueenStrength= 2.10330411349423
RQWkrDrnRatio= 1.41756672319025
ICDroneMiteSurvivorship= 49.0941041847691
ICWorkerMiteSurvivorship= 2.27161340881139
ICForagerLifespan= 11.4467203151435
ImmType= Sine
AIAdultSlope= 3.27969287450658
AIAdultLD50= 0.295982318930328
AIAdultSlopeContact= 1.16838902278338
AIAdultLD50Contact= 0.0304429008858278
AILarvaSlope= 2.67809582180344
AILarvaLD50= 0.228977730427869
AIKOW= 2.43384587205946
AIKOC= 23.1839621567633
AIHalfLife= 0.0628044246695936
EAppRate= 0.482500362233259
