ICQueenStrength= 3.03499050228857
RQWkrDrnRatio= 2.80563731119037
ICDroneMiteSurvivorship= 40.3054156340659
ICWorkerMiteSurvivorship= 84.2745307600126
ICForagerLifespan= 6.5067093661055
ImmType= Sine
AIAdultSlope= 0.430870454991236
AIAdultLD50= 0.382924226578325
AIAdultSlopeContact= 2.19573025704129
AIAdultLD50Contact= 9.75937000475824e-05
AILarvaSlope= 2.10805746833794
AILarvaLD50= 0.242230144841596
AIKOW= 6.62448302749544
AIKOC= 24.2462218285073
AIHalfLife= 2.00727531802841
EAppRate= 0.461854265350848
