ICQueenStrength= 1.59515664004721
RQWkrDrnRatio= 1.40407398622483
ICDroneMiteSurvivorship= 52.8613527538255
ICWorkerMiteSurvivorship= 52.1993189584464
ICForagerLifespan= 14.469858516939
ImmType= Polynomial
AIAdultSlope= 2.77103463257663
AIAdultLD50= 0.802942235022783
AIAdultSlopeContact= 2.80739803013625
AIAdultLD50Contact= 0.0443004773696885
AILarvaSlope= 1.20585562959313
AILarvaLD50= 0.339668278279714
AIKOW= 2.50004834216088
AIKOC= 10.9995913412422
AIHalfLife= 0.799134745728225
EAppRate= 0.810631957137957
