ICQueenStrength= 1.71724770590663
RQWkrDrnRatio= 2.16611811798066
ICDroneMiteSurvivorship= 89.2252336721867
ICWorkerMiteSurvivorship= 6.22399765998125
ICForagerLifespan= 4.81131018791348
ImmType= Polynomial
AIAdultSlope= 2.66772990757599
AIAdultLD50= 2.10038897045888
AIAdultSlopeContact= 0.455193164055236
AIAdultLD50Contact= 0.0397368197795004
AILarvaSlope= 2.44306097584777
AILarvaLD50= 0.612672139308415
AIKOW= 2.32715901779011
AIKOC= 20.1153218583204
AIHalfLife= 5.89706112537533
EAppRate= 0.826748063089326
