ICQueenStrength= 4.27988431905396
RQWkrDrnRatio= 1.42493091803044
ICDroneMiteSurvivorship= 62.627298804
ICWorkerMiteSurvivorship= 65.4659993946552
ICForagerLifespan= 11.5625073080882
ImmType= Exponential
AIAdultSlope= 0.866609439288732
AIAdultLD50= 0.113676431239583
AIAdultSlopeContact= 0.432556193517521
AIAdultLD50Contact= 0.0312201540102251
AILarvaSlope= 0.355617428291589
AILarvaLD50= 0.389246900891885
AIKOW= 7.10453943256289
AIKOC= 7.86483863601461
AIHalfLife= 3.80669104983099
EAppRate= 0.11537553940434
