ICQueenStrength= 3.11576123023406
RQWkrDrnRatio= 2.34860230330378
ICDroneMiteSurvivorship= 9.51616300735623
ICWorkerMiteSurvivorship= 19.8837007628754
ICForagerLifespan= 6.7107074605301
ImmType= Cosine
AIAdultSlope= 0.166108644008636
AIAdultLD50= 1.36712019704282
AIAdultSlopeContact= 1.55658279511146
AIAdultLD50Contact= 0.0270169244380668
AILarvaSlope= 0.247654162766412
AILarvaLD50= 0.745541904936545
AIKOW= 4.96089235041291
AIKOC= 9.68750986619852
AIHalfLife= 7.21123032271862
EAppRate= 0.562802821630612
