ICQueenStrength= 1.79856670694426
RQWkrDrnRatio= 3.57545994315296
ICDroneMiteSurvivorship= 69.6731931529939
ICWorkerMiteSurvivorship= 26.5961538301781
ICForagerLifespan= 6.48943897988647
ImmType= Tangent
AIAdultSlope= 2.55329160979018
AIAdultLD50= 0.759406393161044
AIAdultSlopeContact= 2.97441261525499
AIAdultLD50Contact= 0.0150392858195119
AILarvaSlope= 2.10552432555705
AILarvaLD50= 0.401359910191968
AIKOW= 3.22263318067417
AIKOC= 15.9465015877504
AIHalfLife= 4.50528944144025
EAppRate= 0.582055634586141
