ICQueenStrength= 4.99697361164726
RQWkrDrnRatio= 4.94910027738661
ICDroneMiteSurvivorship= 87.198563083075
ICWorkerMiteSurvivorship= 68.7954266555607
ICForagerLifespan= 10.6737305065617
ImmType= Sine
AIAdultSlope= 0.146621907809749
AIAdultLD50= 0.282242005807348
AIAdultSlopeContact= 2.26696029166924
AIAdultLD50Contact= 0.0290395790827461
AILarvaSlope= 2.30593286296353
AILarvaLD50= 0.707083225529641
AIKOW= 5.230939862784
AIKOC= 24.094981753733
AIHalfLife= 1.73490805434994
EAppRate= 0.290831103851087
