ICQueenStrength= 1.57862220215611
RQWkrDrnRatio= 1.41770569328219
ICDroneMiteSurvivorship= 91.4905388839543
ICWorkerMiteSurvivorship= 87.6892426749691
ICForagerLifespan= 7.81707917526364
ImmType= Cosine
AIAdultSlope= 2.94498796355911
AIAdultLD50= 1.15291400067508
AIAdultSlopeContact= 3.64042913453188
AIAdultLD50Contact= 0.00733583316905424
AILarvaSlope= 2.3734539612662
AILarvaLD50= 0.651928852382116
AIKOW= 5.89777124021202
AIKOC= 13.9304949564394
AIHalfLife= 9.57169554429129
EAppRate= 0.155753170605749
