ICQueenStrength= 1.83236192702316
RQWkrDrnRatio= 2.34981600008905
ICDroneMiteSurvivorship= 93.7063620891422
ICWorkerMiteSurvivorship= 44.0644758520648
ICForagerLifespan= 5.55119036138058
ImmType= Exponential
AIAdultSlope= 3.76728686969262
AIAdultLD50= 0.213680362328887
AIAdultSlopeContact= 0.638861055623274
AIAdultLD50Contact= 0.0456225109868683
AILarvaSlope= 1.82836545533501
AILarvaLD50= 0.390175589150749
AIKOW= 5.04737534653395
AIKOC= 27.7424187818542
AIHalfLife= 0.113038962008432
EAppRate= 0
