ICQueenStrength= 2.86859512934461
RQWkrDrnRatio= 4.8214015616104
ICDroneMiteSurvivorship= 26.2759587494656
ICWorkerMiteSurvivorship= 28.4032565774396
ICForagerLifespan= 5.64859678223729
ImmType= Logarithmic
AIAdultSlope= 0.567266221800819
AIAdultLD50= 0.269280895008706
AIAdultSlopeContact= 2.47196985800285
AIAdultLD50Contact= 0.0196217855787836
AILarvaSlope= 1.76599678634666
AILarvaLD50= 0.256197610194795
AIKOW= 5.20175663102418
AIKOC= 14.5002757909242
AIHalfLife= 1.17384268087335
EAppRate= 0.381466721254401
