ICQueenStrength= 3.8368179150857
RQWkrDrnRatio= 3.06887575984001
ICDroneMiteSurvivorship= 59.6406630938873
ICWorkerMiteSurvivorship= 44.8463712818921
ICForagerLifespan= 8.7966309376061
ImmType= Tangent
AIAdultSlope= 0.522665290343575
AIAdultLD50= 0.152562821400352
AIAdultSlopeContact= 0.760143883663695
AIAdultLD50Contact= 0.00631154313450679
AILarvaSlope= 3.26030151504092
AILarvaLD50= 0.406407933169976
AIKOW= 6.27111864462495
AIKOC= 14.4869479013141
AIHalfLife= 3.19036482600495
EAppRate= 0
