ICQueenStrength= 4.91383388079703
RQWkrDrnRatio= 1.93470981065184
ICDroneMiteSurvivorship= 2.87617647554725
ICWorkerMiteSurvivorship= 84.0668758144602
ICForagerLifespan= 14.4568896563724
ImmType= Tangent
AIAdultSlope= 1.81935211922508
AIAdultLD50= 0.381525200675242
AIAdultSlopeContact= 1.72620985458372
AIAdultLD50Contact= 0.0125386327272281
AILarvaSlope= 3.25151569694281
AILarvaLD50= 0.193150188680738
AIKOW= 7.86259391345084
AIKOC= 27.8754052426666
AIHalfLife= 3.00139648607001
EAppRate= 0.407297807815485
