ICQueenStrength= 1.59212733292952
RQWkrDrnRatio= 3.33974250312895
ICDroneMiteSurvivorship= 74.7140483930707
ICWorkerMiteSurvivorship= 96.3225958636031
ICForagerLifespan= 14.0827972711995
ImmType= Exponential
AIAdultSlopeContact= 9.585078463424
AIAdultLD50Contact= 0.0131051520351321
AILarvaSlope= 8.99013797519729
AILarvaLD50= 0.691915986128151
AIKOW= 70.0347187928855
AIKOC= 53.5772884497419
AIHalfLife= 9.41935596754774
