ICQueenStrength= 5.48101907386445
RQWkrDrnRatio= 2.61818809807301
ICDroneMiteSurvivorship= 93.1421890622005
ICWorkerMiteSurvivorship= 35.3774343151599
ICForagerLifespan= 9.71264021284878
ImmType= Tangent
AIAdultSlope= 0.0121910269442014
AIAdultLD50= 0.289157782914117
AIAdultSlopeContact= 1.12356612561503
AIAdultLD50Contact= 0.0311976438271813
AILarvaSlope= 2.63363815513439
AILarvaLD50= 0.873302033683285
AIKOW= 2.06136602954939
AIKOC= 25.7055978069548
AIHalfLife= 0.577123082475737
EAppRate= 0.430145714827813
