ICQueenStrength= 2.04764558491297
RQWkrDrnRatio= 1.30695139616728
ICDroneMiteSurvivorship= 93.2436865754426
ICWorkerMiteSurvivorship= 53.5652486840263
ICForagerLifespan= 5.14842701423913
ImmType= Logarithmic
AIAdultSlopeContact= 3.76939677400514
AIAdultLD50Contact= 0.181915056193247
AILarvaSlope= 0.87135796668008
AILarvaLD50= 1.36501745227724
AIKOW= 41.0572798689827
AIKOC= 44.4234454305843
AIHalfLife= 10.1586655359715
