ICQueenStrength= 1.02754406072199
RQWkrDrnRatio= 4.3640025537461
ICDroneMiteSurvivorship= 75.5519217811525
ICWorkerMiteSurvivorship= 85.1998911937699
ICForagerLifespan= 15.1825729031116
ImmType= Exponential
AIAdultSlope= 0.523867517057806
AIAdultLD50= 1.41801149351522
AIAdultSlopeContact= 1.10924317318713
AIAdultLD50Contact= 0.0371706072008237
AILarvaSlope= 0.549489776510745
AILarvaLD50= 0.552977155311964
AIKOW= 4.72408390091732
AIKOC= 16.6121963714249
AIHalfLife= 11.8020628700033
EAppRate= 0.844048424158245
