ICQueenStrength= 3.59666502848268
RQWkrDrnRatio= 2.45312664285302
