ICQueenStrength= 5.71045227954164
RQWkrDrnRatio= 1.7760429950431
ICDroneMiteSurvivorship= 78.6582035711035
ICWorkerMiteSurvivorship= 95.6017404329032
ICForagerLifespan= 14.4688574047759
ImmType= Logarithmic
AIAdultSlope= 0.771319078654051
AIAdultLD50= 2.49816226889379
AIAdultSlopeContact= 3.01000737941824
AIAdultLD50Contact= 0.0107035046559758
AILarvaSlope= 1.02100970256142
AILarvaLD50= 0.013449785602279
AIKOW= 3.84009769232944
AIKOC= 12.3165108973626
AIHalfLife= 0.521345070563257
EAppRate= 0.00698290951550007
