ICQueenStrength= 2.0151725099422
RQWkrDrnRatio= 1.96551158092916
ICDroneMiteSurvivorship= 25.8258537854999
ICWorkerMiteSurvivorship= 40.2721563586965
ICForagerLifespan= 14.3624385660514
ImmType= Tangent
AIAdultSlope= 2.44087694408372
AIAdultLD50= 2.23607990099117
AIAdultSlopeContact= 0.816921168733388
AIAdultLD50Contact= 0.0252726218895987
AILarvaSlope= 2.44888382297941
AILarvaLD50= 0.442315365979448
AIKOW= 6.2469639359042
AIKOC= 14.7928207658697
AIHalfLife= 4.02650961698964
EAppRate= 0.793833514442667
