ICQueenStrength= 2.53599341982044
RQWkrDrnRatio= 1.40872022043914
ICDroneMiteSurvivorship= 93.0569260613993
ICWorkerMiteSurvivorship= 98.8488166593015
ICForagerLifespan= 5.6110162595287
ImmType= Cosine
AIAdultSlope= 2.90408145571128
AIAdultSlopeContact= 2.33083570306655
AIAdultLD50Contact= 0.0428306915215217
AILarvaSlope= 0.418697667680681
AILarvaLD50= 0.60577100221999
AIKOW= 3.04200122272596
AIKOC= 25.2258853998501
AIHalfLife= 8.69998742407188
