ICQueenStrength= 1.49920205841772
RQWkrDrnRatio= 1.87814824283123
ICDroneMiteSurvivorship= 9.62363826110959
ICWorkerMiteSurvivorship= 61.2236660905182
ICForagerLifespan= 4.8727393457666
ImmType= Logarithmic
AIAdultSlope= 1.8974889209494
AIAdultLD50= 0.817118749720976
AIAdultSlopeContact= 4.65261667734012
AIAdultLD50Contact= 0.0157637543044984
AILarvaSlope= 1.07237260555848
AILarvaLD50= 0.814086376689374
AIKOW= 0.328834704123437
AIKOC= 44.6403400972486
AIHalfLife= 13.1853391327895
EAppRate= 0.903473775368184
