ICQueenStrength= 4.57255131471902
RQWkrDrnRatio= 4.93582217395306
ICDroneMiteSurvivorship= 34.4700356479734
ICWorkerMiteSurvivorship= 92.5997111946344
ICForagerLifespan= 8.25517733767629
ImmType= Logarithmic
AIAdultSlope= 8.92296154052019
