ICQueenStrength= 4.30056376405992
RQWkrDrnRatio= 2.68004238139838
ICDroneMiteSurvivorship= 60.6585598550737
ICWorkerMiteSurvivorship= 4.57807171624154
ICForagerLifespan= 10.8286168314517
ImmType= Cosine
AIAdultSlope= 3.5450635929429
AIAdultLD50= 0.257252113311552
AIAdultSlopeContact= 2.68085465802345
AIAdultLD50Contact= 0.0427067290293053
AILarvaSlope= 1.75029555545188
AILarvaLD50= 0.288706546719186
AIKOW= 2.59376776218414
AIKOC= 22.0282203587703
AIHalfLife= 4.54607799183577
EAppRate= 0
