ICQueenStrength= 2.97009966126643
RQWkrDrnRatio= 1.05152815300971
ICDroneMiteSurvivorship= 33.6478289682418
ICWorkerMiteSurvivorship= 24.2611896013841
ICForagerLifespan= 13.6998565075919
ImmType= Exponential
AIAdultSlope= 3.24168652594322
AIAdultLD50= 0.340294298715889
AIAdultSlopeContact= 0.781714386823587
AIAdultLD50Contact= 0.0401017967960797
AILarvaSlope= 2.32768001197837
AILarvaLD50= 0.702688505058177
AIKOW= 2.96292610513046
AIKOC= 9.2059639992658
AIHalfLife= 0.324148812796921
EAppRate= 0.176257871114649
