ICQueenStrength= 1.35080008208752
RQWkrDrnRatio= 4.42267566453665
ICDroneMiteSurvivorship= 35.4928258340806
ICWorkerMiteSurvivorship= 50.9124509990215
ICForagerLifespan= 10.4322185283527
ImmType= Tangent
AIAdultLD50= 0.154012839635834
AIAdultSlopeContact= 1.12898732876172
AIAdultLD50Contact= 0.00804058213252574
AILarvaSlope= 1.76900045629591
AILarvaLD50= 0.259157489030622
AIKOW= 4.07636925857514
AIKOC= 8.40520374593325
AIHalfLife= 10.92322511971
EAppRate= 1.59211024269462
