ICQueenStrength= 3.16552310623229
RQWkrDrnRatio= 3.10044967010617
