ICQueenStrength= 5.82125863083638
RQWkrDrnRatio= 3.51967444736511
ICDroneMiteSurvivorship= 82.5339677976444
ICWorkerMiteSurvivorship= 35.0966481491923
ICForagerLifespan= 7.60899305623025
ImmType= Cosine
AIAdultSlopeContact= 2.79529903451912
AIAdultLD50Contact= 0.0476177416509017
AILarvaSlope= 1.29858802198432
AILarvaLD50= 0.393834697036073
AIKOW= 4.62385920621455
AIKOC= 20.8311500388663
AIHalfLife= 10.6919900365174
