ICQueenStrength= 1.58976509142667
RQWkrDrnRatio= 4.17064618226141
ICDroneMiteSurvivorship= 28.3883052878082
ICWorkerMiteSurvivorship= 33.3827235037461
ICForagerLifespan= 8.87128098588437
ImmType= Sine
AIAdultSlope= 2.61192065942567
AIAdultLD50= 0.301081917481497
AIAdultSlopeContact= 3.67373012003023
AIAdultLD50Contact= 0.0281461531878449
AILarvaSlope= 3.00678137904033
AILarvaLD50= 0.227719792211428
AIKOW= 5.66088775452226
AIKOC= 15.7019581308123
AIHalfLife= 4.87225097371265
EAppRate= 0
