ICQueenStrength= 4.93394583836198
RQWkrDrnRatio= 2.00877798441797
ICDroneMiteSurvivorship= 36.2673440482467
ICWorkerMiteSurvivorship= 74.9289306811988
ICForagerLifespan= 4.36745862010866
ImmType= Tangent
AIAdultSlope= 1.91888799536973
AIAdultLD50= 0.127661125035957
AIAdultSlopeContact= 1.42922521962086
AIAdultLD50Contact= 0.0386006877757609
AILarvaSlope= 3.00837002471089
AILarvaLD50= 0.74789660491515
AIKOW= 3.8720171097666
AIKOC= 7.80762761249207
AIHalfLife= 3.41252790996805
EAppRate= 0.1344189097872
