ICQueenStrength= 3.70192539435811
RQWkrDrnRatio= 1.01596006099135
ICDroneMiteSurvivorship= 18.3783710934222
ICWorkerMiteSurvivorship= 10.7059027766809
ICForagerLifespan= 14.3090382963419
ImmType= Cosine
AIAdultSlope= 2.40077279089019
AIAdultLD50= 2.51061163446866
AIAdultSlopeContact= 2.40317099112784
AIAdultLD50Contact= 0.025118886330165
AILarvaSlope= 2.12319557499141
AILarvaLD50= 0.534023879980668
AIKOW= 3.08559853257611
AIKOC= 10.5939720186871
AIHalfLife= 2.04684444610029
EAppRate= 0.997557659400627
