ICQueenStrength= 1.66648193635046
RQWkrDrnRatio= 1.64467335678637
ICDroneMiteSurvivorship= 12.4765878543258
ICWorkerMiteSurvivorship= 53.8794230902568
ICForagerLifespan= 8.88017244450748
ImmType= Sine
AIAdultSlope= 1.46136195365572
AIAdultLD50= 0.411252846359275
AIAdultSlopeContact= 2.16262326129712
AIAdultLD50Contact= 0.0448771501658484
AILarvaSlope= 1.72289751670323
AILarvaLD50= 0.573612678400241
AIKOW= 5.66248545562848
AIKOC= 25.5559564987198
AIHalfLife= 1.13492531701922
EAppRate= 0.597992545343004
