ICQueenStrength= 5.35236412216909
RQWkrDrnRatio= 4.76283638272434
ICDroneMiteSurvivorship= 96.4712282409891
ICWorkerMiteSurvivorship= 84.7035026410595
ICForagerLifespan= 9.09118497092277
ImmType= Tangent
AIAdultSlope= 2.58418419918045
AIAdultLD50= 0.170167796313763
AIAdultSlopeContact= 3.58778897046112
AIAdultLD50Contact= 0.0215031064697541
AILarvaSlope= 1.0934439950157
AILarvaLD50= 0.225641657738015
AIKOW= 7.02995460806414
AIKOC= 12.0195729436819
AIHalfLife= 1.841631118441
EAppRate= 0
