ICQueenStrength= 1.33149113296531
RQWkrDrnRatio= 2.42096474859864
ICDroneMiteSurvivorship= 90.0061296764761
ICWorkerMiteSurvivorship= 68.8237723428756
ICForagerLifespan= 9.94304317701608
ImmType= Exponential
AIAdultSlope= 0.186421650268603
AIAdultLD50= 0.2827467629686
AIAdultSlopeContact= 2.34103068656987
AIAdultLD50Contact= 0.0479667407576926
AILarvaSlope= 1.45211800620891
AILarvaLD50= 0.38495622749906
AIKOW= 5.13878032471985
AIKOC= 23.9244762528688
AIHalfLife= 1.65965693420731
EAppRate= 0.415795235102996
