ICQueenStrength= 2.61442780983634
RQWkrDrnRatio= 3.8670219508931
ICDroneMiteSurvivorship= 17.8950637346134
ICWorkerMiteSurvivorship= 34.7464998951182
ICForagerLifespan= 8.49653156008571
ImmType= Polynomial
AIAdultSlope= 6.76834799116477
