ICQueenStrength= 4.05736304493621
RQWkrDrnRatio= 4.30824904423207
ICDroneMiteSurvivorship= 37.7721114316955
ICWorkerMiteSurvivorship= 35.543233063072
ICForagerLifespan= 11.4659110456705
ImmType= Sine
AIAdultSlope= 3.19394096708857
AIAdultLD50= 2.52668955177069
AIAdultSlopeContact= 1.64797748662066
AIAdultLD50Contact= 0.00972318234853447
AILarvaSlope= 2.54200405897573
AILarvaLD50= 0.587616000487469
AIKOW= 4.7688619303517
AIKOC= 14.0396634361241
AIHalfLife= 3.8661478520371
EAppRate= 0.0545254030730575
