ICQueenStrength= 4.79130413988605
RQWkrDrnRatio= 2.95087216235697
ICDroneMiteSurvivorship= 82.5704038143158
ICWorkerMiteSurvivorship= 69.096547132358
ICForagerLifespan= 11.6373594356701
ImmType= Exponential
AIAdultSlope= 1.11303801831789
AIAdultLD50= 0.378461969550699
AIAdultSlopeContact= 0.776988562897313
AIAdultLD50Contact= 0.0109825121704489
AILarvaSlope= 2.97893086927943
AILarvaLD50= 0.298909349413589
AIKOW= 5.74568170495331
AIKOC= 17.2981815889943
AIHalfLife= 0.240998122608289
EAppRate= 0.340659116976894
