ICQueenStrength= 5.01489956188016
RQWkrDrnRatio= 4.58686995599419
ICDroneMiteSurvivorship= 55.7342022424564
ICWorkerMiteSurvivorship= 74.7097691753879
ICForagerLifespan= 7.00357773713768
ImmType= Logarithmic
AIAdultSlopeContact= 1.12311454092851
AIAdultLD50Contact= 0.0445302117499523
AILarvaSlope= 2.56595357218757
AILarvaLD50= 0.27710727872327
AIKOW= 3.8687296952121
AIKOC= 23.6394074640702
AIHalfLife= 9.87544905766845
