ICQueenStrength= 3.06373757682741
RQWkrDrnRatio= 4.20093772746623
ICDroneMiteSurvivorship= 28.3195215510204
ICWorkerMiteSurvivorship= 98.1957230251282
ICForagerLifespan= 8.5281109334901
ImmType= Polynomial
AIAdultSlope= 0.196489883672912
AIAdultLD50= 0.328839866793714
AIAdultSlopeContact= 1.63072372467024
AIAdultLD50Contact= 0.0238586527644657
AILarvaSlope= 0.668861753307283
AILarvaLD50= 0.800325027247891
AIKOW= 4.55344635667279
AIKOC= 10.4371774953324
AIHalfLife= 1.09900511801243
EAppRate= 0.039104200550355
