ICQueenStrength= 1.42832088423893
RQWkrDrnRatio= 1.09590334724635
ICDroneMiteSurvivorship= 20.3207475366071
ICWorkerMiteSurvivorship= 0.789876305498183
ICForagerLifespan= 7.50013672653586
ImmType= Cosine
AIAdultSlope= 0.920561334800441
AIAdultLD50= 0.107233988703229
AIAdultSlopeContact= 0.140917336237617
AIAdultLD50Contact= 0.0292582678725012
AILarvaSlope= 1.32086395616643
AILarvaLD50= 0.510139658208936
AIKOW= 2.74724265420809
AIKOC= 15.3617219079752
AIHalfLife= 2.12737071095034
EAppRate= 0.514224702399224
