ICQueenStrength= 4.67857901961543
RQWkrDrnRatio= 3.02659519109875
ICDroneMiteSurvivorship= 26.0552869411185
ICWorkerMiteSurvivorship= 21.3493434246629
ICForagerLifespan= 9.4761280734092
ImmType= Tangent
AIAdultSlope= 1.89918199963868
AIAdultSlopeContact= 3.09660700984765
AIAdultLD50Contact= 0.0196867895661853
AILarvaSlope= 3.34765220237896
AILarvaLD50= 0.795381359593011
AIKOW= 7.44709423370659
AIKOC= 7.33026897185482
AIHalfLife= 2.50576060963795
