ICQueenStrength= 1.23610064177774
RQWkrDrnRatio= 3.50433667656034
ICDroneMiteSurvivorship= 93.0389970075339
ICWorkerMiteSurvivorship= 44.3819340784103
ICForagerLifespan= 10.7159308521077
ImmType= Cosine
AIAdultSlope= 0.583199922842905
AIAdultLD50= 0.441978049231693
AIAdultSlopeContact= 0.126180061663035
AIAdultLD50Contact= 0.012881591974292
AILarvaSlope= 0.658470306824893
AILarvaLD50= 0.137702338700183
AIKOW= 2.47267549391836
AIKOC= 7.27217898936942
AIHalfLife= 4.34519226313569
EAppRate= 0.359031155682169
