ICQueenStrength= 4.46202631364577
RQWkrDrnRatio= 1.54559176787734
ICDroneMiteSurvivorship= 15.1159850880504
ICWorkerMiteSurvivorship= 75.9429793804884
ICForagerLifespan= 4.75792297720909
ImmType= Exponential
AIAdultSlopeContact= 0.915283929572906
AIAdultLD50Contact= 0.0417018388397992
AILarvaSlope= 2.01343429265544
AILarvaLD50= 0.491776093142107
AIKOW= 3.82099092332646
AIKOC= 7.38608528161421
AIHalfLife= 12.0786130125634
