ICQueenStrength= 2.98902338626795
RQWkrDrnRatio= 1.72645944729447
ICDroneMiteSurvivorship= 68.3543090708554
ICWorkerMiteSurvivorship= 38.69536917191
ICForagerLifespan= 4.64876884967089
ImmType= Cosine
AIAdultSlope= 1.6057939611841
AIAdultLD50= 2.41928182519041
AIAdultSlopeContact= 2.61308198464103
AIAdultLD50Contact= 0.0472874431172386
AILarvaSlope= 0.518183853290975
AILarvaLD50= 0.249327299231663
AIKOW= 7.7637961092405
AIKOC= 26.1895939020906
AIHalfLife= 7.54612084571272
EAppRate= 0.313593413447961
