ICQueenStrength= 1.55749388760887
RQWkrDrnRatio= 1.62880794610828
ICDroneMiteSurvivorship= 86.5775516023859
ICWorkerMiteSurvivorship= 21.8671842245385
ICForagerLifespan= 11.9064989490435
ImmType= Sine
AIAdultSlope= 0.765230036014691
AIAdultLD50= 2.06510856701061
AIAdultSlopeContact= 1.70211750657996
AIAdultLD50Contact= 0.0246563232387416
AILarvaSlope= 2.89881447441876
AILarvaLD50= 0.734532603481785
AIKOW= 5.52321553975344
AIKOC= 18.0192450538743
AIHalfLife= 11.9436797928065
EAppRate= 0.377148807281628
