ICQueenStrength= 3.87984851747751
RQWkrDrnRatio= 4.29673343617469
ICDroneMiteSurvivorship= 58.4500910714269
ICWorkerMiteSurvivorship= 56.1377917649224
ICForagerLifespan= 4.94525432214141
ImmType= Cosine
AIAdultSlope= 0.637291853693314
AIAdultLD50= 0.0465379635570571
AIAdultSlopeContact= 1.64642105660168
AIAdultLD50Contact= 0.0305772434105165
AILarvaSlope= 0.228322041453794
AILarvaLD50= 0.297197520034388
AIKOW= 2.83567563304678
AIKOC= 26.6142218676396
AIHalfLife= 0.780827249400318
EAppRate= 0.160640465677716
