ICQueenStrength= 1.35505483159795
RQWkrDrnRatio= 4.27490585949272
ICDroneMiteSurvivorship= 11.7204958107322
ICWorkerMiteSurvivorship= 31.2753337668255
ICForagerLifespan= 5.5396148134023
ImmType= Cosine
AIAdultSlope= 0.354800472920761
AIAdultLD50= 2.53669677791186
AIAdultSlopeContact= 2.9209826945141
AIAdultLD50Contact= 0.0179393460624851
AILarvaSlope= 0.369828766258433
AILarvaLD50= 0.421882669022307
AIKOW= 3.3432992445305
AIKOC= 8.67681153584272
AIHalfLife= 1.17305329907686
EAppRate= 0.695418128278106
