ICQueenStrength= 1.89877769700252
RQWkrDrnRatio= 1.29756489396095
ICDroneMiteSurvivorship= 95.4693746985868
ICWorkerMiteSurvivorship= 36.7305292747915
ICForagerLifespan= 10.3019946096465
ImmType= Polynomial
AIAdultSlope= 3.62378366892692
AIAdultLD50= 0.075750719406642
AIAdultSlopeContact= 3.54428089660127
AIAdultLD50Contact= 0.0269619928090833
AILarvaSlope= 0.753456948045641
AILarvaLD50= 0.455699619557708
AIKOW= 2.58013824699447
AIKOC= 7.13504106504843
AIHalfLife= 2.95802964596078
EAppRate= 0
