ICQueenStrength= 5.20757937710732
RQWkrDrnRatio= 2.42545298021287
ICDroneMiteSurvivorship= 72.3215878475457
ICWorkerMiteSurvivorship= 34.9556191358715
ICForagerLifespan= 10.9081022655591
ImmType= Exponential
AIAdultSlopeContact= 0.0650416411436163
AIAdultLD50Contact= 0.0313193638576195
AILarvaSlope= 0.0776500232052058
AILarvaLD50= 0.180043725832365
AIKOW= 2.21258585434407
AIKOC= 25.1356242236216
AIHalfLife= 4.5759903807193
