ICQueenStrength= 4.76739965635352
RQWkrDrnRatio= 3.5112352669239
ICDroneMiteSurvivorship= 23.2675863197073
ICWorkerMiteSurvivorship= 80.806312058121
ICForagerLifespan= 13.7665766077116
ImmType= Sine
AIAdultSlope= 4.37151788501069
