ICQueenStrength= 5.54768204828724
RQWkrDrnRatio= 4.61468336544931
ICDroneMiteSurvivorship= 2.87623922340572
ICWorkerMiteSurvivorship= 39.9631257867441
ICForagerLifespan= 7.33851933665574
ImmType= Cosine
AIAdultSlope= 1.40198638717644
AIAdultLD50= 0.0210817974293604
AIAdultSlopeContact= 3.53093075148063
AIAdultLD50Contact= 0.00472326969029382
AILarvaSlope= 2.69848866015673
AILarvaLD50= 0.327789660939015
AIKOW= 2.67867820989341
AIKOC= 14.0424726717174
AIHalfLife= 2.69617682439275
EAppRate= 0
