ICQueenStrength= 4.38616150896996
RQWkrDrnRatio= 4.80249349027872
ICDroneMiteSurvivorship= 19.9538791319355
ICWorkerMiteSurvivorship= 1.03498985990882
ICForagerLifespan= 15.942550374195
ImmType= Polynomial
AIAdultLD50= 0.154012839635834
AIAdultSlopeContact= 0.958362038028426
AIAdultLD50Contact= 0.0186242431751452
AILarvaSlope= 1.88410060335882
AILarvaLD50= 0.763379965117201
AIKOW= 3.34309520246461
AIKOC= 20.0549777317792
AIHalfLife= 6.17296713590622
EAppRate= 1.63592557283118
