ICQueenStrength= 1.43168548960239
RQWkrDrnRatio= 2.55933385435492
ICDroneMiteSurvivorship= 99.62649543304
ICWorkerMiteSurvivorship= 48.5039508203045
ICForagerLifespan= 9.09595564845949
ImmType= Exponential
AIAdultSlope= 1.86261213270715
AIAdultLD50= 0.431660878355615
AIAdultSlopeContact= 2.34776942149736
AIAdultLD50Contact= 0.0273463902529329
AILarvaSlope= 1.99107144684531
AILarvaLD50= 0.106961689330637
AIKOW= 7.32188771246001
AIKOC= 23.6050698219333
AIHalfLife= 0.484279821394011
EAppRate= 0.366189428279176
