ICQueenStrength= 1.21209565806203
RQWkrDrnRatio= 3.67629064526409
ICDroneMiteSurvivorship= 19.5648784516379
ICWorkerMiteSurvivorship= 61.1301074270159
ICForagerLifespan= 8.57747802976519
ImmType= Sine
AIAdultSlope= 0.528368853684515
AIAdultLD50= 2.21547184162773
AIAdultSlopeContact= 0.498282264699228
AIAdultLD50Contact= 0.0399379519280046
AILarvaSlope= 2.92146092434414
AILarvaLD50= 0.162255443469621
AIKOW= 3.47301651490852
AIKOC= 25.8966214908287
AIHalfLife= 8.43423938238993
EAppRate= 0.641836822265759
