ICQueenStrength= 4.17458008765243
RQWkrDrnRatio= 2.65557256620377
ICDroneMiteSurvivorship= 80.390113661997
ICWorkerMiteSurvivorship= 5.19114332273602
ICForagerLifespan= 15.8649568166584
ImmType= Exponential
AIAdultSlopeContact= 1.66170548284426
AIAdultLD50Contact= 0.0331003646017052
AILarvaSlope= 2.71966905137524
AILarvaLD50= 0.663856225367636
AIKOW= 7.68136276956648
AIKOC= 16.09484086046
AIHalfLife= 7.1162316002883
