ICQueenStrength= 1.48598583438434
RQWkrDrnRatio= 2.86275223456323
ICDroneMiteSurvivorship= 87.4817891046405
ICWorkerMiteSurvivorship= 91.9843173353001
ICForagerLifespan= 6.57228214852512
ImmType= Logarithmic
AIAdultSlope= 9.15251779137179
