ICQueenStrength= 1.87371025467291
RQWkrDrnRatio= 3.60573429148644
ICDroneMiteSurvivorship= 92.2325900988653
ICWorkerMiteSurvivorship= 62.0670984731987
ICForagerLifespan= 6.60858374089003
ImmType= Exponential
AIAdultSlopeContact= 1.20187923990889
AIAdultLD50Contact= 0.04680261494359
AILarvaSlope= 3.04165502502583
AILarvaLD50= 0.625987610570155
AIKOW= 3.41359119070694
AIKOC= 6.28409997560084
AIHalfLife= 4.5104593206197
