ICQueenStrength= 5.53717402298935
RQWkrDrnRatio= 1.97606442775577
ICDroneMiteSurvivorship= 25.4411746514961
ICWorkerMiteSurvivorship= 24.0529924631119
ICForagerLifespan= 14.65976336319
ImmType= Exponential
AIAdultSlope= 2.91800168496557
AIAdultLD50= 0.0250013661570847
AIAdultSlopeContact= 3.49690416716505
AIAdultLD50Contact= 0.0108067223103717
AILarvaSlope= 2.98241742444225
AILarvaLD50= 0.176760581298731
AIKOW= 3.19806840270758
AIKOC= 5.31597069464624
AIHalfLife= 5.05867200391367
EAppRate= 0.535428656032309
