ICQueenStrength= 4.66618602885865
RQWkrDrnRatio= 3.95920067839324
ICDroneMiteSurvivorship= 2.88429141510278
ICWorkerMiteSurvivorship= 69.5981892524287
ICForagerLifespan= 5.11000589840114
ImmType= Logarithmic
AIAdultSlope= 3.57861954725347
AIAdultLD50= 0.44045939669013
AIAdultSlopeContact= 2.33938821222866
AIAdultLD50Contact= 0.0384625197621062
AILarvaSlope= 1.91817661514506
AILarvaLD50= 0.817544741020538
AIKOW= 6.61762504791841
AIKOC= 24.5743729185779
AIHalfLife= 3.90194241772406
EAppRate= 0
