ICQueenStrength= 1.62481768894941
RQWkrDrnRatio= 1.83657717425376
ICDroneMiteSurvivorship= 65.8558031544089
ICWorkerMiteSurvivorship= 18.2129597524181
ICForagerLifespan= 9.62968063913286
ImmType= Exponential
AIAdultSlope= 3.07653276927536
AIAdultLD50= 0.0378367605153471
AIAdultSlopeContact= 3.85373055159347
AIAdultLD50Contact= 0.0287844970356673
AILarvaSlope= 2.96993534201756
AILarvaLD50= 0.770876333420165
AIKOW= 3.77588752377778
AIKOC= 19.5715267572086
AIHalfLife= 4.34929768438451
EAppRate= 0.485190187720582
