ICQueenStrength= 4.21021811570972
RQWkrDrnRatio= 2.73316114861518
ICDroneMiteSurvivorship= 72.6497211726382
ICWorkerMiteSurvivorship= 94.8101417860016
ICForagerLifespan= 7.49600001424551
ImmType= Logarithmic
AIAdultSlope= 0.742244333168492
AIAdultLD50= 0.938439748249948
AIAdultSlopeContact= 2.29184586886084
AIAdultLD50Contact= 0.0362864914699458
AILarvaSlope= 3.21401663725264
AILarvaLD50= 0.444813519506715
AIKOW= 2.76647788705304
AIKOC= 11.0259866644628
AIHalfLife= 1.82488492084667
EAppRate= 0.360774070722982
