ICQueenStrength= 4.5442536289338
RQWkrDrnRatio= 2.8152442490682
ICDroneMiteSurvivorship= 99.5614903746173
ICWorkerMiteSurvivorship= 93.8747250242159
ICForagerLifespan= 12.4799047829583
ImmType= Exponential
AIAdultSlope= 1.50712574133649
