ICQueenStrength= 5.77571686496958
RQWkrDrnRatio= 4.71556640230119
ICDroneMiteSurvivorship= 82.7861685538664
ICWorkerMiteSurvivorship= 65.7178633613512
ICForagerLifespan= 13.737104841508
ImmType= Tangent
AIAdultSlope= 1.84859124997398
AIAdultLD50= 0.379566646530293
AIAdultSlopeContact= 0.991538614060264
AIAdultLD50Contact= 0.0172778405249119
AILarvaSlope= 2.11259257406928
AILarvaLD50= 0.419659550464712
AIKOW= 2.50796895148233
AIKOC= 20.3846458357293
AIHalfLife= 2.09367549745366
EAppRate= 0.463365917489864
