ICQueenStrength= 2.95868016337045
RQWkrDrnRatio= 4.63089246675372
ICDroneMiteSurvivorship= 76.3502970803529
ICWorkerMiteSurvivorship= 61.2714965827763
ICForagerLifespan= 13.1858565993607
ImmType= Polynomial
AIAdultSlope= 2.41536848546471
AIAdultLD50= 0.0194666350726038
AIAdultSlopeContact= 0.315054608769715
AIAdultLD50Contact= 0.0468641420826316
AILarvaSlope= 0.324433491984382
AILarvaLD50= 0.115995620749891
AIKOW= 6.87261492526159
AIKOC= 12.3271011700854
AIHalfLife= 4.61681131273508
EAppRate= 0.184027236467227
