ICQueenStrength= 1.63023225287907
RQWkrDrnRatio= 1.47294992487878
ICDroneMiteSurvivorship= 69.3335583200678
ICWorkerMiteSurvivorship= 32.978388783522
ICForagerLifespan= 12.0749081866816
ImmType= Sine
AIAdultSlope= 1.31650577289984
AIAdultLD50= 1.72269248007797
AIAdultSlopeContact= 0.647953738477081
AIAdultLD50Contact= 0.0252127334708348
AILarvaSlope= 0.429430712666363
AILarvaLD50= 0.338064704742283
AIKOW= 2.49418959999457
AIKOC= 24.0326413139701
AIHalfLife= 3.19485591258854
EAppRate= 0.618406211724505
