ICQueenStrength= 3.25560244056396
RQWkrDrnRatio= 2.32509995251894
ICDroneMiteSurvivorship= 26.8332392442971
ICWorkerMiteSurvivorship= 50.155328004621
ICForagerLifespan= 12.8268415760249
ImmType= Exponential
AIAdultSlope= 6.36625164654106
