ICQueenStrength= 2.20023521711119
RQWkrDrnRatio= 2.60723339114338
ICDroneMiteSurvivorship= 55.3726963466033
ICWorkerMiteSurvivorship= 45.5751395085827
ICForagerLifespan= 10.0076631829143
ImmType= Sine
AIAdultSlope= 2.9698795823846
AIAdultLD50= 0.890830886783078
AIAdultSlopeContact= 0.184501916205045
AIAdultLD50Contact= 0.0337874530931003
AILarvaSlope= 0.715342491585761
AILarvaLD50= 0.374232212291099
AIKOW= 4.24589026765898
AIKOC= 15.0140334747266
AIHalfLife= 0.774431718979031
EAppRate= 0.0529942333232611
