ICQueenStrength= 2.86510429950431
RQWkrDrnRatio= 3.03191719483584
ICDroneMiteSurvivorship= 22.2512876149267
ICWorkerMiteSurvivorship= 4.10114347469062
ICForagerLifespan= 11.9623954221606
ImmType= Sine
AIAdultSlopeContact= 8.94862664630637
AIAdultLD50Contact= 0.191948869731277
AILarvaSlope= 5.36570018855855
AILarvaLD50= 1.57747846236452
AIKOW= 86.0934471245855
AIKOC= 19.5408494211733
AIHalfLife= 2.70549832470715
