ICQueenStrength= 4.85568642406724
RQWkrDrnRatio= 1.74630206264555
ICDroneMiteSurvivorship= 1.40629443340003
ICWorkerMiteSurvivorship= 8.37177450302988
ICForagerLifespan= 6.47110902052373
ImmType= Cosine
AIAdultSlopeContact= 0.851991248738486
AIAdultLD50Contact= 0.00741294848266989
AILarvaSlope= 0.272125810710713
AILarvaLD50= 0.861290479777381
AIKOW= 3.07802782161161
AIKOC= 24.3735444336198
AIHalfLife= 9.14167556818575
