ICQueenStrength= 2.64805497624911
RQWkrDrnRatio= 1.75590261723846
ICDroneMiteSurvivorship= 72.3291392438114
ICWorkerMiteSurvivorship= 55.2402526373044
ICForagerLifespan= 5.11532632540911
ImmType= Logarithmic
AIAdultSlope= 2.08776379690971
AIAdultLD50= 0.289888890460134
AIAdultSlopeContact= 2.42315860176226
AIAdultLD50Contact= 0.0302818533498794
AILarvaSlope= 0.443767551565543
AILarvaLD50= 0.211395068094134
AIKOW= 7.14151281351224
AIKOC= 24.9064436601475
AIHalfLife= 4.64793753693812
EAppRate= 0.43081347476691
