ICQueenStrength= 1.18036847701296
RQWkrDrnRatio= 3.8007018789649
ICDroneMiteSurvivorship= 83.7661079829559
ICWorkerMiteSurvivorship= 49.8111451044679
ICForagerLifespan= 7.66897436883301
ImmType= Cosine
AIAdultSlope= 2.11814312781207
AIAdultLD50= 0.645915617700666
AIAdultSlopeContact= 1.95887159185717
AIAdultLD50Contact= 0.0179775635246187
AILarvaSlope= 3.00230544009246
AILarvaLD50= 0.0903442970244214
AIKOW= 7.26604859810323
AIKOC= 21.0351403756067
AIHalfLife= 5.69088901672512
EAppRate= 0.340483860811219
