ICQueenStrength= 2.60478860256262
RQWkrDrnRatio= 3.70083657465875
ICDroneMiteSurvivorship= 72.6860274095088
ICWorkerMiteSurvivorship= 51.1283521540463
ICForagerLifespan= 13.4588757827878
ImmType= Tangent
AIAdultSlope= 0.109957227529958
AIAdultLD50= 0.699322984786704
AIAdultSlopeContact= 0.297789109800942
AIAdultLD50Contact= 0.00198627850040793
AILarvaSlope= 0.775181447109207
AILarvaLD50= 0.418147555715404
AIKOW= 7.25840069679543
AIKOC= 12.3929931619205
AIHalfLife= 3.57615014258772
EAppRate= 0.731808274285868
