ICQueenStrength= 2.69496476650238
RQWkrDrnRatio= 4.88708842173219
ICDroneMiteSurvivorship= 42.2680201940238
ICWorkerMiteSurvivorship= 99.0281520178542
ICForagerLifespan= 11.8327773278579
ImmType= Logarithmic
AIAdultSlope= 2.53728846055456
AIAdultLD50= 2.1529873944819
AIAdultSlopeContact= 2.6543356615724
AIAdultLD50Contact= 0.0365634908434004
AILarvaSlope= 0.875685799168423
AILarvaLD50= 0.283387452783063
AIKOW= 2.83246347680688
AIKOC= 22.736400780268
AIHalfLife= 4.20924200396985
EAppRate= 0.109853446017951
