ICQueenStrength= 1.45894513721578
RQWkrDrnRatio= 1.2299992851913
ICDroneMiteSurvivorship= 80.8878834592178
ICWorkerMiteSurvivorship= 72.2459943033755
ICForagerLifespan= 14.9550990145653
ImmType= Sine
AIAdultSlopeContact= 1.2384249075246
AIAdultLD50Contact= 0.0479230455937795
AILarvaSlope= 0.543364716554061
AILarvaLD50= 0.843882026919164
AIKOW= 5.49198792967945
AIKOC= 19.0650697867386
AIHalfLife= 1.77366845635697
