ICQueenStrength= 4.47790275351144
RQWkrDrnRatio= 2.92934732045978
ICDroneMiteSurvivorship= 81.4685372868553
ICWorkerMiteSurvivorship= 31.3644305802882
ICForagerLifespan= 14.6605426790193
ImmType= Sine
AIAdultSlope= 2.81750293443911
AIAdultSlopeContact= 0.504205680834129
AIAdultLD50Contact= 0.013179279351607
AILarvaSlope= 0.581546218832955
AILarvaLD50= 0.433458599704318
AIKOW= 4.10869189584628
AIKOC= 21.5899159794208
AIHalfLife= 0.0421043410897255
