ICQueenStrength= 4.98597124847583
RQWkrDrnRatio= 3.72492367308587
ICDroneMiteSurvivorship= 76.3573182746768
ICWorkerMiteSurvivorship= 20.7913361955434
ICForagerLifespan= 6.26544392202049
ImmType= Polynomial
AIAdultSlope= 0.736764408648014
AIAdultLD50= 0.828939302591607
AIAdultSlopeContact= 6.15728048840538
AIAdultLD50Contact= 0.00937173287384212
AILarvaSlope= 4.75762374000624
AILarvaLD50= 1.13091567484662
AIKOW= 97.4317607004195
AIKOC= 4.77353862952441
AIHalfLife= 9.4142309310846
EAppRate= 0.0889834938570857
