ICQueenStrength= 4.20530736935325
RQWkrDrnRatio= 3.77516179252416
ICDroneMiteSurvivorship= 19.7837298270315
ICWorkerMiteSurvivorship= 22.5026790518314
ICForagerLifespan= 10.1238003578037
ImmType= Tangent
AIAdultSlope= 2.43426669363398
AIAdultLD50= 0.0216522788396105
AIAdultSlopeContact= 0.646248519995716
AIAdultLD50Contact= 0.0124169111601077
AILarvaSlope= 3.19073283961043
AILarvaLD50= 0.13930670642294
AIKOW= 4.34964956063777
AIKOC= 19.0212970727589
AIHalfLife= 4.59693106240593
EAppRate= 0.359826901042834
