ICQueenStrength= 2.78401318262331
RQWkrDrnRatio= 2.69750077929348
ICDroneMiteSurvivorship= 40.0216315407306
ICWorkerMiteSurvivorship= 88.8363728998229
ICForagerLifespan= 6.7736480012536
ImmType= Tangent
AIAdultSlope= 1.31131986570312
AIAdultLD50= 0.251625993638299
AIAdultSlopeContact= 3.58342881591758
AIAdultLD50Contact= 0.0425850187544711
AILarvaSlope= 0.544828519923612
AILarvaLD50= 0.640802859747782
AIKOW= 7.74093268159777
AIKOC= 15.9131441160571
AIHalfLife= 0.545289468718693
EAppRate= 0
