ICQueenStrength= 1.24069955572486
RQWkrDrnRatio= 3.77359928842634
ICDroneMiteSurvivorship= 80.2693511126563
ICWorkerMiteSurvivorship= 87.1016671415418
ICForagerLifespan= 4.41796899121255
ImmType= Tangent
AIAdultSlope= 0.441748136391398
AIAdultLD50= 0.218911544070579
AIAdultSlopeContact= 3.27745803805534
AIAdultLD50Contact= 0.0499382810317911
AILarvaSlope= 0.948435226920992
AILarvaLD50= 0.236274293228053
AIKOW= 3.67184569919482
AIKOC= 5.61380527331494
AIHalfLife= 1.48936364101246
EAppRate= 0
