ICQueenStrength= 4.11414101393893
RQWkrDrnRatio= 4.73426902387291
ICDroneMiteSurvivorship= 49.5324396761134
ICWorkerMiteSurvivorship= 69.6731647010893
ICForagerLifespan= 4.04558835271746
ImmType= Cosine
AIAdultSlope= 8.81899649742991
