ICQueenStrength= 4.5031904373318
RQWkrDrnRatio= 3.27860909886658
ICDroneMiteSurvivorship= 37.9217535257339
ICWorkerMiteSurvivorship= 25.2417724812403
ICForagerLifespan= 7.35400775820017
ImmType= Cosine
AIAdultSlopeContact= 2.81731482791249
AIAdultLD50Contact= 0.0281487894244492
AILarvaSlope= 1.37718894733116
AILarvaLD50= 0.164405924454331
AIKOW= 5.31658640224487
AIKOC= 7.62945094727911
AIHalfLife= 2.71311378292739
