ICQueenStrength= 3.41274002473801
RQWkrDrnRatio= 1.20201376266778
ICDroneMiteSurvivorship= 10.6725884135813
ICWorkerMiteSurvivorship= 23.9987167995423
ICForagerLifespan= 4.55676722805947
ImmType= Polynomial
AIAdultSlopeContact= 1.63527717629448
AIAdultLD50Contact= 0.0289918987546116
AILarvaSlope= 2.17445080061443
AILarvaLD50= 0.304704265133478
AIKOW= 7.95760359335691
AIKOC= 19.6845686947927
AIHalfLife= 0.0700282137840986
