ICQueenStrength= 1.03905206453055
RQWkrDrnRatio= 1.13181302044541
ICDroneMiteSurvivorship= 66.2737050326541
ICWorkerMiteSurvivorship= 5.77489677816629
ICForagerLifespan= 14.3993265507743
ImmType= Sine
AIAdultSlope= 2.03338007483399
AIAdultLD50= 0.260070896940306
AIAdultSlopeContact= 2.72827789540635
AIAdultLD50Contact= 0.0374097031657584
AILarvaSlope= 1.91708204271272
AILarvaLD50= 0.796296960767359
AIKOW= 4.71288020908833
AIKOC= 21.7775705340318
AIHalfLife= 3.46089489990845
EAppRate= 0.221199014526792
