ICQueenStrength= 2.67642085580155
RQWkrDrnRatio= 4.40855206269771
ICDroneMiteSurvivorship= 69.2212034482509
ICWorkerMiteSurvivorship= 57.3086159769446
ICForagerLifespan= 10.7620114348829
ImmType= Cosine
AIAdultSlopeContact= 3.61387808341533
AIAdultLD50Contact= 0.064836123213172
AILarvaSlope= 7.32165592024103
AILarvaLD50= 1.0601312876679
AIKOW= 62.1530680218711
AIKOC= 13.9683938585222
AIHalfLife= 0.378081966657192
