ICQueenStrength= 3.07001831033267
RQWkrDrnRatio= 4.75246902834624
ICDroneMiteSurvivorship= 9.73180828150362
ICWorkerMiteSurvivorship= 9.50192760210484
ICForagerLifespan= 9.03081095777452
ImmType= Polynomial
AIAdultSlope= 0.887618131842464
AIAdultSlopeContact= 3.71666936163325
AIAdultLD50Contact= 0.0146334263612516
AILarvaSlope= 2.32267730729654
AILarvaLD50= 0.298664077743888
AIKOW= 6.25005690846592
AIKOC= 17.2057088883594
AIHalfLife= 3.07027038512751
