ICQueenStrength= 5.58283949643373
RQWkrDrnRatio= 1.19858073350042
ICDroneMiteSurvivorship= 71.5733871795237
ICWorkerMiteSurvivorship= 60.1185936713591
ICForagerLifespan= 6.66700750030577
ImmType= Exponential
AIAdultSlope= 3.91682734125294
AIAdultLD50= 0.244068897562101
AIAdultSlopeContact= 2.21706211725483
AIAdultLD50Contact= 0.0304238749085926
AILarvaSlope= 0.721660899417475
AILarvaLD50= 0.387976353988051
AIKOW= 3.33826936641708
AIKOC= 9.92043306003325
AIHalfLife= 3.23829508852214
EAppRate= 0
