ICQueenStrength= 3.03324163448997
RQWkrDrnRatio= 4.15416317339987
ICDroneMiteSurvivorship= 31.1891589779407
ICWorkerMiteSurvivorship= 25.3147036302835
ICForagerLifespan= 14.6261578937992
ImmType= Logarithmic
AIAdultSlope= 3.11577173169237
AIAdultLD50= 0.250018295249902
AIAdultSlopeContact= 1.28980088665383
AIAdultLD50Contact= 0.0431628867168911
AILarvaSlope= 2.95296887797303
AILarvaLD50= 0.760940840514377
AIKOW= 4.47021782025695
AIKOC= 29.774678616086
AIHalfLife= 4.55934262834489
EAppRate= 0.628369418601505
