ICQueenStrength= 5.63756273617037
RQWkrDrnRatio= 4.59100279770792
ICDroneMiteSurvivorship= 70.8574871532619
ICWorkerMiteSurvivorship= 25.7449954980984
ICForagerLifespan= 11.2187529141083
ImmType= Tangent
AIAdultSlope= 0.0507823954615742
AIAdultLD50= 0.408293998218141
AIAdultSlopeContact= 2.60062278965721
AIAdultLD50Contact= 0.00303398992400616
AILarvaSlope= 1.16172508262098
AILarvaLD50= 0.0924546911381185
AIKOW= 2.87638181215152
AIKOC= 24.3541255022865
AIHalfLife= 0.124841678189114
EAppRate= 0
