ICQueenStrength= 5.66902047628537
RQWkrDrnRatio= 1.08220818731934
ICDroneMiteSurvivorship= 30.4258593358099
ICWorkerMiteSurvivorship= 79.1449514916167
ICForagerLifespan= 12.8661691164598
ImmType= Cosine
AIAdultSlope= 3.30178881459869
AIAdultSlopeContact= 2.67849300284637
AIAdultLD50Contact= 0.011636426683981
AILarvaSlope= 2.77820985722356
AILarvaLD50= 0.610203667986207
AIKOW= 3.29886889643967
AIKOC= 26.6144595411606
AIHalfLife= 0.310610508080572
