ICQueenStrength= 3.55941605893895
RQWkrDrnRatio= 2.12416341621429
ICDroneMiteSurvivorship= 43.0911174975336
ICWorkerMiteSurvivorship= 51.2665862683207
ICForagerLifespan= 8.89991314243525
ImmType= Tangent
AIAdultSlope= 0.0630306655075401
AIAdultLD50= 0.0042465222068131
AIAdultSlopeContact= 0.185268558443058
AIAdultLD50Contact= 0.014788763935212
AILarvaSlope= 3.29293417190202
AILarvaLD50= 0.248669886658899
AIKOW= 7.45043946243823
AIKOC= 22.9155784484465
AIHalfLife= 4.8609643727541
EAppRate= 0.0017704872880131
