ICQueenStrength= 5.64321671752259
RQWkrDrnRatio= 4.67313093319535
ICDroneMiteSurvivorship= 28.3555899281055
ICWorkerMiteSurvivorship= 37.9184636753052
ICForagerLifespan= 13.6921702297404
ImmType= Polynomial
AIAdultSlope= 0.300017904490232
AIAdultLD50= 2.82280218671076
AIAdultSlopeContact= 2.56651802656939
AIAdultLD50Contact= 0.0475534621742554
AILarvaSlope= 1.36872107083909
AILarvaLD50= 0.20783453725744
AIKOW= 4.34867318486795
AIKOC= 10.9071281808428
AIHalfLife= 4.03969257697463
EAppRate= 0.0436270956415683
