ICQueenStrength= 4.38360701920465
RQWkrDrnRatio= 4.56754786334932
ICDroneMiteSurvivorship= 12.5084454193711
ICWorkerMiteSurvivorship= 68.799586663954
ICForagerLifespan= 8.06947585102171
ImmType= Polynomial
AIAdultSlope= 5.82166308071464
