ICQueenStrength= 3.56579644861631
RQWkrDrnRatio= 1.61533118411899
ICDroneMiteSurvivorship= 17.8732265951112
ICWorkerMiteSurvivorship= 91.4816738339141
ICForagerLifespan= 10.1535712797195
ImmType= Logarithmic
AIAdultSlopeContact= 1.98060299382778
AIAdultLD50Contact= 0.00737083287676796
AILarvaSlope= 1.44811925040558
AILarvaLD50= 0.422766559780575
AIKOW= 3.52552207652479
AIKOC= 29.0306720254011
AIHalfLife= 6.4481771895662
