ICQueenStrength= 1.6698010340333
RQWkrDrnRatio= 3.71984264068305
