ICQueenStrength= 2.12504364922643
RQWkrDrnRatio= 2.24000504426658
ICDroneMiteSurvivorship= 95.0175663921982
ICWorkerMiteSurvivorship= 91.9459552504122
ICForagerLifespan= 9.04880649596453
ImmType= Tangent
AIAdultSlope= 0.756018581381068
AIAdultLD50= 1.5479370856192
AIAdultSlopeContact= 0.67465811064234
AIAdultLD50Contact= 0.00951691099908203
AILarvaSlope= 1.32640808904544
AILarvaLD50= 0.621025018882938
AIKOW= 2.17899859463796
AIKOC= 13.1608660693746
AIHalfLife= 2.03459160821512
EAppRate= 0.544803159078583
