ICQueenStrength= 1.44288100441918
RQWkrDrnRatio= 2.6186710363254
ICDroneMiteSurvivorship= 50.9833260439336
ICWorkerMiteSurvivorship= 65.4235766269267
ICForagerLifespan= 11.8498120959848
ImmType= Logarithmic
AIAdultSlope= 0.0464267867151648
AIAdultLD50= 2.59305584826507
AIAdultSlopeContact= 1.84579212893732
AIAdultLD50Contact= 0.0176529433927499
AILarvaSlope= 1.68442487563007
AILarvaLD50= 0.187047649151646
AIKOW= 4.15449630608782
AIKOC= 29.9401659239084
AIHalfLife= 6.79662055894732
EAppRate= 0.102229356532916
