ICQueenStrength= 2.82584123569541
RQWkrDrnRatio= 4.47661625500768
ICDroneMiteSurvivorship= 7.04827278386801
ICWorkerMiteSurvivorship= 80.9670813614503
ICForagerLifespan= 10.3485114565119
ImmType= Polynomial
AIAdultSlope= 0.545519797874149
AIAdultLD50= 0.169278243090957
AIAdultSlopeContact= 0.722716867262498
AIAdultLD50Contact= 0.0364222454722039
AILarvaSlope= 1.96518632145599
AILarvaLD50= 0.211312664137222
AIKOW= 2.53738973615691
AIKOC= 12.0514783961698
AIHalfLife= 4.21850689337589
EAppRate= 0
