ICQueenStrength= 3.63873898773454
RQWkrDrnRatio= 4.46500658337027
ICDroneMiteSurvivorship= 6.08320424798876
ICWorkerMiteSurvivorship= 21.2903354782611
ICForagerLifespan= 9.87892310973257
ImmType= Exponential
AIAdultSlopeContact= 3.08214572402649
AIAdultLD50Contact= 0.0261265276465565
AILarvaSlope= 2.47682526661083
AILarvaLD50= 0.446405466925353
AIKOW= 5.96986971562728
AIKOC= 28.7955053278711
AIHalfLife= 10.6398828197271
