ICQueenStrength= 5.47072076494806
RQWkrDrnRatio= 4.43788461666554
ICDroneMiteSurvivorship= 96.2916832184419
ICWorkerMiteSurvivorship= 24.3535342859104
ICForagerLifespan= 8.62434698361903
ImmType= Cosine
AIAdultSlope= 0.601956019317731
AIAdultLD50= 1.49664701800793
AIAdultSlopeContact= 3.23919146569446
AIAdultLD50Contact= 0.0143244040198624
AILarvaSlope= 1.61514618322253
AILarvaLD50= 0.0985774186905474
AIKOW= 3.09405871853232
AIKOC= 14.5619344385341
AIHalfLife= 2.45920856017619
EAppRate= 0.230172433890402
