ICQueenStrength= 3.68447485170327
RQWkrDrnRatio= 1.04098928160965
ICDroneMiteSurvivorship= 25.6185587728396
ICWorkerMiteSurvivorship= 16.9226490659639
ICForagerLifespan= 5.47648654878139
ImmType= Logarithmic
AIAdultSlope= 0.890626625157893
AIAdultLD50= 2.464524644427
AIAdultSlopeContact= 0.746637248320039
AIAdultLD50Contact= 0.0064481133595109
AILarvaSlope= 2.12587459273636
AILarvaLD50= 0.854718960821629
AIKOW= 6.34948126133531
AIKOC= 8.71149086859077
AIHalfLife= 8.3183161104098
EAppRate= 0.14765726798214
