ICQueenStrength= 5.8158242891077
RQWkrDrnRatio= 4.26025927718729
ICDroneMiteSurvivorship= 62.2003613971174
ICWorkerMiteSurvivorship= 18.5528894187883
ICForagerLifespan= 9.11454589385539
ImmType= Logarithmic
AIAdultSlopeContact= 9.2180293193087
AIAdultLD50Contact= 0.0911691411398351
AILarvaSlope= 7.82390988431871
AILarvaLD50= 1.12873930949718
AIKOW= 28.6296039819717
AIKOC= 23.5074278898537
AIHalfLife= 8.83576419344172
