ICQueenStrength= 4.87300608330406
RQWkrDrnRatio= 3.87482952233404
ICDroneMiteSurvivorship= 50.7402875926346
ICWorkerMiteSurvivorship= 72.668519988656
ICForagerLifespan= 11.3420649059117
ImmType= Sine
AIAdultSlope= 3.62361234798795
AIAdultLD50= 0.211596672073938
AIAdultSlopeContact= 0.421178476887289
AIAdultLD50Contact= 0.0160416539409198
AILarvaSlope= 0.775922888657078
AILarvaLD50= 0.232333858706988
AIKOW= 5.10761996544898
AIKOC= 14.179758472601
AIHalfLife= 1.24661705107428
EAppRate= 0.364046763954684
