ICQueenStrength= 1.58554261457175
RQWkrDrnRatio= 1.57212396617979
ICDroneMiteSurvivorship= 69.4467111723498
ICWorkerMiteSurvivorship= 27.6186585891992
ICForagerLifespan= 4.31512029562145
ImmType= Exponential
AIAdultSlope= 3.43463608493563
AIAdultLD50= 0.384466502582654
AIAdultSlopeContact= 2.49155754989013
AIAdultLD50Contact= 0.0448084409814328
AILarvaSlope= 0.564660745067522
AILarvaLD50= 0.51413051574491
AIKOW= 7.09783586021513
AIKOC= 17.3624869156629
AIHalfLife= 2.34666283940896
EAppRate= 0.505980826332234
