ICQueenStrength= 3.22747584921308
RQWkrDrnRatio= 2.73929898813367
ICDroneMiteSurvivorship= 22.2690393216908
ICWorkerMiteSurvivorship= 97.2742418525741
ICForagerLifespan= 12.3128124820068
ImmType= Cosine
AIAdultSlopeContact= 0.214789713446517
AIAdultLD50Contact= 0.0129990682355128
AILarvaSlope= 2.2925287600141
AILarvaLD50= 0.542352916393429
AIKOW= 3.28475365554914
AIKOC= 20.755880298093
AIHalfLife= 2.47253462765366
