ICQueenStrength= 1.06486211786978
RQWkrDrnRatio= 4.52286240551621
ICDroneMiteSurvivorship= 87.9661645740271
ICWorkerMiteSurvivorship= 33.1764520611614
ICForagerLifespan= 9.48329620715231
ImmType= Tangent
AIAdultLD50= 0.154012839635834
AIAdultSlopeContact= 3.87609914912609
AIAdultLD50Contact= 0.0333169874968007
AILarvaSlope= 2.02400869298726
AILarvaLD50= 0.103159357770346
AIKOW= 7.10427904734388
AIKOC= 23.5202402528375
AIHalfLife= 2.868650237564
EAppRate= 1.34058920340613
