ICQueenStrength= 4.54828112176619
RQWkrDrnRatio= 3.01468362100422
ICDroneMiteSurvivorship= 17.6734379725531
ICWorkerMiteSurvivorship= 99.8725533252582
ICForagerLifespan= 14.8035546606407
ImmType= Tangent
AIAdultSlope= 1.95329462135676
AIAdultLD50= 0.240878415643238
AIAdultSlopeContact= 0.929083422145341
AIAdultLD50Contact= 0.0194609717000276
AILarvaSlope= 0.406555606052279
AILarvaLD50= 0.537681949767284
AIKOW= 6.01216976391152
AIKOC= 5.82816606736742
AIHalfLife= 3.58438196708448
EAppRate= 0.175757385720499
