ICQueenStrength= 5.60254983277991
RQWkrDrnRatio= 1.55707722902298
ICDroneMiteSurvivorship= 47.030593524687
ICWorkerMiteSurvivorship= 38.0039976211265
ICForagerLifespan= 15.0539044588804
ImmType= Polynomial
AIAdultSlope= 0.756623046258464
AIAdultLD50= 0.349097359925508
AIAdultSlopeContact= 2.33910229729023
AIAdultLD50Contact= 0.00930366489337757
AILarvaSlope= 0.715380066819489
AILarvaLD50= 0.4229957933072
AIKOW= 7.01440616231412
AIKOC= 27.3393101536203
AIHalfLife= 1.92039019078948
EAppRate= 0.248967765877023
