ICQueenStrength= 1.30101772747003
RQWkrDrnRatio= 4.07226740662009
ICDroneMiteSurvivorship= 61.1036162823439
ICWorkerMiteSurvivorship= 62.3784378403798
ICForagerLifespan= 11.8322275588289
ImmType= Logarithmic
AIAdultLD50= 0.154012839635834
AIAdultSlopeContact= 2.05596011987189
AIAdultLD50Contact= 0.0392629023524933
AILarvaSlope= 1.72254237113521
AILarvaLD50= 0.433507690625265
AIKOW= 2.64049244532362
AIKOC= 6.0563557210844
AIHalfLife= 4.04226836841553
EAppRate= 0.921308493707329
