ICQueenStrength= 1.23800240713172
RQWkrDrnRatio= 2.97750694397837
ICDroneMiteSurvivorship= 29.8855494474992
ICWorkerMiteSurvivorship= 56.4314736286178
ICForagerLifespan= 9.58720039669424
ImmType= Exponential
AIAdultSlope= 3.74030301063554
AIAdultLD50= 0.206157805048861
AIAdultSlopeContact= 0.546304540210404
AIAdultLD50Contact= 0.0284928912995383
AILarvaSlope= 2.39007782698609
AILarvaLD50= 0.190472049918026
AIKOW= 3.93320155097172
AIKOC= 9.57232904736884
AIHalfLife= 2.25814751000144
EAppRate= 0.534998155594803
