ICQueenStrength= 3.65093820518814
RQWkrDrnRatio= 3.64210112858564
ICDroneMiteSurvivorship= 82.8888446092606
ICWorkerMiteSurvivorship= 67.8061268059537
ICForagerLifespan= 14.4942223317921
ImmType= Tangent
AIAdultSlopeContact= 3.05297074198024
AIAdultLD50Contact= 0.0288389172055759
AILarvaSlope= 0.144242732366547
AILarvaLD50= 0.662033815844916
AIKOW= 7.61738462606445
AIKOC= 19.9659134156536
AIHalfLife= 12.6136640603654
