ICQueenStrength= 4.29543687053956
RQWkrDrnRatio= 1.12262847926468
ICDroneMiteSurvivorship= 25.6910873344168
ICWorkerMiteSurvivorship= 77.120612654835
ICForagerLifespan= 8.1919516697526
ImmType= Sine
AIAdultSlope= 2.26285310289823
AIAdultLD50= 1.89727001893334
AIAdultSlopeContact= 2.64186755608069
AIAdultLD50Contact= 0.0105087706586346
AILarvaSlope= 1.30856726104394
AILarvaLD50= 0.184406327689067
AIKOW= 5.72670580679551
AIKOC= 17.9119552031625
AIHalfLife= 5.10081267356873
EAppRate= 0.786578177241609
