ICQueenStrength= 3.92540909955278
RQWkrDrnRatio= 3.64772204495966
ICDroneMiteSurvivorship= 22.8402649750933
ICWorkerMiteSurvivorship= 72.0825153170153
ICForagerLifespan= 7.64724141266197
ImmType= Polynomial
AIAdultSlopeContact= 0.996132579306141
AIAdultLD50Contact= 0.0375838891137391
AILarvaSlope= 1.19159226925112
AILarvaLD50= 0.859629691997543
AIKOW= 6.02132892096415
AIKOC= 14.8074655572418
AIHalfLife= 7.9121352811344
