ICQueenStrength= 2.92919334513135
RQWkrDrnRatio= 2.45475288201123
ICDroneMiteSurvivorship= 49.8276182683185
ICWorkerMiteSurvivorship= 56.8584875203669
ICForagerLifespan= 8.77421637065709
ImmType= Polynomial
AIAdultSlopeContact= 1.19744468381396
AIAdultLD50Contact= 0.00313231226755306
AILarvaSlope= 1.90261379024014
AILarvaLD50= 0.471237333887257
AIKOW= 2.32085325056687
AIKOC= 25.0523614825215
AIHalfLife= 0.606159072369337
