ICQueenStrength= 1.87576987780631
RQWkrDrnRatio= 4.01002201531082
