ICQueenStrength= 3.31108129140921
RQWkrDrnRatio= 1.09703257028013
ICDroneMiteSurvivorship= 88.702278630808
ICWorkerMiteSurvivorship= 10.7296238420531
ICForagerLifespan= 10.3356607081369
ImmType= Logarithmic
AIAdultSlope= 2.49349368668161
AIAdultLD50= 0.0858537694439292
AIAdultSlopeContact= 1.36563688615803
AIAdultLD50Contact= 0.00646823223214597
AILarvaSlope= 1.07904579811729
AILarvaLD50= 0.669293186254799
AIKOW= 2.80904559325427
AIKOC= 10.7192815234885
AIHalfLife= 1.15064124111086
EAppRate= 0.180253423308022
