ICQueenStrength= 2.25569420866668
RQWkrDrnRatio= 2.46142854448408
ICDroneMiteSurvivorship= 94.0610683523118
ICWorkerMiteSurvivorship= 0.228971848264337
ICForagerLifespan= 4.98435274325311
ImmType= Logarithmic
AIAdultSlope= 2.24505817999598
AIAdultLD50= 0.42535268177744
AIAdultSlopeContact= 0.760088870564941
AIAdultLD50Contact= 0.024701207538601
AILarvaSlope= 1.90056187896989
AILarvaLD50= 0.601869073533453
AIKOW= 4.32039128849283
AIKOC= 17.6897498848848
AIHalfLife= 4.26124586374499
EAppRate= 0.561583350645378
