ICQueenStrength= 4.4504610914737
RQWkrDrnRatio= 2.41927375085652
