ICQueenStrength= 5.99491415335797
RQWkrDrnRatio= 1.63345423620194
ICDroneMiteSurvivorship= 25.7747994968668
ICWorkerMiteSurvivorship= 93.1323097087443
ICForagerLifespan= 11.9593330407515
ImmType= Exponential
AIAdultSlope= 2.5421950256452
AIAdultLD50= 1.49700574669987
AIAdultSlopeContact= 3.68851891139522
AIAdultLD50Contact= 0.0423222968121991
AILarvaSlope= 2.62887453441508
AILarvaLD50= 0.22964388448745
AIKOW= 2.07621924951673
AIKOC= 6.85478660860099
AIHalfLife= 12.7219589236192
EAppRate= 0.666307441191748
