ICQueenStrength= 4.28588092233986
RQWkrDrnRatio= 2.03858619835228
ICDroneMiteSurvivorship= 65.2119614882395
ICWorkerMiteSurvivorship= 67.3156240489334
ICForagerLifespan= 9.77459470368922
ImmType= Exponential
AIAdultSlopeContact= 1.23157814664301
AIAdultLD50Contact= 0.0473452945356257
AILarvaSlope= 2.31468079471961
AILarvaLD50= 0.249851291393861
AIKOW= 3.54547896469012
AIKOC= 6.95910539478064
AIHalfLife= 0.383600365370512
