ICQueenStrength= 5.82786129810847
RQWkrDrnRatio= 4.00299076084048
ICDroneMiteSurvivorship= 92.4477167194709
ICWorkerMiteSurvivorship= 84.1179356677458
ICForagerLifespan= 13.2397698555142
ImmType= Polynomial
AIAdultSlope= 2.05823231656104
AIAdultLD50= 1.29837179160677
AIAdultSlopeContact= 2.72684493054869
AIAdultLD50Contact= 0.00222502188989893
AILarvaSlope= 1.83677755952813
AILarvaLD50= 0.115932420571335
AIKOW= 3.63140509091318
AIKOC= 28.6815724696498
AIHalfLife= 3.51100606564432
EAppRate= 0.5692651825957
