ICQueenStrength= 4.35872139199637
RQWkrDrnRatio= 1.21064517181367
ICDroneMiteSurvivorship= 85.0432100472972
ICWorkerMiteSurvivorship= 32.0223064394668
ICForagerLifespan= 11.4602764258161
ImmType= Cosine
AIAdultSlope= 1.18211056995206
AIAdultSlopeContact= 0.541395650091581
AIAdultLD50Contact= 0.0481661916011944
AILarvaSlope= 1.96639080378227
AILarvaLD50= 0.721155012678355
AIKOW= 5.3504363396205
AIKOC= 22.5002829870209
AIHalfLife= 13.5531840291806
