ICQueenStrength= 4.35297858575359
RQWkrDrnRatio= 2.84621805790812
ICDroneMiteSurvivorship= 38.0123582435772
ICWorkerMiteSurvivorship= 1.98917342349887
ICForagerLifespan= 14.891033558175
ImmType= Cosine
AIAdultSlope= 0.271328425873071
AIAdultLD50= 1.94411036255769
AIAdultSlopeContact= 3.42774512288393
AIAdultLD50Contact= 0.021350819838699
AILarvaSlope= 1.89444945966825
AILarvaLD50= 0.280954921385273
AIKOW= 2.90594309708104
AIKOC= 6.39661116991192
AIHalfLife= 12.855233295355
EAppRate= 0.321717067388818
