ICQueenStrength= 4.75721439253539
RQWkrDrnRatio= 3.73252170812339
ICDroneMiteSurvivorship= 55.9539406560361
ICWorkerMiteSurvivorship= 69.274011743255
ICForagerLifespan= 10.7086315918714
ImmType= Tangent
AIAdultSlope= 0.378773012955207
AIAdultLD50= 0.0660028577549383
AIAdultSlopeContact= 3.9118482660153
AIAdultLD50Contact= 0.0397803435567766
AILarvaSlope= 1.35223190234974
AILarvaLD50= 0.52228907472454
AIKOW= 6.07808438688517
AIKOC= 25.1912726741284
AIHalfLife= 0.110825971933082
EAppRate= 0.263580032112077
