ICQueenStrength= 5.97853319393471
RQWkrDrnRatio= 3.60745333321393
ICDroneMiteSurvivorship= 68.3471097610891
ICWorkerMiteSurvivorship= 8.94759907387197
ICForagerLifespan= 11.6540106926113
ImmType= Sine
AIAdultSlope= 3.93557948758826
