ICQueenStrength= 5.8827977408655
RQWkrDrnRatio= 4.39889860432595
ICDroneMiteSurvivorship= 1.00139584392309
ICWorkerMiteSurvivorship= 34.7552424063906
ICForagerLifespan= 7.74056118912995
ImmType= Cosine
AIAdultSlope= 8.63804931985214
