ICQueenStrength= 5.62627515778877
RQWkrDrnRatio= 2.25552066601813
ICDroneMiteSurvivorship= 43.3084011543542
ICWorkerMiteSurvivorship= 56.7017817636952
ICForagerLifespan= 15.5151021936908
ImmType= Cosine
AIAdultSlope= 1.59923659484368
AIAdultLD50= 0.243064209586009
AIAdultSlopeContact= 0.399734624088742
AIAdultLD50Contact= 0.0125440839212388
AILarvaSlope= 0.544394766073674
AILarvaLD50= 0.402989752404392
AIKOW= 4.13796553062275
AIKOC= 15.0642868201248
AIHalfLife= 1.29608969786204
EAppRate= 0.579584156395867
