ICQueenStrength= 2.90796738956124
RQWkrDrnRatio= 4.94065129105002
ICDroneMiteSurvivorship= 69.4447404006496
ICWorkerMiteSurvivorship= 8.2089793169871
ICForagerLifespan= 11.8113976437598
ImmType= Exponential
AIAdultSlopeContact= 0.918434619465843
AIAdultLD50Contact= 0.0258771088207141
AILarvaSlope= 2.27398786628619
AILarvaLD50= 0.66216957711149
AIKOW= 7.50032554939389
AIKOC= 15.0255399418529
AIHalfLife= 4.52715481771156
