ICQueenStrength= 4.50375656620599
RQWkrDrnRatio= 3.2930833697319
ICDroneMiteSurvivorship= 99.7509879525751
ICWorkerMiteSurvivorship= 97.8609666693956
ICForagerLifespan= 8.88088945206255
ImmType= Exponential
AIAdultSlopeContact= 4.89531819010153
AIAdultLD50Contact= 0.175548437936232
AILarvaSlope= 8.58668257715181
AILarvaLD50= 1.75382938375697
AIKOW= 78.7307472433895
AIKOC= 45.4804306151345
AIHalfLife= 6.72037767991424
