ICQueenStrength= 3.39907125476748
RQWkrDrnRatio= 1.88518043607473
ICDroneMiteSurvivorship= 59.7337319282815
ICWorkerMiteSurvivorship= 4.5377291040495
ICForagerLifespan= 12.0915802754462
ImmType= Cosine
AIAdultSlopeContact= 6.59491315018386
AIAdultLD50Contact= 0.0877768737263978
AILarvaSlope= 9.56461402121931
AILarvaLD50= 1.97581275319681
AIKOW= 56.9598945323378
AIKOC= 89.7651923820376
AIHalfLife= 11.897061070893
