ICQueenStrength= 1.9898528677877
RQWkrDrnRatio= 2.2733746804297
ICDroneMiteSurvivorship= 26.7335745738819
ICWorkerMiteSurvivorship= 14.3726737471297
ICForagerLifespan= 8.52570624928921
ImmType= Logarithmic
AIAdultSlope= 2.45229173974134
AIAdultLD50= 0.188169159460813
AIAdultSlopeContact= 3.31520364857744
AIAdultLD50Contact= 0.0399104800773785
AILarvaSlope= 3.16457093865611
AILarvaLD50= 0.0340697418199852
AIKOW= 4.83310169959441
AIKOC= 10.5831433215644
AIHalfLife= 0.10891915531829
EAppRate= 0
