ICQueenStrength= 4.59048094041646
RQWkrDrnRatio= 2.59325246140361
