ICQueenStrength= 5.29481502156705
RQWkrDrnRatio= 2.27448870800436
ICDroneMiteSurvivorship= 74.2419389542192
ICWorkerMiteSurvivorship= 18.1111237267032
ICForagerLifespan= 12.9268297739327
ImmType= Cosine
AIAdultSlope= 2.0362472059764
AIAdultLD50= 0.423274579807185
AIAdultSlopeContact= 1.76528167314827
AIAdultLD50Contact= 0.0369421845767647
AILarvaSlope= 1.58924060463905
AILarvaLD50= 0.302566230227239
AIKOW= 5.22964421194047
AIKOC= 7.41850594757125
AIHalfLife= 4.95802167220972
EAppRate= 0.360832968424074
