ICQueenStrength= 1.73256419971585
RQWkrDrnRatio= 4.24873629212379
ICDroneMiteSurvivorship= 25.2236528322101
ICWorkerMiteSurvivorship= 26.1614906368777
ICForagerLifespan= 8.64286408293992
ImmType= Exponential
AIAdultSlope= 0.814601032203063
AIAdultLD50= 0.185810286551714
AIAdultSlopeContact= 0.444466652011033
AIAdultLD50Contact= 0.00226744607789442
AILarvaSlope= 1.93735222998075
AILarvaLD50= 0.593743558949791
AIKOW= 4.24876578850672
AIKOC= 15.4088699328713
AIHalfLife= 11.3969085533172
EAppRate= 0.896167038707063
