ICQueenStrength= 3.80740204383619
RQWkrDrnRatio= 4.67764924373478
ICDroneMiteSurvivorship= 10.07754674647
ICWorkerMiteSurvivorship= 62.8558398457244
ICForagerLifespan= 10.3686534017324
ImmType= Logarithmic
AIAdultSlopeContact= 1.1879230384226
AIAdultLD50Contact= 0.00937392595224083
AILarvaSlope= 0.107910543354228
AILarvaLD50= 0.111644609179348
AIKOW= 5.76445056172088
AIKOC= 16.0563702008221
AIHalfLife= 7.2259618411772
