ICQueenStrength= 5.52956017688848
RQWkrDrnRatio= 1.36687391623855
ICDroneMiteSurvivorship= 20.0995565159246
ICWorkerMiteSurvivorship= 30.8746528113261
ICForagerLifespan= 14.3510700203478
ImmType= Logarithmic
AIAdultSlope= 3.35386703489348
AIAdultSlopeContact= 1.8434832587745
AIAdultLD50Contact= 0.00340375727973878
AILarvaSlope= 3.0239349141717
AILarvaLD50= 0.515542308194563
AIKOW= 3.36715062335134
AIKOC= 10.675173655618
AIHalfLife= 12.2138544432819
