ICQueenStrength= 5.26721428404562
RQWkrDrnRatio= 2.27979320380837
ICDroneMiteSurvivorship= 9.6679842332378
ICWorkerMiteSurvivorship= 1.81735919322819
ICForagerLifespan= 6.2897024853155
ImmType= Sine
AIAdultSlope= 2.21690723104402
AIAdultLD50= 2.34696383262053
AIAdultSlopeContact= 1.49581566771492
AIAdultLD50Contact= 0.0423571998020634
AILarvaSlope= 2.09142678831704
AILarvaLD50= 0.659794015623629
AIKOW= 3.62175880139694
AIKOC= 16.1349834944122
AIHalfLife= 12.2083373875357
EAppRate= 0.911950024776161
