ICQueenStrength= 4.84775123093277
RQWkrDrnRatio= 2.37008268199861
ICDroneMiteSurvivorship= 34.6920951968059
ICWorkerMiteSurvivorship= 13.7034644139931
ICForagerLifespan= 9.25428137555718
ImmType= Cosine
AIAdultSlopeContact= 1.40924457872752
AIAdultLD50Contact= 0.0489976068027318
AILarvaSlope= 1.21370177632198
AILarvaLD50= 0.158558550802991
AIKOW= 3.91162917390466
AIKOC= 7.17430897755548
AIHalfLife= 13.7566033583134
