ICQueenStrength= 3.1549760713242
RQWkrDrnRatio= 1.55782936140895
ICDroneMiteSurvivorship= 57.8063683817163
ICWorkerMiteSurvivorship= 23.3003244735301
ICForagerLifespan= 15.7780210776255
ImmType= Polynomial
AIAdultSlope= 2.19427519943565
AIAdultLD50= 0.764291737461463
AIAdultSlopeContact= 2.47214037226513
AIAdultLD50Contact= 0.000289767328649759
AILarvaSlope= 5.45534941833466
AILarvaLD50= 0.932131321169436
AIKOW= 35.5417715152726
AIKOC= 46.3470791233703
AIHalfLife= 12.8547400091775
EAppRate= 0.422911417204887
