ICQueenStrength= 5.81711458531208
RQWkrDrnRatio= 3.03452638629824
ICDroneMiteSurvivorship= 67.7735725417733
ICWorkerMiteSurvivorship= 60.3925870032981
ICForagerLifespan= 10.2019525803626
ImmType= Sine
AIAdultSlope= 0.253987242642324
AIAdultLD50= 0.132475979044102
AIAdultSlopeContact= 0.0799527136282995
AIAdultLD50Contact= 0.0110475711990148
AILarvaSlope= 2.07545817052014
AILarvaLD50= 0.336377177014947
AIKOW= 5.35777540132403
AIKOC= 27.62409866089
AIHalfLife= 3.58423431054689
EAppRate= 0
