ICQueenStrength= 4.41826083255
RQWkrDrnRatio= 2.14849883690476
ICDroneMiteSurvivorship= 79.4198472285643
ICWorkerMiteSurvivorship= 54.9372345674783
ICForagerLifespan= 9.731515227817
ImmType= Cosine
AIAdultSlopeContact= 3.73188391935546
AIAdultLD50Contact= 0.00120255822548643
AILarvaSlope= 2.47824236257002
AILarvaLD50= 0.106006680848077
AIKOW= 2.86371801793575
AIKOC= 10.9202153352089
AIHalfLife= 5.28941416600719
