ICQueenStrength= 2.33725055959076
RQWkrDrnRatio= 3.3430497366935
ICDroneMiteSurvivorship= 36.1418435582891
ICWorkerMiteSurvivorship= 89.2853884026408
ICForagerLifespan= 10.1611890327185
ImmType= Logarithmic
AIAdultSlope= 3.75266844306607
AIAdultLD50= 0.499515027855523
AIAdultSlopeContact= 1.30106159545016
AIAdultLD50Contact= 0.00642246276838705
AILarvaSlope= 3.30427778633311
AILarvaLD50= 0.677625497686677
AIKOW= 3.94309494178742
AIKOC= 29.7996888996568
AIHalfLife= 2.62943207402714
EAppRate= 0
