ICQueenStrength= 2.94712313823402
RQWkrDrnRatio= 1.22634243220091
ICDroneMiteSurvivorship= 82.2085619904101
ICWorkerMiteSurvivorship= 59.154661372304
ICForagerLifespan= 11.505452520214
ImmType= Cosine
AIAdultSlope= 3.12666801842861
AIAdultSlopeContact= 0.279519521584734
AIAdultLD50Contact= 0.0499743079184555
AILarvaSlope= 2.90978595186025
AILarvaLD50= 0.52338828840293
AIKOW= 2.51921094581485
AIKOC= 15.2941258111969
AIHalfLife= 5.47638467373326
