ICQueenStrength= 3.28565179160796
RQWkrDrnRatio= 1.07108785770833
ICDroneMiteSurvivorship= 6.35166249703616
ICWorkerMiteSurvivorship= 87.041330547072
ICForagerLifespan= 15.5089457277209
ImmType= Cosine
AIAdultSlope= 2.40605777688324
AIAdultLD50= 1.30830913432874
AIAdultSlopeContact= 3.84434870088939
AIAdultLD50Contact= 0.0371261598775163
AILarvaSlope= 2.32111826837063
AILarvaLD50= 0.190133001725189
AIKOW= 7.24469316843897
AIKOC= 17.6931734906975
AIHalfLife= 12.2852122858167
EAppRate= 0.424048363696784
