ICQueenStrength= 3.78377751004882
RQWkrDrnRatio= 3.90678635146469
ICDroneMiteSurvivorship= 36.1068874597549
ICWorkerMiteSurvivorship= 5.47315033618361
ICForagerLifespan= 12.170832818374
ImmType= Cosine
AIAdultSlope= 1.09050336032175
AIAdultLD50= 0.0462474181549624
AIAdultSlopeContact= 0.123972957772203
AIAdultLD50Contact= 0.0215557827265002
AILarvaSlope= 2.54480185122229
AILarvaLD50= 0.372899903962389
AIKOW= 3.93055708706379
AIKOC= 15.4584748973139
AIHalfLife= 2.51552721252665
EAppRate= 0.584550519334152
