ICQueenStrength= 4.77562021836638
RQWkrDrnRatio= 1.46841035410762
ICDroneMiteSurvivorship= 36.5660161245614
ICWorkerMiteSurvivorship= 6.30633840337396
ICForagerLifespan= 12.719595650211
ImmType= Polynomial
AIAdultSlope= 5.93328607268631
AIAdultLD50= 0.682879533153027
AIAdultSlopeContact= 2.97644667793065
AIAdultLD50Contact= 0.172055307542905
AILarvaSlope= 5.23234127787873
AILarvaLD50= 0.0497980434447527
AIKOW= 29.4220485957339
AIKOC= 0.344889517873526
AIHalfLife= 1.12412682175636
EAppRate= 1.37926855217665
