ICQueenStrength= 1.92505443491973
RQWkrDrnRatio= 2.11150605604053
ICDroneMiteSurvivorship= 62.9509195452556
ICWorkerMiteSurvivorship= 42.6784905605018
ICForagerLifespan= 10.5984533661976
ImmType= Logarithmic
AIAdultSlopeContact= 1.76487560726702
AIAdultLD50Contact= 0.0135084505309351
AILarvaSlope= 2.89731376473792
AILarvaLD50= 0.0950658716959879
AIKOW= 5.89974799891934
AIKOC= 21.5658306796104
AIHalfLife= 6.68338683620095
