ICQueenStrength= 1.98314783303067
RQWkrDrnRatio= 4.60059100203216
ICDroneMiteSurvivorship= 78.0617056181654
ICWorkerMiteSurvivorship= 35.9497922239825
ICForagerLifespan= 13.3982752151787
ImmType= Tangent
AIAdultSlope= 1.7506737967534
AIAdultLD50= 0.214736160938628
AIAdultSlopeContact= 1.74249591780826
AIAdultLD50Contact= 0.00435664260294288
AILarvaSlope= 1.67417752295733
AILarvaLD50= 0.424413419561461
AIKOW= 3.13085119146854
AIKOC= 17.6930603466462
AIHalfLife= 2.26468201493844
EAppRate= 0.395827613538131
