ICQueenStrength= 5.41269508330151
RQWkrDrnRatio= 1.93917972967029
ICDroneMiteSurvivorship= 71.150637883693
ICWorkerMiteSurvivorship= 83.1876648124307
ICForagerLifespan= 14.6196451187134
ImmType= Sine
AIAdultSlope= 2.05542161060963
AIAdultLD50= 0.154578801360913
AIAdultSlopeContact= 2.00730962244328
AIAdultLD50Contact= 0.00667830903548747
AILarvaSlope= 0.774630418093875
AILarvaLD50= 0.338726905058138
AIKOW= 3.6488687414676
AIKOC= 12.1897835470736
AIHalfLife= 2.69775721826591
EAppRate= 0.565525820432231
