ICQueenStrength= 3.08160740556195
RQWkrDrnRatio= 2.64353612624109
ICDroneMiteSurvivorship= 54.13887524046
ICWorkerMiteSurvivorship= 59.6967906923965
ICForagerLifespan= 10.3026650361717
ImmType= Logarithmic
AIAdultSlope= 3.82656103956979
AIAdultLD50= 0.432214406435378
AIAdultSlopeContact= 2.8489941329998
AIAdultLD50Contact= 0.0272405003546737
AILarvaSlope= 1.92331990515813
AILarvaLD50= 0.348553348984569
AIKOW= 5.19887057412416
AIKOC= 18.1944403983653
AIHalfLife= 0.68853767006658
EAppRate= 0
