ICQueenStrength= 1.2311977581121
RQWkrDrnRatio= 2.2948136376217
ICDroneMiteSurvivorship= 92.7102243760601
ICWorkerMiteSurvivorship= 85.3572428924963
ICForagerLifespan= 8.25787088740617
ImmType= Polynomial
AIAdultSlope= 2.52957372856094
AIAdultLD50= 0.283832999295555
AIAdultSlopeContact= 0.201260290334467
AIAdultLD50Contact= 0.049419994011987
AILarvaSlope= 3.30633799144998
AILarvaLD50= 0.702596313343383
AIKOW= 4.02872160077095
AIKOC= 22.9630704864394
AIHalfLife= 3.82880600402132
EAppRate= 0.295642037899233
