ICQueenStrength= 5.58001789520495
RQWkrDrnRatio= 2.98321311827749
ICDroneMiteSurvivorship= 19.2550494801253
ICWorkerMiteSurvivorship= 0.506857922300696
ICForagerLifespan= 9.38228158093989
ImmType= Exponential
AIAdultSlope= 2.09487298405264
AIAdultLD50= 0.305211513652466
AIAdultSlopeContact= 1.16974659054307
AIAdultLD50Contact= 0.0421284943586215
AILarvaSlope= 1.57712208749726
AILarvaLD50= 0.386923842178658
AIKOW= 7.02379605919123
AIKOC= 18.8005126325879
AIHalfLife= 4.54831979237497
EAppRate= 0.625359093840234
