ICQueenStrength= 3.41180276731029
RQWkrDrnRatio= 4.51399024296552
ICDroneMiteSurvivorship= 77.6996377389878
ICWorkerMiteSurvivorship= 79.247871786356
ICForagerLifespan= 14.046123592183
ImmType= Logarithmic
AIAdultSlope= 2.32812548028305
AIAdultSlopeContact= 2.9259554569982
AIAdultLD50Contact= 0.0265931551228277
AILarvaSlope= 2.19571313285269
AILarvaLD50= 0.644612332060933
AIKOW= 2.54366205818951
AIKOC= 23.2676022755913
AIHalfLife= 5.44179442944005
