ICQueenStrength= 2.3626100262627
RQWkrDrnRatio= 3.7650959789753
ICDroneMiteSurvivorship= 56.8479616427794
ICWorkerMiteSurvivorship= 34.4099192647263
ICForagerLifespan= 8.22175099793822
ImmType= Sine
AIAdultSlopeContact= 3.4872828470543
AIAdultLD50Contact= 0.199708389956504
AILarvaSlope= 4.37460882822052
AILarvaLD50= 0.978433218318969
AIKOW= 7.69846141338348
AIKOC= 43.3243602514267
AIHalfLife= 12.3547702850774
