ICQueenStrength= 1.4120630165562
RQWkrDrnRatio= 2.93221830669791
ICDroneMiteSurvivorship= 52.2206305759028
ICWorkerMiteSurvivorship= 45.5503028351814
ICForagerLifespan= 13.6195745943114
ImmType= Exponential
AIAdultSlope= 4.32341994019225
AIAdultLD50= 0.864291551755741
AIAdultSlopeContact= 4.15605110116303
AIAdultLD50Contact= 0.119387600198388
AILarvaSlope= 0.534806861542165
AILarvaLD50= 0.371131530031562
AIKOW= 46.505288220942
AIKOC= 38.206332270056
AIHalfLife= 6.80925636086613
EAppRate= 1.39021603390574
