ICQueenStrength= 3.2453973966185
RQWkrDrnRatio= 3.46247368771583
ICDroneMiteSurvivorship= 11.9616198120639
ICWorkerMiteSurvivorship= 99.2122919298708
ICForagerLifespan= 13.1676215734333
ImmType= Polynomial
AIAdultLD50= 0.154012839635834
AIAdultSlopeContact= 0.696750882295892
AIAdultLD50Contact= 0.012990644085221
AILarvaSlope= 3.19467546055093
AILarvaLD50= 0.566858609137125
AIKOW= 3.12284124502912
AIKOC= 10.904550064588
AIHalfLife= 1.79394173528999
EAppRate= 1.5036849277094
