ICQueenStrength= 5.32510471902788
RQWkrDrnRatio= 2.6634976901114
ICDroneMiteSurvivorship= 0.148352351970971
ICWorkerMiteSurvivorship= 66.7547776596621
ICForagerLifespan= 6.19051791913807
ImmType= Polynomial
AIAdultSlope= 4.18805002002046
