ICQueenStrength= 3.17788352281787
RQWkrDrnRatio= 1.09984586108476
ICDroneMiteSurvivorship= 15.6718507409096
ICWorkerMiteSurvivorship= 43.7298064120114
ICForagerLifespan= 12.5710561973974
ImmType= Tangent
AIAdultSlopeContact= 2.49341090350645
AIAdultLD50Contact= 0.0262558165821247
AILarvaSlope= 2.79145535589196
AILarvaLD50= 0.0701230664737523
AIKOW= 7.10106920590624
AIKOC= 14.037842619
AIHalfLife= 8.82427476067096
