ICQueenStrength= 1.26418763562106
RQWkrDrnRatio= 2.48113734368235
ICDroneMiteSurvivorship= 38.341411948204
ICWorkerMiteSurvivorship= 61.0368990805
ICForagerLifespan= 8.62004231475294
ImmType= Exponential
AIAdultSlope= 0.973204512961675
AIAdultLD50= 0.0583726180484518
AIAdultSlopeContact= 2.11588403944625
AIAdultLD50Contact= 0.0178579168394208
AILarvaSlope= 1.76439406638965
AILarvaLD50= 0.441803089203313
AIKOW= 3.54393292404711
AIKOC= 17.1664493519347
AIHalfLife= 3.62776193185709
EAppRate= 0.17892528437078
