ICQueenStrength= 2.98156086378731
RQWkrDrnRatio= 1.15547910705209
ICDroneMiteSurvivorship= 47.5961478892714
ICWorkerMiteSurvivorship= 99.7385496739298
ICForagerLifespan= 12.1884877523407
ImmType= Cosine
AIAdultSlope= 1.43532496187836
AIAdultLD50= 0.00284460978582501
AIAdultSlopeContact= 0.907782769754995
AIAdultLD50Contact= 0.0491622047498822
AILarvaSlope= 3.10666746785864
AILarvaLD50= 0.0633212360786274
AIKOW= 3.14630819484591
AIKOC= 28.230214061914
AIHalfLife= 2.91430741315708
EAppRate= 0
