ICQueenStrength= 3.60829900274985
RQWkrDrnRatio= 3.97987209819257
ICDroneMiteSurvivorship= 4.18252083472908
ICWorkerMiteSurvivorship= 16.5959447156638
ICForagerLifespan= 6.46104860771447
ImmType= Logarithmic
AIAdultSlope= 2.2332030239515
AIAdultLD50= 2.97166190156713
AIAdultSlopeContact= 0.123245284594595
AIAdultLD50Contact= 0.0440433164942078
AILarvaSlope= 1.97971531683579
AILarvaLD50= 0.273187917564064
AIKOW= 2.77461536275223
AIKOC= 9.4628549774643
AIHalfLife= 2.4142163801007
EAppRate= 0.424480736022815
