ICQueenStrength= 4.46859061857685
RQWkrDrnRatio= 1.00349600519985
ICDroneMiteSurvivorship= 23.221052903682
ICWorkerMiteSurvivorship= 36.8743169587106
ICForagerLifespan= 8.93769649043679
ImmType= Exponential
AIAdultSlope= 1.82458330057561
AIAdultLD50= 1.44271232234314
AIAdultSlopeContact= 1.99922438697657
AIAdultLD50Contact= 0.0229077442316338
AILarvaSlope= 0.791796866199002
AILarvaLD50= 0.298649865598418
AIKOW= 6.83730771858245
AIKOC= 6.17786694318056
AIHalfLife= 5.66175992880017
EAppRate= 0.652229895116761
