ICQueenStrength= 2.49407788645476
RQWkrDrnRatio= 2.1557954987511
ICDroneMiteSurvivorship= 92.3319939756766
ICWorkerMiteSurvivorship= 27.6424029376358
ICForagerLifespan= 7.63206166867167
ImmType= Cosine
AIAdultSlope= 0.203608831381425
AIAdultLD50= 0.38769207696896
AIAdultSlopeContact= 1.01025199186988
AIAdultLD50Contact= 0.0414534741197713
AILarvaSlope= 1.09982656002976
AILarvaLD50= 0.822414045478217
AIKOW= 2.87977684335783
AIKOC= 25.3732719935942
AIHalfLife= 3.41290137497708
EAppRate= 0
