ICQueenStrength= 2.09373848186806
RQWkrDrnRatio= 2.63146611955017
ICDroneMiteSurvivorship= 79.5039304764941
ICWorkerMiteSurvivorship= 91.9463100843132
ICForagerLifespan= 15.2337937271222
ImmType= Cosine
AIAdultSlope= 3.73698916731169
AIAdultLD50= 0.401004128740169
AIAdultSlopeContact= 1.68624570328044
AIAdultLD50Contact= 0.0226706230430864
AILarvaSlope= 2.7389265589416
AILarvaLD50= 0.340479418099858
AIKOW= 7.61897295480594
AIKOC= 12.2307365306187
AIHalfLife= 2.9327321134042
EAppRate= 0.346355761005543
