ICQueenStrength= 1.39900212781504
RQWkrDrnRatio= 2.60479781404138
ICDroneMiteSurvivorship= 8.96200139541179
ICWorkerMiteSurvivorship= 38.9311084058136
ICForagerLifespan= 6.84856827650219
ImmType= Logarithmic
AIAdultSlope= 0.316873719263822
AIAdultLD50= 1.79243383579887
AIAdultSlopeContact= 0.958201239870396
AIAdultLD50Contact= 0.00272685423260555
AILarvaSlope= 0.37104782871902
AILarvaLD50= 0.572496137022972
AIKOW= 6.4670708887279
AIKOC= 13.4840684372466
AIHalfLife= 7.41991914529353
EAppRate= 0.439561349572614
