ICQueenStrength= 4.35559870814905
RQWkrDrnRatio= 4.71647989284247
ICDroneMiteSurvivorship= 99.7256291797385
ICWorkerMiteSurvivorship= 0.811622501350939
ICForagerLifespan= 9.07549191638827
ImmType= Sine
AIAdultSlope= 3.04153681336902
AIAdultLD50= 1.99930447270162
AIAdultSlopeContact= 3.46568848025054
AIAdultLD50Contact= 0.0456081749056466
AILarvaSlope= 2.80473544378765
AILarvaLD50= 0.191402097512037
AIKOW= 2.00492295855656
AIKOC= 27.5412691419479
AIHalfLife= 0.084783221129328
EAppRate= 0.972830097656697
