ICQueenStrength= 4.09241898125038
RQWkrDrnRatio= 2.25753404572606
ICDroneMiteSurvivorship= 35.5165682733059
ICWorkerMiteSurvivorship= 82.4617399834096
ICForagerLifespan= 15.7134298412129
ImmType= Cosine
AIAdultSlopeContact= 1.40112208621111
AIAdultLD50Contact= 0.0122505011968315
AILarvaSlope= 0.0216022524982691
AILarvaLD50= 0.0197753013577312
AIKOW= 6.79754752246663
AIKOC= 15.0759634631686
AIHalfLife= 9.24355671042576
