ICQueenStrength= 1.30929914442822
RQWkrDrnRatio= 3.78678317833692
ICDroneMiteSurvivorship= 16.2813969422132
ICWorkerMiteSurvivorship= 29.8143284628168
ICForagerLifespan= 9.36918008234352
ImmType= Cosine
AIAdultSlope= 3.61335099044256
AIAdultLD50= 0.0455649143550545
AIAdultSlopeContact= 1.7836298326822
AIAdultLD50Contact= 0.00286558466032147
AILarvaSlope= 0.507401872472838
AILarvaLD50= 0.514661085396074
AIKOW= 4.83479069778696
AIKOC= 12.2213111852761
AIHalfLife= 2.6183762634173
EAppRate= 0.675309897353873
