ICQueenStrength= 5.30295163649134
RQWkrDrnRatio= 3.81553390156478
ICDroneMiteSurvivorship= 33.0649501876906
ICWorkerMiteSurvivorship= 44.9400471756235
ICForagerLifespan= 5.4116000905633
ImmType= Sine
AIAdultSlope= 1.43243041713722
AIAdultLD50= 1.91087887133472
AIAdultSlopeContact= 0.328810246051289
AIAdultLD50Contact= 0.0398590688710101
AILarvaSlope= 3.1853221452795
AILarvaLD50= 0.151349535933696
AIKOW= 4.21227970067412
AIKOC= 9.09014205797575
AIHalfLife= 0.842001259792596
EAppRate= 0.895312978187576
