ICQueenStrength= 3.19499588012695
RQWkrDrnRatio= 2.73588518425822
ICDroneMiteSurvivorship= 82.0773267652839
ICWorkerMiteSurvivorship= 90.9817091189325
ICForagerLifespan= 7.68692554719746
ImmType= Tangent
AIAdultSlopeContact= 1.82781929137884
AIAdultLD50Contact= 0.0172522747190669
AILarvaSlope= 1.98581837993115
AILarvaLD50= 0.763500478235073
AIKOW= 6.26649847393855
AIKOC= 27.7302395971492
AIHalfLife= 4.29718513227999
