ICQueenStrength= 2.6237395524513
RQWkrDrnRatio= 4.37768172752112
ICDroneMiteSurvivorship= 52.0759819308296
ICWorkerMiteSurvivorship= 97.6158380974084
ICForagerLifespan= 15.866395114921
ImmType= Exponential
AIAdultSlope= 3.05968946609646
AIAdultLD50= 1.68674176256172
AIAdultSlopeContact= 0.826692907686811
AIAdultLD50Contact= 0.0378567584673874
AILarvaSlope= 1.44586007371545
AILarvaLD50= 0.38560230480507
AIKOW= 4.95876360265538
AIKOC= 7.51206914545037
AIHalfLife= 2.20698605896905
EAppRate= 0.153308583656326
