ICQueenStrength= 3.17579627060331
RQWkrDrnRatio= 4.00591649767011
ICDroneMiteSurvivorship= 36.8035850580782
ICWorkerMiteSurvivorship= 29.2468884261325
ICForagerLifespan= 11.0460862983018
ImmType= Cosine
AIAdultSlopeContact= 3.67486498914426
AIAdultLD50Contact= 0.00873510657111183
AILarvaSlope= 0.0676180809736252
AILarvaLD50= 0.380257235560566
AIKOW= 2.17878620838746
AIKOC= 20.0609343254473
AIHalfLife= 7.39963286370039
