ICQueenStrength= 1.4786356841214
RQWkrDrnRatio= 1.76294174976647
ICDroneMiteSurvivorship= 66.0719323903322
ICWorkerMiteSurvivorship= 99.8683091718704
ICForagerLifespan= 6.26921921782196
ImmType= Sine
AIAdultSlope= 1.45718326582573
AIAdultLD50= 1.75750384829007
AIAdultSlopeContact= 1.65769180779113
AIAdultLD50Contact= 0.0427679475746118
AILarvaSlope= 2.1346110063605
AILarvaLD50= 0.640184144745581
AIKOW= 4.08179954858497
AIKOC= 27.3084953031503
AIHalfLife= 13.8349468042143
EAppRate= 0.994918540818617
