ICQueenStrength= 1.0415778439492
RQWkrDrnRatio= 2.29378075432032
ICDroneMiteSurvivorship= 48.3375313458964
ICWorkerMiteSurvivorship= 18.3172860415652
ICForagerLifespan= 5.48178061470389
ImmType= Tangent
AIAdultSlope= 4.05665187397972
