ICQueenStrength= 3.31284508714452
RQWkrDrnRatio= 2.13477359060198
ICDroneMiteSurvivorship= 54.3852338334545
ICWorkerMiteSurvivorship= 51.1130652623251
ICForagerLifespan= 14.050035786815
ImmType= Exponential
AIAdultSlope= 3.19061978023499
AIAdultLD50= 0.298048016265966
AIAdultSlopeContact= 0.427585347094573
AIAdultLD50Contact= 0.0498442863463424
AILarvaSlope= 2.48795021227561
AILarvaLD50= 0.219675932242535
AIKOW= 6.37966540828347
AIKOC= 26.2565814261325
AIHalfLife= 3.99525723303668
EAppRate= 0
