ICQueenStrength= 1.7886136113666
RQWkrDrnRatio= 1.42750494647771
ICDroneMiteSurvivorship= 18.6341215390712
ICWorkerMiteSurvivorship= 22.4126380868256
ICForagerLifespan= 7.18727124948055
ImmType= Logarithmic
AIAdultSlope= 3.25723327784799
AIAdultLD50= 2.63100912747905
AIAdultSlopeContact= 2.84424571346026
AIAdultLD50Contact= 0.0390883820131421
AILarvaSlope= 1.48125562723726
AILarvaLD50= 0.0488252359908074
AIKOW= 6.82662830362096
AIKOC= 24.1335978743155
AIHalfLife= 2.95473875757307
EAppRate= 0.989392903400585
