ICQueenStrength= 3.52700889948756
RQWkrDrnRatio= 2.61637663468719
