ICQueenStrength= 4.21491435053758
RQWkrDrnRatio= 1.65567766316235
ICDroneMiteSurvivorship= 54.4841585215181
ICWorkerMiteSurvivorship= 4.08829960506409
ICForagerLifespan= 10.6236314298585
ImmType= Logarithmic
AIAdultSlope= 3.05978337568231
AIAdultLD50= 2.62985859601758
AIAdultSlopeContact= 3.14912430718308
AIAdultLD50Contact= 0.0290281642461196
AILarvaSlope= 2.31518093734048
AILarvaLD50= 0.155331249022856
AIKOW= 7.25769456615672
AIKOC= 10.2838759671431
AIHalfLife= 4.47781743481755
EAppRate= 0.716052126372233
