ICQueenStrength= 1.01968082389794
RQWkrDrnRatio= 1.98671809397638
ICDroneMiteSurvivorship= 28.280072635971
ICWorkerMiteSurvivorship= 85.5380457360297
ICForagerLifespan= 6.31483792699873
ImmType= Tangent
AIAdultSlope= 2.96535722239176
AIAdultLD50= 0.361010925960727
AIAdultSlopeContact= 1.20361540726153
AIAdultLD50Contact= 0.00221369725186378
AILarvaSlope= 1.59538602279499
AILarvaLD50= 0.481527789495885
AIKOW= 4.02578259818256
AIKOC= 22.2875493532047
AIHalfLife= 2.20739079755731
EAppRate= 0
