ICQueenStrength= 4.93077977700159
RQWkrDrnRatio= 3.74067847523838
ICDroneMiteSurvivorship= 13.6943736579269
ICWorkerMiteSurvivorship= 18.0316186510026
ICForagerLifespan= 10.9186426121742
ImmType= Cosine
AIAdultSlope= 2.04027407476678
AIAdultLD50= 0.0739321102155373
AIAdultSlopeContact= 1.75856530690799
AIAdultLD50Contact= 0.0352207268821076
AILarvaSlope= 0.142784635815769
AILarvaLD50= 0.326334409159608
AIKOW= 4.96889999462292
AIKOC= 7.68686729250476
AIHalfLife= 0.417753336951137
EAppRate= 0.36722196189221
