ICQueenStrength= 5.14383759605698
RQWkrDrnRatio= 3.52329494338483
ICDroneMiteSurvivorship= 66.0125823924318
ICWorkerMiteSurvivorship= 65.6809636158869
ICForagerLifespan= 5.78992773126811
ImmType= Polynomial
AIAdultSlope= 3.92999249954475
AIAdultLD50= 0.379885989124887
AIAdultSlopeContact= 0.792988239945844
AIAdultLD50Contact= 0.0328284900751896
AILarvaSlope= 0.410818184865639
AILarvaLD50= 0.747608148213476
AIKOW= 2.63992629107088
AIKOC= 5.80211533349939
AIHalfLife= 1.06233778060414
EAppRate= 0.496763815567829
