ICQueenStrength= 5.90976397530176
RQWkrDrnRatio= 2.44891277235001
ICDroneMiteSurvivorship= 30.3783070063218
ICWorkerMiteSurvivorship= 7.6153639703989
ICForagerLifespan= 8.01985821686685
ImmType= Sine
AIAdultSlopeContact= 0.955699146743864
AIAdultLD50Contact= 0.015667987044435
AILarvaSlope= 2.52542018927634
AILarvaLD50= 0.83258650128264
AIKOW= 4.40771050099283
AIKOC= 10.2975133585278
AIHalfLife= 6.49474159954116
