ICQueenStrength= 3.60451634647325
RQWkrDrnRatio= 2.85465722344816
ICDroneMiteSurvivorship= 55.6586155900732
ICWorkerMiteSurvivorship= 54.0074654156342
ICForagerLifespan= 7.86320909392089
ImmType= Logarithmic
AIAdultSlope= 0.557686741375364
AIAdultLD50= 0.397838916047476
AIAdultSlopeContact= 1.74234494518256
AIAdultLD50Contact= 0.00914798666490242
AILarvaSlope= 1.52494154423475
AILarvaLD50= 0.86738747425843
AIKOW= 6.88573978981003
AIKOC= 25.7950158161111
AIHalfLife= 4.52711216174066
EAppRate= 0.565824811533093
