ICQueenStrength= 2.64703390654176
RQWkrDrnRatio= 3.02239583805203
