ICQueenStrength= 5.25617735134438
RQWkrDrnRatio= 2.65837491955608
ICDroneMiteSurvivorship= 24.6324310079217
ICWorkerMiteSurvivorship= 71.2861904175952
ICForagerLifespan= 7.96980213373899
ImmType= Exponential
AIAdultSlope= 1.49707759348676
AIAdultLD50= 2.80878844019026
AIAdultSlopeContact= 0.414318591810297
AIAdultLD50Contact= 0.00902995105134323
AILarvaSlope= 2.07299437955953
AILarvaLD50= 0.571461709798314
AIKOW= 2.72710303636268
AIKOC= 10.4307910322677
AIHalfLife= 11.5209839162417
EAppRate= 0.079379363451153
