ICQueenStrength= 3.88630401249975
RQWkrDrnRatio= 4.58144361898303
ICDroneMiteSurvivorship= 60.9187795780599
ICWorkerMiteSurvivorship= 92.6604855572805
ICForagerLifespan= 15.2129161860794
ImmType= Exponential
AIAdultSlope= 4.88562507787719
