ICQueenStrength= 4.84230384137481
RQWkrDrnRatio= 3.72235423605889
