ICQueenStrength= 4.70201256708242
RQWkrDrnRatio= 2.24935932550579
ICDroneMiteSurvivorship= 87.6148496987298
ICWorkerMiteSurvivorship= 42.0568451983854
ICForagerLifespan= 12.6303872782737
ImmType= Exponential
AIAdultSlope= 3.92948647364974
AIAdultLD50= 0.387003827723674
AIAdultSlopeContact= 1.5661089643836
AIAdultLD50Contact= 0.0214241681620479
AILarvaSlope= 3.33441859390587
AILarvaLD50= 0.856052698893473
AIKOW= 3.19908265210688
AIKOC= 13.6686604772694
AIHalfLife= 4.54034031834453
EAppRate= 0.666747289220802
