ICQueenStrength= 5.79629163513891
RQWkrDrnRatio= 4.08084641676396
ICDroneMiteSurvivorship= 26.2266133446246
ICWorkerMiteSurvivorship= 35.5630866251886
ICForagerLifespan= 14.6165052941069
ImmType= Cosine
AIAdultLD50= 0.154012839635834
AIAdultSlopeContact= 3.10992903901264
AIAdultLD50Contact= 0.0121525144204497
AILarvaSlope= 2.18851432413794
AILarvaLD50= 0.072680879663676
AIKOW= 6.29436016455293
AIKOC= 24.6475607401226
AIHalfLife= 11.9084104080684
EAppRate= 1.74695636332035
