ICQueenStrength= 3.24506082362495
RQWkrDrnRatio= 2.11906859278679
ICDroneMiteSurvivorship= 89.9937860900536
ICWorkerMiteSurvivorship= 9.26135363988578
ICForagerLifespan= 9.51966016646475
ImmType= Polynomial
AIAdultSlope= 0.864516657125205
AIAdultLD50= 2.41787278745323
AIAdultSlopeContact= 1.96144302187487
AIAdultLD50Contact= 0.000275453936774284
AILarvaSlope= 1.7428311006166
AILarvaLD50= 0.760931473737583
AIKOW= 7.7667264197953
AIKOC= 5.30420075636357
AIHalfLife= 1.5613270108588
EAppRate= 0.252543989336118
