ICQueenStrength= 2.20313794002868
RQWkrDrnRatio= 1.46452786121517
ICDroneMiteSurvivorship= 15.3319937875494
ICWorkerMiteSurvivorship= 4.52303527854383
ICForagerLifespan= 4.01935818139464
ImmType= Cosine
AIAdultSlopeContact= 8.19172777934
AIAdultLD50Contact= 0.176012937584892
AILarvaSlope= 2.80657251831144
AILarvaLD50= 1.96140215545893
AIKOW= 37.3506713658571
AIKOC= 1.68042576406151
AIHalfLife= 10.3793863956816
