ICQueenStrength= 2.17523804772645
RQWkrDrnRatio= 1.01062827929854
ICDroneMiteSurvivorship= 42.9056487279013
ICWorkerMiteSurvivorship= 38.265793514438
ICForagerLifespan= 12.5744523825124
ImmType= Cosine
AIAdultSlope= 2.35340119595639
AIAdultLD50= 2.20117731043138
AIAdultSlopeContact= 0.800245930063538
AIAdultLD50Contact= 0.0427513640956022
AILarvaSlope= 0.802046993514523
AILarvaLD50= 0.523852397315204
AIKOW= 4.93467012792826
AIKOC= 6.14889148971997
AIHalfLife= 1.18382590031251
EAppRate= 0.112655295757577
