ICQueenStrength= 3.3522645002231
RQWkrDrnRatio= 4.52101789601147
