ICQueenStrength= 3.97435785527341
RQWkrDrnRatio= 2.3559718132019
ICDroneMiteSurvivorship= 97.1772105433047
ICWorkerMiteSurvivorship= 42.2680201940238
ICForagerLifespan= 15.8833782421425
ImmType= Exponential
AIAdultSlope= 3.35154646220617
AIAdultLD50= 2.23878393578343
AIAdultSlopeContact= 2.82041348677129
AIAdultLD50Contact= 0.0337701738113537
AILarvaSlope= 2.48631737735122
AILarvaLD50= 0.231799182132818
AIKOW= 3.88924968522042
AIKOC= 8.46859782002866
AIHalfLife= 9.93238443695009
EAppRate= 0.300660143140703
