ICQueenStrength= 3.93152901460417
RQWkrDrnRatio= 1.08737507183105
ICDroneMiteSurvivorship= 9.424396767281
ICWorkerMiteSurvivorship= 73.9084170199931
ICForagerLifespan= 12.7957558631897
ImmType= Sine
AIAdultSlopeContact= 3.47516740864143
AIAdultLD50Contact= 0.0293455409468152
AILarvaSlope= 0.830581913841888
AILarvaLD50= 0.344971542363055
AIKOW= 2.10965899610892
AIKOC= 13.0492633511312
AIHalfLife= 10.3388410764746
