ICQueenStrength= 1.65802903030999
RQWkrDrnRatio= 4.17906350176781
ICDroneMiteSurvivorship= 82.6350045157596
ICWorkerMiteSurvivorship= 95.6255306024104
ICForagerLifespan= 5.88986237719655
ImmType= Cosine
AIAdultSlope= 0.560375321055762
AIAdultLD50= 0.331426686723717
AIAdultSlopeContact= 1.20393801010447
AIAdultLD50Contact= 0.000748489494435489
AILarvaSlope= 3.26045482018962
AILarvaLD50= 0.535164855024777
AIKOW= 5.95041774911806
AIKOC= 18.8703013013583
AIHalfLife= 1.37185539701022
EAppRate= 0
