ICQueenStrength= 5.60816899430938
RQWkrDrnRatio= 3.49501845333725
ICDroneMiteSurvivorship= 0.868634274229407
ICWorkerMiteSurvivorship= 4.10814203787595
ICForagerLifespan= 7.94583283551037
ImmType= Cosine
AIAdultSlope= 3.17336914858315
AIAdultLD50= 0.244108399376273
AIAdultSlopeContact= 0.298136981043499
AIAdultLD50Contact= 0.0106159848743118
AILarvaSlope= 0.927590729761869
AILarvaLD50= 0.394575315504335
AIKOW= 2.18153582746163
AIKOC= 14.7293709521182
AIHalfLife= 3.12933394801803
EAppRate= 0
