ICQueenStrength= 4.50487834308296
RQWkrDrnRatio= 3.87139934580773
ICDroneMiteSurvivorship= 7.54547519609332
ICWorkerMiteSurvivorship= 21.2397205177695
ICForagerLifespan= 9.41818258259445
ImmType= Cosine
AIAdultSlopeContact= 7.85708474228159
AIAdultLD50Contact= 0.0596556305885315
AILarvaSlope= 8.14472444821149
AILarvaLD50= 1.23945811204612
AIKOW= 50.0830004690215
AIKOC= 32.0222474401817
AIHalfLife= 7.38232240499929
