ICQueenStrength= 1.60672472347505
RQWkrDrnRatio= 2.181545346044
ICDroneMiteSurvivorship= 82.4379232013598
ICWorkerMiteSurvivorship= 70.6891938811168
ICForagerLifespan= 5.56518773455173
ImmType= Polynomial
AIAdultSlope= 1.90379669605754
AIAdultLD50= 1.84722679504193
AIAdultSlopeContact= 2.8313434581575
AIAdultLD50Contact= 0.0196933504776098
AILarvaSlope= 1.6996645571664
AILarvaLD50= 0.127088818140328
AIKOW= 7.01462027104571
AIKOC= 15.8064466330688
AIHalfLife= 3.85743068158627
EAppRate= 0.476900724461302
