ICQueenStrength= 5.26734010688961
RQWkrDrnRatio= 3.30202491208911
ICDroneMiteSurvivorship= 39.6393871866167
ICWorkerMiteSurvivorship= 92.2767572570592
ICForagerLifespan= 11.9445902453735
ImmType= Sine
AIAdultSlope= 0.0110578753054142
AIAdultLD50= 1.08190064434893
AIAdultSlopeContact= 1.49320096527692
AIAdultLD50Contact= 0.0483022518572398
AILarvaSlope= 2.65427224175073
AILarvaLD50= 0.823118514893577
AIKOW= 5.71476763114333
AIKOC= 26.3195999443997
AIHalfLife= 12.2871777541004
EAppRate= 0.0212000664323568
