ICQueenStrength= 4.41846637427807
RQWkrDrnRatio= 3.01960304472595
ICDroneMiteSurvivorship= 16.3115400355309
ICWorkerMiteSurvivorship= 53.1650435179472
ICForagerLifespan= 10.5837378483266
ImmType= Cosine
AIAdultLD50= 0.154012839635834
AIAdultSlopeContact= 3.06744863000466
AIAdultLD50Contact= 0.00442907607648522
AILarvaSlope= 2.75949592790566
AILarvaLD50= 0.397532742423937
AIKOW= 4.44201721157879
AIKOC= 25.3599659493193
AIHalfLife= 3.49426268460229
EAppRate= 1.15465282276273
