ICQueenStrength= 4.90374868991785
RQWkrDrnRatio= 4.07999486941844
ICDroneMiteSurvivorship= 99.4453941704705
ICWorkerMiteSurvivorship= 55.9081144398078
ICForagerLifespan= 14.1575919184834
ImmType= Logarithmic
AIAdultSlopeContact= 0.671828931053169
AIAdultLD50Contact= 0.0320639572106302
AILarvaSlope= 1.50713112410158
AILarvaLD50= 0.287141502066515
AIKOW= 7.95565323205665
AIKOC= 21.9039240921848
AIHalfLife= 13.0381633006036
