ICQueenStrength= 5.6592560573481
RQWkrDrnRatio= 4.94544647913426
ICDroneMiteSurvivorship= 25.4710025386885
ICWorkerMiteSurvivorship= 11.3142075948417
ICForagerLifespan= 5.9879206949845
ImmType= Sine
AIAdultSlopeContact= 2.86387671162374
AIAdultLD50Contact= 0.0160871477215551
AILarvaSlope= 0.00159816732630134
AILarvaLD50= 0.762145654228516
AIKOW= 7.85615768330172
AIKOC= 18.4432731138077
AIHalfLife= 10.1141361254267
