ICQueenStrength= 2.13506588852033
RQWkrDrnRatio= 1.06712497863919
ICDroneMiteSurvivorship= 37.7853891113773
ICWorkerMiteSurvivorship= 97.5375507026911
ICForagerLifespan= 9.89271438587457
ImmType= Cosine
AIAdultSlope= 1.47085713455454
