ICQueenStrength= 5.76750013651326
RQWkrDrnRatio= 4.08158019185066
ICDroneMiteSurvivorship= 49.811425502412
ICWorkerMiteSurvivorship= 28.9692930877209
ICForagerLifespan= 15.5787841081619
ImmType= Logarithmic
AIAdultSlope= 0.464243071107194
AIAdultLD50= 1.29835513816215
AIAdultSlopeContact= 0.129258516782429
AIAdultLD50Contact= 0.00102671608328819
AILarvaSlope= 2.21377184432931
AILarvaLD50= 0.750523905549198
AIKOW= 6.84800154622644
AIKOC= 10.0806067534722
AIHalfLife= 3.53085008077323
EAppRate= 0.425996995763853
