ICQueenStrength= 5.38626201590523
RQWkrDrnRatio= 3.53051796555519
ICDroneMiteSurvivorship= 51.4935648068786
ICWorkerMiteSurvivorship= 60.9102384420112
ICForagerLifespan= 9.96483962330967
ImmType= Polynomial
AIAdultSlope= 2.33613662207499
AIAdultLD50= 1.00799373560585
AIAdultSlopeContact= 3.33401195742656
AIAdultLD50Contact= 0.0118050123681314
AILarvaSlope= 0.120092348475009
AILarvaLD50= 0.885298945242539
AIKOW= 6.04815863724798
AIKOC= 11.4656978589483
AIHalfLife= 2.51750019937754
EAppRate= 0.844670246122405
