ICQueenStrength= 1.25257450179197
RQWkrDrnRatio= 4.27418809663504
ICDroneMiteSurvivorship= 82.273669121787
ICWorkerMiteSurvivorship= 42.3833989072591
ICForagerLifespan= 7.95895745139569
ImmType= Sine
AIAdultSlopeContact= 3.14627357525751
AIAdultLD50Contact= 0.190845008241013
AILarvaSlope= 5.58278260752559
AILarvaLD50= 1.00036862306297
AIKOW= 34.7180535783991
AIKOC= 15.1961938012391
AIHalfLife= 5.16576193878427
