ICQueenStrength= 2.27907081041485
RQWkrDrnRatio= 4.14513910934329
ICDroneMiteSurvivorship= 9.34794545173645
ICWorkerMiteSurvivorship= 37.7639195183292
ICForagerLifespan= 12.8260658783838
ImmType= Cosine
AIAdultSlopeContact= 1.01772076165304
AIAdultLD50Contact= 0.0474997438141145
AILarvaSlope= 1.39544916041195
AILarvaLD50= 0.696871287608519
AIKOW= 2.12648721318692
AIKOC= 8.36300078779459
AIHalfLife= 9.73815952381119
