ICQueenStrength= 1.64749001991004
RQWkrDrnRatio= 3.50371800176799
ICDroneMiteSurvivorship= 83.2496650516987
ICWorkerMiteSurvivorship= 38.1092672003433
ICForagerLifespan= 10.0292302500457
ImmType= Cosine
AIAdultSlope= 0.593315011449158
AIAdultLD50= 2.45497159939259
AIAdultSlopeContact= 1.17066365090199
AIAdultLD50Contact= 0.0471843711449765
AILarvaSlope= 0.595913805998862
AILarvaLD50= 0.478344133333303
AIKOW= 4.11068995157257
AIKOC= 24.6075461630244
AIHalfLife= 11.9490676727146
EAppRate= 0.682418254204094
