ICQueenStrength= 2.19391959044151
RQWkrDrnRatio= 3.11793688870966
ICDroneMiteSurvivorship= 11.9237923296168
ICWorkerMiteSurvivorship= 99.0661084186286
ICForagerLifespan= 12.9629496941343
ImmType= Logarithmic
AIAdultSlope= 2.00172200746369
AIAdultLD50= 0.398612039047293
AIAdultSlopeContact= 3.83880800561747
AIAdultLD50Contact= 0.00475719495443627
AILarvaSlope= 2.99903663066216
AILarvaLD50= 0.575101165054366
AIKOW= 6.69241092633456
AIKOC= 26.037233422976
AIHalfLife= 2.14336370234378
EAppRate= 0.601739845005795
