ICQueenStrength= 2.53263459331356
RQWkrDrnRatio= 1.16935060825199
ICDroneMiteSurvivorship= 0.95997704192996
ICWorkerMiteSurvivorship= 19.6748277405277
ICForagerLifespan= 7.99280545394868
ImmType= Polynomial
AIAdultSlope= 0.583520800294354
AIAdultSlopeContact= 1.24602409024956
AIAdultLD50Contact= 0.0180024890694767
AILarvaSlope= 1.61954313470051
AILarvaLD50= 0.397146779252216
AIKOW= 2.83042282424867
AIKOC= 22.49544130289
AIHalfLife= 10.5952371186577
