ICQueenStrength= 3.03552986145951
RQWkrDrnRatio= 3.74786504916847
ICDroneMiteSurvivorship= 0.981327518820763
ICWorkerMiteSurvivorship= 92.5352706806734
ICForagerLifespan= 12.5672914655879
ImmType= Logarithmic
AIAdultSlope= 0.447354380972683
AIAdultLD50= 2.7093030300457
AIAdultSlopeContact= 3.49281805511797
AIAdultLD50Contact= 0.0419718006276526
AILarvaSlope= 0.580783117655665
AILarvaLD50= 0.181185899488628
AIKOW= 6.78831697814167
AIKOC= 19.3266976927407
AIHalfLife= 4.11206753132865
EAppRate= 0.0252380699384958
