ICQueenStrength= 4.08848240762018
RQWkrDrnRatio= 3.27732322365046
ICDroneMiteSurvivorship= 32.102176733315
ICWorkerMiteSurvivorship= 52.8688863618299
ICForagerLifespan= 9.55801477469504
ImmType= Tangent
AIAdultSlope= 1.01095362845808
AIAdultSlopeContact= 3.45352150655352
AIAdultLD50Contact= 0.0392428514431231
AILarvaSlope= 1.42913844715804
AILarvaLD50= 0.531108829868026
AIKOW= 5.8512297407724
AIKOC= 13.0627909395844
AIHalfLife= 9.51019309554249
