ICQueenStrength= 2.05505220359191
RQWkrDrnRatio= 4.46231455914676
ICDroneMiteSurvivorship= 34.4169520772994
ICWorkerMiteSurvivorship= 80.1843474153429
ICForagerLifespan= 10.5369790913537
ImmType= Logarithmic
AIAdultSlope= 0.857545191734098
AIAdultLD50= 0.396173370769247
AIAdultSlopeContact= 2.73674651329871
AIAdultLD50Contact= 0.0319089783472009
AILarvaSlope= 2.19062359570526
AILarvaLD50= 0.353367522731423
AIKOW= 2.03808072535321
AIKOC= 16.3555707677733
AIHalfLife= 1.8263064743951
EAppRate= 0.265439004730433
