ICQueenStrength= 2.0388793295715
RQWkrDrnRatio= 4.61751327570528
ICDroneMiteSurvivorship= 30.791356228292
ICWorkerMiteSurvivorship= 51.7262963578105
ICForagerLifespan= 14.7652702648193
ImmType= Cosine
AIAdultSlope= 1.18740934049711
AIAdultLD50= 1.59834354347549
AIAdultSlopeContact= 3.13422326611122
AIAdultLD50Contact= 0.0469711206387728
AILarvaSlope= 0.0333539571147412
AILarvaLD50= 0.0880913250613958
AIKOW= 5.53165112761781
AIKOC= 15.2276215096936
AIHalfLife= 2.89266649959609
EAppRate= 0.652484966441989
