ICQueenStrength= 2.8060218996834
RQWkrDrnRatio= 2.40719724446535
ICDroneMiteSurvivorship= 67.0822898391634
ICWorkerMiteSurvivorship= 95.6879770616069
ICForagerLifespan= 10.9412027839571
ImmType= Logarithmic
AIAdultSlope= 0.800329049490392
AIAdultLD50= 0.536262445617467
AIAdultSlopeContact= 1.21111552303657
AIAdultLD50Contact= 0.0385625018388964
AILarvaSlope= 2.75244738925248
AILarvaLD50= 0.24686057951767
AIKOW= 6.47749124001712
AIKOC= 5.45797660714015
AIHalfLife= 10.1414588117041
EAppRate= 0.905434775631875
