ICQueenStrength= 1.24611591710709
RQWkrDrnRatio= 2.8269168138504
ICDroneMiteSurvivorship= 79.733364097774
ICWorkerMiteSurvivorship= 24.3562242714688
ICForagerLifespan= 8.94591643288732
ImmType= Logarithmic
AIAdultSlopeContact= 3.87589329425013
AIAdultLD50Contact= 0.00558283448917791
AILarvaSlope= 2.18247842718847
AILarvaLD50= 0.698397510638461
AIKOW= 4.39153060037643
AIKOC= 6.75879171001725
AIHalfLife= 4.7345972917974
