ICQueenStrength= 4.58845090609975
RQWkrDrnRatio= 3.21618578583002
ICDroneMiteSurvivorship= 45.4146172618493
ICWorkerMiteSurvivorship= 88.5614054277539
ICForagerLifespan= 15.7493107039481
ImmType= Logarithmic
AIAdultSlope= 3.05163660319522
AIAdultLD50= 0.186572619481012
AIAdultSlopeContact= 4.47020300198346
AIAdultLD50Contact= 0.0903129568789154
AILarvaSlope= 0.418501019012183
AILarvaLD50= 1.97992586763576
AIKOW= 18.7491641379893
AIKOC= 99.610328883864
AIHalfLife= 9.28465581452474
EAppRate= 0.541095694992691
