ICQueenStrength= 1.10428984300233
RQWkrDrnRatio= 4.57047750614583
ICDroneMiteSurvivorship= 67.0485025271773
ICWorkerMiteSurvivorship= 87.9010794917122
ICForagerLifespan= 15.6285130232573
ImmType= Polynomial
AIAdultSlope= 2.88962447550148
