ICQueenStrength= 2.52748040505685
RQWkrDrnRatio= 2.57211371697485
ICDroneMiteSurvivorship= 5.37353996187449
ICWorkerMiteSurvivorship= 40.7848678529263
ICForagerLifespan= 6.21003276389092
ImmType= Polynomial
AIAdultSlope= 2.17176526086405
