ICQueenStrength= 5.89813929889351
RQWkrDrnRatio= 4.0914519475773
ICDroneMiteSurvivorship= 81.9249682826921
ICWorkerMiteSurvivorship= 10.3824182413518
ICForagerLifespan= 8.68789804261178
ImmType= Exponential
AIAdultLD50= 0.154012839635834
AIAdultSlopeContact= 3.43352787871845
AIAdultLD50Contact= 0.0389166767592542
AILarvaSlope= 1.12488218280487
AILarvaLD50= 0.15150844969321
AIKOW= 7.60763111943379
AIKOC= 10.1276882353704
AIHalfLife= 12.7768208952621
EAppRate= 1.20981789473444
