ICQueenStrength= 3.85184213542379
RQWkrDrnRatio= 4.74348113499582
ICDroneMiteSurvivorship= 40.5978338327259
ICWorkerMiteSurvivorship= 61.9389597093686
ICForagerLifespan= 15.6465150211006
ImmType= Logarithmic
AIAdultSlopeContact= 0.894360820837319
AIAdultLD50Contact= 0.0245375629980117
AILarvaSlope= 1.68660595542751
AILarvaLD50= 0.313058248604648
AIKOW= 6.09844828769565
AIKOC= 9.55472999019548
AIHalfLife= 13.6478707399219
