ICQueenStrength= 1.87266506860033
RQWkrDrnRatio= 4.08025056309998
ICDroneMiteSurvivorship= 50.9077859809622
ICWorkerMiteSurvivorship= 1.70522816479206
ICForagerLifespan= 6.35202944837511
ImmType= Cosine
AIAdultSlope= 1.64082278925925
AIAdultSlopeContact= 2.93499495680211
AIAdultLD50Contact= 0.00343456635018811
AILarvaSlope= 1.11415057857521
AILarvaLD50= 0.0440922988113016
AIKOW= 3.13442695327103
AIKOC= 25.0160711363424
AIHalfLife= 10.4279022347182
