ICQueenStrength= 1.21460474352352
RQWkrDrnRatio= 2.07568643987179
ICDroneMiteSurvivorship= 13.8307630317286
ICWorkerMiteSurvivorship= 55.0729360431433
ICForagerLifespan= 4.67218161188066
ImmType= Polynomial
AIAdultSlope= 0.398579355888069
AIAdultSlopeContact= 1.44945463003591
AIAdultLD50Contact= 0.00383246735436842
AILarvaSlope= 1.27091616438702
AILarvaLD50= 0.0328363378532231
AIKOW= 4.81598159112036
AIKOC= 23.661066290224
AIHalfLife= 9.08087763283402
