ICQueenStrength= 5.08106091897935
RQWkrDrnRatio= 1.51015980076045
ICDroneMiteSurvivorship= 22.8976026177406
ICWorkerMiteSurvivorship= 98.4565187245607
ICForagerLifespan= 13.4250492770225
ImmType= Logarithmic
AIAdultSlope= 1.48960715793073
AIAdultLD50= 0.414851043373346
AIAdultSlopeContact= 3.85402466881089
AIAdultLD50Contact= 0.00571748743532226
AILarvaSlope= 0.661610003141686
AILarvaLD50= 0.508551078429446
AIKOW= 4.73952247807756
AIKOC= 9.09729424864054
AIHalfLife= 7.61055234819651
EAppRate= 0.590669055003673
