ICQueenStrength= 1.10834476561286
RQWkrDrnRatio= 4.61235139146447
ICDroneMiteSurvivorship= 17.6988829858601
ICWorkerMiteSurvivorship= 22.9932787828147
ICForagerLifespan= 14.5260214256123
ImmType= Exponential
AIAdultSlope= 1.39553317786194
AIAdultLD50= 2.97901318548247
AIAdultSlopeContact= 1.83084625807358
AIAdultLD50Contact= 0.024394619173836
AILarvaSlope= 2.47238545184955
AILarvaLD50= 0.474958559428342
AIKOW= 2.99589776573703
AIKOC= 6.73344353679568
AIHalfLife= 4.66380530130118
EAppRate= 0.347365803085268
