ICQueenStrength= 3.38886849838309
RQWkrDrnRatio= 4.25526148639619
ICDroneMiteSurvivorship= 56.7583913914859
ICWorkerMiteSurvivorship= 89.2108666943386
ICForagerLifespan= 11.7640649219975
ImmType= Polynomial
AIAdultSlope= 2.41364216832444
AIAdultLD50= 0.344588095787913
AIAdultSlopeContact= 0.322742446381599
AIAdultLD50Contact= 0.0476722907624207
AILarvaSlope= 1.36905459873378
AILarvaLD50= 0.70304911150597
AIKOW= 6.92894242657349
AIKOC= 27.2446629428305
AIHalfLife= 10.8163122837432
EAppRate= 0.819775995332748
