ICQueenStrength= 3.72076947847381
RQWkrDrnRatio= 4.22646502219141
ICDroneMiteSurvivorship= 92.7674749400467
ICWorkerMiteSurvivorship= 31.671279668808
ICForagerLifespan= 15.2507848283276
ImmType= Logarithmic
AIAdultSlope= 0.940383972739801
AIAdultSlopeContact= 1.00618206111481
AIAdultLD50Contact= 0.0408104700851254
AILarvaSlope= 0.535852005891502
AILarvaLD50= 0.0447379915975034
AIKOW= 7.57049678638577
AIKOC= 26.305019268766
AIHalfLife= 1.14672413468361
