ICQueenStrength= 2.99496496468782
RQWkrDrnRatio= 4.1021358044818
ICDroneMiteSurvivorship= 96.6835437575355
ICWorkerMiteSurvivorship= 6.54709539376199
ICForagerLifespan= 4.13307418487966
ImmType= Tangent
AIAdultSlopeContact= 1.15017889102455
AIAdultLD50Contact= 0.0466803782735951
AILarvaSlope= 0.367883631633595
AILarvaLD50= 0.629357644845732
AIKOW= 5.0577972275205
AIKOC= 23.3890743064694
AIHalfLife= 2.53303025849164
