ICQueenStrength= 1.28779701911844
RQWkrDrnRatio= 1.9397686580196
ICDroneMiteSurvivorship= 20.3495940193534
ICWorkerMiteSurvivorship= 14.2783894669265
ICForagerLifespan= 6.47257492039353
ImmType= Logarithmic
AIAdultSlope= 2.06406761119142
AIAdultSlopeContact= 3.40646355515812
AIAdultLD50Contact= 0.0456495215534233
AILarvaSlope= 0.19610741045326
AILarvaLD50= 0.496733331307769
AIKOW= 6.51337826065719
AIKOC= 20.0493124499917
AIHalfLife= 13.7311349413358
