ICQueenStrength= 5.60864846478216
RQWkrDrnRatio= 1.03000493999571
ICDroneMiteSurvivorship= 23.5073250718415
ICWorkerMiteSurvivorship= 39.6716864546761
ICForagerLifespan= 5.5531855225563
ImmType= Exponential
AIAdultSlope= 1.8214790752111
AIAdultLD50= 0.0695626140804961
AIAdultSlopeContact= 0.844263092405163
AIAdultLD50Contact= 0.033184880123008
AILarvaSlope= 0.210642130067572
AILarvaLD50= 0.102481786091812
AIKOW= 5.69301693327725
AIKOC= 27.8254810499493
AIHalfLife= 2.21014975104481
EAppRate= 0
