ICQueenStrength= 4.06069512618706
RQWkrDrnRatio= 3.48589378315955
ICDroneMiteSurvivorship= 22.0996482530609
ICWorkerMiteSurvivorship= 52.0296433009207
ICForagerLifespan= 4.35510211624205
ImmType= Sine
AIAdultSlope= 1.61320736259222
AIAdultLD50= 1.0159455165267
AIAdultSlopeContact= 0.292124105715193
AIAdultLD50Contact= 0.0402224965160713
AILarvaSlope= 2.04058862989768
AILarvaLD50= 0.701396105065942
AIKOW= 6.5153693635948
AIKOC= 27.8541876538657
AIHalfLife= 5.80516265891492
EAppRate= 0.925246479455382
