ICQueenStrength= 5.26992778899148
RQWkrDrnRatio= 2.51234964374453
ICDroneMiteSurvivorship= 89.9777167243883
ICWorkerMiteSurvivorship= 84.3853396829218
ICForagerLifespan= 4.94252514373511
ImmType= Tangent
AIAdultSlopeContact= 2.40157460793853
AIAdultLD50Contact= 0.0683341997209936
AILarvaSlope= 0.35197339951992
AILarvaLD50= 0.90823379997164
AIKOW= 2.3949715308845
AIKOC= 63.6845253407955
AIHalfLife= 4.36737843323499
