ICQueenStrength= 3.3426211765036
RQWkrDrnRatio= 1.27036297880113
ICDroneMiteSurvivorship= 14.2278144136071
ICWorkerMiteSurvivorship= 73.5472313594073
ICForagerLifespan= 15.0530900647864
ImmType= Polynomial
AIAdultSlopeContact= 0.387623883218039
AIAdultLD50Contact= 0.0454501886270009
AILarvaSlope= 1.8727722229436
AILarvaLD50= 0.862951933918521
AIKOW= 6.61938833072782
AIKOC= 12.9621059529018
AIHalfLife= 7.55939453095198
