ICQueenStrength= 5.14328372222371
RQWkrDrnRatio= 2.71566947642714
ICDroneMiteSurvivorship= 4.8883929848671
ICWorkerMiteSurvivorship= 2.8567676898092
ICForagerLifespan= 10.8997553652152
ImmType= Cosine
AIAdultSlopeContact= 0.11211582781747
AIAdultLD50Contact= 0.0433528975932859
AILarvaSlope= 1.18041011686437
AILarvaLD50= 0.32812471347861
AIKOW= 3.31621709465981
AIKOC= 19.3135977152269
AIHalfLife= 10.3045539776795
