ICQueenStrength= 2.11817853525281
RQWkrDrnRatio= 1.95853124652058
ICDroneMiteSurvivorship= 44.0372430719435
ICWorkerMiteSurvivorship= 66.326836287044
ICForagerLifespan= 9.85010484419763
ImmType= Cosine
AIAdultSlope= 0.828183590993285
AIAdultLD50= 2.20702808559872
AIAdultSlopeContact= 0.275203171090689
AIAdultLD50Contact= 0.0345417116652243
AILarvaSlope= 2.22232109108008
AILarvaLD50= 0.301884979312308
AIKOW= 2.42724473075941
AIKOC= 6.78668196313083
AIHalfLife= 10.011471029371
EAppRate= 0.197529914788902
