ICQueenStrength= 5.61218083044514
RQWkrDrnRatio= 2.30743472091854
ICDroneMiteSurvivorship= 31.1000430956483
ICWorkerMiteSurvivorship= 0.0480473740026355
ICForagerLifespan= 7.10966916754842
ImmType= Polynomial
AIAdultSlope= 1.53922771891113
AIAdultLD50= 0.448784123291261
AIAdultSlopeContact= 0.749537731187884
AIAdultLD50Contact= 0.0401989595964551
AILarvaSlope= 2.29389823740348
AILarvaLD50= 0.301741415960714
AIKOW= 2.71605591708794
AIKOC= 11.903011148097
AIHalfLife= 0.311783772194758
EAppRate= 0
