ICQueenStrength= 1.92863046331331
RQWkrDrnRatio= 3.09793568961322
ICDroneMiteSurvivorship= 88.8036256656051
ICWorkerMiteSurvivorship= 52.2684885887429
ICForagerLifespan= 9.38807900529355
ImmType= Logarithmic
AIAdultSlope= 0.951488327847328
AIAdultLD50= 0.305872668744996
AIAdultSlopeContact= 2.45640470592538
AIAdultLD50Contact= 0.0182546241325326
AILarvaSlope= 0.740100010065362
AILarvaLD50= 0.829602099303156
AIKOW= 7.37187463510782
AIKOC= 8.10888871317729
AIHalfLife= 0.394636956043541
EAppRate= 0.115506084938534
