ICQueenStrength= 4.6115073482506
RQWkrDrnRatio= 3.7499481048435
ICDroneMiteSurvivorship= 91.0304496530443
ICWorkerMiteSurvivorship= 42.139378702268
ICForagerLifespan= 13.0116484984756
ImmType= Exponential
AIAdultSlope= 0.841098695015535
AIAdultLD50= 2.75594409042969
AIAdultSlopeContact= 1.86103928897996
AIAdultLD50Contact= 0.0223222270491533
AILarvaSlope= 2.17020996375941
AILarvaLD50= 0.122286482155323
AIKOW= 7.6675921799615
AIKOC= 18.8519178319257
AIHalfLife= 1.19899703189731
EAppRate= 0.83853397029452
