ICQueenStrength= 4.01467148237862
RQWkrDrnRatio= 4.7865780107677
ICDroneMiteSurvivorship= 64.5140649052337
ICWorkerMiteSurvivorship= 66.0891149193048
ICForagerLifespan= 10.7095995787531
ImmType= Sine
AIAdultSlope= 1.99018247504719
AIAdultLD50= 0.616088420385495
AIAdultSlopeContact= 0.781068279838655
AIAdultLD50Contact= 0.00484018985880539
AILarvaSlope= 0.293203253578395
AILarvaLD50= 0.0870370021322742
AIKOW= 3.8064082111232
AIKOC= 5.03840599092655
AIHalfLife= 7.89656746899709
EAppRate= 0.236249079462141
