ICQueenStrength= 4.82182773086242
RQWkrDrnRatio= 4.53984635509551
ICDroneMiteSurvivorship= 43.3203501394019
ICWorkerMiteSurvivorship= 81.2682087067515
ICForagerLifespan= 5.07749279215932
ImmType= Tangent
AIAdultSlopeContact= 0.0984667295753025
AIAdultLD50Contact= 0.0413139558513649
AILarvaSlope= 1.91067512179725
AILarvaLD50= 0.425188486813568
AIKOW= 6.47751294076443
AIKOC= 20.4246481484734
AIHalfLife= 9.72759161097929
