ICQueenStrength= 4.2776716304943
RQWkrDrnRatio= 1.5415357016027
ICDroneMiteSurvivorship= 60.5732405092567
ICWorkerMiteSurvivorship= 93.6928524635732
ICForagerLifespan= 6.39127857331187
ImmType= Tangent
AIAdultSlope= 1.51721934606321
AIAdultLD50= 1.27073850156739
AIAdultSlopeContact= 3.52827360197436
AIAdultLD50Contact= 0.0407625456224196
AILarvaSlope= 2.66201823535375
AILarvaLD50= 0.674402632866986
AIKOW= 7.41140760760754
AIKOC= 14.090601769276
AIHalfLife= 1.13756629172713
EAppRate= 0.068931634305045
