ICQueenStrength= 5.6516079059802
RQWkrDrnRatio= 3.38244048226625
ICDroneMiteSurvivorship= 16.74851605203
ICWorkerMiteSurvivorship= 23.8250537309796
ICForagerLifespan= 8.43130489718169
ImmType= Polynomial
AIAdultSlope= 1.4942473557312
AIAdultLD50= 1.07315863366239
AIAdultSlopeContact= 3.69478190956637
AIAdultLD50Contact= 0.0164446789887734
AILarvaSlope= 3.03338306522928
AILarvaLD50= 0.817524854955264
AIKOW= 7.59163888962939
AIKOC= 14.6338871575426
AIHalfLife= 13.6803149911575
EAppRate= 0.954516069265082
