ICQueenStrength= 5.42184263141826
RQWkrDrnRatio= 1.44118560943753
ICDroneMiteSurvivorship= 6.29834013525397
ICWorkerMiteSurvivorship= 84.1324146604165
ICForagerLifespan= 6.14347844384611
ImmType= Polynomial
AIAdultSlope= 0.768285709340125
AIAdultLD50= 0.376395218772814
AIAdultSlopeContact= 0.641523005347699
AIAdultLD50Contact= 0.0123500937595963
AILarvaSlope= 1.59055711207911
AILarvaLD50= 0.44157271112781
AIKOW= 2.64663351513445
AIKOC= 17.6118024403695
AIHalfLife= 5.36117650242522
EAppRate= 0.961922575021163
