ICQueenStrength= 2.2107646476943
RQWkrDrnRatio= 1.83938163518906
ICDroneMiteSurvivorship= 96.1015927838162
ICWorkerMiteSurvivorship= 6.56396774575114
ICForagerLifespan= 15.2324985302985
ImmType= Polynomial
AIAdultSlope= 6.54608869692311
