ICQueenStrength= 4.7328524410259
RQWkrDrnRatio= 1.98083896096796
ICDroneMiteSurvivorship= 23.6462459899485
ICWorkerMiteSurvivorship= 20.5554332351312
ICForagerLifespan= 10.1821515131742
ImmType= Sine
AIAdultSlope= 0.771942678065971
AIAdultLD50= 0.382935041096061
AIAdultSlopeContact= 1.17065814794507
AIAdultLD50Contact= 0.00793718495406211
AILarvaSlope= 3.31532779131085
AILarvaLD50= 0.202357685635798
AIKOW= 5.8130933875218
AIKOC= 24.6722057531588
AIHalfLife= 4.79210418183357
EAppRate= 0
