ICQueenStrength= 4.92282603308558
RQWkrDrnRatio= 4.94247686862946
ICDroneMiteSurvivorship= 31.4721303759143
ICWorkerMiteSurvivorship= 3.97362730000168
ICForagerLifespan= 4.66562563925982
ImmType= Tangent
AIAdultSlope= 1.87832883387571
AIAdultLD50= 0.408157476922497
AIAdultSlopeContact= 3.09746376643656
AIAdultLD50Contact= 0.0477368690422736
AILarvaSlope= 3.01755546419881
AILarvaLD50= 0.304718214925379
AIKOW= 3.3631192240864
AIKOC= 23.7293684633914
AIHalfLife= 2.73042919579893
EAppRate= 0.230791749688797
