ICQueenStrength= 5.51041920925491
RQWkrDrnRatio= 4.30865603778511
ICDroneMiteSurvivorship= 81.1920877546072
ICWorkerMiteSurvivorship= 2.55816651042551
ICForagerLifespan= 14.316694650799
ImmType= Exponential
AIAdultLD50= 0.154012839635834
AIAdultSlopeContact= 0.470986628453247
AIAdultLD50Contact= 0.0217158943414688
AILarvaSlope= 1.01048391824588
AILarvaLD50= 0.190698843891732
AIKOW= 4.38682078383863
AIKOC= 17.8507620713208
AIHalfLife= 10.7407906237058
EAppRate= 0.0506026251241565
