ICQueenStrength= 4.88652030494995
RQWkrDrnRatio= 2.04604193475097
ICDroneMiteSurvivorship= 46.8190163839608
ICWorkerMiteSurvivorship= 5.69503963924944
ICForagerLifespan= 10.0236901445314
ImmType= Polynomial
AIAdultLD50= 0.154012839635834
AIAdultSlopeContact= 2.20741981399711
AIAdultLD50Contact= 0.0280422284035012
AILarvaSlope= 3.06983134830371
AILarvaLD50= 0.743447947106324
AIKOW= 7.29619638714939
AIKOC= 7.40221626008861
AIHalfLife= 1.35026745684445
EAppRate= 0.77355556609109
