ICQueenStrength= 3.70338859874755
RQWkrDrnRatio= 4.94132048916072
ICDroneMiteSurvivorship= 71.6109690256417
ICWorkerMiteSurvivorship= 35.041883517988
ICForagerLifespan= 12.3928007548675
ImmType= Exponential
AIAdultSlope= 2.08890510350466
AIAdultSlopeContact= 1.03237657892285
AIAdultLD50Contact= 0.0124325804878026
AILarvaSlope= 2.99401931813918
AILarvaLD50= 0.729759208951145
AIKOW= 3.64141138875857
AIKOC= 22.8993008041289
AIHalfLife= 12.9299167124555
