ICQueenStrength= 1.00885243644007
RQWkrDrnRatio= 1.76336718350649
ICDroneMiteSurvivorship= 80.8673950843513
ICWorkerMiteSurvivorship= 77.9209207743406
ICForagerLifespan= 11.7514200219885
ImmType= Polynomial
AIAdultSlope= 2.2399596511852
AIAdultLD50= 1.81653739954345
AIAdultSlopeContact= 0.122316719633527
AIAdultLD50Contact= 0.0134088230202906
AILarvaSlope= 0.0644526727031916
AILarvaLD50= 0.055029266118072
AIKOW= 7.99425766710192
AIKOC= 29.9336229811888
AIHalfLife= 6.27570169465616
EAppRate= 0.571074263891205
