ICQueenStrength= 1.26116730528884
RQWkrDrnRatio= 2.99745646119118
ICDroneMiteSurvivorship= 80.0551409367472
ICWorkerMiteSurvivorship= 69.115207507275
ICForagerLifespan= 5.24732200801373
ImmType= Polynomial
AIAdultSlope= 2.96510638308479
AIAdultLD50= 0.350217381725088
AIAdultSlopeContact= 1.40648929559626
AIAdultLD50Contact= 0.00698585287900642
AILarvaSlope= 3.33312116540037
AILarvaLD50= 0.73324259526562
AIKOW= 3.24158900557086
AIKOC= 29.2367792699952
AIHalfLife= 3.21993210003711
EAppRate= 0
