ICQueenStrength= 3.41292942431755
RQWkrDrnRatio= 2.52791459299624
ICDroneMiteSurvivorship= 45.4536486882716
ICWorkerMiteSurvivorship= 41.921764286235
ICForagerLifespan= 4.71531783323735
ImmType= Polynomial
AIAdultSlope= 1.46296766614541
AIAdultLD50= 0.452480939682573
AIAdultSlopeContact= 0.139777696186211
AIAdultLD50Contact= 0.0207725442829542
AILarvaSlope= 2.51271933438256
AILarvaLD50= 0.551497424393892
AIKOW= 6.27405094867572
AIKOC= 21.6441778128501
AIHalfLife= 1.73876829305664
EAppRate= 0.740895004943013
