ICQueenStrength= 5.20485934824683
RQWkrDrnRatio= 3.51238327100873
ICDroneMiteSurvivorship= 86.7764236405492
ICWorkerMiteSurvivorship= 81.9169069873169
ICForagerLifespan= 8.17025961447507
ImmType= Cosine
AIAdultSlope= 1.17185855568387
AIAdultLD50= 0.134205020382069
AIAdultSlopeContact= 1.05703874008963
AIAdultLD50Contact= 0.0450436758692376
AILarvaSlope= 0.183513287082314
AILarvaLD50= 0.0768231095513329
AIKOW= 5.03885953407735
AIKOC= 8.40929758385755
AIHalfLife= 3.22407916770317
EAppRate= 0.495336993806995
