ICQueenStrength= 2.48530605714768
RQWkrDrnRatio= 1.10405959002674
ICDroneMiteSurvivorship= 44.6914803702384
ICWorkerMiteSurvivorship= 91.1097159376368
ICForagerLifespan= 11.5873087169603
ImmType= Polynomial
AIAdultSlope= 3.3423176991404
AIAdultLD50= 0.299140387796797
AIAdultSlopeContact= 2.97843576904619
AIAdultLD50Contact= 0.0170049122185446
AILarvaSlope= 1.22363627911545
AILarvaLD50= 0.611718127434142
AIKOW= 6.87316409219056
AIKOC= 15.5015097011346
AIHalfLife= 1.12221386865713
EAppRate= 0.0382264174986631
