ICQueenStrength= 4.72471529757604
RQWkrDrnRatio= 4.68403078429401
ICDroneMiteSurvivorship= 28.6222959402949
ICWorkerMiteSurvivorship= 20.3854684252292
ICForagerLifespan= 12.0591741809621
ImmType= Cosine
AIAdultSlope= 2.66117015648633
AIAdultLD50= 2.52294849953614
AIAdultSlopeContact= 1.67183198408922
AIAdultLD50Contact= 0.0231465872726403
AILarvaSlope= 0.634303207788616
AILarvaLD50= 0.315751838148572
AIKOW= 5.30189438443631
AIKOC= 16.7147627694067
AIHalfLife= 9.20964161353186
EAppRate= 0.407892213435844
