ICQueenStrength= 1.71151717798784
RQWkrDrnRatio= 4.17738398630172
ICDroneMiteSurvivorship= 38.7481125071645
ICWorkerMiteSurvivorship= 50.1900401664898
ICForagerLifespan= 13.2998553747311
ImmType= Logarithmic
AIAdultSlope= 1.00379315731116
AIAdultLD50= 1.26450866390951
AIAdultSlopeContact= 0.399683220761362
AIAdultLD50Contact= 0.00886580650694668
AILarvaSlope= 1.52308802269399
AILarvaLD50= 0.204227199987508
AIKOW= 4.0709407441318
AIKOC= 5.18079380970448
AIHalfLife= 3.43319168034941
EAppRate= 0.740468654548749
