ICQueenStrength= 4.67634514579549
RQWkrDrnRatio= 4.86210752278566
ICDroneMiteSurvivorship= 1.85843803919852
ICWorkerMiteSurvivorship= 89.4032976822928
ICForagerLifespan= 14.948456350714
ImmType= Cosine
AIAdultSlope= 9.42492309259251
