ICQueenStrength= 4.15505274338648
RQWkrDrnRatio= 1.28093608934432
ICDroneMiteSurvivorship= 61.898173042573
ICWorkerMiteSurvivorship= 98.1883097672835
ICForagerLifespan= 12.3981968285516
ImmType= Exponential
AIAdultSlope= 0.961375652686693
AIAdultLD50= 0.204554216819815
AIAdultSlopeContact= 1.03348864745814
AIAdultLD50Contact= 0.0262107923976146
AILarvaSlope= 0.675915775541216
AILarvaLD50= 0.418938214983791
AIKOW= 5.88750764029101
AIKOC= 20.5055704293773
AIHalfLife= 3.21623456431553
EAppRate= 0.454285365063697
