ICQueenStrength= 3.03772802138701
RQWkrDrnRatio= 4.37680958397686
ICDroneMiteSurvivorship= 80.856008711271
ICWorkerMiteSurvivorship= 91.3572459714487
ICForagerLifespan= 14.3931246800348
ImmType= Polynomial
AIAdultSlope= 0.587072899164632
AIAdultLD50= 0.47473708842881
AIAdultSlopeContact= 3.38003472338431
AIAdultLD50Contact= 0.026112712349277
AILarvaSlope= 1.27843320127577
AILarvaLD50= 0.854462293535471
AIKOW= 6.95389661658555
AIKOC= 26.3912919163704
AIHalfLife= 1.89665087731555
EAppRate= 0.670863399934024
