ICQueenStrength= 1.75545683735982
RQWkrDrnRatio= 2.78424386959523
ICDroneMiteSurvivorship= 75.1573177753016
ICWorkerMiteSurvivorship= 35.7459998922423
ICForagerLifespan= 11.3635004637763
ImmType= Tangent
AIAdultSlopeContact= 0.708591820893344
AIAdultLD50Contact= 0.0300461988896132
AILarvaSlope= 2.13365404275246
AILarvaLD50= 0.180467953439802
AIKOW= 2.85740307113156
AIKOC= 24.945039099548
AIHalfLife= 8.5777102583088
