ICQueenStrength= 4.52350116241723
RQWkrDrnRatio= 4.45527317561209
ICDroneMiteSurvivorship= 30.7752459309995
ICWorkerMiteSurvivorship= 1.49784833192825
ICForagerLifespan= 14.0166344782338
ImmType= Exponential
AIAdultSlope= 2.41696728935
AIAdultLD50= 0.181172841228545
AIAdultSlopeContact= 3.2056299462053
AIAdultLD50Contact= 0.0306300179450773
AILarvaSlope= 2.45501071000472
AILarvaLD50= 0.408988672541454
AIKOW= 2.4754786635749
AIKOC= 16.7479356878903
AIHalfLife= 1.25383186037652
EAppRate= 0.356793021713383
