ICQueenStrength= 4.99339470663108
RQWkrDrnRatio= 1.29875172674656
ICDroneMiteSurvivorship= 96.3189934846014
ICWorkerMiteSurvivorship= 72.7863747160882
ICForagerLifespan= 11.7961941538379
ImmType= Tangent
AIAdultSlope= 2.50301650513429
AIAdultLD50= 0.329670140752569
AIAdultSlopeContact= 2.92922704083379
AIAdultLD50Contact= 0.00919708074070513
AILarvaSlope= 2.36695788684301
AILarvaLD50= 0.57231143466197
AIKOW= 4.52523642452434
AIKOC= 18.6664388061035
AIHalfLife= 3.4384148393292
EAppRate= 0
