ICQueenStrength= 5.96415957459249
RQWkrDrnRatio= 1.73287696857005
ICDroneMiteSurvivorship= 56.9867003941908
ICWorkerMiteSurvivorship= 58.2649060525
ICForagerLifespan= 13.5663445806131
ImmType= Exponential
AIAdultLD50= 0.154012839635834
AIAdultSlopeContact= 3.00857377953362
AIAdultLD50Contact= 0.0387276011053473
AILarvaSlope= 2.54254670231603
AILarvaLD50= 0.214778244146146
AIKOW= 3.12002582242712
AIKOC= 9.33306725462899
AIHalfLife= 11.5167342205532
EAppRate= 0.567555471789092
