ICQueenStrength= 5.12029155530035
RQWkrDrnRatio= 1.25333241187036
ICDroneMiteSurvivorship= 99.2284257663414
ICWorkerMiteSurvivorship= 13.1524694617838
ICForagerLifespan= 12.1058622449636
ImmType= Sine
AIAdultSlope= 3.39953420832753
AIAdultLD50= 1.98633880983107
AIAdultSlopeContact= 3.64243380024796
AIAdultLD50Contact= 0.00126847446663305
AILarvaSlope= 0.725835872348398
AILarvaLD50= 0.293080112733878
AIKOW= 2.49290802096948
AIKOC= 23.7647843791638
AIHalfLife= 8.0315027195029
EAppRate= 0.858122511068359
