ICQueenStrength= 1.86148669826798
RQWkrDrnRatio= 3.8659304222092
ICDroneMiteSurvivorship= 58.730690437369
ICWorkerMiteSurvivorship= 63.9519747812301
ICForagerLifespan= 9.00154676381499
ImmType= Tangent
AIAdultSlope= 2.28560365089448
AIAdultLD50= 0.173335405648686
AIAdultSlopeContact= 3.0351705988124
AIAdultLD50Contact= 0.0375427000690252
AILarvaSlope= 0.636540020303801
AILarvaLD50= 0.00134222097694874
AIKOW= 7.21451793285087
AIKOC= 6.44584595691413
AIHalfLife= 3.87200214318
EAppRate= 0.273401113250293
