ICQueenStrength= 5.71188936149701
RQWkrDrnRatio= 3.92454105149955
ICDroneMiteSurvivorship= 53.5363759379834
ICWorkerMiteSurvivorship= 12.0021456154063
ICForagerLifespan= 5.21938662230968
ImmType= Cosine
AIAdultSlope= 8.8063152669929
