ICQueenStrength= 5.78473614202812
RQWkrDrnRatio= 2.82964495476335
ICDroneMiteSurvivorship= 55.704671703279
ICWorkerMiteSurvivorship= 79.8820923315361
ICForagerLifespan= 12.4308364624158
ImmType= Polynomial
AIAdultSlope= 3.62200129544362
AIAdultLD50= 0.295064740348607
AIAdultSlopeContact= 6.01743805455044
AIAdultLD50Contact= 0.0369074976071715
AILarvaSlope= 6.10939356964082
AILarvaLD50= 0.67158298753202
AIKOW= 57.9610349843279
AIKOC= 7.4284564005211
AIHalfLife= 13.8052896042354
EAppRate= 0.100422405172139
