ICQueenStrength= 2.22851995518431
RQWkrDrnRatio= 1.76204582955688
ICDroneMiteSurvivorship= 75.0813256483525
ICWorkerMiteSurvivorship= 21.6850640019402
ICForagerLifespan= 12.7736191786826
ImmType= Sine
AIAdultSlopeContact= 3.14208989217645
AIAdultLD50Contact= 0.00795897272182629
AILarvaSlope= 2.92626581718214
AILarvaLD50= 0.34614574725274
AIKOW= 7.57649724837393
AIKOC= 7.84132258384489
AIHalfLife= 10.5097694830038
