ICQueenStrength= 3.97587236156687
RQWkrDrnRatio= 1.93497586809099
ICDroneMiteSurvivorship= 38.4974361630157
ICWorkerMiteSurvivorship= 84.0650569880381
ICForagerLifespan= 8.97156424913555
ImmType= Cosine
AIAdultSlope= 0.180080951843411
AIAdultSlopeContact= 3.89764064967167
AIAdultLD50Contact= 0.0301461720722727
AILarvaSlope= 2.95318718338385
AILarvaLD50= 0.734394956706092
AIKOW= 3.33325445139781
AIKOC= 21.1529772623908
AIHalfLife= 7.16883363528177
