ICQueenStrength= 1.22826368105598
RQWkrDrnRatio= 4.24514904525131
ICDroneMiteSurvivorship= 68.609875976108
ICWorkerMiteSurvivorship= 87.9026942886412
ICForagerLifespan= 12.5161756081507
ImmType= Sine
AIAdultSlope= 0.123082981165498
AIAdultLD50= 2.02603190322407
AIAdultSlopeContact= 0.0910606481158175
AIAdultLD50Contact= 0.0180227771168575
AILarvaSlope= 0.69459194438532
AILarvaLD50= 0.0665525915566832
AIKOW= 7.15073978994042
AIKOC= 10.6953247345518
AIHalfLife= 1.16835576947778
EAppRate= 0.101172283524647
