ICQueenStrength= 5.74814388900995
RQWkrDrnRatio= 1.91737434919924
ICDroneMiteSurvivorship= 30.087438877672
ICWorkerMiteSurvivorship= 68.7425297219306
ICForagerLifespan= 7.83796931151301
ImmType= Tangent
AIAdultSlope= 2.25435680922819
AIAdultLD50= 0.332907923962921
AIAdultSlopeContact= 0.575443710945547
AIAdultLD50Contact= 0.0235614349949174
AILarvaSlope= 2.30395710039884
AILarvaLD50= 0.329918104223907
AIKOW= 3.94876566529274
AIKOC= 25.354788552504
AIHalfLife= 2.25905258557759
EAppRate= 0.0607810817658901
