ICQueenStrength= 2.54629543190822
RQWkrDrnRatio= 2.28991394862533
ICDroneMiteSurvivorship= 69.8450482683256
ICWorkerMiteSurvivorship= 79.0006075752899
ICForagerLifespan= 4.02051843795925
ImmType= Polynomial
AIAdultSlope= 3.37563871159218
AIAdultLD50= 1.10012282780372
AIAdultSlopeContact= 0.182067805733532
AIAdultLD50Contact= 0.0159720548195764
AILarvaSlope= 2.86403251355514
AILarvaLD50= 0.706940025743097
AIKOW= 6.69698225986212
AIKOC= 13.4602541115601
AIHalfLife= 2.4245681730099
EAppRate= 0.69794321921654
