ICQueenStrength= 1.07094379281625
RQWkrDrnRatio= 4.12993085756898
ICDroneMiteSurvivorship= 81.6703188233078
ICWorkerMiteSurvivorship= 80.716058332473
ICForagerLifespan= 14.6774250641465
ImmType= Polynomial
AIAdultSlopeContact= 0.393874196405523
AIAdultLD50Contact= 0.01685837226687
AILarvaSlope= 0.185780779784545
AILarvaLD50= 0.647320921858773
AIKOW= 3.57773674000055
AIKOC= 13.5754976025783
AIHalfLife= 7.34533208282664
