ICQueenStrength= 2.8512474547606
RQWkrDrnRatio= 2.9632007246837
ICDroneMiteSurvivorship= 91.3861147826537
ICWorkerMiteSurvivorship= 85.0826274137944
ICForagerLifespan= 8.20298453420401
ImmType= Exponential
AIAdultSlope= 2.61793345880695
AIAdultLD50= 0.0484435823746026
AIAdultSlopeContact= 1.96269442118006
AIAdultLD50Contact= 0.0275521460338496
AILarvaSlope= 2.58611791376024
AILarvaLD50= 0.732707582996227
AIKOW= 5.00072158966213
AIKOC= 12.2029752074741
AIHalfLife= 2.85769137553871
EAppRate= 0
