ICQueenStrength= 2.28134450060315
RQWkrDrnRatio= 3.86677133385092
ICDroneMiteSurvivorship= 29.8752818955109
ICWorkerMiteSurvivorship= 80.9094879310578
ICForagerLifespan= 14.6285733934492
ImmType= Logarithmic
AIAdultSlope= 8.09825932839885
AIAdultLD50= 0.206012280657887
AIAdultSlopeContact= 9.6436161105521
AIAdultLD50Contact= 0.0804434571880847
AILarvaSlope= 4.86283770762384
AILarvaLD50= 0.589034746866673
AIKOW= 77.4059684714302
AIKOC= 21.3844294194132
AIHalfLife= 11.7054353891872
EAppRate= 1.43009968986735
