ICQueenStrength= 3.8879141015932
RQWkrDrnRatio= 1.1629556985572
ICDroneMiteSurvivorship= 81.7778387106955
ICWorkerMiteSurvivorship= 62.7778513124213
ICForagerLifespan= 6.34287489578128
ImmType= Exponential
AIAdultSlope= 0.230230204425752
AIAdultLD50= 0.4342874068534
AIAdultSlopeContact= 0.899852385702543
AIAdultLD50Contact= 0.0165047936607152
AILarvaSlope= 3.26003906549886
AILarvaLD50= 0.0859229038702324
AIKOW= 5.94634630810469
AIKOC= 17.9260098794475
AIHalfLife= 2.45816410169937
EAppRate= 0.297746359370649
