ICQueenStrength= 3.6737210561987
RQWkrDrnRatio= 1.89772800169885
ICDroneMiteSurvivorship= 86.8814708897844
ICWorkerMiteSurvivorship= 37.9816298838705
ICForagerLifespan= 6.60933601949364
ImmType= Cosine
AIAdultSlope= 0.788792771147564
AIAdultSlopeContact= 1.86450757744722
AIAdultLD50Contact= 0.0266076703788713
AILarvaSlope= 0.976023696409538
AILarvaLD50= 0.0430502350442111
AIKOW= 5.83980411849916
AIKOC= 12.8962259518448
AIHalfLife= 1.94580762274563
