ICQueenStrength= 4.68049533572048
RQWkrDrnRatio= 1.08123377803713
ICDroneMiteSurvivorship= 48.8602724857628
ICWorkerMiteSurvivorship= 46.0659730480984
ICForagerLifespan= 4.86712684296072
ImmType= Tangent
AIAdultSlope= 1.87324811314931
AIAdultLD50= 0.304502438753843
AIAdultSlopeContact= 0.65283064849209
AIAdultLD50Contact= 0.0485276240622625
AILarvaSlope= 1.75558863896877
AILarvaLD50= 0.697435983340256
AIKOW= 5.47039279295132
AIKOC= 6.81793997180648
AIHalfLife= 1.50112142437138
EAppRate= 0
