ICQueenStrength= 3.2895822650753
RQWkrDrnRatio= 4.41407385654747
ICDroneMiteSurvivorship= 14.0242563327774
ICWorkerMiteSurvivorship= 8.30282832030207
ICForagerLifespan= 9.1141921998933
ImmType= Cosine
AIAdultLD50= 0.154012839635834
AIAdultSlopeContact= 2.51692051179707
AIAdultLD50Contact= 0.00415783614153042
AILarvaSlope= 2.23840350960381
AILarvaLD50= 0.210304011264816
AIKOW= 5.8637003111653
AIKOC= 25.9592468570918
AIHalfLife= 2.81031681317836
EAppRate= 1.353114831727
