ICQueenStrength= 3.48728491831571
RQWkrDrnRatio= 4.96175525896251
ICDroneMiteSurvivorship= 39.5279326708987
ICWorkerMiteSurvivorship= 31.2558968784288
ICForagerLifespan= 5.09508245065808
ImmType= Cosine
AIAdultSlopeContact= 3.70307653556345
AIAdultLD50Contact= 0.0136687680496834
AILarvaSlope= 0.495972463395447
AILarvaLD50= 0.562746611516923
AIKOW= 7.58604441769421
AIKOC= 23.6392429459374
AIHalfLife= 9.89630485512316
