ICQueenStrength= 1.50032732542604
RQWkrDrnRatio= 4.9987708395347
ICDroneMiteSurvivorship= 88.2529807277024
ICWorkerMiteSurvivorship= 93.9022566657513
ICForagerLifespan= 6.22972690034658
ImmType= Logarithmic
AIAdultSlope= 3.33142391605536
AIAdultLD50= 0.341017372440547
AIAdultSlopeContact= 1.34929125667317
AIAdultLD50Contact= 0.00536205121316016
AILarvaSlope= 2.66382262157276
AILarvaLD50= 0.527293719467707
AIKOW= 7.34238468855619
AIKOC= 28.5658754885662
AIHalfLife= 1.52345697162673
EAppRate= 0.337480609538034
