ICQueenStrength= 4.86163200251758
RQWkrDrnRatio= 1.16610180865973
ICDroneMiteSurvivorship= 98.0738479876891
ICWorkerMiteSurvivorship= 20.7135266624391
ICForagerLifespan= 10.0276553798467
ImmType= Cosine
AIAdultSlopeContact= 1.28501726154936
AIAdultLD50Contact= 0.0126798614510335
AILarvaSlope= 2.35926149087027
AILarvaLD50= 0.741954261157662
AIKOW= 4.25800726702437
AIKOC= 9.08263180288486
AIHalfLife= 9.12578620016575
