ICQueenStrength= 2.56204858911224
RQWkrDrnRatio= 3.24140868429095
ICDroneMiteSurvivorship= 93.9920766511932
ICWorkerMiteSurvivorship= 78.455840004608
ICForagerLifespan= 5.56772070378065
ImmType= Polynomial
AIAdultSlope= 0.645477462140843
AIAdultLD50= 1.98890709551051
AIAdultSlopeContact= 0.651620526853949
AIAdultLD50Contact= 0.0494823448942043
AILarvaSlope= 0.126651512971148
AILarvaLD50= 0.456414809636772
AIKOW= 7.36251971870661
AIKOC= 27.8996713529341
AIHalfLife= 7.34560031769797
EAppRate= 0.221360450843349
