ICQueenStrength= 2.42158967442811
RQWkrDrnRatio= 3.71832884009928
ICDroneMiteSurvivorship= 28.1944992253557
ICWorkerMiteSurvivorship= 31.8813848076388
ICForagerLifespan= 13.8439233265817
ImmType= Exponential
AIAdultSlope= 0.47360969878966
AIAdultLD50= 0.483605385059491
AIAdultSlopeContact= 2.01107286720537
AIAdultLD50Contact= 0.000898124487139285
AILarvaSlope= 0.475284061860293
AILarvaLD50= 0.777956169960089
AIKOW= 5.10787783470005
AIKOC= 29.1747406602371
AIHalfLife= 0.115674876142293
EAppRate= 0.213596867979504
