ICQueenStrength= 1.76342649757862
RQWkrDrnRatio= 1.00415237154812
ICDroneMiteSurvivorship= 50.7090064464137
ICWorkerMiteSurvivorship= 54.7157563269138
ICForagerLifespan= 13.7213239334524
ImmType= Tangent
AIAdultSlopeContact= 0.742320493385196
AIAdultLD50Contact= 0.0281243816018105
AILarvaSlope= 2.94744589095935
AILarvaLD50= 0.0540981433354318
AIKOW= 5.90321707725525
AIKOC= 26.0327674401924
AIHalfLife= 0.615951692219824
