ICQueenStrength= 5.81912265531719
RQWkrDrnRatio= 1.66478402912617
ICDroneMiteSurvivorship= 13.9465698506683
ICWorkerMiteSurvivorship= 59.8770371172577
ICForagerLifespan= 13.9558741040528
ImmType= Tangent
AIAdultSlope= 1.88235850630095
AIAdultLD50= 0.391542118391953
AIAdultSlopeContact= 1.2446530213044
AIAdultLD50Contact= 0.0324782988405786
AILarvaSlope= 2.43430981901474
AILarvaLD50= 0.427885987772606
AIKOW= 5.95506940362975
AIKOC= 10.9116532036569
AIHalfLife= 1.08640011632815
EAppRate= 0.478472375916317
