ICQueenStrength= 5.49729380663484
RQWkrDrnRatio= 2.27961898036301
ICDroneMiteSurvivorship= 0.335307791829109
ICWorkerMiteSurvivorship= 93.8180163269863
ICForagerLifespan= 12.0810397919267
ImmType= Exponential
AIAdultSlope= 3.27032646248117
AIAdultLD50= 0.847346251364797
AIAdultSlopeContact= 2.31735011602985
AIAdultLD50Contact= 0.0353176481323317
AILarvaSlope= 0.82566351396963
AILarvaLD50= 0.014341606060043
AIKOW= 2.28816159721464
AIKOC= 24.3368108768482
AIHalfLife= 12.0067203822546
EAppRate= 0.816429465310648
