ICQueenStrength= 3.92267475742847
RQWkrDrnRatio= 4.42663798108697
ICDroneMiteSurvivorship= 79.8586156219244
ICWorkerMiteSurvivorship= 19.6963342837989
ICForagerLifespan= 6.64973202906549
ImmType= Logarithmic
AIAdultSlope= 0.866895196493715
AIAdultLD50= 1.57319253310561
AIAdultSlopeContact= 2.63039675493026
AIAdultLD50Contact= 0.00736867525847629
AILarvaSlope= 2.61227024872787
AILarvaLD50= 0.42285465861205
AIKOW= 3.17906031245366
AIKOC= 26.1793991271406
AIHalfLife= 6.10995218669996
EAppRate= 0.918595962226391
