ICQueenStrength= 1.25829809019342
RQWkrDrnRatio= 3.83292690757662
ICDroneMiteSurvivorship= 30.6759156985208
ICWorkerMiteSurvivorship= 80.7424503844231
ICForagerLifespan= 9.64420060720295
ImmType= Cosine
AIAdultSlopeContact= 2.32380065120291
AIAdultLD50Contact= 0.00631973100826144
AILarvaSlope= 1.48603428960778
AILarvaLD50= 0.677917103678919
AIKOW= 6.88115529390052
AIKOC= 25.0416118488647
AIHalfLife= 11.1606176453643
