ICQueenStrength= 5.17794896173291
RQWkrDrnRatio= 4.16129569429904
ICDroneMiteSurvivorship= 65.9568006638438
ICWorkerMiteSurvivorship= 14.4963673781604
ICForagerLifespan= 11.8958177333698
ImmType= Sine
AIAdultSlope= 1.11495927730575
AIAdultLD50= 2.22205213503912
AIAdultSlopeContact= 2.42389693131438
AIAdultLD50Contact= 0.00893491238821298
AILarvaSlope= 0.110443112207577
AILarvaLD50= 0.890062388777733
AIKOW= 3.85275157075375
AIKOC= 18.1461961078458
AIHalfLife= 2.07054735673591
EAppRate= 0.113177011022344
