ICQueenStrength= 1.65722055733204
RQWkrDrnRatio= 4.65399561170489
ICDroneMiteSurvivorship= 95.0562646379694
ICWorkerMiteSurvivorship= 57.5660989386961
ICForagerLifespan= 10.1565634626895
ImmType= Logarithmic
AIAdultSlope= 1.01742860861123
AIAdultSlopeContact= 5.20854636095464
AIAdultLD50Contact= 0.161595121165738
AILarvaSlope= 5.19162478856742
AILarvaLD50= 1.53322827396914
AIKOW= 51.0724720545113
AIKOC= 58.4129862254485
AIHalfLife= 0.606742666568607
EAppRate= 1.36818459769711
