ICQueenStrength= 4.24636004748754
RQWkrDrnRatio= 1.18243136350065
ICDroneMiteSurvivorship= 12.2813501628116
ICWorkerMiteSurvivorship= 30.9037347789854
ICForagerLifespan= 12.288710325025
ImmType= Sine
AIAdultSlope= 2.44532962352969
AIAdultLD50= 2.40036358474754
AIAdultSlopeContact= 1.51193516995758
AIAdultLD50Contact= 0.0215457145241089
AILarvaSlope= 1.21860992941074
AILarvaLD50= 0.298927642707713
AIKOW= 5.81316277431324
AIKOC= 11.6733742423821
AIHalfLife= 9.67910679709166
EAppRate= 0.350763290654868
