ICQueenStrength= 1.39012180524878
RQWkrDrnRatio= 3.36623883340508
ICDroneMiteSurvivorship= 57.7205026755109
ICWorkerMiteSurvivorship= 44.7806455660611
ICForagerLifespan= 8.02705311961472
ImmType= Exponential
AIAdultSlope= 2.43047032691538
AIAdultLD50= 0.227322370978072
AIAdultSlopeContact= 3.74817849688232
AIAdultLD50Contact= 0.00904792526271194
AILarvaSlope= 2.96640264862217
AILarvaLD50= 0.622191056027077
AIKOW= 3.34171553840861
AIKOC= 13.1455218081828
AIHalfLife= 6.34425062360242
EAppRate= 0.107620824826881
