ICQueenStrength= 5.44220757577568
RQWkrDrnRatio= 4.32416930515319
ICDroneMiteSurvivorship= 85.8280330663547
ICWorkerMiteSurvivorship= 47.215408552438
ICForagerLifespan= 6.3517953529954
ImmType= Exponential
AIAdultSlope= 0.660834041237831
AIAdultLD50= 1.47790543804877
AIAdultSlopeContact= 2.97150833778083
AIAdultLD50Contact= 0.00443639442091808
AILarvaSlope= 0.242250382481143
AILarvaLD50= 0.224843876785599
AIKOW= 2.43972008023411
AIKOC= 13.1381627125666
AIHalfLife= 8.26391687896103
EAppRate= 0.238893333589658
