ICQueenStrength= 5.98129801126197
RQWkrDrnRatio= 4.78953078575432
ICDroneMiteSurvivorship= 88.825868233107
ICWorkerMiteSurvivorship= 7.97277437523007
ICForagerLifespan= 15.7748434422538
ImmType= Cosine
AIAdultSlope= 1.71867793164449
AIAdultLD50= 0.405209588818252
AIAdultSlopeContact= 2.78653624633793
AIAdultLD50Contact= 0.0339409290230833
AILarvaSlope= 1.14443577365018
AILarvaLD50= 0.275833063898608
AIKOW= 3.3200616221875
AIKOC= 29.0064234065358
AIHalfLife= 2.59815054596402
EAppRate= 0.214864996005781
