ICQueenStrength= 1.99034420331009
RQWkrDrnRatio= 1.84662813320756
ICDroneMiteSurvivorship= 28.5875069675967
ICWorkerMiteSurvivorship= 3.76974924001843
ICForagerLifespan= 8.61769164353609
ImmType= Sine
AIAdultSlopeContact= 0.267810907415114
AIAdultLD50Contact= 0.00624613807303831
AILarvaSlope= 0.736575813172385
AILarvaLD50= 0.0161246950272471
AIKOW= 7.98842624435201
AIKOC= 11.0758302162867
AIHalfLife= 2.9269299400039
