ICQueenStrength= 4.01949820830487
RQWkrDrnRatio= 4.44131894037127
ICDroneMiteSurvivorship= 8.73229207936674
ICWorkerMiteSurvivorship= 93.5844294028357
ICForagerLifespan= 13.7589823380113
ImmType= Exponential
AIAdultLD50= 0.154012839635834
AIAdultSlopeContact= 2.57195052386262
AIAdultLD50Contact= 0.0318599485210143
AILarvaSlope= 1.41119625247084
AILarvaLD50= 0.549867858155631
AIKOW= 5.85774457361549
AIKOC= 15.05664562108
AIHalfLife= 13.6266708951443
EAppRate= 0.385663376189768
