ICQueenStrength= 1.62958527589217
RQWkrDrnRatio= 4.76969982963055
ICDroneMiteSurvivorship= 81.8659417331219
ICWorkerMiteSurvivorship= 31.2357799848542
ICForagerLifespan= 15.7071094866842
ImmType= Polynomial
AIAdultSlope= 1.26184628183953
AIAdultLD50= 0.346486261114478
AIAdultSlopeContact= 3.32201959509635
AIAdultLD50Contact= 0.00513933430192992
AILarvaSlope= 0.381327280169353
AILarvaLD50= 0.501589999208227
AIKOW= 5.95173109555617
AIKOC= 28.3727628947236
AIHalfLife= 2.6160729303956
EAppRate= 0
