ICQueenStrength= 5.93117011035793
RQWkrDrnRatio= 4.59371110610664
ICDroneMiteSurvivorship= 94.6230263216421
ICWorkerMiteSurvivorship= 68.5658554779366
ICForagerLifespan= 8.67187311220914
ImmType= Exponential
AIAdultSlope= 0.0491952133015729
AIAdultLD50= 0.488839565659873
AIAdultSlopeContact= 2.20129826304736
AIAdultLD50Contact= 0.0454371099360287
AILarvaSlope= 1.70675349873491
AILarvaLD50= 0.0239816366694868
AIKOW= 2.53449357906356
AIKOC= 18.2977051602211
AIHalfLife= 2.64651783276349
EAppRate= 0.472638695617206
