ICQueenStrength= 5.33132432750426
RQWkrDrnRatio= 3.8505625044927
ICDroneMiteSurvivorship= 11.0647164285183
ICWorkerMiteSurvivorship= 83.8640643050894
ICForagerLifespan= 13.967482721433
ImmType= Exponential
AIAdultSlope= 0.71058576987125
AIAdultLD50= 2.28722326923162
AIAdultSlopeContact= 2.17080567601835
AIAdultLD50Contact= 0.0470342505490407
AILarvaSlope= 0.329042543331161
AILarvaLD50= 0.451700743683614
AIKOW= 4.8480055979453
AIKOC= 28.1912473100238
AIHalfLife= 4.01894133863971
EAppRate= 0.402734867297113
