ICQueenStrength= 1.88502107653767
RQWkrDrnRatio= 2.97766268067062
ICDroneMiteSurvivorship= 13.0010696360841
ICWorkerMiteSurvivorship= 65.6552229309455
ICForagerLifespan= 7.50866140704602
ImmType= Exponential
AIAdultSlope= 7.48368134489283
AIAdultLD50= 0.710709468228742
AIAdultSlopeContact= 6.44947077846155
AIAdultLD50Contact= 0.115818050736561
AILarvaSlope= 5.91201588977128
AILarvaLD50= 0.386461416259408
AIKOW= 89.1614915570244
AIKOC= 9.23911253921688
AIHalfLife= 12.8335309885442
EAppRate= 0.137070838361979
