ICQueenStrength= 2.73037855420262
RQWkrDrnRatio= 3.4732191581279
ICDroneMiteSurvivorship= 69.3730435101315
ICWorkerMiteSurvivorship= 34.4101808732376
ICForagerLifespan= 14.6245272532105
ImmType= Polynomial
AIAdultSlope= 2.89099080793792
AIAdultLD50= 0.432823348557577
AIAdultSlopeContact= 1.84753228305141
AIAdultLD50Contact= 0.0082231494714506
AILarvaSlope= 1.97318960558623
AILarvaLD50= 0.341119634988718
AIKOW= 3.9331889054738
AIKOC= 6.06478609959595
AIHalfLife= 4.10789158893749
EAppRate= 0.162146253418177
