ICQueenStrength= 2.81185898836702
RQWkrDrnRatio= 1.48973940312862
ICDroneMiteSurvivorship= 93.4100689133629
ICWorkerMiteSurvivorship= 73.3426009537652
ICForagerLifespan= 9.24913048371673
ImmType= Cosine
AIAdultLD50= 0.154012839635834
AIAdultSlopeContact= 0.951472767856903
AIAdultLD50Contact= 0.0480955785606056
AILarvaSlope= 0.207276250096038
AILarvaLD50= 0.857798764994368
AIKOW= 6.6676256917417
AIKOC= 28.3811229350977
AIHalfLife= 1.34754096297547
EAppRate= 1.59201643522829
