ICQueenStrength= 2.56756158336066
RQWkrDrnRatio= 1.42672018054873
ICDroneMiteSurvivorship= 62.9822712391615
ICWorkerMiteSurvivorship= 65.2486878214404
ICForagerLifespan= 4.76817864365876
ImmType= Polynomial
AIAdultSlope= 0.27026077369228
AIAdultLD50= 0.100661685341038
AIAdultSlopeContact= 0.727439976311289
AIAdultLD50Contact= 0.038958429871127
AILarvaSlope= 2.85980590772815
AILarvaLD50= 0.676615025941283
AIKOW= 2.9198728883639
AIKOC= 18.4089812461752
AIHalfLife= 0.435748276067898
EAppRate= 0.108739555208012
