ICQueenStrength= 2.95291664917022
RQWkrDrnRatio= 4.28979787882417
ICDroneMiteSurvivorship= 31.2700528884307
ICWorkerMiteSurvivorship= 60.4225410846993
ICForagerLifespan= 6.48048528842628
ImmType= Exponential
AIAdultSlope= 2.09523479935247
AIAdultLD50= 0.485089868772775
AIAdultSlopeContact= 1.73869475168874
AIAdultLD50Contact= 0.00851515448885039
AILarvaSlope= 0.382133565237746
AILarvaLD50= 0.249898640136234
AIKOW= 5.24090848816559
AIKOC= 14.7216871508863
AIHalfLife= 3.68444294086657
EAppRate= 0.0208975119050592
