ICQueenStrength= 3.35028633032925
RQWkrDrnRatio= 2.60811827518046
ICDroneMiteSurvivorship= 28.1850836239755
ICWorkerMiteSurvivorship= 69.1929589491338
ICForagerLifespan= 12.3474075663835
ImmType= Exponential
AIAdultSlope= 3.82360417289659
AIAdultLD50= 0.499846550752409
AIAdultSlopeContact= 0.330264653591439
AIAdultLD50Contact= 0.0484919444192201
AILarvaSlope= 2.12988943355158
AILarvaLD50= 0.105134355230257
AIKOW= 3.1890894761309
AIKOC= 14.1397015668917
AIHalfLife= 2.35444295918569
EAppRate= 0.383961406769231
