ICQueenStrength= 2.99039600323886
RQWkrDrnRatio= 2.40261485148221
ICDroneMiteSurvivorship= 2.66974437981844
ICWorkerMiteSurvivorship= 83.961087022908
ICForagerLifespan= 10.8666690876707
ImmType= Cosine
AIAdultSlope= 1.59801291050389
AIAdultLD50= 2.8285430339165
AIAdultSlopeContact= 1.4866665049782
AIAdultLD50Contact= 0.00948773615527898
AILarvaSlope= 2.15393878561445
AILarvaLD50= 0.851999620394781
AIKOW= 3.16098100831732
AIKOC= 17.2765754524153
AIHalfLife= 12.9202437698841
EAppRate= 0.757758364081383
