ICQueenStrength= 4.62983434344642
RQWkrDrnRatio= 3.28590761963278
ICDroneMiteSurvivorship= 88.6891425820068
ICWorkerMiteSurvivorship= 8.61378507688642
ICForagerLifespan= 9.60509525984526
ImmType= Logarithmic
AIAdultSlope= 5.84958210820332
