ICQueenStrength= 5.48919686954468
RQWkrDrnRatio= 1.95699978154153
ICDroneMiteSurvivorship= 61.2348755588755
ICWorkerMiteSurvivorship= 72.174626449123
ICForagerLifespan= 7.69433083571494
ImmType= Polynomial
AIAdultSlope= 2.56398502038792
