ICQueenStrength= 1.15069116372615
RQWkrDrnRatio= 1.90545562654734
ICDroneMiteSurvivorship= 18.1175240548328
ICWorkerMiteSurvivorship= 96.3137317216024
ICForagerLifespan= 14.216661718674
ImmType= Sine
AIAdultSlope= 1.32247566739097
AIAdultLD50= 2.30747699341737
AIAdultSlopeContact= 1.31950198761653
AIAdultLD50Contact= 0.0473469792865217
AILarvaSlope= 2.45144034400582
AILarvaLD50= 0.243274211254902
AIKOW= 6.04586015455425
AIKOC= 27.4197660514619
AIHalfLife= 1.22288271645084
EAppRate= 0.449553904822096
