ICQueenStrength= 2.00678045651875
RQWkrDrnRatio= 4.18189205881208
ICDroneMiteSurvivorship= 70.2879594638944
ICWorkerMiteSurvivorship= 32.8037208411843
ICForagerLifespan= 13.645857247524
ImmType= Sine
AIAdultSlopeContact= 2.13990101357922
AIAdultLD50Contact= 0.0118958627339453
AILarvaSlope= 3.95858424482867
AILarvaLD50= 0.343197681475431
AIKOW= 13.6606758926064
AIKOC= 28.995155589655
AIHalfLife= 1.73490226222202
