ICQueenStrength= 2.47321535274386
RQWkrDrnRatio= 1.1613998496905
ICDroneMiteSurvivorship= 84.9900455446914
ICWorkerMiteSurvivorship= 20.701336604543
ICForagerLifespan= 10.6915982877836
ImmType= Sine
AIAdultSlopeContact= 9.3550738831982
AIAdultLD50Contact= 0.167932854732499
AILarvaSlope= 0.235246955417097
AILarvaLD50= 0.0042699109762907
AIKOW= 48.5973971430212
AIKOC= 68.0808060569689
AIHalfLife= 3.91524002281949
