ICQueenStrength= 2.90389075549319
RQWkrDrnRatio= 2.68921659793705
ICDroneMiteSurvivorship= 94.4778138538823
ICWorkerMiteSurvivorship= 74.2563664214686
ICForagerLifespan= 4.86550272628665
ImmType= Exponential
AIAdultSlopeContact= 2.93282974730479
AIAdultLD50Contact= 0.0394280042033643
AILarvaSlope= 3.29034036854282
AILarvaLD50= 0.11304278774187
AIKOW= 7.17616179073229
AIKOC= 16.8910268822219
AIHalfLife= 2.5427629663609
