ICQueenStrength= 2.12148130545393
RQWkrDrnRatio= 1.19830822851509
ICDroneMiteSurvivorship= 36.9209342403337
ICWorkerMiteSurvivorship= 71.049478999339
ICForagerLifespan= 8.503651721403
ImmType= Sine
AIAdultSlope= 3.19798088632524
