ICQueenStrength= 4.9706023351755
RQWkrDrnRatio= 3.01865166611969
ICDroneMiteSurvivorship= 72.2123093670234
ICWorkerMiteSurvivorship= 83.0724472180009
ICForagerLifespan= 4.1107178023085
ImmType= Tangent
AIAdultSlope= 7.06239575287327
