ICQueenStrength= 3.48817763640545
RQWkrDrnRatio= 1.99812068417668
ICDroneMiteSurvivorship= 58.6041926173493
ICWorkerMiteSurvivorship= 1.2939739972353
ICForagerLifespan= 7.75862366240472
ImmType= Logarithmic
AIAdultSlope= 0.655153699703515
AIAdultLD50= 0.109122533234768
AIAdultSlopeContact= 3.5539322348102
AIAdultLD50Contact= 0.00369426578981802
AILarvaSlope= 1.13662460008636
AILarvaLD50= 0.89562857283745
AIKOW= 7.77645719191059
AIKOC= 16.8510534870438
AIHalfLife= 1.32438290631399
EAppRate= 0.413559914031066
