ICQueenStrength= 5.9557733500842
RQWkrDrnRatio= 3.32669972907752
ICDroneMiteSurvivorship= 21.5680826921016
ICWorkerMiteSurvivorship= 79.650403582491
ICForagerLifespan= 14.6058178087696
ImmType= Cosine
AIAdultSlope= 1.26721655544825
AIAdultLD50= 2.64464468811639
AIAdultSlopeContact= 2.29808963047341
AIAdultLD50Contact= 0.00994532196782529
AILarvaSlope= 2.86906366683543
AILarvaLD50= 0.801228945306502
AIKOW= 3.10661447420716
AIKOC= 26.8393098970409
AIHalfLife= 13.1548998793587
EAppRate= 0.219699047505856
