ICQueenStrength= 4.33230808959343
RQWkrDrnRatio= 1.70492827426642
ICDroneMiteSurvivorship= 8.73710724990815
ICWorkerMiteSurvivorship= 97.1124650212005
ICForagerLifespan= 10.5953499469906
ImmType= Logarithmic
AIAdultSlope= 0.741672253478318
AIAdultLD50= 0.169333464815281
AIAdultSlopeContact= 0.0957136132218875
AIAdultLD50Contact= 0.00868130043381825
AILarvaSlope= 2.6305262084119
AILarvaLD50= 0.666737700509839
AIKOW= 3.80344443162903
AIKOC= 14.8739349399693
AIHalfLife= 0.921448507579044
EAppRate= 0.276114366343245
