ICQueenStrength= 1.48919418011792
RQWkrDrnRatio= 3.61411341652274
ICDroneMiteSurvivorship= 46.6552644968033
ICWorkerMiteSurvivorship= 55.340102314949
ICForagerLifespan= 13.8732935711741
ImmType= Polynomial
AIAdultSlope= 1.44435379707254
AIAdultLD50= 0.31401317473501
AIAdultSlopeContact= 1.18904141056119
AIAdultLD50Contact= 0.0429687205934897
AILarvaSlope= 1.8651461659465
AILarvaLD50= 0.0522313878871501
AIKOW= 2.14441590150818
AIKOC= 29.9761135084555
AIHalfLife= 0.0972468452528119
EAppRate= 0.154487007297575
