ICQueenStrength= 5.90846597473137
RQWkrDrnRatio= 1.20861389487982
ICDroneMiteSurvivorship= 73.2698775827885
ICWorkerMiteSurvivorship= 8.23982190340757
ICForagerLifespan= 10.0562280835584
ImmType= Logarithmic
AIAdultSlope= 1.02653459501453
AIAdultLD50= 1.36775238742121
AIAdultSlopeContact= 0.0436427105544135
AIAdultLD50Contact= 0.018036216928158
AILarvaSlope= 3.16371704768389
AILarvaLD50= 0.417797156749293
AIKOW= 4.40094523644075
AIKOC= 16.3880155142397
AIHalfLife= 8.81544348690659
EAppRate= 0.348088755505159
