ICQueenStrength= 1.85104142548516
RQWkrDrnRatio= 4.94933647476137
ICDroneMiteSurvivorship= 76.1130117112771
ICWorkerMiteSurvivorship= 90.0282640010118
ICForagerLifespan= 7.20744429435581
ImmType= Logarithmic
AIAdultSlopeContact= 7.91045939316973
AIAdultLD50Contact= 0.0548424419015646
AILarvaSlope= 9.34618679573759
AILarvaLD50= 0.505520408507437
AIKOW= 34.8944219294935
AIKOC= 14.6623064763844
AIHalfLife= 10.1468532956205
