ICQueenStrength= 5.41325096762739
RQWkrDrnRatio= 2.51710070669651
ICDroneMiteSurvivorship= 45.976368105039
ICWorkerMiteSurvivorship= 60.3164254454896
ICForagerLifespan= 6.15495530609041
ImmType= Cosine
AIAdultSlope= 3.17232056986541
