ICQueenStrength= 3.14027271722443
RQWkrDrnRatio= 4.53306467551738
ICDroneMiteSurvivorship= 85.7123139314353
ICWorkerMiteSurvivorship= 26.8323943484575
ICForagerLifespan= 6.35617018956691
ImmType= Tangent
AIAdultSlopeContact= 1.9391843132861
AIAdultLD50Contact= 0.0482137164101005
AILarvaSlope= 1.21294902800582
AILarvaLD50= 0.874350258568302
AIKOW= 2.77547388616949
AIKOC= 26.2028248177376
AIHalfLife= 1.6718035666272
