ICQueenStrength= 4.8735013990663
RQWkrDrnRatio= 3.83746045920998
ICDroneMiteSurvivorship= 36.2739280797541
ICWorkerMiteSurvivorship= 95.0282263802364
ICForagerLifespan= 15.2174573782831
ImmType= Tangent
AIAdultLD50= 0.154012839635834
AIAdultSlopeContact= 3.74108938080026
AIAdultLD50Contact= 0.0246326373307966
AILarvaSlope= 3.17137111076154
AILarvaLD50= 0.739641249412671
AIKOW= 5.3919042982161
AIKOC= 16.2959889986087
AIHalfLife= 3.74347994476557
EAppRate= 1.30137223610654
