ICQueenStrength= 3.04285208485089
RQWkrDrnRatio= 2.47512960806489
ICDroneMiteSurvivorship= 29.589353618212
ICWorkerMiteSurvivorship= 42.8133933804929
ICForagerLifespan= 10.8953783856705
ImmType= Tangent
AIAdultSlope= 2.08817351376638
