ICQueenStrength= 4.86896265554242
RQWkrDrnRatio= 2.67543508112431
ICDroneMiteSurvivorship= 63.7452084571123
ICWorkerMiteSurvivorship= 18.3969544246793
ICForagerLifespan= 7.70054802298546
ImmType= Logarithmic
AIAdultSlope= 2.14534759915201
AIAdultLD50= 0.126823252998292
AIAdultSlopeContact= 0.512350919942837
AIAdultLD50Contact= 0.0329688964993693
AILarvaSlope= 2.47384090437554
AILarvaLD50= 0.649085191148333
AIKOW= 6.20578816905618
AIKOC= 25.8727231598459
AIHalfLife= 2.79853918356821
EAppRate= 0.0409694029716775
