ICQueenStrength= 1.26316539570689
RQWkrDrnRatio= 3.32983008772135
