ICQueenStrength= 2.00221671862528
RQWkrDrnRatio= 1.25489343702793
ICDroneMiteSurvivorship= 97.658053971827
ICWorkerMiteSurvivorship= 66.5241656126454
ICForagerLifespan= 12.0389470923692
ImmType= Cosine
AIAdultSlopeContact= 0.579757998974528
AIAdultLD50Contact= 0.0136574327363633
AILarvaSlope= 1.92083753952757
AILarvaLD50= 0.400449658138678
AIKOW= 2.97466180054471
AIKOC= 26.1709440511186
AIHalfLife= 9.45386199932545
