ICQueenStrength= 2.50468864478171
RQWkrDrnRatio= 3.54615454468876
ICDroneMiteSurvivorship= 89.247561735101
ICWorkerMiteSurvivorship= 29.2096712393686
ICForagerLifespan= 15.8288651043549
ImmType= Cosine
AIAdultSlope= 1.75310597835341
AIAdultLD50= 0.19377327687107
AIAdultSlopeContact= 0.779067196443211
AIAdultLD50Contact= 0.00377509678946808
AILarvaSlope= 0.676334027806297
AILarvaLD50= 0.565117367869243
AIKOW= 7.17446181084961
AIKOC= 15.8842770743649
AIHalfLife= 3.45620397245511
EAppRate= 0.507117365743034
