ICQueenStrength= 4.51202782709152
RQWkrDrnRatio= 3.36169070657343
ICDroneMiteSurvivorship= 51.9818295259029
ICWorkerMiteSurvivorship= 45.5780103104189
ICForagerLifespan= 11.3031076192856
ImmType= Polynomial
AIAdultSlopeContact= 3.1623063769564
AIAdultLD50Contact= 0.00141081138281152
AILarvaSlope= 2.13049938553013
AILarvaLD50= 0.818801844818518
AIKOW= 5.26297187432647
AIKOC= 9.50379352550954
AIHalfLife= 0.69330447493121
