ICQueenStrength= 1.54437142214738
RQWkrDrnRatio= 3.34722558408976
ICDroneMiteSurvivorship= 65.8297823276371
ICWorkerMiteSurvivorship= 71.1221563396975
ICForagerLifespan= 12.1710628792644
ImmType= Exponential
AIAdultSlope= 2.84754152195528
AIAdultLD50= 1.97811152273789
AIAdultSlopeContact= 2.36062808229122
AIAdultLD50Contact= 0.0390320033417083
AILarvaSlope= 0.250132509320974
AILarvaLD50= 0.0698596544796601
AIKOW= 6.83908035140485
AIKOC= 24.8253827926237
AIHalfLife= 10.9968833248131
EAppRate= 0.638902586884797
