ICQueenStrength= 5.62533307028934
RQWkrDrnRatio= 3.0953744603321
ICDroneMiteSurvivorship= 66.1402493948117
ICWorkerMiteSurvivorship= 24.5141895953566
ICForagerLifespan= 11.2636845977977
ImmType= Polynomial
AIAdultSlope= 1.51215158147039
AIAdultLD50= 0.061572587583214
AIAdultSlopeContact= 2.18799764819909
AIAdultLD50Contact= 0.025549709610641
AILarvaSlope= 1.3372100607492
AILarvaLD50= 0.0890163345029578
AIKOW= 7.20298815565184
AIKOC= 22.4762943643145
AIHalfLife= 3.43366590910591
EAppRate= 0.0575858566677198
