ICQueenStrength= 3.68007341655903
RQWkrDrnRatio= 3.98450589366257
ICDroneMiteSurvivorship= 83.7828173069283
ICWorkerMiteSurvivorship= 38.0338681396097
ICForagerLifespan= 11.6795093305409
ImmType= Sine
AIAdultSlope= 1.40452388888225
AIAdultLD50= 1.74821919249371
AIAdultSlopeContact= 2.94904741977341
AIAdultLD50Contact= 0.0277033917955123
AILarvaSlope= 3.23178531345911
AILarvaLD50= 0.277575657796115
AIKOW= 3.90189719339833
AIKOC= 18.8365224527661
AIHalfLife= 10.5876772208139
EAppRate= 0.0502660861238837
