ICQueenStrength= 4.39161293464713
RQWkrDrnRatio= 3.52052748668939
ICDroneMiteSurvivorship= 73.1274827616289
ICWorkerMiteSurvivorship= 75.8865418843925
ICForagerLifespan= 13.765824502334
ImmType= Logarithmic
AIAdultLD50= 0.154012839635834
AIAdultSlopeContact= 0.307790156621486
AIAdultLD50Contact= 0.0023621951462701
AILarvaSlope= 0.515212009008974
AILarvaLD50= 0.883379207574762
AIKOW= 5.48891324782744
AIKOC= 28.830700526014
AIHalfLife= 6.86964195314795
EAppRate= 0.0186300547793508
