ICQueenStrength= 4.73870303109288
RQWkrDrnRatio= 4.30564233660698
