ICQueenStrength= 5.08256071154028
RQWkrDrnRatio= 3.41980724222958
ICDroneMiteSurvivorship= 96.4688078965992
ICWorkerMiteSurvivorship= 67.5217059673741
ICForagerLifespan= 13.4465355817229
ImmType= Polynomial
AIAdultSlopeContact= 3.73695804733085
AIAdultLD50Contact= 0.0230820973287337
AILarvaSlope= 2.10769201028161
AILarvaLD50= 0.000566199235618115
AIKOW= 4.89268243685365
AIKOC= 25.6405461591203
AIHalfLife= 5.88319623470306
