ICQueenStrength= 2.60169790033251
RQWkrDrnRatio= 1.41486633569002
ICDroneMiteSurvivorship= 11.424418585375
ICWorkerMiteSurvivorship= 38.2825083099306
ICForagerLifespan= 15.0255290847272
ImmType= Sine
AIAdultSlope= 5.0395771744661
AIAdultLD50= 0.229433102300391
AIAdultSlopeContact= 9.92979945614934
AIAdultLD50Contact= 0.159011272387579
AILarvaSlope= 2.9253839654848
AILarvaLD50= 0.429826631676406
AIKOW= 24.7674943879247
AIKOC= 21.9137689797208
AIHalfLife= 2.28790473891422
EAppRate= 0.900594876613468
