ICQueenStrength= 5.38691862626001
RQWkrDrnRatio= 1.29044317081571
ICDroneMiteSurvivorship= 4.02907324023545
ICWorkerMiteSurvivorship= 11.5066703408957
ICForagerLifespan= 8.10462014842778
ImmType= Exponential
AIAdultSlope= 1.73857367765158
AIAdultLD50= 1.22705016005784
AIAdultSlopeContact= 2.96041022974066
AIAdultLD50Contact= 0.0191468107164837
AILarvaSlope= 0.449144106311724
AILarvaLD50= 0.570683184382506
AIKOW= 2.70023515028879
AIKOC= 25.9491180430632
AIHalfLife= 0.483732367865741
EAppRate= 0.736556861549616
