ICQueenStrength= 3.5572170864325
RQWkrDrnRatio= 4.26361801009625
ICDroneMiteSurvivorship= 50.6299613974988
ICWorkerMiteSurvivorship= 40.9413758898154
ICForagerLifespan= 6.07873428799212
ImmType= Sine
AIAdultSlope= 1.0550038350746
AIAdultLD50= 0.743720563827083
AIAdultSlopeContact= 3.06786069295602
AIAdultLD50Contact= 0.0150004083989188
AILarvaSlope= 0.187464061751962
AILarvaLD50= 0.259038178506307
AIKOW= 3.39800585620105
AIKOC= 21.2216546246782
AIHalfLife= 10.4572632974014
EAppRate= 0.602646340383217
