ICQueenStrength= 4.95772878313437
RQWkrDrnRatio= 1.72831884678453
ICDroneMiteSurvivorship= 38.8083288213238
ICWorkerMiteSurvivorship= 20.9222097415477
ICForagerLifespan= 6.68761783186346
ImmType= Tangent
AIAdultSlope= 2.29085384329548
AIAdultLD50= 0.0751602305099368
AIAdultSlopeContact= 0.121747877311427
AIAdultLD50Contact= 0.0115371429361403
AILarvaSlope= 0.695839470485225
AILarvaLD50= 0.628513366333209
AIKOW= 5.23312391433865
AIKOC= 5.30487296753563
AIHalfLife= 4.9047686601989
EAppRate= 0.47812181992922
