ICQueenStrength= 2.98957714950666
RQWkrDrnRatio= 3.73644925933331
ICDroneMiteSurvivorship= 89.0910226851702
ICWorkerMiteSurvivorship= 8.07666627224535
ICForagerLifespan= 10.837015889585
ImmType= Logarithmic
AIAdultLD50= 0.154012839635834
AIAdultSlopeContact= 1.37673667875817
AIAdultLD50Contact= 0.00208210721611977
AILarvaSlope= 1.8087572265882
AILarvaLD50= 0.809448358579539
AIKOW= 5.04479360440746
AIKOC= 14.7864741866942
AIHalfLife= 6.86733093811199
EAppRate= 1.58053540578112
