ICQueenStrength= 3.81871776678599
RQWkrDrnRatio= 4.11235929466784
ICDroneMiteSurvivorship= 71.5589311672375
ICWorkerMiteSurvivorship= 1.72671051695943
ICForagerLifespan= 15.4092282289639
ImmType= Exponential
AIAdultSlope= 3.0184398941067
AIAdultLD50= 0.293335146969184
AIAdultSlopeContact= 2.80720694741467
AIAdultLD50Contact= 0.000877816008869559
AILarvaSlope= 1.13737255907617
AILarvaLD50= 0.72389325639233
AIKOW= 5.05307234171778
AIKOC= 18.5344135109335
AIHalfLife= 3.02830383880064
EAppRate= 0.426899248361587
