ICQueenStrength= 5.13280850159936
RQWkrDrnRatio= 4.03676897007972
ICDroneMiteSurvivorship= 85.4532889323309
ICWorkerMiteSurvivorship= 65.7355280127376
ICForagerLifespan= 8.48043815791607
ImmType= Sine
AIAdultSlope= 1.45002021635883
AIAdultLD50= 2.88934707501903
AIAdultSlopeContact= 1.14258863436291
AIAdultLD50Contact= 0.00521040861494839
AILarvaSlope= 1.73673375304788
AILarvaLD50= 0.774286265554838
AIKOW= 4.27310156729072
AIKOC= 20.3635000053328
AIHalfLife= 4.02930894400924
EAppRate= 0.0345483140554279
