ICQueenStrength= 2.28941644099541
RQWkrDrnRatio= 3.97633229568601
ICDroneMiteSurvivorship= 23.1579709798098
ICWorkerMiteSurvivorship= 68.0611879564822
ICForagerLifespan= 13.31118018087
ImmType= Cosine
AIAdultSlopeContact= 1.72971048550447
AIAdultLD50Contact= 0.0342003930476494
AILarvaSlope= 1.91644933470525
AILarvaLD50= 0.218021649238653
AIKOW= 6.18417758168653
AIKOC= 17.5368328706827
AIHalfLife= 0.410153313074261
