ICQueenStrength= 5.75157970096916
RQWkrDrnRatio= 2.27552779018879
ICDroneMiteSurvivorship= 33.9327772380784
ICWorkerMiteSurvivorship= 78.0922624282539
ICForagerLifespan= 13.3883841056377
ImmType= Logarithmic
AIAdultSlopeContact= 3.68145442228066
AIAdultLD50Contact= 0.00268264032201841
AILarvaSlope= 0.234424669947475
AILarvaLD50= 0.0701820078073069
AIKOW= 2.54060029005632
AIKOC= 21.7267995595466
AIHalfLife= 3.54373857239261
