ICQueenStrength= 4.96673561655916
RQWkrDrnRatio= 1.38745999801904
ICDroneMiteSurvivorship= 61.7834536125883
ICWorkerMiteSurvivorship= 21.626967866905
ICForagerLifespan= 6.72201079502702
ImmType= Cosine
AIAdultSlope= 2.29316472397186
AIAdultLD50= 0.810439773369581
AIAdultSlopeContact= 2.13643051406136
AIAdultLD50Contact= 0.0329325147322379
AILarvaSlope= 1.14906677198596
AILarvaLD50= 0.42594131436199
AIKOW= 6.11168628837913
AIKOC= 5.56395683204755
AIHalfLife= 10.2145638675429
EAppRate= 0.458715302404016
