ICQueenStrength= 3.98812444321811
RQWkrDrnRatio= 4.14014391228557
ICDroneMiteSurvivorship= 36.5088088437915
ICWorkerMiteSurvivorship= 96.3442246895283
ICForagerLifespan= 8.70745411235839
ImmType= Logarithmic
AIAdultSlope= 4.8433095542714
