ICQueenStrength= 2.51098769740202
RQWkrDrnRatio= 2.94638779852539
ICDroneMiteSurvivorship= 15.3558898251504
ICWorkerMiteSurvivorship= 90.100435144268
ICForagerLifespan= 10.4957606997341
ImmType= Tangent
AIAdultSlope= 1.64971123281866
AIAdultLD50= 0.00386237178463489
AIAdultSlopeContact= 1.81048836358823
AIAdultLD50Contact= 0.0462150602252223
AILarvaSlope= 2.86756468922831
AILarvaLD50= 0.844189617829397
AIKOW= 2.76940097799525
AIKOC= 22.9168660019059
AIHalfLife= 0.376422220142558
EAppRate= 0.12707295101136
