ICQueenStrength= 1.61768518295139
RQWkrDrnRatio= 2.6284968983382
ICDroneMiteSurvivorship= 29.399495664984
ICWorkerMiteSurvivorship= 82.6248387340456
ICForagerLifespan= 12.048107964918
ImmType= Logarithmic
AIAdultSlope= 0.418914227890782
AIAdultLD50= 0.393223536899313
AIAdultSlopeContact= 1.91200533990981
AIAdultLD50Contact= 0.0223749881377444
AILarvaSlope= 0.772487287968397
AILarvaLD50= 0.726080604130402
AIKOW= 4.58104697195813
AIKOC= 24.6657269552816
AIHalfLife= 0.109924238640815
EAppRate= 0.291360535239801
