ICQueenStrength= 4.15395292476751
RQWkrDrnRatio= 2.64796603750437
ICDroneMiteSurvivorship= 77.3139644647017
ICWorkerMiteSurvivorship= 40.5896480195224
ICForagerLifespan= 12.0265681780875
ImmType= Tangent
AIAdultSlope= 2.14753332049586
AIAdultSlopeContact= 1.59791083973832
AIAdultLD50Contact= 0.0353484159568325
AILarvaSlope= 1.19491851418279
AILarvaLD50= 0.344228106737137
AIKOW= 7.42036748211831
AIKOC= 12.162053452339
AIHalfLife= 12.4878489389084
