ICQueenStrength= 4.56107706786133
RQWkrDrnRatio= 3.02192615903914
ICDroneMiteSurvivorship= 67.7801622077823
ICWorkerMiteSurvivorship= 13.6804868699983
ICForagerLifespan= 14.0586281986907
ImmType= Logarithmic
AIAdultSlope= 0.670141561038326
AIAdultLD50= 0.19726073963102
AIAdultSlopeContact= 0.925109052881599
AIAdultLD50Contact= 0.029646910354495
AILarvaSlope= 2.6358402509708
AILarvaLD50= 0.335006839782
AIKOW= 7.75860845856369
AIKOC= 19.5027383870911
AIHalfLife= 4.77312025497667
EAppRate= 0.569259537872858
