ICQueenStrength= 1.60608928324655
RQWkrDrnRatio= 2.16832303535193
ICDroneMiteSurvivorship= 88.6378737632185
ICWorkerMiteSurvivorship= 96.0423035081476
ICForagerLifespan= 12.1022941777483
ImmType= Exponential
AIAdultSlope= 2.48937916243449
