ICQueenStrength= 5.49226909084246
RQWkrDrnRatio= 3.07017987500876
ICDroneMiteSurvivorship= 62.4893417814746
ICWorkerMiteSurvivorship= 91.1763096693903
ICForagerLifespan= 12.3806942747906
ImmType= Cosine
AIAdultSlope= 2.84343819655478
AIAdultSlopeContact= 2.8908663380798
AIAdultLD50Contact= 0.0316162067116238
AILarvaSlope= 3.18092463808134
AILarvaLD50= 0.749493793747388
AIKOW= 5.25437855441123
AIKOC= 10.0147637783084
AIHalfLife= 13.8703062818386
