ICQueenStrength= 2.91798114217818
RQWkrDrnRatio= 3.38704613503069
ICDroneMiteSurvivorship= 73.7588205607608
ICWorkerMiteSurvivorship= 95.123813347891
ICForagerLifespan= 6.81515991874039
ImmType= Polynomial
AIAdultSlope= 3.58124858446419
AIAdultLD50= 0.439278065925464
AIAdultSlopeContact= 3.34029755395604
AIAdultLD50Contact= 0.00709406845271587
AILarvaSlope= 1.50064662005752
AILarvaLD50= 0.401680463086814
AIKOW= 6.80127769429237
AIKOC= 19.1933498787694
AIHalfLife= 2.40221812971868
EAppRate= 0.283285384415649
