ICQueenStrength= 3.13608603691682
RQWkrDrnRatio= 3.25072248373181
ICDroneMiteSurvivorship= 90.8552273409441
ICWorkerMiteSurvivorship= 41.5350212249905
ICForagerLifespan= 12.5595191419125
ImmType= Polynomial
AIAdultSlope= 0.244291965875309
AIAdultLD50= 0.415549279889092
AIAdultSlopeContact= 0.944035314784851
AIAdultLD50Contact= 0.0423457037075423
AILarvaSlope= 2.02636199141853
AILarvaLD50= 0.262458043196239
AIKOW= 3.23035586671904
AIKOC= 13.0939253792167
AIHalfLife= 2.88471385603771
EAppRate= 0
