ICQueenStrength= 2.63185963407159
RQWkrDrnRatio= 3.54417069628835
ICDroneMiteSurvivorship= 85.2019569603726
ICWorkerMiteSurvivorship= 97.2104863962159
ICForagerLifespan= 9.33911281265318
ImmType= Cosine
AIAdultSlope= 1.84143866808154
AIAdultSlopeContact= 2.88720591369783
AIAdultLD50Contact= 0.0490741056739353
AILarvaSlope= 2.36104629468173
AILarvaLD50= 0.791900740354322
AIKOW= 5.31352819222957
AIKOC= 10.4706447466742
AIHalfLife= 10.739034472499
