ICQueenStrength= 3.28440799168311
RQWkrDrnRatio= 2.9184607733041
ICDroneMiteSurvivorship= 74.7406436363235
ICWorkerMiteSurvivorship= 31.9881981937215
ICForagerLifespan= 14.4235103139654
ImmType= Tangent
AIAdultSlope= 1.7434873394575
AIAdultLD50= 0.315782676450908
AIAdultSlopeContact= 0.818742549566086
AIAdultLD50Contact= 0.0274365708348341
AILarvaSlope= 2.57521081753075
AILarvaLD50= 0.343834564648569
AIKOW= 4.86390997981653
AIKOC= 22.2194905520882
AIHalfLife= 0.667937077814713
EAppRate= 0
