ICQueenStrength= 2.41333791892976
RQWkrDrnRatio= 3.82463107258081
ICDroneMiteSurvivorship= 94.1829140065238
ICWorkerMiteSurvivorship= 17.6169882761315
ICForagerLifespan= 13.2783666895702
ImmType= Sine
AIAdultSlope= 0.983006249160972
AIAdultLD50= 0.470502817071974
AIAdultSlopeContact= 2.42473712321604
AIAdultLD50Contact= 0.0080027224146761
AILarvaSlope= 1.55792199485004
AILarvaLD50= 0.844216878083535
AIKOW= 7.67130158422515
AIKOC= 20.0243321782909
AIHalfLife= 4.41688020946458
EAppRate= 0.522131898882799
