ICQueenStrength= 4.49172116839327
RQWkrDrnRatio= 3.51976250950247
ICDroneMiteSurvivorship= 92.2206487972289
ICWorkerMiteSurvivorship= 49.2281432263553
ICForagerLifespan= 10.3731349036098
ImmType= Tangent
AIAdultSlope= 4.23765813233331
AIAdultLD50= 0.693846112582833
AIAdultSlopeContact= 0.730686120223254
AIAdultLD50Contact= 0.137726493785158
AILarvaSlope= 9.41095556830987
AILarvaLD50= 0.299069426953793
AIKOW= 46.6840376146138
AIKOC= 13.3473220979795
AIHalfLife= 12.8856159779243
EAppRate= 0.0440646111965179
