ICQueenStrength= 2.90040347981267
RQWkrDrnRatio= 4.81379794050008
ICDroneMiteSurvivorship= 31.37319565285
ICWorkerMiteSurvivorship= 86.1430799588561
ICForagerLifespan= 10.6998550435528
ImmType= Exponential
AIAdultSlope= 1.44344248985872
AIAdultLD50= 2.86466527380981
AIAdultSlopeContact= 2.49174096745206
AIAdultLD50Contact= 0.00828007125528529
AILarvaSlope= 1.00293346769176
AILarvaLD50= 0.126730812177993
AIKOW= 2.11331760184839
AIKOC= 20.0932511605788
AIHalfLife= 8.15303204813972
EAppRate= 0.166718155145645
