ICQueenStrength= 3.43169268779457
RQWkrDrnRatio= 2.49060040619224
