ICQueenStrength= 3.94234800152481
RQWkrDrnRatio= 4.88023395370692
ICDroneMiteSurvivorship= 24.4864487554878
ICWorkerMiteSurvivorship= 44.7204808937386
ICForagerLifespan= 14.7474410487339
ImmType= Logarithmic
AIAdultSlope= 2.46476731426083
AIAdultLD50= 0.693752997787669
AIAdultSlopeContact= 0.434899409122299
AIAdultLD50Contact= 0.00038372838171199
AILarvaSlope= 1.04955350095406
AILarvaLD50= 0.506631143367849
AIKOW= 6.89478270802647
AIKOC= 16.451245227363
AIHalfLife= 1.43023176956922
EAppRate= 0.155938300769776
