ICQueenStrength= 2.676315193763
RQWkrDrnRatio= 1.26987261977047
ICDroneMiteSurvivorship= 99.4363248115405
ICWorkerMiteSurvivorship= 90.3720570961013
ICForagerLifespan= 9.97765945643187
ImmType= Polynomial
AIAdultSlope= 1.90745947784744
AIAdultLD50= 2.07867668755352
AIAdultSlopeContact= 0.443817341525573
AIAdultLD50Contact= 0.022682601492852
AILarvaSlope= 1.15693188682199
AILarvaLD50= 0.577575309877284
AIKOW= 4.17051967885345
AIKOC= 27.8948802454397
AIHalfLife= 10.4871551874094
EAppRate= 0.329871749738231
