ICQueenStrength= 5.02566791628487
RQWkrDrnRatio= 2.45528847537935
ICDroneMiteSurvivorship= 11.3683289149776
ICWorkerMiteSurvivorship= 32.9669394996017
ICForagerLifespan= 8.40977218188345
ImmType= Exponential
AIAdultSlope= 1.48426730884239
