ICQueenStrength= 1.69013244239613
RQWkrDrnRatio= 2.99984059389681
ICDroneMiteSurvivorship= 96.1933158105239
ICWorkerMiteSurvivorship= 66.0377291729674
ICForagerLifespan= 4.3031484009698
ImmType= Polynomial
AIAdultSlope= 1.41275322064757
