ICQueenStrength= 4.7933499191422
RQWkrDrnRatio= 4.50524624157697
ICDroneMiteSurvivorship= 98.8975790794939
ICWorkerMiteSurvivorship= 56.1070846626535
ICForagerLifespan= 8.34841547720134
ImmType= Cosine
AIAdultSlope= 0.269557862905785
AIAdultLD50= 0.263819454470649
AIAdultSlopeContact= 2.43530866306275
AIAdultLD50Contact= 0.0267016565660015
AILarvaSlope= 0.0148748599458486
AILarvaLD50= 0.815492108277977
AIKOW= 6.35679771704599
AIKOC= 29.0770071919542
AIHalfLife= 4.6445436833892
EAppRate= 0
