ICQueenStrength= 2.59019237733446
RQWkrDrnRatio= 3.19470737688243
ICDroneMiteSurvivorship= 99.9511684058234
ICWorkerMiteSurvivorship= 84.8591547226533
ICForagerLifespan= 15.4908354189247
ImmType= Logarithmic
AIAdultSlope= 2.43703639297513
AIAdultLD50= 0.299798043211922
AIAdultSlopeContact= 1.87533268520376
AIAdultLD50Contact= 0.0289002334582619
AILarvaSlope= 1.05716869370081
AILarvaLD50= 0.363205718086101
AIKOW= 7.28081197245046
AIKOC= 19.6187253470998
AIHalfLife= 0.0739187095314264
EAppRate= 0.472845805273391
