ICQueenStrength= 3.88742562290281
RQWkrDrnRatio= 4.30172616522759
ICDroneMiteSurvivorship= 70.0723256915808
ICWorkerMiteSurvivorship= 87.2062949696556
ICForagerLifespan= 15.8374213539064
ImmType= Logarithmic
AIAdultLD50= 0.154012839635834
AIAdultSlopeContact= 1.52777204677463
AIAdultLD50Contact= 0.0141809118911624
AILarvaSlope= 0.0210007566493005
AILarvaLD50= 0.778635352640413
AIKOW= 5.47574594849721
AIKOC= 15.9725446440279
AIHalfLife= 8.40930459275842
EAppRate= 1.02280874643475
