ICQueenStrength= 1.25091893156059
RQWkrDrnRatio= 4.88091195374727
ICDroneMiteSurvivorship= 54.5978167792782
ICWorkerMiteSurvivorship= 72.5724590709433
ICForagerLifespan= 10.7458733124658
ImmType= Sine
AIAdultSlopeContact= 3.03289801580831
AIAdultLD50Contact= 0.19138627932407
AILarvaSlope= 6.07481823302805
AILarvaLD50= 1.23811227129772
AIKOW= 92.3239580821246
AIKOC= 46.4491844642907
AIHalfLife= 13.677728837356
