ICQueenStrength= 4.07510465034284
RQWkrDrnRatio= 2.51208247896284
ICDroneMiteSurvivorship= 80.8645631652325
ICWorkerMiteSurvivorship= 65.7902577659115
ICForagerLifespan= 13.4791749808937
ImmType= Sine
AIAdultSlope= 1.5371190872509
AIAdultLD50= 2.99033448379487
AIAdultSlopeContact= 1.24236891170265
AIAdultLD50Contact= 0.042013108113315
AILarvaSlope= 1.73993965843692
AILarvaLD50= 0.737470072251745
AIKOW= 3.03836091887206
AIKOC= 16.5799371385947
AIHalfLife= 13.9802889158018
EAppRate= 0.817093103658408
