ICQueenStrength= 3.50919679412618
RQWkrDrnRatio= 4.2777027497068
ICDroneMiteSurvivorship= 63.1135783623904
ICWorkerMiteSurvivorship= 62.2973376419395
ICForagerLifespan= 13.3297730246559
ImmType= Sine
AIAdultLD50= 0.154012839635834
AIAdultSlopeContact= 2.19387942797737
AIAdultLD50Contact= 0.0432746912236325
AILarvaSlope= 2.71820662859827
AILarvaLD50= 0.52575055367779
AIKOW= 7.40616707969457
AIKOC= 13.868184016319
AIHalfLife= 12.4616622789763
EAppRate= 0.827687454409897
