ICQueenStrength= 2.0211219068151
RQWkrDrnRatio= 1.74168115947396
ICDroneMiteSurvivorship= 49.7121077729389
ICWorkerMiteSurvivorship= 47.3618402378634
ICForagerLifespan= 12.117479073815
ImmType= Tangent
AIAdultSlopeContact= 2.2052467581653
AIAdultLD50Contact= 0.0370880482601933
AILarvaSlope= 2.70546354926191
AILarvaLD50= 0.253777825785801
AIKOW= 4.20846868120134
AIKOC= 12.2612302436028
AIHalfLife= 2.21786999935284
