ICQueenStrength= 4.13256218796596
RQWkrDrnRatio= 1.49889898765832
ICDroneMiteSurvivorship= 47.345783142373
ICWorkerMiteSurvivorship= 47.8026990080252
ICForagerLifespan= 11.5256835287437
ImmType= Tangent
AIAdultSlope= 2.28899696748704
AIAdultLD50= 0.14802066818811
AIAdultSlopeContact= 3.51742665898986
AIAdultLD50Contact= 0.0289280689205043
AILarvaSlope= 3.08608556906693
AILarvaLD50= 0.182207664172165
AIKOW= 4.82589699421078
AIKOC= 6.31037961109541
AIHalfLife= 6.69380809506401
EAppRate= 0.0620021459180862
