ICQueenStrength= 1.60608928324655
RQWkrDrnRatio= 2.16832303535193
ICDroneMiteSurvivorship= 88.6378737632185
ICWorkerMiteSurvivorship= 96.0423035081476
ICForagerLifespan= 12.1022941777483
ImmType= Exponential
AIAdultSlopeContact= 3.63464290043339
AIAdultLD50Contact= 0.161799994017929
AILarvaSlope= 7.77764569036663
AILarvaLD50= 0.786800171248615
AIKOW= 28.6169961327687
AIKOC= 26.6925999196246
AIHalfLife= 12.176884946879
