ICQueenStrength= 2.73535877489485
RQWkrDrnRatio= 3.23649374488741
ICDroneMiteSurvivorship= 7.65950744971633
ICWorkerMiteSurvivorship= 9.51753128319979
ICForagerLifespan= 10.971652279608
ImmType= Polynomial
AIAdultSlope= 2.43049148228019
AIAdultLD50= 2.98717527603731
AIAdultSlopeContact= 3.04061348620802
AIAdultLD50Contact= 0.026276623737067
AILarvaSlope= 0.39284387556836
AILarvaLD50= 0.395681128464639
AIKOW= 3.09149536350742
AIKOC= 15.0017040735111
AIHalfLife= 2.57863907236606
EAppRate= 0.801888166693971
