ICQueenStrength= 2.46979356766678
RQWkrDrnRatio= 1.52812210936099
ICDroneMiteSurvivorship= 70.8688857732341
ICWorkerMiteSurvivorship= 38.4717918233946
ICForagerLifespan= 4.04897908400744
ImmType= Cosine
AIAdultSlope= 1.63951082047541
AIAdultLD50= 0.0601677754893899
AIAdultSlopeContact= 0.328248995686881
AIAdultLD50Contact= 0.0149897069903091
AILarvaSlope= 1.62829333525151
AILarvaLD50= 0.272933181887493
AIKOW= 5.4492542296648
AIKOC= 15.2099838084541
AIHalfLife= 1.68504782253876
EAppRate= 0.0803516756277531
