ICQueenStrength= 1.21961515652947
RQWkrDrnRatio= 4.11752571444958
ICDroneMiteSurvivorship= 73.6488930881023
ICWorkerMiteSurvivorship= 43.2765374425799
ICForagerLifespan= 5.35758651420474
ImmType= Logarithmic
AIAdultSlope= 2.47188321616966
AIAdultLD50= 0.369145239819773
AIAdultSlopeContact= 1.50609615933616
AIAdultLD50Contact= 0.00829122926807031
AILarvaSlope= 1.58268123194575
AILarvaLD50= 0.827418933296576
AIKOW= 3.23531155660748
AIKOC= 22.0853168994654
AIHalfLife= 2.6020724652335
EAppRate= 0.438493025116622
