ICQueenStrength= 4.85059629334137
RQWkrDrnRatio= 1.66286339238286
ICDroneMiteSurvivorship= 61.2427160143852
ICWorkerMiteSurvivorship= 83.2359000341967
ICForagerLifespan= 4.81377988494933
ImmType= Exponential
AIAdultSlope= 0.892554554378148
AIAdultLD50= 0.346365095698275
AIAdultSlopeContact= 3.70872558711329
AIAdultLD50Contact= 0.0402535642846487
AILarvaSlope= 0.759355658106506
AILarvaLD50= 0.702928719716147
AIKOW= 2.88531643757597
AIKOC= 5.11059964890592
AIHalfLife= 0.735252752201632
EAppRate= 0.215830078278668
