ICQueenStrength= 2.79891598178074
RQWkrDrnRatio= 4.54122705385089
ICDroneMiteSurvivorship= 81.337891286239
ICWorkerMiteSurvivorship= 16.3697935175151
ICForagerLifespan= 8.64410403743386
ImmType= Tangent
AIAdultSlope= 3.5418746284931
AIAdultLD50= 0.00954650633502752
AIAdultSlopeContact= 0.0180821244162507
AIAdultLD50Contact= 0.0363933965214528
AILarvaSlope= 0.662508231401443
AILarvaLD50= 0.229745349730365
AIKOW= 4.98192207468674
AIKOC= 21.354030801449
AIHalfLife= 2.35301571548916
EAppRate= 0.349461648310535
