ICQueenStrength= 5.57092779688537
RQWkrDrnRatio= 1.18046458531171
ICDroneMiteSurvivorship= 29.4490838889033
ICWorkerMiteSurvivorship= 0.8782047778368
ICForagerLifespan= 13.4067146433517
ImmType= Tangent
AIAdultSlopeContact= 2.91336065158248
AIAdultLD50Contact= 0.121720072859898
AILarvaSlope= 7.30233124922961
AILarvaLD50= 1.86047503305599
AIKOW= 12.4365563970059
AIKOC= 69.7618898469955
AIHalfLife= 4.11324962927029
