ICQueenStrength= 5.37665114877746
RQWkrDrnRatio= 2.13165099360049
ICDroneMiteSurvivorship= 51.9870895659551
ICWorkerMiteSurvivorship= 40.921046375297
ICForagerLifespan= 4.65819464065135
ImmType= Exponential
AIAdultSlope= 0.889209888456389
AIAdultLD50= 0.306599449831992
AIAdultSlopeContact= 3.62370794516522
AIAdultLD50Contact= 0.0129130188957788
AILarvaSlope= 1.61281284876168
AILarvaLD50= 0.775404558330774
AIKOW= 7.52022126503289
AIKOC= 17.6248846703675
AIHalfLife= 4.42788103711791
EAppRate= 0.620669772964902
