ICQueenStrength= 1.85664239479229
RQWkrDrnRatio= 2.82991319522262
ICDroneMiteSurvivorship= 23.7721061334014
ICWorkerMiteSurvivorship= 16.7770380619913
ICForagerLifespan= 10.6346802255139
ImmType= Tangent
AIAdultSlope= 2.26454192327801
AIAdultLD50= 0.465232100570574
AIAdultSlopeContact= 1.69836464826018
AIAdultLD50Contact= 0.0369935704977252
AILarvaSlope= 2.8045679859817
AILarvaLD50= 0.670978120621294
AIKOW= 3.44008743297309
AIKOC= 15.8471005863976
AIHalfLife= 0.115214127581567
EAppRate= 0.270804277807474
