ICQueenStrength= 2.89200316322967
RQWkrDrnRatio= 1.77785879932344
ICDroneMiteSurvivorship= 7.91936803143471
ICWorkerMiteSurvivorship= 48.7760976189747
ICForagerLifespan= 9.76821138430387
ImmType= Tangent
AIAdultSlope= 0.0660302001051605
AIAdultLD50= 0.123464112635702
AIAdultSlopeContact= 7.95085516525432
AIAdultLD50Contact= 0.050196876283735
AILarvaSlope= 2.0497737149708
AILarvaLD50= 0.335691674146801
AIKOW= 28.0381866497919
AIKOC= 89.5069859456271
AIHalfLife= 7.29832968953997
EAppRate= 0.511683252640069
