ICQueenStrength= 4.25651479419321
RQWkrDrnRatio= 3.66644473839551
ICDroneMiteSurvivorship= 34.0328463818878
ICWorkerMiteSurvivorship= 86.7241167696193
ICForagerLifespan= 10.8718365533277
ImmType= Polynomial
AIAdultSlope= 1.90563294435851
AIAdultLD50= 2.70205421908759
AIAdultSlopeContact= 1.73605934865307
AIAdultLD50Contact= 0.0291772934724577
AILarvaSlope= 1.09221933814697
AILarvaLD50= 0.672762199910358
AIKOW= 3.66835414757952
AIKOC= 12.3952295642812
AIHalfLife= 9.38072573905811
EAppRate= 0.396936783799902
