ICQueenStrength= 3.0956398115959
RQWkrDrnRatio= 2.13969671353698
ICDroneMiteSurvivorship= 31.5731004113331
ICWorkerMiteSurvivorship= 34.6706724260002
ICForagerLifespan= 13.4955711122602
ImmType= Logarithmic
AIAdultSlope= 2.09965109629557
AIAdultLD50= 0.883898290107027
AIAdultSlopeContact= 0.0741356205870397
AIAdultLD50Contact= 0.0348054444417357
AILarvaSlope= 2.24010144057684
AILarvaLD50= 0.732274009357207
AIKOW= 6.6158490832895
AIKOC= 6.98160270228982
AIHalfLife= 0.0191767527721822
EAppRate= 0.00203754799440503
