ICQueenStrength= 5.44328323472291
RQWkrDrnRatio= 2.52997946739197
ICDroneMiteSurvivorship= 65.9655366558582
ICWorkerMiteSurvivorship= 46.3980483589694
ICForagerLifespan= 15.6270930059254
ImmType= Polynomial
AIAdultSlope= 3.6358478103485
AIAdultLD50= 0.0647721017012373
AIAdultSlopeContact= 2.04353005011566
AIAdultLD50Contact= 0.0388768950826488
AILarvaSlope= 3.3188217275776
AILarvaLD50= 0.308540677302517
AIKOW= 4.68081321148202
AIKOC= 12.9983575851656
AIHalfLife= 3.05068153655156
EAppRate= 0
