ICQueenStrength= 4.67255024495535
RQWkrDrnRatio= 3.06411585956812
ICDroneMiteSurvivorship= 89.2574418103322
ICWorkerMiteSurvivorship= 77.1680189296603
ICForagerLifespan= 5.72614901978523
ImmType= Sine
AIAdultSlope= 0.978787675220519
AIAdultLD50= 1.28879583044909
AIAdultSlopeContact= 1.29519907602109
AIAdultLD50Contact= 0.022809456824325
AILarvaSlope= 0.0445394754875451
AILarvaLD50= 0.37517364481464
AIKOW= 4.16845519794151
AIKOC= 26.4018875791226
AIHalfLife= 11.8611610489897
EAppRate= 0.11280179140158
