ICQueenStrength= 1.61448715510778
RQWkrDrnRatio= 4.005127126351
ICDroneMiteSurvivorship= 85.6938950484619
ICWorkerMiteSurvivorship= 63.1473421351984
ICForagerLifespan= 12.4475115351379
ImmType= Cosine
AIAdultSlope= 0.293504153378308
AIAdultLD50= 0.599596554646268
AIAdultSlopeContact= 7.60301062138751
AIAdultLD50Contact= 0.0458408559672535
AILarvaSlope= 6.94910681340843
AILarvaLD50= 0.768807976040989
AIKOW= 96.7244566418231
AIKOC= 93.6870993347839
AIHalfLife= 0.989016177132726
EAppRate= 1.42792113590986
