ICQueenStrength= 2.68467551469803
RQWkrDrnRatio= 3.84277674462646
ICDroneMiteSurvivorship= 44.8724202578887
ICWorkerMiteSurvivorship= 5.38004101254046
ICForagerLifespan= 14.5985060846433
ImmType= Exponential
AIAdultSlope= 2.14421255993657
AIAdultLD50= 0.177882697898895
AIAdultSlopeContact= 3.40010647051502
AIAdultLD50Contact= 0.0175790276611224
AILarvaSlope= 0.926949094608426
AILarvaLD50= 0.749195818346925
AIKOW= 7.39658755483106
AIKOC= 21.2701787194237
AIHalfLife= 3.39801216358319
EAppRate= 0.646843422669917
