ICQueenStrength= 3.82930053770542
RQWkrDrnRatio= 1.30744484812021
ICDroneMiteSurvivorship= 49.5048697339371
ICWorkerMiteSurvivorship= 88.4903923142701
ICForagerLifespan= 15.5998748345301
ImmType= Cosine
AIAdultSlope= 0.239721792179625
AIAdultLD50= 0.145319684874266
AIAdultSlopeContact= 0.505240917513147
AIAdultLD50Contact= 0.0439853912335821
AILarvaSlope= 0.609759901231155
AILarvaLD50= 0.398253403790295
AIKOW= 6.73466481268406
AIKOC= 26.7680734174792
AIHalfLife= 3.19761769496836
EAppRate= 0.641021395777352
