ICQueenStrength= 1.34106659819372
RQWkrDrnRatio= 2.10641005635262
ICDroneMiteSurvivorship= 74.0328402491286
ICWorkerMiteSurvivorship= 23.4715447761118
ICForagerLifespan= 7.28471478261054
ImmType= Tangent
AIAdultSlope= 0.565419661719352
AIAdultLD50= 0.278451947495341
AIAdultSlopeContact= 2.28211085807299
AIAdultLD50Contact= 0.0461496105534025
AILarvaSlope= 0.392375638568774
AILarvaLD50= 0.883367093419656
AIKOW= 2.13858698075637
AIKOC= 21.7119268677197
AIHalfLife= 2.65477551473305
EAppRate= 0.819232462206855
