ICQueenStrength= 4.28372273012064
RQWkrDrnRatio= 2.10020613390952
ICDroneMiteSurvivorship= 80.5815424304456
ICWorkerMiteSurvivorship= 45.5406781518832
ICForagerLifespan= 4.83435741253197
ImmType= Sine
AIAdultSlope= 8.08070851257071
