ICQueenStrength= 1.51399674173445
RQWkrDrnRatio= 2.55712055414915
