ICQueenStrength= 2.06262783287093
RQWkrDrnRatio= 2.05056364927441
ICDroneMiteSurvivorship= 13.0872165085748
ICWorkerMiteSurvivorship= 1.85414019506425
ICForagerLifespan= 9.58717108517885
ImmType= Exponential
AIAdultSlope= 9.84238154022023
