ICQueenStrength= 5.93762242491357
RQWkrDrnRatio= 2.96570225153118
ICDroneMiteSurvivorship= 53.7482914980501
ICWorkerMiteSurvivorship= 78.7872198969126
ICForagerLifespan= 11.5369798950851
ImmType= Tangent
AIAdultSlope= 0.0272332343249582
AIAdultLD50= 0.0333341246005148
AIAdultSlopeContact= 1.91918452367652
AIAdultLD50Contact= 0.045306780457031
AILarvaSlope= 0.236066466057673
AILarvaLD50= 0.372392586339265
AIKOW= 3.90340619999915
AIKOC= 16.4500367490109
AIHalfLife= 0.76988086104393
EAppRate= 0.673603344336152
