ICQueenStrength= 3.95117280795239
RQWkrDrnRatio= 4.26708754338324
ICDroneMiteSurvivorship= 82.7058242633939
ICWorkerMiteSurvivorship= 96.7333475826308
ICForagerLifespan= 9.01166941784322
ImmType= Polynomial
AIAdultSlope= 3.18635954661295
AIAdultLD50= 2.84485608735122
AIAdultSlopeContact= 1.73335259201238
AIAdultLD50Contact= 0.0326527415541932
AILarvaSlope= 2.19917787718587
AILarvaLD50= 0.418238357082009
AIKOW= 6.25063837086782
AIKOC= 10.1537831488531
AIHalfLife= 10.4833287154324
EAppRate= 0.0965224287938327
