ICQueenStrength= 4.5663109656889
RQWkrDrnRatio= 3.71447651460767
ICDroneMiteSurvivorship= 99.9230157816783
ICWorkerMiteSurvivorship= 4.76070940494537
ICForagerLifespan= 10.5695738485083
ImmType= Cosine
AIAdultSlope= 0.0293694410473108
AIAdultLD50= 2.20448548556305
AIAdultSlopeContact= 1.24011476549087
AIAdultLD50Contact= 0.0334392008022405
AILarvaSlope= 1.70974526978098
AILarvaLD50= 0.651305259321816
AIKOW= 7.69752408890054
AIKOC= 26.2045147723984
AIHalfLife= 1.26962897786871
EAppRate= 0.51622531353496
