ICQueenStrength= 4.69376875809394
RQWkrDrnRatio= 4.475600855425
ICDroneMiteSurvivorship= 91.4297486189753
ICWorkerMiteSurvivorship= 65.3088104678318
ICForagerLifespan= 8.75833281222731
ImmType= Logarithmic
AIAdultSlope= 2.98188552369364
AIAdultLD50= 0.412178854458034
AIAdultSlopeContact= 2.92010252153501
AIAdultLD50Contact= 0.0129966972861439
AILarvaSlope= 0.278284960379824
AILarvaLD50= 0.542847565189004
AIKOW= 3.1477455124259
AIKOC= 13.675594558008
AIHalfLife= 4.43479795590974
EAppRate= 0
