ICQueenStrength= 5.255862996215
RQWkrDrnRatio= 4.98440110404044
ICDroneMiteSurvivorship= 31.0264168540016
ICWorkerMiteSurvivorship= 21.7261047801003
ICForagerLifespan= 12.328536208719
ImmType= Logarithmic
AIAdultSlope= 2.3101492180489
AIAdultLD50= 0.0048910416662693
AIAdultSlopeContact= 0.204052221109159
AIAdultLD50Contact= 0.0269584427122027
AILarvaSlope= 2.57306370236911
AILarvaLD50= 0.654691509017721
AIKOW= 5.5099077555351
AIKOC= 13.7574710953049
AIHalfLife= 9.00924600753933
EAppRate= 0.755429938435555
