ICQueenStrength= 2.07218773569912
RQWkrDrnRatio= 4.13400593958795
ICDroneMiteSurvivorship= 82.5770967872813
ICWorkerMiteSurvivorship= 55.0033127190545
ICForagerLifespan= 13.9338384466246
ImmType= Logarithmic
AIAdultSlopeContact= 2.13877814557403
AIAdultLD50Contact= 0.00523943958105519
AILarvaSlope= 2.81235368982889
AILarvaLD50= 0.235866192192771
AIKOW= 2.58290293533355
AIKOC= 6.26830308581702
AIHalfLife= 2.48588440241292
