ICQueenStrength= 1.98612635629252
RQWkrDrnRatio= 3.56001285742968
ICDroneMiteSurvivorship= 20.8534176461399
ICWorkerMiteSurvivorship= 9.89433464128524
ICForagerLifespan= 12.7460197424516
ImmType= Logarithmic
AIAdultSlope= 0.211688361968845
AIAdultLD50= 0.778038874268532
AIAdultSlopeContact= 1.12587145646336
AIAdultLD50Contact= 0.0448370777303353
AILarvaSlope= 0.736490440461785
AILarvaLD50= 0.448936807969585
AIKOW= 7.29349085409194
AIKOC= 20.878095512744
AIHalfLife= 4.28012564219534
EAppRate= 0.978404677240178
