ICQueenStrength= 4.02426763810217
RQWkrDrnRatio= 4.75920147355646
