ICQueenStrength= 1.81122822826728
RQWkrDrnRatio= 4.17262007668614
ICDroneMiteSurvivorship= 66.1172184860334
ICWorkerMiteSurvivorship= 96.4749863604084
ICForagerLifespan= 8.01948745176196
ImmType= Sine
AIAdultSlope= 3.56189076226903
AIAdultLD50= 0.434363505803049
AIAdultSlopeContact= 2.52368600112386
AIAdultLD50Contact= 0.00559089203597978
AILarvaSlope= 1.55463166194968
AILarvaLD50= 0.19822588514071
AIKOW= 6.23815832333639
AIKOC= 18.1036678212695
AIHalfLife= 1.62414334830828
EAppRate= 0.216261068219319
