ICQueenStrength= 4.62650266150013
RQWkrDrnRatio= 4.27497139107436
ICDroneMiteSurvivorship= 63.1259435787797
ICWorkerMiteSurvivorship= 44.392408314161
ICForagerLifespan= 11.7890892950818
ImmType= Cosine
AIAdultSlopeContact= 1.94838654249907
AIAdultLD50Contact= 0.0975252499338239
AILarvaSlope= 9.13691182620823
AILarvaLD50= 0.356678332202137
AIKOW= 12.4824876664206
AIKOC= 62.5804732553661
AIHalfLife= 12.5389808192849
