ICQueenStrength= 2.68097446905449
RQWkrDrnRatio= 3.0855606039986
ICDroneMiteSurvivorship= 87.1918761171401
ICWorkerMiteSurvivorship= 2.37509463913739
ICForagerLifespan= 15.90255162213
ImmType= Cosine
AIAdultSlopeContact= 3.79517922539497
AIAdultLD50Contact= 0.04809398453217
AILarvaSlope= 0.357656368799508
AILarvaLD50= 0.655627702432685
AIKOW= 7.96337713766843
AIKOC= 12.1755563898478
AIHalfLife= 13.9993924801238
