ICQueenStrength= 3.23075438989326
RQWkrDrnRatio= 1.97282000444829
ICDroneMiteSurvivorship= 67.506950115785
ICWorkerMiteSurvivorship= 59.3455465743318
ICForagerLifespan= 12.8455515904352
ImmType= Cosine
AIAdultSlope= 0.202668045787141
AIAdultSlopeContact= 2.47062026193598
AIAdultLD50Contact= 0.0177362023619935
AILarvaSlope= 0.603152359789237
AILarvaLD50= 0.68775972740259
AIKOW= 2.78606717847288
AIKOC= 16.7006712709554
AIHalfLife= 10.5420592539012
