ICQueenStrength= 1.10697200195864
RQWkrDrnRatio= 3.97106872405857
ICDroneMiteSurvivorship= 71.294364775531
ICWorkerMiteSurvivorship= 3.42667184304446
ICForagerLifespan= 13.756817644462
ImmType= Polynomial
AIAdultSlopeContact= 2.66589078405406
AIAdultLD50Contact= 0.00230270276078954
AILarvaSlope= 3.0771820332855
AILarvaLD50= 0.882529365783557
AIKOW= 2.47971215192229
AIKOC= 10.2958539745305
AIHalfLife= 7.65971691859886
