ICQueenStrength= 2.13328507519327
RQWkrDrnRatio= 1.79849900398403
ICDroneMiteSurvivorship= 46.5013907523826
ICWorkerMiteSurvivorship= 4.90970225073397
ICForagerLifespan= 9.8791015855968
ImmType= Cosine
AIAdultSlope= 1.50501601588912
AIAdultLD50= 2.53950162604451
AIAdultSlopeContact= 3.42863756359555
AIAdultLD50Contact= 0.0409198074485175
AILarvaSlope= 1.49484154805541
AILarvaLD50= 0.809004426794127
AIKOW= 7.24048289097846
AIKOC= 22.9163280758075
AIHalfLife= 4.92160759307444
EAppRate= 0.00964359170757234
