ICQueenStrength= 2.46282125962898
RQWkrDrnRatio= 3.43625861778855
ICDroneMiteSurvivorship= 37.911313585937
ICWorkerMiteSurvivorship= 14.0034054405987
ICForagerLifespan= 7.51017918530852
ImmType= Exponential
AIAdultSlope= 8.44761735526845
