ICQueenStrength= 4.10189109761268
RQWkrDrnRatio= 1.19182388484478
ICDroneMiteSurvivorship= 21.4527057483792
ICWorkerMiteSurvivorship= 77.2452192148194
ICForagerLifespan= 13.9057782627642
ImmType= Cosine
AIAdultSlope= 1.42766476827674
AIAdultSlopeContact= 2.98236289742868
AIAdultLD50Contact= 0.0061266849283129
AILarvaSlope= 1.71864997558296
AILarvaLD50= 0.185889363382012
AIKOW= 4.1301485830918
AIKOC= 22.5895260355901
AIHalfLife= 1.50076231500134
