ICQueenStrength= 1.60234215948731
RQWkrDrnRatio= 3.07699704170227
