ICQueenStrength= 2.64339478244074
RQWkrDrnRatio= 4.01673371531069
ICDroneMiteSurvivorship= 64.5238138502464
ICWorkerMiteSurvivorship= 73.5490911407396
ICForagerLifespan= 9.63430936913937
ImmType= Polynomial
AIAdultSlope= 3.04194278041832
AIAdultLD50= 2.54455574322492
AIAdultSlopeContact= 0.289280835664831
AIAdultLD50Contact= 0.0312989364261739
AILarvaSlope= 1.82996912444942
AILarvaLD50= 0.68855773487594
AIKOW= 2.80904087144881
AIKOC= 16.0207633348182
AIHalfLife= 13.0948557201773
EAppRate= 0.877983146347106
