ICQueenStrength= 5.13765137433074
RQWkrDrnRatio= 4.02468339446932
ICDroneMiteSurvivorship= 18.1826799176633
ICWorkerMiteSurvivorship= 96.8742589931935
ICForagerLifespan= 13.7415260076523
ImmType= Logarithmic
AIAdultSlope= 1.05301773706451
AIAdultLD50= 2.06880987784825
AIAdultSlopeContact= 1.44517548443517
AIAdultLD50Contact= 0.0321364229195751
AILarvaSlope= 1.65014320937917
AILarvaLD50= 0.729842950869352
AIKOW= 5.29481764277443
AIKOC= 13.4192738460843
AIHalfLife= 4.77486194064841
EAppRate= 0.152015378465876
