ICQueenStrength= 2.19138840935193
RQWkrDrnRatio= 2.45921447314322
ICDroneMiteSurvivorship= 63.8041122350842
ICWorkerMiteSurvivorship= 8.67799033876508
ICForagerLifespan= 11.2418445516378
ImmType= Tangent
AIAdultSlopeContact= 3.28377148060827
AIAdultLD50Contact= 0.0433820740901865
AILarvaSlope= 0.52405135515146
AILarvaLD50= 0.107824010308832
AIKOW= 7.97619683528319
AIKOC= 29.2108057427686
AIHalfLife= 7.46374688809738
