ICQueenStrength= 4.97956964676268
RQWkrDrnRatio= 1.58979215100408
ICDroneMiteSurvivorship= 90.2136937947944
ICWorkerMiteSurvivorship= 36.3363353768364
ICForagerLifespan= 5.2370809847489
ImmType= Sine
AIAdultSlopeContact= 3.2051844903524
AIAdultLD50Contact= 0.0133844139520079
AILarvaSlope= 3.03430402814411
AILarvaLD50= 0.0142965937731788
AIKOW= 7.12742647342384
AIKOC= 26.455851290375
AIHalfLife= 10.8937687096186
