ICQueenStrength= 1.29482294921763
RQWkrDrnRatio= 3.07484425976872
ICDroneMiteSurvivorship= 79.3170361313969
ICWorkerMiteSurvivorship= 26.620053104125
ICForagerLifespan= 7.35743579734117
ImmType= Sine
AIAdultSlope= 1.35417062169872
AIAdultLD50= 0.196710718213581
AIAdultSlopeContact= 2.35589476888999
AIAdultLD50Contact= 0.0172681565280072
AILarvaSlope= 2.86232148436829
AILarvaLD50= 0.873609671951272
AIKOW= 7.74127612030134
AIKOC= 16.1459561565425
AIHalfLife= 3.56341127655469
EAppRate= 0
