ICQueenStrength= 1.04378820769489
RQWkrDrnRatio= 2.52516695763916
ICDroneMiteSurvivorship= 62.4889336759225
ICWorkerMiteSurvivorship= 38.1421272875741
ICForagerLifespan= 14.9740663981065
ImmType= Logarithmic
AIAdultLD50= 0.154012839635834
AIAdultSlopeContact= 0.00948608845705167
AIAdultLD50Contact= 0.0408912539249286
AILarvaSlope= 0.501122721284628
AILarvaLD50= 0.513515054178424
AIKOW= 3.07308211456984
AIKOC= 23.5381601913832
AIHalfLife= 13.1783252684399
EAppRate= 1.24670891137794
