ICQueenStrength= 2.2197663274128
RQWkrDrnRatio= 1.50585702992976
ICDroneMiteSurvivorship= 20.0615796260536
ICWorkerMiteSurvivorship= 52.1230382611975
ICForagerLifespan= 4.11092158593237
ImmType= Exponential
AIAdultSlope= 3.2548520504497
