ICQueenStrength= 4.4888815775048
RQWkrDrnRatio= 1.60158698260784
ICDroneMiteSurvivorship= 62.9226286662742
ICWorkerMiteSurvivorship= 44.6196948876604
ICForagerLifespan= 6.13376098498702
ImmType= Cosine
AIAdultSlope= 1.9072889123694
AIAdultLD50= 0.226523426128551
AIAdultSlopeContact= 0.391577164828777
AIAdultLD50Contact= 0.00709322721231729
AILarvaSlope= 0.83810300542973
AILarvaLD50= 0.857414234499447
AIKOW= 7.84386622859165
AIKOC= 5.54361773654819
AIHalfLife= 0.104937265859917
EAppRate= 0.102220049290918
