ICQueenStrength= 2.71494269976392
RQWkrDrnRatio= 3.40415392164141
ICDroneMiteSurvivorship= 21.8842973466963
ICWorkerMiteSurvivorship= 12.8915243316442
ICForagerLifespan= 15.3484268561006
ImmType= Logarithmic
AIAdultSlopeContact= 3.37351262781071
AIAdultLD50Contact= 0.0274925652425736
AILarvaSlope= 1.73647989975288
AILarvaLD50= 0.499093243153766
AIKOW= 5.59960372792557
AIKOC= 6.62981905741617
AIHalfLife= 3.52527376823127
