ICQueenStrength= 1.80758381285705
RQWkrDrnRatio= 4.31376461498439
ICDroneMiteSurvivorship= 46.6779564041644
ICWorkerMiteSurvivorship= 60.0681567331776
ICForagerLifespan= 9.74673413764685
ImmType= Cosine
AIAdultSlope= 3.13051694827154
AIAdultLD50= 0.854781387140974
AIAdultSlopeContact= 2.6787414658349
AIAdultLD50Contact= 0.0187927290564403
AILarvaSlope= 2.95160422869958
AILarvaLD50= 0.451135277864523
AIKOW= 4.63389502791688
AIKOC= 8.18301118095405
AIHalfLife= 9.6929715606384
EAppRate= 0.879245665390044
