ICQueenStrength= 2.58538229181431
RQWkrDrnRatio= 1.48912328016013
ICDroneMiteSurvivorship= 70.9139898885041
ICWorkerMiteSurvivorship= 66.4128515869379
ICForagerLifespan= 4.67016472201794
ImmType= Exponential
AIAdultSlope= 1.73117193449289
AIAdultLD50= 1.83990169968456
AIAdultSlopeContact= 3.91753554637078
AIAdultLD50Contact= 0.0214100960292853
AILarvaSlope= 1.2497518945951
AILarvaLD50= 0.185843015229329
AIKOW= 2.70191559754312
AIKOC= 25.3999163175467
AIHalfLife= 12.3460418526083
EAppRate= 0.329764478607103
