ICQueenStrength= 5.90515633136965
RQWkrDrnRatio= 4.36551124416292
ICDroneMiteSurvivorship= 59.1503456933424
ICWorkerMiteSurvivorship= 24.9985706526786
ICForagerLifespan= 11.7285017222166
ImmType= Tangent
AIAdultSlope= 0.783695654198527
AIAdultLD50= 2.30760768754408
AIAdultSlopeContact= 0.768492512572557
AIAdultLD50Contact= 0.021381716337055
AILarvaSlope= 1.62803745460697
AILarvaLD50= 0.892144257389009
AIKOW= 6.01436737598851
AIKOC= 12.4181828531437
AIHalfLife= 11.635589316953
EAppRate= 0.811136973556131
