ICQueenStrength= 3.36184174893424
RQWkrDrnRatio= 3.1725387070328
ICDroneMiteSurvivorship= 16.6501702275127
ICWorkerMiteSurvivorship= 14.7146751405671
ICForagerLifespan= 15.6296985624358
ImmType= Logarithmic
AIAdultSlope= 2.50432662155712
AIAdultLD50= 0.350674013141543
AIAdultSlopeContact= 3.85028005852131
AIAdultLD50Contact= 0.0423240082454868
AILarvaSlope= 1.22763516395353
AILarvaLD50= 0.561009499174543
AIKOW= 6.47903723595664
AIKOC= 23.6516540125012
AIHalfLife= 1.86390617978759
EAppRate= 0.0416584482882172
