ICQueenStrength= 3.46677036979236
RQWkrDrnRatio= 2.94865524303168
ICDroneMiteSurvivorship= 1.30188132170588
ICWorkerMiteSurvivorship= 96.1077378829941
ICForagerLifespan= 6.40015673264861
ImmType= Logarithmic
AIAdultSlope= 0.42188129800139
AIAdultLD50= 0.0967661910690367
AIAdultSlopeContact= 3.69470877623884
AIAdultLD50Contact= 0.0226643672795035
AILarvaSlope= 1.81274002245627
AILarvaLD50= 0.221447392576374
AIKOW= 7.48773264931515
AIKOC= 10.9559696819633
AIHalfLife= 4.77375585236587
EAppRate= 0
