ICQueenStrength= 1.97365448949859
RQWkrDrnRatio= 1.12979621440172
ICDroneMiteSurvivorship= 58.8437914848328
ICWorkerMiteSurvivorship= 67.1547017758712
ICForagerLifespan= 7.87623897194862
ImmType= Sine
AIAdultSlope= 0.121223693434149
AIAdultLD50= 2.29978995770216
AIAdultSlopeContact= 1.20554806879023
AIAdultLD50Contact= 0.00479034234303981
AILarvaSlope= 3.20993222217076
AILarvaLD50= 0.821798110334203
AIKOW= 5.86186057701707
AIKOC= 27.9866938374471
AIHalfLife= 10.2426336053759
EAppRate= 0.483442702097818
