ICQueenStrength= 5.93534958572127
RQWkrDrnRatio= 4.19951346609741
ICDroneMiteSurvivorship= 66.3372377166525
ICWorkerMiteSurvivorship= 49.5417249621823
ICForagerLifespan= 9.43332822620869
ImmType= Logarithmic
AIAdultSlope= 3.19224828621373
AIAdultLD50= 0.782334442948923
AIAdultSlopeContact= 4.49694920796901
AIAdultLD50Contact= 0.166320280823857
AILarvaSlope= 1.74734128871933
AILarvaLD50= 0.0728420070372522
AIKOW= 78.8346807239577
AIKOC= 86.756818392314
AIHalfLife= 3.20715167326853
EAppRate= 1.37424658192322
