ICQueenStrength= 3.52839629189111
RQWkrDrnRatio= 4.34739632252604
ICDroneMiteSurvivorship= 81.0863677877933
ICWorkerMiteSurvivorship= 31.6915899282321
ICForagerLifespan= 9.22544986382127
ImmType= Cosine
AIAdultSlope= 0.205398895125836
AIAdultLD50= 1.52006174507551
AIAdultSlopeContact= 1.92854758526897
AIAdultLD50Contact= 0.00684764548204839
AILarvaSlope= 0.438118085172027
AILarvaLD50= 0.292624027188867
AIKOW= 5.59334153262898
AIKOC= 11.6859950136859
AIHalfLife= 12.4707943741232
EAppRate= 0.64593003410846
