ICQueenStrength= 5.71542082261294
RQWkrDrnRatio= 4.06699266470969
ICDroneMiteSurvivorship= 52.2694474086165
ICWorkerMiteSurvivorship= 51.7184191616252
ICForagerLifespan= 5.28551819548011
ImmType= Tangent
AIAdultSlope= 0.0496159904170781
AIAdultLD50= 0.139428531518206
AIAdultSlopeContact= 2.79591256297426
AIAdultLD50Contact= 0.044096704875119
AILarvaSlope= 3.15668362271972
AILarvaLD50= 0.407247652346268
AIKOW= 4.47365964902565
AIKOC= 5.31606580014341
AIHalfLife= 7.96835953975096
EAppRate= 0.739215490873903
