ICQueenStrength= 4.32727035391144
RQWkrDrnRatio= 1.26263050269336
ICDroneMiteSurvivorship= 77.6487025199458
ICWorkerMiteSurvivorship= 19.487265823409
ICForagerLifespan= 5.05082592368126
ImmType= Polynomial
AIAdultSlopeContact= 2.66198918576818
AIAdultLD50Contact= 0.00446667543146759
AILarvaSlope= 3.27786411801353
AILarvaLD50= 0.778679919848219
AIKOW= 6.76868224982172
AIKOC= 9.0861344547011
AIHalfLife= 12.99227902852
