ICQueenStrength= 3.20216964487918
RQWkrDrnRatio= 3.61887733079493
ICDroneMiteSurvivorship= 36.0229452839121
ICWorkerMiteSurvivorship= 65.7952402485535
ICForagerLifespan= 14.0589286731556
ImmType= Sine
AIAdultSlope= 3.6392537966324
AIAdultLD50= 0.129155266913585
AIAdultSlopeContact= 2.92220140182646
AIAdultLD50Contact= 0.0155595923424698
AILarvaSlope= 1.61347382566892
AILarvaLD50= 0.24443114711903
AIKOW= 6.12433322798461
AIKOC= 23.9859013131354
AIHalfLife= 0.187023046892136
EAppRate= 0
