ICQueenStrength= 5.09335263771936
RQWkrDrnRatio= 4.13427252415568
ICDroneMiteSurvivorship= 92.4845651024953
ICWorkerMiteSurvivorship= 5.12445867061615
ICForagerLifespan= 10.2161168511957
ImmType= Cosine
AIAdultSlope= 2.87453874281142
AIAdultLD50= 0.00790319964289665
AIAdultSlopeContact= 1.63252147591207
AIAdultLD50Contact= 0.00186332786688581
AILarvaSlope= 0.352289715688676
AILarvaLD50= 0.0996632311725989
AIKOW= 5.35878479201347
AIKOC= 25.8698513917625
AIHalfLife= 1.71068848692812
EAppRate= 0.619565508933738
