ICQueenStrength= 5.95110735646449
RQWkrDrnRatio= 3.75344897061586
ICDroneMiteSurvivorship= 91.2925299722701
ICWorkerMiteSurvivorship= 1.04194551240653
ICForagerLifespan= 11.9673573160544
ImmType= Tangent
AIAdultSlope= 2.05037477281876
AIAdultLD50= 1.82881808769889
AIAdultSlopeContact= 2.72532179003349
AIAdultLD50Contact= 0.0159617793047801
AILarvaSlope= 2.54646368413232
AILarvaLD50= 0.618676180369221
AIKOW= 3.39382312586531
AIKOC= 11.9424178334884
AIHalfLife= 5.46294767130166
EAppRate= 0.298930847318843
