ICQueenStrength= 4.13025374081917
RQWkrDrnRatio= 4.04672718979418
ICDroneMiteSurvivorship= 76.5525546390563
ICWorkerMiteSurvivorship= 11.6826289799064
ICForagerLifespan= 15.9491838570684
ImmType= Polynomial
AIAdultSlopeContact= 1.62335352040362
AIAdultLD50Contact= 0.0492623113794252
AILarvaSlope= 2.7855997481849
AILarvaLD50= 0.729738597013056
AIKOW= 5.6040788916871
AIKOC= 20.5800043081399
AIHalfLife= 13.4285444635898
