ICQueenStrength= 2.61450443789363
RQWkrDrnRatio= 2.54826907627285
ICDroneMiteSurvivorship= 53.6475774133578
ICWorkerMiteSurvivorship= 76.0859728092328
ICForagerLifespan= 15.3303884752095
ImmType= Tangent
AIAdultSlope= 0.226640291512012
