ICQueenStrength= 1.83238334278576
RQWkrDrnRatio= 4.23738293163478
ICDroneMiteSurvivorship= 67.8302280139178
ICWorkerMiteSurvivorship= 34.9404821172357
ICForagerLifespan= 8.27675192337483
ImmType= Sine
AIAdultSlope= 1.90307721504942
AIAdultLD50= 0.182652406278066
AIAdultSlopeContact= 3.67690018648049
AIAdultLD50Contact= 0.0189013104070909
AILarvaSlope= 2.74702059724368
AILarvaLD50= 0.887668433622457
AIKOW= 3.35030109388754
AIKOC= 23.9137212058995
AIHalfLife= 4.56720709451474
EAppRate= 0
