ICQueenStrength= 3.64878698857501
RQWkrDrnRatio= 1.07054735068232
ICDroneMiteSurvivorship= 6.66823713108897
ICWorkerMiteSurvivorship= 68.613750115037
ICForagerLifespan= 8.19562847819179
ImmType= Sine
AIAdultSlope= 3.60726224860875
AIAdultLD50= 0.0712086416315287
AIAdultSlopeContact= 3.5031068990822
AIAdultLD50Contact= 0.0170089780935086
AILarvaSlope= 2.75682224491611
AILarvaLD50= 0.811319710244425
AIKOW= 7.60924550471827
AIKOC= 15.9166430484038
AIHalfLife= 3.48535921890289
EAppRate= 0.225478589930572
