ICQueenStrength= 2.45167266950011
RQWkrDrnRatio= 1.50546433217824
ICDroneMiteSurvivorship= 80.7772308355197
ICWorkerMiteSurvivorship= 47.7959802607074
ICForagerLifespan= 15.8262638784945
ImmType= Cosine
AIAdultLD50= 0.154012839635834
AIAdultSlopeContact= 0.431152164477389
AIAdultLD50Contact= 0.0248276177793741
AILarvaSlope= 0.96842852383852
AILarvaLD50= 0.180495972465724
AIKOW= 4.13033081544563
AIKOC= 6.72338886186481
AIHalfLife= 9.44012241531163
EAppRate= 0.0331311575137079
