ICQueenStrength= 1.79275642987341
RQWkrDrnRatio= 2.78570216987282
ICDroneMiteSurvivorship= 46.3664822978899
ICWorkerMiteSurvivorship= 23.5307647613809
ICForagerLifespan= 6.48716866597533
ImmType= Tangent
AIAdultSlope= 0.357219988340512
AIAdultLD50= 2.57411787193269
AIAdultSlopeContact= 1.97470587274991
AIAdultLD50Contact= 0.0412036098656245
AILarvaSlope= 3.15642676362768
AILarvaLD50= 0.527580633689649
AIKOW= 2.64882366731763
AIKOC= 24.9795424938202
AIHalfLife= 1.69831412285566
EAppRate= 0.87377959722653
