ICQueenStrength= 3.54937466233969
RQWkrDrnRatio= 4.02610782440752
ICDroneMiteSurvivorship= 0.223548198118806
ICWorkerMiteSurvivorship= 35.2111934451386
ICForagerLifespan= 10.055498380214
ImmType= Exponential
AIAdultSlope= 2.68207552400418
AIAdultLD50= 0.86201677727513
AIAdultSlopeContact= 0.527789051074069
AIAdultLD50Contact= 0.0353006827412173
AILarvaSlope= 3.10582849346101
AILarvaLD50= 0.508589347265661
AIKOW= 6.23876302316785
AIKOC= 6.0257440735586
AIHalfLife= 12.4052369566634
EAppRate= 0.397030696738511
