ICQueenStrength= 4.24930131435394
RQWkrDrnRatio= 4.39193337410688
ICDroneMiteSurvivorship= 87.4452002579346
ICWorkerMiteSurvivorship= 60.34545681905
ICForagerLifespan= 6.85101105924696
ImmType= Tangent
AIAdultSlope= 3.80663805408403
