ICQueenStrength= 5.06819842755795
RQWkrDrnRatio= 1.5970774423331
ICDroneMiteSurvivorship= 6.89816931262612
ICWorkerMiteSurvivorship= 28.6304979817942
ICForagerLifespan= 12.4799631293863
ImmType= Cosine
AIAdultSlope= 1.26804263982922
AIAdultLD50= 1.08398851356469
AIAdultSlopeContact= 2.06550425381865
AIAdultLD50Contact= 0.0075786053086631
AILarvaSlope= 2.1113437956199
AILarvaLD50= 0.223654023301788
AIKOW= 7.16611207462847
AIKOC= 5.95575130544603
AIHalfLife= 3.14015015866607
EAppRate= 0.264408153714612
