ICQueenStrength= 5.71636215806939
RQWkrDrnRatio= 3.54856845736504
ICDroneMiteSurvivorship= 64.7167301503941
ICWorkerMiteSurvivorship= 3.58996619470417
ICForagerLifespan= 6.56302880682051
ImmType= Polynomial
AIAdultSlope= 2.91377576995175
AIAdultLD50= 0.376398175838403
AIAdultSlopeContact= 3.58199401277583
AIAdultLD50Contact= 0.0320250871707685
AILarvaSlope= 2.58767085876316
AILarvaLD50= 0.710816141939722
AIKOW= 5.86436604103073
AIKOC= 19.5168272894807
AIHalfLife= 1.95406641461886
EAppRate= 0.311791879613884
