ICQueenStrength= 5.32663320796564
RQWkrDrnRatio= 1.87884415034205
ICDroneMiteSurvivorship= 47.1375153400004
ICWorkerMiteSurvivorship= 90.4365369584411
ICForagerLifespan= 14.1383675178513
ImmType= Exponential
AIAdultSlope= 3.06192894876003
AIAdultLD50= 2.68585754418746
AIAdultSlopeContact= 0.840865414543077
AIAdultLD50Contact= 0.0156416264595464
AILarvaSlope= 0.301788971247151
AILarvaLD50= 0.516368715651333
AIKOW= 5.96874812617898
AIKOC= 7.45262186508626
AIHalfLife= 11.7117323470302
EAppRate= 0.364506010431796
