ICQueenStrength= 4.73615853721276
RQWkrDrnRatio= 2.74076753947884
ICDroneMiteSurvivorship= 81.750603322871
ICWorkerMiteSurvivorship= 19.7301562409848
ICForagerLifespan= 8.80115534644574
ImmType= Sine
AIAdultSlope= 2.42626834930852
AIAdultLD50= 0.190517863025889
AIAdultSlopeContact= 1.7001174974232
AIAdultLD50Contact= 0.0219859882839955
AILarvaSlope= 3.19996525486931
AILarvaLD50= 0.284664336405694
AIKOW= 4.45282942103222
AIKOC= 23.9207244897261
AIHalfLife= 9.34894481580704
EAppRate= 0.251105730887502
