ICQueenStrength= 2.39360964531079
RQWkrDrnRatio= 2.95036221295595
ICDroneMiteSurvivorship= 15.786168910563
ICWorkerMiteSurvivorship= 14.1013224842027
ICForagerLifespan= 5.34782032016665
ImmType= Logarithmic
AIAdultSlope= 1.13032702384517
AIAdultLD50= 2.37048820056953
AIAdultSlopeContact= 2.46640641156351
AIAdultLD50Contact= 0.0474643198773265
AILarvaSlope= 1.0762698372826
AILarvaLD50= 0.794307286175899
AIKOW= 4.70303146447986
AIKOC= 22.5099010695703
AIHalfLife= 12.1535825142637
EAppRate= 0.813983297906816
