ICQueenStrength= 3.34658954665065
RQWkrDrnRatio= 1.04917913302779
ICDroneMiteSurvivorship= 0.694758514873683
ICWorkerMiteSurvivorship= 20.6710263388231
ICForagerLifespan= 9.51444787438959
ImmType= Cosine
AIAdultSlope= 2.06275243313983
AIAdultLD50= 0.0178118771873415
AIAdultSlopeContact= 0.596564913319889
AIAdultLD50Contact= 0.0495773878879845
AILarvaSlope= 0.8561679628212
AILarvaLD50= 0.57614300774876
AIKOW= 6.0411434606649
AIKOC= 25.0982807786204
AIHalfLife= 4.50815250049345
EAppRate= 0.56126290189568
