ICQueenStrength= 1.65353677840903
RQWkrDrnRatio= 3.10317431483418
ICDroneMiteSurvivorship= 69.5213840575889
ICWorkerMiteSurvivorship= 37.2456832090393
ICForagerLifespan= 12.7250526966527
ImmType= Logarithmic
AIAdultSlope= 3.13084011517698
AIAdultLD50= 0.112665805849247
AIAdultSlopeContact= 2.62129891042365
AIAdultLD50Contact= 0.00147701191017404
AILarvaSlope= 1.96993217021227
AILarvaLD50= 0.651929606753402
AIKOW= 3.18868073541671
AIKOC= 21.0564654739574
AIHalfLife= 1.57849452109076
EAppRate= 0.470383258722723
