ICQueenStrength= 1.11328880907968
RQWkrDrnRatio= 1.53753565624356
ICDroneMiteSurvivorship= 75.0376263866201
ICWorkerMiteSurvivorship= 23.3996605500579
ICForagerLifespan= 8.55157524999231
ImmType= Cosine
AIAdultSlope= 0.423784993516747
AIAdultLD50= 0.381011200835928
AIAdultSlopeContact= 3.25206549981376
AIAdultLD50Contact= 0.0233305214205757
AILarvaSlope= 1.82864863197319
AILarvaLD50= 0.0830087824724615
AIKOW= 5.55167440883815
AIKOC= 16.5163066540845
AIHalfLife= 3.18826730479486
EAppRate= 0
