ICQueenStrength= 3.22536110901274
RQWkrDrnRatio= 3.79312166757882
ICDroneMiteSurvivorship= 87.4318910995498
ICWorkerMiteSurvivorship= 15.3118220623583
ICForagerLifespan= 4.3653317624703
ImmType= Tangent
AIAdultSlope= 1.57256252770312
AIAdultSlopeContact= 1.48630024814978
AIAdultLD50Contact= 0.00769387133186683
AILarvaSlope= 2.16171878501773
AILarvaLD50= 0.609020969085395
AIKOW= 7.85409435350448
AIKOC= 7.78360426891595
AIHalfLife= 11.6874761534855
