ICQueenStrength= 4.60684126266278
RQWkrDrnRatio= 1.26202129665762
ICDroneMiteSurvivorship= 82.9799616476521
ICWorkerMiteSurvivorship= 34.8141437862068
ICForagerLifespan= 5.24161928519607
ImmType= Sine
AIAdultSlopeContact= 4.53455741982907
AIAdultLD50Contact= 0.15159161365591
AILarvaSlope= 2.59640461299568
AILarvaLD50= 1.04274948127568
AIKOW= 14.4582160515711
AIKOC= 77.5983240455389
AIHalfLife= 5.50407992582768
