ICQueenStrength= 2.61758753005415
RQWkrDrnRatio= 3.42393392790109
ICDroneMiteSurvivorship= 56.8872729316354
ICWorkerMiteSurvivorship= 37.6893350388855
ICForagerLifespan= 15.0990160685033
ImmType= Logarithmic
AIAdultSlope= 9.48184742825106
