ICQueenStrength= 1.55842513567768
RQWkrDrnRatio= 4.04981796257198
ICDroneMiteSurvivorship= 78.2019646139815
ICWorkerMiteSurvivorship= 96.4822503738105
ICForagerLifespan= 6.00197993777692
ImmType= Exponential
AIAdultSlope= 0.232624674867839
AIAdultLD50= 2.87632095767185
AIAdultSlopeContact= 2.90547546256799
AIAdultLD50Contact= 0.033509832364507
AILarvaSlope= 1.4990525430534
AILarvaLD50= 0.565716382674873
AIKOW= 5.54888122761622
AIKOC= 25.4958056448959
AIHalfLife= 13.4380029812455
EAppRate= 0.421955620637164
