ICQueenStrength= 1.50956132006831
RQWkrDrnRatio= 1.00162853766233
ICDroneMiteSurvivorship= 88.7978253420442
ICWorkerMiteSurvivorship= 86.73001723364
ICForagerLifespan= 14.5403368612751
ImmType= Cosine
AIAdultSlope= 3.22996734376065
AIAdultLD50= 0.0244140371214598
AIAdultSlopeContact= 1.19068082963582
AIAdultLD50Contact= 0.0405052937450819
AILarvaSlope= 1.007574508572
AILarvaLD50= 0.396175230341032
AIKOW= 7.06995122553781
AIKOC= 11.7064719041809
AIHalfLife= 0.677992797922343
EAppRate= 0.788636748446152
