ICQueenStrength= 3.70867510233074
RQWkrDrnRatio= 3.72033538669348
ICDroneMiteSurvivorship= 61.5976738976315
ICWorkerMiteSurvivorship= 57.6940044062212
ICForagerLifespan= 14.069929596968
ImmType= Tangent
AIAdultSlope= 3.06809691395611
AIAdultLD50= 1.52385594206862
AIAdultSlopeContact= 0.169196483746637
AIAdultLD50Contact= 0.00235156177077442
AILarvaSlope= 3.21305625145324
AILarvaLD50= 0.512980596581474
AIKOW= 3.90546055138111
AIKOC= 15.5890717066359
AIHalfLife= 7.379179995507
EAppRate= 0.737917450722307
