ICQueenStrength= 4.59859000658616
RQWkrDrnRatio= 2.49703668802977
ICDroneMiteSurvivorship= 96.6795812128112
ICWorkerMiteSurvivorship= 98.0638961307704
ICForagerLifespan= 12.0287073599175
ImmType= Logarithmic
AIAdultSlope= 7.98653000500053
