ICQueenStrength= 5.24893164890818
RQWkrDrnRatio= 3.65549652650952
ICDroneMiteSurvivorship= 33.3327114349231
ICWorkerMiteSurvivorship= 42.7319537615404
ICForagerLifespan= 10.6001726118848
ImmType= Exponential
AIAdultSlope= 2.32665896560065
AIAdultSlopeContact= 2.38427263472462
AIAdultLD50Contact= 0.0164641114650294
AILarvaSlope= 0.938287580106407
AILarvaLD50= 0.429820178146474
AIKOW= 6.41971177514642
AIKOC= 28.5144759062678
AIHalfLife= 1.68754823319614
