ICQueenStrength= 5.3321777426172
RQWkrDrnRatio= 2.96034504286945
ICDroneMiteSurvivorship= 35.8412150060758
ICWorkerMiteSurvivorship= 55.2506642183289
ICForagerLifespan= 12.8044830728322
ImmType= Cosine
AIAdultSlope= 0.108364261174574
AIAdultSlopeContact= 1.36351374033373
AIAdultLD50Contact= 0.0139466139604338
AILarvaSlope= 2.43947885977104
AILarvaLD50= 0.76963776787743
AIKOW= 6.45516239479184
AIKOC= 23.277926731389
AIHalfLife= 0.616277127061039
