ICQueenStrength= 4.86731780134141
RQWkrDrnRatio= 3.94370160903782
ICDroneMiteSurvivorship= 38.2371507585049
ICWorkerMiteSurvivorship= 61.4778461167589
ICForagerLifespan= 9.28105878736824
ImmType= Cosine
AIAdultSlope= 3.29313403344713
AIAdultLD50= 0.355966052273288
AIAdultSlopeContact= 3.53850446358556
AIAdultLD50Contact= 0.0382667087833397
AILarvaSlope= 1.48141400828026
AILarvaLD50= 0.878363141859882
AIKOW= 6.80035612778738
AIKOC= 25.8522527711466
AIHalfLife= 0.619433607207611
EAppRate= 0.157726440625265
