ICQueenStrength= 5.58221763954498
RQWkrDrnRatio= 2.52440202888101
ICDroneMiteSurvivorship= 41.0532691748813
ICWorkerMiteSurvivorship= 49.0810190094635
ICForagerLifespan= 9.48462595697492
ImmType= Exponential
AIAdultSlopeContact= 0.402156904209405
AIAdultLD50Contact= 0.0197035200661048
AILarvaSlope= 1.49606518135406
AILarvaLD50= 0.44691261711996
AIKOW= 6.93344426993281
AIKOC= 9.19266161625274
AIHalfLife= 5.9132459461689
