ICQueenStrength= 4.53479081066325
RQWkrDrnRatio= 4.15989927574992
ICDroneMiteSurvivorship= 70.7088520517573
ICWorkerMiteSurvivorship= 45.9773768205196
ICForagerLifespan= 13.2998401001096
ImmType= Cosine
AIAdultSlope= 2.82798599717207
AIAdultLD50= 2.16168756270781
AIAdultSlopeContact= 1.59224047635449
AIAdultLD50Contact= 0.00520737050101161
AILarvaSlope= 0.939577466016635
AILarvaLD50= 0.688599435053766
AIKOW= 7.7712307930924
AIKOC= 22.1308833057992
AIHalfLife= 7.37307897070423
EAppRate= 0.0196629592683166
