ICQueenStrength= 1.93181459465995
RQWkrDrnRatio= 4.31795868184417
ICDroneMiteSurvivorship= 93.540262314491
ICWorkerMiteSurvivorship= 78.566682827659
ICForagerLifespan= 8.41883599758148
ImmType= Logarithmic
AIAdultSlope= 0.686847064597532
AIAdultLD50= 2.40038512134925
AIAdultSlopeContact= 0.596537328993436
AIAdultLD50Contact= 0.0404233427485451
AILarvaSlope= 3.13753819330595
AILarvaLD50= 0.110237954626791
AIKOW= 5.59124631807208
AIKOC= 21.1265846458264
AIHalfLife= 5.41442647017539
EAppRate= 0.952393229817972
