ICQueenStrength= 1.33028537058271
RQWkrDrnRatio= 2.14580649044365
ICDroneMiteSurvivorship= 56.2626782804728
ICWorkerMiteSurvivorship= 6.67873693164438
ICForagerLifespan= 7.83985834382474
ImmType= Logarithmic
AIAdultSlopeContact= 1.65665839018067
AIAdultLD50Contact= 0.0131714814342558
AILarvaSlope= 1.88840856361203
AILarvaLD50= 0.420079616457224
AIKOW= 4.47097560577095
AIKOC= 12.5839322176762
AIHalfLife= 3.24490621872246
