ICQueenStrength= 2.89128408906981
RQWkrDrnRatio= 1.45580156613141
ICDroneMiteSurvivorship= 39.7810961818323
ICWorkerMiteSurvivorship= 9.04428858775645
ICForagerLifespan= 5.32324307132512
ImmType= Logarithmic
AIAdultSlope= 0.612684874795377
AIAdultLD50= 0.320622359169647
AIAdultSlopeContact= 2.71761248121038
AIAdultLD50Contact= 0.0421131860464811
AILarvaSlope= 9.45554475998506
AILarvaLD50= 0.0688424236141145
AIKOW= 40.7385073369369
AIKOC= 21.9047438818961
AIHalfLife= 9.93045664997771
EAppRate= 1.49660585680977
