ICQueenStrength= 3.33851735363714
RQWkrDrnRatio= 3.1483389865607
ICDroneMiteSurvivorship= 24.4033302180469
ICWorkerMiteSurvivorship= 17.96272713691
ICForagerLifespan= 11.8011660110205
ImmType= Sine
AIAdultSlope= 2.33782216896303
AIAdultLD50= 0.275357561185956
AIAdultSlopeContact= 3.3157416856871
AIAdultLD50Contact= 0.0253743665874936
AILarvaSlope= 2.68664451283403
AILarvaLD50= 0.200203155563213
AIKOW= 3.20219525229186
AIKOC= 18.7664150097407
AIHalfLife= 3.9867473137565
EAppRate= 0
