ICQueenStrength= 5.40977456979454
RQWkrDrnRatio= 3.4862183406949
ICDroneMiteSurvivorship= 9.31434591766447
ICWorkerMiteSurvivorship= 83.8316173292696
ICForagerLifespan= 13.3036991367117
ImmType= Logarithmic
AIAdultSlope= 0.507352305715904
AIAdultLD50= 1.48113245679997
AIAdultSlopeContact= 1.19227662400575
AIAdultLD50Contact= 0.0389674210804515
AILarvaSlope= 3.23019471326843
AILarvaLD50= 0.189048208482564
AIKOW= 3.44511138927191
AIKOC= 9.67997757950798
AIHalfLife= 0.092949990183115
EAppRate= 0.455761349061504
