ICQueenStrength= 4.52549141971394
RQWkrDrnRatio= 2.25825254525989
ICDroneMiteSurvivorship= 67.5647787516937
ICWorkerMiteSurvivorship= 35.7843394624069
ICForagerLifespan= 14.117664180696
ImmType= Tangent
AIAdultSlope= 7.71947303321213
