ICQueenStrength= 1.61435383395292
RQWkrDrnRatio= 3.54774803202599
ICDroneMiteSurvivorship= 25.1258746022359
ICWorkerMiteSurvivorship= 74.9923255993053
ICForagerLifespan= 4.41244908887893
ImmType= Cosine
AIAdultSlope= 2.47708344274666
AIAdultLD50= 0.370175047894008
AIAdultSlopeContact= 1.93007219988853
AIAdultLD50Contact= 0.0276491492288187
AILarvaSlope= 2.37452924498357
AILarvaLD50= 0.26659260133747
AIKOW= 5.03986844001338
AIKOC= 29.5525863138027
AIHalfLife= 1.76886845845729
EAppRate= 0
