ICQueenStrength= 5.71407833625562
RQWkrDrnRatio= 1.40851456020027
ICDroneMiteSurvivorship= 80.5898810504004
ICWorkerMiteSurvivorship= 91.9301113346592
ICForagerLifespan= 12.2278773440048
ImmType= Polynomial
AIAdultSlopeContact= 3.89139818260446
AIAdultLD50Contact= 0.122340003587306
AILarvaSlope= 8.09014158556238
AILarvaLD50= 1.75186253804713
AIKOW= 42.1299732523039
AIKOC= 75.8051576092839
AIHalfLife= 0.587388677988201
