ICQueenStrength= 5.91324783535674
RQWkrDrnRatio= 1.67668793629855
ICDroneMiteSurvivorship= 69.5920101366937
ICWorkerMiteSurvivorship= 21.6240384615958
ICForagerLifespan= 7.58481119852513
ImmType= Sine
AIAdultLD50= 0.154012839635834
AIAdultSlopeContact= 2.5510198744107
AIAdultLD50Contact= 0.0165854951250367
AILarvaSlope= 2.20094416411594
AILarvaLD50= 0.731006840779446
AIKOW= 5.9661488449201
AIKOC= 20.2377369056921
AIHalfLife= 0.16119272261858
EAppRate= 0.649284063838422
