ICQueenStrength= 4.89459274243563
RQWkrDrnRatio= 4.07768123131245
ICDroneMiteSurvivorship= 97.8424529312178
ICWorkerMiteSurvivorship= 47.0318997744471
ICForagerLifespan= 14.2452462408692
ImmType= Exponential
AIAdultSlope= 0.0250014101341367
AIAdultLD50= 0.416626497870311
AIAdultSlopeContact= 1.3987460770458
AIAdultLD50Contact= 0.0160623935749754
AILarvaSlope= 3.14877505800687
AILarvaLD50= 0.570697087445296
AIKOW= 2.24624508805573
AIKOC= 21.0598378279246
AIHalfLife= 3.28402449260466
EAppRate= 0.435458438773639
