ICQueenStrength= 5.32020995649509
RQWkrDrnRatio= 3.71932762581855
ICDroneMiteSurvivorship= 64.2827015602961
ICWorkerMiteSurvivorship= 19.9717483948916
ICForagerLifespan= 13.967338507995
ImmType= Logarithmic
AIAdultSlope= 4.3581131589599
