ICQueenStrength= 3.3391123698093
RQWkrDrnRatio= 3.34997068997473
ICDroneMiteSurvivorship= 65.7109254039824
ICWorkerMiteSurvivorship= 39.4852128345519
ICForagerLifespan= 11.4025569362566
ImmType= Exponential
AIAdultSlope= 0.0839019235223532
AIAdultLD50= 0.875656681833789
AIAdultSlopeContact= 2.77227870077128
AIAdultLD50Contact= 0.0124903639080003
AILarvaSlope= 0.0159168883226812
AILarvaLD50= 0.480891986517236
AIKOW= 5.4197160480544
AIKOC= 17.9824906645808
AIHalfLife= 4.85308383498341
EAppRate= 0.0961316621396691
