ICQueenStrength= 2.18231137865223
RQWkrDrnRatio= 3.72390913777053
ICDroneMiteSurvivorship= 72.9980117175728
ICWorkerMiteSurvivorship= 12.0362985180691
ICForagerLifespan= 8.63158113323152
ImmType= Cosine
AIAdultSlopeContact= 3.69725051645888
AIAdultLD50Contact= 0.0245731681003235
AILarvaSlope= 2.00899523152038
AILarvaLD50= 0.590867537492886
AIKOW= 2.40559462271631
AIKOC= 10.790062941378
AIHalfLife= 4.4893500120379
