ICQueenStrength= 4.01111023873091
RQWkrDrnRatio= 1.1175846690312
