ICQueenStrength= 3.76737534906715
RQWkrDrnRatio= 2.60066854767501
ICDroneMiteSurvivorship= 4.96012128423899
ICWorkerMiteSurvivorship= 4.09620148129761
ICForagerLifespan= 13.6824174523354
ImmType= Polynomial
AIAdultSlope= 8.40816665440798
