ICQueenStrength= 3.84906058455817
RQWkrDrnRatio= 4.48127008508891
ICDroneMiteSurvivorship= 84.0672347461805
ICWorkerMiteSurvivorship= 27.5738621829078
ICForagerLifespan= 9.90130225475878
ImmType= Tangent
AIAdultSlope= 0.730126248300076
AIAdultLD50= 0.313964662258513
AIAdultSlopeContact= 0.773578568806406
AIAdultLD50Contact= 0.00248962425393984
AILarvaSlope= 0.784694577846676
AILarvaLD50= 0.635856664530002
AIKOW= 3.07975719962269
AIKOC= 29.0441447764169
AIHalfLife= 3.31912727677263
EAppRate= 0.011298526567407
