ICQueenStrength= 2.62846831604838
RQWkrDrnRatio= 2.5402157632634
ICDroneMiteSurvivorship= 7.31331419665366
ICWorkerMiteSurvivorship= 87.7896839054301
ICForagerLifespan= 9.70400089863688
ImmType= Sine
AIAdultSlope= 2.55919461848214
AIAdultLD50= 0.189112414023839
AIAdultSlopeContact= 1.90934750962537
AIAdultLD50Contact= 0.0116181788267568
AILarvaSlope= 1.55440280260518
AILarvaLD50= 0.834636620921083
AIKOW= 3.29466849565506
AIKOC= 22.594518623082
AIHalfLife= 1.61859793355688
EAppRate= 0.319355381792411
