ICQueenStrength= 5.55638520885259
RQWkrDrnRatio= 4.2852188097313
ICDroneMiteSurvivorship= 91.8405723990873
ICWorkerMiteSurvivorship= 57.0666370447725
ICForagerLifespan= 6.31683393754065
ImmType= Cosine
AIAdultLD50= 0.154012839635834
AIAdultSlopeContact= 0.222068054750562
AIAdultLD50Contact= 0.0264414958655834
AILarvaSlope= 0.908144588442519
AILarvaLD50= 0.197396306390874
AIKOW= 6.00200652750209
AIKOC= 17.3273010540288
AIHalfLife= 7.34666691394523
EAppRate= 1.92015735665336
