ICQueenStrength= 3.216243641451
RQWkrDrnRatio= 1.33586138579994
ICDroneMiteSurvivorship= 24.2926687002182
ICWorkerMiteSurvivorship= 48.9710391266271
ICForagerLifespan= 6.70437403023243
ImmType= Sine
AIAdultSlope= 0.175904217176139
