ICQueenStrength= 4.35395181667991
RQWkrDrnRatio= 2.92707694880664
ICDroneMiteSurvivorship= 35.6755869230255
ICWorkerMiteSurvivorship= 90.8156811958179
ICForagerLifespan= 7.50966013595462
ImmType= Cosine
AIAdultSlope= 2.81201916211285
AIAdultLD50= 1.29831246379763
AIAdultSlopeContact= 3.13824020322645
AIAdultLD50Contact= 0.0429039873881266
AILarvaSlope= 1.56924940869212
AILarvaLD50= 0.368307713186368
AIKOW= 7.24987399205565
AIKOC= 13.5012736613862
AIHalfLife= 4.66901420801878
EAppRate= 0.306462569860741
