ICQueenStrength= 4.13182485988364
RQWkrDrnRatio= 1.64584211166948
ICDroneMiteSurvivorship= 24.9424149282277
ICWorkerMiteSurvivorship= 32.3459653649479
ICForagerLifespan= 6.97252983506769
ImmType= Logarithmic
AIAdultSlope= 3.38120176658733
AIAdultLD50= 0.0521351435454562
AIAdultSlopeContact= 1.15687142179348
AIAdultLD50Contact= 0.0454364689416252
AILarvaSlope= 2.11608925173059
AILarvaLD50= 0.532447982439771
AIKOW= 6.99038499547169
AIKOC= 28.3627083420288
AIHalfLife= 0.687954388558865
EAppRate= 0.0131315042963251
