ICQueenStrength= 2.80857418454252
RQWkrDrnRatio= 4.50876604858786
ICDroneMiteSurvivorship= 52.0744011504576
ICWorkerMiteSurvivorship= 43.2462262688205
ICForagerLifespan= 4.48261604551226
ImmType= Sine
AIAdultSlope= 2.11056414871942
AIAdultLD50= 0.423016320099123
AIAdultSlopeContact= 3.57435198952211
AIAdultLD50Contact= 0.0200397201231681
AILarvaSlope= 0.0478782977443188
AILarvaLD50= 0.0388109517283738
AIKOW= 4.91872890200466
AIKOC= 20.9094126545824
AIHalfLife= 4.22686015139334
EAppRate= 0.196520801703446
