ICQueenStrength= 3.52260140725411
RQWkrDrnRatio= 3.26041034702212
ICDroneMiteSurvivorship= 18.4909947682172
ICWorkerMiteSurvivorship= 15.332417958416
ICForagerLifespan= 6.17508133687079
ImmType= Exponential
AIAdultSlope= 2.63113074647263
AIAdultLD50= 2.28475766605698
AIAdultSlopeContact= 3.75403573662043
AIAdultLD50Contact= 0.00147807894973084
AILarvaSlope= 0.537702763080597
AILarvaLD50= 0.542413538927212
AIKOW= 3.6809053895995
AIKOC= 24.4095908722375
AIHalfLife= 12.8653436442837
EAppRate= 0.128707594005391
