ICQueenStrength= 5.82338818022981
RQWkrDrnRatio= 4.02279853168875
ICDroneMiteSurvivorship= 21.9682631082833
ICWorkerMiteSurvivorship= 47.7912408532575
ICForagerLifespan= 10.6651804372668
ImmType= Sine
AIAdultSlope= 1.18417044637492
AIAdultLD50= 0.262409508111887
AIAdultSlopeContact= 1.00781430090778
AIAdultLD50Contact= 0.0361043580924161
AILarvaSlope= 0.493511824682355
AILarvaLD50= 0.784988952591084
AIKOW= 3.19725349033251
AIKOC= 14.0528451255523
AIHalfLife= 4.71476163365878
EAppRate= 0.547856297297403
