ICQueenStrength= 4.12406255514361
RQWkrDrnRatio= 1.20355207566172
ICDroneMiteSurvivorship= 61.6974032716826
ICWorkerMiteSurvivorship= 43.5097712557763
ICForagerLifespan= 4.21833332534879
ImmType= Cosine
AIAdultSlope= 1.41550168597139
AIAdultLD50= 0.39972596662119
AIAdultSlopeContact= 3.85454582097474
AIAdultLD50Contact= 9.15957032702863e-05
AILarvaSlope= 3.25117315957323
AILarvaLD50= 0.611500519188121
AIKOW= 5.35717336414382
AIKOC= 16.8656565609854
AIHalfLife= 0.370404261630028
EAppRate= 0.472581785591319
