ICQueenStrength= 3.81812588684261
RQWkrDrnRatio= 3.15346345026046
ICDroneMiteSurvivorship= 51.4282416086644
ICWorkerMiteSurvivorship= 3.4036937635392
ICForagerLifespan= 7.98427709657699
ImmType= Exponential
AIAdultSlope= 3.19705804035533
AIAdultLD50= 0.350380737916566
AIAdultSlopeContact= 1.8535907714325
AIAdultLD50Contact= 0.0231841271626763
AILarvaSlope= 0.610108906170353
AILarvaLD50= 0.682390395691618
AIKOW= 6.49865876976401
AIKOC= 24.8700967535842
AIHalfLife= 1.52588871773332
EAppRate= 0.424095366988331
