ICQueenStrength= 5.37748709693551
RQWkrDrnRatio= 2.52660382632166
ICDroneMiteSurvivorship= 14.3092468613759
ICWorkerMiteSurvivorship= 65.6824016710743
ICForagerLifespan= 9.13714336231351
ImmType= Tangent
AIAdultSlope= 2.59054009978194
AIAdultLD50= 0.439212753903121
AIAdultSlopeContact= 2.93390165084275
AIAdultLD50Contact= 0.0115940745105036
AILarvaSlope= 1.39386482355185
AILarvaLD50= 0.157042309571989
AIKOW= 3.95065707247704
AIKOC= 19.3014224013314
AIHalfLife= 2.20518711139448
EAppRate= 0.260664599877782
