ICQueenStrength= 4.60109732486308
RQWkrDrnRatio= 3.51871922146529
ICDroneMiteSurvivorship= 26.6321483300999
ICWorkerMiteSurvivorship= 61.6054971003905
ICForagerLifespan= 6.69119615014642
ImmType= Logarithmic
AIAdultSlope= 1.55541054541944
AIAdultLD50= 0.468004595721141
AIAdultSlopeContact= 1.99081550096394
AIAdultLD50Contact= 0.0100171642145142
AILarvaSlope= 3.33025955557823
AILarvaLD50= 0.4864892387297
AIKOW= 6.8001383212395
AIKOC= 14.9194851645734
AIHalfLife= 0.893221604637802
EAppRate= 0
