ICQueenStrength= 2.97334504453465
RQWkrDrnRatio= 3.20283470395952
ICDroneMiteSurvivorship= 86.64117064327
ICWorkerMiteSurvivorship= 24.0961169358343
ICForagerLifespan= 6.13824077975005
ImmType= Logarithmic
AIAdultSlope= 0.532884859107435
AIAdultLD50= 1.23697944078594
AIAdultSlopeContact= 0.556106359676924
AIAdultLD50Contact= 0.00399066102690995
AILarvaSlope= 3.25923037468456
AILarvaLD50= 0.452403426915407
AIKOW= 7.97572631854564
AIKOC= 11.0473170713522
AIHalfLife= 1.67458578711376
EAppRate= 0.34565751766786
