ICQueenStrength= 2.49134860024787
RQWkrDrnRatio= 3.99446535762399
ICDroneMiteSurvivorship= 26.0527299717069
ICWorkerMiteSurvivorship= 62.6469716895372
ICForagerLifespan= 11.4342981921509
ImmType= Sine
AIAdultSlope= 3.63567342050374
AIAdultLD50= 0.337406927254051
AIAdultSlopeContact= 9.27305451128632
AIAdultLD50Contact= 0.171965577313676
AILarvaSlope= 5.63649092800915
AILarvaLD50= 1.11355054890737
AIKOW= 53.9311429020017
AIKOC= 79.6074144775048
AIHalfLife= 12.4908209023997
EAppRate= 1.21144431363791
