ICQueenStrength= 4.50954883615486
RQWkrDrnRatio= 1.81834818143398
ICDroneMiteSurvivorship= 28.6085864063352
ICWorkerMiteSurvivorship= 75.2886236645281
ICForagerLifespan= 4.38819322455674
ImmType= Tangent
AIAdultSlope= 0.195680693713948
AIAdultLD50= 0.463351755170152
AIAdultSlopeContact= 1.10768649611156
AIAdultLD50Contact= 0.046720351674594
AILarvaSlope= 3.01429369389079
AILarvaLD50= 0.591943763382733
AIKOW= 6.84917356818914
AIKOC= 8.05954549694434
AIHalfLife= 0.993182025849819
EAppRate= 0.675637487624772
