ICQueenStrength= 2.65155042894185
RQWkrDrnRatio= 2.8298321235925
ICDroneMiteSurvivorship= 31.4212364610285
ICWorkerMiteSurvivorship= 31.6661138553172
ICForagerLifespan= 13.6668922957033
ImmType= Cosine
AIAdultSlope= 2.05873147281818
AIAdultLD50= 0.766719890758395
AIAdultSlopeContact= 2.0050183427101
AIAdultLD50Contact= 0.0436713389004581
AILarvaSlope= 0.190223363647237
AILarvaLD50= 0.438006459223106
AIKOW= 5.08267358038574
AIKOC= 5.80873950500973
AIHalfLife= 11.5418845955282
EAppRate= 0.679715654812753
