ICQueenStrength= 2.78429943858646
RQWkrDrnRatio= 2.56409109849483
ICDroneMiteSurvivorship= 99.8612502822652
ICWorkerMiteSurvivorship= 48.2183045241982
ICForagerLifespan= 10.5873605627567
ImmType= Exponential
AIAdultSlopeContact= 5.90033252723515
AIAdultLD50Contact= 0.163305454188958
AILarvaSlope= 7.93608845211565
AILarvaLD50= 0.0253377039916813
AIKOW= 53.6969187669456
AIKOC= 23.887648852542
AIHalfLife= 11.7128989323974
