ICQueenStrength= 3.59573849034496
RQWkrDrnRatio= 1.764932801947
ICDroneMiteSurvivorship= 0.560886459425092
ICWorkerMiteSurvivorship= 45.4590789275244
ICForagerLifespan= 15.3279143972322
ImmType= Cosine
AIAdultSlopeContact= 5.00310237053782
AIAdultLD50Contact= 0.0352868551388383
AILarvaSlope= 5.07103292504326
AILarvaLD50= 1.12823120830581
AIKOW= 80.0707630580291
AIKOC= 41.2638259585947
AIHalfLife= 8.67508039018139
