ICQueenStrength= 2.46882950444706
RQWkrDrnRatio= 1.931625649333
ICDroneMiteSurvivorship= 40.1595066301525
ICWorkerMiteSurvivorship= 44.1499495413154
ICForagerLifespan= 5.73123008478433
ImmType= Exponential
AIAdultSlope= 1.01236862028018
AIAdultLD50= 0.934314512880519
AIAdultSlopeContact= 0.992732732836157
AIAdultLD50Contact= 0.033966288168449
AILarvaSlope= 3.29577896208502
AILarvaLD50= 0.890922213206068
AIKOW= 6.86914939247072
AIKOC= 25.9941884735599
AIHalfLife= 2.18447819026187
EAppRate= 0.387661152053624
