ICQueenStrength= 2.95835464261472
RQWkrDrnRatio= 3.30548313818872
