ICQueenStrength= 1.88985519483685
RQWkrDrnRatio= 3.4277104055509
ICDroneMiteSurvivorship= 51.0428631911054
ICWorkerMiteSurvivorship= 41.1069403169677
ICForagerLifespan= 11.8263151682913
ImmType= Sine
AIAdultSlope= 2.49330456119729
AIAdultLD50= 0.478510500281118
AIAdultSlopeContact= 3.79334277502494
AIAdultLD50Contact= 0.0210854503209703
AILarvaSlope= 0.70919442307204
AILarvaLD50= 0.382475071004592
AIKOW= 2.79644562723115
AIKOC= 12.2918231366202
AIHalfLife= 0.563153345137835
EAppRate= 0.138721526041627
