ICQueenStrength= 5.07727471087128
RQWkrDrnRatio= 4.30733619257808
ICDroneMiteSurvivorship= 70.488335727714
ICWorkerMiteSurvivorship= 14.7044915705919
ICForagerLifespan= 13.9418465588242
ImmType= Logarithmic
AIAdultSlopeContact= 0.329760133754462
AIAdultLD50Contact= 0.0669201690237969
AILarvaSlope= 9.54157139873132
AILarvaLD50= 1.06740934029222
AIKOW= 72.0306478440762
AIKOC= 65.1333514833823
AIHalfLife= 9.66855824645609
