ICQueenStrength= 1.61118429992348
RQWkrDrnRatio= 3.12691196985543
ICDroneMiteSurvivorship= 78.580825868994
ICWorkerMiteSurvivorship= 65.3474652674049
ICForagerLifespan= 6.31497848872095
ImmType= Cosine
AIAdultSlope= 0.873252658476122
AIAdultLD50= 0.243460420751944
AIAdultSlopeContact= 2.03837882126682
AIAdultLD50Contact= 0.00952630061656237
AILarvaSlope= 2.42035487387329
AILarvaLD50= 0.65775634017773
AIKOW= 5.37296681571752
AIKOC= 17.2631375736091
AIHalfLife= 0.820234513375908
EAppRate= 0.416767249302939
