ICQueenStrength= 3.708626993699
RQWkrDrnRatio= 1.2052101707086
ICDroneMiteSurvivorship= 23.5307804541662
ICWorkerMiteSurvivorship= 71.5684948954731
ICForagerLifespan= 4.83279149420559
ImmType= Logarithmic
AIAdultSlope= 2.88231047010049
AIAdultLD50= 2.41064212541096
AIAdultSlopeContact= 0.151226952171419
AIAdultLD50Contact= 0.0020403295988217
AILarvaSlope= 0.726669971924275
AILarvaLD50= 0.575321482750587
AIKOW= 2.70636570360512
AIKOC= 9.80597501737066
AIHalfLife= 10.6922339871526
EAppRate= 0.29546802258119
