ICQueenStrength= 5.14288102183491
RQWkrDrnRatio= 1.60651326924562
ICDroneMiteSurvivorship= 87.2868254780769
ICWorkerMiteSurvivorship= 68.3162635425106
ICForagerLifespan= 8.28892977815121
ImmType= Tangent
AIAdultSlope= 3.41236003441736
