ICQueenStrength= 1.96924023935571
RQWkrDrnRatio= 2.70120245590806
ICDroneMiteSurvivorship= 12.1981594944373
ICWorkerMiteSurvivorship= 19.7526116622612
ICForagerLifespan= 15.850488726981
ImmType= Exponential
AIAdultSlope= 2.51561574643711
AIAdultLD50= 0.342876353533939
AIAdultSlopeContact= 1.47089631514158
AIAdultLD50Contact= 0.0195072971633635
AILarvaSlope= 3.19953074660152
AILarvaLD50= 0.735704272217117
AIKOW= 7.61216249642894
AIKOC= 25.6827678193804
AIHalfLife= 3.26977010117844
EAppRate= 0
