ICQueenStrength= 5.42210239241831
RQWkrDrnRatio= 1.4217023672536
ICDroneMiteSurvivorship= 73.2555337948725
ICWorkerMiteSurvivorship= 72.0195293659344
ICForagerLifespan= 9.2852749209851
ImmType= Logarithmic
AIAdultSlope= 0.391934889054392
AIAdultLD50= 0.303093625814654
AIAdultSlopeContact= 0.499870916388463
AIAdultLD50Contact= 0.0470415664720349
AILarvaSlope= 1.95838613510132
AILarvaLD50= 0.111461166827939
AIKOW= 4.82974274549633
AIKOC= 5.94032959314063
AIHalfLife= 1.12038987572305
EAppRate= 0
