ICQueenStrength= 2.48010931559838
RQWkrDrnRatio= 3.612324539572
ICDroneMiteSurvivorship= 96.3432784425095
ICWorkerMiteSurvivorship= 31.7785334773362
ICForagerLifespan= 12.4344220366329
ImmType= Polynomial
AIAdultSlopeContact= 0.34373257425148
AIAdultLD50Contact= 0.00283332879189402
AILarvaSlope= 1.51543947565369
AILarvaLD50= 0.233786494284868
AIKOW= 2.46290840161964
AIKOC= 22.1628940559458
AIHalfLife= 0.278280174359679
