ICQueenStrength= 1.08192454581149
RQWkrDrnRatio= 2.47394379321486
ICDroneMiteSurvivorship= 58.280000789091
ICWorkerMiteSurvivorship= 61.2119854195043
ICForagerLifespan= 6.53639757819474
ImmType= Polynomial
AIAdultSlopeContact= 8.76527554821223
AIAdultLD50Contact= 0.00231302906759083
AILarvaSlope= 4.85616245074198
AILarvaLD50= 1.39890913153067
AIKOW= 67.6728923805058
AIKOC= 29.0098511148244
AIHalfLife= 1.95380190201104
