ICQueenStrength= 3.25319406483322
RQWkrDrnRatio= 2.30721789505333
ICDroneMiteSurvivorship= 4.74961241707206
ICWorkerMiteSurvivorship= 13.6946675367653
ICForagerLifespan= 7.88998042326421
ImmType= Sine
AIAdultSlopeContact= 9.87604758935049
AIAdultLD50Contact= 0.181600522994995
AILarvaSlope= 1.71172025846317
AILarvaLD50= 0.169016328640282
AIKOW= 6.34706758428365
AIKOC= 48.8537269411609
AIHalfLife= 3.61427382472903
