ICQueenStrength= 3.75472230394371
RQWkrDrnRatio= 1.64212378300726
ICDroneMiteSurvivorship= 88.9007373247296
ICWorkerMiteSurvivorship= 5.7246417272836
ICForagerLifespan= 6.18539328221232
ImmType= Polynomial
AIAdultSlope= 0.782867403142154
AIAdultLD50= 2.27874588430859
AIAdultSlopeContact= 3.64446921627503
AIAdultLD50Contact= 0.00282251528697088
AILarvaSlope= 0.920208946615457
AILarvaLD50= 0.332146063330583
AIKOW= 4.08586118835956
AIKOC= 15.5966826260556
AIHalfLife= 10.1873118206859
EAppRate= 0.0634866380132735
