ICQueenStrength= 1.87995082023554
RQWkrDrnRatio= 1.60866641812027
ICDroneMiteSurvivorship= 12.046233471483
ICWorkerMiteSurvivorship= 89.8830542806536
ICForagerLifespan= 13.2202581707388
ImmType= Polynomial
AIAdultSlope= 9.8878172156401
AIAdultLD50= 0.983892891556025
AIAdultSlopeContact= 8.56110276421532
AIAdultLD50Contact= 0.0976099096238613
AILarvaSlope= 7.46094929520041
AILarvaLD50= 1.99842457938939
AIKOW= 56.5489259781316
AIKOC= 84.2886325670406
AIHalfLife= 9.90095062507316
EAppRate= 0.541779465973377
