ICQueenStrength= 4.65266108652577
RQWkrDrnRatio= 2.42604782246053
ICDroneMiteSurvivorship= 93.6625577509403
ICWorkerMiteSurvivorship= 61.7047471459955
ICForagerLifespan= 13.6343230418861
ImmType= Exponential
AIAdultSlopeContact= 3.33045051306719
AIAdultLD50Contact= 0.00768391216406599
AILarvaSlope= 1.46762212663889
AILarvaLD50= 0.680412081512623
AIKOW= 5.45690586930141
AIKOC= 14.1840174398385
AIHalfLife= 12.6413471866399
