ICQueenStrength= 3.81821896438487
RQWkrDrnRatio= 4.91421375330538
ICDroneMiteSurvivorship= 34.5727267442271
ICWorkerMiteSurvivorship= 11.8887952063233
ICForagerLifespan= 12.5409398656338
ImmType= Tangent
AIAdultSlope= 1.43458135742694
AIAdultLD50= 1.73777582659386
AIAdultSlopeContact= 3.79039808915695
AIAdultLD50Contact= 0.0226043948670849
AILarvaSlope= 2.42325740591623
AILarvaLD50= 0.0528783911839128
AIKOW= 6.83384630130604
AIKOC= 10.4761348408647
AIHalfLife= 1.75809145206586
EAppRate= 0.13288932852447
