ICQueenStrength= 5.7235672280658
RQWkrDrnRatio= 2.93234768416733
ICDroneMiteSurvivorship= 82.7831837115809
ICWorkerMiteSurvivorship= 47.2345872782171
ICForagerLifespan= 13.6556410128251
ImmType= Exponential
AIAdultSlope= 3.34472462881124
AIAdultLD50= 0.41802742134314
AIAdultSlopeContact= 2.27285193724092
AIAdultLD50Contact= 0.036187357082963
AILarvaSlope= 2.09634452085011
AILarvaLD50= 0.272670745127834
AIKOW= 3.41318535152823
AIKOC= 10.53336077719
AIHalfLife= 1.98983274865896
EAppRate= 0
