ICQueenStrength= 4.91807023552246
RQWkrDrnRatio= 4.70341879036278
ICDroneMiteSurvivorship= 80.5408576503396
ICWorkerMiteSurvivorship= 29.3604267761111
ICForagerLifespan= 8.53012148104608
ImmType= Sine
AIAdultSlope= 4.61806716164574
AIAdultLD50= 0.952597878873348
AIAdultSlopeContact= 3.60828160541132
AIAdultLD50Contact= 0.131238719495013
AILarvaSlope= 6.27243618713692
AILarvaLD50= 0.259857336059213
AIKOW= 47.9935011127964
AIKOC= 80.2223355509341
AIHalfLife= 3.02498693438247
EAppRate= 0.677996699698269
