ICQueenStrength= 3.92480599484406
RQWkrDrnRatio= 3.17861974518746
ICDroneMiteSurvivorship= 14.5542563637719
ICWorkerMiteSurvivorship= 62.1771649690345
ICForagerLifespan= 12.489459104836
ImmType= Polynomial
AIAdultSlope= 2.31421382166445
AIAdultLD50= 0.156593248946592
AIAdultSlopeContact= 5.05402691429481
AIAdultLD50Contact= 0.0991177091840655
AILarvaSlope= 8.28959298552945
AILarvaLD50= 0.516092490870506
AIKOW= 28.1343961600214
AIKOC= 49.9676007544622
AIHalfLife= 10.800254624337
EAppRate= 0.329699800815433
