ICQueenStrength= 1.2269833360333
RQWkrDrnRatio= 3.40189653728157
ICDroneMiteSurvivorship= 93.1475703138858
ICWorkerMiteSurvivorship= 87.9136752337217
ICForagerLifespan= 8.27604387048632
ImmType= Sine
AIAdultSlopeContact= 9.39074268797413
AIAdultLD50Contact= 0.131265052594244
AILarvaSlope= 5.20384901203215
AILarvaLD50= 0.800386602990329
AIKOW= 84.7970720147714
AIKOC= 59.9687332287431
AIHalfLife= 12.3275511246175
