ICQueenStrength= 4.11993081821129
RQWkrDrnRatio= 4.29061516560614
ICDroneMiteSurvivorship= 37.122316705063
ICWorkerMiteSurvivorship= 84.4637270318344
ICForagerLifespan= 8.80112777277827
ImmType= Tangent
AIAdultSlope= 2.8143196227029
