ICQueenStrength= 2.04976996197365
RQWkrDrnRatio= 1.23883228283376
ICDroneMiteSurvivorship= 15.6735794851556
ICWorkerMiteSurvivorship= 89.2807379597798
ICForagerLifespan= 9.5290649915114
ImmType= Logarithmic
AIAdultSlope= 1.77167414454743
