ICQueenStrength= 5.0146370138973
RQWkrDrnRatio= 1.08910430315882
ICDroneMiteSurvivorship= 51.1737357126549
ICWorkerMiteSurvivorship= 35.0497842999175
ICForagerLifespan= 11.3671063389629
ImmType= Sine
AIAdultSlope= 1.59694636240602
