ICQueenStrength= 4.29609467298724
RQWkrDrnRatio= 1.45209256373346
ICDroneMiteSurvivorship= 48.9515217021108
ICWorkerMiteSurvivorship= 61.9400070747361
ICForagerLifespan= 8.9381592636928
ImmType= Cosine
AIAdultSlope= 2.21865001861006
AIAdultLD50= 2.62601914792322
AIAdultSlopeContact= 3.23387472082162
AIAdultLD50Contact= 0.0378780017606914
AILarvaSlope= 2.44732382777147
AILarvaLD50= 0.201504002208821
AIKOW= 2.31327198818326
AIKOC= 15.1388241106179
AIHalfLife= 11.7355426005088
EAppRate= 0.872666090261191
