ICQueenStrength= 3.0215391938109
RQWkrDrnRatio= 3.66699747275561
ICDroneMiteSurvivorship= 31.6782073583454
ICWorkerMiteSurvivorship= 93.5881946934387
ICForagerLifespan= 9.3201257372275
ImmType= Polynomial
AIAdultSlope= 0.734413122804835
AIAdultLD50= 1.63376056635752
AIAdultSlopeContact= 2.08810877118492
AIAdultLD50Contact= 0.0400659671984613
AILarvaSlope= 2.72009535208344
AILarvaLD50= 0.814208123506978
AIKOW= 2.63173104729503
AIKOC= 11.4296067401301
AIHalfLife= 7.60292336251587
EAppRate= 0.671119741629809
