ICQueenStrength= 1.66589649883099
RQWkrDrnRatio= 1.69254995230585
ICDroneMiteSurvivorship= 88.9482978731394
ICWorkerMiteSurvivorship= 67.6745628938079
ICForagerLifespan= 13.340917927213
ImmType= Tangent
AIAdultSlope= 2.57282994287088
AIAdultLD50= 0.367906245170161
AIAdultSlopeContact= 1.01371057284297
AIAdultLD50Contact= 0.0418576586293057
AILarvaSlope= 0.103948585409671
AILarvaLD50= 0.321794167323969
AIKOW= 3.13087753579021
AIKOC= 7.51046982593834
AIHalfLife= 5.75233334954828
EAppRate= 0.544757406692952
