ICQueenStrength= 2.8133235629648
RQWkrDrnRatio= 3.60853923391551
ICDroneMiteSurvivorship= 41.4187885355204
ICWorkerMiteSurvivorship= 76.090533612296
ICForagerLifespan= 8.00418383162469
ImmType= Exponential
AIAdultSlope= 0.199704233091325
