ICQueenStrength= 1.43657543836161
RQWkrDrnRatio= 2.98379787802696
ICDroneMiteSurvivorship= 74.2358608171344
ICWorkerMiteSurvivorship= 4.8131687566638
ICForagerLifespan= 6.55619123578072
ImmType= Polynomial
AIAdultSlope= 9.66215060325339
