ICQueenStrength= 4.50813441677019
RQWkrDrnRatio= 1.22179022151977
ICDroneMiteSurvivorship= 11.0878242179751
ICWorkerMiteSurvivorship= 31.7275495268404
ICForagerLifespan= 12.318063207902
ImmType= Polynomial
AIAdultSlope= 1.77483084247448
AIAdultLD50= 0.398166374885477
AIAdultSlopeContact= 2.96256958582671
AIAdultLD50Contact= 0.0305547021562234
AILarvaSlope= 1.56232428662479
AILarvaLD50= 0.848648636299186
AIKOW= 6.04972873954102
AIKOC= 11.1450132750906
AIHalfLife= 1.043954747729
EAppRate= 0
