ICQueenStrength= 2.74732680991292
RQWkrDrnRatio= 2.66762927919626
