ICQueenStrength= 5.87691358663142
RQWkrDrnRatio= 3.5508238421753
ICDroneMiteSurvivorship= 11.6576626664028
ICWorkerMiteSurvivorship= 41.0341773647815
ICForagerLifespan= 7.14171487931162
ImmType= Sine
AIAdultSlope= 1.60826481580734
AIAdultLD50= 1.72654561861418
AIAdultSlopeContact= 3.77868743814295
AIAdultLD50Contact= 0.0302921747439541
AILarvaSlope= 0.667676368914545
AILarvaLD50= 0.833032182999887
AIKOW= 3.17720847204328
AIKOC= 5.73943075840361
AIHalfLife= 0.598628514446318
EAppRate= 0.265008746646345
