ICQueenStrength= 3.59046151652001
RQWkrDrnRatio= 2.03351133130491
ICDroneMiteSurvivorship= 23.8508524140343
ICWorkerMiteSurvivorship= 28.8285443326458
ICForagerLifespan= 9.94033382181078
ImmType= Logarithmic
AIAdultSlope= 1.28389966236427
AIAdultLD50= 1.79024168313481
AIAdultSlopeContact= 1.4920997315459
AIAdultLD50Contact= 0.0264603475108743
AILarvaSlope= 1.5432717859745
AILarvaLD50= 0.89341407737229
AIKOW= 5.08986419439316
AIKOC= 18.8405692065135
AIHalfLife= 7.3942004898563
EAppRate= 0.00855407258495688
