ICQueenStrength= 2.38243149849586
RQWkrDrnRatio= 3.58612315170467
ICDroneMiteSurvivorship= 39.4593235338107
ICWorkerMiteSurvivorship= 20.677214465104
ICForagerLifespan= 7.19791128486395
ImmType= Cosine
AIAdultSlope= 1.24023937894963
AIAdultLD50= 0.211671385215595
AIAdultSlopeContact= 0.377882574317046
AIAdultLD50Contact= 0.0115102227078751
AILarvaSlope= 2.14620117689483
AILarvaLD50= 0.190525566064753
AIKOW= 4.58655805513263
AIKOC= 9.54727793694474
AIHalfLife= 5.0318005415611
EAppRate= 0.163697458570823
