ICQueenStrength= 3.61555663309991
RQWkrDrnRatio= 2.3662932375446
ICDroneMiteSurvivorship= 81.6939495503902
ICWorkerMiteSurvivorship= 81.5152239520103
ICForagerLifespan= 6.94149158056825
ImmType= Tangent
AIAdultSlope= 5.84778960095719
