ICQueenStrength= 4.28423521714285
RQWkrDrnRatio= 3.21252189017832
ICDroneMiteSurvivorship= 7.42558618076146
ICWorkerMiteSurvivorship= 89.9999055080116
ICForagerLifespan= 8.47194022685289
ImmType= Sine
AIAdultSlope= 2.87557537581772
AIAdultLD50= 0.11270942480769
AIAdultSlopeContact= 3.01257295510964
AIAdultLD50Contact= 0.0315344020258635
AILarvaSlope= 0.78841552818194
AILarvaLD50= 0.269395929900929
AIKOW= 7.81713816104457
AIKOC= 21.1748712242115
AIHalfLife= 4.35305204009637
EAppRate= 0.262386199343018
