ICQueenStrength= 1.10606488096528
RQWkrDrnRatio= 3.75553808175027
ICDroneMiteSurvivorship= 55.8652976294979
ICWorkerMiteSurvivorship= 64.9186654016376
ICForagerLifespan= 5.46420904714614
ImmType= Cosine
AIAdultSlope= 1.70846064167563
AIAdultLD50= 0.39504935988225
AIAdultSlopeContact= 3.03837081897771
AIAdultLD50Contact= 0.044108164741192
AILarvaSlope= 1.57534106448293
AILarvaLD50= 0.532925677997992
AIKOW= 3.24483822099864
AIKOC= 17.4233057897072
AIHalfLife= 3.91951127210632
EAppRate= 0.405408584862016
