ICQueenStrength= 2.31544282892719
RQWkrDrnRatio= 4.83383333776146
ICDroneMiteSurvivorship= 22.6385813439265
ICWorkerMiteSurvivorship= 95.2580578625202
ICForagerLifespan= 10.9130823761225
ImmType= Tangent
AIAdultSlope= 2.5878258015099
AIAdultLD50= 0.140811566379853
AIAdultSlopeContact= 2.82937140116701
AIAdultLD50Contact= 0.00862043426604941
AILarvaSlope= 1.73612175313756
AILarvaLD50= 0.699929807824083
AIKOW= 3.20738301053643
AIKOC= 26.2019247410353
AIHalfLife= 1.06911885202862
EAppRate= 0
