ICQueenStrength= 2.79220894235186
RQWkrDrnRatio= 3.68575273547322
ICDroneMiteSurvivorship= 25.876904418692
ICWorkerMiteSurvivorship= 21.8699085758999
ICForagerLifespan= 8.36363076046109
ImmType= Cosine
AIAdultSlope= 1.73450634898618
AIAdultLD50= 1.65895504178479
AIAdultSlopeContact= 0.563427846212871
AIAdultLD50Contact= 0.00123010704992339
AILarvaSlope= 2.52388138980605
AILarvaLD50= 0.836047741351649
AIKOW= 6.59332850761712
AIKOC= 21.68717279681
AIHalfLife= 6.52138774981722
EAppRate= 0.675742337014526
