ICQueenStrength= 4.08263368904591
RQWkrDrnRatio= 1.17527214530855
ICDroneMiteSurvivorship= 35.881304834038
ICWorkerMiteSurvivorship= 9.67547527980059
ICForagerLifespan= 11.7742390269414
ImmType= Polynomial
AIAdultSlope= 3.02505833351752
AIAdultLD50= 0.346151403267868
AIAdultSlopeContact= 3.23441830572439
AIAdultLD50Contact= 0.0182051753508858
AILarvaSlope= 1.93818209199235
AILarvaLD50= 0.350111089646816
AIKOW= 4.49209396028891
AIKOC= 29.3606490665115
AIHalfLife= 0.158415531041101
EAppRate= 0.443430978758261
