ICQueenStrength= 1.28112623724155
RQWkrDrnRatio= 3.14538582321256
ICDroneMiteSurvivorship= 79.2779498966411
ICWorkerMiteSurvivorship= 19.4390358636156
ICForagerLifespan= 12.32587893866
ImmType= Sine
AIAdultSlope= 3.01159176251851
AIAdultLD50= 0.367520366446115
AIAdultSlopeContact= 2.29630652602762
AIAdultLD50Contact= 0.0460352527210489
AILarvaSlope= 1.37968553844839
AILarvaLD50= 0.576026427838951
AIKOW= 5.51196873979643
AIKOC= 23.9272484974936
AIHalfLife= 3.01603453001007
EAppRate= 0.614481654623523
