ICQueenStrength= 5.32062811101787
RQWkrDrnRatio= 1.54645573999733
ICDroneMiteSurvivorship= 92.4715456087142
ICWorkerMiteSurvivorship= 90.9187807003036
ICForagerLifespan= 10.9008932141587
ImmType= Cosine
AIAdultSlope= 1.18464225493139
AIAdultLD50= 0.4276670148829
AIAdultSlopeContact= 1.1283825506852
AIAdultLD50Contact= 0.0393963756272569
AILarvaSlope= 2.44932398265228
AILarvaLD50= 0.7368071351666
AIKOW= 5.0961427539587
AIKOC= 12.5441822817083
AIHalfLife= 1.88148502609693
EAppRate= 0.109169760392979
