ICQueenStrength= 2.29243098315783
RQWkrDrnRatio= 1.91394261922687
ICDroneMiteSurvivorship= 80.8929874561727
ICWorkerMiteSurvivorship= 90.1555322343484
ICForagerLifespan= 4.74327590037137
ImmType= Cosine
AIAdultSlope= 3.74560167005053
AIAdultLD50= 0.0670886241132393
AIAdultSlopeContact= 2.15610558620654
AIAdultLD50Contact= 0.0331305462750606
AILarvaSlope= 1.84991848464124
AILarvaLD50= 0.725915012927726
AIKOW= 2.13764902483672
AIKOC= 5.72306217625737
AIHalfLife= 1.26635451102629
EAppRate= 0.264137063757516
