ICQueenStrength= 3.78484744485468
RQWkrDrnRatio= 4.17523109912872
ICDroneMiteSurvivorship= 6.07309280894697
ICWorkerMiteSurvivorship= 31.6726692486554
ICForagerLifespan= 11.3218923443928
ImmType= Polynomial
AIAdultSlope= 0.674226331571117
AIAdultLD50= 0.749228229280561
AIAdultSlopeContact= 0.960483651186805
AIAdultLD50Contact= 0.0482538987998851
AILarvaSlope= 1.63209368074313
AILarvaLD50= 0.394395764032379
AIKOW= 2.50892368797213
AIKOC= 10.5673815542832
AIHalfLife= 13.6149923941121
EAppRate= 0.521557391388342
