ICQueenStrength= 5.79462856194004
RQWkrDrnRatio= 4.33038821816444
ICDroneMiteSurvivorship= 71.9559591263533
ICWorkerMiteSurvivorship= 5.33159303013235
ICForagerLifespan= 10.82057617791
ImmType= Cosine
AIAdultSlope= 5.48041238449514
