ICQueenStrength= 1.68611453287303
RQWkrDrnRatio= 4.59892838820815
ICDroneMiteSurvivorship= 63.2089982740581
ICWorkerMiteSurvivorship= 48.438806948252
ICForagerLifespan= 15.8398881452158
ImmType= Polynomial
AIAdultSlope= 2.49398272819817
AIAdultLD50= 2.50114987255074
AIAdultSlopeContact= 1.1296180880419
AIAdultLD50Contact= 0.0124771782546304
AILarvaSlope= 0.458341969549656
AILarvaLD50= 0.00506261063273996
AIKOW= 2.15225620381534
AIKOC= 29.0791079471819
AIHalfLife= 12.6300550233573
EAppRate= 0.284740584669635
