ICQueenStrength= 3.6422927796375
RQWkrDrnRatio= 1.81713317055255
ICDroneMiteSurvivorship= 1.60475741140544
ICWorkerMiteSurvivorship= 56.3952428055927
ICForagerLifespan= 9.62990053836256
ImmType= Exponential
AIAdultSlopeContact= 9.05267870984972
AIAdultLD50Contact= 0.197676702169701
AILarvaSlope= 4.13889753399417
AILarvaLD50= 0.447508911602199
AIKOW= 70.9060389781371
AIKOC= 53.0493774916977
AIHalfLife= 3.40147840417922
