ICQueenStrength= 4.18011387949809
RQWkrDrnRatio= 4.91514049656689
ICDroneMiteSurvivorship= 40.7369762659073
ICWorkerMiteSurvivorship= 27.2825354710221
ICForagerLifespan= 8.31771785207093
ImmType= Tangent
AIAdultSlope= 2.46740072336979
AIAdultLD50= 2.06018275232054
AIAdultSlopeContact= 0.358868826013058
AIAdultLD50Contact= 0.0214635519660078
AILarvaSlope= 0.56898793624714
AILarvaLD50= 0.342434804001823
AIKOW= 6.22733203088865
AIKOC= 15.8204758085776
AIHalfLife= 9.484283357393
EAppRate= 0.55010889004916
