ICQueenStrength= 2.71872701030225
RQWkrDrnRatio= 3.8207733258605
ICDroneMiteSurvivorship= 78.7864352110773
ICWorkerMiteSurvivorship= 70.8814634010196
ICForagerLifespan= 15.0575146479532
ImmType= Sine
AIAdultSlopeContact= 1.88536584297661
AIAdultLD50Contact= 0.000280807388480753
AILarvaSlope= 1.45540871038102
AILarvaLD50= 0.759051858773455
AIKOW= 5.36321873636916
AIKOC= 15.1151708106045
AIHalfLife= 0.111189870163798
