ICQueenStrength= 5.110715854913
RQWkrDrnRatio= 4.69687490817159
ICDroneMiteSurvivorship= 49.1133720846847
ICWorkerMiteSurvivorship= 89.941149414517
ICForagerLifespan= 6.75600508414209
ImmType= Polynomial
AIAdultSlopeContact= 2.81546730757691
AIAdultLD50Contact= 0.00303273744648322
AILarvaSlope= 0.876988837914541
AILarvaLD50= 0.676895989011973
AIKOW= 5.5497464328073
AIKOC= 17.5020534440409
AIHalfLife= 4.54570499807596
