ICQueenStrength= 1.9907486056909
RQWkrDrnRatio= 3.78222166933119
ICDroneMiteSurvivorship= 50.2175878733397
ICWorkerMiteSurvivorship= 15.385842975229
ICForagerLifespan= 6.17972163110971
ImmType= Cosine
AIAdultSlope= 0.737719513801858
AIAdultLD50= 0.508893684949726
AIAdultSlopeContact= 0.73218033631565
AIAdultLD50Contact= 0.0417734910384752
AILarvaSlope= 1.60981550943106
AILarvaLD50= 0.619986182567663
AIKOW= 4.90497717028484
AIKOC= 14.7375741810538
AIHalfLife= 3.69324657134712
EAppRate= 0.862434812122956
