ICQueenStrength= 3.09037916967645
RQWkrDrnRatio= 4.49970821291208
ICDroneMiteSurvivorship= 16.5182926459238
ICWorkerMiteSurvivorship= 45.069901808165
ICForagerLifespan= 9.62309415917844
ImmType= Exponential
AIAdultSlope= 3.18663349552313
AIAdultLD50= 0.459037455031648
AIAdultSlopeContact= 3.46734827417415
AIAdultLD50Contact= 0.0432343851658516
AILarvaSlope= 1.97114374153316
AILarvaLD50= 0.659654284268618
AIKOW= 7.76759874681011
AIKOC= 24.2274685425218
AIHalfLife= 2.03770676977001
EAppRate= 0.16853002300486
