ICQueenStrength= 2.06438555521891
RQWkrDrnRatio= 1.43990157917142
ICDroneMiteSurvivorship= 10.1419473066926
ICWorkerMiteSurvivorship= 68.3926151599735
ICForagerLifespan= 5.57937452197075
ImmType= Tangent
AIAdultSlope= 7.48092123074457
