ICQueenStrength= 3.09883835166693
RQWkrDrnRatio= 3.95941484160721
ICDroneMiteSurvivorship= 38.8454089639708
ICWorkerMiteSurvivorship= 86.4309069700539
ICForagerLifespan= 5.03267204575241
ImmType= Logarithmic
AIAdultSlopeContact= 9.47539322311059
AIAdultLD50Contact= 0.0606295100413263
AILarvaSlope= 9.50261345133185
AILarvaLD50= 1.98532755393535
AIKOW= 61.8625810369849
AIKOC= 13.2980386260897
AIHalfLife= 13.2800822937861
