ICQueenStrength= 5.3888288596645
RQWkrDrnRatio= 4.03751627169549
ICDroneMiteSurvivorship= 7.55483948159963
ICWorkerMiteSurvivorship= 21.3487864239141
ICForagerLifespan= 8.00416698958725
ImmType= Cosine
AIAdultSlope= 2.04054057598114
