ICQueenStrength= 1.52186426939443
RQWkrDrnRatio= 2.43319422286004
ICDroneMiteSurvivorship= 95.6239937338978
ICWorkerMiteSurvivorship= 3.00573888234794
ICForagerLifespan= 13.4251567022875
ImmType= Polynomial
AIAdultSlope= 2.82180518233217
AIAdultLD50= 0.363736541708931
AIAdultSlopeContact= 3.74641940725269
AIAdultLD50Contact= 0.0339332912699319
AILarvaSlope= 3.09679320449941
AILarvaLD50= 0.226264144387096
AIKOW= 5.44789480231702
AIKOC= 20.4403578024358
AIHalfLife= 1.27030165772885
EAppRate= 0.241181962192059
