ICQueenStrength= 2.1548039666377
RQWkrDrnRatio= 1.72340323776007
ICDroneMiteSurvivorship= 26.9271861528978
ICWorkerMiteSurvivorship= 35.5478510260582
ICForagerLifespan= 15.0752453543246
ImmType= Sine
AIAdultSlope= 3.28567100818735
AIAdultLD50= 0.0644919935148209
AIAdultSlopeContact= 0.296989811256062
AIAdultLD50Contact= 0.00810678092529997
AILarvaSlope= 0.618926944956183
AILarvaLD50= 0.858332207961939
AIKOW= 2.83562797214836
AIKOC= 24.7175008710474
AIHalfLife= 2.24394562654197
EAppRate= 0.430563353002071
