ICQueenStrength= 4.54174549691379
RQWkrDrnRatio= 4.51226358208805
ICDroneMiteSurvivorship= 31.851728213951
ICWorkerMiteSurvivorship= 64.5575626054779
ICForagerLifespan= 12.592646015808
ImmType= Sine
AIAdultSlope= 3.60887989284704
AIAdultLD50= 0.454389829654247
AIAdultSlopeContact= 1.09459065732546
AIAdultLD50Contact= 0.0134683769778349
AILarvaSlope= 1.01136983991601
AILarvaLD50= 0.810206260322593
AIKOW= 4.45654685096815
AIKOC= 20.6563800992444
AIHalfLife= 1.25021261512302
EAppRate= 0
