ICQueenStrength= 1.34286913229153
RQWkrDrnRatio= 2.82135918177664
ICDroneMiteSurvivorship= 6.95253417361528
ICWorkerMiteSurvivorship= 54.9598230514675
ICForagerLifespan= 5.32180939428508
ImmType= Tangent
AIAdultSlopeContact= 3.85006086899433
AIAdultLD50Contact= 0.028355304908473
AILarvaSlope= 0.590286899311468
AILarvaLD50= 0.869738211901859
AIKOW= 4.58721711160615
AIKOC= 23.2461720774882
AIHalfLife= 9.93829572200775
