ICQueenStrength= 1.01048260251991
RQWkrDrnRatio= 2.40923940483481
ICDroneMiteSurvivorship= 92.4523431342095
ICWorkerMiteSurvivorship= 74.9372971709818
ICForagerLifespan= 14.5341460546479
ImmType= Tangent
AIAdultSlope= 0.480426829401404
AIAdultSlopeContact= 3.75449431392364
AIAdultLD50Contact= 0.0169193039997481
AILarvaSlope= 3.08489671973512
AILarvaLD50= 0.457960200821981
AIKOW= 6.1398770804517
AIKOC= 12.8432449954562
AIHalfLife= 12.6202877438627
