ICQueenStrength= 1.11142205796205
RQWkrDrnRatio= 4.04767651762813
ICDroneMiteSurvivorship= 73.770319763571
ICWorkerMiteSurvivorship= 65.4165999032557
ICForagerLifespan= 5.10133747942746
ImmType= Polynomial
AIAdultSlope= 1.16545094430679
AIAdultLD50= 0.0237429225817323
AIAdultSlopeContact= 1.87875123477308
AIAdultLD50Contact= 0.0213882192969322
AILarvaSlope= 2.13917980995029
AILarvaLD50= 0.0303230654681101
AIKOW= 7.06737921619788
AIKOC= 29.4994490290992
AIHalfLife= 0.649260292993858
EAppRate= 0.42569943156559
