ICQueenStrength= 2.84376855846494
RQWkrDrnRatio= 2.24639269988984
ICDroneMiteSurvivorship= 13.2455074694008
ICWorkerMiteSurvivorship= 67.0653133420274
ICForagerLifespan= 5.04156523384154
ImmType= Tangent
AIAdultSlopeContact= 3.76509021355072
AIAdultLD50Contact= 0.010389839229174
AILarvaSlope= 3.17727805133909
AILarvaLD50= 0.667964497231878
AIKOW= 7.84561151545495
AIKOC= 8.9294813585002
AIHalfLife= 11.0038717575371
