ICQueenStrength= 4.19796174531803
RQWkrDrnRatio= 2.47751190792769
ICDroneMiteSurvivorship= 26.8220364116132
ICWorkerMiteSurvivorship= 24.7704653767869
ICForagerLifespan= 6.39996656961739
ImmType= Logarithmic
AIAdultSlope= 0.0810432157944888
AIAdultLD50= 0.0278470292687416
AIAdultSlopeContact= 1.60613006406231
AIAdultLD50Contact= 0.00513527549337596
AILarvaSlope= 1.12933601406403
AILarvaLD50= 0.739597731619142
AIKOW= 2.7879631286487
AIKOC= 23.8958805229049
AIHalfLife= 8.23885447811335
EAppRate= 0.79403659584932
