ICQueenStrength= 5.01947857579216
RQWkrDrnRatio= 2.09710494894534
ICDroneMiteSurvivorship= 25.0858311774209
ICWorkerMiteSurvivorship= 14.4291939912364
ICForagerLifespan= 4.12623758614063
ImmType= Sine
AIAdultSlope= 2.46406266524456
AIAdultLD50= 0.252202251576819
AIAdultSlopeContact= 0.527041421213653
AIAdultLD50Contact= 0.0139220857992768
AILarvaSlope= 2.7694658796303
AILarvaLD50= 0.348170446883887
AIKOW= 6.22792522376403
AIKOC= 10.8687768643722
AIHalfLife= 3.28438302851282
EAppRate= 0
