ICQueenStrength= 5.35262480285019
RQWkrDrnRatio= 1.33327003382146
ICDroneMiteSurvivorship= 29.4702334795147
ICWorkerMiteSurvivorship= 51.5413929475471
ICForagerLifespan= 10.5470223352313
ImmType= Logarithmic
AIAdultSlopeContact= 1.95662423146656
AIAdultLD50Contact= 0.00432432560482994
AILarvaSlope= 1.48465893282555
AILarvaLD50= 0.0263873384334147
AIKOW= 5.31580962613225
AIKOC= 8.43782464624383
AIHalfLife= 5.21391035895795
