ICQueenStrength= 1.93043517554179
RQWkrDrnRatio= 4.83017234876752
ICDroneMiteSurvivorship= 27.0808130968362
ICWorkerMiteSurvivorship= 98.1771082384512
ICForagerLifespan= 15.2149567296728
ImmType= Cosine
AIAdultSlope= 4.8410438047722
