ICQueenStrength= 1.99101186962798
RQWkrDrnRatio= 1.44819619227201
ICDroneMiteSurvivorship= 84.5689743524417
ICWorkerMiteSurvivorship= 80.1248747389764
ICForagerLifespan= 7.8840834274888
ImmType= Cosine
AIAdultSlope= 0.314946889365092
AIAdultLD50= 1.91454625013284
AIAdultSlopeContact= 2.97467073083622
AIAdultLD50Contact= 0.0275559537229128
AILarvaSlope= 2.9406184497755
AILarvaLD50= 0.586990511859767
AIKOW= 5.20548043539748
AIKOC= 14.0633571380749
AIHalfLife= 0.268936160951853
EAppRate= 0.558148124022409
