ICQueenStrength= 2.87988125951961
RQWkrDrnRatio= 2.66381175816059
ICDroneMiteSurvivorship= 20.6160677596927
ICWorkerMiteSurvivorship= 89.1530070453882
ICForagerLifespan= 6.5828606300056
ImmType= Cosine
AIAdultSlope= 2.4190108609898
AIAdultLD50= 0.0677969150710851
AIAdultSlopeContact= 2.93498366906075
AIAdultLD50Contact= 0.0481487451819703
AILarvaSlope= 2.68744650809094
AILarvaLD50= 0.733318704622798
AIKOW= 7.94383278582245
AIKOC= 8.59589654253796
AIHalfLife= 4.89248734316789
EAppRate= 0.182771018962376
