ICQueenStrength= 5.08716768026352
RQWkrDrnRatio= 1.23916610144079
ICDroneMiteSurvivorship= 17.8522852482274
ICWorkerMiteSurvivorship= 55.9187087230384
ICForagerLifespan= 6.93062901403755
ImmType= Logarithmic
AIAdultSlope= 1.23512848077575
AIAdultLD50= 0.157653359579854
AIAdultSlopeContact= 3.42347670502961
AIAdultLD50Contact= 0.0458844096283428
AILarvaSlope= 3.20367653314024
AILarvaLD50= 0.236768891732208
AIKOW= 3.34461282705888
AIKOC= 9.12915535271168
AIHalfLife= 0.782772935926914
EAppRate= 0.635370600549504
