ICQueenStrength= 2.51121205068193
RQWkrDrnRatio= 3.19512865785509
ICDroneMiteSurvivorship= 93.2280252920464
ICWorkerMiteSurvivorship= 76.0702166706324
ICForagerLifespan= 8.88663358148187
ImmType= Tangent
AIAdultSlopeContact= 0.818972206972539
AIAdultLD50Contact= 0.0333160068490542
AILarvaSlope= 1.88271294711158
AILarvaLD50= 0.693826535507105
AIKOW= 2.13855599286035
AIKOC= 26.3617067260202
AIHalfLife= 13.3791602691635
