ICQueenStrength= 1.66721026203595
RQWkrDrnRatio= 3.9845625013113
ICDroneMiteSurvivorship= 51.1159484041855
ICWorkerMiteSurvivorship= 81.754330964759
ICForagerLifespan= 4.36935296934098
ImmType= Tangent
AIAdultSlope= 1.4137695245957
AIAdultLD50= 0.260530117549933
AIAdultSlopeContact= 0.391161827920005
AIAdultLD50Contact= 0.0263138745911419
AILarvaSlope= 3.24037134461105
AILarvaLD50= 0.245434153731912
AIKOW= 2.39142599469051
AIKOC= 15.0326360261533
AIHalfLife= 2.42783452617005
EAppRate= 0
