ICQueenStrength= 3.87625242257491
RQWkrDrnRatio= 3.94652558583766
ICDroneMiteSurvivorship= 6.81148576550186
ICWorkerMiteSurvivorship= 3.56201478280127
ICForagerLifespan= 14.2223662855104
ImmType= Sine
AIAdultSlopeContact= 3.35975495632738
AIAdultLD50Contact= 0.0296011938713491
AILarvaSlope= 1.32507071830332
AILarvaLD50= 1.55192200094461
AIKOW= 18.5194053454325
AIKOC= 64.3756308360025
AIHalfLife= 2.17782299267128
