ICQueenStrength= 5.64559668092988
RQWkrDrnRatio= 3.21080621704459
ICDroneMiteSurvivorship= 41.390210064128
ICWorkerMiteSurvivorship= 0.650395266711712
ICForagerLifespan= 8.24527826532722
ImmType= Logarithmic
AIAdultSlope= 2.07016850849614
AIAdultLD50= 0.300905984826386
AIAdultSlopeContact= 0.264394606975839
AIAdultLD50Contact= 0.0282144855125807
AILarvaSlope= 1.91389198405668
AILarvaLD50= 0.113541589770466
AIKOW= 4.01006721006706
AIKOC= 27.743939171778
AIHalfLife= 2.44976866641082
EAppRate= 0.0742560670245439
