ICQueenStrength= 5.28278892766684
RQWkrDrnRatio= 4.25254024006426
ICDroneMiteSurvivorship= 72.1289890818298
ICWorkerMiteSurvivorship= 82.3695016559213
ICForagerLifespan= 9.42177530936897
ImmType= Sine
AIAdultLD50= 0.154012839635834
AIAdultSlopeContact= 2.55391660384834
AIAdultLD50Contact= 0.0329305949388072
AILarvaSlope= 1.4013477453962
AILarvaLD50= 0.605501868529245
AIKOW= 6.16100577823818
AIKOC= 25.4409094178118
AIHalfLife= 4.50361225148663
EAppRate= 1.59870586451143
