ICQueenStrength= 1.90451915632002
RQWkrDrnRatio= 3.50996266771108
ICDroneMiteSurvivorship= 80.6727831251919
ICWorkerMiteSurvivorship= 35.438364231959
ICForagerLifespan= 11.1782412426546
ImmType= Polynomial
AIAdultSlope= 1.30701775481924
AIAdultLD50= 0.29690617416054
AIAdultSlopeContact= 1.37641986984992
AIAdultLD50Contact= 0.0382505487650633
AILarvaSlope= 0.0207498220726848
AILarvaLD50= 0.27053838246502
AIKOW= 6.04736410127953
AIKOC= 26.7080935195554
AIHalfLife= 3.81632015109062
EAppRate= 0.479521202784963
