ICQueenStrength= 2.91620156285353
RQWkrDrnRatio= 2.5708423666656
ICDroneMiteSurvivorship= 69.7660550707951
ICWorkerMiteSurvivorship= 83.383743558079
ICForagerLifespan= 8.43506400194019
ImmType= Tangent
AIAdultLD50= 0.154012839635834
AIAdultSlopeContact= 1.05826203716453
AIAdultLD50Contact= 0.00667533578816801
AILarvaSlope= 1.73025013720617
AILarvaLD50= 0.189071279671043
AIKOW= 2.85162874870002
AIKOC= 22.3938197665848
AIHalfLife= 10.3297156146728
EAppRate= 0.691679892130196
