ICQueenStrength= 5.09740793751553
RQWkrDrnRatio= 3.18606733810157
ICDroneMiteSurvivorship= 68.1653494713828
ICWorkerMiteSurvivorship= 46.5764548163861
ICForagerLifespan= 7.4201411055401
ImmType= Sine
AIAdultSlopeContact= 3.6351030015084
AIAdultLD50Contact= 0.014758117753081
AILarvaSlope= 1.91797313210554
AILarvaLD50= 0.66729202196002
AIKOW= 4.81170212104917
AIKOC= 11.1380116094369
AIHalfLife= 5.85332221724093
