ICQueenStrength= 5.56831814721227
RQWkrDrnRatio= 1.16069604642689
ICDroneMiteSurvivorship= 77.2940548369661
ICWorkerMiteSurvivorship= 50.3090511774644
ICForagerLifespan= 14.7340547526255
ImmType= Logarithmic
AIAdultSlope= 1.66877971468493
AIAdultLD50= 1.47851535002701
AIAdultSlopeContact= 0.697692319820635
AIAdultLD50Contact= 0.0230412275763229
AILarvaSlope= 2.93500274140388
AILarvaLD50= 0.307145565468818
AIKOW= 5.22492600651458
AIKOC= 14.1278222971596
AIHalfLife= 9.42352548614144
EAppRate= 0.373277534730732
