ICQueenStrength= 3.50782338436693
RQWkrDrnRatio= 4.28039898071438
