ICQueenStrength= 5.07556016696617
RQWkrDrnRatio= 2.48264728393406
ICDroneMiteSurvivorship= 50.1389062497765
ICWorkerMiteSurvivorship= 86.86356281396
ICForagerLifespan= 5.39709862135351
ImmType= Exponential
AIAdultSlope= 0.500664970139042
AIAdultLD50= 0.508213925175369
AIAdultSlopeContact= 0.447181282436941
AIAdultLD50Contact= 0.0385160551173613
AILarvaSlope= 1.02671136944555
AILarvaLD50= 0.408149573416449
AIKOW= 3.66911657666788
AIKOC= 23.5494374716654
AIHalfLife= 1.34406480332837
EAppRate= 0.766612253151834
