ICQueenStrength= 1.90035418048501
RQWkrDrnRatio= 1.02550660725683
ICDroneMiteSurvivorship= 76.6963296802714
ICWorkerMiteSurvivorship= 60.8028795570135
ICForagerLifespan= 14.4344677384943
ImmType= Exponential
AIAdultSlope= 0.713528761826456
AIAdultLD50= 2.65944474376738
AIAdultSlopeContact= 0.931283931455109
AIAdultLD50Contact= 0.00814342828234658
AILarvaSlope= 1.34373652404174
AILarvaLD50= 0.683634200762026
AIKOW= 2.23951222375035
AIKOC= 20.7012574083637
AIHalfLife= 8.96650259988382
EAppRate= 0.777055751997977
