ICQueenStrength= 2.12423376995139
RQWkrDrnRatio= 3.75781811214983
ICDroneMiteSurvivorship= 60.6521366396919
ICWorkerMiteSurvivorship= 80.8942836709321
ICForagerLifespan= 6.39388309884816
ImmType= Exponential
AIAdultSlope= 2.43835207732161
AIAdultLD50= 0.442517818650231
AIAdultSlopeContact= 3.75354767814511
AIAdultLD50Contact= 0.0434639235842042
AILarvaSlope= 1.9618341460824
AILarvaLD50= 0.120220265490934
AIKOW= 3.4456878923811
AIKOC= 21.1623046849854
AIHalfLife= 1.2805782945361
EAppRate= 0.521369135426357
