ICQueenStrength= 4.49628641735762
RQWkrDrnRatio= 4.62105269450694
ICDroneMiteSurvivorship= 19.9594237608835
ICWorkerMiteSurvivorship= 89.7628899663687
ICForagerLifespan= 9.52235697116703
ImmType= Exponential
AIAdultSlope= 2.3715455983649
AIAdultLD50= 0.0338566082064062
AIAdultSlopeContact= 1.29637739049504
AIAdultLD50Contact= 0.00325278444215655
AILarvaSlope= 2.00742579777725
AILarvaLD50= 0.720743382233195
AIKOW= 4.43478568969294
AIKOC= 5.13535097241402
AIHalfLife= 2.38717225496657
EAppRate= 0
