ICQueenStrength= 1.45024803723209
RQWkrDrnRatio= 2.39733124431223
ICDroneMiteSurvivorship= 62.6618557376787
ICWorkerMiteSurvivorship= 8.99250861257315
ICForagerLifespan= 8.04001906886697
ImmType= Tangent
AIAdultSlope= 2.75236957576126
AIAdultLD50= 1.79610945330933
AIAdultSlopeContact= 1.53744811900891
AIAdultLD50Contact= 0.0177165666362271
AILarvaSlope= 0.293109647976235
AILarvaLD50= 0.765686454903334
AIKOW= 3.48110817372799
AIKOC= 29.7434242919553
AIHalfLife= 3.96692581195384
EAppRate= 0.0193621120415628
