ICQueenStrength= 4.46764412010089
RQWkrDrnRatio= 3.35686192754656
ICDroneMiteSurvivorship= 70.2893602196127
ICWorkerMiteSurvivorship= 34.7146253567189
ICForagerLifespan= 11.7774015665054
ImmType= Logarithmic
AIAdultSlope= 3.45054304255871
AIAdultLD50= 0.130662424606271
AIAdultSlopeContact= 3.07087658419507
AIAdultLD50Contact= 0.0218359031481668
AILarvaSlope= 2.69447262161411
AILarvaLD50= 0.82728018136695
AIKOW= 2.1833040905185
AIKOC= 23.7175823666621
AIHalfLife= 1.23461107374169
EAppRate= 0
