ICQueenStrength= 3.08161225891672
RQWkrDrnRatio= 1.24460283108056
ICDroneMiteSurvivorship= 66.1384412553161
ICWorkerMiteSurvivorship= 29.7635271446779
ICForagerLifespan= 11.2197132511064
ImmType= Tangent
AIAdultSlope= 0.209485951857641
AIAdultLD50= 1.32901259651408
AIAdultSlopeContact= 2.04451288426062
AIAdultLD50Contact= 0.0073790495749563
AILarvaSlope= 2.30952899712138
AILarvaLD50= 0.454770347918384
AIKOW= 6.25903628906235
AIKOC= 8.91884056734852
AIHalfLife= 8.96443984145299
EAppRate= 0.372758532175794
