ICQueenStrength= 1.36450808634982
RQWkrDrnRatio= 1.53412227425724
ICDroneMiteSurvivorship= 19.5222009439021
ICWorkerMiteSurvivorship= 67.2295397147536
ICForagerLifespan= 11.684697127901
ImmType= Logarithmic
AIAdultSlope= 2.35988264299929
AIAdultLD50= 0.465559846605174
AIAdultSlopeContact= 2.84719520137645
AIAdultLD50Contact= 0.0237726581748575
AILarvaSlope= 3.27660532710142
AILarvaLD50= 0.0533161817584187
AIKOW= 2.07577141560614
AIKOC= 14.3572527228389
AIHalfLife= 0.726734229829162
EAppRate= 0.26669295988977
