ICQueenStrength= 3.62725820299238
RQWkrDrnRatio= 1.18133032415062
ICDroneMiteSurvivorship= 27.2079537156969
ICWorkerMiteSurvivorship= 98.9836768480018
ICForagerLifespan= 7.99008979555219
ImmType= Cosine
AIAdultSlope= 0.242474878393114
AIAdultSlopeContact= 0.643355148697738
AIAdultLD50Contact= 0.0483462526113726
AILarvaSlope= 0.49548198254779
AILarvaLD50= 0.660683763865382
AIKOW= 7.08700303267688
AIKOC= 23.2903609878849
AIHalfLife= 7.10941835958511
