ICQueenStrength= 4.25513078132644
RQWkrDrnRatio= 2.18074317928404
ICDroneMiteSurvivorship= 42.1135577140376
ICWorkerMiteSurvivorship= 5.9480962343514
ICForagerLifespan= 14.4448539838195
ImmType= Exponential
AIAdultSlope= 1.78010748196393
AIAdultLD50= 1.37429339485243
AIAdultSlopeContact= 3.23675517837983
AIAdultLD50Contact= 0.0450549128348939
AILarvaSlope= 0.369310354534537
AILarvaLD50= 0.313457769295201
AIKOW= 3.65757389832288
AIKOC= 18.6223462352064
AIHalfLife= 4.12980054225773
EAppRate= 0.158139341510832
