ICQueenStrength= 2.03014403255656
RQWkrDrnRatio= 3.8048527315259
ICDroneMiteSurvivorship= 93.715342390351
ICWorkerMiteSurvivorship= 56.1708971858025
ICForagerLifespan= 6.63656826689839
ImmType= Logarithmic
AIAdultSlope= 3.27372356085107
