ICQueenStrength= 2.50653010001406
RQWkrDrnRatio= 2.77014845702797
ICDroneMiteSurvivorship= 74.2841308703646
ICWorkerMiteSurvivorship= 81.2838352983817
ICForagerLifespan= 7.34871873538941
ImmType= Sine
AIAdultSlope= 0.86411926811561
AIAdultLD50= 0.0599812895525247
AIAdultSlopeContact= 0.446676656529307
AIAdultLD50Contact= 0.00324912372743711
AILarvaSlope= 0.142757219495252
AILarvaLD50= 0.604659859626554
AIKOW= 2.90380409965292
AIKOC= 28.6852058966178
AIHalfLife= 10.2724971268326
EAppRate= 0.991612256504595
