ICQueenStrength= 3.93662852421403
RQWkrDrnRatio= 4.87821341026574
