ICQueenStrength= 3.90237052598968
RQWkrDrnRatio= 4.23986921459436
ICDroneMiteSurvivorship= 40.1570173446089
ICWorkerMiteSurvivorship= 37.7427622908726
ICForagerLifespan= 5.71492460370064
ImmType= Polynomial
AIAdultSlopeContact= 1.3656052016071
AIAdultLD50Contact= 0.0424514151294716
AILarvaSlope= 2.7205542312935
AILarvaLD50= 0.322517150477506
AIKOW= 2.5206177434884
AIKOC= 5.08100516279228
AIHalfLife= 0.331044548656791
