ICQueenStrength= 2.25887653091922
RQWkrDrnRatio= 3.07778833340853
ICDroneMiteSurvivorship= 59.6732701873407
ICWorkerMiteSurvivorship= 17.0865225372836
ICForagerLifespan= 4.51925199758261
ImmType= Cosine
AIAdultSlope= 3.17707695293007
AIAdultLD50= 0.39794504782185
AIAdultSlopeContact= 2.92440090735443
AIAdultLD50Contact= 0.0190923044341616
AILarvaSlope= 1.72788063976914
AILarvaLD50= 0.311287704831921
AIKOW= 6.61251979274675
AIKOC= 22.6358011784032
AIHalfLife= 2.13751668808982
EAppRate= 0.348337017302401
