ICQueenStrength= 2.86122010694817
RQWkrDrnRatio= 1.63441623840481
ICDroneMiteSurvivorship= 50.952262012288
ICWorkerMiteSurvivorship= 20.0023785699159
ICForagerLifespan= 12.1210519885644
ImmType= Logarithmic
AIAdultSlope= 2.35097109838156
AIAdultLD50= 0.126046911114827
AIAdultSlopeContact= 2.17483578033512
AIAdultLD50Contact= 0.00815139294136316
AILarvaSlope= 2.35193409468047
AILarvaLD50= 0.797291097650304
AIKOW= 7.86202602833509
AIKOC= 13.5536896192934
AIHalfLife= 2.42753150640056
EAppRate= 0
