ICQueenStrength= 5.19435968855396
RQWkrDrnRatio= 1.21377678029239
ICDroneMiteSurvivorship= 1.47730249445885
ICWorkerMiteSurvivorship= 14.5876490743831
ICForagerLifespan= 8.9631933066994
ImmType= Polynomial
AIAdultSlope= 2.31369028524496
AIAdultLD50= 2.95154555258341
AIAdultSlopeContact= 2.68372805525316
AIAdultLD50Contact= 0.0284778009983711
AILarvaSlope= 0.809542459435761
AILarvaLD50= 0.404713900666684
AIKOW= 7.64547175774351
AIKOC= 19.3459064420313
AIHalfLife= 2.7747159274295
EAppRate= 0.858186613302678
