ICQueenStrength= 1.16633857856505
RQWkrDrnRatio= 3.56131272856146
ICDroneMiteSurvivorship= 13.1084575550631
ICWorkerMiteSurvivorship= 26.43111939542
ICForagerLifespan= 8.31493753846735
ImmType= Exponential
AIAdultSlope= 0.170197364734486
AIAdultLD50= 1.68997912108898
AIAdultSlopeContact= 1.72577893206384
AIAdultLD50Contact= 0.0338670951430686
AILarvaSlope= 1.60200261091813
AILarvaLD50= 0.748279060679488
AIKOW= 2.13897512573749
AIKOC= 25.4239231767133
AIHalfLife= 13.7413295418955
EAppRate= 0.1644861868117
