ICQueenStrength= 4.07052886113524
RQWkrDrnRatio= 1.02932580653578
ICDroneMiteSurvivorship= 7.48024496715516
ICWorkerMiteSurvivorship= 30.8209543814883
ICForagerLifespan= 4.09845647215843
ImmType= Sine
AIAdultSlope= 3.50913158646086
AIAdultLD50= 0.0344732047524303
AIAdultSlopeContact= 2.84287426203489
AIAdultLD50Contact= 0.0331072605564259
AILarvaSlope= 1.98505634190515
AILarvaLD50= 0.340399311413057
AIKOW= 4.59331790357828
AIKOC= 9.43576426478103
AIHalfLife= 4.4376643106807
EAppRate= 0.334569814126007
