ICQueenStrength= 4.89992837794125
RQWkrDrnRatio= 4.58893943671137
ICDroneMiteSurvivorship= 84.7140981350094
ICWorkerMiteSurvivorship= 10.4584736051038
ICForagerLifespan= 6.20037218183279
ImmType= Sine
AIAdultSlope= 0.393749665240757
AIAdultLD50= 0.131076881545596
AIAdultSlopeContact= 3.60567040256923
AIAdultLD50Contact= 0.0326752196997404
AILarvaSlope= 0.366288448730484
AILarvaLD50= 0.386238401988521
AIKOW= 7.0598836587742
AIKOC= 13.5087407496758
AIHalfLife= 2.25839574821293
EAppRate= 0.475255902600475
