ICQueenStrength= 5.93275134009309
RQWkrDrnRatio= 3.94600323401392
ICDroneMiteSurvivorship= 75.4670027177781
ICWorkerMiteSurvivorship= 42.2677128808573
ICForagerLifespan= 7.9006413212046
ImmType= Exponential
AIAdultSlope= 3.66034011644544
AIAdultLD50= 0.29657487408258
AIAdultSlopeContact= 0.11588020354975
AIAdultLD50Contact= 0.0438203123747371
AILarvaSlope= 1.06832092902623
AILarvaLD50= 0.348634696402587
AIKOW= 3.41156512405723
AIKOC= 14.2749801347964
AIHalfLife= 0.594318258808926
EAppRate= 0
