ICQueenStrength= 3.2236687457189
RQWkrDrnRatio= 4.27120334468782
ICDroneMiteSurvivorship= 45.138933788985
ICWorkerMiteSurvivorship= 9.96957016177475
ICForagerLifespan= 15.0476772859693
ImmType= Exponential
AIAdultSlope= 3.88216009709286
AIAdultLD50= 0.223147608921863
AIAdultSlopeContact= 2.87969984294381
AIAdultLD50Contact= 0.043413888302166
AILarvaSlope= 2.93808129029348
AILarvaLD50= 0.29694932224229
AIKOW= 3.9435719223693
AIKOC= 20.7965197518934
AIHalfLife= 1.31671612733044
EAppRate= 0
