ICQueenStrength= 1.43266449589282
RQWkrDrnRatio= 1.01478818058968
ICDroneMiteSurvivorship= 36.1492837313563
ICWorkerMiteSurvivorship= 19.9931559851393
ICForagerLifespan= 5.58155956398696
ImmType= Exponential
AIAdultSlope= 2.90191657096148
AIAdultLD50= 1.46679340791889
AIAdultSlopeContact= 0.817494113110006
AIAdultLD50Contact= 0.0272871287888847
AILarvaSlope= 2.99510313398205
AILarvaLD50= 0.169604660547338
AIKOW= 5.72108223009855
AIKOC= 25.2803373162169
AIHalfLife= 9.71725607058033
EAppRate= 0.379954240983352
