ICQueenStrength= 2.7010084213689
RQWkrDrnRatio= 2.8520954689011
ICDroneMiteSurvivorship= 88.2948552723974
ICWorkerMiteSurvivorship= 14.4329020753503
ICForagerLifespan= 7.98461006488651
ImmType= Sine
AIAdultSlope= 0.435538017482031
AIAdultLD50= 0.169337382889353
AIAdultSlopeContact= 2.98269939766265
AIAdultLD50Contact= 0.0341640309430659
AILarvaSlope= 1.68121943492442
AILarvaLD50= 0.831023396831006
AIKOW= 3.73380695702508
AIKOC= 16.8367296003271
AIHalfLife= 3.06191413430497
EAppRate= 0.495415186765604
