ICQueenStrength= 3.33262086519971
RQWkrDrnRatio= 3.688117204234
ICDroneMiteSurvivorship= 84.3668222660199
ICWorkerMiteSurvivorship= 88.8834552839398
ICForagerLifespan= 12.6526707857847
ImmType= Sine
AIAdultSlope= 3.16289743008092
AIAdultLD50= 2.70979519095272
AIAdultSlopeContact= 3.10610075705918
AIAdultLD50Contact= 0.0442786670988426
AILarvaSlope= 0.822546222992241
AILarvaLD50= 0.181104785297066
AIKOW= 2.18991258973256
AIKOC= 6.12015276099555
AIHalfLife= 9.83415531786159
EAppRate= 0.373923305654898
