ICQueenStrength= 4.94428498111665
RQWkrDrnRatio= 4.16506467666477
ICDroneMiteSurvivorship= 30.1983511308208
ICWorkerMiteSurvivorship= 50.1395628787577
ICForagerLifespan= 15.1326445601881
ImmType= Polynomial
AIAdultSlope= 7.79774721479043
AIAdultLD50= 0.777243309654295
AIAdultSlopeContact= 7.29826204944402
AIAdultLD50Contact= 0.180454636411741
AILarvaSlope= 0.120946224778891
AILarvaLD50= 1.33810260426253
AIKOW= 22.6032943930477
AIKOC= 3.53780009318143
AIHalfLife= 3.08060576254502
EAppRate= 1.336892161984
