ICQueenStrength= 1.69244817830622
RQWkrDrnRatio= 3.34538825321943
ICDroneMiteSurvivorship= 79.6044573420659
ICWorkerMiteSurvivorship= 3.59030663967133
ICForagerLifespan= 10.978571716696
ImmType= Sine
AIAdultSlope= 1.76153964609839
AIAdultLD50= 1.04587923665531
AIAdultSlopeContact= 2.24121323910775
AIAdultLD50Contact= 0.0339765926939435
AILarvaSlope= 1.57517658714205
AILarvaLD50= 0.534573727380484
AIKOW= 7.19105024402961
AIKOC= 29.0768657531589
AIHalfLife= 2.43350534234196
EAppRate= 0.316509623313323
