ICQueenStrength= 3.15643670991994
RQWkrDrnRatio= 3.15349048376083
ICDroneMiteSurvivorship= 6.99091954156756
ICWorkerMiteSurvivorship= 98.2285961974412
ICForagerLifespan= 12.5662473430857
ImmType= Cosine
AIAdultSlope= 1.69901761338115
AIAdultLD50= 2.33108321973123
AIAdultSlopeContact= 0.578925221515819
AIAdultLD50Contact= 0.0386170478654094
AILarvaSlope= 3.27454285002314
AILarvaLD50= 0.384722056612372
AIKOW= 3.31606435403228
AIKOC= 7.15145936235785
AIHalfLife= 13.3438743809238
EAppRate= 0.117044358048588
