ICQueenStrength= 4.25068832957186
RQWkrDrnRatio= 1.91646578721702
ICDroneMiteSurvivorship= 54.9860021565109
ICWorkerMiteSurvivorship= 88.9448529807851
ICForagerLifespan= 4.70310304779559
ImmType= Logarithmic
AIAdultSlope= 1.25838684970513
AIAdultLD50= 0.461161732440814
AIAdultSlopeContact= 1.38713050896535
AIAdultLD50Contact= 0.0374956425279379
AILarvaSlope= 2.97341013522819
AILarvaLD50= 0.69771621550899
AIKOW= 3.34942917199805
AIKOC= 18.1622764107306
AIHalfLife= 11.6204912499525
EAppRate= 0.951053616357967
