ICQueenStrength= 5.19624681933783
RQWkrDrnRatio= 3.38811588939279
ICDroneMiteSurvivorship= 3.58802617993206
ICWorkerMiteSurvivorship= 82.9259489895776
ICForagerLifespan= 4.96953546348959
ImmType= Logarithmic
AIAdultSlopeContact= 2.48076657894999
AIAdultLD50Contact= 0.0142682146281004
AILarvaSlope= 1.08397898711264
AILarvaLD50= 0.887468432821333
AIKOW= 2.88836472202092
AIKOC= 18.6005583161023
AIHalfLife= 1.51882376940921
