ICQueenStrength= 5.73181536188349
RQWkrDrnRatio= 4.39439768902957
ICDroneMiteSurvivorship= 74.0109407808632
ICWorkerMiteSurvivorship= 13.1377168931067
ICForagerLifespan= 10.7550836605951
ImmType= Tangent
AIAdultSlope= 1.65826898152009
AIAdultLD50= 1.54254187666811
AIAdultSlopeContact= 0.756637211751659
AIAdultLD50Contact= 0.0331234103417955
AILarvaSlope= 2.32020288165659
AILarvaLD50= 0.504197898041457
AIKOW= 4.09875994548202
AIKOC= 15.8992873516399
AIHalfLife= 4.02835634024814
EAppRate= 0.428421361139044
