ICQueenStrength= 2.52055904385634
RQWkrDrnRatio= 4.42521524056792
ICDroneMiteSurvivorship= 44.7775446576998
ICWorkerMiteSurvivorship= 15.7091594999656
ICForagerLifespan= 4.63537225779146
ImmType= Logarithmic
AIAdultSlope= 2.33567768568406
AIAdultLD50= 0.00841148348990828
AIAdultSlopeContact= 2.86684895436745
AIAdultLD50Contact= 0.0189737590611912
AILarvaSlope= 0.478450651234016
AILarvaLD50= 0.0186609116150066
AIKOW= 4.01180570758879
AIKOC= 18.8377000344917
AIHalfLife= 1.87247202848084
EAppRate= 0.21086190037895
