ICQueenStrength= 4.26623003929853
RQWkrDrnRatio= 2.52789112925529
