ICQueenStrength= 3.53740480751731
RQWkrDrnRatio= 4.65985447447747
ICDroneMiteSurvivorship= 48.2423996319994
ICWorkerMiteSurvivorship= 14.5872859284282
ICForagerLifespan= 11.2629413353279
ImmType= Cosine
AIAdultSlope= 2.01807843881194
AIAdultLD50= 0.0879695824114606
AIAdultSlopeContact= 3.01391098526772
AIAdultLD50Contact= 0.0422237421269529
AILarvaSlope= 1.30078771128319
AILarvaLD50= 0.185292017832398
AIKOW= 6.22757199360058
AIKOC= 29.779706710251
AIHalfLife= 0.0229102582670748
EAppRate= 0.180761974328198
