ICQueenStrength= 5.38991573173553
RQWkrDrnRatio= 1.50294674374163
ICDroneMiteSurvivorship= 71.6955264797434
ICWorkerMiteSurvivorship= 41.1345875822008
ICForagerLifespan= 6.69154295418411
ImmType= Exponential
AIAdultSlope= 1.93588552768342
AIAdultLD50= 1.89893908356316
AIAdultSlopeContact= 1.72399621558841
AIAdultLD50Contact= 0.0249451906653121
AILarvaSlope= 2.30864871656522
AILarvaLD50= 0.77873268162366
AIKOW= 5.39103497611359
AIKOC= 5.93908404815011
AIHalfLife= 3.81590919801965
EAppRate= 0.828841477166861
