ICQueenStrength= 4.49321166868322
RQWkrDrnRatio= 3.35286861844361
ICDroneMiteSurvivorship= 38.1847170181572
ICWorkerMiteSurvivorship= 67.8270030999556
ICForagerLifespan= 6.7947064852342
ImmType= Polynomial
AIAdultSlope= 3.22266993904486
AIAdultLD50= 2.30610254290514
AIAdultSlopeContact= 1.07122729372932
AIAdultLD50Contact= 0.0187010302091949
AILarvaSlope= 0.880324317142367
AILarvaLD50= 0.831959710945375
AIKOW= 5.44481358677149
AIKOC= 23.4563201502897
AIHalfLife= 5.82031311141327
EAppRate= 0.855118942447007
