ICQueenStrength= 3.39142977260053
RQWkrDrnRatio= 3.20404428709298
