ICQueenStrength= 2.28663463052362
RQWkrDrnRatio= 2.09121285751462
ICDroneMiteSurvivorship= 14.9751705583185
ICWorkerMiteSurvivorship= 53.4239873057231
ICForagerLifespan= 13.254882376641
ImmType= Sine
AIAdultSlope= 0.359287831839174
AIAdultLD50= 2.36065685050562
AIAdultSlopeContact= 0.547505931600463
AIAdultLD50Contact= 0.0223359602503479
AILarvaSlope= 3.13203335111029
AILarvaLD50= 0.514219577866606
AIKOW= 2.86357875401154
AIKOC= 11.3281721435487
AIHalfLife= 5.65775814745575
EAppRate= 0.177977356826887
