ICQueenStrength= 4.51202112971805
RQWkrDrnRatio= 4.45080206450075
ICDroneMiteSurvivorship= 23.8796835532412
ICWorkerMiteSurvivorship= 99.0839131874964
ICForagerLifespan= 7.19332250859588
ImmType= Cosine
AIAdultSlope= 2.76536202146672
AIAdultLD50= 1.45830565597862
AIAdultSlopeContact= 2.37940708656795
AIAdultLD50Contact= 0.0422387305297889
AILarvaSlope= 0.101415527332574
AILarvaLD50= 0.683343638945371
AIKOW= 4.97641174867749
AIKOC= 17.007955746958
AIHalfLife= 12.7333409776911
EAppRate= 0.122652621706948
