ICQueenStrength= 3.43731362163089
RQWkrDrnRatio= 3.96622196119279
ICDroneMiteSurvivorship= 25.4452048800886
ICWorkerMiteSurvivorship= 41.0029517952353
ICForagerLifespan= 7.30855938605964
ImmType= Exponential
AIAdultSlopeContact= 0.200253466079012
AIAdultLD50Contact= 0.0389769640867598
AILarvaSlope= 2.25370728499256
AILarvaLD50= 0.556990638747811
AIKOW= 5.41558012226596
AIKOC= 5.51089499611408
AIHalfLife= 5.72065410716459
