ICQueenStrength= 3.05825489014387
RQWkrDrnRatio= 1.54565639887005
ICDroneMiteSurvivorship= 78.9647415047511
ICWorkerMiteSurvivorship= 98.0416417121887
ICForagerLifespan= 8.69137788470834
ImmType= Tangent
AIAdultSlope= 0.19313826165162
AIAdultLD50= 0.298797287978232
AIAdultSlopeContact= 2.93328165041981
AIAdultLD50Contact= 0.00935679002432153
AILarvaSlope= 1.53081203131005
AILarvaLD50= 0.767787610692903
AIKOW= 5.42515612812713
AIKOC= 22.6738053967711
AIHalfLife= 13.3303773296066
EAppRate= 0.332506628707051
