ICQueenStrength= 5.50745520764031
RQWkrDrnRatio= 4.44089637603611
ICDroneMiteSurvivorship= 5.33088697120547
ICWorkerMiteSurvivorship= 34.284904319793
ICForagerLifespan= 12.8751604091376
ImmType= Cosine
AIAdultSlope= 0.468981872824952
AIAdultLD50= 0.263823135523126
AIAdultSlopeContact= 0.639817172884941
AIAdultLD50Contact= 0.0481377108138986
AILarvaSlope= 1.00861002504826
AILarvaLD50= 0.198537025786936
AIKOW= 4.96081611420959
AIKOC= 6.22417563106865
AIHalfLife= 11.9444408151321
EAppRate= 0.283800058299676
