ICQueenStrength= 3.6270878687501
RQWkrDrnRatio= 3.31973715219647
ICDroneMiteSurvivorship= 41.1709946813062
ICWorkerMiteSurvivorship= 39.9972708197311
ICForagerLifespan= 12.5402363752946
ImmType= Exponential
AIAdultSlope= 2.15175531804562
AIAdultLD50= 0.757672827458009
AIAdultSlopeContact= 0.894262003712356
AIAdultLD50Contact= 0.0803822582121939
AILarvaSlope= 5.9379308950156
AILarvaLD50= 1.15543079795316
AIKOW= 13.1847387412563
AIKOC= 72.0936198718846
AIHalfLife= 0.273297541309148
EAppRate= 1.04318023985252
