ICQueenStrength= 2.57876583165489
RQWkrDrnRatio= 2.79396839719266
ICDroneMiteSurvivorship= 30.1337901270017
ICWorkerMiteSurvivorship= 48.1023041065782
ICForagerLifespan= 4.00792377628386
ImmType= Exponential
AIAdultSlope= 1.2908075270243
AIAdultLD50= 1.20052685681731
AIAdultSlopeContact= 0.826533756572753
AIAdultLD50Contact= 0.00802587990183383
AILarvaSlope= 2.75416529844515
AILarvaLD50= 0.025391264911741
AIKOW= 7.7418858059682
AIKOC= 26.4317099307664
AIHalfLife= 7.25051825633273
EAppRate= 0.985819464083761
