ICQueenStrength= 5.69909598119557
RQWkrDrnRatio= 2.17705871164799
ICDroneMiteSurvivorship= 54.2206742567942
ICWorkerMiteSurvivorship= 97.8806797880679
ICForagerLifespan= 9.91841263044626
ImmType= Tangent
AIAdultSlope= 1.34165804601973
AIAdultLD50= 0.205854978878051
AIAdultSlopeContact= 1.5214905989659
AIAdultLD50Contact= 0.00837555684847757
AILarvaSlope= 0.95715228850022
AILarvaLD50= 0.846044659148902
AIKOW= 7.94886381505057
AIKOC= 5.88677846943028
AIHalfLife= 4.31770308874547
EAppRate= 0
