ICQueenStrength= 1.5030157614965
RQWkrDrnRatio= 3.3600236242637
ICDroneMiteSurvivorship= 40.5221187975258
ICWorkerMiteSurvivorship= 82.6390678528696
ICForagerLifespan= 14.6410740017891
ImmType= Exponential
AIAdultSlope= 2.73870165771805
AIAdultLD50= 0.0191153311170638
AIAdultSlopeContact= 1.49268340366893
AIAdultLD50Contact= 0.000780747912358493
AILarvaSlope= 2.87712846016511
AILarvaLD50= 0.119050201470964
AIKOW= 6.52481493866071
AIKOC= 13.3305107313208
AIHalfLife= 11.6476680384949
EAppRate= 0.422957172617316
