ICQueenStrength= 5.26554891164415
RQWkrDrnRatio= 4.29642157722265
ICDroneMiteSurvivorship= 87.0914040366188
ICWorkerMiteSurvivorship= 40.6530226580799
ICForagerLifespan= 13.0348357399926
ImmType= Exponential
AIAdultSlope= 2.92511885506101
AIAdultSlopeContact= 2.45666611101944
AIAdultLD50Contact= 0.0487188853439875
AILarvaSlope= 0.158984156930819
AILarvaLD50= 0.392304152296856
AIKOW= 5.48710646852851
AIKOC= 7.72986314957961
AIHalfLife= 0.892136003356427
