ICQueenStrength= 3.332448620582
RQWkrDrnRatio= 1.33442881237715
ICDroneMiteSurvivorship= 19.9053455144167
ICWorkerMiteSurvivorship= 9.11440316122025
ICForagerLifespan= 14.5431028390303
ImmType= Sine
AIAdultSlope= 2.85844604437938
AIAdultLD50= 0.362412123591639
AIAdultSlopeContact= 0.68082726482302
AIAdultLD50Contact= 0.0326709752203897
AILarvaSlope= 2.68229431309737
AILarvaLD50= 0.0168912060325965
AIKOW= 6.48524528415874
AIKOC= 14.792903898051
AIHalfLife= 1.15910367923789
EAppRate= 0.671035389858298
