ICQueenStrength= 3.7424543723464
RQWkrDrnRatio= 2.69953475426883
ICDroneMiteSurvivorship= 66.218947339803
ICWorkerMiteSurvivorship= 47.4443859886378
ICForagerLifespan= 9.17265900038183
ImmType= Cosine
AIAdultSlope= 3.08104202613467
AIAdultLD50= 0.0976026438875124
AIAdultSlopeContact= 1.08967228846857
AIAdultLD50Contact= 0.0357424640213139
AILarvaSlope= 1.03372124359012
AILarvaLD50= 0.405427600862458
AIKOW= 3.91563426097855
AIKOC= 28.7033684330527
AIHalfLife= 0.706853865412995
EAppRate= 0.360697842785157
