ICQueenStrength= 2.21177515364252
RQWkrDrnRatio= 4.9247084511444
ICDroneMiteSurvivorship= 30.8572359150276
ICWorkerMiteSurvivorship= 6.82974494993687
ICForagerLifespan= 6.41309014894068
ImmType= Cosine
AIAdultSlope= 2.8814597313758
AIAdultSlopeContact= 1.50445500080008
AIAdultLD50Contact= 0.0175178673001938
AILarvaSlope= 2.38429820491001
AILarvaLD50= 0.409560673311353
AIKOW= 2.41319639421999
AIKOC= 11.8180658505298
AIHalfLife= 3.4449140788056
