ICQueenStrength= 5.57020742003806
RQWkrDrnRatio= 2.13235110696405
ICDroneMiteSurvivorship= 33.0327906180173
ICWorkerMiteSurvivorship= 53.8836621679366
ICForagerLifespan= 9.58928073756397
ImmType= Polynomial
AIAdultSlopeContact= 8.41212911298499
AIAdultLD50Contact= 0.190195600083098
AILarvaSlope= 9.63626171695068
AILarvaLD50= 1.02579167624936
AIKOW= 42.7894790424034
AIKOC= 88.0646938923746
AIHalfLife= 6.10423701722175
