ICQueenStrength= 1.32888895715587
RQWkrDrnRatio= 2.20892382785678
ICDroneMiteSurvivorship= 17.1760903671384
ICWorkerMiteSurvivorship= 59.8564980784431
ICForagerLifespan= 4.31792690046132
ImmType= Logarithmic
AIAdultSlopeContact= 3.20326877233107
AIAdultLD50Contact= 0.0233347917790525
AILarvaSlope= 2.82003450901248
AILarvaLD50= 0.0548853083979338
AIKOW= 3.83048332389444
AIKOC= 21.8034578789957
AIHalfLife= 1.67948048515245
