ICQueenStrength= 3.25066885584965
RQWkrDrnRatio= 2.87442014459521
ICDroneMiteSurvivorship= 79.0205821627751
ICWorkerMiteSurvivorship= 76.8938875757158
ICForagerLifespan= 8.67684617359191
ImmType= Sine
AIAdultSlope= 1.31665971847251
AIAdultLD50= 2.63012786465697
AIAdultSlopeContact= 1.09667468860047
AIAdultLD50Contact= 0.0237011424731463
AILarvaSlope= 1.64620907069184
AILarvaLD50= 0.769823090918362
AIKOW= 3.22790868347511
AIKOC= 24.489591853926
AIHalfLife= 12.4964429866523
EAppRate= 0.455118408659473
