ICQueenStrength= 4.13274765852839
RQWkrDrnRatio= 3.17900392226875
ICDroneMiteSurvivorship= 12.2433318989351
ICWorkerMiteSurvivorship= 75.7254503201693
ICForagerLifespan= 4.10023135133088
ImmType= Sine
AIAdultSlope= 0.807453933439683
AIAdultLD50= 0.484214071999304
AIAdultSlopeContact= 2.18211164741311
AIAdultLD50Contact= 0.00158829572610557
AILarvaSlope= 3.0768749749288
AILarvaLD50= 0.33739729297813
AIKOW= 2.8013499667868
AIKOC= 7.82730101025663
AIHalfLife= 2.66650698031299
EAppRate= 0.681956592039205
