ICQueenStrength= 4.62878731451929
RQWkrDrnRatio= 3.19918637629598
ICDroneMiteSurvivorship= 19.7095603682101
ICWorkerMiteSurvivorship= 50.7748027564958
ICForagerLifespan= 8.72010725177824
ImmType= Sine
AIAdultSlope= 0.387449190253392
AIAdultLD50= 0.845992562128231
AIAdultSlopeContact= 3.92697941926075
AIAdultLD50Contact= 0.0119595590280369
AILarvaSlope= 0.597062246082351
AILarvaLD50= 0.27450322068762
AIKOW= 5.07072126166895
AIKOC= 6.52425272972323
AIHalfLife= 9.98550610244274
EAppRate= 0.406568980542943
