ICQueenStrength= 4.26329336687922
RQWkrDrnRatio= 2.35652430076152
