ICQueenStrength= 4.67982919677161
RQWkrDrnRatio= 1.18309448100626
ICDroneMiteSurvivorship= 35.6012614443898
ICWorkerMiteSurvivorship= 30.0167090259492
ICForagerLifespan= 12.2594595337287
ImmType= Tangent
AIAdultSlope= 1.9978562226519
AIAdultLD50= 1.38960646488704
AIAdultSlopeContact= 1.57234087276971
AIAdultLD50Contact= 0.0213389352313243
AILarvaSlope= 2.88403013115749
AILarvaLD50= 0.351291848975234
AIKOW= 5.61310732876882
AIKOC= 9.08145564142615
AIHalfLife= 12.3669876256026
EAppRate= 0.271795781329274
