ICQueenStrength= 5.99786888831295
RQWkrDrnRatio= 3.91069548763335
ICDroneMiteSurvivorship= 91.8641050346196
ICWorkerMiteSurvivorship= 63.5966651607305
ICForagerLifespan= 10.2493039183319
ImmType= Exponential
AIAdultSlope= 3.37719939472154
AIAdultSlopeContact= 0.245082266984973
AIAdultLD50Contact= 0.0249280716758221
AILarvaSlope= 3.17273910860531
AILarvaLD50= 0.461155615746975
AIKOW= 4.14066766342148
AIKOC= 27.5387677783147
AIHalfLife= 7.20658819377422
