ICQueenStrength= 5.37805856112391
RQWkrDrnRatio= 2.92751495260745
ICDroneMiteSurvivorship= 97.5102359894663
ICWorkerMiteSurvivorship= 84.958474826999
ICForagerLifespan= 10.5422790804878
ImmType= Tangent
AIAdultSlope= 2.87856314564124
