ICQueenStrength= 2.85342838638462
RQWkrDrnRatio= 4.77088793180883
ICDroneMiteSurvivorship= 66.0681937122717
ICWorkerMiteSurvivorship= 55.8358438545838
ICForagerLifespan= 12.1175775500014
ImmType= Cosine
AIAdultSlope= 3.08166910793167
AIAdultLD50= 0.494373770430684
AIAdultSlopeContact= 3.00620722531574
AIAdultLD50Contact= 0.0188184831407852
AILarvaSlope= 2.48038686299697
AILarvaLD50= 0.29060822117608
AIKOW= 7.88491601543501
AIKOC= 27.2712455317378
AIHalfLife= 1.7279137391597
EAppRate= 0.489450489752926
