ICQueenStrength= 4.03484018426389
RQWkrDrnRatio= 1.1655379217118
ICDroneMiteSurvivorship= 11.4839694695547
ICWorkerMiteSurvivorship= 8.2474346505478
ICForagerLifespan= 7.95503289345652
ImmType= Polynomial
AIAdultSlopeContact= 1.79973752927966
AIAdultLD50Contact= 0.016538972244598
AILarvaSlope= 2.49908037632704
AILarvaLD50= 0.249975471803918
AIKOW= 3.08197547867894
AIKOC= 19.5115335821174
AIHalfLife= 13.4731380073354
