ICQueenStrength= 1.36610564100556
RQWkrDrnRatio= 4.61953891906887
ICDroneMiteSurvivorship= 40.7655798597261
ICWorkerMiteSurvivorship= 45.9315553540364
ICForagerLifespan= 11.398524036631
ImmType= Tangent
AIAdultSlope= 1.41478681596927
AIAdultLD50= 0.769145287340507
AIAdultSlopeContact= 2.08666676771594
AIAdultLD50Contact= 0.0134492376935668
AILarvaSlope= 2.83209628807381
AILarvaLD50= 0.294691528379917
AIKOW= 5.44159839209169
AIKOC= 13.1000978825614
AIHalfLife= 1.55556543730199
EAppRate= 0.936940782470629
