ICQueenStrength= 2.36638577678241
RQWkrDrnRatio= 1.63502739090472
ICDroneMiteSurvivorship= 82.5928538804874
ICWorkerMiteSurvivorship= 9.09749520942569
ICForagerLifespan= 5.06404484994709
ImmType= Logarithmic
AIAdultSlope= 1.14263323904015
AIAdultLD50= 2.46883945330046
AIAdultSlopeContact= 0.0254383407044224
AIAdultLD50Contact= 0.0265440674033016
AILarvaSlope= 1.21695927819237
AILarvaLD50= 0.412621170817874
AIKOW= 3.57897613011301
AIKOC= 7.91989068500698
AIHalfLife= 9.91726070037112
EAppRate= 0.501837003510445
