ICQueenStrength= 5.55801945412531
RQWkrDrnRatio= 2.8702265303582
ICDroneMiteSurvivorship= 95.4605228034779
ICWorkerMiteSurvivorship= 12.9632432479411
ICForagerLifespan= 11.5994443939999
ImmType= Sine
AIAdultSlope= 1.30798562467098
AIAdultLD50= 1.03285522945225
AIAdultSlopeContact= 2.85294532743981
AIAdultLD50Contact= 0.0177173717180267
AILarvaSlope= 1.7588235209696
AILarvaLD50= 0.775820340961218
AIKOW= 2.00276431813836
AIKOC= 11.1354114906862
AIHalfLife= 2.4994605127722
EAppRate= 0.345143890473992
