ICQueenStrength= 1.93121098238043
RQWkrDrnRatio= 2.31558183673769
ICDroneMiteSurvivorship= 15.199912735261
ICWorkerMiteSurvivorship= 32.1358193643391
ICForagerLifespan= 4.52246266882867
ImmType= Sine
AIAdultSlope= 2.69338287787512
AIAdultLD50= 0.373277717852034
AIAdultSlopeContact= 2.55621149701299
AIAdultLD50Contact= 0.0407875075004995
AILarvaSlope= 1.95674430020154
AILarvaLD50= 0.200844835932367
AIKOW= 5.96274214889854
AIKOC= 29.4563299929723
AIHalfLife= 2.40385487210006
EAppRate= 0.660221065208316
