ICQueenStrength= 1.96761441440322
RQWkrDrnRatio= 2.13009192049503
ICDroneMiteSurvivorship= 22.2064937697724
ICWorkerMiteSurvivorship= 92.484072316438
ICForagerLifespan= 7.10106586758047
ImmType= Cosine
AIAdultSlope= 0.739236664327327
AIAdultLD50= 0.0774719509063289
AIAdultSlopeContact= 1.61095938457176
AIAdultLD50Contact= 0.022290401533246
AILarvaSlope= 1.91804196541198
AILarvaLD50= 0.12196802473627
AIKOW= 3.88477502716705
AIKOC= 15.3740724851377
AIHalfLife= 1.61042627645656
EAppRate= 0
