ICQueenStrength= 1.37574678938836
RQWkrDrnRatio= 2.81625755690038
