ICQueenStrength= 4.73956758528948
RQWkrDrnRatio= 2.49874961003661
ICDroneMiteSurvivorship= 8.31014181021601
ICWorkerMiteSurvivorship= 35.867061256431
ICForagerLifespan= 4.028633791022
ImmType= Cosine
AIAdultSlope= 1.61648448961787
AIAdultLD50= 1.06218811310828
AIAdultSlopeContact= 3.31024086534977
AIAdultLD50Contact= 0.0341790707432665
AILarvaSlope= 2.81124883261509
AILarvaLD50= 0.171921387361363
AIKOW= 6.54009706759825
AIKOC= 10.8341570023913
AIHalfLife= 3.04442503442988
EAppRate= 0.903420142130926
