ICQueenStrength= 5.61473454954103
RQWkrDrnRatio= 4.73098084516823
ICDroneMiteSurvivorship= 74.9248021515086
ICWorkerMiteSurvivorship= 12.7725434955209
ICForagerLifespan= 9.08176574297249
ImmType= Sine
AIAdultSlopeContact= 1.74504962746287
AIAdultLD50Contact= 0.0366849508020096
AILarvaSlope= 1.17237942037173
AILarvaLD50= 0.459431630722247
AIKOW= 4.06268764706329
AIKOC= 21.7192517896183
AIHalfLife= 12.3808872639202
