ICQueenStrength= 3.48730378784239
RQWkrDrnRatio= 3.87397727090865
