ICQueenStrength= 1.00056653865613
RQWkrDrnRatio= 3.10508884675801
ICDroneMiteSurvivorship= 98.9798270864412
ICWorkerMiteSurvivorship= 20.3903632005677
ICForagerLifespan= 6.6430775243789
ImmType= Tangent
AIAdultSlope= 0.349765659170225
AIAdultLD50= 2.75508122029714
AIAdultSlopeContact= 1.03985371019924
AIAdultLD50Contact= 0.0239358359016478
AILarvaSlope= 1.28529475908726
AILarvaLD50= 0.516391316405498
AIKOW= 4.28959029493853
AIKOC= 14.9298430373892
AIHalfLife= 3.74869401147589
EAppRate= 0.647882882738486
