ICQueenStrength= 5.10128675051965
RQWkrDrnRatio= 4.60513851884753
ICDroneMiteSurvivorship= 35.2058414136991
ICWorkerMiteSurvivorship= 23.4549787826836
ICForagerLifespan= 11.4115510871634
ImmType= Cosine
AIAdultSlope= 0.930198184680194
AIAdultLD50= 0.689624317456037
AIAdultSlopeContact= 0.578671892427374
AIAdultLD50Contact= 0.0468409349676222
AILarvaSlope= 2.2214191113133
AILarvaLD50= 0.167619949718937
AIKOW= 4.68329532351345
AIKOC= 20.0942031701561
AIHalfLife= 6.28432539524511
EAppRate= 0.517476133303717
