ICQueenStrength= 1.81088060280308
RQWkrDrnRatio= 3.66847656760365
ICDroneMiteSurvivorship= 4.73201519344002
ICWorkerMiteSurvivorship= 79.8814119771123
ICForagerLifespan= 12.1239809272811
ImmType= Cosine
AIAdultLD50= 0.154012839635834
AIAdultSlopeContact= 2.92549353253562
AIAdultLD50Contact= 0.0268756871577352
AILarvaSlope= 2.71266835532151
AILarvaLD50= 0.534705145983025
AIKOW= 7.16482310555875
AIKOC= 28.1078173499554
AIHalfLife= 12.7883774046786
EAppRate= 1.86425042338669
