ICQueenStrength= 1.70405797567219
RQWkrDrnRatio= 3.48081085644662
ICDroneMiteSurvivorship= 1.93702485412359
ICWorkerMiteSurvivorship= 7.91329122148454
ICForagerLifespan= 13.5703608784825
ImmType= Polynomial
AIAdultSlope= 2.38848319901153
AIAdultLD50= 0.271553096361458
AIAdultSlopeContact= 0.79731365284184
AIAdultLD50Contact= 1.12891779281199e-05
AILarvaSlope= 1.85562061700039
AILarvaLD50= 0.623671561433002
AIKOW= 7.00771496444941
AIKOC= 28.0279984010849
AIHalfLife= 1.51591341616586
EAppRate= 0.703256135107949
