ICQueenStrength= 4.37745811208151
RQWkrDrnRatio= 2.8492963258177
ICDroneMiteSurvivorship= 82.6908754417673
ICWorkerMiteSurvivorship= 80.8213808108121
ICForagerLifespan= 8.53784900065511
ImmType= Polynomial
AIAdultSlope= 0.564362834645435
AIAdultLD50= 0.0841037339996547
AIAdultSlopeContact= 2.23335581452819
AIAdultLD50Contact= 0.0260862238588743
AILarvaSlope= 2.14334296868183
AILarvaLD50= 0.808387044304982
AIKOW= 2.94206958031282
AIKOC= 15.1167708286084
AIHalfLife= 1.18719786056317
EAppRate= 0
