ICQueenStrength= 5.61405949434265
RQWkrDrnRatio= 2.20679737441242
ICDroneMiteSurvivorship= 73.2791872695088
ICWorkerMiteSurvivorship= 11.8819519411772
ICForagerLifespan= 6.66829199064523
ImmType= Sine
AIAdultSlope= 2.75570311375195
AIAdultLD50= 0.108925921260379
AIAdultSlopeContact= 3.43792531501735
AIAdultLD50Contact= 0.0024461722234264
AILarvaSlope= 1.46063059363514
AILarvaLD50= 0.0995436090510339
AIKOW= 5.16994116595015
AIKOC= 21.8467576731928
AIHalfLife= 3.70195386349224
EAppRate= 0.0315099964151159
