ICQueenStrength= 3.75610540341586
RQWkrDrnRatio= 4.06131733488292
