ICQueenStrength= 3.63095443253405
RQWkrDrnRatio= 1.48711555730551
ICDroneMiteSurvivorship= 95.2800524886698
ICWorkerMiteSurvivorship= 3.38700311258435
ICForagerLifespan= 5.44949848297983
ImmType= Polynomial
AIAdultSlope= 1.89780393017689
AIAdultLD50= 0.28179570264183
AIAdultSlopeContact= 2.7837030754122
AIAdultLD50Contact= 0.042900832684245
AILarvaSlope= 0.0424884144216776
AILarvaLD50= 0.525747298356146
AIKOW= 4.84549751738086
AIKOC= 6.88398044556379
AIHalfLife= 1.86492285109125
EAppRate= 0
