ICQueenStrength= 5.22914262046106
RQWkrDrnRatio= 2.68065787199885
ICDroneMiteSurvivorship= 93.8340165885165
ICWorkerMiteSurvivorship= 82.5091663282365
ICForagerLifespan= 10.0440587894991
ImmType= Sine
AIAdultLD50= 0.154012839635834
AIAdultSlopeContact= 2.25197335999925
AIAdultLD50Contact= 0.0220871932571754
AILarvaSlope= 1.11989410496317
AILarvaLD50= 0.713548487308435
AIKOW= 5.00418379763141
AIKOC= 17.6708227151539
AIHalfLife= 12.7339623868465
EAppRate= 1.9785161614418
