ICQueenStrength= 1.25940116145648
RQWkrDrnRatio= 2.40425849799067
ICDroneMiteSurvivorship= 44.7509924182668
ICWorkerMiteSurvivorship= 19.2406010814011
ICForagerLifespan= 13.5684756515548
ImmType= Sine
AIAdultSlope= 3.16819683299633
AIAdultLD50= 0.31725998269394
AIAdultSlopeContact= 3.78057928043185
AIAdultLD50Contact= 0.0235890340176411
AILarvaSlope= 2.57796037453227
AILarvaLD50= 0.834887383785099
AIKOW= 5.13776012556627
AIKOC= 21.0258043790236
AIHalfLife= 0.689650684362277
EAppRate= 0.602375170821324
