ICQueenStrength= 5.4003184849862
RQWkrDrnRatio= 3.97449367493391
ICDroneMiteSurvivorship= 68.6772178160027
ICWorkerMiteSurvivorship= 25.6773506989703
ICForagerLifespan= 11.7278180634603
ImmType= Logarithmic
AIAdultSlopeContact= 1.73499169997871
AIAdultLD50Contact= 0.044105894304812
AILarvaSlope= 2.29837385178544
AILarvaLD50= 0.829231404396705
AIKOW= 5.00039544561878
AIKOC= 27.5476102379616
AIHalfLife= 1.61458133347332
