ICQueenStrength= 1.85572797688656
RQWkrDrnRatio= 3.65689894743264
ICDroneMiteSurvivorship= 9.66808381490409
ICWorkerMiteSurvivorship= 66.0760163329542
ICForagerLifespan= 15.6135617308319
ImmType= Exponential
AIAdultSlopeContact= 1.78228577342816
AIAdultLD50Contact= 0.0332578851957805
AILarvaSlope= 3.28268621047027
AILarvaLD50= 0.414593886095099
AIKOW= 3.4618622274138
AIKOC= 21.3850862591062
AIHalfLife= 9.43583388440311
