ICQueenStrength= 5.34436938958243
RQWkrDrnRatio= 2.43351238314062
ICDroneMiteSurvivorship= 12.0604055700824
ICWorkerMiteSurvivorship= 18.0522185284644
ICForagerLifespan= 5.7636348856613
ImmType= Sine
AIAdultSlope= 3.29213056550128
AIAdultLD50= 0.135268524638377
AIAdultSlopeContact= 0.919981798587833
AIAdultLD50Contact= 0.0207431533373892
AILarvaSlope= 2.43312210328877
AILarvaLD50= 0.248150502657518
AIKOW= 7.95411026338115
AIKOC= 9.2629114643205
AIHalfLife= 1.01754791103303
EAppRate= 0.576616997434758
