ICQueenStrength= 4.79518233356066
RQWkrDrnRatio= 3.8527543656528
ICDroneMiteSurvivorship= 20.7853223895654
ICWorkerMiteSurvivorship= 73.9341979380697
ICForagerLifespan= 15.0693731745705
ImmType= Polynomial
AIAdultSlopeContact= 2.61314728627447
AIAdultLD50Contact= 0.045121717674192
AILarvaSlope= 0.129765518708155
AILarvaLD50= 0.288022188213654
AIKOW= 4.92744845198467
AIKOC= 23.1098498695064
AIHalfLife= 3.1139308991842
