ICQueenStrength= 3.49971540644765
RQWkrDrnRatio= 3.42956918198615
