ICQueenStrength= 3.62362875626422
RQWkrDrnRatio= 4.97300749737769
ICDroneMiteSurvivorship= 89.4522112328559
ICWorkerMiteSurvivorship= 13.3148154476658
ICForagerLifespan= 11.1620188374072
ImmType= Sine
AIAdultSlope= 0.00237949906848371
AIAdultLD50= 0.105422392254695
AIAdultSlopeContact= 0.665242370178457
AIAdultLD50Contact= 0.030674832011573
AILarvaSlope= 2.53108238894492
AILarvaLD50= 0.191078278399073
AIKOW= 7.80689183063805
AIKOC= 24.8903617798351
AIHalfLife= 0.793646979145706
EAppRate= 0.454714844981208
