ICQueenStrength= 2.00807740935124
RQWkrDrnRatio= 2.32685287948698
ICDroneMiteSurvivorship= 68.8079629093409
ICWorkerMiteSurvivorship= 8.99015092290938
ICForagerLifespan= 12.0924359364435
ImmType= Exponential
AIAdultSlope= 2.23275039303116
AIAdultLD50= 1.75642102304846
AIAdultSlopeContact= 0.61793092407519
AIAdultLD50Contact= 0.00315092853270471
AILarvaSlope= 1.55834445301443
AILarvaLD50= 0.098897618916817
AIKOW= 2.79845560900867
AIKOC= 13.0375228077173
AIHalfLife= 10.941233644262
EAppRate= 0.771526904776692
