ICQueenStrength= 2.10365794273093
RQWkrDrnRatio= 3.88459908589721
ICDroneMiteSurvivorship= 36.388066993095
ICWorkerMiteSurvivorship= 87.9400305217132
ICForagerLifespan= 13.6005664411932
ImmType= Cosine
AIAdultSlope= 2.48374029230326
AIAdultLD50= 0.761895170202479
AIAdultSlopeContact= 2.92094256154262
AIAdultLD50Contact= 0.0286396727547981
AILarvaSlope= 2.60384885878302
AILarvaLD50= 0.62781052174978
AIKOW= 5.68805134575814
AIKOC= 12.5235074036755
AIHalfLife= 1.8232806683518
EAppRate= 0.426947582978755
