ICQueenStrength= 1.06898977328092
RQWkrDrnRatio= 2.04844479076564
ICDroneMiteSurvivorship= 54.1542647173628
ICWorkerMiteSurvivorship= 3.20183555595577
ICForagerLifespan= 9.65323370043188
ImmType= Exponential
AIAdultLD50= 0.154012839635834
AIAdultSlopeContact= 0.974986351928674
AIAdultLD50Contact= 0.020927198487334
AILarvaSlope= 0.903204285912216
AILarvaLD50= 0.04972952704411
AIKOW= 7.81583744613454
AIKOC= 20.5639889650047
AIHalfLife= 12.4715162417851
EAppRate= 0.96984941419214
