ICQueenStrength= 4.0233308125753
RQWkrDrnRatio= 4.60497793462127
ICDroneMiteSurvivorship= 71.030788240023
ICWorkerMiteSurvivorship= 77.9132603202015
ICForagerLifespan= 12.0190907521173
ImmType= Cosine
AIAdultSlope= 8.84623955469579
AIAdultLD50= 0.533723938977346
AIAdultSlopeContact= 0.507541338447481
AIAdultLD50Contact= 0.0812509108800441
AILarvaSlope= 5.70572555297986
AILarvaLD50= 1.62193331727758
AIKOW= 36.5916681708768
AIKOC= 63.9709136914462
AIHalfLife= 4.11233364418149
EAppRate= 1.93136256420985
