ICQueenStrength= 3.68791651935317
RQWkrDrnRatio= 3.10954755824059
ICDroneMiteSurvivorship= 38.9077590545639
ICWorkerMiteSurvivorship= 61.1579354852438
ICForagerLifespan= 4.10835077799857
ImmType= Sine
AIAdultSlope= 1.98349448321387
AIAdultLD50= 2.95355075807311
AIAdultSlopeContact= 3.33095021705842
AIAdultLD50Contact= 0.0332276958157308
AILarvaSlope= 2.81981403771788
AILarvaLD50= 0.386240609153174
AIKOW= 7.5616751043126
AIKOC= 29.2369565821718
AIHalfLife= 4.68366943160072
EAppRate= 0.141778907738626
