ICQueenStrength= 5.2802055075299
RQWkrDrnRatio= 2.55029314476997
ICDroneMiteSurvivorship= 49.3094717152417
ICWorkerMiteSurvivorship= 93.2363337604329
ICForagerLifespan= 10.5679071992636
ImmType= Logarithmic
AIAdultSlope= 1.52887842477299
AIAdultLD50= 0.447634210926481
AIAdultSlopeContact= 3.04409267627634
AIAdultLD50Contact= 0.0244922954123467
AILarvaSlope= 2.08214331250638
AILarvaLD50= 0.210640717344359
AIKOW= 7.90495961438864
AIKOC= 11.5460137382615
AIHalfLife= 1.3171720795799
EAppRate= 0.565608888491988
