ICQueenStrength= 1.29391724965535
RQWkrDrnRatio= 4.81110537983477
ICDroneMiteSurvivorship= 69.1153412917629
ICWorkerMiteSurvivorship= 37.6871159300208
ICForagerLifespan= 4.35786368791014
ImmType= Cosine
AIAdultSlope= 1.06515636621043
AIAdultLD50= 1.49876409466378
AIAdultSlopeContact= 3.33061800096883
AIAdultLD50Contact= 0.0370120521169156
AILarvaSlope= 0.00149699538014829
AILarvaLD50= 0.519393019680865
AIKOW= 4.40749247232452
AIKOC= 27.3413448431529
AIHalfLife= 7.56736425543204
EAppRate= 0.487754865549505
