ICQueenStrength= 3.23824409185909
RQWkrDrnRatio= 3.84032237716019
ICDroneMiteSurvivorship= 71.7666548676789
ICWorkerMiteSurvivorship= 9.4154778169468
ICForagerLifespan= 11.7273975377902
ImmType= Polynomial
AIAdultSlope= 1.55680089746602
AIAdultSlopeContact= 3.0683928693342
AIAdultLD50Contact= 0.0300419177976437
AILarvaSlope= 2.85266336132772
AILarvaLD50= 0.691519151162356
AIKOW= 5.83351807389408
AIKOC= 13.9250719698612
AIHalfLife= 13.5336278816685
