ICQueenStrength= 4.7782197073102
RQWkrDrnRatio= 1.02778274286538
ICDroneMiteSurvivorship= 35.0390987703577
ICWorkerMiteSurvivorship= 53.281427337788
ICForagerLifespan= 5.18156530987471
ImmType= Cosine
AIAdultSlope= 1.39613497531973
AIAdultLD50= 2.09137610066682
AIAdultSlopeContact= 0.189148636269383
AIAdultLD50Contact= 0.0484734350815415
AILarvaSlope= 1.0340040537063
AILarvaLD50= 0.0880255931289867
AIKOW= 3.63011418562382
AIKOC= 26.7636242101435
AIHalfLife= 4.0305341440253
EAppRate= 0.809295206330717
