ICQueenStrength= 2.79599575931206
RQWkrDrnRatio= 2.58425327390432
ICDroneMiteSurvivorship= 43.520377157256
ICWorkerMiteSurvivorship= 26.3324710074812
ICForagerLifespan= 13.593909131363
ImmType= Cosine
AIAdultSlopeContact= 1.87693937751465
AIAdultLD50Contact= 0.0283860725583509
AILarvaSlope= 1.32692470457405
AILarvaLD50= 0.150909290928394
AIKOW= 4.42162182275206
AIKOC= 10.5232364218682
AIHalfLife= 7.83850266085938
