ICQueenStrength= 4.54458623216487
RQWkrDrnRatio= 3.64970981702209
ICDroneMiteSurvivorship= 78.7664021831006
ICWorkerMiteSurvivorship= 3.10240837279707
ICForagerLifespan= 8.46016144286841
ImmType= Sine
AIAdultLD50= 0.154012839635834
AIAdultSlopeContact= 3.8623763072351
AIAdultLD50Contact= 0.00556091240141541
AILarvaSlope= 3.34224796453491
AILarvaLD50= 0.676692309393548
AIKOW= 3.94507776061073
AIKOC= 15.1206221734174
AIHalfLife= 4.09423628821969
EAppRate= 0.861616058275104
