ICQueenStrength= 3.70145498681813
RQWkrDrnRatio= 3.92802105750889
ICDroneMiteSurvivorship= 23.9468425046653
ICWorkerMiteSurvivorship= 11.2625647569075
ICForagerLifespan= 5.56474227271974
ImmType= Polynomial
AIAdultSlope= 1.64992416449357
AIAdultLD50= 0.0245649687713012
AIAdultSlopeContact= 1.7925218543387
AIAdultLD50Contact= 0.0340403685113415
AILarvaSlope= 1.40079646860249
AILarvaLD50= 0.868850354617462
AIKOW= 4.11976162390783
AIKOC= 27.4450437293854
AIHalfLife= 0.233480928000063
EAppRate= 0.477689438126981
