ICQueenStrength= 1.4057114769239
RQWkrDrnRatio= 3.42980724386871
ICDroneMiteSurvivorship= 40.7947322353721
ICWorkerMiteSurvivorship= 81.2049772823229
ICForagerLifespan= 5.05259481817484
ImmType= Cosine
AIAdultSlope= 1.50604678578675
AIAdultLD50= 0.588477716082707
AIAdultSlopeContact= 1.53520112462807
AIAdultLD50Contact= 0.048974091745913
AILarvaSlope= 0.994545322004706
AILarvaLD50= 0.370712122670375
AIKOW= 2.75004227552563
AIKOC= 8.78806178923696
AIHalfLife= 0.335582167375833
EAppRate= 0.114250100683421
