ICQueenStrength= 1.04071890143678
RQWkrDrnRatio= 4.8943060701713
ICDroneMiteSurvivorship= 18.3878985699266
ICWorkerMiteSurvivorship= 17.2493027057499
ICForagerLifespan= 13.9752277452499
ImmType= Logarithmic
AIAdultSlope= 1.64574122237973
AIAdultLD50= 1.06892656884156
AIAdultSlopeContact= 3.32824412106536
AIAdultLD50Contact= 0.0101712013129145
AILarvaSlope= 0.813983201188967
AILarvaLD50= 0.126841528736986
AIKOW= 5.49225475918502
AIKOC= 26.4485959906597
AIHalfLife= 11.0558872385882
EAppRate= 0.750026752473786
