ICQueenStrength= 4.49949198774993
RQWkrDrnRatio= 2.91897562332451
ICDroneMiteSurvivorship= 27.9322513844818
ICWorkerMiteSurvivorship= 54.8085674410686
ICForagerLifespan= 7.88499330542982
ImmType= Sine
AIAdultSlopeContact= 3.39814588793088
AIAdultLD50Contact= 0.0221846129163168
AILarvaSlope= 2.71821836996824
AILarvaLD50= 0.233696803520434
AIKOW= 3.90708049107343
AIKOC= 19.6037412574515
AIHalfLife= 4.77920741401613
