ICQueenStrength= 3.8482826880645
RQWkrDrnRatio= 4.74864852521569
ICDroneMiteSurvivorship= 52.6897947536781
ICWorkerMiteSurvivorship= 19.9255722109228
ICForagerLifespan= 15.2523685470223
ImmType= Cosine
AIAdultSlope= 1.15086286355043
AIAdultLD50= 0.485889372299425
AIAdultSlopeContact= 0.325772633962333
AIAdultLD50Contact= 0.00703237070702016
AILarvaSlope= 1.30819780766033
AILarvaLD50= 0.678788061370142
AIKOW= 3.01990341767669
AIKOC= 28.6719596432522
AIHalfLife= 2.89033418521285
EAppRate= 0
