ICQueenStrength= 5.54288159846328
RQWkrDrnRatio= 1.03852992318571
ICDroneMiteSurvivorship= 73.7194426357746
ICWorkerMiteSurvivorship= 93.9891433343291
ICForagerLifespan= 14.7167587401345
ImmType= Sine
AIAdultSlope= 2.89266735743731
AIAdultLD50= 0.0666572735644877
AIAdultSlopeContact= 1.56361503419001
AIAdultLD50Contact= 0.0142959130229428
AILarvaSlope= 1.49525237409398
AILarvaLD50= 0.0167371372226626
AIKOW= 2.31479000952095
AIKOC= 22.8457045985851
AIHalfLife= 6.74911908060312
EAppRate= 0.273325621848926
