ICQueenStrength= 4.90459504793398
RQWkrDrnRatio= 4.38447485025972
ICDroneMiteSurvivorship= 3.92670405562967
ICWorkerMiteSurvivorship= 65.8363517839462
ICForagerLifespan= 14.682431823574
ImmType= Sine
AIAdultSlope= 0.254990808495786
AIAdultLD50= 0.311957990983501
AIAdultSlopeContact= 1.81850637312513
AIAdultLD50Contact= 0.00516718979924917
AILarvaSlope= 0.0391721209976822
AILarvaLD50= 0.77032845178619
AIKOW= 3.90511692967266
AIKOC= 16.5753639314789
AIHalfLife= 3.13108443282545
EAppRate= 0.64322092612274
