ICQueenStrength= 1.2610365988221
RQWkrDrnRatio= 3.13743790518492
ICDroneMiteSurvivorship= 24.1584821138531
ICWorkerMiteSurvivorship= 94.1046190913767
ICForagerLifespan= 10.5296389022842
ImmType= Polynomial
AIAdultSlope= 0.744580018753186
AIAdultLD50= 1.30709069338627
AIAdultSlopeContact= 1.41712599341758
AIAdultLD50Contact= 0.00203891519922763
AILarvaSlope= 2.95641800989397
AILarvaLD50= 0.559135215939023
AIKOW= 6.63510395493358
AIKOC= 28.0785845196806
AIHalfLife= 13.4989885049872
EAppRate= 0.309465481434017
