ICQueenStrength= 1.72527311975136
RQWkrDrnRatio= 1.26148810889572
ICDroneMiteSurvivorship= 81.0241020517424
ICWorkerMiteSurvivorship= 71.7885044869035
ICForagerLifespan= 9.57874811906368
ImmType= Polynomial
AIAdultSlope= 6.56600865535438
