ICQueenStrength= 5.22217567334883
RQWkrDrnRatio= 1.81603042315692
ICDroneMiteSurvivorship= 59.0537291252986
ICWorkerMiteSurvivorship= 11.2379499478266
ICForagerLifespan= 6.05529349111021
ImmType= Exponential
AIAdultSlope= 5.75748168164864
