ICQueenStrength= 5.93324408889748
RQWkrDrnRatio= 3.80579557921737
ICDroneMiteSurvivorship= 52.6928593637422
ICWorkerMiteSurvivorship= 36.2447485560551
ICForagerLifespan= 6.13096443843096
ImmType= Sine
AIAdultSlope= 1.46843249490485
AIAdultLD50= 0.427114528371021
AIAdultSlopeContact= 2.12017533657141
AIAdultLD50Contact= 0.0102486037882045
AILarvaSlope= 1.64123857561499
AILarvaLD50= 0.636836679372937
AIKOW= 5.99313978431746
AIKOC= 6.2172210845165
AIHalfLife= 8.76252001011744
EAppRate= 0.852465194882825
