ICQueenStrength= 1.02832930302247
RQWkrDrnRatio= 3.65362245123833
ICDroneMiteSurvivorship= 61.4607603522018
ICWorkerMiteSurvivorship= 61.1484047258273
ICForagerLifespan= 12.6886910283938
ImmType= Sine
AIAdultSlope= 3.08216017958242
AIAdultLD50= 0.239449573098682
AIAdultSlopeContact= 2.15566634336952
AIAdultLD50Contact= 0.0458042515441775
AILarvaSlope= 0.31943628275767
AILarvaLD50= 0.500026368792169
AIKOW= 5.33360125077888
AIKOC= 12.5121815840248
AIHalfLife= 1.85792551143095
EAppRate= 0
