ICQueenStrength= 2.03180325473659
RQWkrDrnRatio= 3.9620065074414
ICDroneMiteSurvivorship= 89.8511491017416
ICWorkerMiteSurvivorship= 56.8650354165584
ICForagerLifespan= 15.0430570300668
ImmType= Sine
AIAdultSlope= 2.5159783916641
AIAdultLD50= 0.345100394100882
AIAdultSlopeContact= 1.60598895631498
AIAdultLD50Contact= 0.0227129223407246
AILarvaSlope= 0.5637764794752
AILarvaLD50= 0.739813937991858
AIKOW= 6.28142188955098
AIKOC= 7.19433748861775
AIHalfLife= 2.02403469826095
EAppRate= 0
