ICQueenStrength= 5.09061232348904
RQWkrDrnRatio= 3.64918173290789
ICDroneMiteSurvivorship= 35.1058126892895
ICWorkerMiteSurvivorship= 37.2698112623766
ICForagerLifespan= 15.5902723139152
ImmType= Logarithmic
AIAdultSlope= 0.796982685569674
AIAdultLD50= 0.957950695883483
AIAdultSlopeContact= 9.00708422996104
AIAdultLD50Contact= 0.0627443145029247
AILarvaSlope= 6.27299333224073
AILarvaLD50= 0.161603251472116
AIKOW= 83.7409303057939
AIKOC= 87.4484770931304
AIHalfLife= 0.781938628293574
EAppRate= 1.64389189006761
