ICQueenStrength= 4.18984367069788
RQWkrDrnRatio= 3.20231816731393
ICDroneMiteSurvivorship= 96.1735506542027
ICWorkerMiteSurvivorship= 28.1278728041798
ICForagerLifespan= 10.7647353438661
ImmType= Exponential
AIAdultSlopeContact= 2.87897945427569
AIAdultLD50Contact= 0.016089813283179
AILarvaSlope= 1.10299305045046
AILarvaLD50= 0.287097851419821
AIKOW= 3.94432445522398
AIKOC= 29.8235123581253
AIHalfLife= 10.7491334681399
