ICQueenStrength= 2.43129568779841
RQWkrDrnRatio= 1.12212835531682
ICDroneMiteSurvivorship= 43.8059655018151
ICWorkerMiteSurvivorship= 32.2102878708392
ICForagerLifespan= 11.7313397536054
ImmType= Logarithmic
AIAdultSlope= 3.19455647062277
AIAdultLD50= 0.0210047407308593
AIAdultSlopeContact= 0.923513191714883
AIAdultLD50Contact= 0.019825660798233
AILarvaSlope= 0.399250691989437
AILarvaLD50= 0.550510143279098
AIKOW= 2.25659043947235
AIKOC= 11.4647373510525
AIHalfLife= 0.521885062335059
EAppRate= 0.467123237578198
