ICQueenStrength= 4.05372220929712
RQWkrDrnRatio= 3.05942849349231
ICDroneMiteSurvivorship= 97.6375420810655
ICWorkerMiteSurvivorship= 58.6982881883159
ICForagerLifespan= 11.2340366216376
ImmType= Polynomial
AIAdultSlope= 0.804205921548419
AIAdultLD50= 0.0366210413631052
AIAdultSlopeContact= 1.94973294366617
AIAdultLD50Contact= 0.0187730311998166
AILarvaSlope= 0.492653116676956
AILarvaLD50= 0.404009641846642
AIKOW= 3.94698410574347
AIKOC= 9.10426409798674
AIHalfLife= 4.70669705420732
EAppRate= 0.122004184545949
