ICQueenStrength= 3.22413007635623
RQWkrDrnRatio= 2.13956856913865
ICDroneMiteSurvivorship= 52.6520168408751
ICWorkerMiteSurvivorship= 74.5033387327567
ICForagerLifespan= 9.03418631665409
ImmType= Polynomial
AIAdultSlope= 1.99988834425807
AIAdultLD50= 0.0868853360880166
AIAdultSlopeContact= 1.21749770496972
AIAdultLD50Contact= 0.036943058646284
AILarvaSlope= 1.37771303975023
AILarvaLD50= 0.464593274798244
AIKOW= 5.94594016019255
AIKOC= 10.1907229004428
AIHalfLife= 1.80264895432629
EAppRate= 0
