ICQueenStrength= 3.09718590253033
RQWkrDrnRatio= 1.57223998848349
ICDroneMiteSurvivorship= 90.6378439161927
ICWorkerMiteSurvivorship= 95.7169028697535
ICForagerLifespan= 14.3349352171645
ImmType= Exponential
AIAdultSlopeContact= 2.91124412091449
AIAdultLD50Contact= 0.193458970822394
AILarvaSlope= 9.25304287811741
AILarvaLD50= 0.292738153599203
AIKOW= 18.6966940062121
AIKOC= 22.2679320955649
AIHalfLife= 9.12980424053967
