ICQueenStrength= 4.32034621154889
RQWkrDrnRatio= 2.40216755494475
ICDroneMiteSurvivorship= 42.594352317974
ICWorkerMiteSurvivorship= 10.7491596136242
ICForagerLifespan= 11.2061976026744
ImmType= Sine
AIAdultSlopeContact= 2.18679536649026
AIAdultLD50Contact= 0.0438384530949406
AILarvaSlope= 1.80692076850682
AILarvaLD50= 0.352749916864559
AIKOW= 4.6540683535859
AIKOC= 11.1523301526904
AIHalfLife= 4.40992802334949
