ICQueenStrength= 4.71848934912123
RQWkrDrnRatio= 4.54203031677753
ICDroneMiteSurvivorship= 8.11493899673223
ICWorkerMiteSurvivorship= 36.1307287588716
ICForagerLifespan= 13.3017568988726
ImmType= Polynomial
AIAdultSlope= 8.97889506537467
