ICQueenStrength= 3.24464842677116
RQWkrDrnRatio= 3.94521280936897
