ICQueenStrength= 4.42168007278815
RQWkrDrnRatio= 2.05119054671377
ICDroneMiteSurvivorship= 85.0465628551319
ICWorkerMiteSurvivorship= 36.3069461891428
ICForagerLifespan= 6.77834270242602
ImmType= Cosine
AIAdultSlope= 2.7507080104202
AIAdultSlopeContact= 2.53398447480518
AIAdultLD50Contact= 0.015090177138336
AILarvaSlope= 1.68275882098824
AILarvaLD50= 0.577614314225502
AIKOW= 3.99155361298472
AIKOC= 22.3358162865043
AIHalfLife= 1.10581344040111
