ICQueenStrength= 3.06259160418995
RQWkrDrnRatio= 3.13088220730424
ICDroneMiteSurvivorship= 34.7426183754578
ICWorkerMiteSurvivorship= 67.3421519808471
ICForagerLifespan= 13.8970098951831
ImmType= Cosine
AIAdultSlope= 2.22380194563651
AIAdultLD50= 0.0424981714459136
AIAdultSlopeContact= 2.46450795639306
AIAdultLD50Contact= 0.0494483556947671
AILarvaSlope= 3.08332489291206
AILarvaLD50= 0.622672786843032
AIKOW= 7.71162417670712
AIKOC= 21.1815633706283
AIHalfLife= 3.62573644029908
EAppRate= 0
