ICQueenStrength= 2.44940991187468
RQWkrDrnRatio= 2.38034395314753
ICDroneMiteSurvivorship= 77.5377694051713
ICWorkerMiteSurvivorship= 62.6196478493512
ICForagerLifespan= 7.28339176625013
ImmType= Cosine
AIAdultSlopeContact= 4.77686302969232
AIAdultLD50Contact= 0.142132052220404
AILarvaSlope= 8.37203757837415
AILarvaLD50= 1.70897738216445
AIKOW= 85.4440672555938
AIKOC= 33.0385149456561
AIHalfLife= 3.6222268990241
