ICQueenStrength= 2.00461208727211
RQWkrDrnRatio= 3.78898933250457
ICDroneMiteSurvivorship= 71.1333550047129
ICWorkerMiteSurvivorship= 82.7675068983808
ICForagerLifespan= 11.8352151261643
ImmType= Polynomial
AIAdultSlope= 0.172044860664755
