ICQueenStrength= 3.58974788431078
RQWkrDrnRatio= 1.70466802641749
