ICQueenStrength= 5.3624848627951
RQWkrDrnRatio= 4.79002526402473
ICDroneMiteSurvivorship= 32.591169164516
ICWorkerMiteSurvivorship= 76.3702976983041
ICForagerLifespan= 8.41955701168627
ImmType= Cosine
AIAdultSlope= 2.36739799347706
AIAdultLD50= 2.82106863590889
AIAdultSlopeContact= 3.00338509781985
AIAdultLD50Contact= 0.0452405803720467
AILarvaSlope= 2.18358768820763
AILarvaLD50= 0.0983059523161501
AIKOW= 2.5908969421871
AIKOC= 20.2240941359196
AIHalfLife= 8.94883256498724
EAppRate= 0.111377676483244
