ICQueenStrength= 5.1012295265682
RQWkrDrnRatio= 4.30414767563343
ICDroneMiteSurvivorship= 89.2414780333638
ICWorkerMiteSurvivorship= 79.6710770111531
ICForagerLifespan= 5.04696847405285
ImmType= Exponential
AIAdultSlope= 2.21835771956015
AIAdultLD50= 0.335007117362693
AIAdultSlopeContact= 1.38541778728366
AIAdultLD50Contact= 0.023179069114849
AILarvaSlope= 0.328702371334657
AILarvaLD50= 0.230974735622294
AIKOW= 3.47302234731615
AIKOC= 16.2144586455543
AIHalfLife= 2.18860663473606
EAppRate= 0.366343539464287
