ICQueenStrength= 5.14257050841115
RQWkrDrnRatio= 2.15197391249239
ICDroneMiteSurvivorship= 46.9856705050915
ICWorkerMiteSurvivorship= 57.9519936116412
ICForagerLifespan= 8.46092389430851
ImmType= Tangent
AIAdultSlope= 2.83139221752062
AIAdultLD50= 2.14809209341183
AIAdultSlopeContact= 0.617167490827851
AIAdultLD50Contact= 0.000479376956354827
AILarvaSlope= 0.311670014075935
AILarvaLD50= 0.585635138000362
AIKOW= 5.11076808534563
AIKOC= 24.9721445736941
AIHalfLife= 12.4478646246716
EAppRate= 0.998851891839877
