ICQueenStrength= 4.06682538473979
RQWkrDrnRatio= 2.9127786969766
ICDroneMiteSurvivorship= 70.1018281979486
ICWorkerMiteSurvivorship= 71.4336812263355
ICForagerLifespan= 6.73599950969219
ImmType= Exponential
AIAdultSlopeContact= 3.69725108834915
AIAdultLD50Contact= 0.0179608787642792
AILarvaSlope= 2.12963624047115
AILarvaLD50= 0.069750158325769
AIKOW= 2.95982996281236
AIKOC= 24.8275880946312
AIHalfLife= 7.11446416424587
