ICQueenStrength= 3.94734259974211
RQWkrDrnRatio= 4.49638729169965
