ICQueenStrength= 2.03052476188168
RQWkrDrnRatio= 1.51892156060785
ICDroneMiteSurvivorship= 16.9318615458906
ICWorkerMiteSurvivorship= 80.2426463691518
ICForagerLifespan= 9.93491807021201
ImmType= Sine
AIAdultSlope= 2.97039437796921
AIAdultLD50= 1.45581235690042
AIAdultSlopeContact= 3.33203918122686
AIAdultLD50Contact= 0.0492521409061737
AILarvaSlope= 2.09667460201308
AILarvaLD50= 0.497940514585935
AIKOW= 3.48001219378784
AIKOC= 28.1374088558368
AIHalfLife= 7.73621791461483
EAppRate= 0.618271264014766
