ICQueenStrength= 4.06089160963893
RQWkrDrnRatio= 4.29812706448138
ICDroneMiteSurvivorship= 15.7607630128041
ICWorkerMiteSurvivorship= 36.638702172786
ICForagerLifespan= 5.88618086092174
ImmType= Logarithmic
AIAdultSlopeContact= 3.50067645311356
AIAdultLD50Contact= 0.0515582260210067
AILarvaSlope= 3.70449499459937
AILarvaLD50= 0.90126784844324
AIKOW= 39.8025733651593
AIKOC= 28.2005007378757
AIHalfLife= 1.0981420436874
