ICQueenStrength= 1.17641033162363
RQWkrDrnRatio= 4.72557345591486
ICDroneMiteSurvivorship= 43.0679301964119
ICWorkerMiteSurvivorship= 39.7276318166405
ICForagerLifespan= 11.2335423827171
ImmType= Tangent
AIAdultSlope= 2.77963485758286
AIAdultLD50= 0.441603956394829
AIAdultSlopeContact= 3.74275233155815
AIAdultLD50Contact= 0.0421557815978304
AILarvaSlope= 3.12534772385843
AILarvaLD50= 0.868317532539368
AIKOW= 4.17906327312812
AIKOC= 25.0903504504822
AIHalfLife= 3.47729579894803
EAppRate= 0
