ICQueenStrength= 5.40652080695145
RQWkrDrnRatio= 3.46234450489283
ICDroneMiteSurvivorship= 23.6384434392676
ICWorkerMiteSurvivorship= 2.5501811876893
ICForagerLifespan= 12.8847386948764
ImmType= Exponential
AIAdultSlope= 0.199957032019738
AIAdultLD50= 0.146999361459166
AIAdultSlopeContact= 0.0851867375476286
AIAdultLD50Contact= 0.0236704196315259
AILarvaSlope= 0.215564824501052
AILarvaLD50= 0.707413854519837
AIKOW= 5.13128462061286
AIKOC= 12.3785687505733
AIHalfLife= 2.97858311678283
EAppRate= 0.190080586099066
