ICQueenStrength= 3.71882499288768
RQWkrDrnRatio= 3.37948574591428
