ICQueenStrength= 3.60824376251549
RQWkrDrnRatio= 2.04780955892056
ICDroneMiteSurvivorship= 71.8413705006242
ICWorkerMiteSurvivorship= 91.5047855116427
ICForagerLifespan= 7.42382359970361
ImmType= Cosine
AIAdultSlope= 1.37731798444875
AIAdultLD50= 2.09662524517626
AIAdultSlopeContact= 2.04788513816893
AIAdultLD50Contact= 0.00248951023677364
AILarvaSlope= 1.6736138580367
AILarvaLD50= 0.138192399661057
AIKOW= 4.21662079589441
AIKOC= 23.0181115691084
AIHalfLife= 2.29956277273595
EAppRate= 0.16310127149336
