ICQueenStrength= 4.91102577326819
RQWkrDrnRatio= 3.03069117851555
ICDroneMiteSurvivorship= 83.7635828647763
ICWorkerMiteSurvivorship= 73.7125220010057
ICForagerLifespan= 6.42694353219122
ImmType= Polynomial
AIAdultSlope= 0.873814763473347
AIAdultLD50= 0.248645813670009
AIAdultSlopeContact= 1.55729613077128
AIAdultLD50Contact= 0.0395203892956488
AILarvaSlope= 3.02170884637162
AILarvaLD50= 0.599757059197873
AIKOW= 4.31575102778152
AIKOC= 24.0367561765015
AIHalfLife= 2.52466426813044
EAppRate= 0.455407192138955
