ICQueenStrength= 4.78698953520507
RQWkrDrnRatio= 1.01583940628916
