ICQueenStrength= 5.84197395504452
RQWkrDrnRatio= 1.60398225765675
ICDroneMiteSurvivorship= 14.4310558680445
ICWorkerMiteSurvivorship= 62.3512005899101
ICForagerLifespan= 9.63590042479336
ImmType= Polynomial
AIAdultSlope= 2.30965322974138
AIAdultLD50= 0.15979375957977
AIAdultSlopeContact= 2.36844241288025
AIAdultLD50Contact= 0.0230428008828312
AILarvaSlope= 1.18646409134381
AILarvaLD50= 0.807852091547102
AIKOW= 6.88050989992917
AIKOC= 29.2344304628205
AIHalfLife= 2.44685077341273
EAppRate= 0
