ICQueenStrength= 2.44333324860781
RQWkrDrnRatio= 4.67991604376584
ICDroneMiteSurvivorship= 6.35278646368533
ICWorkerMiteSurvivorship= 56.7026944365352
ICForagerLifespan= 9.88490323163569
ImmType= Cosine
AIAdultSlope= 1.40098101925105
