ICQueenStrength= 2.32402170565911
RQWkrDrnRatio= 3.04357797652483
ICDroneMiteSurvivorship= 94.5990414591506
ICWorkerMiteSurvivorship= 97.0704163424671
ICForagerLifespan= 11.6482743360102
ImmType= Polynomial
AIAdultSlope= 2.62739438163117
AIAdultLD50= 2.41239412268624
AIAdultSlopeContact= 1.79526256936602
AIAdultLD50Contact= 0.0454886979423463
AILarvaSlope= 2.77201620303094
AILarvaLD50= 0.692778397374786
AIKOW= 2.72787473583594
AIKOC= 18.752222340554
AIHalfLife= 9.93574447883293
EAppRate= 0.718226953875273
