ICQueenStrength= 1.33372808829881
RQWkrDrnRatio= 3.15754021797329
ICDroneMiteSurvivorship= 37.6679614651948
ICWorkerMiteSurvivorship= 74.0282806567848
ICForagerLifespan= 12.9040073296055
ImmType= Cosine
AIAdultSlope= 0.00453741806559265
AIAdultLD50= 0.88617067085579
AIAdultSlopeContact= 3.28921364147449
AIAdultLD50Contact= 0.00348238546866924
AILarvaSlope= 0.118424474680796
AILarvaLD50= 0.781165269389749
AIKOW= 6.33065517852083
AIKOC= 22.6472912949976
AIHalfLife= 6.72337127104402
EAppRate= 0.341564176604152
