ICQueenStrength= 2.69918553670868
RQWkrDrnRatio= 1.06778272986412
ICDroneMiteSurvivorship= 20.5845865188166
ICWorkerMiteSurvivorship= 62.6370421610773
ICForagerLifespan= 6.63916790299118
ImmType= Polynomial
AIAdultSlope= 1.33957692177733
AIAdultLD50= 0.286828743992373
AIAdultSlopeContact= 0.201666217132006
AIAdultLD50Contact= 0.0141881766496226
AILarvaSlope= 2.7084002208896
AILarvaLD50= 0.19913778884802
AIKOW= 6.56859811022878
AIKOC= 8.74761490384117
AIHalfLife= 3.15064861555584
EAppRate= 0.245609936630353
