ICQueenStrength= 2.64225735585205
RQWkrDrnRatio= 3.67889575101435
ICDroneMiteSurvivorship= 92.4771658144891
ICWorkerMiteSurvivorship= 52.9407790629193
ICForagerLifespan= 14.6351387733594
ImmType= Tangent
AIAdultSlope= 2.36123069166206
AIAdultLD50= 0.628440716536716
AIAdultSlopeContact= 1.64236628322629
AIAdultLD50Contact= 0.00297396692913026
AILarvaSlope= 1.65419677407481
AILarvaLD50= 0.245402065082453
AIKOW= 4.72862874623388
AIKOC= 20.3554806020111
AIHalfLife= 11.4338718955405
EAppRate= 0.180294623365626
