ICQueenStrength= 3.94702535378747
RQWkrDrnRatio= 2.21311181876808
ICDroneMiteSurvivorship= 67.4459523754194
ICWorkerMiteSurvivorship= 31.4325293293223
ICForagerLifespan= 14.1293207397684
ImmType= Sine
AIAdultSlope= 3.18207443105057
AIAdultLD50= 2.19896334735677
AIAdultSlopeContact= 1.92351915452862
AIAdultLD50Contact= 0.0410828237887472
AILarvaSlope= 2.93207334638573
AILarvaLD50= 0.0217192021664232
AIKOW= 4.84672061447054
AIKOC= 8.56587992864661
AIHalfLife= 4.30310497386381
EAppRate= 0.944121830863878
