ICQueenStrength= 3.47432948439382
RQWkrDrnRatio= 1.85846605245024
ICDroneMiteSurvivorship= 58.9923985535279
ICWorkerMiteSurvivorship= 89.2350768204778
ICForagerLifespan= 14.6202409183607
ImmType= Polynomial
AIAdultSlope= 2.69632042683661
AIAdultLD50= 0.76877130009234
AIAdultSlopeContact= 2.46004247155739
AIAdultLD50Contact= 0.0493384013534524
AILarvaSlope= 2.29753168397583
AILarvaLD50= 0.577544418163598
AIKOW= 7.05247211456299
AIKOC= 20.5407811223995
AIHalfLife= 5.55088121304289
EAppRate= 0.570470766630024
