ICQueenStrength= 3.96578277135268
RQWkrDrnRatio= 4.32248899806291
ICDroneMiteSurvivorship= 68.7332548201084
ICWorkerMiteSurvivorship= 72.189988521859
ICForagerLifespan= 5.28578982502222
ImmType= Cosine
AIAdultSlope= 2.05462661106139
