ICQueenStrength= 1.61704715993255
RQWkrDrnRatio= 3.39310592412949
