ICQueenStrength= 4.06098749674857
RQWkrDrnRatio= 4.37553645018488
