ICQueenStrength= 3.8847207815852
RQWkrDrnRatio= 3.21369975060225
ICDroneMiteSurvivorship= 13.6871610069647
ICWorkerMiteSurvivorship= 75.4710126202554
ICForagerLifespan= 14.4067540988326
ImmType= Cosine
AIAdultSlope= 2.75772277205251
AIAdultLD50= 0.600160497939214
AIAdultSlopeContact= 3.76127371345181
AIAdultLD50Contact= 0.00599135643569753
AILarvaSlope= 1.50228967405856
AILarvaLD50= 0.131701782206073
AIKOW= 4.15904104104266
AIKOC= 25.7701333391014
AIHalfLife= 2.8961721197702
EAppRate= 0.75868001463823
