ICQueenStrength= 5.19665484689176
RQWkrDrnRatio= 2.47464691381902
ICDroneMiteSurvivorship= 97.7233632002026
ICWorkerMiteSurvivorship= 27.149597927928
ICForagerLifespan= 4.27925707399845
ImmType= Cosine
AIAdultLD50= 0.154012839635834
AIAdultSlopeContact= 1.00013424191857
AIAdultLD50Contact= 0.0275895242462866
AILarvaSlope= 0.320557737164199
AILarvaLD50= 0.705989884003066
AIKOW= 7.11487578740343
AIKOC= 5.77995453611948
AIHalfLife= 0.075491925701499
EAppRate= 1.27881796425208
