ICQueenStrength= 5.6410145657137
RQWkrDrnRatio= 1.18091212399304
ICDroneMiteSurvivorship= 29.5321655226871
ICWorkerMiteSurvivorship= 56.6026112763211
ICForagerLifespan= 8.20032129902393
ImmType= Sine
AIAdultSlope= 2.97436187623534
AIAdultLD50= 0.487200119416229
AIAdultSlopeContact= 3.0651034864434
AIAdultLD50Contact= 0.0455924592912197
AILarvaSlope= 0.899970746506006
AILarvaLD50= 0.00706213207449764
AIKOW= 6.10635312926024
AIKOC= 11.7490602494217
AIHalfLife= 4.56767192110419
EAppRate= 0.583082515094429
