ICQueenStrength= 2.65884405141696
RQWkrDrnRatio= 2.61591365281492
ICDroneMiteSurvivorship= 13.9390195487067
ICWorkerMiteSurvivorship= 8.00394089892507
ICForagerLifespan= 13.2468144092709
ImmType= Logarithmic
AIAdultSlope= 0.458264441695064
