ICQueenStrength= 1.1234891070053
RQWkrDrnRatio= 1.08625700045377
