ICQueenStrength= 2.49724737158976
RQWkrDrnRatio= 4.18371033575386
ICDroneMiteSurvivorship= 36.9263920001686
ICWorkerMiteSurvivorship= 50.8980421815068
ICForagerLifespan= 6.15881853364408
ImmType= Polynomial
AIAdultSlopeContact= 1.45000689303037
AIAdultLD50Contact= 0.0451215230743401
AILarvaSlope= 0.06580585767515
AILarvaLD50= 0.53459817529656
AIKOW= 4.96005968097597
AIKOC= 18.6524001252837
AIHalfLife= 4.9430900705047
