ICQueenStrength= 5.80512229492888
RQWkrDrnRatio= 3.0721536166966
ICDroneMiteSurvivorship= 50.8876209380105
ICWorkerMiteSurvivorship= 78.7034299690276
ICForagerLifespan= 12.9162945989519
ImmType= Cosine
AIAdultSlope= 1.91445499207126
AIAdultLD50= 0.477234747144394
AIAdultSlopeContact= 3.92435783858411
AIAdultLD50Contact= 0.0430253603612073
AILarvaSlope= 3.01261631823145
AILarvaLD50= 0.668763768696226
AIKOW= 4.87482038885355
AIKOC= 7.87665312644094
AIHalfLife= 3.69065020931885
EAppRate= 0.594518188433722
