ICQueenStrength= 4.74950370169245
RQWkrDrnRatio= 2.56721124332398
ICDroneMiteSurvivorship= 96.2543988833204
ICWorkerMiteSurvivorship= 74.111625412479
ICForagerLifespan= 11.1955041969195
ImmType= Polynomial
AIAdultSlope= 2.50610942678992
AIAdultLD50= 0.272343358723447
AIAdultSlopeContact= 2.11132909999229
AIAdultLD50Contact= 0.0385980059276335
AILarvaSlope= 3.1443719801493
AILarvaLD50= 0.52625056814868
AIKOW= 6.87041307752952
AIKOC= 13.1852437870111
AIHalfLife= 2.11258998722769
EAppRate= 0
