ICQueenStrength= 4.18592836498283
RQWkrDrnRatio= 3.17336552962661
ICDroneMiteSurvivorship= 68.5594977578148
ICWorkerMiteSurvivorship= 3.00084720365703
ICForagerLifespan= 5.39845841750503
ImmType= Exponential
AIAdultSlope= 0.56073889080435
AIAdultLD50= 1.63399270526133
AIAdultSlopeContact= 1.19374712316552
AIAdultLD50Contact= 0.044526151905302
AILarvaSlope= 2.97661204924807
AILarvaLD50= 0.752594650327228
AIKOW= 2.73733047675341
AIKOC= 27.920356184477
AIHalfLife= 0.310033811256289
EAppRate= 0.331141575938091
