ICQueenStrength= 2.35103321284987
RQWkrDrnRatio= 3.2157434951514
ICDroneMiteSurvivorship= 97.6677616825327
ICWorkerMiteSurvivorship= 91.176903154701
ICForagerLifespan= 12.9202570123598
ImmType= Sine
AIAdultSlope= 0.171286249533296
AIAdultLD50= 0.378741982392967
AIAdultSlopeContact= 4.23801169730723
AIAdultLD50Contact= 0.156509841792285
AILarvaSlope= 9.0868912730366
AILarvaLD50= 1.88719595130533
AIKOW= 43.7928372295573
AIKOC= 98.4205775428563
AIHalfLife= 11.8220478347503
EAppRate= 1.32736813044176
