ICQueenStrength= 1.03962214919738
RQWkrDrnRatio= 1.94635567162186
ICDroneMiteSurvivorship= 68.537332653068
ICWorkerMiteSurvivorship= 19.1224986687303
ICForagerLifespan= 9.71714590769261
ImmType= Exponential
AIAdultSlope= 3.21213984358823
AIAdultLD50= 0.102976942551322
AIAdultSlopeContact= 0.922338773414958
AIAdultLD50Contact= 0.0452420937130228
AILarvaSlope= 2.1356258274056
AILarvaLD50= 0.624635760253295
AIKOW= 5.61055065272376
AIKOC= 9.25599519512616
AIHalfLife= 2.21483423840255
EAppRate= 0.55010546380654
