ICQueenStrength= 2.10793145140633
RQWkrDrnRatio= 2.61546914093196
ICDroneMiteSurvivorship= 15.9202502574772
ICWorkerMiteSurvivorship= 38.6647721054032
ICForagerLifespan= 5.82756180595607
ImmType= Tangent
AIAdultSlope= 1.94199652285315
AIAdultLD50= 0.196818159660324
AIAdultSlopeContact= 3.24850141743897
AIAdultLD50Contact= 0.046942610910628
AILarvaSlope= 1.31088600745425
AILarvaLD50= 0.717634026193991
AIKOW= 2.51512702414766
AIKOC= 21.4666901750024
AIHalfLife= 11.5270123914815
EAppRate= 0.569332959130406
