ICQueenStrength= 3.95031576883048
RQWkrDrnRatio= 3.98904602322727
ICDroneMiteSurvivorship= 74.9865976860747
ICWorkerMiteSurvivorship= 16.9772232649848
ICForagerLifespan= 4.89600614551455
ImmType= Tangent
AIAdultSlope= 0.319083750480786
AIAdultLD50= 0.379632743773982
AIAdultSlopeContact= 0.815987281990238
AIAdultLD50Contact= 0.00620886688120663
AILarvaSlope= 0.907360538514331
AILarvaLD50= 0.177283877343871
AIKOW= 4.39525909442455
AIKOC= 21.6412254620809
AIHalfLife= 1.29331076401286
EAppRate= 0.036404818482697
