ICQueenStrength= 5.46848383173347
RQWkrDrnRatio= 4.07313923351467
ICDroneMiteSurvivorship= 6.38126565609127
ICWorkerMiteSurvivorship= 75.4895123653114
ICForagerLifespan= 13.5413274830207
ImmType= Logarithmic
AIAdultSlope= 0.358239826324862
AIAdultLD50= 0.319625390926376
AIAdultSlopeContact= 2.73477815483697
AIAdultLD50Contact= 0.0104426734847948
AILarvaSlope= 1.29577124817297
AILarvaLD50= 0.658723186003044
AIKOW= 4.78616674384102
AIKOC= 20.4035654093605
AIHalfLife= 0.734734128927812
EAppRate= 0
