ICQueenStrength= 4.67137610563077
RQWkrDrnRatio= 4.03441603109241
ICDroneMiteSurvivorship= 89.7566987900063
ICWorkerMiteSurvivorship= 59.2459284467623
ICForagerLifespan= 14.8328099865466
ImmType= Cosine
AIAdultSlope= 3.72831037013791
AIAdultLD50= 0.460916151758283
AIAdultSlopeContact= 0.896809697058052
AIAdultLD50Contact= 0.0471151127363555
AILarvaSlope= 3.18299359856173
AILarvaLD50= 0.746490272437222
AIKOW= 4.94336239481345
AIKOC= 17.3189618287142
AIHalfLife= 0.616224057739601
EAppRate= 0
