ICQueenStrength= 3.95193194877356
RQWkrDrnRatio= 3.25147499144077
ICDroneMiteSurvivorship= 44.4739282131195
ICWorkerMiteSurvivorship= 41.9577933847904
ICForagerLifespan= 8.95438060443848
ImmType= Tangent
AIAdultSlope= 0.623620556958485
AIAdultLD50= 0.0804789054673165
AIAdultSlopeContact= 0.830859124632552
AIAdultLD50Contact= 0.000281743600498885
AILarvaSlope= 2.91868175980635
AILarvaLD50= 0.591511221555993
AIKOW= 6.23527310183272
AIKOC= 6.48733646492474
AIHalfLife= 0.903980080038309
EAppRate= 0.343805114831775
