ICQueenStrength= 1.02650369773619
RQWkrDrnRatio= 3.73674959223717
ICDroneMiteSurvivorship= 83.2423701416701
ICWorkerMiteSurvivorship= 98.5438148723915
ICForagerLifespan= 4.62004825286567
ImmType= Cosine
AIAdultSlope= 0.3654062429443
AIAdultLD50= 2.00716514792293
AIAdultSlopeContact= 2.48157030163798
AIAdultLD50Contact= 0.0238858039723709
AILarvaSlope= 0.526896544313058
AILarvaLD50= 0.755814621294849
AIKOW= 6.97760342713445
AIKOC= 29.1706964618061
AIHalfLife= 7.82266945624724
EAppRate= 0.363966923905537
