ICQueenStrength= 5.07622968079522
RQWkrDrnRatio= 2.04085863474756
ICDroneMiteSurvivorship= 29.0828416123986
ICWorkerMiteSurvivorship= 71.149469842203
ICForagerLifespan= 7.28748601023108
ImmType= Polynomial
AIAdultSlope= 3.46132248510607
AIAdultLD50= 0.316909075831063
AIAdultSlopeContact= 1.00443426105659
AIAdultLD50Contact= 0.0357466900488362
AILarvaSlope= 0.48028436396271
AILarvaLD50= 0.508315134770237
AIKOW= 4.42207815591246
AIKOC= 20.7412675500382
AIHalfLife= 0.38807641947642
EAppRate= 0.453273809608072
