ICQueenStrength= 3.28540072916076
RQWkrDrnRatio= 2.0240413909778
ICDroneMiteSurvivorship= 93.001265800558
ICWorkerMiteSurvivorship= 90.7357337418944
ICForagerLifespan= 7.1252948064357
ImmType= Sine
AIAdultSlope= 3.4826762153185
AIAdultLD50= 0.222264880780131
AIAdultSlopeContact= 2.59082797927782
AIAdultLD50Contact= 0.0167909341631457
AILarvaSlope= 1.50457297391258
AILarvaLD50= 0.163460320048034
AIKOW= 4.02186213200912
AIKOC= 19.6732036722824
AIHalfLife= 1.3876211293973
EAppRate= 0
