ICQueenStrength= 1.04640090977773
RQWkrDrnRatio= 1.43118886090815
ICDroneMiteSurvivorship= 93.090071901679
ICWorkerMiteSurvivorship= 23.9476661430672
ICForagerLifespan= 9.96803298313171
ImmType= Tangent
AIAdultSlope= 2.1975452947896
AIAdultSlopeContact= 0.226167384325527
AIAdultLD50Contact= 0.0375327331596054
AILarvaSlope= 0.20432514003478
AILarvaLD50= 0.522086069430225
AIKOW= 4.28470124537125
AIKOC= 29.1786024649628
AIHalfLife= 7.75027139438316
