ICQueenStrength= 5.82119749998674
RQWkrDrnRatio= 1.07031206507236
ICDroneMiteSurvivorship= 7.27980697993189
ICWorkerMiteSurvivorship= 53.1834157649428
ICForagerLifespan= 10.0157764460891
ImmType= Exponential
AIAdultLD50= 0.154012839635834
AIAdultSlopeContact= 0.547809175271541
AIAdultLD50Contact= 0.00935060414485633
AILarvaSlope= 2.00565703464672
AILarvaLD50= 0.363240023329854
AIKOW= 5.91325101302937
AIKOC= 18.5412052972242
AIHalfLife= 12.6117389821447
EAppRate= 1.30935093481094
