ICQueenStrength= 2.91075876005925
RQWkrDrnRatio= 4.22311818227172
ICDroneMiteSurvivorship= 14.1421410720795
ICWorkerMiteSurvivorship= 78.7346249911934
ICForagerLifespan= 12.5743960114196
ImmType= Cosine
AIAdultSlope= 1.48504359172657
AIAdultLD50= 1.68832348007709
AIAdultSlopeContact= 0.795168646168895
AIAdultLD50Contact= 0.0357729086652398
AILarvaSlope= 2.2900883496739
AILarvaLD50= 0.528565528267063
AIKOW= 2.99466292141005
AIKOC= 25.5454112263396
AIHalfLife= 7.07538313558325
EAppRate= 0.592586114769801
