ICQueenStrength= 5.31365068303421
RQWkrDrnRatio= 4.88505012821406
ICDroneMiteSurvivorship= 35.7806615531445
ICWorkerMiteSurvivorship= 92.8059255704284
ICForagerLifespan= 12.7188459392637
ImmType= Sine
AIAdultSlope= 1.71578815456247
AIAdultLD50= 0.173473620554432
AIAdultSlopeContact= 1.57185492251068
AIAdultLD50Contact= 0.0321953966864385
AILarvaSlope= 3.37437141309492
AILarvaLD50= 0.122830602829345
AIKOW= 2.14386033359915
AIKOC= 16.9468893099111
AIHalfLife= 1.18777007213794
EAppRate= 0
