ICQueenStrength= 3.69537352607585
RQWkrDrnRatio= 1.88649455178529
ICDroneMiteSurvivorship= 83.5659654811025
ICWorkerMiteSurvivorship= 67.5017229747027
ICForagerLifespan= 11.674822198227
ImmType= Logarithmic
AIAdultSlope= 3.34284984194674
AIAdultLD50= 2.59432245441712
AIAdultSlopeContact= 2.13175338956527
AIAdultLD50Contact= 0.0174066303530708
AILarvaSlope= 1.34546923502348
AILarvaLD50= 0.710544536006637
AIKOW= 6.77820276329294
AIKOC= 19.49159879121
AIHalfLife= 1.20294978190213
EAppRate= 0.918994412990287
