ICQueenStrength= 1.37456266209483
RQWkrDrnRatio= 4.78106036689132
