ICQueenStrength= 2.83736859355122
RQWkrDrnRatio= 2.56169971358031
ICDroneMiteSurvivorship= 37.3906632419676
ICWorkerMiteSurvivorship= 58.4696158301085
ICForagerLifespan= 4.92712545860559
ImmType= Exponential
AIAdultSlope= 1.62478836106136
AIAdultLD50= 0.311259930953383
AIAdultSlopeContact= 1.38334553145804
AIAdultLD50Contact= 0.0431864437297918
AILarvaSlope= 1.21964622642845
AILarvaLD50= 0.170602064696141
AIKOW= 6.61164569295943
AIKOC= 6.190406747628
AIHalfLife= 3.74711485696025
EAppRate= 0.0624860675539821
