ICQueenStrength= 1.93842137721367
RQWkrDrnRatio= 3.39836620446295
ICDroneMiteSurvivorship= 36.2303325207904
ICWorkerMiteSurvivorship= 46.2255937047303
ICForagerLifespan= 15.6009913319722
ImmType= Cosine
AIAdultSlope= 1.21334269242361
AIAdultLD50= 0.419625878334045
AIAdultSlopeContact= 1.91304767077323
AIAdultLD50Contact= 0.0400826784665696
AILarvaSlope= 1.92820265344344
AILarvaLD50= 0.159899978013709
AIKOW= 7.97923512710258
AIKOC= 8.15577996661887
AIHalfLife= 13.4974905163981
EAppRate= 0.736291182693094
