ICQueenStrength= 4.63401546142995
RQWkrDrnRatio= 4.18378345668316
ICDroneMiteSurvivorship= 55.9102432103828
ICWorkerMiteSurvivorship= 22.7594714611769
ICForagerLifespan= 14.2061565425247
ImmType= Tangent
AIAdultSlope= 2.0502955824486
AIAdultLD50= 0.0760726642329246
AIAdultSlopeContact= 3.68254305521026
AIAdultLD50Contact= 0.0262028121040203
AILarvaSlope= 2.83600525627844
AILarvaLD50= 0.1438710026443
AIKOW= 7.31206669239327
AIKOC= 11.8890159658622
AIHalfLife= 0.65515982802026
EAppRate= 0.506082133646123
