ICQueenStrength= 1.73407795047387
RQWkrDrnRatio= 2.00897241383791
ICDroneMiteSurvivorship= 29.5102246804163
ICWorkerMiteSurvivorship= 15.8414537785575
ICForagerLifespan= 5.04824122134596
ImmType= Sine
AIAdultSlope= 0.225991544965655
AIAdultLD50= 0.741863104049116
AIAdultSlopeContact= 1.54692085725954
AIAdultLD50Contact= 0.00180032561765984
AILarvaSlope= 0.758750865142792
AILarvaLD50= 0.276660311431624
AIKOW= 6.09317066986114
AIKOC= 26.3779429555871
AIHalfLife= 12.5476548322476
EAppRate= 0.111440205015242
