ICQueenStrength= 2.54377626487985
RQWkrDrnRatio= 1.34094108920544
ICDroneMiteSurvivorship= 16.7198954382911
ICWorkerMiteSurvivorship= 20.7168463850394
ICForagerLifespan= 13.1436993312091
ImmType= Polynomial
AIAdultSlope= 2.61968681900762
AIAdultLD50= 1.37085208925419
AIAdultSlopeContact= 1.21636088227853
AIAdultLD50Contact= 0.0445424967911094
AILarvaSlope= 2.83332215454429
AILarvaLD50= 0.775300526549108
AIKOW= 6.94392549199983
AIKOC= 11.898874923354
AIHalfLife= 12.0794043624774
EAppRate= 0.66220015194267
