ICQueenStrength= 1.50167276756838
RQWkrDrnRatio= 2.30282443296164
ICDroneMiteSurvivorship= 64.98483188916
ICWorkerMiteSurvivorship= 21.6150841442868
ICForagerLifespan= 10.3853883044794
ImmType= Polynomial
AIAdultSlope= 0.87556008528918
AIAdultLD50= 0.994598344434053
AIAdultSlopeContact= 3.79303397624055
AIAdultLD50Contact= 0.0457452121656388
AILarvaSlope= 0.887025027209893
AILarvaLD50= 0.0712297488469631
AIKOW= 6.25609023869038
AIKOC= 29.545724253403
AIHalfLife= 11.2962212990969
EAppRate= 0.484038632363081
