ICQueenStrength= 5.26234235055745
RQWkrDrnRatio= 4.86813512537628
ICDroneMiteSurvivorship= 46.9919246854261
ICWorkerMiteSurvivorship= 56.1101311584935
ICForagerLifespan= 7.85429811663926
ImmType= Cosine
AIAdultSlope= 0.954795775283128
AIAdultLD50= 0.891546584665775
AIAdultSlopeContact= 1.31174889503745
AIAdultLD50Contact= 0.0373517323285341
AILarvaSlope= 0.381596228946
AILarvaLD50= 0.66537572988309
AIKOW= 4.63905996223912
AIKOC= 6.34087596088648
AIHalfLife= 11.5504485927522
EAppRate= 0.274723245762289
