ICQueenStrength= 4.56358583783731
RQWkrDrnRatio= 4.90665590483695
ICDroneMiteSurvivorship= 94.8290770174935
ICWorkerMiteSurvivorship= 34.5327708171681
ICForagerLifespan= 15.5422270270064
ImmType= Cosine
AIAdultSlopeContact= 6.4067262224853
AIAdultLD50Contact= 0.122182044899091
AILarvaSlope= 2.90050223004073
AILarvaLD50= 1.87719051679596
AIKOW= 53.6001672968268
AIKOC= 97.6335526211187
AIHalfLife= 8.56746993167326
