ICQueenStrength= 3.20102936308831
RQWkrDrnRatio= 3.57759939227253
