ICQueenStrength= 1.72656797477975
RQWkrDrnRatio= 4.63483063317835
ICDroneMiteSurvivorship= 96.3593122316524
ICWorkerMiteSurvivorship= 71.5188337955624
ICForagerLifespan= 14.2057337397709
ImmType= Cosine
AIAdultSlope= 0.374060751171783
AIAdultLD50= 0.993176497053355
AIAdultSlopeContact= 2.2466506180563
AIAdultLD50Contact= 0.0434840505826287
AILarvaSlope= 2.81384347667918
AILarvaLD50= 0.360327278240584
AIKOW= 5.53804259840399
AIKOC= 6.27333601121791
AIHalfLife= 13.5834250058979
EAppRate= 0.634644792648032
