ICQueenStrength= 1.87882429594174
RQWkrDrnRatio= 2.92566616460681
ICDroneMiteSurvivorship= 8.24609324336052
ICWorkerMiteSurvivorship= 23.5430171247572
ICForagerLifespan= 14.4532188689336
ImmType= Polynomial
AIAdultSlope= 1.17555146561936
AIAdultLD50= 0.797981854062527
AIAdultSlopeContact= 3.65410125936382
AIAdultLD50Contact= 0.0440156746306457
AILarvaSlope= 2.60999396583065
AILarvaLD50= 0.513897185772657
AIKOW= 7.3635430932045
AIKOC= 7.71904445253313
AIHalfLife= 4.69720754446462
EAppRate= 0.479738499037921
