ICQueenStrength= 5.28290685289539
RQWkrDrnRatio= 4.59834897983819
ICDroneMiteSurvivorship= 6.95386962033808
ICWorkerMiteSurvivorship= 57.6666394015774
ICForagerLifespan= 11.8036103080958
ImmType= Exponential
AIAdultSlope= 3.52854710186133
AIAdultLD50= 0.489128775428981
AIAdultSlopeContact= 2.93082763084676
AIAdultLD50Contact= 0.000758789118845016
AILarvaSlope= 3.22506928229704
AILarvaLD50= 0.0348515407880768
AIKOW= 6.33396471012384
AIKOC= 24.0142796025611
AIHalfLife= 3.52098312694579
EAppRate= 0
