ICQueenStrength= 5.17329867719673
RQWkrDrnRatio= 2.62824012991041
ICDroneMiteSurvivorship= 35.3577208472416
ICWorkerMiteSurvivorship= 9.00214312132448
ICForagerLifespan= 8.80279861018062
ImmType= Tangent
AIAdultSlope= 3.25319981090724
AIAdultSlopeContact= 2.72133340076543
AIAdultLD50Contact= 0.0276485382579267
AILarvaSlope= 0.177771606761962
AILarvaLD50= 0.0999738695332781
AIKOW= 7.10380628006533
AIKOC= 6.69065665686503
AIHalfLife= 5.15544521948323
