ICQueenStrength= 1.15870934003033
RQWkrDrnRatio= 2.8093721345067
ICDroneMiteSurvivorship= 24.1293011233211
ICWorkerMiteSurvivorship= 8.26785857789218
ICForagerLifespan= 4.23951398674399
ImmType= Exponential
AIAdultSlope= 1.1184156873473
AIAdultLD50= 0.169354258454405
AIAdultSlopeContact= 2.11642107094405
AIAdultLD50Contact= 0.0308649479644373
AILarvaSlope= 2.68058317387477
AILarvaLD50= 0.399694705358706
AIKOW= 5.82842942746356
AIKOC= 19.5290296175517
AIHalfLife= 0.852921000914648
EAppRate= 0
