ICQueenStrength= 3.67673622700386
RQWkrDrnRatio= 2.60768485441804
ICDroneMiteSurvivorship= 65.6314692925662
ICWorkerMiteSurvivorship= 33.4298052126542
ICForagerLifespan= 8.62322688195854
ImmType= Polynomial
AIAdultLD50= 0.154012839635834
AIAdultSlopeContact= 1.65312109240098
AIAdultLD50Contact= 0.0198034521657974
AILarvaSlope= 2.57584238401614
AILarvaLD50= 0.030509943771176
AIKOW= 6.6067606722936
AIKOC= 24.5997607544996
AIHalfLife= 11.2030183291063
EAppRate= 0.5944491061382
