ICQueenStrength= 4.31226641312242
RQWkrDrnRatio= 3.64915358275175
ICDroneMiteSurvivorship= 22.3692747764289
ICWorkerMiteSurvivorship= 42.5030149286613
ICForagerLifespan= 6.37794571463019
ImmType= Cosine
AIAdultSlope= 0.525554963387549
