ICQueenStrength= 2.84424184728414
RQWkrDrnRatio= 4.87597057688981
ICDroneMiteSurvivorship= 72.7977881673723
ICWorkerMiteSurvivorship= 89.6997629199177
ICForagerLifespan= 15.0943950945511
ImmType= Polynomial
AIAdultSlope= 0.0767147271428257
AIAdultLD50= 1.45066036772914
AIAdultSlopeContact= 0.539606762691401
AIAdultLD50Contact= 0.0320690100081265
AILarvaSlope= 1.48406641399488
AILarvaLD50= 0.242080566217192
AIKOW= 2.53031460521743
AIKOC= 29.0796254540328
AIHalfLife= 5.03797460487112
EAppRate= 0.896108240354806
