ICQueenStrength= 2.4493383129593
RQWkrDrnRatio= 1.15403730608523
ICDroneMiteSurvivorship= 82.6439010445029
ICWorkerMiteSurvivorship= 62.7141618635505
ICForagerLifespan= 13.9512180713937
ImmType= Tangent
AIAdultSlope= 2.32111354288179
AIAdultLD50= 0.142190830549225
AIAdultSlopeContact= 1.32190979662584
AIAdultLD50Contact= 0.00118899018270895
AILarvaSlope= 1.53332421900705
AILarvaLD50= 0.0348698080983013
AIKOW= 2.52282676193863
AIKOC= 26.3749112037476
AIHalfLife= 0.721397703746334
EAppRate= 0.209976217290387
