ICQueenStrength= 3.19563087448478
RQWkrDrnRatio= 1.62690335232764
