ICQueenStrength= 4.0070457002148
RQWkrDrnRatio= 1.44905897136778
ICDroneMiteSurvivorship= 53.4714867826551
ICWorkerMiteSurvivorship= 72.7272828109562
ICForagerLifespan= 8.10227099992335
ImmType= Sine
AIAdultSlope= 4.40103007946163
