ICQueenStrength= 2.42864621710032
RQWkrDrnRatio= 1.98548058699816
ICDroneMiteSurvivorship= 11.7294136900455
ICWorkerMiteSurvivorship= 38.3542135590687
ICForagerLifespan= 4.89114592410624
ImmType= Polynomial
AIAdultSlope= 1.55586966258707
AIAdultLD50= 0.252715889830142
AIAdultSlopeContact= 1.51676705711056
AIAdultLD50Contact= 0.0127667666529305
AILarvaSlope= 2.59576367638074
AILarvaLD50= 0.528530439524911
AIKOW= 6.42892689118162
AIKOC= 21.441077349009
AIHalfLife= 0.592953620944172
EAppRate= 0.244022152596153
