ICQueenStrength= 5.83337232959457
RQWkrDrnRatio= 3.21782349701971
ICDroneMiteSurvivorship= 18.6443395679817
ICWorkerMiteSurvivorship= 49.6512207435444
ICForagerLifespan= 13.5159260388464
ImmType= Cosine
AIAdultSlope= 3.0051650884375
AIAdultLD50= 0.392311698873527
AIAdultSlopeContact= 0.971585616969969
AIAdultLD50Contact= 0.0489144784398377
AILarvaSlope= 0.20069555263035
AILarvaLD50= 0.0372613266343251
AIKOW= 4.95015559205785
AIKOC= 22.1956485311966
AIHalfLife= 0.764737566933036
EAppRate= 0.1221007932676
