ICQueenStrength= 2.49754354613833
RQWkrDrnRatio= 4.74114141333848
ICDroneMiteSurvivorship= 90.440300735645
ICWorkerMiteSurvivorship= 20.8297429373488
ICForagerLifespan= 4.82470433507115
ImmType= Cosine
AIAdultLD50= 0.154012839635834
AIAdultSlopeContact= 3.10289939860348
AIAdultLD50Contact= 4.85978089272976e-06
AILarvaSlope= 1.67241095420904
AILarvaLD50= 0.457525770133361
AIKOW= 5.2311674496159
AIKOC= 21.459615068743
AIHalfLife= 7.11708107916638
EAppRate= 1.70020200358704
