ICQueenStrength= 2.22315445565619
RQWkrDrnRatio= 3.51746188569814
ICDroneMiteSurvivorship= 80.1118150120601
ICWorkerMiteSurvivorship= 92.3134134383872
ICForagerLifespan= 13.7924750763923
ImmType= Logarithmic
AIAdultSlope= 1.27359920991585
AIAdultSlopeContact= 0.426145633016713
AIAdultLD50Contact= 0.0084974700352177
AILarvaSlope= 0.619394790893421
AILarvaLD50= 0.573144953744486
AIKOW= 6.29956273362041
AIKOC= 27.4927903502248
AIHalfLife= 12.1544844927266
