ICQueenStrength= 5.99071960570291
RQWkrDrnRatio= 3.20033389888704
ICDroneMiteSurvivorship= 38.4783814428374
ICWorkerMiteSurvivorship= 9.3300010310486
ICForagerLifespan= 7.06999127473682
ImmType= Sine
AIAdultSlope= 2.39747050513979
AIAdultLD50= 0.382561847451143
AIAdultSlopeContact= 0.135410153735429
AIAdultLD50Contact= 0.0476960061350837
AILarvaSlope= 0.121772300079465
AILarvaLD50= 0.671415139432065
AIKOW= 6.15916988719255
AIKOC= 17.8812944167294
AIHalfLife= 3.21186425047927
EAppRate= 0
