ICQueenStrength= 2.50545989861712
RQWkrDrnRatio= 1.92024069465697
ICDroneMiteSurvivorship= 43.4191515669227
ICWorkerMiteSurvivorship= 66.105832811445
ICForagerLifespan= 7.44283043127507
ImmType= Tangent
AIAdultSlopeContact= 7.8903305483982
AIAdultLD50Contact= 0.105060940887779
AILarvaSlope= 6.95666439132765
AILarvaLD50= 0.494216531515121
AIKOW= 78.3574973000214
AIKOC= 7.50468086916953
AIHalfLife= 10.0400750236586
