ICQueenStrength= 2.50252979132347
RQWkrDrnRatio= 1.81217867322266
ICDroneMiteSurvivorship= 1.50899135041982
ICWorkerMiteSurvivorship= 27.1104078507051
ICForagerLifespan= 4.64803705085069
ImmType= Exponential
AIAdultSlope= 2.23583837728947
AIAdultLD50= 0.70426386105828
AIAdultSlopeContact= 0.774204707213212
AIAdultLD50Contact= 0.0123302494292147
AILarvaSlope= 1.10194735289551
AILarvaLD50= 0.538146153395064
AIKOW= 4.26695904601365
AIKOC= 18.0814223317429
AIHalfLife= 12.1071824743412
EAppRate= 0.752051301999018
