ICQueenStrength= 2.96254222420976
RQWkrDrnRatio= 4.91520421300083
ICDroneMiteSurvivorship= 10.4788675438613
ICWorkerMiteSurvivorship= 36.4238549023867
ICForagerLifespan= 5.06062486302108
ImmType= Sine
AIAdultSlope= 0.52823445843067
AIAdultLD50= 0.0709904364775866
AIAdultSlopeContact= 3.80343958555721
AIAdultLD50Contact= 0.0394970323890448
AILarvaSlope= 0.143583947466686
AILarvaLD50= 0.133101349649951
AIKOW= 7.78222649078816
AIKOC= 13.5782391077373
AIHalfLife= 4.75690900580958
EAppRate= 0.617576033482328
