ICQueenStrength= 3.65583816799335
RQWkrDrnRatio= 1.27902632020414
ICDroneMiteSurvivorship= 49.6347860200331
ICWorkerMiteSurvivorship= 10.309748374857
ICForagerLifespan= 5.16434629913419
ImmType= Logarithmic
AIAdultSlope= 1.20295416760258
AIAdultLD50= 0.220112441689707
AIAdultSlopeContact= 2.35743595643202
AIAdultLD50Contact= 0.00311610213248059
AILarvaSlope= 1.85061279605143
AILarvaLD50= 0.108640304580331
AIKOW= 6.8513768450357
AIKOC= 11.7221399163827
AIHalfLife= 1.45836385781877
EAppRate= 0
