ICQueenStrength= 3.84558105049655
RQWkrDrnRatio= 4.20293349958956
ICDroneMiteSurvivorship= 25.590680539608
ICWorkerMiteSurvivorship= 82.8195907408372
ICForagerLifespan= 10.702063630335
ImmType= Sine
AIAdultSlope= 2.6804779461259
AIAdultLD50= 0.207485882448964
AIAdultSlopeContact= 3.35467752430122
AIAdultLD50Contact= 0.0412628719815984
AILarvaSlope= 1.79080459116958
AILarvaLD50= 0.893371815187857
AIKOW= 7.04743474023417
AIKOC= 24.7070933529176
AIHalfLife= 0.217689168639481
EAppRate= 0.131060732575133
