ICQueenStrength= 4.25973146012984
RQWkrDrnRatio= 1.43169370107353
ICDroneMiteSurvivorship= 7.41399209946394
ICWorkerMiteSurvivorship= 61.1552950460464
ICForagerLifespan= 15.2134882481769
ImmType= Polynomial
AIAdultSlope= 1.11836887551472
AIAdultLD50= 0.849293291335925
AIAdultSlopeContact= 3.86328004117822
AIAdultLD50Contact= 0.0301401862991042
AILarvaSlope= 1.28980019949377
AILarvaLD50= 0.235356504796073
AIKOW= 6.88170767668635
AIKOC= 17.453843356343
AIHalfLife= 5.00866607762873
EAppRate= 0.0253182160668075
