ICQueenStrength= 1.48791235312819
RQWkrDrnRatio= 2.55159244127572
ICDroneMiteSurvivorship= 72.8918461827561
ICWorkerMiteSurvivorship= 81.5501255216077
ICForagerLifespan= 12.2939727185294
ImmType= Cosine
AIAdultSlope= 3.72876230436377
AIAdultLD50= 0.429901633528061
AIAdultSlopeContact= 2.62014189405832
AIAdultLD50Contact= 0.0151645773788914
AILarvaSlope= 2.14156558951363
AILarvaLD50= 0.309816278493963
AIKOW= 2.64884913852438
AIKOC= 8.37593772565015
AIHalfLife= 1.75242494326085
EAppRate= 0.178184955148026
