ICQueenStrength= 5.89693962503225
RQWkrDrnRatio= 1.5513761760667
ICDroneMiteSurvivorship= 40.5167464865372
ICWorkerMiteSurvivorship= 51.5511147445068
ICForagerLifespan= 14.5394492568448
ImmType= Tangent
AIAdultSlope= 2.81717489408329
AIAdultLD50= 2.46633092639968
AIAdultSlopeContact= 2.13305470253807
AIAdultLD50Contact= 0.00700637132395059
AILarvaSlope= 1.68457292676903
AILarvaLD50= 0.417557340441272
AIKOW= 6.49471285613254
AIKOC= 26.3987603900023
AIHalfLife= 11.0718046687543
EAppRate= 0.383785665268078
