ICQueenStrength= 1.90460232226178
RQWkrDrnRatio= 2.35020391922444
ICDroneMiteSurvivorship= 27.8711675200611
ICWorkerMiteSurvivorship= 4.36011045239866
ICForagerLifespan= 9.73960221372545
ImmType= Cosine
AIAdultSlope= 3.53412855506642
AIAdultLD50= 0.37438329635188
AIAdultSlopeContact= 1.0828798315418
AIAdultLD50Contact= 0.0227888779016212
AILarvaSlope= 0.713610762218013
AILarvaLD50= 0.681346615101211
AIKOW= 4.31076770834625
AIKOC= 23.3174586156383
AIHalfLife= 3.97268007392995
EAppRate= 0.102019800501876
