ICQueenStrength= 1.11436312342994
RQWkrDrnRatio= 4.69571922253817
ICDroneMiteSurvivorship= 32.2799787390977
ICWorkerMiteSurvivorship= 52.5061980355531
ICForagerLifespan= 10.6208360567689
ImmType= Exponential
AIAdultSlope= 2.99447580110282
AIAdultLD50= 1.52737099444494
AIAdultSlopeContact= 2.05944222795311
AIAdultLD50Contact= 0.0226813116925769
AILarvaSlope= 2.30492557659745
AILarvaLD50= 0.313544052396901
AIKOW= 4.0269383257255
AIKOC= 6.17184650734998
AIHalfLife= 8.67412358475849
EAppRate= 0.0247961666900665
