ICQueenStrength= 3.96388030401431
RQWkrDrnRatio= 2.64291631244123
ICDroneMiteSurvivorship= 29.3336150236428
ICWorkerMiteSurvivorship= 69.0050106029958
ICForagerLifespan= 8.56205892097205
ImmType= Polynomial
AIAdultSlope= 1.53546575955115
AIAdultLD50= 2.54629807267338
AIAdultSlopeContact= 0.636879512574524
AIAdultLD50Contact= 0.00291311269393191
AILarvaSlope= 0.520159198669717
AILarvaLD50= 0.618072968744673
AIKOW= 7.94492877554148
AIKOC= 9.63838577270508
AIHalfLife= 9.55973109230399
EAppRate= 0.761138486675918
