ICQueenStrength= 1.77333694905974
RQWkrDrnRatio= 3.25225280039012
ICDroneMiteSurvivorship= 44.6005425881594
ICWorkerMiteSurvivorship= 30.9412647038698
ICForagerLifespan= 4.53933783993125
ImmType= Polynomial
AIAdultSlope= 0.12392111485824
AIAdultLD50= 1.81794695765711
AIAdultSlopeContact= 0.336081499576103
AIAdultLD50Contact= 0.0469978079083376
AILarvaSlope= 1.7659545793198
AILarvaLD50= 0.49673553428147
AIKOW= 2.07011805381626
AIKOC= 5.78523618867621
AIHalfLife= 4.05289928009734
EAppRate= 0.755491021089256
