ICQueenStrength= 2.08671356225386
RQWkrDrnRatio= 4.34722896385938
ICDroneMiteSurvivorship= 3.74601001385599
ICWorkerMiteSurvivorship= 7.2227671276778
ICForagerLifespan= 6.9386558290571
ImmType= Exponential
AIAdultSlope= 2.98729644562583
AIAdultLD50= 0.454288228764199
AIAdultSlopeContact= 3.255456067021
AIAdultLD50Contact= 0.0300022087641992
AILarvaSlope= 1.03134816880338
AILarvaLD50= 0.112034328910522
AIKOW= 4.54760646400973
AIKOC= 28.5604398767464
AIHalfLife= 4.37271042610519
EAppRate= 0.104655227996409
