ICQueenStrength= 3.77805506833829
RQWkrDrnRatio= 2.80615784600377
ICDroneMiteSurvivorship= 75.0109281856567
ICWorkerMiteSurvivorship= 98.060630261898
ICForagerLifespan= 11.5735389683396
ImmType= Polynomial
AIAdultSlope= 0.61775893275626
AIAdultSlopeContact= 1.72272381464252
AIAdultLD50Contact= 0.00911621149862185
AILarvaSlope= 0.587443181779236
AILarvaLD50= 0.685410346789286
AIKOW= 3.86563842277974
AIKOC= 14.9950652162079
AIHalfLife= 10.5099876662716
