ICQueenStrength= 3.86651932168752
RQWkrDrnRatio= 4.63218284025788
ICDroneMiteSurvivorship= 85.6622839579359
ICWorkerMiteSurvivorship= 85.4078050935641
ICForagerLifespan= 13.7480868054554
ImmType= Polynomial
AIAdultSlope= 2.9253130428493
AIAdultLD50= 1.7438916543033
AIAdultSlopeContact= 2.15428815827938
AIAdultLD50Contact= 0.0107935364707373
AILarvaSlope= 1.64225354786031
AILarvaLD50= 0.418218558398075
AIKOW= 3.5624068188481
AIKOC= 18.637575955363
AIHalfLife= 0.488139503635466
EAppRate= 0.331635471899062
