ICQueenStrength= 1.87970634223893
RQWkrDrnRatio= 3.50418653991073
ICDroneMiteSurvivorship= 58.738153311424
ICWorkerMiteSurvivorship= 79.7436569817364
ICForagerLifespan= 15.5846398202702
ImmType= Exponential
AIAdultSlope= 9.31356467539445
