ICQueenStrength= 4.65336014423519
RQWkrDrnRatio= 2.11069960799068
ICDroneMiteSurvivorship= 80.549757159315
ICWorkerMiteSurvivorship= 36.6413460578769
ICForagerLifespan= 13.8868276653811
ImmType= Tangent
AIAdultSlope= 2.25339238262968
AIAdultLD50= 0.427313895430416
AIAdultSlopeContact= 3.6900505158864
AIAdultLD50Contact= 0.0308121168287471
AILarvaSlope= 2.26299313013442
AILarvaLD50= 0.891722807544284
AIKOW= 4.1285896776244
AIKOC= 15.1153849449474
AIHalfLife= 2.16180929448456
EAppRate= 0.623028119117953
