ICQueenStrength= 3.39907125476748
RQWkrDrnRatio= 1.88518043607473
ICDroneMiteSurvivorship= 59.7337319282815
ICWorkerMiteSurvivorship= 4.5377291040495
ICForagerLifespan= 12.0915802754462
ImmType= Cosine
AIAdultSlope= 6.87842530198395
