ICQueenStrength= 2.46779295289889
RQWkrDrnRatio= 2.82451248541474
ICDroneMiteSurvivorship= 50.4157659364864
ICWorkerMiteSurvivorship= 55.0420892192051
ICForagerLifespan= 8.8658807463944
ImmType= Tangent
AIAdultSlope= 2.63605352562619
AIAdultLD50= 0.0616121233906597
AIAdultSlopeContact= 0.536827595592477
AIAdultLD50Contact= 0.0439944399870001
AILarvaSlope= 2.66313326414675
AILarvaLD50= 0.728172874473967
AIKOW= 7.72143096290529
AIKOC= 18.8551865529735
AIHalfLife= 3.15515926922671
EAppRate= 0.590006996830925
