ICQueenStrength= 3.0294281526003
RQWkrDrnRatio= 4.0331650506705
ICDroneMiteSurvivorship= 47.9392507113516
ICWorkerMiteSurvivorship= 16.7591749923304
ICForagerLifespan= 7.79992108419538
ImmType= Exponential
AIAdultSlope= 1.15395457018167
