ICQueenStrength= 2.61008142400533
RQWkrDrnRatio= 3.57228872831911
ICDroneMiteSurvivorship= 49.7744712978601
ICWorkerMiteSurvivorship= 53.6595654208213
ICForagerLifespan= 7.54705582372844
ImmType= Exponential
AIAdultSlope= 1.34674832634628
AIAdultSlopeContact= 3.78213135218946
AIAdultLD50Contact= 0.0404222728917375
AILarvaSlope= 2.20504409978166
AILarvaLD50= 0.483670238102786
AIKOW= 7.68352402653545
AIKOC= 28.4433609293774
AIHalfLife= 7.04967621155083
