ICQueenStrength= 2.45715567632578
RQWkrDrnRatio= 4.60111757740378
ICDroneMiteSurvivorship= 15.1958946837112
ICWorkerMiteSurvivorship= 81.7168219713494
ICForagerLifespan= 14.8097725436091
ImmType= Polynomial
AIAdultSlope= 2.8249764486216
AIAdultLD50= 0.687338635325432
AIAdultSlopeContact= 2.53343729111133
AIAdultLD50Contact= 0.0193786576506682
AILarvaSlope= 1.55166095918976
AILarvaLD50= 0.275831896928139
AIKOW= 5.85479214601219
AIKOC= 14.8043767909985
AIHalfLife= 3.65056300070137
EAppRate= 0.156627428019419
