ICQueenStrength= 3.76897621224634
RQWkrDrnRatio= 2.24847994372249
ICDroneMiteSurvivorship= 52.8787782648578
ICWorkerMiteSurvivorship= 48.9792110631242
ICForagerLifespan= 10.4042040845379
ImmType= Exponential
AIAdultSlope= 1.77002887936542
AIAdultLD50= 0.2127657023957
AIAdultSlopeContact= 3.1918121092231
AIAdultLD50Contact= 0.0436958948266692
AILarvaSlope= 3.04176176209003
AILarvaLD50= 0.796987109701149
AIKOW= 4.32274874905124
AIKOC= 11.9006498146337
AIHalfLife= 4.44147678324953
EAppRate= 0
