ICQueenStrength= 3.16856241808273
RQWkrDrnRatio= 2.28900006972253
ICDroneMiteSurvivorship= 62.6756955171004
ICWorkerMiteSurvivorship= 22.3811531905085
ICForagerLifespan= 13.0970634752885
ImmType= Exponential
AIAdultSlope= 2.4345038109459
