ICQueenStrength= 5.16889508604072
RQWkrDrnRatio= 1.686643213965
ICDroneMiteSurvivorship= 37.3256252380088
ICWorkerMiteSurvivorship= 34.6750363940373
ICForagerLifespan= 11.8050240110606
ImmType= Exponential
AIAdultSlope= 3.25347070283024
AIAdultLD50= 0.232104273629375
AIAdultSlopeContact= 0.00492672669002786
AIAdultLD50Contact= 0.00743457104545087
AILarvaSlope= 2.11329869334586
AILarvaLD50= 0.69189708949998
AIKOW= 6.25102481013164
AIKOC= 14.9984929780476
AIHalfLife= 1.69106745277531
EAppRate= 0.1660258107353
