ICQueenStrength= 2.55122787109576
RQWkrDrnRatio= 1.06920228246599
ICDroneMiteSurvivorship= 7.42413380648941
ICWorkerMiteSurvivorship= 90.480697248131
ICForagerLifespan= 10.4211191283539
ImmType= Tangent
AIAdultSlope= 1.01061272183433
AIAdultLD50= 0.629685772117227
AIAdultSlopeContact= 2.51681310256943
AIAdultLD50Contact= 0.0061587696429342
AILarvaSlope= 3.26258057099767
AILarvaLD50= 0.290097788209096
AIKOW= 6.92795645352453
AIKOC= 7.3660296224989
AIHalfLife= 4.63958303397521
EAppRate= 0.270328447688371
