ICQueenStrength= 4.50624950509518
RQWkrDrnRatio= 1.08993188571185
