ICQueenStrength= 1.04315291647799
RQWkrDrnRatio= 2.60193387046456
ICDroneMiteSurvivorship= 91.135642840527
ICWorkerMiteSurvivorship= 69.1367846680805
ICForagerLifespan= 10.4535802556202
ImmType= Tangent
AIAdultSlope= 2.72029161068145
AIAdultLD50= 0.122850927175023
AIAdultSlopeContact= 3.07926874539116
AIAdultLD50Contact= 0.0234603184275329
AILarvaSlope= 0.758068769285455
AILarvaLD50= 0.680977482581511
AIKOW= 3.82610672293231
AIKOC= 13.4034734754823
AIHalfLife= 1.26506091677584
EAppRate= 0.090317317401059
