ICQueenStrength= 2.16683261818253
RQWkrDrnRatio= 3.25559913087636
ICDroneMiteSurvivorship= 30.356931919232
ICWorkerMiteSurvivorship= 98.4490445116535
ICForagerLifespan= 14.7317985007539
ImmType= Cosine
AIAdultSlope= 0.970288589056581
AIAdultLD50= 0.215145618421957
AIAdultSlopeContact= 3.03325311845401
AIAdultLD50Contact= 0.0353390224394389
AILarvaSlope= 1.22791989850812
AILarvaLD50= 0.130610786355101
AIKOW= 5.96383849764243
AIKOC= 21.8625041900668
AIHalfLife= 0.680706020211801
EAppRate= 0
