ICQueenStrength= 1.0624459667597
RQWkrDrnRatio= 3.04140648152679
ICDroneMiteSurvivorship= 47.010986157693
ICWorkerMiteSurvivorship= 40.2512896806002
ICForagerLifespan= 10.0022599510849
ImmType= Cosine
AIAdultSlope= 3.02176280257758
AIAdultLD50= 0.150088538764976
AIAdultSlopeContact= 2.61367159069749
AIAdultLD50Contact= 0.0494105450692587
AILarvaSlope= 1.61434522974305
AILarvaLD50= 0.545989630138502
AIKOW= 4.39237885316834
AIKOC= 20.8831783919595
AIHalfLife= 0.960264209425077
EAppRate= 0
