ICQueenStrength= 3.33602280379273
RQWkrDrnRatio= 2.54052300192416
ICDroneMiteSurvivorship= 61.9080227566883
ICWorkerMiteSurvivorship= 18.3103703893721
ICForagerLifespan= 8.06156428996474
ImmType= Logarithmic
AIAdultSlope= 0.536043986212462
AIAdultLD50= 0.086346716620028
AIAdultSlopeContact= 6.85105724260211
AIAdultLD50Contact= 0.102513480046764
AILarvaSlope= 9.13506678072736
AILarvaLD50= 0.0306897754780948
AIKOW= 12.4419634463266
AIKOC= 15.4849573038518
AIHalfLife= 13.1772414091974
EAppRate= 1.89864468900487
