ICQueenStrength= 2.36767346411943
RQWkrDrnRatio= 1.20451915450394
ICDroneMiteSurvivorship= 50.30261722859
ICWorkerMiteSurvivorship= 38.0015476839617
ICForagerLifespan= 13.8464601794258
ImmType= Polynomial
AIAdultSlope= 1.1951359618851
AIAdultLD50= 0.300872271880507
AIAdultSlopeContact= 0.451136558800936
AIAdultLD50Contact= 0.0271821634960361
AILarvaSlope= 0.106008604494855
AILarvaLD50= 0.0730245309881866
AIKOW= 4.61688078008592
AIKOC= 14.9562584364321
AIHalfLife= 3.0921966873575
EAppRate= 0
