ICQueenStrength= 1.90463065425865
RQWkrDrnRatio= 1.75898849312216
ICDroneMiteSurvivorship= 53.7320455536246
ICWorkerMiteSurvivorship= 84.5720941666514
ICForagerLifespan= 13.3925893902779
ImmType= Logarithmic
AIAdultSlopeContact= 1.4446852628421
AIAdultLD50Contact= 0.0122303803451359
AILarvaSlope= 0.841744380118325
AILarvaLD50= 0.694574510143139
AIKOW= 4.2874860111624
AIKOC= 11.4123215444852
AIHalfLife= 6.05328523460776
