ICQueenStrength= 4.67894657538272
RQWkrDrnRatio= 3.69409417174757
ICDroneMiteSurvivorship= 39.9954591412097
ICWorkerMiteSurvivorship= 6.38559814542532
ICForagerLifespan= 8.27609355002642
ImmType= Exponential
AIAdultSlopeContact= 0.213462060580496
AIAdultLD50Contact= 0.0304813374881633
AILarvaSlope= 0.0746442222036421
AILarvaLD50= 0.214702736609615
AIKOW= 5.37606432847679
AIKOC= 12.7474915771745
AIHalfLife= 1.6082323291339
