ICQueenStrength= 5.64844613103196
RQWkrDrnRatio= 2.63723710924387
ICDroneMiteSurvivorship= 87.7462334930897
ICWorkerMiteSurvivorship= 1.62077189888805
ICForagerLifespan= 4.90699456911534
ImmType= Logarithmic
AIAdultSlopeContact= 7.68609226215631
AIAdultLD50Contact= 0.136815915955231
AILarvaSlope= 5.33216156763956
AILarvaLD50= 0.687484864145517
AIKOW= 60.3126036934555
AIKOC= 75.0160061055794
AIHalfLife= 12.7368587269448
