ICQueenStrength= 4.15268023870885
RQWkrDrnRatio= 4.76478886511177
ICDroneMiteSurvivorship= 52.9898135922849
ICWorkerMiteSurvivorship= 25.5925632547587
ICForagerLifespan= 6.59389593917876
ImmType= Logarithmic
AIAdultSlope= 2.11602744092233
AIAdultLD50= 1.48998857662082
AIAdultSlopeContact= 0.468667279430665
AIAdultLD50Contact= 0.0251325548510067
AILarvaSlope= 2.30651138825342
AILarvaLD50= 0.39496874443721
AIKOW= 5.62009707186371
AIKOC= 22.5774828181602
AIHalfLife= 6.69451366784051
EAppRate= 0.232437145430595
