ICQueenStrength= 5.23630231176503
RQWkrDrnRatio= 2.52326325979084
ICDroneMiteSurvivorship= 77.9547133715823
ICWorkerMiteSurvivorship= 2.03107171691954
ICForagerLifespan= 13.6701937625185
ImmType= Logarithmic
AIAdultSlopeContact= 9.57228191196918
AIAdultLD50Contact= 0.157081017782912
AILarvaSlope= 4.41908218665048
AILarvaLD50= 0.123874810058624
AIKOW= 95.6056767143309
AIKOC= 68.8752356683835
AIHalfLife= 8.78828891599551
