ICQueenStrength= 3.89097628323361
RQWkrDrnRatio= 1.03676240053028
ICDroneMiteSurvivorship= 31.5057729138061
ICWorkerMiteSurvivorship= 70.5561144510284
ICForagerLifespan= 9.22238244209439
ImmType= Sine
AIAdultSlope= 1.35027806973085
