ICQueenStrength= 1.30822091503069
RQWkrDrnRatio= 1.2439403058961
ICDroneMiteSurvivorship= 88.5582359973341
ICWorkerMiteSurvivorship= 34.7614321159199
ICForagerLifespan= 4.0191312301904
ImmType= Cosine
AIAdultSlope= 3.87323015133385
AIAdultLD50= 0.397845076746307
AIAdultSlopeContact= 2.31837855316233
AIAdultLD50Contact= 0.0168282872182317
AILarvaSlope= 3.16679254407063
AILarvaLD50= 0.670488832890987
AIKOW= 4.27996515436098
AIKOC= 10.9607349103317
AIHalfLife= 4.80856297770515
EAppRate= 0.602222498762421
