ICQueenStrength= 2.14537150831893
RQWkrDrnRatio= 2.93612820375711
ICDroneMiteSurvivorship= 38.5731902671978
ICWorkerMiteSurvivorship= 81.4668965525925
ICForagerLifespan= 11.5509845800698
ImmType= Logarithmic
AIAdultSlopeContact= 1.81379928066395
AIAdultLD50Contact= 0.0411304978537373
AILarvaSlope= 1.62846861430444
AILarvaLD50= 0.104050222691149
AIKOW= 7.86080557573587
AIKOC= 20.2249833627138
AIHalfLife= 9.59685371955857
