ICQueenStrength= 3.62817449867725
RQWkrDrnRatio= 1.88711212389171
ICDroneMiteSurvivorship= 18.0883523542434
ICWorkerMiteSurvivorship= 90.5783652095124
ICForagerLifespan= 15.4618447488174
ImmType= Sine
AIAdultSlope= 2.54631662885658
AIAdultSlopeContact= 1.43816793271573
AIAdultLD50Contact= 0.00641368752112612
AILarvaSlope= 1.38601577314548
AILarvaLD50= 0.38869326361455
AIKOW= 6.29718360025436
AIKOC= 14.9564906267915
AIHalfLife= 9.64161902945489
