ICQueenStrength= 4.61853607697412
RQWkrDrnRatio= 1.6313995802775
ICDroneMiteSurvivorship= 40.6792582245544
ICWorkerMiteSurvivorship= 69.4283824414015
ICForagerLifespan= 15.9742354601622
ImmType= Exponential
AIAdultSlope= 0.177384495409206
AIAdultLD50= 1.61586128105409
AIAdultSlopeContact= 0.441945153046399
AIAdultLD50Contact= 0.03064764526207
AILarvaSlope= 0.687450518133119
AILarvaLD50= 0.760559644340537
AIKOW= 7.64096696255729
AIKOC= 25.5387487600092
AIHalfLife= 7.97414726857096
EAppRate= 0.4573508950416
