ICQueenStrength= 4.86626853607595
RQWkrDrnRatio= 2.98107716161758
ICDroneMiteSurvivorship= 89.7909075720236
ICWorkerMiteSurvivorship= 71.2484039133415
ICForagerLifespan= 10.5067594889551
ImmType= Tangent
AIAdultSlope= 3.41979483979521
AIAdultLD50= 0.212287274305709
AIAdultSlopeContact= 0.31722122099949
AIAdultLD50Contact= 0.0299499216373079
AILarvaSlope= 2.75707102073356
AILarvaLD50= 0.534983942122199
AIKOW= 6.8874597158283
AIKOC= 24.6836830349639
AIHalfLife= 4.7244446829427
EAppRate= 0.466145027801394
