ICQueenStrength= 4.28708276269026
RQWkrDrnRatio= 1.87517002411187
ICDroneMiteSurvivorship= 57.523809815757
ICWorkerMiteSurvivorship= 19.3160007707775
ICForagerLifespan= 12.9305687760934
ImmType= Tangent
AIAdultSlope= 0.75161392185837
AIAdultLD50= 0.959425155306235
AIAdultSlopeContact= 0.594300900399685
AIAdultLD50Contact= 0.0133630517520942
AILarvaSlope= 0.768198724091053
AILarvaLD50= 0.048781634378247
AIKOW= 5.834235353861
AIKOC= 22.7739369682968
AIHalfLife= 1.02617888152599
EAppRate= 0.467210630886257
