ICQueenStrength= 2.12344902008772
RQWkrDrnRatio= 4.19419693574309
ICDroneMiteSurvivorship= 92.3582083312795
ICWorkerMiteSurvivorship= 98.8626447273418
ICForagerLifespan= 12.6758801108226
ImmType= Exponential
AIAdultSlope= 1.34175403848756
AIAdultLD50= 0.49397874227725
AIAdultSlopeContact= 3.43275980355218
AIAdultLD50Contact= 0.0225339226075448
AILarvaSlope= 0.329507782449946
AILarvaLD50= 0.498434342374094
AIKOW= 3.51064476836473
AIKOC= 10.6144551956095
AIHalfLife= 4.27742499508895
EAppRate= 0.204389192140661
