ICQueenStrength= 1.74065943900496
RQWkrDrnRatio= 4.4640943761915
