ICQueenStrength= 4.12558737117797
RQWkrDrnRatio= 3.10838015843183
ICDroneMiteSurvivorship= 6.15832118783146
ICWorkerMiteSurvivorship= 86.0855677863583
ICForagerLifespan= 5.36052942276001
ImmType= Sine
AIAdultLD50= 0.154012839635834
AIAdultSlopeContact= 0.734491343975533
AIAdultLD50Contact= 0.0130499958526343
AILarvaSlope= 1.82902725473978
AILarvaLD50= 0.604131909529679
AIKOW= 6.36037001153454
AIKOC= 26.2042728322558
AIHalfLife= 0.98688253806904
EAppRate= 0.389540306758136
