ICQueenStrength= 2.04797556065023
RQWkrDrnRatio= 4.90511368587613
ICDroneMiteSurvivorship= 80.0451441435143
ICWorkerMiteSurvivorship= 77.3196865106001
ICForagerLifespan= 4.88847749773413
ImmType= Logarithmic
AIAdultSlope= 0.0444724949682131
AIAdultLD50= 0.466125954524614
AIAdultSlopeContact= 2.59593247416895
AIAdultLD50Contact= 0.00704683873336762
AILarvaSlope= 2.6882437559776
AILarvaLD50= 0.110202828794718
AIKOW= 3.83050565887243
AIKOC= 22.4311680835672
AIHalfLife= 3.33047786843963
EAppRate= 0.0576430256711319
