ICQueenStrength= 1.75449665309861
RQWkrDrnRatio= 4.25404565222561
ICDroneMiteSurvivorship= 43.1365281110629
ICWorkerMiteSurvivorship= 71.6293612727895
ICForagerLifespan= 13.5621197102591
ImmType= Sine
AIAdultSlope= 2.45700898114592
AIAdultLD50= 0.901810124283656
AIAdultSlopeContact= 8.74774343566969
AIAdultLD50Contact= 0.0540216468740255
AILarvaSlope= 4.07552058575675
AILarvaLD50= 0.337957796175033
AIKOW= 67.2968103084713
AIKOC= 73.4374203952029
AIHalfLife= 3.18396247038618
EAppRate= 1.00028811674565
