ICQueenStrength= 5.86463615787216
RQWkrDrnRatio= 2.10795738920569
ICDroneMiteSurvivorship= 5.91001075226814
ICWorkerMiteSurvivorship= 71.207241807133
ICForagerLifespan= 8.56232448201627
ImmType= Tangent
AIAdultLD50= 0.154012839635834
AIAdultSlopeContact= 3.34239686979912
AIAdultLD50Contact= 0.00774721000343561
AILarvaSlope= 0.296570444479585
AILarvaLD50= 0.640421049180441
AIKOW= 3.46335109090433
AIKOC= 23.3531404298265
AIHalfLife= 6.35139327589422
EAppRate= 1.38299691025168
