ICQueenStrength= 1.32113053719513
RQWkrDrnRatio= 2.33366807829589
ICDroneMiteSurvivorship= 7.15236379764974
ICWorkerMiteSurvivorship= 58.2686896901578
ICForagerLifespan= 9.03640662971884
ImmType= Sine
AIAdultSlope= 5.62698287190869
