ICQueenStrength= 1.70148589671589
RQWkrDrnRatio= 3.09666195698082
ICDroneMiteSurvivorship= 81.2504402827471
ICWorkerMiteSurvivorship= 40.7148029189557
ICForagerLifespan= 12.1976273041219
ImmType= Exponential
AIAdultSlope= 0.69979823580943
AIAdultLD50= 1.47884796559811
AIAdultSlopeContact= 0.471603485767264
AIAdultLD50Contact= 0.00598951901774853
AILarvaSlope= 1.72591376081109
AILarvaLD50= 0.797759803617373
AIKOW= 3.94672267697752
AIKOC= 27.9880978469737
AIHalfLife= 0.261907748878002
EAppRate= 0.193106743972749
