ICQueenStrength= 4.51600933005102
RQWkrDrnRatio= 4.18241299781948
ICDroneMiteSurvivorship= 38.9871542807668
ICWorkerMiteSurvivorship= 85.7925893040374
ICForagerLifespan= 10.9016941105947
ImmType= Sine
AIAdultSlope= 1.4234027553862
AIAdultLD50= 0.0196758364327252
AIAdultSlopeContact= 2.69904925175244
AIAdultLD50Contact= 0.00545312132453546
AILarvaSlope= 1.88307956252247
AILarvaLD50= 0.422582459030673
AIKOW= 5.81478037126362
AIKOC= 24.5004935376346
AIHalfLife= 2.53613708424382
EAppRate= 0.228978042071685
