ICQueenStrength= 4.4128611383494
RQWkrDrnRatio= 4.03609848488122
ICDroneMiteSurvivorship= 21.8182518379763
ICWorkerMiteSurvivorship= 89.5079601090401
ICForagerLifespan= 6.7667264631018
ImmType= Cosine
AIAdultSlope= 3.39217299551005
AIAdultLD50= 0.250157908187248
AIAdultSlopeContact= 2.44166146813659
AIAdultLD50Contact= 0.028352591546718
AILarvaSlope= 3.16550523648039
AILarvaLD50= 0.16800419962965
AIKOW= 6.79145790496841
AIKOC= 10.4456199810375
AIHalfLife= 0.227978279581293
EAppRate= 0
