ICQueenStrength= 3.00916230794974
RQWkrDrnRatio= 4.96742009278387
ICDroneMiteSurvivorship= 69.8420233558863
ICWorkerMiteSurvivorship= 58.8606369448826
ICForagerLifespan= 13.5708597637713
ImmType= Tangent
AIAdultSlope= 3.13707225043327
AIAdultLD50= 2.14057555329055
AIAdultSlopeContact= 3.69895430109696
AIAdultLD50Contact= 0.0465229551540688
AILarvaSlope= 1.52220829627477
AILarvaLD50= 0.424547600001097
AIKOW= 2.96342711243778
AIKOC= 16.9295534677804
AIHalfLife= 13.7397898854688
EAppRate= 0.763481769710779
