ICQueenStrength= 2.67040590196848
RQWkrDrnRatio= 2.4442344205454
ICDroneMiteSurvivorship= 43.0591269861907
ICWorkerMiteSurvivorship= 81.1099080136046
ICForagerLifespan= 8.37732240092009
ImmType= Cosine
AIAdultSlope= 3.15382349798456
AIAdultSlopeContact= 3.13091002121335
AIAdultLD50Contact= 0.00640616038581356
AILarvaSlope= 1.40017277481966
AILarvaLD50= 0.451908210664988
AIKOW= 6.37478557601571
AIKOC= 17.7968802116811
AIHalfLife= 5.6756925447844
