ICQueenStrength= 5.84159669023938
RQWkrDrnRatio= 3.84810204990208
ICDroneMiteSurvivorship= 3.85220737662166
ICWorkerMiteSurvivorship= 3.9109886623919
ICForagerLifespan= 5.73092285729945
ImmType= Tangent
AIAdultSlope= 1.81616915082559
AIAdultLD50= 1.29658603901044
AIAdultSlopeContact= 0.865493274189066
AIAdultLD50Contact= 0.0157927626860328
AILarvaSlope= 2.95712124528363
AILarvaLD50= 0.279569040751085
AIKOW= 7.50548915099353
AIKOC= 10.6633082043845
AIHalfLife= 1.71087768487632
EAppRate= 0.214621067047119
