ICQueenStrength= 5.16423969669268
RQWkrDrnRatio= 4.37900120485574
ICDroneMiteSurvivorship= 75.4911415278912
ICWorkerMiteSurvivorship= 90.2812092332169
ICForagerLifespan= 5.58179310616106
ImmType= Polynomial
AIAdultSlope= 1.24419728773646
AIAdultLD50= 0.681802491657436
AIAdultSlopeContact= 2.51560732821235
AIAdultLD50Contact= 0.0325327331316657
AILarvaSlope= 0.911624540667981
AILarvaLD50= 0.690153324231505
AIKOW= 2.79893303243443
AIKOC= 10.0049735466018
AIHalfLife= 5.56471297284588
EAppRate= 0.99939278094098
