ICQueenStrength= 4.29318205709569
RQWkrDrnRatio= 2.72349409293383
ICDroneMiteSurvivorship= 80.9633498080075
ICWorkerMiteSurvivorship= 38.0747560178861
ICForagerLifespan= 15.0419640298933
ImmType= Sine
AIAdultSlope= 0.39303279575659
AIAdultLD50= 0.303397333831526
AIAdultSlopeContact= 1.68254532161169
AIAdultLD50Contact= 0.0306386896409094
AILarvaSlope= 2.83867712724023
AILarvaLD50= 0.55811421694234
AIKOW= 6.51870068255812
AIKOC= 20.3200736967847
AIHalfLife= 1.94233034504578
EAppRate= 0.503776546544395
