ICQueenStrength= 2.25919288140722
RQWkrDrnRatio= 2.75421934295446
ICDroneMiteSurvivorship= 15.7066034385934
ICWorkerMiteSurvivorship= 11.3678362686187
ICForagerLifespan= 5.01147290784866
ImmType= Polynomial
AIAdultSlopeContact= 3.70439575098921
AIAdultLD50Contact= 0.0213062251685187
AILarvaSlope= 1.67963428110816
AILarvaLD50= 0.837368479091674
AIKOW= 6.39743747655302
AIKOC= 25.9674060868565
AIHalfLife= 4.52131400909275
