ICQueenStrength= 4.84333053021692
RQWkrDrnRatio= 3.89422158896923
ICDroneMiteSurvivorship= 29.6364180510864
ICWorkerMiteSurvivorship= 39.1043730545789
ICForagerLifespan= 5.33825208153576
ImmType= Tangent
AIAdultSlope= 0.968271206738427
AIAdultLD50= 2.05021814187057
AIAdultSlopeContact= 1.199243566941
AIAdultLD50Contact= 0.0371502290247008
AILarvaSlope= 3.28422774341889
AILarvaLD50= 0.304328610445373
AIKOW= 6.01508695399389
AIKOC= 22.7413061202969
AIHalfLife= 8.81398611655459
EAppRate= 0.214508891804144
