ICQueenStrength= 3.86911661387421
RQWkrDrnRatio= 4.03867117781192
ICDroneMiteSurvivorship= 62.9650274757296
ICWorkerMiteSurvivorship= 55.6111823534593
ICForagerLifespan= 8.48122749011964
ImmType= Tangent
AIAdultSlope= 1.0949676720961
AIAdultLD50= 0.361875905422494
AIAdultSlopeContact= 1.0890947351139
AIAdultLD50Contact= 0.0319345469004475
AILarvaSlope= 0.149102878198028
AILarvaLD50= 0.372071314277127
AIKOW= 7.66609523771331
AIKOC= 17.1781167690642
AIHalfLife= 3.54831455508247
EAppRate= 0
