ICQueenStrength= 5.65718513238244
RQWkrDrnRatio= 2.9610305223614
ICDroneMiteSurvivorship= 66.5538663277403
ICWorkerMiteSurvivorship= 36.8540736613795
ICForagerLifespan= 12.1340456819162
ImmType= Exponential
AIAdultLD50= 0.154012839635834
AIAdultSlopeContact= 0.741140869511291
AIAdultLD50Contact= 0.0211697096703574
AILarvaSlope= 2.89249361809343
AILarvaLD50= 0.404941851343028
AIKOW= 7.08287226594985
AIKOC= 24.5931610302068
AIHalfLife= 10.0902863196097
EAppRate= 1.51994364103302
