ICQueenStrength= 4.19396704551764
RQWkrDrnRatio= 4.32323479745537
ICDroneMiteSurvivorship= 47.4361720960587
ICWorkerMiteSurvivorship= 62.6021584495902
ICForagerLifespan= 11.825272358954
ImmType= Sine
AIAdultSlope= 2.91135096253362
AIAdultLD50= 0.23409866518341
AIAdultSlopeContact= 0.928086023556534
AIAdultLD50Contact= 0.00936426913831383
AILarvaSlope= 1.66133874813095
AILarvaLD50= 0.68423652453348
AIKOW= 2.84628913551569
AIKOC= 25.0742919230834
AIHalfLife= 4.06880636699498
EAppRate= 0.570289767254144
