ICQueenStrength= 4.89914218219928
RQWkrDrnRatio= 1.95386786200106
ICDroneMiteSurvivorship= 62.3752143466845
ICWorkerMiteSurvivorship= 4.39029210247099
ICForagerLifespan= 9.04647893086076
ImmType= Logarithmic
AIAdultSlopeContact= 2.52616368414368
AIAdultLD50Contact= 0.0348289355635643
AILarvaSlope= 2.46690133358352
AILarvaLD50= 0.726011970592663
AIKOW= 4.66320608789101
AIKOC= 15.0478948384989
AIHalfLife= 7.4194196104072
