ICQueenStrength= 2.76862107240595
RQWkrDrnRatio= 4.2724039433524
ICDroneMiteSurvivorship= 12.9624141845852
ICWorkerMiteSurvivorship= 71.9064184231684
ICForagerLifespan= 12.9501754473895
ImmType= Exponential
AIAdultSlope= 2.66821415992454
AIAdultLD50= 2.88694936456159
AIAdultSlopeContact= 3.53558343292912
AIAdultLD50Contact= 0.00870360289700329
AILarvaSlope= 3.1793904775288
AILarvaLD50= 0.709404574334621
AIKOW= 6.33174976427108
AIKOC= 15.4053435730748
AIHalfLife= 3.54050249746069
EAppRate= 0.748936901334673
