ICQueenStrength= 5.8195261717774
RQWkrDrnRatio= 1.94331647548825
ICDroneMiteSurvivorship= 48.2788053574041
ICWorkerMiteSurvivorship= 81.3225811813027
ICForagerLifespan= 9.74600388947874
ImmType= Exponential
AIAdultSlope= 1.09220749449916
AIAdultLD50= 0.0104161177296191
AIAdultSlopeContact= 1.34033433141885
AIAdultLD50Contact= 0.02423498602584
AILarvaSlope= 0.758358146715909
AILarvaLD50= 0.00632586108986288
AIKOW= 5.51937958132476
AIKOC= 5.58702874230221
AIHalfLife= 3.80664392723702
EAppRate= 0.600920881144702
