ICQueenStrength= 1.84855265449733
RQWkrDrnRatio= 3.67356770578772
ICDroneMiteSurvivorship= 37.5475972192362
ICWorkerMiteSurvivorship= 84.135954012163
ICForagerLifespan= 7.19484292995185
ImmType= Cosine
AIAdultSlope= 0.993987142571714
AIAdultLD50= 0.287726659444161
AIAdultSlopeContact= 1.83860226683551
AIAdultLD50Contact= 0.0225644231424667
AILarvaSlope= 1.72985904398374
AILarvaLD50= 0.466711703175679
AIKOW= 6.21729105291888
AIKOC= 13.9703404344618
AIHalfLife= 1.0807319637388
EAppRate= 0.176287956838496
