ICQueenStrength= 2.33618909516372
RQWkrDrnRatio= 1.45705662574619
ICDroneMiteSurvivorship= 71.924587409012
ICWorkerMiteSurvivorship= 17.3295843647793
ICForagerLifespan= 9.16364852432162
ImmType= Polynomial
AIAdultSlope= 4.68843526439741
