ICQueenStrength= 3.04870562651195
RQWkrDrnRatio= 1.5492702331394
ICDroneMiteSurvivorship= 73.9162938203663
ICWorkerMiteSurvivorship= 21.7177556362003
ICForagerLifespan= 15.4775715712458
ImmType= Sine
AIAdultSlope= 6.16532783256844
AIAdultLD50= 0.891217886470258
AIAdultSlopeContact= 2.15827153064311
AIAdultLD50Contact= 0.125333435833454
AILarvaSlope= 9.03292184928432
AILarvaLD50= 1.74126270553097
AIKOW= 12.8850424429402
AIKOC= 41.9915733393282
AIHalfLife= 10.453008285258
EAppRate= 0.593119521159679
