ICQueenStrength= 5.53038609819487
RQWkrDrnRatio= 2.29438106250018
ICDroneMiteSurvivorship= 86.8500708602369
ICWorkerMiteSurvivorship= 63.836726709269
ICForagerLifespan= 12.5105648459867
ImmType= Sine
AIAdultSlope= 2.58244565093424
AIAdultLD50= 0.102315197465941
AIAdultSlopeContact= 3.49292546160053
AIAdultLD50Contact= 0.0273783557699062
AILarvaSlope= 0.547389390924945
AILarvaLD50= 0.370250714826398
AIKOW= 7.66109282989055
AIKOC= 20.6907934113406
AIHalfLife= 0.276639314834028
EAppRate= 0.492343824310228
