ICQueenStrength= 2.02309782523662
RQWkrDrnRatio= 2.40175158251077
ICDroneMiteSurvivorship= 71.882535610348
ICWorkerMiteSurvivorship= 60.1154149044305
ICForagerLifespan= 15.1790358824655
ImmType= Polynomial
AIAdultSlope= 0.95497117782943
AIAdultLD50= 1.02636147430167
AIAdultSlopeContact= 2.21062096657231
AIAdultLD50Contact= 0.0439547287183814
AILarvaSlope= 0.997930092504248
AILarvaLD50= 0.13549254485406
AIKOW= 6.26834503794089
AIKOC= 22.4937160219997
AIHalfLife= 1.53145154612139
EAppRate= 0.44709541159682
