ICQueenStrength= 1.94247561297379
RQWkrDrnRatio= 3.06808176357299
ICDroneMiteSurvivorship= 57.2832811856642
ICWorkerMiteSurvivorship= 12.4167550588027
ICForagerLifespan= 9.03309744317085
ImmType= Sine
AIAdultSlope= 0.522264253813773
