ICQueenStrength= 4.60324236215092
RQWkrDrnRatio= 1.10572010744363
ICDroneMiteSurvivorship= 69.3586883367971
ICWorkerMiteSurvivorship= 18.2534268824384
ICForagerLifespan= 4.69510791637003
ImmType= Cosine
AIAdultSlopeContact= 0.00183148636249825
AIAdultLD50Contact= 0.0304312305292115
AILarvaSlope= 2.81796814980917
AILarvaLD50= 0.494780185050331
AIKOW= 6.82636119332165
AIKOC= 26.768224571133
AIHalfLife= 13.5399740599096
