ICQueenStrength= 1.81917042960413
RQWkrDrnRatio= 2.98223227448761
ICDroneMiteSurvivorship= 5.54327063728124
ICWorkerMiteSurvivorship= 10.1091102464125
ICForagerLifespan= 4.07492907065898
ImmType= Polynomial
AIAdultSlope= 2.55894185751677
AIAdultSlopeContact= 2.67755220309366
AIAdultLD50Contact= 0.0337215885403566
AILarvaSlope= 1.19967391230166
AILarvaLD50= 0.356944639468566
AIKOW= 4.98615280818194
AIKOC= 29.8279181367252
AIHalfLife= 1.96471926989034
