ICQueenStrength= 1.04942396422848
RQWkrDrnRatio= 4.52776012197137
ICDroneMiteSurvivorship= 43.7265232438222
ICWorkerMiteSurvivorship= 58.8637339416891
ICForagerLifespan= 7.43313910160214
ImmType= Logarithmic
AIAdultSlope= 3.6318033822393
AIAdultLD50= 0.472328967996873
AIAdultSlopeContact= 0.268974979533814
AIAdultLD50Contact= 0.0160522057674825
AILarvaSlope= 1.10141752357595
AILarvaLD50= 0.720415376359597
AIKOW= 6.17736585764214
AIKOC= 20.633161761798
AIHalfLife= 2.71919437800534
EAppRate= 0.147793380799703
