ICQueenStrength= 5.40752303227782
RQWkrDrnRatio= 1.59318767488003
ICDroneMiteSurvivorship= 93.9553874079138
ICWorkerMiteSurvivorship= 29.1651052189991
ICForagerLifespan= 5.17407077364624
ImmType= Logarithmic
AIAdultSlope= 6.85040003852919
