ICQueenStrength= 3.62071455363184
RQWkrDrnRatio= 4.20905467588454
ICDroneMiteSurvivorship= 8.76755218487233
ICWorkerMiteSurvivorship= 90.5001143692061
ICForagerLifespan= 5.64193856995553
ImmType= Tangent
AIAdultSlope= 3.73788327611284
AIAdultLD50= 0.152194131514989
AIAdultSlopeContact= 1.767620204743
AIAdultLD50Contact= 0.00768963695736602
AILarvaSlope= 1.73409650297835
AILarvaLD50= 0.860995618253946
AIKOW= 5.39188071573153
AIKOC= 8.51206971681677
AIHalfLife= 3.82987939286977
EAppRate= 0.371190405869856
