ICQueenStrength= 5.64444324024953
RQWkrDrnRatio= 3.98697496857494
ICDroneMiteSurvivorship= 75.971889984794
ICWorkerMiteSurvivorship= 9.77272009477019
ICForagerLifespan= 13.0372109590098
ImmType= Tangent
AIAdultLD50= 0.154012839635834
AIAdultSlopeContact= 3.5198430500133
AIAdultLD50Contact= 0.0152366935857572
AILarvaSlope= 2.22949652392417
AILarvaLD50= 0.222949006129056
AIKOW= 3.1551589788869
AIKOC= 12.8892663994338
AIHalfLife= 12.5261875642464
EAppRate= 1.48225783696398
