ICQueenStrength= 3.79605186893605
RQWkrDrnRatio= 1.8513737488538
ICDroneMiteSurvivorship= 47.8080970235169
ICWorkerMiteSurvivorship= 25.5386237986386
ICForagerLifespan= 12.3908529598266
ImmType= Polynomial
AIAdultSlope= 0.191872916882858
AIAdultLD50= 0.771956104086712
AIAdultSlopeContact= 3.69786828056211
AIAdultLD50Contact= 0.0075886704493314
AILarvaSlope= 3.32594812326133
AILarvaLD50= 0.509749658103101
AIKOW= 3.77640994824469
AIKOC= 5.98680660594255
AIHalfLife= 7.22867676010355
EAppRate= 0.0895171898882836
