ICQueenStrength= 1.34095586859621
RQWkrDrnRatio= 2.4360539726913
ICDroneMiteSurvivorship= 4.44363062269986
ICWorkerMiteSurvivorship= 83.424770925194
ICForagerLifespan= 5.57587551046163
ImmType= Tangent
AIAdultSlope= 3.16575614176691
AIAdultSlopeContact= 1.43265006272821
AIAdultLD50Contact= 0.0315426250104792
AILarvaSlope= 2.1530151090119
AILarvaLD50= 0.174661083868705
AIKOW= 4.16500491602346
AIKOC= 18.9823249075562
AIHalfLife= 6.30583142349496
