ICQueenStrength= 3.13182285428047
RQWkrDrnRatio= 2.66776943951845
ICDroneMiteSurvivorship= 32.0517343468964
ICWorkerMiteSurvivorship= 20.7102760206908
ICForagerLifespan= 14.1932676341385
ImmType= Polynomial
AIAdultSlopeContact= 5.29730221489444
AIAdultLD50Contact= 0.0566306625492871
AILarvaSlope= 1.31027303868905
AILarvaLD50= 1.80779440281913
AIKOW= 66.0573179833591
AIKOC= 72.9949014727026
AIHalfLife= 3.82668700162321
