ICQueenStrength= 5.27373268990777
RQWkrDrnRatio= 1.12817876879126
ICDroneMiteSurvivorship= 50.1515130046755
ICWorkerMiteSurvivorship= 38.9955807477236
ICForagerLifespan= 6.53098337724805
ImmType= Exponential
AIAdultSlope= 0.0528307651635259
AIAdultLD50= 1.1396243555937
AIAdultSlopeContact= 0.22851153874537
AIAdultLD50Contact= 0.0200003628851846
AILarvaSlope= 2.17653354723006
AILarvaLD50= 0.261075128079392
AIKOW= 5.22936964593828
AIKOC= 17.7032180782408
AIHalfLife= 12.2670375006273
EAppRate= 0.300107782008126
