ICQueenStrength= 1.60359506634995
RQWkrDrnRatio= 3.84225474670529
ICDroneMiteSurvivorship= 90.0166235165671
ICWorkerMiteSurvivorship= 75.5892857676372
ICForagerLifespan= 8.40396686177701
ImmType= Sine
AIAdultSlope= 0.36953870811034
AIAdultLD50= 0.247583173564635
AIAdultSlopeContact= 1.47694588935468
AIAdultLD50Contact= 0.00851171804824844
AILarvaSlope= 1.46547384224832
AILarvaLD50= 0.469197916262783
AIKOW= 4.65652304841205
AIKOC= 8.50343364989385
AIHalfLife= 0.379327018745244
EAppRate= 0.478440673742443
