ICQueenStrength= 4.80112741258927
RQWkrDrnRatio= 1.82835943251848
ICDroneMiteSurvivorship= 15.1297922711819
ICWorkerMiteSurvivorship= 74.7772022150457
ICForagerLifespan= 7.29231799021363
ImmType= Tangent
AIAdultSlope= 2.61372898468981
AIAdultLD50= 0.00424180715344846
AIAdultSlopeContact= 2.19231308366871
AIAdultLD50Contact= 0.0177435877267271
AILarvaSlope= 2.92231730893254
AILarvaLD50= 0.348612671694718
AIKOW= 3.05789955705404
AIKOC= 8.86771688936278
AIHalfLife= 4.18845112319104
EAppRate= 0.0500393624184653
