ICQueenStrength= 3.118266064208
RQWkrDrnRatio= 1.62145577277988
ICDroneMiteSurvivorship= 50.1026275800541
ICWorkerMiteSurvivorship= 63.8732965802774
ICForagerLifespan= 11.8185361754149
ImmType= Tangent
AIAdultSlope= 2.06837395251961
AIAdultLD50= 0.0432333879871294
AIAdultSlopeContact= 0.8095747239911
AIAdultLD50Contact= 0.0453753281268291
AILarvaSlope= 3.14600964002311
AILarvaLD50= 0.599263196415268
AIKOW= 5.81759503250942
AIKOC= 13.0206546816044
AIHalfLife= 2.15376747073606
EAppRate= 0.0288961189799011
