ICQueenStrength= 3.99168892903253
RQWkrDrnRatio= 1.30122813675553
ICDroneMiteSurvivorship= 73.5788397490978
ICWorkerMiteSurvivorship= 7.61900302022696
ICForagerLifespan= 14.9509848663583
ImmType= Cosine
AIAdultSlope= 0.568684902212117
AIAdultLD50= 0.0262309118406847
AIAdultSlopeContact= 0.436149958369788
AIAdultLD50Contact= 0.0429157499107532
AILarvaSlope= 1.46816477552056
AILarvaLD50= 0.164549072482623
AIKOW= 5.90722668357193
AIKOC= 6.07497834833339
AIHalfLife= 4.09515701932833
EAppRate= 0
