ICQueenStrength= 5.76890885620378
RQWkrDrnRatio= 2.75638580881059
ICDroneMiteSurvivorship= 81.4012978458777
ICWorkerMiteSurvivorship= 33.0236287554726
ICForagerLifespan= 8.97205739282072
ImmType= Polynomial
AIAdultLD50= 0.154012839635834
AIAdultSlopeContact= 1.37627385848667
AIAdultLD50Contact= 0.00394336364697665
AILarvaSlope= 2.46977993166074
AILarvaLD50= 0.75793999156449
AIKOW= 2.72374876495451
AIKOC= 27.844692558283
AIHalfLife= 6.68910125596449
EAppRate= 0.581361525692046
