ICQueenStrength= 1.88023372576572
RQWkrDrnRatio= 1.88659484311938
ICDroneMiteSurvivorship= 51.8010062165558
ICWorkerMiteSurvivorship= 24.4848292088136
ICForagerLifespan= 15.5955692576244
ImmType= Tangent
AIAdultSlope= 2.75855196039192
AIAdultLD50= 0.760111873503774
AIAdultSlopeContact= 0.649113434033934
AIAdultLD50Contact= 0.00607002259930596
AILarvaSlope= 1.10041038603522
AILarvaLD50= 0.193856271193363
AIKOW= 3.13384163798764
AIKOC= 21.6204225155525
AIHalfLife= 2.69771236833185
EAppRate= 0.344743246911094
