ICQueenStrength= 2.40008698450401
RQWkrDrnRatio= 3.23049869202077
ICDroneMiteSurvivorship= 85.2027400629595
ICWorkerMiteSurvivorship= 41.9812594540417
ICForagerLifespan= 10.1868011532351
ImmType= Polynomial
AIAdultSlope= 0.132742294017226
AIAdultLD50= 2.7315592977684
AIAdultSlopeContact= 0.615182495391928
AIAdultLD50Contact= 0.00258550965227187
AILarvaSlope= 1.7923375072889
AILarvaLD50= 0.35531977401115
AIKOW= 3.55442570196465
AIKOC= 27.1938139235135
AIHalfLife= 0.848242882173508
EAppRate= 0.385789649561048
