ICQueenStrength= 1.26834189426154
RQWkrDrnRatio= 1.08933158311993
ICDroneMiteSurvivorship= 90.1686955243349
ICWorkerMiteSurvivorship= 69.0012573031709
ICForagerLifespan= 15.345295435749
ImmType= Exponential
AIAdultSlope= 1.72579873959767
AIAdultLD50= 0.00770817033480853
AIAdultSlopeContact= 1.88670755244792
AIAdultLD50Contact= 0.0473780064610764
AILarvaSlope= 3.23376657860354
AILarvaLD50= 0.688575135706924
AIKOW= 3.52400145959109
AIKOC= 17.7790441387333
AIHalfLife= 0.147766909794882
EAppRate= 0.28242317896802
