ICQueenStrength= 4.03292467491701
RQWkrDrnRatio= 1.99264865834266
ICDroneMiteSurvivorship= 91.7399116558954
ICWorkerMiteSurvivorship= 13.0387646378949
ICForagerLifespan= 13.2624384947121
ImmType= Sine
AIAdultSlope= 0.896053026104346
AIAdultLD50= 1.51893697259948
AIAdultSlopeContact= 1.57163382424274
AIAdultLD50Contact= 0.046091401646845
AILarvaSlope= 1.44489590395242
AILarvaLD50= 0.867067513125949
AIKOW= 5.16973119787872
AIKOC= 13.5955382091925
AIHalfLife= 8.42472484800965
EAppRate= 0.505921452771872
