ICQueenStrength= 5.70019436790608
RQWkrDrnRatio= 1.83330757077783
ICDroneMiteSurvivorship= 20.4258383018896
ICWorkerMiteSurvivorship= 68.782015168108
ICForagerLifespan= 11.5582140665501
ImmType= Logarithmic
AIAdultSlope= 8.99291164241731
