ICQueenStrength= 2.70214512036182
RQWkrDrnRatio= 3.74192992504686
ICDroneMiteSurvivorship= 33.2478586351499
ICWorkerMiteSurvivorship= 65.1385563192889
ICForagerLifespan= 9.25347993709147
ImmType= Polynomial
AIAdultSlope= 0.922132807821035
AIAdultLD50= 0.0678513244492933
AIAdultSlopeContact= 0.591802492076531
AIAdultLD50Contact= 0.0436173467547633
AILarvaSlope= 2.22614335664548
AILarvaLD50= 0.374394654412754
AIKOW= 2.7154232817702
AIKOC= 21.0531407920644
AIHalfLife= 2.18066799803637
EAppRate= 0
