ICQueenStrength= 4.04396205465309
RQWkrDrnRatio= 3.45070477668196
ICDroneMiteSurvivorship= 15.662171272561
ICWorkerMiteSurvivorship= 53.8737286347896
ICForagerLifespan= 4.89559119101614
ImmType= Tangent
AIAdultSlope= 2.37012546733022
AIAdultLD50= 0.616287081269547
AIAdultSlopeContact= 0.952510151183233
AIAdultLD50Contact= 0.0045044994680211
AILarvaSlope= 2.36537576019764
AILarvaLD50= 0.638275769166648
AIKOW= 6.24290888709947
AIKOC= 23.167340621585
AIHalfLife= 1.10077742766589
EAppRate= 0.33459807978943
