ICQueenStrength= 1.13991764746606
RQWkrDrnRatio= 3.18933384027332
ICDroneMiteSurvivorship= 29.482742655091
ICWorkerMiteSurvivorship= 16.5325430454686
ICForagerLifespan= 7.24741004686803
ImmType= Polynomial
AIAdultSlope= 0.136578711448237
AIAdultLD50= 2.80495099537075
AIAdultSlopeContact= 3.70832446968416
AIAdultLD50Contact= 0.0109532480477355
AILarvaSlope= 0.719872307684272
AILarvaLD50= 0.311803938704543
AIKOW= 3.52433200972155
AIKOC= 26.8431729648728
AIHalfLife= 0.267271924763918
EAppRate= 0.815346054034308
