ICQueenStrength= 4.92688354011625
RQWkrDrnRatio= 1.48643579985946
ICDroneMiteSurvivorship= 28.2815820770338
ICWorkerMiteSurvivorship= 21.3597024092451
ICForagerLifespan= 5.41220488399267
ImmType= Exponential
AIAdultSlope= 2.64168283643899
AIAdultLD50= 0.426109552965499
AIAdultSlopeContact= 3.27164554667193
AIAdultLD50Contact= 0.00855667582945898
AILarvaSlope= 1.77061830339953
AILarvaLD50= 0.322606725152582
AIKOW= 4.26404721057042
AIKOC= 22.4065541417804
AIHalfLife= 1.99547093594447
EAppRate= 0.496545418631285
