ICQueenStrength= 5.48335681576282
RQWkrDrnRatio= 2.75403613597155
ICDroneMiteSurvivorship= 66.8526480672881
ICWorkerMiteSurvivorship= 0.671103107742965
ICForagerLifespan= 10.3077069213614
ImmType= Polynomial
AIAdultSlope= 0.128172887209803
AIAdultLD50= 2.76680492400192
AIAdultSlopeContact= 0.337885776772164
AIAdultLD50Contact= 0.0256235184147954
AILarvaSlope= 0.291996945766732
AILarvaLD50= 0.801574149378575
AIKOW= 3.3905968782492
AIKOC= 26.3986610644497
AIHalfLife= 4.98496247921139
EAppRate= 0.987049675313756
