ICQueenStrength= 3.9231342615094
RQWkrDrnRatio= 3.37165765371174
ICDroneMiteSurvivorship= 94.254232221283
ICWorkerMiteSurvivorship= 89.7842034930363
ICForagerLifespan= 13.8219492090866
ImmType= Polynomial
AIAdultSlope= 2.99651559023187
AIAdultLD50= 2.34623309830204
AIAdultSlopeContact= 3.68540748428553
AIAdultLD50Contact= 0.0471463737310842
AILarvaSlope= 2.0195038724225
AILarvaLD50= 0.855340623110533
AIKOW= 5.70258881524205
AIKOC= 12.2913572075777
AIHalfLife= 3.79380715964362
EAppRate= 0.454818551894277
