ICQueenStrength= 5.33279413962737
RQWkrDrnRatio= 3.82269204314798
ICDroneMiteSurvivorship= 93.8174778129905
ICWorkerMiteSurvivorship= 53.3335658023134
ICForagerLifespan= 6.35213784035295
ImmType= Cosine
AIAdultSlope= 0.876372522069141
AIAdultLD50= 1.49445195472799
AIAdultSlopeContact= 3.87738379218383
AIAdultLD50Contact= 0.0351978547521867
AILarvaSlope= 0.23360250252299
AILarvaLD50= 0.117993190675043
AIKOW= 5.38483502203599
AIKOC= 7.83498000935651
AIHalfLife= 8.83704941952601
EAppRate= 0.490341507829726
