ICQueenStrength= 3.23265364952385
RQWkrDrnRatio= 4.27694020792842
