ICQueenStrength= 1.35957528743893
RQWkrDrnRatio= 4.4984983978793
ICDroneMiteSurvivorship= 71.0584125248715
ICWorkerMiteSurvivorship= 34.3172564636916
ICForagerLifespan= 14.5237080231309
ImmType= Sine
AIAdultSlope= 2.96077147903852
AIAdultLD50= 0.348432558355853
AIAdultSlopeContact= 3.24083147404483
AIAdultLD50Contact= 0.0223692908533849
AILarvaSlope= 1.85262850159779
AILarvaLD50= 0.198827402363531
AIKOW= 4.08171236002818
AIKOC= 8.32407638197765
AIHalfLife= 4.29871437419206
EAppRate= 0.723538667429239
