ICQueenStrength= 2.45967400516383
RQWkrDrnRatio= 3.20026393793523
ICDroneMiteSurvivorship= 4.86053430940956
ICWorkerMiteSurvivorship= 40.6757127027959
ICForagerLifespan= 8.74836139846593
ImmType= Cosine
AIAdultSlope= 2.28978237164905
AIAdultLD50= 0.387377125676721
AIAdultSlopeContact= 3.89630000986392
AIAdultLD50Contact= 0.0395557476673275
AILarvaSlope= 0.0604286110494286
AILarvaLD50= 0.221035178541206
AIKOW= 7.35687767947093
AIKOC= 14.0209741902072
AIHalfLife= 3.53530021151528
EAppRate= 0.34565774241928
