ICQueenStrength= 2.32687555858865
RQWkrDrnRatio= 1.17730416823179
ICDroneMiteSurvivorship= 17.0619364827871
ICWorkerMiteSurvivorship= 29.2488318635151
ICForagerLifespan= 5.55797064490616
ImmType= Tangent
AIAdultSlope= 1.42841862882487
AIAdultLD50= 1.74859296879731
AIAdultSlopeContact= 0.379269170311745
AIAdultLD50Contact= 0.00639636443229392
AILarvaSlope= 1.50645242985338
AILarvaLD50= 0.649140382418409
AIKOW= 2.45669414103031
AIKOC= 8.68546362151392
AIHalfLife= 12.6822338672355
EAppRate= 0.286324687534943
