ICQueenStrength= 5.21417947392911
RQWkrDrnRatio= 4.37383858952671
ICDroneMiteSurvivorship= 23.8319404423237
ICWorkerMiteSurvivorship= 1.91827027592808
ICForagerLifespan= 5.67813389096409
ImmType= Cosine
AIAdultSlope= 1.59364783931524
AIAdultLD50= 1.63520835153759
AIAdultSlopeContact= 2.48995334919076
AIAdultLD50Contact= 0.0118623226298951
AILarvaSlope= 2.74594334554858
AILarvaLD50= 0.642134728655219
AIKOW= 7.03194211516529
AIKOC= 19.856275258353
AIHalfLife= 12.0221485062502
EAppRate= 0.824030566727743
