ICQueenStrength= 4.1943331216462
RQWkrDrnRatio= 2.27326542325318
ICDroneMiteSurvivorship= 89.0107288723812
ICWorkerMiteSurvivorship= 43.1936743902043
ICForagerLifespan= 10.849675251171
ImmType= Polynomial
AIAdultSlope= 1.66794558344409
AIAdultLD50= 2.02826035581529
AIAdultSlopeContact= 3.59496425256366
AIAdultLD50Contact= 0.0206606316613033
AILarvaSlope= 2.63031020266935
AILarvaLD50= 0.0662616732995957
AIKOW= 2.54751379135996
AIKOC= 7.16761875781231
AIHalfLife= 3.32779741752893
EAppRate= 0.132990688551217
