ICQueenStrength= 5.78264210978523
RQWkrDrnRatio= 1.11878108419478
ICDroneMiteSurvivorship= 84.4292192719877
ICWorkerMiteSurvivorship= 52.6081460528076
ICForagerLifespan= 8.37704514432698
ImmType= Exponential
AIAdultSlope= 2.81870904196985
AIAdultLD50= 0.792556607862934
AIAdultSlopeContact= 2.28060765685514
AIAdultLD50Contact= 0.0239696882548742
AILarvaSlope= 2.64295094003901
AILarvaLD50= 0.595024542789906
AIKOW= 7.18668760871515
AIKOC= 21.0603619879112
AIHalfLife= 3.17383206496015
EAppRate= 0.0483545504976064
