ICQueenStrength= 4.44200572697446
RQWkrDrnRatio= 4.4509012857452
ICDroneMiteSurvivorship= 15.8297954825684
ICWorkerMiteSurvivorship= 54.9946329090744
ICForagerLifespan= 8.21080629434437
ImmType= Tangent
AIAdultSlope= 0.488643477624282
AIAdultLD50= 0.238553800620139
AIAdultSlopeContact= 1.35828424212523
AIAdultLD50Contact= 0.0159447813872248
AILarvaSlope= 2.65444406378083
AILarvaLD50= 0.708486989163794
AIKOW= 6.09762516524643
AIKOC= 9.47030768846162
AIHalfLife= 1.94193496834487
EAppRate= 0.238515316043049
