ICQueenStrength= 4.48179359571077
RQWkrDrnRatio= 1.08855259045959
ICDroneMiteSurvivorship= 50.9464603383094
ICWorkerMiteSurvivorship= 46.6331230010837
ICForagerLifespan= 14.8400986492634
ImmType= Cosine
AIAdultLD50= 0.154012839635834
AIAdultSlopeContact= 0.932802269922104
AIAdultLD50Contact= 0.000887092913035303
AILarvaSlope= 1.10831949380226
AILarvaLD50= 0.190922641963698
AIKOW= 4.19467968633398
AIKOC= 9.34294458827935
AIHalfLife= 5.22669212054461
EAppRate= 0.50822299066931
