ICQueenStrength= 3.65883463202044
RQWkrDrnRatio= 4.09880573116243
ICDroneMiteSurvivorship= 49.5551233878359
ICWorkerMiteSurvivorship= 76.6611707163975
ICForagerLifespan= 7.21925315260887
ImmType= Sine
AIAdultSlope= 0.698203874612227
AIAdultLD50= 0.50730032636784
AIAdultSlopeContact= 3.51526822707849
AIAdultLD50Contact= 0.00295311524532735
AILarvaSlope= 2.99948019431904
AILarvaLD50= 0.408851775317453
AIKOW= 4.30407625762746
AIKOC= 19.9796596902888
AIHalfLife= 7.4278816236183
EAppRate= 0.335263038752601
