ICQueenStrength= 5.36472186935134
RQWkrDrnRatio= 1.80941869784147
ICDroneMiteSurvivorship= 12.8647760022432
ICWorkerMiteSurvivorship= 33.5202140500769
ICForagerLifespan= 9.80982934683561
ImmType= Sine
AIAdultSlope= 0.305472466675565
AIAdultLD50= 1.17685037548654
AIAdultSlopeContact= 3.65341551626567
AIAdultLD50Contact= 0.020885119959712
AILarvaSlope= 0.821712104417384
AILarvaLD50= 0.664538465347141
AIKOW= 6.04323631152511
AIKOC= 11.7568491154816
AIHalfLife= 12.0895517799072
EAppRate= 0.668252541916445
