ICQueenStrength= 5.94768392643891
RQWkrDrnRatio= 3.44048530887812
ICDroneMiteSurvivorship= 28.5730771021917
ICWorkerMiteSurvivorship= 33.3081013523042
ICForagerLifespan= 15.7210783949122
ImmType= Tangent
AIAdultSlope= 0.226782553419471
AIAdultLD50= 0.499086587573402
AIAdultSlopeContact= 1.47253406246658
AIAdultLD50Contact= 0.0141324437456205
AILarvaSlope= 0.511849513230845
AILarvaLD50= 0.290985325933434
AIKOW= 6.42173084849492
AIKOC= 24.1204677103087
AIHalfLife= 1.04619273683056
EAppRate= 0
