ICQueenStrength= 1.19057548954152
RQWkrDrnRatio= 3.52265057340264
ICDroneMiteSurvivorship= 54.2589393444359
ICWorkerMiteSurvivorship= 41.363108670339
ICForagerLifespan= 7.43330165743828
ImmType= Polynomial
AIAdultSlopeContact= 0.143351084359456
AIAdultLD50Contact= 0.0302416820079088
AILarvaSlope= 0.423416913114488
AILarvaLD50= 0.664328102208674
AIKOW= 4.13217960344627
AIKOC= 14.8376352339983
AIHalfLife= 8.72293802537024
