ICQueenStrength= 5.35659973649308
RQWkrDrnRatio= 4.45934675261378
ICDroneMiteSurvivorship= 88.9658460160717
ICWorkerMiteSurvivorship= 45.0095618143678
ICForagerLifespan= 13.4978065323085
ImmType= Polynomial
AIAdultSlopeContact= 3.04920633056201
AIAdultLD50Contact= 0.0474184683291242
AILarvaSlope= 3.17508776495233
AILarvaLD50= 0.0497035638894886
AIKOW= 6.95925761200488
AIKOC= 20.1366788486484
AIHalfLife= 5.12638945365325
