ICQueenStrength= 2.29254054278135
RQWkrDrnRatio= 3.26489657722414
ICDroneMiteSurvivorship= 23.3081202022731
ICWorkerMiteSurvivorship= 98.9156679017469
ICForagerLifespan= 9.0521601010114
ImmType= Polynomial
AIAdultSlope= 4.81373520102352
