ICQueenStrength= 1.79533219337463
RQWkrDrnRatio= 4.40287916455418
ICDroneMiteSurvivorship= 76.2185174506158
ICWorkerMiteSurvivorship= 41.7191157117486
ICForagerLifespan= 7.45856458507478
ImmType= Logarithmic
AIAdultSlope= 5.48231502296403
