ICQueenStrength= 3.08297014120035
RQWkrDrnRatio= 4.20574027393013
ICDroneMiteSurvivorship= 96.5251557528973
ICWorkerMiteSurvivorship= 89.343576412648
ICForagerLifespan= 4.20081562828273
ImmType= Logarithmic
AIAdultSlope= 1.82860234183492
AIAdultLD50= 0.40990536683239
AIAdultSlopeContact= 3.72724473909242
AIAdultLD50Contact= 0.00387206313898787
AILarvaSlope= 2.54770834455267
AILarvaLD50= 0.0888286693487316
AIKOW= 6.49602533783764
AIKOC= 19.5107641466893
AIHalfLife= 3.09892447432503
EAppRate= 0.435461580078118
