ICQueenStrength= 3.75394808035344
RQWkrDrnRatio= 2.3195053646341
ICDroneMiteSurvivorship= 90.671177697368
ICWorkerMiteSurvivorship= 65.8781836507842
ICForagerLifespan= 12.3485092697665
ImmType= Cosine
AIAdultSlope= 2.68992182114162
AIAdultLD50= 2.41758026252501
AIAdultSlopeContact= 2.55648140908917
AIAdultLD50Contact= 0.0291741170920432
AILarvaSlope= 0.57625423646532
AILarvaLD50= 0.450518450257368
AIKOW= 7.08309332467616
AIKOC= 7.32433506171219
AIHalfLife= 9.65446075843647
EAppRate= 0.311447949381545
