ICQueenStrength= 3.93173531652428
RQWkrDrnRatio= 4.18417829368263
ICDroneMiteSurvivorship= 3.59030663967133
ICWorkerMiteSurvivorship= 58.1547643058002
ICForagerLifespan= 9.64951382856816
ImmType= Exponential
AIAdultSlope= 1.18532980154268
AIAdultLD50= 1.71084980084561
AIAdultSlopeContact= 2.67056018574396
AIAdultLD50Contact= 0.0231643615756184
AILarvaSlope= 2.01950074788183
AILarvaLD50= 0.778657536604442
AIKOW= 7.77844778075814
AIKOC= 9.34554525418207
AIHalfLife= 4.43113472638652
EAppRate= 0.794434676878154
