ICQueenStrength= 4.58741840464063
RQWkrDrnRatio= 4.55856656469405
ICDroneMiteSurvivorship= 74.4822977809235
ICWorkerMiteSurvivorship= 71.4539638720453
ICForagerLifespan= 4.49945278838277
ImmType= Polynomial
AIAdultLD50= 0.154012839635834
AIAdultSlopeContact= 1.84005173507379
AIAdultLD50Contact= 0.0438922244473361
AILarvaSlope= 1.48609596979804
AILarvaLD50= 0.654989749914967
AIKOW= 2.07820589607581
AIKOC= 29.4251371943392
AIHalfLife= 1.79634580947459
EAppRate= 1.88124449457973
