ICQueenStrength= 4.88868228998035
RQWkrDrnRatio= 3.35080206021667
ICDroneMiteSurvivorship= 1.88076284248382
ICWorkerMiteSurvivorship= 31.5146178472787
ICForagerLifespan= 7.23901441413909
ImmType= Tangent
AIAdultSlope= 3.02708783025155
AIAdultLD50= 0.359477437683381
AIAdultSlopeContact= 1.2966805810947
AIAdultLD50Contact= 0.00818697841605172
AILarvaSlope= 0.891594469640404
AILarvaLD50= 0.308731970563531
AIKOW= 4.8199710752815
AIKOC= 26.0305906424765
AIHalfLife= 2.8578014834784
EAppRate= 0.309051606804132
