ICQueenStrength= 2.33063134853728
RQWkrDrnRatio= 4.10357242915779
ICDroneMiteSurvivorship= 82.143926108256
ICWorkerMiteSurvivorship= 85.1251966087148
ICForagerLifespan= 11.6488595604897
ImmType= Logarithmic
AIAdultSlope= 9.05367031926289
