ICQueenStrength= 5.88118064124137
RQWkrDrnRatio= 3.64421655703336
ICDroneMiteSurvivorship= 28.1733518932015
ICWorkerMiteSurvivorship= 94.6163764921948
ICForagerLifespan= 10.0540537955239
ImmType= Sine
AIAdultSlope= 0.647183126863092
AIAdultLD50= 0.280437868088484
AIAdultSlopeContact= 1.64022390175844
AIAdultLD50Contact= 0.0125019979663193
AILarvaSlope= 2.03555376944132
AILarvaLD50= 0.805226397723891
AIKOW= 6.33787717297673
AIKOC= 10.5387363012414
AIHalfLife= 4.802493393654
EAppRate= 0.551010800665244
