ICQueenStrength= 2.33636177051812
RQWkrDrnRatio= 4.19518307037652
ICDroneMiteSurvivorship= 56.6359265707433
ICWorkerMiteSurvivorship= 95.6356066744775
ICForagerLifespan= 9.26477243658155
ImmType= Sine
AIAdultSlope= 3.81908227405977
AIAdultLD50= 0.435326526756398
AIAdultSlopeContact= 1.69175482014427
AIAdultLD50Contact= 0.0167058380320668
AILarvaSlope= 1.33036809721962
AILarvaLD50= 0.549336614599451
AIKOW= 7.76914995349944
AIKOC= 6.9777906127274
AIHalfLife= 0.785498442128301
EAppRate= 0.198233989696018
