ICQueenStrength= 3.43424175074324
RQWkrDrnRatio= 1.18857936374843
ICDroneMiteSurvivorship= 34.6574876224622
ICWorkerMiteSurvivorship= 63.8700311305001
ICForagerLifespan= 5.00449568033218
ImmType= Sine
AIAdultLD50= 0.154012839635834
AIAdultSlopeContact= 2.36305802025134
AIAdultLD50Contact= 0.0143523065955378
AILarvaSlope= 1.4491847995203
AILarvaLD50= 0.596222036168911
AIKOW= 7.10804321058095
AIKOC= 24.0162542101461
AIHalfLife= 1.98788371914998
EAppRate= 0.75161303114146
