ICQueenStrength= 4.33605750347488
RQWkrDrnRatio= 1.97673134319484
ICDroneMiteSurvivorship= 83.4361537359655
ICWorkerMiteSurvivorship= 97.9547253344208
ICForagerLifespan= 6.80034850910306
ImmType= Sine
AIAdultSlope= 2.06743553988636
AIAdultLD50= 1.47975591360591
AIAdultSlopeContact= 2.01001957617933
AIAdultLD50Contact= 0.0359565543592908
AILarvaSlope= 2.77589177815244
AILarvaLD50= 0.0734492845600471
AIKOW= 4.37560813315213
AIKOC= 25.4629332001787
AIHalfLife= 2.36892607109621
EAppRate= 0.824302050750703
