ICQueenStrength= 1.33320092828944
RQWkrDrnRatio= 2.76521054655313
ICDroneMiteSurvivorship= 62.0671832701191
ICWorkerMiteSurvivorship= 62.6222833292559
ICForagerLifespan= 5.04867450706661
ImmType= Polynomial
AIAdultSlope= 0.525593403726816
AIAdultLD50= 0.963771932991222
AIAdultSlopeContact= 5.68858833285049
AIAdultLD50Contact= 0.0129417178686708
AILarvaSlope= 2.21602057106793
AILarvaLD50= 1.59543405519798
AIKOW= 84.1237280750647
AIKOC= 47.4076222162694
AIHalfLife= 13.2089618761092
EAppRate= 0.933885326609015
