ICQueenStrength= 5.24223534879275
RQWkrDrnRatio= 1.71170430444181
ICDroneMiteSurvivorship= 78.4235592000186
ICWorkerMiteSurvivorship= 74.9597542919219
ICForagerLifespan= 8.22297731228173
ImmType= Exponential
AIAdultSlope= 1.84807212275919
AIAdultLD50= 0.0706806326052174
AIAdultSlopeContact= 0.11141679124441
AIAdultLD50Contact= 0.0119700519251637
AILarvaSlope= 3.24476191638969
AILarvaLD50= 0.855788830504753
AIKOW= 3.7040630960837
AIKOC= 13.4819954645354
AIHalfLife= 0.454643142875284
EAppRate= 0.159258277365007
