ICQueenStrength= 2.3361814932432
RQWkrDrnRatio= 1.6675629382953
ICDroneMiteSurvivorship= 35.5722974985838
ICWorkerMiteSurvivorship= 5.07473738398403
ICForagerLifespan= 9.11332713160664
ImmType= Tangent
AIAdultSlope= 9.60087672574446
