ICQueenStrength= 3.63555265846662
RQWkrDrnRatio= 4.67519645486027
ICDroneMiteSurvivorship= 80.6800967315212
ICWorkerMiteSurvivorship= 5.41909176390618
ICForagerLifespan= 12.63771701511
ImmType= Tangent
AIAdultSlope= 2.64167394414544
AIAdultLD50= 1.61055728048086
AIAdultSlopeContact= 2.39627933182754
AIAdultLD50Contact= 0.0353279037284665
AILarvaSlope= 2.73413335047662
AILarvaLD50= 0.00560810656752437
AIKOW= 2.85964529309422
AIKOC= 6.95101614808664
AIHalfLife= 13.6244782144204
EAppRate= 0.363633839646354
