ICQueenStrength= 3.80872676614672
RQWkrDrnRatio= 3.74170711450279
