ICQueenStrength= 1.18943490693346
RQWkrDrnRatio= 4.02250305283815
ICDroneMiteSurvivorship= 35.2599195903167
ICWorkerMiteSurvivorship= 57.6541426591575
ICForagerLifespan= 14.6511322185397
ImmType= Exponential
AIAdultSlope= 0.205170426052064
AIAdultLD50= 2.76186142629012
AIAdultSlopeContact= 1.70308210062794
AIAdultLD50Contact= 0.0321839472628199
AILarvaSlope= 2.19649689462967
AILarvaLD50= 0.28801050321199
AIKOW= 6.66975502902642
AIKOC= 23.7720866932068
AIHalfLife= 7.65074431058019
EAppRate= 0.811638826271519
