ICQueenStrength= 3.68692653859034
RQWkrDrnRatio= 1.58731118775904
ICDroneMiteSurvivorship= 51.9724183017388
ICWorkerMiteSurvivorship= 90.7297178171575
ICForagerLifespan= 11.1072878232226
ImmType= Tangent
AIAdultSlope= 8.60069868387654
