ICQueenStrength= 1.35327288205735
RQWkrDrnRatio= 2.976561980322
ICDroneMiteSurvivorship= 16.3962664781138
ICWorkerMiteSurvivorship= 57.9311943147331
ICForagerLifespan= 4.38362138532102
ImmType= Sine
AIAdultSlope= 1.44922714855755
AIAdultLD50= 0.453754090238363
AIAdultSlopeContact= 3.31062091983156
AIAdultLD50Contact= 0.0201712224748917
AILarvaSlope= 2.57254910152405
AILarvaLD50= 0.719880936364643
AIKOW= 6.23787188716233
AIKOC= 20.2561308117583
AIHalfLife= 1.39708838425577
EAppRate= 0
