ICQueenStrength= 5.00232106214389
RQWkrDrnRatio= 3.64814746379852
ICDroneMiteSurvivorship= 61.5792464232072
ICWorkerMiteSurvivorship= 24.7465974651277
ICForagerLifespan= 14.8000946892425
ImmType= Logarithmic
AIAdultSlope= 0.940492022316903
AIAdultLD50= 0.593956733588129
AIAdultSlopeContact= 0.588495518756099
AIAdultLD50Contact= 0.0423819071031176
AILarvaSlope= 0.612078619934618
AILarvaLD50= 0.539892494841479
AIKOW= 7.30049168225378
AIKOC= 5.59908641269431
AIHalfLife= 2.15499804355204
EAppRate= 0.172861527418718
