ICQueenStrength= 4.12503280001692
RQWkrDrnRatio= 1.76742678880692
ICDroneMiteSurvivorship= 86.0069048590958
ICWorkerMiteSurvivorship= 57.7512071467936
ICForagerLifespan= 5.76011658739299
ImmType= Logarithmic
AIAdultSlope= 9.83217351371422
