ICQueenStrength= 1.02889331080951
RQWkrDrnRatio= 1.53241849411279
ICDroneMiteSurvivorship= 60.2273225784302
ICWorkerMiteSurvivorship= 98.367684497498
ICForagerLifespan= 4.15236585307866
ImmType= Exponential
AIAdultSlope= 5.41567821754143
