ICQueenStrength= 3.27815164718777
RQWkrDrnRatio= 2.7808060888201
ICDroneMiteSurvivorship= 13.1620484404266
ICWorkerMiteSurvivorship= 94.8388008167967
ICForagerLifespan= 8.26442992221564
ImmType= Tangent
AIAdultSlopeContact= 0.724045228357427
AIAdultLD50Contact= 0.0383408388472162
AILarvaSlope= 2.53804258708842
AILarvaLD50= 0.147665560408495
AIKOW= 4.69574714219198
AIKOC= 10.1863063068595
AIHalfLife= 6.13975215191022
