ICQueenStrength= 5.91063436260447
RQWkrDrnRatio= 4.46568802651018
ICDroneMiteSurvivorship= 23.2593939872459
ICWorkerMiteSurvivorship= 89.594608778134
ICForagerLifespan= 4.40865100547671
ImmType= Cosine
AIAdultSlope= 3.19020438692532
AIAdultLD50= 0.651833114214242
AIAdultSlopeContact= 2.71795512965648
AIAdultLD50Contact= 0.0419243227690458
AILarvaSlope= 0.663310223491862
AILarvaLD50= 0.497333273570985
AIKOW= 4.88745281239972
AIKOC= 20.1170399272814
AIHalfLife= 1.73706130683422
EAppRate= 0.596679809503257
