ICQueenStrength= 5.27303651929833
RQWkrDrnRatio= 4.79568380396813
ICDroneMiteSurvivorship= 69.8875115951523
ICWorkerMiteSurvivorship= 37.799878208898
ICForagerLifespan= 14.7399361440912
ImmType= Cosine
AIAdultSlope= 1.05643507735804
AIAdultLD50= 2.87741404725239
AIAdultSlopeContact= 0.324719817833975
AIAdultLD50Contact= 0.0172598860575818
AILarvaSlope= 1.41164677529596
AILarvaLD50= 0.124247533595189
AIKOW= 4.80225760629401
AIKOC= 25.5758118594531
AIHalfLife= 9.93672554567456
EAppRate= 0.546055357903242
