ICQueenStrength= 3.44295477401465
RQWkrDrnRatio= 4.02090785838664
ICDroneMiteSurvivorship= 17.0021150726825
ICWorkerMiteSurvivorship= 45.3276982530951
ICForagerLifespan= 10.5217425627634
ImmType= Sine
AIAdultSlope= 0.156837432696484
AIAdultLD50= 0.140040381462313
AIAdultSlopeContact= 1.53809221202508
AIAdultLD50Contact= 0.0277870354591869
AILarvaSlope= 0.627052542939782
AILarvaLD50= 0.634013119200245
AIKOW= 3.43593208352104
AIKOC= 25.5527821497526
AIHalfLife= 3.99693078128621
EAppRate= 0
