ICQueenStrength= 1.77285888255574
RQWkrDrnRatio= 2.83736600261182
ICDroneMiteSurvivorship= 46.7660045484081
ICWorkerMiteSurvivorship= 84.4018294708803
ICForagerLifespan= 11.0019059097394
ImmType= Cosine
AIAdultSlope= 3.27023490017513
AIAdultLD50= 0.189124976168387
AIAdultSlopeContact= 0.0541662033833563
AIAdultLD50Contact= 0.00584122147411108
AILarvaSlope= 2.37178945029154
AILarvaLD50= 0.613846928835846
AIKOW= 4.66229536617175
AIKOC= 27.5428825942799
AIHalfLife= 1.99426663573831
EAppRate= 0
