ICQueenStrength= 4.01517276209779
RQWkrDrnRatio= 1.00369101576507
ICDroneMiteSurvivorship= 10.9220586717129
ICWorkerMiteSurvivorship= 97.5715045817196
ICForagerLifespan= 4.79426424670964
ImmType= Tangent
AIAdultSlope= 1.23030361186014
AIAdultLD50= 0.0550694901030511
AIAdultSlopeContact= 0.987138712685555
AIAdultLD50Contact= 0.0155278891674243
AILarvaSlope= 2.86089845122769
AILarvaLD50= 0.437336275773123
AIKOW= 3.13633491192013
AIKOC= 20.6981901323888
AIHalfLife= 1.21104118064977
EAppRate= 0.435618981695734
