ICQueenStrength= 4.1254818988964
RQWkrDrnRatio= 2.55513882450759
ICDroneMiteSurvivorship= 92.7897789515555
ICWorkerMiteSurvivorship= 41.8674282729626
ICForagerLifespan= 4.71465263701975
ImmType= Sine
AIAdultSlope= 2.89285647682846
