ICQueenStrength= 3.4508387723472
RQWkrDrnRatio= 3.94374112784863
ICDroneMiteSurvivorship= 17.5674081780016
ICWorkerMiteSurvivorship= 53.9873062865809
ICForagerLifespan= 5.78840715065598
ImmType= Logarithmic
AIAdultSlope= 1.97695743828081
AIAdultLD50= 2.83306476054713
AIAdultSlopeContact= 0.937146998068783
AIAdultLD50Contact= 0.040351677511353
AILarvaSlope= 0.768004940031096
AILarvaLD50= 0.419830883061513
AIKOW= 2.33217625878751
AIKOC= 13.245868497761
AIHalfLife= 11.4659521114081
EAppRate= 0.506102819927037
