ICQueenStrength= 2.97307885275222
RQWkrDrnRatio= 4.93755708541721
ICDroneMiteSurvivorship= 38.1792387459427
ICWorkerMiteSurvivorship= 99.6127394260839
ICForagerLifespan= 7.87683286890388
ImmType= Logarithmic
AIAdultSlope= 2.42307876166888
AIAdultLD50= 0.583780223736539
AIAdultSlopeContact= 0.0838551601418294
AIAdultLD50Contact= 0.0459639604669064
AILarvaSlope= 2.05220771925524
AILarvaLD50= 0.795824175537564
AIKOW= 2.83767372230068
AIKOC= 17.5579342304263
AIHalfLife= 2.01069928705692
EAppRate= 0.710872118594125
