ICQueenStrength= 4.15498195472173
RQWkrDrnRatio= 2.15881348960102
ICDroneMiteSurvivorship= 35.8097261982039
ICWorkerMiteSurvivorship= 81.5481496276334
ICForagerLifespan= 8.31794501841068
ImmType= Logarithmic
AIAdultSlope= 0.786658730478957
AIAdultLD50= 0.11592232529074
AIAdultSlopeContact= 0.788832052582875
AIAdultLD50Contact= 0.0443949508364312
AILarvaSlope= 2.00943283108063
AILarvaLD50= 0.669420958939008
AIKOW= 5.04873796878383
AIKOC= 23.687765597133
AIHalfLife= 2.33715331880376
EAppRate= 0.0713418612256646
