ICQueenStrength= 2.71657192637213
RQWkrDrnRatio= 2.36674739513546
ICDroneMiteSurvivorship= 10.6493860250339
ICWorkerMiteSurvivorship= 53.9956707740203
ICForagerLifespan= 5.5063639851287
ImmType= Logarithmic
AIAdultSlopeContact= 1.62975177748594
AIAdultLD50Contact= 0.0281282839714549
AILarvaSlope= 0.315311829699203
AILarvaLD50= 0.48752702625934
AIKOW= 6.92485913215205
AIKOC= 13.0166155763436
AIHalfLife= 2.92117294948548
