ICQueenStrength= 2.7823005951941
RQWkrDrnRatio= 2.43943126406521
