ICQueenStrength= 2.62940516369417
RQWkrDrnRatio= 3.71127135958523
ICDroneMiteSurvivorship= 47.4725154228508
ICWorkerMiteSurvivorship= 4.76170640904456
ICForagerLifespan= 12.97499706503
ImmType= Exponential
AIAdultSlope= 1.26559341093525
