ICQueenStrength= 4.61171095166355
RQWkrDrnRatio= 2.50125735811889
ICDroneMiteSurvivorship= 39.7500336868688
ICWorkerMiteSurvivorship= 4.49596890248358
ICForagerLifespan= 5.32412585616112
ImmType= Logarithmic
AIAdultSlopeContact= 0.448840204342268
AIAdultLD50Contact= 0.00921890286263079
AILarvaSlope= 0.0113108213990927
AILarvaLD50= 0.508663757401519
AIKOW= 3.0270612668246
AIKOC= 7.80112790642306
AIHalfLife= 13.1944097350352
