ICQueenStrength= 3.2206764773
RQWkrDrnRatio= 2.29977125208825
ICDroneMiteSurvivorship= 17.024927935563
ICWorkerMiteSurvivorship= 81.8325684405863
ICForagerLifespan= 9.37896053399891
ImmType= Tangent
AIAdultSlope= 3.29246211362304
AIAdultLD50= 0.0764630459016189
AIAdultSlopeContact= 0.113902463342529
AIAdultLD50Contact= 0.0476701022125781
AILarvaSlope= 3.3753911065869
AILarvaLD50= 0.638627646490932
AIKOW= 4.08156932005659
AIKOC= 14.2747527873144
AIHalfLife= 4.36456780065782
EAppRate= 0
