ICQueenStrength= 5.74611766054295
RQWkrDrnRatio= 1.82328025251627
ICDroneMiteSurvivorship= 85.8218816341832
ICWorkerMiteSurvivorship= 22.9704255238175
ICForagerLifespan= 14.8737836685032
ImmType= Polynomial
AIAdultSlope= 6.18544738739729
