ICQueenStrength= 4.59214891330339
RQWkrDrnRatio= 3.81596018839628
ICDroneMiteSurvivorship= 31.7474980140105
ICWorkerMiteSurvivorship= 43.0007061455399
ICForagerLifespan= 5.79042712785304
ImmType= Tangent
AIAdultSlope= 2.30786980981939
AIAdultLD50= 1.60104105784558
AIAdultSlopeContact= 1.48750723033911
AIAdultLD50Contact= 0.0395361889153719
AILarvaSlope= 0.93950916309841
AILarvaLD50= 0.377094359393232
AIKOW= 2.40662267431617
AIKOC= 20.2213318098802
AIHalfLife= 11.1449262215756
EAppRate= 0.178562965011224
