ICQueenStrength= 4.93727745278738
RQWkrDrnRatio= 4.90967007540166
ICDroneMiteSurvivorship= 57.5329275801778
ICWorkerMiteSurvivorship= 0.809512683190405
ICForagerLifespan= 11.9719284093007
ImmType= Cosine
AIAdultSlopeContact= 0.628261253417004
AIAdultLD50Contact= 0.0193826790316962
AILarvaSlope= 3.31945370729081
AILarvaLD50= 0.393999348627403
AIKOW= 2.23713411437348
AIKOC= 15.8837686886545
AIHalfLife= 6.65801375033334
