ICQueenStrength= 3.63521391781978
RQWkrDrnRatio= 3.37834964692593
ICDroneMiteSurvivorship= 84.3313408084214
ICWorkerMiteSurvivorship= 99.9425484798849
ICForagerLifespan= 10.2336325198412
ImmType= Exponential
AIAdultSlope= 0.297539646597579
AIAdultLD50= 1.59550657728687
AIAdultSlopeContact= 2.00695883227279
AIAdultLD50Contact= 0.0191137142013758
AILarvaSlope= 1.65423872461542
AILarvaLD50= 0.205223523289897
AIKOW= 2.15962889790535
AIKOC= 11.4259486505762
AIHalfLife= 11.9680837681517
EAppRate= 0.0589865816291422
