ICQueenStrength= 1.30242726206779
RQWkrDrnRatio= 4.55130768939853
ICDroneMiteSurvivorship= 13.4222522843629
ICWorkerMiteSurvivorship= 71.032328880392
ICForagerLifespan= 14.5744028240442
ImmType= Exponential
AIAdultSlope= 2.05939025613479
AIAdultLD50= 0.230458014411852
AIAdultSlopeContact= 3.91376544899074
AIAdultLD50Contact= 0.0394878994324245
AILarvaSlope= 1.09882631516084
AILarvaLD50= 0.269650622620247
AIKOW= 6.11551961069927
AIKOC= 25.2851378417108
AIHalfLife= 5.88863764097914
EAppRate= 0.618548046099022
