ICQueenStrength= 2.73539406387135
RQWkrDrnRatio= 2.28625149931759
ICDroneMiteSurvivorship= 53.07930810377
ICWorkerMiteSurvivorship= 30.2321763010696
ICForagerLifespan= 13.4269029656425
ImmType= Tangent
AIAdultSlope= 4.5386414299719
