ICQueenStrength= 2.10381950973533
RQWkrDrnRatio= 1.11805584374815
ICDroneMiteSurvivorship= 88.9669196680188
ICWorkerMiteSurvivorship= 43.5042547527701
ICForagerLifespan= 7.10542200133204
ImmType= Logarithmic
AIAdultLD50= 0.154012839635834
AIAdultSlopeContact= 3.25602590122959
AIAdultLD50Contact= 0.0105877578724176
AILarvaSlope= 2.07691209758632
AILarvaLD50= 0.106789144710638
AIKOW= 4.00648462958634
AIKOC= 29.5701987470966
AIHalfLife= 11.0371808698401
EAppRate= 1.57005956303328
