ICQueenStrength= 5.4382013392169
RQWkrDrnRatio= 3.23813359346241
ICDroneMiteSurvivorship= 86.9935344206169
ICWorkerMiteSurvivorship= 73.2875544345006
ICForagerLifespan= 13.6876721736044
ImmType= Sine
AIAdultSlope= 3.7933071943
AIAdultLD50= 0.0990931489504874
AIAdultSlopeContact= 0.521731693663169
AIAdultLD50Contact= 0.0457527691498399
AILarvaSlope= 0.541989279026166
AILarvaLD50= 0.513371382490732
AIKOW= 5.06880775978789
AIKOC= 22.3350932018366
AIHalfLife= 1.00718037807383
EAppRate= 0.194869852415286
