ICQueenStrength= 2.81318617425859
RQWkrDrnRatio= 3.23772169928998
ICDroneMiteSurvivorship= 79.9237609608099
ICWorkerMiteSurvivorship= 82.9618734307587
ICForagerLifespan= 7.7186230160296
ImmType= Sine
AIAdultSlope= 3.17614996730117
AIAdultLD50= 0.151347284321673
AIAdultSlopeContact= 3.18752452984219
AIAdultLD50Contact= 0.0423766183434054
AILarvaSlope= 0.183539614127949
AILarvaLD50= 0.883393873390742
AIKOW= 3.81505601340905
AIKOC= 6.30806392407976
AIHalfLife= 3.08915339875966
EAppRate= 0.23729745906312
