ICQueenStrength= 2.14099592436105
RQWkrDrnRatio= 1.46672876831144
ICDroneMiteSurvivorship= 57.5913913780823
ICWorkerMiteSurvivorship= 24.0665594115853
ICForagerLifespan= 13.1899134544656
ImmType= Polynomial
AIAdultSlope= 1.51222650550073
AIAdultLD50= 0.319013755884953
AIAdultSlopeContact= 1.91325718666194
AIAdultLD50Contact= 0.0470992599381134
AILarvaSlope= 3.20299014747143
AILarvaLD50= 0.775137919723056
AIKOW= 5.04932161048055
AIKOC= 27.7298259735107
AIHalfLife= 2.70264438120648
EAppRate= 0.101626980979927
