ICQueenStrength= 3.36081853858195
RQWkrDrnRatio= 2.88971971534193
ICDroneMiteSurvivorship= 74.4233265286312
ICWorkerMiteSurvivorship= 14.8797050584108
ICForagerLifespan= 15.2920957310125
ImmType= Logarithmic
AIAdultSlopeContact= 3.66420535532059
AIAdultLD50Contact= 0.0422336176852696
AILarvaSlope= 1.49143709382042
AILarvaLD50= 0.17872232676018
AIKOW= 3.28275906294584
AIKOC= 10.3778400702868
AIHalfLife= 3.43576194345951
