ICQueenStrength= 2.84421859867871
RQWkrDrnRatio= 4.98227850534022
