ICQueenStrength= 3.35286231152713
RQWkrDrnRatio= 4.84446652140468
ICDroneMiteSurvivorship= 0.962229212746024
ICWorkerMiteSurvivorship= 9.28650512360036
ICForagerLifespan= 8.491260019131
ImmType= Cosine
AIAdultLD50= 0.154012839635834
AIAdultSlopeContact= 1.5220200192905
AIAdultLD50Contact= 0.00842937651323155
AILarvaSlope= 3.21271493081003
AILarvaLD50= 0.288913371437229
AIKOW= 7.46069316752255
AIKOC= 17.9366892506368
AIHalfLife= 13.9271432529204
EAppRate= 0.398545108735561
