ICQueenStrength= 2.13209748873487
RQWkrDrnRatio= 4.87513991072774
ICDroneMiteSurvivorship= 90.9937248798087
ICWorkerMiteSurvivorship= 27.8664850862697
ICForagerLifespan= 11.4835639931262
ImmType= Cosine
AIAdultSlope= 1.57019257349893
AIAdultLD50= 0.116890370612964
AIAdultSlopeContact= 3.5529837872833
AIAdultLD50Contact= 0.0499800017452799
AILarvaSlope= 3.18750870074145
AILarvaLD50= 0.127881986740977
AIKOW= 3.67963472660631
AIKOC= 27.9846446367446
AIHalfLife= 8.43595550209284
EAppRate= 0.553402173798531
