ICQueenStrength= 3.60557080735452
RQWkrDrnRatio= 2.63533707149327
ICDroneMiteSurvivorship= 32.415586290881
ICWorkerMiteSurvivorship= 19.7223835624754
ICForagerLifespan= 10.8772133681923
ImmType= Polynomial
AIAdultSlope= 3.09777944345959
AIAdultLD50= 0.0937480862485245
AIAdultSlopeContact= 0.788371313076932
AIAdultLD50Contact= 0.00956303334096447
AILarvaSlope= 0.520743974624202
AILarvaLD50= 0.244855209602974
AIKOW= 5.99778658431023
AIKOC= 10.5299713276327
AIHalfLife= 3.97581384866498
EAppRate= 0.0328310366952792
