ICQueenStrength= 3.38119647139683
RQWkrDrnRatio= 3.17563242278993
ICDroneMiteSurvivorship= 26.1197156505659
ICWorkerMiteSurvivorship= 68.9505658578128
ICForagerLifespan= 15.988770943135
ImmType= Logarithmic
AIAdultSlopeContact= 2.37008411585586
AIAdultLD50Contact= 0.034511272481177
AILarvaSlope= 0.536669121962041
AILarvaLD50= 0.64380869907327
AIKOW= 2.73272370034829
AIKOC= 21.0809185414109
AIHalfLife= 11.8889496503398
