ICQueenStrength= 5.38737942604348
RQWkrDrnRatio= 1.81099025532603
ICDroneMiteSurvivorship= 42.8039402700961
ICWorkerMiteSurvivorship= 62.3073592316359
ICForagerLifespan= 10.8709846278653
ImmType= Polynomial
AIAdultSlope= 2.66181694590487
AIAdultLD50= 0.593530480982736
AIAdultSlopeContact= 2.7688268699334
AIAdultLD50Contact= 0.0275223236181773
AILarvaSlope= 1.6353172076866
AILarvaLD50= 0.334291311493143
AIKOW= 4.00418871175498
AIKOC= 7.78509958297946
AIHalfLife= 9.1091510746628
EAppRate= 0.236388341989368
