ICQueenStrength= 3.87862970726565
RQWkrDrnRatio= 1.41477352194488
ICDroneMiteSurvivorship= 5.01452581956983
ICWorkerMiteSurvivorship= 15.6820879084989
ICForagerLifespan= 13.489060530439
ImmType= Cosine
AIAdultSlopeContact= 3.61309012612794
AIAdultLD50Contact= 0.0195024198503233
AILarvaSlope= 2.79795654104091
AILarvaLD50= 0.78923483309336
AIKOW= 2.10115850437433
AIKOC= 12.0169363461901
AIHalfLife= 3.10842511849478
