ICQueenStrength= 4.74736767145805
RQWkrDrnRatio= 2.90465805865824
ICDroneMiteSurvivorship= 19.3145599449053
ICWorkerMiteSurvivorship= 19.4539319723845
ICForagerLifespan= 8.65035175159574
ImmType= Tangent
AIAdultSlope= 8.07386158965528
