ICQueenStrength= 5.81860151980072
RQWkrDrnRatio= 3.52845524996519
ICDroneMiteSurvivorship= 6.30387468263507
ICWorkerMiteSurvivorship= 11.971741868183
ICForagerLifespan= 15.4588619340211
ImmType= Polynomial
AIAdultSlopeContact= 1.18296731643844
AIAdultLD50Contact= 0.0306007815524936
AILarvaSlope= 3.14668204956688
AILarvaLD50= 0.0824586984934285
AIKOW= 4.73114478960633
AIKOC= 16.0040191793814
AIHalfLife= 6.30471233418211
