ICQueenStrength= 3.80926058767363
RQWkrDrnRatio= 4.49776712059975
ICDroneMiteSurvivorship= 86.9990397477522
ICWorkerMiteSurvivorship= 31.598092475906
ICForagerLifespan= 13.4746626559645
ImmType= Exponential
AIAdultSlope= 0.282926624268293
AIAdultLD50= 2.1367653538473
AIAdultSlopeContact= 0.628622125326656
AIAdultLD50Contact= 0.0432282528257929
AILarvaSlope= 0.954717665724456
AILarvaLD50= 0.374483158718795
AIKOW= 7.9241521009244
AIKOC= 10.163774790708
AIHalfLife= 8.58150722412392
EAppRate= 0.548058610176668
