ICQueenStrength= 5.06365572125651
RQWkrDrnRatio= 4.02492307312787
ICDroneMiteSurvivorship= 88.0074605578557
ICWorkerMiteSurvivorship= 11.9238049723208
ICForagerLifespan= 10.4592036884278
ImmType= Polynomial
AIAdultLD50= 0.154012839635834
AIAdultSlopeContact= 2.51226112779463
AIAdultLD50Contact= 0.042083870281931
AILarvaSlope= 1.33920069397427
AILarvaLD50= 0.364456991013139
AIKOW= 4.84368618531153
AIKOC= 21.7638959246688
AIHalfLife= 8.63601503381506
EAppRate= 1.63300010096282
