ICQueenStrength= 1.63748663011938
RQWkrDrnRatio= 1.94576961547136
