ICQueenStrength= 4.85285232565366
RQWkrDrnRatio= 4.67485200241208
ICDroneMiteSurvivorship= 98.7208210630342
ICWorkerMiteSurvivorship= 89.4681771285832
ICForagerLifespan= 13.2180066546425
ImmType= Exponential
AIAdultSlope= 2.55585422236472
AIAdultLD50= 2.45131207723171
AIAdultSlopeContact= 2.23544133454794
AIAdultLD50Contact= 0.00725122840376571
AILarvaSlope= 2.6259342039004
AILarvaLD50= 0.534791652252898
AIKOW= 6.90635949932039
AIKOC= 13.1193178251851
AIHalfLife= 12.9453164092265
EAppRate= 0.294005514588207
