ICQueenStrength= 4.09115318465047
RQWkrDrnRatio= 1.94416485074908
ICDroneMiteSurvivorship= 16.0306496778503
ICWorkerMiteSurvivorship= 23.955751513131
ICForagerLifespan= 7.49505651369691
ImmType= Cosine
AIAdultSlope= 1.383561574216
AIAdultLD50= 0.0560523575404659
AIAdultSlopeContact= 0.207012692063581
AIAdultLD50Contact= 0.0431931276107207
AILarvaSlope= 2.95951935597695
AILarvaLD50= 0.366003556712531
AIKOW= 6.44319888344035
AIKOC= 23.5566036903765
AIHalfLife= 0.335141981486231
EAppRate= 0.0833943989826366
