ICQueenStrength= 2.98741834959947
RQWkrDrnRatio= 3.39800107758492
ICDroneMiteSurvivorship= 45.7819460658357
ICWorkerMiteSurvivorship= 25.0804880168289
ICForagerLifespan= 13.2310215095058
ImmType= Cosine
AIAdultSlope= 1.06637699170969
AIAdultLD50= 0.463884274940938
AIAdultSlopeContact= 3.90829589961329
AIAdultLD50Contact= 0.0382917671580799
AILarvaSlope= 0.3694477527868
AILarvaLD50= 0.434793062391691
AIKOW= 2.82731486624107
AIKOC= 18.0611235101242
AIHalfLife= 4.04949121759273
EAppRate= 0.516483335848898
