ICQueenStrength= 3.36741858068854
RQWkrDrnRatio= 2.23527427762747
ICDroneMiteSurvivorship= 25.0589676434174
ICWorkerMiteSurvivorship= 33.8368431897834
ICForagerLifespan= 15.4338090987876
ImmType= Sine
AIAdultSlope= 2.29621317706537
AIAdultLD50= 0.484200924052857
AIAdultSlopeContact= 3.71521380116232
AIAdultLD50Contact= 0.0311545888893306
AILarvaSlope= 0.722453456930816
AILarvaLD50= 0.593743105907924
AIKOW= 4.40726871462539
AIKOC= 17.2844311001245
AIHalfLife= 4.08876054105349
EAppRate= 0.00275767433922738
