ICQueenStrength= 1.26399015099742
RQWkrDrnRatio= 4.05260176025331
ICDroneMiteSurvivorship= 3.85107912588865
ICWorkerMiteSurvivorship= 78.2466898905113
ICForagerLifespan= 12.2595782270655
ImmType= Exponential
AIAdultSlope= 1.36914532864233
AIAdultLD50= 0.0134019339457154
AIAdultSlopeContact= 2.42242437426466
AIAdultLD50Contact= 0.0107665312592872
AILarvaSlope= 3.37623125733808
AILarvaLD50= 0.861004388448782
AIKOW= 2.39689189661294
AIKOC= 10.9100596990902
AIHalfLife= 1.1299819056876
EAppRate= 0.328732950310223
