ICQueenStrength= 4.0138861713931
RQWkrDrnRatio= 4.96244160830975
ICDroneMiteSurvivorship= 8.52473324630409
ICWorkerMiteSurvivorship= 34.8571706563234
ICForagerLifespan= 13.4809076907113
ImmType= Cosine
AIAdultSlope= 2.47883615116589
AIAdultLD50= 1.95405629603192
AIAdultSlopeContact= 0.805808618862648
AIAdultLD50Contact= 0.00807240090798587
AILarvaSlope= 2.95081295203418
AILarvaLD50= 0.626961136981845
AIKOW= 6.05899427831173
AIKOC= 26.3603544689249
AIHalfLife= 4.40100400010124
EAppRate= 0.557890274794772
