ICQueenStrength= 1.06712917936966
RQWkrDrnRatio= 1.13858757633716
ICDroneMiteSurvivorship= 97.2105915192515
ICWorkerMiteSurvivorship= 11.0584738198668
ICForagerLifespan= 14.4994211765006
ImmType= Logarithmic
AIAdultSlope= 2.12445243275724
AIAdultLD50= 2.2606124477461
AIAdultSlopeContact= 3.9038668583706
AIAdultLD50Contact= 0.0112667170586064
AILarvaSlope= 1.45223590200767
AILarvaLD50= 0.714413759554736
AIKOW= 2.36029418976977
AIKOC= 5.93143074191175
AIHalfLife= 11.3637656331994
EAppRate= 0.974282084265724
