ICQueenStrength= 1.24843782186508
RQWkrDrnRatio= 2.24958683922887
ICDroneMiteSurvivorship= 52.1273663034663
ICWorkerMiteSurvivorship= 90.1952743297443
ICForagerLifespan= 10.8344409493729
ImmType= Cosine
AIAdultSlope= 3.15406920625828
AIAdultLD50= 2.41268796636723
AIAdultSlopeContact= 2.34544327018317
AIAdultLD50Contact= 0.0257063011522405
AILarvaSlope= 0.954954472184181
AILarvaLD50= 0.853699159389362
AIKOW= 3.22096317168325
AIKOC= 26.4217200234998
AIHalfLife= 11.185145793017
EAppRate= 0.742017331067473
