ICQueenStrength= 2.73531618900597
RQWkrDrnRatio= 4.41838690359145
ICDroneMiteSurvivorship= 1.9473057705909
ICWorkerMiteSurvivorship= 7.71822514943779
ICForagerLifespan= 6.07559363916516
ImmType= Exponential
AIAdultLD50= 0.154012839635834
AIAdultSlopeContact= 1.63846865980653
AIAdultLD50Contact= 0.0375597719335929
AILarvaSlope= 2.24885548762977
AILarvaLD50= 0.691730680433102
AIKOW= 7.58749005990103
AIKOC= 20.1812528551091
AIHalfLife= 7.60385584132746
EAppRate= 0.288667865097523
