ICQueenStrength= 2.03357039974071
RQWkrDrnRatio= 3.06452181655914
ICDroneMiteSurvivorship= 27.3629810428247
ICWorkerMiteSurvivorship= 53.0053748982027
ICForagerLifespan= 13.4719091085717
ImmType= Exponential
AIAdultSlope= 3.08948739966145
AIAdultLD50= 0.305657191085629
AIAdultSlopeContact= 0.287444433791097
AIAdultLD50Contact= 0.0415896051214077
AILarvaSlope= 1.82682250933722
AILarvaLD50= 0.605981925269589
AIKOW= 7.89032715139911
AIKOC= 10.9565620264038
AIHalfLife= 3.61914494656958
EAppRate= 0.313365818047896
