ICQueenStrength= 2.34319011354819
RQWkrDrnRatio= 1.6947812102735
ICDroneMiteSurvivorship= 68.5050729429349
ICWorkerMiteSurvivorship= 97.947343159467
ICForagerLifespan= 9.58848626725376
ImmType= Tangent
AIAdultSlope= 2.42496009362396
AIAdultLD50= 0.137515417998657
AIAdultSlopeContact= 2.14636133733205
AIAdultLD50Contact= 0.00955931643256918
AILarvaSlope= 1.73822632562369
AILarvaLD50= 0.198559465189464
AIKOW= 6.46750949695706
AIKOC= 25.2415443083737
AIHalfLife= 0.0308015348855406
EAppRate= 0.17110347582493
