ICQueenStrength= 5.20146014657803
RQWkrDrnRatio= 1.71800975687802
ICDroneMiteSurvivorship= 99.77723415941
ICWorkerMiteSurvivorship= 55.900357128121
ICForagerLifespan= 8.78820540383458
ImmType= Tangent
AIAdultSlope= 3.514180010485
AIAdultLD50= 0.279740281635895
AIAdultSlopeContact= 0.663123418826144
AIAdultLD50Contact= 0.0255211869021878
AILarvaSlope= 1.31494539771229
AILarvaLD50= 0.206502026715316
AIKOW= 7.06353995390236
AIKOC= 10.8151252043899
AIHalfLife= 4.67146331444383
EAppRate= 0.696960274199955
