ICQueenStrength= 3.42058323463425
RQWkrDrnRatio= 1.67653857637197
ICDroneMiteSurvivorship= 43.3810012182221
ICWorkerMiteSurvivorship= 61.2907723989338
ICForagerLifespan= 8.21306210476905
ImmType= Exponential
AIAdultSlope= 2.44826557917986
AIAdultLD50= 0.281656874460168
AIAdultSlopeContact= 1.84304058459587
AIAdultLD50Contact= 0.0486823175684549
AILarvaSlope= 1.64192780163139
AILarvaLD50= 0.588181798229925
AIKOW= 3.01712797395885
AIKOC= 16.8739639117848
AIHalfLife= 3.22172485175543
EAppRate= 0.356154330167919
