ICQueenStrength= 2.93094798596576
RQWkrDrnRatio= 4.92415053024888
ICDroneMiteSurvivorship= 63.6067201849073
ICWorkerMiteSurvivorship= 97.0949565758929
ICForagerLifespan= 11.4116184553131
ImmType= Cosine
AIAdultSlope= 1.20668803430162
AIAdultLD50= 2.83112842496485
AIAdultSlopeContact= 2.34266314962879
AIAdultLD50Contact= 0.0459378645406105
AILarvaSlope= 3.00063386545517
AILarvaLD50= 0.420906145242043
AIKOW= 4.98870510188863
AIKOC= 24.1093980625737
AIHalfLife= 12.2167128315195
EAppRate= 0.0809769036713988
