ICQueenStrength= 1.30624358099885
RQWkrDrnRatio= 2.08024681732059
ICDroneMiteSurvivorship= 94.7238095570356
ICWorkerMiteSurvivorship= 4.10971574019641
ICForagerLifespan= 11.2656578179449
ImmType= Exponential
AIAdultSlope= 2.22263329839567
AIAdultLD50= 0.317351969657466
AIAdultSlopeContact= 3.41190706385532
AIAdultLD50Contact= 0.0251576550421305
AILarvaSlope= 2.59810330662876
AILarvaLD50= 0.221145145548508
AIKOW= 6.9425450861454
AIKOC= 29.3598334724084
AIHalfLife= 3.90895514632575
EAppRate= 0.340850739809684
