ICQueenStrength= 1.99886013101786
RQWkrDrnRatio= 1.27689270954579
