ICQueenStrength= 4.81723089260049
RQWkrDrnRatio= 1.33262411225587
ICDroneMiteSurvivorship= 64.1699871281162
ICWorkerMiteSurvivorship= 93.0003204848617
ICForagerLifespan= 5.91982771456242
ImmType= Polynomial
AIAdultSlope= 5.28353275032714
AIAdultLD50= 0.53451329562813
AIAdultSlopeContact= 1.05820651631802
AIAdultLD50Contact= 0.0611099842004478
AILarvaSlope= 9.71600121585652
AILarvaLD50= 0.198547678999603
AIKOW= 94.0975282341242
AIKOC= 17.3672118457034
AIHalfLife= 2.35938130039722
EAppRate= 0.988108287099749
