ICQueenStrength= 2.15982027375139
RQWkrDrnRatio= 4.45862612035125
ICDroneMiteSurvivorship= 79.5264756074175
ICWorkerMiteSurvivorship= 93.5703842435032
ICForagerLifespan= 14.0956839164719
ImmType= Sine
AIAdultSlope= 1.95104479406029
AIAdultLD50= 0.256162959965877
AIAdultSlopeContact= 2.61707414289471
AIAdultLD50Contact= 0.046400056546554
AILarvaSlope= 2.49819680815563
AILarvaLD50= 0.233415000373498
AIKOW= 6.37919396953657
AIKOC= 19.4433147041127
AIHalfLife= 4.78255319292657
EAppRate= 0
