ICQueenStrength= 2.93180308304727
RQWkrDrnRatio= 4.97895552683622
