ICQueenStrength= 5.57345421425998
RQWkrDrnRatio= 3.59247948229313
ICDroneMiteSurvivorship= 43.673333665356
ICWorkerMiteSurvivorship= 57.3135595303029
ICForagerLifespan= 10.4967938838527
ImmType= Cosine
AIAdultLD50= 0.154012839635834
AIAdultSlopeContact= 1.50126965435687
AIAdultLD50Contact= 0.0494326905463822
AILarvaSlope= 1.3264027629979
AILarvaLD50= 0.433715031458996
AIKOW= 3.49816316459328
AIKOC= 12.6782383490354
AIHalfLife= 6.97007803339511
EAppRate= 0.830051245633513
