ICQueenStrength= 5.76645166287199
RQWkrDrnRatio= 4.73825840651989
ICDroneMiteSurvivorship= 85.2228291332722
ICWorkerMiteSurvivorship= 86.7858261335641
ICForagerLifespan= 5.90503192041069
ImmType= Exponential
AIAdultSlope= 1.98999941195361
AIAdultLD50= 2.75518701737747
AIAdultSlopeContact= 1.74631538990652
AIAdultLD50Contact= 0.0251909328741021
AILarvaSlope= 1.53358363029547
AILarvaLD50= 0.769109356147237
AIKOW= 7.29016738478094
AIKOC= 21.4958660316188
AIHalfLife= 0.603986972942948
EAppRate= 0.670391388004646
