ICQueenStrength= 4.7010185723193
RQWkrDrnRatio= 1.99909778404981
ICDroneMiteSurvivorship= 73.9814524771646
ICWorkerMiteSurvivorship= 79.1189161362126
ICForagerLifespan= 8.55274730548263
ImmType= Tangent
AIAdultSlope= 2.29214510655496
AIAdultLD50= 0.360000598360784
AIAdultSlopeContact= 3.29841305186274
AIAdultLD50Contact= 0.00575329111889005
AILarvaSlope= 2.72712070406415
AILarvaLD50= 0.0266377347987145
AIKOW= 5.10130858235061
AIKOC= 23.3784353779629
AIHalfLife= 2.74405645090155
EAppRate= 0.101470073033124
