ICQueenStrength= 2.80336302844808
RQWkrDrnRatio= 4.76599735673517
ICDroneMiteSurvivorship= 21.8347103334963
ICWorkerMiteSurvivorship= 51.5924208797514
ICForagerLifespan= 7.14817089773715
ImmType= Cosine
AIAdultSlope= 3.15044140475802
AIAdultLD50= 1.72789366682991
AIAdultSlopeContact= 2.75918746272801
AIAdultLD50Contact= 0.0396976956981234
AILarvaSlope= 0.910916246008128
AILarvaLD50= 0.714280344173312
AIKOW= 7.3630271605216
AIKOC= 13.78692882834
AIHalfLife= 8.2701168791391
EAppRate= 0.575698115397245
