ICQueenStrength= 2.8484171165619
RQWkrDrnRatio= 3.44369837176055
ICDroneMiteSurvivorship= 3.41533853206784
ICWorkerMiteSurvivorship= 91.975293122232
ICForagerLifespan= 4.15474925562739
ImmType= Cosine
AIAdultSlopeContact= 0.386801463835873
AIAdultLD50Contact= 0.0293329255771823
AILarvaSlope= 2.87154355547391
AILarvaLD50= 0.0404430801048875
AIKOW= 2.28992130653933
AIKOC= 19.8089952068403
AIHalfLife= 11.8179924422875
