ICQueenStrength= 2.10703145503066
RQWkrDrnRatio= 4.56934281717986
ICDroneMiteSurvivorship= 34.1881972970441
ICWorkerMiteSurvivorship= 9.28450950887054
ICForagerLifespan= 14.1344538005069
ImmType= Logarithmic
AIAdultSlopeContact= 2.98300261662807
AIAdultLD50Contact= 0.031016127881594
AILarvaSlope= 1.94745045173913
AILarvaLD50= 0.28153150936123
AIKOW= 3.54107252554968
AIKOC= 13.8399076659698
AIHalfLife= 7.5779163655825
