ICQueenStrength= 5.42289612838067
RQWkrDrnRatio= 1.74761477857828
ICDroneMiteSurvivorship= 10.479628527537
ICWorkerMiteSurvivorship= 54.7351493965834
ICForagerLifespan= 8.95878138300031
ImmType= Logarithmic
AIAdultSlope= 1.0781788285682
AIAdultLD50= 0.461968787247315
AIAdultSlopeContact= 0.486008511311375
AIAdultLD50Contact= 0.0306194813456386
AILarvaSlope= 0.117948140949011
AILarvaLD50= 0.504731588275172
AIKOW= 3.8085969677195
AIKOC= 7.17999443411827
AIHalfLife= 0.717783026630059
EAppRate= 0
