ICQueenStrength= 1.57359994272701
RQWkrDrnRatio= 4.1469891499728
ICDroneMiteSurvivorship= 55.8114264160395
ICWorkerMiteSurvivorship= 84.8330739885569
ICForagerLifespan= 8.87720304634422
ImmType= Logarithmic
AIAdultSlope= 0.213523154931609
AIAdultLD50= 0.163182207150385
AIAdultSlopeContact= 1.97877368613845
AIAdultLD50Contact= 0.0376849118969403
AILarvaSlope= 2.66348058055155
AILarvaLD50= 0.478858099901117
AIKOW= 3.72301450790837
AIKOC= 22.4028933222871
AIHalfLife= 3.91476419987157
EAppRate= 0.290082678524777
