ICQueenStrength= 1.55658972007222
RQWkrDrnRatio= 2.82843241840601
ICDroneMiteSurvivorship= 80.3149753715843
ICWorkerMiteSurvivorship= 27.7096492005512
ICForagerLifespan= 8.44097915012389
ImmType= Polynomial
AIAdultSlope= 3.31319218399003
AIAdultLD50= 1.18452241178602
AIAdultSlopeContact= 0.227911130825523
AIAdultLD50Contact= 0.037895540392492
AILarvaSlope= 2.85142283001915
AILarvaLD50= 0.232397585269064
AIKOW= 6.767437861301
AIKOC= 23.7901467608754
AIHalfLife= 0.261597823351622
EAppRate= 0.975159177323803
