ICQueenStrength= 2.90869530662894
RQWkrDrnRatio= 2.1174587616697
ICDroneMiteSurvivorship= 5.44627523049712
ICWorkerMiteSurvivorship= 31.2538989586756
ICForagerLifespan= 4.40387445501983
ImmType= Logarithmic
AIAdultSlope= 1.87992425308563
AIAdultLD50= 0.13484137353953
AIAdultSlopeContact= 1.72044093117351
AIAdultLD50Contact= 0.0290653753443621
AILarvaSlope= 1.29690274274908
AILarvaLD50= 0.83299910381902
AIKOW= 3.826727763284
AIKOC= 25.0978838081937
AIHalfLife= 0.107451314106584
EAppRate= 0.0662854474503547
