ICQueenStrength= 2.25542968162335
RQWkrDrnRatio= 3.75850898399949
ICDroneMiteSurvivorship= 23.7132708076388
ICWorkerMiteSurvivorship= 91.8920550728217
ICForagerLifespan= 15.1800196664408
ImmType= Logarithmic
AIAdultSlope= 0.225815539131872
AIAdultLD50= 0.20377015741542
AIAdultSlopeContact= 3.02183992998675
AIAdultLD50Contact= 0.0154442409402691
AILarvaSlope= 2.67625935263932
AILarvaLD50= 0.611809449316934
AIKOW= 7.06854861462489
AIKOC= 26.4219074696302
AIHalfLife= 3.75718227471225
EAppRate= 0
