ICQueenStrength= 3.39425345440395
RQWkrDrnRatio= 4.71504666190594
ICDroneMiteSurvivorship= 14.4472148502246
ICWorkerMiteSurvivorship= 38.0542298778892
ICForagerLifespan= 6.56992814969271
ImmType= Logarithmic
AIAdultSlope= 8.67688845610246
AIAdultLD50= 0.0987327652983367
AIAdultSlopeContact= 2.50424793921411
AIAdultLD50Contact= 0.118791533866897
AILarvaSlope= 6.5994386933744
AILarvaLD50= 0.91317205876112
AIKOW= 10.0356685929
AIKOC= 79.367396584712
AIHalfLife= 4.53114500455558
EAppRate= 1.93066625948995
