ICQueenStrength= 3.92800119612366
RQWkrDrnRatio= 1.360923955217
ICDroneMiteSurvivorship= 34.9627430550754
ICWorkerMiteSurvivorship= 52.5708469096571
ICForagerLifespan= 10.0346227223054
ImmType= Cosine
AIAdultSlopeContact= 3.73733645476867
AIAdultLD50Contact= 0.00511562470346689
AILarvaSlope= 0.539180871099234
AILarvaLD50= 0.39545838588383
AIKOW= 3.14579289220273
AIKOC= 24.7482537536416
AIHalfLife= 11.3731492510997
