ICQueenStrength= 3.34431676683016
RQWkrDrnRatio= 1.97400258574635
ICDroneMiteSurvivorship= 33.6297456175089
ICWorkerMiteSurvivorship= 70.7523660967126
ICForagerLifespan= 9.66457932721823
ImmType= Exponential
AIAdultSlope= 1.17704634261318
AIAdultLD50= 0.716117391362786
AIAdultSlopeContact= 1.03484232087387
AIAdultLD50Contact= 0.0173603956238367
AILarvaSlope= 1.14833805263042
AILarvaLD50= 0.838082145131193
AIKOW= 7.9204184031114
AIKOC= 12.9780780011788
AIHalfLife= 8.81011993903667
EAppRate= 0.371480478672311
