ICQueenStrength= 4.34081003093161
RQWkrDrnRatio= 1.76693361997604
ICDroneMiteSurvivorship= 82.0655420422554
ICWorkerMiteSurvivorship= 55.88730762247
ICForagerLifespan= 12.5988885667175
ImmType= Sine
AIAdultSlope= 0.150199879333377
AIAdultLD50= 2.5169334942475
AIAdultSlopeContact= 2.76432011475088
AIAdultLD50Contact= 0.00207716620061547
AILarvaSlope= 0.656629953160882
AILarvaLD50= 0.0385640726191923
AIKOW= 2.69400639459491
AIKOC= 18.2735447958112
AIHalfLife= 5.94511003885418
EAppRate= 0.870623837225139
