ICQueenStrength= 2.05606417055242
RQWkrDrnRatio= 3.32486049365252
ICDroneMiteSurvivorship= 12.4887223588303
ICWorkerMiteSurvivorship= 52.793026692234
ICForagerLifespan= 6.05326532479376
ImmType= Sine
AIAdultSlope= 1.49758788077161
AIAdultLD50= 1.02700285823084
AIAdultSlopeContact= 0.184464598763734
AIAdultLD50Contact= 0.0344319989206269
AILarvaSlope= 1.40403588660993
AILarvaLD50= 0.33192885091994
AIKOW= 2.81823250139132
AIKOC= 17.0918586791959
AIHalfLife= 13.4734260640107
EAppRate= 0.979276719735935
