ICQueenStrength= 3.32413290650584
RQWkrDrnRatio= 1.12936185020953
ICDroneMiteSurvivorship= 28.6294595804065
ICWorkerMiteSurvivorship= 11.1595471622422
ICForagerLifespan= 8.55840798467398
ImmType= Cosine
AIAdultSlope= 2.19863258642843
AIAdultLD50= 0.359806768246926
AIAdultSlopeContact= 2.88678784818621
AIAdultLD50Contact= 0.0381318950792775
AILarvaSlope= 0.477070129103959
AILarvaLD50= 0.15295617536176
AIKOW= 2.58719133632258
AIKOC= 14.7437635587994
AIHalfLife= 2.45388957788236
EAppRate= 0.507064249599352
