ICQueenStrength= 1.83116356050596
RQWkrDrnRatio= 3.26777139399201
ICDroneMiteSurvivorship= 29.9959750846028
ICWorkerMiteSurvivorship= 36.0984414815903
ICForagerLifespan= 14.3698394568637
ImmType= Cosine
AIAdultLD50= 0.154012839635834
AIAdultSlopeContact= 0.877355914420914
AIAdultLD50Contact= 0.0242936446447857
AILarvaSlope= 1.81373801752925
AILarvaLD50= 0.432199885533191
AIKOW= 7.58890538755804
AIKOC= 8.76625149510801
AIHalfLife= 6.5287176319398
EAppRate= 1.08554329490289
