ICQueenStrength= 4.16118210321292
RQWkrDrnRatio= 2.26971391960979
ICDroneMiteSurvivorship= 56.0736819170415
ICWorkerMiteSurvivorship= 55.7682912796736
ICForagerLifespan= 15.3733532447368
ImmType= Sine
AIAdultSlope= 0.963293443238363
AIAdultLD50= 0.241506512393244
AIAdultSlopeContact= 3.28797468558652
AIAdultLD50Contact= 0.0389300162438303
AILarvaSlope= 1.82745296913199
AILarvaLD50= 0.793193926778622
AIKOW= 5.95842739101499
AIKOC= 27.7531039097812
AIHalfLife= 3.76065508229658
EAppRate= 0.635178927029483
