ICQueenStrength= 4.23847361491062
RQWkrDrnRatio= 4.48863570857793
ICDroneMiteSurvivorship= 35.0277950754389
ICWorkerMiteSurvivorship= 48.0871252017096
ICForagerLifespan= 10.3289318503812
ImmType= Tangent
AIAdultSlope= 2.80152115580393
AIAdultLD50= 0.308712449157611
AIAdultSlopeContact= 1.09259398434777
AIAdultLD50Contact= 0.01836018654285
AILarvaSlope= 2.47423001378775
AILarvaLD50= 0.852678253012709
AIKOW= 4.78221373073757
AIKOC= 6.67450438602827
AIHalfLife= 0.185751826502383
EAppRate= 0.0666550074005499
