ICQueenStrength= 3.1571258851327
RQWkrDrnRatio= 3.00127237569541
ICDroneMiteSurvivorship= 84.9049787968397
ICWorkerMiteSurvivorship= 32.6139001175761
ICForagerLifespan= 6.54503732267767
ImmType= Sine
AIAdultSlopeContact= 1.57311608146643
AIAdultLD50Contact= 0.0418678187881596
AILarvaSlope= 0.512266578059643
AILarvaLD50= 0.745239280094393
AIKOW= 5.51829665200785
AIKOC= 9.39612867194228
AIHalfLife= 8.94640420004725
