ICQueenStrength= 2.27740186755545
RQWkrDrnRatio= 4.16382918506861
ICDroneMiteSurvivorship= 54.7799159074202
ICWorkerMiteSurvivorship= 75.0437824754044
ICForagerLifespan= 6.6271928679198
ImmType= Logarithmic
AIAdultSlope= 2.04174634702504
AIAdultLD50= 1.68495178199373
AIAdultSlopeContact= 1.00200381617295
AIAdultLD50Contact= 0.0487013158388436
AILarvaSlope= 0.215243214508519
AILarvaLD50= 0.0193409708328545
AIKOW= 3.52206329535693
AIKOC= 8.528909542365
AIHalfLife= 11.393759992905
EAppRate= 0.195426226360723
