ICQueenStrength= 3.4591091775801
RQWkrDrnRatio= 4.5921829584986
ICDroneMiteSurvivorship= 71.3639885885641
ICWorkerMiteSurvivorship= 36.3985266070813
ICForagerLifespan= 10.132738458924
ImmType= Polynomial
AIAdultSlope= 0.590301918005571
AIAdultLD50= 1.85784395621158
AIAdultSlopeContact= 2.91709167940076
AIAdultLD50Contact= 0.0374704361194745
AILarvaSlope= 1.69899500459433
AILarvaLD50= 0.0499337923480198
AIKOW= 2.7627994902432
AIKOC= 8.68570819846354
AIHalfLife= 4.73910857271403
EAppRate= 0.854434974491596
