ICQueenStrength= 2.93890896858647
RQWkrDrnRatio= 3.42728427797556
ICDroneMiteSurvivorship= 90.3504349291325
ICWorkerMiteSurvivorship= 95.3075551660731
ICForagerLifespan= 10.0045095253736
ImmType= Polynomial
AIAdultSlope= 7.2152521670796
