ICQueenStrength= 1.45670587220229
RQWkrDrnRatio= 1.0385710215196
ICDroneMiteSurvivorship= 59.696254809387
ICWorkerMiteSurvivorship= 41.7532360646874
ICForagerLifespan= 11.6943227071315
ImmType= Cosine
AIAdultSlopeContact= 3.7952211655397
AIAdultLD50Contact= 0.0209214818198234
AILarvaSlope= 0.263318156450987
AILarvaLD50= 0.449337629741058
AIKOW= 2.28888445952907
AIKOC= 18.2212996366434
AIHalfLife= 2.55875518545508
