ICQueenStrength= 2.84976966120303
RQWkrDrnRatio= 2.57281426806003
ICDroneMiteSurvivorship= 17.598066246137
ICWorkerMiteSurvivorship= 21.1298920912668
ICForagerLifespan= 7.91637122258544
ImmType= Cosine
AIAdultSlope= 3.37433381332085
AIAdultLD50= 2.96337956143543
AIAdultSlopeContact= 1.66169451078633
AIAdultLD50Contact= 0.0242783021298237
AILarvaSlope= 3.05666943565011
AILarvaLD50= 0.40342760940548
AIKOW= 7.26898398529738
AIKOC= 8.37699155206792
AIHalfLife= 0.354591205716133
EAppRate= 0.708603175356984
