ICQueenStrength= 5.99815608840436
RQWkrDrnRatio= 1.29575102496892
ICDroneMiteSurvivorship= 18.0001916131005
ICWorkerMiteSurvivorship= 56.2053662491962
ICForagerLifespan= 9.15370553638786
ImmType= Cosine
AIAdultSlopeContact= 0.777846149413381
AIAdultLD50Contact= 0.0136962677584961
AILarvaSlope= 3.10535017433576
AILarvaLD50= 0.373816601489671
AIKOW= 2.38037274125963
AIKOC= 18.764770218404
AIHalfLife= 9.11758217355236
