ICQueenStrength= 5.23469632165506
RQWkrDrnRatio= 2.27327080536634
ICDroneMiteSurvivorship= 35.1494891801849
ICWorkerMiteSurvivorship= 24.4594653369859
ICForagerLifespan= 9.0586792267859
ImmType= Polynomial
AIAdultSlopeContact= 2.19841432656627
AIAdultLD50Contact= 0.00704431189224124
AILarvaSlope= 1.53353340174071
AILarvaLD50= 0.47489817996975
AIKOW= 2.99671527231112
AIKOC= 25.1737020688597
AIHalfLife= 4.24454187601805
