ICQueenStrength= 5.68429044587538
RQWkrDrnRatio= 2.72097381949425
ICDroneMiteSurvivorship= 99.9394413549453
ICWorkerMiteSurvivorship= 32.4471844593063
ICForagerLifespan= 7.143141255714
ImmType= Cosine
AIAdultSlope= 3.22022208506241
AIAdultLD50= 0.492137742927298
AIAdultSlopeContact= 1.76862739592325
AIAdultLD50Contact= 0.00388335071038455
AILarvaSlope= 2.76142297629267
AILarvaLD50= 0.582238301541656
AIKOW= 4.85296837612987
AIKOC= 6.32929976680316
AIHalfLife= 10.1157175670378
EAppRate= 0.507914215093479
