ICQueenStrength= 4.90058339107782
RQWkrDrnRatio= 3.22778557334095
ICDroneMiteSurvivorship= 72.5374246481806
ICWorkerMiteSurvivorship= 57.0086086401716
ICForagerLifespan= 7.5670568998903
ImmType= Exponential
AIAdultSlope= 0.0824342126958072
AIAdultLD50= 2.88975807535462
AIAdultSlopeContact= 2.75464484956814
AIAdultLD50Contact= 2.03018309548497e-05
AILarvaSlope= 2.60912578762509
AILarvaLD50= 0.407434108830057
AIKOW= 5.41443938296288
AIKOC= 21.5933909069281
AIHalfLife= 13.904924982693
EAppRate= 0.242785850772634
