ICQueenStrength= 2.41292251762934
RQWkrDrnRatio= 2.30268779676408
ICDroneMiteSurvivorship= 33.3237103652209
ICWorkerMiteSurvivorship= 19.1677673952654
ICForagerLifespan= 10.1970970164984
ImmType= Cosine
AIAdultSlope= 0.986741372011602
AIAdultLD50= 0.458624034421518
AIAdultSlopeContact= 0.384453710624948
AIAdultLD50Contact= 0.0270412227488123
AILarvaSlope= 0.481134328478947
AILarvaLD50= 0.823748467722908
AIKOW= 3.20484064938501
AIKOC= 23.3614804001991
AIHalfLife= 6.31070845434442
EAppRate= 0.813479837030172
