ICQueenStrength= 4.0534953402821
RQWkrDrnRatio= 1.58693604171276
ICDroneMiteSurvivorship= 79.8520097741857
ICWorkerMiteSurvivorship= 36.7208712501451
ICForagerLifespan= 4.70239014737308
ImmType= Polynomial
AIAdultSlope= 1.776751399145
AIAdultLD50= 0.0126439217710868
AIAdultSlopeContact= 2.51828766626772
AIAdultLD50Contact= 0.0254384599626064
AILarvaSlope= 1.24759605336003
AILarvaLD50= 0.226700236368924
AIKOW= 4.59663697099313
AIKOC= 13.6285326571669
AIHalfLife= 2.49913415289484
EAppRate= 0.667673588427715
