ICQueenStrength= 1.68459878559224
RQWkrDrnRatio= 2.13639978319407
ICDroneMiteSurvivorship= 64.116252399981
ICWorkerMiteSurvivorship= 95.0638017849997
ICForagerLifespan= 6.43216306343675
ImmType= Tangent
AIAdultSlopeContact= 0.712869210562203
AIAdultLD50Contact= 0.0170392958214506
AILarvaSlope= 2.22698340606876
AILarvaLD50= 0.718258389341645
AIKOW= 5.86729805450886
AIKOC= 12.9232131072786
AIHalfLife= 0.948959994595498
