ICQueenStrength= 5.89337337319739
RQWkrDrnRatio= 3.01545966789126
ICDroneMiteSurvivorship= 75.0037955585867
ICWorkerMiteSurvivorship= 71.5687445364892
ICForagerLifespan= 10.0489378115162
ImmType= Exponential
AIAdultSlope= 1.9122834140039
AIAdultLD50= 0.357471606810577
AIAdultSlopeContact= 0.00677445016102865
AIAdultLD50Contact= 0.0178677187650464
AILarvaSlope= 1.37235347167589
AILarvaLD50= 0.257173749036156
AIKOW= 5.67268943227828
AIKOC= 19.5862416538876
AIHalfLife= 4.7324722900521
EAppRate= 0
