ICQueenStrength= 3.54375435761176
RQWkrDrnRatio= 4.95541374292225
ICDroneMiteSurvivorship= 80.2497361088172
ICWorkerMiteSurvivorship= 74.0729428129271
ICForagerLifespan= 10.4363049799576
ImmType= Logarithmic
AIAdultSlope= 2.74444329529069
AIAdultLD50= 2.92401033570059
AIAdultSlopeContact= 2.79151135128457
AIAdultLD50Contact= 0.024785209831316
AILarvaSlope= 1.02156695928425
AILarvaLD50= 0.827541151293553
AIKOW= 2.2520457576029
AIKOC= 18.5340767563321
AIHalfLife= 9.95166628668085
EAppRate= 0.25325279077515
