ICQueenStrength= 4.80217484431341
RQWkrDrnRatio= 3.72934245504439
ICDroneMiteSurvivorship= 51.8746313871816
ICWorkerMiteSurvivorship= 49.5600982801989
ICForagerLifespan= 5.0319490339607
ImmType= Polynomial
AIAdultSlope= 0.644259271258488
AIAdultSlopeContact= 1.17593501971336
AIAdultLD50Contact= 0.015135731594637
AILarvaSlope= 3.09885553354397
AILarvaLD50= 0.632889885501936
AIKOW= 3.07795389601961
AIKOC= 16.8391020339914
AIHalfLife= 0.280760794412345
