ICQueenStrength= 4.17469117115252
RQWkrDrnRatio= 1.97414656914771
ICDroneMiteSurvivorship= 62.9886409733444
ICWorkerMiteSurvivorship= 74.8634717892855
ICForagerLifespan= 10.5635271687061
ImmType= Exponential
AIAdultSlope= 6.69042550260201
