ICQueenStrength= 1.17650534398854
RQWkrDrnRatio= 1.78830744791776
