ICQueenStrength= 3.59248501434922
RQWkrDrnRatio= 2.04693198110908
