ICQueenStrength= 4.27521439641714
RQWkrDrnRatio= 1.44138930551708
ICDroneMiteSurvivorship= 64.589251531288
ICWorkerMiteSurvivorship= 5.53112959023565
ICForagerLifespan= 5.20794405322522
ImmType= Exponential
AIAdultSlope= 1.83489263057709
AIAdultLD50= 0.667166483821347
AIAdultSlopeContact= 2.45638272026554
AIAdultLD50Contact= 0.051772627606988
AILarvaSlope= 6.72371376538649
AILarvaLD50= 0.977385176811367
AIKOW= 43.7473424011841
AIKOC= 69.0457371296361
AIHalfLife= 12.929876413662
EAppRate= 1.82048201048747
