ICQueenStrength= 4.70457945158705
RQWkrDrnRatio= 1.73615607898682
ICDroneMiteSurvivorship= 84.893208858557
ICWorkerMiteSurvivorship= 83.844164875336
ICForagerLifespan= 13.622682900168
ImmType= Logarithmic
AIAdultSlope= 2.58301105163991
AIAdultLD50= 2.86472054198384
AIAdultSlopeContact= 0.661559715277981
AIAdultLD50Contact= 0.0390250117983669
AILarvaSlope= 1.13050082097761
AILarvaLD50= 0.724435978964903
AIKOW= 4.26456688856706
AIKOC= 11.0121121525299
AIHalfLife= 9.30875111930072
EAppRate= 0.100771724944934
