ICQueenStrength= 3.32927578035742
RQWkrDrnRatio= 4.00874963682145
ICDroneMiteSurvivorship= 56.9213343784213
ICWorkerMiteSurvivorship= 97.8609572164714
ICForagerLifespan= 13.4175432212651
ImmType= Cosine
AIAdultSlope= 1.04540655864403
AIAdultLD50= 1.0343336253427
AIAdultSlopeContact= 0.691271828559693
AIAdultLD50Contact= 0.0467016495997086
AILarvaSlope= 2.6947184367571
AILarvaLD50= 0.411707809288055
AIKOW= 5.04502969607711
AIKOC= 15.4647288972046
AIHalfLife= 3.99366478668526
EAppRate= 0.995484884129837
