ICQueenStrength= 4.33918654359877
RQWkrDrnRatio= 2.4320232598111
ICDroneMiteSurvivorship= 6.13714992068708
ICWorkerMiteSurvivorship= 57.2039624443278
ICForagerLifespan= 5.55795108992606
ImmType= Tangent
AIAdultSlope= 1.87438854617067
AIAdultLD50= 0.367349844658747
AIAdultSlopeContact= 3.80967240256257
AIAdultLD50Contact= 0.03067034779815
AILarvaSlope= 0.226657176623121
AILarvaLD50= 0.274335358198732
AIKOW= 6.83247593836859
AIKOC= 16.2082026491407
AIHalfLife= 2.0324649871327
EAppRate= 0.986915373243392
