ICQueenStrength= 2.47321535274386
RQWkrDrnRatio= 1.1613998496905
ICDroneMiteSurvivorship= 84.9900455446914
ICWorkerMiteSurvivorship= 20.701336604543
ICForagerLifespan= 10.6915982877836
ImmType= Sine
AIAdultSlope= 6.12312317825854
