ICQueenStrength= 4.57558474177495
RQWkrDrnRatio= 4.8588849734515
ICDroneMiteSurvivorship= 26.4893834013492
ICWorkerMiteSurvivorship= 68.1434575933963
ICForagerLifespan= 5.59906780626625
ImmType= Sine
AIAdultLD50= 0.154012839635834
AIAdultSlopeContact= 0.689624930990394
AIAdultLD50Contact= 0.0489267526427284
AILarvaSlope= 2.00250477842055
AILarvaLD50= 0.895504342345521
AIKOW= 3.61419637035578
AIKOC= 27.3272073199041
AIHalfLife= 7.12912273220718
EAppRate= 1.72866214253008
