ICQueenStrength= 3.14257662068121
RQWkrDrnRatio= 2.57136430032551
ICDroneMiteSurvivorship= 39.0135001856834
ICWorkerMiteSurvivorship= 70.4407377634197
ICForagerLifespan= 4.57607961911708
ImmType= Exponential
AIAdultSlope= 2.14477682719007
AIAdultLD50= 0.339525929884985
AIAdultSlopeContact= 8.92213310813531
AIAdultLD50Contact= 0.0442105432506651
AILarvaSlope= 8.16830327035859
AILarvaLD50= 1.78961817454547
AIKOW= 77.9828387545422
AIKOC= 78.9310816442594
AIHalfLife= 4.08604677347466
EAppRate= 1.27355668973178
