ICQueenStrength= 2.18603495880961
RQWkrDrnRatio= 1.786914575845
ICDroneMiteSurvivorship= 27.6925441808999
ICWorkerMiteSurvivorship= 89.311806531623
ICForagerLifespan= 5.84035145584494
ImmType= Polynomial
AIAdultSlope= 1.3131518971175
AIAdultLD50= 1.99348052660935
AIAdultSlopeContact= 2.32030378926778
AIAdultLD50Contact= 0.0071697658393532
AILarvaSlope= 1.72706751902588
AILarvaLD50= 0.737960647651926
AIKOW= 7.00558929564431
AIKOC= 12.2654117713682
AIHalfLife= 8.05247597116977
EAppRate= 0.888112374581397
