ICQueenStrength= 4.17839768249542
RQWkrDrnRatio= 2.81775811873376
