ICQueenStrength= 2.63893191376701
RQWkrDrnRatio= 4.06648513954133
ICDroneMiteSurvivorship= 64.5060012117028
ICWorkerMiteSurvivorship= 27.2190301911905
ICForagerLifespan= 15.1809145659208
ImmType= Cosine
AIAdultSlope= 0.314055763557553
AIAdultLD50= 0.881560179870576
AIAdultSlopeContact= 0.214472281406634
AIAdultLD50Contact= 0.026358007802628
AILarvaSlope= 1.78038144488819
AILarvaLD50= 0.421039147395641
AIKOW= 4.38383388146758
AIKOC= 9.52722363988869
AIHalfLife= 5.0508290855214
EAppRate= 0.416203771950677
