ICQueenStrength= 3.42131322971545
RQWkrDrnRatio= 2.51121250260621
ICDroneMiteSurvivorship= 0.699901301413774
ICWorkerMiteSurvivorship= 81.9988024653867
ICForagerLifespan= 14.4662691932172
ImmType= Tangent
AIAdultSlope= 0.202375255837105
AIAdultLD50= 0.437639526440762
AIAdultSlopeContact= 0.702538750371896
AIAdultLD50Contact= 0.0191309419227764
AILarvaSlope= 2.19313897443935
AILarvaLD50= 0.243854499631561
AIKOW= 6.02412780327722
AIKOC= 10.4637397581246
AIHalfLife= 1.75615357002243
EAppRate= 0.584107245318592
