ICQueenStrength= 3.13182285428047
RQWkrDrnRatio= 2.66776943951845
ICDroneMiteSurvivorship= 32.0517343468964
ICWorkerMiteSurvivorship= 20.7102760206908
ICForagerLifespan= 14.1932676341385
ImmType= Polynomial
AIAdultSlope= 6.15580748300999
