ICQueenStrength= 4.5014733648859
RQWkrDrnRatio= 2.56825284939259
ICDroneMiteSurvivorship= 40.3988167410716
ICWorkerMiteSurvivorship= 25.1300080679357
ICForagerLifespan= 10.5654634134844
ImmType= Tangent
AIAdultSlope= 2.93143659872003
AIAdultLD50= 1.27196962852031
AIAdultSlopeContact= 3.86411274726503
AIAdultLD50Contact= 0.0438129896181636
AILarvaSlope= 2.73389730397612
AILarvaLD50= 0.393663489539176
AIKOW= 4.65970654552802
AIKOC= 6.16518799331971
AIHalfLife= 4.91970304073766
EAppRate= 0.279934528050944
