ICQueenStrength= 5.92029672837816
RQWkrDrnRatio= 3.95082921162248
ICDroneMiteSurvivorship= 69.5009851129726
ICWorkerMiteSurvivorship= 23.87518750038
ICForagerLifespan= 13.6684069167823
ImmType= Polynomial
AIAdultSlope= 0.54249438123079
AIAdultLD50= 0.409437356283888
AIAdultSlopeContact= 1.00223625159357
AIAdultLD50Contact= 0.0103347312426195
AILarvaSlope= 1.96287414473481
AILarvaLD50= 0.170745664718561
AIKOW= 6.80484930146486
AIKOC= 27.4191479210276
AIHalfLife= 1.27268763259053
EAppRate= 0.637378628831357
