ICQueenStrength= 5.6116104174871
RQWkrDrnRatio= 2.4423543009907
ICDroneMiteSurvivorship= 5.16600434202701
ICWorkerMiteSurvivorship= 46.9590515131131
ICForagerLifespan= 9.06514376122504
ImmType= Logarithmic
AIAdultSlope= 0.753344094892964
AIAdultLD50= 1.88049044203945
AIAdultSlopeContact= 3.76951603482245
AIAdultLD50Contact= 0.0228561027324758
AILarvaSlope= 1.08629982341081
AILarvaLD50= 0.739926321082748
AIKOW= 7.15278203645721
AIKOC= 8.70741329388693
AIHalfLife= 7.2423945274204
EAppRate= 0.470694294432178
