ICQueenStrength= 1.96029719337821
RQWkrDrnRatio= 3.60806120652705
ICDroneMiteSurvivorship= 42.2766409581527
ICWorkerMiteSurvivorship= 59.5291860634461
ICForagerLifespan= 9.56918586790562
ImmType= Exponential
AIAdultSlopeContact= 2.91225297074066
AIAdultLD50Contact= 0.0375694057322107
AILarvaSlope= 1.02562086279504
AILarvaLD50= 0.844313760730438
AIKOW= 7.22107177646831
AIKOC= 10.7814050116576
AIHalfLife= 7.68902847729623
