ICQueenStrength= 4.70374773512594
RQWkrDrnRatio= 1.67276065703481
ICDroneMiteSurvivorship= 62.5815594801679
ICWorkerMiteSurvivorship= 48.8761601038277
ICForagerLifespan= 9.94556133821607
ImmType= Tangent
AIAdultSlope= 0.700702904833015
AIAdultLD50= 0.394669153145514
AIAdultSlopeContact= 1.19728711660719
AIAdultLD50Contact= 0.0314179556560703
AILarvaSlope= 1.00162666318938
AILarvaLD50= 0.256615270581096
AIKOW= 2.26220393693075
AIKOC= 21.9705803215038
AIHalfLife= 1.5953681722749
EAppRate= 0
