ICQueenStrength= 1.04246956086718
RQWkrDrnRatio= 2.9785643927753
ICDroneMiteSurvivorship= 19.90433530882
ICWorkerMiteSurvivorship= 59.3509441008791
ICForagerLifespan= 9.45745058916509
ImmType= Exponential
AIAdultSlopeContact= 1.33713622038485
AIAdultLD50Contact= 0.00348919817479327
AILarvaSlope= 2.87402989901602
AILarvaLD50= 0.430341696180403
AIKOW= 7.04941307054833
AIKOC= 16.418012867216
AIHalfLife= 1.33393633412197
