ICQueenStrength= 3.33253522892483
RQWkrDrnRatio= 2.53307666257024
ICDroneMiteSurvivorship= 34.1420759214088
ICWorkerMiteSurvivorship= 33.6251027649269
ICForagerLifespan= 13.9610650837421
ImmType= Polynomial
AIAdultSlopeContact= 2.36704900818877
AIAdultLD50Contact= 0.035041457938496
AILarvaSlope= 0.628590008523315
AILarvaLD50= 0.853441640292294
AIKOW= 7.79920286638662
AIKOC= 14.4472238677554
AIHalfLife= 0.597053461708128
