ICQueenStrength= 5.71642287098803
RQWkrDrnRatio= 4.77500716317445
ICDroneMiteSurvivorship= 74.3853381834924
ICWorkerMiteSurvivorship= 83.8763997424394
ICForagerLifespan= 13.4761024713516
ImmType= Logarithmic
AIAdultSlope= 2.07342146951705
AIAdultLD50= 1.63274082122371
AIAdultSlopeContact= 2.90088510160334
AIAdultLD50Contact= 0.0396087974542752
AILarvaSlope= 0.346579219028354
AILarvaLD50= 0.471114826085977
AIKOW= 6.50378741323948
AIKOC= 29.0301475045271
AIHalfLife= 11.5212846561335
EAppRate= 0.999627323588356
