ICQueenStrength= 5.55150337540545
RQWkrDrnRatio= 4.65170461684465
ICDroneMiteSurvivorship= 96.1969037773088
ICWorkerMiteSurvivorship= 22.0921863336116
ICForagerLifespan= 8.29269644338638
ImmType= Sine
AIAdultSlope= 2.81568831014447
AIAdultLD50= 2.51511664129794
AIAdultSlopeContact= 2.23008211149601
AIAdultLD50Contact= 0.00947951440466568
AILarvaSlope= 1.15159993534908
AILarvaLD50= 0.281243433617055
AIKOW= 7.77748979907483
AIKOC= 19.5901097042952
AIHalfLife= 12.5494901207276
EAppRate= 0.519890933763236
