ICQueenStrength= 4.68550884304568
RQWkrDrnRatio= 1.15645873174071
ICDroneMiteSurvivorship= 55.9033252298832
ICWorkerMiteSurvivorship= 29.643507511355
ICForagerLifespan= 6.98526730760932
ImmType= Sine
AIAdultSlope= 3.41544987008208
AIAdultLD50= 0.252566591487266
AIAdultSlopeContact= 1.03706725127064
AIAdultLD50Contact= 0.0380483681568876
AILarvaSlope= 1.98285327157937
AILarvaLD50= 0.796243570768274
AIKOW= 6.05548207368702
AIKOC= 23.7241728068329
AIHalfLife= 1.35157627286389
EAppRate= 0.00385441123507917
