ICQueenStrength= 5.01794127421454
RQWkrDrnRatio= 4.64107070490718
ICDroneMiteSurvivorship= 20.2039945404977
ICWorkerMiteSurvivorship= 83.3118530455977
ICForagerLifespan= 12.4215362686664
ImmType= Logarithmic
AIAdultSlope= 3.19348570322618
AIAdultLD50= 2.42708621663041
AIAdultSlopeContact= 2.07587192530744
AIAdultLD50Contact= 0.00700786936795339
AILarvaSlope= 3.0869179666508
AILarvaLD50= 0.644409868237563
AIKOW= 2.84435641951859
AIKOC= 14.4565683801193
AIHalfLife= 9.31926479190588
EAppRate= 0.369903242914006
