ICQueenStrength= 2.91574166063219
RQWkrDrnRatio= 4.78859314322472
ICDroneMiteSurvivorship= 33.4101673681289
ICWorkerMiteSurvivorship= 45.8512357668951
ICForagerLifespan= 7.15540244895965
ImmType= Tangent
AIAdultSlopeContact= 1.56976737314835
AIAdultLD50Contact= 0.0164538954850286
AILarvaSlope= 0.864184107631445
AILarvaLD50= 0.194747120607644
AIKOW= 90.6970444135368
AIKOC= 87.5914200907573
AIHalfLife= 3.32112415833399
