ICQueenStrength= 4.39696248294786
RQWkrDrnRatio= 2.66224219184369
ICDroneMiteSurvivorship= 10.861255065538
ICWorkerMiteSurvivorship= 65.3145611286163
ICForagerLifespan= 13.0501343533397
ImmType= Tangent
AIAdultSlope= 1.61228742166422
AIAdultLD50= 0.182343232445419
AIAdultSlopeContact= 1.41112620476866
AIAdultLD50Contact= 0.0398605293594301
AILarvaSlope= 0.888193897530437
AILarvaLD50= 0.862895852071233
AIKOW= 6.09570655738935
AIKOC= 24.7967646934558
AIHalfLife= 10.7353462935425
EAppRate= 0.231333208270371
