ICQueenStrength= 5.83323487220332
RQWkrDrnRatio= 1.74590639956295
ICDroneMiteSurvivorship= 31.6976895788684
ICWorkerMiteSurvivorship= 89.9782435968518
ICForagerLifespan= 8.06149340979755
ImmType= Cosine
AIAdultSlope= 0.234896816206165
AIAdultLD50= 0.13137676124461
AIAdultSlopeContact= 3.53424467898672
AIAdultLD50Contact= 0.0363567821565084
AILarvaSlope= 1.17103714160621
AILarvaLD50= 0.567300960095599
AIKOW= 5.51712525030598
AIKOC= 22.0034556475002
AIHalfLife= 4.88262458704412
EAppRate= 0.438108484400436
