ICQueenStrength= 2.45812663482502
RQWkrDrnRatio= 1.25895973388106
ICDroneMiteSurvivorship= 55.5456618545577
ICWorkerMiteSurvivorship= 37.5722790835425
ICForagerLifespan= 13.9104195795953
ImmType= Tangent
AIAdultSlope= 0.520246175210923
AIAdultLD50= 1.21982075460255
AIAdultSlopeContact= 3.35459448766429
AIAdultLD50Contact= 0.0111310348496772
AILarvaSlope= 1.17513446332887
AILarvaLD50= 0.783051469177008
AIKOW= 4.02547706663609
AIKOC= 26.8069367401768
AIHalfLife= 6.30066877743229
EAppRate= 0.350960518233478
