ICQueenStrength= 3.18552384176292
RQWkrDrnRatio= 1.42046813294291
ICDroneMiteSurvivorship= 89.1815756447613
ICWorkerMiteSurvivorship= 68.0446207756177
ICForagerLifespan= 7.83891741372645
ImmType= Tangent
AIAdultSlope= 3.09150631539524
