ICQueenStrength= 1.9487388106063
RQWkrDrnRatio= 3.24163322057575
