ICQueenStrength= 4.66579126566648
RQWkrDrnRatio= 2.9400771483779
ICDroneMiteSurvivorship= 92.3752133036032
ICWorkerMiteSurvivorship= 8.20416598580778
ICForagerLifespan= 8.74939751904458
ImmType= Polynomial
AIAdultSlope= 0.0778468249365687
AIAdultLD50= 0.840885648038238
AIAdultSlopeContact= 1.00295468027936
AIAdultLD50Contact= 0.00708724996075034
AILarvaSlope= 0.543848889740184
AILarvaLD50= 0.201036008284427
AIKOW= 4.74927682010457
AIKOC= 25.7038369146176
AIHalfLife= 0.246795583982021
EAppRate= 0.988357871538028
