ICQueenStrength= 5.8434282373637
RQWkrDrnRatio= 2.20816060341895
ICDroneMiteSurvivorship= 76.5565003966913
ICWorkerMiteSurvivorship= 2.50277281738818
ICForagerLifespan= 10.359050062485
ImmType= Exponential
AIAdultSlopeContact= 0.27667215680005
AIAdultLD50Contact= 0.00610268490854651
AILarvaSlope= 2.73150983271189
AILarvaLD50= 0.577943536103703
AIKOW= 4.26032520132139
AIKOC= 28.9791935833637
AIHalfLife= 8.0283754770644
