ICQueenStrength= 3.70429670345038
RQWkrDrnRatio= 4.04559304658324
ICDroneMiteSurvivorship= 35.9180954052135
ICWorkerMiteSurvivorship= 60.2152807172388
ICForagerLifespan= 10.8553885240108
ImmType= Cosine
AIAdultSlope= 0.00723331112181768
AIAdultLD50= 0.41732136614155
AIAdultSlopeContact= 0.912784653806593
AIAdultLD50Contact= 0.0407276739133522
AILarvaSlope= 1.55097342883237
AILarvaLD50= 0.41430051738862
AIKOW= 6.76560918847099
AIKOC= 27.8277829301078
AIHalfLife= 2.3286715359427
EAppRate= 0.373728344542906
