ICQueenStrength= 5.0076981682796
RQWkrDrnRatio= 2.13638012576848
ICDroneMiteSurvivorship= 75.2974091563374
ICWorkerMiteSurvivorship= 4.32017557322979
ICForagerLifespan= 5.70141474995762
ImmType= Sine
AIAdultSlope= 1.32617451778147
AIAdultLD50= 0.479853611090221
AIAdultSlopeContact= 2.79515693671536
AIAdultLD50Contact= 0.0119271261966787
AILarvaSlope= 0.567909789225087
AILarvaLD50= 0.10525791705586
AIKOW= 7.20341931795701
AIKOC= 21.746444295859
AIHalfLife= 1.77171941497363
EAppRate= 0.445417733886279
