ICQueenStrength= 1.62484813155606
RQWkrDrnRatio= 2.35022269748151
ICDroneMiteSurvivorship= 33.4477165946737
ICWorkerMiteSurvivorship= 74.0971949649975
ICForagerLifespan= 6.70021658111364
ImmType= Logarithmic
AIAdultSlope= 0.559717951950152
AIAdultLD50= 0.117303530918434
AIAdultSlopeContact= 3.51842899047537
AIAdultLD50Contact= 0.02854553143261
AILarvaSlope= 0.3998036660254
AILarvaLD50= 0.748560091434047
AIKOW= 3.73998563783243
AIKOC= 19.0185088734142
AIHalfLife= 3.87880840571597
EAppRate= 0.037244509998709
