ICQueenStrength= 1.21177706075832
RQWkrDrnRatio= 4.34599839430302
ICDroneMiteSurvivorship= 98.7963108578697
ICWorkerMiteSurvivorship= 16.9360952218994
ICForagerLifespan= 8.8418354857713
ImmType= Tangent
AIAdultSlope= 0.143439541570842
