ICQueenStrength= 3.50108053558506
RQWkrDrnRatio= 3.81858633086085
ICDroneMiteSurvivorship= 24.9751625815406
ICWorkerMiteSurvivorship= 47.9946264531463
ICForagerLifespan= 9.47176876850426
ImmType= Exponential
AIAdultSlope= 1.86747575107729
AIAdultLD50= 0.471700857626274
AIAdultSlopeContact= 3.90738379777176
AIAdultLD50Contact= 0.00704366535646841
AILarvaSlope= 1.13978374265134
AILarvaLD50= 0.607590577402152
AIKOW= 2.16161378007382
AIKOC= 7.9597673274111
AIHalfLife= 2.4867667502258
EAppRate= 0.598325274093077
