ICQueenStrength= 1.97367889015004
RQWkrDrnRatio= 3.04257181845605
ICDroneMiteSurvivorship= 89.4006308401003
ICWorkerMiteSurvivorship= 72.786718653515
ICForagerLifespan= 10.3755621211603
ImmType= Exponential
AIAdultSlope= 1.25927118623396
AIAdultLD50= 0.383573748287745
AIAdultSlopeContact= 0.763805945939384
AIAdultLD50Contact= 0.0321647451957688
AILarvaSlope= 0.856490472890437
AILarvaLD50= 0.694455227279104
AIKOW= 3.13948168652132
AIKOC= 27.5017099175602
AIHalfLife= 1.94714427459985
EAppRate= 0.296442178706638
