ICQueenStrength= 2.90801805467345
RQWkrDrnRatio= 4.58945384155959
ICDroneMiteSurvivorship= 46.4005250250921
ICWorkerMiteSurvivorship= 43.3562301797792
ICForagerLifespan= 9.81838433351368
ImmType= Tangent
AIAdultSlopeContact= 2.67260735525982
AIAdultLD50Contact= 0.0401533081312664
AILarvaSlope= 1.16353114075027
AILarvaLD50= 0.484868846274912
AIKOW= 5.19835380185395
AIKOC= 16.4888250362128
AIHalfLife= 4.09225663077086
