ICQueenStrength= 1.91357767675072
RQWkrDrnRatio= 3.3529937369749
