ICQueenStrength= 2.46821693982929
RQWkrDrnRatio= 3.42927552014589
ICDroneMiteSurvivorship= 44.8445520130917
ICWorkerMiteSurvivorship= 28.6817495943978
ICForagerLifespan= 8.14727798942477
ImmType= Polynomial
AIAdultSlope= 7.37957277568057
