ICQueenStrength= 3.34759575105272
RQWkrDrnRatio= 4.24525763746351
ICDroneMiteSurvivorship= 65.6291576102376
ICWorkerMiteSurvivorship= 71.1576238507405
ICForagerLifespan= 5.4205422680825
ImmType= Tangent
AIAdultSlope= 2.26356411719229
AIAdultLD50= 0.00451569026336074
AIAdultSlopeContact= 1.45491613360355
AIAdultLD50Contact= 0.0106777059962042
AILarvaSlope= 3.02188064940274
AILarvaLD50= 0.186683101952076
AIKOW= 2.31963697774336
AIKOC= 19.8191813088488
AIHalfLife= 1.74147937912494
EAppRate= 0.403616477665491
