ICQueenStrength= 3.00973219703883
RQWkrDrnRatio= 2.44767690170556
ICDroneMiteSurvivorship= 66.0133354831487
ICWorkerMiteSurvivorship= 17.9875402478501
ICForagerLifespan= 14.3481648303568
ImmType= Polynomial
AIAdultSlope= 2.86229558479972
AIAdultLD50= 0.602472276426852
AIAdultSlopeContact= 1.54135207531275
AIAdultLD50Contact= 0.00593650054652244
AILarvaSlope= 0.477758881729096
AILarvaLD50= 0.246472267946228
AIKOW= 7.07453526882455
AIKOC= 18.6677017319016
AIHalfLife= 1.2205337821506
EAppRate= 0.635508308885619
