ICQueenStrength= 5.75777797168121
RQWkrDrnRatio= 1.9230379499495
ICDroneMiteSurvivorship= 33.2811770727858
ICWorkerMiteSurvivorship= 79.2191470973194
ICForagerLifespan= 5.00331630464643
ImmType= Logarithmic
AIAdultSlope= 2.10884240013547
AIAdultLD50= 0.0263517941348255
AIAdultSlopeContact= 2.18104456330882
AIAdultLD50Contact= 0.0127503658644855
AILarvaSlope= 0.105322681926191
AILarvaLD50= 0.665428636246361
AIKOW= 6.81771200103685
AIKOC= 13.7777096312493
AIHalfLife= 5.26121959090233
EAppRate= 0.187214384553954
