ICQueenStrength= 4.14158545457758
RQWkrDrnRatio= 3.93600378185511
ICDroneMiteSurvivorship= 91.7806426528841
ICWorkerMiteSurvivorship= 29.0367460576817
ICForagerLifespan= 6.43169790413231
ImmType= Tangent
AIAdultSlope= 1.02920189434662
AIAdultLD50= 1.17996190697886
AIAdultSlopeContact= 0.837134725435171
AIAdultLD50Contact= 0.0192098424537107
AILarvaSlope= 1.42137774755247
AILarvaLD50= 0.101025200332515
AIKOW= 3.17116408469155
AIKOC= 19.671353524318
AIHalfLife= 0.479809137061238
EAppRate= 0.755876237992197
