ICQueenStrength= 3.15041350340471
RQWkrDrnRatio= 1.94941407442093
ICDroneMiteSurvivorship= 93.4569612145424
ICWorkerMiteSurvivorship= 72.1978769404814
ICForagerLifespan= 8.28645438421518
ImmType= Logarithmic
AIAdultSlope= 1.09009683458135
AIAdultLD50= 1.37143410206772
AIAdultSlopeContact= 0.392546036615968
AIAdultLD50Contact= 0.0453786045080051
AILarvaSlope= 2.30215224870481
AILarvaLD50= 0.234063875349239
AIKOW= 6.54014831455424
AIKOC= 13.029952965444
AIHalfLife= 7.09933898365125
EAppRate= 0.00458598509430885
