ICQueenStrength= 1.6452568678651
RQWkrDrnRatio= 2.71802920941263
ICDroneMiteSurvivorship= 18.7899751588702
ICWorkerMiteSurvivorship= 35.0132576189935
ICForagerLifespan= 5.43638150300831
ImmType= Exponential
AIAdultSlope= 1.25837248675525
AIAdultLD50= 0.381177738541737
AIAdultSlopeContact= 1.34380583253689
AIAdultLD50Contact= 0.0100750338402577
AILarvaSlope= 1.87625460545532
AILarvaLD50= 0.706221130443737
AIKOW= 3.88689522398636
AIKOC= 7.06207041046582
AIHalfLife= 4.81985670747235
EAppRate= 0
