ICQueenStrength= 2.89391609397717
RQWkrDrnRatio= 1.51310353539884
ICDroneMiteSurvivorship= 68.091139709577
ICWorkerMiteSurvivorship= 19.9386815773323
ICForagerLifespan= 8.52205671835691
ImmType= Polynomial
AIAdultSlope= 2.40704324212857
AIAdultLD50= 1.70379899907857
AIAdultSlopeContact= 1.14794137721183
AIAdultLD50Contact= 0.0215695054503158
AILarvaSlope= 0.736919496022165
AILarvaLD50= 0.448050869931467
AIKOW= 6.92076086765155
AIKOC= 8.29553983756341
AIHalfLife= 6.52121382253245
EAppRate= 0.482779543148354
