ICQueenStrength= 3.98379208426923
RQWkrDrnRatio= 3.79156513884664
ICDroneMiteSurvivorship= 14.7486916277558
ICWorkerMiteSurvivorship= 41.5538077708334
ICForagerLifespan= 7.30370573885739
ImmType= Logarithmic
AIAdultSlope= 2.20021094596013
AIAdultLD50= 2.24667780264281
AIAdultSlopeContact= 0.655576737457886
AIAdultLD50Contact= 0.0302542902645655
AILarvaSlope= 3.03850780115463
AILarvaLD50= 0.383692092332058
AIKOW= 4.8681667977944
AIKOC= 22.3906854179222
AIHalfLife= 12.3624347811565
EAppRate= 0.19307047361508
