ICQueenStrength= 2.04006479959935
RQWkrDrnRatio= 2.64707504026592
