ICQueenStrength= 5.39253262476996
RQWkrDrnRatio= 1.77901182230562
ICDroneMiteSurvivorship= 52.1642902633175
ICWorkerMiteSurvivorship= 41.1839801585302
ICForagerLifespan= 14.4492699559778
ImmType= Cosine
AIAdultSlope= 2.46898212251253
AIAdultLD50= 1.37163711665198
AIAdultSlopeContact= 1.26126800012542
AIAdultLD50Contact= 0.0273567410185933
AILarvaSlope= 3.30051200869493
AILarvaLD50= 0.218123505706899
AIKOW= 5.70431018574163
AIKOC= 20.0317571591586
AIHalfLife= 3.52399514615536
EAppRate= 0.479848989984021
