ICQueenStrength= 1.43903116136789
RQWkrDrnRatio= 3.09388646297157
ICDroneMiteSurvivorship= 35.2914397371933
ICWorkerMiteSurvivorship= 5.93288328964263
ICForagerLifespan= 11.1017256062478
ImmType= Tangent
AIAdultSlope= 0.268406259824988
AIAdultLD50= 0.427071252954192
AIAdultSlopeContact= 2.47638310500886
AIAdultLD50Contact= 0.0136219876934774
AILarvaSlope= 0.671450026379898
AILarvaLD50= 0.61846396336332
AIKOW= 2.00364672439173
AIKOC= 25.2811339346226
AIHalfLife= 3.43341180356219
EAppRate= 0
