ICQueenStrength= 2.61555755883455
RQWkrDrnRatio= 2.30953582283109
ICDroneMiteSurvivorship= 74.520907481201
ICWorkerMiteSurvivorship= 48.1560168322176
ICForagerLifespan= 11.2180325705558
ImmType= Logarithmic
AIAdultLD50= 0.154012839635834
AIAdultSlopeContact= 0.866057917464059
AIAdultLD50Contact= 0.00887840982759371
AILarvaSlope= 0.488602248253301
AILarvaLD50= 0.47617935303133
AIKOW= 7.67009518528357
AIKOC= 17.6920500479173
AIHalfLife= 5.56365294801071
EAppRate= 1.12864100607112
