ICQueenStrength= 5.68502938514575
RQWkrDrnRatio= 1.45953612122685
ICDroneMiteSurvivorship= 22.9915875708684
ICWorkerMiteSurvivorship= 81.9550161482766
ICForagerLifespan= 10.4186188960448
ImmType= Sine
AIAdultSlopeContact= 2.32928526279749
AIAdultLD50Contact= 0.0297863494837657
AILarvaSlope= 1.10151009294204
AILarvaLD50= 0.0865651980042458
AIKOW= 7.9276586282067
AIKOC= 24.3935857794713
AIHalfLife= 3.29849456530064
