ICQueenStrength= 4.76881203264929
RQWkrDrnRatio= 2.46040913742036
ICDroneMiteSurvivorship= 94.6387352887541
ICWorkerMiteSurvivorship= 49.8711982974783
ICForagerLifespan= 4.1578829921782
ImmType= Tangent
AIAdultLD50= 0.154012839635834
AIAdultSlopeContact= 1.93514716511127
AIAdultLD50Contact= 0.0154898715321906
AILarvaSlope= 2.96613966790028
AILarvaLD50= 0.335880476748571
AIKOW= 7.93550333799794
AIKOC= 28.0701070511714
AIHalfLife= 6.2008534935303
EAppRate= 1.54755413951352
