ICQueenStrength= 2.70808477443643
RQWkrDrnRatio= 1.78249459713697
ICDroneMiteSurvivorship= 56.8640378536656
ICWorkerMiteSurvivorship= 41.6076196124777
ICForagerLifespan= 5.12116366717964
ImmType= Sine
AIAdultSlope= 1.4249887262471
AIAdultLD50= 0.582281307550147
AIAdultSlopeContact= 1.04180255576503
AIAdultLD50Contact= 0.0336563162738457
AILarvaSlope= 2.38292736117728
AILarvaLD50= 0.562652391381562
AIKOW= 2.94309725333005
AIKOC= 29.3768116110004
AIHalfLife= 6.72431612014771
EAppRate= 0.328669260488823
