ICQueenStrength= 5.6722502738703
RQWkrDrnRatio= 1.28076218720526
ICDroneMiteSurvivorship= 71.1719254497439
ICWorkerMiteSurvivorship= 77.5559461908415
ICForagerLifespan= 14.3286846671253
ImmType= Sine
AIAdultSlope= 6.1080310610123
