ICQueenStrength= 2.5780086198356
RQWkrDrnRatio= 4.85014239512384
ICDroneMiteSurvivorship= 88.9850868843496
ICWorkerMiteSurvivorship= 62.6392129110172
ICForagerLifespan= 11.7325932141393
ImmType= Exponential
AIAdultSlope= 2.10899468883872
AIAdultLD50= 1.4707246189937
AIAdultSlopeContact= 2.12418998246547
AIAdultLD50Contact= 0.0417246792581864
AILarvaSlope= 2.55203050891869
AILarvaLD50= 0.713002416165546
AIKOW= 2.49155314918607
AIKOC= 26.7775609053206
AIHalfLife= 0.355590350460261
EAppRate= 0.706429889192805
