ICQueenStrength= 3.28913904866204
RQWkrDrnRatio= 1.37203972321004
ICDroneMiteSurvivorship= 40.9452226711437
ICWorkerMiteSurvivorship= 46.3222231017426
ICForagerLifespan= 5.37437458895147
ImmType= Cosine
AIAdultSlope= 2.28200843298342
AIAdultLD50= 0.100592866772786
AIAdultSlopeContact= 3.05965738365194
AIAdultLD50Contact= 0.0430597418453544
AILarvaSlope= 0.726313737872988
AILarvaLD50= 0.0997950833290815
AIKOW= 5.31537874182686
AIKOC= 24.051276857499
AIHalfLife= 4.13378688856028
EAppRate= 0.513701995462179
