ICQueenStrength= 5.81380819226615
RQWkrDrnRatio= 3.25029577873647
ICDroneMiteSurvivorship= 16.7499510105699
ICWorkerMiteSurvivorship= 78.4947678912431
ICForagerLifespan= 11.3479160694405
ImmType= Logarithmic
AIAdultSlopeContact= 2.31791860240744
AIAdultLD50Contact= 0.0209812599234283
AILarvaSlope= 1.04956661262549
AILarvaLD50= 0.86803910038434
AIKOW= 4.94209223194048
AIKOC= 25.4959653376136
AIHalfLife= 13.8197163897566
