ICQueenStrength= 5.97918934677728
RQWkrDrnRatio= 1.73195106443018
ICDroneMiteSurvivorship= 49.3410234572366
ICWorkerMiteSurvivorship= 6.94777758326381
ICForagerLifespan= 12.8437656499445
ImmType= Tangent
AIAdultSlope= 1.68646501940675
AIAdultLD50= 1.07584035373293
AIAdultSlopeContact= 3.6280179856508
AIAdultLD50Contact= 0.0235032037715428
AILarvaSlope= 2.03008472844958
AILarvaLD50= 0.370908759604208
AIKOW= 6.60428958386183
AIKOC= 28.6616168927867
AIHalfLife= 3.36439478816465
EAppRate= 0.275866033276543
