ICQueenStrength= 5.22752971062437
RQWkrDrnRatio= 4.22722040116787
ICDroneMiteSurvivorship= 37.8167579416186
ICWorkerMiteSurvivorship= 15.5390770640224
ICForagerLifespan= 9.74987082462758
ImmType= Cosine
AIAdultSlope= 0.0320725560514256
AIAdultLD50= 0.306069393642247
AIAdultSlopeContact= 0.430136686835904
AIAdultLD50Contact= 0.0168962159194052
AILarvaSlope= 1.26262736674398
AILarvaLD50= 0.251868249708787
AIKOW= 6.18604343663901
AIKOC= 7.45113050332293
AIHalfLife= 3.59145514317788
EAppRate= 0.0639277863083407
