ICQueenStrength= 4.0591493146494
RQWkrDrnRatio= 1.81525263935328
ICDroneMiteSurvivorship= 87.2272201115265
ICWorkerMiteSurvivorship= 52.0618440583348
ICForagerLifespan= 5.7968930369243
ImmType= Sine
AIAdultSlopeContact= 0.710489665742498
AIAdultLD50Contact= 0.048537955863867
AILarvaSlope= 2.16068111690693
AILarvaLD50= 0.246051886165515
AIKOW= 7.01166060147807
AIKOC= 13.0728360684589
AIHalfLife= 4.16705571254715
