ICQueenStrength= 5.32656957767904
RQWkrDrnRatio= 2.11661438457668
ICDroneMiteSurvivorship= 26.6705640824512
ICWorkerMiteSurvivorship= 4.79430153500289
ICForagerLifespan= 6.13563358597457
ImmType= Exponential
AIAdultSlopeContact= 3.35993322789436
AIAdultLD50Contact= 0.0150688654161058
AILarvaSlope= 0.209137906366959
AILarvaLD50= 0.573699881834909
AIKOW= 3.02825969597325
AIKOC= 24.740314030787
AIHalfLife= 10.3830604669638
