ICQueenStrength= 5.28767323493958
RQWkrDrnRatio= 3.72819448634982
ICDroneMiteSurvivorship= 13.9236096292734
ICWorkerMiteSurvivorship= 39.2413437133655
ICForagerLifespan= 14.3616300532594
ImmType= Tangent
AIAdultSlope= 0.150668624395039
AIAdultLD50= 0.255787182366475
AIAdultSlopeContact= 0.60829428390367
AIAdultLD50Contact= 0.00499601492192596
AILarvaSlope= 3.06585827278905
AILarvaLD50= 0.399030787800439
AIKOW= 2.37323904596269
AIKOC= 26.2631596950814
AIHalfLife= 4.1909839049913
EAppRate= 0
