ICQueenStrength= 1.15773858060129
RQWkrDrnRatio= 3.9539349572733
ICDroneMiteSurvivorship= 96.6355747776106
ICWorkerMiteSurvivorship= 37.2495651710778
ICForagerLifespan= 12.6866069883108
ImmType= Logarithmic
AIAdultSlope= 3.27202468887437
AIAdultLD50= 0.0120757498079911
AIAdultSlopeContact= 3.16294388362672
AIAdultLD50Contact= 0.00934393840143457
AILarvaSlope= 2.00317484792322
AILarvaLD50= 0.148436492867768
AIKOW= 4.43008107272908
AIKOC= 7.07336217281409
AIHalfLife= 1.527027732227
EAppRate= 0
