ICQueenStrength= 1.24030531989411
RQWkrDrnRatio= 4.98398170713335
ICDroneMiteSurvivorship= 85.0208685733378
ICWorkerMiteSurvivorship= 95.1998484320939
ICForagerLifespan= 7.87824835442007
ImmType= Tangent
AIAdultLD50= 0.154012839635834
AIAdultSlopeContact= 0.765652497264091
AIAdultLD50Contact= 0.00981602052925155
AILarvaSlope= 0.35011978908442
AILarvaLD50= 0.296977094421163
AIKOW= 4.82748270221055
AIKOC= 7.2542777704075
AIHalfLife= 8.20628209738061
EAppRate= 1.63585247285664
