ICQueenStrength= 1.61445117346011
RQWkrDrnRatio= 3.77045462466776
ICDroneMiteSurvivorship= 47.437636484392
ICWorkerMiteSurvivorship= 0.855932524427772
ICForagerLifespan= 15.1421164963394
ImmType= Polynomial
AIAdultSlope= 2.73563696620986
AIAdultLD50= 0.693867647554725
AIAdultSlopeContact= 3.46469054911751
AIAdultLD50Contact= 0.0485639448626898
AILarvaSlope= 0.382691206689924
AILarvaLD50= 0.173588687251322
AIKOW= 3.64166332641616
AIKOC= 10.5272187048104
AIHalfLife= 2.48834499530494
EAppRate= 0.75564394146204
