ICQueenStrength= 4.49527578917332
RQWkrDrnRatio= 2.66321082599461
ICDroneMiteSurvivorship= 3.48965916782618
ICWorkerMiteSurvivorship= 65.4173605609685
ICForagerLifespan= 14.7991562290117
ImmType= Logarithmic
AIAdultSlope= 0.509516861443408
AIAdultLD50= 0.146989851607941
AIAdultSlopeContact= 3.58163681834936
AIAdultLD50Contact= 0.047898678178899
AILarvaSlope= 2.27105327663012
AILarvaLD50= 0.858856188808568
AIKOW= 2.62781637581065
AIKOC= 11.2894703994971
AIHalfLife= 2.32642503688112
EAppRate= 0
