ICQueenStrength= 2.07736598467454
RQWkrDrnRatio= 1.56507016997784
ICDroneMiteSurvivorship= 35.2396273519844
ICWorkerMiteSurvivorship= 85.8268384123221
ICForagerLifespan= 12.382429940626
ImmType= Polynomial
AIAdultSlope= 1.64210859751329
AIAdultLD50= 0.263583978172392
AIAdultSlopeContact= 0.890368965456728
AIAdultLD50Contact= 0.0339198740082793
AILarvaSlope= 1.93522704439238
AILarvaLD50= 0.59631189876236
AIKOW= 6.74170362204313
AIKOC= 11.3564625335857
AIHalfLife= 6.66951956925914
EAppRate= 0.33595489221625
