ICQueenStrength= 4.63425094168633
RQWkrDrnRatio= 4.90166798885912
ICDroneMiteSurvivorship= 83.5459677502513
ICWorkerMiteSurvivorship= 30.193349532783
ICForagerLifespan= 7.74351837206632
ImmType= Cosine
AIAdultSlope= 0.0429961590096354
AIAdultLD50= 1.53642376349308
AIAdultSlopeContact= 0.9633943987987
AIAdultLD50Contact= 0.01602448472986
AILarvaSlope= 0.577711772546172
AILarvaLD50= 0.567579330853187
AIKOW= 3.28992538480088
AIKOC= 10.9925870038569
AIHalfLife= 2.07041526352987
EAppRate= 0.320964756654575
