ICQueenStrength= 3.96068746596575
RQWkrDrnRatio= 2.17576277256012
ICDroneMiteSurvivorship= 2.47708859387785
ICWorkerMiteSurvivorship= 58.8932184735313
ICForagerLifespan= 6.32256886363029
ImmType= Exponential
AIAdultSlope= 2.87596406727098
AIAdultLD50= 0.749540976248682
AIAdultSlopeContact= 0.762974852125626
AIAdultLD50Contact= 0.0216896436177194
AILarvaSlope= 1.90905141192488
AILarvaLD50= 0.142137258360162
AIKOW= 6.12653026310727
AIKOC= 19.669111877447
AIHalfLife= 3.9538373160176
EAppRate= 0.890662076883018
