ICQueenStrength= 4.54121918207966
RQWkrDrnRatio= 1.56899280566722
ICDroneMiteSurvivorship= 12.9485526820645
ICWorkerMiteSurvivorship= 97.2138224868104
ICForagerLifespan= 12.4700576113537
ImmType= Polynomial
AIAdultSlope= 0.327084879670292
AIAdultLD50= 1.21271952660754
AIAdultSlopeContact= 3.04194579105824
AIAdultLD50Contact= 0.0451226325007156
AILarvaSlope= 2.09551674555987
AILarvaLD50= 0.0145249392371625
AIKOW= 2.74219360528514
AIKOC= 20.2230398845859
AIHalfLife= 0.0482685961760581
EAppRate= 0.649163843831047
