ICQueenStrength= 5.86471993615851
RQWkrDrnRatio= 1.41782474517822
ICDroneMiteSurvivorship= 14.7655976936221
ICWorkerMiteSurvivorship= 31.4250978175551
ICForagerLifespan= 12.9179989947006
ImmType= Polynomial
AIAdultSlope= 2.51249544450548
AIAdultLD50= 0.015227259369567
AIAdultSlopeContact= 1.05449523844756
AIAdultLD50Contact= 0.0407386821229011
AILarvaSlope= 2.9201311271172
AILarvaLD50= 0.787743066810071
AIKOW= 6.32863634685054
AIKOC= 24.0085439360701
AIHalfLife= 2.11919795488939
EAppRate= 0
