ICQueenStrength= 1.75470741931349
RQWkrDrnRatio= 4.18461218569428
