ICQueenStrength= 5.58939546835609
RQWkrDrnRatio= 2.69776199292392
ICDroneMiteSurvivorship= 42.4175992840901
ICWorkerMiteSurvivorship= 76.5750938327983
ICForagerLifespan= 9.17190670780838
ImmType= Tangent
AIAdultSlope= 2.22954511934426
AIAdultLD50= 0.195240865694359
AIAdultSlopeContact= 2.33898287745193
AIAdultLD50Contact= 0.0134006918524392
AILarvaSlope= 0.472230628831312
AILarvaLD50= 0.475254530296661
AIKOW= 3.97722691623494
AIKOC= 11.296578689944
AIHalfLife= 0.246091888984665
EAppRate= 0.109045607317239
