ICQueenStrength= 1.52439882420003
RQWkrDrnRatio= 1.63676673639566
ICDroneMiteSurvivorship= 0.617515831254423
ICWorkerMiteSurvivorship= 36.1875735456124
ICForagerLifespan= 14.8349224915728
ImmType= Cosine
AIAdultSlope= 0.908259442821145
AIAdultLD50= 1.05140110943466
AIAdultSlopeContact= 1.27939083489357
AIAdultLD50Contact= 0.0221200179308653
AILarvaSlope= 2.7261565762572
AILarvaLD50= 0.447012254898436
AIKOW= 3.99436090933159
AIKOC= 28.8853845687117
AIHalfLife= 9.55377157777548
EAppRate= 0.720523228403181
