ICQueenStrength= 5.82644280069508
RQWkrDrnRatio= 3.23241281881928
ICDroneMiteSurvivorship= 9.80148464441299
ICWorkerMiteSurvivorship= 30.1367789274082
ICForagerLifespan= 4.18296027742326
ImmType= Polynomial
AIAdultSlope= 1.98723457847955
AIAdultLD50= 0.163004288333468
AIAdultSlopeContact= 0.895393419500906
AIAdultLD50Contact= 0.0230430854135193
AILarvaSlope= 1.15659180032089
AILarvaLD50= 0.214149569976144
AIKOW= 5.262321122922
AIKOC= 16.5217418235261
AIHalfLife= 4.29212612216361
EAppRate= 0.348350997036323
