ICQueenStrength= 2.2936715700198
RQWkrDrnRatio= 4.22027894482017
ICDroneMiteSurvivorship= 41.995344334282
ICWorkerMiteSurvivorship= 28.9927548961714
ICForagerLifespan= 13.8989440640435
ImmType= Polynomial
AIAdultSlope= 3.07458075772505
AIAdultLD50= 0.432074855081737
AIAdultSlopeContact= 0.315253727235831
AIAdultLD50Contact= 0.0025552733335644
AILarvaSlope= 1.04637184538878
AILarvaLD50= 0.866431118594483
AIKOW= 7.51048412686214
AIKOC= 8.62178426003084
AIHalfLife= 1.74541499349289
EAppRate= 0
