ICQueenStrength= 2.82068459689617
RQWkrDrnRatio= 1.24396864790469
ICDroneMiteSurvivorship= 18.468087958172
ICWorkerMiteSurvivorship= 19.7402196470648
ICForagerLifespan= 13.7694270666689
ImmType= Sine
AIAdultSlope= 2.01523273931816
AIAdultLD50= 1.99550665193237
AIAdultSlopeContact= 0.0250167642440647
AIAdultLD50Contact= 0.0142493606195785
AILarvaSlope= 2.43059628303163
AILarvaLD50= 0.0952441204106435
AIKOW= 5.85191936604679
AIKOC= 9.79307707282715
AIHalfLife= 6.11774299992248
EAppRate= 0.584426270797849
