ICQueenStrength= 2.9383869797457
RQWkrDrnRatio= 2.14904833957553
ICDroneMiteSurvivorship= 8.40616836212575
ICWorkerMiteSurvivorship= 25.5716075655073
ICForagerLifespan= 9.91678248718381
ImmType= Exponential
AIAdultSlope= 1.36972126697889
AIAdultLD50= 0.499180940212682
AIAdultSlopeContact= 3.43825116162188
AIAdultLD50Contact= 0.0199141658958979
AILarvaSlope= 2.92849732660688
AILarvaLD50= 0.729875552491285
AIKOW= 3.37572946632281
AIKOC= 23.2646948902402
AIHalfLife= 3.59620369155891
EAppRate= 0
