ICQueenStrength= 1.74964061612263
RQWkrDrnRatio= 4.52728587947786
ICDroneMiteSurvivorship= 92.0706801349297
ICWorkerMiteSurvivorship= 49.3553975364193
ICForagerLifespan= 12.2502020178363
ImmType= Exponential
AIAdultSlope= 2.18876494925469
AIAdultLD50= 0.0615840152604505
AIAdultSlopeContact= 0.190340059383307
AIAdultLD50Contact= 0.0114834103616886
AILarvaSlope= 0.552525994088501
AILarvaLD50= 0.515571490000002
AIKOW= 2.77841552067548
AIKOC= 21.0377311927732
AIHalfLife= 3.06182330008596
EAppRate= 0.570152912056074
