ICQueenStrength= 4.87585129123181
RQWkrDrnRatio= 3.13746556919068
ICDroneMiteSurvivorship= 15.8763153944165
ICWorkerMiteSurvivorship= 20.9748078137636
ICForagerLifespan= 14.3585985060781
ImmType= Polynomial
AIAdultSlope= 1.05406139539555
AIAdultLD50= 0.655315509298816
AIAdultSlopeContact= 3.09886481615715
AIAdultLD50Contact= 0.00356698043178767
AILarvaSlope= 0.0878474370576441
AILarvaLD50= 0.187060209433548
AIKOW= 7.82145756529644
AIKOC= 15.2296372177079
AIHalfLife= 8.95814844453707
EAppRate= 0.496130508836359
