ICQueenStrength= 3.90046710288152
RQWkrDrnRatio= 2.79757281020284
ICDroneMiteSurvivorship= 63.9187010237947
ICWorkerMiteSurvivorship= 96.1812765570357
ICForagerLifespan= 8.56085753720254
ImmType= Exponential
AIAdultSlope= 2.85852071311791
AIAdultLD50= 0.359392756363377
AIAdultSlopeContact= 0.466753561652731
AIAdultLD50Contact= 0.0187545182532631
AILarvaSlope= 0.259226181358099
AILarvaLD50= 0.615318424324505
AIKOW= 2.88307052198797
AIKOC= 8.06841005221941
AIHalfLife= 3.74168539885432
EAppRate= 0.285236553195864
