ICQueenStrength= 3.31949466979131
RQWkrDrnRatio= 3.38762993086129
ICDroneMiteSurvivorship= 7.14150900021195
ICWorkerMiteSurvivorship= 13.5714042233303
ICForagerLifespan= 14.3034569937736
ImmType= Logarithmic
AIAdultSlopeContact= 0.707957402430475
AIAdultLD50Contact= 0.00540771848754957
AILarvaSlope= 1.73140275944024
AILarvaLD50= 0.736669293092564
AIKOW= 5.86979190818965
AIKOC= 12.5321586278733
AIHalfLife= 8.5471426602453
