ICQueenStrength= 1.60856004129164
RQWkrDrnRatio= 2.96573955565691
ICDroneMiteSurvivorship= 41.6571471607313
ICWorkerMiteSurvivorship= 68.0339355254546
ICForagerLifespan= 11.3095496930182
ImmType= Polynomial
AIAdultSlopeContact= 9.936949016992
AIAdultLD50Contact= 0.115504300734028
AILarvaSlope= 9.87988908076659
AILarvaLD50= 1.13742063380778
AIKOW= 32.7226812252775
AIKOC= 88.7891373597085
AIHalfLife= 6.67266843281686
