ICQueenStrength= 3.42029943154193
RQWkrDrnRatio= 3.7574028680101
ICDroneMiteSurvivorship= 5.23485143203288
ICWorkerMiteSurvivorship= 89.5360835827887
ICForagerLifespan= 8.92315661814064
ImmType= Cosine
AIAdultSlope= 2.68538944730535
AIAdultLD50= 1.52691413252614
AIAdultSlopeContact= 1.01304668235825
AIAdultLD50Contact= 0.0374875956447795
AILarvaSlope= 3.33469631625339
AILarvaLD50= 0.212904714443721
AIKOW= 2.07087590079755
AIKOC= 5.67504023900256
AIHalfLife= 6.01189856929705
EAppRate= 0.956706760451198
