ICQueenStrength= 1.05635914159939
RQWkrDrnRatio= 1.28372122906148
ICDroneMiteSurvivorship= 14.7412906866521
ICWorkerMiteSurvivorship= 6.89559506718069
ICForagerLifespan= 10.2933421526104
ImmType= Sine
AIAdultSlope= 1.83316873556469
AIAdultLD50= 0.411245621275157
AIAdultSlopeContact= 1.39382008786546
AIAdultLD50Contact= 0.0146408813307062
AILarvaSlope= 0.270222833240405
AILarvaLD50= 0.199643945158459
AIKOW= 3.06402004230767
AIKOC= 18.6681023868732
AIHalfLife= 3.99207228445448
EAppRate= 0.381312500708736
