ICQueenStrength= 4.50996474851854
RQWkrDrnRatio= 4.29499878361821
ICDroneMiteSurvivorship= 93.1446484522894
ICWorkerMiteSurvivorship= 89.9750217329711
ICForagerLifespan= 15.2169666988775
ImmType= Tangent
AIAdultSlope= 1.48638458093628
AIAdultLD50= 0.605053224368021
AIAdultSlopeContact= 1.84829890790395
AIAdultLD50Contact= 0.0327010453911498
AILarvaSlope= 1.45506785442121
AILarvaLD50= 0.861978149344213
AIKOW= 2.71181943640113
AIKOC= 26.6313082142733
AIHalfLife= 4.99556085653603
EAppRate= 0.493983042659238
