ICQueenStrength= 2.33817047229968
RQWkrDrnRatio= 2.3865833170712
ICDroneMiteSurvivorship= 97.8214404545724
ICWorkerMiteSurvivorship= 35.6241539819166
ICForagerLifespan= 14.6660308111459
ImmType= Sine
AIAdultSlope= 1.12848991346546
AIAdultLD50= 0.946459377883002
AIAdultSlopeContact= 0.177725204103626
AIAdultLD50Contact= 0.0160162218147889
AILarvaSlope= 1.56455688294955
AILarvaLD50= 0.877621126757003
AIKOW= 6.51106792455539
AIKOC= 25.165457832627
AIHalfLife= 9.52093927422538
EAppRate= 0.403355142101645
