ICQueenStrength= 2.32329134084284
RQWkrDrnRatio= 4.75557080376893
