ICQueenStrength= 4.55794476461597
RQWkrDrnRatio= 3.26593255065382
ICDroneMiteSurvivorship= 39.0425645979121
ICWorkerMiteSurvivorship= 3.13447094522417
ICForagerLifespan= 12.8592850146815
ImmType= Tangent
AIAdultSlope= 1.29194512898102
AIAdultLD50= 1.72219762229361
AIAdultSlopeContact= 3.84432033147197
AIAdultLD50Contact= 0.0416626835707575
AILarvaSlope= 0.00364176100119948
AILarvaLD50= 0.593884964799508
AIKOW= 5.98031810298562
AIKOC= 11.0869706852827
AIHalfLife= 12.6049601468258
EAppRate= 0.81479070126079
