ICQueenStrength= 1.92607837403193
RQWkrDrnRatio= 3.38786647282541
ICDroneMiteSurvivorship= 70.120126591064
ICWorkerMiteSurvivorship= 80.7949604932219
ICForagerLifespan= 10.5424213493243
ImmType= Polynomial
AIAdultSlope= 1.88301358777098
AIAdultSlopeContact= 1.3645324535016
AIAdultLD50Contact= 0.0102469547069632
AILarvaSlope= 2.98628074759617
AILarvaLD50= 0.284771523345262
AIKOW= 3.12713830173016
AIKOC= 14.6563296217937
AIHalfLife= 6.59856042498723
