ICQueenStrength= 4.31682197167538
RQWkrDrnRatio= 3.18608739133924
ICDroneMiteSurvivorship= 15.0267089949921
ICWorkerMiteSurvivorship= 3.31272524781525
ICForagerLifespan= 4.33614267036319
ImmType= Sine
AIAdultSlope= 0.667626896391157
AIAdultLD50= 0.00161475606728345
AIAdultSlopeContact= 1.6867108184332
AIAdultLD50Contact= 0.00275311453733593
AILarvaSlope= 0.48260557311587
AILarvaLD50= 0.531161828432232
AIKOW= 7.95196009287611
AIKOC= 8.90296322875656
AIHalfLife= 3.03383451071568
EAppRate= 0.59807916150894
