ICQueenStrength= 3.74824029649608
RQWkrDrnRatio= 3.62227706890553
ICDroneMiteSurvivorship= 11.6142796585336
ICWorkerMiteSurvivorship= 44.4501813966781
ICForagerLifespan= 13.118701422587
ImmType= Sine
AIAdultSlopeContact= 3.50137802447425
AIAdultLD50Contact= 0.0196980601875111
AILarvaSlope= 2.53044019569643
AILarvaLD50= 0.879610655922443
AIKOW= 5.78311693714932
AIKOC= 9.62887981557287
AIHalfLife= 11.4940772890113
