ICQueenStrength= 4.41686077532358
RQWkrDrnRatio= 1.56027589086443
ICDroneMiteSurvivorship= 7.56216649897397
ICWorkerMiteSurvivorship= 46.4607362868264
ICForagerLifespan= 5.15592884831131
ImmType= Sine
AIAdultLD50= 0.154012839635834
AIAdultSlopeContact= 3.56023963911692
AIAdultLD50Contact= 0.00751677971566096
AILarvaSlope= 1.67191273127682
AILarvaLD50= 0.625115283066407
AIKOW= 6.06196880619973
AIKOC= 28.8941461197101
AIHalfLife= 11.2728269156069
EAppRate= 1.41792715806514
