ICQueenStrength= 5.81528411968611
RQWkrDrnRatio= 1.10538055934012
ICDroneMiteSurvivorship= 54.7135583125055
ICWorkerMiteSurvivorship= 3.8540086010471
ICForagerLifespan= 11.1176479225978
ImmType= Logarithmic
AIAdultSlopeContact= 1.57258957549464
AIAdultLD50Contact= 0.0298794398782775
AILarvaSlope= 1.56355874696746
AILarvaLD50= 0.196075056935661
AIKOW= 6.87641796795651
AIKOC= 16.5729189419653
AIHalfLife= 9.25018764333799
