ICQueenStrength= 4.93434945959598
RQWkrDrnRatio= 3.56890737451613
ICDroneMiteSurvivorship= 98.8523332634941
ICWorkerMiteSurvivorship= 60.9658639412373
ICForagerLifespan= 13.6190801570192
ImmType= Tangent
AIAdultSlope= 1.75665935105644
AIAdultLD50= 0.224285843549296
AIAdultSlopeContact= 1.56312167314813
AIAdultLD50Contact= 0.0226661321474239
AILarvaSlope= 1.16552526028827
AILarvaLD50= 0.612073445948772
AIKOW= 2.68662112904713
AIKOC= 22.33297748724
AIHalfLife= 0.537509649060667
EAppRate= 0.696361752226949
