ICQueenStrength= 2.47610573447309
RQWkrDrnRatio= 1.60981801152229
ICDroneMiteSurvivorship= 77.1973984315991
ICWorkerMiteSurvivorship= 95.2466669492424
ICForagerLifespan= 10.4630533345044
ImmType= Sine
AIAdultSlope= 4.34885527705774
