ICQueenStrength= 5.26671928493306
RQWkrDrnRatio= 3.18077148776501
ICDroneMiteSurvivorship= 10.2818145882338
ICWorkerMiteSurvivorship= 36.7869708919898
ICForagerLifespan= 7.77630554977804
ImmType= Exponential
AIAdultSlope= 1.7239659923315
AIAdultLD50= 0.444680463057011
AIAdultSlopeContact= 1.75536363459891
AIAdultLD50Contact= 0.023067667230498
AILarvaSlope= 2.04685115381144
AILarvaLD50= 0.695932938158512
AIKOW= 4.320392225869
AIKOC= 8.00443774904124
AIHalfLife= 3.34015921573155
EAppRate= 0
