ICQueenStrength= 2.88327072188258
RQWkrDrnRatio= 2.0702913235873
ICDroneMiteSurvivorship= 28.8174166576937
ICWorkerMiteSurvivorship= 29.450793354772
ICForagerLifespan= 10.3531323159114
ImmType= Tangent
AIAdultSlopeContact= 0.835692945232149
AIAdultLD50Contact= 0.0309494857210666
AILarvaSlope= 1.54475102284923
AILarvaLD50= 0.482074002712034
AIKOW= 7.12357232766226
AIKOC= 24.4244505546521
AIHalfLife= 2.49084215471521
