ICQueenStrength= 1.55622280808166
RQWkrDrnRatio= 4.71966676134616
ICDroneMiteSurvivorship= 44.5295066805556
ICWorkerMiteSurvivorship= 90.9629727713764
ICForagerLifespan= 11.9187126196921
ImmType= Polynomial
AIAdultSlope= 3.81427501095459
