ICQueenStrength= 1.51838414743543
RQWkrDrnRatio= 2.6631146017462
ICDroneMiteSurvivorship= 98.4405934577808
ICWorkerMiteSurvivorship= 86.6591444471851
ICForagerLifespan= 13.037727303803
ImmType= Sine
AIAdultSlope= 4.88494046265259
