ICQueenStrength= 1.86099592968822
RQWkrDrnRatio= 3.27037629205734
ICDroneMiteSurvivorship= 94.5102865342051
ICWorkerMiteSurvivorship= 58.887364435941
ICForagerLifespan= 5.84323984291404
ImmType= Exponential
AIAdultSlope= 2.83928012934281
AIAdultLD50= 0.294256259920076
AIAdultSlopeContact= 1.80066156761488
AIAdultLD50Contact= 0.00300005244789645
AILarvaSlope= 1.44892367911525
AILarvaLD50= 0.100446778396145
AIKOW= 2.24408640433103
AIKOC= 28.5410163877532
AIHalfLife= 0.701738675124943
EAppRate= 0.458796819718555
