ICQueenStrength= 3.46475694235414
RQWkrDrnRatio= 1.93064608797431
ICDroneMiteSurvivorship= 83.1070298794657
ICWorkerMiteSurvivorship= 76.0708561167121
ICForagerLifespan= 7.86556728929281
ImmType= Cosine
AIAdultSlope= 1.12908744327724
AIAdultLD50= 0.939228042494506
AIAdultSlopeContact= 2.83545102844248
AIAdultLD50Contact= 0.0342898273840547
AILarvaSlope= 1.54008123492822
AILarvaLD50= 0.479818826727569
AIKOW= 3.40856652893126
AIKOC= 12.4030889139976
AIHalfLife= 2.62005579471588
EAppRate= 0.437621735269204
