ICQueenStrength= 4.60782923642546
RQWkrDrnRatio= 4.26075330190361
ICDroneMiteSurvivorship= 25.2011290751398
ICWorkerMiteSurvivorship= 19.3879412487149
ICForagerLifespan= 11.4808888724074
ImmType= Cosine
AIAdultSlope= 2.80546692591161
AIAdultLD50= 2.17069023870863
AIAdultSlopeContact= 1.9849134854204
AIAdultLD50Contact= 0.032847683946602
AILarvaSlope= 0.482980247261003
AILarvaLD50= 0.475993672921322
AIKOW= 6.71061458997428
AIKOC= 27.2235007968266
AIHalfLife= 1.12580107478425
EAppRate= 0.349693779367954
