ICQueenStrength= 5.42701741121709
RQWkrDrnRatio= 4.33482176065445
ICDroneMiteSurvivorship= 99.8702170094475
ICWorkerMiteSurvivorship= 5.80654249060899
ICForagerLifespan= 4.44309276528656
ImmType= Polynomial
AIAdultSlopeContact= 2.03013591153547
AIAdultLD50Contact= 0.00523644787026569
AILarvaSlope= 0.127286063088104
AILarvaLD50= 0.137629677238874
AIKOW= 7.0373431397602
AIKOC= 11.7193085211329
AIHalfLife= 8.77625842392445
