ICQueenStrength= 2.2403765169438
RQWkrDrnRatio= 1.68050144705921
ICDroneMiteSurvivorship= 59.590749302879
ICWorkerMiteSurvivorship= 68.4528654208407
ICForagerLifespan= 10.4428630536422
ImmType= Logarithmic
AIAdultSlope= 2.05147176857572
AIAdultLD50= 0.443533775629476
AIAdultSlopeContact= 3.28052306061611
AIAdultLD50Contact= 0.014153917634394
AILarvaSlope= 0.620234129438177
AILarvaLD50= 0.720069542177953
AIKOW= 4.05880946479738
AIKOC= 23.2618307124358
AIHalfLife= 0.0388166692573577
EAppRate= 0.150507690664381
