ICQueenStrength= 4.44575315248221
RQWkrDrnRatio= 2.37567014247179
ICDroneMiteSurvivorship= 65.9610864240676
ICWorkerMiteSurvivorship= 9.09997408743948
ICForagerLifespan= 6.25776948221028
ImmType= Cosine
AIAdultSlope= 2.92925534802955
AIAdultLD50= 0.0754909731913358
AIAdultSlopeContact= 3.51192056628177
AIAdultLD50Contact= 0.0312669142731465
AILarvaSlope= 1.20274180276319
AILarvaLD50= 0.614518296439201
AIKOW= 4.84601651085541
AIKOC= 11.4394036598969
AIHalfLife= 1.87760179396719
EAppRate= 0
