ICQueenStrength= 4.50502961594611
RQWkrDrnRatio= 1.5041223410517
