ICQueenStrength= 3.50518760294653
RQWkrDrnRatio= 1.4116845568642
ICDroneMiteSurvivorship= 74.9428659910336
ICWorkerMiteSurvivorship= 86.6479642456397
ICForagerLifespan= 8.0276215299964
ImmType= Tangent
AIAdultSlope= 0.914156969403848
AIAdultLD50= 2.67753279162571
AIAdultSlopeContact= 2.96034676822135
AIAdultLD50Contact= 0.0253342062584125
AILarvaSlope= 0.864841319620609
AILarvaLD50= 0.336364912614226
AIKOW= 5.43620838550851
AIKOC= 6.15115732187405
AIHalfLife= 10.8593279258348
EAppRate= 0.251309927552938
