ICQueenStrength= 1.98667326034047
RQWkrDrnRatio= 3.05426815804094
ICDroneMiteSurvivorship= 40.741689899005
ICWorkerMiteSurvivorship= 56.9071320118383
ICForagerLifespan= 8.15171274822205
ImmType= Sine
AIAdultSlope= 0.237235668059438
AIAdultLD50= 0.199693547328934
AIAdultSlopeContact= 3.2782478185161
AIAdultLD50Contact= 0.00835179822752252
AILarvaSlope= 2.13705069473945
AILarvaLD50= 0.0130232789553702
AIKOW= 3.90199565142393
AIKOC= 5.18985698116012
AIHalfLife= 1.79433499579318
EAppRate= 0.111039200657979
