ICQueenStrength= 2.7007492214907
RQWkrDrnRatio= 2.40656800102443
ICDroneMiteSurvivorship= 29.3209956726059
ICWorkerMiteSurvivorship= 82.6241582399234
ICForagerLifespan= 7.95451568532735
ImmType= Exponential
AIAdultLD50= 0.154012839635834
AIAdultSlopeContact= 2.90353891127044
AIAdultLD50Contact= 0.0413356088334695
AILarvaSlope= 1.24672095160931
AILarvaLD50= 0.710161483031698
AIKOW= 3.3629503287375
AIKOC= 27.6156823977362
AIHalfLife= 12.6001919419505
EAppRate= 0.0619480395689607
