ICQueenStrength= 3.11878954316489
RQWkrDrnRatio= 2.56332068890333
ICDroneMiteSurvivorship= 17.8032724186778
ICWorkerMiteSurvivorship= 22.2666652873158
ICForagerLifespan= 7.94871681928635
ImmType= Sine
AIAdultSlope= 3.29223543553613
AIAdultLD50= 0.372414076351561
AIAdultSlopeContact= 1.0450924959057
AIAdultLD50Contact= 0.038876423984766
AILarvaSlope= 1.97715293779038
AILarvaLD50= 0.734961432334967
AIKOW= 7.02266460284591
AIKOC= 19.3678814463783
AIHalfLife= 0.717599842464551
EAppRate= 0.476627937494777
