ICQueenStrength= 2.60240528872237
RQWkrDrnRatio= 2.05128761194646
ICDroneMiteSurvivorship= 56.2277457909659
ICWorkerMiteSurvivorship= 42.7413938567042
ICForagerLifespan= 9.34873764030635
ImmType= Exponential
AIAdultSlopeContact= 6.68508727801964
AIAdultLD50Contact= 0.0904344430658966
AILarvaSlope= 2.24652472883463
AILarvaLD50= 1.98757880413905
AIKOW= 65.050860773772
AIKOC= 69.2897646920756
AIHalfLife= 2.61963039357215
