ICQueenStrength= 5.23276329995133
RQWkrDrnRatio= 3.82388805411756
ICDroneMiteSurvivorship= 53.632250521332
ICWorkerMiteSurvivorship= 70.8635353250429
ICForagerLifespan= 15.9909499026835
ImmType= Cosine
AIAdultSlope= 0.512993840035051
AIAdultLD50= 1.25126109248959
AIAdultSlopeContact= 1.86208574019838
AIAdultLD50Contact= 0.0059462349396199
AILarvaSlope= 1.30902503277175
AILarvaLD50= 0.0589508700650185
AIKOW= 2.56585655827075
AIKOC= 28.9825759839732
AIHalfLife= 0.194381988141686
EAppRate= 0.879252352984622
