ICQueenStrength= 5.46717825951055
RQWkrDrnRatio= 2.56519787758589
ICDroneMiteSurvivorship= 87.345583550632
ICWorkerMiteSurvivorship= 69.59138228558
ICForagerLifespan= 9.67355661094189
ImmType= Tangent
AIAdultSlope= 0.521991205571685
AIAdultLD50= 0.190944433095865
AIAdultSlopeContact= 1.15988804322202
AIAdultLD50Contact= 0.0363913333858363
AILarvaSlope= 2.71057548699901
AILarvaLD50= 0.125428827060387
AIKOW= 2.93591657327488
AIKOC= 25.5194957670756
AIHalfLife= 4.38498114934191
EAppRate= 0.189574711886235
