ICQueenStrength= 2.35272080311552
RQWkrDrnRatio= 1.94699348323047
ICDroneMiteSurvivorship= 84.7879373701289
ICWorkerMiteSurvivorship= 74.7059261193499
ICForagerLifespan= 5.83766589127481
ImmType= Cosine
AIAdultSlope= 1.46157726058736
AIAdultLD50= 0.469904225785285
AIAdultSlopeContact= 2.15819121053908
AIAdultLD50Contact= 0.0247036362998188
AILarvaSlope= 0.150739687867463
AILarvaLD50= 0.123985260701738
AIKOW= 7.6110739777796
AIKOC= 8.80534180440009
AIHalfLife= 2.20297473669052
EAppRate= 0.81086062034592
