ICQueenStrength= 3.34653317485936
RQWkrDrnRatio= 3.57061159703881
ICDroneMiteSurvivorship= 89.3785114400089
ICWorkerMiteSurvivorship= 24.5725872460753
ICForagerLifespan= 13.951482154429
ImmType= Sine
AIAdultSlopeContact= 0.756306112906896
AIAdultLD50Contact= 0.0189173901686445
AILarvaSlope= 1.0172161151655
AILarvaLD50= 0.0582168663851917
AIKOW= 3.42896937066689
AIKOC= 23.4493673266843
AIHalfLife= 8.77718131942675
