ICQueenStrength= 3.35582283115946
RQWkrDrnRatio= 1.12744632083923
ICDroneMiteSurvivorship= 65.8940489171073
ICWorkerMiteSurvivorship= 97.0263525145128
ICForagerLifespan= 6.44581551849842
ImmType= Cosine
AIAdultSlope= 3.75657219897956
AIAdultLD50= 0.251043707481585
AIAdultSlopeContact= 1.63842188924784
AIAdultLD50Contact= 0.0118907187366858
AILarvaSlope= 3.36321588698775
AILarvaLD50= 0.126729086553678
AIKOW= 6.52845507347956
AIKOC= 24.6180851256941
AIHalfLife= 1.27849366515875
EAppRate= 0.207416406995617
