ICQueenStrength= 4.89334688778035
RQWkrDrnRatio= 3.72048918716609
ICDroneMiteSurvivorship= 25.6404709536582
ICWorkerMiteSurvivorship= 15.8058689674363
ICForagerLifespan= 10.977722174488
ImmType= Exponential
AIAdultSlope= 1.1028941252036
AIAdultLD50= 0.323768630158156
AIAdultSlopeContact= 3.79805399699137
AIAdultLD50Contact= 0.0358396225026809
AILarvaSlope= 1.21002194532193
AILarvaLD50= 0.187729238066822
AIKOW= 5.1813274086453
AIKOC= 9.03159865527414
AIHalfLife= 2.65250594587997
EAppRate= 0.21083747157827
