ICQueenStrength= 3.37943153828382
RQWkrDrnRatio= 4.56462673936039
ICDroneMiteSurvivorship= 62.5640409067273
ICWorkerMiteSurvivorship= 9.17008840478957
ICForagerLifespan= 5.63816131558269
ImmType= Cosine
AIAdultSlope= 6.45004603313282
