ICQueenStrength= 4.04838314885274
RQWkrDrnRatio= 4.18419620394707
ICDroneMiteSurvivorship= 17.614577175118
ICWorkerMiteSurvivorship= 93.2402011938393
ICForagerLifespan= 4.06479894835502
ImmType= Cosine
AIAdultSlopeContact= 2.36412961542606
AIAdultLD50Contact= 0.0162812597351149
AILarvaSlope= 0.769640532974154
AILarvaLD50= 0.464365300862119
AIKOW= 6.24450060492381
AIKOC= 13.1394111795817
AIHalfLife= 6.8971409983933
