ICQueenStrength= 3.91750091360882
RQWkrDrnRatio= 1.76634176075459
ICDroneMiteSurvivorship= 96.1866317084059
ICWorkerMiteSurvivorship= 34.7567933844402
ICForagerLifespan= 8.57975469715893
ImmType= Tangent
AIAdultSlopeContact= 0.535223805345595
AIAdultLD50Contact= 0.0472111915703863
AILarvaSlope= 1.07225476764143
AILarvaLD50= 1.75435323826969
AIKOW= 40.5880182282999
AIKOC= 17.6354991970584
AIHalfLife= 5.28469696128741
