ICQueenStrength= 3.60490689426661
RQWkrDrnRatio= 4.70741150714457
ICDroneMiteSurvivorship= 7.09496601484716
ICWorkerMiteSurvivorship= 91.8868691194803
ICForagerLifespan= 15.0366989262402
ImmType= Sine
AIAdultSlope= 0.497084786416963
AIAdultLD50= 2.95726538356394
AIAdultSlopeContact= 1.29390054655261
AIAdultLD50Contact= 0.0210153366206214
AILarvaSlope= 1.13815179988742
AILarvaLD50= 0.481311465776525
AIKOW= 5.6356914434582
AIKOC= 29.8476315697189
AIHalfLife= 6.02057147072628
EAppRate= 0.259637432871386
