ICQueenStrength= 3.88798742345534
RQWkrDrnRatio= 4.69878775347024
ICDroneMiteSurvivorship= 55.4716139798984
ICWorkerMiteSurvivorship= 39.8252862505615
ICForagerLifespan= 7.68192374706268
ImmType= Sine
AIAdultSlopeContact= 0.102381228934973
AIAdultLD50Contact= 0.0610469693318009
AILarvaSlope= 7.71561078494415
AILarvaLD50= 1.5934802792035
AIKOW= 19.9710463406518
AIKOC= 68.4607247356325
AIHalfLife= 1.69471430266276
