ICQueenStrength= 3.45417747995816
RQWkrDrnRatio= 1.18035746458918
ICDroneMiteSurvivorship= 60.1227664621547
ICWorkerMiteSurvivorship= 4.07803319394588
ICForagerLifespan= 5.97144292667508
ImmType= Exponential
AIAdultSlope= 3.30761524941539
AIAdultLD50= 0.101537707378156
AIAdultSlopeContact= 0.40028033001814
AIAdultLD50Contact= 0.0064527657115832
AILarvaSlope= 1.72485957387835
AILarvaLD50= 0.725361325987615
AIKOW= 2.34498692909256
AIKOC= 21.1473195708822
AIHalfLife= 3.52521931868978
EAppRate= 0
