ICQueenStrength= 1.25212880922481
RQWkrDrnRatio= 3.65211781300604
ICDroneMiteSurvivorship= 26.974840532057
ICWorkerMiteSurvivorship= 87.4793863389641
ICForagerLifespan= 4.96890612784773
ImmType= Exponential
AIAdultSlope= 3.7301996559836
