ICQueenStrength= 5.10030685947277
RQWkrDrnRatio= 2.59556307271123
ICDroneMiteSurvivorship= 62.0156178250909
ICWorkerMiteSurvivorship= 11.7892395472154
ICForagerLifespan= 13.8888360280544
ImmType= Cosine
AIAdultLD50= 0.154012839635834
AIAdultSlopeContact= 0.1908074154309
AIAdultLD50Contact= 0.0366168612148613
AILarvaSlope= 0.928520124265924
AILarvaLD50= 0.375952452491038
AIKOW= 7.57730297418311
AIKOC= 12.9396994202398
AIHalfLife= 9.08546097110957
EAppRate= 1.34337927075103
