ICQueenStrength= 1.09664550423622
RQWkrDrnRatio= 3.7821990577504
ICDroneMiteSurvivorship= 22.9341029422358
ICWorkerMiteSurvivorship= 86.9266968686134
ICForagerLifespan= 9.22826614696532
ImmType= Polynomial
AIAdultSlope= 6.8996534566395
