ICQueenStrength= 5.73696998087689
RQWkrDrnRatio= 2.40164754819125
ICDroneMiteSurvivorship= 26.8445102963597
ICWorkerMiteSurvivorship= 24.2254404351115
ICForagerLifespan= 5.36062463000417
ImmType= Logarithmic
AIAdultSlope= 1.03431496489793
AIAdultLD50= 2.62663914053701
AIAdultSlopeContact= 1.81026631460991
AIAdultLD50Contact= 0.0472348155104555
AILarvaSlope= 2.42817137902603
AILarvaLD50= 0.0393138877116144
AIKOW= 7.80521051166579
AIKOC= 18.0206765781622
AIHalfLife= 3.63040151726454
EAppRate= 0.0350511386059225
