ICQueenStrength= 3.70881135598756
RQWkrDrnRatio= 4.72331820987165
ICDroneMiteSurvivorship= 50.8998778648674
ICWorkerMiteSurvivorship= 17.7266034996137
ICForagerLifespan= 7.95273789484054
ImmType= Logarithmic
AIAdultSlope= 2.35367938643321
