ICQueenStrength= 2.17653100634925
RQWkrDrnRatio= 1.84030411485583
ICDroneMiteSurvivorship= 9.08485860563815
ICWorkerMiteSurvivorship= 98.0880080955103
ICForagerLifespan= 14.1960144424811
ImmType= Cosine
AIAdultSlopeContact= 3.62304975985782
AIAdultLD50Contact= 0.0258389577735215
AILarvaSlope= 0.49062675666064
AILarvaLD50= 0.712218600511551
AIKOW= 4.76497415499762
AIKOC= 16.506900342647
AIHalfLife= 7.67360577732325
