ICQueenStrength= 2.07946628239006
RQWkrDrnRatio= 3.21650207508355
ICDroneMiteSurvivorship= 91.0582520766184
ICWorkerMiteSurvivorship= 58.5469341604039
ICForagerLifespan= 4.04320844262838
ImmType= Sine
AIAdultSlope= 2.30918748173863
AIAdultSlopeContact= 1.91467951161554
AIAdultLD50Contact= 0.0119413629872724
AILarvaSlope= 0.413890103902668
AILarvaLD50= 0.19664390233811
AIKOW= 3.14539875555784
AIKOC= 25.7251452724449
AIHalfLife= 12.7172417906113
