ICQueenStrength= 3.10648241569288
RQWkrDrnRatio= 2.23769200500101
ICDroneMiteSurvivorship= 46.1550507927313
ICWorkerMiteSurvivorship= 42.6430172054097
ICForagerLifespan= 12.7027930635959
ImmType= Exponential
AIAdultSlope= 0.817513027579989
AIAdultLD50= 0.12749201070983
AIAdultSlopeContact= 3.82667576258769
AIAdultLD50Contact= 0.0477767802891322
AILarvaSlope= 1.87072262163274
AILarvaLD50= 0.269104648707435
AIKOW= 7.75925651099533
AIKOC= 5.17316213925369
AIHalfLife= 0.72451435495168
EAppRate= 0
