ICQueenStrength= 5.15826136944816
RQWkrDrnRatio= 4.11776969674975
ICDroneMiteSurvivorship= 40.6621621688828
ICWorkerMiteSurvivorship= 56.2012882903218
ICForagerLifespan= 10.9440096011385
ImmType= Exponential
AIAdultSlope= 3.23393091613194
AIAdultLD50= 0.361054763896391
AIAdultSlopeContact= 1.14812888950808
AIAdultLD50Contact= 0.0250868519418873
AILarvaSlope= 1.8242238746956
AILarvaLD50= 0.692819639272057
AIKOW= 4.53420911496505
AIKOC= 28.737876204541
AIHalfLife= 4.01675653993152
EAppRate= 0.63889170542825
