ICQueenStrength= 4.35078381933272
RQWkrDrnRatio= 1.21011785324663
