ICQueenStrength= 5.97081301291473
RQWkrDrnRatio= 3.62840468715876
ICDroneMiteSurvivorship= 88.1100792670622
ICWorkerMiteSurvivorship= 64.6479256916791
ICForagerLifespan= 7.75665651634336
ImmType= Exponential
AIAdultSlope= 4.36545236501843
AIAdultLD50= 0.70637931721285
AIAdultSlopeContact= 5.69286193000153
AIAdultLD50Contact= 0.133386747725308
AILarvaSlope= 2.01987196924165
AILarvaLD50= 0.0578555138781667
AIKOW= 90.6420749146491
AIKOC= 16.4725079666823
AIHalfLife= 8.75445040082559
EAppRate= 1.47974437056109
