ICQueenStrength= 5.32093981769867
RQWkrDrnRatio= 1.39787021744996
ICDroneMiteSurvivorship= 63.4717514971271
ICWorkerMiteSurvivorship= 41.8947089463472
ICForagerLifespan= 9.61872227583081
ImmType= Exponential
AIAdultSlope= 8.98260415764526
