ICQueenStrength= 5.44663987727836
RQWkrDrnRatio= 2.74080619681627
ICDroneMiteSurvivorship= 88.2368530612439
ICWorkerMiteSurvivorship= 98.799396911636
ICForagerLifespan= 14.1146060768515
ImmType= Logarithmic
AIAdultSlope= 1.42073854463641
AIAdultLD50= 0.470127022475936
AIAdultSlopeContact= 1.42764052449726
AIAdultLD50Contact= 0.00960718455025926
AILarvaSlope= 3.03100613839924
AILarvaLD50= 0.618875431409106
AIKOW= 6.64908715011552
AIKOC= 27.3158916167449
AIHalfLife= 1.92711061332375
EAppRate= 0.634808866400272
