ICQueenStrength= 3.64950104989111
RQWkrDrnRatio= 2.01955850236118
ICDroneMiteSurvivorship= 69.2533539608121
ICWorkerMiteSurvivorship= 40.8732818905264
ICForagerLifespan= 11.6483656847849
ImmType= Tangent
AIAdultSlope= 7.71995526505634
