ICQueenStrength= 3.39574074163102
RQWkrDrnRatio= 4.3251371467486
ICDroneMiteSurvivorship= 80.017978255637
ICWorkerMiteSurvivorship= 16.0556497052312
ICForagerLifespan= 4.14730801153928
ImmType= Exponential
AIAdultSlope= 0.839534958957229
AIAdultLD50= 0.41605809587054
AIAdultSlopeContact= 2.92397205461981
AIAdultLD50Contact= 0.0237547689583153
AILarvaSlope= 0.259033155674115
AILarvaLD50= 0.220399619266391
AIKOW= 5.49698443524539
AIKOC= 18.5946879745461
AIHalfLife= 4.83850702526979
EAppRate= 0.0324779730755836
