ICQueenStrength= 3.69160509691574
RQWkrDrnRatio= 3.99258270673454
ICDroneMiteSurvivorship= 49.6991683728993
ICWorkerMiteSurvivorship= 87.7365712076426
ICForagerLifespan= 11.6461648456752
ImmType= Polynomial
AIAdultSlope= 1.95323777820915
AIAdultLD50= 0.344955299282447
AIAdultSlopeContact= 0.549514423948713
AIAdultLD50Contact= 0.0415265918709338
AILarvaSlope= 1.61586896777153
AILarvaLD50= 0.860722772008739
AIKOW= 5.84223237400874
AIKOC= 20.175602841191
AIHalfLife= 2.64656409039162
EAppRate= 0.488410629471764
