ICQueenStrength= 5.25312431529164
RQWkrDrnRatio= 3.19555459171534
ICDroneMiteSurvivorship= 52.3406761232764
ICWorkerMiteSurvivorship= 53.1840456184
ICForagerLifespan= 4.6337380213663
ImmType= Tangent
AIAdultSlope= 1.54086778638884
AIAdultLD50= 0.974571960512549
AIAdultSlopeContact= 3.28833096773364
AIAdultLD50Contact= 0.0365197227103636
AILarvaSlope= 1.82018437557854
AILarvaLD50= 0.38252469250001
AIKOW= 6.91654143994674
AIKOC= 26.5301350166555
AIHalfLife= 3.41525547066703
EAppRate= 0.413134602596983
