ICQueenStrength= 4.40535257570446
RQWkrDrnRatio= 3.78787359129637
