ICQueenStrength= 5.50534053030424
RQWkrDrnRatio= 4.4983903542161
ICDroneMiteSurvivorship= 81.2724149087444
ICWorkerMiteSurvivorship= 68.5385055840015
ICForagerLifespan= 9.05545599665493
ImmType= Sine
AIAdultSlope= 3.81533748168033
AIAdultLD50= 0.260430344613269
AIAdultSlopeContact= 3.86613735868363
AIAdultLD50Contact= 0.0108014988829382
AILarvaSlope= 2.28316212566569
AILarvaLD50= 0.773079791176133
AIKOW= 2.22197548719123
AIKOC= 20.4933941201307
AIHalfLife= 3.62476739916019
EAppRate= 0
