ICQueenStrength= 5.43829120020382
RQWkrDrnRatio= 4.17620144411922
ICDroneMiteSurvivorship= 63.2355735404417
ICWorkerMiteSurvivorship= 64.7012787172571
ICForagerLifespan= 13.6148286629468
ImmType= Sine
AIAdultSlope= 2.12102217704058
AIAdultLD50= 0.499058202025481
AIAdultSlopeContact= 0.949883567153011
AIAdultLD50Contact= 0.0270147257950157
AILarvaSlope= 0.244905759952962
AILarvaLD50= 0.88466902510263
AIKOW= 2.5987007804215
AIKOC= 19.3308371829335
AIHalfLife= 2.60518076480366
EAppRate= 0
