ICQueenStrength= 2.5533146134112
RQWkrDrnRatio= 1.53588327951729
ICDroneMiteSurvivorship= 9.360412042588
ICWorkerMiteSurvivorship= 5.76132899150252
ICForagerLifespan= 12.1373343355954
ImmType= Sine
AIAdultSlope= 1.84060160783119
AIAdultLD50= 1.64623829140328
AIAdultSlopeContact= 2.17809820294613
AIAdultLD50Contact= 0.000785882072523236
AILarvaSlope= 0.789314989000559
AILarvaLD50= 0.249227258912288
AIKOW= 3.59710135869682
AIKOC= 19.3067457829602
AIHalfLife= 2.79279496427625
EAppRate= 0.288421053439379
