ICQueenStrength= 1.88585106423125
RQWkrDrnRatio= 2.77337299194187
ICDroneMiteSurvivorship= 93.846992100589
ICWorkerMiteSurvivorship= 18.6300915665925
ICForagerLifespan= 11.5346978185698
ImmType= Sine
AIAdultSlope= 1.23881330755539
AIAdultLD50= 1.55039139348082
AIAdultSlopeContact= 2.06517253916245
AIAdultLD50Contact= 0.0412277409341186
AILarvaSlope= 1.39513211334124
AILarvaLD50= 0.475475073466077
AIKOW= 5.67086972948164
AIKOC= 26.6519226785749
AIHalfLife= 3.30867032846436
EAppRate= 0.0989073833916336
