ICQueenStrength= 3.13777446071617
RQWkrDrnRatio= 2.1483388831839
ICDroneMiteSurvivorship= 49.5361389126629
ICWorkerMiteSurvivorship= 21.6628823895007
ICForagerLifespan= 8.56051295995712
ImmType= Sine
AIAdultSlope= 2.86355310119689
