ICQueenStrength= 1.01705106347799
RQWkrDrnRatio= 3.22398938983679
ICDroneMiteSurvivorship= 82.6862522400916
ICWorkerMiteSurvivorship= 20.0534434989095
ICForagerLifespan= 8.71090384945273
ImmType= Polynomial
AIAdultSlopeContact= 4.3901960994117
AIAdultLD50Contact= 0.184670645371079
AILarvaSlope= 7.03939004335552
AILarvaLD50= 1.925258285366
AIKOW= 58.7264941073954
AIKOC= 95.129181467928
AIHalfLife= 11.8833105834201
