ICQueenStrength= 3.01295619364828
RQWkrDrnRatio= 4.64545373711735
ICDroneMiteSurvivorship= 41.4574306458235
ICWorkerMiteSurvivorship= 97.1867693122476
ICForagerLifespan= 7.66033398453146
ImmType= Sine
AIAdultSlope= 1.63202551477589
AIAdultLD50= 1.35582785890438
AIAdultSlopeContact= 0.741186284918804
AIAdultLD50Contact= 0.0465215908363462
AILarvaSlope= 2.9407833925914
AILarvaLD50= 0.145793560822494
AIKOW= 7.39007756253704
AIKOC= 24.530571019277
AIHalfLife= 5.03788406215608
EAppRate= 0.778156178537756
