ICQueenStrength= 3.46237795683555
RQWkrDrnRatio= 1.4161483598873
ICDroneMiteSurvivorship= 7.37179049756378
ICWorkerMiteSurvivorship= 81.5828241640702
ICForagerLifespan= 6.75487674307078
ImmType= Sine
AIAdultSlope= 1.36145236436278
AIAdultLD50= 0.114316425984725
AIAdultSlopeContact= 2.94938888866454
AIAdultLD50Contact= 0.0967021185904741
AILarvaSlope= 7.86585352849215
AILarvaLD50= 1.31649079313502
AIKOW= 48.673249152489
AIKOC= 87.5804043607786
AIHalfLife= 13.5672712721862
EAppRate= 1.93506926717237
