ICQueenStrength= 1.59461308061145
RQWkrDrnRatio= 3.3766813352704
ICDroneMiteSurvivorship= 75.5173075944185
ICWorkerMiteSurvivorship= 56.2385340686888
ICForagerLifespan= 10.6936584059149
ImmType= Logarithmic
AIAdultSlope= 2.77560831652954
AIAdultLD50= 0.0839943580795079
AIAdultSlopeContact= 3.0330909651448
AIAdultLD50Contact= 0.047668886592146
AILarvaSlope= 0.0841864174231887
AILarvaLD50= 0.090460270922631
AIKOW= 4.0612605791539
AIKOC= 6.30320689640939
AIHalfLife= 13.4838677966036
EAppRate= 0.445896896300837
