ICQueenStrength= 1.15733046107925
RQWkrDrnRatio= 1.45258995424956
ICDroneMiteSurvivorship= 26.9452779553831
ICWorkerMiteSurvivorship= 36.9145805248991
ICForagerLifespan= 15.5030878838152
ImmType= Sine
AIAdultSlope= 2.88300520344637
AIAdultLD50= 2.46624680841342
AIAdultSlopeContact= 3.23646698320052
AIAdultLD50Contact= 0.000697006634436548
AILarvaSlope= 2.84696189393289
AILarvaLD50= 0.508952260413207
AIKOW= 3.85460074432194
AIKOC= 6.0171176341828
AIHalfLife= 7.46643295604736
EAppRate= 0.037869151448831
