ICQueenStrength= 1.01392864855006
RQWkrDrnRatio= 2.07366886083037
ICDroneMiteSurvivorship= 49.0312449634075
ICWorkerMiteSurvivorship= 38.1805223645642
ICForagerLifespan= 6.87800122890621
ImmType= Cosine
AIAdultSlope= 1.33074216260575
AIAdultLD50= 1.23614879208617
AIAdultSlopeContact= 1.29659416252747
AIAdultLD50Contact= 0.0297694673994556
AILarvaSlope= 1.8865074575413
AILarvaLD50= 0.742493739095517
AIKOW= 3.12892643548548
AIKOC= 18.1646384601481
AIHalfLife= 12.8144150702283
EAppRate= 0.440936780301854
