ICQueenStrength= 5.07151140039787
RQWkrDrnRatio= 1.93104482721537
ICDroneMiteSurvivorship= 75.3130150260404
ICWorkerMiteSurvivorship= 18.0519395275041
ICForagerLifespan= 5.09623446781188
ImmType= Tangent
AIAdultSlope= 0.989624879811891
AIAdultLD50= 0.376716395956464
AIAdultSlopeContact= 3.46977703998797
AIAdultLD50Contact= 0.0394913081079721
AILarvaSlope= 1.09724955889396
AILarvaLD50= 0.436919489200227
AIKOW= 7.88852793956175
AIKOC= 14.8035694449209
AIHalfLife= 0.398506503552198
EAppRate= 0
