ICQueenStrength= 3.75212550419383
RQWkrDrnRatio= 2.48060898203403
ICDroneMiteSurvivorship= 31.1873858561739
ICWorkerMiteSurvivorship= 82.477153535001
ICForagerLifespan= 6.80275716912001
ImmType= Logarithmic
AIAdultSlope= 2.25603571984218
AIAdultLD50= 0.445703526027501
AIAdultSlopeContact= 0.529224222970661
AIAdultLD50Contact= 0.0482125618029386
AILarvaSlope= 3.20111299674027
AILarvaLD50= 0.588834559894167
AIKOW= 7.39685781672597
AIKOC= 28.5177420137916
AIHalfLife= 3.66269015008584
EAppRate= 0.655539261037484
