ICQueenStrength= 1.0922292645555
RQWkrDrnRatio= 3.92731180042028
ICDroneMiteSurvivorship= 51.0515400208533
ICWorkerMiteSurvivorship= 29.5216392492875
ICForagerLifespan= 10.3309956677258
ImmType= Exponential
AIAdultSlope= 0.223671451210976
AIAdultLD50= 2.76957039744593
AIAdultSlopeContact= 1.27239871780621
AIAdultLD50Contact= 0.0322137665934861
AILarvaSlope= 1.52331296270713
AILarvaLD50= 0.386987587809563
AIKOW= 2.2634386359714
AIKOC= 12.0636110380292
AIHalfLife= 5.21592384809628
EAppRate= 0.970385253662243
