ICQueenStrength= 2.15980655187741
RQWkrDrnRatio= 2.21865558251739
ICDroneMiteSurvivorship= 78.1873886706308
ICWorkerMiteSurvivorship= 87.1097055496648
ICForagerLifespan= 13.2001999523491
ImmType= Tangent
AIAdultSlope= 0.912161376653239
AIAdultLD50= 2.97436522739008
AIAdultSlopeContact= 0.918955923523754
AIAdultLD50Contact= 0.0295203108224086
AILarvaSlope= 0.593421007553115
AILarvaLD50= 0.861263872054406
AIKOW= 4.26232171338052
AIKOC= 23.7384440738242
AIHalfLife= 1.65650082100183
EAppRate= 0.96738717588596
