ICQueenStrength= 2.03943756083027
RQWkrDrnRatio= 4.78085664939135
ICDroneMiteSurvivorship= 15.0871199788526
ICWorkerMiteSurvivorship= 2.51487537752837
ICForagerLifespan= 13.0032355515286
ImmType= Cosine
AIAdultSlopeContact= 1.48255457826192
AIAdultLD50Contact= 0.0429814648465253
AILarvaSlope= 1.43225278775208
AILarvaLD50= 0.401201179577038
AIKOW= 5.43856221111491
AIKOC= 13.7497661996167
AIHalfLife= 8.85149466432631
