ICQueenStrength= 3.67114756279625
RQWkrDrnRatio= 4.21673570200801
ICDroneMiteSurvivorship= 42.0086204539984
ICWorkerMiteSurvivorship= 11.2152614630759
ICForagerLifespan= 12.2775117475539
ImmType= Sine
AIAdultLD50= 0.154012839635834
AIAdultSlopeContact= 0.769719791833777
AIAdultLD50Contact= 0.0215273402049206
AILarvaSlope= 1.61191347185522
AILarvaLD50= 0.514635937591083
AIKOW= 2.946306461934
AIKOC= 15.6006577902008
AIHalfLife= 2.7250516526401
EAppRate= 0.753149427007884
