ICQueenStrength= 5.31946033262648
RQWkrDrnRatio= 1.62859218753874
ICDroneMiteSurvivorship= 31.0347674181685
ICWorkerMiteSurvivorship= 21.8890443211421
ICForagerLifespan= 8.76568093057722
ImmType= Polynomial
AIAdultSlope= 1.92478249259293
AIAdultLD50= 0.623231895267963
AIAdultSlopeContact= 0.0915297152590938
AIAdultLD50Contact= 0.0322089869412594
AILarvaSlope= 0.84422798147425
AILarvaLD50= 0.0472468509105965
AIKOW= 6.54175355937332
AIKOC= 20.1699913199991
AIHalfLife= 7.26774553582072
EAppRate= 0.148435976356268
