ICQueenStrength= 1.56102090049535
RQWkrDrnRatio= 1.40583902504295
ICDroneMiteSurvivorship= 92.6236189668998
ICWorkerMiteSurvivorship= 45.9654978476465
ICForagerLifespan= 7.58200170192868
ImmType= Cosine
AIAdultSlope= 1.40071133540478
AIAdultLD50= 0.0420354939997196
AIAdultSlopeContact= 3.16595066854265
AIAdultLD50Contact= 0.0355981337372214
AILarvaSlope= 2.76627985984087
AILarvaLD50= 0.884878406301141
AIKOW= 2.31975123705342
AIKOC= 19.8936742043588
AIHalfLife= 4.78743863059208
EAppRate= 0.324412843212485
