ICQueenStrength= 4.10247132671066
RQWkrDrnRatio= 4.71633241325617
ICDroneMiteSurvivorship= 60.0734288338572
ICWorkerMiteSurvivorship= 34.9242283264175
ICForagerLifespan= 5.30210547894239
ImmType= Tangent
AIAdultSlope= 0.0652500377502292
AIAdultLD50= 2.78057995601557
AIAdultSlopeContact= 3.77873634253861
AIAdultLD50Contact= 0.012736907415092
AILarvaSlope= 1.67544441139325
AILarvaLD50= 0.55801390085835
AIKOW= 5.02723965421319
AIKOC= 26.2763438059483
AIHalfLife= 11.8824160760269
EAppRate= 0.715982302092016
