ICQueenStrength= 5.11998249706812
RQWkrDrnRatio= 4.04141801130027
ICDroneMiteSurvivorship= 89.4640119746327
ICWorkerMiteSurvivorship= 86.6642105160281
ICForagerLifespan= 12.153118015267
ImmType= Cosine
AIAdultSlope= 0.37813343834132
AIAdultLD50= 2.71255346294492
AIAdultSlopeContact= 2.42115679183742
AIAdultLD50Contact= 0.0299011999508366
AILarvaSlope= 1.68950672135688
AILarvaLD50= 0.384333039494231
AIKOW= 7.39910768019035
AIKOC= 16.4192199602257
AIHalfLife= 1.0406558229588
EAppRate= 0.325435172300786
