ICQueenStrength= 4.12507927999832
RQWkrDrnRatio= 2.78356296010315
ICDroneMiteSurvivorship= 70.1139482669532
ICWorkerMiteSurvivorship= 30.4789034416899
ICForagerLifespan= 13.6516955951229
ImmType= Sine
AIAdultSlope= 0.411020033969544
AIAdultLD50= 0.284440476913005
AIAdultSlopeContact= 0.738317914833315
AIAdultLD50Contact= 0.0389925961848348
AILarvaSlope= 0.699289534939453
AILarvaLD50= 0.372089665196836
AIKOW= 2.86037258524448
AIKOC= 5.16028935206123
AIHalfLife= 4.79326214175671
EAppRate= 0
