ICQueenStrength= 5.08153438940644
RQWkrDrnRatio= 1.19157942570746
ICDroneMiteSurvivorship= 66.9740243116394
ICWorkerMiteSurvivorship= 17.5998338498175
ICForagerLifespan= 4.81449467130005
ImmType= Tangent
AIAdultSlope= 1.14141591068823
AIAdultLD50= 0.0383358175167814
AIAdultSlopeContact= 0.83067597517278
AIAdultLD50Contact= 0.0148295209393837
AILarvaSlope= 0.273007449693978
AILarvaLD50= 0.0622024934040383
AIKOW= 5.3653425318189
AIKOC= 25.2633612498175
AIHalfLife= 3.32795471185818
EAppRate= 0
