ICQueenStrength= 4.91432122094557
RQWkrDrnRatio= 1.68538015242666
ICDroneMiteSurvivorship= 20.9886549273506
ICWorkerMiteSurvivorship= 59.1092213755473
ICForagerLifespan= 4.52450764086097
ImmType= Cosine
AIAdultSlope= 3.26559587455122
AIAdultLD50= 0.302165563567542
AIAdultSlopeContact= 1.41076469691703
AIAdultLD50Contact= 0.0428324357722886
AILarvaSlope= 1.96134423441254
AILarvaLD50= 0.213262039166875
AIKOW= 3.38997601671144
AIKOC= 23.2475141948089
AIHalfLife= 0.38837461383082
EAppRate= 0.616041874745861
