ICQueenStrength= 1.64002768835053
RQWkrDrnRatio= 2.04200354870409
ICDroneMiteSurvivorship= 11.5414651343599
ICWorkerMiteSurvivorship= 33.1318377517164
ICForagerLifespan= 12.4386876402423
ImmType= Cosine
AIAdultSlope= 2.73615321054356
AIAdultLD50= 0.492644162615761
AIAdultSlopeContact= 2.09946242267266
AIAdultLD50Contact= 0.0228845375357196
AILarvaSlope= 2.41686170548201
AILarvaLD50= 0.440275060711429
AIKOW= 3.4362566252239
AIKOC= 28.0041724804323
AIHalfLife= 2.47240473981947
EAppRate= 0.65207102978602
