ICQueenStrength= 2.54662901186384
RQWkrDrnRatio= 2.05081929638982
ICDroneMiteSurvivorship= 79.4031150406227
ICWorkerMiteSurvivorship= 26.2682821368799
ICForagerLifespan= 11.8949606893584
ImmType= Exponential
AIAdultSlope= 2.69830124154687
AIAdultLD50= 1.54517028224654
AIAdultSlopeContact= 0.209879627390765
AIAdultLD50Contact= 0.0496866937959567
AILarvaSlope= 2.96168922716752
AILarvaLD50= 0.20258932497818
AIKOW= 7.91886075492948
AIKOC= 14.206380386604
AIHalfLife= 10.6535869552754
EAppRate= 0.366455572657287
