ICQueenStrength= 1.67107388842851
RQWkrDrnRatio= 4.30746579822153
