ICQueenStrength= 2.05138903716579
RQWkrDrnRatio= 3.92848854791373
ICDroneMiteSurvivorship= 85.9503869665787
ICWorkerMiteSurvivorship= 49.3036996340379
ICForagerLifespan= 5.47865153290331
ImmType= Sine
AIAdultSlope= 2.25752698332071
AIAdultLD50= 2.86648617731407
AIAdultSlopeContact= 3.90756979387254
AIAdultLD50Contact= 0.0338079406297766
AILarvaSlope= 2.32584208068438
AILarvaLD50= 0.0257615579059348
AIKOW= 5.22306997096166
AIKOC= 5.33162369509228
AIHalfLife= 4.90194786759093
EAppRate= 0.868312837556005
