ICQueenStrength= 5.44128144066781
RQWkrDrnRatio= 2.8275460395962
ICDroneMiteSurvivorship= 4.41905907355249
ICWorkerMiteSurvivorship= 54.0854568593204
ICForagerLifespan= 7.69555716682225
ImmType= Sine
AIAdultSlope= 2.35471997451503
AIAdultLD50= 0.311145891086198
AIAdultSlopeContact= 0.173335200548172
AIAdultLD50Contact= 0.0375794850871898
AILarvaSlope= 1.44807632695884
AILarvaLD50= 0.64531801789999
AIKOW= 7.55069405259565
AIKOC= 6.35710908798501
AIHalfLife= 3.12957119662315
EAppRate= 0
