ICQueenStrength= 5.34344393783249
RQWkrDrnRatio= 1.5440120222047
ICDroneMiteSurvivorship= 98.5548423603177
ICWorkerMiteSurvivorship= 9.6531989518553
ICForagerLifespan= 14.0635953173041
ImmType= Tangent
AIAdultSlope= 1.30001633925363
AIAdultLD50= 0.149207880487666
AIAdultSlopeContact= 0.0932443731324747
AIAdultLD50Contact= 0.0383200542186387
AILarvaSlope= 0.649077216396108
AILarvaLD50= 0.767581426352263
AIKOW= 7.8257939205505
AIKOC= 11.1017327476293
AIHalfLife= 3.17285603377968
EAppRate= 0.272801324399188
