ICQueenStrength= 1.13397860107943
RQWkrDrnRatio= 4.83209579344839
ICDroneMiteSurvivorship= 4.27153976634145
ICWorkerMiteSurvivorship= 45.2017204137519
ICForagerLifespan= 5.70510136522353
ImmType= Exponential
AIAdultSlope= 3.35000639930367
AIAdultLD50= 1.16817511967383
AIAdultSlopeContact= 2.16577508673538
AIAdultLD50Contact= 0.0398821545299143
AILarvaSlope= 1.16594593413174
AILarvaLD50= 0.789821151620708
AIKOW= 5.39530239999294
AIKOC= 6.08919536578469
AIHalfLife= 6.42360384063795
EAppRate= 0.0207689960952848
