ICQueenStrength= 2.78653724491596
RQWkrDrnRatio= 3.49661600776017
ICDroneMiteSurvivorship= 71.2850937619805
ICWorkerMiteSurvivorship= 95.7857788307592
ICForagerLifespan= 10.0608166474849
ImmType= Tangent
AIAdultSlope= 7.43942005094141
