ICQueenStrength= 1.80800722818822
RQWkrDrnRatio= 4.59201203100383
ICDroneMiteSurvivorship= 78.1098777893931
ICWorkerMiteSurvivorship= 32.739501609467
ICForagerLifespan= 12.7881814278662
ImmType= Polynomial
AIAdultSlope= 3.33274881783873
AIAdultLD50= 1.886757314438
AIAdultSlopeContact= 0.221120841591619
AIAdultLD50Contact= 0.00107445337343961
AILarvaSlope= 0.905217004660517
AILarvaLD50= 0.0803080687299371
AIKOW= 3.19833975285292
AIKOC= 21.0273837915156
AIHalfLife= 9.49861202808097
EAppRate= 0.671538482187316
