ICQueenStrength= 5.91255614091642
RQWkrDrnRatio= 4.11251610610634
ICDroneMiteSurvivorship= 46.4852983830497
ICWorkerMiteSurvivorship= 84.6057855524123
ICForagerLifespan= 15.1211324688047
ImmType= Sine
AIAdultLD50= 0.154012839635834
AIAdultSlopeContact= 2.28547747726087
AIAdultLD50Contact= 0.0112696776748635
AILarvaSlope= 2.71609715279192
AILarvaLD50= 0.205044688889757
AIKOW= 7.63259284896776
AIKOC= 26.1428580689244
AIHalfLife= 9.02956131612882
EAppRate= 0.627854950726032
