ICQueenStrength= 2.2379224493634
RQWkrDrnRatio= 3.5316473506391
ICDroneMiteSurvivorship= 41.6218557860702
ICWorkerMiteSurvivorship= 33.8298873743042
ICForagerLifespan= 13.1262670513242
ImmType= Logarithmic
AIAdultSlope= 0.771227304078638
AIAdultLD50= 0.141594946151599
AIAdultSlopeContact= 0.566531262283679
AIAdultLD50Contact= 0.049163602211047
AILarvaSlope= 2.26457757861353
AILarvaLD50= 0.83189834849909
AIKOW= 3.35039382986724
AIKOC= 26.3542043522466
AIHalfLife= 11.2745346743613
EAppRate= 0.748324997490272
