ICQueenStrength= 4.09743451536633
RQWkrDrnRatio= 4.9239324470982
ICDroneMiteSurvivorship= 46.5645797550678
ICWorkerMiteSurvivorship= 40.140365366824
ICForagerLifespan= 5.13041241280735
ImmType= Polynomial
AIAdultSlope= 0.519421579982154
AIAdultLD50= 0.0536300537642092
AIAdultSlopeContact= 3.32829664529767
AIAdultLD50Contact= 0.00560990857193247
AILarvaSlope= 1.63224924202077
AILarvaLD50= 0.448697572946548
AIKOW= 5.39662902615964
AIKOC= 9.4614159676712
AIHalfLife= 1.00552916759625
EAppRate= 0.685304808965884
