ICQueenStrength= 2.54914114042185
RQWkrDrnRatio= 2.56988448929042
ICDroneMiteSurvivorship= 45.0372856343165
ICWorkerMiteSurvivorship= 84.5807227306068
ICForagerLifespan= 10.469123698771
ImmType= Polynomial
AIAdultSlope= 2.82092493510107
AIAdultLD50= 0.449137607356533
AIAdultSlopeContact= 1.89463723650668
AIAdultLD50Contact= 0.0236666602315381
AILarvaSlope= 2.30490625146776
AILarvaLD50= 0.665739341662265
AIKOW= 7.15849861316383
AIKOC= 28.5827588359825
AIHalfLife= 4.65040162554942
EAppRate= 0.447108449181542
