ICQueenStrength= 4.07543984614313
RQWkrDrnRatio= 3.08936979901046
ICDroneMiteSurvivorship= 96.5618351707235
ICWorkerMiteSurvivorship= 40.0863317307085
ICForagerLifespan= 13.9179002353922
ImmType= Logarithmic
AIAdultSlope= 0.247261057235301
AIAdultLD50= 1.8169534583576
AIAdultSlopeContact= 1.31142852302408
AIAdultLD50Contact= 0.0199153163703158
AILarvaSlope= 2.47438932182267
AILarvaLD50= 0.118029677309096
AIKOW= 5.04307128954679
AIKOC= 16.2343678832985
AIHalfLife= 8.74978578696027
EAppRate= 0.744199857581407
