ICQueenStrength= 2.65696567273699
RQWkrDrnRatio= 3.34914670977741
ICDroneMiteSurvivorship= 26.1284222593531
ICWorkerMiteSurvivorship= 6.46055873949081
ICForagerLifespan= 7.20949269738048
ImmType= Polynomial
AIAdultSlope= 3.20092593673617
AIAdultLD50= 0.683600888354704
AIAdultSlopeContact= 3.87768302164273
AIAdultLD50Contact= 0.0374054664047435
AILarvaSlope= 0.64077648264356
AILarvaLD50= 0.570018598157913
AIKOW= 6.90489556640387
AIKOC= 28.5548170865513
AIHalfLife= 0.444103226065636
EAppRate= 0.043301614234224
