ICQueenStrength= 2.65210072533228
RQWkrDrnRatio= 2.84926509577781
ICDroneMiteSurvivorship= 29.5386373531073
ICWorkerMiteSurvivorship= 57.5453037861735
ICForagerLifespan= 13.4855692889541
ImmType= Tangent
AIAdultSlope= 1.4748505230993
AIAdultLD50= 2.37007014127448
AIAdultSlopeContact= 2.72208688952727
AIAdultLD50Contact= 0.0363458646810614
AILarvaSlope= 3.04179673842154
AILarvaLD50= 0.286567640723661
AIKOW= 5.25763617269695
AIKOC= 17.7955119183753
AIHalfLife= 5.6800434649922
EAppRate= 0.188339089043438
