ICQueenStrength= 2.54060364933684
RQWkrDrnRatio= 2.69232404790819
ICDroneMiteSurvivorship= 94.159144628793
ICWorkerMiteSurvivorship= 3.80463902838528
ICForagerLifespan= 6.18441164121032
ImmType= Exponential
AIAdultSlope= 3.30761226811446
AIAdultLD50= 2.65580168715678
AIAdultSlopeContact= 0.387828475360293
AIAdultLD50Contact= 0.00944102293578908
AILarvaSlope= 3.25482324133627
AILarvaLD50= 0.814133511995897
AIKOW= 6.20558397192508
AIKOC= 23.0756858550012
AIHalfLife= 11.1711055180058
EAppRate= 0.536573771387339
