ICQueenStrength= 3.76387998252176
RQWkrDrnRatio= 4.32996069546789
ICDroneMiteSurvivorship= 52.8474820544943
ICWorkerMiteSurvivorship= 35.0387466140091
ICForagerLifespan= 13.2395208850503
ImmType= Cosine
AIAdultSlope= 0.538713270616718
AIAdultLD50= 0.232309551676735
AIAdultSlopeContact= 3.07885327671887
AIAdultLD50Contact= 0.0421395351062529
AILarvaSlope= 2.58551211622544
AILarvaLD50= 0.543852949119173
AIKOW= 6.02103021088988
AIKOC= 27.2234436776489
AIHalfLife= 3.98050490533933
EAppRate= 0
