ICQueenStrength= 1.08192454581149
RQWkrDrnRatio= 2.47394379321486
ICDroneMiteSurvivorship= 58.280000789091
ICWorkerMiteSurvivorship= 61.2119854195043
ICForagerLifespan= 6.53639757819474
ImmType= Polynomial
AIAdultSlope= 8.3369624754414
