ICQueenStrength= 2.08004671242088
RQWkrDrnRatio= 1.10289487428963
