ICQueenStrength= 2.66338284267113
RQWkrDrnRatio= 1.04504408594221
ICDroneMiteSurvivorship= 98.9639063831419
ICWorkerMiteSurvivorship= 4.15793375577778
ICForagerLifespan= 8.32622959371656
ImmType= Tangent
AIAdultSlope= 0.660219406010583
AIAdultLD50= 0.299546999623999
AIAdultSlopeContact= 0.524350640899502
AIAdultLD50Contact= 0.0195886438479647
AILarvaSlope= 1.94325949908234
AILarvaLD50= 0.0976063588634133
AIKOW= 5.57303750934079
AIKOC= 9.95891857426614
AIHalfLife= 0.770644111558795
EAppRate= 0.542657425394282
