ICQueenStrength= 1.15643124235794
RQWkrDrnRatio= 3.65111643914133
ICDroneMiteSurvivorship= 79.4699427904561
ICWorkerMiteSurvivorship= 6.60721228923649
ICForagerLifespan= 12.1555284075439
ImmType= Cosine
AIAdultSlope= 2.83055363652064
AIAdultLD50= 0.468208821839653
AIAdultSlopeContact= 3.53143464994384
AIAdultLD50Contact= 0.0281998488819227
AILarvaSlope= 3.23737643081695
AILarvaLD50= 0.397690117056482
AIKOW= 3.75821674522012
AIKOC= 24.7283874964342
AIHalfLife= 0.159330099122599
EAppRate= 0.114205047045834
