ICQueenStrength= 5.09319904632866
RQWkrDrnRatio= 2.855902264826
ICDroneMiteSurvivorship= 34.6944344695657
ICWorkerMiteSurvivorship= 84.4657321693376
ICForagerLifespan= 10.3677752548829
ImmType= Polynomial
AIAdultSlope= 1.38201561379246
AIAdultLD50= 1.09317097510211
AIAdultSlopeContact= 2.82345333060483
AIAdultLD50Contact= 0.0357302080490626
AILarvaSlope= 1.34709229655564
AILarvaLD50= 0.209420010494068
AIKOW= 6.7051237183623
AIKOC= 12.1167779329699
AIHalfLife= 4.53455675393343
EAppRate= 0.457414120202884
