ICQueenStrength= 5.57254094653763
RQWkrDrnRatio= 1.80183633696288
ICDroneMiteSurvivorship= 24.4981905445457
ICWorkerMiteSurvivorship= 52.9076428618282
ICForagerLifespan= 5.04062291234732
ImmType= Logarithmic
AIAdultSlope= 2.97919969377108
AIAdultLD50= 0.0646852988284081
AIAdultSlopeContact= 3.57171131320065
AIAdultLD50Contact= 0.00692673557205126
AILarvaSlope= 0.353276195796207
AILarvaLD50= 0.723906855401583
AIKOW= 2.20772426249459
AIKOC= 20.5229915108066
AIHalfLife= 4.55616747168824
EAppRate= 0.322743589989841
