ICQueenStrength= 2.61151838954538
RQWkrDrnRatio= 4.47538823354989
ICDroneMiteSurvivorship= 24.821826745756
ICWorkerMiteSurvivorship= 10.0421805167571
ICForagerLifespan= 14.1227128356695
ImmType= Sine
AIAdultSlope= 1.00843841913156
AIAdultLD50= 1.27958719572052
AIAdultSlopeContact= 2.84889205287443
AIAdultLD50Contact= 0.0287198358331807
AILarvaSlope= 1.28035719320178
AILarvaLD50= 0.221865613711998
AIKOW= 2.64511914132163
AIKOC= 6.41922075999901
AIHalfLife= 8.5623104213737
EAppRate= 0.571037895744666
