ICQueenStrength= 2.61131971981376
RQWkrDrnRatio= 3.00904976390302
ICDroneMiteSurvivorship= 9.62640680372715
ICWorkerMiteSurvivorship= 0.935375574044883
ICForagerLifespan= 14.4439115813002
ImmType= Cosine
AIAdultSlopeContact= 1.25343876744853
AIAdultLD50Contact= 0.00260029920609668
AILarvaSlope= 1.83372925384901
AILarvaLD50= 0.206357798469253
AIKOW= 2.11856694333255
AIKOC= 10.4939532943536
AIHalfLife= 11.6038932842202
