ICQueenStrength= 4.50375656620599
RQWkrDrnRatio= 3.2930833697319
ICDroneMiteSurvivorship= 99.7509879525751
ICWorkerMiteSurvivorship= 97.8609666693956
ICForagerLifespan= 8.88088945206255
ImmType= Exponential
AIAdultSlope= 1.18366133421659
