ICQueenStrength= 1.45373533735983
RQWkrDrnRatio= 2.07674803491682
ICDroneMiteSurvivorship= 21.7603205470368
ICWorkerMiteSurvivorship= 49.8801271431148
ICForagerLifespan= 8.95858768280596
ImmType= Tangent
AIAdultLD50= 0.154012839635834
AIAdultSlopeContact= 0.365649211937562
AIAdultLD50Contact= 0.0255658481968567
AILarvaSlope= 0.0165533644612879
AILarvaLD50= 0.848840704886243
AIKOW= 7.16239114804193
AIKOC= 28.949260590598
AIHalfLife= 5.21256193844602
EAppRate= 1.88893306674436
