ICQueenStrength= 1.36002865526825
RQWkrDrnRatio= 1.77374310884625
ICDroneMiteSurvivorship= 88.0072409287095
ICWorkerMiteSurvivorship= 94.9206047458574
ICForagerLifespan= 12.3865585811436
ImmType= Polynomial
AIAdultSlopeContact= 1.99917432324495
AIAdultLD50Contact= 0.0096230196300894
AILarvaSlope= 1.78795902440324
AILarvaLD50= 0.0276343529345468
AIKOW= 3.20656659919769
AIKOC= 13.4595942520536
AIHalfLife= 3.11770393280312
