ICQueenStrength= 3.16742885881104
RQWkrDrnRatio= 1.32164744473994
ICDroneMiteSurvivorship= 87.0369660900906
ICWorkerMiteSurvivorship= 69.1697326255962
ICForagerLifespan= 4.71297289803624
ImmType= Exponential
AIAdultSlope= 5.94491570489481
