ICQueenStrength= 4.76718379324302
RQWkrDrnRatio= 1.86503007728606
ICDroneMiteSurvivorship= 80.2524511469528
ICWorkerMiteSurvivorship= 13.0940734874457
ICForagerLifespan= 4.68290044832975
ImmType= Polynomial
AIAdultSlope= 2.29627751931548
AIAdultLD50= 1.53160390025005
AIAdultSlopeContact= 2.81177414362086
AIAdultLD50Contact= 0.0221547611872666
AILarvaSlope= 3.32065283982083
AILarvaLD50= 0.300754799530841
AIKOW= 7.26722834259272
AIKOC= 16.4447179541457
AIHalfLife= 10.0524542438798
EAppRate= 0.739489562576637
