ICQueenStrength= 2.96074989973567
RQWkrDrnRatio= 1.90580592863262
ICDroneMiteSurvivorship= 63.6174817802384
ICWorkerMiteSurvivorship= 30.2521428558975
ICForagerLifespan= 4.2269682250917
ImmType= Tangent
AIAdultSlope= 9.402672839351
