ICQueenStrength= 2.35153111303225
RQWkrDrnRatio= 2.9039875427261
ICDroneMiteSurvivorship= 48.4832204179838
ICWorkerMiteSurvivorship= 92.4881757702678
ICForagerLifespan= 6.93766633700579
ImmType= Exponential
AIAdultSlope= 0.314888712095562
AIAdultLD50= 0.161834765225649
AIAdultSlopeContact= 1.10391193524236
AIAdultLD50Contact= 0.00330011713085696
AILarvaSlope= 0.751885826559737
AILarvaLD50= 0.212691183574498
AIKOW= 6.45599856087938
AIKOC= 14.6924666780978
AIHalfLife= 2.93718442437239
EAppRate= 0.0623581901891157
