ICQueenStrength= 3.94962191372178
RQWkrDrnRatio= 3.5452112685889
ICDroneMiteSurvivorship= 56.6841451916844
ICWorkerMiteSurvivorship= 45.9804541431367
ICForagerLifespan= 12.7367982100695
ImmType= Logarithmic
AIAdultSlope= 1.85637309853919
AIAdultLD50= 0.94397256989032
AIAdultSlopeContact= 0.191825041549746
AIAdultLD50Contact= 0.00453702004160732
AILarvaSlope= 1.25232040793635
AILarvaLD50= 0.47974795459304
AIKOW= 5.77601016452536
AIKOC= 6.29401201265864
AIHalfLife= 4.45268378825858
EAppRate= 0.0249552086461335
