ICQueenStrength= 4.91807023552246
RQWkrDrnRatio= 4.70341879036278
ICDroneMiteSurvivorship= 80.5408576503396
ICWorkerMiteSurvivorship= 29.3604267761111
ICForagerLifespan= 8.53012148104608
ImmType= Sine
AIAdultSlope= 4.61806716164574
