ICQueenStrength= 1.02974086208269
RQWkrDrnRatio= 1.27415812201798
ICDroneMiteSurvivorship= 67.6031758077443
ICWorkerMiteSurvivorship= 74.8306580353528
ICForagerLifespan= 13.5358570227399
ImmType= Logarithmic
AIAdultSlope= 2.01875421777368
AIAdultSlopeContact= 1.41577888072701
AIAdultLD50Contact= 0.0174370014923625
AILarvaSlope= 2.85767271169461
AILarvaLD50= 0.271428610780276
AIKOW= 4.02225367585197
AIKOC= 18.1051971926354
AIHalfLife= 5.081139867194
