ICQueenStrength= 4.52221694891341
RQWkrDrnRatio= 4.37832712847739
ICDroneMiteSurvivorship= 57.959966827184
ICWorkerMiteSurvivorship= 21.6387175256386
ICForagerLifespan= 8.9956866428256
ImmType= Logarithmic
AIAdultSlope= 0.868811048939824
AIAdultLD50= 0.341194753535092
AIAdultSlopeContact= 0.938775200773962
AIAdultLD50Contact= 0.0338215740746819
AILarvaSlope= 0.163686269242316
AILarvaLD50= 0.455191938159987
AIKOW= 5.89657540526241
AIKOC= 18.1139211996924
AIHalfLife= 10.6580554242246
EAppRate= 0.0403299471363425
