ICQueenStrength= 5.92197763058357
RQWkrDrnRatio= 3.58345985226333
ICDroneMiteSurvivorship= 3.942198632285
ICWorkerMiteSurvivorship= 6.69495279435068
ICForagerLifespan= 12.7319675153121
ImmType= Cosine
AIAdultSlope= 3.29635870489292
AIAdultLD50= 1.95886570005678
AIAdultSlopeContact= 0.804257189452182
AIAdultLD50Contact= 0.0354593542288058
AILarvaSlope= 0.886008984688669
AILarvaLD50= 0.631683571636677
AIKOW= 5.56052986020222
AIKOC= 17.60263955337
AIHalfLife= 11.3215422569774
EAppRate= 0.698445279849693
