ICQueenStrength= 5.38307972042821
RQWkrDrnRatio= 2.88768192380667
ICDroneMiteSurvivorship= 42.5163380568847
ICWorkerMiteSurvivorship= 86.0885812202469
ICForagerLifespan= 15.0000260099769
ImmType= Polynomial
AIAdultSlopeContact= 0.177615141305141
AIAdultLD50Contact= 0.0044942221022211
AILarvaSlope= 0.562844193959609
AILarvaLD50= 0.140243712463416
AIKOW= 4.54849208891392
AIKOC= 21.9028364354745
AIHalfLife= 5.10676010139287
