ICQueenStrength= 3.33270584023558
RQWkrDrnRatio= 2.54611277673393
ICDroneMiteSurvivorship= 64.1188864130527
ICWorkerMiteSurvivorship= 84.2139599146321
ICForagerLifespan= 12.8336311550811
ImmType= Cosine
AIAdultSlope= 2.82735976306722
AIAdultLD50= 2.65318206930533
AIAdultSlopeContact= 1.24373605061788
AIAdultLD50Contact= 0.012835327826906
AILarvaSlope= 2.81951863919385
AILarvaLD50= 0.686784399719909
AIKOW= 7.44955380121246
AIKOC= 24.0339833847247
AIHalfLife= 1.28199672745541
EAppRate= 0.800840367097408
