ICQueenStrength= 5.98929765657522
RQWkrDrnRatio= 4.89243065845221
ICDroneMiteSurvivorship= 90.6465399544686
ICWorkerMiteSurvivorship= 55.221721646376
ICForagerLifespan= 4.22558211255819
ImmType= Polynomial
AIAdultSlope= 3.37260267054662
AIAdultLD50= 0.785990451229736
AIAdultSlopeContact= 0.0672136575076729
AIAdultLD50Contact= 0.00848558703437448
AILarvaSlope= 1.92524663847871
AILarvaLD50= 0.204441641550511
AIKOW= 6.54009387129918
AIKOC= 10.4383051639888
AIHalfLife= 4.25974580598995
EAppRate= 0.642668665619567
