ICQueenStrength= 3.51248315558769
RQWkrDrnRatio= 4.6837700009346
ICDroneMiteSurvivorship= 95.3206109814346
ICWorkerMiteSurvivorship= 72.2310987766832
ICForagerLifespan= 11.1995241353288
ImmType= Tangent
AIAdultSlopeContact= 0.859533717334271
AIAdultLD50Contact= 0.0172571080969647
AILarvaSlope= 3.15436953422613
AILarvaLD50= 0.402205034228973
AIKOW= 3.91287097381428
AIKOC= 15.9601595497224
AIHalfLife= 3.36157701490447
