ICQueenStrength= 4.69813803350553
RQWkrDrnRatio= 1.57518812362105
ICDroneMiteSurvivorship= 38.8151189079508
ICWorkerMiteSurvivorship= 47.7662987774238
ICForagerLifespan= 5.84185363259166
ImmType= Sine
AIAdultSlopeContact= 1.68112698890967
AIAdultLD50Contact= 0.0114561104099266
AILarvaSlope= 1.27106550349854
AILarvaLD50= 0.00369559577666223
AIKOW= 6.92238744860515
AIKOC= 28.9060086081736
AIHalfLife= 11.7762728123926
