ICQueenStrength= 5.91615876671858
RQWkrDrnRatio= 4.36508957669139
ICDroneMiteSurvivorship= 66.8548277346417
ICWorkerMiteSurvivorship= 44.0384764689952
ICForagerLifespan= 11.2700307322666
ImmType= Exponential
AIAdultSlope= 2.79408076824853
AIAdultLD50= 0.053491426515393
AIAdultSlopeContact= 2.64615687217796
AIAdultLD50Contact= 0.0112855071667582
AILarvaSlope= 0.709049936616793
AILarvaLD50= 0.625404561613686
AIKOW= 3.5723171774298
AIKOC= 9.40842439420521
AIHalfLife= 0.0748765224125236
EAppRate= 0.401311316108331
