ICQueenStrength= 4.90718083130196
RQWkrDrnRatio= 4.3890852695331
ICDroneMiteSurvivorship= 13.7443224200979
ICWorkerMiteSurvivorship= 77.8412605170161
ICForagerLifespan= 7.91681237053126
ImmType= Cosine
AIAdultSlope= 0.684724502451718
AIAdultLD50= 1.7372038741596
AIAdultSlopeContact= 2.92256373869022
AIAdultLD50Contact= 0.00497852190164849
AILarvaSlope= 2.62777825128287
AILarvaLD50= 0.367937493533827
AIKOW= 4.87050099857152
AIKOC= 13.3555619814433
AIHalfLife= 4.78613114962354
EAppRate= 0.928054608404636
