ICQueenStrength= 3.36073902226053
RQWkrDrnRatio= 1.28649326227605
ICDroneMiteSurvivorship= 64.6632920019329
ICWorkerMiteSurvivorship= 56.5727552166209
ICForagerLifespan= 13.5515824174508
ImmType= Tangent
AIAdultSlope= 1.93524865889922
AIAdultLD50= 0.934541803551838
AIAdultSlopeContact= 1.75014051685575
AIAdultLD50Contact= 0.0365209301467985
AILarvaSlope= 3.23264619922265
AILarvaLD50= 0.25990282043349
AIKOW= 6.85692473454401
AIKOC= 6.77103535388596
AIHalfLife= 12.9765293551609
EAppRate= 0.357941355323419
