ICQueenStrength= 3.1549760713242
RQWkrDrnRatio= 1.55782936140895
ICDroneMiteSurvivorship= 57.8063683817163
ICWorkerMiteSurvivorship= 23.3003244735301
ICForagerLifespan= 15.7780210776255
ImmType= Polynomial
AIAdultSlope= 2.19427519943565
