ICQueenStrength= 5.15921558160335
RQWkrDrnRatio= 3.00794485583901
ICDroneMiteSurvivorship= 45.0880608987063
ICWorkerMiteSurvivorship= 92.737486353144
ICForagerLifespan= 14.0492952149361
ImmType= Cosine
AIAdultSlope= 0.188994303673971
AIAdultLD50= 0.00575500703416765
AIAdultSlopeContact= 1.61135687575908
AIAdultLD50Contact= 0.0134439600864425
AILarvaSlope= 1.98442598897964
AILarvaLD50= 0.171051283995621
AIKOW= 7.2670984538272
AIKOC= 26.5484578278847
AIHalfLife= 1.64473919547163
EAppRate= 0
