ICQueenStrength= 1.22290010703728
RQWkrDrnRatio= 4.6843506610021
ICDroneMiteSurvivorship= 68.2999308221042
ICWorkerMiteSurvivorship= 98.922674311325
ICForagerLifespan= 14.7717255149037
ImmType= Logarithmic
AIAdultSlope= 3.15178606472909
AIAdultLD50= 2.51746742427349
AIAdultSlopeContact= 3.76238545349333
AIAdultLD50Contact= 0.0404513435205445
AILarvaSlope= 0.39138754196465
AILarvaLD50= 0.429859931627288
AIKOW= 7.82772338017821
AIKOC= 19.8238070891239
AIHalfLife= 6.53891563555226
EAppRate= 0.996616675285622
