ICQueenStrength= 5.48782392195426
RQWkrDrnRatio= 2.25378781929612
ICDroneMiteSurvivorship= 42.0100706629455
ICWorkerMiteSurvivorship= 76.8652583006769
ICForagerLifespan= 12.1324577247724
ImmType= Exponential
AIAdultSlope= 2.6596269342117
AIAdultSlopeContact= 0.288346250758041
AIAdultLD50Contact= 0.0265952171641402
AILarvaSlope= 2.52900405325927
AILarvaLD50= 0.126262485701591
AIKOW= 3.2724749664776
AIKOC= 28.3436973765492
AIHalfLife= 3.59383546188474
