ICQueenStrength= 2.11893549212255
RQWkrDrnRatio= 2.00359839387238
ICDroneMiteSurvivorship= 36.4676379598677
ICWorkerMiteSurvivorship= 39.6075117168948
ICForagerLifespan= 8.31463081948459
ImmType= Polynomial
AIAdultSlope= 2.92834814888891
AIAdultLD50= 0.234637939487584
AIAdultSlopeContact= 2.93652657776373
AIAdultLD50Contact= 0.0447837099083699
AILarvaSlope= 1.60304634603672
AILarvaLD50= 0.399958360637538
AIKOW= 4.09095787862316
AIKOC= 25.0850532390177
AIHalfLife= 1.03901696507819
EAppRate= 0.49139132942073
