ICQueenStrength= 4.26293785357848
RQWkrDrnRatio= 1.17532052472234
ICDroneMiteSurvivorship= 20.5179063603282
ICWorkerMiteSurvivorship= 7.24632018245757
ICForagerLifespan= 12.2068562209606
ImmType= Sine
AIAdultSlope= 3.09009494846687
AIAdultLD50= 2.16083012754098
AIAdultSlopeContact= 0.0985862820921466
AIAdultLD50Contact= 0.0297612482099794
AILarvaSlope= 0.785294305207208
AILarvaLD50= 0.276478022430092
AIKOW= 3.82826443994418
AIKOC= 18.8182067370508
AIHalfLife= 1.26533376472071
EAppRate= 0.518459778279066
