ICQueenStrength= 4.61477076541632
RQWkrDrnRatio= 2.6927471505478
ICDroneMiteSurvivorship= 4.04576389119029
ICWorkerMiteSurvivorship= 99.8156416462734
ICForagerLifespan= 11.4119212208316
ImmType= Logarithmic
AIAdultLD50= 0.154012839635834
AIAdultSlopeContact= 1.77702480386943
AIAdultLD50Contact= 0.0483016918646172
AILarvaSlope= 0.780313459644094
AILarvaLD50= 0.237474038614891
AIKOW= 6.9345424445346
AIKOC= 18.6451944301371
AIHalfLife= 2.16543310694396
EAppRate= 0.305597107857466
