ICQueenStrength= 1.55726890801452
RQWkrDrnRatio= 4.68340723589063
ICDroneMiteSurvivorship= 5.06025338545442
ICWorkerMiteSurvivorship= 3.98345605935901
ICForagerLifespan= 13.6790200434625
ImmType= Sine
AIAdultSlopeContact= 0.869924861944746
AIAdultLD50Contact= 0.0443814582424238
AILarvaSlope= 0.0318123006727546
AILarvaLD50= 0.311478087399155
AIKOW= 2.48416079953313
AIKOC= 13.35801702342
AIHalfLife= 8.57870445493609
