ICQueenStrength= 3.79532392742112
RQWkrDrnRatio= 3.09887004736811
ICDroneMiteSurvivorship= 27.097005629912
ICWorkerMiteSurvivorship= 58.215742232278
ICForagerLifespan= 12.2305106278509
ImmType= Exponential
AIAdultLD50= 0.154012839635834
AIAdultSlopeContact= 1.67198020798154
AIAdultLD50Contact= 0.0222710783244111
AILarvaSlope= 2.07530433814973
AILarvaLD50= 0.241588369547389
AIKOW= 3.91866116598248
AIKOC= 8.20463615353219
AIHalfLife= 12.5477291061543
EAppRate= 0.712998156901449
