ICQueenStrength= 4.18116416106932
RQWkrDrnRatio= 4.69097408931702
ICDroneMiteSurvivorship= 9.9194432143122
ICWorkerMiteSurvivorship= 49.675683118403
ICForagerLifespan= 12.5700792307034
ImmType= Cosine
AIAdultSlope= 0.837622250451241
AIAdultLD50= 0.364186852471903
AIAdultSlopeContact= 3.76638302045642
AIAdultLD50Contact= 0.00654044825350866
AILarvaSlope= 1.74453755025752
AILarvaLD50= 0.858481441461481
AIKOW= 4.5214404980652
AIKOC= 11.8185729847755
AIHalfLife= 3.03093874827027
EAppRate= 0.195519740786403
