ICQueenStrength= 1.33903029281646
RQWkrDrnRatio= 1.62585589382797
ICDroneMiteSurvivorship= 44.9993982445449
ICWorkerMiteSurvivorship= 91.972972615622
ICForagerLifespan= 5.99249852728099
ImmType= Exponential
AIAdultSlope= 9.67539028963074
