ICQueenStrength= 1.96922842902131
RQWkrDrnRatio= 4.9597077332437
ICDroneMiteSurvivorship= 94.0921786706895
ICWorkerMiteSurvivorship= 90.7844610046595
ICForagerLifespan= 4.27233341801912
ImmType= Logarithmic
AIAdultSlope= 0.860914143319242
AIAdultLD50= 0.379600326297805
AIAdultSlopeContact= 2.1480474153324
AIAdultLD50Contact= 0.00140339934732765
AILarvaSlope= 1.67984415334649
AILarvaLD50= 0.246629457338713
AIKOW= 4.57386145694181
AIKOC= 10.4347341647372
AIHalfLife= 1.14338119281456
EAppRate= 0.557108843233436
