ICQueenStrength= 3.88930331822485
RQWkrDrnRatio= 3.12770994659513
ICDroneMiteSurvivorship= 22.4665442947298
ICWorkerMiteSurvivorship= 64.2857414670289
ICForagerLifespan= 4.3905024388805
ImmType= Cosine
AIAdultSlope= 1.76014316039393
AIAdultLD50= 0.388544081128202
AIAdultSlopeContact= 3.67674951855792
AIAdultLD50Contact= 0.0301307316287421
AILarvaSlope= 3.36461561392061
AILarvaLD50= 0.337052417895757
AIKOW= 3.99898470379412
AIKOC= 24.8033033520915
AIHalfLife= 3.61473170341924
EAppRate= 0
