ICQueenStrength= 5.7866321366746
RQWkrDrnRatio= 1.66962297540158
ICDroneMiteSurvivorship= 38.4552978444844
ICWorkerMiteSurvivorship= 77.6458212640136
ICForagerLifespan= 4.39258520491421
ImmType= Logarithmic
AIAdultSlope= 3.0586295414716
AIAdultLD50= 0.792789503931999
AIAdultSlopeContact= 2.58693447255297
AIAdultLD50Contact= 0.0470197291113436
AILarvaSlope= 1.29884388204664
AILarvaLD50= 0.451976522128098
AIKOW= 6.64907535677776
AIKOC= 14.6591260691639
AIHalfLife= 9.77282077586278
EAppRate= 0.706247757421806
