ICQueenStrength= 1.00209797173738
RQWkrDrnRatio= 3.10218194965273
ICDroneMiteSurvivorship= 43.61078501679
ICWorkerMiteSurvivorship= 6.30898498930037
ICForagerLifespan= 12.161631369032
ImmType= Polynomial
AIAdultSlope= 2.22777514820918
AIAdultLD50= 2.49734885757789
AIAdultSlopeContact= 1.27875506951474
AIAdultLD50Contact= 0.0268061026930809
AILarvaSlope= 2.84342108797282
AILarvaLD50= 0.623559877392836
AIKOW= 7.33185534179211
AIKOC= 27.5327081046999
AIHalfLife= 10.3633480463177
EAppRate= 0.596552651841193
