ICQueenStrength= 3.37393652438186
RQWkrDrnRatio= 1.57251078356057
ICDroneMiteSurvivorship= 11.2981324084103
ICWorkerMiteSurvivorship= 2.27947807870805
ICForagerLifespan= 7.27412463072687
ImmType= Sine
AIAdultSlopeContact= 1.16040549045196
AIAdultLD50Contact= 0.0143638373934664
AILarvaSlope= 0.422480647312477
AILarvaLD50= 0.0685884267557412
AIKOW= 7.04448864795268
AIKOC= 17.3551736876834
AIHalfLife= 7.71838038368151
