ICQueenStrength= 3.02237212448381
RQWkrDrnRatio= 3.25276535842568
ICDroneMiteSurvivorship= 99.5095901424065
ICWorkerMiteSurvivorship= 29.899117979221
ICForagerLifespan= 4.9432518966496
ImmType= Sine
AIAdultSlope= 1.49290098343045
AIAdultLD50= 0.189715165412053
AIAdultSlopeContact= 0.57412292342633
AIAdultLD50Contact= 0.197881238069385
AILarvaSlope= 5.97232436295599
AILarvaLD50= 1.22051068628207
AIKOW= 52.5712616974488
AIKOC= 58.7000482017174
AIHalfLife= 8.9167065480724
EAppRate= 0.650850024539977
