ICQueenStrength= 5.57325285300612
RQWkrDrnRatio= 1.48668157216161
ICDroneMiteSurvivorship= 38.0400865804404
ICWorkerMiteSurvivorship= 39.8015666753054
ICForagerLifespan= 7.29068596102297
ImmType= Sine
AIAdultSlope= 1.72929207502864
AIAdultLD50= 0.381367176771164
AIAdultSlopeContact= 1.79357650326099
AIAdultLD50Contact= 0.00416082977317274
AILarvaSlope= 1.25301936143078
AILarvaLD50= 0.427523428760469
AIKOW= 6.06577446963638
AIKOC= 22.2047798812855
AIHalfLife= 3.37707948754542
EAppRate= 0.237689275597222
