ICQueenStrength= 4.80540330894291
RQWkrDrnRatio= 4.71891360916197
ICDroneMiteSurvivorship= 94.1440212074667
ICWorkerMiteSurvivorship= 70.1390251517296
ICForagerLifespan= 9.92745590209961
ImmType= Polynomial
AIAdultSlopeContact= 2.93171871457715
AIAdultLD50Contact= 0.0380425813840702
AILarvaSlope= 0.898918154696003
AILarvaLD50= 0.524582418962382
AIKOW= 2.27103547751904
AIKOC= 12.4159667128697
AIHalfLife= 2.45859513059258
