ICQueenStrength= 5.57352141384035
RQWkrDrnRatio= 3.03878956474364
ICDroneMiteSurvivorship= 47.9875280754641
ICWorkerMiteSurvivorship= 86.6033033933491
ICForagerLifespan= 9.95952137280256
ImmType= Cosine
AIAdultSlope= 3.24579514823854
AIAdultLD50= 1.38118127407506
AIAdultSlopeContact= 1.04124411544064
AIAdultLD50Contact= 0.00071862603072077
AILarvaSlope= 2.14771209773608
AILarvaLD50= 0.27899349569343
AIKOW= 4.7080920455046
AIKOC= 23.5755617800169
AIHalfLife= 2.47303590318188
EAppRate= 0.81116052926518
