ICQueenStrength= 3.15353994746692
RQWkrDrnRatio= 3.31160019244999
ICDroneMiteSurvivorship= 63.2671411149204
ICWorkerMiteSurvivorship= 51.8489158712327
ICForagerLifespan= 9.87715504784137
ImmType= Tangent
AIAdultSlope= 2.21883182302117
AIAdultSlopeContact= 2.54516079272842
AIAdultLD50Contact= 0.0118556864908896
AILarvaSlope= 2.29243774856441
AILarvaLD50= 0.885473714000545
AIKOW= 7.88339771190658
AIKOC= 5.75483105028979
AIHalfLife= 1.67473459243774
