ICQueenStrength= 1.8965252013877
RQWkrDrnRatio= 2.13090265356004
