ICQueenStrength= 3.50371353817172
RQWkrDrnRatio= 3.83573559764773
ICDroneMiteSurvivorship= 78.0884135048836
ICWorkerMiteSurvivorship= 59.7830609884113
ICForagerLifespan= 13.5694834077731
ImmType= Sine
AIAdultSlopeContact= 3.57463838118827
AIAdultLD50Contact= 0.0245804793550633
AILarvaSlope= 2.35944714020006
AILarvaLD50= 0.518862170283683
AIKOW= 2.00757900765166
AIKOC= 20.9287585993297
AIHalfLife= 3.37976533733308
