ICQueenStrength= 4.04795282776468
RQWkrDrnRatio= 3.98683121427894
ICDroneMiteSurvivorship= 39.8857315303758
ICWorkerMiteSurvivorship= 34.6189128700644
ICForagerLifespan= 12.8972382415086
ImmType= Tangent
AIAdultSlope= 3.0280521816574
AIAdultLD50= 0.976790210232139
AIAdultSlopeContact= 1.67939033018891
AIAdultLD50Contact= 0.0317477815202437
AILarvaSlope= 2.21446002777666
AILarvaLD50= 0.147872269246727
AIKOW= 7.07444411981851
AIKOC= 20.3243802371435
AIHalfLife= 9.02591277752072
EAppRate= 0.499676049686968
