ICQueenStrength= 2.28267506835982
RQWkrDrnRatio= 2.54993464332074
ICDroneMiteSurvivorship= 70.5287873279303
ICWorkerMiteSurvivorship= 81.2812055693939
ICForagerLifespan= 4.06776177510619
ImmType= Exponential
AIAdultSlope= 0.258432696061209
AIAdultLD50= 0.797589967260137
AIAdultSlopeContact= 0.271969847171567
AIAdultLD50Contact= 0.0355608833837323
AILarvaSlope= 2.25052806921303
AILarvaLD50= 0.0339074224932119
AIKOW= 7.52015647990629
AIKOC= 17.8886607009917
AIHalfLife= 12.7896359865554
EAppRate= 0.287267828825861
