ICQueenStrength= 1.84785991231911
RQWkrDrnRatio= 2.34951188787818
ICDroneMiteSurvivorship= 34.1851070290431
ICWorkerMiteSurvivorship= 61.6693663410842
ICForagerLifespan= 15.2686158325523
ImmType= Exponential
AIAdultSlope= 7.45417833793908
