ICQueenStrength= 2.66200164705515
RQWkrDrnRatio= 2.86213176790625
ICDroneMiteSurvivorship= 90.8325701253489
ICWorkerMiteSurvivorship= 88.1420654477552
ICForagerLifespan= 12.4262940157205
ImmType= Sine
AIAdultSlope= 1.0700036585331
