ICQueenStrength= 4.45556369749829
RQWkrDrnRatio= 2.93621886335313
ICDroneMiteSurvivorship= 12.5839652027935
ICWorkerMiteSurvivorship= 23.7288343254477
ICForagerLifespan= 10.795522948727
ImmType= Cosine
AIAdultSlopeContact= 2.56351918864064
AIAdultLD50Contact= 0.0246851983829401
AILarvaSlope= 2.8328017431777
AILarvaLD50= 0.84988303729333
AIKOW= 2.87277078907937
AIKOC= 8.14248790382408
AIHalfLife= 11.6590665634722
