ICQueenStrength= 4.26852461323142
RQWkrDrnRatio= 3.52392926905304
ICDroneMiteSurvivorship= 10.0684944074601
ICWorkerMiteSurvivorship= 17.4927311716601
ICForagerLifespan= 11.5204175785184
ImmType= Polynomial
AIAdultSlope= 2.56992060602643
AIAdultLD50= 2.77009677607566
AIAdultSlopeContact= 3.36714005546412
AIAdultLD50Contact= 0.0159715220448561
AILarvaSlope= 3.1414351969026
AILarvaLD50= 0.856483700335957
AIKOW= 3.2555236374028
AIKOC= 17.9333953314926
AIHalfLife= 1.43911774968728
EAppRate= 0.594191419892013
