ICQueenStrength= 5.66320537496358
RQWkrDrnRatio= 2.95632159151137
ICDroneMiteSurvivorship= 61.2626571441069
ICWorkerMiteSurvivorship= 97.530869487673
ICForagerLifespan= 10.2252301704139
ImmType= Tangent
AIAdultLD50= 0.154012839635834
AIAdultSlopeContact= 1.95971493144287
AIAdultLD50Contact= 0.0406272642430849
AILarvaSlope= 3.16609091409482
AILarvaLD50= 0.315963657852262
AIKOW= 6.51727878628299
AIKOC= 19.8855602601543
AIHalfLife= 12.2908311495557
EAppRate= 1.54441357636824
