ICQueenStrength= 1.75551179004833
RQWkrDrnRatio= 4.51834186911583
ICDroneMiteSurvivorship= 37.1254124678671
ICWorkerMiteSurvivorship= 24.8051428468898
ICForagerLifespan= 6.22740428894758
ImmType= Cosine
AIAdultSlopeContact= 3.73926233322127
AIAdultLD50Contact= 0.0316332650720142
AILarvaSlope= 0.80028682583943
AILarvaLD50= 0.120691742515191
AIKOW= 5.08187082456425
AIKOC= 24.8624811833724
AIHalfLife= 9.57868788857013
