ICQueenStrength= 1.16317487927154
RQWkrDrnRatio= 2.11854337248951
ICDroneMiteSurvivorship= 65.8635430270806
ICWorkerMiteSurvivorship= 16.2266801344231
ICForagerLifespan= 7.06183658540249
ImmType= Cosine
AIAdultSlope= 1.95809831843711
AIAdultLD50= 0.15585529897362
AIAdultSlopeContact= 3.19894943611231
AIAdultLD50Contact= 0.00382643246557564
AILarvaSlope= 0.401412332663313
AILarvaLD50= 0.33627170836553
AIKOW= 3.84953692927957
AIKOC= 17.7920266590081
AIHalfLife= 3.85695616831072
EAppRate= 0.649186471779831
