ICQueenStrength= 2.29662567516789
RQWkrDrnRatio= 2.44005893636495
ICDroneMiteSurvivorship= 22.0823591342196
ICWorkerMiteSurvivorship= 77.3279926273972
ICForagerLifespan= 14.8526156973094
ImmType= Sine
AIAdultLD50= 0.154012839635834
AIAdultSlopeContact= 2.7677099993499
AIAdultLD50Contact= 0.0467712231446058
AILarvaSlope= 3.03878478175029
AILarvaLD50= 0.815376512822695
AIKOW= 7.03111555054784
AIKOC= 19.7739473264664
AIHalfLife= 6.89972131093964
EAppRate= 1.51128561515361
