ICQueenStrength= 3.4062441312708
RQWkrDrnRatio= 1.45418027229607
ICDroneMiteSurvivorship= 30.8597896015272
ICWorkerMiteSurvivorship= 16.2071603350341
ICForagerLifespan= 12.7192539228126
ImmType= Cosine
AIAdultSlope= 0.699398969400209
AIAdultLD50= 0.211829099105671
AIAdultSlopeContact= 1.44876532566268
AIAdultLD50Contact= 0.0164581623161212
AILarvaSlope= 2.19978420669213
AILarvaLD50= 0.626239236141555
AIKOW= 4.91486122785136
AIKOC= 21.6194975026883
AIHalfLife= 4.13662043749355
EAppRate= 0
