ICQueenStrength= 1.66207310766913
RQWkrDrnRatio= 1.1611000476405
ICDroneMiteSurvivorship= 95.7836411893368
ICWorkerMiteSurvivorship= 31.9752211682498
ICForagerLifespan= 4.80248168017715
ImmType= Exponential
AIAdultSlope= 2.62470301907742
AIAdultLD50= 0.496699551236816
AIAdultSlopeContact= 1.09313625161536
AIAdultLD50Contact= 0.0156557708396576
AILarvaSlope= 2.800231490843
AILarvaLD50= 0.124613335565664
AIKOW= 6.4395462218672
AIKOC= 20.7031753624324
AIHalfLife= 4.45932159316726
EAppRate= 0.31523956656456
