ICQueenStrength= 3.65906611806713
RQWkrDrnRatio= 1.60050959698856
ICDroneMiteSurvivorship= 53.6402375902981
ICWorkerMiteSurvivorship= 84.2743012355641
ICForagerLifespan= 4.0376323312521
ImmType= Cosine
AIAdultSlope= 2.77050067670643
