ICQueenStrength= 5.4358405075036
RQWkrDrnRatio= 4.77614890411496
ICDroneMiteSurvivorship= 66.6749289026484
ICWorkerMiteSurvivorship= 74.0136622451246
ICForagerLifespan= 9.41162979509681
ImmType= Cosine
AIAdultSlope= 2.19939370797947
AIAdultSlopeContact= 3.063794809354
AIAdultLD50Contact= 0.0391623478964903
AILarvaSlope= 1.93965142802335
AILarvaLD50= 0.62690979258623
AIKOW= 6.22994035063311
AIKOC= 12.8406544111203
AIHalfLife= 6.87176988786086
