ICQueenStrength= 3.86108224070631
RQWkrDrnRatio= 4.52511744573712
ICDroneMiteSurvivorship= 64.6562144160271
ICWorkerMiteSurvivorship= 42.767067020759
ICForagerLifespan= 15.6707155229524
ImmType= Exponential
AIAdultSlopeContact= 2.70774825998582
AIAdultLD50Contact= 0.0193238015868701
AILarvaSlope= 2.72862318777479
AILarvaLD50= 0.232039272948168
AIKOW= 7.26139721740037
AIKOC= 27.6617273525335
AIHalfLife= 13.2345992331393
