ICQueenStrength= 1.18366168136708
RQWkrDrnRatio= 4.41971938032657
ICDroneMiteSurvivorship= 12.9563441500068
ICWorkerMiteSurvivorship= 49.7366485651582
ICForagerLifespan= 9.99189628101885
ImmType= Polynomial
AIAdultSlope= 2.96515465702862
AIAdultLD50= 0.414389986312017
AIAdultSlopeContact= 0.659831873732619
AIAdultLD50Contact= 0.0134547633584589
AILarvaSlope= 2.72952351067215
AILarvaLD50= 0.367097329488024
AIKOW= 3.73004047619179
AIKOC= 27.0987669425085
AIHalfLife= 3.649748734897
EAppRate= 0.244605017127469
