ICQueenStrength= 5.17823766707443
RQWkrDrnRatio= 4.36057118140161
ICDroneMiteSurvivorship= 95.8131517516449
ICWorkerMiteSurvivorship= 46.0203604074195
ICForagerLifespan= 12.2437438424677
ImmType= Cosine
AIAdultSlope= 2.77988520277664
AIAdultLD50= 0.158417517668568
AIAdultSlopeContact= 0.51295888962457
AIAdultLD50Contact= 0.0384795024408959
AILarvaSlope= 2.65848513902165
AILarvaLD50= 0.889365703426302
AIKOW= 3.81561054196209
AIKOC= 12.8088148788083
AIHalfLife= 2.47770440299064
EAppRate= 0.18732170863077
