ICQueenStrength= 5.39720099675469
RQWkrDrnRatio= 2.73423738311976
ICDroneMiteSurvivorship= 76.9452582346275
ICWorkerMiteSurvivorship= 34.2519304715097
ICForagerLifespan= 8.57630712818354
ImmType= Tangent
AIAdultSlope= 0.101850696606562
AIAdultLD50= 0.426145259756595
AIAdultSlopeContact= 0.379275856395252
AIAdultLD50Contact= 0.015534385596402
AILarvaSlope= 1.91683383923955
AILarvaLD50= 0.418073092983104
AIKOW= 4.19625092297792
AIKOC= 18.4246187633835
AIHalfLife= 12.9752860316075
EAppRate= 0.9079744736664
