ICQueenStrength= 3.60475127026439
RQWkrDrnRatio= 4.03479203395545
ICDroneMiteSurvivorship= 76.8597412854433
ICWorkerMiteSurvivorship= 78.1651050783694
ICForagerLifespan= 15.2111830376089
ImmType= Cosine
AIAdultSlope= 2.92275762930512
AIAdultLD50= 1.95171409053728
AIAdultSlopeContact= 0.939750385314692
AIAdultLD50Contact= 0.00551930795190856
AILarvaSlope= 2.63851398383267
AILarvaLD50= 0.203585051908158
AIKOW= 3.6304802345112
AIKOC= 22.4646135244984
AIHalfLife= 6.78748173918575
EAppRate= 0.194213905371726
