ICQueenStrength= 4.84380834992044
RQWkrDrnRatio= 1.72123317047954
ICDroneMiteSurvivorship= 31.9609196623787
ICWorkerMiteSurvivorship= 53.3841686323285
ICForagerLifespan= 4.33931920211762
ImmType= Exponential
AIAdultSlope= 1.8957489463524
AIAdultLD50= 0.305473339627497
AIAdultSlopeContact= 2.42894334411481
AIAdultLD50Contact= 0.0480668633244932
AILarvaSlope= 3.26941751167178
AILarvaLD50= 0.882883067219518
AIKOW= 2.64976202696562
AIKOC= 19.5729914307594
AIHalfLife= 2.41734026931226
EAppRate= 0.443053545826115
