ICQueenStrength= 4.28702080994844
RQWkrDrnRatio= 1.8479750752449
ICDroneMiteSurvivorship= 92.0695804292336
ICWorkerMiteSurvivorship= 22.1265327883884
ICForagerLifespan= 8.43795883469284
ImmType= Tangent
AIAdultSlope= 1.03199974866584
AIAdultLD50= 0.835683046607301
AIAdultSlopeContact= 4.12171605508775
AIAdultLD50Contact= 0.141141496319324
AILarvaSlope= 7.26382574532181
AILarvaLD50= 1.69252166617662
AIKOW= 9.81019856408238
AIKOC= 7.77345974929631
AIHalfLife= 9.00685548689216
EAppRate= 0.166035621427
