ICQueenStrength= 1.41871025809087
RQWkrDrnRatio= 1.92341484315693
ICDroneMiteSurvivorship= 82.911307294853
ICWorkerMiteSurvivorship= 64.3781905760989
ICForagerLifespan= 15.8598123565316
ImmType= Sine
AIAdultSlope= 1.03981489981525
AIAdultLD50= 2.33100424124859
AIAdultSlopeContact= 1.54114569887286
AIAdultLD50Contact= 0.0014810117543675
AILarvaSlope= 1.21207448435016
AILarvaLD50= 0.393739671609364
AIKOW= 5.0463208402507
AIKOC= 21.1258940701373
AIHalfLife= 3.79392399452627
EAppRate= 0.135946058901027
