ICQueenStrength= 2.12716576782987
RQWkrDrnRatio= 1.16642270609736
ICDroneMiteSurvivorship= 98.2650879072025
ICWorkerMiteSurvivorship= 49.5251936838031
ICForagerLifespan= 4.32180936168879
ImmType= Tangent
AIAdultSlope= 3.06950239697471
