ICQueenStrength= 2.7674356023781
RQWkrDrnRatio= 2.83807856496423
ICDroneMiteSurvivorship= 57.1607242105529
ICWorkerMiteSurvivorship= 3.19196197669953
ICForagerLifespan= 10.4241890087724
ImmType= Tangent
AIAdultSlope= 2.20955057768151
AIAdultLD50= 0.740065597463399
AIAdultSlopeContact= 0.82604446914047
AIAdultLD50Contact= 0.199321978259832
AILarvaSlope= 3.73252406250685
AILarvaLD50= 1.78229517675936
AIKOW= 37.0766299311072
AIKOC= 13.7676832498983
AIHalfLife= 9.41623145667836
EAppRate= 0.898998469579965
