ICQueenStrength= 1.9353529533837
RQWkrDrnRatio= 1.21040108986199
ICDroneMiteSurvivorship= 81.3664129003882
ICWorkerMiteSurvivorship= 56.4805951202288
ICForagerLifespan= 5.28845313563943
ImmType= Tangent
AIAdultSlope= 3.6719042546628
AIAdultLD50= 0.255672697909176
AIAdultSlopeContact= 2.56664669181453
AIAdultLD50Contact= 0.0111807561479509
AILarvaSlope= 0.539444625237957
AILarvaLD50= 0.662636388768442
AIKOW= 3.2327099381946
AIKOC= 16.6124626307283
AIHalfLife= 4.14036081288941
EAppRate= 0.549689575890079
