ICQueenStrength= 2.15528045687824
RQWkrDrnRatio= 3.55202406365424
