ICQueenStrength= 3.7858572313562
RQWkrDrnRatio= 3.41585698258132
ICDroneMiteSurvivorship= 61.8518212111667
ICWorkerMiteSurvivorship= 7.89184416644275
ICForagerLifespan= 9.29003929533064
ImmType= Cosine
AIAdultSlope= 3.29471794264391
AIAdultLD50= 1.36890302225947
AIAdultSlopeContact= 3.13094071113272
AIAdultLD50Contact= 0.0375673412811011
AILarvaSlope= 2.65453775012866
AILarvaLD50= 0.694290264719166
AIKOW= 4.72377232462168
AIKOC= 10.3567650320474
AIHalfLife= 8.71101874206215
EAppRate= 0.623685480095446
