ICQueenStrength= 3.67114619375207
RQWkrDrnRatio= 4.78410888556391
ICDroneMiteSurvivorship= 32.3225626023486
ICWorkerMiteSurvivorship= 34.2053523752838
ICForagerLifespan= 12.5252830823883
ImmType= Exponential
AIAdultSlope= 2.6760296320077
AIAdultLD50= 1.43484522867948
AIAdultSlopeContact= 3.0428923755954
AIAdultLD50Contact= 0.0444115536171012
AILarvaSlope= 2.83945682798512
AILarvaLD50= 0.86574302490335
AIKOW= 3.02306671859697
AIKOC= 25.6638890085742
AIHalfLife= 1.13592136558145
EAppRate= 0.219361085211858
