ICQueenStrength= 3.38673664745875
RQWkrDrnRatio= 1.78074030578136
ICDroneMiteSurvivorship= 28.3300763694569
ICWorkerMiteSurvivorship= 57.6476656831801
ICForagerLifespan= 15.335344504565
ImmType= Exponential
AIAdultSlope= 3.9009457686916
AIAdultLD50= 0.474443093407899
AIAdultSlopeContact= 2.23742824746296
AIAdultLD50Contact= 0.186102340742946
AILarvaSlope= 4.3243067082949
AILarvaLD50= 1.33849125774577
AIKOW= 85.9295583562925
AIKOC= 87.872364022769
AIHalfLife= 9.59482220793143
EAppRate= 1.6931454972364
