ICQueenStrength= 2.96585475699976
RQWkrDrnRatio= 4.39014963246882
ICDroneMiteSurvivorship= 82.2159273317084
ICWorkerMiteSurvivorship= 9.50815791729838
ICForagerLifespan= 14.276025720872
ImmType= Logarithmic
AIAdultSlope= 1.91386537123471
AIAdultSlopeContact= 2.94898211813997
AIAdultLD50Contact= 0.017794754600618
AILarvaSlope= 3.31192148230039
AILarvaLD50= 0.1977772699669
AIKOW= 6.4314091457054
AIKOC= 5.08643490727991
AIHalfLife= 5.31644904660061
