ICQueenStrength= 4.54080803575926
RQWkrDrnRatio= 1.79488449171185
ICDroneMiteSurvivorship= 34.4066503690556
ICWorkerMiteSurvivorship= 25.6280420115218
ICForagerLifespan= 8.17457900475711
ImmType= Tangent
AIAdultSlopeContact= 2.90711978434352
AIAdultLD50Contact= 0.0105788752902299
AILarvaSlope= 0.0727234648540616
AILarvaLD50= 0.254992154426873
AIKOW= 3.4757952708751
AIKOC= 15.136506613344
AIHalfLife= 7.32970998808742
