ICQueenStrength= 2.4081568212714
RQWkrDrnRatio= 1.52902757562697
ICDroneMiteSurvivorship= 26.1102695483714
ICWorkerMiteSurvivorship= 82.5813796604052
ICForagerLifespan= 9.29736734461039
ImmType= Logarithmic
AIAdultSlope= 3.19400054844562
AIAdultLD50= 0.0357932618353516
AIAdultSlopeContact= 1.26809781383956
AIAdultLD50Contact= 0.0156693238532171
AILarvaSlope= 2.45126721896231
AILarvaLD50= 0.2312459069537
AIKOW= 3.13135703234002
AIKOC= 8.48757214960642
AIHalfLife= 3.38588449987583
EAppRate= 0.31635007832665
