ICQueenStrength= 3.33141208183952
RQWkrDrnRatio= 1.30867025908083
ICDroneMiteSurvivorship= 52.3723027901724
ICWorkerMiteSurvivorship= 67.628332064487
ICForagerLifespan= 13.4150728033856
ImmType= Polynomial
AIAdultSlopeContact= 3.20086530785775
AIAdultLD50Contact= 0.02439004634507
AILarvaSlope= 2.78318388373591
AILarvaLD50= 0.17235147098545
AIKOW= 2.10135041084141
AIKOC= 12.9270198009908
AIHalfLife= 13.3505966193043
