ICQueenStrength= 1.51955452770926
RQWkrDrnRatio= 3.88300019875169
ICDroneMiteSurvivorship= 59.5870219869539
ICWorkerMiteSurvivorship= 78.7367450539023
ICForagerLifespan= 6.24049410317093
ImmType= Tangent
AIAdultSlope= 2.19901657979935
AIAdultSlopeContact= 3.873019207092
AIAdultLD50Contact= 0.0238220199942589
AILarvaSlope= 0.586424575187266
AILarvaLD50= 0.260951480129734
AIKOW= 2.32276003854349
AIKOC= 20.5778934655245
AIHalfLife= 13.9055669405498
