ICQueenStrength= 4.17563315969892
RQWkrDrnRatio= 2.42951671220362
ICDroneMiteSurvivorship= 18.1095218285918
ICWorkerMiteSurvivorship= 11.2308547599241
ICForagerLifespan= 14.8451381931081
ImmType= Polynomial
AIAdultSlopeContact= 2.6794581303536
AIAdultLD50Contact= 0.0118003781652078
AILarvaSlope= 1.45225821156055
AILarvaLD50= 0.382419527485035
AIKOW= 7.45632092515007
AIKOC= 28.9858922024723
AIHalfLife= 7.20282742287964
