ICQueenStrength= 5.35328956111334
RQWkrDrnRatio= 2.13038922473788
ICDroneMiteSurvivorship= 92.0378745300695
ICWorkerMiteSurvivorship= 57.5418708380312
ICForagerLifespan= 5.81914246082306
ImmType= Logarithmic
AIAdultSlope= 0.0824088878463954
AIAdultLD50= 1.9320488164667
AIAdultSlopeContact= 1.83845338229556
AIAdultLD50Contact= 0.0328694617957808
AILarvaSlope= 1.14237325857393
AILarvaLD50= 0.882215094915591
AIKOW= 7.36222650157288
AIKOC= 19.3939859059174
AIHalfLife= 13.1580719286576
EAppRate= 0.920718563720584
