ICQueenStrength= 4.00476955366321
RQWkrDrnRatio= 3.11431679967791
ICDroneMiteSurvivorship= 46.7514161486179
ICWorkerMiteSurvivorship= 39.9548660265282
ICForagerLifespan= 12.0327439531684
ImmType= Logarithmic
AIAdultSlopeContact= 2.50536071720067
AIAdultLD50Contact= 0.00087993978522718
AILarvaSlope= 1.66906320559792
AILarvaLD50= 0.747003031801432
AIKOW= 3.94311090372503
AIKOC= 22.4454750609584
AIHalfLife= 2.07695575151592
