ICQueenStrength= 4.3356301416643
RQWkrDrnRatio= 2.34133949503303
ICDroneMiteSurvivorship= 69.4618286099285
ICWorkerMiteSurvivorship= 77.5549866724759
ICForagerLifespan= 14.6205153474584
ImmType= Sine
AIAdultSlope= 1.55029148496687
AIAdultLD50= 0.595260561676696
AIAdultSlopeContact= 1.19801705447026
AIAdultLD50Contact= 0.0127300850581378
AILarvaSlope= 1.31974778664298
AILarvaLD50= 0.0677049381192774
AIKOW= 4.24367743404582
AIKOC= 18.1444657803513
AIHalfLife= 2.23516340041533
EAppRate= 0.134375440422446
