ICQueenStrength= 1.60404980671592
RQWkrDrnRatio= 1.77295588050038
ICDroneMiteSurvivorship= 44.0925218630582
ICWorkerMiteSurvivorship= 53.0470690922812
ICForagerLifespan= 9.89096505194902
ImmType= Exponential
AIAdultSlope= 1.17279741535895
AIAdultLD50= 1.30183892324567
AIAdultSlopeContact= 0.730761936816853
AIAdultLD50Contact= 0.0120779561460949
AILarvaSlope= 1.49716565930285
AILarvaLD50= 0.251319017540663
AIKOW= 5.67696719523519
AIKOC= 17.7719518670347
AIHalfLife= 9.99950607540086
EAppRate= 0.054275275208056
