ICQueenStrength= 5.0049268968869
RQWkrDrnRatio= 4.15494758822024
ICDroneMiteSurvivorship= 17.282797046937
ICWorkerMiteSurvivorship= 78.4089934779331
ICForagerLifespan= 5.64166723936796
ImmType= Polynomial
AIAdultSlope= 0.0102641161065549
AIAdultLD50= 0.0818747626617551
AIAdultSlopeContact= 1.37156651622383
AIAdultLD50Contact= 0.0045715693384409
AILarvaSlope= 1.04410943095572
AILarvaLD50= 0.453860850865021
AIKOW= 4.08485973952338
AIKOC= 13.3697068854235
AIHalfLife= 12.9014814333059
EAppRate= 0.440332555677742
