ICQueenStrength= 2.61600864608772
RQWkrDrnRatio= 3.71939631458372
ICDroneMiteSurvivorship= 69.7831589262933
ICWorkerMiteSurvivorship= 87.6627107616514
ICForagerLifespan= 6.21223098505288
ImmType= Logarithmic
AIAdultSlope= 0.811581112698186
AIAdultLD50= 0.145423765527084
AIAdultSlopeContact= 1.88166676155757
AIAdultLD50Contact= 0.012726430199109
AILarvaSlope= 2.00810027820989
AILarvaLD50= 0.217163006658666
AIKOW= 6.21463284548372
AIKOC= 15.2809100528248
AIHalfLife= 4.79929185356013
EAppRate= 0
