ICQueenStrength= 4.58604050939903
RQWkrDrnRatio= 2.65116831567138
ICDroneMiteSurvivorship= 38.5243732715026
ICWorkerMiteSurvivorship= 81.8285220302641
ICForagerLifespan= 15.0222832346335
ImmType= Polynomial
AIAdultSlope= 2.53551190037979
AIAdultLD50= 0.212076553027146
AIAdultSlopeContact= 2.96104839065345
AIAdultLD50Contact= 0.0259084519580938
AILarvaSlope= 0.252377044921741
AILarvaLD50= 0.48795769137796
AIKOW= 5.76838151086122
AIKOC= 22.5244323792867
AIHalfLife= 1.53321356861852
EAppRate= 0
