ICQueenStrength= 5.66788362828083
RQWkrDrnRatio= 2.12825422175229
ICDroneMiteSurvivorship= 67.1092593343928
ICWorkerMiteSurvivorship= 35.696044168435
ICForagerLifespan= 4.18459354713559
ImmType= Cosine
AIAdultSlope= 0.601811008807272
AIAdultLD50= 1.26827535498887
AIAdultSlopeContact= 0.658218809191603
AIAdultLD50Contact= 0.0156167237902991
AILarvaSlope= 2.4166752866935
AILarvaLD50= 0.192009557923302
AIKOW= 5.07443483732641
AIKOC= 22.7064183226321
AIHalfLife= 3.89621601626277
EAppRate= 0.721297051990405
