ICQueenStrength= 2.44444518256932
RQWkrDrnRatio= 1.14413474686444
ICDroneMiteSurvivorship= 35.7582862721756
ICWorkerMiteSurvivorship= 16.0675136372447
ICForagerLifespan= 9.7925767833367
ImmType= Sine
AIAdultLD50= 0.154012839635834
AIAdultSlopeContact= 3.12288302979665
AIAdultLD50Contact= 0.0287818447337486
AILarvaSlope= 1.43301017656922
AILarvaLD50= 0.346850903774612
AIKOW= 6.05920704314485
AIKOC= 22.4923454003874
AIHalfLife= 0.519958176650107
EAppRate= 0.845498241949826
