ICQueenStrength= 5.30918858153746
RQWkrDrnRatio= 2.74724335689098
ICDroneMiteSurvivorship= 79.7296899138018
ICWorkerMiteSurvivorship= 37.9134497372434
ICForagerLifespan= 4.65045264270157
ImmType= Exponential
AIAdultSlope= 0.654243347388692
AIAdultLD50= 0.357056380133145
AIAdultSlopeContact= 0.889876502968837
AIAdultLD50Contact= 0.0134575231233612
AILarvaSlope= 0.540857963357121
AILarvaLD50= 0.105012936866842
AIKOW= 4.5478636501357
AIKOC= 18.1967756140511
AIHalfLife= 0.936244379263371
EAppRate= 0
