ICQueenStrength= 4.57716468628496
RQWkrDrnRatio= 3.92982591502368
ICDroneMiteSurvivorship= 37.4928507953882
ICWorkerMiteSurvivorship= 69.701464776881
ICForagerLifespan= 6.90321436244994
ImmType= Cosine
AIAdultSlope= 6.51915183290839
