ICQueenStrength= 2.60825585015118
RQWkrDrnRatio= 4.55391703452915
ICDroneMiteSurvivorship= 41.3810169324279
ICWorkerMiteSurvivorship= 57.0620501413941
ICForagerLifespan= 8.49226268753409
ImmType= Exponential
AIAdultSlopeContact= 0.681474321603309
AIAdultLD50Contact= 0.0226558053633198
AILarvaSlope= 1.01357836057432
AILarvaLD50= 0.24033038187772
AIKOW= 3.71380822081119
AIKOC= 13.6206457519438
AIHalfLife= 9.8643979113549
