ICQueenStrength= 5.19119829894044
RQWkrDrnRatio= 4.17737798765302
ICDroneMiteSurvivorship= 24.7149636037648
ICWorkerMiteSurvivorship= 90.0142768165097
ICForagerLifespan= 5.64610297605395
ImmType= Cosine
AIAdultSlopeContact= 2.81768626103411
AIAdultLD50Contact= 0.0337659633019939
AILarvaSlope= 3.09900196027011
AILarvaLD50= 0.345021146466024
AIKOW= 3.92762801842764
AIKOC= 21.4781490166206
AIHalfLife= 6.38006347324699
