ICQueenStrength= 5.01608501677401
RQWkrDrnRatio= 1.31810263730586
ICDroneMiteSurvivorship= 12.7723780693486
ICWorkerMiteSurvivorship= 53.7275259150192
ICForagerLifespan= 10.2059599431232
ImmType= Cosine
AIAdultSlope= 1.80075512611773
AIAdultLD50= 0.0529162231832743
AIAdultSlopeContact= 0.650950540476479
AIAdultLD50Contact= 0.0488886916195042
AILarvaSlope= 2.60661812881008
AILarvaLD50= 0.791187701700255
AIKOW= 5.03985571907833
AIKOC= 23.5719257686287
AIHalfLife= 2.79996872181073
EAppRate= 0.00473205102607608
