ICQueenStrength= 4.39715805021115
RQWkrDrnRatio= 4.05773640610278
ICDroneMiteSurvivorship= 17.9020375944674
ICWorkerMiteSurvivorship= 72.8199967648834
ICForagerLifespan= 4.54092334397137
ImmType= Sine
AIAdultLD50= 0.154012839635834
AIAdultSlopeContact= 0.303158894064836
AIAdultLD50Contact= 0.0166577192489058
AILarvaSlope= 2.07368293902837
AILarvaLD50= 0.347891566297039
AIKOW= 6.20165936648846
AIKOC= 14.2384953983128
AIHalfLife= 12.9077871921472
EAppRate= 1.69981324765831
