ICQueenStrength= 3.77810165542178
RQWkrDrnRatio= 3.79859585128725
ICDroneMiteSurvivorship= 54.0919148596004
ICWorkerMiteSurvivorship= 96.8009285861626
ICForagerLifespan= 13.547941413708
ImmType= Exponential
AIAdultSlope= 1.036770279177
AIAdultLD50= 0.0117247900925577
AIAdultSlopeContact= 0.764716887529939
AIAdultLD50Contact= 0.0446923602605239
AILarvaSlope= 2.52915281211026
AILarvaLD50= 0.167279355064966
AIKOW= 5.63856419967487
AIKOC= 24.4437244848814
AIHalfLife= 0.492198066785932
EAppRate= 0.633344515552744
