ICQueenStrength= 2.44396732095629
RQWkrDrnRatio= 2.35359395295382
ICDroneMiteSurvivorship= 21.3608727324754
ICWorkerMiteSurvivorship= 15.753339137882
ICForagerLifespan= 6.75286375917494
ImmType= Sine
AIAdultSlope= 3.23564256906509
AIAdultLD50= 0.111155465012416
AIAdultSlopeContact= 2.24315300763119
AIAdultLD50Contact= 0.0171324145398103
AILarvaSlope= 0.406277410313487
AILarvaLD50= 0.816362266335636
AIKOW= 5.33066714880988
AIKOC= 16.9962541619316
AIHalfLife= 2.68001061514951
EAppRate= 0.358473602007143
