ICQueenStrength= 1.56985243456438
RQWkrDrnRatio= 2.13923564739525
ICDroneMiteSurvivorship= 13.0548912100494
ICWorkerMiteSurvivorship= 93.5826978413388
ICForagerLifespan= 11.0942503316328
ImmType= Exponential
AIAdultSlope= 3.2218914181483
AIAdultLD50= 0.233842647634447
AIAdultSlopeContact= 0.154331430585589
AIAdultLD50Contact= 0.0232857068767771
AILarvaSlope= 0.632358286902308
AILarvaLD50= 0.4818460727809
AIKOW= 2.30918607860804
AIKOC= 25.5480378353968
AIHalfLife= 1.53735696920194
EAppRate= 0
