ICQueenStrength= 5.14059254457243
RQWkrDrnRatio= 4.45718380436301
ICDroneMiteSurvivorship= 99.160936800763
ICWorkerMiteSurvivorship= 95.5937639577314
ICForagerLifespan= 14.3155615599826
ImmType= Logarithmic
AIAdultSlope= 0.476506825347897
AIAdultLD50= 0.435152929159813
AIAdultSlopeContact= 1.9289783449145
AIAdultLD50Contact= 0.0466043614665978
AILarvaSlope= 1.85323970671743
AILarvaLD50= 0.358100288920105
AIKOW= 4.73791361646727
AIKOC= 11.9315624132287
AIHalfLife= 3.91674956073985
EAppRate= 0.00920454643201083
