ICQueenStrength= 2.40077932854183
RQWkrDrnRatio= 3.9748713131994
ICDroneMiteSurvivorship= 98.510183300823
ICWorkerMiteSurvivorship= 46.0815535625443
ICForagerLifespan= 6.89891088940203
ImmType= Cosine
AIAdultSlope= 1.67631869437173
