ICQueenStrength= 5.8297564976383
RQWkrDrnRatio= 4.46291579958051
ICDroneMiteSurvivorship= 7.75016797706485
ICWorkerMiteSurvivorship= 17.9314338136464
ICForagerLifespan= 15.33398293145
ImmType= Sine
AIAdultSlope= 9.25795941380784
