ICQueenStrength= 2.55572400195524
RQWkrDrnRatio= 4.34590897988528
ICDroneMiteSurvivorship= 78.865652019158
ICWorkerMiteSurvivorship= 87.6493664225563
ICForagerLifespan= 10.3605548348278
ImmType= Logarithmic
AIAdultSlope= 0.584141272958368
AIAdultLD50= 2.57313088956289
AIAdultSlopeContact= 3.22820775400847
AIAdultLD50Contact= 0.0231431582942605
AILarvaSlope= 2.66786901573651
AILarvaLD50= 0.654816815326922
AIKOW= 7.61948855081573
AIKOC= 14.2980034591164
AIHalfLife= 5.10021545737982
EAppRate= 0.921164030907676
