ICQueenStrength= 5.51123508508317
RQWkrDrnRatio= 3.46347780246288
ICDroneMiteSurvivorship= 48.674617568031
ICWorkerMiteSurvivorship= 36.2014638027176
ICForagerLifespan= 10.2346947863698
ImmType= Logarithmic
AIAdultSlope= 2.11119541217806
AIAdultLD50= 0.499084958108142
AIAdultSlopeContact= 2.05377382272156
AIAdultLD50Contact= 0.0365596621762961
AILarvaSlope= 0.577674661204219
AILarvaLD50= 0.456413660896942
AIKOW= 7.46623161062598
AIKOC= 26.2055798736401
AIHalfLife= 2.38189669791609
EAppRate= 0.308309962972999
