ICQueenStrength= 5.65737178456038
RQWkrDrnRatio= 2.08783086482435
ICDroneMiteSurvivorship= 89.9078832240775
ICWorkerMiteSurvivorship= 79.1162166278809
ICForagerLifespan= 12.7516004834324
ImmType= Polynomial
AIAdultLD50= 0.154012839635834
AIAdultSlopeContact= 0.429248783730436
AIAdultLD50Contact= 0.0371854564757086
AILarvaSlope= 1.30010787788779
AILarvaLD50= 0.608921699062921
AIKOW= 6.15246637351811
AIKOC= 21.4159914769698
AIHalfLife= 10.5756479641423
EAppRate= 1.36857404885814
