ICQueenStrength= 2.4053172885906
RQWkrDrnRatio= 4.6409533014521
ICDroneMiteSurvivorship= 98.1191416969523
ICWorkerMiteSurvivorship= 75.9584743762389
ICForagerLifespan= 11.6734080649912
ImmType= Tangent
AIAdultSlope= 0.948005981859751
AIAdultLD50= 0.22529083408881
AIAdultSlopeContact= 0.427394745675847
AIAdultLD50Contact= 0.0346716342144646
AILarvaSlope= 0.393808680213988
AILarvaLD50= 0.651854795124382
AIKOW= 4.84249268332496
AIKOC= 19.8402347986121
AIHalfLife= 0.331153747392818
EAppRate= 0.12317218768876
