ICQueenStrength= 3.77592909056693
RQWkrDrnRatio= 1.72786102443933
ICDroneMiteSurvivorship= 98.4716133447364
ICWorkerMiteSurvivorship= 78.3321907743812
ICForagerLifespan= 11.8591984165832
ImmType= Polynomial
AIAdultSlope= 2.98982186703943
AIAdultLD50= 1.18801727355458
AIAdultSlopeContact= 0.0684781764331274
AIAdultLD50Contact= 0.00336201855679974
AILarvaSlope= 2.80113592068665
AILarvaLD50= 0.498461109981872
AIKOW= 3.37430492555723
AIKOC= 13.3659040683415
AIHalfLife= 6.5056900056079
EAppRate= 0.907280552433804
