ICQueenStrength= 1.13041170779616
RQWkrDrnRatio= 1.34357533231378
ICDroneMiteSurvivorship= 5.85840155836195
ICWorkerMiteSurvivorship= 49.4674900081009
ICForagerLifespan= 10.2232084721327
ImmType= Logarithmic
AIAdultSlope= 1.29923411963973
AIAdultLD50= 0.144881950342096
AIAdultSlopeContact= 2.77330565007404
AIAdultLD50Contact= 0.0286460736184381
AILarvaSlope= 2.2405607258901
AILarvaLD50= 0.104831636929885
AIKOW= 5.30393933271989
AIKOC= 10.2800002566073
AIHalfLife= 4.69134908868
EAppRate= 0
