ICQueenStrength= 5.40240331110545
RQWkrDrnRatio= 1.38121154624969
ICDroneMiteSurvivorship= 17.9683107184246
ICWorkerMiteSurvivorship= 75.7600560085848
ICForagerLifespan= 4.52407312579453
ImmType= Polynomial
AIAdultSlopeContact= 3.68782182473922
AIAdultLD50Contact= 0.0224269682192244
AILarvaSlope= 1.08012617118657
AILarvaLD50= 0.266328239045106
AIKOW= 6.8234832752496
AIKOC= 17.0434548414778
AIHalfLife= 6.33030855795369
