ICQueenStrength= 5.01312330388464
RQWkrDrnRatio= 4.0130426781252
ICDroneMiteSurvivorship= 78.6901320330799
ICWorkerMiteSurvivorship= 47.5123374955729
ICForagerLifespan= 15.6869057305157
ImmType= Sine
AIAdultSlope= 1.09827880887315
AIAdultLD50= 1.50522197177634
AIAdultSlopeContact= 3.03052167536924
AIAdultLD50Contact= 0.0261728155892342
AILarvaSlope= 0.734901634091511
AILarvaLD50= 0.834597420226783
AIKOW= 6.61469540931284
AIKOC= 20.7345780753531
AIHalfLife= 6.96032164758071
EAppRate= 0.0552815783303231
