ICQueenStrength= 2.39650244638324
RQWkrDrnRatio= 2.78801646549255
