ICQueenStrength= 3.72270763176493
RQWkrDrnRatio= 4.17726662382483
ICDroneMiteSurvivorship= 46.556677413173
ICWorkerMiteSurvivorship= 58.2243798766285
ICForagerLifespan= 15.0860672239214
ImmType= Polynomial
AIAdultSlope= 2.1831818178948
AIAdultLD50= 0.370243245270103
AIAdultSlopeContact= 2.78001733138924
AIAdultLD50Contact= 0.00366558141540736
AILarvaSlope= 1.04333545127884
AILarvaLD50= 0.610007089097053
AIKOW= 3.69461552472785
AIKOC= 22.6671363064088
AIHalfLife= 3.96332508185878
EAppRate= 0.195909211528488
