ICQueenStrength= 3.19756579957902
RQWkrDrnRatio= 4.88307970389724
ICDroneMiteSurvivorship= 27.1332080708817
ICWorkerMiteSurvivorship= 15.5393674038351
ICForagerLifespan= 9.93834121711552
ImmType= Cosine
AIAdultSlope= 1.41182557990076
AIAdultLD50= 0.109101632260717
AIAdultSlopeContact= 0.952651312917005
AIAdultLD50Contact= 0.0264206442981958
AILarvaSlope= 0.656634244555607
AILarvaLD50= 0.198208750644699
AIKOW= 3.44556270586327
AIKOC= 5.19751209183596
AIHalfLife= 4.22069962602109
EAppRate= 0.643739376636222
