ICQueenStrength= 4.51873753708787
RQWkrDrnRatio= 2.18455827329308
ICDroneMiteSurvivorship= 14.9387971730903
ICWorkerMiteSurvivorship= 23.5041820211336
ICForagerLifespan= 5.63061287254095
ImmType= Cosine
AIAdultSlopeContact= 6.4224418066442
AIAdultLD50Contact= 0.0065473947674036
AILarvaSlope= 0.818624116946012
AILarvaLD50= 1.59611857449636
AIKOW= 70.4357126262039
AIKOC= 35.7300636358559
AIHalfLife= 5.30872851423919
