ICQueenStrength= 5.68053770833649
RQWkrDrnRatio= 1.29552968777716
ICDroneMiteSurvivorship= 85.284275864251
ICWorkerMiteSurvivorship= 70.2839037869126
ICForagerLifespan= 7.56060675159097
ImmType= Exponential
AIAdultSlope= 4.24239793792367
