ICQueenStrength= 3.94023533118889
RQWkrDrnRatio= 3.5973460637033
ICDroneMiteSurvivorship= 33.2114508375525
ICWorkerMiteSurvivorship= 73.3325399225578
ICForagerLifespan= 9.79465216211975
ImmType= Sine
AIAdultSlope= 3.35372440831969
AIAdultLD50= 0.0675921882502735
AIAdultSlopeContact= 1.41958665515296
AIAdultLD50Contact= 0.0243558857357129
AILarvaSlope= 2.82589670778252
AILarvaLD50= 0.89692086239811
AIKOW= 6.16397245507687
AIKOC= 22.368422151776
AIHalfLife= 2.90496915695257
EAppRate= 0.519519783440046
