ICQueenStrength= 4.2818466227036
RQWkrDrnRatio= 1.56752851326019
ICDroneMiteSurvivorship= 65.3007257729769
ICWorkerMiteSurvivorship= 49.7621357673779
ICForagerLifespan= 4.78385386709124
ImmType= Tangent
AIAdultSlope= 5.31398423016071
