ICQueenStrength= 1.15567107358947
RQWkrDrnRatio= 4.09441631659865
ICDroneMiteSurvivorship= 64.9490147829056
ICWorkerMiteSurvivorship= 29.4136391719803
ICForagerLifespan= 4.13468045927584
ImmType= Cosine
AIAdultSlopeContact= 1.99670145691372
AIAdultLD50Contact= 0.00335738662397489
AILarvaSlope= 0.783067703060806
AILarvaLD50= 0.753499884554185
AIKOW= 7.3495008754544
AIKOC= 5.61480701551773
AIHalfLife= 4.67306927125901
