ICQueenStrength= 4.40002598357387
RQWkrDrnRatio= 2.94219003245234
ICDroneMiteSurvivorship= 87.1239177184179
ICWorkerMiteSurvivorship= 83.8057276327163
ICForagerLifespan= 8.16410737019032
ImmType= Exponential
AIAdultSlope= 1.07277519092895
AIAdultLD50= 0.101028578588739
AIAdultSlopeContact= 0.817641767857131
AIAdultLD50Contact= 0.010418357886374
AILarvaSlope= 2.17966460851021
AILarvaLD50= 0.185446790931746
AIKOW= 2.7321335724555
AIKOC= 23.9585723273922
AIHalfLife= 9.87963610002771
EAppRate= 0.514951203251258
