ICQueenStrength= 4.1670861528255
RQWkrDrnRatio= 3.02722815703601
ICDroneMiteSurvivorship= 94.6683055721223
ICWorkerMiteSurvivorship= 2.60004110168666
ICForagerLifespan= 11.3289334895089
ImmType= Polynomial
AIAdultSlope= 1.01361291576177
AIAdultSlopeContact= 0.342885979008861
AIAdultLD50Contact= 0.0184957854798995
AILarvaSlope= 1.04881269508041
AILarvaLD50= 0.39926957145799
AIKOW= 3.0864353524521
AIKOC= 21.0753751988523
AIHalfLife= 7.30735048791394
