ICQueenStrength= 3.40751020610332
RQWkrDrnRatio= 2.51802618056536
ICDroneMiteSurvivorship= 83.1039017532021
ICWorkerMiteSurvivorship= 22.939931973815
ICForagerLifespan= 10.0025276243687
ImmType= Tangent
AIAdultSlope= 0.794275047951378
AIAdultLD50= 0.248361792881042
AIAdultSlopeContact= 1.07232483442174
AIAdultLD50Contact= 0.0377299623563886
AILarvaSlope= 1.35776029219851
AILarvaLD50= 0.265167306060903
AIKOW= 6.40391385741532
AIKOC= 28.363748495467
AIHalfLife= 1.30368910729885
EAppRate= 0.658386204228736
