ICQueenStrength= 2.91209291107953
RQWkrDrnRatio= 4.62110825814307
ICDroneMiteSurvivorship= 55.8902791002765
ICWorkerMiteSurvivorship= 73.5435101436451
ICForagerLifespan= 7.93525407183915
ImmType= Logarithmic
AIAdultSlope= 2.71133832264924
AIAdultLD50= 0.145693007973023
AIAdultSlopeContact= 0.383039943894837
AIAdultLD50Contact= 0.0229076446266845
AILarvaSlope= 1.77579389405437
AILarvaLD50= 0.769920943980105
AIKOW= 7.97816999396309
AIKOC= 22.6932797417976
AIHalfLife= 4.83436147100292
EAppRate= 0.462373500457033
