ICQueenStrength= 2.52965247165412
RQWkrDrnRatio= 3.34540281351656
ICDroneMiteSurvivorship= 7.80568670015782
ICWorkerMiteSurvivorship= 26.4830861473456
ICForagerLifespan= 12.8119886256754
ImmType= Exponential
AIAdultSlope= 1.38489340050844
AIAdultLD50= 0.393087064614519
AIAdultSlopeContact= 1.34894195158733
AIAdultLD50Contact= 0.00283656542887911
AILarvaSlope= 3.38233694545925
AILarvaLD50= 0.615141911292449
AIKOW= 4.38799955043942
AIKOC= 18.7243686884176
AIHalfLife= 3.34574472159147
EAppRate= 0.136270912992768
