ICQueenStrength= 3.71084831678309
RQWkrDrnRatio= 2.76293462421745
ICDroneMiteSurvivorship= 17.8446360165253
ICWorkerMiteSurvivorship= 80.6937859393656
ICForagerLifespan= 9.84679310396314
ImmType= Polynomial
AIAdultSlopeContact= 1.06190251218388
AIAdultLD50Contact= 0.00929830495733768
AILarvaSlope= 3.15700942832045
AILarvaLD50= 0.704461592948064
AIKOW= 7.91083219228312
AIKOC= 18.1772491615266
AIHalfLife= 0.806597174145281
