ICQueenStrength= 4.77119082026184
RQWkrDrnRatio= 1.65332931466401
ICDroneMiteSurvivorship= 7.4141459306702
ICWorkerMiteSurvivorship= 41.2645123666152
ICForagerLifespan= 6.96826049871743
ImmType= Logarithmic
AIAdultSlope= 3.13847362138331
AIAdultLD50= 0.276989105972461
AIAdultSlopeContact= 3.14237739925738
AIAdultLD50Contact= 0.0499550679000095
AILarvaSlope= 1.60692141926847
AILarvaLD50= 0.590484122838825
AIKOW= 3.13225329807028
AIKOC= 22.4843189539388
AIHalfLife= 4.37099324306473
EAppRate= 0.189709929609671
