ICQueenStrength= 4.30337730469182
RQWkrDrnRatio= 3.61421932652593
ICDroneMiteSurvivorship= 50.5270948866382
ICWorkerMiteSurvivorship= 31.2775786966085
ICForagerLifespan= 6.6536256019026
ImmType= Polynomial
AIAdultSlope= 1.23127042781562
