ICQueenStrength= 4.95308328210376
RQWkrDrnRatio= 4.35811274684966
ICDroneMiteSurvivorship= 71.6966914245859
ICWorkerMiteSurvivorship= 4.81044333428144
ICForagerLifespan= 5.0051234792918
ImmType= Polynomial
AIAdultSlope= 3.27472820249386
AIAdultLD50= 2.9513760083355
AIAdultSlopeContact= 0.410437074650545
AIAdultLD50Contact= 0.0423367223818786
AILarvaSlope= 2.78892509699799
AILarvaLD50= 0.578723340807483
AIKOW= 2.15784414904192
AIKOC= 9.45374349365011
AIHalfLife= 7.0486178654246
EAppRate= 0.0170778022147715
