ICQueenStrength= 3.44611123856157
RQWkrDrnRatio= 4.37821069639176
