ICQueenStrength= 2.42982832505368
RQWkrDrnRatio= 4.01144980452955
ICDroneMiteSurvivorship= 78.2006873050705
ICWorkerMiteSurvivorship= 57.1763571118936
ICForagerLifespan= 8.51380945928395
ImmType= Sine
AIAdultSlopeContact= 3.8754444738524
AIAdultLD50Contact= 0.0470760791795328
AILarvaSlope= 0.557472973968834
AILarvaLD50= 0.325116141652688
AIKOW= 4.63875244697556
AIKOC= 18.2541862491053
AIHalfLife= 3.29021856607869
