ICQueenStrength= 5.05315978568979
RQWkrDrnRatio= 3.95966595597565
ICDroneMiteSurvivorship= 70.1259211404249
ICWorkerMiteSurvivorship= 95.3479919582605
ICForagerLifespan= 11.7584962202236
ImmType= Polynomial
AIAdultSlope= 2.70022909501567
AIAdultLD50= 2.60358585929498
AIAdultSlopeContact= 0.763948576287366
AIAdultLD50Contact= 0.0314931527595036
AILarvaSlope= 2.27590806791559
AILarvaLD50= 0.367299667163752
AIKOW= 7.0575153073296
AIKOC= 16.8178860750049
AIHalfLife= 13.8230904904194
EAppRate= 0.451127376873046
