ICQueenStrength= 5.38473811023869
RQWkrDrnRatio= 3.06965684331954
ICDroneMiteSurvivorship= 78.8404380436987
ICWorkerMiteSurvivorship= 31.4115502173081
ICForagerLifespan= 6.02174633741379
ImmType= Polynomial
AIAdultSlopeContact= 1.96200531353708
AIAdultLD50Contact= 0.020502791274339
AILarvaSlope= 0.290565883181989
AILarvaLD50= 0.0246193647617474
AIKOW= 3.23292425228283
AIKOC= 10.9355693811085
AIHalfLife= 4.19433144386858
