ICQueenStrength= 2.22224324266426
RQWkrDrnRatio= 2.82842588145286
ICDroneMiteSurvivorship= 79.7815514029935
ICWorkerMiteSurvivorship= 33.0232947831973
ICForagerLifespan= 4.42338796705008
ImmType= Sine
AIAdultSlope= 2.30205502151744
AIAdultLD50= 0.270217483048327
AIAdultSlopeContact= 3.48298962125089
AIAdultLD50Contact= 0.0256029986194335
AILarvaSlope= 2.93702837233432
AILarvaLD50= 0.0830738377757371
AIKOW= 7.06029264256358
AIKOC= 5.8023674483411
AIHalfLife= 1.6071696812287
EAppRate= 0
