ICQueenStrength= 3.37089473986998
RQWkrDrnRatio= 3.84925084095448
ICDroneMiteSurvivorship= 87.4797704163939
ICWorkerMiteSurvivorship= 40.1101527735591
ICForagerLifespan= 15.4476092876866
ImmType= Sine
AIAdultSlopeContact= 3.93937953747809
AIAdultLD50Contact= 0.0366886241361499
AILarvaSlope= 9.0807668119669
AILarvaLD50= 1.70869171060622
AIKOW= 89.0277246246114
AIKOC= 37.2958944411948
AIHalfLife= 10.7056149500422
