ICQueenStrength= 5.785573418485
RQWkrDrnRatio= 3.93728152383119
ICDroneMiteSurvivorship= 98.6307855928317
ICWorkerMiteSurvivorship= 82.7762005850673
ICForagerLifespan= 8.48775670491159
ImmType= Logarithmic
AIAdultSlopeContact= 0.294333427625243
AIAdultLD50Contact= 0.00875133160734549
AILarvaSlope= 2.08185285213403
AILarvaLD50= 0.467472224892117
AIKOW= 4.22683435026556
AIKOC= 10.6386863288935
AIHalfLife= 13.6250610523857
