ICQueenStrength= 5.12044800585136
RQWkrDrnRatio= 4.98592859320343
ICDroneMiteSurvivorship= 21.9669966259971
ICWorkerMiteSurvivorship= 3.62986731342971
ICForagerLifespan= 8.9353231517598
ImmType= Exponential
AIAdultSlope= 1.89473971184343
AIAdultLD50= 1.73271607956849
AIAdultSlopeContact= 1.07480689766351
AIAdultLD50Contact= 0.0286545944982208
AILarvaSlope= 0.430615323642269
AILarvaLD50= 0.543194298748858
AIKOW= 5.34700044663623
AIKOC= 5.10223896242678
AIHalfLife= 10.8855006052181
EAppRate= 0.78937776433304
