ICQueenStrength= 5.16637571528554
RQWkrDrnRatio= 1.89244952332228
ICDroneMiteSurvivorship= 2.1825717529282
ICWorkerMiteSurvivorship= 7.13071466889232
ICForagerLifespan= 14.514482495375
ImmType= Tangent
AIAdultSlopeContact= 1.47155562409898
AIAdultLD50Contact= 0.0343430841225199
AILarvaSlope= 3.31866783346049
AILarvaLD50= 0.454503427678719
AIKOW= 5.89200375322253
AIKOC= 17.4979111948051
AIHalfLife= 6.66836900822818
