ICQueenStrength= 4.42400489724241
RQWkrDrnRatio= 2.08521504979581
ICDroneMiteSurvivorship= 79.1593326022848
ICWorkerMiteSurvivorship= 77.5873914128169
ICForagerLifespan= 8.19720727391541
ImmType= Logarithmic
AIAdultSlope= 3.06395219294354
AIAdultLD50= 2.78961421293207
AIAdultSlopeContact= 2.05143611464882
AIAdultLD50Contact= 0.0342695550993085
AILarvaSlope= 2.34066601940431
AILarvaLD50= 0.379299273714423
AIKOW= 2.31484251655638
AIKOC= 19.6464153309353
AIHalfLife= 6.06991006294265
EAppRate= 0.721875291550532
