ICQueenStrength= 5.93713286938146
RQWkrDrnRatio= 3.1561661856249
ICDroneMiteSurvivorship= 6.61664051003754
ICWorkerMiteSurvivorship= 58.1440407084301
ICForagerLifespan= 14.7168891178444
ImmType= Exponential
AIAdultSlope= 0.65001146197319
AIAdultLD50= 1.58152775047347
AIAdultSlopeContact= 3.62410793162417
AIAdultLD50Contact= 0.0449273154838011
AILarvaSlope= 0.796238855551928
AILarvaLD50= 0.383758241683245
AIKOW= 4.42544283624738
AIKOC= 25.3550136182457
AIHalfLife= 11.2171237869188
EAppRate= 0.622157045640051
