ICQueenStrength= 1.30561768542975
RQWkrDrnRatio= 3.49141880869865
