ICQueenStrength= 3.32182959094644
RQWkrDrnRatio= 3.57808283809572
ICDroneMiteSurvivorship= 80.120105179958
ICWorkerMiteSurvivorship= 7.19344492536038
ICForagerLifespan= 10.4120285157114
ImmType= Tangent
AIAdultSlope= 0.27694097542204
AIAdultLD50= 0.196111501893029
AIAdultSlopeContact= 2.3103043666156
AIAdultLD50Contact= 0.0391553987632506
AILarvaSlope= 1.98769550453871
AILarvaLD50= 0.482780786161311
AIKOW= 6.64301676210016
AIKOC= 7.02160419430584
AIHalfLife= 0.360127968015149
EAppRate= 0.526679823244922
