ICQueenStrength= 1.58414540020749
RQWkrDrnRatio= 2.21088159643114
ICDroneMiteSurvivorship= 48.7328293267637
ICWorkerMiteSurvivorship= 92.1385908965021
ICForagerLifespan= 13.5206984989345
ImmType= Polynomial
AIAdultSlope= 3.19484791047871
AIAdultLD50= 0.147809288697317
AIAdultSlopeContact= 3.45037284435472
AIAdultLD50Contact= 0.00825507786357775
AILarvaSlope= 3.31534884851426
AILarvaLD50= 0.88812839537859
AIKOW= 5.35632448690012
AIKOC= 10.1773138984572
AIHalfLife= 4.72737291245721
EAppRate= 0.489465367677621
