ICQueenStrength= 3.7396560984198
RQWkrDrnRatio= 1.12562261242419
ICDroneMiteSurvivorship= 82.7038690214977
ICWorkerMiteSurvivorship= 94.7925934335217
ICForagerLifespan= 7.11001122184098
ImmType= Polynomial
AIAdultSlope= 3.17522227773443
AIAdultLD50= 2.00147485826164
AIAdultSlopeContact= 1.70653571393341
AIAdultLD50Contact= 0.0455951077630743
AILarvaSlope= 2.7396982579492
AILarvaLD50= 0.317123818863183
AIKOW= 4.00432905834168
AIKOC= 14.2426550225355
AIHalfLife= 1.74687275104225
EAppRate= 0.559747978113592
