ICQueenStrength= 5.37522408086807
RQWkrDrnRatio= 1.62311387434602
ICDroneMiteSurvivorship= 42.9786817636341
ICWorkerMiteSurvivorship= 91.6288713924587
ICForagerLifespan= 10.8460049023852
ImmType= Exponential
AIAdultSlope= 1.8419572716183
AIAdultLD50= 0.245574102154933
AIAdultSlopeContact= 0.965379747434054
AIAdultLD50Contact= 0.012267768685706
AILarvaSlope= 0.979396549798548
AILarvaLD50= 0.234170183865353
AIKOW= 7.23844957957044
AIKOC= 5.63463235273957
AIHalfLife= 0.390277121914551
EAppRate= 0.512080920673907
