ICQueenStrength= 4.20304029621184
RQWkrDrnRatio= 4.3340016650036
ICDroneMiteSurvivorship= 4.00557813700289
ICWorkerMiteSurvivorship= 15.6294539570808
ICForagerLifespan= 14.1943914210424
ImmType= Cosine
AIAdultSlopeContact= 2.03758094925433
AIAdultLD50Contact= 0.144017382757738
AILarvaSlope= 0.487835693638772
AILarvaLD50= 1.08388093300164
AIKOW= 62.8964597126469
AIKOC= 18.514490686357
AIHalfLife= 1.0657509341836
