ICQueenStrength= 5.90630304440856
RQWkrDrnRatio= 2.03706361260265
ICDroneMiteSurvivorship= 83.0760632874444
ICWorkerMiteSurvivorship= 53.3648865763098
ICForagerLifespan= 6.27353601250798
ImmType= Polynomial
AIAdultSlope= 3.1012790202722
AIAdultLD50= 0.455206125625409
AIAdultSlopeContact= 1.68199510186678
AIAdultLD50Contact= 0.0288580659893341
AILarvaSlope= 0.147549914987758
AILarvaLD50= 0.775031359749846
AIKOW= 4.56410215562209
AIKOC= 13.8726885325741
AIHalfLife= 3.16055917413905
EAppRate= 0.526236097281799
