ICQueenStrength= 4.14405788318254
RQWkrDrnRatio= 3.32754705101252
ICDroneMiteSurvivorship= 66.332117212005
ICWorkerMiteSurvivorship= 66.1046495195478
ICForagerLifespan= 10.1276163840666
ImmType= Polynomial
AIAdultSlope= 2.86524357237155
AIAdultLD50= 0.320207334822044
AIAdultSlopeContact= 1.72379937004298
AIAdultLD50Contact= 0.0328438093420118
AILarvaSlope= 2.18581773075275
AILarvaLD50= 0.0968292344827205
AIKOW= 2.74880601465702
AIKOC= 23.4503180498723
AIHalfLife= 3.53775999159552
EAppRate= 0.00586228126194328
