ICQueenStrength= 3.61555663309991
RQWkrDrnRatio= 2.3662932375446
ICDroneMiteSurvivorship= 81.6939495503902
ICWorkerMiteSurvivorship= 81.5152239520103
ICForagerLifespan= 6.94149158056825
ImmType= Tangent
AIAdultSlope= 5.84778960095719
AIAdultLD50= 0.84725188347511
AIAdultSlopeContact= 7.25037186639383
AIAdultLD50Contact= 0.0916308974847198
AILarvaSlope= 8.60250024357811
AILarvaLD50= 0.769350915681571
AIKOW= 70.5043124035001
AIKOC= 90.3543297667056
AIHalfLife= 1.88946008170024
EAppRate= 0.437308624386787
