ICQueenStrength= 2.04667449486442
RQWkrDrnRatio= 1.97024454455823
ICDroneMiteSurvivorship= 1.49891104083508
ICWorkerMiteSurvivorship= 23.6893350724131
ICForagerLifespan= 6.15264819841832
ImmType= Cosine
AIAdultSlope= 3.33416455141269
AIAdultLD50= 1.33829944278114
AIAdultSlopeContact= 0.837108482534532
AIAdultLD50Contact= 0.0395756515208632
AILarvaSlope= 2.32824329612777
AILarvaLD50= 0.0923737274017185
AIKOW= 4.12186777545139
AIKOC= 13.2214861642569
AIHalfLife= 2.87489356473088
EAppRate= 0.265507143689319
