ICQueenStrength= 4.82561443955638
RQWkrDrnRatio= 2.62319613434374
ICDroneMiteSurvivorship= 21.5815652161837
ICWorkerMiteSurvivorship= 49.1704268148169
ICForagerLifespan= 8.03108180593699
ImmType= Exponential
AIAdultSlopeContact= 1.57087470167549
AIAdultLD50Contact= 0.0172685754485428
AILarvaSlope= 0.57866240395233
AILarvaLD50= 0.0711246389430016
AIKOW= 3.61554830987006
AIKOC= 7.012984798057
AIHalfLife= 9.71757600642741
