ICQueenStrength= 4.92509833327495
RQWkrDrnRatio= 3.52989510539919
ICDroneMiteSurvivorship= 30.4443657165393
ICWorkerMiteSurvivorship= 68.6268354998901
ICForagerLifespan= 7.68708048388362
ImmType= Cosine
AIAdultSlope= 2.42653497511055
AIAdultLD50= 0.190435154363513
AIAdultSlopeContact= 1.14313590406906
AIAdultLD50Contact= 0.0290252130827867
AILarvaSlope= 1.25486954152584
AILarvaLD50= 0.200223522121087
AIKOW= 2.97725998796523
AIKOC= 19.5774707489181
AIHalfLife= 4.2585927376058
EAppRate= 0.678987135202624
