ICQueenStrength= 1.34318852587603
RQWkrDrnRatio= 2.60849927179515
ICDroneMiteSurvivorship= 89.0025984728709
ICWorkerMiteSurvivorship= 62.4700542073697
ICForagerLifespan= 6.38926193770021
ImmType= Tangent
AIAdultSlope= 0.0248791919089854
AIAdultLD50= 1.68001018837094
AIAdultSlopeContact= 3.36747397441417
AIAdultLD50Contact= 0.0206073081819341
AILarvaSlope= 3.25253182416782
AILarvaLD50= 0.809681212040596
AIKOW= 7.87111587962136
AIKOC= 17.2178540215828
AIHalfLife= 3.64504897641018
EAppRate= 0.0801260797306895
