ICQueenStrength= 4.27652223990299
RQWkrDrnRatio= 2.58508286625147
ICDroneMiteSurvivorship= 40.8291402971372
ICWorkerMiteSurvivorship= 55.5942106293514
ICForagerLifespan= 10.716379580088
ImmType= Logarithmic
AIAdultSlope= 1.98492572661722
AIAdultLD50= 0.0896204214077443
AIAdultSlopeContact= 0.00759921200573444
AIAdultLD50Contact= 0.0487010261858813
AILarvaSlope= 1.4047741276212
AILarvaLD50= 0.887059968011454
AIKOW= 6.82810737146065
AIKOC= 22.1767300460488
AIHalfLife= 1.78013447206467
EAppRate= 0.408596959360875
