ICQueenStrength= 3.75754036963917
RQWkrDrnRatio= 3.49120692908764
ICDroneMiteSurvivorship= 66.6060336166993
ICWorkerMiteSurvivorship= 50.765687529929
ICForagerLifespan= 4.55731249041855
ImmType= Polynomial
AIAdultSlope= 3.25796885586809
AIAdultLD50= 0.3539932804415
AIAdultSlopeContact= 0.340084203486331
AIAdultLD50Contact= 0.00409820881905034
AILarvaSlope= 2.05541582615115
AILarvaLD50= 0.0705263822805137
AIKOW= 2.57210074085742
AIKOC= 16.8972470983863
AIHalfLife= 0.217005349695683
EAppRate= 0
