ICQueenStrength= 2.18455425137654
RQWkrDrnRatio= 1.99078247416764
ICDroneMiteSurvivorship= 24.7405980015174
ICWorkerMiteSurvivorship= 71.7396795749664
ICForagerLifespan= 13.7221442172304
ImmType= Sine
AIAdultSlopeContact= 1.02342298069736
AIAdultLD50Contact= 0.0415183289325796
AILarvaSlope= 1.88235689513385
AILarvaLD50= 0.847081841505133
AIKOW= 3.89203988667578
AIKOC= 26.994561504107
AIHalfLife= 8.31255049165338
