ICQueenStrength= 2.7403361434117
RQWkrDrnRatio= 1.71679860912263
ICDroneMiteSurvivorship= 38.3684587664902
ICWorkerMiteSurvivorship= 91.7680848389864
ICForagerLifespan= 8.47504692617804
ImmType= Exponential
AIAdultSlope= 1.70266683702357
AIAdultLD50= 2.02728055603802
AIAdultSlopeContact= 1.99916391209699
AIAdultLD50Contact= 0.0200278745731339
AILarvaSlope= 0.127531819650903
AILarvaLD50= 0.333947520400397
AIKOW= 3.08270057477057
AIKOC= 10.1227522781119
AIHalfLife= 13.06268008193
EAppRate= 0.829703286290169
