ICQueenStrength= 2.134483742062
RQWkrDrnRatio= 2.09977173432708
ICDroneMiteSurvivorship= 71.0043624974787
ICWorkerMiteSurvivorship= 16.3140390301123
ICForagerLifespan= 4.62598038837314
ImmType= Exponential
AIAdultSlope= 1.61685100845061
AIAdultLD50= 1.63780337339267
AIAdultSlopeContact= 1.44477690711385
AIAdultLD50Contact= 0.00858173343585804
AILarvaSlope= 0.205163219105452
AILarvaLD50= 0.457050971779972
AIKOW= 5.9963161777705
AIKOC= 10.9489894134458
AIHalfLife= 9.7685559457168
EAppRate= 0.988609190098941
