ICQueenStrength= 2.02788928779773
RQWkrDrnRatio= 1.76291232742369
ICDroneMiteSurvivorship= 99.3900652509183
ICWorkerMiteSurvivorship= 41.6061940137297
ICForagerLifespan= 12.8529533641413
ImmType= Logarithmic
AIAdultSlope= 3.12495945264352
AIAdultLD50= 0.17542272771243
AIAdultSlopeContact= 1.65762950377772
AIAdultLD50Contact= 0.0275997479096986
AILarvaSlope= 1.89468668331392
AILarvaLD50= 0.546285860426724
AIKOW= 3.5616140095517
AIKOC= 11.2505181180313
AIHalfLife= 3.37569972150959
EAppRate= 0.374737822310999
