ICQueenStrength= 5.62369456072338
RQWkrDrnRatio= 3.28448766283691
ICDroneMiteSurvivorship= 84.2117520514876
ICWorkerMiteSurvivorship= 96.6829380020499
ICForagerLifespan= 9.26821166556329
ImmType= Cosine
AIAdultSlope= 3.27559309016448
AIAdultLD50= 0.258009129669517
AIAdultSlopeContact= 1.60942126144655
AIAdultLD50Contact= 0.0488783095381223
AILarvaSlope= 1.55824197172187
AILarvaLD50= 0.796846975805238
AIKOW= 3.80186272738501
AIKOC= 22.2692537133116
AIHalfLife= 2.78027862659656
EAppRate= 0.63766556403134
