ICQueenStrength= 4.51033940096386
RQWkrDrnRatio= 4.92138893529773
ICDroneMiteSurvivorship= 73.0400043539703
ICWorkerMiteSurvivorship= 27.8357177739963
ICForagerLifespan= 5.19257506262511
ImmType= Sine
AIAdultSlope= 2.85430525413249
AIAdultLD50= 0.130717632710002
AIAdultSlopeContact= 1.53590701839421
AIAdultLD50Contact= 0.0109970268793404
AILarvaSlope= 0.370990497712046
AILarvaLD50= 0.5695944204228
AIKOW= 4.80875014606863
AIKOC= 18.0353341461159
AIHalfLife= 1.97692986112088
EAppRate= 0.54124027506914
