ICQueenStrength= 3.07458149269223
RQWkrDrnRatio= 3.32935498468578
