ICQueenStrength= 3.6060908974614
RQWkrDrnRatio= 3.89649212919176
ICDroneMiteSurvivorship= 52.0768529968336
ICWorkerMiteSurvivorship= 36.6691806120798
ICForagerLifespan= 5.47574818972498
ImmType= Sine
AIAdultSlope= 2.67931165781803
AIAdultLD50= 0.0993364313617349
AIAdultSlopeContact= 0.120713262849022
AIAdultLD50Contact= 0.0351356463623233
AILarvaSlope= 1.65272525236942
AILarvaLD50= 0.210667980532162
AIKOW= 3.97466172836721
AIKOC= 6.04101212928072
AIHalfLife= 2.31681926641613
EAppRate= 0.247327082790434
