ICQueenStrength= 3.17067535850219
RQWkrDrnRatio= 3.57224336173385
ICDroneMiteSurvivorship= 34.6965986769646
ICWorkerMiteSurvivorship= 10.1835874142125
ICForagerLifespan= 7.99283352214843
ImmType= Tangent
AIAdultSlope= 0.378594526974484
AIAdultLD50= 2.4945246137213
AIAdultSlopeContact= 1.72837812941289
AIAdultLD50Contact= 0.0297654264606535
AILarvaSlope= 2.61761416955851
AILarvaLD50= 0.79685296677053
AIKOW= 2.1306793326512
AIKOC= 9.94857600424439
AIHalfLife= 9.1523191826418
EAppRate= 0.239627999952063
