ICQueenStrength= 3.69723045872524
RQWkrDrnRatio= 3.77957333531231
ICDroneMiteSurvivorship= 14.3121716566384
ICWorkerMiteSurvivorship= 26.4226428233087
ICForagerLifespan= 6.87541007529944
ImmType= Exponential
AIAdultSlope= 1.08492094944231
AIAdultLD50= 1.73120699054562
AIAdultSlopeContact= 2.28114920491353
AIAdultLD50Contact= 0.0214245168725029
AILarvaSlope= 0.240334986802191
AILarvaLD50= 0.288348410837352
AIKOW= 7.48545795865357
AIKOC= 20.6919757078867
AIHalfLife= 12.5274493992329
EAppRate= 0.21354192844592
