ICQueenStrength= 2.8672380107455
RQWkrDrnRatio= 3.18563750945032
ICDroneMiteSurvivorship= 42.4881833139807
ICWorkerMiteSurvivorship= 68.3873269706964
ICForagerLifespan= 7.42449951078743
ImmType= Tangent
AIAdultSlope= 2.3924085221719
AIAdultLD50= 0.163537194952369
AIAdultSlopeContact= 0.930280490959995
AIAdultLD50Contact= 0.0347721060621552
AILarvaSlope= 0.616654316987842
AILarvaLD50= 0.180395605252124
AIKOW= 6.28276623506099
AIKOC= 12.519833475817
AIHalfLife= 10.9283345392905
EAppRate= 0.583397271577269
