ICQueenStrength= 5.724929187214
RQWkrDrnRatio= 2.20985649432987
ICDroneMiteSurvivorship= 99.8139997478575
ICWorkerMiteSurvivorship= 31.2957589747384
ICForagerLifespan= 10.2707283701748
ImmType= Exponential
AIAdultSlope= 2.24971784977242
AIAdultLD50= 0.33602534327656
AIAdultSlopeContact= 3.5817516136542
AIAdultLD50Contact= 0.0119324684725143
AILarvaSlope= 0.477437738003209
AILarvaLD50= 0.59263809195254
AIKOW= 4.69708527810872
AIKOC= 25.0060880393721
AIHalfLife= 3.48503256589174
EAppRate= 0.864073135191575
