ICQueenStrength= 1.1297360919416
RQWkrDrnRatio= 3.03124015312642
