ICQueenStrength= 3.18391194706783
RQWkrDrnRatio= 2.7800830649212
ICDroneMiteSurvivorship= 90.1346192229539
ICWorkerMiteSurvivorship= 99.7746850596741
ICForagerLifespan= 13.5178114976734
ImmType= Cosine
AIAdultSlope= 0.524771524686366
AIAdultLD50= 0.41499739093706
AIAdultSlopeContact= 2.65831836030353
AIAdultLD50Contact= 0.0107759740320034
AILarvaSlope= 3.34383302177303
AILarvaLD50= 0.239295688737184
AIKOW= 7.58701428771019
AIKOC= 28.0776200303808
AIHalfLife= 1.54371180804446
EAppRate= 0.0645301706390455
