ICQueenStrength= 4.07388366665691
RQWkrDrnRatio= 1.02729560248554
ICDroneMiteSurvivorship= 16.4881181903183
ICWorkerMiteSurvivorship= 80.0086785340682
ICForagerLifespan= 11.401177492924
ImmType= Logarithmic
AIAdultSlopeContact= 0.464926248716656
AIAdultLD50Contact= 0.0025165414554067
AILarvaSlope= 0.449042394477874
AILarvaLD50= 0.808190648979507
AIKOW= 4.47212604852393
AIKOC= 28.777261399664
AIHalfLife= 2.73268020804971
