ICQueenStrength= 5.75212416495197
RQWkrDrnRatio= 4.00590822380036
ICDroneMiteSurvivorship= 8.5945327533409
ICWorkerMiteSurvivorship= 77.391435415484
ICForagerLifespan= 4.57971874810755
ImmType= Tangent
AIAdultSlope= 0.393865174264647
AIAdultLD50= 0.106769232777879
AIAdultSlopeContact= 1.2482295278809
AIAdultLD50Contact= 0.00445790854282677
AILarvaSlope= 2.53157103243284
AILarvaLD50= 0.860035426612012
AIKOW= 4.45762007543817
AIKOC= 8.0700872419402
AIHalfLife= 4.43858529557474
EAppRate= 0.133026007236913
