ICQueenStrength= 4.21928647230379
RQWkrDrnRatio= 1.16558399517089
ICDroneMiteSurvivorship= 31.1445020837709
ICWorkerMiteSurvivorship= 47.5300773978233
ICForagerLifespan= 12.4355685273185
ImmType= Cosine
AIAdultSlopeContact= 9.94965555844828
AIAdultLD50Contact= 0.154415914323181
AILarvaSlope= 0.389717139769346
AILarvaLD50= 1.18006774038076
AIKOW= 0.409178878180683
AIKOC= 35.8517932472751
AIHalfLife= 4.53267163550481
