ICQueenStrength= 2.88320770277642
RQWkrDrnRatio= 1.75969574134797
ICDroneMiteSurvivorship= 45.8809806965292
ICWorkerMiteSurvivorship= 21.7072301078588
ICForagerLifespan= 8.64419120643288
ImmType= Logarithmic
AIAdultLD50= 0.154012839635834
AIAdultSlopeContact= 2.16591323071858
AIAdultLD50Contact= 0.0243051441386342
AILarvaSlope= 0.271079973038286
AILarvaLD50= 0.438930067420006
AIKOW= 6.27225490519777
AIKOC= 29.2607349995524
AIHalfLife= 10.6214466937818
EAppRate= 0.591709740459919
