ICQueenStrength= 5.57148230401799
RQWkrDrnRatio= 1.43051499500871
ICDroneMiteSurvivorship= 25.6223898613825
ICWorkerMiteSurvivorship= 7.36525221727788
ICForagerLifespan= 4.59392435848713
ImmType= Cosine
AIAdultSlopeContact= 1.57284256693907
AIAdultLD50Contact= 0.0484632132924162
AILarvaSlope= 1.36175311240368
AILarvaLD50= 0.736422759108245
AIKOW= 5.55924069974571
AIKOC= 18.2828935631551
AIHalfLife= 1.96673460397869
