ICQueenStrength= 4.41483644791879
RQWkrDrnRatio= 1.80298793502152
ICDroneMiteSurvivorship= 42.7154652075842
ICWorkerMiteSurvivorship= 6.58020202536136
ICForagerLifespan= 12.1797151910141
ImmType= Sine
AIAdultLD50= 0.154012839635834
AIAdultSlopeContact= 1.15926872266224
AIAdultLD50Contact= 0.00587218091823161
AILarvaSlope= 0.879186297999695
AILarvaLD50= 0.254451843956485
AIKOW= 5.49638105835766
AIKOC= 5.42014349601232
AIHalfLife= 7.71398506732658
EAppRate= 0.820032829418778
