ICQueenStrength= 3.43417265592143
RQWkrDrnRatio= 2.20847165491432
ICDroneMiteSurvivorship= 89.9859013268724
ICWorkerMiteSurvivorship= 58.534214599058
ICForagerLifespan= 4.59578319918364
ImmType= Exponential
AIAdultSlope= 3.45968063115142
AIAdultLD50= 0.110144041711465
AIAdultSlopeContact= 3.33154678736581
AIAdultLD50Contact= 0.0371633381233551
AILarvaSlope= 2.81095630293712
AILarvaLD50= 0.492680829274468
AIKOW= 5.768328465987
AIKOC= 22.1174703980796
AIHalfLife= 3.18164347670972
EAppRate= 0
