ICQueenStrength= 3.71699722972699
RQWkrDrnRatio= 2.05838220287114
ICDroneMiteSurvivorship= 88.9538306277245
ICWorkerMiteSurvivorship= 52.8258601436391
ICForagerLifespan= 4.44216980598867
ImmType= Tangent
AIAdultSlope= 0.164409456728026
AIAdultLD50= 1.8224865985103
AIAdultSlopeContact= 1.10442149770679
AIAdultLD50Contact= 0.0315366822178476
AILarvaSlope= 0.65860140058212
AILarvaLD50= 0.000175274396315217
AIKOW= 2.10732163814828
AIKOC= 6.21092552435584
AIHalfLife= 3.31517054047436
EAppRate= 0.532430768711492
