ICQueenStrength= 4.60306172049604
RQWkrDrnRatio= 3.7977055516094
ICDroneMiteSurvivorship= 64.8491920204833
ICWorkerMiteSurvivorship= 16.9168142369017
ICForagerLifespan= 15.1473919376731
ImmType= Tangent
AIAdultSlopeContact= 0.775639102254063
AIAdultLD50Contact= 0.0353120640967973
AILarvaSlope= 3.30504037216306
AILarvaLD50= 0.735241670161486
AIKOW= 7.53227271093056
AIKOC= 12.8198714589234
AIHalfLife= 5.4318826245144
