ICQueenStrength= 4.51402173750103
RQWkrDrnRatio= 1.02162140980363
ICDroneMiteSurvivorship= 80.7530388701707
ICWorkerMiteSurvivorship= 74.0514533827081
ICForagerLifespan= 11.3717270726338
ImmType= Tangent
AIAdultSlope= 2.29532117000781
AIAdultLD50= 2.27207268867642
AIAdultSlopeContact= 2.37965264435392
AIAdultLD50Contact= 0.0155865496490151
AILarvaSlope= 2.44547996404581
AILarvaLD50= 0.234822704759426
AIKOW= 7.85400307876989
AIKOC= 18.2173034071457
AIHalfLife= 7.0890140957199
EAppRate= 0.788837650325149
