ICQueenStrength= 2.77406978560612
RQWkrDrnRatio= 3.11402372922748
ICDroneMiteSurvivorship= 36.1004033824429
ICWorkerMiteSurvivorship= 37.9317871062085
ICForagerLifespan= 10.7764812400565
ImmType= Exponential
AIAdultSlopeContact= 0.88465967876371
AIAdultLD50Contact= 0.00331117936875671
AILarvaSlope= 3.1608551544603
AILarvaLD50= 0.149447807623073
AIKOW= 5.14484171336517
AIKOC= 13.7762120005209
AIHalfLife= 12.1073418310843
