ICQueenStrength= 5.2808017169591
RQWkrDrnRatio= 4.75990268029273
ICDroneMiteSurvivorship= 47.8146474109963
ICWorkerMiteSurvivorship= 53.7865253398195
ICForagerLifespan= 6.51911521144211
ImmType= Exponential
AIAdultSlope= 2.21050808466971
AIAdultLD50= 0.935874202754349
AIAdultSlopeContact= 3.1758644851693
AIAdultLD50Contact= 0.00093919470673427
AILarvaSlope= 3.16301495619118
AILarvaLD50= 0.436032608826645
AIKOW= 3.27666058717296
AIKOC= 7.52198685193434
AIHalfLife= 9.54095006827265
EAppRate= 0.848035539267585
