ICQueenStrength= 3.7156968053896
RQWkrDrnRatio= 3.28962441161275
ICDroneMiteSurvivorship= 6.41710425261408
ICWorkerMiteSurvivorship= 79.1915023233742
ICForagerLifespan= 8.58577675931156
ImmType= Logarithmic
AIAdultSlope= 2.3898653740529
AIAdultLD50= 1.80114861787297
AIAdultSlopeContact= 1.60550434107659
AIAdultLD50Contact= 0.00685325308004394
AILarvaSlope= 1.66037005661055
AILarvaLD50= 0.597114445874467
AIKOW= 3.17373457271606
AIKOC= 18.5774909518659
AIHalfLife= 11.2311693034135
EAppRate= 0.206888169515878
