ICQueenStrength= 1.70455694291741
RQWkrDrnRatio= 2.20598801597953
