ICQueenStrength= 5.03872147668153
RQWkrDrnRatio= 4.80260007269681
ICDroneMiteSurvivorship= 10.1169899804518
ICWorkerMiteSurvivorship= 94.5518056396395
ICForagerLifespan= 12.3671268792823
ImmType= Cosine
AIAdultSlope= 1.84384076460265
AIAdultLD50= 2.38449494400993
AIAdultSlopeContact= 3.79735693321098
AIAdultLD50Contact= 0.0287352237617597
AILarvaSlope= 2.36862554214895
AILarvaLD50= 0.787438203161582
AIKOW= 2.12366163451225
AIKOC= 11.2830564507749
AIHalfLife= 0.612609757576138
EAppRate= 0.156527499202639
