ICQueenStrength= 5.84179204679094
RQWkrDrnRatio= 1.97246721852571
ICDroneMiteSurvivorship= 40.3412288054824
ICWorkerMiteSurvivorship= 28.6604616325349
ICForagerLifespan= 6.72553045395762
ImmType= Sine
AIAdultSlopeContact= 0.139438462774269
AIAdultLD50Contact= 0.0196540648234077
AILarvaSlope= 2.28593380381353
AILarvaLD50= 0.876996512780897
AIKOW= 6.66145837120712
AIKOC= 7.60218690382317
AIHalfLife= 1.21205810131505
