ICQueenStrength= 5.51173962792382
RQWkrDrnRatio= 4.23999049328268
ICDroneMiteSurvivorship= 11.015918222256
ICWorkerMiteSurvivorship= 85.5262761004269
ICForagerLifespan= 8.14312928821892
ImmType= Cosine
AIAdultSlope= 2.66570637460565
AIAdultLD50= 0.0540422662161291
AIAdultSlopeContact= 2.49510814846493
AIAdultLD50Contact= 0.00812602178193629
AILarvaSlope= 2.14072332829237
AILarvaLD50= 0.478935596044175
AIKOW= 2.7454129755497
AIKOC= 15.1235861657187
AIHalfLife= 3.13491693232208
EAppRate= 0.44101688626688
