ICQueenStrength= 4.27278383774683
RQWkrDrnRatio= 3.02740635536611
ICDroneMiteSurvivorship= 59.5191978383809
ICWorkerMiteSurvivorship= 63.4870648849756
ICForagerLifespan= 9.10148244071752
ImmType= Exponential
AIAdultSlope= 2.3935416876222
AIAdultLD50= 0.0385052029741928
AIAdultSlopeContact= 1.03746910986956
AIAdultLD50Contact= 0.0185442960704677
AILarvaSlope= 2.05718965171836
AILarvaLD50= 0.820804098132066
AIKOW= 3.92118400568143
AIKOC= 24.3746272998396
AIHalfLife= 3.05683205020614
EAppRate= 0.359060413623229
