ICQueenStrength= 2.46987882442772
RQWkrDrnRatio= 4.59496677108109
ICDroneMiteSurvivorship= 44.2413188284263
ICWorkerMiteSurvivorship= 6.46063750609756
ICForagerLifespan= 9.07754309941083
ImmType= Sine
AIAdultSlopeContact= 0.269442067479249
AIAdultLD50Contact= 0.0215603247750551
AILarvaSlope= 0.0770422299858183
AILarvaLD50= 0.586041104374453
AIKOW= 5.88024233933538
AIKOC= 16.3470983982552
AIHalfLife= 9.91785371815786
