ICQueenStrength= 3.47839422896504
RQWkrDrnRatio= 3.46190315950662
ICDroneMiteSurvivorship= 67.0346670318395
ICWorkerMiteSurvivorship= 84.1356369666755
ICForagerLifespan= 10.0781006459147
ImmType= Exponential
AIAdultSlope= 3.23046829258092
AIAdultLD50= 0.374330403399654
AIAdultSlopeContact= 0.974529473825824
AIAdultLD50Contact= 0.0366439494420774
AILarvaSlope= 2.00033595850691
AILarvaLD50= 0.175256087933667
AIKOW= 5.28002852061763
AIKOC= 29.618579010712
AIHalfLife= 3.40318557340652
EAppRate= 0.588619191199541
