ICQueenStrength= 3.95307470718399
RQWkrDrnRatio= 2.48521513491869
ICDroneMiteSurvivorship= 91.9068241491914
ICWorkerMiteSurvivorship= 87.8154546255246
ICForagerLifespan= 6.69782255869359
ImmType= Polynomial
AIAdultSlope= 2.792826321912
AIAdultLD50= 0.321526860818267
AIAdultSlopeContact= 3.51174092411064
AIAdultLD50Contact= 0.0346697489614598
AILarvaSlope= 3.23417296442203
AILarvaLD50= 0.245378321455792
AIKOW= 5.97134927660227
AIKOC= 9.01658882037736
AIHalfLife= 0.695611331611872
EAppRate= 0
