ICQueenStrength= 4.83037812891416
RQWkrDrnRatio= 4.81907394435257
ICDroneMiteSurvivorship= 76.9648038782179
ICWorkerMiteSurvivorship= 75.9161015972495
ICForagerLifespan= 13.8491987287998
ImmType= Exponential
AIAdultSlope= 4.61489785462618
