ICQueenStrength= 4.95821337704547
RQWkrDrnRatio= 3.12334116734564
ICDroneMiteSurvivorship= 93.1295649381354
ICWorkerMiteSurvivorship= 89.5445148693398
ICForagerLifespan= 7.45429005473852
ImmType= Cosine
AIAdultSlope= 1.63059945921414
AIAdultLD50= 0.599103139014915
AIAdultSlopeContact= 1.60280753715662
AIAdultLD50Contact= 0.0254155691014603
AILarvaSlope= 1.27882057307288
AILarvaLD50= 0.26404470812995
AIKOW= 2.05571418209001
AIKOC= 15.0937121722382
AIHalfLife= 2.08122471813112
EAppRate= 0.64874246227555
