ICQueenStrength= 4.88394513749518
RQWkrDrnRatio= 2.10574360843748
ICDroneMiteSurvivorship= 28.4138583112508
ICWorkerMiteSurvivorship= 5.2843889920041
ICForagerLifespan= 6.24511259887367
ImmType= Sine
AIAdultSlope= 2.62880299740471
AIAdultLD50= 0.312093261629343
AIAdultSlopeContact= 2.90632781605935
AIAdultLD50Contact= 0.00243046071846038
AILarvaSlope= 0.581225759861991
AILarvaLD50= 0.506432616733946
AIKOW= 7.33846013899893
AIKOC= 14.8824981832877
AIHalfLife= 4.78651067125611
EAppRate= 0
