ICQueenStrength= 2.07202792889439
RQWkrDrnRatio= 1.52276046294719
ICDroneMiteSurvivorship= 6.75971216987818
ICWorkerMiteSurvivorship= 48.4637392451987
ICForagerLifespan= 13.047642307356
ImmType= Sine
AIAdultSlope= 1.16139214369468
AIAdultSlopeContact= 1.16118370500393
AIAdultLD50Contact= 0.0266201037215069
AILarvaSlope= 2.3372367145028
AILarvaLD50= 0.182214229926467
AIKOW= 4.91422266932204
AIKOC= 27.6550989667885
AIHalfLife= 3.70896813040599
