ICQueenStrength= 3.80195828992873
RQWkrDrnRatio= 4.27380090765655
ICDroneMiteSurvivorship= 38.6473327875137
ICWorkerMiteSurvivorship= 74.5002022478729
ICForagerLifespan= 9.67448514699936
ImmType= Cosine
AIAdultSlope= 1.29146243929863
AIAdultLD50= 1.90044455439784
AIAdultSlopeContact= 3.50537910238607
AIAdultLD50Contact= 0.0123445100500248
AILarvaSlope= 2.90789085896686
AILarvaLD50= 0.237881692266092
AIKOW= 5.04684033244848
AIKOC= 7.56232331739739
AIHalfLife= 5.89247633330524
EAppRate= 0.276275987969711
