ICQueenStrength= 4.87026863056235
RQWkrDrnRatio= 2.53213822003454
ICDroneMiteSurvivorship= 78.7474543321878
ICWorkerMiteSurvivorship= 63.2541777566075
ICForagerLifespan= 9.73898301739246
ImmType= Polynomial
AIAdultSlopeContact= 1.79961593442829
AIAdultLD50Contact= 0.0224102503154427
AILarvaSlope= 2.91699341856875
AILarvaLD50= 0.0964659889927134
AIKOW= 7.10071625793353
AIKOC= 11.118502485333
AIHalfLife= 11.0303936670534
