ICQueenStrength= 3.53145779017359
RQWkrDrnRatio= 3.81918582320213
ICDroneMiteSurvivorship= 41.915991040878
ICWorkerMiteSurvivorship= 95.8722594194114
ICForagerLifespan= 14.070205213502
ImmType= Tangent
AIAdultSlopeContact= 2.74634705209639
AIAdultLD50Contact= 0.0456842693500221
AILarvaSlope= 2.43162283753045
AILarvaLD50= 0.607112680259161
AIKOW= 6.75020003598183
AIKOC= 15.4342492064461
AIHalfLife= 9.37152330111712
