ICQueenStrength= 1.192466188455
RQWkrDrnRatio= 4.51720103807747
ICDroneMiteSurvivorship= 39.8922010092065
ICWorkerMiteSurvivorship= 81.9305054610595
ICForagerLifespan= 8.33794444892555
ImmType= Cosine
AIAdultSlope= 0.41936772451736
AIAdultLD50= 2.36147026671097
AIAdultSlopeContact= 2.8644663625164
AIAdultLD50Contact= 0.0130334807327017
AILarvaSlope= 0.903831898234785
AILarvaLD50= 0.0415832427330315
AIKOW= 2.34189317142591
AIKOC= 25.4567922104616
AIHalfLife= 0.376340689137578
EAppRate= 0.1093139720615
