ICQueenStrength= 4.01263151341118
RQWkrDrnRatio= 1.53100064396858
ICDroneMiteSurvivorship= 9.22553176060319
ICWorkerMiteSurvivorship= 35.9607975231484
ICForagerLifespan= 14.1049511665478
ImmType= Polynomial
AIAdultSlope= 7.15618000598624
