ICQueenStrength= 2.53133843559772
RQWkrDrnRatio= 3.31183634139597
ICDroneMiteSurvivorship= 95.0290913460776
ICWorkerMiteSurvivorship= 43.5193846002221
ICForagerLifespan= 5.67209422402084
ImmType= Cosine
AIAdultSlopeContact= 0.361127639764454
AIAdultLD50Contact= 0.0462494636536576
AILarvaSlope= 2.45298679531552
AILarvaLD50= 0.49815490397159
AIKOW= 5.81559708854184
AIKOC= 29.8249650932848
AIHalfLife= 6.72422119649127
