ICQueenStrength= 5.71323620877229
RQWkrDrnRatio= 3.2628015242517
ICDroneMiteSurvivorship= 75.677172630094
ICWorkerMiteSurvivorship= 81.5886445576325
ICForagerLifespan= 12.1533140484244
ImmType= Logarithmic
AIAdultSlope= 1.21161821065471
AIAdultLD50= 0.234711073804647
AIAdultSlopeContact= 0.715581369586289
AIAdultLD50Contact= 0.18603218505159
AILarvaSlope= 6.10200193012133
AILarvaLD50= 1.36042963853106
AIKOW= 96.14312001504
AIKOC= 74.0938895381987
AIHalfLife= 7.73573592305183
EAppRate= 0.0644860053434968
