ICQueenStrength= 4.45859992899932
RQWkrDrnRatio= 2.120131412521
ICDroneMiteSurvivorship= 33.0949018942192
ICWorkerMiteSurvivorship= 35.9810552326962
ICForagerLifespan= 4.40060115419328
ImmType= Logarithmic
AIAdultSlope= 0.343318962305784
AIAdultLD50= 2.46060741646215
AIAdultSlopeContact= 2.00953867228003
AIAdultLD50Contact= 0.0156409201794304
AILarvaSlope= 0.737444543140009
AILarvaLD50= 0.813546421495266
AIKOW= 7.47563360957429
AIKOC= 11.9098909676541
AIHalfLife= 9.12598986504599
EAppRate= 0.227282656589523
