ICQueenStrength= 2.83142554713413
RQWkrDrnRatio= 1.93595743644983
ICDroneMiteSurvivorship= 11.903831269592
ICWorkerMiteSurvivorship= 15.7785782357678
ICForagerLifespan= 12.4241737769917
ImmType= Sine
AIAdultSlope= 2.70247234185226
AIAdultLD50= 2.22195098851807
AIAdultSlopeContact= 1.43001366780605
AIAdultLD50Contact= 0.044866639666725
AILarvaSlope= 0.00882312180474401
AILarvaLD50= 0.171025128895417
AIKOW= 7.95127160055563
AIKOC= 14.3096032214817
AIHalfLife= 8.35162204457447
EAppRate= 0.295476248953491
