ICQueenStrength= 4.55158614227548
RQWkrDrnRatio= 4.41545608732849
ICDroneMiteSurvivorship= 46.5502115897834
ICWorkerMiteSurvivorship= 8.8637747336179
ICForagerLifespan= 11.772541009821
ImmType= Tangent
AIAdultSlope= 1.55603500384139
AIAdultLD50= 0.433558149612509
AIAdultSlopeContact= 2.44770738042193
AIAdultLD50Contact= 0.0487220131675713
AILarvaSlope= 1.14801066536456
AILarvaLD50= 0.631044140341692
AIKOW= 5.24140841560438
AIKOC= 7.46915778843686
AIHalfLife= 1.38394120382145
EAppRate= 0
