ICQueenStrength= 2.46094824769534
RQWkrDrnRatio= 1.01935014966875
ICDroneMiteSurvivorship= 34.2106024269015
ICWorkerMiteSurvivorship= 77.9401611303911
ICForagerLifespan= 5.00990458671004
ImmType= Exponential
AIAdultLD50= 0.154012839635834
AIAdultSlopeContact= 1.93183966290671
AIAdultLD50Contact= 0.0391168115311302
AILarvaSlope= 2.6953088063281
AILarvaLD50= 0.641178307612427
AIKOW= 4.76828137179837
AIKOC= 14.8550355993211
AIHalfLife= 7.13347821263596
EAppRate= 1.38337967218831
