ICQueenStrength= 3.58969788090326
RQWkrDrnRatio= 2.18212568759918
ICDroneMiteSurvivorship= 56.9059926318005
ICWorkerMiteSurvivorship= 28.2456884393468
ICForagerLifespan= 5.31178129930049
ImmType= Logarithmic
AIAdultSlope= 0.0661310454388149
AIAdultLD50= 0.308795104618184
AIAdultSlopeContact= 1.5043187792832
AIAdultLD50Contact= 0.00542066295165569
AILarvaSlope= 1.49378180550411
AILarvaLD50= 0.369630709430203
AIKOW= 5.72557147964835
AIKOC= 25.5098007514607
AIHalfLife= 0.273503325879574
EAppRate= 0.222878681961447
