ICQueenStrength= 3.97844261629507
RQWkrDrnRatio= 2.83515985962003
ICDroneMiteSurvivorship= 90.9049357054755
ICWorkerMiteSurvivorship= 82.927158777602
ICForagerLifespan= 11.7637499831617
ImmType= Cosine
AIAdultSlopeContact= 6.1290170205757
AIAdultLD50Contact= 0.158919293945655
AILarvaSlope= 6.57128797611222
AILarvaLD50= 0.45495889056474
AIKOW= 98.7261552130803
AIKOC= 59.2104446608573
AIHalfLife= 5.63803306315094
