ICQueenStrength= 5.86360476235859
RQWkrDrnRatio= 2.76048980187625
ICDroneMiteSurvivorship= 50.3429272677749
ICWorkerMiteSurvivorship= 3.56014401186258
ICForagerLifespan= 7.39963210560381
ImmType= Cosine
AIAdultLD50= 0.154012839635834
AIAdultSlopeContact= 0.998694678819738
AIAdultLD50Contact= 0.00142177361994982
AILarvaSlope= 1.57139730835333
AILarvaLD50= 0.538755608908832
AIKOW= 5.90517910895869
AIKOC= 14.3936862132978
AIHalfLife= 8.63357368577272
EAppRate= 0.697724374942482
