ICQueenStrength= 3.98260371899232
RQWkrDrnRatio= 4.25166853144765
ICDroneMiteSurvivorship= 56.6666163271293
ICWorkerMiteSurvivorship= 16.5972479851916
ICForagerLifespan= 6.29097152501345
ImmType= Cosine
AIAdultSlope= 3.06590031533735
AIAdultLD50= 0.430685336235911
AIAdultSlopeContact= 3.01908496253891
AIAdultLD50Contact= 0.0392990884487517
AILarvaSlope= 3.29309832388535
AILarvaLD50= 0.0530482944566757
AIKOW= 3.40871577430516
AIKOC= 20.1067606580909
AIHalfLife= 0.395515377167612
EAppRate= 0.615842038136907
