ICQueenStrength= 5.29399829241447
RQWkrDrnRatio= 1.26016620080918
ICDroneMiteSurvivorship= 48.1161716859788
ICWorkerMiteSurvivorship= 58.9714132715017
ICForagerLifespan= 15.3821349088103
ImmType= Exponential
AIAdultSlopeContact= 1.86842725661583
AIAdultLD50Contact= 0.042825476906728
AILarvaSlope= 0.493285844475031
AILarvaLD50= 0.212944001052529
AIKOW= 6.96635984163731
AIKOC= 14.8224865272641
AIHalfLife= 8.65205550193787
