ICQueenStrength= 1.48119998769835
RQWkrDrnRatio= 3.76086124498397
ICDroneMiteSurvivorship= 28.0022057238966
ICWorkerMiteSurvivorship= 35.6555730337277
ICForagerLifespan= 9.77515615709126
ImmType= Logarithmic
AIAdultSlope= 3.26069435495418
AIAdultLD50= 0.00668541784398258
AIAdultSlopeContact= 3.45297839654842
AIAdultLD50Contact= 0.0352164002018981
AILarvaSlope= 0.794817263167351
AILarvaLD50= 0.783840651763603
AIKOW= 4.64411130780354
AIKOC= 7.0209310518112
AIHalfLife= 3.16898063290864
EAppRate= 0.431617976306006
