ICQueenStrength= 2.87805512687191
RQWkrDrnRatio= 1.66460085939616
ICDroneMiteSurvivorship= 68.1990557350218
ICWorkerMiteSurvivorship= 35.6997484108433
ICForagerLifespan= 4.51929378416389
ImmType= Logarithmic
AIAdultSlopeContact= 5.1342365401797
AIAdultLD50Contact= 0.0984706906136125
AILarvaSlope= 2.24413677118719
AILarvaLD50= 1.69282263098285
AIKOW= 73.1675469083712
AIKOC= 16.183621995151
AIHalfLife= 5.63957779482007
