ICQueenStrength= 3.2052079543937
RQWkrDrnRatio= 3.7354277567938
ICDroneMiteSurvivorship= 39.073558151722
ICWorkerMiteSurvivorship= 0.261828675866127
ICForagerLifespan= 14.9855289887637
ImmType= Sine
AIAdultSlope= 2.08834483742248
AIAdultLD50= 0.194751987350173
AIAdultSlopeContact= 3.5760605460126
AIAdultLD50Contact= 0.000351080275140703
AILarvaSlope= 1.82853555954061
AILarvaLD50= 0.101968913362361
AIKOW= 2.06318701757118
AIKOC= 13.4499869728461
AIHalfLife= 3.46968056983314
EAppRate= 0.249338271934539
