ICQueenStrength= 2.66964461910538
RQWkrDrnRatio= 2.44191539194435
ICDroneMiteSurvivorship= 83.395397150889
ICWorkerMiteSurvivorship= 46.3931564707309
ICForagerLifespan= 14.1346971830353
ImmType= Tangent
AIAdultSlope= 6.33621606044471
