ICQueenStrength= 3.70596711779945
RQWkrDrnRatio= 4.32111560646445
ICDroneMiteSurvivorship= 30.4876955458894
ICWorkerMiteSurvivorship= 83.1741489004344
ICForagerLifespan= 12.8563348446041
ImmType= Exponential
AIAdultSlope= 1.19459023674019
AIAdultLD50= 0.342568827909417
AIAdultSlopeContact= 0.471781281419098
AIAdultLD50Contact= 0.0173650315380655
AILarvaSlope= 2.25588442962617
AILarvaLD50= 0.337531411391683
AIKOW= 4.30021030455828
AIKOC= 16.4874938211869
AIHalfLife= 0.523410546593368
EAppRate= 0.026651598745957
