ICQueenStrength= 1.91404794482514
RQWkrDrnRatio= 4.94902370683849
ICDroneMiteSurvivorship= 8.64522205665708
ICWorkerMiteSurvivorship= 86.538039939478
ICForagerLifespan= 14.900273184292
ImmType= Exponential
AIAdultSlope= 1.54699068837799
AIAdultLD50= 1.39739478891715
AIAdultSlopeContact= 2.24299405416241
AIAdultLD50Contact= 0.0452701430767775
AILarvaSlope= 1.99142702859826
AILarvaLD50= 0.215572664164938
AIKOW= 7.1669085607864
AIKOC= 28.034481407376
AIHalfLife= 6.9267847458832
EAppRate= 0.545714895706624
