ICQueenStrength= 4.41662078280933
RQWkrDrnRatio= 3.99987921398133
ICDroneMiteSurvivorship= 34.5273993210867
ICWorkerMiteSurvivorship= 17.2847037436441
ICForagerLifespan= 14.5348622659221
ImmType= Sine
AIAdultSlope= 1.91831990428269
AIAdultLD50= 0.49751393427141
AIAdultSlopeContact= 3.0929806966614
AIAdultLD50Contact= 0.0401864164974541
AILarvaSlope= 0.858953780960292
AILarvaLD50= 0.443085609027185
AIKOW= 5.90436332207173
AIKOC= 10.784354248317
AIHalfLife= 3.63996232277714
EAppRate= 0
