ICQueenStrength= 3.23349486012012
RQWkrDrnRatio= 3.74050955474377
ICDroneMiteSurvivorship= 38.6390819679946
ICWorkerMiteSurvivorship= 49.9513662420213
ICForagerLifespan= 6.39848348964006
ImmType= Logarithmic
AIAdultLD50= 0.154012839635834
AIAdultSlopeContact= 2.79233219682472
AIAdultLD50Contact= 0.0201111483504064
AILarvaSlope= 1.07802197234705
AILarvaLD50= 0.479550792742521
AIKOW= 4.29341279622167
AIKOC= 9.56136535503902
AIHalfLife= 2.86215417832136
EAppRate= 0.93936740141362
