ICQueenStrength= 1.55990483495407
RQWkrDrnRatio= 1.04137848038226
ICDroneMiteSurvivorship= 53.0783125199378
ICWorkerMiteSurvivorship= 8.91697555780411
ICForagerLifespan= 8.81028683204204
ImmType= Polynomial
AIAdultSlope= 2.2073476224672
AIAdultLD50= 1.83115225285292
AIAdultSlopeContact= 2.28804844793631
AIAdultLD50Contact= 0.0383152161375619
AILarvaSlope= 2.80116440095007
AILarvaLD50= 0.0943962569581345
AIKOW= 5.97019152902067
AIKOC= 27.2976145741995
AIHalfLife= 7.22847837908193
EAppRate= 0.630536047741771
