ICQueenStrength= 1.90333675616421
RQWkrDrnRatio= 3.56930202245712
ICDroneMiteSurvivorship= 52.4265778949484
ICWorkerMiteSurvivorship= 18.1008789455518
ICForagerLifespan= 11.8898394694552
ImmType= Logarithmic
AIAdultSlope= 5.56563540128991
