ICQueenStrength= 2.72109413333237
RQWkrDrnRatio= 3.78687201067805
