ICQueenStrength= 4.5107104643248
RQWkrDrnRatio= 1.6397230476141
ICDroneMiteSurvivorship= 88.3130891947076
ICWorkerMiteSurvivorship= 43.6671145958826
ICForagerLifespan= 5.37886500358582
ImmType= Cosine
AIAdultSlope= 1.62984508252703
AIAdultLD50= 0.209154489799403
AIAdultSlopeContact= 0.799602214952465
AIAdultLD50Contact= 0.0227344216080382
AILarvaSlope= 0.934391062567011
AILarvaLD50= 0.393428309680894
AIKOW= 6.31414670590311
AIKOC= 18.2476565719116
AIHalfLife= 2.85824841703288
EAppRate= 0.478961944323964
