ICQueenStrength= 1.49541254295036
RQWkrDrnRatio= 1.18675753846765
ICDroneMiteSurvivorship= 93.6607026495039
ICWorkerMiteSurvivorship= 59.2239514226094
ICForagerLifespan= 11.7057075807825
ImmType= Tangent
AIAdultSlope= 2.11917913391953
AIAdultLD50= 0.426913848961703
AIAdultSlopeContact= 2.03819147550501
AIAdultLD50Contact= 0.0276100110029802
AILarvaSlope= 1.25341767980717
AILarvaLD50= 0.859100507036783
AIKOW= 4.17439934890717
AIKOC= 5.75944778509438
AIHalfLife= 0.080155162140727
EAppRate= 0.36417553559877
