ICQueenStrength= 2.68591433786787
RQWkrDrnRatio= 4.47814294230193
ICDroneMiteSurvivorship= 45.1237683882937
ICWorkerMiteSurvivorship= 87.2459583450109
ICForagerLifespan= 12.5518415281549
ImmType= Sine
AIAdultSlope= 3.43083250132157
AIAdultLD50= 0.192322460468858
AIAdultSlopeContact= 2.13952318866039
AIAdultLD50Contact= 0.0469198695616797
AILarvaSlope= 3.3226729507558
AILarvaLD50= 0.436203371663578
AIKOW= 5.01515811868012
AIKOC= 19.6661315578967
AIHalfLife= 3.45373348798603
EAppRate= 0.62212044543121
