ICQueenStrength= 2.66491681127809
RQWkrDrnRatio= 1.90026836562902
ICDroneMiteSurvivorship= 85.8173190616071
ICWorkerMiteSurvivorship= 14.5566451363266
ICForagerLifespan= 8.16190703120083
ImmType= Logarithmic
AIAdultSlopeContact= 0.292721286343876
AIAdultLD50Contact= 0.00895377693232149
AILarvaSlope= 2.88026010012254
AILarvaLD50= 0.830608836282045
AIKOW= 4.46644112886861
AIKOC= 11.3669346272945
AIHalfLife= 6.40366478450596
