ICQueenStrength= 5.22547295223922
RQWkrDrnRatio= 1.39738247357309
ICDroneMiteSurvivorship= 71.9377679284662
ICWorkerMiteSurvivorship= 71.3582213269547
ICForagerLifespan= 7.49329664092511
ImmType= Tangent
AIAdultSlope= 0.995097693996504
AIAdultLD50= 0.125088630593382
AIAdultSlopeContact= 0.281482563754544
AIAdultLD50Contact= 0.0221850209287368
AILarvaSlope= 2.39285181667656
AILarvaLD50= 0.454422932490706
AIKOW= 4.79089929908514
AIKOC= 29.9814846727531
AIHalfLife= 0.287919701077044
EAppRate= 0.340949480980635
