ICQueenStrength= 3.15284437872469
RQWkrDrnRatio= 4.33581899665296
