ICQueenStrength= 1.4318719485309
RQWkrDrnRatio= 2.11404570378363
ICDroneMiteSurvivorship= 92.9467085981742
ICWorkerMiteSurvivorship= 18.9932597335428
ICForagerLifespan= 14.8010894618928
ImmType= Tangent
AIAdultSlope= 6.22553680324927
