ICQueenStrength= 3.69200941664167
RQWkrDrnRatio= 1.72030747495592
ICDroneMiteSurvivorship= 52.8280335711315
ICWorkerMiteSurvivorship= 81.6378119168803
ICForagerLifespan= 14.5953103667125
ImmType= Polynomial
AIAdultSlope= 3.63605025858851
AIAdultLD50= 0.350939871161245
AIAdultSlopeContact= 0.0145182534120977
AIAdultLD50Contact= 0.0423480444820598
AILarvaSlope= 1.46671966477297
AILarvaLD50= 0.366832635062747
AIKOW= 5.91431079572067
AIKOC= 22.6457593042869
AIHalfLife= 2.16988365747966
EAppRate= 0
