ICQueenStrength= 4.76750411745161
RQWkrDrnRatio= 1.69944928679615
