ICQueenStrength= 1.85328974295408
RQWkrDrnRatio= 2.60301895998418
ICDroneMiteSurvivorship= 48.133460781537
ICWorkerMiteSurvivorship= 6.33002803660929
ICForagerLifespan= 13.973748344928
ImmType= Polynomial
AIAdultSlopeContact= 1.03392194812652
AIAdultLD50Contact= 0.00792517211521044
AILarvaSlope= 3.28969903341494
AILarvaLD50= 0.649989320221357
AIKOW= 5.23811733955517
AIKOC= 10.0159981648903
AIHalfLife= 12.2766269836575
