ICQueenStrength= 4.03741424903274
RQWkrDrnRatio= 4.26885388512164
