ICQueenStrength= 2.2404364370741
RQWkrDrnRatio= 4.41095852479339
ICDroneMiteSurvivorship= 13.1570207886398
ICWorkerMiteSurvivorship= 47.4098349921405
ICForagerLifespan= 13.1256001703441
ImmType= Exponential
AIAdultSlope= 1.12149033321999
AIAdultLD50= 0.43567604990676
AIAdultSlopeContact= 3.68881238626549
AIAdultLD50Contact= 0.0456906667444855
AILarvaSlope= 0.00102904653176665
AILarvaLD50= 0.692516821855679
AIKOW= 6.35249521350488
AIKOC= 5.96996964421123
AIHalfLife= 2.79749523033388
EAppRate= 0
