ICQueenStrength= 2.95957377436571
RQWkrDrnRatio= 2.19448336120695
ICDroneMiteSurvivorship= 90.5090638669208
ICWorkerMiteSurvivorship= 56.5172113478184
ICForagerLifespan= 6.42460174579173
ImmType= Polynomial
AIAdultSlope= 2.79018605537713
AIAdultLD50= 2.62594735901803
AIAdultSlopeContact= 3.92433710138546
AIAdultLD50Contact= 0.0214179523987696
AILarvaSlope= 1.37487198365852
AILarvaLD50= 0.0292939729057252
AIKOW= 6.45861418265849
AIKOC= 11.1642318964005
AIHalfLife= 11.2116556549445
EAppRate= 0.62910508736968
