ICQueenStrength= 2.57275349181145
RQWkrDrnRatio= 2.60100162494928
