ICQueenStrength= 5.31063802796416
RQWkrDrnRatio= 2.8572187833488
ICDroneMiteSurvivorship= 26.6573567176238
ICWorkerMiteSurvivorship= 68.8988919137046
ICForagerLifespan= 13.4447232186794
ImmType= Logarithmic
AIAdultSlope= 7.45387073606253
