ICQueenStrength= 5.57092779688537
RQWkrDrnRatio= 1.18046458531171
ICDroneMiteSurvivorship= 29.4490838889033
ICWorkerMiteSurvivorship= 0.8782047778368
ICForagerLifespan= 13.4067146433517
ImmType= Tangent
AIAdultSlope= 8.8298129895702
