ICQueenStrength= 1.72921865619719
RQWkrDrnRatio= 4.79951164592057
ICDroneMiteSurvivorship= 98.281474574469
ICWorkerMiteSurvivorship= 65.4714449308813
ICForagerLifespan= 11.8231191011146
ImmType= Logarithmic
AIAdultSlope= 0.00504391112364829
AIAdultLD50= 0.300068403477781
AIAdultSlopeContact= 0.25968746235827
AIAdultLD50Contact= 0.0238335807342082
AILarvaSlope= 0.0298879588488489
AILarvaLD50= 0.0577159449923784
AIKOW= 2.75733987474814
AIKOC= 28.0790133064147
AIHalfLife= 4.1552739450708
EAppRate= 0.0533440209226683
