ICQueenStrength= 5.94613609043881
RQWkrDrnRatio= 3.07332845311612
ICDroneMiteSurvivorship= 46.8648472102359
ICWorkerMiteSurvivorship= 5.64837211277336
ICForagerLifespan= 6.11037149932235
ImmType= Cosine
AIAdultSlope= 2.84483774799155
AIAdultLD50= 0.442460969206877
AIAdultSlopeContact= 3.91739558880916
AIAdultLD50Contact= 0.0277852788101882
AILarvaSlope= 0.0411608772817999
AILarvaLD50= 0.884293312160298
AIKOW= 4.55231508612633
AIKOC= 23.779187311884
AIHalfLife= 3.68708232883364
EAppRate= 0
