ICQueenStrength= 5.25525497295894
RQWkrDrnRatio= 4.3521626368165
ICDroneMiteSurvivorship= 0.088884006254375
ICWorkerMiteSurvivorship= 48.4784030355513
ICForagerLifespan= 12.1550657236949
ImmType= Exponential
AIAdultSlopeContact= 2.98802776609082
AIAdultLD50Contact= 0.0282002207241021
AILarvaSlope= 3.01459380653687
AILarvaLD50= 0.45466810525395
AIKOW= 7.73561381082982
AIKOC= 17.6466982765123
AIHalfLife= 7.23087435634807
