ICQueenStrength= 2.83365015662275
RQWkrDrnRatio= 1.93167502433062
ICDroneMiteSurvivorship= 11.3567538093776
ICWorkerMiteSurvivorship= 21.0989189567044
ICForagerLifespan= 14.3932471899316
ImmType= Polynomial
AIAdultSlope= 1.07399836904369
AIAdultLD50= 0.739203750388697
AIAdultSlopeContact= 2.70614478673087
AIAdultLD50Contact= 0.0396659235469997
AILarvaSlope= 2.81027400363237
AILarvaLD50= 0.566941990004852
AIKOW= 6.21771331783384
AIKOC= 15.6927460175939
AIHalfLife= 7.06458086520433
EAppRate= 0.651772538665682
