ICQueenStrength= 3.30069803772494
RQWkrDrnRatio= 3.13349424954504
ICDroneMiteSurvivorship= 20.0233281124383
ICWorkerMiteSurvivorship= 36.0225858865306
ICForagerLifespan= 6.91119070164859
ImmType= Cosine
AIAdultSlope= 0.357544136911165
AIAdultLD50= 0.220211990410462
AIAdultSlopeContact= 2.32135220412863
AIAdultLD50Contact= 0.0163443778175861
AILarvaSlope= 3.06234322707169
AILarvaLD50= 0.524983465997502
AIKOW= 7.82579544186592
AIKOC= 24.4091924466193
AIHalfLife= 4.6545509819407
EAppRate= 0.618343710666522
