ICQueenStrength= 1.80543568124995
RQWkrDrnRatio= 2.8887588782236
ICDroneMiteSurvivorship= 39.324498269707
ICWorkerMiteSurvivorship= 74.6935381786898
ICForagerLifespan= 9.55955613404512
ImmType= Cosine
AIAdultSlope= 1.4641706855502
AIAdultLD50= 1.01999708684161
AIAdultSlopeContact= 2.38569004599703
AIAdultLD50Contact= 0.0157519620493986
AILarvaSlope= 0.249685376230627
AILarvaLD50= 0.849248308455572
AIKOW= 2.7384039289318
AIKOC= 18.098762743175
AIHalfLife= 12.0190239790827
EAppRate= 0.282652772963047
