ICQueenStrength= 4.68996388628148
RQWkrDrnRatio= 4.94121859874576
ICDroneMiteSurvivorship= 56.4676467562094
ICWorkerMiteSurvivorship= 64.0945543535054
ICForagerLifespan= 14.7315162597224
ImmType= Logarithmic
AIAdultSlope= 2.53493693377823
AIAdultLD50= 0.92431892012246
AIAdultSlopeContact= 2.31053969442844
AIAdultLD50Contact= 0.00815505250357092
AILarvaSlope= 1.90264652152546
AILarvaLD50= 0.854083007806912
AIKOW= 5.75333604216576
AIKOC= 5.23194903042167
AIHalfLife= 8.15390753233805
EAppRate= 0.261565285502002
