ICQueenStrength= 4.9221327251289
RQWkrDrnRatio= 1.40123690292239
ICDroneMiteSurvivorship= 54.7104072524235
ICWorkerMiteSurvivorship= 31.604358041659
ICForagerLifespan= 15.0710472501814
ImmType= Cosine
AIAdultSlope= 0.551719047222286
AIAdultLD50= 0.415524007519707
AIAdultSlopeContact= 1.59630092562642
AIAdultLD50Contact= 0.0218725758721121
AILarvaSlope= 1.8191877365578
AILarvaLD50= 0.465971300122328
AIKOW= 4.9470675745979
AIKOC= 27.5739295594394
AIHalfLife= 5.20034454902634
EAppRate= 0.253237292403355
