ICQueenStrength= 4.95478377118707
RQWkrDrnRatio= 3.18395642843097
ICDroneMiteSurvivorship= 55.2371859550476
ICWorkerMiteSurvivorship= 78.5099970176816
ICForagerLifespan= 11.6310858633369
ImmType= Logarithmic
AIAdultSlope= 2.53588248742744
