ICQueenStrength= 3.34334043110721
RQWkrDrnRatio= 2.56046258565038
ICDroneMiteSurvivorship= 7.35195563174784
ICWorkerMiteSurvivorship= 19.5205503609031
ICForagerLifespan= 14.5008182134479
ImmType= Exponential
AIAdultSlope= 1.70773551318096
AIAdultLD50= 0.422176569001749
AIAdultSlopeContact= 2.34463536034338
AIAdultLD50Contact= 0.0284688319661655
AILarvaSlope= 3.00946388943121
AILarvaLD50= 0.867102035251446
AIKOW= 6.9783924408257
AIKOC= 24.9495548789855
AIHalfLife= 0.700475233606994
EAppRate= 0.523054055590182
