ICQueenStrength= 1.96678825211711
RQWkrDrnRatio= 4.96990977786481
ICDroneMiteSurvivorship= 32.6583086512983
ICWorkerMiteSurvivorship= 76.0372017510235
ICForagerLifespan= 4.93478081561625
ImmType= Tangent
AIAdultSlope= 1.50286784426076
AIAdultLD50= 0.00504763715434819
AIAdultSlopeContact= 1.4825683914707
AIAdultLD50Contact= 0.0155684665893205
AILarvaSlope= 1.85325060025789
AILarvaLD50= 0.810764182428829
AIKOW= 6.32172334846109
AIKOC= 14.7330795950256
AIHalfLife= 4.57894102321006
EAppRate= 0.371076645306312
