ICQueenStrength= 1.47914805007167
RQWkrDrnRatio= 3.09752664901316
ICDroneMiteSurvivorship= 74.5283364318311
ICWorkerMiteSurvivorship= 64.9330210406333
ICForagerLifespan= 5.50696953572333
ImmType= Logarithmic
AIAdultSlope= 2.64817418261664
AIAdultLD50= 0.0178052327828482
AIAdultSlopeContact= 1.3982786532864
AIAdultLD50Contact= 0.0441700605093502
AILarvaSlope= 0.966459526494145
AILarvaLD50= 0.143566740397364
AIKOW= 2.51402960671112
AIKOC= 19.8744893143885
AIHalfLife= 3.57948774821125
EAppRate= 0.246921948553063
