ICQueenStrength= 3.9002957593184
RQWkrDrnRatio= 3.78308933414519
ICDroneMiteSurvivorship= 2.98826594371349
ICWorkerMiteSurvivorship= 18.4559593209997
ICForagerLifespan= 14.2115326672792
ImmType= Tangent
AIAdultSlope= 2.03823540429585
AIAdultSlopeContact= 0.534159153769724
AIAdultLD50Contact= 0.0429002278018743
AILarvaSlope= 1.83456311672926
AILarvaLD50= 0.682100282935426
AIKOW= 6.59100097743794
AIKOC= 14.5601981156506
AIHalfLife= 11.1958377053961
