ICQueenStrength= 3.31906807050109
RQWkrDrnRatio= 3.9415011415258
ICDroneMiteSurvivorship= 67.3316501546651
ICWorkerMiteSurvivorship= 99.1245865821838
ICForagerLifespan= 13.9700146261603
ImmType= Exponential
AIAdultSlope= 0.188198456261307
AIAdultLD50= 1.98180072801188
AIAdultSlopeContact= 1.62741197949741
AIAdultLD50Contact= 0.0313181138131767
AILarvaSlope= 2.62833959516138
AILarvaLD50= 0.461501603526995
AIKOW= 4.11443789023906
AIKOC= 7.24431133246981
AIHalfLife= 9.72274631587788
EAppRate= 0.606105020502582
