ICQueenStrength= 4.18902199855074
RQWkrDrnRatio= 3.1044276477769
ICDroneMiteSurvivorship= 31.9950165925547
ICWorkerMiteSurvivorship= 99.3576946668327
ICForagerLifespan= 5.57934863027185
ImmType= Polynomial
AIAdultSlope= 3.29631109503098
AIAdultLD50= 1.6767397345975
AIAdultSlopeContact= 1.74042372877942
AIAdultLD50Contact= 0.0119746076292358
AILarvaSlope= 1.43001503162086
AILarvaLD50= 0.333041398529895
AIKOW= 7.44304377958179
AIKOC= 11.2691764498595
AIHalfLife= 5.19075674796477
EAppRate= 0.709498847369105
