ICQueenStrength= 1.66932625952177
RQWkrDrnRatio= 1.67231600452214
ICDroneMiteSurvivorship= 76.0518579976633
ICWorkerMiteSurvivorship= 51.6566195525229
ICForagerLifespan= 4.41028217412531
ImmType= Sine
AIAdultSlope= 1.27211772482842
AIAdultLD50= 1.47126622754149
AIAdultSlopeContact= 1.65105963752372
AIAdultLD50Contact= 0.025446492433548
AILarvaSlope= 1.98199786148034
AILarvaLD50= 0.505306678405032
AIKOW= 2.8158143684268
AIKOC= 22.2743432747666
AIHalfLife= 12.470062000677
EAppRate= 0.482089162571356
