ICQueenStrength= 5.96325000887737
RQWkrDrnRatio= 4.8561131414026
ICDroneMiteSurvivorship= 12.5207524280995
ICWorkerMiteSurvivorship= 13.3349084993824
ICForagerLifespan= 14.4355747560039
ImmType= Polynomial
AIAdultSlope= 0.434553303290159
AIAdultLD50= 1.52528601279482
AIAdultSlopeContact= 0.453829148118384
AIAdultLD50Contact= 0.0163671884336509
AILarvaSlope= 0.785385116375983
AILarvaLD50= 0.287582942540757
AIKOW= 2.11320531507954
AIKOC= 9.93373490171507
AIHalfLife= 3.26040910882875
EAppRate= 0.614979547448456
