ICQueenStrength= 4.64289857679978
RQWkrDrnRatio= 1.59883590880781
ICDroneMiteSurvivorship= 79.8010066850111
ICWorkerMiteSurvivorship= 58.7448333622888
ICForagerLifespan= 4.93184653762728
ImmType= Logarithmic
AIAdultSlopeContact= 0.9255369347753
AIAdultLD50Contact= 0.00926446097437292
AILarvaSlope= 0.271593384863809
AILarvaLD50= 0.145267916377634
AIKOW= 3.75728848716244
AIKOC= 6.79089683806524
AIHalfLife= 6.28836587816477
