ICQueenStrength= 3.50140665564686
RQWkrDrnRatio= 2.28269324637949
ICDroneMiteSurvivorship= 88.2595272967592
ICWorkerMiteSurvivorship= 51.8816720461473
ICForagerLifespan= 4.57995226513594
ImmType= Cosine
AIAdultSlope= 2.4778020247817
AIAdultLD50= 1.23907381924801
AIAdultSlopeContact= 3.81843004830647
AIAdultLD50Contact= 0.00820332237053663
AILarvaSlope= 2.2010180353187
AILarvaLD50= 0.715736131556332
AIKOW= 7.51903858967125
AIKOC= 11.8323682062328
AIHalfLife= 10.1217480045743
EAppRate= 0.15432966966182
