ICQueenStrength= 2.89418480382301
RQWkrDrnRatio= 2.14431434310973
ICDroneMiteSurvivorship= 57.5516627635807
ICWorkerMiteSurvivorship= 56.1000084737316
ICForagerLifespan= 12.154190890491
ImmType= Polynomial
AIAdultSlopeContact= 3.82573852777015
AIAdultLD50Contact= 0.0349072868586518
AILarvaSlope= 1.22252225410193
AILarvaLD50= 0.41012894581072
AIKOW= 3.01268232706934
AIKOC= 20.5862799147144
AIHalfLife= 4.20630785869434
