ICQueenStrength= 2.69392538024113
RQWkrDrnRatio= 1.73655861895531
ICDroneMiteSurvivorship= 93.6242107767612
ICWorkerMiteSurvivorship= 84.7905936418101
ICForagerLifespan= 15.9291062988341
ImmType= Exponential
AIAdultSlope= 2.95423465574859
AIAdultLD50= 0.245592279941775
AIAdultSlopeContact= 1.46420804747147
AIAdultLD50Contact= 0.0280108478036709
AILarvaSlope= 0.688355373870581
AILarvaLD50= 0.734095170814544
AIKOW= 5.764254742302
AIKOC= 19.8052628734149
AIHalfLife= 0.758244106546044
EAppRate= 0.509107756009325
