ICQueenStrength= 3.04191376361996
RQWkrDrnRatio= 3.82681618910283
