ICQueenStrength= 1.87699023657478
RQWkrDrnRatio= 3.58723848126829
ICDroneMiteSurvivorship= 28.5544122802094
ICWorkerMiteSurvivorship= 82.5158996507525
ICForagerLifespan= 8.27448406536132
ImmType= Sine
AIAdultSlope= 0.177419640845619
AIAdultLD50= 0.0201651541283354
AIAdultSlopeContact= 0.768574945293367
AIAdultLD50Contact= 0.0340889069833793
AILarvaSlope= 0.777195263048634
AILarvaLD50= 0.190055295615457
AIKOW= 4.25715869991109
AIKOC= 27.5280675920658
AIHalfLife= 4.22681007999927
EAppRate= 0
