ICQueenStrength= 3.05113093019463
RQWkrDrnRatio= 2.76231034938246
ICDroneMiteSurvivorship= 69.4474151125178
ICWorkerMiteSurvivorship= 14.3291084328666
ICForagerLifespan= 6.93782690633088
ImmType= Cosine
AIAdultSlope= 0.718769750138745
AIAdultLD50= 1.11870264960453
AIAdultSlopeContact= 3.40380619519623
AIAdultLD50Contact= 0.0014336870633997
AILarvaSlope= 2.86031823661178
AILarvaLD50= 0.826474015158601
AIKOW= 5.94050173414871
AIKOC= 11.8926204461604
AIHalfLife= 10.4589991052635
EAppRate= 0.631174316629767
