ICQueenStrength= 2.09570104512386
RQWkrDrnRatio= 2.72711036447436
ICDroneMiteSurvivorship= 70.7992943935096
ICWorkerMiteSurvivorship= 92.0081871096045
ICForagerLifespan= 9.70940987486392
ImmType= Tangent
AIAdultSlope= 0.166988223185763
AIAdultLD50= 0.243488162057474
AIAdultSlopeContact= 3.40767719049007
AIAdultLD50Contact= 0.045617197768297
AILarvaSlope= 1.53203660584986
AILarvaLD50= 0.0960798650979996
AIKOW= 7.94459187891334
AIKOC= 20.8655886596534
AIHalfLife= 9.34944443870336
EAppRate= 0.492674889974296
