ICQueenStrength= 2.0431473213248
RQWkrDrnRatio= 4.72609509248286
ICDroneMiteSurvivorship= 85.1089912466705
ICWorkerMiteSurvivorship= 8.17199151497334
ICForagerLifespan= 8.30730753950775
ImmType= Sine
AIAdultSlope= 2.62235750676133
AIAdultLD50= 0.118420975632034
AIAdultSlopeContact= 0.862190563967452
AIAdultLD50Contact= 0.00432140997145325
AILarvaSlope= 3.26519258329645
AILarvaLD50= 0.279403807665221
AIKOW= 6.91519419709221
AIKOC= 22.9124865040649
AIHalfLife= 2.14849021052942
EAppRate= 0
