ICQueenStrength= 3.68076479062438
RQWkrDrnRatio= 1.50268503092229
