ICQueenStrength= 2.92054906976409
RQWkrDrnRatio= 3.671511054039
ICDroneMiteSurvivorship= 82.3141660075635
ICWorkerMiteSurvivorship= 91.7578937718645
ICForagerLifespan= 15.6802795790136
ImmType= Polynomial
AIAdultSlope= 1.88793008220382
AIAdultLD50= 2.39797668345273
AIAdultSlopeContact= 0.959741980880499
AIAdultLD50Contact= 0.0307983293314464
AILarvaSlope= 1.5751300570555
AILarvaLD50= 0.0636544433422387
AIKOW= 6.49535962752998
AIKOC= 24.5879839651752
AIHalfLife= 0.378642414230853
EAppRate= 0.853468021377921
