ICQueenStrength= 2.21047352906317
RQWkrDrnRatio= 2.80407847557217
ICDroneMiteSurvivorship= 54.8730796668679
ICWorkerMiteSurvivorship= 19.1751744132489
ICForagerLifespan= 5.65024988632649
ImmType= Cosine
AIAdultSlope= 0.415955741144717
AIAdultSlopeContact= 1.25958981329575
AIAdultLD50Contact= 0.029532023135107
AILarvaSlope= 2.98114163894206
AILarvaLD50= 0.0894353619776666
AIKOW= 6.69388151587918
AIKOC= 14.4345409539528
AIHalfLife= 11.5587014746852
