ICQueenStrength= 1.86291971849278
RQWkrDrnRatio= 4.97871163394302
ICDroneMiteSurvivorship= 28.1725620152429
ICWorkerMiteSurvivorship= 79.004093981348
ICForagerLifespan= 9.23413996677846
ImmType= Sine
AIAdultSlope= 3.90357955900021
AIAdultLD50= 0.373751091654412
AIAdultSlopeContact= 1.68806193527067
AIAdultLD50Contact= 0.024048968963325
AILarvaSlope= 2.1391991390381
AILarvaLD50= 0.878647439461201
AIKOW= 5.15986787155271
AIKOC= 22.0436677639373
AIHalfLife= 2.39647456328385
EAppRate= 0
