ICQueenStrength= 4.88496336527169
RQWkrDrnRatio= 3.94609326310456
ICDroneMiteSurvivorship= 52.7252898784354
ICWorkerMiteSurvivorship= 82.1162791224197
ICForagerLifespan= 15.4930301140994
ImmType= Exponential
AIAdultSlope= 0.594513939740136
AIAdultLD50= 2.96511927363463
AIAdultSlopeContact= 0.718191437346395
AIAdultLD50Contact= 0.0237591462675482
AILarvaSlope= 3.0169985415414
AILarvaLD50= 0.222805533721112
AIKOW= 4.66743961535394
AIKOC= 14.8752523364965
AIHalfLife= 6.46946408273652
EAppRate= 0.0447642649523914
