ICQueenStrength= 1.01311894622631
RQWkrDrnRatio= 4.50708395056427
ICDroneMiteSurvivorship= 48.9315361948684
ICWorkerMiteSurvivorship= 37.9954566247761
ICForagerLifespan= 9.51763793453574
ImmType= Cosine
AIAdultSlope= 1.99934025993571
AIAdultLD50= 1.18009799625725
AIAdultSlopeContact= 0.261279004609678
AIAdultLD50Contact= 0.0269372580107301
AILarvaSlope= 0.57046324191615
AILarvaLD50= 0.515267925336957
AIKOW= 5.19568670121953
AIKOC= 18.5533048713114
AIHalfLife= 0.484979752916843
EAppRate= 0.29150176490657
