ICQueenStrength= 2.43216333468445
RQWkrDrnRatio= 3.826555182226
ICDroneMiteSurvivorship= 42.8349453723058
ICWorkerMiteSurvivorship= 15.5372218927369
ICForagerLifespan= 13.1119360448793
ImmType= Tangent
AIAdultSlope= 2.73945373869501
AIAdultLD50= 2.08443174418062
AIAdultSlopeContact= 0.879501199261285
AIAdultLD50Contact= 0.0105527448002249
AILarvaSlope= 2.61171823730692
AILarvaLD50= 0.640675035514869
AIKOW= 7.79059265414253
AIKOC= 5.94430693425238
AIHalfLife= 6.2335416986607
EAppRate= 0.278721929062158
