ICQueenStrength= 4.12251284532249
RQWkrDrnRatio= 2.8303708396852
