ICQueenStrength= 2.36055841227062
RQWkrDrnRatio= 2.45127993170172
ICDroneMiteSurvivorship= 86.0251933801919
ICWorkerMiteSurvivorship= 0.852107396349311
ICForagerLifespan= 11.6091599306092
ImmType= Cosine
AIAdultSlope= 2.9059590374236
AIAdultLD50= 0.0708873461699113
AIAdultSlopeContact= 0.987435499029234
AIAdultLD50Contact= 0.00295541405212134
AILarvaSlope= 1.7124625609722
AILarvaLD50= 0.248949797381647
AIKOW= 4.07632011547685
AIKOC= 5.1845023536589
AIHalfLife= 4.40635369508527
EAppRate= 0.601493174536154
