ICQueenStrength= 2.87730903620832
RQWkrDrnRatio= 4.63441956043243
ICDroneMiteSurvivorship= 36.565683898516
ICWorkerMiteSurvivorship= 37.9765076329932
ICForagerLifespan= 12.2689296426252
ImmType= Sine
AIAdultSlope= 1.39500693860231
AIAdultLD50= 0.480318751418963
AIAdultSlopeContact= 2.61817237992073
AIAdultLD50Contact= 0.00360635005636141
AILarvaSlope= 2.98762148427777
AILarvaLD50= 0.206772788171656
AIKOW= 4.09072571108118
AIKOC= 12.1314523927867
AIHalfLife= 2.06586892949417
EAppRate= 0.0652759160613641
