ICQueenStrength= 1.53961484809406
RQWkrDrnRatio= 3.94024915713817
ICDroneMiteSurvivorship= 69.1092782421038
ICWorkerMiteSurvivorship= 79.3188068084419
ICForagerLifespan= 8.19518905691803
ImmType= Sine
AIAdultSlope= 1.13905526553281
AIAdultLD50= 0.806530280504376
AIAdultSlopeContact= 3.80011458534049
AIAdultLD50Contact= 0.0127038019243628
AILarvaSlope= 2.19667393583804
AILarvaLD50= 0.518433352536522
AIKOW= 2.59842233220115
AIKOC= 10.5973261769395
AIHalfLife= 2.51945801405236
EAppRate= 0.35903980769217
