ICQueenStrength= 1.90723408386111
RQWkrDrnRatio= 4.54129347763956
ICDroneMiteSurvivorship= 80.2418196806684
ICWorkerMiteSurvivorship= 53.6563197616488
ICForagerLifespan= 4.10518618207425
ImmType= Cosine
AIAdultLD50= 0.154012839635834
AIAdultSlopeContact= 2.1931263537216
AIAdultLD50Contact= 0.0399588265921921
AILarvaSlope= 2.27636630591005
AILarvaLD50= 0.490939471498132
AIKOW= 6.73871759837493
AIKOC= 25.7819972245488
AIHalfLife= 10.2283180677332
EAppRate= 0.428178490605205
