ICQueenStrength= 4.37651755893603
RQWkrDrnRatio= 1.09778633434325
ICDroneMiteSurvivorship= 35.1118030492216
ICWorkerMiteSurvivorship= 62.0680584106594
ICForagerLifespan= 12.8199727684259
ImmType= Exponential
AIAdultSlope= 3.18066272288561
AIAdultLD50= 1.25290416902862
AIAdultSlopeContact= 2.42367038133089
AIAdultLD50Contact= 0.0219863074016757
AILarvaSlope= 1.09562186319381
AILarvaLD50= 0.33422464854084
AIKOW= 2.26354771386832
AIKOC= 10.7429464941379
AIHalfLife= 2.84197201253846
EAppRate= 0.0144809994380921
