ICQueenStrength= 2.68563468148932
RQWkrDrnRatio= 1.85543051734567
ICDroneMiteSurvivorship= 17.1578384470195
ICWorkerMiteSurvivorship= 63.2258152822033
ICForagerLifespan= 12.8745055338368
ImmType= Tangent
AIAdultSlope= 0.336956220353022
AIAdultLD50= 0.280491639627144
AIAdultSlopeContact= 1.17126669043209
AIAdultLD50Contact= 0.011557067243848
AILarvaSlope= 0.794827037351206
AILarvaLD50= 0.0570355138275772
AIKOW= 4.16266805399209
AIKOC= 6.0623580426909
AIHalfLife= 10.3925954489969
EAppRate= 0.00278572971001267
