ICQueenStrength= 1.84567741840146
RQWkrDrnRatio= 1.57382966857404
ICDroneMiteSurvivorship= 84.4014917733148
ICWorkerMiteSurvivorship= 21.2778060464188
ICForagerLifespan= 11.8988664327189
ImmType= Logarithmic
AIAdultSlopeContact= 1.78541761656292
AIAdultLD50Contact= 0.0186592826852575
AILarvaSlope= 0.266703500878066
AILarvaLD50= 0.213085823692381
AIKOW= 5.30581718776375
AIKOC= 5.55099302553572
AIHalfLife= 6.91637569759041
