ICQueenStrength= 4.33694825880229
RQWkrDrnRatio= 2.51327101234347
ICDroneMiteSurvivorship= 68.3587157167494
ICWorkerMiteSurvivorship= 87.4591794796288
ICForagerLifespan= 4.58249813411385
ImmType= Logarithmic
AIAdultSlope= 0.864350344624836
AIAdultLD50= 0.259754607104696
AIAdultSlopeContact= 0.139011412637774
AIAdultLD50Contact= 0.0294427886372432
AILarvaSlope= 1.07592907948419
AILarvaLD50= 0.820070586260408
AIKOW= 2.63372982665896
AIKOC= 20.4804440564476
AIHalfLife= 4.01309828390367
EAppRate= 0.165814724820666
