ICQueenStrength= 2.02163375006057
RQWkrDrnRatio= 1.83872765954584
ICDroneMiteSurvivorship= 18.1820100173354
ICWorkerMiteSurvivorship= 84.9108696915209
ICForagerLifespan= 5.5543584888801
ImmType= Exponential
AIAdultSlope= 2.22411489812657
