ICQueenStrength= 3.38231754512526
RQWkrDrnRatio= 1.97745810355991
ICDroneMiteSurvivorship= 82.8389229485765
ICWorkerMiteSurvivorship= 9.59202155936509
ICForagerLifespan= 4.19094876479357
ImmType= Cosine
AIAdultSlope= 1.99035078622401
AIAdultLD50= 2.14656734000891
AIAdultSlopeContact= 2.30854075127514
AIAdultLD50Contact= 0.0167159030330367
AILarvaSlope= 1.41613872563466
AILarvaLD50= 0.654006444127299
AIKOW= 4.94189870497212
AIKOC= 6.69245174038224
AIHalfLife= 10.9466612818651
EAppRate= 0.440751164918765
