ICQueenStrength= 1.45230021351017
RQWkrDrnRatio= 2.98513720650226
ICDroneMiteSurvivorship= 9.25414036028087
ICWorkerMiteSurvivorship= 21.8237939523533
ICForagerLifespan= 11.2447408791631
ImmType= Sine
AIAdultSlope= 0.177978770062327
AIAdultLD50= 0.814542267238721
AIAdultSlopeContact= 3.77323050878244
AIAdultLD50Contact= 0.0380807760404423
AILarvaSlope= 0.483904176391661
AILarvaLD50= 0.236273238155991
AIKOW= 4.68061352102086
AIKOC= 10.4168984701391
AIHalfLife= 6.38800726085901
EAppRate= 0.0136526944115758
