ICQueenStrength= 2.68922693002969
RQWkrDrnRatio= 3.73172504268587
ICDroneMiteSurvivorship= 6.74290410242975
ICWorkerMiteSurvivorship= 89.9254248011857
ICForagerLifespan= 12.0625374587253
ImmType= Exponential
AIAdultSlope= 2.22605588138103
AIAdultLD50= 2.4790647290647
AIAdultSlopeContact= 3.37485430617118
AIAdultLD50Contact= 0.0395273345406167
AILarvaSlope= 0.169133462198079
AILarvaLD50= 0.215015871310607
AIKOW= 6.07449395256117
AIKOC= 16.8743985018227
AIHalfLife= 2.63222056720406
EAppRate= 0.684634547680616
