ICQueenStrength= 1.28963273391128
RQWkrDrnRatio= 2.09208222012967
ICDroneMiteSurvivorship= 93.3351253392175
ICWorkerMiteSurvivorship= 86.9006335968152
ICForagerLifespan= 9.19545931369066
ImmType= Tangent
AIAdultSlope= 2.00324068334885
AIAdultLD50= 0.693928838241845
AIAdultSlopeContact= 0.25636904940242
AIAdultLD50Contact= 0.0129493756685406
AILarvaSlope= 2.81543924934231
AILarvaLD50= 0.775322879827581
AIKOW= 7.61371299624443
AIKOC= 13.6039758461993
AIHalfLife= 4.41908573918045
EAppRate= 0.0713569088838995
