ICQueenStrength= 5.17029419681057
RQWkrDrnRatio= 1.57335616182536
ICDroneMiteSurvivorship= 9.01037203148007
ICWorkerMiteSurvivorship= 51.0045657865703
ICForagerLifespan= 6.1140518868342
ImmType= Tangent
AIAdultSlopeContact= 0.690899514269549
AIAdultLD50Contact= 0.049998846417293
AILarvaSlope= 3.03780575557612
AILarvaLD50= 0.583077790215611
AIKOW= 2.59031569492072
AIKOC= 5.03827210166492
AIHalfLife= 11.2595323785208
