ICQueenStrength= 1.00907876878045
RQWkrDrnRatio= 3.19836170505732
ICDroneMiteSurvivorship= 85.8195386361331
ICWorkerMiteSurvivorship= 40.261660143733
ICForagerLifespan= 5.47514544706792
ImmType= Sine
AIAdultSlope= 0.732839996926486
AIAdultLD50= 0.386828499147668
AIAdultSlopeContact= 3.46231700594304
AIAdultLD50Contact= 0.0212600305560045
AILarvaSlope= 0.733289354480803
AILarvaLD50= 0.877156661823392
AIKOW= 5.78633951488882
AIKOC= 29.7118193539791
AIHalfLife= 7.90868750959635
EAppRate= 0.784444453660399
