ICQueenStrength= 2.20710756629705
RQWkrDrnRatio= 2.66214031074196
ICDroneMiteSurvivorship= 71.0081258323044
ICWorkerMiteSurvivorship= 76.6289418097585
ICForagerLifespan= 14.3011381067336
ImmType= Cosine
AIAdultSlope= 0.00540681062266231
AIAdultLD50= 0.473756607156247
AIAdultSlopeContact= 1.3450511350343
AIAdultLD50Contact= 0.00769297162769362
AILarvaSlope= 0.187922638561577
AILarvaLD50= 0.0567275930894539
AIKOW= 6.37985305814072
AIKOC= 27.7560054394417
AIHalfLife= 13.6417353032157
EAppRate= 0.389609171776101
