ICQueenStrength= 3.02848303830251
RQWkrDrnRatio= 3.29571273643523
ICDroneMiteSurvivorship= 80.6718135019764
ICWorkerMiteSurvivorship= 0.0578204868361354
ICForagerLifespan= 7.65402012877166
ImmType= Polynomial
AIAdultSlope= 2.70262277419679
AIAdultSlopeContact= 1.0976196800801
AIAdultLD50Contact= 0.02099769548513
AILarvaSlope= 0.374173382669687
AILarvaLD50= 0.584743796987459
AIKOW= 6.80761216394603
AIKOC= 7.63426999445073
AIHalfLife= 1.9706274420023
