ICQueenStrength= 3.94339777552523
RQWkrDrnRatio= 1.33705033175647
ICDroneMiteSurvivorship= 30.8686924166977
ICWorkerMiteSurvivorship= 92.1047702198848
ICForagerLifespan= 8.5627704327926
ImmType= Exponential
AIAdultSlope= 1.89447931610048
AIAdultLD50= 0.263049590634182
AIAdultSlopeContact= 2.62105107880197
AIAdultLD50Contact= 0.0484299334115349
AILarvaSlope= 2.20990948299877
AILarvaLD50= 0.11161913825199
AIKOW= 2.01962706027552
AIKOC= 19.4184165867046
AIHalfLife= 1.61542378831655
EAppRate= 0.439406903018244
