ICQueenStrength= 1.13220065855421
RQWkrDrnRatio= 3.90675820037723
ICDroneMiteSurvivorship= 62.8405224066228
ICWorkerMiteSurvivorship= 30.6352399056777
ICForagerLifespan= 6.22924499958754
ImmType= Exponential
AIAdultSlopeContact= 3.41131606330164
AIAdultLD50Contact= 0.0415492437663488
AILarvaSlope= 0.0211468778084964
AILarvaLD50= 0.436653163656592
AIKOW= 2.10809284169227
AIKOC= 23.587040505372
AIHalfLife= 12.7082123281434
