ICQueenStrength= 5.49178999173455
RQWkrDrnRatio= 1.11506969947368
ICDroneMiteSurvivorship= 44.1502492874861
ICWorkerMiteSurvivorship= 3.29413139261305
ICForagerLifespan= 7.87858150992543
ImmType= Exponential
AIAdultSlope= 2.44416227550246
AIAdultLD50= 1.85051911580376
AIAdultSlopeContact= 2.80761146781966
AIAdultLD50Contact= 0.00236755218356848
AILarvaSlope= 0.22757319426164
AILarvaLD50= 0.605234513478354
AIKOW= 7.76005379762501
AIKOC= 22.7214177849237
AIHalfLife= 7.43399538705125
EAppRate= 0.261992051266134
