ICQueenStrength= 1.51317391218618
RQWkrDrnRatio= 1.94402878079563
ICDroneMiteSurvivorship= 50.1489582937211
ICWorkerMiteSurvivorship= 67.3511183587834
ICForagerLifespan= 7.56572091113776
ImmType= Logarithmic
AIAdultSlope= 5.38824462797493
