ICQueenStrength= 4.70931236818433
RQWkrDrnRatio= 2.12073529232293
