ICQueenStrength= 2.35932533629239
RQWkrDrnRatio= 1.77464721724391
