ICQueenStrength= 5.53718460048549
RQWkrDrnRatio= 3.27981060091406
ICDroneMiteSurvivorship= 59.7815992077813
ICWorkerMiteSurvivorship= 51.8867035629228
ICForagerLifespan= 5.67169675417244
ImmType= Polynomial
AIAdultSlope= 3.72769224093994
AIAdultLD50= 0.0141445422777906
AIAdultSlopeContact= 3.61258192613488
AIAdultLD50Contact= 0.0343595943064429
AILarvaSlope= 2.37696362552233
AILarvaLD50= 0.837187249772251
AIKOW= 4.92885149875656
AIKOC= 16.5180505148601
AIHalfLife= 2.81825846293941
EAppRate= 0.24002852961421
