ICQueenStrength= 2.52751659508795
RQWkrDrnRatio= 2.010831319727
ICDroneMiteSurvivorship= 63.7108257738873
ICWorkerMiteSurvivorship= 62.6584554323927
ICForagerLifespan= 15.4093220699579
ImmType= Exponential
AIAdultSlope= 6.05488701956347
AIAdultLD50= 0.175167251378298
AIAdultSlopeContact= 5.19265580223873
AIAdultLD50Contact= 0.197095275809988
AILarvaSlope= 0.526267208624631
AILarvaLD50= 1.5283845551312
AIKOW= 75.9101752657443
AIKOC= 95.5908982781693
AIHalfLife= 6.23061872413382
EAppRate= 1.48824012791738
