ICQueenStrength= 1.85744552197866
RQWkrDrnRatio= 1.76698855962604
ICDroneMiteSurvivorship= 74.6638760669157
ICWorkerMiteSurvivorship= 12.3820543289185
ICForagerLifespan= 9.49475256726146
ImmType= Cosine
AIAdultSlopeContact= 9.56485863309354
AIAdultLD50Contact= 0.0117647791281343
AILarvaSlope= 0.203182657714933
AILarvaLD50= 0.55070100678131
AIKOW= 15.9372229594737
AIKOC= 33.5034802556038
AIHalfLife= 5.62083851359785
