ICQueenStrength= 4.56423858436756
RQWkrDrnRatio= 4.47415538225323
ICDroneMiteSurvivorship= 56.2335069756955
ICWorkerMiteSurvivorship= 83.4379488835111
ICForagerLifespan= 4.15810879785568
ImmType= Sine
AIAdultSlope= 0.493223895924166
AIAdultLD50= 1.94119228958152
AIAdultSlopeContact= 0.853182650806848
AIAdultLD50Contact= 0.0311177844414487
AILarvaSlope= 2.89720864337869
AILarvaLD50= 0.408238775515929
AIKOW= 6.98179724114016
AIKOC= 6.40441398252733
AIHalfLife= 4.95792487030849
EAppRate= 0.786298991413787
