ICQueenStrength= 3.53754865261726
RQWkrDrnRatio= 4.66592728532851
ICDroneMiteSurvivorship= 66.2117065163329
ICWorkerMiteSurvivorship= 96.4066197164357
ICForagerLifespan= 14.455329622142
ImmType= Sine
AIAdultSlope= 3.70500586365815
AIAdultLD50= 0.285190269583836
AIAdultSlopeContact= 2.2689092150121
AIAdultLD50Contact= 0.0366699787788093
AILarvaSlope= 2.05661981133744
AILarvaLD50= 0.718113609775901
AIKOW= 5.23627535626292
AIKOC= 8.7007120961789
AIHalfLife= 3.98305514710955
EAppRate= 0.555132090603001
