ICQueenStrength= 2.36911073583178
RQWkrDrnRatio= 4.70821839477867
ICDroneMiteSurvivorship= 76.3866471592337
ICWorkerMiteSurvivorship= 1.55654626432806
ICForagerLifespan= 15.7591908862814
ImmType= Cosine
AIAdultSlopeContact= 3.37678234316641
AIAdultLD50Contact= 0.0165446900762618
AILarvaSlope= 1.28882296476513
AILarvaLD50= 0.527661185874604
AIKOW= 4.77176315849647
AIKOC= 11.1551796272397
AIHalfLife= 10.232522607781
