ICQueenStrength= 2.99311629054137
RQWkrDrnRatio= 1.68402407132089
ICDroneMiteSurvivorship= 53.5722235450521
ICWorkerMiteSurvivorship= 7.03075365163386
ICForagerLifespan= 5.33419422619045
ImmType= Sine
AIAdultSlope= 1.38708927333355
AIAdultLD50= 1.55301851802506
AIAdultSlopeContact= 2.87346838474972
AIAdultLD50Contact= 0.036961103673093
AILarvaSlope= 1.92905294331722
AILarvaLD50= 0.533020489686169
AIKOW= 3.68975850380957
AIKOC= 16.4337931503542
AIHalfLife= 4.08333493163809
EAppRate= 0.267285393318161
