ICQueenStrength= 2.83472448494285
RQWkrDrnRatio= 3.14128457941115
ICDroneMiteSurvivorship= 35.1218659197912
ICWorkerMiteSurvivorship= 84.5790300052613
ICForagerLifespan= 12.9768450707197
ImmType= Sine
AIAdultSlope= 0.1307375933812
AIAdultLD50= 0.301303533604369
AIAdultSlopeContact= 2.53342629343271
AIAdultLD50Contact= 0.0222112584626302
AILarvaSlope= 1.17734486567788
AILarvaLD50= 0.250654818140902
AIKOW= 7.06888604629785
AIKOC= 20.5708030855749
AIHalfLife= 3.81047670613043
EAppRate= 0.653720048069954
