ICQueenStrength= 3.27939062868245
RQWkrDrnRatio= 1.18417872581631
ICDroneMiteSurvivorship= 82.801715307869
ICWorkerMiteSurvivorship= 30.4903962649405
ICForagerLifespan= 9.21517411153764
ImmType= Tangent
AIAdultLD50= 0.154012839635834
AIAdultSlopeContact= 1.64824363886146
AIAdultLD50Contact= 0.00955901888664812
AILarvaSlope= 2.38176386202686
AILarvaLD50= 0.216542901308276
AIKOW= 6.82731385249645
AIKOC= 29.4635819515679
AIHalfLife= 13.0629334365949
EAppRate= 0.609508583787829
