ICQueenStrength= 5.03547638677992
RQWkrDrnRatio= 4.56165913492441
ICDroneMiteSurvivorship= 75.7355413399637
ICWorkerMiteSurvivorship= 62.3912108596414
ICForagerLifespan= 15.3984490064904
ImmType= Tangent
AIAdultSlope= 1.0011855025054
AIAdultLD50= 0.424582808627747
AIAdultSlopeContact= 3.53666993476683
AIAdultLD50Contact= 0.00166257743258029
AILarvaSlope= 1.89593740361743
AILarvaLD50= 0.885861770762131
AIKOW= 7.66485812468454
AIKOC= 13.4031408885494
AIHalfLife= 0.321792681934312
EAppRate= 0.378096181899309
