ICQueenStrength= 1.59029577882029
RQWkrDrnRatio= 4.44868008047342
ICDroneMiteSurvivorship= 2.18117998447269
ICWorkerMiteSurvivorship= 79.1476159589365
ICForagerLifespan= 6.14834026340395
ImmType= Sine
AIAdultSlope= 0.602292466722429
AIAdultLD50= 2.87831674609333
AIAdultSlopeContact= 3.222495865901
AIAdultLD50Contact= 0.0392955735092983
AILarvaSlope= 1.44340976569802
AILarvaLD50= 0.488000718201511
AIKOW= 2.20826318534091
AIKOC= 11.3302720023785
AIHalfLife= 9.64858827600256
EAppRate= 0.153545593842864
