ICQueenStrength= 3.11363381939009
RQWkrDrnRatio= 2.87581950705498
ICDroneMiteSurvivorship= 78.1686876202002
ICWorkerMiteSurvivorship= 99.7381670866162
ICForagerLifespan= 8.78072996996343
ImmType= Cosine
AIAdultSlope= 0.778344361914788
AIAdultLD50= 0.30787818680983
AIAdultSlopeContact= 1.64842655315995
AIAdultLD50Contact= 0.0142236733576283
AILarvaSlope= 1.64301782855764
AILarvaLD50= 0.871000979561359
AIKOW= 3.21456613391638
AIKOC= 7.23051480716094
AIHalfLife= 1.07821266399696
EAppRate= 0.326099997851998
