ICQueenStrength= 4.1709050713107
RQWkrDrnRatio= 1.55841388273984
ICDroneMiteSurvivorship= 87.5574086327106
ICWorkerMiteSurvivorship= 24.068076745607
ICForagerLifespan= 5.33354247454554
ImmType= Polynomial
AIAdultSlopeContact= 3.76000851740828
AIAdultLD50Contact= 0.0310825805761851
AILarvaSlope= 3.19846680369228
AILarvaLD50= 0.794594918936491
AIKOW= 6.59771118266508
AIKOC= 20.6254641711712
AIHalfLife= 1.84381267055869
