ICQueenStrength= 4.56893685995601
RQWkrDrnRatio= 4.08392917178571
ICDroneMiteSurvivorship= 16.6854256996885
ICWorkerMiteSurvivorship= 82.8268771758303
ICForagerLifespan= 10.7282247906551
ImmType= Exponential
AIAdultSlope= 1.86028453344479
AIAdultLD50= 0.290222198702395
AIAdultSlopeContact= 3.08254751765868
AIAdultLD50Contact= 0.00403666946804151
AILarvaSlope= 2.38743508779444
AILarvaLD50= 0.421764913969673
AIKOW= 7.91299236100167
AIKOC= 15.0115601147991
AIHalfLife= 7.49758216319606
EAppRate= 0.108756623696536
