ICQueenStrength= 5.37747383723035
RQWkrDrnRatio= 1.45294462982565
ICDroneMiteSurvivorship= 71.6022411128506
ICWorkerMiteSurvivorship= 26.0154318762943
ICForagerLifespan= 8.51381247118115
ImmType= Tangent
AIAdultSlope= 0.88331569712609
AIAdultLD50= 0.165218411944807
AIAdultSlopeContact= 1.40770824356005
AIAdultLD50Contact= 0.00915781001094729
AILarvaSlope= 0.476370650762692
AILarvaLD50= 0.233861102652736
AIKOW= 4.45336227538064
AIKOC= 27.4784295540303
AIHalfLife= 1.44674023240805
EAppRate= 0.206657006870955
