ICQueenStrength= 1.92295165988617
RQWkrDrnRatio= 4.71411985252053
ICDroneMiteSurvivorship= 34.2618282418698
ICWorkerMiteSurvivorship= 26.6227565705776
ICForagerLifespan= 6.5391166144982
ImmType= Sine
AIAdultSlope= 0.0243142667226493
AIAdultLD50= 1.61780896922573
AIAdultSlopeContact= 1.88728264987702
AIAdultLD50Contact= 0.0386279689497314
AILarvaSlope= 1.73179602883756
AILarvaLD50= 0.391062874160707
AIKOW= 4.78514633374289
AIKOC= 10.5407355597708
AIHalfLife= 12.2479092641734
EAppRate= 0.000225496012717485
