ICQueenStrength= 2.91314306808636
RQWkrDrnRatio= 4.32723872084171
ICDroneMiteSurvivorship= 18.5348764061928
ICWorkerMiteSurvivorship= 45.472648087889
ICForagerLifespan= 5.81104605365545
ImmType= Sine
AIAdultSlopeContact= 3.66420071339235
AIAdultLD50Contact= 0.000654104119166732
AILarvaSlope= 5.43571664951742
AILarvaLD50= 1.98214539187029
AIKOW= 62.8339359303936
AIKOC= 55.0100293941796
AIHalfLife= 6.72577584395185
