ICQueenStrength= 4.46448952681385
RQWkrDrnRatio= 3.29660768806934
ICDroneMiteSurvivorship= 98.1025491142645
ICWorkerMiteSurvivorship= 66.4440561085939
ICForagerLifespan= 10.8193698544055
ImmType= Sine
AIAdultLD50= 0.154012839635834
AIAdultSlopeContact= 1.07558443967253
AIAdultLD50Contact= 0.0257930834544823
AILarvaSlope= 1.54535508514382
AILarvaLD50= 0.783414538647048
AIKOW= 7.44321125559509
AIKOC= 10.1004876149818
AIHalfLife= 9.74237072980031
EAppRate= 0.128572856076062
