ICQueenStrength= 1.34496421110816
RQWkrDrnRatio= 2.85331509355456
ICDroneMiteSurvivorship= 63.6682594427839
ICWorkerMiteSurvivorship= 13.6765816481784
ICForagerLifespan= 7.4685049187392
ImmType= Exponential
AIAdultSlope= 0.673126825131476
