ICQueenStrength= 2.14509095088579
RQWkrDrnRatio= 4.24841855000705
ICDroneMiteSurvivorship= 23.5252528917044
ICWorkerMiteSurvivorship= 39.4740944728255
ICForagerLifespan= 12.681813291274
ImmType= Exponential
AIAdultSlope= 3.18658136109123
AIAdultLD50= 0.285341842332855
AIAdultSlopeContact= 0.77599509799853
AIAdultLD50Contact= 0.00346624057274312
AILarvaSlope= 0.479268391896039
AILarvaLD50= 0.70051153160166
AIKOW= 4.3003159891814
AIKOC= 17.5591422664002
AIHalfLife= 3.08147097472101
EAppRate= 0.428186844033189
