ICQueenStrength= 3.32962058857083
RQWkrDrnRatio= 1.91067902930081
ICDroneMiteSurvivorship= 8.43391539528966
ICWorkerMiteSurvivorship= 48.7476337468252
ICForagerLifespan= 10.8612507097423
ImmType= Tangent
AIAdultSlope= 2.83443534756079
AIAdultLD50= 0.102908509550616
AIAdultSlopeContact= 2.47874256961746
AIAdultLD50Contact= 0.0308982107671909
AILarvaSlope= 3.33211200288497
AILarvaLD50= 0.324842787673697
AIKOW= 7.77992087928578
AIKOC= 6.11208833986893
AIHalfLife= 11.1600250806659
EAppRate= 0.230140414554626
