ICQueenStrength= 3.69269690383226
RQWkrDrnRatio= 2.08053524512798
ICDroneMiteSurvivorship= 38.9234057860449
ICWorkerMiteSurvivorship= 93.875251756981
ICForagerLifespan= 7.46869070641696
ImmType= Logarithmic
AIAdultSlopeContact= 3.40825921739917
AIAdultLD50Contact= 0.0170169742894359
AILarvaSlope= 2.56211703126319
AILarvaLD50= 0.258248245320283
AIKOW= 3.78829797217622
AIKOC= 29.3586229044013
AIHalfLife= 13.0566854188219
