ICQueenStrength= 3.54421320161782
RQWkrDrnRatio= 3.13204005174339
ICDroneMiteSurvivorship= 13.5486438404769
ICWorkerMiteSurvivorship= 13.0499738268554
ICForagerLifespan= 6.78296293318272
ImmType= Tangent
AIAdultSlope= 2.96843226617202
AIAdultLD50= 1.67298833350651
AIAdultSlopeContact= 0.413175983419642
AIAdultLD50Contact= 0.00148142648395151
AILarvaSlope= 2.30927603519522
AILarvaLD50= 0.411370963440277
AIKOW= 7.39578577829525
AIKOC= 22.6815739017911
AIHalfLife= 11.6746993889101
EAppRate= 0.274775496451184
