ICQueenStrength= 4.71006615227088
RQWkrDrnRatio= 4.96221276558936
ICDroneMiteSurvivorship= 17.8946241270751
ICWorkerMiteSurvivorship= 90.3515476500615
ICForagerLifespan= 4.97230158373713
ImmType= Exponential
AIAdultSlope= 3.2538050535135
AIAdultLD50= 0.816387284081429
AIAdultSlopeContact= 2.84105136409169
AIAdultLD50Contact= 0.0321491308161058
AILarvaSlope= 1.53218547157012
AILarvaLD50= 0.0215990398311988
AIKOW= 5.68072841223329
AIKOC= 20.9911961760372
AIHalfLife= 0.931486300192773
EAppRate= 0.529647345654666
