ICQueenStrength= 1.41954023018479
RQWkrDrnRatio= 1.78977386839688
