ICQueenStrength= 1.22074879612774
RQWkrDrnRatio= 4.97234348673373
ICDroneMiteSurvivorship= 82.2262869914994
ICWorkerMiteSurvivorship= 74.311181739904
ICForagerLifespan= 11.4886864172295
ImmType= Logarithmic
AIAdultSlope= 3.21246757605812
AIAdultLD50= 0.21907111199107
AIAdultSlopeContact= 3.48650947408983
AIAdultLD50Contact= 0.00345431885216385
AILarvaSlope= 2.27772206524387
AILarvaLD50= 0.553854536893778
AIKOW= 4.74210291402414
AIKOC= 27.4981655774172
AIHalfLife= 4.66256642015651
EAppRate= 0.690946582192555
