ICQueenStrength= 1.11179047753103
RQWkrDrnRatio= 1.26394555717707
ICDroneMiteSurvivorship= 49.1115850629285
ICWorkerMiteSurvivorship= 75.5133768543601
ICForagerLifespan= 14.5320129077882
ImmType= Cosine
AIAdultSlope= 1.37987603647634
AIAdultLD50= 0.765235777711496
AIAdultSlopeContact= 3.29904588641832
AIAdultLD50Contact= 0.0307153960689902
AILarvaSlope= 0.935909917065874
AILarvaLD50= 0.794780426588841
AIKOW= 6.07260546647012
AIKOC= 23.11106261448
AIHalfLife= 3.84250982105732
EAppRate= 0.0186260042246431
