ICQueenStrength= 4.50546296802349
RQWkrDrnRatio= 3.71580539364368
ICDroneMiteSurvivorship= 6.72026323154569
ICWorkerMiteSurvivorship= 0.615797168575227
ICForagerLifespan= 7.22513156570494
ImmType= Polynomial
AIAdultSlope= 9.01242598192766
AIAdultLD50= 0.7862501910422
AIAdultSlopeContact= 9.54392143059522
AIAdultLD50Contact= 0.0299319606274366
AILarvaSlope= 6.25539597356692
AILarvaLD50= 0.228391298558563
AIKOW= 2.39190263673663
AIKOC= 67.6508530275896
AIHalfLife= 5.94685799535364
EAppRate= 1.97347171092406
