ICQueenStrength= 5.67790152295493
RQWkrDrnRatio= 4.4434132007882
ICDroneMiteSurvivorship= 30.3386125247926
ICWorkerMiteSurvivorship= 11.044882866554
ICForagerLifespan= 12.7935541775078
ImmType= Logarithmic
AIAdultSlope= 0.0763527536764741
