ICQueenStrength= 5.02562808129005
RQWkrDrnRatio= 1.84467537328601
ICDroneMiteSurvivorship= 57.757571246475
ICWorkerMiteSurvivorship= 67.4078755546361
ICForagerLifespan= 10.5345222130418
ImmType= Sine
AIAdultSlope= 1.93160377509892
AIAdultLD50= 0.01859618909657
AIAdultSlopeContact= 1.27596153470222
AIAdultLD50Contact= 0.0338722428656183
AILarvaSlope= 0.134797422448173
AILarvaLD50= 0.122439114307053
AIKOW= 6.76010409416631
AIKOC= 27.997963312082
AIHalfLife= 2.07205206854269
EAppRate= 0.128992211283185
