ICQueenStrength= 5.43755487445742
RQWkrDrnRatio= 4.52739197015762
ICDroneMiteSurvivorship= 70.5590376863256
ICWorkerMiteSurvivorship= 44.8875158792362
ICForagerLifespan= 12.9266741974279
ImmType= Tangent
AIAdultSlope= 1.99121247977018
