ICQueenStrength= 2.16115619195625
RQWkrDrnRatio= 2.36961384676397
ICDroneMiteSurvivorship= 34.5982120605186
ICWorkerMiteSurvivorship= 89.9549280526116
ICForagerLifespan= 6.72670334205031
ImmType= Logarithmic
AIAdultSlope= 2.29587891223608
AIAdultLD50= 0.0585895464755595
AIAdultSlopeContact= 2.74050591495819
AIAdultLD50Contact= 0.0382235790020786
AILarvaSlope= 0.996170131443068
AILarvaLD50= 0.417841033707373
AIKOW= 6.32434171950445
AIKOC= 16.748312972486
AIHalfLife= 2.67295294674113
EAppRate= 0.326857841387391
