ICQueenStrength= 3.39054560079239
RQWkrDrnRatio= 3.24519687239081
ICDroneMiteSurvivorship= 56.6794623620808
ICWorkerMiteSurvivorship= 87.2022767551243
ICForagerLifespan= 6.50017041154206
ImmType= Cosine
AIAdultSlope= 9.30294221267104
