ICQueenStrength= 2.81830735877156
RQWkrDrnRatio= 4.27613323461264
ICDroneMiteSurvivorship= 54.5678874244913
ICWorkerMiteSurvivorship= 29.6646870207042
ICForagerLifespan= 6.28456948325038
ImmType= Exponential
AIAdultSlope= 9.21994084957987
