ICQueenStrength= 2.81863666046411
RQWkrDrnRatio= 1.89001996908337
ICDroneMiteSurvivorship= 49.8662071768194
ICWorkerMiteSurvivorship= 61.1287466948852
ICForagerLifespan= 14.8883394300938
ImmType= Logarithmic
AIAdultSlope= 1.92485452010296
AIAdultLD50= 0.351393819786608
AIAdultSlopeContact= 3.74284468954895
AIAdultLD50Contact= 0.017165970953647
AILarvaSlope= 1.1750452528242
AILarvaLD50= 0.0582981723127887
AIKOW= 3.85879660071805
AIKOC= 8.9716896484606
AIHalfLife= 2.26620353711769
EAppRate= 0.934647249057889
