ICQueenStrength= 4.88350814813748
RQWkrDrnRatio= 4.05288293398917
ICDroneMiteSurvivorship= 52.6045749196783
ICWorkerMiteSurvivorship= 32.8116268850863
ICForagerLifespan= 11.7023343341425
ImmType= Polynomial
AIAdultSlopeContact= 0.0644271692982875
AIAdultLD50Contact= 0.00549076671013609
AILarvaSlope= 1.59376158700325
AILarvaLD50= 0.824499668972567
AIKOW= 2.44322193879634
AIKOC= 17.9823494818993
AIHalfLife= 12.7878819182515
