ICQueenStrength= 3.19257758348249
RQWkrDrnRatio= 2.09044307377189
ICDroneMiteSurvivorship= 10.5463712709025
ICWorkerMiteSurvivorship= 47.7109886705875
ICForagerLifespan= 5.74111215863377
ImmType= Sine
AIAdultSlope= 3.28186402642168
AIAdultLD50= 1.01864240784198
AIAdultSlopeContact= 2.407506822492
AIAdultLD50Contact= 0.00277492949971929
AILarvaSlope= 1.11566148200072
AILarvaLD50= 0.41269879876636
AIKOW= 2.5821236083284
AIKOC= 19.6086743858177
AIHalfLife= 5.10296530649066
EAppRate= 0.888470320729539
