ICQueenStrength= 4.38663666858338
RQWkrDrnRatio= 1.59349791798741
ICDroneMiteSurvivorship= 93.3973859995604
ICWorkerMiteSurvivorship= 41.2564985686913
ICForagerLifespan= 13.269541984424
ImmType= Cosine
AIAdultSlope= 2.36124327057041
AIAdultLD50= 1.91685049538501
AIAdultSlopeContact= 1.5723896060558
AIAdultLD50Contact= 0.0160463486914523
AILarvaSlope= 1.5728874348104
AILarvaLD50= 0.750600738893263
AIKOW= 5.51396426279098
AIKOC= 5.30731516890228
AIHalfLife= 9.71764394035563
EAppRate= 0.910497929202393
