ICQueenStrength= 2.79892062209547
RQWkrDrnRatio= 2.14450843445957
ICDroneMiteSurvivorship= 54.4514641864225
ICWorkerMiteSurvivorship= 37.6437319908291
ICForagerLifespan= 10.4689335832372
ImmType= Logarithmic
AIAdultSlopeContact= 2.95378095278051
AIAdultLD50Contact= 0.0491458785487339
AILarvaSlope= 1.75850701141171
AILarvaLD50= 0.859189668903127
AIKOW= 2.19000069610775
AIKOC= 10.0813571666367
AIHalfLife= 5.8552205665037
