ICQueenStrength= 2.79820061544888
RQWkrDrnRatio= 3.17912648525089
ICDroneMiteSurvivorship= 87.1337000979111
ICWorkerMiteSurvivorship= 92.6336003933102
ICForagerLifespan= 7.91265149880201
ImmType= Sine
AIAdultSlope= 0.33932151584886
AIAdultLD50= 2.16054126969539
AIAdultSlopeContact= 3.38735347765731
AIAdultLD50Contact= 0.0461261451710016
AILarvaSlope= 1.29120455505326
AILarvaLD50= 0.563488977402449
AIKOW= 7.76198785193264
AIKOC= 29.0147667296696
AIHalfLife= 3.58385471254587
EAppRate= 0.347501636482775
