ICQueenStrength= 4.02828633226454
RQWkrDrnRatio= 1.89093946292996
ICDroneMiteSurvivorship= 36.5366515470669
ICWorkerMiteSurvivorship= 0.16031835693866
ICForagerLifespan= 5.64330608583987
ImmType= Logarithmic
AIAdultSlope= 1.73748368117027
AIAdultLD50= 0.251126910210587
AIAdultSlopeContact= 3.61999721823027
AIAdultLD50Contact= 0.0235162118799053
AILarvaSlope= 1.67534401523881
AILarvaLD50= 0.0149044824996963
AIKOW= 2.1905255918391
AIKOC= 16.3106420671102
AIHalfLife= 1.93421671632677
EAppRate= 0.561536386888474
