ICQueenStrength= 3.58701999089681
RQWkrDrnRatio= 3.55504655558616
ICDroneMiteSurvivorship= 26.0448795277625
ICWorkerMiteSurvivorship= 6.090820976533
ICForagerLifespan= 7.32138137612492
ImmType= Sine
AIAdultSlope= 0.808850061243866
AIAdultLD50= 0.384358668816276
AIAdultSlopeContact= 0.991892774265725
AIAdultLD50Contact= 0.0378166670911014
AILarvaSlope= 1.37787555465475
AILarvaLD50= 0.0963244616053999
AIKOW= 5.5045206672512
AIKOC= 18.4468641364947
AIHalfLife= 2.86764859920368
EAppRate= 0
