ICQueenStrength= 4.46481137326919
RQWkrDrnRatio= 4.12819190509617
ICDroneMiteSurvivorship= 95.6545050255954
ICWorkerMiteSurvivorship= 95.9446567576379
ICForagerLifespan= 13.5319812139496
ImmType= Tangent
AIAdultSlopeContact= 1.46897058400791
AIAdultLD50Contact= 0.0225019437843002
AILarvaSlope= 3.14353802939877
AILarvaLD50= 0.745901223714463
AIKOW= 3.02963740006089
AIKOC= 10.8175769692753
AIHalfLife= 2.11264077806845
