ICQueenStrength= 2.4591378858313
RQWkrDrnRatio= 1.09236383344978
ICDroneMiteSurvivorship= 11.6561012808233
ICWorkerMiteSurvivorship= 7.94971834402531
ICForagerLifespan= 12.6241452470422
ImmType= Polynomial
AIAdultSlope= 3.81501295179594
AIAdultLD50= 0.117434025276452
AIAdultSlopeContact= 2.49401297768578
AIAdultLD50Contact= 0.0232426869100891
AILarvaSlope= 0.825491379247978
AILarvaLD50= 0.683815002813935
AIKOW= 7.55366405844688
AIKOC= 8.83168071857654
AIHalfLife= 4.86343755736016
EAppRate= 0.238692654110491
