ICQueenStrength= 2.6373310261406
RQWkrDrnRatio= 1.65046621486545
ICDroneMiteSurvivorship= 96.5301793767139
ICWorkerMiteSurvivorship= 65.7054444774985
ICForagerLifespan= 15.8124593058601
ImmType= Polynomial
AIAdultSlope= 0.108168889156077
AIAdultLD50= 0.481630980735645
AIAdultSlopeContact= 1.48110253422987
AIAdultLD50Contact= 0.00304146474227309
AILarvaSlope= 2.45614916929044
AILarvaLD50= 0.0822657651035115
AIKOW= 3.52083338936791
AIKOC= 21.6131712030619
AIHalfLife= 3.76954104402103
EAppRate= 0.423726309835911
