ICQueenStrength= 2.57052425201982
RQWkrDrnRatio= 3.23386508785188
ICDroneMiteSurvivorship= 30.5252706864849
ICWorkerMiteSurvivorship= 83.1424540840089
ICForagerLifespan= 4.23733953386545
ImmType= Polynomial
AIAdultSlope= 7.55040714517236
