ICQueenStrength= 3.56344714085571
RQWkrDrnRatio= 3.73486827034503
ICDroneMiteSurvivorship= 67.9401235422119
ICWorkerMiteSurvivorship= 79.2543420335278
ICForagerLifespan= 7.03914735466242
ImmType= Cosine
AIAdultSlope= 8.2681202259846
