ICQueenStrength= 1.36014458397403
RQWkrDrnRatio= 2.154421498999
ICDroneMiteSurvivorship= 96.6867836425081
ICWorkerMiteSurvivorship= 69.8426651768386
ICForagerLifespan= 7.07315684575588
ImmType= Exponential
AIAdultSlopeContact= 2.50357235083356
AIAdultLD50Contact= 0.144838441535831
AILarvaSlope= 7.3683257214725
AILarvaLD50= 1.3478465275839
AIKOW= 8.48453524522483
AIKOC= 51.2579176574945
AIHalfLife= 3.14684587996453
