ICQueenStrength= 1.55350056034513
RQWkrDrnRatio= 3.17950417939574
ICDroneMiteSurvivorship= 12.4393656151369
ICWorkerMiteSurvivorship= 63.3567879442126
ICForagerLifespan= 6.19625200424343
ImmType= Sine
AIAdultSlope= 6.48274201434106
AIAdultLD50= 0.843005997128785
AIAdultSlopeContact= 4.97498316923156
AIAdultLD50Contact= 0.195298795308918
AILarvaSlope= 0.311998010147363
AILarvaLD50= 0.272317998111248
AIKOW= 83.2941856468096
AIKOC= 35.842418554239
AIHalfLife= 4.54930502688512
EAppRate= 1.8803185429424
