ICQueenStrength= 4.81833915016614
RQWkrDrnRatio= 4.49145095050335
ICDroneMiteSurvivorship= 26.1898403288797
ICWorkerMiteSurvivorship= 98.9345787093043
ICForagerLifespan= 13.7119629597291
ImmType= Sine
AIAdultSlope= 1.30198352057487
AIAdultLD50= 1.02877998934127
AIAdultSlopeContact= 2.55091213394422
AIAdultLD50Contact= 0.00765170304803178
AILarvaSlope= 1.14965187250637
AILarvaLD50= 0.840578988776542
AIKOW= 4.47127232374623
AIKOC= 17.0706647750922
AIHalfLife= 8.472178703174
EAppRate= 0.781033467967063
