ICQueenStrength= 2.98947414522991
RQWkrDrnRatio= 4.71025254484266
ICDroneMiteSurvivorship= 2.20353547483683
ICWorkerMiteSurvivorship= 42.8964155027643
ICForagerLifespan= 15.8339133430272
ImmType= Cosine
AIAdultSlope= 1.57136653712951
AIAdultLD50= 2.77926654112525
AIAdultSlopeContact= 2.59612021156121
AIAdultLD50Contact= 0.0212592968950048
AILarvaSlope= 1.81959552909248
AILarvaLD50= 0.0475621005753055
AIKOW= 2.49790082173422
AIKOC= 21.7407780885696
AIHalfLife= 13.0311530544423
EAppRate= 0.209478382021189
