ICQueenStrength= 2.345690775197
RQWkrDrnRatio= 3.63454370014369
ICDroneMiteSurvivorship= 24.4693695567548
ICWorkerMiteSurvivorship= 46.0748775862157
ICForagerLifespan= 11.3209851039574
ImmType= Logarithmic
AIAdultSlope= 3.39263506180141
AIAdultLD50= 0.16852686018683
AIAdultSlopeContact= 1.55204460609471
AIAdultLD50Contact= 0.030724436044693
AILarvaSlope= 3.32965360763483
AILarvaLD50= 0.689504741155542
AIKOW= 4.13623294793069
AIKOC= 29.7325604723301
AIHalfLife= 3.74791284557432
EAppRate= 0
