ICQueenStrength= 1.17436059657484
RQWkrDrnRatio= 4.84895384125412
ICDroneMiteSurvivorship= 8.78695107530802
ICWorkerMiteSurvivorship= 54.2977537726983
ICForagerLifespan= 10.759477683343
ImmType= Cosine
AIAdultSlope= 1.91496812953614
AIAdultLD50= 0.160131473443471
AIAdultSlopeContact= 3.34643602279248
AIAdultLD50Contact= 0.0403467899654061
AILarvaSlope= 1.09877251479775
AILarvaLD50= 0.659191274433397
AIKOW= 7.3925873474218
AIKOC= 24.3579950078856
AIHalfLife= 4.90870007080957
EAppRate= 0.15272484109737
