ICQueenStrength= 4.02360260277055
RQWkrDrnRatio= 1.67905830778182
ICDroneMiteSurvivorship= 17.6867827773094
ICWorkerMiteSurvivorship= 68.2759031886235
ICForagerLifespan= 12.4755566315725
ImmType= Cosine
AIAdultSlope= 1.60779503514059
AIAdultLD50= 2.66387879708782
AIAdultSlopeContact= 1.68544027773198
AIAdultLD50Contact= 0.0495935933548026
AILarvaSlope= 1.42515690601431
AILarvaLD50= 0.729157500411384
AIKOW= 6.12319013057277
AIKOC= 21.0848606668878
AIHalfLife= 3.477940750774
EAppRate= 0.628946536919102
