ICQueenStrength= 3.65086202183738
RQWkrDrnRatio= 1.10611439310014
ICDroneMiteSurvivorship= 58.4667814197019
ICWorkerMiteSurvivorship= 62.6139248721302
ICForagerLifespan= 12.6563355997205
ImmType= Polynomial
AIAdultLD50= 0.154012839635834
AIAdultSlopeContact= 1.90666116900975
AIAdultLD50Contact= 0.0475797324092127
AILarvaSlope= 0.0461613123770803
AILarvaLD50= 0.00344925206154585
AIKOW= 5.77715289033949
AIKOC= 19.8307405936066
AIHalfLife= 5.71620997786522
EAppRate= 1.91851553367451
