ICQueenStrength= 5.31779995560646
RQWkrDrnRatio= 3.38101410958916
ICDroneMiteSurvivorship= 66.4508872665465
ICWorkerMiteSurvivorship= 50.0925404252484
ICForagerLifespan= 12.0833646943793
ImmType= Sine
AIAdultSlope= 0.399612594600767
AIAdultLD50= 0.0593959258403629
AIAdultSlopeContact= 0.878309056023136
AIAdultLD50Contact= 0.0334575324435718
AILarvaSlope= 3.02255922728218
AILarvaLD50= 0.739102524379268
AIKOW= 3.88638268178329
AIKOC= 29.683957482921
AIHalfLife= 3.75061042839661
EAppRate= 0.153315442195162
