ICQueenStrength= 3.37589435768314
RQWkrDrnRatio= 3.06332413107157
ICDroneMiteSurvivorship= 54.0975159732625
ICWorkerMiteSurvivorship= 23.4900064766407
ICForagerLifespan= 12.9135478241369
ImmType= Polynomial
AIAdultSlopeContact= 2.99261404513149
AIAdultLD50Contact= 0.0463346498087049
AILarvaSlope= 1.94549517165869
AILarvaLD50= 0.14729707413353
AIKOW= 2.59474468277767
AIKOC= 23.1714158272371
AIHalfLife= 12.0416704993695
