ICQueenStrength= 5.07328962115571
RQWkrDrnRatio= 2.17154728807509
ICDroneMiteSurvivorship= 51.4788110973313
ICWorkerMiteSurvivorship= 76.6687235794961
ICForagerLifespan= 10.2474659904838
ImmType= Sine
AIAdultSlope= 1.08916038353927
AIAdultLD50= 0.334148367634043
AIAdultSlopeContact= 2.75427861744538
AIAdultLD50Contact= 0.000849147944245488
AILarvaSlope= 0.979307670192793
AILarvaLD50= 0.896106900391169
AIKOW= 6.24792411504313
AIKOC= 22.4881903687492
AIHalfLife= 2.77822918165475
EAppRate= 0.738432402489707
