ICQueenStrength= 4.07981733698398
RQWkrDrnRatio= 2.92574382573366
ICDroneMiteSurvivorship= 50.0883914297447
ICWorkerMiteSurvivorship= 50.0734061002731
ICForagerLifespan= 13.1202413793653
ImmType= Tangent
AIAdultSlopeContact= 2.74219440221787
AIAdultLD50Contact= 0.0336336146923713
AILarvaSlope= 2.8775415874552
AILarvaLD50= 0.0846575979609042
AIKOW= 2.85779772186652
AIKOC= 5.32543714623898
AIHalfLife= 11.4032395286486
