ICQueenStrength= 4.55118658673018
RQWkrDrnRatio= 3.43279559444636
