ICQueenStrength= 5.54012939939275
RQWkrDrnRatio= 3.01296715252101
ICDroneMiteSurvivorship= 64.6553329657763
ICWorkerMiteSurvivorship= 88.0680490052328
ICForagerLifespan= 12.616227821447
ImmType= Cosine
AIAdultSlope= 0.366468076449819
AIAdultLD50= 0.478211180306971
AIAdultSlopeContact= 1.25750355027616
AIAdultLD50Contact= 0.00970559763954952
AILarvaSlope= 1.11783050536178
AILarvaLD50= 0.496107286540791
AIKOW= 5.94282085169107
AIKOC= 12.5647410412785
AIHalfLife= 1.63520421017893
EAppRate= 0.117881941655651
