ICQueenStrength= 4.49276340915821
RQWkrDrnRatio= 1.68587834760547
ICDroneMiteSurvivorship= 90.2906435541809
ICWorkerMiteSurvivorship= 32.4628678616136
ICForagerLifespan= 10.3684876943007
ImmType= Logarithmic
AIAdultSlope= 1.88594973850995
AIAdultLD50= 2.16821706597693
AIAdultSlopeContact= 3.33582918862347
AIAdultLD50Contact= 0.0432525612879545
AILarvaSlope= 1.96412741248496
AILarvaLD50= 0.384945421339944
AIKOW= 6.05222350824624
AIKOC= 18.0893893947359
AIHalfLife= 10.9963908893988
EAppRate= 0.44261195207946
