ICQueenStrength= 1.60323627549224
RQWkrDrnRatio= 4.5319439182058
ICDroneMiteSurvivorship= 15.4539795359597
ICWorkerMiteSurvivorship= 14.9097935762256
ICForagerLifespan= 7.86907614115626
ImmType= Logarithmic
AIAdultSlope= 2.02070547669427
AIAdultLD50= 0.00860560720320791
AIAdultSlopeContact= 0.411326132516842
AIAdultLD50Contact= 0.0170961966738105
AILarvaSlope= 0.31946720755659
AILarvaLD50= 0.326347195543349
AIKOW= 5.87484819069505
AIKOC= 8.40162783395499
AIHalfLife= 0.468261871719733
EAppRate= 0.630498528736643
