ICQueenStrength= 1.11333768838085
RQWkrDrnRatio= 3.88598733954132
ICDroneMiteSurvivorship= 4.52250568196177
ICWorkerMiteSurvivorship= 85.958965215832
ICForagerLifespan= 12.8403214113787
ImmType= Cosine
AIAdultSlope= 3.2915211930871
AIAdultLD50= 0.301574806217104
AIAdultSlopeContact= 2.51204004599713
AIAdultLD50Contact= 0.0226757932687178
AILarvaSlope= 2.70357008473948
AILarvaLD50= 0.403058737143874
AIKOW= 6.2152274758555
AIKOC= 17.0261132018641
AIHalfLife= 3.71358672971837
EAppRate= 0.624449795065448
