ICQueenStrength= 1.94684582203627
RQWkrDrnRatio= 4.13233180623502
ICDroneMiteSurvivorship= 42.7951158955693
ICWorkerMiteSurvivorship= 0.189146189950407
ICForagerLifespan= 12.9873075913638
ImmType= Polynomial
AIAdultSlope= 2.32924262294546
AIAdultLD50= 0.508457150310278
AIAdultSlopeContact= 3.57117330655456
AIAdultLD50Contact= 0.182823746325448
AILarvaSlope= 8.66148140514269
AILarvaLD50= 0.0442776354029775
AIKOW= 30.0665026064962
AIKOC= 75.1262889942154
AIHalfLife= 2.58802714943886
EAppRate= 0.471486610360444
