ICQueenStrength= 2.13870933768339
RQWkrDrnRatio= 3.1600416181609
ICDroneMiteSurvivorship= 60.7495259959251
ICWorkerMiteSurvivorship= 72.2309415228665
ICForagerLifespan= 14.9703645696864
ImmType= Logarithmic
AIAdultSlope= 1.73919486378087
AIAdultLD50= 0.269408467574976
AIAdultSlopeContact= 0.53446002752753
AIAdultLD50Contact= 0.0448472299613059
AILarvaSlope= 1.80322525938973
AILarvaLD50= 0.00484602937940508
AIKOW= 3.88512413622811
AIKOC= 19.9762970861048
AIHalfLife= 2.14720497955568
EAppRate= 0.405865993280895
