ICQueenStrength= 3.57572867558338
RQWkrDrnRatio= 1.10377146862447
ICDroneMiteSurvivorship= 12.6253277529031
ICWorkerMiteSurvivorship= 67.8103741956875
ICForagerLifespan= 14.6615863796324
ImmType= Sine
AIAdultSlope= 2.65756403337931
AIAdultLD50= 0.344659708323888
AIAdultSlopeContact= 2.8260610166355
AIAdultLD50Contact= 0.0359937011031434
AILarvaSlope= 3.28729095063172
AILarvaLD50= 0.0777774411952123
AIKOW= 3.79893411695957
AIKOC= 26.9743761001155
AIHalfLife= 3.94745786674321
EAppRate= 0
