ICQueenStrength= 4.33735567750409
RQWkrDrnRatio= 2.76749833021313
ICDroneMiteSurvivorship= 40.9411975881085
ICWorkerMiteSurvivorship= 43.6398460995406
ICForagerLifespan= 15.9902612790465
ImmType= Exponential
AIAdultSlope= 0.073409550532233
AIAdultLD50= 0.242418037960306
AIAdultSlopeContact= 2.25351867338642
AIAdultLD50Contact= 0.0471102808369324
AILarvaSlope= 1.8068986766506
AILarvaLD50= 0.317220176383853
AIKOW= 6.38273366261274
AIKOC= 24.4795396178961
AIHalfLife= 2.2969995031599
EAppRate= 0.130002554808743
