ICQueenStrength= 4.25337508227676
RQWkrDrnRatio= 1.18732623010874
ICDroneMiteSurvivorship= 39.0911487862468
ICWorkerMiteSurvivorship= 32.6359952101484
ICForagerLifespan= 8.18846802506596
ImmType= Cosine
AIAdultSlope= 0.454603439616039
AIAdultLD50= 1.80361064127646
AIAdultSlopeContact= 3.70839850339573
AIAdultLD50Contact= 0.0350835134508088
AILarvaSlope= 1.99928276981227
AILarvaLD50= 0.497950760414824
AIKOW= 3.622670146171
AIKOC= 29.6829612529837
AIHalfLife= 5.12195827160031
EAppRate= 0.153065851423889
