ICQueenStrength= 1.09009574889205
RQWkrDrnRatio= 3.78019319754094
ICDroneMiteSurvivorship= 88.8892914168537
ICWorkerMiteSurvivorship= 26.0176900308579
ICForagerLifespan= 10.351739785634
ImmType= Exponential
AIAdultSlope= 1.58471057005227
AIAdultLD50= 2.68138803192414
AIAdultSlopeContact= 3.65042077764636
AIAdultLD50Contact= 0.023120717832353
AILarvaSlope= 1.51423468934372
AILarvaLD50= 0.31691137093585
AIKOW= 4.35478587634861
AIKOC= 20.7585284963716
AIHalfLife= 12.3043060256168
EAppRate= 0.762073412770405
