ICQueenStrength= 2.90077535691671
RQWkrDrnRatio= 3.84565583057702
ICDroneMiteSurvivorship= 17.3166699940339
ICWorkerMiteSurvivorship= 1.58487011212856
ICForagerLifespan= 10.6733570871875
ImmType= Polynomial
AIAdultSlope= 1.42802287531085
AIAdultLD50= 2.45723259821534
AIAdultSlopeContact= 2.48038640276995
AIAdultLD50Contact= 0.0290244200616144
AILarvaSlope= 2.36181877106428
AILarvaLD50= 0.793366324086674
AIKOW= 2.25796416494995
AIKOC= 7.03666338929906
AIHalfLife= 13.4329546047375
EAppRate= 0.328294538892806
