ICQueenStrength= 3.15045531862415
RQWkrDrnRatio= 4.33574344590306
ICDroneMiteSurvivorship= 1.20196137577295
ICWorkerMiteSurvivorship= 17.0122663956136
ICForagerLifespan= 13.4964797776192
ImmType= Cosine
AIAdultSlope= 2.57570874331053
AIAdultLD50= 0.186928998096846
AIAdultSlopeContact= 0.230241246025544
AIAdultLD50Contact= 0.0243356717634015
AILarvaSlope= 2.28424770128913
AILarvaLD50= 0.196249931305647
AIKOW= 7.23180311173201
AIKOC= 29.2471280042082
AIHalfLife= 0.0687025673687458
EAppRate= 0.00959784544538706
