ICQueenStrength= 4.89551877393387
RQWkrDrnRatio= 3.53939789533615
ICDroneMiteSurvivorship= 22.3304199287668
ICWorkerMiteSurvivorship= 35.4812599020079
ICForagerLifespan= 15.2415210427716
ImmType= Polynomial
AIAdultSlope= 1.40385620454326
AIAdultSlopeContact= 0.639985873193946
AIAdultLD50Contact= 0.0376661601942033
AILarvaSlope= 0.439035530900583
AILarvaLD50= 0.0160297762602568
AIKOW= 2.50995968980715
AIKOC= 25.644497819012
AIHalfLife= 8.1186626763083
