ICQueenStrength= 5.87333593540825
RQWkrDrnRatio= 3.76539487950504
ICDroneMiteSurvivorship= 82.7524236403406
ICWorkerMiteSurvivorship= 18.3877969859168
ICForagerLifespan= 12.0967761641368
ImmType= Polynomial
AIAdultSlope= 3.12328365677269
AIAdultLD50= 0.233398569165729
AIAdultSlopeContact= 1.43273677135818
AIAdultLD50Contact= 0.032951389986556
AILarvaSlope= 2.92465706900693
AILarvaLD50= 0.0226845968747512
AIKOW= 4.70679194945842
AIKOC= 28.9443669852335
AIHalfLife= 4.52641028328799
EAppRate= 0.533954461012036
