ICQueenStrength= 4.56190474121831
RQWkrDrnRatio= 3.63375878334045
ICDroneMiteSurvivorship= 41.2883584853262
ICWorkerMiteSurvivorship= 44.2332436796278
ICForagerLifespan= 14.3958943206817
ImmType= Polynomial
AIAdultSlope= 3.12355665988289
AIAdultLD50= 1.23442515358329
AIAdultSlopeContact= 1.91558670984115
AIAdultLD50Contact= 0.011254550202284
AILarvaSlope= 0.292598407575861
AILarvaLD50= 0.639441601163708
AIKOW= 5.76995029300451
AIKOC= 21.9875961670186
AIHalfLife= 9.06258367886767
EAppRate= 0.550591507926583
