ICQueenStrength= 4.80164869129658
RQWkrDrnRatio= 1.44748594332486
ICDroneMiteSurvivorship= 98.5937119228765
ICWorkerMiteSurvivorship= 25.571101740934
ICForagerLifespan= 14.753910866566
ImmType= Tangent
AIAdultLD50= 0.154012839635834
AIAdultSlopeContact= 1.62601921532303
AIAdultLD50Contact= 0.0336920263944194
AILarvaSlope= 0.151002240320668
AILarvaLD50= 0.634231824008748
AIKOW= 4.04032634152099
AIKOC= 15.7773924479261
AIHalfLife= 12.5666408478282
EAppRate= 1.97896394273266
