ICQueenStrength= 5.72950288327411
RQWkrDrnRatio= 2.89958272501826
ICDroneMiteSurvivorship= 1.57798554282635
ICWorkerMiteSurvivorship= 7.30580578092486
ICForagerLifespan= 12.0707792500034
ImmType= Exponential
AIAdultSlope= 2.63763428339968
AIAdultLD50= 0.31045191490557
AIAdultSlopeContact= 2.77220191649627
AIAdultLD50Contact= 0.0313893104670569
AILarvaSlope= 2.9382045651786
AILarvaLD50= 0.249955369485542
AIKOW= 5.56916493317112
AIKOC= 15.1388609095011
AIHalfLife= 1.15154954022728
EAppRate= 0.260825702804141
