ICQueenStrength= 5.93539704591967
RQWkrDrnRatio= 2.45469610672444
ICDroneMiteSurvivorship= 98.3949545770884
ICWorkerMiteSurvivorship= 89.6488581318408
ICForagerLifespan= 13.9301344081759
ImmType= Sine
AIAdultSlope= 1.82033326663077
AIAdultLD50= 2.76055705267936
AIAdultSlopeContact= 3.53075398431625
AIAdultLD50Contact= 0.00931243051309139
AILarvaSlope= 3.20966622061096
AILarvaLD50= 0.818332668417133
AIKOW= 7.31693286215886
AIKOC= 28.3513332961593
AIHalfLife= 6.17658031405881
EAppRate= 0.31518082274124
