ICQueenStrength= 5.7766792261973
RQWkrDrnRatio= 4.82522292155772
ICDroneMiteSurvivorship= 17.5907708704472
ICWorkerMiteSurvivorship= 13.8453940628096
ICForagerLifespan= 15.7044646050781
ImmType= Polynomial
AIAdultSlope= 0.71888894216856
AIAdultLD50= 0.449039979022928
AIAdultSlopeContact= 0.023257261023391
AIAdultLD50Contact= 0.00475290856556967
AILarvaSlope= 0.691971601033583
AILarvaLD50= 0.597943668183871
AIKOW= 7.91765691945329
AIKOC= 7.19442124362104
AIHalfLife= 4.32921421248466
EAppRate= 0
