ICQueenStrength= 3.96624106587842
RQWkrDrnRatio= 4.10203830339015
ICDroneMiteSurvivorship= 48.3731119194999
ICWorkerMiteSurvivorship= 95.4350093845278
ICForagerLifespan= 12.7301588123664
ImmType= Exponential
AIAdultSlope= 0.488483723765239
AIAdultLD50= 0.254442021134309
AIAdultSlopeContact= 0.873130524675362
AIAdultLD50Contact= 0.039949414122384
AILarvaSlope= 2.59477287638001
AILarvaLD50= 0.238744444702752
AIKOW= 5.95392965339124
AIKOC= 7.32908169273287
AIHalfLife= 1.29607718554325
EAppRate= 0.514606481883675
