ICQueenStrength= 3.49060070957057
RQWkrDrnRatio= 2.83223531581461
ICDroneMiteSurvivorship= 1.06637189164758
ICWorkerMiteSurvivorship= 13.7071797158569
ICForagerLifespan= 4.92255209665745
ImmType= Polynomial
AIAdultSlopeContact= 1.62830687521957
AIAdultLD50Contact= 0.0278162078233436
AILarvaSlope= 0.403997063217685
AILarvaLD50= 0.527913871756755
AIKOW= 4.18867522897199
AIKOC= 22.4641271238215
AIHalfLife= 7.52890146756545
