ICQueenStrength= 3.78605658677407
RQWkrDrnRatio= 2.30002434924245
ICDroneMiteSurvivorship= 41.8915871763602
ICWorkerMiteSurvivorship= 77.5619623949751
ICForagerLifespan= 15.7166509730741
ImmType= Cosine
AIAdultSlope= 0.3826725599356
