ICQueenStrength= 5.98718984192237
RQWkrDrnRatio= 3.8934576837346
ICDroneMiteSurvivorship= 34.3686417443678
ICWorkerMiteSurvivorship= 79.3889990309253
ICForagerLifespan= 9.60901254508644
ImmType= Polynomial
AIAdultSlope= 0.0461764252744615
AIAdultLD50= 1.21332419430837
AIAdultSlopeContact= 3.77934338621562
AIAdultLD50Contact= 0.00157325302716345
AILarvaSlope= 0.461164572089911
AILarvaLD50= 0.515140506159514
AIKOW= 4.92400268651545
AIKOC= 17.0965915906709
AIHalfLife= 7.78682090388611
EAppRate= 0.883110623573884
