ICQueenStrength= 3.62208811938763
RQWkrDrnRatio= 1.85856533143669
ICDroneMiteSurvivorship= 23.4444707864895
ICWorkerMiteSurvivorship= 83.7433187523857
ICForagerLifespan= 15.3117841482162
ImmType= Exponential
AIAdultSlope= 0.802851489577442
AIAdultLD50= 0.0949393204646185
AIAdultSlopeContact= 0.262632198552601
AIAdultLD50Contact= 0.0202221214654855
AILarvaSlope= 2.34878471759148
AILarvaLD50= 0.722282724198885
AIKOW= 6.66981721716002
AIKOC= 8.94711388507858
AIHalfLife= 1.63375190226361
EAppRate= 0.525720870052464
