ICQueenStrength= 3.31427857419476
RQWkrDrnRatio= 4.26551488228142
ICDroneMiteSurvivorship= 74.3847807636485
ICWorkerMiteSurvivorship= 77.8416326502338
ICForagerLifespan= 15.4055355340242
ImmType= Sine
AIAdultSlope= 1.52943827331997
AIAdultLD50= 0.33058852062095
AIAdultSlopeContact= 2.17110219791997
AIAdultLD50Contact= 0.0338197962846607
AILarvaSlope= 0.62415421679616
AILarvaLD50= 0.736072334786877
AIKOW= 5.67158181546256
AIKOC= 22.5515906827059
AIHalfLife= 1.17527491180226
EAppRate= 0
