ICQueenStrength= 5.88078642287292
RQWkrDrnRatio= 1.93499730620533
ICDroneMiteSurvivorship= 71.2627741275355
ICWorkerMiteSurvivorship= 14.0225908719003
ICForagerLifespan= 14.4647361403331
ImmType= Exponential
AIAdultSlope= 1.56910336993402
AIAdultLD50= 0.465648034703918
AIAdultSlopeContact= 3.92899027420208
AIAdultLD50Contact= 0.0305284353788011
AILarvaSlope= 0.969007706968114
AILarvaLD50= 0.26690158280544
AIKOW= 2.10965671623126
AIKOC= 14.9549324833788
AIHalfLife= 2.11418544873595
EAppRate= 0.245857491111383
