ICQueenStrength= 4.62175632966682
RQWkrDrnRatio= 1.05613481905311
ICDroneMiteSurvivorship= 99.5092322351411
ICWorkerMiteSurvivorship= 10.4782239999622
ICForagerLifespan= 9.66461983416229
ImmType= Polynomial
AIAdultSlope= 1.77561019165674
AIAdultLD50= 0.0530494163976982
AIAdultSlopeContact= 3.39169138521189
AIAdultLD50Contact= 0.0308062009979039
AILarvaSlope= 0.800046753138304
AILarvaLD50= 0.761367443972267
AIKOW= 5.2805365966633
AIKOC= 13.0425814841874
AIHalfLife= 3.58302620006725
EAppRate= 0
