ICQueenStrength= 5.35642418684438
RQWkrDrnRatio= 2.4974461151287
ICDroneMiteSurvivorship= 78.4103898564354
ICWorkerMiteSurvivorship= 72.7792507968843
ICForagerLifespan= 12.7294589234516
ImmType= Sine
AIAdultSlope= 3.09786929567344
AIAdultLD50= 1.80472219549119
AIAdultSlopeContact= 0.448705256539397
AIAdultLD50Contact= 0.0390094330185093
AILarvaSlope= 0.0988011575769633
AILarvaLD50= 0.738962384616025
AIKOW= 6.18080699490383
AIKOC= 27.877111035632
AIHalfLife= 6.36531803617254
EAppRate= 0.851915967883542
