ICQueenStrength= 1.12675199075602
RQWkrDrnRatio= 4.51132339518517
ICDroneMiteSurvivorship= 34.507797867991
ICWorkerMiteSurvivorship= 56.6165631869808
ICForagerLifespan= 13.953501178883
ImmType= Logarithmic
AIAdultSlope= 2.66802061230177
AIAdultLD50= 0.343592416029423
AIAdultSlopeContact= 3.47964642394334
AIAdultLD50Contact= 0.0108785142656416
AILarvaSlope= 0.931114220526069
AILarvaLD50= 0.0898692136863247
AIKOW= 2.77915413258597
AIKOC= 27.4813120323233
AIHalfLife= 4.72323129069991
EAppRate= 0
