ICQueenStrength= 3.07713833427988
RQWkrDrnRatio= 1.53846663516015
ICDroneMiteSurvivorship= 14.4815962063149
ICWorkerMiteSurvivorship= 18.8177491771057
ICForagerLifespan= 6.71216567978263
ImmType= Exponential
AIAdultSlope= 3.09642543331487
AIAdultLD50= 0.149079889059067
AIAdultSlopeContact= 1.77367766189156
AIAdultLD50Contact= 0.0403674634057097
AILarvaSlope= 2.33070991951972
AILarvaLD50= 0.39068146571517
AIKOW= 4.45558876451105
AIKOC= 10.2549664280377
AIHalfLife= 3.81118009099737
EAppRate= 0
