ICQueenStrength= 3.5721463165246
RQWkrDrnRatio= 3.03220626991242
ICDroneMiteSurvivorship= 65.6050766818225
ICWorkerMiteSurvivorship= 66.2672218168154
ICForagerLifespan= 11.7045048279688
ImmType= Polynomial
AIAdultSlopeContact= 0.220685523294378
AIAdultLD50Contact= 0.00790379815734923
AILarvaSlope= 2.94955332912505
AILarvaLD50= 0.806399127398618
AIKOW= 5.93966261064634
AIKOC= 15.7731235388201
AIHalfLife= 5.8381477445364
