ICQueenStrength= 2.35103321284987
RQWkrDrnRatio= 3.2157434951514
ICDroneMiteSurvivorship= 97.6677616825327
ICWorkerMiteSurvivorship= 91.176903154701
ICForagerLifespan= 12.9202570123598
ImmType= Sine
AIAdultSlope= 0.171286249533296
