ICQueenStrength= 5.68052610754967
RQWkrDrnRatio= 2.40746001619846
ICDroneMiteSurvivorship= 88.935877638869
ICWorkerMiteSurvivorship= 84.556280169636
ICForagerLifespan= 6.85979131516069
ImmType= Sine
AIAdultSlope= 2.08644555010833
AIAdultLD50= 0.225687614176422
AIAdultSlopeContact= 2.93153063588077
AIAdultLD50Contact= 0.0490165392751805
AILarvaSlope= 0.490847765468061
AILarvaLD50= 0.281141757569276
AIKOW= 3.61604108195752
AIKOC= 6.54884938965552
AIHalfLife= 3.12736181262881
EAppRate= 0.197196838445961
