ICQueenStrength= 2.37387748225592
RQWkrDrnRatio= 1.77389629650861
ICDroneMiteSurvivorship= 18.8647526549175
ICWorkerMiteSurvivorship= 16.6920688003302
ICForagerLifespan= 4.27604508120567
ImmType= Cosine
AIAdultSlope= 2.67880413387902
AIAdultLD50= 0.589771291706711
AIAdultSlopeContact= 3.15469039438292
AIAdultLD50Contact= 0.04387438504491
AILarvaSlope= 2.35893397219479
AILarvaLD50= 0.431664078868926
AIKOW= 7.26234542578459
AIKOC= 5.49115145229734
AIHalfLife= 0.31823541270569
EAppRate= 0.375732319429517
