ICQueenStrength= 4.16575272241607
RQWkrDrnRatio= 3.41419669613242
ICDroneMiteSurvivorship= 66.4690763456747
ICWorkerMiteSurvivorship= 74.0730775985867
ICForagerLifespan= 8.50622153747827
ImmType= Cosine
AIAdultSlope= 1.78038971656933
AIAdultLD50= 1.77365324087441
AIAdultSlopeContact= 3.54012053581188
AIAdultLD50Contact= 0.0284110983833671
AILarvaSlope= 2.03262523491867
AILarvaLD50= 0.722116309474222
AIKOW= 7.46098618907854
AIKOC= 29.5890632271767
AIHalfLife= 5.32602090481669
EAppRate= 0.352635880466551
