ICQueenStrength= 2.69792285305448
RQWkrDrnRatio= 3.87709250766784
ICDroneMiteSurvivorship= 39.4587731454521
ICWorkerMiteSurvivorship= 56.9788838271052
ICForagerLifespan= 7.52173749450594
ImmType= Polynomial
AIAdultSlope= 9.17797597125173
