ICQueenStrength= 3.69917699508369
RQWkrDrnRatio= 1.58536279387772
ICDroneMiteSurvivorship= 61.0604562330991
ICWorkerMiteSurvivorship= 5.54518566932529
ICForagerLifespan= 5.92903936468065
ImmType= Cosine
AIAdultSlope= 0.901529755350202
AIAdultLD50= 0.822486616903916
AIAdultSlopeContact= 3.40011679748073
AIAdultLD50Contact= 0.0468209782266058
AILarvaSlope= 1.64220651746728
AILarvaLD50= 0.882469666097313
AIKOW= 3.11445001419634
AIKOC= 10.1158976915758
AIHalfLife= 13.244821080938
EAppRate= 0.199528870405629
