ICQueenStrength= 3.00010242639109
RQWkrDrnRatio= 3.60987096838653
ICDroneMiteSurvivorship= 79.1194401215762
ICWorkerMiteSurvivorship= 79.8962984932587
ICForagerLifespan= 13.5304429950193
ImmType= Polynomial
AIAdultSlope= 1.95684479530901
AIAdultLD50= 0.896592707606032
AIAdultSlopeContact= 2.67310875936644
AIAdultLD50Contact= 0.0072603719541803
AILarvaSlope= 1.04456850807182
AILarvaLD50= 0.227788606379181
AIKOW= 6.77781786350533
AIKOC= 22.9709359188564
AIHalfLife= 9.96755921747535
EAppRate= 0.247565035475418
