ICQueenStrength= 5.05581983271986
RQWkrDrnRatio= 1.31657212413847
ICDroneMiteSurvivorship= 34.7088245209306
ICWorkerMiteSurvivorship= 92.9779729573056
ICForagerLifespan= 9.61419762670994
ImmType= Exponential
AIAdultSlope= 2.85234872018918
AIAdultLD50= 0.424735608045012
AIAdultSlopeContact= 9.48127602227032
AIAdultLD50Contact= 0.122157070087269
AILarvaSlope= 2.77841658331454
AILarvaLD50= 0.719184225425124
AIKOW= 66.1213172599673
AIKOC= 83.7482701987028
AIHalfLife= 13.469685440883
EAppRate= 1.7325965068303
