ICQueenStrength= 2.07319410075434
RQWkrDrnRatio= 2.55960276350379
ICDroneMiteSurvivorship= 39.8584025213495
ICWorkerMiteSurvivorship= 11.8992338422686
ICForagerLifespan= 4.17039251048118
ImmType= Sine
AIAdultSlope= 5.35352044738829
