ICQueenStrength= 1.62755122897215
RQWkrDrnRatio= 3.78483538236469
ICDroneMiteSurvivorship= 0.0369242392480373
ICWorkerMiteSurvivorship= 89.1686074901372
ICForagerLifespan= 10.5169208087027
ImmType= Logarithmic
AIAdultSlope= 0.0779980796179734
AIAdultLD50= 0.288327633053996
AIAdultSlopeContact= 3.70390494744061
AIAdultLD50Contact= 0.0369806545553729
AILarvaSlope= 0.727841665968299
AILarvaLD50= 0.297772270278074
AIKOW= 3.45855864975601
AIKOC= 28.820074473042
AIHalfLife= 1.91849247086793
EAppRate= 0.204742804029956
