ICQueenStrength= 4.24271822813898
RQWkrDrnRatio= 1.8581023029983
ICDroneMiteSurvivorship= 43.0882971500978
ICWorkerMiteSurvivorship= 16.0947214346379
ICForagerLifespan= 14.7117029633373
ImmType= Polynomial
AIAdultSlopeContact= 2.27660569960484
AIAdultLD50Contact= 0.0188861221889965
AILarvaSlope= 2.91009045485407
AILarvaLD50= 0.791833590622991
AIKOW= 7.44320238055661
AIKOC= 17.8883728466462
AIHalfLife= 10.9633541745134
