ICQueenStrength= 5.19534524786286
RQWkrDrnRatio= 3.12051210366189
ICDroneMiteSurvivorship= 53.568282793276
ICWorkerMiteSurvivorship= 74.5379443513229
ICForagerLifespan= 14.2524839472026
ImmType= Logarithmic
AIAdultSlope= 0.727119918446988
AIAdultLD50= 0.729814784601331
AIAdultSlopeContact= 1.96946091154357
AIAdultLD50Contact= 0.0110110699781217
AILarvaSlope= 3.26405545473099
AILarvaLD50= 0.805017582094297
AIKOW= 6.78803766099736
AIKOC= 26.0137988789938
AIHalfLife= 0.452476740349084
EAppRate= 0.811312202364206
