ICQueenStrength= 3.45239241747186
RQWkrDrnRatio= 4.78545228950679
ICDroneMiteSurvivorship= 84.8599422257394
ICWorkerMiteSurvivorship= 74.0109407808632
ICForagerLifespan= 5.5765260271728
ImmType= Exponential
AIAdultSlope= 2.6812821962405
AIAdultLD50= 1.46317851310596
AIAdultSlopeContact= 2.02072985843522
AIAdultLD50Contact= 0.00962642763042823
AILarvaSlope= 2.2523919032421
AILarvaLD50= 0.614171351026744
AIKOW= 5.36131932027638
AIKOC= 13.7448331061751
AIHalfLife= 6.10360091691837
EAppRate= 0.287739738589153
