ICQueenStrength= 3.95996236801147
RQWkrDrnRatio= 1.64952742028981
