ICQueenStrength= 3.71766494610347
RQWkrDrnRatio= 4.35430849902332
ICDroneMiteSurvivorship= 95.2857943018898
ICWorkerMiteSurvivorship= 37.9925535758957
ICForagerLifespan= 4.47132928483188
ImmType= Exponential
AIAdultSlopeContact= 3.15802784350701
AIAdultLD50Contact= 0.0394740751362406
AILarvaSlope= 0.501858919905499
AILarvaLD50= 0.792276300117373
AIKOW= 6.8666516286321
AIKOC= 13.9306789333932
AIHalfLife= 12.0368779776618
