ICQueenStrength= 4.87404505047016
RQWkrDrnRatio= 2.92065670993179
ICDroneMiteSurvivorship= 78.3881464973092
ICWorkerMiteSurvivorship= 88.4737805463374
ICForagerLifespan= 15.1594284148887
ImmType= Cosine
AIAdultSlope= 2.85828247369733
AIAdultLD50= 0.167922068620101
AIAdultSlopeContact= 0.485992628317326
AIAdultLD50Contact= 0.0430407253443263
AILarvaSlope= 0.0896288938820362
AILarvaLD50= 0.293969517946243
AIKOW= 5.49231008533388
AIKOC= 15.7677086896729
AIHalfLife= 3.65654464694671
EAppRate= 0
