ICQueenStrength= 5.81365044484846
RQWkrDrnRatio= 3.34929912537336
ICDroneMiteSurvivorship= 60.8263884671032
ICWorkerMiteSurvivorship= 94.1393744666129
ICForagerLifespan= 14.3826653221622
ImmType= Logarithmic
AIAdultSlope= 2.06181963802082
AIAdultLD50= 0.236453567049466
AIAdultSlopeContact= 0.0670624936418608
AIAdultLD50Contact= 0.0298875776003115
AILarvaSlope= 1.27240668507293
AILarvaLD50= 0.813182206638157
AIKOW= 2.49603014439344
AIKOC= 26.9344811630435
AIHalfLife= 4.37795499688946
EAppRate= 0.0528355473186821
