ICQueenStrength= 5.72485631005839
RQWkrDrnRatio= 1.74367584940046
ICDroneMiteSurvivorship= 27.0951762795448
ICWorkerMiteSurvivorship= 90.7896417658776
ICForagerLifespan= 10.0419963691384
ImmType= Logarithmic
AIAdultSlopeContact= 7.25385678932071
AIAdultLD50Contact= 0.0560689973644912
AILarvaSlope= 3.89720878330991
AILarvaLD50= 1.58638149732724
AIKOW= 49.8414813773707
AIKOC= 40.4193065362051
AIHalfLife= 9.09586563194171
