ICQueenStrength= 3.79873989056796
RQWkrDrnRatio= 1.1098954891786
ICDroneMiteSurvivorship= 67.9447134258226
ICWorkerMiteSurvivorship= 1.53703736141324
ICForagerLifespan= 13.5205762153491
ImmType= Exponential
AIAdultSlope= 0.688445774186403
AIAdultLD50= 0.758342842105776
AIAdultSlopeContact= 3.17676923204446
AIAdultLD50Contact= 0.0357144001987763
AILarvaSlope= 1.02269677878357
AILarvaLD50= 0.840942015079781
AIKOW= 6.33352820435539
AIKOC= 27.8294426575303
AIHalfLife= 12.5603987332433
EAppRate= 0.0110144130885601
