ICQueenStrength= 1.3186174982693
RQWkrDrnRatio= 1.77083687577397
ICDroneMiteSurvivorship= 4.41906205378473
ICWorkerMiteSurvivorship= 99.1620260290802
ICForagerLifespan= 4.81274314969778
ImmType= Cosine
AIAdultSlope= 0.917405765082221
AIAdultLD50= 0.0315718239871785
AIAdultSlopeContact= 2.05050619362155
AIAdultLD50Contact= 0.0164768107351847
AILarvaSlope= 0.345142001565546
AILarvaLD50= 0.597988492716104
AIKOW= 4.64757872512564
AIKOC= 7.08869192283601
AIHalfLife= 0.890972388442606
EAppRate= 0
