ICQueenStrength= 5.2009537992999
RQWkrDrnRatio= 2.90105913393199
ICDroneMiteSurvivorship= 50.7271818816662
ICWorkerMiteSurvivorship= 11.0826153540984
ICForagerLifespan= 10.6945757409558
ImmType= Logarithmic
AIAdultSlope= 3.09975927942432
AIAdultLD50= 2.71482322504744
AIAdultSlopeContact= 2.27759176744614
AIAdultLD50Contact= 0.0030835532117635
AILarvaSlope= 0.787920280173421
AILarvaLD50= 0.894877221551724
AIKOW= 5.5873318198137
AIKOC= 26.9466673384886
AIHalfLife= 12.0244457949884
EAppRate= 0.182323275133967
