ICQueenStrength= 1.25525763630867
RQWkrDrnRatio= 2.03829559590667
ICDroneMiteSurvivorship= 31.7362196044996
ICWorkerMiteSurvivorship= 51.1567662237212
ICForagerLifespan= 6.69769328180701
ImmType= Sine
AIAdultSlope= 0.417484171129763
AIAdultLD50= 1.76786557375453
AIAdultSlopeContact= 2.81461433003889
AIAdultLD50Contact= 0.0361669869278558
AILarvaSlope= 0.847386907925829
AILarvaLD50= 0.732693922170438
AIKOW= 3.21000626962632
AIKOC= 29.8563826549798
AIHalfLife= 12.0307137388736
EAppRate= 0.397788474103436
