ICQueenStrength= 1.31699723098427
RQWkrDrnRatio= 3.91031356621534
