ICQueenStrength= 1.38551227538846
RQWkrDrnRatio= 2.18581412732601
ICDroneMiteSurvivorship= 91.6468404699117
ICWorkerMiteSurvivorship= 62.1627319371328
ICForagerLifespan= 14.3820468103513
ImmType= Tangent
AIAdultSlope= 1.19244240264175
AIAdultLD50= 0.442645665258169
AIAdultSlopeContact= 2.48043410848361
AIAdultLD50Contact= 0.035568336059805
AILarvaSlope= 1.10491139809601
AILarvaLD50= 0.510583276301622
AIKOW= 3.47107618814334
AIKOC= 9.2754294234328
AIHalfLife= 2.46543086250313
EAppRate= 0.235910229571164
