ICQueenStrength= 1.53074262104928
RQWkrDrnRatio= 4.63526222482324
ICDroneMiteSurvivorship= 14.5199507242069
ICWorkerMiteSurvivorship= 87.8391959471628
ICForagerLifespan= 11.3387150699273
ImmType= Polynomial
AIAdultSlopeContact= 0.315320521274116
AIAdultLD50Contact= 0.0411933245253749
AILarvaSlope= 1.57097758129239
AILarvaLD50= 0.863600325048901
AIKOW= 4.94140576384962
AIKOC= 26.0675686539616
AIHalfLife= 9.33763165399432
