ICQueenStrength= 4.47908228635788
RQWkrDrnRatio= 3.77804337441921
ICDroneMiteSurvivorship= 59.331244463101
ICWorkerMiteSurvivorship= 96.9504525419325
ICForagerLifespan= 14.5660799769685
ImmType= Exponential
AIAdultSlope= 1.50862212926149
AIAdultLD50= 1.75338277104311
AIAdultSlopeContact= 3.57398665686836
AIAdultLD50Contact= 0.00756838101660833
AILarvaSlope= 1.95218372792006
AILarvaLD50= 0.24068331385497
AIKOW= 6.33801366807893
AIKOC= 11.1385885521304
AIHalfLife= 2.84515617135912
EAppRate= 0.698719473322853
