ICQueenStrength= 5.97853319393471
RQWkrDrnRatio= 3.60745333321393
ICDroneMiteSurvivorship= 68.3471097610891
ICWorkerMiteSurvivorship= 8.94759907387197
ICForagerLifespan= 11.6540106926113
ImmType= Sine
AIAdultSlopeContact= 9.31205157889053
AIAdultLD50Contact= 0.0483611911069602
AILarvaSlope= 3.02438335493207
AILarvaLD50= 0.00040294136852026
AIKOW= 41.4746374124661
AIKOC= 17.2304443083704
AIHalfLife= 4.02602981589735
