ICQueenStrength= 4.94512556609698
RQWkrDrnRatio= 1.69829021114856
ICDroneMiteSurvivorship= 44.5620940765366
ICWorkerMiteSurvivorship= 43.3756211772561
ICForagerLifespan= 5.91075151320547
ImmType= Sine
AIAdultSlope= 1.0123289632611
AIAdultLD50= 0.880422121146694
AIAdultSlopeContact= 7.1518947253935
AIAdultLD50Contact= 0.107921497710049
AILarvaSlope= 4.70461074030027
AILarvaLD50= 1.27755726594478
AIKOW= 15.9073157003149
AIKOC= 8.54678645264357
AIHalfLife= 2.89471590984613
EAppRate= 0.0538237630389631
