ICQueenStrength= 3.53271041205153
RQWkrDrnRatio= 4.47487427666783
ICDroneMiteSurvivorship= 49.9865322839469
ICWorkerMiteSurvivorship= 5.32383711542934
ICForagerLifespan= 7.42142453975976
ImmType= Logarithmic
AIAdultSlope= 1.03498241477413
AIAdultLD50= 0.321627343771979
AIAdultSlopeContact= 1.29107347243465
AIAdultLD50Contact= 0.0247601634124294
AILarvaSlope= 1.97889649639837
AILarvaLD50= 0.0746285854373127
AIKOW= 5.26261520758271
AIKOC= 11.0184031317476
AIHalfLife= 4.05056209652685
EAppRate= 0.10455017471686
