ICQueenStrength= 5.96976627851836
RQWkrDrnRatio= 2.01288240030408
ICDroneMiteSurvivorship= 56.6562940832227
ICWorkerMiteSurvivorship= 29.4527643593028
ICForagerLifespan= 7.77638877369463
ImmType= Cosine
AIAdultSlope= 1.43540933933109
AIAdultLD50= 2.60446866019629
AIAdultSlopeContact= 1.73384669696912
AIAdultLD50Contact= 0.0271998991491273
AILarvaSlope= 0.795526510151103
AILarvaLD50= 0.836295126727782
AIKOW= 7.00459308549762
AIKOC= 8.58872917713597
AIHalfLife= 3.70255678892136
EAppRate= 0.928279176354408
