ICQueenStrength= 5.29255116032436
RQWkrDrnRatio= 2.99282995052636
ICDroneMiteSurvivorship= 15.0989410467446
ICWorkerMiteSurvivorship= 47.9824195615947
ICForagerLifespan= 11.0131136821583
ImmType= Tangent
AIAdultSlope= 8.0711234617047
