ICQueenStrength= 1.54681351641193
RQWkrDrnRatio= 2.66630431544036
ICDroneMiteSurvivorship= 1.73076265491545
ICWorkerMiteSurvivorship= 85.8947505010292
ICForagerLifespan= 13.9446375565603
ImmType= Exponential
AIAdultSlope= 2.78761292996351
AIAdultLD50= 0.239260199130513
AIAdultSlopeContact= 2.15797108951723
AIAdultLD50Contact= 0.0251002687145956
AILarvaSlope= 0.96509029767476
AILarvaLD50= 0.169245154224336
AIKOW= 4.31520043173805
AIKOC= 22.1007479424588
AIHalfLife= 4.9425964942202
EAppRate= 0.0123374958289787
