ICQueenStrength= 1.80733440583572
RQWkrDrnRatio= 3.08992898184806
ICDroneMiteSurvivorship= 49.123544129543
ICWorkerMiteSurvivorship= 97.8236523922533
ICForagerLifespan= 5.29976968560368
ImmType= Cosine
AIAdultSlope= 1.6272566978354
AIAdultLD50= 2.76788318529725
AIAdultSlopeContact= 1.6441178248194
AIAdultLD50Contact= 0.0361162657267414
AILarvaSlope= 2.91089483764954
AILarvaLD50= 0.866666263458319
AIKOW= 7.77650902001187
AIKOC= 16.9037595693953
AIHalfLife= 1.23164904862642
EAppRate= 0.856349291047081
