ICQueenStrength= 1.00125185819343
RQWkrDrnRatio= 2.49330133385956
ICDroneMiteSurvivorship= 60.3401910047978
ICWorkerMiteSurvivorship= 29.5542874606326
ICForagerLifespan= 11.4021632354707
ImmType= Sine
AIAdultSlope= 1.13760767700151
AIAdultLD50= 0.708245155401528
AIAdultSlopeContact= 2.60846391673666
AIAdultLD50Contact= 0.0447011767420918
AILarvaSlope= 1.88032875633799
AILarvaLD50= 0.804137939703651
AIKOW= 3.19017618848011
AIKOC= 25.4657575697638
AIHalfLife= 9.24090018449351
EAppRate= 0.957886648131534
