ICQueenStrength= 4.66279541281983
RQWkrDrnRatio= 3.04500165116042
ICDroneMiteSurvivorship= 57.7696636784822
ICWorkerMiteSurvivorship= 92.6941635552794
ICForagerLifespan= 13.3585999794304
ImmType= Cosine
AIAdultSlope= 3.15088167209178
AIAdultLD50= 2.95789247355424
AIAdultSlopeContact= 1.63072464884492
AIAdultLD50Contact= 0.045958964608144
AILarvaSlope= 3.25998286493123
AILarvaLD50= 0.23793898425065
AIKOW= 4.95445750886574
AIKOC= 17.5860047177412
AIHalfLife= 3.82850478589535
EAppRate= 0.558565595420077
