ICQueenStrength= 5.79325257590972
RQWkrDrnRatio= 2.60852623637766
ICDroneMiteSurvivorship= 97.5170408841223
ICWorkerMiteSurvivorship= 23.0441645719111
ICForagerLifespan= 13.8208640990779
ImmType= Sine
AIAdultSlope= 1.88032439211383
AIAdultLD50= 0.762162487255409
AIAdultSlopeContact= 3.34058732206235
AIAdultLD50Contact= 0.0412847816478461
AILarvaSlope= 1.26763601494022
AILarvaLD50= 0.0559661690611392
AIKOW= 5.63899817829952
AIKOC= 7.8132576146163
AIHalfLife= 13.8036192953587
EAppRate= 0.513456908753142
