ICQueenStrength= 3.02489399933256
RQWkrDrnRatio= 4.03137981332839
ICDroneMiteSurvivorship= 0.911809992976487
ICWorkerMiteSurvivorship= 7.15892391745001
ICForagerLifespan= 8.08337376732379
ImmType= Tangent
AIAdultSlope= 3.29881882951129
AIAdultLD50= 0.489713290357031
AIAdultSlopeContact= 2.24384202011162
AIAdultLD50Contact= 0.029782836814411
AILarvaSlope= 0.427542737266049
AILarvaLD50= 0.895428088819608
AIKOW= 7.47222814708948
AIKOC= 25.4211901931558
AIHalfLife= 2.84928390523419
EAppRate= 0.389793414063752
