ICQueenStrength= 4.57829405344091
RQWkrDrnRatio= 3.97686441894621
ICDroneMiteSurvivorship= 32.5487485388294
ICWorkerMiteSurvivorship= 68.1902124546468
ICForagerLifespan= 14.0097873993218
ImmType= Logarithmic
AIAdultSlope= 4.46385186398402
