ICQueenStrength= 4.61381803639233
RQWkrDrnRatio= 1.09069027379155
ICDroneMiteSurvivorship= 27.2804755950347
ICWorkerMiteSurvivorship= 86.976788379252
ICForagerLifespan= 6.33047275524586
ImmType= Tangent
AIAdultSlopeContact= 0.636296821357682
AIAdultLD50Contact= 0.0289596089394763
AILarvaSlope= 0.435935175139457
AILarvaLD50= 0.550237376871519
AIKOW= 7.27549555897713
AIKOC= 17.2149322240148
AIHalfLife= 3.93225423013791
