ICQueenStrength= 2.7007457674481
RQWkrDrnRatio= 2.67057717964053
ICDroneMiteSurvivorship= 92.5207535736263
ICWorkerMiteSurvivorship= 44.683546689339
ICForagerLifespan= 15.1733061196283
ImmType= Tangent
AIAdultLD50= 0.154012839635834
AIAdultSlopeContact= 3.47579385175137
AIAdultLD50Contact= 0.0158650249475613
AILarvaSlope= 3.31799231837504
AILarvaLD50= 0.856256484962069
AIKOW= 6.49087334237993
AIKOC= 6.21351245907135
AIHalfLife= 9.88569588400424
EAppRate= 1.25218475237489
