ICQueenStrength= 5.30628521018662
RQWkrDrnRatio= 2.8142227800563
ICDroneMiteSurvivorship= 47.6832604501396
ICWorkerMiteSurvivorship= 63.3197212126106
ICForagerLifespan= 6.48901663254946
ImmType= Exponential
AIAdultSlope= 3.26450865482911
AIAdultLD50= 0.337550207739696
AIAdultSlopeContact= 0.537061359628569
AIAdultLD50Contact= 0.0461465492262505
AILarvaSlope= 2.87165700234473
AILarvaLD50= 0.404154261737131
AIKOW= 4.13099219230935
AIKOC= 15.2072027453687
AIHalfLife= 12.5972203044221
EAppRate= 0.589172651525587
