ICQueenStrength= 5.9588662199676
RQWkrDrnRatio= 1.28271770011634
ICDroneMiteSurvivorship= 13.123296899721
ICWorkerMiteSurvivorship= 40.6423822045326
ICForagerLifespan= 14.8371707079932
ImmType= Cosine
AIAdultSlope= 6.23976744012907
