ICQueenStrength= 4.83763688965701
RQWkrDrnRatio= 3.67601499613374
ICDroneMiteSurvivorship= 63.3337499108166
ICWorkerMiteSurvivorship= 84.489788999781
ICForagerLifespan= 8.12271003611386
ImmType= Cosine
AIAdultSlope= 0.637903799582273
AIAdultLD50= 2.58783826930448
AIAdultSlopeContact= 2.49679115106817
AIAdultLD50Contact= 0.0368910962133668
AILarvaSlope= 0.360525891697034
AILarvaLD50= 0.0811803023563698
AIKOW= 4.96959146251902
AIKOC= 17.622494000243
AIHalfLife= 4.94334500608966
EAppRate= 0.880131682846695
