ICQueenStrength= 4.28133081435226
RQWkrDrnRatio= 1.85493440832943
ICDroneMiteSurvivorship= 57.7680684858933
ICWorkerMiteSurvivorship= 95.8078627474606
ICForagerLifespan= 9.79777109622955
ImmType= Tangent
AIAdultSlope= 2.36815085590119
AIAdultLD50= 0.119074568268843
AIAdultSlopeContact= 0.59843276092317
AIAdultLD50Contact= 0.0034514908445999
AILarvaSlope= 0.210826386930421
AILarvaLD50= 0.626204148866236
AIKOW= 6.17300421977416
AIKOC= 10.7356725388672
AIHalfLife= 4.98243207111955
EAppRate= 0
