ICQueenStrength= 5.02766434010118
RQWkrDrnRatio= 3.00687078107148
ICDroneMiteSurvivorship= 2.43618853855878
ICWorkerMiteSurvivorship= 59.1554511338472
ICForagerLifespan= 15.5714085726067
ImmType= Tangent
AIAdultSlope= 3.01465680161491
AIAdultLD50= 0.606631997041404
AIAdultSlopeContact= 1.2174338499899
AIAdultLD50Contact= 0.0318144109216519
AILarvaSlope= 2.02107713604346
AILarvaLD50= 0.312231122818775
AIKOW= 6.31748848687857
AIKOC= 7.13485511485487
AIHalfLife= 5.59369763638824
EAppRate= 0.150481163291261
