ICQueenStrength= 1.60643711593002
RQWkrDrnRatio= 2.59676028601825
ICDroneMiteSurvivorship= 82.1229160763323
ICWorkerMiteSurvivorship= 97.5585087668151
ICForagerLifespan= 8.61383569426835
ImmType= Tangent
AIAdultSlope= 2.95012098133564
AIAdultLD50= 0.130053943954408
AIAdultSlopeContact= 0.255807709365617
AIAdultLD50Contact= 0.0298845635727048
AILarvaSlope= 2.75135109662078
AILarvaLD50= 0.586508359014988
AIKOW= 3.97225999180228
AIKOC= 13.7542262510397
AIHalfLife= 4.84966199845076
EAppRate= 0
