ICQueenStrength= 4.90510336030275
RQWkrDrnRatio= 4.26304683368653
ICDroneMiteSurvivorship= 13.8875590637326
ICWorkerMiteSurvivorship= 53.7780217593536
ICForagerLifespan= 12.7527537718415
ImmType= Cosine
AIAdultSlopeContact= 0.324668835417833
AIAdultLD50Contact= 0.0422153800493106
AILarvaSlope= 2.29309816500172
AILarvaLD50= 0.546384765207767
AIKOW= 3.51161204557866
AIKOC= 14.2470058298204
AIHalfLife= 12.9121472556144
