ICQueenStrength= 4.77886610804126
RQWkrDrnRatio= 2.66502679791301
ICDroneMiteSurvivorship= 36.5115446969867
ICWorkerMiteSurvivorship= 26.4883551746607
ICForagerLifespan= 8.32547090854496
ImmType= Logarithmic
AIAdultSlope= 0.666190321696922
AIAdultLD50= 0.299177228473127
AIAdultSlopeContact= 2.28931950288126
AIAdultLD50Contact= 0.0254302001325414
AILarvaSlope= 2.90395244155079
AILarvaLD50= 0.470118768909015
AIKOW= 4.38247601734474
AIKOC= 13.6791471869219
AIHalfLife= 12.5049659386277
EAppRate= 0.646134926937521
