ICQueenStrength= 3.07880153786391
RQWkrDrnRatio= 4.11316234990954
ICDroneMiteSurvivorship= 55.445552081801
ICWorkerMiteSurvivorship= 83.9375952491537
ICForagerLifespan= 14.6152744032443
ImmType= Sine
AIAdultSlope= 2.63177287480794
AIAdultLD50= 2.41282153967768
AIAdultSlopeContact= 3.51764429114526
AIAdultLD50Contact= 0.0194359717075713
AILarvaSlope= 1.87947959373705
AILarvaLD50= 0.22028530833777
AIKOW= 6.67363080568612
AIKOC= 29.3030128185637
AIHalfLife= 13.7166896443814
EAppRate= 0.45589350676164
