ICQueenStrength= 5.13325083442032
RQWkrDrnRatio= 3.13187623769045
ICDroneMiteSurvivorship= 75.0743732787669
ICWorkerMiteSurvivorship= 43.0896749487147
ICForagerLifespan= 8.81222153455019
ImmType= Cosine
AIAdultSlope= 1.47748743558303
AIAdultLD50= 0.424996178480797
AIAdultSlopeContact= 2.77259086959064
AIAdultLD50Contact= 0.0498054079245776
AILarvaSlope= 2.48348002606072
AILarvaLD50= 0.534120123717003
AIKOW= 5.91356409387663
AIKOC= 5.56848941603675
AIHalfLife= 1.62342880270444
EAppRate= 0
