ICQueenStrength= 3.83239760901779
RQWkrDrnRatio= 3.98911614436656
ICDroneMiteSurvivorship= 85.5962350498885
ICWorkerMiteSurvivorship= 0.857389508746564
ICForagerLifespan= 8.28670514002442
ImmType= Polynomial
AIAdultSlopeContact= 2.54634994200664
AIAdultLD50Contact= 0.00982776946621016
AILarvaSlope= 2.73695502919145
AILarvaLD50= 0.106914754235186
AIKOW= 7.01078618876636
AIKOC= 18.8434777793009
AIHalfLife= 8.34280147543177
