ICQueenStrength= 4.07916375109926
RQWkrDrnRatio= 4.78859756328166
ICDroneMiteSurvivorship= 69.2730970447883
ICWorkerMiteSurvivorship= 19.4679606705904
ICForagerLifespan= 6.10726601537317
ImmType= Sine
AIAdultSlope= 0.748544901143759
