ICQueenStrength= 3.55509321112186
RQWkrDrnRatio= 1.88712484203279
ICDroneMiteSurvivorship= 58.2177587319165
ICWorkerMiteSurvivorship= 87.7761435229331
ICForagerLifespan= 12.6530446633697
ImmType= Polynomial
AIAdultSlope= 0.140165547188371
AIAdultLD50= 2.39434736827388
AIAdultSlopeContact= 2.55844509177608
AIAdultLD50Contact= 0.00191735083935782
AILarvaSlope= 2.55062347450294
AILarvaLD50= 0.419496175646782
AIKOW= 4.31880049826577
AIKOC= 10.5920867191162
AIHalfLife= 5.43254175083712
EAppRate= 0.082367846975103
