ICQueenStrength= 1.82249605911784
RQWkrDrnRatio= 4.8433398604393
ICDroneMiteSurvivorship= 67.3569694161415
ICWorkerMiteSurvivorship= 61.6903147660196
ICForagerLifespan= 13.5744585646316
ImmType= Tangent
AIAdultSlope= 5.58190060546622
