ICQueenStrength= 4.95301319891587
RQWkrDrnRatio= 4.91545209474862
ICDroneMiteSurvivorship= 22.1451061777771
ICWorkerMiteSurvivorship= 30.537875299342
ICForagerLifespan= 4.6381711428985
ImmType= Exponential
AIAdultSlope= 2.05242199357599
AIAdultLD50= 0.566865495406091
AIAdultSlopeContact= 1.69293473940343
AIAdultLD50Contact= 0.14144460442476
AILarvaSlope= 0.717920789029449
AILarvaLD50= 1.67137825675309
AIKOW= 78.1931439647451
AIKOC= 93.0654438445345
AIHalfLife= 12.9950825506821
EAppRate= 0.357736372854561
