ICQueenStrength= 4.0512892047409
RQWkrDrnRatio= 2.32046409137547
ICDroneMiteSurvivorship= 89.7277478361502
ICWorkerMiteSurvivorship= 32.4601017870009
ICForagerLifespan= 10.4502961169928
ImmType= Tangent
AIAdultSlope= 0.165807654242963
AIAdultSlopeContact= 3.56340895707719
AIAdultLD50Contact= 0.00341904673259705
AILarvaSlope= 3.32104399558157
AILarvaLD50= 0.0730984237510711
AIKOW= 6.12842498812824
AIKOC= 29.2839665443171
AIHalfLife= 2.29526626551524
