ICQueenStrength= 4.39524111011997
RQWkrDrnRatio= 2.38515738211572
ICDroneMiteSurvivorship= 77.1402791375294
ICWorkerMiteSurvivorship= 24.4350297609344
ICForagerLifespan= 5.53338943421841
ImmType= Polynomial
AIAdultSlope= 1.24639853654662
AIAdultLD50= 0.103720969986171
AIAdultSlopeContact= 3.07175309158629
AIAdultLD50Contact= 0.0181701051886193
AILarvaSlope= 2.98817139156163
AILarvaLD50= 0.748028078419156
AIKOW= 4.80742836464196
AIKOC= 29.0243412088603
AIHalfLife= 3.0371867492795
EAppRate= 0
