ICQueenStrength= 3.40519085898995
RQWkrDrnRatio= 3.0999044040218
ICDroneMiteSurvivorship= 97.6759217679501
ICWorkerMiteSurvivorship= 84.4402717193589
ICForagerLifespan= 5.58657233323902
ImmType= Polynomial
AIAdultSlopeContact= 4.0106355631724
AIAdultLD50Contact= 0.101345197297633
AILarvaSlope= 5.78163161873817
AILarvaLD50= 1.83712375722826
AIKOW= 15.0771293789148
AIKOC= 66.9202168472111
AIHalfLife= 13.9395506037399
