ICQueenStrength= 2.00513346493244
RQWkrDrnRatio= 4.53383222129196
