ICQueenStrength= 3.76938693365082
RQWkrDrnRatio= 2.87381404172629
ICDroneMiteSurvivorship= 40.794370835647
ICWorkerMiteSurvivorship= 34.2514457181096
ICForagerLifespan= 8.0987107725814
ImmType= Exponential
AIAdultSlope= 2.31052064727992
AIAdultLD50= 0.402732598595321
AIAdultSlopeContact= 1.70206473620608
AIAdultLD50Contact= 0.0307996681309305
AILarvaSlope= 1.08338236687705
AILarvaLD50= 0.575178990187123
AIKOW= 7.41055948194116
AIKOC= 11.7685441055801
AIHalfLife= 2.57108670892194
EAppRate= 0
