ICQueenStrength= 2.29533296916634
RQWkrDrnRatio= 4.35541299544275
ICDroneMiteSurvivorship= 88.7729214504361
ICWorkerMiteSurvivorship= 16.0265604499727
ICForagerLifespan= 7.94871462043375
ImmType= Polynomial
AIAdultSlopeContact= 1.17178081520833
AIAdultLD50Contact= 0.0196362372953445
AILarvaSlope= 2.51290121953934
AILarvaLD50= 0.0535157301463187
AIKOW= 4.87496844120324
AIKOC= 15.1372849196196
AIHalfLife= 2.9549293089658
