ICQueenStrength= 3.65064012957737
RQWkrDrnRatio= 3.14273131173104
ICDroneMiteSurvivorship= 74.5379443513229
ICWorkerMiteSurvivorship= 85.437366226688
ICForagerLifespan= 14.782825820148
ImmType= Cosine
AIAdultSlope= 0.827123422548175
AIAdultLD50= 1.50340527598746
AIAdultSlopeContact= 0.865470100280363
AIAdultLD50Contact= 0.0480008155107498
AILarvaSlope= 3.04117753235623
AILarvaLD50= 0.718205649149604
AIKOW= 7.04331173095852
AIKOC= 5.80799417919479
AIHalfLife= 11.3583708330989
EAppRate= 0.2699955413118
