ICQueenStrength= 2.8172465171665
RQWkrDrnRatio= 1.70956403017044
ICDroneMiteSurvivorship= 26.3461428927258
ICWorkerMiteSurvivorship= 34.6873138332739
ICForagerLifespan= 5.12743903603405
ImmType= Tangent
AIAdultSlope= 2.90322402574355
AIAdultLD50= 0.454022129881196
AIAdultSlopeContact= 1.28446249687811
AIAdultLD50Contact= 0.0441304608131759
AILarvaSlope= 1.11239447589032
AILarvaLD50= 0.529608965408988
AIKOW= 3.70089618535712
AIKOC= 11.0590187378693
AIHalfLife= 1.30713584600016
EAppRate= 0.655810534209013
