ICQueenStrength= 2.25476671382785
RQWkrDrnRatio= 3.29871389828622
ICDroneMiteSurvivorship= 61.7414155276492
ICWorkerMiteSurvivorship= 58.4695191355422
ICForagerLifespan= 14.1125489035621
ImmType= Logarithmic
AIAdultSlopeContact= 2.24653118815273
AIAdultLD50Contact= 0.0225838267127983
AILarvaSlope= 1.73655013581738
AILarvaLD50= 0.645700386911631
AIKOW= 3.95549292908981
AIKOC= 26.0499997716397
AIHalfLife= 7.7915362897329
