ICQueenStrength= 1.35169213893823
RQWkrDrnRatio= 3.09277920983732
ICDroneMiteSurvivorship= 46.8891914468259
ICWorkerMiteSurvivorship= 35.7600045157596
ICForagerLifespan= 7.22044080682099
ImmType= Polynomial
AIAdultSlope= 2.24632987637306
AIAdultLD50= 0.255482808570378
AIAdultSlopeContact= 0.802776721101254
AIAdultLD50Contact= 0.0243845943012275
AILarvaSlope= 1.04074062593281
AILarvaLD50= 0.12800997546874
AIKOW= 7.17973245913163
AIKOC= 26.946354652755
AIHalfLife= 1.39152659568936
EAppRate= 0.350359314447269
