ICQueenStrength= 1.22243567975238
RQWkrDrnRatio= 4.63243553042412
ICDroneMiteSurvivorship= 97.6688090246171
ICWorkerMiteSurvivorship= 31.5414999844506
ICForagerLifespan= 7.23419349547476
ImmType= Polynomial
AIAdultSlope= 4.86198402475566
