ICQueenStrength= 1.71563190314919
RQWkrDrnRatio= 2.6978423949331
ICDroneMiteSurvivorship= 25.3651304636151
ICWorkerMiteSurvivorship= 41.2010833388194
ICForagerLifespan= 9.39061329886317
ImmType= Logarithmic
AIAdultSlope= 2.49985069080256
AIAdultLD50= 0.184497221256606
AIAdultSlopeContact= 1.4520908016921
AIAdultLD50Contact= 0.0198360093869269
AILarvaSlope= 1.70543173253536
AILarvaLD50= 0.601705937390216
AIKOW= 5.43078381055966
AIKOC= 18.3373834716622
AIHalfLife= 3.22218826389872
EAppRate= 0
