ICQueenStrength= 4.78192509990185
RQWkrDrnRatio= 2.57821806240827
ICDroneMiteSurvivorship= 29.4296801788732
ICWorkerMiteSurvivorship= 27.0619004964828
ICForagerLifespan= 6.29118833690882
ImmType= Sine
AIAdultSlope= 3.09461141857319
AIAdultLD50= 1.97655336954631
AIAdultSlopeContact= 3.06202013868839
AIAdultLD50Contact= 0.0144052495597862
AILarvaSlope= 2.06981811732985
AILarvaLD50= 0.767809593072161
AIKOW= 7.82595742633566
AIKOC= 16.2051805772353
AIHalfLife= 9.68595305457711
EAppRate= 0.537884269608185
