ICQueenStrength= 1.67756497533992
RQWkrDrnRatio= 2.14828881155699
ICDroneMiteSurvivorship= 42.0315908268094
ICWorkerMiteSurvivorship= 87.6197583507746
ICForagerLifespan= 8.13479948416352
ImmType= Polynomial
AIAdultSlope= 1.92767334713833
AIAdultLD50= 0.382071959669702
AIAdultSlopeContact= 3.50694945816183
AIAdultLD50Contact= 0.0282226732349955
AILarvaSlope= 2.76624028575607
AILarvaLD50= 0.89470042353496
AIKOW= 4.76041283924133
AIKOC= 10.7137904106639
AIHalfLife= 4.0202176978346
EAppRate= 0.444501215522177
