ICQueenStrength= 5.85683086677454
RQWkrDrnRatio= 2.54393813293427
ICDroneMiteSurvivorship= 44.2476073978469
ICWorkerMiteSurvivorship= 8.80402978509665
ICForagerLifespan= 5.61622631363571
ImmType= Cosine
AIAdultSlope= 1.86235076440498
AIAdultSlopeContact= 3.522504111249
AIAdultLD50Contact= 0.0123320808052085
AILarvaSlope= 0.777843128284439
AILarvaLD50= 0.661442419770174
AIKOW= 2.74780972208828
AIKOC= 9.1756632796023
AIHalfLife= 12.5187551178969
