ICQueenStrength= 3.12409924948588
RQWkrDrnRatio= 1.52463297173381
ICDroneMiteSurvivorship= 90.343697858043
ICWorkerMiteSurvivorship= 92.0268338639289
ICForagerLifespan= 4.41957732476294
ImmType= Logarithmic
AIAdultSlope= 1.26955879568122
AIAdultLD50= 1.73727625678293
AIAdultSlopeContact= 2.64903695000103
AIAdultLD50Contact= 0.0316717753652483
AILarvaSlope= 0.0875549390446395
AILarvaLD50= 0.464539178204723
AIKOW= 5.57792124897242
AIKOC= 21.2600439391099
AIHalfLife= 9.17465631524101
EAppRate= 0.578317400300875
