ICQueenStrength= 3.00173966004513
RQWkrDrnRatio= 2.12705976702273
ICDroneMiteSurvivorship= 99.4645658880472
ICWorkerMiteSurvivorship= 84.6814941382036
ICForagerLifespan= 11.6469732718542
ImmType= Sine
AIAdultSlope= 0.0949773022136651
AIAdultLD50= 0.150520283379592
AIAdultSlopeContact= 3.0725662161503
AIAdultLD50Contact= 0.0194973180186935
AILarvaSlope= 2.70630632899702
AILarvaLD50= 0.0874615771695972
AIKOW= 6.38434061454609
AIKOC= 24.065058225533
AIHalfLife= 3.72090324875899
EAppRate= 0
