ICQueenStrength= 5.1785323258955
RQWkrDrnRatio= 1.93989399727434
ICDroneMiteSurvivorship= 10.7119202846661
ICWorkerMiteSurvivorship= 16.3579184329137
ICForagerLifespan= 12.7143807178363
ImmType= Cosine
AIAdultSlope= 1.17677983837202
AIAdultLD50= 2.61181108723395
AIAdultSlopeContact= 0.390628155476879
AIAdultLD50Contact= 0.0203265172662213
AILarvaSlope= 2.53136083879508
AILarvaLD50= 0.682671272219159
AIKOW= 6.11715369904414
AIKOC= 16.5698992623948
AIHalfLife= 9.27743112388998
EAppRate= 0.0024336171336472
