ICQueenStrength= 5.25168318324722
RQWkrDrnRatio= 1.01765142939985
ICDroneMiteSurvivorship= 82.3227376909927
ICWorkerMiteSurvivorship= 85.9699287451804
ICForagerLifespan= 11.8337330911309
ImmType= Logarithmic
AIAdultSlopeContact= 0.030918325020466
AIAdultLD50Contact= 0.0278510941658169
AILarvaSlope= 2.23253465564921
AILarvaLD50= 0.351317383395508
AIKOW= 3.40757614560425
AIKOC= 24.8853261244949
AIHalfLife= 11.5225847689435
