ICQueenStrength= 1.22611914668232
RQWkrDrnRatio= 1.98801741190255
ICDroneMiteSurvivorship= 21.986741409637
ICWorkerMiteSurvivorship= 4.49819436762482
ICForagerLifespan= 5.69778141565621
ImmType= Sine
AIAdultSlope= 1.73563549006358
AIAdultSlopeContact= 2.39928534080274
AIAdultLD50Contact= 0.0020515606389381
AILarvaSlope= 2.08198723588139
AILarvaLD50= 0.381279713963158
AIKOW= 5.36069407081231
AIKOC= 17.1324947220273
AIHalfLife= 3.23371501592919
