ICQueenStrength= 4.65869336412288
RQWkrDrnRatio= 1.24794311355799
ICDroneMiteSurvivorship= 48.6792872892693
ICWorkerMiteSurvivorship= 59.1896609636024
ICForagerLifespan= 15.3801068710163
ImmType= Logarithmic
AIAdultSlope= 3.19832756263437
AIAdultLD50= 0.41471748217009
AIAdultSlopeContact= 3.57280147056095
AIAdultLD50Contact= 0.000781709991861135
AILarvaSlope= 3.29610960688442
AILarvaLD50= 0.396985593787394
AIKOW= 5.36278235912323
AIKOC= 12.985959702637
AIHalfLife= 1.70029416913167
EAppRate= 0
