ICQueenStrength= 5.48963377391919
RQWkrDrnRatio= 2.23877886682749
ICDroneMiteSurvivorship= 87.1378741459921
ICWorkerMiteSurvivorship= 60.567196412012
ICForagerLifespan= 7.78720658365637
ImmType= Tangent
AIAdultSlopeContact= 2.30946956603788
AIAdultLD50Contact= 0.00233444515615702
AILarvaSlope= 3.04917771331966
AILarvaLD50= 0.225935736391693
AIKOW= 5.86466252012178
AIKOC= 16.9901015539654
AIHalfLife= 3.79331661155447
