ICQueenStrength= 5.60438366513699
RQWkrDrnRatio= 4.86518066376448
ICDroneMiteSurvivorship= 51.8063353840262
ICWorkerMiteSurvivorship= 91.238472959958
ICForagerLifespan= 13.5610736319795
ImmType= Polynomial
AIAdultSlope= 3.1191472302773
AIAdultLD50= 0.319283836171962
AIAdultSlopeContact= 0.390559779361356
AIAdultLD50Contact= 0.00212852450786158
AILarvaSlope= 3.32612158870324
AILarvaLD50= 0.197244065045379
AIKOW= 5.81223515747115
AIKOC= 17.1595890552271
AIHalfLife= 3.88257123995572
EAppRate= 0
