ICQueenStrength= 5.13581109722145
RQWkrDrnRatio= 2.10099429264665
ICDroneMiteSurvivorship= 0.938785076141357
ICWorkerMiteSurvivorship= 79.5420295326039
ICForagerLifespan= 5.69104999024421
ImmType= Cosine
AIAdultSlope= 0.683691692538559
AIAdultLD50= 1.45711745764129
AIAdultSlopeContact= 0.658133815317415
AIAdultLD50Contact= 0.00219273125985637
AILarvaSlope= 2.990265119588
AILarvaLD50= 0.814667877811007
AIKOW= 2.84408248076215
AIKOC= 6.07374204671942
AIHalfLife= 7.80364208249375
EAppRate= 0.43509218795225
