ICQueenStrength= 5.73767511313781
RQWkrDrnRatio= 2.82439681887627
ICDroneMiteSurvivorship= 42.1954376623034
ICWorkerMiteSurvivorship= 80.5216731969267
ICForagerLifespan= 4.22564608324319
ImmType= Cosine
AIAdultSlope= 2.51397527544759
AIAdultLD50= 1.79077850910835
AIAdultSlopeContact= 1.51000512082363
AIAdultLD50Contact= 0.0494776277570054
AILarvaSlope= 0.237105532968417
AILarvaLD50= 0.63271716653835
AIKOW= 3.63967373501509
AIKOC= 28.8577741605695
AIHalfLife= 6.11065438576043
EAppRate= 0.235323294764385
