ICQueenStrength= 5.64791707927361
RQWkrDrnRatio= 2.06462283059955
ICDroneMiteSurvivorship= 71.3388214353472
ICWorkerMiteSurvivorship= 37.844503344968
ICForagerLifespan= 5.79160241596401
ImmType= Polynomial
AIAdultSlope= 6.41885101329535
