ICQueenStrength= 2.3537340273615
RQWkrDrnRatio= 4.04324690438807
ICDroneMiteSurvivorship= 52.9088388895616
ICWorkerMiteSurvivorship= 38.327079708688
ICForagerLifespan= 8.70963645260781
ImmType= Cosine
AIAdultSlope= 3.29666329338215
AIAdultLD50= 1.93420183192939
AIAdultSlopeContact= 2.0449071600521
AIAdultLD50Contact= 0.036755307985004
AILarvaSlope= 1.54393990570679
AILarvaLD50= 0.221598728466779
AIKOW= 4.41773334750906
AIKOC= 19.6465746802278
AIHalfLife= 10.0446722120978
EAppRate= 0.773522828239948
