ICQueenStrength= 5.02692480245605
RQWkrDrnRatio= 1.33596443757415
ICDroneMiteSurvivorship= 3.38616489898413
ICWorkerMiteSurvivorship= 80.2733408287168
ICForagerLifespan= 5.4246634459123
ImmType= Tangent
AIAdultSlope= 3.70301408057101
AIAdultLD50= 0.392580495332368
AIAdultSlopeContact= 3.45026643433375
AIAdultLD50Contact= 0.00509807363850996
AILarvaSlope= 0.625534256035462
AILarvaLD50= 0.758123411075212
AIKOW= 6.20144361350685
AIKOC= 13.7403754529078
AIHalfLife= 4.53105109743774
EAppRate= 0.122985259047709
