ICQueenStrength= 4.39025965309702
RQWkrDrnRatio= 2.76350242458284
ICDroneMiteSurvivorship= 52.2541536018252
ICWorkerMiteSurvivorship= 85.9998620348051
ICForagerLifespan= 14.5938980020583
ImmType= Cosine
AIAdultSlope= 1.90415459647775
AIAdultLD50= 1.30757327517495
AIAdultSlopeContact= 0.882456777580082
AIAdultLD50Contact= 0.0444118346669711
AILarvaSlope= 2.15736684291624
AILarvaLD50= 0.217448513768613
AIKOW= 2.05027534952387
AIKOC= 12.9459722735919
AIHalfLife= 1.28872684109956
EAppRate= 0.826590026263148
