ICQueenStrength= 3.60611584526487
RQWkrDrnRatio= 2.72774919029325
ICDroneMiteSurvivorship= 10.4113042121753
ICWorkerMiteSurvivorship= 39.8455485003069
ICForagerLifespan= 11.6358159501106
ImmType= Exponential
AIAdultSlope= 0.623639174045529
AIAdultLD50= 0.377850505756214
AIAdultSlopeContact= 2.09895838055061
AIAdultLD50Contact= 0.0326729096006602
AILarvaSlope= 0.4512436369434
AILarvaLD50= 0.718758781836368
AIKOW= 3.15439999755472
AIKOC= 5.19024226930924
AIHalfLife= 3.775563450763
EAppRate= 0
