ICQueenStrength= 3.09964065463282
RQWkrDrnRatio= 3.75989496335387
ICDroneMiteSurvivorship= 14.1976760001853
ICWorkerMiteSurvivorship= 67.9359369445592
ICForagerLifespan= 9.63872989267111
ImmType= Polynomial
AIAdultSlope= 1.11357676330954
