ICQueenStrength= 2.40551466494799
RQWkrDrnRatio= 3.90951185952872
ICDroneMiteSurvivorship= 55.7213003048673
ICWorkerMiteSurvivorship= 41.5956441313028
ICForagerLifespan= 14.3403746923432
ImmType= Exponential
AIAdultSlopeContact= 4.59786674473435
AIAdultLD50Contact= 0.176925888704136
AILarvaSlope= 7.15597038390115
AILarvaLD50= 0.817923252936453
AIKOW= 88.1234053056687
AIKOC= 29.8129126429558
AIHalfLife= 12.3956077550538
