ICQueenStrength= 2.88853729865514
RQWkrDrnRatio= 2.62189202848822
ICDroneMiteSurvivorship= 65.1601790916175
ICWorkerMiteSurvivorship= 39.4762186333537
ICForagerLifespan= 15.5330968210474
ImmType= Exponential
AIAdultSlope= 0.329737439390738
AIAdultLD50= 0.411129912710749
AIAdultSlopeContact= 0.536127699811477
AIAdultLD50Contact= 0.0285173262702301
AILarvaSlope= 1.80741584235802
AILarvaLD50= 0.389345975406468
AIKOW= 4.7530779922381
AIKOC= 29.8571294709109
AIHalfLife= 2.48274591052905
EAppRate= 0.0907316610682756
