ICQueenStrength= 2.00260635139421
RQWkrDrnRatio= 3.05951552279294
ICDroneMiteSurvivorship= 14.9496710393578
ICWorkerMiteSurvivorship= 42.8626455133781
ICForagerLifespan= 10.0718739703298
ImmType= Sine
AIAdultSlope= 3.27950636772439
AIAdultLD50= 1.61462561390363
AIAdultSlopeContact= 2.8668587469589
AIAdultLD50Contact= 0.0476927183335647
AILarvaSlope= 3.14157991847023
AILarvaLD50= 0.107468079286627
AIKOW= 4.12558933347464
AIKOC= 8.01196192158386
AIHalfLife= 6.67472781101242
EAppRate= 0.266221603145823
