ICQueenStrength= 5.54074264620431
RQWkrDrnRatio= 4.20808352902532
ICDroneMiteSurvivorship= 70.9793663118035
ICWorkerMiteSurvivorship= 38.8283542357385
ICForagerLifespan= 5.75192125421017
ImmType= Logarithmic
AIAdultSlope= 2.07158439951017
AIAdultLD50= 0.523280926281586
AIAdultSlopeContact= 3.06009680491872
AIAdultLD50Contact= 0.02777141261613
AILarvaSlope= 3.05830437075347
AILarvaLD50= 0.809951051068492
AIKOW= 2.19533481495455
AIKOC= 21.7697862547357
AIHalfLife= 12.6956085781567
EAppRate= 0.173305211123079
