ICQueenStrength= 2.55067766550928
RQWkrDrnRatio= 1.98546703346074
ICDroneMiteSurvivorship= 58.3349065156654
ICWorkerMiteSurvivorship= 25.2306745387614
ICForagerLifespan= 6.31351241003722
ImmType= Tangent
AIAdultSlope= 0.17506684218999
AIAdultLD50= 0.252521681599319
AIAdultSlopeContact= 3.02440959949745
AIAdultLD50Contact= 0.0414218030055054
AILarvaSlope= 0.725715798791498
AILarvaLD50= 0.189394574705511
AIKOW= 6.07273299014196
AIKOC= 5.9828805050347
AIHalfLife= 4.80588452424854
EAppRate= 0
