ICQueenStrength= 3.54122902057134
RQWkrDrnRatio= 2.38303657993674
ICDroneMiteSurvivorship= 91.6040723444894
ICWorkerMiteSurvivorship= 0.37341071292758
ICForagerLifespan= 13.8358873836696
ImmType= Logarithmic
AIAdultSlopeContact= 0.589007228782866
AIAdultLD50Contact= 0.0145000328077003
AILarvaSlope= 1.17464454928413
AILarvaLD50= 0.607647265470587
AIKOW= 7.96203335653991
AIKOC= 16.9732655235566
AIHalfLife= 5.32740701315925
