ICQueenStrength= 2.61827822681516
RQWkrDrnRatio= 3.11687572766095
ICDroneMiteSurvivorship= 86.3750501535833
ICWorkerMiteSurvivorship= 86.8878819746897
ICForagerLifespan= 4.21385588869452
ImmType= Tangent
AIAdultSlope= 0.707511768070981
AIAdultLD50= 1.89160830667242
AIAdultSlopeContact= 2.59317923520226
AIAdultLD50Contact= 0.0473048520390876
AILarvaSlope= 1.08072994453832
AILarvaLD50= 0.56009314362891
AIKOW= 2.55413184035569
AIKOC= 9.77441733819433
AIHalfLife= 7.10217659175396
EAppRate= 0.651749503100291
