ICQueenStrength= 2.4898468030151
RQWkrDrnRatio= 3.33237787522376
ICDroneMiteSurvivorship= 22.3145343363285
ICWorkerMiteSurvivorship= 91.5728146675974
ICForagerLifespan= 12.560653612949
ImmType= Sine
AIAdultSlope= 0.908565390149597
AIAdultLD50= 0.257409405196086
AIAdultSlopeContact= 3.75154224014841
AIAdultLD50Contact= 0.0375798085588031
AILarvaSlope= 3.21923107132316
AILarvaLD50= 0.310926872701384
AIKOW= 4.85882235178724
AIKOC= 29.4604716484901
AIHalfLife= 4.2673622420989
EAppRate= 0.336758360173553
