ICQueenStrength= 3.43166912347078
RQWkrDrnRatio= 1.49159610643983
ICDroneMiteSurvivorship= 98.4522166429088
ICWorkerMiteSurvivorship= 36.9391549378633
ICForagerLifespan= 14.1537712011486
ImmType= Sine
AIAdultSlope= 2.61488472456112
AIAdultLD50= 1.90511415177025
AIAdultSlopeContact= 1.92305326801026
AIAdultLD50Contact= 0.0222495325026102
AILarvaSlope= 2.30553408227861
AILarvaLD50= 0.315858497656882
AIKOW= 7.89743092050776
AIKOC= 27.9587861569598
AIHalfLife= 5.80089823622257
EAppRate= 0.0905267030466348
