ICQueenStrength= 3.94533106032759
RQWkrDrnRatio= 4.11547335609794
ICDroneMiteSurvivorship= 57.5279120821506
ICWorkerMiteSurvivorship= 37.5309324357659
ICForagerLifespan= 7.6438226941973
ImmType= Cosine
AIAdultSlopeContact= 5.34104866441339
AIAdultLD50Contact= 0.0697287173941731
AILarvaSlope= 9.28303104825318
AILarvaLD50= 1.89402181142941
AIKOW= 80.6087294593453
AIKOC= 87.3029577778652
AIHalfLife= 1.77343625668436
