ICQueenStrength= 5.35918491450138
RQWkrDrnRatio= 4.41838922072202
ICDroneMiteSurvivorship= 23.3344289241359
ICWorkerMiteSurvivorship= 71.7640608083457
ICForagerLifespan= 13.3070990545675
ImmType= Logarithmic
AIAdultSlope= 0.709622248203959
AIAdultLD50= 0.04071670898702
AIAdultSlopeContact= 0.9212848748127
AIAdultLD50Contact= 0.0228121913503855
AILarvaSlope= 1.07193095381372
AILarvaLD50= 0.317974865552969
AIKOW= 4.14376907097176
AIKOC= 17.9390373302158
AIHalfLife= 1.73507021041587
EAppRate= 0.0761713388143107
