ICQueenStrength= 5.26509698620066
RQWkrDrnRatio= 3.37413710914552
ICDroneMiteSurvivorship= 13.9116165228188
ICWorkerMiteSurvivorship= 42.7889716811478
ICForagerLifespan= 11.5866077831015
ImmType= Sine
AIAdultSlope= 1.35219082180411
AIAdultLD50= 0.568983895238489
AIAdultSlopeContact= 3.01513406090671
AIAdultLD50Contact= 0.0162707385141402
AILarvaSlope= 0.44862147285603
AILarvaLD50= 0.241173347784206
AIKOW= 4.9730919925496
AIKOC= 25.4722153604962
AIHalfLife= 2.18145703570917
EAppRate= 0.172108999453485
