ICQueenStrength= 3.18479911680333
RQWkrDrnRatio= 3.31428827624768
ICDroneMiteSurvivorship= 38.155932771042
ICWorkerMiteSurvivorship= 45.8520891610533
ICForagerLifespan= 12.3420813446864
ImmType= Sine
AIAdultSlope= 0.67345359553583
AIAdultLD50= 2.46742245974019
AIAdultSlopeContact= 0.470016032760032
AIAdultLD50Contact= 0.0483627956709825
AILarvaSlope= 0.297735100192949
AILarvaLD50= 0.718685578275472
AIKOW= 5.36341420654207
AIKOC= 21.1219165020157
AIHalfLife= 13.7186151691712
EAppRate= 0.196527272928506
