ICQueenStrength= 3.67645640415139
RQWkrDrnRatio= 3.19258690159768
ICDroneMiteSurvivorship= 76.3035740470514
ICWorkerMiteSurvivorship= 76.4560861745849
ICForagerLifespan= 7.17006912827492
ImmType= Cosine
AIAdultSlope= 0.229554897174239
AIAdultSlopeContact= 3.02891339366091
AIAdultLD50Contact= 0.0213093151920475
AILarvaSlope= 0.912132146721706
AILarvaLD50= 0.85880917282775
AIKOW= 4.16615111473948
AIKOC= 22.51480937819
AIHalfLife= 5.50365181593224
