ICQueenStrength= 5.38323076814413
RQWkrDrnRatio= 1.70911112707108
ICDroneMiteSurvivorship= 0.2173992106691
ICWorkerMiteSurvivorship= 46.1369406199083
ICForagerLifespan= 4.24543412495404
ImmType= Tangent
AIAdultSlopeContact= 5.91306807007641
AIAdultLD50Contact= 0.140017080446705
AILarvaSlope= 0.280954530462623
AILarvaLD50= 0.428938033524901
AIKOW= 51.6946384683251
AIKOC= 62.1122952084988
AIHalfLife= 0.125231602229178
