ICQueenStrength= 5.39453181577846
RQWkrDrnRatio= 3.5862518530339
ICDroneMiteSurvivorship= 48.3422117307782
ICWorkerMiteSurvivorship= 86.3939753267914
ICForagerLifespan= 4.32221677806228
ImmType= Cosine
AIAdultSlope= 2.46897369567305
AIAdultSlopeContact= 2.91013388853986
AIAdultLD50Contact= 0.0206266951514408
AILarvaSlope= 0.158609699690714
AILarvaLD50= 0.23855357284192
AIKOW= 6.84834966342896
AIKOC= 24.9530203943141
AIHalfLife= 7.89036266086623
