ICQueenStrength= 1.87898087804206
RQWkrDrnRatio= 2.41532989311963
ICDroneMiteSurvivorship= 83.0268825404346
ICWorkerMiteSurvivorship= 52.4878355441615
ICForagerLifespan= 4.11724038422108
ImmType= Logarithmic
AIAdultSlope= 2.09284760767361
AIAdultLD50= 0.403283004416153
AIAdultSlopeContact= 0.346129708585795
AIAdultLD50Contact= 0.0431828580796719
AILarvaSlope= 0.569217682210729
AILarvaLD50= 0.666514750267379
AIKOW= 2.73248381027952
AIKOC= 19.2018690297846
AIHalfLife= 2.90233772364445
EAppRate= 0.428789296653122
