ICQueenStrength= 2.53611587593332
RQWkrDrnRatio= 3.0561913177371
ICDroneMiteSurvivorship= 89.5261420402676
ICWorkerMiteSurvivorship= 20.6459679407999
ICForagerLifespan= 5.87487309519202
ImmType= Logarithmic
AIAdultSlopeContact= 3.07580458368408
AIAdultLD50Contact= 0.0403928651590832
AILarvaSlope= 0.544242429081351
AILarvaLD50= 0.433564048237167
AIKOW= 7.07627279544249
AIKOC= 5.78736935392953
AIHalfLife= 3.60994308162481
