ICQueenStrength= 4.68433543131687
RQWkrDrnRatio= 1.35382394958287
ICDroneMiteSurvivorship= 57.6440454926342
ICWorkerMiteSurvivorship= 71.2223602691665
ICForagerLifespan= 10.5560326157138
ImmType= Sine
AIAdultSlope= 3.11770997853018
AIAdultLD50= 0.19114662730135
AIAdultSlopeContact= 3.0838198261871
AIAdultLD50Contact= 0.0110088092274964
AILarvaSlope= 3.32527707610279
AILarvaLD50= 0.328689819923602
AIKOW= 4.70726794935763
AIKOC= 16.6608650772832
AIHalfLife= 0.879462084267288
EAppRate= 0.137069764127955
