ICQueenStrength= 4.62074539763853
RQWkrDrnRatio= 3.24448178522289
ICDroneMiteSurvivorship= 77.4940156610683
ICWorkerMiteSurvivorship= 68.5353975975886
ICForagerLifespan= 13.4505304582417
ImmType= Exponential
AIAdultSlope= 3.05108690820634
AIAdultSlopeContact= 0.386898482961115
AIAdultLD50Contact= 0.0284142318647355
AILarvaSlope= 1.61358388992958
AILarvaLD50= 0.374110463052057
AIKOW= 2.68100423133001
AIKOC= 10.9071066789329
AIHalfLife= 7.51171641983092
