ICQueenStrength= 3.76150859659538
RQWkrDrnRatio= 2.4502096939832
ICDroneMiteSurvivorship= 19.8231969028711
ICWorkerMiteSurvivorship= 86.7219996638596
ICForagerLifespan= 8.45049489568919
ImmType= Exponential
AIAdultSlope= 0.316756735383533
AIAdultLD50= 0.436945937923156
AIAdultSlopeContact= 1.49382037459407
AIAdultLD50Contact= 0.0256227653706446
AILarvaSlope= 1.63742180550471
AILarvaLD50= 0.133957684063353
AIKOW= 3.39938844973221
AIKOC= 5.49446262419224
AIHalfLife= 0.736092739971355
EAppRate= 0.18867844347842
