ICQueenStrength= 1.50480877631344
RQWkrDrnRatio= 1.96412085182965
ICDroneMiteSurvivorship= 83.4231977816671
ICWorkerMiteSurvivorship= 16.1946561187506
ICForagerLifespan= 15.5991872111335
ImmType= Sine
AIAdultSlopeContact= 0.121728125959635
AIAdultLD50Contact= 0.177082682587206
AILarvaSlope= 1.40645637176931
AILarvaLD50= 1.81211872911081
AIKOW= 9.52053992077708
AIKOC= 19.1902065649629
AIHalfLife= 10.5309639493935
