ICQueenStrength= 3.38198966020718
RQWkrDrnRatio= 3.27994612324983
ICDroneMiteSurvivorship= 36.9853009236977
ICWorkerMiteSurvivorship= 28.2073662849143
ICForagerLifespan= 11.8381327800453
ImmType= Sine
AIAdultSlope= 3.31095721358433
AIAdultSlopeContact= 1.14426318397047
AIAdultLD50Contact= 0.030597106507048
AILarvaSlope= 0.0355444643646479
AILarvaLD50= 0.130297379032709
AIKOW= 4.07736135460436
AIKOC= 25.7056491053663
AIHalfLife= 11.9166910164058
