ICQueenStrength= 1.84394633071497
RQWkrDrnRatio= 1.43478748761117
ICDroneMiteSurvivorship= 25.3896336536855
ICWorkerMiteSurvivorship= 86.7006965447217
ICForagerLifespan= 13.9135505054146
ImmType= Polynomial
AIAdultSlope= 3.54457899695262
