ICQueenStrength= 2.90406430047005
RQWkrDrnRatio= 3.35559889767319
ICDroneMiteSurvivorship= 19.4238903932273
ICWorkerMiteSurvivorship= 80.1883047446609
ICForagerLifespan= 7.79211730882525
ImmType= Polynomial
AIAdultSlopeContact= 0.783754238889087
AIAdultLD50Contact= 0.000842406565789133
AILarvaSlope= 2.53701144829392
AILarvaLD50= 0.313078291201964
AIKOW= 4.47729816753417
AIKOC= 12.4450363463257
AIHalfLife= 11.4850988821127
