ICQueenStrength= 5.36786767444573
RQWkrDrnRatio= 3.72706557996571
ICDroneMiteSurvivorship= 1.45966659765691
ICWorkerMiteSurvivorship= 23.9492839900777
ICForagerLifespan= 13.86541223526
ImmType= Sine
AIAdultSlopeContact= 3.3081494342722
AIAdultLD50Contact= 0.0122032201965339
AILarvaSlope= 1.4826374872122
AILarvaLD50= 0.246634428645484
AIKOW= 6.95731320884079
AIKOC= 15.0865236076061
AIHalfLife= 11.7153558842838
