ICQueenStrength= 5.48362132301554
RQWkrDrnRatio= 4.29355366062373
ICDroneMiteSurvivorship= 73.1012471253052
ICWorkerMiteSurvivorship= 24.1851284168661
ICForagerLifespan= 15.7528285300359
ImmType= Polynomial
AIAdultSlopeContact= 0.960701130533125
AIAdultLD50Contact= 0.0136187745025381
AILarvaSlope= 0.810412270762026
AILarvaLD50= 0.231682903552428
AIKOW= 6.74570118356496
AIKOC= 18.4207881055772
AIHalfLife= 1.65688315592706
