ICQueenStrength= 4.67650104803033
RQWkrDrnRatio= 4.04381022695452
ICDroneMiteSurvivorship= 93.6591964913532
ICWorkerMiteSurvivorship= 46.5295220026746
ICForagerLifespan= 13.1944422610104
ImmType= Exponential
AIAdultSlope= 2.44972092736512
AIAdultLD50= 0.402857949608006
AIAdultSlopeContact= 2.33277176940115
AIAdultLD50Contact= 0.0441713910549879
AILarvaSlope= 2.59048178722151
AILarvaLD50= 0.574134260555729
AIKOW= 6.17216627392918
AIKOC= 29.3897363194264
AIHalfLife= 2.93212374905124
EAppRate= 0
