ICQueenStrength= 4.30579189583659
RQWkrDrnRatio= 2.79928350076079
ICDroneMiteSurvivorship= 58.5649127839133
ICWorkerMiteSurvivorship= 68.2994519826025
ICForagerLifespan= 15.6830529719591
ImmType= Sine
AIAdultSlope= 1.81436250847764
AIAdultLD50= 1.04327786830254
AIAdultSlopeContact= 2.3995668032323
AIAdultLD50Contact= 0.0341774865286425
AILarvaSlope= 0.709360581822693
AILarvaLD50= 0.118415356962942
AIKOW= 7.32868183311075
AIKOC= 26.7208030459005
AIHalfLife= 11.9253213601187
EAppRate= 0.960183899151161
