ICQueenStrength= 3.22479222924449
RQWkrDrnRatio= 4.22814396396279
ICDroneMiteSurvivorship= 22.8873366257176
ICWorkerMiteSurvivorship= 19.4827219238505
ICForagerLifespan= 8.53631581645459
ImmType= Logarithmic
AIAdultSlope= 2.99711285089143
AIAdultLD50= 2.80517415935174
AIAdultSlopeContact= 3.29377352297539
AIAdultLD50Contact= 0.0235582362860441
AILarvaSlope= 2.59448808720335
AILarvaLD50= 0.452140809316188
AIKOW= 6.60391288157552
AIKOC= 23.6843204777688
AIHalfLife= 2.75416601682082
EAppRate= 0.522223865846172
