ICQueenStrength= 4.91957600018941
RQWkrDrnRatio= 3.73485748935491
ICDroneMiteSurvivorship= 3.43514867126942
ICWorkerMiteSurvivorship= 24.1494856774807
ICForagerLifespan= 8.7637661350891
ImmType= Cosine
AIAdultSlope= 3.43799106318271
AIAdultLD50= 0.170445580966771
AIAdultSlopeContact= 2.85389496632852
AIAdultLD50Contact= 0.0252224355121143
AILarvaSlope= 0.472795432899147
AILarvaLD50= 0.184845674992539
AIKOW= 3.01837170869112
AIKOC= 20.5317200173158
AIHalfLife= 4.91176261333749
EAppRate= 0.238760646712035
