ICQueenStrength= 5.29932592785917
RQWkrDrnRatio= 4.34738056827337
ICDroneMiteSurvivorship= 59.9958094768226
ICWorkerMiteSurvivorship= 88.0296873860061
ICForagerLifespan= 11.220201860182
ImmType= Cosine
AIAdultSlope= 9.14348722901195
