ICQueenStrength= 4.59962429269217
RQWkrDrnRatio= 4.51288061030209
ICDroneMiteSurvivorship= 22.157154022716
ICWorkerMiteSurvivorship= 91.9872806174681
ICForagerLifespan= 8.67556186765432
ImmType= Polynomial
AIAdultSlopeContact= 7.55933232838288
AIAdultLD50Contact= 0.00276639317162335
AILarvaSlope= 0.132845975458622
AILarvaLD50= 1.7225438230671
AIKOW= 27.4703728267923
AIKOC= 40.5577557627112
AIHalfLife= 5.51945457560942
