ICQueenStrength= 2.09622835181653
RQWkrDrnRatio= 4.93927335739136
ICDroneMiteSurvivorship= 87.7174460794777
ICWorkerMiteSurvivorship= 36.4629033952951
ICForagerLifespan= 14.2890392262489
ImmType= Logarithmic
AIAdultSlope= 2.91805873494595
AIAdultLD50= 1.00451801042072
AIAdultSlopeContact= 1.73110094290227
AIAdultLD50Contact= 0.0162830298999324
AILarvaSlope= 3.3380222057458
AILarvaLD50= 0.755734866019338
AIKOW= 7.10153974220157
AIKOC= 6.60820666933432
AIHalfLife= 0.568965157028288
EAppRate= 0.0134909553453326
