ICQueenStrength= 2.94158194470219
RQWkrDrnRatio= 1.17821917124093
ICDroneMiteSurvivorship= 34.2435660306364
ICWorkerMiteSurvivorship= 50.677467812784
ICForagerLifespan= 6.52659768890589
ImmType= Sine
AIAdultSlope= 9.11416961578652
AIAdultLD50= 0.502445464488119
AIAdultSlopeContact= 5.71904940996319
AIAdultLD50Contact= 0.115104343835264
AILarvaSlope= 0.0154530582949519
AILarvaLD50= 0.573200999759138
AIKOW= 28.892615949735
AIKOC= 88.6080930940807
AIHalfLife= 4.65680502308533
EAppRate= 1.68750929739326
