ICQueenStrength= 5.48119567357935
RQWkrDrnRatio= 1.3209859682247
ICDroneMiteSurvivorship= 24.8022797051817
ICWorkerMiteSurvivorship= 58.501136675477
ICForagerLifespan= 15.4518547747284
ImmType= Tangent
AIAdultSlope= 2.68937731115147
AIAdultLD50= 2.54362794058397
AIAdultSlopeContact= 1.8797294791555
AIAdultLD50Contact= 0.0481796264066361
AILarvaSlope= 3.29878652840853
AILarvaLD50= 0.360701313754544
AIKOW= 3.37745546922088
AIKOC= 13.364120288752
AIHalfLife= 1.41944590490311
EAppRate= 0.25671351631172
