ICQueenStrength= 4.19499986479059
RQWkrDrnRatio= 4.39802492689341
ICDroneMiteSurvivorship= 71.1507334141061
ICWorkerMiteSurvivorship= 83.6176234995946
ICForagerLifespan= 11.0665070507675
ImmType= Logarithmic
AIAdultSlope= 0.661034095049836
AIAdultLD50= 0.3334095076425
AIAdultSlopeContact= 3.87398036796832
AIAdultLD50Contact= 0.0136928848689422
AILarvaSlope= 3.13508641445078
AILarvaLD50= 0.271145549719222
AIKOW= 7.33301857952029
AIKOC= 23.9422196999658
AIHalfLife= 1.42592641524971
EAppRate= 0
