ICQueenStrength= 1.64384028897621
RQWkrDrnRatio= 3.619877778925
ICDroneMiteSurvivorship= 21.1352246114984
ICWorkerMiteSurvivorship= 57.0555882062763
ICForagerLifespan= 10.4440679186955
ImmType= Cosine
AIAdultSlope= 3.24767296530074
AIAdultLD50= 0.219486272428185
AIAdultSlopeContact= 3.77078097740421
AIAdultLD50Contact= 0.0299700773437507
AILarvaSlope= 1.37067135814577
AILarvaLD50= 0.878702762536705
AIKOW= 4.96816228656098
AIKOC= 29.7139747079927
AIHalfLife= 0.18034141859971
EAppRate= 0.670065380493179
