ICQueenStrength= 1.42509119259194
RQWkrDrnRatio= 3.09024887345731
ICDroneMiteSurvivorship= 0.775115936994553
ICWorkerMiteSurvivorship= 57.8724578954279
ICForagerLifespan= 8.23631046712399
ImmType= Logarithmic
AIAdultSlope= 0.283925035719294
AIAdultLD50= 0.221463654772379
AIAdultSlopeContact= 0.25694815646857
AIAdultLD50Contact= 0.0291133777820505
AILarvaSlope= 2.91824426711537
AILarvaLD50= 0.544691830524243
AIKOW= 3.86624320643023
AIKOC= 6.82314995327033
AIHalfLife= 1.93143765907735
EAppRate= 0.543483596574515
