ICQueenStrength= 5.84361054375768
RQWkrDrnRatio= 3.22907182667404
ICDroneMiteSurvivorship= 58.3137082168832
ICWorkerMiteSurvivorship= 85.7119289925322
ICForagerLifespan= 4.08593780640513
ImmType= Cosine
AIAdultSlope= 2.24199057706632
AIAdultLD50= 0.39768733154051
AIAdultSlopeContact= 3.6404996380792
AIAdultLD50Contact= 0.0405066109145992
AILarvaSlope= 0.672278221230954
AILarvaLD50= 0.118278463301249
AIKOW= 3.63641451159492
AIKOC= 13.6406393384095
AIHalfLife= 1.04680248303339
EAppRate= 0.633064663037658
