ICQueenStrength= 3.55992177058943
RQWkrDrnRatio= 2.5294747883454
ICDroneMiteSurvivorship= 50.1702270936221
ICWorkerMiteSurvivorship= 37.7457949100062
ICForagerLifespan= 4.53275082353503
ImmType= Exponential
AIAdultSlope= 2.23918940955773
AIAdultLD50= 2.56881603039801
AIAdultSlopeContact= 3.35832971254829
AIAdultLD50Contact= 0.0465955540421419
AILarvaSlope= 2.13337572668679
AILarvaLD50= 0.0345065967645496
AIKOW= 3.36199771845713
AIKOC= 20.8504644175991
AIHalfLife= 12.817533778958
EAppRate= 0.363918576622382
