ICQueenStrength= 4.93573863315396
RQWkrDrnRatio= 2.16817977651954
ICDroneMiteSurvivorship= 21.1735781049356
ICWorkerMiteSurvivorship= 99.3846072815359
ICForagerLifespan= 4.07445034664124
ImmType= Logarithmic
AIAdultSlopeContact= 1.73097300052643
AIAdultLD50Contact= 0.036853169137612
AILarvaSlope= 1.84461971726269
AILarvaLD50= 0.575972773390822
AIKOW= 4.38767498359084
AIKOC= 24.9928540037945
AIHalfLife= 0.418032207991928
