ICQueenStrength= 4.949233177118
RQWkrDrnRatio= 3.05802456662059
ICDroneMiteSurvivorship= 32.4933032039553
ICWorkerMiteSurvivorship= 79.5056377770379
ICForagerLifespan= 8.79771976359189
ImmType= Cosine
AIAdultSlope= 1.70636273222044
