ICQueenStrength= 1.01245580031537
RQWkrDrnRatio= 3.1491259355098
ICDroneMiteSurvivorship= 88.9561728574336
ICWorkerMiteSurvivorship= 2.08752157632262
ICForagerLifespan= 14.0007995013148
ImmType= Cosine
AIAdultSlope= 1.6416975450702
AIAdultLD50= 0.754476131871343
AIAdultSlopeContact= 3.31230176755227
AIAdultLD50Contact= 0.0296828075428493
AILarvaSlope= 2.03918388802558
AILarvaLD50= 0.142555856471881
AIKOW= 3.34900184720755
AIKOC= 19.5646506571211
AIHalfLife= 9.3692588401027
EAppRate= 0.4400719483383
