ICQueenStrength= 4.72755832155235
RQWkrDrnRatio= 2.25101658143103
ICDroneMiteSurvivorship= 29.8429460730404
ICWorkerMiteSurvivorship= 53.8538785884157
ICForagerLifespan= 11.0660566939041
ImmType= Sine
AIAdultSlope= 2.84395003429614
AIAdultLD50= 0.119017922203057
AIAdultSlopeContact= 1.4194390177913
AIAdultLD50Contact= 0.0318608667352237
AILarvaSlope= 1.8575273451861
AILarvaLD50= 0.719505294249393
AIKOW= 7.52221762062982
AIKOC= 10.193446733756
AIHalfLife= 3.77528267796151
EAppRate= 0.497511065960862
