ICQueenStrength= 3.41413495386951
RQWkrDrnRatio= 2.17359634116292
ICDroneMiteSurvivorship= 3.83442130405456
ICWorkerMiteSurvivorship= 25.7785121910274
ICForagerLifespan= 9.8578441599384
ImmType= Sine
AIAdultSlope= 1.31445365501568
AIAdultLD50= 0.907793284161016
AIAdultSlopeContact= 2.8678547034692
AIAdultLD50Contact= 0.0283869834849611
AILarvaSlope= 0.183279004320502
AILarvaLD50= 0.291214014636353
AIKOW= 3.77970581455156
AIKOC= 24.4933788909111
AIHalfLife= 2.06917792139575
EAppRate= 0.719730258686468
