ICQueenStrength= 2.19500018190593
RQWkrDrnRatio= 3.85087858978659
ICDroneMiteSurvivorship= 68.2530416641384
ICWorkerMiteSurvivorship= 1.75443943589926
ICForagerLifespan= 6.11102481000125
ImmType= Cosine
AIAdultLD50= 0.154012839635834
AIAdultSlopeContact= 2.39822461611824
AIAdultLD50Contact= 0.0425043532159179
AILarvaSlope= 0.553190002916381
AILarvaLD50= 0.716277611092664
AIKOW= 6.82098307507113
AIKOC= 24.1041341051459
AIHalfLife= 4.14804451307282
EAppRate= 0.155726022552699
