ICQueenStrength= 1.37746938527562
RQWkrDrnRatio= 3.92507387232035
ICDroneMiteSurvivorship= 46.9807623652741
ICWorkerMiteSurvivorship= 45.8910254063085
ICForagerLifespan= 7.61246932204813
ImmType= Exponential
AIAdultSlope= 0.900954365683719
AIAdultLD50= 0.151879348559305
AIAdultSlopeContact= 0.954808375951834
AIAdultLD50Contact= 0.00281893444480374
AILarvaSlope= 1.73266387376934
AILarvaLD50= 0.862429008563049
AIKOW= 5.00974256824702
AIKOC= 8.02331927814521
AIHalfLife= 2.5623737485148
EAppRate= 0.345775631489232
