ICQueenStrength= 2.11954078543931
RQWkrDrnRatio= 4.46613724529743
ICDroneMiteSurvivorship= 23.5701812896878
ICWorkerMiteSurvivorship= 0.0545458169654012
ICForagerLifespan= 13.6533438907936
ImmType= Exponential
AIAdultSlopeContact= 0.758013281305321
AIAdultLD50Contact= 0.0304573931964114
AILarvaSlope= 1.01797840096988
AILarvaLD50= 0.0741553932661191
AIKOW= 3.23614397738129
AIKOC= 29.7018621128518
AIHalfLife= 9.93205657694489
