ICQueenStrength= 2.56812886125408
RQWkrDrnRatio= 3.92907139472663
ICDroneMiteSurvivorship= 18.702698033303
ICWorkerMiteSurvivorship= 75.2243633149192
ICForagerLifespan= 6.52063642349094
ImmType= Sine
AIAdultSlope= 1.12652060976252
AIAdultLD50= 1.84420561557636
AIAdultSlopeContact= 0.47418226983631
AIAdultLD50Contact= 0.00246206163428724
AILarvaSlope= 3.34202515478246
AILarvaLD50= 0.693965392629616
AIKOW= 7.07931921212003
AIKOC= 14.7031449549831
AIHalfLife= 9.01869466807693
EAppRate= 0.0875571870710701
