ICQueenStrength= 5.98719150549732
RQWkrDrnRatio= 4.21880189236253
ICDroneMiteSurvivorship= 22.2307632677257
ICWorkerMiteSurvivorship= 77.697673253715
ICForagerLifespan= 8.19027136638761
ImmType= Logarithmic
AIAdultSlope= 1.79554252922535
AIAdultLD50= 1.9226522448007
AIAdultSlopeContact= 2.19887133643264
AIAdultLD50Contact= 0.0415238738292828
AILarvaSlope= 3.36197702838108
AILarvaLD50= 0.00327522803563625
AIKOW= 5.07132123131305
AIKOC= 23.56823375565
AIHalfLife= 7.4945519240573
EAppRate= 0.069334686268121
