ICQueenStrength= 3.91030990076251
RQWkrDrnRatio= 4.1321298442781
ICDroneMiteSurvivorship= 58.9640831341967
ICWorkerMiteSurvivorship= 3.93296834081411
ICForagerLifespan= 13.7545889914036
ImmType= Sine
AIAdultSlope= 0.981812675739639
AIAdultLD50= 0.0221731277415529
AIAdultSlopeContact= 0.998863446840551
AIAdultLD50Contact= 0.0174662987934425
AILarvaSlope= 3.26688440055586
AILarvaLD50= 0.215322797326371
AIKOW= 2.32555948803201
AIKOC= 9.25299571943469
AIHalfLife= 4.7015065792948
EAppRate= 0.623163117142394
