ICQueenStrength= 5.68673093477264
RQWkrDrnRatio= 4.41448642034084
ICDroneMiteSurvivorship= 45.0987172080204
ICWorkerMiteSurvivorship= 97.6733268704265
ICForagerLifespan= 14.008393519558
ImmType= Logarithmic
AIAdultSlope= 3.07384935033275
AIAdultLD50= 0.247209855588153
AIAdultSlopeContact= 2.92594151294092
AIAdultLD50Contact= 0.0046570086851716
AILarvaSlope= 3.03303740806878
AILarvaLD50= 0.376323102763854
AIKOW= 3.88316827500239
AIKOC= 11.6649829503149
AIHalfLife= 3.02020051400177
EAppRate= 0.538452031440102
