ICQueenStrength= 5.40427554771304
RQWkrDrnRatio= 2.81716375611722
ICDroneMiteSurvivorship= 6.45007702987641
ICWorkerMiteSurvivorship= 75.5652577383444
ICForagerLifespan= 8.5072311880067
ImmType= Tangent
AIAdultSlope= 1.53892364525236
AIAdultSlopeContact= 2.06504934118828
AIAdultLD50Contact= 0.0325010646833107
AILarvaSlope= 1.58246889379807
AILarvaLD50= 0.382673480920494
AIKOW= 5.49211637116969
AIKOC= 27.8663084330037
AIHalfLife= 6.17775978473946
