ICQueenStrength= 4.1085603160318
RQWkrDrnRatio= 4.52854882180691
ICDroneMiteSurvivorship= 13.7207029853016
ICWorkerMiteSurvivorship= 84.1411874629557
ICForagerLifespan= 4.11418702453375
ImmType= Cosine
AIAdultSlope= 9.5064454828389
AIAdultLD50= 0.760518451221287
AIAdultSlopeContact= 5.60941922944039
AIAdultLD50Contact= 0.0511618327349424
AILarvaSlope= 0.888553066179156
AILarvaLD50= 1.36189553514123
AIKOW= 43.938896805048
AIKOC= 14.5051752682775
AIHalfLife= 5.44612259417772
EAppRate= 1.34614107944071
