ICQueenStrength= 3.54764159908518
RQWkrDrnRatio= 1.22894262708724
ICDroneMiteSurvivorship= 36.2526474753395
ICWorkerMiteSurvivorship= 49.3490468710661
ICForagerLifespan= 13.0432013543323
ImmType= Cosine
AIAdultSlope= 0.370467273986433
AIAdultLD50= 0.0613573916489258
AIAdultSlopeContact= 3.6354632310709
AIAdultLD50Contact= 0.0193222780711949
AILarvaSlope= 0.316958247311413
AILarvaLD50= 0.503404091577977
AIKOW= 6.93640101142228
AIKOC= 13.8136838690843
AIHalfLife= 4.41698487498797
EAppRate= 0.37529787090607
