ICQueenStrength= 4.70834975736216
RQWkrDrnRatio= 3.906274555251
ICDroneMiteSurvivorship= 67.6031709648669
ICWorkerMiteSurvivorship= 92.8578109480441
ICForagerLifespan= 6.38933064695448
ImmType= Tangent
AIAdultSlope= 0.899860803363845
AIAdultSlopeContact= 0.246911250755657
AIAdultLD50Contact= 0.0437935410882346
AILarvaSlope= 1.66981468652375
AILarvaLD50= 0.485649187210947
AIKOW= 2.2282930505462
AIKOC= 11.7740920057986
AIHalfLife= 10.2741863969713
