ICQueenStrength= 4.89250961132348
RQWkrDrnRatio= 2.45334415324032
ICDroneMiteSurvivorship= 12.0442412793636
ICWorkerMiteSurvivorship= 55.7513626292348
ICForagerLifespan= 12.6745854616165
ImmType= Polynomial
AIAdultSlopeContact= 8.76761833904311
AIAdultLD50Contact= 0.0991372262127698
AILarvaSlope= 3.62346614245325
AILarvaLD50= 1.76117402408272
AIKOW= 47.4601500434801
AIKOC= 98.7552591133863
AIHalfLife= 2.80744947725907
