ICQueenStrength= 4.9556222630199
RQWkrDrnRatio= 1.78786375559866
ICDroneMiteSurvivorship= 53.540750965476
ICWorkerMiteSurvivorship= 63.4415881941095
ICForagerLifespan= 9.34558022208512
ImmType= Tangent
AIAdultSlope= 1.21864666454494
AIAdultLD50= 0.10736918146722
AIAdultSlopeContact= 2.75263575970894
AIAdultLD50Contact= 0.0118674667552114
AILarvaSlope= 2.09414780172519
AILarvaLD50= 0.806477174232714
AIKOW= 3.69762645941228
AIKOC= 10.7647299661767
AIHalfLife= 3.57088845106773
EAppRate= 0
