ICQueenStrength= 1.91168766957708
RQWkrDrnRatio= 1.45304009038955
ICDroneMiteSurvivorship= 92.2267204150558
ICWorkerMiteSurvivorship= 43.3258530683815
ICForagerLifespan= 12.7506705420092
ImmType= Exponential
AIAdultSlopeContact= 3.86261115374509
AIAdultLD50Contact= 0.0293547433917411
AILarvaSlope= 0.939778748340905
AILarvaLD50= 0.187602034513839
AIKOW= 2.18374100700021
AIKOC= 8.64499329007231
AIHalfLife= 6.90355419786647
