ICQueenStrength= 3.48796644620597
RQWkrDrnRatio= 2.04992338549346
ICDroneMiteSurvivorship= 87.1052192524076
ICWorkerMiteSurvivorship= 31.3785474048927
ICForagerLifespan= 8.3517643744126
ImmType= Tangent
AIAdultSlope= 0.159156278986484
AIAdultLD50= 2.24701805273071
AIAdultSlopeContact= 3.7561530345236
AIAdultLD50Contact= 0.0366013262653723
AILarvaSlope= 3.07621532320045
AILarvaLD50= 0.756491221510805
AIKOW= 4.91339036170393
AIKOC= 19.4861236389261
AIHalfLife= 11.4820746895857
EAppRate= 0.160142942797393
