ICQueenStrength= 2.85034824186005
RQWkrDrnRatio= 3.08190374262631
ICDroneMiteSurvivorship= 46.5952740749344
ICWorkerMiteSurvivorship= 36.0908994218335
ICForagerLifespan= 6.15445385314524
ImmType= Logarithmic
AIAdultSlope= 8.53657525731251
AIAdultLD50= 0.261526398127899
AIAdultSlopeContact= 2.25490886485204
AIAdultLD50Contact= 0.159659221814945
AILarvaSlope= 5.57031360222027
AILarvaLD50= 0.493514175061136
AIKOW= 3.84231919888407
AIKOC= 7.37408860586584
AIHalfLife= 11.5537832290865
EAppRate= 0.326757767237723
