ICQueenStrength= 4.03592330077663
RQWkrDrnRatio= 1.96140905749053
ICDroneMiteSurvivorship= 82.3800285812467
ICWorkerMiteSurvivorship= 33.9315600227565
ICForagerLifespan= 10.8930501975119
ImmType= Exponential
AIAdultSlopeContact= 1.96281641406706
AIAdultLD50Contact= 0.00914795451099053
AILarvaSlope= 0.391607397375628
AILarvaLD50= 0.492012592731044
AIKOW= 5.13934381352738
AIKOC= 17.690911302343
AIHalfLife= 4.76789351878688
