ICQueenStrength= 3.25560244056396
RQWkrDrnRatio= 2.32509995251894
ICDroneMiteSurvivorship= 26.8332392442971
ICWorkerMiteSurvivorship= 50.155328004621
ICForagerLifespan= 12.8268415760249
ImmType= Exponential
AIAdultSlopeContact= 6.15010568406433
AIAdultLD50Contact= 0.173481329670176
AILarvaSlope= 4.69138545449823
AILarvaLD50= 0.319083612412214
AIKOW= 81.0764973983169
AIKOC= 79.0868554729968
AIHalfLife= 3.98133356450126
