ICQueenStrength= 3.54848695592955
RQWkrDrnRatio= 2.91950112301856
ICDroneMiteSurvivorship= 86.6033033933491
ICWorkerMiteSurvivorship= 49.662678106688
ICForagerLifespan= 7.09845126979053
ImmType= Logarithmic
AIAdultSlope= 1.56533877728507
AIAdultLD50= 0.794842836214229
AIAdultSlopeContact= 0.0564840060146526
AIAdultLD50Contact= 0.0315840014372952
AILarvaSlope= 1.05397542817518
AILarvaLD50= 0.40621380682569
AIKOW= 6.45813482720405
AIKOC= 9.41613554139622
AIHalfLife= 11.3562474097125
EAppRate= 0.250729789258912
