ICQueenStrength= 3.65573060256429
RQWkrDrnRatio= 3.83267671708018
ICDroneMiteSurvivorship= 15.0520297931507
ICWorkerMiteSurvivorship= 22.1164370886981
ICForagerLifespan= 7.92112694680691
ImmType= Cosine
AIAdultSlope= 0.392761580692604
AIAdultLD50= 1.31150779640302
AIAdultSlopeContact= 1.40729510728503
AIAdultLD50Contact= 0.0390755776315928
AILarvaSlope= 2.1490863842424
AILarvaLD50= 0.463518719002604
AIKOW= 3.92789878603071
AIKOC= 18.3194370311685
AIHalfLife= 7.01578637678176
EAppRate= 0.315539065049961
