ICQueenStrength= 4.95704337628558
RQWkrDrnRatio= 2.01597854401916
ICDroneMiteSurvivorship= 69.6774322306737
ICWorkerMiteSurvivorship= 24.3158260593191
ICForagerLifespan= 7.14118465967476
ImmType= Exponential
AIAdultSlope= 2.27465223774081
AIAdultLD50= 0.0178981820354238
AIAdultSlopeContact= 0.622010452521499
AIAdultLD50Contact= 0.0174696755711921
AILarvaSlope= 1.73876307611354
AILarvaLD50= 0.204651466570795
AIKOW= 7.00087557872757
AIKOC= 5.61896638362668
AIHalfLife= 4.44819319294766
EAppRate= 0.587088387762196
