ICQueenStrength= 3.95949986204505
RQWkrDrnRatio= 3.29918045829982
ICDroneMiteSurvivorship= 97.5267309229821
ICWorkerMiteSurvivorship= 77.939266175963
ICForagerLifespan= 12.0640116902068
ImmType= Exponential
AIAdultSlopeContact= 3.71069742632797
AIAdultLD50Contact= 0.0291134228464216
AILarvaSlope= 2.79198933728039
AILarvaLD50= 0.836084294202738
AIKOW= 6.66866240743548
AIKOC= 16.1897695052903
AIHalfLife= 3.57451688265428
