ICQueenStrength= 1.69765331107192
RQWkrDrnRatio= 2.29213048797101
ICDroneMiteSurvivorship= 68.7033896800131
ICWorkerMiteSurvivorship= 50.8200457552448
ICForagerLifespan= 14.2962985215709
ImmType= Logarithmic
AIAdultSlopeContact= 1.56065171351656
AIAdultLD50Contact= 0.124069378059357
AILarvaSlope= 7.31015470111743
AILarvaLD50= 1.60633595101535
AIKOW= 55.5692409630865
AIKOC= 87.2949353186414
AIHalfLife= 0.431675248313695
