ICQueenStrength= 3.33259742846712
RQWkrDrnRatio= 1.89828611444682
ICDroneMiteSurvivorship= 30.7073668343946
ICWorkerMiteSurvivorship= 40.6183099141344
ICForagerLifespan= 11.5917290924117
ImmType= Logarithmic
AIAdultSlope= 1.29179915189743
AIAdultLD50= 0.194678199710324
AIAdultSlopeContact= 3.05301405008649
AIAdultLD50Contact= 0.00124367466196418
AILarvaSlope= 0.725464314036071
AILarvaLD50= 0.225097852223553
AIKOW= 2.06252065766603
AIKOC= 11.2664769298863
AIHalfLife= 0.348944410216063
EAppRate= 0.687535179546103
