ICQueenStrength= 1.37826113519259
RQWkrDrnRatio= 3.4060194035992
ICDroneMiteSurvivorship= 46.8807434430346
ICWorkerMiteSurvivorship= 92.9347950499505
ICForagerLifespan= 14.0638208575547
ImmType= Cosine
AIAdultSlope= 1.02413898031227
AIAdultLD50= 1.94884961633943
AIAdultSlopeContact= 3.04164823517902
AIAdultLD50Contact= 0.0442358692060225
AILarvaSlope= 2.84313202798367
AILarvaLD50= 0.19272966964636
AIKOW= 6.90393261006102
AIKOC= 22.4884375999682
AIHalfLife= 5.55173554876819
EAppRate= 0.663984718034044
