ICQueenStrength= 1.43675411376171
RQWkrDrnRatio= 3.35244307573885
ICDroneMiteSurvivorship= 61.1017079791054
ICWorkerMiteSurvivorship= 48.3072245959193
ICForagerLifespan= 15.1340642813593
ImmType= Logarithmic
AIAdultSlope= 1.7890396684804
AIAdultLD50= 0.355479499557987
AIAdultSlopeContact= 0.096879050557036
AIAdultLD50Contact= 0.0362122432328761
AILarvaSlope= 1.40505055407993
AILarvaLD50= 0.67548004668206
AIKOW= 4.28701075585559
AIKOC= 13.2186773943249
AIHalfLife= 3.31569030415267
EAppRate= 0
