ICQueenStrength= 3.43056723498739
RQWkrDrnRatio= 3.23243190255016
ICDroneMiteSurvivorship= 40.5812765471637
ICWorkerMiteSurvivorship= 61.7542229127139
ICForagerLifespan= 7.83816790394485
ImmType= Cosine
AIAdultSlopeContact= 7.32559003168717
AIAdultLD50Contact= 0.0836416386067867
AILarvaSlope= 2.47572264634073
AILarvaLD50= 1.07233823603019
AIKOW= 14.5613806322217
AIKOC= 78.5583844408393
AIHalfLife= 8.156944737304
