ICQueenStrength= 2.3258140522521
RQWkrDrnRatio= 3.71347156353295
ICDroneMiteSurvivorship= 20.9793794434518
ICWorkerMiteSurvivorship= 72.1800732193515
ICForagerLifespan= 5.47777482774109
ImmType= Sine
AIAdultSlope= 2.47868696404621
AIAdultLD50= 0.595642447471619
AIAdultSlopeContact= 1.54484201874817
AIAdultLD50Contact= 0.0315835415734909
AILarvaSlope= 2.35430473522283
AILarvaLD50= 0.789315177826211
AIKOW= 6.77349167829379
AIKOC= 23.0978449468967
AIHalfLife= 7.48552617430687
EAppRate= 0.660815282026306
