ICQueenStrength= 2.49671392166056
RQWkrDrnRatio= 3.82785490434617
ICDroneMiteSurvivorship= 21.0875858087093
ICWorkerMiteSurvivorship= 19.9768566526473
ICForagerLifespan= 6.0343107348308
ImmType= Sine
AIAdultSlope= 9.01418195804581
AIAdultLD50= 0.150907904375345
AIAdultSlopeContact= 9.77231657365337
AIAdultLD50Contact= 0.109363211784512
AILarvaSlope= 6.52580194408074
AILarvaLD50= 0.87625582749024
AIKOW= 50.4498936701566
AIKOC= 79.2526239063591
AIHalfLife= 3.000821756199
EAppRate= 0.860975560266525
