ICQueenStrength= 1.25291445292532
RQWkrDrnRatio= 4.89600319974124
