ICQueenStrength= 2.80013775010593
RQWkrDrnRatio= 1.62077628169209
ICDroneMiteSurvivorship= 40.557366469875
ICWorkerMiteSurvivorship= 65.8537417184561
ICForagerLifespan= 15.3780828341842
ImmType= Cosine
AIAdultSlopeContact= 3.7517615687591
AIAdultLD50Contact= 0.0184792274609208
AILarvaSlope= 1.57272904426791
AILarvaLD50= 0.761146471649408
AIKOW= 2.67136686993763
AIKOC= 24.3977870687377
AIHalfLife= 2.59927324438468
