ICQueenStrength= 4.18966059596278
RQWkrDrnRatio= 2.74956501182169
ICDroneMiteSurvivorship= 91.7741310084239
ICWorkerMiteSurvivorship= 94.6378159802407
ICForagerLifespan= 10.7203771667555
ImmType= Polynomial
AIAdultSlope= 2.91201871808153
AIAdultLD50= 0.347821940202266
AIAdultSlopeContact= 2.21357678005239
AIAdultLD50Contact= 0.026722851023078
AILarvaSlope= 1.97457882133313
AILarvaLD50= 0.309129658970051
AIKOW= 7.32478619832546
AIKOC= 25.8564345608465
AIHalfLife= 2.36804750515148
EAppRate= 0.629086756356992
