ICQueenStrength= 2.00678045651875
RQWkrDrnRatio= 4.18189205881208
ICDroneMiteSurvivorship= 70.2879594638944
ICWorkerMiteSurvivorship= 32.8037208411843
ICForagerLifespan= 13.645857247524
ImmType= Sine
AIAdultSlope= 4.19542111223564
