ICQueenStrength= 1.0320451927837
RQWkrDrnRatio= 4.07500034850091
ICDroneMiteSurvivorship= 26.0932362172753
ICWorkerMiteSurvivorship= 29.8159768804908
ICForagerLifespan= 9.75140017829835
ImmType= Sine
AIAdultSlopeContact= 1.06870374236489
AIAdultLD50Contact= 0.0368678533821367
AILarvaSlope= 1.38325109137222
AILarvaLD50= 0.242404592363164
AIKOW= 6.32752193231136
AIKOC= 14.6397542743944
AIHalfLife= 5.09135199151933
