ICQueenStrength= 5.87060915562324
RQWkrDrnRatio= 3.33135133981705
ICDroneMiteSurvivorship= 79.3581054545939
ICWorkerMiteSurvivorship= 6.41016794834286
ICForagerLifespan= 11.4972366178408
ImmType= Cosine
AIAdultSlope= 0.506778799071908
AIAdultLD50= 0.0835696764988825
AIAdultSlopeContact= 2.59396699528908
AIAdultLD50Contact= 0.0340290188789368
AILarvaSlope= 1.04426567936316
AILarvaLD50= 0.744197977194563
AIKOW= 2.57003568019718
AIKOC= 22.0870784204453
AIHalfLife= 2.77801140444353
EAppRate= 0.684880058118142
