ICQueenStrength= 3.35001216409728
RQWkrDrnRatio= 3.26641169842333
ICDroneMiteSurvivorship= 31.1184679623693
ICWorkerMiteSurvivorship= 92.933456483297
ICForagerLifespan= 5.74344084132463
ImmType= Cosine
AIAdultLD50= 0.154012839635834
AIAdultSlopeContact= 2.84302171730669
AIAdultLD50Contact= 0.0259816662524827
AILarvaSlope= 0.691208988288417
AILarvaLD50= 0.0713816331233829
AIKOW= 3.08997642295435
AIKOC= 13.5886753804516
AIHalfLife= 2.21066641807556
EAppRate= 1.12787400186062
