ICQueenStrength= 2.37121964013204
RQWkrDrnRatio= 3.81579160410911
ICDroneMiteSurvivorship= 97.9646892752498
ICWorkerMiteSurvivorship= 5.06304907612503
ICForagerLifespan= 15.9850033000112
ImmType= Logarithmic
AIAdultSlopeContact= 2.53154873650521
AIAdultLD50Contact= 0.00201128821354359
AILarvaSlope= 2.27177336332388
AILarvaLD50= 0.0359210829483345
AIKOW= 4.62985842768103
AIKOC= 7.98689902410842
AIHalfLife= 0.268923093099147
