ICQueenStrength= 5.32817339664325
RQWkrDrnRatio= 2.15386260207742
ICDroneMiteSurvivorship= 96.5188464848325
ICWorkerMiteSurvivorship= 69.643613207154
ICForagerLifespan= 4.38580368924886
ImmType= Polynomial
AIAdultSlopeContact= 2.2313456879463
AIAdultLD50Contact= 0.0224873032886535
AILarvaSlope= 2.78033015453257
AILarvaLD50= 0.896801568637602
AIKOW= 5.20009255502373
AIKOC= 18.4898710181005
AIHalfLife= 3.40878569707274
