ICQueenStrength= 4.83093530894257
RQWkrDrnRatio= 1.49794039689004
ICDroneMiteSurvivorship= 99.214952881448
ICWorkerMiteSurvivorship= 3.88753693550825
ICForagerLifespan= 5.58964028861374
ImmType= Tangent
AIAdultSlope= 1.34005139213987
AIAdultLD50= 0.131569737452082
AIAdultSlopeContact= 0.545863998038694
AIAdultLD50Contact= 0.0467692033853382
AILarvaSlope= 3.38682079194114
AILarvaLD50= 0.0158586540492252
AIKOW= 2.54726778389886
AIKOC= 13.2693292584736
AIHalfLife= 1.07849994441494
EAppRate= 0
