ICQueenStrength= 4.18708335165866
RQWkrDrnRatio= 1.05122474953532
ICDroneMiteSurvivorship= 41.9109586859122
ICWorkerMiteSurvivorship= 6.26560810487717
ICForagerLifespan= 6.33212420810014
ImmType= Sine
AIAdultSlopeContact= 3.28454795844387
AIAdultLD50Contact= 0.00636796224862337
AILarvaSlope= 2.45970997088589
AILarvaLD50= 0.296460681804456
AIKOW= 2.13707445934415
AIKOC= 29.3160678539425
AIHalfLife= 0.247637262567878
