ICQueenStrength= 1.75749364332296
RQWkrDrnRatio= 2.76211521495134
ICDroneMiteSurvivorship= 35.7676881132647
ICWorkerMiteSurvivorship= 82.7329257735983
ICForagerLifespan= 5.58728677034378
ImmType= Tangent
AIAdultSlope= 1.0216318431776
AIAdultSlopeContact= 0.951745542129502
AIAdultLD50Contact= 0.0352094246307388
AILarvaSlope= 1.32535485364497
AILarvaLD50= 0.653598404070363
AIKOW= 7.81782363867387
AIKOC= 16.0557889915071
AIHalfLife= 2.15088665718213
