ICQueenStrength= 4.79452607943676
RQWkrDrnRatio= 4.58329883497208
ICDroneMiteSurvivorship= 23.9308577263728
ICWorkerMiteSurvivorship= 95.686509902589
ICForagerLifespan= 6.44578966591507
ImmType= Sine
AIAdultSlope= 1.48794182851212
AIAdultLD50= 0.440613120910712
AIAdultSlopeContact= 3.05661231685895
AIAdultLD50Contact= 0.0196504654595628
AILarvaSlope= 3.1225934305694
AILarvaLD50= 0.603515813872218
AIKOW= 7.93199605075642
AIKOC= 22.9894937260542
AIHalfLife= 1.4620140788611
EAppRate= 0.000681328307837248
