ICQueenStrength= 4.69251815020107
RQWkrDrnRatio= 4.77575484476984
ICDroneMiteSurvivorship= 41.6712290141732
ICWorkerMiteSurvivorship= 32.9338072100654
ICForagerLifespan= 14.7191510917619
ImmType= Tangent
AIAdultSlope= 1.10241089622723
AIAdultLD50= 0.0646607573144138
AIAdultSlopeContact= 2.09744047946529
AIAdultLD50Contact= 0.0243808367871679
AILarvaSlope= 3.07054851073772
AILarvaLD50= 0.17636700484436
AIKOW= 4.25819608336315
AIKOC= 9.27800990291871
AIHalfLife= 0.968494083499536
EAppRate= 0.203049317072146
