ICQueenStrength= 4.22592648211867
RQWkrDrnRatio= 2.27262576203793
ICDroneMiteSurvivorship= 89.7369118174538
ICWorkerMiteSurvivorship= 62.039978383109
ICForagerLifespan= 15.1770583484322
ImmType= Cosine
AIAdultSlope= 3.66514132008422
AIAdultLD50= 0.376953920233063
AIAdultSlopeContact= 0.986817414667457
AIAdultLD50Contact= 0.0207942036329769
AILarvaSlope= 1.31752969287336
AILarvaLD50= 0.533619592082687
AIKOW= 6.57686152821407
AIKOC= 18.6140320042614
AIHalfLife= 1.8859441310633
EAppRate= 0
