ICQueenStrength= 2.87739330925979
RQWkrDrnRatio= 3.40152875427157
ICDroneMiteSurvivorship= 50.6256605498493
ICWorkerMiteSurvivorship= 19.0618978813291
ICForagerLifespan= 4.28872198611498
ImmType= Cosine
AIAdultSlope= 3.13590965452604
AIAdultLD50= 2.02988777775317
AIAdultSlopeContact= 3.64371521509951
AIAdultLD50Contact= 0.0293188525829464
AILarvaSlope= 0.00358080989681184
AILarvaLD50= 0.000943710305728018
AIKOW= 6.99805506551638
AIKOC= 27.4893422971945
AIHalfLife= 8.84692582162097
EAppRate= 0.178618784295395
