ICQueenStrength= 3.92442231439054
RQWkrDrnRatio= 4.47897410113364
ICDroneMiteSurvivorship= 6.93962296936661
ICWorkerMiteSurvivorship= 14.2356110969558
ICForagerLifespan= 15.3522990271449
ImmType= Exponential
AIAdultSlopeContact= 0.131108863628469
AIAdultLD50Contact= 0.0377910587354563
AILarvaSlope= 2.5039864806924
AILarvaLD50= 0.621202322538011
AIKOW= 5.84948684973642
AIKOC= 13.1035628041718
AIHalfLife= 0.801993929315358
