ICQueenStrength= 3.98812444321811
RQWkrDrnRatio= 4.14014391228557
ICDroneMiteSurvivorship= 36.5088088437915
ICWorkerMiteSurvivorship= 96.3442246895283
ICForagerLifespan= 8.70745411235839
ImmType= Logarithmic
AIAdultSlope= 4.8433095542714
AIAdultLD50= 0.012124210363254
AIAdultSlopeContact= 1.57847464084625
AIAdultLD50Contact= 0.146544640697539
AILarvaSlope= 0.54106984520331
AILarvaLD50= 0.91692381631583
AIKOW= 99.4386429898441
AIKOC= 63.9231611276045
AIHalfLife= 4.81825132202357
EAppRate= 1.74411675101146
