ICQueenStrength= 1.8884032710921
RQWkrDrnRatio= 2.97617312055081
ICDroneMiteSurvivorship= 67.4676719587296
ICWorkerMiteSurvivorship= 82.0638545555994
ICForagerLifespan= 9.08120787702501
ImmType= Tangent
AIAdultLD50= 0.154012839635834
AIAdultSlopeContact= 1.67093436342431
AIAdultLD50Contact= 0.00822167434962466
AILarvaSlope= 0.30929777524434
AILarvaLD50= 0.186300213052891
AIKOW= 3.92216163733974
AIKOC= 25.2839786943514
AIHalfLife= 11.5871700183488
EAppRate= 0.701469205319881
