ICQueenStrength= 5.34814269887283
RQWkrDrnRatio= 4.34020735230297
ICDroneMiteSurvivorship= 52.1949078887701
ICWorkerMiteSurvivorship= 99.959554662928
ICForagerLifespan= 12.4202618729323
ImmType= Cosine
AIAdultSlope= 5.68449461599812
