ICQueenStrength= 3.09089998039417
RQWkrDrnRatio= 1.47589400131255
ICDroneMiteSurvivorship= 18.4767753118649
ICWorkerMiteSurvivorship= 84.0825882973149
ICForagerLifespan= 13.5653329715133
ImmType= Tangent
AIAdultSlope= 2.16914000292309
AIAdultLD50= 2.43357388721779
AIAdultSlopeContact= 2.4764760486153
AIAdultLD50Contact= 0.00909764185780659
AILarvaSlope= 1.98136971243657
AILarvaLD50= 0.717439287761226
AIKOW= 2.51502601942047
AIKOC= 13.0727806256618
AIHalfLife= 12.6566416332498
EAppRate= 0.853088836185634
