ICQueenStrength= 5.29669008008204
RQWkrDrnRatio= 2.88827938400209
ICDroneMiteSurvivorship= 69.6059374371544
ICWorkerMiteSurvivorship= 4.98401755467057
ICForagerLifespan= 10.4744402840734
ImmType= Polynomial
AIAdultSlope= 3.02916234433651
AIAdultLD50= 2.69633901002817
AIAdultSlopeContact= 1.44190317773027
AIAdultLD50Contact= 0.0317078594700433
AILarvaSlope= 1.43662080378272
AILarvaLD50= 0.767911520786583
AIKOW= 7.27121418341994
AIKOC= 13.3122168260161
AIHalfLife= 2.50719560589641
EAppRate= 0.283345010597259
