ICQueenStrength= 5.07482424983755
RQWkrDrnRatio= 4.97934275306761
ICDroneMiteSurvivorship= 82.7858528122306
ICWorkerMiteSurvivorship= 8.86071019340307
ICForagerLifespan= 12.0575371002778
ImmType= Tangent
AIAdultSlopeContact= 1.3195506449556
AIAdultLD50Contact= 0.0264475752483122
AILarvaSlope= 0.637354406062514
AILarvaLD50= 0.458930383063853
AIKOW= 6.96954125305638
AIKOC= 7.72129587247036
AIHalfLife= 5.68133716611192
