ICQueenStrength= 2.73806358710863
RQWkrDrnRatio= 3.19212316628546
ICDroneMiteSurvivorship= 70.4203189583495
ICWorkerMiteSurvivorship= 86.7536224192008
ICForagerLifespan= 5.72186884842813
ImmType= Sine
AIAdultSlope= 1.43618635489605
AIAdultLD50= 0.183726441231556
AIAdultSlopeContact= 2.2492446747981
AIAdultLD50Contact= 0.00839046704350039
AILarvaSlope= 2.52814135625958
AILarvaLD50= 0.262024914426729
AIKOW= 2.40247375238687
AIKOC= 5.59651513001882
AIHalfLife= 3.08270798996091
EAppRate= 0.429913939884864
