ICQueenStrength= 3.08994007552974
RQWkrDrnRatio= 3.76329290866852
ICDroneMiteSurvivorship= 59.6592442365363
ICWorkerMiteSurvivorship= 29.0695452131331
ICForagerLifespan= 15.5869152331725
ImmType= Polynomial
AIAdultSlope= 3.00944606047124
AIAdultLD50= 1.97592804534361
AIAdultSlopeContact= 0.582081785865594
AIAdultLD50Contact= 0.0118514132336713
AILarvaSlope= 3.04378188727424
AILarvaLD50= 0.840839715837501
AIKOW= 4.86980879306793
AIKOC= 7.1491213934496
AIHalfLife= 5.13046013377607
EAppRate= 0.788737980416045
