ICQueenStrength= 3.28591528488323
RQWkrDrnRatio= 3.36749157588929
ICDroneMiteSurvivorship= 58.7861221516505
ICWorkerMiteSurvivorship= 32.4477733578533
ICForagerLifespan= 11.9158346373588
ImmType= Logarithmic
AIAdultSlope= 2.76887625735253
AIAdultLD50= 2.80933209741488
AIAdultSlopeContact= 1.53022159553831
AIAdultLD50Contact= 0.0482613617670722
AILarvaSlope= 1.59490927266888
AILarvaLD50= 0.638345422782004
AIKOW= 2.6741630686447
AIKOC= 29.7447728994302
AIHalfLife= 5.56706382054836
EAppRate= 0.378582346718758
