ICQueenStrength= 2.55275630671531
RQWkrDrnRatio= 3.2159664100036
