ICQueenStrength= 2.13999345689081
RQWkrDrnRatio= 3.05670588463545
ICDroneMiteSurvivorship= 25.1997929997742
ICWorkerMiteSurvivorship= 16.5688387816772
ICForagerLifespan= 15.1510987421498
ImmType= Exponential
AIAdultSlope= 0.20683941480238
AIAdultLD50= 0.36042627855204
AIAdultSlopeContact= 2.33032939808909
AIAdultLD50Contact= 0.03296639934415
AILarvaSlope= 1.12957463888451
AILarvaLD50= 0.138994026440196
AIKOW= 5.05457295943052
AIKOC= 10.6921030278318
AIHalfLife= 4.61177599150687
EAppRate= 0.462281672633253
