ICQueenStrength= 2.73961412394419
RQWkrDrnRatio= 4.40225222427398
ICDroneMiteSurvivorship= 94.2133370088413
ICWorkerMiteSurvivorship= 66.7076734593138
ICForagerLifespan= 8.5907491389662
ImmType= Cosine
AIAdultSlope= 3.73375507770106
