ICQueenStrength= 1.45858454774134
RQWkrDrnRatio= 1.25891346763819
ICDroneMiteSurvivorship= 65.245605702512
ICWorkerMiteSurvivorship= 22.3763443063945
ICForagerLifespan= 14.7708011725917
ImmType= Sine
AIAdultSlope= 0.711858588363975
AIAdultLD50= 0.0024624418001622
AIAdultSlopeContact= 2.61050861385651
AIAdultLD50Contact= 0.0185252492083237
AILarvaSlope= 0.132742254436016
AILarvaLD50= 0.460941351461224
AIKOW= 7.42539323773235
AIKOC= 9.34823208488524
AIHalfLife= 10.8939704741351
EAppRate= 0.880999344633892
