ICQueenStrength= 5.29655621992424
RQWkrDrnRatio= 4.03431239258498
ICDroneMiteSurvivorship= 64.3531211419031
ICWorkerMiteSurvivorship= 15.3754470637068
ICForagerLifespan= 12.2051769178361
ImmType= Tangent
AIAdultSlope= 2.49495718681952
AIAdultLD50= 0.157544516841881
AIAdultSlopeContact= 0.32767504661344
AIAdultLD50Contact= 0.0223421340691857
AILarvaSlope= 0.902221576310694
AILarvaLD50= 0.0212083670776337
AIKOW= 6.60050643002614
AIKOC= 15.5778211902361
AIHalfLife= 4.12434495170601
EAppRate= 0.0514519850723445
