ICQueenStrength= 5.33734439662658
RQWkrDrnRatio= 3.43952419050038
ICDroneMiteSurvivorship= 91.9049940537661
ICWorkerMiteSurvivorship= 53.1316588167101
ICForagerLifespan= 7.09850977826864
ImmType= Tangent
AIAdultSlope= 0.442803638288751
AIAdultLD50= 2.93188504921272
AIAdultSlopeContact= 2.26260947037488
AIAdultLD50Contact= 0.0127781799528748
AILarvaSlope= 2.0669414983131
AILarvaLD50= 0.534776549530216
AIKOW= 5.99988135881722
AIKOC= 23.3058589173015
AIHalfLife= 6.97424663603306
EAppRate= 0.191356149036437
