ICQueenStrength= 2.08824708033353
RQWkrDrnRatio= 3.65492703951895
ICDroneMiteSurvivorship= 52.2297902498394
ICWorkerMiteSurvivorship= 44.5155043387786
ICForagerLifespan= 15.3016516231
ImmType= Cosine
AIAdultSlope= 1.5344496734906
AIAdultLD50= 1.48445944720879
AIAdultSlopeContact= 2.84060727894539
AIAdultLD50Contact= 0.0307115982170217
AILarvaSlope= 3.00808617440052
AILarvaLD50= 0.357651546341367
AIKOW= 3.27967477263883
AIKOC= 6.70844765962102
AIHalfLife= 12.5935509628616
EAppRate= 0.515622510109097
