ICQueenStrength= 5.33910705964081
RQWkrDrnRatio= 3.63413792848587
ICDroneMiteSurvivorship= 68.2662940816954
ICWorkerMiteSurvivorship= 39.2819361994043
ICForagerLifespan= 5.59370048251003
ImmType= Exponential
AIAdultSlope= 2.38128695357591
AIAdultLD50= 1.79077207110822
AIAdultSlopeContact= 0.604833099686075
AIAdultLD50Contact= 0.0397312254877761
AILarvaSlope= 2.16867267866619
AILarvaLD50= 0.789024861599319
AIKOW= 3.53052233997732
AIKOC= 8.00503161270171
AIHalfLife= 13.7719086073339
EAppRate= 0.176181707298383
