ICQueenStrength= 3.47033613966778
RQWkrDrnRatio= 4.77571072243154
ICDroneMiteSurvivorship= 36.9276851648465
ICWorkerMiteSurvivorship= 96.2977848481387
ICForagerLifespan= 10.2868646988645
ImmType= Logarithmic
AIAdultSlopeContact= 1.96887375409249
AIAdultLD50Contact= 0.0175681495689787
AILarvaSlope= 1.67742119990289
AILarvaLD50= 0.623814655607566
AIKOW= 6.15433420799673
AIKOC= 7.84293302102014
AIHalfLife= 7.66846096143126
