ICQueenStrength= 4.7915310356766
RQWkrDrnRatio= 1.06430702190846
ICDroneMiteSurvivorship= 67.3291643615812
ICWorkerMiteSurvivorship= 4.71299062483013
ICForagerLifespan= 13.461076663807
ImmType= Tangent
AIAdultSlope= 1.32711994838901
AIAdultLD50= 0.207377878250554
AIAdultSlopeContact= 2.40066572378157
AIAdultLD50Contact= 0.0341201181756333
AILarvaSlope= 1.17207661699504
AILarvaLD50= 0.24860412098933
AIKOW= 3.50789568712935
AIKOC= 17.9400490259286
AIHalfLife= 0.498769000638276
EAppRate= 0.18500324501656
