ICQueenStrength= 1.48902064212598
RQWkrDrnRatio= 1.84908648300916
ICDroneMiteSurvivorship= 59.9949491908774
ICWorkerMiteSurvivorship= 65.3896356467158
ICForagerLifespan= 7.68598219472915
ImmType= Cosine
AIAdultSlope= 3.11487662368454
AIAdultLD50= 0.325177983148023
AIAdultSlopeContact= 0.688811370874755
AIAdultLD50Contact= 0.0207800320815295
AILarvaSlope= 2.30698773940094
AILarvaLD50= 0.582685293140821
AIKOW= 5.86510910373181
AIKOC= 15.4120736476034
AIHalfLife= 4.43535109749064
EAppRate= 0.529468158795498
