ICQueenStrength= 3.00111141311936
RQWkrDrnRatio= 1.57991133537143
ICDroneMiteSurvivorship= 71.7805367428809
ICWorkerMiteSurvivorship= 44.7951603215188
ICForagerLifespan= 9.66954379156232
ImmType= Sine
AIAdultSlope= 2.89113569445908
AIAdultLD50= 0.137434714240953
AIAdultSlopeContact= 0.834663664447144
AIAdultLD50Contact= 0.0345683654304594
AILarvaSlope= 3.03490169807337
AILarvaLD50= 0.646810860000551
AIKOW= 5.08043174538761
AIKOC= 27.4914317193907
AIHalfLife= 6.07684838864952
EAppRate= 0.722493034554645
