ICQueenStrength= 5.78656722232699
RQWkrDrnRatio= 1.88887897320092
ICDroneMiteSurvivorship= 34.3485401943326
ICWorkerMiteSurvivorship= 61.5139814792201
ICForagerLifespan= 10.7141243508086
ImmType= Tangent
AIAdultSlope= 1.85985405783635
AIAdultLD50= 0.236394593957812
AIAdultSlopeContact= 3.07203224540921
AIAdultLD50Contact= 0.0193179899593815
AILarvaSlope= 0.988090016227215
AILarvaLD50= 0.0391504887957126
AIKOW= 6.43022816767916
AIKOC= 5.22440772736445
AIHalfLife= 2.89204849395901
EAppRate= 0.68076082940679
