ICQueenStrength= 2.05760985286906
RQWkrDrnRatio= 1.7504123467952
ICDroneMiteSurvivorship= 49.1387804038823
ICWorkerMiteSurvivorship= 63.1742697907612
ICForagerLifespan= 8.37033214233816
ImmType= Polynomial
AIAdultSlope= 2.73406374929473
AIAdultSlopeContact= 1.20349346378585
AIAdultLD50Contact= 0.0244864377658814
AILarvaSlope= 1.49538641348481
AILarvaLD50= 0.765896395593882
AIKOW= 2.27317690849304
AIKOC= 27.0444099686574
AIHalfLife= 10.0769985495135
