ICQueenStrength= 5.52173168770969
RQWkrDrnRatio= 3.82776478584856
ICDroneMiteSurvivorship= 68.5092793311924
ICWorkerMiteSurvivorship= 6.65716570802033
ICForagerLifespan= 14.2263426072896
ImmType= Tangent
AIAdultSlopeContact= 1.32702392306412
AIAdultLD50Contact= 0.0257792788324878
AILarvaSlope= 2.61523159923963
AILarvaLD50= 0.190557875996456
AIKOW= 7.67454291786999
AIKOC= 16.7537150043063
AIHalfLife= 8.86994360387325
