ICQueenStrength= 4.00452777068131
RQWkrDrnRatio= 2.17384821362793
ICDroneMiteSurvivorship= 43.3753004996106
ICWorkerMiteSurvivorship= 72.5171445868909
ICForagerLifespan= 5.19062518887222
ImmType= Exponential
AIAdultSlopeContact= 1.87686694326578
AIAdultLD50Contact= 0.0214303812826984
AILarvaSlope= 1.62128252778202
AILarvaLD50= 0.751436449424364
AIKOW= 5.54146287590265
AIKOC= 11.6157322027721
AIHalfLife= 5.40921876300126
