ICQueenStrength= 1.00460886163637
RQWkrDrnRatio= 4.66434383764863
ICDroneMiteSurvivorship= 23.1917920988053
ICWorkerMiteSurvivorship= 97.4562697811052
ICForagerLifespan= 12.101576058194
ImmType= Tangent
AIAdultSlopeContact= 2.36682599202963
AIAdultLD50Contact= 0.0437294851406477
AILarvaSlope= 0.67907091723755
AILarvaLD50= 0.333416245621629
AIKOW= 3.32386150769889
AIKOC= 21.6855666611809
AIHalfLife= 7.60663805203512
