ICQueenStrength= 3.77995151816867
RQWkrDrnRatio= 2.72924616839737
ICDroneMiteSurvivorship= 50.3825485007837
ICWorkerMiteSurvivorship= 95.4730732832104
ICForagerLifespan= 10.1426299819723
ImmType= Sine
AIAdultSlope= 2.4489346953691
AIAdultLD50= 0.263500664499588
AIAdultSlopeContact= 1.22312970961444
AIAdultLD50Contact= 0.00393296792171896
AILarvaSlope= 0.0471442151349038
AILarvaLD50= 0.520679433946498
AIKOW= 3.54554179264233
AIKOC= 28.1105260725599
AIHalfLife= 4.94432831066661
EAppRate= 0.368429418606684
