ICQueenStrength= 1.17667929176241
RQWkrDrnRatio= 2.24981641210616
ICDroneMiteSurvivorship= 73.6111809499562
ICWorkerMiteSurvivorship= 92.5528968917206
ICForagerLifespan= 14.6494073346257
ImmType= Exponential
AIAdultSlope= 1.76176744070835
AIAdultLD50= 2.46041393349878
AIAdultSlopeContact= 1.71766658808338
AIAdultLD50Contact= 0.0083821932435967
AILarvaSlope= 1.82411272353493
AILarvaLD50= 0.0449976137140766
AIKOW= 3.3857044018805
AIKOC= 11.8513176694978
AIHalfLife= 12.4993067826144
EAppRate= 0.106775003252551
