ICQueenStrength= 5.22879219986498
RQWkrDrnRatio= 1.59267772734165
ICDroneMiteSurvivorship= 71.1722334614024
ICWorkerMiteSurvivorship= 21.1368548683822
ICForagerLifespan= 7.71813186164945
ImmType= Sine
AIAdultSlope= 0.516604991129134
AIAdultLD50= 0.16422296082601
AIAdultSlopeContact= 1.81783104666509
AIAdultLD50Contact= 0.00298756926786155
AILarvaSlope= 0.0169794815126806
AILarvaLD50= 0.429469003435224
AIKOW= 5.35873482190073
AIKOC= 7.13384216767736
AIHalfLife= 0.381716503761709
EAppRate= 0.111969769652933
