ICQueenStrength= 4.277328038821
RQWkrDrnRatio= 2.30076189897954
ICDroneMiteSurvivorship= 40.0034159421921
ICWorkerMiteSurvivorship= 91.4618265815079
ICForagerLifespan= 7.29795815329999
ImmType= Sine
AIAdultSlope= 0.842159011494368
AIAdultLD50= 1.26396866608411
AIAdultSlopeContact= 0.678618549574167
AIAdultLD50Contact= 0.041208501032088
AILarvaSlope= 0.325290582701564
AILarvaLD50= 0.694039419293404
AIKOW= 7.48382230568677
AIKOC= 16.2276488333009
AIHalfLife= 6.19818622712046
EAppRate= 0.480694264173508
