ICQueenStrength= 5.83125891070813
RQWkrDrnRatio= 2.90820659976453
ICDroneMiteSurvivorship= 75.8242889074609
ICWorkerMiteSurvivorship= 22.174018365331
ICForagerLifespan= 5.37777478341013
ImmType= Exponential
AIAdultSlope= 1.27496046778047
AIAdultLD50= 0.126933134277351
AIAdultSlopeContact= 3.2121107430663
AIAdultLD50Contact= 0.00842143535846844
AILarvaSlope= 1.53691719616763
AILarvaLD50= 0.881211440172046
AIKOW= 7.67737729195505
AIKOC= 5.51164785400033
AIHalfLife= 3.16735936561599
EAppRate= 0.160479401866905
