ICQueenStrength= 5.08585955854505
RQWkrDrnRatio= 1.07141361571848
ICDroneMiteSurvivorship= 94.5309051545337
ICWorkerMiteSurvivorship= 81.4163196599111
ICForagerLifespan= 7.77273949980736
ImmType= Logarithmic
AIAdultSlopeContact= 1.79309689961141
AIAdultLD50Contact= 0.0399704232346267
AILarvaSlope= 1.95436158026569
AILarvaLD50= 0.520426306547597
AIKOW= 7.57415028614923
AIKOC= 20.854191390099
AIHalfLife= 1.2080378998071
