ICQueenStrength= 3.61721746297553
RQWkrDrnRatio= 2.43425735179335
ICDroneMiteSurvivorship= 28.9749702671543
ICWorkerMiteSurvivorship= 8.402557275258
ICForagerLifespan= 11.5729585662484
ImmType= Polynomial
AIAdultSlope= 2.89487365758978
AIAdultLD50= 1.1706553758122
AIAdultSlopeContact= 1.83034419514937
AIAdultLD50Contact= 0.0400083788554184
AILarvaSlope= 1.27611825070344
AILarvaLD50= 0.599910679995082
AIKOW= 4.11857493780553
AIKOC= 28.1592301977798
AIHalfLife= 11.5962561136112
EAppRate= 0.832228457788005
