ICQueenStrength= 4.62323696026579
RQWkrDrnRatio= 2.01930160447955
ICDroneMiteSurvivorship= 27.11538488511
ICWorkerMiteSurvivorship= 64.1875945962965
ICForagerLifespan= 12.5336053539068
ImmType= Sine
AIAdultSlope= 2.7713818626944
AIAdultSlopeContact= 2.75273744637379
AIAdultLD50Contact= 0.0420307789230719
AILarvaSlope= 0.864700445346534
AILarvaLD50= 0.550814149877988
AIKOW= 2.41937682265416
AIKOC= 7.95597642543726
AIHalfLife= 5.24712057411671
