ICQueenStrength= 5.84289068030193
RQWkrDrnRatio= 1.36393941752613
ICDroneMiteSurvivorship= 28.3713109092787
ICWorkerMiteSurvivorship= 64.4844508264214
ICForagerLifespan= 11.5992155792192
ImmType= Tangent
AIAdultSlope= 0.296387158939615
AIAdultLD50= 1.20748822716996
AIAdultSlopeContact= 2.2999162251153
AIAdultLD50Contact= 0.0172687892918475
AILarvaSlope= 1.03724321681075
AILarvaLD50= 0.347350981947966
AIKOW= 6.14093927852809
AIKOC= 27.8987768059596
AIHalfLife= 9.42843259358779
EAppRate= 0.229770782170817
