ICQueenStrength= 4.22534377686679
RQWkrDrnRatio= 1.99659972079098
ICDroneMiteSurvivorship= 9.85127829480916
ICWorkerMiteSurvivorship= 0.504124630242586
ICForagerLifespan= 10.7784718917683
ImmType= Cosine
AIAdultSlope= 3.09141141949221
AIAdultLD50= 2.66328319511376
AIAdultSlopeContact= 2.63116976848338
AIAdultLD50Contact= 0.0153531638672575
AILarvaSlope= 0.795571285206825
AILarvaLD50= 0.764076154259965
AIKOW= 7.81642023986205
AIKOC= 9.13088374771178
AIHalfLife= 9.97440058551729
EAppRate= 0.142120928503573
