ICQueenStrength= 3.04285208485089
RQWkrDrnRatio= 2.47512960806489
ICDroneMiteSurvivorship= 29.589353618212
ICWorkerMiteSurvivorship= 42.8133933804929
ICForagerLifespan= 10.8953783856705
ImmType= Tangent
AIAdultSlope= 2.08817351376638
AIAdultLD50= 0.113776421640068
AIAdultSlopeContact= 2.51953065628186
AIAdultLD50Contact= 0.192866628617048
AILarvaSlope= 3.29642651835456
AILarvaLD50= 0.0128306518308818
AIKOW= 96.8118648510426
AIKOC= 17.3010105034336
AIHalfLife= 13.0320138996467
EAppRate= 1.61570951528847
