ICQueenStrength= 2.49694800958969
RQWkrDrnRatio= 3.04571700561792
ICDroneMiteSurvivorship= 53.5990677075461
ICWorkerMiteSurvivorship= 78.879603696987
ICForagerLifespan= 13.5755339879543
ImmType= Cosine
AIAdultSlope= 2.12592158275656
AIAdultLD50= 0.101218089926988
AIAdultSlopeContact= 0.258511749298777
AIAdultLD50Contact= 0.0311688254121691
AILarvaSlope= 0.137754034297541
AILarvaLD50= 0.176372064789757
AIKOW= 5.51344083668664
AIKOC= 29.1060743166599
AIHalfLife= 3.83461424335837
EAppRate= 0.645083835115656
