ICQueenStrength= 2.13715299754404
RQWkrDrnRatio= 3.78469090163708
ICDroneMiteSurvivorship= 91.4526240900159
ICWorkerMiteSurvivorship= 11.9738431181759
ICForagerLifespan= 13.2046983074397
ImmType= Polynomial
AIAdultSlope= 0.631608563759364
AIAdultLD50= 0.0888592158444226
AIAdultSlopeContact= 3.82694941894384
AIAdultLD50Contact= 0.00905666609760374
AILarvaSlope= 1.69387122020125
AILarvaLD50= 0.799992097634822
AIKOW= 5.2939736857079
AIKOC= 19.6417815762106
AIHalfLife= 0.0343260739464313
EAppRate= 0.399335313681513
