ICQueenStrength= 5.04520504642278
RQWkrDrnRatio= 3.7997247511521
ICDroneMiteSurvivorship= 37.035631830804
ICWorkerMiteSurvivorship= 9.16966428048909
ICForagerLifespan= 14.0072187008336
ImmType= Sine
AIAdultSlope= 2.38486625865335
AIAdultLD50= 0.03798705607187
AIAdultSlopeContact= 1.42067593042972
AIAdultLD50Contact= 0.0359173937118612
AILarvaSlope= 2.6537536455784
AILarvaLD50= 0.793896718136966
AIKOW= 3.39277551649138
AIKOC= 13.4602582792286
AIHalfLife= 3.17365498864092
EAppRate= 0.637727911444381
