ICQueenStrength= 4.55258767493069
RQWkrDrnRatio= 2.32389215938747
ICDroneMiteSurvivorship= 77.5662725092843
ICWorkerMiteSurvivorship= 73.5861161258072
ICForagerLifespan= 12.8805434545502
ImmType= Logarithmic
AIAdultSlope= 3.16717502661049
