ICQueenStrength= 4.94085105392151
RQWkrDrnRatio= 2.52153909578919
ICDroneMiteSurvivorship= 38.6282857041806
ICWorkerMiteSurvivorship= 85.8593509998173
ICForagerLifespan= 13.8008270477876
ImmType= Logarithmic
AIAdultSlope= 3.21191380317323
AIAdultSlopeContact= 3.31826244073687
AIAdultLD50Contact= 0.0258877279236913
AILarvaSlope= 1.9006365402136
AILarvaLD50= 0.40308249774389
AIKOW= 3.22846956830472
AIKOC= 7.88084806525148
AIHalfLife= 2.92184386588633
