ICQueenStrength= 2.2793200602755
RQWkrDrnRatio= 2.96984932851046
