ICQueenStrength= 5.46946389856748
RQWkrDrnRatio= 1.71750666107982
ICDroneMiteSurvivorship= 87.1636014664546
ICWorkerMiteSurvivorship= 22.5028567016125
ICForagerLifespan= 5.01149783562869
ImmType= Logarithmic
AIAdultSlope= 2.91132674543187
AIAdultLD50= 2.2346636778675
AIAdultSlopeContact= 3.55422767881304
AIAdultLD50Contact= 0.0281477406970225
AILarvaSlope= 3.29618168426678
AILarvaLD50= 0.194001879729331
AIKOW= 2.83013680577278
AIKOC= 18.6236545338761
AIHalfLife= 2.47587930038571
EAppRate= 0.142481198534369
