ICQueenStrength= 3.10787838092074
RQWkrDrnRatio= 1.81713367067277
ICDroneMiteSurvivorship= 35.8587365830317
ICWorkerMiteSurvivorship= 2.91053308174014
ICForagerLifespan= 6.33314787037671
ImmType= Polynomial
AIAdultSlope= 1.60735365003347
AIAdultLD50= 0.87448148871772
AIAdultSlopeContact= 1.17082631662488
AIAdultLD50Contact= 0.0334093507146463
AILarvaSlope= 0.608219289733097
AILarvaLD50= 0.2548847948201
AIKOW= 7.06011248193681
AIKOC= 21.2957594031468
AIHalfLife= 9.7240758468397
EAppRate= 0.2667515007779
