ICQueenStrength= 5.48497067671269
RQWkrDrnRatio= 2.75014581996948
ICDroneMiteSurvivorship= 81.3516251044348
ICWorkerMiteSurvivorship= 22.4057232495397
ICForagerLifespan= 10.765138912946
ImmType= Cosine
AIAdultSlope= 1.85755994110368
AIAdultLD50= 2.84062079479918
AIAdultSlopeContact= 3.55932892170735
AIAdultLD50Contact= 0.0483189722639509
AILarvaSlope= 3.17785954046994
AILarvaLD50= 0.0343055132310838
AIKOW= 4.40724810212851
AIKOC= 15.9283839876298
AIHalfLife= 0.136635691393167
EAppRate= 0.616490692133084
