ICQueenStrength= 1.6871650821995
RQWkrDrnRatio= 4.86688420269638
ICDroneMiteSurvivorship= 4.34676078148186
ICWorkerMiteSurvivorship= 22.0817018765956
ICForagerLifespan= 4.64665436651558
ImmType= Cosine
AIAdultSlopeContact= 4.77085846243426
AIAdultLD50Contact= 0.14114992832765
AILarvaSlope= 3.99969673249871
AILarvaLD50= 0.370676380116493
AIKOW= 18.5200755950063
AIKOC= 0.0265466747805476
AIHalfLife= 13.6359598403797
