ICQueenStrength= 5.63762062019669
RQWkrDrnRatio= 1.19727846328169
ICDroneMiteSurvivorship= 88.2403956493363
ICWorkerMiteSurvivorship= 63.6241043685004
ICForagerLifespan= 5.66375904716551
ImmType= Tangent
AIAdultLD50= 0.154012839635834
AIAdultSlopeContact= 0.426256047184579
AIAdultLD50Contact= 0.000236601254437119
AILarvaSlope= 3.32345489892177
AILarvaLD50= 0.408686582464725
AIKOW= 4.07501031458378
AIKOC= 24.8769930226263
AIHalfLife= 12.0381061439402
EAppRate= 1.61727841896936
