ICQueenStrength= 1.86161974701099
RQWkrDrnRatio= 4.79615064989775
ICDroneMiteSurvivorship= 16.3475518347695
ICWorkerMiteSurvivorship= 64.4737568683922
ICForagerLifespan= 7.57546752784401
ImmType= Tangent
AIAdultSlopeContact= 0.526705614756793
AIAdultLD50Contact= 0.0436785843688995
AILarvaSlope= 1.73409173730761
AILarvaLD50= 0.318910718429834
AIKOW= 32.0346798282117
AIKOC= 48.8483546068892
AIHalfLife= 7.19111514557153
