ICQueenStrength= 3.00665789889172
RQWkrDrnRatio= 2.24432664271444
ICDroneMiteSurvivorship= 87.3940437566489
ICWorkerMiteSurvivorship= 73.3566367067397
ICForagerLifespan= 7.82842529099435
ImmType= Exponential
AIAdultSlope= 2.57761852739844
AIAdultLD50= 0.300705354195088
AIAdultSlopeContact= 3.37731775324093
AIAdultLD50Contact= 0.00363077633082867
AILarvaSlope= 2.65528350840323
AILarvaLD50= 0.538350969809107
AIKOW= 2.05291144130751
AIKOC= 5.10044587543234
AIHalfLife= 4.43217885796912
EAppRate= 0.571033540926874
