ICQueenStrength= 3.86567407893017
RQWkrDrnRatio= 1.08573161810637
ICDroneMiteSurvivorship= 39.5136584760621
ICWorkerMiteSurvivorship= 82.0183351403102
ICForagerLifespan= 4.50419967528433
ImmType= Sine
AIAdultSlopeContact= 8.67126112105325
AIAdultLD50Contact= 0.05352938240394
AILarvaSlope= 3.09537746710703
AILarvaLD50= 1.60299214627594
AIKOW= 93.742297613062
AIKOC= 46.1802977370098
AIHalfLife= 10.0982576250099
