ICQueenStrength= 4.23873033560812
RQWkrDrnRatio= 2.44423791207373
