ICQueenStrength= 1.7540785567835
RQWkrDrnRatio= 4.89818558655679
ICDroneMiteSurvivorship= 34.3013848410919
ICWorkerMiteSurvivorship= 4.03618677519262
ICForagerLifespan= 4.57841407135129
ImmType= Cosine
AIAdultSlope= 2.94500865200534
AIAdultLD50= 0.234504948952235
AIAdultSlopeContact= 1.11457571961684
AIAdultLD50Contact= 0.034758179646451
AILarvaSlope= 0.884860433777794
AILarvaLD50= 0.11172278278973
AIKOW= 6.93129907688126
AIKOC= 27.5007933098823
AIHalfLife= 3.55806448613293
EAppRate= 0
