ICQueenStrength= 2.36567038483918
RQWkrDrnRatio= 2.92543618008494
ICDroneMiteSurvivorship= 61.9409003062174
ICWorkerMiteSurvivorship= 67.0097986003384
ICForagerLifespan= 7.09782680962235
ImmType= Cosine
AIAdultSlope= 3.38169407809619
AIAdultLD50= 0.434585115639493
AIAdultSlopeContact= 2.0194340090733
AIAdultLD50Contact= 0.0402906198753044
AILarvaSlope= 1.42204009317793
AILarvaLD50= 0.246696483646519
AIKOW= 2.68805631063879
AIKOC= 27.289149579592
AIHalfLife= 4.72029658732936
EAppRate= 0.00792643351014703
