ICQueenStrength= 5.70812577055767
RQWkrDrnRatio= 4.71187655534595
ICDroneMiteSurvivorship= 64.3604506272823
ICWorkerMiteSurvivorship= 6.99067604728043
ICForagerLifespan= 10.4996000416577
ImmType= Exponential
AIAdultSlope= 1.81395857726689
AIAdultLD50= 0.084624785464257
AIAdultSlopeContact= 2.62537634163396
AIAdultLD50Contact= 0.0243743647704832
AILarvaSlope= 1.51113656833768
AILarvaLD50= 0.546373273408972
AIKOW= 5.22584518836811
AIKOC= 24.0030653611757
AIHalfLife= 4.78222898440436
EAppRate= 0
