ICQueenStrength= 4.13760491670109
RQWkrDrnRatio= 3.14995861425996
ICDroneMiteSurvivorship= 30.7821896625683
ICWorkerMiteSurvivorship= 52.694232086651
ICForagerLifespan= 11.758986050263
ImmType= Exponential
AIAdultSlopeContact= 3.26575230895774
AIAdultLD50Contact= 0.00853429388953373
AILarvaSlope= 1.34746391028166
AILarvaLD50= 0.0693254665704444
AIKOW= 6.03350183460861
AIKOC= 11.2004396051634
AIHalfLife= 2.88487270707265
