ICQueenStrength= 2.05629197438248
RQWkrDrnRatio= 1.23426282871515
ICDroneMiteSurvivorship= 61.6905650822446
ICWorkerMiteSurvivorship= 57.8077997080982
ICForagerLifespan= 11.3589687934145
ImmType= Polynomial
AIAdultSlope= 4.90366966463625
