ICQueenStrength= 4.23067179881036
RQWkrDrnRatio= 1.12777573429048
ICDroneMiteSurvivorship= 60.9344034455717
ICWorkerMiteSurvivorship= 17.6886843750253
ICForagerLifespan= 15.4789270479232
ImmType= Cosine
AIAdultSlope= 2.29953139792196
AIAdultLD50= 1.90239843609743
AIAdultSlopeContact= 1.91322849332588
AIAdultLD50Contact= 0.00236444595502689
AILarvaSlope= 1.77787429350428
AILarvaLD50= 0.551832315372303
AIKOW= 7.55388448992744
AIKOC= 9.04325297567993
AIHalfLife= 8.89617446437478
EAppRate= 0.210207504685968
