ICQueenStrength= 5.16617258451879
RQWkrDrnRatio= 1.31155328545719
ICDroneMiteSurvivorship= 1.8592038191855
ICWorkerMiteSurvivorship= 92.5988898612559
ICForagerLifespan= 11.3041087817401
ImmType= Tangent
AIAdultSlope= 0.397908414672129
AIAdultLD50= 0.173578095622361
AIAdultSlopeContact= 1.11969853695715
AIAdultLD50Contact= 0.015906721050851
AILarvaSlope= 2.6654637740925
AILarvaLD50= 0.266134966816753
AIKOW= 6.46006701374426
AIKOC= 8.51904953713529
AIHalfLife= 1.19664740050212
EAppRate= 0.461196812032722
