ICQueenStrength= 2.25492635299452
RQWkrDrnRatio= 2.83580358885229
ICDroneMiteSurvivorship= 97.6074771024287
ICWorkerMiteSurvivorship= 51.0612908517942
ICForagerLifespan= 13.8391608772799
ImmType= Tangent
AIAdultSlope= 0.56864295017207
AIAdultLD50= 0.419726736610755
AIAdultSlopeContact= 3.66172330580419
AIAdultLD50Contact= 0.00189974599052221
AILarvaSlope= 1.56752317794599
AILarvaLD50= 0.405284085078165
AIKOW= 5.40939793223515
AIKOC= 11.9765089545399
AIHalfLife= 2.47214638045989
EAppRate= 0
