ICQueenStrength= 4.1092691316735
RQWkrDrnRatio= 3.19501522369683
ICDroneMiteSurvivorship= 1.4163036365062
ICWorkerMiteSurvivorship= 79.9837994622067
ICForagerLifespan= 13.3008891064674
ImmType= Tangent
AIAdultSlope= 2.77486204349203
AIAdultLD50= 0.0500827757641673
AIAdultSlopeContact= 1.83882432221901
AIAdultLD50Contact= 0.0282719732844271
AILarvaSlope= 1.81618394865654
AILarvaLD50= 0.128113309037872
AIKOW= 2.80857574148104
AIKOC= 16.5281738282647
AIHalfLife= 2.13630204787478
EAppRate= 0.484853603807278
