ICQueenStrength= 3.98822833574377
RQWkrDrnRatio= 3.8939918205142
ICDroneMiteSurvivorship= 50.264673284255
ICWorkerMiteSurvivorship= 42.062477208674
ICForagerLifespan= 8.85207834187895
ImmType= Sine
AIAdultSlopeContact= 0.100140473961364
AIAdultLD50Contact= 0.0142759691691026
AILarvaSlope= 0.645727851288393
AILarvaLD50= 0.758522209245712
AIKOW= 7.89422247186303
AIKOC= 19.0290526382159
AIHalfLife= 10.8751798765734
