ICQueenStrength= 1.48751106252894
RQWkrDrnRatio= 2.9422971168533
ICDroneMiteSurvivorship= 96.5946401236579
ICWorkerMiteSurvivorship= 24.4950127787888
ICForagerLifespan= 15.5069305142388
ImmType= Sine
AIAdultSlope= 1.55620663131354
AIAdultLD50= 0.193179341964424
AIAdultSlopeContact= 1.33996990372427
AIAdultLD50Contact= 0.0469003673060797
AILarvaSlope= 0.298362724389881
AILarvaLD50= 0.409705778723583
AIKOW= 4.65280862618238
AIKOC= 20.8147909329273
AIHalfLife= 4.53097109100781
EAppRate= 0.432691721571609
