ICQueenStrength= 3.70586168393493
RQWkrDrnRatio= 2.09043778292835
ICDroneMiteSurvivorship= 80.4871570086107
ICWorkerMiteSurvivorship= 83.0267375102267
ICForagerLifespan= 5.11698815505952
ImmType= Logarithmic
AIAdultSlopeContact= 3.13875163874589
AIAdultLD50Contact= 0.00593843093374744
AILarvaSlope= 2.12790588694625
AILarvaLD50= 0.314994012890384
AIKOW= 2.59300277242437
AIKOC= 24.7091435606126
AIHalfLife= 12.4411979760043
