ICQueenStrength= 4.35259730461985
RQWkrDrnRatio= 4.96760964021087
ICDroneMiteSurvivorship= 94.6332559222355
ICWorkerMiteSurvivorship= 23.7427121726796
ICForagerLifespan= 9.84299310389906
ImmType= Sine
AIAdultSlope= 3.83636262296001
AIAdultLD50= 0.2860037679784
AIAdultSlopeContact= 2.89438127266243
AIAdultLD50Contact= 0.0477052377769724
AILarvaSlope= 0.651514034345746
AILarvaLD50= 0.814745902013965
AIKOW= 7.49615333834663
AIKOC= 8.99854258284904
AIHalfLife= 4.88215602003038
EAppRate= 0.572753509925678
