ICQueenStrength= 2.59156997222453
RQWkrDrnRatio= 4.34612874500453
ICDroneMiteSurvivorship= 73.6087899422273
ICWorkerMiteSurvivorship= 35.1373662939295
ICForagerLifespan= 14.0887227067724
ImmType= Cosine
AIAdultSlope= 0.167050592245068
AIAdultLD50= 0.0548616092419252
AIAdultSlopeContact= 2.17089933883399
AIAdultLD50Contact= 0.0358182319672778
AILarvaSlope= 1.83782042623498
AILarvaLD50= 0.485236174170859
AIKOW= 3.43320783646777
AIKOC= 26.8337296275422
AIHalfLife= 3.09291549143381
EAppRate= 0
