ICQueenStrength= 1.56058674119413
RQWkrDrnRatio= 3.42275052797049
ICDroneMiteSurvivorship= 91.6305989259854
ICWorkerMiteSurvivorship= 47.2505989251658
ICForagerLifespan= 13.5445128828287
ImmType= Tangent
AIAdultSlope= 1.86101056270301
AIAdultLD50= 0.0385473658097908
AIAdultSlopeContact= 2.46723689871607
AIAdultLD50Contact= 0.0423632753430866
AILarvaSlope= 3.27146798456088
AILarvaLD50= 0.241268935007974
AIKOW= 2.12560136197135
AIKOC= 26.9617583788931
AIHalfLife= 0.667769722640514
EAppRate= 0.15418400131166
