ICQueenStrength= 1.32828680123203
RQWkrDrnRatio= 2.7591918380931
ICDroneMiteSurvivorship= 93.7336868140846
ICWorkerMiteSurvivorship= 9.44044587668031
ICForagerLifespan= 10.0368177443743
ImmType= Cosine
AIAdultLD50= 0.154012839635834
AIAdultSlopeContact= 1.83534400575561
AIAdultLD50Contact= 0.0489927388029173
AILarvaSlope= 3.05373499165289
AILarvaLD50= 0.0880482875509188
AIKOW= 4.28587861359119
AIKOC= 10.0801019940991
AIHalfLife= 4.50255806464702
EAppRate= 1.26771280867979
