ICQueenStrength= 2.67396093602292
RQWkrDrnRatio= 4.41365582123399
ICDroneMiteSurvivorship= 73.0512941954657
ICWorkerMiteSurvivorship= 67.2055183677003
ICForagerLifespan= 12.0382051765919
ImmType= Sine
AIAdultSlope= 2.02705196551979
AIAdultLD50= 1.67143298056908
AIAdultSlopeContact= 3.37047151483828
AIAdultLD50Contact= 0.0252681776648387
AILarvaSlope= 0.34284847471863
AILarvaLD50= 0.470683048479259
AIKOW= 6.23435247689486
AIKOC= 18.7108964903746
AIHalfLife= 9.97834075661376
EAppRate= 0.366330298129469
