ICQueenStrength= 3.70435749320313
RQWkrDrnRatio= 2.88618813827634
ICDroneMiteSurvivorship= 68.8906172523275
ICWorkerMiteSurvivorship= 91.1623845342547
ICForagerLifespan= 15.6390754729509
ImmType= Cosine
AIAdultSlopeContact= 3.8792805289384
AIAdultLD50Contact= 0.0221846729516983
AILarvaSlope= 3.22305064378306
AILarvaLD50= 0.564073534472845
AIKOW= 7.90376055240631
AIKOC= 7.36209336435422
AIHalfLife= 4.60923768719658
