ICQueenStrength= 2.28609479870647
RQWkrDrnRatio= 1.63207306154072
ICDroneMiteSurvivorship= 81.8983108736575
ICWorkerMiteSurvivorship= 36.1066627781838
ICForagerLifespan= 7.89704424701631
ImmType= Sine
AIAdultSlope= 1.99506529349601
AIAdultLD50= 0.196225845371373
AIAdultSlopeContact= 3.53065305346157
AIAdultLD50Contact= 0.0484704696573317
AILarvaSlope= 0.677833356894553
AILarvaLD50= 0.546001581684686
AIKOW= 3.97938093543053
AIKOC= 11.282644480234
AIHalfLife= 2.19518242636696
EAppRate= 0.136182195344008
