ICQueenStrength= 5.33525430038571
RQWkrDrnRatio= 1.48493069037795
ICDroneMiteSurvivorship= 81.9726840127259
ICWorkerMiteSurvivorship= 44.1304120235145
ICForagerLifespan= 4.38419949356467
ImmType= Exponential
AIAdultSlopeContact= 9.12359582260251
AIAdultLD50Contact= 0.0545801577158272
AILarvaSlope= 4.69810704700649
AILarvaLD50= 0.321988014504313
AIKOW= 48.7518913345411
AIKOC= 86.2105528125539
AIHalfLife= 4.16160086682066
