ICQueenStrength= 2.93432357511483
RQWkrDrnRatio= 4.39963590167463
ICDroneMiteSurvivorship= 85.0637391675264
ICWorkerMiteSurvivorship= 52.2035056957975
ICForagerLifespan= 11.7410051524639
ImmType= Exponential
AIAdultSlope= 1.30498041724088
AIAdultLD50= 0.496753656305373
AIAdultSlopeContact= 1.0686209582747
AIAdultLD50Contact= 0.0236428484902717
AILarvaSlope= 2.6423175140284
AILarvaLD50= 0.536922948737629
AIKOW= 5.80150636890903
AIKOC= 6.00050884648226
AIHalfLife= 4.01993724983186
EAppRate= 0.0640604615211487
