ICQueenStrength= 1.69247234961949
RQWkrDrnRatio= 4.91790018882602
ICDroneMiteSurvivorship= 76.65062060114
ICWorkerMiteSurvivorship= 49.0929377963766
ICForagerLifespan= 13.38745558355
ImmType= Cosine
AIAdultSlope= 3.11561923097586
AIAdultLD50= 0.394963228725828
AIAdultSlopeContact= 0.130556731482502
AIAdultLD50Contact= 0.0433050989639014
AILarvaSlope= 1.27149290456437
AILarvaLD50= 0.311965178023092
AIKOW= 2.63595839310437
AIKOC= 24.7586106136441
AIHalfLife= 4.57164603169076
EAppRate= 0.596901191072538
