ICQueenStrength= 5.73781623994
RQWkrDrnRatio= 1.22682536300272
ICDroneMiteSurvivorship= 46.052971156314
ICWorkerMiteSurvivorship= 78.0246953945607
ICForagerLifespan= 5.22123185917735
ImmType= Polynomial
AIAdultSlope= 3.33046380807646
AIAdultLD50= 0.287670535733923
AIAdultSlopeContact= 3.31623318007914
AIAdultLD50Contact= 0.00832140427082777
AILarvaSlope= 3.32695674668066
AILarvaLD50= 0.431939397356473
AIKOW= 6.63375091040507
AIKOC= 8.95960440509953
AIHalfLife= 10.6145553947426
EAppRate= 0.548325048061088
