ICQueenStrength= 4.74403287307359
RQWkrDrnRatio= 1.26510690432042
ICDroneMiteSurvivorship= 75.8498812327161
ICWorkerMiteSurvivorship= 22.9385119630024
ICForagerLifespan= 12.1172650614753
ImmType= Exponential
AIAdultSlope= 1.84529087129049
AIAdultLD50= 0.518577428301796
AIAdultSlopeContact= 2.2866837182804
AIAdultLD50Contact= 0.0490986541612074
AILarvaSlope= 0.194045312562957
AILarvaLD50= 0.117931973026134
AIKOW= 4.71999933104962
AIKOC= 18.3322318200953
AIHalfLife= 8.78256849199533
EAppRate= 0.394519138848409
