ICQueenStrength= 2.01312172133476
RQWkrDrnRatio= 1.06575136817992
ICDroneMiteSurvivorship= 71.2244432652369
ICWorkerMiteSurvivorship= 67.5541230943054
ICForagerLifespan= 9.18857702799141
ImmType= Logarithmic
AIAdultSlopeContact= 3.11205216683447
AIAdultLD50Contact= 0.191964965546504
AILarvaSlope= 5.0095784990117
AILarvaLD50= 1.95265171164647
AIKOW= 62.3258339706808
AIKOC= 18.9651630586013
AIHalfLife= 6.96550323208794
