ICQueenStrength= 1.12012084014714
RQWkrDrnRatio= 4.91072462778538
ICDroneMiteSurvivorship= 0.244123837910593
ICWorkerMiteSurvivorship= 94.0614471677691
ICForagerLifespan= 6.51149557810277
ImmType= Polynomial
AIAdultSlope= 1.16451977961697
AIAdultLD50= 0.805790662765503
AIAdultSlopeContact= 1.83171162321232
AIAdultLD50Contact= 0.0370309364981949
AILarvaSlope= 0.254819749388844
AILarvaLD50= 0.70044301582966
AIKOW= 3.42804538039491
AIKOC= 11.5904280694667
AIHalfLife= 13.967622783035
EAppRate= 0.796543950913474
