ICQueenStrength= 2.49546417756937
RQWkrDrnRatio= 3.45020963065326
ICDroneMiteSurvivorship= 77.2835412528366
ICWorkerMiteSurvivorship= 67.1088512055576
ICForagerLifespan= 11.8466467512771
ImmType= Tangent
AIAdultSlope= 2.72067760092672
AIAdultLD50= 0.177290849620476
AIAdultSlopeContact= 0.994768231215421
AIAdultLD50Contact= 0.0168384191580117
AILarvaSlope= 1.6124922781717
AILarvaLD50= 0.898920520045795
AIKOW= 6.47558483341709
AIKOC= 5.05673645646311
AIHalfLife= 0.714513218263164
EAppRate= 0.378974093217403
