ICQueenStrength= 3.22256791428663
RQWkrDrnRatio= 2.76394614204764
ICDroneMiteSurvivorship= 87.6675830455497
ICWorkerMiteSurvivorship= 84.1892164200544
ICForagerLifespan= 10.8361864807084
ImmType= Logarithmic
AIAdultSlope= 1.58782799029723
