ICQueenStrength= 1.94112687394954
RQWkrDrnRatio= 3.3992718514055
ICDroneMiteSurvivorship= 81.9169202586636
ICWorkerMiteSurvivorship= 69.2236284958199
ICForagerLifespan= 4.1192432930693
ImmType= Exponential
AIAdultSlope= 7.85909653641284
