ICQueenStrength= 2.78247692878358
RQWkrDrnRatio= 4.31993530970067
ICDroneMiteSurvivorship= 14.7235674783587
ICWorkerMiteSurvivorship= 23.1408965308219
ICForagerLifespan= 8.36085790395737
ImmType= Polynomial
AIAdultSlopeContact= 4.42854429595172
AIAdultLD50Contact= 0.0508536809589714
AILarvaSlope= 4.16291985660791
AILarvaLD50= 0.676903551444411
AIKOW= 43.4488439466804
AIKOC= 81.1980306636542
AIHalfLife= 6.61669506784528
