ICQueenStrength= 5.44215125637129
RQWkrDrnRatio= 3.75966154504567
ICDroneMiteSurvivorship= 46.3324327021837
ICWorkerMiteSurvivorship= 80.2870358107612
ICForagerLifespan= 7.21129240375012
ImmType= Cosine
AIAdultSlope= 0.210124052409083
AIAdultLD50= 0.0362608444411308
AIAdultSlopeContact= 2.01790739055024
AIAdultLD50Contact= 0.0136175472987816
AILarvaSlope= 0.34623074051924
AILarvaLD50= 0.114753371570259
AIKOW= 7.40989965433255
AIKOC= 28.3925474691205
AIHalfLife= 10.8886104803532
EAppRate= 0.403810688992962
