ICQueenStrength= 1.76934417709708
RQWkrDrnRatio= 3.14038037136197
ICDroneMiteSurvivorship= 69.9595141923055
ICWorkerMiteSurvivorship= 66.9212620705366
ICForagerLifespan= 6.14965998567641
ImmType= Exponential
AIAdultSlope= 2.50063423262676
AIAdultLD50= 0.40462228807155
AIAdultSlopeContact= 3.78555319950683
AIAdultLD50Contact= 0.000685167382471263
AILarvaSlope= 0.265229555219412
AILarvaLD50= 0.135539679857902
AIKOW= 3.21764181321487
AIKOC= 29.4146755838301
AIHalfLife= 4.67467813869007
EAppRate= 0.00116696739569306
