ICQueenStrength= 2.86449732398614
RQWkrDrnRatio= 1.9363519186154
ICDroneMiteSurvivorship= 63.8881591847166
ICWorkerMiteSurvivorship= 11.1325999256223
ICForagerLifespan= 5.22850418556482
ImmType= Tangent
AIAdultSlope= 0.595723711885512
