ICQueenStrength= 3.04348115366884
RQWkrDrnRatio= 4.66154647059739
ICDroneMiteSurvivorship= 70.6698893103749
ICWorkerMiteSurvivorship= 75.3445277921855
ICForagerLifespan= 6.14648287557065
ImmType= Exponential
AIAdultSlope= 3.3712512999773
AIAdultLD50= 0.887912468751892
AIAdultSlopeContact= 3.07036441757111
AIAdultLD50Contact= 0.0319014865788631
AILarvaSlope= 2.86346893887967
AILarvaLD50= 0.514196967054159
AIKOW= 7.50982628297061
AIKOC= 26.6974111855961
AIHalfLife= 7.64183950936422
EAppRate= 0.858186999801546
