ICQueenStrength= 1.0575213227421
RQWkrDrnRatio= 4.65400117449462
ICDroneMiteSurvivorship= 46.2776378262788
ICWorkerMiteSurvivorship= 60.308675095439
ICForagerLifespan= 15.5180025612935
ImmType= Logarithmic
AIAdultSlope= 2.54929771974217
AIAdultLD50= 0.273997478652745
AIAdultSlopeContact= 3.33963197616627
AIAdultLD50Contact= 0.0469677766086534
AILarvaSlope= 1.12805900075473
AILarvaLD50= 0.434326338744722
AIKOW= 3.08177921781316
AIKOC= 29.8054807540029
AIHalfLife= 2.33802991453558
EAppRate= 0
