ICQueenStrength= 4.65142728434876
RQWkrDrnRatio= 4.50197906978428
ICDroneMiteSurvivorship= 11.3236157456413
ICWorkerMiteSurvivorship= 71.6022411128506
ICForagerLifespan= 7.12185182515532
ImmType= Sine
AIAdultSlope= 2.81862593647093
AIAdultLD50= 0.77939620334655
AIAdultSlopeContact= 0.216436119647697
AIAdultLD50Contact= 0.0179097740910947
AILarvaSlope= 0.622731080744416
AILarvaLD50= 0.126098113437183
AIKOW= 3.55907401768491
AIKOC= 15.222342814086
AIHalfLife= 12.587920550257
EAppRate= 0.103338588029146
