ICQueenStrength= 4.68996954988688
RQWkrDrnRatio= 4.34960616845638
ICDroneMiteSurvivorship= 3.60849490389228
ICWorkerMiteSurvivorship= 6.68812678195536
ICForagerLifespan= 8.77049437258393
ImmType= Logarithmic
AIAdultSlopeContact= 7.00753529556096
AIAdultLD50Contact= 0.046302586235106
AILarvaSlope= 6.73022732604295
AILarvaLD50= 1.26551152905449
AIKOW= 67.4331118818372
AIKOC= 29.8145834822208
AIHalfLife= 3.76026617037132
