ICQueenStrength= 5.88027578685433
RQWkrDrnRatio= 1.90629711188376
ICDroneMiteSurvivorship= 57.7445331262425
ICWorkerMiteSurvivorship= 84.0954727260396
ICForagerLifespan= 10.1756768142805
ImmType= Tangent
AIAdultSlope= 2.13478831422748
AIAdultLD50= 0.345404179883189
AIAdultSlopeContact= 2.61841226913035
AIAdultLD50Contact= 0.0391408101888374
AILarvaSlope= 1.15928535782732
AILarvaLD50= 0.720393044664524
AIKOW= 5.34228595159948
AIKOC= 27.268804180203
AIHalfLife= 2.00502546038479
EAppRate= 0
