ICQueenStrength= 2.98432571138255
RQWkrDrnRatio= 1.63407045509666
ICDroneMiteSurvivorship= 71.2718457449228
ICWorkerMiteSurvivorship= 1.64457948412746
ICForagerLifespan= 5.0073147714138
ImmType= Cosine
AIAdultSlope= 3.13688779566437
AIAdultLD50= 0.524129540193826
AIAdultSlopeContact= 1.48955212144414
AIAdultLD50Contact= 0.0417163614882156
AILarvaSlope= 2.28261181544512
AILarvaLD50= 0.46710011952091
AIKOW= 4.10532528208569
AIKOC= 10.1091556902975
AIHalfLife= 7.87215540325269
EAppRate= 0.311858632136136
