ICQueenStrength= 4.83037812891416
RQWkrDrnRatio= 4.81907394435257
ICDroneMiteSurvivorship= 76.9648038782179
ICWorkerMiteSurvivorship= 75.9161015972495
ICForagerLifespan= 13.8491987287998
ImmType= Exponential
AIAdultSlope= 4.61489785462618
AIAdultLD50= 0.123013460310176
AIAdultSlopeContact= 6.92631588550285
AIAdultLD50Contact= 0.0460021961014718
AILarvaSlope= 3.39522286085412
AILarvaLD50= 0.22652185941115
AIKOW= 76.3364578131586
AIKOC= 82.6876584906131
AIHalfLife= 2.15014740591869
EAppRate= 0.861348153091967
