ICQueenStrength= 3.88456825190224
RQWkrDrnRatio= 3.22427411284298
ICDroneMiteSurvivorship= 97.8452975628898
ICWorkerMiteSurvivorship= 26.6924548195675
ICForagerLifespan= 9.0334142120555
ImmType= Exponential
AIAdultSlope= 2.21194847852457
AIAdultLD50= 0.44037271477282
AIAdultSlopeContact= 1.16035787258064
AIAdultLD50Contact= 0.0386859668069519
AILarvaSlope= 0.232896274793893
AILarvaLD50= 0.621820697025396
AIKOW= 3.81623787572607
AIKOC= 5.37197241908871
AIHalfLife= 2.45870207203552
EAppRate= 0.577322210837156
