ICQueenStrength= 1.80842226743698
RQWkrDrnRatio= 2.07906832173467
ICDroneMiteSurvivorship= 31.7439317936078
ICWorkerMiteSurvivorship= 15.9539259504527
ICForagerLifespan= 15.2069336753339
ImmType= Sine
AIAdultLD50= 0.154012839635834
AIAdultSlopeContact= 1.43674579900224
AIAdultLD50Contact= 0.0384761741384864
AILarvaSlope= 2.64665117594413
AILarvaLD50= 0.00298166298307478
AIKOW= 5.25618745572865
AIKOC= 24.5751245482825
AIHalfLife= 5.74948852136731
EAppRate= 1.02806138526648
