ICQueenStrength= 2.63380763842724
RQWkrDrnRatio= 3.25436593871564
ICDroneMiteSurvivorship= 69.2614825675264
ICWorkerMiteSurvivorship= 95.2308420557529
ICForagerLifespan= 12.1308875260875
ImmType= Sine
AIAdultSlopeContact= 1.30312304758234
AIAdultLD50Contact= 0.0481971342000179
AILarvaSlope= 1.38740613991395
AILarvaLD50= 0.162952416320331
AIKOW= 4.47936409153044
AIKOC= 13.7826418341137
AIHalfLife= 0.358352605719119
