ICQueenStrength= 1.79218101454899
RQWkrDrnRatio= 4.73243842273951
ICDroneMiteSurvivorship= 50.9996027452871
ICWorkerMiteSurvivorship= 96.8109715962783
ICForagerLifespan= 13.8722117077559
ImmType= Cosine
AIAdultSlopeContact= 0.504780426893849
AIAdultLD50Contact= 0.0238599289674312
AILarvaSlope= 0.916051903972402
AILarvaLD50= 0.693636848009191
AIKOW= 7.67784702079371
AIKOC= 27.3927662242204
AIHalfLife= 5.55949874967337
