ICQueenStrength= 2.01487023755908
RQWkrDrnRatio= 4.84869704861194
ICDroneMiteSurvivorship= 83.3954789210111
ICWorkerMiteSurvivorship= 95.1500450959429
ICForagerLifespan= 10.0701157907024
ImmType= Polynomial
AIAdultSlope= 2.80467054453213
AIAdultLD50= 0.270276274997741
AIAdultSlopeContact= 0.989207474032883
AIAdultLD50Contact= 0.0196348716388457
AILarvaSlope= 0.149029166111723
AILarvaLD50= 0.884531971556134
AIKOW= 5.94360612565652
AIKOC= 23.6824828851968
AIHalfLife= 3.260313491337
EAppRate= 0.602417036518454
