ICQueenStrength= 5.53084142529406
RQWkrDrnRatio= 2.70266182068735
ICDroneMiteSurvivorship= 21.7029491439462
ICWorkerMiteSurvivorship= 19.1426531178877
ICForagerLifespan= 6.40256390627474
ImmType= Logarithmic
AIAdultSlope= 1.06696598378476
AIAdultLD50= 0.436455309041776
AIAdultSlopeContact= 1.16473462383728
AIAdultLD50Contact= 0.041886978468392
AILarvaSlope= 0.716778649855405
AILarvaLD50= 0.1033386973897
AIKOW= 5.80500834342092
AIKOC= 8.12222383217886
AIHalfLife= 3.62341769854538
EAppRate= 0.131832752074115
