ICQueenStrength= 4.76810279907659
RQWkrDrnRatio= 2.78807691857219
ICDroneMiteSurvivorship= 88.9484479324892
ICWorkerMiteSurvivorship= 55.5586291709915
ICForagerLifespan= 5.41253000684083
ImmType= Exponential
AIAdultSlopeContact= 2.20509080506163
AIAdultLD50Contact= 0.0327402360155247
AILarvaSlope= 2.75950949476101
AILarvaLD50= 0.118631983059458
AIKOW= 7.60108046373352
AIKOC= 21.2324545148294
AIHalfLife= 10.7901253206655
