ICQueenStrength= 5.91878042463213
RQWkrDrnRatio= 4.60013840440661
ICDroneMiteSurvivorship= 56.7866605939344
ICWorkerMiteSurvivorship= 68.9552495954558
ICForagerLifespan= 5.17820000648499
ImmType= Cosine
AIAdultSlope= 0.111305906902999
