ICQueenStrength= 1.43729854165576
RQWkrDrnRatio= 2.19497260544449
ICDroneMiteSurvivorship= 0.716231693513691
ICWorkerMiteSurvivorship= 91.418921505101
ICForagerLifespan= 13.2157143773511
ImmType= Sine
AIAdultSlope= 6.97544920956716
AIAdultLD50= 0.0110624779481441
AIAdultSlopeContact= 0.25901437504217
AIAdultLD50Contact= 0.040177246183157
AILarvaSlope= 9.65990292839706
AILarvaLD50= 0.581507688388228
AIKOW= 9.68724100384861
AIKOC= 13.2794495439157
AIHalfLife= 7.75895532639697
EAppRate= 0.804544890299439
