ICQueenStrength= 4.57493498944677
RQWkrDrnRatio= 2.23774702940136
ICDroneMiteSurvivorship= 49.3010562611744
ICWorkerMiteSurvivorship= 40.5794336693361
ICForagerLifespan= 11.7504433793947
ImmType= Polynomial
AIAdultSlopeContact= 2.76146684307605
AIAdultLD50Contact= 0.0131022291723639
AILarvaSlope= 2.64817432733253
AILarvaLD50= 1.6829855744727
AIKOW= 96.1150188930333
AIKOC= 1.58070526085794
AIHalfLife= 6.52670689066872
