ICQueenStrength= 2.41855546971783
RQWkrDrnRatio= 1.02594057563692
ICDroneMiteSurvivorship= 86.468210676685
ICWorkerMiteSurvivorship= 51.4877456706017
ICForagerLifespan= 8.92932821903378
ImmType= Polynomial
AIAdultSlope= 4.01368577964604
