ICQueenStrength= 2.05431047733873
RQWkrDrnRatio= 4.28896993771195
ICDroneMiteSurvivorship= 72.4473188165575
ICWorkerMiteSurvivorship= 1.53763091657311
ICForagerLifespan= 5.34322224278003
ImmType= Polynomial
AIAdultSlope= 2.14116137749515
AIAdultLD50= 0.328295788960531
AIAdultSlopeContact= 0.901876315427944
AIAdultLD50Contact= 0.0392949382774532
AILarvaSlope= 2.19355925405398
AILarvaLD50= 0.416526194731705
AIKOW= 6.48803484020755
AIKOC= 24.1150154860225
AIHalfLife= 10.1757100578398
EAppRate= 0.836376781342551
