ICQueenStrength= 5.66826067655347
RQWkrDrnRatio= 4.2334562195465
ICDroneMiteSurvivorship= 42.455084156245
ICWorkerMiteSurvivorship= 70.8210724173114
ICForagerLifespan= 4.42253287881613
ImmType= Polynomial
AIAdultSlope= 2.00092748701572
AIAdultLD50= 2.74946759222075
AIAdultSlopeContact= 2.05054781716783
AIAdultLD50Contact= 0.0249015440349467
AILarvaSlope= 0.210220824507996
AILarvaLD50= 0.531261221668683
AIKOW= 6.27521225856617
AIKOC= 23.3570567460265
AIHalfLife= 1.17452520085499
EAppRate= 0.832226767437533
