ICQueenStrength= 3.85692393430509
RQWkrDrnRatio= 4.81789888162166
ICDroneMiteSurvivorship= 91.2537259049714
ICWorkerMiteSurvivorship= 2.56981533020735
ICForagerLifespan= 8.5127408253029
ImmType= Polynomial
AIAdultSlope= 1.15632089781575
AIAdultLD50= 2.09042606502771
AIAdultSlopeContact= 3.77989968446782
AIAdultLD50Contact= 0.0102724321885034
AILarvaSlope= 2.30740269930102
AILarvaLD50= 0.649683839455247
AIKOW= 6.56821485748515
AIKOC= 13.2549457030836
AIHalfLife= 0.273082572035491
EAppRate= 0.126654165331274
