ICQueenStrength= 2.52249003760517
RQWkrDrnRatio= 3.50492807570845
ICDroneMiteSurvivorship= 82.5179160106927
ICWorkerMiteSurvivorship= 10.5670975521207
ICForagerLifespan= 5.74244319368154
ImmType= Logarithmic
AIAdultSlope= 2.72400092024356
AIAdultLD50= 0.187264533597045
AIAdultSlopeContact= 3.40954668788239
AIAdultLD50Contact= 0.0486608170554973
AILarvaSlope= 1.3046401488129
AILarvaLD50= 0.434573949174956
AIKOW= 5.58486903645098
AIKOC= 16.8547921301797
AIHalfLife= 0.871491596335545
EAppRate= 0.215367356175557
