ICQueenStrength= 3.34502228908241
RQWkrDrnRatio= 2.83940813969821
ICDroneMiteSurvivorship= 86.510000564158
ICWorkerMiteSurvivorship= 99.3200501659885
ICForagerLifespan= 15.884733797051
ImmType= Polynomial
AIAdultSlopeContact= 1.23462164691417
AIAdultLD50Contact= 0.0136863145744428
AILarvaSlope= 3.35678234612569
AILarvaLD50= 0.0546739704441279
AIKOW= 7.85532983625308
AIKOC= 19.3476350873243
AIHalfLife= 2.9630358661525
