ICQueenStrength= 1.25257450179197
RQWkrDrnRatio= 4.27418809663504
ICDroneMiteSurvivorship= 82.273669121787
ICWorkerMiteSurvivorship= 42.3833989072591
ICForagerLifespan= 7.95895745139569
ImmType= Sine
AIAdultSlope= 7.94038604479283
