ICQueenStrength= 4.14008109387942
RQWkrDrnRatio= 2.92360635660589
ICDroneMiteSurvivorship= 57.0192332612351
ICWorkerMiteSurvivorship= 86.7169579025358
ICForagerLifespan= 4.22166300844401
ImmType= Logarithmic
AIAdultSlope= 1.58938838180853
AIAdultLD50= 0.413226364878938
AIAdultSlopeContact= 2.88062101725256
AIAdultLD50Contact= 0.00852068477543071
AILarvaSlope= 2.90122059001587
AILarvaLD50= 0.0975036727963016
AIKOW= 4.35651400126517
AIKOC= 25.5350202333648
AIHalfLife= 1.0981728346087
EAppRate= 0.45639772429131
