ICQueenStrength= 1.4120630165562
RQWkrDrnRatio= 2.93221830669791
ICDroneMiteSurvivorship= 52.2206305759028
ICWorkerMiteSurvivorship= 45.5503028351814
ICForagerLifespan= 13.6195745943114
ImmType= Exponential
AIAdultSlope= 4.32341994019225
