ICQueenStrength= 5.83613547519781
RQWkrDrnRatio= 3.836644846946
ICDroneMiteSurvivorship= 93.3961081085727
ICWorkerMiteSurvivorship= 74.5574270375073
ICForagerLifespan= 10.3968736492097
ImmType= Sine
AIAdultSlope= 1.05246438938193
AIAdultSlopeContact= 2.36349550349638
AIAdultLD50Contact= 0.00555327133042738
AILarvaSlope= 1.52104333341122
AILarvaLD50= 0.623742037522607
AIKOW= 5.16400229558349
AIKOC= 19.5692629972473
AIHalfLife= 7.63814080832526
