ICQueenStrength= 3.3144709598273
RQWkrDrnRatio= 4.67552727647126
ICDroneMiteSurvivorship= 86.3974594743922
ICWorkerMiteSurvivorship= 21.1860020644963
ICForagerLifespan= 6.73394915368408
ImmType= Logarithmic
AIAdultSlope= 0.995313601330854
AIAdultLD50= 0.221390141756274
AIAdultSlopeContact= 2.90778842472006
AIAdultLD50Contact= 0.0116257347981445
AILarvaSlope= 1.17315802946687
AILarvaLD50= 0.605927591468208
AIKOW= 6.14113137917593
AIKOC= 19.6425075130537
AIHalfLife= 4.11356334108859
EAppRate= 0.430336845619604
