ICQueenStrength= 4.72354335617274
RQWkrDrnRatio= 3.57624338753521
ICDroneMiteSurvivorship= 46.5081463567913
ICWorkerMiteSurvivorship= 93.0634945863858
ICForagerLifespan= 10.5792972026393
ImmType= Cosine
AIAdultSlope= 2.65972453233087
AIAdultLD50= 0.413831163663417
AIAdultSlopeContact= 1.96833106408361
AIAdultLD50Contact= 0.033291190827731
AILarvaSlope= 3.07151464689523
AILarvaLD50= 0.328152023814619
AIKOW= 3.82869179686531
AIKOC= 14.418068791274
AIHalfLife= 1.71729345223866
EAppRate= 0.579190822015516
