ICQueenStrength= 2.51749654789455
RQWkrDrnRatio= 2.00047145038843
ICDroneMiteSurvivorship= 41.0686837509274
ICWorkerMiteSurvivorship= 82.0317982463166
ICForagerLifespan= 8.8747565029189
ImmType= Logarithmic
AIAdultSlope= 1.75944703451358
AIAdultLD50= 0.0949139343574643
AIAdultSlopeContact= 3.77725137684261
AIAdultLD50Contact= 0.00193811355857179
AILarvaSlope= 0.0148156393319368
AILarvaLD50= 0.428274196037091
AIKOW= 7.0136549747549
AIKOC= 11.0928351362236
AIHalfLife= 1.88266573590226
EAppRate= 0.314444494969212
