ICQueenStrength= 1.84600556874648
RQWkrDrnRatio= 2.22673601377755
ICDroneMiteSurvivorship= 31.5842982381582
ICWorkerMiteSurvivorship= 23.8507207017392
ICForagerLifespan= 8.90403011534363
ImmType= Exponential
AIAdultSlope= 1.84439305109438
AIAdultLD50= 0.461039657820947
AIAdultSlopeContact= 1.6243816354475
AIAdultLD50Contact= 0.00622524946229532
AILarvaSlope= 2.47679068609141
AILarvaLD50= 0.881001528189518
AIKOW= 5.64176006847993
AIKOC= 15.9780345170293
AIHalfLife= 4.10602987511083
EAppRate= 0.0149702144088224
