ICQueenStrength= 5.54689180362038
RQWkrDrnRatio= 3.80195990484208
ICDroneMiteSurvivorship= 39.0787958400324
ICWorkerMiteSurvivorship= 97.8148203575984
ICForagerLifespan= 15.0579756973311
ImmType= Logarithmic
AIAdultSlope= 1.04511323767947
AIAdultLD50= 0.311495655914769
AIAdultSlopeContact= 2.19495342326118
AIAdultLD50Contact= 0.0297004027408548
AILarvaSlope= 1.69182421620935
AILarvaLD50= 0.285385164991021
AIKOW= 7.42038008291274
AIKOC= 22.8448353370186
AIHalfLife= 0.0689154816791415
EAppRate= 0.13699669172056
