ICQueenStrength= 2.67539712856524
RQWkrDrnRatio= 1.52650797367096
ICDroneMiteSurvivorship= 83.0759289907292
ICWorkerMiteSurvivorship= 59.9546565907076
ICForagerLifespan= 14.2047900715843
ImmType= Cosine
AIAdultSlope= 0.50767325470224
AIAdultSlopeContact= 3.16955258260248
AIAdultLD50Contact= 0.0277556759887375
AILarvaSlope= 2.04652148191817
AILarvaLD50= 0.514976592804305
AIKOW= 5.70355159137398
AIKOC= 26.1146309913602
AIHalfLife= 13.7489219545387
