ICQueenStrength= 5.37707171426155
RQWkrDrnRatio= 3.17893643304706
ICDroneMiteSurvivorship= 26.8713027937338
ICWorkerMiteSurvivorship= 83.2615938968956
ICForagerLifespan= 11.7828401839361
ImmType= Polynomial
AIAdultSlopeContact= 2.02838267714717
AIAdultLD50Contact= 0.00395977749722078
AILarvaSlope= 2.25203143479303
AILarvaLD50= 0.584924695640802
AIKOW= 7.25353889819235
AIKOC= 17.5774508633185
AIHalfLife= 9.95786159299314
