ICQueenStrength= 1.98712692037225
RQWkrDrnRatio= 1.7610345268622
ICDroneMiteSurvivorship= 24.1956729441881
ICWorkerMiteSurvivorship= 30.5351323680952
ICForagerLifespan= 6.27181634213775
ImmType= Logarithmic
AIAdultSlopeContact= 3.2346873009461
AIAdultLD50Contact= 0.0139541893615387
AILarvaSlope= 2.216251896834
AILarvaLD50= 0.849487367249094
AIKOW= 5.58981126500294
AIKOC= 11.9386629445944
AIHalfLife= 3.85735020460561
