ICQueenStrength= 2.79465527646244
RQWkrDrnRatio= 2.13727629370987
ICDroneMiteSurvivorship= 99.7848443221301
ICWorkerMiteSurvivorship= 42.7330857142806
ICForagerLifespan= 8.66196870896965
ImmType= Exponential
AIAdultSlope= 0.131584110623226
AIAdultLD50= 2.38847437757067
AIAdultSlopeContact= 2.86100607044762
AIAdultLD50Contact= 0.0241243179072626
AILarvaSlope= 1.79672930529341
AILarvaLD50= 0.357652992848307
AIKOW= 3.74814295629039
AIKOC= 18.1853846774902
AIHalfLife= 12.6767887840979
EAppRate= 0.629861756227911
