ICQueenStrength= 2.13293228321709
RQWkrDrnRatio= 1.51055141724646
ICDroneMiteSurvivorship= 97.3503403831273
ICWorkerMiteSurvivorship= 72.7243528934196
ICForagerLifespan= 10.050470537506
ImmType= Cosine
AIAdultSlopeContact= 2.78805894398131
AIAdultLD50Contact= 0.0273090245435014
AILarvaSlope= 2.71578872413374
AILarvaLD50= 0.0847886567702517
AIKOW= 3.54834569711238
AIKOC= 17.5642311351839
AIHalfLife= 11.5342795648612
