ICQueenStrength= 4.75148765742779
RQWkrDrnRatio= 3.84829934313893
ICDroneMiteSurvivorship= 20.887527638115
ICWorkerMiteSurvivorship= 63.577948929742
ICForagerLifespan= 8.41123980842531
ImmType= Cosine
AIAdultSlope= 2.24307098941645
AIAdultLD50= 0.0984153412282467
AIAdultSlopeContact= 2.6320424291119
AIAdultLD50Contact= 0.0426671593682841
AILarvaSlope= 0.50923793236725
AILarvaLD50= 0.478361035650596
AIKOW= 7.10037792241201
AIKOC= 17.5000391737558
AIHalfLife= 1.64417086052708
EAppRate= 0.0525867333170026
