ICQueenStrength= 3.5861208641436
RQWkrDrnRatio= 3.8408205229789
ICDroneMiteSurvivorship= 97.1031120745465
ICWorkerMiteSurvivorship= 33.6405425099656
ICForagerLifespan= 12.5863032201305
ImmType= Cosine
AIAdultSlope= 3.02913275975734
AIAdultLD50= 1.767684094375
AIAdultSlopeContact= 1.97184924151283
AIAdultLD50Contact= 0.0315515871043317
AILarvaSlope= 2.37530169682577
AILarvaLD50= 0.136133043793961
AIKOW= 4.82082631438971
AIKOC= 21.4626095909625
AIHalfLife= 11.1265255473554
EAppRate= 0.849478426156566
