ICQueenStrength= 3.65857497346587
RQWkrDrnRatio= 4.29515213146806
ICDroneMiteSurvivorship= 10.8984743943438
ICWorkerMiteSurvivorship= 7.41098653525114
ICForagerLifespan= 15.3478161590174
ImmType= Logarithmic
AIAdultSlopeContact= 3.7140045680129
AIAdultLD50Contact= 0.00648483644472435
AILarvaSlope= 2.30812409850769
AILarvaLD50= 0.453259823145345
AIKOW= 3.56655285181478
AIKOC= 9.23032106482424
AIHalfLife= 1.04473653947935
