ICQueenStrength= 1.87531166966073
RQWkrDrnRatio= 1.72612761054188
ICDroneMiteSurvivorship= 71.8796471133828
ICWorkerMiteSurvivorship= 53.2754471758381
ICForagerLifespan= 7.96496404055506
ImmType= Sine
AIAdultSlope= 0.0743100301362574
AIAdultLD50= 0.0789034555200487
AIAdultSlopeContact= 0.88047163574025
AIAdultLD50Contact= 0.00335121073294431
AILarvaSlope= 1.20216155727394
AILarvaLD50= 0.243955504707992
AIKOW= 6.60972313443199
AIKOC= 13.3691380044911
AIHalfLife= 5.10070543177426
EAppRate= 0.0685442960821092
