ICQueenStrength= 3.13919212925248
RQWkrDrnRatio= 2.68654660135508
ICDroneMiteSurvivorship= 14.167590951547
ICWorkerMiteSurvivorship= 75.8987047011033
ICForagerLifespan= 10.362001911737
ImmType= Exponential
AIAdultSlope= 3.89851611210499
AIAdultLD50= 0.1476454755757
AIAdultSlopeContact= 2.61775385872694
AIAdultLD50Contact= 0.0433672777027823
AILarvaSlope= 0.384313703002408
AILarvaLD50= 0.543162343162112
AIKOW= 4.42044820683077
AIKOC= 18.0581293662544
AIHalfLife= 3.43269937904552
EAppRate= 0.00861680973321199
