ICQueenStrength= 3.56450707907788
RQWkrDrnRatio= 4.25422315392643
ICDroneMiteSurvivorship= 99.6398304356262
ICWorkerMiteSurvivorship= 23.8225910346955
ICForagerLifespan= 8.85384790971875
ImmType= Sine
AIAdultSlope= 2.70885678280145
AIAdultLD50= 0.244749876204878
AIAdultSlopeContact= 0.999508501547389
AIAdultLD50Contact= 0.0434831858146936
AILarvaSlope= 1.72278859633952
AILarvaLD50= 0.207406333484687
AIKOW= 4.16445766156539
AIKOC= 9.67647695913911
AIHalfLife= 3.88244092348032
EAppRate= 0.163051256816834
