ICQueenStrength= 2.82589287287556
RQWkrDrnRatio= 1.64677925314754
ICDroneMiteSurvivorship= 88.5653156554326
ICWorkerMiteSurvivorship= 86.5407213568687
ICForagerLifespan= 9.88699165545404
ImmType= Sine
AIAdultSlope= 2.78531817222247
AIAdultLD50= 0.207897362182848
AIAdultSlopeContact= 2.80053201439558
AIAdultLD50Contact= 0.0207884275005199
AILarvaSlope= 2.25376395261846
AILarvaLD50= 0.740826160088181
AIKOW= 2.91045684413984
AIKOC= 23.3427992276847
AIHalfLife= 2.23107566824183
EAppRate= 0
