ICQueenStrength= 5.70019436790608
RQWkrDrnRatio= 1.83330757077783
ICDroneMiteSurvivorship= 20.4258383018896
ICWorkerMiteSurvivorship= 68.782015168108
ICForagerLifespan= 11.5582140665501
ImmType= Logarithmic
AIAdultSlopeContact= 9.8364702006802
AIAdultLD50Contact= 6.08218833804131e-05
AILarvaSlope= 6.9836552371271
AILarvaLD50= 0.0640208916738629
AIKOW= 36.1258376389742
AIKOC= 17.8162198048085
AIHalfLife= 8.46662894682959
