ICQueenStrength= 2.51232061791234
RQWkrDrnRatio= 4.9925599899143
ICDroneMiteSurvivorship= 31.2957589747384
ICWorkerMiteSurvivorship= 52.2560697514564
ICForagerLifespan= 10.1303254263476
ImmType= Exponential
AIAdultSlope= 0.380828722380102
AIAdultLD50= 2.73416153714061
AIAdultSlopeContact= 0.937892021939624
AIAdultLD50Contact= 0.00702114320592955
AILarvaSlope= 2.23885501404293
AILarvaLD50= 0.404562791716307
AIKOW= 6.80146112944931
AIKOC= 11.2232724390924
AIHalfLife= 12.097023892682
EAppRate= 0.744585285428911
