ICQueenStrength= 5.76229458348826
RQWkrDrnRatio= 3.7933135041967
ICDroneMiteSurvivorship= 87.8771004965529
ICWorkerMiteSurvivorship= 77.7786314254627
ICForagerLifespan= 12.4070234391838
ImmType= Sine
AIAdultSlope= 1.23051450852072
AIAdultLD50= 0.145563987432979
AIAdultSlopeContact= 3.2425279732584
AIAdultLD50Contact= 0.0387810018146411
AILarvaSlope= 0.726198949990794
AILarvaLD50= 0.226621840847656
AIKOW= 3.94463823316619
AIKOC= 5.24630050174892
AIHalfLife= 3.66361139109358
EAppRate= 0
