ICQueenStrength= 4.90750902122818
RQWkrDrnRatio= 3.91483172867447
ICDroneMiteSurvivorship= 50.75690865051
ICWorkerMiteSurvivorship= 56.3789641484618
ICForagerLifespan= 4.14216568041593
ImmType= Polynomial
AIAdultSlope= 3.38836865234189
AIAdultLD50= 0.882185993716121
AIAdultSlopeContact= 1.60351767663611
AIAdultLD50Contact= 0.044238663604483
AILarvaSlope= 0.549678159318864
AILarvaLD50= 0.411797072156332
AIKOW= 2.53877892065793
AIKOC= 26.860803704476
AIHalfLife= 0.714071822352707
EAppRate= 0.486456917598844
