ICQueenStrength= 4.22847008123063
RQWkrDrnRatio= 4.66009210422635
ICDroneMiteSurvivorship= 2.96272619161755
ICWorkerMiteSurvivorship= 44.06020459719
ICForagerLifespan= 8.73736193031073
ImmType= Logarithmic
AIAdultSlope= 0.744118375475518
AIAdultLD50= 0.395587573875673
AIAdultSlopeContact= 1.93393635628978
AIAdultLD50Contact= 0.0448100624023937
AILarvaSlope= 0.240237503033131
AILarvaLD50= 0.466781125660054
AIKOW= 4.23578023118898
AIKOC= 22.129940999439
AIHalfLife= 3.00239742966369
EAppRate= 0.412746173399501
