ICQueenStrength= 4.23147394927219
RQWkrDrnRatio= 1.4354971377179
ICDroneMiteSurvivorship= 58.6806396022439
ICWorkerMiteSurvivorship= 65.8297823276371
ICForagerLifespan= 12.5346587607637
ImmType= Tangent
AIAdultSlope= 2.18736503701657
AIAdultLD50= 2.51253663701937
AIAdultSlopeContact= 2.59132609478664
AIAdultLD50Contact= 0.0300334361614659
AILarvaSlope= 2.65417622723617
AILarvaLD50= 0.0662115465849638
AIKOW= 2.4657310298644
AIKOC= 25.1628347975202
AIHalfLife= 11.1022143638693
EAppRate= 0.785491666058078
