ICQueenStrength= 5.44657896645367
RQWkrDrnRatio= 4.26774289086461
ICDroneMiteSurvivorship= 33.3653982263058
ICWorkerMiteSurvivorship= 12.756100972183
ICForagerLifespan= 8.74848280195147
ImmType= Exponential
AIAdultSlopeContact= 3.63132841776358
AIAdultLD50Contact= 0.0160391163197346
AILarvaSlope= 0.775520517164841
AILarvaLD50= 0.876958406134509
AIKOW= 7.83084653457627
AIKOC= 28.4953241306357
AIHalfLife= 9.90709982393309
