ICQueenStrength= 1.59212733292952
RQWkrDrnRatio= 3.33974250312895
ICDroneMiteSurvivorship= 74.7140483930707
ICWorkerMiteSurvivorship= 96.3225958636031
ICForagerLifespan= 14.0827972711995
ImmType= Exponential
AIAdultSlope= 1.56012333929539
