ICQueenStrength= 1.82695770426653
RQWkrDrnRatio= 4.8474107645452
ICDroneMiteSurvivorship= 95.156497345306
ICWorkerMiteSurvivorship= 79.8877350520343
ICForagerLifespan= 10.224773267284
ImmType= Exponential
AIAdultSlope= 3.54637710502138
AIAdultLD50= 0.142278941115364
AIAdultSlopeContact= 2.41371708323015
AIAdultLD50Contact= 0.00244490969926119
AILarvaSlope= 2.44524880107492
AILarvaLD50= 0.439625264983624
AIKOW= 4.40999575005844
AIKOC= 23.5862554062624
AIHalfLife= 2.41025864030235
EAppRate= 0.283627903298475
