ICQueenStrength= 3.9748843354173
RQWkrDrnRatio= 4.94750545173883
ICDroneMiteSurvivorship= 28.9339202921838
ICWorkerMiteSurvivorship= 81.8868881324306
ICForagerLifespan= 6.7622580146417
ImmType= Polynomial
AIAdultSlopeContact= 1.91985351084732
AIAdultLD50Contact= 0.00144093568669632
AILarvaSlope= 1.55283423410729
AILarvaLD50= 0.88077315799892
AIKOW= 7.3726093606092
AIKOC= 16.9191266887356
AIHalfLife= 5.83633432490751
