ICQueenStrength= 5.14075838169083
RQWkrDrnRatio= 3.70816571358591
ICDroneMiteSurvivorship= 92.8304882952943
ICWorkerMiteSurvivorship= 75.002797646448
ICForagerLifespan= 8.84115148335695
ImmType= Exponential
AIAdultLD50= 0.154012839635834
AIAdultSlopeContact= 1.10777746052016
AIAdultLD50Contact= 0.0378197481273674
AILarvaSlope= 2.89109587338753
AILarvaLD50= 0.487028588633984
AIKOW= 7.02084208792076
AIKOC= 17.8863784775604
AIHalfLife= 10.4803526350297
EAppRate= 1.61947921663523
