ICQueenStrength= 3.61826182482764
RQWkrDrnRatio= 4.9746311083436
ICDroneMiteSurvivorship= 71.726487041451
ICWorkerMiteSurvivorship= 85.6843106914312
ICForagerLifespan= 6.17661475297064
ImmType= Tangent
AIAdultSlope= 0.0179336261469871
AIAdultLD50= 1.05211103707552
AIAdultSlopeContact= 3.22885325707728
AIAdultLD50Contact= 0.0190067364717834
AILarvaSlope= 0.701388750504702
AILarvaLD50= 0.528119668434374
AIKOW= 5.16506934259087
AIKOC= 13.1874015391804
AIHalfLife= 5.13887540716678
EAppRate= 0.369992445223033
