ICQueenStrength= 3.10760191897862
RQWkrDrnRatio= 1.63064778503031
ICDroneMiteSurvivorship= 64.7648144513369
ICWorkerMiteSurvivorship= 49.0134977735579
ICForagerLifespan= 7.74080417491496
ImmType= Exponential
AIAdultSlopeContact= 0.816536974161863
AIAdultLD50Contact= 0.100676180794835
AILarvaSlope= 6.04272070573643
AILarvaLD50= 1.39279654249549
AIKOW= 83.6731805698946
AIKOC= 2.42774547077715
AIHalfLife= 0.507802146486938
