ICQueenStrength= 2.58603801974095
RQWkrDrnRatio= 1.03470333945006
ICDroneMiteSurvivorship= 70.1409560861066
ICWorkerMiteSurvivorship= 15.8687363145873
ICForagerLifespan= 9.77206811588258
ImmType= Tangent
AIAdultSlope= 1.16600900306599
AIAdultLD50= 0.103156164987013
AIAdultSlopeContact= 0.729413773678243
AIAdultLD50Contact= 0.00171153735136613
AILarvaSlope= 2.43992006755434
AILarvaLD50= 0.564203522074968
AIKOW= 2.53682521218434
AIKOC= 7.89412986021489
AIHalfLife= 2.8161322500091
EAppRate= 0
