ICQueenStrength= 1.56314804591238
RQWkrDrnRatio= 4.1445837141946
ICDroneMiteSurvivorship= 20.4332191962749
ICWorkerMiteSurvivorship= 95.6919792573899
ICForagerLifespan= 12.4123185612261
ImmType= Logarithmic
AIAdultSlope= 1.44815085837618
AIAdultLD50= 0.428529601776972
AIAdultSlopeContact= 2.87370962728048
AIAdultLD50Contact= 0.0399491517571732
AILarvaSlope= 0.248741014488041
AILarvaLD50= 0.0375524037284777
AIKOW= 5.13266284856945
AIKOC= 27.9230533528607
AIHalfLife= 5.3202159749344
EAppRate= 0.140376918949187
