ICQueenStrength= 3.6552159525454
RQWkrDrnRatio= 2.69308074750006
ICDroneMiteSurvivorship= 70.6420187139884
ICWorkerMiteSurvivorship= 45.0002535711974
ICForagerLifespan= 12.7172579513863
ImmType= Sine
AIAdultSlope= 3.18113797775237
AIAdultLD50= 0.297925248858519
AIAdultSlopeContact= 2.85995127603645
AIAdultLD50Contact= 0.0400563159026206
AILarvaSlope= 2.97605199334212
AILarvaLD50= 0.168193969060667
AIKOW= 6.9898756579496
AIKOC= 28.8673820043914
AIHalfLife= 0.338220815174282
EAppRate= 0.51159929712303
