ICQueenStrength= 4.76803341903724
RQWkrDrnRatio= 4.23039203137159
ICDroneMiteSurvivorship= 29.9726661527529
ICWorkerMiteSurvivorship= 20.2350708190352
ICForagerLifespan= 4.45102920662612
ImmType= Cosine
AIAdultSlope= 2.55163369541988
AIAdultLD50= 2.48563170712441
AIAdultSlopeContact= 3.70350419327617
AIAdultLD50Contact= 0.025486466800794
AILarvaSlope= 0.627682488178834
AILarvaLD50= 0.292209073109552
AIKOW= 3.59424197301269
AIKOC= 29.8529622214846
AIHalfLife= 7.13626051135361
EAppRate= 0.988606923259795
