ICQueenStrength= 5.91844400530681
RQWkrDrnRatio= 3.06825479958206
ICDroneMiteSurvivorship= 8.30106774810702
ICWorkerMiteSurvivorship= 42.0928852399811
ICForagerLifespan= 6.0760570410639
ImmType= Exponential
AIAdultSlope= 2.22097928253934
AIAdultSlopeContact= 0.593934403834865
AIAdultLD50Contact= 0.0260215489426628
AILarvaSlope= 1.69898295211606
AILarvaLD50= 0.351908250362612
AIKOW= 3.35589500283822
AIKOC= 25.9002286894247
AIHalfLife= 4.41925912536681
