ICQueenStrength= 2.64323113742284
RQWkrDrnRatio= 4.35557392425835
ICDroneMiteSurvivorship= 0.407142704352736
ICWorkerMiteSurvivorship= 23.2857189374045
ICForagerLifespan= 14.0063281459734
ImmType= Logarithmic
AIAdultSlope= 1.30336447586305
AIAdultLD50= 0.187727789045312
AIAdultSlopeContact= 0.550305952106137
AIAdultLD50Contact= 0.0222353747929446
AILarvaSlope= 0.449118727631867
AILarvaLD50= 0.531670146016404
AIKOW= 4.88149072695524
AIKOC= 18.7614663748536
AIHalfLife= 3.41275007347576
EAppRate= 0
