ICQueenStrength= 5.00946884881705
RQWkrDrnRatio= 3.22853084560484
ICDroneMiteSurvivorship= 51.9122757716104
ICWorkerMiteSurvivorship= 4.83693901915103
ICForagerLifespan= 6.2413825429976
ImmType= Cosine
AIAdultSlope= 2.67998916362412
AIAdultSlopeContact= 1.81564099974465
AIAdultLD50Contact= 0.0149508128757589
AILarvaSlope= 2.02670750608668
AILarvaLD50= 0.182674755784683
AIKOW= 2.69751016004011
AIKOC= 22.3175454256125
AIHalfLife= 10.6124868211336
