ICQueenStrength= 1.95050745364279
RQWkrDrnRatio= 4.05170643422753
