ICQueenStrength= 5.77298326673917
RQWkrDrnRatio= 2.56555829569697
ICDroneMiteSurvivorship= 41.6071929037571
ICWorkerMiteSurvivorship= 55.0753428833559
ICForagerLifespan= 9.49740136042237
ImmType= Polynomial
AIAdultLD50= 0.154012839635834
AIAdultSlopeContact= 0.495930132181384
AIAdultLD50Contact= 0.0497678276500665
AILarvaSlope= 2.46928900037892
AILarvaLD50= 0.329169211140834
AIKOW= 3.99214531807229
AIKOC= 12.8045041533187
AIHalfLife= 6.96374530764297
EAppRate= 1.84371575154364
