ICQueenStrength= 3.97876490000635
RQWkrDrnRatio= 2.33930692821741
