ICQueenStrength= 3.54777819383889
RQWkrDrnRatio= 4.87830603960901
ICDroneMiteSurvivorship= 62.0516540016979
ICWorkerMiteSurvivorship= 82.7489221701398
ICForagerLifespan= 6.11461574584246
ImmType= Exponential
AIAdultSlope= 0.717536237763707
AIAdultLD50= 0.457867025164887
AIAdultSlopeContact= 3.42788557455875
AIAdultLD50Contact= 0.0331147784134373
AILarvaSlope= 0.999003455741331
AILarvaLD50= 0.180277269333601
AIKOW= 4.07548147812486
AIKOC= 17.5863966939505
AIHalfLife= 3.33296474884264
EAppRate= 0.272481209924445
