ICQueenStrength= 5.51621135580353
RQWkrDrnRatio= 4.49845585413277
ICDroneMiteSurvivorship= 73.813613737002
ICWorkerMiteSurvivorship= 47.89377017878
ICForagerLifespan= 8.22196159604937
ImmType= Cosine
AIAdultLD50= 0.154012839635834
AIAdultSlopeContact= 3.89007119426038
AIAdultLD50Contact= 0.0247189651941881
AILarvaSlope= 1.52121316133998
AILarvaLD50= 0.631188384513371
AIKOW= 6.04043853841722
AIKOC= 9.93583425413817
AIHalfLife= 13.6753972312436
EAppRate= 1.92489978484809
