ICQueenStrength= 1.30771834310144
RQWkrDrnRatio= 2.00554555747658
ICDroneMiteSurvivorship= 6.34098581504077
ICWorkerMiteSurvivorship= 97.9662966448814
ICForagerLifespan= 6.58146808296442
ImmType= Logarithmic
AIAdultSlope= 0.622697154565249
AIAdultLD50= 0.398241672781296
AIAdultSlopeContact= 2.08663118516095
AIAdultLD50Contact= 0.000674133514985442
AILarvaSlope= 3.38457755460404
AILarvaLD50= 0.346340983989649
AIKOW= 2.54181521758437
AIKOC= 10.3414410213009
AIHalfLife= 3.41015351121314
EAppRate= 0.326693468727171
