ICQueenStrength= 3.66458358964883
RQWkrDrnRatio= 2.6037423601374
ICDroneMiteSurvivorship= 98.7611686112359
ICWorkerMiteSurvivorship= 1.68265912216157
ICForagerLifespan= 15.5210328260437
ImmType= Logarithmic
AIAdultSlope= 3.76964583103778
AIAdultLD50= 0.0769392874790356
AIAdultSlopeContact= 1.91884595823241
AIAdultLD50Contact= 0.00885356977814808
AILarvaSlope= 1.30752652143128
AILarvaLD50= 0.0266334143467248
AIKOW= 7.90051021240652
AIKOC= 20.2857901994139
AIHalfLife= 4.13233676110394
EAppRate= 0.248496501264162
