ICQueenStrength= 4.33333086688071
RQWkrDrnRatio= 3.82258792966604
ICDroneMiteSurvivorship= 6.87423765193671
ICWorkerMiteSurvivorship= 5.04712702240795
ICForagerLifespan= 8.90782621502876
ImmType= Sine
AIAdultSlope= 1.52766405193135
AIAdultLD50= 0.0650125850224867
AIAdultSlopeContact= 3.25244181276066
AIAdultLD50Contact= 0.0149902554927394
AILarvaSlope= 2.02208132003434
AILarvaLD50= 0.0557776749366894
AIKOW= 2.53348647523671
AIKOC= 8.55974630801938
AIHalfLife= 3.33396193804219
EAppRate= 0.226241751387715
