ICQueenStrength= 5.82414950733073
RQWkrDrnRatio= 4.00166653189808
ICDroneMiteSurvivorship= 2.74123153649271
ICWorkerMiteSurvivorship= 73.0820927070454
ICForagerLifespan= 9.75692908838391
ImmType= Cosine
AIAdultSlope= 3.46890429792227
AIAdultLD50= 0.243594714091159
AIAdultSlopeContact= 2.03996410200605
AIAdultLD50Contact= 0.0149251943454146
AILarvaSlope= 2.72898216955364
AILarvaLD50= 0.642693918943405
AIKOW= 2.13355470541865
AIKOC= 11.3819101953413
AIHalfLife= 3.75796507112682
EAppRate= 0.570363395102322
