ICQueenStrength= 3.22256791428663
RQWkrDrnRatio= 2.76394614204764
ICDroneMiteSurvivorship= 87.6675830455497
ICWorkerMiteSurvivorship= 84.1892164200544
ICForagerLifespan= 10.8361864807084
ImmType= Logarithmic
AIAdultSlope= 1.58782799029723
AIAdultLD50= 0.810303274309263
AIAdultSlopeContact= 4.87859332002699
AIAdultLD50Contact= 0.0236223333049566
AILarvaSlope= 8.61698226071894
AILarvaLD50= 1.45321532804519
AIKOW= 70.3083467204124
AIKOC= 76.1034036288038
AIHalfLife= 3.03747462201864
EAppRate= 1.80139150517061
