ICQueenStrength= 1.10729039786384
RQWkrDrnRatio= 2.40770879480988
ICDroneMiteSurvivorship= 44.7468605358154
ICWorkerMiteSurvivorship= 42.5223044119775
ICForagerLifespan= 13.2797816554084
ImmType= Cosine
AIAdultSlope= 1.66301172235981
AIAdultLD50= 0.327792765805498
AIAdultSlopeContact= 3.02638874243712
AIAdultLD50Contact= 0.0376355049083941
AILarvaSlope= 0.174712529452518
AILarvaLD50= 0.808765793591738
AIKOW= 7.71583012491465
AIKOC= 22.1827176120132
AIHalfLife= 4.26241703610867
EAppRate= 0.699685639236122
