ICQueenStrength= 1.10332324192859
RQWkrDrnRatio= 4.07406598050147
ICDroneMiteSurvivorship= 99.4936068542302
ICWorkerMiteSurvivorship= 95.4512880416587
ICForagerLifespan= 9.02476570568979
ImmType= Cosine
AIAdultSlopeContact= 1.30144728373736
AIAdultLD50Contact= 0.0413092518458143
AILarvaSlope= 3.27156403944828
AILarvaLD50= 0.22052920893766
AIKOW= 3.58973873686045
AIKOC= 22.2970264451578
AIHalfLife= 1.75930733280256
