ICQueenStrength= 2.03076148428954
RQWkrDrnRatio= 4.37385037820786
ICDroneMiteSurvivorship= 96.2284538662061
ICWorkerMiteSurvivorship= 60.0036291638389
ICForagerLifespan= 5.6276138862595
ImmType= Exponential
AIAdultSlope= 1.10414415597916
