ICQueenStrength= 5.27907382487319
RQWkrDrnRatio= 1.06240527983755
ICDroneMiteSurvivorship= 67.4762218957767
ICWorkerMiteSurvivorship= 69.44649098441
ICForagerLifespan= 12.2918331343681
ImmType= Cosine
AIAdultSlope= 3.38195573573699
AIAdultLD50= 0.0559809827245772
AIAdultSlopeContact= 3.43990523938788
AIAdultLD50Contact= 0.0242843203945085
AILarvaSlope= 1.77356231575832
AILarvaLD50= 0.464271500869654
AIKOW= 5.81828226335347
AIKOC= 29.5128176466096
AIHalfLife= 1.44234553328715
EAppRate= 0.622658474417403
