ICQueenStrength= 4.77562021836638
RQWkrDrnRatio= 1.46841035410762
ICDroneMiteSurvivorship= 36.5660161245614
ICWorkerMiteSurvivorship= 6.30633840337396
ICForagerLifespan= 12.719595650211
ImmType= Polynomial
AIAdultSlope= 5.93328607268631
