ICQueenStrength= 3.46237795683555
RQWkrDrnRatio= 1.4161483598873
ICDroneMiteSurvivorship= 7.37179049756378
ICWorkerMiteSurvivorship= 81.5828241640702
ICForagerLifespan= 6.75487674307078
ImmType= Sine
AIAdultSlope= 1.36145236436278
