ICQueenStrength= 3.45550050400198
RQWkrDrnRatio= 1.8045767089352
ICDroneMiteSurvivorship= 2.50697904266417
ICWorkerMiteSurvivorship= 27.8267873218283
ICForagerLifespan= 12.0565857263282
ImmType= Exponential
AIAdultSlopeContact= 5.20696540363133
AIAdultLD50Contact= 0.025425685569644
AILarvaSlope= 2.58986839326099
AILarvaLD50= 0.947037658188492
AIKOW= 61.3533099647611
AIKOC= 1.79956643842161
AIHalfLife= 2.51736469985917
