ICQueenStrength= 2.82234425563365
RQWkrDrnRatio= 1.91862407606095
ICDroneMiteSurvivorship= 28.6252874182537
ICWorkerMiteSurvivorship= 21.7809618683532
ICForagerLifespan= 6.64491558913141
ImmType= Logarithmic
AIAdultSlope= 0.851929376553744
AIAdultSlopeContact= 2.8207905829791
AIAdultLD50Contact= 0.0344877233845182
AILarvaSlope= 1.86203888426535
AILarvaLD50= 0.557481037289836
AIKOW= 7.00661020446569
AIKOC= 10.9793357097078
AIHalfLife= 7.84572236752138
