ICQueenStrength= 5.72251805360429
RQWkrDrnRatio= 3.43003596365452
ICDroneMiteSurvivorship= 87.5996650662273
ICWorkerMiteSurvivorship= 3.50305524189025
ICForagerLifespan= 4.93982212524861
ImmType= Cosine
AIAdultSlopeContact= 3.89916748688556
AIAdultLD50Contact= 0.0405922180623747
AILarvaSlope= 0.525879196403548
AILarvaLD50= 0.855164448707365
AIKOW= 3.2659628870897
AIKOC= 8.78679216373712
AIHalfLife= 13.1331667071208
