ICQueenStrength= 4.31378457834944
RQWkrDrnRatio= 1.16367443837225
ICDroneMiteSurvivorship= 64.9427591590211
ICWorkerMiteSurvivorship= 89.5939955487847
ICForagerLifespan= 11.1597132803872
ImmType= Exponential
AIAdultSlope= 0.201045801211148
AIAdultLD50= 1.26716646063142
AIAdultSlopeContact= 3.06925870022038
AIAdultLD50Contact= 0.0231627498054877
AILarvaSlope= 2.80152534754016
AILarvaLD50= 0.367070581787266
AIKOW= 4.63413684861735
AIKOC= 19.6287380019203
AIHalfLife= 2.51346239587292
EAppRate= 0.611489670816809
