ICQueenStrength= 2.18308144737966
RQWkrDrnRatio= 3.65920482948422
ICDroneMiteSurvivorship= 50.6826103897765
ICWorkerMiteSurvivorship= 34.4253920949996
ICForagerLifespan= 10.4064842276275
ImmType= Sine
AIAdultSlopeContact= 8.53954036952928
AIAdultLD50Contact= 0.100157951656729
AILarvaSlope= 3.25914910761639
AILarvaLD50= 1.28853465430439
AIKOW= 99.0261362399906
AIKOC= 49.4069893145934
AIHalfLife= 5.49562137760222
