ICQueenStrength= 4.85420879349113
RQWkrDrnRatio= 2.157949549146
ICDroneMiteSurvivorship= 80.8478685794398
ICWorkerMiteSurvivorship= 47.1480794716626
ICForagerLifespan= 7.34828949533403
ImmType= Exponential
AIAdultSlope= 2.63059984529391
AIAdultLD50= 0.0771228075027466
AIAdultSlopeContact= 0.684207084153313
AIAdultLD50Contact= 0.0480619902606122
AILarvaSlope= 1.42167073795572
AILarvaLD50= 0.526929168077186
AIKOW= 4.6183317056857
AIKOC= 18.733171869535
AIHalfLife= 0.773771855980158
EAppRate= 0.725094367284328
