ICQueenStrength= 2.31459864787757
RQWkrDrnRatio= 3.52807129081339
