ICQueenStrength= 3.66242434969172
RQWkrDrnRatio= 4.74229511898011
ICDroneMiteSurvivorship= 36.595799215138
ICWorkerMiteSurvivorship= 49.4142369832844
ICForagerLifespan= 12.6317470883951
ImmType= Tangent
AIAdultSlope= 0.118782350847032
AIAdultLD50= 0.44806891924236
AIAdultSlopeContact= 2.26533512959024
AIAdultLD50Contact= 0.0400035084341653
AILarvaSlope= 0.614931389689445
AILarvaLD50= 0.893693587440066
AIKOW= 3.88193101808429
AIKOC= 27.5112911721226
AIHalfLife= 4.61623492650688
EAppRate= 0.434714317298494
