ICQueenStrength= 3.81576258246787
RQWkrDrnRatio= 2.8206630172208
ICDroneMiteSurvivorship= 62.2117654886097
ICWorkerMiteSurvivorship= 74.1833723615855
ICForagerLifespan= 6.12191714067012
ImmType= Sine
AIAdultSlope= 3.57868878532201
AIAdultLD50= 0.126913948450238
AIAdultSlopeContact= 2.38643454098376
AIAdultLD50Contact= 0.0343831027508713
AILarvaSlope= 0.195020152628422
AILarvaLD50= 0.885608667042106
AIKOW= 6.15079901600257
AIKOC= 7.14252567966469
AIHalfLife= 1.2127020326443
EAppRate= 0
