ICQueenStrength= 4.01478259963915
RQWkrDrnRatio= 4.74320733454078
ICDroneMiteSurvivorship= 39.8655768483877
ICWorkerMiteSurvivorship= 15.3475959785283
ICForagerLifespan= 15.9170322343707
ImmType= Cosine
AIAdultSlope= 3.0052207887196
AIAdultLD50= 0.221767630544491
AIAdultSlopeContact= 2.30103148525581
AIAdultLD50Contact= 0.0492024512961507
AILarvaSlope= 2.62989073842764
AILarvaLD50= 0.230251710349694
AIKOW= 4.04202288901433
AIKOC= 17.2004832315724
AIHalfLife= 4.89744729129598
EAppRate= 0.379903066786937
