ICQueenStrength= 1.84093873389065
RQWkrDrnRatio= 1.39838536921889
ICDroneMiteSurvivorship= 37.4206073815003
ICWorkerMiteSurvivorship= 66.6453515179455
ICForagerLifespan= 4.16215191222727
ImmType= Exponential
AIAdultSlopeContact= 1.66544780923286
AIAdultLD50Contact= 0.0154218320501968
AILarvaSlope= 0.533916113479063
AILarvaLD50= 0.735150284785777
AIKOW= 5.80438588233665
AIKOC= 10.3219003428239
AIHalfLife= 8.38768599322066
