ICQueenStrength= 2.31161716533825
RQWkrDrnRatio= 1.20044971071184
ICDroneMiteSurvivorship= 93.4217824600637
ICWorkerMiteSurvivorship= 46.1363902548328
ICForagerLifespan= 10.0652149226516
ImmType= Cosine
AIAdultSlope= 2.68230159999803
AIAdultSlopeContact= 3.1123230549437
AIAdultLD50Contact= 0.0111216475022957
AILarvaSlope= 1.84130109488033
AILarvaLD50= 0.379043504339643
AIKOW= 7.63601825898513
AIKOC= 13.639413426863
AIHalfLife= 5.98371945787221
