ICQueenStrength= 4.59970205230638
RQWkrDrnRatio= 4.7303059855476
ICDroneMiteSurvivorship= 10.2917486568913
ICWorkerMiteSurvivorship= 3.32294721156359
ICForagerLifespan= 8.46989956870675
ImmType= Logarithmic
AIAdultSlope= 1.15513949370943
AIAdultLD50= 2.42144446028396
AIAdultSlopeContact= 0.00736923983087763
AIAdultLD50Contact= 0.0270009374246001
AILarvaSlope= 1.03582539651543
AILarvaLD50= 0.587496547470801
AIKOW= 4.54983327584341
AIKOC= 22.3753908893559
AIHalfLife= 6.65056837303564
EAppRate= 0.0725832642056048
