ICQueenStrength= 4.36368549498729
RQWkrDrnRatio= 2.71703922655433
ICDroneMiteSurvivorship= 64.9987376062199
ICWorkerMiteSurvivorship= 44.8393844766542
ICForagerLifespan= 5.58367281220853
ImmType= Tangent
AIAdultSlope= 1.44205436996184
AIAdultLD50= 0.183808710309677
AIAdultSlopeContact= 2.7782006720826
AIAdultLD50Contact= 0.0486174528370611
AILarvaSlope= 3.23589122192934
AILarvaLD50= 0.518846541177481
AIKOW= 3.68095860769972
AIKOC= 25.2862331818324
AIHalfLife= 4.55189467873424
EAppRate= 0
