ICQueenStrength= 5.65907526318915
RQWkrDrnRatio= 3.27823012974113
ICDroneMiteSurvivorship= 47.5941898999736
ICWorkerMiteSurvivorship= 4.69873864203691
ICForagerLifespan= 6.38726703915745
ImmType= Exponential
AIAdultSlope= 2.83881265646778
AIAdultLD50= 2.24615029525012
AIAdultSlopeContact= 1.41828827025834
AIAdultLD50Contact= 0.0120531461201608
AILarvaSlope= 0.541592367365956
AILarvaLD50= 0.291137655288912
AIKOW= 7.33196383854374
AIKOC= 5.03375486121513
AIHalfLife= 13.2398186293431
EAppRate= 0.684800979448482
