ICQueenStrength= 2.87805512687191
RQWkrDrnRatio= 1.66460085939616
ICDroneMiteSurvivorship= 68.1990557350218
ICWorkerMiteSurvivorship= 35.6997484108433
ICForagerLifespan= 4.51929378416389
ImmType= Logarithmic
AIAdultSlope= 9.15188757469878
