ICQueenStrength= 1.16238237614743
RQWkrDrnRatio= 3.55940002668649
ICDroneMiteSurvivorship= 80.7027888018638
ICWorkerMiteSurvivorship= 72.1813870826736
ICForagerLifespan= 14.4765750085935
ImmType= Logarithmic
AIAdultSlope= 8.86204342357814
