ICQueenStrength= 4.38772957678884
RQWkrDrnRatio= 2.28550402913243
ICDroneMiteSurvivorship= 17.3710730858147
ICWorkerMiteSurvivorship= 61.5808715112507
ICForagerLifespan= 15.3795791491866
ImmType= Exponential
AIAdultSlopeContact= 2.03498174732085
AIAdultLD50Contact= 0.000356337754055858
AILarvaSlope= 0.784506104001775
AILarvaLD50= 0.126861397619359
AIKOW= 6.84033632371575
AIKOC= 21.2621883733664
AIHalfLife= 0.606843825895339
