ICQueenStrength= 4.385120293824
RQWkrDrnRatio= 2.91898767463863
ICDroneMiteSurvivorship= 35.4892886942253
ICWorkerMiteSurvivorship= 79.0268848417327
ICForagerLifespan= 15.7497030971572
ImmType= Sine
AIAdultSlope= 2.79159797573229
AIAdultLD50= 0.123153073829599
AIAdultSlopeContact= 2.93882889726665
AIAdultLD50Contact= 0.0194943747133948
AILarvaSlope= 3.38257474224083
AILarvaLD50= 0.265781594580039
AIKOW= 7.31998177664354
AIKOC= 22.7715281199198
AIHalfLife= 0.607563694939017
EAppRate= 0.23776745274663
