ICQueenStrength= 3.08128349739127
RQWkrDrnRatio= 2.46046178787947
ICDroneMiteSurvivorship= 26.4883551746607
ICWorkerMiteSurvivorship= 36.0455909045413
ICForagerLifespan= 14.6313685122877
ImmType= Cosine
AIAdultSlope= 0.339067525602877
AIAdultLD50= 1.74757213960402
AIAdultSlopeContact= 1.99881373041775
AIAdultLD50Contact= 0.0427051829639822
AILarvaSlope= 1.77600423810072
AILarvaLD50= 0.357371402601711
AIKOW= 4.08299532486126
AIKOC= 27.3302963189781
AIHalfLife= 9.04588897712529
EAppRate= 0.106862754328176
