ICQueenStrength= 3.72523047751747
RQWkrDrnRatio= 3.96575912740082
ICDroneMiteSurvivorship= 89.9687851779163
ICWorkerMiteSurvivorship= 89.3139385152608
ICForagerLifespan= 4.714699793607
ImmType= Exponential
AIAdultSlope= 1.05185149018653
AIAdultLD50= 2.42399380775169
AIAdultSlopeContact= 3.65212124623591
AIAdultLD50Contact= 0.0462188556208275
AILarvaSlope= 1.62291548224166
AILarvaLD50= 0.0123177058529109
AIKOW= 2.1986249522306
AIKOC= 25.0204434222542
AIHalfLife= 11.5448847222142
EAppRate= 0.604545856360346
