ICQueenStrength= 5.34093648684211
RQWkrDrnRatio= 3.45935101434588
ICDroneMiteSurvivorship= 56.7420427221805
ICWorkerMiteSurvivorship= 84.4739381689578
ICForagerLifespan= 15.7818347346038
ImmType= Polynomial
AIAdultSlope= 4.31654500542209
