ICQueenStrength= 3.95856443117373
RQWkrDrnRatio= 2.1223575361073
ICDroneMiteSurvivorship= 4.9517513718456
ICWorkerMiteSurvivorship= 71.553835645318
ICForagerLifespan= 14.8170554926619
ImmType= Exponential
AIAdultSlope= 0.63650571606122
AIAdultLD50= 2.38754997309297
AIAdultSlopeContact= 0.351639078911394
AIAdultLD50Contact= 0.0255287086940371
AILarvaSlope= 1.15445324103348
AILarvaLD50= 0.408152492204681
AIKOW= 2.44708188064396
AIKOC= 15.9703344875015
AIHalfLife= 2.11114642396569
EAppRate= 0.531350557226688
