ICQueenStrength= 3.5093563075643
RQWkrDrnRatio= 1.68003152869642
ICDroneMiteSurvivorship= 38.418488483876
ICWorkerMiteSurvivorship= 98.8885050173849
ICForagerLifespan= 4.71565806586295
ImmType= Cosine
AIAdultSlope= 1.64996728867991
AIAdultLD50= 0.181290594046004
AIAdultSlopeContact= 1.11252250910969
AIAdultLD50Contact= 0.0356034692027606
AILarvaSlope= 1.53973496109247
AILarvaLD50= 0.158037977619097
AIKOW= 4.23631589207798
AIKOC= 20.4933652549516
AIHalfLife= 0.360008922871202
EAppRate= 0.66860945741646
