ICQueenStrength= 3.84859156003222
RQWkrDrnRatio= 2.09392348304391
ICDroneMiteSurvivorship= 9.60477173794061
ICWorkerMiteSurvivorship= 44.2365036578849
ICForagerLifespan= 8.66289298702031
ImmType= Polynomial
AIAdultSlope= 8.73621401609853
