ICQueenStrength= 1.17946238163859
RQWkrDrnRatio= 1.7006509648636
ICDroneMiteSurvivorship= 85.8645166270435
ICWorkerMiteSurvivorship= 57.2715248679742
ICForagerLifespan= 13.4982293015346
ImmType= Sine
AIAdultSlope= 2.03743233006215
AIAdultLD50= 0.333912706701085
AIAdultSlopeContact= 3.30165943318047
AIAdultLD50Contact= 0.00881137913092971
AILarvaSlope= 0.406491191592067
AILarvaLD50= 0.0838941798778251
AIKOW= 6.13747943006456
AIKOC= 15.6346031010617
AIHalfLife= 2.05033786129206
EAppRate= 0.356334272283129
