ICQueenStrength= 1.16941320034675
RQWkrDrnRatio= 1.89046829100698
ICDroneMiteSurvivorship= 41.5480803698301
ICWorkerMiteSurvivorship= 97.5991599261761
ICForagerLifespan= 13.1527136294171
ImmType= Exponential
AIAdultSlopeContact= 2.81254267172422
AIAdultLD50Contact= 0.00390157864894718
AILarvaSlope= 1.05670994352549
AILarvaLD50= 0.103265028214082
AIKOW= 2.74238731246442
AIKOC= 15.0342521967832
AIHalfLife= 0.427349805366248
