ICQueenStrength= 2.98024196433835
RQWkrDrnRatio= 2.70565901324153
ICDroneMiteSurvivorship= 56.7513816058636
ICWorkerMiteSurvivorship= 27.1438594674692
ICForagerLifespan= 4.19030499551445
ImmType= Tangent
AIAdultSlope= 0.000990299694240093
AIAdultLD50= 2.44650216540322
AIAdultSlopeContact= 1.69508989844006
AIAdultLD50Contact= 0.00654166856547818
AILarvaSlope= 0.920273105381057
AILarvaLD50= 0.313380692456849
AIKOW= 2.13425857713446
AIKOC= 22.1502492914442
AIHalfLife= 0.521796884480864
EAppRate= 0.614008725853637
