ICQueenStrength= 1.89964711223729
RQWkrDrnRatio= 4.64125844743103
ICDroneMiteSurvivorship= 50.6470237625763
ICWorkerMiteSurvivorship= 95.2481362037361
ICForagerLifespan= 13.798993925564
ImmType= Sine
AIAdultSlopeContact= 2.793871521377
AIAdultLD50Contact= 0.0141031257109717
AILarvaSlope= 1.85644076261669
AILarvaLD50= 0.631424771994352
AIKOW= 6.68608518503606
AIKOC= 27.7504796523135
AIHalfLife= 6.83971339231357
