ICQueenStrength= 5.24128526123241
RQWkrDrnRatio= 3.23882312327623
ICDroneMiteSurvivorship= 12.1653811074793
ICWorkerMiteSurvivorship= 41.0727800335735
ICForagerLifespan= 5.49958895146847
ImmType= Logarithmic
AIAdultSlope= 1.87034986084327
AIAdultSlopeContact= 3.08154018098954
AIAdultLD50Contact= 0.00750347335124388
AILarvaSlope= 0.274227913329378
AILarvaLD50= 0.306782265705988
AIKOW= 2.30929263215512
AIKOC= 18.3178410702385
AIHalfLife= 11.0596939083189
