ICQueenStrength= 5.52950971666723
RQWkrDrnRatio= 1.04355780780315
ICDroneMiteSurvivorship= 47.5354129215702
ICWorkerMiteSurvivorship= 98.5467894701287
ICForagerLifespan= 4.51872875448316
ImmType= Exponential
AIAdultLD50= 0.154012839635834
AIAdultSlopeContact= 2.0441479944787
AIAdultLD50Contact= 0.00487467757193372
AILarvaSlope= 0.183883068198338
AILarvaLD50= 0.751021789968945
AIKOW= 7.42368072550744
AIKOC= 28.4685496310703
AIHalfLife= 4.67617829563096
EAppRate= 0.104474863037467
