ICQueenStrength= 4.66569084231742
RQWkrDrnRatio= 3.27327452786267
ICDroneMiteSurvivorship= 23.8924896111712
ICWorkerMiteSurvivorship= 3.36973685771227
ICForagerLifespan= 11.7908615171909
ImmType= Logarithmic
AIAdultSlopeContact= 1.29055718362564
AIAdultLD50Contact= 0.0347128576016985
AILarvaSlope= 2.39640568206087
AILarvaLD50= 0.34622317655012
AIKOW= 3.9647323959507
AIKOC= 23.1371749669779
AIHalfLife= 1.21693141618744
