ICQueenStrength= 5.47181826340966
RQWkrDrnRatio= 3.68782067112625
ICDroneMiteSurvivorship= 27.2189667681232
ICWorkerMiteSurvivorship= 46.8594879610464
ICForagerLifespan= 9.17761613614857
ImmType= Polynomial
AIAdultSlope= 3.43878137180582
