ICQueenStrength= 2.6897938598413
RQWkrDrnRatio= 4.09128981083632
ICDroneMiteSurvivorship= 28.7861488061026
ICWorkerMiteSurvivorship= 60.4122309479862
ICForagerLifespan= 5.79481218196452
ImmType= Cosine
AIAdultSlope= 1.31969882492675
AIAdultLD50= 0.383025527815334
AIAdultSlopeContact= 1.16411550092278
AIAdultLD50Contact= 0.0347242788178846
AILarvaSlope= 3.32468454223126
AILarvaLD50= 0.0469355784589425
AIKOW= 7.068025062792
AIKOC= 17.9943936597556
AIHalfLife= 4.59037491702475
EAppRate= 0.549651975906454
