ICQueenStrength= 5.977805854287
RQWkrDrnRatio= 2.77002458646894
ICDroneMiteSurvivorship= 93.8140827231109
ICWorkerMiteSurvivorship= 95.8812303142622
ICForagerLifespan= 10.1342514650896
ImmType= Polynomial
AIAdultSlope= 2.73647602475714
AIAdultLD50= 0.324245857424103
AIAdultSlopeContact= 2.0831032380159
AIAdultLD50Contact= 0.0459025382064283
AILarvaSlope= 3.15781216374598
AILarvaLD50= 0.534158025425859
AIKOW= 3.79558799695224
AIKOC= 29.4883210689295
AIHalfLife= 1.96215532720089
EAppRate= 0.363458880409598
