ICQueenStrength= 1.62667187768966
RQWkrDrnRatio= 1.7946724081412
ICDroneMiteSurvivorship= 79.1245023487136
ICWorkerMiteSurvivorship= 61.6636188467965
ICForagerLifespan= 9.10451193433255
ImmType= Exponential
AIAdultSlope= 2.90146224136697
AIAdultLD50= 0.275395090109669
AIAdultSlopeContact= 2.52804355150787
AIAdultLD50Contact= 0.035278026049491
AILarvaSlope= 2.1122633011546
AILarvaLD50= 0.164955247775652
AIKOW= 6.55772296944633
AIKOC= 27.8445732034743
AIHalfLife= 2.24241713876836
EAppRate= 0.438321383809671
