ICQueenStrength= 1.93917959486134
RQWkrDrnRatio= 2.35369067452848
ICDroneMiteSurvivorship= 16.2663611583412
ICWorkerMiteSurvivorship= 91.0962067078799
ICForagerLifespan= 11.5254738079384
ImmType= Tangent
AIAdultSlope= 0.86968496167101
AIAdultLD50= 2.71962201828137
AIAdultSlopeContact= 3.16305429779459
AIAdultLD50Contact= 0.0484162066830322
AILarvaSlope= 1.92096424768679
AILarvaLD50= 0.237106745503843
AIKOW= 4.43716015992686
AIKOC= 27.7526773873251
AIHalfLife= 0.577479565516114
EAppRate= 0.346607963787392
