ICQueenStrength= 1.67501192330383
RQWkrDrnRatio= 1.45785595104098
ICDroneMiteSurvivorship= 2.30282382108271
ICWorkerMiteSurvivorship= 86.1493012635037
ICForagerLifespan= 10.6856469493359
ImmType= Polynomial
AIAdultSlope= 2.175116168526
AIAdultLD50= 0.30838570848573
AIAdultSlopeContact= 3.09084206953878
AIAdultLD50Contact= 0.00835103009594604
AILarvaSlope= 3.32353082280606
AILarvaLD50= 0.696956104086712
AIKOW= 7.90620861854404
AIKOC= 7.61502881185152
AIHalfLife= 3.65410228376277
EAppRate= 0.0822222476359457
