ICQueenStrength= 5.92920608026907
RQWkrDrnRatio= 2.27014498412609
ICDroneMiteSurvivorship= 41.142120375298
ICWorkerMiteSurvivorship= 29.0003860602155
ICForagerLifespan= 6.32061712350696
ImmType= Logarithmic
AIAdultSlopeContact= 1.51784908630885
AIAdultLD50Contact= 0.0257512017502449
AILarvaSlope= 0.216370420064777
AILarvaLD50= 0.210132161714137
AIKOW= 3.32462971750647
AIKOC= 10.7641269348096
AIHalfLife= 13.0620367191732
