ICQueenStrength= 1.94247561297379
RQWkrDrnRatio= 3.06808176357299
ICDroneMiteSurvivorship= 57.2832811856642
ICWorkerMiteSurvivorship= 12.4167550588027
ICForagerLifespan= 9.03309744317085
ImmType= Sine
AIAdultSlopeContact= 8.54478853289038
AIAdultLD50Contact= 0.151640994194895
AILarvaSlope= 2.84926066407934
AILarvaLD50= 1.79247649479657
AIKOW= 40.3424101648852
AIKOC= 91.8272366980091
AIHalfLife= 13.1136525045149
