ICQueenStrength= 1.36700855288655
RQWkrDrnRatio= 1.20043446402997
