ICQueenStrength= 3.56178935291246
RQWkrDrnRatio= 2.63312321715057
ICDroneMiteSurvivorship= 13.7790420325473
ICWorkerMiteSurvivorship= 21.4569742092863
ICForagerLifespan= 15.1687898943201
ImmType= Logarithmic
AIAdultSlope= 1.78054730282165
AIAdultLD50= 2.27242496260442
AIAdultSlopeContact= 3.60249492923962
AIAdultLD50Contact= 0.0168962486088276
AILarvaSlope= 3.3412767493166
AILarvaLD50= 0.310138534381986
AIKOW= 4.51948526967317
AIKOC= 15.7813850627281
AIHalfLife= 10.0022727050819
EAppRate= 0.337731918785721
