ICQueenStrength= 2.7854956863448
RQWkrDrnRatio= 4.24733054917306
ICDroneMiteSurvivorship= 83.0527870682999
ICWorkerMiteSurvivorship= 70.2304349979386
ICForagerLifespan= 8.15337726287544
ImmType= Tangent
AIAdultSlope= 0.134440056730527
AIAdultLD50= 0.387807783670723
AIAdultSlopeContact= 1.87588044444798
AIAdultLD50Contact= 0.0168872685986571
AILarvaSlope= 1.68391617634334
AILarvaLD50= 0.357657468155958
AIKOW= 6.86185088101774
AIKOC= 16.614246526733
AIHalfLife= 3.23126044473611
EAppRate= 0.518398699886165
