ICQueenStrength= 2.0100182145834
RQWkrDrnRatio= 2.1412922507152
ICDroneMiteSurvivorship= 77.3324141278863
ICWorkerMiteSurvivorship= 6.39078314416111
ICForagerLifespan= 8.40125576872379
ImmType= Cosine
AIAdultSlopeContact= 0.528579678847454
AIAdultLD50Contact= 0.0378288951935247
AILarvaSlope= 2.2182898288127
AILarvaLD50= 0.556704193074256
AIKOW= 7.74512060871348
AIKOC= 13.2058729312848
AIHalfLife= 10.0985668301582
