ICQueenStrength= 1.32940782723017
RQWkrDrnRatio= 4.99326574616134
ICDroneMiteSurvivorship= 32.7638410730287
ICWorkerMiteSurvivorship= 1.59484625328332
ICForagerLifespan= 13.7045096792281
ImmType= Logarithmic
AIAdultSlope= 1.35800171620212
AIAdultLD50= 1.60049189440906
AIAdultSlopeContact= 2.32997085583163
AIAdultLD50Contact= 0.0381852691993117
AILarvaSlope= 1.59722795099951
AILarvaLD50= 0.511506052385084
AIKOW= 2.48758605169132
AIKOC= 14.3309976975434
AIHalfLife= 12.4294629138894
EAppRate= 0.801999200135469
