ICQueenStrength= 3.15239245793782
RQWkrDrnRatio= 1.83138771820813
ICDroneMiteSurvivorship= 54.0965338237584
ICWorkerMiteSurvivorship= 2.58836918510497
ICForagerLifespan= 7.65948208980262
ImmType= Logarithmic
AIAdultSlope= 1.21768730883487
AIAdultLD50= 0.69979334785603
AIAdultSlopeContact= 2.67133496712428
AIAdultLD50Contact= 0.0130322760436684
AILarvaSlope= 1.12341934680007
AILarvaLD50= 0.761918564583175
AIKOW= 5.67085368093103
AIKOC= 19.5381891634315
AIHalfLife= 0.45110604679212
EAppRate= 0.140811595134437
