ICQueenStrength= 5.55582020920701
RQWkrDrnRatio= 4.27010669279844
ICDroneMiteSurvivorship= 85.9535021474585
ICWorkerMiteSurvivorship= 43.5899057192728
ICForagerLifespan= 6.63731932733208
ImmType= Logarithmic
AIAdultSlopeContact= 3.20889587610494
AIAdultLD50Contact= 0.0265875489218161
AILarvaSlope= 2.53681000922807
AILarvaLD50= 0.489310177881271
AIKOW= 3.14472248824313
AIKOC= 21.363270994043
AIHalfLife= 10.1799568198621
