ICQueenStrength= 5.24947289167903
RQWkrDrnRatio= 1.99188625626266
ICDroneMiteSurvivorship= 5.34672932699323
ICWorkerMiteSurvivorship= 91.8189488351345
ICForagerLifespan= 7.38026732485741
ImmType= Exponential
AIAdultSlope= 2.92384031123249
AIAdultLD50= 0.20403460029047
AIAdultSlopeContact= 1.72045769442106
AIAdultLD50Contact= 0.0389437564183027
AILarvaSlope= 1.90904639461078
AILarvaLD50= 0.137934505264275
AIKOW= 3.35999660752714
AIKOC= 11.4296891272534
AIHalfLife= 3.86359454481862
EAppRate= 0.376908730668947
