ICQueenStrength= 4.35952919209376
RQWkrDrnRatio= 3.70141300745308
ICDroneMiteSurvivorship= 28.0810167314485
ICWorkerMiteSurvivorship= 0.847284030169249
ICForagerLifespan= 12.2303866790608
ImmType= Logarithmic
AIAdultSlope= 2.55379592743702
AIAdultLD50= 2.07028743554838
AIAdultSlopeContact= 1.37180557642132
AIAdultLD50Contact= 0.0233841800247319
AILarvaSlope= 2.31488643651828
AILarvaLD50= 0.700963892647997
AIKOW= 3.53594099730253
AIKOC= 18.3203746343497
AIHalfLife= 12.6288593425415
EAppRate= 0.815343810943887
