ICQueenStrength= 4.54327885666862
RQWkrDrnRatio= 2.92220877949148
ICDroneMiteSurvivorship= 77.6106267003343
ICWorkerMiteSurvivorship= 50.1045216806233
ICForagerLifespan= 9.3080404130742
ImmType= Tangent
AIAdultSlope= 3.11535504381172
AIAdultLD50= 2.66488270321861
AIAdultSlopeContact= 0.99665834502317
AIAdultLD50Contact= 0.0288459695060737
AILarvaSlope= 1.24524683258496
AILarvaLD50= 0.206827657786198
AIKOW= 2.45346451550722
AIKOC= 25.615880668629
AIHalfLife= 10.4167731213383
EAppRate= 0.0767945547122508
