ICQueenStrength= 2.11417665961199
RQWkrDrnRatio= 2.5287664802745
ICDroneMiteSurvivorship= 0.554329040460289
ICWorkerMiteSurvivorship= 86.0570165794343
ICForagerLifespan= 11.5475274669006
ImmType= Logarithmic
AIAdultSlope= 8.79442926030606
AIAdultLD50= 0.398371240589768
AIAdultSlopeContact= 0.137464478611946
AIAdultLD50Contact= 0.1296025918331
AILarvaSlope= 1.19143695337698
AILarvaLD50= 1.81303517753258
AIKOW= 26.7488050507382
AIKOC= 44.9656210374087
AIHalfLife= 0.740922736003995
EAppRate= 1.82934878021479
