ICQueenStrength= 4.88693276094273
RQWkrDrnRatio= 1.02071242593229
ICDroneMiteSurvivorship= 10.6184956151992
ICWorkerMiteSurvivorship= 98.097916925326
ICForagerLifespan= 15.9273164914921
ImmType= Tangent
AIAdultSlope= 3.92807073961711
AIAdultLD50= 0.277138621662743
AIAdultSlopeContact= 0.353959678772371
AIAdultLD50Contact= 0.00178303746506572
AILarvaSlope= 2.35639987629838
AILarvaLD50= 0.00093861767090857
AIKOW= 2.51873001176864
AIKOC= 28.7166092614643
AIHalfLife= 1.94232324371114
EAppRate= 0.649927373719402
