ICQueenStrength= 3.94647333095782
RQWkrDrnRatio= 2.42917088698596
ICDroneMiteSurvivorship= 82.9216195037588
ICWorkerMiteSurvivorship= 83.4266076330096
ICForagerLifespan= 14.1546788131818
ImmType= Logarithmic
AIAdultSlope= 0.587620686274022
