ICQueenStrength= 4.24189892155118
RQWkrDrnRatio= 3.95413842797279
ICDroneMiteSurvivorship= 40.0975079042837
ICWorkerMiteSurvivorship= 70.9047514013946
ICForagerLifespan= 15.3660642160103
ImmType= Polynomial
AIAdultSlopeContact= 1.19684424752835
AIAdultLD50Contact= 0.0281522349338047
AILarvaSlope= 2.4077658675611
AILarvaLD50= 0.147716532438062
AIKOW= 5.99218283640221
AIKOC= 18.1920311949216
AIHalfLife= 7.02909460756928
