ICQueenStrength= 3.62946713133715
RQWkrDrnRatio= 2.64112968184054
ICDroneMiteSurvivorship= 55.1406178157777
ICWorkerMiteSurvivorship= 63.6758007807657
ICForagerLifespan= 15.0409174738452
ImmType= Sine
AIAdultSlope= 0.940350038185716
AIAdultLD50= 2.98254794999957
AIAdultSlopeContact= 2.84705799895339
AIAdultLD50Contact= 0.0435707197408192
AILarvaSlope= 0.279872390907258
AILarvaLD50= 0.523497472330928
AIKOW= 3.81696042791009
AIKOC= 24.9626013694797
AIHalfLife= 6.1617851969786
EAppRate= 0.745381494052708
