ICQueenStrength= 2.9872078881599
RQWkrDrnRatio= 1.3610112471506
ICDroneMiteSurvivorship= 46.9682151917368
ICWorkerMiteSurvivorship= 32.9218782484531
ICForagerLifespan= 13.0781523985788
ImmType= Tangent
AIAdultSlope= 2.13431560345693
AIAdultLD50= 0.386389261926524
AIAdultSlopeContact= 1.23373052383773
AIAdultLD50Contact= 0.0287788237910718
AILarvaSlope= 0.520146588888019
AILarvaLD50= 0.413051017234102
AIKOW= 3.46791211469099
AIKOC= 7.38765782560222
AIHalfLife= 2.49460552236997
EAppRate= 0.125825868779793
