ICQueenStrength= 1.09199307416566
RQWkrDrnRatio= 4.2289191968739
ICDroneMiteSurvivorship= 77.3248307639733
ICWorkerMiteSurvivorship= 44.1095024114475
ICForagerLifespan= 7.85074147116393
ImmType= Exponential
AIAdultSlope= 1.21468116063625
