ICQueenStrength= 3.9201106983237
RQWkrDrnRatio= 1.29035885166377
ICDroneMiteSurvivorship= 4.58851358853281
ICWorkerMiteSurvivorship= 32.2297068778425
ICForagerLifespan= 13.7118491223082
ImmType= Sine
AIAdultSlope= 0.254343552240171
AIAdultLD50= 0.251508799381554
AIAdultSlopeContact= 1.13055194458924
AIAdultLD50Contact= 0.0346781699452549
AILarvaSlope= 0.360223841946572
AILarvaLD50= 0.814090273948386
AIKOW= 3.97537387162447
AIKOC= 28.0127557704691
AIHalfLife= 4.21678499085829
EAppRate= 0.407380501995794
