ICQueenStrength= 4.43248939141631
RQWkrDrnRatio= 1.21332671865821
ICDroneMiteSurvivorship= 40.7399736810476
ICWorkerMiteSurvivorship= 48.3916011406109
ICForagerLifespan= 4.3199972640723
ImmType= Exponential
AIAdultSlope= 1.21756780287251
AIAdultLD50= 2.43231012602337
AIAdultSlopeContact= 2.52695828403812
AIAdultLD50Contact= 0.0150015685823746
AILarvaSlope= 3.17564408755861
AILarvaLD50= 0.45868054786697
AIKOW= 5.99812765792012
AIKOC= 20.2801517397165
AIHalfLife= 9.86345082288608
EAppRate= 0.402971575735137
