ICQueenStrength= 5.19118723133579
RQWkrDrnRatio= 3.70420856028795
ICDroneMiteSurvivorship= 50.2079456113279
ICWorkerMiteSurvivorship= 82.0525388931856
ICForagerLifespan= 7.89863529149443
ImmType= Cosine
AIAdultSlopeContact= 2.38113704090472
AIAdultLD50Contact= 0.0440507078543305
AILarvaSlope= 2.79496272602119
AILarvaLD50= 0.713518181489781
AIKOW= 7.43728064000607
AIKOC= 13.4016141481698
AIHalfLife= 8.91761326603591
