ICQueenStrength= 2.30672842031345
RQWkrDrnRatio= 3.82441860809922
ICDroneMiteSurvivorship= 82.8189516207203
ICWorkerMiteSurvivorship= 73.3553322264925
ICForagerLifespan= 7.7901947600767
ImmType= Exponential
AIAdultSlope= 1.16041749995202
AIAdultLD50= 0.135060869855806
AIAdultSlopeContact= 0.570939582798164
AIAdultLD50Contact= 0.00409992202185094
AILarvaSlope= 2.67410847488791
AILarvaLD50= 0.833141507743858
AIKOW= 5.8809712282382
AIKOC= 16.5973125910386
AIHalfLife= 13.7748706745915
EAppRate= 0.0408743061125278
