ICQueenStrength= 1.85744552197866
RQWkrDrnRatio= 1.76698855962604
ICDroneMiteSurvivorship= 74.6638760669157
ICWorkerMiteSurvivorship= 12.3820543289185
ICForagerLifespan= 9.49475256726146
ImmType= Cosine
AIAdultSlope= 9.74029116565362
