ICQueenStrength= 1.18049942678772
RQWkrDrnRatio= 4.19484697375447
ICDroneMiteSurvivorship= 49.3899937951937
ICWorkerMiteSurvivorship= 54.6451167669147
ICForagerLifespan= 10.3565570916981
ImmType= Cosine
AIAdultSlope= 0.179037797776982
AIAdultSlopeContact= 1.20088732414646
AIAdultLD50Contact= 0.0137659512110986
AILarvaSlope= 1.86615158487111
AILarvaLD50= 0.211283746780828
AIKOW= 5.55240368330851
AIKOC= 18.985965756001
AIHalfLife= 1.20084247738123
