ICQueenStrength= 3.65760260052048
RQWkrDrnRatio= 2.7008679555729
ICDroneMiteSurvivorship= 80.8722847141325
ICWorkerMiteSurvivorship= 94.6480693295598
ICForagerLifespan= 10.0303197773173
ImmType= Cosine
AIAdultSlopeContact= 1.70252745673992
AIAdultLD50Contact= 0.039592296211049
AILarvaSlope= 2.96245771534741
AILarvaLD50= 0.554920167429373
AIKOW= 3.33247193926945
AIKOC= 24.5007112342864
AIHalfLife= 4.77728012902662
