ICQueenStrength= 3.65002449275926
RQWkrDrnRatio= 3.87718687113374
ICDroneMiteSurvivorship= 55.0478138960898
ICWorkerMiteSurvivorship= 15.610621124506
ICForagerLifespan= 10.0907458448783
ImmType= Cosine
AIAdultSlopeContact= 2.29057268190896
AIAdultLD50Contact= 0.0360690185218118
AILarvaSlope= 0.866564556444064
AILarvaLD50= 0.840773017262109
AIKOW= 5.10389925120398
AIKOC= 20.1398555433843
AIHalfLife= 0.319161652587354
