ICQueenStrength= 2.09181932290085
RQWkrDrnRatio= 4.65967824682593
ICDroneMiteSurvivorship= 31.0878977878019
ICWorkerMiteSurvivorship= 6.24860150273889
ICForagerLifespan= 5.38196678552777
ImmType= Exponential
AIAdultSlope= 0.843119714735076
AIAdultLD50= 1.95010877377354
AIAdultSlopeContact= 3.39803339025239
AIAdultLD50Contact= 0.0221055033500306
AILarvaSlope= 0.753659085324034
AILarvaLD50= 0.155009427946061
AIKOW= 4.02861895458773
AIKOC= 5.10889653931372
AIHalfLife= 11.4695685654879
EAppRate= 0.651771138422191
