ICQueenStrength= 2.71646352158859
RQWkrDrnRatio= 1.36112980078906
ICDroneMiteSurvivorship= 88.8312886003405
ICWorkerMiteSurvivorship= 30.6852099951357
ICForagerLifespan= 14.2108874898404
ImmType= Sine
AIAdultSlope= 0.426403453899547
AIAdultLD50= 2.71893299510702
AIAdultSlopeContact= 3.53289672538871
AIAdultLD50Contact= 0.0106259888620116
AILarvaSlope= 0.118109276844189
AILarvaLD50= 0.0407465808559209
AIKOW= 2.44778760895133
AIKOC= 5.43206260306761
AIHalfLife= 6.93344045197591
EAppRate= 0.768650862388313
