ICQueenStrength= 2.12214718479663
RQWkrDrnRatio= 1.83201171085238
ICDroneMiteSurvivorship= 13.8889413094148
ICWorkerMiteSurvivorship= 3.37223887909204
ICForagerLifespan= 14.0681238528341
ImmType= Logarithmic
AIAdultSlope= 0.565302415585611
AIAdultLD50= 0.0898805340984836
AIAdultSlopeContact= 3.70105610580649
AIAdultLD50Contact= 0.0121712808031589
AILarvaSlope= 1.26564349052496
AILarvaLD50= 0.109296705666929
AIKOW= 4.66990928445011
AIKOC= 11.4338375639636
AIHalfLife= 1.46206495468505
EAppRate= 0.566654074843973
