ICQueenStrength= 4.05556495324709
RQWkrDrnRatio= 2.85226611420512
ICDroneMiteSurvivorship= 24.7843697201461
ICWorkerMiteSurvivorship= 5.65495102200657
ICForagerLifespan= 7.27884478215128
ImmType= Cosine
AIAdultSlope= 1.0230789440684
AIAdultLD50= 2.17998632392846
AIAdultSlopeContact= 3.30524533065269
AIAdultLD50Contact= 0.0122454068739899
AILarvaSlope= 1.28040016652085
AILarvaLD50= 0.0342818104662001
AIKOW= 2.32840518187732
AIKOC= 8.43028323259205
AIHalfLife= 10.8251120010391
EAppRate= 0.0803439936134964
