ICQueenStrength= 2.0059810441453
RQWkrDrnRatio= 3.36333944369107
ICDroneMiteSurvivorship= 15.6244494719431
ICWorkerMiteSurvivorship= 41.3771508028731
ICForagerLifespan= 8.66168578341603
ImmType= Polynomial
AIAdultSlope= 1.09816253296332
AIAdultLD50= 0.380520716425963
AIAdultSlopeContact= 0.675785317341797
AIAdultLD50Contact= 0.0168092404026538
AILarvaSlope= 2.96056854696944
AILarvaLD50= 0.608069241908379
AIKOW= 5.41261513577774
AIKOC= 5.6672851566691
AIHalfLife= 4.45422743097879
EAppRate= 0
