ICQueenStrength= 2.65508777601644
RQWkrDrnRatio= 1.76629751734436
ICDroneMiteSurvivorship= 75.6139633478597
ICWorkerMiteSurvivorship= 98.0997115839273
ICForagerLifespan= 10.481511682272
ImmType= Cosine
AIAdultSlope= 0.439346044696867
AIAdultLD50= 1.90549355233088
AIAdultSlopeContact= 2.80073806966189
AIAdultLD50Contact= 0.00462032504146919
AILarvaSlope= 0.158594591543078
AILarvaLD50= 0.694562537223101
AIKOW= 6.44452146533877
AIKOC= 25.8081713411957
AIHalfLife= 1.13403932750225
EAppRate= 0.678264636779204
