ICQueenStrength= 4.05278536397964
RQWkrDrnRatio= 3.42504044529051
ICDroneMiteSurvivorship= 5.21990230772644
ICWorkerMiteSurvivorship= 56.2869144137949
ICForagerLifespan= 9.31329339649528
ImmType= Logarithmic
AIAdultSlope= 8.71013661380857
