ICQueenStrength= 3.13134908699431
RQWkrDrnRatio= 1.6401974754408
ICDroneMiteSurvivorship= 20.3723425976932
ICWorkerMiteSurvivorship= 89.8833024082705
ICForagerLifespan= 10.4595254752785
ImmType= Cosine
AIAdultSlope= 5.48652622615919
