ICQueenStrength= 3.56255428423174
RQWkrDrnRatio= 1.48085055314004
ICDroneMiteSurvivorship= 55.8101223316044
ICWorkerMiteSurvivorship= 59.3990097520873
ICForagerLifespan= 8.43969230446965
ImmType= Polynomial
AIAdultSlope= 2.83200947619043
AIAdultSlopeContact= 1.92870445522713
AIAdultLD50Contact= 0.00640636370517314
AILarvaSlope= 2.53528738184832
AILarvaLD50= 0.29259549791459
AIKOW= 6.56782987667248
AIKOC= 19.2969849344809
AIHalfLife= 9.0764008583501
