ICQueenStrength= 1.99225661368109
RQWkrDrnRatio= 3.65074698999524
ICDroneMiteSurvivorship= 74.4347103638574
ICWorkerMiteSurvivorship= 16.1210122983903
ICForagerLifespan= 11.0990479011089
ImmType= Polynomial
AIAdultSlope= 0.565855230339803
AIAdultLD50= 0.337075848132372
AIAdultSlopeContact= 1.12024699070491
AIAdultLD50Contact= 0.0331531821051613
AILarvaSlope= 1.82226591971703
AILarvaLD50= 0.117439868347719
AIKOW= 2.42868285998702
AIKOC= 5.86701533873565
AIHalfLife= 4.48672043741681
EAppRate= 0
