ICQueenStrength= 1.30835061217658
RQWkrDrnRatio= 3.39520824700594
ICDroneMiteSurvivorship= 60.1934702601284
ICWorkerMiteSurvivorship= 98.4513969859108
ICForagerLifespan= 11.1605187924579
ImmType= Cosine
AIAdultSlope= 2.1311699928646
AIAdultLD50= 0.30392780539114
AIAdultSlopeContact= 1.68044553544605
AIAdultLD50Contact= 0.0437657038215548
AILarvaSlope= 2.0569809764158
AILarvaLD50= 0.756611265451647
AIKOW= 2.66419932432473
AIKOC= 25.6961869320367
AIHalfLife= 3.89186882413924
EAppRate= 0.246177554083988
