ICQueenStrength= 1.51214089617133
RQWkrDrnRatio= 1.45839512813836
ICDroneMiteSurvivorship= 79.9532153410837
ICWorkerMiteSurvivorship= 54.5390426879749
ICForagerLifespan= 11.0825849827379
ImmType= Tangent
AIAdultSlope= 0.745309506775811
AIAdultLD50= 1.24973971629515
AIAdultSlopeContact= 0.799803088435438
AIAdultLD50Contact= 0.0311388332745992
AILarvaSlope= 3.32542148735374
AILarvaLD50= 0.12159767432604
AIKOW= 2.65145350620151
AIKOC= 14.9948741437402
AIHalfLife= 1.64985862281173
EAppRate= 0.850910482928157
