ICQueenStrength= 2.6657357220538
RQWkrDrnRatio= 2.83875725883991
ICDroneMiteSurvivorship= 1.04609655681998
ICWorkerMiteSurvivorship= 51.0366091737524
ICForagerLifespan= 4.78452409245074
ImmType= Tangent
AIAdultSlopeContact= 2.47643255292904
AIAdultLD50Contact= 0.0108046179637313
AILarvaSlope= 2.60422378941439
AILarvaLD50= 0.832374406652525
AIKOW= 2.70611190516502
AIKOC= 29.0716633852571
AIHalfLife= 6.47610282897949
