ICQueenStrength= 1.63980728737079
RQWkrDrnRatio= 2.85634292755276
ICDroneMiteSurvivorship= 72.6581637514755
ICWorkerMiteSurvivorship= 34.8691208520904
ICForagerLifespan= 12.5230277245864
ImmType= Sine
AIAdultSlope= 2.86446762029082
AIAdultLD50= 1.61133162514307
AIAdultSlopeContact= 0.48619384493446
AIAdultLD50Contact= 0.0263122858246788
AILarvaSlope= 2.54600968370214
AILarvaLD50= 0.781796262413263
AIKOW= 6.08926778193563
AIKOC= 25.8190404984634
AIHalfLife= 13.1420027301647
EAppRate= 0.475601176032797
