ICQueenStrength= 5.74290314945392
RQWkrDrnRatio= 3.35366564616561
ICDroneMiteSurvivorship= 94.9898338178173
ICWorkerMiteSurvivorship= 72.6807596627623
ICForagerLifespan= 7.12481787055731
ImmType= Logarithmic
AIAdultSlope= 1.0630500635365
AIAdultLD50= 0.239604194764979
AIAdultSlopeContact= 1.14942859752802
AIAdultLD50Contact= 0.0287859481177293
AILarvaSlope= 1.55426201224327
AILarvaLD50= 0.751793155353516
AIKOW= 5.65487529383972
AIKOC= 21.7004528455436
AIHalfLife= 0.208263921085745
EAppRate= 0.335236957017332
