ICQueenStrength= 1.25341177592054
RQWkrDrnRatio= 2.58634911850095
ICDroneMiteSurvivorship= 97.7027358720079
ICWorkerMiteSurvivorship= 8.71440679766238
ICForagerLifespan= 5.68105368223041
ImmType= Tangent
AIAdultSlope= 8.38084936374798
