ICQueenStrength= 3.89317869581282
RQWkrDrnRatio= 3.59500727802515
ICDroneMiteSurvivorship= 82.6449811225757
ICWorkerMiteSurvivorship= 3.03056330885738
ICForagerLifespan= 14.4969845963642
ImmType= Logarithmic
AIAdultSlopeContact= 1.13030495112995
AIAdultLD50Contact= 0.0397858093376271
AILarvaSlope= 2.05513877905905
AILarvaLD50= 0.22534950315021
AIKOW= 6.72998177912086
AIKOC= 17.682812102139
AIHalfLife= 3.8376301205717
