ICQueenStrength= 5.94362057303078
RQWkrDrnRatio= 3.63593569025397
ICDroneMiteSurvivorship= 95.2000896679237
ICWorkerMiteSurvivorship= 66.9424728490412
ICForagerLifespan= 5.86436481494457
ImmType= Polynomial
AIAdultSlope= 5.8722258778289
