ICQueenStrength= 2.00084839505143
RQWkrDrnRatio= 4.27224376983941
ICDroneMiteSurvivorship= 82.3096752632409
ICWorkerMiteSurvivorship= 75.5191919626668
ICForagerLifespan= 11.909098515287
ImmType= Tangent
AIAdultSlope= 1.35623545385897
