ICQueenStrength= 5.87267836811952
RQWkrDrnRatio= 3.82933244202286
ICDroneMiteSurvivorship= 33.6845175363123
ICWorkerMiteSurvivorship= 71.805348736234
ICForagerLifespan= 7.41898013371974
ImmType= Tangent
AIAdultSlope= 2.54081360499607
AIAdultLD50= 0.319213479408063
AIAdultSlopeContact= 0.482465079207905
AIAdultLD50Contact= 0.0472495821886696
AILarvaSlope= 2.39359519612044
AILarvaLD50= 0.332631074404344
AIKOW= 5.36157611943781
AIKOC= 8.38050496648066
AIHalfLife= 3.34627822972834
EAppRate= 0.438514807261527
