ICQueenStrength= 5.46307058096863
RQWkrDrnRatio= 3.29952214006335
ICDroneMiteSurvivorship= 79.6238006558269
ICWorkerMiteSurvivorship= 22.4410946946591
ICForagerLifespan= 14.029475950636
ImmType= Polynomial
AIAdultSlopeContact= 1.33417919083731
AIAdultLD50Contact= 0.0271662501618266
AILarvaSlope= 1.37730438197032
AILarvaLD50= 0.42742887691129
AIKOW= 4.38225750112906
AIKOC= 29.0437758155167
AIHalfLife= 4.46244472125545
