ICQueenStrength= 5.85727077815682
RQWkrDrnRatio= 2.95488343480974
ICDroneMiteSurvivorship= 38.5446914006025
ICWorkerMiteSurvivorship= 58.3691319683567
ICForagerLifespan= 5.71722572669387
ImmType= Tangent
AIAdultSlopeContact= 3.39984809781192
AIAdultLD50Contact= 0.00193326064618304
AILarvaSlope= 2.50147993648425
AILarvaLD50= 0.0256957817589864
AIKOW= 7.29372129775584
AIKOC= 22.9282174503896
AIHalfLife= 9.37045332789421
