ICQueenStrength= 4.10845270403661
RQWkrDrnRatio= 3.5977089246735
ICDroneMiteSurvivorship= 80.3705671802163
ICWorkerMiteSurvivorship= 14.4562639761716
ICForagerLifespan= 9.89625899493694
ImmType= Logarithmic
AIAdultSlopeContact= 3.26611699194415
AIAdultLD50Contact= 0.0126043451135047
AILarvaSlope= 1.0910907773301
AILarvaLD50= 0.059072873275727
AIKOW= 2.98367847921327
AIKOC= 9.97214401839301
AIHalfLife= 11.8367753829807
