ICQueenStrength= 4.89319414971396
RQWkrDrnRatio= 4.38481070101261
ICDroneMiteSurvivorship= 40.8221649704501
ICWorkerMiteSurvivorship= 3.86305334977806
ICForagerLifespan= 6.51312872208655
ImmType= Sine
AIAdultSlope= 3.54277114472352
AIAdultLD50= 0.0797416170826182
AIAdultSlopeContact= 1.85874049323611
AIAdultLD50Contact= 0.0431132698780857
AILarvaSlope= 1.55932064121589
AILarvaLD50= 0.801734873629175
AIKOW= 6.47328281216323
AIKOC= 7.56947942543775
AIHalfLife= 1.22120227082632
EAppRate= 0.055647658277303
