ICQueenStrength= 1.19651979324408
RQWkrDrnRatio= 2.02381561044604
ICDroneMiteSurvivorship= 27.9874333646148
ICWorkerMiteSurvivorship= 40.0697699049488
ICForagerLifespan= 12.3768700761721
ImmType= Logarithmic
AIAdultSlope= 4.26704975543544
AIAdultLD50= 0.332353834761307
AIAdultSlopeContact= 0.424393762368709
AIAdultLD50Contact= 0.0865530375856906
AILarvaSlope= 0.381486234255135
AILarvaLD50= 1.18142263265327
AIKOW= 50.2744208555669
AIKOC= 32.0397936971858
AIHalfLife= 4.05834541935474
EAppRate= 0.0478325602598488
