ICQueenStrength= 2.68001399491914
RQWkrDrnRatio= 1.4915481870994
ICDroneMiteSurvivorship= 92.9171500029042
ICWorkerMiteSurvivorship= 12.9936999641359
ICForagerLifespan= 13.6082274615765
ImmType= Sine
AIAdultSlope= 1.03447073753923
AIAdultLD50= 1.78161455970258
AIAdultSlopeContact= 1.23912744406611
AIAdultLD50Contact= 0.0203666111570783
AILarvaSlope= 1.44527608305216
AILarvaLD50= 0.0854970958549529
AIKOW= 6.04124068375677
AIKOC= 19.5165626367088
AIHalfLife= 7.59067503269762
EAppRate= 0.79074345715344
