ICQueenStrength= 2.97393200010993
RQWkrDrnRatio= 1.81992116849869
ICDroneMiteSurvivorship= 28.9503830019385
ICWorkerMiteSurvivorship= 66.2376687163487
ICForagerLifespan= 11.5430825911462
ImmType= Logarithmic
AIAdultSlope= 0.943441101070493
AIAdultLD50= 1.64194365707226
AIAdultSlopeContact= 0.655189698594622
AIAdultLD50Contact= 0.0357877826085314
AILarvaSlope= 0.380597673403099
AILarvaLD50= 0.443690800247714
AIKOW= 2.90251874597743
AIKOC= 7.20768926665187
AIHalfLife= 0.0532526080496609
EAppRate= 0.955668196082115
