ICQueenStrength= 5.03703484684229
RQWkrDrnRatio= 1.89827285986394
ICDroneMiteSurvivorship= 50.712727685459
ICWorkerMiteSurvivorship= 96.736130444333
ICForagerLifespan= 4.68864951189607
ImmType= Logarithmic
AIAdultSlope= 1.76408549648244
AIAdultLD50= 0.173387674265541
AIAdultSlopeContact= 2.95677390069701
AIAdultLD50Contact= 0.0101423658663407
AILarvaSlope= 1.26221335520968
AILarvaLD50= 0.297734167822637
AIKOW= 4.42189460340887
AIKOC= 6.83937010006048
AIHalfLife= 3.18772092578001
EAppRate= 0.146259198267944
