ICQueenStrength= 3.52997312461957
RQWkrDrnRatio= 2.2615910153836
ICDroneMiteSurvivorship= 34.6124334260821
ICWorkerMiteSurvivorship= 51.8493113107979
ICForagerLifespan= 15.817320689559
ImmType= Sine
AIAdultSlope= 3.219566279836
AIAdultLD50= 1.15263992571272
AIAdultSlopeContact= 1.82961795490002
AIAdultLD50Contact= 0.0409853983670473
AILarvaSlope= 1.56796236312948
AILarvaLD50= 0.104995369445533
AIKOW= 5.08297418477014
AIKOC= 10.9941696061287
AIHalfLife= 12.170545366127
EAppRate= 0.285525088664144
