ICQueenStrength= 1.7567572593689
RQWkrDrnRatio= 2.36009826604277
ICDroneMiteSurvivorship= 77.3378715151921
ICWorkerMiteSurvivorship= 97.4757498130202
ICForagerLifespan= 15.7220088113099
ImmType= Cosine
AIAdultSlope= 1.4107595727779
AIAdultLD50= 2.07464136974886
AIAdultSlopeContact= 2.72801186669385
AIAdultLD50Contact= 0.00345737815368921
AILarvaSlope= 0.606381538929418
AILarvaLD50= 0.318025638302788
AIKOW= 2.78022466087714
AIKOC= 13.0785808619112
AIHalfLife= 3.50203143665567
EAppRate= 0.906812988221645
