ICQueenStrength= 5.04501074925065
RQWkrDrnRatio= 4.04574492108077
ICDroneMiteSurvivorship= 91.7081333696842
ICWorkerMiteSurvivorship= 30.3642619866878
ICForagerLifespan= 7.67938233166933
ImmType= Exponential
AIAdultSlope= 2.86891760108992
AIAdultSlopeContact= 1.80713738674298
AIAdultLD50Contact= 0.00555521487258375
AILarvaSlope= 0.0186655959114432
AILarvaLD50= 0.659799873945303
AIKOW= 3.96325554931536
AIKOC= 20.5688908649608
AIHalfLife= 10.9119886341505
