ICQueenStrength= 5.50252092559822
RQWkrDrnRatio= 1.84732398483902
ICDroneMiteSurvivorship= 52.5218111928552
ICWorkerMiteSurvivorship= 92.216557264328
ICForagerLifespan= 5.67796808015555
ImmType= Tangent
AIAdultSlope= 0.770033498809207
AIAdultLD50= 0.454877728130668
AIAdultSlopeContact= 1.62472304478753
AIAdultLD50Contact= 0.00744619152974337
AILarvaSlope= 1.47485510264523
AILarvaLD50= 0.580198393575847
AIKOW= 7.51930734841153
AIKOC= 20.7302163424902
AIHalfLife= 1.65617242222652
EAppRate= 0.398705186485313
