ICQueenStrength= 4.26096354983747
RQWkrDrnRatio= 3.32860629912466
ICDroneMiteSurvivorship= 69.3924601888284
ICWorkerMiteSurvivorship= 19.8315077228472
ICForagerLifespan= 5.62251714989543
ImmType= Polynomial
AIAdultSlope= 3.67045824338682
AIAdultLD50= 0.0497353626415133
AIAdultSlopeContact= 3.70422519775573
AIAdultLD50Contact= 0.0204170627403073
AILarvaSlope= 3.14962904555723
AILarvaLD50= 0.399569629970938
AIKOW= 6.14865347091109
AIKOC= 22.0408775273245
AIHalfLife= 0.287316190078855
EAppRate= 0
