ICQueenStrength= 1.4653570742812
RQWkrDrnRatio= 1.69159237202257
ICDroneMiteSurvivorship= 11.6322659188882
ICWorkerMiteSurvivorship= 36.851195897907
ICForagerLifespan= 5.31364621967077
ImmType= Tangent
AIAdultSlope= 1.54122886201367
AIAdultLD50= 0.466388748027384
AIAdultSlopeContact= 0.656341269649565
AIAdultLD50Contact= 0.0330109663074836
AILarvaSlope= 2.47017297702841
AILarvaLD50= 0.0598234375007451
AIKOW= 5.91489560389891
AIKOC= 5.96145718125626
AIHalfLife= 8.39880726719275
EAppRate= 0.727094468194991
