ICQueenStrength= 5.98769013094716
RQWkrDrnRatio= 2.28209909982979
ICDroneMiteSurvivorship= 1.47105983924121
ICWorkerMiteSurvivorship= 21.9581042416394
ICForagerLifespan= 9.02223971299827
ImmType= Logarithmic
AIAdultSlopeContact= 3.8791956695728
AIAdultLD50Contact= 0.0455846116878092
AILarvaSlope= 1.13839863622561
AILarvaLD50= 0.470852593216114
AIKOW= 4.85903488192707
AIKOC= 10.890925670974
AIHalfLife= 13.303894398734
