ICQueenStrength= 1.8798005816061
RQWkrDrnRatio= 3.4190670941025
ICDroneMiteSurvivorship= 55.3429762134328
ICWorkerMiteSurvivorship= 88.1916980724782
ICForagerLifespan= 12.9068272393197
ImmType= Tangent
AIAdultSlope= 0.0618547584395856
AIAdultLD50= 2.52244897023775
AIAdultSlopeContact= 3.75462492817082
AIAdultLD50Contact= 0.0428263981593773
AILarvaSlope= 1.20725974054076
AILarvaLD50= 0.518137457524426
AIKOW= 3.05972933350131
AIKOC= 5.37309374311008
AIHalfLife= 11.2341058673337
EAppRate= 0.537583303870633
