ICQueenStrength= 2.28292460460216
RQWkrDrnRatio= 1.95875386148691
ICDroneMiteSurvivorship= 85.6507977703586
ICWorkerMiteSurvivorship= 30.134604126215
ICForagerLifespan= 9.91434276942164
ImmType= Tangent
AIAdultSlope= 0.290033173933625
AIAdultLD50= 1.91142235742882
AIAdultSlopeContact= 2.64145602292847
AIAdultLD50Contact= 0.0430694790673442
AILarvaSlope= 2.98148266510107
AILarvaLD50= 0.892022938141599
AIKOW= 5.41095159482211
AIKOC= 21.7099583370145
AIHalfLife= 8.16049342695624
EAppRate= 0.541814387775958
