ICQueenStrength= 3.87101356312633
RQWkrDrnRatio= 4.89045876637101
ICDroneMiteSurvivorship= 28.361213975586
ICWorkerMiteSurvivorship= 30.1992880180478
ICForagerLifespan= 4.77995633520186
ImmType= Exponential
AIAdultSlope= 4.39061858691275
AIAdultLD50= 0.320196929620579
AIAdultSlopeContact= 1.90223992336541
AIAdultLD50Contact= 0.10775158344768
AILarvaSlope= 1.85234259581193
AILarvaLD50= 1.72843591077253
AIKOW= 13.1207983475178
AIKOC= 6.27013959456235
AIHalfLife= 6.05577046051621
EAppRate= 1.87539065908641
