ICQueenStrength= 1.27179939788766
RQWkrDrnRatio= 2.20473103132099
ICDroneMiteSurvivorship= 64.6378383040428
ICWorkerMiteSurvivorship= 84.8732145037502
ICForagerLifespan= 13.9286601711065
ImmType= Logarithmic
AIAdultSlope= 6.65106777101755
AIAdultLD50= 0.0542402230203152
AIAdultSlopeContact= 7.08105906611308
AIAdultLD50Contact= 0.0369745492003858
AILarvaSlope= 5.66458172630519
AILarvaLD50= 0.522579762618989
AIKOW= 26.1626460822299
AIKOC= 71.1472613504156
AIHalfLife= 5.26637617405504
EAppRate= 0.938521661330014
