ICQueenStrength= 5.78636233136058
RQWkrDrnRatio= 4.87042285781354
ICDroneMiteSurvivorship= 4.97022168710828
ICWorkerMiteSurvivorship= 23.0973371537402
ICForagerLifespan= 10.913221616298
ImmType= Tangent
AIAdultSlope= 2.04095271361526
AIAdultLD50= 0.0494708853075281
AIAdultSlopeContact= 2.03011049856199
AIAdultLD50Contact= 0.0208301435108297
AILarvaSlope= 2.91072716927156
AILarvaLD50= 0.33634984572418
AIKOW= 7.45424879295751
AIKOC= 5.23310735123232
AIHalfLife= 4.70031968317926
EAppRate= 0
