ICQueenStrength= 4.3941363368649
RQWkrDrnRatio= 3.72385268472135
ICDroneMiteSurvivorship= 57.1725237416103
ICWorkerMiteSurvivorship= 26.7833356047049
ICForagerLifespan= 10.7462606346235
ImmType= Logarithmic
AIAdultSlope= 1.65954286103602
AIAdultLD50= 0.463285700883716
AIAdultSlopeContact= 0.694283407288603
AIAdultLD50Contact= 0.0349655988742597
AILarvaSlope= 1.30549215492792
AILarvaLD50= 0.362547569372691
AIKOW= 2.35880282288417
AIKOC= 17.9758312832564
AIHalfLife= 2.86516159656458
EAppRate= 0
