ICQueenStrength= 2.20313794002868
RQWkrDrnRatio= 1.46452786121517
ICDroneMiteSurvivorship= 15.3319937875494
ICWorkerMiteSurvivorship= 4.52303527854383
ICForagerLifespan= 4.01935818139464
ImmType= Cosine
AIAdultSlope= 7.45582503732294
