ICQueenStrength= 2.96506159962155
RQWkrDrnRatio= 1.57132692169398
ICDroneMiteSurvivorship= 41.8161168228835
ICWorkerMiteSurvivorship= 62.118581472896
ICForagerLifespan= 6.05700108315796
ImmType= Cosine
AIAdultSlopeContact= 4.69636218156666
AIAdultLD50Contact= 0.0453518480528146
AILarvaSlope= 2.23444898612797
AILarvaLD50= 1.10153620596975
AIKOW= 64.4018447492272
AIKOC= 61.5149874938652
AIHalfLife= 6.71913263201714
