ICQueenStrength= 3.03811661223881
RQWkrDrnRatio= 1.04694616235793
ICDroneMiteSurvivorship= 25.7139540975913
ICWorkerMiteSurvivorship= 36.7678488604724
ICForagerLifespan= 7.70855602063239
ImmType= Logarithmic
AIAdultSlope= 0.283352242321707
AIAdultLD50= 0.461892330669798
AIAdultSlopeContact= 0.168905056701042
AIAdultLD50Contact= 0.032736231177114
AILarvaSlope= 1.67579159005545
AILarvaLD50= 0.134203210962005
AIKOW= 2.59893940761685
AIKOC= 17.6677213993389
AIHalfLife= 2.26612623780966
EAppRate= 0.687027961644344
