ICQueenStrength= 5.55400162027217
RQWkrDrnRatio= 1.31096720602363
ICDroneMiteSurvivorship= 7.71718088071793
ICWorkerMiteSurvivorship= 61.930668936111
ICForagerLifespan= 13.9502836931497
ImmType= Tangent
AIAdultSlope= 0.826598708704114
AIAdultLD50= 2.67779701505788
AIAdultSlopeContact= 0.498084277203307
AIAdultLD50Contact= 0.0277587084798142
AILarvaSlope= 1.80926099168137
AILarvaLD50= 0.315927555318922
AIKOW= 4.68112222291529
AIKOC= 18.330547278747
AIHalfLife= 1.50386327179149
EAppRate= 0.699087316635996
