ICQueenStrength= 3.0980959048029
RQWkrDrnRatio= 4.30860169883817
ICDroneMiteSurvivorship= 51.2506229104474
ICWorkerMiteSurvivorship= 58.3616130053997
ICForagerLifespan= 13.2852943409234
ImmType= Exponential
AIAdultSlopeContact= 3.15124792332994
AIAdultLD50Contact= 0.0128205265267752
AILarvaSlope= 2.87863538726233
AILarvaLD50= 0.636466130521148
AIKOW= 4.02499651536345
AIKOC= 10.8104976196773
AIHalfLife= 8.97640216490254
