ICQueenStrength= 1.32567807356827
RQWkrDrnRatio= 2.13757036626339
ICDroneMiteSurvivorship= 7.40955423098058
ICWorkerMiteSurvivorship= 10.5949856108055
ICForagerLifespan= 7.45498588681221
ImmType= Cosine
AIAdultSlope= 0.234936657284852
AIAdultLD50= 0.231461468152702
AIAdultSlopeContact= 1.46870918531902
AIAdultLD50Contact= 0.0408856267458759
AILarvaSlope= 2.206528599374
AILarvaLD50= 0.313362660259008
AIKOW= 2.19749549496919
AIKOC= 18.582531712018
AIHalfLife= 2.58520374074578
EAppRate= 0.531306525343098
