ICQueenStrength= 2.49671392166056
RQWkrDrnRatio= 3.82785490434617
ICDroneMiteSurvivorship= 21.0875858087093
ICWorkerMiteSurvivorship= 19.9768566526473
ICForagerLifespan= 6.0343107348308
ImmType= Sine
AIAdultSlope= 9.01418195804581
