ICQueenStrength= 3.74618343333714
RQWkrDrnRatio= 3.02835324127227
ICDroneMiteSurvivorship= 86.3091129111126
ICWorkerMiteSurvivorship= 94.8189099086449
ICForagerLifespan= 11.4581465478987
ImmType= Tangent
AIAdultSlope= 2.95616071065888
AIAdultLD50= 0.471389350946993
AIAdultSlopeContact= 3.38503988779848
AIAdultLD50Contact= 0.0272308911546133
AILarvaSlope= 1.76526744556613
AILarvaLD50= 0.182852330175228
AIKOW= 2.96820205217227
AIKOC= 16.9237436854746
AIHalfLife= 7.4518197295256
EAppRate= 0.600273492978886
