ICQueenStrength= 4.16217626561411
RQWkrDrnRatio= 2.35476083680987
ICDroneMiteSurvivorship= 44.2673041019589
ICWorkerMiteSurvivorship= 80.6480946252123
ICForagerLifespan= 6.12333551514894
ImmType= Logarithmic
AIAdultSlope= 1.2364477748936
AIAdultLD50= 0.366034892736934
AIAdultSlopeContact= 1.40829362952383
AIAdultLD50Contact= 0.0374019713024609
AILarvaSlope= 1.89634373402223
AILarvaLD50= 0.319632904487662
AIKOW= 7.22980801900849
AIKOC= 18.2148055941798
AIHalfLife= 2.08910323330201
EAppRate= 0.021287777996622
