ICQueenStrength= 4.39965167921036
RQWkrDrnRatio= 4.79449683707207
ICDroneMiteSurvivorship= 83.0882461508736
ICWorkerMiteSurvivorship= 91.4100985042751
ICForagerLifespan= 11.822211352177
ImmType= Sine
AIAdultSlope= 2.44639225973049
AIAdultLD50= 0.342306332546286
AIAdultSlopeContact= 2.81067493300885
AIAdultLD50Contact= 0.000672603922430426
AILarvaSlope= 1.56894355439581
AILarvaLD50= 0.456882631732151
AIKOW= 2.96395620610565
AIKOC= 11.7424728476908
AIHalfLife= 2.58965949644335
EAppRate= 0
