ICQueenStrength= 3.16742885881104
RQWkrDrnRatio= 1.32164744473994
ICDroneMiteSurvivorship= 87.0369660900906
ICWorkerMiteSurvivorship= 69.1697326255962
ICForagerLifespan= 4.71297289803624
ImmType= Exponential
AIAdultSlope= 5.94491570489481
AIAdultLD50= 0.854745039017871
AIAdultSlopeContact= 1.91265510395169
AIAdultLD50Contact= 0.0828659780323505
AILarvaSlope= 4.68136209528893
AILarvaLD50= 0.316258998122066
AIKOW= 42.2074248548597
AIKOC= 96.4143067365512
AIHalfLife= 0.0568971307948232
EAppRate= 1.70851004356518
