ICQueenStrength= 4.72012948384508
RQWkrDrnRatio= 2.45382989756763
ICDroneMiteSurvivorship= 72.0187425613403
ICWorkerMiteSurvivorship= 30.8049684390426
ICForagerLifespan= 7.23252003453672
ImmType= Tangent
AIAdultSlope= 1.20196821688442
AIAdultLD50= 0.364301317720674
AIAdultSlopeContact= 2.4352379673603
AIAdultLD50Contact= 0.0257029543863609
AILarvaSlope= 1.1665769726038
AILarvaLD50= 0.332494239415973
AIKOW= 2.21196171687916
AIKOC= 16.1776677251328
AIHalfLife= 2.08627074141987
EAppRate= 0.107011237647384
