ICQueenStrength= 4.62153858179227
RQWkrDrnRatio= 2.03997225593776
ICDroneMiteSurvivorship= 57.4027148541063
ICWorkerMiteSurvivorship= 18.0301653686911
ICForagerLifespan= 14.0883100992069
ImmType= Logarithmic
AIAdultSlope= 1.95079484049696
AIAdultLD50= 0.340732885873877
AIAdultSlopeContact= 3.30427238334669
AIAdultLD50Contact= 0.0163687225664035
AILarvaSlope= 1.28628378030844
AILarvaLD50= 0.274390372191556
AIKOW= 5.16305589489639
AIKOC= 11.1845315911341
AIHalfLife= 4.26271713105962
EAppRate= 0.559375119046308
