ICQueenStrength= 4.78344932221808
RQWkrDrnRatio= 4.11296805180609
ICDroneMiteSurvivorship= 20.3979187412187
ICWorkerMiteSurvivorship= 0.475289556197822
ICForagerLifespan= 5.7664070604369
ImmType= Cosine
AIAdultSlopeContact= 3.25444567051018
AIAdultLD50Contact= 0.0385998115874827
AILarvaSlope= 1.77597879925743
AILarvaLD50= 0.604283508402295
AIKOW= 4.77944103907794
AIKOC= 24.7468272410333
AIHalfLife= 2.00843504443765
