ICQueenStrength= 1.47800887958147
RQWkrDrnRatio= 2.76538842637092
ICDroneMiteSurvivorship= 70.8667177474126
ICWorkerMiteSurvivorship= 86.5747502539307
ICForagerLifespan= 9.87240956630558
ImmType= Logarithmic
AIAdultSlopeContact= 2.7485308466549
AIAdultLD50Contact= 0.0157440447015688
AILarvaSlope= 1.75549629442394
AILarvaLD50= 0.605131906829774
AIKOW= 4.91173456003889
AIKOC= 24.652918423526
AIHalfLife= 4.13502337737009
