ICQueenStrength= 3.9454401852563
RQWkrDrnRatio= 2.90391189232469
