ICQueenStrength= 4.10463236062787
RQWkrDrnRatio= 2.86276603862643
ICDroneMiteSurvivorship= 28.9329885970801
ICWorkerMiteSurvivorship= 44.7178435046226
ICForagerLifespan= 13.7745484877378
ImmType= Tangent
AIAdultSlope= 1.20616014144151
AIAdultLD50= 0.0116261454531923
AIAdultSlopeContact= 0.274443083172664
AIAdultLD50Contact= 0.0356716029462405
AILarvaSlope= 1.4646191818174
AILarvaLD50= 0.327250285050832
AIKOW= 4.72115053934976
AIKOC= 6.13531531533226
AIHalfLife= 2.26893450599164
EAppRate= 0.54485763288103
