ICQueenStrength= 3.57595447939821
RQWkrDrnRatio= 1.66940446011722
ICDroneMiteSurvivorship= 26.5980537282303
ICWorkerMiteSurvivorship= 5.01471804454923
ICForagerLifespan= 8.70488445833325
ImmType= Exponential
AIAdultSlope= 1.81369912503287
AIAdultSlopeContact= 0.617548254453577
AIAdultLD50Contact= 0.00128635413711891
AILarvaSlope= 2.00520572573878
AILarvaLD50= 0.265056764055043
AIKOW= 4.16660141712055
AIKOC= 6.98497606324963
AIHalfLife= 7.53291586041451
