ICQueenStrength= 1.83497029263526
RQWkrDrnRatio= 2.98545685131103
ICDroneMiteSurvivorship= 25.472491979599
ICWorkerMiteSurvivorship= 85.113281570375
ICForagerLifespan= 14.7773547982797
ImmType= Tangent
AIAdultLD50= 0.154012839635834
AIAdultSlopeContact= 1.94470371593954
AIAdultLD50Contact= 0.0391748053138144
AILarvaSlope= 1.26485750111751
AILarvaLD50= 0.0894727090140805
AIKOW= 6.86356031987816
AIKOC= 17.7476662688423
AIHalfLife= 5.98154593724757
EAppRate= 1.86831255862489
