ICQueenStrength= 4.67816352751106
RQWkrDrnRatio= 2.89812969043851
ICDroneMiteSurvivorship= 65.4733141185716
ICWorkerMiteSurvivorship= 53.4486932680011
ICForagerLifespan= 8.75412052311003
ImmType= Polynomial
AIAdultSlope= 4.23659873427823
