ICQueenStrength= 4.07522258837707
RQWkrDrnRatio= 4.01076203864068
ICDroneMiteSurvivorship= 76.2946148402989
ICWorkerMiteSurvivorship= 88.12868418172
ICForagerLifespan= 14.0110907098278
ImmType= Tangent
AIAdultSlope= 1.68209478188306
AIAdultLD50= 0.213394306018017
AIAdultSlopeContact= 0.0439213354932144
AIAdultLD50Contact= 0.0430248253513128
AILarvaSlope= 0.509153860295191
AILarvaLD50= 0.299768227315508
AIKOW= 3.69939480070025
AIKOC= 11.1829303740524
AIHalfLife= 4.86148691386916
EAppRate= 0
