ICQueenStrength= 5.29013299872167
RQWkrDrnRatio= 3.04621894378215
ICDroneMiteSurvivorship= 55.3240303881466
ICWorkerMiteSurvivorship= 13.7599992100149
ICForagerLifespan= 5.51311364397407
ImmType= Logarithmic
AIAdultSlope= 1.76160781644285
