ICQueenStrength= 2.36305085383356
RQWkrDrnRatio= 1.01889191381633
ICDroneMiteSurvivorship= 39.6892766002566
ICWorkerMiteSurvivorship= 84.4904721248895
ICForagerLifespan= 13.0936197061092
ImmType= Tangent
AIAdultSlope= 0.0308963186829351
AIAdultLD50= 0.268953807768412
AIAdultSlopeContact= 2.98409112877445
AIAdultLD50Contact= 0.000229967944324017
AILarvaSlope= 0.789455958269537
AILarvaLD50= 0.68220261130482
AIKOW= 6.8585700141266
AIKOC= 27.4687797774095
AIHalfLife= 3.38638787856326
EAppRate= 0.217314181663096
