ICQueenStrength= 1.74079719139263
RQWkrDrnRatio= 4.88903693761677
ICDroneMiteSurvivorship= 52.7672495925799
ICWorkerMiteSurvivorship= 28.2548002200201
ICForagerLifespan= 14.8168566515669
ImmType= Logarithmic
AIAdultSlope= 2.38498850595206
AIAdultLD50= 2.09168684645556
AIAdultSlopeContact= 1.71414122313727
AIAdultLD50Contact= 0.0349561479524709
AILarvaSlope= 1.21851619794033
AILarvaLD50= 0.489310143934563
AIKOW= 7.36108314292505
AIKOC= 29.0278431039769
AIHalfLife= 2.54546825634316
EAppRate= 0.488104964839295
