ICQueenStrength= 3.57945195771754
RQWkrDrnRatio= 3.53150927647948
ICDroneMiteSurvivorship= 74.9029729282483
ICWorkerMiteSurvivorship= 78.0170678161085
ICForagerLifespan= 13.1682718889788
ImmType= Sine
AIAdultSlopeContact= 0.725166807656642
AIAdultLD50Contact= 0.0253730816417374
AILarvaSlope= 1.60180962481536
AILarvaLD50= 0.172476694313809
AIKOW= 2.17326210252941
AIKOC= 7.89602497359738
AIHalfLife= 6.51676580449566
