ICQueenStrength= 2.59599615447223
RQWkrDrnRatio= 4.03057566098869
