ICQueenStrength= 1.33260527532548
RQWkrDrnRatio= 3.94880773965269
ICDroneMiteSurvivorship= 55.5241006659344
ICWorkerMiteSurvivorship= 13.5151812806726
ICForagerLifespan= 5.0431108456105
ImmType= Logarithmic
AIAdultSlopeContact= 3.25929648860358
AIAdultLD50Contact= 0.00665994219016284
AILarvaSlope= 2.90783718922175
AILarvaLD50= 0.786350432247855
AIKOW= 3.20103354565799
AIKOC= 6.16698736092076
AIHalfLife= 9.85541271464899
