ICQueenStrength= 4.20177150191739
RQWkrDrnRatio= 4.97672451753169
ICDroneMiteSurvivorship= 91.6289047105238
ICWorkerMiteSurvivorship= 20.2259550103918
ICForagerLifespan= 13.6304523907602
ImmType= Tangent
AIAdultSlope= 3.10774028250016
AIAdultSlopeContact= 3.44802885646932
AIAdultLD50Contact= 0.0310912023880519
AILarvaSlope= 3.38262778818607
AILarvaLD50= 0.669820712017827
AIKOW= 5.66751392837614
AIKOC= 21.9712900766172
AIHalfLife= 11.2876715888269
