ICQueenStrength= 2.41623511561193
RQWkrDrnRatio= 4.85510485526174
ICDroneMiteSurvivorship= 67.3258387483656
ICWorkerMiteSurvivorship= 89.8222686490044
ICForagerLifespan= 10.0535585004836
ImmType= Cosine
AIAdultSlope= 2.49098018320045
AIAdultLD50= 0.173139306018129
AIAdultSlopeContact= 2.40690928225871
AIAdultLD50Contact= 0.0226169162197039
AILarvaSlope= 3.21499213040806
AILarvaLD50= 0.405064713908359
AIKOW= 5.33905211277306
AIKOC= 29.7850740561262
AIHalfLife= 0.95866052666679
EAppRate= 0.283420654945076
