ICQueenStrength= 1.26460634893738
RQWkrDrnRatio= 1.38756765704602
ICDroneMiteSurvivorship= 91.3993124850094
ICWorkerMiteSurvivorship= 35.6577302329242
ICForagerLifespan= 6.21823650971055
ImmType= Exponential
AIAdultSlope= 2.88796398881823
AIAdultLD50= 1.6959802522324
AIAdultSlopeContact= 2.5779141891771
AIAdultLD50Contact= 0.0337797602172941
AILarvaSlope= 0.738872333941981
AILarvaLD50= 0.491216551861726
AIKOW= 6.06716788560152
AIKOC= 12.9044572135899
AIHalfLife= 4.22306598955765
EAppRate= 0.242481120163575
