ICQueenStrength= 5.64385570259765
RQWkrDrnRatio= 1.11769382003695
ICDroneMiteSurvivorship= 75.9343469981104
ICWorkerMiteSurvivorship= 66.1988829495385
ICForagerLifespan= 6.73429451324046
ImmType= Exponential
AIAdultSlopeContact= 1.39872687159805
AIAdultLD50Contact= 0.00279016521526501
AILarvaSlope= 1.34345695641823
AILarvaLD50= 0.681718586781062
AIKOW= 5.12973655154929
AIKOC= 20.672958327923
AIHalfLife= 2.71287713712081
