ICQueenStrength= 3.2585344768595
RQWkrDrnRatio= 1.10718288086355
ICDroneMiteSurvivorship= 95.8023948362097
ICWorkerMiteSurvivorship= 4.27153976634145
ICForagerLifespan= 9.42420644965023
ImmType= Polynomial
AIAdultSlope= 1.77683141888119
AIAdultLD50= 2.9558879993856
AIAdultSlopeContact= 1.53030940677272
AIAdultLD50Contact= 0.0275543904164806
AILarvaSlope= 2.71198650803417
AILarvaLD50= 0.308632747270167
AIKOW= 7.26547434413806
AIKOC= 19.1470933333039
AIHalfLife= 0.609949404839426
EAppRate= 0.458828845759854
