ICQueenStrength= 4.67889884859324
RQWkrDrnRatio= 4.03668599016964
ICDroneMiteSurvivorship= 43.7622308032587
ICWorkerMiteSurvivorship= 32.6996439136565
ICForagerLifespan= 12.8278339989483
ImmType= Tangent
AIAdultSlope= 2.5814183853101
AIAdultLD50= 0.349082132801414
AIAdultSlopeContact= 1.49627687388333
AIAdultLD50Contact= 0.00801904444815591
AILarvaSlope= 0.222844089148566
AILarvaLD50= 0.841326943296008
AIKOW= 2.30143981985748
AIKOC= 22.6398501789663
AIHalfLife= 10.299845864065
EAppRate= 0.678934979019687
