ICQueenStrength= 1.93055103789084
RQWkrDrnRatio= 3.11338269617409
ICDroneMiteSurvivorship= 14.2234176862985
ICWorkerMiteSurvivorship= 58.1179552013054
ICForagerLifespan= 5.01966901216656
ImmType= Polynomial
AIAdultSlope= 1.19717171173543
AIAdultLD50= 1.32253018207848
AIAdultSlopeContact= 2.99507390439045
AIAdultLD50Contact= 0.00533654934260994
AILarvaSlope= 0.961192748649046
AILarvaLD50= 0.532761337794364
AIKOW= 5.26554207736626
AIKOC= 20.8532980654854
AIHalfLife= 9.02555366093293
EAppRate= 0.498156506102532
