ICQueenStrength= 2.69981107232161
RQWkrDrnRatio= 3.88118217140436
ICDroneMiteSurvivorship= 43.4536262415349
ICWorkerMiteSurvivorship= 82.438887632452
ICForagerLifespan= 6.53894923627377
ImmType= Exponential
AIAdultSlopeContact= 2.42000857892213
AIAdultLD50Contact= 0.0396193186519668
AILarvaSlope= 0.956104468600824
AILarvaLD50= 0.154827651078813
AIKOW= 3.8252131184563
AIKOC= 27.4521220370661
AIHalfLife= 4.23252852959558
