ICQueenStrength= 3.7020594838541
RQWkrDrnRatio= 3.66971119400114
ICDroneMiteSurvivorship= 29.5532101299614
ICWorkerMiteSurvivorship= 73.5322356456891
ICForagerLifespan= 11.7755166301504
ImmType= Polynomial
AIAdultSlope= 1.64793204152957
AIAdultLD50= 1.95495861209929
AIAdultSlopeContact= 1.90972190102097
AIAdultLD50Contact= 0.0321907624835148
AILarvaSlope= 0.211758488789201
AILarvaLD50= 0.714475577976555
AIKOW= 2.16156381834298
AIKOC= 12.1381221699994
AIHalfLife= 9.18802108103409
EAppRate= 0.768047609599307
