ICQueenStrength= 4.9129772153683
RQWkrDrnRatio= 1.61445299442858
ICDroneMiteSurvivorship= 62.8978579072282
ICWorkerMiteSurvivorship= 94.8602842865512
ICForagerLifespan= 4.44253523740917
ImmType= Logarithmic
AIAdultSlope= 1.21196337356232
AIAdultLD50= 2.33425451279618
AIAdultSlopeContact= 1.52616957455641
AIAdultLD50Contact= 0.000206639559473842
AILarvaSlope= 1.11049347748049
AILarvaLD50= 0.224034659774043
AIKOW= 5.95767172472551
AIKOC= 27.2722097765654
AIHalfLife= 6.59435721160844
EAppRate= 0.510099893901497
