ICQueenStrength= 1.33004792057909
RQWkrDrnRatio= 1.57208755239844
ICDroneMiteSurvivorship= 48.6226432723925
ICWorkerMiteSurvivorship= 55.0645497627556
ICForagerLifespan= 8.53834519255906
ImmType= Sine
AIAdultSlopeContact= 8.54966800427064
AIAdultLD50Contact= 0.0989116317592561
AILarvaSlope= 7.45882171439007
AILarvaLD50= 0.914615397807211
AIKOW= 91.184470616281
AIKOC= 1.22807638254017
AIHalfLife= 12.5361918220297
