ICQueenStrength= 4.72108014067635
RQWkrDrnRatio= 3.23575686849654
ICDroneMiteSurvivorship= 86.4205625606701
ICWorkerMiteSurvivorship= 45.9077302832156
ICForagerLifespan= 6.8071847865358
ImmType= Sine
AIAdultSlope= 1.42711435514502
AIAdultLD50= 2.62944282288663
AIAdultSlopeContact= 0.88670181564521
AIAdultLD50Contact= 0.0287013739231043
AILarvaSlope= 2.24824426667765
AILarvaLD50= 0.233121755090542
AIKOW= 4.54535897821188
AIKOC= 29.0390010236297
AIHalfLife= 9.44984554965049
EAppRate= 0.400998012628406
