ICQueenStrength= 2.23172189458273
RQWkrDrnRatio= 3.79181771259755
ICDroneMiteSurvivorship= 3.88604353647679
ICWorkerMiteSurvivorship= 84.439538163133
ICForagerLifespan= 11.544002703391
ImmType= Sine
AIAdultSlopeContact= 1.41299381446559
AIAdultLD50Contact= 0.0341448119608685
AILarvaSlope= 0.76702476600185
AILarvaLD50= 0.6648411025526
AIKOW= 2.03985445620492
AIKOC= 29.1915613936726
AIHalfLife= 1.06078306399286
