ICQueenStrength= 3.00630692765117
RQWkrDrnRatio= 1.76378113497049
ICDroneMiteSurvivorship= 77.6237269863486
ICWorkerMiteSurvivorship= 89.8622829001397
ICForagerLifespan= 13.8677119249478
ImmType= Cosine
AIAdultSlope= 3.90471389282495
AIAdultLD50= 0.0879643448861316
AIAdultSlopeContact= 2.49220269518439
AIAdultLD50Contact= 0.0160203048028052
AILarvaSlope= 1.36192921791226
AILarvaLD50= 0.250995659641922
AIKOW= 3.62894036853686
AIKOC= 20.3819787839893
AIHalfLife= 0.467548079323024
EAppRate= 0
