ICQueenStrength= 1.77109290636145
RQWkrDrnRatio= 1.94610476866364
ICDroneMiteSurvivorship= 15.7507201656699
ICWorkerMiteSurvivorship= 39.6808321587741
ICForagerLifespan= 9.18243373278528
ImmType= Exponential
AIAdultSlopeContact= 2.94497652275255
AIAdultLD50Contact= 0.0335375668364577
AILarvaSlope= 1.38742435835302
AILarvaLD50= 0.522407985012978
AIKOW= 7.69637835538015
AIKOC= 7.30898223817348
AIHalfLife= 4.60675195930526
