ICQueenStrength= 4.27517746365629
RQWkrDrnRatio= 1.41225044801831
ICDroneMiteSurvivorship= 45.2081070281565
ICWorkerMiteSurvivorship= 9.92283695377409
ICForagerLifespan= 10.1155730057508
ImmType= Logarithmic
AIAdultSlope= 0.104282322293147
AIAdultLD50= 0.371454570908099
AIAdultSlopeContact= 3.60801902962849
AIAdultLD50Contact= 0.0307541238260455
AILarvaSlope= 1.0195439723786
AILarvaLD50= 0.836567369895056
AIKOW= 4.40775784337893
AIKOC= 7.04425603151321
AIHalfLife= 1.78596489829943
EAppRate= 0.245732670184225
