ICQueenStrength= 5.7077525279019
RQWkrDrnRatio= 3.7274471540004
ICDroneMiteSurvivorship= 73.8195309182629
ICWorkerMiteSurvivorship= 95.5742872785777
ICForagerLifespan= 11.3495872532949
ImmType= Logarithmic
AIAdultSlope= 0.748268927203026
AIAdultLD50= 0.263415354420431
AIAdultSlopeContact= 1.19618496419163
AIAdultLD50Contact= 0.0195578571059741
AILarvaSlope= 1.23795952661894
AILarvaLD50= 0.464722763677128
AIKOW= 7.07528390130028
AIKOC= 18.5599233792163
AIHalfLife= 3.06402576505207
EAppRate= 0.279670287808403
