ICQueenStrength= 3.51030208659358
RQWkrDrnRatio= 1.38574169855565
ICDroneMiteSurvivorship= 18.4294683858752
ICWorkerMiteSurvivorship= 47.8340011555701
ICForagerLifespan= 9.97217378858477
ImmType= Sine
AIAdultSlope= 1.75458943242906
AIAdultLD50= 0.121146410820074
AIAdultSlopeContact= 1.91601974881254
AIAdultLD50Contact= 0.0466800498659723
AILarvaSlope= 3.05120346616022
AILarvaLD50= 0.710916107031517
AIKOW= 6.83194321533665
AIKOC= 12.5996099854819
AIHalfLife= 4.50194707373157
EAppRate= 0
