ICQueenStrength= 3.40145007846877
RQWkrDrnRatio= 2.04025801923126
ICDroneMiteSurvivorship= 15.7108877319843
ICWorkerMiteSurvivorship= 47.4974921206012
ICForagerLifespan= 5.54658486042172
ImmType= Cosine
AIAdultSlope= 1.01571312668268
AIAdultLD50= 0.237812171690166
AIAdultSlopeContact= 3.10207186148968
AIAdultLD50Contact= 0.0282709159888327
AILarvaSlope= 1.426056172885
AILarvaLD50= 0.852795886527747
AIKOW= 7.53884099097922
AIKOC= 11.0609554871917
AIHalfLife= 0.872958152322099
EAppRate= 0
