ICQueenStrength= 4.87487220810726
RQWkrDrnRatio= 3.32627417705953
ICDroneMiteSurvivorship= 86.27753269393
ICWorkerMiteSurvivorship= 82.5031626969576
ICForagerLifespan= 6.68129887711257
ImmType= Cosine
AIAdultSlopeContact= 2.08461821834324
AIAdultLD50Contact= 0.0250427553895861
AILarvaSlope= 0.930443780543283
AILarvaLD50= 0.858939218055457
AIKOW= 3.77016643201932
AIKOC= 20.0673313240986
AIHalfLife= 2.27423322573304
