ICQueenStrength= 2.87309001106769
RQWkrDrnRatio= 4.24377850722522
ICDroneMiteSurvivorship= 36.6836038185284
ICWorkerMiteSurvivorship= 99.5464417617768
ICForagerLifespan= 10.8015873702243
ImmType= Tangent
AIAdultSlope= 3.73806132003665
AIAdultLD50= 0.52148292819038
AIAdultSlopeContact= 1.21933450689539
AIAdultLD50Contact= 0.0190590885467827
AILarvaSlope= 7.06460186978802
AILarvaLD50= 1.31883429642767
AIKOW= 93.9714107196778
AIKOC= 61.5772080142051
AIHalfLife= 8.00629419926554
EAppRate= 0.179949993267655
