ICQueenStrength= 5.06238910858519
RQWkrDrnRatio= 2.05365367420018
ICDroneMiteSurvivorship= 63.3756341878325
ICWorkerMiteSurvivorship= 64.5915097557008
ICForagerLifespan= 15.3493237281218
ImmType= Cosine
AIAdultSlopeContact= 2.57285824045539
AIAdultLD50Contact= 0.0336074985098094
AILarvaSlope= 9.87983488943428
AILarvaLD50= 0.875251961871982
AIKOW= 70.7589357160032
AIKOC= 75.3199010156095
AIHalfLife= 4.16457337141037
