ICQueenStrength= 4.74328661826439
RQWkrDrnRatio= 1.99498724471778
ICDroneMiteSurvivorship= 28.4139870898798
ICWorkerMiteSurvivorship= 26.4183047227561
ICForagerLifespan= 7.18183670006692
ImmType= Logarithmic
AIAdultSlope= 0.16989880342735
AIAdultLD50= 0.440103579661809
AIAdultSlopeContact= 2.91890106883831
AIAdultLD50Contact= 0.0274759689695202
AILarvaSlope= 2.66849020482041
AILarvaLD50= 0.505537666683085
AIKOW= 5.43322925595567
AIKOC= 11.4575295371469
AIHalfLife= 4.01032954454422
EAppRate= 0.255960906972177
