ICQueenStrength= 4.22880728519522
RQWkrDrnRatio= 2.44893043674529
ICDroneMiteSurvivorship= 93.7438998837024
ICWorkerMiteSurvivorship= 99.4561548577622
ICForagerLifespan= 15.4133699899539
ImmType= Exponential
AIAdultSlopeContact= 3.07315026983852
AIAdultLD50Contact= 0.0492923389771022
AILarvaSlope= 0.241833423729986
AILarvaLD50= 0.491028014570475
AIKOW= 2.75240147812292
AIKOC= 22.8488315548748
AIHalfLife= 12.0957316323183
