ICQueenStrength= 2.26245100749657
RQWkrDrnRatio= 3.94727281667292
ICDroneMiteSurvivorship= 92.2483899630606
ICWorkerMiteSurvivorship= 92.8210594924167
ICForagerLifespan= 12.9315647277981
ImmType= Logarithmic
AIAdultSlope= 0.838781482772902
AIAdultLD50= 1.24211115273647
AIAdultSlopeContact= 1.23100868393434
AIAdultLD50Contact= 0.00316576814511791
AILarvaSlope= 1.71253194524907
AILarvaLD50= 0.4219495147001
AIKOW= 5.77889600489289
AIKOC= 20.139487356646
AIHalfLife= 7.40607429808006
EAppRate= 0.99026592890732
