ICQueenStrength= 3.69562316243537
RQWkrDrnRatio= 3.83884560596198
ICDroneMiteSurvivorship= 18.75952295959
ICWorkerMiteSurvivorship= 27.6659045368433
ICForagerLifespan= 13.9985669702291
ImmType= Polynomial
AIAdultSlopeContact= 0.619626305128913
AIAdultLD50Contact= 0.0251235106377862
AILarvaSlope= 0.444514369824901
AILarvaLD50= 0.802757569542155
AIKOW= 4.88281533308327
AIKOC= 15.5424864741508
AIHalfLife= 8.4257293548435
