ICQueenStrength= 3.83543448429555
RQWkrDrnRatio= 4.05701662227511
ICDroneMiteSurvivorship= 62.8025775775313
ICWorkerMiteSurvivorship= 71.3884012075141
ICForagerLifespan= 14.9717214182019
ImmType= Exponential
AIAdultSlope= 3.37189196064137
AIAdultLD50= 2.69145478843711
AIAdultSlopeContact= 3.50585221851245
AIAdultLD50Contact= 0.0183135554078035
AILarvaSlope= 0.884716860856861
AILarvaLD50= 0.0355808338383213
AIKOW= 3.52423565695062
AIKOC= 23.9101653231774
AIHalfLife= 10.9540739259683
EAppRate= 0.486605341779068
