ICQueenStrength= 1.04569599521346
RQWkrDrnRatio= 1.16534444224089
ICDroneMiteSurvivorship= 64.3656804692
ICWorkerMiteSurvivorship= 49.2901186458766
ICForagerLifespan= 4.78078669682145
ImmType= Exponential
AIAdultSlope= 7.01099942671135
AIAdultLD50= 0.682071095798165
AIAdultSlopeContact= 1.00468190852553
AIAdultLD50Contact= 0.183586501237005
AILarvaSlope= 2.80876213684678
AILarvaLD50= 1.94305373216048
AIKOW= 26.3975312234834
AIKOC= 29.4784596655518
AIHalfLife= 7.18637892743573
EAppRate= 0.414126821327955
