ICQueenStrength= 2.07707122340798
RQWkrDrnRatio= 1.18781760334969
ICDroneMiteSurvivorship= 87.9377166973427
ICWorkerMiteSurvivorship= 95.6568414345384
ICForagerLifespan= 11.1911832531914
ImmType= Tangent
AIAdultSlope= 0.814314570666756
AIAdultLD50= 0.0592862267512828
AIAdultSlopeContact= 3.65372444498353
AIAdultLD50Contact= 0.0423840887495317
AILarvaSlope= 1.04082550150342
AILarvaLD50= 0.512724318215623
AIKOW= 6.49418959347531
AIKOC= 16.3752688281238
AIHalfLife= 3.50701371207833
EAppRate= 0
