ICQueenStrength= 1.55871955584735
RQWkrDrnRatio= 1.11248579714447
ICDroneMiteSurvivorship= 87.5145976198837
ICWorkerMiteSurvivorship= 3.03301105741411
ICForagerLifespan= 12.0835103690624
ImmType= Exponential
AIAdultSlope= 9.28620321443304
