ICQueenStrength= 5.29438414867036
RQWkrDrnRatio= 1.61302027851343
ICDroneMiteSurvivorship= 48.9858257584274
ICWorkerMiteSurvivorship= 60.3365169139579
ICForagerLifespan= 13.5567423645407
ImmType= Polynomial
AIAdultSlope= 1.0953773566056
AIAdultLD50= 1.30314200674184
AIAdultSlopeContact= 2.17731291708536
AIAdultLD50Contact= 0.0145453014876693
AILarvaSlope= 1.84677318837494
AILarvaLD50= 0.734749529650435
AIKOW= 2.97097095940262
AIKOC= 11.0315595066641
AIHalfLife= 12.7195912171155
EAppRate= 0.484329642029479
