ICQueenStrength= 1.21867563482374
RQWkrDrnRatio= 4.94566113501787
ICDroneMiteSurvivorship= 54.3572611873969
ICWorkerMiteSurvivorship= 33.1413635984063
ICForagerLifespan= 5.43943337351084
ImmType= Sine
AIAdultSlope= 0.543909745058045
AIAdultLD50= 1.6278079461772
AIAdultSlopeContact= 1.08032014311757
AIAdultLD50Contact= 0.0269559897715226
AILarvaSlope= 1.63547211745754
AILarvaLD50= 0.580683642067015
AIKOW= 7.25784765044227
AIKOC= 25.6884289509617
AIHalfLife= 9.55464647524059
EAppRate= 0.245625795330852
