ICQueenStrength= 5.72836323431693
RQWkrDrnRatio= 2.87475645728409
ICDroneMiteSurvivorship= 14.0820358181372
ICWorkerMiteSurvivorship= 29.4428142951801
ICForagerLifespan= 10.9794083312154
ImmType= Polynomial
AIAdultSlope= 0.689978082838934
AIAdultLD50= 0.339795623789541
AIAdultSlopeContact= 2.63683943004347
AIAdultLD50Contact= 0.0260802664561197
AILarvaSlope= 1.7212889149785
AILarvaLD50= 0.100695258239284
AIKOW= 5.05038547655568
AIKOC= 21.3524895906448
AIHalfLife= 2.58663254091516
EAppRate= 0.654392364807427
