ICQueenStrength= 5.54069053172134
RQWkrDrnRatio= 1.82634775340557
ICDroneMiteSurvivorship= 12.9806662211195
ICWorkerMiteSurvivorship= 20.6243099179119
ICForagerLifespan= 15.3886829577386
ImmType= Tangent
AIAdultSlopeContact= 8.31744611263275
AIAdultLD50Contact= 0.13993063038215
AILarvaSlope= 8.81306555820629
AILarvaLD50= 0.465162313077599
AIKOW= 25.6832976592705
AIKOC= 78.932497673668
AIHalfLife= 5.79737291811034
