ICQueenStrength= 4.66134117357433
RQWkrDrnRatio= 2.39707798603922
ICDroneMiteSurvivorship= 25.1897337846458
ICWorkerMiteSurvivorship= 74.6593478834257
ICForagerLifespan= 12.5230228183791
ImmType= Polynomial
AIAdultSlope= 9.72799821291119
