ICQueenStrength= 4.57255131471902
RQWkrDrnRatio= 4.93582217395306
ICDroneMiteSurvivorship= 34.4700356479734
ICWorkerMiteSurvivorship= 92.5997111946344
ICForagerLifespan= 8.25517733767629
ImmType= Logarithmic
AIAdultSlope= 8.92296154052019
AIAdultLD50= 0.614040190819651
AIAdultSlopeContact= 5.30078551964834
AIAdultLD50Contact= 0.0212575283367187
AILarvaSlope= 5.58357667410746
AILarvaLD50= 0.431301690172404
AIKOW= 27.6183404494077
AIKOC= 37.3053533490747
AIHalfLife= 10.9405603678897
EAppRate= 0.408969460520893
