ICQueenStrength= 1.75819149496965
RQWkrDrnRatio= 1.08625403698534
ICDroneMiteSurvivorship= 88.1791521562263
ICWorkerMiteSurvivorship= 43.318207655102
ICForagerLifespan= 15.8661004183814
ImmType= Sine
AIAdultSlope= 3.75654952741927
AIAdultLD50= 0.37094420415815
AIAdultSlopeContact= 3.75672629915876
AIAdultLD50Contact= 0.0438102549524046
AILarvaSlope= 0.539805184723809
AILarvaLD50= 0.222095873183571
AIKOW= 2.0314512741752
AIKOC= 22.062875139527
AIHalfLife= 3.85785037302412
EAppRate= 0.684354292997159
