ICQueenStrength= 2.92117115482688
RQWkrDrnRatio= 3.65200053993613
ICDroneMiteSurvivorship= 80.8099284535274
ICWorkerMiteSurvivorship= 79.0269534569234
ICForagerLifespan= 10.6031328206882
ImmType= Cosine
AIAdultSlope= 1.25056020463817
AIAdultLD50= 2.09600073751062
AIAdultSlopeContact= 2.13187721067108
AIAdultLD50Contact= 0.0382329388405196
AILarvaSlope= 2.02719606566243
AILarvaLD50= 0.599644887330942
AIKOW= 6.75243037519976
AIKOC= 17.3288628354203
AIHalfLife= 13.1104992860928
EAppRate= 0.0744807787705213
