ICQueenStrength= 4.27634041663259
RQWkrDrnRatio= 4.60295342002064
ICDroneMiteSurvivorship= 56.0009736334905
ICWorkerMiteSurvivorship= 55.9558754321188
ICForagerLifespan= 5.56885290890932
ImmType= Exponential
AIAdultSlope= 2.80409207576886
AIAdultSlopeContact= 2.26119893002091
AIAdultLD50Contact= 0.0210781370056793
AILarvaSlope= 2.65742793204263
AILarvaLD50= 0.0234855239745229
AIKOW= 2.11692330101505
AIKOC= 25.3314809477888
AIHalfLife= 8.24241023138165
