ICQueenStrength= 5.38890814664774
RQWkrDrnRatio= 3.91150587052107
ICDroneMiteSurvivorship= 13.5775545611978
ICWorkerMiteSurvivorship= 14.8911165539175
ICForagerLifespan= 12.9794019730762
ImmType= Polynomial
AIAdultSlope= 2.85748153634369
AIAdultLD50= 0.211221791571006
AIAdultSlopeContact= 3.11219676144188
AIAdultLD50Contact= 0.0059093494550325
AILarvaSlope= 0.689916544640437
AILarvaLD50= 0.305847949208692
AIKOW= 7.05094308918342
AIKOC= 24.6429762872867
AIHalfLife= 3.74085291638039
EAppRate= 0
