ICQueenStrength= 2.06087048538029
RQWkrDrnRatio= 1.85030531976372
ICDroneMiteSurvivorship= 27.4243949213997
ICWorkerMiteSurvivorship= 87.7539897803217
ICForagerLifespan= 8.9696579836309
ImmType= Polynomial
AIAdultSlope= 0.695017569819465
AIAdultLD50= 0.245493034482934
AIAdultSlopeContact= 2.01186285080155
AIAdultLD50Contact= 0.041938833356835
AILarvaSlope= 2.05251631652936
AILarvaLD50= 0.781304120644927
AIKOW= 4.03791563492268
AIKOC= 16.6007501550484
AIHalfLife= 2.53013655077666
EAppRate= 0.378621330624446
