ICQueenStrength= 4.5024417436216
RQWkrDrnRatio= 4.02127363160253
ICDroneMiteSurvivorship= 88.5751042980701
ICWorkerMiteSurvivorship= 43.7515232013538
ICForagerLifespan= 14.0777840046212
ImmType= Cosine
AIAdultSlope= 3.24157861985732
AIAdultLD50= 0.249312422820367
AIAdultSlopeContact= 1.89404158762889
AIAdultLD50Contact= 0.0258215427631512
AILarvaSlope= 1.65289593683556
AILarvaLD50= 0.7673530704109
AIKOW= 2.83332868618891
AIKOC= 19.9269602552522
AIHalfLife= 3.99800329701975
EAppRate= 0
