ICQueenStrength= 2.33757445611991
RQWkrDrnRatio= 1.70835187193006
ICDroneMiteSurvivorship= 15.7182789873332
ICWorkerMiteSurvivorship= 26.2246324215084
ICForagerLifespan= 7.43827358447015
ImmType= Sine
AIAdultSlope= 2.86694807931781
