ICQueenStrength= 5.38531383406371
RQWkrDrnRatio= 2.74210872128606
ICDroneMiteSurvivorship= 94.4916592445225
ICWorkerMiteSurvivorship= 7.27517767809331
ICForagerLifespan= 14.0208351137117
ImmType= Logarithmic
AIAdultSlopeContact= 1.43959399279905
AIAdultLD50Contact= 0.00782497397158295
AILarvaSlope= 0.388204906368628
AILarvaLD50= 0.818728795065545
AIKOW= 2.90130305988714
AIKOC= 7.620575070614
AIHalfLife= 7.78962986636907
