ICQueenStrength= 1.41030659689568
RQWkrDrnRatio= 3.54941808525473
ICDroneMiteSurvivorship= 73.7566708819941
ICWorkerMiteSurvivorship= 97.5056346040219
ICForagerLifespan= 5.88141019176692
ImmType= Sine
AIAdultSlope= 3.51535513426876
AIAdultLD50= 0.302497138269246
AIAdultSlopeContact= 0.247510222087149
AIAdultLD50Contact= 0.0331390663632192
AILarvaSlope= 2.09079263322055
AILarvaLD50= 0.551032408559695
AIKOW= 4.67977536981925
AIKOC= 16.7265951586887
AIHalfLife= 2.18494789092802
EAppRate= 0
