ICQueenStrength= 3.50276954262517
RQWkrDrnRatio= 1.82210922334343
ICDroneMiteSurvivorship= 26.1225779308006
ICWorkerMiteSurvivorship= 46.8025274109095
ICForagerLifespan= 6.2638336494565
ImmType= Polynomial
AIAdultSlope= 3.16044298820198
AIAdultLD50= 1.14791034325026
AIAdultSlopeContact= 2.10607413207879
AIAdultLD50Contact= 0.0184957887395285
AILarvaSlope= 3.07970677772537
AILarvaLD50= 0.807908860919997
AIKOW= 2.03079858096316
AIKOC= 11.2603348866105
AIHalfLife= 7.43685798998922
EAppRate= 0.0837884920183569
