ICQueenStrength= 2.11404482042417
RQWkrDrnRatio= 1.37024183105677
ICDroneMiteSurvivorship= 53.2251922413707
ICWorkerMiteSurvivorship= 83.3576397271827
ICForagerLifespan= 13.2649231199175
ImmType= Polynomial
AIAdultSlope= 6.76536366576329
