ICQueenStrength= 3.17473087948747
RQWkrDrnRatio= 3.86013769358397
ICDroneMiteSurvivorship= 46.30996955093
ICWorkerMiteSurvivorship= 77.5372633244842
ICForagerLifespan= 8.31646636966616
ImmType= Sine
AIAdultSlopeContact= 1.14311149030225
AIAdultLD50Contact= 0.0189528111252002
AILarvaSlope= 0.681573318876326
AILarvaLD50= 0.0326432324247435
AIKOW= 4.71749857347459
AIKOC= 17.218831590144
AIHalfLife= 8.59693851321936
