ICQueenStrength= 3.04589950852096
RQWkrDrnRatio= 4.29237435851246
ICDroneMiteSurvivorship= 29.1637246729806
ICWorkerMiteSurvivorship= 47.8393640369177
ICForagerLifespan= 6.47634366992861
ImmType= Sine
AIAdultSlope= 1.6979854027275
AIAdultLD50= 0.823190878378227
AIAdultSlopeContact= 2.32395618248032
AIAdultLD50Contact= 0.00390822367044166
AILarvaSlope= 1.85632732445374
AILarvaLD50= 0.386643514456227
AIKOW= 2.80167626729235
AIKOC= 27.3993732884992
AIHalfLife= 10.9288544142619
EAppRate= 0.141065520001575
