ICQueenStrength= 5.2410711874254
RQWkrDrnRatio= 3.76644668914378
ICDroneMiteSurvivorship= 49.9996984144673
ICWorkerMiteSurvivorship= 85.7047719880939
ICForagerLifespan= 12.6762679358944
ImmType= Tangent
AIAdultSlope= 2.15698844661238
AIAdultLD50= 0.0323622922878712
AIAdultSlopeContact= 1.38694677022984
AIAdultLD50Contact= 0.0194702827022411
AILarvaSlope= 0.694178312830627
AILarvaLD50= 0.25057493483182
AIKOW= 6.75251121167094
AIKOC= 15.3489301051013
AIHalfLife= 1.07246151659638
EAppRate= 0.415120863332413
