ICQueenStrength= 3.69788167439401
RQWkrDrnRatio= 4.94478913396597
ICDroneMiteSurvivorship= 87.0686599751934
ICWorkerMiteSurvivorship= 4.50917216949165
ICForagerLifespan= 5.06189996283501
ImmType= Sine
AIAdultSlopeContact= 2.28305076659191
AIAdultLD50Contact= 0.0433281303266995
AILarvaSlope= 0.472670940496027
AILarvaLD50= 0.34422778529115
AIKOW= 7.15482503734529
AIKOC= 5.65259980619885
AIHalfLife= 6.2172323926352
