ICQueenStrength= 4.26022225315683
RQWkrDrnRatio= 4.32867307215929
ICDroneMiteSurvivorship= 21.6200327966362
ICWorkerMiteSurvivorship= 17.7097552223131
ICForagerLifespan= 13.7310394868255
ImmType= Tangent
AIAdultSlope= 0.106967024698388
AIAdultLD50= 0.285401618224569
AIAdultSlopeContact= 2.66798737495439
AIAdultLD50Contact= 0.0321770777576603
AILarvaSlope= 0.794376089423895
AILarvaLD50= 0.744157762289979
AIKOW= 2.95603690715507
AIKOC= 26.8204837699886
AIHalfLife= 0.256518351379782
EAppRate= 0.688922577654012
