ICQueenStrength= 5.80529521242715
RQWkrDrnRatio= 2.07808011211455
ICDroneMiteSurvivorship= 3.46930774394423
ICWorkerMiteSurvivorship= 67.2382734948769
ICForagerLifespan= 13.5584616214037
ImmType= Logarithmic
AIAdultSlope= 1.02803231469356
AIAdultLD50= 0.227049704524688
AIAdultSlopeContact= 2.9258614171925
AIAdultLD50Contact= 0.0364883185597137
AILarvaSlope= 3.23475226312876
AILarvaLD50= 0.24629615158774
AIKOW= 4.16158897196874
AIKOC= 18.1999039789662
AIHalfLife= 1.61238432163373
EAppRate= 0
