ICQueenStrength= 2.79112142301165
RQWkrDrnRatio= 1.39195324573666
ICDroneMiteSurvivorship= 83.3278152626008
ICWorkerMiteSurvivorship= 34.0281533775851
ICForagerLifespan= 14.0303705679253
ImmType= Cosine
AIAdultSlope= 2.38276941337623
AIAdultLD50= 0.0747559237061068
AIAdultSlopeContact= 3.87127788815182
AIAdultLD50Contact= 0.0325832569855265
AILarvaSlope= 1.40822721291333
AILarvaLD50= 0.344635534705594
AIKOW= 5.90295166429132
AIKOC= 10.0902414135635
AIHalfLife= 3.17628662334755
EAppRate= 0
