ICQueenStrength= 4.86612114030868
RQWkrDrnRatio= 3.83921674732119
ICDroneMiteSurvivorship= 33.5693773347884
ICWorkerMiteSurvivorship= 10.3494309354573
ICForagerLifespan= 12.2496761400253
ImmType= Exponential
AIAdultSlope= 0.328649121150374
AIAdultLD50= 0.985525177326053
AIAdultSlopeContact= 1.23110152597306
AIAdultLD50Contact= 0.0390225350856781
AILarvaSlope= 2.51803713794798
AILarvaLD50= 0.336224500020035
AIKOW= 3.32034571981058
AIKOC= 17.0470730820671
AIHalfLife= 4.71210540505126
EAppRate= 0.47285772068426
