ICQueenStrength= 4.03802161593921
RQWkrDrnRatio= 2.6426065498963
ICDroneMiteSurvivorship= 55.3694621194154
ICWorkerMiteSurvivorship= 87.9677512450144
ICForagerLifespan= 8.52385334298015
ImmType= Cosine
AIAdultSlope= 2.2246576526924
AIAdultLD50= 0.343562986236066
AIAdultSlopeContact= 3.13051696606446
AIAdultLD50Contact= 0.0050506369327195
AILarvaSlope= 2.67268916554749
AILarvaLD50= 0.260600081621669
AIKOW= 5.65546729927883
AIKOC= 11.2467851443216
AIHalfLife= 2.27005922584794
EAppRate= 0.0109874311601743
