ICQueenStrength= 1.4672885814216
RQWkrDrnRatio= 4.13645659573376
ICDroneMiteSurvivorship= 52.7915306156501
ICWorkerMiteSurvivorship= 52.0761391613632
ICForagerLifespan= 13.1059522377327
ImmType= Exponential
AIAdultSlope= 0.569423394463956
AIAdultLD50= 2.3446614544373
AIAdultSlopeContact= 2.83862462597201
AIAdultLD50Contact= 0.0268564856727608
AILarvaSlope= 2.56926119890995
AILarvaLD50= 0.103925142693333
AIKOW= 5.49433357035741
AIKOC= 21.2844831182156
AIHalfLife= 7.00929404981434
EAppRate= 0.887609430123121
