ICQueenStrength= 1.13321856502444
RQWkrDrnRatio= 4.74356795474887
ICDroneMiteSurvivorship= 61.8647907860577
ICWorkerMiteSurvivorship= 21.7092152452096
ICForagerLifespan= 12.5326932938769
ImmType= Polynomial
AIAdultSlope= 2.34221110010985
AIAdultLD50= 0.440071461489424
AIAdultSlopeContact= 0.184261360857636
AIAdultLD50Contact= 0.03675447111018
AILarvaSlope= 0.281083090649918
AILarvaLD50= 0.167688567121513
AIKOW= 3.339181070216
AIKOC= 24.3490239442326
AIHalfLife= 3.26895144651644
EAppRate= 0.559785149572417
