ICQueenStrength= 1.9624466788955
RQWkrDrnRatio= 1.85388480592519
ICDroneMiteSurvivorship= 76.305930246599
ICWorkerMiteSurvivorship= 49.5813616318628
ICForagerLifespan= 7.43465239554644
ImmType= Logarithmic
AIAdultSlope= 1.30112151033478
AIAdultLD50= 0.222942710504867
AIAdultSlopeContact= 1.39897381198592
AIAdultLD50Contact= 0.0244512333883904
AILarvaSlope= 0.856564988475293
AILarvaLD50= 0.78368691613432
AIKOW= 7.79587339702994
AIKOC= 20.9941039164551
AIHalfLife= 1.80663825012743
EAppRate= 0
