ICQueenStrength= 4.62311042379588
RQWkrDrnRatio= 3.26701961643994
