ICQueenStrength= 2.83006229810417
RQWkrDrnRatio= 4.98833444342017
ICDroneMiteSurvivorship= 2.45451231021434
ICWorkerMiteSurvivorship= 99.748238013126
ICForagerLifespan= 5.20344020240009
ImmType= Sine
AIAdultSlope= 2.83554878233233
AIAdultLD50= 0.192434505792335
AIAdultSlopeContact= 1.51257594418013
AIAdultLD50Contact= 0.0235724182683043
AILarvaSlope= 0.440096982568502
AILarvaLD50= 0.379580171825364
AIKOW= 2.34230566723272
AIKOC= 23.8507098937407
AIHalfLife= 3.42248741653748
EAppRate= 0
