ICQueenStrength= 1.66157669527456
RQWkrDrnRatio= 2.60173069965094
ICDroneMiteSurvivorship= 60.4036295553669
ICWorkerMiteSurvivorship= 44.6507784537971
ICForagerLifespan= 8.93030238058418
ImmType= Cosine
AIAdultSlope= 0.8538410323672
