ICQueenStrength= 3.5571763953194
RQWkrDrnRatio= 4.84958659019321
