ICQueenStrength= 4.10664932592772
RQWkrDrnRatio= 3.2299198275432
ICDroneMiteSurvivorship= 71.2919766549021
ICWorkerMiteSurvivorship= 39.2564152134582
ICForagerLifespan= 14.0664570974186
ImmType= Sine
AIAdultLD50= 0.154012839635834
AIAdultSlopeContact= 1.56252720556688
AIAdultLD50Contact= 0.0344908176921308
AILarvaSlope= 2.64770830059424
AILarvaLD50= 0.0140698067145422
AIKOW= 2.09108266048133
AIKOC= 6.2958557868842
AIHalfLife= 12.3197217141278
EAppRate= 0.534705861005932
