ICQueenStrength= 2.22580141411163
RQWkrDrnRatio= 3.58452257420868
ICDroneMiteSurvivorship= 65.1776720304042
ICWorkerMiteSurvivorship= 36.0999220050871
ICForagerLifespan= 4.5625616768375
ImmType= Polynomial
AIAdultSlopeContact= 2.31171356828883
AIAdultLD50Contact= 0.0230943300994113
AILarvaSlope= 0.376889004325494
AILarvaLD50= 0.852259028353728
AIKOW= 3.31878997152671
AIKOC= 12.2259345033672
AIHalfLife= 0.703073133248836
