ICQueenStrength= 3.87368595483713
RQWkrDrnRatio= 2.1661662850529
ICDroneMiteSurvivorship= 83.5962194949389
ICWorkerMiteSurvivorship= 89.7255616728216
ICForagerLifespan= 9.65564344730228
ImmType= Exponential
AIAdultSlopeContact= 1.52277121134102
AIAdultLD50Contact= 0.00197809598175809
AILarvaSlope= 0.349639775883406
AILarvaLD50= 0.412398836854845
AIKOW= 5.3627737662755
AIKOC= 27.7029475907329
AIHalfLife= 3.26543635968119
