ICQueenStrength= 1.33213104703464
RQWkrDrnRatio= 2.87222650740296
ICDroneMiteSurvivorship= 31.912744184956
ICWorkerMiteSurvivorship= 69.9121892219409
ICForagerLifespan= 15.8029393358156
ImmType= Cosine
AIAdultSlope= 0.969570775004104
AIAdultLD50= 0.787268597865477
AIAdultSlopeContact= 0.179066689393949
AIAdultLD50Contact= 0.00948253547539935
AILarvaSlope= 2.56764822108671
AILarvaLD50= 0.156915067671798
AIKOW= 6.9004706828855
AIKOC= 15.3178469697013
AIHalfLife= 9.711470708251
EAppRate= 0.300557049689814
