ICQueenStrength= 1.41747295763344
RQWkrDrnRatio= 3.28043803665787
ICDroneMiteSurvivorship= 83.1867630826309
ICWorkerMiteSurvivorship= 24.65919717215
ICForagerLifespan= 7.19547962769866
ImmType= Tangent
AIAdultSlopeContact= 0.287796984468587
AIAdultLD50Contact= 0.0360478367656469
AILarvaSlope= 3.12971135191619
AILarvaLD50= 0.1050844080979
AIKOW= 2.641912934836
AIKOC= 27.3166714771651
AIHalfLife= 0.835878666024655
