ICQueenStrength= 3.81466365559027
RQWkrDrnRatio= 4.55577278044075
ICDroneMiteSurvivorship= 8.26954257208854
ICWorkerMiteSurvivorship= 58.1678264541551
ICForagerLifespan= 10.9291030848399
ImmType= Polynomial
AIAdultSlope= 0.585993126416579
AIAdultLD50= 0.37592323962599
AIAdultSlopeContact= 1.80959719018545
AIAdultLD50Contact= 0.0440139043377712
AILarvaSlope= 2.72733495556749
AILarvaLD50= 0.175255044805817
AIKOW= 2.65954116685316
AIKOC= 27.3882588325068
AIHalfLife= 4.56815539044328
EAppRate= 0.623338208440691
