ICQueenStrength= 4.96503579686396
RQWkrDrnRatio= 4.3257197458297
ICDroneMiteSurvivorship= 82.181525346823
ICWorkerMiteSurvivorship= 64.2019643215463
ICForagerLifespan= 8.05820028018206
ImmType= Tangent
AIAdultLD50= 0.154012839635834
AIAdultSlopeContact= 2.60497954396997
AIAdultLD50Contact= 0.0183085357770324
AILarvaSlope= 3.07048681708984
AILarvaLD50= 0.0998604860622436
AIKOW= 6.88103060051799
AIKOC= 18.9343569171615
AIHalfLife= 7.09344429010525
EAppRate= 0.989070488139987
