ICQueenStrength= 2.95631946437061
RQWkrDrnRatio= 2.69106208626181
ICDroneMiteSurvivorship= 91.1785481031984
ICWorkerMiteSurvivorship= 97.7081976132467
ICForagerLifespan= 6.54401917848736
ImmType= Cosine
AIAdultSlope= 0.810667292494327
AIAdultLD50= 2.57484563905746
AIAdultSlopeContact= 0.604850499790628
AIAdultLD50Contact= 0.0270395361236297
AILarvaSlope= 2.79025937798433
AILarvaLD50= 0.703186924243346
AIKOW= 7.81050352845341
AIKOC= 24.9667893117294
AIHalfLife= 1.45055999280885
EAppRate= 0.128971280064434
