ICQueenStrength= 4.43391506932676
RQWkrDrnRatio= 1.53814815264195
ICDroneMiteSurvivorship= 93.5256514931098
ICWorkerMiteSurvivorship= 87.4840172939003
ICForagerLifespan= 12.4763818271458
ImmType= Exponential
AIAdultSlope= 6.77674408769235
AIAdultLD50= 0.815707500092685
AIAdultSlopeContact= 7.47753994772211
AIAdultLD50Contact= 0.101007694425061
AILarvaSlope= 0.278352764435112
AILarvaLD50= 1.76286887377501
AIKOW= 97.8013399755582
AIKOC= 80.2519256481901
AIHalfLife= 7.46016159281135
EAppRate= 0.934540000278503
