ICQueenStrength= 2.00001139566302
RQWkrDrnRatio= 2.92526580393314
ICDroneMiteSurvivorship= 67.910128692165
ICWorkerMiteSurvivorship= 88.1258212728426
ICForagerLifespan= 10.54152041208
ImmType= Logarithmic
AIAdultSlope= 2.66643658522516
AIAdultLD50= 2.63003024132922
AIAdultSlopeContact= 0.723319282745942
AIAdultLD50Contact= 0.0224466660176404
AILarvaSlope= 0.498326383251697
AILarvaLD50= 0.860059752571397
AIKOW= 3.64203820144758
AIKOC= 11.1306486895774
AIHalfLife= 6.57136110262945
EAppRate= 0.388214024715126
