ICQueenStrength= 4.24341634521261
RQWkrDrnRatio= 4.17438955139369
ICDroneMiteSurvivorship= 78.6662997212261
ICWorkerMiteSurvivorship= 30.7372782612219
ICForagerLifespan= 12.6835290249437
ImmType= Tangent
AIAdultSlope= 2.4169302345207
AIAdultLD50= 0.463263384532183
AIAdultSlopeContact= 0.810799618698657
AIAdultLD50Contact= 0.0435192542383447
AILarvaSlope= 0.961792412679642
AILarvaLD50= 0.230210788641125
AIKOW= 6.87906936649233
AIKOC= 21.0032514075283
AIHalfLife= 4.7036286490038
EAppRate= 0.187915478739887
