ICQueenStrength= 5.44311463041231
RQWkrDrnRatio= 3.85420760698617
ICDroneMiteSurvivorship= 13.2991082267836
ICWorkerMiteSurvivorship= 16.9365226756781
ICForagerLifespan= 5.80844404548407
ImmType= Polynomial
AIAdultSlope= 1.94474370419048
AIAdultLD50= 0.0225857784971595
AIAdultSlopeContact= 1.04623667630833
AIAdultLD50Contact= 0.0437831013347022
AILarvaSlope= 1.03216748242266
AILarvaLD50= 0.451650174194947
AIKOW= 2.79963369946927
AIKOC= 21.9842095172498
AIHalfLife= 10.1278504473157
EAppRate= 0.308636244153604
