ICQueenStrength= 2.56819400726818
RQWkrDrnRatio= 4.05930821876973
ICDroneMiteSurvivorship= 17.7040110575035
ICWorkerMiteSurvivorship= 4.22988343052566
ICForagerLifespan= 7.28220047987998
ImmType= Tangent
AIAdultSlope= 3.15170963825192
AIAdultLD50= 0.0935741760767996
AIAdultSlopeContact= 0.129427838393021
AIAdultLD50Contact= 0.0363617544528097
AILarvaSlope= 1.02844852777198
AILarvaLD50= 0.649822627217509
AIKOW= 5.84220499172807
AIKOC= 11.8903508712538
AIHalfLife= 4.91602523252368
EAppRate= 0.405865640914999
