ICQueenStrength= 4.16751843667589
RQWkrDrnRatio= 4.32265450619161
ICDroneMiteSurvivorship= 11.0318291001022
ICWorkerMiteSurvivorship= 12.7304105320945
ICForagerLifespan= 14.648305946961
ImmType= Tangent
AIAdultSlope= 1.41300490000285
AIAdultLD50= 1.68625314650126
AIAdultSlopeContact= 0.35872469868511
AIAdultLD50Contact= 0.0413891918724403
AILarvaSlope= 0.82132429247722
AILarvaLD50= 0.761475884635001
AIKOW= 3.72223214386031
AIKOC= 12.5182244065218
AIHalfLife= 5.36035667313263
EAppRate= 0.510421158978716
