ICQueenStrength= 4.943509045057
RQWkrDrnRatio= 2.52088331338018
ICDroneMiteSurvivorship= 73.4364128671587
ICWorkerMiteSurvivorship= 88.6539060622454
ICForagerLifespan= 7.08780965581536
ImmType= Tangent
AIAdultSlope= 0.199250656412914
AIAdultLD50= 1.25342431780882
AIAdultSlopeContact= 1.37411975921597
AIAdultLD50Contact= 0.00837578013306484
AILarvaSlope= 2.67350149941631
AILarvaLD50= 0.843929512077011
AIKOW= 3.32547971652821
AIKOC= 5.18562680925243
AIHalfLife= 10.3141370327212
EAppRate= 0.392763925949112
