ICQueenStrength= 1.86905877687968
RQWkrDrnRatio= 1.01361664850265
ICDroneMiteSurvivorship= 51.232073479332
ICWorkerMiteSurvivorship= 53.2875615172088
ICForagerLifespan= 15.5987773137167
ImmType= Logarithmic
AIAdultSlopeContact= 1.80624431923963
AIAdultLD50Contact= 0.00471557821147144
AILarvaSlope= 2.19775240980089
AILarvaLD50= 0.618991813925095
AIKOW= 2.07805951870978
AIKOC= 10.2725807821844
AIHalfLife= 13.3408419447951
