ICQueenStrength= 4.57426946982741
RQWkrDrnRatio= 4.21503035537899
ICDroneMiteSurvivorship= 94.7348271496594
ICWorkerMiteSurvivorship= 17.8027780959383
ICForagerLifespan= 15.7223568335176
ImmType= Polynomial
AIAdultSlopeContact= 3.53736073703505
AIAdultLD50Contact= 0.0193060278543271
AILarvaSlope= 1.02286841715686
AILarvaLD50= 0.139877816196531
AIKOW= 2.72029569325969
AIKOC= 23.8732320908457
AIHalfLife= 12.6550045954064
