ICQueenStrength= 3.80845539644361
RQWkrDrnRatio= 4.59719778597355
