ICQueenStrength= 5.02351161697879
RQWkrDrnRatio= 2.2554228277877
ICDroneMiteSurvivorship= 18.7324698083103
ICWorkerMiteSurvivorship= 78.9673106744885
ICForagerLifespan= 15.5917172087356
ImmType= Sine
AIAdultSlopeContact= 0.229398369442206
AIAdultLD50Contact= 0.0442918325657956
AILarvaSlope= 0.10041263923049
AILarvaLD50= 0.0218883445719257
AIKOW= 6.36475675180554
AIKOC= 7.23842502455227
AIHalfLife= 8.33883004449308
