ICQueenStrength= 5.17401626356877
RQWkrDrnRatio= 2.95220266282558
ICDroneMiteSurvivorship= 36.632685107179
ICWorkerMiteSurvivorship= 61.7019624449313
ICForagerLifespan= 9.05437374766916
ImmType= Cosine
AIAdultLD50= 0.154012839635834
AIAdultSlopeContact= 0.586748427841812
AIAdultLD50Contact= 0.00476563181728125
AILarvaSlope= 0.0931648194789887
AILarvaLD50= 0.452196145383641
AIKOW= 7.51581583311781
AIKOC= 6.52691105613485
AIHalfLife= 12.5123778590932
EAppRate= 1.96729156980291
