ICQueenStrength= 1.39310054853559
RQWkrDrnRatio= 4.17588428873569
ICDroneMiteSurvivorship= 66.3788919569924
ICWorkerMiteSurvivorship= 6.83983834460378
ICForagerLifespan= 11.8199757086113
ImmType= Sine
AIAdultSlope= 1.85880250763148
