ICQueenStrength= 2.70779560692608
RQWkrDrnRatio= 1.97829410247505
ICDroneMiteSurvivorship= 7.82009181566536
ICWorkerMiteSurvivorship= 43.5841361992061
ICForagerLifespan= 4.33657405897975
ImmType= Polynomial
AIAdultSlope= 1.07147875195369
AIAdultLD50= 1.0288665688131
AIAdultSlopeContact= 0.448619461103808
AIAdultLD50Contact= 0.0405591379618272
AILarvaSlope= 2.8692494396586
AILarvaLD50= 0.0271683941362426
AIKOW= 7.33910367498174
AIKOC= 17.417656352045
AIHalfLife= 9.52351287519559
EAppRate= 0.465564472135156
