ICQueenStrength= 2.38655867427588
RQWkrDrnRatio= 4.55417502298951
ICDroneMiteSurvivorship= 96.0412653861567
ICWorkerMiteSurvivorship= 13.6998077621683
ICForagerLifespan= 14.8399884719402
ImmType= Polynomial
AIAdultSlope= 1.77859569825232
AIAdultLD50= 0.433526038890705
AIAdultSlopeContact= 2.73562940572389
AIAdultLD50Contact= 0.0144901816383936
AILarvaSlope= 3.36645964467898
AILarvaLD50= 0.171214321441948
AIKOW= 4.10284334886819
AIKOC= 11.3926045608241
AIHalfLife= 5.912286197301
EAppRate= 0.346940871095285
