ICQueenStrength= 3.76791149633937
RQWkrDrnRatio= 2.85061492864043
ICDroneMiteSurvivorship= 3.6866455571726
ICWorkerMiteSurvivorship= 76.7234532861039
ICForagerLifespan= 6.28994426410645
ImmType= Tangent
AIAdultSlope= 3.0910423072055
