ICQueenStrength= 4.63386619836092
RQWkrDrnRatio= 1.24133443553001
ICDroneMiteSurvivorship= 55.9394714189693
ICWorkerMiteSurvivorship= 54.1717049665749
ICForagerLifespan= 14.5574830528349
ImmType= Logarithmic
AIAdultSlope= 1.81701074739452
AIAdultLD50= 0.296645521768369
AIAdultSlopeContact= 3.57478062265087
AIAdultLD50Contact= 0.0282822487992235
AILarvaSlope= 0.650305163254961
AILarvaLD50= 0.262648348230869
AIKOW= 5.02576799178496
AIKOC= 19.9785172368865
AIHalfLife= 1.94621370173991
EAppRate= 0.49619276181329
