ICQueenStrength= 2.5764180815313
RQWkrDrnRatio= 4.33147227205336
ICDroneMiteSurvivorship= 44.6434122044593
ICWorkerMiteSurvivorship= 21.1377189960331
ICForagerLifespan= 14.6341197518632
ImmType= Exponential
AIAdultSlope= 3.23421270237304
AIAdultLD50= 0.715197973418981
AIAdultSlopeContact= 3.6876584425522
AIAdultLD50Contact= 0.0389538263087161
AILarvaSlope= 1.4423664810136
AILarvaLD50= 0.181923514511436
AIKOW= 3.08502863720059
AIKOC= 29.0425267082173
AIHalfLife= 8.41707091964781
EAppRate= 0.66862988518551
