ICQueenStrength= 1.43263373547234
RQWkrDrnRatio= 1.30165533535182
ICDroneMiteSurvivorship= 85.7205855194479
ICWorkerMiteSurvivorship= 55.8173982193694
ICForagerLifespan= 6.36645608674735
ImmType= Sine
AIAdultSlope= 2.42708244063193
AIAdultLD50= 0.234144755406305
AIAdultSlopeContact= 2.51466118014185
AIAdultLD50Contact= 0.0352793236961588
AILarvaSlope= 1.06588031444699
AILarvaLD50= 0.670864939363673
AIKOW= 5.74273266782984
AIKOC= 13.5725203971379
AIHalfLife= 0.455772778950632
EAppRate= 0.14497425055597
