ICQueenStrength= 5.83974796137773
RQWkrDrnRatio= 4.98887867573649
ICDroneMiteSurvivorship= 50.9861047845334
ICWorkerMiteSurvivorship= 12.9007801646367
ICForagerLifespan= 8.91824340354651
ImmType= Tangent
AIAdultSlopeContact= 3.09913862806745
AIAdultLD50Contact= 0.0491409291164018
AILarvaSlope= 3.24529463592917
AILarvaLD50= 0.584023418091238
AIKOW= 6.37820836110041
AIKOC= 24.490172911901
AIHalfLife= 13.0384120168164
