ICQueenStrength= 5.43539492320269
RQWkrDrnRatio= 2.72937201056629
ICDroneMiteSurvivorship= 63.6308293556795
ICWorkerMiteSurvivorship= 59.7400575643405
ICForagerLifespan= 8.32919523119926
ImmType= Logarithmic
AIAdultSlope= 0.725995905511081
AIAdultLD50= 2.83263274817728
AIAdultSlopeContact= 0.830932778608985
AIAdultLD50Contact= 0.010230771289207
AILarvaSlope= 1.8512126817368
AILarvaLD50= 0.566728645423427
AIKOW= 4.26281812181696
AIKOC= 22.2179343819153
AIHalfLife= 2.89822374982759
EAppRate= 0.923161192331463
