ICQueenStrength= 5.68628509901464
RQWkrDrnRatio= 1.28828842565417
ICDroneMiteSurvivorship= 66.1098934477195
ICWorkerMiteSurvivorship= 49.717721529305
ICForagerLifespan= 11.4135614279658
ImmType= Polynomial
AIAdultSlope= 1.04845814006403
AIAdultLD50= 2.03285282361321
AIAdultSlopeContact= 2.89820955004077
AIAdultLD50Contact= 0.0340132481534965
AILarvaSlope= 3.26528986282647
AILarvaLD50= 0.737688107136637
AIKOW= 2.37593712750822
AIKOC= 24.0522557473741
AIHalfLife= 0.24579704226926
EAppRate= 0.765864334767684
