ICQueenStrength= 3.14629126945511
RQWkrDrnRatio= 2.32044203393161
ICDroneMiteSurvivorship= 0.775706837885082
ICWorkerMiteSurvivorship= 61.3368819933385
ICForagerLifespan= 12.5855989251286
ImmType= Tangent
AIAdultSlope= 5.22212978219613
