ICQueenStrength= 1.49920205841772
RQWkrDrnRatio= 1.87814824283123
ICDroneMiteSurvivorship= 9.62363826110959
ICWorkerMiteSurvivorship= 61.2236660905182
ICForagerLifespan= 4.8727393457666
ImmType= Logarithmic
AIAdultSlope= 1.8974889209494
