ICQueenStrength= 1.42614229838364
RQWkrDrnRatio= 1.05621401499957
ICDroneMiteSurvivorship= 52.8501629596576
ICWorkerMiteSurvivorship= 36.5737835178152
ICForagerLifespan= 4.66569869592786
ImmType= Tangent
AIAdultSlope= 0.583044129868504
AIAdultLD50= 0.341165087651461
AIAdultSlopeContact= 0.528467671622057
AIAdultLD50Contact= 0.0223907937761396
AILarvaSlope= 2.51583540388383
AILarvaLD50= 0.596720843226649
AIKOW= 6.24433201970533
AIKOC= 12.495641685091
AIHalfLife= 2.27927705156617
EAppRate= 0.613081705896184
