ICQueenStrength= 5.72151520545594
RQWkrDrnRatio= 2.6717570964247
ICDroneMiteSurvivorship= 0.948333344422281
ICWorkerMiteSurvivorship= 82.2975680232048
ICForagerLifespan= 11.5579218929633
ImmType= Sine
AIAdultSlope= 0.423314565606415
AIAdultLD50= 1.00977339735255
AIAdultSlopeContact= 0.707021001200192
AIAdultLD50Contact= 0.0369037123746239
AILarvaSlope= 3.24206204172224
AILarvaLD50= 0.728487379197031
AIKOW= 2.32977962400764
AIKOC= 18.2375222165138
AIHalfLife= 4.58281502360478
EAppRate= 0.258057949366048
