ICQueenStrength= 4.40351996244863
RQWkrDrnRatio= 3.9010418029502
ICDroneMiteSurvivorship= 19.1250226693228
ICWorkerMiteSurvivorship= 62.212219228968
ICForagerLifespan= 12.7506352877244
ImmType= Tangent
AIAdultSlope= 1.00374470199458
AIAdultLD50= 2.12486800155602
AIAdultSlopeContact= 2.70914632398169
AIAdultLD50Contact= 0.0370174405514263
AILarvaSlope= 0.788150331703946
AILarvaLD50= 0.0906614028615877
AIKOW= 6.93689407967031
AIKOC= 13.1349515588954
AIHalfLife= 0.923146829474717
EAppRate= 0.692624795017764
