ICQueenStrength= 2.37179533950984
RQWkrDrnRatio= 1.24374253489077
ICDroneMiteSurvivorship= 98.9247023127973
ICWorkerMiteSurvivorship= 78.6950446898118
ICForagerLifespan= 5.01182399503887
ImmType= Sine
AIAdultSlope= 1.25647106690565
AIAdultLD50= 0.330070168012753
AIAdultSlopeContact= 1.92492518289713
AIAdultLD50Contact= 0.047371587192174
AILarvaSlope= 0.468935428233817
AILarvaLD50= 0.294438381702639
AIKOW= 2.49975245120004
AIKOC= 11.3972457079217
AIHalfLife= 2.51873295637779
EAppRate= 0
