ICQueenStrength= 2.64911525556818
RQWkrDrnRatio= 4.17819165159017
ICDroneMiteSurvivorship= 67.6130877574906
ICWorkerMiteSurvivorship= 69.5180817972869
ICForagerLifespan= 14.6990659562871
ImmType= Exponential
AIAdultSlope= 2.1342264206009
AIAdultLD50= 0.18731859663967
AIAdultSlopeContact= 1.38469125788659
AIAdultLD50Contact= 0.0122311059501953
AILarvaSlope= 0.309374563582242
AILarvaLD50= 0.889540716307238
AIKOW= 6.26615648949519
AIKOC= 29.7274185356218
AIHalfLife= 3.49854536470957
EAppRate= 0.362564756348729
