ICQueenStrength= 3.06693800748326
RQWkrDrnRatio= 2.38609591592103
ICDroneMiteSurvivorship= 23.9156458992511
ICWorkerMiteSurvivorship= 72.4223575787619
ICForagerLifespan= 12.1587959583849
ImmType= Polynomial
AIAdultSlope= 1.37026091208681
AIAdultLD50= 0.067200435558334
AIAdultSlopeContact= 3.66240387443919
AIAdultLD50Contact= 0.00718928476562724
AILarvaSlope= 2.70990954344161
AILarvaLD50= 0.890254391147755
AIKOW= 5.94468373525888
AIKOC= 25.928650238784
AIHalfLife= 2.96874649170786
EAppRate= 0.278177854139358
