ICQueenStrength= 5.69926988589577
RQWkrDrnRatio= 4.92546735145152
ICDroneMiteSurvivorship= 51.4787181979045
ICWorkerMiteSurvivorship= 37.3119239229709
ICForagerLifespan= 5.50639662705362
ImmType= Polynomial
AIAdultSlopeContact= 2.15591381264152
AIAdultLD50Contact= 0.016046989581082
AILarvaSlope= 1.40809042579494
AILarvaLD50= 0.801909033232369
AIKOW= 3.89902660669759
AIKOC= 25.6545235530939
AIHalfLife= 10.8077645096928
