ICQueenStrength= 2.70040933880955
RQWkrDrnRatio= 3.89648539479822
ICDroneMiteSurvivorship= 18.0706745013595
ICWorkerMiteSurvivorship= 88.7052663601935
ICForagerLifespan= 14.8152631567791
ImmType= Exponential
AIAdultSlope= 0.0942776491399854
AIAdultLD50= 0.341980712022632
AIAdultSlopeContact= 2.31840062538162
AIAdultLD50Contact= 0.015709588478785
AILarvaSlope= 1.58339824080467
AILarvaLD50= 0.536475242581218
AIKOW= 2.08556026313454
AIKOC= 18.4487529285252
AIHalfLife= 7.55148298433051
EAppRate= 0.560212930897251
