ICQueenStrength= 3.02340442920104
RQWkrDrnRatio= 4.43335026409477
ICDroneMiteSurvivorship= 29.1326361475512
ICWorkerMiteSurvivorship= 2.57232184521854
ICForagerLifespan= 15.2853905213997
ImmType= Logarithmic
AIAdultSlope= 3.27052622335032
