ICQueenStrength= 1.8951759734191
RQWkrDrnRatio= 1.41446885373443
ICDroneMiteSurvivorship= 24.9745481880382
ICWorkerMiteSurvivorship= 93.5677590081468
ICForagerLifespan= 10.0097020836547
ImmType= Sine
AIAdultSlope= 3.26047497889958
AIAdultLD50= 0.0926035987213254
AIAdultSlopeContact= 1.74066287681926
AIAdultLD50Contact= 0.00686790801119059
AILarvaSlope= 0.187403891980648
AILarvaLD50= 0.770989684201777
AIKOW= 2.35173175577074
AIKOC= 7.75426304433495
AIHalfLife= 11.6940037691966
EAppRate= 0.857363070594147
