ICQueenStrength= 1.095309256576
RQWkrDrnRatio= 4.55234111193568
ICDroneMiteSurvivorship= 16.9502641540021
ICWorkerMiteSurvivorship= 93.5122097842395
ICForagerLifespan= 12.2657771082595
ImmType= Logarithmic
AIAdultSlope= 2.29723720927024
AIAdultLD50= 0.0802906963508576
AIAdultSlopeContact= 2.1639139737119
AIAdultLD50Contact= 0.0445868185372092
AILarvaSlope= 0.229772430751473
AILarvaLD50= 0.529749822663143
AIKOW= 3.0573832122609
AIKOC= 14.689245611662
AIHalfLife= 1.76636547083035
EAppRate= 0.579073839308694
