ICQueenStrength= 1.98431102349423
RQWkrDrnRatio= 1.61372013762593
ICDroneMiteSurvivorship= 65.9708803985268
ICWorkerMiteSurvivorship= 14.052692335099
ICForagerLifespan= 13.6104640187696
ImmType= Exponential
AIAdultSlope= 1.33743366925046
AIAdultLD50= 2.02581797679886
AIAdultSlopeContact= 1.60210590648931
AIAdultLD50Contact= 0.0386236382531934
AILarvaSlope= 2.09017166341655
AILarvaLD50= 0.174349407618865
AIKOW= 2.03362129302695
AIKOC= 26.0142370604444
AIHalfLife= 11.4427789980546
EAppRate= 0.175926006631926
