ICQueenStrength= 1.38861479493789
RQWkrDrnRatio= 2.77707945369184
ICDroneMiteSurvivorship= 47.5146901328117
ICWorkerMiteSurvivorship= 32.1403902256861
ICForagerLifespan= 10.4652128759772
ImmType= Polynomial
AIAdultSlope= 1.04280611830764
AIAdultLD50= 1.72432003333233
AIAdultSlopeContact= 1.72646447751671
AIAdultLD50Contact= 0.0469324339996092
AILarvaSlope= 2.61899670795538
AILarvaLD50= 0.793611559085548
AIKOW= 5.12089869659394
AIKOC= 27.3382902448066
AIHalfLife= 9.38880717754364
EAppRate= 0.360202939715236
