ICQueenStrength= 4.40794022427872
RQWkrDrnRatio= 4.92467167600989
ICDroneMiteSurvivorship= 29.1611125459895
ICWorkerMiteSurvivorship= 45.0643595540896
ICForagerLifespan= 8.7127103228122
ImmType= Polynomial
AIAdultSlopeContact= 2.79610178179108
AIAdultLD50Contact= 0.0190807460807264
AILarvaSlope= 2.7598360650707
AILarvaLD50= 0.168172050802968
AIKOW= 3.95339505188167
AIKOC= 29.4602644990664
AIHalfLife= 5.41180600225925
