ICQueenStrength= 2.77308164071292
RQWkrDrnRatio= 4.66853762138635
ICDroneMiteSurvivorship= 55.4084020666778
ICWorkerMiteSurvivorship= 82.5089645339176
ICForagerLifespan= 4.34707045089453
ImmType= Tangent
AIAdultSlope= 0.612648336682469
AIAdultLD50= 0.672963362419978
AIAdultSlopeContact= 2.86075509618968
AIAdultLD50Contact= 0.158652048464864
AILarvaSlope= 1.3551282370463
AILarvaLD50= 0.519845923874527
AIKOW= 92.3894122475758
AIKOC= 70.1935963239521
AIHalfLife= 10.6907884231769
EAppRate= 0.730513956863433
