ICQueenStrength= 3.55117865162902
RQWkrDrnRatio= 1.92752746585757
ICDroneMiteSurvivorship= 10.0189798744395
ICWorkerMiteSurvivorship= 60.5132272001356
ICForagerLifespan= 8.66349188797176
ImmType= Sine
AIAdultSlope= 3.28733408796368
AIAdultLD50= 0.466177422553301
AIAdultSlopeContact= 0.24846937905997
AIAdultLD50Contact= 0.0442858474329114
AILarvaSlope= 2.65500674867071
AILarvaLD50= 0.0871911679627374
AIKOW= 7.71409825049341
AIKOC= 29.8943596438039
AIHalfLife= 4.50389584060758
EAppRate= 0.571359224966727
