ICQueenStrength= 1.04441756638698
RQWkrDrnRatio= 2.0452915141359
ICDroneMiteSurvivorship= 99.3063397007063
ICWorkerMiteSurvivorship= 90.0833864929155
ICForagerLifespan= 5.8544834619388
ImmType= Polynomial
AIAdultSlope= 1.42028221188812
AIAdultLD50= 0.439798868610524
AIAdultSlopeContact= 3.90335528285243
AIAdultLD50Contact= 0.0282616293523461
AILarvaSlope= 1.6983060920611
AILarvaLD50= 0.499064617278054
AIKOW= 2.19006136571988
AIKOC= 27.0493967470247
AIHalfLife= 3.42167847906239
EAppRate= 0.681717730825767
