ICQueenStrength= 4.39488583267666
RQWkrDrnRatio= 2.94200588203967
ICDroneMiteSurvivorship= 85.6909540481865
ICWorkerMiteSurvivorship= 20.6670845393091
ICForagerLifespan= 14.7080569416285
ImmType= Sine
AIAdultSlope= 3.47751273978269
AIAdultLD50= 0.34095005702693
AIAdultSlopeContact= 3.62221817925107
AIAdultLD50Contact= 0.0262413636897691
AILarvaSlope= 3.1366458919365
AILarvaLD50= 0.34988585554529
AIKOW= 7.15348677430302
AIKOC= 24.5787067117635
AIHalfLife= 0.000105171930044889
EAppRate= 0.131274377950467
