ICQueenStrength= 4.37594817625359
RQWkrDrnRatio= 2.10047970712185
ICDroneMiteSurvivorship= 18.7567829154432
ICWorkerMiteSurvivorship= 11.5678938338533
ICForagerLifespan= 6.24463707953691
ImmType= Polynomial
AIAdultSlopeContact= 4.89945772569627
AIAdultLD50Contact= 0.0625834023114294
AILarvaSlope= 9.97297315159813
AILarvaLD50= 1.98406786471605
AIKOW= 44.8194415308535
AIKOC= 68.5563447885215
AIHalfLife= 0.738239243160933
