ICQueenStrength= 3.28869478218257
RQWkrDrnRatio= 4.93946027476341
ICDroneMiteSurvivorship= 70.7256661262363
ICWorkerMiteSurvivorship= 70.6084314733744
ICForagerLifespan= 10.2033398970962
ImmType= Sine
AIAdultSlope= 1.96433600941673
AIAdultLD50= 0.961372878402472
AIAdultSlopeContact= 0.786015758367721
AIAdultLD50Contact= 0.0238740405882709
AILarvaSlope= 0.103221636125818
AILarvaLD50= 0.145962756453082
AIKOW= 7.28207995882258
AIKOC= 19.7066146775614
AIHalfLife= 0.336315010208637
EAppRate= 0.373603661777452
