ICQueenStrength= 1.85430091596209
RQWkrDrnRatio= 2.83190973196179
ICDroneMiteSurvivorship= 25.8432312170044
ICWorkerMiteSurvivorship= 52.8285503387451
ICForagerLifespan= 15.8158550970256
ImmType= Cosine
AIAdultSlope= 1.22739323940827
AIAdultLD50= 0.328081006533466
AIAdultSlopeContact= 1.15296123234322
AIAdultLD50Contact= 0.0157961672637612
AILarvaSlope= 2.73762438544072
AILarvaLD50= 0.467521318746731
AIKOW= 2.69544100761414
AIKOC= 21.0753657692112
AIHalfLife= 2.35510441474617
EAppRate= 0.208470702706836
