ICQueenStrength= 3.58132916409522
RQWkrDrnRatio= 2.4060127986595
ICDroneMiteSurvivorship= 35.0536867743358
ICWorkerMiteSurvivorship= 2.81941194552928
ICForagerLifespan= 4.31044648494571
ImmType= Logarithmic
AIAdultSlope= 9.52973338775337
