ICQueenStrength= 3.49608302721754
RQWkrDrnRatio= 2.17530708294362
ICDroneMiteSurvivorship= 45.3237508423626
ICWorkerMiteSurvivorship= 98.6719251843169
ICForagerLifespan= 6.69880963396281
ImmType= Polynomial
AIAdultSlope= 3.11728298695525
AIAdultLD50= 0.173804507940076
AIAdultSlopeContact= 2.62093214850174
AIAdultLD50Contact= 0.0101241183350794
AILarvaSlope= 0.570581193920225
AILarvaLD50= 0.650699858972803
AIKOW= 3.8102471367456
AIKOC= 23.5635639121756
AIHalfLife= 3.74928645091131
EAppRate= 0
