ICQueenStrength= 5.3190224096179
RQWkrDrnRatio= 4.52353186625987
ICDroneMiteSurvivorship= 89.1774005722255
ICWorkerMiteSurvivorship= 66.18181404192
ICForagerLifespan= 5.43399458844215
ImmType= Sine
AIAdultSlope= 1.11630189764779
AIAdultLD50= 0.20463871548418
AIAdultSlopeContact= 1.94496271085925
AIAdultLD50Contact= 0.0298509759712033
AILarvaSlope= 2.63557347916067
AILarvaLD50= 0.00842796571087092
AIKOW= 3.31557739479467
AIKOC= 13.0747970321681
AIHalfLife= 4.5859847322572
EAppRate= 0.541195317124948
