ICQueenStrength= 5.85326643800363
RQWkrDrnRatio= 1.69067317247391
ICDroneMiteSurvivorship= 3.67013872601092
ICWorkerMiteSurvivorship= 35.3881906718016
ICForagerLifespan= 10.3689900944009
ImmType= Exponential
AIAdultSlope= 1.97656342526898
