ICQueenStrength= 4.03031691815704
RQWkrDrnRatio= 3.22887944336981
ICDroneMiteSurvivorship= 48.1585159199312
ICWorkerMiteSurvivorship= 97.8646969189867
ICForagerLifespan= 6.94127854891121
ImmType= Exponential
AIAdultSlope= 2.3275431496161
AIAdultLD50= 0.276692065992393
AIAdultSlopeContact= 1.98141017164802
AIAdultLD50Contact= 0.0422411806648597
AILarvaSlope= 0.766991281090304
AILarvaLD50= 0.10442226184532
AIKOW= 3.30154048837721
AIKOC= 13.945617073914
AIHalfLife= 1.66085441014729
EAppRate= 0.435147073958069
