ICQueenStrength= 5.92706260993145
RQWkrDrnRatio= 4.74872850533575
ICDroneMiteSurvivorship= 96.5665584430099
ICWorkerMiteSurvivorship= 22.5846225395799
ICForagerLifespan= 7.04567021876574
ImmType= Polynomial
AIAdultSlope= 0.452742544712964
AIAdultLD50= 0.0215006455546245
AIAdultSlopeContact= 3.09786671665963
AIAdultLD50Contact= 0.0438101540785283
AILarvaSlope= 1.2011781858746
AILarvaLD50= 0.398269375506788
AIKOW= 3.11926042754203
AIKOC= 23.3658383553848
AIHalfLife= 2.82396256225184
EAppRate= 0.088542571477592
