ICQueenStrength= 2.96383437141776
RQWkrDrnRatio= 4.43270510435104
ICDroneMiteSurvivorship= 79.2757024988532
ICWorkerMiteSurvivorship= 1.48515345063061
ICForagerLifespan= 13.431798748672
ImmType= Logarithmic
AIAdultSlope= 2.98684731228976
AIAdultLD50= 0.432370052323677
AIAdultSlopeContact= 1.48361819716869
AIAdultLD50Contact= 0.0035586673184298
AILarvaSlope= 2.65405643153936
AILarvaLD50= 0.15672803723719
AIKOW= 3.73449385818094
AIKOC= 10.1478557288647
AIHalfLife= 4.57932143704966
EAppRate= 0
