ICQueenStrength= 5.13262473186478
RQWkrDrnRatio= 2.88234223145992
ICDroneMiteSurvivorship= 40.2880719397217
ICWorkerMiteSurvivorship= 44.8484212392941
ICForagerLifespan= 4.06905267760158
ImmType= Tangent
AIAdultSlope= 3.26652110516327
AIAdultLD50= 0.236602971795946
AIAdultSlopeContact= 1.4150839699991
AIAdultLD50Contact= 0.0436136073432863
AILarvaSlope= 0.143151912232861
AILarvaLD50= 0.450232040835544
AIKOW= 5.24037570646033
AIKOC= 7.20092537347227
AIHalfLife= 0.923409315291792
EAppRate= 0.678559011616744
