ICQueenStrength= 1.42715505114757
RQWkrDrnRatio= 1.40503522288054
ICDroneMiteSurvivorship= 71.1704771732911
ICWorkerMiteSurvivorship= 67.8501586429775
ICForagerLifespan= 13.6702405922115
ImmType= Polynomial
AIAdultSlope= 1.93152926173061
AIAdultLD50= 2.95121154980734
AIAdultSlopeContact= 2.83025346458657
AIAdultLD50Contact= 0.0376806157873943
AILarvaSlope= 2.91942606624216
AILarvaLD50= 0.0670110586099327
AIKOW= 4.23753874748945
AIKOC= 23.131237057969
AIHalfLife= 2.0934341410175
EAppRate= 0.741629476891831
