ICQueenStrength= 3.79787065810524
RQWkrDrnRatio= 3.47734667453915
ICDroneMiteSurvivorship= 24.870176659897
ICWorkerMiteSurvivorship= 37.6549858832732
ICForagerLifespan= 11.8370326021686
ImmType= Polynomial
AIAdultSlopeContact= 2.81458288979949
AIAdultLD50Contact= 0.0403279662132263
AILarvaSlope= 3.24656070582569
AILarvaLD50= 0.701178233837709
AIKOW= 5.24507579021156
AIKOC= 15.2112211287022
AIHalfLife= 8.94609156250954
