ICQueenStrength= 5.56523132161237
RQWkrDrnRatio= 4.38008147664368
ICDroneMiteSurvivorship= 4.53299342188984
ICWorkerMiteSurvivorship= 50.1478570979089
ICForagerLifespan= 4.46348185092211
ImmType= Exponential
AIAdultSlope= 1.58106199791655
AIAdultLD50= 1.02626853086986
AIAdultSlopeContact= 0.0993797418661416
AIAdultLD50Contact= 0.0182811390724964
AILarvaSlope= 1.0346946215257
AILarvaLD50= 0.447263630270027
AIKOW= 3.41257331194356
AIKOC= 19.0092178189661
AIHalfLife= 7.15294145420194
EAppRate= 0.637891324236989
