ICQueenStrength= 4.46159209846519
RQWkrDrnRatio= 4.0047825044021
ICDroneMiteSurvivorship= 77.4807858048007
ICWorkerMiteSurvivorship= 42.0427308417857
ICForagerLifespan= 8.69800414517522
ImmType= Logarithmic
AIAdultSlope= 1.26888109808788
AIAdultSlopeContact= 1.39842342021642
AIAdultLD50Contact= 0.0456688099424355
AILarvaSlope= 1.09545431593433
AILarvaLD50= 0.835266229044646
AIKOW= 3.69701100699604
AIKOC= 26.7935238324571
AIHalfLife= 2.35995851224288
