ICQueenStrength= 3.18447945546359
RQWkrDrnRatio= 1.01702772919089
ICDroneMiteSurvivorship= 19.5558502804488
ICWorkerMiteSurvivorship= 69.2997265374288
ICForagerLifespan= 4.70439687836915
ImmType= Cosine
AIAdultSlope= 2.2344738691533
AIAdultLD50= 0.327158915810287
AIAdultSlopeContact= 2.77443078149809
AIAdultLD50Contact= 0.0307607794529758
AILarvaSlope= 2.81369372196496
AILarvaLD50= 0.105210408009589
AIKOW= 3.46730850730091
AIKOC= 24.0850410261191
AIHalfLife= 0.966528982389718
EAppRate= 0
