ICQueenStrength= 3.08318199962378
RQWkrDrnRatio= 1.119494240731
ICDroneMiteSurvivorship= 2.58957692421973
ICWorkerMiteSurvivorship= 32.5815694173798
ICForagerLifespan= 15.4012585002929
ImmType= Sine
AIAdultSlope= 7.4135390878655
