ICQueenStrength= 2.59650854649954
RQWkrDrnRatio= 3.66429113131016
ICDroneMiteSurvivorship= 40.001935698092
ICWorkerMiteSurvivorship= 33.5262130014598
ICForagerLifespan= 5.17121829465032
ImmType= Polynomial
AIAdultSlope= 0.449666225211695
AIAdultLD50= 1.16739021870308
AIAdultSlopeContact= 2.85972942378838
AIAdultLD50Contact= 0.00627438072115183
AILarvaSlope= 0.219742707442492
AILarvaLD50= 0.0887037764769047
AIKOW= 5.77268970152363
AIKOC= 8.69074949412607
AIHalfLife= 9.12188860308379
EAppRate= 0.877775321248919
