ICQueenStrength= 2.85492297634482
RQWkrDrnRatio= 1.24231134168804
ICDroneMiteSurvivorship= 93.6152525478974
ICWorkerMiteSurvivorship= 48.8598317373544
ICForagerLifespan= 4.31338241416961
ImmType= Cosine
AIAdultSlope= 1.67391162985004
AIAdultLD50= 0.594077926827595
AIAdultSlopeContact= 1.98213667450938
AIAdultLD50Contact= 0.0128567541367374
AILarvaSlope= 1.44701802991331
AILarvaLD50= 0.766427073371597
AIKOW= 2.96907464182004
AIKOC= 6.32612602901645
AIHalfLife= 11.3894159374759
EAppRate= 0.139174890937284
