ICQueenStrength= 1.16697242041118
RQWkrDrnRatio= 1.52014075312763
ICDroneMiteSurvivorship= 84.1997020179406
ICWorkerMiteSurvivorship= 87.1324629988521
ICForagerLifespan= 14.274361862801
ImmType= Sine
AIAdultSlope= 4.88958696136251
