ICQueenStrength= 3.36518882913515
RQWkrDrnRatio= 3.68542776070535
ICDroneMiteSurvivorship= 14.6378189558163
ICWorkerMiteSurvivorship= 12.2338480781764
ICForagerLifespan= 8.26593860331923
ImmType= Exponential
AIAdultSlope= 0.679121957207099
AIAdultLD50= 0.323369894642383
AIAdultSlopeContact= 0.0242778655467555
AIAdultLD50Contact= 0.024503637838643
AILarvaSlope= 2.15044732159004
AILarvaLD50= 0.48355547580868
AIKOW= 4.15090542193502
AIKOC= 18.6444647272583
AIHalfLife= 10.3127605011687
EAppRate= 0.853261154377833
