ICQueenStrength= 3.82504156813957
RQWkrDrnRatio= 2.52077864017338
ICDroneMiteSurvivorship= 25.9942000964656
ICWorkerMiteSurvivorship= 6.30312189459801
ICForagerLifespan= 12.0157813727856
ImmType= Tangent
AIAdultSlope= 0.885704834759235
AIAdultLD50= 0.83614459913224
AIAdultSlopeContact= 2.17670420531882
AIAdultLD50Contact= 0.0484743597335182
AILarvaSlope= 1.48742591664195
AILarvaLD50= 0.883731521805748
AIKOW= 2.69379099365324
AIKOC= 11.0297334915958
AIHalfLife= 2.21518177352846
EAppRate= 0.101500146090984
