ICQueenStrength= 1.65522984019481
RQWkrDrnRatio= 3.14938252791762
ICDroneMiteSurvivorship= 61.4093019394204
ICWorkerMiteSurvivorship= 95.6821354106069
ICForagerLifespan= 15.0006553120911
ImmType= Logarithmic
AIAdultSlopeContact= 9.56615215633065
AIAdultLD50Contact= 0.140220256894827
AILarvaSlope= 1.42023422056809
AILarvaLD50= 1.70820690644905
AIKOW= 41.5050877258182
AIKOC= 64.795170747675
AIHalfLife= 11.4832080854103
