ICQueenStrength= 4.49011109909043
RQWkrDrnRatio= 3.18002079706639
ICDroneMiteSurvivorship= 66.410075686872
ICWorkerMiteSurvivorship= 75.7524197688326
ICForagerLifespan= 6.80299617629498
ImmType= Logarithmic
AIAdultSlope= 2.13649986917153
AIAdultLD50= 0.558752229670063
AIAdultSlopeContact= 2.22921571329469
AIAdultLD50Contact= 0.0499385267612524
AILarvaSlope= 0.0666095493827015
AILarvaLD50= 0.77000104773324
AIKOW= 6.14826172450557
AIKOC= 6.19022569269873
AIHalfLife= 5.73999292869121
EAppRate= 0.460503848502412
