ICQueenStrength= 3.64725248678587
RQWkrDrnRatio= 4.04837441537529
ICDroneMiteSurvivorship= 98.7816116772592
ICWorkerMiteSurvivorship= 32.6792790321633
ICForagerLifespan= 15.769945435226
ImmType= Sine
AIAdultSlope= 2.03330386885442
AIAdultLD50= 0.0902310787932947
AIAdultSlopeContact= 2.43887415640522
AIAdultLD50Contact= 0.00160704688169062
AILarvaSlope= 2.53554814443924
AILarvaLD50= 0.347879316983745
AIKOW= 5.77251690579578
AIKOC= 16.8723713792861
AIHalfLife= 3.93028986873105
EAppRate= 0.187248226162046
