ICQueenStrength= 1.26379812159576
RQWkrDrnRatio= 2.6887830356136
ICDroneMiteSurvivorship= 2.84083394799381
ICWorkerMiteSurvivorship= 7.64750447124243
ICForagerLifespan= 13.5715032899752
ImmType= Polynomial
AIAdultSlope= 2.04111806340516
AIAdultLD50= 1.8979377024807
AIAdultSlopeContact= 2.89042053543264
AIAdultLD50Contact= 0.0100877510732971
AILarvaSlope= 2.5542014488019
AILarvaLD50= 0.514551805076189
AIKOW= 3.55177929066122
AIKOC= 25.1367139525246
AIHalfLife= 0.789366067852825
EAppRate= 0.7116617213469
