ICQueenStrength= 3.67951130168512
RQWkrDrnRatio= 2.58066267054528
ICDroneMiteSurvivorship= 71.8585793161765
ICWorkerMiteSurvivorship= 20.9081171778962
ICForagerLifespan= 4.07155763730407
ImmType= Polynomial
AIAdultSlope= 1.81357767730253
AIAdultLD50= 0.429146047565155
AIAdultSlopeContact= 1.58719290513312
AIAdultLD50Contact= 0.0371215305523947
AILarvaSlope= 2.95239010094665
AILarvaLD50= 0.259560173889622
AIKOW= 3.97887274064124
AIKOC= 13.057077327976
AIHalfLife= 2.26283936644904
EAppRate= 0
