ICQueenStrength= 4.05409549735487
RQWkrDrnRatio= 2.07586343213916
ICDroneMiteSurvivorship= 96.4670707471669
ICWorkerMiteSurvivorship= 33.6900342023
ICForagerLifespan= 15.1984590124339
ImmType= Tangent
AIAdultSlope= 2.03934716526419
AIAdultLD50= 0.0833210367709398
AIAdultSlopeContact= 0.0723897316493094
AIAdultLD50Contact= 0.0982308202423155
AILarvaSlope= 3.92830987926573
AILarvaLD50= 1.50596843566746
AIKOW= 42.5125563051552
AIKOC= 7.25320279598236
AIHalfLife= 7.49360616877675
EAppRate= 1.06587828043848
