ICQueenStrength= 4.06252938695252
RQWkrDrnRatio= 2.45857538469136
ICDroneMiteSurvivorship= 44.923875760287
ICWorkerMiteSurvivorship= 66.4497151505202
ICForagerLifespan= 4.16557402536273
ImmType= Polynomial
AIAdultSlope= 2.82136557792546
AIAdultLD50= 0.284824811038561
AIAdultSlopeContact= 0.684494509797078
AIAdultLD50Contact= 0.034955557086505
AILarvaSlope= 2.91043001492508
AILarvaLD50= 0.245880838972516
AIKOW= 7.77416404010728
AIKOC= 8.68091625277884
AIHalfLife= 4.25002078292891
EAppRate= 0.306611351389438
