ICQueenStrength= 5.24200439592823
RQWkrDrnRatio= 2.71829934138805
ICDroneMiteSurvivorship= 35.2132397703826
ICWorkerMiteSurvivorship= 46.6514371102676
ICForagerLifespan= 11.2260030563921
ImmType= Sine
AIAdultSlope= 1.13954727738164
AIAdultLD50= 0.465113652404398
AIAdultSlopeContact= 1.93030801266432
AIAdultLD50Contact= 0.00463840133743361
AILarvaSlope= 0.967590675922111
AILarvaLD50= 0.304780027689412
AIKOW= 3.69028835883364
AIKOC= 24.4590202183463
AIHalfLife= 1.57314320188016
EAppRate= 0.972548904130235
