ICQueenStrength= 1.1157245086506
RQWkrDrnRatio= 3.8963551428169
ICDroneMiteSurvivorship= 75.7375861983746
ICWorkerMiteSurvivorship= 8.86971480213106
ICForagerLifespan= 15.6003296226263
ImmType= Sine
AIAdultSlope= 3.62980060238857
AIAdultLD50= 0.312667830614373
AIAdultSlopeContact= 0.520329639245756
AIAdultLD50Contact= 0.0287749503855594
AILarvaSlope= 0.547999213868752
AILarvaLD50= 0.470497062848881
AIKOW= 6.01456085545942
AIKOC= 13.8218688324559
AIHalfLife= 4.19375514145941
EAppRate= 0
