ICQueenStrength= 3.41561112343334
RQWkrDrnRatio= 4.10372850857675
ICDroneMiteSurvivorship= 30.3951018024236
ICWorkerMiteSurvivorship= 64.477919973433
ICForagerLifespan= 11.1521944086999
ImmType= Sine
AIAdultSlope= 2.56435646209866
