ICQueenStrength= 5.78812257293612
RQWkrDrnRatio= 2.91640464216471
ICDroneMiteSurvivorship= 90.3069707332179
ICWorkerMiteSurvivorship= 78.3631879836321
ICForagerLifespan= 5.09100196976215
ImmType= Tangent
AIAdultSlope= 3.18183600096963
AIAdultLD50= 0.404402094427496
AIAdultSlopeContact= 3.87279875300126
AIAdultLD50Contact= 0.0337968689040281
AILarvaSlope= 1.86607225541957
AILarvaLD50= 0.0206277444725856
AIKOW= 5.89864214649424
AIKOC= 8.20814941078424
AIHalfLife= 6.81369586475194
EAppRate= 0.0624544774182141
