ICQueenStrength= 4.33136273780838
RQWkrDrnRatio= 3.0035713519901
ICDroneMiteSurvivorship= 30.5131992558017
ICWorkerMiteSurvivorship= 3.05821225047112
ICForagerLifespan= 4.79109415505081
ImmType= Sine
AIAdultSlopeContact= 2.79755090828985
AIAdultLD50Contact= 0.137288806121796
AILarvaSlope= 3.15389071358368
AILarvaLD50= 1.33928755950183
AIKOW= 27.5532328523695
AIKOC= 18.4191434644163
AIHalfLife= 0.120005370583385
