ICQueenStrength= 5.74503980600275
RQWkrDrnRatio= 4.14174187555909
ICDroneMiteSurvivorship= 40.6566208926961
ICWorkerMiteSurvivorship= 63.5910004377365
ICForagerLifespan= 7.90941234305501
ImmType= Exponential
AIAdultSlope= 1.93943567718379
AIAdultLD50= 0.0386132849380374
AIAdultSlopeContact= 1.32447391925845
AIAdultLD50Contact= 0.0169496762915514
AILarvaSlope= 0.37378318477422
AILarvaLD50= 0.661162266181782
AIKOW= 7.73891118867323
AIKOC= 18.9618372253608
AIHalfLife= 6.13871208578348
EAppRate= 0.779611836187541
