ICQueenStrength= 4.67844334687106
RQWkrDrnRatio= 1.26729009486735
ICDroneMiteSurvivorship= 54.4667068868876
ICWorkerMiteSurvivorship= 8.15537003800273
ICForagerLifespan= 12.4840666884556
ImmType= Polynomial
AIAdultSlope= 0.229093664477114
AIAdultLD50= 0.477413858054206
AIAdultSlopeContact= 0.752023192830384
AIAdultLD50Contact= 0.0129978531389497
AILarvaSlope= 1.05169271412306
AILarvaLD50= 0.840504665393382
AIKOW= 6.16569387307391
AIKOC= 21.2615306326188
AIHalfLife= 2.02017239178531
EAppRate= 0.356464217719622
