ICQueenStrength= 1.83620839985088
RQWkrDrnRatio= 2.82777182944119
ICDroneMiteSurvivorship= 42.5380446249619
ICWorkerMiteSurvivorship= 15.9764437470585
ICForagerLifespan= 8.92888038512319
ImmType= Cosine
AIAdultSlope= 1.50191596539225
AIAdultLD50= 0.32795165036805
AIAdultSlopeContact= 1.70700881633442
AIAdultLD50Contact= 0.0117711031110957
AILarvaSlope= 2.19058108311146
AILarvaLD50= 0.257761884341016
AIKOW= 5.44687677407637
AIKOC= 23.4747689287178
AIHalfLife= 4.14787523914129
EAppRate= 0
