ICQueenStrength= 2.98513383511454
RQWkrDrnRatio= 2.10823562555015
ICDroneMiteSurvivorship= 80.3454836364836
ICWorkerMiteSurvivorship= 6.26562449615449
ICForagerLifespan= 11.7604555515572
ImmType= Sine
AIAdultSlope= 0.0802298873383552
AIAdultLD50= 0.0994345378130674
AIAdultSlopeContact= 0.667925827552099
AIAdultLD50Contact= 0.0115137310931459
AILarvaSlope= 0.845392178045586
AILarvaLD50= 0.215627195150591
AIKOW= 2.66087377769873
AIKOC= 25.4364911594894
AIHalfLife= 3.133838721551
EAppRate= 0
