ICQueenStrength= 3.16481951763853
RQWkrDrnRatio= 2.07842101529241
ICDroneMiteSurvivorship= 29.9896992975846
ICWorkerMiteSurvivorship= 54.6507870079949
ICForagerLifespan= 13.3319496903569
ImmType= Cosine
AIAdultSlopeContact= 0.698792895649094
AIAdultLD50Contact= 0.0466370061039925
AILarvaSlope= 1.32910798192024
AILarvaLD50= 0.54364971332252
AIKOW= 5.7633948805742
AIKOC= 24.4711114338133
AIHalfLife= 6.03727430198342
