ICQueenStrength= 2.15737748448737
RQWkrDrnRatio= 3.22469106782228
ICDroneMiteSurvivorship= 78.222678322345
ICWorkerMiteSurvivorship= 60.1193482289091
ICForagerLifespan= 9.56789195910096
ImmType= Cosine
AIAdultSlope= 2.70678041302599
AIAdultLD50= 0.250162241281942
AIAdultSlopeContact= 2.33925707001239
AIAdultLD50Contact= 0.0200638954993337
AILarvaSlope= 1.89154120497406
AILarvaLD50= 0.235436033341102
AIKOW= 3.99041770584881
AIKOC= 23.333412357606
AIHalfLife= 0.29205329134129
EAppRate= 0.169671202334575
