ICQueenStrength= 1.89300558669493
RQWkrDrnRatio= 3.64729056227952
ICDroneMiteSurvivorship= 69.3533729063347
ICWorkerMiteSurvivorship= 55.3036469034851
ICForagerLifespan= 12.0632131630555
ImmType= Polynomial
AIAdultSlope= 3.73826391804032
AIAdultLD50= 0.157020830316469
AIAdultSlopeContact= 1.23973220567219
AIAdultLD50Contact= 0.0232462491956539
AILarvaSlope= 1.28649468244985
AILarvaLD50= 0.845593881234527
AIKOW= 5.14298972068354
AIKOC= 22.7613394858781
AIHalfLife= 4.69340943614952
EAppRate= 0.209299284103326
