ICQueenStrength= 4.99507401045412
RQWkrDrnRatio= 2.27657925058156
ICDroneMiteSurvivorship= 74.5789316250011
ICWorkerMiteSurvivorship= 55.8475021738559
ICForagerLifespan= 4.73353855405003
ImmType= Logarithmic
AIAdultSlope= 2.42553855888546
AIAdultLD50= 0.135865161661059
AIAdultSlopeContact= 2.86108995439718
AIAdultLD50Contact= 0.0173193612834439
AILarvaSlope= 2.39129899833351
AILarvaLD50= 0.683412926481105
AIKOW= 2.42027381621301
AIKOC= 21.3255103339907
AIHalfLife= 13.98578565754
EAppRate= 0.853799932170659
