ICQueenStrength= 3.89541492937133
RQWkrDrnRatio= 1.79824516177177
ICDroneMiteSurvivorship= 94.6207634173334
ICWorkerMiteSurvivorship= 96.3567384285852
ICForagerLifespan= 15.5352162411436
ImmType= Exponential
AIAdultSlope= 0.0942812208086252
