ICQueenStrength= 5.49251018697396
RQWkrDrnRatio= 2.09989341534674
ICDroneMiteSurvivorship= 34.4231844646856
ICWorkerMiteSurvivorship= 78.3573346678168
ICForagerLifespan= 6.11513047292829
ImmType= Sine
AIAdultSlopeContact= 2.37547344046645
AIAdultLD50Contact= 0.0456134132575244
AILarvaSlope= 2.27709034597501
AILarvaLD50= 0.182061133836396
AIKOW= 3.78747523529455
AIKOC= 15.2912729547825
AIHalfLife= 4.24066039128229
