ICQueenStrength= 4.17598576541059
RQWkrDrnRatio= 2.91109479870647
ICDroneMiteSurvivorship= 81.3815371599048
ICWorkerMiteSurvivorship= 56.7583913914859
ICForagerLifespan= 14.7053040033206
ImmType= Exponential
AIAdultSlope= 0.281188472453505
AIAdultLD50= 2.12968426616862
AIAdultSlopeContact= 0.451410405482166
AIAdultLD50Contact= 0.00410613799467683
AILarvaSlope= 3.24171577184461
AILarvaLD50= 0.362396805547178
AIKOW= 6.68699407670647
AIKOC= 25.5372601107229
AIHalfLife= 12.4570112479851
EAppRate= 0.772593734553084
