ICQueenStrength= 1.9808880451601
RQWkrDrnRatio= 3.32664815802127
ICDroneMiteSurvivorship= 55.0629374338314
ICWorkerMiteSurvivorship= 7.31968600302935
ICForagerLifespan= 9.76382981427014
ImmType= Logarithmic
AIAdultSlope= 2.01314606149681
AIAdultSlopeContact= 0.440260804442223
AIAdultLD50Contact= 0.00755692627280951
AILarvaSlope= 0.948772608442232
AILarvaLD50= 0.284854076919146
AIKOW= 4.8682695152238
AIKOC= 23.3084637334105
AIHalfLife= 11.6442828779109
