ICQueenStrength= 5.15794504689984
RQWkrDrnRatio= 1.86662347987294
ICDroneMiteSurvivorship= 31.6542873159051
ICWorkerMiteSurvivorship= 11.7407354526222
ICForagerLifespan= 13.3748450325802
ImmType= Cosine
AIAdultLD50= 0.154012839635834
AIAdultSlopeContact= 1.71057327478426
AIAdultLD50Contact= 0.0238285767147318
AILarvaSlope= 0.0409121093805879
AILarvaLD50= 0.0165291528683156
AIKOW= 5.89853827515617
AIKOC= 6.24369850964285
AIHalfLife= 1.29557631257921
EAppRate= 0.44441849226132
