ICQueenStrength= 5.06802960322239
RQWkrDrnRatio= 2.17069532349706
ICDroneMiteSurvivorship= 92.7484075305983
ICWorkerMiteSurvivorship= 59.9509096704423
ICForagerLifespan= 9.79851718619466
ImmType= Sine
AIAdultSlope= 0.224516776332166
AIAdultLD50= 0.00243971426971257
AIAdultSlopeContact= 1.12138115250506
AIAdultLD50Contact= 0.0445081595913507
AILarvaSlope= 0.37260853163898
AILarvaLD50= 0.227168761286885
AIKOW= 3.50295264832675
AIKOC= 11.2461699009873
AIHalfLife= 2.33904903987423
EAppRate= 0.41936398956459
