ICQueenStrength= 4.20448648766614
RQWkrDrnRatio= 3.76457101851702
ICDroneMiteSurvivorship= 26.0607473552227
ICWorkerMiteSurvivorship= 59.1357043245807
ICForagerLifespan= 12.221665199846
ImmType= Exponential
AIAdultSlope= 0.151802648941521
AIAdultLD50= 0.421191387693398
AIAdultSlopeContact= 0.283083259910345
AIAdultLD50Contact= 0.0223581325728446
AILarvaSlope= 2.94666258040816
AILarvaLD50= 0.672280801646411
AIKOW= 7.19787254743278
AIKOC= 22.7788562548812
AIHalfLife= 0.16858353628777
EAppRate= 0.276156555395573
