ICQueenStrength= 3.38740017870441
RQWkrDrnRatio= 3.62771178688854
ICDroneMiteSurvivorship= 73.0133492266759
ICWorkerMiteSurvivorship= 16.3481786381453
ICForagerLifespan= 15.5373796410859
ImmType= Tangent
AIAdultSlope= 9.79437653673813
AIAdultLD50= 0.462855000980198
AIAdultSlopeContact= 7.66868250910193
AIAdultLD50Contact= 0.0511091091204435
AILarvaSlope= 3.24554520426318
AILarvaLD50= 1.02661131881177
AIKOW= 69.8860353790224
AIKOC= 91.1997961578891
AIHalfLife= 11.1247869753279
EAppRate= 0.702499449253082
