ICQueenStrength= 3.34777751727961
RQWkrDrnRatio= 3.29875694401562
ICDroneMiteSurvivorship= 91.5852396981791
ICWorkerMiteSurvivorship= 2.42233613971621
ICForagerLifespan= 14.499140757136
ImmType= Logarithmic
AIAdultSlope= 3.59486499528866
AIAdultLD50= 0.38963560515549
AIAdultSlopeContact= 3.48581898475997
AIAdultLD50Contact= 0.0450291430810466
AILarvaSlope= 1.24691676222719
AILarvaLD50= 0.392290093749762
AIKOW= 5.33231589989737
AIKOC= 27.0522549876478
AIHalfLife= 4.93458842625841
EAppRate= 0
