ICQueenStrength= 3.68902796320617
RQWkrDrnRatio= 4.96461868006736
ICDroneMiteSurvivorship= 58.1674932269379
ICWorkerMiteSurvivorship= 21.5680826921016
ICForagerLifespan= 13.5580484298989
ImmType= Logarithmic
AIAdultSlope= 0.863319495739415
AIAdultLD50= 1.11813225480728
AIAdultSlopeContact= 3.46448454143247
AIAdultLD50Contact= 0.0292377815581858
AILarvaSlope= 0.67628189381212
AILarvaLD50= 0.759458029456437
AIKOW= 7.34152630204335
AIKOC= 9.61089364252985
AIHalfLife= 12.2300135423429
EAppRate= 0.939635705668479
