ICQueenStrength= 4.03805270465091
RQWkrDrnRatio= 4.74331607203931
ICDroneMiteSurvivorship= 31.2620785320178
ICWorkerMiteSurvivorship= 63.7027222663164
ICForagerLifespan= 5.44281795527786
ImmType= Tangent
AIAdultSlopeContact= 3.80537330576917
AIAdultLD50Contact= 0.0317481469013728
AILarvaSlope= 1.42095051035285
AILarvaLD50= 0.0635429353220388
AIKOW= 4.49525266932324
AIKOC= 13.0390820279717
AIHalfLife= 7.87565841898322
