ICQueenStrength= 1.15376883209683
RQWkrDrnRatio= 4.3366591045633
ICDroneMiteSurvivorship= 48.0537038529292
ICWorkerMiteSurvivorship= 46.7337863985449
ICForagerLifespan= 15.0107799945399
ImmType= Cosine
AIAdultSlopeContact= 1.69697504275013
AIAdultLD50Contact= 0.00674911173991859
AILarvaSlope= 2.64584782621823
AILarvaLD50= 0.30771689505782
AIKOW= 2.62454158160836
AIKOC= 19.4198472378775
AIHalfLife= 5.74851251672953
