ICQueenStrength= 4.2855601911433
RQWkrDrnRatio= 1.80556950159371
ICDroneMiteSurvivorship= 93.9953203080222
ICWorkerMiteSurvivorship= 86.9899601442739
ICForagerLifespan= 10.0152120143175
ImmType= Exponential
AIAdultSlopeContact= 9.77472968399525
AIAdultLD50Contact= 0.120975240087137
AILarvaSlope= 5.05180345615372
AILarvaLD50= 1.31570949638262
AIKOW= 44.2967272596434
AIKOC= 51.8886780599132
AIHalfLife= 13.9639026043005
