ICQueenStrength= 1.38107136148028
RQWkrDrnRatio= 3.69135395251215
ICDroneMiteSurvivorship= 15.9378655487671
ICWorkerMiteSurvivorship= 32.3399882763624
ICForagerLifespan= 4.42691846098751
ImmType= Logarithmic
AIAdultSlope= 2.27224051974714
AIAdultLD50= 0.446277002920397
AIAdultSlopeContact= 1.63007320269244
AIAdultLD50Contact= 0.0312847307301126
AILarvaSlope= 0.130129294563085
AILarvaLD50= 0.415038900612853
AIKOW= 7.01316743437201
AIKOC= 17.7263141097501
AIHalfLife= 0.160007695667446
EAppRate= 0
