ICQueenStrength= 5.55555959721096
RQWkrDrnRatio= 3.04832855984569
ICDroneMiteSurvivorship= 3.39572695083916
ICWorkerMiteSurvivorship= 67.9343167459592
ICForagerLifespan= 10.9531447663903
ImmType= Logarithmic
AIAdultSlope= 0.753695860225707
AIAdultLD50= 2.16519604017958
AIAdultSlopeContact= 2.94767227164935
AIAdultLD50Contact= 0.0276590371970087
AILarvaSlope= 2.50390227879398
AILarvaLD50= 0.876691595697776
AIKOW= 3.56662184884772
AIKOC= 18.2524385524448
AIHalfLife= 8.84423353103921
EAppRate= 0.670087340287864
