ICQueenStrength= 4.41775677516125
RQWkrDrnRatio= 2.81080121546984
ICDroneMiteSurvivorship= 87.8495655488223
ICWorkerMiteSurvivorship= 29.8353134188801
ICForagerLifespan= 4.79943322390318
ImmType= Sine
AIAdultLD50= 0.154012839635834
AIAdultSlopeContact= 0.774881695357617
AIAdultLD50Contact= 0.0172783567104489
AILarvaSlope= 0.835503348009661
AILarvaLD50= 0.494249667366967
AIKOW= 5.84433844871819
AIKOC= 7.61825027992018
AIHalfLife= 9.35819527460262
EAppRate= 1.07085392484441
