ICQueenStrength= 3.08189450087957
RQWkrDrnRatio= 2.04541817866266
ICDroneMiteSurvivorship= 65.0385930668563
ICWorkerMiteSurvivorship= 22.2333440091461
ICForagerLifespan= 15.4686274072155
ImmType= Cosine
AIAdultSlope= 1.54921859798022
AIAdultLD50= 0.443736589280888
AIAdultSlopeContact= 3.52200774343684
AIAdultLD50Contact= 0.0320768598932773
AILarvaSlope= 2.91225774060003
AILarvaLD50= 0.436062872945331
AIKOW= 7.41423336230218
AIKOC= 23.0194120679516
AIHalfLife= 0.829079899704084
EAppRate= 0.191938063199632
