ICQueenStrength= 1.62868342967704
RQWkrDrnRatio= 3.86782105918974
ICDroneMiteSurvivorship= 41.1345875822008
ICWorkerMiteSurvivorship= 22.429524618201
ICForagerLifespan= 10.4290849203244
ImmType= Exponential
AIAdultSlope= 2.15213096137159
AIAdultLD50= 1.31602764548734
AIAdultSlopeContact= 1.96069198629353
AIAdultLD50Contact= 0.0339507164200768
AILarvaSlope= 2.94187901946716
AILarvaLD50= 0.508655246417038
AIKOW= 2.22538017155603
AIKOC= 11.8141235678922
AIHalfLife= 11.6037806803361
EAppRate= 0.410703796660528
