ICQueenStrength= 5.81590687180869
RQWkrDrnRatio= 4.27257276605815
ICDroneMiteSurvivorship= 70.5030798213556
ICWorkerMiteSurvivorship= 36.0784982796758
ICForagerLifespan= 6.68477435223758
ImmType= Exponential
AIAdultSlope= 2.46858106136788
AIAdultLD50= 0.427437632577494
AIAdultSlopeContact= 1.5019381556497
AIAdultLD50Contact= 0.0349595766980201
AILarvaSlope= 1.42208390482701
AILarvaLD50= 0.45498859109357
AIKOW= 7.88390380283818
AIKOC= 27.9772081074771
AIHalfLife= 1.19596399483271
EAppRate= 0.423411200847477
