ICQueenStrength= 5.79593427851796
RQWkrDrnRatio= 1.50773533992469
ICDroneMiteSurvivorship= 57.575756823644
ICWorkerMiteSurvivorship= 23.4148653224111
ICForagerLifespan= 11.7477848632261
ImmType= Cosine
AIAdultSlope= 2.41357092363294
AIAdultLD50= 0.247714193421416
AIAdultSlopeContact= 1.29825140719302
AIAdultLD50Contact= 0.0107671172125265
AILarvaSlope= 2.52000309783034
AILarvaLD50= 0.180163152236491
AIKOW= 7.01551307924092
AIKOC= 23.6221071227919
AIHalfLife= 0.872864285483956
EAppRate= 0.224494107975624
