ICQueenStrength= 4.05398910888471
RQWkrDrnRatio= 1.85138449072838
ICDroneMiteSurvivorship= 41.2001867312938
ICWorkerMiteSurvivorship= 72.9911507572979
ICForagerLifespan= 14.5222030328587
ImmType= Exponential
AIAdultSlopeContact= 3.23572683183476
AIAdultLD50Contact= 0.0188174184062518
AILarvaSlope= 0.672224013973027
AILarvaLD50= 0.361622117366642
AIKOW= 4.4027279750444
AIKOC= 26.5116914769169
AIHalfLife= 4.87471789494157
