ICQueenStrength= 3.95806550653651
RQWkrDrnRatio= 4.28929463028908
ICDroneMiteSurvivorship= 93.0648339446634
ICWorkerMiteSurvivorship= 55.0272234715521
ICForagerLifespan= 8.67693898361176
ImmType= Exponential
AIAdultSlopeContact= 3.09040333728539
AIAdultLD50Contact= 0.00655089740175754
AILarvaSlope= 0.138015263155103
AILarvaLD50= 0.373396027344279
AIKOW= 7.00980405742303
AIKOC= 7.63860316481441
AIHalfLife= 1.99016304081306
