ICQueenStrength= 2.6829161089845
RQWkrDrnRatio= 3.07588144112378
ICDroneMiteSurvivorship= 37.8549390472472
ICWorkerMiteSurvivorship= 44.5082434918731
ICForagerLifespan= 14.6246361760423
ImmType= Polynomial
AIAdultLD50= 0.154012839635834
AIAdultSlopeContact= 2.19984810579568
AIAdultLD50Contact= 0.0287701190449297
AILarvaSlope= 2.9664929412771
AILarvaLD50= 0.835719122970477
AIKOW= 4.40313082328066
AIKOC= 20.6256411049981
AIHalfLife= 7.96626991219819
EAppRate= 0.850086855702102
