ICQueenStrength= 1.85380117059685
RQWkrDrnRatio= 1.58510505966842
ICDroneMiteSurvivorship= 27.1031283773482
ICWorkerMiteSurvivorship= 53.2820426858962
ICForagerLifespan= 7.47746755089611
ImmType= Logarithmic
AIAdultSlope= 8.87602634960786
