ICQueenStrength= 4.37867934838869
RQWkrDrnRatio= 2.18049045000225
ICDroneMiteSurvivorship= 66.4916009875014
ICWorkerMiteSurvivorship= 1.28812433686107
ICForagerLifespan= 13.2977861789986
ImmType= Polynomial
AIAdultSlope= 1.83873779606074
