ICQueenStrength= 1.16518506454304
RQWkrDrnRatio= 3.18195698782802
ICDroneMiteSurvivorship= 95.1029292773455
ICWorkerMiteSurvivorship= 94.1704897675663
ICForagerLifespan= 5.06087986566126
ImmType= Exponential
AIAdultSlope= 8.96660214988515
