ICQueenStrength= 5.13384494604543
RQWkrDrnRatio= 1.62272076774389
ICDroneMiteSurvivorship= 32.7726009534672
ICWorkerMiteSurvivorship= 84.8190572811291
ICForagerLifespan= 5.28830867353827
ImmType= Sine
AIAdultSlope= 1.24477940700017
AIAdultSlopeContact= 3.80729566503782
AIAdultLD50Contact= 0.031359753140714
AILarvaSlope= 1.04770733676851
AILarvaLD50= 0.678908908297308
AIKOW= 5.59171176375821
AIKOC= 20.8486287051346
AIHalfLife= 6.61252961400896
