ICQueenStrength= 5.09197600907646
RQWkrDrnRatio= 2.25337427854538
ICDroneMiteSurvivorship= 27.4134814972058
ICWorkerMiteSurvivorship= 75.582981784828
ICForagerLifespan= 8.33721978310496
ImmType= Tangent
AIAdultSlopeContact= 2.68503469092306
AIAdultLD50Contact= 0.0309354278258979
AILarvaSlope= 0.730939922342077
AILarvaLD50= 0.222035214398056
AIKOW= 6.50848544901237
AIKOC= 14.1120084223803
AIHalfLife= 3.09327172907069
