ICQueenStrength= 2.01312172133476
RQWkrDrnRatio= 1.06575136817992
ICDroneMiteSurvivorship= 71.2244432652369
ICWorkerMiteSurvivorship= 67.5541230943054
ICForagerLifespan= 9.18857702799141
ImmType= Logarithmic
AIAdultSlope= 8.7282804469578
