ICQueenStrength= 3.77548373327591
RQWkrDrnRatio= 2.83009028900415
ICDroneMiteSurvivorship= 84.219095017761
ICWorkerMiteSurvivorship= 43.011112860404
ICForagerLifespan= 7.53195441141725
ImmType= Sine
AIAdultSlope= 1.38517092964612
AIAdultSlopeContact= 3.19484367300058
AIAdultLD50Contact= 0.00736001917393878
AILarvaSlope= 1.97010348560289
AILarvaLD50= 0.679216336389072
AIKOW= 3.10616750223562
AIKOC= 11.128818722209
AIHalfLife= 4.03221036912873
