ICQueenStrength= 1.86435552802868
RQWkrDrnRatio= 2.9466134076938
ICDroneMiteSurvivorship= 51.1460915673524
ICWorkerMiteSurvivorship= 78.9279287680984
ICForagerLifespan= 4.06923219002783
ImmType= Polynomial
AIAdultSlope= 1.46490873894654
AIAdultLD50= 0.630524188047275
AIAdultSlopeContact= 3.89786434752401
AIAdultLD50Contact= 2.89222458377481e-05
AILarvaSlope= 1.86772229787894
AILarvaLD50= 0.146470882720314
AIKOW= 5.10229654889554
AIKOC= 19.3906057230197
AIHalfLife= 3.77610906260088
EAppRate= 0.586183913284913
