ICQueenStrength= 4.01444518612698
RQWkrDrnRatio= 1.97782327327877
ICDroneMiteSurvivorship= 64.2857256345451
ICWorkerMiteSurvivorship= 10.2720379596576
ICForagerLifespan= 14.2938301656395
ImmType= Sine
AIAdultSlope= 3.18763039475307
AIAdultLD50= 0.210578852333128
AIAdultSlopeContact= 3.59470402693609
AIAdultLD50Contact= 0.0229061562218703
AILarvaSlope= 1.9283137191087
AILarvaLD50= 0.351889923331328
AIKOW= 7.06748821167275
AIKOC= 16.9869001558982
AIHalfLife= 10.824082007166
EAppRate= 0.674565011169761
