ICQueenStrength= 4.7253241345752
RQWkrDrnRatio= 1.76913332380354
ICDroneMiteSurvivorship= 29.4230724452063
ICWorkerMiteSurvivorship= 91.6805941611528
ICForagerLifespan= 14.501046301797
ImmType= Cosine
AIAdultSlopeContact= 0.928804626096971
AIAdultLD50Contact= 0.0085985773941502
AILarvaSlope= 0.000856958515942097
AILarvaLD50= 0.767506564012729
AIKOW= 3.02813183143735
AIKOC= 12.8460548247676
AIHalfLife= 6.33819094719365
