ICQueenStrength= 3.88553271675482
RQWkrDrnRatio= 1.27687257621437
ICDroneMiteSurvivorship= 57.9710529418662
ICWorkerMiteSurvivorship= 46.0029742214829
ICForagerLifespan= 13.2874499065802
ImmType= Exponential
AIAdultSlope= 2.77563279028982
AIAdultLD50= 0.224372869590297
AIAdultSlopeContact= 1.95607856614515
AIAdultLD50Contact= 0.00308015961199999
AILarvaSlope= 8.41354123782367
AILarvaLD50= 0.977224031463265
AIKOW= 25.6239362526685
AIKOC= 74.9401813140139
AIHalfLife= 10.7128885611892
EAppRate= 1.13774682814255
