ICQueenStrength= 3.78987314086407
RQWkrDrnRatio= 2.36450565140694
ICDroneMiteSurvivorship= 41.5529172634706
ICWorkerMiteSurvivorship= 75.8565434953198
ICForagerLifespan= 11.5993348453194
ImmType= Exponential
AIAdultSlopeContact= 1.88280019865837
AIAdultLD50Contact= 0.0113195618381724
AILarvaSlope= 2.80922078564763
AILarvaLD50= 0.45742546976544
AIKOW= 2.12866906449199
AIKOC= 8.2323605264537
AIHalfLife= 11.4056563414633
