ICQueenStrength= 5.13935490418226
RQWkrDrnRatio= 4.03917716536671
ICDroneMiteSurvivorship= 37.5328243244439
ICWorkerMiteSurvivorship= 59.7740304656327
ICForagerLifespan= 10.2882225196809
ImmType= Polynomial
AIAdultSlope= 0.440090859699994
AIAdultLD50= 0.113333650049753
AIAdultSlopeContact= 3.80717406744137
AIAdultLD50Contact= 0.0454884555540048
AILarvaSlope= 0.379821776412427
AILarvaLD50= 0.295128015358932
AIKOW= 7.92270218394697
AIKOC= 9.66852152603678
AIHalfLife= 0.816212474601343
EAppRate= 0.278343036631122
