ICQueenStrength= 2.98540475405753
RQWkrDrnRatio= 3.6285408930853
