ICQueenStrength= 4.36301171220839
RQWkrDrnRatio= 3.46144449524581
ICDroneMiteSurvivorship= 54.5590562513098
ICWorkerMiteSurvivorship= 10.5225581908599
ICForagerLifespan= 4.09017460141331
ImmType= Polynomial
AIAdultSlope= 3.69833893710282
AIAdultLD50= 0.217304773977958
AIAdultSlopeContact= 2.57077203644905
AIAdultLD50Contact= 0.0257208395982161
AILarvaSlope= 2.8928447754588
AILarvaLD50= 0.0847146963234991
AIKOW= 7.01603485969827
AIKOC= 5.14710314571857
AIHalfLife= 4.46822563651949
EAppRate= 0.662506096437573
