ICQueenStrength= 4.50156034692191
RQWkrDrnRatio= 1.97282324451953
ICDroneMiteSurvivorship= 1.62325585260987
ICWorkerMiteSurvivorship= 44.4876674097031
ICForagerLifespan= 11.8257019622251
ImmType= Exponential
AIAdultSlopeContact= 2.60167987071443
AIAdultLD50Contact= 0.0384764587040991
AILarvaSlope= 2.72499008555897
AILarvaLD50= 0.836484196269885
AIKOW= 2.42055454850197
AIKOC= 8.19494390278123
AIHalfLife= 11.6366444262676
