ICQueenStrength= 2.23125629033893
RQWkrDrnRatio= 2.8933611381799
ICDroneMiteSurvivorship= 19.1983920987695
ICWorkerMiteSurvivorship= 49.7137753060088
ICForagerLifespan= 4.59887909982353
ImmType= Sine
AIAdultSlope= 1.60032036835328
AIAdultLD50= 2.69431200320832
AIAdultSlopeContact= 1.93958027912769
AIAdultLD50Contact= 0.0199364255648106
AILarvaSlope= 2.15814977507107
AILarvaLD50= 0.313183029787615
AIKOW= 5.44193722074851
AIKOC= 6.09771452262066
AIHalfLife= 12.7353194616735
EAppRate= 0.915754018817097
