ICQueenStrength= 1.11739996960387
RQWkrDrnRatio= 1.22408867813647
ICDroneMiteSurvivorship= 91.6367283090949
ICWorkerMiteSurvivorship= 32.2181154042482
ICForagerLifespan= 15.9627807345241
ImmType= Exponential
AIAdultSlopeContact= 1.40714710665867
AIAdultLD50Contact= 0.0457333029946312
AILarvaSlope= 0.515629247995093
AILarvaLD50= 0.446683893003501
AIKOW= 4.2076202579774
AIKOC= 16.4562409115024
AIHalfLife= 1.48294279677793
