ICQueenStrength= 4.04147522780113
RQWkrDrnRatio= 1.20597070921212
ICDroneMiteSurvivorship= 26.9131938228384
ICWorkerMiteSurvivorship= 54.7010513721034
ICForagerLifespan= 14.8590144086629
ImmType= Polynomial
AIAdultSlope= 8.51825464982539
