ICQueenStrength= 4.54162206989713
RQWkrDrnRatio= 4.95163507573307
ICDroneMiteSurvivorship= 10.0636264309287
ICWorkerMiteSurvivorship= 11.5023338468745
ICForagerLifespan= 10.37817639485
ImmType= Cosine
AIAdultSlope= 2.16310512688709
AIAdultLD50= 0.298611189005896
AIAdultSlopeContact= 1.85975867111469
AIAdultLD50Contact= 0.0318864776752889
AILarvaSlope= 0.527656080806628
AILarvaLD50= 0.744564863364212
AIKOW= 3.28201938513666
AIKOC= 29.8384025529958
AIHalfLife= 0.71778524084948
EAppRate= 0.383899592305534
