ICQueenStrength= 2.89290755079128
RQWkrDrnRatio= 2.23807729594409
ICDroneMiteSurvivorship= 39.286660333164
ICWorkerMiteSurvivorship= 21.1906327400357
ICForagerLifespan= 8.94900221377611
ImmType= Logarithmic
AIAdultSlope= 1.4647337381565
AIAdultLD50= 0.370752642978914
AIAdultSlopeContact= 2.7806352839875
AIAdultLD50Contact= 0.0159338047145866
AILarvaSlope= 0.68261894993484
AILarvaLD50= 0.74898246077355
AIKOW= 6.57285219850019
AIKOC= 17.4033351370599
AIHalfLife= 0.47679448267445
EAppRate= 0
