ICQueenStrength= 2.03209101245739
RQWkrDrnRatio= 1.76471781544387
ICDroneMiteSurvivorship= 79.3072493281215
ICWorkerMiteSurvivorship= 69.9435090878978
ICForagerLifespan= 7.76094864588231
ImmType= Polynomial
AIAdultSlope= 3.30263766292483
AIAdultLD50= 1.55135178635828
AIAdultSlopeContact= 0.615227755245287
AIAdultLD50Contact= 0.00770422568311915
AILarvaSlope= 1.88529980080202
AILarvaLD50= 0.0872400285908952
AIKOW= 5.30233526416123
AIKOC= 6.61851479788311
AIHalfLife= 10.1701370636001
EAppRate= 0.52689215913415
