ICQueenStrength= 4.97609269828536
RQWkrDrnRatio= 4.65685687493533
ICDroneMiteSurvivorship= 99.7471528127789
ICWorkerMiteSurvivorship= 35.3036785265431
ICForagerLifespan= 4.92120156530291
ImmType= Exponential
AIAdultSlope= 6.23169364640489
