ICQueenStrength= 4.96659432165325
RQWkrDrnRatio= 3.75441618822515
