ICQueenStrength= 5.95898888679221
RQWkrDrnRatio= 4.85456490144134
ICDroneMiteSurvivorship= 48.6608977196738
ICWorkerMiteSurvivorship= 95.3690561465919
ICForagerLifespan= 11.1839884677902
ImmType= Polynomial
AIAdultSlope= 3.79757609916851
