ICQueenStrength= 5.14876626455225
RQWkrDrnRatio= 1.19761484116316
ICDroneMiteSurvivorship= 11.3473546691239
ICWorkerMiteSurvivorship= 84.2802938306704
ICForagerLifespan= 12.5756373517215
ImmType= Exponential
AIAdultSlope= 2.47984852292575
AIAdultLD50= 0.599818439455703
AIAdultSlopeContact= 3.79948218633654
AIAdultLD50Contact= 0.0474246595753357
AILarvaSlope= 0.363471461972222
AILarvaLD50= 0.525584234087728
AIKOW= 3.77893504407257
AIKOC= 29.2887288855854
AIHalfLife= 3.70200033765286
EAppRate= 0.455555277876556
