ICQueenStrength= 3.85681366687641
RQWkrDrnRatio= 1.34947635326535
ICDroneMiteSurvivorship= 62.1102702338248
ICWorkerMiteSurvivorship= 21.1453735362738
ICForagerLifespan= 9.1988229714334
ImmType= Cosine
AIAdultSlope= 3.22033838103991
AIAdultLD50= 0.267348695779219
AIAdultSlopeContact= 2.55581061932025
AIAdultLD50Contact= 0.0278765524853952
AILarvaSlope= 1.04405423812568
AILarvaLD50= 0.41720557208173
AIKOW= 2.46902244957164
AIKOC= 15.2029691042844
AIHalfLife= 3.62336197053082
EAppRate= 0
