ICQueenStrength= 4.60612573917024
RQWkrDrnRatio= 2.93986510764807
ICDroneMiteSurvivorship= 28.2324376050383
ICWorkerMiteSurvivorship= 95.1234305510297
ICForagerLifespan= 6.11274522636086
ImmType= Tangent
AIAdultSlope= 1.2517467683251
AIAdultLD50= 0.392354508745484
AIAdultSlopeContact= 3.12701593436301
AIAdultLD50Contact= 0.0323819597950205
AILarvaSlope= 2.51379071301781
AILarvaLD50= 0.260977830109186
AIKOW= 4.56048633949831
AIKOC= 26.682989760302
AIHalfLife= 3.43401095364243
EAppRate= 0
