ICQueenStrength= 2.92278597736731
RQWkrDrnRatio= 1.82889622170478
ICDroneMiteSurvivorship= 64.0399960801005
ICWorkerMiteSurvivorship= 74.1314471233636
ICForagerLifespan= 14.6350482096896
ImmType= Logarithmic
AIAdultSlope= 0.501008535036817
AIAdultLD50= 0.0257145606447011
AIAdultSlopeContact= 0.418528060130775
AIAdultLD50Contact= 0.0290080987266265
AILarvaSlope= 1.70602374235168
AILarvaLD50= 0.229683732474223
AIKOW= 2.15642755711451
AIKOC= 21.6144674527459
AIHalfLife= 7.14410091657192
EAppRate= 0.533519191900268
