ICQueenStrength= 3.28050246136263
RQWkrDrnRatio= 4.86331790033728
ICDroneMiteSurvivorship= 59.2664679279551
ICWorkerMiteSurvivorship= 35.4833908611909
ICForagerLifespan= 13.4115217626095
ImmType= Logarithmic
AIAdultSlope= 0.600771892815828
AIAdultLD50= 0.531946784583852
AIAdultSlopeContact= 3.62606284105685
AIAdultLD50Contact= 0.0401541293831542
AILarvaSlope= 1.21821782132611
AILarvaLD50= 0.415743256662972
AIKOW= 3.25439897738397
AIKOC= 18.2050349842757
AIHalfLife= 0.0625477596186101
EAppRate= 0.664009336382151
