ICQueenStrength= 3.86148963379674
RQWkrDrnRatio= 1.13598612137139
ICDroneMiteSurvivorship= 46.0163747193292
ICWorkerMiteSurvivorship= 76.4246714534238
ICForagerLifespan= 8.68794589489698
ImmType= Logarithmic
AIAdultSlope= 0.122398142167367
AIAdultLD50= 0.340685176895931
AIAdultSlopeContact= 3.89636020657606
AIAdultLD50Contact= 0.0409525085589849
AILarvaSlope= 2.35142559171654
AILarvaLD50= 0.0981019284110516
AIKOW= 5.35494050197303
AIKOC= 10.9002601541579
AIHalfLife= 0.349620910128579
EAppRate= 0.691847812733613
