ICQueenStrength= 3.82900104182772
RQWkrDrnRatio= 3.73443238809705
ICDroneMiteSurvivorship= 88.7382197892293
ICWorkerMiteSurvivorship= 73.8556222757325
ICForagerLifespan= 12.9023270402104
ImmType= Cosine
AIAdultSlope= 2.6683566831518
AIAdultLD50= 2.14766031992622
AIAdultSlopeContact= 0.598199023422785
AIAdultLD50Contact= 0.0346750407130457
AILarvaSlope= 1.33575154542923
AILarvaLD50= 0.5012870648643
AIKOW= 5.07463164720684
AIKOC= 16.2507634039503
AIHalfLife= 5.25042493175715
EAppRate= 0.540427729021758
