ICQueenStrength= 1.63831917825155
RQWkrDrnRatio= 4.96284829359502
ICDroneMiteSurvivorship= 20.4406579723582
ICWorkerMiteSurvivorship= 29.7100107884035
ICForagerLifespan= 5.05587074253708
ImmType= Sine
AIAdultSlope= 0.214055346865207
AIAdultLD50= 0.312391307437792
AIAdultSlopeContact= 1.35101532923291
AIAdultLD50Contact= 0.0124843946658075
AILarvaSlope= 0.69956964799203
AILarvaLD50= 0.142397182644345
AIKOW= 5.07949092704803
AIKOC= 8.33696847665124
AIHalfLife= 0.456859351834282
EAppRate= 0.123198919091374
