ICQueenStrength= 1.58194824843667
RQWkrDrnRatio= 1.79656806308776
ICDroneMiteSurvivorship= 49.2331328103319
ICWorkerMiteSurvivorship= 24.0333084017038
ICForagerLifespan= 8.54273846652359
ImmType= Logarithmic
AIAdultSlope= 2.92286971828435
AIAdultLD50= 0.283323816838674
AIAdultSlopeContact= 1.68592071130872
AIAdultLD50Contact= 0.00198307791724801
AILarvaSlope= 1.14442763258703
AILarvaLD50= 0.400869213673286
AIKOW= 4.49581748386845
AIKOC= 11.6342314879876
AIHalfLife= 0.722247462254018
EAppRate= 0
