ICQueenStrength= 3.46911231777631
RQWkrDrnRatio= 4.88065711781383
ICDroneMiteSurvivorship= 65.4934938298538
ICWorkerMiteSurvivorship= 38.5206579929218
ICForagerLifespan= 5.16207804437727
ImmType= Exponential
AIAdultSlope= 2.50810065073892
AIAdultLD50= 0.077137533808127
AIAdultSlopeContact= 2.2913133748807
AIAdultLD50Contact= 0.103173610148951
AILarvaSlope= 6.78359603742138
AILarvaLD50= 1.5154216689989
AIKOW= 82.5420889770612
AIKOC= 26.9244022434577
AIHalfLife= 0.593018927611411
EAppRate= 1.141070691403
