ICQueenStrength= 5.06063706148416
RQWkrDrnRatio= 3.11022626329213
ICDroneMiteSurvivorship= 25.8619375061244
ICWorkerMiteSurvivorship= 48.5218532616273
ICForagerLifespan= 4.91399203892797
ImmType= Cosine
AIAdultSlopeContact= 2.72518861005781
AIAdultLD50Contact= 0.0371257516439073
AILarvaSlope= 3.13766489038244
AILarvaLD50= 0.636591196269728
AIKOW= 7.01072922674939
AIKOC= 21.5589576412458
AIHalfLife= 9.82922639045864
