ICQueenStrength= 3.89994842140004
RQWkrDrnRatio= 4.78200112935156
ICDroneMiteSurvivorship= 87.0755371404812
ICWorkerMiteSurvivorship= 35.9932015417144
ICForagerLifespan= 6.13206021580845
ImmType= Polynomial
AIAdultSlopeContact= 2.33191111480817
AIAdultLD50Contact= 0.00299763849470764
AILarvaSlope= 3.36821752930991
AILarvaLD50= 0.821387652098201
AIKOW= 2.51611279603094
AIKOC= 23.5706544551067
AIHalfLife= 2.49293171381578
