ICQueenStrength= 2.77469261689112
RQWkrDrnRatio= 1.02446790225804
ICDroneMiteSurvivorship= 96.0077790543437
ICWorkerMiteSurvivorship= 95.2889966778457
ICForagerLifespan= 14.4220009427518
ImmType= Logarithmic
AIAdultSlope= 2.46373830651864
AIAdultLD50= 0.544805718585849
AIAdultSlopeContact= 1.24905688015977
AIAdultLD50Contact= 0.00729080653982237
AILarvaSlope= 1.98499462055042
AILarvaLD50= 0.53723054761067
AIKOW= 3.69173923972994
AIKOC= 11.3807727128733
AIHalfLife= 6.57376173464581
EAppRate= 0.169401921564713
