ICQueenStrength= 3.15066297445446
RQWkrDrnRatio= 3.94812523759902
ICDroneMiteSurvivorship= 92.0309614622965
ICWorkerMiteSurvivorship= 29.2511346749961
ICForagerLifespan= 5.56378560140729
ImmType= Cosine
AIAdultSlope= 2.40157408160157
AIAdultLD50= 1.26211182028055
AIAdultSlopeContact= 0.859964544691611
AIAdultLD50Contact= 0.00126874904381111
AILarvaSlope= 0.410388712119311
AILarvaLD50= 0.0669434851733968
AIKOW= 5.06505985883996
AIKOC= 10.5994516587816
AIHalfLife= 8.95044490136206
EAppRate= 0.437215834157541
