ICQueenStrength= 4.00167154287919
RQWkrDrnRatio= 4.66020399332047
ICDroneMiteSurvivorship= 36.2552597187459
ICWorkerMiteSurvivorship= 66.3663864368573
ICForagerLifespan= 13.33892963361
ImmType= Logarithmic
AIAdultSlope= 0.967176670578774
AIAdultLD50= 0.0424575214274228
AIAdultSlopeContact= 3.3335874968092
AIAdultLD50Contact= 0.0332881275913678
AILarvaSlope= 3.36573839508928
AILarvaLD50= 0.728963547782041
AIKOW= 4.65686272922903
AIKOC= 27.8215601993725
AIHalfLife= 2.88810436730273
EAppRate= 0.460872771660797
