ICQueenStrength= 4.67370067350566
RQWkrDrnRatio= 2.0940928068012
