ICQueenStrength= 3.00763885397464
RQWkrDrnRatio= 2.77916061785072
ICDroneMiteSurvivorship= 43.7832818366587
ICWorkerMiteSurvivorship= 37.7837534295395
ICForagerLifespan= 11.9561378452927
ImmType= Logarithmic
AIAdultSlope= 2.69342770143412
AIAdultSlopeContact= 2.08975835435092
AIAdultLD50Contact= 0.0193790953257121
AILarvaSlope= 2.57228515343741
AILarvaLD50= 0.257718700356782
AIKOW= 6.02775221364573
AIKOC= 8.78688803175464
AIHalfLife= 0.0339782945811749
