ICQueenStrength= 5.74466843530536
RQWkrDrnRatio= 3.81640165112913
ICDroneMiteSurvivorship= 0.895485561341047
ICWorkerMiteSurvivorship= 91.0491780610755
ICForagerLifespan= 9.535055892542
ImmType= Logarithmic
AIAdultSlope= 0.435687132608146
AIAdultLD50= 0.356986863887869
AIAdultSlopeContact= 0.460388697471935
AIAdultLD50Contact= 0.0260435639414936
AILarvaSlope= 2.9857346883975
AILarvaLD50= 0.0839703284204006
AIKOW= 6.33085197303444
AIKOC= 26.7710157507099
AIHalfLife= 1.96895329165272
EAppRate= 0.322482732776552
