ICQueenStrength= 1.27364129549824
RQWkrDrnRatio= 2.56233897898346
ICDroneMiteSurvivorship= 93.3413107413799
ICWorkerMiteSurvivorship= 5.54657762404531
ICForagerLifespan= 10.2489670133218
ImmType= Polynomial
AIAdultSlopeContact= 1.67518040984636
AIAdultLD50Contact= 0.0129619637620635
AILarvaSlope= 2.03670182479545
AILarvaLD50= 0.724932241486385
AIKOW= 7.5983451497741
AIKOC= 26.4387192914728
AIHalfLife= 7.77148432983086
