ICQueenStrength= 2.55297389347106
RQWkrDrnRatio= 1.89175114221871
