ICQueenStrength= 1.84763153106906
RQWkrDrnRatio= 4.07277633808553
ICDroneMiteSurvivorship= 24.6776676736772
ICWorkerMiteSurvivorship= 57.1615620749071
ICForagerLifespan= 14.3024870818481
ImmType= Polynomial
AIAdultSlope= 0.706096080411226
AIAdultLD50= 2.38134350767359
AIAdultSlopeContact= 3.31113021602388
AIAdultLD50Contact= 0.00672455583699048
AILarvaSlope= 1.04585386589169
AILarvaLD50= 0.583527908683754
AIKOW= 7.15815490204841
AIKOC= 20.4252696840558
AIHalfLife= 10.0127489310689
EAppRate= 0.973092551343143
