ICQueenStrength= 2.5373878472019
RQWkrDrnRatio= 4.4283703872934
ICDroneMiteSurvivorship= 8.1656698603183
ICWorkerMiteSurvivorship= 45.9913353668526
ICForagerLifespan= 14.8437039405107
ImmType= Cosine
AIAdultSlope= 0.025461767159868
AIAdultLD50= 0.327961907722056
AIAdultSlopeContact= 1.61475277298363
AIAdultLD50Contact= 0.0241127555374987
AILarvaSlope= 1.37501601651311
AILarvaLD50= 0.241008296585642
AIKOW= 6.42591596907005
AIKOC= 7.10937343072146
AIHalfLife= 4.64410480810329
EAppRate= 0.486773418053053
