ICQueenStrength= 5.12231952999718
RQWkrDrnRatio= 3.02357694599777
ICDroneMiteSurvivorship= 16.0310515435413
ICWorkerMiteSurvivorship= 46.5359624475241
ICForagerLifespan= 9.1642685784027
ImmType= Exponential
AIAdultSlopeContact= 7.5964637985453
AIAdultLD50Contact= 0.137439882475883
AILarvaSlope= 8.73834570869803
AILarvaLD50= 0.781938035041094
AIKOW= 78.7565392442048
AIKOC= 94.198648026213
AIHalfLife= 6.25867322972044
