ICQueenStrength= 3.85370249883272
RQWkrDrnRatio= 1.40043664164841
ICDroneMiteSurvivorship= 39.7868379484862
ICWorkerMiteSurvivorship= 1.96914758998901
ICForagerLifespan= 11.5917814038694
ImmType= Logarithmic
AIAdultSlopeContact= 2.87023956000572
AIAdultLD50Contact= 0.042526446224656
AILarvaSlope= 2.84375928882509
AILarvaLD50= 0.832647970598191
AIKOW= 2.67387143708766
AIKOC= 28.715662304312
AIHalfLife= 2.99560039117932
