ICQueenStrength= 3.83362113987096
RQWkrDrnRatio= 1.76529782917351
ICDroneMiteSurvivorship= 7.57983005605638
ICWorkerMiteSurvivorship= 13.4817933198065
ICForagerLifespan= 12.8767125168815
ImmType= Cosine
AIAdultSlope= 2.24147237951634
AIAdultLD50= 0.025240185088478
AIAdultSlopeContact= 2.61415061971173
AIAdultLD50Contact= 0.0127935294760391
AILarvaSlope= 1.86548395990394
AILarvaLD50= 0.0645818619523197
AIKOW= 6.64313995372504
AIKOC= 6.28518387209624
AIHalfLife= 4.86492760595866
EAppRate= 0.570812214398757
