ICQueenStrength= 1.67812479101121
RQWkrDrnRatio= 4.13993325456977
ICDroneMiteSurvivorship= 15.1312775211409
ICWorkerMiteSurvivorship= 1.78297881502658
ICForagerLifespan= 11.6107400003821
ImmType= Logarithmic
AIAdultSlope= 2.31152310412377
AIAdultLD50= 0.0352540615713224
AIAdultSlopeContact= 3.09481208237121
AIAdultLD50Contact= 0.0129911779076792
AILarvaSlope= 0.908358645206317
AILarvaLD50= 0.301240679179318
AIKOW= 2.54118684027344
AIKOC= 6.46900514373556
AIHalfLife= 1.53092743945308
EAppRate= 0.585163656040095
