ICQueenStrength= 3.16083752107807
RQWkrDrnRatio= 1.31701689772308
ICDroneMiteSurvivorship= 36.7877650074661
ICWorkerMiteSurvivorship= 82.0323567604646
ICForagerLifespan= 14.0353058408946
ImmType= Sine
AIAdultSlope= 1.03958409642102
AIAdultLD50= 0.412225729436614
AIAdultSlopeContact= 0.87518974048784
AIAdultLD50Contact= 0.00422837679507211
AILarvaSlope= 1.91666543385945
AILarvaLD50= 0.806311586173251
AIKOW= 6.6534719793126
AIKOC= 29.9913536361419
AIHalfLife= 0.988274740520865
EAppRate= 0.240761426556855
