ICQueenStrength= 4.34300977294333
RQWkrDrnRatio= 2.2610434954986
ICDroneMiteSurvivorship= 23.5383230028674
ICWorkerMiteSurvivorship= 91.9211634900421
ICForagerLifespan= 14.0132033992559
ImmType= Exponential
AIAdultSlope= 0.931395136285573
