ICQueenStrength= 3.26208582753316
RQWkrDrnRatio= 4.86641822196543
ICDroneMiteSurvivorship= 35.353481140919
ICWorkerMiteSurvivorship= 21.5567288920283
ICForagerLifespan= 12.326907582581
ImmType= Polynomial
AIAdultSlope= 0.957687633065507
AIAdultLD50= 2.16948847845197
AIAdultSlopeContact= 2.21807401989587
AIAdultLD50Contact= 0.0108576047932729
AILarvaSlope= 0.32324540023692
AILarvaLD50= 0.553034894680604
AIKOW= 4.87609405396506
AIKOC= 26.9965798431076
AIHalfLife= 4.54326696507633
EAppRate= 0.427670549368486
