ICQueenStrength= 1.43292257469147
RQWkrDrnRatio= 2.19151400774717
ICDroneMiteSurvivorship= 61.8251147214323
ICWorkerMiteSurvivorship= 37.811974203214
ICForagerLifespan= 8.70467809028924
ImmType= Tangent
AIAdultSlopeContact= 1.35395140380599
AIAdultLD50Contact= 0.0383295240812004
AILarvaSlope= 3.01387426923029
AILarvaLD50= 0.516702404874377
AIKOW= 5.90754437167197
AIKOC= 8.15807432634756
AIHalfLife= 0.113482507411391
