ICQueenStrength= 5.76907537435181
RQWkrDrnRatio= 3.99587799515575
ICDroneMiteSurvivorship= 82.4277917388827
ICWorkerMiteSurvivorship= 3.86494861450046
ICForagerLifespan= 8.6860135756433
ImmType= Tangent
AIAdultSlope= 0.207609950564802
AIAdultLD50= 2.66894493321888
AIAdultSlopeContact= 2.83893086634809
AIAdultLD50Contact= 0.0365167923853733
AILarvaSlope= 0.933368128165603
AILarvaLD50= 0.265228237677366
AIKOW= 3.95888292137533
AIKOC= 21.9093309668824
AIHalfLife= 13.0717687653378
EAppRate= 0.361094302730635
