ICQueenStrength= 4.18936962285079
RQWkrDrnRatio= 2.99253764748573
ICDroneMiteSurvivorship= 70.8475287770852
ICWorkerMiteSurvivorship= 5.02451849170029
ICForagerLifespan= 6.5123049179092
ImmType= Tangent
AIAdultSlope= 3.14194837815827
AIAdultLD50= 0.382174949045293
AIAdultSlopeContact= 1.68005182788474
AIAdultLD50Contact= 0.000866054883226752
AILarvaSlope= 3.34874251666479
AILarvaLD50= 0.523041656892747
AIKOW= 7.06612848676741
AIKOC= 20.2394279895816
AIHalfLife= 2.28064710274339
EAppRate= 0.16233853274025
