ICQueenStrength= 2.47203406598419
RQWkrDrnRatio= 1.52324768528342
