ICQueenStrength= 5.82001158641651
RQWkrDrnRatio= 3.81010592449456
ICDroneMiteSurvivorship= 27.0299713592976
ICWorkerMiteSurvivorship= 90.5523541150615
ICForagerLifespan= 11.8694855542853
ImmType= Sine
AIAdultSlope= 2.42304461716907
AIAdultLD50= 0.280834439443424
AIAdultSlopeContact= 1.89316646832973
AIAdultLD50Contact= 0.0305113337002695
AILarvaSlope= 0.345755283115432
AILarvaLD50= 0.557202990073711
AIKOW= 4.16031042160466
AIKOC= 20.7889780879486
AIHalfLife= 0.522475196048617
EAppRate= 0.557002649083734
