ICQueenStrength= 2.78970677661709
RQWkrDrnRatio= 1.49871523864567
ICDroneMiteSurvivorship= 39.5814495161176
ICWorkerMiteSurvivorship= 83.170995558612
ICForagerLifespan= 4.47707614954561
ImmType= Polynomial
AIAdultSlope= 0.966509216744453
AIAdultLD50= 2.72514963196591
AIAdultSlopeContact= 3.63503663112642
AIAdultLD50Contact= 0.00964024486020208
AILarvaSlope= 2.06058439193293
AILarvaLD50= 0.309090854949318
AIKOW= 2.50643944134936
AIKOC= 7.05738423392177
AIHalfLife= 11.8921790267341
EAppRate= 0.48276066291146
