ICQueenStrength= 3.58944851439446
RQWkrDrnRatio= 4.09401243180037
