ICQueenStrength= 3.87584296427667
RQWkrDrnRatio= 3.54940238781273
ICDroneMiteSurvivorship= 53.4482737304643
ICWorkerMiteSurvivorship= 19.8193022748455
ICForagerLifespan= 7.25094490218908
ImmType= Exponential
AIAdultSlope= 0.516034667240456
AIAdultLD50= 2.44130867393687
AIAdultSlopeContact= 2.55879813199164
AIAdultLD50Contact= 0.0171228447346948
AILarvaSlope= 2.54030794715509
AILarvaLD50= 0.0143566492712125
AIKOW= 5.42759913858026
AIKOC= 20.5927512969356
AIHalfLife= 13.16444023652
EAppRate= 0.847818452632055
