ICQueenStrength= 3.73472571745515
RQWkrDrnRatio= 3.00566551554948
ICDroneMiteSurvivorship= 27.9606556287035
ICWorkerMiteSurvivorship= 60.7469960814342
ICForagerLifespan= 11.08161961101
ImmType= Cosine
AIAdultSlope= 2.64226052816957
AIAdultLD50= 2.34343764279038
AIAdultSlopeContact= 3.88599440082209
AIAdultLD50Contact= 0.0466201795148663
AILarvaSlope= 0.765918569359928
AILarvaLD50= 0.300236269226298
AIKOW= 4.93594496650621
AIKOC= 13.1523906090297
AIHalfLife= 1.48561888374388
EAppRate= 0.303768632933497
