ICQueenStrength= 2.0455804085359
RQWkrDrnRatio= 1.41244705766439
ICDroneMiteSurvivorship= 35.8503056690097
ICWorkerMiteSurvivorship= 92.0539664337412
ICForagerLifespan= 7.21284187957644
ImmType= Cosine
AIAdultSlope= 3.3113318821881
AIAdultSlopeContact= 2.29979494503234
AIAdultLD50Contact= 0.0202856255695224
AILarvaSlope= 2.04015618935227
AILarvaLD50= 0.858073166711256
AIKOW= 2.93327029887587
AIKOC= 7.87229819223285
AIHalfLife= 10.0063815196045
