ICQueenStrength= 2.46634631208144
RQWkrDrnRatio= 2.35660763643682
ICDroneMiteSurvivorship= 37.2779364464805
ICWorkerMiteSurvivorship= 96.3444760302082
ICForagerLifespan= 14.0634225942194
ImmType= Logarithmic
AIAdultSlope= 2.92434927710099
AIAdultLD50= 0.0385450115427375
AIAdultSlopeContact= 0.267417701287195
AIAdultLD50Contact= 0.00679023473057896
AILarvaSlope= 0.849307225923985
AILarvaLD50= 0.351208188361488
AIKOW= 5.27561296476051
AIKOC= 15.4022791201714
AIHalfLife= 1.6485552827362
EAppRate= 0.688821177440695
