ICQueenStrength= 5.67788204201497
RQWkrDrnRatio= 3.73186878859997
ICDroneMiteSurvivorship= 86.5256457822397
ICWorkerMiteSurvivorship= 82.0476639550179
ICForagerLifespan= 7.35317858401686
ImmType= Exponential
AIAdultSlope= 2.26315861039097
AIAdultLD50= 0.220078861573711
AIAdultSlopeContact= 2.59775427957298
AIAdultLD50Contact= 0.016196561336983
AILarvaSlope= 1.79021049938165
AILarvaLD50= 0.500765681569465
AIKOW= 4.08791503263637
AIKOC= 14.3098855984863
AIHalfLife= 3.42115686740726
EAppRate= 0.15181855307892
