ICQueenStrength= 4.13947338028811
RQWkrDrnRatio= 3.96357714477926
ICDroneMiteSurvivorship= 54.0583588415757
ICWorkerMiteSurvivorship= 58.338928129524
ICForagerLifespan= 12.9323935108259
ImmType= Exponential
AIAdultSlopeContact= 0.632376172263175
AIAdultLD50Contact= 0.0284334844211116
AILarvaSlope= 0.332056721299887
AILarvaLD50= 0.0324716913281009
AIKOW= 2.57841078424826
AIKOC= 21.0144705907442
AIHalfLife= 5.14086538786069
