ICQueenStrength= 3.02057871036232
RQWkrDrnRatio= 4.5076403580606
