ICQueenStrength= 3.28994592791423
RQWkrDrnRatio= 3.86691337171942
ICDroneMiteSurvivorship= 80.0664327805862
ICWorkerMiteSurvivorship= 72.6225919323042
ICForagerLifespan= 9.91274365596473
ImmType= Cosine
AIAdultSlope= 4.87265568692237
