ICQueenStrength= 2.99573722784407
RQWkrDrnRatio= 3.29200471471995
ICDroneMiteSurvivorship= 1.41640694346279
ICWorkerMiteSurvivorship= 11.6129921516404
ICForagerLifespan= 11.6078536333516
ImmType= Logarithmic
AIAdultSlope= 1.07650352040539
AIAdultLD50= 0.196480376529507
AIAdultSlopeContact= 3.73243008920224
AIAdultLD50Contact= 0.0277164832456037
AILarvaSlope= 3.2193068661727
AILarvaLD50= 0.135253923386335
AIKOW= 3.61975837917998
AIKOC= 12.1506539185066
AIHalfLife= 0.342921302653849
EAppRate= 0
