ICQueenStrength= 5.33457302977331
RQWkrDrnRatio= 4.51008627098054
ICDroneMiteSurvivorship= 91.7111517861485
ICWorkerMiteSurvivorship= 54.4410974951461
ICForagerLifespan= 13.2587384236977
ImmType= Logarithmic
AIAdultSlope= 1.92941424608231
AIAdultLD50= 0.112382103106938
AIAdultSlopeContact= 1.72968542939052
AIAdultLD50Contact= 0.00431775103788823
AILarvaSlope= 1.41615505209193
AILarvaLD50= 0.662544982437976
AIKOW= 6.84936837758869
AIKOC= 23.5857800883241
AIHalfLife= 0.617273228708655
EAppRate= 0.0212918606819585
