ICQueenStrength= 2.69267349527217
RQWkrDrnRatio= 3.35481322556734
ICDroneMiteSurvivorship= 9.37275148462504
ICWorkerMiteSurvivorship= 93.2369967456907
ICForagerLifespan= 15.2633276982233
ImmType= Logarithmic
AIAdultSlope= 2.55532413953915
