ICQueenStrength= 5.4997680420056
RQWkrDrnRatio= 1.00271242391318
ICDroneMiteSurvivorship= 45.5531936371699
ICWorkerMiteSurvivorship= 2.10926232393831
ICForagerLifespan= 8.3102809637785
ImmType= Exponential
AIAdultSlopeContact= 3.0103499956755
AIAdultLD50Contact= 0.0399406445096247
AILarvaSlope= 1.66024141530506
AILarvaLD50= 0.00664037670940161
AIKOW= 2.7045362428762
AIKOC= 11.3654576370027
AIHalfLife= 7.31528156949207
