ICQueenStrength= 4.75318958307616
RQWkrDrnRatio= 3.35413229372352
ICDroneMiteSurvivorship= 68.3736324310303
ICWorkerMiteSurvivorship= 84.1744988923892
ICForagerLifespan= 15.00428782776
ImmType= Cosine
AIAdultSlope= 0.673597943207715
AIAdultLD50= 0.454619270865805
AIAdultSlopeContact= 1.33131762029836
AIAdultLD50Contact= 0.0341099298209883
AILarvaSlope= 0.429773874627426
AILarvaLD50= 0.18943706068676
AIKOW= 2.70577076869085
AIKOC= 17.3959440097678
AIHalfLife= 0.103179739089683
EAppRate= 0.114996712328866
