ICQueenStrength= 1.4594255995471
RQWkrDrnRatio= 3.71083259861916
ICDroneMiteSurvivorship= 28.1387356109917
ICWorkerMiteSurvivorship= 33.4557745605707
ICForagerLifespan= 12.0287641054019
ImmType= Tangent
AIAdultSlope= 0.219423674410209
AIAdultLD50= 0.167184413643554
AIAdultSlopeContact= 2.46790984702762
AIAdultLD50Contact= 0.00927647835342213
AILarvaSlope= 1.54393280958757
AILarvaLD50= 0.399981796648353
AIKOW= 7.14459519414231
AIKOC= 25.4627409228124
AIHalfLife= 0.293859580997378
EAppRate= 0.65355614463333
