ICQueenStrength= 5.06234016525559
RQWkrDrnRatio= 3.82548107299954
ICDroneMiteSurvivorship= 85.3115865262225
ICWorkerMiteSurvivorship= 49.3844703305513
ICForagerLifespan= 5.25207157153636
ImmType= Exponential
AIAdultSlope= 0.897571601951495
AIAdultLD50= 1.5705450118985
AIAdultSlopeContact= 3.64856382157886
AIAdultLD50Contact= 0.0183404817944393
AILarvaSlope= 1.21038545202464
AILarvaLD50= 0.715822520689107
AIKOW= 7.24719179421663
AIKOC= 19.0044286847115
AIHalfLife= 13.2505668061785
EAppRate= 0.236991632729769
