ICQueenStrength= 4.22815105435438
RQWkrDrnRatio= 2.69640985131264
ICDroneMiteSurvivorship= 84.1418302617967
ICWorkerMiteSurvivorship= 25.2171914093196
ICForagerLifespan= 15.4622493516654
ImmType= Sine
AIAdultSlopeContact= 1.15754117758479
AIAdultLD50Contact= 0.0403464060160331
AILarvaSlope= 1.45326483375393
AILarvaLD50= 0.0369790388038382
AIKOW= 4.43089131778106
AIKOC= 11.1385627835989
AIHalfLife= 2.30539394263178
