ICQueenStrength= 4.11405392829329
RQWkrDrnRatio= 2.81792914308608
ICDroneMiteSurvivorship= 51.3970467029139
ICWorkerMiteSurvivorship= 31.469474057667
ICForagerLifespan= 8.59174751862884
ImmType= Tangent
AIAdultSlope= 0.372487571462989
AIAdultLD50= 0.814811272546649
AIAdultSlopeContact= 0.157257419759408
AIAdultLD50Contact= 0.0170484762988053
AILarvaSlope= 2.39179222532548
AILarvaLD50= 0.897405102127232
AIKOW= 3.31947748595849
AIKOC= 12.8806794655975
AIHalfLife= 3.89442200772464
EAppRate= 0.606688761385158
