ICQueenStrength= 3.92938595404848
RQWkrDrnRatio= 2.06600570958108
ICDroneMiteSurvivorship= 16.8869709363207
ICWorkerMiteSurvivorship= 26.9725912017748
ICForagerLifespan= 12.9391844421625
ImmType= Logarithmic
AIAdultSlope= 6.86666650231928
AIAdultLD50= 0.405616193078458
AIAdultSlopeContact= 6.18916393024847
AIAdultLD50Contact= 0.0110846393741667
AILarvaSlope= 5.45688621234149
AILarvaLD50= 1.7642450099811
AIKOW= 24.0173725411296
AIKOC= 58.3587912842631
AIHalfLife= 10.0181047981605
EAppRate= 0.153375962749124
