ICQueenStrength= 3.41134767886251
RQWkrDrnRatio= 1.46304559521377
ICDroneMiteSurvivorship= 53.5621476592496
ICWorkerMiteSurvivorship= 21.8010718235746
ICForagerLifespan= 6.63169066142291
ImmType= Cosine
AIAdultSlope= 1.70309414051939
AIAdultLD50= 0.129816944361664
AIAdultSlopeContact= 3.58458378811833
AIAdultLD50Contact= 0.0434588638832793
AILarvaSlope= 0.791294529195875
AILarvaLD50= 0.466969647444785
AIKOW= 6.89637406822294
AIKOC= 21.1089273227844
AIHalfLife= 4.71548742963932
EAppRate= 0.235168265807442
