ICQueenStrength= 4.53782622492872
RQWkrDrnRatio= 4.37873756792396
ICDroneMiteSurvivorship= 2.37686946056783
ICWorkerMiteSurvivorship= 86.2430310575292
ICForagerLifespan= 10.676435184665
ImmType= Cosine
AIAdultSlope= 3.61420007821172
AIAdultLD50= 0.214439749601297
AIAdultSlopeContact= 2.5672770612943
AIAdultLD50Contact= 0.0182787624886259
AILarvaSlope= 3.24899290939793
AILarvaLD50= 0.456128001236357
AIKOW= 4.12713259272277
AIKOC= 29.1658169776201
AIHalfLife= 1.32449739729054
EAppRate= 0
