ICQueenStrength= 1.78693108167499
RQWkrDrnRatio= 1.19395298138261
ICDroneMiteSurvivorship= 32.8692122129723
ICWorkerMiteSurvivorship= 97.4041320383549
ICForagerLifespan= 15.0711469445378
ImmType= Cosine
AIAdultSlope= 3.33317019442795
AIAdultLD50= 0.350243697990663
AIAdultSlopeContact= 1.72570808995748
AIAdultLD50Contact= 0.0202938971342519
AILarvaSlope= 2.57591450097971
AILarvaLD50= 0.24668475065846
AIKOW= 5.64227482769638
AIKOC= 10.3575641999487
AIHalfLife= 4.12591199972667
EAppRate= 0.0538381795398891
