ICQueenStrength= 4.89621350681409
RQWkrDrnRatio= 3.25081470608711
ICDroneMiteSurvivorship= 34.0531101683155
ICWorkerMiteSurvivorship= 8.2475557224825
ICForagerLifespan= 6.72093629371375
ImmType= Logarithmic
AIAdultSlopeContact= 3.26937187017873
AIAdultLD50Contact= 0.021228468476329
AILarvaSlope= 2.94800185970962
AILarvaLD50= 0.763661849568598
AIKOW= 7.14721324667335
AIKOC= 19.4306483212858
AIHalfLife= 13.4214682718739
