ICQueenStrength= 3.51074504223652
RQWkrDrnRatio= 3.05207577627152
ICDroneMiteSurvivorship= 60.5056918226182
ICWorkerMiteSurvivorship= 29.1068012127653
ICForagerLifespan= 14.7851903745905
ImmType= Logarithmic
AIAdultSlope= 2.44418626646511
AIAdultLD50= 1.58089558314532
AIAdultSlopeContact= 1.27933156601619
AIAdultLD50Contact= 0.0102101044612937
AILarvaSlope= 3.32978368336335
AILarvaLD50= 0.649790888512507
AIKOW= 7.57872231118381
AIKOC= 26.3176296267193
AIHalfLife= 0.459892116021365
EAppRate= 0.0918734562583268
