ICQueenStrength= 1.20208049449138
RQWkrDrnRatio= 2.06330344360322
ICDroneMiteSurvivorship= 23.8530426518992
ICWorkerMiteSurvivorship= 7.32787749730051
ICForagerLifespan= 7.41621593572199
ImmType= Cosine
AIAdultSlope= 3.79223658735165
AIAdultLD50= 0.443388696759939
AIAdultSlopeContact= 1.90303253074642
AIAdultLD50Contact= 0.0327420952846296
AILarvaSlope= 3.12174528203905
AILarvaLD50= 0.858168166782707
AIKOW= 3.35986365238205
AIKOC= 5.22178812068887
AIHalfLife= 1.35694192373194
EAppRate= 0
