ICQueenStrength= 2.32925756508484
RQWkrDrnRatio= 3.51896930951625
ICDroneMiteSurvivorship= 74.3596374057233
ICWorkerMiteSurvivorship= 95.7763964310288
ICForagerLifespan= 15.6882543703541
ImmType= Cosine
AIAdultLD50= 0.154012839635834
AIAdultSlopeContact= 3.36127825890435
AIAdultLD50Contact= 0.0454496883787215
AILarvaSlope= 0.696005797851831
AILarvaLD50= 0.852993340906687
AIKOW= 2.2155973170884
AIKOC= 15.2725271368399
AIHalfLife= 3.04745736625046
EAppRate= 0.280447437893599
