ICQueenStrength= 3.71548231481574
RQWkrDrnRatio= 2.07860998809338
ICDroneMiteSurvivorship= 76.6013056971133
ICWorkerMiteSurvivorship= 70.0329795246944
ICForagerLifespan= 14.2032943908125
ImmType= Cosine
AIAdultSlope= 0.94017480841605
AIAdultLD50= 0.0360422276426107
AIAdultSlopeContact= 3.63310603206279
AIAdultLD50Contact= 0.0293322272365913
AILarvaSlope= 0.780915710702539
AILarvaLD50= 0.0592490382492542
AIKOW= 6.51342318346724
AIKOC= 23.126575241331
AIHalfLife= 3.85047399671748
EAppRate= 0.0639998037368059
