ICQueenStrength= 1.45319857774302
RQWkrDrnRatio= 4.23690189234912
ICDroneMiteSurvivorship= 29.146202490665
ICWorkerMiteSurvivorship= 73.2797293923795
ICForagerLifespan= 8.47229200974107
ImmType= Logarithmic
AIAdultSlope= 3.18300854647532
