ICQueenStrength= 3.43019588524476
RQWkrDrnRatio= 4.48866500239819
ICDroneMiteSurvivorship= 45.1140710385516
ICWorkerMiteSurvivorship= 9.17564686387777
ICForagerLifespan= 8.13414528779685
ImmType= Logarithmic
AIAdultSlope= 2.01891767634312
AIAdultLD50= 0.164402485475875
AIAdultSlopeContact= 2.30782158233458
AIAdultLD50Contact= 0.0112249912344851
AILarvaSlope= 3.37484538462013
AILarvaLD50= 0.683636769815348
AIKOW= 3.74946087924764
AIKOC= 5.31309324549511
AIHalfLife= 4.92662994307466
EAppRate= 0.21539079095237
