ICQueenStrength= 2.88598462031223
RQWkrDrnRatio= 2.37266659270972
ICDroneMiteSurvivorship= 7.73100913502276
ICWorkerMiteSurvivorship= 53.323014266789
ICForagerLifespan= 7.55447827838361
ImmType= Polynomial
AIAdultSlope= 2.57990890766261
AIAdultLD50= 0.168376873014495
AIAdultSlopeContact= 2.93073619245552
AIAdultLD50Contact= 0.0110151701490395
AILarvaSlope= 0.323288124985993
AILarvaLD50= 0.64421130514238
AIKOW= 6.81845594663173
AIKOC= 29.6879023732617
AIHalfLife= 4.01704775867984
EAppRate= 0.114775746315718
