ICQueenStrength= 5.98844757908955
RQWkrDrnRatio= 3.77656894363463
ICDroneMiteSurvivorship= 51.6709670191631
ICWorkerMiteSurvivorship= 81.1357407132164
ICForagerLifespan= 8.5853453008458
ImmType= Polynomial
AIAdultSlope= 1.43255752110854
AIAdultSlopeContact= 0.67395059636794
AIAdultLD50Contact= 0.000731404463294894
AILarvaSlope= 2.80275816367939
AILarvaLD50= 0.319025033991784
AIKOW= 2.26954475045204
AIKOC= 17.7711931068916
AIHalfLife= 3.38681033765897
