ICQueenStrength= 5.14061131188646
RQWkrDrnRatio= 4.45698277465999
ICDroneMiteSurvivorship= 21.0309996036813
ICWorkerMiteSurvivorship= 92.0371941523626
ICForagerLifespan= 5.37918993923813
ImmType= Cosine
AIAdultSlope= 0.923857642244548
AIAdultLD50= 1.29762092814781
AIAdultSlopeContact= 3.6720001821639
AIAdultLD50Contact= 0.0364521755604073
AILarvaSlope= 1.89828139967285
AILarvaLD50= 0.124324966245331
AIKOW= 7.08766741724685
AIKOC= 28.0586651246995
AIHalfLife= 0.237364303786308
EAppRate= 0.315148196881637
