ICQueenStrength= 5.02979900012724
RQWkrDrnRatio= 2.92694944236428
ICDroneMiteSurvivorship= 51.1730326572433
ICWorkerMiteSurvivorship= 19.7068000910804
ICForagerLifespan= 5.7422857536003
ImmType= Cosine
AIAdultSlope= 0.044389223633334
AIAdultLD50= 0.577471459982917
AIAdultSlopeContact= 0.300435091434047
AIAdultLD50Contact= 0.0255545568652451
AILarvaSlope= 3.05274298996665
AILarvaLD50= 0.232448661653325
AIKOW= 2.67122418479994
AIKOC= 10.7280890352558
AIHalfLife= 0.0509786875918508
EAppRate= 0.727537250844762
