ICQueenStrength= 4.52688479120843
RQWkrDrnRatio= 3.70553868915886
ICDroneMiteSurvivorship= 51.7038700170815
ICWorkerMiteSurvivorship= 22.3409321391955
ICForagerLifespan= 8.26185979600996
ImmType= Sine
AIAdultSlopeContact= 2.1914732010453
AIAdultLD50Contact= 0.035839312733151
AILarvaSlope= 1.38316205027513
AILarvaLD50= 0.0798827504273504
AIKOW= 7.08506170567125
AIKOC= 8.85740339988843
AIHalfLife= 3.33495616586879
