ICQueenStrength= 1.10636616614647
RQWkrDrnRatio= 1.82605639565736
ICDroneMiteSurvivorship= 35.1614810759202
ICWorkerMiteSurvivorship= 34.3886561691761
ICForagerLifespan= 8.69940608832985
ImmType= Logarithmic
AIAdultSlopeContact= 1.05554911234416
AIAdultLD50Contact= 0.0158898650901392
AILarvaSlope= 3.21818006276153
AILarvaLD50= 0.507101398939267
AIKOW= 2.36173464776948
AIKOC= 10.0585478835274
AIHalfLife= 13.9761174838059
