ICQueenStrength= 2.45081836963072
RQWkrDrnRatio= 1.81045923568308
ICDroneMiteSurvivorship= 66.0564647754654
ICWorkerMiteSurvivorship= 28.2921076985076
ICForagerLifespan= 8.62930661998689
ImmType= Polynomial
AIAdultSlope= 0.22745423768647
AIAdultLD50= 0.729090428212658
AIAdultSlopeContact= 1.69199801442213
AIAdultLD50Contact= 0.0410109762451611
AILarvaSlope= 1.04693775218911
AILarvaLD50= 0.354335951060057
AIKOW= 4.86230446957052
AIKOC= 11.6889433714096
AIHalfLife= 4.04047125997022
EAppRate= 0.152639305219054
