ICQueenStrength= 2.42478722264059
RQWkrDrnRatio= 2.29891738016158
ICDroneMiteSurvivorship= 75.577632477507
ICWorkerMiteSurvivorship= 66.8119500391185
ICForagerLifespan= 7.23144637420774
ImmType= Exponential
AIAdultSlopeContact= 0.499219042004552
AIAdultLD50Contact= 0.0363167446572334
AILarvaSlope= 2.04201237312518
AILarvaLD50= 0.330759478197433
AIKOW= 7.1963136238046
AIKOC= 10.7758764422033
AIHalfLife= 4.39778786106035
