ICQueenStrength= 4.14508120645769
RQWkrDrnRatio= 4.23015100508928
ICDroneMiteSurvivorship= 38.5477775940672
ICWorkerMiteSurvivorship= 23.8651934079826
ICForagerLifespan= 6.3596269171685
ImmType= Sine
AIAdultSlope= 1.76899142465554
AIAdultLD50= 2.53886104957201
AIAdultSlopeContact= 3.28352807861986
AIAdultLD50Contact= 0.0077024650410749
AILarvaSlope= 3.28015388860367
AILarvaLD50= 0.491730922437273
AIKOW= 7.39746351260692
AIKOC= 27.4610624369234
AIHalfLife= 5.46294692810625
EAppRate= 0.180947137298062
