ICQueenStrength= 3.47518853517249
RQWkrDrnRatio= 3.22385163605213
ICDroneMiteSurvivorship= 79.6675184043124
ICWorkerMiteSurvivorship= 56.4749838784337
ICForagerLifespan= 4.54905511718243
ImmType= Exponential
AIAdultSlopeContact= 1.87137348246994
AIAdultLD50Contact= 0.047660070087295
AILarvaSlope= 1.10537359341979
AILarvaLD50= 0.607801714609377
AIKOW= 7.70702121406794
AIKOC= 5.77302338322625
AIHalfLife= 2.86965825175866
