ICQueenStrength= 3.1747957484331
RQWkrDrnRatio= 4.80059745442122
ICDroneMiteSurvivorship= 28.8895917125046
ICWorkerMiteSurvivorship= 27.4625543504953
ICForagerLifespan= 8.19512998126447
ImmType= Tangent
AIAdultSlope= 0.745067238423508
AIAdultLD50= 0.333959575276822
AIAdultSlopeContact= 0.00443608418572694
AIAdultLD50Contact= 0.00101702157407999
AILarvaSlope= 0.694153450289741
AILarvaLD50= 0.760285130515695
AIKOW= 4.29058762546629
AIKOC= 16.4994578645565
AIHalfLife= 4.66613218537532
EAppRate= 0.00496106604114175
