ICQueenStrength= 4.07934970012866
RQWkrDrnRatio= 1.8766121705994
ICDroneMiteSurvivorship= 41.692650783807
ICWorkerMiteSurvivorship= 20.4078790498897
ICForagerLifespan= 13.8856189725921
ImmType= Exponential
AIAdultSlopeContact= 5.92831068439409
AIAdultLD50Contact= 0.0707772041205317
AILarvaSlope= 1.3827918889001
AILarvaLD50= 0.341491694562137
AIKOW= 92.1102386200801
AIKOC= 81.5251895459369
AIHalfLife= 12.2444026921876
