ICQueenStrength= 3.81987655325793
RQWkrDrnRatio= 4.9477813327685
ICDroneMiteSurvivorship= 50.1626044744626
ICWorkerMiteSurvivorship= 11.3880625460297
ICForagerLifespan= 8.12511203531176
ImmType= Exponential
AIAdultSlope= 3.07401929595508
AIAdultLD50= 1.56263436377048
AIAdultSlopeContact= 0.251888694504742
AIAdultLD50Contact= 0.0221785651170649
AILarvaSlope= 0.393475844990462
AILarvaLD50= 0.0420639381743968
AIKOW= 2.3137949379161
AIKOC= 11.6027188964654
AIHalfLife= 1.51887130783871
EAppRate= 0.853101681219414
