ICQueenStrength= 1.61199676943943
RQWkrDrnRatio= 2.1107949949801
ICDroneMiteSurvivorship= 5.57725657708943
ICWorkerMiteSurvivorship= 44.2433828022331
ICForagerLifespan= 8.55581977870315
ImmType= Cosine
AIAdultSlope= 1.10301723991055
AIAdultLD50= 0.423746769200079
AIAdultSlopeContact= 0.0466124205105007
AIAdultLD50Contact= 0.0442640218068846
AILarvaSlope= 0.988651831122115
AILarvaLD50= 0.183240763912909
AIKOW= 7.36027212254703
AIKOC= 8.94239450106397
AIHalfLife= 1.80067267268896
EAppRate= 0.0463829936925322
