ICQueenStrength= 1.70980002637953
RQWkrDrnRatio= 2.45651712082326
ICDroneMiteSurvivorship= 89.3691810779274
ICWorkerMiteSurvivorship= 37.3952790396288
ICForagerLifespan= 11.8535046763718
ImmType= Exponential
AIAdultSlopeContact= 3.91630133579951
AIAdultLD50Contact= 0.0110813688137569
AILarvaSlope= 0.69342678678222
AILarvaLD50= 0.0696119197877124
AIKOW= 2.01420019427314
AIKOC= 16.6394406068139
AIHalfLife= 0.4230174748227
