ICQueenStrength= 1.9023082011845
RQWkrDrnRatio= 1.09235604759306
ICDroneMiteSurvivorship= 69.8534572729841
ICWorkerMiteSurvivorship= 31.2101246090606
ICForagerLifespan= 9.88968102261424
ImmType= Exponential
AIAdultSlope= 3.38167441934347
AIAdultLD50= 2.52688998961821
AIAdultSlopeContact= 1.46353317852365
AIAdultLD50Contact= 0.0106956374249421
AILarvaSlope= 1.26727293571457
AILarvaLD50= 0.566044362145476
AIKOW= 5.30150684714317
AIKOC= 26.8267182761338
AIHalfLife= 8.43029714468867
EAppRate= 0.327115272870287
