ICQueenStrength= 1.49715088447556
RQWkrDrnRatio= 3.0699514746666
ICDroneMiteSurvivorship= 49.8067881679162
ICWorkerMiteSurvivorship= 91.077165491879
ICForagerLifespan= 4.93535849638283
ImmType= Sine
AIAdultSlope= 2.43444307548925
AIAdultLD50= 2.10552347358316
AIAdultSlopeContact= 0.503779763497878
AIAdultLD50Contact= 0.0341578426654451
AILarvaSlope= 3.24179762341082
AILarvaLD50= 0.0495880968868732
AIKOW= 3.12590581271797
AIKOC= 8.75763361225836
AIHalfLife= 0.201731320470572
EAppRate= 0.198120105313137
