ICQueenStrength= 3.36551736830734
RQWkrDrnRatio= 2.82762293051928
ICDroneMiteSurvivorship= 41.9214410008863
ICWorkerMiteSurvivorship= 76.7987508326769
ICForagerLifespan= 6.65884674247354
ImmType= Cosine
AIAdultLD50= 0.154012839635834
AIAdultSlopeContact= 0.00123446769313887
AIAdultLD50Contact= 0.0171043312293477
AILarvaSlope= 0.66301693781279
AILarvaLD50= 0.856080860411748
AIKOW= 4.94441317673773
AIKOC= 22.9817673750222
AIHalfLife= 12.9060655604117
EAppRate= 0.928003951441497
