ICQueenStrength= 1.67046385142021
RQWkrDrnRatio= 2.08951195236295
ICDroneMiteSurvivorship= 1.04472751263529
ICWorkerMiteSurvivorship= 98.2944035436958
ICForagerLifespan= 11.5657564662397
ImmType= Cosine
AIAdultSlope= 0.80301003283821
AIAdultLD50= 2.72938994178548
AIAdultSlopeContact= 1.27290303352056
AIAdultLD50Contact= 0.014038419094868
AILarvaSlope= 2.58598042526282
AILarvaLD50= 0.54580355565995
AIKOW= 5.11421731254086
AIKOC= 13.9097083371598
AIHalfLife= 9.8567996378988
EAppRate= 0.424965813523158
