ICQueenStrength= 4.75002659508027
RQWkrDrnRatio= 3.54480034671724
ICDroneMiteSurvivorship= 48.6193686723709
ICWorkerMiteSurvivorship= 24.6273017022759
ICForagerLifespan= 10.6729915579781
ImmType= Tangent
AIAdultSlope= 1.69557924754918
AIAdultLD50= 0.663036952726543
AIAdultSlopeContact= 2.34760541068856
AIAdultLD50Contact= 0.0499236126546748
AILarvaSlope= 2.40686896052211
AILarvaLD50= 0.696407866850495
AIKOW= 5.88631113758311
AIKOC= 23.4727065789048
AIHalfLife= 10.4840358463116
EAppRate= 0.267631246242672
