ICQueenStrength= 5.18955219560303
RQWkrDrnRatio= 1.69099611137062
ICDroneMiteSurvivorship= 67.4953219713643
ICWorkerMiteSurvivorship= 94.1236498067155
ICForagerLifespan= 11.3756201760843
ImmType= Tangent
AIAdultSlope= 3.74214982182719
AIAdultLD50= 0.0617206892929971
AIAdultSlopeContact= 0.0184854607796296
AIAdultLD50Contact= 0.00630815431941301
AILarvaSlope= 1.76623446992598
AILarvaLD50= 0.846868816902861
AIKOW= 5.44485225249082
AIKOC= 17.411026074551
AIHalfLife= 2.59206505259499
EAppRate= 0.310238076234236
