ICQueenStrength= 2.91484964103438
RQWkrDrnRatio= 3.81059622578323
ICDroneMiteSurvivorship= 0.197024270892143
ICWorkerMiteSurvivorship= 1.00344636011869
ICForagerLifespan= 10.1645764280111
ImmType= Cosine
AIAdultSlope= 3.15167573606595
AIAdultLD50= 1.00613013538532
AIAdultSlopeContact= 1.83253501069034
AIAdultLD50Contact= 0.0343109742039815
AILarvaSlope= 0.910475913761184
AILarvaLD50= 0.282130758860148
AIKOW= 2.44767759786919
AIKOC= 27.6023151772097
AIHalfLife= 2.68222296331078
EAppRate= 0.603433021344244
