ICQueenStrength= 1.36973313312046
RQWkrDrnRatio= 1.41747012082487
ICDroneMiteSurvivorship= 50.1464244443923
ICWorkerMiteSurvivorship= 61.0396809177473
ICForagerLifespan= 13.2149347094819
ImmType= Logarithmic
AIAdultSlope= 2.45927960288012
AIAdultLD50= 0.343247912940569
AIAdultSlopeContact= 2.96909467078513
AIAdultLD50Contact= 0.0126832591951825
AILarvaSlope= 3.23302701003849
AILarvaLD50= 0.833653494506143
AIKOW= 5.13083224790171
AIKOC= 29.1443293110933
AIHalfLife= 1.20083848829381
EAppRate= 0
