ICQueenStrength= 1.67297676810995
RQWkrDrnRatio= 4.67649293877184
ICDroneMiteSurvivorship= 74.4727335637435
ICWorkerMiteSurvivorship= 35.7423563720658
ICForagerLifespan= 12.9702167902142
ImmType= Cosine
AIAdultSlope= 1.42693766861223
AIAdultLD50= 0.443615108379163
AIAdultSlopeContact= 3.48829367931001
AIAdultLD50Contact= 0.0127171016181819
AILarvaSlope= 1.83111528623849
AILarvaLD50= 0.270875057950616
AIKOW= 7.3721162728034
AIKOC= 8.50720011047088
AIHalfLife= 0.443354460876435
EAppRate= 0.249654566938989
