ICQueenStrength= 3.50271795550361
RQWkrDrnRatio= 1.15079335682094
ICDroneMiteSurvivorship= 18.8088386785239
ICWorkerMiteSurvivorship= 16.6669816011563
ICForagerLifespan= 10.0575555479154
ImmType= Polynomial
AIAdultSlope= 3.01978517323732
