ICQueenStrength= 3.69484022399411
RQWkrDrnRatio= 4.17742906231433
ICDroneMiteSurvivorship= 66.7072106152773
ICWorkerMiteSurvivorship= 22.1892369911075
ICForagerLifespan= 9.78581982664764
ImmType= Logarithmic
AIAdultSlope= 2.21495067328215
AIAdultLD50= 0.693810707889497
AIAdultSlopeContact= 0.00115961594972759
AIAdultLD50Contact= 0.0259624614962377
AILarvaSlope= 1.14193836241029
AILarvaLD50= 0.664952484634705
AIKOW= 7.6356312064454
AIKOC= 14.1968752734829
AIHalfLife= 12.7995106936432
EAppRate= 0.821750270435587
