ICQueenStrength= 2.00705047487281
RQWkrDrnRatio= 2.71200850233436
ICDroneMiteSurvivorship= 64.9928969331086
ICWorkerMiteSurvivorship= 84.5634192926809
ICForagerLifespan= 13.026611821726
ImmType= Cosine
AIAdultSlope= 1.45945782807888
AIAdultLD50= 0.48442989285104
AIAdultSlopeContact= 1.43245003655786
AIAdultLD50Contact= 0.0287958225118928
AILarvaSlope= 0.37853216282092
AILarvaLD50= 0.198100414965302
AIKOW= 5.27932772506028
AIKOC= 28.8395853608381
AIHalfLife= 0.26465249597095
EAppRate= 0.389803364733234
