ICQueenStrength= 3.98687950475141
RQWkrDrnRatio= 1.89458630420268
ICDroneMiteSurvivorship= 12.2557532973588
ICWorkerMiteSurvivorship= 25.5556523101404
ICForagerLifespan= 12.483012046665
ImmType= Logarithmic
AIAdultSlope= 2.78783337307395
AIAdultLD50= 0.358936632750556
AIAdultSlopeContact= 1.8453168387129
AIAdultLD50Contact= 0.0479943244950846
AILarvaSlope= 1.42459195312113
AILarvaLD50= 0.591450384864584
AIKOW= 3.04702403070405
AIKOC= 16.7990903847385
AIHalfLife= 4.73971015773714
EAppRate= 0
