ICQueenStrength= 1.06838683411479
RQWkrDrnRatio= 4.97027891222388
