ICQueenStrength= 2.29930462106131
RQWkrDrnRatio= 1.83393677324057
ICDroneMiteSurvivorship= 8.92379686702043
ICWorkerMiteSurvivorship= 33.4302338305861
ICForagerLifespan= 5.15076634753495
ImmType= Polynomial
AIAdultSlopeContact= 1.75492599305464
AIAdultLD50Contact= 0.0266350560938008
AILarvaSlope= 1.39706900003366
AILarvaLD50= 0.130270308838226
AIKOW= 2.21112834196538
AIKOC= 29.2581948463339
AIHalfLife= 11.470237721689
