ICQueenStrength= 1.21695621218532
RQWkrDrnRatio= 3.4592925850302
