ICQueenStrength= 3.51127540948801
RQWkrDrnRatio= 1.93669675756246
ICDroneMiteSurvivorship= 63.7605233583599
ICWorkerMiteSurvivorship= 7.08108127582818
ICForagerLifespan= 9.99842010065913
ImmType= Cosine
AIAdultSlope= 1.14226494696923
AIAdultLD50= 2.43471503583714
AIAdultSlopeContact= 3.87064230486285
AIAdultLD50Contact= 0.045051471691113
AILarvaSlope= 2.51436167750508
AILarvaLD50= 0.2263473194791
AIKOW= 4.82447454333305
AIKOC= 23.9942735771183
AIHalfLife= 5.84489512443542
EAppRate= 0.626809953711927
