ICQueenStrength= 2.70870295725763
RQWkrDrnRatio= 4.01918969023973
ICDroneMiteSurvivorship= 75.0947180436924
ICWorkerMiteSurvivorship= 11.0767200356349
ICForagerLifespan= 12.8570287125185
ImmType= Exponential
AIAdultSlopeContact= 4.84386996598914
AIAdultLD50Contact= 0.000271462555974722
AILarvaSlope= 5.01347044017166
AILarvaLD50= 0.47633540770039
AIKOW= 59.6999647794291
AIKOC= 14.3101998372003
AIHalfLife= 10.9955983594991
