ICQueenStrength= 5.92769863922149
RQWkrDrnRatio= 4.104900540784
ICDroneMiteSurvivorship= 87.8163737710565
ICWorkerMiteSurvivorship= 55.2030115388334
ICForagerLifespan= 4.02743888366967
ImmType= Exponential
AIAdultSlope= 2.1386805373244
AIAdultLD50= 2.36826187907718
AIAdultSlopeContact= 2.10716317859944
AIAdultLD50Contact= 0.0125998695730232
AILarvaSlope= 0.779138606227934
AILarvaLD50= 0.803448302275501
AIKOW= 4.09998484328389
AIKOC= 26.8509099271614
AIHalfLife= 4.76072594989091
EAppRate= 0.856218927074224
