ICQueenStrength= 3.77287436299957
RQWkrDrnRatio= 2.43796211201698
ICDroneMiteSurvivorship= 77.7416427154094
ICWorkerMiteSurvivorship= 44.8741805041209
ICForagerLifespan= 15.2885151663795
ImmType= Logarithmic
AIAdultSlope= 0.116747236778028
AIAdultLD50= 0.410042801173404
AIAdultSlopeContact= 1.95431179636857
AIAdultLD50Contact= 0.021124889771454
AILarvaSlope= 1.70394429047592
AILarvaLD50= 0.580568580748513
AIKOW= 7.42654858808964
AIKOC= 13.812740718713
AIHalfLife= 0.68043987150304
EAppRate= 0
