ICQueenStrength= 1.977163502248
RQWkrDrnRatio= 4.51422140933573
ICDroneMiteSurvivorship= 23.7294174730778
ICWorkerMiteSurvivorship= 75.9104671189561
ICForagerLifespan= 11.3317209528759
ImmType= Sine
AIAdultSlope= 0.950309839705005
AIAdultLD50= 2.94939524098299
AIAdultSlopeContact= 1.79224375919905
AIAdultLD50Contact= 0.00585079644806683
AILarvaSlope= 0.924989788327366
AILarvaLD50= 0.178422983223572
AIKOW= 5.72203302988783
AIKOC= 5.7212835480459
AIHalfLife= 11.7026455411687
EAppRate= 0.813588202232495
