ICQueenStrength= 1.03503118176013
RQWkrDrnRatio= 3.42514913529158
ICDroneMiteSurvivorship= 61.6572691593319
ICWorkerMiteSurvivorship= 53.234643000178
ICForagerLifespan= 5.87567824684083
ImmType= Cosine
AIAdultSlope= 1.2804454466328
AIAdultLD50= 0.604937944561243
AIAdultSlopeContact= 3.0369378037937
AIAdultLD50Contact= 0.0430470712482929
AILarvaSlope= 0.677272014599293
AILarvaLD50= 0.562790887663141
AIKOW= 6.43710041185841
AIKOC= 9.64751042309217
AIHalfLife= 0.82466064626351
EAppRate= 0.709668611176312
