ICQueenStrength= 4.00264837918803
RQWkrDrnRatio= 1.20062450505793
ICDroneMiteSurvivorship= 47.9607331100851
ICWorkerMiteSurvivorship= 31.5503151388839
ICForagerLifespan= 7.84624804742634
ImmType= Polynomial
AIAdultSlope= 0.831111686930526
AIAdultLD50= 0.415249465499073
AIAdultSlopeContact= 1.25017956297845
AIAdultLD50Contact= 0.0106234375038184
AILarvaSlope= 3.28429317590781
AILarvaLD50= 0.23155546321068
AIKOW= 3.4664930710569
AIKOC= 22.949132702779
AIHalfLife= 1.80706381448545
EAppRate= 0.400521772028878
