ICQueenStrength= 2.4957186661195
RQWkrDrnRatio= 4.85845529008657
ICDroneMiteSurvivorship= 46.4169500861317
ICWorkerMiteSurvivorship= 35.173862054944
ICForagerLifespan= 9.58372183423489
ImmType= Logarithmic
AIAdultSlope= 0.0167415841948241
AIAdultSlopeContact= 0.0993037728779018
AIAdultLD50Contact= 0.0136405944707803
AILarvaSlope= 2.25597956622951
AILarvaLD50= 0.28310249929782
AIKOW= 7.95590583188459
AIKOC= 15.6640793790575
AIHalfLife= 10.9758458845317
