ICQueenStrength= 2.94878361187875
RQWkrDrnRatio= 3.1468323385343
ICDroneMiteSurvivorship= 41.9376921840012
ICWorkerMiteSurvivorship= 61.0392823116854
ICForagerLifespan= 14.0719264289364
ImmType= Cosine
AIAdultSlope= 1.27947128841653
AIAdultLD50= 0.274248125380836
AIAdultSlopeContact= 0.970119870447088
AIAdultLD50Contact= 0.0256251914193854
AILarvaSlope= 1.4279808091931
AILarvaLD50= 0.0497970103751868
AIKOW= 7.4272482842207
AIKOC= 18.8798820436932
AIHalfLife= 2.48885283828713
EAppRate= 0.360101690376177
