ICQueenStrength= 4.48312587244436
RQWkrDrnRatio= 3.40830392017961
ICDroneMiteSurvivorship= 40.8683770336211
ICWorkerMiteSurvivorship= 81.3891661353409
ICForagerLifespan= 11.6554094729945
ImmType= Sine
AIAdultSlope= 2.402180033396
AIAdultLD50= 0.300069762859493
AIAdultSlopeContact= 2.7614296724461
AIAdultLD50Contact= 0.0190033704508096
AILarvaSlope= 0.295239580934867
AILarvaLD50= 0.000974978785961866
AIKOW= 2.93699775915593
AIKOC= 17.6061442773789
AIHalfLife= 0.327625094214454
EAppRate= 0
