ICQueenStrength= 1.93207565951161
RQWkrDrnRatio= 4.13474467862397
ICDroneMiteSurvivorship= 16.9621328357607
ICWorkerMiteSurvivorship= 11.8674565572292
ICForagerLifespan= 7.79179652780294
ImmType= Exponential
AIAdultSlope= 3.44450486131478
AIAdultLD50= 0.244297527475283
AIAdultSlopeContact= 0.17008964732755
AIAdultLD50Contact= 0.038497996784281
AILarvaSlope= 1.77463820269331
AILarvaLD50= 0.811812401027419
AIKOW= 6.45159996440634
AIKOC= 28.853117559338
AIHalfLife= 4.87533267936669
EAppRate= 0
