ICQueenStrength= 5.41948279505596
RQWkrDrnRatio= 4.49486331641674
ICDroneMiteSurvivorship= 66.526194754988
ICWorkerMiteSurvivorship= 86.9569887639955
ICForagerLifespan= 10.7401828719303
ImmType= Polynomial
AIAdultSlope= 0.590330473061185
AIAdultLD50= 0.20046623935923
AIAdultSlopeContact= 3.52792399767553
AIAdultLD50Contact= 0.0129212933126837
AILarvaSlope= 3.30475225262344
AILarvaLD50= 0.538272868073545
AIKOW= 5.82830120110884
AIKOC= 25.8186790812761
AIHalfLife= 4.06808678526431
EAppRate= 0.230245909979567
