ICQueenStrength= 5.90198798594065
RQWkrDrnRatio= 1.69331511668861
ICDroneMiteSurvivorship= 13.8584108091891
ICWorkerMiteSurvivorship= 67.3440560232848
ICForagerLifespan= 11.1262294687331
ImmType= Tangent
AIAdultSlope= 0.812302685948089
AIAdultSlopeContact= 1.89170488059288
AIAdultLD50Contact= 0.0460814723395742
AILarvaSlope= 2.90764204594307
AILarvaLD50= 0.193373411754146
AIKOW= 4.19960142113268
AIKOC= 10.8606745849829
AIHalfLife= 0.17785462597385
