ICQueenStrength= 3.63393937260844
RQWkrDrnRatio= 1.96663409285247
ICDroneMiteSurvivorship= 86.6880183340982
ICWorkerMiteSurvivorship= 74.9216187978163
ICForagerLifespan= 13.9813923528418
ImmType= Exponential
AIAdultSlope= 1.68588561646175
AIAdultLD50= 0.482587607810274
AIAdultSlopeContact= 1.55163765355479
AIAdultLD50Contact= 0.0286457487847656
AILarvaSlope= 1.28822571756318
AILarvaLD50= 0.612275151629001
AIKOW= 2.28959222463891
AIKOC= 27.5805874040816
AIHalfLife= 0.876518287695944
EAppRate= 0.448408909956925
