ICQueenStrength= 3.62286047334783
RQWkrDrnRatio= 2.78164472524077
ICDroneMiteSurvivorship= 76.11779125873
ICWorkerMiteSurvivorship= 90.5614696443081
ICForagerLifespan= 8.29915440641344
ImmType= Sine
AIAdultSlope= 3.29387719524326
AIAdultLD50= 0.0741424040170386
AIAdultSlopeContact= 0.849307225879747
AIAdultLD50Contact= 0.032013517327141
AILarvaSlope= 2.32717485758476
AILarvaLD50= 0.233765887166373
AIKOW= 2.4728703899309
AIKOC= 28.7890789052472
AIHalfLife= 0.0504166493192315
EAppRate= 0
