ICQueenStrength= 1.62147257616743
RQWkrDrnRatio= 1.89261784777045
ICDroneMiteSurvivorship= 80.1790357800201
ICWorkerMiteSurvivorship= 96.8790909741074
ICForagerLifespan= 8.32747783511877
ImmType= Exponential
AIAdultSlope= 1.93277075723745
AIAdultLD50= 0.0962596479803324
AIAdultSlopeContact= 3.67505807119422
AIAdultLD50Contact= 0.0171661306289025
AILarvaSlope= 1.07319012233056
AILarvaLD50= 0.504877357324585
AIKOW= 2.09154576482251
AIKOC= 5.09411268401891
AIHalfLife= 2.39078539749607
EAppRate= 0.758764780825004
