ICQueenStrength= 2.94153633434325
RQWkrDrnRatio= 1.78600750211626
ICDroneMiteSurvivorship= 19.4411220028996
ICWorkerMiteSurvivorship= 51.7475502798334
ICForagerLifespan= 4.74340231344104
ImmType= Tangent
AIAdultLD50= 0.154012839635834
AIAdultSlopeContact= 1.67280280853854
AIAdultLD50Contact= 0.0499234091956168
AILarvaSlope= 1.94634070782922
AILarvaLD50= 0.0396069288952276
AIKOW= 4.86639717267826
AIKOC= 29.9310186423827
AIHalfLife= 1.1998009965755
EAppRate= 1.29635522887111
