ICQueenStrength= 2.52748040505685
RQWkrDrnRatio= 2.57211371697485
ICDroneMiteSurvivorship= 5.37353996187449
ICWorkerMiteSurvivorship= 40.7848678529263
ICForagerLifespan= 6.21003276389092
ImmType= Polynomial
AIAdultSlope= 2.17176526086405
AIAdultLD50= 0.0421882732771337
AIAdultSlopeContact= 1.81898671202362
AIAdultLD50Contact= 0.00331639959476888
AILarvaSlope= 7.9731224454008
AILarvaLD50= 1.21508505567908
AIKOW= 42.0639342628419
AIKOC= 89.4119940698147
AIHalfLife= 10.6362851639278
EAppRate= 1.48245244240388
