ICQueenStrength= 1.63225715886801
RQWkrDrnRatio= 1.86167820543051
ICDroneMiteSurvivorship= 66.5621953783557
ICWorkerMiteSurvivorship= 26.48063050583
ICForagerLifespan= 15.9328656354919
ImmType= Cosine
AIAdultSlope= 3.01282039418584
AIAdultLD50= 0.356793318642303
AIAdultSlopeContact= 2.8921034602588
AIAdultLD50Contact= 0.048336496471893
AILarvaSlope= 1.82529225861654
AILarvaLD50= 0.603901496669278
AIKOW= 5.65623781830072
AIKOC= 28.0880346207414
AIHalfLife= 2.09297635243274
EAppRate= 0.505029742699116
