ICQueenStrength= 3.27537411032245
RQWkrDrnRatio= 2.08101500570774
ICDroneMiteSurvivorship= 42.619883432053
ICWorkerMiteSurvivorship= 69.8485360946506
ICForagerLifespan= 8.45702230837196
ImmType= Cosine
AIAdultSlope= 0.940186404716224
AIAdultLD50= 0.848918226314709
AIAdultSlopeContact= 2.41545515108854
AIAdultLD50Contact= 0.0313354594632983
AILarvaSlope= 0.453468793584034
AILarvaLD50= 0.196990095055662
AIKOW= 5.98245396418497
AIKOC= 19.3231669499073
AIHalfLife= 7.65985528333113
EAppRate= 0.0407510548830032
