ICQueenStrength= 5.52717387815937
RQWkrDrnRatio= 4.07007648888975
ICDroneMiteSurvivorship= 28.2978459028527
ICWorkerMiteSurvivorship= 76.828747545369
ICForagerLifespan= 8.67857536580414
ImmType= Sine
AIAdultSlope= 1.92859859298915
AIAdultLD50= 0.297507016221061
AIAdultSlopeContact= 3.01283105605049
AIAdultLD50Contact= 0.034732269437518
AILarvaSlope= 2.21942637790926
AILarvaLD50= 0.696489829290658
AIKOW= 4.53024227870628
AIKOC= 26.8034404737409
AIHalfLife= 0.74748792219907
EAppRate= 0.27521922532469
