ICQueenStrength= 3.56626154063269
RQWkrDrnRatio= 4.67021040152758
ICDroneMiteSurvivorship= 36.2500271294266
ICWorkerMiteSurvivorship= 84.8464956274256
ICForagerLifespan= 7.17513287626207
ImmType= Sine
AIAdultSlope= 1.5211207463406
AIAdultLD50= 1.69887009146623
AIAdultSlopeContact= 3.33386149629951
AIAdultLD50Contact= 0.0190383164561354
AILarvaSlope= 1.89083024333231
AILarvaLD50= 0.509776903269813
AIKOW= 3.73903369950131
AIKOC= 28.7748442857992
AIHalfLife= 1.67019710736349
EAppRate= 0.867571490583941
