ICQueenStrength= 3.60011040023528
RQWkrDrnRatio= 3.56793996226043
ICDroneMiteSurvivorship= 83.6436459096149
ICWorkerMiteSurvivorship= 91.5866224793717
ICForagerLifespan= 15.8869243348017
ImmType= Exponential
AIAdultSlope= 0.784605428469367
AIAdultLD50= 0.36573136842344
AIAdultSlopeContact= 1.33767763759475
AIAdultLD50Contact= 0.0154370482545346
AILarvaSlope= 2.25172384446487
AILarvaLD50= 0.5874510016758
AIKOW= 5.61265342216939
AIKOC= 16.3411598664243
AIHalfLife= 0.745172376045957
EAppRate= 0
