ICQueenStrength= 5.63254259317182
RQWkrDrnRatio= 1.12575938366354
ICDroneMiteSurvivorship= 36.2401419784874
ICWorkerMiteSurvivorship= 38.004923122935
ICForagerLifespan= 10.1499892063439
ImmType= Polynomial
AIAdultSlope= 0.61344713550061
AIAdultLD50= 2.92666631005704
AIAdultSlopeContact= 1.82682416479569
AIAdultLD50Contact= 0.0192294981097803
AILarvaSlope= 0.200983242318034
AILarvaLD50= 0.531350985355675
AIKOW= 5.63518255017698
AIKOC= 12.5633589294739
AIHalfLife= 10.9963718857616
EAppRate= 0.815238491864875
