ICQueenStrength= 2.37887511984445
RQWkrDrnRatio= 1.13231369666755
ICDroneMiteSurvivorship= 94.2807747982442
ICWorkerMiteSurvivorship= 48.0782513739541
ICForagerLifespan= 10.3256824212149
ImmType= Cosine
AIAdultSlope= 0.354881376912817
AIAdultLD50= 2.57526602922007
AIAdultSlopeContact= 2.9716062380746
AIAdultLD50Contact= 0.0213799873599783
AILarvaSlope= 3.35720850275829
AILarvaLD50= 0.207937637809664
AIKOW= 5.11029409710318
AIKOC= 20.1081885909662
AIHalfLife= 12.064688438084
EAppRate= 0.269730352796614
