ICQueenStrength= 2.6454304382205
RQWkrDrnRatio= 3.08156414050609
ICDroneMiteSurvivorship= 67.2997664893046
ICWorkerMiteSurvivorship= 25.1842297147959
ICForagerLifespan= 12.8581457156688
ImmType= Cosine
AIAdultSlope= 1.98655253932811
AIAdultLD50= 2.22008359828033
AIAdultSlopeContact= 2.79914388664998
AIAdultLD50Contact= 0.0197805411880836
AILarvaSlope= 1.1924064476043
AILarvaLD50= 0.118374063726515
AIKOW= 3.74538002396002
AIKOC= 9.91440987098031
AIHalfLife= 6.02105339383706
EAppRate= 0.29586469498463
