ICQueenStrength= 3.4038424314931
RQWkrDrnRatio= 1.79604816436768
