ICQueenStrength= 3.73914412828162
RQWkrDrnRatio= 2.67708032950759
ICDroneMiteSurvivorship= 28.9540082681924
ICWorkerMiteSurvivorship= 20.8295007701963
ICForagerLifespan= 9.27357127796859
ImmType= Cosine
AIAdultSlope= 1.88400778304785
AIAdultLD50= 1.1595013467595
AIAdultSlopeContact= 1.16422073513735
AIAdultLD50Contact= 0.0481631275266409
AILarvaSlope= 0.464874792750925
AILarvaLD50= 0.695708130905405
AIKOW= 5.78336958028376
AIKOC= 13.9930120331701
AIHalfLife= 6.77020996902138
EAppRate= 0.910353240557015
