ICQueenStrength= 1.8312129904516
RQWkrDrnRatio= 2.76685746945441
ICDroneMiteSurvivorship= 54.4120213482529
ICWorkerMiteSurvivorship= 74.0885404171422
ICForagerLifespan= 15.910377743654
ImmType= Tangent
AIAdultSlopeContact= 2.7871276247967
AIAdultLD50Contact= 0.0360480646253563
AILarvaSlope= 0.872026650141925
AILarvaLD50= 0.649842727440409
AIKOW= 6.56820845231414
AIKOC= 9.9431910738349
AIHalfLife= 10.842046089936
