ICQueenStrength= 2.02484588860534
RQWkrDrnRatio= 3.78855042718351
ICDroneMiteSurvivorship= 66.984905092977
ICWorkerMiteSurvivorship= 81.4662993187085
ICForagerLifespan= 8.70940921921283
ImmType= Logarithmic
AIAdultSlope= 3.2037437258265
AIAdultLD50= 0.492779984720983
AIAdultSlopeContact= 0.0297745344182476
AIAdultLD50Contact= 0.000278693356085569
AILarvaSlope= 1.85452185925096
AILarvaLD50= 0.0403070550179109
AIKOW= 4.27950989129022
AIKOC= 16.7031665926334
AIHalfLife= 4.25247608451173
EAppRate= 0.142836265428923
