ICQueenStrength= 2.3359940587543
RQWkrDrnRatio= 4.5650702342391
ICDroneMiteSurvivorship= 25.1040104776621
ICWorkerMiteSurvivorship= 11.0864187357947
ICForagerLifespan= 6.58848325815052
ImmType= Cosine
AIAdultSlopeContact= 3.30604064792627
AIAdultLD50Contact= 0.0226160121732391
AILarvaSlope= 2.39346765913069
AILarvaLD50= 0.504789218050428
AIKOW= 7.87237643823028
AIKOC= 26.2192339182366
AIHalfLife= 2.73176635149866
