ICQueenStrength= 4.80893669323996
RQWkrDrnRatio= 1.53804766759276
ICDroneMiteSurvivorship= 2.81750657595694
ICWorkerMiteSurvivorship= 62.5648775137961
ICForagerLifespan= 8.51944055594504
ImmType= Logarithmic
AIAdultSlope= 1.40370631823316
