ICQueenStrength= 1.23323486908339
RQWkrDrnRatio= 1.17780766636133
ICDroneMiteSurvivorship= 13.3981772465631
ICWorkerMiteSurvivorship= 82.8053740318865
ICForagerLifespan= 4.75993993971497
ImmType= Cosine
AIAdultSlope= 1.37411478087306
AIAdultLD50= 2.72655909997411
AIAdultSlopeContact= 2.86153526933631
AIAdultLD50Contact= 0.0239743696060032
AILarvaSlope= 2.12246516551822
AILarvaLD50= 0.768909549387172
AIKOW= 5.40262900898233
AIKOC= 17.9851964535192
AIHalfLife= 0.82560987630859
EAppRate= 0.487303677015007
