ICQueenStrength= 3.3121145516634
RQWkrDrnRatio= 2.16221490968019
