ICQueenStrength= 3.51353395869955
RQWkrDrnRatio= 2.64534541405737
ICDroneMiteSurvivorship= 2.63962247408926
ICWorkerMiteSurvivorship= 58.4933921927586
ICForagerLifespan= 15.0566927967593
ImmType= Tangent
AIAdultSlope= 2.51204349106411
AIAdultLD50= 0.486413126112893
AIAdultSlopeContact= 0.536948750317097
AIAdultLD50Contact= 0.00177144818007946
AILarvaSlope= 1.52024658187293
AILarvaLD50= 0.235648388648406
AIKOW= 4.68005939619616
AIKOC= 19.5664510084316
AIHalfLife= 4.06288680853322
EAppRate= 0
