ICQueenStrength= 1.74178956565447
RQWkrDrnRatio= 4.26900631934404
ICDroneMiteSurvivorship= 72.6564713055268
ICWorkerMiteSurvivorship= 91.1221431568265
ICForagerLifespan= 8.16876429412514
ImmType= Tangent
AIAdultSlope= 3.3789024554193
AIAdultLD50= 2.89021083782427
AIAdultSlopeContact= 3.65767984579084
AIAdultLD50Contact= 0.027067989774514
AILarvaSlope= 3.15675202617422
AILarvaLD50= 0.286660195793957
AIKOW= 4.13368602562696
AIKOC= 24.9791948660277
AIHalfLife= 2.77482704818249
EAppRate= 0.695078446995467
