ICQueenStrength= 5.87778134760447
RQWkrDrnRatio= 1.05994984507561
ICDroneMiteSurvivorship= 54.904923401773
ICWorkerMiteSurvivorship= 62.6442664070055
ICForagerLifespan= 11.2048255270347
ImmType= Polynomial
AIAdultSlope= 2.29629246280529
AIAdultLD50= 1.47294862358831
AIAdultSlopeContact= 1.8366271225526
AIAdultLD50Contact= 0.0495023426949047
AILarvaSlope= 0.312802004208788
AILarvaLD50= 0.423243899107911
AIKOW= 4.82483175909147
AIKOC= 23.8264226890169
AIHalfLife= 4.02152266493067
EAppRate= 0.0243988034781069
