ICQueenStrength= 5.2524958436843
RQWkrDrnRatio= 1.36020349990577
ICDroneMiteSurvivorship= 3.28200501389802
ICWorkerMiteSurvivorship= 54.5923924539238
ICForagerLifespan= 15.5241025388241
ImmType= Sine
AIAdultSlope= 2.57881404780783
AIAdultSlopeContact= 2.05447716631461
AIAdultLD50Contact= 0.0465202020015568
AILarvaSlope= 2.61231863913126
AILarvaLD50= 0.703521642554551
AIKOW= 3.54250036738813
AIKOC= 23.9670687308535
AIHalfLife= 5.13551627472043
