ICQueenStrength= 4.5371001670137
RQWkrDrnRatio= 4.72447683196515
ICDroneMiteSurvivorship= 29.3658705428243
ICWorkerMiteSurvivorship= 97.3260123748332
ICForagerLifespan= 7.8380964063108
ImmType= Exponential
AIAdultSlopeContact= 3.60799235026119
AIAdultLD50Contact= 0.0239186210324988
AILarvaSlope= 0.891723188525066
AILarvaLD50= 0.44885027341079
AIKOW= 2.66426986223087
AIKOC= 29.1968926566187
AIHalfLife= 4.3056180565618
