ICQueenStrength= 4.72266440535896
RQWkrDrnRatio= 2.81427208520472
ICDroneMiteSurvivorship= 21.2065149098635
ICWorkerMiteSurvivorship= 24.6518029365689
ICForagerLifespan= 4.81256914697587
ImmType= Sine
AIAdultSlope= 1.95660677687265
AIAdultLD50= 1.77129491139203
AIAdultSlopeContact= 2.8893663678132
AIAdultLD50Contact= 0.0379462364944629
AILarvaSlope= 2.12351554632187
AILarvaLD50= 0.0692119106417522
AIKOW= 2.06088337441906
AIKOC= 5.98429508507252
AIHalfLife= 10.4963820041157
EAppRate= 0.851235470268875
