ICQueenStrength= 4.48834728822112
RQWkrDrnRatio= 4.17326918430626
ICDroneMiteSurvivorship= 77.9021125053987
ICWorkerMiteSurvivorship= 46.2678386131302
ICForagerLifespan= 11.0627837814391
ImmType= Sine
AIAdultSlope= 2.28726402376778
AIAdultLD50= 2.21543705952354
AIAdultSlopeContact= 2.92888818898704
AIAdultLD50Contact= 0.0268439363571815
AILarvaSlope= 0.672639841493219
AILarvaLD50= 0.696876453375444
AIKOW= 6.25674797361717
AIKOC= 7.50510608893819
AIHalfLife= 1.88990124315023
EAppRate= 0.111061686649919
