ICQueenStrength= 4.79631294985302
RQWkrDrnRatio= 2.01550444588065
ICDroneMiteSurvivorship= 6.41902778297663
ICWorkerMiteSurvivorship= 15.7878117868677
ICForagerLifespan= 11.2858815062791
ImmType= Tangent
AIAdultSlope= 1.86952909855172
AIAdultSlopeContact= 2.51279475997668
AIAdultLD50Contact= 0.0222346405964345
AILarvaSlope= 1.37834097347222
AILarvaLD50= 0.251641721022315
AIKOW= 3.71113730361685
AIKOC= 19.9646258563735
AIHalfLife= 5.4698366462253
