ICQueenStrength= 2.45225412328728
RQWkrDrnRatio= 3.87631486728787
ICDroneMiteSurvivorship= 37.9971984773874
ICWorkerMiteSurvivorship= 54.1286881314591
ICForagerLifespan= 10.229304311797
ImmType= Polynomial
AIAdultSlope= 1.11526892664842
AIAdultLD50= 2.25717659527436
AIAdultSlopeContact= 0.464796556814108
AIAdultLD50Contact= 0.0169458339107223
AILarvaSlope= 1.33174052420072
AILarvaLD50= 0.34325431168545
AIKOW= 2.61842920165509
AIKOC= 17.022808828624
AIHalfLife= 10.9471258670092
EAppRate= 0.87249697255902
