ICQueenStrength= 5.39528136514127
RQWkrDrnRatio= 4.99894868396223
ICDroneMiteSurvivorship= 81.8445870885625
ICWorkerMiteSurvivorship= 3.76018292736262
ICForagerLifespan= 11.0681773182005
ImmType= Tangent
AIAdultSlope= 1.36678689545952
AIAdultLD50= 1.09788260352798
AIAdultSlopeContact= 1.50262097707484
AIAdultLD50Contact= 0.000776684761513025
AILarvaSlope= 1.17460689963773
AILarvaLD50= 0.502580717951059
AIKOW= 6.74932960327715
AIKOC= 15.2165860647801
AIHalfLife= 0.133658854756504
EAppRate= 0.339765388052911
