ICQueenStrength= 3.56344714085571
RQWkrDrnRatio= 3.73486827034503
ICDroneMiteSurvivorship= 67.9401235422119
ICWorkerMiteSurvivorship= 79.2543420335278
ICForagerLifespan= 7.03914735466242
ImmType= Cosine
AIAdultSlopeContact= 5.83583431318402
AIAdultLD50Contact= 0.0975724673829973
AILarvaSlope= 7.49802532605827
AILarvaLD50= 1.38211292820051
AIKOW= 67.1650833217427
AIKOC= 99.9809871893376
AIHalfLife= 11.6722208354622
