ICQueenStrength= 1.32621387974359
RQWkrDrnRatio= 4.84669499471784
ICDroneMiteSurvivorship= 15.4148331377655
ICWorkerMiteSurvivorship= 89.0795440180227
ICForagerLifespan= 12.2001058245078
ImmType= Exponential
AIAdultSlope= 3.42355669738026
AIAdultLD50= 0.337787599419244
AIAdultSlopeContact= 0.771895116011146
AIAdultLD50Contact= 0.0353393707773648
AILarvaSlope= 2.25877329269424
AILarvaLD50= 0.0191425711847842
AIKOW= 6.96093990607187
AIKOC= 14.2231457703747
AIHalfLife= 2.95497701736167
EAppRate= 0
