ICQueenStrength= 2.13733601174317
RQWkrDrnRatio= 4.52012766338885
ICDroneMiteSurvivorship= 12.7087855245918
ICWorkerMiteSurvivorship= 42.6624341169372
ICForagerLifespan= 15.4459377462044
ImmType= Logarithmic
AIAdultSlope= 2.50966075579636
AIAdultSlopeContact= 2.41931863952195
AIAdultLD50Contact= 0.00855615645414218
AILarvaSlope= 1.36690739570186
AILarvaLD50= 0.784893893636763
AIKOW= 6.53158006211743
AIKOC= 15.1540034112986
AIHalfLife= 12.9930698047392
