ICQueenStrength= 2.87858046032488
RQWkrDrnRatio= 3.44873006269336
ICDroneMiteSurvivorship= 66.4911546744406
ICWorkerMiteSurvivorship= 26.9054748816416
ICForagerLifespan= 9.7885531373322
ImmType= Polynomial
AIAdultSlope= 1.61268383497372
AIAdultLD50= 0.384212476667017
AIAdultSlopeContact= 9.30946054402739
AIAdultLD50Contact= 0.153894354170188
AILarvaSlope= 9.89777909824625
AILarvaLD50= 0.217200465966016
AIKOW= 10.1470636902377
AIKOC= 70.0725960312411
AIHalfLife= 12.7317067822441
EAppRate= 0.793366405647248
