ICQueenStrength= 5.24824814894237
RQWkrDrnRatio= 4.19251212943345
ICDroneMiteSurvivorship= 25.4747615428641
ICWorkerMiteSurvivorship= 51.4031812315807
ICForagerLifespan= 15.8441806212068
ImmType= Exponential
AIAdultSlope= 1.81144574358361
AIAdultLD50= 0.191602189443074
AIAdultSlopeContact= 1.76878874126589
AIAdultLD50Contact= 0.00584910983452573
AILarvaSlope= 0.552205174928531
AILarvaLD50= 0.407312773028389
AIKOW= 5.55101412860677
AIKOC= 10.7667639979627
AIHalfLife= 4.95209694025107
EAppRate= 0.697494335565716
