ICQueenStrength= 5.97456400422379
RQWkrDrnRatio= 2.36172811128199
ICDroneMiteSurvivorship= 2.32378076761961
ICWorkerMiteSurvivorship= 2.53823304083198
ICForagerLifespan= 10.7247170731425
ImmType= Sine
AIAdultSlope= 2.47359443721129
AIAdultLD50= 0.332609392236918
AIAdultSlopeContact= 3.24810884816805
AIAdultLD50Contact= 0.0165732359630056
AILarvaSlope= 2.40945378607139
AILarvaLD50= 0.736009439709596
AIKOW= 7.38508681673557
AIKOC= 15.2346900792327
AIHalfLife= 2.72001038305461
EAppRate= 0.663513486250304
