ICQueenStrength= 5.67740944353864
RQWkrDrnRatio= 1.81017111614347
ICDroneMiteSurvivorship= 7.49078819062561
ICWorkerMiteSurvivorship= 94.5246523246169
ICForagerLifespan= 15.7155693052337
ImmType= Logarithmic
AIAdultSlope= 1.30230946550611
AIAdultLD50= 0.490458890912123
AIAdultSlopeContact= 2.38311992354924
AIAdultLD50Contact= 0.0304345316602848
AILarvaSlope= 2.80407026493922
AILarvaLD50= 0.524168447032571
AIKOW= 2.11837979778647
AIKOC= 13.4658381063491
AIHalfLife= 3.07952868868597
EAppRate= 0.223272270755842
