ICQueenStrength= 1.48418637365103
RQWkrDrnRatio= 4.63832053355873
ICDroneMiteSurvivorship= 34.9644403439015
ICWorkerMiteSurvivorship= 59.0063702780753
ICForagerLifespan= 14.1276636067778
ImmType= Exponential
AIAdultSlopeContact= 1.30492870280519
AIAdultLD50Contact= 0.0440996389137581
AILarvaSlope= 0.98561178999953
AILarvaLD50= 0.148921318911016
AIKOW= 3.22118711378425
AIKOC= 6.92998631973751
AIHalfLife= 0.519542023073882
