ICQueenStrength= 3.76950505678542
RQWkrDrnRatio= 4.3955304659903
ICDroneMiteSurvivorship= 32.786178169772
ICWorkerMiteSurvivorship= 53.6380737088621
ICForagerLifespan= 5.06490090489388
ImmType= Polynomial
AIAdultSlope= 0.138998646216933
AIAdultLD50= 0.200896126567386
AIAdultSlopeContact= 0.514162740600295
AIAdultLD50Contact= 0.0409571041935124
AILarvaSlope= 1.82690863646567
AILarvaLD50= 0.011400115233846
AIKOW= 7.27199197933078
AIKOC= 19.5031541702338
AIHalfLife= 2.10932692280039
EAppRate= 0.0754473791224882
