ICQueenStrength= 3.31707985280082
RQWkrDrnRatio= 1.28863023594022
ICDroneMiteSurvivorship= 16.0099571105093
ICWorkerMiteSurvivorship= 81.4591963542625
ICForagerLifespan= 4.69877205137163
ImmType= Tangent
AIAdultSlope= 6.96277486626059
