ICQueenStrength= 2.31863739923574
RQWkrDrnRatio= 4.160515694879
ICDroneMiteSurvivorship= 89.4957768265158
ICWorkerMiteSurvivorship= 23.5538821434602
ICForagerLifespan= 8.37368085235357
ImmType= Polynomial
AIAdultSlope= 2.00357735478319
AIAdultLD50= 0.596500090090558
AIAdultSlopeContact= 3.4789243003889
AIAdultLD50Contact= 0.00627449339954183
AILarvaSlope= 2.99454717156477
AILarvaLD50= 0.743944262852892
AIKOW= 7.0893650976941
AIKOC= 11.3874113024212
AIHalfLife= 0.460616079624742
EAppRate= 0.435833353083581
