ICQueenStrength= 5.65386519324966
RQWkrDrnRatio= 3.75258305855095
ICDroneMiteSurvivorship= 66.3396000862122
ICWorkerMiteSurvivorship= 13.8190568424761
ICForagerLifespan= 5.28598100505769
ImmType= Tangent
AIAdultSlope= 0.203996847150847
AIAdultLD50= 2.13379644183442
AIAdultSlopeContact= 0.644388172847684
AIAdultLD50Contact= 0.04499435267644
AILarvaSlope= 2.90404396043159
AILarvaLD50= 0.412610433809459
AIKOW= 2.31830018293113
AIKOC= 14.6594221657142
AIHalfLife= 9.91414176672697
EAppRate= 0.434700725832954
