ICQueenStrength= 2.13291829708032
RQWkrDrnRatio= 1.62092263624072
ICDroneMiteSurvivorship= 32.8177134739235
ICWorkerMiteSurvivorship= 54.7673873836175
ICForagerLifespan= 8.9970417143777
ImmType= Tangent
AIAdultSlope= 1.6387000630796
AIAdultLD50= 0.270773651893251
AIAdultSlopeContact= 3.32065802410478
AIAdultLD50Contact= 0.0382683951524086
AILarvaSlope= 2.13903156090528
AILarvaLD50= 0.291181848454289
AIKOW= 6.34012433886528
AIKOC= 10.5950090812985
AIHalfLife= 2.06953955697827
EAppRate= 0.224376279721037
