ICQueenStrength= 1.59409266919829
RQWkrDrnRatio= 1.02327390573919
ICDroneMiteSurvivorship= 7.03574309591204
ICWorkerMiteSurvivorship= 13.5989192640409
ICForagerLifespan= 7.69898619502783
ImmType= Exponential
AIAdultSlope= 0.0545952764805406
AIAdultLD50= 2.61320281983353
AIAdultSlopeContact= 3.57488581385929
AIAdultLD50Contact= 0.0381244755466469
AILarvaSlope= 0.868650364270434
AILarvaLD50= 0.31739054673817
AIKOW= 2.40466897841543
AIKOC= 10.6392666883767
AIHalfLife= 3.05288249393925
EAppRate= 0.635471350280568
