ICQueenStrength= 2.13014120608568
RQWkrDrnRatio= 2.47923378553241
ICDroneMiteSurvivorship= 4.73149304743856
ICWorkerMiteSurvivorship= 15.3309923829511
ICForagerLifespan= 8.18588113505393
ImmType= Cosine
AIAdultSlope= 2.01782784015639
AIAdultLD50= 0.318902110564522
AIAdultSlopeContact= 1.54915123205166
AIAdultLD50Contact= 0.00144920870661736
AILarvaSlope= 1.94876135843806
AILarvaLD50= 0.222155348444358
AIKOW= 7.32766576204449
AIKOC= 25.1829147292301
AIHalfLife= 2.74930874002166
EAppRate= 0.170332128624432
