ICQueenStrength= 1.78115427168086
RQWkrDrnRatio= 3.40276417322457
ICDroneMiteSurvivorship= 0.224183569662273
ICWorkerMiteSurvivorship= 12.630005273968
ICForagerLifespan= 10.0292162466794
ImmType= Polynomial
AIAdultSlope= 1.12182775945868
AIAdultLD50= 0.250633268849924
AIAdultSlopeContact= 1.97601181757636
AIAdultLD50Contact= 0.0333569971378893
AILarvaSlope= 2.0894281248562
AILarvaLD50= 0.317644458892755
AIKOW= 6.75560555746779
AIKOC= 29.6541224885732
AIHalfLife= 2.62272151187062
EAppRate= 0.545495633874089
