ICQueenStrength= 1.70000775624067
RQWkrDrnRatio= 2.68492091819644
ICDroneMiteSurvivorship= 61.4311551908031
ICWorkerMiteSurvivorship= 8.85041346773505
ICForagerLifespan= 12.9731507580727
ImmType= Tangent
AIAdultSlope= 0.857581398449838
