ICQueenStrength= 2.151653600391
RQWkrDrnRatio= 3.87633644510061
ICDroneMiteSurvivorship= 69.3475837353617
ICWorkerMiteSurvivorship= 41.9145906344056
ICForagerLifespan= 10.5363693637773
ImmType= Logarithmic
AIAdultSlope= 0.218458588514477
AIAdultLD50= 0.807296180399135
AIAdultSlopeContact= 0.929156597563997
AIAdultLD50Contact= 0.00126591279404238
AILarvaSlope= 1.88620172357187
AILarvaLD50= 0.0869961430784315
AIKOW= 3.18151932395995
AIKOC= 5.82945040776394
AIHalfLife= 9.0335541954264
EAppRate= 0.508028090931475
