ICQueenStrength= 4.23505588225089
RQWkrDrnRatio= 1.22174274455756
ICDroneMiteSurvivorship= 18.3950538514182
ICWorkerMiteSurvivorship= 57.5215688440949
ICForagerLifespan= 11.7336420919746
ImmType= Sine
AIAdultSlope= 1.32078031394631
AIAdultLD50= 1.38335516466759
AIAdultSlopeContact= 2.93600711381994
AIAdultLD50Contact= 0.0329592676833272
AILarvaSlope= 1.52337071960792
AILarvaLD50= 0.653776769712567
AIKOW= 3.47807018784806
AIKOC= 25.7835511711892
AIHalfLife= 10.0510232732631
EAppRate= 0.306233131093904
