ICQueenStrength= 1.98707582894713
RQWkrDrnRatio= 3.62800828181207
