ICQueenStrength= 2.61184146418236
RQWkrDrnRatio= 3.85758063569665
ICDroneMiteSurvivorship= 77.5078299455345
ICWorkerMiteSurvivorship= 69.3265837384388
ICForagerLifespan= 10.4584423797205
ImmType= Tangent
AIAdultSlope= 3.07287581741111
AIAdultLD50= 0.171031929785386
AIAdultSlopeContact= 1.85845282785594
AIAdultLD50Contact= 0.0466829585377127
AILarvaSlope= 2.81183827361092
AILarvaLD50= 0.587974978541024
AIKOW= 2.47765354532748
AIKOC= 25.8029597357381
AIHalfLife= 0.178893982665613
EAppRate= 0
