ICQueenStrength= 1.57322289445437
RQWkrDrnRatio= 2.58408363536
ICDroneMiteSurvivorship= 73.022943502292
ICWorkerMiteSurvivorship= 5.99175631068647
ICForagerLifespan= 7.58753358200192
ImmType= Polynomial
AIAdultSlope= 2.74575983174145
