ICQueenStrength= 5.61243466823362
RQWkrDrnRatio= 3.01732963696122
ICDroneMiteSurvivorship= 28.9435673505068
ICWorkerMiteSurvivorship= 80.0883769756183
ICForagerLifespan= 15.8944512503222
ImmType= Cosine
AIAdultSlopeContact= 7.79658612562343
AIAdultLD50Contact= 0.107153144432232
AILarvaSlope= 0.0557457725517452
AILarvaLD50= 0.552173393312842
AIKOW= 54.6970004681498
AIKOC= 55.8250907808542
AIHalfLife= 12.1966340057552
