ICQueenStrength= 1.76151553890668
RQWkrDrnRatio= 2.35481734294444
ICDroneMiteSurvivorship= 22.0634152879938
ICWorkerMiteSurvivorship= 50.3729267977178
ICForagerLifespan= 6.41566202137619
ImmType= Tangent
AIAdultSlope= 0.554731267504394
AIAdultLD50= 1.40488787437789
AIAdultSlopeContact= 3.44033518740674
AIAdultLD50Contact= 0.0270072563667782
AILarvaSlope= 2.85780198946595
AILarvaLD50= 0.0282570244045928
AIKOW= 6.40053661260754
AIKOC= 13.6654409882613
AIHalfLife= 9.48176976293325
EAppRate= 0.223010506248102
