ICQueenStrength= 3.08858374156989
RQWkrDrnRatio= 2.88878879416734
ICDroneMiteSurvivorship= 74.5485588908195
ICWorkerMiteSurvivorship= 12.3842171160504
ICForagerLifespan= 13.8604286434129
ImmType= Tangent
AIAdultSlopeContact= 0.249535744870082
AIAdultLD50Contact= 0.000232135877013206
AILarvaSlope= 2.66234011054039
AILarvaLD50= 0.571234894869849
AIKOW= 7.30441519804299
AIKOC= 22.6989756291732
AIHalfLife= 5.52444809256122
