ICQueenStrength= 2.78107329062186
RQWkrDrnRatio= 2.4720753999427
ICDroneMiteSurvivorship= 91.3810052443296
ICWorkerMiteSurvivorship= 18.7439551111311
ICForagerLifespan= 14.2655666228384
ImmType= Polynomial
AIAdultSlopeContact= 2.56363831658615
AIAdultLD50Contact= 0.0174765322241001
AILarvaSlope= 1.61500781602226
AILarvaLD50= 0.298443244351074
AIKOW= 6.97982478095219
AIKOC= 23.741609173594
AIHalfLife= 9.87557368306443
