ICQueenStrength= 4.55830298620276
RQWkrDrnRatio= 2.22799600288272
ICDroneMiteSurvivorship= 13.8177265645936
ICWorkerMiteSurvivorship= 28.4465506440029
ICForagerLifespan= 6.75095995794982
ImmType= Tangent
AIAdultSlope= 3.22765857260674
AIAdultLD50= 2.43909178557806
AIAdultSlopeContact= 1.03081771036377
AIAdultLD50Contact= 0.0398827986093238
AILarvaSlope= 3.32476684502326
AILarvaLD50= 0.017197397374548
AIKOW= 4.75718302233145
AIKOC= 28.9700543461367
AIHalfLife= 10.7234477871098
EAppRate= 0.42817686451599
