ICQueenStrength= 5.56829199451022
RQWkrDrnRatio= 1.47783485334367
ICDroneMiteSurvivorship= 57.5375790940598
ICWorkerMiteSurvivorship= 88.7121020583436
ICForagerLifespan= 13.3771795742214
ImmType= Cosine
AIAdultSlope= 0.931660742824897
AIAdultLD50= 1.5153862000443
AIAdultSlopeContact= 1.29029344064416
AIAdultLD50Contact= 0.0342733163153753
AILarvaSlope= 1.53065114715137
AILarvaLD50= 0.0523614697856829
AIKOW= 4.87222295021638
AIKOC= 14.5861112291459
AIHalfLife= 4.66090777143836
EAppRate= 0.800130852730945
