ICQueenStrength= 2.93635687115602
RQWkrDrnRatio= 3.32202304992825
ICDroneMiteSurvivorship= 39.82631736435
ICWorkerMiteSurvivorship= 69.3384876241907
ICForagerLifespan= 6.9590875422582
ImmType= Sine
AIAdultSlope= 0.123825121717528
AIAdultLD50= 1.44774624542333
AIAdultSlopeContact= 2.0235665631853
AIAdultLD50Contact= 0.0498481619288214
AILarvaSlope= 2.18828246137127
AILarvaLD50= 0.0350965058896691
AIKOW= 6.33413774194196
AIKOC= 12.8715199837461
AIHalfLife= 4.18869367428124
EAppRate= 0.683384284842759
