ICQueenStrength= 4.81498824572191
RQWkrDrnRatio= 3.07206607237458
ICDroneMiteSurvivorship= 72.398341121152
ICWorkerMiteSurvivorship= 70.7001186907291
ICForagerLifespan= 7.3388637881726
ImmType= Sine
AIAdultSlope= 0.277064595222473
AIAdultLD50= 0.14460533473175
AIAdultSlopeContact= 3.25572680078913
AIAdultLD50Contact= 0.0355904139694758
AILarvaSlope= 1.98191458340734
AILarvaLD50= 0.131232911534607
AIKOW= 5.9806196084246
AIKOC= 16.1318736511748
AIHalfLife= 2.27098445873708
EAppRate= 0
