ICQueenStrength= 2.26467543561012
RQWkrDrnRatio= 3.99797987937927
