ICQueenStrength= 3.9557654983364
RQWkrDrnRatio= 1.63567290455103
ICDroneMiteSurvivorship= 97.3680641967803
ICWorkerMiteSurvivorship= 63.498677755706
ICForagerLifespan= 7.95368502475321
ImmType= Sine
AIAdultSlope= 2.37905535117723
AIAdultLD50= 0.222151556168683
AIAdultSlopeContact= 2.20870837061433
AIAdultLD50Contact= 0.0109765813569538
AILarvaSlope= 1.40247368989512
AILarvaLD50= 0.268004063959233
AIKOW= 4.224524079822
AIKOC= 25.4494952224195
AIHalfLife= 2.20456991693936
EAppRate= 0
