ICQueenStrength= 2.59741029608995
RQWkrDrnRatio= 4.00811294279993
ICDroneMiteSurvivorship= 7.41355172358453
ICWorkerMiteSurvivorship= 52.1793117746711
ICForagerLifespan= 13.1699094614014
ImmType= Sine
AIAdultSlope= 0.555862015213352
AIAdultLD50= 0.405034902621992
AIAdultSlopeContact= 2.84099710680312
AIAdultLD50Contact= 0.0107295426772907
AILarvaSlope= 3.29069521012716
AILarvaLD50= 0.216573347523808
AIKOW= 3.95754785044119
AIKOC= 24.5523559930734
AIHalfLife= 0.57059018057771
EAppRate= 0.4286386763677
