ICQueenStrength= 2.41292050830089
RQWkrDrnRatio= 3.45552056562155
ICDroneMiteSurvivorship= 15.6305831391364
ICWorkerMiteSurvivorship= 94.718780554831
ICForagerLifespan= 14.0248035006225
ImmType= Logarithmic
AIAdultSlopeContact= 2.79368663886096
AIAdultLD50Contact= 0.0394149241736159
AILarvaSlope= 1.77617051717825
AILarvaLD50= 0.294442139309831
AIKOW= 5.06438382621855
AIKOC= 9.06681085587479
AIHalfLife= 8.32346281036735
