ICQueenStrength= 4.57389646000229
RQWkrDrnRatio= 2.63517954852432
ICDroneMiteSurvivorship= 62.6926641212776
ICWorkerMiteSurvivorship= 5.52783927414566
ICForagerLifespan= 8.09433921054006
ImmType= Tangent
AIAdultSlope= 1.97259004209191
AIAdultLD50= 1.33912237803452
AIAdultSlopeContact= 3.92752515081083
AIAdultLD50Contact= 0.0112467857892625
AILarvaSlope= 1.90037057665177
AILarvaLD50= 0.0768254677997902
AIKOW= 2.3719889242202
AIKOC= 29.6165817719884
AIHalfLife= 6.13706458779052
EAppRate= 0.261046285741031
