ICQueenStrength= 1.87141310563311
RQWkrDrnRatio= 2.47029899712652
ICDroneMiteSurvivorship= 17.4393957247958
ICWorkerMiteSurvivorship= 15.5089859152213
ICForagerLifespan= 13.7212019013241
ImmType= Sine
AIAdultSlopeContact= 3.03509634274989
AIAdultLD50Contact= 0.00576729965396226
AILarvaSlope= 1.17486453610472
AILarvaLD50= 0.229624099214561
AIKOW= 4.22894912119955
AIKOC= 15.7550184475258
AIHalfLife= 12.5985659998842
