ICQueenStrength= 3.56389002781361
RQWkrDrnRatio= 4.84121255669743
ICDroneMiteSurvivorship= 18.4741134988144
ICWorkerMiteSurvivorship= 48.6493484349921
ICForagerLifespan= 12.5339454300702
ImmType= Cosine
AIAdultSlope= 2.16885707327165
AIAdultLD50= 0.166566170984879
AIAdultSlopeContact= 1.30110051601427
AIAdultLD50Contact= 0.0476270336192101
AILarvaSlope= 0.0641386535950005
AILarvaLD50= 0.412052957830019
AIKOW= 3.68416788196191
AIKOC= 15.8040215389337
AIHalfLife= 7.71428501186892
EAppRate= 0.762439530808479
