ICQueenStrength= 3.77096519130282
RQWkrDrnRatio= 2.72125635668635
ICDroneMiteSurvivorship= 25.6247864104807
ICWorkerMiteSurvivorship= 6.95505493786186
ICForagerLifespan= 15.7870501447469
ImmType= Logarithmic
AIAdultSlopeContact= 3.6075764844683
AIAdultLD50Contact= 0.0335116123082116
AILarvaSlope= 1.96279229870997
AILarvaLD50= 0.308008749363944
AIKOW= 2.33223116444424
AIKOC= 19.0309298993088
AIHalfLife= 0.787398796994239
