ICQueenStrength= 2.43297386122867
RQWkrDrnRatio= 3.15957159828395
ICDroneMiteSurvivorship= 99.4747526245192
ICWorkerMiteSurvivorship= 19.4875685498118
ICForagerLifespan= 14.3109166081995
ImmType= Polynomial
AIAdultSlopeContact= 1.19400008349912
AIAdultLD50Contact= 0.0100811256212182
AILarvaSlope= 3.22742184689268
AILarvaLD50= 0.746085513057187
AIKOW= 3.98210429400206
AIKOC= 20.6052722712047
AIHalfLife= 12.1445471877232
