ICQueenStrength= 1.2705974469427
RQWkrDrnRatio= 2.0962292579934
ICDroneMiteSurvivorship= 24.142811447382
ICWorkerMiteSurvivorship= 63.1312138633803
ICForagerLifespan= 8.59102466329932
ImmType= Exponential
AIAdultSlopeContact= 7.31304787797853
AIAdultLD50Contact= 0.0427215149160475
AILarvaSlope= 6.05454866075888
AILarvaLD50= 1.23175362311304
AIKOW= 6.52822989504784
AIKOC= 67.6999111426994
AIHalfLife= 11.1196744232439
