ICQueenStrength= 2.45569900516421
RQWkrDrnRatio= 4.03776557929814
ICDroneMiteSurvivorship= 67.8569233044982
ICWorkerMiteSurvivorship= 71.8325495487079
ICForagerLifespan= 10.1817496484146
ImmType= Polynomial
AIAdultSlopeContact= 3.8308326554345
AIAdultLD50Contact= 0.0295110532897525
AILarvaSlope= 3.15753304813988
AILarvaLD50= 0.0923095628852025
AIKOW= 6.40933292265981
AIKOC= 24.3095844704658
AIHalfLife= 2.79891510680318
