ICQueenStrength= 4.87261959491298
RQWkrDrnRatio= 3.41113928705454
ICDroneMiteSurvivorship= 73.1331768911332
ICWorkerMiteSurvivorship= 84.9628694122657
ICForagerLifespan= 11.1219441229478
ImmType= Tangent
AIAdultSlope= 2.17447291092714
AIAdultLD50= 0.0546270409831777
AIAdultSlopeContact= 1.91133037488442
AIAdultLD50Contact= 0.0121428942773491
AILarvaSlope= 1.66357570788823
AILarvaLD50= 0.667669174075127
AIKOW= 6.83543679118156
AIKOC= 29.4619382254314
AIHalfLife= 3.22824586532079
EAppRate= 0
