ICQueenStrength= 1.85649292333983
RQWkrDrnRatio= 4.69925355259329
ICDroneMiteSurvivorship= 4.93364401627332
ICWorkerMiteSurvivorship= 91.2984712282196
ICForagerLifespan= 8.11419063899666
ImmType= Cosine
AIAdultSlopeContact= 4.01818961603567
AIAdultLD50Contact= 0.127654054388404
AILarvaSlope= 9.25749110523611
AILarvaLD50= 0.294735398609191
AIKOW= 25.7535841781646
AIKOC= 76.0319980559871
AIHalfLife= 13.3501250650734
