ICQueenStrength= 3.04473764868453
RQWkrDrnRatio= 1.22115104831755
ICDroneMiteSurvivorship= 57.5271521694958
ICWorkerMiteSurvivorship= 85.1117603713647
ICForagerLifespan= 15.4917178126052
ImmType= Polynomial
AIAdultSlope= 1.79774180371314
AIAdultLD50= 1.93914050306194
AIAdultSlopeContact= 0.130449482384138
AIAdultLD50Contact= 0.00203827744117007
AILarvaSlope= 2.21603053100407
AILarvaLD50= 0.400892977206968
AIKOW= 6.85049241315573
AIKOC= 10.2629904530477
AIHalfLife= 6.95541560277343
EAppRate= 0.225008729845285
