ICQueenStrength= 3.18295628670603
RQWkrDrnRatio= 2.03865800052881
ICDroneMiteSurvivorship= 49.2126789875329
ICWorkerMiteSurvivorship= 80.0566124962643
ICForagerLifespan= 14.5912733487785
ImmType= Exponential
AIAdultSlope= 2.96272935722955
AIAdultSlopeContact= 1.57413324641297
AIAdultLD50Contact= 0.0210529000731185
AILarvaSlope= 0.302660957956687
AILarvaLD50= 0.0334490409353748
AIKOW= 6.37102812668309
AIKOC= 22.275400419021
AIHalfLife= 12.9637556904927
