ICQueenStrength= 2.87180764391087
RQWkrDrnRatio= 4.13641559425741
ICDroneMiteSurvivorship= 72.7792507968843
ICWorkerMiteSurvivorship= 72.7454910287634
ICForagerLifespan= 9.57195670995861
ImmType= Logarithmic
AIAdultSlope= 2.04535182155669
AIAdultLD50= 0.342523096594959
AIAdultSlopeContact= 3.06614143525483
AIAdultLD50Contact= 0.00145295819966123
AILarvaSlope= 2.79163567521609
AILarvaLD50= 0.627121049235575
AIKOW= 7.49050664855167
AIKOC= 16.3666393503081
AIHalfLife= 11.9268235503696
EAppRate= 0.75336069567129
