ICQueenStrength= 2.19812475633807
RQWkrDrnRatio= 4.23374295420945
ICDroneMiteSurvivorship= 17.1751949703321
ICWorkerMiteSurvivorship= 31.0364328091964
ICForagerLifespan= 4.66363524179906
ImmType= Tangent
AIAdultSlopeContact= 7.75572100654244
AIAdultLD50Contact= 0.0423350051045418
AILarvaSlope= 8.79948321031407
AILarvaLD50= 0.917378157842904
AIKOW= 30.2183150779456
AIKOC= 25.7492694770917
AIHalfLife= 4.05564629333094
