ICQueenStrength= 5.39745940733701
RQWkrDrnRatio= 2.67552011087537
ICDroneMiteSurvivorship= 94.4808412110433
ICWorkerMiteSurvivorship= 37.1598766418174
ICForagerLifespan= 5.70938132703304
ImmType= Cosine
AIAdultSlope= 1.15337800492533
AIAdultLD50= 0.488886952167377
AIAdultSlopeContact= 0.731545965434052
AIAdultLD50Contact= 0.0212460471433587
AILarvaSlope= 2.10346761229448
AILarvaLD50= 0.163859911775216
AIKOW= 2.46607450628653
AIKOC= 20.1693429797888
AIHalfLife= 2.6677204167936
EAppRate= 0
