ICQueenStrength= 2.63210537168197
RQWkrDrnRatio= 3.22862919699401
ICDroneMiteSurvivorship= 49.4751971913502
ICWorkerMiteSurvivorship= 11.0836226027459
ICForagerLifespan= 13.0089301215485
ImmType= Exponential
AIAdultSlopeContact= 2.43943828360643
AIAdultLD50Contact= 0.00560095038963482
AILarvaSlope= 0.805339746410027
AILarvaLD50= 0.700269837956876
AIKOW= 3.66859311703593
AIKOC= 13.1945180078037
AIHalfLife= 11.947657788638
