ICQueenStrength= 3.97039733082056
RQWkrDrnRatio= 4.66101564560086
