ICQueenStrength= 5.96363739366643
RQWkrDrnRatio= 1.17438071873039
ICDroneMiteSurvivorship= 45.3027049778029
ICWorkerMiteSurvivorship= 25.5255821859464
ICForagerLifespan= 8.38209703750908
ImmType= Sine
AIAdultSlope= 5.91761367628351
AIAdultLD50= 0.754965543281287
AIAdultSlopeContact= 2.04288088483736
AIAdultLD50Contact= 0.0926049632020295
AILarvaSlope= 6.81588464882225
AILarvaLD50= 0.0552539736963809
AIKOW= 47.7150582009926
AIKOC= 45.3951263101771
AIHalfLife= 6.12695395527408
EAppRate= 0.508256709668785
