ICQueenStrength= 1.19286329392344
RQWkrDrnRatio= 4.34473721589893
ICDroneMiteSurvivorship= 67.0099427690729
ICWorkerMiteSurvivorship= 72.8687399066985
ICForagerLifespan= 6.73652575351298
ImmType= Logarithmic
AIAdultSlope= 0.388063317257911
AIAdultLD50= 2.20365204289556
AIAdultSlopeContact= 3.08588595043402
AIAdultLD50Contact= 0.0328617515508086
AILarvaSlope= 0.544585481006652
AILarvaLD50= 0.256151869730093
AIKOW= 6.82995060645044
AIKOC= 14.7879511187784
AIHalfLife= 5.85626759519801
EAppRate= 0.860376887954772
