ICQueenStrength= 4.4174470580183
RQWkrDrnRatio= 4.19943989813328
ICDroneMiteSurvivorship= 32.6834901235998
ICWorkerMiteSurvivorship= 48.9614780293778
ICForagerLifespan= 14.4741027355194
ImmType= Sine
AIAdultSlope= 0.31727207897231
AIAdultLD50= 0.138090075575747
AIAdultSlopeContact= 1.58907955923351
AIAdultLD50Contact= 0.0496340484707616
AILarvaSlope= 3.03020395077765
AILarvaLD50= 0.233641402074136
AIKOW= 7.3708069846034
AIKOC= 6.38873722171411
AIHalfLife= 3.95252765039913
EAppRate= 0.193330432637595
