ICQueenStrength= 2.676663904218
RQWkrDrnRatio= 1.13031864818186
ICDroneMiteSurvivorship= 37.8057897789404
ICWorkerMiteSurvivorship= 42.9539444856346
ICForagerLifespan= 4.84529977757484
ImmType= Tangent
AIAdultSlope= 1.04270546645857
AIAdultLD50= 1.54615120659582
AIAdultSlopeContact= 1.23621772402665
AIAdultLD50Contact= 0.0481895727221854
AILarvaSlope= 1.19258295604959
AILarvaLD50= 0.192091834894381
AIKOW= 2.00854916404933
AIKOC= 7.46293315431103
AIHalfLife= 13.1766096898355
EAppRate= 0.599036019295454
