ICQueenStrength= 2.8790843791794
RQWkrDrnRatio= 1.36707642860711
ICDroneMiteSurvivorship= 49.2486544651911
ICWorkerMiteSurvivorship= 88.6117353104055
ICForagerLifespan= 7.44665238633752
ImmType= Sine
AIAdultSlope= 3.20328782679979
AIAdultLD50= 0.417016097810119
AIAdultSlopeContact= 0.993127101045102
AIAdultLD50Contact= 0.004193244734779
AILarvaSlope= 0.221551438095048
AILarvaLD50= 0.157526142778806
AIKOW= 5.67147191893309
AIKOC= 15.6319943792187
AIHalfLife= 1.48171797278337
EAppRate= 0.0764877501875162
