ICQueenStrength= 4.00875482498668
RQWkrDrnRatio= 1.9596945643425
ICDroneMiteSurvivorship= 45.1423582388088
ICWorkerMiteSurvivorship= 42.1212807996199
ICForagerLifespan= 14.1452250825241
ImmType= Cosine
AIAdultSlope= 0.406010266439989
AIAdultLD50= 2.48102486715652
AIAdultSlopeContact= 0.530114499649499
AIAdultLD50Contact= 0.0331388518796302
AILarvaSlope= 3.05422094361857
AILarvaLD50= 0.858484700135887
AIKOW= 6.50092753721401
AIKOC= 15.0680236588232
AIHalfLife= 6.26602440699935
EAppRate= 0.902578949695453
