ICQueenStrength= 5.78918092674576
RQWkrDrnRatio= 2.86958924308419
ICDroneMiteSurvivorship= 51.3435123721138
ICWorkerMiteSurvivorship= 12.0661295251921
ICForagerLifespan= 4.11255553737283
ImmType= Logarithmic
AIAdultSlopeContact= 3.30297691005981
AIAdultLD50Contact= 0.0420951435924508
AILarvaSlope= 2.28882714430802
AILarvaLD50= 0.437167249876075
AIKOW= 6.87822303175926
AIKOC= 13.6040490248706
AIHalfLife= 7.90992546454072
