ICQueenStrength= 5.5440381532535
RQWkrDrnRatio= 4.08098325133324
ICDroneMiteSurvivorship= 94.9029799317941
ICWorkerMiteSurvivorship= 56.8656811257824
ICForagerLifespan= 11.3128082361072
ImmType= Logarithmic
AIAdultSlope= 0.687262110987213
AIAdultLD50= 0.303527418407612
AIAdultSlopeContact= 1.79816867963411
AIAdultLD50Contact= 0.0337471541599371
AILarvaSlope= 2.68095600986853
AILarvaLD50= 0.02712292377837
AIKOW= 3.2576058069244
AIKOC= 6.44408705527894
AIHalfLife= 2.373702932382
EAppRate= 0.587113142362796
