ICQueenStrength= 1.87854315876029
RQWkrDrnRatio= 1.0583728319034
ICDroneMiteSurvivorship= 48.2498178258538
ICWorkerMiteSurvivorship= 20.2364909928292
ICForagerLifespan= 15.1211372856051
ImmType= Sine
AIAdultSlope= 2.51251281441422
AIAdultLD50= 0.232350336504169
AIAdultSlopeContact= 3.77686412203359
AIAdultLD50Contact= 0.0152855617110617
AILarvaSlope= 0.483548743464053
AILarvaLD50= 0.354227936407551
AIKOW= 6.12180544715375
AIKOC= 26.8843299604487
AIHalfLife= 3.44397829612717
EAppRate= 0.685697095538489
