ICQueenStrength= 1.31458673416637
RQWkrDrnRatio= 3.72913654427975
ICDroneMiteSurvivorship= 85.7439972227439
ICWorkerMiteSurvivorship= 47.258502128534
ICForagerLifespan= 14.6305049806833
ImmType= Exponential
AIAdultSlope= 3.6003267083969
AIAdultLD50= 0.0483231818070635
AIAdultSlopeContact= 3.03530564360786
AIAdultLD50Contact= 0.0155180880567059
AILarvaSlope= 3.39036839874461
AILarvaLD50= 0.81493875766173
AIKOW= 5.07754263607785
AIKOC= 9.47444519377314
AIHalfLife= 3.96913601085544
EAppRate= 0.254781685979105
