ICQueenStrength= 4.4508336673025
RQWkrDrnRatio= 4.94587687123567
ICDroneMiteSurvivorship= 30.4409573785961
ICWorkerMiteSurvivorship= 72.0609005074948
ICForagerLifespan= 14.0616259751841
ImmType= Tangent
AIAdultSlopeContact= 1.07310694514774
AIAdultLD50Contact= 0.0330975570250303
AILarvaSlope= 1.22195914885961
AILarvaLD50= 0.00654258336871862
AIKOW= 2.54463553661481
AIKOC= 13.4049434924964
AIHalfLife= 11.1888715978712
