ICQueenStrength= 1.93327830429189
RQWkrDrnRatio= 4.6645140638575
ICDroneMiteSurvivorship= 98.8104288000613
ICWorkerMiteSurvivorship= 33.5707511054352
ICForagerLifespan= 9.51081380806863
ImmType= Cosine
AIAdultSlope= 1.28554976001615
AIAdultLD50= 0.287060979404487
AIAdultSlopeContact= 3.87609816547483
AIAdultLD50Contact= 0.032371487095952
AILarvaSlope= 0.437181940488517
AILarvaLD50= 0.360109371179715
AIKOW= 4.15327380690724
AIKOC= 23.834505463019
AIHalfLife= 4.53662291634828
EAppRate= 0
