ICQueenStrength= 2.08286295901053
RQWkrDrnRatio= 3.04188225232065
ICDroneMiteSurvivorship= 24.9507054919377
ICWorkerMiteSurvivorship= 18.6590758617967
ICForagerLifespan= 6.23625196050853
ImmType= Cosine
AIAdultSlope= 1.98721238547703
AIAdultLD50= 0.0179403177462518
AIAdultSlopeContact= 3.02605841221288
AIAdultLD50Contact= 0.0486355800181627
AILarvaSlope= 2.86817973610014
AILarvaLD50= 0.648890042002313
AIKOW= 2.87848761025816
AIKOC= 24.8959215485957
AIHalfLife= 4.98229899327271
EAppRate= 0.654384536482394
