ICQueenStrength= 5.39760572277009
RQWkrDrnRatio= 3.04257119446993
ICDroneMiteSurvivorship= 19.8039819952101
ICWorkerMiteSurvivorship= 17.152861552313
ICForagerLifespan= 13.0945770312101
ImmType= Tangent
AIAdultSlope= 3.34829361112788
AIAdultLD50= 2.33323812531307
AIAdultSlopeContact= 3.04346532180207
AIAdultLD50Contact= 0.00382595451083034
AILarvaSlope= 3.18567018602043
AILarvaLD50= 0.348656878480688
AIKOW= 3.044548291713
AIKOC= 7.71915104822256
AIHalfLife= 4.33054174715653
EAppRate= 0.508509319042787
