ICQueenStrength= 3.14793931809254
RQWkrDrnRatio= 4.37918913271278
ICDroneMiteSurvivorship= 26.2463277205825
ICWorkerMiteSurvivorship= 37.9389666952193
ICForagerLifespan= 15.701864477247
ImmType= Polynomial
AIAdultSlope= 3.22007940533571
AIAdultLD50= 0.392100309487432
AIAdultSlopeContact= 1.202916652516
AIAdultLD50Contact= 0.011708756221924
AILarvaSlope= 1.81927482075989
AILarvaLD50= 0.176224535750225
AIKOW= 4.17342913104221
AIKOC= 12.6758214097936
AIHalfLife= 0.804396768799052
EAppRate= 0.149816233385354
