ICQueenStrength= 5.85326643800363
RQWkrDrnRatio= 1.69067317247391
ICDroneMiteSurvivorship= 3.67013872601092
ICWorkerMiteSurvivorship= 35.3881906718016
ICForagerLifespan= 10.3689900944009
ImmType= Exponential
AIAdultSlopeContact= 6.11082183895633
AIAdultLD50Contact= 0.148278718627989
AILarvaSlope= 3.1551768630743
AILarvaLD50= 1.78178165340796
AIKOW= 0.172863970510662
AIKOC= 56.7393849603832
AIHalfLife= 12.5661350414157
