ICQueenStrength= 5.71188936149701
RQWkrDrnRatio= 3.92454105149955
ICDroneMiteSurvivorship= 53.5363759379834
ICWorkerMiteSurvivorship= 12.0021456154063
ICForagerLifespan= 5.21938662230968
ImmType= Cosine
AIAdultSlopeContact= 9.9935369938612
AIAdultLD50Contact= 0.0229354329407215
AILarvaSlope= 9.742815727368
AILarvaLD50= 1.16493410244584
AIKOW= 94.4955961545929
AIKOC= 19.0352138364688
AIHalfLife= 11.2260068366304
