ICQueenStrength= 3.50414038659073
RQWkrDrnRatio= 1.86943492107093
ICDroneMiteSurvivorship= 50.771397841163
ICWorkerMiteSurvivorship= 22.8882788913324
ICForagerLifespan= 6.70271342713386
ImmType= Exponential
AIAdultLD50= 0.154012839635834
AIAdultSlopeContact= 1.04440315584652
AIAdultLD50Contact= 0.0473716424312443
AILarvaSlope= 2.41160106193274
AILarvaLD50= 0.790748946159147
AIKOW= 6.96404938818887
AIKOC= 11.945587543305
AIHalfLife= 8.09021489322186
EAppRate= 1.95255303801969
