ICQueenStrength= 5.46273360983469
RQWkrDrnRatio= 4.31132006179541
ICDroneMiteSurvivorship= 68.194043985568
ICWorkerMiteSurvivorship= 99.2060855729505
ICForagerLifespan= 11.0997954914346
ImmType= Sine
AIAdultSlopeContact= 0.390319312771317
AIAdultLD50Contact= 0.033499154006131
AILarvaSlope= 1.53681338098831
AILarvaLD50= 0.53880062350072
AIKOW= 4.50827289698645
AIKOC= 23.4985506290104
AIHalfLife= 6.50576755544171
