ICQueenStrength= 1.95334905548953
RQWkrDrnRatio= 1.58761187642813
ICDroneMiteSurvivorship= 33.8780240854248
ICWorkerMiteSurvivorship= 2.79351139906794
ICForagerLifespan= 7.45966100506485
ImmType= Polynomial
AIAdultSlope= 2.63292731461115
AIAdultLD50= 1.02685655420646
AIAdultSlopeContact= 1.8961586549459
AIAdultLD50Contact= 0.0112415679381229
AILarvaSlope= 1.26825663088821
AILarvaLD50= 0.623592691705562
AIKOW= 6.75966024026275
AIKOC= 29.117979942821
AIHalfLife= 10.3519518258981
EAppRate= 0.146158912684768
