ICQueenStrength= 2.28082491923124
RQWkrDrnRatio= 2.98602054454386
ICDroneMiteSurvivorship= 86.0720943659544
ICWorkerMiteSurvivorship= 96.0886247456074
ICForagerLifespan= 5.8903088727966
ImmType= Cosine
AIAdultSlope= 0.495102839684114
AIAdultLD50= 0.48465939075686
AIAdultSlopeContact= 0.711722679461818
AIAdultLD50Contact= 0.00293229346862063
AILarvaSlope= 0.652245442057028
AILarvaLD50= 0.0429499317426235
AIKOW= 3.04407976847142
AIKOC= 26.1379744578153
AIHalfLife= 8.54403737466782
EAppRate= 0.798158685909584
