ICQueenStrength= 1.49121335963719
RQWkrDrnRatio= 3.87223445251584
ICDroneMiteSurvivorship= 70.4657322727144
ICWorkerMiteSurvivorship= 82.176365936175
ICForagerLifespan= 9.48739430122077
ImmType= Cosine
AIAdultSlopeContact= 0.317273466149345
AIAdultLD50Contact= 0.0339935635682195
AILarvaSlope= 2.98457607831806
AILarvaLD50= 0.803320511989296
AIKOW= 4.17574203340337
AIKOC= 26.8154341855552
AIHalfLife= 11.7676200848073
