ICQueenStrength= 1.73920482071117
RQWkrDrnRatio= 4.24183364957571
ICDroneMiteSurvivorship= 11.4033444551751
ICWorkerMiteSurvivorship= 72.526280907914
ICForagerLifespan= 9.37036895751953
ImmType= Sine
AIAdultSlope= 1.44744264229434
AIAdultLD50= 0.43722567835357
AIAdultSlopeContact= 3.12459127151873
AIAdultLD50Contact= 0.00411965734092519
AILarvaSlope= 1.13070683800615
AILarvaLD50= 0.166129570431076
AIKOW= 7.96674864226952
AIKOC= 20.6129516486544
AIHalfLife= 4.13881191983819
EAppRate= 0.247085144161247
