ICQueenStrength= 5.05998906469904
RQWkrDrnRatio= 2.59466758929193
ICDroneMiteSurvivorship= 85.9712270554155
ICWorkerMiteSurvivorship= 80.4590647574514
ICForagerLifespan= 4.62542420718819
ImmType= Logarithmic
AIAdultSlope= 3.18354844124755
AIAdultLD50= 0.106430754880421
AIAdultSlopeContact= 2.04828089080984
AIAdultLD50Contact= 0.00189757015323266
AILarvaSlope= 1.33097508773208
AILarvaLD50= 0.768926975992508
AIKOW= 6.24842134350911
AIKOC= 27.794987342786
AIHalfLife= 4.09204790950753
EAppRate= 0.572153371479362
