ICQueenStrength= 2.47364167496562
RQWkrDrnRatio= 1.24497259967029
ICDroneMiteSurvivorship= 24.1606316762045
ICWorkerMiteSurvivorship= 43.6950003029779
ICForagerLifespan= 8.35506572946906
ImmType= Sine
AIAdultSlope= 0.904263265540358
AIAdultLD50= 0.272045045974664
AIAdultSlopeContact= 0.756180886323564
AIAdultLD50Contact= 0.000850136193912476
AILarvaSlope= 3.20523188388906
AILarvaLD50= 0.893998414627276
AIKOW= 7.02312367549166
AIKOC= 7.37385887885466
AIHalfLife= 2.05135606578551
EAppRate= 0.0343528450233862
