ICQueenStrength= 4.20076190284453
RQWkrDrnRatio= 2.21238641254604
ICDroneMiteSurvivorship= 99.502443918027
ICWorkerMiteSurvivorship= 6.92572705447674
ICForagerLifespan= 13.1744503909722
ImmType= Exponential
AIAdultSlope= 2.7471078775241
AIAdultLD50= 0.361136368708685
AIAdultSlopeContact= 1.01161525840173
AIAdultLD50Contact= 0.00322221923852339
AILarvaSlope= 2.83583961208351
AILarvaLD50= 0.250960247777402
AIKOW= 5.4733492997475
AIKOC= 18.0340790958144
AIHalfLife= 0.586815065471455
EAppRate= 0.520021968404762
