ICQueenStrength= 1.20069088088349
RQWkrDrnRatio= 3.20698557328433
ICDroneMiteSurvivorship= 46.8231989536434
ICWorkerMiteSurvivorship= 66.5944555075839
ICForagerLifespan= 14.5194748127833
ImmType= Exponential
AIAdultSlope= 7.11109319701791
