ICQueenStrength= 2.84949368122034
RQWkrDrnRatio= 2.24173985328525
ICDroneMiteSurvivorship= 98.8770587136969
ICWorkerMiteSurvivorship= 87.3728774255142
ICForagerLifespan= 14.3262445135042
ImmType= Cosine
AIAdultSlopeContact= 0.78780854560202
AIAdultLD50Contact= 0.0335856803692877
AILarvaSlope= 0.494113425817341
AILarvaLD50= 0.0747275480534881
AIKOW= 7.22690836247057
AIKOC= 10.9864846116398
AIHalfLife= 2.07084705680609
