ICQueenStrength= 4.71134290820919
RQWkrDrnRatio= 2.7392365206033
ICDroneMiteSurvivorship= 3.73615943826735
ICWorkerMiteSurvivorship= 13.6907725362107
ICForagerLifespan= 9.57052985019982
ImmType= Polynomial
AIAdultSlope= 2.58770901821554
AIAdultLD50= 2.02675516856834
AIAdultSlopeContact= 0.340788264458533
AIAdultLD50Contact= 0.0300118466839194
AILarvaSlope= 2.16123993075453
AILarvaLD50= 0.760030475305393
AIKOW= 2.68464115727693
AIKOC= 5.9876087657176
AIHalfLife= 0.118879739195108
EAppRate= 0.212891682982445
