ICQueenStrength= 2.75465104635805
RQWkrDrnRatio= 2.0488034337759
ICDroneMiteSurvivorship= 92.9247413994744
ICWorkerMiteSurvivorship= 18.8994997413829
ICForagerLifespan= 5.89358173497021
ImmType= Exponential
AIAdultSlope= 2.64647993161809
AIAdultLD50= 0.213565747952089
AIAdultSlopeContact= 0.51759346365463
AIAdultLD50Contact= 0.015052126639057
AILarvaSlope= 1.72786817485467
AILarvaLD50= 0.0991190457483754
AIKOW= 5.97961999103427
AIKOC= 14.7457342606504
AIHalfLife= 3.99583758902736
EAppRate= 0.55214860367123
