ICQueenStrength= 4.06730992044322
RQWkrDrnRatio= 3.46401694323868
ICDroneMiteSurvivorship= 1.26139763742685
ICWorkerMiteSurvivorship= 67.2715991968289
ICForagerLifespan= 13.6989329559729
ImmType= Exponential
AIAdultSlope= 4.28524381713942
AIAdultLD50= 0.594908996718004
AIAdultSlopeContact= 8.80772703094408
AIAdultLD50Contact= 0.172119266120717
AILarvaSlope= 3.66752963978797
AILarvaLD50= 0.804572869092226
AIKOW= 52.8259890386835
AIKOC= 94.0254310378805
AIHalfLife= 11.2604055744596
EAppRate= 1.45773317478597
