ICQueenStrength= 5.81842745677568
RQWkrDrnRatio= 4.50427318457514
ICDroneMiteSurvivorship= 62.9235183121637
ICWorkerMiteSurvivorship= 3.17894914187491
ICForagerLifespan= 4.01277366559952
ImmType= Polynomial
AIAdultSlopeContact= 0.751879767326172
AIAdultLD50Contact= 0.0245533448760398
AILarvaSlope= 1.08287696153857
AILarvaLD50= 0.778960232064128
AIKOW= 3.38574779499322
AIKOC= 13.8933185033966
AIHalfLife= 7.33031451236457
