ICQueenStrength= 2.99572735349648
RQWkrDrnRatio= 1.78274118714035
ICDroneMiteSurvivorship= 79.2188609251752
ICWorkerMiteSurvivorship= 39.8455631220713
ICForagerLifespan= 15.1208175076172
ImmType= Exponential
AIAdultSlope= 2.78989194426686
