ICQueenStrength= 5.49779907707125
RQWkrDrnRatio= 2.92520927172154
ICDroneMiteSurvivorship= 10.1127233123407
ICWorkerMiteSurvivorship= 43.609908875078
ICForagerLifespan= 5.59616743586957
ImmType= Sine
AIAdultSlope= 0.523254769062623
AIAdultLD50= 1.17387207993306
AIAdultSlopeContact= 3.56641935816966
AIAdultLD50Contact= 0.0270340821007267
AILarvaSlope= 0.597598014958203
AILarvaLD50= 0.878613062342629
AIKOW= 5.50566085753962
AIKOC= 25.862130826572
AIHalfLife= 12.9910675287247
EAppRate= 0.891983035951853
