ICQueenStrength= 3.95176426996477
RQWkrDrnRatio= 2.62148978654295
ICDroneMiteSurvivorship= 48.0538517003879
ICWorkerMiteSurvivorship= 68.7509479001164
ICForagerLifespan= 7.90034480579197
ImmType= Cosine
AIAdultLD50= 0.154012839635834
AIAdultSlopeContact= 1.77348576113814
AIAdultLD50Contact= 0.0178310878574848
AILarvaSlope= 2.02919504577294
AILarvaLD50= 0.354081660043448
AIKOW= 2.41318926261738
AIKOC= 18.9172252442222
AIHalfLife= 6.41661406494677
EAppRate= 0.0527867400087416
