ICQueenStrength= 1.77984338393435
RQWkrDrnRatio= 4.39044927805662
ICDroneMiteSurvivorship= 13.9943549409509
ICWorkerMiteSurvivorship= 99.2059034761041
ICForagerLifespan= 7.26000086124986
ImmType= Exponential
AIAdultSlopeContact= 4.95442088227719
AIAdultLD50Contact= 0.161034923512489
AILarvaSlope= 1.82522590039298
AILarvaLD50= 1.60284734005108
AIKOW= 94.7976655792445
AIKOC= 65.5779146589339
AIHalfLife= 6.86019074032083
