ICQueenStrength= 3.5021493260283
RQWkrDrnRatio= 2.88248643092811
ICDroneMiteSurvivorship= 24.8122442746535
ICWorkerMiteSurvivorship= 26.4813630376011
ICForagerLifespan= 9.2846868801862
ImmType= Exponential
AIAdultSlope= 0.213250142752659
AIAdultLD50= 0.22300425299909
AIAdultSlopeContact= 0.0390557754412293
AIAdultLD50Contact= 0.00708489224780351
AILarvaSlope= 2.47000937759876
AILarvaLD50= 0.405765710701235
AIKOW= 6.06543593015522
AIKOC= 5.03005646867678
AIHalfLife= 0.599235912086442
EAppRate= 0
