ICQueenStrength= 5.29636462708004
RQWkrDrnRatio= 2.09837682079524
ICDroneMiteSurvivorship= 44.7166777681559
ICWorkerMiteSurvivorship= 32.9969866201282
ICForagerLifespan= 11.6387516865507
ImmType= Exponential
AIAdultSlope= 1.92973163123243
AIAdultLD50= 1.63353390013799
AIAdultSlopeContact= 3.75500458278693
AIAdultLD50Contact= 0.00450634434819222
AILarvaSlope= 2.70637235837057
AILarvaLD50= 0.152337896008976
AIKOW= 5.06457503000274
AIKOC= 20.0536293862388
AIHalfLife= 10.9713266533799
EAppRate= 0.146298882784322
