ICQueenStrength= 3.63852466014214
RQWkrDrnRatio= 2.98097295965999
ICDroneMiteSurvivorship= 79.6979404287413
ICWorkerMiteSurvivorship= 77.6287847198546
ICForagerLifespan= 5.33036747388542
ImmType= Sine
AIAdultSlope= 1.54952073432505
AIAdultLD50= 0.622121495660394
AIAdultSlopeContact= 2.20614110029768
AIAdultLD50Contact= 0.00389027842320502
AILarvaSlope= 1.95349738234654
AILarvaLD50= 0.103628746443428
AIKOW= 5.51609427062795
AIKOC= 6.0653703357093
AIHalfLife= 9.24894013768062
EAppRate= 0.356714970897883
