ICQueenStrength= 5.39869746449403
RQWkrDrnRatio= 2.46880300994962
ICDroneMiteSurvivorship= 78.8418145151809
ICWorkerMiteSurvivorship= 65.023380657658
ICForagerLifespan= 10.0370621914044
ImmType= Logarithmic
AIAdultSlope= 2.59539967412129
AIAdultLD50= 2.62555581727065
AIAdultSlopeContact= 3.31082560256124
AIAdultLD50Contact= 0.0146263657952659
AILarvaSlope= 2.554301087372
AILarvaLD50= 0.274333441047929
AIKOW= 3.17085651354864
AIKOC= 7.77211806969717
AIHalfLife= 9.71693323040381
EAppRate= 0.332018818706274
