ICQueenStrength= 1.25317267980427
RQWkrDrnRatio= 3.61301489360631
ICDroneMiteSurvivorship= 22.102839499712
ICWorkerMiteSurvivorship= 82.4255421757698
ICForagerLifespan= 8.21555661782622
ImmType= Cosine
AIAdultSlope= 0.234086603249889
AIAdultLD50= 0.195088780019432
AIAdultSlopeContact= 1.4440671473695
AIAdultLD50Contact= 0.00726676443591714
AILarvaSlope= 1.68704457143322
AILarvaLD50= 0.463084916118532
AIKOW= 4.4449701923877
AIKOC= 15.4938206961378
AIHalfLife= 0.334345259470865
EAppRate= 0.615287039522082
