ICQueenStrength= 3.93094889144413
RQWkrDrnRatio= 3.89395392034203
ICDroneMiteSurvivorship= 52.9361151857302
ICWorkerMiteSurvivorship= 45.7257241709158
ICForagerLifespan= 11.6774934018031
ImmType= Tangent
AIAdultSlope= 0.0531657467829064
AIAdultLD50= 0.339217450586148
AIAdultSlopeContact= 3.62827519535786
AIAdultLD50Contact= 0.0316994730499573
AILarvaSlope= 2.06802390189841
AILarvaLD50= 0.0513208074728027
AIKOW= 2.87477045832202
AIKOC= 16.0015128913801
AIHalfLife= 2.25062984856777
EAppRate= 0
