ICQueenStrength= 4.30493614892475
RQWkrDrnRatio= 1.86834855098277
ICDroneMiteSurvivorship= 13.2219424471259
ICWorkerMiteSurvivorship= 94.6263065095991
ICForagerLifespan= 11.7111549628899
ImmType= Cosine
AIAdultSlope= 0.160771539853886
AIAdultLD50= 1.51125950692222
AIAdultSlopeContact= 3.01150506303878
AIAdultLD50Contact= 0.035392207338009
AILarvaSlope= 0.983343017240986
AILarvaLD50= 0.246097267465666
AIKOW= 5.09231632994488
AIKOC= 27.148959588958
AIHalfLife= 6.01329864840955
EAppRate= 0.673192923190072
