ICQueenStrength= 3.71692085661925
RQWkrDrnRatio= 1.28239348437637
ICDroneMiteSurvivorship= 70.147299929522
ICWorkerMiteSurvivorship= 87.7001242944971
ICForagerLifespan= 14.4329173797742
ImmType= Sine
AIAdultSlope= 1.82545520495623
AIAdultLD50= 2.8892542978283
AIAdultSlopeContact= 1.55199463935569
AIAdultLD50Contact= 0.00137485663872212
AILarvaSlope= 0.09557023528032
AILarvaLD50= 0.387780874175951
AIKOW= 4.45183951267973
AIKOC= 19.4597546721343
AIHalfLife= 12.565908386372
EAppRate= 0.814917615847662
