ICQueenStrength= 5.05002961982973
RQWkrDrnRatio= 4.0150929056108
ICDroneMiteSurvivorship= 64.714528224431
ICWorkerMiteSurvivorship= 27.4602488614619
ICForagerLifespan= 9.83682086877525
ImmType= Tangent
AIAdultSlope= 0.487365422083531
AIAdultLD50= 0.455422899452969
AIAdultSlopeContact= 3.16561718148412
AIAdultLD50Contact= 0.0304465359891765
AILarvaSlope= 1.01628189492039
AILarvaLD50= 0.626498358906247
AIKOW= 4.94007304403931
AIKOC= 19.4515608611982
AIHalfLife= 4.18614976573735
EAppRate= 0.399328916985542
