ICQueenStrength= 2.17361233453266
RQWkrDrnRatio= 4.90562690328807
ICDroneMiteSurvivorship= 72.2145306644961
ICWorkerMiteSurvivorship= 9.8426676588133
ICForagerLifespan= 13.4491675188765
ImmType= Exponential
AIAdultSlope= 0.733568866690621
AIAdultLD50= 0.660088640637696
AIAdultSlopeContact= 3.49036112942733
AIAdultLD50Contact= 0.0183225636254065
AILarvaSlope= 0.0912354207597673
AILarvaLD50= 0.326916237082332
AIKOW= 2.88867417629808
AIKOC= 16.4422553800978
AIHalfLife= 7.34060716256499
EAppRate= 0.917958454228938
