ICQueenStrength= 3.55975264124572
RQWkrDrnRatio= 2.283781722188
ICDroneMiteSurvivorship= 16.7437219060957
ICWorkerMiteSurvivorship= 18.6058401828632
ICForagerLifespan= 13.0859217410907
ImmType= Sine
AIAdultSlope= 2.20138171222061
AIAdultLD50= 2.26266523031518
AIAdultSlopeContact= 3.48218576130923
AIAdultLD50Contact= 0.00778900278965011
AILarvaSlope= 0.67736783833243
AILarvaLD50= 0.292722408520058
AIKOW= 3.55314856674522
AIKOC= 16.8723182706162
AIHalfLife= 12.6159902717918
EAppRate= 0.960400183917955
