ICQueenStrength= 3.11138836224563
RQWkrDrnRatio= 2.76380000077188
ICDroneMiteSurvivorship= 18.6208302853629
ICWorkerMiteSurvivorship= 63.8461702736095
ICForagerLifespan= 6.18871751707047
ImmType= Exponential
AIAdultSlope= 3.2449370442424
AIAdultLD50= 1.42299444763921
AIAdultSlopeContact= 2.22779395565623
AIAdultLD50Contact= 0.0463568771956488
AILarvaSlope= 1.0046559904702
AILarvaLD50= 0.796550271310844
AIKOW= 5.14996045501903
AIKOC= 15.8851204626262
AIHalfLife= 2.78868164820597
EAppRate= 0.682076225522906
