ICQueenStrength= 2.54211449087597
RQWkrDrnRatio= 1.15280228666961
ICDroneMiteSurvivorship= 94.3714930675924
ICWorkerMiteSurvivorship= 87.6708045601845
ICForagerLifespan= 11.0894585121423
ImmType= Sine
AIAdultSlope= 3.69737016230822
AIAdultLD50= 0.0131606212817132
AIAdultSlopeContact= 3.05175363138551
AIAdultLD50Contact= 0.00435828182380647
AILarvaSlope= 0.294073706120253
AILarvaLD50= 0.177278322027996
AIKOW= 2.10652741650119
AIKOC= 15.1860240974929
AIHalfLife= 4.84532320871949
EAppRate= 0.613492967095226
