ICQueenStrength= 2.25543842092156
RQWkrDrnRatio= 4.55058172624558
ICDroneMiteSurvivorship= 94.2506108433008
ICWorkerMiteSurvivorship= 74.5291049592197
ICForagerLifespan= 9.08827562909573
ImmType= Exponential
AIAdultSlope= 8.19634595420212
