ICQueenStrength= 2.99345528497361
RQWkrDrnRatio= 3.10920079238713
ICDroneMiteSurvivorship= 25.4081212449819
ICWorkerMiteSurvivorship= 2.97421922441572
ICForagerLifespan= 6.22299733292311
ImmType= Exponential
AIAdultSlope= 1.7532353682979
AIAdultLD50= 0.287084146402776
AIAdultSlopeContact= 0.489608534015715
AIAdultLD50Contact= 0.0134589588618837
AILarvaSlope= 2.36469993637875
AILarvaLD50= 0.430369016993791
AIKOW= 2.3129072971642
AIKOC= 22.9779714962933
AIHalfLife= 3.35184435243718
EAppRate= 0
