ICQueenStrength= 2.02430899860337
RQWkrDrnRatio= 4.60224884655327
ICDroneMiteSurvivorship= 90.0813749292865
ICWorkerMiteSurvivorship= 57.4361270293593
ICForagerLifespan= 5.64299112185836
ImmType= Logarithmic
AIAdultSlope= 2.64492859004997
AIAdultLD50= 0.200094164232723
AIAdultSlopeContact= 1.87540609486867
AIAdultLD50Contact= 0.0454464193899184
AILarvaSlope= 1.41693195365369
AILarvaLD50= 0.0425593371503055
AIKOW= 7.05791670549661
AIKOC= 24.0550755884033
AIHalfLife= 4.01441862341017
EAppRate= 0
