ICQueenStrength= 2.776495432714
RQWkrDrnRatio= 3.03682054951787
ICDroneMiteSurvivorship= 34.9145343992859
ICWorkerMiteSurvivorship= 79.437320609577
ICForagerLifespan= 4.52929590363055
ImmType= Exponential
AIAdultSlope= 0.548242843337357
AIAdultLD50= 0.868612202815711
AIAdultSlopeContact= 0.176484467578121
AIAdultLD50Contact= 0.0386547995032743
AILarvaSlope= 2.6573758027982
AILarvaLD50= 0.423219989729114
AIKOW= 2.49136303924024
AIKOC= 21.3019284140319
AIHalfLife= 2.35450724558905
EAppRate= 0.378696639556438
