ICQueenStrength= 2.74070549546741
RQWkrDrnRatio= 3.95237947255373
ICDroneMiteSurvivorship= 64.8518426576629
ICWorkerMiteSurvivorship= 30.9668595902622
ICForagerLifespan= 10.6180460005999
ImmType= Polynomial
AIAdultSlope= 3.90648986648535
AIAdultLD50= 0.129471037071198
AIAdultSlopeContact= 0.210586499318015
AIAdultLD50Contact= 0.044749796227552
AILarvaSlope= 1.43321697413921
AILarvaLD50= 0.396388504724018
AIKOW= 5.0489297201857
AIKOC= 28.4837068943307
AIHalfLife= 4.48986187228002
EAppRate= 0.37589156164322
