ICQueenStrength= 1.74654892319813
RQWkrDrnRatio= 4.48839187808335
ICDroneMiteSurvivorship= 31.9044174160808
ICWorkerMiteSurvivorship= 55.7549616787583
ICForagerLifespan= 12.5101619949564
ImmType= Cosine
AIAdultSlope= 1.56722598709166
