ICQueenStrength= 3.86664621788077
RQWkrDrnRatio= 1.46189825981855
ICDroneMiteSurvivorship= 34.1840224806219
ICWorkerMiteSurvivorship= 97.0874377060682
ICForagerLifespan= 8.19379914458841
ImmType= Tangent
AIAdultSlope= 2.21812121319585
AIAdultLD50= 0.204533757292666
AIAdultSlopeContact= 2.32643593528541
AIAdultLD50Contact= 0.0200932450243272
AILarvaSlope= 3.21469424935058
AILarvaLD50= 0.725877480232157
AIKOW= 7.75823622243479
AIKOC= 11.8891275150236
AIHalfLife= 1.70294911018573
EAppRate= 0
