ICQueenStrength= 2.86147547210567
RQWkrDrnRatio= 1.18023078329861
ICDroneMiteSurvivorship= 97.6854035397992
ICWorkerMiteSurvivorship= 16.0294574918225
ICForagerLifespan= 11.5708411131054
ImmType= Cosine
AIAdultSlope= 2.92815518670715
AIAdultLD50= 0.486627047532238
AIAdultSlopeContact= 2.80962302183965
AIAdultLD50Contact= 0.0299391496460885
AILarvaSlope= 1.89986825310625
AILarvaLD50= 0.165530668781139
AIKOW= 2.58259685058147
AIKOC= 5.39098093984649
AIHalfLife= 3.01767723052762
EAppRate= 0.0535764515399933
