ICQueenStrength= 4.03509661229327
RQWkrDrnRatio= 4.183429017663
ICDroneMiteSurvivorship= 32.9161450499669
ICWorkerMiteSurvivorship= 42.115835705772
ICForagerLifespan= 11.1358396196738
ImmType= Cosine
AIAdultSlope= 0.53926398264477
AIAdultLD50= 0.442750008543953
AIAdultSlopeContact= 1.44450728693046
AIAdultLD50Contact= 0.042010309768375
AILarvaSlope= 0.504808540921658
AILarvaLD50= 0.166755155241117
AIKOW= 7.88728043157607
AIKOC= 14.1822959017009
AIHalfLife= 3.47879879293032
EAppRate= 0
