ICQueenStrength= 1.17845197813585
RQWkrDrnRatio= 1.46437208168209
ICDroneMiteSurvivorship= 75.7384276948869
ICWorkerMiteSurvivorship= 41.4742824388668
ICForagerLifespan= 8.11436458304524
ImmType= Polynomial
AIAdultSlopeContact= 1.97988274740055
AIAdultLD50Contact= 0.0299816887825727
AILarvaSlope= 1.29893379053101
AILarvaLD50= 1.87425258010626
AIKOW= 10.8486749231815
AIKOC= 44.0812151413411
AIHalfLife= 3.46353314490989
