ICQueenStrength= 1.61795985139906
RQWkrDrnRatio= 4.50120127107948
