ICQueenStrength= 3.74430266697891
RQWkrDrnRatio= 2.29672304075211
ICDroneMiteSurvivorship= 51.7166811041534
ICWorkerMiteSurvivorship= 68.3775853132829
ICForagerLifespan= 15.4983665533364
ImmType= Sine
AIAdultSlope= 3.2698943152721
AIAdultLD50= 0.00127376546151936
AIAdultSlopeContact= 3.4736295618536
AIAdultLD50Contact= 0.0263533008866943
AILarvaSlope= 2.4226987448521
AILarvaLD50= 0.713665806083009
AIKOW= 6.52594681549817
AIKOC= 27.7995122317225
AIHalfLife= 1.95741140167229
EAppRate= 0.654993229010142
