ICQueenStrength= 5.08697374048643
RQWkrDrnRatio= 3.05366409849375
ICDroneMiteSurvivorship= 60.7727165799588
ICWorkerMiteSurvivorship= 99.2916530231014
ICForagerLifespan= 10.6259958222508
ImmType= Cosine
AIAdultLD50= 0.154012839635834
AIAdultSlopeContact= 3.57984345830977
AIAdultLD50Contact= 0.0391216293908656
AILarvaSlope= 2.78681643577293
AILarvaLD50= 0.560090207657777
AIKOW= 5.44335181079805
AIKOC= 27.2122102801222
AIHalfLife= 8.90949353342876
EAppRate= 1.2186657031998
