ICQueenStrength= 2.00203702109866
RQWkrDrnRatio= 1.03981020208448
ICDroneMiteSurvivorship= 7.86218005232513
ICWorkerMiteSurvivorship= 54.4074809411541
ICForagerLifespan= 14.2148329047486
ImmType= Logarithmic
AIAdultSlope= 3.07614258455811
AIAdultLD50= 0.3813226694474
AIAdultSlopeContact= 0.287329033655114
AIAdultLD50Contact= 0.0368967137066647
AILarvaSlope= 0.0965031018480658
AILarvaLD50= 0.0154150914866477
AIKOW= 5.0903576943092
AIKOC= 8.01649585017003
AIHalfLife= 4.70237319124863
EAppRate= 0.117116899229586
