ICQueenStrength= 1.92165223229676
RQWkrDrnRatio= 4.62617153115571
