ICQueenStrength= 5.0183527674526
RQWkrDrnRatio= 1.75312131177634
ICDroneMiteSurvivorship= 75.2869077259675
ICWorkerMiteSurvivorship= 31.2164318980649
ICForagerLifespan= 4.29584379307926
ImmType= Sine
AIAdultSlope= 2.10424837742932
AIAdultLD50= 0.461751086288132
AIAdultSlopeContact= 1.83521215714049
AIAdultLD50Contact= 0.0113634934881702
AILarvaSlope= 1.07781254183501
AILarvaLD50= 0.447515473770909
AIKOW= 4.17075112415478
AIKOC= 9.75493139238097
AIHalfLife= 1.87359886942431
EAppRate= 0
