ICQueenStrength= 3.95552723109722
RQWkrDrnRatio= 2.01313657406718
ICDroneMiteSurvivorship= 30.4747706279159
ICWorkerMiteSurvivorship= 39.5603866782039
ICForagerLifespan= 7.92002771608531
ImmType= Polynomial
AIAdultSlopeContact= 3.91466078392463
AIAdultLD50Contact= 0.0102299342048354
AILarvaSlope= 2.30396823934279
AILarvaLD50= 0.800397370825522
AIKOW= 6.55564507329836
AIKOC= 11.9101804518141
AIHalfLife= 5.69748029625043
