ICQueenStrength= 1.86328959674574
RQWkrDrnRatio= 2.74754936620593
ICDroneMiteSurvivorship= 99.8721367912367
ICWorkerMiteSurvivorship= 50.5756269907579
ICForagerLifespan= 14.2788619613275
ImmType= Sine
AIAdultSlope= 0.735638187099248
AIAdultLD50= 0.122683374327607
AIAdultSlopeContact= 1.0144846542296
AIAdultLD50Contact= 0.0017113647190854
AILarvaSlope= 1.52532981848344
AILarvaLD50= 0.712031506164931
AIKOW= 7.34576048050076
AIKOC= 23.9627664803993
AIHalfLife= 2.03292893711478
EAppRate= 0.445287030097097
