ICQueenStrength= 5.6511626301799
RQWkrDrnRatio= 1.73447566665709
ICDroneMiteSurvivorship= 34.2268228530884
ICWorkerMiteSurvivorship= 11.0608717426658
ICForagerLifespan= 4.38439407385886
ImmType= Tangent
AIAdultSlope= 2.22412520418875
AIAdultLD50= 0.387337119318545
AIAdultSlopeContact= 3.20375381122576
AIAdultLD50Contact= 0.0220015733968467
AILarvaSlope= 1.57900830074213
AILarvaLD50= 0.169220705050975
AIKOW= 2.37254894291982
AIKOC= 19.8593118006829
AIHalfLife= 8.25256634876132
EAppRate= 0.340317209716886
