ICQueenStrength= 1.89622115134262
RQWkrDrnRatio= 3.157854125835
ICDroneMiteSurvivorship= 84.4586916500703
ICWorkerMiteSurvivorship= 62.3347998596728
ICForagerLifespan= 8.59361472446471
ImmType= Polynomial
AIAdultSlope= 2.92661637687124
AIAdultLD50= 1.59364000358619
AIAdultSlopeContact= 0.902089442918077
AIAdultLD50Contact= 0.0151159396511503
AILarvaSlope= 1.34502114248462
AILarvaLD50= 0.574243548838422
AIKOW= 2.53265708452091
AIKOC= 7.39402140141465
AIHalfLife= 8.5740920570679
EAppRate= 0.936974532436579
