ICQueenStrength= 5.8659093840979
RQWkrDrnRatio= 2.19746594782919
ICDroneMiteSurvivorship= 48.9860772620887
ICWorkerMiteSurvivorship= 49.3991889525205
ICForagerLifespan= 15.3916422640905
ImmType= Exponential
AIAdultSlope= 3.89141036819899
AIAdultLD50= 0.0265353382565081
AIAdultSlopeContact= 3.25259571803967
AIAdultLD50Contact= 0.027701810200233
AILarvaSlope= 2.65767097254284
AILarvaLD50= 0.588346117269248
AIKOW= 4.44793983362615
AIKOC= 7.44470598991029
AIHalfLife= 2.5822341942694
EAppRate= 0.466151632461697
