ICQueenStrength= 1.78207102138549
RQWkrDrnRatio= 3.1199220456183
ICDroneMiteSurvivorship= 84.0916728368029
ICWorkerMiteSurvivorship= 63.9612984610721
ICForagerLifespan= 7.21118345297873
ImmType= Sine
AIAdultSlope= 3.00770560423844
AIAdultLD50= 1.94038402335718
AIAdultSlopeContact= 2.46937293906463
AIAdultLD50Contact= 0.023616135364864
AILarvaSlope= 0.137281684018671
AILarvaLD50= 0.6042187317973
AIKOW= 3.04198093293235
AIKOC= 10.976849514991
AIHalfLife= 4.40579716069624
EAppRate= 0.271052756113932
