ICQueenStrength= 5.59895670413971
RQWkrDrnRatio= 3.29723439272493
ICDroneMiteSurvivorship= 95.525018684566
ICWorkerMiteSurvivorship= 58.2698385929689
ICForagerLifespan= 15.6569915926084
ImmType= Cosine
AIAdultSlope= 3.23950823159656
AIAdultLD50= 0.119770184857771
AIAdultSlopeContact= 3.77746775083942
AIAdultLD50Contact= 0.0318995305220596
AILarvaSlope= 0.798427983792499
AILarvaLD50= 0.571489506703801
AIKOW= 7.04018699517474
AIKOC= 13.9098092343193
AIHalfLife= 1.22057500411756
EAppRate= 0.477324013994075
