ICQueenStrength= 3.80327940359712
RQWkrDrnRatio= 3.73463705927134
ICDroneMiteSurvivorship= 42.3547828570008
ICWorkerMiteSurvivorship= 96.0759457899258
ICForagerLifespan= 7.88725961837918
ImmType= Cosine
AIAdultSlope= 2.70192845882848
AIAdultLD50= 1.18083200091496
AIAdultSlopeContact= 0.832804069449194
AIAdultLD50Contact= 0.0244586578337476
AILarvaSlope= 0.886418035905808
AILarvaLD50= 0.713156788400374
AIKOW= 4.14437723672017
AIKOC= 9.97893690480851
AIHalfLife= 9.30665366537869
EAppRate= 0.879512821789831
