ICQueenStrength= 1.57638852740638
RQWkrDrnRatio= 4.57424465939403
ICDroneMiteSurvivorship= 57.2207778226584
ICWorkerMiteSurvivorship= 17.1459384495392
ICForagerLifespan= 8.41191162355244
ImmType= Cosine
AIAdultSlope= 2.16985314153135
