ICQueenStrength= 3.1743896335829
RQWkrDrnRatio= 1.89175912830979
ICDroneMiteSurvivorship= 12.0964592322707
ICWorkerMiteSurvivorship= 34.0085920179263
ICForagerLifespan= 8.23159777279943
ImmType= Cosine
AIAdultLD50= 0.154012839635834
AIAdultSlopeContact= 3.30469005448278
AIAdultLD50Contact= 0.0275300546200015
AILarvaSlope= 0.754364697961137
AILarvaLD50= 0.52161252333317
AIKOW= 6.97306515322998
AIKOC= 22.9957331623882
AIHalfLife= 2.28675250569358
EAppRate= 0.428525920957327
