ICQueenStrength= 1.49993669241667
RQWkrDrnRatio= 4.25827965326607
