ICQueenStrength= 3.51562428311445
RQWkrDrnRatio= 3.4076704531908
ICDroneMiteSurvivorship= 17.8306119749323
ICWorkerMiteSurvivorship= 47.1254793927073
ICForagerLifespan= 11.3479167791083
ImmType= Sine
AIAdultSlope= 2.47179941739887
