ICQueenStrength= 3.84810414304957
RQWkrDrnRatio= 2.54146241489798
ICDroneMiteSurvivorship= 41.2947779288515
ICWorkerMiteSurvivorship= 37.0797345647588
ICForagerLifespan= 13.6669021081179
ImmType= Cosine
AIAdultSlope= 6.1436512414366
