ICQueenStrength= 3.9273252049461
RQWkrDrnRatio= 3.05665332078934
ICDroneMiteSurvivorship= 53.1503124395385
ICWorkerMiteSurvivorship= 18.5464403126389
ICForagerLifespan= 7.17898529954255
ImmType= Polynomial
AIAdultSlope= 2.63148459852673
AIAdultLD50= 2.21944937529042
AIAdultSlopeContact= 1.58281332828105
AIAdultLD50Contact= 0.0334064472932369
AILarvaSlope= 2.21076369299553
AILarvaLD50= 0.0609325866680592
AIKOW= 3.57437760708854
AIKOC= 28.1444760225713
AIHalfLife= 2.5161772724241
EAppRate= 0.183190206298605
