ICQueenStrength= 2.42368950881064
RQWkrDrnRatio= 2.91427210066468
ICDroneMiteSurvivorship= 6.97015265468508
ICWorkerMiteSurvivorship= 71.1761467624456
ICForagerLifespan= 14.9457861529663
ImmType= Sine
AIAdultSlopeContact= 0.69575641178526
AIAdultLD50Contact= 0.00720018020365387
AILarvaSlope= 3.03672360293567
AILarvaLD50= 0.110711334762163
AIKOW= 2.91896263882518
AIKOC= 20.6141000392381
AIHalfLife= 6.00027719000354
