ICQueenStrength= 2.80923950741999
RQWkrDrnRatio= 1.27203505113721
ICDroneMiteSurvivorship= 98.9054176025093
ICWorkerMiteSurvivorship= 55.8405935764313
ICForagerLifespan= 10.9727396806702
ImmType= Logarithmic
AIAdultSlope= 3.2183251333097
AIAdultLD50= 0.0832260545575991
AIAdultSlopeContact= 2.22491807139013
AIAdultLD50Contact= 0.0308119718567468
AILarvaSlope= 2.46773169036023
AILarvaLD50= 0.496518108341843
AIKOW= 4.64432899700478
AIKOC= 23.7103947915602
AIHalfLife= 0.515664125559852
EAppRate= 0
