ICQueenStrength= 4.21506728883833
RQWkrDrnRatio= 1.6493757609278
ICDroneMiteSurvivorship= 56.7391188815236
ICWorkerMiteSurvivorship= 61.7537111276761
ICForagerLifespan= 7.6052715247497
ImmType= Tangent
AIAdultLD50= 0.154012839635834
AIAdultSlopeContact= 2.36547938992269
AIAdultLD50Contact= 0.0255200186977163
AILarvaSlope= 3.28708410477266
AILarvaLD50= 0.558107252209447
AIKOW= 4.1033080695197
AIKOC= 17.59878721321
AIHalfLife= 5.46802057977766
EAppRate= 1.5162904812023
