ICQueenStrength= 4.80275657400489
RQWkrDrnRatio= 3.0465294457972
ICDroneMiteSurvivorship= 96.0522761568427
ICWorkerMiteSurvivorship= 93.0903811240569
ICForagerLifespan= 7.60833432246
ImmType= Tangent
AIAdultSlope= 3.27184781465214
AIAdultLD50= 0.241805149358697
AIAdultSlopeContact= 0.889686726902146
AIAdultLD50Contact= 0.00730616628425196
AILarvaSlope= 0.506649082200602
AILarvaLD50= 0.775593231827952
AIKOW= 4.90888024261221
AIKOC= 14.051211248152
AIHalfLife= 0.251446772599593
EAppRate= 0
