ICQueenStrength= 2.97069413610734
RQWkrDrnRatio= 1.65241718478501
ICDroneMiteSurvivorship= 10.8230202458799
ICWorkerMiteSurvivorship= 46.3610047241673
ICForagerLifespan= 14.5103013757616
ImmType= Cosine
AIAdultSlopeContact= 0.427735455937218
AIAdultLD50Contact= 0.0191307576023974
AILarvaSlope= 0.380987343285233
AILarvaLD50= 0.128078089747578
AIKOW= 5.70820173295215
AIKOC= 28.8570557325147
AIHalfLife= 13.0490569677204
