ICQueenStrength= 5.15010711411014
RQWkrDrnRatio= 1.01691498607397
ICDroneMiteSurvivorship= 60.0643919082358
ICWorkerMiteSurvivorship= 1.60563164390624
ICForagerLifespan= 12.7826720643789
ImmType= Tangent
AIAdultSlope= 1.97797447177581
AIAdultLD50= 0.178275171900168
AIAdultSlopeContact= 0.415606997448485
AIAdultLD50Contact= 0.0025563494535163
AILarvaSlope= 2.73570251585916
AILarvaLD50= 0.297323371376842
AIKOW= 3.31111104460433
AIKOC= 13.8248799089342
AIHalfLife= 4.65662469970994
EAppRate= 0.276552518992685
