ICQueenStrength= 2.83723888359964
RQWkrDrnRatio= 4.83231502957642
ICDroneMiteSurvivorship= 50.0101023586467
ICWorkerMiteSurvivorship= 27.6295128511265
ICForagerLifespan= 6.00531592965126
ImmType= Cosine
AIAdultSlope= 3.22802427290007
AIAdultLD50= 0.889597094384953
AIAdultSlopeContact= 1.94585301224375
AIAdultLD50Contact= 0.0279215900111012
AILarvaSlope= 1.34361061938107
AILarvaLD50= 0.244530752417631
AIKOW= 2.67628057068214
AIKOC= 26.2470080587082
AIHalfLife= 8.99604165460914
EAppRate= 0.250195061787963
