ICQueenStrength= 4.86092356638983
RQWkrDrnRatio= 3.07894597388804
ICDroneMiteSurvivorship= 27.7215945068747
ICWorkerMiteSurvivorship= 17.1337747946382
ICForagerLifespan= 12.520289817825
ImmType= Tangent
AIAdultSlope= 2.85085747776786
AIAdultLD50= 0.166700595524162
AIAdultSlopeContact= 2.93117992440239
AIAdultLD50Contact= 0.0201760428142734
AILarvaSlope= 3.29477839819156
AILarvaLD50= 0.128996727894992
AIKOW= 7.64798501273617
AIKOC= 10.6886458303779
AIHalfLife= 1.27402573591098
EAppRate= 0.574105171812698
