ICQueenStrength= 5.25620292662643
RQWkrDrnRatio= 4.66328603029251
ICDroneMiteSurvivorship= 82.8725043917075
ICWorkerMiteSurvivorship= 91.7142219375819
ICForagerLifespan= 14.4115755483508
ImmType= Polynomial
AIAdultSlope= 3.41080320491921
AIAdultLD50= 0.473790416261181
AIAdultSlopeContact= 0.490740752303973
AIAdultLD50Contact= 0.0490968947997317
AILarvaSlope= 0.376339214202017
AILarvaLD50= 0.755522916396149
AIKOW= 4.43246281147003
AIKOC= 21.7762338474859
AIHalfLife= 3.72502639191225
EAppRate= 0
