ICQueenStrength= 4.84195447200909
RQWkrDrnRatio= 1.73611792456359
ICDroneMiteSurvivorship= 12.9644371103495
ICWorkerMiteSurvivorship= 16.1788943456486
ICForagerLifespan= 12.2490704050288
ImmType= Cosine
AIAdultSlope= 4.36349552124739
AIAdultLD50= 0.338866079226136
AIAdultSlopeContact= 4.57076093647629
AIAdultLD50Contact= 0.0263147335033864
AILarvaSlope= 8.90415853122249
AILarvaLD50= 0.710743834730238
AIKOW= 6.88730392139405
AIKOC= 54.3953975429758
AIHalfLife= 13.0930527541786
EAppRate= 1.31342238048092
