ICQueenStrength= 4.34536965470761
RQWkrDrnRatio= 3.16327938437462
ICDroneMiteSurvivorship= 68.3686449425295
ICWorkerMiteSurvivorship= 96.8686930136755
ICForagerLifespan= 10.2557329442352
ImmType= Polynomial
AIAdultSlopeContact= 3.42804488946218
AIAdultLD50Contact= 0.0294637347105891
AILarvaSlope= 2.14297313056886
AILarvaLD50= 0.314208618085831
AIKOW= 7.34438580088317
AIKOC= 16.2033904530108
AIHalfLife= 0.563622028566897
