ICQueenStrength= 4.79226418212056
RQWkrDrnRatio= 2.20726678427309
ICDroneMiteSurvivorship= 90.4664238914847
ICWorkerMiteSurvivorship= 10.6922527076676
ICForagerLifespan= 10.6675869738683
ImmType= Cosine
AIAdultSlope= 0.996976453717798
AIAdultLD50= 2.82672485662624
AIAdultSlopeContact= 3.07072258009342
AIAdultLD50Contact= 0.0233890734962188
AILarvaSlope= 2.43735964698717
AILarvaLD50= 0.459203265351243
AIKOW= 5.79263754142448
AIKOC= 8.28931332333013
AIHalfLife= 13.2379794162698
EAppRate= 0.764589431928471
