ICQueenStrength= 5.11800916306674
RQWkrDrnRatio= 2.88703095167875
ICDroneMiteSurvivorship= 17.497771140188
ICWorkerMiteSurvivorship= 73.9491191226989
ICForagerLifespan= 6.21114178746939
ImmType= Logarithmic
AIAdultSlopeContact= 8.60457438277081
AIAdultLD50Contact= 0.0282082405406982
AILarvaSlope= 9.53511938685551
AILarvaLD50= 1.75425983266905
AIKOW= 84.8712514387444
AIKOC= 27.4358595954254
AIHalfLife= 11.2520439643413
