ICQueenStrength= 4.11844313982874
RQWkrDrnRatio= 3.01561679225415
ICDroneMiteSurvivorship= 7.18230253551155
ICWorkerMiteSurvivorship= 84.2441869899631
ICForagerLifespan= 6.8438843851909
ImmType= Tangent
AIAdultSlope= 0.00102897766046226
AIAdultSlopeContact= 2.84805860927794
AIAdultLD50Contact= 0.0310231841402128
AILarvaSlope= 2.7101092195604
AILarvaLD50= 0.832900969963521
AIKOW= 4.63834909442812
AIKOC= 6.84176526963711
AIHalfLife= 12.2189735830761
