ICQueenStrength= 2.10788906225935
RQWkrDrnRatio= 2.10186358727515
ICDroneMiteSurvivorship= 1.02891875430942
ICWorkerMiteSurvivorship= 75.7343734847382
ICForagerLifespan= 5.97329680528492
ImmType= Tangent
AIAdultSlope= 0.239365425850265
AIAdultLD50= 0.216931785456836
AIAdultSlopeContact= 0.380383709412999
AIAdultLD50Contact= 0.043716265168041
AILarvaSlope= 1.14386402545497
AILarvaLD50= 0.549240071210079
AIKOW= 3.76198044745252
AIKOC= 15.78800772666
AIHalfLife= 2.79696451849304
EAppRate= 0.239290483598597
