ICQueenStrength= 2.34146566153504
RQWkrDrnRatio= 3.39861691836268
ICDroneMiteSurvivorship= 93.2586188428104
ICWorkerMiteSurvivorship= 55.2691282005981
ICForagerLifespan= 14.0749177653342
ImmType= Logarithmic
AIAdultSlope= 0.920393372094259
AIAdultLD50= 0.133113544201478
AIAdultSlopeContact= 3.86684368983144
AIAdultLD50Contact= 0.0350057187024504
AILarvaSlope= 2.78731093886308
AILarvaLD50= 0.389997828053311
AIKOW= 6.87103006383404
AIKOC= 7.07644643378444
AIHalfLife= 9.14917318755761
EAppRate= 0.147229357622564
