ICQueenStrength= 3.2298712679185
RQWkrDrnRatio= 1.7181101758033
ICDroneMiteSurvivorship= 73.477234900929
ICWorkerMiteSurvivorship= 6.13617189228535
ICForagerLifespan= 12.6795201729983
ImmType= Tangent
AIAdultSlope= 0.252762214341201
AIAdultLD50= 0.36999154521618
AIAdultSlopeContact= 3.92004169305554
AIAdultLD50Contact= 0.00216915239579976
AILarvaSlope= 1.53439498255029
AILarvaLD50= 0.28778931023553
AIKOW= 7.28714749123901
AIKOC= 6.85386445955373
AIHalfLife= 1.49154664366506
EAppRate= 0.0459915862418711
