ICQueenStrength= 1.75430025462992
RQWkrDrnRatio= 4.54444933403283
ICDroneMiteSurvivorship= 82.0603301050141
ICWorkerMiteSurvivorship= 79.2391639901325
ICForagerLifespan= 10.6058492250741
ImmType= Logarithmic
AIAdultSlope= 2.5221887027286
AIAdultLD50= 0.2703354684636
AIAdultSlopeContact= 1.19418701658491
AIAdultLD50Contact= 0.0308846835629083
AILarvaSlope= 0.532311590202153
AILarvaLD50= 0.0896176972892135
AIKOW= 6.61682886490598
AIKOC= 26.2641629157588
AIHalfLife= 0.697725907666609
EAppRate= 0.311160888778977
