ICQueenStrength= 1.33138363040052
RQWkrDrnRatio= 4.03399524930865
ICDroneMiteSurvivorship= 22.9385119630024
ICWorkerMiteSurvivorship= 67.6438755122945
ICForagerLifespan= 10.1829220755026
ImmType= Exponential
AIAdultSlope= 0.587721085408702
AIAdultLD50= 1.74556009029038
AIAdultSlopeContact= 3.8591542170709
AIAdultLD50Contact= 0.00285360753769055
AILarvaSlope= 0.445520786987618
AILarvaLD50= 0.407999899657443
AIKOW= 5.19973563682288
AIKOC= 20.6831580214202
AIHalfLife= 5.52326794387773
EAppRate= 0.518938681576401
