ICQueenStrength= 3.07830669707619
RQWkrDrnRatio= 2.4001832511276
ICDroneMiteSurvivorship= 38.1952491588891
ICWorkerMiteSurvivorship= 84.2283389996737
ICForagerLifespan= 7.27608289755881
ImmType= Logarithmic
AIAdultSlope= 1.25207909604767
AIAdultLD50= 0.307755808578804
AIAdultSlopeContact= 3.89733933304204
AIAdultLD50Contact= 0.0265416340436786
AILarvaSlope= 1.96846387358382
AILarvaLD50= 0.635485223215073
AIKOW= 4.34759666072205
AIKOC= 29.8366762185469
AIHalfLife= 4.28223501308821
EAppRate= 0.128063679230399
