ICQueenStrength= 2.42964750062674
RQWkrDrnRatio= 1.87778929807246
ICDroneMiteSurvivorship= 9.77391514461488
ICWorkerMiteSurvivorship= 81.5894798841327
ICForagerLifespan= 10.1433867001906
ImmType= Polynomial
AIAdultSlopeContact= 3.50674414132023
AIAdultLD50Contact= 0.00501385253155604
AILarvaSlope= 1.95550548671745
AILarvaLD50= 0.0917207310441881
AIKOW= 2.10296817403287
AIKOC= 21.9374359713402
AIHalfLife= 12.8168583675288
