ICQueenStrength= 4.75030102557503
RQWkrDrnRatio= 2.33929719403386
ICDroneMiteSurvivorship= 59.5458417898044
ICWorkerMiteSurvivorship= 93.6825555283576
ICForagerLifespan= 5.89107991848141
ImmType= Exponential
AIAdultSlope= 0.429162216014229
AIAdultLD50= 0.114931583753787
AIAdultSlopeContact= 1.74586348221637
AIAdultLD50Contact= 0.0301210864330642
AILarvaSlope= 2.54018192612566
AILarvaLD50= 0.461597073194571
AIKOW= 2.4735010121949
AIKOC= 24.0942822780926
AIHalfLife= 1.23594310833141
EAppRate= 0.0428978327428922
