ICQueenStrength= 4.32739585544914
RQWkrDrnRatio= 2.91619456931949
ICDroneMiteSurvivorship= 61.2613414181396
ICWorkerMiteSurvivorship= 22.4936515558511
ICForagerLifespan= 4.13988245557994
ImmType= Logarithmic
AIAdultSlopeContact= 0.796620191540569
AIAdultLD50Contact= 0.0650520919356495
AILarvaSlope= 1.6089855809696
AILarvaLD50= 0.270586642436683
AIKOW= 98.3010508585721
AIKOC= 80.7904032524675
AIHalfLife= 0.778680198825896
