ICQueenStrength= 2.19812475633807
RQWkrDrnRatio= 4.23374295420945
ICDroneMiteSurvivorship= 17.1751949703321
ICWorkerMiteSurvivorship= 31.0364328091964
ICForagerLifespan= 4.66363524179906
ImmType= Tangent
AIAdultSlope= 3.15857192501426
