ICQueenStrength= 1.08854284416884
RQWkrDrnRatio= 4.06452828831971
ICDroneMiteSurvivorship= 10.545441810973
ICWorkerMiteSurvivorship= 69.1318805329502
ICForagerLifespan= 13.4813556112349
ImmType= Sine
AIAdultSlope= 3.47920160494745
AIAdultLD50= 0.263897626427934
AIAdultSlopeContact= 1.31115979590453
AIAdultLD50Contact= 0.0308172238525003
AILarvaSlope= 2.00831592613831
AILarvaLD50= 0.32881472746376
AIKOW= 3.02819640142843
AIKOC= 15.6790582009126
AIHalfLife= 1.16794181987643
EAppRate= 0.675870076171122
