ICQueenStrength= 4.0838523095008
RQWkrDrnRatio= 2.6698254738003
ICDroneMiteSurvivorship= 79.6773436013609
ICWorkerMiteSurvivorship= 84.722321270965
ICForagerLifespan= 9.07840841636062
ImmType= Logarithmic
AIAdultSlope= 0.913439108559396
AIAdultLD50= 0.418968314304948
AIAdultSlopeContact= 0.584308347750921
AIAdultLD50Contact= 0.0294169590924866
AILarvaSlope= 2.57054064963013
AILarvaLD50= 0.509278880758211
AIKOW= 4.28254162706435
AIKOC= 7.19633415108547
AIHalfLife= 3.05436076130718
EAppRate= 0.0641472553368658
