ICQueenStrength= 3.32846043771133
RQWkrDrnRatio= 3.11934380885214
ICDroneMiteSurvivorship= 9.9762917496264
ICWorkerMiteSurvivorship= 76.142465788871
ICForagerLifespan= 11.4005354866385
ImmType= Cosine
AIAdultSlope= 2.12291409876198
AIAdultLD50= 0.0934678888879716
AIAdultSlopeContact= 1.13315174402436
AIAdultLD50Contact= 0.0188169153290801
AILarvaSlope= 0.191174558689818
AILarvaLD50= 0.0342459650477394
AIKOW= 6.94614507444203
AIKOC= 12.8239109891001
AIHalfLife= 6.94905708357692
EAppRate= 0.548644498921931
