ICQueenStrength= 4.17330799531192
RQWkrDrnRatio= 3.92700015567243
ICDroneMiteSurvivorship= 89.1985040390864
ICWorkerMiteSurvivorship= 60.9062716364861
ICForagerLifespan= 11.8089627679437
ImmType= Exponential
AIAdultSlope= 1.2817592603364
AIAdultLD50= 0.303616939694621
AIAdultSlopeContact= 1.24026352284243
AIAdultLD50Contact= 0.0182297518476844
AILarvaSlope= 0.106538875540718
AILarvaLD50= 0.125609202682972
AIKOW= 4.05372719140723
AIKOC= 23.7976337387227
AIHalfLife= 3.88663510209881
EAppRate= 0.553351059136912
