ICQueenStrength= 5.46935426443815
RQWkrDrnRatio= 2.05595324654132
ICDroneMiteSurvivorship= 16.6751824086532
ICWorkerMiteSurvivorship= 47.6168653927743
ICForagerLifespan= 15.0431752204895
ImmType= Polynomial
AIAdultSlope= 1.20391276059672
AIAdultLD50= 2.08296280098148
AIAdultSlopeContact= 1.94719434930012
AIAdultLD50Contact= 0.0255007312865928
AILarvaSlope= 2.43570971852168
AILarvaLD50= 0.248238438880071
AIKOW= 7.46601575147361
AIKOC= 29.96472375351
AIHalfLife= 9.62411365797743
EAppRate= 0.153142903698608
