ICQueenStrength= 3.60408184258267
RQWkrDrnRatio= 2.47190136183053
ICDroneMiteSurvivorship= 7.92179340496659
ICWorkerMiteSurvivorship= 47.23807326518
ICForagerLifespan= 4.77286447677761
ImmType= Tangent
AIAdultSlopeContact= 6.64981143083423
AIAdultLD50Contact= 0.0993423713836819
AILarvaSlope= 1.62790414644405
AILarvaLD50= 0.159919701516628
AIKOW= 29.6175603987649
AIKOC= 48.0221435893327
AIHalfLife= 0.491919014137238
