ICQueenStrength= 2.27474233158864
RQWkrDrnRatio= 3.51898934599012
ICDroneMiteSurvivorship= 88.2075555855408
ICWorkerMiteSurvivorship= 39.6543971495703
ICForagerLifespan= 12.7925648195669
ImmType= Tangent
AIAdultSlope= 3.54121868591057
AIAdultLD50= 0.393405225826427
AIAdultSlopeContact= 2.34068180148024
AIAdultLD50Contact= 0.0451957193552516
AILarvaSlope= 2.97423533615656
AILarvaLD50= 0.293301126756705
AIKOW= 6.795237690676
AIKOC= 22.2347168263514
AIHalfLife= 0.0478199403733015
EAppRate= 0
