ICQueenStrength= 3.68009568564594
RQWkrDrnRatio= 4.16398494318128
