ICQueenStrength= 1.32964234938845
RQWkrDrnRatio= 4.90830738283694
ICDroneMiteSurvivorship= 59.2515477677807
ICWorkerMiteSurvivorship= 32.413809094578
ICForagerLifespan= 4.26972483005375
ImmType= Sine
AIAdultSlope= 3.5676189323212
AIAdultLD50= 0.00509605300612748
AIAdultSlopeContact= 2.55334470625967
AIAdultLD50Contact= 0.0385615887236781
AILarvaSlope= 0.589051922038197
AILarvaLD50= 0.814498910587281
AIKOW= 4.26406554458663
AIKOC= 22.9774815274868
AIHalfLife= 3.52525867638178
EAppRate= 0.199178923876025
