ICQueenStrength= 4.72165607870556
RQWkrDrnRatio= 3.97531598433852
ICDroneMiteSurvivorship= 60.8698125462979
ICWorkerMiteSurvivorship= 92.6244876347482
ICForagerLifespan= 13.5725869862363
ImmType= Sine
AIAdultSlopeContact= 2.10196970947785
AIAdultLD50Contact= 0.00260332114994526
AILarvaSlope= 2.65541711952537
AILarvaLD50= 0.0881484571611509
AIKOW= 4.45692096184939
AIKOC= 22.9692002828233
AIHalfLife= 13.7194381016307
