ICQueenStrength= 4.36038095527329
RQWkrDrnRatio= 2.95783681795001
ICDroneMiteSurvivorship= 32.1785092819482
ICWorkerMiteSurvivorship= 78.3731045434251
ICForagerLifespan= 7.99283117800951
ImmType= Logarithmic
AIAdultSlope= 1.33626036029309
AIAdultLD50= 0.323141188826412
AIAdultSlopeContact= 0.55155822525965
AIAdultLD50Contact= 0.0230360374669544
AILarvaSlope= 0.601962535176426
AILarvaLD50= 0.387764335842803
AIKOW= 5.85851813107729
AIKOC= 19.9993812374305
AIHalfLife= 9.26166527625173
EAppRate= 0.457303491188213
