ICQueenStrength= 1.72939189500175
RQWkrDrnRatio= 2.523985337466
ICDroneMiteSurvivorship= 18.3196767233312
ICWorkerMiteSurvivorship= 28.9920487441123
ICForagerLifespan= 6.63487328123301
ImmType= Logarithmic
AIAdultSlope= 0.917112998617813
AIAdultLD50= 2.00046637211926
AIAdultSlopeContact= 0.146192037567962
AIAdultLD50Contact= 0.0134749490651302
AILarvaSlope= 0.0320910814218223
AILarvaLD50= 0.89504860045854
AIKOW= 4.27361058071256
AIKOC= 25.9612784383353
AIHalfLife= 3.75463533401489
EAppRate= 0.548090786207467
