ICQueenStrength= 4.9563455269672
RQWkrDrnRatio= 3.49392787739635
ICDroneMiteSurvivorship= 48.6708289245144
ICWorkerMiteSurvivorship= 49.3666455615312
ICForagerLifespan= 11.7373815774918
ImmType= Polynomial
AIAdultSlope= 9.54155387822539
AIAdultLD50= 0.145178264705464
AIAdultSlopeContact= 8.22054800344631
AIAdultLD50Contact= 0.153406358044595
AILarvaSlope= 2.87706666626036
AILarvaLD50= 1.00275028683245
AIKOW= 88.3475423557684
AIKOC= 28.3057082211599
AIHalfLife= 11.7951531410217
EAppRate= 1.22088612103835
