ICQueenStrength= 5.26703903125599
RQWkrDrnRatio= 4.17090304847807
ICDroneMiteSurvivorship= 7.0158688351512
ICWorkerMiteSurvivorship= 82.6723071280867
ICForagerLifespan= 14.4425872629508
ImmType= Exponential
AIAdultSlope= 1.78684618286788
AIAdultLD50= 1.06460233242251
AIAdultSlopeContact= 0.113044595913962
AIAdultLD50Contact= 0.0416693218634464
AILarvaSlope= 1.39920740812086
AILarvaLD50= 0.398044210555963
AIKOW= 2.48991593299434
AIKOC= 20.1298605254851
AIHalfLife= 12.005869879853
EAppRate= 0.887293129693717
