ICQueenStrength= 4.76066624652594
RQWkrDrnRatio= 4.39482700172812
ICDroneMiteSurvivorship= 85.0422601914033
ICWorkerMiteSurvivorship= 38.5924847330898
ICForagerLifespan= 8.65792100410908
ImmType= Polynomial
AIAdultSlope= 0.481259557092562
AIAdultLD50= 1.07908722013235
AIAdultSlopeContact= 3.57764445330016
AIAdultLD50Contact= 0.013996665540617
AILarvaSlope= 1.1319246425759
AILarvaLD50= 0.710185777558945
AIKOW= 2.7474502264522
AIKOC= 27.0605525188148
AIHalfLife= 11.1285849385895
EAppRate= 0.51704403758049
