ICQueenStrength= 3.64114183839411
RQWkrDrnRatio= 4.40443986561149
ICDroneMiteSurvivorship= 2.75205706711859
ICWorkerMiteSurvivorship= 62.4914059182629
ICForagerLifespan= 7.47109961789101
ImmType= Tangent
AIAdultSlopeContact= 1.04758938620333
AIAdultLD50Contact= 0.00377762594725937
AILarvaSlope= 1.99488168763928
AILarvaLD50= 0.757271495391615
AIKOW= 3.98905957909301
AIKOC= 21.9789594190661
AIHalfLife= 12.8274774826132
