ICQueenStrength= 2.74107900238596
RQWkrDrnRatio= 4.99029831960797
ICDroneMiteSurvivorship= 78.2224416034296
ICWorkerMiteSurvivorship= 70.086631574668
ICForagerLifespan= 4.14955324679613
ImmType= Sine
AIAdultSlope= 1.74840205462184
AIAdultLD50= 0.49681426899042
AIAdultSlopeContact= 3.71085288623348
AIAdultLD50Contact= 0.0431035666610114
AILarvaSlope= 2.4057276933454
AILarvaLD50= 0.212355078267865
AIKOW= 6.59505009744316
AIKOC= 13.4917118947487
AIHalfLife= 1.38748963596299
EAppRate= 0
