ICQueenStrength= 3.22732900548726
RQWkrDrnRatio= 2.1627882597968
