ICQueenStrength= 2.88797983224504
RQWkrDrnRatio= 1.58083063643426
ICDroneMiteSurvivorship= 12.160222325474
ICWorkerMiteSurvivorship= 47.1684686839581
ICForagerLifespan= 11.8835453754291
ImmType= Sine
AIAdultSlope= 3.85585218854249
AIAdultLD50= 0.0518498637247831
AIAdultSlopeContact= 1.92784813601989
AIAdultLD50Contact= 0.0093164658988826
AILarvaSlope= 2.38186719589867
AILarvaLD50= 0.748306006402709
AIKOW= 4.04406467592344
AIKOC= 27.9019730584696
AIHalfLife= 4.03165850555524
EAppRate= 0.346954738046043
