ICQueenStrength= 4.19522849167697
RQWkrDrnRatio= 4.32804373279214
ICDroneMiteSurvivorship= 55.2494573872536
ICWorkerMiteSurvivorship= 51.5833515673876
ICForagerLifespan= 6.89714514929801
ImmType= Tangent
AIAdultSlope= 1.8949957851693
AIAdultLD50= 0.15198778163176
AIAdultSlopeContact= 0.0657164396345615
AIAdultLD50Contact= 0.00404342761030421
AILarvaSlope= 1.37885091323405
AILarvaLD50= 0.764846056164242
AIKOW= 4.80759700853378
AIKOC= 5.80555907916278
AIHalfLife= 3.57761023915373
EAppRate= 0.573974512517452
