ICQueenStrength= 3.94236917165108
RQWkrDrnRatio= 2.52600902598351
ICDroneMiteSurvivorship= 18.5789715731516
ICWorkerMiteSurvivorship= 62.5925662228838
ICForagerLifespan= 4.79448893200606
ImmType= Sine
AIAdultSlope= 2.88530736849643
AIAdultLD50= 2.59887672797777
AIAdultSlopeContact= 3.9220257798722
AIAdultLD50Contact= 0.00287102604052052
AILarvaSlope= 1.55301241050474
AILarvaLD50= 0.301429829816334
AIKOW= 5.47948882449418
AIKOC= 28.3848923642654
AIHalfLife= 12.1249584406614
EAppRate= 0.929265240672976
