ICQueenStrength= 4.68996954988688
RQWkrDrnRatio= 4.34960616845638
ICDroneMiteSurvivorship= 3.60849490389228
ICWorkerMiteSurvivorship= 6.68812678195536
ICForagerLifespan= 8.77049437258393
ImmType= Logarithmic
AIAdultSlope= 5.18411476397887
