ICQueenStrength= 2.114500091644
RQWkrDrnRatio= 1.36239249911159
ICDroneMiteSurvivorship= 72.9057079646736
ICWorkerMiteSurvivorship= 72.5782563677058
ICForagerLifespan= 8.27516921050847
ImmType= Polynomial
AIAdultSlope= 2.37647585440427
AIAdultLD50= 1.61570226657204
AIAdultSlopeContact= 3.51045179102803
AIAdultLD50Contact= 0.00321148118237033
AILarvaSlope= 3.20636511608027
AILarvaLD50= 0.659515231009573
AIKOW= 7.15248824376613
AIKOC= 9.01201917557046
AIHalfLife= 5.30066034896299
EAppRate= 0.952386795077473
