ICQueenStrength= 1.18286346574314
RQWkrDrnRatio= 2.08584970422089
ICDroneMiteSurvivorship= 31.1550411162898
ICWorkerMiteSurvivorship= 29.655712028034
ICForagerLifespan= 9.45453137904406
ImmType= Polynomial
AIAdultSlope= 0.836325224908069
AIAdultLD50= 2.24876988795586
AIAdultSlopeContact= 2.88254307547817
AIAdultLD50Contact= 0.0452631303691305
AILarvaSlope= 2.2529180649668
AILarvaLD50= 0.835836125537753
AIKOW= 2.91341292345896
AIKOC= 6.31081825238653
AIHalfLife= 7.74684341531247
EAppRate= 0.684066111920401
