ICQueenStrength= 3.3477145684883
RQWkrDrnRatio= 4.71780768968165
