ICQueenStrength= 1.90831946465187
RQWkrDrnRatio= 3.17439079564065
ICDroneMiteSurvivorship= 92.3372634220868
ICWorkerMiteSurvivorship= 93.1159083731472
ICForagerLifespan= 6.09552748128772
ImmType= Cosine
AIAdultSlope= 0.956808087928221
AIAdultLD50= 1.33917776774615
AIAdultSlopeContact= 3.11253433865961
AIAdultLD50Contact= 0.0431357434019446
AILarvaSlope= 2.5940919038374
AILarvaLD50= 0.443599702999927
AIKOW= 4.81113032437861
AIKOC= 18.836628588615
AIHalfLife= 5.99702816456556
EAppRate= 0.362912134034559
