ICQueenStrength= 2.95506732794456
RQWkrDrnRatio= 2.09241883922368
ICDroneMiteSurvivorship= 49.6858717873693
ICWorkerMiteSurvivorship= 60.4135129600763
ICForagerLifespan= 5.38800173345953
ImmType= Polynomial
AIAdultSlope= 2.58296871557832
AIAdultLD50= 1.56530255335383
AIAdultSlopeContact= 2.45676222701557
AIAdultLD50Contact= 0.00648984182626009
AILarvaSlope= 2.08882004823536
AILarvaLD50= 0.62728319359012
AIKOW= 3.41801474289969
AIKOC= 20.5976873240434
AIHalfLife= 3.81846949318424
EAppRate= 0.347202027216554
