ICQueenStrength= 4.87711180839688
RQWkrDrnRatio= 3.94901421945542
ICDroneMiteSurvivorship= 19.947885395959
ICWorkerMiteSurvivorship= 89.0674551250413
ICForagerLifespan= 9.21491030789912
ImmType= Exponential
AIAdultSlope= 1.57628540491685
AIAdultLD50= 0.115778797888197
AIAdultSlopeContact= 0.31634456720436
AIAdultLD50Contact= 0.0474173404625617
AILarvaSlope= 1.85587300420739
AILarvaLD50= 0.317088016192429
AIKOW= 6.95519345486537
AIKOC= 10.3202750394121
AIHalfLife= 3.92905569053255
EAppRate= 0.211467157583684
