ICQueenStrength= 5.93741048732772
RQWkrDrnRatio= 1.53010859340429
ICDroneMiteSurvivorship= 79.599190573208
ICWorkerMiteSurvivorship= 26.9865404814482
ICForagerLifespan= 12.4741779007018
ImmType= Polynomial
AIAdultSlope= 2.70622738141101
AIAdultLD50= 0.180622289422899
AIAdultSlopeContact= 0.452984328938182
AIAdultLD50Contact= 0.0282813076046295
AILarvaSlope= 0.142397281434387
AILarvaLD50= 0.742625629599206
AIKOW= 5.12774253869429
AIKOC= 7.13494515046477
AIHalfLife= 1.76874195109122
EAppRate= 0.0909120321506634
