ICQueenStrength= 5.28277013939805
RQWkrDrnRatio= 1.92903145961463
ICDroneMiteSurvivorship= 40.1539715239778
ICWorkerMiteSurvivorship= 38.0481063388288
ICForagerLifespan= 6.60066223610193
ImmType= Cosine
AIAdultSlopeContact= 6.10766266938299
AIAdultLD50Contact= 0.144917679810897
AILarvaSlope= 0.900961516890675
AILarvaLD50= 1.04398154560477
AIKOW= 91.7525463039055
AIKOC= 29.3160607106984
AIHalfLife= 0.872738127131015
