ICQueenStrength= 5.22385776648298
RQWkrDrnRatio= 3.92375425528735
ICDroneMiteSurvivorship= 67.5568155478686
ICWorkerMiteSurvivorship= 47.4584702402353
ICForagerLifespan= 14.5717408852652
ImmType= Cosine
AIAdultSlopeContact= 3.42515529813012
AIAdultLD50Contact= 0.0151449571014382
AILarvaSlope= 3.13318332298659
AILarvaLD50= 0.688786021457054
AIKOW= 6.85738443722948
AIKOC= 9.88003823556937
AIHalfLife= 1.04972597211599
