ICQueenStrength= 4.8598457898479
RQWkrDrnRatio= 2.89283981453627
ICDroneMiteSurvivorship= 96.4826689334586
ICWorkerMiteSurvivorship= 34.7108284942806
ICForagerLifespan= 13.3500462528318
ImmType= Sine
AIAdultSlope= 0.28792146416381
AIAdultSlopeContact= 0.653856121860445
AIAdultLD50Contact= 0.0250787827535532
AILarvaSlope= 3.02452632710338
AILarvaLD50= 0.546347276307642
AIKOW= 3.90193435596302
AIKOC= 16.4876827166881
AIHalfLife= 3.30470004165545
