ICQueenStrength= 4.5635302728042
RQWkrDrnRatio= 1.76504244934767
ICDroneMiteSurvivorship= 39.9586943909526
ICWorkerMiteSurvivorship= 6.03275774046779
ICForagerLifespan= 10.4061105456203
ImmType= Exponential
AIAdultSlope= 1.99396474511828
AIAdultLD50= 0.264505574130453
AIAdultSlopeContact= 0.0237967658322304
AIAdultLD50Contact= 0.0165986303356476
AILarvaSlope= 3.16145049384795
AILarvaLD50= 0.88817030552309
AIKOW= 6.05914742266759
AIKOC= 13.0939282430336
AIHalfLife= 3.28053955454379
EAppRate= 0
