ICQueenStrength= 4.03425550460815
RQWkrDrnRatio= 1.04698903579265
ICDroneMiteSurvivorship= 75.9565173182636
ICWorkerMiteSurvivorship= 79.3767519760877
ICForagerLifespan= 9.02319850772619
ImmType= Cosine
AIAdultLD50= 0.154012839635834
AIAdultSlopeContact= 2.08243702885928
AIAdultLD50Contact= 0.0011145100928843
AILarvaSlope= 1.1731228061486
AILarvaLD50= 0.54587525005918
AIKOW= 2.51742146117613
AIKOC= 27.1839415899012
AIHalfLife= 8.10848029935732
EAppRate= 0.785929461475462
