ICQueenStrength= 3.17191118863411
RQWkrDrnRatio= 4.23071757797152
ICDroneMiteSurvivorship= 72.2320007858798
ICWorkerMiteSurvivorship= 49.2712135892361
ICForagerLifespan= 5.95110442023724
ImmType= Logarithmic
AIAdultSlope= 0.611164701683447
AIAdultLD50= 2.88029858563095
AIAdultSlopeContact= 0.0403849746985361
AIAdultLD50Contact= 0.013220810436178
AILarvaSlope= 0.717626332119107
AILarvaLD50= 0.122272283839993
AIKOW= 3.87397635029629
AIKOC= 20.2508734317962
AIHalfLife= 9.75960749480873
EAppRate= 0.255460843909532
