ICQueenStrength= 1.13694351655431
RQWkrDrnRatio= 2.11093735974282
ICDroneMiteSurvivorship= 84.4042310258374
ICWorkerMiteSurvivorship= 1.26033020205796
ICForagerLifespan= 7.83646978065372
ImmType= Polynomial
AIAdultSlope= 0.414929662509821
AIAdultLD50= 0.284613309777342
AIAdultSlopeContact= 3.44722418032587
AIAdultLD50Contact= 0.0365336077753454
AILarvaSlope= 0.33172782282345
AILarvaLD50= 0.575551444874145
AIKOW= 5.31015891162679
AIKOC= 25.1696868753061
AIHalfLife= 0.483091877540573
EAppRate= 0.0577818518038839
