ICQueenStrength= 4.36148557369597
RQWkrDrnRatio= 1.60375283006579
ICDroneMiteSurvivorship= 19.3618383491412
ICWorkerMiteSurvivorship= 59.6498114289716
ICForagerLifespan= 14.9822749858722
ImmType= Exponential
AIAdultLD50= 0.154012839635834
AIAdultSlopeContact= 0.574194435412064
AIAdultLD50Contact= 0.00776519952341914
AILarvaSlope= 3.35396190946922
AILarvaLD50= 0.8527781405719
AIKOW= 4.4555649892427
AIKOC= 16.3905370119028
AIHalfLife= 9.26446652971208
EAppRate= 0.796218843199313
