ICQueenStrength= 5.76749591878615
RQWkrDrnRatio= 1.90342263691127
ICDroneMiteSurvivorship= 70.3636362683028
ICWorkerMiteSurvivorship= 88.2451142882928
ICForagerLifespan= 15.7247917791829
ImmType= Logarithmic
AIAdultSlope= 2.28607920007082
AIAdultLD50= 0.372997774276882
AIAdultSlopeContact= 0.254028748150449
AIAdultLD50Contact= 0.0200465302797966
AILarvaSlope= 0.190914216451347
AILarvaLD50= 0.896610474027693
AIKOW= 2.86692147236317
AIKOC= 22.7173883654177
AIHalfLife= 0.47963323071599
EAppRate= 0.253055919404142
