ICQueenStrength= 5.10783775500022
RQWkrDrnRatio= 1.43578841723502
ICDroneMiteSurvivorship= 35.2916640229523
ICWorkerMiteSurvivorship= 23.6994203878567
ICForagerLifespan= 5.93810688517988
ImmType= Logarithmic
AIAdultSlopeContact= 2.41743524565361
AIAdultLD50Contact= 0.0226968779577874
AILarvaSlope= 2.79085384579375
AILarvaLD50= 0.0215510576264933
AIKOW= 5.21071820426732
AIKOC= 7.93066034791991
AIHalfLife= 12.1467803595588
