ICQueenStrength= 4.34885389311239
RQWkrDrnRatio= 4.10610682982951
ICDroneMiteSurvivorship= 68.5618634568527
ICWorkerMiteSurvivorship= 14.0252928482369
ICForagerLifespan= 5.28090070560575
ImmType= Logarithmic
AIAdultSlope= 0.425377835892141
AIAdultSlopeContact= 2.53872251888271
AIAdultLD50Contact= 0.037070988828782
AILarvaSlope= 0.680563732050359
AILarvaLD50= 0.196245613577776
AIKOW= 4.56505737965927
AIKOC= 11.1176868097391
AIHalfLife= 9.8702331003733
