ICQueenStrength= 2.38114973902702
RQWkrDrnRatio= 3.31821762770414
ICDroneMiteSurvivorship= 97.9712727945298
ICWorkerMiteSurvivorship= 89.6490536630154
ICForagerLifespan= 7.1975212385878
ImmType= Exponential
AIAdultSlope= 4.38190978718922
