ICQueenStrength= 3.26228222600184
RQWkrDrnRatio= 1.29145474173129
ICDroneMiteSurvivorship= 93.9179676584899
ICWorkerMiteSurvivorship= 23.5973362345248
ICForagerLifespan= 7.30743097793311
ImmType= Tangent
AIAdultSlope= 0.377357959700748
AIAdultLD50= 0.263213169528171
AIAdultSlopeContact= 2.56159795119194
AIAdultLD50Contact= 0.0481436720234342
AILarvaSlope= 0.774793309019879
AILarvaLD50= 0.226530215330422
AIKOW= 2.45340017182752
AIKOC= 22.7427008806262
AIHalfLife= 3.38303820812143
EAppRate= 0.259247772628441
