ICQueenStrength= 1.25577238528058
RQWkrDrnRatio= 3.0571251930669
ICDroneMiteSurvivorship= 23.9975670352578
ICWorkerMiteSurvivorship= 6.99680827092379
ICForagerLifespan= 9.73898986820132
ImmType= Tangent
AIAdultSlope= 2.64550186507404
AIAdultLD50= 2.8603467985522
AIAdultSlopeContact= 2.90800139025087
AIAdultLD50Contact= 0.0438931782962754
AILarvaSlope= 2.2659170542378
AILarvaLD50= 0.871134086279199
AIKOW= 4.13209538208321
AIKOC= 28.3140095253475
AIHalfLife= 10.9936757064424
EAppRate= 0.0636038745287806
