ICQueenStrength= 4.34558329894207
RQWkrDrnRatio= 1.89493218995631
ICDroneMiteSurvivorship= 0.999845308251679
ICWorkerMiteSurvivorship= 62.0124126784503
ICForagerLifespan= 8.54065678734332
ImmType= Exponential
AIAdultSlopeContact= 3.90522420652444
AIAdultLD50Contact= 0.0177343215676956
AILarvaSlope= 1.2807458315976
AILarvaLD50= 0.494719697046094
AIKOW= 2.31773739401251
AIKOC= 23.2088031666353
AIHalfLife= 10.8399032717571
