ICQueenStrength= 3.22638550796546
RQWkrDrnRatio= 3.8150731343776
ICDroneMiteSurvivorship= 83.2203605677933
ICWorkerMiteSurvivorship= 75.3826888278127
ICForagerLifespan= 14.5045418376103
ImmType= Logarithmic
AIAdultSlopeContact= 6.16857459070161
AIAdultLD50Contact= 0.162447823863477
AILarvaSlope= 1.90905644092709
AILarvaLD50= 1.67540008574724
AIKOW= 87.39033062011
AIKOC= 38.487101229839
AIHalfLife= 7.43429605523124
