ICQueenStrength= 5.399627718376
RQWkrDrnRatio= 1.53116475883871
ICDroneMiteSurvivorship= 84.1042786138132
ICWorkerMiteSurvivorship= 94.6267743362114
ICForagerLifespan= 12.5290132304654
ImmType= Sine
AIAdultSlope= 0.995989750372246
AIAdultLD50= 0.756352431373671
AIAdultSlopeContact= 3.57197956450749
AIAdultLD50Contact= 0.0320105342776515
AILarvaSlope= 0.85118668503128
AILarvaLD50= 0.79922892304603
AIKOW= 2.12814483093098
AIKOC= 12.5499684724491
AIHalfLife= 7.55027508968487
EAppRate= 0.935059838695452
