ICQueenStrength= 5.70803523203358
RQWkrDrnRatio= 4.02422389760613
ICDroneMiteSurvivorship= 48.0378337670118
ICWorkerMiteSurvivorship= 48.064974672161
ICForagerLifespan= 10.1810454009101
ImmType= Sine
AIAdultSlope= 1.1977097818628
AIAdultSlopeContact= 1.2248253615154
AIAdultLD50Contact= 0.00532410979503766
AILarvaSlope= 2.19662695927545
AILarvaLD50= 0.133054329897277
AIKOW= 3.61591748101637
AIKOC= 15.6053146882914
AIHalfLife= 1.31121233245358
