ICQueenStrength= 3.19723142799921
RQWkrDrnRatio= 4.08698653429747
ICDroneMiteSurvivorship= 78.1291292747483
ICWorkerMiteSurvivorship= 56.5568348858505
ICForagerLifespan= 13.874542620033
ImmType= Exponential
AIAdultSlope= 2.7236524457112
