ICQueenStrength= 3.54257621592842
RQWkrDrnRatio= 1.25780719146132
ICDroneMiteSurvivorship= 16.5223514195532
ICWorkerMiteSurvivorship= 73.8922832533717
ICForagerLifespan= 14.1550954636186
ImmType= Cosine
AIAdultLD50= 0.154012839635834
AIAdultSlopeContact= 0.935301900717896
AIAdultLD50Contact= 0.00590777692850679
AILarvaSlope= 1.38653986318968
AILarvaLD50= 0.524731649528258
AIKOW= 7.71110951947048
AIKOC= 6.83238729950972
AIHalfLife= 3.28126940783113
EAppRate= 0.0652559739537537
