ICQueenStrength= 1.30804635141976
RQWkrDrnRatio= 3.34428435470909
ICDroneMiteSurvivorship= 67.1345000853762
ICWorkerMiteSurvivorship= 90.5321069294587
ICForagerLifespan= 4.42382396012545
ImmType= Sine
AIAdultSlopeContact= 3.66372461246559
AIAdultLD50Contact= 0.00428839777596295
AILarvaSlope= 1.1687103277538
AILarvaLD50= 0.484154207725078
AIKOW= 4.38377758301795
AIKOC= 28.1344949221238
AIHalfLife= 13.1254701102152
