ICQueenStrength= 5.73504555760883
RQWkrDrnRatio= 1.07597950752825
ICDroneMiteSurvivorship= 99.2112746695057
ICWorkerMiteSurvivorship= 55.2485905122012
ICForagerLifespan= 4.88038684614003
ImmType= Exponential
AIAdultSlope= 8.25094582512975
