ICQueenStrength= 3.0294281526003
RQWkrDrnRatio= 4.0331650506705
ICDroneMiteSurvivorship= 47.9392507113516
ICWorkerMiteSurvivorship= 16.7591749923304
ICForagerLifespan= 7.79992108419538
ImmType= Exponential
AIAdultSlopeContact= 0.466118536423892
AIAdultLD50Contact= 0.161921118479222
AILarvaSlope= 8.94264288945124
AILarvaLD50= 0.743976380676031
AIKOW= 12.4847724568099
AIKOC= 41.6338677052408
AIHalfLife= 5.33828802965581
