ICQueenStrength= 5.74253011401743
RQWkrDrnRatio= 1.22956446371973
ICDroneMiteSurvivorship= 65.2321367990226
ICWorkerMiteSurvivorship= 2.76044399943203
ICForagerLifespan= 15.9834611834958
ImmType= Sine
AIAdultSlope= 1.34301594593329
AIAdultLD50= 0.142522498383187
AIAdultSlopeContact= 0.873700224375352
AIAdultLD50Contact= 0.024366020585876
AILarvaSlope= 1.65335164954886
AILarvaLD50= 0.345306708686985
AIKOW= 3.5738817085512
AIKOC= 24.3725539487787
AIHalfLife= 3.47403177293018
EAppRate= 0.679743453883566
