ICQueenStrength= 2.75745665910654
RQWkrDrnRatio= 4.91264932416379
ICDroneMiteSurvivorship= 84.0140833053738
ICWorkerMiteSurvivorship= 91.1362732760608
ICForagerLifespan= 4.04832097887993
ImmType= Exponential
AIAdultSlope= 2.00069960691035
AIAdultLD50= 0.36978726927191
AIAdultSlopeContact= 2.51725458172616
AIAdultLD50Contact= 0.0122135214856826
AILarvaSlope= 1.5468284426257
AILarvaLD50= 0.502105488139205
AIKOW= 4.84796494292095
AIKOC= 26.2467324454337
AIHalfLife= 9.65314745390788
EAppRate= 0.348265703301877
