ICQueenStrength= 3.1241346350871
RQWkrDrnRatio= 2.87128989584744
ICDroneMiteSurvivorship= 58.7492672493681
ICWorkerMiteSurvivorship= 65.7109254039824
ICForagerLifespan= 8.73822554014623
ImmType= Exponential
AIAdultSlope= 2.05700859460048
AIAdultLD50= 0.0740311089903116
AIAdultSlopeContact= 1.14711025320226
AIAdultLD50Contact= 0.0352707213838585
AILarvaSlope= 0.84934474574402
AILarvaLD50= 0.00421329396776855
AIKOW= 5.20594657678157
AIKOC= 19.2488168668933
AIHalfLife= 7.27019477216527
EAppRate= 0.346648845355958
