ICQueenStrength= 5.64791707927361
RQWkrDrnRatio= 2.06462283059955
ICDroneMiteSurvivorship= 71.3388214353472
ICWorkerMiteSurvivorship= 37.844503344968
ICForagerLifespan= 5.79160241596401
ImmType= Polynomial
AIAdultSlopeContact= 8.62312973476946
AIAdultLD50Contact= 0.128110539261252
AILarvaSlope= 2.43445641594008
AILarvaLD50= 1.15645882766694
AIKOW= 89.6642996463925
AIKOC= 88.9862032840028
AIHalfLife= 6.79280574992299
