ICQueenStrength= 4.96966388332658
RQWkrDrnRatio= 3.96069766487926
ICDroneMiteSurvivorship= 98.3753562672064
ICWorkerMiteSurvivorship= 67.4759935121983
ICForagerLifespan= 9.45468361675739
ImmType= Exponential
AIAdultSlope= 2.478952565894
AIAdultLD50= 0.440640417044051
AIAdultSlopeContact= 3.1308291339688
AIAdultLD50Contact= 0.0232862464152277
AILarvaSlope= 0.789937275275588
AILarvaLD50= 0.1098705093842
AIKOW= 5.8600063547492
AIKOC= 28.7862688256428
AIHalfLife= 3.92401639604941
EAppRate= 0.307715626177378
