ICQueenStrength= 1.52595183020458
RQWkrDrnRatio= 4.86891580559313
ICDroneMiteSurvivorship= 18.3359427610412
ICWorkerMiteSurvivorship= 59.4801000319421
ICForagerLifespan= 9.15287285018712
ImmType= Logarithmic
AIAdultSlope= 2.28553268150426
AIAdultSlopeContact= 1.33664218405494
AIAdultLD50Contact= 0.0192952300654724
AILarvaSlope= 2.06891108541749
AILarvaLD50= 0.492842980124988
AIKOW= 6.56172445230186
AIKOC= 14.8745748226065
AIHalfLife= 3.39837529603392
