ICQueenStrength= 3.02333879540674
RQWkrDrnRatio= 3.03933304175735
ICDroneMiteSurvivorship= 65.4235766269267
ICWorkerMiteSurvivorship= 65.4151007998735
ICForagerLifespan= 14.653112613596
ImmType= Polynomial
AIAdultSlope= 2.93879662803374
AIAdultLD50= 1.40900162514299
AIAdultSlopeContact= 1.38752135067014
AIAdultLD50Contact= 0.0247709540533833
AILarvaSlope= 0.706624452350661
AILarvaLD50= 0.323174445913173
AIKOW= 7.985639821738
AIKOC= 17.1368224266917
AIHalfLife= 1.43121099146083
EAppRate= 0.477544892812148
