ICQueenStrength= 4.22634270880371
RQWkrDrnRatio= 2.69968360476196
