ICQueenStrength= 2.9387142942287
RQWkrDrnRatio= 3.11890699341893
ICDroneMiteSurvivorship= 14.6325385430828
ICWorkerMiteSurvivorship= 76.2628471013159
ICForagerLifespan= 4.02608707547188
ImmType= Tangent
AIAdultSlope= 1.56776008196175
