ICQueenStrength= 1.17460879054852
RQWkrDrnRatio= 3.95967437513173
ICDroneMiteSurvivorship= 97.3980863112956
ICWorkerMiteSurvivorship= 33.2854860695079
ICForagerLifespan= 15.6284531150013
ImmType= Exponential
AIAdultSlope= 0.207646071584895
AIAdultLD50= 0.682940476806834
AIAdultSlopeContact= 3.82267981613288
AIAdultLD50Contact= 0.0112005046452396
AILarvaSlope= 0.292744132131338
AILarvaLD50= 0.666997879813425
AIKOW= 3.40577665297315
AIKOC= 15.1419440237805
AIHalfLife= 9.213552871719
EAppRate= 0.965571939246729
