ICQueenStrength= 1.14920448884368
RQWkrDrnRatio= 1.17853590939194
ICDroneMiteSurvivorship= 36.2057992722839
ICWorkerMiteSurvivorship= 83.190732402727
ICForagerLifespan= 8.40386689361185
ImmType= Tangent
AIAdultSlope= 2.62549228803953
AIAdultLD50= 0.119901418685913
AIAdultSlopeContact= 3.73162351255305
AIAdultLD50Contact= 0.0408895267639309
AILarvaSlope= 1.88091035392135
AILarvaLD50= 0.406173565099016
AIKOW= 7.85434189485386
AIKOC= 6.40548518393189
AIHalfLife= 3.14192957477644
EAppRate= 0.285049069765955
