ICQueenStrength= 1.62968851532787
RQWkrDrnRatio= 3.18537735007703
ICDroneMiteSurvivorship= 62.1384411351755
ICWorkerMiteSurvivorship= 95.1905576046556
ICForagerLifespan= 12.9138393215835
ImmType= Cosine
AIAdultSlope= 5.26417910587043
