ICQueenStrength= 3.19577084761113
RQWkrDrnRatio= 4.51721095759422
ICDroneMiteSurvivorship= 59.6896310569718
ICWorkerMiteSurvivorship= 8.9531016536057
ICForagerLifespan= 13.6337774554268
ImmType= Tangent
AIAdultSlope= 0.714512227512896
AIAdultLD50= 0.271633152617142
AIAdultSlopeContact= 2.26291520382743
AIAdultLD50Contact= 0.0379765490302816
AILarvaSlope= 0.344628964178264
AILarvaLD50= 0.482048308197409
AIKOW= 3.87692190054804
AIKOC= 13.6167711880989
AIHalfLife= 4.51900658546947
EAppRate= 0.670804749429226
