ICQueenStrength= 3.27522036526352
RQWkrDrnRatio= 4.9600461628288
ICDroneMiteSurvivorship= 27.8360640630126
ICWorkerMiteSurvivorship= 23.6417339881882
ICForagerLifespan= 12.5817762967199
ImmType= Exponential
AIAdultSlope= 1.77874463437591
AIAdultLD50= 0.349614125210792
AIAdultSlopeContact= 0.524411328979768
AIAdultLD50Contact= 0.0442175097530708
AILarvaSlope= 1.39624026529491
AILarvaLD50= 0.81803264238406
AIKOW= 3.0425649783574
AIKOC= 27.5649540836457
AIHalfLife= 3.60426054219715
EAppRate= 0.392408150737174
