ICQueenStrength= 3.23243742133491
RQWkrDrnRatio= 3.43920183647424
ICDroneMiteSurvivorship= 12.5770490150899
ICWorkerMiteSurvivorship= 90.9571889322251
ICForagerLifespan= 13.0579587426037
ImmType= Logarithmic
AIAdultSlope= 1.94263773077633
AIAdultLD50= 0.497508491040207
AIAdultSlopeContact= 0.0307658142386936
AIAdultLD50Contact= 0.00847675838740543
AILarvaSlope= 0.630824240343645
AILarvaLD50= 0.889856880228035
AIKOW= 4.16583051113412
AIKOC= 22.6091842760798
AIHalfLife= 3.75925444532186
EAppRate= 0.533937178133056
