ICQueenStrength= 4.68922900641337
RQWkrDrnRatio= 1.83269791305065
ICDroneMiteSurvivorship= 83.1051071407273
ICWorkerMiteSurvivorship= 18.1634903419763
ICForagerLifespan= 8.00539606437087
ImmType= Logarithmic
AIAdultSlope= 0.909088553581387
AIAdultLD50= 2.54734457633458
AIAdultSlopeContact= 0.380393128674477
AIAdultLD50Contact= 0.045928308472503
AILarvaSlope= 3.09852578644641
AILarvaLD50= 0.819924697768874
AIKOW= 3.81884085759521
AIKOC= 12.2919150465168
AIHalfLife= 2.75142369419336
EAppRate= 0.645798125537112
