ICQueenStrength= 3.77359702158719
RQWkrDrnRatio= 3.71402791328728
ICDroneMiteSurvivorship= 49.4844661094248
ICWorkerMiteSurvivorship= 63.091433304362
ICForagerLifespan= 4.67886965814978
ImmType= Tangent
AIAdultSlope= 3.37304126670118
AIAdultLD50= 0.223999688634649
AIAdultSlopeContact= 0.812998822268564
AIAdultLD50Contact= 0.014347779226955
AILarvaSlope= 0.715385193377733
AILarvaLD50= 0.564333951403387
AIKOW= 5.00161709124222
AIKOC= 10.2406076400075
AIHalfLife= 2.45511911460198
EAppRate= 0.00472784398589283
