ICQueenStrength= 1.69765331107192
RQWkrDrnRatio= 2.29213048797101
ICDroneMiteSurvivorship= 68.7033896800131
ICWorkerMiteSurvivorship= 50.8200457552448
ICForagerLifespan= 14.2962985215709
ImmType= Logarithmic
AIAdultSlope= 0.955112823285162
