ICQueenStrength= 4.36320451810025
RQWkrDrnRatio= 1.62424812000245
ICDroneMiteSurvivorship= 97.9953397996724
ICWorkerMiteSurvivorship= 77.0305427955464
ICForagerLifespan= 9.76921313349158
ImmType= Tangent
AIAdultSlopeContact= 3.77050816744566
AIAdultLD50Contact= 0.00938379967119545
AILarvaSlope= 0.489333835663274
AILarvaLD50= 0.526511726458557
AIKOW= 6.42718285182491
AIKOC= 8.48090367624536
AIHalfLife= 9.45892391307279
