ICQueenStrength= 1.44676302117296
RQWkrDrnRatio= 4.16012824326754
ICDroneMiteSurvivorship= 49.6954198926687
ICWorkerMiteSurvivorship= 33.4707923932001
ICForagerLifespan= 12.1941126408055
ImmType= Sine
AIAdultSlope= 0.789490435272455
