ICQueenStrength= 3.64732208801433
RQWkrDrnRatio= 3.68912570737302
ICDroneMiteSurvivorship= 93.4907120419666
ICWorkerMiteSurvivorship= 69.7026912588626
ICForagerLifespan= 6.0857247589156
ImmType= Cosine
AIAdultSlopeContact= 2.31375237631146
AIAdultLD50Contact= 0.0394042251980864
AILarvaSlope= 1.44642672385089
AILarvaLD50= 0.869858701759949
AIKOW= 7.11436591064557
AIKOC= 14.3594258360099
AIHalfLife= 2.88294481905177
