ICQueenStrength= 5.90965120261535
RQWkrDrnRatio= 1.24548992235214
ICDroneMiteSurvivorship= 89.4700969802216
ICWorkerMiteSurvivorship= 99.9143528752029
ICForagerLifespan= 8.85448331944644
ImmType= Exponential
AIAdultSlope= 3.09817604687996
AIAdultLD50= 2.66036392352544
AIAdultSlopeContact= 1.8897853441746
AIAdultLD50Contact= 0.036306999984663
AILarvaSlope= 1.22847373699769
AILarvaLD50= 0.18738540338818
AIKOW= 4.94225100195035
AIKOC= 17.7775333530735
AIHalfLife= 2.85316582303494
EAppRate= 0.154728170251474
