ICQueenStrength= 1.36471434403211
RQWkrDrnRatio= 2.63985787704587
ICDroneMiteSurvivorship= 72.896944032982
ICWorkerMiteSurvivorship= 70.5896590603516
ICForagerLifespan= 10.9422147115692
ImmType= Logarithmic
AIAdultSlope= 0.166499942438677
AIAdultLD50= 0.457938465173356
AIAdultSlopeContact= 0.772135134239215
AIAdultLD50Contact= 0.0412331372848712
AILarvaSlope= 3.13041514856741
AILarvaLD50= 0.0537973402999342
AIKOW= 4.39852663408965
AIKOC= 19.1180860984605
AIHalfLife= 3.17947758478113
EAppRate= 0.0179551169974729
