ICQueenStrength= 2.76562835578807
RQWkrDrnRatio= 4.22619825601578
ICDroneMiteSurvivorship= 73.4114266466349
ICWorkerMiteSurvivorship= 50.9583748644218
ICForagerLifespan= 14.646290300414
ImmType= Sine
AIAdultSlope= 2.18826173744164
AIAdultLD50= 1.97480733250268
AIAdultSlopeContact= 3.62361332157394
AIAdultLD50Contact= 0.0233712511719204
AILarvaSlope= 2.76624516928568
AILarvaLD50= 0.830702183232643
AIKOW= 3.51479007210582
AIKOC= 20.1005467690993
AIHalfLife= 4.65482109226286
EAppRate= 0.758596782805398
