ICQueenStrength= 4.97716088104062
RQWkrDrnRatio= 1.22769079636782
ICDroneMiteSurvivorship= 69.7616419289261
ICWorkerMiteSurvivorship= 54.7904998296872
ICForagerLifespan= 6.59905584156513
ImmType= Polynomial
AIAdultSlope= 0.724715602705255
AIAdultLD50= 0.417334077414125
AIAdultSlopeContact= 2.770981452337
AIAdultLD50Contact= 0.0435546163818799
AILarvaSlope= 1.45390079771169
AILarvaLD50= 0.40379574552644
AIKOW= 2.2337671360001
AIKOC= 22.0082441123668
AIHalfLife= 0.937658017501235
EAppRate= 0.385515158483759
