ICQueenStrength= 2.86325449030846
RQWkrDrnRatio= 3.28945747390389
ICDroneMiteSurvivorship= 32.241718028672
ICWorkerMiteSurvivorship= 29.9851403571665
ICForagerLifespan= 8.41556509397924
ImmType= Tangent
AIAdultSlope= 0.792899234546348
AIAdultLD50= 2.28213076572865
AIAdultSlopeContact= 1.18677384826122
AIAdultLD50Contact= 0.0163107165601105
AILarvaSlope= 0.0535699521657079
AILarvaLD50= 0.550368153839372
AIKOW= 3.62353549525142
AIKOC= 17.1755145897623
AIHalfLife= 8.35211568279192
EAppRate= 0.20468086656183
