ICQueenStrength= 5.15052492753603
RQWkrDrnRatio= 1.47766700480133
ICDroneMiteSurvivorship= 68.7653790460899
ICWorkerMiteSurvivorship= 96.8967222608626
ICForagerLifespan= 8.48897822201252
ImmType= Tangent
AIAdultSlope= 3.02828104002401
