ICQueenStrength= 3.01915245386772
RQWkrDrnRatio= 4.5346014732495
ICDroneMiteSurvivorship= 95.2199193416163
ICWorkerMiteSurvivorship= 6.52565637137741
ICForagerLifespan= 11.4325445108116
ImmType= Tangent
AIAdultSlope= 0.0248410419560969
AIAdultLD50= 1.729493327206
AIAdultSlopeContact= 2.9876021571178
AIAdultLD50Contact= 0.00260932493256405
AILarvaSlope= 2.00164105785079
AILarvaLD50= 0.0881787200225517
AIKOW= 3.26130397384986
AIKOC= 22.0205329486635
AIHalfLife= 12.1390952561051
EAppRate= 0.894482894102111
