ICQueenStrength= 2.60705000045709
RQWkrDrnRatio= 2.31246779486537
ICDroneMiteSurvivorship= 18.3331889566034
ICWorkerMiteSurvivorship= 39.1998293576762
ICForagerLifespan= 6.02637274563313
ImmType= Logarithmic
AIAdultSlope= 3.74936072621495
AIAdultLD50= 0.382061639335006
AIAdultSlopeContact= 5.78748937463388
AIAdultLD50Contact= 0.0535229410976172
AILarvaSlope= 2.23918651463464
AILarvaLD50= 0.406175159383565
AIKOW= 91.7921155691147
AIKOC= 55.1478737266734
AIHalfLife= 0.129098744597286
EAppRate= 1.05163831310347
