ICQueenStrength= 5.59119957289658
RQWkrDrnRatio= 4.65769802033901
ICDroneMiteSurvivorship= 88.463129545562
ICWorkerMiteSurvivorship= 19.1213123267516
ICForagerLifespan= 6.36781054362655
ImmType= Tangent
AIAdultSlopeContact= 1.24020470781717
AIAdultLD50Contact= 0.0397793876123615
AILarvaSlope= 0.518849105760455
AILarvaLD50= 0.842212207848206
AIKOW= 5.74385623121634
AIKOC= 10.5853260098957
AIHalfLife= 6.94539618771523
