ICQueenStrength= 4.52835685596801
RQWkrDrnRatio= 4.16138839349151
ICDroneMiteSurvivorship= 37.5562289729714
ICWorkerMiteSurvivorship= 6.27540198620409
ICForagerLifespan= 14.242223081179
ImmType= Cosine
AIAdultSlope= 2.01668108813465
AIAdultLD50= 0.764952653553337
AIAdultSlopeContact= 7.43219915311784
AIAdultLD50Contact= 0.189020078675821
AILarvaSlope= 6.29131658235565
AILarvaLD50= 1.77299817744642
AIKOW= 74.4334042305127
AIKOC= 75.9377334965393
AIHalfLife= 10.8707745173015
EAppRate= 1.39767344808206
