ICQueenStrength= 4.08331700274721
RQWkrDrnRatio= 2.07709704898298
ICDroneMiteSurvivorship= 55.327647482045
ICWorkerMiteSurvivorship= 90.038179140538
ICForagerLifespan= 10.9398513585329
ImmType= Cosine
AIAdultSlopeContact= 1.00651502843946
AIAdultLD50Contact= 0.0321762172854506
AILarvaSlope= 0.52502914480865
AILarvaLD50= 0.424721160507761
AIKOW= 3.09619929594919
AIKOC= 21.0829101223499
AIHalfLife= 6.63446079241112
