ICQueenStrength= 2.97259656037204
RQWkrDrnRatio= 1.04931426793337
ICDroneMiteSurvivorship= 85.8719490934163
ICWorkerMiteSurvivorship= 15.1976896217093
ICForagerLifespan= 10.5172693254426
ImmType= Exponential
AIAdultSlopeContact= 2.54260023045586
AIAdultLD50Contact= 0.0228201883728616
AILarvaSlope= 0.381262098625302
AILarvaLD50= 0.359696098510176
AIKOW= 2.01462903199717
AIKOC= 19.9571692512836
AIHalfLife= 5.82665603002533
