ICQueenStrength= 2.51010386412963
RQWkrDrnRatio= 4.10162349510938
ICDroneMiteSurvivorship= 42.153947474435
ICWorkerMiteSurvivorship= 10.6852848315611
ICForagerLifespan= 11.3122447822243
ImmType= Logarithmic
AIAdultSlopeContact= 1.9487422174355
AIAdultLD50Contact= 0.00642804151866585
AILarvaSlope= 1.29518160927109
AILarvaLD50= 0.653872641082853
AIKOW= 6.13242731895298
AIKOC= 12.1301169635262
AIHalfLife= 0.589521515183151
