ICQueenStrength= 3.22233821870759
RQWkrDrnRatio= 4.81721416302025
ICDroneMiteSurvivorship= 19.5643599610776
ICWorkerMiteSurvivorship= 53.1102161156014
ICForagerLifespan= 8.84287771675736
ImmType= Logarithmic
AIAdultSlope= 0.323573230812326
AIAdultLD50= 0.822168107377365
AIAdultSlopeContact= 3.75196748951683
AIAdultLD50Contact= 0.00909940995043144
AILarvaSlope= 0.62029597745277
AILarvaLD50= 0.465178617043421
AIKOW= 6.48649835633114
AIKOC= 28.9291949837934
AIHalfLife= 1.3077175472863
EAppRate= 0.70492945658043
