ICQueenStrength= 4.07123815058731
RQWkrDrnRatio= 3.1142375394702
ICDroneMiteSurvivorship= 27.7982625644654
ICWorkerMiteSurvivorship= 62.4312668340281
ICForagerLifespan= 6.63796198740602
ImmType= Tangent
AIAdultSlope= 2.80806993823498
AIAdultLD50= 0.231882335850969
AIAdultSlopeContact= 3.07676685997518
AIAdultLD50Contact= 0.0397499831859022
AILarvaSlope= 0.128243420924991
AILarvaLD50= 0.682779487618245
AIKOW= 2.33274037064984
AIKOC= 15.4592299088836
AIHalfLife= 7.27816977724433
EAppRate= 0.302271434571594
