ICQueenStrength= 3.55732400109991
RQWkrDrnRatio= 2.03948940429837
ICDroneMiteSurvivorship= 75.8487552870065
ICWorkerMiteSurvivorship= 63.157323282212
ICForagerLifespan= 9.41281389538199
ImmType= Polynomial
AIAdultSlope= 0.778196154492907
AIAdultLD50= 0.408003653981723
AIAdultSlopeContact= 2.88926334795775
AIAdultLD50Contact= 0.016898822307121
AILarvaSlope= 0.795780796464533
AILarvaLD50= 0.52632881028112
AIKOW= 4.23748325929046
AIKOC= 16.5141951653641
AIHalfLife= 3.12020681332797
EAppRate= 0
