ICQueenStrength= 5.5863703195937
RQWkrDrnRatio= 4.4374419618398
ICDroneMiteSurvivorship= 21.1838734569028
ICWorkerMiteSurvivorship= 5.10544918943197
ICForagerLifespan= 6.91771907825023
ImmType= Logarithmic
AIAdultSlopeContact= 2.60285472031683
AIAdultLD50Contact= 0.0196153833996505
AILarvaSlope= 1.27894399221987
AILarvaLD50= 1.18462228681892
AIKOW= 42.3883291659877
AIKOC= 49.2508620722219
AIHalfLife= 13.6704247519374
