ICQueenStrength= 4.09708792134188
RQWkrDrnRatio= 2.44069457612932
ICDroneMiteSurvivorship= 76.3505690963939
ICWorkerMiteSurvivorship= 7.28184441104531
ICForagerLifespan= 6.96729923132807
ImmType= Logarithmic
AIAdultSlope= 9.07297940691933
