ICQueenStrength= 3.58663046755828
RQWkrDrnRatio= 3.67451013997197
ICDroneMiteSurvivorship= 25.6811423925683
ICWorkerMiteSurvivorship= 85.736937681213
ICForagerLifespan= 7.1022835848853
ImmType= Sine
AIAdultSlope= 3.25372881292133
AIAdultLD50= 0.062665663077496
AIAdultSlopeContact= 1.62128262613434
AIAdultLD50Contact= 0.0409030396491289
AILarvaSlope= 1.75898120221682
AILarvaLD50= 0.312645277264528
AIKOW= 2.9346738778986
AIKOC= 28.5796947730705
AIHalfLife= 2.74770553573035
EAppRate= 0.453991410741583
