ICQueenStrength= 3.18510427162983
RQWkrDrnRatio= 2.1912507545203
ICDroneMiteSurvivorship= 56.4821375301108
ICWorkerMiteSurvivorship= 18.6283642658964
ICForagerLifespan= 10.0657767364755
ImmType= Tangent
AIAdultSlope= 0.960517911193892
AIAdultLD50= 2.26934619387612
AIAdultSlopeContact= 0.691594054412562
AIAdultLD50Contact= 0.0434450779925101
AILarvaSlope= 2.79867571815848
AILarvaLD50= 0.442508402257226
AIKOW= 4.81900363462046
AIKOC= 13.4850475308485
AIHalfLife= 2.37340573035181
EAppRate= 0.373545384267345
