ICQueenStrength= 2.46630057599396
RQWkrDrnRatio= 3.80083116702735
ICDroneMiteSurvivorship= 30.9494327288121
ICWorkerMiteSurvivorship= 9.57170794717968
ICForagerLifespan= 12.9186975006014
ImmType= Sine
AIAdultSlope= 3.62765648511937
AIAdultLD50= 0.00880759581923485
AIAdultSlopeContact= 3.39631377935177
AIAdultLD50Contact= 0.0228407478774898
AILarvaSlope= 1.26807456128299
AILarvaLD50= 0.00486347107216716
AIKOW= 6.15870433254167
AIKOC= 12.4573338031769
AIHalfLife= 0.0870778493117541
EAppRate= 0.325106557947583
