ICQueenStrength= 1.21574476617388
RQWkrDrnRatio= 3.03421286959201
ICDroneMiteSurvivorship= 22.882281546481
ICWorkerMiteSurvivorship= 3.82982851006091
ICForagerLifespan= 5.90774255525321
ImmType= Tangent
AIAdultSlope= 0.0808945796452463
AIAdultLD50= 1.91907410183921
AIAdultSlopeContact= 3.23502751160413
AIAdultLD50Contact= 0.000100848614238203
AILarvaSlope= 2.90363182662986
AILarvaLD50= 0.206542094936594
AIKOW= 5.27202514279634
AIKOC= 25.3917946550064
AIHalfLife= 0.373393016401678
EAppRate= 0.183222926221788
