ICQueenStrength= 5.96554236742668
RQWkrDrnRatio= 1.098957054317
ICDroneMiteSurvivorship= 52.8740102192387
ICWorkerMiteSurvivorship= 92.893204651773
ICForagerLifespan= 9.07202710025012
ImmType= Exponential
AIAdultSlope= 0.621535247191787
