ICQueenStrength= 1.28951027081348
RQWkrDrnRatio= 2.15175069868565
ICDroneMiteSurvivorship= 23.9595505176112
ICWorkerMiteSurvivorship= 61.6294224048033
ICForagerLifespan= 13.7139082038775
ImmType= Exponential
AIAdultSlope= 2.18325110147707
AIAdultLD50= 1.67663389211521
AIAdultSlopeContact= 0.536296744169667
AIAdultLD50Contact= 0.0270454020705074
AILarvaSlope= 2.66950261220336
AILarvaLD50= 0.15515482944902
AIKOW= 7.68110937345773
AIKOC= 21.4831337111536
AIHalfLife= 9.49986101035029
EAppRate= 0.0559800693299621
