ICQueenStrength= 2.61710972664878
RQWkrDrnRatio= 2.20277921017259
ICDroneMiteSurvivorship= 80.9052096912637
ICWorkerMiteSurvivorship= 18.3826250955462
ICForagerLifespan= 12.0556229921058
ImmType= Sine
AIAdultSlopeContact= 1.65512259853771
AIAdultLD50Contact= 0.00291320303222165
AILarvaSlope= 0.067924271710217
AILarvaLD50= 0.625955701293424
AIKOW= 5.81749379169196
AIKOC= 18.4003179497086
AIHalfLife= 3.61872711684555
