ICQueenStrength= 5.83174082124606
RQWkrDrnRatio= 3.37385927699506
ICDroneMiteSurvivorship= 42.9270082386211
ICWorkerMiteSurvivorship= 28.2899408135563
ICForagerLifespan= 14.2414783379063
ImmType= Exponential
AIAdultSlopeContact= 9.52047314262018
AIAdultLD50Contact= 0.128822102351114
AILarvaSlope= 1.97282996727154
AILarvaLD50= 1.7799327368848
AIKOW= 21.0776652442291
AIKOC= 65.2230261126533
AIHalfLife= 12.9010202316567
