ICQueenStrength= 1.02354564028792
RQWkrDrnRatio= 4.90599559340626
ICDroneMiteSurvivorship= 97.0793258165941
ICWorkerMiteSurvivorship= 99.1438513621688
ICForagerLifespan= 11.9372713910416
ImmType= Logarithmic
AIAdultSlopeContact= 5.92396367574111
AIAdultLD50Contact= 0.016665698774159
AILarvaSlope= 5.66252375952899
AILarvaLD50= 0.934225409291685
AIKOW= 35.5181743158028
AIKOC= 28.1122755259275
AIHalfLife= 11.3125481810421
