ICQueenStrength= 4.68502599420026
RQWkrDrnRatio= 2.32479176577181
ICDroneMiteSurvivorship= 24.7887671459466
ICWorkerMiteSurvivorship= 0.173534639179707
ICForagerLifespan= 7.99962166510522
ImmType= Cosine
AIAdultSlope= 1.5354387936648
AIAdultSlopeContact= 2.59380216919351
AIAdultLD50Contact= 0.0190528133651242
AILarvaSlope= 2.40214800438844
AILarvaLD50= 0.652437539189123
AIKOW= 4.09649025043473
AIKOC= 7.27286180015653
AIHalfLife= 6.79457969544455
