ICQueenStrength= 3.66042180010118
RQWkrDrnRatio= 2.61343696340919
ICDroneMiteSurvivorship= 42.0504720881581
ICWorkerMiteSurvivorship= 50.5637955619022
ICForagerLifespan= 4.3901841500774
ImmType= Cosine
AIAdultSlopeContact= 2.53963614698499
AIAdultLD50Contact= 0.0411439061746933
AILarvaSlope= 1.12323763263412
AILarvaLD50= 0.506598109239712
AIKOW= 6.64015333773568
AIKOC= 9.8394642828498
AIHalfLife= 5.5715589793399
