ICQueenStrength= 2.59144024597481
RQWkrDrnRatio= 4.71556268911809
ICDroneMiteSurvivorship= 64.8658216465265
ICWorkerMiteSurvivorship= 98.2341606868431
ICForagerLifespan= 6.51038487814367
ImmType= Polynomial
AIAdultSlope= 0.541462526482064
AIAdultLD50= 0.444945527822711
AIAdultSlopeContact= 3.01862493309192
AIAdultLD50Contact= 0.0381664597778581
AILarvaSlope= 2.96548181553371
AILarvaLD50= 0.461615517782047
AIKOW= 3.14308408461511
AIKOC= 17.9628260212485
AIHalfLife= 1.21225709095597
EAppRate= 0
