ICQueenStrength= 4.68970021489076
RQWkrDrnRatio= 4.62037073820829
ICDroneMiteSurvivorship= 3.82873464841396
ICWorkerMiteSurvivorship= 91.9309424236417
ICForagerLifespan= 13.1483856951818
ImmType= Tangent
AIAdultSlope= 2.3885929917451
AIAdultLD50= 1.94873662199825
AIAdultSlopeContact= 1.6830018163193
AIAdultLD50Contact= 0.0323495919699781
AILarvaSlope= 2.65506818662398
AILarvaLD50= 0.787974465172738
AIKOW= 3.92425539484248
AIKOC= 19.9554492090829
AIHalfLife= 2.51285559311509
EAppRate= 0.513923000311479
