ICQueenStrength= 5.67569393804297
RQWkrDrnRatio= 4.36259918939322
ICDroneMiteSurvivorship= 62.4725087545812
ICWorkerMiteSurvivorship= 42.9206331958994
ICForagerLifespan= 11.7045590281487
ImmType= Exponential
AIAdultSlope= 1.77955652894452
AIAdultLD50= 0.120608696015552
AIAdultSlopeContact= 1.09904134804616
AIAdultLD50Contact= 0.0249289087601937
AILarvaSlope= 1.15893515911885
AILarvaLD50= 0.0546267981408164
AIKOW= 5.54157666442916
AIKOC= 10.5319756444078
AIHalfLife= 3.67709311144426
EAppRate= 0.191940008895472
