ICQueenStrength= 4.07145170285366
RQWkrDrnRatio= 3.36830736510456
ICDroneMiteSurvivorship= 88.2973975967616
ICWorkerMiteSurvivorship= 76.7771282698959
ICForagerLifespan= 8.07033594045788
ImmType= Cosine
AIAdultLD50= 0.154012839635834
AIAdultSlopeContact= 1.58779090928379
AIAdultLD50Contact= 0.0155364135047421
AILarvaSlope= 3.24897808702663
AILarvaLD50= 0.528878687485121
AIKOW= 7.97772258752957
AIKOC= 24.3718162598088
AIHalfLife= 11.1836055596359
EAppRate= 0.26743118558079
