ICQueenStrength= 2.13271663314663
RQWkrDrnRatio= 4.98520502820611
ICDroneMiteSurvivorship= 60.6696128379554
ICWorkerMiteSurvivorship= 70.4399623675272
ICForagerLifespan= 13.7853041766211
ImmType= Logarithmic
AIAdultSlope= 2.99454998420551
AIAdultLD50= 2.11139757698402
AIAdultSlopeContact= 2.24935785782989
AIAdultLD50Contact= 0.0425258694216609
AILarvaSlope= 0.0770181495696306
AILarvaLD50= 0.421640887996182
AIKOW= 3.97842317866161
AIKOC= 23.1165772839449
AIHalfLife= 8.99232041323557
EAppRate= 0.472024974180385
