ICQueenStrength= 3.83586686011404
RQWkrDrnRatio= 1.38686216250062
ICDroneMiteSurvivorship= 95.2455720165744
ICWorkerMiteSurvivorship= 83.0064206849784
ICForagerLifespan= 9.20473433099687
ImmType= Exponential
AIAdultSlope= 1.82571465107612
AIAdultLD50= 1.52530645974912
AIAdultSlopeContact= 3.8616598970932
AIAdultLD50Contact= 0.022705063817557
AILarvaSlope= 2.6718046490103
AILarvaLD50= 0.23290456677787
AIKOW= 3.4175343955867
AIKOC= 29.8495614854619
AIHalfLife= 8.64651326555759
EAppRate= 0.844750773860142
