ICQueenStrength= 1.97561750560999
RQWkrDrnRatio= 4.85497310291976
ICDroneMiteSurvivorship= 88.1231859093532
ICWorkerMiteSurvivorship= 37.976531079039
ICForagerLifespan= 6.72208441048861
ImmType= Tangent
AIAdultSlopeContact= 4.42782408790663
AIAdultLD50Contact= 0.168309423560277
AILarvaSlope= 2.34576673712581
AILarvaLD50= 1.40270428592339
AIKOW= 61.2938909558579
AIKOC= 49.5663159526885
AIHalfLife= 13.0200653024949
