ICQueenStrength= 2.46349456277676
RQWkrDrnRatio= 2.64719274546951
ICDroneMiteSurvivorship= 1.81372861843556
ICWorkerMiteSurvivorship= 97.7314599091187
ICForagerLifespan= 12.1119391918182
ImmType= Tangent
AIAdultSlopeContact= 2.6640285967919
AIAdultLD50Contact= 0.0438618705142289
AILarvaSlope= 3.0678025635425
AILarvaLD50= 0.500252575613558
AIKOW= 5.33798072393984
AIKOC= 14.8324283724651
AIHalfLife= 2.33834612229839
