ICQueenStrength= 4.15473056631163
RQWkrDrnRatio= 4.71154200844467
ICDroneMiteSurvivorship= 39.9753784760833
ICWorkerMiteSurvivorship= 92.3827437916771
ICForagerLifespan= 9.46094658598304
ImmType= Cosine
AIAdultLD50= 0.154012839635834
AIAdultSlopeContact= 1.50755185706075
AIAdultLD50Contact= 0.00849330513738096
AILarvaSlope= 2.10479365088977
AILarvaLD50= 0.470516810403205
AIKOW= 3.30031824065372
AIKOC= 27.8808282117825
AIHalfLife= 9.25066645024344
EAppRate= 0.813891380559653
