ICQueenStrength= 4.77408166881651
RQWkrDrnRatio= 1.01850385405123
