ICQueenStrength= 1.24579213815741
RQWkrDrnRatio= 3.06319555174559
ICDroneMiteSurvivorship= 59.9119168939069
ICWorkerMiteSurvivorship= 19.1402519587427
ICForagerLifespan= 8.30067962221801
ImmType= Sine
AIAdultSlope= 0.194124433817342
AIAdultLD50= 1.29150902107358
AIAdultSlopeContact= 1.71888157948153
AIAdultLD50Contact= 0.0191802946384996
AILarvaSlope= 0.940406953589991
AILarvaLD50= 0.0615215216064826
AIKOW= 2.95689915772527
AIKOC= 12.4709793610964
AIHalfLife= 7.38217652356252
EAppRate= 0.358225056901574
