ICQueenStrength= 1.45866249245591
RQWkrDrnRatio= 1.11969684809446
ICDroneMiteSurvivorship= 9.377814643085
ICWorkerMiteSurvivorship= 93.6506495811045
ICForagerLifespan= 15.7305694306269
ImmType= Logarithmic
AIAdultSlope= 0.137634057474788
AIAdultLD50= 0.294211534666829
AIAdultSlopeContact= 0.73428739875555
AIAdultLD50Contact= 0.0316102230921388
AILarvaSlope= 1.78980939607136
AILarvaLD50= 0.623979133483954
AIKOW= 3.65571952518076
AIKOC= 29.557628040202
AIHalfLife= 4.96041266946122
EAppRate= 0
