ICQueenStrength= 2.13458069041371
RQWkrDrnRatio= 3.85241915564984
ICDroneMiteSurvivorship= 52.9849487356842
ICWorkerMiteSurvivorship= 5.77084487304091
ICForagerLifespan= 4.87285482883453
ImmType= Cosine
AIAdultSlope= 0.0782778326421976
AIAdultLD50= 1.72158245206811
AIAdultSlopeContact= 0.995313910609111
AIAdultLD50Contact= 0.0421386766363867
AILarvaSlope= 1.27778415177017
AILarvaLD50= 0.441884586028755
AIKOW= 3.14391406625509
AIKOC= 27.8729890426621
AIHalfLife= 1.29301022831351
EAppRate= 0.487828312441707
