ICQueenStrength= 4.70144764147699
RQWkrDrnRatio= 2.64716759789735
