ICQueenStrength= 4.41859547188506
RQWkrDrnRatio= 1.22241077013314
ICDroneMiteSurvivorship= 48.5647006658837
ICWorkerMiteSurvivorship= 73.8154543330893
ICForagerLifespan= 10.559965569526
ImmType= Exponential
AIAdultSlopeContact= 0.698341419850476
AIAdultLD50Contact= 0.0414629145059735
AILarvaSlope= 0.594581943424419
AILarvaLD50= 0.713478342513554
AIKOW= 4.5229026582092
AIKOC= 10.7049700815696
AIHalfLife= 12.001324871555
