ICQueenStrength= 2.54518493334763
RQWkrDrnRatio= 3.46222333423793
ICDroneMiteSurvivorship= 52.7241428615525
ICWorkerMiteSurvivorship= 63.4526816895232
ICForagerLifespan= 4.5767780970782
ImmType= Exponential
AIAdultSlope= 0.35340174739249
AIAdultLD50= 2.0722684613429
AIAdultSlopeContact= 0.0560666240262799
AIAdultLD50Contact= 0.0438454495859332
AILarvaSlope= 2.88863425543532
AILarvaLD50= 0.00948994655627757
AIKOW= 6.38135427655652
AIKOC= 8.19829885847867
AIHalfLife= 9.75438168691471
EAppRate= 0.729962900280952
