ICQueenStrength= 4.3172441739589
RQWkrDrnRatio= 2.10270581487566
ICDroneMiteSurvivorship= 86.3722326233983
ICWorkerMiteSurvivorship= 29.1507513495162
ICForagerLifespan= 11.4575119875371
ImmType= Tangent
AIAdultSlope= 1.07065261215903
AIAdultSlopeContact= 3.08198697003303
AIAdultLD50Contact= 0.0493599943234585
AILarvaSlope= 2.3656568904873
AILarvaLD50= 0.349983173841611
AIKOW= 7.45195988938212
AIKOC= 9.18807939859107
AIHalfLife= 3.95601819688454
