ICQueenStrength= 3.87332333391532
RQWkrDrnRatio= 3.60557340551168
ICDroneMiteSurvivorship= 0.240208813920617
ICWorkerMiteSurvivorship= 78.2699987059459
ICForagerLifespan= 8.9490792574361
ImmType= Logarithmic
AIAdultSlopeContact= 9.22211691038683
AIAdultLD50Contact= 0.138838653312996
AILarvaSlope= 9.27751802140847
AILarvaLD50= 1.30189175251871
AIKOW= 78.5436942474917
AIKOC= 68.6072015902027
AIHalfLife= 7.84288456384093
