ICQueenStrength= 2.87128683552146
RQWkrDrnRatio= 1.95958472508937
ICDroneMiteSurvivorship= 42.9794392548501
ICWorkerMiteSurvivorship= 84.9549547536299
ICForagerLifespan= 15.7056666593999
ImmType= Exponential
AIAdultSlopeContact= 1.40108679737896
AIAdultLD50Contact= 0.0352514704107307
AILarvaSlope= 1.84017857969739
AILarvaLD50= 0.0104698767419904
AIKOW= 3.04654958005995
AIKOC= 24.419276266126
AIHalfLife= 1.79213411780074
