ICQueenStrength= 1.38085056934506
RQWkrDrnRatio= 3.27026074100286
ICDroneMiteSurvivorship= 55.2399290492758
ICWorkerMiteSurvivorship= 38.6779926717281
ICForagerLifespan= 13.0972652751952
ImmType= Cosine
AIAdultSlope= 1.6999715957325
AIAdultLD50= 0.58298674877733
AIAdultSlopeContact= 3.46419525005389
AIAdultLD50Contact= 0.0038707279600203
AILarvaSlope= 3.09207899537869
AILarvaLD50= 0.871424914430827
AIKOW= 7.38749884767458
AIKOC= 15.6799644010607
AIHalfLife= 13.9554894105531
EAppRate= 0.516884356504306
