ICQueenStrength= 4.16182282869704
RQWkrDrnRatio= 4.08143353369087
ICDroneMiteSurvivorship= 93.00033217296
ICWorkerMiteSurvivorship= 89.7362468997017
ICForagerLifespan= 12.5965815233067
ImmType= Tangent
AIAdultSlope= 0.799216249412857
AIAdultLD50= 0.00552035868167877
AIAdultSlopeContact= 1.67596656132024
AIAdultLD50Contact= 0.0219059971626848
AILarvaSlope= 1.63757653082721
AILarvaLD50= 0.14600780562032
AIKOW= 2.8887125486508
AIKOC= 6.57093090820126
AIHalfLife= 2.92304874979891
EAppRate= 0.146388184721582
