ICQueenStrength= 1.43621845077723
RQWkrDrnRatio= 2.11354039888829
ICDroneMiteSurvivorship= 84.0614771004766
ICWorkerMiteSurvivorship= 94.4449112284929
ICForagerLifespan= 13.5946724936366
ImmType= Polynomial
AIAdultSlope= 1.71606998369098
AIAdultLD50= 2.51980706909671
AIAdultSlopeContact= 2.17793909209315
AIAdultLD50Contact= 0.0325376474880613
AILarvaSlope= 3.03269474878907
AILarvaLD50= 0.807274130615406
AIKOW= 3.4744345988147
AIKOC= 9.25876946537755
AIHalfLife= 7.33810298843309
EAppRate= 0.0530707314610481
