ICQueenStrength= 2.38727022451349
RQWkrDrnRatio= 3.87634265981615
ICDroneMiteSurvivorship= 32.2812660597265
ICWorkerMiteSurvivorship= 55.5587874958292
ICForagerLifespan= 6.36015989165753
ImmType= Sine
AIAdultSlope= 1.48445916409604
AIAdultLD50= 0.35597670043353
AIAdultSlopeContact= 2.9775431645452
AIAdultLD50Contact= 0.00150781410047784
AILarvaSlope= 3.09155617193319
AILarvaLD50= 0.763039306132123
AIKOW= 7.61966700712219
AIKOC= 12.0278326631524
AIHalfLife= 0.0540367374196649
EAppRate= 0.47962311101146
