ICQueenStrength= 5.15869051357731
RQWkrDrnRatio= 1.20773907192051
ICDroneMiteSurvivorship= 22.5535068660975
ICWorkerMiteSurvivorship= 57.5759990140796
ICForagerLifespan= 9.68255648389459
ImmType= Tangent
AIAdultSlopeContact= 0.394299131005537
AIAdultLD50Contact= 0.00479258742416278
AILarvaSlope= 1.70514987078495
AILarvaLD50= 0.255530646443367
AIKOW= 6.87873341562226
AIKOC= 25.4805244051386
AIHalfLife= 5.56982875848189
