ICQueenStrength= 2.07966304873116
RQWkrDrnRatio= 4.5981928659603
ICDroneMiteSurvivorship= 76.4817871153355
ICWorkerMiteSurvivorship= 66.6934231994674
ICForagerLifespan= 6.31038420833647
ImmType= Logarithmic
AIAdultSlope= 3.12491629971191
