ICQueenStrength= 4.79640684230253
RQWkrDrnRatio= 4.20567870233208
ICDroneMiteSurvivorship= 47.0114327268675
ICWorkerMiteSurvivorship= 60.1077094906941
ICForagerLifespan= 12.1412303280085
ImmType= Logarithmic
AIAdultSlope= 3.19937512103235
AIAdultLD50= 0.418854060349986
AIAdultSlopeContact= 2.71457984518725
AIAdultLD50Contact= 0.00552441049367189
AILarvaSlope= 0.0929116089828312
AILarvaLD50= 0.255939131369814
AIKOW= 6.0940110408701
AIKOC= 16.0258625587448
AIHalfLife= 2.5225540495012
EAppRate= 0.487776298657991
