ICQueenStrength= 3.88473323918879
RQWkrDrnRatio= 3.89502319507301
ICDroneMiteSurvivorship= 76.3327544089407
ICWorkerMiteSurvivorship= 13.4545024717227
ICForagerLifespan= 8.24848687183112
ImmType= Sine
AIAdultSlope= 1.35104410350323
AIAdultLD50= 2.88707106770016
AIAdultSlopeContact= 3.5377002778952
AIAdultLD50Contact= 0.00980276436312124
AILarvaSlope= 0.820324163977057
AILarvaLD50= 0.690243260585703
AIKOW= 6.71580116497353
AIKOC= 24.9570240278263
AIHalfLife= 4.08854399807751
EAppRate= 0.439406473189592
