ICQueenStrength= 3.57522797910497
RQWkrDrnRatio= 2.82000949606299
ICDroneMiteSurvivorship= 78.7635604618117
ICWorkerMiteSurvivorship= 81.9913542363793
ICForagerLifespan= 5.69453976769
ImmType= Sine
AIAdultSlope= 3.4783383672405
AIAdultLD50= 0.355812923284248
AIAdultSlopeContact= 2.88009867647197
AIAdultLD50Contact= 0.0326301197754219
AILarvaSlope= 1.03058195970953
AILarvaLD50= 0.392876302474178
AIKOW= 2.85718065872788
AIKOC= 13.0650786345359
AIHalfLife= 2.4344934837427
EAppRate= 0
