ICQueenStrength= 3.49416199279949
RQWkrDrnRatio= 4.44342761859298
ICDroneMiteSurvivorship= 35.878190305084
ICWorkerMiteSurvivorship= 96.1551262997091
ICForagerLifespan= 7.62945120874792
ImmType= Sine
AIAdultSlope= 3.34973891661502
AIAdultLD50= 0.814801016589627
AIAdultSlopeContact= 2.34125864203088
AIAdultLD50Contact= 0.0354389928746969
AILarvaSlope= 0.394503886159509
AILarvaLD50= 0.319954521465115
AIKOW= 2.92842609388754
AIKOC= 19.7544175386429
AIHalfLife= 3.9751361720264
EAppRate= 0.388212234247476
