ICQueenStrength= 3.44620748679154
RQWkrDrnRatio= 2.78849428519607
ICDroneMiteSurvivorship= 37.162235728465
ICWorkerMiteSurvivorship= 84.8127239616588
ICForagerLifespan= 5.5669900001958
ImmType= Logarithmic
AIAdultSlope= 0.0162597215012647
AIAdultLD50= 0.299615205498412
AIAdultSlopeContact= 0.316469119414687
AIAdultLD50Contact= 0.0343443283927627
AILarvaSlope= 1.55588197060861
AILarvaLD50= 0.766272919275798
AIKOW= 5.26399502670392
AIKOC= 25.1578986772802
AIHalfLife= 2.27654702030122
EAppRate= 0
