ICQueenStrength= 2.07590668555349
RQWkrDrnRatio= 3.98003582842648
