ICQueenStrength= 5.53609426273033
RQWkrDrnRatio= 2.34192786645144
ICDroneMiteSurvivorship= 43.2628572219983
ICWorkerMiteSurvivorship= 46.2984568672255
ICForagerLifespan= 14.9546415917575
ImmType= Polynomial
AIAdultSlope= 3.38476500962861
AIAdultLD50= 0.315717839403078
AIAdultSlopeContact= 3.8801725496538
AIAdultLD50Contact= 0.0231851433869451
AILarvaSlope= 0.267267542611808
AILarvaLD50= 0.050838920334354
AIKOW= 7.70049781911075
AIKOC= 18.9744974672794
AIHalfLife= 5.6990567962639
EAppRate= 0.592437825864181
