ICQueenStrength= 1.78017047839239
RQWkrDrnRatio= 2.92665017396212
ICDroneMiteSurvivorship= 87.7737862756476
ICWorkerMiteSurvivorship= 54.6625352231786
ICForagerLifespan= 5.32694468740374
ImmType= Cosine
AIAdultSlope= 0.299140942422673
AIAdultLD50= 0.600033288588747
AIAdultSlopeContact= 3.84585592180956
AIAdultLD50Contact= 0.0180067792185582
AILarvaSlope= 2.85100174532272
AILarvaLD50= 0.761549712228589
AIKOW= 2.68909533135593
AIKOC= 5.28175077168271
AIHalfLife= 6.34681080142036
EAppRate= 0.673370643984526
