ICQueenStrength= 1.13025408610702
RQWkrDrnRatio= 3.05544429924339
ICDroneMiteSurvivorship= 32.843932043761
ICWorkerMiteSurvivorship= 65.0151002686471
ICForagerLifespan= 5.73652622103691
ImmType= Sine
AIAdultSlope= 0.743710624612868
AIAdultLD50= 1.42383766779676
AIAdultSlopeContact= 3.89251430674223
AIAdultLD50Contact= 0.042300999222789
AILarvaSlope= 2.90457174102776
AILarvaLD50= 0.48254407136701
AIKOW= 2.39547911006957
AIKOC= 9.79104243568145
AIHalfLife= 6.82687540212646
EAppRate= 0.0997244548052549
