ICQueenStrength= 2.66066162637435
RQWkrDrnRatio= 3.66451197024435
ICDroneMiteSurvivorship= 94.9223164003342
ICWorkerMiteSurvivorship= 70.4627401661128
ICForagerLifespan= 4.63800630997866
ImmType= Sine
AIAdultSlopeContact= 0.324591954150237
AIAdultLD50Contact= 0.0182145678903908
AILarvaSlope= 3.20653642830439
AILarvaLD50= 0.200222552544437
AIKOW= 4.83459971472621
AIKOC= 19.7719358734321
AIHalfLife= 13.7771971174516
