ICQueenStrength= 3.88840230205096
RQWkrDrnRatio= 2.43813026510179
ICDroneMiteSurvivorship= 87.3500151792541
ICWorkerMiteSurvivorship= 16.348714591004
ICForagerLifespan= 14.8235048502684
ImmType= Cosine
AIAdultSlope= 1.62131234114058
AIAdultLD50= 0.590758780483156
AIAdultSlopeContact= 1.5384102562163
AIAdultLD50Contact= 0.0210066893603653
AILarvaSlope= 0.910050145024434
AILarvaLD50= 0.743451964971609
AIKOW= 3.52265299437568
AIKOC= 6.48436806630343
AIHalfLife= 8.43474290706217
EAppRate= 0.859338016016409
