ICQueenStrength= 3.4792592052836
RQWkrDrnRatio= 4.69613190833479
ICDroneMiteSurvivorship= 61.4047599956393
ICWorkerMiteSurvivorship= 29.872044431977
ICForagerLifespan= 7.9028651798144
ImmType= Exponential
AIAdultSlope= 5.28292545583099
AIAdultLD50= 0.808956008404493
AIAdultSlopeContact= 8.62306735245511
AIAdultLD50Contact= 0.181715889414772
AILarvaSlope= 7.89826857857406
AILarvaLD50= 1.76276206457987
AIKOW= 45.3327473951504
AIKOC= 53.59020633623
AIHalfLife= 1.84290701849386
EAppRate= 1.11493920441717
