ICQueenStrength= 2.20439915335737
RQWkrDrnRatio= 4.98398595768958
ICDroneMiteSurvivorship= 83.2993924617767
ICWorkerMiteSurvivorship= 0.301492703147233
ICForagerLifespan= 15.9719230551273
ImmType= Polynomial
AIAdultSlope= 3.54554163830588
AIAdultLD50= 0.116998281213455
AIAdultSlopeContact= 1.56519781416748
AIAdultLD50Contact= 0.01480763098225
AILarvaSlope= 2.34938204633072
AILarvaLD50= 0.89931657188572
AIKOW= 4.89394200081006
AIKOC= 19.2038194695488
AIHalfLife= 0.279054482234642
EAppRate= 0.0432262568268925
