ICQueenStrength= 2.59937761258334
RQWkrDrnRatio= 1.70659272465855
ICDroneMiteSurvivorship= 70.5146586056799
ICWorkerMiteSurvivorship= 51.0013691848144
ICForagerLifespan= 7.85561683308333
ImmType= Logarithmic
AIAdultSlope= 2.38048891564831
AIAdultLD50= 1.34297650074586
AIAdultSlopeContact= 0.310076280192006
AIAdultLD50Contact= 0.0456680707749911
AILarvaSlope= 3.25714897778817
AILarvaLD50= 0.201839396101423
AIKOW= 7.38681976404041
AIKOC= 8.66210938664153
AIHalfLife= 1.28194568492472
EAppRate= 0.0651870663277805
