ICQueenStrength= 2.06244688038714
RQWkrDrnRatio= 2.3324451521039
ICDroneMiteSurvivorship= 95.1955273281783
ICWorkerMiteSurvivorship= 23.8156523089856
ICForagerLifespan= 12.2613730635494
ImmType= Tangent
AIAdultSlope= 0.0835151745798066
AIAdultLD50= 0.0974375637015328
AIAdultSlopeContact= 1.03691923234379
AIAdultLD50Contact= 0.0329180736094713
AILarvaSlope= 3.24066013782285
AILarvaLD50= 0.593278266093694
AIKOW= 5.68860590783879
AIKOC= 17.644254922634
AIHalfLife= 2.15921054477803
EAppRate= 0.695392909948714
