ICQueenStrength= 2.29808802041225
RQWkrDrnRatio= 4.53681197669357
ICDroneMiteSurvivorship= 17.8842697525397
ICWorkerMiteSurvivorship= 41.8847910594195
ICForagerLifespan= 4.56089244317263
ImmType= Sine
AIAdultSlope= 3.50549400383374
AIAdultLD50= 0.0880540392827243
AIAdultSlopeContact= 2.19839317943668
AIAdultLD50Contact= 0.0392136444104835
AILarvaSlope= 3.33116358090192
AILarvaLD50= 0.729350041109137
AIKOW= 7.1254671770148
AIKOC= 13.9286789938342
AIHalfLife= 3.09071205090731
EAppRate= 0.47453852687031
