ICQueenStrength= 2.92561602219939
RQWkrDrnRatio= 4.21820114087313
ICDroneMiteSurvivorship= 93.7388671096414
ICWorkerMiteSurvivorship= 28.6167246289551
ICForagerLifespan= 14.488971943967
ImmType= Polynomial
AIAdultSlope= 0.707050748309121
AIAdultLD50= 2.15227591339499
AIAdultSlopeContact= 1.42511851220392
AIAdultLD50Contact= 0.0400577333755791
AILarvaSlope= 2.7268350512255
AILarvaLD50= 0.491765291173942
AIKOW= 4.14694210188463
AIKOC= 23.1236527452711
AIHalfLife= 10.8149329000153
EAppRate= 0.496303185354918
