ICQueenStrength= 4.38664469076321
RQWkrDrnRatio= 4.90978420060128
ICDroneMiteSurvivorship= 90.2150189271197
ICWorkerMiteSurvivorship= 6.43128925003111
ICForagerLifespan= 5.23757456708699
ImmType= Logarithmic
AIAdultLD50= 0.154012839635834
AIAdultSlopeContact= 2.28948293356458
AIAdultLD50Contact= 0.0190260381554253
AILarvaSlope= 3.22002814821899
AILarvaLD50= 0.18662639670074
AIKOW= 4.37677123118192
AIKOC= 28.2731936499476
AIHalfLife= 9.93688333127648
EAppRate= 0.571916949003935
