ICQueenStrength= 3.81622810754925
RQWkrDrnRatio= 1.29861836787313
ICDroneMiteSurvivorship= 96.6886717127636
ICWorkerMiteSurvivorship= 47.8967275237665
ICForagerLifespan= 5.91228376980871
ImmType= Sine
AIAdultSlope= 0.294877247419208
AIAdultLD50= 2.22479353216477
AIAdultSlopeContact= 3.5181179114501
AIAdultLD50Contact= 0.0458503138856031
AILarvaSlope= 0.290653136000037
AILarvaLD50= 0.718029527552426
AIKOW= 7.98899023747072
AIKOC= 6.92899359972216
AIHalfLife= 7.30046558752656
EAppRate= 0.0223619865719229
