ICQueenStrength= 4.8104941137135
RQWkrDrnRatio= 2.0671314811334
ICDroneMiteSurvivorship= 83.8936997577548
ICWorkerMiteSurvivorship= 84.1301075182855
ICForagerLifespan= 8.89298286754638
ImmType= Cosine
AIAdultSlopeContact= 3.34685820865911
AIAdultLD50Contact= 0.0307728361338377
AILarvaSlope= 0.923701357422397
AILarvaLD50= 0.80960654290393
AIKOW= 6.14183837734163
AIKOC= 7.84216504660435
AIHalfLife= 2.6183946095407
