ICQueenStrength= 1.89495322084986
RQWkrDrnRatio= 3.74453388433903
ICDroneMiteSurvivorship= 43.3212778996676
ICWorkerMiteSurvivorship= 1.05102290399373
ICForagerLifespan= 12.1950044473633
ImmType= Exponential
AIAdultSlope= 1.52422290400369
AIAdultLD50= 0.00465913827065378
AIAdultSlopeContact= 1.18869222900365
AIAdultLD50Contact= 0.037620911153499
AILarvaSlope= 0.205228619929403
AILarvaLD50= 0.860419675265439
AIKOW= 6.78364893840626
AIKOC= 29.2700025788508
AIHalfLife= 3.27644208678976
EAppRate= 0.628140306775458
