ICQueenStrength= 1.46360995620489
RQWkrDrnRatio= 2.16256775241345
ICDroneMiteSurvivorship= 14.6077680634335
ICWorkerMiteSurvivorship= 54.847429972142
ICForagerLifespan= 8.24966766964644
ImmType= Exponential
AIAdultSlope= 1.33452447439078
AIAdultLD50= 0.104182445094921
AIAdultSlopeContact= 3.13428681821795
AIAdultLD50Contact= 0.0291278764838353
AILarvaSlope= 1.85293200002052
AILarvaLD50= 0.32396508527454
AIKOW= 4.51725702453405
AIKOC= 23.011467542965
AIHalfLife= 0.475066746585071
EAppRate= 0.601972004910931
