ICQueenStrength= 2.07319410075434
RQWkrDrnRatio= 2.55960276350379
ICDroneMiteSurvivorship= 39.8584025213495
ICWorkerMiteSurvivorship= 11.8992338422686
ICForagerLifespan= 4.17039251048118
ImmType= Sine
AIAdultSlopeContact= 2.43392194621265
AIAdultLD50Contact= 0.174818868283182
AILarvaSlope= 6.18947175564244
AILarvaLD50= 0.83850079914555
AIKOW= 46.4226950658485
AIKOC= 50.7918476127088
AIHalfLife= 13.7055574539118
