ICQueenStrength= 5.73961715470068
RQWkrDrnRatio= 2.05603397171944
ICDroneMiteSurvivorship= 11.680106446147
ICWorkerMiteSurvivorship= 75.9502637432888
ICForagerLifespan= 7.33410251233727
ImmType= Logarithmic
AIAdultSlope= 3.00423407172784
AIAdultLD50= 2.14562479220331
AIAdultSlopeContact= 2.59184689009096
AIAdultLD50Contact= 0.00225979828974232
AILarvaSlope= 2.74992931503803
AILarvaLD50= 0.00736928398255259
AIKOW= 4.60453682672232
AIKOC= 17.8774347482249
AIHalfLife= 6.31075642956421
EAppRate= 0.232632168568671
