ICQueenStrength= 4.06089160963893
RQWkrDrnRatio= 4.29812706448138
ICDroneMiteSurvivorship= 15.7607630128041
ICWorkerMiteSurvivorship= 36.638702172786
ICForagerLifespan= 5.88618086092174
ImmType= Logarithmic
AIAdultSlope= 7.01464123558253
