ICQueenStrength= 1.64967726124451
RQWkrDrnRatio= 3.70975597668439
ICDroneMiteSurvivorship= 65.8742468105629
ICWorkerMiteSurvivorship= 93.7165357870981
ICForagerLifespan= 6.5441217450425
ImmType= Tangent
AIAdultSlopeContact= 1.94919193181209
AIAdultLD50Contact= 0.00403166625183076
AILarvaSlope= 2.86980829308741
AILarvaLD50= 0.309858441562392
AIKOW= 5.59144898271188
AIKOC= 29.2575997312088
AIHalfLife= 9.4327929308638
