ICQueenStrength= 2.62491661729291
RQWkrDrnRatio= 4.98281319625676
ICDroneMiteSurvivorship= 29.2258255416527
ICWorkerMiteSurvivorship= 37.5693902838975
ICForagerLifespan= 14.2456769198179
ImmType= Sine
AIAdultSlopeContact= 1.81523439491401
AIAdultLD50Contact= 0.00595662760315463
AILarvaSlope= 1.80865536434576
AILarvaLD50= 0.04018719275482
AIKOW= 6.45931761711836
AIKOC= 8.9046983642038
AIHalfLife= 3.02381659392267
