ICQueenStrength= 4.13404976855963
RQWkrDrnRatio= 4.87311323080212
ICDroneMiteSurvivorship= 48.3012482523918
ICWorkerMiteSurvivorship= 45.0863791862503
ICForagerLifespan= 7.27466291654855
ImmType= Polynomial
AIAdultSlope= 2.14390501314774
AIAdultLD50= 1.8415990176145
AIAdultSlopeContact= 3.42794013655046
AIAdultLD50Contact= 0.0423935771221295
AILarvaSlope= 0.344552273210138
AILarvaLD50= 0.0422301999293268
AIKOW= 7.477282341104
AIKOC= 29.5462661783677
AIHalfLife= 4.22365702223033
EAppRate= 0.527714006602764
