ICQueenStrength= 5.94043309125118
RQWkrDrnRatio= 4.95261502731591
ICDroneMiteSurvivorship= 35.2456439984962
ICWorkerMiteSurvivorship= 68.4025811497122
ICForagerLifespan= 7.11804265528917
ImmType= Polynomial
AIAdultSlope= 3.72339675208787
AIAdultLD50= 0.376044747652486
AIAdultSlopeContact= 2.33872079157969
AIAdultLD50Contact= 0.00276117692701519
AILarvaSlope= 0.79355156137608
AILarvaLD50= 0.369632490165532
AIKOW= 5.57075366843492
AIKOC= 7.33778930851258
AIHalfLife= 1.34144392679445
EAppRate= 0.413846804248169
