ICQueenStrength= 4.0315377493389
RQWkrDrnRatio= 4.61974951345474
ICDroneMiteSurvivorship= 23.2151629868895
ICWorkerMiteSurvivorship= 79.6996384859085
ICForagerLifespan= 11.1574371801689
ImmType= Tangent
AIAdultSlope= 3.16371159395203
