ICQueenStrength= 5.38381287036464
RQWkrDrnRatio= 4.81251688022166
ICDroneMiteSurvivorship= 8.10669253114611
ICWorkerMiteSurvivorship= 86.5129715530202
ICForagerLifespan= 8.11571560334414
ImmType= Tangent
AIAdultSlope= 0.387670436000917
AIAdultLD50= 0.377882261294872
AIAdultSlopeContact= 2.60807947196765
AIAdultLD50Contact= 0.00917465111706406
AILarvaSlope= 1.43425576318987
AILarvaLD50= 0.649228607187979
AIKOW= 4.21922667231411
AIKOC= 17.8166619280819
AIHalfLife= 4.98490285710432
EAppRate= 0.646896663075313
