ICQueenStrength= 1.27624419075437
RQWkrDrnRatio= 4.1162368869409
ICDroneMiteSurvivorship= 11.1846751067787
ICWorkerMiteSurvivorship= 92.6424249773845
ICForagerLifespan= 12.984790888615
ImmType= Cosine
AIAdultSlope= 9.83610430033877
