ICQueenStrength= 1.74224189273082
RQWkrDrnRatio= 1.0036973292008
ICDroneMiteSurvivorship= 39.2797437496483
ICWorkerMiteSurvivorship= 27.994836657308
ICForagerLifespan= 10.3432558495551
ImmType= Exponential
AIAdultLD50= 0.154012839635834
AIAdultSlopeContact= 3.89466473951004
AIAdultLD50Contact= 0.000307480862829834
AILarvaSlope= 1.30731002171524
AILarvaLD50= 0.171995760616846
AIKOW= 4.65978538850322
AIKOC= 18.3385295397602
AIHalfLife= 12.583871406503
EAppRate= 1.50327588338405
