ICQueenStrength= 4.86127135250717
RQWkrDrnRatio= 1.53798202145845
ICDroneMiteSurvivorship= 94.0074308076873
ICWorkerMiteSurvivorship= 61.9036043994129
ICForagerLifespan= 14.9778081802651
ImmType= Polynomial
AIAdultSlope= 6.76925859879702
