ICQueenStrength= 1.21128850639798
RQWkrDrnRatio= 4.62337482627481
ICDroneMiteSurvivorship= 25.8732006186619
ICWorkerMiteSurvivorship= 92.16988326516
ICForagerLifespan= 6.33419524505734
ImmType= Sine
AIAdultSlopeContact= 2.88065295069013
AIAdultLD50Contact= 0.00586001221090555
AILarvaSlope= 1.21629707901739
AILarvaLD50= 0.693516457057558
AIKOW= 6.62780306302011
AIKOC= 25.1286529132631
AIHalfLife= 12.3559908955358
