ICQueenStrength= 1.64415406319313
RQWkrDrnRatio= 3.86276566237211
ICDroneMiteSurvivorship= 65.844262810424
ICWorkerMiteSurvivorship= 9.09825628623366
ICForagerLifespan= 7.31675569433719
ImmType= Polynomial
AIAdultSlope= 1.47426122323377
AIAdultLD50= 0.202376684057526
AIAdultSlopeContact= 1.12267690212931
AIAdultLD50Contact= 0.00574581595137715
AILarvaSlope= 2.57552153239958
AILarvaLD50= 0.703244348871522
AIKOW= 6.4863134836778
AIKOC= 17.4188390793279
AIHalfLife= 1.73265089048073
EAppRate= 0.339071574318223
