ICQueenStrength= 4.70850104140118
RQWkrDrnRatio= 4.35781463049352
ICDroneMiteSurvivorship= 10.3935717837885
ICWorkerMiteSurvivorship= 27.9719207901508
ICForagerLifespan= 15.7929610880092
ImmType= Tangent
AIAdultSlope= 0.364598778355867
AIAdultLD50= 2.98055539280176
AIAdultSlopeContact= 3.54678299979307
AIAdultLD50Contact= 0.042860300198663
AILarvaSlope= 3.11889639045112
AILarvaLD50= 0.549197799386457
AIKOW= 2.68949722964317
AIKOC= 26.8949131143745
AIHalfLife= 4.48738510766998
EAppRate= 0.285787809640169
