ICQueenStrength= 4.63611141871661
RQWkrDrnRatio= 4.02505870815367
