ICQueenStrength= 2.34365859557875
RQWkrDrnRatio= 2.58243278693408
ICDroneMiteSurvivorship= 48.02856373135
ICWorkerMiteSurvivorship= 40.9441669005901
ICForagerLifespan= 15.7676257323474
ImmType= Exponential
AIAdultSlope= 0.587526090955362
AIAdultLD50= 1.64594972413033
AIAdultSlopeContact= 3.73893630818697
AIAdultLD50Contact= 0.0155456567532383
AILarvaSlope= 2.88954484490678
AILarvaLD50= 0.423527054465376
AIKOW= 2.9457604479976
AIKOC= 25.7610056386329
AIHalfLife= 4.44629323016852
EAppRate= 0.654534209286794
