ICQueenStrength= 5.74611766054295
RQWkrDrnRatio= 1.82328025251627
ICDroneMiteSurvivorship= 85.8218816341832
ICWorkerMiteSurvivorship= 22.9704255238175
ICForagerLifespan= 14.8737836685032
ImmType= Polynomial
AIAdultSlope= 6.18544738739729
AIAdultLD50= 0.93675581086427
AIAdultSlopeContact= 7.24247676320374
AIAdultLD50Contact= 0.0756395497359336
AILarvaSlope= 3.813647700008
AILarvaLD50= 0.788799971342087
AIKOW= 30.3187505342066
AIKOC= 46.9375961693004
AIHalfLife= 6.15923197520897
EAppRate= 0.327892357483506
