ICQueenStrength= 2.97679914766923
RQWkrDrnRatio= 4.33298011310399
ICDroneMiteSurvivorship= 59.1715484857559
ICWorkerMiteSurvivorship= 50.0962821301073
ICForagerLifespan= 7.00639663264155
ImmType= Logarithmic
AIAdultSlope= 2.48089538654312
AIAdultLD50= 1.77609164477326
AIAdultSlopeContact= 1.25154435028089
AIAdultLD50Contact= 0.0332546946359798
AILarvaSlope= 0.0974632596597075
AILarvaLD50= 0.105105412518606
AIKOW= 3.80175599223003
AIKOC= 23.7942160002422
AIHalfLife= 11.4854766339995
EAppRate= 0.333170303842053
