ICQueenStrength= 3.04344609519467
RQWkrDrnRatio= 4.75453530065715
ICDroneMiteSurvivorship= 55.524800834246
ICWorkerMiteSurvivorship= 8.82119103334844
ICForagerLifespan= 5.40831036679447
ImmType= Tangent
AIAdultSlope= 1.52372844218742
AIAdultLD50= 0.312113679479808
AIAdultSlopeContact= 2.53593689811649
AIAdultLD50Contact= 0.0149534179130569
AILarvaSlope= 2.78612828161567
AILarvaLD50= 0.0584841744974256
AIKOW= 4.56549260439351
AIKOC= 21.9888322532643
AIHalfLife= 4.36099561979063
EAppRate= 0.248695979150943
