ICQueenStrength= 4.98571670521051
RQWkrDrnRatio= 3.46118956245482
ICDroneMiteSurvivorship= 24.3818354094401
ICWorkerMiteSurvivorship= 22.3520163213834
ICForagerLifespan= 14.777302486822
ImmType= Cosine
AIAdultSlope= 2.97664719824446
AIAdultLD50= 0.354711436782964
AIAdultSlopeContact= 2.81068268692587
AIAdultLD50Contact= 0.00243959557265043
AILarvaSlope= 3.30238265227526
AILarvaLD50= 0.395072500873357
AIKOW= 2.97304427623749
AIKOC= 24.379943649983
AIHalfLife= 0.853283947799355
EAppRate= 0.622250583185814
