ICQueenStrength= 3.09472106210887
RQWkrDrnRatio= 2.96912828087807
