ICQueenStrength= 1.80312700010836
RQWkrDrnRatio= 4.5118794105947
ICDroneMiteSurvivorship= 35.7272764667869
ICWorkerMiteSurvivorship= 11.9047011015937
ICForagerLifespan= 10.1834393367171
ImmType= Polynomial
AIAdultSlope= 0.439300755877048
AIAdultLD50= 2.47246161522344
AIAdultSlopeContact= 3.63940945326816
AIAdultLD50Contact= 0.0343405308551155
AILarvaSlope= 2.61081081195734
AILarvaLD50= 0.87869107585866
AIKOW= 2.17955010849983
AIKOC= 16.5763398178387
AIHalfLife= 1.85141981672496
EAppRate= 0.522553788963705
