ICQueenStrength= 5.02386664994992
RQWkrDrnRatio= 2.70695643592626
ICDroneMiteSurvivorship= 18.3780451305211
ICWorkerMiteSurvivorship= 11.0996816074476
ICForagerLifespan= 5.20884273853153
ImmType= Polynomial
AIAdultSlope= 3.02007747357711
AIAdultLD50= 1.1252190596424
AIAdultSlopeContact= 2.10842305377591
AIAdultLD50Contact= 0.0271030827774666
AILarvaSlope= 0.341424960270524
AILarvaLD50= 0.65571139510721
AIKOW= 6.01856652228162
AIKOC= 14.9963539047167
AIHalfLife= 3.94189103972167
EAppRate= 0.312691051978618
