ICQueenStrength= 1.47485565766692
RQWkrDrnRatio= 4.85732524003834
ICDroneMiteSurvivorship= 96.3330440688878
ICWorkerMiteSurvivorship= 7.34526296146214
ICForagerLifespan= 8.29137070570141
ImmType= Polynomial
AIAdultSlope= 1.80362613055855
AIAdultLD50= 0.445486878743395
AIAdultSlopeContact= 0.244666421322618
AIAdultLD50Contact= 0.0459460220648907
AILarvaSlope= 3.34726678193547
AILarvaLD50= 0.6144222532399
AIKOW= 6.89460090035573
AIKOC= 12.6137118157931
AIHalfLife= 3.18145105033182
EAppRate= 0.388870132621378
