ICQueenStrength= 3.57584296748973
RQWkrDrnRatio= 2.34152727853507
ICDroneMiteSurvivorship= 99.5069678872824
ICWorkerMiteSurvivorship= 64.2734768567607
ICForagerLifespan= 4.71249614935368
ImmType= Logarithmic
AIAdultSlope= 2.43183351374231
AIAdultLD50= 0.287976679392159
AIAdultSlopeContact= 3.23290645386558
AIAdultLD50Contact= 0.0486462450353429
AILarvaSlope= 1.10253472062759
AILarvaLD50= 0.159100318257697
AIKOW= 3.94040737254545
AIKOC= 5.57797176414169
AIHalfLife= 3.9222598716151
EAppRate= 0.210916880541481
