ICQueenStrength= 2.09681103844196
RQWkrDrnRatio= 3.51975628826767
ICDroneMiteSurvivorship= 91.9140098616481
ICWorkerMiteSurvivorship= 37.8935805289075
ICForagerLifespan= 14.8149994676933
ImmType= Tangent
AIAdultSlopeContact= 2.37117371779634
AIAdultLD50Contact= 0.0132470300653949
AILarvaSlope= 1.67519979476929
AILarvaLD50= 0.30211642398499
AIKOW= 7.79465865250677
AIKOC= 19.0283869346604
AIHalfLife= 9.39299506088719
