ICQueenStrength= 4.00423010834493
RQWkrDrnRatio= 4.23085052426904
ICDroneMiteSurvivorship= 95.7571102073416
ICWorkerMiteSurvivorship= 99.6241139946505
ICForagerLifespan= 4.5478928713128
ImmType= Logarithmic
AIAdultSlope= 1.00416335323825
AIAdultLD50= 1.18820901867002
AIAdultSlopeContact= 1.71085635406198
AIAdultLD50Contact= 0.0367823973880149
AILarvaSlope= 2.81533360551111
AILarvaLD50= 0.0215339526766911
AIKOW= 4.11029035691172
AIKOC= 14.6442994952668
AIHalfLife= 1.1312185456045
EAppRate= 0.808817740296945
