ICQueenStrength= 3.68201571307145
RQWkrDrnRatio= 4.04985107015818
ICDroneMiteSurvivorship= 84.7435371484607
ICWorkerMiteSurvivorship= 1.57102553639561
ICForagerLifespan= 13.9212555028498
ImmType= Cosine
AIAdultSlope= 0.440777965402231
AIAdultLD50= 2.94394453964196
AIAdultSlopeContact= 3.87575641940581
AIAdultLD50Contact= 0.0187067538034171
AILarvaSlope= 3.03502906248905
AILarvaLD50= 0.10143377201166
AIKOW= 3.25803273217753
AIKOC= 19.9056968220975
AIHalfLife= 1.87067697802559
EAppRate= 0.777685587760061
