ICQueenStrength= 1.17489642463624
RQWkrDrnRatio= 3.18946159910411
