ICQueenStrength= 4.7888094666414
RQWkrDrnRatio= 4.54865791834891
ICDroneMiteSurvivorship= 87.9780093440786
ICWorkerMiteSurvivorship= 72.0820731017739
ICForagerLifespan= 9.5013703815639
ImmType= Polynomial
AIAdultSlope= 2.30739958663471
AIAdultLD50= 1.22580140526406
AIAdultSlopeContact= 3.26704482671572
AIAdultLD50Contact= 0.0212564482702874
AILarvaSlope= 1.0927333785221
AILarvaLD50= 0.636893432610668
AIKOW= 4.59056600742042
AIKOC= 18.2525719993282
AIHalfLife= 9.58591717854142
EAppRate= 0.459839593851939
