ICQueenStrength= 5.07263199216686
RQWkrDrnRatio= 3.05839568655938
ICDroneMiteSurvivorship= 59.6871187677607
ICWorkerMiteSurvivorship= 57.031808164902
ICForagerLifespan= 11.0699292253703
ImmType= Logarithmic
AIAdultSlopeContact= 8.50604556268081
AIAdultLD50Contact= 0.123842744762078
AILarvaSlope= 5.65553370397538
AILarvaLD50= 1.1996090230532
AIKOW= 75.8147554472089
AIKOC= 37.6054553082213
AIHalfLife= 1.09775661211461
