ICQueenStrength= 3.25135103915818
RQWkrDrnRatio= 1.36539474595338
ICDroneMiteSurvivorship= 50.7962345145643
ICWorkerMiteSurvivorship= 42.0731173828244
ICForagerLifespan= 13.175427807495
ImmType= Polynomial
AIAdultSlope= 2.30450049201725
AIAdultLD50= 0.253534181276336
AIAdultSlopeContact= 1.11140371605987
AIAdultLD50Contact= 0.00188247615005821
AILarvaSlope= 2.5616087523289
AILarvaLD50= 0.325529804290272
AIKOW= 4.71527528762817
AIKOC= 24.9804254283663
AIHalfLife= 3.9626440720167
EAppRate= 0
