ICQueenStrength= 4.31431814236566
RQWkrDrnRatio= 2.9721208801493
ICDroneMiteSurvivorship= 39.0856628539041
ICWorkerMiteSurvivorship= 80.222898372449
ICForagerLifespan= 13.2762125739828
ImmType= Polynomial
AIAdultSlope= 7.180052974727
