ICQueenStrength= 5.00537158478983
RQWkrDrnRatio= 4.4443584382534
ICDroneMiteSurvivorship= 62.5172545202076
ICWorkerMiteSurvivorship= 99.5852899970487
ICForagerLifespan= 7.17861589509994
ImmType= Tangent
AIAdultSlope= 3.01478217179189
AIAdultLD50= 0.461565673816949
AIAdultSlopeContact= 0.719187250197865
AIAdultLD50Contact= 0.0348254165728576
AILarvaSlope= 0.817227604053914
AILarvaLD50= 0.359523004665971
AIKOW= 4.93816083297133
AIKOC= 16.4864491974004
AIHalfLife= 3.919607992284
EAppRate= 0.214986348408274
