ICQueenStrength= 4.36735635530204
RQWkrDrnRatio= 1.79250944778323
ICDroneMiteSurvivorship= 18.400272494182
ICWorkerMiteSurvivorship= 16.6732400422916
ICForagerLifespan= 11.9057154813781
ImmType= Exponential
AIAdultSlope= 2.35408836700721
AIAdultLD50= 0.31202631467022
AIAdultSlopeContact= 0.977102571933065
AIAdultLD50Contact= 0.0113584677921608
AILarvaSlope= 0.376723895268515
AILarvaLD50= 0.098490810371004
AIKOW= 6.60540228849277
AIKOC= 9.35395519598387
AIHalfLife= 0.170523175038397
EAppRate= 0
