ICQueenStrength= 5.07404739758931
RQWkrDrnRatio= 2.71098350547254
ICDroneMiteSurvivorship= 83.3468794822693
ICWorkerMiteSurvivorship= 35.4144288226962
ICForagerLifespan= 14.5138872992247
ImmType= Exponential
AIAdultSlopeContact= 6.70862494735047
AIAdultLD50Contact= 0.189778682310134
AILarvaSlope= 9.30432528490201
AILarvaLD50= 0.551977447699755
AIKOW= 42.8418301744387
AIKOC= 95.9626664174721
AIHalfLife= 5.71690388768911
