ICQueenStrength= 4.00364152644761
RQWkrDrnRatio= 4.42875113338232
ICDroneMiteSurvivorship= 1.08430571854115
ICWorkerMiteSurvivorship= 41.7019091546535
ICForagerLifespan= 10.8320312779397
ImmType= Sine
AIAdultSlope= 0.0866852979175746
AIAdultLD50= 0.801863369531929
AIAdultSlopeContact= 2.96398120224942
AIAdultLD50Contact= 0.0261920925811864
AILarvaSlope= 2.66072825919837
AILarvaLD50= 0.482643527467735
AIKOW= 3.38377102371305
AIKOC= 5.57481799158268
AIHalfLife= 12.0549594787881
EAppRate= 0.154675816185772
