ICQueenStrength= 4.91992671880871
RQWkrDrnRatio= 1.02127462811768
ICDroneMiteSurvivorship= 55.0655279774219
ICWorkerMiteSurvivorship= 46.8618233688176
ICForagerLifespan= 8.30523713678122
ImmType= Polynomial
AIAdultLD50= 0.154012839635834
AIAdultSlopeContact= 0.717949725408107
AIAdultLD50Contact= 0.0456718886853196
AILarvaSlope= 2.12029074169695
AILarvaLD50= 0.667018272774294
AIKOW= 2.13106987765059
AIKOC= 27.4236059060786
AIHalfLife= 12.207068446558
EAppRate= 1.28282894473523
