ICQueenStrength= 5.33117650449276
RQWkrDrnRatio= 2.0231091985479
ICDroneMiteSurvivorship= 66.2828271277249
ICWorkerMiteSurvivorship= 67.936025140807
ICForagerLifespan= 10.6081512868404
ImmType= Sine
AIAdultSlopeContact= 3.17815594699234
AIAdultLD50Contact= 0.0408597242669202
AILarvaSlope= 2.45423175971955
AILarvaLD50= 0.712583655444905
AIKOW= 7.5032086041756
AIKOC= 28.7615054124035
AIHalfLife= 12.1861218586564
