ICQueenStrength= 1.6415712099988
RQWkrDrnRatio= 2.47034675721079
ICDroneMiteSurvivorship= 94.941343832761
ICWorkerMiteSurvivorship= 37.4269443331286
ICForagerLifespan= 8.91051254514605
ImmType= Exponential
AIAdultSlopeContact= 0.856078801034018
AIAdultLD50Contact= 0.00700770413968712
AILarvaSlope= 2.22725359373726
AILarvaLD50= 0.253881875169463
AIKOW= 3.71692951302975
AIKOC= 15.0601678597741
AIHalfLife= 0.235701994039118
