ICQueenStrength= 4.80307061946951
RQWkrDrnRatio= 1.95748042408377
ICDroneMiteSurvivorship= 27.9669794254005
ICWorkerMiteSurvivorship= 98.5901345033199
ICForagerLifespan= 4.8364249933511
ImmType= Exponential
AIAdultSlope= 2.78072473220062
AIAdultLD50= 0.267080718534999
AIAdultSlopeContact= 3.87516137810424
AIAdultLD50Contact= 0.00170531237963587
AILarvaSlope= 0.433488043118268
AILarvaLD50= 0.186046266742051
AIKOW= 2.8145897500217
AIKOC= 16.4680304424837
AIHalfLife= 4.10154924029484
EAppRate= 0
