ICQueenStrength= 2.03181946789846
RQWkrDrnRatio= 3.92913323640823
ICDroneMiteSurvivorship= 91.7703716550022
ICWorkerMiteSurvivorship= 5.10315361898392
ICForagerLifespan= 4.56791734416038
ImmType= Exponential
AIAdultSlopeContact= 1.38757913812296
AIAdultLD50Contact= 0.00764396372251213
AILarvaSlope= 2.62912589488551
AILarvaLD50= 0.483440199494362
AIKOW= 2.85490719182417
AIKOC= 29.1956003243104
AIHalfLife= 11.686677664984
