ICQueenStrength= 4.26714382157661
RQWkrDrnRatio= 1.55996117834002
ICDroneMiteSurvivorship= 77.1475703921169
ICWorkerMiteSurvivorship= 78.3699348336086
ICForagerLifespan= 8.25115199014544
ImmType= Logarithmic
AIAdultSlope= 1.32477368400665
AIAdultLD50= 0.171506165643223
AIAdultSlopeContact= 2.42251202079467
AIAdultLD50Contact= 0.0355822015204467
AILarvaSlope= 2.32790826256387
AILarvaLD50= 0.249090574169531
AIKOW= 4.53617191361263
AIKOC= 5.47631956404075
AIHalfLife= 0.147809606278315
EAppRate= 0.540593360131606
