ICQueenStrength= 5.26390423323028
RQWkrDrnRatio= 1.60497688036412
ICDroneMiteSurvivorship= 50.6299259373918
ICWorkerMiteSurvivorship= 18.6213887296617
ICForagerLifespan= 5.38995315786451
ImmType= Sine
AIAdultSlope= 2.15730673726648
AIAdultLD50= 0.396682490827516
AIAdultSlopeContact= 0.29914176753955
AIAdultLD50Contact= 0.0170221219072118
AILarvaSlope= 3.28674724414013
AILarvaLD50= 0.561721920920536
AIKOW= 5.36551436642185
AIKOC= 9.04349403106607
AIHalfLife= 12.6335168341175
EAppRate= 0.453808970516548
