ICQueenStrength= 5.41503039677627
RQWkrDrnRatio= 1.88883274979889
ICDroneMiteSurvivorship= 91.3931846618652
ICWorkerMiteSurvivorship= 28.2779433066025
ICForagerLifespan= 7.09995615668595
ImmType= Cosine
AIAdultSlope= 1.30582616517087
AIAdultLD50= 0.459641715977341
AIAdultSlopeContact= 3.60539428662742
AIAdultLD50Contact= 0.00921483265701681
AILarvaSlope= 2.63478713193908
AILarvaLD50= 0.149895679322071
AIKOW= 7.39110848493874
AIKOC= 18.125251699239
AIHalfLife= 3.50481201079674
EAppRate= 0.56238982132636
