ICQueenStrength= 5.30844470974989
RQWkrDrnRatio= 2.03384724445641
ICDroneMiteSurvivorship= 52.6157020591199
ICWorkerMiteSurvivorship= 61.8172987829894
ICForagerLifespan= 14.3750492148101
ImmType= Logarithmic
AIAdultSlope= 3.27797238518251
AIAdultLD50= 0.0970414644107223
AIAdultSlopeContact= 2.65808407287346
AIAdultLD50Contact= 0.015780206094496
AILarvaSlope= 3.01559794144705
AILarvaLD50= 0.682949109887704
AIKOW= 7.89830361073837
AIKOC= 29.5728015026543
AIHalfLife= 2.27703615324572
EAppRate= 0
