ICQueenStrength= 4.13924725516699
RQWkrDrnRatio= 2.77939199563116
ICDroneMiteSurvivorship= 53.234673012048
ICWorkerMiteSurvivorship= 86.879170127213
ICForagerLifespan= 8.19217285141349
ImmType= Logarithmic
AIAdultSlope= 2.34674408629769
AIAdultLD50= 0.463478767662309
AIAdultSlopeContact= 0.702831635051407
AIAdultLD50Contact= 0.00126282426062971
AILarvaSlope= 0.834083239128813
AILarvaLD50= 0.390085122641176
AIKOW= 6.30976369278505
AIKOC= 7.99823493114673
AIHalfLife= 0.530812486540526
EAppRate= 0.142982842144556
