ICQueenStrength= 3.09523312398233
RQWkrDrnRatio= 1.89132789056748
ICDroneMiteSurvivorship= 49.8300333041698
ICWorkerMiteSurvivorship= 15.5546069145203
ICForagerLifespan= 6.98845004756004
ImmType= Sine
AIAdultSlope= 3.06371357623022
AIAdultLD50= 0.340508920373395
AIAdultSlopeContact= 0.876371395715978
AIAdultLD50Contact= 0.0399859828758053
AILarvaSlope= 1.69967280430719
AILarvaLD50= 0.506109397555702
AIKOW= 6.28139207651839
AIKOC= 7.67683923593722
AIHalfLife= 1.01325772353448
EAppRate= 0.564450760069303
