ICQueenStrength= 5.32249957113527
RQWkrDrnRatio= 4.55878086853772
ICDroneMiteSurvivorship= 48.3670009532943
ICWorkerMiteSurvivorship= 1.70762776397169
ICForagerLifespan= 12.1949759516865
ImmType= Polynomial
AIAdultSlopeContact= 0.168153254780918
AIAdultLD50Contact= 0.114195966767147
AILarvaSlope= 2.80183331575245
AILarvaLD50= 1.90910989884287
AIKOW= 37.9992290399969
AIKOC= 50.2440293552354
AIHalfLife= 10.9732889500447
