ICQueenStrength= 1.81807293230668
RQWkrDrnRatio= 3.65097235422581
ICDroneMiteSurvivorship= 62.9304155241698
ICWorkerMiteSurvivorship= 36.1805473221466
ICForagerLifespan= 14.8247853312641
ImmType= Cosine
AIAdultSlope= 6.68093574233353
AIAdultLD50= 0.198870006250218
AIAdultSlopeContact= 9.73524961620569
AIAdultLD50Contact= 0.0436292998492718
AILarvaSlope= 5.48623745562509
AILarvaLD50= 0.754375575575978
AIKOW= 78.2668636413291
AIKOC= 82.1025297278538
AIHalfLife= 10.4821849018335
EAppRate= 0.31807949533686
