ICQueenStrength= 1.57384382700548
RQWkrDrnRatio= 2.34993102774024
ICDroneMiteSurvivorship= 77.1578771295026
ICWorkerMiteSurvivorship= 48.6999692162499
ICForagerLifespan= 15.2207109872252
ImmType= Sine
AIAdultSlope= 3.68949715048075
