ICQueenStrength= 1.23831933643669
RQWkrDrnRatio= 3.26041383016855
