ICQueenStrength= 2.63298159837723
RQWkrDrnRatio= 2.87510226015002
ICDroneMiteSurvivorship= 97.6101555163041
ICWorkerMiteSurvivorship= 26.9835727987811
ICForagerLifespan= 6.64096943940967
ImmType= Sine
AIAdultSlope= 1.09991778996773
AIAdultLD50= 2.531655511586
AIAdultSlopeContact= 3.0692865380086
AIAdultLD50Contact= 0.0287804267602041
AILarvaSlope= 0.264817157806829
AILarvaLD50= 0.508822690020315
AIKOW= 2.6026276294142
AIKOC= 8.902662335895
AIHalfLife= 13.0527244936675
EAppRate= 0.855579655617476
