ICQueenStrength= 5.83174082124606
RQWkrDrnRatio= 3.37385927699506
ICDroneMiteSurvivorship= 42.9270082386211
ICWorkerMiteSurvivorship= 28.2899408135563
ICForagerLifespan= 14.2414783379063
ImmType= Exponential
AIAdultSlope= 8.81094097858295
