ICQueenStrength= 2.16904861386865
RQWkrDrnRatio= 3.99451791774482
