ICQueenStrength= 1.49683428369462
RQWkrDrnRatio= 2.75313975661993
