ICQueenStrength= 2.86836244072765
RQWkrDrnRatio= 4.50379956606776
ICDroneMiteSurvivorship= 96.4583291206509
ICWorkerMiteSurvivorship= 51.8727506743744
ICForagerLifespan= 13.0815144469962
ImmType= Tangent
AIAdultSlope= 1.91716890684329
AIAdultLD50= 0.747138219885528
AIAdultSlopeContact= 1.49647349158768
AIAdultLD50Contact= 0.0177027318277396
AILarvaSlope= 0.822373941820115
AILarvaLD50= 0.42101617846638
AIKOW= 6.24341169791296
AIKOC= 22.7739520033356
AIHalfLife= 12.0398700758815
EAppRate= 0.464361264137551
