ICQueenStrength= 1.37299659010023
RQWkrDrnRatio= 3.09712248295546
