ICQueenStrength= 1.64367919578217
RQWkrDrnRatio= 1.4676847839728
ICDroneMiteSurvivorship= 13.8033244758844
ICWorkerMiteSurvivorship= 62.2237337054685
ICForagerLifespan= 12.0368059072644
ImmType= Exponential
AIAdultSlope= 3.50855222135782
AIAdultLD50= 0.367633422254585
AIAdultSlopeContact= 3.76990860866848
AIAdultLD50Contact= 0.00648667550412938
AILarvaSlope= 1.44147278559394
AILarvaLD50= 0.132475299644284
AIKOW= 3.45493476325646
AIKOC= 22.7736299112439
AIHalfLife= 0.888947817729786
EAppRate= 0.381987674348056
