ICQueenStrength= 3.84427450154908
RQWkrDrnRatio= 1.84140050783753
ICDroneMiteSurvivorship= 3.24121525045484
ICWorkerMiteSurvivorship= 42.893716157414
ICForagerLifespan= 8.51824160292745
ImmType= Polynomial
AIAdultSlope= 1.39836696595419
AIAdultLD50= 0.185687603196129
AIAdultSlopeContact= 1.38587959370809
AIAdultLD50Contact= 0.00141099854372442
AILarvaSlope= 0.905299701681361
AILarvaLD50= 0.697171028656885
AIKOW= 6.62134645367041
AIKOC= 8.8181388459634
AIHalfLife= 4.10719852661714
EAppRate= 0
