ICQueenStrength= 3.82837031874806
RQWkrDrnRatio= 1.46869869157672
ICDroneMiteSurvivorship= 13.6202938854694
ICWorkerMiteSurvivorship= 26.0750740068033
ICForagerLifespan= 8.27398252859712
ImmType= Sine
AIAdultSlope= 1.23641390730627
AIAdultLD50= 1.10025799158029
AIAdultSlopeContact= 1.55769192641834
AIAdultLD50Contact= 0.020251223212108
AILarvaSlope= 0.330475201830268
AILarvaLD50= 0.698343004379422
AIKOW= 5.844208532013
AIKOC= 29.3002117960714
AIHalfLife= 1.56125520449132
EAppRate= 0.792750746710226
