ICQueenStrength= 4.14695424283855
RQWkrDrnRatio= 2.93311457987875
ICDroneMiteSurvivorship= 38.8858796330169
ICWorkerMiteSurvivorship= 39.6292373770848
ICForagerLifespan= 10.9699774580076
ImmType= Tangent
AIAdultSlope= 2.10938396845013
AIAdultLD50= 0.35881355102174
AIAdultSlopeContact= 1.20871216196101
AIAdultLD50Contact= 0.040012525068596
AILarvaSlope= 1.35267914626747
AILarvaLD50= 0.894009879394434
AIKOW= 7.4148606415838
AIKOC= 13.1512108910829
AIHalfLife= 13.9745831470937
EAppRate= 0.971304325852543
