ICQueenStrength= 3.03156041330658
RQWkrDrnRatio= 4.16461435519159
ICDroneMiteSurvivorship= 48.111297795549
ICWorkerMiteSurvivorship= 58.7817123858258
ICForagerLifespan= 6.58802525978535
ImmType= Tangent
AIAdultSlope= 2.47685659117997
AIAdultSlopeContact= 3.40874980500201
AIAdultLD50Contact= 0.0431064344709739
AILarvaSlope= 0.25208615232259
AILarvaLD50= 0.796348806400783
AIKOW= 5.33990240376443
AIKOC= 15.1184859580826
AIHalfLife= 5.7338521820493
