ICQueenStrength= 4.59355302760378
RQWkrDrnRatio= 1.72422347217798
ICDroneMiteSurvivorship= 71.3209709618241
ICWorkerMiteSurvivorship= 59.6039001829922
ICForagerLifespan= 12.7156699998304
ImmType= Cosine
AIAdultSlope= 0.543912009103224
AIAdultLD50= 0.942430448485538
AIAdultSlopeContact= 2.84340472457232
AIAdultLD50Contact= 0.0181539565091953
AILarvaSlope= 0.309153379034251
AILarvaLD50= 0.439543203427456
AIKOW= 7.51205440796912
AIKOC= 6.87761253328063
AIHalfLife= 2.03345531458035
EAppRate= 0.175452290801331
