ICQueenStrength= 2.00673030945472
RQWkrDrnRatio= 2.06223700009286
ICDroneMiteSurvivorship= 37.2870969120413
ICWorkerMiteSurvivorship= 2.88549927063286
ICForagerLifespan= 14.1006738813594
ImmType= Cosine
AIAdultSlope= 1.69482321478426
AIAdultLD50= 1.27966080768965
AIAdultSlopeContact= 2.23481685874052
AIAdultLD50Contact= 0.0424118647235446
AILarvaSlope= 1.30368035989814
AILarvaLD50= 0.763769920379855
AIKOW= 4.06339648924768
AIKOC= 28.560658300994
AIHalfLife= 6.57151084346697
EAppRate= 0.746761520858854
