ICQueenStrength= 5.29836370865814
RQWkrDrnRatio= 1.36138325091451
ICDroneMiteSurvivorship= 80.0418020924553
ICWorkerMiteSurvivorship= 90.3170131612569
ICForagerLifespan= 10.2407790981233
ImmType= Polynomial
AIAdultSlope= 0.486783912032843
AIAdultLD50= 1.06748512247577
AIAdultSlopeContact= 1.21108254098101
AIAdultLD50Contact= 0.0413197439862415
AILarvaSlope= 2.9907424388919
AILarvaLD50= 0.804417216125876
AIKOW= 2.49106364743784
AIKOC= 26.808518411126
AIHalfLife= 5.78580578230321
EAppRate= 0.893470016308129
