ICQueenStrength= 3.46847497066483
RQWkrDrnRatio= 3.42846362572163
ICDroneMiteSurvivorship= 0.673450576141477
ICWorkerMiteSurvivorship= 44.7932762792334
ICForagerLifespan= 14.7477040672675
ImmType= Exponential
AIAdultSlope= 1.62873329226859
AIAdultLD50= 2.55571406939998
AIAdultSlopeContact= 1.0419960093149
AIAdultLD50Contact= 0.000382507976610214
AILarvaSlope= 0.756802410446107
AILarvaLD50= 0.15898262145929
AIKOW= 3.72381911892444
AIKOC= 15.2050668851007
AIHalfLife= 1.86837503453717
EAppRate= 0.609043987700716
