ICQueenStrength= 2.3362454646267
RQWkrDrnRatio= 2.61860803700984
ICDroneMiteSurvivorship= 49.0858195815235
ICWorkerMiteSurvivorship= 61.1334176501259
ICForagerLifespan= 10.3955081254244
ImmType= Logarithmic
AIAdultSlope= 0.0436094240285456
