ICQueenStrength= 2.53815819998272
RQWkrDrnRatio= 3.01837480533868
ICDroneMiteSurvivorship= 51.7251051263884
ICWorkerMiteSurvivorship= 67.9928860161453
ICForagerLifespan= 10.1939059896395
ImmType= Sine
AIAdultSlope= 2.15309316657018
AIAdultLD50= 0.254541772417724
AIAdultSlopeContact= 3.86273039698368
AIAdultLD50Contact= 0.0494716712273657
AILarvaSlope= 1.52314655696973
AILarvaLD50= 0.765829440113157
AIKOW= 4.17167937522754
AIKOC= 28.0301172181498
AIHalfLife= 4.5021243323572
EAppRate= 0.0310824843356386
