ICQueenStrength= 4.12211204785854
RQWkrDrnRatio= 4.74376086518168
ICDroneMiteSurvivorship= 45.18550359644
ICWorkerMiteSurvivorship= 28.9910580962896
ICForagerLifespan= 6.5119426548481
ImmType= Exponential
AIAdultSlope= 0.925630298582837
AIAdultLD50= 2.09980218624696
AIAdultSlopeContact= 3.65917800979922
AIAdultLD50Contact= 0.0379789546597749
AILarvaSlope= 2.74278137292713
AILarvaLD50= 0.253212679526769
AIKOW= 3.63695210590959
AIKOC= 15.3339699271601
AIHalfLife= 12.6961480956525
EAppRate= 0.662589809857309
