ICQueenStrength= 2.81942044058815
RQWkrDrnRatio= 3.06417717412114
ICDroneMiteSurvivorship= 36.559493211098
ICWorkerMiteSurvivorship= 23.0434537632391
ICForagerLifespan= 11.0877008046955
ImmType= Tangent
AIAdultSlope= 1.00388453053311
AIAdultLD50= 1.62248285952955
AIAdultSlopeContact= 2.22090414836537
AIAdultLD50Contact= 0.0433462295564823
AILarvaSlope= 2.75024625998922
AILarvaLD50= 0.678087155311368
AIKOW= 2.52761027216911
AIKOC= 21.3804120325949
AIHalfLife= 2.34346240665764
EAppRate= 0.308630812214687
