ICQueenStrength= 1.80280900816433
RQWkrDrnRatio= 4.80363401863724
ICDroneMiteSurvivorship= 76.6675811493769
ICWorkerMiteSurvivorship= 5.49025738146156
ICForagerLifespan= 14.3766980748624
ImmType= Tangent
AIAdultSlopeContact= 3.63876919262111
AIAdultLD50Contact= 0.0541534282732755
AILarvaSlope= 3.53243640856817
AILarvaLD50= 1.35463150218129
AIKOW= 76.0423697764054
AIKOC= 71.3575980393216
AIHalfLife= 5.50868699094281
