ICQueenStrength= 1.88311011670157
RQWkrDrnRatio= 1.026874801144
ICDroneMiteSurvivorship= 87.3735103756189
ICWorkerMiteSurvivorship= 99.4281291263178
ICForagerLifespan= 10.6145213153213
ImmType= Tangent
AIAdultSlope= 1.57340592551976
AIAdultLD50= 0.0595271968049929
AIAdultSlopeContact= 2.60900280207396
AIAdultLD50Contact= 0.0135071888216771
AILarvaSlope= 0.356576325045899
AILarvaLD50= 0.820715628610924
AIKOW= 5.03021372389048
AIKOC= 7.71827808464877
AIHalfLife= 4.00139616103843
EAppRate= 0.253840946126729
