ICQueenStrength= 3.97930546221323
RQWkrDrnRatio= 2.43717221450061
ICDroneMiteSurvivorship= 55.2020247094333
ICWorkerMiteSurvivorship= 18.092593899928
ICForagerLifespan= 10.1580309355631
ImmType= Polynomial
AIAdultSlope= 2.95240479629952
AIAdultLD50= 0.436933374498039
AIAdultSlopeContact= 1.86784473925363
AIAdultLD50Contact= 0.0199167772894725
AILarvaSlope= 1.80978031060658
AILarvaLD50= 0.397734802239575
AIKOW= 4.0732148536481
AIKOC= 22.9282823577523
AIHalfLife= 3.06874135858379
EAppRate= 0.155672263656743
