ICQueenStrength= 2.80587452021427
RQWkrDrnRatio= 3.26446154061705
ICDroneMiteSurvivorship= 55.9095590841025
ICWorkerMiteSurvivorship= 71.6345956549048
ICForagerLifespan= 9.89071055781096
ImmType= Exponential
AIAdultSlope= 2.54691839702427
AIAdultLD50= 1.117441364564
AIAdultSlopeContact= 1.81950212741503
AIAdultLD50Contact= 0.0192942873691209
AILarvaSlope= 1.61251443019137
AILarvaLD50= 0.705470948014408
AIKOW= 3.59241026174277
AIKOC= 15.1118353020865
AIHalfLife= 10.2619914403185
EAppRate= 0.218952173134312
