ICQueenStrength= 4.5853954590857
RQWkrDrnRatio= 3.50765193160623
ICDroneMiteSurvivorship= 7.38173744175583
ICWorkerMiteSurvivorship= 33.9986346662045
ICForagerLifespan= 11.921115739271
ImmType= Polynomial
AIAdultSlope= 0.331202515261248
AIAdultLD50= 0.0583706279285252
AIAdultSlopeContact= 0.665310034404974
AIAdultLD50Contact= 0.0209134711767547
AILarvaSlope= 1.96354058464058
AILarvaLD50= 0.384913449618034
AIKOW= 5.3082382529974
AIKOC= 15.0910758716054
AIHalfLife= 8.20594419445843
EAppRate= 0.978132368531078
