ICQueenStrength= 5.11607786780223
RQWkrDrnRatio= 3.59416804555804
ICDroneMiteSurvivorship= 83.8011728599668
ICWorkerMiteSurvivorship= 44.1969942767173
ICForagerLifespan= 15.591409701854
ImmType= Tangent
AIAdultSlope= 0.349046367267147
AIAdultLD50= 1.65912899002433
AIAdultSlopeContact= 2.23586182578933
AIAdultLD50Contact= 0.039111075468827
AILarvaSlope= 2.50152486511506
AILarvaLD50= 0.725520995794795
AIKOW= 7.21731985500082
AIKOC= 5.86512329871766
AIHalfLife= 6.13919919822365
EAppRate= 0.805817254353315
