ICQueenStrength= 1.34346927539445
RQWkrDrnRatio= 1.08714995067567
ICDroneMiteSurvivorship= 62.9455559654161
ICWorkerMiteSurvivorship= 15.8914410509169
ICForagerLifespan= 13.6111895507202
ImmType= Exponential
AIAdultSlope= 2.9889510504459
AIAdultLD50= 0.0734534312505275
AIAdultSlopeContact= 0.962346041584387
AIAdultLD50Contact= 0.0417796259745956
AILarvaSlope= 2.32031751833856
AILarvaLD50= 0.800173764908686
AIKOW= 2.08150415122509
AIKOC= 22.9765337321442
AIHalfLife= 3.39349103625864
EAppRate= 0
