ICQueenStrength= 5.06055680010468
RQWkrDrnRatio= 3.58041230402887
ICDroneMiteSurvivorship= 30.2497399970889
ICWorkerMiteSurvivorship= 22.8511950001121
ICForagerLifespan= 12.5396027900279
ImmType= Sine
AIAdultSlopeContact= 1.69031880563125
AIAdultLD50Contact= 0.0881152043584734
AILarvaSlope= 5.94481986481696
AILarvaLD50= 1.19453050987795
AIKOW= 49.9925523530692
AIKOC= 25.4050970776007
AIHalfLife= 1.76413653511554
