ICQueenStrength= 5.71624621073715
RQWkrDrnRatio= 4.85355512052774
ICDroneMiteSurvivorship= 41.071973531507
ICWorkerMiteSurvivorship= 48.7291051307693
ICForagerLifespan= 12.926364033483
ImmType= Exponential
AIAdultSlope= 0.74022198272869
AIAdultLD50= 2.94668264128268
AIAdultSlopeContact= 2.1261571532255
AIAdultLD50Contact= 0.0228746684035286
AILarvaSlope= 0.194440931500867
AILarvaLD50= 0.435199412237853
AIKOW= 7.8557013082318
AIKOC= 27.2632150223944
AIHalfLife= 11.6200701808557
EAppRate= 0.780774508602917
