ICQueenStrength= 3.94647333095782
RQWkrDrnRatio= 2.42917088698596
ICDroneMiteSurvivorship= 82.9216195037588
ICWorkerMiteSurvivorship= 83.4266076330096
ICForagerLifespan= 14.1546788131818
ImmType= Logarithmic
AIAdultSlopeContact= 5.99056287668645
AIAdultLD50Contact= 0.0565735983662307
AILarvaSlope= 4.01722600217909
AILarvaLD50= 0.935761332511902
AIKOW= 62.3283586231992
AIKOC= 55.1919271238148
AIHalfLife= 5.66972001455724
