ICQueenStrength= 3.86106373649091
RQWkrDrnRatio= 3.1361784208566
