ICQueenStrength= 4.60804655007087
RQWkrDrnRatio= 3.86484839953482
ICDroneMiteSurvivorship= 87.9402530612424
ICWorkerMiteSurvivorship= 68.1451267562807
ICForagerLifespan= 9.63556544482708
ImmType= Polynomial
AIAdultSlope= 1.17368607541546
AIAdultLD50= 0.184758743969724
AIAdultSlopeContact= 1.85535673015052
AIAdultLD50Contact= 0.0270802301238291
AILarvaSlope= 2.6758670126088
AILarvaLD50= 0.373182379966602
AIKOW= 5.18016198463738
AIKOC= 20.3379209164996
AIHalfLife= 0.478329467587173
EAppRate= 0.52680068409536
