ICQueenStrength= 2.64088402641937
RQWkrDrnRatio= 3.53931735735387
ICDroneMiteSurvivorship= 76.7056831391528
ICWorkerMiteSurvivorship= 97.6904160575941
ICForagerLifespan= 9.12441235501319
ImmType= Exponential
AIAdultSlope= 7.89201528532431
