ICQueenStrength= 1.47128222184256
RQWkrDrnRatio= 3.33029323071241
ICDroneMiteSurvivorship= 43.9639102900401
ICWorkerMiteSurvivorship= 83.4277596557513
ICForagerLifespan= 9.6713604433462
ImmType= Logarithmic
AIAdultSlopeContact= 1.70128048889805
AIAdultLD50Contact= 0.0229007426765747
AILarvaSlope= 1.46397299086675
AILarvaLD50= 0.318757452629507
AIKOW= 5.30687726102769
AIKOC= 23.4442865429446
AIHalfLife= 6.26827359339222
