ICQueenStrength= 1.60807730886154
RQWkrDrnRatio= 1.5211672661826
ICDroneMiteSurvivorship= 77.9449852183461
ICWorkerMiteSurvivorship= 42.454175138846
ICForagerLifespan= 5.36644864734262
ImmType= Sine
AIAdultSlope= 2.35967433871701
AIAdultLD50= 2.19509447808377
AIAdultSlopeContact= 0.684634193766397
AIAdultLD50Contact= 0.0361950275488198
AILarvaSlope= 0.826188693288714
AILarvaLD50= 0.822226050077006
AIKOW= 5.62363461079076
AIKOC= 15.5158477148507
AIHalfLife= 10.7155966740102
EAppRate= 0.768669375684112
