ICQueenStrength= 3.65050184563734
RQWkrDrnRatio= 4.32282963953912
ICDroneMiteSurvivorship= 81.1725903302431
ICWorkerMiteSurvivorship= 19.0975344041362
ICForagerLifespan= 5.44508199393749
ImmType= Tangent
AIAdultSlopeContact= 1.86043885909952
AIAdultLD50Contact= 0.0154166223481298
AILarvaSlope= 1.98898522658274
AILarvaLD50= 0.734207622637041
AIKOW= 4.72448849817738
AIKOC= 29.5501784258522
AIHalfLife= 2.43528149789199
