ICQueenStrength= 2.97567646764219
RQWkrDrnRatio= 3.48694893531501
