ICQueenStrength= 1.51838414743543
RQWkrDrnRatio= 2.6631146017462
ICDroneMiteSurvivorship= 98.4405934577808
ICWorkerMiteSurvivorship= 86.6591444471851
ICForagerLifespan= 13.037727303803
ImmType= Sine
AIAdultSlope= 4.88494046265259
AIAdultLD50= 0.985261202789843
AIAdultSlopeContact= 8.14555417280644
AIAdultLD50Contact= 0.198048560600728
AILarvaSlope= 5.69403407629579
AILarvaLD50= 0.490212887525558
AIKOW= 21.5441184584051
AIKOC= 99.0734497085214
AIHalfLife= 12.0337127083912
EAppRate= 1.42270727921277
