ICQueenStrength= 1.07906877202913
RQWkrDrnRatio= 3.00092386733741
ICDroneMiteSurvivorship= 93.0919976904988
ICWorkerMiteSurvivorship= 92.570012435317
ICForagerLifespan= 14.0711331069469
ImmType= Logarithmic
AIAdultSlope= 2.77793796673883
AIAdultLD50= 0.479564808192663
AIAdultSlopeContact= 0.128135073578451
AIAdultLD50Contact= 0.0328293520142324
AILarvaSlope= 0.599906686367467
AILarvaLD50= 0.465061576338485
AIKOW= 4.0344414645806
AIKOC= 25.2801314473618
AIHalfLife= 2.58025661925785
EAppRate= 0.59572707596235
