ICQueenStrength= 3.07521643838845
RQWkrDrnRatio= 2.28118611779064
ICDroneMiteSurvivorship= 30.6085989112034
ICWorkerMiteSurvivorship= 36.1693361075595
ICForagerLifespan= 12.5746522545815
ImmType= Polynomial
AIAdultSlope= 2.98310104123084
AIAdultLD50= 0.169657620135695
AIAdultSlopeContact= 3.06267723969184
AIAdultLD50Contact= 0.0292159050470218
AILarvaSlope= 0.905328503344208
AILarvaLD50= 0.0134284375235438
AIKOW= 4.94449347397313
AIKOC= 6.89124866737984
AIHalfLife= 4.56291280104779
EAppRate= 0.398886659159325
