ICQueenStrength= 1.30966169317253
RQWkrDrnRatio= 2.68816561531276
ICDroneMiteSurvivorship= 8.91807661391795
ICWorkerMiteSurvivorship= 73.1192578794435
ICForagerLifespan= 12.9715925566852
ImmType= Exponential
AIAdultSlope= 0.397782268489245
AIAdultLD50= 0.0983622040366754
AIAdultSlopeContact= 3.04255712436978
AIAdultLD50Contact= 0.0200998377404176
AILarvaSlope= 1.96089771324769
AILarvaLD50= 0.89525165646337
AIKOW= 6.58847673516721
AIKOC= 9.7744607727509
AIHalfLife= 4.0617721574381
EAppRate= 0.343393439333886
