ICQueenStrength= 4.08951823506504
RQWkrDrnRatio= 4.87685018125921
ICDroneMiteSurvivorship= 99.2561421589926
ICWorkerMiteSurvivorship= 3.84498946368694
ICForagerLifespan= 14.627630292438
ImmType= Cosine
AIAdultSlope= 1.94774241507752
AIAdultLD50= 0.388159055495635
AIAdultSlopeContact= 3.55947321282467
AIAdultLD50Contact= 0.0175691956537776
AILarvaSlope= 1.79612786406651
AILarvaLD50= 0.598546474962495
AIKOW= 7.20313707273453
AIKOC= 16.94784391555
AIHalfLife= 2.85511815804057
EAppRate= 0.254988167667761
