ICQueenStrength= 2.97534676175565
RQWkrDrnRatio= 1.53280973620713
ICDroneMiteSurvivorship= 48.189919651486
ICWorkerMiteSurvivorship= 99.7201616875827
ICForagerLifespan= 11.3560266643763
ImmType= Exponential
AIAdultSlopeContact= 2.30719890272012
AIAdultLD50Contact= 0.0203570226905867
AILarvaSlope= 2.74071265864186
AILarvaLD50= 0.235699729900807
AIKOW= 6.39526339666918
AIKOC= 22.3745599167887
AIHalfLife= 1.70085101062432
