ICQueenStrength= 3.03386936686002
RQWkrDrnRatio= 3.28097015619278
ICDroneMiteSurvivorship= 86.2765327328816
ICWorkerMiteSurvivorship= 53.9464956847951
ICForagerLifespan= 13.4542891103774
ImmType= Exponential
AIAdultSlope= 1.14090975851985
AIAdultLD50= 0.406445703934878
AIAdultSlopeContact= 3.75864783490542
AIAdultLD50Contact= 0.0112279447959736
AILarvaSlope= 0.665669991075993
AILarvaLD50= 0.0207582010421902
AIKOW= 7.20036558946595
AIKOC= 12.2542423964478
AIHalfLife= 3.09680729988031
EAppRate= 0.0555528403958306
