ICQueenStrength= 5.56295875599608
RQWkrDrnRatio= 4.09178107045591
ICDroneMiteSurvivorship= 16.4425566093996
ICWorkerMiteSurvivorship= 91.6947995545343
ICForagerLifespan= 5.93414742220193
ImmType= Tangent
AIAdultSlope= 0.832931554177776
AIAdultLD50= 2.93110833805986
AIAdultSlopeContact= 3.04624659254216
AIAdultLD50Contact= 0.0442411280469969
AILarvaSlope= 2.38082669535652
AILarvaLD50= 0.528471472626552
AIKOW= 2.18080515181646
AIKOC= 18.6569863476325
AIHalfLife= 12.8891314063221
EAppRate= 0.762824114877731
