ICQueenStrength= 5.11912090261467
RQWkrDrnRatio= 3.3570746127516
ICDroneMiteSurvivorship= 46.6741256183013
ICWorkerMiteSurvivorship= 36.0989179229364
ICForagerLifespan= 13.6550448918715
ImmType= Tangent
AIAdultLD50= 0.154012839635834
AIAdultSlopeContact= 0.774321620799601
AIAdultLD50Contact= 0.0404687054338865
AILarvaSlope= 3.3005689565558
AILarvaLD50= 0.390388095122762
AIKOW= 3.26771901873872
AIKOC= 23.7425868702121
AIHalfLife= 6.08202582038939
EAppRate= 1.17885526269674
