ICQueenStrength= 2.20686466922052
RQWkrDrnRatio= 4.404770324938
ICDroneMiteSurvivorship= 12.3485305346549
ICWorkerMiteSurvivorship= 76.3850135030225
ICForagerLifespan= 9.40257419925183
ImmType= Cosine
AIAdultSlope= 2.50782477642177
AIAdultLD50= 0.465555362054147
AIAdultSlopeContact= 2.84099242828321
AIAdultLD50Contact= 0.0273224247735925
AILarvaSlope= 1.89652521228418
AILarvaLD50= 0.227110237581655
AIKOW= 3.40843267133459
AIKOC= 27.3578553355765
AIHalfLife= 0.351630471413955
EAppRate= 0.0211483638267964
