ICQueenStrength= 4.05201435345225
RQWkrDrnRatio= 2.79522707499564
ICDroneMiteSurvivorship= 51.3489921577275
ICWorkerMiteSurvivorship= 82.06223603338
ICForagerLifespan= 10.7827331172302
ImmType= Tangent
AIAdultSlopeContact= 1.05867035949603
AIAdultLD50Contact= 0.0220933987759054
AILarvaSlope= 1.3311154759489
AILarvaLD50= 0.329396900930442
AIKOW= 5.38376520760357
AIKOC= 28.681360919727
AIHalfLife= 13.7937933849171
