ICQueenStrength= 4.50508093484677
RQWkrDrnRatio= 3.52425414137542
ICDroneMiteSurvivorship= 47.8623995091766
ICWorkerMiteSurvivorship= 16.5857868734747
ICForagerLifespan= 11.4435173077509
ImmType= Cosine
AIAdultSlope= 1.48660551676992
AIAdultLD50= 0.20867335726507
AIAdultSlopeContact= 2.13556362906704
AIAdultLD50Contact= 0.0191845595836639
AILarvaSlope= 1.89326054621488
AILarvaLD50= 0.521636726916768
AIKOW= 6.17109833983704
AIKOC= 29.472438817611
AIHalfLife= 2.38181516295299
EAppRate= 0.477933146734722
