ICQueenStrength= 1.8985970611684
RQWkrDrnRatio= 1.20143467839807
ICDroneMiteSurvivorship= 19.2788501735777
ICWorkerMiteSurvivorship= 92.2037405427545
ICForagerLifespan= 12.2992495987564
ImmType= Sine
AIAdultSlope= 2.0051140981866
AIAdultLD50= 0.329752448946238
AIAdultSlopeContact= 1.9955427212175
AIAdultLD50Contact= 0.0140399142866954
AILarvaSlope= 2.50457096137106
AILarvaLD50= 0.16403919942677
AIKOW= 5.08927900902927
AIKOC= 17.0763521583285
AIHalfLife= 0.117194599006325
EAppRate= 0.172462948434986
