ICQueenStrength= 2.69923578505404
RQWkrDrnRatio= 4.73951906617731
ICDroneMiteSurvivorship= 27.9873447725549
ICWorkerMiteSurvivorship= 55.3586015943438
ICForagerLifespan= 9.88810240291059
ImmType= Cosine
AIAdultSlope= 7.07329378230497
