ICQueenStrength= 4.9446501689963
RQWkrDrnRatio= 4.9572592061013
ICDroneMiteSurvivorship= 90.9934997791424
ICWorkerMiteSurvivorship= 50.7342071272433
ICForagerLifespan= 4.04694252461195
ImmType= Exponential
AIAdultSlope= 1.88424579356797
AIAdultLD50= 1.74449788173661
AIAdultSlopeContact= 2.73819676113781
AIAdultLD50Contact= 0.0313489713589661
AILarvaSlope= 2.23321618628688
AILarvaLD50= 0.477150777052157
AIKOW= 2.49178415583447
AIKOC= 8.80596207105555
AIHalfLife= 12.6406313036568
EAppRate= 0.767418076982722
