ICQueenStrength= 4.75516379368491
RQWkrDrnRatio= 2.24772604275495
ICDroneMiteSurvivorship= 98.306232620962
ICWorkerMiteSurvivorship= 47.3866552580148
ICForagerLifespan= 12.2275187019259
ImmType= Exponential
AIAdultSlopeContact= 3.68828779269476
AIAdultLD50Contact= 0.0399685624870472
AILarvaSlope= 2.3791847678367
AILarvaLD50= 0.469732118421234
AIKOW= 3.02250487962738
AIKOC= 7.93438140070066
AIHalfLife= 1.20732838939875
