ICQueenStrength= 4.20434178924188
RQWkrDrnRatio= 2.91967183165252
ICDroneMiteSurvivorship= 26.5563178807497
ICWorkerMiteSurvivorship= 7.30838708113879
ICForagerLifespan= 10.4222819441929
ImmType= Polynomial
AIAdultSlope= 7.6999538205564
AIAdultLD50= 0.621894473908469
AIAdultSlopeContact= 9.79234958067536
AIAdultLD50Contact= 0.0598723421338946
AILarvaSlope= 8.09051048243418
AILarvaLD50= 0.0117184449918568
AIKOW= 93.7199920648709
AIKOC= 53.2832768280059
AIHalfLife= 10.1776327663101
EAppRate= 0.707949332892895
