ICQueenStrength= 4.97310489555821
RQWkrDrnRatio= 2.84330857452005
ICDroneMiteSurvivorship= 56.486696540378
ICWorkerMiteSurvivorship= 86.2903906963766
ICForagerLifespan= 14.4861405035481
ImmType= Tangent
AIAdultSlope= 2.53157414764864
AIAdultLD50= 0.310581344994716
AIAdultSlopeContact= 3.80004721026169
AIAdultLD50Contact= 0.0382132648839615
AILarvaSlope= 2.03625343064778
AILarvaLD50= 0.314888180047274
AIKOW= 3.33422257099301
AIKOC= 18.2595575531013
AIHalfLife= 1.29016246064566
EAppRate= 0.612999226525426
