ICQueenStrength= 1.25763489305973
RQWkrDrnRatio= 1.29645573627204
ICDroneMiteSurvivorship= 58.6010188329965
ICWorkerMiteSurvivorship= 45.068679144606
ICForagerLifespan= 4.13887105882168
ImmType= Logarithmic
AIAdultSlope= 0.232223191685043
AIAdultLD50= 0.239959663129412
AIAdultSlopeContact= 0.876352980849333
AIAdultLD50Contact= 0.028663242503535
AILarvaSlope= 2.57244892623276
AILarvaLD50= 0.0771837602136657
AIKOW= 4.23632099386305
AIKOC= 12.1076473221183
AIHalfLife= 0.188201838172972
EAppRate= 0.682864264911041
