ICQueenStrength= 4.34755632909946
RQWkrDrnRatio= 2.18310839030892
ICDroneMiteSurvivorship= 18.7718391418457
ICWorkerMiteSurvivorship= 37.1965317754075
ICForagerLifespan= 5.25922148302197
ImmType= Sine
AIAdultSlope= 1.15992558388971
AIAdultLD50= 0.319869386963546
AIAdultSlopeContact= 1.79520748123527
AIAdultLD50Contact= 0.0240703139803372
AILarvaSlope= 1.2664796538651
AILarvaLD50= 0.751227051881142
AIKOW= 6.96996164182201
AIKOC= 13.6875349108595
AIHalfLife= 10.7443487630226
EAppRate= 0.724152437644079
