ICQueenStrength= 1.02678537275642
RQWkrDrnRatio= 4.7177165672183
ICDroneMiteSurvivorship= 60.8217519940808
ICWorkerMiteSurvivorship= 18.7286299886182
ICForagerLifespan= 11.7097656317055
ImmType= Sine
AIAdultSlopeContact= 1.99678647915367
AIAdultLD50Contact= 0.0121982794371434
AILarvaSlope= 1.69129372034222
AILarvaLD50= 0.304966998612508
AIKOW= 2.07232053298503
AIKOC= 6.24429147108458
AIHalfLife= 5.87932731909677
