ICQueenStrength= 3.09764975355938
RQWkrDrnRatio= 2.52865369059145
ICDroneMiteSurvivorship= 37.4139362946153
ICWorkerMiteSurvivorship= 24.0476007107645
ICForagerLifespan= 6.36181780137122
ImmType= Tangent
AIAdultSlope= 1.19826899912674
AIAdultLD50= 0.438205700949766
AIAdultSlopeContact= 3.2408119812794
AIAdultLD50Contact= 0.0448281846358441
AILarvaSlope= 0.316910111811012
AILarvaLD50= 0.730603289231658
AIKOW= 7.10160311078653
AIKOC= 11.8203567410819
AIHalfLife= 1.36420231778175
EAppRate= 0.531115095154382
