ICQueenStrength= 2.75480259116739
RQWkrDrnRatio= 3.33396197017282
ICDroneMiteSurvivorship= 36.6183451144025
ICWorkerMiteSurvivorship= 6.86254964675754
ICForagerLifespan= 15.3758814726025
ImmType= Exponential
AIAdultSlope= 2.27049845256843
AIAdultLD50= 1.54329729429446
AIAdultSlopeContact= 0.681485230524559
AIAdultLD50Contact= 0.0386379441712052
AILarvaSlope= 2.35553421941586
AILarvaLD50= 0.859465499315411
AIKOW= 6.28016308834776
AIKOC= 15.4229192889761
AIHalfLife= 8.62539206910878
EAppRate= 0.388028597692028
