ICQueenStrength= 5.23263780889101
RQWkrDrnRatio= 4.60000007413328
ICDroneMiteSurvivorship= 21.774641261436
ICWorkerMiteSurvivorship= 57.7404047362506
ICForagerLifespan= 7.77280582860112
ImmType= Cosine
AIAdultSlopeContact= 3.59440043189563
AIAdultLD50Contact= 0.0125986096332781
AILarvaSlope= 2.15859415568411
AILarvaLD50= 0.582985925604589
AIKOW= 2.64930006535724
AIKOC= 26.3160847779363
AIHalfLife= 12.916546063032
