ICQueenStrength= 1.49422160955146
RQWkrDrnRatio= 3.33750170376152
ICDroneMiteSurvivorship= 65.0226195575669
ICWorkerMiteSurvivorship= 38.8698817696422
ICForagerLifespan= 5.45893208030611
ImmType= Exponential
AIAdultLD50= 0.154012839635834
AIAdultSlopeContact= 0.865010941936635
AIAdultLD50Contact= 0.0086283674929291
AILarvaSlope= 2.03499075206928
AILarvaLD50= 0.534451997629367
AIKOW= 3.09302186174318
AIKOC= 16.789921898162
AIHalfLife= 1.77395358914509
EAppRate= 1.73524334235117
