ICQueenStrength= 4.76698819804005
RQWkrDrnRatio= 1.29035131447017
ICDroneMiteSurvivorship= 71.2143412325531
ICWorkerMiteSurvivorship= 41.4508025394753
ICForagerLifespan= 15.6187506765127
ImmType= Tangent
AIAdultSlope= 9.57649529911578
AIAdultLD50= 0.553953832946718
AIAdultSlopeContact= 7.87073959596455
AIAdultLD50Contact= 0.0370211911387742
AILarvaSlope= 8.76034147338942
AILarvaLD50= 1.8753981795162
AIKOW= 19.207857735455
AIKOC= 19.4963329238817
AIHalfLife= 8.47877601953223
EAppRate= 1.11813739174977
