ICQueenStrength= 1.59774824068882
RQWkrDrnRatio= 1.90872073546052
ICDroneMiteSurvivorship= 68.6708002351224
ICWorkerMiteSurvivorship= 74.8344699619338
ICForagerLifespan= 4.57517052348703
ImmType= Cosine
AIAdultSlope= 3.8857711769524
AIAdultLD50= 0.42964030825533
AIAdultSlopeContact= 1.53581560562365
AIAdultLD50Contact= 0.0208984431694262
AILarvaSlope= 0.873145186621696
AILarvaLD50= 0.502970894915052
AIKOW= 5.20451627764851
AIKOC= 15.7710099953692
AIHalfLife= 1.82338480604813
EAppRate= 0.553906836151145
