ICQueenStrength= 4.23504430358298
RQWkrDrnRatio= 4.84948376566172
ICDroneMiteSurvivorship= 86.4064591471106
ICWorkerMiteSurvivorship= 1.23156376648694
ICForagerLifespan= 5.54405379388481
ImmType= Exponential
AIAdultSlopeContact= 0.238748808272649
AIAdultLD50Contact= 0.00459948726929724
AILarvaSlope= 0.00883093671873212
AILarvaLD50= 0.215967764868401
AIKOW= 5.31645363848656
AIKOC= 20.2761354402173
AIHalfLife= 11.8941067061387
