ICQueenStrength= 2.15899606491439
RQWkrDrnRatio= 1.94734029192477
ICDroneMiteSurvivorship= 37.5254995888099
ICWorkerMiteSurvivorship= 48.7188047962263
ICForagerLifespan= 12.643665112555
ImmType= Exponential
AIAdultSlope= 1.14162334855646
AIAdultLD50= 0.359869980835356
AIAdultSlopeContact= 2.65983565838775
AIAdultLD50Contact= 0.00666157091036439
AILarvaSlope= 2.79372624307871
AILarvaLD50= 0.178822948783636
AIKOW= 4.8743110219948
AIKOC= 7.88716747309081
AIHalfLife= 3.94607617286965
EAppRate= 0.36972824272234
