ICQueenStrength= 1.9554311062675
RQWkrDrnRatio= 1.4230595426634
ICDroneMiteSurvivorship= 32.9683274263516
ICWorkerMiteSurvivorship= 62.5447861850262
ICForagerLifespan= 13.7846692921594
ImmType= Tangent
AIAdultSlopeContact= 3.87276459239423
AIAdultLD50Contact= 0.00365907651139423
AILarvaSlope= 3.39716497529298
AILarvaLD50= 0.885839647776447
AIKOW= 7.13891173852608
AIKOC= 16.6752298898064
AIHalfLife= 12.3113035983406
