ICQueenStrength= 5.61754497489892
RQWkrDrnRatio= 3.04130205698311
ICDroneMiteSurvivorship= 85.3963896399364
ICWorkerMiteSurvivorship= 18.1529433466494
ICForagerLifespan= 12.8901770189404
ImmType= Polynomial
AIAdultSlope= 1.43380821133032
AIAdultSlopeContact= 2.3510621918086
AIAdultLD50Contact= 0.0218857404775918
AILarvaSlope= 0.0962190726306289
AILarvaLD50= 0.745898378477432
AIKOW= 5.49004777753726
AIKOC= 26.1751199385617
AIHalfLife= 3.5717164799571
