ICQueenStrength= 3.20180468051694
RQWkrDrnRatio= 1.85590096376836
ICDroneMiteSurvivorship= 30.4970869328827
ICWorkerMiteSurvivorship= 58.3820195170119
ICForagerLifespan= 10.4161407416686
ImmType= Logarithmic
AIAdultSlope= 2.0951007715892
AIAdultLD50= 0.7795364940539
AIAdultSlopeContact= 3.39003802482504
AIAdultLD50Contact= 0.00921466242289171
AILarvaSlope= 1.27981934631243
AILarvaLD50= 0.0242814414203167
AIKOW= 5.50248170923442
AIKOC= 16.7764799797442
AIHalfLife= 5.24870094005018
EAppRate= 0.843600465217605
