ICQueenStrength= 4.165516393492
RQWkrDrnRatio= 3.60410462506115
ICDroneMiteSurvivorship= 29.5185794821009
ICWorkerMiteSurvivorship= 42.1135577140376
ICForagerLifespan= 4.71377154812217
ImmType= Logarithmic
AIAdultSlope= 1.87580870413221
AIAdultLD50= 1.57068307232112
AIAdultSlopeContact= 1.80032434725668
AIAdultLD50Contact= 0.0411800913279876
AILarvaSlope= 3.06373407277279
AILarvaLD50= 0.097758623259142
AIKOW= 4.089718461968
AIKOC= 11.9065579096787
AIHalfLife= 7.62851389171556
EAppRate= 0.294985753018409
