ICQueenStrength= 4.94635593867861
RQWkrDrnRatio= 2.77128131035715
ICDroneMiteSurvivorship= 55.4473664145917
ICWorkerMiteSurvivorship= 32.2806214913726
ICForagerLifespan= 8.24403050728142
ImmType= Sine
AIAdultSlope= 0.480247402237728
AIAdultLD50= 2.28433859325014
AIAdultSlopeContact= 2.22318241004599
AIAdultLD50Contact= 0.0161342519917525
AILarvaSlope= 1.74923805398867
AILarvaLD50= 0.00596205464098603
AIKOW= 2.84524160716683
AIKOC= 12.6178261369932
AIHalfLife= 11.0473744403571
EAppRate= 0.0547897557262331
