ICQueenStrength= 4.53274673572741
RQWkrDrnRatio= 3.29488983564079
ICDroneMiteSurvivorship= 51.7411978449672
ICWorkerMiteSurvivorship= 52.1714262431487
ICForagerLifespan= 4.45445087831467
ImmType= Sine
AIAdultSlopeContact= 3.75721375097288
AIAdultLD50Contact= 0.0404911792720668
AILarvaSlope= 1.87203790284693
AILarvaLD50= 0.408012260659598
AIKOW= 7.25934995012358
AIKOC= 22.6703350327443
AIHalfLife= 12.424262045417
