ICQueenStrength= 3.94101153034717
RQWkrDrnRatio= 2.42752494942397
ICDroneMiteSurvivorship= 70.9058999083936
ICWorkerMiteSurvivorship= 11.5170792443678
ICForagerLifespan= 14.7575320778415
ImmType= Logarithmic
AIAdultSlopeContact= 2.99273452273803
AIAdultLD50Contact= 0.042725096445065
AILarvaSlope= 1.62849609791301
AILarvaLD50= 0.12378711020574
AIKOW= 6.58173645986244
AIKOC= 7.17590978136286
AIHalfLife= 0.707609014585614
