ICQueenStrength= 3.15121727436781
RQWkrDrnRatio= 4.99757765419781
ICDroneMiteSurvivorship= 32.4471844593063
ICWorkerMiteSurvivorship= 26.1928437976167
ICForagerLifespan= 6.59953516349196
ImmType= Logarithmic
AIAdultSlope= 0.557756108650938
AIAdultLD50= 1.35009724879637
AIAdultSlopeContact= 0.305231365836225
AIAdultLD50Contact= 0.0406091614160687
AILarvaSlope= 2.19956691693515
AILarvaLD50= 0.42794525641948
AIKOW= 2.31903194403276
AIKOC= 23.0637813697103
AIHalfLife= 7.1107990113087
EAppRate= 0.682634373661131
