ICQueenStrength= 1.85492649581283
RQWkrDrnRatio= 2.65445980709046
ICDroneMiteSurvivorship= 86.8992260657251
ICWorkerMiteSurvivorship= 24.5544234290719
ICForagerLifespan= 15.2406345335767
ImmType= Cosine
AIAdultSlope= 2.99111157166772
AIAdultLD50= 0.0408969665877521
AIAdultSlopeContact= 0.799450391354039
AIAdultLD50Contact= 0.0111910362844355
AILarvaSlope= 0.446448887186125
AILarvaLD50= 0.090694839740172
AIKOW= 7.47105504386127
AIKOC= 5.27649539406411
AIHalfLife= 8.62912782886997
EAppRate= 0.254455592483282
