ICQueenStrength= 4.44514927361161
RQWkrDrnRatio= 2.62387452367693
ICDroneMiteSurvivorship= 24.8682411853224
ICWorkerMiteSurvivorship= 23.8997456617653
ICForagerLifespan= 13.2467399667948
ImmType= Sine
AIAdultLD50= 0.154012839635834
AIAdultSlopeContact= 0.793167614929844
AIAdultLD50Contact= 0.0198506091837771
AILarvaSlope= 1.14650788479485
AILarvaLD50= 0.659292083582841
AIKOW= 5.90416294289753
AIKOC= 15.9078637033235
AIHalfLife= 7.562642369885
EAppRate= 0.871472984552383
