ICQueenStrength= 2.41074043116532
RQWkrDrnRatio= 2.95166203938425
ICDroneMiteSurvivorship= 96.238703164272
ICWorkerMiteSurvivorship= 21.4363512117416
ICForagerLifespan= 10.7798698060215
ImmType= Cosine
AIAdultSlope= 1.53497926453128
AIAdultLD50= 1.46143969218247
AIAdultSlopeContact= 2.45818994329311
AIAdultLD50Contact= 0.0236635293113068
AILarvaSlope= 0.809849328594282
AILarvaLD50= 0.299997868621722
AIKOW= 5.40393727459013
AIKOC= 29.8871006420814
AIHalfLife= 6.5218028863892
EAppRate= 0.917400282574818
