ICQueenStrength= 5.63297889218666
RQWkrDrnRatio= 2.71483123116195
ICDroneMiteSurvivorship= 31.5476574935019
ICWorkerMiteSurvivorship= 42.2272887546569
ICForagerLifespan= 6.42078925389796
ImmType= Logarithmic
AIAdultSlope= 5.87447110796347
