ICQueenStrength= 4.78279818338342
RQWkrDrnRatio= 4.49995770119131
ICDroneMiteSurvivorship= 55.4202697472647
ICWorkerMiteSurvivorship= 38.0561295663938
ICForagerLifespan= 10.6413746671751
ImmType= Tangent
AIAdultSlope= 2.68870803819504
AIAdultLD50= 0.0509757187683135
AIAdultSlopeContact= 2.94811210925225
AIAdultLD50Contact= 0.0174607938854024
AILarvaSlope= 3.1372508155182
AILarvaLD50= 0.428307961276732
AIKOW= 3.34997219778597
AIKOC= 14.3552288715728
AIHalfLife= 1.53365570819005
EAppRate= 0
