ICQueenStrength= 2.17058525676839
RQWkrDrnRatio= 1.5824453337118
ICDroneMiteSurvivorship= 85.5604207143188
ICWorkerMiteSurvivorship= 50.8422413608059
ICForagerLifespan= 6.10435589682311
ImmType= Tangent
AIAdultSlope= 2.47920062839985
AIAdultLD50= 0.999551371671259
AIAdultSlopeContact= 0.606829378288239
AIAdultLD50Contact= 0.0271490250364877
AILarvaSlope= 2.02462262050249
AILarvaLD50= 0.412724170158617
AIKOW= 6.48248734185472
AIKOC= 14.6491084026638
AIHalfLife= 0.0871474561281502
EAppRate= 0.204727172385901
