ICQueenStrength= 5.35594208654948
RQWkrDrnRatio= 2.45190875325352
ICDroneMiteSurvivorship= 13.4189996635541
ICWorkerMiteSurvivorship= 39.5783943822607
ICForagerLifespan= 6.14317889418453
ImmType= Exponential
AIAdultSlope= 3.4193130437471
AIAdultLD50= 0.190091182012111
AIAdultSlopeContact= 2.24485433908878
AIAdultLD50Contact= 0.0105899549205787
AILarvaSlope= 2.43937325156294
AILarvaLD50= 0.804500085068867
AIKOW= 6.91284112865105
AIKOC= 7.20735987531953
AIHalfLife= 2.76088248006999
EAppRate= 0
