ICQueenStrength= 1.8505190780852
RQWkrDrnRatio= 3.04912844486535
ICDroneMiteSurvivorship= 89.7798198042437
ICWorkerMiteSurvivorship= 63.7182781239972
ICForagerLifespan= 5.13138431403786
ImmType= Logarithmic
AIAdultSlope= 1.04230677540181
AIAdultLD50= 0.330159966135398
AIAdultSlopeContact= 0.480440857589711
AIAdultLD50Contact= 0.00055415042443201
AILarvaSlope= 2.02820723573677
AILarvaLD50= 0.701860030414537
AIKOW= 5.22353607183322
AIKOC= 20.6351245590486
AIHalfLife= 1.09566964325495
EAppRate= 0.160911792307161
