ICQueenStrength= 5.57124497042969
RQWkrDrnRatio= 4.40091971680522
ICDroneMiteSurvivorship= 36.5631574764848
ICWorkerMiteSurvivorship= 68.4160804376006
ICForagerLifespan= 6.02058724872768
ImmType= Exponential
AIAdultSlope= 2.63475707159378
AIAdultLD50= 1.82329792273231
AIAdultSlopeContact= 3.62666176023195
AIAdultLD50Contact= 0.0319333039107733
AILarvaSlope= 2.47372534861788
AILarvaLD50= 0.791445174068213
AIKOW= 2.09204860916361
AIKOC= 8.23576586088166
AIHalfLife= 10.6275947061367
EAppRate= 0.748740346869454
