ICQueenStrength= 2.64934348315001
RQWkrDrnRatio= 2.16503534279764
ICDroneMiteSurvivorship= 43.5444833477959
ICWorkerMiteSurvivorship= 78.2812069635838
ICForagerLifespan= 13.3195828571916
ImmType= Logarithmic
AIAdultLD50= 0.154012839635834
AIAdultSlopeContact= 1.34782363160513
AIAdultLD50Contact= 0.0182381644262932
AILarvaSlope= 0.0905019738245755
AILarvaLD50= 0.514754833839834
AIKOW= 7.76127223297954
AIKOC= 20.1243753440212
AIHalfLife= 0.114352847915143
EAppRate= 0.567131243180484
