ICQueenStrength= 1.72451579151675
RQWkrDrnRatio= 2.07896789163351
ICDroneMiteSurvivorship= 97.2722601611167
ICWorkerMiteSurvivorship= 0.058158696629107
ICForagerLifespan= 11.594980943948
ImmType= Cosine
AIAdultSlope= 0.720312661619391
AIAdultLD50= 0.120128036127426
AIAdultSlopeContact= 3.56527645239606
AIAdultLD50Contact= 0.0465522755985148
AILarvaSlope= 0.105798887414858
AILarvaLD50= 0.870346557232551
AIKOW= 6.124519134406
AIKOC= 18.4253482276108
AIHalfLife= 4.49683816172183
EAppRate= 0.316666509583592
