ICQueenStrength= 4.99115852545947
RQWkrDrnRatio= 2.55663826968521
ICDroneMiteSurvivorship= 91.8086259625852
ICWorkerMiteSurvivorship= 15.9819833701476
ICForagerLifespan= 15.8070398773998
ImmType= Cosine
AIAdultSlope= 3.28418788593262
AIAdultLD50= 1.65101032960229
AIAdultSlopeContact= 3.72651293915464
AIAdultLD50Contact= 0.0121878786245361
AILarvaSlope= 0.842510437220335
AILarvaLD50= 0.074400765937753
AIKOW= 4.71681905677542
AIKOC= 7.81640307512134
AIHalfLife= 9.26688117813319
EAppRate= 0.898723202990368
