ICQueenStrength= 5.44481414044276
RQWkrDrnRatio= 4.68979634530842
ICDroneMiteSurvivorship= 77.7321416186169
ICWorkerMiteSurvivorship= 84.8520210711285
ICForagerLifespan= 7.09777975920588
ImmType= Sine
AIAdultSlopeContact= 1.12973704235628
AIAdultLD50Contact= 0.0708557233214378
AILarvaSlope= 2.40752064157277
AILarvaLD50= 0.316394046880305
AIKOW= 16.9521967414767
AIKOC= 20.8917476702482
AIHalfLife= 6.24711488187313
