ICQueenStrength= 3.29149330314249
RQWkrDrnRatio= 3.83312215283513
