ICQueenStrength= 3.04332596855238
RQWkrDrnRatio= 4.05339493975043
ICDroneMiteSurvivorship= 44.0291575156152
ICWorkerMiteSurvivorship= 69.7714252630249
ICForagerLifespan= 7.28893704060465
ImmType= Polynomial
AIAdultSlope= 1.70317764198873
AIAdultLD50= 0.370760598802008
AIAdultSlopeContact= 3.42014730537543
AIAdultLD50Contact= 0.00483159928116947
AILarvaSlope= 2.3509528234601
AILarvaLD50= 0.560077887726948
AIKOW= 2.23665331024677
AIKOC= 24.1226329014171
AIHalfLife= 0.816491775913164
EAppRate= 0
