ICQueenStrength= 4.42375515610911
RQWkrDrnRatio= 3.49306940194219
ICDroneMiteSurvivorship= 69.0744421444833
ICWorkerMiteSurvivorship= 64.2256106017157
ICForagerLifespan= 6.86434310209006
ImmType= Logarithmic
AIAdultSlope= 1.085726803781
AIAdultLD50= 0.382334728143178
AIAdultSlopeContact= 3.47681682801805
AIAdultLD50Contact= 0.0372846298152581
AILarvaSlope= 1.87996704108082
AILarvaLD50= 0.00304466325324029
AIKOW= 2.61502447538078
AIKOC= 24.1831894160714
AIHalfLife= 4.45086013991386
EAppRate= 0.676701245387085
