ICQueenStrength= 2.47292567882687
RQWkrDrnRatio= 3.25952229648829
ICDroneMiteSurvivorship= 85.8821850968525
ICWorkerMiteSurvivorship= 85.5355899548158
ICForagerLifespan= 9.80911860056221
ImmType= Tangent
AIAdultSlope= 2.37347843274474
AIAdultLD50= 0.847422415623441
AIAdultSlopeContact= 0.78262990353629
AIAdultLD50Contact= 0.0030154641950503
AILarvaSlope= 1.46810374446213
AILarvaLD50= 0.0242497775238007
AIKOW= 2.69782385416329
AIKOC= 7.70144866663031
AIHalfLife= 6.7183514717035
EAppRate= 0.477124939206988
