ICQueenStrength= 1.11324035353027
RQWkrDrnRatio= 2.1564278844744
ICDroneMiteSurvivorship= 79.555473732762
ICWorkerMiteSurvivorship= 98.9539038157091
ICForagerLifespan= 6.11087485216558
ImmType= Logarithmic
AIAdultSlope= 0.135720071522519
AIAdultLD50= 0.776391992345452
AIAdultSlopeContact= 0.712243001698516
AIAdultLD50Contact= 0.00137147060595453
AILarvaSlope= 1.22107665017247
AILarvaLD50= 0.754393328167498
AIKOW= 3.42600196739659
AIKOC= 22.9598767601419
AIHalfLife= 2.30874129477888
EAppRate= 0.510887642391026
