ICQueenStrength= 1.69626060896553
RQWkrDrnRatio= 3.23997349757701
ICDroneMiteSurvivorship= 36.3276661140844
ICWorkerMiteSurvivorship= 63.865946768783
ICForagerLifespan= 7.43279334530234
ImmType= Tangent
AIAdultSlope= 3.81615537260659
AIAdultLD50= 0.331688061007299
AIAdultSlopeContact= 3.27088120663539
AIAdultLD50Contact= 0.0281113301054575
AILarvaSlope= 2.40966167212464
AILarvaLD50= 0.599423030298203
AIKOW= 3.90773090021685
AIKOC= 29.2467150441371
AIHalfLife= 1.43116094754077
EAppRate= 0.366875624028034
