ICQueenStrength= 2.31019335938618
RQWkrDrnRatio= 2.81655406393111
ICDroneMiteSurvivorship= 39.4016420235857
ICWorkerMiteSurvivorship= 44.6081176865846
ICForagerLifespan= 15.9026328315958
ImmType= Exponential
AIAdultLD50= 0.154012839635834
AIAdultSlopeContact= 2.68445381694473
AIAdultLD50Contact= 0.046449002949521
AILarvaSlope= 1.38485451033339
AILarvaLD50= 0.65773217305541
AIKOW= 3.87263977201656
AIKOC= 20.067988174269
AIHalfLife= 3.54401060147211
EAppRate= 0.444284772966057
