ICQueenStrength= 3.52970519592054
RQWkrDrnRatio= 3.90516328718513
ICDroneMiteSurvivorship= 49.5264817262068
ICWorkerMiteSurvivorship= 60.4442965472117
ICForagerLifespan= 8.25560706388205
ImmType= Exponential
AIAdultSlopeContact= 3.51151150461053
AIAdultLD50Contact= 0.0209616939071566
AILarvaSlope= 1.56397452382371
AILarvaLD50= 0.502506025973707
AIKOW= 3.10545172123238
AIKOC= 14.901747450931
AIHalfLife= 1.9969298155047
