ICQueenStrength= 3.97048966167495
RQWkrDrnRatio= 1.30434903223068
ICDroneMiteSurvivorship= 50.3300226526335
ICWorkerMiteSurvivorship= 67.9749342612922
ICForagerLifespan= 11.5238763289526
ImmType= Exponential
AIAdultSlope= 1.64355760385748
AIAdultLD50= 0.250952090602368
AIAdultSlopeContact= 1.06394242830109
AIAdultLD50Contact= 0.0264821578399278
AILarvaSlope= 2.3698741693981
AILarvaLD50= 0.642903851671144
AIKOW= 2.24574317969382
AIKOC= 10.4718821949791
AIHalfLife= 1.23494075727649
EAppRate= 0.410993718774989
