ICQueenStrength= 5.57371176104061
RQWkrDrnRatio= 2.93402789067477
ICDroneMiteSurvivorship= 18.0827126838267
ICWorkerMiteSurvivorship= 65.3420855291188
ICForagerLifespan= 6.37632135488093
ImmType= Logarithmic
AIAdultSlope= 1.48185253720731
AIAdultLD50= 2.52136582299136
AIAdultSlopeContact= 3.11832634447608
AIAdultLD50Contact= 0.0440930373850279
AILarvaSlope= 0.996128592547029
AILarvaLD50= 0.528852546215057
AIKOW= 2.52059699827805
AIKOC= 23.2780573901255
AIHalfLife= 6.64690838009119
EAppRate= 0.268681568559259
