ICQueenStrength= 2.21381953242235
RQWkrDrnRatio= 2.81490937341005
ICDroneMiteSurvivorship= 80.9183355187997
ICWorkerMiteSurvivorship= 26.8027742160484
ICForagerLifespan= 10.6220798501745
ImmType= Cosine
AIAdultSlopeContact= 1.79923236350762
AIAdultLD50Contact= 0.0126370674232021
AILarvaSlope= 1.55254490734078
AILarvaLD50= 0.220939655019902
AIKOW= 3.1531055578962
AIKOC= 16.8485358485486
AIHalfLife= 12.2347640832886
