ICQueenStrength= 3.02394129242748
RQWkrDrnRatio= 3.53036422841251
ICDroneMiteSurvivorship= 1.78257548250258
ICWorkerMiteSurvivorship= 80.910374247469
ICForagerLifespan= 12.4926924491301
ImmType= Exponential
AIAdultSlopeContact= 1.42599755421281
AIAdultLD50Contact= 0.0327351243584417
AILarvaSlope= 1.35193727724254
AILarvaLD50= 0.251823062659241
AIKOW= 4.73240314656869
AIKOC= 10.2321210096125
AIHalfLife= 12.3556755003519
