ICQueenStrength= 3.90043117944151
RQWkrDrnRatio= 2.62682174704969
ICDroneMiteSurvivorship= 97.8578592417762
ICWorkerMiteSurvivorship= 82.4442300014198
ICForagerLifespan= 14.4919450301677
ImmType= Polynomial
AIAdultSlope= 3.31646026037633
AIAdultLD50= 0.244230585638434
AIAdultSlopeContact= 1.90173501604004
AIAdultLD50Contact= 0.0162981749977916
AILarvaSlope= 2.37266563894227
AILarvaLD50= 0.417298296256922
AIKOW= 2.3083099978976
AIKOC= 8.74467624933459
AIHalfLife= 11.7540310174227
EAppRate= 0.627696326933801
