ICQueenStrength= 5.44276099326089
RQWkrDrnRatio= 1.6473695943132
ICDroneMiteSurvivorship= 60.2715628221631
ICWorkerMiteSurvivorship= 51.8759472994134
ICForagerLifespan= 9.30145482998341
ImmType= Logarithmic
AIAdultSlope= 0.455637618871406
AIAdultLD50= 0.343636678531766
AIAdultSlopeContact= 2.17057436882285
AIAdultLD50Contact= 0.0240139071131125
AILarvaSlope= 1.7985316388309
AILarvaLD50= 0.899480448360555
AIKOW= 5.19366603530943
AIKOC= 19.8281553993002
AIHalfLife= 1.27432333072647
EAppRate= 0.673804112710059
