ICQueenStrength= 1.23041803622618
RQWkrDrnRatio= 2.25437998957932
ICDroneMiteSurvivorship= 37.2017604066059
ICWorkerMiteSurvivorship= 16.4164914749563
ICForagerLifespan= 9.92564149945974
ImmType= Sine
AIAdultSlope= 0.991196592568886
AIAdultLD50= 0.250888998853043
AIAdultSlopeContact= 3.32197918121237
AIAdultLD50Contact= 0.0484283553436399
AILarvaSlope= 3.27170194750652
AILarvaLD50= 0.463457955233753
AIKOW= 4.12827761098742
AIKOC= 28.8108347461093
AIHalfLife= 2.85984770976938
EAppRate= 0.0225456214044243
