ICQueenStrength= 1.89214408537373
RQWkrDrnRatio= 3.8782870946452
ICDroneMiteSurvivorship= 84.9908573320135
ICWorkerMiteSurvivorship= 7.47856558300555
ICForagerLifespan= 12.2476765140891
ImmType= Cosine
AIAdultSlope= 0.222484284872189
AIAdultLD50= 2.16095557319932
AIAdultSlopeContact= 3.32305094017647
AIAdultLD50Contact= 0.0294375374214724
AILarvaSlope= 2.30794336120598
AILarvaLD50= 0.274126215255819
AIKOW= 2.51758283097297
AIKOC= 22.6289337861817
AIHalfLife= 3.58084298158064
EAppRate= 0.381279248045757
