ICQueenStrength= 3.29573801392689
RQWkrDrnRatio= 2.86585867032409
ICDroneMiteSurvivorship= 74.8356997966766
ICWorkerMiteSurvivorship= 56.209755060263
ICForagerLifespan= 8.21860196162015
ImmType= Tangent
AIAdultSlopeContact= 0.769635392725468
AIAdultLD50Contact= 0.044390932249371
AILarvaSlope= 2.10611430881545
AILarvaLD50= 0.206561038456857
AIKOW= 4.88763969950378
AIKOC= 27.5981188297737
AIHalfLife= 13.4728829739615
