ICQueenStrength= 2.28449614276178
RQWkrDrnRatio= 2.41854280047119
ICDroneMiteSurvivorship= 58.3879206795245
ICWorkerMiteSurvivorship= 67.9068859200925
ICForagerLifespan= 8.84616552945226
ImmType= Sine
AIAdultSlope= 1.03690556138754
AIAdultLD50= 1.0575202954933
AIAdultSlopeContact= 2.36043030250585
AIAdultLD50Contact= 0.0364912973018363
AILarvaSlope= 2.21475683222525
AILarvaLD50= 0.314330476289615
AIKOW= 3.03826036956161
AIKOC= 9.55488249426708
AIHalfLife= 0.583980100229383
EAppRate= 0.839546313975006
