ICQueenStrength= 5.62074942304753
RQWkrDrnRatio= 2.14597901329398
ICDroneMiteSurvivorship= 43.0028596427292
ICWorkerMiteSurvivorship= 0.553833972662687
ICForagerLifespan= 6.15461985953152
ImmType= Cosine
AIAdultSlope= 1.74675166215748
AIAdultLD50= 2.37283264752477
AIAdultSlopeContact= 1.31888292234857
AIAdultLD50Contact= 0.0352622367208824
AILarvaSlope= 0.431045318068936
AILarvaLD50= 0.844017235189676
AIKOW= 5.30735353194177
AIKOC= 14.5986538915895
AIHalfLife= 9.21406815713271
EAppRate= 0.929500574944541
