ICQueenStrength= 4.69136066548526
RQWkrDrnRatio= 1.07248985301703
