ICQueenStrength= 3.53031445085071
RQWkrDrnRatio= 3.87726952973753
ICDroneMiteSurvivorship= 7.12296648416668
ICWorkerMiteSurvivorship= 41.8658592738211
ICForagerLifespan= 10.3950055241585
ImmType= Logarithmic
AIAdultSlopeContact= 1.42620613565668
AIAdultLD50Contact= 0.00808908618055284
AILarvaSlope= 3.60777754336596
AILarvaLD50= 1.1067804004997
AIKOW= 73.5577055020258
AIKOC= 95.8502839086577
AIHalfLife= 3.14949550200254
