ICQueenStrength= 3.6529833720997
RQWkrDrnRatio= 4.04589245002717
ICDroneMiteSurvivorship= 43.6842972645536
ICWorkerMiteSurvivorship= 5.15201503876597
ICForagerLifespan= 9.00708762928843
ImmType= Polynomial
AIAdultSlope= 1.75971280244412
AIAdultLD50= 0.272665613447316
AIAdultSlopeContact= 2.51396707738051
AIAdultLD50Contact= 0.025206695694942
AILarvaSlope= 1.75953914844431
AILarvaLD50= 0.422087972215377
AIKOW= 6.2655960181728
AIKOC= 28.0917948356364
AIHalfLife= 1.32996935397387
EAppRate= 0.529890875308774
