ICQueenStrength= 1.90555154834874
RQWkrDrnRatio= 2.05744619760662
ICDroneMiteSurvivorship= 36.7875532247126
ICWorkerMiteSurvivorship= 69.9381771497428
ICForagerLifespan= 12.2303379271179
ImmType= Logarithmic
AIAdultSlope= 9.86292368732393
