ICQueenStrength= 4.99861702579074
RQWkrDrnRatio= 2.21452973689884
ICDroneMiteSurvivorship= 22.1546366112307
ICWorkerMiteSurvivorship= 39.4048682879657
ICForagerLifespan= 8.04947580583394
ImmType= Tangent
AIAdultSlope= 0.362798457918689
AIAdultLD50= 2.29061848204583
AIAdultSlopeContact= 0.00685194357996806
AIAdultLD50Contact= 0.0131730858120136
AILarvaSlope= 0.85247662239708
AILarvaLD50= 0.661154463258572
AIKOW= 4.44998938078061
AIKOC= 18.245649356395
AIHalfLife= 4.00455228006467
EAppRate= 0.496750208316371
