ICQueenStrength= 3.60521725402214
RQWkrDrnRatio= 3.99694854486734
ICDroneMiteSurvivorship= 97.6294745923951
ICWorkerMiteSurvivorship= 48.0062291957438
ICForagerLifespan= 7.48477502819151
ImmType= Polynomial
AIAdultSlope= 3.52486753516831
AIAdultLD50= 0.00104574661236256
AIAdultSlopeContact= 1.44916942607146
AIAdultLD50Contact= 0.0284241508925334
AILarvaSlope= 1.65306756333448
AILarvaLD50= 0.76551645565778
AIKOW= 3.93534511933103
AIKOC= 21.0700931737665
AIHalfLife= 2.78833397082053
EAppRate= 0.429162881104276
