ICQueenStrength= 1.74645759537816
RQWkrDrnRatio= 4.62283965945244
ICDroneMiteSurvivorship= 84.1936901211739
ICWorkerMiteSurvivorship= 78.3808019477874
ICForagerLifespan= 15.3632099656388
ImmType= Sine
AIAdultSlope= 3.29173413665732
AIAdultLD50= 0.376392690115608
AIAdultSlopeContact= 2.72477008977905
AIAdultLD50Contact= 0.0435940705821849
AILarvaSlope= 3.17375254351646
AILarvaLD50= 0.712292305310257
AIKOW= 7.5635455804877
AIKOC= 22.5302084360737
AIHalfLife= 0.282286542933434
EAppRate= 0.190849988604896
