ICQueenStrength= 5.67384081799537
RQWkrDrnRatio= 1.00196230225265
ICDroneMiteSurvivorship= 55.0019939662889
ICWorkerMiteSurvivorship= 98.1629968155175
ICForagerLifespan= 14.4311008034274
ImmType= Polynomial
AIAdultSlope= 3.8704574781633
AIAdultLD50= 0.218679822282866
AIAdultSlopeContact= 2.22868627009448
AIAdultLD50Contact= 0.0482540993252769
AILarvaSlope= 1.25822768178768
AILarvaLD50= 0.862864687317051
AIKOW= 5.53981850156561
AIKOC= 10.3649351058993
AIHalfLife= 4.67616829439066
EAppRate= 0.314837172697298
