ICQueenStrength= 3.43126737768762
RQWkrDrnRatio= 3.28611340094358
ICDroneMiteSurvivorship= 18.4660156955943
ICWorkerMiteSurvivorship= 4.34251362457871
ICForagerLifespan= 12.090315496549
ImmType= Cosine
AIAdultSlope= 1.74108954173047
AIAdultLD50= 0.265445434954017
AIAdultSlopeContact= 1.93073509757174
AIAdultLD50Contact= 0.000677304051350802
AILarvaSlope= 1.37008566469885
AILarvaLD50= 0.838905787398107
AIKOW= 7.96601137286052
AIKOC= 20.1330950611737
AIHalfLife= 4.45392922032624
EAppRate= 0.137699422915466
