ICQueenStrength= 5.93432382820174
RQWkrDrnRatio= 3.91518192086369
ICDroneMiteSurvivorship= 55.8167162584141
ICWorkerMiteSurvivorship= 29.1931234765798
ICForagerLifespan= 7.58800066635013
ImmType= Tangent
AIAdultLD50= 0.154012839635834
AIAdultSlopeContact= 3.7320221209852
AIAdultLD50Contact= 0.0178751806612127
AILarvaSlope= 0.336687082378194
AILarvaLD50= 0.306829805974849
AIKOW= 4.1352093317546
AIKOC= 14.2780785402283
AIHalfLife= 4.58289707824588
EAppRate= 1.24072456359863
