ICQueenStrength= 4.73476895620115
RQWkrDrnRatio= 1.66431875806302
ICDroneMiteSurvivorship= 20.0445005437359
ICWorkerMiteSurvivorship= 36.7872342932969
ICForagerLifespan= 6.34698690660298
ImmType= Exponential
AIAdultLD50= 0.154012839635834
AIAdultSlopeContact= 1.00574292899575
AIAdultLD50Contact= 0.0216967960819602
AILarvaSlope= 2.16369433384389
AILarvaLD50= 0.168649177439511
AIKOW= 6.14443038869649
AIKOC= 7.33709384920076
AIHalfLife= 7.86472278414294
EAppRate= 1.65650515817106
