ICQueenStrength= 3.58264306816272
RQWkrDrnRatio= 3.32517696265131
ICDroneMiteSurvivorship= 64.8474598070607
ICWorkerMiteSurvivorship= 11.9786035036668
ICForagerLifespan= 4.43759755045176
ImmType= Exponential
AIAdultSlope= 2.6959976580902
AIAdultLD50= 0.317976660095155
AIAdultSlopeContact= 0.00706260416423902
AIAdultLD50Contact= 0.0490302355727181
AILarvaSlope= 0.0579794413875788
AILarvaLD50= 0.149902623519301
AIKOW= 3.93378305248916
AIKOC= 22.6148165133782
AIHalfLife= 2.18228971934877
EAppRate= 0.601716073020361
