ICQueenStrength= 4.79049254581332
RQWkrDrnRatio= 3.7407409036532
ICDroneMiteSurvivorship= 95.2801676467061
ICWorkerMiteSurvivorship= 76.7219711793587
ICForagerLifespan= 5.36171830352396
ImmType= Exponential
AIAdultSlope= 8.16969453822821
