ICQueenStrength= 3.57962977630086
RQWkrDrnRatio= 1.68233611248434
ICDroneMiteSurvivorship= 43.5170793440193
ICWorkerMiteSurvivorship= 5.8391678147018
ICForagerLifespan= 9.16462856158614
ImmType= Tangent
AIAdultSlope= 1.50591710918583
AIAdultLD50= 0.0359237540978938
AIAdultSlopeContact= 0.235173326523509
AIAdultLD50Contact= 0.00579952851403505
AILarvaSlope= 1.87688649492338
AILarvaLD50= 0.0904310159850866
AIKOW= 6.7755905627273
AIKOC= 17.5794963969383
AIHalfLife= 3.32233041874133
EAppRate= 0.0857481692684814
