ICQueenStrength= 4.21565582184121
RQWkrDrnRatio= 4.29282975848764
ICDroneMiteSurvivorship= 40.3980559436604
ICWorkerMiteSurvivorship= 47.2909688716754
ICForagerLifespan= 9.54430427774787
ImmType= Sine
AIAdultSlope= 3.95261026453227
