ICQueenStrength= 4.32411485607736
RQWkrDrnRatio= 1.73268193472177
ICDroneMiteSurvivorship= 2.96941346023232
ICWorkerMiteSurvivorship= 89.5726919407025
ICForagerLifespan= 14.3345045745373
ImmType= Tangent
AIAdultSlopeContact= 0.319172054913361
AIAdultLD50Contact= 0.0154836159315892
AILarvaSlope= 1.65580176678486
AILarvaLD50= 0.635466889897361
AIKOW= 4.37078779563308
AIKOC= 29.5822013064753
AIHalfLife= 3.02842951007187
