ICQueenStrength= 1.63056320301257
RQWkrDrnRatio= 1.9258534796536
ICDroneMiteSurvivorship= 35.6399687705562
ICWorkerMiteSurvivorship= 45.5615769606084
ICForagerLifespan= 4.33755264058709
ImmType= Tangent
AIAdultSlope= 0.434584140200168
AIAdultLD50= 0.212332383380271
AIAdultSlopeContact= 3.04926358547062
AIAdultLD50Contact= 0.0222194766043685
AILarvaSlope= 1.80095976474695
AILarvaLD50= 0.224862635275349
AIKOW= 2.81230824487284
AIKOC= 25.986012252979
AIHalfLife= 1.65269699529745
EAppRate= 0.195407906989567
