ICQueenStrength= 3.14254808146507
RQWkrDrnRatio= 1.60780510213226
ICDroneMiteSurvivorship= 17.7232494810596
ICWorkerMiteSurvivorship= 90.4597910121083
ICForagerLifespan= 10.274999612011
ImmType= Cosine
AIAdultSlope= 0.609593608696014
AIAdultLD50= 2.18256391771138
AIAdultSlopeContact= 1.80111104134005
AIAdultLD50Contact= 0.00618751519359648
AILarvaSlope= 2.851690476574
AILarvaLD50= 0.647485180338845
AIKOW= 6.64099303400144
AIKOC= 18.5240321862511
AIHalfLife= 6.27797179156914
EAppRate= 0.0260242721997201
