ICQueenStrength= 2.24574965098873
RQWkrDrnRatio= 1.39405113179237
ICDroneMiteSurvivorship= 0.504124630242586
ICWorkerMiteSurvivorship= 56.4872657647356
ICForagerLifespan= 6.20125284045935
ImmType= Logarithmic
AIAdultSlope= 3.01838762112893
AIAdultLD50= 2.00852654082701
AIAdultSlopeContact= 1.20675867996644
AIAdultLD50Contact= 0.0116995777236298
AILarvaSlope= 2.8865099160932
AILarvaLD50= 0.872463035979308
AIKOW= 2.99141209945083
AIKOC= 22.8114296169952
AIHalfLife= 1.98969299905002
EAppRate= 0.666250201640651
