ICQueenStrength= 3.18951227026992
RQWkrDrnRatio= 3.12434279732406
ICDroneMiteSurvivorship= 7.13084489107132
ICWorkerMiteSurvivorship= 49.0714115090668
ICForagerLifespan= 8.61585238017142
ImmType= Cosine
AIAdultSlope= 1.01204012345988
AIAdultLD50= 0.38725720718503
AIAdultSlopeContact= 2.94228636648506
AIAdultLD50Contact= 0.0393483135267161
AILarvaSlope= 2.36527440459467
AILarvaLD50= 0.585922245425172
AIKOW= 5.24651748733595
AIKOC= 29.6385024220217
AIHalfLife= 0.558797265402973
EAppRate= 0
