ICQueenStrength= 4.47946194349788
RQWkrDrnRatio= 1.64960163086653
ICDroneMiteSurvivorship= 4.95502999983728
ICWorkerMiteSurvivorship= 4.54946348909289
ICForagerLifespan= 11.4134206008166
ImmType= Polynomial
AIAdultSlope= 2.03559982692823
AIAdultLD50= 1.102722723037
AIAdultSlopeContact= 3.38430594395846
AIAdultLD50Contact= 0.0343987359898165
AILarvaSlope= 1.27904819827527
AILarvaLD50= 0.727839971682988
AIKOW= 2.06428561965004
AIKOC= 22.0146181422751
AIHalfLife= 2.8240208835341
EAppRate= 0.598229002673179
