ICQueenStrength= 3.89097628323361
RQWkrDrnRatio= 1.03676240053028
ICDroneMiteSurvivorship= 31.5057729138061
ICWorkerMiteSurvivorship= 70.5561144510284
ICForagerLifespan= 9.22238244209439
ImmType= Sine
AIAdultSlopeContact= 9.78195936186239
AIAdultLD50Contact= 0.0831760953180492
AILarvaSlope= 8.87884551659226
AILarvaLD50= 1.05055366363376
AIKOW= 31.1998776858672
AIKOC= 51.6685188980773
AIHalfLife= 3.25850857887417
