ICQueenStrength= 5.02908627176657
RQWkrDrnRatio= 4.305643633008
ICDroneMiteSurvivorship= 89.1370743978769
ICWorkerMiteSurvivorship= 41.8648535618559
ICForagerLifespan= 4.74905522819608
ImmType= Polynomial
AIAdultSlope= 3.29764564279467
AIAdultLD50= 1.53146670386195
AIAdultSlopeContact= 3.20557924836176
AIAdultLD50Contact= 0.031492130109109
AILarvaSlope= 0.491318145394325
AILarvaLD50= 0.855143422074616
AIKOW= 7.59408853156492
AIKOC= 19.4031367904972
AIHalfLife= 10.2745504518971
EAppRate= 0.813066204544157
