ICQueenStrength= 1.78611404052936
RQWkrDrnRatio= 1.69521479867399
ICDroneMiteSurvivorship= 49.0944448392838
ICWorkerMiteSurvivorship= 50.8673428092152
ICForagerLifespan= 14.7288475008681
ImmType= Tangent
AIAdultSlope= 0.21296349304961
AIAdultLD50= 0.031582948169671
AIAdultSlopeContact= 0.331707075226586
AIAdultLD50Contact= 0.0102948510553688
AILarvaSlope= 0.0710561048239469
AILarvaLD50= 0.86465080990456
AIKOW= 6.40919244056568
AIKOC= 7.8895866824314
AIHalfLife= 1.36862116283737
EAppRate= 0
