ICQueenStrength= 3.73878460167907
RQWkrDrnRatio= 3.67587307374924
ICDroneMiteSurvivorship= 92.397577338852
ICWorkerMiteSurvivorship= 12.6369038363919
ICForagerLifespan= 7.69371953513473
ImmType= Logarithmic
AIAdultSlope= 1.38092165961862
AIAdultSlopeContact= 3.1810134090716
AIAdultLD50Contact= 0.0452110241167247
AILarvaSlope= 1.40771347810514
AILarvaLD50= 0.105496212886646
AIKOW= 3.4000999503769
AIKOC= 11.2280887912493
AIHalfLife= 13.448815447744
