ICQueenStrength= 4.64840977010317
RQWkrDrnRatio= 3.61243047844619
ICDroneMiteSurvivorship= 88.7009388534352
ICWorkerMiteSurvivorship= 2.35402153339237
ICForagerLifespan= 14.285424801521
ImmType= Polynomial
AIAdultSlope= 0.119065173342824
AIAdultLD50= 0.316634664544836
AIAdultSlopeContact= 1.94453837834531
AIAdultLD50Contact= 0.0488061354495585
AILarvaSlope= 1.52911878041923
AILarvaLD50= 0.489984874147922
AIKOW= 7.67978535685688
AIKOC= 8.20079464581795
AIHalfLife= 7.42822800483555
EAppRate= 0.889410891802981
