ICQueenStrength= 5.00059008272365
RQWkrDrnRatio= 4.43266802281141
ICDroneMiteSurvivorship= 65.3091512154788
ICWorkerMiteSurvivorship= 71.2116186507046
ICForagerLifespan= 11.6389692360535
ImmType= Sine
AIAdultSlope= 7.3189980420284
