ICQueenStrength= 5.07283677952364
RQWkrDrnRatio= 1.62115444336087
ICDroneMiteSurvivorship= 96.6867725830525
ICWorkerMiteSurvivorship= 97.1112830098718
ICForagerLifespan= 12.7774362973869
ImmType= Exponential
AIAdultSlope= 0.753713555401191
AIAdultLD50= 0.85997675685212
AIAdultSlopeContact= 1.06909219219582
AIAdultLD50Contact= 0.0353651179699227
AILarvaSlope= 0.45718872747384
AILarvaLD50= 0.33559165019542
AIKOW= 2.72869943687692
AIKOC= 29.3742988328449
AIHalfLife= 7.56378063885495
EAppRate= 0.427777606993914
