ICQueenStrength= 4.03147604805417
RQWkrDrnRatio= 3.68161081243306
ICDroneMiteSurvivorship= 9.40168465021998
ICWorkerMiteSurvivorship= 92.1306601958349
ICForagerLifespan= 9.9373590759933
ImmType= Tangent
AIAdultSlope= 1.18648873222992
AIAdultLD50= 0.706103949341923
AIAdultSlopeContact= 3.38500010436634
AIAdultLD50Contact= 0.000588999292813242
AILarvaSlope= 2.71070616198704
AILarvaLD50= 0.350644952547736
AIKOW= 3.52538216440007
AIKOC= 21.7754474910907
AIHalfLife= 12.3565160282888
EAppRate= 0.722364178858697
