ICQueenStrength= 5.87995615578257
RQWkrDrnRatio= 2.57798429206014
ICDroneMiteSurvivorship= 19.4717905949801
ICWorkerMiteSurvivorship= 30.1744817756116
ICForagerLifespan= 10.817778759636
ImmType= Tangent
AIAdultSlopeContact= 1.58750291449483
AIAdultLD50Contact= 0.0362014830112457
AILarvaSlope= 0.463146252045408
AILarvaLD50= 0.71998876912985
AIKOW= 2.07542502647266
AIKOC= 12.5249326182529
AIHalfLife= 8.89624790055677
