ICQueenStrength= 1.11667499900796
RQWkrDrnRatio= 1.62718142103404
ICDroneMiteSurvivorship= 78.5165509674698
ICWorkerMiteSurvivorship= 42.0928356936201
ICForagerLifespan= 6.24494223948568
ImmType= Tangent
AIAdultSlopeContact= 9.81040187878534
AIAdultLD50Contact= 0.00841814489103854
AILarvaSlope= 6.89744505565614
AILarvaLD50= 0.120599844492972
AIKOW= 3.95095504354686
AIKOC= 75.4116408294067
AIHalfLife= 6.28904899209738
