ICQueenStrength= 3.26515711867251
RQWkrDrnRatio= 4.47798186726868
ICDroneMiteSurvivorship= 27.8869413072243
ICWorkerMiteSurvivorship= 89.0398987103254
ICForagerLifespan= 9.19351596385241
ImmType= Exponential
AIAdultSlope= 1.28953736508265
