ICQueenStrength= 1.15874817967415
RQWkrDrnRatio= 3.81023001577705
ICDroneMiteSurvivorship= 23.4932031016797
ICWorkerMiteSurvivorship= 53.4603703767061
ICForagerLifespan= 14.1630950793624
ImmType= Tangent
AIAdultSlope= 2.20129578973632
AIAdultLD50= 0.395637389970943
AIAdultSlopeContact= 0.608578721992671
AIAdultLD50Contact= 0.039623564411886
AILarvaSlope= 2.5030868829228
AILarvaLD50= 0.0998582204338163
AIKOW= 2.58870004955679
AIKOC= 12.0316705445293
AIHalfLife= 3.37330114096403
EAppRate= 0.258608186803758
