ICQueenStrength= 3.72594319656491
RQWkrDrnRatio= 4.0142775978893
ICDroneMiteSurvivorship= 43.4157413896173
ICWorkerMiteSurvivorship= 89.307748596184
ICForagerLifespan= 10.9451530715451
ImmType= Polynomial
AIAdultSlope= 3.1690109339077
AIAdultLD50= 2.06086277053691
AIAdultSlopeContact= 0.137460945833009
AIAdultLD50Contact= 0.00530479676090181
AILarvaSlope= 3.10386207997799
AILarvaLD50= 0.344502638163976
AIKOW= 4.73367148637772
AIKOC= 8.02081943373196
AIHalfLife= 7.27468495024368
EAppRate= 0.0913126673549414
