ICQueenStrength= 5.18472411460243
RQWkrDrnRatio= 2.82783024106175
ICDroneMiteSurvivorship= 71.0108837578446
ICWorkerMiteSurvivorship= 67.2957228962332
ICForagerLifespan= 9.55717695318162
ImmType= Logarithmic
AIAdultSlope= 2.50572617617436
AIAdultLD50= 2.36518437042832
AIAdultSlopeContact= 3.83977994731162
AIAdultLD50Contact= 0.0343895480036736
AILarvaSlope= 0.827794958930463
AILarvaLD50= 0.731915555591695
AIKOW= 5.3884541769512
AIKOC= 26.5187397028785
AIHalfLife= 0.152648172341287
EAppRate= 0.66522568766959
