ICQueenStrength= 4.34033424383961
RQWkrDrnRatio= 1.28035801835358
ICDroneMiteSurvivorship= 19.2239032126963
ICWorkerMiteSurvivorship= 42.8914385614917
ICForagerLifespan= 11.9488931680098
ImmType= Cosine
AIAdultSlope= 3.41758326509502
AIAdultLD50= 0.4652150234906
AIAdultSlopeContact= 0.348120099005755
AIAdultLD50Contact= 0.00404439277481288
AILarvaSlope= 1.48553474624641
AILarvaLD50= 0.0891473786439747
AIKOW= 2.22341736452654
AIKOC= 29.69404557487
AIHalfLife= 3.15319986781105
EAppRate= 0.147851495421492
