ICQueenStrength= 1.51371689070947
RQWkrDrnRatio= 4.99416307266802
ICDroneMiteSurvivorship= 23.7677932716906
ICWorkerMiteSurvivorship= 2.1566994022578
ICForagerLifespan= 12.8502455987036
ImmType= Tangent
AIAdultSlope= 1.21279138021404
AIAdultLD50= 0.0191351609537378
AIAdultSlopeContact= 0.266925249779597
AIAdultLD50Contact= 0.0184423287049867
AILarvaSlope= 1.36386473192833
AILarvaLD50= 0.405611715232953
AIKOW= 3.52389459870756
AIKOC= 6.68879960547201
AIHalfLife= 0.317251642700285
EAppRate= 0.268298064125702
