ICQueenStrength= 1.74654892319813
RQWkrDrnRatio= 4.48839187808335
ICDroneMiteSurvivorship= 31.9044174160808
ICWorkerMiteSurvivorship= 55.7549616787583
ICForagerLifespan= 12.5101619949564
ImmType= Cosine
AIAdultSlopeContact= 4.77778352564201
AIAdultLD50Contact= 0.0118109039030969
AILarvaSlope= 7.81303072115406
AILarvaLD50= 1.25735358381644
AIKOW= 41.2787162931636
AIKOC= 38.6397025315091
AIHalfLife= 5.45941491797566
