ICQueenStrength= 4.33255457575433
RQWkrDrnRatio= 2.43086163513362
ICDroneMiteSurvivorship= 56.9891962921247
ICWorkerMiteSurvivorship= 36.5534269716591
ICForagerLifespan= 13.7022911431268
ImmType= Polynomial
AIAdultLD50= 0.154012839635834
AIAdultSlopeContact= 1.97666803283617
AIAdultLD50Contact= 0.0440148719819263
AILarvaSlope= 3.05543549144641
AILarvaLD50= 0.192928363708779
AIKOW= 4.26407650951296
AIKOC= 12.388388493564
AIHalfLife= 10.4131393781863
EAppRate= 0.22127369325608
