ICQueenStrength= 1.46868819836527
RQWkrDrnRatio= 4.66314181964844
