ICQueenStrength= 3.95867627835833
RQWkrDrnRatio= 2.17604944109917
ICDroneMiteSurvivorship= 71.587223210372
ICWorkerMiteSurvivorship= 3.29271678347141
ICForagerLifespan= 9.24153939355165
ImmType= Logarithmic
AIAdultSlope= 2.78880180381937
AIAdultLD50= 0.401132741593756
AIAdultSlopeContact= 0.495356632384937
AIAdultLD50Contact= 0.0407813459285535
AILarvaSlope= 2.87147500952706
AILarvaLD50= 0.645501835970208
AIKOW= 3.98646519426256
AIKOC= 29.5605091156904
AIHalfLife= 1.8783886381425
EAppRate= 0.479369458579458
