ICQueenStrength= 1.37904745084234
RQWkrDrnRatio= 3.69742349814624
ICDroneMiteSurvivorship= 60.3261738782749
ICWorkerMiteSurvivorship= 46.1504890583456
ICForagerLifespan= 9.14272588305175
ImmType= Exponential
AIAdultSlope= 1.53640906447545
AIAdultSlopeContact= 0.887393327057362
AIAdultLD50Contact= 0.0469108439399861
AILarvaSlope= 2.19624528479762
AILarvaLD50= 0.0469118365086615
AIKOW= 5.19375743716955
AIKOC= 21.6344570112415
AIHalfLife= 12.7824655687436
