ICQueenStrength= 1.1835416641552
RQWkrDrnRatio= 4.19482708256692
ICDroneMiteSurvivorship= 27.527443994768
ICWorkerMiteSurvivorship= 16.0091191064566
ICForagerLifespan= 14.6219948930666
ImmType= Polynomial
AIAdultSlope= 3.34032143243356
AIAdultLD50= 0.166095647029579
AIAdultSlopeContact= 1.66045439281734
AIAdultLD50Contact= 0.0141405060188845
AILarvaSlope= 3.14593618679792
AILarvaLD50= 0.315135782095604
AIKOW= 2.75022650137544
AIKOC= 8.91425209818408
AIHalfLife= 1.05088520096615
EAppRate= 0
