ICQueenStrength= 1.38557510939427
RQWkrDrnRatio= 1.46825910266489
ICDroneMiteSurvivorship= 35.2190090809017
ICWorkerMiteSurvivorship= 25.7177987601608
ICForagerLifespan= 14.3368587046862
ImmType= Sine
AIAdultSlope= 0.325899790553376
AIAdultLD50= 1.50033156084828
AIAdultSlopeContact= 0.0302281037927605
AIAdultLD50Contact= 0.00652808374725282
AILarvaSlope= 0.907705629663542
AILarvaLD50= 0.478186027170159
AIKOW= 4.84645262127742
AIKOC= 29.5440808008425
AIHalfLife= 8.35829265043139
EAppRate= 0.985111723886803
