ICQueenStrength= 4.07263771421276
RQWkrDrnRatio= 4.46986061427742
ICDroneMiteSurvivorship= 54.1945177596062
ICWorkerMiteSurvivorship= 87.2783361934125
ICForagerLifespan= 15.3523139720783
ImmType= Tangent
AIAdultSlope= 1.44666614979506
AIAdultLD50= 0.40672927396372
AIAdultSlopeContact= 2.37338374244515
AIAdultLD50Contact= 0.0246016534627415
AILarvaSlope= 1.18578398246318
AILarvaLD50= 0.264923903136514
AIKOW= 2.40142525313422
AIKOC= 27.0932767319027
AIHalfLife= 1.83443723106757
EAppRate= 0.383418540703133
