ICQueenStrength= 3.61990603641607
RQWkrDrnRatio= 1.67143008671701
ICDroneMiteSurvivorship= 4.27930497098714
ICWorkerMiteSurvivorship= 14.2957503674552
ICForagerLifespan= 9.14557245001197
ImmType= Sine
AIAdultSlope= 2.01820623752894
AIAdultLD50= 0.096607634681277
AIAdultSlopeContact= 0.442947538518347
AIAdultLD50Contact= 0.0271118959994055
AILarvaSlope= 1.03517580316402
AILarvaLD50= 0.429485132731497
AIKOW= 3.60382111091167
AIKOC= 27.3354977963027
AIHalfLife= 4.06376406783238
EAppRate= 0.607944538886659
