ICQueenStrength= 3.41639322484843
RQWkrDrnRatio= 2.55543518532068
ICDroneMiteSurvivorship= 39.6292373770848
ICWorkerMiteSurvivorship= 58.0831454833969
ICForagerLifespan= 13.173857524991
ImmType= Exponential
AIAdultSlope= 0.406655357824638
AIAdultLD50= 0.922681039664894
AIAdultSlopeContact= 3.14498447039165
AIAdultLD50Contact= 0.0198923403862864
AILarvaSlope= 3.37737065549009
AILarvaLD50= 0.81222909623757
AIKOW= 3.95629061385989
AIKOC= 29.9546127626672
AIHalfLife= 13.5982605619356
EAppRate= 0.138961177552119
