ICQueenStrength= 2.11789100221358
RQWkrDrnRatio= 4.18958851695061
ICDroneMiteSurvivorship= 43.4047686401755
ICWorkerMiteSurvivorship= 17.2754688421264
ICForagerLifespan= 14.7736079785973
ImmType= Tangent
AIAdultSlope= 2.65027942507295
AIAdultLD50= 0.218062464613467
AIAdultSlopeContact= 3.79818148002494
AIAdultLD50Contact= 0.00380353796062991
AILarvaSlope= 1.16888254717924
AILarvaLD50= 0.00276598739437759
AIKOW= 5.11366816237569
AIKOC= 19.8929400369525
AIHalfLife= 0.463946798117831
EAppRate= 0.510302331810817
