ICQueenStrength= 2.23376492061652
RQWkrDrnRatio= 2.21478222310543
ICDroneMiteSurvivorship= 34.2330198269337
ICWorkerMiteSurvivorship= 82.2244820883498
ICForagerLifespan= 9.67646249663085
ImmType= Logarithmic
AIAdultSlope= 0.998957369010895
AIAdultLD50= 0.119038773234934
AIAdultSlopeContact= 1.14866142859682
AIAdultLD50Contact= 0.00715174963697791
AILarvaSlope= 4.51090605231002
AILarvaLD50= 1.5996649232693
AIKOW= 34.8617264302447
AIKOC= 29.3364834971726
AIHalfLife= 4.41421436052769
EAppRate= 1.76071162382141
