ICQueenStrength= 4.05621560895815
RQWkrDrnRatio= 1.51776472572237
ICDroneMiteSurvivorship= 60.7037460198626
ICWorkerMiteSurvivorship= 14.0040291938931
ICForagerLifespan= 8.14867681451142
ImmType= Tangent
AIAdultSlope= 1.28308305545943
AIAdultLD50= 0.224979607970454
AIAdultSlopeContact= 2.62847134039504
AIAdultLD50Contact= 0.0116010647267103
AILarvaSlope= 2.49299812740646
AILarvaLD50= 0.394497584458441
AIKOW= 5.01801162585616
AIKOC= 25.6659957126249
AIHalfLife= 2.46576741687022
EAppRate= 0.232218550588004
