ICQueenStrength= 3.43669954244979
RQWkrDrnRatio= 1.50717277918011
ICDroneMiteSurvivorship= 38.1921732332557
ICWorkerMiteSurvivorship= 31.0298740165308
ICForagerLifespan= 14.4289497444406
ImmType= Logarithmic
AIAdultSlope= 0.29281933670165
AIAdultLD50= 0.240211228607222
AIAdultSlopeContact= 3.39053669300862
AIAdultLD50Contact= 0.00148695990210399
AILarvaSlope= 3.32798556364141
AILarvaLD50= 0.430131497327238
AIKOW= 5.52522361604497
AIKOC= 17.0783033838961
AIHalfLife= 0.981647412991151
EAppRate= 0.261079647624865
