ICQueenStrength= 2.85034824186005
RQWkrDrnRatio= 3.08190374262631
ICDroneMiteSurvivorship= 46.5952740749344
ICWorkerMiteSurvivorship= 36.0908994218335
ICForagerLifespan= 6.15445385314524
ImmType= Logarithmic
AIAdultSlope= 8.53657525731251
