ICQueenStrength= 3.66116808285005
RQWkrDrnRatio= 2.90050720050931
ICDroneMiteSurvivorship= 56.3600865425542
ICWorkerMiteSurvivorship= 84.5015314873308
ICForagerLifespan= 13.2984163863584
ImmType= Tangent
AIAdultSlope= 2.30799580390099
AIAdultLD50= 0.161857223603874
AIAdultSlopeContact= 0.961455397065729
AIAdultLD50Contact= 0.0361937721609138
AILarvaSlope= 2.47999294921756
AILarvaLD50= 0.721432211226784
AIKOW= 3.91862781019881
AIKOC= 10.4641899245325
AIHalfLife= 1.1202588211745
EAppRate= 0
