ICQueenStrength= 4.52406735811383
RQWkrDrnRatio= 1.76526756677777
