ICQueenStrength= 2.12462792894803
RQWkrDrnRatio= 1.54248869139701
ICDroneMiteSurvivorship= 35.379189113155
ICWorkerMiteSurvivorship= 3.77273829653859
ICForagerLifespan= 4.138108744286
ImmType= Sine
AIAdultSlope= 0.688965263343416
AIAdultLD50= 0.191609095898457
AIAdultSlopeContact= 0.849309324945789
AIAdultLD50Contact= 0.0119273178395815
AILarvaSlope= 2.37868893640116
AILarvaLD50= 0.683658612216823
AIKOW= 2.09995942702517
AIKOC= 13.7463162024505
AIHalfLife= 1.25938507379033
EAppRate= 0
