ICQueenStrength= 2.74900424433872
RQWkrDrnRatio= 4.43986529391259
ICDroneMiteSurvivorship= 34.6335116075352
ICWorkerMiteSurvivorship= 87.1294082608074
ICForagerLifespan= 4.11232833471149
ImmType= Cosine
AIAdultSlope= 3.03518282440491
AIAdultLD50= 2.45075340592302
AIAdultSlopeContact= 0.305464489355218
AIAdultLD50Contact= 0.0488147094496526
AILarvaSlope= 2.78301084339619
AILarvaLD50= 0.35232362835668
AIKOW= 6.03416555421427
AIKOC= 6.71451981877908
AIHalfLife= 8.31180027825758
EAppRate= 0.853652204619721
