ICQueenStrength= 5.97358459746465
RQWkrDrnRatio= 3.44195344671607
ICDroneMiteSurvivorship= 27.3572384845465
ICWorkerMiteSurvivorship= 10.3877529036254
ICForagerLifespan= 12.4215439436957
ImmType= Polynomial
AIAdultSlope= 0.572722529433668
AIAdultLD50= 1.73373329476453
AIAdultSlopeContact= 3.57725188768934
AIAdultLD50Contact= 0.029182318795938
AILarvaSlope= 2.63590593915433
AILarvaLD50= 0.0806184443179518
AIKOW= 4.18877853592858
AIKOC= 14.626614471199
AIHalfLife= 3.03042508754879
EAppRate= 0.276205023750663
