ICQueenStrength= 5.20293959672563
RQWkrDrnRatio= 3.59481898881495
ICDroneMiteSurvivorship= 48.2255714945495
ICWorkerMiteSurvivorship= 29.7627183841541
ICForagerLifespan= 14.3738899417222
ImmType= Tangent
AIAdultSlope= 3.40754759375006
AIAdultLD50= 0.100920498953201
AIAdultSlopeContact= 3.21917866901262
AIAdultLD50Contact= 0.033147981367074
AILarvaSlope= 1.60979576236568
AILarvaLD50= 0.0887237528571859
AIKOW= 2.51375091262162
AIKOC= 20.8306449477095
AIHalfLife= 2.29802173795179
EAppRate= 0.548648468474857
