ICQueenStrength= 5.16407009819523
RQWkrDrnRatio= 3.04271117132157
ICDroneMiteSurvivorship= 53.5947790602222
ICWorkerMiteSurvivorship= 66.9841664144769
ICForagerLifespan= 15.0593181205913
ImmType= Cosine
AIAdultSlope= 0.418833136744797
AIAdultLD50= 0.471717292210087
AIAdultSlopeContact= 3.55366930437041
AIAdultLD50Contact= 0.0188357166131027
AILarvaSlope= 3.09727615937591
AILarvaLD50= 0.763115823478438
AIKOW= 4.30184670072049
AIKOC= 23.208452797262
AIHalfLife= 8.50965434499085
EAppRate= 0.661718940362334
