ICQueenStrength= 5.2883977224119
RQWkrDrnRatio= 4.94689900055528
ICDroneMiteSurvivorship= 79.651530040428
ICWorkerMiteSurvivorship= 53.029398736544
ICForagerLifespan= 8.79749844223261
ImmType= Exponential
AIAdultSlope= 1.96381566454656
AIAdultLD50= 1.22381380945444
AIAdultSlopeContact= 3.64827806951478
AIAdultLD50Contact= 0.00460941200144589
AILarvaSlope= 1.7854556419421
AILarvaLD50= 0.515203292691149
AIKOW= 7.12533407099545
AIKOC= 6.88055550097488
AIHalfLife= 2.00445414427668
EAppRate= 0.295447114156559
