ICQueenStrength= 1.51790529629216
RQWkrDrnRatio= 3.28573894128203
ICDroneMiteSurvivorship= 22.5018145283684
ICWorkerMiteSurvivorship= 58.5645828628913
ICForagerLifespan= 13.6268148124218
ImmType= Sine
AIAdultSlope= 2.42410141822882
AIAdultLD50= 0.355312311672606
AIAdultSlopeContact= 2.2903826185246
AIAdultLD50Contact= 0.0205586826428771
AILarvaSlope= 0.995510551752523
AILarvaLD50= 0.541688436828554
AIKOW= 3.3791313553229
AIKOC= 20.9965582366567
AIHalfLife= 3.33846563589759
EAppRate= 0
