ICQueenStrength= 2.60255334107205
RQWkrDrnRatio= 4.06652415823191
ICDroneMiteSurvivorship= 69.1441355971619
ICWorkerMiteSurvivorship= 70.6091399537399
ICForagerLifespan= 10.2784752016887
ImmType= Exponential
AIAdultLD50= 0.154012839635834
AIAdultSlopeContact= 3.54783450469142
AIAdultLD50Contact= 0.0149389984901063
AILarvaSlope= 1.37822419623844
AILarvaLD50= 0.0867312064161524
AIKOW= 7.64788716100156
AIKOC= 28.8370778213721
AIHalfLife= 11.1501469379291
EAppRate= 0.719740669708699
