ICQueenStrength= 1.10763489408419
RQWkrDrnRatio= 2.78198417276144
ICDroneMiteSurvivorship= 83.3879912737757
ICWorkerMiteSurvivorship= 4.05951908323914
ICForagerLifespan= 12.958379025571
ImmType= Polynomial
AIAdultSlope= 0.985311125591397
AIAdultLD50= 1.56058406713419
AIAdultSlopeContact= 0.205422953325324
AIAdultLD50Contact= 0.0353718581027351
AILarvaSlope= 2.66928206174634
AILarvaLD50= 0.425119530363008
AIKOW= 7.26346527598798
AIKOC= 24.1897722193971
AIHalfLife= 5.0277813244611
EAppRate= 0.89826144115068
