ICQueenStrength= 4.94983907346614
RQWkrDrnRatio= 4.85111912339926
ICDroneMiteSurvivorship= 64.4140736898407
ICWorkerMiteSurvivorship= 1.14711131900549
ICForagerLifespan= 7.92461656499654
ImmType= Logarithmic
AIAdultSlope= 2.75311649432872
AIAdultLD50= 0.15972987934947
AIAdultSlopeContact= 1.01018160361564
AIAdultLD50Contact= 0.0490544874803163
AILarvaSlope= 0.812831742642447
AILarvaLD50= 0.216526595992036
AIKOW= 6.10796538973227
AIKOC= 29.3205595354084
AIHalfLife= 3.8695755333174
EAppRate= 0.0379620353458449
