ICQueenStrength= 4.56055645970628
RQWkrDrnRatio= 3.66806423477829
ICDroneMiteSurvivorship= 72.2939022583887
ICWorkerMiteSurvivorship= 59.2616951325908
ICForagerLifespan= 12.8597096977755
ImmType= Polynomial
AIAdultSlope= 3.14429589952342
AIAdultLD50= 2.11667422391474
AIAdultSlopeContact= 2.28221930951346
AIAdultLD50Contact= 0.0152397231082432
AILarvaSlope= 1.25262167397887
AILarvaLD50= 0.80961143290624
AIKOW= 2.78530366392806
AIKOC= 12.1378855849616
AIHalfLife= 13.121598277241
EAppRate= 0.0720721064135432
