ICQueenStrength= 2.17062141071074
RQWkrDrnRatio= 2.0804645512253
ICDroneMiteSurvivorship= 58.8818985037506
ICWorkerMiteSurvivorship= 89.9226889479905
ICForagerLifespan= 13.0420550704002
ImmType= Tangent
AIAdultSlopeContact= 2.78353882120689
AIAdultLD50Contact= 0.0257796208024956
AILarvaSlope= 1.07111438950524
AILarvaLD50= 0.486763972369954
AIKOW= 7.39173464523628
AIKOC= 18.8625416671857
AIHalfLife= 3.56204352760687
