ICQueenStrength= 3.33602280379273
RQWkrDrnRatio= 2.54052300192416
ICDroneMiteSurvivorship= 61.9080227566883
ICWorkerMiteSurvivorship= 18.3103703893721
ICForagerLifespan= 8.06156428996474
ImmType= Logarithmic
AIAdultSlope= 0.536043986212462
