ICQueenStrength= 1.08992684073746
RQWkrDrnRatio= 2.48361796978861
ICDroneMiteSurvivorship= 53.2078702002764
ICWorkerMiteSurvivorship= 21.8722525751218
ICForagerLifespan= 9.32615993637592
ImmType= Cosine
AIAdultLD50= 0.154012839635834
AIAdultSlopeContact= 1.20259985824814
AIAdultLD50Contact= 0.0441525018424727
AILarvaSlope= 2.80064239683561
AILarvaLD50= 0.778260777122341
AIKOW= 4.95509013161063
AIKOC= 9.62311763549224
AIHalfLife= 7.43628311855718
EAppRate= 0.312620154116303
