ICQueenStrength= 2.96503313607536
RQWkrDrnRatio= 4.65705169737339
ICDroneMiteSurvivorship= 71.5325215831399
ICWorkerMiteSurvivorship= 69.8661388363689
ICForagerLifespan= 5.38985781371593
ImmType= Polynomial
AIAdultSlope= 0.471723013578448
AIAdultLD50= 0.364885448012501
AIAdultSlopeContact= 2.60416946094716
AIAdultLD50Contact= 0.0468524382682517
AILarvaSlope= 0.906265594810247
AILarvaLD50= 0.0645010272972286
AIKOW= 3.02153993118554
AIKOC= 5.67924204631709
AIHalfLife= 1.4793946640566
EAppRate= 0.232302700681612
