ICQueenStrength= 4.62650266150013
RQWkrDrnRatio= 4.27497139107436
ICDroneMiteSurvivorship= 63.1259435787797
ICWorkerMiteSurvivorship= 44.392408314161
ICForagerLifespan= 11.7890892950818
ImmType= Cosine
AIAdultSlope= 2.27391099557281
