ICQueenStrength= 2.60705000045709
RQWkrDrnRatio= 2.31246779486537
ICDroneMiteSurvivorship= 18.3331889566034
ICWorkerMiteSurvivorship= 39.1998293576762
ICForagerLifespan= 6.02637274563313
ImmType= Logarithmic
AIAdultSlope= 3.74936072621495
