ICQueenStrength= 1.71442492655478
RQWkrDrnRatio= 4.61635140329599
ICDroneMiteSurvivorship= 64.7181025939062
ICWorkerMiteSurvivorship= 44.623551890254
ICForagerLifespan= 10.4714252520353
ImmType= Tangent
AIAdultSlope= 2.1472830771259
AIAdultLD50= 0.0509980662027374
AIAdultSlopeContact= 1.06572338884464
AIAdultLD50Contact= 0.00291369183687493
AILarvaSlope= 0.562908076448366
AILarvaLD50= 0.64427865834441
AIKOW= 7.96208457835019
AIKOC= 28.1242749723606
AIHalfLife= 3.9428601891268
EAppRate= 0.472311317222193
