ICQueenStrength= 2.59892839961685
RQWkrDrnRatio= 3.0543364584446
ICDroneMiteSurvivorship= 89.593518874608
ICWorkerMiteSurvivorship= 79.6192795503885
ICForagerLifespan= 7.59572365134954
ImmType= Sine
AIAdultSlope= 1.18857059301808
AIAdultLD50= 1.76998201897368
AIAdultSlopeContact= 1.18325594442431
AIAdultLD50Contact= 0.021376336843241
AILarvaSlope= 1.61773396944627
AILarvaLD50= 0.530822974909097
AIKOW= 2.08836471941322
AIKOC= 28.2268401770853
AIHalfLife= 4.60349777713418
EAppRate= 0.6911163427867
