ICQueenStrength= 3.92924781516194
RQWkrDrnRatio= 4.19358221627772
