ICQueenStrength= 4.93639082787558
RQWkrDrnRatio= 4.1051313271746
ICDroneMiteSurvivorship= 84.6356821712106
ICWorkerMiteSurvivorship= 95.8538303384557
ICForagerLifespan= 11.659680438228
ImmType= Logarithmic
AIAdultSlopeContact= 3.38693040696206
AIAdultLD50Contact= 0.0248953716945834
AILarvaSlope= 1.27082181228325
AILarvaLD50= 0.485986942495219
AIKOW= 7.78835254721344
AIKOC= 20.3454250306822
AIHalfLife= 1.98742943769321
