ICQueenStrength= 4.26247687684372
RQWkrDrnRatio= 2.87833631969988
ICDroneMiteSurvivorship= 84.4423127127811
ICWorkerMiteSurvivorship= 66.524917841889
ICForagerLifespan= 11.4434518646449
ImmType= Polynomial
AIAdultSlope= 1.63556935274508
AIAdultLD50= 0.38449986174237
AIAdultSlopeContact= 1.59136195682455
AIAdultLD50Contact= 0.00903114354005083
AILarvaSlope= 1.59621714111418
AILarvaLD50= 0.543837786465883
AIKOW= 6.87911064596847
AIKOC= 9.3914639391005
AIHalfLife= 2.10261162021197
EAppRate= 0
