ICQueenStrength= 4.4985442168545
RQWkrDrnRatio= 4.50497233960778
ICDroneMiteSurvivorship= 57.6909688301384
ICWorkerMiteSurvivorship= 69.2919485038146
ICForagerLifespan= 8.17811188753694
ImmType= Exponential
AIAdultSlopeContact= 1.36371330807684
AIAdultLD50Contact= 0.0197991305612959
AILarvaSlope= 2.85639903983101
AILarvaLD50= 0.374044306576252
AIKOW= 7.71066653449088
AIKOC= 15.2035073388834
AIHalfLife= 0.964931801892817
