ICQueenStrength= 2.21031077113003
RQWkrDrnRatio= 1.34518701117486
ICDroneMiteSurvivorship= 51.1729892110452
ICWorkerMiteSurvivorship= 99.3226200342178
ICForagerLifespan= 15.3079950418323
ImmType= Logarithmic
AIAdultSlope= 0.0160261166281998
AIAdultLD50= 0.750349968904629
AIAdultSlopeContact= 0.942410600152798
AIAdultLD50Contact= 0.0448372147395276
AILarvaSlope= 1.07904549334198
AILarvaLD50= 0.515212776395492
AIKOW= 4.00642248615623
AIKOC= 23.4951825824101
AIHalfLife= 11.6225603255443
EAppRate= 0.124323966680095
