ICQueenStrength= 3.05247598933056
RQWkrDrnRatio= 4.8981604212895
ICDroneMiteSurvivorship= 94.9974964605644
ICWorkerMiteSurvivorship= 23.5923558706418
ICForagerLifespan= 10.3271851763129
ImmType= Sine
AIAdultSlopeContact= 2.57053450617241
AIAdultLD50Contact= 0.0456888350192457
AILarvaSlope= 0.32873768331483
AILarvaLD50= 0.599378843000159
AIKOW= 3.38728958880529
AIKOC= 22.3216971685179
AIHalfLife= 13.1238862727769
