ICQueenStrength= 5.20704516232945
RQWkrDrnRatio= 1.68048492632806
ICDroneMiteSurvivorship= 26.7034057527781
ICWorkerMiteSurvivorship= 84.2563028912991
ICForagerLifespan= 6.66181785613298
ImmType= Tangent
AIAdultSlope= 0.348339997045696
AIAdultLD50= 1.26280470192432
AIAdultSlopeContact= 1.96052708974108
AIAdultLD50Contact= 0.00272062452277169
AILarvaSlope= 2.73018477414735
AILarvaLD50= 0.750595970428549
AIKOW= 5.81315721012652
AIKOC= 21.9124422536697
AIHalfLife= 4.70821823552251
EAppRate= 0.823134849080816
