ICQueenStrength= 1.590769831324
RQWkrDrnRatio= 2.16561645362526
ICDroneMiteSurvivorship= 21.5645930729806
ICWorkerMiteSurvivorship= 78.7360529880971
ICForagerLifespan= 12.2053638398647
ImmType= Tangent
AIAdultSlopeContact= 0.17085115353344
AIAdultLD50Contact= 0.0438663474633358
AILarvaSlope= 1.30909909396432
AILarvaLD50= 0.171953270863742
AIKOW= 7.21171946125105
AIKOC= 12.8919221297838
AIHalfLife= 8.40394745115191
