ICQueenStrength= 5.94387813727371
RQWkrDrnRatio= 4.79014009051025
ICDroneMiteSurvivorship= 45.6099204719067
ICWorkerMiteSurvivorship= 42.1954376623034
ICForagerLifespan= 13.6626007836312
ImmType= Polynomial
AIAdultSlope= 1.0680479619652
AIAdultLD50= 2.21821347833611
AIAdultSlopeContact= 2.34591984693194
AIAdultLD50Contact= 0.019211261079181
AILarvaSlope= 3.36447868747637
AILarvaLD50= 0.0627632293151692
AIKOW= 6.218114443589
AIKOC= 11.8319738958962
AIHalfLife= 13.3603535299189
EAppRate= 0.436475313268602
