ICQueenStrength= 2.61088959686458
RQWkrDrnRatio= 3.07915050815791
