ICQueenStrength= 5.34672915260307
RQWkrDrnRatio= 4.5482972227037
ICDroneMiteSurvivorship= 81.5299294656143
ICWorkerMiteSurvivorship= 34.0858452254906
ICForagerLifespan= 7.8416572092101
ImmType= Logarithmic
AIAdultSlope= 3.06921112718526
AIAdultLD50= 0.258047373732552
AIAdultSlopeContact= 1.10667376171332
AIAdultLD50Contact= 0.011993267305661
AILarvaSlope= 1.69581900360063
AILarvaLD50= 0.308960511535406
AIKOW= 3.37416299339384
AIKOC= 23.4199761482887
AIHalfLife= 4.85896466299891
EAppRate= 0.328980762464926
