ICQueenStrength= 1.27207680977881
RQWkrDrnRatio= 1.4035343201831
ICDroneMiteSurvivorship= 66.130651650019
ICWorkerMiteSurvivorship= 65.218064095825
ICForagerLifespan= 15.9095653221011
ImmType= Tangent
AIAdultSlope= 3.13697468512692
AIAdultLD50= 2.93561459798366
AIAdultSlopeContact= 3.37662664809963
AIAdultLD50Contact= 0.0423403033986688
AILarvaSlope= 3.22484005643055
AILarvaLD50= 0.71703077245038
AIKOW= 4.65882306778803
AIKOC= 12.9515294055454
AIHalfLife= 9.80739554017782
EAppRate= 0.965213411254808
