ICQueenStrength= 4.91896923305467
RQWkrDrnRatio= 1.17993331328034
ICDroneMiteSurvivorship= 41.5595394093543
ICWorkerMiteSurvivorship= 74.1339195752516
ICForagerLifespan= 13.2370628500357
ImmType= Polynomial
AIAdultSlope= 3.04968116651289
AIAdultLD50= 2.07669265614823
AIAdultSlopeContact= 2.87559198442614
AIAdultLD50Contact= 0.0279614061000757
AILarvaSlope= 2.29621436195448
AILarvaLD50= 0.719164010602981
AIKOW= 2.87320438073948
AIKOC= 10.2628301957157
AIHalfLife= 10.214623613283
EAppRate= 0.966467643622309
