ICQueenStrength= 3.78748651733622
RQWkrDrnRatio= 3.180315063335
ICDroneMiteSurvivorship= 21.4656228898093
ICWorkerMiteSurvivorship= 52.5549121201038
ICForagerLifespan= 9.15499545540661
ImmType= Polynomial
AIAdultSlope= 1.16244863951579
AIAdultLD50= 0.763394723180681
AIAdultSlopeContact= 6.46305622998625
AIAdultLD50Contact= 0.171707810461521
AILarvaSlope= 8.8713103858754
AILarvaLD50= 1.75626072008163
AIKOW= 95.2720523346215
AIKOC= 51.8571267137304
AIHalfLife= 11.5107588674873
EAppRate= 0.0372179164551198
