ICQueenStrength= 4.02829688880593
RQWkrDrnRatio= 2.63035757653415
ICDroneMiteSurvivorship= 83.3980650873855
ICWorkerMiteSurvivorship= 72.2674995427951
ICForagerLifespan= 4.08204147592187
ImmType= Cosine
AIAdultSlope= 3.37063239168841
AIAdultLD50= 0.0241676765726879
AIAdultSlopeContact= 2.36718227692181
AIAdultLD50Contact= 0.00850834287703037
AILarvaSlope= 0.471224091341719
AILarvaLD50= 0.535362748196349
AIKOW= 7.53472852753475
AIKOC= 21.9311209174339
AIHalfLife= 0.0718060624785721
EAppRate= 0.245079324604012
