ICQueenStrength= 3.28672891040333
RQWkrDrnRatio= 4.03919049259275
ICDroneMiteSurvivorship= 87.622070661746
ICWorkerMiteSurvivorship= 31.4836777513847
ICForagerLifespan= 12.6517917225137
ImmType= Polynomial
AIAdultSlope= 2.27756654571276
AIAdultLD50= 0.286037311307155
AIAdultSlopeContact= 2.31207678449107
AIAdultLD50Contact= 0.0148178687086329
AILarvaSlope= 2.3585363116581
AILarvaLD50= 0.337078598560765
AIKOW= 3.48535072710365
AIKOC= 29.4740109541453
AIHalfLife= 4.45356736308895
EAppRate= 0.403776721842587
