ICQueenStrength= 2.66964461910538
RQWkrDrnRatio= 2.44191539194435
ICDroneMiteSurvivorship= 83.395397150889
ICWorkerMiteSurvivorship= 46.3931564707309
ICForagerLifespan= 14.1346971830353
ImmType= Tangent
AIAdultSlopeContact= 8.85660900967196
AIAdultLD50Contact= 0.168461338989437
AILarvaSlope= 2.5611812970601
AILarvaLD50= 0.0998426717706025
AIKOW= 10.609242413193
AIKOC= 77.6229886338115
AIHalfLife= 11.7347621507943
