ICQueenStrength= 5.72059412044473
RQWkrDrnRatio= 3.17272518575191
ICDroneMiteSurvivorship= 96.0973974782974
ICWorkerMiteSurvivorship= 76.6485909698531
ICForagerLifespan= 15.8409339496866
ImmType= Tangent
AIAdultSlope= 0.789472582493909
AIAdultLD50= 0.172460862086155
AIAdultSlopeContact= 1.62564293806208
AIAdultLD50Contact= 0.0490362509386614
AILarvaSlope= 0.834906235383823
AILarvaLD50= 0.747331452788785
AIKOW= 7.725518821273
AIKOC= 10.5388699460309
AIHalfLife= 3.67587752756663
EAppRate= 0
