ICQueenStrength= 1.38900475949049
RQWkrDrnRatio= 1.1073072263971
ICDroneMiteSurvivorship= 79.4712097616866
ICWorkerMiteSurvivorship= 42.1798046212643
ICForagerLifespan= 13.9193012844771
ImmType= Cosine
AIAdultSlope= 2.71721291937865
AIAdultLD50= 0.0433036289177835
AIAdultSlopeContact= 1.83899026555941
AIAdultLD50Contact= 0.0325147278956138
AILarvaSlope= 1.17834197254851
AILarvaLD50= 0.1429996535182
AIKOW= 2.86730637215078
AIKOC= 15.3078908112366
AIHalfLife= 7.32240775087848
EAppRate= 0.467952149454504
