ICQueenStrength= 2.30657118745148
RQWkrDrnRatio= 4.22758163232356
ICDroneMiteSurvivorship= 20.0692318379879
ICWorkerMiteSurvivorship= 71.8387403292581
ICForagerLifespan= 15.8149170139804
ImmType= Polynomial
AIAdultSlope= 1.86982673340943
AIAdultLD50= 0.277951379539445
AIAdultSlopeContact= 3.04963640942937
AIAdultLD50Contact= 0.0283766446169466
AILarvaSlope= 2.24078567381948
AILarvaLD50= 0.0640648929867893
AIKOW= 4.57312194118276
AIKOC= 23.3529249858111
AIHalfLife= 3.64252961007878
EAppRate= 0
