ICQueenStrength= 4.02493102615699
RQWkrDrnRatio= 4.23372920043766
ICDroneMiteSurvivorship= 84.3321584863588
ICWorkerMiteSurvivorship= 27.8235930250958
ICForagerLifespan= 15.2879484659061
ImmType= Polynomial
AIAdultSlope= 0.0363148524425924
AIAdultLD50= 0.691449041711167
AIAdultSlopeContact= 2.5767986746598
AIAdultLD50Contact= 0.0439484188565984
AILarvaSlope= 1.12564537897706
AILarvaLD50= 0.699537550890818
AIKOW= 2.35931732226163
AIKOC= 13.472817420261
AIHalfLife= 12.3046185001731
EAppRate= 0.399126038188115
