ICQueenStrength= 1.64291624468751
RQWkrDrnRatio= 2.53890367411077
ICDroneMiteSurvivorship= 6.93765196483582
ICWorkerMiteSurvivorship= 51.875223708339
ICForagerLifespan= 15.8191827125847
ImmType= Sine
AIAdultSlope= 3.62522283490514
AIAdultLD50= 0.438150908797979
AIAdultSlopeContact= 1.51472864254843
AIAdultLD50Contact= 0.0370308016543277
AILarvaSlope= 1.47913342765532
AILarvaLD50= 0.852380339219235
AIKOW= 5.76292161596939
AIKOC= 17.9306667717174
AIHalfLife= 1.21078213909641
EAppRate= 0
