ICQueenStrength= 2.20573047734797
RQWkrDrnRatio= 1.7162086321041
