ICQueenStrength= 5.38679270329885
RQWkrDrnRatio= 1.18068823963404
ICDroneMiteSurvivorship= 3.96264521405101
ICWorkerMiteSurvivorship= 67.4979058327153
ICForagerLifespan= 7.34036809392273
ImmType= Cosine
AIAdultSlope= 1.66769510246813
AIAdultLD50= 2.77477208920754
AIAdultSlopeContact= 1.50584638969274
AIAdultLD50Contact= 0.021623722393997
AILarvaSlope= 0.192826993437484
AILarvaLD50= 0.429354302957654
AIKOW= 3.30131954420358
AIKOC= 25.8368589461315
AIHalfLife= 11.1683786492795
EAppRate= 0.139979565516114
