ICQueenStrength= 2.28134450060315
RQWkrDrnRatio= 3.86677133385092
ICDroneMiteSurvivorship= 29.8752818955109
ICWorkerMiteSurvivorship= 80.9094879310578
ICForagerLifespan= 14.6285733934492
ImmType= Logarithmic
AIAdultSlope= 8.09825932839885
