ICQueenStrength= 1.20889255451038
RQWkrDrnRatio= 2.3139873938635
ICDroneMiteSurvivorship= 48.934810445644
ICWorkerMiteSurvivorship= 0.554918218404055
ICForagerLifespan= 9.56322921253741
ImmType= Exponential
AIAdultSlope= 1.39880582457408
