ICQueenStrength= 3.6206834372133
RQWkrDrnRatio= 1.849275409244
