ICQueenStrength= 4.07725515333004
RQWkrDrnRatio= 1.77160063199699
ICDroneMiteSurvivorship= 35.9257205622271
ICWorkerMiteSurvivorship= 24.7596419649199
ICForagerLifespan= 7.45131232496351
ImmType= Polynomial
AIAdultSlope= 2.16415094856871
AIAdultLD50= 0.431018764153123
AIAdultSlopeContact= 0.643253663338255
AIAdultLD50Contact= 0.0138943543890491
AILarvaSlope= 0.0386024049017578
AILarvaLD50= 0.487390238628723
AIKOW= 4.13644997915253
AIKOC= 13.3352686546277
AIHalfLife= 4.23672534758225
EAppRate= 0.488670756341889
