ICQueenStrength= 5.05581983271986
RQWkrDrnRatio= 1.31657212413847
ICDroneMiteSurvivorship= 34.7088245209306
ICWorkerMiteSurvivorship= 92.9779729573056
ICForagerLifespan= 9.61419762670994
ImmType= Exponential
AIAdultSlope= 2.85234872018918
