ICQueenStrength= 1.38446805789135
RQWkrDrnRatio= 2.88210367970169
ICDroneMiteSurvivorship= 86.4771229214966
ICWorkerMiteSurvivorship= 2.10728750098497
ICForagerLifespan= 6.67481030616909
ImmType= Logarithmic
AIAdultSlope= 1.1860332412133
AIAdultLD50= 0.248985632322729
AIAdultSlopeContact= 2.36882701777853
AIAdultLD50Contact= 0.0339373109629378
AILarvaSlope= 3.2714144858066
AILarvaLD50= 0.507325497083366
AIKOW= 2.57191941374913
AIKOC= 23.0764914606698
AIHalfLife= 4.73355374997482
EAppRate= 0
