ICQueenStrength= 5.49276687693782
RQWkrDrnRatio= 1.06982052419335
ICDroneMiteSurvivorship= 40.5361060285941
ICWorkerMiteSurvivorship= 78.0645946506411
ICForagerLifespan= 9.06749369204044
ImmType= Polynomial
AIAdultSlopeContact= 1.450435446552
AIAdultLD50Contact= 0.0146987341111526
AILarvaSlope= 0.895332150952891
AILarvaLD50= 0.614255566103384
AIKOW= 3.86995823355392
AIKOC= 27.0176022208761
AIHalfLife= 5.68341438425705
