ICQueenStrength= 1.60780671425164
RQWkrDrnRatio= 4.38231014180928
ICDroneMiteSurvivorship= 38.370235892944
ICWorkerMiteSurvivorship= 97.072015167214
ICForagerLifespan= 10.8312079459429
ImmType= Tangent
AIAdultSlope= 0.143361387308687
