ICQueenStrength= 3.45837380061857
RQWkrDrnRatio= 1.77506189513952
ICDroneMiteSurvivorship= 9.10490080714226
ICWorkerMiteSurvivorship= 28.2926564803347
ICForagerLifespan= 8.42916222847998
ImmType= Tangent
AIAdultSlope= 0.605228693112731
AIAdultLD50= 0.163557625841349
AIAdultSlopeContact= 1.88510961326072
AIAdultLD50Contact= 0.0425752694602124
AILarvaSlope= 2.25376634649001
AILarvaLD50= 0.313605315308087
AIKOW= 2.77334584668279
AIKOC= 19.2096231284086
AIHalfLife= 3.42690151766874
EAppRate= 0
