ICQueenStrength= 1.76488745515235
RQWkrDrnRatio= 1.25871535018086
ICDroneMiteSurvivorship= 7.39990852307528
ICWorkerMiteSurvivorship= 56.2267505796626
ICForagerLifespan= 14.4448941163719
ImmType= Sine
AIAdultSlope= 2.1164784102235
AIAdultSlopeContact= 2.63474749021232
AIAdultLD50Contact= 0.0106964594568126
AILarvaSlope= 0.310890968004242
AILarvaLD50= 0.572874574712478
AIKOW= 3.55718611553311
AIKOC= 7.31801025220193
AIHalfLife= 13.3485658639111
