ICQueenStrength= 3.97407811041921
RQWkrDrnRatio= 1.41501283925027
ICDroneMiteSurvivorship= 46.659080684185
ICWorkerMiteSurvivorship= 83.5353918373585
ICForagerLifespan= 11.7523103561252
ImmType= Sine
AIAdultSlope= 3.3158123905398
AIAdultLD50= 0.207709810463712
AIAdultSlopeContact= 3.34857240078505
AIAdultLD50Contact= 0.0419823310570791
AILarvaSlope= 1.29018137762323
AILarvaLD50= 0.638782354211435
AIKOW= 4.07020172290504
AIKOC= 7.70997591433115
AIHalfLife= 2.1761606191285
EAppRate= 0
