ICQueenStrength= 2.82481070049107
RQWkrDrnRatio= 3.82819467503577
ICDroneMiteSurvivorship= 83.7941731093451
ICWorkerMiteSurvivorship= 1.30486255511642
ICForagerLifespan= 11.5594386402518
ImmType= Sine
AIAdultSlope= 2.8682425301685
AIAdultLD50= 0.192720271181315
AIAdultSlopeContact= 0.917919036140666
AIAdultLD50Contact= 0.0414824827574194
AILarvaSlope= 2.12637574784458
AILarvaLD50= 0.745926050492562
AIKOW= 6.44307243684307
AIKOC= 24.6689178817905
AIHalfLife= 0.820977425901219
EAppRate= 0.0719580795848742
