ICQueenStrength= 4.11109931441024
RQWkrDrnRatio= 2.21828376408666
ICDroneMiteSurvivorship= 41.4702211506665
ICWorkerMiteSurvivorship= 4.46981170680374
ICForagerLifespan= 9.48728799913079
ImmType= Exponential
AIAdultSlope= 1.16563514801674
AIAdultLD50= 1.48180211009458
AIAdultSlopeContact= 0.380681522414088
AIAdultLD50Contact= 0.0362042421940714
AILarvaSlope= 2.13774469029158
AILarvaLD50= 0.401850319420919
AIKOW= 2.08954047691077
AIKOC= 5.36010047770105
AIHalfLife= 2.39773071184754
EAppRate= 0.753162254346535
