ICQueenStrength= 5.6778345038183
RQWkrDrnRatio= 1.95326071791351
ICDroneMiteSurvivorship= 87.8784450003877
ICWorkerMiteSurvivorship= 75.4882639274001
ICForagerLifespan= 8.99230569880456
ImmType= Polynomial
AIAdultSlope= 3.28526669640793
AIAdultLD50= 0.0205581452464685
AIAdultSlopeContact= 0.827409297698177
AIAdultLD50Contact= 0.00463055012514815
AILarvaSlope= 1.7377201508265
AILarvaLD50= 0.000941890385001898
AIKOW= 6.4404061967507
AIKOC= 29.1035179176833
AIHalfLife= 0.869107735343277
EAppRate= 0.171311407885514
