ICQueenStrength= 5.9057051318232
RQWkrDrnRatio= 3.17659193370491
ICDroneMiteSurvivorship= 59.6244409913197
ICWorkerMiteSurvivorship= 69.8617526795715
ICForagerLifespan= 8.09565796889365
ImmType= Polynomial
AIAdultSlope= 0.486347483026329
AIAdultLD50= 0.0045791887678206
AIAdultSlopeContact= 2.0803776035062
AIAdultLD50Contact= 0.0306416866718791
AILarvaSlope= 0.0646916466299444
AILarvaLD50= 0.18457339683082
AIKOW= 6.73123632790521
AIKOC= 21.6456165374257
AIHalfLife= 1.87136939493939
EAppRate= 0
