ICQueenStrength= 5.22517665429041
RQWkrDrnRatio= 1.8029527394101
ICDroneMiteSurvivorship= 21.810360532254
ICWorkerMiteSurvivorship= 97.7064369944856
ICForagerLifespan= 10.4938830584288
ImmType= Logarithmic
AIAdultSlopeContact= 3.64374367235927
AIAdultLD50Contact= 0.0328749125124887
AILarvaSlope= 2.71268302411772
AILarvaLD50= 0.761025493126363
AIKOW= 3.40706963837147
AIKOC= 26.4580763247795
AIHalfLife= 8.21270326338708
