ICQueenStrength= 1.6572496460285
RQWkrDrnRatio= 4.42436378728598
ICDroneMiteSurvivorship= 53.2777122221887
ICWorkerMiteSurvivorship= 17.9366708965972
ICForagerLifespan= 4.6812902232632
ImmType= Logarithmic
AIAdultSlope= 3.89894503255142
AIAdultLD50= 0.214434855850413
AIAdultSlopeContact= 3.19706672485219
AIAdultLD50Contact= 0.035120805981569
AILarvaSlope= 1.7437347269617
AILarvaLD50= 0.354556529014371
AIKOW= 3.24831255478784
AIKOC= 21.0733234486543
AIHalfLife= 3.97548211854883
EAppRate= 0.493357913801447
