ICQueenStrength= 2.43967655370943
RQWkrDrnRatio= 2.33916874881834
ICDroneMiteSurvivorship= 85.3413955308497
ICWorkerMiteSurvivorship= 73.0512941954657
ICForagerLifespan= 12.064662204124
ImmType= Tangent
AIAdultSlope= 1.58389787995256
AIAdultLD50= 1.78857526369393
AIAdultSlopeContact= 2.18957720454549
AIAdultLD50Contact= 0.0428813169826753
AILarvaSlope= 1.71823608120903
AILarvaLD50= 0.0907540080137551
AIKOW= 5.13788698986173
AIKOC= 22.6431353203952
AIHalfLife= 7.67810203460976
EAppRate= 0.712738625472412
