ICQueenStrength= 1.14130190713331
RQWkrDrnRatio= 4.49949159380049
ICDroneMiteSurvivorship= 53.4325174288824
ICWorkerMiteSurvivorship= 23.9915172103792
ICForagerLifespan= 5.23430699948221
ImmType= Exponential
AIAdultSlopeContact= 5.36668306216598
AIAdultLD50Contact= 0.11017156438902
AILarvaSlope= 6.09618511516601
AILarvaLD50= 0.234225390013307
AIKOW= 34.4366057543084
AIKOC= 55.1776947919279
AIHalfLife= 8.17361101182178
