ICQueenStrength= 2.61025413428433
RQWkrDrnRatio= 3.81970174517483
ICDroneMiteSurvivorship= 94.5706986356527
ICWorkerMiteSurvivorship= 52.7558215893805
ICForagerLifespan= 13.2778646191582
ImmType= Logarithmic
AIAdultSlope= 2.70847726846114
AIAdultLD50= 0.94189633638598
AIAdultSlopeContact= 4.87114051589742
AIAdultLD50Contact= 0.162177295004949
AILarvaSlope= 6.86497898306698
AILarvaLD50= 1.95333048468456
AIKOW= 22.1073948312551
AIKOC= 68.9000070793554
AIHalfLife= 8.06644955743104
EAppRate= 0.913029189687222
