ICQueenStrength= 4.13887774944305
RQWkrDrnRatio= 4.87353521119803
ICDroneMiteSurvivorship= 80.1796424435452
ICWorkerMiteSurvivorship= 6.0011996421963
ICForagerLifespan= 4.9678644919768
ImmType= Tangent
AIAdultSlope= 3.23757344904123
AIAdultLD50= 0.44194003730081
AIAdultSlopeContact= 2.51630699066212
AIAdultLD50Contact= 0.0132063042023219
AILarvaSlope= 3.03606847296469
AILarvaLD50= 0.122746046609245
AIKOW= 4.83676347788423
AIKOC= 17.4700158427004
AIHalfLife= 2.58787436992861
EAppRate= 0.213875179667957
