ICQueenStrength= 1.05938617163338
RQWkrDrnRatio= 4.16435430385172
ICDroneMiteSurvivorship= 96.0890400456265
ICWorkerMiteSurvivorship= 59.6046314574778
ICForagerLifespan= 5.82838778104633
ImmType= Polynomial
AIAdultSlope= 2.98284496249398
AIAdultLD50= 0.299498741747811
AIAdultSlopeContact= 0.192657346855849
AIAdultLD50Contact= 0.0374337857123464
AILarvaSlope= 2.98900055536069
AILarvaLD50= 0.408707268373109
AIKOW= 2.4545395267196
AIKOC= 13.9250360790174
AIHalfLife= 1.12549668760039
EAppRate= 0.120095190312713
