ICQueenStrength= 1.42445189435966
RQWkrDrnRatio= 2.58077466953546
ICDroneMiteSurvivorship= 13.8969459338114
ICWorkerMiteSurvivorship= 24.8753916472197
ICForagerLifespan= 13.4296119771898
ImmType= Exponential
AIAdultSlope= 3.91112806401216
AIAdultLD50= 0.252747842576355
AIAdultSlopeContact= 3.40429171447875
AIAdultLD50Contact= 0.00753043167060241
AILarvaSlope= 2.69176637833007
AILarvaLD50= 0.883985121943988
AIKOW= 6.4668488772586
AIKOC= 15.7147541071754
AIHalfLife= 4.6588571544271
EAppRate= 0
