ICQueenStrength= 2.12356230500154
RQWkrDrnRatio= 4.69583677500486
ICDroneMiteSurvivorship= 95.5028238240629
ICWorkerMiteSurvivorship= 37.7492830855772
ICForagerLifespan= 14.9045868553221
ImmType= Cosine
AIAdultSlopeContact= 0.542987187767867
AIAdultLD50Contact= 0.00303937575081363
AILarvaSlope= 0.108667150838301
AILarvaLD50= 0.575929373991676
AIKOW= 7.89799711387604
AIKOC= 18.2401582319289
AIHalfLife= 11.6422613440081
