ICQueenStrength= 3.01402877690271
RQWkrDrnRatio= 1.22583345230669
ICDroneMiteSurvivorship= 97.9834772646427
ICWorkerMiteSurvivorship= 92.2362201381475
ICForagerLifespan= 9.03311507869512
ImmType= Exponential
AIAdultSlopeContact= 1.11521791395731
AIAdultLD50Contact= 0.0241068342584185
AILarvaSlope= 0.376327191013843
AILarvaLD50= 0.383436305145733
AIKOW= 2.92707075271755
AIKOC= 14.2539236298762
AIHalfLife= 0.848821730352938
