ICQueenStrength= 3.29994343477301
RQWkrDrnRatio= 2.53607308212668
ICDroneMiteSurvivorship= 46.7023260192946
ICWorkerMiteSurvivorship= 10.7356440974399
ICForagerLifespan= 15.2442987384275
ImmType= Polynomial
AIAdultSlope= 7.68659992609173
