ICQueenStrength= 3.06040163058788
RQWkrDrnRatio= 1.66804139781743
ICDroneMiteSurvivorship= 76.3923386577517
ICWorkerMiteSurvivorship= 62.319148867391
ICForagerLifespan= 6.88645958341658
ImmType= Logarithmic
AIAdultSlope= 0.905207617417909
AIAdultLD50= 0.189826666843146
AIAdultSlopeContact= 3.14064667721512
AIAdultLD50Contact= 0.0225153414881788
AILarvaSlope= 1.44900402026251
AILarvaLD50= 0.0813138872617856
AIKOW= 3.3058817666024
AIKOC= 28.5874120669905
AIHalfLife= 4.39099715440534
EAppRate= 0
