ICQueenStrength= 1.55720102507621
RQWkrDrnRatio= 3.92529238574207
ICDroneMiteSurvivorship= 35.9412875026464
ICWorkerMiteSurvivorship= 74.55145760905
ICForagerLifespan= 10.0962205156684
ImmType= Polynomial
AIAdultSlope= 3.00147512527183
AIAdultLD50= 0.922322736354545
AIAdultSlopeContact= 0.740584281196352
AIAdultLD50Contact= 0.037413267348893
AILarvaSlope= 2.79761859904975
AILarvaLD50= 0.270375016867183
AIKOW= 5.19519477570429
AIKOC= 11.780499056913
AIHalfLife= 8.89873724337667
EAppRate= 0.120829515857622
