ICQueenStrength= 1.84565853117965
RQWkrDrnRatio= 2.94019750878215
ICDroneMiteSurvivorship= 19.203759287484
ICWorkerMiteSurvivorship= 86.8804759113118
ICForagerLifespan= 15.7332953149453
ImmType= Logarithmic
AIAdultSlope= 3.14496174412779
AIAdultLD50= 0.260286955162883
AIAdultSlopeContact= 2.7763875987567
AIAdultLD50Contact= 0.027372115268372
AILarvaSlope= 1.51990351649001
AILarvaLD50= 0.633032893552445
AIKOW= 3.76071885088459
AIKOC= 22.773342737928
AIHalfLife= 10.3018452390097
EAppRate= 0.593120933044702
