ICQueenStrength= 5.68065164284781
RQWkrDrnRatio= 1.33935905992985
ICDroneMiteSurvivorship= 36.3106736913323
ICWorkerMiteSurvivorship= 71.2040255079046
ICForagerLifespan= 11.8566472558305
ImmType= Cosine
AIAdultLD50= 0.154012839635834
AIAdultSlopeContact= 1.44726764021209
AIAdultLD50Contact= 0.000110822345595807
AILarvaSlope= 2.2925695547834
AILarvaLD50= 0.679788641422056
AIKOW= 2.41177444625646
AIKOC= 26.3177933183033
AIHalfLife= 7.51693329308182
EAppRate= 1.52652946393937
