ICQueenStrength= 1.80296691507101
RQWkrDrnRatio= 2.22722962126136
ICDroneMiteSurvivorship= 37.8535208292305
ICWorkerMiteSurvivorship= 70.4501859843731
ICForagerLifespan= 6.72928680386394
ImmType= Sine
AIAdultSlope= 1.31851218098542
AIAdultLD50= 0.335066829109564
AIAdultSlopeContact= 0.980640143305063
AIAdultLD50Contact= 0.00634135704021901
AILarvaSlope= 1.53854977223091
AILarvaLD50= 0.776419726666063
AIKOW= 3.48110206192359
AIKOC= 21.0193047602661
AIHalfLife= 3.74267746810801
EAppRate= 0.567782331700437
