ICQueenStrength= 5.07805510563776
RQWkrDrnRatio= 4.16935545764863
ICDroneMiteSurvivorship= 25.5352519452572
ICWorkerMiteSurvivorship= 16.995652904734
ICForagerLifespan= 9.7951687220484
ImmType= Polynomial
AIAdultSlope= 2.61334581363481
AIAdultLD50= 0.0806112366262823
AIAdultSlopeContact= 2.73453572185943
AIAdultLD50Contact= 0.0411325162393041
AILarvaSlope= 1.57818308635615
AILarvaLD50= 0.421738032787107
AIKOW= 7.35958502721041
AIKOC= 10.1991498796269
AIHalfLife= 4.57341714529321
EAppRate= 0.148813925008289
