ICQueenStrength= 3.83129553776234
RQWkrDrnRatio= 4.35688779968768
ICDroneMiteSurvivorship= 35.3103276109323
ICWorkerMiteSurvivorship= 39.4790692487732
ICForagerLifespan= 10.7916897842661
ImmType= Exponential
AIAdultSlope= 6.8382488260977
AIAdultLD50= 0.800879263086244
AIAdultSlopeContact= 2.62971235672012
AIAdultLD50Contact= 0.0826108179055154
AILarvaSlope= 7.41815767250955
AILarvaLD50= 0.389076875057071
AIKOW= 17.7764285588637
AIKOC= 93.4976040618494
AIHalfLife= 2.58374808123335
EAppRate= 0.714027143083513
