ICQueenStrength= 1.4886017285753
RQWkrDrnRatio= 4.34699786826968
ICDroneMiteSurvivorship= 21.9583403784782
ICWorkerMiteSurvivorship= 47.979666525498
ICForagerLifespan= 9.31756169907749
ImmType= Exponential
AIAdultSlope= 0.0925817003939301
AIAdultLD50= 1.03393353754655
AIAdultSlopeContact= 3.45188561123796
AIAdultLD50Contact= 0.0265336308977567
AILarvaSlope= 2.03180797952227
AILarvaLD50= 0.617934488179162
AIKOW= 6.0242960434407
AIKOC= 15.3745609347243
AIHalfLife= 0.0586254219524562
EAppRate= 0.225325329927728
