ICQueenStrength= 1.7029399392195
RQWkrDrnRatio= 3.35344118252397
ICDroneMiteSurvivorship= 21.3259300217032
ICWorkerMiteSurvivorship= 85.5491595342755
ICForagerLifespan= 4.75164577551186
ImmType= Exponential
AIAdultSlope= 0.856705016302876
AIAdultLD50= 0.278475916129537
AIAdultSlopeContact= 2.6216343538044
AIAdultLD50Contact= 0.00338672344805673
AILarvaSlope= 2.45813062363304
AILarvaLD50= 0.288998768781312
AIKOW= 6.54967982787639
AIKOC= 24.1919496457558
AIHalfLife= 3.8184804469347
EAppRate= 0
