ICQueenStrength= 2.18308144737966
RQWkrDrnRatio= 3.65920482948422
ICDroneMiteSurvivorship= 50.6826103897765
ICWorkerMiteSurvivorship= 34.4253920949996
ICForagerLifespan= 10.4064842276275
ImmType= Sine
AIAdultSlope= 8.50046762498096
