ICQueenStrength= 4.07916375109926
RQWkrDrnRatio= 4.78859756328166
ICDroneMiteSurvivorship= 69.2730970447883
ICWorkerMiteSurvivorship= 19.4679606705904
ICForagerLifespan= 6.10726601537317
ImmType= Sine
AIAdultSlopeContact= 2.17523375758901
AIAdultLD50Contact= 0.087394299544394
AILarvaSlope= 8.38357758708298
AILarvaLD50= 0.65539480233565
AIKOW= 83.7753194617108
AIKOC= 18.0759793147445
AIHalfLife= 3.23468587361276
