ICQueenStrength= 2.90432340605184
RQWkrDrnRatio= 2.09068629611284
ICDroneMiteSurvivorship= 60.442361026071
ICWorkerMiteSurvivorship= 11.4088948816061
ICForagerLifespan= 4.09410569164902
ImmType= Exponential
AIAdultSlope= 3.50688590788515
AIAdultLD50= 0.235241124755703
AIAdultSlopeContact= 0.575957464221865
AIAdultLD50Contact= 0.0263697973568924
AILarvaSlope= 0.543722666846588
AILarvaLD50= 0.340523808030412
AIKOW= 2.16728112706915
AIKOC= 19.434731536312
AIHalfLife= 1.2434140953701
EAppRate= 0
