ICQueenStrength= 4.66810470353812
RQWkrDrnRatio= 2.55340658314526
ICDroneMiteSurvivorship= 3.74701037071645
ICWorkerMiteSurvivorship= 85.6258177664131
ICForagerLifespan= 9.20314597710967
ImmType= Polynomial
AIAdultSlope= 0.732490045204759
AIAdultLD50= 1.44282493181527
AIAdultSlopeContact= 2.93407074461225
AIAdultLD50Contact= 0.00256523930002004
AILarvaSlope= 3.06121665402316
AILarvaLD50= 0.411008537071757
AIKOW= 4.83661978133023
AIKOC= 11.9935710111167
AIHalfLife= 8.23792140278965
EAppRate= 0.680772915482521
