ICQueenStrength= 2.14108635811135
RQWkrDrnRatio= 2.86097914073616
ICDroneMiteSurvivorship= 75.0329370144755
ICWorkerMiteSurvivorship= 35.7077516149729
ICForagerLifespan= 4.78345703985542
ImmType= Tangent
AIAdultLD50= 0.154012839635834
AIAdultSlopeContact= 0.207835602813866
AIAdultLD50Contact= 0.00849025484640151
AILarvaSlope= 0.773075349163264
AILarvaLD50= 0.461244502686895
AIKOW= 2.37077197106555
AIKOC= 7.20338819199242
AIHalfLife= 0.921094293240458
EAppRate= 0.669601295143366
