ICQueenStrength= 4.90059654600918
RQWkrDrnRatio= 1.13947148434818
ICDroneMiteSurvivorship= 81.1832383507863
ICWorkerMiteSurvivorship= 8.28794706612825
ICForagerLifespan= 13.0777466418222
ImmType= Sine
AIAdultSlope= 0.865285242469981
AIAdultLD50= 0.0650343536399305
AIAdultSlopeContact= 0.672358705492225
AIAdultLD50Contact= 0.009685123199597
AILarvaSlope= 2.81584332757629
AILarvaLD50= 0.257083560386673
AIKOW= 2.03156784689054
AIKOC= 9.04298686771654
AIHalfLife= 3.59845397528261
EAppRate= 0.224925079499371
