ICQueenStrength= 3.52157295588404
RQWkrDrnRatio= 1.02685858495533
ICDroneMiteSurvivorship= 41.1410298198462
ICWorkerMiteSurvivorship= 52.1845948183909
ICForagerLifespan= 6.69325124751776
ImmType= Polynomial
AIAdultSlopeContact= 3.62715839157114
AIAdultLD50Contact= 0.0458859794773161
AILarvaSlope= 2.55931952558458
AILarvaLD50= 0.722217899397947
AIKOW= 2.31706822058186
AIKOC= 20.3113099571783
AIHalfLife= 12.5023616352119
