ICQueenStrength= 5.16008426109329
RQWkrDrnRatio= 1.89194267429411
ICDroneMiteSurvivorship= 29.0880875429139
ICWorkerMiteSurvivorship= 94.8086624033749
ICForagerLifespan= 8.06656959373504
ImmType= Polynomial
AIAdultSlope= 2.95579583840445
AIAdultLD50= 2.62519999989308
AIAdultSlopeContact= 1.37817156699719
AIAdultLD50Contact= 0.0163600435596891
AILarvaSlope= 2.50427474509925
AILarvaLD50= 0.681091893045232
AIKOW= 2.85833825403824
AIKOC= 7.9081852233503
AIHalfLife= 0.346094216685742
EAppRate= 0.296757859410718
