ICQueenStrength= 1.81807293230668
RQWkrDrnRatio= 3.65097235422581
ICDroneMiteSurvivorship= 62.9304155241698
ICWorkerMiteSurvivorship= 36.1805473221466
ICForagerLifespan= 14.8247853312641
ImmType= Cosine
AIAdultSlope= 6.68093574233353
