ICQueenStrength= 3.57850237307139
RQWkrDrnRatio= 3.88217259384692
ICDroneMiteSurvivorship= 38.8054372975603
ICWorkerMiteSurvivorship= 59.2356462730095
ICForagerLifespan= 5.90956460218877
ImmType= Tangent
AIAdultSlope= 3.29549118029885
AIAdultLD50= 0.0394728134851903
AIAdultSlopeContact= 2.46684244815493
AIAdultLD50Contact= 0.0230647129472345
AILarvaSlope= 3.04170614494942
AILarvaLD50= 0.377538299770094
AIKOW= 5.74616523878649
AIKOC= 26.2364194856491
AIHalfLife= 3.70370223885402
EAppRate= 0
