ICQueenStrength= 5.69319672673009
RQWkrDrnRatio= 1.03274642582983
ICDroneMiteSurvivorship= 26.3096567708999
ICWorkerMiteSurvivorship= 68.17525557708
ICForagerLifespan= 13.8450138652697
ImmType= Tangent
AIAdultSlope= 1.00880873115733
AIAdultLD50= 0.489439517376013
AIAdultSlopeContact= 0.28358962344937
AIAdultLD50Contact= 0.0327122807851993
AILarvaSlope= 1.44005102696829
AILarvaLD50= 0.780760942725465
AIKOW= 2.95988309429958
AIKOC= 15.7628498051781
AIHalfLife= 0.385864413110539
EAppRate= 0.537013911968097
