ICQueenStrength= 2.05962342582643
RQWkrDrnRatio= 1.78919781651348
ICDroneMiteSurvivorship= 29.4312496203929
ICWorkerMiteSurvivorship= 23.1590627459809
ICForagerLifespan= 13.492152698338
ImmType= Exponential
AIAdultSlopeContact= 0.243667187194806
AIAdultLD50Contact= 0.0121812755474821
AILarvaSlope= 3.02379694436677
AILarvaLD50= 0.194694143417291
AIKOW= 6.47355720354244
AIKOC= 16.3452232384589
AIHalfLife= 9.56391034414992
