ICQueenStrength= 1.27571752783842
RQWkrDrnRatio= 1.46000473666936
ICDroneMiteSurvivorship= 57.9002591315657
ICWorkerMiteSurvivorship= 2.63923031743616
ICForagerLifespan= 13.1948048761114
ImmType= Polynomial
AIAdultSlope= 0.246215283174533
AIAdultLD50= 0.249181337771006
AIAdultSlopeContact= 2.19291232401738
AIAdultLD50Contact= 0.00890268789371476
AILarvaSlope= 0.900051114568487
AILarvaLD50= 0.840578408748843
AIKOW= 7.15035798028111
AIKOC= 21.5421365818474
AIHalfLife= 1.80317606660537
EAppRate= 0
