ICQueenStrength= 5.96533625992015
RQWkrDrnRatio= 1.12612600903958
ICDroneMiteSurvivorship= 5.51809531170875
ICWorkerMiteSurvivorship= 18.9779124455526
ICForagerLifespan= 13.238954603672
ImmType= Cosine
AIAdultLD50= 0.154012839635834
AIAdultSlopeContact= 1.8437846303056
AIAdultLD50Contact= 0.0331193154328503
AILarvaSlope= 2.66291326703504
AILarvaLD50= 0.373988831369206
AIKOW= 2.75237804511562
AIKOC= 13.9551173557993
AIHalfLife= 4.38174530025572
EAppRate= 0.289993037004024
