ICQueenStrength= 5.03769310796633
RQWkrDrnRatio= 1.10330888349563
ICDroneMiteSurvivorship= 93.452437594533
ICWorkerMiteSurvivorship= 55.3091756999493
ICForagerLifespan= 6.46815170068294
ImmType= Polynomial
AIAdultSlope= 2.46096648350358
AIAdultLD50= 0.175071503967047
AIAdultSlopeContact= 2.18160683850059
AIAdultLD50Contact= 0.00377771195489913
AILarvaSlope= 1.70583652481437
AILarvaLD50= 0.598023003316484
AIKOW= 2.932437537238
AIKOC= 6.60124306567013
AIHalfLife= 5.73078644881025
EAppRate= 0.498650500783697
