ICQueenStrength= 5.92360424716026
RQWkrDrnRatio= 3.58886930253357
ICDroneMiteSurvivorship= 15.6585356686264
ICWorkerMiteSurvivorship= 30.3676272975281
ICForagerLifespan= 15.2015014756471
ImmType= Cosine
AIAdultSlope= 1.24535747665213
AIAdultLD50= 0.00705978914629668
AIAdultSlopeContact= 2.61759467558702
AIAdultLD50Contact= 0.00400447893189266
AILarvaSlope= 0.227304438641295
AILarvaLD50= 0.45032785939984
AIKOW= 3.33661680296063
AIKOC= 28.1290814175736
AIHalfLife= 0.436391358962283
EAppRate= 0.0559566292213276
