ICQueenStrength= 3.35194792505354
RQWkrDrnRatio= 1.01613010838628
