ICQueenStrength= 2.91137836198322
RQWkrDrnRatio= 2.38639739900827
ICDroneMiteSurvivorship= 40.1546861743554
ICWorkerMiteSurvivorship= 62.4494891613722
ICForagerLifespan= 6.13476297445595
ImmType= Exponential
AIAdultSlopeContact= 2.5122903985111
AIAdultLD50Contact= 0.0151459693792276
AILarvaSlope= 2.36078692614101
AILarvaLD50= 0.448266307683662
AIKOW= 3.2052201400511
AIKOC= 14.3015309306793
AIHalfLife= 6.97896807501093
