ICQueenStrength= 1.64349661231972
RQWkrDrnRatio= 4.80387192219496
ICDroneMiteSurvivorship= 18.8451951136813
ICWorkerMiteSurvivorship= 2.34338496811688
ICForagerLifespan= 12.4850712176412
ImmType= Exponential
AIAdultSlope= 2.08417047206312
AIAdultLD50= 1.39262268156745
AIAdultSlopeContact= 1.85501274867682
AIAdultLD50Contact= 0.033503016771283
AILarvaSlope= 0.725186210917309
AILarvaLD50= 0.570813467446715
AIKOW= 4.80322877690196
AIKOC= 25.7038228283636
AIHalfLife= 8.13570106355473
EAppRate= 0.338553823065013
