ICQueenStrength= 2.319898981601
RQWkrDrnRatio= 3.31635630689561
ICDroneMiteSurvivorship= 36.5755802253261
ICWorkerMiteSurvivorship= 84.3607839429751
ICForagerLifespan= 5.93974807020277
ImmType= Logarithmic
AIAdultSlope= 3.35088130114367
AIAdultLD50= 0.425084473798051
AIAdultSlopeContact= 3.39291074127657
AIAdultLD50Contact= 0.0306751359021291
AILarvaSlope= 0.502280191425234
AILarvaLD50= 0.539876742102206
AIKOW= 7.98701994679868
AIKOC= 17.4890930776019
AIHalfLife= 0.213644285686314
EAppRate= 0.424828725168481
