ICQueenStrength= 5.39658455085009
RQWkrDrnRatio= 3.49861641507596
ICDroneMiteSurvivorship= 82.0400831755251
ICWorkerMiteSurvivorship= 31.3966822810471
ICForagerLifespan= 10.0888769542798
ImmType= Polynomial
AIAdultSlopeContact= 3.8817058707308
AIAdultLD50Contact= 0.00819029565900564
AILarvaSlope= 0.457353166816756
AILarvaLD50= 0.295884763961658
AIKOW= 6.394401316531
AIKOC= 19.4633819058072
AIHalfLife= 11.5351970102638
