ICQueenStrength= 3.71542254136875
RQWkrDrnRatio= 2.30963382311165
ICDroneMiteSurvivorship= 92.106850235723
ICWorkerMiteSurvivorship= 35.7614304637536
ICForagerLifespan= 10.3672737181187
ImmType= Exponential
AIAdultSlope= 0.999823368620127
