ICQueenStrength= 5.11450255895033
RQWkrDrnRatio= 1.42255748156458
ICDroneMiteSurvivorship= 11.1618616618216
ICWorkerMiteSurvivorship= 32.6176051981747
ICForagerLifespan= 10.9474677424878
ImmType= Cosine
AIAdultSlope= 9.87211455823854
