ICQueenStrength= 4.71315435855649
RQWkrDrnRatio= 1.35620839521289
ICDroneMiteSurvivorship= 84.0079086367041
ICWorkerMiteSurvivorship= 97.0167895080522
ICForagerLifespan= 13.2820623405278
ImmType= Sine
AIAdultSlope= 3.04878811864182
AIAdultLD50= 0.248101935954764
AIAdultSlopeContact= 0.770820612888783
AIAdultLD50Contact= 0.00465002710698172
AILarvaSlope= 0.359899306902662
AILarvaLD50= 0.424233851116151
AIKOW= 5.5678350450471
AIKOC= 23.9346206549089
AIHalfLife= 3.8270749496296
EAppRate= 0.795178773347288
