ICQueenStrength= 5.40795533475466
RQWkrDrnRatio= 3.16755500435829
ICDroneMiteSurvivorship= 7.16333840973675
ICWorkerMiteSurvivorship= 26.6069072531536
ICForagerLifespan= 4.88611579313874
ImmType= Polynomial
AIAdultSlopeContact= 7.51236387062818
AIAdultLD50Contact= 0.123405745532364
AILarvaSlope= 3.61153098521754
AILarvaLD50= 1.38129282509908
AIKOW= 94.9437732575461
AIKOC= 47.2087406786159
AIHalfLife= 9.50452583935112
