ICQueenStrength= 1.83580829552375
RQWkrDrnRatio= 3.80888706073165
ICDroneMiteSurvivorship= 50.0843999674544
ICWorkerMiteSurvivorship= 31.7534828558564
ICForagerLifespan= 15.4223745120689
ImmType= Cosine
AIAdultSlope= 1.32489516856149
AIAdultLD50= 0.811748745851219
AIAdultSlopeContact= 1.96002859998727
AIAdultLD50Contact= 0.0126697143656202
AILarvaSlope= 3.29885424314998
AILarvaLD50= 0.0113441869849339
AIKOW= 5.25713175954297
AIKOC= 15.7069517311174
AIHalfLife= 9.22950256243348
EAppRate= 0.431255160365254
