ICQueenStrength= 3.55693957326002
RQWkrDrnRatio= 3.45176606718451
ICDroneMiteSurvivorship= 97.4309604382142
ICWorkerMiteSurvivorship= 92.4906795844436
ICForagerLifespan= 15.36212347541
ImmType= Exponential
AIAdultSlope= 3.50368458544835
