ICQueenStrength= 1.07203357294202
RQWkrDrnRatio= 1.97469934076071
ICDroneMiteSurvivorship= 26.8786687403917
ICWorkerMiteSurvivorship= 10.3469425346702
ICForagerLifespan= 8.49986113421619
ImmType= Logarithmic
AIAdultSlope= 0.942587599577382
AIAdultLD50= 1.03483608481474
AIAdultSlopeContact= 0.121331249303184
AIAdultLD50Contact= 0.0176900650025345
AILarvaSlope= 2.13651092657819
AILarvaLD50= 0.560906226583757
AIKOW= 2.1962413219735
AIKOC= 11.6210933029652
AIHalfLife= 9.14087955374271
EAppRate= 0.972135390853509
