ICQueenStrength= 5.60293950513005
RQWkrDrnRatio= 4.49374583829194
ICDroneMiteSurvivorship= 78.1741231912747
ICWorkerMiteSurvivorship= 28.3233925933018
ICForagerLifespan= 4.70591417886317
ImmType= Tangent
AIAdultSlope= 2.69728807129199
AIAdultLD50= 0.315698969527148
AIAdultSlopeContact= 1.69428029946517
AIAdultLD50Contact= 0.0325244799256325
AILarvaSlope= 2.29477609638125
AILarvaLD50= 0.753357929899357
AIKOW= 4.3445065910928
AIKOC= 17.6186419569422
AIHalfLife= 2.4234896118287
EAppRate= 0
