ICQueenStrength= 2.3362454646267
RQWkrDrnRatio= 2.61860803700984
ICDroneMiteSurvivorship= 49.0858195815235
ICWorkerMiteSurvivorship= 61.1334176501259
ICForagerLifespan= 10.3955081254244
ImmType= Logarithmic
AIAdultSlopeContact= 5.42220957111567
AIAdultLD50Contact= 0.0462059441022575
AILarvaSlope= 8.08821672108024
AILarvaLD50= 1.34027223428711
AIKOW= 0.642308429814875
AIKOC= 96.4764808770269
AIHalfLife= 12.188766001258
