ICQueenStrength= 5.62029252084903
RQWkrDrnRatio= 4.87577726598829
ICDroneMiteSurvivorship= 12.0020252885297
ICWorkerMiteSurvivorship= 17.8063647123054
ICForagerLifespan= 6.76992285996675
ImmType= Tangent
AIAdultSlope= 1.90018257065676
AIAdultLD50= 1.93413399998099
AIAdultSlopeContact= 2.81174898044905
AIAdultLD50Contact= 0.0185520853381604
AILarvaSlope= 0.108480660803616
AILarvaLD50= 0.527049836469814
AIKOW= 6.00343346549198
AIKOC= 15.5588083446492
AIHalfLife= 9.78954995796084
EAppRate= 0.768039287999272
