ICQueenStrength= 5.38599541201256
RQWkrDrnRatio= 4.97329625766724
ICDroneMiteSurvivorship= 55.3695742739365
ICWorkerMiteSurvivorship= 41.7713589733467
ICForagerLifespan= 15.3479779157788
ImmType= Cosine
AIAdultSlope= 1.46874754470773
AIAdultLD50= 1.63411242607981
AIAdultSlopeContact= 0.278938076631166
AIAdultLD50Contact= 0.0255327684455551
AILarvaSlope= 2.50267375563271
AILarvaLD50= 0.213466667407192
AIKOW= 5.05507485382259
AIKOC= 22.6675523107406
AIHalfLife= 11.538903599605
EAppRate= 0.42060749605298
