ICQueenStrength= 3.01848709024489
RQWkrDrnRatio= 3.5966657595709
ICDroneMiteSurvivorship= 15.6630569603294
ICWorkerMiteSurvivorship= 48.1566504808143
ICForagerLifespan= 11.0731173017994
ImmType= Polynomial
AIAdultLD50= 0.154012839635834
AIAdultSlopeContact= 0.233293305435218
AIAdultLD50Contact= 0.0331480597960763
AILarvaSlope= 3.03619890571572
AILarvaLD50= 0.0900371968746185
AIKOW= 7.15613762801513
AIKOC= 24.1620339697693
AIHalfLife= 11.2695594765246
EAppRate= 1.92265886394307
