ICQueenStrength= 1.85262327338569
RQWkrDrnRatio= 3.93019638489932
ICDroneMiteSurvivorship= 90.0318922940642
ICWorkerMiteSurvivorship= 13.4877124335617
ICForagerLifespan= 12.5748860873282
ImmType= Tangent
AIAdultSlope= 0.881610126979649
AIAdultLD50= 0.981674588983878
AIAdultSlopeContact= 2.92497044235002
AIAdultLD50Contact= 0.0174992140382528
AILarvaSlope= 1.35082794576883
AILarvaLD50= 0.824316992517561
AIKOW= 7.99275313224643
AIKOC= 7.51371013000607
AIHalfLife= 4.47929584933445
EAppRate= 0.825921184383333
