ICQueenStrength= 3.80091423890553
RQWkrDrnRatio= 3.74745994713157
ICDroneMiteSurvivorship= 45.6898334668949
ICWorkerMiteSurvivorship= 87.4249135376886
ICForagerLifespan= 8.30175540037453
ImmType= Polynomial
AIAdultSlope= 2.25053925593616
AIAdultLD50= 0.199431381886825
AIAdultSlopeContact= 3.85898590747733
AIAdultLD50Contact= 0.0152172104921192
AILarvaSlope= 2.22753360387869
AILarvaLD50= 0.436967101343907
AIKOW= 4.41920719621703
AIKOC= 23.120737693971
AIHalfLife= 0.624688948737457
EAppRate= 0.528815430798568
