ICQueenStrength= 5.20473932288587
RQWkrDrnRatio= 1.15533377043903
ICDroneMiteSurvivorship= 72.1414208645001
ICWorkerMiteSurvivorship= 15.75043478515
ICForagerLifespan= 7.96068520192057
ImmType= Sine
AIAdultSlope= 0.302367138981353
AIAdultLD50= 0.40267710282933
AIAdultSlopeContact= 1.00203034456121
AIAdultLD50Contact= 0.0381484059384093
AILarvaSlope= 0.722069674357772
AILarvaLD50= 0.602173238550313
AIKOW= 2.63081080233678
AIKOC= 16.9260084116831
AIHalfLife= 3.78987904638052
EAppRate= 0.39960131929256
