ICQueenStrength= 4.90863509732299
RQWkrDrnRatio= 3.375971224159
ICDroneMiteSurvivorship= 24.5188880711794
ICWorkerMiteSurvivorship= 65.7414083369076
ICForagerLifespan= 14.7178751733154
ImmType= Sine
AIAdultSlope= 0.775480471272021
AIAdultLD50= 1.74422510666773
AIAdultSlopeContact= 1.38388576828642
AIAdultLD50Contact= 0.0412574034999125
AILarvaSlope= 2.89557836460881
AILarvaLD50= 0.0632273893570527
AIKOW= 3.60082831885666
AIKOC= 5.22215692442842
AIHalfLife= 7.30542382225394
EAppRate= 0.984858715441078
