ICQueenStrength= 4.67887433036231
RQWkrDrnRatio= 1.46257492434233
ICDroneMiteSurvivorship= 51.9879890838638
ICWorkerMiteSurvivorship= 59.7679106984288
ICForagerLifespan= 5.46937747392803
ImmType= Exponential
AIAdultSlope= 6.4124680054374
