ICQueenStrength= 1.22644727490842
RQWkrDrnRatio= 1.83944043330848
ICDroneMiteSurvivorship= 96.610114746727
ICWorkerMiteSurvivorship= 92.0920738950372
ICForagerLifespan= 10.0719251250848
ImmType= Sine
AIAdultSlope= 1.55415394343436
