ICQueenStrength= 5.16941717034206
RQWkrDrnRatio= 2.37077388819307
ICDroneMiteSurvivorship= 30.2763242507353
ICWorkerMiteSurvivorship= 23.5825507668778
ICForagerLifespan= 7.49079610686749
ImmType= Exponential
AIAdultLD50= 0.154012839635834
AIAdultSlopeContact= 1.99150506611913
AIAdultLD50Contact= 0.0441982976160944
AILarvaSlope= 0.261895280051976
AILarvaLD50= 0.28528447591234
AIKOW= 6.6910556522198
AIKOC= 10.6064197036903
AIHalfLife= 6.01282846648246
EAppRate= 0.958005107007921
