ICQueenStrength= 3.05788417486474
RQWkrDrnRatio= 3.17701331712306
ICDroneMiteSurvivorship= 53.2402887009084
ICWorkerMiteSurvivorship= 94.0703731263056
ICForagerLifespan= 10.6429401272908
ImmType= Exponential
AIAdultSlope= 2.45636289911345
AIAdultLD50= 0.438038893975317
AIAdultSlopeContact= 1.33611266216263
AIAdultLD50Contact= 0.0128313414752483
AILarvaSlope= 0.243661420140415
AILarvaLD50= 0.70761405879166
AIKOW= 4.2564707971178
AIKOC= 6.79785677464679
AIHalfLife= 10.3110220725648
EAppRate= 0.743734099902213
