ICQueenStrength= 3.81543737160973
RQWkrDrnRatio= 1.09665445610881
ICDroneMiteSurvivorship= 37.062530615367
ICWorkerMiteSurvivorship= 56.4940715907142
ICForagerLifespan= 11.1633147047833
ImmType= Logarithmic
AIAdultSlope= 2.72434751549736
AIAdultLD50= 1.23900621151552
AIAdultSlopeContact= 0.783992113214917
AIAdultLD50Contact= 0.0498839690932073
AILarvaSlope= 0.61033030920662
AILarvaLD50= 0.823826859472319
AIKOW= 4.28416404360905
AIKOC= 26.0100765980314
AIHalfLife= 1.21792341582477
EAppRate= 0.678755639353767
