ICQueenStrength= 3.60408184258267
RQWkrDrnRatio= 2.47190136183053
ICDroneMiteSurvivorship= 7.92179340496659
ICWorkerMiteSurvivorship= 47.23807326518
ICForagerLifespan= 4.77286447677761
ImmType= Tangent
AIAdultSlope= 8.20348634151742
