ICQueenStrength= 1.87995082023554
RQWkrDrnRatio= 1.60866641812027
ICDroneMiteSurvivorship= 12.046233471483
ICWorkerMiteSurvivorship= 89.8830542806536
ICForagerLifespan= 13.2202581707388
ImmType= Polynomial
AIAdultSlope= 9.8878172156401
