ICQueenStrength= 4.81038267631084
RQWkrDrnRatio= 2.73000487312675
ICDroneMiteSurvivorship= 2.44716273155063
ICWorkerMiteSurvivorship= 76.1171776568517
ICForagerLifespan= 12.1588883744553
ImmType= Sine
AIAdultSlope= 3.18245409480296
AIAdultLD50= 0.849047821713611
AIAdultSlopeContact= 3.23009100604802
AIAdultLD50Contact= 0.0416317726136185
AILarvaSlope= 1.9011263418477
AILarvaLD50= 0.781328213377856
AIKOW= 7.48489691736177
AIKOC= 13.2802249933593
AIHalfLife= 1.92140661040321
EAppRate= 0.657927921507508
