ICQueenStrength= 4.22745597339235
RQWkrDrnRatio= 2.72293653525412
ICDroneMiteSurvivorship= 48.8140694797039
ICWorkerMiteSurvivorship= 18.962735729292
ICForagerLifespan= 5.60278848279268
ImmType= Polynomial
AIAdultSlope= 2.71708164733602
AIAdultLD50= 0.413580694817938
AIAdultSlopeContact= 0.00432458479888737
AIAdultLD50Contact= 0.0371229518787004
AILarvaSlope= 1.23281271546148
AILarvaLD50= 0.528229071130045
AIKOW= 4.50945126125589
AIKOC= 17.3457123932894
AIHalfLife= 4.62125030811876
EAppRate= 0.281549188168719
