ICQueenStrength= 5.73916367511265
RQWkrDrnRatio= 4.76774875540286
ICDroneMiteSurvivorship= 62.4077478656545
ICWorkerMiteSurvivorship= 42.0998237794265
ICForagerLifespan= 14.5732607366517
ImmType= Sine
AIAdultSlope= 1.98880661973031
AIAdultLD50= 0.00219084101263434
AIAdultSlopeContact= 3.29123479959089
AIAdultLD50Contact= 0.0296572637278587
AILarvaSlope= 2.13648599595763
AILarvaLD50= 0.26638070368208
AIKOW= 2.91293349396437
AIKOC= 28.040394927375
AIHalfLife= 2.21699050627649
EAppRate= 0.0738050460116938
