ICQueenStrength= 2.96832469897345
RQWkrDrnRatio= 3.81721329782158
ICDroneMiteSurvivorship= 71.3269198080525
ICWorkerMiteSurvivorship= 65.8435670426115
ICForagerLifespan= 11.0718169920146
ImmType= Cosine
AIAdultSlope= 2.3107891099574
AIAdultLD50= 0.231790381367318
AIAdultSlopeContact= 0.0299359740084037
AIAdultLD50Contact= 0.003051167645026
AILarvaSlope= 0.224935986148193
AILarvaLD50= 0.806472765770741
AIKOW= 7.51448432169855
AIKOC= 6.7911362752784
AIHalfLife= 4.19124907348305
EAppRate= 0
