ICQueenStrength= 5.59229634026997
RQWkrDrnRatio= 1.18726625386626
ICDroneMiteSurvivorship= 80.6186602916569
ICWorkerMiteSurvivorship= 6.01762554142624
ICForagerLifespan= 10.1059436909854
ImmType= Tangent
AIAdultSlope= 9.7493809228763
