ICQueenStrength= 1.82775687566027
RQWkrDrnRatio= 2.2533446168527
ICDroneMiteSurvivorship= 74.4358572876081
ICWorkerMiteSurvivorship= 49.4035813491791
ICForagerLifespan= 9.88450070470572
ImmType= Logarithmic
AIAdultSlope= 7.59224361972883
