ICQueenStrength= 5.39454775303602
RQWkrDrnRatio= 3.30311618745327
ICDroneMiteSurvivorship= 65.4051087796688
ICWorkerMiteSurvivorship= 64.9722961941734
ICForagerLifespan= 15.604683845304
ImmType= Polynomial
AIAdultSlope= 0.309143745854963
AIAdultLD50= 0.371663963072933
AIAdultSlopeContact= 1.7701928517432
AIAdultLD50Contact= 0.0258484647958539
AILarvaSlope= 1.32039563367143
AILarvaLD50= 0.264488774864003
AIKOW= 5.96577418083325
AIKOC= 14.2080124712083
AIHalfLife= 0.927565229358152
EAppRate= 0.557940132240765
