ICQueenStrength= 4.66004515788518
RQWkrDrnRatio= 4.62530653644353
ICDroneMiteSurvivorship= 22.9034470394254
ICWorkerMiteSurvivorship= 79.6942838234827
ICForagerLifespan= 13.5440777894109
ImmType= Sine
AIAdultLD50= 0.154012839635834
AIAdultSlopeContact= 0.964244044732768
AIAdultLD50Contact= 0.0276332672336139
AILarvaSlope= 2.06466451403685
AILarvaLD50= 0.641146627790295
AIKOW= 6.41795831453055
AIKOC= 11.1345555470325
AIHalfLife= 3.03529463429004
EAppRate= 1.65127239888534
