ICQueenStrength= 5.13874524529092
RQWkrDrnRatio= 1.03798990603536
ICDroneMiteSurvivorship= 80.1843065069988
ICWorkerMiteSurvivorship= 66.2784744054079
ICForagerLifespan= 14.7824350250885
ImmType= Tangent
AIAdultSlope= 9.58811738761142
