ICQueenStrength= 2.2454949086532
RQWkrDrnRatio= 2.54636181984097
ICDroneMiteSurvivorship= 99.1734970360994
ICWorkerMiteSurvivorship= 25.8773528505117
ICForagerLifespan= 13.5137337185442
ImmType= Tangent
AIAdultSlope= 0.24656320726499
AIAdultLD50= 0.0954389632679522
AIAdultSlopeContact= 0.513587592844851
AIAdultLD50Contact= 0.00168490024516359
AILarvaSlope= 1.59159707510844
AILarvaLD50= 0.0763330450281501
AIKOW= 6.97273287642747
AIKOC= 25.4311702342238
AIHalfLife= 4.3687437614426
EAppRate= 0.191796192899346
