ICQueenStrength= 3.21659800969064
RQWkrDrnRatio= 4.16775431297719
ICDroneMiteSurvivorship= 44.9240796500817
ICWorkerMiteSurvivorship= 74.2069568252191
ICForagerLifespan= 8.40768372174352
ImmType= Exponential
AIAdultSlope= 1.16607303651981
AIAdultLD50= 1.46856719953939
AIAdultSlopeContact= 0.877173977368511
AIAdultLD50Contact= 0.00842219188343734
AILarvaSlope= 1.28083695941605
AILarvaLD50= 0.173981240903959
AIKOW= 2.08556168945506
AIKOC= 24.3526156246662
AIHalfLife= 12.4199417266063
EAppRate= 0.117342420853674
