ICQueenStrength= 4.09330842364579
RQWkrDrnRatio= 3.09495584759861
