ICQueenStrength= 4.11388923204504
RQWkrDrnRatio= 2.65854495670646
ICDroneMiteSurvivorship= 12.948183529079
ICWorkerMiteSurvivorship= 71.2279790779576
ICForagerLifespan= 11.4349544225261
ImmType= Polynomial
AIAdultSlope= 0.0651683162106201
AIAdultLD50= 0.261856748373248
AIAdultSlopeContact= 2.1042688648263
AIAdultLD50Contact= 0.0475453565944918
AILarvaSlope= 0.889191877562553
AILarvaLD50= 0.473560797655955
AIKOW= 2.13102655578405
AIKOC= 19.6655354008544
AIHalfLife= 3.05339538492262
EAppRate= 0.435672351275571
