ICQueenStrength= 2.45804955041967
RQWkrDrnRatio= 3.74090914148837
ICDroneMiteSurvivorship= 82.7345488592982
ICWorkerMiteSurvivorship= 17.1080273808911
ICForagerLifespan= 15.2839909587055
ImmType= Sine
AIAdultSlope= 2.92254471990746
AIAdultLD50= 0.145653270883486
AIAdultSlopeContact= 2.84160652679857
AIAdultLD50Contact= 0.00541980913840234
AILarvaSlope= 2.26279387674294
AILarvaLD50= 0.115773460711353
AIKOW= 2.26563678728417
AIKOC= 7.31830338598229
AIHalfLife= 4.04780566110276
EAppRate= 0.18522392809391
