ICQueenStrength= 1.91788338846527
RQWkrDrnRatio= 4.7549448441714
ICDroneMiteSurvivorship= 21.4469256345183
ICWorkerMiteSurvivorship= 67.7509108791128
ICForagerLifespan= 7.40334921982139
ImmType= Tangent
AIAdultSlopeContact= 0.46666721628746
AIAdultLD50Contact= 0.0268346203258261
AILarvaSlope= 1.32070282264613
AILarvaLD50= 0.0332453355425969
AIKOW= 3.38637519581243
AIKOC= 22.3587514902465
AIHalfLife= 3.28015627386048
