ICQueenStrength= 4.34704382694326
RQWkrDrnRatio= 2.65280382707715
ICDroneMiteSurvivorship= 28.0904804589227
ICWorkerMiteSurvivorship= 96.3854914996773
ICForagerLifespan= 5.86087034083903
ImmType= Cosine
AIAdultSlopeContact= 1.85722388691036
AIAdultLD50Contact= 0.019030265242327
AILarvaSlope= 2.49370724456385
AILarvaLD50= 0.18411232593935
AIKOW= 2.28031668206677
AIKOC= 26.4166837569792
AIHalfLife= 1.24160978710279
