ICQueenStrength= 2.5403023653198
RQWkrDrnRatio= 3.51851970050484
ICDroneMiteSurvivorship= 77.0640482893214
ICWorkerMiteSurvivorship= 48.4439600957558
ICForagerLifespan= 7.05913424864411
ImmType= Logarithmic
AIAdultSlope= 3.30640686449362
AIAdultLD50= 0.198186196037568
AIAdultSlopeContact= 0.714938518179115
AIAdultLD50Contact= 0.0431501671089791
AILarvaSlope= 0.429536812473089
AILarvaLD50= 0.389191583474167
AIKOW= 4.54681411990896
AIKOC= 14.9137332697865
AIHalfLife= 0.255308153573424
EAppRate= 0.50942529195454
