ICQueenStrength= 3.09743153583258
RQWkrDrnRatio= 2.52517726831138
