ICQueenStrength= 4.51873753708787
RQWkrDrnRatio= 2.18455827329308
ICDroneMiteSurvivorship= 14.9387971730903
ICWorkerMiteSurvivorship= 23.5041820211336
ICForagerLifespan= 5.63061287254095
ImmType= Cosine
AIAdultSlope= 0.346186046954244
