ICQueenStrength= 3.43479747674428
RQWkrDrnRatio= 2.33519783150405
ICDroneMiteSurvivorship= 25.9161534719169
ICWorkerMiteSurvivorship= 66.2244369508699
ICForagerLifespan= 13.6639504097402
ImmType= Polynomial
AIAdultSlope= 0.495260414062068
AIAdultLD50= 2.32935589179397
AIAdultSlopeContact= 1.27363487188937
AIAdultLD50Contact= 0.0229596027056687
AILarvaSlope= 0.285964083112776
AILarvaLD50= 0.302503423998132
AIKOW= 4.37936031026766
AIKOC= 7.18668219749816
AIHalfLife= 13.6412520208396
EAppRate= 0.609883578727022
