ICQueenStrength= 2.15817603655159
RQWkrDrnRatio= 4.32742286752909
ICDroneMiteSurvivorship= 69.8213607305661
ICWorkerMiteSurvivorship= 71.8628791626543
ICForagerLifespan= 7.68350590392947
ImmType= Logarithmic
AIAdultLD50= 0.154012839635834
AIAdultSlopeContact= 1.89837086192798
AIAdultLD50Contact= 0.00729656502371654
AILarvaSlope= 2.68155984655023
AILarvaLD50= 0.57238540307153
AIKOW= 5.11169770546257
AIKOC= 10.4512938135304
AIHalfLife= 11.2885237731971
EAppRate= 0.785566874779761
