ICQueenStrength= 4.10203032684512
RQWkrDrnRatio= 4.78265203628689
ICDroneMiteSurvivorship= 7.88826537318528
ICWorkerMiteSurvivorship= 47.6156947901472
ICForagerLifespan= 4.2115980386734
ImmType= Cosine
AIAdultSlope= 0.710770310135558
AIAdultLD50= 1.95989326271228
AIAdultSlopeContact= 1.56014076695312
AIAdultLD50Contact= 0.0388189346762374
AILarvaSlope= 1.71649281946011
AILarvaLD50= 0.875376804708503
AIKOW= 6.02952038869262
AIKOC= 22.1086926129647
AIHalfLife= 3.83217962644994
EAppRate= 0.921398630831391
