ICQueenStrength= 3.99403393641114
RQWkrDrnRatio= 4.31727488059551
ICDroneMiteSurvivorship= 30.9102151310071
ICWorkerMiteSurvivorship= 87.0788415428251
ICForagerLifespan= 8.64069441892207
ImmType= Logarithmic
AIAdultSlope= 2.90131077817641
AIAdultLD50= 1.75293234642595
AIAdultSlopeContact= 1.2718728743121
AIAdultLD50Contact= 0.00495168262859806
AILarvaSlope= 2.88898088075221
AILarvaLD50= 0.438950133486651
AIKOW= 5.77469355473295
AIKOC= 24.5428023289423
AIHalfLife= 5.91225513303652
EAppRate= 0.266705273184925
