ICQueenStrength= 3.43112217984162
RQWkrDrnRatio= 1.31899653095752
ICDroneMiteSurvivorship= 90.1788944844157
ICWorkerMiteSurvivorship= 33.882510708645
ICForagerLifespan= 6.31272912118584
ImmType= Sine
AIAdultSlope= 1.02300399009604
AIAdultLD50= 0.248968636849895
AIAdultSlopeContact= 2.5138668492646
AIAdultLD50Contact= 0.0391238904325292
AILarvaSlope= 0.164495260873809
AILarvaLD50= 0.339429069659673
AIKOW= 4.50890722405165
AIKOC= 16.4161207457073
AIHalfLife= 2.25138635607436
EAppRate= 0.122791068605147
