ICQueenStrength= 2.84131133253686
RQWkrDrnRatio= 2.62752615381032
ICDroneMiteSurvivorship= 7.75261397939175
ICWorkerMiteSurvivorship= 89.7941298549995
ICForagerLifespan= 12.3179687075317
ImmType= Exponential
AIAdultSlope= 1.0055149866268
AIAdultLD50= 2.95231478777714
AIAdultSlopeContact= 1.74763867261587
AIAdultLD50Contact= 0.0140214085578918
AILarvaSlope= 0.947790374606848
AILarvaLD50= 0.874985958868638
AIKOW= 7.60703322011977
AIKOC= 21.0999701241963
AIHalfLife= 12.0575126744807
EAppRate= 0.481057778233662
