ICQueenStrength= 4.253652616404
RQWkrDrnRatio= 3.72146560065448
ICDroneMiteSurvivorship= 47.5155030377209
ICWorkerMiteSurvivorship= 39.5092545542866
ICForagerLifespan= 12.4147861991078
ImmType= Exponential
AIAdultSlope= 3.61439170628786
AIAdultLD50= 0.434782075579278
AIAdultSlopeContact= 3.16916042600758
AIAdultLD50Contact= 0.0389429472037591
AILarvaSlope= 0.293314012093469
AILarvaLD50= 0.852057368354872
AIKOW= 4.56810702756047
AIKOC= 24.8622434167191
AIHalfLife= 3.25920088216662
EAppRate= 0
