ICQueenStrength= 5.25284462282434
RQWkrDrnRatio= 4.19196617230773
ICDroneMiteSurvivorship= 9.73476490471512
ICWorkerMiteSurvivorship= 94.6819769451395
ICForagerLifespan= 14.3546447539702
ImmType= Tangent
AIAdultSlope= 1.05015288870782
AIAdultLD50= 2.57159673864953
AIAdultSlopeContact= 1.2649909536168
AIAdultLD50Contact= 0.0160433896817267
AILarvaSlope= 3.35175438309088
AILarvaLD50= 0.200559647544287
AIKOW= 4.0023832176812
AIKOC= 5.36627648514695
AIHalfLife= 4.47020438872278
EAppRate= 0.95322595583275
