ICQueenStrength= 2.87405699747615
RQWkrDrnRatio= 2.33935729973018
ICDroneMiteSurvivorship= 3.1186243519187
ICWorkerMiteSurvivorship= 80.9162293793634
ICForagerLifespan= 14.0875752717257
ImmType= Tangent
AIAdultSlope= 1.3116999311652
AIAdultLD50= 0.05214432568755
AIAdultSlopeContact= 1.25014229311841
AIAdultLD50Contact= 0.00241655532736331
AILarvaSlope= 2.6480928724166
AILarvaLD50= 0.828379157627933
AIKOW= 2.1251157913357
AIKOC= 18.5724133520853
AIHalfLife= 1.36641814839095
EAppRate= 0.358761532208882
