ICQueenStrength= 4.42211895273067
RQWkrDrnRatio= 2.04363371245563
ICDroneMiteSurvivorship= 6.06759877409786
ICWorkerMiteSurvivorship= 49.427983071655
ICForagerLifespan= 7.32520442921668
ImmType= Tangent
AIAdultSlope= 0.0985847366973758
