ICQueenStrength= 4.60697317868471
RQWkrDrnRatio= 1.93225668556988
ICDroneMiteSurvivorship= 37.0483092498034
ICWorkerMiteSurvivorship= 77.5677911471575
ICForagerLifespan= 5.5926966574043
ImmType= Tangent
AIAdultSlope= 1.55395950493403
AIAdultLD50= 2.74534404580481
AIAdultSlopeContact= 1.25630225221859
AIAdultLD50Contact= 0.0165154562797397
AILarvaSlope= 1.51282469900325
AILarvaLD50= 0.447927699540742
AIKOW= 4.8744767322205
AIKOC= 18.094455236569
AIHalfLife= 13.430443001911
EAppRate= 0.219131422927603
