ICQueenStrength= 3.88865067646839
RQWkrDrnRatio= 1.32265440747142
ICDroneMiteSurvivorship= 3.49199031479657
ICWorkerMiteSurvivorship= 98.9842998096719
ICForagerLifespan= 4.06951905507594
ImmType= Sine
AIAdultSlope= 1.60308998323744
AIAdultLD50= 0.188835844397545
AIAdultSlopeContact= 3.08719178545754
AIAdultLD50Contact= 0.021209329913836
AILarvaSlope= 0.442428580205888
AILarvaLD50= 0.27986075214576
AIKOW= 6.8079419163987
AIKOC= 29.874248803826
AIHalfLife= 0.189027858432382
EAppRate= 0.424965090607293
