ICQueenStrength= 5.79654113878496
RQWkrDrnRatio= 3.90319206006825
ICDroneMiteSurvivorship= 52.6464484632015
ICWorkerMiteSurvivorship= 51.4762623468414
ICForagerLifespan= 10.9654232263565
ImmType= Exponential
AIAdultSlope= 2.71251310878899
AIAdultLD50= 0.196507793152705
AIAdultSlopeContact= 1.95525556995068
AIAdultLD50Contact= 0.00194495853502303
AILarvaSlope= 1.97928202687763
AILarvaLD50= 0.633520443714224
AIKOW= 7.48180449521169
AIKOC= 9.90220329957083
AIHalfLife= 1.63504632539116
EAppRate= 0.694954062835313
