ICQueenStrength= 1.46933356206864
RQWkrDrnRatio= 1.42852456308901
ICDroneMiteSurvivorship= 89.546464337036
ICWorkerMiteSurvivorship= 11.0525856958702
ICForagerLifespan= 8.2216946715489
ImmType= Sine
AIAdultLD50= 0.154012839635834
AIAdultSlopeContact= 3.20572531462647
AIAdultLD50Contact= 0.0156566137215123
AILarvaSlope= 2.11790963113308
AILarvaLD50= 0.577850335836411
AIKOW= 4.15002532768995
AIKOC= 19.8659978876822
AIHalfLife= 1.14269229955971
EAppRate= 0.427026365417987
