ICQueenStrength= 2.71290907077491
RQWkrDrnRatio= 2.61342871189117
ICDroneMiteSurvivorship= 59.0501555940136
ICWorkerMiteSurvivorship= 39.9618346709758
ICForagerLifespan= 7.41257882397622
ImmType= Logarithmic
AIAdultSlope= 3.74076040938729
AIAdultLD50= 0.287496662465855
AIAdultSlopeContact= 3.51283635933185
AIAdultLD50Contact= 0.0171378974919207
AILarvaSlope= 0.170115912938491
AILarvaLD50= 0.601548088341951
AIKOW= 6.1438872567378
AIKOC= 29.8055444797501
AIHalfLife= 4.72718245582655
EAppRate= 0.394934191112407
