ICQueenStrength= 2.93658648408018
RQWkrDrnRatio= 3.05901295971125
ICDroneMiteSurvivorship= 96.9895960530266
ICWorkerMiteSurvivorship= 94.0292987041175
ICForagerLifespan= 8.93894329573959
ImmType= Logarithmic
AIAdultSlope= 3.28501463211142
AIAdultLD50= 0.762902719667181
AIAdultSlopeContact= 2.70432400432415
AIAdultLD50Contact= 0.012911691062618
AILarvaSlope= 3.08823961648159
AILarvaLD50= 0.797882004221901
AIKOW= 4.11118648573756
AIKOC= 29.698938394431
AIHalfLife= 5.83022004971281
EAppRate= 0.366248328937218
