ICQueenStrength= 1.73691483587027
RQWkrDrnRatio= 4.4784760279581
ICDroneMiteSurvivorship= 45.9112575510517
ICWorkerMiteSurvivorship= 27.7479838114232
ICForagerLifespan= 4.24717146437615
ImmType= Exponential
AIAdultSlope= 2.15424607356079
AIAdultLD50= 0.35186329705175
AIAdultSlopeContact= 3.42417599872453
AIAdultLD50Contact= 0.00948205400491133
AILarvaSlope= 0.456348014669493
AILarvaLD50= 0.586271817935631
AIKOW= 6.54147391114384
AIKOC= 20.5777023814153
AIHalfLife= 1.87660285038874
EAppRate= 0.61755590592511
