ICQueenStrength= 4.2929017720744
RQWkrDrnRatio= 3.88030331023037
ICDroneMiteSurvivorship= 50.4755209898576
ICWorkerMiteSurvivorship= 28.6935046548024
ICForagerLifespan= 12.9905919870362
ImmType= Exponential
AIAdultSlope= 3.67404275276698
AIAdultLD50= 0.232121600885876
AIAdultSlopeContact= 2.40761394165689
AIAdultLD50Contact= 0.000297557131852955
AILarvaSlope= 2.93232670729049
AILarvaLD50= 0.316286217584275
AIKOW= 3.87723248638213
AIKOC= 24.6903317642864
AIHalfLife= 1.67022550711408
EAppRate= 0
