ICQueenStrength= 2.06191704282537
RQWkrDrnRatio= 2.36085721384734
ICDroneMiteSurvivorship= 40.3293648734689
ICWorkerMiteSurvivorship= 45.3336385311559
ICForagerLifespan= 8.6540796533227
ImmType= Cosine
AIAdultSlope= 3.09427603273652
AIAdultLD50= 2.46845728182234
AIAdultSlopeContact= 3.81776499391068
AIAdultLD50Contact= 0.0300455210963264
AILarvaSlope= 1.70610827277415
AILarvaLD50= 0.0920851145870984
AIKOW= 7.21151031460613
AIKOC= 27.3853254399728
AIHalfLife= 5.5869190976955
EAppRate= 0.218381803948432
