ICQueenStrength= 1.38229543436319
RQWkrDrnRatio= 3.49513207841665
