ICQueenStrength= 5.94727582321502
RQWkrDrnRatio= 3.15486883372068
ICDroneMiteSurvivorship= 98.0281472438946
ICWorkerMiteSurvivorship= 3.68427555076778
ICForagerLifespan= 11.4689155807719
ImmType= Cosine
AIAdultSlope= 1.53801089939661
AIAdultLD50= 1.32927653635852
AIAdultSlopeContact= 3.0729177786014
AIAdultLD50Contact= 0.0472600531997159
AILarvaSlope= 2.51915668295696
AILarvaLD50= 0.884217603458092
AIKOW= 3.25063542742282
AIKOC= 6.05568722356111
AIHalfLife= 9.18548404006287
EAppRate= 0.896565149538219
