ICQueenStrength= 2.18014733307064
RQWkrDrnRatio= 3.92927792947739
ICDroneMiteSurvivorship= 53.4720689756796
ICWorkerMiteSurvivorship= 30.1307226764038
ICForagerLifespan= 10.7578563634306
ImmType= Logarithmic
AIAdultSlopeContact= 1.29110935842618
AIAdultLD50Contact= 0.114806046010926
AILarvaSlope= 7.56160872289911
AILarvaLD50= 0.71594619192183
AIKOW= 25.1382088521495
AIKOC= 11.0467554768547
AIHalfLife= 1.59673932055011
