ICQueenStrength= 2.19545942172408
RQWkrDrnRatio= 3.88515276741236
ICDroneMiteSurvivorship= 80.174402310513
ICWorkerMiteSurvivorship= 46.0538075771183
ICForagerLifespan= 6.67482288461179
ImmType= Sine
AIAdultSlope= 9.8711698804982
AIAdultLD50= 0.871740276226774
AIAdultSlopeContact= 8.96116939606145
AIAdultLD50Contact= 0.168074800912291
AILarvaSlope= 6.2665210198611
AILarvaLD50= 1.22116150986403
AIKOW= 0.325219426304102
AIKOC= 6.7385719390586
AIHalfLife= 9.44457109179348
EAppRate= 0.388052323833108
