ICQueenStrength= 5.16962723014876
RQWkrDrnRatio= 1.67068891040981
ICDroneMiteSurvivorship= 52.1952281938866
ICWorkerMiteSurvivorship= 6.66494248434901
ICForagerLifespan= 12.8767277915031
ImmType= Exponential
AIAdultSlopeContact= 5.20822249120101
AIAdultLD50Contact= 0.00259655462577939
AILarvaSlope= 2.08609277149662
AILarvaLD50= 1.53692275192589
AIKOW= 61.8261620635167
AIKOC= 32.3781159706414
AIHalfLife= 3.47610019147396
