ICQueenStrength= 5.8827977408655
RQWkrDrnRatio= 4.39889860432595
ICDroneMiteSurvivorship= 1.00139584392309
ICWorkerMiteSurvivorship= 34.7552424063906
ICForagerLifespan= 7.74056118912995
ImmType= Cosine
AIAdultSlopeContact= 3.22366931242868
AIAdultLD50Contact= 0.101572822406888
AILarvaSlope= 4.6867126156576
AILarvaLD50= 1.2993226479739
AIKOW= 48.9182891324162
AIKOC= 35.3096885140985
AIHalfLife= 3.297231905628
