ICQueenStrength= 1.31612645718269
RQWkrDrnRatio= 4.97935682162642
ICDroneMiteSurvivorship= 92.790676606819
ICWorkerMiteSurvivorship= 74.4347975822166
ICForagerLifespan= 13.539468142204
ImmType= Exponential
AIAdultSlope= 0.857831737124361
AIAdultLD50= 0.376721674343571
AIAdultSlopeContact= 0.88633697161451
AIAdultLD50Contact= 0.0308024674421176
AILarvaSlope= 1.89620699202642
AILarvaLD50= 0.555961199384183
AIKOW= 3.06855059368536
AIKOC= 16.1983741167933
AIHalfLife= 1.07026460580528
EAppRate= 0.626788191800006
