ICQueenStrength= 4.73068904387765
RQWkrDrnRatio= 3.44160121679306
ICDroneMiteSurvivorship= 66.6939780581743
ICWorkerMiteSurvivorship= 26.0920277796686
ICForagerLifespan= 14.5688145086169
ImmType= Polynomial
AIAdultSlope= 6.93527846364304
