ICQueenStrength= 5.05935149872676
RQWkrDrnRatio= 4.37775662261993
ICDroneMiteSurvivorship= 5.77838362660259
ICWorkerMiteSurvivorship= 80.9307554969564
ICForagerLifespan= 12.1168874204159
ImmType= Cosine
AIAdultSlope= 0.835108583234251
AIAdultLD50= 0.367663952289149
AIAdultSlopeContact= 1.81721522241365
AIAdultLD50Contact= 0.021097730868496
AILarvaSlope= 1.37352735218592
AILarvaLD50= 0.640063609625213
AIKOW= 4.86685720644891
AIKOC= 22.7321715571452
AIHalfLife= 3.22480573272333
EAppRate= 0.780041325604543
