ICQueenStrength= 4.27532558119856
RQWkrDrnRatio= 3.80417787097394
ICDroneMiteSurvivorship= 98.279036488384
ICWorkerMiteSurvivorship= 67.8237137151882
ICForagerLifespan= 8.39357448369265
ImmType= Cosine
AIAdultSlope= 2.08806269424967
AIAdultLD50= 0.876526690553874
AIAdultSlopeContact= 0.64008486145176
AIAdultLD50Contact= 0.0188104013679549
AILarvaSlope= 1.28780217487365
AILarvaLD50= 0.0918942762538791
AIKOW= 2.09665473736823
AIKOC= 7.78944449964911
AIHalfLife= 3.8584233331494
EAppRate= 0.509321766439825
