ICQueenStrength= 3.10760191897862
RQWkrDrnRatio= 1.63064778503031
ICDroneMiteSurvivorship= 64.7648144513369
ICWorkerMiteSurvivorship= 49.0134977735579
ICForagerLifespan= 7.74080417491496
ImmType= Exponential
AIAdultSlope= 1.19339682161808
