ICQueenStrength= 1.12964319903404
RQWkrDrnRatio= 3.48709192778915
ICDroneMiteSurvivorship= 9.32604351546615
ICWorkerMiteSurvivorship= 63.0971542326733
ICForagerLifespan= 13.1569110546261
ImmType= Polynomial
AIAdultSlope= 1.03553039301187
AIAdultLD50= 0.617578791920096
AIAdultSlopeContact= 3.46356731636915
AIAdultLD50Contact= 0.043546676216647
AILarvaSlope= 0.14325655545108
AILarvaLD50= 0.562725901301019
AIKOW= 7.82898947643116
AIKOC= 21.2063815747388
AIHalfLife= 7.33702982077375
EAppRate= 0.854387533850968
