ICQueenStrength= 5.47078424622305
RQWkrDrnRatio= 2.32372340466827
ICDroneMiteSurvivorship= 80.034772050567
ICWorkerMiteSurvivorship= 29.1925364173949
ICForagerLifespan= 12.0034913625568
ImmType= Sine
AIAdultSlope= 1.07464951712172
AIAdultLD50= 0.00937012617941946
AIAdultSlopeContact= 2.34922684495803
AIAdultLD50Contact= 0.0234358761110343
AILarvaSlope= 2.49788245973177
AILarvaLD50= 0.700555908540264
AIKOW= 6.67999070743099
AIKOC= 26.0932550253347
AIHalfLife= 4.66211057617329
EAppRate= 0.066647366178222
