ICQueenStrength= 5.14317652001046
RQWkrDrnRatio= 2.82386973872781
ICDroneMiteSurvivorship= 42.0951976673678
ICWorkerMiteSurvivorship= 54.7750701429322
ICForagerLifespan= 13.1621259925887
ImmType= Tangent
AIAdultSlope= 1.97220369307324
AIAdultLD50= 2.16124875540845
AIAdultSlopeContact= 2.7863508248725
AIAdultLD50Contact= 0.0485743583645672
AILarvaSlope= 0.81660862993449
AILarvaLD50= 0.345216503064148
AIKOW= 3.42977421917021
AIKOC= 29.0862286649644
AIHalfLife= 4.72901381459087
EAppRate= 0.017896048957482
