ICQueenStrength= 2.59660756587982
RQWkrDrnRatio= 1.10384573508054
ICDroneMiteSurvivorship= 61.9291444541886
ICWorkerMiteSurvivorship= 96.0859980899841
ICForagerLifespan= 13.5826584491879
ImmType= Sine
AIAdultSlope= 1.41712350058369
AIAdultLD50= 1.51935393316671
AIAdultSlopeContact= 1.63196993578691
AIAdultLD50Contact= 0.0346969249425456
AILarvaSlope= 2.42159965857863
AILarvaLD50= 0.382517005037516
AIKOW= 3.65472194179893
AIKOC= 5.70694850292057
AIHalfLife= 4.70973495068029
EAppRate= 0.581437623128295
