ICQueenStrength= 1.30370041145943
RQWkrDrnRatio= 1.43353330437094
ICDroneMiteSurvivorship= 24.6489036828279
ICWorkerMiteSurvivorship= 33.1791027681902
ICForagerLifespan= 14.7459345916286
ImmType= Exponential
AIAdultSlope= 3.40501161452383
AIAdultLD50= 0.404282118892297
AIAdultSlopeContact= 2.94055847918848
AIAdultLD50Contact= 0.0297518558218144
AILarvaSlope= 0.49239387717098
AILarvaLD50= 0.0556936689885333
AIKOW= 4.937074738089
AIKOC= 7.96459557139315
AIHalfLife= 3.20227261283435
EAppRate= 0
