ICQueenStrength= 5.64211178361438
RQWkrDrnRatio= 1.86666814424098
ICDroneMiteSurvivorship= 78.3699278486893
ICWorkerMiteSurvivorship= 56.7071293946356
ICForagerLifespan= 12.4400169067085
ImmType= Cosine
AIAdultSlope= 1.81288833998842
AIAdultLD50= 0.499958096886985
AIAdultSlopeContact= 1.97889972526347
AIAdultLD50Contact= 0.00751819239230827
AILarvaSlope= 2.09117762777023
AILarvaLD50= 0.780340447998606
AIKOW= 6.98434688476846
AIKOC= 10.8121879119426
AIHalfLife= 2.11088485666551
EAppRate= 0.496391341509297
