ICQueenStrength= 5.95691172312945
RQWkrDrnRatio= 1.34755819477141
ICDroneMiteSurvivorship= 25.5565178347751
ICWorkerMiteSurvivorship= 2.75636909063905
ICForagerLifespan= 10.7272912198678
ImmType= Polynomial
AIAdultSlope= 9.84819593373686
