ICQueenStrength= 3.88339113118127
RQWkrDrnRatio= 2.65314366761595
ICDroneMiteSurvivorship= 10.6098339660093
ICWorkerMiteSurvivorship= 59.8875722847879
ICForagerLifespan= 10.2910166829824
ImmType= Cosine
AIAdultSlope= 9.43811643403023
