ICQueenStrength= 1.94463290646672
RQWkrDrnRatio= 2.3867593575269
ICDroneMiteSurvivorship= 20.4051783308387
ICWorkerMiteSurvivorship= 18.530578026548
ICForagerLifespan= 8.13027621805668
ImmType= Logarithmic
AIAdultSlope= 0.206334442100488
AIAdultLD50= 0.106175937806256
AIAdultSlopeContact= 0.4563301843917
AIAdultLD50Contact= 0.0262172669637948
AILarvaSlope= 0.805678205331787
AILarvaLD50= 0.800909585994668
AIKOW= 3.9924428560771
AIKOC= 23.1028131162748
AIHalfLife= 0.968875341350213
EAppRate= 0.129106092453003
