ICQueenStrength= 1.5455092235934
RQWkrDrnRatio= 1.51266809087247
ICDroneMiteSurvivorship= 45.8375205984339
ICWorkerMiteSurvivorship= 15.7692239386961
ICForagerLifespan= 9.82657152228057
ImmType= Polynomial
AIAdultSlope= 0.0291498397476971
AIAdultLD50= 0.11486878618598
AIAdultSlopeContact= 1.43118774754694
AIAdultLD50Contact= 0.0442124927067198
AILarvaSlope= 0.064873733650893
AILarvaLD50= 0.821929288795218
AIKOW= 5.20907524647191
AIKOC= 12.130325504113
AIHalfLife= 6.76846258947626
EAppRate= 0.194211216410622
