ICQueenStrength= 3.16698060743511
RQWkrDrnRatio= 1.79086707346141
ICDroneMiteSurvivorship= 43.0357115110382
ICWorkerMiteSurvivorship= 53.1197233358398
ICForagerLifespan= 11.3743418436497
ImmType= Sine
AIAdultSlope= 1.91671828506514
