ICQueenStrength= 2.67913476703689
RQWkrDrnRatio= 3.49517551343888
ICDroneMiteSurvivorship= 94.4829171523452
ICWorkerMiteSurvivorship= 37.3520249035209
ICForagerLifespan= 9.5320503320545
ImmType= Tangent
AIAdultSlope= 8.88483201619238
