ICQueenStrength= 3.5251648677513
RQWkrDrnRatio= 3.08770509343594
