ICQueenStrength= 4.05060819955543
RQWkrDrnRatio= 2.53030229639262
ICDroneMiteSurvivorship= 16.6004340862855
ICWorkerMiteSurvivorship= 24.1697288351133
ICForagerLifespan= 4.35331372544169
ImmType= Tangent
AIAdultSlope= 0.544351586932316
AIAdultLD50= 2.07900645327754
AIAdultSlopeContact= 3.46964407321299
AIAdultLD50Contact= 0.036506551457569
AILarvaSlope= 1.77491275616921
AILarvaLD50= 0.42738645337522
AIKOW= 4.05897353775799
AIKOC= 23.4873592224903
AIHalfLife= 8.70863330969587
EAppRate= 0.630739751039073
