ICQueenStrength= 4.86451357975602
RQWkrDrnRatio= 1.58271008729935
ICDroneMiteSurvivorship= 81.5093597164378
ICWorkerMiteSurvivorship= 25.5509540438652
ICForagerLifespan= 5.69946916215122
ImmType= Tangent
AIAdultSlope= 1.80251198541373
AIAdultLD50= 0.796957786660641
AIAdultSlopeContact= 0.063696042818483
AIAdultLD50Contact= 0.00697167991893366
AILarvaSlope= 3.18020170866512
AILarvaLD50= 0.438044525217265
AIKOW= 7.29550547106192
AIKOC= 5.080235657515
AIHalfLife= 7.2640642542392
EAppRate= 0.269350248156115
