ICQueenStrength= 3.2943240753375
RQWkrDrnRatio= 2.64456949848682
ICDroneMiteSurvivorship= 89.3213758477941
ICWorkerMiteSurvivorship= 65.3458889806643
ICForagerLifespan= 11.883925832808
ImmType= Cosine
AIAdultSlope= 1.56825094507076
AIAdultLD50= 0.283750252681784
AIAdultSlopeContact= 1.89760748541215
AIAdultLD50Contact= 0.0337627476197667
AILarvaSlope= 0.444645775482059
AILarvaLD50= 0.201856339490041
AIKOW= 3.89450466632843
AIKOC= 5.29013926396146
AIHalfLife= 2.9471706727054
EAppRate= 0
