ICQueenStrength= 1.15988272964023
RQWkrDrnRatio= 1.42085766233504
ICDroneMiteSurvivorship= 54.9683744087815
ICWorkerMiteSurvivorship= 44.2868228536099
ICForagerLifespan= 13.6554116476327
ImmType= Logarithmic
AIAdultSlopeContact= 3.98424435406923
AIAdultLD50Contact= 0.0678238552063704
AILarvaSlope= 3.07827810524032
AILarvaLD50= 1.28434567339718
AIKOW= 90.6053610378876
AIKOC= 91.6251643793657
AIHalfLife= 7.40660341735929
