ICQueenStrength= 2.27733807661571
RQWkrDrnRatio= 2.84458488877863
ICDroneMiteSurvivorship= 52.3153323214501
ICWorkerMiteSurvivorship= 29.3830246431753
ICForagerLifespan= 8.40985499788076
ImmType= Tangent
AIAdultSlope= 2.69044496776303
AIAdultLD50= 0.0377676014322788
AIAdultSlopeContact= 0.211807254455052
AIAdultLD50Contact= 0.00692693127784878
AILarvaSlope= 0.18166241273284
AILarvaLD50= 0.426904808264226
AIKOW= 3.79022939456627
AIKOC= 7.83489072462544
AIHalfLife= 2.51123180962168
EAppRate= 0.399820728995837
