ICQueenStrength= 3.73517787922174
RQWkrDrnRatio= 1.76678864844143
ICDroneMiteSurvivorship= 27.0295765018091
ICWorkerMiteSurvivorship= 19.7786856209859
ICForagerLifespan= 15.8268353426829
ImmType= Polynomial
AIAdultSlopeContact= 0.570319974920712
AIAdultLD50Contact= 0.0440843901014887
AILarvaSlope= 0.058725359570235
AILarvaLD50= 0.85636742154602
AIKOW= 3.82904603285715
AIKOC= 22.0941879798193
AIHalfLife= 11.1116791693494
