ICQueenStrength= 3.2418502450455
RQWkrDrnRatio= 4.2026529526338
ICDroneMiteSurvivorship= 74.782391753979
ICWorkerMiteSurvivorship= 89.9954298045486
ICForagerLifespan= 11.610916942358
ImmType= Sine
AIAdultSlope= 1.56721635391004
AIAdultLD50= 2.3067603930831
AIAdultSlopeContact= 2.13003108940786
AIAdultLD50Contact= 0.0230459500686266
AILarvaSlope= 0.506252673221752
AILarvaLD50= 0.251956614037044
AIKOW= 3.21740237716585
AIKOC= 7.76853135437705
AIHalfLife= 12.2660157829523
EAppRate= 0.742417980916798
