ICQueenStrength= 2.44191903993487
RQWkrDrnRatio= 1.22947410307825
ICDroneMiteSurvivorship= 59.595098439604
ICWorkerMiteSurvivorship= 92.2058808384463
ICForagerLifespan= 13.4822355182841
ImmType= Exponential
AIAdultSlope= 2.54944056969602
AIAdultLD50= 0.0411622324027121
AIAdultSlopeContact= 3.09153632053407
AIAdultLD50Contact= 0.00704420360270888
AILarvaSlope= 0.124287459533662
AILarvaLD50= 0.124189707473852
AIKOW= 3.19219788815826
AIKOC= 8.06700764922425
AIHalfLife= 3.94733620574698
EAppRate= 0.369799500820227
