ICQueenStrength= 4.63729055039585
RQWkrDrnRatio= 2.28371491003782
ICDroneMiteSurvivorship= 78.313999553211
ICWorkerMiteSurvivorship= 79.9788774223998
ICForagerLifespan= 10.3311475254595
ImmType= Exponential
AIAdultSlope= 0.847013504861388
AIAdultLD50= 0.0265080633107573
AIAdultSlopeContact= 1.44600890881615
AIAdultLD50Contact= 0.0249818033888005
AILarvaSlope= 0.96501480601728
AILarvaLD50= 0.122724715503864
AIKOW= 5.08213045820594
AIKOC= 24.9121341225691
AIHalfLife= 3.05194833897986
EAppRate= 0
