ICQueenStrength= 1.60734658502042
RQWkrDrnRatio= 3.53862212132663
