ICQueenStrength= 4.81354861310683
RQWkrDrnRatio= 3.02311651408672
ICDroneMiteSurvivorship= 22.9422234464437
ICWorkerMiteSurvivorship= 43.1183975655586
ICForagerLifespan= 7.65288531128317
ImmType= Polynomial
AIAdultSlope= 0.966342273494229
AIAdultLD50= 1.11413296591491
AIAdultSlopeContact= 0.172953495362308
AIAdultLD50Contact= 0.0271158234332688
AILarvaSlope= 3.30923647037707
AILarvaLD50= 0.759831479075365
AIKOW= 7.05167865287513
AIKOC= 21.562078287825
AIHalfLife= 2.38287471793592
EAppRate= 0.613944097887725
