ICQueenStrength= 1.92707812553272
RQWkrDrnRatio= 2.47955928370357
ICDroneMiteSurvivorship= 2.60734572075307
ICWorkerMiteSurvivorship= 17.3483802704141
ICForagerLifespan= 13.8567173182964
ImmType= Tangent
AIAdultSlope= 1.41791792078875
AIAdultLD50= 1.97876221407205
AIAdultSlopeContact= 1.53679256073665
AIAdultLD50Contact= 0.000689746881835163
AILarvaSlope= 2.10306430906057
AILarvaLD50= 0.2836237229174
AIKOW= 2.44559991406277
AIKOC= 14.4924290489871
AIHalfLife= 4.48639388056472
EAppRate= 0.985846035182476
