ICQueenStrength= 5.47312855045311
RQWkrDrnRatio= 2.37659976352006
ICDroneMiteSurvivorship= 22.882930142805
ICWorkerMiteSurvivorship= 93.2698725024238
ICForagerLifespan= 4.75755278486758
ImmType= Cosine
AIAdultSlope= 2.61420894032344
AIAdultLD50= 2.09625117830001
AIAdultSlopeContact= 3.76869430719875
AIAdultLD50Contact= 0.00133390106493607
AILarvaSlope= 1.83882048586383
AILarvaLD50= 0.347882276005112
AIKOW= 3.58104327507317
AIKOC= 16.6178856056649
AIHalfLife= 11.570461394731
EAppRate= 0.281016136985272
