ICQueenStrength= 1.47822343185544
RQWkrDrnRatio= 3.04402808193117
ICDroneMiteSurvivorship= 88.5207113577053
ICWorkerMiteSurvivorship= 16.7123302817345
ICForagerLifespan= 10.8129595955834
ImmType= Sine
AIAdultSlope= 0.421416185593698
AIAdultLD50= 0.370845333905891
AIAdultSlopeContact= 0.105108487468679
AIAdultLD50Contact= 0.00110515041742474
AILarvaSlope= 0.668050780240446
AILarvaLD50= 0.404068514029495
AIKOW= 5.31890288786963
AIKOC= 21.0217794531491
AIHalfLife= 1.60407255054452
EAppRate= 0.280617140606046
