ICQueenStrength= 2.62758983089589
RQWkrDrnRatio= 1.53328969422728
ICDroneMiteSurvivorship= 66.2631841143593
ICWorkerMiteSurvivorship= 27.5700671598315
ICForagerLifespan= 7.17700491566211
ImmType= Logarithmic
AIAdultSlopeContact= 2.9808048450714
AIAdultLD50Contact= 0.04066583851818
AILarvaSlope= 2.20643894793466
AILarvaLD50= 0.78476292011328
AIKOW= 3.25790158752352
AIKOC= 23.8796950911637
AIHalfLife= 2.58896827278659
