ICQueenStrength= 3.57096747285686
RQWkrDrnRatio= 1.59123975038528
ICDroneMiteSurvivorship= 52.7562180534005
ICWorkerMiteSurvivorship= 70.2995929401368
ICForagerLifespan= 5.62237941008061
ImmType= Cosine
AIAdultSlopeContact= 3.86243968548719
AIAdultLD50Contact= 0.0333597508608364
AILarvaSlope= 1.0465443094261
AILarvaLD50= 0.558848432055674
AIKOW= 4.69211245561019
AIKOC= 23.9512029406615
AIHalfLife= 3.03063470451161
