ICQueenStrength= 5.94336996576749
RQWkrDrnRatio= 2.07088058628142
ICDroneMiteSurvivorship= 75.9529474657029
ICWorkerMiteSurvivorship= 11.9971902575344
ICForagerLifespan= 8.45433132071048
ImmType= Exponential
AIAdultSlope= 1.33278129063081
AIAdultLD50= 0.40458258241415
AIAdultSlopeContact= 2.55893881974276
AIAdultLD50Contact= 0.044554648688063
AILarvaSlope= 0.0301828689407557
AILarvaLD50= 0.525707608577795
AIKOW= 2.58236302481964
AIKOC= 29.0081317024305
AIHalfLife= 0.158949663164094
EAppRate= 0
