ICQueenStrength= 4.02473785006441
RQWkrDrnRatio= 2.27329451218247
ICDroneMiteSurvivorship= 81.5901498543099
ICWorkerMiteSurvivorship= 21.9243625411764
ICForagerLifespan= 6.65021536033601
ImmType= Tangent
AIAdultSlope= 2.7279398300685
AIAdultLD50= 1.03448240412399
AIAdultSlopeContact= 3.18857142393244
AIAdultLD50Contact= 0.0227563507622108
AILarvaSlope= 0.711542514991015
AILarvaLD50= 0.42042021593079
AIKOW= 5.56946131167933
AIKOC= 15.5351701495238
AIHalfLife= 12.4714163960889
EAppRate= 0.222208763705567
