ICQueenStrength= 5.04760578996502
RQWkrDrnRatio= 1.89066047314554
ICDroneMiteSurvivorship= 56.9036394823343
ICWorkerMiteSurvivorship= 69.5457268040627
ICForagerLifespan= 15.3573872586712
ImmType= Exponential
AIAdultSlope= 2.26344676256413
AIAdultLD50= 0.127860256819986
AIAdultSlopeContact= 1.80881472351495
AIAdultLD50Contact= 0.000179311737883836
AILarvaSlope= 2.65443698111922
AILarvaLD50= 0.507118705683388
AIKOW= 3.60991225391626
AIKOC= 28.8893819740042
AIHalfLife= 3.25634324341081
EAppRate= 0.291002998268232
