ICQueenStrength= 2.24808169901371
RQWkrDrnRatio= 1.73817325942218
ICDroneMiteSurvivorship= 54.9139804439619
ICWorkerMiteSurvivorship= 37.7211762359366
ICForagerLifespan= 10.8457607766613
ImmType= Polynomial
AIAdultSlope= 2.76745217610151
AIAdultLD50= 0.798261677613482
AIAdultSlopeContact= 2.64941300033592
AIAdultLD50Contact= 0.0417295352555811
AILarvaSlope= 2.86054803719744
AILarvaLD50= 0.539868846768513
AIKOW= 2.24594806833193
AIKOC= 29.225633678725
AIHalfLife= 5.24835314089432
EAppRate= 0.63788012531586
