ICQueenStrength= 1.96650153631344
RQWkrDrnRatio= 2.66527362912893
ICDroneMiteSurvivorship= 28.4514421131462
ICWorkerMiteSurvivorship= 67.6732831867412
ICForagerLifespan= 8.32164396345615
ImmType= Sine
AIAdultSlope= 2.62004615622573
AIAdultLD50= 2.55364515515976
AIAdultSlopeContact= 0.169118399221916
AIAdultLD50Contact= 0.0036824997048825
AILarvaSlope= 0.466743513476104
AILarvaLD50= 0.280544804083183
AIKOW= 6.61014735372737
AIKOC= 8.85203997720964
AIHalfLife= 7.46145970746875
EAppRate= 0.598806787282228
