ICQueenStrength= 3.3577235895209
RQWkrDrnRatio= 2.15568391419947
ICDroneMiteSurvivorship= 75.687878462486
ICWorkerMiteSurvivorship= 47.8817943716422
ICForagerLifespan= 12.683151576668
ImmType= Polynomial
AIAdultSlope= 0.46789869917091
AIAdultLD50= 0.373596859863028
AIAdultSlopeContact= 3.90657989756903
AIAdultLD50Contact= 0.0365710400626995
AILarvaSlope= 1.17481000428088
AILarvaLD50= 0.166117082233541
AIKOW= 4.10237348033115
AIKOC= 8.80381229915656
AIHalfLife= 3.32082493696362
EAppRate= 0
