ICQueenStrength= 4.62983434344642
RQWkrDrnRatio= 3.28590761963278
ICDroneMiteSurvivorship= 88.6891425820068
ICWorkerMiteSurvivorship= 8.61378507688642
ICForagerLifespan= 9.60509525984526
ImmType= Logarithmic
AIAdultSlope= 5.84958210820332
AIAdultLD50= 0.826524051837623
AIAdultSlopeContact= 3.96686105756089
AIAdultLD50Contact= 0.195312715647742
AILarvaSlope= 9.22725572716445
AILarvaLD50= 1.30317474436015
AIKOW= 7.24075986072421
AIKOC= 16.2717982195318
AIHalfLife= 11.1100676967762
EAppRate= 1.19034896744415
