ICQueenStrength= 3.64519226620905
RQWkrDrnRatio= 4.36297448724508
ICDroneMiteSurvivorship= 70.8546611014754
ICWorkerMiteSurvivorship= 70.8929994376376
ICForagerLifespan= 14.7237776145339
ImmType= Logarithmic
AIAdultSlope= 6.18025697534904
