ICQueenStrength= 3.05471602850594
RQWkrDrnRatio= 4.39846821967512
ICDroneMiteSurvivorship= 6.14820455666631
ICWorkerMiteSurvivorship= 26.0686774970964
ICForagerLifespan= 14.7810508795083
ImmType= Logarithmic
AIAdultSlopeContact= 9.7318378300406
AIAdultLD50Contact= 0.0300435638520867
AILarvaSlope= 9.31945822201669
AILarvaLD50= 1.10900139203295
AIKOW= 20.3853833023459
AIKOC= 0.235849781893194
AIHalfLife= 4.79666273714975
