ICQueenStrength= 4.66084969136864
RQWkrDrnRatio= 2.17437445838004
ICDroneMiteSurvivorship= 54.2375550838187
ICWorkerMiteSurvivorship= 52.1228261291981
ICForagerLifespan= 4.40283377747983
ImmType= Tangent
AIAdultSlope= 1.46119243940338
AIAdultLD50= 2.95402078726329
AIAdultSlopeContact= 3.73374754503602
AIAdultLD50Contact= 0.0134596058400348
AILarvaSlope= 1.44991383948363
AILarvaLD50= 0.0413274637190625
AIKOW= 3.79713685670868
AIKOC= 7.60311309830286
AIHalfLife= 10.205578987021
EAppRate= 0.446871632710099
