ICQueenStrength= 3.00031336396933
RQWkrDrnRatio= 2.62126261275262
ICDroneMiteSurvivorship= 21.8982459977269
ICWorkerMiteSurvivorship= 51.2493906076998
ICForagerLifespan= 6.64262170530856
ImmType= Logarithmic
AIAdultSlope= 0.0592975059524178
AIAdultLD50= 1.17948763305321
AIAdultSlopeContact= 0.718476209419314
AIAdultLD50Contact= 0.0330818559392355
AILarvaSlope= 2.2990128041245
AILarvaLD50= 0.57085562904831
AIKOW= 6.61595507245511
AIKOC= 9.46495076175779
AIHalfLife= 1.36643237108365
EAppRate= 0.755512397969142
