ICQueenStrength= 3.92594591155648
RQWkrDrnRatio= 4.06767704989761
ICDroneMiteSurvivorship= 80.7596236467361
ICWorkerMiteSurvivorship= 98.5149625921622
ICForagerLifespan= 11.3223210172728
ImmType= Logarithmic
AIAdultSlope= 1.40463974308223
AIAdultLD50= 1.40383352525532
AIAdultSlopeContact= 1.77391130148433
AIAdultLD50Contact= 0.0039719007560052
AILarvaSlope= 2.95399515777826
AILarvaLD50= 0.278950049984269
AIKOW= 2.74682876421139
AIKOC= 24.8647194018122
AIHalfLife= 6.75138409575447
EAppRate= 0.548945018555969
