ICQueenStrength= 4.44704088638537
RQWkrDrnRatio= 4.15040547028184
ICDroneMiteSurvivorship= 47.4178726086393
ICWorkerMiteSurvivorship= 86.9320194004104
ICForagerLifespan= 4.9409803673625
ImmType= Logarithmic
AIAdultSlope= 2.05976329874247
AIAdultLD50= 0.0364820372778922
AIAdultSlopeContact= 3.16355346283643
AIAdultLD50Contact= 0.0378620011382736
AILarvaSlope= 1.25805364320986
AILarvaLD50= 0.0166638446040452
AIKOW= 5.55497266259044
AIKOC= 29.4242609769572
AIHalfLife= 9.30620808061212
EAppRate= 0.416078876005486
