ICQueenStrength= 4.06000479497015
RQWkrDrnRatio= 2.94140269141644
ICDroneMiteSurvivorship= 64.350238093175
ICWorkerMiteSurvivorship= 90.8500875579193
ICForagerLifespan= 8.34368894156069
ImmType= Sine
AIAdultSlopeContact= 2.45406869339291
AIAdultLD50Contact= 0.00986234961310402
AILarvaSlope= 3.04402158949524
AILarvaLD50= 0.676496739056893
AIKOW= 3.79707849631086
AIKOC= 18.7253839639015
AIHalfLife= 0.619963069912046
