ICQueenStrength= 4.67101327865385
RQWkrDrnRatio= 1.53461956325918
ICDroneMiteSurvivorship= 59.3358265934512
ICWorkerMiteSurvivorship= 16.8654215987772
ICForagerLifespan= 4.6511178445071
ImmType= Exponential
AIAdultSlope= 0.8968934151344
AIAdultLD50= 2.71430840645917
AIAdultSlopeContact= 2.34473222208442
AIAdultLD50Contact= 0.00933985547162593
AILarvaSlope= 2.1234891100321
AILarvaLD50= 0.244305948307738
AIKOW= 4.96119823399931
AIKOC= 9.51653499621898
AIHalfLife= 9.9986324980855
EAppRate= 0.793081904063001
