ICQueenStrength= 3.95644886093214
RQWkrDrnRatio= 3.54944257438183
ICDroneMiteSurvivorship= 8.85910007636994
ICWorkerMiteSurvivorship= 39.2404566518962
ICForagerLifespan= 13.6527707669884
ImmType= Sine
AIAdultSlopeContact= 0.716356117946562
AIAdultLD50Contact= 0.0263466535951011
AILarvaSlope= 1.73202492776327
AILarvaLD50= 0.274761959770694
AIKOW= 5.09286747779697
AIKOC= 6.84725783765316
AIHalfLife= 12.6731588221155
