ICQueenStrength= 3.82736968132667
RQWkrDrnRatio= 2.4231532830745
ICDroneMiteSurvivorship= 44.8911191662773
ICWorkerMiteSurvivorship= 45.5027244519442
ICForagerLifespan= 8.54528998490423
ImmType= Sine
AIAdultSlope= 7.63415914028883
