ICQueenStrength= 2.92174512543716
RQWkrDrnRatio= 2.49317707493901
ICDroneMiteSurvivorship= 11.2383281579241
ICWorkerMiteSurvivorship= 61.326189362444
ICForagerLifespan= 10.6181233096868
ImmType= Polynomial
AIAdultLD50= 0.154012839635834
AIAdultSlopeContact= 0.175259237056598
AIAdultLD50Contact= 0.0328688888112083
AILarvaSlope= 1.63895596368238
AILarvaLD50= 0.657963609765284
AIKOW= 5.89545345120132
AIKOC= 14.8806998634245
AIHalfLife= 12.7636350081302
EAppRate= 1.97623388655484
