ICQueenStrength= 3.99587419722229
RQWkrDrnRatio= 3.32561356667429
ICDroneMiteSurvivorship= 6.95534914266318
ICWorkerMiteSurvivorship= 72.6223060395569
ICForagerLifespan= 6.08077273610979
ImmType= Cosine
AIAdultSlope= 1.3458823306486
AIAdultLD50= 1.13272685743868
AIAdultSlopeContact= 0.144148382660933
AIAdultLD50Contact= 0.0131158147822134
AILarvaSlope= 0.597348703211173
AILarvaLD50= 0.0501066843979061
AIKOW= 5.47288825176656
AIKOC= 16.3393863954116
AIHalfLife= 12.2326481929049
EAppRate= 0.852055269293487
