ICQueenStrength= 1.82775687566027
RQWkrDrnRatio= 2.2533446168527
ICDroneMiteSurvivorship= 74.4358572876081
ICWorkerMiteSurvivorship= 49.4035813491791
ICForagerLifespan= 9.88450070470572
ImmType= Logarithmic
AIAdultSlopeContact= 4.53872622689232
AIAdultLD50Contact= 0.196862225793302
AILarvaSlope= 9.01512120617554
AILarvaLD50= 0.161718294490129
AIKOW= 43.3420542627573
AIKOC= 31.8278801161796
AIHalfLife= 0.668749021366239
