ICQueenStrength= 5.85665838350542
RQWkrDrnRatio= 4.28875812143087
ICDroneMiteSurvivorship= 89.7033000132069
ICWorkerMiteSurvivorship= 35.1694736396894
ICForagerLifespan= 13.9890775382519
ImmType= Tangent
AIAdultSlope= 1.30972121005179
AIAdultLD50= 0.117346716462635
AIAdultSlopeContact= 2.08760589754907
AIAdultLD50Contact= 0.00207395710749552
AILarvaSlope= 1.69473694912158
AILarvaLD50= 0.478021114692092
AIKOW= 3.04303091857582
AIKOC= 5.30537976999767
AIHalfLife= 4.15206218021922
EAppRate= 0.559291301597841
