ICQueenStrength= 1.39174442761578
RQWkrDrnRatio= 4.85210345033556
ICDroneMiteSurvivorship= 41.8016229057685
ICWorkerMiteSurvivorship= 64.5671448903158
ICForagerLifespan= 6.92390441149473
ImmType= Logarithmic
AIAdultSlope= 7.66884747892618
AIAdultLD50= 0.695397802861407
AIAdultSlopeContact= 6.58342178212479
AIAdultLD50Contact= 0.182547846343368
AILarvaSlope= 6.84513530228287
AILarvaLD50= 0.34672272996977
AIKOW= 4.92091712076217
AIKOC= 30.6458211038262
AIHalfLife= 0.591417951043695
EAppRate= 1.96669792197645
