ICQueenStrength= 3.35409108106978
RQWkrDrnRatio= 1.1487069549039
ICDroneMiteSurvivorship= 9.95240092743188
ICWorkerMiteSurvivorship= 39.0134726185352
ICForagerLifespan= 15.2122216448188
ImmType= Cosine
AIAdultSlope= 2.31658262670971
AIAdultSlopeContact= 0.447526212790981
AIAdultLD50Contact= 0.0357823725906201
AILarvaSlope= 3.26462457315065
AILarvaLD50= 0.421865418436937
AIKOW= 5.27137256972492
AIKOC= 12.1914708707482
AIHalfLife= 2.6820176881738
