ICQueenStrength= 4.01663685124367
RQWkrDrnRatio= 2.86622364260256
ICDroneMiteSurvivorship= 19.4229780929163
ICWorkerMiteSurvivorship= 60.922644706443
ICForagerLifespan= 10.3342387825251
ImmType= Sine
AIAdultSlopeContact= 0.621194185763598
AIAdultLD50Contact= 0.0488890164531767
AILarvaSlope= 0.505510834278539
AILarvaLD50= 0.603783638519235
AIKOW= 6.87832564860582
AIKOC= 21.3019516621716
AIHalfLife= 9.62622616812587
