ICQueenStrength= 2.06173732085153
RQWkrDrnRatio= 3.27195466868579
ICDroneMiteSurvivorship= 64.6602306049317
ICWorkerMiteSurvivorship= 75.9566164575517
ICForagerLifespan= 15.1819825293496
ImmType= Sine
AIAdultSlope= 0.835279863858596
AIAdultLD50= 0.435126374126412
AIAdultSlopeContact= 1.84020595969632
AIAdultLD50Contact= 0.00255266105523333
AILarvaSlope= 2.77208982012235
AILarvaLD50= 0.815742594539188
AIKOW= 5.64945691311732
AIKOC= 29.4302426232025
AIHalfLife= 0.940414103679359
EAppRate= 0.085328003577888
