ICQueenStrength= 3.1603735210374
RQWkrDrnRatio= 1.37022330332547
ICDroneMiteSurvivorship= 67.7590403473005
ICWorkerMiteSurvivorship= 64.8537275847048
ICForagerLifespan= 6.7531542815268
ImmType= Logarithmic
AIAdultSlope= 2.63913691844791
AIAdultLD50= 0.445547788403928
AIAdultSlopeContact= 2.7848134063161
AIAdultLD50Contact= 0.00382534411037341
AILarvaSlope= 3.13612393848598
AILarvaLD50= 0.191220671427436
AIKOW= 2.26849028747529
AIKOC= 21.274607082596
AIHalfLife= 6.49083686387166
EAppRate= 0.460824034176767
