ICQueenStrength= 3.49549991684034
RQWkrDrnRatio= 4.1744004804641
ICDroneMiteSurvivorship= 46.2785240961239
ICWorkerMiteSurvivorship= 87.4831527937204
ICForagerLifespan= 8.41788516286761
ImmType= Polynomial
AIAdultSlope= 0.0927325130417012
AIAdultLD50= 0.353034834377468
AIAdultSlopeContact= 2.40272599827731
AIAdultLD50Contact= 0.0201883192989044
AILarvaSlope= 1.66413577883504
AILarvaLD50= 0.428829278773628
AIKOW= 4.55845829471946
AIKOC= 6.87434391700663
AIHalfLife= 2.60137391509488
EAppRate= 0.149294881639071
