ICQueenStrength= 1.49739585141651
RQWkrDrnRatio= 4.1333213634789
ICDroneMiteSurvivorship= 65.8997229998931
ICWorkerMiteSurvivorship= 4.60885330103338
ICForagerLifespan= 14.8738149022684
ImmType= Sine
AIAdultSlope= 0.88354954459006
AIAdultLD50= 0.437305234372616
AIAdultSlopeContact= 2.58272167994874
AIAdultLD50Contact= 0.0104477287968621
AILarvaSlope= 2.8628507682588
AILarvaLD50= 0.339008514373563
AIKOW= 2.39399129431695
AIKOC= 29.6903067803942
AIHalfLife= 1.30327516701072
EAppRate= 0.621977075701579
