ICQueenStrength= 5.06914099934511
RQWkrDrnRatio= 1.6294185873121
ICDroneMiteSurvivorship= 16.1023715278134
ICWorkerMiteSurvivorship= 87.6343341544271
ICForagerLifespan= 9.96832244098186
ImmType= Exponential
AIAdultSlope= 0.844872952532023
AIAdultLD50= 0.188252224121243
AIAdultSlopeContact= 0.273024979226757
AIAdultLD50Contact= 0.040945836994797
AILarvaSlope= 2.26631981837563
AILarvaLD50= 0.338273321720772
AIKOW= 5.03457874245942
AIKOC= 22.2322332160547
AIHalfLife= 10.4329735427164
EAppRate= 0.192797413328663
