ICQueenStrength= 1.2705974469427
RQWkrDrnRatio= 2.0962292579934
ICDroneMiteSurvivorship= 24.142811447382
ICWorkerMiteSurvivorship= 63.1312138633803
ICForagerLifespan= 8.59102466329932
ImmType= Exponential
AIAdultSlope= 3.03316200617701
