ICQueenStrength= 3.7845458756201
RQWkrDrnRatio= 2.85765031352639
ICDroneMiteSurvivorship= 82.4482170399278
ICWorkerMiteSurvivorship= 42.6980651682243
ICForagerLifespan= 8.3440558873117
ImmType= Sine
AIAdultSlope= 1.03288705549669
AIAdultLD50= 0.132417602231726
AIAdultSlopeContact= 3.14869538216153
AIAdultLD50Contact= 0.0391197168384679
AILarvaSlope= 1.27495072218589
AILarvaLD50= 0.0288670207606629
AIKOW= 2.97392821637914
AIKOC= 17.1909119479824
AIHalfLife= 1.5757866401691
EAppRate= 0.347559798532166
