ICQueenStrength= 3.46716802124865
RQWkrDrnRatio= 2.78577304072678
ICDroneMiteSurvivorship= 27.8875301359221
ICWorkerMiteSurvivorship= 77.6186386588961
ICForagerLifespan= 12.5993648990989
ImmType= Cosine
AIAdultSlope= 0.17632920348784
AIAdultLD50= 0.336359520093538
AIAdultSlopeContact= 3.45854277814273
AIAdultLD50Contact= 0.04814983389806
AILarvaSlope= 3.30191347086802
AILarvaLD50= 0.355919238296337
AIKOW= 7.49070490710437
AIKOC= 22.3097207036335
AIHalfLife= 1.23111524968408
EAppRate= 0.403953869151883
