ICQueenStrength= 5.54833709867671
RQWkrDrnRatio= 4.83597625140101
ICDroneMiteSurvivorship= 40.7217502593994
ICWorkerMiteSurvivorship= 85.4734579334036
ICForagerLifespan= 7.96107018552721
ImmType= Cosine
AIAdultLD50= 0.154012839635834
AIAdultSlopeContact= 3.56242921296973
AIAdultLD50Contact= 0.000831273198127747
AILarvaSlope= 3.00457613412291
AILarvaLD50= 0.523693367256783
AIKOW= 6.72748765023425
AIKOC= 8.53873204439878
AIHalfLife= 12.2199905514717
EAppRate= 1.10118262656033
