ICQueenStrength= 3.93136468390003
RQWkrDrnRatio= 1.86217836756259
ICDroneMiteSurvivorship= 52.9488071333617
ICWorkerMiteSurvivorship= 53.6715714726597
ICForagerLifespan= 4.37020905222744
ImmType= Sine
AIAdultSlope= 0.704605066773947
AIAdultLD50= 0.411030843504705
AIAdultSlopeContact= 2.26355873684864
AIAdultLD50Contact= 0.00183191781397909
AILarvaSlope= 2.67188330241479
AILarvaLD50= 0.335327213723213
AIKOW= 2.3972266879864
AIKOC= 25.5802767595742
AIHalfLife= 2.01124880928546
EAppRate= 0.00847134324721992
