ICQueenStrength= 4.1090275675524
RQWkrDrnRatio= 1.89613969810307
ICDroneMiteSurvivorship= 2.43035086896271
ICWorkerMiteSurvivorship= 80.0337333697826
ICForagerLifespan= 12.3742255074903
ImmType= Tangent
AIAdultSlopeContact= 3.48484732672339
AIAdultLD50Contact= 0.0068077654694207
AILarvaSlope= 2.94482867214829
AILarvaLD50= 0.551833529490978
AIKOW= 3.16087494092062
AIKOC= 27.2661531879567
AIHalfLife= 0.0269458927214146
