ICQueenStrength= 4.7355086079333
RQWkrDrnRatio= 1.48718866147101
ICDroneMiteSurvivorship= 23.2318855123594
ICWorkerMiteSurvivorship= 62.9557085921988
ICForagerLifespan= 4.40865759644657
ImmType= Tangent
AIAdultSlopeContact= 2.07831723842304
AIAdultLD50Contact= 0.0338121086009778
AILarvaSlope= 1.06798900575377
AILarvaLD50= 0.425902937189676
AIKOW= 5.88700152561069
AIKOC= 10.9674949385226
AIHalfLife= 4.92389785405248
