ICQueenStrength= 2.25425800099038
RQWkrDrnRatio= 4.38684970419854
ICDroneMiteSurvivorship= 20.5094237113371
ICWorkerMiteSurvivorship= 54.1002816287801
ICForagerLifespan= 4.15523695666343
ImmType= Cosine
AIAdultSlope= 0.285178528307006
AIAdultLD50= 0.0386474579572678
AIAdultSlopeContact= 0.253433491818141
AIAdultLD50Contact= 0.0109674318926409
AILarvaSlope= 1.65690124807879
AILarvaLD50= 0.427084543718956
AIKOW= 7.4394822823815
AIKOC= 14.2838934273459
AIHalfLife= 3.44725835835561
EAppRate= 0.250726523343474
