ICQueenStrength= 5.21704619540833
RQWkrDrnRatio= 3.40528883691877
ICDroneMiteSurvivorship= 44.2667841678485
ICWorkerMiteSurvivorship= 14.6182199707255
ICForagerLifespan= 5.07620009034872
ImmType= Polynomial
AIAdultSlope= 1.86992796156555
AIAdultLD50= 0.905801847344264
AIAdultSlopeContact= 2.78158654887462
AIAdultLD50Contact= 0.0131535138119943
AILarvaSlope= 0.514719412149861
AILarvaLD50= 0.190623115701601
AIKOW= 2.56297489767894
AIKOC= 11.078671477735
AIHalfLife= 9.23638561135158
EAppRate= 0.918902387609705
