ICQueenStrength= 2.61079958081245
RQWkrDrnRatio= 1.58950920961797
ICDroneMiteSurvivorship= 1.83896678499877
ICWorkerMiteSurvivorship= 70.5293134786189
ICForagerLifespan= 12.11687512137
ImmType= Cosine
AIAdultSlope= 2.95199491106905
AIAdultLD50= 0.31769453943707
AIAdultSlopeContact= 3.66605372113874
AIAdultLD50Contact= 0.00376536906696856
AILarvaSlope= 3.37941738795489
AILarvaLD50= 0.17459144659806
AIKOW= 7.69055654667318
AIKOC= 11.1684711254202
AIHalfLife= 5.65120697766542
EAppRate= 0.140864518471062
