ICQueenStrength= 4.08723901980557
RQWkrDrnRatio= 4.60134563967586
ICDroneMiteSurvivorship= 95.7676410907879
ICWorkerMiteSurvivorship= 42.9978278232738
ICForagerLifespan= 14.7006181729957
ImmType= Sine
AIAdultSlope= 3.18299028798938
AIAdultLD50= 2.13618141738698
AIAdultSlopeContact= 0.962751433092635
AIAdultLD50Contact= 0.0199017753475346
AILarvaSlope= 0.297183178225532
AILarvaLD50= 0.760022311541252
AIKOW= 3.72731823241338
AIKOC= 9.30467810365371
AIHalfLife= 6.99047963740304
EAppRate= 0.840718906372786
