ICQueenStrength= 5.63704170193523
RQWkrDrnRatio= 4.4262309577316
ICDroneMiteSurvivorship= 43.4169192332774
ICWorkerMiteSurvivorship= 29.2338182916865
ICForagerLifespan= 10.802195508033
ImmType= Exponential
AIAdultSlopeContact= 1.4096362778102
AIAdultLD50Contact= 0.0294237559312023
AILarvaSlope= 0.418129304470494
AILarvaLD50= 0.0708759690402076
AIKOW= 4.27566485246643
AIKOC= 22.786152777262
AIHalfLife= 4.91059124330059
