ICQueenStrength= 1.04778769332916
RQWkrDrnRatio= 3.95291517022997
ICDroneMiteSurvivorship= 26.2533271219581
ICWorkerMiteSurvivorship= 49.0863223792985
ICForagerLifespan= 6.97253213170916
ImmType= Sine
AIAdultSlope= 3.49490729105193
AIAdultLD50= 0.0468849983299151
AIAdultSlopeContact= 0.987766790029127
AIAdultLD50Contact= 0.00608991137705743
AILarvaSlope= 1.35681703318842
AILarvaLD50= 0.67078185940627
AIKOW= 2.15418313909322
AIKOC= 24.5126810169313
AIHalfLife= 4.69946732628159
EAppRate= 0.592690043430775
