ICQueenStrength= 4.90417028917
RQWkrDrnRatio= 4.12918222602457
ICDroneMiteSurvivorship= 35.5046479729936
ICWorkerMiteSurvivorship= 0.669701187871397
ICForagerLifespan= 12.9590167263523
ImmType= Cosine
AIAdultSlopeContact= 0.947156396317296
AIAdultLD50Contact= 0.0129384599858895
AILarvaSlope= 1.45287815621123
AILarvaLD50= 0.401107525848784
AIKOW= 3.69705764530227
AIKOC= 13.481446193764
AIHalfLife= 13.9878919124603
