ICQueenStrength= 1.7954092649743
RQWkrDrnRatio= 3.56797764264047
ICDroneMiteSurvivorship= 96.8698155600578
ICWorkerMiteSurvivorship= 36.3142271526158
ICForagerLifespan= 5.22450179606676
ImmType= Logarithmic
AIAdultSlope= 3.62417135562748
AIAdultLD50= 0.330168609856628
AIAdultSlopeContact= 3.85730387663003
AIAdultLD50Contact= 0.0222963673411869
AILarvaSlope= 0.619142360147089
AILarvaLD50= 0.483371112705208
AIKOW= 5.27707242034376
AIKOC= 15.3581969102379
AIHalfLife= 4.3585041409824
EAppRate= 0
