ICQueenStrength= 1.41506752953865
RQWkrDrnRatio= 3.70737084094435
ICDroneMiteSurvivorship= 6.15944378077984
ICWorkerMiteSurvivorship= 54.369068541564
ICForagerLifespan= 8.76477584987879
ImmType= Sine
AIAdultSlopeContact= 0.814432841234375
AIAdultLD50Contact= 0.0484559758799151
AILarvaSlope= 0.232122927624732
AILarvaLD50= 0.0159766479860991
AIKOW= 6.38742196699604
AIKOC= 25.5357074795756
AIHalfLife= 12.8487559887581
