ICQueenStrength= 2.63073921110481
RQWkrDrnRatio= 4.01944194734097
ICDroneMiteSurvivorship= 95.5859415233135
ICWorkerMiteSurvivorship= 86.7078333627433
ICForagerLifespan= 6.58862851373851
ImmType= Polynomial
AIAdultSlopeContact= 1.43652642555535
AIAdultLD50Contact= 0.0253810806083493
AILarvaSlope= 3.02490668431856
AILarvaLD50= 0.822314846911468
AIKOW= 2.69851587247103
AIKOC= 25.457252743654
AIHalfLife= 11.0637451480143
