ICQueenStrength= 5.0678143419791
RQWkrDrnRatio= 4.40747705940157
ICDroneMiteSurvivorship= 57.394856098108
ICWorkerMiteSurvivorship= 25.1184626482427
ICForagerLifespan= 10.293207670562
ImmType= Cosine
AIAdultSlope= 0.858415025852155
AIAdultLD50= 0.391959550441243
AIAdultSlopeContact= 2.38235665683635
AIAdultLD50Contact= 0.00917974201729521
AILarvaSlope= 1.88938337359577
AILarvaLD50= 0.131199181289412
AIKOW= 4.07103332923725
AIKOC= 26.6068437788635
AIHalfLife= 2.2735307412222
EAppRate= 0.661794253601693
