ICQueenStrength= 3.64884773874655
RQWkrDrnRatio= 3.15573480818421
ICDroneMiteSurvivorship= 32.8275261912495
ICWorkerMiteSurvivorship= 68.9617232885212
ICForagerLifespan= 4.75872888602316
ImmType= Sine
AIAdultSlope= 9.85976910917088
