ICQueenStrength= 2.632058970863
RQWkrDrnRatio= 4.61870432179421
ICDroneMiteSurvivorship= 82.2721314849332
ICWorkerMiteSurvivorship= 90.2440084144473
ICForagerLifespan= 9.57466427702457
ImmType= Cosine
AIAdultSlope= 3.01618238650262
AIAdultLD50= 0.333300967002288
AIAdultSlopeContact= 2.83704316728981
AIAdultLD50Contact= 0.04112758920528
AILarvaSlope= 2.34118886580691
AILarvaLD50= 0.781312714400701
AIKOW= 6.873861850705
AIKOC= 7.79397923732176
AIHalfLife= 0.272383567411453
EAppRate= 0.864824736258015
