ICQueenStrength= 1.1712329138536
RQWkrDrnRatio= 3.8387604849413
ICDroneMiteSurvivorship= 46.4005734305829
ICWorkerMiteSurvivorship= 60.2990409592167
ICForagerLifespan= 12.8704988919199
ImmType= Sine
AIAdultSlope= 1.06784803439397
AIAdultLD50= 0.176934120827354
AIAdultSlopeContact= 2.47565610894933
AIAdultLD50Contact= 0.0251580711454153
AILarvaSlope= 1.58971167723648
AILarvaLD50= 0.694233390782029
AIKOW= 4.19221239769831
AIKOC= 17.1942449477501
AIHalfLife= 4.22418696573004
EAppRate= 0.0413607269758359
