ICQueenStrength= 4.22078279568814
RQWkrDrnRatio= 2.82887102570385
ICDroneMiteSurvivorship= 12.5068330438808
ICWorkerMiteSurvivorship= 33.7145135737956
ICForagerLifespan= 14.268562301062
ImmType= Tangent
AIAdultSlope= 2.11426270857453
AIAdultLD50= 0.125917352968827
AIAdultSlopeContact= 2.49516753629548
AIAdultLD50Contact= 0.02811157774413
AILarvaSlope= 1.76241899412125
AILarvaLD50= 0.590102824615315
AIKOW= 4.97966201044619
AIKOC= 24.2532143264543
AIHalfLife= 1.23437502770685
EAppRate= 0.386548887239769
