ICQueenStrength= 3.72268360713497
RQWkrDrnRatio= 4.9594814190641
ICDroneMiteSurvivorship= 17.1023586532101
ICWorkerMiteSurvivorship= 93.3716592611745
ICForagerLifespan= 11.9600032772869
ImmType= Logarithmic
AIAdultSlope= 3.89756853293628
AIAdultLD50= 0.377022192697041
AIAdultSlopeContact= 2.57609411042416
AIAdultLD50Contact= 0.0301777472370304
AILarvaSlope= 1.07821616409346
AILarvaLD50= 0.341555125149898
AIKOW= 3.66533671692014
AIKOC= 24.9866428505629
AIHalfLife= 3.1952167081181
EAppRate= 0.349537930474617
