ICQueenStrength= 2.99192043626681
RQWkrDrnRatio= 1.6817380040884
ICDroneMiteSurvivorship= 82.7037690905854
ICWorkerMiteSurvivorship= 93.457186431624
ICForagerLifespan= 13.6162277255207
ImmType= Exponential
AIAdultSlope= 0.69631403493695
AIAdultLD50= 2.89466462424025
AIAdultSlopeContact= 3.15152544291923
AIAdultLD50Contact= 0.045573080307804
AILarvaSlope= 1.3747163511347
AILarvaLD50= 0.135125630605035
AIKOW= 3.9540448198095
AIKOC= 13.1402637704741
AIHalfLife= 5.04259653715417
EAppRate= 0.650515192653984
