ICQueenStrength= 4.79062533727847
RQWkrDrnRatio= 1.8569915080443
ICDroneMiteSurvivorship= 59.8150869365782
ICWorkerMiteSurvivorship= 80.2422663429752
ICForagerLifespan= 6.8705261638388
ImmType= Logarithmic
AIAdultSlope= 3.45324525518809
AIAdultLD50= 0.247373028076254
AIAdultSlopeContact= 1.91607497419696
AIAdultLD50Contact= 0.00617774574784562
AILarvaSlope= 2.65941358041018
AILarvaLD50= 0.547303600539453
AIKOW= 2.18875700887293
AIKOC= 9.9981243268121
AIHalfLife= 3.03427340462804
EAppRate= 0.0724587791366503
