ICQueenStrength= 4.18998767179437
RQWkrDrnRatio= 3.22687969449908
ICDroneMiteSurvivorship= 97.2561625065282
ICWorkerMiteSurvivorship= 36.1620217794552
ICForagerLifespan= 14.0041121495888
ImmType= Sine
AIAdultLD50= 0.154012839635834
AIAdultSlopeContact= 2.33253130830126
AIAdultLD50Contact= 0.0356754906359129
AILarvaSlope= 1.5148143957369
AILarvaLD50= 0.776148612331599
AIKOW= 7.5693744244054
AIKOC= 6.53262846288271
AIHalfLife= 6.05701789446175
EAppRate= 1.614920521155
