ICQueenStrength= 3.25005835178308
RQWkrDrnRatio= 4.96005024667829
ICDroneMiteSurvivorship= 68.6826612567529
ICWorkerMiteSurvivorship= 9.89615595899522
ICForagerLifespan= 8.04772971849889
ImmType= Cosine
AIAdultSlope= 5.24034247500822
