ICQueenStrength= 4.4071560529992
RQWkrDrnRatio= 1.83262316975743
