ICQueenStrength= 2.55344765400514
RQWkrDrnRatio= 1.88540228549391
ICDroneMiteSurvivorship= 96.6237811371684
ICWorkerMiteSurvivorship= 51.8140071071684
ICForagerLifespan= 6.0892479410395
ImmType= Cosine
AIAdultSlope= 0.516224234823603
AIAdultLD50= 0.406230405089445
AIAdultSlopeContact= 1.01004022685112
AIAdultLD50Contact= 0.00719889487372711
AILarvaSlope= 0.474364213552326
AILarvaLD50= 0.500544462609105
AIKOW= 2.34559713723138
AIKOC= 16.4188855048269
AIHalfLife= 3.93157858867198
EAppRate= 0
