ICQueenStrength= 5.67651636805385
RQWkrDrnRatio= 2.55068507231772
ICDroneMiteSurvivorship= 46.4896938065067
ICWorkerMiteSurvivorship= 31.6589201334864
ICForagerLifespan= 8.69997868686914
ImmType= Exponential
AIAdultLD50= 0.154012839635834
AIAdultSlopeContact= 3.78620382854249
AIAdultLD50Contact= 0.0255578574491665
AILarvaSlope= 3.29852397595532
AILarvaLD50= 0.674774241400883
AIKOW= 7.6472274591215
AIKOC= 27.5736966996919
AIHalfLife= 2.36240290803835
EAppRate= 1.58422096632421
