ICQueenStrength= 1.59415914467536
RQWkrDrnRatio= 4.04830614104867
ICDroneMiteSurvivorship= 43.2501218281686
ICWorkerMiteSurvivorship= 2.44716273155063
ICForagerLifespan= 13.1340613188222
ImmType= Tangent
AIAdultSlope= 1.58745359140448
AIAdultLD50= 2.80804773070849
AIAdultSlopeContact= 1.11225264644483
AIAdultLD50Contact= 0.0410953054204583
AILarvaSlope= 2.83096053772606
AILarvaLD50= 0.503239325783216
AIKOW= 7.20885475585237
AIKOC= 27.853737155674
AIHalfLife= 4.63692599628121
EAppRate= 0.137243329314515
