ICQueenStrength= 2.89426795579493
RQWkrDrnRatio= 3.36090894695371
ICDroneMiteSurvivorship= 56.2171221477911
ICWorkerMiteSurvivorship= 30.1260083448142
ICForagerLifespan= 15.0574901783839
ImmType= Tangent
AIAdultSlope= 3.25318029786693
AIAdultLD50= 0.498307530535385
AIAdultSlopeContact= 2.00628149458906
AIAdultLD50Contact= 0.0367887309635989
AILarvaSlope= 2.8473713662941
AILarvaLD50= 0.236598304705694
AIKOW= 5.15958331851289
AIKOC= 25.4257162404247
AIHalfLife= 3.09117340133525
EAppRate= 0
