ICQueenStrength= 1.06630279007368
RQWkrDrnRatio= 4.94134716596454
ICDroneMiteSurvivorship= 73.6352328211069
ICWorkerMiteSurvivorship= 36.6880123270676
ICForagerLifespan= 12.2278011608869
ImmType= Sine
AIAdultSlopeContact= 0.240950672733597
AIAdultLD50Contact= 0.00987676909426227
AILarvaSlope= 2.10400837552734
AILarvaLD50= 0.789044375298545
AIKOW= 6.04629570059478
AIKOC= 26.5309433464427
AIHalfLife= 11.4405220896006
