ICQueenStrength= 2.65064194472507
RQWkrDrnRatio= 3.79063034895808
ICDroneMiteSurvivorship= 25.5397622007877
ICWorkerMiteSurvivorship= 27.9009621823207
ICForagerLifespan= 7.67719425261021
ImmType= Polynomial
AIAdultSlope= 7.05106200883165
