ICQueenStrength= 2.25543842092156
RQWkrDrnRatio= 4.55058172624558
ICDroneMiteSurvivorship= 94.2506108433008
ICWorkerMiteSurvivorship= 74.5291049592197
ICForagerLifespan= 9.08827562909573
ImmType= Exponential
AIAdultSlopeContact= 0.870429058559239
AIAdultLD50Contact= 0.0905248401220888
AILarvaSlope= 2.74314783513546
AILarvaLD50= 0.28525507915765
AIKOW= 36.7437939858064
AIKOC= 72.2608998883516
AIHalfLife= 11.6385728325695
