ICQueenStrength= 2.30089799873531
RQWkrDrnRatio= 1.79931249283254
ICDroneMiteSurvivorship= 6.11804535146803
ICWorkerMiteSurvivorship= 63.1555673899129
ICForagerLifespan= 4.76357189938426
ImmType= Logarithmic
AIAdultSlope= 3.36334482510807
AIAdultLD50= 0.281225718208589
AIAdultSlopeContact= 2.40875379033387
AIAdultLD50Contact= 0.0487133900867775
AILarvaSlope= 0.418161180010065
AILarvaLD50= 0.0249434835277498
AIKOW= 4.18442731816322
AIKOC= 27.0601712528151
AIHalfLife= 2.74198567261919
EAppRate= 0
