ICQueenStrength= 2.25128169194795
RQWkrDrnRatio= 4.3310511270538
ICDroneMiteSurvivorship= 45.3633233672008
ICWorkerMiteSurvivorship= 90.8275845926255
ICForagerLifespan= 7.31548606511205
ImmType= Cosine
AIAdultSlope= 3.35507187786978
AIAdultLD50= 0.37740969855804
AIAdultSlopeContact= 2.74761480380315
AIAdultLD50Contact= 0.00259434094186872
AILarvaSlope= 2.0980767228175
AILarvaLD50= 0.694671968836337
AIKOW= 5.92596779624
AIKOC= 14.5567452488467
AIHalfLife= 3.22178173926659
EAppRate= 0.171901300991885
