ICQueenStrength= 3.88043653499335
RQWkrDrnRatio= 4.46630589757115
