ICQueenStrength= 5.11447990103625
RQWkrDrnRatio= 3.84807428251952
ICDroneMiteSurvivorship= 81.4925407292321
ICWorkerMiteSurvivorship= 50.1000553602353
ICForagerLifespan= 9.52200669422746
ImmType= Logarithmic
AIAdultSlope= 3.23335437113419
AIAdultLD50= 0.376275703194551
AIAdultSlopeContact= 0.480183251677081
AIAdultLD50Contact= 0.043227102374658
AILarvaSlope= 1.14604887971655
AILarvaLD50= 0.522228842787445
AIKOW= 6.52081678342074
AIKOC= 25.4409482306801
AIHalfLife= 3.42066121171229
EAppRate= 0.27866462233942
