ICQueenStrength= 2.31965136737563
RQWkrDrnRatio= 3.6004554303363
ICDroneMiteSurvivorship= 74.1442318772897
ICWorkerMiteSurvivorship= 40.996709628962
ICForagerLifespan= 15.7831633109599
ImmType= Cosine
AIAdultSlope= 3.8521203089878
AIAdultLD50= 0.232778353965841
AIAdultSlopeContact= 0.550797060357872
AIAdultLD50Contact= 0.0164873802219518
AILarvaSlope= 0.783578065549955
AILarvaLD50= 0.794133468554355
AIKOW= 3.57802509143949
AIKOC= 25.2646079997066
AIHalfLife= 1.22870689607225
EAppRate= 0.1548524716869
