ICQueenStrength= 1.31533089349978
RQWkrDrnRatio= 3.50232962705195
ICDroneMiteSurvivorship= 20.1560264453292
ICWorkerMiteSurvivorship= 91.7901752749458
ICForagerLifespan= 10.9302179673687
ImmType= Sine
AIAdultSlope= 1.35842659911141
AIAdultLD50= 0.19090358982794
AIAdultSlopeContact= 2.15099551607156
AIAdultLD50Contact= 0.0306631185347214
AILarvaSlope= 2.36371743339114
AILarvaLD50= 0.126688994443975
AIKOW= 7.19764185370877
AIKOC= 22.1629596094135
AIHalfLife= 11.8967995150015
EAppRate= 0.761938062962145
