ICQueenStrength= 1.55653380928561
RQWkrDrnRatio= 4.6290069213137
ICDroneMiteSurvivorship= 48.887439398095
ICWorkerMiteSurvivorship= 81.7260760813951
ICForagerLifespan= 15.0068794619292
ImmType= Cosine
AIAdultSlope= 3.21617049783468
AIAdultLD50= 0.333465447416529
AIAdultSlopeContact= 0.920779179241508
AIAdultLD50Contact= 0.0225765879149549
AILarvaSlope= 1.65462367087603
AILarvaLD50= 0.796039390540682
AIKOW= 7.25807485729456
AIKOC= 17.239245820092
AIHalfLife= 1.217064691009
EAppRate= 0
