ICQueenStrength= 3.63944647391327
RQWkrDrnRatio= 3.26222534943372
ICDroneMiteSurvivorship= 24.1000907029957
ICWorkerMiteSurvivorship= 94.5884719723836
ICForagerLifespan= 10.9683044608682
ImmType= Exponential
AIAdultSlope= 8.28258691821247
