ICQueenStrength= 4.28533030231483
RQWkrDrnRatio= 4.45556826610118
ICDroneMiteSurvivorship= 15.7148046884686
ICWorkerMiteSurvivorship= 31.0347674181685
ICForagerLifespan= 6.62668531853706
ImmType= Sine
AIAdultSlope= 0.307011308101937
AIAdultLD50= 1.69833749346435
AIAdultSlopeContact= 0.816433782801032
AIAdultLD50Contact= 0.00116450019413605
AILarvaSlope= 2.19021111200564
AILarvaLD50= 0.223472112743184
AIKOW= 2.31497900607064
AIKOC= 23.9239731640555
AIHalfLife= 8.4951951391995
EAppRate= 0.519124681130052
