ICQueenStrength= 4.36234298418276
RQWkrDrnRatio= 4.77816200535744
ICDroneMiteSurvivorship= 44.2556560272351
ICWorkerMiteSurvivorship= 12.9351141862571
ICForagerLifespan= 11.8751196097583
ImmType= Logarithmic
AIAdultSlope= 0.735068508470431
AIAdultLD50= 2.88998947874643
AIAdultSlopeContact= 1.51934855697211
AIAdultLD50Contact= 0.0209351460216567
AILarvaSlope= 0.469357017986476
AILarvaLD50= 0.66630209509749
AIKOW= 7.32347327657044
AIKOC= 29.6834650461096
AIHalfLife= 10.5564997885376
EAppRate= 0.360079621197656
