ICQueenStrength= 5.50686891446821
RQWkrDrnRatio= 2.54911312647164
ICDroneMiteSurvivorship= 9.46475809905678
ICWorkerMiteSurvivorship= 3.12155899591744
ICForagerLifespan= 14.4789860015735
ImmType= Polynomial
AIAdultSlope= 1.03663014713675
