ICQueenStrength= 2.17032891721465
RQWkrDrnRatio= 3.96608551032841
ICDroneMiteSurvivorship= 32.5875003589317
ICWorkerMiteSurvivorship= 19.9415261857212
ICForagerLifespan= 15.3501064442098
ImmType= Polynomial
AIAdultSlope= 1.89929048984544
AIAdultLD50= 0.487168998108245
AIAdultSlopeContact= 3.91898825379554
AIAdultLD50Contact= 0.0103246300132014
AILarvaSlope= 2.7825476593338
AILarvaLD50= 0.0709048935212195
AIKOW= 2.38111055968329
AIKOC= 14.5832177670673
AIHalfLife= 2.09841291885823
EAppRate= 0.679568892112002
