ICQueenStrength= 5.86995606566779
RQWkrDrnRatio= 3.36997227277607
ICDroneMiteSurvivorship= 39.4367704167962
ICWorkerMiteSurvivorship= 59.8470877157524
ICForagerLifespan= 5.16397992894053
ImmType= Tangent
AIAdultSlopeContact= 1.54206235479098
AIAdultLD50Contact= 0.0234095725463703
AILarvaSlope= 0.645763544831425
AILarvaLD50= 0.427505818801001
AIKOW= 7.20055169705302
AIKOC= 21.022100194823
AIHalfLife= 10.7243400779553
