ICQueenStrength= 3.26835821638815
RQWkrDrnRatio= 1.8345622709021
ICDroneMiteSurvivorship= 24.092682893388
ICWorkerMiteSurvivorship= 27.4067160440609
ICForagerLifespan= 7.39946066774428
ImmType= Polynomial
AIAdultSlope= 2.28555729151703
AIAdultLD50= 2.04904954810627
AIAdultSlopeContact= 0.238793329701293
AIAdultLD50Contact= 0.0128371430910192
AILarvaSlope= 1.58739219382405
AILarvaLD50= 0.401213565096259
AIKOW= 2.11769819818437
AIKOC= 14.5077201258391
AIHalfLife= 4.0679976567626
EAppRate= 0.0798298195004463
