ICQueenStrength= 4.99399009183981
RQWkrDrnRatio= 2.25356910191476
ICDroneMiteSurvivorship= 96.7269782908261
ICWorkerMiteSurvivorship= 8.53712111711502
ICForagerLifespan= 15.6627929508686
ImmType= Exponential
AIAdultSlope= 0.0447023051837459
AIAdultLD50= 0.243478067219257
AIAdultSlopeContact= 0.138988361342344
AIAdultLD50Contact= 0.0462423134944402
AILarvaSlope= 1.76497925478034
AILarvaLD50= 0.784189764107578
AIKOW= 7.14585460163653
AIKOC= 27.8780848789029
AIHalfLife= 0.741163578350097
EAppRate= 0
