ICQueenStrength= 2.26260598306544
RQWkrDrnRatio= 1.37292607594281
ICDroneMiteSurvivorship= 43.9882152248174
ICWorkerMiteSurvivorship= 91.847539646551
ICForagerLifespan= 4.11268871743232
ImmType= Cosine
AIAdultSlope= 3.60215109599987
AIAdultLD50= 0.148984797066078
AIAdultSlopeContact= 0.179302532365546
AIAdultLD50Contact= 0.0148592837620527
AILarvaSlope= 0.69602046427317
AILarvaLD50= 0.142284476011992
AIKOW= 6.6001341463998
AIKOC= 5.80559909692965
AIHalfLife= 4.0679158072453
EAppRate= 0
