ICQueenStrength= 1.16521349432878
RQWkrDrnRatio= 1.47809952870011
ICDroneMiteSurvivorship= 19.7078742552549
ICWorkerMiteSurvivorship= 24.735294887796
ICForagerLifespan= 14.1370448535308
ImmType= Logarithmic
AIAdultSlope= 2.26595420357771
AIAdultLD50= 1.70289621991105
AIAdultSlopeContact= 0.958629880319349
AIAdultLD50Contact= 0.00040316249942407
AILarvaSlope= 0.295901473751292
AILarvaLD50= 0.453825661540031
AIKOW= 6.14479041099548
AIKOC= 27.0456800947431
AIHalfLife= 1.4334697839804
EAppRate= 0.453386117704213
