ICQueenStrength= 5.72548761288635
RQWkrDrnRatio= 4.01986276451498
ICDroneMiteSurvivorship= 46.5715281199664
ICWorkerMiteSurvivorship= 9.58134816028178
ICForagerLifespan= 8.61033004987985
ImmType= Logarithmic
AIAdultSlope= 7.38228032831103
