ICQueenStrength= 2.39013595995493
RQWkrDrnRatio= 2.6754655148834
ICDroneMiteSurvivorship= 33.3027775399387
ICWorkerMiteSurvivorship= 80.5667740060017
ICForagerLifespan= 11.2963934773579
ImmType= Logarithmic
AIAdultSlope= 0.700494944485836
AIAdultLD50= 0.174684508237988
AIAdultSlopeContact= 3.41084201842546
AIAdultLD50Contact= 0.0240841881372035
AILarvaSlope= 1.22986639868468
AILarvaLD50= 0.215076136146672
AIKOW= 4.55005142884329
AIKOC= 19.9890273693018
AIHalfLife= 3.97003176272847
EAppRate= 0
