ICQueenStrength= 2.45188994356431
RQWkrDrnRatio= 3.48169639520347
ICDroneMiteSurvivorship= 73.728040815331
ICWorkerMiteSurvivorship= 1.28699715714902
ICForagerLifespan= 9.28588090185076
ImmType= Polynomial
AIAdultSlope= 1.59699295735918
AIAdultLD50= 2.64563358575106
AIAdultSlopeContact= 0.769489925801754
AIAdultLD50Contact= 0.0277276148786768
AILarvaSlope= 0.247401457326487
AILarvaLD50= 0.307367045944557
AIKOW= 4.49446320859715
AIKOC= 23.1598995462991
AIHalfLife= 8.62982364231721
EAppRate= 0.317710378672928
