ICQueenStrength= 5.8106076894328
RQWkrDrnRatio= 2.89927632175386
ICDroneMiteSurvivorship= 43.9172182697803
ICWorkerMiteSurvivorship= 68.5135200619698
ICForagerLifespan= 8.59248887561262
ImmType= Exponential
AIAdultSlope= 2.84614113623975
AIAdultLD50= 0.486291900626384
AIAdultSlopeContact= 3.42785948446719
AIAdultLD50Contact= 0.0151140539906919
AILarvaSlope= 2.95333184241317
AILarvaLD50= 0.350655270670541
AIKOW= 7.03346273628995
AIKOC= 10.5435126007069
AIHalfLife= 1.85063460259698
EAppRate= 0.448294620844535
