ICQueenStrength= 5.2329369566869
RQWkrDrnRatio= 2.91577022336423
ICDroneMiteSurvivorship= 33.4464724408463
ICWorkerMiteSurvivorship= 42.2111496096477
ICForagerLifespan= 9.17828398942947
ImmType= Logarithmic
AIAdultSlope= 1.45577323827893
AIAdultLD50= 1.98698092997074
AIAdultSlopeContact= 1.12397043739446
AIAdultLD50Contact= 0.0414958265377209
AILarvaSlope= 0.861985058011487
AILarvaLD50= 0.802172776102088
AIKOW= 6.49364316044375
AIKOC= 18.4764126094524
AIHalfLife= 13.1401497451589
EAppRate= 0.506800080882385
