ICQueenStrength= 2.94304566015489
RQWkrDrnRatio= 4.74643334094435
ICDroneMiteSurvivorship= 69.7489631129429
ICWorkerMiteSurvivorship= 54.4985557207838
ICForagerLifespan= 7.53191497456282
ImmType= Polynomial
AIAdultSlopeContact= 2.61953891125973
AIAdultLD50Contact= 0.00222240503644571
AILarvaSlope= 1.70496463151649
AILarvaLD50= 0.769662787020207
AIKOW= 4.38843773677945
AIKOC= 18.9140808256343
AIHalfLife= 9.99179688328877
