ICQueenStrength= 4.62828714423813
RQWkrDrnRatio= 3.16840524040163
ICDroneMiteSurvivorship= 63.0018720636144
ICWorkerMiteSurvivorship= 28.2074044225737
ICForagerLifespan= 8.32023967895657
ImmType= Logarithmic
AIAdultSlope= 0.405107770534232
AIAdultLD50= 0.878244419116527
AIAdultSlopeContact= 0.451142480839044
AIAdultLD50Contact= 0.0250084215193056
AILarvaSlope= 2.6260020413436
AILarvaLD50= 0.839521259861067
AIKOW= 3.81977181183174
AIKOC= 6.44727526931092
AIHalfLife= 4.26273996755481
EAppRate= 0.33103330200538
