ICQueenStrength= 5.98973148060031
RQWkrDrnRatio= 1.11932923458517
ICDroneMiteSurvivorship= 76.5311683295295
ICWorkerMiteSurvivorship= 42.471629451029
ICForagerLifespan= 13.020770277828
ImmType= Logarithmic
AIAdultSlope= 1.58745443741558
AIAdultLD50= 0.0356387357460335
AIAdultSlopeContact= 3.85470517979935
AIAdultLD50Contact= 0.00366262843599543
AILarvaSlope= 0.872799557168037
AILarvaLD50= 0.148167739715427
AIKOW= 6.11705985106528
AIKOC= 12.1875658934005
AIHalfLife= 1.05572985485196
EAppRate= 0.44822476406116
