ICQueenStrength= 5.83857197337784
RQWkrDrnRatio= 4.87258778419346
ICDroneMiteSurvivorship= 64.5326213445514
ICWorkerMiteSurvivorship= 25.5585100036114
ICForagerLifespan= 9.71416571643203
ImmType= Sine
AIAdultSlope= 1.30425114943646
AIAdultLD50= 1.24550427566282
AIAdultSlopeContact= 1.49763994642999
AIAdultLD50Contact= 0.0174047317006625
AILarvaSlope= 0.398148823948577
AILarvaLD50= 0.142817289289087
AIKOW= 6.92784580541775
AIKOC= 18.1550199410412
AIHalfLife= 6.95080520631745
EAppRate= 0.867282192688435
