ICQueenStrength= 4.00518339383416
RQWkrDrnRatio= 2.07746652979404
ICDroneMiteSurvivorship= 44.7242117254063
ICWorkerMiteSurvivorship= 42.9598040180281
ICForagerLifespan= 8.83055790327489
ImmType= Sine
AIAdultLD50= 0.154012839635834
AIAdultSlopeContact= 3.04507190797012
AIAdultLD50Contact= 0.0249673869693652
AILarvaSlope= 1.12700510355644
AILarvaLD50= 0.4835929651279
AIKOW= 7.61267331195995
AIKOC= 21.9247178884689
AIHalfLife= 5.84019702440128
EAppRate= 0.882956320419908
