ICQueenStrength= 5.45911609451286
RQWkrDrnRatio= 1.55850896704942
ICDroneMiteSurvivorship= 25.8758069016039
ICWorkerMiteSurvivorship= 46.0882518906146
ICForagerLifespan= 11.693342144601
ImmType= Sine
AIAdultSlope= 2.25836066016927
AIAdultLD50= 2.7599317508284
AIAdultSlopeContact= 1.6526116479747
AIAdultLD50Contact= 0.0189859613776207
AILarvaSlope= 2.74845548020676
AILarvaLD50= 0.80362374430988
AIKOW= 7.88516882341355
AIKOC= 26.9728177587967
AIHalfLife= 11.2736293417402
EAppRate= 0.580330132972449
