ICQueenStrength= 3.81812022789381
RQWkrDrnRatio= 3.73778495751321
ICDroneMiteSurvivorship= 98.7669924274087
ICWorkerMiteSurvivorship= 68.077806616202
ICForagerLifespan= 10.6694359770045
ImmType= Logarithmic
AIAdultSlopeContact= 3.36208140055183
AIAdultLD50Contact= 0.039759125537239
AILarvaSlope= 0.579344286862761
AILarvaLD50= 0.625624651322141
AIKOW= 4.45577859086916
AIKOC= 5.99365095375106
AIHalfLife= 2.16709589585662
