ICQueenStrength= 5.32020995649509
RQWkrDrnRatio= 3.71932762581855
ICDroneMiteSurvivorship= 64.2827015602961
ICWorkerMiteSurvivorship= 19.9717483948916
ICForagerLifespan= 13.967338507995
ImmType= Logarithmic
AIAdultSlope= 4.3581131589599
AIAdultLD50= 0.580337412888184
AIAdultSlopeContact= 3.01252587465569
AIAdultLD50Contact= 0.103576814662665
AILarvaSlope= 3.3806359092705
AILarvaLD50= 1.0780843035318
AIKOW= 36.3070115447044
AIKOC= 49.0594394505024
AIHalfLife= 13.7185144107789
EAppRate= 1.32836737064645
