ICQueenStrength= 3.58136786404066
RQWkrDrnRatio= 1.7281239759177
ICDroneMiteSurvivorship= 82.8911434626207
ICWorkerMiteSurvivorship= 94.0469299210235
ICForagerLifespan= 14.2527323560789
ImmType= Exponential
AIAdultSlope= 2.79237191895023
AIAdultLD50= 0.111167742288671
AIAdultSlopeContact= 2.84249548035208
AIAdultLD50Contact= 0.0040461967815645
AILarvaSlope= 1.63518880940974
AILarvaLD50= 0.140485149621964
AIKOW= 3.20016524894163
AIKOC= 16.9797040650155
AIHalfLife= 2.9865370830521
EAppRate= 0.398618815117516
