ICQueenStrength= 4.64302260917611
RQWkrDrnRatio= 1.71446388307959
ICDroneMiteSurvivorship= 79.3397618690506
ICWorkerMiteSurvivorship= 87.7798658562824
ICForagerLifespan= 8.92047759704292
ImmType= Sine
AIAdultSlopeContact= 0.36360340397805
AIAdultLD50Contact= 0.00962160181952641
AILarvaSlope= 1.68458188241348
AILarvaLD50= 0.805707746744156
AIKOW= 7.71298186201602
AIKOC= 29.3115289253183
AIHalfLife= 5.24936688551679
