ICQueenStrength= 1.67332002683543
RQWkrDrnRatio= 2.90913931466639
ICDroneMiteSurvivorship= 11.6904869442806
ICWorkerMiteSurvivorship= 45.045799179934
ICForagerLifespan= 7.45625767298043
ImmType= Cosine
AIAdultSlopeContact= 2.1082808827702
AIAdultLD50Contact= 0.014444984914735
AILarvaSlope= 0.665821800846606
AILarvaLD50= 0.65882383317221
AIKOW= 4.74475338216871
AIKOC= 21.6206311143469
AIHalfLife= 3.40892786579207
