ICQueenStrength= 4.01926751155406
RQWkrDrnRatio= 2.85795440152287
