ICQueenStrength= 3.53070568200201
RQWkrDrnRatio= 2.68598419148475
ICDroneMiteSurvivorship= 17.6017006160691
ICWorkerMiteSurvivorship= 58.614982990548
ICForagerLifespan= 10.7625340549275
ImmType= Polynomial
AIAdultSlope= 0.794629597042222
AIAdultLD50= 0.232681717141531
AIAdultSlopeContact= 3.06407999501796
AIAdultLD50Contact= 0.00277072789613158
AILarvaSlope= 1.95733167426661
AILarvaLD50= 0.206632923125289
AIKOW= 5.3052794621326
AIKOC= 25.8629474393092
AIHalfLife= 1.99231432750821
EAppRate= 0
