ICQueenStrength= 1.9989451628644
RQWkrDrnRatio= 4.13452262617648
ICDroneMiteSurvivorship= 23.4038435155526
ICWorkerMiteSurvivorship= 62.3219317058101
ICForagerLifespan= 10.9363134242594
ImmType= Cosine
AIAdultSlope= 0.498974186042324
AIAdultLD50= 0.162230250192806
AIAdultSlopeContact= 1.07364157745149
AIAdultLD50Contact= 0.0100532060256228
AILarvaSlope= 2.7368890393991
AILarvaLD50= 0.0872237165691331
AIKOW= 6.87778408965096
AIKOC= 13.0310461926274
AIHalfLife= 4.06109704519622
EAppRate= 0.578719596518204
