ICQueenStrength= 4.37030895869248
RQWkrDrnRatio= 3.68365371972322
ICDroneMiteSurvivorship= 47.3340505966917
ICWorkerMiteSurvivorship= 52.5274214567617
ICForagerLifespan= 5.04581145010889
ImmType= Logarithmic
AIAdultSlopeContact= 3.04023724280298
AIAdultLD50Contact= 0.0108047998859547
AILarvaSlope= 1.6796906914562
AILarvaLD50= 0.118807303556241
AIKOW= 5.96788862068206
AIKOC= 27.0173064386472
AIHalfLife= 11.0226760292426
