ICQueenStrength= 1.2560930675827
RQWkrDrnRatio= 1.78987517673522
ICDroneMiteSurvivorship= 98.3165825484321
ICWorkerMiteSurvivorship= 1.22683229856193
ICForagerLifespan= 13.7944842912257
ImmType= Exponential
AIAdultSlope= 3.20447525028139
AIAdultLD50= 2.0268902471289
AIAdultSlopeContact= 2.80081681391923
AIAdultLD50Contact= 0.0208124856930226
AILarvaSlope= 1.25827089655213
AILarvaLD50= 0.116676480020396
AIKOW= 3.16447297064587
AIKOC= 17.9898941842839
AIHalfLife= 1.82347979256883
EAppRate= 0.249316534493119
