ICQueenStrength= 4.10858146287501
RQWkrDrnRatio= 4.78768657613546
