ICQueenStrength= 4.07518602581695
RQWkrDrnRatio= 2.24644411541522
ICDroneMiteSurvivorship= 7.53406535368413
ICWorkerMiteSurvivorship= 49.2831140058115
ICForagerLifespan= 7.42754211369902
ImmType= Cosine
AIAdultSlope= 2.02246520684101
AIAdultLD50= 0.441087763174437
AIAdultSlopeContact= 3.76887358885026
AIAdultLD50Contact= 0.0393289845669642
AILarvaSlope= 3.29219834851101
AILarvaLD50= 0.0890655806986615
AIKOW= 6.43374805571511
AIKOC= 17.212256010389
AIHalfLife= 2.67328805057332
EAppRate= 0
