ICQueenStrength= 4.49940311629325
RQWkrDrnRatio= 1.88194285333157
ICDroneMiteSurvivorship= 40.2147692628205
ICWorkerMiteSurvivorship= 55.9196431655437
ICForagerLifespan= 12.5824910914525
ImmType= Sine
AIAdultSlope= 3.22482859133743
AIAdultLD50= 0.867440252099186
AIAdultSlopeContact= 0.395864485257771
AIAdultLD50Contact= 0.0203917097183876
AILarvaSlope= 2.55092941825278
AILarvaLD50= 0.426761467242613
AIKOW= 2.63614381896332
AIKOC= 29.9043367162813
AIHalfLife= 13.8221960775554
EAppRate= 0.725112008862197
