ICQueenStrength= 1.53905276581645
RQWkrDrnRatio= 1.80611974280328
ICDroneMiteSurvivorship= 33.1364042591304
ICWorkerMiteSurvivorship= 37.6327764475718
ICForagerLifespan= 7.42893969267607
ImmType= Logarithmic
AIAdultLD50= 0.154012839635834
AIAdultSlopeContact= 0.661169233177789
AIAdultLD50Contact= 0.0128104417934082
AILarvaSlope= 0.210135572124273
AILarvaLD50= 0.346831359481439
AIKOW= 5.75929585192353
AIKOC= 14.4307340041269
AIHalfLife= 3.14979806402698
EAppRate= 0.938284047879279
