ICQueenStrength= 5.51560055254959
RQWkrDrnRatio= 2.31259141489863
ICDroneMiteSurvivorship= 51.5418188879266
ICWorkerMiteSurvivorship= 89.9656395427883
ICForagerLifespan= 5.40430003125221
ImmType= Exponential
AIAdultSlope= 0.203355893585831
AIAdultLD50= 0.497354437597096
AIAdultSlopeContact= 2.00210309134796
AIAdultLD50Contact= 0.0331798828672618
AILarvaSlope= 2.36440655887127
AILarvaLD50= 0.82493685898371
AIKOW= 3.24235027376562
AIKOC= 25.5368308641482
AIHalfLife= 12.0336875179783
EAppRate= 0.833054259652272
