ICQueenStrength= 1.60674861771986
RQWkrDrnRatio= 1.72028334438801
ICDroneMiteSurvivorship= 0.637665181420743
ICWorkerMiteSurvivorship= 76.6963296802714
ICForagerLifespan= 11.2963455468416
ImmType= Logarithmic
AIAdultSlope= 2.05045282696374
AIAdultLD50= 0.629584201611578
AIAdultSlopeContact= 3.48387261433527
AIAdultLD50Contact= 0.0118483960744925
AILarvaSlope= 0.553753123199567
AILarvaLD50= 0.355694962246344
AIKOW= 6.55756133841351
AIKOC= 5.9979675989598
AIHalfLife= 8.7927041486837
EAppRate= 0.640464471420273
