ICQueenStrength= 5.74694213131443
RQWkrDrnRatio= 1.03624388575554
ICDroneMiteSurvivorship= 11.9375317823142
ICWorkerMiteSurvivorship= 57.7264025807381
ICForagerLifespan= 15.5868043266237
ImmType= Logarithmic
AIAdultSlope= 2.00806659653317
AIAdultLD50= 0.196060042246245
AIAdultSlopeContact= 2.41538069829578
AIAdultLD50Contact= 0.0205585271236487
AILarvaSlope= 2.273886117246
AILarvaLD50= 0.0683768635382876
AIKOW= 5.87543823057786
AIKOC= 21.3327481248416
AIHalfLife= 3.9501556486357
EAppRate= 0.258826133422554
