ICQueenStrength= 3.78212016681209
RQWkrDrnRatio= 2.42840315401554
ICDroneMiteSurvivorship= 34.2524042353034
ICWorkerMiteSurvivorship= 90.7666180515662
ICForagerLifespan= 7.99572854209691
ImmType= Tangent
AIAdultSlope= 1.61306414389517
AIAdultLD50= 0.48287054663524
AIAdultSlopeContact= 1.89152410287643
AIAdultLD50Contact= 0.0285277400165796
AILarvaSlope= 0.135468799713999
AILarvaLD50= 0.0618522138800472
AIKOW= 5.48570276377723
AIKOC= 14.9196257186122
AIHalfLife= 4.53593213576823
EAppRate= 0.548194401012734
