ICQueenStrength= 3.56988131674007
RQWkrDrnRatio= 1.23767542280257
ICDroneMiteSurvivorship= 50.3702378133312
ICWorkerMiteSurvivorship= 78.2340912381187
ICForagerLifespan= 15.4857930727303
ImmType= Logarithmic
AIAdultSlope= 0.405048438138329
AIAdultLD50= 0.0479799930471927
AIAdultSlopeContact= 2.87414247043664
AIAdultLD50Contact= 0.0242913043708541
AILarvaSlope= 2.8548976469785
AILarvaLD50= 0.421090846974403
AIKOW= 5.98006033571437
AIKOC= 21.6612426866777
AIHalfLife= 2.04673881526105
EAppRate= 0.38832962566521
