ICQueenStrength= 5.06188758322969
RQWkrDrnRatio= 1.88879708014429
ICDroneMiteSurvivorship= 95.9979214007035
ICWorkerMiteSurvivorship= 29.1347450343892
ICForagerLifespan= 10.2644432643428
ImmType= Cosine
AIAdultSlope= 3.89035275002243
AIAdultLD50= 0.235273369587958
AIAdultSlopeContact= 0.71009737097891
AIAdultLD50Contact= 0.0413808242068626
AILarvaSlope= 0.952089723572135
AILarvaLD50= 0.804396005929448
AIKOW= 2.17360975593328
AIKOC= 9.90081419702619
AIHalfLife= 4.71503053675406
EAppRate= 0.405133847193792
