ICQueenStrength= 3.08490456803702
RQWkrDrnRatio= 2.45207715034485
ICDroneMiteSurvivorship= 88.2278443314135
ICWorkerMiteSurvivorship= 61.1623915843666
ICForagerLifespan= 7.80161305516958
ImmType= Polynomial
AIAdultSlope= 1.99371646037325
AIAdultLD50= 1.12645636615343
AIAdultSlopeContact= 0.706398450604174
AIAdultLD50Contact= 0.0272859754157253
AILarvaSlope= 1.87296999520622
AILarvaLD50= 0.185789220384322
AIKOW= 2.59321089088917
AIKOC= 14.5118206227198
AIHalfLife= 1.94477714644745
EAppRate= 0.744860786944628
