ICQueenStrength= 1.36556750303134
RQWkrDrnRatio= 2.19407904800028
ICDroneMiteSurvivorship= 51.1498736450449
ICWorkerMiteSurvivorship= 53.4355662064627
ICForagerLifespan= 7.75952890235931
ImmType= Sine
AIAdultSlope= 6.93202346563339
AIAdultLD50= 0.900006893556565
AIAdultSlopeContact= 5.10632914723828
AIAdultLD50Contact= 0.020137064345181
AILarvaSlope= 6.52202719822526
AILarvaLD50= 0.459119570907205
AIKOW= 93.3744179317728
AIKOC= 15.4525626450777
AIHalfLife= 1.42039003036916
EAppRate= 1.79971728380769
