ICQueenStrength= 1.91759033850394
RQWkrDrnRatio= 1.30688056442887
ICDroneMiteSurvivorship= 22.0097424695268
ICWorkerMiteSurvivorship= 3.52009441703558
ICForagerLifespan= 14.9166024895385
ImmType= Exponential
AIAdultSlopeContact= 3.02133707190631
AIAdultLD50Contact= 0.0219110272591934
AILarvaSlope= 0.173530711326748
AILarvaLD50= 0.630642332020216
AIKOW= 2.10204929532483
AIKOC= 13.4712758660316
AIHalfLife= 7.86878989171237
