ICQueenStrength= 4.29064430785365
RQWkrDrnRatio= 4.81428177468479
ICDroneMiteSurvivorship= 30.9949114220217
ICWorkerMiteSurvivorship= 0.320591800846159
ICForagerLifespan= 5.24090656358749
ImmType= Polynomial
AIAdultSlope= 3.03140901969746
AIAdultLD50= 0.95092570153065
AIAdultSlopeContact= 2.3210827770154
AIAdultLD50Contact= 0.0196651883772574
AILarvaSlope= 2.32586474884301
AILarvaLD50= 0.317244718177244
AIKOW= 7.37651940109208
AIKOC= 14.0892839303706
AIHalfLife= 13.4812319856137
EAppRate= 0.394221543800086
