ICQueenStrength= 1.94370756996796
RQWkrDrnRatio= 4.4893683642149
ICDroneMiteSurvivorship= 74.1893933620304
ICWorkerMiteSurvivorship= 7.82809359952807
ICForagerLifespan= 4.54992281179875
ImmType= Logarithmic
AIAdultSlope= 1.49190592754167
AIAdultLD50= 0.397806104156189
AIAdultSlopeContact= 0.190870507280342
AIAdultLD50Contact= 0.031369808036834
AILarvaSlope= 2.7386270803865
AILarvaLD50= 0.839296247251332
AIKOW= 4.01555687189102
AIKOC= 26.0090234293602
AIHalfLife= 2.21196673926897
EAppRate= 0.377281583496369
