ICQueenStrength= 3.82080167159438
RQWkrDrnRatio= 1.24216322507709
