ICQueenStrength= 4.42595185968094
RQWkrDrnRatio= 3.65572506375611
ICDroneMiteSurvivorship= 47.6728237699717
ICWorkerMiteSurvivorship= 14.2809470416978
ICForagerLifespan= 9.29233377426863
ImmType= Cosine
AIAdultSlopeContact= 2.40363700666465
AIAdultLD50Contact= 0.0332977092009969
AILarvaSlope= 3.1642988004256
AILarvaLD50= 0.634063356346451
AIKOW= 5.62834437424317
AIKOC= 18.0194743338507
AIHalfLife= 3.3251244565472
