ICQueenStrength= 2.92411717842333
RQWkrDrnRatio= 1.08151863515377
ICDroneMiteSurvivorship= 4.56070920918137
ICWorkerMiteSurvivorship= 60.4512134799734
ICForagerLifespan= 9.23518171161413
ImmType= Tangent
AIAdultSlope= 1.7029416303616
AIAdultLD50= 1.17460801661946
AIAdultSlopeContact= 3.39025546482531
AIAdultLD50Contact= 0.0168322529760189
AILarvaSlope= 1.5882897017058
AILarvaLD50= 0.763549249595962
AIKOW= 7.24953048769385
AIKOC= 16.0888299590442
AIHalfLife= 11.5156818036921
EAppRate= 0.717822700738907
