ICQueenStrength= 4.65861640195362
RQWkrDrnRatio= 4.7016652263701
ICDroneMiteSurvivorship= 32.2810920886695
ICWorkerMiteSurvivorship= 23.8713335711509
ICForagerLifespan= 9.80265519209206
ImmType= Exponential
AIAdultSlope= 3.63145134123042
AIAdultLD50= 0.172237169579603
AIAdultSlopeContact= 0.753571624620818
AIAdultLD50Contact= 0.032680847030133
AILarvaSlope= 2.15869719269685
AILarvaLD50= 0.23548996229656
AIKOW= 4.71562594454736
AIKOC= 26.9925178564154
AIHalfLife= 1.00409884587862
EAppRate= 0.6436898535816
