ICQueenStrength= 5.41561957239173
RQWkrDrnRatio= 4.55760004650801
ICDroneMiteSurvivorship= 6.35423008352518
ICWorkerMiteSurvivorship= 28.0337847070768
ICForagerLifespan= 5.1362622519955
ImmType= Polynomial
AIAdultSlope= 2.05375602534041
AIAdultLD50= 0.0150271004531533
AIAdultSlopeContact= 1.08603232037276
AIAdultLD50Contact= 0.0228333731880412
AILarvaSlope= 0.832483681710437
AILarvaLD50= 0.565173712279648
AIKOW= 6.77170695457608
AIKOC= 8.60291245742701
AIHalfLife= 12.8233709041961
EAppRate= 0.889216962037608
