ICQueenStrength= 3.35978705692105
RQWkrDrnRatio= 2.61014894768596
ICDroneMiteSurvivorship= 36.6348703624681
ICWorkerMiteSurvivorship= 43.934469204396
ICForagerLifespan= 6.08017304725945
ImmType= Logarithmic
AIAdultSlope= 2.39443501407746
AIAdultLD50= 0.358437743037939
AIAdultSlopeContact= 2.74132006160449
AIAdultLD50Contact= 0.028646632656455
AILarvaSlope= 1.40298672965728
AILarvaLD50= 0.430851492960937
AIKOW= 4.60512754134834
AIKOC= 15.0821651343722
AIHalfLife= 2.73088522139005
EAppRate= 0.489652273338288
