ICQueenStrength= 3.79741198406555
RQWkrDrnRatio= 1.07071679644287
ICDroneMiteSurvivorship= 51.8092943588272
ICWorkerMiteSurvivorship= 4.19677528552711
ICForagerLifespan= 4.18237629625946
ImmType= Logarithmic
AIAdultSlope= 5.11102207936347
AIAdultLD50= 0.372440306935459
AIAdultSlopeContact= 7.21570687834173
AIAdultLD50Contact= 0.175039907498285
AILarvaSlope= 1.06526588089764
AILarvaLD50= 0.545322896912694
AIKOW= 73.6398854060099
AIKOC= 48.8918936811388
AIHalfLife= 6.67809024872258
EAppRate= 0.899095458444208
