ICQueenStrength= 4.98029672796838
RQWkrDrnRatio= 2.7081946907565
ICDroneMiteSurvivorship= 71.6006173519418
ICWorkerMiteSurvivorship= 5.92585590202361
ICForagerLifespan= 14.2389013022184
ImmType= Sine
AIAdultSlopeContact= 2.51833358127857
AIAdultLD50Contact= 0.0239015723578632
AILarvaSlope= 0.221458128560334
AILarvaLD50= 0.550767265283503
AIKOW= 4.24549637548625
AIKOC= 21.9916544284206
AIHalfLife= 13.3768442897126
