ICQueenStrength= 4.29530525021255
RQWkrDrnRatio= 1.28813583496958
ICDroneMiteSurvivorship= 67.1089253854007
ICWorkerMiteSurvivorship= 61.5878971992061
ICForagerLifespan= 7.67832038924098
ImmType= Sine
AIAdultSlopeContact= 1.62494133576052
AIAdultLD50Contact= 0.026774072367698
AILarvaSlope= 0.185737694846466
AILarvaLD50= 0.0201354606309906
AIKOW= 4.90188229084015
AIKOC= 9.36939253122546
AIHalfLife= 9.70795719325542
