ICQueenStrength= 2.76712974789552
RQWkrDrnRatio= 4.4684866964817
ICDroneMiteSurvivorship= 31.5573891857639
ICWorkerMiteSurvivorship= 32.5739768100902
ICForagerLifespan= 9.98954597581178
ImmType= Logarithmic
AIAdultSlope= 3.13314631987363
AIAdultLD50= 0.454234668752179
AIAdultSlopeContact= 1.63910935350694
AIAdultLD50Contact= 0.0496802410460077
AILarvaSlope= 1.61203364436515
AILarvaLD50= 0.837864513206296
AIKOW= 2.83110536960885
AIKOC= 8.05990895722061
AIHalfLife= 3.81744743557647
EAppRate= 0.0838272187160328
