ICQueenStrength= 4.06916404049844
RQWkrDrnRatio= 3.16918376181275
ICDroneMiteSurvivorship= 13.306634221226
ICWorkerMiteSurvivorship= 43.8475007424131
ICForagerLifespan= 11.5999778630212
ImmType= Polynomial
AIAdultSlope= 2.22957645026036
AIAdultLD50= 1.48676020908169
AIAdultSlopeContact= 3.23275984407635
AIAdultLD50Contact= 0.0367988373036496
AILarvaSlope= 0.642765320464969
AILarvaLD50= 0.362313854880631
AIKOW= 2.80355866672471
AIKOC= 11.3112493080553
AIHalfLife= 10.2081591398455
EAppRate= 0.654614464612678
