ICQueenStrength= 5.07527495408431
RQWkrDrnRatio= 2.14804322645068
ICDroneMiteSurvivorship= 76.7869395203888
ICWorkerMiteSurvivorship= 85.6442515505478
ICForagerLifespan= 6.07519816700369
ImmType= Exponential
AIAdultLD50= 0.154012839635834
AIAdultSlopeContact= 1.57901355299866
AIAdultLD50Contact= 0.0497269447427243
AILarvaSlope= 1.42869725045748
AILarvaLD50= 0.0548253019340336
AIKOW= 3.65384881710634
AIKOC= 6.43098998232745
AIHalfLife= 9.22913533262908
EAppRate= 1.6040938324295
