ICQueenStrength= 3.99851351650432
RQWkrDrnRatio= 1.0338595919311
ICDroneMiteSurvivorship= 6.10018305014819
ICWorkerMiteSurvivorship= 38.3941642707214
ICForagerLifespan= 13.670425019227
ImmType= Polynomial
AIAdultSlope= 1.32972655843478
AIAdultLD50= 0.410514637595043
AIAdultSlopeContact= 0.729919357616454
AIAdultLD50Contact= 0.0413879333296791
AILarvaSlope= 2.42845927928574
AILarvaLD50= 0.483187411143444
AIKOW= 7.28911810740829
AIKOC= 21.5248153032735
AIHalfLife= 1.37393504730426
EAppRate= 0
