ICQueenStrength= 4.63149936776608
RQWkrDrnRatio= 4.43424433749169
ICDroneMiteSurvivorship= 56.8138120230287
ICWorkerMiteSurvivorship= 18.0898207705468
ICForagerLifespan= 7.35833346005529
ImmType= Logarithmic
AIAdultSlopeContact= 2.85739937721519
AIAdultLD50Contact= 0.0476995454635471
AILarvaSlope= 0.263742562802508
AILarvaLD50= 0.798034601588734
AIKOW= 4.92832055268809
AIKOC= 9.62286382680759
AIHalfLife= 6.82100162887946
