ICQueenStrength= 3.77878766763024
RQWkrDrnRatio= 4.3650206848979
ICDroneMiteSurvivorship= 82.8578926157206
ICWorkerMiteSurvivorship= 69.1876212367788
ICForagerLifespan= 6.07251356355846
ImmType= Tangent
AIAdultSlope= 1.69717524186708
AIAdultLD50= 2.45380082912743
AIAdultSlopeContact= 1.06839291588636
AIAdultLD50Contact= 0.00333532318472862
AILarvaSlope= 1.98753522518091
AILarvaLD50= 0.430501971789636
AIKOW= 4.88024995522574
AIKOC= 23.2148024148773
AIHalfLife= 5.84039005963132
EAppRate= 0.357188634807244
