ICQueenStrength= 5.66687283711508
RQWkrDrnRatio= 1.07882874272764
ICDroneMiteSurvivorship= 58.1276266137138
ICWorkerMiteSurvivorship= 34.7500677686185
ICForagerLifespan= 10.2684380346909
ImmType= Logarithmic
AIAdultSlopeContact= 0.783527887465898
AIAdultLD50Contact= 0.0344765802146867
AILarvaSlope= 2.62852195133455
AILarvaLD50= 0.756838566320948
AIKOW= 7.61113232420757
AIKOC= 11.204838497797
AIHalfLife= 9.47294989787042
