ICQueenStrength= 5.71875895396806
RQWkrDrnRatio= 3.9754135273397
ICDroneMiteSurvivorship= 83.8763997424394
ICWorkerMiteSurvivorship= 78.9675205945969
ICForagerLifespan= 15.2860308289528
ImmType= Exponential
AIAdultSlope= 1.85043959738687
AIAdultLD50= 2.21441610809416
AIAdultSlopeContact= 3.11325147990603
AIAdultLD50Contact= 0.0050967532210052
AILarvaSlope= 1.77976712076925
AILarvaLD50= 0.675568111985922
AIKOW= 7.76723540108651
AIKOC= 25.5737226002384
AIHalfLife= 13.994782530237
EAppRate= 0.365460065659136
