ICQueenStrength= 4.17930586868897
RQWkrDrnRatio= 4.16176091972739
ICDroneMiteSurvivorship= 32.1699422551319
ICWorkerMiteSurvivorship= 88.0531948059797
ICForagerLifespan= 7.32469773478806
ImmType= Sine
AIAdultSlope= 3.75556509198155
AIAdultLD50= 0.419819851987995
AIAdultSlopeContact= 1.06305506963516
AIAdultLD50Contact= 0.00081169632030651
AILarvaSlope= 1.58746738862246
AILarvaLD50= 0.425553306844085
AIKOW= 7.71758758788928
AIKOC= 14.4541427097283
AIHalfLife= 2.63840349507518
EAppRate= 0
