ICQueenStrength= 2.98776367702521
RQWkrDrnRatio= 2.02207697741687
ICDroneMiteSurvivorship= 53.3001752337441
ICWorkerMiteSurvivorship= 35.5242628371343
ICForagerLifespan= 15.7647003922611
ImmType= Sine
AIAdultSlopeContact= 0.184468654152006
AIAdultLD50Contact= 0.004467023385223
AILarvaSlope= 0.408858095668256
AILarvaLD50= 0.176842578104697
AIKOW= 4.00500500155613
AIKOC= 19.935376617359
AIHalfLife= 2.13006819225848
