ICQueenStrength= 1.47899988712743
RQWkrDrnRatio= 2.22023882716894
ICDroneMiteSurvivorship= 85.5996436905116
ICWorkerMiteSurvivorship= 5.92741582076997
ICForagerLifespan= 9.6341218072921
ImmType= Logarithmic
AIAdultSlope= 1.3677880180045
AIAdultLD50= 0.240707494318485
AIAdultSlopeContact= 1.07079867524095
AIAdultLD50Contact= 0.0296739232144319
AILarvaSlope= 2.55819455399178
AILarvaLD50= 0.404819176113233
AIKOW= 3.66924361838028
AIKOC= 5.02188987564296
AIHalfLife= 2.085082589183
EAppRate= 0
