ICQueenStrength= 2.97911301860586
RQWkrDrnRatio= 4.42546012997627
ICDroneMiteSurvivorship= 85.9492594609037
ICWorkerMiteSurvivorship= 64.9346088524908
ICForagerLifespan= 14.0367074292153
ImmType= Polynomial
AIAdultSlope= 1.90385960801505
AIAdultLD50= 1.31453185295686
AIAdultSlopeContact= 3.75833807534538
AIAdultLD50Contact= 0.0451904491521418
AILarvaSlope= 1.6439229526557
AILarvaLD50= 0.482132650259882
AIKOW= 5.32671760721132
AIKOC= 15.1218233932741
AIHalfLife= 11.9242833573371
EAppRate= 0.502387210959569
