ICQueenStrength= 2.62429698626511
RQWkrDrnRatio= 1.45613585133106
ICDroneMiteSurvivorship= 19.0370361553505
ICWorkerMiteSurvivorship= 27.1380312042311
ICForagerLifespan= 6.1042311405763
ImmType= Polynomial
AIAdultSlope= 0.442737381719053
AIAdultSlopeContact= 1.21226271844469
AIAdultLD50Contact= 0.00730564745608717
AILarvaSlope= 2.30780141507275
AILarvaLD50= 0.434440679010004
AIKOW= 7.60390053410083
AIKOC= 29.1944123001304
AIHalfLife= 1.89916333882138
