ICQueenStrength= 5.15331813273951
RQWkrDrnRatio= 1.44127316400409
ICDroneMiteSurvivorship= 12.7304105320945
ICWorkerMiteSurvivorship= 88.735882891342
ICForagerLifespan= 13.1731407493353
ImmType= Sine
AIAdultSlope= 1.91108689936809
AIAdultLD50= 0.273835647851229
AIAdultSlopeContact= 3.25319048117381
AIAdultLD50Contact= 0.0120782984187827
AILarvaSlope= 2.87668667528778
AILarvaLD50= 0.258334821579047
AIKOW= 3.80437385756522
AIKOC= 14.5720654877368
AIHalfLife= 7.14589622570202
EAppRate= 0.994392391992733
