ICQueenStrength= 5.2024868063163
RQWkrDrnRatio= 4.71755691245198
ICDroneMiteSurvivorship= 47.7483580121771
ICWorkerMiteSurvivorship= 58.7234501494095
ICForagerLifespan= 10.2887152163312
ImmType= Logarithmic
AIAdultSlope= 1.7296125437133
