ICQueenStrength= 4.56394891161472
RQWkrDrnRatio= 2.04473282862455
ICDroneMiteSurvivorship= 41.0654383245856
ICWorkerMiteSurvivorship= 38.755090534687
ICForagerLifespan= 6.09025909751654
ImmType= Exponential
AIAdultSlopeContact= 0.813458407013677
AIAdultLD50Contact= 0.0483816968859173
AILarvaSlope= 1.20771013116464
AILarvaLD50= 0.551801719120704
AIKOW= 3.9864097116515
AIKOC= 17.149596970994
AIHalfLife= 3.33598433109
