ICQueenStrength= 4.49106393172406
RQWkrDrnRatio= 4.98222141340375
ICDroneMiteSurvivorship= 92.89381490089
ICWorkerMiteSurvivorship= 38.4652775479481
ICForagerLifespan= 4.72075580526143
ImmType= Logarithmic
AIAdultSlope= 0.84180914289318
AIAdultSlopeContact= 1.28562888675369
AIAdultLD50Contact= 0.0206937614595518
AILarvaSlope= 0.753382959682494
AILarvaLD50= 0.804619347397238
AIKOW= 6.36893604695797
AIKOC= 9.33791191317141
AIHalfLife= 4.56972673628479
