ICQueenStrength= 5.88735435414128
RQWkrDrnRatio= 2.91711146850139
ICDroneMiteSurvivorship= 40.6988990725949
ICWorkerMiteSurvivorship= 85.679438826628
ICForagerLifespan= 12.5404616529122
ImmType= Sine
AIAdultSlopeContact= 2.29891576210968
AIAdultLD50Contact= 0.00575370973674581
AILarvaSlope= 2.07209101524204
AILarvaLD50= 0.808590177213773
AIKOW= 4.36322277598083
AIKOC= 17.1124305995181
AIHalfLife= 11.9471302209422
