ICQueenStrength= 2.74219621694647
RQWkrDrnRatio= 2.34434376936406
ICDroneMiteSurvivorship= 45.8072420675308
ICWorkerMiteSurvivorship= 2.02449539210647
ICForagerLifespan= 10.3819693289697
ImmType= Logarithmic
AIAdultSlopeContact= 0.348996492933948
AIAdultLD50Contact= 0.0294714986463077
AILarvaSlope= 0.519362375885248
AILarvaLD50= 0.347257518069819
AIKOW= 5.02242319332436
AIKOC= 5.01781098544598
AIHalfLife= 2.39180122828111
