ICQueenStrength= 5.23022042145021
RQWkrDrnRatio= 4.39211094006896
ICDroneMiteSurvivorship= 9.71943053882569
ICWorkerMiteSurvivorship= 38.2100759306923
ICForagerLifespan= 15.6397908125073
ImmType= Tangent
AIAdultSlopeContact= 0.67728519610595
AIAdultLD50Contact= 0.00112556427484378
AILarvaSlope= 1.85694068991579
AILarvaLD50= 0.201585686579347
AIKOW= 5.90873453766108
AIKOC= 15.2102106262464
AIHalfLife= 8.8073941199109
