ICQueenStrength= 2.47101135109551
RQWkrDrnRatio= 2.56592903472483
ICDroneMiteSurvivorship= 12.7768883481622
ICWorkerMiteSurvivorship= 61.833639931865
ICForagerLifespan= 7.00876398384571
ImmType= Sine
AIAdultSlope= 2.22398450399051
AIAdultLD50= 0.0253876378992572
AIAdultSlopeContact= 2.09303499644157
AIAdultLD50Contact= 0.0252543639624491
AILarvaSlope= 0.592141324095428
AILarvaLD50= 0.491905374778435
AIKOW= 2.82004943676293
AIKOC= 29.6571566036437
AIHalfLife= 4.77325506974012
EAppRate= 0.502499351534061
