ICQueenStrength= 2.6389374632854
RQWkrDrnRatio= 1.29317149054259
ICDroneMiteSurvivorship= 44.9423507088795
ICWorkerMiteSurvivorship= 66.7420592857525
ICForagerLifespan= 8.51078815758228
ImmType= Logarithmic
AIAdultSlopeContact= 0.331323313980829
AIAdultLD50Contact= 0.0125784752657637
AILarvaSlope= 3.02398857045919
AILarvaLD50= 0.0798839804716408
AIKOW= 4.89247727580369
AIKOC= 10.270502838539
AIHalfLife= 4.22921622823924
