ICQueenStrength= 1.70000775624067
RQWkrDrnRatio= 2.68492091819644
ICDroneMiteSurvivorship= 61.4311551908031
ICWorkerMiteSurvivorship= 8.85041346773505
ICForagerLifespan= 12.9731507580727
ImmType= Tangent
AIAdultSlope= 0.857581398449838
AIAdultLD50= 0.420896441675723
AIAdultSlopeContact= 3.5259072505869
AIAdultLD50Contact= 0.0667328114621341
AILarvaSlope= 7.19686358468607
AILarvaLD50= 1.18166917841882
AIKOW= 34.3558417866006
AIKOC= 57.5878327246755
AIHalfLife= 0.122324596624821
EAppRate= 1.9777946555987
