ICQueenStrength= 4.53602907969616
RQWkrDrnRatio= 1.33068610262126
ICDroneMiteSurvivorship= 21.6376177035272
ICWorkerMiteSurvivorship= 44.3658858304843
ICForagerLifespan= 14.9953481089324
ImmType= Sine
AIAdultSlopeContact= 0.613694080053829
AIAdultLD50Contact= 0.0187267047702335
AILarvaSlope= 0.808454405236989
AILarvaLD50= 0.795727821579203
AIKOW= 6.99832125380635
AIKOC= 29.5965951937251
AIHalfLife= 9.30919069983065
