ICQueenStrength= 4.9311949966941
RQWkrDrnRatio= 2.92590340785682
ICDroneMiteSurvivorship= 43.7376449350268
ICWorkerMiteSurvivorship= 15.0698593584821
ICForagerLifespan= 5.62445240840316
ImmType= Cosine
AIAdultSlopeContact= 3.21686341472436
AIAdultLD50Contact= 0.000253289751708508
AILarvaSlope= 3.15791596863419
AILarvaLD50= 0.042154350830242
AIKOW= 5.90085542434826
AIKOC= 20.0959214195609
AIHalfLife= 2.67588337929919
