ICQueenStrength= 4.82399502908811
RQWkrDrnRatio= 3.24158263485879
ICDroneMiteSurvivorship= 9.94536650832742
ICWorkerMiteSurvivorship= 34.7135375253856
ICForagerLifespan= 8.16818877868354
ImmType= Exponential
AIAdultSlopeContact= 1.57389757921919
AIAdultLD50Contact= 0.00135142365470529
AILarvaSlope= 6.97192660300061
AILarvaLD50= 1.15374197112396
AIKOW= 34.2686189571396
AIKOC= 75.5193463061005
AIHalfLife= 8.01987881073728
