ICQueenStrength= 2.18995502358302
RQWkrDrnRatio= 4.13527935277671
ICDroneMiteSurvivorship= 27.2104821167886
ICWorkerMiteSurvivorship= 64.0665865503252
ICForagerLifespan= 13.127141982317
ImmType= Exponential
AIAdultSlopeContact= 2.89619844163768
AIAdultLD50Contact= 0.00850815632147714
AILarvaSlope= 1.75491494461894
AILarvaLD50= 0.675093707162887
AIKOW= 5.31342493416741
AIKOC= 28.5003077308647
AIHalfLife= 3.01728617819026
