ICQueenStrength= 5.4978665781673
RQWkrDrnRatio= 1.23349308501929
ICDroneMiteSurvivorship= 4.34956906829029
ICWorkerMiteSurvivorship= 79.140017949976
ICForagerLifespan= 13.6103661209345
ImmType= Cosine
AIAdultSlope= 1.1603813061025
AIAdultLD50= 0.835637702140957
AIAdultSlopeContact= 1.00179473034572
AIAdultLD50Contact= 0.0129005733528174
AILarvaSlope= 1.99063279442489
AILarvaLD50= 0.849675050843507
AIKOW= 4.55607107141986
AIKOC= 15.2134788990952
AIHalfLife= 2.10400401940569
EAppRate= 0.273022099398077
