ICQueenStrength= 5.81154643232003
RQWkrDrnRatio= 3.91156616434455
ICDroneMiteSurvivorship= 55.8654555818066
ICWorkerMiteSurvivorship= 20.8003561943769
ICForagerLifespan= 4.97594160400331
ImmType= Sine
AIAdultSlope= 6.73776903422549
