ICQueenStrength= 1.82506143837236
RQWkrDrnRatio= 4.71728944126517
ICDroneMiteSurvivorship= 36.2024914938956
ICWorkerMiteSurvivorship= 40.0175845716149
ICForagerLifespan= 8.97963224723935
ImmType= Exponential
AIAdultSlopeContact= 7.71169949090108
AIAdultLD50Contact= 0.0388653118163347
AILarvaSlope= 4.35755757847801
AILarvaLD50= 0.0445742523297668
AIKOW= 80.3104787599295
AIKOC= 82.2382410056889
AIHalfLife= 13.3507278128527
