ICQueenStrength= 3.10873178089969
RQWkrDrnRatio= 4.3598065096885
ICDroneMiteSurvivorship= 93.7983934301883
ICWorkerMiteSurvivorship= 65.3343695215881
ICForagerLifespan= 12.1739478884265
ImmType= Logarithmic
AIAdultSlope= 1.92698764647357
AIAdultSlopeContact= 3.82613507007714
AIAdultLD50Contact= 0.0490434869076125
AILarvaSlope= 2.90834601516835
AILarvaLD50= 0.0503148862626404
AIKOW= 4.71700889989734
AIKOC= 16.4561096997932
AIHalfLife= 13.6909903087653
