ICQueenStrength= 3.53315387992188
RQWkrDrnRatio= 4.28909436613321
ICDroneMiteSurvivorship= 3.62364817410707
ICWorkerMiteSurvivorship= 46.0924712475389
ICForagerLifespan= 8.67677906807512
ImmType= Sine
AIAdultSlope= 0.278433568761684
AIAdultLD50= 0.00524146913085133
AIAdultSlopeContact= 1.61626347648678
AIAdultLD50Contact= 0.036631095642224
AILarvaSlope= 0.294176037004218
AILarvaLD50= 0.340070298453793
AIKOW= 7.64953091507778
AIKOC= 13.3578864170704
AIHalfLife= 0.752971722977236
EAppRate= 0.148463589535095
