ICQueenStrength= 1.42141880840063
RQWkrDrnRatio= 1.68583712913096
ICDroneMiteSurvivorship= 53.2460199669003
ICWorkerMiteSurvivorship= 37.6955438870937
ICForagerLifespan= 4.71611489634961
ImmType= Sine
AIAdultSlope= 2.52949370784452
AIAdultLD50= 0.478101835236885
AIAdultSlopeContact= 0.616593098882586
AIAdultLD50Contact= 0.0105360868852586
AILarvaSlope= 2.52779673612677
AILarvaLD50= 0.894919936568476
AIKOW= 4.68634576210752
AIKOC= 29.4750252051745
AIHalfLife= 2.93181383283809
EAppRate= 0.355057230801322
