ICQueenStrength= 5.38390306546353
RQWkrDrnRatio= 4.91802009567618
ICDroneMiteSurvivorship= 62.2833870351315
ICWorkerMiteSurvivorship= 15.4019474284723
ICForagerLifespan= 6.99704012647271
ImmType= Sine
AIAdultSlope= 1.90032772207633
AIAdultLD50= 0.0283713829703629
AIAdultSlopeContact= 0.437867794123013
AIAdultLD50Contact= 0.0267545790527947
AILarvaSlope= 0.495432051643729
AILarvaLD50= 0.0492972335312516
AIKOW= 4.00083037791774
AIKOC= 22.4147229001392
AIHalfLife= 7.46523441327736
EAppRate= 0.0450301775708795
