ICQueenStrength= 5.72759169875644
RQWkrDrnRatio= 3.35105707868934
ICDroneMiteSurvivorship= 16.1015481455252
ICWorkerMiteSurvivorship= 37.3612057883292
ICForagerLifespan= 15.1513744397089
ImmType= Exponential
AIAdultSlope= 3.81622629981022
AIAdultLD50= 0.305728908861056
AIAdultSlopeContact= 3.6110313312267
AIAdultLD50Contact= 0.0494108703453094
AILarvaSlope= 1.2760779293254
AILarvaLD50= 0.799200769909658
AIKOW= 7.41503764083609
AIKOC= 19.2732667620294
AIHalfLife= 0.101748248562217
EAppRate= 0
