ICQueenStrength= 2.75882701994851
RQWkrDrnRatio= 3.85255096666515
ICDroneMiteSurvivorship= 5.02455690875649
ICWorkerMiteSurvivorship= 52.4146035546437
ICForagerLifespan= 7.17252406198531
ImmType= Tangent
AIAdultSlope= 1.5989416852151
AIAdultLD50= 0.205705247586593
AIAdultSlopeContact= 1.86724338702857
AIAdultLD50Contact= 0.0221431445446797
AILarvaSlope= 2.55552736707032
AILarvaLD50= 0.747466418193653
AIKOW= 3.72605880256742
AIKOC= 9.54117921181023
AIHalfLife= 1.07394472695887
EAppRate= 0
