ICQueenStrength= 3.7021614392288
RQWkrDrnRatio= 3.97878157813102
ICDroneMiteSurvivorship= 6.60687710624188
ICWorkerMiteSurvivorship= 1.31855795625597
ICForagerLifespan= 8.21044312883168
ImmType= Logarithmic
AIAdultSlope= 2.69888203167357
AIAdultLD50= 0.932206010911614
AIAdultSlopeContact= 2.33318339497084
AIAdultLD50Contact= 0.00284877363592386
AILarvaSlope= 1.55562167982571
AILarvaLD50= 0.84221637994051
AIKOW= 6.35066358186305
AIKOC= 20.065296884859
AIHalfLife= 4.29178669769317
EAppRate= 0.762845157179981
