ICQueenStrength= 2.96175487618893
RQWkrDrnRatio= 2.78273022547364
