ICQueenStrength= 3.47032322804444
RQWkrDrnRatio= 2.30167734902352
ICDroneMiteSurvivorship= 37.8026877297089
ICWorkerMiteSurvivorship= 95.0575243448839
ICForagerLifespan= 11.4899685578421
ImmType= Sine
AIAdultSlope= 1.28394444375299
AIAdultLD50= 2.6753690354526
AIAdultSlopeContact= 1.87592144577764
AIAdultLD50Contact= 0.0254095662152395
AILarvaSlope= 2.13642450496554
AILarvaLD50= 0.784951078752056
AIKOW= 4.86583316139877
AIKOC= 13.0122092913371
AIHalfLife= 4.26089057791978
EAppRate= 0.365076439222321
