ICQueenStrength= 3.55801925668493
RQWkrDrnRatio= 3.33722076378763
ICDroneMiteSurvivorship= 76.8954730825499
ICWorkerMiteSurvivorship= 25.0952602364123
ICForagerLifespan= 10.3523411983624
ImmType= Sine
AIAdultSlope= 0.911264640844893
AIAdultLD50= 0.448431669152342
AIAdultSlopeContact= 3.07791398675647
AIAdultLD50Contact= 0.0321428068913519
AILarvaSlope= 0.600629478832707
AILarvaLD50= 0.710579758021049
AIKOW= 2.86028709262609
AIKOC= 21.2385323666967
AIHalfLife= 0.806414317339659
EAppRate= 0.31649117609486
