ICQueenStrength= 5.64999006362632
RQWkrDrnRatio= 3.84863547235727
ICDroneMiteSurvivorship= 97.4561360199004
ICWorkerMiteSurvivorship= 26.7951303860173
ICForagerLifespan= 6.94255240261555
ImmType= Exponential
AIAdultSlope= 9.29362104274333
