ICQueenStrength= 5.02659003273584
RQWkrDrnRatio= 3.5473060104996
ICDroneMiteSurvivorship= 35.086223622784
ICWorkerMiteSurvivorship= 77.34614466317
ICForagerLifespan= 5.9951302325353
ImmType= Exponential
AIAdultSlope= 3.83726221733261
AIAdultLD50= 0.179134187754244
AIAdultSlopeContact= 3.90155019128462
AIAdultLD50Contact= 0.0185295078437775
AILarvaSlope= 2.53579292176291
AILarvaLD50= 0.515152059774846
AIKOW= 2.91140508744866
AIKOC= 5.84890979924239
AIHalfLife= 4.55343001754954
EAppRate= 0.0516630592523143
