ICQueenStrength= 5.47962540551089
RQWkrDrnRatio= 1.147445961833
ICDroneMiteSurvivorship= 58.7299411185086
ICWorkerMiteSurvivorship= 54.153430624865
ICForagerLifespan= 8.85685325786471
ImmType= Logarithmic
AIAdultSlopeContact= 3.40488669355866
AIAdultLD50Contact= 0.0076766372541897
AILarvaSlope= 0.0864188760053366
AILarvaLD50= 0.261277276114561
AIKOW= 7.32549774227664
AIKOC= 9.65089043718763
AIHalfLife= 9.4761287891306
