ICQueenStrength= 1.51682744291611
RQWkrDrnRatio= 3.18326261360198
ICDroneMiteSurvivorship= 55.611934652552
ICWorkerMiteSurvivorship= 30.9039060492069
ICForagerLifespan= 7.82329372502863
ImmType= Tangent
AIAdultSlopeContact= 2.79315855172696
AIAdultLD50Contact= 0.0361620384966955
AILarvaSlope= 0.0403967477846891
AILarvaLD50= 0.0566752154147252
AIKOW= 3.79738083016127
AIKOC= 29.1585595358629
AIHalfLife= 2.5663804714568
