ICQueenStrength= 2.74667355138808
RQWkrDrnRatio= 3.99286152981222
ICDroneMiteSurvivorship= 27.979005058296
ICWorkerMiteSurvivorship= 56.6887543769553
ICForagerLifespan= 14.0476337401196
ImmType= Cosine
AIAdultSlope= 1.04412646435434
AIAdultLD50= 0.448890931089409
AIAdultSlopeContact= 0.70701209343737
AIAdultLD50Contact= 0.0306888514431193
AILarvaSlope= 0.241507620504126
AILarvaLD50= 0.547851400868967
AIKOW= 5.03002720978111
AIKOC= 12.8454799135216
AIHalfLife= 3.28754027257673
EAppRate= 0
