ICQueenStrength= 4.84820601437241
RQWkrDrnRatio= 4.81694674491882
ICDroneMiteSurvivorship= 33.1151071470231
ICWorkerMiteSurvivorship= 41.4873675908893
ICForagerLifespan= 12.4605918023735
ImmType= Sine
AIAdultSlope= 0.368084921082482
AIAdultLD50= 0.986986506963149
AIAdultSlopeContact= 3.32110623601126
AIAdultLD50Contact= 0.0425935770384967
AILarvaSlope= 2.843283501314
AILarvaLD50= 0.432851437898353
AIKOW= 4.0615625414066
AIKOC= 8.04770948714577
AIHalfLife= 2.6608261554502
EAppRate= 0.288608186878264
