ICQueenStrength= 4.70142147876322
RQWkrDrnRatio= 3.32525791227818
ICDroneMiteSurvivorship= 16.751238075085
ICWorkerMiteSurvivorship= 24.2889875778928
ICForagerLifespan= 14.0562308235094
ImmType= Polynomial
AIAdultSlopeContact= 3.33192602473078
AIAdultLD50Contact= 0.0414614662528038
AILarvaSlope= 2.63606250896119
AILarvaLD50= 0.0446914699394256
AIKOW= 2.38348243571818
AIKOC= 8.95213616429828
AIHalfLife= 4.66809995379299
