ICQueenStrength= 1.50558708794415
RQWkrDrnRatio= 2.4049455691129
