ICQueenStrength= 3.12704809848219
RQWkrDrnRatio= 2.0496503058821
ICDroneMiteSurvivorship= 26.394149987027
ICWorkerMiteSurvivorship= 47.9462225921452
ICForagerLifespan= 15.3614860875532
ImmType= Tangent
AIAdultSlope= 1.55882343647769
AIAdultLD50= 0.206335474038497
AIAdultSlopeContact= 2.33552392955404
AIAdultLD50Contact= 0.0208309762529097
AILarvaSlope= 1.97711742948741
AILarvaLD50= 0.0159649105975404
AIKOW= 2.09021575376391
AIKOC= 22.5416674581356
AIHalfLife= 1.57117242575623
EAppRate= 0.41703834857326
