ICQueenStrength= 5.9715941271279
RQWkrDrnRatio= 3.18134312517941
ICDroneMiteSurvivorship= 70.0833867304027
ICWorkerMiteSurvivorship= 93.2043241104111
ICForagerLifespan= 13.8341489266604
ImmType= Cosine
AIAdultSlopeContact= 2.11469236287056
AIAdultLD50Contact= 0.0122176937875338
AILarvaSlope= 2.32530652713031
AILarvaLD50= 0.307548035751097
AIKOW= 7.0575022357516
AIKOC= 9.40736911259592
AIHalfLife= 10.198227959685
