ICQueenStrength= 3.32002144679427
RQWkrDrnRatio= 3.09604264050722
ICDroneMiteSurvivorship= 69.3758188048378
ICWorkerMiteSurvivorship= 3.35482719819993
ICForagerLifespan= 8.71831599157304
ImmType= Cosine
AIAdultSlope= 1.96026455243118
AIAdultLD50= 2.64244721923023
AIAdultSlopeContact= 0.757457179783378
AIAdultLD50Contact= 0.0420560291153379
AILarvaSlope= 1.4094052542001
AILarvaLD50= 0.565653252066113
AIKOW= 7.84896253189072
AIKOC= 5.60990619240329
AIHalfLife= 4.97781892074272
EAppRate= 0.788107411237434
