ICQueenStrength= 5.05145270633511
RQWkrDrnRatio= 4.33464159816504
ICDroneMiteSurvivorship= 38.4851745795459
ICWorkerMiteSurvivorship= 68.4926684945822
ICForagerLifespan= 13.4509684322402
ImmType= Logarithmic
AIAdultSlope= 1.32989020086825
