ICQueenStrength= 5.25653054495342
RQWkrDrnRatio= 2.18606486264616
ICDroneMiteSurvivorship= 9.64376535266638
ICWorkerMiteSurvivorship= 23.961187293753
ICForagerLifespan= 8.39810332097113
ImmType= Polynomial
AIAdultSlope= 1.05433979318244
AIAdultLD50= 0.106448505423032
AIAdultSlopeContact= 1.99825596446637
AIAdultLD50Contact= 0.0193316706106998
AILarvaSlope= 0.908898620773107
AILarvaLD50= 0.0151714287232608
AIKOW= 3.10791524779052
AIKOC= 15.3279026981909
AIHalfLife= 1.04127981932834
EAppRate= 0.550192848918959
