ICQueenStrength= 2.10215094173327
RQWkrDrnRatio= 2.17543092183769
ICDroneMiteSurvivorship= 89.2462285235524
ICWorkerMiteSurvivorship= 95.9978315746412
ICForagerLifespan= 8.72617958299816
ImmType= Logarithmic
AIAdultSlopeContact= 2.69057016964071
AIAdultLD50Contact= 0.0276903015677817
AILarvaSlope= 2.87353792912327
AILarvaLD50= 0.228864811523817
AIKOW= 7.59702919377014
AIKOC= 25.5405917833559
AIHalfLife= 1.09769946429878
