ICQueenStrength= 5.55935808946379
RQWkrDrnRatio= 4.89396613836288
ICDroneMiteSurvivorship= 16.8167975731194
ICWorkerMiteSurvivorship= 73.5886653652415
ICForagerLifespan= 8.93306095991284
ImmType= Exponential
AIAdultSlope= 1.26014813466696
AIAdultLD50= 0.31114921765402
AIAdultSlopeContact= 3.49918561679078
AIAdultLD50Contact= 0.00526127167977393
AILarvaSlope= 0.37572845001705
AILarvaLD50= 0.334362233080901
AIKOW= 7.68632792821154
AIKOC= 23.4043869085144
AIHalfLife= 0.689012915827334
EAppRate= 0.281349530513398
