ICQueenStrength= 1.77256885357201
RQWkrDrnRatio= 3.57415247987956
ICDroneMiteSurvivorship= 75.4420686978847
ICWorkerMiteSurvivorship= 42.2278992133215
ICForagerLifespan= 4.2978552095592
ImmType= Sine
AIAdultSlope= 2.38443422437878
AIAdultLD50= 0.327088943333365
AIAdultSlopeContact= 1.37139475332806
AIAdultLD50Contact= 0.0399463485577144
AILarvaSlope= 2.38103775898926
AILarvaLD50= 0.706069712620229
AIKOW= 2.4521476640366
AIKOC= 5.8807277365122
AIHalfLife= 2.50355778029189
EAppRate= 0.558755588089116
