ICQueenStrength= 2.67421535821632
RQWkrDrnRatio= 4.87976158317178
ICDroneMiteSurvivorship= 88.4706808254123
ICWorkerMiteSurvivorship= 4.64149026665837
ICForagerLifespan= 12.3067165920511
ImmType= Sine
AIAdultSlope= 0.0656861545983702
AIAdultLD50= 0.111213797936216
AIAdultSlopeContact= 1.67337067086948
AIAdultLD50Contact= 0.017945048736874
AILarvaSlope= 0.00904489057138562
AILarvaLD50= 0.284466860862449
AIKOW= 4.72020935779437
AIKOC= 17.386272411095
AIHalfLife= 1.5984912016429
EAppRate= 0.0877904014196247
