ICQueenStrength= 3.95144195668399
RQWkrDrnRatio= 4.62910705059767
ICDroneMiteSurvivorship= 47.448492818512
ICWorkerMiteSurvivorship= 72.1784805180505
ICForagerLifespan= 10.8830996351317
ImmType= Exponential
AIAdultSlope= 2.71527416999452
AIAdultLD50= 2.83398196357302
AIAdultSlopeContact= 1.77443937123287
AIAdultLD50Contact= 0.00479261578293517
AILarvaSlope= 2.37665979699232
AILarvaLD50= 0.41738243107684
AIKOW= 5.36105540208519
AIKOC= 19.5564280508552
AIHalfLife= 9.14631453529
EAppRate= 0.608483912656084
