ICQueenStrength= 4.75259378342889
RQWkrDrnRatio= 2.91326554771513
ICDroneMiteSurvivorship= 33.9924103813246
ICWorkerMiteSurvivorship= 30.3413667948917
ICForagerLifespan= 5.290238478221
ImmType= Tangent
AIAdultSlope= 2.57009581967024
AIAdultLD50= 0.411281408392824
AIAdultSlopeContact= 2.3352035026392
AIAdultLD50Contact= 0.0354901736835018
AILarvaSlope= 0.488665290828794
AILarvaLD50= 0.817056204518303
AIKOW= 3.71446836832911
AIKOC= 7.86528216674924
AIHalfLife= 3.68932935991324
EAppRate= 0.217763820593245
