ICQueenStrength= 1.63900908106007
RQWkrDrnRatio= 4.19362683128566
ICDroneMiteSurvivorship= 91.738880914636
ICWorkerMiteSurvivorship= 48.4963382361457
ICForagerLifespan= 4.76088024117053
ImmType= Exponential
AIAdultSlopeContact= 1.43082154928008
AIAdultLD50Contact= 1.32090761326253e-05
AILarvaSlope= 2.82671572454274
AILarvaLD50= 0.253716395446099
AIKOW= 7.78798133088276
AIKOC= 28.4894585388247
AIHalfLife= 1.98231157893315
