ICQueenStrength= 1.77080012415536
RQWkrDrnRatio= 1.08988603111356
ICDroneMiteSurvivorship= 79.4941583415493
ICWorkerMiteSurvivorship= 22.485869913362
ICForagerLifespan= 12.3235239144415
ImmType= Polynomial
AIAdultSlope= 1.29398308633128
AIAdultLD50= 0.31427813146729
AIAdultSlopeContact= 1.38838341897586
AIAdultLD50Contact= 0.0235102128237486
AILarvaSlope= 2.90852501485497
AILarvaLD50= 0.108668145700358
AIKOW= 7.33621986862272
AIKOC= 29.4005863962229
AIHalfLife= 3.6468652903568
EAppRate= 0.389088958199136
