ICQueenStrength= 2.64938170579262
RQWkrDrnRatio= 4.62684710789472
ICDroneMiteSurvivorship= 65.8781836507842
ICWorkerMiteSurvivorship= 69.5709105813876
ICForagerLifespan= 6.13354955427349
ImmType= Tangent
AIAdultSlope= 2.73992429752834
AIAdultLD50= 1.95151252602227
AIAdultSlopeContact= 2.29308560343459
AIAdultLD50Contact= 0.00847432700684294
AILarvaSlope= 1.70195858986117
AILarvaLD50= 0.762463998701423
AIKOW= 2.55784041481093
AIKOC= 22.240108497208
AIHalfLife= 4.36027129134163
EAppRate= 0.26294840616174
