ICQueenStrength= 4.6143736646045
RQWkrDrnRatio= 3.10452343709767
ICDroneMiteSurvivorship= 48.8017898984253
ICWorkerMiteSurvivorship= 21.9189269468188
ICForagerLifespan= 10.1294333878905
ImmType= Exponential
AIAdultSlopeContact= 4.98279642080888
AIAdultLD50Contact= 0.169230849994347
AILarvaSlope= 3.77964167622849
AILarvaLD50= 0.3791633839719
AIKOW= 41.1801541456953
AIKOC= 46.1707512382418
AIHalfLife= 10.5259991856292
