ICQueenStrength= 2.54744528583251
RQWkrDrnRatio= 2.11558418814093
ICDroneMiteSurvivorship= 40.0930788600817
ICWorkerMiteSurvivorship= 90.544976037927
ICForagerLifespan= 7.20997552573681
ImmType= Polynomial
AIAdultSlope= 1.09539283206686
AIAdultSlopeContact= 1.84828811061569
AIAdultLD50Contact= 0.0229655126226135
AILarvaSlope= 2.39628587053157
AILarvaLD50= 0.725763527839445
AIKOW= 6.01744987396523
AIKOC= 21.0320642520674
AIHalfLife= 0.0396717712283134
