ICQueenStrength= 3.87330404971726
RQWkrDrnRatio= 2.48538479208946
ICDroneMiteSurvivorship= 71.1649779928848
ICWorkerMiteSurvivorship= 52.3771969135851
ICForagerLifespan= 14.8703501392156
ImmType= Cosine
AIAdultSlope= 1.47305579311214
AIAdultLD50= 1.85176281211898
AIAdultSlopeContact= 3.12585302981548
AIAdultLD50Contact= 0.00286782613256946
AILarvaSlope= 1.19185495628044
AILarvaLD50= 0.338219977612607
AIKOW= 2.41881537204608
AIKOC= 23.527450284455
AIHalfLife= 2.02628177078441
EAppRate= 0.752893113764003
