ICQueenStrength= 2.95721864048392
RQWkrDrnRatio= 3.36563191842288
