ICQueenStrength= 5.18115457287058
RQWkrDrnRatio= 1.14332018326968
ICDroneMiteSurvivorship= 34.9495918024331
ICWorkerMiteSurvivorship= 67.2326528700069
ICForagerLifespan= 12.1381658092141
ImmType= Polynomial
AIAdultSlope= 3.3470480185817
AIAdultLD50= 0.344276643474586
AIAdultSlopeContact= 2.83881844278658
AIAdultLD50Contact= 0.0251555193564855
AILarvaSlope= 2.81320357676595
AILarvaLD50= 0.532882960676216
AIKOW= 7.06420369585976
AIKOC= 7.35734502202831
AIHalfLife= 2.21091755316593
EAppRate= 0.667571089393459
