ICQueenStrength= 1.02936618751846
RQWkrDrnRatio= 3.14587351027876
ICDroneMiteSurvivorship= 74.495192617178
ICWorkerMiteSurvivorship= 66.4148842450231
ICForagerLifespan= 8.47541413176805
ImmType= Sine
AIAdultSlope= 2.25778986650985
AIAdultLD50= 0.239327705232427
AIAdultSlopeContact= 2.76660432958044
AIAdultLD50Contact= 0.00469765287125483
AILarvaSlope= 0.216337403003126
AILarvaLD50= 0.56828941530548
AIKOW= 4.59943395899609
AIKOC= 6.80770276929252
AIHalfLife= 0.757199482759461
EAppRate= 0
