ICQueenStrength= 1.78425144311041
RQWkrDrnRatio= 2.80987198185176
ICDroneMiteSurvivorship= 37.7093037124723
ICWorkerMiteSurvivorship= 26.8722520908341
ICForagerLifespan= 10.6160062784329
ImmType= Logarithmic
AIAdultSlopeContact= 3.07804857678479
AIAdultLD50Contact= 0.0193691619671881
AILarvaSlope= 0.0473480235319585
AILarvaLD50= 0.505677969893441
AIKOW= 3.68357196077704
AIKOC= 19.6827948628925
AIHalfLife= 13.7376282592304
