ICQueenStrength= 1.1469830761198
RQWkrDrnRatio= 2.01338571682572
ICDroneMiteSurvivorship= 34.0020218398422
ICWorkerMiteSurvivorship= 66.5068371454254
ICForagerLifespan= 14.574745987542
ImmType= Sine
AIAdultSlope= 2.23687995919026
AIAdultLD50= 2.06573989894241
AIAdultSlopeContact= 2.7147658476932
AIAdultLD50Contact= 0.0197126232087612
AILarvaSlope= 0.755980689497665
AILarvaLD50= 0.773089693975635
AIKOW= 5.17268358916044
AIKOC= 13.3807274058927
AIHalfLife= 2.23194658011198
EAppRate= 0.687902141129598
