ICQueenStrength= 2.59142560791224
RQWkrDrnRatio= 3.01053382270038
ICDroneMiteSurvivorship= 3.72507013380527
ICWorkerMiteSurvivorship= 88.0233675474301
ICForagerLifespan= 6.54210310894996
ImmType= Sine
AIAdultSlope= 1.77376998728141
AIAdultLD50= 1.65897774416953
AIAdultSlopeContact= 2.75678994042333
AIAdultLD50Contact= 0.00957186931045726
AILarvaSlope= 2.08118688878603
AILarvaLD50= 0.0492446354124695
AIKOW= 4.16331146005541
AIKOC= 22.4624100269284
AIHalfLife= 9.56739440513775
EAppRate= 0.776864684885368
