ICQueenStrength= 3.88542448426597
RQWkrDrnRatio= 2.99182879086584
ICDroneMiteSurvivorship= 9.54234167002141
ICWorkerMiteSurvivorship= 52.4503778666258
ICForagerLifespan= 14.7179027693346
ImmType= Tangent
AIAdultSlope= 2.61057786545716
AIAdultLD50= 2.04921747115441
AIAdultSlopeContact= 3.31276362704812
AIAdultLD50Contact= 0.0133275188156404
AILarvaSlope= 0.653593350853771
AILarvaLD50= 0.386452296003699
AIKOW= 7.75091058854014
AIKOC= 12.9510218638461
AIHalfLife= 9.65303514664993
EAppRate= 0.954780838219449
