ICQueenStrength= 2.58687511691824
RQWkrDrnRatio= 4.76614171545953
ICDroneMiteSurvivorship= 77.074372023344
ICWorkerMiteSurvivorship= 32.3424343485385
ICForagerLifespan= 6.86752465181053
ImmType= Cosine
AIAdultSlope= 0.600997214794625
AIAdultLD50= 0.302731900010258
AIAdultSlopeContact= 3.72273137377342
AIAdultLD50Contact= 0.0198817315744236
AILarvaSlope= 1.55075166798197
AILarvaLD50= 0.509442041208968
AIKOW= 7.20562557177618
AIKOC= 29.4869841088075
AIHalfLife= 3.17149262176827
EAppRate= 0
