ICQueenStrength= 2.42853333614767
RQWkrDrnRatio= 4.71477049775422
ICDroneMiteSurvivorship= 70.2625785721466
ICWorkerMiteSurvivorship= 84.9456885131076
ICForagerLifespan= 8.38754802104086
ImmType= Exponential
AIAdultSlope= 1.31365220281295
AIAdultSlopeContact= 0.361438295133412
AIAdultLD50Contact= 0.0157090243534185
AILarvaSlope= 3.31315485653467
AILarvaLD50= 0.299315775535069
AIKOW= 5.03212470142171
AIKOC= 13.8574717578012
AIHalfLife= 4.22787035349756
