ICQueenStrength= 4.06659418041818
RQWkrDrnRatio= 1.98447366431355
ICDroneMiteSurvivorship= 35.008257208392
ICWorkerMiteSurvivorship= 31.3033929793164
ICForagerLifespan= 7.58795104268938
ImmType= Tangent
AIAdultSlope= 1.4096357205417
AIAdultLD50= 1.76474150922149
AIAdultSlopeContact= 0.20018203927204
AIAdultLD50Contact= 0.0163408716092817
AILarvaSlope= 1.51730857319199
AILarvaLD50= 0.864701788220555
AIKOW= 7.32083326205611
AIKOC= 23.4839544817805
AIHalfLife= 2.74309437721968
EAppRate= 0.629390848567709
