ICQueenStrength= 1.30744921183214
RQWkrDrnRatio= 1.3091745832935
ICDroneMiteSurvivorship= 84.4970945967361
ICWorkerMiteSurvivorship= 63.0862673278898
ICForagerLifespan= 12.4840934295207
ImmType= Tangent
AIAdultSlope= 3.71333726540208
AIAdultLD50= 0.213418256957084
AIAdultSlopeContact= 3.8179527075123
AIAdultLD50Contact= 0.00405652278568596
AILarvaSlope= 2.90642918823287
AILarvaLD50= 0.581731579033658
AIKOW= 6.15793829783797
AIKOC= 24.5399199787062
AIHalfLife= 4.89861373556778
EAppRate= 0.581537295132875
