ICQueenStrength= 3.61762714595534
RQWkrDrnRatio= 3.04280090052634
ICDroneMiteSurvivorship= 54.196940572001
ICWorkerMiteSurvivorship= 74.3458702228963
ICForagerLifespan= 4.50351504702121
ImmType= Exponential
AIAdultSlope= 1.55133521454409
AIAdultLD50= 1.95863665896468
AIAdultSlopeContact= 2.40539734347258
AIAdultLD50Contact= 0.029866356914863
AILarvaSlope= 0.258543357206509
AILarvaLD50= 0.548535639094189
AIKOW= 6.90749375661835
AIKOC= 10.5502259230707
AIHalfLife= 0.377857753075659
EAppRate= 0.153543193824589
