ICQueenStrength= 4.26719167176634
RQWkrDrnRatio= 1.91255838144571
ICDroneMiteSurvivorship= 12.8822532249615
ICWorkerMiteSurvivorship= 56.2778370920569
ICForagerLifespan= 6.38913296535611
ImmType= Polynomial
AIAdultSlope= 3.35178352198563
AIAdultLD50= 0.358688305830583
AIAdultSlopeContact= 1.62643989048433
AIAdultLD50Contact= 0.0060571538284421
AILarvaSlope= 1.12640897808596
AILarvaLD50= 0.0435151930432767
AIKOW= 5.38627556245774
AIKOC= 11.3190074753948
AIHalfLife= 0.219218340236694
EAppRate= 0.720183126162738
