ICQueenStrength= 5.89842052338645
RQWkrDrnRatio= 2.95860536862165
ICDroneMiteSurvivorship= 43.6294157989323
ICWorkerMiteSurvivorship= 48.4625996556133
ICForagerLifespan= 10.8540747920051
ImmType= Cosine
AIAdultSlope= 2.88852966123959
AIAdultLD50= 0.157609884510748
AIAdultSlopeContact= 0.641777764619328
AIAdultLD50Contact= 0.0431264407350682
AILarvaSlope= 1.61803385885432
AILarvaLD50= 0.798806894430891
AIKOW= 2.34160380577669
AIKOC= 18.0461180757266
AIHalfLife= 3.74082949012518
EAppRate= 0.407867017760873
