ICQueenStrength= 2.75459871534258
RQWkrDrnRatio= 4.2216007579118
ICDroneMiteSurvivorship= 22.6926348404959
ICWorkerMiteSurvivorship= 56.1740562552586
ICForagerLifespan= 4.77235966268927
ImmType= Logarithmic
AIAdultSlopeContact= 2.45414950835053
AIAdultLD50Contact= 0.0219390204991214
AILarvaSlope= 2.15788754639216
AILarvaLD50= 0.0575879260897636
AIKOW= 2.96854434814304
AIKOC= 11.0033575166017
AIHalfLife= 8.71447071200237
