ICQueenStrength= 2.12662774743512
RQWkrDrnRatio= 2.44951331801713
ICDroneMiteSurvivorship= 85.6317227240652
ICWorkerMiteSurvivorship= 5.08596391882747
ICForagerLifespan= 8.39276583120227
ImmType= Cosine
AIAdultSlope= 0.1220425883797
AIAdultLD50= 0.222708073328249
AIAdultSlopeContact= 1.54950729184784
AIAdultLD50Contact= 0.0349013136117719
AILarvaSlope= 1.95255257808603
AILarvaLD50= 0.0919139523524791
AIKOW= 3.17974444199353
AIKOC= 8.18234924925491
AIHalfLife= 4.24248656025156
EAppRate= 0.16073440965265
