ICQueenStrength= 4.16699406597763
RQWkrDrnRatio= 4.03681139368564
ICDroneMiteSurvivorship= 56.7017919383943
ICWorkerMiteSurvivorship= 0.300846598111093
ICForagerLifespan= 9.26092938147485
ImmType= Polynomial
AIAdultSlopeContact= 0.0840893670497462
AIAdultLD50Contact= 0.0308493951451965
AILarvaSlope= 3.38424636120908
AILarvaLD50= 0.58535363576375
AIKOW= 5.71330872457474
AIKOC= 17.2922281967476
AIHalfLife= 6.78970344364643
