ICQueenStrength= 4.56217570370063
RQWkrDrnRatio= 1.99882703274488
ICDroneMiteSurvivorship= 77.9883441049606
ICWorkerMiteSurvivorship= 1.73261619638652
ICForagerLifespan= 15.4595672544092
ImmType= Logarithmic
AIAdultSlope= 3.41250565362163
AIAdultLD50= 0.337397065362893
AIAdultSlopeContact= 2.25422511250712
AIAdultLD50Contact= 0.0208347884356044
AILarvaSlope= 1.0215035747271
AILarvaLD50= 0.25882113520056
AIKOW= 5.73372143181041
AIKOC= 29.0111076331232
AIHalfLife= 4.64161989162676
EAppRate= 0.423809280921705
