ICQueenStrength= 1.14054236002266
RQWkrDrnRatio= 1.30646186135709
ICDroneMiteSurvivorship= 47.2132022026926
ICWorkerMiteSurvivorship= 92.6763105206192
ICForagerLifespan= 10.1370502971113
ImmType= Exponential
AIAdultSlope= 3.5359402119345
AIAdultLD50= 0.250836299615912
AIAdultSlopeContact= 0.217439280145336
AIAdultLD50Contact= 0.0423155994853005
AILarvaSlope= 2.8975335449446
AILarvaLD50= 0.277615582477301
AIKOW= 6.72881706897169
AIKOC= 27.7478188462555
AIHalfLife= 1.20456092758104
EAppRate= 0
