ICQueenStrength= 4.11618020525202
RQWkrDrnRatio= 2.33704054076225
ICDroneMiteSurvivorship= 6.1039284337312
ICWorkerMiteSurvivorship= 26.1704784585163
ICForagerLifespan= 13.8229995258152
ImmType= Logarithmic
AIAdultSlope= 2.36013693967834
