ICQueenStrength= 1.47368469531648
RQWkrDrnRatio= 4.08942094631493
ICDroneMiteSurvivorship= 95.6573931034654
ICWorkerMiteSurvivorship= 85.966732329689
ICForagerLifespan= 9.54943216126412
ImmType= Tangent
AIAdultSlope= 3.80461224335013
AIAdultLD50= 0.266049013473094
AIAdultSlopeContact= 3.13030465294607
AIAdultLD50Contact= 0.00492986532626674
AILarvaSlope= 3.22560117696412
AILarvaLD50= 0.503508930956014
AIKOW= 7.97163506271318
AIKOC= 16.4589819160756
AIHalfLife= 4.06785798957571
EAppRate= 0.362002342892811
