ICQueenStrength= 3.81744943349622
RQWkrDrnRatio= 1.06793370842934
ICDroneMiteSurvivorship= 31.2219587154686
ICWorkerMiteSurvivorship= 61.0462193144485
ICForagerLifespan= 7.38300194870681
ImmType= Sine
AIAdultSlope= 0.0193318098806776
AIAdultLD50= 0.186671511735767
AIAdultSlopeContact= 3.44894804517506
AIAdultLD50Contact= 0.00357089877361432
AILarvaSlope= 2.01667218599468
AILarvaLD50= 0.157038523675874
AIKOW= 2.11745595838875
AIKOC= 15.8934405259788
AIHalfLife= 4.83968334156089
EAppRate= 0
