ICQueenStrength= 3.98320915433578
RQWkrDrnRatio= 1.13232143502682
ICDroneMiteSurvivorship= 2.38549709320068
ICWorkerMiteSurvivorship= 1.66952661238611
ICForagerLifespan= 12.3354888269678
ImmType= Tangent
AIAdultSlope= 2.8001078978274
AIAdultLD50= 0.390700956224464
AIAdultSlopeContact= 3.17091266850941
AIAdultLD50Contact= 0.0176107440609485
AILarvaSlope= 1.51353736501187
AILarvaLD50= 0.638870290643536
AIKOW= 5.17651590006426
AIKOC= 28.661184089724
AIHalfLife= 3.34530341438949
EAppRate= 0
