ICQueenStrength= 2.94248214643449
RQWkrDrnRatio= 1.25577839557081
