ICQueenStrength= 1.92851594788954
RQWkrDrnRatio= 1.24440930038691
ICDroneMiteSurvivorship= 53.4096634713933
ICWorkerMiteSurvivorship= 22.1790231065825
ICForagerLifespan= 4.29981939401478
ImmType= Polynomial
AIAdultSlopeContact= 1.13680980581325
AIAdultLD50Contact= 0.00634139586472884
AILarvaSlope= 0.37231320515275
AILarvaLD50= 0.127505415701307
AIKOW= 7.27150192018598
AIKOC= 13.515030622948
AIHalfLife= 8.1802072818391
