ICQueenStrength= 3.52807635231875
RQWkrDrnRatio= 3.12404708191752
ICDroneMiteSurvivorship= 73.9389854716137
ICWorkerMiteSurvivorship= 83.5252505727112
ICForagerLifespan= 15.4360146680847
ImmType= Exponential
AIAdultSlope= 2.78995730131865
AIAdultLD50= 1.67223375756294
AIAdultSlopeContact= 2.62491361286491
AIAdultLD50Contact= 0.0335931133711711
AILarvaSlope= 1.08198113031685
AILarvaLD50= 0.28270305970218
AIKOW= 3.29212740017101
AIKOC= 7.69027896574698
AIHalfLife= 7.34389402251691
EAppRate= 0.466078659985214
