ICQueenStrength= 5.08448821981438
RQWkrDrnRatio= 2.39466088172048
ICDroneMiteSurvivorship= 68.7033536611125
ICWorkerMiteSurvivorship= 2.33835484832525
ICForagerLifespan= 5.10153869539499
ImmType= Logarithmic
AIAdultSlope= 1.19762774268631
AIAdultLD50= 0.46688995952718
AIAdultSlopeContact= 2.61203651249874
AIAdultLD50Contact= 0.0300197361619212
AILarvaSlope= 1.91894193841144
AILarvaLD50= 0.624116037413478
AIKOW= 5.15945695852861
AIKOC= 14.062512248056
AIHalfLife= 3.9002270239871
EAppRate= 0.294053981686011
