ICQueenStrength= 1.79518017009832
RQWkrDrnRatio= 4.09432022180408
ICDroneMiteSurvivorship= 43.4706244850531
ICWorkerMiteSurvivorship= 62.7642408013344
ICForagerLifespan= 5.21970811579376
ImmType= Logarithmic
AIAdultSlope= 2.54952572132461
AIAdultLD50= 1.56421610014513
AIAdultSlopeContact= 0.602397055767942
AIAdultLD50Contact= 0.0270224120933563
AILarvaSlope= 1.53863531434908
AILarvaLD50= 0.0495931647950783
AIKOW= 2.44701468851417
AIKOC= 28.0341193615459
AIHalfLife= 4.32357655884698
EAppRate= 0.451874001417309
