ICQueenStrength= 5.17508683167398
RQWkrDrnRatio= 3.74158209003508
ICDroneMiteSurvivorship= 9.41979500930756
ICWorkerMiteSurvivorship= 52.5232366053388
ICForagerLifespan= 13.6101253144443
ImmType= Logarithmic
AIAdultSlope= 2.63741761995479
AIAdultLD50= 2.96993018640205
AIAdultSlopeContact= 2.42397146645933
AIAdultLD50Contact= 0.000100744271185249
AILarvaSlope= 1.52529439092614
AILarvaLD50= 0.835536678903736
AIKOW= 7.79204272339121
AIKOC= 19.8551840567961
AIHalfLife= 1.2192776221782
EAppRate= 0.367273613810539
