ICQueenStrength= 3.83849678118713
RQWkrDrnRatio= 4.45023552980274
ICDroneMiteSurvivorship= 51.3817293103784
ICWorkerMiteSurvivorship= 83.0563909607008
ICForagerLifespan= 6.24414408113807
ImmType= Cosine
AIAdultSlope= 1.89593178941868
AIAdultLD50= 1.37656618072651
AIAdultSlopeContact= 2.76303992786212
AIAdultLD50Contact= 0.012684174394235
AILarvaSlope= 2.62927545327693
AILarvaLD50= 0.0561840325361118
AIKOW= 2.56951330322772
AIKOC= 5.36655977019109
AIHalfLife= 9.24151176586747
EAppRate= 0.823755924357101
