ICQueenStrength= 4.01396693685092
RQWkrDrnRatio= 3.69457242172211
ICDroneMiteSurvivorship= 21.7383824288845
ICWorkerMiteSurvivorship= 13.8448491692543
ICForagerLifespan= 8.61647699400783
ImmType= Tangent
AIAdultSlope= 9.27012520376593
