ICQueenStrength= 1.25341177592054
RQWkrDrnRatio= 2.58634911850095
ICDroneMiteSurvivorship= 97.7027358720079
ICWorkerMiteSurvivorship= 8.71440679766238
ICForagerLifespan= 5.68105368223041
ImmType= Tangent
AIAdultSlope= 8.38084936374798
AIAdultLD50= 0.249100684886798
AIAdultSlopeContact= 5.42755256639794
AIAdultLD50Contact= 0.156452847830951
AILarvaSlope= 4.22291687922552
AILarvaLD50= 0.0959898508153856
AIKOW= 21.1146412417293
AIKOC= 67.7597073605284
AIHalfLife= 12.8750143507496
EAppRate= 1.15010446403176
