ICQueenStrength= 2.54432618618011
RQWkrDrnRatio= 3.80690251663327
