ICQueenStrength= 3.78228986309841
RQWkrDrnRatio= 2.77825676556677
ICDroneMiteSurvivorship= 39.8053826298565
ICWorkerMiteSurvivorship= 6.38151604216546
ICForagerLifespan= 12.1456886036322
ImmType= Polynomial
AIAdultSlope= 2.03314972710796
AIAdultLD50= 2.04419179586694
AIAdultSlopeContact= 1.25572050439194
AIAdultLD50Contact= 0.0279183938517235
AILarvaSlope= 1.67651296788827
AILarvaLD50= 0.110128727112897
AIKOW= 2.11402174038813
AIKOC= 14.7718050878029
AIHalfLife= 11.0736091798171
EAppRate= 0.740108204772696
