ICQueenStrength= 5.07861006562598
RQWkrDrnRatio= 1.31518363114446
ICDroneMiteSurvivorship= 63.4306921856478
ICWorkerMiteSurvivorship= 42.8853759774938
ICForagerLifespan= 7.44712455011904
ImmType= Tangent
AIAdultSlope= 0.97280629677698
AIAdultLD50= 0.814583344850689
AIAdultSlopeContact= 8.98153021233156
AIAdultLD50Contact= 0.151105148158968
AILarvaSlope= 1.10509327612817
AILarvaLD50= 0.179587039165199
AIKOW= 98.4088274883106
AIKOC= 15.080069960095
AIHalfLife= 1.52853336976841
EAppRate= 0.230046246666461
