ICQueenStrength= 5.7459927352611
RQWkrDrnRatio= 1.64021384809166
ICDroneMiteSurvivorship= 29.0545793715864
ICWorkerMiteSurvivorship= 87.8853821661323
ICForagerLifespan= 14.3382249968126
ImmType= Tangent
AIAdultSlope= 2.12438864605501
AIAdultLD50= 1.75050995196216
AIAdultSlopeContact= 3.53275298694614
AIAdultLD50Contact= 0.0404286491684616
AILarvaSlope= 3.04643610501662
AILarvaLD50= 0.523515344853513
AIKOW= 3.15828198939562
AIKOC= 25.748359389836
AIHalfLife= 8.30245740571991
EAppRate= 0.919349738396704
