ICQueenStrength= 5.54898191033863
RQWkrDrnRatio= 4.70259250700474
ICDroneMiteSurvivorship= 78.9695876184851
ICWorkerMiteSurvivorship= 16.3693317444995
ICForagerLifespan= 15.8244851632044
ImmType= Polynomial
AIAdultSlope= 0.443654443386477
AIAdultLD50= 0.0909156168345362
AIAdultSlopeContact= 2.96735749690561
AIAdultLD50Contact= 0.0432366743101738
AILarvaSlope= 1.54104279312305
AILarvaLD50= 0.0196205100277439
AIKOW= 7.27567247021943
AIKOC= 5.7549169997219
AIHalfLife= 4.52439862652682
EAppRate= 0.630756597151048
