ICQueenStrength= 4.3720370195806
RQWkrDrnRatio= 1.30243703443557
ICDroneMiteSurvivorship= 90.0920357787982
ICWorkerMiteSurvivorship= 16.9901953078806
ICForagerLifespan= 15.5645661372691
ImmType= Polynomial
AIAdultSlope= 0.00199801037088037
AIAdultLD50= 1.15595862292685
AIAdultSlopeContact= 1.27663658207981
AIAdultLD50Contact= 0.0308074978296645
AILarvaSlope= 1.79427767684683
AILarvaLD50= 0.411465586535633
AIKOW= 2.19135752366856
AIKOC= 19.8401589307468
AIHalfLife= 11.5529874330387
EAppRate= 0.835138340713456
