ICQueenStrength= 1.2584049187135
RQWkrDrnRatio= 4.25425808411092
ICDroneMiteSurvivorship= 51.5056676929817
ICWorkerMiteSurvivorship= 23.307437566109
ICForagerLifespan= 11.7410013722256
ImmType= Tangent
AIAdultSlopeContact= 9.20044438680634
AIAdultLD50Contact= 0.0945240078959614
AILarvaSlope= 2.11509579559788
AILarvaLD50= 0.205131192691624
AIKOW= 59.2292801011354
AIKOC= 58.5864479653537
AIHalfLife= 8.96815909119323
