ICQueenStrength= 2.76858679507859
RQWkrDrnRatio= 4.77917672134936
ICDroneMiteSurvivorship= 80.341225489974
ICWorkerMiteSurvivorship= 70.8646598970518
ICForagerLifespan= 11.3690346879885
ImmType= Tangent
AIAdultSlopeContact= 2.32094604033977
AIAdultLD50Contact= 0.0160523433820345
AILarvaSlope= 1.09865274839103
AILarvaLD50= 0.452957059582695
AIKOW= 4.83909537782893
AIKOC= 22.9270015913062
AIHalfLife= 4.89105523051694
