ICQueenStrength= 3.85403349087574
RQWkrDrnRatio= 2.82886997424066
ICDroneMiteSurvivorship= 25.7932972395793
ICWorkerMiteSurvivorship= 12.7472958760336
ICForagerLifespan= 14.3846186744049
ImmType= Cosine
AIAdultSlope= 0.0692497122217901
AIAdultLD50= 0.206489589181729
AIAdultSlopeContact= 2.2414833222935
AIAdultLD50Contact= 0.0252185204764828
AILarvaSlope= 2.09988222522661
AILarvaLD50= 0.478741520410404
AIKOW= 3.77355889137834
AIKOC= 20.5307951383293
AIHalfLife= 4.05750045669265
EAppRate= 0.0358489627484232
