ICQueenStrength= 2.4948351145722
RQWkrDrnRatio= 3.15348528977484
ICDroneMiteSurvivorship= 39.8233473766595
ICWorkerMiteSurvivorship= 58.3045787876472
ICForagerLifespan= 10.4376230956987
ImmType= Logarithmic
AIAdultSlope= 1.50345982846571
AIAdultLD50= 0.463211669004522
AIAdultSlopeContact= 3.59222987225046
AIAdultLD50Contact= 0.0191942498553544
AILarvaSlope= 1.03200661330484
AILarvaLD50= 0.600975054083392
AIKOW= 3.25255231559277
AIKOC= 16.9028867105953
AIHalfLife= 4.54698995803483
EAppRate= 0.126311997952871
