ICQueenStrength= 4.60364724998362
RQWkrDrnRatio= 3.36736539099365
ICDroneMiteSurvivorship= 22.1500528976321
ICWorkerMiteSurvivorship= 98.4100013040006
ICForagerLifespan= 5.91380065120757
ImmType= Exponential
AIAdultSlopeContact= 5.08742708014324
AIAdultLD50Contact= 0.0250572420656681
AILarvaSlope= 5.8484296919778
AILarvaLD50= 1.1010636407882
AIKOW= 79.2254826286808
AIKOC= 55.0154711352661
AIHalfLife= 3.56533226184547
