ICQueenStrength= 2.09342347015627
RQWkrDrnRatio= 3.44810123834759
ICDroneMiteSurvivorship= 21.7027660924941
ICWorkerMiteSurvivorship= 35.6492864899337
ICForagerLifespan= 4.07310331892222
ImmType= Exponential
AIAdultSlope= 7.64628489501774
