ICQueenStrength= 4.37980393669568
RQWkrDrnRatio= 1.05898283887655
ICDroneMiteSurvivorship= 6.15559320431203
ICWorkerMiteSurvivorship= 72.0535070868209
ICForagerLifespan= 12.6588805578649
ImmType= Tangent
AIAdultSlope= 2.37371241389774
AIAdultLD50= 2.72767109004781
AIAdultSlopeContact= 1.10701677875128
AIAdultLD50Contact= 0.023356268228963
AILarvaSlope= 0.399851928977296
AILarvaLD50= 0.786423179204576
AIKOW= 6.81168772606179
AIKOC= 23.4696546464693
AIHalfLife= 5.27506073843688
EAppRate= 0.0258518087211996
