ICQueenStrength= 1.3035197861027
RQWkrDrnRatio= 1.78195836674422
ICDroneMiteSurvivorship= 12.2093514539301
ICWorkerMiteSurvivorship= 50.4606392001733
ICForagerLifespan= 9.55332108493894
ImmType= Tangent
AIAdultSlopeContact= 0.246985750214662
AIAdultLD50Contact= 0.0169934084289707
AILarvaSlope= 0.177574718743563
AILarvaLD50= 0.208071753080003
AIKOW= 3.22337926086038
AIKOC= 18.5209241590928
AIHalfLife= 6.86362651968375
