ICQueenStrength= 1.49867221852764
RQWkrDrnRatio= 4.44559349585325
ICDroneMiteSurvivorship= 13.8084591366351
ICWorkerMiteSurvivorship= 80.1730590406805
ICForagerLifespan= 10.2207048116252
ImmType= Exponential
AIAdultSlope= 2.25041509256698
AIAdultLD50= 2.29155529802665
AIAdultSlopeContact= 0.249527468474116
AIAdultLD50Contact= 0.0190871641389094
AILarvaSlope= 0.641018920717761
AILarvaLD50= 0.237841843860224
AIKOW= 2.42828761273995
AIKOC= 26.273383469088
AIHalfLife= 11.1459827781655
EAppRate= 0.766115843784064
