ICQueenStrength= 4.24095502728596
RQWkrDrnRatio= 4.38978329394013
ICDroneMiteSurvivorship= 41.3253300590441
ICWorkerMiteSurvivorship= 73.1833638856187
ICForagerLifespan= 9.29773388244212
ImmType= Cosine
AIAdultSlope= 2.32612836998887
AIAdultLD50= 0.125251655699685
AIAdultSlopeContact= 3.79385241435142
AIAdultLD50Contact= 0.0280963095836341
AILarvaSlope= 2.91010618680157
AILarvaLD50= 0.38440862246789
AIKOW= 3.42057428974658
AIKOC= 14.4306129554752
AIHalfLife= 10.8519038273953
EAppRate= 0.796957505634055
