ICQueenStrength= 3.16323584201746
RQWkrDrnRatio= 2.72415800392628
ICDroneMiteSurvivorship= 8.84034661576152
ICWorkerMiteSurvivorship= 45.3240721020848
ICForagerLifespan= 9.36472246889025
ImmType= Polynomial
AIAdultSlopeContact= 2.00917946571484
AIAdultLD50Contact= 0.039895000634715
AILarvaSlope= 0.265119669865817
AILarvaLD50= 0.739449770702049
AIKOW= 7.66465239366516
AIKOC= 16.0025251866318
AIHalfLife= 2.20015424815938
