ICQueenStrength= 2.67674125405028
RQWkrDrnRatio= 1.86188554205
ICDroneMiteSurvivorship= 51.7437093425542
ICWorkerMiteSurvivorship= 4.007647652179
ICForagerLifespan= 11.09319604747
ImmType= Polynomial
AIAdultSlope= 0.567586426576599
AIAdultLD50= 1.18246383103542
AIAdultSlopeContact= 0.131313802564982
AIAdultLD50Contact= 0.0312696413486265
AILarvaSlope= 3.12103727632202
AILarvaLD50= 0.0439608133630827
AIKOW= 3.37027053534985
AIKOC= 9.93470691726543
AIHalfLife= 4.5285487100482
EAppRate= 0.333394655492157
