ICQueenStrength= 4.5372637945693
RQWkrDrnRatio= 3.99240118823946
ICDroneMiteSurvivorship= 55.9042779030278
ICWorkerMiteSurvivorship= 2.63579657766968
ICForagerLifespan= 13.6634800788015
ImmType= Logarithmic
AIAdultSlopeContact= 1.08426853849785
AIAdultLD50Contact= 0.045959509385284
AILarvaSlope= 0.266612832201645
AILarvaLD50= 0.0436607726616785
AIKOW= 5.83654373558238
AIKOC= 7.0900126430206
AIHalfLife= 11.6525288135745
