ICQueenStrength= 2.20396520709619
RQWkrDrnRatio= 2.40958427917212
ICDroneMiteSurvivorship= 78.6626213928685
ICWorkerMiteSurvivorship= 33.572736219503
ICForagerLifespan= 14.6457707481459
ImmType= Exponential
AIAdultSlope= 2.17547659847885
AIAdultLD50= 0.30372634739615
AIAdultSlopeContact= 2.35700720618013
AIAdultLD50Contact= 0.0145350901177153
AILarvaSlope= 3.3015830413904
AILarvaLD50= 0.626155837252736
AIKOW= 3.91157009545714
AIKOC= 18.9770045178011
AIHalfLife= 1.02352995309047
EAppRate= 0
