ICQueenStrength= 3.84417119342834
RQWkrDrnRatio= 3.53674081526697
ICDroneMiteSurvivorship= 70.4789444571361
ICWorkerMiteSurvivorship= 21.1585556622595
ICForagerLifespan= 11.8320514885709
ImmType= Tangent
AIAdultSlope= 1.07877714144997
AIAdultLD50= 1.31607735157013
AIAdultSlopeContact= 1.32857582645724
AIAdultLD50Contact= 0.012674028344918
AILarvaSlope= 0.477093438478187
AILarvaLD50= 0.656899912725203
AIKOW= 3.24700435763225
AIKOC= 10.6250570632983
AIHalfLife= 12.2469281745143
EAppRate= 0.935428412863985
