ICQueenStrength= 3.64754540054128
RQWkrDrnRatio= 1.11602739244699
ICDroneMiteSurvivorship= 6.69922861270607
ICWorkerMiteSurvivorship= 73.4920166665688
ICForagerLifespan= 15.3465195568278
ImmType= Polynomial
AIAdultSlope= 0.493564211996272
AIAdultLD50= 0.352528270566836
AIAdultSlopeContact= 1.28579078111099
AIAdultLD50Contact= 0.0134315074537881
AILarvaSlope= 0.190859588049352
AILarvaLD50= 0.549594102054834
AIKOW= 4.529324979987
AIKOC= 28.4350422630087
AIHalfLife= 7.48912860872224
EAppRate= 0.27853151364252
