ICQueenStrength= 5.87084463005885
RQWkrDrnRatio= 3.88809617888182
ICDroneMiteSurvivorship= 62.8156031481922
ICWorkerMiteSurvivorship= 44.5115807000548
ICForagerLifespan= 9.38029018044472
ImmType= Cosine
AIAdultSlope= 1.55008475626819
AIAdultSlopeContact= 1.86654862270458
AIAdultLD50Contact= 0.00815874905092642
AILarvaSlope= 2.47044862690382
AILarvaLD50= 0.481869081314653
AIKOW= 2.63541245600209
AIKOC= 5.0778911577072
AIHalfLife= 11.585761112161
