ICQueenStrength= 2.06985317543149
RQWkrDrnRatio= 2.57156838849187
ICDroneMiteSurvivorship= 96.9441685127094
ICWorkerMiteSurvivorship= 10.3345694486052
ICForagerLifespan= 14.3809376554564
ImmType= Logarithmic
AIAdultSlope= 1.56836375459097
AIAdultLD50= 2.46911841980182
AIAdultSlopeContact= 1.72306339301867
AIAdultLD50Contact= 0.0284354208386503
AILarvaSlope= 2.94984595538117
AILarvaLD50= 0.829983218573034
AIKOW= 3.0559219350107
AIKOC= 5.18850593478419
AIHalfLife= 3.26047174585983
EAppRate= 0.320226334733889
