ICQueenStrength= 4.45232608728111
RQWkrDrnRatio= 2.31206722185016
ICDroneMiteSurvivorship= 56.2241975450888
ICWorkerMiteSurvivorship= 52.3135808529332
ICForagerLifespan= 15.0160102937371
ImmType= Tangent
AIAdultSlope= 3.63373500064015
AIAdultLD50= 0.155645093182102
AIAdultSlopeContact= 2.7659028215264
AIAdultLD50Contact= 0.0421281223068945
AILarvaSlope= 2.25235383245163
AILarvaLD50= 0.15907955984585
AIKOW= 2.65024721063673
AIKOC= 23.1375877582468
AIHalfLife= 4.32145998463966
EAppRate= 0.32512741794344
