ICQueenStrength= 1.40533268242143
RQWkrDrnRatio= 1.50808646529913
ICDroneMiteSurvivorship= 77.7723463252187
ICWorkerMiteSurvivorship= 9.29908896796405
ICForagerLifespan= 12.0093451747671
ImmType= Cosine
AIAdultSlope= 2.80625454764813
AIAdultLD50= 2.01332247443497
AIAdultSlopeContact= 0.792732849307358
AIAdultLD50Contact= 0.0446041851886548
AILarvaSlope= 0.118705923995003
AILarvaLD50= 0.0411536192754284
AIKOW= 2.53898376459256
AIKOC= 29.9034064996522
AIHalfLife= 9.40441556228325
EAppRate= 0.149616266600788
