ICQueenStrength= 1.87570225470699
RQWkrDrnRatio= 3.31168497353792
ICDroneMiteSurvivorship= 74.1730247624218
ICWorkerMiteSurvivorship= 50.0967770116404
ICForagerLifespan= 14.1518824286759
ImmType= Polynomial
AIAdultSlope= 1.32466799777001
AIAdultLD50= 0.175998251303099
AIAdultSlopeContact= 3.50752525375457
AIAdultLD50Contact= 0.0449736907379702
AILarvaSlope= 2.89078735290095
AILarvaLD50= 0.0947200343711302
AIKOW= 4.54724409477785
AIKOC= 25.2032757923007
AIHalfLife= 3.61874435213394
EAppRate= 0.662164266477339
