ICQueenStrength= 2.80354772717692
RQWkrDrnRatio= 4.70480273663998
ICDroneMiteSurvivorship= 24.6320211561397
ICWorkerMiteSurvivorship= 79.1780516738072
ICForagerLifespan= 5.77403190173209
ImmType= Polynomial
AIAdultSlopeContact= 3.37276633846108
AIAdultLD50Contact= 0.0375553119112738
AILarvaSlope= 2.39503083033487
AILarvaLD50= 0.415149776637554
AIKOW= 5.0489341695793
AIKOC= 15.4721104667988
AIHalfLife= 11.4364356296137
