ICQueenStrength= 1.13350194320083
RQWkrDrnRatio= 1.04185466002673
ICDroneMiteSurvivorship= 60.3926387615502
ICWorkerMiteSurvivorship= 2.80612169299275
ICForagerLifespan= 6.42042441479862
ImmType= Cosine
AIAdultSlope= 1.14176911395043
AIAdultLD50= 1.79796521645039
AIAdultSlopeContact= 1.51487630370073
AIAdultLD50Contact= 0.0139620658010244
AILarvaSlope= 2.30456870449707
AILarvaLD50= 0.160487426631153
AIKOW= 4.06542435940355
AIKOC= 25.7744759740308
AIHalfLife= 13.7538931397721
EAppRate= 0.623781224247068
