ICQueenStrength= 5.72319372463971
RQWkrDrnRatio= 3.39217688608915
ICDroneMiteSurvivorship= 75.7160887122154
ICWorkerMiteSurvivorship= 90.1893092319369
ICForagerLifespan= 15.3543852968141
ImmType= Logarithmic
AIAdultSlope= 1.14183244261891
AIAdultLD50= 0.166242685983889
AIAdultSlopeContact= 0.720137126992922
AIAdultLD50Contact= 0.000939627143088728
AILarvaSlope= 1.76367785232142
AILarvaLD50= 0.538321689306758
AIKOW= 5.83594787446782
AIKOC= 19.8791085695848
AIHalfLife= 4.78495515300892
EAppRate= 0.617215194017626
