ICQueenStrength= 3.42935298592784
RQWkrDrnRatio= 1.26968420576304
ICDroneMiteSurvivorship= 56.2574412440881
ICWorkerMiteSurvivorship= 54.352627787739
ICForagerLifespan= 12.5526775280014
ImmType= Sine
AIAdultSlopeContact= 0.0893641708628275
AIAdultLD50Contact= 0.00214317275676876
AILarvaSlope= 2.34727612808347
AILarvaLD50= 0.365985400043428
AIKOW= 2.143632595893
AIKOC= 19.8466363141779
AIHalfLife= 10.6843012920581
