ICQueenStrength= 2.27560119726695
RQWkrDrnRatio= 1.48527457471937
ICDroneMiteSurvivorship= 73.7657226854935
ICWorkerMiteSurvivorship= 69.9285686481744
ICForagerLifespan= 12.4455861365423
ImmType= Sine
AIAdultSlopeContact= 1.10956993664615
AIAdultLD50Contact= 0.035873524309136
AILarvaSlope= 0.781191131006926
AILarvaLD50= 0.890545416902751
AIKOW= 5.96211560303345
AIKOC= 18.6373367335182
AIHalfLife= 6.77967831119895
