ICQueenStrength= 3.25570051581599
RQWkrDrnRatio= 1.10696091596037
ICDroneMiteSurvivorship= 63.6322094127536
ICWorkerMiteSurvivorship= 28.4834353253245
ICForagerLifespan= 6.25981912016869
ImmType= Cosine
AIAdultSlope= 0.655535597959533
AIAdultLD50= 0.0839236765168607
AIAdultSlopeContact= 1.48090625599958
AIAdultLD50Contact= 0.0418169167591259
AILarvaSlope= 1.12732186326757
AILarvaLD50= 0.587843045499176
AIKOW= 6.80188206024468
AIKOC= 22.0532415271737
AIHalfLife= 4.44859449518844
EAppRate= 0.405300413095392
