ICQueenStrength= 3.17097685090266
RQWkrDrnRatio= 4.95463507436216
ICDroneMiteSurvivorship= 29.6879649860784
ICWorkerMiteSurvivorship= 82.2782574687153
ICForagerLifespan= 4.67892517149448
ImmType= Sine
AIAdultSlopeContact= 3.12507854774594
AIAdultLD50Contact= 0.0838152644690126
AILarvaSlope= 7.91490589966998
AILarvaLD50= 1.28755745198578
AIKOW= 7.73664745502174
AIKOC= 53.5983311245218
AIHalfLife= 5.44627314666286
