ICQueenStrength= 5.81907678185962
RQWkrDrnRatio= 3.29103771410882
ICDroneMiteSurvivorship= 78.0401034047827
ICWorkerMiteSurvivorship= 14.1135487239808
ICForagerLifespan= 5.96815738268197
ImmType= Polynomial
AIAdultSlope= 1.81316763013601
AIAdultLD50= 1.42341160657816
AIAdultSlopeContact= 1.30273529866012
AIAdultLD50Contact= 0.00670736248139292
AILarvaSlope= 1.45948968427256
AILarvaLD50= 0.267252954281867
AIKOW= 6.42388034425676
AIKOC= 8.24072976363823
AIHalfLife= 3.67218890506774
EAppRate= 0.575310145039111
