ICQueenStrength= 5.94503283756785
RQWkrDrnRatio= 3.46803707350045
ICDroneMiteSurvivorship= 59.2356619657949
ICWorkerMiteSurvivorship= 93.7756155850366
ICForagerLifespan= 7.94807424303144
ImmType= Exponential
AIAdultSlope= 0.33149474253878
AIAdultLD50= 1.76522782514803
AIAdultSlopeContact= 1.61880309110507
AIAdultLD50Contact= 0.0157858855673112
AILarvaSlope= 1.79947894620709
AILarvaLD50= 0.0932876201346517
AIKOW= 5.93431134242564
AIKOC= 22.5552381784655
AIHalfLife= 0.466038886457682
EAppRate= 0.557953571435064
