ICQueenStrength= 4.37442226242274
RQWkrDrnRatio= 1.62275438383222
