ICQueenStrength= 5.74861775524914
RQWkrDrnRatio= 4.97287373431027
ICDroneMiteSurvivorship= 92.0978924259543
ICWorkerMiteSurvivorship= 60.507175559178
ICForagerLifespan= 14.0373472673818
ImmType= Cosine
AIAdultSlopeContact= 0.66822950768983
AIAdultLD50Contact= 0.00161859295330942
AILarvaSlope= 2.7631388225127
AILarvaLD50= 0.797290150076151
AIKOW= 2.42222652165219
AIKOC= 20.2924357447773
AIHalfLife= 11.3225576477125
