ICQueenStrength= 1.94256924581714
RQWkrDrnRatio= 2.91858594305813
ICDroneMiteSurvivorship= 66.847884003073
ICWorkerMiteSurvivorship= 60.4614999610931
ICForagerLifespan= 11.4698755545542
ImmType= Logarithmic
AIAdultSlope= 7.60176913579926
AIAdultLD50= 0.917750369757414
AIAdultSlopeContact= 6.08335967175663
AIAdultLD50Contact= 0.0398719551507384
AILarvaSlope= 6.09785496955737
AILarvaLD50= 0.945610015187413
AIKOW= 46.6987922322005
AIKOC= 70.3025934984908
AIHalfLife= 5.60655339481309
EAppRate= 1.31209032097831
