ICQueenStrength= 3.4319497924298
RQWkrDrnRatio= 1.84625935554504
