ICQueenStrength= 3.19682547613047
RQWkrDrnRatio= 3.46243347413838
ICDroneMiteSurvivorship= 20.5177862895653
ICWorkerMiteSurvivorship= 69.650799385272
ICForagerLifespan= 9.19106468185782
ImmType= Exponential
AIAdultSlope= 0.0635587682947516
AIAdultLD50= 2.20033648470417
AIAdultSlopeContact= 0.673855958136264
AIAdultLD50Contact= 0.0456653018016368
AILarvaSlope= 3.38978332276456
AILarvaLD50= 0.0949177584378049
AIKOW= 5.86394421337172
AIKOC= 6.46150885266252
AIHalfLife= 4.14034642651677
EAppRate= 0.88505110098049
