ICQueenStrength= 5.93308086297475
RQWkrDrnRatio= 3.58361168205738
ICDroneMiteSurvivorship= 17.6916639553383
ICWorkerMiteSurvivorship= 77.6503978995606
ICForagerLifespan= 6.06430159229785
ImmType= Exponential
AIAdultSlope= 0.902929709851742
AIAdultLD50= 0.128283887170255
AIAdultSlopeContact= 0.520103408605792
AIAdultLD50Contact= 0.0110737021430396
AILarvaSlope= 1.36735499426723
AILarvaLD50= 0.10953322306741
AIKOW= 4.70180972944945
AIKOC= 22.5760120153427
AIHalfLife= 0.378707306226715
EAppRate= 0.206647846614942
