ICQueenStrength= 2.03461223770864
RQWkrDrnRatio= 2.56684199534357
ICDroneMiteSurvivorship= 21.6391909401864
ICWorkerMiteSurvivorship= 29.581306152977
ICForagerLifespan= 8.58310708682984
ImmType= Logarithmic
AIAdultSlopeContact= 3.58679140685126
AIAdultLD50Contact= 0.145689011877403
AILarvaSlope= 2.93843287741765
AILarvaLD50= 1.61308939242736
AIKOW= 32.6776086585596
AIKOC= 39.7144040558487
AIHalfLife= 8.49415294127539
