ICQueenStrength= 3.53789622685872
RQWkrDrnRatio= 4.17900612484664
ICDroneMiteSurvivorship= 89.50790183153
ICWorkerMiteSurvivorship= 7.50104684848338
ICForagerLifespan= 4.43812123779207
ImmType= Polynomial
AIAdultSlope= 0.245560076134279
AIAdultLD50= 1.08049201383255
AIAdultSlopeContact= 2.52905592630152
AIAdultLD50Contact= 0.000846679252572358
AILarvaSlope= 0.805956607684493
AILarvaLD50= 0.201607135660015
AIKOW= 7.81958675244823
AIKOC= 19.0484368428588
AIHalfLife= 11.9863177416846
EAppRate= 0.60287794470787
