ICQueenStrength= 3.05824826145545
RQWkrDrnRatio= 2.79194374103099
ICDroneMiteSurvivorship= 11.3985244184732
ICWorkerMiteSurvivorship= 18.7247865600511
ICForagerLifespan= 6.85092603322119
ImmType= Sine
AIAdultSlope= 3.5492819315102
AIAdultLD50= 0.00389385141897947
AIAdultSlopeContact= 2.83463218314573
AIAdultLD50Contact= 0.00808601081371307
AILarvaSlope= 0.248389843665063
AILarvaLD50= 0.728999759699218
AIKOW= 6.97740168171003
AIKOC= 10.8209433336742
AIHalfLife= 3.71863077278249
EAppRate= 0.387667832314037
