ICQueenStrength= 3.87124194670469
RQWkrDrnRatio= 3.01858968939632
ICDroneMiteSurvivorship= 57.7521190745756
ICWorkerMiteSurvivorship= 92.812160262838
ICForagerLifespan= 11.0234329197556
ImmType= Sine
AIAdultSlope= 2.25144425784238
AIAdultLD50= 0.031422154745087
AIAdultSlopeContact= 1.90562072401168
AIAdultLD50Contact= 0.0252935475786217
AILarvaSlope= 0.739480373356491
AILarvaLD50= 0.24308421886526
AIKOW= 4.54486061539501
AIKOC= 27.7431606093887
AIHalfLife= 3.62399008125067
EAppRate= 0.779483701568097
