ICQueenStrength= 4.03050045040436
RQWkrDrnRatio= 4.26752725616097
ICDroneMiteSurvivorship= 30.9039016952738
ICWorkerMiteSurvivorship= 49.982994585298
ICForagerLifespan= 5.93206350505352
ImmType= Logarithmic
AIAdultSlopeContact= 0.541229476165026
AIAdultLD50Contact= 0.0224321744870394
AILarvaSlope= 0.154234599415213
AILarvaLD50= 0.634102503396571
AIKOW= 4.29676073929295
AIKOC= 18.7845080113038
AIHalfLife= 4.12958721909672
