ICQueenStrength= 3.09883835166693
RQWkrDrnRatio= 3.95941484160721
ICDroneMiteSurvivorship= 38.8454089639708
ICWorkerMiteSurvivorship= 86.4309069700539
ICForagerLifespan= 5.03267204575241
ImmType= Logarithmic
AIAdultSlope= 7.4755127215758
