ICQueenStrength= 5.46797298733145
RQWkrDrnRatio= 4.42622038349509
ICDroneMiteSurvivorship= 40.6630330486223
ICWorkerMiteSurvivorship= 62.0377790182829
ICForagerLifespan= 10.2253823438659
ImmType= Tangent
AIAdultSlopeContact= 1.68513784934767
AIAdultLD50Contact= 0.0123755279113539
AILarvaSlope= 2.5795671468135
AILarvaLD50= 0.524830427323468
AIKOW= 3.13203929970041
AIKOC= 22.7012307744008
AIHalfLife= 8.99191736336797
