ICQueenStrength= 5.32895733392797
RQWkrDrnRatio= 2.45678485929966
ICDroneMiteSurvivorship= 40.6839179573581
ICWorkerMiteSurvivorship= 7.62659304309636
ICForagerLifespan= 11.0606904905289
ImmType= Exponential
AIAdultSlope= 1.1069039370236
AIAdultLD50= 0.38623790058773
AIAdultSlopeContact= 1.75756621003384
AIAdultLD50Contact= 0.0444693131605163
AILarvaSlope= 0.965704532340169
AILarvaLD50= 0.81832607164979
AIKOW= 7.7010562424548
AIKOC= 7.31081446399912
AIHalfLife= 3.30277725472115
EAppRate= 0
