ICQueenStrength= 4.20304029621184
RQWkrDrnRatio= 4.3340016650036
ICDroneMiteSurvivorship= 4.00557813700289
ICWorkerMiteSurvivorship= 15.6294539570808
ICForagerLifespan= 14.1943914210424
ImmType= Cosine
AIAdultSlope= 6.29376925062388
