ICQueenStrength= 1.62329425127245
RQWkrDrnRatio= 2.97025552485138
ICDroneMiteSurvivorship= 80.3524293238297
ICWorkerMiteSurvivorship= 62.6722750021145
ICForagerLifespan= 10.8749471949413
ImmType= Exponential
AIAdultSlope= 0.763677385495976
AIAdultLD50= 1.8522013805341
AIAdultSlopeContact= 2.88680842525559
AIAdultLD50Contact= 0.0270741995656863
AILarvaSlope= 2.27756354250014
AILarvaLD50= 0.239807383180596
AIKOW= 2.55763152940199
AIKOC= 21.2953596794978
AIHalfLife= 0.154061840847135
EAppRate= 0.684932639589533
