ICQueenStrength= 2.43608977668919
RQWkrDrnRatio= 3.3015814544633
ICDroneMiteSurvivorship= 75.1008885679767
ICWorkerMiteSurvivorship= 2.76997778564692
ICForagerLifespan= 5.09009340777993
ImmType= Exponential
AIAdultSlope= 3.28217271552421
AIAdultLD50= 1.5725558961276
AIAdultSlopeContact= 0.1195322225173
AIAdultLD50Contact= 0.0199645871296525
AILarvaSlope= 0.86192711587064
AILarvaLD50= 0.0936365792993456
AIKOW= 6.4159913151525
AIKOC= 13.8892350555398
AIHalfLife= 5.88016068236902
EAppRate= 0.892517713364214
