ICQueenStrength= 3.87625242257491
RQWkrDrnRatio= 3.94652558583766
ICDroneMiteSurvivorship= 6.81148576550186
ICWorkerMiteSurvivorship= 3.56201478280127
ICForagerLifespan= 14.2223662855104
ImmType= Sine
AIAdultSlope= 7.06851507537067
