ICQueenStrength= 3.81494097411633
RQWkrDrnRatio= 3.9927108772099
