ICQueenStrength= 1.4084181052167
RQWkrDrnRatio= 4.62412707787007
ICDroneMiteSurvivorship= 30.2572125103325
ICWorkerMiteSurvivorship= 25.1680277520791
ICForagerLifespan= 11.7796036489308
ImmType= Tangent
AIAdultSlopeContact= 2.94504908601986
AIAdultLD50Contact= 0.0131736341281794
AILarvaSlope= 2.54768909146078
AILarvaLD50= 0.60799372557085
AIKOW= 3.27518215076998
AIKOC= 10.8390218822751
AIHalfLife= 5.69617367396131
