ICQueenStrength= 3.67868151655421
RQWkrDrnRatio= 2.2361479466781
ICDroneMiteSurvivorship= 61.5555833559483
ICWorkerMiteSurvivorship= 52.7241428615525
ICForagerLifespan= 11.6143218027428
ImmType= Polynomial
AIAdultSlope= 1.75800495781004
AIAdultLD50= 0.311825071228668
AIAdultSlopeContact= 2.7146716843592
AIAdultLD50Contact= 0.00071331582730636
AILarvaSlope= 2.98149057184346
AILarvaLD50= 0.764638479379937
AIKOW= 2.06326631037518
AIKOC= 23.2556428189855
AIHalfLife= 1.79104736074805
EAppRate= 0.696741549065337
