ICQueenStrength= 5.7877710359171
RQWkrDrnRatio= 4.73784096445888
ICDroneMiteSurvivorship= 17.5806998740882
ICWorkerMiteSurvivorship= 58.7771434802562
ICForagerLifespan= 9.79106061998755
ImmType= Cosine
AIAdultSlopeContact= 0.154587937553879
AIAdultLD50Contact= 0.0281548130558804
AILarvaSlope= 0.818549446249381
AILarvaLD50= 0.629957437072881
AIKOW= 6.52883156901225
AIKOC= 25.3311740770005
AIHalfLife= 9.00096144527197
