ICQueenStrength= 4.83093450800516
RQWkrDrnRatio= 1.73610775358975
ICDroneMiteSurvivorship= 73.6616627313197
ICWorkerMiteSurvivorship= 61.6344513138756
ICForagerLifespan= 15.6781665123999
ImmType= Sine
AIAdultSlope= 0.0972127279406413
AIAdultLD50= 0.208490016288124
AIAdultSlopeContact= 3.90811390857445
AIAdultLD50Contact= 0.0493520794203505
AILarvaSlope= 0.82018145788461
AILarvaLD50= 0.363826252170838
AIKOW= 4.21562473941594
AIKOC= 19.5387766126078
AIHalfLife= 4.36529678641818
EAppRate= 0
