ICQueenStrength= 1.26492586359382
RQWkrDrnRatio= 1.25898915529251
ICDroneMiteSurvivorship= 42.278459481895
ICWorkerMiteSurvivorship= 4.90830931812525
ICForagerLifespan= 4.35399072617292
ImmType= Logarithmic
AIAdultSlope= 1.37471635605907
AIAdultLD50= 0.197194821666926
AIAdultSlopeContact= 0.150857739814091
AIAdultLD50Contact= 0.00690137656638399
AILarvaSlope= 0.0549400699790567
AILarvaLD50= 0.02884374295827
AIKOW= 3.67989222705364
AIKOC= 9.60645563434809
AIHalfLife= 2.58048166288063
EAppRate= 0.307742186775431
