ICQueenStrength= 5.95167125249282
RQWkrDrnRatio= 1.44495685119182
ICDroneMiteSurvivorship= 53.7616047542542
ICWorkerMiteSurvivorship= 92.8899999009445
ICForagerLifespan= 7.26349464524537
ImmType= Tangent
AIAdultSlope= 7.43204039987177
