ICQueenStrength= 1.74192992644385
RQWkrDrnRatio= 3.73904202785343
ICDroneMiteSurvivorship= 97.8569649392739
ICWorkerMiteSurvivorship= 24.8641521204263
ICForagerLifespan= 8.3835811233148
ImmType= Polynomial
AIAdultSlopeContact= 1.84064509273041
AIAdultLD50Contact= 0.00140229891985655
AILarvaSlope= 1.67236745208502
AILarvaLD50= 0.119187344703823
AIKOW= 5.40793495764956
AIKOC= 24.9516756401863
AIHalfLife= 3.44154928438365
