ICQueenStrength= 3.09703916567378
RQWkrDrnRatio= 4.20807586051524
ICDroneMiteSurvivorship= 7.70911688450724
ICWorkerMiteSurvivorship= 23.3886578818783
ICForagerLifespan= 6.03726702928543
ImmType= Tangent
AIAdultSlope= 9.51383541105315
