ICQueenStrength= 1.32364183454774
RQWkrDrnRatio= 3.60982422810048
ICDroneMiteSurvivorship= 22.3763443063945
ICWorkerMiteSurvivorship= 89.7566764382645
ICForagerLifespan= 9.99757580831647
ImmType= Cosine
AIAdultSlope= 0.00279076737351716
AIAdultLD50= 1.99275466706604
AIAdultSlopeContact= 1.45608458777424
AIAdultLD50Contact= 0.00195209197700024
AILarvaSlope= 1.74133399440907
AILarvaLD50= 0.813808985659853
AIKOW= 3.04357570037246
AIKOC= 24.4535187038127
AIHalfLife= 12.3339908248745
EAppRate= 0.497468936257064
