ICQueenStrength= 4.67277789022774
RQWkrDrnRatio= 2.6544685754925
