ICQueenStrength= 5.35533997835591
RQWkrDrnRatio= 4.63709068391472
ICDroneMiteSurvivorship= 22.3616189090535
ICWorkerMiteSurvivorship= 92.5213617505506
ICForagerLifespan= 15.3751333067194
ImmType= Sine
AIAdultSlope= 1.03943143785
AIAdultSlopeContact= 3.30312451631064
AIAdultLD50Contact= 0.0119125818833709
AILarvaSlope= 1.86119508254342
AILarvaLD50= 0.598280076077208
AIKOW= 5.97743423096836
AIKOC= 23.8193770183716
AIHalfLife= 3.56314067635685
