ICQueenStrength= 3.83445753273554
RQWkrDrnRatio= 2.32033186033368
ICDroneMiteSurvivorship= 24.5377076091245
ICWorkerMiteSurvivorship= 72.6287279743701
ICForagerLifespan= 10.5548100257292
ImmType= Tangent
AIAdultSlope= 1.26480520088226
AIAdultLD50= 1.86961639998481
AIAdultSlopeContact= 1.77793834046926
AIAdultLD50Contact= 0.0436954636359587
AILarvaSlope= 2.15390630685724
AILarvaLD50= 0.0237468891078606
AIKOW= 4.30895973322913
AIKOC= 26.0659026808571
AIHalfLife= 6.22260144818574
EAppRate= 0.219519686885178
