ICQueenStrength= 2.66200164705515
RQWkrDrnRatio= 2.86213176790625
ICDroneMiteSurvivorship= 90.8325701253489
ICWorkerMiteSurvivorship= 88.1420654477552
ICForagerLifespan= 12.4262940157205
ImmType= Sine
AIAdultSlopeContact= 6.79766920860857
AIAdultLD50Contact= 0.146670556208119
AILarvaSlope= 7.92155758710578
AILarvaLD50= 1.29237711802125
AIKOW= 85.5397294973955
AIKOC= 53.6331737414002
AIHalfLife= 12.755160018336
