ICQueenStrength= 3.71561837662011
RQWkrDrnRatio= 4.28326895553619
