ICQueenStrength= 4.02782465005293
RQWkrDrnRatio= 4.40919121354818
ICDroneMiteSurvivorship= 19.5726863574237
ICWorkerMiteSurvivorship= 22.5013744318858
ICForagerLifespan= 10.3829803904518
ImmType= Sine
AIAdultSlope= 0.325322798802517
AIAdultLD50= 0.353482919977978
AIAdultSlopeContact= 1.83705447281711
AIAdultLD50Contact= 0.0310622563702054
AILarvaSlope= 3.02953455573879
AILarvaLD50= 0.152795407944359
AIKOW= 3.00439676828682
AIKOC= 20.3031097433995
AIHalfLife= 4.39235652913339
EAppRate= 0.57585433437489
