ICQueenStrength= 1.20107826916501
RQWkrDrnRatio= 1.48217052966356
ICDroneMiteSurvivorship= 66.1798708606511
ICWorkerMiteSurvivorship= 12.2879205271602
ICForagerLifespan= 11.3716606432572
ImmType= Tangent
AIAdultSlope= 1.94471762413159
AIAdultLD50= 2.44701293273829
AIAdultSlopeContact= 2.24498316629324
AIAdultLD50Contact= 0.0321169954957441
AILarvaSlope= 0.858255446515977
AILarvaLD50= 0.0605752644594759
AIKOW= 5.00395502755418
AIKOC= 10.7914120494388
AIHalfLife= 0.811816078145057
EAppRate= 0.953968638554215
