ICQueenStrength= 2.94055063929409
RQWkrDrnRatio= 1.05430687591434
