ICQueenStrength= 5.31958325207233
RQWkrDrnRatio= 2.20181307196617
ICDroneMiteSurvivorship= 14.6863481495529
ICWorkerMiteSurvivorship= 2.14300702791661
ICForagerLifespan= 9.92201313283294
ImmType= Logarithmic
AIAdultSlope= 1.82711758185178
AIAdultLD50= 0.100727369077504
AIAdultSlopeContact= 6.84686782769859
AIAdultLD50Contact= 0.165010018600151
AILarvaSlope= 2.32439878163859
AILarvaLD50= 1.46143036754802
AIKOW= 97.2260097740218
AIKOC= 30.1507758442312
AIHalfLife= 7.3565169358626
EAppRate= 1.54484204435721
