ICQueenStrength= 5.14842831902206
RQWkrDrnRatio= 3.13612594734877
ICDroneMiteSurvivorship= 62.0654493337497
ICWorkerMiteSurvivorship= 62.1656777570024
ICForagerLifespan= 13.8489744095132
ImmType= Exponential
AIAdultSlopeContact= 3.03180154291447
AIAdultLD50Contact= 0.0245529492967762
AILarvaSlope= 1.99858073769137
AILarvaLD50= 0.102941934764385
AIKOW= 6.9479558239691
AIKOC= 19.0550923009869
AIHalfLife= 6.89482975844294
