ICQueenStrength= 5.04357638093643
RQWkrDrnRatio= 2.60778575763106
ICDroneMiteSurvivorship= 36.1919225426391
ICWorkerMiteSurvivorship= 66.0133354831487
ICForagerLifespan= 6.15850482974201
ImmType= Logarithmic
AIAdultSlope= 0.302786257024854
AIAdultLD50= 2.52555492776446
AIAdultSlopeContact= 0.789238682119176
AIAdultLD50Contact= 0.0196100772940554
AILarvaSlope= 0.403682037163526
AILarvaLD50= 0.126465586340055
AIKOW= 3.64314845297486
AIKOC= 26.1438969534356
AIHalfLife= 7.6539129698649
EAppRate= 0.0871809844393283
