ICQueenStrength= 2.40343720675446
RQWkrDrnRatio= 3.70357683394104
ICDroneMiteSurvivorship= 33.2591225393116
ICWorkerMiteSurvivorship= 21.5955475112423
ICForagerLifespan= 14.2857892550528
ImmType= Cosine
AIAdultSlopeContact= 7.09974312689155
AIAdultLD50Contact= 0.178676966391504
AILarvaSlope= 2.32821441954002
AILarvaLD50= 0.0440170280635357
AIKOW= 24.5864682132378
AIKOC= 1.3606192311272
AIHalfLife= 2.00049688620493
