ICQueenStrength= 3.79603358241729
RQWkrDrnRatio= 2.47467137686908
ICDroneMiteSurvivorship= 53.6349131027237
ICWorkerMiteSurvivorship= 15.0882252724841
ICForagerLifespan= 4.85721458587795
ImmType= Logarithmic
AIAdultSlope= 9.04040794819593
