ICQueenStrength= 4.82575703435577
RQWkrDrnRatio= 3.27322154585272
ICDroneMiteSurvivorship= 10.9776042634621
ICWorkerMiteSurvivorship= 17.7644823677838
ICForagerLifespan= 6.58185344096273
ImmType= Sine
AIAdultSlope= 3.27182243095944
AIAdultLD50= 0.112062021624297
AIAdultSlopeContact= 3.19282860528678
AIAdultLD50Contact= 0.0055409359629266
AILarvaSlope= 0.130764010921121
AILarvaLD50= 0.0102010682690889
AIKOW= 3.28314982587472
AIKOC= 5.86414031102322
AIHalfLife= 2.65980962431058
EAppRate= 0.435229647369124
