ICQueenStrength= 2.50391807081178
RQWkrDrnRatio= 4.71152627561241
ICDroneMiteSurvivorship= 26.8374412320554
ICWorkerMiteSurvivorship= 61.9478178210557
ICForagerLifespan= 5.27405572216958
ImmType= Logarithmic
AIAdultSlopeContact= 3.53545769210206
AIAdultLD50Contact= 0.0170950513216667
AILarvaSlope= 0.965954380016774
AILarvaLD50= 0.41282668816857
AIKOW= 3.43621741887182
AIKOC= 17.9002249625046
AIHalfLife= 1.89708239817992
