ICQueenStrength= 4.9546536328271
RQWkrDrnRatio= 3.53271290753037
ICDroneMiteSurvivorship= 94.1737733781338
ICWorkerMiteSurvivorship= 51.8713627010584
ICForagerLifespan= 6.76408588979393
ImmType= Exponential
AIAdultSlope= 3.01524644878227
AIAdultLD50= 0.237025838810951
AIAdultSlopeContact= 1.10973081258126
AIAdultLD50Contact= 0.038985814305488
AILarvaSlope= 1.16491947146133
AILarvaLD50= 0.670042813173495
AIKOW= 6.42404154501855
AIKOC= 5.25077929021791
AIHalfLife= 4.09448379068635
EAppRate= 0.184833351522684
