ICQueenStrength= 2.91165030584671
RQWkrDrnRatio= 1.70779521483928
ICDroneMiteSurvivorship= 41.0719003295526
ICWorkerMiteSurvivorship= 51.8107579322532
ICForagerLifespan= 9.88348568137735
ImmType= Polynomial
AIAdultSlopeContact= 0.822169619842898
AIAdultLD50Contact= 0.0123932705726475
AILarvaSlope= 3.19420846402645
AILarvaLD50= 0.196567676472478
AIKOW= 6.32547832513228
AIKOC= 27.5138808600605
AIHalfLife= 0.627246860880405
