ICQueenStrength= 5.96146878460422
RQWkrDrnRatio= 2.13717638608068
ICDroneMiteSurvivorship= 95.431385259144
ICWorkerMiteSurvivorship= 55.3239971864969
ICForagerLifespan= 13.400311967358
ImmType= Exponential
AIAdultSlopeContact= 5.88255543494597
AIAdultLD50Contact= 0.109262457070872
AILarvaSlope= 0.278158492874354
AILarvaLD50= 1.00762640079483
AIKOW= 97.6839580805972
AIKOC= 22.8839701972902
AIHalfLife= 4.96741711208597
