ICQueenStrength= 5.02651956421323
RQWkrDrnRatio= 4.20254983752966
ICDroneMiteSurvivorship= 95.049505517818
ICWorkerMiteSurvivorship= 4.84844301827252
ICForagerLifespan= 12.2446713112295
ImmType= Polynomial
AIAdultSlope= 2.89168260623701
AIAdultLD50= 1.90855746692978
AIAdultSlopeContact= 1.03883924274473
AIAdultLD50Contact= 0.0336667322320864
AILarvaSlope= 0.514090354321525
AILarvaLD50= 0.509286500117742
AIKOW= 2.53447458846495
AIKOC= 20.4591594182421
AIHalfLife= 2.09460043301806
EAppRate= 0.239149569766596
