ICQueenStrength= 2.89989859703928
RQWkrDrnRatio= 3.00547146331519
