ICQueenStrength= 3.32620321097784
RQWkrDrnRatio= 1.26408848166466
ICDroneMiteSurvivorship= 7.99219971522689
ICWorkerMiteSurvivorship= 52.1658184938133
ICForagerLifespan= 5.47602894157171
ImmType= Logarithmic
AIAdultLD50= 0.154012839635834
AIAdultSlopeContact= 1.29817731674993
AIAdultLD50Contact= 0.0341070633381605
AILarvaSlope= 2.41282494617626
AILarvaLD50= 0.243570100609213
AIKOW= 4.8211894701235
AIKOC= 16.9472530961502
AIHalfLife= 13.7233169330284
EAppRate= 1.80047439644113
