ICQueenStrength= 4.35571834933944
RQWkrDrnRatio= 3.84200517740101
ICDroneMiteSurvivorship= 63.7271780520678
ICWorkerMiteSurvivorship= 52.208461263217
ICForagerLifespan= 7.97970188781619
ImmType= Tangent
AIAdultSlope= 2.41569174255012
AIAdultLD50= 0.131216885522008
AIAdultSlopeContact= 0.174380728506949
AIAdultLD50Contact= 0.0330150769441389
AILarvaSlope= 1.34210677882656
AILarvaLD50= 0.506412183539942
AIKOW= 3.82599843014032
AIKOC= 14.5577337313443
AIHalfLife= 1.40423149801791
EAppRate= 0.632716682646424
