ICQueenStrength= 2.14955769618973
RQWkrDrnRatio= 4.95154358446598
ICDroneMiteSurvivorship= 51.2932173907757
ICWorkerMiteSurvivorship= 96.8068022746593
ICForagerLifespan= 12.2335082869977
ImmType= Tangent
AIAdultSlope= 0.724881117371842
AIAdultLD50= 1.27234244858846
AIAdultSlopeContact= 3.17094096380984
AIAdultLD50Contact= 0.0340419162064791
AILarvaSlope= 0.0271129392553121
AILarvaLD50= 0.579152910411358
AIKOW= 2.76321813557297
AIKOC= 26.4381682977546
AIHalfLife= 5.48271734081209
EAppRate= 0.484650962054729
