ICQueenStrength= 3.79983556596562
RQWkrDrnRatio= 4.13026710040867
ICDroneMiteSurvivorship= 5.00083868391812
ICWorkerMiteSurvivorship= 80.0456072902307
ICForagerLifespan= 14.1523430785164
ImmType= Cosine
AIAdultSlope= 2.11539627183229
AIAdultLD50= 1.3649212543387
AIAdultSlopeContact= 3.40962419594172
AIAdultLD50Contact= 0.0334398616687395
AILarvaSlope= 1.93244481231086
AILarvaLD50= 0.164008938032202
AIKOW= 4.03918558126315
AIKOC= 18.7892938160803
AIHalfLife= 8.67561600590125
EAppRate= 0.0839827856980264
