ICQueenStrength= 4.27759130508639
RQWkrDrnRatio= 2.28747544065118
ICDroneMiteSurvivorship= 70.6077888840809
ICWorkerMiteSurvivorship= 52.0047976169735
ICForagerLifespan= 12.0268739778548
ImmType= Sine
AIAdultSlopeContact= 8.11712450347841
AIAdultLD50Contact= 0.0271479613613337
AILarvaSlope= 6.60489323781803
AILarvaLD50= 0.784519690088928
AIKOW= 42.9959395201877
AIKOC= 56.3536058412865
AIHalfLife= 4.68256935244426
