ICQueenStrength= 5.73239260260016
RQWkrDrnRatio= 3.42033858690411
ICDroneMiteSurvivorship= 7.29469615034759
ICWorkerMiteSurvivorship= 33.018290437758
ICForagerLifespan= 5.1244808640331
ImmType= Cosine
AIAdultSlope= 2.59480128894327
AIAdultLD50= 0.0411238366505131
AIAdultSlopeContact= 0.649506605390925
AIAdultLD50Contact= 0.024940142815467
AILarvaSlope= 1.02108585047536
AILarvaLD50= 0.520642753900029
AIKOW= 4.54379795351997
AIKOC= 15.8250078570563
AIHalfLife= 0.794976786710322
EAppRate= 0
