ICQueenStrength= 1.93384136678651
RQWkrDrnRatio= 2.35757296532393
ICDroneMiteSurvivorship= 65.129338670522
ICWorkerMiteSurvivorship= 68.7001819489524
ICForagerLifespan= 9.68281117361039
ImmType= Exponential
AIAdultSlope= 9.89033197984099
