ICQueenStrength= 1.34554260782897
RQWkrDrnRatio= 3.60913520213217
ICDroneMiteSurvivorship= 65.4912848956883
ICWorkerMiteSurvivorship= 80.4644250543788
ICForagerLifespan= 8.7598879262805
ImmType= Polynomial
AIAdultSlope= 5.84434886695817
