ICQueenStrength= 1.83969160914421
RQWkrDrnRatio= 2.72335805837065
ICDroneMiteSurvivorship= 96.8197676818818
ICWorkerMiteSurvivorship= 0.240895058959723
ICForagerLifespan= 6.66203995700926
ImmType= Tangent
AIAdultSlope= 0.746322449296713
AIAdultLD50= 2.7339322110638
AIAdultSlopeContact= 1.14235106382519
AIAdultLD50Contact= 0.00236206097761169
AILarvaSlope= 1.68866217075847
AILarvaLD50= 0.306076540052891
AIKOW= 7.30924543179572
AIKOC= 23.976927298354
AIHalfLife= 1.25234526442364
EAppRate= 0.773406419437379
