ICQueenStrength= 4.60926435561851
RQWkrDrnRatio= 3.40337454527617
ICDroneMiteSurvivorship= 78.435977967456
ICWorkerMiteSurvivorship= 58.3930800436065
ICForagerLifespan= 10.5407192921266
ImmType= Tangent
AIAdultSlopeContact= 0.60759844717104
AIAdultLD50Contact= 0.0157235030084848
AILarvaSlope= 0.225681458646432
AILarvaLD50= 0.259841311722994
AIKOW= 2.38125591864809
AIKOC= 29.77104292484
AIHalfLife= 9.86362143838778
