ICQueenStrength= 3.79083149507642
RQWkrDrnRatio= 2.83138861507177
ICDroneMiteSurvivorship= 14.881510543637
ICWorkerMiteSurvivorship= 35.0876087555662
ICForagerLifespan= 11.1909098969772
ImmType= Cosine
AIAdultSlope= 0.0741443023388274
AIAdultLD50= 0.150769721949473
AIAdultSlopeContact= 2.71381231629057
AIAdultLD50Contact= 0.0316328504355624
AILarvaSlope= 0.79476923532784
AILarvaLD50= 0.842118348972872
AIKOW= 7.61791928391904
AIKOC= 8.4684264275711
AIHalfLife= 4.10319627495483
EAppRate= 0
