ICQueenStrength= 4.74108241638169
RQWkrDrnRatio= 2.35137693025172
ICDroneMiteSurvivorship= 49.0409980295226
ICWorkerMiteSurvivorship= 49.2087935330346
ICForagerLifespan= 9.2693766830489
ImmType= Sine
AIAdultSlope= 0.32976336623542
AIAdultLD50= 2.55260194628499
AIAdultSlopeContact= 1.96112818667432
AIAdultLD50Contact= 0.0178614674252458
AILarvaSlope= 2.23571898690425
AILarvaLD50= 0.227684755227529
AIKOW= 6.65785179194063
AIKOC= 28.9354855322745
AIHalfLife= 13.3165803793818
EAppRate= 0.404159671859816
