ICQueenStrength= 4.80992532940581
RQWkrDrnRatio= 3.87181289680302
ICDroneMiteSurvivorship= 31.8667456740513
ICWorkerMiteSurvivorship= 51.1965481564403
ICForagerLifespan= 15.178572203964
ImmType= Cosine
AIAdultSlope= 0.27286257062573
AIAdultLD50= 0.119361061835662
AIAdultSlopeContact= 3.63604508595541
AIAdultLD50Contact= 0.00827167056268081
AILarvaSlope= 1.09997957623564
AILarvaLD50= 0.720081406552345
AIKOW= 5.3510434506461
AIKOC= 24.4841169985011
AIHalfLife= 2.20685783307999
EAppRate= 0.228222544002347
