ICQueenStrength= 5.74520587245934
RQWkrDrnRatio= 1.64419073611498
ICDroneMiteSurvivorship= 65.3199945576489
ICWorkerMiteSurvivorship= 75.5456170300022
ICForagerLifespan= 8.00972701609135
ImmType= Logarithmic
AIAdultLD50= 0.154012839635834
AIAdultSlopeContact= 0.152040095950943
AIAdultLD50Contact= 0.0143200025195256
AILarvaSlope= 1.76568333245814
AILarvaLD50= 0.225819420930929
AIKOW= 5.27456460380927
AIKOC= 14.2538109922316
AIHalfLife= 11.2292999420315
EAppRate= 1.66990424320102
