ICQueenStrength= 3.16343932668678
RQWkrDrnRatio= 4.46773687843233
ICDroneMiteSurvivorship= 35.2020362624899
ICWorkerMiteSurvivorship= 45.3468050109223
ICForagerLifespan= 8.91645514406264
ImmType= Sine
AIAdultSlopeContact= 2.45880615002476
AIAdultLD50Contact= 0.0427896707551554
AILarvaSlope= 1.48840037356131
AILarvaLD50= 0.244157911115326
AIKOW= 3.27538498584181
AIKOC= 26.4866974856704
AIHalfLife= 8.48989006364718
