ICQueenStrength= 5.36383094638586
RQWkrDrnRatio= 2.1463146917522
ICDroneMiteSurvivorship= 3.19765435997397
ICWorkerMiteSurvivorship= 38.6877754470333
ICForagerLifespan= 11.0166015457362
ImmType= Logarithmic
AIAdultSlope= 1.93418811997399
AIAdultLD50= 0.768278951989487
AIAdultSlopeContact= 3.871229951852
AIAdultLD50Contact= 0.0258339907974005
AILarvaSlope= 2.36352296695113
AILarvaLD50= 0.628091797465459
AIKOW= 5.94768917700276
AIKOC= 5.40920187602751
AIHalfLife= 12.3795911832713
EAppRate= 0.743226684862748
