ICQueenStrength= 1.902564994758
RQWkrDrnRatio= 3.49162266775966
ICDroneMiteSurvivorship= 29.2145849205554
ICWorkerMiteSurvivorship= 62.3239142121747
ICForagerLifespan= 10.0150316022336
ImmType= Tangent
AIAdultSlope= 2.72903448720463
AIAdultLD50= 2.92168975411914
AIAdultSlopeContact= 0.520072349016555
AIAdultLD50Contact= 0.0386450953083113
AILarvaSlope= 0.518918723566458
AILarvaLD50= 0.762140718335286
AIKOW= 2.76739903027192
AIKOC= 19.4020411535166
AIHalfLife= 1.06596769951284
EAppRate= 0.411991410888731
