ICQueenStrength= 5.99622107367031
RQWkrDrnRatio= 1.13377078436315
ICDroneMiteSurvivorship= 65.0283386465162
ICWorkerMiteSurvivorship= 39.3208293942735
ICForagerLifespan= 10.4301761798561
ImmType= Polynomial
AIAdultSlope= 1.90458329584915
AIAdultLD50= 0.0889496185118333
AIAdultSlopeContact= 2.87516024295939
AIAdultLD50Contact= 0.0470767289632931
AILarvaSlope= 2.37127871573903
AILarvaLD50= 0.193328366568312
AIKOW= 7.71487354720011
AIKOC= 6.43638201989233
AIHalfLife= 0.606742136878893
EAppRate= 0
