ICQueenStrength= 1.39969699690118
RQWkrDrnRatio= 4.02794555015862
ICDroneMiteSurvivorship= 47.9124176781625
ICWorkerMiteSurvivorship= 29.149029427208
ICForagerLifespan= 13.4791294783354
ImmType= Logarithmic
AIAdultLD50= 0.154012839635834
AIAdultSlopeContact= 0.55376465294743
AIAdultLD50Contact= 0.0348559735226445
AILarvaSlope= 2.59555917531252
AILarvaLD50= 0.413881036872044
AIKOW= 7.67538773827255
AIKOC= 29.6416603506077
AIHalfLife= 1.18777305353433
EAppRate= 1.03879779949784
