ICQueenStrength= 2.31436071009375
RQWkrDrnRatio= 4.61238635703921
ICDroneMiteSurvivorship= 57.1670175530016
ICWorkerMiteSurvivorship= 46.8628885922953
ICForagerLifespan= 5.05804520659149
ImmType= Polynomial
AIAdultSlopeContact= 0.303308912320063
AIAdultLD50Contact= 0.011739839927759
AILarvaSlope= 1.33428861442953
AILarvaLD50= 0.177240146859549
AIKOW= 4.38771532010287
AIKOC= 20.3698868176434
AIHalfLife= 6.7406067061238
