ICQueenStrength= 1.89610242750496
RQWkrDrnRatio= 2.17871098779142
ICDroneMiteSurvivorship= 6.64038145914674
ICWorkerMiteSurvivorship= 69.8607433121651
ICForagerLifespan= 10.3947877092287
ImmType= Cosine
AIAdultSlope= 0.849334118980914
AIAdultLD50= 0.630331908585504
AIAdultSlopeContact= 2.30609920806019
AIAdultLD50Contact= 0.00913090537069365
AILarvaSlope= 1.46428504912183
AILarvaLD50= 0.625861756922677
AIKOW= 2.03735180431977
AIKOC= 9.88742189481854
AIHalfLife= 11.4280835636891
EAppRate= 0.562155864899978
