ICQueenStrength= 5.6364583983086
RQWkrDrnRatio= 4.16087063774467
ICDroneMiteSurvivorship= 52.2124815732241
ICWorkerMiteSurvivorship= 20.8210018230602
ICForagerLifespan= 13.9544466044754
ImmType= Cosine
AIAdultSlope= 0.202902030106634
AIAdultLD50= 0.416460414184257
AIAdultSlopeContact= 3.09671142420033
AIAdultLD50Contact= 0.0146008432027884
AILarvaSlope= 3.22991742789745
AILarvaLD50= 0.062222000816837
AIKOW= 4.8806064655073
AIKOC= 23.2860684173647
AIHalfLife= 7.87815301632509
EAppRate= 0.261362088611349
