ICQueenStrength= 2.18256247020327
RQWkrDrnRatio= 3.20321558602154
ICDroneMiteSurvivorship= 45.0802439358085
ICWorkerMiteSurvivorship= 86.6764097707346
ICForagerLifespan= 4.96677684504539
ImmType= Cosine
AIAdultSlope= 9.29224770283327
