ICQueenStrength= 2.1003593460191
RQWkrDrnRatio= 4.94368622452021
ICDroneMiteSurvivorship= 56.8445385433733
ICWorkerMiteSurvivorship= 7.10004137363285
ICForagerLifespan= 15.7131647495553
ImmType= Logarithmic
AIAdultSlope= 0.123232568500098
AIAdultLD50= 0.344726756564341
AIAdultSlopeContact= 0.277264158390462
AIAdultLD50Contact= 0.031468003441114
AILarvaSlope= 0.736256434768438
AILarvaLD50= 0.742253353237174
AIKOW= 6.85086554894224
AIKOC= 17.8635198809206
AIHalfLife= 0.984949273988605
EAppRate= 0.0665656420635059
