ICQueenStrength= 1.91652718256228
RQWkrDrnRatio= 4.73476639389992
ICDroneMiteSurvivorship= 96.5906947152689
ICWorkerMiteSurvivorship= 90.9975816030055
ICForagerLifespan= 13.0613727420568
ImmType= Sine
AIAdultSlopeContact= 1.92906241461402
AIAdultLD50Contact= 0.0402068455587141
AILarvaSlope= 1.01389234485105
AILarvaLD50= 0.54309243997559
AIKOW= 2.0606836155057
AIKOC= 27.2922557557467
AIHalfLife= 7.65846528625116
