ICQueenStrength= 1.12396494857967
RQWkrDrnRatio= 2.92614275217056
ICDroneMiteSurvivorship= 85.8568355441093
ICWorkerMiteSurvivorship= 93.5089997714385
ICForagerLifespan= 8.38942267559469
ImmType= Logarithmic
AIAdultSlopeContact= 2.29477506702533
AIAdultLD50Contact= 0.00809541267808527
AILarvaSlope= 2.82498745694756
AILarvaLD50= 0.858275277866051
AIKOW= 2.54394735023379
AIKOC= 23.4007637493778
AIHalfLife= 2.03034115629271
