ICQueenStrength= 3.8997752442956
RQWkrDrnRatio= 1.75402556359768
ICDroneMiteSurvivorship= 4.9354363232851
ICWorkerMiteSurvivorship= 59.6256030024961
ICForagerLifespan= 9.56964597851038
ImmType= Exponential
AIAdultSlope= 1.30493729122449
AIAdultLD50= 0.347946301102638
AIAdultSlopeContact= 2.13762686915696
AIAdultLD50Contact= 0.0166472251527011
AILarvaSlope= 0.202571454970166
AILarvaLD50= 0.565840366948396
AIKOW= 4.37098814407364
AIKOC= 7.51024316530675
AIHalfLife= 1.1497636185959
EAppRate= 0.431854694965295
