ICQueenStrength= 1.21075354306959
RQWkrDrnRatio= 4.19889696966857
ICDroneMiteSurvivorship= 62.9332550568506
ICWorkerMiteSurvivorship= 64.7111334605142
ICForagerLifespan= 14.1653262581676
ImmType= Polynomial
AIAdultSlope= 1.00688434606418
AIAdultLD50= 2.83068469539285
AIAdultSlopeContact= 2.10300151115516
AIAdultLD50Contact= 0.0380275508272462
AILarvaSlope= 1.08281940650195
AILarvaLD50= 0.568096512090415
AIKOW= 6.89192700199783
AIKOC= 20.4920237662736
AIHalfLife= 5.5452555171214
EAppRate= 0.719680932350457
