ICQueenStrength= 1.07007649517618
RQWkrDrnRatio= 4.64294627588242
ICDroneMiteSurvivorship= 6.44866852089763
ICWorkerMiteSurvivorship= 41.1422254052013
ICForagerLifespan= 11.6832137266174
ImmType= Cosine
AIAdultSlope= 0.932988935429603
AIAdultLD50= 0.642377196578309
AIAdultSlopeContact= 0.654974818832707
AIAdultLD50Contact= 0.0112949416856281
AILarvaSlope= 1.66266770544462
AILarvaLD50= 0.201586019131355
AIKOW= 6.6842814120464
AIKOC= 29.2758450505789
AIHalfLife= 13.0026381001808
EAppRate= 0.894262699410319
