ICQueenStrength= 3.46974538313225
RQWkrDrnRatio= 3.93711040075868
ICDroneMiteSurvivorship= 47.5119964918122
ICWorkerMiteSurvivorship= 66.7332503246143
ICForagerLifespan= 6.1370062623173
ImmType= Logarithmic
AIAdultSlope= 3.76031041782349
AIAdultLD50= 0.0380497899604961
AIAdultSlopeContact= 2.2288413447747
AIAdultLD50Contact= 1.03062950074673e-05
AILarvaSlope= 2.15411051581614
AILarvaLD50= 0.643189328187145
AIKOW= 3.8148039332591
AIKOC= 10.6361597438809
AIHalfLife= 4.31477342615835
EAppRate= 0.46115074516274
