ICQueenStrength= 3.26577213732526
RQWkrDrnRatio= 2.85153269767761
ICDroneMiteSurvivorship= 25.1177612226456
ICWorkerMiteSurvivorship= 25.7853043731302
ICForagerLifespan= 4.39959734026343
ImmType= Exponential
AIAdultLD50= 0.154012839635834
AIAdultSlopeContact= 2.80516541993944
AIAdultLD50Contact= 0.0215900550130755
AILarvaSlope= 2.60222733221017
AILarvaLD50= 0.839255333086476
AIKOW= 2.70519664045423
AIKOC= 24.1249278199393
AIHalfLife= 3.5425400165841
EAppRate= 0.2243722807616
