ICQueenStrength= 3.4197910411749
RQWkrDrnRatio= 1.61057789623737
ICDroneMiteSurvivorship= 37.4732089228928
ICWorkerMiteSurvivorship= 33.2422340521589
ICForagerLifespan= 11.5710255624726
ImmType= Tangent
AIAdultSlope= 0.000895632316824049
AIAdultLD50= 0.299483169219457
AIAdultSlopeContact= 2.10443630423164
AIAdultLD50Contact= 0.0174330343608744
AILarvaSlope= 3.1930039729923
AILarvaLD50= 0.1937602550257
AIKOW= 7.34425488254055
AIKOC= 17.4209816218354
AIHalfLife= 3.75888138194568
EAppRate= 0
