ICQueenStrength= 1.64581968938001
RQWkrDrnRatio= 4.20299602858722
ICDroneMiteSurvivorship= 97.3951013293117
ICWorkerMiteSurvivorship= 64.6204001503065
ICForagerLifespan= 15.1361200660467
ImmType= Polynomial
AIAdultSlope= 3.02249319618568
