ICQueenStrength= 3.67858456005342
RQWkrDrnRatio= 1.44931028131396
ICDroneMiteSurvivorship= 77.3712214082479
ICWorkerMiteSurvivorship= 77.5783456163481
ICForagerLifespan= 14.0769870840013
ImmType= Tangent
AIAdultSlope= 0.279480007337406
AIAdultLD50= 1.97979308059439
AIAdultSlopeContact= 3.20479501020396
AIAdultLD50Contact= 0.0285419514053501
AILarvaSlope= 1.70214848467149
AILarvaLD50= 0.235591316479258
AIKOW= 2.50711793685332
AIKOC= 11.3703502702992
AIHalfLife= 12.7209559259936
EAppRate= 0.973579808138311
