ICQueenStrength= 4.56550128431991
RQWkrDrnRatio= 4.50334894098341
ICDroneMiteSurvivorship= 9.73311383277178
ICWorkerMiteSurvivorship= 14.8412242764607
ICForagerLifespan= 15.7596983797848
ImmType= Tangent
AIAdultSlope= 9.45450142025948
