ICQueenStrength= 3.08986497716978
RQWkrDrnRatio= 2.81080879643559
ICDroneMiteSurvivorship= 81.2508505536243
ICWorkerMiteSurvivorship= 58.2322659669444
ICForagerLifespan= 13.0197734292597
ImmType= Sine
AIAdultSlope= 3.39323470110074
AIAdultLD50= 0.37985941383522
AIAdultSlopeContact= 2.51711618702626
AIAdultLD50Contact= 0.0120762368664145
AILarvaSlope= 1.86945919892751
AILarvaLD50= 0.829595450358465
AIKOW= 6.6152832028456
AIKOC= 5.42111134389415
AIHalfLife= 0.520316637121141
EAppRate= 0.42135538526345
