ICQueenStrength= 1.63123893807642
RQWkrDrnRatio= 3.22242658119649
ICDroneMiteSurvivorship= 78.4869096707553
ICWorkerMiteSurvivorship= 17.3978735459968
ICForagerLifespan= 7.630251230672
ImmType= Logarithmic
AIAdultLD50= 0.154012839635834
AIAdultSlopeContact= 2.94988506790716
AIAdultLD50Contact= 0.0313761038240045
AILarvaSlope= 3.29404993373901
AILarvaLD50= 0.706161318020895
AIKOW= 4.1449618996121
AIKOC= 15.3838688577525
AIHalfLife= 5.06292988779023
EAppRate= 0.277057188563049
