ICQueenStrength= 1.81698809401132
RQWkrDrnRatio= 4.67491948790848
ICDroneMiteSurvivorship= 19.6715416619554
ICWorkerMiteSurvivorship= 19.2657227162272
ICForagerLifespan= 4.81324582640082
ImmType= Sine
AIAdultSlopeContact= 4.09456862602383
AIAdultLD50Contact= 0.0207676774822176
AILarvaSlope= 1.90398336621001
AILarvaLD50= 1.84250812325627
AIKOW= 63.278463925235
AIKOC= 12.9705806495622
AIHalfLife= 12.4847008609213
