ICQueenStrength= 3.39054560079239
RQWkrDrnRatio= 3.24519687239081
ICDroneMiteSurvivorship= 56.6794623620808
ICWorkerMiteSurvivorship= 87.2022767551243
ICForagerLifespan= 6.50017041154206
ImmType= Cosine
AIAdultSlopeContact= 5.40212930645794
AIAdultLD50Contact= 0.181103949155659
AILarvaSlope= 6.01889355806634
AILarvaLD50= 0.227633016649634
AIKOW= 60.1278504123911
AIKOC= 77.3632851662114
AIHalfLife= 11.4157659895718
