ICQueenStrength= 3.24988632136956
RQWkrDrnRatio= 4.70969096850604
ICDroneMiteSurvivorship= 46.667739097029
ICWorkerMiteSurvivorship= 82.0179768372327
ICForagerLifespan= 9.41539685428143
ImmType= Exponential
AIAdultSlopeContact= 2.58906707515474
AIAdultLD50Contact= 0.028389029414393
AILarvaSlope= 1.10406877906062
AILarvaLD50= 0.311329890531488
AIKOW= 7.62161330319941
AIKOC= 29.7428694623522
AIHalfLife= 9.89881459670141
