ICQueenStrength= 3.5345732527785
RQWkrDrnRatio= 1.76247312128544
ICDroneMiteSurvivorship= 99.2551156552508
ICWorkerMiteSurvivorship= 2.60401484556496
ICForagerLifespan= 9.74241779278964
ImmType= Exponential
AIAdultSlope= 1.55293834248092
AIAdultLD50= 0.446604839875363
AIAdultSlopeContact= 1.08933590078261
AIAdultLD50Contact= 0.0347778995404951
AILarvaSlope= 0.809909436618909
AILarvaLD50= 0.600863043149002
AIKOW= 7.18257859023288
AIKOC= 11.952781957807
AIHalfLife= 0.541352906730026
EAppRate= 0
