ICQueenStrength= 3.79619700741023
RQWkrDrnRatio= 1.47332320548594
ICDroneMiteSurvivorship= 56.38343016617
ICWorkerMiteSurvivorship= 86.0953320283443
ICForagerLifespan= 6.60116437356919
ImmType= Polynomial
AIAdultSlope= 0.965960697177798
AIAdultLD50= 0.442414674907923
AIAdultSlopeContact= 3.90438709917013
AIAdultLD50Contact= 0.0210503293201327
AILarvaSlope= 0.167471951479092
AILarvaLD50= 0.0163695911876857
AIKOW= 6.92001389758661
AIKOC= 29.9209522269666
AIHalfLife= 2.38160096248612
EAppRate= 0.294493505032733
