ICQueenStrength= 1.91366837732494
RQWkrDrnRatio= 1.29665788915008
ICDroneMiteSurvivorship= 28.3254277892411
ICWorkerMiteSurvivorship= 19.9379646917805
ICForagerLifespan= 14.9536699252203
ImmType= Exponential
AIAdultSlope= 3.88281580293551
AIAdultLD50= 0.26531180460006
AIAdultSlopeContact= 2.23459008382633
AIAdultLD50Contact= 0.137449135957286
AILarvaSlope= 3.70518564712256
AILarvaLD50= 0.275230682920665
AIKOW= 11.6231118328869
AIKOC= 91.8741475092247
AIHalfLife= 9.28582005295902
EAppRate= 0.335066794417799
