ICQueenStrength= 5.80514022521675
RQWkrDrnRatio= 3.51420030370355
ICDroneMiteSurvivorship= 79.2015499435365
ICWorkerMiteSurvivorship= 81.0999471694231
ICForagerLifespan= 5.17082896921784
ImmType= Tangent
AIAdultSlope= 1.95038584489375
AIAdultLD50= 1.84910746221431
AIAdultSlopeContact= 2.30986223596148
AIAdultLD50Contact= 0.0289693378959782
AILarvaSlope= 0.568253122176975
AILarvaLD50= 0.179018997726962
AIKOW= 4.93655717652291
AIKOC= 20.5736285669263
AIHalfLife= 4.18603840656579
EAppRate= 0.2245154005941
