ICQueenStrength= 4.59661013935693
RQWkrDrnRatio= 4.17996567022055
ICDroneMiteSurvivorship= 83.0788286868483
ICWorkerMiteSurvivorship= 60.4882118990645
ICForagerLifespan= 6.14976821560413
ImmType= Tangent
AIAdultSlope= 0.278933881244157
AIAdultLD50= 0.28998702543322
AIAdultSlopeContact= 3.27400615323102
AIAdultLD50Contact= 0.00962327447487041
AILarvaSlope= 0.34992778301239
AILarvaLD50= 0.823744381545112
AIKOW= 3.01648819586262
AIKOC= 23.5560926795006
AIHalfLife= 3.67610856774263
EAppRate= 0.316854403889738
