ICQueenStrength= 2.92082528956234
RQWkrDrnRatio= 1.25457028672099
