ICQueenStrength= 5.84870296786539
RQWkrDrnRatio= 3.39329612534493
ICDroneMiteSurvivorship= 42.7391578210518
ICWorkerMiteSurvivorship= 31.4460424473509
ICForagerLifespan= 13.6405713735148
ImmType= Logarithmic
AIAdultSlope= 0.223477294202894
