ICQueenStrength= 2.71766348415986
RQWkrDrnRatio= 1.09153057448566
ICDroneMiteSurvivorship= 55.5074073374271
ICWorkerMiteSurvivorship= 52.1134385839105
ICForagerLifespan= 12.1766229504719
ImmType= Exponential
AIAdultSlope= 1.00959441624582
AIAdultLD50= 0.763654705369845
AIAdultSlopeContact= 7.55831051850691
AIAdultLD50Contact= 0.133658963441849
AILarvaSlope= 6.10995109425858
AILarvaLD50= 0.279974237084389
AIKOW= 26.859694137238
AIKOC= 79.4753481866792
AIHalfLife= 0.581574311479926
EAppRate= 0.0674689845182002
