ICQueenStrength= 5.16402765200473
RQWkrDrnRatio= 1.93643550854176
ICDroneMiteSurvivorship= 52.0685881376266
ICWorkerMiteSurvivorship= 69.8464842746034
ICForagerLifespan= 15.7052050959319
ImmType= Logarithmic
AIAdultSlopeContact= 0.901375047659967
AIAdultLD50Contact= 0.00703367723617703
AILarvaSlope= 1.59810193022713
AILarvaLD50= 0.0672692457446828
AIKOW= 6.68343333108351
AIKOC= 10.4654161096551
AIHalfLife= 13.7571539194323
