ICQueenStrength= 3.8439725341741
RQWkrDrnRatio= 1.2782357186079
ICDroneMiteSurvivorship= 96.2823217967525
ICWorkerMiteSurvivorship= 6.81276039686054
ICForagerLifespan= 12.2759036514908
ImmType= Tangent
AIAdultSlope= 0.718406729865819
