ICQueenStrength= 4.22434381581843
RQWkrDrnRatio= 1.60780394170433
ICDroneMiteSurvivorship= 40.2295781765133
ICWorkerMiteSurvivorship= 38.8676236383617
ICForagerLifespan= 12.3524403152987
ImmType= Exponential
AIAdultSlope= 5.02402316546068
