ICQueenStrength= 2.69236926129088
RQWkrDrnRatio= 1.91538074892014
ICDroneMiteSurvivorship= 38.773159054108
ICWorkerMiteSurvivorship= 51.7830409109592
ICForagerLifespan= 4.24471457209438
ImmType= Sine
AIAdultSlope= 2.34672328704037
AIAdultLD50= 1.24163480708376
AIAdultSlopeContact= 2.11511725720949
AIAdultLD50Contact= 0.0486277281888761
AILarvaSlope= 0.0895559940021485
AILarvaLD50= 0.873456014273688
AIKOW= 6.50554713374004
AIKOC= 7.64403983601369
AIHalfLife= 3.42555372416973
EAppRate= 0.355273511027917
