ICQueenStrength= 3.87687891162932
RQWkrDrnRatio= 4.86106539703906
