ICQueenStrength= 2.40967267332599
RQWkrDrnRatio= 1.52683097403497
ICDroneMiteSurvivorship= 64.6890361560509
ICWorkerMiteSurvivorship= 5.58402689639479
ICForagerLifespan= 6.08526977524161
ImmType= Polynomial
AIAdultSlope= 0.521366016960237
AIAdultLD50= 0.373395599424839
AIAdultSlopeContact= 0.591559754395858
AIAdultLD50Contact= 0.00392057078424841
AILarvaSlope= 3.06484717950225
AILarvaLD50= 0.220801836415194
AIKOW= 5.492738136556
AIKOC= 28.3051319839433
AIHalfLife= 1.03851987165399
EAppRate= 0.015120097855106
