ICQueenStrength= 2.91743079805747
RQWkrDrnRatio= 1.87638601753861
ICDroneMiteSurvivorship= 5.15796861145645
ICWorkerMiteSurvivorship= 25.7575698196888
ICForagerLifespan= 6.63829198572785
ImmType= Sine
AIAdultSlopeContact= 1.21552304015961
AIAdultLD50Contact= 0.0239109843736514
AILarvaSlope= 2.7662320101168
AILarvaLD50= 0.668062631506473
AIKOW= 2.0824583414942
AIKOC= 10.0588046840858
AIHalfLife= 3.04509250540286
