ICQueenStrength= 1.83532072720118
RQWkrDrnRatio= 3.0356096951291
ICDroneMiteSurvivorship= 15.4636551626027
ICWorkerMiteSurvivorship= 19.3280543666333
ICForagerLifespan= 10.9309183200821
ImmType= Polynomial
AIAdultSlopeContact= 2.62240649350919
AIAdultLD50Contact= 0.0486276183626615
AILarvaSlope= 0.96927308710292
AILarvaLD50= 0.567579731298611
AIKOW= 5.39020878449082
AIKOC= 17.833545479225
AIHalfLife= 12.2531824540347
