ICQueenStrength= 2.23463090043515
RQWkrDrnRatio= 1.59226752538234
ICDroneMiteSurvivorship= 54.5229954645038
ICWorkerMiteSurvivorship= 65.8206022810191
ICForagerLifespan= 12.0492812357843
ImmType= Logarithmic
AIAdultSlope= 0.0191096764989197
AIAdultLD50= 2.85785862919874
AIAdultSlopeContact= 0.81342344942037
AIAdultLD50Contact= 0.0435692315804772
AILarvaSlope= 1.05157590601593
AILarvaLD50= 0.282106410479173
AIKOW= 2.42190154129639
AIKOC= 19.083712734282
AIHalfLife= 6.49365164479241
EAppRate= 0.543876895913854
