ICQueenStrength= 3.60565308853984
RQWkrDrnRatio= 4.0025083264336
ICDroneMiteSurvivorship= 66.6003935970366
ICWorkerMiteSurvivorship= 67.0196089893579
ICForagerLifespan= 14.3893757592887
ImmType= Polynomial
AIAdultSlopeContact= 1.53442882662406
AIAdultLD50Contact= 0.0239495520829223
AILarvaSlope= 1.63785158777609
AILarvaLD50= 0.105653072241694
AIKOW= 5.09107373375446
AIKOC= 17.2118968865834
AIHalfLife= 4.35954286530614
