ICQueenStrength= 1.31113036675379
RQWkrDrnRatio= 1.81526555307209
ICDroneMiteSurvivorship= 63.0685967858881
ICWorkerMiteSurvivorship= 81.9027384044603
ICForagerLifespan= 14.2489069728181
ImmType= Sine
AIAdultSlope= 1.46415056088008
AIAdultLD50= 0.714052035240456
AIAdultSlopeContact= 3.59075642305193
AIAdultLD50Contact= 0.0387563492869958
AILarvaSlope= 1.67851326367818
AILarvaLD50= 0.835661801230162
AIKOW= 7.44060631794855
AIKOC= 24.4914831197821
AIHalfLife= 6.66682819463313
EAppRate= 0.309648658614606
