ICQueenStrength= 2.18718564510345
RQWkrDrnRatio= 3.85244317539036
