ICQueenStrength= 1.46260949107818
RQWkrDrnRatio= 2.22523499559611
ICDroneMiteSurvivorship= 39.0196824911982
ICWorkerMiteSurvivorship= 28.4288163529709
ICForagerLifespan= 11.0952459592372
ImmType= Sine
AIAdultSlope= 3.02094188365154
AIAdultLD50= 2.86504347296432
AIAdultSlopeContact= 1.57145213607699
AIAdultLD50Contact= 0.00847476401831955
AILarvaSlope= 0.89595136414282
AILarvaLD50= 0.724777322961017
AIKOW= 4.50455783633515
AIKOC= 21.3563070178498
AIHalfLife= 3.12959068175405
EAppRate= 0.532475174870342
