ICQueenStrength= 4.8082153047435
RQWkrDrnRatio= 3.80376416072249
ICDroneMiteSurvivorship= 25.8776140166447
ICWorkerMiteSurvivorship= 44.6034227730706
ICForagerLifespan= 11.7566689150408
ImmType= Cosine
AIAdultSlopeContact= 9.42645032890141
AIAdultLD50Contact= 0.158028376940638
AILarvaSlope= 7.15230459580198
AILarvaLD50= 0.748981544747949
AIKOW= 37.604324775748
AIKOC= 78.7659284425899
AIHalfLife= 1.14717190340161
