ICQueenStrength= 2.32249761605635
RQWkrDrnRatio= 1.26299474574625
ICDroneMiteSurvivorship= 15.0105385342613
ICWorkerMiteSurvivorship= 94.4305826444179
ICForagerLifespan= 13.2285902770236
ImmType= Sine
AIAdultSlopeContact= 1.10738052753732
AIAdultLD50Contact= 0.140989721240476
AILarvaSlope= 8.22223004885018
AILarvaLD50= 1.95571610145271
AIKOW= 7.95122692361474
AIKOC= 67.3592058708891
AIHalfLife= 5.18571826443076
