ICQueenStrength= 3.29630989371799
RQWkrDrnRatio= 4.00895862467587
ICDroneMiteSurvivorship= 6.64345526602119
ICWorkerMiteSurvivorship= 68.1732963537797
ICForagerLifespan= 6.97296789009124
ImmType= Cosine
AIAdultSlopeContact= 1.62998120339122
AIAdultLD50Contact= 0.0471688662655652
AILarvaSlope= 1.73854591934942
AILarvaLD50= 0.0726637602550909
AIKOW= 3.08304629754275
AIKOC= 25.9222570527345
AIHalfLife= 2.01016527181491
