ICQueenStrength= 3.6575055392459
RQWkrDrnRatio= 1.18082442414016
ICDroneMiteSurvivorship= 30.0864183111116
ICWorkerMiteSurvivorship= 40.0305358925834
ICForagerLifespan= 5.76333140768111
ImmType= Cosine
AIAdultSlope= 1.68336608144455
AIAdultLD50= 0.0109570117201656
AIAdultSlopeContact= 0.177731978029478
AIAdultLD50Contact= 0.0237096731201746
AILarvaSlope= 0.183323658257723
AILarvaLD50= 0.321567661687732
AIKOW= 5.91541903978214
AIKOC= 27.7860536775552
AIHalfLife= 7.23501859651878
EAppRate= 0.254501252900809
