ICQueenStrength= 4.73696292634122
RQWkrDrnRatio= 4.89859214052558
ICDroneMiteSurvivorship= 83.7038251338527
ICWorkerMiteSurvivorship= 9.94997653178871
ICForagerLifespan= 7.08936223573983
ImmType= Logarithmic
AIAdultSlope= 5.63832817832008
