ICQueenStrength= 4.84997331770137
RQWkrDrnRatio= 4.84637919347733
ICDroneMiteSurvivorship= 15.7457235036418
ICWorkerMiteSurvivorship= 54.4595482526347
ICForagerLifespan= 6.49840786214918
ImmType= Logarithmic
AIAdultSlope= 2.41791646634229
AIAdultLD50= 2.10464763804339
AIAdultSlopeContact= 0.986454098727554
AIAdultLD50Contact= 0.034583712904714
AILarvaSlope= 1.44636761723086
AILarvaLD50= 0.759118741750717
AIKOW= 3.78357440512627
AIKOC= 23.0376028001774
AIHalfLife= 13.3926247665659
EAppRate= 0.520451029995456
