ICQueenStrength= 2.10809785313904
RQWkrDrnRatio= 2.66177591495216
ICDroneMiteSurvivorship= 46.1281602270901
ICWorkerMiteSurvivorship= 31.3475322211161
ICForagerLifespan= 15.2008640347049
ImmType= Logarithmic
AIAdultSlope= 3.19534406475723
AIAdultLD50= 2.63622164446861
AIAdultSlopeContact= 1.21995783873601
AIAdultLD50Contact= 0.034970489598345
AILarvaSlope= 0.656059037754312
AILarvaLD50= 0.441822927910835
AIKOW= 7.74844906106591
AIKOC= 13.8139489176683
AIHalfLife= 6.80274493247271
EAppRate= 0.00814378028735518
