ICQueenStrength= 2.16037503583357
RQWkrDrnRatio= 1.81313435640186
ICDroneMiteSurvivorship= 59.8304325249046
ICWorkerMiteSurvivorship= 87.9108713241294
ICForagerLifespan= 12.7360491668805
ImmType= Logarithmic
AIAdultSlope= 0.644690677179024
AIAdultLD50= 0.262527324375696
AIAdultSlopeContact= 2.52612394097261
AIAdultLD50Contact= 0.0260223085060716
AILarvaSlope= 1.84536561248824
AILarvaLD50= 0.0268727759364992
AIKOW= 5.2252067765221
AIKOC= 11.0758985986467
AIHalfLife= 0.35074045881629
EAppRate= 0
