ICQueenStrength= 1.64056032686494
RQWkrDrnRatio= 1.85788054298609
ICDroneMiteSurvivorship= 19.3512693513185
ICWorkerMiteSurvivorship= 51.8927563214675
ICForagerLifespan= 6.4922418743372
ImmType= Sine
AIAdultSlope= 1.45881391428411
AIAdultSlopeContact= 0.406603730781935
AIAdultLD50Contact= 0.036512297927402
AILarvaSlope= 2.63305209754035
AILarvaLD50= 0.316458337870426
AIKOW= 6.39052696758881
AIKOC= 28.2183666550554
AIHalfLife= 11.8254242595285
