ICQueenStrength= 1.6872392934747
RQWkrDrnRatio= 2.66943620797247
ICDroneMiteSurvivorship= 16.8569747824222
ICWorkerMiteSurvivorship= 12.446149205789
ICForagerLifespan= 11.1264777993783
ImmType= Tangent
AIAdultSlope= 1.24031425362686
AIAdultLD50= 0.416119798086584
AIAdultSlopeContact= 2.45076745087048
AIAdultLD50Contact= 0.0293240669881925
AILarvaSlope= 3.15241156104021
AILarvaLD50= 0.213052363763563
AIKOW= 2.20068471133709
AIKOC= 25.1506570621859
AIHalfLife= 2.7121895714663
EAppRate= 0.551030960655771
