ICQueenStrength= 4.93187903915532
RQWkrDrnRatio= 4.96181035693735
ICDroneMiteSurvivorship= 42.5569202052429
ICWorkerMiteSurvivorship= 1.55478192027658
ICForagerLifespan= 7.29042010661215
ImmType= Logarithmic
AIAdultSlope= 2.45570408453001
AIAdultLD50= 0.424515246180817
AIAdultSlopeContact= 0.496218598207925
AIAdultLD50Contact= 0.0262223032535985
AILarvaSlope= 0.572566073620692
AILarvaLD50= 0.133225111593492
AIKOW= 4.48034988995641
AIKOC= 25.7836558693089
AIHalfLife= 2.34176731668413
EAppRate= 0.391960115870461
