ICQueenStrength= 4.94831141573377
RQWkrDrnRatio= 2.26184162590653
ICDroneMiteSurvivorship= 97.8916018502787
ICWorkerMiteSurvivorship= 41.4255962241441
ICForagerLifespan= 5.44080441258848
ImmType= Sine
AIAdultSlope= 2.94544319070177
AIAdultLD50= 0.324901482905261
AIAdultSlopeContact= 1.24342541812453
AIAdultLD50Contact= 0.0164554590242915
AILarvaSlope= 2.42502210089006
AILarvaLD50= 0.525331756076776
AIKOW= 2.66795534873381
AIKOC= 25.2999179076869
AIHalfLife= 3.22203370509669
EAppRate= 0
