ICQueenStrength= 5.91809709812514
RQWkrDrnRatio= 3.85933324042708
ICDroneMiteSurvivorship= 89.3030045554042
ICWorkerMiteSurvivorship= 0.309338746592402
ICForagerLifespan= 6.59346054680645
ImmType= Exponential
AIAdultSlope= 0.542418262178544
AIAdultLD50= 0.169747807667591
AIAdultSlopeContact= 0.701531112659723
AIAdultLD50Contact= 0.0154083647648804
AILarvaSlope= 0.341316396929324
AILarvaLD50= 0.189696976589039
AIKOW= 2.05317543493584
AIKOC= 16.7729467281606
AIHalfLife= 1.9939390826039
EAppRate= 0.444667122489773
