ICQueenStrength= 5.74549056612886
RQWkrDrnRatio= 2.77829214278609
ICDroneMiteSurvivorship= 93.1961305439472
ICWorkerMiteSurvivorship= 84.0605045901611
ICForagerLifespan= 11.5890622669831
ImmType= Cosine
AIAdultSlope= 3.83757529294118
AIAdultLD50= 0.131098928395659
AIAdultSlopeContact= 2.2443790580146
AIAdultLD50Contact= 0.0256422940292396
AILarvaSlope= 2.93307023318484
AILarvaLD50= 0.889217508863658
AIKOW= 5.75023885071278
AIKOC= 11.7636596853845
AIHalfLife= 0.863588582724333
EAppRate= 0.242082004621625
