ICQueenStrength= 3.09621018962935
RQWkrDrnRatio= 3.07750338595361
ICDroneMiteSurvivorship= 19.1903055645525
ICWorkerMiteSurvivorship= 23.7055190373212
ICForagerLifespan= 6.40796943195164
ImmType= Cosine
AIAdultSlopeContact= 1.10859797848156
AIAdultLD50Contact= 0.0136510959244333
AILarvaSlope= 0.850169826345518
AILarvaLD50= 0.213142916187644
AIKOW= 5.22797734476626
AIKOC= 10.4721078078728
AIHalfLife= 6.33862294908613
