ICQueenStrength= 5.2568614159245
RQWkrDrnRatio= 2.491709577851
ICDroneMiteSurvivorship= 97.7318736491725
ICWorkerMiteSurvivorship= 69.8543260339648
ICForagerLifespan= 13.3290756028146
ImmType= Cosine
AIAdultSlope= 0.202066763585899
AIAdultLD50= 0.280532834935002
AIAdultSlopeContact= 3.79093007154996
AIAdultLD50Contact= 0.0322468470898457
AILarvaSlope= 2.52714652135037
AILarvaLD50= 0.084171257307753
AIKOW= 3.32308500818908
AIKOC= 24.2743212275673
AIHalfLife= 1.50845678406768
EAppRate= 0.480019241501577
