ICQueenStrength= 3.06736957654357
RQWkrDrnRatio= 3.87565246876329
ICDroneMiteSurvivorship= 65.6449028290808
ICWorkerMiteSurvivorship= 66.1239376524463
ICForagerLifespan= 6.63163872435689
ImmType= Sine
AIAdultSlope= 2.76429587230086
AIAdultSlopeContact= 3.83639072061516
AIAdultLD50Contact= 0.0338426878210157
AILarvaSlope= 2.0281458563637
AILarvaLD50= 0.144762021792121
AIKOW= 6.46092877816409
AIKOC= 19.0232664067298
AIHalfLife= 13.0474078562111
