ICQueenStrength= 4.58830530778505
RQWkrDrnRatio= 2.23006182443351
ICDroneMiteSurvivorship= 25.4992244765162
ICWorkerMiteSurvivorship= 97.6949404459447
ICForagerLifespan= 14.0315855359659
ImmType= Polynomial
AIAdultSlope= 0.0151853816583753
AIAdultLD50= 1.97806705953553
AIAdultSlopeContact= 3.61890195960877
AIAdultLD50Contact= 0.0170170600060374
AILarvaSlope= 1.93720834041014
AILarvaLD50= 0.560246841120534
AIKOW= 5.0323794609867
AIKOC= 11.8895360513125
AIHalfLife= 5.40710496529937
EAppRate= 0.177170212846249
