ICQueenStrength= 3.62733798357658
RQWkrDrnRatio= 2.73694473411888
ICDroneMiteSurvivorship= 23.1511951657012
ICWorkerMiteSurvivorship= 56.6339493729174
ICForagerLifespan= 15.0250304564834
ImmType= Logarithmic
AIAdultSlope= 7.72142161848024
