ICQueenStrength= 3.17893013381399
RQWkrDrnRatio= 1.50166386179626
ICDroneMiteSurvivorship= 69.6067622397095
ICWorkerMiteSurvivorship= 35.6045980472118
ICForagerLifespan= 10.5731882704422
ImmType= Logarithmic
AIAdultSlope= 2.07773841043934
AIAdultLD50= 0.11796214862261
AIAdultSlopeContact= 2.97271926372545
AIAdultLD50Contact= 0.00618301306385547
AILarvaSlope= 2.50937324264087
AILarvaLD50= 0.618056776165031
AIKOW= 2.3024096256122
AIKOC= 5.44087505084462
AIHalfLife= 0.537705204915255
EAppRate= 0.68894564001821
