ICQueenStrength= 3.98711572308093
RQWkrDrnRatio= 4.04166575614363
ICDroneMiteSurvivorship= 53.2570752548054
ICWorkerMiteSurvivorship= 2.67910698894411
ICForagerLifespan= 7.61389293242246
ImmType= Sine
AIAdultSlopeContact= 3.53550498422468
AIAdultLD50Contact= 0.0436342996894382
AILarvaSlope= 2.96544251139276
AILarvaLD50= 0.402567927679047
AIKOW= 4.09030087431893
AIKOC= 25.8858811063692
AIHalfLife= 2.20250157220289
