ICQueenStrength= 5.65088922413997
RQWkrDrnRatio= 2.59947791323066
ICDroneMiteSurvivorship= 9.26055281888694
ICWorkerMiteSurvivorship= 56.1638456536457
ICForagerLifespan= 4.52332273311913
ImmType= Sine
AIAdultSlopeContact= 1.88030185438693
AIAdultLD50Contact= 0.0205317941377871
AILarvaSlope= 2.40181808709167
AILarvaLD50= 0.818013252108358
AIKOW= 6.16926269466057
AIKOC= 17.5424006895628
AIHalfLife= 8.99304314143956
