ICQueenStrength= 5.91572442348115
RQWkrDrnRatio= 2.0136853819713
ICDroneMiteSurvivorship= 79.5348232379183
ICWorkerMiteSurvivorship= 87.4294764827937
ICForagerLifespan= 10.144204704091
ImmType= Cosine
AIAdultSlope= 2.33817300762981
AIAdultLD50= 0.403531275456771
AIAdultSlopeContact= 2.1398948761588
AIAdultLD50Contact= 0.0010456926189363
AILarvaSlope= 2.92788510741666
AILarvaLD50= 0.43662143102847
AIKOW= 7.00059273838997
AIKOC= 17.722502311226
AIHalfLife= 2.03042363747954
EAppRate= 0.165080964728259
