ICQueenStrength= 2.09742286498658
RQWkrDrnRatio= 3.48078970145434
ICDroneMiteSurvivorship= 72.3644847981632
ICWorkerMiteSurvivorship= 42.8318436723202
ICForagerLifespan= 10.0328458119184
ImmType= Tangent
AIAdultSlope= 2.11243746797554
AIAdultLD50= 0.274730900768191
AIAdultSlopeContact= 3.23182000875939
AIAdultLD50Contact= 0.0167275908752345
AILarvaSlope= 1.35874446788803
AILarvaLD50= 0.12350227679126
AIKOW= 2.93653414770961
AIKOC= 14.2958098859526
AIHalfLife= 12.0923324814066
EAppRate= 0.902819486102089
