ICQueenStrength= 2.51740471599624
RQWkrDrnRatio= 2.61722029466182
ICDroneMiteSurvivorship= 52.2894254419953
ICWorkerMiteSurvivorship= 13.1420109886676
ICForagerLifespan= 14.3285428732634
ImmType= Tangent
AIAdultSlope= 2.60897295032628
AIAdultLD50= 0.106327221030369
AIAdultSlopeContact= 3.25391634717817
AIAdultLD50Contact= 0.00587877749931067
AILarvaSlope= 0.584953968599439
AILarvaLD50= 0.476947256689891
AIKOW= 5.03471228433773
AIKOC= 11.0123026312795
AIHalfLife= 12.7376005467959
EAppRate= 0.725767673458904
