ICQueenStrength= 4.25914709945209
RQWkrDrnRatio= 1.9669999005273
ICDroneMiteSurvivorship= 38.0068646976724
ICWorkerMiteSurvivorship= 74.5025202864781
ICForagerLifespan= 9.65292405337095
ImmType= Sine
AIAdultLD50= 0.154012839635834
AIAdultSlopeContact= 0.945929724632297
AIAdultLD50Contact= 0.00614179589319974
AILarvaSlope= 0.9425016972702
AILarvaLD50= 0.135320462076925
AIKOW= 6.72485556639731
AIKOC= 15.9257780655753
AIHalfLife= 7.91979158576578
EAppRate= 1.18280510837212
