ICQueenStrength= 4.27759130508639
RQWkrDrnRatio= 2.28747544065118
ICDroneMiteSurvivorship= 70.6077888840809
ICWorkerMiteSurvivorship= 52.0047976169735
ICForagerLifespan= 12.0268739778548
ImmType= Sine
AIAdultSlope= 2.70783570595086
