ICQueenStrength= 3.92595190741122
RQWkrDrnRatio= 2.30278138630092
