ICQueenStrength= 1.91924747568555
RQWkrDrnRatio= 4.04370757006109
ICDroneMiteSurvivorship= 53.8266352377832
ICWorkerMiteSurvivorship= 28.63710206002
ICForagerLifespan= 9.19765434134752
ImmType= Sine
AIAdultSlope= 3.92714458483038
AIAdultLD50= 0.0353130772709846
AIAdultSlopeContact= 2.31140099868877
AIAdultLD50Contact= 0.0292779105482623
AILarvaSlope= 2.13239421085455
AILarvaLD50= 0.620180001296103
AIKOW= 7.69122600369155
AIKOC= 8.49414388765581
AIHalfLife= 2.12715985020623
EAppRate= 0
