ICQueenStrength= 4.34522958379239
RQWkrDrnRatio= 4.77181440591812
ICDroneMiteSurvivorship= 33.7699768831953
ICWorkerMiteSurvivorship= 61.4021379034966
ICForagerLifespan= 12.5044154990464
ImmType= Sine
AIAdultSlope= 0.893773001199588
AIAdultLD50= 2.47171982657164
AIAdultSlopeContact= 1.58680905238492
AIAdultLD50Contact= 0.0411741740885191
AILarvaSlope= 1.75305282208137
AILarvaLD50= 0.81010375614278
AIKOW= 7.78305693063885
AIKOC= 10.3821161214728
AIHalfLife= 10.9187199929729
EAppRate= 0.685880980687216
