ICQueenStrength= 2.06262783287093
RQWkrDrnRatio= 2.05056364927441
ICDroneMiteSurvivorship= 13.0872165085748
ICWorkerMiteSurvivorship= 1.85414019506425
ICForagerLifespan= 9.58717108517885
ImmType= Exponential
AIAdultSlope= 9.84238154022023
AIAdultLD50= 0.319913648068905
AIAdultSlopeContact= 7.46822475688532
AIAdultLD50Contact= 0.0294331936631352
AILarvaSlope= 6.3792290026322
AILarvaLD50= 1.33984312135726
AIKOW= 76.6419266117737
AIKOC= 31.8423008080572
AIHalfLife= 3.64672240475193
EAppRate= 0.448368941899389
