ICQueenStrength= 1.57307632640004
RQWkrDrnRatio= 4.74658037908375
ICDroneMiteSurvivorship= 7.54201044328511
ICWorkerMiteSurvivorship= 91.4239539531991
ICForagerLifespan= 7.56277748011053
ImmType= Cosine
AIAdultSlope= 0.677347107278183
AIAdultLD50= 1.90420339303091
AIAdultSlopeContact= 0.964654964818619
AIAdultLD50Contact= 0.0251173372496851
AILarvaSlope= 2.6285500167869
AILarvaLD50= 0.385846489761025
AIKOW= 5.55942991422489
AIKOC= 25.0213011412416
AIHalfLife= 6.28351980401203
EAppRate= 0.491150479996577
