ICQueenStrength= 1.5814205261413
RQWkrDrnRatio= 3.20216224621981
ICDroneMiteSurvivorship= 1.00643197074533
ICWorkerMiteSurvivorship= 62.2664229245856
ICForagerLifespan= 14.7254720246419
ImmType= Polynomial
AIAdultSlope= 0.590275980611332
AIAdultLD50= 0.163563379785046
AIAdultSlopeContact= 1.90566661980702
AIAdultLD50Contact= 0.00776084297103807
AILarvaSlope= 1.90317587112077
AILarvaLD50= 0.496854926110245
AIKOW= 6.65949699468911
AIKOC= 16.7668449995108
AIHalfLife= 0.594485269393772
EAppRate= 0
