ICQueenStrength= 2.12402840168215
RQWkrDrnRatio= 4.17829068843275
ICDroneMiteSurvivorship= 9.87688880413771
ICWorkerMiteSurvivorship= 63.0620572250336
ICForagerLifespan= 10.1531635224819
ImmType= Cosine
AIAdultSlope= 2.77906367554329
AIAdultLD50= 0.372937861364335
AIAdultSlopeContact= 1.92043349542189
AIAdultLD50Contact= 0.0327009956468828
AILarvaSlope= 2.98595266370103
AILarvaLD50= 0.459066388453357
AIKOW= 2.27425937261432
AIKOC= 17.2090381686576
AIHalfLife= 4.05793561134487
EAppRate= 0.564261327707209
