ICQueenStrength= 5.94751744554378
RQWkrDrnRatio= 2.55893348529935
ICDroneMiteSurvivorship= 87.9968869499862
ICWorkerMiteSurvivorship= 37.9375675693154
ICForagerLifespan= 12.8905009431764
ImmType= Cosine
AIAdultSlopeContact= 3.09856479794718
AIAdultLD50Contact= 0.0224770352593623
AILarvaSlope= 1.70348093463108
AILarvaLD50= 0.245388612127863
AIKOW= 7.33862711070105
AIKOC= 17.7272633486427
AIHalfLife= 4.30516459001228
