ICQueenStrength= 5.86580626224168
RQWkrDrnRatio= 4.42923440597951
ICDroneMiteSurvivorship= 44.5683479541913
ICWorkerMiteSurvivorship= 40.6994116958231
ICForagerLifespan= 10.2452943734825
ImmType= Exponential
AIAdultSlopeContact= 0.0441594142466784
AIAdultLD50Contact= 0.000237846747040749
AILarvaSlope= 7.04025630839169
AILarvaLD50= 1.15979924984276
AIKOW= 13.0494446028024
AIKOC= 85.4156508343294
AIHalfLife= 8.1121570924297
