ICQueenStrength= 5.09069716348313
RQWkrDrnRatio= 2.97047944366932
ICDroneMiteSurvivorship= 57.7451542718336
ICWorkerMiteSurvivorship= 6.30103209987283
ICForagerLifespan= 12.1068844152614
ImmType= Exponential
AIAdultSlope= 8.33097691647708
