ICQueenStrength= 1.60564900981262
RQWkrDrnRatio= 2.69447697792202
ICDroneMiteSurvivorship= 11.3129948265851
ICWorkerMiteSurvivorship= 29.0109648369253
ICForagerLifespan= 10.2654983252287
ImmType= Cosine
AIAdultSlope= 0.880024487897754
AIAdultLD50= 2.32600249070674
AIAdultSlopeContact= 1.52718374005286
AIAdultLD50Contact= 0.0345944839646108
AILarvaSlope= 0.616433191020042
AILarvaLD50= 0.0456991995451972
AIKOW= 4.16120527079329
AIKOC= 19.6096855693031
AIHalfLife= 11.0337431868538
EAppRate= 0.206314649898559
