ICQueenStrength= 2.02468229481019
RQWkrDrnRatio= 3.35644759330899
ICDroneMiteSurvivorship= 22.8353118291125
ICWorkerMiteSurvivorship= 38.3174636401236
ICForagerLifespan= 6.17474537622184
ImmType= Exponential
AIAdultLD50= 0.154012839635834
AIAdultSlopeContact= 1.39894780241651
AIAdultLD50Contact= 0.0133761564036831
AILarvaSlope= 2.48648380762897
AILarvaLD50= 0.782207354949787
AIKOW= 5.89476908696815
AIKOC= 26.5509720030241
AIHalfLife= 8.03265820583329
EAppRate= 0.531819780357182
