ICQueenStrength= 5.06238910858519
RQWkrDrnRatio= 2.05365367420018
ICDroneMiteSurvivorship= 63.3756341878325
ICWorkerMiteSurvivorship= 64.5915097557008
ICForagerLifespan= 15.3493237281218
ImmType= Cosine
AIAdultSlope= 1.09837175579742
