ICQueenStrength= 4.76010132604279
RQWkrDrnRatio= 2.72111403010786
ICDroneMiteSurvivorship= 12.3839625157416
ICWorkerMiteSurvivorship= 66.0988400224596
ICForagerLifespan= 14.2975709950551
ImmType= Sine
AIAdultSlope= 2.77553065641783
AIAdultLD50= 0.0902864666422829
AIAdultSlopeContact= 1.07856398888631
AIAdultLD50Contact= 0.0278352267574519
AILarvaSlope= 3.20356278386898
AILarvaLD50= 0.347368846507743
AIKOW= 4.01053792657331
AIKOC= 10.7285818562377
AIHalfLife= 3.82246746681631
EAppRate= 0.202604839927517
