ICQueenStrength= 3.76548394351266
RQWkrDrnRatio= 1.47995352465659
ICDroneMiteSurvivorship= 8.57212077826262
ICWorkerMiteSurvivorship= 24.28248221986
ICForagerLifespan= 12.4103872980922
ImmType= Sine
AIAdultSlope= 6.52868289500475
