ICQueenStrength= 3.63883158215322
RQWkrDrnRatio= 1.05332257878035
ICDroneMiteSurvivorship= 98.4859923832119
ICWorkerMiteSurvivorship= 67.2065920662135
ICForagerLifespan= 7.80075200740248
ImmType= Sine
AIAdultSlope= 9.41264974651858
