ICQueenStrength= 3.27030310197733
RQWkrDrnRatio= 1.68824513535947
ICDroneMiteSurvivorship= 53.2217590371147
ICWorkerMiteSurvivorship= 14.5509952912107
ICForagerLifespan= 4.77324788738042
ImmType= Tangent
AIAdultSlope= 1.48752355240285
AIAdultLD50= 2.26895897369832
AIAdultSlopeContact= 2.01825786229223
AIAdultLD50Contact= 0.0400059859501198
AILarvaSlope= 1.67334648300894
AILarvaLD50= 0.257589727803133
AIKOW= 7.1993589354679
AIKOC= 11.5136989403982
AIHalfLife= 0.647671657148749
EAppRate= 0.136938197538257
