ICQueenStrength= 4.97459464264102
RQWkrDrnRatio= 4.03562391363084
ICDroneMiteSurvivorship= 44.4581109797582
ICWorkerMiteSurvivorship= 64.9291960522532
ICForagerLifespan= 8.17246672324836
ImmType= Exponential
AIAdultSlopeContact= 0.904702458966058
AIAdultLD50Contact= 0.00887835678877309
AILarvaSlope= 2.63580390117131
AILarvaLD50= 0.585719078569673
AIKOW= 2.7611424215138
AIKOC= 6.36802397319116
AIHalfLife= 5.6957196793519
