ICQueenStrength= 3.15519701479934
RQWkrDrnRatio= 4.80515802651644
ICDroneMiteSurvivorship= 10.3524677688256
ICWorkerMiteSurvivorship= 20.137994014658
ICForagerLifespan= 9.20389398932457
ImmType= Sine
AIAdultSlope= 0.824387927167118
AIAdultLD50= 0.563435266725719
AIAdultSlopeContact= 2.80570999672869
AIAdultLD50Contact= 0.0153661463293247
AILarvaSlope= 1.91573061118834
AILarvaLD50= 0.267349482583813
AIKOW= 4.73945174459368
AIKOC= 29.2055376758799
AIHalfLife= 12.6630444834009
EAppRate= 0.559787207981572
