ICQueenStrength= 5.89804278011434
RQWkrDrnRatio= 2.75158286560327
ICDroneMiteSurvivorship= 95.4220489133149
ICWorkerMiteSurvivorship= 15.9193578874692
ICForagerLifespan= 5.65054651908576
ImmType= Sine
AIAdultSlope= 1.65593416023999
AIAdultLD50= 0.396656406344846
AIAdultSlopeContact= 1.14436757636257
AIAdultLD50Contact= 0.0419217690359801
AILarvaSlope= 1.04870404782705
AILarvaLD50= 0.366966687887907
AIKOW= 6.76472934009507
AIKOC= 5.69816902978346
AIHalfLife= 3.85580174508505
EAppRate= 0.518825136777013
