ICQueenStrength= 4.0303858499974
RQWkrDrnRatio= 2.36249206122011
ICDroneMiteSurvivorship= 57.5562881771475
ICWorkerMiteSurvivorship= 19.8399283690378
ICForagerLifespan= 15.0661561526358
ImmType= Exponential
AIAdultSlope= 0.531217083474621
AIAdultLD50= 1.053859943524
AIAdultSlopeContact= 2.78482092415681
AIAdultLD50Contact= 0.0417790926876478
AILarvaSlope= 3.1853295026347
AILarvaLD50= 0.496828367211856
AIKOW= 3.57187171699479
AIKOC= 27.6980874896981
AIHalfLife= 11.1573578664102
EAppRate= 0.898457273375243
