ICQueenStrength= 3.33058470068499
RQWkrDrnRatio= 2.97417482640594
ICDroneMiteSurvivorship= 5.70484583731741
ICWorkerMiteSurvivorship= 35.3331969119608
ICForagerLifespan= 12.2697266973555
ImmType= Sine
AIAdultSlope= 0.610724154114723
AIAdultLD50= 1.76625426183455
AIAdultSlopeContact= 2.26942068987759
AIAdultLD50Contact= 0.00601085256785154
AILarvaSlope= 1.78246854622848
AILarvaLD50= 0.523756931209937
AIKOW= 7.22749833669513
AIKOC= 25.9437030833215
AIHalfLife= 10.3851257190108
EAppRate= 0.409224857576191
