ICQueenStrength= 1.61252174898982
RQWkrDrnRatio= 2.39906376600266
ICDroneMiteSurvivorship= 6.42005898989737
ICWorkerMiteSurvivorship= 77.6037875795737
ICForagerLifespan= 13.7336230240762
ImmType= Exponential
AIAdultSlope= 3.47513620276004
AIAdultLD50= 0.742830184288323
AIAdultSlopeContact= 8.62033244222403
AIAdultLD50Contact= 0.112531449692324
AILarvaSlope= 9.68706323066726
AILarvaLD50= 0.15699343662709
AIKOW= 47.6729162735865
AIKOC= 15.8709171228111
AIHalfLife= 8.2817855947651
EAppRate= 0.491494304966182
