ICQueenStrength= 1.24089215090498
RQWkrDrnRatio= 1.89136517513543
ICDroneMiteSurvivorship= 75.3603628603742
ICWorkerMiteSurvivorship= 61.324127484113
ICForagerLifespan= 12.15198514238
ImmType= Cosine
AIAdultSlopeContact= 0.905206141483504
AIAdultLD50Contact= 0.0415725942351855
AILarvaSlope= 1.1562397943344
AILarvaLD50= 0.843483288050629
AIKOW= 7.40826105931774
AIKOC= 15.0719295383897
AIHalfLife= 4.91854257369414
