ICQueenStrength= 3.4830409605056
RQWkrDrnRatio= 3.14062577392906
ICDroneMiteSurvivorship= 87.3293663142249
ICWorkerMiteSurvivorship= 57.8118137549609
ICForagerLifespan= 5.89486431423575
ImmType= Sine
AIAdultSlope= 9.10673590376973
