ICQueenStrength= 3.30205595958978
RQWkrDrnRatio= 2.84692061692476
ICDroneMiteSurvivorship= 58.2523443503305
ICWorkerMiteSurvivorship= 34.1183118754998
ICForagerLifespan= 12.3363979673013
ImmType= Sine
AIAdultSlope= 0.459386808983982
AIAdultLD50= 1.21862638648599
AIAdultSlopeContact= 1.23482076904038
AIAdultLD50Contact= 0.00726952922996134
AILarvaSlope= 2.47580421073362
AILarvaLD50= 0.727561724348925
AIKOW= 3.30944392038509
AIKOC= 16.3508536946028
AIHalfLife= 0.507896529044956
EAppRate= 0.805736509617418
