ICQueenStrength= 3.52413109061308
RQWkrDrnRatio= 1.28480384591967
ICDroneMiteSurvivorship= 71.8150333035737
ICWorkerMiteSurvivorship= 18.4104632120579
ICForagerLifespan= 7.32665903307498
ImmType= Exponential
AIAdultSlopeContact= 3.66964986505453
AIAdultLD50Contact= 0.00820140109863132
AILarvaSlope= 2.5214863775298
AILarvaLD50= 0.491961260908283
AIKOW= 7.63147453265265
AIKOC= 25.9317600005306
AIHalfLife= 3.66504710027948
