ICQueenStrength= 2.20344707160257
RQWkrDrnRatio= 3.30262137018144
ICDroneMiteSurvivorship= 98.6603849567473
ICWorkerMiteSurvivorship= 62.9697442287579
ICForagerLifespan= 13.7389807170257
ImmType= Tangent
AIAdultSlope= 3.87812606549123
AIAdultLD50= 0.0208974431734532
AIAdultSlopeContact= 3.42001131078461
AIAdultLD50Contact= 0.0196468114620075
AILarvaSlope= 1.41369606787339
AILarvaLD50= 0.554957989719696
AIKOW= 7.21824717149138
AIKOC= 26.6643313178793
AIHalfLife= 4.07966985367239
EAppRate= 0.135970821115188
