ICQueenStrength= 5.91873719030991
RQWkrDrnRatio= 3.99866662640125
ICDroneMiteSurvivorship= 56.7728628171608
ICWorkerMiteSurvivorship= 8.83399492595345
ICForagerLifespan= 13.1369043346494
ImmType= Cosine
AIAdultSlope= 3.76251873778179
AIAdultLD50= 0.272585644503124
AIAdultSlopeContact= 0.0872923167329282
AIAdultLD50Contact= 0.0392011035000905
AILarvaSlope= 1.21099384846166
AILarvaLD50= 0.510584596241824
AIKOW= 2.22801104560494
AIKOC= 28.7936020304915
AIHalfLife= 2.25638768519275
EAppRate= 0.136164362565614
