ICQueenStrength= 5.36878712265752
RQWkrDrnRatio= 2.53874352108687
ICDroneMiteSurvivorship= 41.3270767312497
ICWorkerMiteSurvivorship= 51.6588747734204
ICForagerLifespan= 6.40257860254496
ImmType= Sine
AIAdultSlope= 0.191174378199503
AIAdultLD50= 2.48091875994578
AIAdultSlopeContact= 3.02667703643907
AIAdultLD50Contact= 0.0445594129851088
AILarvaSlope= 1.41514898641035
AILarvaLD50= 0.206225768197328
AIKOW= 7.00802037725225
AIKOC= 19.2100674507674
AIHalfLife= 10.1037272075191
EAppRate= 0.450060958974063
