ICQueenStrength= 5.15612037060782
RQWkrDrnRatio= 3.2568264529109
ICDroneMiteSurvivorship= 48.6149196745828
ICWorkerMiteSurvivorship= 79.4483450241387
ICForagerLifespan= 8.80963457468897
ImmType= Tangent
AIAdultSlope= 0.835957247903571
AIAdultLD50= 1.13764593168162
AIAdultSlopeContact= 0.0451329952874221
AIAdultLD50Contact= 0.0266944105620496
AILarvaSlope= 0.995356260240078
AILarvaLD50= 0.592523435899057
AIKOW= 5.76960824150592
AIKOC= 29.5016257220414
AIHalfLife= 2.08707779599354
EAppRate= 0.618462840327993
