ICQueenStrength= 4.53334266575985
RQWkrDrnRatio= 4.50722285360098
ICDroneMiteSurvivorship= 75.2366550732404
ICWorkerMiteSurvivorship= 19.4148164009675
ICForagerLifespan= 9.92153683118522
ImmType= Tangent
AIAdultSlope= 3.33010268337093
AIAdultLD50= 0.0474895157385617
AIAdultSlopeContact= 1.71478687352501
AIAdultLD50Contact= 0.0287187965237536
AILarvaSlope= 1.66734960600734
AILarvaLD50= 0.447144614160061
AIKOW= 5.28428174555302
AIKOC= 17.9053273820318
AIHalfLife= 4.36039767367765
EAppRate= 0.00333319581113756
