ICQueenStrength= 4.07892460608855
RQWkrDrnRatio= 2.87166061252356
ICDroneMiteSurvivorship= 89.6200448274612
ICWorkerMiteSurvivorship= 23.4093168051913
ICForagerLifespan= 11.6309054456651
ImmType= Polynomial
AIAdultSlope= 1.63507822893793
AIAdultLD50= 0.280031216563657
AIAdultSlopeContact= 2.35484086113749
AIAdultLD50Contact= 0.0182801816496067
AILarvaSlope= 2.97822152967565
AILarvaLD50= 0.477096504438669
AIKOW= 2.87142918165773
AIKOC= 10.9525733988266
AIHalfLife= 1.39651907025836
EAppRate= 0
