ICQueenStrength= 2.22835245565511
RQWkrDrnRatio= 2.23477220628411
ICDroneMiteSurvivorship= 99.1841125534847
ICWorkerMiteSurvivorship= 28.6388718755916
ICForagerLifespan= 7.57787004113197
ImmType= Cosine
AIAdultLD50= 0.154012839635834
AIAdultSlopeContact= 3.20855416755192
AIAdultLD50Contact= 0.0274762495071627
AILarvaSlope= 1.22135658115149
AILarvaLD50= 0.412003448233008
AIKOW= 7.89147835271433
AIKOC= 16.4081745618023
AIHalfLife= 4.0660819336772
EAppRate= 1.23276612954214
