ICQueenStrength= 2.54376521706581
RQWkrDrnRatio= 3.69943477306515
ICDroneMiteSurvivorship= 12.2027832549065
ICWorkerMiteSurvivorship= 72.8862963616848
ICForagerLifespan= 14.6354490322992
ImmType= Exponential
AIAdultSlope= 3.38771432943642
AIAdultLD50= 0.314761681831442
AIAdultSlopeContact= 3.77919109778479
AIAdultLD50Contact= 0.031849429779686
AILarvaSlope= 0.582836230611429
AILarvaLD50= 0.36296348401811
AIKOW= 3.57644774857908
AIKOC= 5.86696577491239
AIHalfLife= 2.24985545268282
EAppRate= 0.225114388321526
