ICQueenStrength= 1.64432360348292
RQWkrDrnRatio= 4.43893551360816
ICDroneMiteSurvivorship= 17.5985380774364
ICWorkerMiteSurvivorship= 68.9010858070105
ICForagerLifespan= 7.33036799170077
ImmType= Tangent
AIAdultSlopeContact= 9.8772457218729
AIAdultLD50Contact= 0.0964709934778512
AILarvaSlope= 4.61869698483497
AILarvaLD50= 0.639849468600005
AIKOW= 48.2600127579644
AIKOC= 92.2513679601252
AIHalfLife= 0.00636277627199888
