ICQueenStrength= 4.57564142439514
RQWkrDrnRatio= 2.64980341494083
ICDroneMiteSurvivorship= 4.47138901799917
ICWorkerMiteSurvivorship= 51.9901322200894
ICForagerLifespan= 12.4169025346637
ImmType= Sine
AIAdultSlope= 1.85481319753453
AIAdultLD50= 0.170590722933412
AIAdultSlopeContact= 0.327267050945666
AIAdultLD50Contact= 0.0394172033644281
AILarvaSlope= 1.62664849455468
AILarvaLD50= 0.665468526771292
AIKOW= 4.33933980995789
AIKOC= 7.91282582911663
AIHalfLife= 12.873964864295
EAppRate= 0.150087090441957
