ICQueenStrength= 3.3115009535104
RQWkrDrnRatio= 3.34587117936462
