ICQueenStrength= 2.25455635949038
RQWkrDrnRatio= 3.88845284190029
ICDroneMiteSurvivorship= 44.3514733109623
ICWorkerMiteSurvivorship= 45.87484493386
ICForagerLifespan= 5.37603264953941
ImmType= Cosine
AIAdultLD50= 0.154012839635834
AIAdultSlopeContact= 0.773080801921897
AIAdultLD50Contact= 0.0105984510388225
AILarvaSlope= 1.92291250764392
AILarvaLD50= 0.143814471946098
AIKOW= 6.51160912029445
AIKOC= 5.83325178711675
AIHalfLife= 10.7232628716156
EAppRate= 0.100490302313119
