ICQueenStrength= 3.53020178060979
RQWkrDrnRatio= 1.14495179802179
ICDroneMiteSurvivorship= 79.2335105128586
ICWorkerMiteSurvivorship= 39.0576385427266
ICForagerLifespan= 5.19046323373914
ImmType= Exponential
AIAdultSlopeContact= 2.40469006527448
AIAdultLD50Contact= 0.0443527553696185
AILarvaSlope= 1.96469368264079
AILarvaLD50= 0.152716226410121
AIKOW= 3.60190187720582
AIKOC= 11.1270456470083
AIHalfLife= 11.9596407846548
