ICQueenStrength= 1.29055377352051
RQWkrDrnRatio= 4.60936839785427
ICDroneMiteSurvivorship= 83.1958253867924
ICWorkerMiteSurvivorship= 35.3594323154539
ICForagerLifespan= 11.0243562841788
ImmType= Polynomial
AIAdultSlope= 3.34074666807661
AIAdultLD50= 0.370494292816147
AIAdultSlopeContact= 1.4741828898224
AIAdultLD50Contact= 0.0428149134619162
AILarvaSlope= 1.93102696747519
AILarvaLD50= 0.429981437162496
AIKOW= 5.25122481165454
AIKOC= 24.8420120053925
AIHalfLife= 4.8877026932314
EAppRate= 0.61472250779625
