ICQueenStrength= 4.84080844698474
RQWkrDrnRatio= 3.1315021077171
ICDroneMiteSurvivorship= 27.1234691841528
ICWorkerMiteSurvivorship= 67.4862633924931
ICForagerLifespan= 6.20174550078809
ImmType= Polynomial
AIAdultSlope= 2.61619738570182
AIAdultLD50= 0.195051174145192
AIAdultSlopeContact= 2.35983108686283
AIAdultLD50Contact= 0.0193551392992958
AILarvaSlope= 3.33125631096773
AILarvaLD50= 0.57755438236054
AIKOW= 3.9954552995041
AIKOC= 16.561395204626
AIHalfLife= 2.28657548781484
EAppRate= 0
