ICQueenStrength= 3.8373034694232
RQWkrDrnRatio= 4.90916433092207
ICDroneMiteSurvivorship= 71.9199290266261
ICWorkerMiteSurvivorship= 12.8979906206951
ICForagerLifespan= 11.9191859094426
ImmType= Polynomial
AIAdultSlope= 2.51619488552911
AIAdultLD50= 0.0736269196495414
AIAdultSlopeContact= 1.59996449494734
AIAdultLD50Contact= 0.00269139464944601
AILarvaSlope= 0.828224769700319
AILarvaLD50= 0.184288853220642
AIKOW= 7.41373486397788
AIKOC= 10.6959627487231
AIHalfLife= 4.60456538246945
EAppRate= 0
