ICQueenStrength= 3.49946219963022
RQWkrDrnRatio= 1.22813443094492
ICDroneMiteSurvivorship= 52.6192326331511
ICWorkerMiteSurvivorship= 83.2340241177008
ICForagerLifespan= 4.52851641736925
ImmType= Polynomial
AIAdultSlope= 0.84529921940295
AIAdultLD50= 0.469705140218139
AIAdultSlopeContact= 3.89017723461147
AIAdultLD50Contact= 0.0225669060484506
AILarvaSlope= 2.09967861869372
AILarvaLD50= 0.0107602958567441
AIKOW= 3.50095496838912
AIKOC= 19.128188387258
AIHalfLife= 3.44769959338009
EAppRate= 0.332548625255004
