ICQueenStrength= 5.06009200378321
RQWkrDrnRatio= 4.58947586733848
ICDroneMiteSurvivorship= 84.5894301310182
ICWorkerMiteSurvivorship= 44.5414212998003
ICForagerLifespan= 8.63234896305948
ImmType= Polynomial
AIAdultSlope= 7.89477087790146
