ICQueenStrength= 4.05409549735487
RQWkrDrnRatio= 2.07586343213916
ICDroneMiteSurvivorship= 96.4670707471669
ICWorkerMiteSurvivorship= 33.6900342023
ICForagerLifespan= 15.1984590124339
ImmType= Tangent
AIAdultSlope= 2.03934716526419
