ICQueenStrength= 2.56463203835301
RQWkrDrnRatio= 4.52776275016367
ICDroneMiteSurvivorship= 97.012533294037
ICWorkerMiteSurvivorship= 66.4598635397851
ICForagerLifespan= 11.2360844071954
ImmType= Tangent
AIAdultSlope= 1.50052924495423
AIAdultLD50= 0.487647348432802
AIAdultSlopeContact= 2.00341702525271
AIAdultLD50Contact= 0.00106150046922266
AILarvaSlope= 0.804811768699437
AILarvaLD50= 0.503336171549745
AIKOW= 2.269618940074
AIKOC= 8.0083755555097
AIHalfLife= 4.91553677245975
EAppRate= 0
