ICQueenStrength= 4.73855621321127
RQWkrDrnRatio= 3.43444958422333
ICDroneMiteSurvivorship= 61.6201750468463
ICWorkerMiteSurvivorship= 57.7825507847592
ICForagerLifespan= 8.74676408711821
ImmType= Polynomial
AIAdultSlope= 1.78654979448766
