ICQueenStrength= 5.07688210369088
RQWkrDrnRatio= 3.21348177362233
ICDroneMiteSurvivorship= 48.0987544870004
ICWorkerMiteSurvivorship= 0.0811333768069744
ICForagerLifespan= 15.3971607442945
ImmType= Cosine
AIAdultSlope= 9.88222225569189
