ICQueenStrength= 4.17194849951193
RQWkrDrnRatio= 3.89341130293906
ICDroneMiteSurvivorship= 24.2972562555224
ICWorkerMiteSurvivorship= 84.8726522177458
ICForagerLifespan= 8.56773187965155
ImmType= Cosine
AIAdultSlope= 2.71514880205505
AIAdultLD50= 0.237023187568411
AIAdultSlopeContact= 1.50882237488637
AIAdultLD50Contact= 0.0117109923157841
AILarvaSlope= 0.216469722986221
AILarvaLD50= 0.244354708562605
AIKOW= 6.56224559713155
AIKOC= 12.0325351378415
AIHalfLife= 12.1230974891223
EAppRate= 0.599309066077694
