ICQueenStrength= 5.97573949862272
RQWkrDrnRatio= 2.29741354938596
ICDroneMiteSurvivorship= 4.06261056195945
ICWorkerMiteSurvivorship= 77.2897749440745
ICForagerLifespan= 6.67302767653018
ImmType= Tangent
AIAdultSlope= 1.94808905338868
AIAdultLD50= 0.6020036295522
AIAdultSlopeContact= 3.63734996203333
AIAdultLD50Contact= 0.0212129076127894
AILarvaSlope= 0.192616395279765
AILarvaLD50= 0.486579140508547
AIKOW= 4.35888231219724
AIKOC= 19.827387308469
AIHalfLife= 10.3855033698492
EAppRate= 0.532346792984754
