ICQueenStrength= 5.54018416814506
RQWkrDrnRatio= 3.2579898647964
ICDroneMiteSurvivorship= 89.0597607940435
ICWorkerMiteSurvivorship= 4.53581362962723
ICForagerLifespan= 10.063614571467
ImmType= Polynomial
AIAdultSlope= 2.37655514483107
AIAdultLD50= 0.215990373166278
AIAdultSlopeContact= 2.61947325276677
AIAdultLD50Contact= 0.0267117878771387
AILarvaSlope= 2.30502944719046
AILarvaLD50= 0.476119754556566
AIKOW= 6.91333668772131
AIKOC= 17.2769805311691
AIHalfLife= 0.294002406299114
EAppRate= 0.0510433426592499
