ICQueenStrength= 3.64006908982992
RQWkrDrnRatio= 4.34016122575849
ICDroneMiteSurvivorship= 42.9953380953521
ICWorkerMiteSurvivorship= 91.0247299354523
ICForagerLifespan= 8.66559496894479
ImmType= Polynomial
AIAdultSlope= 2.40303450315259
AIAdultLD50= 1.66978315589949
AIAdultSlopeContact= 3.44918100032955
AIAdultLD50Contact= 0.0398417503456585
AILarvaSlope= 0.000684335362166166
AILarvaLD50= 0.438225757470354
AIKOW= 7.59806886827573
AIKOC= 22.2618377837352
AIHalfLife= 11.7639733129181
EAppRate= 0.261782672489062
