ICQueenStrength= 2.31673877127469
RQWkrDrnRatio= 4.02522352151573
ICDroneMiteSurvivorship= 94.976939749904
ICWorkerMiteSurvivorship= 37.1064166305587
ICForagerLifespan= 15.9120064368472
ImmType= Exponential
AIAdultSlope= 0.857930480155628
AIAdultLD50= 0.370377291343175
AIAdultSlopeContact= 0.977494159382768
AIAdultLD50Contact= 0.0176450452418067
AILarvaSlope= 1.6627095467411
AILarvaLD50= 0.45160903937649
AIKOW= 6.28356751706451
AIKOC= 17.7443165401928
AIHalfLife= 2.88174690678716
EAppRate= 0.0502860684180632
