ICQueenStrength= 3.97362952376716
RQWkrDrnRatio= 4.30882664117962
ICDroneMiteSurvivorship= 28.873982001096
ICWorkerMiteSurvivorship= 95.9842997137457
ICForagerLifespan= 12.6867162855342
ImmType= Polynomial
AIAdultSlopeContact= 2.55034493317595
AIAdultLD50Contact= 0.00959731293842197
AILarvaSlope= 0.871809585997835
AILarvaLD50= 0.267765465332195
AIKOW= 4.93470686161891
AIKOC= 20.7943816564512
AIHalfLife= 7.59229065151885
