ICQueenStrength= 2.07171210227534
RQWkrDrnRatio= 2.87629615049809
ICDroneMiteSurvivorship= 90.5474277678877
ICWorkerMiteSurvivorship= 52.5227109435946
ICForagerLifespan= 9.7593420734629
ImmType= Polynomial
AIAdultSlope= 3.52511194825871
AIAdultLD50= 0.365575152565725
AIAdultSlopeContact= 3.16796036780812
AIAdultLD50Contact= 0.0488698775647208
AILarvaSlope= 1.29677610821091
AILarvaLD50= 0.491638722759672
AIKOW= 6.41091266833246
AIKOC= 5.42338915518485
AIHalfLife= 0.072510635945946
EAppRate= 0.34758207956329
