ICQueenStrength= 1.55199406924658
RQWkrDrnRatio= 4.73222976271063
ICDroneMiteSurvivorship= 56.7535389680415
ICWorkerMiteSurvivorship= 50.7794965058565
ICForagerLifespan= 5.56930498126894
ImmType= Exponential
AIAdultSlope= 2.98925024224445
