ICQueenStrength= 5.35417272150517
RQWkrDrnRatio= 2.19293845072389
ICDroneMiteSurvivorship= 62.3316227924079
ICWorkerMiteSurvivorship= 3.35462293587625
ICForagerLifespan= 11.4545208103955
ImmType= Polynomial
AIAdultSlope= 0.510112149082124
AIAdultLD50= 1.35356414574198
AIAdultSlopeContact= 1.99995375111932
AIAdultLD50Contact= 0.0469996566767804
AILarvaSlope= 0.248586287582293
AILarvaLD50= 0.130301032285206
AIKOW= 6.29453779663891
AIKOC= 22.8313550131861
AIHalfLife= 9.00997939473018
EAppRate= 0.848678804701194
