ICQueenStrength= 1.96787260379642
RQWkrDrnRatio= 2.93035748787224
ICDroneMiteSurvivorship= 30.7697015814483
ICWorkerMiteSurvivorship= 94.6542247198522
ICForagerLifespan= 14.3805327089503
ImmType= Cosine
AIAdultSlope= 1.86283936621388
AIAdultLD50= 0.214674432878383
AIAdultSlopeContact= 0.510540955869947
AIAdultLD50Contact= 0.0247541755321436
AILarvaSlope= 1.74733097748831
AILarvaLD50= 0.83198906017933
AIKOW= 6.67560368217528
AIKOC= 10.2331248589326
AIHalfLife= 0.43076727190055
EAppRate= 0
