ICQueenStrength= 5.68414158327505
RQWkrDrnRatio= 3.485231497325
ICDroneMiteSurvivorship= 0.555454171262681
ICWorkerMiteSurvivorship= 67.4975561676547
ICForagerLifespan= 4.18704173900187
ImmType= Tangent
AIAdultSlope= 3.0846515019564
AIAdultLD50= 0.0652537730056792
AIAdultSlopeContact= 0.059880026767496
AIAdultLD50Contact= 0.0328875659964979
AILarvaSlope= 3.26751628210768
AILarvaLD50= 0.50547748063691
AIKOW= 5.8894912051037
AIKOC= 27.47386056697
AIHalfLife= 4.89294432220049
EAppRate= 0
