ICQueenStrength= 5.79945934494026
RQWkrDrnRatio= 4.64300422929227
ICDroneMiteSurvivorship= 95.3471256652847
ICWorkerMiteSurvivorship= 93.7447703443468
ICForagerLifespan= 12.1036271154881
ImmType= Tangent
AIAdultSlopeContact= 4.27728046430275
AIAdultLD50Contact= 0.0807971546892077
AILarvaSlope= 9.06458745943382
AILarvaLD50= 0.994215421844274
AIKOW= 40.777483349666
AIKOC= 48.1972253415734
AIHalfLife= 2.33213845221326
