ICQueenStrength= 5.9195335933473
RQWkrDrnRatio= 1.04299446940422
ICDroneMiteSurvivorship= 49.3492301087826
ICWorkerMiteSurvivorship= 47.7966445032507
ICForagerLifespan= 14.4402684681118
ImmType= Polynomial
AIAdultSlope= 3.632732907061
AIAdultLD50= 0.112172553199343
AIAdultSlopeContact= 0.81631880632136
AIAdultLD50Contact= 0.0457381023559719
AILarvaSlope= 2.20597384180874
AILarvaLD50= 0.619721970101819
AIKOW= 5.90135988220572
AIKOC= 11.6319604637101
AIHalfLife= 2.0818005525507
EAppRate= 0
