ICQueenStrength= 5.11794541287236
RQWkrDrnRatio= 4.31010680086911
ICDroneMiteSurvivorship= 19.3207842065021
ICWorkerMiteSurvivorship= 85.5434563942254
ICForagerLifespan= 11.4222374074161
ImmType= Sine
AIAdultSlope= 0.447343101259321
