ICQueenStrength= 1.57963516446762
RQWkrDrnRatio= 3.36493470706046
ICDroneMiteSurvivorship= 15.2090408140793
ICWorkerMiteSurvivorship= 91.0032990388572
ICForagerLifespan= 13.5488272188231
ImmType= Sine
AIAdultSlope= 1.86487620547414
AIAdultLD50= 1.38374014408328
AIAdultSlopeContact= 2.3208388809138
AIAdultLD50Contact= 0.0494891815353185
AILarvaSlope= 1.52694669268094
AILarvaLD50= 0.0751859788550064
AIKOW= 4.73750096140429
AIKOC= 24.7584259265568
AIHalfLife= 0.303867968730628
EAppRate= 0.739762651501223
