ICQueenStrength= 4.88706867350265
RQWkrDrnRatio= 3.631935919635
ICDroneMiteSurvivorship= 81.5438210498542
ICWorkerMiteSurvivorship= 66.5328413946554
ICForagerLifespan= 6.27273352071643
ImmType= Sine
AIAdultSlopeContact= 9.80826852377504
AIAdultLD50Contact= 0.175666171917692
AILarvaSlope= 5.5573252029717
AILarvaLD50= 0.368764054495841
AIKOW= 42.752196546644
AIKOC= 78.3515985123813
AIHalfLife= 7.08770884247497
