ICQueenStrength= 5.35473146149889
RQWkrDrnRatio= 2.26820592582226
ICDroneMiteSurvivorship= 85.2560122264549
ICWorkerMiteSurvivorship= 89.0876474557444
ICForagerLifespan= 4.85710883699358
ImmType= Logarithmic
AIAdultSlope= 2.44234295362607
AIAdultLD50= 0.233170086634345
AIAdultSlopeContact= 3.87031949613942
AIAdultLD50Contact= 0.0442254188354127
AILarvaSlope= 1.41947291847318
AILarvaLD50= 0.538521610270254
AIKOW= 5.59073284268379
AIKOC= 24.9983141268604
AIHalfLife= 0.233718401286751
EAppRate= 0.198805291182362
