ICQueenStrength= 3.40013675298542
RQWkrDrnRatio= 3.62912322953343
ICDroneMiteSurvivorship= 95.1664452441037
ICWorkerMiteSurvivorship= 1.30407924298197
ICForagerLifespan= 6.94122711755335
ImmType= Sine
AIAdultSlope= 3.35532178842695
AIAdultLD50= 0.434809771366417
AIAdultSlopeContact= 2.31725135744317
AIAdultLD50Contact= 0.040573370968923
AILarvaSlope= 3.15927379648201
AILarvaLD50= 0.30550305400975
AIKOW= 4.15639503486454
AIKOC= 7.40984860574827
AIHalfLife= 2.93388522812165
EAppRate= 0.215888655930758
