ICQueenStrength= 5.48676929925568
RQWkrDrnRatio= 2.15832058340311
ICDroneMiteSurvivorship= 10.9609171980992
ICWorkerMiteSurvivorship= 82.7004681807011
ICForagerLifespan= 6.47876619081944
ImmType= Polynomial
AIAdultSlope= 3.82664172093384
AIAdultLD50= 0.213667060364969
AIAdultSlopeContact= 0.853428554472048
AIAdultLD50Contact= 0.00496055950643495
AILarvaSlope= 2.32817286532372
AILarvaLD50= 0.540362655697391
AIKOW= 4.69318618020043
AIKOC= 12.509394158842
AIHalfLife= 1.78212416591123
EAppRate= 0.323902458325028
