ICQueenStrength= 2.08193910797127
RQWkrDrnRatio= 3.42673823982477
ICDroneMiteSurvivorship= 1.97551185265183
ICWorkerMiteSurvivorship= 48.2792266877368
ICForagerLifespan= 12.1029681777582
ImmType= Polynomial
AIAdultSlope= 0.369211425259709
AIAdultLD50= 0.0191969198640436
AIAdultSlopeContact= 3.36708400838776
AIAdultLD50Contact= 0.0337586360517889
AILarvaSlope= 0.722817042004317
AILarvaLD50= 0.36202953318134
AIKOW= 2.95793956564739
AIKOC= 5.7387493737042
AIHalfLife= 0.0893465550616384
EAppRate= 0.866073737153783
