ICQueenStrength= 5.80383720831014
RQWkrDrnRatio= 2.63763697631657
ICDroneMiteSurvivorship= 3.280671662651
ICWorkerMiteSurvivorship= 3.73416531365365
ICForagerLifespan= 4.8860211474821
ImmType= Exponential
AIAdultLD50= 0.154012839635834
AIAdultSlopeContact= 2.32497005974408
AIAdultLD50Contact= 0.0481751964311115
AILarvaSlope= 2.82540898099542
AILarvaLD50= 0.632311398605816
AIKOW= 5.58002583449706
AIKOC= 21.2293698231224
AIHalfLife= 10.4329819492996
EAppRate= 1.45033630495891
