ICQueenStrength= 5.01033710106276
RQWkrDrnRatio= 2.07405495457351
ICDroneMiteSurvivorship= 39.2828886630014
ICWorkerMiteSurvivorship= 37.7052164403722
ICForagerLifespan= 13.8485407996923
ImmType= Tangent
AIAdultSlope= 3.08487528765108
AIAdultLD50= 0.0953593023587018
AIAdultSlopeContact= 3.08030026890105
AIAdultLD50Contact= 0.0269526656717062
AILarvaSlope= 2.47850829605013
AILarvaLD50= 0.433994768047705
AIKOW= 3.83306839922443
AIKOC= 13.8204276515171
AIHalfLife= 2.95712932245806
EAppRate= 0.495584432734176
