ICQueenStrength= 3.27603898383677
RQWkrDrnRatio= 1.63920006435364
