ICQueenStrength= 5.61420034291223
RQWkrDrnRatio= 2.77536867465824
ICDroneMiteSurvivorship= 47.0756257185712
ICWorkerMiteSurvivorship= 20.6043855287135
ICForagerLifespan= 5.88751258887351
ImmType= Sine
AIAdultSlope= 5.63792628701776
