ICQueenStrength= 3.58522018790245
RQWkrDrnRatio= 1.10159910004586
ICDroneMiteSurvivorship= 97.8063265793025
ICWorkerMiteSurvivorship= 86.4515003282577
ICForagerLifespan= 14.9911443302408
ImmType= Tangent
AIAdultSlope= 2.75253096339293
AIAdultLD50= 2.35784312523901
AIAdultSlopeContact= 0.647050620345399
AIAdultLD50Contact= 0.0492771670804359
AILarvaSlope= 0.415678289532661
AILarvaLD50= 0.477815965516493
AIKOW= 4.05452474066988
AIKOC= 19.6342973806895
AIHalfLife= 12.6853721761145
EAppRate= 0.305628373753279
