ICQueenStrength= 1.09542897576466
RQWkrDrnRatio= 4.49841588549316
ICDroneMiteSurvivorship= 42.0560389524326
ICWorkerMiteSurvivorship= 31.1982393497601
ICForagerLifespan= 8.35666931327432
ImmType= Logarithmic
AIAdultSlope= 9.74404889391735
