ICQueenStrength= 4.53723095031455
RQWkrDrnRatio= 3.87106892373413
ICDroneMiteSurvivorship= 46.5491266688332
ICWorkerMiteSurvivorship= 13.5998122394085
ICForagerLifespan= 9.05116705503315
ImmType= Sine
AIAdultSlopeContact= 0.0786631971504539
AIAdultLD50Contact= 0.0183872441877611
AILarvaSlope= 0.743481831764802
AILarvaLD50= 0.86806198800914
AIKOW= 5.05637557152659
AIKOC= 5.25067899841815
AIHalfLife= 6.89405499026179
