ICQueenStrength= 1.71433587931097
RQWkrDrnRatio= 4.69347212277353
ICDroneMiteSurvivorship= 7.72101834882051
ICWorkerMiteSurvivorship= 32.2044309927151
ICForagerLifespan= 11.6612802837044
ImmType= Exponential
AIAdultSlope= 3.15184132959694
AIAdultLD50= 2.85805159248412
AIAdultSlopeContact= 3.11988082457799
AIAdultLD50Contact= 0.000600504083558917
AILarvaSlope= 1.48574521536939
AILarvaLD50= 0.743207654706202
AIKOW= 3.36844910308719
AIKOC= 5.82784312544391
AIHalfLife= 0.474632507190108
EAppRate= 0.513640304096043
