ICQueenStrength= 5.37430941150524
RQWkrDrnRatio= 3.03978337813169
ICDroneMiteSurvivorship= 31.1179195065051
ICWorkerMiteSurvivorship= 96.0279294289649
ICForagerLifespan= 14.2455253107473
ImmType= Cosine
AIAdultSlopeContact= 3.77681206171867
AIAdultLD50Contact= 0.0423999546444975
AILarvaSlope= 1.75558719662949
AILarvaLD50= 0.809190067509189
AIKOW= 3.31318832188845
AIKOC= 11.3008212950081
AIHalfLife= 7.07757575437427
