ICQueenStrength= 1.08129160967655
RQWkrDrnRatio= 4.21499824989587
ICDroneMiteSurvivorship= 24.2612968664616
ICWorkerMiteSurvivorship= 94.6156628197059
ICForagerLifespan= 14.6713734194636
ImmType= Polynomial
AIAdultSlopeContact= 2.18015093764057
AIAdultLD50Contact= 0.0449284100905061
AILarvaSlope= 0.282144482154399
AILarvaLD50= 0.366499182628468
AIKOW= 5.86651816731319
AIKOC= 7.46175861102529
AIHalfLife= 7.1654692189768
