ICQueenStrength= 3.82108128536493
RQWkrDrnRatio= 2.51962559483945
ICDroneMiteSurvivorship= 12.4386418610811
ICWorkerMiteSurvivorship= 37.0756195159629
ICForagerLifespan= 5.91916831862181
ImmType= Tangent
AIAdultSlope= 1.26381592238322
AIAdultSlopeContact= 3.35009512496414
AIAdultLD50Contact= 0.0389985342510045
AILarvaSlope= 2.87543059885502
AILarvaLD50= 0.516685442416929
AIKOW= 6.82098438544199
AIKOC= 22.5426193862222
AIHalfLife= 5.24877025932074
