ICQueenStrength= 5.58056873641908
RQWkrDrnRatio= 4.67530723940581
ICDroneMiteSurvivorship= 90.4162791324779
ICWorkerMiteSurvivorship= 1.76640092395246
ICForagerLifespan= 4.99943427089602
ImmType= Exponential
AIAdultSlope= 3.39986612379318
AIAdultLD50= 0.375334011157975
AIAdultSlopeContact= 1.13584137964295
AIAdultLD50Contact= 0.0148357909289189
AILarvaSlope= 0.452995506022125
AILarvaLD50= 0.450299186375923
AIKOW= 7.41715974593535
AIKOC= 15.0075440073851
AIHalfLife= 1.02339643868618
EAppRate= 0
