ICQueenStrength= 5.04975041514263
RQWkrDrnRatio= 4.36195656564087
ICDroneMiteSurvivorship= 66.6585593251511
ICWorkerMiteSurvivorship= 97.9783617192879
ICForagerLifespan= 5.25274595152587
ImmType= Exponential
AIAdultSlope= 1.65325394662796
AIAdultLD50= 0.261224479996599
AIAdultSlopeContact= 0.575105991899036
AIAdultLD50Contact= 0.0399688336998224
AILarvaSlope= 1.56321514882147
AILarvaLD50= 0.487264610244893
AIKOW= 6.29922803305089
AIKOC= 25.6773045531008
AIHalfLife= 1.65494614164345
EAppRate= 0
