ICQueenStrength= 5.51255703461356
RQWkrDrnRatio= 4.01316865440458
ICDroneMiteSurvivorship= 27.3570423014462
ICWorkerMiteSurvivorship= 0.669596320949495
ICForagerLifespan= 7.25909687578678
ImmType= Sine
AIAdultSlopeContact= 0.757855723248795
AIAdultLD50Contact= 0.00340638688066974
AILarvaSlope= 2.40625125537626
AILarvaLD50= 0.376588433166035
AIKOW= 4.33493648609146
AIKOC= 25.5223368539009
AIHalfLife= 11.6120007475838
