ICQueenStrength= 3.6270878687501
RQWkrDrnRatio= 3.31973715219647
ICDroneMiteSurvivorship= 41.1709946813062
ICWorkerMiteSurvivorship= 39.9972708197311
ICForagerLifespan= 12.5402363752946
ImmType= Exponential
AIAdultSlope= 2.15175531804562
