ICQueenStrength= 5.4838212186005
RQWkrDrnRatio= 2.03785502444953
ICDroneMiteSurvivorship= 25.9843063540757
ICWorkerMiteSurvivorship= 13.8064466184005
ICForagerLifespan= 12.6377634285018
ImmType= Exponential
AIAdultLD50= 0.154012839635834
AIAdultSlopeContact= 3.59705659683561
AIAdultLD50Contact= 0.0177349312580191
AILarvaSlope= 3.14540913132951
AILarvaLD50= 0.546463615237735
AIKOW= 6.74375146906823
AIKOC= 19.5553353999276
AIHalfLife= 1.42871766211465
EAppRate= 0.386335244402289
