ICQueenStrength= 2.09366716584191
RQWkrDrnRatio= 4.74062657915056
ICDroneMiteSurvivorship= 80.8953585568815
ICWorkerMiteSurvivorship= 55.126270162873
ICForagerLifespan= 8.13164612837136
ImmType= Exponential
AIAdultLD50= 0.154012839635834
AIAdultSlopeContact= 1.81310629148735
AIAdultLD50Contact= 0.00336567731574178
AILarvaSlope= 1.46282129008323
AILarvaLD50= 0.794542373623699
AIKOW= 2.9459308157675
AIKOC= 26.7843340244144
AIHalfLife= 11.3977252012119
EAppRate= 0.0507567534223199
