ICQueenStrength= 2.16223046556115
RQWkrDrnRatio= 2.66489105019718
ICDroneMiteSurvivorship= 95.1139948796481
ICWorkerMiteSurvivorship= 48.9487443817779
ICForagerLifespan= 10.385820386
ImmType= Sine
AIAdultSlope= 2.59148546184646
AIAdultLD50= 0.0565734541742131
AIAdultSlopeContact= 3.8501175794634
AIAdultLD50Contact= 0.0111195523757488
AILarvaSlope= 1.33813966028392
AILarvaLD50= 0.727983404276893
AIKOW= 6.57907282374799
AIKOC= 8.72932125465013
AIHalfLife= 3.69941205135547
EAppRate= 0
