ICQueenStrength= 2.37482606805861
RQWkrDrnRatio= 1.61561263818294
ICDroneMiteSurvivorship= 43.1404503062367
ICWorkerMiteSurvivorship= 38.8798946281895
ICForagerLifespan= 11.289473506622
ImmType= Polynomial
AIAdultSlope= 1.79078230061568
AIAdultLD50= 2.77753287297674
AIAdultSlopeContact= 3.15994928775122
AIAdultLD50Contact= 0.0163392401533201
AILarvaSlope= 1.15183023624122
AILarvaLD50= 0.700851726648398
AIKOW= 4.80892510572448
AIKOC= 17.42709159269
AIHalfLife= 11.2849168437533
EAppRate= 0.117246530018747
