ICQueenStrength= 5.68184863450006
RQWkrDrnRatio= 4.31487288419157
ICDroneMiteSurvivorship= 75.4785112570971
ICWorkerMiteSurvivorship= 25.0080373138189
ICForagerLifespan= 7.00899925269186
ImmType= Logarithmic
AIAdultSlope= 9.80884904507548
