ICQueenStrength= 1.23876709165052
RQWkrDrnRatio= 1.92909076903015
ICDroneMiteSurvivorship= 52.2239872487262
ICWorkerMiteSurvivorship= 19.9361860053614
ICForagerLifespan= 8.7911433391273
ImmType= Sine
AIAdultSlope= 0.0306437737704255
AIAdultLD50= 0.145195640972815
AIAdultSlopeContact= 0.755590692821424
AIAdultLD50Contact= 0.0109226837172173
AILarvaSlope= 2.81000299346633
AILarvaLD50= 0.123054679809138
AIKOW= 4.93499628314748
AIKOC= 28.701897461433
AIHalfLife= 1.09324861085042
EAppRate= 0.0545441359747201
