ICQueenStrength= 3.41741359233856
RQWkrDrnRatio= 3.49912676215172
ICDroneMiteSurvivorship= 15.6174732372165
ICWorkerMiteSurvivorship= 93.0117148207501
ICForagerLifespan= 12.1510710790753
ImmType= Exponential
AIAdultSlope= 1.8506399392616
AIAdultLD50= 2.76863763481379
AIAdultSlopeContact= 0.609996579797007
AIAdultLD50Contact= 0.0157330412766896
AILarvaSlope= 2.98743156334385
AILarvaLD50= 0.191133507178165
AIKOW= 5.20253017731011
AIKOC= 10.7660194172058
AIHalfLife= 10.3491383292712
EAppRate= 0.264942404814065
