ICQueenStrength= 1.59081720747054
RQWkrDrnRatio= 2.95168294105679
