ICQueenStrength= 1.05792233161628
RQWkrDrnRatio= 1.51990802772343
ICDroneMiteSurvivorship= 72.7785805240273
ICWorkerMiteSurvivorship= 24.3612484773621
ICForagerLifespan= 12.6671365257353
ImmType= Polynomial
AIAdultSlopeContact= 2.31828981317813
AIAdultLD50Contact= 0.0217446419876069
AILarvaSlope= 2.34059312585741
AILarvaLD50= 0.440652579115704
AIKOW= 5.29952909238636
AIKOC= 13.4384417335968
AIHalfLife= 4.9260754850693
