ICQueenStrength= 5.55407988512889
RQWkrDrnRatio= 4.72548802383244
ICDroneMiteSurvivorship= 63.8485429575667
ICWorkerMiteSurvivorship= 4.18397609610111
ICForagerLifespan= 10.128159288317
ImmType= Logarithmic
AIAdultSlope= 1.09422949282452
AIAdultLD50= 1.56573246885091
AIAdultSlopeContact= 0.769097065553069
AIAdultLD50Contact= 0.0353706045891158
AILarvaSlope= 1.33991218679585
AILarvaLD50= 0.361838392890058
AIKOW= 4.71052317600697
AIKOC= 24.6722657419741
AIHalfLife= 11.0364178232849
EAppRate= 0.266540256794542
