ICQueenStrength= 2.26971355406567
RQWkrDrnRatio= 4.65921010542661
ICDroneMiteSurvivorship= 2.44659027084708
ICWorkerMiteSurvivorship= 19.688352686353
ICForagerLifespan= 11.8824748583138
ImmType= Logarithmic
AIAdultSlopeContact= 0.16236174171092
AIAdultLD50Contact= 0.0375614603981376
AILarvaSlope= 1.25968057657592
AILarvaLD50= 0.386468535731547
AIKOW= 2.37277911417186
AIKOC= 22.5753523653839
AIHalfLife= 5.23575535276905
