ICQueenStrength= 1.78069417621009
RQWkrDrnRatio= 2.89395693968982
ICDroneMiteSurvivorship= 64.839866803959
ICWorkerMiteSurvivorship= 41.5006875758991
ICForagerLifespan= 7.67912527825683
ImmType= Sine
AIAdultSlopeContact= 1.017712557544
AIAdultLD50Contact= 0.0266714163939469
AILarvaSlope= 0.364233807148412
AILarvaLD50= 0.873250944516622
AIKOW= 2.16487275483087
AIKOC= 5.39955909596756
AIHalfLife= 11.5840575648472
