ICQueenStrength= 2.90617001964711
RQWkrDrnRatio= 4.88306559808552
ICDroneMiteSurvivorship= 51.4883177820593
ICWorkerMiteSurvivorship= 82.8203283715993
ICForagerLifespan= 11.1856166105717
ImmType= Cosine
AIAdultSlope= 2.95958237005398
AIAdultLD50= 1.65569541184232
AIAdultSlopeContact= 0.382001233783085
AIAdultLD50Contact= 0.0219271303038113
AILarvaSlope= 1.07150479718111
AILarvaLD50= 0.817873192601837
AIKOW= 6.33132163761184
AIKOC= 20.9672860463616
AIHalfLife= 10.3881789417937
EAppRate= 0.782539342530072
