ICQueenStrength= 4.03257651161402
RQWkrDrnRatio= 1.94795804750174
ICDroneMiteSurvivorship= 70.8746216259897
ICWorkerMiteSurvivorship= 60.1265829987824
ICForagerLifespan= 9.62416126485914
ImmType= Sine
AIAdultSlope= 1.04223889522953
AIAdultLD50= 0.365125977434218
AIAdultSlopeContact= 3.65436241648626
AIAdultLD50Contact= 0.0478997802711092
AILarvaSlope= 0.637531805085018
AILarvaLD50= 0.122903872188181
AIKOW= 2.4054914554581
AIKOC= 8.82867099833675
AIHalfLife= 4.12805325817317
EAppRate= 0.4767607514048
