ICQueenStrength= 3.25141762639396
RQWkrDrnRatio= 3.585159689188
ICDroneMiteSurvivorship= 60.9729901887476
ICWorkerMiteSurvivorship= 74.1805244935676
ICForagerLifespan= 10.6986858462915
ImmType= Logarithmic
AIAdultSlopeContact= 0.631859164244961
AIAdultLD50Contact= 0.00410804712446407
AILarvaSlope= 0.107181056914851
AILarvaLD50= 0.280491391033866
AIKOW= 5.80340472608805
AIKOC= 5.70911849616095
AIHalfLife= 5.10006952378899
