ICQueenStrength= 1.78236488741823
RQWkrDrnRatio= 1.52851974591613
ICDroneMiteSurvivorship= 98.97243573796
ICWorkerMiteSurvivorship= 15.5833354219794
ICForagerLifespan= 10.3964372817427
ImmType= Tangent
AIAdultSlope= 6.00482923910022
AIAdultLD50= 0.562988308491185
AIAdultSlopeContact= 9.07334815710783
AIAdultLD50Contact= 0.0111856732983142
AILarvaSlope= 6.97301469976082
AILarvaLD50= 0.505740517750382
AIKOW= 85.7139824191108
AIKOC= 77.7871016878635
AIHalfLife= 5.9043082552962
EAppRate= 1.7970580663532
