ICQueenStrength= 1.34466994111426
RQWkrDrnRatio= 1.80367494095117
ICDroneMiteSurvivorship= 31.1047278577462
ICWorkerMiteSurvivorship= 1.04946051724255
ICForagerLifespan= 11.2401359118521
ImmType= Logarithmic
AIAdultSlope= 0.0166695820167661
AIAdultSlopeContact= 0.224173611975275
AIAdultLD50Contact= 0.0209390183677897
AILarvaSlope= 2.96187647874467
AILarvaLD50= 0.457983774715103
AIKOW= 4.59651579800993
AIKOC= 26.1719003564212
AIHalfLife= 7.83395941928029
