ICQueenStrength= 4.2843582239002
RQWkrDrnRatio= 2.64324130862951
ICDroneMiteSurvivorship= 7.87599438335747
ICWorkerMiteSurvivorship= 36.4886900410056
ICForagerLifespan= 15.4807807365432
ImmType= Logarithmic
AIAdultSlope= 0.941424501200672
AIAdultLD50= 0.134317211457528
AIAdultSlopeContact= 1.24179948925506
AIAdultLD50Contact= 0.0320960783748888
AILarvaSlope= 0.249608579976484
AILarvaLD50= 0.835346568538807
AIKOW= 2.7450475092046
AIKOC= 23.169513711473
AIHalfLife= 4.53328920528293
EAppRate= 0.310356659581885
