ICQueenStrength= 2.06930908048525
RQWkrDrnRatio= 1.74273883737624
ICDroneMiteSurvivorship= 3.83022946771234
ICWorkerMiteSurvivorship= 81.5911633661017
ICForagerLifespan= 14.2441434115171
ImmType= Sine
AIAdultSlope= 1.00062582781306
AIAdultLD50= 0.306702895089984
AIAdultSlopeContact= 2.98515348403249
AIAdultLD50Contact= 0.00136959601659328
AILarvaSlope= 2.0973269676324
AILarvaLD50= 0.0942375190090388
AIKOW= 4.48000205494463
AIKOC= 12.9683120362461
AIHalfLife= 2.28404987137765
EAppRate= 0
