ICQueenStrength= 5.82538222684525
RQWkrDrnRatio= 1.71369260642678
ICDroneMiteSurvivorship= 92.0561008388177
ICWorkerMiteSurvivorship= 92.3852515406907
ICForagerLifespan= 7.18099161423743
ImmType= Logarithmic
AIAdultSlope= 3.26298135099933
