ICQueenStrength= 4.04481867002323
RQWkrDrnRatio= 4.91935287509114
ICDroneMiteSurvivorship= 25.822789222002
ICWorkerMiteSurvivorship= 23.193103633821
ICForagerLifespan= 12.9897752543911
ImmType= Exponential
AIAdultSlopeContact= 3.36573613805696
AIAdultLD50Contact= 0.00433951319428161
AILarvaSlope= 2.34696389092132
AILarvaLD50= 0.387840874143876
AIKOW= 7.06265844870359
AIKOC= 12.4128582491539
AIHalfLife= 11.5772157078609
