ICQueenStrength= 4.49344797781669
RQWkrDrnRatio= 1.19051425717771
ICDroneMiteSurvivorship= 13.8565324945375
ICWorkerMiteSurvivorship= 34.2614428838715
ICForagerLifespan= 7.7428703866899
ImmType= Cosine
AIAdultSlope= 2.84327158024535
AIAdultLD50= 1.89699924504384
AIAdultSlopeContact= 2.43961784159532
AIAdultLD50Contact= 0.00318438156973571
AILarvaSlope= 0.442021589586511
AILarvaLD50= 0.689984271721914
AIKOW= 7.00368863902986
AIKOC= 20.0341154600028
AIHalfLife= 3.49691584007815
EAppRate= 0.265255651203915
