ICQueenStrength= 5.59896107204258
RQWkrDrnRatio= 1.25619619619101
ICDroneMiteSurvivorship= 83.358511631377
ICWorkerMiteSurvivorship= 12.0629930635914
ICForagerLifespan= 10.470056344755
ImmType= Sine
AIAdultSlope= 1.89928288897499
AIAdultLD50= 1.01832695282064
AIAdultSlopeContact= 1.50381284672068
AIAdultLD50Contact= 0.0119667509454302
AILarvaSlope= 2.48969801636413
AILarvaLD50= 0.419071007799357
AIKOW= 2.59300114493817
AIKOC= 21.5173672314268
AIHalfLife= 2.64985277084634
EAppRate= 0.263087687781081
