ICQueenStrength= 1.35167129593901
RQWkrDrnRatio= 1.62273154500872
ICDroneMiteSurvivorship= 38.3969953283668
ICWorkerMiteSurvivorship= 30.2005971316248
ICForagerLifespan= 10.7134593501687
ImmType= Sine
AIAdultSlope= 0.352683478645049
AIAdultLD50= 0.303685384104028
AIAdultSlopeContact= 0.38216312356526
AIAdultLD50Contact= 0.023423255130183
AILarvaSlope= 0.325943215098232
AILarvaLD50= 0.246738806180656
AIKOW= 3.40668077114969
AIKOC= 23.1633656728081
AIHalfLife= 4.40272348700091
EAppRate= 0.104081584140658
