ICQueenStrength= 1.04914862685837
RQWkrDrnRatio= 1.94117620494217
ICDroneMiteSurvivorship= 74.4866854976863
ICWorkerMiteSurvivorship= 59.9775995826349
ICForagerLifespan= 5.30497184954584
ImmType= Exponential
AIAdultSlope= 2.66957713174634
AIAdultLD50= 2.21827267622575
AIAdultSlopeContact= 0.042727475669235
AIAdultLD50Contact= 0.00955730077112094
AILarvaSlope= 0.141964523447677
AILarvaLD50= 0.254778594640084
AIKOW= 4.98929011821747
AIKOC= 11.4813093747944
AIHalfLife= 12.2025100803003
EAppRate= 0.838533123023808
