ICQueenStrength= 5.12034552544355
RQWkrDrnRatio= 4.73843373078853
ICDroneMiteSurvivorship= 50.2430331427604
ICWorkerMiteSurvivorship= 15.4840797418728
ICForagerLifespan= 13.4476773394272
ImmType= Tangent
AIAdultSlopeContact= 3.04979549740674
AIAdultLD50Contact= 0.0222951229196042
AILarvaSlope= 0.331215332448483
AILarvaLD50= 0.358135723834857
AIKOW= 3.94878512946889
AIKOC= 19.1315554152243
AIHalfLife= 9.57107900828123
