ICQueenStrength= 5.27436306956224
RQWkrDrnRatio= 2.48296578694135
ICDroneMiteSurvivorship= 53.4871082985774
ICWorkerMiteSurvivorship= 13.0605178652331
ICForagerLifespan= 12.9198473216966
ImmType= Exponential
AIAdultSlopeContact= 0.6095862807706
AIAdultLD50Contact= 0.168171463301405
AILarvaSlope= 1.19272321462631
AILarvaLD50= 0.692114015575498
AIKOW= 86.0052950913087
AIKOC= 63.5628042975441
AIHalfLife= 4.07674491684884
