ICQueenStrength= 3.7505252417177
RQWkrDrnRatio= 2.00574440602213
ICDroneMiteSurvivorship= 22.3955542314798
ICWorkerMiteSurvivorship= 33.0865271389484
ICForagerLifespan= 14.6562236491591
ImmType= Logarithmic
AIAdultSlope= 2.7773805366829
AIAdultLD50= 0.877837654436007
AIAdultSlopeContact= 0.409725356753916
AIAdultLD50Contact= 0.0311764526646584
AILarvaSlope= 1.07724311626516
AILarvaLD50= 0.165449341270141
AIKOW= 6.45046306122094
AIKOC= 29.2106552817859
AIHalfLife= 9.8692104308866
EAppRate= 0.711699427338317
