ICQueenStrength= 5.60617931792513
RQWkrDrnRatio= 3.76827508118004
ICDroneMiteSurvivorship= 49.4305693544447
ICWorkerMiteSurvivorship= 10.4881344130263
ICForagerLifespan= 5.75454405229539
ImmType= Exponential
AIAdultSlope= 2.36237526745303
AIAdultLD50= 0.444528995198198
AIAdultSlopeContact= 3.8609408727265
AIAdultLD50Contact= 0.012913863605354
AILarvaSlope= 3.14858240042813
AILarvaLD50= 0.470145155978389
AIKOW= 4.41196142090484
AIKOC= 18.5364070010837
AIHalfLife= 3.2490111514926
EAppRate= 0
