ICQueenStrength= 3.79741198406555
RQWkrDrnRatio= 1.07071679644287
ICDroneMiteSurvivorship= 51.8092943588272
ICWorkerMiteSurvivorship= 4.19677528552711
ICForagerLifespan= 4.18237629625946
ImmType= Logarithmic
AIAdultSlope= 5.11102207936347
