ICQueenStrength= 3.65474948217161
RQWkrDrnRatio= 4.52456203196198
ICDroneMiteSurvivorship= 58.4403647808358
ICWorkerMiteSurvivorship= 55.2808316424489
ICForagerLifespan= 12.8167187850922
ImmType= Tangent
AIAdultSlope= 3.29421072211117
AIAdultLD50= 0.45679009356536
AIAdultSlopeContact= 3.55255740968976
AIAdultLD50Contact= 0.00417694983771071
AILarvaSlope= 2.56988093773834
AILarvaLD50= 0.819350433466025
AIKOW= 2.90476098330691
AIKOC= 11.0065634432249
AIHalfLife= 4.80127557506785
EAppRate= 0.0305331714916974
