ICQueenStrength= 4.92316553159617
RQWkrDrnRatio= 4.49575288500637
ICDroneMiteSurvivorship= 6.26038070768118
ICWorkerMiteSurvivorship= 60.3513886919245
ICForagerLifespan= 10.79965337459
ImmType= Logarithmic
AIAdultSlope= 3.884527785026
AIAdultLD50= 0.39309631776996
AIAdultSlopeContact= 1.16389000230236
AIAdultLD50Contact= 0.0336906126351096
AILarvaSlope= 1.51927838749252
AILarvaLD50= 0.0891260290984064
AIKOW= 6.01431141421199
AIKOC= 7.70594864850864
AIHalfLife= 2.88329047732987
EAppRate= 0.682665732316673
