ICQueenStrength= 1.89227939606644
RQWkrDrnRatio= 2.59981648437679
ICDroneMiteSurvivorship= 25.2419113647193
ICWorkerMiteSurvivorship= 63.4624014375731
ICForagerLifespan= 13.4550157962367
ImmType= Tangent
AIAdultSlope= 2.96317097922787
AIAdultLD50= 0.275230317027308
AIAdultSlopeContact= 3.29643785725348
AIAdultLD50Contact= 0.0469447414041497
AILarvaSlope= 3.39635051353835
AILarvaLD50= 0.865736014069989
AIKOW= 3.68693897686899
AIKOC= 27.5165261887014
AIHalfLife= 3.0190367414616
EAppRate= 0.394102784269489
