ICQueenStrength= 4.79233896383084
RQWkrDrnRatio= 3.11470240727067
ICDroneMiteSurvivorship= 74.9177689896896
ICWorkerMiteSurvivorship= 57.6229458209127
ICForagerLifespan= 9.36797159910202
ImmType= Logarithmic
AIAdultSlopeContact= 1.56344695335254
AIAdultLD50Contact= 0.00407494610408321
AILarvaSlope= 1.71650750171393
AILarvaLD50= 0.357195795653388
AIKOW= 3.26015273900703
AIKOC= 18.7431873416062
AIHalfLife= 11.3529106350616
