ICQueenStrength= 3.9983223893214
RQWkrDrnRatio= 1.96936298254877
ICDroneMiteSurvivorship= 28.2054954674095
ICWorkerMiteSurvivorship= 8.35070114117116
ICForagerLifespan= 6.01107514370233
ImmType= Logarithmic
AIAdultSlopeContact= 3.09712212376529
AIAdultLD50Contact= 0.0181386621901765
AILarvaSlope= 1.68298212075606
AILarvaLD50= 0.725812721019611
AIKOW= 3.50463405391201
AIKOC= 27.2290530335158
AIHalfLife= 0.242578187957406
