ICQueenStrength= 4.59660989139229
RQWkrDrnRatio= 4.12837422639132
ICDroneMiteSurvivorship= 40.6697545200586
ICWorkerMiteSurvivorship= 38.579482678324
ICForagerLifespan= 15.6465996140614
ImmType= Exponential
AIAdultSlope= 0.67115167430602
AIAdultLD50= 1.22341091441922
AIAdultSlopeContact= 3.25990301346174
AIAdultLD50Contact= 0.0497487229993567
AILarvaSlope= 3.14115787749179
AILarvaLD50= 0.712553306040354
AIKOW= 7.54644190054387
AIKOC= 17.4734742217697
AIHalfLife= 11.2662351601757
EAppRate= 0.0133791819680482
