ICQueenStrength= 1.94642361742444
RQWkrDrnRatio= 3.06182480789721
ICDroneMiteSurvivorship= 99.8743325471878
ICWorkerMiteSurvivorship= 27.9571184655651
ICForagerLifespan= 4.9996541114524
ImmType= Polynomial
AIAdultLD50= 0.154012839635834
AIAdultSlopeContact= 1.24552938961191
AIAdultLD50Contact= 0.0421030352008529
AILarvaSlope= 0.224449761072174
AILarvaLD50= 0.578241614601575
AIKOW= 2.05963737657294
AIKOC= 29.9345272837672
AIHalfLife= 7.88928536651656
EAppRate= 0.986526110209525
