ICQueenStrength= 1.8901311957743
RQWkrDrnRatio= 2.99874834809452
ICDroneMiteSurvivorship= 44.2263277014717
ICWorkerMiteSurvivorship= 28.4101999830455
ICForagerLifespan= 14.692504554987
ImmType= Cosine
AIAdultSlope= 3.55358365442371
AIAdultLD50= 0.402892057434656
AIAdultSlopeContact= 0.775715020915959
AIAdultLD50Contact= 0.0274911027750932
AILarvaSlope= 2.47088375501335
AILarvaLD50= 0.625902335811406
AIKOW= 4.09758106432855
AIKOC= 16.4370842115022
AIHalfLife= 0.053199379472062
EAppRate= 0.694043277180754
