ICQueenStrength= 5.01991954771802
RQWkrDrnRatio= 2.77479395736009
ICDroneMiteSurvivorship= 35.4162485338748
ICWorkerMiteSurvivorship= 53.7772136973217
ICForagerLifespan= 14.9015470379964
ImmType= Tangent
AIAdultSlope= 3.13945349319838
AIAdultLD50= 1.5794886527583
AIAdultSlopeContact= 1.6284965478885
AIAdultLD50Contact= 0.0378219291567802
AILarvaSlope= 2.96424262365326
AILarvaLD50= 0.747477049380541
AIKOW= 5.86635880637914
AIKOC= 15.9779286663979
AIHalfLife= 5.37551876250654
EAppRate= 0.181094227125868
