ICQueenStrength= 1.28613777179271
RQWkrDrnRatio= 3.09037068299949
