ICQueenStrength= 1.02645685570315
RQWkrDrnRatio= 2.41980454325676
ICDroneMiteSurvivorship= 58.9058663928881
ICWorkerMiteSurvivorship= 1.46961030550301
ICForagerLifespan= 10.8403331479058
ImmType= Logarithmic
AIAdultSlope= 3.39013288263232
