ICQueenStrength= 1.24940399918705
RQWkrDrnRatio= 4.46668852306902
ICDroneMiteSurvivorship= 70.4205452697352
ICWorkerMiteSurvivorship= 13.8397292699665
ICForagerLifespan= 5.82041297852993
ImmType= Sine
AIAdultSlopeContact= 2.95480964977993
AIAdultLD50Contact= 0.0238323992234655
AILarvaSlope= 0.868289107363671
AILarvaLD50= 0.575452003441751
AIKOW= 3.44812814379111
AIKOC= 10.3717778646387
AIHalfLife= 9.35851439880207
