ICQueenStrength= 5.78403870947659
RQWkrDrnRatio= 4.3603285914287
ICDroneMiteSurvivorship= 35.801373468712
ICWorkerMiteSurvivorship= 72.046164306812
ICForagerLifespan= 5.80940198805183
ImmType= Exponential
AIAdultSlope= 1.13740417457186
AIAdultLD50= 0.251925708027557
AIAdultSlopeContact= 3.64919723717496
AIAdultLD50Contact= 0.0121684983954765
AILarvaSlope= 0.95782913826406
AILarvaLD50= 0.299885624251328
AIKOW= 4.65871639689431
AIKOC= 14.0496477263514
AIHalfLife= 0.531941162189469
EAppRate= 0
