ICQueenStrength= 5.94327746797353
RQWkrDrnRatio= 3.8971752282232
ICDroneMiteSurvivorship= 38.0356565583497
ICWorkerMiteSurvivorship= 51.2929305434227
ICForagerLifespan= 9.30881761107594
ImmType= Cosine
AIAdultSlope= 3.05726995225996
AIAdultLD50= 0.222837739158422
AIAdultSlopeContact= 1.8941341222194
AIAdultLD50Contact= 0.0370868823491037
AILarvaSlope= 1.99813793557696
AILarvaLD50= 0.214107321202755
AIKOW= 4.81330723175779
AIKOC= 16.8236359150615
AIHalfLife= 9.64578808192164
EAppRate= 0.677203562809154
