ICQueenStrength= 3.59216355276294
RQWkrDrnRatio= 4.42043558880687
ICDroneMiteSurvivorship= 25.7644820492715
ICWorkerMiteSurvivorship= 58.455029502511
ICForagerLifespan= 4.70622650533915
ImmType= Cosine
AIAdultSlopeContact= 2.68133332194295
AIAdultLD50Contact= 0.00543701495043933
AILarvaSlope= 1.74283018629067
AILarvaLD50= 0.774418070772663
AIKOW= 5.81371002318338
AIKOC= 9.55967002199031
AIHalfLife= 2.73458168981597
