ICQueenStrength= 1.83282831241377
RQWkrDrnRatio= 4.96241898275912
ICDroneMiteSurvivorship= 7.73295878898352
ICWorkerMiteSurvivorship= 16.9198109768331
ICForagerLifespan= 5.16723546013236
ImmType= Exponential
AIAdultSlope= 3.36984097516397
AIAdultLD50= 0.25847992580384
AIAdultSlopeContact= 2.78148367176298
AIAdultLD50Contact= 0.0110858384054154
AILarvaSlope= 1.44832363193855
AILarvaLD50= 0.424579754658043
AIKOW= 5.51550892461091
AIKOC= 23.0136383394711
AIHalfLife= 0.450284735998139
EAppRate= 0
