ICQueenStrength= 1.94394736574031
RQWkrDrnRatio= 3.54706928133965
ICDroneMiteSurvivorship= 86.6480014054105
ICWorkerMiteSurvivorship= 59.7647995455191
ICForagerLifespan= 12.0429509570822
ImmType= Polynomial
AIAdultSlope= 9.23949173418805
