ICQueenStrength= 3.655191894155
RQWkrDrnRatio= 2.00247919838876
ICDroneMiteSurvivorship= 15.6167533248663
ICWorkerMiteSurvivorship= 88.1600002525374
ICForagerLifespan= 8.20626190584153
ImmType= Sine
AIAdultSlopeContact= 1.29393021438969
AIAdultLD50Contact= 0.0429852321511135
AILarvaSlope= 0.0884376760106534
AILarvaLD50= 0.794809944718145
AIKOW= 6.62054748367518
AIKOC= 14.6370585320983
AIHalfLife= 5.17528261430562
