ICQueenStrength= 3.7580742246937
RQWkrDrnRatio= 4.35441214405
ICDroneMiteSurvivorship= 62.6157340360805
ICWorkerMiteSurvivorship= 5.98852590192109
ICForagerLifespan= 14.6947704683989
ImmType= Polynomial
AIAdultLD50= 0.154012839635834
AIAdultSlopeContact= 2.7725353962346
AIAdultLD50Contact= 0.0423988939030096
AILarvaSlope= 1.84487934387289
AILarvaLD50= 0.589256764948368
AIKOW= 6.83742185635492
AIKOC= 5.77707452583127
AIHalfLife= 0.0899230693466961
EAppRate= 1.97425736999139
