ICQueenStrength= 3.66384788556024
RQWkrDrnRatio= 2.04616376850754
ICDroneMiteSurvivorship= 69.7559083346277
ICWorkerMiteSurvivorship= 83.8786270702258
ICForagerLifespan= 12.4285784726962
ImmType= Cosine
AIAdultSlope= 2.27385511565954
AIAdultLD50= 0.190902833361179
AIAdultSlopeContact= 3.74872408751864
AIAdultLD50Contact= 0.029284035472665
AILarvaSlope= 2.3252652938012
AILarvaLD50= 0.245611126092263
AIKOW= 4.19912544218823
AIKOC= 22.6588747883216
AIHalfLife= 13.9262504111975
EAppRate= 0.578724409919232
