ICQueenStrength= 4.79685206688009
RQWkrDrnRatio= 3.77554280962795
ICDroneMiteSurvivorship= 47.3217158811167
ICWorkerMiteSurvivorship= 95.3167903469875
ICForagerLifespan= 5.92639636900276
ImmType= Cosine
AIAdultSlope= 2.82971334762638
AIAdultLD50= 0.171483327983879
AIAdultSlopeContact= 2.91175038167741
AIAdultLD50Contact= 0.0352039380813949
AILarvaSlope= 2.49292014767416
AILarvaLD50= 0.119538037874736
AIKOW= 4.00325048202649
AIKOC= 7.21301094279625
AIHalfLife= 1.22863221797161
EAppRate= 0.409526130626909
