ICQueenStrength= 5.83423519297503
RQWkrDrnRatio= 3.52962602581829
ICDroneMiteSurvivorship= 41.345744417049
ICWorkerMiteSurvivorship= 63.3737362222746
ICForagerLifespan= 5.40940074622631
ImmType= Cosine
AIAdultSlope= 1.34655008779373
AIAdultLD50= 0.258433029754087
AIAdultSlopeContact= 1.87306071706116
AIAdultLD50Contact= 0.0362148506566882
AILarvaSlope= 1.24772548866458
AILarvaLD50= 0.53184212569613
AIKOW= 5.97734786104411
AIKOC= 11.8113361485302
AIHalfLife= 0.640344163402915
EAppRate= 0.0720659863436595
