ICQueenStrength= 5.33031691121869
RQWkrDrnRatio= 4.15840108785778
ICDroneMiteSurvivorship= 94.5471216225997
ICWorkerMiteSurvivorship= 98.2080664485693
ICForagerLifespan= 12.5556901572272
ImmType= Exponential
AIAdultSlope= 0.544678582060151
AIAdultLD50= 0.372088239178993
AIAdultSlopeContact= 3.82615188731113
AIAdultLD50Contact= 0.0176778037915938
AILarvaSlope= 3.07644694452174
AILarvaLD50= 0.701014354848303
AIKOW= 6.22813920117915
AIKOC= 19.8865348892286
AIHalfLife= 2.16934142517857
EAppRate= 0.0476382039720193
