ICQueenStrength= 1.43963292613626
RQWkrDrnRatio= 3.28539916407317
ICDroneMiteSurvivorship= 88.8971111504361
ICWorkerMiteSurvivorship= 81.1845271615312
ICForagerLifespan= 13.7760775368661
ImmType= Polynomial
AIAdultSlopeContact= 1.46151139361551
AIAdultLD50Contact= 0.0363580728298984
AILarvaSlope= 1.61460297387093
AILarvaLD50= 0.82321543043945
AIKOW= 5.22891451837495
AIKOC= 13.2447023189161
AIHalfLife= 3.3814692562446
