ICQueenStrength= 4.24148319428787
RQWkrDrnRatio= 2.48773243743926
ICDroneMiteSurvivorship= 73.5032645985484
ICWorkerMiteSurvivorship= 73.6911732936278
ICForagerLifespan= 10.4675042675808
ImmType= Polynomial
AIAdultSlope= 0.816496887430549
AIAdultLD50= 0.873338126577437
AIAdultSlopeContact= 1.88118026777403
AIAdultLD50Contact= 0.039466343424283
AILarvaSlope= 0.296500194165856
AILarvaLD50= 0.392649057554081
AIKOW= 2.79576087882742
AIKOC= 28.2944791321643
AIHalfLife= 12.1507266522385
EAppRate= 0.258020903216675
