ICQueenStrength= 1.04892213502899
RQWkrDrnRatio= 2.08001195453107
ICDroneMiteSurvivorship= 39.1324195079505
ICWorkerMiteSurvivorship= 96.530572604388
ICForagerLifespan= 6.84721996635199
ImmType= Tangent
AIAdultSlopeContact= 3.54152018737514
AIAdultLD50Contact= 0.020836216583848
AILarvaSlope= 3.10584313138388
AILarvaLD50= 0.744506550673395
AIKOW= 2.29838943434879
AIKOC= 26.0727915167809
AIHalfLife= 1.33157972991467
