ICQueenStrength= 4.58452183776535
RQWkrDrnRatio= 4.36396163608879
ICDroneMiteSurvivorship= 8.05683606304228
ICWorkerMiteSurvivorship= 64.9659727467224
ICForagerLifespan= 14.3171681808308
ImmType= Logarithmic
AIAdultSlopeContact= 4.09478780347854
AIAdultLD50Contact= 0.00692634768784046
AILarvaSlope= 2.78624411439523
AILarvaLD50= 1.70811980916187
AIKOW= 35.9782259911299
AIKOC= 46.9608122250065
AIHalfLife= 9.25859616929665
