ICQueenStrength= 2.07735692756251
RQWkrDrnRatio= 3.06974837370217
ICDroneMiteSurvivorship= 4.007647652179
ICWorkerMiteSurvivorship= 59.1099670622498
ICForagerLifespan= 4.98370845150203
ImmType= Cosine
AIAdultSlope= 1.34012567517348
AIAdultLD50= 0.100239543942735
AIAdultSlopeContact= 2.45779381000204
AIAdultLD50Contact= 0.0458976070047356
AILarvaSlope= 0.16607418381609
AILarvaLD50= 0.205540580302477
AIKOW= 3.1843296601437
AIKOC= 13.0866941250861
AIHalfLife= 4.66752517689019
EAppRate= 0.915725423023105
