ICQueenStrength= 2.59164937329479
RQWkrDrnRatio= 3.58123973291367
ICDroneMiteSurvivorship= 20.051534823142
ICWorkerMiteSurvivorship= 35.6713756686077
ICForagerLifespan= 14.637542700395
ImmType= Logarithmic
AIAdultSlopeContact= 1.06095105148153
AIAdultLD50Contact= 0.00472650304436684
AILarvaSlope= 1.62373554632068
AILarvaLD50= 0.798523299233057
AIKOW= 6.76341493753716
AIKOC= 16.6225288715214
AIHalfLife= 0.282506756018847
