ICQueenStrength= 3.91807833593339
RQWkrDrnRatio= 4.03223514836282
ICDroneMiteSurvivorship= 32.6031884178519
ICWorkerMiteSurvivorship= 10.9517001314089
ICForagerLifespan= 11.6547566009685
ImmType= Logarithmic
AIAdultSlope= 3.7578253834974
AIAdultLD50= 0.497708943439648
AIAdultSlopeContact= 3.66074051375035
AIAdultLD50Contact= 0.0148337149759755
AILarvaSlope= 0.650085981516167
AILarvaLD50= 0.867351506254636
AIKOW= 4.10995522746816
AIKOC= 22.5637096515857
AIHalfLife= 0.943110540974885
EAppRate= 0
