ICQueenStrength= 4.92343366635032
RQWkrDrnRatio= 1.22013066709042
ICDroneMiteSurvivorship= 12.2800909681246
ICWorkerMiteSurvivorship= 19.6493215160444
ICForagerLifespan= 5.51010313536972
ImmType= Polynomial
AIAdultSlopeContact= 2.89533527621767
AIAdultLD50Contact= 0.0198524309089407
AILarvaSlope= 2.1253571934998
AILarvaLD50= 0.822362649743445
AIKOW= 3.05687846522778
AIKOC= 13.618963137269
AIHalfLife= 8.90557409683242
