ICQueenStrength= 2.33917767205276
RQWkrDrnRatio= 4.9315675906837
ICDroneMiteSurvivorship= 11.7864881409332
ICWorkerMiteSurvivorship= 43.8361975364387
ICForagerLifespan= 8.10451758746058
ImmType= Logarithmic
AIAdultSlope= 3.91410866286606
