ICQueenStrength= 2.0726628464181
RQWkrDrnRatio= 3.92359734047204
ICDroneMiteSurvivorship= 91.0492065362632
ICWorkerMiteSurvivorship= 48.4123603906482
ICForagerLifespan= 8.36290453001857
ImmType= Exponential
AIAdultSlope= 0.361079658940434
AIAdultLD50= 0.267746809171513
AIAdultSlopeContact= 3.31518977955217
AIAdultLD50Contact= 0.0320758528425358
AILarvaSlope= 1.67218917831779
AILarvaLD50= 0.572310514329001
AIKOW= 2.77032187674195
AIKOC= 9.42116376943886
AIHalfLife= 10.015788665507
EAppRate= 0.171735877403989
