ICQueenStrength= 4.16691215150058
RQWkrDrnRatio= 2.84031237661839
ICDroneMiteSurvivorship= 87.0568092912436
ICWorkerMiteSurvivorship= 91.1894948687404
ICForagerLifespan= 5.88657769933343
ImmType= Exponential
AIAdultSlope= 1.29855323247612
AIAdultLD50= 2.88588955951855
AIAdultSlopeContact= 1.4462161975354
AIAdultLD50Contact= 0.013635470776353
AILarvaSlope= 2.38336994955316
AILarvaLD50= 0.146963717462495
AIKOW= 4.05846752505749
AIKOC= 6.39516328345053
AIHalfLife= 12.1325807897374
EAppRate= 0.785304837394506
