ICQueenStrength= 2.12662664963864
RQWkrDrnRatio= 3.52135244384408
ICDroneMiteSurvivorship= 39.5023111719638
ICWorkerMiteSurvivorship= 55.1057943142951
ICForagerLifespan= 9.31391012296081
ImmType= Cosine
AIAdultSlope= 1.56608276944607
AIAdultLD50= 0.927869511768222
AIAdultSlopeContact= 1.15595306575997
AIAdultLD50Contact= 0.0041777043719776
AILarvaSlope= 2.90405236273073
AILarvaLD50= 0.54061805899255
AIKOW= 7.38630808517337
AIKOC= 10.1842594053596
AIHalfLife= 11.8496874026023
EAppRate= 0.9395881886594
