ICQueenStrength= 5.53943245811388
RQWkrDrnRatio= 2.36434744577855
ICDroneMiteSurvivorship= 71.7740287538618
ICWorkerMiteSurvivorship= 21.0307811852545
ICForagerLifespan= 7.11046338640153
ImmType= Sine
AIAdultSlopeContact= 5.627512994688
AIAdultLD50Contact= 0.138398658949882
AILarvaSlope= 4.78691809345037
AILarvaLD50= 0.383660980500281
AIKOW= 59.1788471676409
AIKOC= 40.6215450260788
AIHalfLife= 4.92112538637593
