ICQueenStrength= 2.92418783786707
RQWkrDrnRatio= 4.40935432352126
ICDroneMiteSurvivorship= 26.0302727343515
ICWorkerMiteSurvivorship= 8.47066433634609
ICForagerLifespan= 12.4745290325955
ImmType= Exponential
AIAdultSlope= 1.04052218911238
AIAdultLD50= 0.325718910433352
AIAdultSlopeContact= 2.72370065406198
AIAdultLD50Contact= 0.0201058140140958
AILarvaSlope= 2.02574419761077
AILarvaLD50= 0.238633029302582
AIKOW= 3.93452790891752
AIKOC= 5.00514059793204
AIHalfLife= 2.08237573225051
EAppRate= 0.0885762008838356
