ICQueenStrength= 5.79936138726771
RQWkrDrnRatio= 1.937365392223
ICDroneMiteSurvivorship= 97.85544751212
ICWorkerMiteSurvivorship= 70.2493625693023
ICForagerLifespan= 9.64828623179346
ImmType= Logarithmic
AIAdultSlope= 2.19139995025471
AIAdultLD50= 1.0184476186987
AIAdultSlopeContact= 1.16093143093865
AIAdultLD50Contact= 0.0463978288229555
AILarvaSlope= 2.80724375569262
AILarvaLD50= 0.799583371728659
AIKOW= 7.54128407267854
AIKOC= 27.3069468629546
AIHalfLife= 0.44693059893325
EAppRate= 0.528304376639426
