ICQueenStrength= 1.70582326501608
RQWkrDrnRatio= 4.17431582231075
ICDroneMiteSurvivorship= 29.0165527025238
ICWorkerMiteSurvivorship= 39.1617245040834
ICForagerLifespan= 13.2345034191385
ImmType= Sine
AIAdultSlope= 0.470684722547885
AIAdultLD50= 0.0656144777312875
AIAdultSlopeContact= 3.37534180373652
AIAdultLD50Contact= 0.0436422315076925
AILarvaSlope= 1.96159649812616
AILarvaLD50= 0.898514352925122
AIKOW= 5.24180246843025
AIKOC= 12.2295666032005
AIHalfLife= 1.03970594936982
EAppRate= 0
