ICQueenStrength= 1.25212880922481
RQWkrDrnRatio= 3.65211781300604
ICDroneMiteSurvivorship= 26.974840532057
ICWorkerMiteSurvivorship= 87.4793863389641
ICForagerLifespan= 4.96890612784773
ImmType= Exponential
AIAdultSlope= 3.7301996559836
AIAdultLD50= 0.683610265841708
AIAdultSlopeContact= 1.09063650481403
AIAdultLD50Contact= 0.0220764176454395
AILarvaSlope= 4.57133450545371
AILarvaLD50= 0.999954990576953
AIKOW= 73.6334839835763
AIKOC= 3.51554579101503
AIHalfLife= 8.85964149096981
EAppRate= 1.71196785988286
