ICQueenStrength= 1.44311339152046
RQWkrDrnRatio= 2.74862933997065
ICDroneMiteSurvivorship= 5.71761336177588
ICWorkerMiteSurvivorship= 51.4935521641746
ICForagerLifespan= 11.4673149809241
ImmType= Logarithmic
AIAdultSlope= 2.88505949422717
AIAdultLD50= 0.218022214714438
AIAdultSlopeContact= 3.69520635645837
AIAdultLD50Contact= 0.00813849575351924
AILarvaSlope= 1.57538051903248
AILarvaLD50= 0.7821653743973
AIKOW= 7.01683139055967
AIKOC= 17.7976367541123
AIHalfLife= 0.525751326931641
EAppRate= 0
