ICQueenStrength= 3.18269984005019
RQWkrDrnRatio= 1.74355739913881
ICDroneMiteSurvivorship= 85.6894065625966
ICWorkerMiteSurvivorship= 13.4830745402724
ICForagerLifespan= 7.61573952715844
ImmType= Cosine
AIAdultSlope= 1.45558421267197
