ICQueenStrength= 4.60443019890226
RQWkrDrnRatio= 2.00571222696453
ICDroneMiteSurvivorship= 74.7470389585942
ICWorkerMiteSurvivorship= 1.21297144796699
ICForagerLifespan= 13.4401370212436
ImmType= Tangent
AIAdultSlope= 0.978777145035565
AIAdultLD50= 0.620757389813662
AIAdultSlopeContact= 0.990271633719094
AIAdultLD50Contact= 0.0336481718579307
AILarvaSlope= 1.0649128634017
AILarvaLD50= 0.5719762760913
AIKOW= 5.88161730533466
AIKOC= 21.8523410335183
AIHalfLife= 12.9355697175488
EAppRate= 0.370840741554275
