ICQueenStrength= 2.49676296277903
RQWkrDrnRatio= 2.90552342124283
ICDroneMiteSurvivorship= 0.613220478408039
ICWorkerMiteSurvivorship= 73.3782501891255
ICForagerLifespan= 14.0677943574265
ImmType= Cosine
AIAdultSlope= 0.150558657664806
AIAdultLD50= 1.3989955263678
AIAdultSlopeContact= 1.54248764625052
AIAdultLD50Contact= 0.0259578465367667
AILarvaSlope= 2.3426676957868
AILarvaLD50= 0.0915917381644249
AIKOW= 7.00661263102666
AIKOC= 23.93901572912
AIHalfLife= 7.17869815276936
EAppRate= 0.964219937333837
