ICQueenStrength= 1.10350312688388
RQWkrDrnRatio= 3.36526028718799
ICDroneMiteSurvivorship= 49.7350633842871
ICWorkerMiteSurvivorship= 67.691505048424
ICForagerLifespan= 14.0206934148446
ImmType= Exponential
AIAdultSlope= 1.04273994339164
AIAdultLD50= 0.0639155739918351
AIAdultSlopeContact= 0.119675555604044
AIAdultLD50Contact= 0.0375742893083952
AILarvaSlope= 0.59952145749703
AILarvaLD50= 0.48207638359163
AIKOW= 5.02335246559232
AIKOC= 12.5062374875415
AIHalfLife= 3.08039855328389
EAppRate= 0
