ICQueenStrength= 3.41200508736074
RQWkrDrnRatio= 3.95556685328484
