ICQueenStrength= 5.3530413415283
RQWkrDrnRatio= 4.75349250808358
ICDroneMiteSurvivorship= 59.5032267970964
ICWorkerMiteSurvivorship= 92.8661923389882
ICForagerLifespan= 8.69924363587052
ImmType= Polynomial
AIAdultSlope= 3.3600143393199
AIAdultLD50= 0.16248739277944
AIAdultSlopeContact= 3.12092582731275
AIAdultLD50Contact= 0.0372955997241661
AILarvaSlope= 2.73232629965059
AILarvaLD50= 0.429341698042117
AIKOW= 5.76851626392454
AIKOC= 29.2594494658988
AIHalfLife= 4.28812349331565
EAppRate= 0
