ICQueenStrength= 4.34786511608399
RQWkrDrnRatio= 3.32637964189053
ICDroneMiteSurvivorship= 74.9030777253211
ICWorkerMiteSurvivorship= 91.6271917754784
ICForagerLifespan= 14.0645447578281
ImmType= Exponential
AIAdultSlopeContact= 6.29383509512991
AIAdultLD50Contact= 0.112892002286389
AILarvaSlope= 5.33071960322559
AILarvaLD50= 0.782134784385562
AIKOW= 5.99667055066675
AIKOC= 88.1912088021636
AIHalfLife= 1.52178801735863
