ICQueenStrength= 5.56299046520144
RQWkrDrnRatio= 1.37084527034312
ICDroneMiteSurvivorship= 72.6724423468113
ICWorkerMiteSurvivorship= 62.7420926932245
ICForagerLifespan= 15.7836055848747
ImmType= Cosine
AIAdultSlope= 4.96174212545156
