ICQueenStrength= 3.32196083525196
RQWkrDrnRatio= 2.31663525570184
ICDroneMiteSurvivorship= 70.0129781849682
ICWorkerMiteSurvivorship= 62.1250539086759
ICForagerLifespan= 14.0761941503733
ImmType= Polynomial
AIAdultSlope= 0.0120567348320037
AIAdultLD50= 2.31158601120114
AIAdultSlopeContact= 3.84319882445969
AIAdultLD50Contact= 0.0337148084770888
AILarvaSlope= 2.90625135540031
AILarvaLD50= 0.049154380755499
AIKOW= 7.20093659544364
AIKOC= 13.8378148095217
AIHalfLife= 3.19066732516512
EAppRate= 0.352889713365585
