ICQueenStrength= 1.72527311975136
RQWkrDrnRatio= 1.26148810889572
ICDroneMiteSurvivorship= 81.0241020517424
ICWorkerMiteSurvivorship= 71.7885044869035
ICForagerLifespan= 9.57874811906368
ImmType= Polynomial
AIAdultSlopeContact= 1.79580579511821
AIAdultLD50Contact= 0.0337224732153118
AILarvaSlope= 3.50709957303479
AILarvaLD50= 0.224420139100403
AIKOW= 48.4281440265477
AIKOC= 65.4049466829747
AIHalfLife= 9.33764604851604
