ICQueenStrength= 5.56244694534689
RQWkrDrnRatio= 4.0486924117431
ICDroneMiteSurvivorship= 8.51252279244363
ICWorkerMiteSurvivorship= 16.6512337280437
ICForagerLifespan= 8.76330727059394
ImmType= Polynomial
AIAdultSlope= 0.0838211960624903
AIAdultLD50= 2.23688401118852
AIAdultSlopeContact= 2.51943447187543
AIAdultLD50Contact= 0.00775211357977241
AILarvaSlope= 1.70395227717236
AILarvaLD50= 0.496700176899321
AIKOW= 4.88419288769364
AIKOC= 21.6514894983266
AIHalfLife= 3.91493571037427
EAppRate= 0.81738790939562
