ICQueenStrength= 3.97427462763153
RQWkrDrnRatio= 1.8639005292207
ICDroneMiteSurvivorship= 9.29093221202493
ICWorkerMiteSurvivorship= 52.9149705776945
ICForagerLifespan= 14.2716167531908
ImmType= Polynomial
AIAdultSlopeContact= 2.3615906047239
AIAdultLD50Contact= 0.0289637298206799
AILarvaSlope= 0.456437764270231
AILarvaLD50= 0.00493205913808197
AIKOW= 7.98981219204143
AIKOC= 28.9386203640606
AIHalfLife= 3.03517217002809
