ICQueenStrength= 3.14653284405358
RQWkrDrnRatio= 2.77048320230097
ICDroneMiteSurvivorship= 19.0508090890944
ICWorkerMiteSurvivorship= 75.8128172485158
ICForagerLifespan= 14.9258418334648
ImmType= Polynomial
AIAdultSlopeContact= 3.56887374100741
AIAdultLD50Contact= 0.0476689223549329
AILarvaSlope= 1.95048892702907
AILarvaLD50= 0.264285202114843
AIKOW= 2.2519315094687
AIKOC= 20.014034206979
AIHalfLife= 1.72482805931941
