ICQueenStrength= 2.12648982321844
RQWkrDrnRatio= 4.7420608131215
ICDroneMiteSurvivorship= 92.6908221794292
ICWorkerMiteSurvivorship= 19.9998918687925
ICForagerLifespan= 11.1136125922203
ImmType= Sine
AIAdultSlope= 0.562186376191676
