ICQueenStrength= 5.08939313143492
RQWkrDrnRatio= 4.93829159531742
ICDroneMiteSurvivorship= 83.2731977570802
ICWorkerMiteSurvivorship= 31.6195194609463
ICForagerLifespan= 15.0304801380262
ImmType= Logarithmic
AIAdultSlopeContact= 2.92719541117782
AIAdultLD50Contact= 0.00879496885463595
AILarvaSlope= 0.945139660593122
AILarvaLD50= 0.140559375146404
AIKOW= 4.39295387268066
AIKOC= 23.6699597397819
AIHalfLife= 5.30340148834512
