ICQueenStrength= 3.92767168488353
RQWkrDrnRatio= 3.64529563765973
ICDroneMiteSurvivorship= 48.2469263253734
ICWorkerMiteSurvivorship= 24.0943779470399
ICForagerLifespan= 7.28246708866209
ImmType= Sine
AIAdultSlope= 1.35764650212368
AIAdultLD50= 0.356274834717624
AIAdultSlopeContact= 2.58484690928366
AIAdultLD50Contact= 0.0390995779074729
AILarvaSlope= 2.03970036501996
AILarvaLD50= 0.822977105691098
AIKOW= 7.84875855688006
AIKOC= 19.912940521026
AIHalfLife= 1.70523826382123
EAppRate= 0.0669043843401596
