ICQueenStrength= 4.44261771184392
RQWkrDrnRatio= 1.47046192921698
ICDroneMiteSurvivorship= 57.6880232896656
ICWorkerMiteSurvivorship= 17.7864782046527
ICForagerLifespan= 9.18516155332327
ImmType= Logarithmic
AIAdultSlope= 0.989654601272196
AIAdultLD50= 2.61174312676303
AIAdultSlopeContact= 3.68004876083694
AIAdultLD50Contact= 0.015677560470067
AILarvaSlope= 2.71407732130028
AILarvaLD50= 0.136941514606588
AIKOW= 2.32624781411141
AIKOC= 11.7938815103844
AIHalfLife= 2.5558553673327
EAppRate= 0.356186334742233
