ICQueenStrength= 1.59630775707774
RQWkrDrnRatio= 4.73223107866943
ICDroneMiteSurvivorship= 42.9841601522639
ICWorkerMiteSurvivorship= 58.9942956110463
ICForagerLifespan= 12.7642409130931
ImmType= Logarithmic
AIAdultSlope= 1.31914737531915
AIAdultLD50= 2.19683029130101
AIAdultSlopeContact= 0.0148214330314659
AIAdultLD50Contact= 0.0490045635728166
AILarvaSlope= 1.6506005267147
AILarvaLD50= 0.30583025815431
AIKOW= 2.07537015154958
AIKOC= 25.8574033342302
AIHalfLife= 3.94989443616942
EAppRate= 0.183378073154017
