ICQueenStrength= 1.43723646458238
RQWkrDrnRatio= 1.85343530867249
