ICQueenStrength= 1.65542916883714
RQWkrDrnRatio= 2.7157272035256
ICDroneMiteSurvivorship= 4.47267547715455
ICWorkerMiteSurvivorship= 48.9002748392522
ICForagerLifespan= 5.17046858370304
ImmType= Cosine
AIAdultSlopeContact= 3.34875623193802
AIAdultLD50Contact= 0.033030209376011
AILarvaSlope= 1.51005298919044
AILarvaLD50= 0.619590157549828
AIKOW= 3.1890438045375
AIKOC= 26.8574528058525
AIHalfLife= 4.85830852808431
