ICQueenStrength= 1.20948315155692
RQWkrDrnRatio= 4.9836914781481
ICDroneMiteSurvivorship= 54.9708556849509
ICWorkerMiteSurvivorship= 77.8619717108086
ICForagerLifespan= 8.96576153021306
ImmType= Sine
AIAdultSlope= 1.27117191161262
AIAdultLD50= 0.0975150980520993
AIAdultSlopeContact= 2.6620643376396
AIAdultLD50Contact= 0.0301011960487813
AILarvaSlope= 0.107819853303954
AILarvaLD50= 0.0455999919679016
AIKOW= 2.63945792289451
AIKOC= 16.5393203974236
AIHalfLife= 0.499853434739634
EAppRate= 0.481626125494949
