ICQueenStrength= 3.05989584326744
RQWkrDrnRatio= 1.01268649473786
ICDroneMiteSurvivorship= 96.4270492782816
ICWorkerMiteSurvivorship= 36.2808085279539
ICForagerLifespan= 4.79645465873182
ImmType= Sine
AIAdultSlope= 0.759655439963099
AIAdultLD50= 0.335878062644042
AIAdultSlopeContact= 1.95147645500489
AIAdultLD50Contact= 0.0377563436166383
AILarvaSlope= 0.770355849340558
AILarvaLD50= 0.648401088500395
AIKOW= 4.04857959225774
AIKOC= 10.6404411210679
AIHalfLife= 2.82405123463832
EAppRate= 0.434282913873903
