ICQueenStrength= 2.75754175405018
RQWkrDrnRatio= 3.40984140057117
ICDroneMiteSurvivorship= 73.0862749740481
ICWorkerMiteSurvivorship= 65.5223585199565
ICForagerLifespan= 6.21967075951397
ImmType= Sine
AIAdultSlope= 1.61468828663696
AIAdultLD50= 0.0324971735244617
AIAdultSlopeContact= 3.79681421209127
AIAdultLD50Contact= 0.0145615112502128
AILarvaSlope= 1.89965927382
AILarvaLD50= 0.136313569452614
AIKOW= 3.21685870736837
AIKOC= 19.9460863030981
AIHalfLife= 2.0961478841491
EAppRate= 0.498021317040548
