ICQueenStrength= 4.99997814325616
RQWkrDrnRatio= 3.9296843316406
ICDroneMiteSurvivorship= 63.5775191709399
ICWorkerMiteSurvivorship= 16.5560640394688
ICForagerLifespan= 7.28593842871487
ImmType= Exponential
AIAdultSlope= 3.82979100443423
AIAdultLD50= 0.413219247828238
AIAdultSlopeContact= 2.61243522341363
AIAdultLD50Contact= 0.00218008065130562
AILarvaSlope= 2.40335542601533
AILarvaLD50= 0.463098509050906
AIKOW= 7.46594846853986
AIKOC= 22.5766855943948
AIHalfLife= 3.38396024540998
EAppRate= 0
