ICQueenStrength= 3.86923293722793
RQWkrDrnRatio= 4.73664796538651
ICDroneMiteSurvivorship= 74.7359215980396
ICWorkerMiteSurvivorship= 66.6920613730326
ICForagerLifespan= 10.7345413705334
ImmType= Sine
AIAdultSlope= 3.08656982537359
AIAdultSlopeContact= 3.02379074194003
AIAdultLD50Contact= 0.00376304922392592
AILarvaSlope= 3.03482773979194
AILarvaLD50= 0.863559643062763
AIKOW= 2.11572773987427
AIKOC= 6.28533789538778
AIHalfLife= 3.71782854525372
