ICQueenStrength= 4.80034792702645
RQWkrDrnRatio= 3.20235717575997
ICDroneMiteSurvivorship= 27.6871491922066
ICWorkerMiteSurvivorship= 18.9126695040613
ICForagerLifespan= 5.06278768181801
ImmType= Polynomial
AIAdultSlope= 2.85968563712435
AIAdultLD50= 0.209479087032378
AIAdultSlopeContact= 2.53872191405157
AIAdultLD50Contact= 0.041951181308832
AILarvaSlope= 0.416457159863785
AILarvaLD50= 0.365229011233896
AIKOW= 7.16322142444551
AIKOC= 9.71854193019681
AIHalfLife= 3.75076167634688
EAppRate= 0
