ICQueenStrength= 3.05713340314105
RQWkrDrnRatio= 3.56623151432723
ICDroneMiteSurvivorship= 92.5160312093794
ICWorkerMiteSurvivorship= 66.8336433824152
ICForagerLifespan= 14.9285114109516
ImmType= Sine
AIAdultSlope= 2.42778054545634
AIAdultLD50= 0.074712160974741
AIAdultSlopeContact= 0.62749854212394
AIAdultLD50Contact= 0.0186947371112183
AILarvaSlope= 1.01552549879998
AILarvaLD50= 0.407459346111864
AIKOW= 6.17048917803913
AIKOC= 13.4983226610348
AIHalfLife= 4.35703842062503
EAppRate= 0.92273381864652
