ICQueenStrength= 2.15540928323753
RQWkrDrnRatio= 3.59100522194058
ICDroneMiteSurvivorship= 30.4034957429394
ICWorkerMiteSurvivorship= 25.7275204639882
ICForagerLifespan= 7.14743676036596
ImmType= Polynomial
AIAdultSlope= 0.952293774206191
AIAdultLD50= 2.51577295549214
AIAdultSlopeContact= 2.65177146756789
AIAdultLD50Contact= 0.0273576162406243
AILarvaSlope= 3.02434842777438
AILarvaLD50= 0.899913229700178
AIKOW= 6.74136473890394
AIKOC= 15.6457292509731
AIHalfLife= 9.84093163674697
EAppRate= 0.980079680448398
