ICQueenStrength= 2.92332485690713
RQWkrDrnRatio= 2.78786814399064
ICDroneMiteSurvivorship= 85.6748213758692
ICWorkerMiteSurvivorship= 55.1888079382479
ICForagerLifespan= 10.5504187075421
ImmType= Cosine
AIAdultSlopeContact= 2.4434976293589
AIAdultLD50Contact= 0.0269352841074578
AILarvaSlope= 1.53920934954658
AILarvaLD50= 0.81682406666223
AIKOW= 7.11027835961431
AIKOC= 17.3824769165367
AIHalfLife= 2.67580210696906
