ICQueenStrength= 1.14427828486077
RQWkrDrnRatio= 2.77025226783007
ICDroneMiteSurvivorship= 10.647941683419
ICWorkerMiteSurvivorship= 50.2382703591138
ICForagerLifespan= 15.8531847549602
ImmType= Sine
AIAdultSlope= 0.41537674642168
AIAdultLD50= 1.1457382645458
AIAdultSlopeContact= 0.992691184321884
AIAdultLD50Contact= 0.0203495358931832
AILarvaSlope= 2.00058915792033
AILarvaLD50= 0.853429778851569
AIKOW= 4.11374642094597
AIKOC= 10.1966833358165
AIHalfLife= 0.898831796366721
EAppRate= 0.904734602663666
