ICQueenStrength= 2.20717160752974
RQWkrDrnRatio= 3.12303144019097
ICDroneMiteSurvivorship= 26.2621046975255
ICWorkerMiteSurvivorship= 21.2323979008943
ICForagerLifespan= 7.00921709276736
ImmType= Logarithmic
AIAdultSlope= 1.55510447928682
AIAdultLD50= 1.48752493131906
AIAdultSlopeContact= 0.554545032447204
AIAdultLD50Contact= 0.0307808528887108
AILarvaSlope= 0.657543565845117
AILarvaLD50= 0.863793774764054
AIKOW= 6.47368238726631
AIKOC= 13.0337920284364
AIHalfLife= 4.28971415385604
EAppRate= 0.532917668577284
