ICQueenStrength= 4.60680658370256
RQWkrDrnRatio= 4.94284859206527
ICDroneMiteSurvivorship= 83.8400262175128
ICWorkerMiteSurvivorship= 31.3941780710593
ICForagerLifespan= 7.03555151820183
ImmType= Sine
AIAdultSlope= 1.33688331814483
