ICQueenStrength= 3.65548235620372
RQWkrDrnRatio= 3.81252877786756
ICDroneMiteSurvivorship= 12.7751194406301
ICWorkerMiteSurvivorship= 57.7158419648185
ICForagerLifespan= 5.81538031622767
ImmType= Logarithmic
AIAdultSlope= 1.70806354177184
AIAdultLD50= 2.98828080436215
AIAdultSlopeContact= 1.5136696170643
AIAdultLD50Contact= 0.0209435970755294
AILarvaSlope= 3.1793564574793
AILarvaLD50= 0.518978088023141
AIKOW= 7.59284462500364
AIKOC= 15.9592532739043
AIHalfLife= 5.29623421607539
EAppRate= 0.379824820673093
