ICQueenStrength= 1.72541351197287
RQWkrDrnRatio= 3.10728645697236
ICDroneMiteSurvivorship= 20.114356582053
ICWorkerMiteSurvivorship= 69.6683158865198
ICForagerLifespan= 10.9332228824496
ImmType= Tangent
AIAdultSlope= 2.00175468521193
AIAdultLD50= 1.05620061932132
AIAdultSlopeContact= 0.524532663964201
AIAdultLD50Contact= 0.0476239935378544
AILarvaSlope= 1.80346210938878
AILarvaLD50= 0.819378153258003
AIKOW= 4.24030155828223
AIKOC= 10.4651378421113
AIHalfLife= 11.5200762432069
EAppRate= 0.029112922726199
