ICQueenStrength= 3.79539687442593
RQWkrDrnRatio= 1.98510395549238
ICDroneMiteSurvivorship= 90.2544841868803
ICWorkerMiteSurvivorship= 57.3780960403383
ICForagerLifespan= 15.8091675536707
ImmType= Cosine
AIAdultSlope= 1.79651394122047
AIAdultLD50= 0.131681110011414
AIAdultSlopeContact= 2.50109469305025
AIAdultLD50Contact= 0.0339387493790127
AILarvaSlope= 1.86940983957611
AILarvaLD50= 0.270803172863089
AIKOW= 6.01346562290564
AIKOC= 8.04084202507511
AIHalfLife= 0.61652731965296
EAppRate= 0.275245999218896
