ICQueenStrength= 4.73297133599408
RQWkrDrnRatio= 4.95697432756424
ICDroneMiteSurvivorship= 22.6244096877053
ICWorkerMiteSurvivorship= 63.226264086552
ICForagerLifespan= 15.2837931625545
ImmType= Cosine
AIAdultSlope= 2.51783644221723
AIAdultLD50= 1.07699269847944
AIAdultSlopeContact= 1.23976128514856
AIAdultLD50Contact= 0.0208071247907355
AILarvaSlope= 2.31141646429896
AILarvaLD50= 0.104233616637066
AIKOW= 7.40599859924987
AIKOC= 13.0645834677853
AIHalfLife= 5.78390898136422
EAppRate= 0.998777862405404
