ICQueenStrength= 2.56175757176243
RQWkrDrnRatio= 4.99188031628728
ICDroneMiteSurvivorship= 34.9339390872046
ICWorkerMiteSurvivorship= 59.4111806713045
ICForagerLifespan= 5.53483773488551
ImmType= Cosine
AIAdultSlopeContact= 0.314760619655717
AIAdultLD50Contact= 0.0169365365291014
AILarvaSlope= 1.87552693500184
AILarvaLD50= 0.136222200631164
AIKOW= 5.29525086563081
AIKOC= 14.6666167955846
AIHalfLife= 1.70680895401165
