ICQueenStrength= 4.32378354622051
RQWkrDrnRatio= 3.39321415312588
ICDroneMiteSurvivorship= 46.004058746621
ICWorkerMiteSurvivorship= 92.1256394824013
ICForagerLifespan= 4.64353210758418
ImmType= Tangent
AIAdultSlopeContact= 3.33010019138921
AIAdultLD50Contact= 0.012476934294682
AILarvaSlope= 2.79908007662743
AILarvaLD50= 0.110734616755508
AIKOW= 5.20320253167301
AIKOC= 5.69303202908486
AIHalfLife= 8.8223636825569
