ICQueenStrength= 5.33571810484864
RQWkrDrnRatio= 3.45014410931617
ICDroneMiteSurvivorship= 66.0979296080768
ICWorkerMiteSurvivorship= 95.4825122142211
ICForagerLifespan= 13.4119396815076
ImmType= Logarithmic
AIAdultSlope= 1.58394367778674
AIAdultLD50= 1.41380796558224
AIAdultSlopeContact= 1.42875194794033
AIAdultLD50Contact= 0.0185954046319239
AILarvaSlope= 3.15204024338163
AILarvaLD50= 0.243733301083557
AIKOW= 4.82876180438325
AIKOC= 13.8540468015708
AIHalfLife= 8.0169907012023
EAppRate= 0.278468094067648
