ICQueenStrength= 5.53478211187758
RQWkrDrnRatio= 1.17264930903912
ICDroneMiteSurvivorship= 91.9054557336494
ICWorkerMiteSurvivorship= 37.0957371778786
ICForagerLifespan= 10.4502132479101
ImmType= Exponential
AIAdultSlope= 1.20471405051649
AIAdultLD50= 0.701430990826339
AIAdultSlopeContact= 0.0748846202390269
AIAdultLD50Contact= 0.0439416064298712
AILarvaSlope= 0.561020082049072
AILarvaLD50= 0.287332887528464
AIKOW= 6.41706535406411
AIKOC= 5.377984251827
AIHalfLife= 6.987575633917
EAppRate= 0.185879579512402
