ICQueenStrength= 1.74508586898446
RQWkrDrnRatio= 3.37157408334315
ICDroneMiteSurvivorship= 11.1700645415112
ICWorkerMiteSurvivorship= 95.1392809860408
ICForagerLifespan= 5.44745925813913
ImmType= Cosine
AIAdultSlopeContact= 2.09161593812518
AIAdultLD50Contact= 0.0479900981415994
AILarvaSlope= 0.786228480329737
AILarvaLD50= 0.0912224960513413
AIKOW= 4.20493849879131
AIKOC= 7.90026811999269
AIHalfLife= 5.41752700321376
