ICQueenStrength= 3.58552790037356
RQWkrDrnRatio= 4.94770160410553
ICDroneMiteSurvivorship= 52.2303660167381
ICWorkerMiteSurvivorship= 54.7897312091663
ICForagerLifespan= 9.31075348705053
ImmType= Cosine
AIAdultSlope= 0.504827575357631
AIAdultLD50= 0.418796880869195
AIAdultSlopeContact= 3.02188829909312
AIAdultLD50Contact= 0.0362574149970897
AILarvaSlope= 1.99824525923468
AILarvaLD50= 0.0232759562786669
AIKOW= 5.37728944281116
AIKOC= 26.2565862224437
AIHalfLife= 3.03014590521343
EAppRate= 0.291888558957726
