ICQueenStrength= 1.01314911874942
RQWkrDrnRatio= 2.62399455625564
ICDroneMiteSurvivorship= 59.2862994642928
ICWorkerMiteSurvivorship= 80.4908979218453
ICForagerLifespan= 9.08967244811356
ImmType= Exponential
AIAdultSlope= 2.88671632814221
AIAdultLD50= 1.87065258342773
AIAdultSlopeContact= 0.201775955096819
AIAdultLD50Contact= 0.0325696742045693
AILarvaSlope= 1.97002080203965
AILarvaLD50= 0.246147665963508
AIKOW= 7.9926979248412
AIKOC= 29.1718584671617
AIHalfLife= 5.13205066975206
EAppRate= 0.537508597364649
