ICQueenStrength= 4.9991752919741
RQWkrDrnRatio= 4.72314597014338
ICDroneMiteSurvivorship= 67.4655422335491
ICWorkerMiteSurvivorship= 67.4230756470934
ICForagerLifespan= 13.8950071930885
ImmType= Tangent
AIAdultSlope= 1.43269799086265
AIAdultLD50= 0.024075151886791
AIAdultSlopeContact= 2.53382647204679
AIAdultLD50Contact= 0.00946918429108337
AILarvaSlope= 0.981785256788135
AILarvaLD50= 0.732591289537959
AIKOW= 5.37267934996635
AIKOC= 12.2325330576859
AIHalfLife= 1.71614975994453
EAppRate= 0.345518636051565
