ICQueenStrength= 5.54731652745977
RQWkrDrnRatio= 2.56564355175942
ICDroneMiteSurvivorship= 98.3595149591565
ICWorkerMiteSurvivorship= 1.9603751366958
ICForagerLifespan= 13.2683961475268
ImmType= Logarithmic
AIAdultSlopeContact= 1.93310668625403
AIAdultLD50Contact= 0.000134869234170765
AILarvaSlope= 3.06646495377645
AILarvaLD50= 0.604570338805206
AIKOW= 3.52688889950514
AIKOC= 24.3949448468629
AIHalfLife= 8.57379337074235
