ICQueenStrength= 3.20774382934906
RQWkrDrnRatio= 1.34478691872209
ICDroneMiteSurvivorship= 79.4649586779997
ICWorkerMiteSurvivorship= 79.9853740027174
ICForagerLifespan= 14.8292034352198
ImmType= Exponential
AIAdultSlope= 2.93791099417023
AIAdultLD50= 0.467131467885338
AIAdultSlopeContact= 3.37578717540717
AIAdultLD50Contact= 0.000273478997405618
AILarvaSlope= 2.55638244943693
AILarvaLD50= 0.884520034049638
AIKOW= 7.97984908754006
AIKOC= 6.67893638717942
AIHalfLife= 2.69799629342742
EAppRate= 0.367797883250751
