ICQueenStrength= 3.933969872538
RQWkrDrnRatio= 3.07309185247868
ICDroneMiteSurvivorship= 74.8524324502796
ICWorkerMiteSurvivorship= 2.58951298892498
ICForagerLifespan= 4.57010464370251
ImmType= Sine
AIAdultSlope= 0.264184490831103
AIAdultLD50= 0.304323686403222
AIAdultSlopeContact= 0.781493950118311
AIAdultLD50Contact= 0.00280694133834913
AILarvaSlope= 2.08342752167955
AILarvaLD50= 0.458766918350011
AIKOW= 5.18678728258237
AIKOC= 6.40830801101401
AIHalfLife= 2.09759236779064
EAppRate= 0.202896998682991
