ICQueenStrength= 1.38345673121512
RQWkrDrnRatio= 2.78009244892746
ICDroneMiteSurvivorship= 31.935392995365
ICWorkerMiteSurvivorship= 94.2551844520494
ICForagerLifespan= 10.2632481195033
ImmType= Exponential
AIAdultSlope= 0.769229472614825
AIAdultSlopeContact= 2.47292668074835
AIAdultLD50Contact= 0.0278307751286775
AILarvaSlope= 3.12974983276799
AILarvaLD50= 0.510801629489288
AIKOW= 2.77339686313644
AIKOC= 11.8958176358137
AIHalfLife= 5.94418584275991
