ICQueenStrength= 3.38801301829517
RQWkrDrnRatio= 3.48356923274696
