ICQueenStrength= 5.47547371382825
RQWkrDrnRatio= 1.57982790004462
ICDroneMiteSurvivorship= 25.9419510141015
ICWorkerMiteSurvivorship= 81.1384078580886
ICForagerLifespan= 13.8490865342319
ImmType= Logarithmic
AIAdultLD50= 0.154012839635834
AIAdultSlopeContact= 0.391755730931181
AIAdultLD50Contact= 0.0128119178116322
AILarvaSlope= 2.69419183409773
AILarvaLD50= 0.82873510834761
AIKOW= 6.05885251797736
AIKOC= 23.2163705758285
AIHalfLife= 0.713803580962121
EAppRate= 1.55293600540608
