ICQueenStrength= 2.4874126878567
RQWkrDrnRatio= 3.81121739000082
ICDroneMiteSurvivorship= 0.540535245090723
ICWorkerMiteSurvivorship= 80.7530388701707
ICForagerLifespan= 12.886174405925
ImmType= Exponential
AIAdultSlope= 2.81055201333947
AIAdultLD50= 2.02528338530101
AIAdultSlopeContact= 2.97641522216611
AIAdultLD50Contact= 0.0302754789358005
AILarvaSlope= 1.05988537613302
AILarvaLD50= 0.647332931659184
AIKOW= 3.56548469839618
AIKOC= 29.3916794948746
AIHalfLife= 7.40168990800157
EAppRate= 0.506358149694279
