ICQueenStrength= 3.6587767386809
RQWkrDrnRatio= 2.95257917698473
ICDroneMiteSurvivorship= 21.1530907079577
ICWorkerMiteSurvivorship= 30.1504122326151
ICForagerLifespan= 14.051721454598
ImmType= Sine
AIAdultSlope= 3.89776225916343
AIAdultLD50= 0.285428502247669
AIAdultSlopeContact= 1.95060226994567
AIAdultLD50Contact= 0.0336278344853781
AILarvaSlope= 0.949185026437044
AILarvaLD50= 0.281532263103873
AIKOW= 2.13728367164731
AIKOC= 14.7560218186118
AIHalfLife= 2.85985773894936
EAppRate= 0.224018645775504
