ICQueenStrength= 4.92656657379121
RQWkrDrnRatio= 4.36700331233442
ICDroneMiteSurvivorship= 63.7590726139024
ICWorkerMiteSurvivorship= 50.8930877083912
ICForagerLifespan= 13.3174148667604
ImmType= Logarithmic
AIAdultSlope= 2.25698287626728
AIAdultLD50= 0.0289123998954892
AIAdultSlopeContact= 3.11110754472669
AIAdultLD50Contact= 0.0286387372063473
AILarvaSlope= 0.711639353586361
AILarvaLD50= 0.307541844039224
AIKOW= 4.83055986650288
AIKOC= 6.61354369483888
AIHalfLife= 12.1588090523146
EAppRate= 0.858538079774007
