ICQueenStrength= 2.52179431170225
RQWkrDrnRatio= 2.31007930915803
ICDroneMiteSurvivorship= 51.244648033753
ICWorkerMiteSurvivorship= 0.810839119367301
ICForagerLifespan= 14.7796104634181
ImmType= Logarithmic
AIAdultSlope= 2.50168222100474
AIAdultLD50= 2.90389723540284
AIAdultSlopeContact= 1.45456283992622
AIAdultLD50Contact= 0.0258539757225662
AILarvaSlope= 2.08823665049858
AILarvaLD50= 0.107638146844693
AIKOW= 7.01715139625594
AIKOC= 25.389583078213
AIHalfLife= 6.5583600429818
EAppRate= 0.334402772830799
