ICQueenStrength= 3.97442751005292
RQWkrDrnRatio= 1.15151682402939
ICDroneMiteSurvivorship= 44.5940437726676
ICWorkerMiteSurvivorship= 81.7475329618901
ICForagerLifespan= 7.05827033706009
ImmType= Cosine
AIAdultSlopeContact= 3.62564650311135
AIAdultLD50Contact= 0.0156051699770615
AILarvaSlope= 1.15861566909589
AILarvaLD50= 0.546744725620374
AIKOW= 3.32572258496657
AIKOC= 21.4282389450818
AIHalfLife= 4.13792647141963
