ICQueenStrength= 1.88073097984307
RQWkrDrnRatio= 4.11710097175092
ICDroneMiteSurvivorship= 22.256100922823
ICWorkerMiteSurvivorship= 78.1864802818745
ICForagerLifespan= 9.05387509427965
ImmType= Polynomial
AIAdultSlope= 2.08795644165948
AIAdultLD50= 2.25793691142462
AIAdultSlopeContact= 0.740517689378467
AIAdultLD50Contact= 0.0353897891473025
AILarvaSlope= 2.83479090952314
AILarvaLD50= 0.852787111303769
AIKOW= 7.26705803908408
AIKOC= 20.2353714744095
AIHalfLife= 9.49931801808998
EAppRate= 0.23504760954529
