ICQueenStrength= 2.59626118373126
RQWkrDrnRatio= 1.22169523313642
ICDroneMiteSurvivorship= 42.7291272440925
ICWorkerMiteSurvivorship= 87.9723855294287
ICForagerLifespan= 14.0082551622763
ImmType= Cosine
AIAdultSlopeContact= 2.88339192900108
AIAdultLD50Contact= 0.0179915888467804
AILarvaSlope= 0.442301331367344
AILarvaLD50= 0.0199819567613304
AIKOW= 2.07889789482579
AIKOC= 17.7189023362007
AIHalfLife= 11.5396837918088
