ICQueenStrength= 5.81877947109751
RQWkrDrnRatio= 1.79807502310723
ICDroneMiteSurvivorship= 60.8201213413849
ICWorkerMiteSurvivorship= 43.4049570234492
ICForagerLifespan= 6.75015871226788
ImmType= Tangent
AIAdultSlope= 1.19963973042788
AIAdultLD50= 0.112197355017997
AIAdultSlopeContact= 0.792393207794521
AIAdultLD50Contact= 0.0313211588771082
AILarvaSlope= 0.250319239217788
AILarvaLD50= 0.589969973964617
AIKOW= 6.22238984145224
AIKOC= 29.2723386269063
AIHalfLife= 2.00993748614565
EAppRate= 0.660707933828235
