ICQueenStrength= 2.22157882433385
RQWkrDrnRatio= 4.62348304875195
ICDroneMiteSurvivorship= 21.561869001016
ICWorkerMiteSurvivorship= 22.6908890297636
ICForagerLifespan= 4.8558377828449
ImmType= Cosine
AIAdultSlopeContact= 3.71320389510132
AIAdultLD50Contact= 0.0113077202346176
AILarvaSlope= 2.17104754964821
AILarvaLD50= 0.390513019426726
AIKOW= 6.68482210487127
AIKOC= 5.14958056854084
AIHalfLife= 11.0022026514634
