ICQueenStrength= 4.27013259520754
RQWkrDrnRatio= 3.41973646730185
ICDroneMiteSurvivorship= 76.6798512544483
ICWorkerMiteSurvivorship= 79.84994656872
ICForagerLifespan= 13.6960217477754
ImmType= Sine
AIAdultSlope= 1.60423178267665
AIAdultLD50= 1.07392161735334
AIAdultSlopeContact= 3.18503174434416
AIAdultLD50Contact= 0.0135516258422285
AILarvaSlope= 0.359521239064634
AILarvaLD50= 0.70125374305062
AIKOW= 7.71267530787736
AIKOC= 18.3848531346302
AIHalfLife= 9.61462547117844
EAppRate= 0.241174721391872
