ICQueenStrength= 1.7939784694463
RQWkrDrnRatio= 3.89789740275592
ICDroneMiteSurvivorship= 92.6006828201935
ICWorkerMiteSurvivorship= 86.6426194785163
ICForagerLifespan= 6.37821085937321
ImmType= Tangent
AIAdultSlope= 3.54126337661874
AIAdultLD50= 0.303237280226313
AIAdultSlopeContact= 2.50985298205633
AIAdultLD50Contact= 0.0262471487163566
AILarvaSlope= 0.659227307746187
AILarvaLD50= 0.190892100823112
AIKOW= 6.83197443932295
AIKOC= 18.493294431828
AIHalfLife= 0.698742585955188
EAppRate= 0.0150272774742916
