ICQueenStrength= 5.93287204881199
RQWkrDrnRatio= 1.58471178915352
ICDroneMiteSurvivorship= 55.284318793565
ICWorkerMiteSurvivorship= 23.9876336185262
ICForagerLifespan= 8.27695212513208
ImmType= Logarithmic
AIAdultSlope= 8.60669347457588
