ICQueenStrength= 2.41095136525109
RQWkrDrnRatio= 1.88320137001574
ICDroneMiteSurvivorship= 78.9481854764745
ICWorkerMiteSurvivorship= 84.3469088664278
ICForagerLifespan= 6.75918719824404
ImmType= Cosine
AIAdultSlope= 0.81760336747393
AIAdultLD50= 2.07356374827214
AIAdultSlopeContact= 1.87629845871823
AIAdultLD50Contact= 0.00262327681994066
AILarvaSlope= 2.89910084842704
AILarvaLD50= 0.168637271574698
AIKOW= 6.7082986086607
AIKOC= 14.0996350860223
AIHalfLife= 12.4808467733674
EAppRate= 0.649728602264076
