ICQueenStrength= 5.75361255230382
RQWkrDrnRatio= 1.29072332847863
ICDroneMiteSurvivorship= 33.3077462855726
ICWorkerMiteSurvivorship= 26.1216049548239
ICForagerLifespan= 12.4251555018127
ImmType= Tangent
AIAdultSlopeContact= 0.162997460423503
AIAdultLD50Contact= 0.0192748901783489
AILarvaSlope= 1.41693928171881
AILarvaLD50= 0.601354053989053
AIKOW= 3.74223809270188
AIKOC= 19.6483829186764
AIHalfLife= 10.6821612608619
