ICQueenStrength= 3.71088856621645
RQWkrDrnRatio= 1.11797577049583
ICDroneMiteSurvivorship= 32.6642484636977
ICWorkerMiteSurvivorship= 17.9813266731799
ICForagerLifespan= 8.81758555583656
ImmType= Tangent
AIAdultSlopeContact= 0.619509380776435
AIAdultLD50Contact= 0.00888639641925693
AILarvaSlope= 6.07094376115128
AILarvaLD50= 0.108812256716192
AIKOW= 85.4285406414419
AIKOC= 94.1244647372514
AIHalfLife= 7.05909961974248
