ICQueenStrength= 4.09466764214449
RQWkrDrnRatio= 2.97848137561232
ICDroneMiteSurvivorship= 27.8129020240158
ICWorkerMiteSurvivorship= 17.4720217706636
ICForagerLifespan= 10.2531661372632
ImmType= Sine
AIAdultSlope= 3.75621885497589
AIAdultLD50= 0.467701923451386
AIAdultSlopeContact= 0.733889739203732
AIAdultLD50Contact= 0.0136863208375871
AILarvaSlope= 3.1652052774094
AILarvaLD50= 0.0262456869939342
AIKOW= 3.35190826654434
AIKOC= 20.0484908896033
AIHalfLife= 3.87485945248045
EAppRate= 0.581352396425791
