ICQueenStrength= 1.54060341091827
RQWkrDrnRatio= 1.60265069361776
ICDroneMiteSurvivorship= 0.182627351023257
ICWorkerMiteSurvivorship= 61.2607766408473
ICForagerLifespan= 4.79517387319356
ImmType= Logarithmic
AIAdultSlope= 2.02578690564958
AIAdultLD50= 0.349108331603929
AIAdultSlopeContact= 2.20594888020074
AIAdultLD50Contact= 0.0377660881029442
AILarvaSlope= 1.58566012089141
AILarvaLD50= 0.113030049973167
AIKOW= 3.43470480944961
AIKOC= 13.3206554234494
AIHalfLife= 4.44589694030583
EAppRate= 0.506045108172111
