ICQueenStrength= 4.76964878756553
RQWkrDrnRatio= 4.59188824426383
ICDroneMiteSurvivorship= 59.9990704096854
ICWorkerMiteSurvivorship= 0.855442695319653
ICForagerLifespan= 12.4293559668586
ImmType= Sine
AIAdultSlope= 2.92716066204011
AIAdultLD50= 2.25321327871643
AIAdultSlopeContact= 2.13110987850465
AIAdultLD50Contact= 0.0249143657856621
AILarvaSlope= 1.29720240258612
AILarvaLD50= 0.770579205220565
AIKOW= 7.33455811580643
AIKOC= 28.2755338191055
AIHalfLife= 2.52227087179199
EAppRate= 0.178284814581275
