ICQueenStrength= 3.93742647045292
RQWkrDrnRatio= 4.51070307660848
ICDroneMiteSurvivorship= 7.95345872174948
ICWorkerMiteSurvivorship= 13.1560638779774
ICForagerLifespan= 4.86696098744869
ImmType= Sine
AIAdultSlope= 1.77725005268818
AIAdultLD50= 0.00730006699450314
AIAdultSlopeContact= 3.62619178446941
AIAdultLD50Contact= 0.0304949589073658
AILarvaSlope= 0.952940491586924
AILarvaLD50= 0.766802239604294
AIKOW= 2.61603424744681
AIKOC= 13.4446529042907
AIHalfLife= 1.18693608790636
EAppRate= 0
