ICQueenStrength= 3.33282063622028
RQWkrDrnRatio= 3.54627824667841
ICDroneMiteSurvivorship= 32.4501205934212
ICWorkerMiteSurvivorship= 54.1362384567037
ICForagerLifespan= 12.5496147945523
ImmType= Sine
AIAdultSlope= 0.528703931579366
AIAdultLD50= 1.63091189763509
AIAdultSlopeContact= 0.87153808936011
AIAdultLD50Contact= 0.000714268535375595
AILarvaSlope= 2.96863324926235
AILarvaLD50= 0.792244574194774
AIKOW= 3.39335673581809
AIKOC= 23.6557051027194
AIHalfLife= 9.23286283900961
EAppRate= 0.00736444513313472
