ICQueenStrength= 2.57379858312197
RQWkrDrnRatio= 2.95937819685787
ICDroneMiteSurvivorship= 76.1758777312934
ICWorkerMiteSurvivorship= 36.5888343891129
ICForagerLifespan= 5.73834441788495
ImmType= Exponential
AIAdultSlope= 2.39615210425109
AIAdultSlopeContact= 0.331044104341418
AIAdultLD50Contact= 0.0369938866002485
AILarvaSlope= 0.983578632306307
AILarvaLD50= 0.730331914220005
AIKOW= 6.662026936654
AIKOC= 17.709859025199
AIHalfLife= 9.12812648667023
