ICQueenStrength= 3.43170600850135
RQWkrDrnRatio= 3.66542222443968
ICDroneMiteSurvivorship= 83.0315866274759
ICWorkerMiteSurvivorship= 3.72776184231043
ICForagerLifespan= 10.0951189994812
ImmType= Cosine
AIAdultSlope= 0.869699980050791
AIAdultLD50= 0.375776549451984
AIAdultSlopeContact= 3.01595377364662
AIAdultLD50Contact= 0.0399921060074121
AILarvaSlope= 2.37559248651378
AILarvaLD50= 0.717011919454671
AIKOW= 5.69729163683951
AIKOC= 17.9804948926903
AIHalfLife= 0.359343512682244
EAppRate= 0.186950732045807
