ICQueenStrength= 2.25453589484096
RQWkrDrnRatio= 3.18275925051421
