ICQueenStrength= 3.21136531908996
RQWkrDrnRatio= 1.39671675208956
ICDroneMiteSurvivorship= 69.5856638951227
ICWorkerMiteSurvivorship= 72.7852720534429
ICForagerLifespan= 8.79687256272882
ImmType= Sine
AIAdultSlope= 2.12590542016551
AIAdultLD50= 0.734715870581567
AIAdultSlopeContact= 1.36265882934909
AIAdultLD50Contact= 0.0309667803929187
AILarvaSlope= 0.306504964688793
AILarvaLD50= 0.895421192608774
AIKOW= 7.00834855670109
AIKOC= 12.5218780664727
AIHalfLife= 3.17823620839044
EAppRate= 0.245567770441994
