ICQueenStrength= 1.75079308939166
RQWkrDrnRatio= 1.60555386822671
ICDroneMiteSurvivorship= 57.5166999362409
ICWorkerMiteSurvivorship= 78.7985389819369
ICForagerLifespan= 13.4773852797225
ImmType= Sine
AIAdultSlope= 2.04605110163335
AIAdultLD50= 0.256785856210627
AIAdultSlopeContact= 2.73968135533389
AIAdultLD50Contact= 0.0269022157415748
AILarvaSlope= 2.69200167120434
AILarvaLD50= 0.0258726212661713
AIKOW= 3.65605755615979
AIKOC= 11.3272118684836
AIHalfLife= 0.78189356601797
EAppRate= 0.414538659527898
