ICQueenStrength= 1.06777910515666
RQWkrDrnRatio= 2.65943610388786
ICDroneMiteSurvivorship= 58.8073736755177
ICWorkerMiteSurvivorship= 89.1235464019701
ICForagerLifespan= 12.928650373593
ImmType= Cosine
AIAdultSlope= 0.43542275284417
AIAdultLD50= 0.837146793259308
AIAdultSlopeContact= 2.63660169937648
AIAdultLD50Contact= 0.0353768780827522
AILarvaSlope= 2.14296860010363
AILarvaLD50= 0.0648949256166816
AIKOW= 7.40115971397609
AIKOC= 9.56440416164696
AIHalfLife= 4.49445188883692
EAppRate= 0.83739823079668
