ICQueenStrength= 3.1019078954123
RQWkrDrnRatio= 1.36888314317912
ICDroneMiteSurvivorship= 99.6401082957163
ICWorkerMiteSurvivorship= 10.3506777668372
ICForagerLifespan= 6.56049886345863
ImmType= Tangent
AIAdultSlope= 1.16113868305692
AIAdultLD50= 0.395204048836604
AIAdultSlopeContact= 3.01728230951121
AIAdultLD50Contact= 0.00465947615448385
AILarvaSlope= 2.41133898049593
AILarvaLD50= 0.459909964981489
AIKOW= 3.58614348992705
AIKOC= 24.9479442206211
AIHalfLife= 3.46513006952591
EAppRate= 0
