ICQueenStrength= 2.76210468285717
RQWkrDrnRatio= 1.57083818688989
ICDroneMiteSurvivorship= 38.6510558659211
ICWorkerMiteSurvivorship= 95.0030379928648
ICForagerLifespan= 4.30756439827383
ImmType= Exponential
AIAdultSlopeContact= 2.05349704338703
AIAdultLD50Contact= 0.0293012609705329
AILarvaSlope= 2.9232650928665
AILarvaLD50= 0.719382662395947
AIKOW= 7.55497802235186
AIKOC= 29.8674151720479
AIHalfLife= 8.18280043080449
