ICQueenStrength= 4.17586117889732
RQWkrDrnRatio= 4.29908902663738
ICDroneMiteSurvivorship= 84.192560845986
ICWorkerMiteSurvivorship= 66.7917061364278
ICForagerLifespan= 15.2032135939226
ImmType= Exponential
AIAdultSlope= 0.725005293949507
AIAdultLD50= 0.15482976497151
AIAdultSlopeContact= 0.647268454721198
AIAdultLD50Contact= 0.0403649857616983
AILarvaSlope= 1.7696756974794
AILarvaLD50= 0.492522365204059
AIKOW= 3.74380076723173
AIKOC= 27.5550010218285
AIHalfLife= 1.19902676320635
EAppRate= 0
