ICQueenStrength= 4.39724712772295
RQWkrDrnRatio= 1.94663868378848
ICDroneMiteSurvivorship= 71.4167698053643
ICWorkerMiteSurvivorship= 70.9818600211293
ICForagerLifespan= 4.21727791242301
ImmType= Tangent
AIAdultSlopeContact= 0.266714866447728
AIAdultLD50Contact= 0.0369924626662396
AILarvaSlope= 1.42010889034718
AILarvaLD50= 0.177779327030294
AIKOW= 7.55838521011174
AIKOC= 26.6946483589709
AIHalfLife= 3.83903942117468
