ICQueenStrength= 4.22489339276217
RQWkrDrnRatio= 3.91375827696174
ICDroneMiteSurvivorship= 93.4253141982481
ICWorkerMiteSurvivorship= 7.03925362322479
ICForagerLifespan= 6.57869845349342
ImmType= Cosine
AIAdultSlope= 2.4056272095046
AIAdultLD50= 0.0922117352019995
AIAdultSlopeContact= 3.66828823733144
AIAdultLD50Contact= 0.00551902571460232
AILarvaSlope= 0.373659822018817
AILarvaLD50= 0.226891199802048
AIKOW= 6.58258522953838
AIKOC= 22.8077912249137
AIHalfLife= 3.37857677252032
EAppRate= 0
