ICQueenStrength= 1.28874188195914
RQWkrDrnRatio= 2.18815940618515
ICDroneMiteSurvivorship= 19.1169779980555
ICWorkerMiteSurvivorship= 95.4599288292229
ICForagerLifespan= 14.1746816970408
ImmType= Logarithmic
AIAdultSlope= 1.23973590042442
AIAdultLD50= 2.80278369085863
AIAdultSlopeContact= 2.08101569670718
AIAdultLD50Contact= 0.0240005708183162
AILarvaSlope= 2.57424568673596
AILarvaLD50= 0.47184276629705
AIKOW= 5.46541606029496
AIKOC= 21.6082390293013
AIHalfLife= 0.405864345375448
EAppRate= 0.954750481527299
