ICQueenStrength= 1.2584049187135
RQWkrDrnRatio= 4.25425808411092
ICDroneMiteSurvivorship= 51.5056676929817
ICWorkerMiteSurvivorship= 23.307437566109
ICForagerLifespan= 11.7410013722256
ImmType= Tangent
AIAdultSlope= 0.854589240625501
