ICQueenStrength= 5.49566761031747
RQWkrDrnRatio= 4.78145535197109
ICDroneMiteSurvivorship= 8.02580323070288
ICWorkerMiteSurvivorship= 14.1361644258723
ICForagerLifespan= 13.1722851665691
ImmType= Cosine
AIAdultLD50= 0.154012839635834
AIAdultSlopeContact= 1.70329109312268
AIAdultLD50Contact= 0.00377760102273896
AILarvaSlope= 0.987081235274673
AILarvaLD50= 0.875171616347507
AIKOW= 5.61964473826811
AIKOC= 13.2822325115558
AIHalfLife= 11.3827049643733
EAppRate= 1.22930390900001
