ICQueenStrength= 4.40902884607203
RQWkrDrnRatio= 4.36769659351557
ICDroneMiteSurvivorship= 86.2907960312441
ICWorkerMiteSurvivorship= 92.07053699065
ICForagerLifespan= 5.99441433418542
ImmType= Cosine
AIAdultSlope= 1.81446799607249
AIAdultLD50= 0.386571688344702
AIAdultSlopeContact= 3.10886802335037
AIAdultLD50Contact= 0.0169772570603527
AILarvaSlope= 2.70182787664235
AILarvaLD50= 0.459815334971063
AIKOW= 2.19101023348048
AIKOC= 18.1348930532113
AIHalfLife= 3.18895303411409
EAppRate= 0.388939802465029
