ICQueenStrength= 3.15598086477257
RQWkrDrnRatio= 2.66177688539028
ICDroneMiteSurvivorship= 85.543266008608
ICWorkerMiteSurvivorship= 16.4033875335008
ICForagerLifespan= 15.5294759590179
ImmType= Cosine
AIAdultSlopeContact= 1.89010868178215
AIAdultLD50Contact= 0.0376845463179052
AILarvaSlope= 2.77035177913494
AILarvaLD50= 0.75473158552777
AIKOW= 4.55314983427525
AIKOC= 8.91026271972805
AIHalfLife= 6.17306889826432
