ICQueenStrength= 5.41272209631279
RQWkrDrnRatio= 1.72287299763411
ICDroneMiteSurvivorship= 69.7104694321752
ICWorkerMiteSurvivorship= 88.8323961524293
ICForagerLifespan= 7.70243599358946
ImmType= Polynomial
AIAdultSlope= 1.13026645272039
AIAdultLD50= 1.40666862367652
AIAdultSlopeContact= 2.3999944417295
AIAdultLD50Contact= 0.025045748858247
AILarvaSlope= 2.70901710195467
AILarvaLD50= 0.365572055499069
AIKOW= 5.86654587928206
AIKOC= 5.94942625728436
AIHalfLife= 3.05610701348633
EAppRate= 0.978265376761556
