ICQueenStrength= 5.1018388106022
RQWkrDrnRatio= 3.715341668576
ICDroneMiteSurvivorship= 62.7283586654812
ICWorkerMiteSurvivorship= 58.0412737093866
ICForagerLifespan= 13.6417213957757
ImmType= Exponential
AIAdultSlope= 2.9894823209499
AIAdultLD50= 0.386313050519675
AIAdultSlopeContact= 1.78463940567104
AIAdultLD50Contact= 0.0343758774688467
AILarvaSlope= 2.65783512294292
AILarvaLD50= 0.231068274728023
AIKOW= 6.27999835740775
AIKOC= 17.5520946690813
AIHalfLife= 2.36103300820105
EAppRate= 0
