ICQueenStrength= 5.07713736407459
RQWkrDrnRatio= 4.37153066601604
ICDroneMiteSurvivorship= 89.081780007109
ICWorkerMiteSurvivorship= 86.5824030013755
ICForagerLifespan= 7.71187713462859
ImmType= Sine
AIAdultSlope= 0.676647252123803
AIAdultLD50= 2.50657729664817
AIAdultSlopeContact= 1.6960452470812
AIAdultLD50Contact= 0.0159374937880784
AILarvaSlope= 1.4251319476869
AILarvaLD50= 0.0240777446189895
AIKOW= 5.2112646442838
AIKOC= 27.294466936728
AIHalfLife= 2.03891374263912
EAppRate= 0.280667123850435
