ICQueenStrength= 1.75405510491692
RQWkrDrnRatio= 3.88190915156156
ICDroneMiteSurvivorship= 72.3713839659467
ICWorkerMiteSurvivorship= 92.9642968578264
ICForagerLifespan= 4.7841674759984
ImmType= Cosine
AIAdultSlope= 2.3382354232762
AIAdultLD50= 0.490089323953725
AIAdultSlopeContact= 0.582805502477568
AIAdultLD50Contact= 0.0468216410372406
AILarvaSlope= 1.49360807090998
AILarvaLD50= 0.403786719054915
AIKOW= 2.08514903998002
AIKOC= 27.1650246472564
AIHalfLife= 2.14586310670711
EAppRate= 0.51058004242368
