ICQueenStrength= 3.20207812148146
RQWkrDrnRatio= 1.27002187725157
ICDroneMiteSurvivorship= 5.2331939805299
ICWorkerMiteSurvivorship= 99.503925582394
ICForagerLifespan= 9.23627894744277
ImmType= Polynomial
AIAdultSlope= 1.06013226200128
AIAdultLD50= 0.362038588966243
AIAdultSlopeContact= 0.996299925378989
AIAdultLD50Contact= 0.00154537974158302
AILarvaSlope= 0.178088556462899
AILarvaLD50= 0.371363250492141
AIKOW= 7.91011021006852
AIKOC= 29.9681532382965
AIHalfLife= 4.37177903484553
EAppRate= 0
