ICQueenStrength= 1.98364321980625
RQWkrDrnRatio= 2.10770176723599
ICDroneMiteSurvivorship= 89.311806531623
ICWorkerMiteSurvivorship= 15.3362621320412
ICForagerLifespan= 4.91186598315835
ImmType= Sine
AIAdultSlope= 2.25927793015726
AIAdultLD50= 1.77122426661663
AIAdultSlopeContact= 0.563543594973162
AIAdultLD50Contact= 0.0253980517503805
AILarvaSlope= 2.78785133557394
AILarvaLD50= 0.750838394346647
AIKOW= 3.74369882512838
AIKOC= 19.3794213770889
AIHalfLife= 12.4335732441396
EAppRate= 0.116309738717973
