ICQueenStrength= 1.92041327618062
RQWkrDrnRatio= 1.20126884337515
