ICQueenStrength= 5.49242401868105
RQWkrDrnRatio= 2.29031725041568
ICDroneMiteSurvivorship= 91.7349767172709
ICWorkerMiteSurvivorship= 71.1677421117201
ICForagerLifespan= 15.864330040291
ImmType= Polynomial
AIAdultSlope= 1.0724538880866
AIAdultSlopeContact= 0.895130069064908
AIAdultLD50Contact= 0.0306532127317041
AILarvaSlope= 1.03556826272979
AILarvaLD50= 0.41547631630674
AIKOW= 6.0159734771587
AIKOC= 18.8438754191156
AIHalfLife= 4.77316974662244
