ICQueenStrength= 1.32059762626886
RQWkrDrnRatio= 2.8766813762486
ICDroneMiteSurvivorship= 36.8459747405723
ICWorkerMiteSurvivorship= 1.88936139456928
ICForagerLifespan= 11.7814771132544
ImmType= Tangent
AIAdultSlopeContact= 3.45168114536908
AIAdultLD50Contact= 0.018798168306239
AILarvaSlope= 1.07066157730296
AILarvaLD50= 0.379043739661574
AIKOW= 4.53930763807148
AIKOC= 7.90056024678051
AIHalfLife= 8.10056719789281
