ICQueenStrength= 4.84508897201158
RQWkrDrnRatio= 3.98817233368754
ICDroneMiteSurvivorship= 12.7086761407554
ICWorkerMiteSurvivorship= 55.6120277615264
ICForagerLifespan= 4.79489911720157
ImmType= Polynomial
AIAdultSlope= 0.630958888493478
AIAdultLD50= 1.6278138931375
AIAdultSlopeContact= 0.624174588695169
AIAdultLD50Contact= 0.0162000922253355
AILarvaSlope= 0.118234700988978
AILarvaLD50= 0.171276446431875
AIKOW= 7.41773853171617
AIKOC= 23.0656879383605
AIHalfLife= 3.75348592037335
EAppRate= 0.499385187402368
