ICQueenStrength= 4.07263989467174
RQWkrDrnRatio= 2.72184564545751
ICDroneMiteSurvivorship= 19.7793116793036
ICWorkerMiteSurvivorship= 60.9881175914779
ICForagerLifespan= 11.0243927761912
ImmType= Sine
AIAdultSlope= 2.78827626518905
AIAdultLD50= 1.48093038727529
AIAdultSlopeContact= 1.31983415703988
AIAdultLD50Contact= 0.00906267593381926
AILarvaSlope= 1.17663616728969
AILarvaLD50= 0.333008401282132
AIKOW= 5.48280128557235
AIKOC= 25.2968547062483
AIHalfLife= 8.74865113617852
EAppRate= 0.241079763974994
