ICQueenStrength= 5.55210928455926
RQWkrDrnRatio= 2.35393655952066
ICDroneMiteSurvivorship= 41.6155226761475
ICWorkerMiteSurvivorship= 21.4865643531084
ICForagerLifespan= 5.05875630490482
ImmType= Sine
AIAdultSlopeContact= 1.154888877708
AIAdultLD50Contact= 0.0483459136798047
AILarvaSlope= 1.52186696059071
AILarvaLD50= 0.36520606263075
AIKOW= 3.91087021492422
AIKOC= 6.78733684588224
AIHalfLife= 1.18065238418058
