ICQueenStrength= 3.03942897496745
RQWkrDrnRatio= 1.09650751110166
ICDroneMiteSurvivorship= 62.2223302954808
ICWorkerMiteSurvivorship= 92.7994313184172
ICForagerLifespan= 12.6121077639982
ImmType= Exponential
AIAdultSlopeContact= 1.36741454480216
AIAdultLD50Contact= 0.0600972263608128
AILarvaSlope= 0.85922411410138
AILarvaLD50= 1.35114949708804
AIKOW= 42.9966715164483
AIKOC= 15.4550817795098
AIHalfLife= 1.57009812165052
