ICQueenStrength= 1.06595858605579
RQWkrDrnRatio= 3.84069001302123
ICDroneMiteSurvivorship= 11.2108145840466
ICWorkerMiteSurvivorship= 57.0110405562446
ICForagerLifespan= 7.81830490007997
ImmType= Cosine
AIAdultSlope= 1.54527974389493
AIAdultLD50= 1.68400164856575
AIAdultSlopeContact= 2.38632668339415
AIAdultLD50Contact= 0.0337784980656579
AILarvaSlope= 1.47973681786098
AILarvaLD50= 0.397638569399714
AIKOW= 6.09172369493172
AIKOC= 21.4825921412557
AIHalfLife= 13.4217260139994
EAppRate= 0.461052306462079
