ICQueenStrength= 3.68853660672903
RQWkrDrnRatio= 2.81340983044356
ICDroneMiteSurvivorship= 26.2347086565569
ICWorkerMiteSurvivorship= 85.7341195689514
ICForagerLifespan= 12.562687956728
ImmType= Sine
AIAdultSlopeContact= 1.65190788164036
AIAdultLD50Contact= 0.040936166618485
AILarvaSlope= 1.34041675934568
AILarvaLD50= 0.899792113504373
AIKOW= 3.35001435177401
AIKOC= 24.5004529727157
AIHalfLife= 12.9925879989751
