ICQueenStrength= 1.25270661106333
RQWkrDrnRatio= 3.82398693822324
ICDroneMiteSurvivorship= 98.3685104176402
ICWorkerMiteSurvivorship= 8.76419432461262
ICForagerLifespan= 5.95971475262195
ImmType= Cosine
AIAdultSlope= 3.37210128349252
AIAdultSlopeContact= 0.845804492232855
AIAdultLD50Contact= 0.00217979811131954
AILarvaSlope= 2.50421884614043
AILarvaLD50= 0.530416596564464
AIKOW= 4.39534820243716
AIKOC= 8.46709475270472
AIHalfLife= 9.34157444583252
