ICQueenStrength= 3.02224413049407
RQWkrDrnRatio= 3.83607494086027
ICDroneMiteSurvivorship= 66.6006499901414
ICWorkerMiteSurvivorship= 38.3128206012771
ICForagerLifespan= 5.56020349171013
ImmType= Exponential
AIAdultSlopeContact= 2.97795630814042
AIAdultLD50Contact= 0.0202977425884455
AILarvaSlope= 0.358073571370915
AILarvaLD50= 0.532272657332942
AIKOW= 4.62620298331603
AIKOC= 6.88649581396021
AIHalfLife= 9.7231481759809
