ICQueenStrength= 5.63047700468451
RQWkrDrnRatio= 3.43904196470976
ICDroneMiteSurvivorship= 38.2623533951119
ICWorkerMiteSurvivorship= 43.1016735965386
ICForagerLifespan= 12.3014249680564
ImmType= Exponential
AIAdultSlopeContact= 9.36182851204649
AIAdultLD50Contact= 0.0249575046822429
AILarvaSlope= 5.90952609898522
AILarvaLD50= 1.44913828605786
AIKOW= 34.5026333117858
AIKOC= 4.5491085620597
AIHalfLife= 10.5549597800709
