ICQueenStrength= 1.92994486447424
RQWkrDrnRatio= 1.10153992660344
