ICQueenStrength= 2.23711849562824
RQWkrDrnRatio= 3.35266781318933
ICDroneMiteSurvivorship= 43.3144244365394
ICWorkerMiteSurvivorship= 84.2655654298142
ICForagerLifespan= 9.6751318834722
ImmType= Tangent
AIAdultSlope= 2.46491678319871
AIAdultLD50= 1.05237665888853
AIAdultSlopeContact= 3.7506422559754
AIAdultLD50Contact= 0.010539911116939
AILarvaSlope= 1.49917106502689
AILarvaLD50= 0.0110677534947172
AIKOW= 4.69854910764843
AIKOC= 8.28346728929318
AIHalfLife= 10.4088669628836
EAppRate= 0.817925717448816
