ICQueenStrength= 5.41784895490855
RQWkrDrnRatio= 4.0993969719857
ICDroneMiteSurvivorship= 27.2227009758353
ICWorkerMiteSurvivorship= 92.6582444924861
ICForagerLifespan= 14.4915325539187
ImmType= Polynomial
AIAdultSlope= 3.69291520025348
AIAdultLD50= 0.288478982984088
AIAdultSlopeContact= 2.05361396612367
AIAdultLD50Contact= 0.0145572502748109
AILarvaSlope= 3.12335629188456
AILarvaLD50= 0.083527879184112
AIKOW= 2.09181817248464
AIKOC= 13.9515637839213
AIHalfLife= 3.14385516918264
EAppRate= 0.0929775408934802
