ICQueenStrength= 2.33934930549003
RQWkrDrnRatio= 3.84116960596293
ICDroneMiteSurvivorship= 29.5093902852386
ICWorkerMiteSurvivorship= 28.6286087473854
ICForagerLifespan= 5.27494506444782
ImmType= Cosine
AIAdultSlope= 1.60189791594632
AIAdultLD50= 0.476119527244009
AIAdultSlopeContact= 1.48703081097454
AIAdultLD50Contact= 0.0358387120882981
AILarvaSlope= 0.679929987015203
AILarvaLD50= 0.510633428161964
AIKOW= 4.7166592516005
AIKOC= 9.46379181812517
AIHalfLife= 1.00236516795121
EAppRate= 0
