ICQueenStrength= 5.87959641148336
RQWkrDrnRatio= 2.06325536686927
ICDroneMiteSurvivorship= 31.3294318271801
ICWorkerMiteSurvivorship= 96.6132349334657
ICForagerLifespan= 9.25634194351733
ImmType= Sine
AIAdultSlope= 0.16310571692884
