ICQueenStrength= 5.36169862980023
RQWkrDrnRatio= 4.841891461052
ICDroneMiteSurvivorship= 69.6388083510101
ICWorkerMiteSurvivorship= 7.6053709955886
ICForagerLifespan= 10.502476722002
ImmType= Logarithmic
AIAdultSlopeContact= 3.96099158329889
AIAdultLD50Contact= 0.14924386581406
AILarvaSlope= 3.40596173191443
AILarvaLD50= 1.11002213694155
AIKOW= 34.9556326167658
AIKOC= 67.745378240943
AIHalfLife= 13.1444040369242
