ICQueenStrength= 4.82895076530986
RQWkrDrnRatio= 4.25570750515908
ICDroneMiteSurvivorship= 92.2344380989671
ICWorkerMiteSurvivorship= 76.7508762190118
ICForagerLifespan= 15.1907435934991
ImmType= Exponential
AIAdultSlope= 6.72770125092939
