ICQueenStrength= 4.49164985702373
RQWkrDrnRatio= 4.79598440602422
ICDroneMiteSurvivorship= 40.1514633093029
ICWorkerMiteSurvivorship= 52.193655166775
ICForagerLifespan= 11.0515266396105
ImmType= Exponential
AIAdultSlope= 3.30295433793217
AIAdultLD50= 0.814665963174775
AIAdultSlopeContact= 2.59076891811099
AIAdultLD50Contact= 0.0262553694308735
AILarvaSlope= 0.804408530378714
AILarvaLD50= 0.477870460459963
AIKOW= 7.9423042954877
AIKOC= 15.1778638549149
AIHalfLife= 4.24586005369201
EAppRate= 0.54109803866595
