ICQueenStrength= 4.01246787188575
RQWkrDrnRatio= 3.28191701602191
ICDroneMiteSurvivorship= 6.47430580575019
ICWorkerMiteSurvivorship= 66.8408163823187
ICForagerLifespan= 11.6748361010104
ImmType= Sine
AIAdultSlope= 0.225865307031199
AIAdultLD50= 2.5336587515194
AIAdultSlopeContact= 2.30394740275573
AIAdultLD50Contact= 0.0014653162099421
AILarvaSlope= 1.53324760245159
AILarvaLD50= 0.415766861778684
AIKOW= 6.19441909110174
AIKOC= 12.5552054331638
AIHalfLife= 9.2386993970722
EAppRate= 0.483503418508917
