ICQueenStrength= 5.75015661679208
RQWkrDrnRatio= 1.05783891957253
ICDroneMiteSurvivorship= 13.4763648035005
ICWorkerMiteSurvivorship= 62.4067050172016
ICForagerLifespan= 9.83708723727614
ImmType= Logarithmic
AIAdultSlope= 3.91309239819646
AIAdultLD50= 0.359409205149859
AIAdultSlopeContact= 2.07644974035909
AIAdultLD50Contact= 0.0307138162199408
AILarvaSlope= 3.09613664089702
AILarvaLD50= 0.0446885509416461
AIKOW= 4.61475801700726
AIKOC= 24.8257513344288
AIHalfLife= 3.96261181216687
EAppRate= 0
