ICQueenStrength= 4.69958244496956
RQWkrDrnRatio= 3.805036845617
ICDroneMiteSurvivorship= 95.3479919582605
ICWorkerMiteSurvivorship= 64.65413516853
ICForagerLifespan= 5.27166177798063
ImmType= Tangent
AIAdultSlope= 2.95073064053431
AIAdultLD50= 0.583166852127761
AIAdultSlopeContact= 2.47536180689698
AIAdultLD50Contact= 0.0334692362928763
AILarvaSlope= 1.3875765203964
AILarvaLD50= 0.758627296099439
AIKOW= 4.83629265800118
AIKOC= 29.6840901614632
AIHalfLife= 6.31578327622265
EAppRate= 0.551431914092973
