ICQueenStrength= 3.26181329227984
RQWkrDrnRatio= 2.66872510965914
ICDroneMiteSurvivorship= 91.5337360231206
ICWorkerMiteSurvivorship= 30.1710361149162
ICForagerLifespan= 10.7619168646634
ImmType= Polynomial
AIAdultLD50= 0.154012839635834
AIAdultSlopeContact= 1.36115385572892
AIAdultLD50Contact= 7.52650550566614e-05
AILarvaSlope= 0.725799652375281
AILarvaLD50= 0.333075011428446
AIKOW= 4.01260324008763
AIKOC= 17.2183422092348
AIHalfLife= 11.4576000813395
EAppRate= 0.672466997522861
