ICQueenStrength= 1.2981309662573
RQWkrDrnRatio= 1.37381759472191
ICDroneMiteSurvivorship= 69.069892866537
ICWorkerMiteSurvivorship= 49.2934918263927
ICForagerLifespan= 4.00559696275741
ImmType= Logarithmic
AIAdultSlopeContact= 2.00319328439422
AIAdultLD50Contact= 0.0488658095477149
AILarvaSlope= 1.82450440572575
AILarvaLD50= 0.881823333562352
AIKOW= 3.1243475289084
AIKOC= 12.9740289947949
AIHalfLife= 6.66977982781827
