ICQueenStrength= 2.21921825688332
RQWkrDrnRatio= 3.43310824781656
ICDroneMiteSurvivorship= 76.203480316326
ICWorkerMiteSurvivorship= 60.563604417257
ICForagerLifespan= 13.2538172267377
ImmType= Cosine
AIAdultSlope= 2.24661146690603
AIAdultLD50= 0.366812525899149
AIAdultSlopeContact= 1.73390162680065
AIAdultLD50Contact= 0.000587037100922316
AILarvaSlope= 3.12849012752995
AILarvaLD50= 0.678425910347141
AIKOW= 2.48648560699075
AIKOC= 11.3449530338403
AIHalfLife= 4.86145019298419
EAppRate= 0.604657043633051
