ICQueenStrength= 5.84453724464402
RQWkrDrnRatio= 2.50847422517836
ICDroneMiteSurvivorship= 79.4850576668978
ICWorkerMiteSurvivorship= 84.0192541014403
ICForagerLifespan= 5.348677364178
ImmType= Logarithmic
AIAdultSlope= 0.54717586771585
AIAdultLD50= 2.27352631604299
AIAdultSlopeContact= 1.2049103745399
AIAdultLD50Contact= 0.00236513635609299
AILarvaSlope= 1.88173378161155
AILarvaLD50= 0.0615538589889184
AIKOW= 2.97520808828995
AIKOC= 16.1601793149021
AIHalfLife= 6.18913917895406
EAppRate= 0.0474503114819527
