ICQueenStrength= 4.13790006912313
RQWkrDrnRatio= 3.95618072431535
ICDroneMiteSurvivorship= 99.5244642021134
ICWorkerMiteSurvivorship= 42.6066546002403
ICForagerLifespan= 13.7284540580586
ImmType= Cosine
AIAdultSlope= 0.585955281369388
AIAdultLD50= 2.49221665388905
AIAdultSlopeContact= 0.642031048871577
AIAdultLD50Contact= 0.0177169687813148
AILarvaSlope= 1.91198460673913
AILarvaLD50= 0.062437809468247
AIKOW= 5.70012144837528
AIKOC= 29.5693562843371
AIHalfLife= 4.47334677539766
EAppRate= 0.906985637964681
