ICQueenStrength= 3.36070981947705
RQWkrDrnRatio= 2.5846173716709
ICDroneMiteSurvivorship= 78.7165170069784
ICWorkerMiteSurvivorship= 39.0574680408463
ICForagerLifespan= 9.24097688402981
ImmType= Logarithmic
AIAdultSlopeContact= 3.44131990467198
AIAdultLD50Contact= 0.0483708732877858
AILarvaSlope= 2.9020143088419
AILarvaLD50= 0.534381793951616
AIKOW= 2.61632991908118
AIKOC= 13.9888834336307
AIHalfLife= 13.2860766309313
