ICQueenStrength= 2.78939360077493
RQWkrDrnRatio= 2.08544398285449
ICDroneMiteSurvivorship= 74.4078659685329
ICWorkerMiteSurvivorship= 27.8430097503588
ICForagerLifespan= 14.316563683562
ImmType= Sine
AIAdultSlopeContact= 1.02244455605512
AIAdultLD50Contact= 0.0453126936568879
AILarvaSlope= 0.119734738580883
AILarvaLD50= 0.306735107232817
AIKOW= 3.01098398026079
AIKOC= 11.185279879719
AIHalfLife= 13.4668144183233
