ICQueenStrength= 4.18643560633063
RQWkrDrnRatio= 1.54862574767321
ICDroneMiteSurvivorship= 8.27563656494021
ICWorkerMiteSurvivorship= 0.896275392733514
ICForagerLifespan= 8.93230230547488
ImmType= Tangent
AIAdultLD50= 0.154012839635834
AIAdultSlopeContact= 0.277910127206706
AIAdultLD50Contact= 0.0497102003893815
AILarvaSlope= 1.37534850104712
AILarvaLD50= 0.0892867636168376
AIKOW= 2.61103305360302
AIKOC= 14.8670544510242
AIHalfLife= 7.50347940251231
EAppRate= 1.89437555568293
