ICQueenStrength= 1.66352593246847
RQWkrDrnRatio= 1.64894878864288
ICDroneMiteSurvivorship= 9.4828010071069
ICWorkerMiteSurvivorship= 28.4088589251041
ICForagerLifespan= 7.47991014365107
ImmType= Sine
AIAdultSlope= 1.46875322269974
AIAdultLD50= 0.46350606426131
AIAdultSlopeContact= 0.678435138417408
AIAdultLD50Contact= 0.0149360936251469
AILarvaSlope= 2.1503388944082
AILarvaLD50= 0.811267418693751
AIKOW= 2.16349329473451
AIKOC= 28.733685107436
AIHalfLife= 1.45492125651799
EAppRate= 0.41264035589993
