ICQueenStrength= 2.73205517232418
RQWkrDrnRatio= 2.00742797367275
ICDroneMiteSurvivorship= 17.479707673192
ICWorkerMiteSurvivorship= 80.8021177537739
ICForagerLifespan= 12.9283328000456
ImmType= Tangent
AIAdultSlopeContact= 7.48177631059662
AIAdultLD50Contact= 0.193538657203317
AILarvaSlope= 9.12132915807888
AILarvaLD50= 0.809106569271535
AIKOW= 96.4668223401532
AIKOC= 60.3593779727817
AIHalfLife= 0.0918125752359629
