ICQueenStrength= 5.39637302071787
RQWkrDrnRatio= 4.20062543731183
ICDroneMiteSurvivorship= 43.5058419825509
ICWorkerMiteSurvivorship= 51.221111509949
ICForagerLifespan= 12.2013795552775
ImmType= Polynomial
AIAdultSlope= 0.70037351148203
AIAdultLD50= 1.99715051427484
AIAdultSlopeContact= 3.3864082098403
AIAdultLD50Contact= 0.00247610338265076
AILarvaSlope= 2.27598522119224
AILarvaLD50= 0.0261007133871317
AIKOW= 7.20886777015403
AIKOC= 22.15986544732
AIHalfLife= 7.17343175271526
EAppRate= 0.67838001367636
