ICQueenStrength= 4.0075674969703
RQWkrDrnRatio= 3.80671052169055
ICDroneMiteSurvivorship= 69.2215812159702
ICWorkerMiteSurvivorship= 51.6205276595429
ICForagerLifespan= 14.608216569759
ImmType= Exponential
AIAdultSlope= 2.46838384157745
AIAdultLD50= 0.466475628432818
AIAdultSlopeContact= 3.29191834754543
AIAdultLD50Contact= 0.0312766242888756
AILarvaSlope= 0.712350707082078
AILarvaLD50= 0.522952807252295
AIKOW= 6.61244276305661
AIKOC= 14.2001379118301
AIHalfLife= 1.43188101937994
EAppRate= 0.244975208956748
