ICQueenStrength= 2.67055038968101
RQWkrDrnRatio= 3.37988827843219
ICDroneMiteSurvivorship= 3.36334211751819
ICWorkerMiteSurvivorship= 72.7075905539095
ICForagerLifespan= 11.4285419452935
ImmType= Tangent
AIAdultSlopeContact= 4.80002438416705
AIAdultLD50Contact= 0.0930088900029659
AILarvaSlope= 5.84663993213326
AILarvaLD50= 1.7778806136921
AIKOW= 88.8627623906359
AIKOC= 96.2338408688083
AIHalfLife= 9.84328231168911
