ICQueenStrength= 2.69712399481796
RQWkrDrnRatio= 3.36708894185722
ICDroneMiteSurvivorship= 9.59209054708481
ICWorkerMiteSurvivorship= 76.4426208101213
ICForagerLifespan= 5.07433653064072
ImmType= Cosine
AIAdultSlope= 0.739440088898409
AIAdultLD50= 0.0065646655857563
AIAdultSlopeContact= 3.02666869690642
AIAdultLD50Contact= 0.0346489788847975
AILarvaSlope= 1.9820663781371
AILarvaLD50= 0.698460272862576
AIKOW= 3.20374432299286
AIKOC= 25.5847410776187
AIHalfLife= 4.34843914932571
EAppRate= 0.669935673498549
