ICQueenStrength= 2.39817707124166
RQWkrDrnRatio= 1.46558994892985
ICDroneMiteSurvivorship= 41.1874467507005
ICWorkerMiteSurvivorship= 28.6066609667614
ICForagerLifespan= 12.4955891314894
ImmType= Exponential
AIAdultSlope= 0.107568295486271
AIAdultLD50= 0.1931284123566
AIAdultSlopeContact= 1.33430310985073
AIAdultLD50Contact= 0.027293991483748
AILarvaSlope= 1.77210914627649
AILarvaLD50= 0.4928568163421
AIKOW= 7.97274153679609
AIKOC= 26.0718060028739
AIHalfLife= 1.67473048903048
EAppRate= 0
