ICQueenStrength= 4.91795170609839
RQWkrDrnRatio= 3.96049035154283
ICDroneMiteSurvivorship= 75.7534469245002
ICWorkerMiteSurvivorship= 70.7928491057828
ICForagerLifespan= 11.2823383612558
ImmType= Logarithmic
AIAdultSlope= 0.226767112640664
AIAdultLD50= 1.52796526439488
AIAdultSlopeContact= 3.27874777871417
AIAdultLD50Contact= 0.043811474670656
AILarvaSlope= 0.602976300986484
AILarvaLD50= 0.771429607341997
AIKOW= 3.60788203263655
AIKOC= 24.1612808848731
AIHalfLife= 0.573549170047045
EAppRate= 0.850624863058329
