ICQueenStrength= 2.98856038623489
RQWkrDrnRatio= 4.16513945348561
ICDroneMiteSurvivorship= 59.0529834153131
ICWorkerMiteSurvivorship= 49.0387341473252
ICForagerLifespan= 5.98565592709929
ImmType= Cosine
AIAdultSlope= 2.12687684833072
AIAdultLD50= 2.8876325909514
AIAdultSlopeContact= 2.89922209777404
AIAdultLD50Contact= 0.0285883358679712
AILarvaSlope= 1.18910387223586
AILarvaLD50= 0.899860631581396
AIKOW= 7.49718327168375
AIKOC= 13.562085358426
AIHalfLife= 4.87374652549624
EAppRate= 0.217824564082548
