ICQueenStrength= 2.56559072784148
RQWkrDrnRatio= 2.57612598314881
ICDroneMiteSurvivorship= 95.0619099661708
ICWorkerMiteSurvivorship= 29.9568950431421
ICForagerLifespan= 5.22451949585229
ImmType= Tangent
AIAdultSlope= 0.251253450689837
AIAdultLD50= 0.452499756705947
AIAdultSlopeContact= 1.53643652290106
AIAdultLD50Contact= 0.0156908871489577
AILarvaSlope= 3.38235116619617
AILarvaLD50= 0.793346166447736
AIKOW= 6.12751165963709
AIKOC= 21.8167596799321
AIHalfLife= 2.14526344323531
EAppRate= 0.52119162499439
