ICQueenStrength= 3.47678852407262
RQWkrDrnRatio= 1.41792008001357
ICDroneMiteSurvivorship= 0.674236984923482
ICWorkerMiteSurvivorship= 71.0023178486153
ICForagerLifespan= 8.47717702202499
ImmType= Exponential
AIAdultSlope= 2.87681353623047
AIAdultLD50= 0.779626021161675
AIAdultSlopeContact= 3.54612543944735
AIAdultLD50Contact= 0.0134842971805483
AILarvaSlope= 0.451334406156093
AILarvaLD50= 0.407605209667236
AIKOW= 7.61152955098078
AIKOC= 10.496674682945
AIHalfLife= 7.18655593506992
EAppRate= 0.587101137498394
