ICQueenStrength= 4.06972048943862
RQWkrDrnRatio= 1.68209861870855
ICDroneMiteSurvivorship= 73.254909622483
ICWorkerMiteSurvivorship= 90.0318922940642
ICForagerLifespan= 5.6185254920274
ImmType= Tangent
AIAdultSlope= 2.74420232409611
AIAdultLD50= 0.777891288511455
AIAdultSlopeContact= 1.28599371156888
AIAdultLD50Contact= 0.0372133644064888
AILarvaSlope= 1.18994655460119
AILarvaLD50= 0.35757210329175
AIKOW= 7.49544661678374
AIKOC= 29.9698047176935
AIHalfLife= 1.4076776728034
EAppRate= 0.319949703523889
