ICQueenStrength= 3.89541492937133
RQWkrDrnRatio= 1.79824516177177
ICDroneMiteSurvivorship= 94.6207634173334
ICWorkerMiteSurvivorship= 96.3567384285852
ICForagerLifespan= 15.5352162411436
ImmType= Exponential
AIAdultSlopeContact= 7.80434005893767
AIAdultLD50Contact= 0.192869435111061
AILarvaSlope= 4.98311680741608
AILarvaLD50= 1.06396667705849
AIKOW= 10.7750589959323
AIKOC= 21.75397798419
AIHalfLife= 12.3201637067832
