ICQueenStrength= 5.2462394060567
RQWkrDrnRatio= 3.96113478858024
ICDroneMiteSurvivorship= 52.6070813881233
ICWorkerMiteSurvivorship= 38.2231394760311
ICForagerLifespan= 6.08184928819537
ImmType= Tangent
AIAdultSlope= 2.46149034476839
AIAdultLD50= 2.86059846449643
AIAdultSlopeContact= 3.56229502006201
AIAdultLD50Contact= 0.00604612660827115
AILarvaSlope= 3.13024055189453
AILarvaLD50= 0.856379489391111
AIKOW= 5.4173642648384
AIKOC= 6.23163645621389
AIHalfLife= 4.92893737740815
EAppRate= 0.184499842347577
