ICQueenStrength= 2.42184555879794
RQWkrDrnRatio= 2.83198465127498
ICDroneMiteSurvivorship= 56.45395827014
ICWorkerMiteSurvivorship= 62.9875474609435
ICForagerLifespan= 6.97584541141987
ImmType= Cosine
AIAdultSlopeContact= 2.4076735600736
AIAdultLD50Contact= 0.0389094730024226
AILarvaSlope= 1.36409838376567
AILarvaLD50= 0.84649600640405
AIKOW= 5.17509967554361
AIKOC= 29.1916756436694
AIHalfLife= 12.1645862851292
