ICQueenStrength= 1.94405006733723
RQWkrDrnRatio= 2.39937607571483
ICDroneMiteSurvivorship= 8.75629656948149
ICWorkerMiteSurvivorship= 83.4426562534645
ICForagerLifespan= 5.77535620331764
ImmType= Logarithmic
AIAdultSlope= 5.29292886843905
