ICQueenStrength= 5.28267630282789
RQWkrDrnRatio= 2.34132201224566
ICDroneMiteSurvivorship= 11.2555794883519
ICWorkerMiteSurvivorship= 81.1095263343304
ICForagerLifespan= 11.9413545737043
ImmType= Polynomial
AIAdultSlopeContact= 3.54130695374217
AIAdultLD50Contact= 0.0295292279683054
AILarvaSlope= 0.607584406342357
AILarvaLD50= 0.310153387952596
AIKOW= 3.50927839800715
AIKOC= 28.448632407235
AIHalfLife= 12.0793058434501
