ICQueenStrength= 3.17558675538749
RQWkrDrnRatio= 3.60911262966692
