ICQueenStrength= 3.15816368116066
RQWkrDrnRatio= 4.85722469445318
ICDroneMiteSurvivorship= 55.4926646174863
ICWorkerMiteSurvivorship= 96.49427162949
ICForagerLifespan= 12.7352281287313
ImmType= Polynomial
AIAdultSlope= 1.53834727634676
AIAdultLD50= 0.489377846941352
AIAdultSlopeContact= 3.15550182066159
AIAdultLD50Contact= 0.0159691042732447
AILarvaSlope= 1.52624847698025
AILarvaLD50= 0.578443615953438
AIKOW= 5.4762876695022
AIKOC= 11.2294215138536
AIHalfLife= 2.89916487317532
EAppRate= 0.865071512991562
