ICQueenStrength= 4.96577071631327
RQWkrDrnRatio= 1.96943247132003
ICDroneMiteSurvivorship= 57.9183948924765
ICWorkerMiteSurvivorship= 19.8498786892742
ICForagerLifespan= 9.25872724875808
ImmType= Logarithmic
AIAdultSlope= 1.32427002373151
AIAdultLD50= 0.775149780325592
AIAdultSlopeContact= 3.56560056868941
AIAdultLD50Contact= 0.0019884747103788
AILarvaSlope= 0.460922442749143
AILarvaLD50= 0.830269952164963
AIKOW= 6.66794819524512
AIKOC= 22.0911011693534
AIHalfLife= 4.65424066968262
EAppRate= 0.655931647401303
