ICQueenStrength= 2.8154690170195
RQWkrDrnRatio= 3.72153624147177
ICDroneMiteSurvivorship= 2.29632146656513
ICWorkerMiteSurvivorship= 46.693921694532
ICForagerLifespan= 13.4830109896138
ImmType= Exponential
AIAdultSlope= 9.6385562303476
