ICQueenStrength= 5.13273231009953
RQWkrDrnRatio= 4.28104495257139
ICDroneMiteSurvivorship= 42.4994895234704
ICWorkerMiteSurvivorship= 56.0969296609983
ICForagerLifespan= 8.27964610233903
ImmType= Sine
AIAdultSlope= 2.593295263045
AIAdultLD50= 0.435206297435798
AIAdultSlopeContact= 1.99805043625413
AIAdultLD50Contact= 0.0490236778394319
AILarvaSlope= 2.33913087327965
AILarvaLD50= 0.799656598968431
AIKOW= 6.90857905102894
AIKOC= 8.31030251109041
AIHalfLife= 3.0165327526629
EAppRate= 0.0137722873827443
