ICQueenStrength= 2.63085802341811
RQWkrDrnRatio= 1.392488848418
ICDroneMiteSurvivorship= 16.8229531031102
ICWorkerMiteSurvivorship= 4.84696205239743
ICForagerLifespan= 11.316066019237
ImmType= Tangent
AIAdultSlope= 0.804257433763705
AIAdultLD50= 0.018707170849666
AIAdultSlopeContact= 2.35915106632747
AIAdultLD50Contact= 0.0204441619105637
AILarvaSlope= 0.109431982506067
AILarvaLD50= 0.202206884510815
AIKOW= 3.87760498654097
AIKOC= 23.951281014597
AIHalfLife= 3.01321567501873
EAppRate= 0.206649797828868
