ICQueenStrength= 4.32682192325592
RQWkrDrnRatio= 3.359045506455
ICDroneMiteSurvivorship= 93.7020193086937
ICWorkerMiteSurvivorship= 60.4029563721269
ICForagerLifespan= 9.20754775591195
ImmType= Logarithmic
AIAdultSlope= 1.71019704495557
AIAdultLD50= 1.40608918550424
AIAdultSlopeContact= 1.058879660354
AIAdultLD50Contact= 0.0410449841525406
AILarvaSlope= 2.10309894499369
AILarvaLD50= 0.811302538448945
AIKOW= 6.94529204536229
AIKOC= 10.6633459404111
AIHalfLife= 5.95303115900606
EAppRate= 0.94707120442763
