ICQueenStrength= 4.57493498944677
RQWkrDrnRatio= 2.23774702940136
ICDroneMiteSurvivorship= 49.3010562611744
ICWorkerMiteSurvivorship= 40.5794336693361
ICForagerLifespan= 11.7504433793947
ImmType= Polynomial
AIAdultSlope= 1.65496386354789
