ICQueenStrength= 1.29278355767019
RQWkrDrnRatio= 1.5629099290818
ICDroneMiteSurvivorship= 24.3209264008328
ICWorkerMiteSurvivorship= 25.8087695110589
ICForagerLifespan= 9.78009058348835
ImmType= Cosine
AIAdultSlopeContact= 1.13564335280098
AIAdultLD50Contact= 0.0465212982031517
AILarvaSlope= 1.33564433734864
AILarvaLD50= 0.122606154112145
AIKOW= 5.85917893797159
AIKOC= 7.25765177165158
AIHalfLife= 1.45869098091498
