ICQueenStrength= 5.65760089457035
RQWkrDrnRatio= 1.5687815900892
ICDroneMiteSurvivorship= 65.097092743963
ICWorkerMiteSurvivorship= 43.0751315085217
ICForagerLifespan= 10.3995389910415
ImmType= Polynomial
AIAdultSlope= 5.41778961895034
