ICQueenStrength= 5.81257807812653
RQWkrDrnRatio= 1.27400893159211
ICDroneMiteSurvivorship= 22.6152715738863
ICWorkerMiteSurvivorship= 19.1447763005272
ICForagerLifespan= 4.48968969006091
ImmType= Cosine
AIAdultSlope= 0.12826688545756
AIAdultSlopeContact= 0.358094487504568
AIAdultLD50Contact= 0.0143480943865143
AILarvaSlope= 2.10131540619768
AILarvaLD50= 0.121182968770154
AIKOW= 5.57824431126937
AIKOC= 9.63284029392526
AIHalfLife= 0.740047483239323
