ICQueenStrength= 1.68974200868979
RQWkrDrnRatio= 3.82429383229464
ICDroneMiteSurvivorship= 13.0840016761795
ICWorkerMiteSurvivorship= 91.0549430176616
ICForagerLifespan= 14.332866275683
ImmType= Exponential
AIAdultSlope= 2.78747499003075
AIAdultLD50= 0.308710658340715
AIAdultSlopeContact= 1.92452958215028
AIAdultLD50Contact= 0.0170487531926483
AILarvaSlope= 2.00385733880103
AILarvaLD50= 0.636482971231453
AIKOW= 5.83793589146808
AIKOC= 26.0499169770628
AIHalfLife= 2.54772949498147
EAppRate= 0
