ICQueenStrength= 4.16169249592349
RQWkrDrnRatio= 3.30308423098177
ICDroneMiteSurvivorship= 2.20534298568964
ICWorkerMiteSurvivorship= 27.6419514091685
ICForagerLifespan= 9.75033960770816
ImmType= Cosine
AIAdultSlope= 1.92087584476685
AIAdultLD50= 0.39736577286385
AIAdultSlopeContact= 0.673942535002716
AIAdultLD50Contact= 0.022394554654602
AILarvaSlope= 1.01334535786882
AILarvaLD50= 0.0726131874136627
AIKOW= 3.96127091161907
AIKOC= 15.3509276581462
AIHalfLife= 1.87997446279041
EAppRate= 0.453837067796849
