ICQueenStrength= 3.50218621920794
RQWkrDrnRatio= 3.71711417194456
ICDroneMiteSurvivorship= 3.54264250490814
ICWorkerMiteSurvivorship= 53.0442914227024
ICForagerLifespan= 12.8034105915576
ImmType= Polynomial
AIAdultSlopeContact= 2.88926052968251
AIAdultLD50Contact= 0.0145924885291606
AILarvaSlope= 1.25726583939977
AILarvaLD50= 0.611832685209811
AIKOW= 2.7768319263123
AIKOC= 15.8783265051898
AIHalfLife= 5.55636933958158
