ICQueenStrength= 2.00037406897172
RQWkrDrnRatio= 4.87580918893218
ICDroneMiteSurvivorship= 77.0442643435672
ICWorkerMiteSurvivorship= 57.685272092931
ICForagerLifespan= 5.82224825210869
ImmType= Tangent
AIAdultSlope= 0.908904902311042
AIAdultLD50= 2.12807460059412
AIAdultSlopeContact= 2.57470451772446
AIAdultLD50Contact= 0.035921006440185
AILarvaSlope= 0.134920225525275
AILarvaLD50= 0.0960549926385283
AIKOW= 6.39564820425585
AIKOC= 11.29350253148
AIHalfLife= 13.3803434330039
EAppRate= 0.227579920552671
