ICQueenStrength= 2.85440953471698
RQWkrDrnRatio= 4.42791760805994
ICDroneMiteSurvivorship= 2.62370116543025
ICWorkerMiteSurvivorship= 52.4521169485524
ICForagerLifespan= 4.89553234726191
ImmType= Logarithmic
AIAdultSlope= 1.12718537298264
AIAdultLD50= 0.101183849619702
AIAdultSlopeContact= 2.97547734408639
AIAdultLD50Contact= 0.0164061515824869
AILarvaSlope= 0.588267152523622
AILarvaLD50= 0.313026430062018
AIKOW= 6.11118386592716
AIKOC= 24.8192385025322
AIHalfLife= 1.09257121221162
EAppRate= 0.370786922145635
