ICQueenStrength= 2.44272921723314
RQWkrDrnRatio= 3.27554541639984
ICDroneMiteSurvivorship= 88.0461545893922
ICWorkerMiteSurvivorship= 48.5130503540859
ICForagerLifespan= 15.1667263116688
ImmType= Sine
AIAdultSlope= 1.21278549428098
AIAdultLD50= 1.77017540554516
AIAdultSlopeContact= 2.0905983257317
AIAdultLD50Contact= 0.0073585050413385
AILarvaSlope= 0.136904058698565
AILarvaLD50= 0.038115536654368
AIKOW= 5.61967389751226
AIKOC= 7.52686674357392
AIHalfLife= 13.2239777678624
EAppRate= 0.337372793117538
