ICQueenStrength= 3.0339298248291
RQWkrDrnRatio= 1.75110599398613
ICDroneMiteSurvivorship= 99.4653745787218
ICWorkerMiteSurvivorship= 74.5564782526344
ICForagerLifespan= 7.83849561121315
ImmType= Cosine
AIAdultSlope= 0.67933420590125
AIAdultLD50= 1.93689224612899
AIAdultSlopeContact= 2.78134987048572
AIAdultLD50Contact= 0.0149561974569224
AILarvaSlope= 1.74928148961626
AILarvaLD50= 0.130993044725619
AIKOW= 6.20421941345558
AIKOC= 15.3741069789976
AIHalfLife= 0.657002853695303
EAppRate= 0.136460826266557
