ICQueenStrength= 5.42434507072903
RQWkrDrnRatio= 4.04775306489319
ICDroneMiteSurvivorship= 53.7148392992094
ICWorkerMiteSurvivorship= 83.6178165627643
ICForagerLifespan= 13.3496786979958
ImmType= Sine
AIAdultSlope= 1.85457776375115
AIAdultLD50= 2.28359972499311
AIAdultSlopeContact= 1.16922044966603
AIAdultLD50Contact= 0.049007425585296
AILarvaSlope= 1.83185349004343
AILarvaLD50= 0.234306847862899
AIKOW= 4.08512393571436
AIKOC= 21.1249006981961
AIHalfLife= 11.3451338056475
EAppRate= 0.852599969366565
