ICQueenStrength= 1.8654172916431
RQWkrDrnRatio= 4.05831618234515
ICDroneMiteSurvivorship= 83.2543803844601
ICWorkerMiteSurvivorship= 53.5022828960791
ICForagerLifespan= 7.25516664609313
ImmType= Polynomial
AIAdultSlope= 1.83363263295032
AIAdultLD50= 1.22113431547768
AIAdultSlopeContact= 2.02586257267976
AIAdultLD50Contact= 0.0144184316508472
AILarvaSlope= 2.96068949922919
AILarvaLD50= 0.592894927924499
AIKOW= 5.35574584919959
AIKOC= 21.9093100703321
AIHalfLife= 9.88470328133553
EAppRate= 0.785387494135648
