ICQueenStrength= 2.92554577137344
RQWkrDrnRatio= 4.38275464437902
ICDroneMiteSurvivorship= 19.75232292898
ICWorkerMiteSurvivorship= 33.8224142324179
ICForagerLifespan= 13.2283126711845
ImmType= Tangent
AIAdultLD50= 0.154012839635834
AIAdultSlopeContact= 3.79733210310806
AIAdultLD50Contact= 0.0434356949175708
AILarvaSlope= 1.48502735947259
AILarvaLD50= 0.0260665189940482
AIKOW= 6.6070883194916
AIKOC= 16.2793717358727
AIHalfLife= 11.0885669100098
EAppRate= 1.73108738195151
