ICQueenStrength= 1.00597162754275
RQWkrDrnRatio= 1.0782164381817
ICDroneMiteSurvivorship= 67.1131013892591
ICWorkerMiteSurvivorship= 2.06467967946082
ICForagerLifespan= 14.481637172401
ImmType= Exponential
AIAdultSlopeContact= 1.15221852348419
AIAdultLD50Contact= 0.0401422830531374
AILarvaSlope= 1.96022941539995
AILarvaLD50= 0.248909833515063
AIKOW= 5.82769824191928
AIKOC= 21.8380162329413
AIHalfLife= 5.4910150654614
