ICQueenStrength= 2.17448167409748
RQWkrDrnRatio= 4.51097357738763
ICDroneMiteSurvivorship= 25.1461688661948
ICWorkerMiteSurvivorship= 89.9359482107684
ICForagerLifespan= 10.2846598951146
ImmType= Sine
AIAdultLD50= 0.154012839635834
AIAdultSlopeContact= 2.47739210885251
AIAdultLD50Contact= 0.0138779895147309
AILarvaSlope= 1.80722855357453
AILarvaLD50= 0.100713610835373
AIKOW= 2.75408967165276
AIKOC= 5.21923221647739
AIHalfLife= 5.60437938198447
EAppRate= 0.246230842079967
