ICQueenStrength= 1.73906660778448
RQWkrDrnRatio= 1.7506966907531
ICDroneMiteSurvivorship= 76.209095842205
ICWorkerMiteSurvivorship= 23.158342926763
ICForagerLifespan= 5.96914463676512
ImmType= Polynomial
AIAdultSlope= 1.026692281547
AIAdultLD50= 0.143272340996191
AIAdultSlopeContact= 3.30348349045962
AIAdultLD50Contact= 0.0425091721233912
AILarvaSlope= 0.934771308954805
AILarvaLD50= 0.402146109030582
AIKOW= 3.4511749628
AIKOC= 9.93772595073096
AIHalfLife= 4.11461891140789
EAppRate= 0
