ICQueenStrength= 1.95342168468051
RQWkrDrnRatio= 3.98775085061789
ICDroneMiteSurvivorship= 81.0655032517388
ICWorkerMiteSurvivorship= 13.9975351747125
ICForagerLifespan= 5.69621796999127
ImmType= Exponential
AIAdultSlope= 6.64381233276799
