ICQueenStrength= 5.92251871037297
RQWkrDrnRatio= 2.10457013081759
ICDroneMiteSurvivorship= 84.093145118095
ICWorkerMiteSurvivorship= 63.1628965260461
ICForagerLifespan= 6.06114103924483
ImmType= Cosine
AIAdultSlope= 1.64722729743691
AIAdultLD50= 0.312379901646636
AIAdultSlopeContact= 0.165723574406002
AIAdultLD50Contact= 0.0233888913877308
AILarvaSlope= 1.33576388526708
AILarvaLD50= 0.599972327216528
AIKOW= 7.86027589114383
AIKOC= 23.556469125906
AIHalfLife= 1.79735569981858
EAppRate= 0.491859393077902
