ICQueenStrength= 4.60822745482437
RQWkrDrnRatio= 3.58859028946608
ICDroneMiteSurvivorship= 17.4662960227579
ICWorkerMiteSurvivorship= 24.1355190984905
ICForagerLifespan= 9.07734581734985
ImmType= Exponential
AIAdultSlope= 3.27753497809172
AIAdultLD50= 1.9521270620171
AIAdultSlopeContact= 3.64532994223991
AIAdultLD50Contact= 0.0115402689552866
AILarvaSlope= 0.836049857642502
AILarvaLD50= 0.409684163890779
AIKOW= 3.18698651809245
AIKOC= 22.2393132874276
AIHalfLife= 11.3905039103702
EAppRate= 0.902380587300286
