ICQueenStrength= 1.94289719476365
RQWkrDrnRatio= 4.00831578299403
ICDroneMiteSurvivorship= 26.5527515672147
ICWorkerMiteSurvivorship= 83.2366578979418
ICForagerLifespan= 8.44267584849149
ImmType= Cosine
AIAdultSlope= 2.82306166903814
AIAdultLD50= 0.0203850192483515
AIAdultSlopeContact= 2.25181869433494
AIAdultLD50Contact= 0.00922624092781916
AILarvaSlope= 0.410837128432468
AILarvaLD50= 0.148126007895917
AIKOW= 5.9212044053711
AIKOC= 24.3590298586059
AIHalfLife= 4.99883736600168
EAppRate= 0
