ICQueenStrength= 2.1962708842475
RQWkrDrnRatio= 1.05528259836137
ICDroneMiteSurvivorship= 81.7260368028656
ICWorkerMiteSurvivorship= 37.6986188581213
ICForagerLifespan= 14.0313080614433
ImmType= Exponential
AIAdultSlope= 3.05919204112142
AIAdultLD50= 0.542350095463917
AIAdultSlopeContact= 3.08805563531583
AIAdultLD50Contact= 0.0237762618693523
AILarvaSlope= 1.53303260602988
AILarvaLD50= 0.143514765053987
AIKOW= 7.43201183294877
AIKOC= 6.93126917583868
AIHalfLife= 6.98033274151385
EAppRate= 0.949678552336991
