ICQueenStrength= 1.34585491474718
RQWkrDrnRatio= 3.69603617675602
