ICQueenStrength= 1.24205001886003
RQWkrDrnRatio= 2.1357905510813
ICDroneMiteSurvivorship= 65.9707521321252
ICWorkerMiteSurvivorship= 88.0771508906037
ICForagerLifespan= 4.42464618012309
ImmType= Exponential
AIAdultLD50= 0.154012839635834
AIAdultSlopeContact= 0.0371376390103251
AIAdultLD50Contact= 0.0242387168807909
AILarvaSlope= 0.63790556807071
AILarvaLD50= 0.208606995851733
AIKOW= 5.18695772998035
AIKOC= 13.6027315934189
AIHalfLife= 5.372728520073
EAppRate= 0.291267968248576
