ICQueenStrength= 1.40587107650936
RQWkrDrnRatio= 1.30584449227899
ICDroneMiteSurvivorship= 23.5531970160082
ICWorkerMiteSurvivorship= 5.37786358036101
ICForagerLifespan= 4.85037346091121
ImmType= Tangent
AIAdultSlope= 6.96179568534717
