ICQueenStrength= 5.32200348936021
RQWkrDrnRatio= 2.36450478900224
ICDroneMiteSurvivorship= 19.616313977167
ICWorkerMiteSurvivorship= 49.7842804994434
ICForagerLifespan= 10.4784665592015
ImmType= Polynomial
AIAdultSlope= 0.926469352142885
AIAdultLD50= 2.36176046705805
AIAdultSlopeContact= 2.44489460081561
AIAdultLD50Contact= 0.000586883607320488
AILarvaSlope= 1.04443621737882
AILarvaLD50= 0.000243548350408673
AIKOW= 2.68283883156255
AIKOC= 10.0747055909596
AIHalfLife= 6.39119224762544
EAppRate= 0.12919793324545
