ICQueenStrength= 1.05490534589626
RQWkrDrnRatio= 2.96697899326682
ICDroneMiteSurvivorship= 82.9247203655541
ICWorkerMiteSurvivorship= 59.5764520345256
ICForagerLifespan= 13.0015213545412
ImmType= Polynomial
AIAdultSlope= 3.33091347943991
AIAdultLD50= 0.935882161604241
AIAdultSlopeContact= 3.06372890947387
AIAdultLD50Contact= 0.0929370224941522
AILarvaSlope= 4.09894210286438
AILarvaLD50= 0.0318384226411581
AIKOW= 31.1461699195206
AIKOC= 61.6567330434918
AIHalfLife= 5.34969243826345
EAppRate= 0.648811048828065
