ICQueenStrength= 4.39933034963906
RQWkrDrnRatio= 1.60379107948393
ICDroneMiteSurvivorship= 79.0606238879263
ICWorkerMiteSurvivorship= 80.8733101701364
ICForagerLifespan= 15.8340772902593
ImmType= Polynomial
AIAdultSlope= 2.92639958662912
AIAdultLD50= 1.34009950119071
AIAdultSlopeContact= 3.85694038775051
AIAdultLD50Contact= 0.0347375486977398
AILarvaSlope= 1.83668238571845
AILarvaLD50= 0.833314699237235
AIKOW= 2.15658671269193
AIKOC= 24.4710620853584
AIHalfLife= 9.10753738554195
EAppRate= 0.273445262107998
