ICQueenStrength= 2.02360279299319
RQWkrDrnRatio= 2.5147887384519
ICDroneMiteSurvivorship= 5.07612985093147
ICWorkerMiteSurvivorship= 23.8404920324683
ICForagerLifespan= 10.4618633361533
ImmType= Tangent
AIAdultSlope= 1.96799586867448
AIAdultLD50= 0.10661979962606
AIAdultSlopeContact= 1.82704973112792
AIAdultLD50Contact= 0.0446907158358954
AILarvaSlope= 2.44301972985268
AILarvaLD50= 0.0313660160405561
AIKOW= 5.84753554686904
AIKOC= 26.3825290207751
AIHalfLife= 1.00994299864396
EAppRate= 0.597315134783275
