ICQueenStrength= 4.88965092017315
RQWkrDrnRatio= 2.59889306593686
ICDroneMiteSurvivorship= 60.740961949341
ICWorkerMiteSurvivorship= 58.2409761380404
ICForagerLifespan= 10.1968369148672
ImmType= Sine
AIAdultSlope= 3.22168362992816
AIAdultLD50= 0.694055005442351
AIAdultSlopeContact= 1.99850708834594
AIAdultLD50Contact= 0.0318137337104417
AILarvaSlope= 2.67320354632102
AILarvaLD50= 0.355875616357662
AIKOW= 4.80779998051003
AIKOC= 26.1105935974047
AIHalfLife= 13.3232061066665
EAppRate= 0.125268457923084
