ICQueenStrength= 3.25082512828521
RQWkrDrnRatio= 3.62900680769235
ICDroneMiteSurvivorship= 54.9743619980291
ICWorkerMiteSurvivorship= 83.2064081216231
ICForagerLifespan= 10.2712168088183
ImmType= Tangent
AIAdultSlope= 2.99192898006644
AIAdultLD50= 0.255787678877823
AIAdultSlopeContact= 2.57297564311652
AIAdultLD50Contact= 0.0254356398712844
AILarvaSlope= 2.93977091079578
AILarvaLD50= 0.868082805094309
AIKOW= 5.93440921371803
AIKOC= 9.97252165805548
AIHalfLife= 2.504356111167
EAppRate= 0.0395081821829081
