ICQueenStrength= 2.03057752479799
RQWkrDrnRatio= 3.80619802791625
ICDroneMiteSurvivorship= 35.4566894471645
ICWorkerMiteSurvivorship= 52.4979428621009
ICForagerLifespan= 11.7994875879958
ImmType= Sine
AIAdultSlope= 1.5020629805373
AIAdultLD50= 0.17871435941197
AIAdultSlopeContact= 2.68141925005708
AIAdultLD50Contact= 0.0025860256049782
AILarvaSlope= 1.71878079543822
AILarvaLD50= 0.79766688728705
AIKOW= 4.80654496513307
AIKOC= 7.39265422569588
AIHalfLife= 4.0629280754365
EAppRate= 0.319457967206836
