ICQueenStrength= 5.5935650030151
RQWkrDrnRatio= 4.94883284252137
ICDroneMiteSurvivorship= 89.4681771285832
ICWorkerMiteSurvivorship= 76.816722122021
ICForagerLifespan= 11.5621694363654
ImmType= Tangent
AIAdultSlope= 2.77815368752927
AIAdultLD50= 1.70644376683049
AIAdultSlopeContact= 0.569946552535985
AIAdultLD50Contact= 0.0386166794691235
AILarvaSlope= 2.02032401962206
AILarvaLD50= 0.735953924898058
AIKOW= 3.94863627804443
AIKOC= 28.1166364450473
AIHalfLife= 4.1160772042349
EAppRate= 0.5287151907105
