ICQueenStrength= 4.26433670474216
RQWkrDrnRatio= 2.12216992955655
ICDroneMiteSurvivorship= 47.8884431300685
ICWorkerMiteSurvivorship= 7.23031205125153
ICForagerLifespan= 14.8561553051695
ImmType= Cosine
AIAdultSlope= 3.38782872670563
AIAdultLD50= 0.223114443826489
AIAdultSlopeContact= 0.894522295198403
AIAdultLD50Contact= 0.0106325617758557
AILarvaSlope= 2.89632354341447
AILarvaLD50= 0.43306798688136
AIKOW= 3.79159890953451
AIKOC= 6.62104173796251
AIHalfLife= 1.13189932424575
EAppRate= 0
