ICQueenStrength= 4.92786652431823
RQWkrDrnRatio= 3.15007043909281
ICDroneMiteSurvivorship= 95.44289088808
ICWorkerMiteSurvivorship= 42.5185096217319
ICForagerLifespan= 12.9190338607877
ImmType= Cosine
AIAdultSlope= 7.82109772786498
