ICQueenStrength= 1.22359300986864
RQWkrDrnRatio= 1.37799722887576
ICDroneMiteSurvivorship= 68.7858598073944
ICWorkerMiteSurvivorship= 79.27613069769
ICForagerLifespan= 11.03823522944
ImmType= Cosine
AIAdultSlope= 2.2032310357783
AIAdultLD50= 0.549349161330611
AIAdultSlopeContact= 1.1534952698811
AIAdultLD50Contact= 0.0349946646718308
AILarvaSlope= 0.250293576344848
AILarvaLD50= 0.0085099799092859
AIKOW= 6.55637097125873
AIKOC= 19.557037409395
AIHalfLife= 7.92920741531998
EAppRate= 0.0728228243533522
