ICQueenStrength= 4.72100863023661
RQWkrDrnRatio= 2.10103538073599
ICDroneMiteSurvivorship= 48.0135327437893
ICWorkerMiteSurvivorship= 30.0630136393011
ICForagerLifespan= 10.1750286836177
ImmType= Exponential
AIAdultSlope= 1.54775648227427
AIAdultLD50= 0.373087779968046
AIAdultSlopeContact= 1.07734626522521
AIAdultLD50Contact= 0.0442890298552811
AILarvaSlope= 2.61544450181536
AILarvaLD50= 0.0864564583171159
AIKOW= 6.64626784389839
AIKOC= 26.8690737907309
AIHalfLife= 4.61221585865133
EAppRate= 0.623544912110083
