ICQueenStrength= 3.9377617186401
RQWkrDrnRatio= 4.2357647260651
ICDroneMiteSurvivorship= 92.0283849583939
ICWorkerMiteSurvivorship= 75.3201322862878
ICForagerLifespan= 12.3062867932022
ImmType= Cosine
AIAdultSlope= 2.16732144821435
AIAdultLD50= 0.665441660676152
AIAdultSlopeContact= 0.724627712778747
AIAdultLD50Contact= 0.0447550131822936
AILarvaSlope= 1.09088861234486
AILarvaLD50= 0.244553526677191
AIKOW= 7.09842552430928
AIKOC= 12.0884148473851
AIHalfLife= 0.507450419478118
EAppRate= 0.578543332638219
