ICQueenStrength= 3.11265751044266
RQWkrDrnRatio= 4.73298097960651
ICDroneMiteSurvivorship= 51.0356648592278
ICWorkerMiteSurvivorship= 10.4179806541651
ICForagerLifespan= 7.13660730235279
ImmType= Sine
AIAdultSlope= 2.09613922962919
AIAdultLD50= 0.174477796070278
AIAdultSlopeContact= 3.51305520663969
AIAdultLD50Contact= 0.00470584577415139
AILarvaSlope= 0.493942580651492
AILarvaLD50= 0.443944375449792
AIKOW= 6.49426240148023
AIKOC= 24.9089324218221
AIHalfLife= 2.46589448070154
EAppRate= 0
