ICQueenStrength= 1.62102482002228
RQWkrDrnRatio= 3.68550254311413
