ICQueenStrength= 4.42882364755496
RQWkrDrnRatio= 2.03707671072334
ICDroneMiteSurvivorship= 54.2092385701835
ICWorkerMiteSurvivorship= 99.5882382849231
ICForagerLifespan= 5.29044812079519
ImmType= Cosine
AIAdultSlope= 3.79526132779196
AIAdultLD50= 0.270257411524653
AIAdultSlopeContact= 3.29070879139239
AIAdultLD50Contact= 0.0182982432190329
AILarvaSlope= 1.83395106536336
AILarvaLD50= 0.0723466112511233
AIKOW= 7.91403330257162
AIKOC= 13.3429260295816
AIHalfLife= 4.11865829722956
EAppRate= 0.201344276196323
