ICQueenStrength= 5.970208943123
RQWkrDrnRatio= 1.56950152944773
ICDroneMiteSurvivorship= 93.3089619502425
ICWorkerMiteSurvivorship= 52.055672253482
ICForagerLifespan= 6.83064856659621
ImmType= Logarithmic
AIAdultSlope= 1.30852618953213
