ICQueenStrength= 2.22103992849588
RQWkrDrnRatio= 1.68519562296569
ICDroneMiteSurvivorship= 63.2539084879681
ICWorkerMiteSurvivorship= 16.0627373494208
ICForagerLifespan= 5.95633135829121
ImmType= Exponential
AIAdultSlope= 0.909117948170751
AIAdultLD50= 2.71234670933336
AIAdultSlopeContact= 2.12008011455415
AIAdultLD50Contact= 0.0193395044887438
AILarvaSlope= 3.22636344376951
AILarvaLD50= 0.371508306032047
AIKOW= 3.33821280673146
AIKOC= 19.9010458961129
AIHalfLife= 8.30093277618289
EAppRate= 0.0942392649594694
