ICQueenStrength= 1.22863653837703
RQWkrDrnRatio= 2.68653064593673
ICDroneMiteSurvivorship= 62.5514287967235
ICWorkerMiteSurvivorship= 76.3071970082819
ICForagerLifespan= 9.29150897823274
ImmType= Logarithmic
AIAdultSlope= 9.89391224924475
