ICQueenStrength= 4.48668749444187
RQWkrDrnRatio= 4.49344429839402
ICDroneMiteSurvivorship= 94.2595374770463
ICWorkerMiteSurvivorship= 75.3833419643342
ICForagerLifespan= 6.48858005553484
ImmType= Logarithmic
AIAdultSlope= 3.00464321431937
AIAdultLD50= 0.0991755108116195
AIAdultSlopeContact= 2.40581527905073
AIAdultLD50Contact= 0.0236166800488718
AILarvaSlope= 0.291119842790067
AILarvaLD50= 0.0890613220632076
AIKOW= 6.23464977601543
AIKOC= 25.6041322846431
AIHalfLife= 1.26490234048106
EAppRate= 0.475979367480613
