ICQueenStrength= 3.5575128919445
RQWkrDrnRatio= 4.25479284394532
ICDroneMiteSurvivorship= 5.78073193319142
ICWorkerMiteSurvivorship= 55.7807799894363
ICForagerLifespan= 4.26633479446173
ImmType= Logarithmic
AIAdultSlope= 2.73896444053389
AIAdultSlopeContact= 1.4338020363939
AIAdultLD50Contact= 0.0117454002029262
AILarvaSlope= 0.606872363341972
AILarvaLD50= 0.145669355266728
AIKOW= 3.49325031321496
AIKOC= 21.5271619451232
AIHalfLife= 3.36870225751773
