ICQueenStrength= 3.53031445085071
RQWkrDrnRatio= 3.87726952973753
ICDroneMiteSurvivorship= 7.12296648416668
ICWorkerMiteSurvivorship= 41.8658592738211
ICForagerLifespan= 10.3950055241585
ImmType= Logarithmic
AIAdultSlope= 3.99156266124919
