ICQueenStrength= 2.96506159962155
RQWkrDrnRatio= 1.57132692169398
ICDroneMiteSurvivorship= 41.8161168228835
ICWorkerMiteSurvivorship= 62.118581472896
ICForagerLifespan= 6.05700108315796
ImmType= Cosine
AIAdultSlope= 1.13250387832522
