ICQueenStrength= 1.86940558860078
RQWkrDrnRatio= 1.25663177855313
ICDroneMiteSurvivorship= 74.9991721706465
ICWorkerMiteSurvivorship= 70.1425528153777
ICForagerLifespan= 10.0174261415377
ImmType= Polynomial
AIAdultSlope= 0.227259754622355
AIAdultLD50= 0.519085250794888
AIAdultSlopeContact= 2.31521392104216
AIAdultLD50Contact= 0.041338156897109
AILarvaSlope= 0.436842009145766
AILarvaLD50= 0.360996276908554
AIKOW= 3.59437067713588
AIKOC= 13.5632088594139
AIHalfLife= 7.38337096897885
EAppRate= 0.168919600779191
