ICQueenStrength= 4.51938931504264
RQWkrDrnRatio= 2.15164711046964
ICDroneMiteSurvivorship= 16.8827406363562
ICWorkerMiteSurvivorship= 59.3046731548384
ICForagerLifespan= 9.48403303511441
ImmType= Exponential
AIAdultSlope= 3.17442289879546
AIAdultLD50= 0.276653661159799
AIAdultSlopeContact= 3.78149338800693
AIAdultLD50Contact= 0.0315893669147044
AILarvaSlope= 0.753616058174521
AILarvaLD50= 0.132906986307353
AIKOW= 5.21037176903337
AIKOC= 19.866104273824
AIHalfLife= 5.59914986463264
EAppRate= 0.271506416145712
