ICQueenStrength= 4.11706461245194
RQWkrDrnRatio= 3.5912967287004
ICDroneMiteSurvivorship= 8.86712425854057
ICWorkerMiteSurvivorship= 3.34687093272805
ICForagerLifespan= 13.9446863112971
ImmType= Tangent
AIAdultSlope= 1.48608789523132
AIAdultLD50= 2.12737202458084
AIAdultSlopeContact= 3.76653862493578
AIAdultLD50Contact= 0.0148418162716553
AILarvaSlope= 1.4253068562597
AILarvaLD50= 0.18917566454038
AIKOW= 7.16193703748286
AIKOC= 5.04724098253064
AIHalfLife= 11.3786711473949
EAppRate= 0.458274193806574
