ICQueenStrength= 5.68007072224282
RQWkrDrnRatio= 4.16357378195971
ICDroneMiteSurvivorship= 61.4469063468277
ICWorkerMiteSurvivorship= 97.1062043681741
ICForagerLifespan= 14.1287563471124
ImmType= Exponential
AIAdultSlope= 0.413492874680087
AIAdultLD50= 0.258630969561636
AIAdultSlopeContact= 2.85664295671508
AIAdultLD50Contact= 0.0031556565547362
AILarvaSlope= 0.313296132860705
AILarvaLD50= 0.334975208994001
AIKOW= 3.17992427153513
AIKOC= 26.1616557382513
AIHalfLife= 2.96175406663679
EAppRate= 0.101153235463426
