ICQueenStrength= 4.52835685596801
RQWkrDrnRatio= 4.16138839349151
ICDroneMiteSurvivorship= 37.5562289729714
ICWorkerMiteSurvivorship= 6.27540198620409
ICForagerLifespan= 14.242223081179
ImmType= Cosine
AIAdultSlope= 2.01668108813465
