ICQueenStrength= 5.05565148568712
RQWkrDrnRatio= 1.16455071698874
ICDroneMiteSurvivorship= 90.1036774972454
ICWorkerMiteSurvivorship= 79.9509670352563
ICForagerLifespan= 15.8259536055848
ImmType= Tangent
AIAdultSlope= 6.34365431964397
AIAdultLD50= 0.752533464692533
AIAdultSlopeContact= 5.66245586145669
AIAdultLD50Contact= 0.0948854842223227
AILarvaSlope= 6.65293796686456
AILarvaLD50= 0.924886083696038
AIKOW= 38.9081084635109
AIKOC= 7.85457384772599
AIHalfLife= 2.54492720356211
EAppRate= 1.72019777679816
