ICQueenStrength= 5.82165149413049
RQWkrDrnRatio= 4.12230013590306
ICDroneMiteSurvivorship= 43.4209028724581
ICWorkerMiteSurvivorship= 60.392791335471
ICForagerLifespan= 15.1799054741859
ImmType= Cosine
AIAdultSlopeContact= 2.64821175717982
AIAdultLD50Contact= 0.0215608956990764
AILarvaSlope= 2.63103137705475
AILarvaLD50= 0.29209042894654
AIKOW= 6.97155398828909
AIKOC= 8.58877152903005
AIHalfLife= 12.9407560871914
