ICQueenStrength= 1.06131851230748
RQWkrDrnRatio= 4.68107003904879
ICDroneMiteSurvivorship= 84.2961396789178
ICWorkerMiteSurvivorship= 75.0843281857669
ICForagerLifespan= 4.10342570580542
ImmType= Polynomial
AIAdultSlope= 1.41909310747869
AIAdultLD50= 1.41483501694165
AIAdultSlopeContact= 0.574466335836332
AIAdultLD50Contact= 0.0253434427897446
AILarvaSlope= 2.11447207592428
AILarvaLD50= 0.264182319282554
AIKOW= 2.99965435871854
AIKOC= 25.1875923899934
AIHalfLife= 5.70611677132547
EAppRate= 0.657846063142642
