ICQueenStrength= 1.57455748785287
RQWkrDrnRatio= 4.92379506770521
ICDroneMiteSurvivorship= 1.90077505540103
ICWorkerMiteSurvivorship= 97.7968813851476
ICForagerLifespan= 4.74775212444365
ImmType= Tangent
AIAdultSlopeContact= 7.0584191987291
AIAdultLD50Contact= 0.0945566925685853
AILarvaSlope= 2.82247455557808
AILarvaLD50= 0.138978381175548
AIKOW= 42.0479935128242
AIKOC= 52.0650791237131
AIHalfLife= 4.44220810988918
