ICQueenStrength= 3.73107348708436
RQWkrDrnRatio= 3.99938551429659
ICDroneMiteSurvivorship= 12.0244161691517
ICWorkerMiteSurvivorship= 46.9611981185153
ICForagerLifespan= 8.84730262681842
ImmType= Polynomial
AIAdultSlope= 3.48782812494552
AIAdultLD50= 0.136099408147857
AIAdultSlopeContact= 0.782875539099332
AIAdultLD50Contact= 0.0419937867787667
AILarvaSlope= 0.894449341157451
AILarvaLD50= 0.530317807663232
AIKOW= 7.97909858589992
AIKOC= 23.5634867404588
AIHalfLife= 4.85782077186741
EAppRate= 0.206606483226642
