ICQueenStrength= 3.53225809661672
RQWkrDrnRatio= 3.75123097188771
ICDroneMiteSurvivorship= 56.8616706877947
ICWorkerMiteSurvivorship= 32.3587209917605
ICForagerLifespan= 15.5436667697504
ImmType= Tangent
AIAdultSlope= 0.620184154203162
AIAdultLD50= 1.39040771266446
AIAdultSlopeContact= 2.91674459965434
AIAdultLD50Contact= 0.000820895587094128
AILarvaSlope= 0.853034163312986
AILarvaLD50= 0.197772822948173
AIKOW= 3.59928613808006
AIKOC= 23.6019231507089
AIHalfLife= 3.63083583675325
EAppRate= 0.816209784941748
