ICQueenStrength= 3.80414089094847
RQWkrDrnRatio= 4.4026326648891
ICDroneMiteSurvivorship= 62.2552170883864
ICWorkerMiteSurvivorship= 23.7061108695343
ICForagerLifespan= 4.23825638834387
ImmType= Polynomial
AIAdultSlope= 3.67185595326824
AIAdultLD50= 0.215116488630883
AIAdultSlopeContact= 3.8721067730966
AIAdultLD50Contact= 0.0179759443970397
AILarvaSlope= 2.89966913484968
AILarvaLD50= 0.180252415942959
AIKOW= 3.95462196972221
AIKOC= 14.3490526720416
AIHalfLife= 2.71856752806343
EAppRate= 0
