ICQueenStrength= 1.46798055642284
RQWkrDrnRatio= 3.78049159795046
ICDroneMiteSurvivorship= 0.597684597596526
ICWorkerMiteSurvivorship= 39.6073858020827
ICForagerLifespan= 5.29988215398043
ImmType= Sine
AIAdultSlope= 0.856160778831691
AIAdultLD50= 0.972394581651315
AIAdultSlopeContact= 3.58556808081223
AIAdultLD50Contact= 0.00981791082303971
AILarvaSlope= 2.97893769387156
AILarvaLD50= 0.537521244375966
AIKOW= 5.87906642258167
AIKOC= 25.6909195054322
AIHalfLife= 4.27485975716263
EAppRate= 0.322029448579997
