ICQueenStrength= 2.10965375672095
RQWkrDrnRatio= 4.62646395992488
ICDroneMiteSurvivorship= 96.3875812711194
ICWorkerMiteSurvivorship= 43.0867865681648
ICForagerLifespan= 13.7478910656646
ImmType= Polynomial
AIAdultSlopeContact= 2.67207765951287
AIAdultLD50Contact= 0.00918545773020014
AILarvaSlope= 2.73916609017178
AILarvaLD50= 0.706411843886599
AIKOW= 4.62957632774487
AIKOC= 18.0714170925785
AIHalfLife= 10.9116448312998
