ICQueenStrength= 3.10122173419222
RQWkrDrnRatio= 3.33635794743896
ICDroneMiteSurvivorship= 37.720740865916
ICWorkerMiteSurvivorship= 68.3875157264993
ICForagerLifespan= 8.72784684132785
ImmType= Cosine
AIAdultSlope= 0.863163206570316
AIAdultLD50= 0.419023703318089
AIAdultSlopeContact= 2.46289651053026
AIAdultLD50Contact= 0.0468214342487045
AILarvaSlope= 1.48145601344295
AILarvaLD50= 0.290346808056347
AIKOW= 5.66321380250156
AIKOC= 13.4850854298566
AIHalfLife= 0.273226663703099
EAppRate= 0
