ICQueenStrength= 5.73663719836622
RQWkrDrnRatio= 2.8058633832261
ICDroneMiteSurvivorship= 4.73264444153756
ICWorkerMiteSurvivorship= 55.4521562997252
ICForagerLifespan= 13.441719379276
ImmType= Cosine
AIAdultSlope= 0.977348434422165
AIAdultLD50= 0.114171573193744
AIAdultSlopeContact= 0.572770478054881
AIAdultLD50Contact= 0.0244819242856465
AILarvaSlope= 1.21285297074355
AILarvaLD50= 0.60474946803879
AIKOW= 4.2930245436728
AIKOC= 16.009280977305
AIHalfLife= 1.21127956430428
EAppRate= 0.236326780333184
