ICQueenStrength= 4.14508241368458
RQWkrDrnRatio= 1.41393071506172
ICDroneMiteSurvivorship= 17.2279068268836
ICWorkerMiteSurvivorship= 95.7580123096704
ICForagerLifespan= 4.76951156184077
ImmType= Polynomial
AIAdultSlopeContact= 2.77631469052518
AIAdultLD50Contact= 0.0402168955886737
AILarvaSlope= 1.12361492072232
AILarvaLD50= 0.0496984850848094
AIKOW= 7.77644855296239
AIKOC= 6.70414444291964
AIHalfLife= 11.6129918866791
