ICQueenStrength= 3.7051333419513
RQWkrDrnRatio= 3.15760194230825
ICDroneMiteSurvivorship= 59.6931215841323
ICWorkerMiteSurvivorship= 20.7961568376049
ICForagerLifespan= 5.47765067778528
ImmType= Sine
AIAdultSlopeContact= 1.80618609989528
AIAdultLD50Contact= 0.00390521282097325
AILarvaSlope= 3.36539118476212
AILarvaLD50= 0.455833840020932
AIKOW= 7.8572335857898
AIKOC= 17.9889982286841
AIHalfLife= 1.82182126073167
