ICQueenStrength= 5.97679326334037
RQWkrDrnRatio= 2.1867809779942
ICDroneMiteSurvivorship= 12.4671474797651
ICWorkerMiteSurvivorship= 48.726627160795
ICForagerLifespan= 4.96033222321421
ImmType= Logarithmic
AIAdultSlope= 3.35891775474884
AIAdultLD50= 2.18343479535542
AIAdultSlopeContact= 3.55072140676668
AIAdultLD50Contact= 0.00381937426282093
AILarvaSlope= 3.2236303454265
AILarvaLD50= 0.000977891078218818
AIKOW= 2.79216417623684
AIKOC= 21.7326031776611
AIHalfLife= 13.8345657079481
EAppRate= 0.965558016207069
