ICQueenStrength= 4.84535858873278
RQWkrDrnRatio= 2.93115145899355
ICDroneMiteSurvivorship= 24.7584411175922
ICWorkerMiteSurvivorship= 25.5437362706289
ICForagerLifespan= 14.2605747831985
ImmType= Cosine
AIAdultSlope= 1.73979008104652
AIAdultLD50= 2.61917293863371
AIAdultSlopeContact= 0.900555273613427
AIAdultLD50Contact= 0.0490047252271324
AILarvaSlope= 2.31572908167727
AILarvaLD50= 0.2072274209233
AIKOW= 5.14642519457266
AIKOC= 27.6840622490272
AIHalfLife= 7.13901287689805
EAppRate= 0.824848249321803
