ICQueenStrength= 4.46856764750555
RQWkrDrnRatio= 3.5355145605281
ICDroneMiteSurvivorship= 52.3042127257213
ICWorkerMiteSurvivorship= 6.79351321887225
ICForagerLifespan= 11.3188070524484
ImmType= Tangent
AIAdultSlopeContact= 7.16790501028299
AIAdultLD50Contact= 0.0995585456956178
AILarvaSlope= 4.36077038990334
AILarvaLD50= 1.659104260616
AIKOW= 77.4796081474051
AIKOC= 82.2992265457287
AIHalfLife= 11.8404721836559
