ICQueenStrength= 5.17219463037327
RQWkrDrnRatio= 3.21626875177026
ICDroneMiteSurvivorship= 60.8523282920942
ICWorkerMiteSurvivorship= 92.8160453448072
ICForagerLifespan= 6.37529364973307
ImmType= Exponential
AIAdultSlope= 2.24194239096483
AIAdultLD50= 0.0368478088639677
AIAdultSlopeContact= 0.181231366347056
AIAdultLD50Contact= 0.0466988299158402
AILarvaSlope= 3.04774320321158
AILarvaLD50= 0.401775120128877
AIKOW= 6.98201693501323
AIKOC= 27.1342207165435
AIHalfLife= 4.87187486723997
EAppRate= 0.604875095211901
