ICQueenStrength= 3.73750769672915
RQWkrDrnRatio= 1.42810083646327
ICDroneMiteSurvivorship= 46.5076816035435
ICWorkerMiteSurvivorship= 62.3074620496482
ICForagerLifespan= 10.3598454771563
ImmType= Exponential
AIAdultSlope= 8.35391313303262
