ICQueenStrength= 4.22164308861829
RQWkrDrnRatio= 2.1401147171855
ICDroneMiteSurvivorship= 86.3536095712334
ICWorkerMiteSurvivorship= 77.6764621958137
ICForagerLifespan= 15.9412550264969
ImmType= Exponential
AIAdultSlopeContact= 9.76907288422808
AIAdultLD50Contact= 0.133059027092531
AILarvaSlope= 3.13834273954853
AILarvaLD50= 0.158539481461048
AIKOW= 36.2617891049013
AIKOC= 98.352048243396
AIHalfLife= 11.2057367130183
