ICQueenStrength= 4.43412691843696
RQWkrDrnRatio= 4.96102352347225
ICDroneMiteSurvivorship= 51.9689179258421
ICWorkerMiteSurvivorship= 87.785307969898
ICForagerLifespan= 12.1656110100448
ImmType= Polynomial
AIAdultSlope= 2.49953216873109
