ICQueenStrength= 4.82480764994398
RQWkrDrnRatio= 4.82010698132217
ICDroneMiteSurvivorship= 44.6406454779208
ICWorkerMiteSurvivorship= 31.9385487120599
ICForagerLifespan= 8.25975002348423
ImmType= Logarithmic
AIAdultSlopeContact= 3.25602599364705
AIAdultLD50Contact= 0.030789645796176
AILarvaSlope= 0.0457457967568189
AILarvaLD50= 0.594855166529305
AIKOW= 5.34025249350816
AIKOC= 24.1349185362924
AIHalfLife= 5.41411476815119
