ICQueenStrength= 2.56618326087482
RQWkrDrnRatio= 2.52980632986873
ICDroneMiteSurvivorship= 97.8955819969997
ICWorkerMiteSurvivorship= 79.9764606403187
ICForagerLifespan= 4.86220129299909
ImmType= Sine
AIAdultSlope= 0.22683386458084
AIAdultLD50= 0.327049880987033
AIAdultSlopeContact= 0.828169172164053
AIAdultLD50Contact= 0.130627619801089
AILarvaSlope= 5.90366632444784
AILarvaLD50= 1.41632005339488
AIKOW= 88.1907791830599
AIKOC= 9.63384630158544
AIHalfLife= 4.11206591129303
EAppRate= 0.83687611296773
