ICQueenStrength= 1.65415686927736
RQWkrDrnRatio= 1.55558599438518
ICDroneMiteSurvivorship= 65.6635669758543
ICWorkerMiteSurvivorship= 9.32318260893226
ICForagerLifespan= 14.4544016281143
ImmType= Exponential
AIAdultSlope= 0.949204353941605
AIAdultLD50= 0.845577870961279
AIAdultSlopeContact= 3.58802276194794
AIAdultLD50Contact= 0.0381014417507686
AILarvaSlope= 0.0542460324708372
AILarvaLD50= 0.706296973046847
AIKOW= 6.06308034015819
AIKOC= 19.8631217365619
AIHalfLife= 6.62829097639769
EAppRate= 0.681981759145856
