ICQueenStrength= 1.64101492753252
RQWkrDrnRatio= 4.3289512693882
ICDroneMiteSurvivorship= 65.0582276750356
ICWorkerMiteSurvivorship= 19.5727937854826
ICForagerLifespan= 8.94466581661254
ImmType= Sine
AIAdultSlope= 0.0515867714770138
AIAdultLD50= 0.29006370913703
AIAdultSlopeContact= 2.09898328385549
AIAdultLD50Contact= 0.0172236002166756
AILarvaSlope= 1.80561315733939
AILarvaLD50= 0.723328144289553
AIKOW= 6.2099270299077
AIKOC= 22.1587040415034
AIHalfLife= 4.96990750427358
EAppRate= 0.692224719887599
