ICQueenStrength= 1.46876634354703
RQWkrDrnRatio= 1.38511163461953
ICDroneMiteSurvivorship= 99.2778500076383
ICWorkerMiteSurvivorship= 43.2113299379125
ICForagerLifespan= 4.99077727086842
ImmType= Tangent
AIAdultSlopeContact= 1.94986461659661
AIAdultLD50Contact= 0.00651151489000767
AILarvaSlope= 0.900770252104849
AILarvaLD50= 0.70843160636723
AIKOW= 2.1632817662321
AIKOC= 27.3254155658651
AIHalfLife= 11.9976279078983
