ICQueenStrength= 5.72485631005839
RQWkrDrnRatio= 1.74367584940046
ICDroneMiteSurvivorship= 27.0951762795448
ICWorkerMiteSurvivorship= 90.7896417658776
ICForagerLifespan= 10.0419963691384
ImmType= Logarithmic
AIAdultSlope= 1.87519119586796
