ICQueenStrength= 4.62409822409973
RQWkrDrnRatio= 4.00325642153621
ICDroneMiteSurvivorship= 94.6712135104463
ICWorkerMiteSurvivorship= 1.18722736369818
ICForagerLifespan= 13.4092111317441
ImmType= Cosine
AIAdultSlope= 0.827376686083153
AIAdultLD50= 0.796375204576179
AIAdultSlopeContact= 3.32526681549149
AIAdultLD50Contact= 0.0149220926687121
AILarvaSlope= 0.903961772890762
AILarvaLD50= 0.247996597085148
AIKOW= 4.90944372443482
AIKOC= 14.3336521822494
AIHalfLife= 0.606030215974897
EAppRate= 0.718867369228974
