ICQueenStrength= 1.25024621631019
RQWkrDrnRatio= 4.21719318721443
ICDroneMiteSurvivorship= 51.902288547717
ICWorkerMiteSurvivorship= 72.208454599604
ICForagerLifespan= 8.321603291668
ImmType= Exponential
AIAdultSlope= 1.9838576936326
AIAdultLD50= 0.357237020507455
AIAdultSlopeContact= 0.325718271445949
AIAdultLD50Contact= 0.0444809201755561
AILarvaSlope= 0.292070989543572
AILarvaLD50= 0.619912564731203
AIKOW= 6.27979909302667
AIKOC= 12.2142511373386
AIHalfLife= 1.06910678907298
EAppRate= 0.1103730809642
