ICQueenStrength= 2.56375110032968
RQWkrDrnRatio= 3.21501518972218
ICDroneMiteSurvivorship= 75.5833086557686
ICWorkerMiteSurvivorship= 75.7262996863574
ICForagerLifespan= 14.8782253535464
ImmType= Logarithmic
AIAdultSlope= 1.78386697489768
AIAdultLD50= 1.17388952407055
AIAdultSlopeContact= 2.12860245261574
AIAdultLD50Contact= 0.00151373207336292
AILarvaSlope= 2.26253050654195
AILarvaLD50= 0.56324013650883
AIKOW= 4.35141275823116
AIKOC= 11.178773654392
AIHalfLife= 2.62258494086564
EAppRate= 0.0877406324725598
