ICQueenStrength= 3.17607303638943
RQWkrDrnRatio= 1.40286977682263
ICDroneMiteSurvivorship= 0.156228663399816
ICWorkerMiteSurvivorship= 17.2980170929804
ICForagerLifespan= 7.36657704226673
ImmType= Sine
AIAdultSlopeContact= 1.78990004765103
AIAdultLD50Contact= 0.0495081996778026
AILarvaSlope= 1.90423196190968
AILarvaLD50= 0.0676961559802294
AIKOW= 3.83757529826835
AIKOC= 24.1202437563334
AIHalfLife= 4.24427145719528
