ICQueenStrength= 4.86693863081746
RQWkrDrnRatio= 2.51832854095846
ICDroneMiteSurvivorship= 1.8881332827732
ICWorkerMiteSurvivorship= 81.6966549493372
ICForagerLifespan= 12.7657283740118
ImmType= Sine
AIAdultSlope= 2.4935168185737
AIAdultLD50= 1.42340254015289
AIAdultSlopeContact= 1.71325964193558
AIAdultLD50Contact= 0.035102261218708
AILarvaSlope= 2.78367228815332
AILarvaLD50= 0.54507901892066
AIKOW= 7.48074398888275
AIKOC= 21.9224925863091
AIHalfLife= 0.91857484774664
EAppRate= 0.773198308655992
