ICQueenStrength= 2.32643736898899
RQWkrDrnRatio= 3.72808894049376
ICDroneMiteSurvivorship= 0.518214632757008
ICWorkerMiteSurvivorship= 87.7450055908412
ICForagerLifespan= 15.2100323084742
ImmType= Sine
AIAdultSlope= 3.04521502787247
AIAdultLD50= 2.25120411557145
AIAdultSlopeContact= 1.34442873175722
AIAdultLD50Contact= 0.0330290851881728
AILarvaSlope= 1.29353640363552
AILarvaLD50= 0.455282681481913
AIKOW= 6.3697567707859
AIKOC= 27.0757625647821
AIHalfLife= 6.13677072245628
EAppRate= 0.13382761599496
