ICQueenStrength= 5.4853327004239
RQWkrDrnRatio= 1.3435594830662
ICDroneMiteSurvivorship= 11.6396984783933
ICWorkerMiteSurvivorship= 9.84434266574681
ICForagerLifespan= 4.01271358411759
ImmType= Polynomial
AIAdultSlope= 3.01555427783169
AIAdultLD50= 0.95661111571826
AIAdultSlopeContact= 1.84907352274982
AIAdultLD50Contact= 0.0099625758593902
AILarvaSlope= 0.871056562196463
AILarvaLD50= 0.425733825587668
AIKOW= 6.35208671586588
AIKOC= 14.2478385253344
AIHalfLife= 8.09766011405736
EAppRate= 0.887340757297352
