ICQueenStrength= 4.61774997785687
RQWkrDrnRatio= 4.58619919605553
ICDroneMiteSurvivorship= 6.4380329567939
ICWorkerMiteSurvivorship= 77.0090192789212
ICForagerLifespan= 5.0808134758845
ImmType= Exponential
AIAdultSlope= 0.810532927508466
AIAdultLD50= 0.113236662466079
AIAdultSlopeContact= 1.00910787094384
AIAdultLD50Contact= 0.0331123121082783
AILarvaSlope= 0.76706380257383
AILarvaLD50= 0.150936528132297
AIKOW= 6.67541748378426
AIKOC= 15.3886190336198
AIHalfLife= 0.622450127266347
EAppRate= 0.07017234088853
