ICQueenStrength= 5.86067695426755
RQWkrDrnRatio= 4.26716846041381
ICDroneMiteSurvivorship= 56.8636049283668
ICWorkerMiteSurvivorship= 3.67664906661958
ICForagerLifespan= 9.95690295286477
ImmType= Polynomial
AIAdultSlope= 3.30678934627213
AIAdultLD50= 0.328284212155268
AIAdultSlopeContact= 0.809162387447432
AIAdultLD50Contact= 0.00743876422056928
AILarvaSlope= 2.92556671169586
AILarvaLD50= 0.0108271212084219
AIKOW= 2.51627751719207
AIKOC= 20.5459962028544
AIHalfLife= 1.66924548149109
EAppRate= 0.278416750021279
