ICQueenStrength= 2.3361814932432
RQWkrDrnRatio= 1.6675629382953
ICDroneMiteSurvivorship= 35.5722974985838
ICWorkerMiteSurvivorship= 5.07473738398403
ICForagerLifespan= 9.11332713160664
ImmType= Tangent
AIAdultSlopeContact= 5.55302657186985
AIAdultLD50Contact= 0.185786417126656
AILarvaSlope= 7.45671755867079
AILarvaLD50= 0.70693859225139
AIKOW= 54.9029998015612
AIKOC= 11.282168678008
AIHalfLife= 3.43940773420036
