ICQueenStrength= 4.9404133730568
RQWkrDrnRatio= 1.28468385990709
ICDroneMiteSurvivorship= 92.9044392425567
ICWorkerMiteSurvivorship= 29.3406479759142
ICForagerLifespan= 4.34084395132959
ImmType= Polynomial
AIAdultSlope= 2.52551612409996
AIAdultLD50= 0.483106431202032
AIAdultSlopeContact= 0.170069471953902
AIAdultLD50Contact= 0.0359897413407452
AILarvaSlope= 2.86054529421963
AILarvaLD50= 0.21246500085108
AIKOW= 6.50726683624089
AIKOC= 23.663507635938
AIHalfLife= 0.227797911502421
EAppRate= 0
