ICQueenStrength= 2.23327104956843
RQWkrDrnRatio= 1.14979678206146
ICDroneMiteSurvivorship= 30.6119026616216
ICWorkerMiteSurvivorship= 48.1730010360479
ICForagerLifespan= 5.06921761576086
ImmType= Tangent
AIAdultSlope= 0.473693869356066
AIAdultLD50= 1.13717521936633
AIAdultSlopeContact= 1.5802611677628
AIAdultLD50Contact= 0.0360440681222826
AILarvaSlope= 1.66427880949341
AILarvaLD50= 0.608983345446177
AIKOW= 6.57827777508646
AIKOC= 9.57404516637325
AIHalfLife= 4.66875510662794
EAppRate= 0.454060620395467
