ICQueenStrength= 3.5183661817573
RQWkrDrnRatio= 4.4112576013431
ICDroneMiteSurvivorship= 58.1075112801045
ICWorkerMiteSurvivorship= 44.2030395148322
ICForagerLifespan= 10.9958166498691
ImmType= Polynomial
AIAdultSlope= 3.03887384245172
