ICQueenStrength= 5.5338848780375
RQWkrDrnRatio= 2.16680756304413
ICDroneMiteSurvivorship= 61.8715768214315
ICWorkerMiteSurvivorship= 13.7687576701865
ICForagerLifespan= 8.8277063658461
ImmType= Cosine
AIAdultSlope= 1.26068401323399
AIAdultLD50= 0.0252277096733451
AIAdultSlopeContact= 1.31216752786422
AIAdultLD50Contact= 0.0484930459642783
AILarvaSlope= 0.489112277468666
AILarvaLD50= 0.00757419385481626
AIKOW= 5.82292414177209
AIKOC= 10.9295590501279
AIHalfLife= 3.03431698586792
EAppRate= 0.613558082096279
