ICQueenStrength= 4.83786188322119
RQWkrDrnRatio= 1.23170618712902
ICDroneMiteSurvivorship= 27.3020555032417
ICWorkerMiteSurvivorship= 93.3351253392175
ICForagerLifespan= 14.4280760316178
ImmType= Sine
AIAdultSlope= 2.3373540260829
AIAdultLD50= 1.76756530883722
AIAdultSlopeContact= 0.909046778096817
AIAdultLD50Contact= 0.0032616927404888
AILarvaSlope= 0.880557545460761
AILarvaLD50= 0.745263330708258
AIKOW= 7.16881919885054
AIKOC= 28.3904708176851
AIHalfLife= 4.81822647387162
EAppRate= 0.315648981370032
