ICQueenStrength= 1.49161533475854
RQWkrDrnRatio= 2.32245408836752
ICDroneMiteSurvivorship= 65.1130165439099
ICWorkerMiteSurvivorship= 85.4705211240798
ICForagerLifespan= 4.53420918527991
ImmType= Cosine
AIAdultSlope= 2.87113803621847
AIAdultLD50= 0.0295656385133043
AIAdultSlopeContact= 3.76461570567219
AIAdultLD50Contact= 0.0464508288656361
AILarvaSlope= 1.54932060935535
AILarvaLD50= 0.715070395963266
AIKOW= 2.49921253370121
AIKOC= 26.8196832283866
AIHalfLife= 3.48656191024929
EAppRate= 0.479334568488412
