ICQueenStrength= 2.0896287439391
RQWkrDrnRatio= 4.72653258685023
ICDroneMiteSurvivorship= 16.0288128303364
ICWorkerMiteSurvivorship= 86.1372422194108
ICForagerLifespan= 11.0337668536231
ImmType= Polynomial
AIAdultSlopeContact= 3.83216143927071
AIAdultLD50Contact= 0.0274145575240254
AILarvaSlope= 0.733251293189824
AILarvaLD50= 0.690741514437832
AIKOW= 3.52858587168157
AIKOC= 24.0944604342803
AIHalfLife= 12.0749115147628
