ICQueenStrength= 3.96563187264837
RQWkrDrnRatio= 2.09156473353505
ICDroneMiteSurvivorship= 17.1567486831918
ICWorkerMiteSurvivorship= 22.5871636532247
ICForagerLifespan= 12.8203407004476
ImmType= Sine
AIAdultSlope= 0.494898764509708
AIAdultLD50= 2.92035650345497
AIAdultSlopeContact= 3.11259124036878
AIAdultLD50Contact= 0.0314940286451019
AILarvaSlope= 3.03771019307896
AILarvaLD50= 0.623262617387809
AIKOW= 3.38298069545999
AIKOC= 6.69790920917876
AIHalfLife= 7.20914720790461
EAppRate= 0.451695019612089
