ICQueenStrength= 4.89065814320929
RQWkrDrnRatio= 1.23311977088451
ICDroneMiteSurvivorship= 98.1652803253382
ICWorkerMiteSurvivorship= 88.6563290841877
ICForagerLifespan= 13.8205163003877
ImmType= Exponential
AIAdultSlope= 2.28501229348127
AIAdultLD50= 0.170463056769222
AIAdultSlopeContact= 2.30586295058252
AIAdultLD50Contact= 0.0327243259409443
AILarvaSlope= 2.83836687230505
AILarvaLD50= 0.124126794794574
AIKOW= 6.24477720353752
AIKOC= 20.3786772454623
AIHalfLife= 2.11951676406898
EAppRate= 0.69980849174317
