ICQueenStrength= 4.95031070336699
RQWkrDrnRatio= 2.68210227508098
ICDroneMiteSurvivorship= 7.60534598957747
ICWorkerMiteSurvivorship= 50.0479194801301
ICForagerLifespan= 8.07209800649434
ImmType= Polynomial
AIAdultSlope= 1.1553830337245
AIAdultLD50= 2.75283994618803
AIAdultSlopeContact= 3.26862133145565
AIAdultLD50Contact= 0.00470812872517854
AILarvaSlope= 3.32379120937549
AILarvaLD50= 0.890146573050879
AIKOW= 5.08126180665568
AIKOC= 6.19427473982796
AIHalfLife= 6.22446628846228
EAppRate= 0.00842383038252592
