ICQueenStrength= 5.29103349568322
RQWkrDrnRatio= 2.0034064007923
ICDroneMiteSurvivorship= 84.6712426049635
ICWorkerMiteSurvivorship= 20.5094237113371
ICForagerLifespan= 10.4920337954536
ImmType= Polynomial
AIAdultSlope= 0.774402184132487
AIAdultLD50= 0.251628113212064
AIAdultSlopeContact= 0.0506281699240208
AIAdultLD50Contact= 0.00322434467962012
AILarvaSlope= 0.74578536869958
AILarvaLD50= 0.438591506844386
AIKOW= 4.84723029145971
AIKOC= 27.6645095099229
AIHalfLife= 5.1989803193137
EAppRate= 0.246232739882544
