ICQueenStrength= 2.46715011447668
RQWkrDrnRatio= 4.0165165187791
ICDroneMiteSurvivorship= 26.8139938125387
ICWorkerMiteSurvivorship= 91.9699663529173
ICForagerLifespan= 12.6643754597753
ImmType= Exponential
AIAdultSlope= 2.79649855193915
AIAdultLD50= 0.0490616639144719
AIAdultSlopeContact= 1.59873594929231
AIAdultLD50Contact= 0.0435277884360403
AILarvaSlope= 0.627888033399358
AILarvaLD50= 0.358898351085372
AIKOW= 2.62774135358632
AIKOC= 28.1553398713004
AIHalfLife= 1.06383661972359
EAppRate= 0
