ICQueenStrength= 1.9224996517878
RQWkrDrnRatio= 4.14816354773939
ICDroneMiteSurvivorship= 8.83697720710188
ICWorkerMiteSurvivorship= 54.2877333471552
ICForagerLifespan= 11.4434503614902
ImmType= Sine
AIAdultLD50= 0.154012839635834
AIAdultSlopeContact= 2.56283030151855
AIAdultLD50Contact= 0.0186835894477554
AILarvaSlope= 0.44933775421232
AILarvaLD50= 0.0414152520010248
AIKOW= 6.12235402874649
AIKOC= 21.2424334674142
AIHalfLife= 8.21274456940591
EAppRate= 0.648632577620447
