ICQueenStrength= 3.59635943803005
RQWkrDrnRatio= 4.62227048072964
ICDroneMiteSurvivorship= 78.6118006100878
ICWorkerMiteSurvivorship= 13.8962276978418
ICForagerLifespan= 8.5466444529593
ImmType= Sine
AIAdultSlope= 2.86578572285362
AIAdultLD50= 0.881285173818469
AIAdultSlopeContact= 3.19517847403418
AIAdultLD50Contact= 0.0102643733960576
AILarvaSlope= 0.442744420049712
AILarvaLD50= 0.437853808212094
AIKOW= 2.15604766691104
AIKOC= 20.9792024409398
AIHalfLife= 0.634341446682811
EAppRate= 0.761868035187945
