ICQueenStrength= 3.05471602850594
RQWkrDrnRatio= 4.39846821967512
ICDroneMiteSurvivorship= 6.14820455666631
ICWorkerMiteSurvivorship= 26.0686774970964
ICForagerLifespan= 14.7810508795083
ImmType= Logarithmic
AIAdultSlope= 4.23440905753523
