ICQueenStrength= 4.97837185068056
RQWkrDrnRatio= 4.59468157216907
ICDroneMiteSurvivorship= 57.9527485417202
ICWorkerMiteSurvivorship= 32.9961666371673
ICForagerLifespan= 14.8378660622984
ImmType= Polynomial
AIAdultSlope= 1.83958738488145
AIAdultLD50= 0.239102413412184
AIAdultSlopeContact= 1.31916974133113
AIAdultLD50Contact= 0.0437879736186005
AILarvaSlope= 3.03467180011794
AILarvaLD50= 0.0510697558522224
AIKOW= 2.71588794793934
AIKOC= 8.63919982337393
AIHalfLife= 4.45245979586616
EAppRate= 0.569044256815687
