ICQueenStrength= 3.09507529903203
RQWkrDrnRatio= 2.86497394740582
