ICQueenStrength= 3.60610583121888
RQWkrDrnRatio= 3.19818950630724
ICDroneMiteSurvivorship= 68.7700377311558
ICWorkerMiteSurvivorship= 18.1938915979117
ICForagerLifespan= 4.62384543102235
ImmType= Sine
AIAdultSlope= 1.3034259097185
AIAdultLD50= 0.777722127037123
AIAdultSlopeContact= 2.0172255280707
AIAdultLD50Contact= 0.0247733197873458
AILarvaSlope= 2.51309761120938
AILarvaLD50= 0.087262966716662
AIKOW= 4.21396890701726
AIKOC= 19.2152052954771
AIHalfLife= 12.9004415953532
EAppRate= 0.150325293419883
