ICQueenStrength= 4.51337225176394
RQWkrDrnRatio= 3.74436334613711
ICDroneMiteSurvivorship= 21.6154643567279
ICWorkerMiteSurvivorship= 60.7116862433031
ICForagerLifespan= 11.6886066319421
ImmType= Sine
AIAdultSlope= 0.917277706321329
AIAdultLD50= 1.85965058673173
AIAdultSlopeContact= 0.497615606265608
AIAdultLD50Contact= 0.00749662384623662
AILarvaSlope= 0.889992413064465
AILarvaLD50= 0.593580960296094
AIKOW= 7.21683731442317
AIKOC= 29.0623997116927
AIHalfLife= 6.85870597278699
EAppRate= 0.00297528738155961
