ICQueenStrength= 2.91872707102448
RQWkrDrnRatio= 4.48817527852952
ICDroneMiteSurvivorship= 41.569511895068
ICWorkerMiteSurvivorship= 14.4348363857716
ICForagerLifespan= 9.09919913485646
ImmType= Exponential
AIAdultSlope= 3.76299864155939
AIAdultLD50= 0.184271299163811
AIAdultSlopeContact= 3.62359771583229
AIAdultLD50Contact= 0.0219214396318421
AILarvaSlope= 1.09782011727802
AILarvaLD50= 0.658225195552222
AIKOW= 3.6769113317132
AIKOC= 8.40264107217081
AIHalfLife= 1.15188408992253
EAppRate= 0
