ICQueenStrength= 3.36009898013435
RQWkrDrnRatio= 1.18889653962106
ICDroneMiteSurvivorship= 34.1814218787476
ICWorkerMiteSurvivorship= 20.7694274140522
ICForagerLifespan= 15.0617100475356
ImmType= Exponential
AIAdultSlope= 0.895486133731902
AIAdultSlopeContact= 2.97322446975857
AIAdultLD50Contact= 0.0030891434289515
AILarvaSlope= 2.86111452821642
AILarvaLD50= 0.630547346826643
AIKOW= 2.68016478512436
AIKOC= 17.1293139178306
AIHalfLife= 10.1453779712319
