ICQueenStrength= 3.07515555317514
RQWkrDrnRatio= 3.32068664114922
ICDroneMiteSurvivorship= 52.8260429389775
ICWorkerMiteSurvivorship= 94.6684247115627
ICForagerLifespan= 5.32068092469126
ImmType= Tangent
AIAdultSlope= 0.514411034155637
AIAdultLD50= 1.64404720393941
AIAdultSlopeContact= 2.99202247726265
AIAdultLD50Contact= 0.0123374425806105
AILarvaSlope= 1.81007564421743
AILarvaLD50= 0.125927593046799
AIKOW= 3.15637731505558
AIKOC= 29.3219605647027
AIHalfLife= 11.5518773240037
EAppRate= 0.749775980599225
