ICQueenStrength= 2.70316783711314
RQWkrDrnRatio= 3.13639635965228
ICDroneMiteSurvivorship= 66.4256599266082
ICWorkerMiteSurvivorship= 63.1675131618977
ICForagerLifespan= 4.68104119691998
ImmType= Tangent
AIAdultSlope= 2.69065736033954
AIAdultLD50= 2.17804302927107
AIAdultSlopeContact= 2.81040135351475
AIAdultLD50Contact= 0.00341051585273817
AILarvaSlope= 2.38865654966794
AILarvaLD50= 0.684235126641579
AIKOW= 2.90671998914331
AIKOC= 15.7834983442444
AIHalfLife= 10.1050167297944
EAppRate= 0.552108525298536
