ICQueenStrength= 2.87322924728505
RQWkrDrnRatio= 2.09847771842033
ICDroneMiteSurvivorship= 89.059034595266
ICWorkerMiteSurvivorship= 37.7133912174031
ICForagerLifespan= 15.8973045339808
ImmType= Sine
AIAdultSlopeContact= 3.49697748199105
AIAdultLD50Contact= 0.128798048011959
AILarvaSlope= 9.6754728956148
AILarvaLD50= 0.536054893396795
AIKOW= 21.0549859330058
AIKOC= 81.2823042273521
AIHalfLife= 12.2642304254696
