ICQueenStrength= 1.00210558064282
RQWkrDrnRatio= 1.84558487124741
ICDroneMiteSurvivorship= 82.0254849735647
ICWorkerMiteSurvivorship= 58.2605145871639
ICForagerLifespan= 9.93992366455495
ImmType= Tangent
AIAdultSlope= 0.347180495597422
AIAdultLD50= 2.35762198339216
AIAdultSlopeContact= 3.92413605130278
AIAdultLD50Contact= 0.0297759253066033
AILarvaSlope= 0.0716860334388912
AILarvaLD50= 0.468195393285714
AIKOW= 4.18443490797654
AIKOC= 10.4138893901836
AIHalfLife= 8.57557065738365
EAppRate= 0.49158331961371
