ICQueenStrength= 2.81612773914821
RQWkrDrnRatio= 2.55014295037836
ICDroneMiteSurvivorship= 18.9837628509849
ICWorkerMiteSurvivorship= 45.2939960174263
ICForagerLifespan= 9.85723883286119
ImmType= Logarithmic
AIAdultSlope= 0.69125811783364
AIAdultLD50= 0.10015127947554
AIAdultSlopeContact= 3.7692916552769
AIAdultLD50Contact= 0.0473080702708103
AILarvaSlope= 2.19495060164481
AILarvaLD50= 0.762016008188948
AIKOW= 5.64577677147463
AIKOC= 13.7279386876617
AIHalfLife= 4.0871307393536
EAppRate= 0.0114408126333728
