ICQueenStrength= 5.29509427631274
RQWkrDrnRatio= 2.84336340613663
ICDroneMiteSurvivorship= 66.4713625563309
ICWorkerMiteSurvivorship= 59.4480025349185
ICForagerLifespan= 12.3832559352741
ImmType= Logarithmic
AIAdultSlopeContact= 3.71871589246206
AIAdultLD50Contact= 0.00159105475759134
AILarvaSlope= 2.15272077284753
AILarvaLD50= 0.837870846991427
AIKOW= 3.05906471703202
AIKOC= 27.0424613449723
AIHalfLife= 10.7553455745801
