ICQueenStrength= 5.96089623891748
RQWkrDrnRatio= 3.02733269426972
ICDroneMiteSurvivorship= 50.2171000000089
ICWorkerMiteSurvivorship= 18.1732186116278
ICForagerLifespan= 11.5825275424868
ImmType= Exponential
AIAdultSlope= 2.71795743094292
AIAdultLD50= 0.443787333206274
AIAdultSlopeContact= 1.02702852282906
AIAdultLD50Contact= 0.0460741239832714
AILarvaSlope= 3.2607198623009
AILarvaLD50= 0.197808822593652
AIKOW= 7.65960012888536
AIKOC= 21.3902142434381
AIHalfLife= 0.158368145348504
EAppRate= 0
