ICQueenStrength= 5.06308909645304
RQWkrDrnRatio= 4.87688840553164
ICDroneMiteSurvivorship= 15.3258570469916
ICWorkerMiteSurvivorship= 86.6147072520107
ICForagerLifespan= 4.99582796543837
ImmType= Logarithmic
AIAdultSlope= 3.88198231333634
AIAdultLD50= 0.326477708644234
AIAdultSlopeContact= 2.0906452051783
AIAdultLD50Contact= 0.0318085960345343
AILarvaSlope= 2.8604324853979
AILarvaLD50= 0.547763771843165
AIKOW= 6.83790896926075
AIKOC= 9.92933907662518
AIHalfLife= 3.94580236403272
EAppRate= 0.350541698350571
