ICQueenStrength= 5.43157689413056
RQWkrDrnRatio= 4.08390312176198
ICDroneMiteSurvivorship= 70.9753146860749
ICWorkerMiteSurvivorship= 71.5430694166571
ICForagerLifespan= 10.3723253877833
ImmType= Polynomial
AIAdultSlope= 3.5657635116647
AIAdultLD50= 0.239687780616805
AIAdultSlopeContact= 1.13364825549535
AIAdultLD50Contact= 0.0232808550819755
AILarvaSlope= 3.35497919404879
AILarvaLD50= 0.0896625478053465
AIKOW= 3.4932311871089
AIKOC= 12.7714828366879
AIHalfLife= 0.231426920508966
EAppRate= 0.194633002718911
