ICQueenStrength= 1.27276174281724
RQWkrDrnRatio= 4.53062339965254
ICDroneMiteSurvivorship= 16.3663113722578
ICWorkerMiteSurvivorship= 27.1774681285024
ICForagerLifespan= 7.54235613532364
ImmType= Cosine
AIAdultSlope= 1.43056124770548
AIAdultLD50= 0.158578671631403
AIAdultSlopeContact= 1.39072894227225
AIAdultLD50Contact= 0.0226337888161652
AILarvaSlope= 0.849323971942067
AILarvaLD50= 0.223911923775449
AIKOW= 2.87029614672065
AIKOC= 19.6581201988738
AIHalfLife= 4.63609016267583
EAppRate= 0
