ICQueenStrength= 4.01695804577321
RQWkrDrnRatio= 2.26342416461557
ICDroneMiteSurvivorship= 90.9581488929689
ICWorkerMiteSurvivorship= 19.3692700471729
ICForagerLifespan= 10.5554251344875
ImmType= Cosine
AIAdultSlopeContact= 3.78877314576879
AIAdultLD50Contact= 0.0438801920041442
AILarvaSlope= 0.760505818389356
AILarvaLD50= 0.189391691959463
AIKOW= 3.598219322972
AIKOC= 12.8729108732659
AIHalfLife= 9.67026443732902
