ICQueenStrength= 3.54306113580242
RQWkrDrnRatio= 1.58745778445154
ICDroneMiteSurvivorship= 28.7203051149845
ICWorkerMiteSurvivorship= 20.773373846896
ICForagerLifespan= 6.48947460297495
ImmType= Polynomial
AIAdultSlope= 0.372329388046637
AIAdultLD50= 0.37244633527007
AIAdultSlopeContact= 0.335992658024188
AIAdultLD50Contact= 0.0271916637197137
AILarvaSlope= 1.88851587064564
AILarvaLD50= 0.88195405646693
AIKOW= 7.52798921056092
AIKOC= 24.7871238691732
AIHalfLife= 0.935707801254466
EAppRate= 0.494218708970584
