ICQueenStrength= 2.57033846713603
RQWkrDrnRatio= 2.49171230103821
ICDroneMiteSurvivorship= 43.2488415157422
ICWorkerMiteSurvivorship= 71.845146920532
ICForagerLifespan= 13.6363511132076
ImmType= Exponential
AIAdultSlopeContact= 0.581884572748095
AIAdultLD50Contact= 0.163316480489448
AILarvaSlope= 0.0444077956490219
AILarvaLD50= 0.47141626290977
AIKOW= 60.4099596384913
AIKOC= 95.1345286564901
AIHalfLife= 9.49521408975124
