ICQueenStrength= 4.43444717931561
RQWkrDrnRatio= 3.52984472643584
ICDroneMiteSurvivorship= 22.928074374795
ICWorkerMiteSurvivorship= 18.3090771315619
ICForagerLifespan= 9.95623910333961
ImmType= Logarithmic
AIAdultSlope= 3.33945533070015
AIAdultLD50= 0.279976565972902
AIAdultSlopeContact= 3.23129832130624
AIAdultLD50Contact= 0.000713578821159899
AILarvaSlope= 2.92540057036094
AILarvaLD50= 0.0477071527624503
AIKOW= 3.12005233438686
AIKOC= 12.5531575304922
AIHalfLife= 3.12137121101841
EAppRate= 0.485226744785905
