ICQueenStrength= 2.1895554640796
RQWkrDrnRatio= 2.68344412837178
ICDroneMiteSurvivorship= 43.0473591666669
ICWorkerMiteSurvivorship= 81.0016234405339
ICForagerLifespan= 14.9130041776225
ImmType= Polynomial
AIAdultSlope= 2.87103091064841
AIAdultLD50= 0.126501181977801
AIAdultSlopeContact= 2.92102426315891
AIAdultLD50Contact= 0.0496689901105128
AILarvaSlope= 3.09688408533111
AILarvaLD50= 0.224646073090844
AIKOW= 6.22343128733337
AIKOC= 15.4291720548645
AIHalfLife= 3.0051189835649
EAppRate= 0.541826344304718
