ICQueenStrength= 2.82824772200547
RQWkrDrnRatio= 2.7800997775048
ICDroneMiteSurvivorship= 29.5960153220221
ICWorkerMiteSurvivorship= 11.8249251507223
ICForagerLifespan= 14.1013828953728
ImmType= Exponential
AIAdultSlope= 3.43346013854491
AIAdultLD50= 0.356778594083153
AIAdultSlopeContact= 2.86738784427987
AIAdultLD50Contact= 0.0424915124778636
AILarvaSlope= 1.09783233837225
AILarvaLD50= 0.825424870150164
AIKOW= 7.55783689953387
AIKOC= 11.3621897075791
AIHalfLife= 1.87577632605098
EAppRate= 0.527222490194254
