ICQueenStrength= 2.50314003112726
RQWkrDrnRatio= 1.20692093949765
ICDroneMiteSurvivorship= 3.40931985992938
ICWorkerMiteSurvivorship= 58.1724059768021
ICForagerLifespan= 4.24980276171118
ImmType= Cosine
AIAdultSlopeContact= 1.32203123043291
AIAdultLD50Contact= 0.00896884595276788
AILarvaSlope= 0.0253386656288058
AILarvaLD50= 0.554690117295832
AIKOW= 2.647149911616
AIKOC= 23.2116314710584
AIHalfLife= 10.0857563186437
