ICQueenStrength= 2.78177617141046
RQWkrDrnRatio= 4.76154671330005
ICDroneMiteSurvivorship= 76.1835537850857
ICWorkerMiteSurvivorship= 9.97939039953053
ICForagerLifespan= 6.29767582099885
ImmType= Cosine
AIAdultSlope= 3.35622176295146
