ICQueenStrength= 4.83418587152846
RQWkrDrnRatio= 4.76321593951434
ICDroneMiteSurvivorship= 42.3138601705432
ICWorkerMiteSurvivorship= 37.7762906253338
ICForagerLifespan= 9.83374547306448
ImmType= Tangent
AIAdultSlope= 2.46500431688502
AIAdultLD50= 0.297714028623886
AIAdultSlopeContact= 2.04511800181121
AIAdultLD50Contact= 0.00484171010321006
AILarvaSlope= 2.89762613172643
AILarvaLD50= 0.385143842361867
AIKOW= 4.13092985749245
AIKOC= 5.07384030614048
AIHalfLife= 3.52514111786149
EAppRate= 0.165767900249921
