ICQueenStrength= 4.96003044676036
RQWkrDrnRatio= 2.63820599485189
ICDroneMiteSurvivorship= 35.799528635107
ICWorkerMiteSurvivorship= 31.4541258616373
ICForagerLifespan= 14.101404260844
ImmType= Polynomial
AIAdultSlope= 0.727670621029101
AIAdultLD50= 0.275768953724764
AIAdultSlopeContact= 1.2202313843742
AIAdultLD50Contact= 0.0091233094339259
AILarvaSlope= 0.984840905573219
AILarvaLD50= 0.814305862784386
AIKOW= 5.99757415894419
AIKOC= 22.6339960307814
AIHalfLife= 0.169391651870683
EAppRate= 0.603980329656042
