ICQueenStrength= 3.3622974473983
RQWkrDrnRatio= 1.6305181439966
ICDroneMiteSurvivorship= 75.5965662188828
ICWorkerMiteSurvivorship= 31.8073084810749
ICForagerLifespan= 7.1459437366575
ImmType= Sine
AIAdultSlopeContact= 1.03173925342737
AIAdultLD50Contact= 0.0222179170348682
AILarvaSlope= 0.331882049422711
AILarvaLD50= 0.625799220590852
AIKOW= 2.66587857576087
AIKOC= 13.9738456939813
AIHalfLife= 6.6710293837823
