ICQueenStrength= 4.11397485784255
RQWkrDrnRatio= 3.54605224728584
ICDroneMiteSurvivorship= 37.3339255107567
ICWorkerMiteSurvivorship= 8.87132370844483
ICForagerLifespan= 6.48433079943061
ImmType= Cosine
AIAdultSlope= 0.378054633680731
AIAdultLD50= 0.0965581559576094
AIAdultSlopeContact= 1.05883427788736
AIAdultLD50Contact= 0.0239497691509314
AILarvaSlope= 3.08234885036945
AILarvaLD50= 0.724722880194895
AIKOW= 6.99821930332109
AIKOC= 17.8067213343456
AIHalfLife= 0.990349691128358
EAppRate= 0
