ICQueenStrength= 5.67522514867596
RQWkrDrnRatio= 1.09968386776745
ICDroneMiteSurvivorship= 37.1491361409426
ICWorkerMiteSurvivorship= 47.0069462899119
ICForagerLifespan= 13.533178976737
ImmType= Cosine
AIAdultSlope= 0.200212271604687
AIAdultLD50= 2.19213528069668
AIAdultSlopeContact= 1.91562025829684
AIAdultLD50Contact= 0.0395737133570947
AILarvaSlope= 1.91211192444898
AILarvaLD50= 0.675169878965244
AIKOW= 6.71879109041765
AIKOC= 27.8486734966282
AIHalfLife= 3.29922023043036
EAppRate= 0.231767160352319
