ICQueenStrength= 4.46694643027149
RQWkrDrnRatio= 1.45392152294517
ICDroneMiteSurvivorship= 87.4301399104297
ICWorkerMiteSurvivorship= 31.8824489135295
ICForagerLifespan= 8.52873821556568
ImmType= Sine
AIAdultSlope= 0.469659035978839
AIAdultLD50= 0.027067327988334
AIAdultSlopeContact= 0.281728302715346
AIAdultLD50Contact= 0.0435615006717853
AILarvaSlope= 0.556338775204495
AILarvaLD50= 0.716711594816297
AIKOW= 2.34830451011658
AIKOC= 20.055785299046
AIHalfLife= 0.256090553011745
EAppRate= 0.284241650043987
