ICQueenStrength= 1.70368729997426
RQWkrDrnRatio= 2.27344121038914
ICDroneMiteSurvivorship= 77.8961084550247
ICWorkerMiteSurvivorship= 48.1379967648536
ICForagerLifespan= 11.2731288596988
ImmType= Tangent
AIAdultSlope= 3.36574365464039
AIAdultLD50= 0.392185460077599
AIAdultSlopeContact= 3.13969969006721
AIAdultLD50Contact= 0.0154686107416637
AILarvaSlope= 1.02598579442129
AILarvaLD50= 0.630500473338179
AIKOW= 7.47184427408502
AIKOC= 16.118225537939
AIHalfLife= 7.69556713663042
EAppRate= 0.843497300520539
