ICQueenStrength= 5.38017217325978
RQWkrDrnRatio= 1.18636935856193
ICDroneMiteSurvivorship= 51.7432724125683
ICWorkerMiteSurvivorship= 96.0207343101501
ICForagerLifespan= 11.154185638763
ImmType= Sine
AIAdultSlope= 2.12808345537633
AIAdultLD50= 2.28608215763234
AIAdultSlopeContact= 1.94152595596388
AIAdultLD50Contact= 0.000905712833628058
AILarvaSlope= 1.1466310955584
AILarvaLD50= 0.742553474614397
AIKOW= 3.88786701764911
AIKOC= 18.5476726456545
AIHalfLife= 6.64982231566682
EAppRate= 0.943744868040085
