ICQueenStrength= 5.25034295767546
RQWkrDrnRatio= 4.79105972126126
ICDroneMiteSurvivorship= 12.1819932945073
ICWorkerMiteSurvivorship= 2.80092058237642
ICForagerLifespan= 13.3604209786281
ImmType= Logarithmic
AIAdultSlopeContact= 0.0205525942984968
AIAdultLD50Contact= 0.0184685911634006
AILarvaSlope= 0.380787301436067
AILarvaLD50= 0.342502965009771
AIKOW= 4.30153542337939
AIKOC= 5.7931922446005
AIHalfLife= 8.88391533540562
