ICQueenStrength= 5.71131613012403
RQWkrDrnRatio= 4.31706211250275
ICDroneMiteSurvivorship= 46.2028984213248
ICWorkerMiteSurvivorship= 93.6753092100844
ICForagerLifespan= 13.4347848379984
ImmType= Sine
AIAdultSlopeContact= 2.98646873465739
AIAdultLD50Contact= 0.0174669327563606
AILarvaSlope= 1.70895025110804
AILarvaLD50= 0.0490041217301041
AIKOW= 5.23714775172994
AIKOC= 14.5760734810028
AIHalfLife= 4.88043046649545
