ICQueenStrength= 2.68236049241386
RQWkrDrnRatio= 1.89977762382478
ICDroneMiteSurvivorship= 85.1516108494252
ICWorkerMiteSurvivorship= 66.2227027816698
ICForagerLifespan= 15.8263784870505
ImmType= Polynomial
AIAdultSlope= 3.48019131275592
AIAdultLD50= 0.440225063939579
AIAdultSlopeContact= 1.00487193737179
AIAdultLD50Contact= 0.00917097950587049
AILarvaSlope= 0.188772891229019
AILarvaLD50= 0.819651379412972
AIKOW= 2.64882338093594
AIKOC= 22.2878530051094
AIHalfLife= 1.71370853902772
EAppRate= 0.480174484755844
