ICQueenStrength= 4.98690623347647
RQWkrDrnRatio= 3.67719033546746
ICDroneMiteSurvivorship= 64.3461408093572
ICWorkerMiteSurvivorship= 46.5405914699659
ICForagerLifespan= 11.8219669833779
ImmType= Logarithmic
AIAdultSlope= 2.97109344557393
AIAdultLD50= 0.195960025885142
AIAdultSlopeContact= 2.40556495764758
AIAdultLD50Contact= 0.00846827455097809
AILarvaSlope= 3.31225270973518
AILarvaLD50= 0.450522731523961
AIKOW= 7.37485643429682
AIKOC= 15.3637608408462
AIHalfLife= 2.51238764845766
EAppRate= 0.222807872062549
