ICQueenStrength= 5.37334915273823
RQWkrDrnRatio= 4.37997146323323
ICDroneMiteSurvivorship= 65.9834865713492
ICWorkerMiteSurvivorship= 36.3749688025564
ICForagerLifespan= 10.0998619748279
ImmType= Tangent
AIAdultSlope= 0.172884944686666
AIAdultLD50= 0.933225979562849
AIAdultSlopeContact= 2.6771430169791
AIAdultLD50Contact= 0.0184623603476211
AILarvaSlope= 1.7754235223867
AILarvaLD50= 0.100580398924649
AIKOW= 4.02062470465899
AIKOC= 9.35731475008652
AIHalfLife= 7.99765080073848
EAppRate= 0.555093698203564
