ICQueenStrength= 4.07732821442187
RQWkrDrnRatio= 3.38994759973139
ICDroneMiteSurvivorship= 47.8926376672462
ICWorkerMiteSurvivorship= 15.7624802784994
ICForagerLifespan= 9.62994219083339
ImmType= Tangent
AIAdultSlope= 1.78460473814048
AIAdultLD50= 0.116806311532855
AIAdultSlopeContact= 1.2992104314873
AIAdultLD50Contact= 0.0470973208663054
AILarvaSlope= 3.37650267044082
AILarvaLD50= 0.506929304427467
AIKOW= 2.71339305769652
AIKOC= 24.5301429135725
AIHalfLife= 1.77867951919325
EAppRate= 0.392239270335995
