ICQueenStrength= 4.63283782382496
RQWkrDrnRatio= 3.43341568205506
ICDroneMiteSurvivorship= 72.019852604717
ICWorkerMiteSurvivorship= 13.7498063500971
ICForagerLifespan= 11.2805470339954
ImmType= Tangent
AIAdultSlope= 0.821341002085246
AIAdultLD50= 0.052678911597468
AIAdultSlopeContact= 0.296953404264059
AIAdultLD50Contact= 0.0365808020927943
AILarvaSlope= 2.41726224040613
AILarvaLD50= 0.354699025559239
AIKOW= 6.31144013768062
AIKOC= 7.64202872640453
AIHalfLife= 4.44405047106557
EAppRate= 0.611649540136568
