ICQueenStrength= 2.58431308693253
RQWkrDrnRatio= 2.50482249539346
ICDroneMiteSurvivorship= 2.31605411972851
ICWorkerMiteSurvivorship= 60.9794589690864
ICForagerLifespan= 12.0387348989025
ImmType= Cosine
AIAdultSlope= 1.81548357162159
AIAdultLD50= 0.190791695611551
AIAdultSlopeContact= 1.83069648321485
AIAdultLD50Contact= 0.0230984607362188
AILarvaSlope= 1.69514252115041
AILarvaLD50= 0.866793545801192
AIKOW= 6.20898403786123
AIKOC= 22.8341724909842
AIHalfLife= 0.159682088997215
EAppRate= 0.120503901829943
