ICQueenStrength= 2.41420303378254
RQWkrDrnRatio= 2.34383141621947
ICDroneMiteSurvivorship= 79.2874136008322
ICWorkerMiteSurvivorship= 23.5907792579383
ICForagerLifespan= 5.42894438561052
ImmType= Tangent
AIAdultSlope= 3.06185087929945
AIAdultLD50= 0.0372721989406273
AIAdultSlopeContact= 2.67912721542874
AIAdultLD50Contact= 0.0293077168869786
AILarvaSlope= 3.02516224910505
AILarvaLD50= 0.00047237032558769
AIKOW= 6.07587134512141
AIKOC= 8.67149235680699
AIHalfLife= 3.72652709134854
EAppRate= 0.292788112093694
