ICQueenStrength= 2.57206701347604
RQWkrDrnRatio= 3.00976245384663
ICDroneMiteSurvivorship= 72.9522047797218
ICWorkerMiteSurvivorship= 40.6131154391915
ICForagerLifespan= 8.31099891848862
ImmType= Sine
AIAdultSlope= 1.31793022361817
AIAdultLD50= 0.36545248341281
AIAdultSlopeContact= 2.20099730602233
AIAdultLD50Contact= 0.0146504277014174
AILarvaSlope= 1.03445006031543
AILarvaLD50= 0.302302054851316
AIKOW= 7.50183389242738
AIKOC= 7.25888853310607
AIHalfLife= 2.15906398370862
EAppRate= 0.566224572109058
