ICQueenStrength= 1.1373807922937
RQWkrDrnRatio= 4.00027847476304
ICDroneMiteSurvivorship= 34.2717034276575
ICWorkerMiteSurvivorship= 66.1804485600442
ICForagerLifespan= 9.29151557199657
ImmType= Exponential
AIAdultSlope= 2.12974349050783
AIAdultLD50= 0.304638765519485
AIAdultSlopeContact= 1.30612313909456
AIAdultLD50Contact= 0.00123096571769565
AILarvaSlope= 0.590627920720726
AILarvaLD50= 0.194707204727456
AIKOW= 5.47077363589779
AIKOC= 16.1535290256143
AIHalfLife= 0.785764383152127
EAppRate= 0.656680668937042
