ICQueenStrength= 5.92464593029581
RQWkrDrnRatio= 2.59905078914016
ICDroneMiteSurvivorship= 39.6025663940236
ICWorkerMiteSurvivorship= 67.4283566651866
ICForagerLifespan= 11.7205999065191
ImmType= Cosine
AIAdultSlope= 1.71523827482015
AIAdultLD50= 2.51151770423166
AIAdultSlopeContact= 3.14428885143483
AIAdultLD50Contact= 0.0459906612406485
AILarvaSlope= 1.39244697792456
AILarvaLD50= 0.706672660633922
AIKOW= 6.26997828669846
AIKOC= 22.550311901141
AIHalfLife= 1.06574527220801
EAppRate= 0.555405677296221
