ICQueenStrength= 4.95801217993721
RQWkrDrnRatio= 2.94515488203615
ICDroneMiteSurvivorship= 58.759581996128
ICWorkerMiteSurvivorship= 73.2544324826449
ICForagerLifespan= 11.1541486131027
ImmType= Exponential
AIAdultSlope= 1.48881163103506
AIAdultLD50= 2.69328280468471
AIAdultSlopeContact= 0.825839010549244
AIAdultLD50Contact= 0.0374099201057106
AILarvaSlope= 0.456452152039856
AILarvaLD50= 0.330293295811862
AIKOW= 3.13396641518921
AIKOC= 18.2912203960586
AIHalfLife= 6.44810987822711
EAppRate= 0.179785078857094
