ICQueenStrength= 2.30959600559436
RQWkrDrnRatio= 3.67048366274685
ICDroneMiteSurvivorship= 83.8330409256741
ICWorkerMiteSurvivorship= 8.19279567804188
ICForagerLifespan= 6.06187111698091
ImmType= Exponential
AIAdultSlope= 1.14240750802215
AIAdultLD50= 0.403020367142744
AIAdultSlopeContact= 3.8179947775905
AIAdultLD50Contact= 0.00590412633027881
AILarvaSlope= 0.274371930351481
AILarvaLD50= 0.655846886686049
AIKOW= 7.13584021246061
AIKOC= 25.3995028859936
AIHalfLife= 1.18350262055174
EAppRate= 0.333011193666607
