ICQueenStrength= 2.03014403255656
RQWkrDrnRatio= 3.8048527315259
ICDroneMiteSurvivorship= 93.715342390351
ICWorkerMiteSurvivorship= 56.1708971858025
ICForagerLifespan= 6.63656826689839
ImmType= Logarithmic
AIAdultSlopeContact= 3.97468575043604
AIAdultLD50Contact= 0.196598439337686
AILarvaSlope= 4.9861524393782
AILarvaLD50= 0.0379996597766876
AIKOW= 63.9183959458023
AIKOC= 16.3049652474001
AIHalfLife= 7.32522761356086
