ICQueenStrength= 5.79588813497685
RQWkrDrnRatio= 4.93546373583376
ICDroneMiteSurvivorship= 49.9320694478229
ICWorkerMiteSurvivorship= 77.8838808415458
ICForagerLifespan= 6.31131131667644
ImmType= Tangent
AIAdultSlope= 1.75336926039308
AIAdultLD50= 0.0201784155797213
AIAdultSlopeContact= 2.14999219544465
AIAdultLD50Contact= 0.0364851872087456
AILarvaSlope= 2.01589953545481
AILarvaLD50= 0.0294907525414601
AIKOW= 6.30916828848422
AIKOC= 27.9775427666027
AIHalfLife= 10.2301475801505
EAppRate= 0.286326820263639
