ICQueenStrength= 1.29966242378578
RQWkrDrnRatio= 4.27652691490948
ICDroneMiteSurvivorship= 37.5830891542137
ICWorkerMiteSurvivorship= 76.011582207866
ICForagerLifespan= 8.87276480346918
ImmType= Exponential
AIAdultSlopeContact= 1.80647228934104
AIAdultLD50Contact= 0.0277739326003939
AILarvaSlope= 2.51022688187659
AILarvaLD50= 0.869753141957335
AIKOW= 5.42455901950598
AIKOC= 12.3857700394001
AIHalfLife= 7.26145878713578
