ICQueenStrength= 3.64792606350966
RQWkrDrnRatio= 1.37672932911664
ICDroneMiteSurvivorship= 84.8553888732567
ICWorkerMiteSurvivorship= 57.4938404606655
ICForagerLifespan= 4.33199207764119
ImmType= Polynomial
AIAdultSlope= 1.82303219451569
AIAdultLD50= 2.32590737147257
AIAdultSlopeContact= 1.51562462440459
AIAdultLD50Contact= 0.0239570971229114
AILarvaSlope= 2.61855812361464
AILarvaLD50= 0.392069454188459
AIKOW= 7.12930319830775
AIKOC= 20.7194780185819
AIHalfLife= 10.5382312694564
EAppRate= 0.942280315095559
