ICQueenStrength= 5.16855777031742
RQWkrDrnRatio= 4.55897787865251
ICDroneMiteSurvivorship= 37.5433643115684
ICWorkerMiteSurvivorship= 95.8027890417725
ICForagerLifespan= 10.2315164105967
ImmType= Sine
AIAdultSlopeContact= 1.36531632198952
AIAdultLD50Contact= 0.0322429685620591
AILarvaSlope= 0.398199501354247
AILarvaLD50= 0.715211935923435
AIKOW= 2.02978092012927
AIKOC= 28.6952020262834
AIHalfLife= 6.47584562795237
