ICQueenStrength= 3.25497680599801
RQWkrDrnRatio= 4.56903357058764
ICDroneMiteSurvivorship= 11.1975704086944
ICWorkerMiteSurvivorship= 52.5994988158345
ICForagerLifespan= 15.1702986564487
ImmType= Sine
AIAdultSlope= 1.92023300350411
AIAdultLD50= 0.180293291225098
AIAdultSlopeContact= 3.3337134114909
AIAdultLD50Contact= 0.0248665899620391
AILarvaSlope= 0.786496840137988
AILarvaLD50= 0.445018331939355
AIKOW= 6.0266905114986
AIKOC= 28.9020072564017
AIHalfLife= 2.47534582158551
EAppRate= 0.43004141387064
