ICQueenStrength= 2.49375616805628
RQWkrDrnRatio= 2.3637448810041
ICDroneMiteSurvivorship= 97.2354725003242
ICWorkerMiteSurvivorship= 36.5931699518114
ICForagerLifespan= 4.90063299518079
ImmType= Sine
AIAdultSlope= 0.114475141558796
AIAdultLD50= 1.08965991949663
AIAdultSlopeContact= 1.68250415374758
AIAdultLD50Contact= 0.00622048062505201
AILarvaSlope= 0.584262256091461
AILarvaLD50= 0.794200593139976
AIKOW= 2.83876684820279
AIKOC= 29.6117989358027
AIHalfLife= 11.2968264101073
EAppRate= 0.307456725509837
