ICQueenStrength= 2.11902423319407
RQWkrDrnRatio= 4.33198697585613
ICDroneMiteSurvivorship= 99.1779785836115
ICWorkerMiteSurvivorship= 81.8943629739806
ICForagerLifespan= 10.9786935532466
ImmType= Exponential
AIAdultSlopeContact= 3.22469094088068
AIAdultLD50Contact= 0.01614050779026
AILarvaSlope= 3.38880306878127
AILarvaLD50= 0.710080641042441
AIKOW= 3.21306656254455
AIKOC= 27.2440316807479
AIHalfLife= 9.52030029566959
