ICQueenStrength= 2.81148384348489
RQWkrDrnRatio= 1.98460558056831
ICDroneMiteSurvivorship= 16.6380464565009
ICWorkerMiteSurvivorship= 59.1948850313202
ICForagerLifespan= 5.75326692126691
ImmType= Tangent
AIAdultSlope= 0.410980318249203
AIAdultLD50= 0.137102796696126
AIAdultSlopeContact= 1.49581442053663
AIAdultLD50Contact= 0.0432037400314584
AILarvaSlope= 3.16363242305815
AILarvaLD50= 0.667516118637286
AIKOW= 7.09405387705192
AIKOC= 22.5541544042062
AIHalfLife= 4.36992562608793
EAppRate= 0.216707057505846
