ICQueenStrength= 3.35562329762615
RQWkrDrnRatio= 4.65665176697075
ICDroneMiteSurvivorship= 94.0859267953783
ICWorkerMiteSurvivorship= 83.8600684190169
ICForagerLifespan= 8.53461205493659
ImmType= Sine
AIAdultSlope= 2.28457447533729
AIAdultLD50= 0.402924471185543
AIAdultSlopeContact= 3.63797180531546
AIAdultLD50Contact= 0.0440965139190666
AILarvaSlope= 0.317012779135257
AILarvaLD50= 0.70476053415332
AIKOW= 4.87680391315371
AIKOC= 16.7258723767009
AIHalfLife= 2.01410981360823
EAppRate= 0.344987640925683
