ICQueenStrength= 4.96758527262136
RQWkrDrnRatio= 4.19198731798679
ICDroneMiteSurvivorship= 77.0285590086132
ICWorkerMiteSurvivorship= 91.3165217265487
ICForagerLifespan= 13.7920781876892
ImmType= Exponential
AIAdultSlope= 9.12659974535927
