ICQueenStrength= 2.88990778289735
RQWkrDrnRatio= 1.22107958886772
ICDroneMiteSurvivorship= 79.684528731741
ICWorkerMiteSurvivorship= 15.5040595680475
ICForagerLifespan= 12.9533330807462
ImmType= Sine
AIAdultSlope= 2.46483686319552
AIAdultLD50= 0.104169399943203
AIAdultSlopeContact= 1.57938104419503
AIAdultLD50Contact= 0.0213246658327989
AILarvaSlope= 2.55010517518967
AILarvaLD50= 0.553596136649139
AIKOW= 6.77153273532167
AIKOC= 14.0379185043275
AIHalfLife= 5.04663075506687
EAppRate= 0.286848425399512
