ICQueenStrength= 2.49193205405027
RQWkrDrnRatio= 4.71441190410405
ICDroneMiteSurvivorship= 68.9983302960172
ICWorkerMiteSurvivorship= 38.8512120116502
ICForagerLifespan= 9.83293414395303
ImmType= Sine
AIAdultSlope= 0.868638470275328
AIAdultLD50= 0.309017145656981
AIAdultSlopeContact= 1.6813611811772
AIAdultLD50Contact= 0.0278390840510838
AILarvaSlope= 1.48021191190928
AILarvaLD50= 0.559551041945815
AIKOW= 2.72167331213132
AIKOC= 24.6667191688903
AIHalfLife= 1.35710831382312
EAppRate= 0
