ICQueenStrength= 4.77739259158261
RQWkrDrnRatio= 1.11994320340455
ICDroneMiteSurvivorship= 25.0335024902597
ICWorkerMiteSurvivorship= 46.3679992826656
ICForagerLifespan= 8.04200058989227
ImmType= Logarithmic
AIAdultSlope= 1.91848622411489
AIAdultLD50= 0.136590143898502
AIAdultSlopeContact= 0.564370978362858
AIAdultLD50Contact= 0.0248768333694898
AILarvaSlope= 1.94069805098698
AILarvaLD50= 0.432985767326318
AIKOW= 7.29105119779706
AIKOC= 27.1420376736205
AIHalfLife= 8.13718291046098
EAppRate= 0.0660314669366926
