ICQueenStrength= 5.29735577083193
RQWkrDrnRatio= 4.85166732873768
ICDroneMiteSurvivorship= 24.3535342859104
ICWorkerMiteSurvivorship= 38.536224863492
ICForagerLifespan= 7.43654457945377
ImmType= Cosine
AIAdultSlope= 1.69619995374233
AIAdultLD50= 2.47266524098814
AIAdultSlopeContact= 1.12589815596119
AIAdultLD50Contact= 0.0237521497532725
AILarvaSlope= 0.372403581719846
AILarvaLD50= 0.164108807779849
AIKOW= 4.29486426524818
AIKOC= 9.39144385745749
AIHalfLife= 3.22241407446563
EAppRate= 0.368274924578145
