ICQueenStrength= 5.88840578473173
RQWkrDrnRatio= 1.00976495351642
ICDroneMiteSurvivorship= 94.0614471677691
ICWorkerMiteSurvivorship= 20.9291298175231
ICForagerLifespan= 4.50796290952712
ImmType= Sine
AIAdultSlope= 0.913229417800903
AIAdultLD50= 1.39825314749032
AIAdultSlopeContact= 2.91063160875812
AIAdultLD50Contact= 0.00374734925571829
AILarvaSlope= 2.64611805980094
AILarvaLD50= 0.214206807059236
AIKOW= 3.58170273667201
AIKOC= 29.942183541134
AIHalfLife= 11.1516153127886
EAppRate= 0.404388058232144
