ICQueenStrength= 2.78247692878358
RQWkrDrnRatio= 4.31993530970067
ICDroneMiteSurvivorship= 14.7235674783587
ICWorkerMiteSurvivorship= 23.1408965308219
ICForagerLifespan= 8.36085790395737
ImmType= Polynomial
AIAdultSlope= 0.839512622915208
