ICQueenStrength= 4.3003344561439
RQWkrDrnRatio= 2.8840868640691
ICDroneMiteSurvivorship= 5.78646310605109
ICWorkerMiteSurvivorship= 5.53436395712197
ICForagerLifespan= 10.9570557316765
ImmType= Polynomial
AIAdultSlope= 0.530104179400951
AIAdultLD50= 1.9251081305556
AIAdultSlopeContact= 1.70275934680598
AIAdultLD50Contact= 0.0310988093260676
AILarvaSlope= 3.31206282759085
AILarvaLD50= 0.275560978101566
AIKOW= 7.87088983366266
AIKOC= 13.0606226110831
AIHalfLife= 4.92421857221052
EAppRate= 0.738157982705161
