ICQueenStrength= 1.25384683627635
RQWkrDrnRatio= 3.095300110057
ICDroneMiteSurvivorship= 44.5166318910196
ICWorkerMiteSurvivorship= 25.6749865366146
ICForagerLifespan= 7.04702896717936
ImmType= Exponential
AIAdultSlope= 0.562861563777551
AIAdultLD50= 0.936160986078903
AIAdultSlopeContact= 2.67867912064539
AIAdultLD50Contact= 0.00445191258331761
AILarvaSlope= 3.03458165549673
AILarvaLD50= 0.651675120647997
AIKOW= 7.86861710716039
AIKOC= 23.5067196551245
AIHalfLife= 11.7912662192248
EAppRate= 0.394652894465253
