ICQueenStrength= 4.51803307072259
RQWkrDrnRatio= 2.07876913528889
ICDroneMiteSurvivorship= 94.8077373905107
ICWorkerMiteSurvivorship= 54.3389714322984
ICForagerLifespan= 4.39356920681894
ImmType= Sine
AIAdultSlope= 1.88740557497367
AIAdultSlopeContact= 2.71535553335678
AIAdultLD50Contact= 0.0471581204677932
AILarvaSlope= 0.67038415428251
AILarvaLD50= 0.00626594410277903
AIKOW= 4.06484172074124
AIKOC= 24.2854536464438
AIHalfLife= 4.8757067588158
