ICQueenStrength= 4.60766726080328
RQWkrDrnRatio= 4.33330410160124
ICDroneMiteSurvivorship= 49.5226075872779
ICWorkerMiteSurvivorship= 98.6268049338832
ICForagerLifespan= 4.61888139694929
ImmType= Polynomial
AIAdultSlopeContact= 0.594495793338865
AIAdultLD50Contact= 0.117405098862946
AILarvaSlope= 7.18549458542839
AILarvaLD50= 0.433288623578846
AIKOW= 6.05840310454369
AIKOC= 40.6976877246052
AIHalfLife= 12.3206326663494
