ICQueenStrength= 5.20474672690034
RQWkrDrnRatio= 1.59214810561389
ICDroneMiteSurvivorship= 59.0860684169456
ICWorkerMiteSurvivorship= 31.2237757258117
ICForagerLifespan= 9.25071524176747
ImmType= Logarithmic
AIAdultSlope= 2.75032972171903
AIAdultLD50= 2.13278098963201
AIAdultSlopeContact= 0.830083330320194
AIAdultLD50Contact= 0.00216844803653657
AILarvaSlope= 1.97302394476719
AILarvaLD50= 0.812933251750655
AIKOW= 6.46916122362018
AIKOC= 25.444846135797
AIHalfLife= 0.696021476760507
EAppRate= 0.832200377015397
