ICQueenStrength= 1.07240499719046
RQWkrDrnRatio= 4.14023568294942
ICDroneMiteSurvivorship= 91.4586166152731
ICWorkerMiteSurvivorship= 97.7622672682628
ICForagerLifespan= 15.6201085420325
ImmType= Tangent
AIAdultSlope= 1.83753734063357
AIAdultLD50= 0.116817872039974
AIAdultSlopeContact= 2.20499904458178
AIAdultLD50Contact= 0.0316264111083001
AILarvaSlope= 0.604106401512399
AILarvaLD50= 0.201924886903726
AIKOW= 6.46577993733808
AIKOC= 21.738351265667
AIHalfLife= 4.23803607700393
EAppRate= 0.931828074390069
