ICQueenStrength= 1.72595712030306
RQWkrDrnRatio= 4.38939723838121
ICDroneMiteSurvivorship= 20.5942783039063
ICWorkerMiteSurvivorship= 92.4359874799848
ICForagerLifespan= 15.5294666718692
ImmType= Logarithmic
AIAdultSlope= 0.120476394135039
AIAdultLD50= 0.388493233476765
AIAdultSlopeContact= 1.24458082038676
AIAdultLD50Contact= 0.0459547504084185
AILarvaSlope= 0.649851578427479
AILarvaLD50= 0.817280576121993
AIKOW= 4.78238899772987
AIKOC= 20.3792907192837
AIHalfLife= 3.36619729641825
EAppRate= 0.157643088162877
