ICQueenStrength= 1.27726105763577
RQWkrDrnRatio= 1.56820320896804
ICDroneMiteSurvivorship= 27.7990660397336
ICWorkerMiteSurvivorship= 15.9986690850928
ICForagerLifespan= 9.50946838688105
ImmType= Exponential
AIAdultLD50= 0.154012839635834
AIAdultSlopeContact= 0.805043749026954
AIAdultLD50Contact= 0.0239251202088781
AILarvaSlope= 2.88797986009158
AILarvaLD50= 0.73101355698891
AIKOW= 2.57547187246382
AIKOC= 5.49222917295992
AIHalfLife= 13.6792658111081
EAppRate= 0.300697110127658
