ICQueenStrength= 1.04271510988474
RQWkrDrnRatio= 1.99674593284726
ICDroneMiteSurvivorship= 90.9387439023703
ICWorkerMiteSurvivorship= 33.6175023578107
ICForagerLifespan= 6.2567522963509
ImmType= Cosine
AIAdultSlope= 7.9983038874343
