ICQueenStrength= 1.97735784598626
RQWkrDrnRatio= 2.53728682454675
ICDroneMiteSurvivorship= 86.7105939192697
ICWorkerMiteSurvivorship= 61.6138623096049
ICForagerLifespan= 15.5651632333174
ImmType= Cosine
AIAdultSlope= 2.2360715969
AIAdultLD50= 1.1753376731649
AIAdultSlopeContact= 3.05893623825861
AIAdultLD50Contact= 0.0213257015915588
AILarvaSlope= 0.584250563010573
AILarvaLD50= 0.434236054960638
AIKOW= 4.57461407221854
AIKOC= 21.5658961399458
AIHalfLife= 3.09056874690577
EAppRate= 0.0445212996564806
