ICQueenStrength= 5.59174673305824
RQWkrDrnRatio= 3.1669400818646
ICDroneMiteSurvivorship= 68.0083846673369
ICWorkerMiteSurvivorship= 61.5976738976315
ICForagerLifespan= 10.9232805287465
ImmType= Logarithmic
AIAdultSlope= 2.55754543324001
AIAdultLD50= 2.70714433584362
AIAdultSlopeContact= 1.99625128410989
AIAdultLD50Contact= 0.00215262701967731
AILarvaSlope= 0.159906200412661
AILarvaLD50= 0.850514890090562
AIKOW= 5.41987064387649
AIKOC= 12.939418964088
AIHalfLife= 5.92988015571609
EAppRate= 0.527084285393357
