ICQueenStrength= 5.77940105949529
RQWkrDrnRatio= 4.92597990296781
ICDroneMiteSurvivorship= 4.82721924781799
ICWorkerMiteSurvivorship= 39.216644060798
ICForagerLifespan= 13.7993355831131
ImmType= Tangent
AIAdultSlope= 2.71545181996189
AIAdultLD50= 2.42037798115052
AIAdultSlopeContact= 3.13884086552309
AIAdultLD50Contact= 0.0152804654208012
AILarvaSlope= 2.59928143182769
AILarvaLD50= 0.849253401509486
AIKOW= 3.21037459699437
AIKOC= 20.7258841383737
AIHalfLife= 1.56219761539251
EAppRate= 0.526811166200787
