ICQueenStrength= 5.32093981769867
RQWkrDrnRatio= 1.39787021744996
ICDroneMiteSurvivorship= 63.4717514971271
ICWorkerMiteSurvivorship= 41.8947089463472
ICForagerLifespan= 9.61872227583081
ImmType= Exponential
AIAdultSlopeContact= 2.6782870455645
AIAdultLD50Contact= 0.0826048164162785
AILarvaSlope= 4.95969746261835
AILarvaLD50= 0.574577094987035
AIKOW= 95.5761838238686
AIKOC= 1.07987986411899
AIHalfLife= 1.23522465629503
