ICQueenStrength= 3.25754228536971
RQWkrDrnRatio= 1.54684597160667
ICDroneMiteSurvivorship= 64.4444705918431
ICWorkerMiteSurvivorship= 76.4648305252194
ICForagerLifespan= 11.4017293546349
ImmType= Cosine
AIAdultSlope= 3.2575766132609
AIAdultLD50= 0.0902896885527298
AIAdultSlopeContact= 1.9739569096989
AIAdultLD50Contact= 0.0375519806751981
AILarvaSlope= 1.89529324793257
AILarvaLD50= 0.446618762263097
AIKOW= 7.52201844286174
AIKOC= 17.0465238287579
AIHalfLife= 3.90565053210594
EAppRate= 0.042080630059354
