ICQueenStrength= 2.89205531403422
RQWkrDrnRatio= 1.10004671476781
