ICQueenStrength= 1.89508900884539
RQWkrDrnRatio= 2.85048945993185
ICDroneMiteSurvivorship= 77.0079871639609
ICWorkerMiteSurvivorship= 75.2036441350356
ICForagerLifespan= 12.3291353136301
ImmType= Sine
AIAdultSlopeContact= 2.91048672928009
AIAdultLD50Contact= 0.0409695618320257
AILarvaSlope= 2.14556368272752
AILarvaLD50= 0.505127783026546
AIKOW= 2.05276727536693
AIKOC= 13.4543451259378
AIHalfLife= 5.98392895096913
