ICQueenStrength= 5.37830465380102
RQWkrDrnRatio= 4.23234004806727
ICDroneMiteSurvivorship= 30.3232294274494
ICWorkerMiteSurvivorship= 19.3207933800295
ICForagerLifespan= 6.71788126602769
ImmType= Polynomial
AIAdultSlopeContact= 1.06049454762368
AIAdultLD50Contact= 0.0337118571158499
AILarvaSlope= 2.77976502669044
AILarvaLD50= 0.325102719292045
AIKOW= 4.28362192306668
AIKOC= 8.6797342763748
AIHalfLife= 9.17900892719626
