ICQueenStrength= 3.48863454326056
RQWkrDrnRatio= 3.18002799898386
ICDroneMiteSurvivorship= 36.4427658729255
ICWorkerMiteSurvivorship= 39.8005999624729
ICForagerLifespan= 4.40257118921727
ImmType= Logarithmic
AIAdultSlopeContact= 1.46310343364021
AIAdultLD50Contact= 0.000694235309492797
AILarvaSlope= 0.517802559584379
AILarvaLD50= 0.478054922050796
AIKOW= 6.61246559116989
AIKOC= 21.298436850775
AIHalfLife= 5.47217919165269
