ICQueenStrength= 1.44065041118301
RQWkrDrnRatio= 3.42601692769676
ICDroneMiteSurvivorship= 82.9407576704398
ICWorkerMiteSurvivorship= 96.0160699207336
ICForagerLifespan= 8.50904178526253
ImmType= Exponential
AIAdultSlope= 2.55915909814881
AIAdultLD50= 0.439636712893844
AIAdultSlopeContact= 1.04881343908841
AIAdultLD50Contact= 0.0382757463143207
AILarvaSlope= 2.28097369326279
AILarvaLD50= 0.668561258981936
AIKOW= 6.73727444699034
AIKOC= 25.6189338292461
AIHalfLife= 3.95337167195976
EAppRate= 0.0154775065602735
