ICQueenStrength= 3.58159942110069
RQWkrDrnRatio= 3.52214419096708
ICDroneMiteSurvivorship= 94.1197216277942
ICWorkerMiteSurvivorship= 52.9898135922849
ICForagerLifespan= 7.07110759057105
ImmType= Cosine
AIAdultSlope= 2.94488058448769
AIAdultLD50= 1.86708303610794
AIAdultSlopeContact= 1.95188503537327
AIAdultLD50Contact= 0.00596268803346902
AILarvaSlope= 1.70901372986846
AILarvaLD50= 0.610547132184729
AIKOW= 4.63312496291474
AIKOC= 20.0837377994321
AIHalfLife= 9.84339037816972
EAppRate= 0.478179547702894
