ICQueenStrength= 2.72461702604778
RQWkrDrnRatio= 1.93401253316551
ICDroneMiteSurvivorship= 9.28590572439134
ICWorkerMiteSurvivorship= 19.1608058288693
ICForagerLifespan= 6.14592739846557
ImmType= Exponential
AIAdultSlope= 2.53375864952104
AIAdultLD50= 0.193315113661811
AIAdultSlopeContact= 3.26248951576184
AIAdultLD50Contact= 0.0478191560134292
AILarvaSlope= 2.77804679372348
AILarvaLD50= 0.0406355962855741
AIKOW= 5.54768212372437
AIKOC= 9.89025152637623
AIHalfLife= 3.41196203720756
EAppRate= 0
