ICQueenStrength= 2.88118529040366
RQWkrDrnRatio= 3.27604758460075
ICDroneMiteSurvivorship= 71.1251720087603
ICWorkerMiteSurvivorship= 61.1528120469302
ICForagerLifespan= 14.4990781135857
ImmType= Sine
AIAdultSlope= 3.16669472702779
AIAdultLD50= 1.76955193094909
AIAdultSlopeContact= 1.19511351999594
AIAdultLD50Contact= 0.000652415864169598
AILarvaSlope= 3.30506857852451
AILarvaLD50= 0.0815070429816842
AIKOW= 2.67634434020147
AIKOC= 20.4816031281371
AIHalfLife= 7.83307951176539
EAppRate= 0.881865389179438
