ICQueenStrength= 2.08308612019755
RQWkrDrnRatio= 3.06122424639761
ICDroneMiteSurvivorship= 62.2048434335738
ICWorkerMiteSurvivorship= 75.3594881156459
ICForagerLifespan= 14.4709344599396
ImmType= Sine
AIAdultSlope= 0.346951154153794
AIAdultLD50= 0.424240977270529
AIAdultSlopeContact= 2.16060524445958
AIAdultLD50Contact= 0.0297596083953977
AILarvaSlope= 1.15813218778931
AILarvaLD50= 0.400449695019051
AIKOW= 2.29058272251859
AIKOC= 18.0691853235476
AIHalfLife= 6.70490467734635
EAppRate= 0.103705605026335
