ICQueenStrength= 1.45128125697374
RQWkrDrnRatio= 1.34238672349602
ICDroneMiteSurvivorship= 86.7276046890765
ICWorkerMiteSurvivorship= 31.0830718372017
ICForagerLifespan= 12.0830692322925
ImmType= Cosine
AIAdultSlope= 3.34311698582023
AIAdultLD50= 2.58419120125473
AIAdultSlopeContact= 1.29973932018271
AIAdultLD50Contact= 0.0389002465642989
AILarvaSlope= 2.15626413417049
AILarvaLD50= 0.500584514066577
AIKOW= 7.25176157848909
AIKOC= 20.6515074020717
AIHalfLife= 3.26948698004708
EAppRate= 0.0824997329618782
