ICQueenStrength= 5.16796395555139
RQWkrDrnRatio= 2.75460887886584
ICDroneMiteSurvivorship= 95.6993835279718
ICWorkerMiteSurvivorship= 54.8995072953403
ICForagerLifespan= 7.35560945048928
ImmType= Exponential
AIAdultLD50= 0.154012839635834
AIAdultSlopeContact= 0.188938893454615
AIAdultLD50Contact= 0.0489288763608784
AILarvaSlope= 2.13628866067156
AILarvaLD50= 0.0935389253078029
AIKOW= 5.29559474578127
AIKOC= 26.9056310364977
AIHalfLife= 7.91912703868002
EAppRate= 0.285668533295393
