ICQueenStrength= 5.49231201899238
RQWkrDrnRatio= 4.24785703420639
ICDroneMiteSurvivorship= 69.6498429402709
ICWorkerMiteSurvivorship= 59.6857476281002
ICForagerLifespan= 12.1150694889948
ImmType= Exponential
AIAdultSlope= 3.6293127552839
AIAdultLD50= 0.139531724853441
AIAdultSlopeContact= 2.74490418758942
AIAdultLD50Contact= 0.0471102206851356
AILarvaSlope= 1.82224846677855
AILarvaLD50= 0.680396294197999
AIKOW= 4.2962026107125
AIKOC= 16.425667925505
AIHalfLife= 3.30806734506041
EAppRate= 0
