ICQueenStrength= 1.24333477485925
RQWkrDrnRatio= 2.15058224089444
ICDroneMiteSurvivorship= 37.3396436916664
ICWorkerMiteSurvivorship= 15.4484340921044
ICForagerLifespan= 5.31408467423171
ImmType= Polynomial
AIAdultSlope= 3.45526440482587
AIAdultLD50= 0.47253109770827
AIAdultSlopeContact= 3.18384287414839
AIAdultLD50Contact= 0.0406516318325885
AILarvaSlope= 0.673680732306093
AILarvaLD50= 0.00453912599477917
AIKOW= 4.69640586758032
AIKOC= 24.4410458265338
AIHalfLife= 3.60120638506487
EAppRate= 0
