ICQueenStrength= 1.27969315298833
RQWkrDrnRatio= 3.2609088877216
ICDroneMiteSurvivorship= 28.2271082978696
ICWorkerMiteSurvivorship= 65.8485463121906
ICForagerLifespan= 8.58436520211399
ImmType= Tangent
AIAdultSlopeContact= 2.63828729149885
AIAdultLD50Contact= 0.0188429329660721
AILarvaSlope= 2.30594708290882
AILarvaLD50= 0.42943738270551
AIKOW= 7.34385365899652
AIKOC= 23.3773615572136
AIHalfLife= 3.64869504421949
