ICQueenStrength= 2.15666604135185
RQWkrDrnRatio= 4.64120957814157
ICDroneMiteSurvivorship= 25.8365252055228
ICWorkerMiteSurvivorship= 50.5064866039902
ICForagerLifespan= 13.8173552611843
ImmType= Logarithmic
AIAdultSlope= 1.09950676523149
AIAdultLD50= 0.346532644238323
AIAdultSlopeContact= 2.58502832751721
AIAdultLD50Contact= 0.0325991699588485
AILarvaSlope= 0.593571251491085
AILarvaLD50= 0.2471486894181
AIKOW= 7.51965448213741
AIKOC= 27.0669292437378
AIHalfLife= 10.7363415039144
EAppRate= 0.425702560925856
