ICQueenStrength= 5.92950520478189
RQWkrDrnRatio= 4.91704205889255
ICDroneMiteSurvivorship= 99.2796395672485
ICWorkerMiteSurvivorship= 76.9054969074205
ICForagerLifespan= 6.64781773369759
ImmType= Polynomial
AIAdultLD50= 0.154012839635834
AIAdultSlopeContact= 1.81475614092546
AIAdultLD50Contact= 0.0258571906830184
AILarvaSlope= 0.813159790122882
AILarvaLD50= 0.0385035334853455
AIKOW= 6.77894635265693
AIKOC= 9.70856372267008
AIHalfLife= 7.14874905301258
EAppRate= 0.090166203211993
