ICQueenStrength= 3.41561112343334
RQWkrDrnRatio= 4.10372850857675
ICDroneMiteSurvivorship= 30.3951018024236
ICWorkerMiteSurvivorship= 64.477919973433
ICForagerLifespan= 11.1521944086999
ImmType= Sine
AIAdultSlope= 2.56435646209866
AIAdultLD50= 0.851627900730819
AIAdultSlopeContact= 7.30274344794452
AIAdultLD50Contact= 0.126641017338261
AILarvaSlope= 2.42066561477259
AILarvaLD50= 1.14694726467133
AIKOW= 86.6985887056217
AIKOC= 5.82597183529288
AIHalfLife= 2.41613817913458
EAppRate= 1.93133619334549
