ICQueenStrength= 4.67490520142019
RQWkrDrnRatio= 1.47557144146413
