ICQueenStrength= 4.80119855515659
RQWkrDrnRatio= 4.35834362357855
ICDroneMiteSurvivorship= 78.9751964155585
ICWorkerMiteSurvivorship= 38.6457010405138
ICForagerLifespan= 13.6547251306474
ImmType= Tangent
AIAdultSlopeContact= 3.19545973325148
AIAdultLD50Contact= 0.0712278800085187
AILarvaSlope= 3.86587433516979
AILarvaLD50= 0.575163373257965
AIKOW= 49.1090353345498
AIKOC= 2.06087480764836
AIHalfLife= 6.27406102232635
