ICQueenStrength= 2.619889595313
RQWkrDrnRatio= 2.84266974870116
ICDroneMiteSurvivorship= 63.805482420139
ICWorkerMiteSurvivorship= 96.9567662104964
ICForagerLifespan= 9.94943961128592
ImmType= Tangent
AIAdultSlope= 1.57177498512901
AIAdultLD50= 2.72902913647704
AIAdultSlopeContact= 3.14822777448222
AIAdultLD50Contact= 0.0422778649372049
AILarvaSlope= 1.9124651028309
AILarvaLD50= 0.0511525684269145
AIKOW= 4.99373111734167
AIKOC= 28.7352102703881
AIHalfLife= 0.723514263518155
EAppRate= 0.154839392052963
