ICQueenStrength= 1.40197506314144
RQWkrDrnRatio= 3.98834873735905
ICDroneMiteSurvivorship= 93.8664354383945
ICWorkerMiteSurvivorship= 42.609766474925
ICForagerLifespan= 14.7982570547611
ImmType= Tangent
AIAdultSlope= 7.96508197439834
