ICQueenStrength= 3.79317927546799
RQWkrDrnRatio= 4.0857857177034
ICDroneMiteSurvivorship= 36.5471870405599
ICWorkerMiteSurvivorship= 97.9143412550911
ICForagerLifespan= 14.90402228944
ImmType= Polynomial
AIAdultSlopeContact= 2.31359950226499
AIAdultLD50Contact= 0.00769333697389811
AILarvaSlope= 0.912887346697971
AILarvaLD50= 0.455324612371624
AIKOW= 3.30730208288878
AIKOC= 9.53857790562324
AIHalfLife= 13.3879319732077
