ICQueenStrength= 1.75126623967662
RQWkrDrnRatio= 2.269451610744
ICDroneMiteSurvivorship= 67.4904645653442
ICWorkerMiteSurvivorship= 28.7143465364352
ICForagerLifespan= 7.80470294319093
ImmType= Cosine
AIAdultSlope= 2.34736161066452
AIAdultLD50= 0.169359195861034
AIAdultSlopeContact= 0.565667611900717
AIAdultLD50Contact= 0.0198166745482013
AILarvaSlope= 1.86258684336208
AILarvaLD50= 0.537824411736801
AIKOW= 2.00363331753761
AIKOC= 10.2323855983559
AIHalfLife= 2.93583432445303
EAppRate= 0.18359778963495
