ICQueenStrength= 5.55562277464196
RQWkrDrnRatio= 1.96568605303764
ICDroneMiteSurvivorship= 41.553507768549
ICWorkerMiteSurvivorship= 71.0081258323044
ICForagerLifespan= 13.195473017171
ImmType= Logarithmic
AIAdultSlope= 1.1176767363213
AIAdultLD50= 0.00477071525529027
AIAdultSlopeContact= 0.620621155374683
AIAdultLD50Contact= 0.0171126098604873
AILarvaSlope= 0.523122070683166
AILarvaLD50= 0.049744227854535
AIKOW= 2.37818395392969
AIKOC= 23.249387742253
AIHalfLife= 12.7433630460873
EAppRate= 0.974409664515406
