ICQueenStrength= 5.33954249834642
RQWkrDrnRatio= 2.68613621219993
ICDroneMiteSurvivorship= 28.8401273777708
ICWorkerMiteSurvivorship= 46.2851489428431
ICForagerLifespan= 10.9776400458068
ImmType= Tangent
AIAdultSlope= 2.56882430072874
AIAdultLD50= 0.767665073275566
AIAdultSlopeContact= 2.84696927726967
AIAdultLD50Contact= 0.0494554489385337
AILarvaSlope= 1.26015441194177
AILarvaLD50= 0.764059434668161
AIKOW= 6.26890914421529
AIKOC= 28.4127458999865
AIHalfLife= 7.39559713657945
EAppRate= 0.125644503859803
