ICQueenStrength= 4.42293805559166
RQWkrDrnRatio= 3.40664216130972
ICDroneMiteSurvivorship= 35.6656567193568
ICWorkerMiteSurvivorship= 3.41368801891804
ICForagerLifespan= 11.0857234075665
ImmType= Tangent
AIAdultSlope= 2.64633225509897
AIAdultLD50= 2.30121472338215
AIAdultSlopeContact= 0.35656500587007
AIAdultLD50Contact= 0.0451693654526025
AILarvaSlope= 0.401019454328343
AILarvaLD50= 0.669294801028445
AIKOW= 5.83353752689436
AIKOC= 8.54979438707232
AIHalfLife= 6.67066714446992
EAppRate= 0.318681597942486
