ICQueenStrength= 4.39967746287584
RQWkrDrnRatio= 4.51135691069067
