ICQueenStrength= 1.87431849911809
RQWkrDrnRatio= 3.99385662935674
ICDroneMiteSurvivorship= 76.624142145738
ICWorkerMiteSurvivorship= 36.3603906473145
ICForagerLifespan= 15.7892326163128
ImmType= Exponential
AIAdultSlope= 2.42889207447879
AIAdultLD50= 1.62249703542329
AIAdultSlopeContact= 0.884598264154047
AIAdultLD50Contact= 0.000874268123880029
AILarvaSlope= 2.53771218531765
AILarvaLD50= 0.394506993773393
AIKOW= 4.18679061252624
AIKOC= 25.5234638997354
AIHalfLife= 2.17051849327981
EAppRate= 0.41389810317196
