ICQueenStrength= 2.66684326017275
RQWkrDrnRatio= 1.33570336084813
ICDroneMiteSurvivorship= 58.4891731152311
ICWorkerMiteSurvivorship= 33.4654751466587
ICForagerLifespan= 7.17946365196258
ImmType= Cosine
AIAdultSlope= 0.617436417937279
AIAdultLD50= 0.568241350818425
AIAdultSlopeContact= 0.141242087557912
AIAdultLD50Contact= 0.0142569856834598
AILarvaSlope= 2.89186071613803
AILarvaLD50= 0.439359796070494
AIKOW= 2.99727182649076
AIKOC= 14.0350288024638
AIHalfLife= 1.91615912271664
EAppRate= 0.535709038376808
