ICQueenStrength= 1.70332021452487
RQWkrDrnRatio= 1.21462251711637
ICDroneMiteSurvivorship= 43.0932644056156
ICWorkerMiteSurvivorship= 25.97909970209
ICForagerLifespan= 4.64763519726694
ImmType= Exponential
AIAdultSlope= 9.09392879344523
