ICQueenStrength= 2.89715143060312
RQWkrDrnRatio= 4.17440806142986
ICDroneMiteSurvivorship= 2.61850696988404
ICWorkerMiteSurvivorship= 6.65786087047309
ICForagerLifespan= 12.5696186954156
ImmType= Tangent
AIAdultSlope= 3.38824700582772
AIAdultLD50= 2.4625969666522
AIAdultSlopeContact= 3.8719197869394
AIAdultLD50Contact= 0.0244903914164752
AILarvaSlope= 0.773028110573068
AILarvaLD50= 0.110777505906299
AIKOW= 5.94830248644575
AIKOC= 15.5419392348267
AIHalfLife= 6.04648929275572
EAppRate= 0.244720948161557
