ICQueenStrength= 4.48550612456165
RQWkrDrnRatio= 2.08483423758298
ICDroneMiteSurvivorship= 54.8220954835415
ICWorkerMiteSurvivorship= 98.5685618128628
ICForagerLifespan= 7.20993164367974
ImmType= Cosine
AIAdultSlopeContact= 1.25182173444657
AIAdultLD50Contact= 0.00873306695139036
AILarvaSlope= 1.10110915270634
AILarvaLD50= 0.396777271432802
AIKOW= 7.43814414087683
AIKOC= 13.7433841719758
AIHalfLife= 12.2158919330686
