ICQueenStrength= 1.99049578653648
RQWkrDrnRatio= 1.00993769988418
ICDroneMiteSurvivorship= 95.083119883202
ICWorkerMiteSurvivorship= 31.0321219963953
ICForagerLifespan= 14.5260340543464
ImmType= Polynomial
AIAdultSlope= 2.12796243345365
AIAdultLD50= 2.41774075920694
AIAdultSlopeContact= 0.40579656485701
AIAdultLD50Contact= 0.0207499137846753
AILarvaSlope= 1.22289583818056
AILarvaLD50= 0.0961749835638329
AIKOW= 5.88291355827823
AIKOC= 14.2649386962876
AIHalfLife= 3.53253946173936
EAppRate= 0.856287572067231
