ICQueenStrength= 4.65039041847922
RQWkrDrnRatio= 2.30747488792986
ICDroneMiteSurvivorship= 98.6275710863993
ICWorkerMiteSurvivorship= 65.6137391459197
ICForagerLifespan= 4.75783559028059
ImmType= Polynomial
AIAdultSlope= 0.160338401328772
AIAdultLD50= 0.363670916063711
AIAdultSlopeContact= 1.67425298364833
AIAdultLD50Contact= 0.190558809787035
AILarvaSlope= 5.3528842353262
AILarvaLD50= 1.06466293986887
AIKOW= 39.9700668174773
AIKOC= 46.6288328869268
AIHalfLife= 5.74755894159898
EAppRate= 1.37439711438492
