ICQueenStrength= 1.7752669043839
RQWkrDrnRatio= 3.70981880370528
ICDroneMiteSurvivorship= 15.2539069298655
ICWorkerMiteSurvivorship= 6.87687096651644
ICForagerLifespan= 11.9491667170078
ImmType= Cosine
AIAdultSlope= 2.84542775871232
AIAdultLD50= 0.693815061589703
AIAdultSlopeContact= 2.33319703524001
AIAdultLD50Contact= 0.0308990534977056
AILarvaSlope= 2.26163324960507
AILarvaLD50= 0.702828159299679
AIKOW= 2.80661364272237
AIKOC= 24.2902604234405
AIHalfLife= 8.40350597351789
EAppRate= 0.343777170171961
