ICQueenStrength= 3.7064707945101
RQWkrDrnRatio= 3.07135576941073
ICDroneMiteSurvivorship= 84.9201807519421
ICWorkerMiteSurvivorship= 97.048106463626
ICForagerLifespan= 8.47460620570928
ImmType= Logarithmic
AIAdultSlope= 7.67660488141701
