ICQueenStrength= 1.8665260556154
RQWkrDrnRatio= 1.58605135977268
ICDroneMiteSurvivorship= 81.2184073030949
ICWorkerMiteSurvivorship= 25.2236528322101
ICForagerLifespan= 7.13937887642533
ImmType= Sine
AIAdultSlope= 1.7056895209942
AIAdultLD50= 0.718765616649762
AIAdultSlopeContact= 0.243411475382745
AIAdultLD50Contact= 0.00565479201031849
AILarvaSlope= 0.154186333296821
AILarvaLD50= 0.512828531465493
AIKOW= 5.95829039299861
AIKOC= 14.3698574521113
AIHalfLife= 5.82896716240793
EAppRate= 0.814064896665514
