ICQueenStrength= 3.09612883627415
RQWkrDrnRatio= 2.85616678185761
ICDroneMiteSurvivorship= 72.2524367738515
ICWorkerMiteSurvivorship= 51.887891930528
ICForagerLifespan= 6.27495021838695
ImmType= Polynomial
AIAdultSlopeContact= 1.06965944786556
AIAdultLD50Contact= 0.0374278832809068
AILarvaSlope= 0.0069231232162565
AILarvaLD50= 0.220964589086361
AIKOW= 4.26714698085561
AIKOC= 16.9601937825792
AIHalfLife= 8.0688266842626
