ICQueenStrength= 3.29079522425309
RQWkrDrnRatio= 3.40961362607777
ICDroneMiteSurvivorship= 88.6785383103415
ICWorkerMiteSurvivorship= 54.0431692963466
ICForagerLifespan= 7.28428222611547
ImmType= Tangent
AIAdultSlope= 3.07153727666941
AIAdultLD50= 0.370755180716515
AIAdultSlopeContact= 1.41683489212068
AIAdultLD50Contact= 0.0407407818594947
AILarvaSlope= 1.70344851603732
AILarvaLD50= 0.389954684511758
AIKOW= 3.18692457303405
AIKOC= 19.8598650004715
AIHalfLife= 2.91401620721444
EAppRate= 0.0782337127719074
