ICQueenStrength= 5.31718612555414
RQWkrDrnRatio= 4.1455540722236
ICDroneMiteSurvivorship= 43.2970959460363
ICWorkerMiteSurvivorship= 30.7038905564696
ICForagerLifespan= 14.2249079663306
ImmType= Exponential
AIAdultSlope= 3.23770436747
AIAdultLD50= 1.16680440539494
AIAdultSlopeContact= 2.3111600626912
AIAdultLD50Contact= 0.0180628718575463
AILarvaSlope= 1.98722442481667
AILarvaLD50= 0.83877654641401
AIKOW= 7.5240337094292
AIKOC= 17.7295134356245
AIHalfLife= 10.992148980964
EAppRate= 0.219781358726323
