ICQueenStrength= 1.7045849179849
RQWkrDrnRatio= 4.40505581907928
ICDroneMiteSurvivorship= 78.6033381009474
ICWorkerMiteSurvivorship= 17.2581919003278
ICForagerLifespan= 10.913580339402
ImmType= Exponential
AIAdultSlope= 3.27563667357899
AIAdultLD50= 2.48239151760936
AIAdultSlopeContact= 2.48482494745636
AIAdultLD50Contact= 0.0316455054911785
AILarvaSlope= 2.22597898459062
AILarvaLD50= 0.805208437610418
AIKOW= 3.36263729538769
AIKOC= 25.4180285334587
AIHalfLife= 2.90878128400072
EAppRate= 0.812468033051118
