ICQueenStrength= 1.33338095061481
RQWkrDrnRatio= 2.76439787913114
ICDroneMiteSurvivorship= 32.8192627988756
ICWorkerMiteSurvivorship= 62.9421450430527
ICForagerLifespan= 14.4876351589337
ImmType= Logarithmic
AIAdultLD50= 0.154012839635834
AIAdultSlopeContact= 3.25212552633137
AIAdultLD50Contact= 0.048477325483691
AILarvaSlope= 1.10717688403092
AILarvaLD50= 0.239364163856953
AIKOW= 6.2521060728468
AIKOC= 8.18674060399644
AIHalfLife= 6.67959680687636
EAppRate= 0.113322956021875
