ICQueenStrength= 1.78856945969164
RQWkrDrnRatio= 2.60289431270212
ICDroneMiteSurvivorship= 23.9510942716151
ICWorkerMiteSurvivorship= 43.4680377133191
ICForagerLifespan= 14.0314936367795
ImmType= Polynomial
AIAdultSlopeContact= 2.86492436060915
AIAdultLD50Contact= 0.0240631873137318
AILarvaSlope= 2.99203265886754
AILarvaLD50= 0.226131564890966
AIKOW= 3.23774340515956
AIKOC= 21.3451680971775
AIHalfLife= 10.8473348510452
