ICQueenStrength= 1.82506143837236
RQWkrDrnRatio= 4.71728944126517
ICDroneMiteSurvivorship= 36.2024914938956
ICWorkerMiteSurvivorship= 40.0175845716149
ICForagerLifespan= 8.97963224723935
ImmType= Exponential
AIAdultSlope= 1.12265431089327
