ICQueenStrength= 2.83778891456313
RQWkrDrnRatio= 3.29863675218076
ICDroneMiteSurvivorship= 83.8592288084328
ICWorkerMiteSurvivorship= 31.4732030732557
ICForagerLifespan= 9.8136151144281
ImmType= Sine
AIAdultSlope= 2.41241644038819
AIAdultSlopeContact= 2.70268913658103
AIAdultLD50Contact= 0.0180156244081445
AILarvaSlope= 0.678517167409882
AILarvaLD50= 0.352045761561021
AIKOW= 3.3286074209027
AIKOC= 27.9691710672341
AIHalfLife= 12.1171968532726
