ICQueenStrength= 3.33291553682648
RQWkrDrnRatio= 3.83795997221023
ICDroneMiteSurvivorship= 93.7734768493101
ICWorkerMiteSurvivorship= 6.45442723762244
ICForagerLifespan= 14.4926957609132
ImmType= Cosine
AIAdultSlope= 3.84384091997752
AIAdultLD50= 0.116278891102411
AIAdultSlopeContact= 1.84029251643224
AIAdultLD50Contact= 0.000859035586472601
AILarvaSlope= 3.36088090753183
AILarvaLD50= 0.119357374333777
AIKOW= 6.43391303252429
AIKOC= 24.2624898510985
AIHalfLife= 1.35341096785851
EAppRate= 0.454566971748136
