ICQueenStrength= 4.67316740332171
RQWkrDrnRatio= 1.13307086285204
ICDroneMiteSurvivorship= 64.0328182140365
ICWorkerMiteSurvivorship= 13.1084575550631
ICForagerLifespan= 7.17173432745039
ImmType= Sine
AIAdultSlope= 1.95205965507776
AIAdultLD50= 0.150174145353958
AIAdultSlopeContact= 2.21387264862657
AIAdultLD50Contact= 0.0219564749626443
AILarvaSlope= 2.30296246972866
AILarvaLD50= 0.4240595146548
AIKOW= 6.98852707119659
AIKOC= 5.5790630239062
AIHalfLife= 11.4373969789594
EAppRate= 0.981523538706824
