ICQueenStrength= 1.2269833360333
RQWkrDrnRatio= 3.40189653728157
ICDroneMiteSurvivorship= 93.1475703138858
ICWorkerMiteSurvivorship= 87.9136752337217
ICForagerLifespan= 8.27604387048632
ImmType= Sine
AIAdultSlope= 1.52040812186897
