ICQueenStrength= 3.50894349068403
RQWkrDrnRatio= 4.91735330130905
ICDroneMiteSurvivorship= 99.30327644106
ICWorkerMiteSurvivorship= 10.2827827213332
ICForagerLifespan= 5.65208736434579
ImmType= Tangent
AIAdultSlope= 0.21521581322886
AIAdultSlopeContact= 3.43568189106183
AIAdultLD50Contact= 0.0439281351165846
AILarvaSlope= 0.28925798307173
AILarvaLD50= 0.421446501812898
AIKOW= 6.04387588566169
AIKOC= 14.153348399559
AIHalfLife= 1.1510077859275
