ICQueenStrength= 2.75998567254283
RQWkrDrnRatio= 2.00258200895041
ICDroneMiteSurvivorship= 37.3114451533183
ICWorkerMiteSurvivorship= 13.3748374413699
ICForagerLifespan= 9.60987656842917
ImmType= Cosine
AIAdultSlope= 2.2475717890542
AIAdultLD50= 2.41638021916151
AIAdultSlopeContact= 3.82844630466308
AIAdultLD50Contact= 0.00635615270584822
AILarvaSlope= 2.62994007086381
AILarvaLD50= 0.708815379976295
AIKOW= 5.80187526904047
AIKOC= 18.9298377907835
AIHalfLife= 11.1484759445302
EAppRate= 0.807322398060933
