ICQueenStrength= 5.24984390381724
RQWkrDrnRatio= 3.98619855009019
ICDroneMiteSurvivorship= 6.26813515555114
ICWorkerMiteSurvivorship= 75.8801028830931
ICForagerLifespan= 10.2973308097571
ImmType= Tangent
AIAdultSlope= 3.66292470085435
AIAdultLD50= 0.116931075579487
AIAdultSlopeContact= 3.12222052831901
AIAdultLD50Contact= 0.0380513897514902
AILarvaSlope= 0.292132402956486
AILarvaLD50= 0.451290989317931
AIKOW= 3.47202865872532
AIKOC= 19.3210086156614
AIHalfLife= 1.35922000627033
EAppRate= 0
