ICQueenStrength= 3.0244439819362
RQWkrDrnRatio= 2.72837976273149
ICDroneMiteSurvivorship= 70.7132040290162
ICWorkerMiteSurvivorship= 25.6290417164564
ICForagerLifespan= 12.8888182397932
ImmType= Sine
AIAdultSlope= 2.10333133994602
AIAdultLD50= 0.444027492543682
AIAdultSlopeContact= 2.1647281203582
AIAdultLD50Contact= 0.0433902274584398
AILarvaSlope= 1.24716013520956
AILarvaLD50= 0.72737427460961
AIKOW= 2.12641720334068
AIKOC= 17.4806238047313
AIHalfLife= 1.7683942837175
EAppRate= 0
