ICQueenStrength= 5.50574581394903
RQWkrDrnRatio= 3.61293100751936
ICDroneMiteSurvivorship= 19.0068428171799
ICWorkerMiteSurvivorship= 26.9114100607112
ICForagerLifespan= 12.8133460944518
ImmType= Logarithmic
AIAdultSlope= 3.62743118505925
AIAdultLD50= 0.155488396529108
AIAdultSlopeContact= 0.407388699129224
AIAdultLD50Contact= 0.0303720300318673
AILarvaSlope= 1.60730495881289
AILarvaLD50= 0.0619535272009671
AIKOW= 4.3180214073509
AIKOC= 23.5879688535351
AIHalfLife= 3.75545603223145
EAppRate= 0
