ICQueenStrength= 5.98934395611286
RQWkrDrnRatio= 2.88034242298454
ICDroneMiteSurvivorship= 87.9962914856151
ICWorkerMiteSurvivorship= 46.2704463163391
ICForagerLifespan= 11.256372474134
ImmType= Tangent
AIAdultSlope= 3.53139512454858
AIAdultLD50= 0.484718329855241
AIAdultSlopeContact= 2.38337352165487
AIAdultLD50Contact= 0.0363194604753517
AILarvaSlope= 3.01386633478105
AILarvaLD50= 0.774440213246271
AIKOW= 6.17113510845229
AIKOC= 20.6437164114323
AIHalfLife= 4.73965615965426
EAppRate= 0.30451397113502
