ICQueenStrength= 3.55930167273618
RQWkrDrnRatio= 3.66608519572765
ICDroneMiteSurvivorship= 23.5431506065652
ICWorkerMiteSurvivorship= 65.4659994179383
ICForagerLifespan= 12.7230778196827
ImmType= Logarithmic
AIAdultSlope= 2.47495919386856
AIAdultLD50= 1.04560032184236
AIAdultSlopeContact= 3.89735766098136
AIAdultLD50Contact= 0.00736089929705486
AILarvaSlope= 1.65812264503911
AILarvaLD50= 0.481412665732205
AIKOW= 2.66565100988373
AIKOC= 25.0288147199899
AIHalfLife= 1.95592207228765
EAppRate= 0.717617529910058
