ICQueenStrength= 4.41072976239957
RQWkrDrnRatio= 4.27289430517703
ICDroneMiteSurvivorship= 50.2670734422281
ICWorkerMiteSurvivorship= 58.2247246289626
ICForagerLifespan= 9.86786819528788
ImmType= Tangent
AIAdultSlopeContact= 2.43172385031357
AIAdultLD50Contact= 0.157396578462794
AILarvaSlope= 7.06867238041013
AILarvaLD50= 1.46346322353929
AIKOW= 72.6878240238875
AIKOC= 47.5437731249258
AIHalfLife= 6.9663751469925
