ICQueenStrength= 3.05509880674072
RQWkrDrnRatio= 1.28229667339474
ICDroneMiteSurvivorship= 57.4398295255378
ICWorkerMiteSurvivorship= 37.7747956430539
ICForagerLifespan= 11.3203160827979
ImmType= Logarithmic
AIAdultSlope= 1.27573670679471
AIAdultLD50= 0.170080262469128
AIAdultSlopeContact= 3.01260772786802
AIAdultLD50Contact= 0.0367429418372922
AILarvaSlope= 2.80622613625601
AILarvaLD50= 0.83327084092889
AIKOW= 7.99499202519655
AIKOC= 6.37451599002816
AIHalfLife= 1.45618135808036
EAppRate= 0
