ICQueenStrength= 1.30760798370466
RQWkrDrnRatio= 1.1606474770233
ICDroneMiteSurvivorship= 66.4236841490492
ICWorkerMiteSurvivorship= 23.977531469427
ICForagerLifespan= 5.8339611236006
ImmType= Cosine
AIAdultSlopeContact= 3.08006785178091
AIAdultLD50Contact= 0.0304050031933002
AILarvaSlope= 0.137114936299622
AILarvaLD50= 0.265273955930024
AIKOW= 6.25469693168998
AIKOC= 15.0395374756772
AIHalfLife= 5.48573245527223
