ICQueenStrength= 5.4960019364953
RQWkrDrnRatio= 3.58856594841927
ICDroneMiteSurvivorship= 37.133833905682
ICWorkerMiteSurvivorship= 78.233001427725
ICForagerLifespan= 10.0475737629458
ImmType= Cosine
AIAdultSlope= 0.875459166709334
