ICQueenStrength= 5.36467807507142
RQWkrDrnRatio= 1.87544220685959
ICDroneMiteSurvivorship= 85.122198658064
ICWorkerMiteSurvivorship= 48.6528462497517
ICForagerLifespan= 8.0104691805318
ImmType= Sine
AIAdultSlope= 7.16242471709847
