ICQueenStrength= 2.1921872117091
RQWkrDrnRatio= 4.75748679228127
ICDroneMiteSurvivorship= 96.1171414703131
ICWorkerMiteSurvivorship= 79.9779630033299
ICForagerLifespan= 15.5379975466058
ImmType= Sine
AIAdultSlope= 3.13699494648026
AIAdultLD50= 0.184848283301108
AIAdultSlopeContact= 1.75106750339968
AIAdultLD50Contact= 0.0411209675832652
AILarvaSlope= 3.07150358869694
AILarvaLD50= 0.4311813413864
AIKOW= 5.77917937049642
AIKOC= 16.0098498640582
AIHalfLife= 0.396152307512239
EAppRate= 0.470650067343377
