ICQueenStrength= 4.61110352678224
RQWkrDrnRatio= 2.65829843934625
ICDroneMiteSurvivorship= 5.09630595333874
ICWorkerMiteSurvivorship= 18.4815650805831
ICForagerLifespan= 4.6728889439255
ImmType= Tangent
AIAdultSlope= 1.75341731999069
AIAdultLD50= 0.300049401819706
AIAdultSlopeContact= 2.81588303611614
AIAdultLD50Contact= 0.0233496290515177
AILarvaSlope= 0.0415173765271902
AILarvaLD50= 0.713915010122582
AIKOW= 2.48560979310423
AIKOC= 8.04122468805872
AIHalfLife= 4.21594801009633
EAppRate= 0.300287968548946
