ICQueenStrength= 4.82688517682254
RQWkrDrnRatio= 3.01628624927253
ICDroneMiteSurvivorship= 83.6755192372948
ICWorkerMiteSurvivorship= 59.1580130392686
ICForagerLifespan= 10.4331796532497
ImmType= Polynomial
AIAdultSlope= 0.844533478375524
