ICQueenStrength= 5.2917521763593
RQWkrDrnRatio= 2.63575297035277
ICDroneMiteSurvivorship= 86.9564383290708
ICWorkerMiteSurvivorship= 53.2925419509411
ICForagerLifespan= 5.94316066149622
ImmType= Exponential
AIAdultSlope= 0.0197430550120771
AIAdultLD50= 2.52941715018824
AIAdultSlopeContact= 0.136349064877722
AIAdultLD50Contact= 0.000146259635221213
AILarvaSlope= 2.77742155627348
AILarvaLD50= 0.602054126258008
AIKOW= 5.44922831002623
AIKOC= 23.8321082212497
AIHalfLife= 7.99227291159332
EAppRate= 0.393131836783141
