ICQueenStrength= 4.85673478711396
RQWkrDrnRatio= 4.66221977677196
ICDroneMiteSurvivorship= 4.89840910304338
ICWorkerMiteSurvivorship= 55.610276479274
ICForagerLifespan= 13.3316910918802
ImmType= Cosine
AIAdultSlope= 1.65969712221995
AIAdultLD50= 1.2429115944542
AIAdultSlopeContact= 2.90123150423169
AIAdultLD50Contact= 0.0152791058993898
AILarvaSlope= 2.2075088145677
AILarvaLD50= 0.324125648802146
AIKOW= 6.24402758758515
AIKOC= 28.1574826699216
AIHalfLife= 0.551029824186116
EAppRate= 0.438449991168454
