ICQueenStrength= 3.47688499861397
RQWkrDrnRatio= 3.83217742107809
ICDroneMiteSurvivorship= 0.695960898883641
ICWorkerMiteSurvivorship= 80.7220737449825
ICForagerLifespan= 11.0563620505854
ImmType= Exponential
AIAdultSlopeContact= 2.52007330441615
AIAdultLD50Contact= 0.0325425088172778
AILarvaSlope= 1.47443013107404
AILarvaLD50= 0.0405355475842953
AIKOW= 2.59241372160614
AIKOC= 8.73193806153722
AIHalfLife= 10.8044613352977
