ICQueenStrength= 2.73020774847828
RQWkrDrnRatio= 4.28976354654878
ICDroneMiteSurvivorship= 49.7437807265669
ICWorkerMiteSurvivorship= 20.5245706485584
ICForagerLifespan= 11.2262526219711
ImmType= Exponential
AIAdultSlopeContact= 2.34984645283548
AIAdultLD50Contact= 0.0473371254978701
AILarvaSlope= 0.205450767092407
AILarvaLD50= 0.191967645892873
AIKOW= 5.39162793429568
AIKOC= 18.1604753667489
AIHalfLife= 7.01600004546344
