ICQueenStrength= 4.32114180549979
RQWkrDrnRatio= 3.0146003793925
ICDroneMiteSurvivorship= 62.653218046762
ICWorkerMiteSurvivorship= 16.5866568684578
ICForagerLifespan= 8.92730232421309
ImmType= Polynomial
AIAdultSlope= 0.526385501506738
AIAdultLD50= 0.250436683301814
AIAdultSlopeContact= 1.04888859553495
AIAdultLD50Contact= 0.0427085801376961
AILarvaSlope= 2.03809860530309
AILarvaLD50= 0.0110788976540789
AIKOW= 4.54254819499329
AIKOC= 23.9464837836567
AIHalfLife= 1.98842772864737
EAppRate= 0.276649716566317
