ICQueenStrength= 4.6143736646045
RQWkrDrnRatio= 3.10452343709767
ICDroneMiteSurvivorship= 48.8017898984253
ICWorkerMiteSurvivorship= 21.9189269468188
ICForagerLifespan= 10.1294333878905
ImmType= Exponential
AIAdultSlope= 8.36810976499692
