ICQueenStrength= 1.47147204633802
RQWkrDrnRatio= 3.24693131260574
ICDroneMiteSurvivorship= 12.9596993327141
ICWorkerMiteSurvivorship= 49.7024453245103
ICForagerLifespan= 4.43993746768683
ImmType= Cosine
AIAdultSlope= 1.22639356646687
