ICQueenStrength= 1.98186656367034
RQWkrDrnRatio= 2.2855913117528
ICDroneMiteSurvivorship= 95.7426025532186
ICWorkerMiteSurvivorship= 57.1591458283365
ICForagerLifespan= 4.60495857521892
ImmType= Polynomial
AIAdultSlope= 3.73857213029405
AIAdultLD50= 0.249811785412021
AIAdultSlopeContact= 2.27451136423973
AIAdultLD50Contact= 0.00711809212807566
AILarvaSlope= 0.149692428437993
AILarvaLD50= 0.718594565265812
AIKOW= 4.90758973266929
AIKOC= 11.7378567764536
AIHalfLife= 4.32156727300026
EAppRate= 0
