ICQueenStrength= 3.54331866861321
RQWkrDrnRatio= 4.93076973408461
ICDroneMiteSurvivorship= 60.9082267386839
ICWorkerMiteSurvivorship= 90.1808824855834
ICForagerLifespan= 14.7170629333705
ImmType= Sine
AIAdultSlope= 0.236828526109457
AIAdultLD50= 0.13146591198165
AIAdultSlopeContact= 3.11847000697162
AIAdultLD50Contact= 0.0406401591724716
AILarvaSlope= 2.40192544953898
AILarvaLD50= 0.684166981140152
AIKOW= 5.83708538673818
AIKOC= 8.15414202632383
AIHalfLife= 4.95298990863375
EAppRate= 0
