ICQueenStrength= 1.10131415212527
RQWkrDrnRatio= 2.8870505252853
ICDroneMiteSurvivorship= 87.6355736283585
ICWorkerMiteSurvivorship= 51.80765457917
ICForagerLifespan= 14.645518575795
ImmType= Polynomial
AIAdultSlopeContact= 0.949198491871357
AIAdultLD50Contact= 0.0584200192242861
AILarvaSlope= 5.64951765350997
AILarvaLD50= 0.723409788217396
AIKOW= 4.85972387250513
AIKOC= 77.0882361568511
AIHalfLife= 13.1020853393711
