ICQueenStrength= 2.52590694255196
RQWkrDrnRatio= 1.79453691281378
ICDroneMiteSurvivorship= 83.6260192096233
ICWorkerMiteSurvivorship= 2.7652500430122
ICForagerLifespan= 4.11817868240178
ImmType= Sine
AIAdultSlopeContact= 0.222149984911084
AIAdultLD50Contact= 0.155604217434302
AILarvaSlope= 9.27321498747915
AILarvaLD50= 1.46960615180433
AIKOW= 80.3595872130245
AIKOC= 8.11988124623895
AIHalfLife= 11.8016079366207
