ICQueenStrength= 5.74580220179632
RQWkrDrnRatio= 3.9929017284885
ICDroneMiteSurvivorship= 36.6462657693774
ICWorkerMiteSurvivorship= 86.8419133825228
ICForagerLifespan= 9.74684806726873
ImmType= Logarithmic
AIAdultSlopeContact= 1.189595596937
AIAdultLD50Contact= 0.0265345016261563
AILarvaSlope= 2.00134881157428
AILarvaLD50= 0.533974398463033
AIKOW= 7.01900725718588
AIKOC= 18.2335629255977
AIHalfLife= 6.4677107706666
