ICQueenStrength= 1.15988272964023
RQWkrDrnRatio= 1.42085766233504
ICDroneMiteSurvivorship= 54.9683744087815
ICWorkerMiteSurvivorship= 44.2868228536099
ICForagerLifespan= 13.6554116476327
ImmType= Logarithmic
AIAdultSlope= 1.53419391484931
