ICQueenStrength= 2.63742154603824
RQWkrDrnRatio= 1.31929556373507
ICDroneMiteSurvivorship= 11.0668279929087
ICWorkerMiteSurvivorship= 69.6063053328544
ICForagerLifespan= 5.5543223824352
ImmType= Sine
AIAdultSlopeContact= 3.04576549099758
AIAdultLD50Contact= 0.00170978095848113
AILarvaSlope= 3.27007230678573
AILarvaLD50= 0.483929629088379
AIKOW= 4.22042027628049
AIKOC= 6.3538698956836
AIHalfLife= 3.07053913502023
