ICQueenStrength= 5.23130512586795
RQWkrDrnRatio= 2.61968146730214
ICDroneMiteSurvivorship= 47.5946673657745
ICWorkerMiteSurvivorship= 56.6309953806922
ICForagerLifespan= 7.19377104658633
ImmType= Cosine
AIAdultSlope= 0.349911715416238
AIAdultLD50= 0.0491840501781553
AIAdultSlopeContact= 1.26157594519202
AIAdultLD50Contact= 0.0243845092714764
AILarvaSlope= 2.59480913118459
AILarvaLD50= 0.815498525043949
AIKOW= 3.78415970643982
AIKOC= 20.0517275033053
AIHalfLife= 0.191453860141337
EAppRate= 0.332201526733115
