ICQueenStrength= 4.9750739315059
RQWkrDrnRatio= 4.60135090537369
ICDroneMiteSurvivorship= 7.47563436161727
ICWorkerMiteSurvivorship= 93.1692980229855
ICForagerLifespan= 4.61340731568635
ImmType= Polynomial
AIAdultSlope= 2.61797423111275
AIAdultLD50= 1.2375702559948
AIAdultSlopeContact= 0.747194348133635
AIAdultLD50Contact= 0.00968554116552696
AILarvaSlope= 0.38488765982911
AILarvaLD50= 0.182677656761371
AIKOW= 6.23470622533932
AIKOC= 17.508879188681
AIHalfLife= 6.94462954904884
EAppRate= 0.096032083965838
