ICQueenStrength= 3.59129587677307
RQWkrDrnRatio= 2.95995481684804
ICDroneMiteSurvivorship= 92.8799823159352
ICWorkerMiteSurvivorship= 82.5132662197575
ICForagerLifespan= 10.4490709789097
ImmType= Sine
AIAdultSlope= 1.25181605941616
AIAdultLD50= 1.94643245497718
AIAdultSlopeContact= 0.431299573082943
AIAdultLD50Contact= 0.00501451019663364
AILarvaSlope= 2.26120238676667
AILarvaLD50= 0.0233120967401192
AIKOW= 5.03938597906381
AIKOC= 20.3103139484301
AIHalfLife= 9.82241605082527
EAppRate= 0.714535622857511
