ICQueenStrength= 2.64465425768867
RQWkrDrnRatio= 1.78848625160754
ICDroneMiteSurvivorship= 59.0994096361101
ICWorkerMiteSurvivorship= 81.350470893085
ICForagerLifespan= 15.2778876004741
ImmType= Cosine
AIAdultSlope= 2.46956658577546
AIAdultSlopeContact= 2.23860496471636
AIAdultLD50Contact= 0.00156095076818019
AILarvaSlope= 3.30665535833687
AILarvaLD50= 0.841656998964027
AIKOW= 4.48342414293438
AIKOC= 17.3826290073339
AIHalfLife= 13.43514290452
