ICQueenStrength= 1.53675302304327
RQWkrDrnRatio= 3.00362171512097
ICDroneMiteSurvivorship= 9.17873359285295
ICWorkerMiteSurvivorship= 0.430172961205244
ICForagerLifespan= 14.8371109226719
ImmType= Tangent
AIAdultSlope= 1.45003049974563
AIAdultLD50= 0.287430341937579
AIAdultSlopeContact= 1.39608961106278
AIAdultLD50Contact= 0.0229952576220967
AILarvaSlope= 1.0576480158139
AILarvaLD50= 0.512383950711228
AIKOW= 7.33285906352103
AIKOC= 9.40488171880133
AIHalfLife= 1.42425941303372
EAppRate= 0.482377447001636
