ICQueenStrength= 2.78866904578172
RQWkrDrnRatio= 2.08223435748369
ICDroneMiteSurvivorship= 16.7687153909355
ICWorkerMiteSurvivorship= 44.0525675425306
ICForagerLifespan= 15.6072506885976
ImmType= Tangent
AIAdultSlope= 8.83761886274442
