ICQueenStrength= 4.79848564858548
RQWkrDrnRatio= 1.0001096976921
ICDroneMiteSurvivorship= 43.1480496423319
ICWorkerMiteSurvivorship= 19.1006898647174
ICForagerLifespan= 8.88694052398205
ImmType= Cosine
AIAdultSlope= 1.28282472300343
AIAdultSlopeContact= 2.22977774142986
AIAdultLD50Contact= 0.021706259844359
AILarvaSlope= 1.79350324119441
AILarvaLD50= 0.583733452437446
AIKOW= 6.41653302079067
AIKOC= 17.8353861044161
AIHalfLife= 7.50748431961983
