ICQueenStrength= 2.006421308266
RQWkrDrnRatio= 3.42286099866033
ICDroneMiteSurvivorship= 46.3708516443148
ICWorkerMiteSurvivorship= 55.2895269822329
ICForagerLifespan= 4.29817084409297
ImmType= Sine
AIAdultLD50= 0.154012839635834
AIAdultSlopeContact= 1.24170972627355
AIAdultLD50Contact= 0.0197710207314231
AILarvaSlope= 2.88401374216191
AILarvaLD50= 0.0490679813548923
AIKOW= 2.84709063963965
AIKOC= 23.9493075595237
AIHalfLife= 7.86846531089395
EAppRate= 0.275138436350971
