ICQueenStrength= 2.11908349324949
RQWkrDrnRatio= 4.59243933577091
ICDroneMiteSurvivorship= 43.9896078081802
ICWorkerMiteSurvivorship= 51.3249004492536
ICForagerLifespan= 13.7937679681927
ImmType= Polynomial
AIAdultSlope= 6.58734295982867
AIAdultLD50= 0.729251625016332
AIAdultSlopeContact= 7.96438735676929
AIAdultLD50Contact= 0.0506547846831381
AILarvaSlope= 1.14334548125044
AILarvaLD50= 1.55152761749923
AIKOW= 89.0971931628883
AIKOC= 55.9975621756166
AIHalfLife= 11.8974376656115
EAppRate= 1.64482511673123
