ICQueenStrength= 3.26440135622397
RQWkrDrnRatio= 1.33275525830686
ICDroneMiteSurvivorship= 69.8659508954734
ICWorkerMiteSurvivorship= 14.7780135506764
ICForagerLifespan= 14.0480891149491
ImmType= Sine
AIAdultSlope= 0.505172932660207
AIAdultLD50= 1.63774309772998
AIAdultSlopeContact= 1.96100116938818
AIAdultLD50Contact= 0.0311236804234795
AILarvaSlope= 1.71257997783832
AILarvaLD50= 0.235178124485537
AIKOW= 3.72545559890568
AIKOC= 24.8486317764036
AIHalfLife= 11.2512059332803
EAppRate= 0.75687048304826
