ICQueenStrength= 1.41404731804505
RQWkrDrnRatio= 2.80231688171625
ICDroneMiteSurvivorship= 36.1212535295635
ICWorkerMiteSurvivorship= 49.042881350033
ICForagerLifespan= 12.7635808270425
ImmType= Tangent
AIAdultSlope= 1.4155947484076
AIAdultLD50= 0.862636693753302
AIAdultSlopeContact= 0.256161343432032
AIAdultLD50Contact= 0.0498659471748397
AILarvaSlope= 0.681515811337158
AILarvaLD50= 0.0642851976910606
AIKOW= 2.88524619862437
AIKOC= 15.0409255479462
AIHalfLife= 0.258599942550063
EAppRate= 0.822325784480199
