ICQueenStrength= 2.16616334882565
RQWkrDrnRatio= 3.78687260858715
ICDroneMiteSurvivorship= 45.6262747757137
ICWorkerMiteSurvivorship= 22.9770024074242
ICForagerLifespan= 11.9959961725399
ImmType= Exponential
AIAdultSlope= 0.165784290852025
AIAdultLD50= 0.388934719143435
AIAdultSlopeContact= 1.87305597082945
AIAdultLD50Contact= 0.00291608734987676
AILarvaSlope= 0.306926679518074
AILarvaLD50= 0.552106122812256
AIKOW= 5.09890650352463
AIKOC= 22.3479316872545
AIHalfLife= 4.64059544261545
EAppRate= 0.362312239734456
