ICQueenStrength= 5.56081844284199
RQWkrDrnRatio= 1.79239662922919
ICDroneMiteSurvivorship= 0.248442497104406
ICWorkerMiteSurvivorship= 95.083119883202
ICForagerLifespan= 7.72385463956743
ImmType= Logarithmic
AIAdultSlope= 0.176276079844683
AIAdultLD50= 1.87761391187087
AIAdultSlopeContact= 3.16724039456109
AIAdultLD50Contact= 0.00516280616866425
AILarvaSlope= 1.41099413735792
AILarvaLD50= 0.323707721871324
AIKOW= 2.64116655709222
AIKOC= 21.178806492826
AIHalfLife= 5.18836566992104
EAppRate= 0.252324247267097
