ICQueenStrength= 2.62892967229709
RQWkrDrnRatio= 2.52511459775269
ICDroneMiteSurvivorship= 81.7364554619417
ICWorkerMiteSurvivorship= 43.9062451245263
ICForagerLifespan= 7.75923584308475
ImmType= Polynomial
AIAdultSlope= 0.0229124269448221
AIAdultLD50= 2.62859817640856
AIAdultSlopeContact= 0.0279202557122335
AIAdultLD50Contact= 0.025194289686624
AILarvaSlope= 0.0645391703117639
AILarvaLD50= 0.879821106023155
AIKOW= 4.0398209602572
AIKOC= 21.3132763525937
AIHalfLife= 5.27258826419711
EAppRate= 0.449248247547075
