ICQueenStrength= 4.8015893176198
RQWkrDrnRatio= 4.87826996482909
