ICQueenStrength= 3.35683241742663
RQWkrDrnRatio= 2.90701818745583
ICDroneMiteSurvivorship= 62.4154023826122
ICWorkerMiteSurvivorship= 85.1446384796873
ICForagerLifespan= 12.2086856188253
ImmType= Sine
AIAdultSlope= 0.800581246707588
AIAdultSlopeContact= 1.92325193536934
AIAdultLD50Contact= 0.029210703750141
AILarvaSlope= 2.90378750110976
AILarvaLD50= 0.563200806733221
AIKOW= 3.98382165795192
AIKOC= 9.73784111090936
AIHalfLife= 10.5199800427072
