ICQueenStrength= 5.58930540829897
RQWkrDrnRatio= 1.81621495913714
ICDroneMiteSurvivorship= 44.1177727421746
ICWorkerMiteSurvivorship= 29.1405945783481
ICForagerLifespan= 12.5025125527754
ImmType= Tangent
AIAdultSlope= 0.00599513391964138
AIAdultLD50= 0.317600479465909
AIAdultSlopeContact= 3.83565678592538
AIAdultLD50Contact= 0.0182887243689038
AILarvaSlope= 2.16013257834129
AILarvaLD50= 0.345461819577031
AIKOW= 5.94627979630604
AIKOC= 23.3912149979733
AIHalfLife= 1.29304470610805
EAppRate= 0
