ICQueenStrength= 2.37500730226748
RQWkrDrnRatio= 2.61927507724613
ICDroneMiteSurvivorship= 52.838539890945
ICWorkerMiteSurvivorship= 89.0529720578343
ICForagerLifespan= 13.4505907157436
ImmType= Sine
AIAdultSlope= 1.59914910020307
AIAdultLD50= 1.48387697478756
AIAdultSlopeContact= 3.90662611270789
AIAdultLD50Contact= 0.0406684606918134
AILarvaSlope= 1.91057144515216
AILarvaLD50= 0.111001439346001
AIKOW= 6.6937977722846
AIKOC= 23.6432707065251
AIHalfLife= 10.6217223866843
EAppRate= 0.237076222896576
