ICQueenStrength= 3.08007135079242
RQWkrDrnRatio= 4.43152557406574
ICDroneMiteSurvivorship= 25.660543050617
ICWorkerMiteSurvivorship= 98.3217909233645
ICForagerLifespan= 6.13565234746784
ImmType= Polynomial
AIAdultSlope= 0.703982227714732
AIAdultLD50= 0.0587426174897701
AIAdultSlopeContact= 0.896707721245475
AIAdultLD50Contact= 0.0368735499912873
AILarvaSlope= 2.91319727739319
AILarvaLD50= 0.0438067801762372
AIKOW= 6.91262147249654
AIKOC= 14.0740201470908
AIHalfLife= 2.31068966304883
EAppRate= 0.877183039207011
