ICQueenStrength= 1.42955183424056
RQWkrDrnRatio= 2.15527852717787
ICDroneMiteSurvivorship= 8.67900166194886
ICWorkerMiteSurvivorship= 30.9211553772911
ICForagerLifespan= 4.88899343740195
ImmType= Polynomial
AIAdultSlope= 2.76623506872682
AIAdultLD50= 0.352470080018975
AIAdultSlopeContact= 3.8607538792491
AIAdultLD50Contact= 0.00318224335787818
AILarvaSlope= 2.16588335917331
AILarvaLD50= 0.227271394967102
AIKOW= 6.31675242865458
AIKOC= 20.4166897700634
AIHalfLife= 0.16100762411952
EAppRate= 0.342461619782262
