ICQueenStrength= 4.63016763934866
RQWkrDrnRatio= 4.38792102690786
ICDroneMiteSurvivorship= 10.5769425630569
ICWorkerMiteSurvivorship= 3.65074868313968
ICForagerLifespan= 15.3703849865124
ImmType= Polynomial
AIAdultSlope= 0.150335596967489
AIAdultLD50= 0.888802070869133
AIAdultSlopeContact= 1.7656459224131
AIAdultLD50Contact= 0.00556993064237759
AILarvaSlope= 0.233365914551541
AILarvaLD50= 0.446429896401241
AIKOW= 3.90614506229758
AIKOC= 23.397859117249
AIHalfLife= 2.57970262411982
EAppRate= 0.588618663139641
