ICQueenStrength= 3.90196795482188
RQWkrDrnRatio= 3.42324179876596
ICDroneMiteSurvivorship= 3.81847540847957
ICWorkerMiteSurvivorship= 2.95980144292116
ICForagerLifespan= 9.55855892784894
ImmType= Logarithmic
AIAdultSlope= 0.962607826758176
AIAdultLD50= 0.610277012223378
AIAdultSlopeContact= 1.40729618152371
AIAdultLD50Contact= 0.00418956823414192
AILarvaSlope= 0.194886764744297
AILarvaLD50= 0.427462817751803
AIKOW= 2.24747550114989
AIKOC= 13.5724791511893
AIHalfLife= 10.7686259127222
EAppRate= 0.0926942653022707
