ICQueenStrength= 4.17360250512138
RQWkrDrnRatio= 1.39423363190144
ICDroneMiteSurvivorship= 37.1418187161908
ICWorkerMiteSurvivorship= 83.8646360207349
ICForagerLifespan= 7.47359821293503
ImmType= Sine
AIAdultSlope= 8.78855240065604
