ICQueenStrength= 2.11306329257786
RQWkrDrnRatio= 1.01324169710279
ICDroneMiteSurvivorship= 55.229662056081
ICWorkerMiteSurvivorship= 97.3486018599942
ICForagerLifespan= 13.6132722552866
ImmType= Exponential
AIAdultSlope= 1.50216564810835
AIAdultLD50= 0.416994001949206
AIAdultSlopeContact= 1.97445202758769
AIAdultLD50Contact= 0.0307191115687601
AILarvaSlope= 0.385689327353612
AILarvaLD50= 0.254329696367495
AIKOW= 4.7818361511454
AIKOC= 8.92201589420438
AIHalfLife= 3.06235197698697
EAppRate= 0
