ICQueenStrength= 4.85738430195488
RQWkrDrnRatio= 3.38004137668759
ICDroneMiteSurvivorship= 41.7127914726734
ICWorkerMiteSurvivorship= 97.7126409066841
ICForagerLifespan= 11.2230569487438
ImmType= Sine
AIAdultSlope= 9.42860902985558
AIAdultLD50= 0.735457003116608
AIAdultSlopeContact= 2.90229011327028
AIAdultLD50Contact= 0.134005241515115
AILarvaSlope= 9.70608386909589
AILarvaLD50= 1.85459052724764
AIKOW= 33.9330810122192
AIKOC= 17.4659651704133
AIHalfLife= 2.64830975374207
EAppRate= 1.75648800702766
