ICQueenStrength= 4.17111346987076
RQWkrDrnRatio= 4.7417603386566
ICDroneMiteSurvivorship= 93.083950295113
ICWorkerMiteSurvivorship= 53.6218893248588
ICForagerLifespan= 12.6172520173714
ImmType= Polynomial
AIAdultSlopeContact= 1.46196229150519
AIAdultLD50Contact= 0.121587220486254
AILarvaSlope= 9.59090996766463
AILarvaLD50= 1.48510631592944
AIKOW= 76.433876529336
AIKOC= 4.13861640263349
AIHalfLife= 8.92419690499082
