ICQueenStrength= 5.6075379755348
RQWkrDrnRatio= 2.70874487701803
ICDroneMiteSurvivorship= 2.50143716111779
ICWorkerMiteSurvivorship= 59.1162072960287
ICForagerLifespan= 8.57444624230266
ImmType= Tangent
AIAdultSlope= 0.070465168452356
AIAdultLD50= 0.38843189261388
AIAdultSlopeContact= 2.54369063853286
AIAdultLD50Contact= 0.0411906542140059
AILarvaSlope= 1.02309850431047
AILarvaLD50= 0.624063282134011
AIKOW= 7.0668109622784
AIKOC= 26.2610095273703
AIHalfLife= 4.39294064184651
EAppRate= 0.363313246052712
