ICQueenStrength= 2.83115537744015
RQWkrDrnRatio= 2.74377869442105
ICDroneMiteSurvivorship= 15.0965037057176
ICWorkerMiteSurvivorship= 48.7090802518651
ICForagerLifespan= 4.72719345055521
ImmType= Polynomial
AIAdultSlope= 1.47685159425717
AIAdultLD50= 0.142844987218268
AIAdultSlopeContact= 0.482015113199595
AIAdultLD50Contact= 0.0208535000681877
AILarvaSlope= 0.692651561880484
AILarvaLD50= 0.643422587541863
AIKOW= 4.35180291207507
AIKOC= 7.28549924795516
AIHalfLife= 2.96807201113552
EAppRate= 0
