ICQueenStrength= 4.74490802059881
RQWkrDrnRatio= 1.01081236917526
ICDroneMiteSurvivorship= 4.05762370210141
ICWorkerMiteSurvivorship= 79.1021714685485
ICForagerLifespan= 13.9239544197917
ImmType= Sine
AIAdultSlope= 3.10706932083704
AIAdultLD50= 1.18957542674616
AIAdultSlopeContact= 1.92326672124909
AIAdultLD50Contact= 0.0346111468737945
AILarvaSlope= 2.71571222869679
AILarvaLD50= 0.399246658058837
AIKOW= 3.0209731454961
AIKOC= 5.89533871505409
AIHalfLife= 9.15022448636591
EAppRate= 0.0668581395875663
