ICQueenStrength= 2.8251223070547
RQWkrDrnRatio= 1.73272376507521
ICDroneMiteSurvivorship= 83.0208425410092
ICWorkerMiteSurvivorship= 54.7185006085783
ICForagerLifespan= 4.38021062687039
ImmType= Exponential
AIAdultSlope= 0.571447028126568
AIAdultLD50= 1.88951642392203
AIAdultSlopeContact= 2.05593519094633
AIAdultLD50Contact= 0.00288767771562561
AILarvaSlope= 2.32719474001788
AILarvaLD50= 0.536169073660858
AIKOW= 6.2397058266215
AIKOC= 14.0514204639476
AIHalfLife= 6.03686985047534
EAppRate= 0.702234149677679
