ICQueenStrength= 3.50024515436962
RQWkrDrnRatio= 3.29951067641377
ICDroneMiteSurvivorship= 88.8363173464313
ICWorkerMiteSurvivorship= 33.792814752087
ICForagerLifespan= 8.02204052917659
ImmType= Logarithmic
AIAdultSlope= 2.5086069411342
AIAdultLD50= 0.494547976297326
AIAdultSlopeContact= 2.07095976214623
AIAdultLD50Contact= 0.0420674881432205
AILarvaSlope= 3.15787916523404
AILarvaLD50= 0.556908620148897
AIKOW= 5.29510922823101
AIKOC= 14.7879855020437
AIHalfLife= 2.33141824253835
EAppRate= 0.469642406329513
