ICQueenStrength= 2.68361171847209
RQWkrDrnRatio= 3.25846238713712
ICDroneMiteSurvivorship= 38.5411483468488
ICWorkerMiteSurvivorship= 84.0481504797935
ICForagerLifespan= 15.4365853471681
ImmType= Sine
AIAdultSlope= 0.645325770929921
AIAdultLD50= 0.0417759410338476
AIAdultSlopeContact= 0.0753951361589134
AIAdultLD50Contact= 0.0266575267072767
AILarvaSlope= 2.8074754031375
AILarvaLD50= 0.731181064085104
AIKOW= 4.4951167749241
AIKOC= 29.8736042820383
AIHalfLife= 1.03483167244121
EAppRate= 0.608660289202817
