ICQueenStrength= 2.87938644783571
RQWkrDrnRatio= 3.83042209967971
ICDroneMiteSurvivorship= 53.2892891671509
ICWorkerMiteSurvivorship= 6.8153188098222
ICForagerLifespan= 5.29682600870728
ImmType= Exponential
AIAdultSlope= 2.37983147672843
AIAdultLD50= 0.133121244958602
AIAdultSlopeContact= 2.46906630705809
AIAdultLD50Contact= 0.0414911528467201
AILarvaSlope= 1.83215770567767
AILarvaLD50= 0.190588358044624
AIKOW= 5.10319298505783
AIKOC= 29.1374167555477
AIHalfLife= 4.18522741529159
EAppRate= 0
