ICQueenStrength= 5.0100343641825
RQWkrDrnRatio= 1.43665571324527
ICDroneMiteSurvivorship= 50.6176655646414
ICWorkerMiteSurvivorship= 51.9615519559011
ICForagerLifespan= 10.5623217560351
ImmType= Cosine
AIAdultSlope= 0.76342191476142
AIAdultLD50= 0.308164741611108
AIAdultSlopeContact= 3.63673931773519
AIAdultLD50Contact= 0.0331627177656628
AILarvaSlope= 0.552140801632777
AILarvaLD50= 0.487375811277889
AIKOW= 6.86141047766432
AIKOC= 20.3091085201595
AIHalfLife= 0.0294046651106328
EAppRate= 0
