ICQueenStrength= 5.5919044141192
RQWkrDrnRatio= 1.64207596797496
ICDroneMiteSurvivorship= 78.6261371336877
ICWorkerMiteSurvivorship= 17.6140583818778
ICForagerLifespan= 10.5182833457366
ImmType= Logarithmic
AIAdultSlope= 2.7489364054054
