ICQueenStrength= 1.69620221154764
RQWkrDrnRatio= 1.41983581986278
ICDroneMiteSurvivorship= 91.0345101729035
ICWorkerMiteSurvivorship= 96.2207625852898
ICForagerLifespan= 11.0429834993556
ImmType= Cosine
AIAdultSlope= 1.77120777606033
AIAdultLD50= 2.10007250122726
AIAdultSlopeContact= 1.70036197365029
AIAdultLD50Contact= 0.0161771591869183
AILarvaSlope= 1.74337564781308
AILarvaLD50= 0.339586667250842
AIKOW= 6.15218659117818
AIKOC= 28.9039437437896
AIHalfLife= 9.30331438407302
EAppRate= 0.996652541914955
