ICQueenStrength= 3.92938595404848
RQWkrDrnRatio= 2.06600570958108
ICDroneMiteSurvivorship= 16.8869709363207
ICWorkerMiteSurvivorship= 26.9725912017748
ICForagerLifespan= 12.9391844421625
ImmType= Logarithmic
AIAdultSlope= 6.86666650231928
