ICQueenStrength= 2.87933283625171
RQWkrDrnRatio= 4.64120270032436
ICDroneMiteSurvivorship= 91.2926154211164
ICWorkerMiteSurvivorship= 96.1969037773088
ICForagerLifespan= 6.65106236003339
ImmType= Sine
AIAdultSlope= 1.4185898387339
AIAdultLD50= 2.48443086189218
AIAdultSlopeContact= 3.2948028001003
AIAdultLD50Contact= 0.0283725459477864
AILarvaSlope= 0.644606979517266
AILarvaLD50= 0.304835277004167
AIKOW= 3.8749562241137
AIKOC= 29.0728741628118
AIHalfLife= 8.1704614344053
EAppRate= 0.896392151480541
