ICQueenStrength= 2.70809569302946
RQWkrDrnRatio= 3.27895213849843
ICDroneMiteSurvivorship= 40.2894528349862
ICWorkerMiteSurvivorship= 59.7433874150738
ICForagerLifespan= 8.47633945476264
ImmType= Exponential
AIAdultSlope= 0.466341380663216
AIAdultLD50= 0.478356085368432
AIAdultSlopeContact= 3.20247271022759
AIAdultLD50Contact= 0.0357225333922543
AILarvaSlope= 2.63582303631119
AILarvaLD50= 0.871091437060386
AIKOW= 4.22791474545375
AIKOC= 16.2637610000093
AIHalfLife= 2.82267955015413
EAppRate= 0
