ICQueenStrength= 1.66152870305814
RQWkrDrnRatio= 2.19756860937923
ICDroneMiteSurvivorship= 64.260576851666
ICWorkerMiteSurvivorship= 38.5491338791326
ICForagerLifespan= 11.4227097025141
ImmType= Polynomial
AIAdultSlope= 3.17603291920619
AIAdultLD50= 0.429031635052525
AIAdultSlopeContact= 0.180452131542843
AIAdultLD50Contact= 0.0064767163945362
AILarvaSlope= 1.41533598387614
AILarvaLD50= 0.331975963921286
AIKOW= 3.5707216206938
AIKOC= 25.2524562133476
AIHalfLife= 4.71892653149553
EAppRate= 0.680682026408613
