ICQueenStrength= 2.73250899650156
RQWkrDrnRatio= 1.90991931967437
ICDroneMiteSurvivorship= 12.8828054759651
ICWorkerMiteSurvivorship= 43.5013081412762
ICForagerLifespan= 4.2694636778906
ImmType= Tangent
AIAdultLD50= 0.154012839635834
AIAdultSlopeContact= 1.391838368217
AIAdultLD50Contact= 0.0171090718708001
AILarvaSlope= 0.049845948535949
AILarvaLD50= 0.522155232494697
AIKOW= 3.59671998629346
AIKOC= 24.5232496713288
AIHalfLife= 10.8661344354041
EAppRate= 1.80223606200889
