ICQueenStrength= 3.83653246704489
RQWkrDrnRatio= 3.31672231014818
ICDroneMiteSurvivorship= 18.9502283465117
ICWorkerMiteSurvivorship= 47.8963711531833
ICForagerLifespan= 5.05018028523773
ImmType= Cosine
AIAdultSlopeContact= 3.26251066563651
AIAdultLD50Contact= 0.0463833132875152
AILarvaSlope= 3.39445129153319
AILarvaLD50= 0.621501893852837
AIKOW= 6.25006419373676
AIKOC= 23.6273484665435
AIHalfLife= 1.33326521888375
