ICQueenStrength= 4.16503490670584
RQWkrDrnRatio= 4.58617418445647
ICDroneMiteSurvivorship= 84.5203677657992
ICWorkerMiteSurvivorship= 34.6337065566331
ICForagerLifespan= 15.2414802452549
ImmType= Sine
AIAdultSlope= 0.441041427431628
AIAdultLD50= 1.1159745210316
AIAdultSlopeContact= 1.48727465766482
AIAdultLD50Contact= 0.0487422982463613
AILarvaSlope= 1.78828139593825
AILarvaLD50= 0.00592577210627496
AIKOW= 2.77985496167094
AIKOC= 22.882206349168
AIHalfLife= 5.49948806362227
EAppRate= 0.536436760798097
