ICQueenStrength= 1.94375066459179
RQWkrDrnRatio= 4.99696617480367
