ICQueenStrength= 3.64152188319713
RQWkrDrnRatio= 1.74907123763114
ICDroneMiteSurvivorship= 37.5048578483984
ICWorkerMiteSurvivorship= 49.3645532988012
ICForagerLifespan= 5.21194077376276
ImmType= Exponential
AIAdultSlope= 1.27532083736733
AIAdultLD50= 0.31392164574936
AIAdultSlopeContact= 2.76875590338372
AIAdultLD50Contact= 0.0293719808221795
AILarvaSlope= 0.406825006846338
AILarvaLD50= 0.0832083528628573
AIKOW= 5.5078173619695
AIKOC= 23.1548766850028
AIHalfLife= 1.09319056617096
EAppRate= 0.489972025156021
