ICQueenStrength= 1.92394140316173
RQWkrDrnRatio= 1.59861108474433
ICDroneMiteSurvivorship= 43.145551905036
ICWorkerMiteSurvivorship= 39.4237864296883
ICForagerLifespan= 6.93779660295695
ImmType= Sine
AIAdultSlope= 3.19505392548395
AIAdultLD50= 0.347831893828698
AIAdultSlopeContact= 1.83215970061021
AIAdultLD50Contact= 0.0333568351576105
AILarvaSlope= 0.500735954288393
AILarvaLD50= 0.810538915218785
AIKOW= 2.91459227539599
AIKOC= 8.29503112589009
AIHalfLife= 2.06494063255377
EAppRate= 0.696697172918357
