ICQueenStrength= 5.05729829799384
RQWkrDrnRatio= 3.7936913119629
ICDroneMiteSurvivorship= 22.1450083656237
ICWorkerMiteSurvivorship= 50.3334315726534
ICForagerLifespan= 5.53715167380869
ImmType= Logarithmic
AIAdultSlopeContact= 0.458253514501266
AIAdultLD50Contact= 0.0191996620618738
AILarvaSlope= 2.19043669798411
AILarvaLD50= 0.337961124116555
AIKOW= 5.71543501503766
AIKOC= 8.71819763095118
AIHalfLife= 2.59044254105538
