ICQueenStrength= 2.30770712275989
RQWkrDrnRatio= 4.90990463085473
ICDroneMiteSurvivorship= 52.4018123513088
ICWorkerMiteSurvivorship= 4.18509598821402
ICForagerLifespan= 8.24998872447759
ImmType= Exponential
AIAdultSlope= 2.4296448988351
AIAdultLD50= 0.354533290257677
AIAdultSlopeContact= 2.08311783631565
AIAdultLD50Contact= 0.0318405985133722
AILarvaSlope= 0.552222244720906
AILarvaLD50= 0.805365740368143
AIKOW= 4.56952205346897
AIKOC= 5.47883741208352
AIHalfLife= 3.05157844675705
EAppRate= 0.397214037901722
