ICQueenStrength= 1.36646364838816
RQWkrDrnRatio= 3.76691714208573
ICDroneMiteSurvivorship= 79.3828771449625
ICWorkerMiteSurvivorship= 56.2152987346053
ICForagerLifespan= 8.19662386830896
ImmType= Sine
AIAdultSlope= 0.522058955812827
AIAdultSlopeContact= 3.51204160479829
AIAdultLD50Contact= 0.0257262658793479
AILarvaSlope= 0.469094620691612
AILarvaLD50= 0.881788632273674
AIKOW= 7.36214822437614
AIKOC= 18.5066693997942
AIHalfLife= 13.3669558367692
