ICQueenStrength= 1.72148571372963
RQWkrDrnRatio= 3.84371881186962
ICDroneMiteSurvivorship= 89.9498819140717
ICWorkerMiteSurvivorship= 22.6975334109738
ICForagerLifespan= 7.67474383395165
ImmType= Logarithmic
AIAdultSlope= 8.54423567419872
