ICQueenStrength= 1.70332021452487
RQWkrDrnRatio= 1.21462251711637
ICDroneMiteSurvivorship= 43.0932644056156
ICWorkerMiteSurvivorship= 25.97909970209
ICForagerLifespan= 4.64763519726694
ImmType= Exponential
AIAdultSlopeContact= 5.97777304938063
AIAdultLD50Contact= 0.111907692812383
AILarvaSlope= 5.57833280414343
AILarvaLD50= 0.947158463764936
AIKOW= 64.1636961139739
AIKOC= 46.7050140257925
AIHalfLife= 5.45342855388299
