ICQueenStrength= 4.29372607637197
RQWkrDrnRatio= 3.15900244005024
ICDroneMiteSurvivorship= 0.767316785641015
ICWorkerMiteSurvivorship= 68.3089079568163
ICForagerLifespan= 13.7645279867575
ImmType= Cosine
AIAdultSlope= 1.33914090972394
AIAdultLD50= 2.4263698188588
AIAdultSlopeContact= 3.85868244328536
AIAdultLD50Contact= 0.0416564816958271
AILarvaSlope= 3.33367221183144
AILarvaLD50= 0.714980696188286
AIKOW= 4.41979902144521
AIKOC= 10.0502924714237
AIHalfLife= 12.8982281312346
EAppRate= 0.912163688568398
