ICQueenStrength= 1.57054453296587
RQWkrDrnRatio= 3.28052759449929
ICDroneMiteSurvivorship= 52.2063300944865
ICWorkerMiteSurvivorship= 24.4377182330936
ICForagerLifespan= 8.9024010701105
ImmType= Cosine
AIAdultSlopeContact= 1.67461306633428
AIAdultLD50Contact= 0.0325242709950544
AILarvaSlope= 3.33482345188968
AILarvaLD50= 0.186772410501726
AIKOW= 6.63257209490985
AIKOC= 8.68382246233523
AIHalfLife= 7.19456337019801
