ICQueenStrength= 3.5834938173648
RQWkrDrnRatio= 4.34781656879932
ICDroneMiteSurvivorship= 49.3891472229734
ICWorkerMiteSurvivorship= 86.4181419601664
ICForagerLifespan= 4.22614334244281
ImmType= Sine
AIAdultSlopeContact= 1.33663505967474
AIAdultLD50Contact= 0.018361315142829
AILarvaSlope= 3.0550533071626
AILarvaLD50= 0.170796474767849
AIKOW= 7.41932944068685
AIKOC= 6.81140211643651
AIHalfLife= 11.8292960142717
