ICQueenStrength= 5.82252010144293
RQWkrDrnRatio= 2.85700017772615
ICDroneMiteSurvivorship= 66.3811965845525
ICWorkerMiteSurvivorship= 52.2946020122617
ICForagerLifespan= 13.5321088815108
ImmType= Cosine
AIAdultSlope= 3.11043985951692
AIAdultLD50= 0.0561550513375551
AIAdultSlopeContact= 1.10136592460331
AIAdultLD50Contact= 0.0383442469406873
AILarvaSlope= 1.07531374129467
AILarvaLD50= 0.312864626641385
AIKOW= 6.64509021583945
AIKOC= 12.7101708622649
AIHalfLife= 2.83896439196542
EAppRate= 0.243689907947555
