ICQueenStrength= 2.6225846123416
RQWkrDrnRatio= 2.34629712905735
ICDroneMiteSurvivorship= 11.454519466497
ICWorkerMiteSurvivorship= 5.285116401501
ICForagerLifespan= 9.33920479845256
ImmType= Sine
AIAdultSlope= 0.104797068054322
AIAdultLD50= 0.139587217126973
AIAdultSlopeContact= 2.17413973589195
AIAdultLD50Contact= 0.00763961352640763
AILarvaSlope= 3.32862331508659
AILarvaLD50= 0.728977269376628
AIKOW= 7.85469971131533
AIKOC= 14.1241597663611
AIHalfLife= 2.66506762010977
EAppRate= 0.457527322648093
