ICQueenStrength= 3.83333264756948
RQWkrDrnRatio= 4.47995798662305
ICDroneMiteSurvivorship= 58.6697761667892
ICWorkerMiteSurvivorship= 26.7865875735879
ICForagerLifespan= 4.51585922390223
ImmType= Tangent
AIAdultSlope= 3.21498047470814
AIAdultLD50= 0.351273008971475
AIAdultSlopeContact= 2.2269486332126
AIAdultLD50Contact= 0.00853010397404432
AILarvaSlope= 1.02202271553688
AILarvaLD50= 0.411043320293538
AIKOW= 5.69611765490845
AIKOC= 7.34525000560097
AIHalfLife= 4.06910954625346
EAppRate= 0.0775614475365728
