ICQueenStrength= 2.02828355040401
RQWkrDrnRatio= 4.89014270249754
ICDroneMiteSurvivorship= 30.1663124002516
ICWorkerMiteSurvivorship= 48.0242599034682
ICForagerLifespan= 13.6779626049101
ImmType= Tangent
AIAdultSlope= 0.836865919623524
AIAdultLD50= 0.316995171713643
AIAdultSlopeContact= 2.56540768651525
AIAdultLD50Contact= 0.0408311693230644
AILarvaSlope= 2.54330068952404
AILarvaLD50= 0.221007125359029
AIKOW= 7.83683355618268
AIKOC= 8.86834436794743
AIHalfLife= 4.03523679240607
EAppRate= 0
