ICQueenStrength= 2.21337987948209
RQWkrDrnRatio= 1.12926604785025
ICDroneMiteSurvivorship= 51.0794218163937
ICWorkerMiteSurvivorship= 73.6576017225161
ICForagerLifespan= 12.6839929716662
ImmType= Tangent
AIAdultSlope= 0.339024859433994
AIAdultLD50= 1.84743723389693
AIAdultSlopeContact= 3.74052352420287
AIAdultLD50Contact= 0.0302058216184378
AILarvaSlope= 2.84582935757935
AILarvaLD50= 0.440419426630251
AIKOW= 7.59279929287732
AIKOC= 16.7488211079035
AIHalfLife= 0.5561906513758
EAppRate= 0.507861982099712
