ICQueenStrength= 5.33989468612708
RQWkrDrnRatio= 2.19653254933655
ICDroneMiteSurvivorship= 22.2836163127795
ICWorkerMiteSurvivorship= 80.0411729607731
ICForagerLifespan= 6.79298116266727
ImmType= Tangent
AIAdultSlope= 0.591020096093416
AIAdultSlopeContact= 0.45157209670404
AIAdultLD50Contact= 0.0192968187504448
AILarvaSlope= 2.22792560826056
AILarvaLD50= 0.239506625407375
AIKOW= 6.17033926909789
AIKOC= 6.68994588893838
AIHalfLife= 6.97363726468757
