ICQueenStrength= 5.83584546367638
RQWkrDrnRatio= 1.47267354559153
ICDroneMiteSurvivorship= 77.3518909933046
ICWorkerMiteSurvivorship= 10.2612206246704
ICForagerLifespan= 15.0262714056298
ImmType= Exponential
AIAdultSlope= 1.80537495361408
AIAdultLD50= 0.335780215682462
AIAdultSlopeContact= 2.21924051865935
AIAdultLD50Contact= 0.0369188615353778
AILarvaSlope= 0.882201889017597
AILarvaLD50= 0.0459253103937954
AIKOW= 2.77485957508907
AIKOC= 20.0891039695125
AIHalfLife= 2.84587967558764
EAppRate= 0
