ICQueenStrength= 5.78473614202812
RQWkrDrnRatio= 2.82964495476335
ICDroneMiteSurvivorship= 55.704671703279
ICWorkerMiteSurvivorship= 79.8820923315361
ICForagerLifespan= 12.4308364624158
ImmType= Polynomial
AIAdultSlope= 3.62200129544362
