ICQueenStrength= 4.9563455269672
RQWkrDrnRatio= 3.49392787739635
ICDroneMiteSurvivorship= 48.6708289245144
ICWorkerMiteSurvivorship= 49.3666455615312
ICForagerLifespan= 11.7373815774918
ImmType= Polynomial
AIAdultSlope= 9.54155387822539
