ICQueenStrength= 3.63883158215322
RQWkrDrnRatio= 1.05332257878035
ICDroneMiteSurvivorship= 98.4859923832119
ICWorkerMiteSurvivorship= 67.2065920662135
ICForagerLifespan= 7.80075200740248
ImmType= Sine
AIAdultSlope= 9.41264974651858
AIAdultLD50= 0.626381911104545
AIAdultSlopeContact= 3.95851126872003
AIAdultLD50Contact= 0.181417992245406
AILarvaSlope= 7.83990167314187
AILarvaLD50= 1.90963064227253
AIKOW= 38.8407810358331
AIKOC= 79.8426405992359
AIHalfLife= 9.80550658516586
EAppRate= 0.298017609398812
