ICQueenStrength= 4.19904291653074
RQWkrDrnRatio= 4.03092583734542
ICDroneMiteSurvivorship= 44.1506056347862
ICWorkerMiteSurvivorship= 96.0240461165085
ICForagerLifespan= 6.46803070511669
ImmType= Logarithmic
AIAdultSlope= 8.25436763931066
