ICQueenStrength= 3.45550050400198
RQWkrDrnRatio= 1.8045767089352
ICDroneMiteSurvivorship= 2.50697904266417
ICWorkerMiteSurvivorship= 27.8267873218283
ICForagerLifespan= 12.0565857263282
ImmType= Exponential
AIAdultSlope= 5.3420135541819
