ICQueenStrength= 2.37156137265265
RQWkrDrnRatio= 3.95711957383901
ICDroneMiteSurvivorship= 51.3338781427592
ICWorkerMiteSurvivorship= 38.7425783788785
ICForagerLifespan= 4.6088508348912
ImmType= Tangent
AIAdultSlope= 2.94164432189427
AIAdultLD50= 2.18827563431114
AIAdultSlopeContact= 3.24483754615998
AIAdultLD50Contact= 0.00148007285315543
AILarvaSlope= 2.00917348787189
AILarvaLD50= 0.874029519804753
AIKOW= 5.96329137310386
AIKOC= 22.7999987150542
AIHalfLife= 5.99569815117866
EAppRate= 0.769386369502172
