ICQueenStrength= 1.44019254855812
RQWkrDrnRatio= 3.52881915308535
ICDroneMiteSurvivorship= 38.760680006817
ICWorkerMiteSurvivorship= 90.959373023361
ICForagerLifespan= 9.42129124049097
ImmType= Exponential
AIAdultSlope= 2.14276216011029
AIAdultLD50= 0.0582849447382614
AIAdultSlopeContact= 2.19781005083816
AIAdultLD50Contact= 0.00449927352601662
AILarvaSlope= 2.91097894217819
AILarvaLD50= 0.750986545742489
AIKOW= 3.22191375354305
AIKOC= 14.5957544224802
AIHalfLife= 1.24178666737862
EAppRate= 0
