ICQueenStrength= 2.22024517739192
RQWkrDrnRatio= 4.71897705458105
ICDroneMiteSurvivorship= 36.7485213791952
ICWorkerMiteSurvivorship= 78.2465920550749
ICForagerLifespan= 5.61769590992481
ImmType= Cosine
AIAdultSlope= 2.88082779520191
AIAdultSlopeContact= 2.18093733617105
AIAdultLD50Contact= 0.04477798929438
AILarvaSlope= 0.552412167238072
AILarvaLD50= 0.773234517546371
AIKOW= 4.41376809123904
AIKOC= 16.1945532378741
AIHalfLife= 6.78291226085275
