ICQueenStrength= 3.79518479830585
RQWkrDrnRatio= 4.37943662330508
ICDroneMiteSurvivorship= 84.9842789350078
ICWorkerMiteSurvivorship= 60.0325000006706
ICForagerLifespan= 7.71106023713946
ImmType= Cosine
AIAdultSlope= 1.75085499547422
AIAdultLD50= 1.46559469797648
AIAdultSlopeContact= 2.8403047691239
AIAdultLD50Contact= 0.00965382881695405
AILarvaSlope= 1.26291633569635
AILarvaLD50= 0.441094386507757
AIKOW= 5.3071637712419
AIKOC= 20.3749081364367
AIHalfLife= 2.60246827406809
EAppRate= 0.77812508912757
