ICQueenStrength= 2.05257607065141
RQWkrDrnRatio= 2.98783111106604
ICDroneMiteSurvivorship= 71.0715615889058
ICWorkerMiteSurvivorship= 31.3036137958989
ICForagerLifespan= 14.4819091623649
ImmType= Cosine
AIAdultSlope= 0.738595599127002
AIAdultLD50= 0.321889086044393
AIAdultSlopeContact= 3.84935699560214
AIAdultLD50Contact= 0.0324786040000618
AILarvaSlope= 1.6870896726381
AILarvaLD50= 0.343533605081029
AIKOW= 4.20623022830114
AIKOC= 5.89766852324829
AIHalfLife= 3.80508381291293
EAppRate= 0.23564289174974
