ICQueenStrength= 1.68068857886828
RQWkrDrnRatio= 2.73953445721418
ICDroneMiteSurvivorship= 47.7654318558052
ICWorkerMiteSurvivorship= 47.8409489616752
ICForagerLifespan= 10.7426259480417
ImmType= Cosine
AIAdultLD50= 0.154012839635834
AIAdultSlopeContact= 0.398891156399623
AIAdultLD50Contact= 0.0225403855904005
AILarvaSlope= 1.37066953186877
AILarvaLD50= 0.598679204075597
AIKOW= 5.77229518210515
AIKOC= 17.7283065230586
AIHalfLife= 11.8362680021673
EAppRate= 0.456825554836541
