ICQueenStrength= 3.58392761927098
RQWkrDrnRatio= 2.04881263058633
ICDroneMiteSurvivorship= 35.303834406659
ICWorkerMiteSurvivorship= 99.9658160144463
ICForagerLifespan= 13.8171872291714
ImmType= Polynomial
AIAdultSlope= 1.36090725800022
AIAdultLD50= 2.49560585338622
AIAdultSlopeContact= 0.963512001398485
AIAdultLD50Contact= 0.0189752532751299
AILarvaSlope= 2.95901197870262
AILarvaLD50= 0.154839376104064
AIKOW= 3.38200658140704
AIKOC= 22.0998295536265
AIHalfLife= 13.9085884536617
EAppRate= 0.733299945248291
