ICQueenStrength= 5.62429588078521
RQWkrDrnRatio= 2.39888014271855
ICDroneMiteSurvivorship= 12.5401822384447
ICWorkerMiteSurvivorship= 75.6860523717478
ICForagerLifespan= 9.77097388915718
ImmType= Polynomial
AIAdultSlopeContact= 3.19890720132971
AIAdultLD50Contact= 0.04243740264792
AILarvaSlope= 0.184377029025927
AILarvaLD50= 0.698795197787695
AIKOW= 6.07305298466235
AIKOC= 16.0348068119492
AIHalfLife= 11.558132017497
