ICQueenStrength= 2.74256940023042
RQWkrDrnRatio= 3.59469187632203
ICDroneMiteSurvivorship= 66.6587257990614
ICWorkerMiteSurvivorship= 18.6424311250448
ICForagerLifespan= 11.5555185163394
ImmType= Cosine
AIAdultSlope= 3.25089099550154
AIAdultLD50= 0.0520749489078298
AIAdultSlopeContact= 3.61123942425242
AIAdultLD50Contact= 0.0380575088202022
AILarvaSlope= 1.01452892231755
AILarvaLD50= 0.449539086478762
AIKOW= 4.07244047196582
AIKOC= 9.04603251372464
AIHalfLife= 1.90398337086663
EAppRate= 0.50448524155654
