ICQueenStrength= 3.1337420749478
RQWkrDrnRatio= 2.81764604151249
ICDroneMiteSurvivorship= 90.3067681472749
ICWorkerMiteSurvivorship= 32.1424019755796
ICForagerLifespan= 12.3968821046874
ImmType= Cosine
AIAdultSlope= 1.48559756083414
AIAdultLD50= 2.29115724703297
AIAdultSlopeContact= 3.54718944083434
AIAdultLD50Contact= 0.00274314078269526
AILarvaSlope= 2.14134417935275
AILarvaLD50= 0.298472131113522
AIKOW= 6.95393287809566
AIKOC= 12.1824515005574
AIHalfLife= 1.35828852374107
EAppRate= 0.153492686105892
