ICQueenStrength= 4.53844100493006
RQWkrDrnRatio= 1.59522258117795
ICDroneMiteSurvivorship= 24.4698405032977
ICWorkerMiteSurvivorship= 79.5323283411562
ICForagerLifespan= 14.244185494259
ImmType= Tangent
AIAdultSlope= 3.38313567684963
AIAdultLD50= 0.915805333992466
AIAdultSlopeContact= 0.9582145139575
AIAdultLD50Contact= 0.0446828157175332
AILarvaSlope= 9.9230505223386
AILarvaLD50= 0.065550934523344
AIKOW= 3.05177418049425
AIKOC= 65.9991897642612
AIHalfLife= 12.7884655841626
EAppRate= 0.71147337090224
