ICQueenStrength= 1.04511275794357
RQWkrDrnRatio= 4.82886295765638
ICDroneMiteSurvivorship= 49.9758815392852
ICWorkerMiteSurvivorship= 4.45261423010379
ICForagerLifespan= 7.80391833838075
ImmType= Tangent
AIAdultSlope= 2.45014587696642
AIAdultLD50= 2.81757657090202
AIAdultSlopeContact= 1.31701157294679
AIAdultLD50Contact= 0.0222326496965252
AILarvaSlope= 1.89960121531039
AILarvaLD50= 0.785344500979409
AIKOW= 4.08541992027313
AIKOC= 13.5825748974457
AIHalfLife= 4.35278522083536
EAppRate= 0.456903392681852
