ICQueenStrength= 3.92171532288194
RQWkrDrnRatio= 2.09628429356962
ICDroneMiteSurvivorship= 99.0622171200812
ICWorkerMiteSurvivorship= 8.07485817931592
ICForagerLifespan= 9.51012504193932
ImmType= Exponential
AIAdultSlope= 1.10736182169057
AIAdultLD50= 2.84350167587399
AIAdultSlopeContact= 3.8248617046955
AIAdultLD50Contact= 0.0231714558671229
AILarvaSlope= 2.34825240178034
AILarvaLD50= 0.640787148079835
AIKOW= 6.94693633867428
AIKOC= 26.3782206643373
AIHalfLife= 13.1118553732522
EAppRate= 0.254533908329904
