ICQueenStrength= 2.86452192021534
RQWkrDrnRatio= 4.16903095319867
ICDroneMiteSurvivorship= 6.70874868519604
ICWorkerMiteSurvivorship= 82.9081299016252
ICForagerLifespan= 9.59484696947038
ImmType= Sine
AIAdultSlope= 3.03508023374481
AIAdultLD50= 0.251527458312921
AIAdultSlopeContact= 1.67638246645918
AIAdultLD50Contact= 0.0223699857713655
AILarvaSlope= 0.227700226195157
AILarvaLD50= 0.539989095856436
AIKOW= 4.00468177441508
AIKOC= 22.0747997879516
AIHalfLife= 0.609770996961743
EAppRate= 0.389212830294855
