ICQueenStrength= 5.10923213581555
RQWkrDrnRatio= 1.83959008660167
ICDroneMiteSurvivorship= 98.9126254804432
ICWorkerMiteSurvivorship= 21.0954914567992
ICForagerLifespan= 12.2970527382568
ImmType= Exponential
AIAdultSlope= 1.80630688555539
