ICQueenStrength= 1.92147886520252
RQWkrDrnRatio= 2.69375759828836
ICDroneMiteSurvivorship= 53.4235984785482
ICWorkerMiteSurvivorship= 56.150825903751
ICForagerLifespan= 14.2874087952077
ImmType= Sine
AIAdultSlope= 1.97707526354352
AIAdultLD50= 0.463143731467426
AIAdultSlopeContact= 1.79782325882697
AIAdultLD50Contact= 0.0309576271683909
AILarvaSlope= 2.33320784294046
AILarvaLD50= 0.847362137166783
AIKOW= 2.7472058981657
AIKOC= 7.23120924783871
AIHalfLife= 4.83602081774734
EAppRate= 0.495669111376628
