ICQueenStrength= 5.58667699596845
RQWkrDrnRatio= 1.88832634408027
ICDroneMiteSurvivorship= 60.8870346331969
ICWorkerMiteSurvivorship= 73.719435906969
ICForagerLifespan= 13.112113520503
ImmType= Exponential
AIAdultSlope= 0.654295108490624
AIAdultLD50= 0.128519356600009
AIAdultSlopeContact= 3.32604722427204
AIAdultLD50Contact= 0.00340177344623953
AILarvaSlope= 3.3597483585123
AILarvaLD50= 0.108192100119777
AIKOW= 4.23714646743611
AIKOC= 6.90305403084494
AIHalfLife= 1.53051864588633
EAppRate= 0.145088095054962
