ICQueenStrength= 5.57589884405024
RQWkrDrnRatio= 4.00810813717544
ICDroneMiteSurvivorship= 6.20590983889997
ICWorkerMiteSurvivorship= 12.5805505085737
ICForagerLifespan= 7.92848023679107
ImmType= Exponential
AIAdultSlopeContact= 3.64550409975462
AIAdultLD50Contact= 0.0242725033429451
AILarvaSlope= 3.06707138936035
AILarvaLD50= 0.317132170172408
AIKOW= 2.85258431220427
AIKOC= 24.2216015071608
AIHalfLife= 1.72565863234922
