ICQueenStrength= 3.16526986681856
RQWkrDrnRatio= 1.42974576447159
ICDroneMiteSurvivorship= 36.4868499338627
ICWorkerMiteSurvivorship= 11.4891957491636
ICForagerLifespan= 12.8625202057883
ImmType= Exponential
AIAdultSlope= 3.07742212973535
AIAdultLD50= 2.49904047022574
AIAdultSlopeContact= 2.53073083734373
AIAdultLD50Contact= 0.0223607182502747
AILarvaSlope= 0.620793007407337
AILarvaLD50= 0.823050394118764
AIKOW= 5.15222326293588
AIKOC= 16.8107193731703
AIHalfLife= 10.7862754575908
EAppRate= 0.00248346920125186
