ICQueenStrength= 2.28182683023624
RQWkrDrnRatio= 3.55676259007305
ICDroneMiteSurvivorship= 98.4110241755843
ICWorkerMiteSurvivorship= 68.7434900784865
ICForagerLifespan= 8.86222479213029
ImmType= Exponential
AIAdultSlopeContact= 1.84289045104757
AIAdultLD50Contact= 0.0496027497225441
AILarvaSlope= 0.161437776312232
AILarvaLD50= 0.855827175825834
AIKOW= 6.86806770367548
AIKOC= 18.2930994383059
AIHalfLife= 0.668498460203409
