ICQueenStrength= 3.58389660972171
RQWkrDrnRatio= 4.33878067880869
ICDroneMiteSurvivorship= 10.3027780773118
ICWorkerMiteSurvivorship= 93.7973246909678
ICForagerLifespan= 9.34052867256105
ImmType= Polynomial
AIAdultSlope= 3.1497361977445
AIAdultLD50= 0.246711887069978
AIAdultSlopeContact= 2.36867768304655
AIAdultLD50Contact= 0.0340360767091624
AILarvaSlope= 2.6806033056695
AILarvaLD50= 0.842021196638234
AIKOW= 2.17427043430507
AIKOC= 15.3088904288597
AIHalfLife= 3.17826863727532
EAppRate= 0.640543360263109
