ICQueenStrength= 4.18504969589412
RQWkrDrnRatio= 1.04683368373662
ICDroneMiteSurvivorship= 31.3682495150715
ICWorkerMiteSurvivorship= 87.1886993991211
ICForagerLifespan= 8.00326867587864
ImmType= Tangent
AIAdultSlope= 1.73978044698015
AIAdultLD50= 0.928363069659099
AIAdultSlopeContact= 2.89256766953738
AIAdultLD50Contact= 0.0385225149220787
AILarvaSlope= 2.32536107557826
AILarvaLD50= 0.891485806088895
AIKOW= 2.79722951818258
AIKOC= 6.54718550620601
AIHalfLife= 4.85831733886153
EAppRate= 0.443835822399706
