ICQueenStrength= 1.96494483295828
RQWkrDrnRatio= 3.57712425291538
ICDroneMiteSurvivorship= 80.208282195963
ICWorkerMiteSurvivorship= 10.8884068904445
ICForagerLifespan= 6.55988556798548
ImmType= Polynomial
AIAdultSlope= 1.61474325215444
AIAdultLD50= 0.41184959502425
AIAdultSlopeContact= 2.45569227522472
AIAdultLD50Contact= 0.0400888342293911
AILarvaSlope= 2.0719702957198
AILarvaLD50= 0.623397899838165
AIKOW= 2.60310247261077
AIKOC= 11.8036634125747
AIHalfLife= 0.0028715399093926
EAppRate= 0
