ICQueenStrength= 4.87011706130579
RQWkrDrnRatio= 1.57879539765418
ICDroneMiteSurvivorship= 21.4922743383795
ICWorkerMiteSurvivorship= 86.5999144501984
ICForagerLifespan= 15.8156246086583
ImmType= Tangent
AIAdultSlope= 4.6713039604947
