ICQueenStrength= 2.1668752762489
RQWkrDrnRatio= 3.78729600924999
ICDroneMiteSurvivorship= 41.779342549853
ICWorkerMiteSurvivorship= 0.326593476347625
ICForagerLifespan= 15.8727152319625
ImmType= Polynomial
AIAdultSlopeContact= 3.78835080251796
AIAdultLD50Contact= 0.0164813145063817
AILarvaSlope= 2.6082315151114
AILarvaLD50= 0.251446347869933
AIKOW= 6.31603577872738
AIKOC= 23.5792751319241
AIHalfLife= 11.6007258407772
