ICQueenStrength= 1.48367567826062
RQWkrDrnRatio= 3.95640252623707
ICDroneMiteSurvivorship= 77.6583195198327
ICWorkerMiteSurvivorship= 35.8658106764778
ICForagerLifespan= 10.2338643465191
ImmType= Exponential
AIAdultSlope= 0.15833817338571
AIAdultSlopeContact= 3.60641591963824
AIAdultLD50Contact= 0.0287039375281893
AILarvaSlope= 1.41889352397993
AILarvaLD50= 0.388483196985908
AIKOW= 7.90613829437643
AIKOC= 28.989264696138
AIHalfLife= 9.18705743039027
