ICQueenStrength= 3.52579960389994
RQWkrDrnRatio= 4.34317836072296
ICDroneMiteSurvivorship= 62.865660362877
ICWorkerMiteSurvivorship= 38.6505064321682
ICForagerLifespan= 4.2728711841628
ImmType= Logarithmic
AIAdultSlope= 2.72284127790481
AIAdultLD50= 2.14725941140205
AIAdultSlopeContact= 1.94308120926144
AIAdultLD50Contact= 0.0223506103968248
AILarvaSlope= 1.2696810121648
AILarvaLD50= 0.451575156580657
AIKOW= 4.8183253807947
AIKOC= 17.1658172050957
AIHalfLife= 13.8716477202252
EAppRate= 0.550142809282988
