ICQueenStrength= 3.38047559862025
RQWkrDrnRatio= 1.96900516189635
ICDroneMiteSurvivorship= 53.201259416528
ICWorkerMiteSurvivorship= 91.9041318353266
ICForagerLifespan= 12.4409950748086
ImmType= Cosine
AIAdultSlope= 3.28052262715064
AIAdultLD50= 1.79286896553822
AIAdultSlopeContact= 1.06283939746208
AIAdultLD50Contact= 0.0155631450354122
AILarvaSlope= 2.95063091171905
AILarvaLD50= 0.740340681932867
AIKOW= 6.34592345077544
AIKOC= 24.4023240357637
AIHalfLife= 3.17848817119375
EAppRate= 0.393695707898587
