ICQueenStrength= 3.89950073929504
RQWkrDrnRatio= 1.60284858103842
ICDroneMiteSurvivorship= 72.4400294944644
ICWorkerMiteSurvivorship= 92.619914538227
ICForagerLifespan= 9.96775939781219
ImmType= Polynomial
AIAdultSlope= 6.28745074151084
