ICQueenStrength= 1.1883528905455
RQWkrDrnRatio= 2.65388562250882
ICDroneMiteSurvivorship= 8.91787772998214
ICWorkerMiteSurvivorship= 12.8615741617978
ICForagerLifespan= 6.60284328274429
ImmType= Cosine
AIAdultSlope= 3.44253255543765
AIAdultLD50= 0.289230830036104
AIAdultSlopeContact= 1.74405453931075
AIAdultLD50Contact= 0.0231572764343582
AILarvaSlope= 0.0129486293066293
AILarvaLD50= 0.722493616025895
AIKOW= 3.110085117165
AIKOC= 8.83228789432906
AIHalfLife= 3.73108883737586
EAppRate= 0.323551496025175
