ICQueenStrength= 1.02246134448797
RQWkrDrnRatio= 1.6856017773971
ICDroneMiteSurvivorship= 79.7913430724293
ICWorkerMiteSurvivorship= 35.8110766159371
ICForagerLifespan= 10.3734958171844
ImmType= Sine
AIAdultSlope= 1.98899195538834
AIAdultLD50= 1.14975763089024
AIAdultSlopeContact= 1.72325293941423
AIAdultLD50Contact= 0.0406607748474926
AILarvaSlope= 2.6173467470333
AILarvaLD50= 0.486098401062191
AIKOW= 6.3325498951599
AIKOC= 25.591913710814
AIHalfLife= 11.5561469066888
EAppRate= 0.524123299634084
