ICQueenStrength= 4.10591335128993
RQWkrDrnRatio= 3.51975643262267
