ICQueenStrength= 3.63790273224004
RQWkrDrnRatio= 1.8270375970751
ICDroneMiteSurvivorship= 32.029376225546
ICWorkerMiteSurvivorship= 65.9539819927886
ICForagerLifespan= 14.7893786998466
ImmType= Tangent
AIAdultSlopeContact= 0.58207007446792
AIAdultLD50Contact= 0.041598921851255
AILarvaSlope= 0.548484903015196
AILarvaLD50= 0.103176565817557
AIKOW= 6.234307450708
AIKOC= 18.5568292171229
AIHalfLife= 0.097061418928206
