ICQueenStrength= 3.8046058723703
RQWkrDrnRatio= 3.95108550414443
ICDroneMiteSurvivorship= 46.377561497502
ICWorkerMiteSurvivorship= 84.0687335701659
ICForagerLifespan= 10.3280984880403
ImmType= Sine
AIAdultSlopeContact= 1.64311732704286
AIAdultLD50Contact= 0.0266225318075158
AILarvaSlope= 0.112626125151291
AILarvaLD50= 0.853892945847474
AIKOW= 4.00407232763246
AIKOC= 5.53033196600154
AIHalfLife= 7.41524193622172
