ICQueenStrength= 5.5628189377021
RQWkrDrnRatio= 2.87301963847131
ICDroneMiteSurvivorship= 56.6699759569019
ICWorkerMiteSurvivorship= 63.1018588319421
ICForagerLifespan= 10.5646789371967
ImmType= Sine
AIAdultSlope= 1.232078179128
AIAdultLD50= 0.226478510536253
AIAdultSlopeContact= 0.013259212737903
AIAdultLD50Contact= 0.0103960232809186
AILarvaSlope= 0.833794882893562
AILarvaLD50= 0.825349926087074
AIKOW= 6.53639357257634
AIKOC= 10.8668389392551
AIHalfLife= 3.71986541780643
EAppRate= 0.630481374775991
