ICQueenStrength= 4.65039041847922
RQWkrDrnRatio= 2.30747488792986
ICDroneMiteSurvivorship= 98.6275710863993
ICWorkerMiteSurvivorship= 65.6137391459197
ICForagerLifespan= 4.75783559028059
ImmType= Polynomial
AIAdultSlope= 0.160338401328772
