ICQueenStrength= 5.79741960181855
RQWkrDrnRatio= 1.21033363230526
ICDroneMiteSurvivorship= 47.6833041058853
ICWorkerMiteSurvivorship= 46.6018159408122
ICForagerLifespan= 5.63661301601678
ImmType= Cosine
AIAdultSlope= 1.74771981423721
AIAdultLD50= 0.188835067441687
AIAdultSlopeContact= 0.503222789957654
AIAdultLD50Contact= 0.00871566394343972
AILarvaSlope= 2.94825015263632
AILarvaLD50= 0.612253539101221
AIKOW= 4.5040591172874
AIKOC= 15.7966267096344
AIHalfLife= 0.409079050878063
EAppRate= 0
