ICQueenStrength= 3.84226361545734
RQWkrDrnRatio= 2.33711384795606
ICDroneMiteSurvivorship= 5.02196445595473
ICWorkerMiteSurvivorship= 85.341764613986
ICForagerLifespan= 5.79828167520463
ImmType= Logarithmic
AIAdultSlopeContact= 2.72432329799049
AIAdultLD50Contact= 0.0419529310427606
AILarvaSlope= 1.76099071251228
AILarvaLD50= 0.886670690216124
AIKOW= 5.32059549866244
AIKOC= 29.4055565795861
AIHalfLife= 8.36217080708593
