ICQueenStrength= 5.69712158897892
RQWkrDrnRatio= 4.16554756090045
ICDroneMiteSurvivorship= 11.4466056227684
ICWorkerMiteSurvivorship= 50.2762681338936
ICForagerLifespan= 7.64500632509589
ImmType= Logarithmic
AIAdultSlope= 1.64020936759189
AIAdultLD50= 0.384853800293058
AIAdultSlopeContact= 2.01046032972168
AIAdultLD50Contact= 0.0420023299288005
AILarvaSlope= 0.0344715032726526
AILarvaLD50= 0.565150181343779
AIKOW= 5.62622267426923
AIKOC= 22.5705010711681
AIHalfLife= 4.47749603539705
EAppRate= 0.510938109597191
