ICQueenStrength= 5.00612706551328
RQWkrDrnRatio= 1.27973457146436
ICDroneMiteSurvivorship= 58.6643335642293
ICWorkerMiteSurvivorship= 64.3403800902888
ICForagerLifespan= 7.90595545340329
ImmType= Tangent
AIAdultSlope= 1.19755231910385
AIAdultLD50= 0.197762777097523
AIAdultSlopeContact= 2.16925144114299
AIAdultLD50Contact= 0.0117464832263067
AILarvaSlope= 1.09772135661915
AILarvaLD50= 0.0126456094672903
AIKOW= 3.79128365498036
AIKOC= 22.041356919799
AIHalfLife= 10.5720991832204
EAppRate= 0.611202887725085
