ICQueenStrength= 5.36944000190124
RQWkrDrnRatio= 3.53857868351042
ICDroneMiteSurvivorship= 6.19631034787744
ICWorkerMiteSurvivorship= 69.4793877424672
ICForagerLifespan= 10.5816207835451
ImmType= Sine
AIAdultSlope= 9.87698763841763
