ICQueenStrength= 4.23465753067285
RQWkrDrnRatio= 4.75752486567944
