ICQueenStrength= 1.78185053658672
RQWkrDrnRatio= 3.80824299436063
ICDroneMiteSurvivorship= 29.2379455640912
ICWorkerMiteSurvivorship= 41.5038913488388
ICForagerLifespan= 13.487978041172
ImmType= Sine
AIAdultSlope= 9.2705515306443
