ICQueenStrength= 1.35121476394124
RQWkrDrnRatio= 4.81625225394964
ICDroneMiteSurvivorship= 97.7944808080792
ICWorkerMiteSurvivorship= 5.41783201042563
ICForagerLifespan= 8.2791791325435
ImmType= Sine
AIAdultSlopeContact= 4.05203031143174
AIAdultLD50Contact= 0.0169090856797993
AILarvaSlope= 5.87675620568916
AILarvaLD50= 1.41781319864094
AIKOW= 96.4346500579268
AIKOC= 1.32670858874917
AIHalfLife= 13.8259254614823
