ICQueenStrength= 3.3846845747903
RQWkrDrnRatio= 2.44050271995366
ICDroneMiteSurvivorship= 92.3659758875147
ICWorkerMiteSurvivorship= 91.5446073981002
ICForagerLifespan= 9.84144777152687
ImmType= Polynomial
AIAdultSlope= 2.3447920572944
AIAdultSlopeContact= 2.11807798437076
AIAdultLD50Contact= 0.0268944086506963
AILarvaSlope= 2.48918499876745
AILarvaLD50= 0.0238660521106794
AIKOW= 3.29025037772954
AIKOC= 13.0960900872014
AIHalfLife= 3.80023568915203
