ICQueenStrength= 5.96685082209297
RQWkrDrnRatio= 1.91006458364427
ICDroneMiteSurvivorship= 58.2482848316431
ICWorkerMiteSurvivorship= 19.7072717128322
ICForagerLifespan= 4.76235136575997
ImmType= Cosine
AIAdultSlope= 1.42005266998895
AIAdultSlopeContact= 0.0603034424269572
AIAdultLD50Contact= 0.0343392166076228
AILarvaSlope= 1.62027564435266
AILarvaLD50= 0.601144215767272
AIKOW= 5.78675075341016
AIKOC= 25.4149897734169
AIHalfLife= 6.70186675526202
