ICQueenStrength= 1.05630510742776
RQWkrDrnRatio= 4.95855625532568
ICDroneMiteSurvivorship= 4.15793375577778
ICWorkerMiteSurvivorship= 36.0519132809713
ICForagerLifespan= 13.8716638945043
ImmType= Cosine
AIAdultSlope= 0.339486599573866
AIAdultLD50= 0.40026766480878
AIAdultSlopeContact= 1.53966740645003
AIAdultLD50Contact= 0.0285773455747403
AILarvaSlope= 0.368735133484006
AILarvaLD50= 0.535955626401119
AIKOW= 3.19014045782387
AIKOC= 6.37615019921213
AIHalfLife= 7.59720395551994
EAppRate= 0.207230230327696
