ICQueenStrength= 2.83956923335791
RQWkrDrnRatio= 4.73469806089997
