ICQueenStrength= 2.90135345677845
RQWkrDrnRatio= 3.91098584979773
ICDroneMiteSurvivorship= 42.4790947698057
ICWorkerMiteSurvivorship= 77.0475729368627
ICForagerLifespan= 7.90028303395957
ImmType= Cosine
AIAdultSlope= 1.60596297877142
AIAdultLD50= 0.459172950475477
AIAdultSlopeContact= 3.46289075096603
AIAdultLD50Contact= 0.0311205275938846
AILarvaSlope= 0.919189876923338
AILarvaLD50= 0.807574294111691
AIKOW= 3.47868918022141
AIKOC= 17.5428038649261
AIHalfLife= 3.12252511037514
EAppRate= 0
