ICQueenStrength= 1.37950531463139
RQWkrDrnRatio= 4.7367585003376
ICDroneMiteSurvivorship= 47.9551920201629
ICWorkerMiteSurvivorship= 71.1007030680776
ICForagerLifespan= 7.71017175260931
ImmType= Sine
AIAdultSlope= 1.35990689978236
AIAdultLD50= 0.110329884802923
AIAdultSlopeContact= 2.31787753702607
AIAdultLD50Contact= 0.0347343366825953
AILarvaSlope= 0.894317948957905
AILarvaLD50= 0.524623231915757
AIKOW= 7.17997928522527
AIKOC= 14.5597308361903
AIHalfLife= 4.36352607910521
EAppRate= 0.65081792473793
