ICQueenStrength= 3.80495436163619
RQWkrDrnRatio= 3.81660331320018
ICDroneMiteSurvivorship= 87.6105039380491
ICWorkerMiteSurvivorship= 93.6834023334086
ICForagerLifespan= 12.7605204014108
ImmType= Cosine
AIAdultSlope= 2.88676253220532
AIAdultLD50= 0.347742766141891
AIAdultSlopeContact= 3.91638081756653
AIAdultLD50Contact= 0.0286235163453966
AILarvaSlope= 2.5773068681825
AILarvaLD50= 0.782443021587096
AIKOW= 6.73105816077441
AIKOC= 28.8833642797545
AIHalfLife= 0.672854201402515
EAppRate= 0.217914787377231
