ICQueenStrength= 4.00264073885046
RQWkrDrnRatio= 4.28480364196002
ICDroneMiteSurvivorship= 3.78270735964179
ICWorkerMiteSurvivorship= 53.0396379064769
ICForagerLifespan= 11.898662048392
ImmType= Polynomial
AIAdultSlope= 2.63064658771036
AIAdultLD50= 0.0629375159041956
AIAdultSlopeContact= 0.340264703950379
AIAdultLD50Contact= 0.0178430260624737
AILarvaSlope= 0.120762339606881
AILarvaLD50= 0.441957236593589
AIKOW= 5.78128736047074
AIKOC= 22.9677831882145
AIHalfLife= 3.01229613716714
EAppRate= 0
