ICQueenStrength= 5.62886658380739
RQWkrDrnRatio= 4.51452735811472
ICDroneMiteSurvivorship= 21.6663652099669
ICWorkerMiteSurvivorship= 98.3776791486889
ICForagerLifespan= 10.0908779688179
ImmType= Logarithmic
AIAdultSlope= 0.405338660394773
AIAdultLD50= 0.0224320725537837
AIAdultSlopeContact= 1.21841282181675
AIAdultLD50Contact= 0.0303470173035748
AILarvaSlope= 0.183941376069561
AILarvaLD50= 0.289754880359396
AIKOW= 7.46034574601799
AIKOC= 16.7375135363545
AIHalfLife= 11.4121233378537
EAppRate= 0.716597892809659
