ICQueenStrength= 1.62940915464424
RQWkrDrnRatio= 4.07542089000344
ICDroneMiteSurvivorship= 14.8693911964074
ICWorkerMiteSurvivorship= 22.8659857995808
ICForagerLifespan= 8.2396201537922
ImmType= Sine
AIAdultSlope= 1.0123917396646
AIAdultSlopeContact= 3.28698951263912
AIAdultLD50Contact= 0.00847637391416356
AILarvaSlope= 3.13041172716767
AILarvaLD50= 0.619220954412595
AIKOW= 4.7656820290722
AIKOC= 17.767903925851
AIHalfLife= 10.361255009193
