ICQueenStrength= 1.45823104213923
RQWkrDrnRatio= 1.78741233795881
ICDroneMiteSurvivorship= 25.2921477891505
ICWorkerMiteSurvivorship= 53.9522620616481
ICForagerLifespan= 13.6159275276586
ImmType= Exponential
AIAdultSlope= 2.95997639149427
AIAdultLD50= 0.854471159633249
AIAdultSlopeContact= 0.949208373371512
AIAdultLD50Contact= 0.0363862415542826
AILarvaSlope= 0.906877409480512
AILarvaLD50= 0.478424826753326
AIKOW= 5.97111814003438
AIKOC= 9.53668595873751
AIHalfLife= 8.93967508058995
EAppRate= 0.216450440464541
