ICQueenStrength= 1.51426729187369
RQWkrDrnRatio= 1.56524901837111
ICDroneMiteSurvivorship= 67.1281124465168
ICWorkerMiteSurvivorship= 7.70059823989868
ICForagerLifespan= 14.8064818866551
ImmType= Logarithmic
AIAdultSlope= 3.23942377301166
AIAdultLD50= 0.027982740313746
AIAdultSlopeContact= 1.26467295426177
AIAdultLD50Contact= 0.0115770423784852
AILarvaSlope= 0.10112640876323
AILarvaLD50= 0.452493577217683
AIKOW= 5.67707065586001
AIKOC= 18.46024798695
AIHalfLife= 4.5354580192361
EAppRate= 0.277527437685057
