ICQueenStrength= 4.95023397984914
RQWkrDrnRatio= 2.02804609760642
ICDroneMiteSurvivorship= 65.7040328253061
ICWorkerMiteSurvivorship= 3.35724202450365
ICForagerLifespan= 6.18776375427842
ImmType= Tangent
AIAdultSlope= 2.05884044475155
AIAdultLD50= 0.322465961799026
AIAdultSlopeContact= 3.54154307122109
AIAdultLD50Contact= 0.00182037352351472
AILarvaSlope= 2.1487452567555
AILarvaLD50= 0.704240435175598
AIKOW= 5.47203451720998
AIKOC= 23.3934358123224
AIHalfLife= 4.99470528448001
EAppRate= 0.546211374248378
