ICQueenStrength= 2.16696852142923
RQWkrDrnRatio= 2.36898871976882
ICDroneMiteSurvivorship= 40.333907911554
ICWorkerMiteSurvivorship= 31.694187480025
ICForagerLifespan= 6.72007465921342
ImmType= Exponential
AIAdultSlope= 0.935895720077679
AIAdultLD50= 1.67982642282732
AIAdultSlopeContact= 0.443345539374277
AIAdultLD50Contact= 0.0217873653396964
AILarvaSlope= 1.36895624576136
AILarvaLD50= 0.822129597840831
AIKOW= 7.94689448270947
AIKOC= 17.7043786749709
AIHalfLife= 2.75320908427238
EAppRate= 0.000930641777813435
