ICQueenStrength= 5.57771606743336
RQWkrDrnRatio= 1.72763601038605
ICDroneMiteSurvivorship= 38.0924619501457
ICWorkerMiteSurvivorship= 90.8648397075012
ICForagerLifespan= 11.006816749461
ImmType= Sine
AIAdultSlopeContact= 2.51286960439989
AIAdultLD50Contact= 0.0238200710504316
AILarvaSlope= 1.96013479572721
AILarvaLD50= 0.231737547903322
AIKOW= 5.81711897952482
AIKOC= 19.7454648569692
AIHalfLife= 1.82512461440638
