ICQueenStrength= 3.95887668267824
RQWkrDrnRatio= 3.08153420966119
ICDroneMiteSurvivorship= 35.3007309604436
ICWorkerMiteSurvivorship= 37.4152066651732
ICForagerLifespan= 14.0781729137525
ImmType= Exponential
AIAdultSlope= 2.86355195809156
AIAdultLD50= 0.140930346446112
AIAdultSlopeContact= 3.16340532312635
AIAdultLD50Contact= 0.00359983813250437
AILarvaSlope= 1.53336050310172
AILarvaLD50= 0.501134992623702
AIKOW= 3.14197398815304
AIKOC= 15.7200388272759
AIHalfLife= 10.5048600286245
EAppRate= 0.337727357633412
