ICQueenStrength= 1.64334828173742
RQWkrDrnRatio= 3.9580378010869
ICDroneMiteSurvivorship= 93.9374482259154
ICWorkerMiteSurvivorship= 8.8289269246161
ICForagerLifespan= 4.46744146198034
ImmType= Exponential
AIAdultSlope= 2.29013676778413
AIAdultLD50= 2.6789125262294
AIAdultSlopeContact= 0.160343457686249
AIAdultLD50Contact= 0.0193429272505455
AILarvaSlope= 0.459046704275534
AILarvaLD50= 0.730134014971554
AIKOW= 3.06789701897651
AIKOC= 27.8408508119173
AIHalfLife= 3.96023517241701
EAppRate= 0.151954466942698
