ICQueenStrength= 4.15696741337888
RQWkrDrnRatio= 3.71792224049568
ICDroneMiteSurvivorship= 6.56129075214267
ICWorkerMiteSurvivorship= 74.9644516268745
ICForagerLifespan= 12.5055715646595
ImmType= Logarithmic
AIAdultSlope= 1.86895348485559
AIAdultLD50= 2.30853865994141
AIAdultSlopeContact= 0.778045621993952
AIAdultLD50Contact= 0.0185654701199383
AILarvaSlope= 0.65878605642356
AILarvaLD50= 0.60825424392242
AIKOW= 4.5094385612756
AIKOC= 12.4413214693777
AIHalfLife= 2.82704195985571
EAppRate= 0.954819038743153
