ICQueenStrength= 1.50380539032631
RQWkrDrnRatio= 3.5781965656206
ICDroneMiteSurvivorship= 42.1160361496732
ICWorkerMiteSurvivorship= 3.65345696918666
ICForagerLifespan= 15.4044903106987
ImmType= Cosine
AIAdultSlope= 3.79434860098874
AIAdultLD50= 0.305580773157999
AIAdultSlopeContact= 0.527261276878417
AIAdultLD50Contact= 0.0107877337257378
AILarvaSlope= 2.18119408739731
AILarvaLD50= 0.741609123093076
AIKOW= 5.73797333100811
AIKOC= 26.9592659210321
AIHalfLife= 0.402191129978746
EAppRate= 0.218690842622891
