ICQueenStrength= 4.0008247657679
RQWkrDrnRatio= 1.73593588825315
ICDroneMiteSurvivorship= 99.5426548877731
ICWorkerMiteSurvivorship= 33.7991670705378
ICForagerLifespan= 11.0191967114806
ImmType= Sine
AIAdultSlope= 7.00157046783715
