ICQueenStrength= 5.18979379232042
RQWkrDrnRatio= 1.72172471415251
ICDroneMiteSurvivorship= 33.115191035904
ICWorkerMiteSurvivorship= 98.8475892459974
ICForagerLifespan= 5.50603373255581
ImmType= Polynomial
AIAdultSlope= 2.45155744544696
AIAdultLD50= 0.331422305782326
AIAdultSlopeContact= 0.457182076710742
AIAdultLD50Contact= 0.0236643873853609
AILarvaSlope= 1.97850774005055
AILarvaLD50= 0.789113937341608
AIKOW= 6.14167733862996
AIKOC= 25.6725018389989
AIHalfLife= 4.92299643228762
EAppRate= 0.147698615887202
