ICQueenStrength= 5.80975621147081
RQWkrDrnRatio= 2.97022974770516
ICDroneMiteSurvivorship= 46.0445631528273
ICWorkerMiteSurvivorship= 21.7786967055872
ICForagerLifespan= 11.2801007675007
ImmType= Cosine
AIAdultSlope= 2.57566369757289
AIAdultLD50= 0.180327075533569
AIAdultSlopeContact= 1.21883448977955
AIAdultLD50Contact= 0.0126283105113544
AILarvaSlope= 0.129482720466331
AILarvaLD50= 0.523240644740872
AIKOW= 7.19139965064824
AIKOC= 10.086940334877
AIHalfLife= 0.563628292875364
EAppRate= 0.372404009266756
