ICQueenStrength= 2.76656784489751
RQWkrDrnRatio= 4.08285730239004
ICDroneMiteSurvivorship= 46.6735610971227
ICWorkerMiteSurvivorship= 73.9960480947047
ICForagerLifespan= 5.78799032699317
ImmType= Sine
AIAdultSlope= 0.264096414856613
AIAdultLD50= 2.1257685420569
AIAdultSlopeContact= 2.95588664451381
AIAdultLD50Contact= 0.0254343676031567
AILarvaSlope= 0.190650143288076
AILarvaLD50= 0.798132868716493
AIKOW= 3.51941597601399
AIKOC= 22.0371738029644
AIHalfLife= 3.48855738854036
EAppRate= 0.818066283827648
