ICQueenStrength= 3.26002122624777
RQWkrDrnRatio= 3.74425597209483
ICDroneMiteSurvivorship= 16.2296324037015
ICWorkerMiteSurvivorship= 39.274425804615
ICForagerLifespan= 14.4620344936848
ImmType= Logarithmic
AIAdultSlope= 2.72245134678669
AIAdultLD50= 0.826936922036111
AIAdultSlopeContact= 1.06677301245276
AIAdultLD50Contact= 0.00200192542979494
AILarvaSlope= 1.89955628588796
AILarvaLD50= 0.705098328622989
AIKOW= 3.52769862348214
AIKOC= 6.77000815165229
AIHalfLife= 3.5030460646376
EAppRate= 0.464714027009904
