ICQueenStrength= 1.44464160921052
RQWkrDrnRatio= 2.34109312109649
ICDroneMiteSurvivorship= 15.6132542062551
ICWorkerMiteSurvivorship= 25.8990371134132
ICForagerLifespan= 6.26541390921921
ImmType= Tangent
AIAdultLD50= 0.154012839635834
AIAdultSlopeContact= 1.63518594835885
AIAdultLD50Contact= 0.012243772437796
AILarvaSlope= 0.667516341293231
AILarvaLD50= 0.496883475920185
AIKOW= 4.2346080346033
AIKOC= 23.2495482440572
AIHalfLife= 2.04315632581711
EAppRate= 0.777488853782415
