ICQueenStrength= 1.69706290960312
RQWkrDrnRatio= 3.49415279086679
ICDroneMiteSurvivorship= 89.2259290441871
ICWorkerMiteSurvivorship= 53.8723133504391
ICForagerLifespan= 15.1632930254564
ImmType= Polynomial
AIAdultSlopeContact= 8.27148808166385
AIAdultLD50Contact= 0.105136042414233
AILarvaSlope= 1.0835746047087
AILarvaLD50= 1.2167143416591
AIKOW= 24.2995721520856
AIKOC= 37.6976630184799
AIHalfLife= 8.23054653452709
