ICQueenStrength= 3.16117006144486
RQWkrDrnRatio= 3.30949059687555
ICDroneMiteSurvivorship= 64.2093385569751
ICWorkerMiteSurvivorship= 59.2940922593698
ICForagerLifespan= 10.354099794291
ImmType= Exponential
AIAdultSlope= 0.287088281577453
AIAdultLD50= 0.129859697655775
AIAdultSlopeContact= 0.0513114433712326
AIAdultLD50Contact= 0.0285541598801501
AILarvaSlope= 2.17199477390386
AILarvaLD50= 0.395844642212614
AIKOW= 3.73228085273877
AIKOC= 17.18529426842
AIHalfLife= 0.660125503782183
EAppRate= 0.0462563504232094
