ICQueenStrength= 4.70449038106017
RQWkrDrnRatio= 4.78875606413931
ICDroneMiteSurvivorship= 37.7458512317389
ICWorkerMiteSurvivorship= 0.0731365056708455
ICForagerLifespan= 7.75833097472787
ImmType= Logarithmic
AIAdultSlope= 2.4703871937003
AIAdultLD50= 1.68287497409619
AIAdultSlopeContact= 3.24917858035304
AIAdultLD50Contact= 0.0187267630244605
AILarvaSlope= 1.09873859370127
AILarvaLD50= 0.135853501874954
AIKOW= 7.03221214096993
AIKOC= 25.0584957492538
AIHalfLife= 1.67237301077694
EAppRate= 0.998982830671594
