ICQueenStrength= 4.88773887534626
RQWkrDrnRatio= 1.18619187455624
ICDroneMiteSurvivorship= 10.6502040987834
ICWorkerMiteSurvivorship= 42.8723568329588
ICForagerLifespan= 12.8427564129233
ImmType= Exponential
AIAdultSlopeContact= 9.780450866092
AIAdultLD50Contact= 0.0516798581928015
AILarvaSlope= 1.7120143934153
AILarvaLD50= 0.0580720184370875
AIKOW= 32.9631137661636
AIKOC= 87.1653827372938
AIHalfLife= 4.10211541457102
