ICQueenStrength= 1.83702871925198
RQWkrDrnRatio= 2.53821191377938
ICDroneMiteSurvivorship= 77.6458212640136
ICWorkerMiteSurvivorship= 3.2715433742851
ICForagerLifespan= 14.880682868883
ImmType= Logarithmic
AIAdultSlope= 0.898494771122932
AIAdultLD50= 1.97475913935341
AIAdultSlopeContact= 3.69575070815161
AIAdultLD50Contact= 0.0191006453242153
AILarvaSlope= 1.70746686137281
AILarvaLD50= 0.697361303516664
AIKOW= 4.31819025659934
AIKOC= 22.4514656711835
AIHalfLife= 9.88746860390529
EAppRate= 0.878249452216551
