ICQueenStrength= 2.85848283697851
RQWkrDrnRatio= 2.58032577205449
ICDroneMiteSurvivorship= 21.4263573288918
ICWorkerMiteSurvivorship= 11.1595265800133
ICForagerLifespan= 12.5010353429243
ImmType= Exponential
AIAdultSlope= 1.74421789636835
AIAdultLD50= 0.844330068910494
AIAdultSlopeContact= 3.29480923272204
AIAdultLD50Contact= 0.0394046882167459
AILarvaSlope= 2.5231702809222
AILarvaLD50= 0.658926107268781
AIKOW= 4.35599870979786
AIKOC= 22.3162698338274
AIHalfLife= 0.137808352708817
EAppRate= 0.180790418060496
