ICQueenStrength= 2.3986069150269
RQWkrDrnRatio= 2.43541052564979
ICDroneMiteSurvivorship= 98.4981175977737
ICWorkerMiteSurvivorship= 71.4062728686258
ICForagerLifespan= 14.3328277133405
ImmType= Sine
AIAdultSlopeContact= 3.13743907492608
AIAdultLD50Contact= 0.0980451077688485
AILarvaSlope= 1.863954057917
AILarvaLD50= 1.29561453964561
AIKOW= 24.9074053484946
AIKOC= 52.8018776094541
AIHalfLife= 7.74382778583094
