ICQueenStrength= 2.32616413990036
RQWkrDrnRatio= 1.67113158944994
ICDroneMiteSurvivorship= 12.3549530049786
ICWorkerMiteSurvivorship= 85.9359503025189
ICForagerLifespan= 13.2472851593047
ImmType= Exponential
AIAdultSlope= 0.116807713487651
AIAdultLD50= 0.0941545978421345
AIAdultSlopeContact= 3.35072564084781
AIAdultLD50Contact= 0.00765096578979865
AILarvaSlope= 2.83912787963636
AILarvaLD50= 0.209997730446048
AIKOW= 3.44221175229177
AIKOC= 27.5926482235081
AIHalfLife= 3.47299826098606
EAppRate= 0.332100654602982
