ICQueenStrength= 3.85478916484863
RQWkrDrnRatio= 2.5275434628129
ICDroneMiteSurvivorship= 18.9343126723543
ICWorkerMiteSurvivorship= 59.5481977099553
ICForagerLifespan= 11.7741775037721
ImmType= Sine
AIAdultSlope= 1.71340452646837
AIAdultLD50= 2.21971924533136
AIAdultSlopeContact= 3.33880972240353
AIAdultLD50Contact= 0.0046228448394686
AILarvaSlope= 2.53485998474061
AILarvaLD50= 0.4647544313455
AIKOW= 7.62968966225162
AIKOC= 10.9514121152461
AIHalfLife= 4.0502340933308
EAppRate= 0.777393627678975
