ICQueenStrength= 4.28325090347789
RQWkrDrnRatio= 2.27760377153754
ICDroneMiteSurvivorship= 69.197705341503
ICWorkerMiteSurvivorship= 72.1454146318138
ICForagerLifespan= 12.9894416714087
ImmType= Cosine
AIAdultSlope= 1.24823548225686
AIAdultLD50= 1.08743323897943
AIAdultSlopeContact= 2.33591397152748
AIAdultLD50Contact= 0.0341436677146703
AILarvaSlope= 3.2149718767032
AILarvaLD50= 0.813891789433546
AIKOW= 5.18201198102906
AIKOC= 14.620403154986
AIHalfLife= 9.87101078266278
EAppRate= 0.601222742348909
