ICQueenStrength= 4.39298112783581
RQWkrDrnRatio= 3.10696826595813
ICDroneMiteSurvivorship= 23.32818005234
ICWorkerMiteSurvivorship= 23.9391412353143
ICForagerLifespan= 8.40127401612699
ImmType= Sine
AIAdultSlope= 2.01734745251015
AIAdultLD50= 2.16618842328899
AIAdultSlopeContact= 2.59915347453905
AIAdultLD50Contact= 0.0175601152819581
AILarvaSlope= 0.032970263203606
AILarvaLD50= 0.144262381992303
AIKOW= 2.43991039553657
AIKOC= 10.1620458369143
AIHalfLife= 13.3818780207075
EAppRate= 0.877467761747539
