ICQueenStrength= 1.91653504990973
RQWkrDrnRatio= 3.51594562176615
ICDroneMiteSurvivorship= 53.6342479055747
ICWorkerMiteSurvivorship= 53.2584719127044
ICForagerLifespan= 15.2717086877674
ImmType= Cosine
AIAdultSlope= 2.02465372025035
AIAdultLD50= 0.0564552750438452
AIAdultSlopeContact= 2.45481397987576
AIAdultLD50Contact= 0.0144263493013568
AILarvaSlope= 2.35192424291745
AILarvaLD50= 0.890270324517041
AIKOW= 2.09163555316627
AIKOC= 29.9098013620824
AIHalfLife= 1.22013458190486
EAppRate= 0.241244088392705
