ICQueenStrength= 3.23462920752354
RQWkrDrnRatio= 4.18249175325036
ICDroneMiteSurvivorship= 91.9737454503775
ICWorkerMiteSurvivorship= 79.5204177265987
ICForagerLifespan= 4.19368857145309
ImmType= Logarithmic
AIAdultSlope= 1.39946339642629
AIAdultSlopeContact= 1.95914823942818
AIAdultLD50Contact= 0.00619877894641832
AILarvaSlope= 1.68136855238117
AILarvaLD50= 0.181902419775724
AIKOW= 3.04926808690652
AIKOC= 13.121544047026
AIHalfLife= 11.8233482507057
