ICQueenStrength= 3.23037707386538
RQWkrDrnRatio= 2.14579406287521
ICDroneMiteSurvivorship= 19.5222088135779
ICWorkerMiteSurvivorship= 90.1050387881696
ICForagerLifespan= 4.67107596062124
ImmType= Logarithmic
AIAdultLD50= 0.154012839635834
AIAdultSlopeContact= 0.630769492762629
AIAdultLD50Contact= 0.0444719608640298
AILarvaSlope= 1.31345534962602
AILarvaLD50= 0.155704542528838
AIKOW= 2.19847588427365
AIKOC= 20.8201840764377
AIHalfLife= 7.09409030945972
EAppRate= 1.22808604966849
