ICQueenStrength= 4.49764462793246
RQWkrDrnRatio= 1.25375877227634
ICDroneMiteSurvivorship= 31.5376000478864
ICWorkerMiteSurvivorship= 69.148117932491
ICForagerLifespan= 4.78797429893166
ImmType= Cosine
AIAdultSlopeContact= 3.1674721217528
AIAdultLD50Contact= 0.035808120877482
AILarvaSlope= 0.0130465413443744
AILarvaLD50= 0.779508399311453
AIKOW= 6.94737959327176
AIKOC= 8.00571509287693
AIHalfLife= 9.15047095995396
