ICQueenStrength= 1.01417454448529
RQWkrDrnRatio= 2.7648153565824
ICDroneMiteSurvivorship= 83.5598735604435
ICWorkerMiteSurvivorship= 90.7480133930221
ICForagerLifespan= 9.25829101819545
ImmType= Logarithmic
AIAdultSlope= 2.03007847541012
AIAdultLD50= 1.41112132463604
AIAdultSlopeContact= 2.61020359961316
AIAdultLD50Contact= 0.036503539304249
AILarvaSlope= 1.37386743077077
AILarvaLD50= 0.586631247983314
AIKOW= 2.32691759523004
AIKOC= 11.8696873146109
AIHalfLife= 4.42083279276267
EAppRate= 0.88465149817057
