ICQueenStrength= 2.81830735877156
RQWkrDrnRatio= 4.27613323461264
ICDroneMiteSurvivorship= 54.5678874244913
ICWorkerMiteSurvivorship= 29.6646870207042
ICForagerLifespan= 6.28456948325038
ImmType= Exponential
AIAdultSlope= 9.21994084957987
AIAdultLD50= 0.354137268383056
AIAdultSlopeContact= 8.83943602908403
AIAdultLD50Contact= 0.00262925019487739
AILarvaSlope= 0.0322986696846783
AILarvaLD50= 0.56897883489728
AIKOW= 24.9129134928808
AIKOC= 14.7824511863291
AIHalfLife= 4.31983813922852
EAppRate= 1.36397741502151
