ICQueenStrength= 1.05531205330044
RQWkrDrnRatio= 2.58614045288414
