ICQueenStrength= 1.34869476803578
RQWkrDrnRatio= 4.18987346347421
ICDroneMiteSurvivorship= 47.8989419527352
ICWorkerMiteSurvivorship= 39.8879120824859
ICForagerLifespan= 7.44603300560266
ImmType= Sine
AIAdultSlope= 0.363739766408689
AIAdultLD50= 0.295200646738522
AIAdultSlopeContact= 1.5186895435676
AIAdultLD50Contact= 0.0155428787693381
AILarvaSlope= 1.9080368465744
AILarvaLD50= 0.53122683679685
AIKOW= 3.83253560215235
AIKOC= 7.33091104310006
AIHalfLife= 3.54268800118007
EAppRate= 0.489225468761288
