ICQueenStrength= 5.29932592785917
RQWkrDrnRatio= 4.34738056827337
ICDroneMiteSurvivorship= 59.9958094768226
ICWorkerMiteSurvivorship= 88.0296873860061
ICForagerLifespan= 11.220201860182
ImmType= Cosine
AIAdultSlopeContact= 8.19546428974718
AIAdultLD50Contact= 0.164999503502622
AILarvaSlope= 9.60626609390602
AILarvaLD50= 1.25658212369308
AIKOW= 73.8630317617208
AIKOC= 91.4370422484353
AIHalfLife= 9.00623004557565
