ICQueenStrength= 5.10155579796992
RQWkrDrnRatio= 2.93235428072512
ICDroneMiteSurvivorship= 3.91664912458509
ICWorkerMiteSurvivorship= 28.7042406620458
ICForagerLifespan= 9.93029159493744
ImmType= Tangent
AIAdultSlope= 1.48649043140234
AIAdultLD50= 0.346726165036671
AIAdultSlopeContact= 3.90542514405912
AIAdultLD50Contact= 0.0204932871507481
AILarvaSlope= 2.04031902407296
AILarvaLD50= 0.144767102273181
AIKOW= 3.43188660126179
AIKOC= 9.48858769377694
AIHalfLife= 0.668946669902653
EAppRate= 0.544645302928984
