ICQueenStrength= 5.05982039053924
RQWkrDrnRatio= 1.59956071805209
ICDroneMiteSurvivorship= 42.6516070961952
ICWorkerMiteSurvivorship= 49.4444486219436
ICForagerLifespan= 9.28949560318142
ImmType= Sine
AIAdultSlopeContact= 1.47534021546599
AIAdultLD50Contact= 0.00833087613573298
AILarvaSlope= 1.12023893725127
AILarvaLD50= 0.391687871189788
AIKOW= 7.62912327190861
AIKOC= 16.9693484215531
AIHalfLife= 8.26762499054894
