ICQueenStrength= 4.70220506098121
RQWkrDrnRatio= 2.03279696870595
