ICQueenStrength= 4.05357393226586
RQWkrDrnRatio= 3.64026756491512
ICDroneMiteSurvivorship= 47.1021716017276
ICWorkerMiteSurvivorship= 5.78646310605109
ICForagerLifespan= 4.66412367485464
ImmType= Exponential
AIAdultSlope= 0.162004281580448
AIAdultLD50= 0.467738981824368
AIAdultSlopeContact= 2.52189165102784
AIAdultLD50Contact= 0.0216636049211957
AILarvaSlope= 2.11471903417259
AILarvaLD50= 0.876722513185814
AIKOW= 3.83707318734378
AIKOC= 29.4620409735944
AIHalfLife= 4.51394866220653
EAppRate= 0.351729898015037
