ICQueenStrength= 2.65497394045815
RQWkrDrnRatio= 2.41388379596174
ICDroneMiteSurvivorship= 3.39064879808575
ICWorkerMiteSurvivorship= 60.2605622028932
ICForagerLifespan= 8.58459962997586
ImmType= Exponential
AIAdultSlope= 6.88076927093789
