ICQueenStrength= 4.33443626877852
RQWkrDrnRatio= 1.82440457586199
ICDroneMiteSurvivorship= 84.3747461447492
ICWorkerMiteSurvivorship= 59.9725522566587
ICForagerLifespan= 13.1387655558065
ImmType= Sine
AIAdultSlope= 1.28891943630064
AIAdultLD50= 0.232218626653776
AIAdultSlopeContact= 2.69812679549446
AIAdultLD50Contact= 0.0364604909555055
AILarvaSlope= 2.4460775627289
AILarvaLD50= 0.4278310588561
AIKOW= 7.56462959945202
AIKOC= 9.50378149980679
AIHalfLife= 1.89275219570845
EAppRate= 0
