ICQueenStrength= 3.71542254136875
RQWkrDrnRatio= 2.30963382311165
ICDroneMiteSurvivorship= 92.106850235723
ICWorkerMiteSurvivorship= 35.7614304637536
ICForagerLifespan= 10.3672737181187
ImmType= Exponential
AIAdultSlopeContact= 5.28070750180632
AIAdultLD50Contact= 0.167222220730037
AILarvaSlope= 7.58199878269807
AILarvaLD50= 0.206120729912072
AIKOW= 1.9644875312224
AIKOC= 18.7590968795121
AIHalfLife= 5.74735355889425
