ICQueenStrength= 1.16697242041118
RQWkrDrnRatio= 1.52014075312763
ICDroneMiteSurvivorship= 84.1997020179406
ICWorkerMiteSurvivorship= 87.1324629988521
ICForagerLifespan= 14.274361862801
ImmType= Sine
AIAdultSlopeContact= 2.68175682751462
AIAdultLD50Contact= 0.147379095852375
AILarvaSlope= 5.67301250994205
AILarvaLD50= 1.94359437003732
AIKOW= 28.7040300667286
AIKOC= 76.8686424242333
AIHalfLife= 11.9784284192137
