ICQueenStrength= 5.34184611774981
RQWkrDrnRatio= 4.1603013407439
ICDroneMiteSurvivorship= 82.4937389232218
ICWorkerMiteSurvivorship= 85.2893421426415
ICForagerLifespan= 15.7747646020725
ImmType= Logarithmic
AIAdultSlope= 0.31141339247115
AIAdultLD50= 2.94909118185751
AIAdultSlopeContact= 2.72766211324604
AIAdultLD50Contact= 0.0132526630419306
AILarvaSlope= 1.83620804925449
AILarvaLD50= 0.16650568402838
AIKOW= 6.26763098919764
AIKOC= 28.7325319088995
AIHalfLife= 0.399456090759486
EAppRate= 0.0638532268349081
