ICQueenStrength= 2.47342539858073
RQWkrDrnRatio= 1.60332276113331
ICDroneMiteSurvivorship= 17.8602242609486
ICWorkerMiteSurvivorship= 57.4104556348175
ICForagerLifespan= 12.8942065713927
ImmType= Logarithmic
AIAdultSlope= 2.86648930418305
AIAdultLD50= 0.808360045077279
AIAdultSlopeContact= 0.716167377687525
AIAdultLD50Contact= 0.0437085305922665
AILarvaSlope= 2.46421091961674
AILarvaLD50= 0.706206626398489
AIKOW= 5.10142350103706
AIKOC= 11.2111357576214
AIHalfLife= 0.859194746706635
EAppRate= 0.751943035982549
