ICQueenStrength= 1.41212187730707
RQWkrDrnRatio= 1.6458807727322
ICDroneMiteSurvivorship= 64.5793450297788
ICWorkerMiteSurvivorship= 23.5435432987288
ICForagerLifespan= 14.4028259003535
ImmType= Logarithmic
AIAdultSlopeContact= 0.102856715745293
AIAdultLD50Contact= 0.00427844601217657
AILarvaSlope= 1.64352971096523
AILarvaLD50= 0.895695627015084
AIKOW= 2.37013481650501
AIKOC= 27.8886576369405
AIHalfLife= 1.21909690182656
