ICQueenStrength= 1.12212482048199
RQWkrDrnRatio= 4.89097048249096
ICDroneMiteSurvivorship= 80.8527023764327
ICWorkerMiteSurvivorship= 13.9273291220888
ICForagerLifespan= 14.3077407442033
ImmType= Exponential
AIAdultSlope= 1.9827398460824
AIAdultLD50= 1.68409785814583
AIAdultSlopeContact= 3.15338663829491
AIAdultLD50Contact= 0.0370551849831827
AILarvaSlope= 3.26487536760978
AILarvaLD50= 0.575465061399154
AIKOW= 4.29243997717276
AIKOC= 13.3631762536243
AIHalfLife= 13.9333252729848
EAppRate= 0.253430398413911
