ICQueenStrength= 3.86210538586602
RQWkrDrnRatio= 4.76726685743779
ICDroneMiteSurvivorship= 75.5241131875664
ICWorkerMiteSurvivorship= 2.61034001596272
ICForagerLifespan= 8.59867050684988
ImmType= Cosine
AIAdultSlope= 0.529679350322112
AIAdultSlopeContact= 0.933877663363237
AIAdultLD50Contact= 0.0153065568651073
AILarvaSlope= 2.77938140244223
AILarvaLD50= 0.731018446362577
AIKOW= 4.9590232335031
AIKOC= 29.624855275033
AIHalfLife= 13.5920230336487
