ICQueenStrength= 3.36625489895232
RQWkrDrnRatio= 4.49064059462398
ICDroneMiteSurvivorship= 66.057578031905
ICWorkerMiteSurvivorship= 87.5701697776094
ICForagerLifespan= 12.2720421086997
ImmType= Cosine
AIAdultSlopeContact= 5.71090703597292
AIAdultLD50Contact= 0.151830830983818
AILarvaSlope= 9.75675717229024
AILarvaLD50= 1.3199431123212
AIKOW= 2.40063779056072
AIKOC= 9.81609802693129
AIHalfLife= 9.33682615077123
