ICQueenStrength= 2.98181029991247
RQWkrDrnRatio= 1.1255234349519
ICDroneMiteSurvivorship= 56.3524555414915
ICWorkerMiteSurvivorship= 85.215290565975
ICForagerLifespan= 9.18018887192011
ImmType= Tangent
AIAdultSlope= 1.61063758186065
AIAdultSlopeContact= 3.44435935138492
AIAdultLD50Contact= 0.0348845233558677
AILarvaSlope= 2.08394914818928
AILarvaLD50= 0.609737360710278
AIKOW= 7.46336523024365
AIKOC= 25.9807168866973
AIHalfLife= 8.70099176792428
