ICQueenStrength= 4.14473268459551
RQWkrDrnRatio= 4.50558280944824
ICDroneMiteSurvivorship= 8.94273838493973
ICWorkerMiteSurvivorship= 4.37750997953117
ICForagerLifespan= 5.1393322693184
ImmType= Tangent
AIAdultSlope= 0.129837294481695
AIAdultLD50= 0.742684270720929
AIAdultSlopeContact= 1.31463758049533
AIAdultLD50Contact= 0.0172260846942663
AILarvaSlope= 1.73694639597088
AILarvaLD50= 0.802239787532017
AIKOW= 6.87605371838436
AIKOC= 28.5091058013495
AIHalfLife= 4.81352740572765
EAppRate= 0.788500525057316
