ICQueenStrength= 1.9811435721349
RQWkrDrnRatio= 2.32377683371305
ICDroneMiteSurvivorship= 66.3893756223843
ICWorkerMiteSurvivorship= 27.0476129604504
ICForagerLifespan= 8.93924345169216
ImmType= Cosine
AIAdultSlope= 1.65554148482624
AIAdultLD50= 0.278354860143736
AIAdultSlopeContact= 0.557274678424001
AIAdultLD50Contact= 0.00104759470559657
AILarvaSlope= 0.594371879613027
AILarvaLD50= 0.501313858036883
AIKOW= 7.01865038648248
AIKOC= 28.9825581025798
AIHalfLife= 4.47643690858968
EAppRate= 0
