ICQueenStrength= 1.50453308387659
RQWkrDrnRatio= 4.26229137741029
ICDroneMiteSurvivorship= 73.1193028390408
ICWorkerMiteSurvivorship= 26.373767410405
ICForagerLifespan= 15.5305558051914
ImmType= Tangent
AIAdultSlopeContact= 1.17196695039282
AIAdultLD50Contact= 0.0138211889308877
AILarvaSlope= 1.48674015398137
AILarvaLD50= 0.505827134242281
AIKOW= 5.23658549087122
AIKOC= 7.3338807921391
AIHalfLife= 0.958869263529778
