ICQueenStrength= 3.98943900619633
RQWkrDrnRatio= 3.75654776580632
ICDroneMiteSurvivorship= 93.6977887758985
ICWorkerMiteSurvivorship= 92.5399082014337
ICForagerLifespan= 12.9801412904635
ImmType= Tangent
AIAdultSlope= 0.0349137801071629
AIAdultLD50= 0.0491654607467353
AIAdultSlopeContact= 0.901466477815993
AIAdultLD50Contact= 0.0286451079649851
AILarvaSlope= 1.57797887264751
AILarvaLD50= 0.727322277263738
AIKOW= 4.09594915667549
AIKOC= 25.9063788992353
AIHalfLife= 2.66803644946776
EAppRate= 0
