ICQueenStrength= 3.68995783524588
RQWkrDrnRatio= 4.26961140986532
ICDroneMiteSurvivorship= 45.8463677670807
ICWorkerMiteSurvivorship= 40.7032204093412
ICForagerLifespan= 11.3804036304355
ImmType= Logarithmic
AIAdultSlope= 0.699845810839906
AIAdultLD50= 2.87150616408326
AIAdultSlopeContact= 2.05976578882663
AIAdultLD50Contact= 0.0415545174037106
AILarvaSlope= 2.77488155881874
AILarvaLD50= 0.343647431745194
AIKOW= 2.80727155786008
AIKOC= 23.8395720149856
AIHalfLife= 6.3181359753944
EAppRate= 0.316535761347041
