ICQueenStrength= 2.46777793299407
RQWkrDrnRatio= 4.91716342978179
ICDroneMiteSurvivorship= 28.5688919946551
ICWorkerMiteSurvivorship= 22.1247144276276
ICForagerLifespan= 11.0674829920754
ImmType= Exponential
AIAdultLD50= 0.154012839635834
AIAdultSlopeContact= 3.62540145224892
AIAdultLD50Contact= 0.0434244165779091
AILarvaSlope= 0.446753777284175
AILarvaLD50= 0.213409118098207
AIKOW= 2.35812494624406
AIKOC= 22.827024118742
AIHalfLife= 5.83918222691864
EAppRate= 1.32102216593921
