ICQueenStrength= 3.94135935022496
RQWkrDrnRatio= 3.63039662223309
ICDroneMiteSurvivorship= 50.2948911162093
ICWorkerMiteSurvivorship= 16.7484403122216
ICForagerLifespan= 11.6352251293138
ImmType= Logarithmic
AIAdultSlope= 0.193645596969873
AIAdultSlopeContact= 2.12121385452803
AIAdultLD50Contact= 0.0157357546966523
AILarvaSlope= 2.7430538111832
AILarvaLD50= 0.0347426596563309
AIKOW= 6.06002513784915
AIKOC= 20.2434886898845
AIHalfLife= 13.3135386761278
