ICQueenStrength= 1.04981597652659
RQWkrDrnRatio= 4.24991679843515
ICDroneMiteSurvivorship= 11.9020007783547
ICWorkerMiteSurvivorship= 81.7026817239821
ICForagerLifespan= 15.5170832760632
ImmType= Exponential
AIAdultSlope= 3.56310773103498
AIAdultLD50= 0.116384882479906
AIAdultSlopeContact= 2.94899112747051
AIAdultLD50Contact= 0.038546119176317
AILarvaSlope= 1.04335444471799
AILarvaLD50= 0.0461808394175023
AIKOW= 4.25749462423846
AIKOC= 20.0198934832588
AIHalfLife= 3.6753894330468
EAppRate= 0.404722716542892
