ICQueenStrength= 5.6261148317717
RQWkrDrnRatio= 2.22631033323705
ICDroneMiteSurvivorship= 48.9095830358565
ICWorkerMiteSurvivorship= 3.25545852538198
ICForagerLifespan= 5.19759845454246
ImmType= Polynomial
AIAdultSlopeContact= 3.84441042111721
AIAdultLD50Contact= 0.0269564224290662
AILarvaSlope= 2.88395039956085
AILarvaLD50= 0.663826147955842
AIKOW= 6.82937353756279
AIKOC= 6.32933280547149
AIHalfLife= 10.4028887087479
