ICQueenStrength= 4.74220547731966
RQWkrDrnRatio= 4.9994775429368
ICDroneMiteSurvivorship= 71.9203327549621
ICWorkerMiteSurvivorship= 47.1157188527286
ICForagerLifespan= 9.89288051519543
ImmType= Logarithmic
AIAdultSlopeContact= 3.75914235436823
AIAdultLD50Contact= 0.0489727533305995
AILarvaSlope= 1.80896038901992
AILarvaLD50= 0.12122790645808
AIKOW= 2.22630125610158
AIKOC= 19.5101879548747
AIHalfLife= 9.75716240145266
