ICQueenStrength= 1.63758961041458
RQWkrDrnRatio= 4.91177575197071
ICDroneMiteSurvivorship= 17.7729604067281
ICWorkerMiteSurvivorship= 69.5814522448927
ICForagerLifespan= 14.7314864592627
ImmType= Tangent
AIAdultSlope= 0.90350935254246
AIAdultLD50= 2.26078441226855
AIAdultSlopeContact= 3.76195796323009
AIAdultLD50Contact= 0.0298806224018335
AILarvaSlope= 0.422665820876136
AILarvaLD50= 0.209938222286291
AIKOW= 7.14824162237346
AIKOC= 7.95296079129912
AIHalfLife= 11.1115397256799
EAppRate= 0.812987061915919
