ICQueenStrength= 1.92796407174319
RQWkrDrnRatio= 1.74216935038567
ICDroneMiteSurvivorship= 39.1384996240959
ICWorkerMiteSurvivorship= 25.7814307464287
ICForagerLifespan= 14.8936417046934
ImmType= Polynomial
AIAdultSlope= 2.01431245721178
AIAdultLD50= 0.33706532837823
AIAdultSlopeContact= 1.98448764677625
AIAdultLD50Contact= 0.0332415093202144
AILarvaSlope= 0.846901681087911
AILarvaLD50= 0.132735530287027
AIKOW= 2.81317551201209
AIKOC= 9.52206252957694
AIHalfLife= 4.58050597691908
EAppRate= 0
