ICQueenStrength= 5.77383421035483
RQWkrDrnRatio= 1.35746184922755
ICDroneMiteSurvivorship= 24.0629710489884
ICWorkerMiteSurvivorship= 68.060800130479
ICForagerLifespan= 7.60381683148444
ImmType= Tangent
AIAdultSlope= 0.502522918442264
AIAdultLD50= 2.27751451078802
AIAdultSlopeContact= 0.9846172878379
AIAdultLD50Contact= 0.0145345817436464
AILarvaSlope= 1.74668235308491
AILarvaLD50= 0.00455341420602053
AIKOW= 4.20737465843558
AIKOC= 29.2872524366248
AIHalfLife= 10.5312301502563
EAppRate= 0.526074945461005
