ICQueenStrength= 2.67444911669008
RQWkrDrnRatio= 2.66666928026825
ICDroneMiteSurvivorship= 63.9107753057033
ICWorkerMiteSurvivorship= 70.2564451145008
ICForagerLifespan= 7.25142881460488
ImmType= Logarithmic
AIAdultSlope= 0.769811143819243
AIAdultLD50= 1.0592197815422
AIAdultSlopeContact= 3.57093197774375
AIAdultLD50Contact= 0.0337906333501451
AILarvaSlope= 0.888824323285371
AILarvaLD50= 0.425918009318411
AIKOW= 5.56893900036812
AIKOC= 23.1978867854923
AIHalfLife= 4.81707362132147
EAppRate= 0.00789695046842098
