ICQueenStrength= 1.11667499900796
RQWkrDrnRatio= 1.62718142103404
ICDroneMiteSurvivorship= 78.5165509674698
ICWorkerMiteSurvivorship= 42.0928356936201
ICForagerLifespan= 6.24494223948568
ImmType= Tangent
AIAdultSlope= 5.38275950355455
