ICQueenStrength= 5.12936164531857
RQWkrDrnRatio= 2.54767473787069
ICDroneMiteSurvivorship= 0.722340890206397
ICWorkerMiteSurvivorship= 65.1893319562078
ICForagerLifespan= 5.21032021101564
ImmType= Logarithmic
AIAdultSlope= 0.454439707193524
AIAdultLD50= 2.35388879477978
AIAdultSlopeContact= 3.52710388232488
AIAdultLD50Contact= 0.0248055061791092
AILarvaSlope= 2.17748231277801
AILarvaLD50= 0.407293279026635
AIKOW= 6.43413623422384
AIKOC= 12.0160165370908
AIHalfLife= 1.006810804829
EAppRate= 0.874624599469826
