ICQueenStrength= 1.77231907052919
RQWkrDrnRatio= 4.64656023494899
ICDroneMiteSurvivorship= 68.8171235146001
ICWorkerMiteSurvivorship= 51.7494475934654
ICForagerLifespan= 7.29381264839321
ImmType= Tangent
AIAdultSlopeContact= 0.214735604391899
AIAdultLD50Contact= 0.0236524979234673
AILarvaSlope= 2.24005800969899
AILarvaLD50= 0.371335527137853
AIKOW= 7.66838381160051
AIKOC= 26.8459803727455
AIHalfLife= 5.10148436902091
