ICQueenStrength= 1.56250199442729
RQWkrDrnRatio= 3.64420815277845
ICDroneMiteSurvivorship= 11.9113922351971
ICWorkerMiteSurvivorship= 80.4157428443432
ICForagerLifespan= 7.80727332923561
ImmType= Tangent
AIAdultSlope= 1.1550376471132
AIAdultLD50= 0.79579439968802
AIAdultSlopeContact= 6.25833085039631
AIAdultLD50Contact= 0.00972165768034756
AILarvaSlope= 1.01692483760417
AILarvaLD50= 0.550823051016778
AIKOW= 58.7988404557109
AIKOC= 82.5612653512508
AIHalfLife= 11.3699906021357
EAppRate= 1.28265867708251
