ICQueenStrength= 4.19624865893275
RQWkrDrnRatio= 3.02359118964523
ICDroneMiteSurvivorship= 77.9333913000301
ICWorkerMiteSurvivorship= 46.1331868777052
ICForagerLifespan= 8.02264855802059
ImmType= Polynomial
AIAdultSlope= 2.16900219907984
