ICQueenStrength= 1.06547225173563
RQWkrDrnRatio= 3.00721249356866
ICDroneMiteSurvivorship= 97.8433826705441
ICWorkerMiteSurvivorship= 90.2330489130691
ICForagerLifespan= 7.26575185544789
ImmType= Exponential
AIAdultSlopeContact= 2.02902524390258
AIAdultLD50Contact= 0.00670349661959335
AILarvaSlope= 0.861453314544633
AILarvaLD50= 0.367055357107893
AIKOW= 3.14664125395939
AIKOC= 19.046537457034
AIHalfLife= 7.68893166305497
