ICQueenStrength= 1.15300139319152
RQWkrDrnRatio= 3.62757222913206
ICDroneMiteSurvivorship= 25.9567935019732
ICWorkerMiteSurvivorship= 64.1442406456918
ICForagerLifespan= 14.3459728173912
ImmType= Exponential
AIAdultLD50= 0.154012839635834
AIAdultSlopeContact= 2.326069903553
AIAdultLD50Contact= 0.0496550906449556
AILarvaSlope= 0.486537623498589
AILarvaLD50= 0.486177775170654
AIKOW= 5.79767052363604
AIKOC= 8.97956119268201
AIHalfLife= 11.7327267732471
EAppRate= 0.606104823760688
