ICQueenStrength= 3.88630401249975
RQWkrDrnRatio= 4.58144361898303
ICDroneMiteSurvivorship= 60.9187795780599
ICWorkerMiteSurvivorship= 92.6604855572805
ICForagerLifespan= 15.2129161860794
ImmType= Exponential
AIAdultSlopeContact= 0.349170966073871
AIAdultLD50Contact= 0.0224244832992554
AILarvaSlope= 7.43692865362391
AILarvaLD50= 1.0924904407002
AIKOW= 73.2101434608921
AIKOC= 6.48742550984025
AIHalfLife= 2.00063802814111
