ICQueenStrength= 5.93099177372642
RQWkrDrnRatio= 4.47160920035094
ICDroneMiteSurvivorship= 78.0131087871268
ICWorkerMiteSurvivorship= 81.995286885649
ICForagerLifespan= 7.2254458591342
ImmType= Exponential
AIAdultSlope= 0.491429880773649
AIAdultLD50= 1.63526183785871
AIAdultSlopeContact= 0.241169057954103
AIAdultLD50Contact= 0.0469722258392721
AILarvaSlope= 0.465598934143782
AILarvaLD50= 0.641649402421899
AIKOW= 4.50664600590244
AIKOC= 11.1405205400661
AIHalfLife= 7.73760696314275
EAppRate= 0.826133529888466
