ICQueenStrength= 4.91980170155875
RQWkrDrnRatio= 4.60306029580534
ICDroneMiteSurvivorship= 74.6076242998242
ICWorkerMiteSurvivorship= 99.5983931235969
ICForagerLifespan= 13.78744570259
ImmType= Exponential
AIAdultSlope= 1.45911931387614
AIAdultLD50= 0.282851030118763
AIAdultSlopeContact= 1.31303546696669
AIAdultLD50Contact= 0.0154087342671119
AILarvaSlope= 0.115845068590716
AILarvaLD50= 0.178025454701856
AIKOW= 3.80154529633
AIKOC= 29.2232798598707
AIHalfLife= 0.702197425998747
EAppRate= 0.336224634386599
