ICQueenStrength= 5.00318729691207
RQWkrDrnRatio= 4.80198022071272
ICDroneMiteSurvivorship= 4.84844301827252
ICWorkerMiteSurvivorship= 68.7055942602456
ICForagerLifespan= 5.86453182995319
ImmType= Logarithmic
AIAdultSlope= 2.16303179585375
AIAdultLD50= 0.793007055530325
AIAdultSlopeContact= 2.64620515344199
AIAdultLD50Contact= 0.00756015226943418
AILarvaSlope= 1.92397122266702
AILarvaLD50= 0.0801711882697418
AIKOW= 5.71019826037809
AIKOC= 8.74035791610368
AIHalfLife= 3.34809397673234
EAppRate= 0.781734726857394
