ICQueenStrength= 5.85010303091258
RQWkrDrnRatio= 2.27374991681427
ICDroneMiteSurvivorship= 34.4844423467293
ICWorkerMiteSurvivorship= 80.3586617810652
ICForagerLifespan= 13.6799964373931
ImmType= Tangent
AIAdultSlopeContact= 0.765843840767629
AIAdultLD50Contact= 0.0253036678186618
AILarvaSlope= 1.98472482711077
AILarvaLD50= 0.410280195157975
AIKOW= 7.59950450388715
AIKOC= 5.38391170674004
AIHalfLife= 9.29846256319433
