ICQueenStrength= 1.78330009011552
RQWkrDrnRatio= 1.46813983377069
ICDroneMiteSurvivorship= 82.6571843586862
ICWorkerMiteSurvivorship= 87.613555858843
ICForagerLifespan= 11.3130772644654
ImmType= Logarithmic
AIAdultSlope= 2.96093959705904
AIAdultLD50= 2.85558283352293
AIAdultSlopeContact= 0.238836938850582
AIAdultLD50Contact= 0.0231770254089497
AILarvaSlope= 1.40609781271778
AILarvaLD50= 0.756211759219877
AIKOW= 3.18827671790496
AIKOC= 10.9119371697307
AIHalfLife= 2.0495886397548
EAppRate= 0.585347322979942
