ICQueenStrength= 5.73334988695569
RQWkrDrnRatio= 4.49075623042881
ICDroneMiteSurvivorship= 70.1607028255239
ICWorkerMiteSurvivorship= 71.1460988502949
ICForagerLifespan= 7.71915530320257
ImmType= Cosine
AIAdultSlope= 1.56814577673795
AIAdultLD50= 0.0926350445952266
AIAdultSlopeContact= 3.1566277069808
AIAdultLD50Contact= 0.0169692869065329
AILarvaSlope= 0.889881295943633
AILarvaLD50= 0.568752114591189
AIKOW= 5.50107453716919
AIKOC= 29.7092925244942
AIHalfLife= 4.43729592836462
EAppRate= 0.0698936787899583
