ICQueenStrength= 3.65393954934552
RQWkrDrnRatio= 2.18537819199264
ICDroneMiteSurvivorship= 29.5389319770038
ICWorkerMiteSurvivorship= 77.6934987166896
ICForagerLifespan= 4.95576231740415
ImmType= Sine
AIAdultSlope= 3.18835646547843
AIAdultLD50= 0.429864488309249
AIAdultSlopeContact= 3.05830157731427
AIAdultLD50Contact= 0.0349491280619986
AILarvaSlope= 2.38791309501976
AILarvaLD50= 0.0905807500937954
AIKOW= 4.53963330294937
AIKOC= 9.7452307830099
AIHalfLife= 1.03554585133679
EAppRate= 0
