ICQueenStrength= 1.64605615334585
RQWkrDrnRatio= 2.73058216832578
ICDroneMiteSurvivorship= 9.51324154157192
ICWorkerMiteSurvivorship= 46.4306960813701
ICForagerLifespan= 8.33503683377057
ImmType= Sine
AIAdultSlopeContact= 8.63241238985211
AIAdultLD50Contact= 0.0738487984053791
AILarvaSlope= 6.9241077080369
AILarvaLD50= 0.59360283985734
AIKOW= 2.58255053777248
AIKOC= 12.8474829951301
AIHalfLife= 6.59081487171352
