ICQueenStrength= 3.90583702735603
RQWkrDrnRatio= 2.0574913257733
ICDroneMiteSurvivorship= 51.1021114420146
ICWorkerMiteSurvivorship= 41.4452800760046
ICForagerLifespan= 5.08292681351304
ImmType= Cosine
AIAdultSlope= 3.67009708192199
AIAdultLD50= 0.855272914282978
AIAdultSlopeContact= 6.78219113033265
AIAdultLD50Contact= 0.00883392761461437
AILarvaSlope= 1.90911918645725
AILarvaLD50= 0.612221979536116
AIKOW= 36.2680319231004
AIKOC= 65.7150086713955
AIHalfLife= 2.89449994312599
EAppRate= 1.57575759058818
