ICQueenStrength= 1.10026375064626
RQWkrDrnRatio= 4.95318525005132
ICDroneMiteSurvivorship= 9.26400679163635
ICWorkerMiteSurvivorship= 74.7434659162536
ICForagerLifespan= 13.6098307799548
ImmType= Sine
AIAdultSlope= 1.17043011745205
AIAdultLD50= 0.254254764644429
AIAdultSlopeContact= 0.812245282265358
AIAdultLD50Contact= 0.0239642026484944
AILarvaSlope= 2.32390452744439
AILarvaLD50= 0.572882843879052
AIKOW= 4.09220284689218
AIKOC= 12.2020919353236
AIHalfLife= 3.24999722070061
EAppRate= 0.572043776721693
