ICQueenStrength= 5.10450301715173
RQWkrDrnRatio= 3.28559085447341
ICDroneMiteSurvivorship= 6.29633243661374
ICWorkerMiteSurvivorship= 20.2710732351989
ICForagerLifespan= 6.4040442397818
ImmType= Exponential
AIAdultSlope= 0.0227164605399594
AIAdultLD50= 0.0582082973560318
AIAdultSlopeContact= 3.32242251603864
AIAdultLD50Contact= 0.0474385767825879
AILarvaSlope= 3.13817503675818
AILarvaLD50= 0.399406426562928
AIKOW= 7.84835755405948
AIKOC= 6.08422698685899
AIHalfLife= 2.91749076917768
EAppRate= 0.306198935955763
