ICQueenStrength= 5.62256231345236
RQWkrDrnRatio= 4.13875875156373
ICDroneMiteSurvivorship= 8.29668757505715
ICWorkerMiteSurvivorship= 71.5989450691268
ICForagerLifespan= 10.0501780817285
ImmType= Tangent
AIAdultSlopeContact= 1.1516726345499
AIAdultLD50Contact= 0.042165079456754
AILarvaSlope= 2.95642107506283
AILarvaLD50= 0.499985198769718
AIKOW= 7.95200504502282
AIKOC= 20.8375955827069
AIHalfLife= 5.52836881997064
