ICQueenStrength= 3.94533106032759
RQWkrDrnRatio= 4.11547335609794
ICDroneMiteSurvivorship= 57.5279120821506
ICWorkerMiteSurvivorship= 37.5309324357659
ICForagerLifespan= 7.6438226941973
ImmType= Cosine
AIAdultSlope= 2.02178861945868
