ICQueenStrength= 5.10509768291377
RQWkrDrnRatio= 1.91925608646125
ICDroneMiteSurvivorship= 58.9671419467777
ICWorkerMiteSurvivorship= 72.1203375374898
ICForagerLifespan= 4.44424425438046
ImmType= Tangent
AIAdultSlopeContact= 7.51619589747861
AIAdultLD50Contact= 0.037882427405566
AILarvaSlope= 5.09982848772779
AILarvaLD50= 0.0394891100004315
AIKOW= 46.8896490288898
AIKOC= 39.5395749248564
AIHalfLife= 0.713648233562708
