ICQueenStrength= 2.1635253939312
RQWkrDrnRatio= 4.51776574645191
ICDroneMiteSurvivorship= 50.4874363541603
ICWorkerMiteSurvivorship= 8.37229690514505
ICForagerLifespan= 8.59271455835551
ImmType= Tangent
AIAdultSlopeContact= 3.2616602126509
AIAdultLD50Contact= 0.0147738037398085
AILarvaSlope= 3.23708932297304
AILarvaLD50= 0.517850267118774
AIKOW= 4.41242824681103
AIKOC= 19.0068031847477
AIHalfLife= 3.7012380277738
