ICQueenStrength= 1.1330952194985
RQWkrDrnRatio= 2.69155070371926
ICDroneMiteSurvivorship= 86.8493035435677
ICWorkerMiteSurvivorship= 33.9946463471279
ICForagerLifespan= 10.2406874643639
ImmType= Polynomial
AIAdultSlope= 3.50803945722291
AIAdultLD50= 0.275549809332006
AIAdultSlopeContact= 3.88886236189166
AIAdultLD50Contact= 0.0462260480388068
AILarvaSlope= 2.12965843365528
AILarvaLD50= 0.0910734073491767
AIKOW= 2.22786274598911
AIKOC= 13.7931792368181
AIHalfLife= 2.76168437441811
EAppRate= 0
