ICQueenStrength= 5.05660069547594
RQWkrDrnRatio= 1.61527356319129
ICDroneMiteSurvivorship= 82.007290283218
ICWorkerMiteSurvivorship= 47.8962847962976
ICForagerLifespan= 4.95901361852884
ImmType= Exponential
AIAdultSlope= 2.22829254823737
AIAdultLD50= 0.6248910643626
AIAdultSlopeContact= 2.1806841232907
AIAdultLD50Contact= 0.0298995933262631
AILarvaSlope= 0.433282231912017
AILarvaLD50= 0.28007181705907
AIKOW= 6.44270111713558
AIKOC= 27.7036289288662
AIHalfLife= 12.338573074434
EAppRate= 0.523265322204679
