ICQueenStrength= 4.15899272356182
RQWkrDrnRatio= 4.07750609423965
