ICQueenStrength= 3.59122528019361
RQWkrDrnRatio= 3.33011100348085
ICDroneMiteSurvivorship= 9.34957971330732
ICWorkerMiteSurvivorship= 84.0929199010134
ICForagerLifespan= 5.69724874291569
ImmType= Polynomial
AIAdultSlope= 2.13553481769282
AIAdultLD50= 0.0192037675296888
AIAdultSlopeContact= 0.833629885402042
AIAdultLD50Contact= 0.00540149625157937
AILarvaSlope= 1.10232953797095
AILarvaLD50= 0.848314107838087
AIKOW= 2.02259237784892
AIKOC= 26.8825529096648
AIHalfLife= 3.58043600106612
EAppRate= 0.578360213455744
