ICQueenStrength= 5.36442882870324
RQWkrDrnRatio= 4.28834144771099
ICDroneMiteSurvivorship= 71.6220354195684
ICWorkerMiteSurvivorship= 84.5076913246885
ICForagerLifespan= 15.1387365860865
ImmType= Logarithmic
AIAdultSlope= 1.26344172749668
