ICQueenStrength= 4.18335229181685
RQWkrDrnRatio= 1.69124817568809
ICDroneMiteSurvivorship= 71.2354582268745
ICWorkerMiteSurvivorship= 67.0519024133682
ICForagerLifespan= 13.570327853784
ImmType= Cosine
AIAdultSlope= 4.01610822416842
