ICQueenStrength= 3.51121161039919
RQWkrDrnRatio= 3.01218737382442
ICDroneMiteSurvivorship= 84.00582827162
ICWorkerMiteSurvivorship= 15.4915046878159
ICForagerLifespan= 7.66268361080438
ImmType= Tangent
AIAdultSlope= 2.63270467664115
AIAdultLD50= 2.53025278332643
AIAdultSlopeContact= 0.925459082666785
AIAdultLD50Contact= 0.0147445288021117
AILarvaSlope= 2.67647681892849
AILarvaLD50= 0.0506819101050496
AIKOW= 4.20864398032427
AIKOC= 13.7322502047755
AIHalfLife= 13.6790886046365
EAppRate= 0.297789763193578
