ICQueenStrength= 5.19126600492746
RQWkrDrnRatio= 2.91857744008303
ICDroneMiteSurvivorship= 5.33781079575419
ICWorkerMiteSurvivorship= 84.4340272946283
ICForagerLifespan= 11.1704392638057
ImmType= Tangent
AIAdultSlope= 0.362856261525303
AIAdultLD50= 2.91241884953342
AIAdultSlopeContact= 3.55706557309488
AIAdultLD50Contact= 0.0433953107800335
AILarvaSlope= 0.306770551437512
AILarvaLD50= 0.418393088481389
AIKOW= 4.63368835672736
AIKOC= 28.3004717621952
AIHalfLife= 1.22195112425834
EAppRate= 0.770195947960019
