ICQueenStrength= 3.8692741447594
RQWkrDrnRatio= 2.54918530303985
ICDroneMiteSurvivorship= 58.6504054721445
ICWorkerMiteSurvivorship= 94.2907073302194
ICForagerLifespan= 10.5933488961309
ImmType= Polynomial
AIAdultLD50= 0.154012839635834
AIAdultSlopeContact= 0.779009554479271
AIAdultLD50Contact= 0.0424961767275818
AILarvaSlope= 0.87555756396614
AILarvaLD50= 0.344273397093639
AIKOW= 4.75871787592769
AIKOC= 20.820455638459
AIHalfLife= 12.1857545636594
EAppRate= 1.99674475844949
