ICQueenStrength= 5.90183117100969
RQWkrDrnRatio= 3.2780010169372
ICDroneMiteSurvivorship= 92.4705723766237
ICWorkerMiteSurvivorship= 3.47839132882655
ICForagerLifespan= 5.35284336004406
ImmType= Tangent
AIAdultSlope= 2.24173214053735
