ICQueenStrength= 5.85422116471455
RQWkrDrnRatio= 3.71353865414858
ICDroneMiteSurvivorship= 28.7625835509971
ICWorkerMiteSurvivorship= 87.1524535119534
ICForagerLifespan= 14.3914665104821
ImmType= Exponential
AIAdultSlopeContact= 3.52908862289041
AIAdultLD50Contact= 0.0359040801879019
AILarvaSlope= 7.68946987343952
AILarvaLD50= 1.27425987180322
AIKOW= 17.6336379721761
AIKOC= 25.122014968656
AIHalfLife= 6.74433387350291
