ICQueenStrength= 5.40872889827006
RQWkrDrnRatio= 1.25309226382524
ICDroneMiteSurvivorship= 38.533429754898
ICWorkerMiteSurvivorship= 81.4165801741183
ICForagerLifespan= 15.3524891566485
ImmType= Tangent
AIAdultSlope= 1.78787432539277
AIAdultLD50= 0.265459601650946
AIAdultSlopeContact= 2.96719450909412
AIAdultLD50Contact= 0.015344065381214
AILarvaSlope= 0.933268044702709
AILarvaLD50= 0.460021355445497
AIKOW= 5.95606922637671
AIKOC= 9.73578980308957
AIHalfLife= 4.35023148311302
EAppRate= 0.277099091955461
