ICQueenStrength= 3.44411678053439
RQWkrDrnRatio= 2.95887513179332
ICDroneMiteSurvivorship= 87.0491758920252
ICWorkerMiteSurvivorship= 78.798105684109
ICForagerLifespan= 5.40678064431995
ImmType= Logarithmic
AIAdultSlope= 1.73925870595034
AIAdultLD50= 0.300518325180747
AIAdultSlopeContact= 0.0491982768033631
AIAdultLD50Contact= 0.0102853099466302
AILarvaSlope= 2.53847601716407
AILarvaLD50= 0.524246725416742
AIKOW= 6.58234152849764
AIKOC= 6.37985433102585
AIHalfLife= 0.51540240761824
EAppRate= 0.457783763529733
