ICQueenStrength= 2.36953614186496
RQWkrDrnRatio= 2.52745450660586
ICDroneMiteSurvivorship= 8.3196482853964
ICWorkerMiteSurvivorship= 24.0418028784916
ICForagerLifespan= 7.34739702381194
ImmType= Logarithmic
AIAdultSlope= 1.51195066911168
AIAdultLD50= 0.990761723136529
AIAdultSlopeContact= 2.5521736012632
AIAdultLD50Contact= 0.027256629569456
AILarvaSlope= 0.758709790138528
AILarvaLD50= 0.226749748270959
AIKOW= 6.47900236304849
AIKOC= 23.0547131574713
AIHalfLife= 2.31454479694366
EAppRate= 0.179767681984231
