ICQueenStrength= 3.5271653814707
RQWkrDrnRatio= 2.01000144239515
ICDroneMiteSurvivorship= 22.5659755757079
ICWorkerMiteSurvivorship= 85.0928279105574
ICForagerLifespan= 9.73693525977433
ImmType= Cosine
AIAdultSlope= 2.02300062687136
AIAdultLD50= 2.59452510578558
AIAdultSlopeContact= 0.142408660438377
AIAdultLD50Contact= 0.0263579347520135
AILarvaSlope= 1.26628159503452
AILarvaLD50= 0.061630882602185
AIKOW= 6.80422459961846
AIKOC= 10.0014417327475
AIHalfLife= 9.48562312684953
EAppRate= 0.719702581176534
