ICQueenStrength= 5.72113236784935
RQWkrDrnRatio= 3.54995863325894
ICDroneMiteSurvivorship= 39.5401829853654
ICWorkerMiteSurvivorship= 1.35769082698971
ICForagerLifespan= 8.29310452193022
ImmType= Sine
AIAdultSlopeContact= 0.684515277191531
AIAdultLD50Contact= 0.0130369175341912
AILarvaSlope= 0.216264754859731
AILarvaLD50= 0.664960256963968
AIKOW= 7.10424068337306
AIKOC= 27.1092863648664
AIHalfLife= 7.72586213191971
