ICQueenStrength= 2.31773732486181
RQWkrDrnRatio= 2.57353965193033
ICDroneMiteSurvivorship= 36.496605258435
ICWorkerMiteSurvivorship= 81.8328434834257
ICForagerLifespan= 4.13781167566776
ImmType= Tangent
AIAdultSlope= 2.26743300980888
AIAdultLD50= 0.885784930083901
AIAdultSlopeContact= 0.111689194932114
AIAdultLD50Contact= 0.0179778449703008
AILarvaSlope= 0.368082502670586
AILarvaLD50= 0.250146979372948
AIKOW= 7.18091338127851
AIKOC= 21.9022969319485
AIHalfLife= 3.22339394828305
EAppRate= 0.042747515719384
