ICQueenStrength= 3.95151228900068
RQWkrDrnRatio= 3.22783679515123
ICDroneMiteSurvivorship= 69.6548147359863
ICWorkerMiteSurvivorship= 83.5368343861774
ICForagerLifespan= 9.27983622532338
ImmType= Logarithmic
AIAdultSlope= 2.86483747898601
AIAdultLD50= 1.62493925308809
AIAdultSlopeContact= 1.89957655850798
AIAdultLD50Contact= 0.0120762080419809
AILarvaSlope= 2.60453584450297
AILarvaLD50= 0.861941666482016
AIKOW= 7.15130528761074
AIKOC= 7.06413890700787
AIHalfLife= 9.84252748265862
EAppRate= 0.121490324148908
