ICQueenStrength= 3.76433559018187
RQWkrDrnRatio= 1.75100184138864
ICDroneMiteSurvivorship= 13.7799203861505
ICWorkerMiteSurvivorship= 61.3535614684224
ICForagerLifespan= 13.9253028137609
ImmType= Exponential
AIAdultSlope= 1.20609768370399
AIAdultLD50= 0.075417677173391
AIAdultSlopeContact= 0.782520107924938
AIAdultLD50Contact= 0.0291738089290448
AILarvaSlope= 0.280370342312381
AILarvaLD50= 0.864030888327397
AIKOW= 4.37058517849073
AIKOC= 22.8555781545583
AIHalfLife= 2.64968548086472
EAppRate= 0.659877828718163
