ICQueenStrength= 1.93541978974827
RQWkrDrnRatio= 4.72128632478416
ICDroneMiteSurvivorship= 59.5610120566562
ICWorkerMiteSurvivorship= 16.74851605203
ICForagerLifespan= 6.85900644771755
ImmType= Sine
AIAdultSlope= 0.366621816717088
AIAdultLD50= 1.31845354917459
AIAdultSlopeContact= 1.40583781009773
AIAdultLD50Contact= 0.0470074034295976
AILarvaSlope= 1.11823817123659
AILarvaLD50= 0.802954340795986
AIKOW= 7.45016569970176
AIKOC= 28.2984953734558
AIHalfLife= 5.39497680822387
EAppRate= 0.97716535651125
