ICQueenStrength= 3.62550404062495
RQWkrDrnRatio= 1.96566836629063
ICDroneMiteSurvivorship= 64.1297808848321
ICWorkerMiteSurvivorship= 14.7059162613004
ICForagerLifespan= 14.4816882992163
ImmType= Logarithmic
AIAdultSlope= 2.70887889941223
AIAdultLD50= 0.735020698746666
AIAdultSlopeContact= 1.71620376963867
AIAdultLD50Contact= 0.008621213468723
AILarvaSlope= 0.989751992421225
AILarvaLD50= 0.246324615273625
AIKOW= 7.3878598199226
AIKOC= 24.9114724004176
AIHalfLife= 8.82297584088519
EAppRate= 0.860816623782739
