ICQueenStrength= 1.32139441464096
RQWkrDrnRatio= 2.35657916031778
