ICQueenStrength= 5.57300252630375
RQWkrDrnRatio= 2.90886934008449
ICDroneMiteSurvivorship= 77.4486923823133
ICWorkerMiteSurvivorship= 48.9745178027079
ICForagerLifespan= 12.5672421744093
ImmType= Cosine
AIAdultSlope= 0.467442227900028
AIAdultLD50= 2.51520331925713
AIAdultSlopeContact= 3.34952779151732
AIAdultLD50Contact= 0.0458241597283632
AILarvaSlope= 1.71144138951786
AILarvaLD50= 0.857827993528917
AIKOW= 2.25697735371068
AIKOC= 15.7314820808824
AIHalfLife= 10.1100389217027
EAppRate= 0.470037047984079
