ICQueenStrength= 2.94336068234406
RQWkrDrnRatio= 4.69999408628792
ICDroneMiteSurvivorship= 52.6729199569672
ICWorkerMiteSurvivorship= 40.0286860298365
ICForagerLifespan= 13.2886924734339
ImmType= Exponential
AIAdultSlopeContact= 2.15645922759315
AIAdultLD50Contact= 0.029737508809194
AILarvaSlope= 1.02342512765899
AILarvaLD50= 0.62098706017714
AIKOW= 6.87695214245468
AIKOC= 27.3618867865298
AIHalfLife= 4.63106192369014
