ICQueenStrength= 3.24734248709865
RQWkrDrnRatio= 3.04605634789914
ICDroneMiteSurvivorship= 20.7160070771351
ICWorkerMiteSurvivorship= 1.52654668781906
ICForagerLifespan= 10.4800436003134
ImmType= Logarithmic
AIAdultSlopeContact= 2.6878863316169
AIAdultLD50Contact= 0.032014541036915
AILarvaSlope= 2.37902712617069
AILarvaLD50= 0.697181464335881
AIKOW= 3.87909572478384
AIKOC= 13.5848079819698
AIHalfLife= 0.579633753281087
