ICQueenStrength= 1.40138679556549
RQWkrDrnRatio= 3.58125559426844
ICDroneMiteSurvivorship= 44.5250889984891
ICWorkerMiteSurvivorship= 29.3033094378188
ICForagerLifespan= 4.30581193231046
ImmType= Exponential
AIAdultSlope= 3.17570169500308
AIAdultLD50= 0.227086133090779
AIAdultSlopeContact= 0.148828697847202
AIAdultLD50Contact= 0.0109043114585802
AILarvaSlope= 1.39251930862665
AILarvaLD50= 0.00229053671937436
AIKOW= 7.60349016450346
AIKOC= 8.28111725975759
AIHalfLife= 1.98395152576268
EAppRate= 0.190468735061586
