ICQueenStrength= 5.31218996760435
RQWkrDrnRatio= 1.21566181443632
ICDroneMiteSurvivorship= 97.5313844159245
ICWorkerMiteSurvivorship= 52.3694204166532
ICForagerLifespan= 14.0009511969984
ImmType= Logarithmic
AIAdultSlope= 2.4678284437093
AIAdultLD50= 0.377110614557751
AIAdultSlopeContact= 3.90578606355004
AIAdultLD50Contact= 0.0278281660284847
AILarvaSlope= 2.62133787237108
AILarvaLD50= 0.276351545169018
AIKOW= 5.78284190315753
AIKOC= 16.7707774450537
AIHalfLife= 1.38999692280777
EAppRate= 0.02399986772798
