ICQueenStrength= 4.70811942149885
RQWkrDrnRatio= 4.85658782999963
ICDroneMiteSurvivorship= 72.9710468091071
ICWorkerMiteSurvivorship= 17.0844510896131
ICForagerLifespan= 6.11996126826853
ImmType= Exponential
AIAdultSlope= 1.02372553352499
AIAdultLD50= 0.172182518639602
AIAdultSlopeContact= 2.02222228981555
AIAdultLD50Contact= 0.0300166480359621
AILarvaSlope= 1.9050676597748
AILarvaLD50= 0.196575324959122
AIKOW= 4.25686608627439
AIKOC= 26.0838150058407
AIHalfLife= 0.502237910404801
EAppRate= 0.149281485215761
