ICQueenStrength= 5.86648452817462
RQWkrDrnRatio= 3.16473327018321
ICDroneMiteSurvivorship= 8.01960027310997
ICWorkerMiteSurvivorship= 27.5325611932203
ICForagerLifespan= 4.29176905378699
ImmType= Polynomial
AIAdultSlope= 0.270000416925177
AIAdultLD50= 1.35310475667939
AIAdultSlopeContact= 0.461856249338016
AIAdultLD50Contact= 0.02601071188692
AILarvaSlope= 1.60284615932032
AILarvaLD50= 0.611096171359532
AIKOW= 3.42981571378186
AIKOC= 9.72599439090118
AIHalfLife= 2.1913206698373
EAppRate= 0.636579517740756
