ICQueenStrength= 4.27273519593291
RQWkrDrnRatio= 3.10899221524596
ICDroneMiteSurvivorship= 22.5894354749471
ICWorkerMiteSurvivorship= 80.9106094064191
ICForagerLifespan= 12.3218371178955
ImmType= Tangent
AIAdultSlope= 1.56248038779013
AIAdultLD50= 1.87064446904697
AIAdultSlopeContact= 1.93118953896454
AIAdultLD50Contact= 0.0343466734397225
AILarvaSlope= 2.76155012538657
AILarvaLD50= 0.180637416662648
AIKOW= 5.10874284850433
AIKOC= 16.7595000658184
AIHalfLife= 13.2840550774708
EAppRate= 0.175473787123337
