ICQueenStrength= 2.86079798615538
RQWkrDrnRatio= 3.49432209134102
ICDroneMiteSurvivorship= 30.3426635684446
ICWorkerMiteSurvivorship= 69.188443874009
ICForagerLifespan= 10.2576680742204
ImmType= Tangent
AIAdultSlope= 1.2433664124459
AIAdultLD50= 0.519431248772889
AIAdultSlopeContact= 3.22424195120344
AIAdultLD50Contact= 0.00636744031216949
AILarvaSlope= 2.45484020682052
AILarvaLD50= 0.294246511347592
AIKOW= 6.92777338717133
AIKOC= 23.2346249639522
AIHalfLife= 6.6666291388683
EAppRate= 0.79172101081349
