ICQueenStrength= 1.24996409774758
RQWkrDrnRatio= 2.0153208496049
ICDroneMiteSurvivorship= 2.60511827655137
ICWorkerMiteSurvivorship= 25.0218066619709
ICForagerLifespan= 14.4516566274688
ImmType= Logarithmic
AIAdultSlope= 1.55756606715731
AIAdultSlopeContact= 1.78987837346736
AIAdultLD50Contact= 0.0133681151550263
AILarvaSlope= 2.59491055170074
AILarvaLD50= 0.590309366025031
AIKOW= 4.7411537989974
AIKOC= 8.94608026253991
AIHalfLife= 2.90338275814429
