ICQueenStrength= 4.07566523901187
RQWkrDrnRatio= 4.49886232241988
ICDroneMiteSurvivorship= 6.90777483396232
ICWorkerMiteSurvivorship= 53.4019923536107
ICForagerLifespan= 12.6016487665474
ImmType= Tangent
AIAdultSlope= 0.932723512854427
AIAdultLD50= 0.492058457923122
AIAdultSlopeContact= 0.813084195877891
AIAdultLD50Contact= 0.0280298005673103
AILarvaSlope= 2.65936380387284
AILarvaLD50= 0.821475252625532
AIKOW= 4.35511984489858
AIKOC= 13.8816110626794
AIHalfLife= 4.12940963404253
EAppRate= 0.20520820717793
