ICQueenStrength= 4.10101357055828
RQWkrDrnRatio= 1.07748099416494
ICDroneMiteSurvivorship= 7.91329122148454
ICWorkerMiteSurvivorship= 79.7530073206872
ICForagerLifespan= 5.71021488215774
ImmType= Tangent
AIAdultSlope= 0.307760175876319
AIAdultLD50= 0.608636376215145
AIAdultSlopeContact= 0.000887329385150224
AIAdultLD50Contact= 0.0272885384852998
AILarvaSlope= 2.35609256541356
AILarvaLD50= 0.751157244667411
AIKOW= 7.52671961626038
AIKOC= 7.70698824315332
AIHalfLife= 9.84558589151129
EAppRate= 0.912740288535133
