ICQueenStrength= 4.15452029462904
RQWkrDrnRatio= 1.0088711893186
ICDroneMiteSurvivorship= 2.03457330353558
ICWorkerMiteSurvivorship= 29.405391542241
ICForagerLifespan= 13.950693204999
ImmType= Logarithmic
AIAdultSlope= 2.45669576805085
