ICQueenStrength= 4.88069188408554
RQWkrDrnRatio= 1.09275894518942
