ICQueenStrength= 5.06478212098591
RQWkrDrnRatio= 4.23063998669386
ICDroneMiteSurvivorship= 42.1979022677988
ICWorkerMiteSurvivorship= 65.5711451778188
ICForagerLifespan= 11.9125456735492
ImmType= Tangent
AIAdultSlope= 8.81535511463881
AIAdultLD50= 0.931361331604421
AIAdultSlopeContact= 1.04383749887347
AIAdultLD50Contact= 0.182913986127824
AILarvaSlope= 1.96341800736263
AILarvaLD50= 0.625284057110548
AIKOW= 34.8014721646905
AIKOC= 34.9639251129702
AIHalfLife= 8.00282203266397
EAppRate= 1.65012610377744
