ICQueenStrength= 5.61420034291223
RQWkrDrnRatio= 2.77536867465824
ICDroneMiteSurvivorship= 47.0756257185712
ICWorkerMiteSurvivorship= 20.6043855287135
ICForagerLifespan= 5.88751258887351
ImmType= Sine
AIAdultSlope= 5.63792628701776
AIAdultLD50= 0.150191376917064
AIAdultSlopeContact= 4.38159541925415
AIAdultLD50Contact= 0.020850734738633
AILarvaSlope= 1.82081478182226
AILarvaLD50= 0.453771299216896
AIKOW= 93.5326091246679
AIKOC= 11.7814260767773
AIHalfLife= 9.56187453307211
EAppRate= 0.705343737732619
