ICQueenStrength= 4.82348947925493
RQWkrDrnRatio= 2.38071756903082
ICDroneMiteSurvivorship= 30.201499001123
ICWorkerMiteSurvivorship= 32.639252464287
ICForagerLifespan= 8.9928940217942
ImmType= Polynomial
AIAdultSlope= 0.886123940201942
AIAdultLD50= 0.254192218882963
AIAdultSlopeContact= 3.40915828746278
AIAdultLD50Contact= 0.0290173637797125
AILarvaSlope= 0.760243659373373
AILarvaLD50= 0.388656314299442
AIKOW= 7.58159470697865
AIKOC= 23.3216802543029
AIHalfLife= 3.1009412324056
EAppRate= 0.240008728345856
