ICQueenStrength= 1.71866195299663
RQWkrDrnRatio= 3.00858089141548
ICDroneMiteSurvivorship= 67.7059495123103
ICWorkerMiteSurvivorship= 89.130735443905
ICForagerLifespan= 11.0446362458169
ImmType= Polynomial
AIAdultSlope= 3.03544866684824
AIAdultLD50= 0.261983877746388
AIAdultSlopeContact= 0.023690227707848
AIAdultLD50Contact= 0.0464277730323374
AILarvaSlope= 0.507361809164286
AILarvaLD50= 0.528372984007001
AIKOW= 6.75278745265678
AIKOC= 21.7738046264276
AIHalfLife= 13.9159137397073
EAppRate= 0.426205046242103
