ICQueenStrength= 2.51954227779061
RQWkrDrnRatio= 3.04859412740916
