ICQueenStrength= 4.02652907907031
RQWkrDrnRatio= 3.1469364836812
ICDroneMiteSurvivorship= 28.1986886402592
ICWorkerMiteSurvivorship= 25.0926398904994
ICForagerLifespan= 4.91960561741143
ImmType= Logarithmic
AIAdultSlopeContact= 0.243786812913604
AIAdultLD50Contact= 0.01673978472827
AILarvaSlope= 2.40778147364035
AILarvaLD50= 0.448310946347192
AIKOW= 6.71696182247251
AIKOC= 7.72198452148587
AIHalfLife= 12.2596104554832
