ICQueenStrength= 2.91892832634039
RQWkrDrnRatio= 1.97017269115895
ICDroneMiteSurvivorship= 11.8418437195942
ICWorkerMiteSurvivorship= 33.2918711705133
ICForagerLifespan= 8.99233299307525
ImmType= Cosine
AIAdultSlope= 2.59751374055631
AIAdultLD50= 1.27151254378259
AIAdultSlopeContact= 0.511993258853909
AIAdultLD50Contact= 0.016033018019516
AILarvaSlope= 1.25187855260447
AILarvaLD50= 0.258763404632919
AIKOW= 6.38420484308153
AIKOC= 17.1327536995523
AIHalfLife= 0.278745065908879
EAppRate= 0.164680680260062
