ICQueenStrength= 1.94684582203627
RQWkrDrnRatio= 4.13233180623502
ICDroneMiteSurvivorship= 42.7951158955693
ICWorkerMiteSurvivorship= 0.189146189950407
ICForagerLifespan= 12.9873075913638
ImmType= Polynomial
AIAdultSlope= 2.32924262294546
