ICQueenStrength= 2.9314460111782
RQWkrDrnRatio= 2.69039649236947
