ICQueenStrength= 1.90155145851895
RQWkrDrnRatio= 2.19170162919909
ICDroneMiteSurvivorship= 41.5324600413442
ICWorkerMiteSurvivorship= 55.2780526457354
ICForagerLifespan= 15.3028655154631
ImmType= Logarithmic
AIAdultSlope= 6.42225737916306
