ICQueenStrength= 2.95284523651935
RQWkrDrnRatio= 4.40047483984381
ICDroneMiteSurvivorship= 93.6601656489074
ICWorkerMiteSurvivorship= 61.0096964985132
ICForagerLifespan= 12.1841104738414
ImmType= Logarithmic
AIAdultSlopeContact= 1.3480693092593
AIAdultLD50Contact= 0.0194172429735772
AILarvaSlope= 1.58122277124785
AILarvaLD50= 0.677039919700474
AIKOW= 3.56060312688351
AIKOC= 12.3767027934082
AIHalfLife= 3.37853474915028
