ICQueenStrength= 1.571116352221
RQWkrDrnRatio= 1.20172915048897
ICDroneMiteSurvivorship= 9.8911820910871
ICWorkerMiteSurvivorship= 25.0315151177347
ICForagerLifespan= 8.79269101843238
ImmType= Cosine
AIAdultSlope= 2.11517209098674
AIAdultLD50= 0.286891226191074
AIAdultSlopeContact= 1.90446736957412
AIAdultLD50Contact= 0.0167858643108048
AILarvaSlope= 0.983474396774545
AILarvaLD50= 0.173511942545883
AIKOW= 2.35987979406491
AIKOC= 6.22669136035256
AIHalfLife= 8.42321695340797
EAppRate= 0.114112245850265
