ICQueenStrength= 1.89177193003707
RQWkrDrnRatio= 3.07281311694533
ICDroneMiteSurvivorship= 24.7343575814739
ICWorkerMiteSurvivorship= 68.2717558927834
ICForagerLifespan= 4.8724573366344
ImmType= Tangent
AIAdultSlope= 1.80861496453173
AIAdultLD50= 0.463071480276994
AIAdultSlopeContact= 2.01081654415699
AIAdultLD50Contact= 0.0213803646503948
AILarvaSlope= 2.6661461470183
AILarvaLD50= 0.269738045870326
AIKOW= 2.33705056039616
AIKOC= 18.134964130586
AIHalfLife= 4.55424591084011
EAppRate= 0.155643241712824
