ICQueenStrength= 2.8058186781127
RQWkrDrnRatio= 3.29175119940192
ICDroneMiteSurvivorship= 69.8940718313679
ICWorkerMiteSurvivorship= 43.9650577027351
ICForagerLifespan= 7.84651166945696
ImmType= Tangent
AIAdultSlopeContact= 3.05344359183451
AIAdultLD50Contact= 0.018665001145564
AILarvaSlope= 0.39459297475405
AILarvaLD50= 0.75881204016041
AIKOW= 3.59532161522657
AIKOC= 11.0004400264006
AIHalfLife= 6.68563834670931
