ICQueenStrength= 4.00895296270028
RQWkrDrnRatio= 3.45454635191709
ICDroneMiteSurvivorship= 74.0319786826149
ICWorkerMiteSurvivorship= 6.55061809811741
ICForagerLifespan= 12.4047037335113
ImmType= Logarithmic
AIAdultSlope= 0.506270609842613
AIAdultLD50= 2.74139083083719
AIAdultSlopeContact= 1.38836821767502
AIAdultLD50Contact= 0.0163511911407113
AILarvaSlope= 2.76125675975345
AILarvaLD50= 0.251165826315992
AIKOW= 7.21248871041462
AIKOC= 17.215104844654
AIHalfLife= 3.40394199918956
EAppRate= 0.46723049832508
