ICQueenStrength= 3.50514181214385
RQWkrDrnRatio= 3.30698400549591
ICDroneMiteSurvivorship= 38.1414414383471
ICWorkerMiteSurvivorship= 83.5215062601492
ICForagerLifespan= 4.16887070052326
ImmType= Sine
AIAdultSlope= 1.14490485583199
AIAdultLD50= 0.397329797502607
AIAdultSlopeContact= 2.95369769013254
AIAdultLD50Contact= 0.0397792080766521
AILarvaSlope= 2.32993762837723
AILarvaLD50= 0.724460951588117
AIKOW= 3.51496436400339
AIKOC= 7.12301457067952
AIHalfLife= 0.182896719779819
EAppRate= 0.390483461064286
