ICQueenStrength= 3.34663761802949
RQWkrDrnRatio= 3.23042697366327
ICDroneMiteSurvivorship= 43.6419358942658
ICWorkerMiteSurvivorship= 51.4828424435109
ICForagerLifespan= 11.4741957467049
ImmType= Polynomial
AIAdultSlope= 0.504539699521847
AIAdultLD50= 0.137122416635975
AIAdultSlopeContact= 0.74315792191308
AIAdultLD50Contact= 0.0323103126953356
AILarvaSlope= 1.29193425760604
AILarvaLD50= 0.836392217245884
AIKOW= 3.47435790440068
AIKOC= 11.2236825586297
AIHalfLife= 3.44440617365763
EAppRate= 0.394560081860982
