ICQueenStrength= 1.75681395595893
RQWkrDrnRatio= 2.47652557585388
ICDroneMiteSurvivorship= 57.3796066921204
ICWorkerMiteSurvivorship= 76.2659422587603
ICForagerLifespan= 5.73542873933911
ImmType= Tangent
AIAdultSlope= 2.61453523039818
AIAdultLD50= 2.73134614876471
AIAdultSlopeContact= 2.84078522557626
AIAdultLD50Contact= 0.0132758982712403
AILarvaSlope= 1.30793145541102
AILarvaLD50= 0.180847994587384
AIKOW= 2.57605101866648
AIKOC= 16.1986705742311
AIHalfLife= 1.71838596323505
EAppRate= 0.755207234993577
