ICQueenStrength= 3.59145823307335
RQWkrDrnRatio= 2.48171339649707
ICDroneMiteSurvivorship= 30.7147421408445
ICWorkerMiteSurvivorship= 96.7997702304274
ICForagerLifespan= 8.78112373501062
ImmType= Polynomial
AIAdultSlope= 2.22026003338397
AIAdultLD50= 0.7016566763632
AIAdultSlopeContact= 2.06623104033759
AIAdultLD50Contact= 0.00802537102717906
AILarvaSlope= 3.38916101194918
AILarvaLD50= 0.698628477752209
AIKOW= 5.69380561169237
AIKOC= 19.2261132132262
AIHalfLife= 5.32179972110316
EAppRate= 0.879600117448717
