ICQueenStrength= 2.91989763174206
RQWkrDrnRatio= 1.60054462216794
ICDroneMiteSurvivorship= 0.129105569794774
ICWorkerMiteSurvivorship= 33.5722699062899
ICForagerLifespan= 8.19478447083384
ImmType= Polynomial
AIAdultSlope= 6.65880646556616
AIAdultLD50= 0.618510186206549
AIAdultSlopeContact= 5.91189320199192
AIAdultLD50Contact= 0.0322992608882487
AILarvaSlope= 2.04445627517998
AILarvaLD50= 1.11569987330586
AIKOW= 88.0393657134846
AIKOC= 45.5477892421186
AIHalfLife= 4.97050774563104
EAppRate= 0.705144932027906
