ICQueenStrength= 3.04362489283085
RQWkrDrnRatio= 2.81511788349599
ICDroneMiteSurvivorship= 4.47929874062538
ICWorkerMiteSurvivorship= 43.3775591664016
ICForagerLifespan= 8.49134420417249
ImmType= Tangent
AIAdultSlope= 1.66930062873289
AIAdultSlopeContact= 3.52423760764534
AIAdultLD50Contact= 0.0301862931111827
AILarvaSlope= 2.64670855049044
AILarvaLD50= 0.043408754398115
AIKOW= 4.06202074512839
AIKOC= 21.5511820057873
AIHalfLife= 2.24014932243153
