ICQueenStrength= 3.78590990463272
RQWkrDrnRatio= 3.53876135405153
ICDroneMiteSurvivorship= 21.5446638641879
ICWorkerMiteSurvivorship= 82.6850545359775
ICForagerLifespan= 10.1659625433385
ImmType= Cosine
AIAdultSlopeContact= 2.35543592988979
AIAdultLD50Contact= 0.0101500298711471
AILarvaSlope= 2.67638296554796
AILarvaLD50= 0.622917242744006
AIKOW= 6.69479604158551
AIKOC= 23.9359429699834
AIHalfLife= 4.74188163364306
