ICQueenStrength= 3.44995936006308
RQWkrDrnRatio= 2.08448801375926
