ICQueenStrength= 3.07524460391141
RQWkrDrnRatio= 1.88781136646867
ICDroneMiteSurvivorship= 79.6501111704856
ICWorkerMiteSurvivorship= 22.2255449276417
ICForagerLifespan= 14.1328231906518
ImmType= Cosine
AIAdultSlope= 1.56952337319963
AIAdultLD50= 1.09757991763763
AIAdultSlopeContact= 3.62340364281088
AIAdultLD50Contact= 0.0113551922375336
AILarvaSlope= 0.829280760744587
AILarvaLD50= 0.078646771539934
AIKOW= 4.87343424838036
AIKOC= 12.8850091726054
AIHalfLife= 0.172317937482148
EAppRate= 0.261218610219657
