ICQueenStrength= 1.43775301426649
RQWkrDrnRatio= 1.15268143545836
ICDroneMiteSurvivorship= 56.0427356278524
ICWorkerMiteSurvivorship= 96.6819070046768
ICForagerLifespan= 8.91818676702678
ImmType= Logarithmic
AIAdultSlope= 2.2822603776399
AIAdultLD50= 0.124093487858772
AIAdultSlopeContact= 1.88858164326288
AIAdultLD50Contact= 0.044522155856248
AILarvaSlope= 2.92190737822093
AILarvaLD50= 0.620316864782944
AIKOW= 4.32859616586939
AIKOC= 17.2516522649676
AIHalfLife= 1.33405060740188
EAppRate= 0
