ICQueenStrength= 3.01251152553596
RQWkrDrnRatio= 4.92798923421651
ICDroneMiteSurvivorship= 13.7861917261034
ICWorkerMiteSurvivorship= 84.1169223887846
ICForagerLifespan= 15.1284813890234
ImmType= Sine
AIAdultSlope= 0.275589557597414
AIAdultSlopeContact= 0.346504087171052
AIAdultLD50Contact= 0.0403415649780072
AILarvaSlope= 1.46486708447337
AILarvaLD50= 0.873258786415681
AIKOW= 5.03483083937317
AIKOC= 28.4594824025407
AIHalfLife= 10.3046547002159
