ICQueenStrength= 4.70521570672281
RQWkrDrnRatio= 4.56297049392015
ICDroneMiteSurvivorship= 96.1886160541326
ICWorkerMiteSurvivorship= 36.7398066213354
ICForagerLifespan= 8.80507619678974
ImmType= Tangent
AIAdultSlopeContact= 1.9801285628113
AIAdultLD50Contact= 0.0327980171423405
AILarvaSlope= 2.56649720743299
AILarvaLD50= 0.0398535089800134
AIKOW= 4.62213052948937
AIKOC= 27.8040537505876
AIHalfLife= 3.43633423326537
