ICQueenStrength= 2.86999558121897
RQWkrDrnRatio= 3.78031484875828
ICDroneMiteSurvivorship= 24.1760441102087
ICWorkerMiteSurvivorship= 89.7848835680634
ICForagerLifespan= 9.84208658430725
ImmType= Exponential
AIAdultSlope= 2.68954099370167
AIAdultLD50= 0.931603535776958
AIAdultSlopeContact= 1.18155033888761
AIAdultLD50Contact= 0.0348830304923467
AILarvaSlope= 0.223598594078794
AILarvaLD50= 0.862340954365209
AIKOW= 4.69549203198403
AIKOC= 15.9501353756059
AIHalfLife= 11.9899019449949
EAppRate= 0.532061771256849
