ICQueenStrength= 5.07290256465785
RQWkrDrnRatio= 2.06909129489213
ICDroneMiteSurvivorship= 23.0286723468453
ICWorkerMiteSurvivorship= 73.847978352569
ICForagerLifespan= 12.5722617441788
ImmType= Logarithmic
AIAdultSlope= 1.71505020312034
AIAdultLD50= 0.778020128142089
AIAdultSlopeContact= 2.26335415568668
AIAdultLD50Contact= 0.0439480743254535
AILarvaSlope= 2.06454983619042
AILarvaLD50= 0.0645063332514837
AIKOW= 3.30516060441732
AIKOC= 28.6876979761291
AIHalfLife= 10.9466988425702
EAppRate= 0.795697029912844
