ICQueenStrength= 4.73719393624924
RQWkrDrnRatio= 4.48987563326955
ICDroneMiteSurvivorship= 52.0052760839462
ICWorkerMiteSurvivorship= 29.2528962250799
ICForagerLifespan= 7.21101245097816
ImmType= Logarithmic
AIAdultSlope= 0.57781642768532
