ICQueenStrength= 5.24433023203164
RQWkrDrnRatio= 3.74400967173278
ICDroneMiteSurvivorship= 59.1962496284395
ICWorkerMiteSurvivorship= 82.3028845014051
ICForagerLifespan= 4.81698963418603
ImmType= Tangent
AIAdultSlopeContact= 0.965990970942658
AIAdultLD50Contact= 0.0366163171478547
AILarvaSlope= 0.480249169934541
AILarvaLD50= 0.380207789875567
AIKOW= 6.80324998404831
AIKOC= 17.4478918267414
AIHalfLife= 7.35343458503485
