ICQueenStrength= 3.58289989200421
RQWkrDrnRatio= 4.84080652799457
ICDroneMiteSurvivorship= 48.0928565608338
ICWorkerMiteSurvivorship= 77.0862594712526
ICForagerLifespan= 9.49595395941287
ImmType= Polynomial
AIAdultSlope= 0.891943941190839
AIAdultLD50= 0.135518701630645
AIAdultSlopeContact= 3.03372959638014
AIAdultLD50Contact= 0.0214114046073519
AILarvaSlope= 1.42999560041353
AILarvaLD50= 0.87920156121254
AIKOW= 6.59210819192231
AIKOC= 23.52327202796
AIHalfLife= 3.14881156547926
EAppRate= 0
