ICQueenStrength= 3.55469054798596
RQWkrDrnRatio= 3.09266265854239
ICDroneMiteSurvivorship= 6.01539839990437
ICWorkerMiteSurvivorship= 7.33486309181899
ICForagerLifespan= 9.29346011485904
ImmType= Exponential
AIAdultSlope= 1.58979367208667
AIAdultLD50= 2.21898455685005
AIAdultSlopeContact= 2.89877567474032
AIAdultLD50Contact= 0.0228995793615468
AILarvaSlope= 2.18460975578055
AILarvaLD50= 0.635985165601596
AIKOW= 6.0202420046553
AIKOC= 23.8275336404331
AIHalfLife= 11.2847764221951
EAppRate= 0.646355187054724
