ICQueenStrength= 2.15497159189545
RQWkrDrnRatio= 3.78682822082192
ICDroneMiteSurvivorship= 74.1289757890627
ICWorkerMiteSurvivorship= 40.9132311819121
ICForagerLifespan= 8.91163045354187
ImmType= Tangent
AIAdultSlope= 0.980928650544956
AIAdultLD50= 2.61064341128804
AIAdultSlopeContact= 3.03195185306249
AIAdultLD50Contact= 0.0231021461891942
AILarvaSlope= 2.62380128889345
AILarvaLD50= 0.587228924199008
AIKOW= 4.10840341728181
AIKOC= 25.6107130623423
AIHalfLife= 9.67283156141639
EAppRate= 0.3940201071091
