ICQueenStrength= 3.01717492658645
RQWkrDrnRatio= 1.84204339981079
ICDroneMiteSurvivorship= 66.0521227633581
ICWorkerMiteSurvivorship= 31.9327420787886
ICForagerLifespan= 13.4586211461574
ImmType= Logarithmic
AIAdultSlopeContact= 1.55897844527615
AIAdultLD50Contact= 0.0111905348720029
AILarvaSlope= 2.13904123851098
AILarvaLD50= 0.560079097026028
AIKOW= 4.34266847465187
AIKOC= 26.078458649572
AIHalfLife= 11.1039958097972
