ICQueenStrength= 1.94919701945037
RQWkrDrnRatio= 1.50281070172787
