ICQueenStrength= 1.99422430270351
RQWkrDrnRatio= 4.57001036312431
ICDroneMiteSurvivorship= 85.6236955150962
ICWorkerMiteSurvivorship= 59.2028273502365
ICForagerLifespan= 11.5967612825334
ImmType= Logarithmic
AIAdultSlope= 2.6152942283079
