ICQueenStrength= 2.34368670755066
RQWkrDrnRatio= 2.71957440208644
ICDroneMiteSurvivorship= 22.8469336172566
ICWorkerMiteSurvivorship= 68.9018069300801
ICForagerLifespan= 8.34910780563951
ImmType= Exponential
AIAdultSlopeContact= 1.22467960727401
AIAdultLD50Contact= 0.0194975613616407
AILarvaSlope= 3.24188427301124
AILarvaLD50= 0.502398233232088
AIKOW= 3.49756323825568
AIKOC= 21.5468236431479
AIHalfLife= 13.7898585856892
