ICQueenStrength= 5.70043959212489
RQWkrDrnRatio= 4.21295327693224
ICDroneMiteSurvivorship= 37.6583613222465
ICWorkerMiteSurvivorship= 94.7256756946445
ICForagerLifespan= 8.42075013648719
ImmType= Tangent
AIAdultSlopeContact= 0.879192221132107
AIAdultLD50Contact= 0.00129988382104784
AILarvaSlope= 1.42741752187721
AILarvaLD50= 0.305240852781571
AIKOW= 6.49563079187647
AIKOC= 10.5535850697197
AIHalfLife= 1.70971307810396
