ICQueenStrength= 3.51334674307145
RQWkrDrnRatio= 1.65436889883131
ICDroneMiteSurvivorship= 41.2633641157299
ICWorkerMiteSurvivorship= 10.9196184435859
ICForagerLifespan= 10.1606473634019
ImmType= Sine
AIAdultSlope= 9.0096970461309
