ICQueenStrength= 5.74823166732676
RQWkrDrnRatio= 2.88119654357433
ICDroneMiteSurvivorship= 47.0685502514243
ICWorkerMiteSurvivorship= 10.6873069889843
ICForagerLifespan= 8.58912684675306
ImmType= Cosine
AIAdultSlope= 0.514672951726243
AIAdultLD50= 0.118254957022145
AIAdultSlopeContact= 1.82595982814441
AIAdultLD50Contact= 0.0312780024250969
AILarvaSlope= 0.283158593112603
AILarvaLD50= 0.268166191130877
AIKOW= 6.159329906106
AIKOC= 25.6765860435553
AIHalfLife= 9.42901151021942
EAppRate= 0.553441750817001
