ICQueenStrength= 5.58329837303609
RQWkrDrnRatio= 1.65517977438867
ICDroneMiteSurvivorship= 67.0877227094024
ICWorkerMiteSurvivorship= 11.4892040845007
ICForagerLifespan= 5.19539505057037
ImmType= Polynomial
AIAdultSlope= 5.28958272654563
