ICQueenStrength= 5.3501197558362
RQWkrDrnRatio= 4.07707955129445
ICDroneMiteSurvivorship= 86.4099510014057
ICWorkerMiteSurvivorship= 13.5297780623659
ICForagerLifespan= 15.376712183468
ImmType= Polynomial
AIAdultSlopeContact= 2.33465348145459
AIAdultLD50Contact= 0.0430872112512589
AILarvaSlope= 0.44588189269416
AILarvaLD50= 0.267163974721916
AIKOW= 2.89286448806524
AIKOC= 24.4829948537517
AIHalfLife= 4.36145769525319
