ICQueenStrength= 1.22520634694956
RQWkrDrnRatio= 4.7051640804857
ICDroneMiteSurvivorship= 87.4856814509258
ICWorkerMiteSurvivorship= 75.1762878149748
ICForagerLifespan= 11.628859068267
ImmType= Exponential
AIAdultSlope= 2.54636760074645
AIAdultLD50= 0.427554694935679
AIAdultSlopeContact= 3.3651591803832
AIAdultLD50Contact= 0.0182553965365514
AILarvaSlope= 2.90844191885553
AILarvaLD50= 0.364801881811582
AIKOW= 3.18298494303599
AIKOC= 22.5529926549643
AIHalfLife= 12.3740698867477
EAppRate= 0.884237796533853
