ICQueenStrength= 5.67544914688915
RQWkrDrnRatio= 3.88715505693108
ICDroneMiteSurvivorship= 82.5981004396453
ICWorkerMiteSurvivorship= 84.2525410698727
ICForagerLifespan= 9.40583544131368
ImmType= Exponential
AIAdultSlope= 1.38203647942282
AIAdultLD50= 0.102087459526956
AIAdultSlopeContact= 3.0042712623789
AIAdultLD50Contact= 0.0195631418027915
AILarvaSlope= 0.0193582449108362
AILarvaLD50= 0.440882054669783
AIKOW= 5.10338351689279
AIKOC= 10.6363199837506
AIHalfLife= 13.2032262231223
EAppRate= 0.571270652581006
