ICQueenStrength= 4.52010268718004
RQWkrDrnRatio= 2.04656803421676
ICDroneMiteSurvivorship= 39.1818745294586
ICWorkerMiteSurvivorship= 32.4900414561853
ICForagerLifespan= 6.49582650978118
ImmType= Logarithmic
AIAdultSlope= 3.208612522576
