ICQueenStrength= 4.88762969872914
RQWkrDrnRatio= 2.73096751049161
ICDroneMiteSurvivorship= 69.1960657481104
ICWorkerMiteSurvivorship= 16.5667616063729
ICForagerLifespan= 15.8587227733806
ImmType= Sine
AIAdultSlope= 2.44022766826674
