ICQueenStrength= 1.77965263742954
RQWkrDrnRatio= 4.29930974449962
ICDroneMiteSurvivorship= 53.6199802532792
ICWorkerMiteSurvivorship= 94.4336132612079
ICForagerLifespan= 10.8941523814574
ImmType= Logarithmic
AIAdultSlope= 0.198170261178166
AIAdultLD50= 1.36855787225068
AIAdultSlopeContact= 0.497654891924467
AIAdultLD50Contact= 0.0135021154303104
AILarvaSlope= 3.01861136816442
AILarvaLD50= 0.561912549287081
AIKOW= 7.53669046284631
AIKOC= 10.6518830242567
AIHalfLife= 6.74185242550448
EAppRate= 0.187062426935881
