ICQueenStrength= 3.72942981100641
RQWkrDrnRatio= 4.92510953918099
ICDroneMiteSurvivorship= 0.347791472449899
ICWorkerMiteSurvivorship= 17.9524207254872
ICForagerLifespan= 15.9156583147123
ImmType= Sine
AIAdultSlope= 3.67751622805372
