ICQueenStrength= 3.45800477219746
RQWkrDrnRatio= 1.39845706522465
ICDroneMiteSurvivorship= 65.1539467973635
ICWorkerMiteSurvivorship= 10.7437851140276
ICForagerLifespan= 6.20013834070414
ImmType= Sine
AIAdultSlope= 2.92304818647914
AIAdultLD50= 0.204455507337116
AIAdultSlopeContact= 3.60408048814628
AIAdultLD50Contact= 0.0427796157659031
AILarvaSlope= 3.28057812317275
AILarvaLD50= 0.369479244039394
AIKOW= 2.61674163397402
AIKOC= 20.9634923329577
AIHalfLife= 0.130967638688162
EAppRate= 0.183337820856832
