ICQueenStrength= 3.99749800236896
RQWkrDrnRatio= 1.437041525729
ICDroneMiteSurvivorship= 30.9447696432471
ICWorkerMiteSurvivorship= 76.0195737471804
ICForagerLifespan= 12.2151970416307
ImmType= Tangent
AIAdultSlopeContact= 2.43587470846251
AIAdultLD50Contact= 0.177550302166492
AILarvaSlope= 1.40005640918389
AILarvaLD50= 0.516201204620302
AIKOW= 24.2355077993125
AIKOC= 28.6426902748644
AIHalfLife= 4.39324432611465
