ICQueenStrength= 5.37353021115996
RQWkrDrnRatio= 4.20145012065768
ICDroneMiteSurvivorship= 1.87560406047851
ICWorkerMiteSurvivorship= 29.9903389066458
ICForagerLifespan= 8.66043568123132
ImmType= Polynomial
AIAdultSlope= 1.24295615241863
AIAdultSlopeContact= 1.39082268561004
AIAdultLD50Contact= 0.0255836224998347
AILarvaSlope= 1.22360730329528
AILarvaLD50= 0.372575608757325
AIKOW= 2.25424080342054
AIKOC= 11.4123584306799
AIHalfLife= 8.70880039175972
