ICQueenStrength= 2.42996144364588
RQWkrDrnRatio= 4.43597689270973
ICDroneMiteSurvivorship= 85.5642744805664
ICWorkerMiteSurvivorship= 14.9145090021193
ICForagerLifespan= 8.93757049646229
ImmType= Exponential
AIAdultSlopeContact= 3.42118224833161
AIAdultLD50Contact= 0.0189152379170991
AILarvaSlope= 0.122748580109328
AILarvaLD50= 0.31809641844593
AIKOW= 2.87539463629946
AIKOC= 17.4790145899169
AIHalfLife= 10.1303406930529
