ICQueenStrength= 1.53852578392252
RQWkrDrnRatio= 1.37698287330568
ICDroneMiteSurvivorship= 63.5567625053227
ICWorkerMiteSurvivorship= 12.0203302241862
ICForagerLifespan= 7.4464874221012
ImmType= Polynomial
AIAdultSlope= 0.719371947366744
AIAdultLD50= 1.34641326474957
AIAdultSlopeContact= 1.36401132787345
AIAdultLD50Contact= 0.0275547200581059
AILarvaSlope= 1.79390269713476
AILarvaLD50= 0.746780388755724
AIKOW= 2.4536855770275
AIKOC= 8.28765853191726
AIHalfLife= 6.75553972506896
EAppRate= 0.15707910223864
