ICQueenStrength= 2.09855518792756
RQWkrDrnRatio= 2.88550061360002
ICDroneMiteSurvivorship= 90.4365369584411
ICWorkerMiteSurvivorship= 84.4863959820941
ICForagerLifespan= 10.95789839793
ImmType= Logarithmic
AIAdultSlope= 3.04397188341245
AIAdultLD50= 0.64188199583441
AIAdultSlopeContact= 1.22943183972035
AIAdultLD50Contact= 0.00443807310657576
AILarvaSlope= 1.95072625912726
AILarvaLD50= 0.595312218926847
AIKOW= 2.5886292476207
AIKOC= 25.9138077625539
AIHalfLife= 5.10308414604515
EAppRate= 0.535197890596464
