ICQueenStrength= 5.92399559938349
RQWkrDrnRatio= 1.08723702095449
ICDroneMiteSurvivorship= 58.9834415819496
ICWorkerMiteSurvivorship= 3.65408593788743
ICForagerLifespan= 13.160692200996
ImmType= Cosine
AIAdultSlopeContact= 3.18655702418648
AIAdultLD50Contact= 0.0222450215602294
AILarvaSlope= 2.53939070249908
AILarvaLD50= 0.766275665187277
AIKOW= 5.87850029487163
AIKOC= 9.96179381152615
AIHalfLife= 6.19997762143612
