ICQueenStrength= 1.68028875254095
RQWkrDrnRatio= 1.94504909217358
