ICQueenStrength= 4.89250961132348
RQWkrDrnRatio= 2.45334415324032
ICDroneMiteSurvivorship= 12.0442412793636
ICWorkerMiteSurvivorship= 55.7513626292348
ICForagerLifespan= 12.6745854616165
ImmType= Polynomial
AIAdultSlope= 3.18893622141331
