ICQueenStrength= 4.68234805646352
RQWkrDrnRatio= 3.17040682863444
ICDroneMiteSurvivorship= 80.804737797007
ICWorkerMiteSurvivorship= 47.0025103306398
ICForagerLifespan= 4.99764838349074
ImmType= Sine
AIAdultSlopeContact= 1.48432173383189
AIAdultLD50Contact= 0.000784351537004113
AILarvaSlope= 0.56482794242911
AILarvaLD50= 0.683064213534817
AIKOW= 5.01836394239217
AIKOC= 29.9098858388606
AIHalfLife= 5.88487324211746
