ICQueenStrength= 1.88779480196536
RQWkrDrnRatio= 2.01173529308289
ICDroneMiteSurvivorship= 96.9514673110098
ICWorkerMiteSurvivorship= 72.836014884524
ICForagerLifespan= 9.67687520477921
ImmType= Cosine
AIAdultSlope= 9.5931546902284
