ICQueenStrength= 2.6656416899059
RQWkrDrnRatio= 2.23336911201477
ICDroneMiteSurvivorship= 89.043002598919
ICWorkerMiteSurvivorship= 67.8403571713716
ICForagerLifespan= 12.7749869711697
ImmType= Exponential
AIAdultSlope= 2.01852698046714
AIAdultLD50= 0.23787806276232
AIAdultSlopeContact= 2.71758830368286
AIAdultLD50Contact= 0.027852037420962
AILarvaSlope= 0.513252648897469
AILarvaLD50= 0.0988905760226771
AIKOW= 6.79933370603248
AIKOC= 25.8263116888702
AIHalfLife= 7.82843264983967
EAppRate= 0.000614642165601254
