ICQueenStrength= 2.08141072792932
RQWkrDrnRatio= 1.14189193490893
ICDroneMiteSurvivorship= 54.5164821203798
ICWorkerMiteSurvivorship= 8.68820520117879
ICForagerLifespan= 8.65851109288633
ImmType= Sine
AIAdultSlope= 1.38347364860354
AIAdultLD50= 0.488256345153786
AIAdultSlopeContact= 3.25653238463681
AIAdultLD50Contact= 0.0431106970412657
AILarvaSlope= 0.460934941703454
AILarvaLD50= 0.757454013638198
AIKOW= 6.41242343652993
AIKOC= 25.1378579193261
AIHalfLife= 3.41134004062042
EAppRate= 0
