ICQueenStrength= 4.94723059376702
RQWkrDrnRatio= 4.4421596750617
ICDroneMiteSurvivorship= 37.4599396716803
ICWorkerMiteSurvivorship= 29.2733335634694
ICForagerLifespan= 12.1488478127867
ImmType= Sine
AIAdultSlope= 3.81704590000212
AIAdultLD50= 0.490733481477946
AIAdultSlopeContact= 2.09079410710372
AIAdultLD50Contact= 0.0279942339053378
AILarvaSlope= 0.276377985207364
AILarvaLD50= 0.452455648477189
AIKOW= 4.36243571667001
AIKOC= 18.4022359270602
AIHalfLife= 0.411556172184646
EAppRate= 0.0447012782329693
