ICQueenStrength= 1.03675276041031
RQWkrDrnRatio= 3.36127848085016
