ICQueenStrength= 4.50998580805026
RQWkrDrnRatio= 1.94853544421494
ICDroneMiteSurvivorship= 2.82978233881295
ICWorkerMiteSurvivorship= 28.6066325381398
ICForagerLifespan= 11.2104807831347
ImmType= Tangent
AIAdultSlope= 7.75174744892865
