ICQueenStrength= 3.43504973244853
RQWkrDrnRatio= 1.56028668768704
ICDroneMiteSurvivorship= 43.4852397767827
ICWorkerMiteSurvivorship= 63.1333424942568
ICForagerLifespan= 7.83921332005411
ImmType= Polynomial
AIAdultSlope= 2.85449876734056
AIAdultLD50= 1.91081903362647
AIAdultSlopeContact= 3.20913189384621
AIAdultLD50Contact= 0.0143460444174707
AILarvaSlope= 1.30395169463009
AILarvaLD50= 0.758820802392438
AIKOW= 3.039550665766
AIKOC= 21.9342053646687
AIHalfLife= 3.36678587598726
EAppRate= 0.501925589283928
