ICQueenStrength= 3.37087188754231
RQWkrDrnRatio= 3.08378770761192
ICDroneMiteSurvivorship= 52.3818541085348
ICWorkerMiteSurvivorship= 83.9153460925445
ICForagerLifespan= 9.09149785898626
ImmType= Polynomial
AIAdultSlope= 2.07947986521758
AIAdultLD50= 0.808111067628488
AIAdultSlopeContact= 0.527255684249103
AIAdultLD50Contact= 0.0206179728964344
AILarvaSlope= 1.75587517526001
AILarvaLD50= 0.4224040516885
AIKOW= 2.79490767233074
AIKOC= 19.67018025578
AIHalfLife= 7.10872859926894
EAppRate= 0.904778767377138
