ICQueenStrength= 4.08132539503276
RQWkrDrnRatio= 3.56174070388079
ICDroneMiteSurvivorship= 12.9086447414011
ICWorkerMiteSurvivorship= 39.3341968767345
ICForagerLifespan= 14.1801009438932
ImmType= Sine
AIAdultSlopeContact= 1.64904258420691
AIAdultLD50Contact= 0.00333566174376756
AILarvaSlope= 1.82571010952815
AILarvaLD50= 0.600942428573035
AIKOW= 7.69482840737328
AIKOC= 14.4200249295682
AIHalfLife= 7.56376799475402
