ICQueenStrength= 4.85985274915583
RQWkrDrnRatio= 1.9577359193936
ICDroneMiteSurvivorship= 74.7154258424416
ICWorkerMiteSurvivorship= 98.8788196351379
ICForagerLifespan= 8.72379960026592
ImmType= Polynomial
AIAdultSlope= 1.67891569695203
AIAdultLD50= 0.114067164133303
AIAdultSlopeContact= 0.356294757979922
AIAdultLD50Contact= 0.0132107246783562
AILarvaSlope= 2.5225879423786
AILarvaLD50= 0.0564064454985783
AIKOW= 2.60637713689357
AIKOC= 8.16163960378617
AIHalfLife= 2.87075718981214
EAppRate= 0.0080746732885018
