ICQueenStrength= 4.18335229181685
RQWkrDrnRatio= 1.69124817568809
ICDroneMiteSurvivorship= 71.2354582268745
ICWorkerMiteSurvivorship= 67.0519024133682
ICForagerLifespan= 13.570327853784
ImmType= Cosine
AIAdultSlope= 4.01610822416842
AIAdultLD50= 0.753197453217581
AIAdultSlopeContact= 9.12055499851704
AIAdultLD50Contact= 0.0437708311248571
AILarvaSlope= 0.0999981048516929
AILarvaLD50= 0.737547143828124
AIKOW= 47.9227327043191
AIKOC= 86.7287485860288
AIHalfLife= 1.38915387261659
EAppRate= 0.830219151452184
