ICQueenStrength= 3.83003320335411
RQWkrDrnRatio= 1.70562208257616
ICDroneMiteSurvivorship= 80.2738592261449
ICWorkerMiteSurvivorship= 18.7372595071793
ICForagerLifespan= 4.22139399684966
ImmType= Sine
AIAdultSlope= 9.19809702550992
