ICQueenStrength= 5.18626591446809
RQWkrDrnRatio= 3.27717013191432
ICDroneMiteSurvivorship= 24.696282367222
ICWorkerMiteSurvivorship= 11.9852557545528
ICForagerLifespan= 15.0867791324854
ImmType= Sine
AIAdultSlope= 3.2408336143475
AIAdultLD50= 0.489861066453159
AIAdultSlopeContact= 1.2524013466062
AIAdultLD50Contact= 0.0414225801127031
AILarvaSlope= 2.5611532588955
AILarvaLD50= 0.1165163657628
AIKOW= 7.34897856134921
AIKOC= 7.19614140223712
AIHalfLife= 1.91574812261388
EAppRate= 0.270396813517436
