ICQueenStrength= 4.0462710512802
RQWkrDrnRatio= 3.43334400188178
ICDroneMiteSurvivorship= 56.2385645927861
ICWorkerMiteSurvivorship= 15.4966793721542
ICForagerLifespan= 8.20342999044806
ImmType= Tangent
AIAdultSlopeContact= 3.2879248762317
AIAdultLD50Contact= 0.032687917642761
AILarvaSlope= 2.79168514856137
AILarvaLD50= 0.81058336654678
AIKOW= 3.82443747809157
AIKOC= 15.7636354747228
AIHalfLife= 9.82937231753021
