ICQueenStrength= 3.14785738615319
RQWkrDrnRatio= 2.19265469163656
ICDroneMiteSurvivorship= 35.5806113453582
ICWorkerMiteSurvivorship= 65.7136115245521
ICForagerLifespan= 6.51309822313488
ImmType= Cosine
AIAdultSlope= 0.846017765211873
AIAdultLD50= 0.338606132660061
AIAdultSlopeContact= 0.274222535749432
AIAdultLD50Contact= 0.04649454546161
AILarvaSlope= 1.90342250005342
AILarvaLD50= 0.0359805077081546
AIKOW= 7.68854119349271
AIKOC= 7.88965300424024
AIHalfLife= 4.44825477898121
EAppRate= 0.105543865286745
