ICQueenStrength= 3.03803274501115
RQWkrDrnRatio= 3.51719769183546
