ICQueenStrength= 2.1883807007689
RQWkrDrnRatio= 3.2665211353451
ICDroneMiteSurvivorship= 59.9661344196647
ICWorkerMiteSurvivorship= 48.6625642515719
ICForagerLifespan= 15.6748139970005
ImmType= Polynomial
AIAdultSlope= 1.64663474683184
AIAdultLD50= 0.297948601772077
AIAdultSlopeContact= 1.00740335794631
AIAdultLD50Contact= 0.0490820848732255
AILarvaSlope= 1.28140794052742
AILarvaLD50= 0.378311138902791
AIKOW= 7.75696562789381
AIKOC= 20.1092536281794
AIHalfLife= 3.5228926455602
EAppRate= 0.60149444709532
