ICQueenStrength= 3.16397609212436
RQWkrDrnRatio= 3.88679064251482
ICDroneMiteSurvivorship= 70.8439350361004
ICWorkerMiteSurvivorship= 72.510875063017
ICForagerLifespan= 8.84044597297907
ImmType= Cosine
AIAdultSlope= 2.83078689575195
AIAdultLD50= 0.649386179633439
AIAdultSlopeContact= 3.12586208489724
AIAdultLD50Contact= 0.00586549986619502
AILarvaSlope= 2.58514033388346
AILarvaLD50= 0.557657482428476
AIKOW= 4.63099413085729
AIKOC= 8.84129846352153
AIHalfLife= 5.332517511677
EAppRate= 0.626175291836262
