ICQueenStrength= 4.35442438605241
RQWkrDrnRatio= 4.31534205563366
ICDroneMiteSurvivorship= 30.0768581451848
ICWorkerMiteSurvivorship= 18.9487362280488
ICForagerLifespan= 15.996733918786
ImmType= Logarithmic
AIAdultSlope= 2.55237563964911
AIAdultLD50= 2.56873435713351
AIAdultSlopeContact= 0.954841948198155
AIAdultLD50Contact= 0.0141132981400006
AILarvaSlope= 2.81518323333003
AILarvaLD50= 0.838739149086177
AIKOW= 2.40732189686969
AIKOC= 26.2539283034857
AIHalfLife= 8.21166119584814
EAppRate= 0.122288747923449
