ICQueenStrength= 5.99312033643946
RQWkrDrnRatio= 4.80137008428574
ICDroneMiteSurvivorship= 19.3395402049646
ICWorkerMiteSurvivorship= 40.1006758213043
ICForagerLifespan= 15.4613388758153
ImmType= Exponential
AIAdultSlope= 2.88548765061423
AIAdultLD50= 0.185556407086551
AIAdultSlopeContact= 2.56147071429994
AIAdultLD50Contact= 0.0451612393721007
AILarvaSlope= 2.72553760372102
AILarvaLD50= 0.127000214718282
AIKOW= 2.54824468493462
AIKOC= 24.1921036690474
AIHalfLife= 9.55822300212458
EAppRate= 0.194121724925935
