ICQueenStrength= 2.47233527852222
RQWkrDrnRatio= 4.13651536311954
ICDroneMiteSurvivorship= 15.1219676015899
ICWorkerMiteSurvivorship= 23.2851203763857
ICForagerLifespan= 4.37379242479801
ImmType= Tangent
AIAdultSlope= 2.15427468530834
