ICQueenStrength= 2.41717558493838
RQWkrDrnRatio= 4.69087335560471
ICDroneMiteSurvivorship= 61.4827753975987
ICWorkerMiteSurvivorship= 67.7929654950276
ICForagerLifespan= 15.3135513439775
ImmType= Polynomial
AIAdultSlopeContact= 2.23794118037447
AIAdultLD50Contact= 0.0309742996701971
AILarvaSlope= 2.50270297685638
AILarvaLD50= 0.105822301190346
AIKOW= 4.8241359856911
AIKOC= 9.46650327066891
AIHalfLife= 2.95459002396092
