ICQueenStrength= 3.60087734903209
RQWkrDrnRatio= 1.02195070590824
ICDroneMiteSurvivorship= 82.7577906195074
ICWorkerMiteSurvivorship= 35.6135542970151
ICForagerLifespan= 15.3271034369245
ImmType= Logarithmic
AIAdultSlope= 1.69936115848832
AIAdultLD50= 1.16213971562684
AIAdultSlopeContact= 1.08671041295165
AIAdultLD50Contact= 0.0442555172485299
AILarvaSlope= 1.88919336716644
AILarvaLD50= 0.56229449941311
AIKOW= 7.82813090411946
AIKOC= 9.21788257663138
AIHalfLife= 9.08465640991926
EAppRate= 0.587353089125827
