ICQueenStrength= 3.57973595755175
RQWkrDrnRatio= 1.5164018496871
ICDroneMiteSurvivorship= 60.7220470439643
ICWorkerMiteSurvivorship= 82.0129622938111
ICForagerLifespan= 5.94014614354819
ImmType= Polynomial
AIAdultSlope= 1.73423945382005
AIAdultLD50= 0.320473579573445
AIAdultSlopeContact= 1.13981137600495
AIAdultLD50Contact= 0.0254469698877074
AILarvaSlope= 1.08033863282762
AILarvaLD50= 0.14782562458422
AIKOW= 3.89010351477191
AIKOC= 24.7750085615553
AIHalfLife= 0.680352327181026
EAppRate= 0
