ICQueenStrength= 5.72087460453622
RQWkrDrnRatio= 3.76396510656923
ICDroneMiteSurvivorship= 76.7259705113247
ICWorkerMiteSurvivorship= 93.0344108724967
ICForagerLifespan= 4.69656180776656
ImmType= Exponential
AIAdultSlope= 3.21010644244496
AIAdultLD50= 0.30236612749286
AIAdultSlopeContact= 2.59737313346704
AIAdultLD50Contact= 0.0101421374129131
AILarvaSlope= 0.75485110511072
AILarvaLD50= 0.177187092765234
AIKOW= 2.67166265752167
AIKOC= 25.0770536088385
AIHalfLife= 3.90933143906295
EAppRate= 0.521008614101447
