ICQueenStrength= 5.11482453811914
RQWkrDrnRatio= 2.62664623279124
ICDroneMiteSurvivorship= 74.5961598586291
ICWorkerMiteSurvivorship= 2.673998195678
ICForagerLifespan= 6.19940988067538
ImmType= Polynomial
AIAdultSlope= 2.66217599892989
AIAdultLD50= 2.12591913202778
AIAdultSlopeContact= 1.88526246992173
AIAdultLD50Contact= 0.00101135291624814
AILarvaSlope= 1.71976342112757
AILarvaLD50= 0.615861738449894
AIKOW= 2.78128154482692
AIKOC= 29.0025216946378
AIHalfLife= 10.792486035265
EAppRate= 0.728810340398923
