ICQueenStrength= 5.14842921076342
RQWkrDrnRatio= 1.11658950801939
ICDroneMiteSurvivorship= 34.8834070144221
ICWorkerMiteSurvivorship= 28.0011556344107
ICForagerLifespan= 15.792899989523
ImmType= Exponential
AIAdultSlope= 1.70955442527775
AIAdultLD50= 0.302701888605952
AIAdultSlopeContact= 3.84077066896716
AIAdultLD50Contact= 0.00684904974186793
AILarvaSlope= 2.77929331841879
AILarvaLD50= 0.446700106747448
AIKOW= 3.69167916243896
AIKOC= 13.2066117727663
AIHalfLife= 1.01399803184904
EAppRate= 0
