ICQueenStrength= 4.3590383164119
RQWkrDrnRatio= 4.33602144476026
ICDroneMiteSurvivorship= 56.9404663518071
ICWorkerMiteSurvivorship= 70.7578257657588
ICForagerLifespan= 12.3793816911057
ImmType= Tangent
AIAdultSlopeContact= 3.25385866686702
AIAdultLD50Contact= 0.117667555529624
AILarvaSlope= 6.67727829888463
AILarvaLD50= 1.85618358943611
AIKOW= 44.7361728409305
AIKOC= 95.6027095671743
AIHalfLife= 12.9250616026111
