ICQueenStrength= 3.93794470373541
RQWkrDrnRatio= 2.10827790573239
ICDroneMiteSurvivorship= 26.8816892290488
ICWorkerMiteSurvivorship= 50.5373153369874
ICForagerLifespan= 6.38238976616412
ImmType= Tangent
AIAdultSlope= 2.08825229368173
AIAdultLD50= 0.476632852223702
AIAdultSlopeContact= 0.695007894351147
AIAdultLD50Contact= 0.049339201732073
AILarvaSlope= 0.44357158895582
AILarvaLD50= 0.236034748074599
AIKOW= 2.08342377888039
AIKOC= 10.6984000082593
AIHalfLife= 2.59752665064298
EAppRate= 0.504850740823895
