ICQueenStrength= 3.95923617575318
RQWkrDrnRatio= 4.92398586962372
