ICQueenStrength= 3.50586217036471
RQWkrDrnRatio= 4.84162897244096
ICDroneMiteSurvivorship= 36.0566518967971
ICWorkerMiteSurvivorship= 43.7124618329108
ICForagerLifespan= 15.1637232042849
ImmType= Logarithmic
AIAdultSlope= 3.13681701337919
AIAdultLD50= 0.33952527679503
AIAdultSlopeContact= 3.90778052399866
AIAdultLD50Contact= 0.0225320231635124
AILarvaSlope= 0.911987406946719
AILarvaLD50= 0.0562465307302773
AIKOW= 7.10142302140594
AIKOC= 19.7196797945071
AIHalfLife= 3.79335971688852
EAppRate= 0.923437714809552
