ICQueenStrength= 5.03366483049467
RQWkrDrnRatio= 3.66385846585035
ICDroneMiteSurvivorship= 50.7916306611151
ICWorkerMiteSurvivorship= 42.219285806641
ICForagerLifespan= 15.9719056515023
ImmType= Polynomial
AIAdultSlopeContact= 3.39777191836154
AIAdultLD50Contact= 0.00365464000497013
AILarvaSlope= 0.831450840132311
AILarvaLD50= 0.642487989412621
AIKOW= 5.88073559338227
AIKOC= 16.9827461894602
AIHalfLife= 12.4978344212286
