ICQueenStrength= 3.88701718952507
RQWkrDrnRatio= 4.90627287235111
