ICQueenStrength= 5.44068805547431
RQWkrDrnRatio= 4.98307148553431
ICDroneMiteSurvivorship= 17.522078147158
ICWorkerMiteSurvivorship= 86.7028237553313
ICForagerLifespan= 8.86404172051698
ImmType= Logarithmic
AIAdultSlope= 2.20497012431966
AIAdultLD50= 0.0328960230108351
AIAdultSlopeContact= 3.32712283823406
AIAdultLD50Contact= 0.00373538741841912
AILarvaSlope= 1.09125120867975
AILarvaLD50= 0.329716316610575
AIKOW= 7.74842157401145
AIKOC= 12.7408313052729
AIHalfLife= 2.58386078174226
EAppRate= 0.597145520313643
