ICQueenStrength= 4.90600057505071
RQWkrDrnRatio= 4.82288774289191
