ICQueenStrength= 2.73955421429127
RQWkrDrnRatio= 1.957016707398
ICDroneMiteSurvivorship= 1.38206495903432
ICWorkerMiteSurvivorship= 81.7260368028656
ICForagerLifespan= 8.52383426297456
ImmType= Logarithmic
AIAdultSlope= 2.19113613357767
AIAdultLD50= 2.69928709510714
AIAdultSlopeContact= 0.710478625057731
AIAdultLD50Contact= 0.0392882396350615
AILarvaSlope= 1.61678580711596
AILarvaLD50= 0.405802748654969
AIKOW= 2.95676510035992
AIKOC= 27.6333826372866
AIHalfLife= 1.08151073846966
EAppRate= 0.498595195822418
