ICQueenStrength= 4.02312493673526
RQWkrDrnRatio= 4.39809431880713
ICDroneMiteSurvivorship= 68.0452881846577
ICWorkerMiteSurvivorship= 81.0414098436013
ICForagerLifespan= 11.9110943861306
ImmType= Exponential
AIAdultSlope= 4.57689868984744
