ICQueenStrength= 2.05481058591977
RQWkrDrnRatio= 2.68884677719325
ICDroneMiteSurvivorship= 9.18254952412099
ICWorkerMiteSurvivorship= 67.098071728833
ICForagerLifespan= 11.1940835844725
ImmType= Logarithmic
AIAdultSlope= 2.68410870633088
AIAdultLD50= 0.491396227967925
AIAdultSlopeContact= 2.23913928408176
AIAdultLD50Contact= 0.0359246119856834
AILarvaSlope= 1.61819725562818
AILarvaLD50= 0.286238637194037
AIKOW= 6.10254411445931
AIKOC= 6.83439724496566
AIHalfLife= 1.96933045866899
EAppRate= 0.455968626891263
