ICQueenStrength= 2.8677870486863
RQWkrDrnRatio= 3.18662458937615
ICDroneMiteSurvivorship= 90.1594324037433
ICWorkerMiteSurvivorship= 70.0531623326242
ICForagerLifespan= 13.4479651683941
ImmType= Tangent
AIAdultSlope= 2.63270015092567
AIAdultSlopeContact= 0.508761440149974
AIAdultLD50Contact= 0.011567952146288
AILarvaSlope= 0.682755453651771
AILarvaLD50= 0.610070126666687
AIKOW= 7.02500319574028
AIKOC= 20.3813552984502
AIHalfLife= 3.80168571230024
