ICQueenStrength= 1.5723023833707
RQWkrDrnRatio= 4.88550405949354
ICDroneMiteSurvivorship= 29.8773278016597
ICWorkerMiteSurvivorship= 60.9331749612466
ICForagerLifespan= 5.37442927248776
ImmType= Logarithmic
AIAdultSlope= 7.74388084188104
