ICQueenStrength= 1.89101200690493
RQWkrDrnRatio= 2.27581932581961
ICDroneMiteSurvivorship= 83.3202079404145
ICWorkerMiteSurvivorship= 41.0209155641496
ICForagerLifespan= 4.13462210167199
ImmType= Exponential
AIAdultSlope= 2.4222305428097
AIAdultLD50= 0.355231900466606
AIAdultSlopeContact= 1.19992071887478
AIAdultLD50Contact= 0.0152438241406344
AILarvaSlope= 1.51082969205454
AILarvaLD50= 0.486469679977745
AIKOW= 6.73832005169243
AIKOC= 9.13745123078115
AIHalfLife= 3.09766377788037
EAppRate= 0.65904227187857
