ICQueenStrength= 5.34617969673127
RQWkrDrnRatio= 1.1410665884614
ICDroneMiteSurvivorship= 52.5306715164334
ICWorkerMiteSurvivorship= 77.0422440953553
ICForagerLifespan= 4.4709485815838
ImmType= Tangent
AIAdultSlope= 1.57713509071618
AIAdultLD50= 1.83845161506906
AIAdultSlopeContact= 2.2686721285223
AIAdultLD50Contact= 0.0361180154490285
AILarvaSlope= 3.32111410340294
AILarvaLD50= 0.0549150890903547
AIKOW= 2.17593372100964
AIKOC= 26.1861332587432
AIHalfLife= 12.6095630526543
EAppRate= 0.192744436440989
