ICQueenStrength= 3.70217226585373
RQWkrDrnRatio= 4.53691512625664
ICDroneMiteSurvivorship= 92.0429364778101
ICWorkerMiteSurvivorship= 28.1207829015329
ICForagerLifespan= 6.94462152849883
ImmType= Logarithmic
AIAdultSlopeContact= 0.391737166915555
AIAdultLD50Contact= 0.0196728704264388
AILarvaSlope= 0.106392824044451
AILarvaLD50= 0.345693719596602
AIKOW= 6.41438745614141
AIKOC= 6.56425051973201
AIHalfLife= 4.6453135823831
