ICQueenStrength= 5.06009200378321
RQWkrDrnRatio= 4.58947586733848
ICDroneMiteSurvivorship= 84.5894301310182
ICWorkerMiteSurvivorship= 44.5414212998003
ICForagerLifespan= 8.63234896305948
ImmType= Polynomial
AIAdultSlopeContact= 0.274526183493435
AIAdultLD50Contact= 0.0243871561717242
AILarvaSlope= 9.59589178208262
AILarvaLD50= 0.836333050392568
AIKOW= 28.5841058474034
AIKOC= 53.4757636487484
AIHalfLife= 0.610884211026132
