ICQueenStrength= 2.91010921960697
RQWkrDrnRatio= 1.72461388073862
ICDroneMiteSurvivorship= 86.6831410909072
ICWorkerMiteSurvivorship= 99.7201980557293
ICForagerLifespan= 10.1934586362913
ImmType= Sine
AIAdultSlopeContact= 3.29775149835041
AIAdultLD50Contact= 0.0257351490086876
AILarvaSlope= 0.418041571136564
AILarvaLD50= 0.812793633551337
AIKOW= 6.02031311532483
AIKOC= 27.7987475169357
AIHalfLife= 11.5075629251078
