ICQueenStrength= 3.34128565876745
RQWkrDrnRatio= 2.92607988975942
ICDroneMiteSurvivorship= 29.3534368509427
ICWorkerMiteSurvivorship= 67.3471233807504
ICForagerLifespan= 14.8849506182596
ImmType= Tangent
AIAdultSlope= 2.97259019068442
AIAdultLD50= 0.635018968954682
AIAdultSlopeContact= 0.0366943206544965
AIAdultLD50Contact= 0.0288115421542898
AILarvaSlope= 1.62545531266369
AILarvaLD50= 0.308713221293874
AIKOW= 3.9726507505402
AIKOC= 23.2183073484339
AIHalfLife= 9.75144851300865
EAppRate= 0.5492713234853
