ICQueenStrength= 4.28441289602779
RQWkrDrnRatio= 1.74107806291431
ICDroneMiteSurvivorship= 64.3466787878424
ICWorkerMiteSurvivorship= 71.2652778252959
ICForagerLifespan= 10.4187716394663
ImmType= Logarithmic
AIAdultSlope= 1.10321620851755
AIAdultLD50= 1.98874459136277
AIAdultSlopeContact= 1.64195348642534
AIAdultLD50Contact= 0.00943843891145662
AILarvaSlope= 2.66729591386393
AILarvaLD50= 0.785951763368212
AIKOW= 2.40936530008912
AIKOC= 23.5016860661563
AIHalfLife= 12.1529343109578
EAppRate= 0.855375429149717
