ICQueenStrength= 3.32358041102998
RQWkrDrnRatio= 4.63545912317932
ICDroneMiteSurvivorship= 12.7212604042143
ICWorkerMiteSurvivorship= 52.9562548035756
ICForagerLifespan= 7.09380684047937
ImmType= Cosine
AIAdultSlope= 2.93957325173542
AIAdultSlopeContact= 1.56022532161558
AIAdultLD50Contact= 0.000252472388092428
AILarvaSlope= 2.71826732084155
AILarvaLD50= 0.661614245851524
AIKOW= 2.26642119232565
AIKOC= 20.880975604523
AIHalfLife= 6.87224525585771
