ICQueenStrength= 1.45000037760474
RQWkrDrnRatio= 3.11129454523325
ICDroneMiteSurvivorship= 99.1061778739095
ICWorkerMiteSurvivorship= 51.4121911488473
ICForagerLifespan= 7.42541154287755
ImmType= Cosine
AIAdultSlope= 0.492820558650419
AIAdultLD50= 0.360921755433083
AIAdultSlopeContact= 2.09450388515834
AIAdultLD50Contact= 0.0171047144336626
AILarvaSlope= 1.43474280838855
AILarvaLD50= 0.821415610355325
AIKOW= 4.99347779527307
AIKOC= 24.4003970653284
AIHalfLife= 10.4382830839604
EAppRate= 0.801696893526241
