ICQueenStrength= 4.73855621321127
RQWkrDrnRatio= 3.43444958422333
ICDroneMiteSurvivorship= 61.6201750468463
ICWorkerMiteSurvivorship= 57.7825507847592
ICForagerLifespan= 8.74676408711821
ImmType= Polynomial
AIAdultSlopeContact= 1.31992035312578
AIAdultLD50Contact= 0.116906298138201
AILarvaSlope= 4.48348689358681
AILarvaLD50= 1.38655299413949
AIKOW= 76.4634392922744
AIKOC= 66.5962708648294
AIHalfLife= 6.41525897523388
