ICQueenStrength= 1.93076859414577
RQWkrDrnRatio= 3.42558429483324
