ICQueenStrength= 1.47769965953194
RQWkrDrnRatio= 1.23352294508368
ICDroneMiteSurvivorship= 28.4496052190661
ICWorkerMiteSurvivorship= 44.8196888668463
ICForagerLifespan= 15.933274387382
ImmType= Sine
AIAdultSlopeContact= 0.736447916007601
AIAdultLD50Contact= 0.0481378365308046
AILarvaSlope= 0.0183970469050109
AILarvaLD50= 0.10825416308362
AIKOW= 5.79304581554607
AIKOC= 17.2906367352698
AIHalfLife= 12.2014341321774
