ICQueenStrength= 2.07551403460093
RQWkrDrnRatio= 3.51978776790202
ICDroneMiteSurvivorship= 34.7140505211428
ICWorkerMiteSurvivorship= 21.1790680652484
ICForagerLifespan= 14.3897786214948
ImmType= Sine
AIAdultSlope= 2.96779810683802
