ICQueenStrength= 2.57976100570522
RQWkrDrnRatio= 3.73345331847668
ICDroneMiteSurvivorship= 33.4107857430354
ICWorkerMiteSurvivorship= 48.2928167562932
ICForagerLifespan= 5.21666125487536
ImmType= Polynomial
AIAdultSlope= 1.88458975981921
AIAdultLD50= 0.718937133438885
AIAdultSlopeContact= 0.341516513186507
AIAdultLD50Contact= 0.0438079225597903
AILarvaSlope= 2.99835055847652
AILarvaLD50= 0.484569892706349
AIKOW= 3.09549349360168
AIKOC= 22.0365069236141
AIHalfLife= 1.5460069924593
EAppRate= 0.262674075784162
