ICQueenStrength= 1.31787366839126
RQWkrDrnRatio= 3.80228513013572
ICDroneMiteSurvivorship= 94.7462630458176
ICWorkerMiteSurvivorship= 52.605917211622
ICForagerLifespan= 9.00623606145382
ImmType= Sine
AIAdultSlope= 1.96567243406782
AIAdultLD50= 0.172615844523534
AIAdultSlopeContact= 3.55084916522261
AIAdultLD50Contact= 0.0102492522913963
AILarvaSlope= 1.98035317989998
AILarvaLD50= 0.289390230271965
AIKOW= 7.76099213771522
AIKOC= 29.9332875595428
AIHalfLife= 2.7732579188887
EAppRate= 0.144456518138759
