ICQueenStrength= 3.16891018673778
RQWkrDrnRatio= 2.8733581667766
ICDroneMiteSurvivorship= 20.101787452586
ICWorkerMiteSurvivorship= 14.0795059269294
ICForagerLifespan= 15.9934973949566
ImmType= Tangent
AIAdultSlope= 2.01427278815769
AIAdultLD50= 0.161320425802842
AIAdultSlopeContact= 0.595968909412622
AIAdultLD50Contact= 0.0496017673751339
AILarvaSlope= 3.32004438876174
AILarvaLD50= 0.567620373261161
AIKOW= 5.37721556471661
AIKOC= 7.69002050044946
AIHalfLife= 1.10982312937267
EAppRate= 0
