ICQueenStrength= 3.33514505089261
RQWkrDrnRatio= 3.63514049630612
ICDroneMiteSurvivorship= 87.3089218977839
ICWorkerMiteSurvivorship= 92.3693479737267
ICForagerLifespan= 8.63216801173985
ImmType= Cosine
AIAdultSlope= 0.676801033804659
AIAdultLD50= 0.300124369096011
AIAdultSlopeContact= 2.88542756280396
AIAdultLD50Contact= 0.00554690364515409
AILarvaSlope= 0.744907394936308
AILarvaLD50= 0.074124600039795
AIKOW= 5.98120954493061
AIKOC= 18.4141425078269
AIHalfLife= 0.133633612422273
EAppRate= 0.579459418379702
