ICQueenStrength= 3.33413315028884
RQWkrDrnRatio= 4.29155359137803
ICDroneMiteSurvivorship= 99.3073601042852
ICWorkerMiteSurvivorship= 8.64655610639602
ICForagerLifespan= 14.7118693301454
ImmType= Exponential
AIAdultSlope= 2.44349886355922
AIAdultLD50= 0.364023043541238
AIAdultSlopeContact= 2.72735930421157
AIAdultLD50Contact= 0.00646155506838113
AILarvaSlope= 0.201954406872392
AILarvaLD50= 0.52657594231423
AIKOW= 5.12767063314095
AIKOC= 27.5404049677309
AIHalfLife= 12.5086472951807
EAppRate= 0.564893014263362
