ICQueenStrength= 5.52949045109563
RQWkrDrnRatio= 1.61341841332614
ICDroneMiteSurvivorship= 22.6730627007782
ICWorkerMiteSurvivorship= 79.0508204139769
ICForagerLifespan= 11.0396131081507
ImmType= Tangent
AIAdultSlope= 1.1601201062277
AIAdultLD50= 0.375178913469426
AIAdultSlopeContact= 1.47590024427278
AIAdultLD50Contact= 0.0356996327522211
AILarvaSlope= 1.21925458461046
AILarvaLD50= 0.0548221976961941
AIKOW= 5.76239968463778
AIKOC= 12.9802940075751
AIHalfLife= 1.77314662840217
EAppRate= 0
