ICQueenStrength= 4.71304858592339
RQWkrDrnRatio= 1.18016620911658
ICDroneMiteSurvivorship= 59.5681456383318
ICWorkerMiteSurvivorship= 83.4208097541705
ICForagerLifespan= 4.47393530234694
ImmType= Cosine
AIAdultSlopeContact= 3.47146664815256
AIAdultLD50Contact= 0.0341520367423072
AILarvaSlope= 1.11056046867743
AILarvaLD50= 0.3872031776933
AIKOW= 6.73712907265872
AIKOC= 21.9374966470059
AIHalfLife= 8.42038917308673
