ICQueenStrength= 1.77792923664674
RQWkrDrnRatio= 2.62977372854948
ICDroneMiteSurvivorship= 18.9713245723397
ICWorkerMiteSurvivorship= 23.938511335291
ICForagerLifespan= 5.16469158884138
ImmType= Tangent
AIAdultSlope= 1.03850699258037
AIAdultLD50= 0.609070716658607
AIAdultSlopeContact= 0.867706190315075
AIAdultLD50Contact= 0.0350993518019095
AILarvaSlope= 1.35637612701394
AILarvaLD50= 0.0159370185574517
AIKOW= 6.39814361557364
AIKOC= 10.4619527014438
AIHalfLife= 6.11332721309736
EAppRate= 0.014657627325505
