ICQueenStrength= 5.43646564846858
RQWkrDrnRatio= 1.20307746902108
ICDroneMiteSurvivorship= 52.3825027514249
ICWorkerMiteSurvivorship= 44.5166318910196
ICForagerLifespan= 7.08099838439375
ImmType= Cosine
AIAdultSlope= 1.87234132210724
AIAdultLD50= 0.49664255627431
AIAdultSlopeContact= 1.22637089176336
AIAdultLD50Contact= 0.0340798870311119
AILarvaSlope= 0.302730055665597
AILarvaLD50= 0.803271614690311
AIKOW= 6.34450080431998
AIKOC= 29.452571279835
AIHalfLife= 10.3637630068697
EAppRate= 0.842233301373199
