ICQueenStrength= 2.52531044674106
RQWkrDrnRatio= 1.13133067172021
ICDroneMiteSurvivorship= 35.1627459051087
ICWorkerMiteSurvivorship= 49.4315628428012
ICForagerLifespan= 10.5526407081634
ImmType= Exponential
AIAdultSlope= 2.64334138571285
AIAdultLD50= 0.841478836722672
AIAdultSlopeContact= 1.28077697337605
AIAdultLD50Contact= 0.00070113455876708
AILarvaSlope= 0.246731752762571
AILarvaLD50= 0.385315670538694
AIKOW= 5.63233061600477
AIKOC= 15.6939425342716
AIHalfLife= 9.85843753954396
EAppRate= 0.182016301900148
