ICQueenStrength= 2.02803683024831
RQWkrDrnRatio= 4.88919625338167
ICDroneMiteSurvivorship= 82.5171545147896
ICWorkerMiteSurvivorship= 94.2576750880107
ICForagerLifespan= 10.6815511854365
ImmType= Sine
AIAdultSlope= 0.86389034781605
AIAdultLD50= 0.00322541780769825
AIAdultSlopeContact= 0.524013893608935
AIAdultLD50Contact= 0.0134223918197677
AILarvaSlope= 1.07575787412934
AILarvaLD50= 0.6860089387279
AIKOW= 3.63510498590767
AIKOC= 13.2183158432599
AIHalfLife= 10.1375638484024
EAppRate= 0.380061532603577
