ICQueenStrength= 2.09688828233629
RQWkrDrnRatio= 3.72174416854978
ICDroneMiteSurvivorship= 67.703308025375
ICWorkerMiteSurvivorship= 74.0199282532558
ICForagerLifespan= 10.7114240899682
ImmType= Sine
AIAdultSlope= 2.80938003431074
AIAdultLD50= 1.9971167743206
AIAdultSlopeContact= 2.41057289184071
AIAdultLD50Contact= 0.031172927597072
AILarvaSlope= 1.01650402545929
AILarvaLD50= 0.788306177104823
AIKOW= 5.9175321161747
AIKOC= 15.830256488407
AIHalfLife= 5.02239361731336
EAppRate= 0.503684292780235
