ICQueenStrength= 2.41494425712153
RQWkrDrnRatio= 2.2217095317319
ICDroneMiteSurvivorship= 57.4229409219697
ICWorkerMiteSurvivorship= 44.1518669016659
ICForagerLifespan= 11.8075893651694
ImmType= Tangent
AIAdultSlope= 0.19455743166618
AIAdultLD50= 0.876051559578627
AIAdultSlopeContact= 2.26480338052846
AIAdultLD50Contact= 0.037299478542991
AILarvaSlope= 0.949821516033262
AILarvaLD50= 0.481830968172289
AIKOW= 4.840551039204
AIKOC= 22.6698697847314
AIHalfLife= 10.0363133368082
EAppRate= 0.278694686945528
