ICQueenStrength= 3.34101883368567
RQWkrDrnRatio= 2.55209409445524
ICDroneMiteSurvivorship= 65.6569150276482
ICWorkerMiteSurvivorship= 41.9779204763472
ICForagerLifespan= 11.9307303214446
ImmType= Tangent
AIAdultLD50= 0.154012839635834
AIAdultSlopeContact= 1.96972727881512
AIAdultLD50Contact= 0.018030935106799
AILarvaSlope= 0.216881742794067
AILarvaLD50= 0.273884272249416
AIKOW= 7.39285751571879
AIKOC= 13.0045881331898
AIHalfLife= 7.98264577332884
EAppRate= 0.116816960275173
