ICQueenStrength= 3.17504876013845
RQWkrDrnRatio= 3.46880108024925
