ICQueenStrength= 1.4836797202006
RQWkrDrnRatio= 2.21829635091126
ICDroneMiteSurvivorship= 43.617071933113
ICWorkerMiteSurvivorship= 71.9067126978189
ICForagerLifespan= 14.8438571589068
ImmType= Tangent
AIAdultSlopeContact= 1.7602644670126
AIAdultLD50Contact= 0.032350050820969
AILarvaSlope= 3.34438808569685
AILarvaLD50= 0.655758107244037
AIKOW= 5.32590932631865
AIKOC= 28.9368290931452
AIHalfLife= 12.6056939545088
