ICQueenStrength= 5.3849816150032
RQWkrDrnRatio= 4.94280019681901
ICDroneMiteSurvivorship= 97.2477942472324
ICWorkerMiteSurvivorship= 26.9160552648827
ICForagerLifespan= 8.18424452655017
ImmType= Logarithmic
AIAdultSlope= 2.98901876042364
AIAdultLD50= 0.0441911313682795
AIAdultSlopeContact= 1.44486925046425
AIAdultLD50Contact= 0.0123686034465209
AILarvaSlope= 0.119415927771479
AILarvaLD50= 0.0843299937900156
AIKOW= 7.9333386765793
AIKOC= 23.0393648915924
AIHalfLife= 2.84227659809403
EAppRate= 0
