ICQueenStrength= 2.47497900296003
RQWkrDrnRatio= 3.71137384697795
ICDroneMiteSurvivorship= 67.0357722323388
ICWorkerMiteSurvivorship= 18.2998304255307
ICForagerLifespan= 11.5437075067312
ImmType= Exponential
AIAdultSlope= 1.36557731074747
AIAdultLD50= 0.188450153102167
AIAdultSlopeContact= 2.37284718584502
AIAdultLD50Contact= 0.0474565063603222
AILarvaSlope= 2.95664262613282
AILarvaLD50= 0.0850648932857439
AIKOW= 5.42435439769179
AIKOC= 8.73867187299766
AIHalfLife= 3.4032863820903
EAppRate= 0
