ICQueenStrength= 1.0988233787939
RQWkrDrnRatio= 1.5164204929024
ICDroneMiteSurvivorship= 44.6760764112696
ICWorkerMiteSurvivorship= 46.6243904083967
ICForagerLifespan= 6.73321506101638
ImmType= Polynomial
AIAdultSlope= 3.21605714369332
AIAdultLD50= 0.0871019309852272
AIAdultSlopeContact= 3.422600819855
AIAdultLD50Contact= 0.0106847604503855
AILarvaSlope= 0.324304425576702
AILarvaLD50= 0.0458354218164459
AIKOW= 2.19537015166134
AIKOC= 28.2380298373755
AIHalfLife= 1.72264038817957
EAppRate= 0.193068440281786
