ICQueenStrength= 3.21932494896464
RQWkrDrnRatio= 1.05233346484601
ICDroneMiteSurvivorship= 89.5874355919659
ICWorkerMiteSurvivorship= 92.3278192291036
ICForagerLifespan= 14.8671203488484
ImmType= Logarithmic
AIAdultSlope= 0.234326651673764
AIAdultLD50= 0.11206212756224
AIAdultSlopeContact= 0.672651780496817
AIAdultLD50Contact= 0.0402738133678213
AILarvaSlope= 2.98276012013666
AILarvaLD50= 0.0628149364376441
AIKOW= 2.09327218681574
AIKOC= 22.7323101728689
AIHalfLife= 1.1723769956734
EAppRate= 0.362533133057877
