ICQueenStrength= 2.9701005355455
RQWkrDrnRatio= 2.49174824729562
ICDroneMiteSurvivorship= 8.40147100389004
ICWorkerMiteSurvivorship= 75.0089389970526
ICForagerLifespan= 4.02741854358464
ImmType= Polynomial
AIAdultSlope= 0.83812158643268
AIAdultLD50= 1.7040664292872
AIAdultSlopeContact= 0.236929887940642
AIAdultLD50Contact= 0.0333686150610447
AILarvaSlope= 1.00262600956485
AILarvaLD50= 0.35980644270312
AIKOW= 2.83994582714513
AIKOC= 22.417210660642
AIHalfLife= 4.06738940672949
EAppRate= 0.980550911743194
