ICQueenStrength= 3.10278885671869
RQWkrDrnRatio= 4.43258823081851
ICDroneMiteSurvivorship= 86.7384911747649
ICWorkerMiteSurvivorship= 56.0936238383874
ICForagerLifespan= 14.0055333180353
ImmType= Cosine
AIAdultSlope= 3.76931433141232
AIAdultLD50= 0.475091162603348
AIAdultSlopeContact= 2.95814407566329
AIAdultLD50Contact= 0.025632884784136
AILarvaSlope= 2.10675365696661
AILarvaLD50= 0.306481674313545
AIKOW= 3.39782141661271
AIKOC= 25.5014576204121
AIHalfLife= 4.70237619243562
EAppRate= 0.155763186770491
