ICQueenStrength= 3.99766369350255
RQWkrDrnRatio= 1.19246412441134
