ICQueenStrength= 1.16658776905388
RQWkrDrnRatio= 4.7511056503281
ICDroneMiteSurvivorship= 27.8610889101401
ICWorkerMiteSurvivorship= 95.8550791954622
ICForagerLifespan= 15.1129663269967
ImmType= Cosine
AIAdultSlope= 1.624994494766
AIAdultLD50= 0.578150980174541
AIAdultSlopeContact= 1.89537046022248
AIAdultLD50Contact= 0.013631825952325
AILarvaSlope= 0.886632143333554
AILarvaLD50= 0.0547316503012553
AIKOW= 2.20939646894112
AIKOC= 24.6127463423181
AIHalfLife= 1.5078138182871
EAppRate= 0.0330426988657564
