ICQueenStrength= 1.0719653617125
RQWkrDrnRatio= 4.15946926455945
ICDroneMiteSurvivorship= 33.7418059585616
ICWorkerMiteSurvivorship= 46.7149754753336
ICForagerLifespan= 11.3828992834315
ImmType= Exponential
AIAdultSlope= 3.0188980212179
AIAdultLD50= 0.272895423346199
AIAdultSlopeContact= 2.29740219000494
AIAdultLD50Contact= 0.0114615521859378
AILarvaSlope= 2.08234561365098
AILarvaLD50= 0.586638459772803
AIKOW= 2.64238148322329
AIKOC= 18.2959386275616
AIHalfLife= 2.85126085043885
EAppRate= 0.0490033377427608
