ICQueenStrength= 4.93026322126389
RQWkrDrnRatio= 2.47304906602949
ICDroneMiteSurvivorship= 40.6881538452581
ICWorkerMiteSurvivorship= 7.75261397939175
ICForagerLifespan= 14.7752955825999
ImmType= Tangent
AIAdultSlope= 1.95438821921125
AIAdultLD50= 0.88721910584718
AIAdultSlopeContact= 3.86753237198805
AIAdultLD50Contact= 0.0222345887101255
AILarvaSlope= 0.953455781936645
AILarvaLD50= 0.25088568739593
AIKOW= 7.83323972579092
AIKOC= 28.3626384171657
AIHalfLife= 9.01598326954991
EAppRate= 0.861250905320048
