ICQueenStrength= 4.5121131897904
RQWkrDrnRatio= 3.1462609488517
ICDroneMiteSurvivorship= 13.2405613781884
ICWorkerMiteSurvivorship= 37.2444970766082
ICForagerLifespan= 9.42690621316433
ImmType= Sine
AIAdultSlope= 7.63749019708484
