ICQueenStrength= 1.47133095096797
RQWkrDrnRatio= 2.50328331347555
