ICQueenStrength= 5.078338627005
RQWkrDrnRatio= 3.87366205826402
ICDroneMiteSurvivorship= 98.3661542413756
ICWorkerMiteSurvivorship= 92.4646409694105
ICForagerLifespan= 6.5500208530575
ImmType= Polynomial
AIAdultSlope= 3.11543220421299
AIAdultLD50= 2.66750535881147
AIAdultSlopeContact= 0.965661639925092
AIAdultLD50Contact= 0.0379911038908176
AILarvaSlope= 2.18418021416292
AILarvaLD50= 0.205806476483122
AIKOW= 6.01604364486411
AIKOC= 5.09002893348224
AIHalfLife= 2.20826614135876
EAppRate= 0.591070126974955
