ICQueenStrength= 3.59590343339369
RQWkrDrnRatio= 4.90398196410388
ICDroneMiteSurvivorship= 72.6593842729926
ICWorkerMiteSurvivorship= 8.82712234742939
ICForagerLifespan= 8.05532966274768
ImmType= Tangent
AIAdultSlope= 0.209029364730231
AIAdultLD50= 0.40157141990494
AIAdultSlopeContact= 2.17782311549177
AIAdultLD50Contact= 0.0404745544772595
AILarvaSlope= 1.61979144741781
AILarvaLD50= 0.332442794647068
AIKOW= 7.03395259426907
AIKOC= 22.4911548849195
AIHalfLife= 0.461661338340491
EAppRate= 0.633440866274759
