ICQueenStrength= 4.7876390805468
RQWkrDrnRatio= 4.79239055048674
ICDroneMiteSurvivorship= 69.9301017681137
ICWorkerMiteSurvivorship= 16.1216279491782
ICForagerLifespan= 13.8740733647719
ImmType= Tangent
AIAdultSlope= 0.333770273225382
AIAdultLD50= 0.398506142315455
AIAdultSlopeContact= 2.61772778510582
AIAdultLD50Contact= 0.0203997205011547
AILarvaSlope= 2.63161119427532
AILarvaLD50= 0.537752308510244
AIKOW= 6.07771902810782
AIKOC= 25.8803136192728
AIHalfLife= 0.651150153717026
EAppRate= 0.0915287937270477
