ICQueenStrength= 5.60438225418329
RQWkrDrnRatio= 1.41975269187242
ICDroneMiteSurvivorship= 48.4354390064254
ICWorkerMiteSurvivorship= 86.0959012527019
ICForagerLifespan= 12.7705589542165
ImmType= Logarithmic
AIAdultSlope= 0.584640781616326
AIAdultLD50= 0.19628918170929
AIAdultSlopeContact= 2.54366929284297
AIAdultLD50Contact= 0.0074696984491311
AILarvaSlope= 1.8675203228835
AILarvaLD50= 0.0192120885942131
AIKOW= 4.41533901635557
AIKOC= 22.7069857658353
AIHalfLife= 1.90133617492393
EAppRate= 0
