ICQueenStrength= 2.05702545959502
RQWkrDrnRatio= 2.91030480060726
ICDroneMiteSurvivorship= 82.2215854655951
ICWorkerMiteSurvivorship= 50.4978623241186
ICForagerLifespan= 4.4080532360822
ImmType= Cosine
AIAdultSlope= 3.48240252419142
AIAdultLD50= 0.201552111888304
AIAdultSlopeContact= 2.73398291076534
AIAdultLD50Contact= 0.0143830981920473
AILarvaSlope= 0.191909000696614
AILarvaLD50= 0.356768734543584
AIKOW= 3.71647868677974
AIKOC= 13.2257855625357
AIHalfLife= 3.63704541348852
EAppRate= 0
