ICQueenStrength= 4.53277471498586
RQWkrDrnRatio= 3.97150759678334
ICDroneMiteSurvivorship= 53.7828518776223
ICWorkerMiteSurvivorship= 6.27843991387635
ICForagerLifespan= 15.2680879766122
ImmType= Tangent
AIAdultSlopeContact= 8.05192008847371
AIAdultLD50Contact= 0.111403696984053
AILarvaSlope= 9.77822771063074
AILarvaLD50= 1.64365665800869
AIKOW= 96.1022445000708
AIKOC= 90.5319480458274
AIHalfLife= 0.207819300238043
