ICQueenStrength= 4.98597124847583
RQWkrDrnRatio= 3.72492367308587
ICDroneMiteSurvivorship= 76.3573182746768
ICWorkerMiteSurvivorship= 20.7913361955434
ICForagerLifespan= 6.26544392202049
ImmType= Polynomial
AIAdultSlope= 0.736764408648014
