ICQueenStrength= 4.57768535381183
RQWkrDrnRatio= 1.14588350895792
ICDroneMiteSurvivorship= 80.243254895322
ICWorkerMiteSurvivorship= 1.16034583188593
ICForagerLifespan= 10.8929287521169
ImmType= Sine
AIAdultSlope= 3.38452378273942
AIAdultLD50= 2.59537871251814
AIAdultSlopeContact= 1.76973995948676
AIAdultLD50Contact= 0.00683725501876324
AILarvaSlope= 2.54676190479659
AILarvaLD50= 0.744610210089013
AIKOW= 5.17323621921241
AIKOC= 7.00512988376431
AIHalfLife= 11.3799506397918
EAppRate= 0.867454703664407
