ICQueenStrength= 3.48054206720553
RQWkrDrnRatio= 1.24753948766738
ICDroneMiteSurvivorship= 92.7793287439272
ICWorkerMiteSurvivorship= 65.5118905939162
ICForagerLifespan= 7.86966685019433
ImmType= Sine
AIAdultSlope= 0.269592587184161
AIAdultLD50= 0.123799835331738
AIAdultSlopeContact= 3.48845130507834
AIAdultLD50Contact= 0.00348906181752682
AILarvaSlope= 2.64373731259257
AILarvaLD50= 0.361283218162134
AIKOW= 2.30725742923096
AIKOC= 19.5906111982185
AIHalfLife= 12.9674530387856
EAppRate= 0.0173163062427193
