ICQueenStrength= 5.25236069131643
RQWkrDrnRatio= 3.18777787219733
ICDroneMiteSurvivorship= 27.4818408070132
ICWorkerMiteSurvivorship= 32.7037123031914
ICForagerLifespan= 10.1210606209934
ImmType= Cosine
AIAdultSlope= 2.72387836021371
AIAdultLD50= 2.40187823446468
AIAdultSlopeContact= 3.66059064006899
AIAdultLD50Contact= 0.0483181665302254
AILarvaSlope= 2.1917477440089
AILarvaLD50= 0.647693482367322
AIKOW= 5.4590933714062
AIKOC= 23.7363470555283
AIHalfLife= 12.0612296359614
EAppRate= 0.893528135726228
