ICQueenStrength= 5.20165240764618
RQWkrDrnRatio= 3.75841610506177
ICDroneMiteSurvivorship= 23.9082566462457
ICWorkerMiteSurvivorship= 83.8646983029321
ICForagerLifespan= 5.30140301957726
ImmType= Cosine
AIAdultSlope= 2.1094532925915
AIAdultLD50= 0.0633912754710764
AIAdultSlopeContact= 3.02817559665302
AIAdultLD50Contact= 0.0410901689785533
AILarvaSlope= 2.64042620984837
AILarvaLD50= 0.073619092698209
AIKOW= 4.06867193756625
AIKOC= 27.6265129051171
AIHalfLife= 2.15287175844423
EAppRate= 0.535582814388908
