ICQueenStrength= 2.02662883931771
RQWkrDrnRatio= 2.87012520805001
ICDroneMiteSurvivorship= 26.1545449960977
ICWorkerMiteSurvivorship= 59.0943404240534
ICForagerLifespan= 7.76095969881862
ImmType= Tangent
AIAdultSlopeContact= 3.56978803707752
AIAdultLD50Contact= 0.0153659014147706
AILarvaSlope= 2.5539233179763
AILarvaLD50= 0.300470812059939
AIKOW= 7.62492980854586
AIKOC= 6.26722895656712
AIHalfLife= 8.30638761213049
