ICQueenStrength= 4.75971517991275
RQWkrDrnRatio= 2.19500493444502
ICDroneMiteSurvivorship= 34.0936220251024
ICWorkerMiteSurvivorship= 97.2354725003242
ICForagerLifespan= 8.39118039421737
ImmType= Polynomial
AIAdultSlope= 1.19105710913427
AIAdultLD50= 0.101007477845997
AIAdultSlopeContact= 1.42745449454058
AIAdultLD50Contact= 0.0214059052639641
AILarvaSlope= 0.422992682503536
AILarvaLD50= 0.15465765602421
AIKOW= 7.29467062093318
AIKOC= 8.49486186751164
AIHalfLife= 13.7826074040495
EAppRate= 0.806916172150522
