ICQueenStrength= 1.67862559575588
RQWkrDrnRatio= 4.57228388637304
ICDroneMiteSurvivorship= 87.4210076406598
ICWorkerMiteSurvivorship= 59.3424590071663
ICForagerLifespan= 14.8589927470312
ImmType= Exponential
AIAdultSlopeContact= 0.255549914957955
AIAdultLD50Contact= 0.047783718095161
AILarvaSlope= 1.5769736144226
AILarvaLD50= 0.772475465596654
AIKOW= 4.08884643949568
AIKOC= 5.5034189671278
AIHalfLife= 13.3833018690348
