ICQueenStrength= 4.89146474655718
RQWkrDrnRatio= 1.88258392829448
ICDroneMiteSurvivorship= 28.3596390858293
ICWorkerMiteSurvivorship= 2.38715806044638
ICForagerLifespan= 15.1966769248247
ImmType= Exponential
AIAdultSlopeContact= 3.5702522573364
AIAdultLD50Contact= 0.0176676729577593
AILarvaSlope= 0.487470391113311
AILarvaLD50= 0.882717354060151
AIKOW= 2.86633931985125
AIKOC= 11.3977845245972
AIHalfLife= 6.24448320409283
