ICQueenStrength= 2.67057791724801
RQWkrDrnRatio= 4.04377973545343
