ICQueenStrength= 3.11338451714255
RQWkrDrnRatio= 2.5162602160126
ICDroneMiteSurvivorship= 96.7235147720203
ICWorkerMiteSurvivorship= 23.198656574823
ICForagerLifespan= 15.143900455907
ImmType= Cosine
AIAdultSlope= 0.271406283695251
AIAdultLD50= 1.41483332798816
AIAdultSlopeContact= 1.65464797262102
AIAdultLD50Contact= 0.0244230181793682
AILarvaSlope= 2.25690528522246
AILarvaLD50= 0.470045068720356
AIKOW= 6.5640367846936
AIKOC= 6.86326307011768
AIHalfLife= 1.37484910804778
EAppRate= 0.52418980980292
