ICQueenStrength= 4.12579967663623
RQWkrDrnRatio= 3.27051552571356
ICDroneMiteSurvivorship= 75.4738408373669
ICWorkerMiteSurvivorship= 0.759464246220887
ICForagerLifespan= 13.865664136596
ImmType= Exponential
AIAdultSlope= 3.82239238316892
AIAdultLD50= 0.326492657884955
AIAdultSlopeContact= 1.80930784024531
AIAdultLD50Contact= 0.023796190705616
AILarvaSlope= 0.246909538889304
AILarvaLD50= 0.482873966731131
AIKOW= 7.78035409934819
AIKOC= 23.3330002531875
AIHalfLife= 1.56256885384209
EAppRate= 0.339220096869394
