ICQueenStrength= 5.4773919985164
RQWkrDrnRatio= 4.27400061208755
ICDroneMiteSurvivorship= 46.5797811513767
ICWorkerMiteSurvivorship= 53.0958893708885
ICForagerLifespan= 4.9933807682246
ImmType= Tangent
AIAdultSlope= 3.69645581957186
AIAdultLD50= 0.401763406582177
AIAdultSlopeContact= 1.88778866662178
AIAdultLD50Contact= 0.0458796491497196
AILarvaSlope= 1.55322469165549
AILarvaLD50= 0.831340480456129
AIKOW= 2.68497535353526
AIKOC= 11.428606424015
AIHalfLife= 0.359582445817068
EAppRate= 0.0563620314002037
