ICQueenStrength= 3.72918154718354
RQWkrDrnRatio= 3.16738241165876
ICDroneMiteSurvivorship= 25.3524579806253
ICWorkerMiteSurvivorship= 84.3160989461467
ICForagerLifespan= 15.6308923605829
ImmType= Polynomial
AIAdultSlope= 1.64085821316345
AIAdultLD50= 0.232587423291989
AIAdultSlopeContact= 3.28385068329284
AIAdultLD50Contact= 0.0376308300183155
AILarvaSlope= 2.27005905127153
AILarvaLD50= 0.256676492840052
AIKOW= 3.01975573413074
AIKOC= 29.4342530088034
AIHalfLife= 0.159769110614434
EAppRate= 0.5579336397117
