ICQueenStrength= 2.14741449477151
RQWkrDrnRatio= 4.80686533357948
ICDroneMiteSurvivorship= 82.1694009937346
ICWorkerMiteSurvivorship= 12.0407978771254
ICForagerLifespan= 7.09265028033406
ImmType= Cosine
AIAdultSlope= 0.298348791813478
AIAdultLD50= 0.346028406289406
AIAdultSlopeContact= 1.4168064641417
AIAdultLD50Contact= 0.0106056153541431
AILarvaSlope= 2.91238241349347
AILarvaLD50= 0.808829294890165
AIKOW= 4.22150116041303
AIKOC= 25.4572377318982
AIHalfLife= 3.99999347049743
EAppRate= 0.0981946605723351
