ICQueenStrength= 4.04147522780113
RQWkrDrnRatio= 1.20597070921212
ICDroneMiteSurvivorship= 26.9131938228384
ICWorkerMiteSurvivorship= 54.7010513721034
ICForagerLifespan= 14.8590144086629
ImmType= Polynomial
AIAdultSlopeContact= 2.39998491248116
AIAdultLD50Contact= 0.110251824976876
AILarvaSlope= 6.55863481573761
AILarvaLD50= 0.503695301711559
AIKOW= 96.4302500477061
AIKOC= 46.0646049119532
AIHalfLife= 4.87425467884168
