ICQueenStrength= 2.55759858083911
RQWkrDrnRatio= 2.81832046061754
ICDroneMiteSurvivorship= 32.398520829156
ICWorkerMiteSurvivorship= 96.2955362861976
ICForagerLifespan= 5.8951786858961
ImmType= Cosine
AIAdultSlopeContact= 0.682488107364625
AIAdultLD50Contact= 0.0349132652045228
AILarvaSlope= 0.211143972305581
AILarvaLD50= 0.713210805994459
AIKOW= 7.96259588561952
AIKOC= 6.68725980911404
AIHalfLife= 12.5155690163374
