ICQueenStrength= 5.21509202104062
RQWkrDrnRatio= 3.73616784904152
ICDroneMiteSurvivorship= 59.8489174619317
ICWorkerMiteSurvivorship= 83.2268469501287
ICForagerLifespan= 11.3518909635022
ImmType= Logarithmic
AIAdultSlope= 1.36922421838855
AIAdultLD50= 0.420051170978695
AIAdultSlopeContact= 2.06517418071628
AIAdultLD50Contact= 0.0352211516816169
AILarvaSlope= 0.420698110712692
AILarvaLD50= 0.778831077623181
AIKOW= 3.18101641116664
AIKOC= 27.5755262654275
AIHalfLife= 1.79493143223226
EAppRate= 0.498660649266094
