ICQueenStrength= 4.32669098977931
RQWkrDrnRatio= 4.0940607925877
ICDroneMiteSurvivorship= 70.9146479843184
ICWorkerMiteSurvivorship= 3.82930804044008
ICForagerLifespan= 12.6893214900047
ImmType= Polynomial
AIAdultSlope= 0.979853255208582
AIAdultLD50= 1.15170922013931
AIAdultSlopeContact= 0.200191993822809
AIAdultLD50Contact= 0.0350700612179935
AILarvaSlope= 3.10667266328819
AILarvaLD50= 0.283979015238583
AIKOW= 3.25951839238405
AIKOC= 9.56696277251467
AIHalfLife= 9.02783607598394
EAppRate= 0.383358309743926
