ICQueenStrength= 3.47299284208566
RQWkrDrnRatio= 1.19735231995583
ICDroneMiteSurvivorship= 60.1057822583243
ICWorkerMiteSurvivorship= 28.3599405782297
ICForagerLifespan= 10.6770064504817
ImmType= Polynomial
AIAdultSlopeContact= 1.61778929436347
AIAdultLD50Contact= 0.0352460963535123
AILarvaSlope= 3.12795776184648
AILarvaLD50= 0.623541565868072
AIKOW= 2.79561787098646
AIKOC= 8.8966174761299
AIHalfLife= 9.16457613091916
