ICQueenStrength= 5.22396159730852
RQWkrDrnRatio= 4.91600087471306
ICDroneMiteSurvivorship= 55.9109436580911
ICWorkerMiteSurvivorship= 18.0895517813042
ICForagerLifespan= 15.710782090202
ImmType= Polynomial
AIAdultSlopeContact= 3.87807648580754
AIAdultLD50Contact= 0.00075639495626092
AILarvaSlope= 0.433928745845333
AILarvaLD50= 0.355908287968487
AIKOW= 3.89306347910315
AIKOC= 12.6041520922445
AIHalfLife= 7.07875085715204
