ICQueenStrength= 1.60776045313105
RQWkrDrnRatio= 3.33461205940694
ICDroneMiteSurvivorship= 75.5618223687634
ICWorkerMiteSurvivorship= 49.1735445568338
ICForagerLifespan= 7.54375451337546
ImmType= Cosine
AIAdultSlope= 9.33492002077401
