ICQueenStrength= 5.40264576813206
RQWkrDrnRatio= 2.24175171833485
ICDroneMiteSurvivorship= 50.3246992826462
ICWorkerMiteSurvivorship= 97.0406973967329
ICForagerLifespan= 14.4890120150521
ImmType= Cosine
AIAdultSlopeContact= 2.6303489668644
AIAdultLD50Contact= 0.0453826705808751
AILarvaSlope= 0.0844411644618958
AILarvaLD50= 0.702159557095729
AIKOW= 5.48295967001468
AIKOC= 15.060976567911
AIHalfLife= 5.43584648659453
