ICQueenStrength= 4.61120993620716
RQWkrDrnRatio= 4.9566771062091
ICDroneMiteSurvivorship= 9.00457284878939
ICWorkerMiteSurvivorship= 72.6816941518337
ICForagerLifespan= 13.0164234004915
ImmType= Exponential
AIAdultSlope= 0.0798207137268037
AIAdultLD50= 0.0770380580797791
AIAdultSlopeContact= 0.0971253101667389
AIAdultLD50Contact= 0.0445816507795826
AILarvaSlope= 0.407851374521852
AILarvaLD50= 0.421388277132064
AIKOW= 7.27715287776664
AIKOC= 22.7561251504812
AIHalfLife= 11.6607253169641
EAppRate= 0.429159641964361
