ICQueenStrength= 5.37149783712812
RQWkrDrnRatio= 1.14480586908758
ICDroneMiteSurvivorship= 90.0971229420975
ICWorkerMiteSurvivorship= 93.1335656670853
ICForagerLifespan= 4.25645702052861
ImmType= Exponential
AIAdultSlope= 0.282230358337983
AIAdultLD50= 0.761729462072253
AIAdultSlopeContact= 3.03847467333544
AIAdultLD50Contact= 0.00650354598183185
AILarvaSlope= 1.26967881540768
AILarvaLD50= 0.86036683972925
AIKOW= 3.26839503040537
AIKOC= 21.352485382231
AIHalfLife= 5.33485322492197
EAppRate= 0.0191982437390834
