ICQueenStrength= 2.57080757315271
RQWkrDrnRatio= 2.09522061888129
ICDroneMiteSurvivorship= 72.501068841666
ICWorkerMiteSurvivorship= 31.434596888721
ICForagerLifespan= 15.7111187269911
ImmType= Logarithmic
AIAdultSlopeContact= 0.0783445133571513
AIAdultLD50Contact= 0.00440343809314072
AILarvaSlope= 2.24655473879538
AILarvaLD50= 0.0226223748642951
AIKOW= 7.10058475285769
AIKOC= 27.7509634278249
AIHalfLife= 7.69041502242908
