ICQueenStrength= 1.54933385108598
RQWkrDrnRatio= 1.99158398527652
ICDroneMiteSurvivorship= 95.6049501663074
ICWorkerMiteSurvivorship= 81.7505606682971
ICForagerLifespan= 6.45918801799417
ImmType= Logarithmic
AIAdultSlope= 6.0071022529155
