ICQueenStrength= 3.36049389350228
RQWkrDrnRatio= 1.60746921878308
ICDroneMiteSurvivorship= 39.6032450720668
ICWorkerMiteSurvivorship= 88.1822732044384
ICForagerLifespan= 7.57292534410954
ImmType= Polynomial
AIAdultSlope= 0.491751818498597
AIAdultLD50= 1.87494473461993
AIAdultSlopeContact= 0.27440298039699
AIAdultLD50Contact= 0.0302908533951268
AILarvaSlope= 1.72440989888273
AILarvaLD50= 0.344882868323475
AIKOW= 3.75470504630357
AIKOC= 18.9048623037525
AIHalfLife= 12.5649497783743
EAppRate= 0.282969516003504
