ICQueenStrength= 3.24544439930469
RQWkrDrnRatio= 1.37740819435567
ICDroneMiteSurvivorship= 68.5496619669721
ICWorkerMiteSurvivorship= 55.9875035891309
ICForagerLifespan= 12.7692047962919
ImmType= Tangent
AIAdultSlope= 3.10064652153058
AIAdultLD50= 0.163980359444395
AIAdultSlopeContact= 1.99311245201854
AIAdultLD50Contact= 0.0399459972628392
AILarvaSlope= 1.41049029231071
AILarvaLD50= 0.795375620713457
AIKOW= 4.51350518967956
AIKOC= 23.7774684338365
AIHalfLife= 3.64965348620899
EAppRate= 0.53189307814464
