ICQueenStrength= 3.61025410960428
RQWkrDrnRatio= 4.53042258042842
ICDroneMiteSurvivorship= 10.6184866279364
ICWorkerMiteSurvivorship= 49.787599244155
ICForagerLifespan= 6.51206019427627
ImmType= Exponential
AIAdultSlope= 2.90807732721325
AIAdultLD50= 0.333082835539244
AIAdultSlopeContact= 1.08401914035436
AIAdultLD50Contact= 0.0428476916393265
AILarvaSlope= 3.26082242829725
AILarvaLD50= 0.190725818322971
AIKOW= 5.03105301922187
AIKOC= 22.46894341195
AIHalfLife= 2.17146169161424
EAppRate= 0
