ICQueenStrength= 3.30168768903241
RQWkrDrnRatio= 4.53740049991757
ICDroneMiteSurvivorship= 69.3063395563513
ICWorkerMiteSurvivorship= 3.94089284818619
ICForagerLifespan= 5.35176394414157
ImmType= Polynomial
AIAdultSlopeContact= 2.67169290089048
AIAdultLD50Contact= 0.045823315391317
AILarvaSlope= 2.55475353463553
AILarvaLD50= 0.576846295734867
AIKOW= 6.9137872303836
AIKOC= 11.1998102697544
AIHalfLife= 10.3035131422803
