ICQueenStrength= 5.04231519321911
RQWkrDrnRatio= 4.57211693190038
ICDroneMiteSurvivorship= 17.651264811866
ICWorkerMiteSurvivorship= 62.9146746825427
ICForagerLifespan= 14.7907815985382
ImmType= Cosine
AIAdultSlope= 2.01867169253528
AIAdultLD50= 0.535833593923599
AIAdultSlopeContact= 0.697583714656066
AIAdultLD50Contact= 0.00539082230534405
AILarvaSlope= 3.04574994258583
AILarvaLD50= 0.720186395128258
AIKOW= 6.5406804564409
AIKOC= 11.9968245341443
AIHalfLife= 2.32280889851972
EAppRate= 0.229130694177002
