ICQueenStrength= 3.87063217256218
RQWkrDrnRatio= 2.62532067857683
ICDroneMiteSurvivorship= 14.5309282233939
ICWorkerMiteSurvivorship= 17.200933676213
ICForagerLifespan= 7.15014734212309
ImmType= Tangent
AIAdultSlope= 7.0019425614737
AIAdultLD50= 0.296115027042106
AIAdultSlopeContact= 0.643813074566424
AIAdultLD50Contact= 0.190628227032721
AILarvaSlope= 3.13364525558427
AILarvaLD50= 1.21258521499112
AIKOW= 70.4516471829265
AIKOC= 88.8495702296495
AIHalfLife= 1.33898751717061
EAppRate= 1.60876950994134
