ICQueenStrength= 2.93971748813055
RQWkrDrnRatio= 2.51234074030071
ICDroneMiteSurvivorship= 39.1424907837063
ICWorkerMiteSurvivorship= 79.9281414365396
ICForagerLifespan= 9.652971486561
ImmType= Logarithmic
AIAdultSlope= 1.2459862805251
AIAdultLD50= 0.272693305043504
AIAdultSlopeContact= 1.87590457730228
AIAdultLD50Contact= 0.00674803821602836
AILarvaSlope= 2.51402739440091
AILarvaLD50= 0.0737962368875742
AIKOW= 7.83063398487866
AIKOC= 5.86464984342456
AIHalfLife= 0.48876742948778
EAppRate= 0
