ICQueenStrength= 5.72842353163287
RQWkrDrnRatio= 2.19778901711106
ICDroneMiteSurvivorship= 16.4757607271895
ICWorkerMiteSurvivorship= 85.2328101405874
ICForagerLifespan= 13.6169413747266
ImmType= Tangent
AIAdultSlope= 0.4729715763079
AIAdultLD50= 0.255912638502195
AIAdultSlopeContact= 1.77442391372519
AIAdultLD50Contact= 0.0266790947876871
AILarvaSlope= 0.458106084540486
AILarvaLD50= 0.0118755774339661
AIKOW= 4.76205899892375
AIKOC= 20.1906061859336
AIHalfLife= 3.10418145381846
EAppRate= 0.664393638889305
