ICQueenStrength= 3.63880590675399
RQWkrDrnRatio= 1.41537188179791
ICDroneMiteSurvivorship= 32.4352158466354
ICWorkerMiteSurvivorship= 24.1193920606747
ICForagerLifespan= 8.49774973001331
ImmType= Logarithmic
AIAdultSlope= 1.14480057228357
AIAdultLD50= 2.37460493738763
AIAdultSlopeContact= 2.90724807534367
AIAdultLD50Contact= 0.018087858823128
AILarvaSlope= 3.03939688061364
AILarvaLD50= 0.601765311439522
AIKOW= 2.94215921219438
AIKOC= 16.7472980578896
AIHalfLife= 1.61932389158756
EAppRate= 0.604118889896199
