ICQueenStrength= 4.14366439543664
RQWkrDrnRatio= 3.48788191191852
