ICQueenStrength= 5.84642616356723
RQWkrDrnRatio= 3.82385926041752
ICDroneMiteSurvivorship= 93.8900199485943
ICWorkerMiteSurvivorship= 18.8285712152719
ICForagerLifespan= 10.5020356271416
ImmType= Polynomial
AIAdultSlope= 0.427416719987523
AIAdultLD50= 0.16789914004039
AIAdultSlopeContact= 2.32228252502158
AIAdultLD50Contact= 0.0459154549520463
AILarvaSlope= 0.99408664307557
AILarvaLD50= 0.876875664596446
AIKOW= 5.53795766597614
AIKOC= 20.6000461138319
AIHalfLife= 4.41243829904124
EAppRate= 0.605963751487434
