ICQueenStrength= 4.34506481536664
RQWkrDrnRatio= 1.01418925635517
ICDroneMiteSurvivorship= 56.4655280206352
ICWorkerMiteSurvivorship= 93.7633199850097
ICForagerLifespan= 14.7720527919009
ImmType= Sine
AIAdultSlope= 2.41593442990445
AIAdultLD50= 0.200772449024953
AIAdultSlopeContact= 2.64400984787615
AIAdultLD50Contact= 0.0193927885848098
AILarvaSlope= 0.753257709695026
AILarvaLD50= 0.169469920825213
AIKOW= 4.93658815464005
AIKOC= 28.5430298664141
AIHalfLife= 3.9011751441285
EAppRate= 0.0526687450939789
