ICQueenStrength= 2.12884430331178
RQWkrDrnRatio= 3.59646883141249
ICDroneMiteSurvivorship= 66.8398345122114
ICWorkerMiteSurvivorship= 13.4707869961858
ICForagerLifespan= 13.67719928734
ImmType= Sine
AIAdultSlopeContact= 2.25543361546705
AIAdultLD50Contact= 0.0156828169827349
AILarvaSlope= 3.218803017959
AILarvaLD50= 0.784770352346823
AIKOW= 6.44893432222307
AIKOC= 29.9840925680473
AIHalfLife= 13.6268000514247
