ICQueenStrength= 1.41157831437886
RQWkrDrnRatio= 3.75857653934509
