ICQueenStrength= 5.77182387257926
RQWkrDrnRatio= 1.56824883911759
ICDroneMiteSurvivorship= 50.5739620886743
ICWorkerMiteSurvivorship= 7.66673674806952
ICForagerLifespan= 5.83040156681091
ImmType= Sine
AIAdultSlope= 2.55243697944097
AIAdultLD50= 2.32298901700415
AIAdultSlopeContact= 0.225367907350883
AIAdultLD50Contact= 0.0160458617843688
AILarvaSlope= 1.98954143757001
AILarvaLD50= 0.478350762790069
AIKOW= 4.95131484279409
AIKOC= 5.1678146829363
AIHalfLife= 5.72224149433896
EAppRate= 0.582687187939882
