ICQueenStrength= 2.27803778043017
RQWkrDrnRatio= 4.31073093321174
ICDroneMiteSurvivorship= 17.2015631571412
ICWorkerMiteSurvivorship= 31.5970668336377
ICForagerLifespan= 15.5298486519605
ImmType= Polynomial
AIAdultSlope= 1.35963343256153
AIAdultLD50= 0.61310954997316
AIAdultSlopeContact= 3.7231781399413
AIAdultLD50Contact= 0.0398416414158419
AILarvaSlope= 0.137036350183189
AILarvaLD50= 0.0991642302833498
AIKOW= 2.56711607053876
AIKOC= 9.30836697341874
AIHalfLife= 0.402458055876195
EAppRate= 0.208972035441548
