ICQueenStrength= 1.62006471445784
RQWkrDrnRatio= 1.19961644522846
ICDroneMiteSurvivorship= 39.7201469633728
ICWorkerMiteSurvivorship= 92.6351258996874
ICForagerLifespan= 11.5071281353012
ImmType= Exponential
AIAdultSlopeContact= 1.83384540528059
AIAdultLD50Contact= 0.0356612172327004
AILarvaSlope= 0.103725139191374
AILarvaLD50= 0.126015343610197
AIKOW= 2.07387002278119
AIKOC= 24.5568132854532
AIHalfLife= 1.7802909729071
