ICQueenStrength= 4.51546067744493
RQWkrDrnRatio= 3.50106104556471
ICDroneMiteSurvivorship= 56.2324505997822
ICWorkerMiteSurvivorship= 26.8328459002078
ICForagerLifespan= 4.94391763489693
ImmType= Exponential
AIAdultSlopeContact= 0.0135361201758496
AIAdultLD50Contact= 0.0386254099197686
AILarvaSlope= 0.150449510896578
AILarvaLD50= 0.787188649177551
AIKOW= 6.85715502034873
AIKOC= 12.6632366224658
AIHalfLife= 8.11523314891383
