ICQueenStrength= 3.13935213396326
RQWkrDrnRatio= 4.49393405765295
ICDroneMiteSurvivorship= 70.5075572477654
ICWorkerMiteSurvivorship= 63.4054197464138
ICForagerLifespan= 8.13464703690261
ImmType= Polynomial
AIAdultSlope= 0.78231514156796
AIAdultLD50= 0.609277796465904
AIAdultSlopeContact= 1.1583348587947
AIAdultLD50Contact= 0.0301688949461095
AILarvaSlope= 0.559839381696656
AILarvaLD50= 0.480962632969022
AIKOW= 4.26422281423584
AIKOC= 14.8165693168994
AIHalfLife= 11.4941259226762
EAppRate= 0.123577610123903
