ICQueenStrength= 3.00796522782184
RQWkrDrnRatio= 1.49595639575273
ICDroneMiteSurvivorship= 85.4916689218953
ICWorkerMiteSurvivorship= 73.4709882643074
ICForagerLifespan= 10.3090987727046
ImmType= Tangent
AIAdultSlope= 2.64844410340302
AIAdultLD50= 2.6149247372523
AIAdultSlopeContact= 3.85604635947151
AIAdultLD50Contact= 0.0137600228656083
AILarvaSlope= 1.04694082606584
AILarvaLD50= 0.561787696857937
AIKOW= 2.84002538397908
AIKOC= 16.2461979268119
AIHalfLife= 8.86009419150651
EAppRate= 0.624885745346546
