ICQueenStrength= 3.4830409605056
RQWkrDrnRatio= 3.14062577392906
ICDroneMiteSurvivorship= 87.3293663142249
ICWorkerMiteSurvivorship= 57.8118137549609
ICForagerLifespan= 5.89486431423575
ImmType= Sine
AIAdultSlope= 9.10673590376973
AIAdultLD50= 0.230244897305965
AIAdultSlopeContact= 7.76348255109042
AIAdultLD50Contact= 0.0425579918548465
AILarvaSlope= 7.24257196765393
AILarvaLD50= 1.45092245750129
AIKOW= 53.227209020406
AIKOC= 51.6792591894045
AIHalfLife= 4.41854429198429
EAppRate= 1.20258065033704
