ICQueenStrength= 2.47858824115247
RQWkrDrnRatio= 3.71530446503311
ICDroneMiteSurvivorship= 50.3475245786831
ICWorkerMiteSurvivorship= 32.4802636401728
ICForagerLifespan= 6.65058397687972
ImmType= Tangent
AIAdultSlopeContact= 0.821404796673451
AIAdultLD50Contact= 0.0456039664451964
AILarvaSlope= 3.28157093944028
AILarvaLD50= 0.725286662089638
AIKOW= 2.70897214161232
AIKOC= 29.593013478443
AIHalfLife= 5.68892375379801
