ICQueenStrength= 1.44143732869998
RQWkrDrnRatio= 2.58154172915965
ICDroneMiteSurvivorship= 84.5204960089177
ICWorkerMiteSurvivorship= 10.366696305573
ICForagerLifespan= 15.4038763949648
ImmType= Cosine
AIAdultSlope= 0.429237161297351
