ICQueenStrength= 3.89696870255284
RQWkrDrnRatio= 4.38296816684306
ICDroneMiteSurvivorship= 43.592776125297
ICWorkerMiteSurvivorship= 89.0866467729211
ICForagerLifespan= 13.2563655683771
ImmType= Tangent
AIAdultSlope= 3.29665370127186
AIAdultLD50= 1.70460009528324
AIAdultSlopeContact= 3.60432833806844
AIAdultLD50Contact= 0.0251877723145299
AILarvaSlope= 0.543288740422577
AILarvaLD50= 0.272828381066211
AIKOW= 3.45378944603726
AIKOC= 13.0623648362234
AIHalfLife= 4.2631190624088
EAppRate= 0.0301382327452302
