ICQueenStrength= 3.61679933872074
RQWkrDrnRatio= 2.6428574025631
ICDroneMiteSurvivorship= 25.650416710414
ICWorkerMiteSurvivorship= 51.2374052079394
ICForagerLifespan= 14.2929518315941
ImmType= Logarithmic
AIAdultSlope= 2.29130278904922
AIAdultLD50= 0.300739799626172
AIAdultSlopeContact= 3.53455404874636
AIAdultLD50Contact= 0.00249132920289412
AILarvaSlope= 1.30229444443248
AILarvaLD50= 0.140887096873485
AIKOW= 3.94900853233412
AIKOC= 13.9755793393124
AIHalfLife= 0.000577397644519806
EAppRate= 0.00946589023806155
