ICQueenStrength= 3.16207570047118
RQWkrDrnRatio= 3.43876208923757
ICDroneMiteSurvivorship= 85.5390360578895
ICWorkerMiteSurvivorship= 65.0188053958118
ICForagerLifespan= 8.88410071004182
ImmType= Exponential
AIAdultSlope= 2.64340304302052
AIAdultLD50= 0.27984311140608
AIAdultSlopeContact= 2.33560405000811
AIAdultLD50Contact= 0.00715928149875253
AILarvaSlope= 2.80569506725296
AILarvaLD50= 0.618568340060301
AIKOW= 4.94585258560255
AIKOC= 19.3848208128475
AIHalfLife= 2.45338322944008
EAppRate= 0.218361574131995
