ICQueenStrength= 5.10701593151316
RQWkrDrnRatio= 4.58300601691008
ICDroneMiteSurvivorship= 19.7104027960449
ICWorkerMiteSurvivorship= 24.5017376495525
ICForagerLifespan= 7.59566772449762
ImmType= Polynomial
AIAdultSlope= 2.68916676286608
AIAdultSlopeContact= 1.21261808190728
AIAdultLD50Contact= 0.0060831438517198
AILarvaSlope= 2.84800997348502
AILarvaLD50= 0.727309158956632
AIKOW= 3.24432597216219
AIKOC= 22.905874241842
AIHalfLife= 13.4621014022268
