ICQueenStrength= 1.62919457210228
RQWkrDrnRatio= 4.1411060616374
ICDroneMiteSurvivorship= 91.9156013987958
ICWorkerMiteSurvivorship= 21.922473795712
ICForagerLifespan= 11.5922609688714
ImmType= Cosine
AIAdultSlope= 2.42897802811582
AIAdultLD50= 0.489591873483732
AIAdultSlopeContact= 2.40988383086398
AIAdultLD50Contact= 0.0415231001679786
AILarvaSlope= 1.55752058755606
AILarvaLD50= 0.323756977706216
AIKOW= 6.45585699332878
AIKOC= 14.3779633985832
AIHalfLife= 0.440481606638059
EAppRate= 0
