ICQueenStrength= 3.05899229156785
RQWkrDrnRatio= 4.32587646320462
ICDroneMiteSurvivorship= 41.0770586458966
ICWorkerMiteSurvivorship= 39.0948623418808
ICForagerLifespan= 10.0418770806864
ImmType= Cosine
AIAdultSlopeContact= 5.66583662759513
AIAdultLD50Contact= 0.0677748951595277
AILarvaSlope= 8.01573732169345
AILarvaLD50= 0.702652191277593
AIKOW= 77.3008019896224
AIKOC= 25.9748318465427
AIHalfLife= 3.91710467077792
