ICQueenStrength= 3.96103848260827
RQWkrDrnRatio= 1.22546447720379
ICDroneMiteSurvivorship= 49.6624795719981
ICWorkerMiteSurvivorship= 29.1445762850344
ICForagerLifespan= 12.5291358241811
ImmType= Exponential
AIAdultSlope= 1.23092061649309
AIAdultLD50= 0.232514068251476
AIAdultSlopeContact= 3.11338021103293
AIAdultLD50Contact= 0.0394226699951105
AILarvaSlope= 1.57957697981037
AILarvaLD50= 0.00493966194335371
AIKOW= 4.22702581947669
AIKOC= 17.0453000767156
AIHalfLife= 3.87977770180441
EAppRate= 0.622483354597352
