ICQueenStrength= 1.97596916602924
RQWkrDrnRatio= 3.33630828373134
ICDroneMiteSurvivorship= 24.1644342895597
ICWorkerMiteSurvivorship= 30.1254513207823
ICForagerLifespan= 10.3390637580305
ImmType= Exponential
AIAdultSlope= 3.67607887061778
AIAdultLD50= 0.0762117928825319
AIAdultSlopeContact= 0.551950161333662
AIAdultLD50Contact= 0.00520610344829038
AILarvaSlope= 0.720899716345593
AILarvaLD50= 0.591762647219002
AIKOW= 7.2782664373517
AIKOC= 11.3547720259521
AIHalfLife= 4.63507220498286
EAppRate= 0.155838729324751
