ICQueenStrength= 1.88491724454798
RQWkrDrnRatio= 1.90344533789903
ICDroneMiteSurvivorship= 3.42332080472261
ICWorkerMiteSurvivorship= 86.1002604709938
ICForagerLifespan= 7.15255094505847
ImmType= Sine
AIAdultSlope= 1.16625334555283
AIAdultLD50= 1.45229144068435
AIAdultSlopeContact= 2.31467332460918
AIAdultLD50Contact= 0.0459902223432437
AILarvaSlope= 0.0718104886356741
AILarvaLD50= 0.878119987458922
AIKOW= 7.57843857537955
AIKOC= 14.0775970078539
AIHalfLife= 8.60436836490408
EAppRate= 0.22974043386057
