ICQueenStrength= 5.17685987660661
RQWkrDrnRatio= 2.50044606160372
ICDroneMiteSurvivorship= 50.6640477338806
ICWorkerMiteSurvivorship= 98.0954986996949
ICForagerLifespan= 10.7043618559837
ImmType= Logarithmic
AIAdultSlopeContact= 0.817627912557218
AIAdultLD50Contact= 0.036748097196687
AILarvaSlope= 0.380960891954601
AILarvaLD50= 0.0172131113475189
AIKOW= 4.43798848893493
AIKOC= 10.9497866255697
AIHalfLife= 1.74584430549294
