ICQueenStrength= 2.60355299245566
RQWkrDrnRatio= 1.56499999109656
ICDroneMiteSurvivorship= 80.6134424870834
ICWorkerMiteSurvivorship= 55.1423656288534
ICForagerLifespan= 10.5085223931819
ImmType= Polynomial
AIAdultSlopeContact= 1.42475026336731
AIAdultLD50Contact= 0.0498712132917717
AILarvaSlope= 1.3462346770335
AILarvaLD50= 0.55869789768476
AIKOW= 4.11056021368131
AIKOC= 19.0878808160778
AIHalfLife= 6.16156981699169
