ICQueenStrength= 2.57970443251543
RQWkrDrnRatio= 4.63783156592399
ICDroneMiteSurvivorship= 64.7744636517018
ICWorkerMiteSurvivorship= 48.0363556183875
ICForagerLifespan= 8.19100208673626
ImmType= Exponential
AIAdultSlope= 3.511514368637
AIAdultLD50= 0.280364829930477
AIAdultSlopeContact= 0.955991659008432
AIAdultLD50Contact= 0.0196738850674592
AILarvaSlope= 2.72092066146433
AILarvaLD50= 0.2090513427509
AIKOW= 6.22949059167877
AIKOC= 25.2754627156537
AIHalfLife= 4.16780663072132
EAppRate= 0.281425658334047
