ICQueenStrength= 5.9668126704637
RQWkrDrnRatio= 4.62973921839148
ICDroneMiteSurvivorship= 24.4016106938943
ICWorkerMiteSurvivorship= 25.4411746514961
ICForagerLifespan= 6.88635909557343
ImmType= Logarithmic
AIAdultSlope= 2.24217792782001
AIAdultLD50= 2.57470736908726
AIAdultSlopeContact= 0.032751789665781
AIAdultLD50Contact= 0.0444898749003187
AILarvaSlope= 0.734857117105275
AILarvaLD50= 0.789463435881771
AIKOW= 3.17840387532488
AIKOC= 9.99195167794824
AIHalfLife= 0.176943589001894
EAppRate= 0.361333714565262
