ICQueenStrength= 4.36507796542719
RQWkrDrnRatio= 4.72796468436718
ICDroneMiteSurvivorship= 51.1163978138939
ICWorkerMiteSurvivorship= 78.9724091766402
ICForagerLifespan= 14.0274201659486
ImmType= Logarithmic
AIAdultSlope= 0.780923771860544
AIAdultLD50= 0.0435422806767747
AIAdultSlopeContact= 2.24111389856553
AIAdultLD50Contact= 0.0446066168020479
AILarvaSlope= 2.53387279612944
AILarvaLD50= 0.186497347033583
AIKOW= 2.49002964049578
AIKOC= 5.46813027001917
AIHalfLife= 1.19801474735141
EAppRate= 0
