ICQueenStrength= 5.8953513300512
RQWkrDrnRatio= 3.22818281315267
ICDroneMiteSurvivorship= 34.9305521696806
ICWorkerMiteSurvivorship= 55.9171362780035
ICForagerLifespan= 11.8208734635264
ImmType= Logarithmic
AIAdultSlope= 0.324523155293427
AIAdultLD50= 0.172423056210391
AIAdultSlopeContact= 2.28977071789792
AIAdultLD50Contact= 0.0489824776770547
AILarvaSlope= 0.758110586833209
AILarvaLD50= 0.296661104215309
AIKOW= 4.66203410224989
AIKOC= 19.1439476807136
AIHalfLife= 2.51581235905178
EAppRate= 0.02931274601724
