ICQueenStrength= 3.03650403418578
RQWkrDrnRatio= 4.94970752485096
ICDroneMiteSurvivorship= 81.9152808282524
ICWorkerMiteSurvivorship= 51.6492529306561
ICForagerLifespan= 7.69580654799938
ImmType= Cosine
AIAdultSlope= 8.07224079966545
AIAdultLD50= 0.911671428242698
AIAdultSlopeContact= 0.915675994474441
AIAdultLD50Contact= 0.0396369458176196
AILarvaSlope= 2.89865453029051
AILarvaLD50= 0.229684385005385
AIKOW= 78.6065794760361
AIKOC= 52.9778572963551
AIHalfLife= 8.1601435970515
EAppRate= 1.64382514636964
