ICQueenStrength= 2.55360470060259
RQWkrDrnRatio= 4.34642859734595
ICDroneMiteSurvivorship= 20.6418470246717
ICWorkerMiteSurvivorship= 3.69908481370658
ICForagerLifespan= 15.9000481013209
ImmType= Logarithmic
AIAdultSlope= 0.472177485167049
AIAdultLD50= 0.241061733104289
AIAdultSlopeContact= 3.46426502341172
AIAdultLD50Contact= 0.0395254140952602
AILarvaSlope= 2.11621355414391
AILarvaLD50= 0.105311374529265
AIKOW= 6.99914983287454
AIKOC= 8.30545532051474
AIHalfLife= 4.79654302238487
EAppRate= 0.39177535797935
