ICQueenStrength= 2.81476435624063
RQWkrDrnRatio= 1.16300741489977
ICDroneMiteSurvivorship= 82.7428462449461
ICWorkerMiteSurvivorship= 74.6308550238609
ICForagerLifespan= 5.07528140861541
ImmType= Exponential
AIAdultSlope= 0.270234161382541
AIAdultSlopeContact= 0.766459915735759
AIAdultLD50Contact= 0.0390075057162903
AILarvaSlope= 2.05620245439932
AILarvaLD50= 0.538931911136024
AIKOW= 5.76601519202814
AIKOC= 5.75080096139573
AIHalfLife= 2.28347407188267
