ICQueenStrength= 5.28768240264617
RQWkrDrnRatio= 4.98237147554755
ICDroneMiteSurvivorship= 12.6675155479461
ICWorkerMiteSurvivorship= 55.2105499664322
ICForagerLifespan= 15.714284747839
ImmType= Sine
AIAdultSlope= 0.690713049676269
AIAdultLD50= 0.334638532018289
AIAdultSlopeContact= 1.69198158790357
AIAdultLD50Contact= 0.0238538231351413
AILarvaSlope= 0.450665486091748
AILarvaLD50= 0.777464260580018
AIKOW= 2.78021807270125
AIKOC= 12.7422359609045
AIHalfLife= 1.93291748175398
EAppRate= 0.627371372352354
