ICQueenStrength= 2.55584352556616
RQWkrDrnRatio= 3.81243228074163
ICDroneMiteSurvivorship= 71.9235053285956
ICWorkerMiteSurvivorship= 46.8678050208837
ICForagerLifespan= 7.53723081666976
ImmType= Polynomial
AIAdultSlope= 4.67995160957798
