ICQueenStrength= 3.87856808979996
RQWkrDrnRatio= 1.30374470446259
ICDroneMiteSurvivorship= 59.6348197199404
ICWorkerMiteSurvivorship= 79.2993143200874
ICForagerLifespan= 13.3182803513482
ImmType= Logarithmic
AIAdultSlope= 2.32397536514327
AIAdultSlopeContact= 3.9915556833148
AIAdultLD50Contact= 0.0855896435212344
AILarvaSlope= 5.45147804077715
AILarvaLD50= 1.71063831122592
AIKOW= 35.0209553958848
AIKOC= 40.1670654769987
AIHalfLife= 9.01902829762548
EAppRate= 0.80439382744953
