ICQueenStrength= 2.94266826845706
RQWkrDrnRatio= 4.29888121876866
ICDroneMiteSurvivorship= 86.6688393056393
ICWorkerMiteSurvivorship= 81.1517838388681
ICForagerLifespan= 8.92916272394359
ImmType= Cosine
AIAdultSlope= 7.74589439854026
