ICQueenStrength= 3.77952348580584
RQWkrDrnRatio= 2.50974802486598
ICDroneMiteSurvivorship= 21.600020956248
ICWorkerMiteSurvivorship= 18.3645292883739
ICForagerLifespan= 14.7589946864173
ImmType= Logarithmic
AIAdultSlope= 2.976425780633
AIAdultLD50= 0.145467830705456
AIAdultSlopeContact= 1.73835927353706
AIAdultLD50Contact= 0.0169949195813388
AILarvaSlope= 1.67540450720116
AILarvaLD50= 0.456220374000259
AIKOW= 4.54559379862621
AIKOC= 10.1096668001264
AIHalfLife= 4.92382913827896
EAppRate= 0
