ICQueenStrength= 3.71827708580531
RQWkrDrnRatio= 2.84668861795217
ICDroneMiteSurvivorship= 11.7169706150889
ICWorkerMiteSurvivorship= 25.7186132483184
ICForagerLifespan= 7.82645514700562
ImmType= Exponential
AIAdultSlopeContact= 2.79895614010748
AIAdultLD50Contact= 0.0106700322940014
AILarvaSlope= 0.847819408634678
AILarvaLD50= 0.80365356313996
AIKOW= 4.27198012871668
AIKOC= 19.8236572102178
AIHalfLife= 0.255422273650765
