ICQueenStrength= 4.79096141201444
RQWkrDrnRatio= 2.58221706654876
ICDroneMiteSurvivorship= 38.0196659360081
ICWorkerMiteSurvivorship= 94.9211014667526
ICForagerLifespan= 6.1643431102857
ImmType= Logarithmic
AIAdultSlope= 1.17608403876191
AIAdultLD50= 0.433520829537883
AIAdultSlopeContact= 1.00960879283259
AIAdultLD50Contact= 0.043241226952523
AILarvaSlope= 0.539970474271104
AILarvaLD50= 0.540813845372759
AIKOW= 5.21809960855171
AIKOC= 14.9316315550823
AIHalfLife= 3.89802524470724
EAppRate= 0
