ICQueenStrength= 3.61851234361529
RQWkrDrnRatio= 4.04527657292783
ICDroneMiteSurvivorship= 5.93766174279153
ICWorkerMiteSurvivorship= 20.2972816536203
ICForagerLifespan= 15.1997330114245
ImmType= Polynomial
AIAdultLD50= 0.154012839635834
AIAdultSlopeContact= 2.01804054490523
AIAdultLD50Contact= 0.0227295998833142
AILarvaSlope= 2.95108312466182
AILarvaLD50= 0.731597359688021
AIKOW= 5.31259967992082
AIKOC= 18.2913717825431
AIHalfLife= 3.44938040943816
EAppRate= 1.05662005068734
