ICQueenStrength= 5.1168945573736
RQWkrDrnRatio= 1.84806996490806
ICDroneMiteSurvivorship= 55.4971104254946
ICWorkerMiteSurvivorship= 67.7093161270022
ICForagerLifespan= 15.8163281157613
ImmType= Cosine
AIAdultLD50= 0.154012839635834
AIAdultSlopeContact= 2.05884893160313
AIAdultLD50Contact= 0.0126956796157174
AILarvaSlope= 0.325154679827392
AILarvaLD50= 0.513034362718463
AIKOW= 6.54723757039756
AIKOC= 21.0624957527034
AIHalfLife= 7.28696050448343
EAppRate= 1.08681658282876
