ICQueenStrength= 3.34109875862487
RQWkrDrnRatio= 4.5654978249222
ICDroneMiteSurvivorship= 72.2912610275671
ICWorkerMiteSurvivorship= 57.2364417137578
ICForagerLifespan= 15.8732074452564
ImmType= Logarithmic
AIAdultSlopeContact= 2.65786778214388
AIAdultLD50Contact= 0.0466209660866298
AILarvaSlope= 1.62362590557896
AILarvaLD50= 0.453103199112229
AIKOW= 7.56444679992273
AIKOC= 5.85007772431709
AIHalfLife= 11.2870907620527
