ICQueenStrength= 5.28457647678442
RQWkrDrnRatio= 1.33555816393346
ICDroneMiteSurvivorship= 60.9704638132825
ICWorkerMiteSurvivorship= 83.4754849318415
ICForagerLifespan= 9.33293558750302
ImmType= Polynomial
AIAdultSlopeContact= 2.71630192848388
AIAdultLD50Contact= 0.0101158205536194
AILarvaSlope= 1.42572241779417
AILarvaLD50= 0.855423744558357
AIKOW= 5.13616683753207
AIKOC= 21.1543620342854
AIHalfLife= 8.22163628973067
