ICQueenStrength= 1.73146191309206
RQWkrDrnRatio= 3.75860626157373
ICDroneMiteSurvivorship= 34.8874831339344
ICWorkerMiteSurvivorship= 19.5109823020175
ICForagerLifespan= 7.47097214311361
ImmType= Tangent
AIAdultSlope= 1.92936315075494
AIAdultLD50= 1.65690598497167
AIAdultSlopeContact= 3.08701966570225
AIAdultLD50Contact= 0.00308046612190083
AILarvaSlope= 0.370711842831224
AILarvaLD50= 0.0210960349068046
AIKOW= 5.21071257581934
AIKOC= 6.93977786693722
AIHalfLife= 8.83072553388774
EAppRate= 0.93671842222102
