ICQueenStrength= 3.58779730647802
RQWkrDrnRatio= 4.60699798446149
ICDroneMiteSurvivorship= 3.77921208273619
ICWorkerMiteSurvivorship= 86.8233384098858
ICForagerLifespan= 14.6693587172776
ImmType= Polynomial
AIAdultSlope= 3.00351708734874
AIAdultLD50= 0.104965833364986
AIAdultSlopeContact= 0.161560655208305
AIAdultLD50Contact= 0.0242046429892071
AILarvaSlope= 3.04913023249246
AILarvaLD50= 0.843232306838036
AIKOW= 6.63883331930265
AIKOC= 9.6675895282533
AIHalfLife= 2.08032011869363
EAppRate= 0.203978705266491
