ICQueenStrength= 5.65760089457035
RQWkrDrnRatio= 1.5687815900892
ICDroneMiteSurvivorship= 65.097092743963
ICWorkerMiteSurvivorship= 43.0751315085217
ICForagerLifespan= 10.3995389910415
ImmType= Polynomial
AIAdultSlope= 5.41778961895034
AIAdultLD50= 0.463675911771134
AIAdultSlopeContact= 7.26683257846162
AIAdultLD50Contact= 0.0945880593266338
AILarvaSlope= 2.75287011871114
AILarvaLD50= 1.3108258661814
AIKOW= 57.6293328776956
AIKOC= 11.2014102051035
AIHalfLife= 7.16202700510621
EAppRate= 0.742287635337561
