ICQueenStrength= 2.63342754822224
RQWkrDrnRatio= 3.24364280700684
ICDroneMiteSurvivorship= 88.2391151739284
ICWorkerMiteSurvivorship= 47.2764837322757
ICForagerLifespan= 9.03551987465471
ImmType= Cosine
AIAdultSlope= 3.53003053946653
AIAdultLD50= 0.357477241079323
AIAdultSlopeContact= 1.48214665945619
AIAdultLD50Contact= 0.0214948051492684
AILarvaSlope= 2.57868771092035
AILarvaLD50= 0.166236345190555
AIKOW= 2.27835905505344
AIKOC= 8.44593073241413
AIHalfLife= 3.87343207374215
EAppRate= 0.0769821294816211
