ICQueenStrength= 3.22841500071809
RQWkrDrnRatio= 4.60345522034913
ICDroneMiteSurvivorship= 61.0482530901209
ICWorkerMiteSurvivorship= 91.3402650505304
ICForagerLifespan= 5.40511205047369
ImmType= Cosine
AIAdultSlope= 1.3281110269879
AIAdultLD50= 0.244255265570246
AIAdultSlopeContact= 1.89026864726795
AIAdultLD50Contact= 0.0303195527754724
AILarvaSlope= 0.10534052355215
AILarvaLD50= 0.852412706147879
AIKOW= 2.00535719562322
AIKOC= 12.893123087706
AIHalfLife= 0.814567551715299
EAppRate= 0.0973297343123704
