ICQueenStrength= 2.86486092279665
RQWkrDrnRatio= 4.62402382399887
ICDroneMiteSurvivorship= 40.6225640093908
ICWorkerMiteSurvivorship= 68.3079757727683
ICForagerLifespan= 13.3949824962765
ImmType= Tangent
AIAdultLD50= 0.154012839635834
AIAdultSlopeContact= 0.323921386732254
AIAdultLD50Contact= 0.0495866383309476
AILarvaSlope= 0.807342588063329
AILarvaLD50= 0.0827052953420207
AIKOW= 5.43843610677868
AIKOC= 19.8009721946437
AIHalfLife= 4.06901918863878
EAppRate= 0.749327931087464
