ICQueenStrength= 4.97930008359253
RQWkrDrnRatio= 4.55703588016331
ICDroneMiteSurvivorship= 37.9442814039066
ICWorkerMiteSurvivorship= 29.9985563848168
ICForagerLifespan= 5.52875174954534
ImmType= Polynomial
AIAdultSlope= 3.36673266794533
AIAdultLD50= 0.764964033616707
AIAdultSlopeContact= 1.15659652374918
AIAdultLD50Contact= 0.0238493348588236
AILarvaSlope= 3.15072420537472
AILarvaLD50= 0.700775335868821
AIKOW= 2.43292286107317
AIKOC= 16.8279524962418
AIHalfLife= 4.62502888496965
EAppRate= 0.603466339875013
