ICQueenStrength= 2.75236125593074
RQWkrDrnRatio= 2.47944836318493
ICDroneMiteSurvivorship= 42.1577921835706
ICWorkerMiteSurvivorship= 12.4182593310252
ICForagerLifespan= 15.2066896110773
ImmType= Logarithmic
AIAdultSlopeContact= 0.89727857662132
AIAdultLD50Contact= 0.0232029628008604
AILarvaSlope= 3.0401025082916
AILarvaLD50= 0.149845374072902
AIKOW= 4.48759727599099
AIKOC= 23.1587089668028
AIHalfLife= 1.50682137208059
