ICQueenStrength= 1.55199406924658
RQWkrDrnRatio= 4.73222976271063
ICDroneMiteSurvivorship= 56.7535389680415
ICWorkerMiteSurvivorship= 50.7794965058565
ICForagerLifespan= 5.56930498126894
ImmType= Exponential
AIAdultSlope= 2.98925024224445
AIAdultLD50= 0.155696209520102
AIAdultSlopeContact= 4.81403157813475
AIAdultLD50Contact= 0.0178808830678463
AILarvaSlope= 3.30818868940696
AILarvaLD50= 0.0354826687835157
AIKOW= 14.8011279292405
AIKOC= 95.0523363659158
AIHalfLife= 8.80187682621181
EAppRate= 0.500587635673583
