ICQueenStrength= 5.68114249990322
RQWkrDrnRatio= 2.16258723847568
ICDroneMiteSurvivorship= 88.0791077157483
ICWorkerMiteSurvivorship= 71.1924826027825
ICForagerLifespan= 10.8300087666139
ImmType= Exponential
AIAdultSlope= 0.405753480968997
AIAdultLD50= 1.88530735694803
AIAdultSlopeContact= 2.84945015280973
AIAdultLD50Contact= 0.00935346803162247
AILarvaSlope= 1.70938463509083
AILarvaLD50= 0.625759515515529
AIKOW= 2.15767635870725
AIKOC= 24.0027000673581
AIHalfLife= 7.3900435664691
EAppRate= 0.427335103740916
