ICQueenStrength= 4.65066523081623
RQWkrDrnRatio= 1.65853306744248
ICDroneMiteSurvivorship= 64.4672335823998
ICWorkerMiteSurvivorship= 44.4615114945918
ICForagerLifespan= 11.851549946703
ImmType= Tangent
AIAdultSlope= 0.320190605206881
AIAdultLD50= 0.245059452950954
AIAdultSlopeContact= 3.34815923980437
AIAdultLD50Contact= 0.0481011183816008
AILarvaSlope= 1.84935678136535
AILarvaLD50= 0.844901843857952
AIKOW= 7.62127833999693
AIKOC= 22.1867375145666
AIHalfLife= 2.94261325267144
EAppRate= 0
