ICQueenStrength= 4.44869108870625
RQWkrDrnRatio= 4.56316388119012
ICDroneMiteSurvivorship= 43.4563476825133
ICWorkerMiteSurvivorship= 77.6371393352747
ICForagerLifespan= 11.0469556944445
ImmType= Tangent
AIAdultSlope= 8.9193687797524
