ICQueenStrength= 2.78429943858646
RQWkrDrnRatio= 2.56409109849483
ICDroneMiteSurvivorship= 99.8612502822652
ICWorkerMiteSurvivorship= 48.2183045241982
ICForagerLifespan= 10.5873605627567
ImmType= Exponential
AIAdultSlope= 2.05678664147854
