ICQueenStrength= 5.86230600276031
RQWkrDrnRatio= 2.50827648397535
ICDroneMiteSurvivorship= 57.9020522767678
ICWorkerMiteSurvivorship= 42.7904861047864
ICForagerLifespan= 4.70329067390412
ImmType= Polynomial
AIAdultSlope= 2.99908920910209
AIAdultLD50= 0.316946448408999
AIAdultSlopeContact= 3.50917893256992
AIAdultLD50Contact= 0.0318603413994424
AILarvaSlope= 2.64026746149175
AILarvaLD50= 0.292869454971515
AIKOW= 4.66086702700704
AIKOC= 6.0664336849004
AIHalfLife= 3.5305248037912
EAppRate= 0.132869851123542
