ICQueenStrength= 5.69748506788164
RQWkrDrnRatio= 1.11283131595701
ICDroneMiteSurvivorship= 85.074327327311
ICWorkerMiteSurvivorship= 5.47116189263761
ICForagerLifespan= 9.01793386228383
ImmType= Exponential
AIAdultSlope= 2.44906733571552
AIAdultLD50= 2.18579778587446
AIAdultSlopeContact= 0.809434949434362
AIAdultLD50Contact= 0.000818694499321282
AILarvaSlope= 3.37242881483398
AILarvaLD50= 0.420599716482684
AIKOW= 3.93235953710973
AIKOC= 6.63792393286712
AIHalfLife= 7.91836015228182
EAppRate= 0.176239231135696
