ICQueenStrength= 1.95067040412687
RQWkrDrnRatio= 1.87490464095026
ICDroneMiteSurvivorship= 10.3431691648439
ICWorkerMiteSurvivorship= 75.8979492122307
ICForagerLifespan= 5.85347842983902
ImmType= Exponential
AIAdultSlopeContact= 2.02089639471145
AIAdultLD50Contact= 0.0228672929224558
AILarvaSlope= 0.918098934879526
AILarvaLD50= 0.593787364033051
AIKOW= 2.68488125689328
AIKOC= 21.3555307546631
AIHalfLife= 10.3876033695415
