ICQueenStrength= 1.89667694759555
RQWkrDrnRatio= 2.85129586979747
ICDroneMiteSurvivorship= 34.1687037842348
ICWorkerMiteSurvivorship= 48.9724128274247
ICForagerLifespan= 8.53500559926033
ImmType= Sine
AIAdultSlope= 4.7767136269249
