ICQueenStrength= 3.69065452041104
RQWkrDrnRatio= 4.93239046633244
ICDroneMiteSurvivorship= 99.5322175323963
ICWorkerMiteSurvivorship= 47.5130317732692
ICForagerLifespan= 5.04597186855972
ImmType= Sine
AIAdultSlopeContact= 3.24852864673594
AIAdultLD50Contact= 0.0327713878359646
AILarvaSlope= 1.26333035989664
AILarvaLD50= 0.5939478286542
AIKOW= 2.57439807942137
AIKOC= 23.4219716349617
AIHalfLife= 0.00642496673390269
