ICQueenStrength= 3.56653065793216
RQWkrDrnRatio= 4.09657796379179
ICDroneMiteSurvivorship= 53.1514638103545
ICWorkerMiteSurvivorship= 44.4742314051837
ICForagerLifespan= 14.6707962695509
ImmType= Tangent
AIAdultSlope= 7.5884696142748
AIAdultLD50= 0.437900521792471
AIAdultSlopeContact= 0.430058175697923
AIAdultLD50Contact= 0.163034730311483
AILarvaSlope= 7.88525077048689
AILarvaLD50= 0.0803256798535585
AIKOW= 58.7328207446262
AIKOC= 66.5982307633385
AIHalfLife= 6.19798704097047
EAppRate= 1.17343669524416
