ICQueenStrength= 4.67606689571403
RQWkrDrnRatio= 4.0933196740225
ICDroneMiteSurvivorship= 30.4390474455431
ICWorkerMiteSurvivorship= 93.3048266451806
ICForagerLifespan= 9.17523634340614
ImmType= Polynomial
AIAdultSlope= 2.98862636727281
AIAdultSlopeContact= 0.886322218675632
AIAdultLD50Contact= 0.0329270750517026
AILarvaSlope= 1.35281004449353
AILarvaLD50= 0.136669427761808
AIKOW= 6.83532950421795
AIKOC= 10.6672592938412
AIHalfLife= 10.3662960482761
