ICQueenStrength= 2.81398154702038
RQWkrDrnRatio= 4.7123631099239
ICDroneMiteSurvivorship= 43.8706770539284
ICWorkerMiteSurvivorship= 4.03493982739747
ICForagerLifespan= 15.80529887788
ImmType= Polynomial
AIAdultSlope= 2.04650514041539
AIAdultLD50= 0.039139203261584
AIAdultSlopeContact= 3.63158938822104
AIAdultLD50Contact= 0.0480906729353592
AILarvaSlope= 1.48505100607872
AILarvaLD50= 0.530393377225846
AIKOW= 6.73944518947974
AIKOC= 24.8455491510686
AIHalfLife= 2.98837326932698
EAppRate= 0.537658633012325
