ICQueenStrength= 3.37749176914804
RQWkrDrnRatio= 4.3760283710435
ICDroneMiteSurvivorship= 8.52145573589951
ICWorkerMiteSurvivorship= 58.2878470420837
ICForagerLifespan= 5.33672029152513
ImmType= Exponential
AIAdultSlopeContact= 5.52519170567393
AIAdultLD50Contact= 0.149544355459511
AILarvaSlope= 4.61660458240658
AILarvaLD50= 1.2466113679111
AIKOW= 70.2258908888325
AIKOC= 3.75903469976038
AIHalfLife= 6.81905940175056
