ICQueenStrength= 3.88200276670977
RQWkrDrnRatio= 3.88913208525628
ICDroneMiteSurvivorship= 53.4768755780533
ICWorkerMiteSurvivorship= 61.9373123161495
ICForagerLifespan= 13.1402548076585
ImmType= Polynomial
AIAdultSlope= 1.96317275329493
AIAdultSlopeContact= 1.13691846130416
AIAdultLD50Contact= 0.0399935711640865
AILarvaSlope= 2.59424653416499
AILarvaLD50= 0.303716690442525
AIKOW= 2.83591312170029
AIKOC= 26.4452097075991
AIHalfLife= 12.1529357647523
