ICQueenStrength= 5.48044492863119
RQWkrDrnRatio= 1.4362901262939
ICDroneMiteSurvivorship= 51.5923926606774
ICWorkerMiteSurvivorship= 85.5146797839552
ICForagerLifespan= 8.60141652170569
ImmType= Logarithmic
AIAdultSlope= 0.282498950930312
AIAdultLD50= 0.0920988128054887
AIAdultSlopeContact= 0.0132847117236815
AIAdultLD50Contact= 0.0453319321735762
AILarvaSlope= 0.359532286971807
AILarvaLD50= 0.643991787079722
AIKOW= 5.88431086204946
AIKOC= 14.1521087335423
AIHalfLife= 1.91066141589545
EAppRate= 0.589467627648264
