ICQueenStrength= 5.30053760879673
RQWkrDrnRatio= 1.37193519063294
ICDroneMiteSurvivorship= 86.3447614945471
ICWorkerMiteSurvivorship= 94.0000077011064
ICForagerLifespan= 9.29848907794803
ImmType= Polynomial
AIAdultSlope= 6.57871573697776
