ICQueenStrength= 1.67989737726748
RQWkrDrnRatio= 3.38767934404314
ICDroneMiteSurvivorship= 42.7384460577741
ICWorkerMiteSurvivorship= 95.7530678482726
ICForagerLifespan= 10.7890944732353
ImmType= Sine
AIAdultSlope= 0.443163044156972
AIAdultLD50= 0.377440268406644
AIAdultSlopeContact= 3.55723565326072
AIAdultLD50Contact= 0.0315053837723099
AILarvaSlope= 1.36304637854919
AILarvaLD50= 0.35487079967279
AIKOW= 5.31442594295368
AIKOC= 15.4746771918144
AIHalfLife= 0.538956279633567
EAppRate= 0.158931493200362
