ICQueenStrength= 5.98499481822364
RQWkrDrnRatio= 2.00421845261008
ICDroneMiteSurvivorship= 16.933053242974
ICWorkerMiteSurvivorship= 97.7519554551691
ICForagerLifespan= 9.00860202684999
ImmType= Cosine
AIAdultSlope= 2.59710878016427
AIAdultLD50= 0.112206961610354
AIAdultSlopeContact= 0.825287427417934
AIAdultLD50Contact= 0.0317310535581782
AILarvaSlope= 0.0121574563439935
AILarvaLD50= 0.574647161155008
AIKOW= 3.60952186817303
AIKOC= 8.65682336268947
AIHalfLife= 3.2786943053361
EAppRate= 0.0394883065950125
