ICQueenStrength= 5.05510751996189
RQWkrDrnRatio= 3.32013456337154
ICDroneMiteSurvivorship= 63.6266218265519
ICWorkerMiteSurvivorship= 32.7874171314761
ICForagerLifespan= 6.31523379869759
ImmType= Polynomial
AIAdultSlope= 6.88713263953105
