ICQueenStrength= 4.43391506932676
RQWkrDrnRatio= 1.53814815264195
ICDroneMiteSurvivorship= 93.5256514931098
ICWorkerMiteSurvivorship= 87.4840172939003
ICForagerLifespan= 12.4763818271458
ImmType= Exponential
AIAdultSlope= 6.77674408769235
