ICQueenStrength= 4.31226641312242
RQWkrDrnRatio= 3.64915358275175
ICDroneMiteSurvivorship= 22.3692747764289
ICWorkerMiteSurvivorship= 42.5030149286613
ICForagerLifespan= 6.37794571463019
ImmType= Cosine
AIAdultSlopeContact= 3.92433206550777
AIAdultLD50Contact= 0.00631520594470203
AILarvaSlope= 8.89654778875411
AILarvaLD50= 1.19658232666552
AIKOW= 14.7546608233824
AIKOC= 49.8701841570437
AIHalfLife= 6.5084249060601
