ICQueenStrength= 3.97844261629507
RQWkrDrnRatio= 2.83515985962003
ICDroneMiteSurvivorship= 90.9049357054755
ICWorkerMiteSurvivorship= 82.927158777602
ICForagerLifespan= 11.7637499831617
ImmType= Cosine
AIAdultSlope= 9.00595627492294
