ICQueenStrength= 3.53777060075663
RQWkrDrnRatio= 1.32879786379635
ICDroneMiteSurvivorship= 58.057924057357
ICWorkerMiteSurvivorship= 7.62395926285535
ICForagerLifespan= 10.313604073599
ImmType= Polynomial
AIAdultSlope= 0.631739569269121
AIAdultLD50= 2.22424346557818
AIAdultSlopeContact= 2.23723519602092
AIAdultLD50Contact= 0.0230401963577606
AILarvaSlope= 0.990390514908358
AILarvaLD50= 0.486456333473325
AIKOW= 2.84236974222586
AIKOC= 6.58605819451623
AIHalfLife= 9.67877215053886
EAppRate= 0.435978161869571
