ICQueenStrength= 5.93534958572127
RQWkrDrnRatio= 4.19951346609741
ICDroneMiteSurvivorship= 66.3372377166525
ICWorkerMiteSurvivorship= 49.5417249621823
ICForagerLifespan= 9.43332822620869
ImmType= Logarithmic
AIAdultSlope= 3.19224828621373
