ICQueenStrength= 1.26249024434946
RQWkrDrnRatio= 4.68650505971164
ICDroneMiteSurvivorship= 48.1232756515965
ICWorkerMiteSurvivorship= 57.2134068934247
ICForagerLifespan= 7.14879682194442
ImmType= Cosine
AIAdultSlope= 3.75244899458718
AIAdultLD50= 0.275190860498697
AIAdultSlopeContact= 0.959492754761595
AIAdultLD50Contact= 0.0453973474679515
AILarvaSlope= 1.95748830898665
AILarvaLD50= 0.214341080747545
AIKOW= 5.45183537807316
AIKOC= 27.7649786567781
AIHalfLife= 3.99498316342942
EAppRate= 0.298103887378238
