ICQueenStrength= 2.31712724920362
RQWkrDrnRatio= 4.93189842998981
ICDroneMiteSurvivorship= 20.0626178178936
ICWorkerMiteSurvivorship= 45.4837601399049
ICForagerLifespan= 6.25876896828413
ImmType= Logarithmic
AIAdultSlopeContact= 3.18583017636091
AIAdultLD50Contact= 0.0298157957033254
AILarvaSlope= 0.711532162921503
AILarvaLD50= 0.799510768731125
AIKOW= 2.49502791184932
AIKOC= 17.8323538985569
AIHalfLife= 5.91142514999956
