ICQueenStrength= 5.95697065605782
RQWkrDrnRatio= 3.52941836509854
ICDroneMiteSurvivorship= 44.0562849398702
ICWorkerMiteSurvivorship= 85.6301490217447
ICForagerLifespan= 12.3246674546972
ImmType= Tangent
AIAdultSlope= 1.00161377877463
AIAdultLD50= 0.375530160032213
AIAdultSlopeContact= 2.32815870027523
AIAdultLD50Contact= 0.0420663831522688
AILarvaSlope= 0.335162061918527
AILarvaLD50= 0.819037449220195
AIKOW= 4.40671812696382
AIKOC= 18.1291277764831
AIHalfLife= 4.74946578964591
EAppRate= 0.551037448295392
