ICQueenStrength= 3.8304538980592
RQWkrDrnRatio= 4.81410087365657
ICDroneMiteSurvivorship= 88.7853434775025
ICWorkerMiteSurvivorship= 26.8980282591656
ICForagerLifespan= 9.88657725136727
ImmType= Exponential
AIAdultSlope= 1.17090552022448
AIAdultLD50= 0.150514924782328
AIAdultSlopeContact= 2.03955872422317
AIAdultLD50Contact= 0.0209525477839634
AILarvaSlope= 1.33008127911016
AILarvaLD50= 0.333323344378732
AIKOW= 5.75124148419127
AIKOC= 29.1006841941271
AIHalfLife= 3.56249454780482
EAppRate= 0.43926790363621
