ICQueenStrength= 5.36955332639627
RQWkrDrnRatio= 2.33466376923025
ICDroneMiteSurvivorship= 67.5241251476109
ICWorkerMiteSurvivorship= 68.5072445077822
ICForagerLifespan= 11.8841334469616
ImmType= Logarithmic
AIAdultSlopeContact= 2.4749361357023
AIAdultLD50Contact= 0.0301874334574677
AILarvaSlope= 2.58812285559252
AILarvaLD50= 0.671721897809766
AIKOW= 7.44562774291262
AIKOC= 9.92121508577839
AIHalfLife= 0.481863928958774
