ICQueenStrength= 2.3986069150269
RQWkrDrnRatio= 2.43541052564979
ICDroneMiteSurvivorship= 98.4981175977737
ICWorkerMiteSurvivorship= 71.4062728686258
ICForagerLifespan= 14.3328277133405
ImmType= Sine
AIAdultSlope= 2.76966907083988
