ICQueenStrength= 5.10270976833999
RQWkrDrnRatio= 3.99248755630106
ICDroneMiteSurvivorship= 16.2409234326333
ICWorkerMiteSurvivorship= 37.4721191590652
ICForagerLifespan= 5.98867889400572
ImmType= Tangent
AIAdultSlopeContact= 1.4232750207209
AIAdultLD50Contact= 0.00286197506356984
AILarvaSlope= 0.583891099924222
AILarvaLD50= 0.571333410521038
AIKOW= 4.89418262429535
AIKOC= 13.1666756770574
AIHalfLife= 5.2204280262813
