ICQueenStrength= 1.56653640582226
RQWkrDrnRatio= 4.22775879595429
ICDroneMiteSurvivorship= 41.2147225812078
ICWorkerMiteSurvivorship= 96.8161396915093
ICForagerLifespan= 14.0110376076773
ImmType= Cosine
AIAdultSlope= 0.878598389492836
AIAdultLD50= 0.282055607414804
AIAdultSlopeContact= 1.41385687191272
AIAdultLD50Contact= 0.025622761354316
AILarvaSlope= 3.38520299312659
AILarvaLD50= 0.841083002882078
AIKOW= 6.79129902459681
AIKOC= 21.6536860575434
AIHalfLife= 4.63885728269815
EAppRate= 0
