ICQueenStrength= 1.16893198247999
RQWkrDrnRatio= 2.18474306538701
ICDroneMiteSurvivorship= 35.0009161280468
ICWorkerMiteSurvivorship= 68.8523065997288
ICForagerLifespan= 12.2434217231348
ImmType= Cosine
AIAdultSlope= 0.696506887255236
AIAdultLD50= 0.792088215937838
AIAdultSlopeContact= 3.59014797938755
AIAdultLD50Contact= 0.0489334732410498
AILarvaSlope= 1.46408756342717
AILarvaLD50= 0.895957293687388
AIKOW= 7.77220517396927
AIKOC= 19.5819740544539
AIHalfLife= 11.8550936277024
EAppRate= 0.677000179421157
