ICQueenStrength= 4.77818180946633
RQWkrDrnRatio= 1.31278467644006
ICDroneMiteSurvivorship= 53.9020981406793
ICWorkerMiteSurvivorship= 53.9601638913155
ICForagerLifespan= 13.9841361856088
ImmType= Exponential
AIAdultSlope= 1.54894116725773
AIAdultLD50= 2.4389195360709
AIAdultSlopeContact= 1.12022045591148
AIAdultLD50Contact= 0.00578189288498834
AILarvaSlope= 0.349533938895911
AILarvaLD50= 0.56109922870528
AIKOW= 5.96874372987077
AIKOC= 19.8916364705656
AIHalfLife= 4.43807982560247
EAppRate= 0.632505675544962
