ICQueenStrength= 1.47052317182533
RQWkrDrnRatio= 3.1657335460186
ICDroneMiteSurvivorship= 10.4049118934199
ICWorkerMiteSurvivorship= 11.7017699405551
ICForagerLifespan= 14.6508654141799
ImmType= Logarithmic
AIAdultSlope= 4.44476758129895
