ICQueenStrength= 5.41818158840761
RQWkrDrnRatio= 4.56874765921384
ICDroneMiteSurvivorship= 30.1709082210436
ICWorkerMiteSurvivorship= 10.858181421645
ICForagerLifespan= 10.886296864599
ImmType= Tangent
AIAdultSlope= 2.31377707100473
AIAdultLD50= 2.02906731585972
AIAdultSlopeContact= 2.08548333093524
AIAdultLD50Contact= 0.00923470589332283
AILarvaSlope= 3.07143679144792
AILarvaLD50= 0.388082214072347
AIKOW= 6.32061961945146
AIKOC= 9.96912535745651
AIHalfLife= 3.26607887493446
EAppRate= 0.138918775832281
