ICQueenStrength= 5.32293194811791
RQWkrDrnRatio= 1.5465294290334
ICDroneMiteSurvivorship= 31.0454970924184
ICWorkerMiteSurvivorship= 96.4510048739612
ICForagerLifespan= 10.8556536827236
ImmType= Cosine
AIAdultSlope= 3.29626422454603
AIAdultLD50= 0.470947850262746
AIAdultSlopeContact= 2.10579894305673
AIAdultLD50Contact= 0.0136088463012129
AILarvaSlope= 2.74307872122154
AILarvaLD50= 0.450239739613608
AIKOW= 5.34101882856339
AIKOC= 23.1752590055112
AIHalfLife= 3.89892996056005
EAppRate= 0.250820476328954
