ICQueenStrength= 1.68879701429978
RQWkrDrnRatio= 3.28442503232509
ICDroneMiteSurvivorship= 27.1562705049291
ICWorkerMiteSurvivorship= 75.7230942603201
ICForagerLifespan= 15.0549218235537
ImmType= Tangent
AIAdultSlope= 1.60484025115147
AIAdultLD50= 0.554407604271546
AIAdultSlopeContact= 1.58790577321546
AIAdultLD50Contact= 0.0350637300172821
AILarvaSlope= 1.59862474338152
AILarvaLD50= 0.160264195594937
AIKOW= 5.47060893988237
AIKOC= 13.1948618753813
AIHalfLife= 10.7136111818254
EAppRate= 0.541156142717227
