ICQueenStrength= 2.13508003647439
RQWkrDrnRatio= 3.27745291125029
ICDroneMiteSurvivorship= 82.2866365080699
ICWorkerMiteSurvivorship= 49.8316918965429
ICForagerLifespan= 11.0047916173935
ImmType= Polynomial
AIAdultSlope= 1.69936506277882
AIAdultLD50= 0.510226516518742
AIAdultSlopeContact= 0.415369198154658
AIAdultLD50Contact= 0.0445492499507964
AILarvaSlope= 0.411114227771759
AILarvaLD50= 0.563947898964398
AIKOW= 3.93880720296875
AIKOC= 7.51023439341225
AIHalfLife= 11.0894233123399
EAppRate= 0.54394337371923
