ICQueenStrength= 4.29466350725852
RQWkrDrnRatio= 4.13323970139027
ICDroneMiteSurvivorship= 54.9036576412618
ICWorkerMiteSurvivorship= 50.3617282258347
ICForagerLifespan= 7.03674811031669
ImmType= Logarithmic
AIAdultSlope= 3.76696842024103
AIAdultLD50= 0.481700445292518
AIAdultSlopeContact= 6.71147579094395
AIAdultLD50Contact= 0.0422267852816731
AILarvaSlope= 3.1201536138542
AILarvaLD50= 0.114407031331211
AIKOW= 10.1512852590531
AIKOC= 85.0997612578794
AIHalfLife= 6.41822372516617
EAppRate= 0.573018187656999
