ICQueenStrength= 4.92165395664051
RQWkrDrnRatio= 3.73582503199577
ICDroneMiteSurvivorship= 26.7752272309735
ICWorkerMiteSurvivorship= 41.9698991579935
ICForagerLifespan= 8.42036915104836
ImmType= Exponential
AIAdultSlope= 2.40671885560965
AIAdultLD50= 0.409921155543998
AIAdultSlopeContact= 3.82286727169761
AIAdultLD50Contact= 0.00729776958469302
AILarvaSlope= 1.2270882553421
AILarvaLD50= 0.11025380124338
AIKOW= 7.81358919478953
AIKOC= 11.0453812940978
AIHalfLife= 0.404065927723423
EAppRate= 0
