ICQueenStrength= 1.9581989061553
RQWkrDrnRatio= 1.20613293163478
ICDroneMiteSurvivorship= 84.3636443838477
ICWorkerMiteSurvivorship= 35.1541199721396
ICForagerLifespan= 8.68145901709795
ImmType= Polynomial
AIAdultSlope= 3.65026912241243
AIAdultLD50= 0.111840322148055
AIAdultSlopeContact= 0.196744352881797
AIAdultLD50Contact= 0.0256785701727495
AILarvaSlope= 1.8353191471193
AILarvaLD50= 0.584653625520878
AIKOW= 3.48326399223879
AIKOC= 24.6402238623705
AIHalfLife= 4.61754634510726
EAppRate= 0.274633891903795
