ICQueenStrength= 1.17177546862513
RQWkrDrnRatio= 1.76065967325121
