ICQueenStrength= 1.45383509597741
RQWkrDrnRatio= 3.25512301363051
ICDroneMiteSurvivorship= 63.9989827759564
ICWorkerMiteSurvivorship= 96.629847260192
ICForagerLifespan= 13.7900791401044
ImmType= Exponential
AIAdultSlope= 2.81019929014146
AIAdultLD50= 1.00122952018864
AIAdultSlopeContact= 1.53096689849161
AIAdultLD50Contact= 0.0345390976290219
AILarvaSlope= 1.07650854284875
AILarvaLD50= 0.441055937879719
AIKOW= 7.04649020172656
AIKOC= 17.6420526532456
AIHalfLife= 0.618085657246411
EAppRate= 0.96966467727907
