ICQueenStrength= 4.26864476548508
RQWkrDrnRatio= 2.68454889860004
ICDroneMiteSurvivorship= 11.3764487905428
ICWorkerMiteSurvivorship= 66.3010210730135
ICForagerLifespan= 6.96064520440996
ImmType= Cosine
AIAdultSlope= 0.0439282521605492
AIAdultSlopeContact= 0.0498628334258683
AIAdultLD50Contact= 0.0191970735322684
AILarvaSlope= 1.04983386653475
AILarvaLD50= 0.173258740338497
AIKOW= 4.86717780865729
AIKOC= 10.2716445585247
AIHalfLife= 2.48199621587992
