ICQueenStrength= 5.14130660821684
RQWkrDrnRatio= 4.98827298730612
ICDroneMiteSurvivorship= 90.1504350826144
ICWorkerMiteSurvivorship= 74.539202474989
ICForagerLifespan= 9.460265067406
ImmType= Cosine
AIAdultSlopeContact= 3.63225979276467
AIAdultLD50Contact= 0.00156611676793546
AILarvaSlope= 2.13157583610155
AILarvaLD50= 0.534763493039645
AIKOW= 6.31231286702678
AIKOC= 27.33820821275
AIHalfLife= 10.4156065620482
