ICQueenStrength= 1.07172828656621
RQWkrDrnRatio= 3.57732592709363
ICDroneMiteSurvivorship= 65.715988422744
ICWorkerMiteSurvivorship= 25.9851502021775
ICForagerLifespan= 14.5550176640972
ImmType= Polynomial
AIAdultSlope= 2.22977320053615
AIAdultLD50= 1.3853263577912
AIAdultSlopeContact= 3.38117523728404
AIAdultLD50Contact= 0.0179530734196305
AILarvaSlope= 2.8293660633266
AILarvaLD50= 0.0265833440003917
AIKOW= 4.98691019695252
AIKOC= 27.2120899648871
AIHalfLife= 9.01464160950854
EAppRate= 0.0966335227712989
