ICQueenStrength= 2.54802299686708
RQWkrDrnRatio= 1.68228532187641
ICDroneMiteSurvivorship= 87.7834693295881
ICWorkerMiteSurvivorship= 83.7056390941143
ICForagerLifespan= 4.53244257904589
ImmType= Polynomial
AIAdultSlope= 1.13639985748334
AIAdultLD50= 0.366821675561368
AIAdultSlopeContact= 3.18405942657497
AIAdultLD50Contact= 0.0117278956575319
AILarvaSlope= 2.49052621596493
AILarvaLD50= 0.544590087211691
AIKOW= 4.34509686566889
AIKOC= 21.4874290057924
AIHalfLife= 3.21539780357853
EAppRate= 0
