ICQueenStrength= 2.37079312815331
RQWkrDrnRatio= 3.10043548978865
ICDroneMiteSurvivorship= 21.8210417311639
ICWorkerMiteSurvivorship= 35.2782438974828
ICForagerLifespan= 10.6320204688236
ImmType= Cosine
AIAdultSlope= 2.24977229055949
AIAdultLD50= 2.48249696055427
AIAdultSlopeContact= 1.17029154798249
AIAdultLD50Contact= 0.0178412574343383
AILarvaSlope= 0.227787870867178
AILarvaLD50= 0.288042918755673
AIKOW= 2.0033617131412
AIKOC= 23.8690086244605
AIHalfLife= 3.49635106045753
EAppRate= 0.0719801518134773
