ICQueenStrength= 1.01429528696463
RQWkrDrnRatio= 3.33395814150572
ICDroneMiteSurvivorship= 45.4949558945373
ICWorkerMiteSurvivorship= 48.6649375176057
ICForagerLifespan= 7.04540681187063
ImmType= Polynomial
AIAdultSlopeContact= 0.838956813581754
AIAdultLD50Contact= 0.0304944810923189
AILarvaSlope= 0.173372854338959
AILarvaLD50= 0.324596928223036
AIKOW= 7.99410738516599
AIKOC= 12.8329714364372
AIHalfLife= 12.070673446171
