ICQueenStrength= 2.7249583825469
RQWkrDrnRatio= 1.13526551332325
ICDroneMiteSurvivorship= 83.3495668135583
ICWorkerMiteSurvivorship= 19.1516598453745
ICForagerLifespan= 12.3938446622342
ImmType= Tangent
AIAdultSlopeContact= 2.42434164599748
AIAdultLD50Contact= 0.0242947094957344
AILarvaSlope= 1.41474363999441
AILarvaLD50= 0.540196463302709
AIKOW= 2.42257907148451
AIKOC= 9.88907188409939
AIHalfLife= 8.14575462648645
