ICQueenStrength= 4.63248253357597
RQWkrDrnRatio= 4.55224479176104
ICDroneMiteSurvivorship= 67.7994136465713
ICWorkerMiteSurvivorship= 23.7508848775178
ICForagerLifespan= 13.0525748897344
ImmType= Logarithmic
AIAdultSlope= 0.24117399523966
AIAdultLD50= 2.46943972539157
AIAdultSlopeContact= 3.55440225540893
AIAdultLD50Contact= 0.0379415452945977
AILarvaSlope= 1.49828548613004
AILarvaLD50= 0.200302965170704
AIKOW= 7.00708023784682
AIKOC= 17.5761142990086
AIHalfLife= 10.4561806833372
EAppRate= 0.0926623856648803
