ICQueenStrength= 1.22243567975238
RQWkrDrnRatio= 4.63243553042412
ICDroneMiteSurvivorship= 97.6688090246171
ICWorkerMiteSurvivorship= 31.5414999844506
ICForagerLifespan= 7.23419349547476
ImmType= Polynomial
AIAdultSlope= 4.86198402475566
AIAdultLD50= 0.997162918560207
AIAdultSlopeContact= 4.9282150156796
AIAdultLD50Contact= 0.173633718816564
AILarvaSlope= 4.44992513163015
AILarvaLD50= 0.595708165783435
AIKOW= 15.369158424437
AIKOC= 95.6688662292436
AIHalfLife= 10.7420425461605
EAppRate= 1.93983099469915
