ICQueenStrength= 1.33333662082441
RQWkrDrnRatio= 2.30690459348261
ICDroneMiteSurvivorship= 4.36822741758078
ICWorkerMiteSurvivorship= 81.3785191858187
ICForagerLifespan= 7.93489795830101
ImmType= Polynomial
AIAdultLD50= 0.154012839635834
AIAdultSlopeContact= 2.77588315219386
AIAdultLD50Contact= 0.0388991749845445
AILarvaSlope= 3.03381359321065
AILarvaLD50= 0.65935369937215
AIKOW= 4.98264039261267
AIKOC= 21.3079180056229
AIHalfLife= 8.64611841039732
EAppRate= 0.441179711837322
