ICQueenStrength= 2.96860366500914
RQWkrDrnRatio= 3.79340408649296
ICDroneMiteSurvivorship= 77.3814574116841
ICWorkerMiteSurvivorship= 79.5794727513567
ICForagerLifespan= 15.1313292859122
ImmType= Cosine
AIAdultSlope= 2.96341948247747
AIAdultLD50= 0.169930109404959
AIAdultSlopeContact= 1.98024151434191
AIAdultLD50Contact= 0.0194577812566422
AILarvaSlope= 0.945390428928658
AILarvaLD50= 0.602296581398696
AIKOW= 7.82398708816618
AIKOC= 15.0437710992992
AIHalfLife= 3.51252617896535
EAppRate= 0.00130447940900922
