ICQueenStrength= 4.62146075698547
RQWkrDrnRatio= 1.88530693855137
ICDroneMiteSurvivorship= 53.8612291449681
ICWorkerMiteSurvivorship= 84.993752813898
ICForagerLifespan= 5.97790253534913
ImmType= Cosine
AIAdultSlope= 8.94180237315595
