ICQueenStrength= 3.85664484836161
RQWkrDrnRatio= 3.49371138866991
ICDroneMiteSurvivorship= 72.9925598483533
ICWorkerMiteSurvivorship= 13.8892705086619
ICForagerLifespan= 14.8530920017511
ImmType= Polynomial
AIAdultSlope= 1.75643942058552
AIAdultLD50= 0.382260884041898
AIAdultSlopeContact= 2.80109153170371
AIAdultLD50Contact= 0.0352980709401891
AILarvaSlope= 0.543983499100432
AILarvaLD50= 0.551638701581396
AIKOW= 6.68233357509598
AIKOC= 20.0148535845801
AIHalfLife= 1.79266048246063
EAppRate= 0.553372672107071
