ICQueenStrength= 5.42597105866298
RQWkrDrnRatio= 4.04013759642839
ICDroneMiteSurvivorship= 83.0154425464571
ICWorkerMiteSurvivorship= 99.6998369693756
ICForagerLifespan= 6.11644903570414
ImmType= Tangent
AIAdultSlope= 4.72080781124532
AIAdultLD50= 0.758783355122432
AIAdultSlopeContact= 4.50009098974988
AIAdultLD50Contact= 0.085491405474022
AILarvaSlope= 2.66743233427405
AILarvaLD50= 0.90196049073711
AIKOW= 12.6955311046913
AIKOC= 63.9468626584858
AIHalfLife= 13.1205916744657
EAppRate= 0.837374025955796
