ICQueenStrength= 1.96960613271222
RQWkrDrnRatio= 4.31752486713231
ICDroneMiteSurvivorship= 32.9243805026636
ICWorkerMiteSurvivorship= 29.3883975129575
ICForagerLifespan= 4.1025929665193
ImmType= Cosine
AIAdultSlope= 4.79199147317559
