ICQueenStrength= 2.38979323557578
RQWkrDrnRatio= 3.74899374879897
ICDroneMiteSurvivorship= 74.1530540166423
ICWorkerMiteSurvivorship= 94.2731637042016
ICForagerLifespan= 9.55748256854713
ImmType= Cosine
AIAdultSlope= 2.74466119064018
AIAdultSlopeContact= 0.46048369073309
AIAdultLD50Contact= 0.0214339349535294
AILarvaSlope= 1.11396933780052
AILarvaLD50= 0.829930350137875
AIKOW= 4.65118888765574
AIKOC= 14.0396566491108
AIHalfLife= 7.28293426614255
