ICQueenStrength= 2.01304126437753
RQWkrDrnRatio= 2.24694910738617
ICDroneMiteSurvivorship= 82.0257944520563
ICWorkerMiteSurvivorship= 94.784777937457
ICForagerLifespan= 14.8247439442202
ImmType= Sine
AIAdultSlope= 1.76000687722117
AIAdultLD50= 1.17996075795963
AIAdultSlopeContact= 3.65544686134905
AIAdultLD50Contact= 0.0214098589960486
AILarvaSlope= 0.19707908956334
AILarvaLD50= 0.585693353042007
AIKOW= 2.87535076821223
AIKOC= 12.6568285585381
AIHalfLife= 7.48568979464471
EAppRate= 0.141799019416794
