ICQueenStrength= 5.27436306956224
RQWkrDrnRatio= 2.48296578694135
ICDroneMiteSurvivorship= 53.4871082985774
ICWorkerMiteSurvivorship= 13.0605178652331
ICForagerLifespan= 12.9198473216966
ImmType= Exponential
AIAdultSlope= 5.9677527542226
