ICQueenStrength= 1.23215650697239
RQWkrDrnRatio= 3.86073027085513
ICDroneMiteSurvivorship= 24.607379338704
ICWorkerMiteSurvivorship= 10.5957418913022
ICForagerLifespan= 8.82278212625533
ImmType= Logarithmic
AIAdultSlope= 1.94318775655702
AIAdultSlopeContact= 0.282949932615738
AIAdultLD50Contact= 0.00100572792580351
AILarvaSlope= 0.67642575330101
AILarvaLD50= 0.781179836089723
AIKOW= 7.53960861125961
AIKOC= 22.1611787343863
AIHalfLife= 5.71625057654455
