ICQueenStrength= 3.21734097693115
RQWkrDrnRatio= 2.89582868944854
ICDroneMiteSurvivorship= 97.8298964677379
ICWorkerMiteSurvivorship= 43.2336523663253
ICForagerLifespan= 10.0144650302827
ImmType= Tangent
AIAdultSlope= 1.55243370789103
AIAdultLD50= 1.60444558016025
AIAdultSlopeContact= 1.32633932191646
AIAdultLD50Contact= 0.0339165050769225
AILarvaSlope= 3.23680787445046
AILarvaLD50= 0.703494313359261
AIKOW= 7.89476644620299
AIKOC= 19.8387556546368
AIHalfLife= 4.18644970981404
EAppRate= 0.429341833572835
