ICQueenStrength= 2.07970174052753
RQWkrDrnRatio= 2.46217402350157
ICDroneMiteSurvivorship= 48.6449536168948
ICWorkerMiteSurvivorship= 73.9075148012489
ICForagerLifespan= 15.8604966048151
ImmType= Logarithmic
AIAdultSlope= 2.74247552575543
AIAdultLD50= 0.96593556040898
AIAdultSlopeContact= 0.64800434024306
AIAdultLD50Contact= 0.0126733038574457
AILarvaSlope= 1.92938368865289
AILarvaLD50= 0.845186842815019
AIKOW= 4.1890697106719
AIKOC= 8.09490492800251
AIHalfLife= 3.82808696338907
EAppRate= 0.894740778254345
