ICQueenStrength= 3.83108032424934
RQWkrDrnRatio= 3.63618741091341
ICDroneMiteSurvivorship= 34.1214664280415
ICWorkerMiteSurvivorship= 68.4486702084541
ICForagerLifespan= 5.34832088463008
ImmType= Logarithmic
AIAdultSlope= 1.3073563715443
