ICQueenStrength= 1.49355226801708
RQWkrDrnRatio= 2.45553635247052
ICDroneMiteSurvivorship= 51.6044293530285
ICWorkerMiteSurvivorship= 36.559493211098
ICForagerLifespan= 6.76521445158869
ImmType= Exponential
AIAdultSlope= 2.67981251901947
AIAdultLD50= 0.885780468117446
AIAdultSlopeContact= 2.12545254598372
AIAdultLD50Contact= 0.0282557779690251
AILarvaSlope= 2.9475436098408
AILarvaLD50= 0.728006362938322
AIKOW= 6.52058103540912
AIKOC= 7.19837613403797
AIHalfLife= 9.17303073825315
EAppRate= 0.167390171904117
