ICQueenStrength= 4.37107514496893
RQWkrDrnRatio= 2.62811833061278
ICDroneMiteSurvivorship= 66.4812571834773
ICWorkerMiteSurvivorship= 48.8080520648509
ICForagerLifespan= 8.49028293788433
ImmType= Polynomial
AIAdultSlope= 8.86115490691736
