ICQueenStrength= 2.96797725278884
RQWkrDrnRatio= 1.08401370793581
ICDroneMiteSurvivorship= 42.6552602788433
ICWorkerMiteSurvivorship= 39.3597189569846
ICForagerLifespan= 11.7692366288975
ImmType= Polynomial
AIAdultLD50= 0.154012839635834
AIAdultSlopeContact= 2.25623073899886
AIAdultLD50Contact= 0.0341727482620627
AILarvaSlope= 2.01612245920114
AILarvaLD50= 0.51988945864141
AIKOW= 3.23938717041165
AIKOC= 26.9283855229151
AIHalfLife= 12.1100533436984
EAppRate= 1.47838214971125
