ICQueenStrength= 4.20065447315574
RQWkrDrnRatio= 2.48507136665285
