ICQueenStrength= 3.96705013141036
RQWkrDrnRatio= 3.9433943964541
ICDroneMiteSurvivorship= 28.1581601826474
ICWorkerMiteSurvivorship= 55.1362550351769
ICForagerLifespan= 14.1776687502861
ImmType= Sine
AIAdultSlopeContact= 1.78092993140453
AIAdultLD50Contact= 0.0046956488979049
AILarvaSlope= 1.55216443217359
AILarvaLD50= 0.380571562796831
AIKOW= 5.28065144410357
AIKOC= 13.2986348716076
AIHalfLife= 3.34295477718115
