ICQueenStrength= 4.38707672082819
RQWkrDrnRatio= 3.2526868507266
ICDroneMiteSurvivorship= 86.443231231533
ICWorkerMiteSurvivorship= 97.01281436719
ICForagerLifespan= 9.46769406553358
ImmType= Logarithmic
AIAdultSlope= 0.209704395802692
AIAdultLD50= 2.58926454442553
AIAdultSlopeContact= 0.0269979202374816
AIAdultLD50Contact= 0.0499258014955558
AILarvaSlope= 2.3699293970596
AILarvaLD50= 0.292366718268022
AIKOW= 5.63474976178259
AIKOC= 12.4405219114851
AIHalfLife= 12.3728054636158
EAppRate= 0.0176246433984488
