ICQueenStrength= 4.92974952817895
RQWkrDrnRatio= 4.79814468231052
ICDroneMiteSurvivorship= 40.4557719128206
ICWorkerMiteSurvivorship= 27.884064312093
ICForagerLifespan= 8.5505541888997
ImmType= Sine
AIAdultSlope= 3.17174589098431
AIAdultLD50= 1.50584965827875
AIAdultSlopeContact= 0.718496103880461
AIAdultLD50Contact= 0.0418457705527544
AILarvaSlope= 2.42649366455153
AILarvaLD50= 0.498329863627441
AIKOW= 4.54377587558702
AIKOC= 6.01573358988389
AIHalfLife= 12.6359581430443
EAppRate= 0.4118912066333
