ICQueenStrength= 5.66527041164227
RQWkrDrnRatio= 4.07273120619357
ICDroneMiteSurvivorship= 20.4867168795317
ICWorkerMiteSurvivorship= 0.968681089580059
ICForagerLifespan= 8.05121073964983
ImmType= Tangent
AIAdultSlope= 2.83545720668742
AIAdultLD50= 0.431017523049377
AIAdultSlopeContact= 0.479323244921397
AIAdultLD50Contact= 0.026351713296026
AILarvaSlope= 2.97404673486017
AILarvaLD50= 0.205720245977864
AIKOW= 6.98667741985992
AIKOC= 19.8459727060981
AIHalfLife= 0.376937453402206
EAppRate= 0.0603023126721382
