ICQueenStrength= 5.76824945770204
RQWkrDrnRatio= 2.95866434741765
ICDroneMiteSurvivorship= 99.0117627894506
ICWorkerMiteSurvivorship= 96.829046914354
ICForagerLifespan= 7.05386001151055
ImmType= Tangent
AIAdultSlope= 2.4682980040554
AIAdultLD50= 2.02828020625748
AIAdultSlopeContact= 1.85779234766727
AIAdultLD50Contact= 0.00981643443228677
AILarvaSlope= 0.450183022022247
AILarvaLD50= 0.780735895293765
AIKOW= 4.14550714660436
AIKOC= 14.0401269146241
AIHalfLife= 2.56827670847997
EAppRate= 0.421614749357104
