ICQueenStrength= 5.06055680010468
RQWkrDrnRatio= 3.58041230402887
ICDroneMiteSurvivorship= 30.2497399970889
ICWorkerMiteSurvivorship= 22.8511950001121
ICForagerLifespan= 12.5396027900279
ImmType= Sine
AIAdultSlope= 3.99684289703146
