ICQueenStrength= 3.38057756680064
RQWkrDrnRatio= 3.28835044614971
ICDroneMiteSurvivorship= 73.4024866949767
ICWorkerMiteSurvivorship= 18.5517730657011
ICForagerLifespan= 5.63531142659485
ImmType= Polynomial
AIAdultSlope= 2.71995114032179
AIAdultLD50= 2.96869238046929
AIAdultSlopeContact= 0.751585945661645
AIAdultLD50Contact= 0.0448816953343339
AILarvaSlope= 0.0515884614083916
AILarvaLD50= 0.151036111428402
AIKOW= 2.45951498113573
AIKOC= 25.4964538337663
AIHalfLife= 6.23818944394588
EAppRate= 0.623466042568907
