ICQueenStrength= 2.82540398673154
RQWkrDrnRatio= 2.57736740447581
ICDroneMiteSurvivorship= 1.8605754012242
ICWorkerMiteSurvivorship= 46.9459594460204
ICForagerLifespan= 13.1650084955618
ImmType= Sine
AIAdultSlope= 1.34302715406753
AIAdultLD50= 0.496931082336232
AIAdultSlopeContact= 2.54528676322661
AIAdultLD50Contact= 0.0299162505660206
AILarvaSlope= 0.182438957272097
AILarvaLD50= 0.530276252073236
AIKOW= 5.26129612792283
AIKOC= 23.0677607131656
AIHalfLife= 1.82307920069434
EAppRate= 0.330673980340362
