ICQueenStrength= 2.38170858472586
RQWkrDrnRatio= 3.50400467496365
