ICQueenStrength= 4.23314852174371
RQWkrDrnRatio= 2.4223501496017
