ICQueenStrength= 3.50011645373888
RQWkrDrnRatio= 4.43191917985678
ICDroneMiteSurvivorship= 88.0386538570747
ICWorkerMiteSurvivorship= 99.7483826940879
ICForagerLifespan= 6.82054176274687
ImmType= Tangent
AIAdultSlopeContact= 2.91221535500139
AIAdultLD50Contact= 0.0136326349340379
AILarvaSlope= 0.766291148867458
AILarvaLD50= 0.126871667127125
AIKOW= 6.46543159801513
AIKOC= 9.51044269721024
AIHalfLife= 6.97704323148355
