ICQueenStrength= 3.08966287132353
RQWkrDrnRatio= 2.99458474107087
