ICQueenStrength= 3.76812645606697
RQWkrDrnRatio= 4.97245240397751
ICDroneMiteSurvivorship= 32.3298349510878
ICWorkerMiteSurvivorship= 83.9860925916582
ICForagerLifespan= 8.01224378589541
ImmType= Exponential
AIAdultSlope= 1.47619242804358
AIAdultLD50= 0.0564534498844296
AIAdultSlopeContact= 1.06358941828134
AIAdultLD50Contact= 0.0096109991078265
AILarvaSlope= 1.03554892176762
AILarvaLD50= 0.0806094302097335
AIKOW= 2.14241950400174
AIKOC= 22.0435357489623
AIHalfLife= 3.73425957164727
EAppRate= 0.36796324129682
