ICQueenStrength= 5.04975195298903
RQWkrDrnRatio= 4.06808638479561
ICDroneMiteSurvivorship= 17.4462157534435
ICWorkerMiteSurvivorship= 74.7386657167226
ICForagerLifespan= 11.3707156730816
ImmType= Tangent
AIAdultSlope= 1.39756206288468
AIAdultLD50= 0.475152330705896
AIAdultSlopeContact= 1.82802135622362
AIAdultLD50Contact= 0.0379826190299355
AILarvaSlope= 2.0273258975707
AILarvaLD50= 0.622214023279957
AIKOW= 7.56720981607214
AIKOC= 29.8535941762384
AIHalfLife= 4.17553524137475
EAppRate= 0.566145803662948
