ICQueenStrength= 2.97933818213642
RQWkrDrnRatio= 3.92919329926372
ICDroneMiteSurvivorship= 52.6064309524372
ICWorkerMiteSurvivorship= 85.6172353494912
ICForagerLifespan= 9.53749526385218
ImmType= Exponential
AIAdultSlopeContact= 0.934033708884381
AIAdultLD50Contact= 0.044513856084086
AILarvaSlope= 2.04530296567827
AILarvaLD50= 0.537549156532623
AIKOW= 3.82230218686163
AIKOC= 9.73000144702382
AIHalfLife= 12.9759451546706
