ICQueenStrength= 5.17842645198107
RQWkrDrnRatio= 1.65691178385168
ICDroneMiteSurvivorship= 86.9250351097435
ICWorkerMiteSurvivorship= 97.1318838419393
ICForagerLifespan= 11.6413320219144
ImmType= Polynomial
AIAdultSlope= 2.48273781901225
AIAdultLD50= 1.257821777137
AIAdultSlopeContact= 2.45694920310751
AIAdultLD50Contact= 0.0245336058433168
AILarvaSlope= 2.5552300251089
AILarvaLD50= 0.0513787886593491
AIKOW= 6.03074988117442
AIKOC= 20.3457787528168
AIHalfLife= 5.9250476481393
EAppRate= 0.989415026735514
