ICQueenStrength= 2.43996739061549
RQWkrDrnRatio= 2.87942682020366
ICDroneMiteSurvivorship= 57.9519936116412
ICWorkerMiteSurvivorship= 37.1743657859042
ICForagerLifespan= 12.517099045217
ImmType= Tangent
AIAdultSlope= 2.43450437253341
AIAdultLD50= 0.471120222005993
AIAdultSlopeContact= 0.0376790287694894
AIAdultLD50Contact= 0.00458338255994022
AILarvaSlope= 2.21239941022359
AILarvaLD50= 0.466615212801844
AIKOW= 6.79331469768658
AIKOC= 27.2283296869136
AIHalfLife= 13.9839264857583
EAppRate= 0.95766912936233
