ICQueenStrength= 5.86995318206027
RQWkrDrnRatio= 4.16140713449568
ICDroneMiteSurvivorship= 71.1319056805223
ICWorkerMiteSurvivorship= 95.8347872598097
ICForagerLifespan= 13.4736127443612
ImmType= Cosine
AIAdultSlopeContact= 3.39816408685176
AIAdultLD50Contact= 0.00519958408549428
AILarvaSlope= 1.30724121136591
AILarvaLD50= 0.395262454915792
AIKOW= 3.57495826622471
AIKOC= 6.85296185081825
AIHalfLife= 1.07932745199651
