ICQueenStrength= 1.49463396775536
RQWkrDrnRatio= 2.60684058070183
ICDroneMiteSurvivorship= 63.659412227571
ICWorkerMiteSurvivorship= 28.768283361569
ICForagerLifespan= 10.2799588851631
ImmType= Polynomial
AIAdultSlopeContact= 3.00886213941732
AIAdultLD50Contact= 0.030947276938241
AILarvaSlope= 2.48931126836687
AILarvaLD50= 0.569488423713483
AIKOW= 4.40340859116986
AIKOC= 13.1132061604876
AIHalfLife= 7.8874144568108
