ICQueenStrength= 3.91297958930954
RQWkrDrnRatio= 3.71356987580657
ICDroneMiteSurvivorship= 6.87275379896164
ICWorkerMiteSurvivorship= 9.83155132271349
ICForagerLifespan= 7.50652818474919
ImmType= Exponential
AIAdultSlope= 2.35854371334426
AIAdultLD50= 1.53734113485552
AIAdultSlopeContact= 1.29569033982698
AIAdultLD50Contact= 0.0410822846926749
AILarvaSlope= 0.604825288103893
AILarvaLD50= 0.772901498666033
AIKOW= 6.56409338349476
AIKOC= 5.09539475431666
AIHalfLife= 5.58104831678793
EAppRate= 0.0185799286700785
