ICQueenStrength= 2.67553401272744
RQWkrDrnRatio= 1.60485103260726
