ICQueenStrength= 5.83772328705527
RQWkrDrnRatio= 1.82029484584928
ICDroneMiteSurvivorship= 64.0462141716853
ICWorkerMiteSurvivorship= 94.994454132393
ICForagerLifespan= 8.17335134930909
ImmType= Sine
AIAdultSlope= 0.826073508011177
AIAdultLD50= 1.44435654929839
AIAdultSlopeContact= 3.00860803804826
AIAdultLD50Contact= 0.0493914406746626
AILarvaSlope= 2.66698888558894
AILarvaLD50= 0.26873606373556
AIKOW= 3.07350765122101
AIKOC= 6.53326136060059
AIHalfLife= 5.33070087153465
EAppRate= 0.786052644252777
