ICQueenStrength= 1.1043185852468
RQWkrDrnRatio= 1.91261849366128
