ICQueenStrength= 3.47057345579378
RQWkrDrnRatio= 1.73239760380238
ICDroneMiteSurvivorship= 82.5145423877984
ICWorkerMiteSurvivorship= 68.6906768241897
ICForagerLifespan= 10.4627242945135
ImmType= Cosine
AIAdultSlope= 2.03745437678881
AIAdultLD50= 0.378293291665614
AIAdultSlopeContact= 2.45376094597159
AIAdultLD50Contact= 0.0406384687754326
AILarvaSlope= 2.58318062229082
AILarvaLD50= 0.565569943911396
AIKOW= 7.7520681489259
AIKOC= 27.2262679308187
AIHalfLife= 0.367653826717287
EAppRate= 0.762040412286296
