ICQueenStrength= 1.024591346737
RQWkrDrnRatio= 4.31378166936338
ICDroneMiteSurvivorship= 53.8786484394222
ICWorkerMiteSurvivorship= 50.0987034291029
ICForagerLifespan= 12.9453662522137
ImmType= Tangent
AIAdultSlope= 1.13931784648448
AIAdultLD50= 1.98074209853075
AIAdultSlopeContact= 2.04109100583242
AIAdultLD50Contact= 0.04896200861549
AILarvaSlope= 2.65167316854931
AILarvaLD50= 0.606941619236022
AIKOW= 6.47310812911019
AIKOC= 21.0115060745738
AIHalfLife= 8.5186509503983
EAppRate= 0.389018173562363
