ICQueenStrength= 4.23197657358833
RQWkrDrnRatio= 3.14496175386012
ICDroneMiteSurvivorship= 59.7598607419059
ICWorkerMiteSurvivorship= 93.180480459705
ICForagerLifespan= 4.2328446013853
ImmType= Cosine
AIAdultSlope= 0.0558804641012102
AIAdultLD50= 2.83492794865742
AIAdultSlopeContact= 3.80371265446767
AIAdultLD50Contact= 0.00464095292845741
AILarvaSlope= 2.3337507981807
AILarvaLD50= 0.389360474003479
AIKOW= 4.05765122408047
AIKOC= 14.3327155569568
AIHalfLife= 12.2954730796628
EAppRate= 0.650119396625087
