ICQueenStrength= 2.79459422826767
RQWkrDrnRatio= 4.11789622437209
ICDroneMiteSurvivorship= 19.9384904000908
ICWorkerMiteSurvivorship= 17.8024407709017
ICForagerLifespan= 11.5157433208078
ImmType= Cosine
AIAdultSlope= 1.77593535492197
AIAdultLD50= 1.71580121177249
AIAdultSlopeContact= 1.75840940870577
AIAdultLD50Contact= 0.0279058045009151
AILarvaSlope= 1.83663848540746
AILarvaLD50= 0.673267442383803
AIKOW= 2.54663995699957
AIKOC= 16.5068227925804
AIHalfLife= 6.08681908855215
EAppRate= 0.639601036440581
