ICQueenStrength= 5.16390210040845
RQWkrDrnRatio= 1.68869191221893
ICDroneMiteSurvivorship= 64.1303716693074
ICWorkerMiteSurvivorship= 22.2173551330343
ICForagerLifespan= 15.157729995437
ImmType= Polynomial
AIAdultSlope= 2.8641386766918
AIAdultLD50= 0.992375551722944
AIAdultSlopeContact= 3.11945926001295
AIAdultLD50Contact= 0.0280863555963151
AILarvaSlope= 1.43760052025318
AILarvaLD50= 0.136705033667386
AIKOW= 2.37694837898016
AIKOC= 24.8910876875743
AIHalfLife= 3.42413963517174
EAppRate= 0.36291149398312
