ICQueenStrength= 2.65756590478122
RQWkrDrnRatio= 2.79155728872865
