ICQueenStrength= 4.75819314038381
RQWkrDrnRatio= 1.6486447956413
ICDroneMiteSurvivorship= 93.712425022386
ICWorkerMiteSurvivorship= 68.4741930803284
ICForagerLifespan= 12.3473132783547
ImmType= Polynomial
AIAdultLD50= 0.154012839635834
AIAdultSlopeContact= 2.43719082256313
AIAdultLD50Contact= 0.0198346356977709
AILarvaSlope= 0.960626692231744
AILarvaLD50= 0.862846759683453
AIKOW= 5.3832707493566
AIKOC= 11.2602890131529
AIHalfLife= 9.36430718330666
EAppRate= 0.606810848694295
