ICQueenStrength= 2.95891196723096
RQWkrDrnRatio= 4.76679454836994
ICDroneMiteSurvivorship= 40.4786228435114
ICWorkerMiteSurvivorship= 71.4570139767602
ICForagerLifespan= 13.5461261337623
ImmType= Sine
AIAdultSlope= 0.172427950166166
AIAdultLD50= 0.279125252389349
AIAdultSlopeContact= 0.849953573516104
AIAdultLD50Contact= 0.0481084173778072
AILarvaSlope= 1.18725039027631
AILarvaLD50= 0.387955624703318
AIKOW= 4.96474422747269
AIKOC= 13.3629963279236
AIHalfLife= 0.41642194846645
EAppRate= 0.456959846825339
