ICQueenStrength= 1.44676302117296
RQWkrDrnRatio= 4.16012824326754
ICDroneMiteSurvivorship= 49.6954198926687
ICWorkerMiteSurvivorship= 33.4707923932001
ICForagerLifespan= 12.1941126408055
ImmType= Sine
AIAdultSlopeContact= 1.83080538408831
AIAdultLD50Contact= 0.0432899883482605
AILarvaSlope= 2.79959080042318
AILarvaLD50= 0.294392701238394
AIKOW= 8.5627626394853
AIKOC= 29.41944883205
AIHalfLife= 6.57590433117002
