ICQueenStrength= 4.47479958366603
RQWkrDrnRatio= 4.30987435393035
