ICQueenStrength= 1.9544745599851
RQWkrDrnRatio= 3.16270557045937
ICDroneMiteSurvivorship= 4.01961607858539
ICWorkerMiteSurvivorship= 6.84118734207004
ICForagerLifespan= 4.25516025628895
ImmType= Exponential
AIAdultSlope= 3.26387059623376
AIAdultLD50= 0.455983977299184
AIAdultSlopeContact= 1.78346148191253
AIAdultLD50Contact= 0.0312168675591238
AILarvaSlope= 2.47690112479031
AILarvaLD50= 0.587508966308087
AIKOW= 5.03310141526163
AIKOC= 28.7022315151989
AIHalfLife= 1.66942138737068
EAppRate= 0.763381732394919
