ICQueenStrength= 5.74969301838428
RQWkrDrnRatio= 1.9198080105707
ICDroneMiteSurvivorship= 98.6504281172529
ICWorkerMiteSurvivorship= 75.876428396441
ICForagerLifespan= 13.9964028829709
ImmType= Sine
AIAdultSlope= 1.28911757403985
AIAdultLD50= 2.08638273901306
AIAdultSlopeContact= 2.02787220148835
AIAdultLD50Contact= 0.0371785827213898
AILarvaSlope= 3.26827496839687
AILarvaLD50= 0.132553747552447
AIKOW= 3.16647159075364
AIKOC= 28.6868049425539
AIHalfLife= 10.8817387749441
EAppRate= 0.0445829015225172
