ICQueenStrength= 3.56449474138208
RQWkrDrnRatio= 2.04359665513039
ICDroneMiteSurvivorship= 68.7498252606019
ICWorkerMiteSurvivorship= 71.7102199327201
ICForagerLifespan= 4.762435503304
ImmType= Logarithmic
AIAdultSlope= 2.26364312040154
AIAdultLD50= 0.466159372008406
AIAdultSlopeContact= 0.036665366536472
AIAdultLD50Contact= 0.0217370195663534
AILarvaSlope= 1.13566645300016
AILarvaLD50= 0.813455775822513
AIKOW= 7.26210201252252
AIKOC= 5.28469468234107
AIHalfLife= 0.122534160036594
EAppRate= 0
