ICQueenStrength= 3.50928688212298
RQWkrDrnRatio= 2.79639689065516
ICDroneMiteSurvivorship= 17.83295806963
ICWorkerMiteSurvivorship= 63.2379822432995
ICForagerLifespan= 13.6740680430084
ImmType= Logarithmic
AIAdultSlopeContact= 5.66325992578641
AIAdultLD50Contact= 0.134682514239103
AILarvaSlope= 7.54606046946719
AILarvaLD50= 1.50877816881984
AIKOW= 90.6858250265941
AIKOC= 25.851195724681
AIHalfLife= 4.53480283962563
