ICQueenStrength= 4.14323302474804
RQWkrDrnRatio= 3.328254298307
ICDroneMiteSurvivorship= 40.8041113987565
ICWorkerMiteSurvivorship= 24.40070444718
ICForagerLifespan= 4.62228093482554
ImmType= Exponential
AIAdultSlope= 2.0445167749445
AIAdultLD50= 0.487910095718689
AIAdultSlopeContact= 3.80092986295698
AIAdultLD50Contact= 0.0394679494085722
AILarvaSlope= 0.301562276203185
AILarvaLD50= 0.439899986679666
AIKOW= 4.1115852938965
AIKOC= 7.57176408194937
AIHalfLife= 2.06315042916685
EAppRate= 0.0412244443316013
