ICQueenStrength= 1.56250199442729
RQWkrDrnRatio= 3.64420815277845
ICDroneMiteSurvivorship= 11.9113922351971
ICWorkerMiteSurvivorship= 80.4157428443432
ICForagerLifespan= 7.80727332923561
ImmType= Tangent
AIAdultSlope= 1.1550376471132
