ICQueenStrength= 3.81206159037538
RQWkrDrnRatio= 3.95228639617562
ICDroneMiteSurvivorship= 49.5489313732833
ICWorkerMiteSurvivorship= 85.4411062551662
ICForagerLifespan= 13.593522625044
ImmType= Sine
AIAdultSlope= 3.24792104946915
AIAdultLD50= 0.326678469777107
AIAdultSlopeContact= 3.61651203658199
AIAdultLD50Contact= 0.0450496754143387
AILarvaSlope= 2.43998696850613
AILarvaLD50= 0.677581972349435
AIKOW= 6.89125680178404
AIKOC= 10.8631024847273
AIHalfLife= 0.281365864211693
EAppRate= 0.0201914479024708
