ICQueenStrength= 4.87458888231777
RQWkrDrnRatio= 2.93515101354569
ICDroneMiteSurvivorship= 43.6407730681822
ICWorkerMiteSurvivorship= 87.9493296146393
ICForagerLifespan= 4.8044436937198
ImmType= Tangent
AIAdultSlope= 0.504001412773505
AIAdultSlopeContact= 3.52360550419427
AIAdultLD50Contact= 0.0168985104421154
AILarvaSlope= 2.9964522769209
AILarvaLD50= 0.63483304514084
AIKOW= 2.29264661110938
AIKOC= 26.882575150812
AIHalfLife= 6.03509063413367
