ICQueenStrength= 3.3234744835645
RQWkrDrnRatio= 3.26948600355536
ICDroneMiteSurvivorship= 82.388538075611
ICWorkerMiteSurvivorship= 59.047315386124
ICForagerLifespan= 4.31840609386563
ImmType= Logarithmic
AIAdultSlope= 0.557514676521532
AIAdultLD50= 0.33259863324929
AIAdultSlopeContact= 1.72683341628173
AIAdultLD50Contact= 0.0189899688935839
AILarvaSlope= 1.26686350530945
AILarvaLD50= 0.462530065770261
AIKOW= 2.96864972822368
AIKOC= 6.75070213153958
AIHalfLife= 4.03019746183418
EAppRate= 0.328395078843459
