ICQueenStrength= 5.78341863374226
RQWkrDrnRatio= 3.96953701693565
ICDroneMiteSurvivorship= 32.6362581690773
ICWorkerMiteSurvivorship= 9.16325990110636
ICForagerLifespan= 6.32802303228527
ImmType= Tangent
AIAdultSlope= 2.66670039715245
AIAdultLD50= 0.552671944722533
AIAdultSlopeContact= 3.09517253885977
AIAdultLD50Contact= 0.0390784171991982
AILarvaSlope= 2.15720940944739
AILarvaLD50= 0.457666532043368
AIKOW= 7.76127333100885
AIKOC= 18.4894792048726
AIHalfLife= 9.61295903800055
EAppRate= 0.248698475770652
