ICQueenStrength= 4.12662607524544
RQWkrDrnRatio= 3.671919407323
ICDroneMiteSurvivorship= 97.9376839939505
ICWorkerMiteSurvivorship= 60.0401993142441
ICForagerLifespan= 10.0851503657177
ImmType= Cosine
AIAdultSlope= 3.67192726844223
AIAdultLD50= 0.0686470422660932
AIAdultSlopeContact= 2.05580871169455
AIAdultLD50Contact= 0.037398837110959
AILarvaSlope= 2.46107159061357
AILarvaLD50= 0.111976894643158
AIKOW= 3.5961893517524
AIKOC= 16.9096314243507
AIHalfLife= 4.97888788580894
EAppRate= 0.257588395406492
