ICQueenStrength= 2.14392226445489
RQWkrDrnRatio= 2.77208301238716
ICDroneMiteSurvivorship= 69.7135519236326
ICWorkerMiteSurvivorship= 23.1890793191269
ICForagerLifespan= 4.02981961239129
ImmType= Cosine
AIAdultSlope= 2.35860683267238
AIAdultLD50= 0.424571164767258
AIAdultSlopeContact= 1.40992388920393
AIAdultLD50Contact= 0.0333735558437184
AILarvaSlope= 3.21153502999805
AILarvaLD50= 0.767915005772375
AIKOW= 5.51584110641852
AIKOC= 23.9623932237737
AIHalfLife= 3.0024696548935
EAppRate= 0.232390400022268
