ICQueenStrength= 5.32284696027637
RQWkrDrnRatio= 4.52961402386427
ICDroneMiteSurvivorship= 62.8109965939075
ICWorkerMiteSurvivorship= 35.7818807708099
ICForagerLifespan= 6.09518887475133
ImmType= Logarithmic
AIAdultSlope= 0.785088416794315
AIAdultLD50= 0.40614083269611
AIAdultSlopeContact= 0.20736442653928
AIAdultLD50Contact= 0.00578586158808321
AILarvaSlope= 0.68335593463853
AILarvaLD50= 0.861514807166532
AIKOW= 5.38369723316282
AIKOC= 22.0904716360383
AIHalfLife= 1.54014554107562
EAppRate= 0.644150826730765
