ICQueenStrength= 1.47774915583432
RQWkrDrnRatio= 3.13018763996661
ICDroneMiteSurvivorship= 49.7336589964107
ICWorkerMiteSurvivorship= 60.2043736726046
ICForagerLifespan= 5.85218319669366
ImmType= Tangent
AIAdultSlopeContact= 0.943310362889897
AIAdultLD50Contact= 0.0433496115379967
AILarvaSlope= 3.24902534540743
AILarvaLD50= 0.152035181061365
AIKOW= 5.20928669255227
AIKOC= 22.221109312959
AIHalfLife= 13.5193040384911
