ICQueenStrength= 2.0406669403892
RQWkrDrnRatio= 4.2032467070967
ICDroneMiteSurvivorship= 64.7496444638819
ICWorkerMiteSurvivorship= 94.2186068743467
ICForagerLifespan= 8.22870364692062
ImmType= Sine
AIAdultSlopeContact= 1.76033767537214
AIAdultLD50Contact= 0.0282881492865272
AILarvaSlope= 0.79054757556878
AILarvaLD50= 0.134641769318841
AIKOW= 6.84709728835151
AIKOC= 18.6197931016795
AIHalfLife= 12.102972350549
