ICQueenStrength= 1.52590967505239
RQWkrDrnRatio= 1.64645461924374
ICDroneMiteSurvivorship= 18.6392335221171
ICWorkerMiteSurvivorship= 47.8569536004215
ICForagerLifespan= 6.02116256859154
ImmType= Tangent
AIAdultSlope= 1.66547560218489
AIAdultLD50= 0.157347677508369
AIAdultSlopeContact= 0.680307183237746
AIAdultLD50Contact= 0.0239967252477072
AILarvaSlope= 1.1936920714099
AILarvaLD50= 0.759709636168554
AIKOW= 4.11705276044086
AIKOC= 29.4400831346866
AIHalfLife= 2.08853818941861
EAppRate= 0.66432198882103
