ICQueenStrength= 5.18571225367486
RQWkrDrnRatio= 4.19700902793556
ICDroneMiteSurvivorship= 70.0973927974701
ICWorkerMiteSurvivorship= 66.559609118849
ICForagerLifespan= 5.85243643913418
ImmType= Sine
AIAdultSlope= 0.2521027978044
AIAdultLD50= 2.02414735453203
AIAdultSlopeContact= 2.16613657354144
AIAdultLD50Contact= 0.0126015115412883
AILarvaSlope= 0.667867687065154
AILarvaLD50= 0.0617001737002283
AIKOW= 7.45864086272195
AIKOC= 24.1630539600737
AIHalfLife= 10.3457778408192
EAppRate= 0.0425190657842904
