ICQueenStrength= 3.24826275138184
RQWkrDrnRatio= 2.25574747379869
ICDroneMiteSurvivorship= 27.6541403960437
ICWorkerMiteSurvivorship= 57.5413123704493
ICForagerLifespan= 10.0574541855603
ImmType= Logarithmic
AIAdultSlopeContact= 1.60506553196115
AIAdultLD50Contact= 0.0300439837854356
AILarvaSlope= 3.0223182529211
AILarvaLD50= 0.636883588694036
AIKOW= 7.68701689550653
AIKOC= 9.86174472025596
AIHalfLife= 1.67860860284418
