ICQueenStrength= 2.46490358631127
RQWkrDrnRatio= 2.58122563734651
ICDroneMiteSurvivorship= 93.3001630939543
ICWorkerMiteSurvivorship= 36.8625970324501
ICForagerLifespan= 15.2952017877251
ImmType= Logarithmic
AIAdultSlope= 0.104887801876757
AIAdultLD50= 0.00313981017097831
AIAdultSlopeContact= 3.28727816807572
AIAdultLD50Contact= 0.0301729834056459
AILarvaSlope= 0.38427814245224
AILarvaLD50= 0.761414907546714
AIKOW= 2.61837423592806
AIKOC= 18.3164035796653
AIHalfLife= 1.78013425087556
EAppRate= 0.226025949930772
