ICQueenStrength= 3.49045729404315
RQWkrDrnRatio= 4.85396054014564
ICDroneMiteSurvivorship= 35.2579944534227
ICWorkerMiteSurvivorship= 27.0662608323619
ICForagerLifespan= 12.9846058301628
ImmType= Cosine
AIAdultSlope= 2.57664479225641
AIAdultLD50= 0.0180083822924644
AIAdultSlopeContact= 1.59218842244474
AIAdultLD50Contact= 0.0383029622607864
AILarvaSlope= 0.795618995605037
AILarvaLD50= 0.581071308860555
AIKOW= 2.61119842994958
AIKOC= 19.6493332169484
AIHalfLife= 3.79828682634979
EAppRate= 0
