ICQueenStrength= 2.25857719802298
RQWkrDrnRatio= 3.58972375281155
ICDroneMiteSurvivorship= 54.7214406309649
ICWorkerMiteSurvivorship= 86.3331225933507
ICForagerLifespan= 7.34461593907326
ImmType= Logarithmic
AIAdultSlope= 0.618336783582345
AIAdultLD50= 0.308845229214057
AIAdultSlopeContact= 2.23137092615012
AIAdultLD50Contact= 0.0370954490150325
AILarvaSlope= 1.31272448496893
AILarvaLD50= 0.684072176995687
AIKOW= 5.67081558937207
AIKOC= 19.3890999665018
AIHalfLife= 7.71376744145527
EAppRate= 0.498973797308281
