ICQueenStrength= 4.1704274402
RQWkrDrnRatio= 1.91498638875782
ICDroneMiteSurvivorship= 63.6525600682944
ICWorkerMiteSurvivorship= 87.7349695190787
ICForagerLifespan= 12.0125065715984
ImmType= Cosine
AIAdultSlope= 1.12692166385707
AIAdultLD50= 0.000664692954160273
AIAdultSlopeContact= 1.73799927456072
AIAdultLD50Contact= 0.0178692500339821
AILarvaSlope= 3.05534774782136
AILarvaLD50= 0.843940195441246
AIKOW= 7.28073591226712
AIKOC= 8.4915407653898
AIHalfLife= 1.61277047125623
EAppRate= 0.505791281023994
