ICQueenStrength= 5.00048425188288
RQWkrDrnRatio= 1.78061362542212
ICDroneMiteSurvivorship= 66.9742902275175
ICWorkerMiteSurvivorship= 83.3117278292775
ICForagerLifespan= 12.4093102263287
ImmType= Polynomial
AIAdultSlope= 2.8027196785924
AIAdultLD50= 0.229579214588739
AIAdultSlopeContact= 0.584388276964892
AIAdultLD50Contact= 0.0261230414384045
AILarvaSlope= 1.37900332147256
AILarvaLD50= 0.238667567563243
AIKOW= 5.83789259754121
AIKOC= 21.6418827255256
AIHalfLife= 4.97538001858629
EAppRate= 0.0397280231351033
