ICQueenStrength= 5.87673180061392
RQWkrDrnRatio= 3.71012950222939
ICDroneMiteSurvivorship= 5.80403632484376
ICWorkerMiteSurvivorship= 26.6455309465528
ICForagerLifespan= 6.67961382400244
ImmType= Sine
AIAdultSlope= 1.72074688606197
AIAdultLD50= 0.313652031123638
AIAdultSlopeContact= 0.278434524047188
AIAdultLD50Contact= 0.0234629238722846
AILarvaSlope= 2.92490238700993
AILarvaLD50= 0.557229793514125
AIKOW= 2.45951031241566
AIKOC= 19.9667615769431
AIHalfLife= 4.06580827198923
EAppRate= 0.300750925182365
