ICQueenStrength= 3.09964065463282
RQWkrDrnRatio= 3.75989496335387
ICDroneMiteSurvivorship= 14.1976760001853
ICWorkerMiteSurvivorship= 67.9359369445592
ICForagerLifespan= 9.63872989267111
ImmType= Polynomial
AIAdultSlope= 1.11357676330954
AIAdultLD50= 0.84351031971164
AIAdultSlopeContact= 6.15640820469707
AIAdultLD50Contact= 0.185876829689369
AILarvaSlope= 8.51043132133782
AILarvaLD50= 0.769878968130797
AIKOW= 92.7532545756549
AIKOC= 65.9862391417846
AIHalfLife= 11.2617966993712
EAppRate= 0.899599084164947
