ICQueenStrength= 4.00557689159177
RQWkrDrnRatio= 1.256218126975
ICDroneMiteSurvivorship= 11.601878865622
ICWorkerMiteSurvivorship= 12.99099100288
ICForagerLifespan= 10.3623741241172
ImmType= Tangent
AIAdultSlope= 0.239196149120107
AIAdultLD50= 0.473808808252215
AIAdultSlopeContact= 1.47036282295827
AIAdultLD50Contact= 0.00573452722746879
AILarvaSlope= 1.40636045383289
AILarvaLD50= 0.412976928334683
AIKOW= 4.10404689516872
AIKOC= 8.60650552902371
AIHalfLife= 11.5807596971281
EAppRate= 0.941355741582811
