ICQueenStrength= 4.1150223815348
RQWkrDrnRatio= 1.23134156875312
ICDroneMiteSurvivorship= 90.7846819143742
ICWorkerMiteSurvivorship= 69.9038748396561
ICForagerLifespan= 13.0127664348111
ImmType= Logarithmic
AIAdultSlope= 1.96830622558482
AIAdultLD50= 1.95373839139938
AIAdultSlopeContact= 1.05814220282016
AIAdultLD50Contact= 0.0161226278170943
AILarvaSlope= 2.86372646768577
AILarvaLD50= 0.206390016828664
AIKOW= 5.62304871436208
AIKOC= 29.41023166175
AIHalfLife= 10.5161775583401
EAppRate= 0.398711986606941
