ICQueenStrength= 2.67216935544275
RQWkrDrnRatio= 1.4851593952626
ICDroneMiteSurvivorship= 33.8809645734727
ICWorkerMiteSurvivorship= 69.0535614034161
ICForagerLifespan= 14.7576413415372
ImmType= Sine
AIAdultSlope= 1.48755946908379
AIAdultLD50= 0.0936949502211064
AIAdultSlopeContact= 0.904386790178251
AIAdultLD50Contact= 0.0204196176375262
AILarvaSlope= 2.10565019459464
AILarvaLD50= 0.109206327795982
AIKOW= 5.08612951869145
AIKOC= 28.6834666051436
AIHalfLife= 4.11642429651693
EAppRate= 0.214174276217818
