ICQueenStrength= 3.19723142799921
RQWkrDrnRatio= 4.08698653429747
ICDroneMiteSurvivorship= 78.1291292747483
ICWorkerMiteSurvivorship= 56.5568348858505
ICForagerLifespan= 13.874542620033
ImmType= Exponential
AIAdultSlope= 2.7236524457112
AIAdultLD50= 0.222765318583697
AIAdultSlopeContact= 5.66009817877784
AIAdultLD50Contact= 0.162639125389978
AILarvaSlope= 3.36799509357661
AILarvaLD50= 0.900803985539824
AIKOW= 62.8803085768595
AIKOC= 31.2629940453917
AIHalfLife= 7.67259007366374
EAppRate= 0.725634844508022
