ICQueenStrength= 1.50569724058732
RQWkrDrnRatio= 1.87366733979434
ICDroneMiteSurvivorship= 93.5367246391252
ICWorkerMiteSurvivorship= 92.6335152704269
ICForagerLifespan= 10.9579979805276
ImmType= Tangent
AIAdultSlope= 1.25873488094658
AIAdultLD50= 1.5177320195362
AIAdultSlopeContact= 2.0261016310472
AIAdultLD50Contact= 0.0160148922703229
AILarvaSlope= 0.0541334959678352
AILarvaLD50= 0.0642512082355097
AIKOW= 6.29598718695343
AIKOC= 25.4977967194282
AIHalfLife= 4.74727689661086
EAppRate= 0.920256159966812
