ICQueenStrength= 4.40975466766395
RQWkrDrnRatio= 1.42906375788152
ICDroneMiteSurvivorship= 82.4897251557559
ICWorkerMiteSurvivorship= 99.4249450042844
ICForagerLifespan= 14.3986934684217
ImmType= Logarithmic
AIAdultSlope= 2.71584862396121
AIAdultLD50= 2.85936134937219
AIAdultSlopeContact= 2.8805105170724
AIAdultLD50Contact= 0.0186704446561635
AILarvaSlope= 2.82368343183771
AILarvaLD50= 0.244361367356032
AIKOW= 5.40472698537633
AIKOC= 6.40871400362812
AIHalfLife= 1.61560328258201
EAppRate= 0.199581671040505
