ICQueenStrength= 3.10368907731026
RQWkrDrnRatio= 3.39487531594932
