ICQueenStrength= 3.60894943843596
RQWkrDrnRatio= 3.14405873324722
ICDroneMiteSurvivorship= 74.6126473415643
ICWorkerMiteSurvivorship= 83.7828173069283
ICForagerLifespan= 8.56406417675316
ImmType= Exponential
AIAdultSlope= 1.57560033961199
AIAdultLD50= 1.23928578430787
AIAdultSlopeContact= 2.29016714216676
AIAdultLD50Contact= 0.0375196872744709
AILarvaSlope= 1.88383064209484
AILarvaLD50= 0.855472582974471
AIKOW= 3.85050438530743
AIKOC= 12.9245716391597
AIHalfLife= 7.748452573549
EAppRate= 0.756262658629566
