ICQueenStrength= 3.38415829255246
RQWkrDrnRatio= 3.01041785161942
ICDroneMiteSurvivorship= 44.9869615258649
ICWorkerMiteSurvivorship= 61.8128326721489
ICForagerLifespan= 8.10724504198879
ImmType= Cosine
AIAdultSlope= 1.72105439832201
AIAdultLD50= 0.114615512080491
AIAdultSlopeContact= 1.52541345601436
AIAdultLD50Contact= 0.0278120242990553
AILarvaSlope= 2.72394274221733
AILarvaLD50= 0.228934992779978
AIKOW= 2.14814882399514
AIKOC= 7.65444784308784
AIHalfLife= 2.05892868340015
EAppRate= 0
