ICQueenStrength= 5.50839253142476
RQWkrDrnRatio= 4.93834232073277
ICDroneMiteSurvivorship= 58.5483661387116
ICWorkerMiteSurvivorship= 54.5169280376285
ICForagerLifespan= 5.30234193243086
ImmType= Polynomial
AIAdultLD50= 0.154012839635834
AIAdultSlopeContact= 2.22002596647944
AIAdultLD50Contact= 0.0286600079387426
AILarvaSlope= 2.53497076383792
AILarvaLD50= 0.285045478097163
AIKOW= 2.45033606654033
AIKOC= 15.978155216435
AIHalfLife= 12.2232644739561
EAppRate= 0.62112156720832
