ICQueenStrength= 2.08035139832646
RQWkrDrnRatio= 2.37451508548111
