ICQueenStrength= 5.1520627529826
RQWkrDrnRatio= 3.84664238896221
ICDroneMiteSurvivorship= 30.699900072068
ICWorkerMiteSurvivorship= 13.8177265645936
ICForagerLifespan= 7.41358607728034
ImmType= Cosine
AIAdultSlope= 2.58739043935202
AIAdultLD50= 2.84793403465301
AIAdultSlopeContact= 3.19521023910726
AIAdultLD50Contact= 0.0131147291394882
AILarvaSlope= 2.71203030543402
AILarvaLD50= 0.880085341329686
AIKOW= 2.11464931583032
AIKOC= 16.4882625930477
AIHalfLife= 13.4232304338366
EAppRate= 0.765960556222126
