ICQueenStrength= 4.66134117357433
RQWkrDrnRatio= 2.39707798603922
ICDroneMiteSurvivorship= 25.1897337846458
ICWorkerMiteSurvivorship= 74.6593478834257
ICForagerLifespan= 12.5230228183791
ImmType= Polynomial
AIAdultSlopeContact= 6.97625444969162
AIAdultLD50Contact= 0.0311024125665426
AILarvaSlope= 5.10413098614663
AILarvaLD50= 1.73324643168598
AIKOW= 39.6378265460953
AIKOC= 63.4311562404037
AIHalfLife= 1.03041736409068
