ICQueenStrength= 5.9588662199676
RQWkrDrnRatio= 1.28271770011634
ICDroneMiteSurvivorship= 13.123296899721
ICWorkerMiteSurvivorship= 40.6423822045326
ICForagerLifespan= 14.8371707079932
ImmType= Cosine
AIAdultSlopeContact= 2.56896010832861
AIAdultLD50Contact= 0.180384560022503
AILarvaSlope= 3.04957463871688
AILarvaLD50= 0.824287366587669
AIKOW= 94.1095314221457
AIKOC= 35.8952898997813
AIHalfLife= 4.42986268550158
