ICQueenStrength= 1.75620463234372
RQWkrDrnRatio= 4.37345996964723
ICDroneMiteSurvivorship= 25.0521920155734
ICWorkerMiteSurvivorship= 89.7719481028616
ICForagerLifespan= 11.0312946168706
ImmType= Sine
AIAdultSlope= 2.98967973170802
AIAdultLD50= 1.322354670614
AIAdultSlopeContact= 2.57736807697685
AIAdultLD50Contact= 0.0265600440790877
AILarvaSlope= 2.94678774885833
AILarvaLD50= 0.460395760182291
AIKOW= 5.40659339353442
AIKOC= 10.5561812594533
AIHalfLife= 0.755962810944766
EAppRate= 0.479852938558906
