ICQueenStrength= 1.6427802122198
RQWkrDrnRatio= 2.42475552391261
ICDroneMiteSurvivorship= 77.7361460030079
ICWorkerMiteSurvivorship= 43.7092172680423
ICForagerLifespan= 5.42329646088183
ImmType= Exponential
AIAdultSlope= 0.741641250620596
AIAdultLD50= 0.328727739630267
AIAdultSlopeContact= 3.86077504467918
AIAdultLD50Contact= 0.00920927152037621
AILarvaSlope= 0.797945975698531
AILarvaLD50= 0.413169947848655
AIKOW= 2.07507158955559
AIKOC= 9.2243326373864
AIHalfLife= 2.40020558238029
EAppRate= 0
