ICQueenStrength= 1.18957941792905
RQWkrDrnRatio= 3.66568671911955
ICDroneMiteSurvivorship= 87.6195878488943
ICWorkerMiteSurvivorship= 22.6796334609389
ICForagerLifespan= 5.1717094630003
ImmType= Exponential
AIAdultSlope= 1.80332603473216
AIAdultLD50= 0.103007561992854
AIAdultSlopeContact= 2.18484784862492
AIAdultLD50Contact= 0.0371475531021133
AILarvaSlope= 1.18410041313618
AILarvaLD50= 0.0770429048454389
AIKOW= 2.21646274859086
AIKOC= 13.3396757720038
AIHalfLife= 5.74304545391351
EAppRate= 0.913745312951505
