ICQueenStrength= 3.08583005121909
RQWkrDrnRatio= 4.66348114609718
ICDroneMiteSurvivorship= 29.9035644624382
ICWorkerMiteSurvivorship= 73.743328708224
ICForagerLifespan= 4.86697528976947
ImmType= Tangent
AIAdultSlope= 3.14620991685893
AIAdultLD50= 0.229974618530832
AIAdultSlopeContact= 2.94007171730278
AIAdultLD50Contact= 0.0113035415881313
AILarvaSlope= 0.0709866160526872
AILarvaLD50= 0.0832974744960666
AIKOW= 7.91467777034268
AIKOC= 8.25272636255249
AIHalfLife= 2.59750608238392
EAppRate= 0
