ICQueenStrength= 1.68046945030801
RQWkrDrnRatio= 4.97970891371369
ICDroneMiteSurvivorship= 93.3525894768536
ICWorkerMiteSurvivorship= 40.4003523290157
ICForagerLifespan= 15.6454806188121
ImmType= Tangent
AIAdultSlope= 1.96429822677746
AIAdultLD50= 2.00896654464304
AIAdultSlopeContact= 0.970253171205986
AIAdultLD50Contact= 0.0106607413734309
AILarvaSlope= 0.687250849138945
AILarvaLD50= 0.821573322778568
AIKOW= 3.91637414274737
AIKOC= 16.8999148427974
AIHalfLife= 10.7022229931317
EAppRate= 0.858553614933044
