ICQueenStrength= 4.67719365051016
RQWkrDrnRatio= 3.70311700925231
ICDroneMiteSurvivorship= 96.5520080411807
ICWorkerMiteSurvivorship= 44.7280758526176
ICForagerLifespan= 8.17860472109169
ImmType= Sine
AIAdultSlope= 2.00117458311841
AIAdultLD50= 0.459798020892777
AIAdultSlopeContact= 0.243683485609945
AIAdultLD50Contact= 0.00320575289661065
AILarvaSlope= 1.54734317963012
AILarvaLD50= 0.537486442923546
AIKOW= 3.56625665910542
AIKOC= 13.2757890340872
AIHalfLife= 3.54883759631775
EAppRate= 0
