ICQueenStrength= 4.76739965635352
RQWkrDrnRatio= 3.5112352669239
ICDroneMiteSurvivorship= 23.2675863197073
ICWorkerMiteSurvivorship= 80.806312058121
ICForagerLifespan= 13.7665766077116
ImmType= Sine
AIAdultSlope= 4.37151788501069
AIAdultLD50= 0.785168468952179
AIAdultSlopeContact= 3.95907832775265
AIAdultLD50Contact= 0.187805011169985
AILarvaSlope= 2.33238699613139
AILarvaLD50= 0.291291292291135
AIKOW= 44.2872669082135
AIKOC= 79.2885970789939
AIHalfLife= 7.85639732005075
EAppRate= 0.47548267012462
