ICQueenStrength= 1.49303559353575
RQWkrDrnRatio= 4.44094995316118
ICDroneMiteSurvivorship= 26.5988798579201
ICWorkerMiteSurvivorship= 44.609523168765
ICForagerLifespan= 10.5220522210002
ImmType= Cosine
AIAdultSlope= 2.63156247534789
AIAdultLD50= 2.5871765522752
AIAdultSlopeContact= 3.87649688737001
AIAdultLD50Contact= 0.0342935895198025
AILarvaSlope= 2.89864251543768
AILarvaLD50= 0.565486745140515
AIKOW= 5.53885285183787
AIKOC= 18.8255328405648
AIHalfLife= 1.18955650087446
EAppRate= 0.747043308569118
