ICQueenStrength= 1.02521483809687
RQWkrDrnRatio= 4.65328522119671
ICDroneMiteSurvivorship= 26.6397055471316
ICWorkerMiteSurvivorship= 6.60915644839406
ICForagerLifespan= 11.2764074634761
ImmType= Tangent
AIAdultSlopeContact= 1.42735694561619
AIAdultLD50Contact= 0.0325735272956081
AILarvaSlope= 0.633072089683264
AILarvaLD50= 0.030742309615016
AIKOW= 3.91952403262258
AIKOC= 29.5846579666249
AIHalfLife= 2.19116662302986
