ICQueenStrength= 5.17951142182574
RQWkrDrnRatio= 1.90730958618224
ICDroneMiteSurvivorship= 4.00618778076023
ICWorkerMiteSurvivorship= 72.1489722840488
ICForagerLifespan= 4.96311789844185
ImmType= Exponential
AIAdultSlopeContact= 1.83082165489672
AIAdultLD50Contact= 0.0222431662376039
AILarvaSlope= 2.86973142242059
AILarvaLD50= 0.893350241635926
AIKOW= 5.71806804882362
AIKOC= 8.99355590343475
AIHalfLife= 12.243573224172
