ICQueenStrength= 5.69243274419568
RQWkrDrnRatio= 2.56895396113396
ICDroneMiteSurvivorship= 63.7944809393957
ICWorkerMiteSurvivorship= 98.2678926782683
ICForagerLifespan= 15.8002420701087
ImmType= Cosine
AIAdultSlopeContact= 3.61359570640605
AIAdultLD50Contact= 0.00788788461359218
AILarvaSlope= 1.69873088155873
AILarvaLD50= 0.24279368869029
AIKOW= 7.60471390979365
AIKOC= 10.123059701873
AIHalfLife= 3.66560853878036
