ICQueenStrength= 4.00868984195404
RQWkrDrnRatio= 3.81484197545797
ICDroneMiteSurvivorship= 20.7797441398725
ICWorkerMiteSurvivorship= 5.65797805320472
ICForagerLifespan= 15.2655453598127
ImmType= Tangent
AIAdultSlope= 1.84622420412488
AIAdultLD50= 1.83924183365889
AIAdultSlopeContact= 1.94508794476278
AIAdultLD50Contact= 0.0344637248548679
AILarvaSlope= 1.05252985036932
AILarvaLD50= 0.590275976294652
AIKOW= 3.02480762451887
AIKOC= 28.0602936353534
AIHalfLife= 9.87333140708506
EAppRate= 0.755675435531884
