ICQueenStrength= 5.90520253777504
RQWkrDrnRatio= 3.86103734374046
ICDroneMiteSurvivorship= 68.5246671549976
ICWorkerMiteSurvivorship= 63.1911931093782
ICForagerLifespan= 14.530457447283
ImmType= Polynomial
AIAdultSlope= 1.46531106458511
AIAdultLD50= 0.0505947426427156
AIAdultSlopeContact= 2.91748807987897
AIAdultLD50Contact= 0.00768749045673758
AILarvaSlope= 1.24278680579737
AILarvaLD50= 0.195421796967275
AIKOW= 2.02881258260459
AIKOC= 15.339716920862
AIHalfLife= 2.01471227104776
EAppRate= 0
