ICQueenStrength= 1.3927307552658
RQWkrDrnRatio= 2.69924886804074
ICDroneMiteSurvivorship= 31.0327161801979
ICWorkerMiteSurvivorship= 81.437520054169
ICForagerLifespan= 12.8742076857015
ImmType= Cosine
AIAdultSlope= 0.995415953218471
AIAdultLD50= 0.0187612771987915
AIAdultSlopeContact= 2.60032195616048
AIAdultLD50Contact= 0.0215838290168904
AILarvaSlope= 1.08004736816511
AILarvaLD50= 0.344413251033984
AIKOW= 7.4160360400565
AIKOC= 24.1772327932995
AIHalfLife= 1.83915152447298
EAppRate= 0.139048874774016
