ICQueenStrength= 3.61582832317799
RQWkrDrnRatio= 1.24061593599617
ICDroneMiteSurvivorship= 7.33486309181899
ICWorkerMiteSurvivorship= 44.1121676238254
ICForagerLifespan= 10.5059476764873
ImmType= Sine
AIAdultSlope= 2.51484916443005
AIAdultLD50= 2.2128058585804
AIAdultSlopeContact= 1.79990693781758
AIAdultLD50Contact= 0.0321266140555963
AILarvaSlope= 2.40261062560603
AILarvaLD50= 0.603036300698295
AIKOW= 6.51860807370394
AIKOC= 25.1513864682056
AIHalfLife= 9.04897261876613
EAppRate= 0.752135057467967
