ICQueenStrength= 1.97611175035127
RQWkrDrnRatio= 2.78387156873941
ICDroneMiteSurvivorship= 49.2090787971392
ICWorkerMiteSurvivorship= 70.2284323750064
ICForagerLifespan= 8.01056399662048
ImmType= Cosine
AIAdultSlope= 2.32231391310459
AIAdultLD50= 0.207825924037024
AIAdultSlopeContact= 2.7321501644142
AIAdultLD50Contact= 0.0286945254076272
AILarvaSlope= 2.85417816587724
AILarvaLD50= 0.342392235458829
AIKOW= 2.08853098424152
AIKOC= 13.5842914762907
AIHalfLife= 3.10251042828895
EAppRate= 0.495499172247946
