ICQueenStrength= 4.95284868311137
RQWkrDrnRatio= 1.61339914333075
ICDroneMiteSurvivorship= 59.8106389865279
ICWorkerMiteSurvivorship= 0.446967897005379
ICForagerLifespan= 13.15067998413
ImmType= Cosine
AIAdultSlope= 0.473998267855495
AIAdultLD50= 1.64927656995133
AIAdultSlopeContact= 2.52983102428028
AIAdultLD50Contact= 0.0250842729117721
AILarvaSlope= 1.08614590791985
AILarvaLD50= 0.545187244168483
AIKOW= 6.56614937772974
AIKOC= 13.0318341613747
AIHalfLife= 5.79126977780834
EAppRate= 0.908138589933515
