ICQueenStrength= 3.31215268373489
RQWkrDrnRatio= 4.24897066690028
ICDroneMiteSurvivorship= 24.3402768624946
ICWorkerMiteSurvivorship= 78.1988821690902
ICForagerLifespan= 6.17935582529753
ImmType= Cosine
AIAdultSlope= 3.18287216103636
AIAdultSlopeContact= 1.16659463517135
AIAdultLD50Contact= 0.0253491618088447
AILarvaSlope= 1.1974926781375
AILarvaLD50= 0.789018844650127
AIKOW= 3.36861573951319
AIKOC= 16.6157039243262
AIHalfLife= 4.55212362483144
