ICQueenStrength= 4.12503280001692
RQWkrDrnRatio= 1.76742678880692
ICDroneMiteSurvivorship= 86.0069048590958
ICWorkerMiteSurvivorship= 57.7512071467936
ICForagerLifespan= 5.76011658739299
ImmType= Logarithmic
AIAdultSlope= 9.83217351371422
AIAdultLD50= 0.00625360500998795
AIAdultSlopeContact= 9.01946287602186
AIAdultLD50Contact= 0.112127807410434
AILarvaSlope= 4.86632828600705
AILarvaLD50= 1.28875491581857
AIKOW= 90.4521334217861
AIKOC= 17.6517388084903
AIHalfLife= 5.4549585650675
EAppRate= 1.99632544163615
