ICQueenStrength= 3.32470917631872
RQWkrDrnRatio= 3.84121469408274
ICDroneMiteSurvivorship= 90.1534481439739
ICWorkerMiteSurvivorship= 84.5352477394044
ICForagerLifespan= 15.4764440152794
ImmType= Tangent
AIAdultSlopeContact= 1.85394416667754
AIAdultLD50Contact= 0.0137804692261852
AILarvaSlope= 1.47897123889998
AILarvaLD50= 0.762746085156687
AIKOW= 2.03129827789962
AIKOC= 7.74251782684587
AIHalfLife= 9.62847120501101
