ICQueenStrength= 5.81128951068968
RQWkrDrnRatio= 4.87469402700663
ICDroneMiteSurvivorship= 79.9042464466766
ICWorkerMiteSurvivorship= 27.8770859818906
ICForagerLifespan= 14.9349698126316
ImmType= Polynomial
AIAdultSlope= 3.31058931763284
AIAdultLD50= 0.470673949806951
AIAdultSlopeContact= 1.81448841941776
AIAdultLD50Contact= 0.00186250742990524
AILarvaSlope= 3.2640427143313
AILarvaLD50= 0.858911322662607
AIKOW= 4.0920776464045
AIKOC= 28.5537198022939
AIHalfLife= 0.473483871901408
EAppRate= 0
