ICQueenStrength= 2.05768122244626
RQWkrDrnRatio= 1.57229099329561
ICDroneMiteSurvivorship= 83.5891526890919
ICWorkerMiteSurvivorship= 74.1846107179299
ICForagerLifespan= 11.8612255128101
ImmType= Sine
AIAdultSlope= 8.25479802209884
