ICQueenStrength= 1.58810892514884
RQWkrDrnRatio= 3.99525642953813
ICDroneMiteSurvivorship= 62.360654794611
ICWorkerMiteSurvivorship= 91.8080347822979
ICForagerLifespan= 6.97443620115519
ImmType= Tangent
AIAdultSlope= 3.42120632170932
AIAdultLD50= 0.0980107259238139
AIAdultSlopeContact= 3.01204147964017
AIAdultLD50Contact= 0.00875657626893371
AILarvaSlope= 1.78734733560123
AILarvaLD50= 0.166554498975165
AIKOW= 5.28698155796155
AIKOC= 28.0102498841006
AIHalfLife= 2.2979151213076
EAppRate= 0.0715727692702785
