ICQueenStrength= 1.45116235967726
RQWkrDrnRatio= 1.06813211832196
ICDroneMiteSurvivorship= 59.6852103248239
ICWorkerMiteSurvivorship= 28.7980304099619
ICForagerLifespan= 15.8560668332502
ImmType= Exponential
AIAdultSlope= 2.58449500342831
AIAdultLD50= 2.76994016370736
AIAdultSlopeContact= 0.462640140701551
AIAdultLD50Contact= 0.0439755850355141
AILarvaSlope= 1.3979601551313
AILarvaLD50= 0.448002943885513
AIKOW= 6.78998716594651
AIKOC= 16.117703205673
AIHalfLife= 6.27098038280383
EAppRate= 0.259813062846661
