ICQueenStrength= 4.55258767493069
RQWkrDrnRatio= 2.32389215938747
ICDroneMiteSurvivorship= 77.5662725092843
ICWorkerMiteSurvivorship= 73.5861161258072
ICForagerLifespan= 12.8805434545502
ImmType= Logarithmic
AIAdultSlopeContact= 4.5299422275275
AIAdultLD50Contact= 0.100746539793909
AILarvaSlope= 7.46114030946046
AILarvaLD50= 1.50011723628268
AIKOW= 96.9199218088761
AIKOC= 60.6652249814942
AIHalfLife= 9.63109720451757
