ICQueenStrength= 1.38440685952082
RQWkrDrnRatio= 4.19309784285724
ICDroneMiteSurvivorship= 57.6631107600406
ICWorkerMiteSurvivorship= 14.3221677513793
ICForagerLifespan= 15.4360814606771
ImmType= Sine
AIAdultSlope= 0.337831845972687
