ICQueenStrength= 1.97134443116374
RQWkrDrnRatio= 1.22563943639398
ICDroneMiteSurvivorship= 53.4328024601564
ICWorkerMiteSurvivorship= 14.760206034407
ICForagerLifespan= 13.8532417481765
ImmType= Cosine
AIAdultSlope= 0.354794770851731
AIAdultLD50= 2.8129800951574
AIAdultSlopeContact= 2.87850911616348
AIAdultLD50Contact= 0.00801400073105469
AILarvaSlope= 0.257042303169146
AILarvaLD50= 0.598485506675206
AIKOW= 3.03925107838586
AIKOC= 23.6765790451318
AIHalfLife= 7.21166650345549
EAppRate= 0.415466593345627
