ICQueenStrength= 3.55111155449413
RQWkrDrnRatio= 4.79841439425945
ICDroneMiteSurvivorship= 35.0414543645456
ICWorkerMiteSurvivorship= 28.0962803633884
ICForagerLifespan= 12.6427657678723
ImmType= Logarithmic
AIAdultSlope= 2.25885407194728
AIAdultLD50= 0.34312266705092
AIAdultSlopeContact= 0.120034259820823
AIAdultLD50Contact= 0.0312973944703117
AILarvaSlope= 1.80802565342747
AILarvaLD50= 0.0417855248786509
AIKOW= 2.75334500242025
AIKOC= 6.90241849632002
AIHalfLife= 2.03088846290484
EAppRate= 0.682077226997353
