ICQueenStrength= 4.62751885782927
RQWkrDrnRatio= 4.22965225577354
ICDroneMiteSurvivorship= 88.7355597922578
ICWorkerMiteSurvivorship= 25.7802025415003
ICForagerLifespan= 7.31325763836503
ImmType= Tangent
AIAdultSlopeContact= 2.52089050365612
AIAdultLD50Contact= 0.0633151928894222
AILarvaSlope= 1.36320595862344
AILarvaLD50= 0.441857500001788
AIKOW= 89.8590174503624
AIKOC= 55.6439141277224
AIHalfLife= 0.970134701114148
