ICQueenStrength= 1.65522984019481
RQWkrDrnRatio= 3.14938252791762
ICDroneMiteSurvivorship= 61.4093019394204
ICWorkerMiteSurvivorship= 95.6821354106069
ICForagerLifespan= 15.0006553120911
ImmType= Logarithmic
AIAdultSlope= 3.48086362704635
