ICQueenStrength= 1.09072578279302
RQWkrDrnRatio= 2.88254992011935
ICDroneMiteSurvivorship= 85.6953050941229
ICWorkerMiteSurvivorship= 94.7939448058605
ICForagerLifespan= 5.67873081099242
ImmType= Exponential
AIAdultSlope= 2.17226476604119
AIAdultLD50= 1.94920599041507
AIAdultSlopeContact= 0.246125420455355
AIAdultLD50Contact= 0.00343747588340193
AILarvaSlope= 3.36994442739524
AILarvaLD50= 0.0776125691598281
AIKOW= 5.20092472294345
AIKOC= 15.0856706034392
AIHalfLife= 12.9411712596193
EAppRate= 0.726496506715193
