ICQueenStrength= 4.18413621163927
RQWkrDrnRatio= 4.99463926628232
ICDroneMiteSurvivorship= 60.2944328682497
ICWorkerMiteSurvivorship= 42.9107176838443
ICForagerLifespan= 7.17435640189797
ImmType= Logarithmic
AIAdultSlope= 0.701301983743906
AIAdultSlopeContact= 3.60653397700517
AIAdultLD50Contact= 0.0108292141929269
AILarvaSlope= 1.80976509004831
AILarvaLD50= 0.378679531929083
AIKOW= 4.54983626818284
AIKOC= 21.311937419232
AIHalfLife= 10.3396535650827
