ICQueenStrength= 1.6073554046452
RQWkrDrnRatio= 2.03684503678232
ICDroneMiteSurvivorship= 32.0126364938915
ICWorkerMiteSurvivorship= 62.371009029448
ICForagerLifespan= 11.4400588674471
ImmType= Exponential
AIAdultSlopeContact= 3.28904224559665
AIAdultLD50Contact= 0.190435468778014
AILarvaSlope= 7.01867480063811
AILarvaLD50= 1.01029462413862
AIKOW= 17.5955114187673
AIKOC= 83.5799865657464
AIHalfLife= 3.37163675483316
