ICQueenStrength= 1.13852664548904
RQWkrDrnRatio= 4.94420926179737
