ICQueenStrength= 1.95317760598846
RQWkrDrnRatio= 3.89852678030729
ICDroneMiteSurvivorship= 9.62657097261399
ICWorkerMiteSurvivorship= 35.8573209494352
ICForagerLifespan= 10.1815201770514
ImmType= Logarithmic
AIAdultSlope= 1.81200277294032
AIAdultLD50= 0.0597399640828371
AIAdultSlopeContact= 1.88081615942298
AIAdultLD50Contact= 0.0114684599568136
AILarvaSlope= 2.71897886036895
AILarvaLD50= 0.642687724507414
AIKOW= 6.53234706632793
AIKOC= 20.090304572368
AIHalfLife= 2.09868708858266
EAppRate= 0
