ICQueenStrength= 3.6798035914544
RQWkrDrnRatio= 2.08246430382133
ICDroneMiteSurvivorship= 74.7860468924046
ICWorkerMiteSurvivorship= 45.80742593389
ICForagerLifespan= 5.09489835612476
ImmType= Exponential
AIAdultSlope= 2.04252118943259
AIAdultLD50= 0.223843415500596
AIAdultSlopeContact= 2.32613319853786
AIAdultLD50Contact= 0.0315596164437011
AILarvaSlope= 3.39420097600669
AILarvaLD50= 0.763181393221021
AIKOW= 5.88979318272322
AIKOC= 11.248813070124
AIHalfLife= 2.88762392126955
EAppRate= 4.45282331202179
