ICQueenStrength= 2.00827846094035
RQWkrDrnRatio= 1.71602224837989
ICDroneMiteSurvivorship= 57.6512934407219
ICWorkerMiteSurvivorship= 44.917073706165
ICForagerLifespan= 15.3805821137503
ImmType= Exponential
AIAdultSlope= 2.57207063362934
AIAdultLD50= 0.365881205303594
AIAdultSlopeContact= 1.41895926773781
AIAdultLD50Contact= 0.0337875368422829
AILarvaSlope= 2.63536666813307
AILarvaLD50= 0.818318039271981
AIKOW= 7.49706191569567
AIKOC= 29.8432048014365
AIHalfLife= 0.601356968982145
EAppRate= 0.0773686403408647
