ICQueenStrength= 1.18890703562647
RQWkrDrnRatio= 3.12615334056318
ICDroneMiteSurvivorship= 3.38427594397217
ICWorkerMiteSurvivorship= 22.7444167714566
ICForagerLifespan= 12.3504009088501
ImmType= Polynomial
AIAdultSlope= 4.15735770016909
AIAdultLD50= 0.320919463643804
AIAdultSlopeContact= 2.41185187089723
AIAdultLD50Contact= 0.0299145537079312
AILarvaSlope= 1.54955005971715
AILarvaLD50= 0.152881697751582
AIKOW= 4.4832112104632
AIKOC= 28.9242421987001
AIHalfLife= 2.37025679787621
EAppRate= 4.33353514410555
