ICQueenStrength= 3.90807734010741
RQWkrDrnRatio= 1.45775436796248
ICDroneMiteSurvivorship= 46.6059526894242
ICWorkerMiteSurvivorship= 37.8584614256397
ICForagerLifespan= 4.81402506120503
ImmType= Exponential
AIAdultSlope= 2.21362673672615
AIAdultLD50= 0.155024861218408
AIAdultSlopeContact= 3.83290429727873
AIAdultLD50Contact= 0.0376801441656426
AILarvaSlope= 1.01211628452875
AILarvaLD50= 0.515018598292954
AIKOW= 5.53963994048536
AIKOC= 29.7934446728323
AIHalfLife= 2.50208503915928
EAppRate= 7.6011765608564
