ICQueenStrength= 5.24351339926943
RQWkrDrnRatio= 1.87922033760697
ICDroneMiteSurvivorship= 12.0474078226835
ICWorkerMiteSurvivorship= 92.5226610386744
ICForagerLifespan= 5.60691921599209
ImmType= Exponential
AIAdultSlope= 2.16483368306654
AIAdultLD50= 0.474271222599782
AIAdultSlopeContact= 0.298227465064265
AIAdultLD50Contact= 0.0308325881720521
AILarvaSlope= 1.15998227447271
AILarvaLD50= 0.463789122132584
AIKOW= 7.30755590135232
AIKOC= 18.7833135901019
AIHalfLife= 1.80004804860801
EAppRate= 0.610672527295537
