ICQueenStrength= 1.3667680255603
RQWkrDrnRatio= 1.01655356772244
ICDroneMiteSurvivorship= 49.391947966069
ICWorkerMiteSurvivorship= 31.3999973237514
ICForagerLifespan= 7.16995492763817
ImmType= Polynomial
AIAdultSlope= 1.51855972362682
AIAdultLD50= 0.49994735699147
AIAdultSlopeContact= 1.45309245148441
AIAdultLD50Contact= 0.0219201984233223
AILarvaSlope= 0.862727150274441
AILarvaLD50= 0.631663100933656
AIKOW= 5.86881783045828
AIKOC= 21.4175199344754
AIHalfLife= 3.23366300435737
EAppRate= 3.6899513262324
