ICQueenStrength= 3.7985905110836
RQWkrDrnRatio= 4.19469831697643
ICDroneMiteSurvivorship= 37.5573202501982
ICWorkerMiteSurvivorship= 21.0523514077067
ICForagerLifespan= 9.76409414876252
ImmType= Tangent
AIAdultSlope= 5.46148313675076
AIAdultLD50= 0.170257090474479
AIAdultSlopeContact= 1.89023929053918
AIAdultLD50Contact= 0.0063675981014967
AILarvaSlope= 8.46274013398215
AILarvaLD50= 0.547475423058495
AIKOW= 3.8790462911129
AIKOC= 20.1139830646571
AIHalfLife= 4.38481883145869
EAppRate= 0.564626173581928
