ICQueenStrength= 2.24157593469135
RQWkrDrnRatio= 1.20886054448783
ICDroneMiteSurvivorship= 24.3113297503442
ICWorkerMiteSurvivorship= 79.4012711616233
ICForagerLifespan= 9.49065774213523
ImmType= Exponential
AIAdultSlope= 5.78054169891402
AIAdultLD50= 0.204824404558167
AIAdultSlopeContact= 3.04191609394038
AIAdultLD50Contact= 0.0301192920538597
AILarvaSlope= 0.957348110992461
AILarvaLD50= 0.446443826076575
AIKOW= 2.62257655477151
AIKOC= 14.8262599378359
AIHalfLife= 4.83864217763767
EAppRate= 9.33062202297151
