ICQueenStrength= 3.1523603470996
RQWkrDrnRatio= 1.01322699710727
ICDroneMiteSurvivorship= 41.2808006629348
ICWorkerMiteSurvivorship= 11.647484335117
ICForagerLifespan= 4.5568693112582
ImmType= Polynomial
AIAdultSlope= 7.2816032753326
AIAdultLD50= 0.275068835355341
AIAdultSlopeContact= 1.52070990835782
AIAdultLD50Contact= 0.0301798959844746
AILarvaSlope= 1.10970767252147
AILarvaLD50= 0.665023710485548
AIKOW= 6.32316370727494
AIKOC= 10.7291754579637
AIHalfLife= 3.94923418294638
EAppRate= 0.272979713045061
