ICQueenStrength= 1.82073227618821
RQWkrDrnRatio= 3.38809587433934
ICDroneMiteSurvivorship= 41.7865983908996
ICWorkerMiteSurvivorship= 34.774235682562
ICForagerLifespan= 11.0153861893341
ImmType= Cosine
AIAdultSlope= 3.46196116941283
AIAdultLD50= 0.268291228334419
AIAdultSlopeContact= 0.00226855510147288
AIAdultLD50Contact= 0.00118773721624166
AILarvaSlope= 3.05994756566361
AILarvaLD50= 0.548357701138593
AIKOW= 4.09675402473658
AIKOC= 28.3541557390708
AIHalfLife= 0.421143500134349
EAppRate= 0.479831347358413
