ICQueenStrength= 5.05150491395034
RQWkrDrnRatio= 2.52417877875268
ICDroneMiteSurvivorship= 31.8928019609302
ICWorkerMiteSurvivorship= 66.1012543132529
ICForagerLifespan= 7.74777524452657
ImmType= Sine
AIAdultSlope= 0.606765593765303
AIAdultLD50= 0.317719507031143
AIAdultSlopeContact= 3.80470826784382
AIAdultLD50Contact= 0.0470062975189649
AILarvaSlope= 2.82305214796215
AILarvaLD50= 0.374712490523234
AIKOW= 3.49273699149489
AIKOC= 13.7467807112262
AIHalfLife= 1.31098234443925
EAppRate= 0.372706369357184
