ICQueenStrength= 3.84767901990563
RQWkrDrnRatio= 3.27226734440774
ICDroneMiteSurvivorship= 9.61702021304518
ICWorkerMiteSurvivorship= 4.13320590741932
ICForagerLifespan= 14.4961253954098
ImmType= Sine
AIAdultSlope= 2.34724856763147
AIAdultLD50= 0.297403425676748
AIAdultSlopeContact= 0.622223097793758
AIAdultLD50Contact= 0.0294111811439507
AILarvaSlope= 0.0147806384600699
AILarvaLD50= 0.566637979215011
AIKOW= 7.57037780247629
AIKOC= 18.2902592013124
AIHalfLife= 3.68108366033994
EAppRate= 0.572026243829168
