ICQueenStrength= 5.02059182175435
RQWkrDrnRatio= 1.43027258198708
ICDroneMiteSurvivorship= 81.8486169911921
ICWorkerMiteSurvivorship= 11.0370894661173
ICForagerLifespan= 12.9015037333593
ImmType= Tangent
AIAdultSlope= 1.49537439626874
AIAdultLD50= 0.0673180390149355
AIAdultSlopeContact= 3.70388571179705
AIAdultLD50Contact= 0.0117790909716859
AILarvaSlope= 1.84318751236424
AILarvaLD50= 0.235537919984199
AIKOW= 5.44163913652301
AIKOC= 16.5533330070321
AIHalfLife= 4.8743370664306
EAppRate= 0.343608738156036
