ICQueenStrength= 5.40039046807215
RQWkrDrnRatio= 3.70553420763463
ICDroneMiteSurvivorship= 27.8030972927809
ICWorkerMiteSurvivorship= 31.7255668342113
ICForagerLifespan= 8.01705492287874
ImmType= Exponential
AIAdultSlope= 1.72268702415749
AIAdultLD50= 0.265353825874627
AIAdultSlopeContact= 2.59084466383327
AIAdultLD50Contact= 0.0396300742169842
AILarvaSlope= 1.1622585629113
AILarvaLD50= 0.208990837982856
AIKOW= 3.60944700520486
AIKOC= 20.9607554669492
AIHalfLife= 1.23119356343523
EAppRate= 4.79117980226874
