ICQueenStrength= 5.77060382720083
RQWkrDrnRatio= 3.65640286635607
ICDroneMiteSurvivorship= 38.9480422018096
ICWorkerMiteSurvivorship= 83.5857037687674
ICForagerLifespan= 8.81974097341299
ImmType= Cosine
AIAdultSlope= 2.84007142508402
AIAdultLD50= 0.119494918151759
AIAdultSlopeContact= 2.04523547813762
AIAdultLD50Contact= 0.0233610405703075
AILarvaSlope= 0.872685527661815
AILarvaLD50= 0.623331742524169
AIKOW= 2.02945123193786
AIKOC= 22.46179672773
AIHalfLife= 4.43124545156024
EAppRate= 3.42574668349698
