ICQueenStrength= 3.35345541266724
RQWkrDrnRatio= 4.13688195031136
ICDroneMiteSurvivorship= 65.3325134655461
ICWorkerMiteSurvivorship= 4.35788177419454
ICForagerLifespan= 14.7743288809434
ImmType= Sine
AIAdultSlope= 1.08625141748227
AIAdultLD50= 0.218014105921611
AIAdultSlopeContact= 2.97213932764716
AIAdultLD50Contact= 0.0390949273714796
AILarvaSlope= 3.21169842598028
AILarvaLD50= 0.668037271220237
AIKOW= 5.27674209093675
AIKOC= 14.4044738274533
AIHalfLife= 1.46707631298341
EAppRate= 0.365285816742107
