ICQueenStrength= 4.99964699870907
RQWkrDrnRatio= 2.41293988097459
ICDroneMiteSurvivorship= 77.7266175951809
ICWorkerMiteSurvivorship= 50.9724769275635
ICForagerLifespan= 8.82592147868127
ImmType= Logarithmic
AIAdultSlope= 1.90315129176714
AIAdultLD50= 0.373962098616175
AIAdultSlopeContact= 0.402176581809763
AIAdultLD50Contact= 0.00501726790098473
AILarvaSlope= 3.19265672625043
AILarvaLD50= 0.427686482970603
AIKOW= 6.33310517109931
AIKOC= 13.5133662854787
AIHalfLife= 0.556336601730436
EAppRate= 0.565077734715305
