ICQueenStrength= 2.22758595854975
RQWkrDrnRatio= 4.85463495459408
ICDroneMiteSurvivorship= 1.61477793008089
ICWorkerMiteSurvivorship= 11.9685612386093
ICForagerLifespan= 6.44379305746406
ImmType= Polynomial
AIAdultSlope= 3.07646556530613
AIAdultLD50= 0.0599186026956886
AIAdultSlopeContact= 0.443897131655831
AIAdultLD50Contact= 0.0205043811700307
AILarvaSlope= 1.52946975333616
AILarvaLD50= 0.846171267377213
AIKOW= 2.24586098175496
AIKOC= 8.06008182233199
AIHalfLife= 0.238542925799266
EAppRate= 0.511367989238352
