ICQueenStrength= 5.56405171658844
RQWkrDrnRatio= 2.74637856241316
ICDroneMiteSurvivorship= 92.3387994756922
ICWorkerMiteSurvivorship= 81.05674830731
ICForagerLifespan= 14.4270185623318
ImmType= Logarithmic
AIAdultSlope= 8.62185235368088
AIAdultLD50= 0.49710119352676
AIAdultSlopeContact= 1.51901942085475
AIAdultLD50Contact= 0.0087284590001218
AILarvaSlope= 2.53236756660044
AILarvaLD50= 0.260287075792439
AIKOW= 2.93926111329347
AIKOC= 16.9731124548707
AIHalfLife= 2.93505426379852
EAppRate= 9.03367021819577
