ICQueenStrength= 4.06748537230305
RQWkrDrnRatio= 3.44341561943293
ICDroneMiteSurvivorship= 78.0455508967862
ICWorkerMiteSurvivorship= 29.1157734580338
ICForagerLifespan= 10.6879455549642
ImmType= Sine
AIAdultSlope= 0.291650965798181
AIAdultLD50= 0.159994587185793
AIAdultSlopeContact= 3.3726146365609
AIAdultLD50Contact= 0.0331018302240409
AILarvaSlope= 2.99788915556855
AILarvaLD50= 0.833973382296972
AIKOW= 3.89830241864547
AIKOC= 15.6923311250284
AIHalfLife= 2.5196080817841
EAppRate= 5.74979955330491
