ICQueenStrength= 1.81745483679697
RQWkrDrnRatio= 3.82803746312857
ICDroneMiteSurvivorship= 43.5421756701544
ICWorkerMiteSurvivorship= 83.1225958652794
ICForagerLifespan= 15.703910164535
ImmType= Sine
AIAdultSlope= 1.54615297973854
AIAdultLD50= 0.0580850362312049
AIAdultSlopeContact= 3.24472329895478
AIAdultLD50Contact= 0.0122469432186335
AILarvaSlope= 2.01417847084813
AILarvaLD50= 0.474111437145621
AIKOW= 6.21668276842684
AIKOC= 13.1993599538691
AIHalfLife= 4.24066792591475
EAppRate= 9.72920093918219
