ICQueenStrength= 2.35110928327776
RQWkrDrnRatio= 3.58118783868849
ICDroneMiteSurvivorship= 44.6615970926359
ICWorkerMiteSurvivorship= 53.1304994830862
ICForagerLifespan= 10.39483122807
ImmType= Logarithmic
AIAdultSlope= 1.08437563112704
AIAdultLD50= 0.0581910093314946
AIAdultSlopeContact= 0.347970641660504
AIAdultLD50Contact= 0.0291692642262205
AILarvaSlope= 2.51618405892514
AILarvaLD50= 0.246573067666031
AIKOW= 7.77160166017711
AIKOC= 14.7574305254966
AIHalfLife= 1.39742678031325
EAppRate= 9.70154378795996
