ICQueenStrength= 5.06100903404877
RQWkrDrnRatio= 4.02334855031222
ICDroneMiteSurvivorship= 25.6201848154888
ICWorkerMiteSurvivorship= 10.6531654717401
ICForagerLifespan= 7.11045854445547
ImmType= Exponential
AIAdultSlope= 9.09976219525561
AIAdultLD50= 0.159582093823701
AIAdultSlopeContact= 0.745514868374448
AIAdultLD50Contact= 0.0435277231037617
AILarvaSlope= 6.84868384152651
AILarvaLD50= 0.277720339084044
AIKOW= 3.00031075812876
AIKOC= 19.5400115870871
AIHalfLife= 2.0688244397752
EAppRate= 8.5806057206355
