ICQueenStrength= 3.55883513949811
RQWkrDrnRatio= 3.21842322405428
ICDroneMiteSurvivorship= 68.09945886489
ICWorkerMiteSurvivorship= 36.6071524098516
ICForagerLifespan= 11.7877235868946
ImmType= Logarithmic
AIAdultSlope= 0.208207376324572
AIAdultLD50= 0.427486762637272
AIAdultSlopeContact= 0.619830975048244
AIAdultLD50Contact= 0.0160517588024959
AILarvaSlope= 1.82864162293263
AILarvaLD50= 0.349725224124268
AIKOW= 4.71458682883531
AIKOC= 20.6320261128712
AIHalfLife= 4.62187351891771
EAppRate= 8.33326056599617
