ICQueenStrength= 5.14607320446521
RQWkrDrnRatio= 1.12660855613649
ICDroneMiteSurvivorship= 65.2130874805152
ICWorkerMiteSurvivorship= 14.1920859692618
ICForagerLifespan= 10.8960866928101
ImmType= Exponential
AIAdultSlope= 1.73360597342253
AIAdultLD50= 0.130592683912255
AIAdultSlopeContact= 3.55151989185484
AIAdultLD50Contact= 0.00773216218221933
AILarvaSlope= 0.861669278237969
AILarvaLD50= 0.779789008456282
AIKOW= 6.90333236800507
AIKOC= 23.0693489208352
AIHalfLife= 4.37160461442545
EAppRate= 8.44740045024082
