ICQueenStrength= 1.12747295782901
RQWkrDrnRatio= 2.5473856292665
ICDroneMiteSurvivorship= 31.8056843010709
ICWorkerMiteSurvivorship= 10.1972021628171
ICForagerLifespan= 8.09563337080181
ImmType= Logarithmic
AIAdultSlope= 4.08768159337342
AIAdultLD50= 0.342141471453942
AIAdultSlopeContact= 2.83852762514725
AIAdultLD50Contact= 0.0239729010267183
AILarvaSlope= 2.53892128914595
AILarvaLD50= 0.671863671415485
AIKOW= 7.33075700653717
AIKOC= 5.45748993870802
AIHalfLife= 2.27277793223038
EAppRate= 5.03790443064645
