ICQueenStrength= 4.2376020133961
RQWkrDrnRatio= 4.74074989371002
ICDroneMiteSurvivorship= 74.1090106777847
ICWorkerMiteSurvivorship= 36.06021781452
ICForagerLifespan= 14.3825271492824
ImmType= Polynomial
AIAdultSlope= 3.38800922350958
AIAdultLD50= 0.225405089906417
AIAdultSlopeContact= 3.36345006023766
AIAdultLD50Contact= 0.0294498305767775
AILarvaSlope= 2.42871270747855
AILarvaLD50= 0.324337078537792
AIKOW= 5.87040266115218
AIKOC= 21.2985323986504
AIHalfLife= 4.06791867339052
EAppRate= 6.29927876172587
