ICQueenStrength= 4.83439172059298
RQWkrDrnRatio= 3.12930051982403
ICDroneMiteSurvivorship= 19.6556284558028
ICWorkerMiteSurvivorship= 19.1965817706659
ICForagerLifespan= 14.0306074181572
ImmType= Polynomial
AIAdultSlope= 3.63644176277099
AIAdultLD50= 0.228874238906428
AIAdultSlopeContact= 1.66314118454
AIAdultLD50Contact= 0.00282966712256894
AILarvaSlope= 1.80121123683639
AILarvaLD50= 0.278459079377353
AIKOW= 5.36957646440715
AIKOC= 16.8475385941565
AIHalfLife= 2.10940924589522
EAppRate= 0.520813415618613
