ICQueenStrength= 5.9615504196845
RQWkrDrnRatio= 4.61303642205894
ICDroneMiteSurvivorship= 5.68398381583393
ICWorkerMiteSurvivorship= 79.5804009307176
ICForagerLifespan= 5.79443539306521
ImmType= Exponential
AIAdultSlope= 6.60089947283268
AIAdultLD50= 0.0970839173533022
AIAdultSlopeContact= 3.80770787439309
AIAdultLD50Contact= 0.0456422231392935
AILarvaSlope= 2.19397160476074
AILarvaLD50= 0.770084117632359
AIKOW= 5.90650149108842
AIKOC= 28.0407188122626
AIHalfLife= 4.89746284787543
EAppRate= 9.55517884343863
