ICQueenStrength= 4.28829774283804
RQWkrDrnRatio= 1.15638195257634
ICDroneMiteSurvivorship= 42.9775219177827
ICWorkerMiteSurvivorship= 80.6772124487907
ICForagerLifespan= 10.540951250121
ImmType= Sine
AIAdultSlope= 0.495575480163097
AIAdultLD50= 0.124872326850891
AIAdultSlopeContact= 2.46727953793947
AIAdultLD50Contact= 0.000152225559577346
AILarvaSlope= 1.77750363685191
AILarvaLD50= 0.648196672950871
AIKOW= 5.1446597604081
AIKOC= 28.0483401741367
AIHalfLife= 1.68453585589305
EAppRate= 7.68999695312232
