ICQueenStrength= 3.56564282113686
RQWkrDrnRatio= 2.45971985440701
ICDroneMiteSurvivorship= 79.717345465906
ICWorkerMiteSurvivorship= 44.4804185302928
ICForagerLifespan= 14.0029048789293
ImmType= Sine
AIAdultSlope= 0.248287229333073
AIAdultLD50= 0.197072082199156
AIAdultSlopeContact= 1.34953038458247
AIAdultLD50Contact= 0.003618509916123
AILarvaSlope= 2.65785829932429
AILarvaLD50= 0.346784368436784
AIKOW= 5.14510187087581
AIKOC= 19.2036549455952
AIHalfLife= 1.74923286424018
EAppRate= 8.1443710019812
