ICQueenStrength= 4.73601051280275
RQWkrDrnRatio= 3.26641650125384
ICDroneMiteSurvivorship= 19.9937731027603
ICWorkerMiteSurvivorship= 73.2059483416378
ICForagerLifespan= 4.29438991844654
ImmType= Tangent
AIAdultSlope= 6.2904680124484
AIAdultLD50= 0.371074564638548
AIAdultSlopeContact= 1.07654539375333
AIAdultLD50Contact= 0.0429175293422304
AILarvaSlope= 5.53562756162137
AILarvaLD50= 0.460117462766357
AIKOW= 7.12541607394814
AIKOC= 21.1129207874183
AIHalfLife= 4.89705110667273
EAppRate= 7.1944525022991
