ICQueenStrength= 2.57352695823647
RQWkrDrnRatio= 4.96723579615355
ICDroneMiteSurvivorship= 1.69059995096177
ICWorkerMiteSurvivorship= 8.64373347721994
ICForagerLifespan= 11.3401828249916
ImmType= Cosine
AIAdultSlope= 7.51994316931814
AIAdultLD50= 0.175008769496344
AIAdultSlopeContact= 1.15244522810681
AIAdultLD50Contact= 0.0320433634915389
AILarvaSlope= 2.84330343594775
AILarvaLD50= 0.581559561006725
AIKOW= 5.38608951633796
AIKOC= 19.9752118508331
AIHalfLife= 2.75941563304514
EAppRate= 3.11455076793209
