ICQueenStrength= 3.44532962562516
RQWkrDrnRatio= 3.25634128693491
ICDroneMiteSurvivorship= 50.6334959063679
ICWorkerMiteSurvivorship= 62.7972731832415
ICForagerLifespan= 5.80653476528823
ImmType= Polynomial
AIAdultSlope= 0.875860877051018
AIAdultLD50= 0.287726961658336
AIAdultSlopeContact= 1.36488185008988
AIAdultLD50Contact= 0.0244785542250611
AILarvaSlope= 3.2792956626974
AILarvaLD50= 0.397461897530593
AIKOW= 7.96537492237985
AIKOC= 23.4477221569978
AIHalfLife= 4.17969627538696
EAppRate= 8.56522296788171
