ICQueenStrength= 2.43697018967941
RQWkrDrnRatio= 4.41634950786829
ICDroneMiteSurvivorship= 94.120968435891
ICWorkerMiteSurvivorship= 78.5713591147214
ICForagerLifespan= 7.32623347826302
ImmType= Polynomial
AIAdultSlope= 1.14027777859708
AIAdultLD50= 0.485412755399011
AIAdultSlopeContact= 3.28711237845942
AIAdultLD50Contact= 0.0493370819138363
AILarvaSlope= 0.647296700021252
AILarvaLD50= 0.0357321303337812
AIKOW= 6.95807697623968
AIKOC= 6.92960159038194
AIHalfLife= 4.2493108776398
EAppRate= 3.80778762046248
