ICQueenStrength= 3.25329369539395
RQWkrDrnRatio= 2.38344590645283
ICDroneMiteSurvivorship= 43.6074136756361
ICWorkerMiteSurvivorship= 80.6026617763564
ICForagerLifespan= 10.9693001890555
ImmType= Sine
AIAdultSlope= 1.18279325774638
AIAdultLD50= 0.359743576380424
AIAdultSlopeContact= 0.082371095744893
AIAdultLD50Contact= 0.0344703528797254
AILarvaSlope= 0.790061374241486
AILarvaLD50= 0.575976645201445
AIKOW= 3.71013065800071
AIKOC= 15.8420048491098
AIHalfLife= 3.02746948204003
EAppRate= 0.289546188083477
