ICQueenStrength= 4.20705819525756
RQWkrDrnRatio= 4.44460761360824
ICDroneMiteSurvivorship= 66.2947396747768
ICWorkerMiteSurvivorship= 98.3350504655391
ICForagerLifespan= 6.85608834121376
ImmType= Logarithmic
AIAdultSlope= 6.89555080374703
AIAdultLD50= 0.17727889912203
AIAdultSlopeContact= 0.849864343078807
AIAdultLD50Contact= 0.00959049040684477
AILarvaSlope= 7.45699295541272
AILarvaLD50= 0.454066553874873
AIKOW= 5.72617257386446
AIKOC= 21.8473921716213
AIHalfLife= 2.37956912955269
EAppRate= 8.08281233534217
