ICQueenStrength= 2.61845640162937
RQWkrDrnRatio= 2.20132101792842
ICDroneMiteSurvivorship= 36.4248194498941
ICWorkerMiteSurvivorship= 10.4578126920387
ICForagerLifespan= 4.01080686040223
ImmType= Tangent
AIAdultSlope= 3.60133401578525
AIAdultLD50= 0.150605613249354
AIAdultSlopeContact= 3.09026063373545
AIAdultLD50Contact= 0.0433610669337213
AILarvaSlope= 2.28597788065672
AILarvaLD50= 0.319008807884529
AIKOW= 4.55933034513146
AIKOC= 15.7845604012255
AIHalfLife= 0.380848370259628
EAppRate= 0.256208830606192
