ICQueenStrength= 2.21479815454222
RQWkrDrnRatio= 3.69471052847803
ICDroneMiteSurvivorship= 51.1344040045515
ICWorkerMiteSurvivorship= 35.8299357816577
ICForagerLifespan= 13.1971233412623
ImmType= Cosine
AIAdultSlope= 1.40654074284481
AIAdultLD50= 0.319777258089744
AIAdultSlopeContact= 1.37896858072607
AIAdultLD50Contact= 0.0466463897726499
AILarvaSlope= 1.14371490641497
AILarvaLD50= 0.164180259522982
AIKOW= 6.94036308676004
AIKOC= 11.647472694749
AIHalfLife= 1.7195179394912
EAppRate= 2.78705947333947
