ICQueenStrength= 2.62928255274892
RQWkrDrnRatio= 1.63935105409473
ICDroneMiteSurvivorship= 21.8225227436051
ICWorkerMiteSurvivorship= 47.1490796189755
ICForagerLifespan= 7.94359316304326
ImmType= Polynomial
AIAdultSlope= 1.37695017957827
AIAdultLD50= 0.351104246918112
AIAdultSlopeContact= 3.54011098021176
AIAdultLD50Contact= 0.0352610733010806
AILarvaSlope= 1.38440446089953
AILarvaLD50= 0.491470896312967
AIKOW= 7.55741439014673
AIKOC= 20.1606865460053
AIHalfLife= 0.132968904217705
EAppRate= 9.53204163582996
