ICQueenStrength= 4.77920685103163
RQWkrDrnRatio= 2.55371667910367
ICDroneMiteSurvivorship= 36.6458067204803
ICWorkerMiteSurvivorship= 12.7665073843673
ICForagerLifespan= 13.7297810586169
ImmType= Exponential
AIAdultSlope= 9.43308762740344
AIAdultLD50= 0.0211673176381737
AIAdultSlopeContact= 1.76926284195855
AIAdultLD50Contact= 0.00589988853316754
AILarvaSlope= 1.9100888251327
AILarvaLD50= 0.89555678833276
AIKOW= 7.48530941316858
AIKOC= 6.84861901798286
AIHalfLife= 0.326535805361345
EAppRate= 1.74644933314994
