ICQueenStrength= 3.49559825169854
RQWkrDrnRatio= 4.44577534776181
ICDroneMiteSurvivorship= 43.3502826839685
ICWorkerMiteSurvivorship= 42.5220354227349
ICForagerLifespan= 13.9972047656775
ImmType= Tangent
AIAdultSlope= 8.20576873840764
AIAdultLD50= 0.00848891516216099
AIAdultSlopeContact= 1.7023895781138
AIAdultLD50Contact= 0.00642724316567183
AILarvaSlope= 3.22895385092124
AILarvaLD50= 0.726061355299316
AIKOW= 4.80421431548893
AIKOC= 27.1959159825929
AIHalfLife= 2.28863430442289
EAppRate= 1.43118349136785
