ICQueenStrength= 3.83577730297111
RQWkrDrnRatio= 1.90236296691
ICDroneMiteSurvivorship= 86.6495908936486
ICWorkerMiteSurvivorship= 24.1341404151171
ICForagerLifespan= 9.56672583520412
ImmType= Sine
AIAdultSlope= 3.84181147356983
AIAdultLD50= 0.0531357877189294
AIAdultSlopeContact= 0.349451958239079
AIAdultLD50Contact= 0.0239125293795951
AILarvaSlope= 1.70566946994513
AILarvaLD50= 0.78041657411959
AIKOW= 5.45617439737543
AIKOC= 28.0624953168444
AIHalfLife= 4.26838330575265
EAppRate= 0.506406508618966
