ICQueenStrength= 3.270503109321
RQWkrDrnRatio= 2.37900180276483
ICDroneMiteSurvivorship= 44.0081669017673
ICWorkerMiteSurvivorship= 86.8139170343056
ICForagerLifespan= 8.22278797905892
ImmType= Logarithmic
AIAdultSlope= 3.34958848874783
AIAdultLD50= 0.473214358557016
AIAdultSlopeContact= 1.69401028856635
AIAdultLD50Contact= 0.0221189755480737
AILarvaSlope= 1.66010843510739
AILarvaLD50= 0.398475581221283
AIKOW= 6.83817632682621
AIKOC= 17.2733292228077
AIHalfLife= 4.75171367870644
EAppRate= 0.087393344938755
