ICQueenStrength= 5.88032388966531
RQWkrDrnRatio= 3.77112867683172
ICDroneMiteSurvivorship= 9.81975183822215
ICWorkerMiteSurvivorship= 52.8619558550417
ICForagerLifespan= 14.2507467083633
ImmType= Logarithmic
AIAdultSlope= 2.14208107265644
AIAdultLD50= 0.0988250212976709
AIAdultSlopeContact= 2.4760987318866
AIAdultLD50Contact= 0.00273238875670359
AILarvaSlope= 1.61922982092947
AILarvaLD50= 0.825427896017209
AIKOW= 2.60470226081088
AIKOC= 5.98984946380369
AIHalfLife= 0.740563046419993
EAppRate= 5.07395546184853
