ICQueenStrength= 1.98229058436118
RQWkrDrnRatio= 3.50245638936758
ICDroneMiteSurvivorship= 32.7848041430116
ICWorkerMiteSurvivorship= 29.7205481678247
ICForagerLifespan= 6.53204307612032
ImmType= Logarithmic
AIAdultSlope= 1.94085400319891
AIAdultLD50= 0.133470950531773
AIAdultSlopeContact= 3.3362726908992
AIAdultLD50Contact= 0.0310944846365601
AILarvaSlope= 0.105088727688417
AILarvaLD50= 0.20834897425957
AIKOW= 7.24097631545737
AIKOC= 5.0125678780023
AIHalfLife= 4.04564366675913
EAppRate= 0.0949827797478065
