ICQueenStrength= 4.32954932237044
RQWkrDrnRatio= 4.25490056723356
ICDroneMiteSurvivorship= 83.3967603044584
ICWorkerMiteSurvivorship= 97.8680001338944
ICForagerLifespan= 7.25518924370408
ImmType= Sine
AIAdultSlope= 1.17801594356541
AIAdultLD50= 0.226178103359416
AIAdultSlopeContact= 0.534465268787462
AIAdultLD50Contact= 0.0360275619546883
AILarvaSlope= 0.501419661100954
AILarvaLD50= 0.764850177965127
AIKOW= 7.84453643299639
AIKOC= 10.1132402499206
AIHalfLife= 4.21984285814688
EAppRate= 0.649034053646028
