ICQueenStrength= 3.07450470421463
RQWkrDrnRatio= 1.45712973643094
ICDroneMiteSurvivorship= 44.3160947412252
ICWorkerMiteSurvivorship= 4.94393992703408
ICForagerLifespan= 9.44406398292631
ImmType= Polynomial
AIAdultSlope= 3.88263722834643
AIAdultLD50= 0.0628683699760586
AIAdultSlopeContact= 2.12394699681317
AIAdultLD50Contact= 0.0471327111707069
AILarvaSlope= 1.65343721620738
AILarvaLD50= 0.707727360958234
AIKOW= 7.26490843016654
AIKOC= 24.3922267353628
AIHalfLife= 1.17549014044926
EAppRate= 0.441861310438253
