ICQueenStrength= 4.28414752846584
RQWkrDrnRatio= 4.14299143850803
ICDroneMiteSurvivorship= 24.6380101423711
ICWorkerMiteSurvivorship= 24.8924088664353
ICForagerLifespan= 13.9444921948016
ImmType= Sine
AIAdultSlope= 3.02785684697796
AIAdultLD50= 0.154499980504625
AIAdultSlopeContact= 1.90336319586961
AIAdultLD50Contact= 0.000620742188766599
AILarvaSlope= 0.544459297694266
AILarvaLD50= 0.0847007119562477
AIKOW= 3.84691187925637
AIKOC= 21.2583153054584
AIHalfLife= 3.23255595285445
EAppRate= 3.91748076304793
