ICQueenStrength= 3.03794457949698
RQWkrDrnRatio= 4.20887823868543
ICDroneMiteSurvivorship= 37.8126506460831
ICWorkerMiteSurvivorship= 89.7379799047485
ICForagerLifespan= 12.9396633114666
ImmType= Logarithmic
AIAdultSlope= 0.754484264496714
AIAdultLD50= 0.30278199154418
AIAdultSlopeContact= 0.503285220244434
AIAdultLD50Contact= 0.0141556271584705
AILarvaSlope= 1.15555808003992
AILarvaLD50= 0.55724277687259
AIKOW= 7.56032195501029
AIKOC= 13.5024081054144
AIHalfLife= 3.13559968257323
EAppRate= 0.668673833785579
