ICQueenStrength= 5.81763002462685
RQWkrDrnRatio= 2.82012742012739
ICDroneMiteSurvivorship= 7.71684201899916
ICWorkerMiteSurvivorship= 94.8371103964746
ICForagerLifespan= 14.4686614945531
ImmType= Logarithmic
AIAdultSlope= 2.20908044882817
AIAdultLD50= 0.306993206380866
AIAdultSlopeContact= 2.09714046491543
AIAdultLD50Contact= 0.00559234861284494
AILarvaSlope= 2.29449840490706
AILarvaLD50= 0.124058423819952
AIKOW= 5.40328748710454
AIKOC= 29.9758927384391
AIHalfLife= 1.62081719841808
EAppRate= 7.52361694583669
