ICQueenStrength= 1.28025502921082
RQWkrDrnRatio= 2.50490905996412
ICDroneMiteSurvivorship= 4.77348358836025
ICWorkerMiteSurvivorship= 36.6647006478161
ICForagerLifespan= 6.64582492224872
ImmType= Tangent
AIAdultSlope= 1.94048887459561
AIAdultLD50= 0.400277781183831
AIAdultSlopeContact= 1.26585557026556
AIAdultLD50Contact= 0.00993837618734688
AILarvaSlope= 1.17491923654452
AILarvaLD50= 0.35017814822495
AIKOW= 6.17996314819902
AIKOC= 13.7900493294001
AIHalfLife= 3.12217108672485
EAppRate= 0.38325112676248
