ICQueenStrength= 1.63544687698595
RQWkrDrnRatio= 2.79938813485205
ICDroneMiteSurvivorship= 40.8558996394277
ICWorkerMiteSurvivorship= 92.2415924491361
ICForagerLifespan= 12.963849647902
ImmType= Polynomial
AIAdultSlope= 5.54095031926408
AIAdultLD50= 0.421876055537723
AIAdultSlopeContact= 1.83892501242226
AIAdultLD50Contact= 0.0121294904500246
AILarvaSlope= 7.84434706903994
AILarvaLD50= 0.268639293196611
AIKOW= 3.44568722043186
AIKOC= 18.8097868300974
AIHalfLife= 2.27896443917416
EAppRate= 1.25800975365564
