ICQueenStrength= 1.19863992114551
RQWkrDrnRatio= 1.48586779739708
ICDroneMiteSurvivorship= 8.06011715903878
ICWorkerMiteSurvivorship= 70.4141084570438
ICForagerLifespan= 11.5102109657601
ImmType= Sine
AIAdultSlope= 2.27882940295385
AIAdultLD50= 0.0593569451011717
AIAdultSlopeContact= 1.16788973055314
AIAdultLD50Contact= 0.0343387312605046
AILarvaSlope= 2.46373786400072
AILarvaLD50= 0.673765729134902
AIKOW= 3.29207926150411
AIKOC= 9.74287742399611
AIHalfLife= 2.12026833673008
EAppRate= 0.292853635363281
