ICQueenStrength= 1.85333127877675
RQWkrDrnRatio= 2.04012120794505
ICDroneMiteSurvivorship= 16.4760945597664
ICWorkerMiteSurvivorship= 78.5983144771308
ICForagerLifespan= 13.6581159122288
ImmType= Exponential
AIAdultSlope= 1.98077044604346
AIAdultLD50= 0.342233160277829
AIAdultSlopeContact= 1.26653988867067
AIAdultLD50Contact= 0.00918657106813043
AILarvaSlope= 3.07150794262998
AILarvaLD50= 0.119691366143525
AIKOW= 7.94992186129093
AIKOC= 13.992637891788
AIHalfLife= 4.89376332028769
EAppRate= 0.51559244566597
