ICQueenStrength= 4.28157084528357
RQWkrDrnRatio= 3.58639666438103
ICDroneMiteSurvivorship= 67.8507434437051
ICWorkerMiteSurvivorship= 19.3578196456656
ICForagerLifespan= 9.79538659285754
ImmType= Polynomial
AIAdultSlope= 2.87785275541479
AIAdultLD50= 0.362814203370363
AIAdultSlopeContact= 2.29321631009923
AIAdultLD50Contact= 0.0280561348423362
AILarvaSlope= 3.19527547447942
AILarvaLD50= 0.377248317562044
AIKOW= 2.79267779411748
AIKOC= 17.7032183343545
AIHalfLife= 2.89728944189847
EAppRate= 7.52595624653623
