ICQueenStrength= 4.49248027894646
RQWkrDrnRatio= 3.84119312278926
ICDroneMiteSurvivorship= 97.6664892397821
ICWorkerMiteSurvivorship= 52.5321951601654
ICForagerLifespan= 7.80190122779459
ImmType= Polynomial
AIAdultSlope= 3.74849939777982
AIAdultLD50= 0.0916527935769409
AIAdultSlopeContact= 3.60319519011537
AIAdultLD50Contact= 0.0273180025629699
AILarvaSlope= 2.26634481470101
AILarvaLD50= 0.238045811606571
AIKOW= 4.47721786890179
AIKOC= 6.45094453473575
AIHalfLife= 0.750150245148689
EAppRate= 0.215635618753731
