ICQueenStrength= 3.80747977201827
RQWkrDrnRatio= 3.49188241548836
ICDroneMiteSurvivorship= 15.1372093707323
ICWorkerMiteSurvivorship= 54.6573784202337
ICForagerLifespan= 13.6665131235495
ImmType= Polynomial
AIAdultSlope= 2.54660364900017
AIAdultLD50= 0.469974494539201
AIAdultSlopeContact= 1.75363311294699
AIAdultLD50Contact= 0.0374562590150163
AILarvaSlope= 1.30626455373131
AILarvaLD50= 0.729020838928409
AIKOW= 5.37531638052315
AIKOC= 16.8803759571165
AIHalfLife= 0.0471081421710551
EAppRate= 4.48680258356035
