ICQueenStrength= 5.06545737991109
RQWkrDrnRatio= 3.64994105510414
ICDroneMiteSurvivorship= 61.1839806428179
ICWorkerMiteSurvivorship= 12.2351698111743
ICForagerLifespan= 11.3274385491386
ImmType= Exponential
AIAdultSlope= 7.75717072654516
AIAdultLD50= 0.225412738509476
AIAdultSlopeContact= 0.282263544425368
AIAdultLD50Contact= 0.028483025461901
AILarvaSlope= 9.97706787893549
AILarvaLD50= 0.162890923744999
AIKOW= 5.5164596196264
AIKOC= 27.7859983744565
AIHalfLife= 2.73161140503362
EAppRate= 9.79330665431917
