ICQueenStrength= 3.65307059511542
RQWkrDrnRatio= 3.87446181848645
ICDroneMiteSurvivorship= 76.3823880348355
ICWorkerMiteSurvivorship= 61.0531443962827
ICForagerLifespan= 8.46702312584966
ImmType= Cosine
AIAdultSlope= 2.02631884869654
AIAdultLD50= 0.420019094017334
AIAdultSlopeContact= 3.46063469326822
AIAdultLD50Contact= 0.0115908402018249
AILarvaSlope= 3.17915126136504
AILarvaLD50= 0.346244744653814
AIKOW= 6.46047254139557
AIKOC= 29.331411300227
AIHalfLife= 1.5253908012528
EAppRate= 6.74399504205212
