ICQueenStrength= 2.3408958457876
RQWkrDrnRatio= 1.90092078782618
ICDroneMiteSurvivorship= 99.6384668629616
ICWorkerMiteSurvivorship= 54.056253680028
ICForagerLifespan= 8.85933646652848
ImmType= Polynomial
AIAdultSlope= 0.300974433368538
AIAdultLD50= 0.148148986976594
AIAdultSlopeContact= 1.50942854746012
AIAdultLD50Contact= 0.016942300205119
AILarvaSlope= 0.858532505482435
AILarvaLD50= 0.767855518357828
AIKOW= 2.86877291463315
AIKOC= 6.37206414947286
AIHalfLife= 0.909024025313556
EAppRate= 1.62507188506424
