ICQueenStrength= 1.99905332084745
RQWkrDrnRatio= 4.4607011815533
ICDroneMiteSurvivorship= 56.6113074775785
ICWorkerMiteSurvivorship= 59.430692717433
ICForagerLifespan= 11.708268285729
ImmType= Polynomial
AIAdultSlope= 9.24786004005
AIAdultLD50= 0.000922461738809943
AIAdultSlopeContact= 2.21441841128748
AIAdultLD50Contact= 0.026789086824283
AILarvaSlope= 1.59029198922217
AILarvaLD50= 0.247520906897262
AIKOW= 7.3011749512516
AIKOC= 13.5710212646518
AIHalfLife= 2.30931980884634
EAppRate= 0.836150383111089
