ICQueenStrength= 5.004883361049
RQWkrDrnRatio= 4.16528822574764
ICDroneMiteSurvivorship= 17.7320712711662
ICWorkerMiteSurvivorship= 9.90491176489741
ICForagerLifespan= 14.1381078269333
ImmType= Exponential
AIAdultSlope= 2.02952525076689
AIAdultLD50= 0.294843678246252
AIAdultSlopeContact= 3.4898998848279
AIAdultLD50Contact= 0.0148175767390057
AILarvaSlope= 3.1440396333579
AILarvaLD50= 0.464501340198331
AIKOW= 4.83429220085964
AIKOC= 15.1623030728661
AIHalfLife= 2.92648200527765
EAppRate= 0.553404215699993
