ICQueenStrength= 2.99877094361
RQWkrDrnRatio= 3.79784602113068
ICDroneMiteSurvivorship= 73.1199332280084
ICWorkerMiteSurvivorship= 89.1829593107104
ICForagerLifespan= 12.6628159005195
ImmType= Sine
AIAdultSlope= 7.77027504751459
AIAdultLD50= 0.0263527201022953
AIAdultSlopeContact= 0.3721108930232
AIAdultLD50Contact= 0.0205066039110534
AILarvaSlope= 2.50239614862949
AILarvaLD50= 0.417313177068718
AIKOW= 2.22281897626817
AIKOC= 14.7447240143083
AIHalfLife= 0.927528947358951
EAppRate= 9.33964593335986
