ICQueenStrength= 5.88302899291739
RQWkrDrnRatio= 2.10709295701236
ICDroneMiteSurvivorship= 32.4126451276243
ICWorkerMiteSurvivorship= 95.9433095064014
ICForagerLifespan= 4.74747527576983
ImmType= Cosine
AIAdultSlope= 2.26573078249348
AIAdultLD50= 0.443081624922343
AIAdultSlopeContact= 3.14946388647426
AIAdultLD50Contact= 0.0334286303259432
AILarvaSlope= 2.88306286456063
AILarvaLD50= 0.285889455280267
AIKOW= 4.69734302582219
AIKOC= 25.5720780359115
AIHalfLife= 1.10553353093565
EAppRate= 0.371208676416427
