ICQueenStrength= 4.78251633257605
RQWkrDrnRatio= 3.10390487406403
ICDroneMiteSurvivorship= 72.3557406803593
ICWorkerMiteSurvivorship= 34.1402598889545
ICForagerLifespan= 11.9052038779482
ImmType= Exponential
AIAdultSlope= 3.34162114319857
AIAdultLD50= 0.337076341849752
AIAdultSlopeContact= 2.04227311765775
AIAdultLD50Contact= 0.0093583133071661
AILarvaSlope= 2.83584046862088
AILarvaLD50= 0.811671871715225
AIKOW= 5.6013898612
AIKOC= 9.52904288540594
AIHalfLife= 1.25897303456441
EAppRate= 1.99394326424226
