ICQueenStrength= 3.37807804136537
RQWkrDrnRatio= 4.26048317458481
ICDroneMiteSurvivorship= 54.553138720803
ICWorkerMiteSurvivorship= 69.1633352311328
ICForagerLifespan= 5.67551334481686
ImmType= Logarithmic
AIAdultSlope= 2.32346344739199
AIAdultLD50= 0.192495970404707
AIAdultSlopeContact= 3.64959900518646
AIAdultLD50Contact= 0.0420740966801532
AILarvaSlope= 2.55610409141518
AILarvaLD50= 0.53161413227208
AIKOW= 5.38700322899967
AIKOC= 15.9862577461172
AIHalfLife= 4.29592723143287
EAppRate= 5.91852920362726
