ICQueenStrength= 2.50949902948923
RQWkrDrnRatio= 1.70582796819508
ICDroneMiteSurvivorship= 77.9832185478881
ICWorkerMiteSurvivorship= 32.6163243502378
ICForagerLifespan= 14.385026210919
ImmType= Cosine
AIAdultSlope= 3.54446630159626
AIAdultLD50= 0.035595876048319
AIAdultSlopeContact= 1.21765102737816
AIAdultLD50Contact= 0.0111667745397426
AILarvaSlope= 1.79550625304691
AILarvaLD50= 0.205470884568058
AIKOW= 7.30615922622383
AIKOC= 5.02943061408587
AIHalfLife= 2.74161982466467
EAppRate= 2.4803396128118
