ICQueenStrength= 2.58201367245056
RQWkrDrnRatio= 2.78293516207486
ICDroneMiteSurvivorship= 4.43810522556305
ICWorkerMiteSurvivorship= 72.0281988149509
ICForagerLifespan= 15.3618108751252
ImmType= Polynomial
AIAdultSlope= 3.59912511659786
AIAdultLD50= 0.424740666756406
AIAdultSlopeContact= 0.270084464955144
AIAdultLD50Contact= 0.00169049518881366
AILarvaSlope= 9.31696260347962
AILarvaLD50= 0.443337583495304
AIKOW= 4.81762692937627
AIKOC= 23.7215277750511
AIHalfLife= 4.54276890261099
EAppRate= 9.58954223897308
