ICQueenStrength= 3.93746259994805
RQWkrDrnRatio= 4.54862022213638
ICDroneMiteSurvivorship= 17.299088393338
ICWorkerMiteSurvivorship= 4.11752799991518
ICForagerLifespan= 5.90310786571354
ImmType= Exponential
AIAdultSlope= 0.193465517477598
AIAdultLD50= 0.340180125436746
AIAdultSlopeContact= 3.91947560404195
AIAdultLD50Contact= 0.00352526544593275
AILarvaSlope= 3.20083999405615
AILarvaLD50= 0.231806427030824
AIKOW= 3.57408110285178
AIKOC= 23.5493688040879
AIHalfLife= 2.05065882531926
EAppRate= 0.119386748736724
