ICQueenStrength= 2.43883840530179
RQWkrDrnRatio= 2.20972702093422
ICDroneMiteSurvivorship= 66.9051992008463
ICWorkerMiteSurvivorship= 37.2501912061125
ICForagerLifespan= 6.5096151875332
ImmType= Polynomial
AIAdultSlope= 8.19315640488639
AIAdultLD50= 0.410568725434132
AIAdultSlopeContact= 3.32221092121443
AIAdultLD50Contact= 0.0255597149138339
AILarvaSlope= 0.917220109328628
AILarvaLD50= 0.176995124761015
AIKOW= 5.07416060101241
AIKOC= 7.31901776278391
AIHalfLife= 1.98517925222404
EAppRate= 6.07948518823832
