ICQueenStrength= 2.66493273922242
RQWkrDrnRatio= 4.56403732858598
ICDroneMiteSurvivorship= 71.9230612274259
ICWorkerMiteSurvivorship= 23.7633866956457
ICForagerLifespan= 5.74092066567391
ImmType= Logarithmic
AIAdultSlope= 1.32815390411764
AIAdultLD50= 0.307851040386595
AIAdultSlopeContact= 3.73618225759361
AIAdultLD50Contact= 0.0284162631141953
AILarvaSlope= 2.24462632723153
AILarvaLD50= 0.763760894327424
AIKOW= 6.69579584198073
AIKOC= 9.94946032995358
AIHalfLife= 4.57837169640698
EAppRate= 0.905004229862243
