ICQueenStrength= 3.31973573099822
RQWkrDrnRatio= 1.79377799481153
ICDroneMiteSurvivorship= 39.7860374301672
ICWorkerMiteSurvivorship= 73.266017739661
ICForagerLifespan= 5.9915456501767
ImmType= Exponential
AIAdultSlope= 3.64343021244043
AIAdultLD50= 0.326320998836309
AIAdultSlopeContact= 0.473477338675875
AIAdultLD50Contact= 0.0083101463271305
AILarvaSlope= 1.90044055306353
AILarvaLD50= 0.682841908070259
AIKOW= 6.43735283706337
AIKOC= 14.7993657633197
AIHalfLife= 0.306275873444974
EAppRate= 0.272030797810294
