ICQueenStrength= 4.00525256665424
RQWkrDrnRatio= 1.31517747510225
ICDroneMiteSurvivorship= 77.3662177845836
ICWorkerMiteSurvivorship= 32.7885290142149
ICForagerLifespan= 6.47257138043642
ImmType= Sine
AIAdultSlope= 8.92451704014093
AIAdultLD50= 0.0685090257320553
AIAdultSlopeContact= 1.63729092362802
AIAdultLD50Contact= 0.0467490253504366
AILarvaSlope= 2.5496265757829
AILarvaLD50= 0.40620260189753
AIKOW= 6.3851191480644
AIKOC= 6.56569054233842
AIHalfLife= 1.5207940840628
EAppRate= 3.00536007154733
