ICQueenStrength= 5.90416186279617
RQWkrDrnRatio= 2.76555470470339
ICDroneMiteSurvivorship= 95.6829398637637
ICWorkerMiteSurvivorship= 29.9098416697234
ICForagerLifespan= 5.10038102045655
ImmType= Sine
AIAdultSlope= 1.87935019144788
AIAdultLD50= 0.459609581623226
AIAdultSlopeContact= 0.227332453820854
AIAdultLD50Contact= 0.00344407641096041
AILarvaSlope= 0.236153332563117
AILarvaLD50= 0.187893280922435
AIKOW= 2.18198485160246
AIKOC= 27.9641592653934
AIHalfLife= 4.20115597546101
EAppRate= 6.91752370912582
