ICQueenStrength= 4.22210136335343
RQWkrDrnRatio= 3.11415469273925
ICDroneMiteSurvivorship= 40.6116438331082
ICWorkerMiteSurvivorship= 69.0938428044319
ICForagerLifespan= 12.9343361649662
ImmType= Polynomial
AIAdultSlope= 3.65640976168681
AIAdultLD50= 0.175118058919907
AIAdultSlopeContact= 2.41454456361244
AIAdultLD50Contact= 0.00653001259779558
AILarvaSlope= 3.35139582720585
AILarvaLD50= 0.554971863864921
AIKOW= 2.35096795344725
AIKOC= 15.3506146231666
AIHalfLife= 0.994726954959333
EAppRate= 4.89402631996199
