ICQueenStrength= 4.45804388867691
RQWkrDrnRatio= 2.87779531814158
ICDroneMiteSurvivorship= 90.3913857182488
ICWorkerMiteSurvivorship= 0.55767132434994
ICForagerLifespan= 4.29273542016745
ImmType= Sine
AIAdultSlope= 2.15645658774767
AIAdultLD50= 0.447100918623619
AIAdultSlopeContact= 3.52641234895214
AIAdultLD50Contact= 0.00223023251164705
AILarvaSlope= 2.6194644715637
AILarvaLD50= 0.595099112601019
AIKOW= 4.58083650656044
AIKOC= 24.507559761405
AIHalfLife= 4.81980730430223
EAppRate= 8.22878447826952
