ICQueenStrength= 3.16157248010859
RQWkrDrnRatio= 4.87296097073704
ICDroneMiteSurvivorship= 91.1668927641585
ICWorkerMiteSurvivorship= 37.6802846323699
ICForagerLifespan= 11.2154020918533
ImmType= Cosine
AIAdultSlope= 4.40106262918562
AIAdultLD50= 0.191813473356888
AIAdultSlopeContact= 2.52350228068884
AIAdultLD50Contact= 0.013594930479303
AILarvaSlope= 3.79154081223533
AILarvaLD50= 0.640587320993654
AIKOW= 7.06755060935393
AIKOC= 22.8146022721194
AIHalfLife= 4.23001496586949
EAppRate= 2.50641326420009
