ICQueenStrength= 1.73041781317443
RQWkrDrnRatio= 1.54321670532227
ICDroneMiteSurvivorship= 82.9126335447654
ICWorkerMiteSurvivorship= 51.9023848464713
ICForagerLifespan= 15.0842394074425
ImmType= Logarithmic
AIAdultSlope= 1.6744802868925
AIAdultLD50= 0.0887481699464843
AIAdultSlopeContact= 2.65442335385364
AIAdultLD50Contact= 0.0136834243079647
AILarvaSlope= 6.20278486981988
AILarvaLD50= 0.542425495083444
AIKOW= 4.06780133582652
AIKOC= 28.278710921295
AIHalfLife= 1.91710012266412
EAppRate= 5.65123974112794
