ICQueenStrength= 3.04431537771598
RQWkrDrnRatio= 2.33014669641852
ICDroneMiteSurvivorship= 40.1090189348906
ICWorkerMiteSurvivorship= 12.5057536875829
ICForagerLifespan= 8.87204647995532
ImmType= Exponential
AIAdultSlope= 3.07114117723424
AIAdultLD50= 0.328175275586545
AIAdultSlopeContact= 3.60668884580489
AIAdultLD50Contact= 0.041676329402253
AILarvaSlope= 0.290721861645579
AILarvaLD50= 0.891824619378895
AIKOW= 2.41828671563417
AIKOC= 10.4372317390516
AIHalfLife= 1.51989593519829
EAppRate= 0.685771064017899
