ICQueenStrength= 3.30138212908059
RQWkrDrnRatio= 4.08112164214253
ICDroneMiteSurvivorship= 20.0799541547894
ICWorkerMiteSurvivorship= 95.9718946134672
ICForagerLifespan= 5.20212109200656
ImmType= Sine
AIAdultSlope= 1.0937114103511
AIAdultLD50= 0.427773730014451
AIAdultSlopeContact= 2.11667731987545
AIAdultLD50Contact= 0.0187034335220233
AILarvaSlope= 0.517430179566145
AILarvaLD50= 0.171388331009075
AIKOW= 7.17021685605869
AIKOC= 7.55013624555431
AIHalfLife= 0.0487287726718932
EAppRate= 0.0286772428778931
