ICQueenStrength= 4.13325371942483
RQWkrDrnRatio= 2.83810050599277
ICDroneMiteSurvivorship= 21.1046737618744
ICWorkerMiteSurvivorship= 80.3863551001996
ICForagerLifespan= 11.805838371627
ImmType= Logarithmic
AIAdultSlope= 8.2746674772352
AIAdultLD50= 0.0812519665341824
AIAdultSlopeContact= 0.459544890308753
AIAdultLD50Contact= 0.0124706623144448
AILarvaSlope= 7.58701681625098
AILarvaLD50= 0.888465770124458
AIKOW= 3.77859582286328
AIKOC= 22.7876359317452
AIHalfLife= 2.51744779059663
EAppRate= 7.23338440759107
