ICQueenStrength= 3.85851922468282
RQWkrDrnRatio= 2.44567473698407
ICDroneMiteSurvivorship= 27.8950325213373
ICWorkerMiteSurvivorship= 56.4537484897301
ICForagerLifespan= 15.9347803108394
ImmType= Cosine
AIAdultSlope= 2.95082476780051
AIAdultLD50= 0.412648040335625
AIAdultSlopeContact= 3.57442776269512
AIAdultLD50Contact= 0.0353391773533076
AILarvaSlope= 1.0154036947526
AILarvaLD50= 0.237449453654699
AIKOW= 7.46395081514493
AIKOC= 17.0929765282199
AIHalfLife= 2.60136145516299
EAppRate= 0.166470062802546
