ICQueenStrength= 5.60713525884785
RQWkrDrnRatio= 4.33150027599186
ICDroneMiteSurvivorship= 83.6914082989097
ICWorkerMiteSurvivorship= 88.0965515505522
ICForagerLifespan= 13.8999866330996
ImmType= Polynomial
AIAdultSlope= 3.34346089772182
AIAdultLD50= 0.332926484523341
AIAdultSlopeContact= 1.24640180409886
AIAdultLD50Contact= 0.0152359633822925
AILarvaSlope= 0.13606635723263
AILarvaLD50= 0.54875929991249
AIKOW= 2.6685153436847
AIKOC= 14.4421389861964
AIHalfLife= 2.30055164778605
EAppRate= 0.568635872076265
