ICQueenStrength= 1.59521411545575
RQWkrDrnRatio= 2.2966642389074
ICDroneMiteSurvivorship= 92.998295254074
ICWorkerMiteSurvivorship= 67.0374223031104
ICForagerLifespan= 5.82124017458409
ImmType= Tangent
AIAdultSlope= 0.840724657755345
AIAdultLD50= 0.0239752966444939
AIAdultSlopeContact= 1.82730153944576
AIAdultLD50Contact= 0.0398600273765624
AILarvaSlope= 2.37571533392183
AILarvaLD50= 0.00946047033648938
AIKOW= 3.53364023193717
AIKOC= 24.767608656548
AIHalfLife= 4.69029610045254
EAppRate= 2.77854391373694
