ICQueenStrength= 3.53765217144974
RQWkrDrnRatio= 2.42004338931292
ICDroneMiteSurvivorship= 23.8695305073634
ICWorkerMiteSurvivorship= 67.7247225772589
ICForagerLifespan= 10.3399788243696
ImmType= Cosine
AIAdultSlope= 0.174945541657507
AIAdultLD50= 0.129222852759995
AIAdultSlopeContact= 1.45242322823731
AIAdultLD50Contact= 0.0398463096818887
AILarvaSlope= 0.475574203999713
AILarvaLD50= 0.546976043097675
AIKOW= 4.12639118544757
AIKOC= 29.8908345296513
AIHalfLife= 3.70478271623142
EAppRate= 2.92606078321114
