ICQueenStrength= 1.17941091442481
RQWkrDrnRatio= 3.1523551819846
ICDroneMiteSurvivorship= 18.5831139795482
ICWorkerMiteSurvivorship= 84.1711954213679
ICForagerLifespan= 13.6193319186568
ImmType= Cosine
AIAdultSlope= 3.60624850768363
AIAdultLD50= 0.0922533305129036
AIAdultSlopeContact= 3.34231311486801
AIAdultLD50Contact= 0.00590579170966521
AILarvaSlope= 1.72448116564192
AILarvaLD50= 0.331431939220056
AIKOW= 5.71966285957024
AIKOC= 9.87645204993896
AIHalfLife= 0.965369519544765
EAppRate= 5.08729626657441
