ICQueenStrength= 5.16972856968641
RQWkrDrnRatio= 4.52544886898249
ICDroneMiteSurvivorship= 2.3432741407305
ICWorkerMiteSurvivorship= 71.8368680216372
ICForagerLifespan= 9.97421393264085
ImmType= Exponential
AIAdultSlope= 2.84059323698049
AIAdultLD50= 0.228905886178836
AIAdultSlopeContact= 1.85519870909164
AIAdultLD50Contact= 0.0394023356144317
AILarvaSlope= 3.05086721349508
AILarvaLD50= 0.486539440252818
AIKOW= 2.96451408322901
AIKOC= 24.697378098499
AIHalfLife= 3.86818482773378
EAppRate= 0.151421739719808
