ICQueenStrength= 4.27475026017055
RQWkrDrnRatio= 1.69509233254939
ICDroneMiteSurvivorship= 43.8537615351379
ICWorkerMiteSurvivorship= 87.9246301483363
ICForagerLifespan= 14.7449475778267
ImmType= Tangent
AIAdultSlope= 6.74481615889817
AIAdultLD50= 0.0431748939445242
AIAdultSlopeContact= 0.909955410165712
AIAdultLD50Contact= 0.0429334827582352
AILarvaSlope= 1.26380755254067
AILarvaLD50= 0.580629341374151
AIKOW= 4.67803331138566
AIKOC= 7.23112967796624
AIHalfLife= 2.46081738267094
EAppRate= 0.069430754519999
