ICQueenStrength= 3.61380338226445
RQWkrDrnRatio= 3.15250733029097
ICDroneMiteSurvivorship= 53.0259485123679
ICWorkerMiteSurvivorship= 41.6240304009989
ICForagerLifespan= 11.6894884277135
ImmType= Sine
AIAdultSlope= 8.20629769004881
AIAdultLD50= 0.13212316238787
AIAdultSlopeContact= 0.728026007367298
AIAdultLD50Contact= 0.0455502266297117
AILarvaSlope= 7.66730432631448
AILarvaLD50= 0.0635681638028473
AIKOW= 2.72989495890215
AIKOC= 14.4938303518575
AIHalfLife= 4.27818482741714
EAppRate= 7.6787991123274
