ICQueenStrength= 1.97795689711347
RQWkrDrnRatio= 1.99761920887977
ICDroneMiteSurvivorship= 12.5608057947829
ICWorkerMiteSurvivorship= 63.3629810065031
ICForagerLifespan= 7.45258734095842
ImmType= Cosine
AIAdultSlope= 2.39209162370302
AIAdultLD50= 0.129040819010697
AIAdultSlopeContact= 2.45380260703387
AIAdultLD50Contact= 0.0499191212002188
AILarvaSlope= 0.182023051381111
AILarvaLD50= 0.163247827906162
AIKOW= 2.05060145445168
AIKOC= 8.94003252731636
AIHalfLife= 3.70170214097016
EAppRate= 0.18589866803959
