ICQueenStrength= 1.33383090631105
RQWkrDrnRatio= 3.5216013174504
ICDroneMiteSurvivorship= 65.3949843486771
ICWorkerMiteSurvivorship= 56.9532227935269
ICForagerLifespan= 10.8346614465117
ImmType= Cosine
AIAdultSlope= 5.32357591437176
AIAdultLD50= 0.125645701191388
AIAdultSlopeContact= 0.177008957751095
AIAdultLD50Contact= 0.000489065342117101
AILarvaSlope= 0.849815657641739
AILarvaLD50= 0.411617716192268
AIKOW= 4.36775437928736
AIKOC= 18.5155175812542
AIHalfLife= 3.8439413078595
EAppRate= 5.31359568471089
