ICQueenStrength= 4.074601884
RQWkrDrnRatio= 3.8639115113765
ICDroneMiteSurvivorship= 43.5516665456817
ICWorkerMiteSurvivorship= 54.5745390700176
ICForagerLifespan= 15.3065584059805
ImmType= Tangent
AIAdultSlope= 1.93071163451532
AIAdultLD50= 0.499900304013863
AIAdultSlopeContact= 2.71283071834361
AIAdultLD50Contact= 0.0292759991018102
AILarvaSlope= 0.583600518433377
AILarvaLD50= 0.422291381517425
AIKOW= 2.53817785158753
AIKOC= 26.8899669998791
AIHalfLife= 2.77454070048407
EAppRate= 0.40386861062143
