ICQueenStrength= 1.16667770920321
RQWkrDrnRatio= 2.04912684299052
ICDroneMiteSurvivorship= 39.3706127768382
ICWorkerMiteSurvivorship= 38.6734093306586
ICForagerLifespan= 14.1981533532962
ImmType= Cosine
AIAdultSlope= 0.963165581384674
AIAdultLD50= 0.191626065527089
AIAdultSlopeContact= 0.400603125931229
AIAdultLD50Contact= 0.0438978953985497
AILarvaSlope= 3.20175438728183
AILarvaLD50= 0.835259042400867
AIKOW= 4.56358870817348
AIKOC= 28.0242951656692
AIHalfLife= 3.67204701178707
EAppRate= 0.219380288547836
