ICQueenStrength= 1.24729272350669
RQWkrDrnRatio= 1.99772859364748
ICDroneMiteSurvivorship= 14.0095054637641
ICWorkerMiteSurvivorship= 51.7541845096275
ICForagerLifespan= 12.3455664170906
ImmType= Tangent
AIAdultSlope= 2.47952255108161
AIAdultLD50= 0.342575771035627
AIAdultSlopeContact= 3.8578336629644
AIAdultLD50Contact= 0.0392327774083242
AILarvaSlope= 2.80387617056258
AILarvaLD50= 0.127439626352862
AIKOW= 5.13463414646685
AIKOC= 19.0993191103917
AIHalfLife= 4.00358479702845
EAppRate= 0.0170131189282984
