ICQueenStrength= 1.69879809161648
RQWkrDrnRatio= 2.74685872904956
ICDroneMiteSurvivorship= 47.5406383397058
ICWorkerMiteSurvivorship= 20.9130590781569
ICForagerLifespan= 14.0726964240894
ImmType= Sine
AIAdultSlope= 0.152437101260293
AIAdultLD50= 0.0938203633995727
AIAdultSlopeContact= 2.52143364378484
AIAdultLD50Contact= 0.0429417234961875
AILarvaSlope= 1.75304420762695
AILarvaLD50= 0.394145421730354
AIKOW= 5.83265590993688
AIKOC= 26.831225452479
AIHalfLife= 3.26686079381034
EAppRate= 0.1830097370781
