ICQueenStrength= 4.6812693241518
RQWkrDrnRatio= 1.75898671709001
ICDroneMiteSurvivorship= 78.3281439449638
ICWorkerMiteSurvivorship= 41.0603284602985
ICForagerLifespan= 14.336803926155
ImmType= Exponential
AIAdultSlope= 4.78231238666922
AIAdultLD50= 0.349033247213811
AIAdultSlopeContact= 3.45857492478099
AIAdultLD50Contact= 0.0486279713455588
AILarvaSlope= 5.40063092019409
AILarvaLD50= 0.508098102570511
AIKOW= 7.12730297306553
AIKOC= 5.69572551292367
AIHalfLife= 0.552090181736276
EAppRate= 1.70716392109171
