ICQueenStrength= 1.17001281958073
RQWkrDrnRatio= 2.26147114671767
ICDroneMiteSurvivorship= 89.6975408541039
ICWorkerMiteSurvivorship= 35.8348691603169
ICForagerLifespan= 10.3169037606567
ImmType= Logarithmic
AIAdultSlope= 1.00717194460798
AIAdultLD50= 0.101846004603431
AIAdultSlopeContact= 2.28244890195318
AIAdultLD50Contact= 0.0388282224652357
AILarvaSlope= 2.7706722705625
AILarvaLD50= 0.0313813257962465
AIKOW= 4.75289346044883
AIKOC= 25.9299117443152
AIHalfLife= 1.40883146668784
EAppRate= 0.532409431738779
