ICQueenStrength= 3.30133915203623
RQWkrDrnRatio= 4.69259918201715
ICDroneMiteSurvivorship= 32.646020129323
ICWorkerMiteSurvivorship= 41.5702655445784
ICForagerLifespan= 8.16349489614367
ImmType= Cosine
AIAdultSlope= 5.99312215577811
AIAdultLD50= 0.32346270501148
AIAdultSlopeContact= 3.12678789929487
AIAdultLD50Contact= 0.0256773606175557
AILarvaSlope= 0.57264721035026
AILarvaLD50= 0.230391895375215
AIKOW= 6.48710923502222
AIKOC= 14.8926298203878
AIHalfLife= 1.70409438549541
EAppRate= 6.29516406683251
