ICQueenStrength= 2.21990510611795
RQWkrDrnRatio= 3.50510058086365
ICDroneMiteSurvivorship= 22.9860956547782
ICWorkerMiteSurvivorship= 83.9140228694305
ICForagerLifespan= 12.0830991920084
ImmType= Logarithmic
AIAdultSlope= 2.14744681708748
AIAdultLD50= 0.27989926317241
AIAdultSlopeContact= 0.37396307815332
AIAdultLD50Contact= 0.00827031977241859
AILarvaSlope= 0.0939377241302282
AILarvaLD50= 0.896935317199677
AIKOW= 3.78211000002921
AIKOC= 15.3629923250992
AIHalfLife= 4.8540926235728
EAppRate= 0.671769607602619
