ICQueenStrength= 2.47812669631094
RQWkrDrnRatio= 1.50684791710228
ICDroneMiteSurvivorship= 1.52319576591253
ICWorkerMiteSurvivorship= 46.7417562613264
ICForagerLifespan= 13.0111683551222
ImmType= Polynomial
AIAdultSlope= 8.88422234915197
AIAdultLD50= 0.0689354145433754
AIAdultSlopeContact= 0.235204365982208
AIAdultLD50Contact= 0.0423650681856088
AILarvaSlope= 2.56524493712932
AILarvaLD50= 0.804706188105047
AIKOW= 2.91286070691422
AIKOC= 11.2841228209436
AIHalfLife= 4.01619111420587
EAppRate= 1.69716172385961
