ICQueenStrength= 4.9754803199321
RQWkrDrnRatio= 3.03235758747905
ICDroneMiteSurvivorship= 86.3154312362894
ICWorkerMiteSurvivorship= 6.378652038984
ICForagerLifespan= 5.44102487619966
ImmType= Logarithmic
AIAdultSlope= 3.17359963591676
AIAdultLD50= 0.208534004399553
AIAdultSlopeContact= 2.10702764518093
AIAdultLD50Contact= 0.0454707188066095
AILarvaSlope= 2.3059064084664
AILarvaLD50= 0.135945998271927
AIKOW= 7.91956095257774
AIKOC= 18.9854115317576
AIHalfLife= 4.71201735315844
EAppRate= 6.88217107905075
