ICQueenStrength= 5.91392431315035
RQWkrDrnRatio= 4.47491819038987
ICDroneMiteSurvivorship= 89.876990346238
ICWorkerMiteSurvivorship= 62.7571874996647
ICForagerLifespan= 9.31860089860857
ImmType= Exponential
AIAdultSlope= 9.52044817153364
AIAdultLD50= 0.158782331156544
AIAdultSlopeContact= 1.17514094595797
AIAdultLD50Contact= 0.014476923737675
AILarvaSlope= 8.82433684309945
AILarvaLD50= 0.235042186779901
AIKOW= 3.61693580821157
AIKOC= 20.175669384189
AIHalfLife= 4.44601337658241
EAppRate= 8.12865908723325
