ICQueenStrength= 4.73459583031945
RQWkrDrnRatio= 1.34158239327371
ICDroneMiteSurvivorship= 12.6055936096236
ICWorkerMiteSurvivorship= 37.2685587499291
ICForagerLifespan= 9.43291227705777
ImmType= Logarithmic
AIAdultSlope= 0.784083258798346
AIAdultLD50= 0.337601328734308
AIAdultSlopeContact= 3.5192253508768
AIAdultLD50Contact= 0.0422188363852911
AILarvaSlope= 1.84180656988174
AILarvaLD50= 0.578351265192032
AIKOW= 6.03747636126354
AIKOC= 16.0747075814288
AIHalfLife= 4.46504416060634
EAppRate= 0.301307360152714
