ICQueenStrength= 4.47760201897472
RQWkrDrnRatio= 4.18677499424666
ICDroneMiteSurvivorship= 39.1274225432426
ICWorkerMiteSurvivorship= 14.0289028640836
ICForagerLifespan= 8.91863490268588
ImmType= Cosine
AIAdultSlope= 2.32369710458443
AIAdultLD50= 0.394315321347676
AIAdultSlopeContact= 0.887113599514123
AIAdultLD50Contact= 0.0169322627596557
AILarvaSlope= 1.88265015864745
AILarvaLD50= 0.134108555596322
AIKOW= 2.45884631061926
AIKOC= 26.2251869845204
AIHalfLife= 0.789839354110882
EAppRate= 2.05757776508108
