ICQueenStrength= 1.95926944515668
RQWkrDrnRatio= 3.16351071000099
ICDroneMiteSurvivorship= 88.5306318989024
ICWorkerMiteSurvivorship= 10.1175928488374
ICForagerLifespan= 14.4656258122995
ImmType= Logarithmic
AIAdultSlope= 2.45165143492632
AIAdultLD50= 0.0894053758820519
AIAdultSlopeContact= 2.70598501157016
AIAdultLD50Contact= 0.0427568951039575
AILarvaSlope= 1.04349856148474
AILarvaLD50= 0.348338687187061
AIKOW= 7.39727097330615
AIKOC= 24.8822124570142
AIHalfLife= 3.3053415606264
EAppRate= 0.39395901914686
