ICQueenStrength= 4.98806452169083
RQWkrDrnRatio= 1.69711058028042
ICDroneMiteSurvivorship= 16.3025688380003
ICWorkerMiteSurvivorship= 81.1109678354114
ICForagerLifespan= 12.5161268562078
ImmType= Sine
AIAdultSlope= 8.10959848109633
AIAdultLD50= 0.196423819405027
AIAdultSlopeContact= 1.63841874796897
AIAdultLD50Contact= 0.0225460248650052
AILarvaSlope= 8.75130628468469
AILarvaLD50= 0.83318568142131
AIKOW= 4.97838887618855
AIKOC= 24.1461776557844
AIHalfLife= 4.44198613753542
EAppRate= 4.36961992178112
