ICQueenStrength= 4.65405595162883
RQWkrDrnRatio= 4.90141333919019
ICDroneMiteSurvivorship= 83.9228300843388
ICWorkerMiteSurvivorship= 16.5929743088782
ICForagerLifespan= 6.90785347484052
ImmType= Tangent
AIAdultSlope= 2.45457088109106
AIAdultLD50= 0.397074802196585
AIAdultSlopeContact= 0.308552217332181
AIAdultLD50Contact= 0.0444263327401131
AILarvaSlope= 2.68817811687477
AILarvaLD50= 0.0819710791809484
AIKOW= 6.08207294624299
AIKOC= 13.9620093349367
AIHalfLife= 1.12581106950529
EAppRate= 7.97281932318583
