ICQueenStrength= 3.40324695943855
RQWkrDrnRatio= 4.24314815644175
ICDroneMiteSurvivorship= 55.3620979888365
ICWorkerMiteSurvivorship= 65.5218979110941
ICForagerLifespan= 11.9859242932871
ImmType= Cosine
AIAdultSlope= 1.76059758523479
AIAdultLD50= 0.356566477217712
AIAdultSlopeContact= 0.0848635426838882
AIAdultLD50Contact= 0.00525836986489594
AILarvaSlope= 3.07234193850309
AILarvaLD50= 0.686479264707305
AIKOW= 4.4164940523915
AIKOC= 27.0360858365893
AIHalfLife= 4.8985161120072
EAppRate= 3.47470990149304
