ICQueenStrength= 1.05261130980216
RQWkrDrnRatio= 1.11463306751102
ICDroneMiteSurvivorship= 46.4057465083897
ICWorkerMiteSurvivorship= 90.043524838984
ICForagerLifespan= 13.6071934252977
ImmType= Cosine
AIAdultSlope= 2.06452109117992
AIAdultLD50= 0.494925338658504
AIAdultSlopeContact= 2.91573287452804
AIAdultLD50Contact= 0.0125153332483023
AILarvaSlope= 2.45352959856391
AILarvaLD50= 0.757300773169845
AIKOW= 5.47771167661995
AIKOC= 27.0838862296659
AIHalfLife= 1.51754721533507
EAppRate= 0.273956663068384
