ICQueenStrength= 4.24756478541531
RQWkrDrnRatio= 3.73312634136528
ICDroneMiteSurvivorship= 25.1001816475764
ICWorkerMiteSurvivorship= 51.2395222904161
ICForagerLifespan= 14.8068108651787
ImmType= Polynomial
AIAdultSlope= 8.606123321224
AIAdultLD50= 0.0274982206756249
AIAdultSlopeContact= 1.43351937162224
AIAdultLD50Contact= 0.0224580988637172
AILarvaSlope= 6.59637211123481
AILarvaLD50= 0.85694302150514
AIKOW= 6.78510313574225
AIKOC= 25.1250197307672
AIHalfLife= 4.88251256523654
EAppRate= 7.25131554529071
