ICQueenStrength= 4.11072503216565
RQWkrDrnRatio= 4.23126412555575
ICDroneMiteSurvivorship= 31.0366516700014
ICWorkerMiteSurvivorship= 67.9435705533251
ICForagerLifespan= 5.0577812101692
ImmType= Logarithmic
AIAdultSlope= 4.93282089009881
AIAdultLD50= 0.38709153921809
AIAdultSlopeContact= 0.692509983801283
AIAdultLD50Contact= 0.0145894328015856
AILarvaSlope= 0.865828648675233
AILarvaLD50= 0.303544845501892
AIKOW= 5.40326323965564
AIKOC= 11.5853988053277
AIHalfLife= 4.24173202831298
EAppRate= 9.58881678292528
