ICQueenStrength= 5.44066880969331
RQWkrDrnRatio= 3.92748719267547
ICDroneMiteSurvivorship= 6.06113919056952
ICWorkerMiteSurvivorship= 61.4410033449531
ICForagerLifespan= 13.8704292178154
ImmType= Exponential
AIAdultSlope= 4.60145155433565
AIAdultLD50= 0.0164243528852239
AIAdultSlopeContact= 1.71617078575306
AIAdultLD50Contact= 0.0285680318018422
AILarvaSlope= 5.33408426679671
AILarvaLD50= 0.758860966167413
AIKOW= 3.55108227953315
AIKOC= 20.319415810518
AIHalfLife= 4.27302970318124
EAppRate= 9.6528610191308
