ICQueenStrength= 5.90433468366973
RQWkrDrnRatio= 3.60157386306673
ICDroneMiteSurvivorship= 93.6048008035868
ICWorkerMiteSurvivorship= 55.5564427981153
ICForagerLifespan= 8.76464019156992
ImmType= Tangent
AIAdultSlope= 7.06212331308052
AIAdultLD50= 0.498673076042905
AIAdultSlopeContact= 0.345046101885382
AIAdultLD50Contact= 0.0488902733311988
AILarvaSlope= 0.881276222271845
AILarvaLD50= 0.160608466551639
AIKOW= 4.71779317222536
AIKOC= 13.5400201904122
AIHalfLife= 1.72980844159611
EAppRate= 9.51287525705993
