ICQueenStrength= 5.20487313414924
RQWkrDrnRatio= 3.78801471646875
ICDroneMiteSurvivorship= 94.764911592938
ICWorkerMiteSurvivorship= 82.2277249535546
ICForagerLifespan= 14.7212097011507
ImmType= Polynomial
AIAdultSlope= 1.76842370965518
AIAdultLD50= 0.186603513429873
AIAdultSlopeContact= 0.855160909832921
AIAdultLD50Contact= 0.0427596566965804
AILarvaSlope= 0.0466409107670188
AILarvaLD50= 0.472688443330117
AIKOW= 6.49565544165671
AIKOC= 25.6062862358522
AIHalfLife= 4.64915570686571
EAppRate= 9.39039641991258
