ICQueenStrength= 2.06894077849574
RQWkrDrnRatio= 2.89013961423188
ICDroneMiteSurvivorship= 29.0063507622108
ICWorkerMiteSurvivorship= 23.6220078775659
ICForagerLifespan= 9.1998585248366
ImmType= Logarithmic
AIAdultSlope= 0.773140063975006
AIAdultLD50= 0.41289590112865
AIAdultSlopeContact= 2.27526997256326
AIAdultLD50Contact= 0.00389746449654922
AILarvaSlope= 0.994620486721396
AILarvaLD50= 0.0505629214458168
AIKOW= 6.75512504670769
AIKOC= 27.5258882506751
AIHalfLife= 2.35065109678544
EAppRate= 6.55685006873682
