ICQueenStrength= 4.80630855448544
RQWkrDrnRatio= 4.12157715205103
ICDroneMiteSurvivorship= 69.2030395148322
ICWorkerMiteSurvivorship= 37.8407354000956
ICForagerLifespan= 13.2808707356453
ImmType= Polynomial
AIAdultSlope= 8.70244352612644
AIAdultLD50= 0.355999890831299
AIAdultSlopeContact= 2.855509284453
AIAdultLD50Contact= 0.0348313624504954
AILarvaSlope= 2.37208407139406
AILarvaLD50= 0.230615741014481
AIKOW= 3.17695485102013
AIKOC= 7.21340144635178
AIHalfLife= 4.12560451659374
EAppRate= 2.85887001547962
