ICQueenStrength= 2.21041247271933
RQWkrDrnRatio= 3.38191409409046
ICDroneMiteSurvivorship= 99.8291313881055
ICWorkerMiteSurvivorship= 28.3398241735995
ICForagerLifespan= 7.08637543674558
ImmType= Exponential
AIAdultSlope= 3.54308887597639
AIAdultLD50= 0.454272152506746
AIAdultSlopeContact= 0.164690389211755
AIAdultLD50Contact= 0.0123100075637922
AILarvaSlope= 2.42508228886873
AILarvaLD50= 0.249843586538918
AIKOW= 4.30782267777249
AIKOC= 15.3285306657199
AIHalfLife= 1.75881164032035
EAppRate= 0.123363989312202
