ICQueenStrength= 3.46953696012497
RQWkrDrnRatio= 3.12396346591413
ICDroneMiteSurvivorship= 18.0011393502355
ICWorkerMiteSurvivorship= 65.9107473911718
ICForagerLifespan= 11.4924260983244
ImmType= Polynomial
AIAdultSlope= 1.40675721657928
AIAdultLD50= 0.159019950660877
AIAdultSlopeContact= 3.72218283950351
AIAdultLD50Contact= 0.0254283772897907
AILarvaSlope= 1.61404114947654
AILarvaLD50= 0.177870968054049
AIKOW= 3.39571475796402
AIKOC= 9.92347536492161
AIHalfLife= 2.9254649928771
EAppRate= 0.346120811998844
