ICQueenStrength= 5.24093297682703
RQWkrDrnRatio= 3.61846422590315
ICDroneMiteSurvivorship= 66.3341278210282
ICWorkerMiteSurvivorship= 26.0301644913852
ICForagerLifespan= 13.8135818736628
ImmType= Tangent
AIAdultSlope= 1.19997849351726
AIAdultLD50= 0.0789230222580954
AIAdultSlopeContact= 0.938169105977286
AIAdultLD50Contact= 0.0278791537391953
AILarvaSlope= 0.605187867814675
AILarvaLD50= 0.14679613346234
AIKOW= 6.90488012973219
AIKOC= 28.9099177299067
AIHalfLife= 1.24083921546116
EAppRate= 0.511675653932616
