ICQueenStrength= 5.45079914527014
RQWkrDrnRatio= 3.91091625019908
ICDroneMiteSurvivorship= 2.73941035848111
ICWorkerMiteSurvivorship= 81.8201419664547
ICForagerLifespan= 9.35848361160606
ImmType= Tangent
AIAdultSlope= 1.88244722066447
AIAdultLD50= 0.227583687985316
AIAdultSlopeContact= 2.22089550961973
AIAdultLD50Contact= 0.0113841214566492
AILarvaSlope= 0.248156777629629
AILarvaLD50= 0.509565958427265
AIKOW= 3.99859519535676
AIKOC= 9.14300474803895
AIHalfLife= 3.13349157921039
EAppRate= 0.615052432776429
