ICQueenStrength= 5.92175238206983
RQWkrDrnRatio= 4.56729583628476
ICDroneMiteSurvivorship= 72.3191298544407
ICWorkerMiteSurvivorship= 88.2842106744647
ICForagerLifespan= 5.93091948144138
ImmType= Exponential
AIAdultSlope= 0.656828864011914
AIAdultLD50= 0.457503592828289
AIAdultSlopeContact= 0.267782450155355
AIAdultLD50Contact= 0.0102362704812549
AILarvaSlope= 4.87461974378675
AILarvaLD50= 0.700920156924985
AIKOW= 5.37463457137346
AIKOC= 10.8097501518205
AIHalfLife= 4.00326052331366
EAppRate= 2.02452431432903
