ICQueenStrength= 5.04963337117806
RQWkrDrnRatio= 4.67338621430099
ICDroneMiteSurvivorship= 65.0758682284504
ICWorkerMiteSurvivorship= 33.8860079646111
ICForagerLifespan= 8.98835883382708
ImmType= Logarithmic
AIAdultSlope= 2.46085750669241
AIAdultLD50= 0.349049934069626
AIAdultSlopeContact= 3.00148780839052
AIAdultLD50Contact= 0.0490132005535997
AILarvaSlope= 3.27713371803984
AILarvaLD50= 0.834775411617011
AIKOW= 5.08266507834196
AIKOC= 22.8924236621242
AIHalfLife= 3.91105229267851
EAppRate= 2.7100862399675
