ICQueenStrength= 5.55965595087036
RQWkrDrnRatio= 2.44833999313414
ICDroneMiteSurvivorship= 62.0472647249699
ICWorkerMiteSurvivorship= 55.5105163250118
ICForagerLifespan= 15.504055515863
ImmType= Logarithmic
AIAdultSlope= 0.327304607208353
AIAdultLD50= 0.236214117496274
AIAdultSlopeContact= 1.80204669957049
AIAdultLD50Contact= 0.0181542754755355
AILarvaSlope= 0.707345899054781
AILarvaLD50= 0.472206887905486
AIKOW= 4.57603134727105
AIKOC= 27.4191258486826
AIHalfLife= 1.94739355822094
EAppRate= 0.121677268203348
