ICQueenStrength= 2.35207392508164
RQWkrDrnRatio= 1.70792491082102
ICDroneMiteSurvivorship= 35.8239981113002
ICWorkerMiteSurvivorship= 39.4941366976127
ICForagerLifespan= 10.0574359381571
ImmType= Logarithmic
AIAdultSlope= 9.07169893849641
AIAdultLD50= 0.446698409621604
AIAdultSlopeContact= 3.92200487888418
AIAdultLD50Contact= 0.00330967147601768
AILarvaSlope= 1.25590324043296
AILarvaLD50= 0.693739861808717
AIKOW= 4.75358039652929
AIKOC= 7.97224713140167
AIHalfLife= 3.31531782750972
EAppRate= 3.27089422848076
