ICQueenStrength= 1.59860153007321
RQWkrDrnRatio= 4.33829408325255
ICDroneMiteSurvivorship= 2.65581842977554
ICWorkerMiteSurvivorship= 78.106591408141
ICForagerLifespan= 15.3681005267426
ImmType= Polynomial
AIAdultSlope= 6.43824547762051
AIAdultLD50= 0.0138937765732408
AIAdultSlopeContact= 1.86811616478022
AIAdultLD50Contact= 0.0119032445247285
AILarvaSlope= 1.56774735325016
AILarvaLD50= 0.106340754381381
AIKOW= 3.95412879949436
AIKOC= 18.0110537458677
AIHalfLife= 2.0424504368566
EAppRate= 5.21732003893703
