ICQueenStrength= 2.79492899915203
RQWkrDrnRatio= 1.90473799128085
ICDroneMiteSurvivorship= 57.8477474860847
ICWorkerMiteSurvivorship= 9.06829480081797
ICForagerLifespan= 4.32276082783937
ImmType= Sine
AIAdultSlope= 5.94183592358604
AIAdultLD50= 0.239529229700565
AIAdultSlopeContact= 1.09152044200106
AIAdultLD50Contact= 0.0302682991256006
AILarvaSlope= 2.20435209339485
AILarvaLD50= 0.318674249667674
AIKOW= 3.98811403056607
AIKOC= 16.5363899501972
AIHalfLife= 0.757074460852891
EAppRate= 3.6079867510125
