ICQueenStrength= 2.69610341778025
RQWkrDrnRatio= 4.45952373277396
ICDroneMiteSurvivorship= 0.115736247971654
ICWorkerMiteSurvivorship= 21.3279909919947
ICForagerLifespan= 7.54146919026971
ImmType= Cosine
AIAdultSlope= 4.53637717291713
AIAdultLD50= 0.0557016648817807
AIAdultSlopeContact= 0.444748870250769
AIAdultLD50Contact= 0.0396916758851148
AILarvaSlope= 6.87252977397293
AILarvaLD50= 0.240435113967396
AIKOW= 2.28741183318198
AIKOC= 23.3100607187953
AIHalfLife= 0.2619237836916
EAppRate= 7.66900313086808
