ICQueenStrength= 5.24046331550926
RQWkrDrnRatio= 4.66195338126272
ICDroneMiteSurvivorship= 96.0911595728248
ICWorkerMiteSurvivorship= 69.2207734799013
ICForagerLifespan= 11.1390008963645
ImmType= Sine
AIAdultSlope= 3.23554748796159
AIAdultLD50= 0.259583623614162
AIAdultSlopeContact= 0.891089913204778
AIAdultLD50Contact= 0.00157176906941459
AILarvaSlope= 2.22484151800163
AILarvaLD50= 0.796537902974524
AIKOW= 7.54663437837735
AIKOC= 29.5440334430896
AIHalfLife= 0.824391772039235
EAppRate= 4.4443459296599
