ICQueenStrength= 1.4116081725806
RQWkrDrnRatio= 1.93993017729372
ICDroneMiteSurvivorship= 83.4301989991218
ICWorkerMiteSurvivorship= 81.0994425788522
ICForagerLifespan= 14.6825582450256
ImmType= Cosine
AIAdultSlope= 2.35247549828142
AIAdultLD50= 0.274528994457796
AIAdultSlopeContact= 0.73760984788416
AIAdultLD50Contact= 0.00726438598940149
AILarvaSlope= 0.0546860575675964
AILarvaLD50= 0.275057050539181
AIKOW= 2.12849149666727
AIKOC= 23.0874765501358
AIHalfLife= 0.118938697269186
EAppRate= 6.38560778461397
