ICQueenStrength= 2.0863430716563
RQWkrDrnRatio= 2.57333466224372
ICDroneMiteSurvivorship= 76.6790233319625
ICWorkerMiteSurvivorship= 74.4813756318763
ICForagerLifespan= 14.1157601755112
ImmType= Sine
AIAdultSlope= 1.68105059169
AIAdultLD50= 0.440632277633995
AIAdultSlopeContact= 1.92903039058903
AIAdultLD50Contact= 0.0106015570578165
AILarvaSlope= 2.87355891349725
AILarvaLD50= 0.523610181477852
AIKOW= 2.66270209429786
AIKOC= 23.0534046958201
AIHalfLife= 3.49611589801498
EAppRate= 3.89262097422034
