ICQueenStrength= 5.86724872491322
RQWkrDrnRatio= 2.55423135776073
ICDroneMiteSurvivorship= 66.0609627375379
ICWorkerMiteSurvivorship= 73.880569008179
ICForagerLifespan= 5.13450674060732
ImmType= Polynomial
AIAdultSlope= 3.79754985147156
AIAdultLD50= 0.398120157653466
AIAdultSlopeContact= 0.456717209529597
AIAdultLD50Contact= 0.00168384326389059
AILarvaSlope= 0.944044786551967
AILarvaLD50= 0.21650804579258
AIKOW= 2.32722315611318
AIKOC= 9.39872097340412
AIHalfLife= 4.19118499965407
EAppRate= 0.57476083135698
