ICQueenStrength= 5.13062629057094
RQWkrDrnRatio= 4.12479025777429
ICDroneMiteSurvivorship= 84.4377937261015
ICWorkerMiteSurvivorship= 26.1514338664711
ICForagerLifespan= 9.05673474259675
ImmType= Sine
AIAdultSlope= 1.75614399369806
AIAdultLD50= 0.062896741903387
AIAdultSlopeContact= 2.64809246819001
AIAdultLD50Contact= 0.00629335070261732
AILarvaSlope= 6.77659888984635
AILarvaLD50= 0.593411658634432
AIKOW= 2.30148189421743
AIKOC= 12.4252337857615
AIHalfLife= 4.47279479005374
EAppRate= 2.88693255744874
