ICQueenStrength= 2.89180122688413
RQWkrDrnRatio= 3.23859461396933
ICDroneMiteSurvivorship= 16.727047925815
ICWorkerMiteSurvivorship= 16.0628126002848
ICForagerLifespan= 7.86909233219922
ImmType= Exponential
AIAdultSlope= 2.49319613171741
AIAdultLD50= 0.0270943626528606
AIAdultSlopeContact= 0.56056344184326
AIAdultLD50Contact= 0.0219619131763466
AILarvaSlope= 2.29831434064545
AILarvaLD50= 0.626485284394585
AIKOW= 5.16456944588572
AIKOC= 25.8787968207616
AIHalfLife= 2.62215379858389
EAppRate= 0.396955046360381
