ICQueenStrength= 4.46811183728278
RQWkrDrnRatio= 1.31975617166609
ICDroneMiteSurvivorship= 21.5219065314159
ICWorkerMiteSurvivorship= 61.9005111744627
ICForagerLifespan= 7.51144481357187
ImmType= Exponential
AIAdultSlope= 9.43416673224419
AIAdultLD50= 0.311829759739339
AIAdultSlopeContact= 0.552495903864037
AIAdultLD50Contact= 0.000167774071451277
AILarvaSlope= 0.622910277545452
AILarvaLD50= 0.0549261471256614
AIKOW= 7.87785151414573
AIKOC= 6.86516675748862
AIHalfLife= 2.97893591574393
EAppRate= 3.34448446054012
