ICQueenStrength= 4.16626687999815
RQWkrDrnRatio= 3.36145410034806
ICDroneMiteSurvivorship= 34.4567771535367
ICWorkerMiteSurvivorship= 51.0722620412707
ICForagerLifespan= 5.84063806384802
ImmType= Logarithmic
AIAdultSlope= 0.843308570031077
AIAdultLD50= 0.409220203757286
AIAdultSlopeContact= 0.301806783510838
AIAdultLD50Contact= 0.0348371178261004
AILarvaSlope= 2.68334823879413
AILarvaLD50= 0.174908042396419
AIKOW= 7.36979350773618
AIKOC= 15.0071443652268
AIHalfLife= 0.632516311015934
EAppRate= 4.45345879998058
