ICQueenStrength= 4.71129628852941
RQWkrDrnRatio= 3.85024119727314
ICDroneMiteSurvivorship= 90.6071168603376
ICWorkerMiteSurvivorship= 33.6747115012258
ICForagerLifespan= 12.213696507737
ImmType= Sine
AIAdultSlope= 1.16884198458167
AIAdultLD50= 0.293307990883477
AIAdultSlopeContact= 0.864720038285013
AIAdultLD50Contact= 0.0473110414226539
AILarvaSlope= 1.23085162644275
AILarvaLD50= 0.299851801595651
AIKOW= 4.87570293201134
AIKOC= 12.9087553836871
AIHalfLife= 4.22201978508383
EAppRate= 0.730136991478503
