ICQueenStrength= 5.49625734938309
RQWkrDrnRatio= 4.40386162698269
ICDroneMiteSurvivorship= 96.3939405744895
ICWorkerMiteSurvivorship= 22.8166910354048
ICForagerLifespan= 7.23245371133089
ImmType= Cosine
AIAdultSlope= 0.941121360927355
AIAdultLD50= 0.288507659453899
AIAdultSlopeContact= 0.72760252216598
AIAdultLD50Contact= 0.0100023650797084
AILarvaSlope= 1.13537746267393
AILarvaLD50= 0.442896506167017
AIKOW= 3.15794920967892
AIKOC= 10.0455329648685
AIHalfLife= 2.03591382829472
EAppRate= 0.623062158934772
