ICQueenStrength= 3.6863122661598
RQWkrDrnRatio= 2.91596422344446
ICDroneMiteSurvivorship= 63.9652197947726
ICWorkerMiteSurvivorship= 21.7601207783446
ICForagerLifespan= 8.79969734791666
ImmType= Logarithmic
AIAdultSlope= 9.19184396509081
AIAdultLD50= 0.449226461700164
AIAdultSlopeContact= 0.497380454137456
AIAdultLD50Contact= 0.00831644752761349
AILarvaSlope= 0.268389072734863
AILarvaLD50= 0.129132312722504
AIKOW= 4.84963491139933
AIKOC= 15.6467969075311
AIHalfLife= 4.24869130249135
EAppRate= 4.9092048802413
