ICQueenStrength= 1.93055902631022
RQWkrDrnRatio= 4.85188304353505
ICDroneMiteSurvivorship= 33.4317467175424
ICWorkerMiteSurvivorship= 61.9046840351075
ICForagerLifespan= 15.5661447066814
ImmType= Exponential
AIAdultSlope= 0.51400427473709
AIAdultLD50= 0.309963646694086
AIAdultSlopeContact= 1.71886506878072
AIAdultLD50Contact= 0.00534311404917389
AILarvaSlope= 0.843357003293931
AILarvaLD50= 0.0220977104734629
AIKOW= 2.67743529938161
AIKOC= 26.1639986315276
AIHalfLife= 2.64955246704631
EAppRate= 4.97278801398352
