ICQueenStrength= 5.80902157840319
RQWkrDrnRatio= 4.98057561740279
ICDroneMiteSurvivorship= 73.757283622399
ICWorkerMiteSurvivorship= 96.7709525488317
ICForagerLifespan= 15.5035691782832
ImmType= Logarithmic
AIAdultSlope= 7.63010526075959
AIAdultLD50= 0.123413852415979
AIAdultSlopeContact= 1.26326672275783
AIAdultLD50Contact= 0.0161762032890692
AILarvaSlope= 2.08988506933674
AILarvaLD50= 0.793681163457222
AIKOW= 7.8379438216798
AIKOC= 18.6148433724884
AIHalfLife= 4.45453718421049
EAppRate= 1.80338071193546
