ICQueenStrength= 3.8415456879884
RQWkrDrnRatio= 3.64103583432734
ICDroneMiteSurvivorship= 85.3476597927511
ICWorkerMiteSurvivorship= 35.863742721267
ICForagerLifespan= 10.2435043007135
ImmType= Tangent
AIAdultSlope= 2.43939693639753
AIAdultLD50= 0.357984156697057
AIAdultSlopeContact= 3.21475343335653
AIAdultLD50Contact= 0.0274965867400169
AILarvaSlope= 0.394490228267387
AILarvaLD50= 0.0442327445140108
AIKOW= 4.73958664853126
AIKOC= 20.2543850650545
AIHalfLife= 0.642269107047468
EAppRate= 1.28269794862717
