ICQueenStrength= 1.64639645977877
RQWkrDrnRatio= 3.48944388423115
ICDroneMiteSurvivorship= 79.070024844259
ICWorkerMiteSurvivorship= 28.2381245866418
ICForagerLifespan= 4.74454244785011
ImmType= Polynomial
AIAdultSlope= 7.78160919668153
AIAdultLD50= 0.154553042841144
AIAdultSlopeContact= 3.57547748238081
AIAdultLD50Contact= 0.031123163504526
AILarvaSlope= 2.92594832601026
AILarvaLD50= 0.0312083522323519
AIKOW= 2.87885807361454
AIKOC= 24.420117593836
AIHalfLife= 3.2707802799996
EAppRate= 5.94626446953043
