ICQueenStrength= 5.15000401437283
RQWkrDrnRatio= 1.43802267685533
ICDroneMiteSurvivorship= 58.1509779207408
ICWorkerMiteSurvivorship= 3.01610499154776
ICForagerLifespan= 14.4049934716895
ImmType= Polynomial
AIAdultSlope= 6.95126396371052
AIAdultLD50= 0.109840490040369
AIAdultSlopeContact= 3.82134116284316
AIAdultLD50Contact= 0.00789861140074208
AILarvaSlope= 2.65056962147355
AILarvaLD50= 0.0677278462797403
AIKOW= 3.82010272936895
AIKOC= 9.63132925215177
AIHalfLife= 2.47737875091843
EAppRate= 8.82188939955086
