ICQueenStrength= 2.72844816115685
RQWkrDrnRatio= 2.11479366384447
ICDroneMiteSurvivorship= 67.1277505811304
ICWorkerMiteSurvivorship= 3.94159937277436
ICForagerLifespan= 5.78859008848667
ImmType= Cosine
AIAdultSlope= 0.625091358076315
AIAdultLD50= 0.484162808163092
AIAdultSlopeContact= 3.49150616995292
AIAdultLD50Contact= 0.015234904945828
AILarvaSlope= 2.18923620544374
AILarvaLD50= 0.567313480353914
AIKOW= 2.7529492424801
AIKOC= 12.4010406737216
AIHalfLife= 4.61159537080675
EAppRate= 2.35397396376356
