ICQueenStrength= 5.89971342380159
RQWkrDrnRatio= 4.1707281190902
ICDroneMiteSurvivorship= 71.6029191622511
ICWorkerMiteSurvivorship= 15.3029282810166
ICForagerLifespan= 9.24167046137154
ImmType= Tangent
AIAdultSlope= 3.73925103907473
AIAdultLD50= 0.206688974518329
AIAdultSlopeContact= 2.79371713845525
AIAdultLD50Contact= 0.0165322262211703
AILarvaSlope= 1.45249096807092
AILarvaLD50= 0.382952472777106
AIKOW= 4.09489995054901
AIKOC= 8.96640797844157
AIHalfLife= 2.44077461771667
EAppRate= 4.95634974213317
