ICQueenStrength= 4.53261707932688
RQWkrDrnRatio= 1.11415093950927
ICDroneMiteSurvivorship= 67.0693304855376
ICWorkerMiteSurvivorship= 29.759868979454
ICForagerLifespan= 9.82276626676321
ImmType= Polynomial
AIAdultSlope= 3.75808437354863
AIAdultLD50= 0.483020863030106
AIAdultSlopeContact= 2.72355502975406
AIAdultLD50Contact= 0.0300161417690106
AILarvaSlope= 3.34080096734688
AILarvaLD50= 0.0907083335565403
AIKOW= 4.14263180317357
AIKOC= 10.6849550048355
AIHalfLife= 2.72951410384849
EAppRate= 7.21726263640448
