ICQueenStrength= 1.39174859644845
RQWkrDrnRatio= 3.59866014495492
ICDroneMiteSurvivorship= 13.6603845981881
ICWorkerMiteSurvivorship= 96.3429246330634
ICForagerLifespan= 15.2631298098713
ImmType= Sine
AIAdultSlope= 2.92839290730888
AIAdultLD50= 0.129066753666848
AIAdultSlopeContact= 1.94376527145971
AIAdultLD50Contact= 0.0101741071441211
AILarvaSlope= 1.69538669604808
AILarvaLD50= 0.85159979313612
AIKOW= 7.91697272006422
AIKOC= 26.7112970654853
AIHalfLife= 2.62547535239719
EAppRate= 9.86473937751725
