ICQueenStrength= 2.32714448613115
RQWkrDrnRatio= 4.13363153673708
ICDroneMiteSurvivorship= 52.3431827314198
ICWorkerMiteSurvivorship= 38.1991271860898
ICForagerLifespan= 6.45015814341605
ImmType= Cosine
AIAdultSlope= 4.60798386251554
AIAdultLD50= 0.0254842775175348
AIAdultSlopeContact= 1.72702183811227
AIAdultLD50Contact= 0.0259171052603051
AILarvaSlope= 1.30993530387059
AILarvaLD50= 0.638793260534294
AIKOW= 5.1666678218171
AIKOC= 7.84528042539023
AIHalfLife= 2.66619088710286
EAppRate= 2.8313171537593
