ICQueenStrength= 2.96006530197337
RQWkrDrnRatio= 1.61568453535438
ICDroneMiteSurvivorship= 14.9699613684788
ICWorkerMiteSurvivorship= 45.82191221416
ICForagerLifespan= 9.92730202432722
ImmType= Tangent
AIAdultSlope= 5.35392193356529
AIAdultLD50= 0.004033237346448
AIAdultSlopeContact= 0.548168100009207
AIAdultLD50Contact= 0.048236626770813
AILarvaSlope= 7.14775457512587
AILarvaLD50= 0.704281640821137
AIKOW= 4.65548084117472
AIKOC= 19.520406012889
AIHalfLife= 4.63408815558068
EAppRate= 8.98503196891397
