ICQueenStrength= 2.49589571170509
RQWkrDrnRatio= 3.25774292461574
ICDroneMiteSurvivorship= 77.9346234397963
ICWorkerMiteSurvivorship= 91.1204367177561
ICForagerLifespan= 14.1165640642866
ImmType= Logarithmic
AIAdultSlope= 6.81819099001586
AIAdultLD50= 0.212034038035199
AIAdultSlopeContact= 1.44252524885349
AIAdultLD50Contact= 0.0336966680712067
AILarvaSlope= 0.722960387729108
AILarvaLD50= 0.103387008374557
AIKOW= 6.57349902158603
AIKOC= 12.9124141542707
AIHalfLife= 2.32232532347552
EAppRate= 1.14910702221096
