ICQueenStrength= 4.11498655821197
RQWkrDrnRatio= 2.76665117591619
ICDroneMiteSurvivorship= 44.8834580369294
ICWorkerMiteSurvivorship= 74.2374401073903
ICForagerLifespan= 9.56605321541429
ImmType= Sine
AIAdultSlope= 4.35194791527465
AIAdultLD50= 0.426141168340109
AIAdultSlopeContact= 1.24516325539676
AIAdultLD50Contact= 0.0200714745791629
AILarvaSlope= 0.57700973963365
AILarvaLD50= 0.856094829691574
AIKOW= 5.05121523188427
AIKOC= 19.6779857459478
AIHalfLife= 2.33801385969855
EAppRate= 3.36642359616235
