ICQueenStrength= 3.42402870440856
RQWkrDrnRatio= 3.01024357322603
ICDroneMiteSurvivorship= 73.1142489239573
ICWorkerMiteSurvivorship= 74.6779691660777
ICForagerLifespan= 7.53392672352493
ImmType= Sine
AIAdultSlope= 0.520987512529828
AIAdultLD50= 0.0143565323669463
AIAdultSlopeContact= 0.294007207690738
AIAdultLD50Contact= 0.0271223863004707
AILarvaSlope= 1.90037390859798
AILarvaLD50= 0.37091923111584
AIKOW= 4.62420401815325
AIKOC= 11.4951376931276
AIHalfLife= 2.44827734306455
EAppRate= 0.255610371846706
