ICQueenStrength= 1.66815052763559
RQWkrDrnRatio= 1.61035987082869
ICDroneMiteSurvivorship= 27.2536995122209
ICWorkerMiteSurvivorship= 15.7431608298793
ICForagerLifespan= 9.37879919912666
ImmType= Logarithmic
AIAdultSlope= 2.43531355867162
AIAdultLD50= 0.490277946344577
AIAdultSlopeContact= 3.63529178843368
AIAdultLD50Contact= 0.0138942979509011
AILarvaSlope= 5.99473786540329
AILarvaLD50= 0.286683906102553
AIKOW= 2.20222781412303
AIKOC= 23.7101093761157
AIHalfLife= 3.46414903993718
EAppRate= 5.29872784391046
