ICQueenStrength= 5.90396982640959
RQWkrDrnRatio= 4.4936346989125
ICDroneMiteSurvivorship= 71.3300083763897
ICWorkerMiteSurvivorship= 75.6482092896476
ICForagerLifespan= 9.28499573096633
ImmType= Cosine
AIAdultSlope= 2.76018765305635
AIAdultLD50= 0.264030643622391
AIAdultSlopeContact= 1.13425065084826
AIAdultLD50Contact= 0.0295344886719249
AILarvaSlope= 2.44449246828444
AILarvaLD50= 0.693698910134845
AIKOW= 4.15324706863612
AIKOC= 18.0905802769121
AIHalfLife= 2.59198487270623
EAppRate= 5.09055058239028
