ICQueenStrength= 4.68673209566623
RQWkrDrnRatio= 3.92580637335777
ICDroneMiteSurvivorship= 14.4852561410517
ICWorkerMiteSurvivorship= 96.4121490018442
ICForagerLifespan= 10.945800579153
ImmType= Logarithmic
AIAdultSlope= 0.722050210658926
AIAdultLD50= 0.102904226398095
AIAdultSlopeContact= 3.03273130564252
AIAdultLD50Contact= 0.0439198252395727
AILarvaSlope= 1.51405411036685
AILarvaLD50= 0.40398201153148
AIKOW= 6.03027489408851
AIKOC= 12.9694805084728
AIHalfLife= 2.7916921605356
EAppRate= 6.05896526016295
