ICQueenStrength= 3.66022422700189
RQWkrDrnRatio= 1.98698272369802
ICDroneMiteSurvivorship= 31.1574999941513
ICWorkerMiteSurvivorship= 30.2453190786764
ICForagerLifespan= 4.19651019945741
ImmType= Sine
AIAdultSlope= 1.91304401891073
AIAdultLD50= 0.383615039521828
AIAdultSlopeContact= 1.93140267377486
AIAdultLD50Contact= 0.0224198105977848
AILarvaSlope= 3.14272318291478
AILarvaLD50= 0.603663488756865
AIKOW= 6.1864258707501
AIKOC= 13.0883240443654
AIHalfLife= 1.00549415685236
EAppRate= 0.553782864147797
