ICQueenStrength= 3.54925214801915
RQWkrDrnRatio= 2.27687024232
ICDroneMiteSurvivorship= 40.6013597501442
ICWorkerMiteSurvivorship= 83.7402485776693
ICForagerLifespan= 10.6561415717006
ImmType= Polynomial
AIAdultSlope= 3.29232362797484
AIAdultLD50= 0.0745937117608264
AIAdultSlopeContact= 2.30677142618224
AIAdultLD50Contact= 0.00594020033022389
AILarvaSlope= 2.33413508161902
AILarvaLD50= 0.739025980210863
AIKOW= 4.21358626335859
AIKOC= 21.1190220329445
AIHalfLife= 2.99056979129091
EAppRate= 2.79559321468696
