ICQueenStrength= 4.85697745950893
RQWkrDrnRatio= 4.77519092615694
ICDroneMiteSurvivorship= 1.92602637689561
ICWorkerMiteSurvivorship= 6.59932144917548
ICForagerLifespan= 15.4375448934734
ImmType= Polynomial
AIAdultSlope= 8.04817649070174
AIAdultLD50= 0.296081311185844
AIAdultSlopeContact= 1.7279284488922
AIAdultLD50Contact= 0.0262224994483404
AILarvaSlope= 0.838809723500162
AILarvaLD50= 0.238593131862581
AIKOW= 4.65082906652242
AIKOC= 13.5940257995389
AIHalfLife= 3.22957835160196
EAppRate= 6.36171986814588
