ICQueenStrength= 3.34808273031376
RQWkrDrnRatio= 3.36365844961256
ICDroneMiteSurvivorship= 35.4033318115398
ICWorkerMiteSurvivorship= 96.7110372846946
ICForagerLifespan= 4.3522746488452
ImmType= Exponential
AIAdultSlope= 1.87485803824151
AIAdultLD50= 0.136175445048138
AIAdultSlopeContact= 3.25356675019953
AIAdultLD50Contact= 0.0497087803203613
AILarvaSlope= 0.249734984152019
AILarvaLD50= 0.404348573950119
AIKOW= 3.62513610348105
AIKOC= 11.7811106913723
AIHalfLife= 4.79932522168383
EAppRate= 0.882209970150143
