ICQueenStrength= 1.30475227860734
RQWkrDrnRatio= 3.60383895691484
ICDroneMiteSurvivorship= 88.6794011341408
ICWorkerMiteSurvivorship= 29.9417686648667
ICForagerLifespan= 13.7457047747448
ImmType= Exponential
AIAdultSlope= 2.04880167696392
AIAdultLD50= 0.0231925450498238
AIAdultSlopeContact= 1.27648186059901
AIAdultLD50Contact= 0.0463961674249731
AILarvaSlope= 0.66739561939612
AILarvaLD50= 0.202284136530943
AIKOW= 5.10194238973781
AIKOC= 29.6061707905028
AIHalfLife= 1.15617891773582
EAppRate= 3.17687190137804
