ICQueenStrength= 1.32136325957254
RQWkrDrnRatio= 3.21436547022313
ICDroneMiteSurvivorship= 95.2211213996634
ICWorkerMiteSurvivorship= 42.2347031068057
ICForagerLifespan= 6.42098311614245
ImmType= Logarithmic
AIAdultSlope= 1.88726228234824
AIAdultLD50= 0.117207886301912
AIAdultSlopeContact= 0.737747901279945
AIAdultLD50Contact= 0.00137930075870827
AILarvaSlope= 3.27634075284004
AILarvaLD50= 0.378045345610008
AIKOW= 4.36494604917243
AIKOC= 10.2695415040944
AIHalfLife= 2.61712786625139
EAppRate= 0.252494856412523
