ICQueenStrength= 1.85782831534743
RQWkrDrnRatio= 1.0904750013724
ICDroneMiteSurvivorship= 23.344929353334
ICWorkerMiteSurvivorship= 13.2857529446483
ICForagerLifespan= 10.5990282585844
ImmType= Exponential
AIAdultSlope= 8.64820778369904
AIAdultLD50= 0.122517001000233
AIAdultSlopeContact= 3.57112679101992
AIAdultLD50Contact= 0.00105739189311862
AILarvaSlope= 1.14599194377661
AILarvaLD50= 0.140023482567631
AIKOW= 7.14056865358725
AIKOC= 22.0227317954414
AIHalfLife= 1.58555181929842
EAppRate= 2.98051807330921
