ICQueenStrength= 2.95744700380601
RQWkrDrnRatio= 1.46367347799242
ICDroneMiteSurvivorship= 62.4723577639088
ICWorkerMiteSurvivorship= 98.4162826091051
ICForagerLifespan= 7.24746979866177
ImmType= Sine
AIAdultSlope= 3.9211831256398
AIAdultLD50= 0.479417222668417
AIAdultSlopeContact= 1.65803824061528
AIAdultLD50Contact= 0.046488449384924
AILarvaSlope= 0.562243260955438
AILarvaLD50= 0.511804006621242
AIKOW= 7.08911493560299
AIKOC= 28.792044701986
AIHalfLife= 3.0449411959853
EAppRate= 8.37144362507388
