ICQueenStrength= 5.23672742326744
RQWkrDrnRatio= 1.54140870366246
ICDroneMiteSurvivorship= 39.0342933125794
ICWorkerMiteSurvivorship= 21.6109154047444
ICForagerLifespan= 14.571221774444
ImmType= Exponential
AIAdultSlope= 3.23106904454995
AIAdultLD50= 0.241793503635563
AIAdultSlopeContact= 1.69595778996125
AIAdultLD50Contact= 0.00751119201304391
AILarvaSlope= 2.30339730731212
AILarvaLD50= 0.411131329229102
AIKOW= 4.77734646154568
AIKOC= 12.4102565413341
AIHalfLife= 0.585192759754136
EAppRate= 0.250903747230768
