ICQueenStrength= 2.24691739678383
RQWkrDrnRatio= 3.48363837134093
ICDroneMiteSurvivorship= 63.568983739242
ICWorkerMiteSurvivorship= 11.9756924454123
ICForagerLifespan= 5.55158484168351
ImmType= Sine
AIAdultSlope= 3.4838051166432
AIAdultLD50= 0.372644652496092
AIAdultSlopeContact= 0.000457448163069785
AIAdultLD50Contact= 0.000340386375319213
AILarvaSlope= 3.3846611849498
AILarvaLD50= 0.155139141459949
AIKOW= 2.27580176852643
AIKOC= 23.4578949934803
AIHalfLife= 1.98382289381698
EAppRate= 0.458678345568478
