ICQueenStrength= 1.24521794752218
RQWkrDrnRatio= 4.51719912700355
ICDroneMiteSurvivorship= 38.2912174100056
ICWorkerMiteSurvivorship= 63.8249050593004
ICForagerLifespan= 8.63396213855594
ImmType= Cosine
AIAdultSlope= 3.59641702129506
AIAdultLD50= 0.0995459100231528
AIAdultSlopeContact= 0.458066910824273
AIAdultLD50Contact= 0.0342666059965268
AILarvaSlope= 0.336767021380365
AILarvaLD50= 0.441858026082627
AIKOW= 7.72977091884241
AIKOC= 8.60934369382448
AIHalfLife= 0.416942636948079
EAppRate= 9.2484539328143
