ICQueenStrength= 2.51264119776897
RQWkrDrnRatio= 3.88218830619007
ICDroneMiteSurvivorship= 82.8202613629401
ICWorkerMiteSurvivorship= 69.1876271739602
ICForagerLifespan= 8.73187629878521
ImmType= Cosine
AIAdultSlope= 3.42727656998439
AIAdultLD50= 0.183051508618519
AIAdultSlopeContact= 3.80497664725408
AIAdultLD50Contact= 0.0302312431973405
AILarvaSlope= 0.271206442918628
AILarvaLD50= 0.790561944223009
AIKOW= 6.09312770841643
AIKOC= 10.6370087782852
AIHalfLife= 4.69288766151294
EAppRate= 7.60320194531232
