ICQueenStrength= 2.69343374902382
RQWkrDrnRatio= 4.90778310131282
ICDroneMiteSurvivorship= 72.0423582242802
ICWorkerMiteSurvivorship= 92.7431873278692
ICForagerLifespan= 15.8614200334996
ImmType= Tangent
AIAdultSlope= 3.27848387468839
AIAdultLD50= 0.120882923831232
AIAdultSlopeContact= 0.477790611942764
AIAdultLD50Contact= 0.02905922801001
AILarvaSlope= 1.98190779048018
AILarvaLD50= 0.00790251970756799
AIKOW= 7.42645144881681
AIKOC= 11.0664247488603
AIHalfLife= 4.70100212842226
EAppRate= 0.0995686013717204
