ICQueenStrength= 5.40801549120806
RQWkrDrnRatio= 3.85563185811043
ICDroneMiteSurvivorship= 62.920905998908
ICWorkerMiteSurvivorship= 44.8330585844815
ICForagerLifespan= 8.80964467208833
ImmType= Cosine
AIAdultSlope= 3.42962407339364
AIAdultLD50= 0.266969796968624
AIAdultSlopeContact= 0.391200367833953
AIAdultLD50Contact= 0.0231843448709697
AILarvaSlope= 2.10708495248109
AILarvaLD50= 0.706102812336758
AIKOW= 7.5180537076667
AIKOC= 24.8739004845265
AIHalfLife= 0.373609946109354
EAppRate= 0.813560108654201
