ICQueenStrength= 5.64109592954628
RQWkrDrnRatio= 4.92181979306042
ICDroneMiteSurvivorship= 48.559669801034
ICWorkerMiteSurvivorship= 74.6559615712613
ICForagerLifespan= 13.4296359410509
ImmType= Sine
AIAdultSlope= 8.13618468586355
AIAdultLD50= 0.115435884101316
AIAdultSlopeContact= 0.83566100721946
AIAdultLD50Contact= 0.0217089385609142
AILarvaSlope= 8.35943117272109
AILarvaLD50= 0.183120260643773
AIKOW= 7.26385156018659
AIKOC= 23.4783838922158
AIHalfLife= 1.11360327689908
EAppRate= 4.48739791288972
