ICQueenStrength= 2.06883044703864
RQWkrDrnRatio= 1.36648279614747
ICDroneMiteSurvivorship= 26.8702877918258
ICWorkerMiteSurvivorship= 74.3491458008066
ICForagerLifespan= 8.96599888894707
ImmType= Tangent
AIAdultSlope= 9.23482760321349
AIAdultLD50= 0.307950235903263
AIAdultSlopeContact= 3.80667411913862
AIAdultLD50Contact= 0.00460789024364203
AILarvaSlope= 2.04942507632077
AILarvaLD50= 0.0517494883853942
AIKOW= 3.0033862083219
AIKOC= 5.46065802453086
AIHalfLife= 0.580810162937269
EAppRate= 0.00625514425337315
