ICQueenStrength= 1.77589272288606
RQWkrDrnRatio= 3.42679772991687
ICDroneMiteSurvivorship= 48.2676618266851
ICWorkerMiteSurvivorship= 54.5897580450401
ICForagerLifespan= 8.46290490962565
ImmType= Tangent
AIAdultSlope= 0.440132704682183
AIAdultLD50= 0.180065537220798
AIAdultSlopeContact= 0.445536712689791
AIAdultLD50Contact= 0.0237345407484099
AILarvaSlope= 0.166383411223069
AILarvaLD50= 0.665622869459912
AIKOW= 4.15951202996075
AIKOC= 12.1254050882999
AIHalfLife= 1.24230872024782
EAppRate= 0.525983142899349
