ICQueenStrength= 5.72823454882018
RQWkrDrnRatio= 4.13741906546056
ICDroneMiteSurvivorship= 30.2690391195938
ICWorkerMiteSurvivorship= 3.38885171804577
ICForagerLifespan= 12.4172635795549
ImmType= Sine
AIAdultSlope= 1.62827914174413
AIAdultLD50= 0.118069911259227
AIAdultSlopeContact= 1.98854658900294
AIAdultLD50Contact= 0.0147690325160511
AILarvaSlope= 2.29515725946985
AILarvaLD50= 0.0295739079359919
AIKOW= 3.84472508821636
AIKOC= 22.6495531923138
AIHalfLife= 1.21671987464651
EAppRate= 0.218139957496896
