ICQueenStrength= 1.71329288068227
RQWkrDrnRatio= 3.57688435819
ICDroneMiteSurvivorship= 65.4752376722172
ICWorkerMiteSurvivorship= 27.5192474015057
ICForagerLifespan= 13.9214893160388
ImmType= Exponential
AIAdultSlope= 1.88243396580219
AIAdultLD50= 0.408637435757555
AIAdultSlopeContact= 2.64781485252315
AIAdultLD50Contact= 0.0177181751467288
AILarvaSlope= 7.1398568036966
AILarvaLD50= 0.129229203332216
AIKOW= 5.94880101410672
AIKOC= 20.8452378353104
AIHalfLife= 2.17381723807193
EAppRate= 4.55922578461468
