ICQueenStrength= 1.84673680830747
RQWkrDrnRatio= 1.35394708719105
ICDroneMiteSurvivorship= 20.6014249939471
ICWorkerMiteSurvivorship= 88.1134937284514
ICForagerLifespan= 6.35622733738273
ImmType= Exponential
AIAdultSlope= 2.94401468384312
AIAdultLD50= 0.494683891534805
AIAdultSlopeContact= 0.449566081326921
AIAdultLD50Contact= 0.0110388844739646
AILarvaSlope= 2.782997975545
AILarvaLD50= 0.38045458747074
AIKOW= 6.57105070957914
AIKOC= 7.91514945565723
AIHalfLife= 0.4035424743779
EAppRate= 0.664371952880174
