ICQueenStrength= 2.09404720249586
RQWkrDrnRatio= 2.8433010596782
ICDroneMiteSurvivorship= 79.9919574521482
ICWorkerMiteSurvivorship= 80.0354881910607
ICForagerLifespan= 10.0753341456875
ImmType= Exponential
AIAdultSlope= 3.12172093661502
AIAdultLD50= 0.275058126891963
AIAdultSlopeContact= 0.501968231988139
AIAdultLD50Contact= 0.0218650391907431
AILarvaSlope= 8.56997934868559
AILarvaLD50= 0.520675797038712
AIKOW= 4.30374830029905
AIKOC= 13.185202680761
AIHalfLife= 1.9537768792361
EAppRate= 8.22383645223454
