ICQueenStrength= 1.60314334346913
RQWkrDrnRatio= 2.48694099765271
ICDroneMiteSurvivorship= 95.2336684800684
ICWorkerMiteSurvivorship= 68.0688137887046
ICForagerLifespan= 14.8058627098799
ImmType= Sine
AIAdultSlope= 0.0974099193653092
AIAdultLD50= 0.427599749760702
AIAdultSlopeContact= 2.49267235068837
AIAdultLD50Contact= 0.0179206669563428
AILarvaSlope= 1.92917086048983
AILarvaLD50= 0.164337287563831
AIKOW= 5.61197434552014
AIKOC= 26.816524193855
AIHalfLife= 2.78855740558356
EAppRate= 9.92860247381032
