ICQueenStrength= 3.73924083448946
RQWkrDrnRatio= 4.56482949573547
ICDroneMiteSurvivorship= 12.7797291381285
ICWorkerMiteSurvivorship= 43.5977436602116
ICForagerLifespan= 6.15488589834422
ImmType= Sine
AIAdultSlope= 3.77999256768264
AIAdultLD50= 0.0697856657207012
AIAdultSlopeContact= 0.100222284465563
AIAdultLD50Contact= 0.00561022370820865
AILarvaSlope= 2.48643263308331
AILarvaLD50= 0.85453292070888
AIKOW= 3.07960481522605
AIKOC= 11.1556684027892
AIHalfLife= 4.60361611912958
EAppRate= 0.218358128331602
