ICQueenStrength= 2.49935766472481
RQWkrDrnRatio= 3.20025057625026
ICDroneMiteSurvivorship= 93.8786519225687
ICWorkerMiteSurvivorship= 3.03904297761619
ICForagerLifespan= 7.68985591921955
ImmType= Cosine
AIAdultSlope= 2.52336360281333
AIAdultLD50= 0.0968158373143524
AIAdultSlopeContact= 2.11346277591772
AIAdultLD50Contact= 0.0480602617724799
AILarvaSlope= 5.18587114522234
AILarvaLD50= 0.623968960158527
AIKOW= 3.04959701793268
AIKOC= 5.39155093836598
AIHalfLife= 4.54098386107944
EAppRate= 4.71257478930056
