ICQueenStrength= 1.38959812256508
RQWkrDrnRatio= 4.99233209341764
ICDroneMiteSurvivorship= 80.4554321337491
ICWorkerMiteSurvivorship= 7.31510866899043
ICForagerLifespan= 10.0730678271502
ImmType= Exponential
AIAdultSlope= 9.53213613945991
AIAdultLD50= 0.372843648074195
AIAdultSlopeContact= 1.58104085641913
AIAdultLD50Contact= 0.0483483952353709
AILarvaSlope= 0.00299598323181272
AILarvaLD50= 0.601654734020121
AIKOW= 4.17051683459431
AIKOC= 27.9164339834824
AIHalfLife= 2.75049374438822
EAppRate= 6.11396066844463
