ICQueenStrength= 5.44626183132641
RQWkrDrnRatio= 4.12355498597026
ICDroneMiteSurvivorship= 64.2504445044324
ICWorkerMiteSurvivorship= 51.7440845724195
ICForagerLifespan= 12.2247488796711
ImmType= Tangent
AIAdultSlope= 5.27083540568128
AIAdultLD50= 0.35663466854021
AIAdultSlopeContact= 1.93115263419924
AIAdultLD50Contact= 0.0337417184258811
AILarvaSlope= 2.43972951569594
AILarvaLD50= 0.835089252702892
AIKOW= 3.25522773107514
AIKOC= 21.1763685580809
AIHalfLife= 3.25967114418745
EAppRate= 6.26693393336609
