ICQueenStrength= 2.06486146454699
RQWkrDrnRatio= 4.30042911507189
ICDroneMiteSurvivorship= 17.7665913011879
ICWorkerMiteSurvivorship= 58.2370009506121
ICForagerLifespan= 9.99298482201993
ImmType= Cosine
AIAdultSlope= 3.46537937177345
AIAdultLD50= 0.272707630647346
AIAdultSlopeContact= 3.6006689668796
AIAdultLD50Contact= 0.0304562041652389
AILarvaSlope= 3.34197055082768
AILarvaLD50= 0.135762128443457
AIKOW= 7.30594092793763
AIKOC= 5.05914872162975
AIHalfLife= 1.14321861998178
EAppRate= 7.16558226849884
