ICQueenStrength= 4.59052937244996
RQWkrDrnRatio= 2.00125163327903
ICDroneMiteSurvivorship= 81.1417795717716
ICWorkerMiteSurvivorship= 86.9299752404913
ICForagerLifespan= 9.93721491005272
ImmType= Exponential
AIAdultSlope= 9.83709538821131
AIAdultLD50= 0.0279718975070864
AIAdultSlopeContact= 1.95329718068009
AIAdultLD50Contact= 0.00533375629456714
AILarvaSlope= 2.69639441915788
AILarvaLD50= 0.0777542809490114
AIKOW= 5.79951999336481
AIKOC= 25.9148719848599
AIHalfLife= 1.38485299772583
EAppRate= 2.17731716111302
