ICQueenStrength= 4.31682544783689
RQWkrDrnRatio= 1.90180999785662
ICDroneMiteSurvivorship= 84.2331039719284
ICWorkerMiteSurvivorship= 50.3333984408528
ICForagerLifespan= 7.2694148812443
ImmType= Logarithmic
AIAdultSlope= 1.62805949928006
AIAdultLD50= 0.16994638054166
AIAdultSlopeContact= 2.20759149271064
AIAdultLD50Contact= 0.0245183313963935
AILarvaSlope= 2.51086867456324
AILarvaLD50= 0.883237630105577
AIKOW= 2.93589761899784
AIKOC= 26.2291663920041
AIHalfLife= 0.498026649001986
EAppRate= 0.534290701686405
