ICQueenStrength= 4.77499556867406
RQWkrDrnRatio= 3.46942325402051
ICDroneMiteSurvivorship= 74.9343426665291
ICWorkerMiteSurvivorship= 36.5448524011299
ICForagerLifespan= 11.2047925973311
ImmType= Sine
AIAdultSlope= 2.27122775046155
AIAdultLD50= 0.45459655940067
AIAdultSlopeContact= 2.50152537491871
AIAdultLD50Contact= 0.0354601302067749
AILarvaSlope= 1.99728181776591
AILarvaLD50= 0.161297792592086
AIKOW= 3.4596800240688
AIKOC= 20.6431652430911
AIHalfLife= 3.2665566157084
EAppRate= 8.31701445393264
