ICQueenStrength= 4.6149134801235
RQWkrDrnRatio= 1.79127060901374
ICDroneMiteSurvivorship= 75.9954866720363
ICWorkerMiteSurvivorship= 83.1756494706497
ICForagerLifespan= 8.84462911821902
ImmType= Logarithmic
AIAdultSlope= 0.698179814498872
AIAdultLD50= 0.417276843101718
AIAdultSlopeContact= 3.90388276332524
AIAdultLD50Contact= 0.0162785515654832
AILarvaSlope= 2.58416575980373
AILarvaLD50= 0.538278589770198
AIKOW= 3.68617584509775
AIKOC= 18.3811500971206
AIHalfLife= 4.16626434889622
EAppRate= 9.44558915914968
