ICQueenStrength= 4.5419840645045
RQWkrDrnRatio= 1.3929648976773
ICDroneMiteSurvivorship= 11.9624681537971
ICWorkerMiteSurvivorship= 85.7197068165988
ICForagerLifespan= 12.0586575372145
ImmType= Cosine
AIAdultSlope= 5.02413010923192
AIAdultLD50= 0.327592966845259
AIAdultSlopeContact= 1.695949165856
AIAdultLD50Contact= 0.036435847170651
AILarvaSlope= 3.8866271590814
AILarvaLD50= 0.408240325120278
AIKOW= 6.54766944097355
AIKOC= 24.3564127956051
AIHalfLife= 2.2896150383167
EAppRate= 9.592628730461
