ICQueenStrength= 4.08810960967094
RQWkrDrnRatio= 3.25282967276871
ICDroneMiteSurvivorship= 2.2508077789098
ICWorkerMiteSurvivorship= 26.029559224844
ICForagerLifespan= 12.1764510795474
ImmType= Logarithmic
AIAdultSlope= 1.69102732539643
AIAdultLD50= 0.156870411708951
AIAdultSlopeContact= 3.21166974704247
AIAdultLD50Contact= 0.0162533023627475
AILarvaSlope= 2.66191782415844
AILarvaLD50= 0.755153846531175
AIKOW= 2.37842635298148
AIKOC= 18.7837165093515
AIHalfLife= 2.71918025217019
EAppRate= 0.632130610966124
