ICQueenStrength= 1.74619921972044
RQWkrDrnRatio= 4.06152251083404
ICDroneMiteSurvivorship= 72.7891091490164
ICWorkerMiteSurvivorship= 52.0422654692084
ICForagerLifespan= 7.60035441815853
ImmType= Logarithmic
AIAdultSlope= 2.38373174273875
AIAdultLD50= 0.265078660915606
AIAdultSlopeContact= 1.73626269087195
AIAdultLD50Contact= 0.0391527624917217
AILarvaSlope= 1.72286656023934
AILarvaLD50= 0.540441571106203
AIKOW= 2.17923927959055
AIKOC= 10.9782727912534
AIHalfLife= 3.47878856351599
EAppRate= 0.0953213614411652
