ICQueenStrength= 3.89413811988197
RQWkrDrnRatio= 2.31034844834358
ICDroneMiteSurvivorship= 82.0131457643583
ICWorkerMiteSurvivorship= 97.872855165042
ICForagerLifespan= 12.9913112325594
ImmType= Sine
AIAdultSlope= 3.15686361308908
AIAdultLD50= 0.361322101322003
AIAdultSlopeContact= 3.03435028215637
AIAdultLD50Contact= 0.0307224911055528
AILarvaSlope= 0.494769325247034
AILarvaLD50= 0.743033039965667
AIKOW= 3.06716895848513
AIKOC= 15.1433246396482
AIHalfLife= 1.12312826444395
EAppRate= 0.624045603186823
