ICQueenStrength= 3.45844958000816
RQWkrDrnRatio= 2.48897820618004
ICDroneMiteSurvivorship= 34.2549136606976
ICWorkerMiteSurvivorship= 49.3745957035571
ICForagerLifespan= 4.34695504326373
ImmType= Tangent
AIAdultSlope= 7.6337203127332
AIAdultLD50= 0.454979382804595
AIAdultSlopeContact= 1.82092522190418
AIAdultLD50Contact= 0.0147194252233021
AILarvaSlope= 2.16657279655337
AILarvaLD50= 0.205658504879102
AIKOW= 4.22819396201521
AIKOC= 11.033138098428
AIHalfLife= 4.15532943210565
EAppRate= 7.49943594681099
