ICQueenStrength= 3.64309323509224
RQWkrDrnRatio= 3.59971304237843
ICDroneMiteSurvivorship= 79.0541249094531
ICWorkerMiteSurvivorship= 48.2379767578095
ICForagerLifespan= 15.2360381437466
ImmType= Sine
AIAdultSlope= 3.67884860198479
AIAdultLD50= 0.00137801445089281
AIAdultSlopeContact= 2.03940822008997
AIAdultLD50Contact= 0.0267712991684675
AILarvaSlope= 2.46337845236994
AILarvaLD50= 0.557873013848439
AIKOW= 4.93514205701649
AIKOC= 15.9212509414647
AIHalfLife= 1.82439900469035
EAppRate= 0.116610031318851
