ICQueenStrength= 5.27720285137184
RQWkrDrnRatio= 1.4086136193946
ICDroneMiteSurvivorship= 85.6157298432663
ICWorkerMiteSurvivorship= 26.9418977666646
ICForagerLifespan= 15.3793053878471
ImmType= Tangent
AIAdultSlope= 1.17318007605616
AIAdultLD50= 0.272665216820315
AIAdultSlopeContact= 2.17983348913025
AIAdultLD50Contact= 0.00321903370786458
AILarvaSlope= 0.337953611416742
AILarvaLD50= 0.157560050929897
AIKOW= 4.90597063675523
AIKOC= 22.3094680416398
AIHalfLife= 4.64388656197116
EAppRate= 0.640267934161238
