ICQueenStrength= 2.88446646672674
RQWkrDrnRatio= 2.0630598757416
ICDroneMiteSurvivorship= 83.8161814259365
ICWorkerMiteSurvivorship= 87.0704844361171
ICForagerLifespan= 7.64975743368268
ImmType= Polynomial
AIAdultSlope= 1.27968570609111
AIAdultLD50= 0.377964809304103
AIAdultSlopeContact= 3.30081411897205
AIAdultLD50Contact= 0.0350430537131615
AILarvaSlope= 0.147419945336878
AILarvaLD50= 0.023987088049762
AIKOW= 5.79602896142751
AIKOC= 13.617453178158
AIHalfLife= 3.17142707994208
EAppRate= 0.480902389576659
