ICQueenStrength= 3.4300589133054
RQWkrDrnRatio= 2.99444985110313
ICDroneMiteSurvivorship= 71.170520153828
ICWorkerMiteSurvivorship= 67.9224815219641
ICForagerLifespan= 9.14191499259323
ImmType= Exponential
AIAdultSlope= 2.25740746362135
AIAdultLD50= 0.0582729489542544
AIAdultSlopeContact= 0.437266307389364
AIAdultLD50Contact= 0.0160353248356842
AILarvaSlope= 4.79850287083536
AILarvaLD50= 0.896739890193567
AIKOW= 6.80670621013269
AIKOC= 18.7642675195821
AIHalfLife= 2.06480688881129
EAppRate= 4.30552102392539
