ICQueenStrength= 4.70196083909832
RQWkrDrnRatio= 2.64342568721622
ICDroneMiteSurvivorship= 91.6566676460207
ICWorkerMiteSurvivorship= 91.3820746121928
ICForagerLifespan= 15.3523409646004
ImmType= Cosine
AIAdultSlope= 0.319573382798117
AIAdultLD50= 0.487767177517526
AIAdultSlopeContact= 3.20378217881313
AIAdultLD50Contact= 0.0338120397529565
AILarvaSlope= 1.71278980099596
AILarvaLD50= 0.434041794086806
AIKOW= 3.79382554953918
AIKOC= 16.010324023664
AIHalfLife= 2.3671163211111
EAppRate= 0.524437484680675
