ICQueenStrength= 3.32099290937185
RQWkrDrnRatio= 2.5620027910918
ICDroneMiteSurvivorship= 9.00743610691279
ICWorkerMiteSurvivorship= 53.7074819440022
ICForagerLifespan= 9.02924920246005
ImmType= Cosine
AIAdultSlope= 5.35349107580259
AIAdultLD50= 0.0493564940989017
AIAdultSlopeContact= 3.70918441421818
AIAdultLD50Contact= 0.0382010323810391
AILarvaSlope= 3.14005358787254
AILarvaLD50= 0.184176291595213
AIKOW= 7.32065922021866
AIKOC= 6.75818577408791
AIHalfLife= 4.62489559547976
EAppRate= 5.21540587302297
