ICQueenStrength= 5.65512378606945
RQWkrDrnRatio= 4.69745528511703
ICDroneMiteSurvivorship= 59.057178767398
ICWorkerMiteSurvivorship= 79.9073850736022
ICForagerLifespan= 13.5996155673638
ImmType= Polynomial
AIAdultSlope= 0.111667069140822
AIAdultLD50= 0.134926646365784
AIAdultSlopeContact= 0.453971490233671
AIAdultLD50Contact= 0.00130003693047911
AILarvaSlope= 8.37287529604509
AILarvaLD50= 0.824271538504399
AIKOW= 2.5029751365073
AIKOC= 5.59305374743417
AIHalfLife= 4.20671027270146
EAppRate= 9.44532174617052
