ICQueenStrength= 2.35921924142167
RQWkrDrnRatio= 2.77379930298775
ICDroneMiteSurvivorship= 23.0154959252104
ICWorkerMiteSurvivorship= 30.5265843402594
ICForagerLifespan= 9.03040687181056
ImmType= Tangent
AIAdultSlope= 6.84066805057228
AIAdultLD50= 0.193594148266129
AIAdultSlopeContact= 3.13663832943421
AIAdultLD50Contact= 0.00794780416181311
AILarvaSlope= 4.02647846145555
AILarvaLD50= 0.556775971711613
AIKOW= 4.3346484308131
AIKOC= 29.2171543650329
AIHalfLife= 2.87334323627874
EAppRate= 7.97610108042136
