ICQueenStrength= 3.83589165657759
RQWkrDrnRatio= 2.51643481291831
ICDroneMiteSurvivorship= 58.6083806585521
ICWorkerMiteSurvivorship= 40.6378048704937
ICForagerLifespan= 15.4149619117379
ImmType= Exponential
AIAdultSlope= 0.358316202498972
AIAdultLD50= 0.345901138265617
AIAdultSlopeContact= 3.7747074725898
AIAdultLD50Contact= 0.00154716976685449
AILarvaSlope= 0.592572284303606
AILarvaLD50= 0.839843328204006
AIKOW= 2.86248135054484
AIKOC= 26.3189178553876
AIHalfLife= 4.43967067985795
EAppRate= 1.29538763081655
