ICQueenStrength= 4.08438395150006
RQWkrDrnRatio= 2.90317230857909
ICDroneMiteSurvivorship= 77.5317346677184
ICWorkerMiteSurvivorship= 33.2140062004328
ICForagerLifespan= 15.5503747789189
ImmType= Sine
AIAdultSlope= 2.37666231981246
AIAdultLD50= 0.407940730801784
AIAdultSlopeContact= 3.84591068236157
AIAdultLD50Contact= 0.0118378829560243
AILarvaSlope= 2.30367974932305
AILarvaLD50= 0.402106219343841
AIKOW= 7.44683251576498
AIKOC= 10.1620975660626
AIHalfLife= 2.66466943896376
EAppRate= 8.81647974485531
