ICQueenStrength= 3.81251674168743
RQWkrDrnRatio= 3.74991027545184
ICDroneMiteSurvivorship= 20.4604327213019
ICWorkerMiteSurvivorship= 27.1214550826699
ICForagerLifespan= 5.83716810401529
ImmType= Sine
AIAdultSlope= 1.56416356845992
AIAdultLD50= 0.131778156151995
AIAdultSlopeContact= 0.528077183116693
AIAdultLD50Contact= 0.0255102291237563
AILarvaSlope= 0.597648140601814
AILarvaLD50= 0.476672299462371
AIKOW= 2.30015811510384
AIKOC= 10.1717442634981
AIHalfLife= 2.29762952891178
EAppRate= 0.48241366376169
