ICQueenStrength= 1.39446244132705
RQWkrDrnRatio= 4.76806866098195
ICDroneMiteSurvivorship= 6.17053848691285
ICWorkerMiteSurvivorship= 72.1901600249112
ICForagerLifespan= 9.90438508801162
ImmType= Polynomial
AIAdultSlope= 3.17350670928136
AIAdultLD50= 0.22633181780111
AIAdultSlopeContact= 0.395561312958598
AIAdultLD50Contact= 0.015241651434917
AILarvaSlope= 3.28741750046611
AILarvaLD50= 0.711892814794555
AIKOW= 5.50007978547364
AIKOC= 10.1735487417318
AIHalfLife= 2.5323479110375
EAppRate= 3.88531437143683
