ICQueenStrength= 2.05774277355522
RQWkrDrnRatio= 1.40970132220536
ICDroneMiteSurvivorship= 12.2556624235585
ICWorkerMiteSurvivorship= 50.2975654788315
ICForagerLifespan= 14.6629243157804
ImmType= Sine
AIAdultSlope= 3.09452598914504
AIAdultLD50= 0.261290381662548
AIAdultSlopeContact= 2.26255790691823
AIAdultLD50Contact= 0.0370975111727603
AILarvaSlope= 3.96459663752466
AILarvaLD50= 0.729859461542219
AIKOW= 7.57616622606292
AIKOC= 27.9268079507165
AIHalfLife= 1.33104637381621
EAppRate= 1.08548732008785
