ICQueenStrength= 2.95000551873818
RQWkrDrnRatio= 4.74196649622172
ICDroneMiteSurvivorship= 42.8981725359336
ICWorkerMiteSurvivorship= 92.4009052338079
ICForagerLifespan= 13.3665506532416
ImmType= Exponential
AIAdultSlope= 1.46150634391233
AIAdultLD50= 0.348143009934574
AIAdultSlopeContact= 3.74409267215291
AIAdultLD50Contact= 0.00305009353905916
AILarvaSlope= 0.978827339131385
AILarvaLD50= 0.697816767334007
AIKOW= 4.15495509514585
AIKOC= 18.4616554656532
AIHalfLife= 2.22177578136325
EAppRate= 1.33918792940676
