ICQueenStrength= 4.46063223667443
RQWkrDrnRatio= 4.70634146500379
ICDroneMiteSurvivorship= 13.1471514236182
ICWorkerMiteSurvivorship= 20.9870337275788
ICForagerLifespan= 11.4902682807297
ImmType= Tangent
AIAdultSlope= 1.05662999776192
AIAdultLD50= 0.0648764549987391
AIAdultSlopeContact= 0.421637943594251
AIAdultLD50Contact= 0.0267713775043376
AILarvaSlope= 2.74186159269884
AILarvaLD50= 0.0761261869920418
AIKOW= 5.65107639180496
AIKOC= 28.5468370025046
AIHalfLife= 3.5608290322125
EAppRate= 7.03844340052456
