ICQueenStrength= 5.48636279907078
RQWkrDrnRatio= 1.63301225472242
ICDroneMiteSurvivorship= 37.9746770253405
ICWorkerMiteSurvivorship= 18.4275873703882
ICForagerLifespan= 13.9790712893009
ImmType= Tangent
AIAdultSlope= 0.852223134133965
AIAdultLD50= 0.360917370766401
AIAdultSlopeContact= 0.608989679594524
AIAdultLD50Contact= 0.0362673230003566
AILarvaSlope= 2.59453027048148
AILarvaLD50= 0.709387147938833
AIKOW= 2.01283850381151
AIKOC= 6.68099325965159
AIHalfLife= 3.27773634810001
EAppRate= 2.96786791877821
