ICQueenStrength= 3.21334354020655
RQWkrDrnRatio= 3.29023276083171
ICDroneMiteSurvivorship= 76.6173717798665
ICWorkerMiteSurvivorship= 24.3522899923846
ICForagerLifespan= 4.29649577941746
ImmType= Exponential
AIAdultSlope= 4.88437206950039
AIAdultLD50= 0.0293182487366721
AIAdultSlopeContact= 3.80310920226155
AIAdultLD50Contact= 0.0410513174021617
AILarvaSlope= 5.04278656328097
AILarvaLD50= 0.240658368263394
AIKOW= 2.97763211093843
AIKOC= 22.6741312199738
AIHalfLife= 2.44274517870508
EAppRate= 2.81771944370121
