ICQueenStrength= 2.40764617477544
RQWkrDrnRatio= 3.17025789991021
ICDroneMiteSurvivorship= 33.1084742676467
ICWorkerMiteSurvivorship= 6.81654321961105
ICForagerLifespan= 14.0030839694664
ImmType= Exponential
AIAdultSlope= 0.921278893298004
AIAdultLD50= 0.495750824105926
AIAdultSlopeContact= 2.71121935300296
AIAdultLD50Contact= 0.00659802852896973
AILarvaSlope= 1.20274225240573
AILarvaLD50= 0.509009306388907
AIKOW= 5.11402780329809
AIKOC= 29.6110944543034
AIHalfLife= 0.621174679836258
EAppRate= 0.214525673026219
