ICQueenStrength= 2.75409145304002
RQWkrDrnRatio= 2.54963172134012
ICDroneMiteSurvivorship= 38.1614642450586
ICWorkerMiteSurvivorship= 98.356486693956
ICForagerLifespan= 6.08560163155198
ImmType= Exponential
AIAdultSlope= 2.44287292705849
AIAdultLD50= 0.108617638237774
AIAdultSlopeContact= 0.00946717032697052
AIAdultLD50Contact= 0.030451184976846
AILarvaSlope= 1.89884638185613
AILarvaLD50= 0.10554598630406
AIKOW= 4.43332439148799
AIKOC= 15.9883937402628
AIHalfLife= 1.19734965497628
EAppRate= 0.610587068367749
