ICQueenStrength= 5.58868272486143
RQWkrDrnRatio= 4.48771503288299
ICDroneMiteSurvivorship= 44.5704724406824
ICWorkerMiteSurvivorship= 45.5943507608026
ICForagerLifespan= 13.9389745835215
ImmType= Sine
AIAdultSlope= 8.27976582804695
AIAdultLD50= 0.0861222272505984
AIAdultSlopeContact= 1.93242094864603
AIAdultLD50Contact= 0.043897270609159
AILarvaSlope= 2.98233301611617
AILarvaLD50= 0.483685719477944
AIKOW= 6.21209624269977
AIKOC= 11.8528736766893
AIHalfLife= 2.87966553587466
EAppRate= 5.51092816283926
