ICQueenStrength= 1.26098370202817
RQWkrDrnRatio= 1.46161806117743
ICDroneMiteSurvivorship= 90.6576510053128
ICWorkerMiteSurvivorship= 94.9914845405146
ICForagerLifespan= 14.1234795032069
ImmType= Exponential
AIAdultSlope= 1.73528505498078
AIAdultLD50= 0.381985048297793
AIAdultSlopeContact= 1.99955459275749
AIAdultLD50Contact= 0.0208161353366449
AILarvaSlope= 0.224563510343432
AILarvaLD50= 0.396185593935661
AIKOW= 7.17234537331387
AIKOC= 6.94756510900334
AIHalfLife= 1.78217055741698
EAppRate= 0.678280852315947
