ICQueenStrength= 2.83330756379291
RQWkrDrnRatio= 2.37663083057851
ICDroneMiteSurvivorship= 85.1233257912099
ICWorkerMiteSurvivorship= 4.72893540281802
ICForagerLifespan= 14.9072127910331
ImmType= Polynomial
AIAdultSlope= 2.67836150480434
AIAdultLD50= 0.241769529529847
AIAdultSlopeContact= 2.56279497791547
AIAdultLD50Contact= 0.041424672328867
AILarvaSlope= 6.33391661569476
AILarvaLD50= 0.228101888811216
AIKOW= 5.01222876226529
AIKOC= 15.3263984259684
AIHalfLife= 4.58626472507603
EAppRate= 5.34237328218296
