ICQueenStrength= 4.91982354805805
RQWkrDrnRatio= 1.83165804017335
ICDroneMiteSurvivorship= 33.6108019808307
ICWorkerMiteSurvivorship= 90.1724021648988
ICForagerLifespan= 5.36580905783921
ImmType= Tangent
AIAdultSlope= 4.42606624914333
AIAdultLD50= 0.170696000452153
AIAdultSlopeContact= 2.18531213385053
AIAdultLD50Contact= 0.0364617898711003
AILarvaSlope= 5.31929142074659
AILarvaLD50= 0.251504198717885
AIKOW= 6.01260020118207
AIKOC= 12.9123199277092
AIHalfLife= 4.57539516035467
EAppRate= 6.64981541689485
