ICQueenStrength= 1.13548991526477
RQWkrDrnRatio= 1.20771166309714
ICDroneMiteSurvivorship= 97.1070508472621
ICWorkerMiteSurvivorship= 65.0684024440125
ICForagerLifespan= 14.5643282542005
ImmType= Logarithmic
AIAdultSlope= 2.17055334796663
AIAdultLD50= 0.0713956699473783
AIAdultSlopeContact= 3.86391540852143
AIAdultLD50Contact= 0.0402592899161391
AILarvaSlope= 3.27831333782524
AILarvaLD50= 0.652188842045143
AIKOW= 5.06561886193231
AIKOC= 29.4115165318362
AIHalfLife= 1.11476551857777
EAppRate= 5.68907557986677
