ICQueenStrength= 3.08467071177438
RQWkrDrnRatio= 3.34780650958419
ICDroneMiteSurvivorship= 81.5008948324248
ICWorkerMiteSurvivorship= 73.8503142725676
ICForagerLifespan= 15.4176083803177
ImmType= Cosine
AIAdultSlope= 0.0166031018039212
AIAdultLD50= 0.0514090056531131
AIAdultSlopeContact= 0.0213376898341812
AIAdultLD50Contact= 0.0228568818303756
AILarvaSlope= 3.20834110979922
AILarvaLD50= 0.666472171456553
AIKOW= 7.9736643829383
AIKOC= 16.2049795687199
AIHalfLife= 1.7239507380873
EAppRate= 0.68200389186386
