ICQueenStrength= 3.08853419055231
RQWkrDrnRatio= 1.59426023066044
ICDroneMiteSurvivorship= 3.74833645764738
ICWorkerMiteSurvivorship= 40.3458754532039
ICForagerLifespan= 8.52186694648117
ImmType= Tangent
AIAdultSlope= 9.13574991282076
AIAdultLD50= 0.38283199747093
AIAdultSlopeContact= 3.62719036069466
AIAdultLD50Contact= 0.0318692565429956
AILarvaSlope= 5.61439791927114
AILarvaLD50= 0.214308698312379
AIKOW= 6.5058109597303
AIKOC= 10.3303010354284
AIHalfLife= 3.02445932407863
EAppRate= 4.8292492935434
