ICQueenStrength= 4.40798838995397
RQWkrDrnRatio= 2.73775595240295
ICDroneMiteSurvivorship= 63.8400583527982
ICWorkerMiteSurvivorship= 35.9525121282786
ICForagerLifespan= 9.26855035871267
ImmType= Sine
AIAdultSlope= 3.47718629520386
AIAdultLD50= 0.0756286174291745
AIAdultSlopeContact= 1.16627717110561
AIAdultLD50Contact= 0.0165034159901552
AILarvaSlope= 7.72328291786835
AILarvaLD50= 0.255374381365255
AIKOW= 2.95023585762829
AIKOC= 5.30154560226947
AIHalfLife= 2.39301631459966
EAppRate= 8.22087323758751
