ICQueenStrength= 3.57728789001703
RQWkrDrnRatio= 4.45371392089874
ICDroneMiteSurvivorship= 65.6430832343176
ICWorkerMiteSurvivorship= 52.308932505548
ICForagerLifespan= 9.2093282006681
ImmType= Sine
AIAdultSlope= 3.51203808469931
AIAdultLD50= 0.421780568314716
AIAdultSlopeContact= 2.274532199346
AIAdultLD50Contact= 0.0167284120689146
AILarvaSlope= 0.440377341024578
AILarvaLD50= 0.579153850232251
AIKOW= 5.17282062768936
AIKOC= 28.9780408155639
AIHalfLife= 0.800869892118499
EAppRate= 2.4698304827325
