ICQueenStrength= 1.9149257466197
RQWkrDrnRatio= 4.76745838206261
ICDroneMiteSurvivorship= 21.7368711251765
ICWorkerMiteSurvivorship= 40.847974573262
ICForagerLifespan= 9.30688732583076
ImmType= Polynomial
AIAdultSlope= 4.07684030011296
AIAdultLD50= 0.291199542931281
AIAdultSlopeContact= 0.63335473324405
AIAdultLD50Contact= 0.0452989484998398
AILarvaSlope= 1.23190216952935
AILarvaLD50= 0.816571235354059
AIKOW= 7.31345741217956
AIKOC= 12.8581795736682
AIHalfLife= 0.872960773995146
EAppRate= 1.91855524666607
