ICQueenStrength= 5.80391458026133
RQWkrDrnRatio= 4.85722465999424
ICDroneMiteSurvivorship= 64.8023449582979
ICWorkerMiteSurvivorship= 45.5118916463107
ICForagerLifespan= 11.0980887627229
ImmType= Sine
AIAdultSlope= 0.63107275564922
AIAdultLD50= 0.460168574121781
AIAdultSlopeContact= 1.37450019434793
AIAdultLD50Contact= 0.00120936541352421
AILarvaSlope= 0.712416362017393
AILarvaLD50= 0.206789873843081
AIKOW= 5.59221472684294
AIKOC= 10.7624049077276
AIHalfLife= 4.16069320286624
EAppRate= 0.679143000394106
