ICQueenStrength= 5.35693940147758
RQWkrDrnRatio= 1.55600833147764
ICDroneMiteSurvivorship= 75.1512671587989
ICWorkerMiteSurvivorship= 70.8409002283588
ICForagerLifespan= 9.32220113556832
ImmType= Logarithmic
AIAdultSlope= 3.92088754438329
AIAdultLD50= 0.372913420549594
AIAdultSlopeContact= 3.01046086918563
AIAdultLD50Contact= 0.0296618285239674
AILarvaSlope= 0.245445368997753
AILarvaLD50= 0.173336895508692
AIKOW= 3.64897273015231
AIKOC= 23.4071176045109
AIHalfLife= 0.571905592223629
EAppRate= 0.181900096125901
