ICQueenStrength= 1.19318682025187
RQWkrDrnRatio= 1.73915747925639
ICDroneMiteSurvivorship= 67.5335975596681
ICWorkerMiteSurvivorship= 61.6017894819379
ICForagerLifespan= 6.87517940532416
ImmType= Cosine
AIAdultSlope= 0.193400855641812
AIAdultLD50= 0.101628183969297
AIAdultSlopeContact= 0.818005513858516
AIAdultLD50Contact= 0.0283429603558034
AILarvaSlope= 2.28909369921312
AILarvaLD50= 0.780576992849819
AIKOW= 5.70366108557209
AIKOC= 10.5768109566998
AIHalfLife= 0.507762643974274
EAppRate= 9.89143459824845
