ICQueenStrength= 5.92623280035332
RQWkrDrnRatio= 1.32181552052498
ICDroneMiteSurvivorship= 70.8517537685111
ICWorkerMiteSurvivorship= 73.1216710293666
ICForagerLifespan= 5.74959335941821
ImmType= Sine
AIAdultSlope= 2.4149148822343
AIAdultLD50= 0.411493387189694
AIAdultSlopeContact= 2.58091566054616
AIAdultLD50Contact= 0.0277341115870513
AILarvaSlope= 1.9251646919176
AILarvaLD50= 0.688391030137427
AIKOW= 2.48167239688337
AIKOC= 11.4426689583343
AIHalfLife= 0.401195159647614
EAppRate= 1.28108745440841
