ICQueenStrength= 5.50501012150198
RQWkrDrnRatio= 2.02388462144881
ICDroneMiteSurvivorship= 38.9260273193941
ICWorkerMiteSurvivorship= 31.3668554881588
ICForagerLifespan= 15.4349817689508
ImmType= Cosine
AIAdultSlope= 1.35648611206328
AIAdultLD50= 0.230941441259347
AIAdultSlopeContact= 3.65406490086811
AIAdultLD50Contact= 0.0287636299151927
AILarvaSlope= 2.86189405797049
AILarvaLD50= 0.722252003476024
AIKOW= 7.10312636103481
AIKOC= 21.3405141502153
AIHalfLife= 2.08185146912001
EAppRate= 9.69957439694554
