ICQueenStrength= 3.97640406293795
RQWkrDrnRatio= 1.96798289194703
ICDroneMiteSurvivorship= 16.8846717104316
ICWorkerMiteSurvivorship= 99.448711797595
ICForagerLifespan= 6.77119521889836
ImmType= Cosine
AIAdultSlope= 5.22284377831966
AIAdultLD50= 0.00307659560348839
AIAdultSlopeContact= 0.280230914647691
AIAdultLD50Contact= 0.0279581929789856
AILarvaSlope= 8.54531492805108
AILarvaLD50= 0.187248030072078
AIKOW= 6.49342021020129
AIKOC= 8.99513650918379
AIHalfLife= 0.993360748980194
EAppRate= 3.46731385216117
