ICQueenStrength= 2.47757125319913
RQWkrDrnRatio= 4.2173267705366
ICDroneMiteSurvivorship= 88.5762030724436
ICWorkerMiteSurvivorship= 98.1926007429138
ICForagerLifespan= 10.4288963777944
ImmType= Sine
AIAdultSlope= 1.94258605111158
AIAdultLD50= 0.103131690993905
AIAdultSlopeContact= 0.678744590529241
AIAdultLD50Contact= 0.00704085965408012
AILarvaSlope= 1.36446818783879
AILarvaLD50= 0.289167939685285
AIKOW= 4.41284860484302
AIKOC= 8.88538521365263
AIHalfLife= 3.94160823198035
EAppRate= 0.050750508508645
