ICQueenStrength= 3.34084938187152
RQWkrDrnRatio= 4.38174196891487
ICDroneMiteSurvivorship= 39.875469612889
ICWorkerMiteSurvivorship= 22.3679053131491
ICForagerLifespan= 12.4718426773325
ImmType= Sine
AIAdultSlope= 6.76435037050396
AIAdultLD50= 0.0369336932199076
AIAdultSlopeContact= 2.97344014742179
AIAdultLD50Contact= 0.03183082313044
AILarvaSlope= 5.16581516945735
AILarvaLD50= 0.688215618696995
AIKOW= 4.95771078532562
AIKOC= 14.7359669976868
AIHalfLife= 1.43039864837192
EAppRate= 0.451963746454567
