ICQueenStrength= 1.86347253760323
RQWkrDrnRatio= 3.6360934311524
ICDroneMiteSurvivorship= 93.6978753190488
ICWorkerMiteSurvivorship= 28.1216129194945
ICForagerLifespan= 13.3129496844485
ImmType= Exponential
AIAdultSlope= 0.322112387095112
AIAdultLD50= 0.119813740602694
AIAdultSlopeContact= 0.78996881488245
AIAdultLD50Contact= 0.0382905554841273
AILarvaSlope= 1.65235743923113
AILarvaLD50= 0.177196613140404
AIKOW= 5.41806686669588
AIKOC= 29.2172531317919
AIHalfLife= 0.758739925222471
EAppRate= 8.55751669500023
