ICQueenStrength= 1.06066327681765
RQWkrDrnRatio= 4.24020561855286
ICDroneMiteSurvivorship= 81.3663391396403
ICWorkerMiteSurvivorship= 64.8355083540082
ICForagerLifespan= 7.79468062054366
ImmType= Cosine
AIAdultSlope= 1.62669196781935
AIAdultLD50= 0.415643578278832
AIAdultSlopeContact= 3.4666839893139
AIAdultLD50Contact= 0.00193170648999512
AILarvaSlope= 2.37649451140314
AILarvaLD50= 0.258414700906724
AIKOW= 2.16349211288616
AIKOC= 12.1378343913238
AIHalfLife= 0.528605539584532
EAppRate= 4.14811439579353
