ICQueenStrength= 4.66248316131532
RQWkrDrnRatio= 1.67554250173271
ICDroneMiteSurvivorship= 95.7390044350177
ICWorkerMiteSurvivorship= 79.6153696719557
ICForagerLifespan= 11.6970882853493
ImmType= Polynomial
AIAdultSlope= 2.30943248141557
AIAdultLD50= 0.342251201509498
AIAdultSlopeContact= 0.989950274394359
AIAdultLD50Contact= 0.0288926554960199
AILarvaSlope= 8.26684124069288
AILarvaLD50= 0.159916646056809
AIKOW= 5.37021323898807
AIKOC= 27.348322684411
AIHalfLife= 3.9472483296413
EAppRate= 9.99336799839512
