ICQueenStrength= 2.10514938714914
RQWkrDrnRatio= 2.72085731849074
ICDroneMiteSurvivorship= 40.1459211949259
ICWorkerMiteSurvivorship= 45.8934556460008
ICForagerLifespan= 7.32354292087257
ImmType= Tangent
AIAdultSlope= 6.48319482803345
AIAdultLD50= 0.461723616812378
AIAdultSlopeContact= 1.8224497825373
AIAdultLD50Contact= 0.0414687692304142
AILarvaSlope= 9.74574615014717
AILarvaLD50= 0.393263940978795
AIKOW= 7.9772047912702
AIKOC= 15.1554126478732
AIHalfLife= 2.60353908059187
EAppRate= 6.58692670753226
