ICQueenStrength= 5.25567192025483
RQWkrDrnRatio= 4.7966876886785
ICDroneMiteSurvivorship= 74.4443838950247
ICWorkerMiteSurvivorship= 31.6942905541509
ICForagerLifespan= 14.6081269839779
ImmType= Polynomial
AIAdultSlope= 0.624226481560618
AIAdultLD50= 0.282746646786109
AIAdultSlopeContact= 2.72509045172716
AIAdultLD50Contact= 0.0440977522870526
AILarvaSlope= 1.3537042805925
AILarvaLD50= 0.454189106728882
AIKOW= 7.55856132507324
AIKOC= 13.7202728900593
AIHalfLife= 3.99446673924103
EAppRate= 0.384200930129737
