ICQueenStrength= 3.75390062946826
RQWkrDrnRatio= 2.86204583849758
ICDroneMiteSurvivorship= 67.7281815325841
ICWorkerMiteSurvivorship= 86.5939320763573
ICForagerLifespan= 4.08315521012992
ImmType= Cosine
AIAdultSlope= 0.167558301785029
AIAdultLD50= 0.462694100569934
AIAdultSlopeContact= 1.90796767840628
AIAdultLD50Contact= 0.0438968720962293
AILarvaSlope= 0.9214899180457
AILarvaLD50= 0.881636404758319
AIKOW= 2.9752062135376
AIKOC= 18.2653966604266
AIHalfLife= 2.00692137586884
EAppRate= 0.298211137647741
