ICQueenStrength= 5.89458688301966
RQWkrDrnRatio= 3.6528149722144
ICDroneMiteSurvivorship= 23.4169220551848
ICWorkerMiteSurvivorship= 37.1179356705397
ICForagerLifespan= 12.7128147603944
ImmType= Cosine
AIAdultSlope= 1.91065524698468
AIAdultLD50= 0.358605991117656
AIAdultSlopeContact= 1.36613519016188
AIAdultLD50Contact= 0.0161266464623623
AILarvaSlope= 2.49897589539178
AILarvaLD50= 0.138400873937644
AIKOW= 4.20317517826334
AIKOC= 17.7723082376178
AIHalfLife= 2.05029398086481
EAppRate= 8.50396017311141
