ICQueenStrength= 2.59848291892558
RQWkrDrnRatio= 4.34628883562982
ICDroneMiteSurvivorship= 55.0056019099429
ICWorkerMiteSurvivorship= 77.3211559746414
ICForagerLifespan= 4.32566355913877
ImmType= Tangent
AIAdultSlope= 2.65773563797586
AIAdultLD50= 0.285736687947065
AIAdultSlopeContact= 2.37080666123657
AIAdultLD50Contact= 0.0353531957720406
AILarvaSlope= 1.83437942350283
AILarvaLD50= 0.306437426665798
AIKOW= 2.42943667806685
AIKOC= 29.3726843211334
AIHalfLife= 2.87647565011866
EAppRate= 0.150792679539882
