ICQueenStrength= 2.39955328078941
RQWkrDrnRatio= 1.51675896253437
ICDroneMiteSurvivorship= 67.60562248528
ICWorkerMiteSurvivorship= 67.1965424437076
ICForagerLifespan= 11.8161667985842
ImmType= Tangent
AIAdultSlope= 3.76253803959116
AIAdultLD50= 0.469291191431694
AIAdultSlopeContact= 3.81593932710355
AIAdultLD50Contact= 0.0207392095122486
AILarvaSlope= 2.16442971630022
AILarvaLD50= 0.509461922664195
AIKOW= 6.99336346285418
AIKOC= 12.5558822136372
AIHalfLife= 3.44582464313135
EAppRate= 9.24493126571178
