ICQueenStrength= 4.26583277666941
RQWkrDrnRatio= 2.41249823849648
ICDroneMiteSurvivorship= 46.5855102520436
ICWorkerMiteSurvivorship= 11.202074890025
ICForagerLifespan= 10.5580880902708
ImmType= Sine
AIAdultSlope= 9.35053442139179
AIAdultLD50= 0.140145761542954
AIAdultSlopeContact= 1.15223003083142
AIAdultLD50Contact= 0.0426542785018683
AILarvaSlope= 3.02276730071753
AILarvaLD50= 0.272574818856083
AIKOW= 4.73490877682343
AIKOC= 13.3039929333609
AIHalfLife= 2.19051764928736
EAppRate= 5.21947170607746
