ICQueenStrength= 5.67096679727547
RQWkrDrnRatio= 2.52528140693903
ICDroneMiteSurvivorship= 3.77635159529746
ICWorkerMiteSurvivorship= 74.1655552526936
ICForagerLifespan= 4.20237776916474
ImmType= Polynomial
AIAdultSlope= 1.97455839719623
AIAdultLD50= 0.333389098057523
AIAdultSlopeContact= 2.55637696271064
AIAdultLD50Contact= 0.029857910098508
AILarvaSlope= 2.18740746611729
AILarvaLD50= 0.176931470492855
AIKOW= 7.09209476504475
AIKOC= 24.3760975787882
AIHalfLife= 0.26054690242745
EAppRate= 6.68852088740095
