ICQueenStrength= 5.72135767224245
RQWkrDrnRatio= 3.93895241059363
ICDroneMiteSurvivorship= 18.3434264734387
ICWorkerMiteSurvivorship= 61.568377353251
ICForagerLifespan= 9.42150047514588
ImmType= Sine
AIAdultSlope= 3.35475414292887
AIAdultLD50= 0.0870103082852438
AIAdultSlopeContact= 2.16392035783734
AIAdultLD50Contact= 0.000634208857081831
AILarvaSlope= 3.03096082424745
AILarvaLD50= 0.829073173552752
AIKOW= 4.35378070035949
AIKOC= 25.6976291257888
AIHalfLife= 4.34161832323298
EAppRate= 1.5595710487105
