ICQueenStrength= 4.94244608469307
RQWkrDrnRatio= 1.15176765806973
ICDroneMiteSurvivorship= 84.0977822663262
ICWorkerMiteSurvivorship= 27.5361661799252
ICForagerLifespan= 5.1755710169673
ImmType= Logarithmic
AIAdultSlope= 9.60618593264371
AIAdultLD50= 0.0526485936716199
AIAdultSlopeContact= 0.591807648239192
AIAdultLD50Contact= 0.0144503238843754
AILarvaSlope= 2.42343316553161
AILarvaLD50= 0.23540599825792
AIKOW= 3.4805560996756
AIKOC= 19.7645158285741
AIHalfLife= 1.00245642010123
EAppRate= 9.17914652498439
