ICQueenStrength= 3.24202635930851
RQWkrDrnRatio= 4.47214382234961
ICDroneMiteSurvivorship= 77.4736916646361
ICWorkerMiteSurvivorship= 99.4758331682533
ICForagerLifespan= 15.2900702748448
ImmType= Cosine
AIAdultSlope= 3.71069127553375
AIAdultLD50= 0.324313827208243
AIAdultSlopeContact= 2.66896600547712
AIAdultLD50Contact= 0.0048349745105952
AILarvaSlope= 2.85260182679631
AILarvaLD50= 0.584568431228399
AIKOW= 4.25879095541313
AIKOC= 7.73186424747109
AIHalfLife= 0.251789727481082
EAppRate= 0.315334338811226
