ICQueenStrength= 4.03366940352134
RQWkrDrnRatio= 1.71257835999131
ICDroneMiteSurvivorship= 89.0670100459829
ICWorkerMiteSurvivorship= 58.1833975156769
ICForagerLifespan= 14.842774130404
ImmType= Logarithmic
AIAdultSlope= 3.64329431026708
AIAdultLD50= 0.405627326108515
AIAdultSlopeContact= 3.08075800255174
AIAdultLD50Contact= 0.0456054167589173
AILarvaSlope= 1.83104029092938
AILarvaLD50= 0.323674352047965
AIKOW= 2.69871242390946
AIKOC= 13.8867029175162
AIHalfLife= 0.838729083770886
EAppRate= 0.547331868298352
