ICQueenStrength= 2.51052066823468
RQWkrDrnRatio= 2.54170470591635
ICDroneMiteSurvivorship= 3.16135105676949
ICWorkerMiteSurvivorship= 53.6140556447208
ICForagerLifespan= 11.1072156215087
ImmType= Logarithmic
AIAdultSlope= 1.50596449151635
AIAdultLD50= 0.150383832165971
AIAdultSlopeContact= 2.84735108493827
AIAdultLD50Contact= 0.00793088269419968
AILarvaSlope= 2.77491394178942
AILarvaLD50= 0.201329556154087
AIKOW= 3.00089096603915
AIKOC= 5.08256566361524
AIHalfLife= 1.04055159608833
EAppRate= 5.63340544933453
