ICQueenStrength= 4.71124404133298
RQWkrDrnRatio= 1.22019661124796
ICDroneMiteSurvivorship= 32.749585644342
ICWorkerMiteSurvivorship= 39.3166694324464
ICForagerLifespan= 11.2180360378698
ImmType= Sine
AIAdultSlope= 0.156019319419283
AIAdultLD50= 0.33469504409004
AIAdultSlopeContact= 1.44999615613371
AIAdultLD50Contact= 0.0173286287579685
AILarvaSlope= 2.56180825033225
AILarvaLD50= 0.315724612260237
AIKOW= 2.7146823508665
AIKOC= 19.9941117444541
AIHalfLife= 2.85976368701085
EAppRate= 3.81738968426362
