ICQueenStrength= 1.56095915846527
RQWkrDrnRatio= 2.01746022608131
ICDroneMiteSurvivorship= 88.1945462198928
ICWorkerMiteSurvivorship= 62.5087457709014
ICForagerLifespan= 15.7822873266414
ImmType= Tangent
AIAdultSlope= 3.3920382661745
AIAdultLD50= 0.112170914420858
AIAdultSlopeContact= 0.296492076397408
AIAdultLD50Contact= 0.0423430965747684
AILarvaSlope= 8.90481074573472
AILarvaLD50= 0.0505955913802609
AIKOW= 6.07603519456461
AIKOC= 20.0524435332045
AIHalfLife= 3.50958386203274
EAppRate= 6.00933014648035
