ICQueenStrength= 5.81011948664673
RQWkrDrnRatio= 1.88842530548573
ICDroneMiteSurvivorship= 18.1634096195921
ICWorkerMiteSurvivorship= 65.8487264532596
ICForagerLifespan= 10.1728156516328
ImmType= Logarithmic
AIAdultSlope= 7.96370637835935
AIAdultLD50= 0.109667661134154
AIAdultSlopeContact= 0.911979343551211
AIAdultLD50Contact= 0.0473903953214176
AILarvaSlope= 3.36799056036398
AILarvaLD50= 0.0802164333639667
AIKOW= 2.43725838372484
AIKOC= 18.8602884544525
AIHalfLife= 4.01700604124926
EAppRate= 7.15161599218845
