ICQueenStrength= 2.03951252764091
RQWkrDrnRatio= 2.31840278673917
ICDroneMiteSurvivorship= 62.4960031360388
ICWorkerMiteSurvivorship= 12.8041992429644
ICForagerLifespan= 14.6139638256282
ImmType= Tangent
AIAdultSlope= 1.17456232751487
AIAdultLD50= 0.235616424470209
AIAdultSlopeContact= 2.9683308074763
AIAdultLD50Contact= 0.0112955847172998
AILarvaSlope= 2.40871958471835
AILarvaLD50= 0.176677493797615
AIKOW= 2.95202774228528
AIKOC= 26.7895379930269
AIHalfLife= 4.66853560414165
EAppRate= 8.38694949634373
