ICQueenStrength= 2.83848319458775
RQWkrDrnRatio= 3.57620882522315
ICDroneMiteSurvivorship= 70.0296458555385
ICWorkerMiteSurvivorship= 9.36017658095807
ICForagerLifespan= 5.90667765121907
ImmType= Tangent
AIAdultSlope= 3.46292105200002
AIAdultLD50= 0.0451896387385204
AIAdultSlopeContact= 3.72782063259277
AIAdultLD50Contact= 0.0343507633428089
AILarvaSlope= 1.43683137502521
AILarvaLD50= 0.176631643739529
AIKOW= 6.39790200721473
AIKOC= 15.2399978612084
AIHalfLife= 3.38859792333096
EAppRate= 0.200902027660049
