ICQueenStrength= 1.78305329428986
RQWkrDrnRatio= 1.08585007488728
ICDroneMiteSurvivorship= 23.8853482995182
ICWorkerMiteSurvivorship= 65.6695476500317
ICForagerLifespan= 9.6366748875007
ImmType= Polynomial
AIAdultSlope= 0.00620463425293565
AIAdultLD50= 0.0442086259135976
AIAdultSlopeContact= 3.09282370500499
AIAdultLD50Contact= 0.0483563987188973
AILarvaSlope= 1.8961057884153
AILarvaLD50= 0.227038696780801
AIKOW= 3.61348661314696
AIKOC= 22.8589786111843
AIHalfLife= 3.49141034530476
EAppRate= 0.150996625074185
