ICQueenStrength= 2.21540985303
RQWkrDrnRatio= 2.598941674456
ICDroneMiteSurvivorship= 27.9698198894039
ICWorkerMiteSurvivorship= 99.923393712379
ICForagerLifespan= 14.8003853820264
ImmType= Sine
AIAdultSlope= 1.41721532816766
AIAdultLD50= 0.353854620596394
AIAdultSlopeContact= 2.37688373010373
AIAdultLD50Contact= 0.0451682752347551
AILarvaSlope= 3.32061536670662
AILarvaLD50= 0.55505016236566
AIKOW= 3.70095283025876
AIKOC= 27.983487410238
AIHalfLife= 0.640374692156911
EAppRate= 0.98805682035163
