ICQueenStrength= 1.66853791708127
RQWkrDrnRatio= 1.8771450156346
ICDroneMiteSurvivorship= 11.2203884171322
ICWorkerMiteSurvivorship= 63.1212652660906
ICForagerLifespan= 10.4941460825503
ImmType= Sine
AIAdultSlope= 1.07832440873608
AIAdultLD50= 0.0247751848073676
AIAdultSlopeContact= 3.25493261997588
AIAdultLD50Contact= 0.0347225409233943
AILarvaSlope= 8.05316952522844
AILarvaLD50= 0.729332200437784
AIKOW= 3.2352298903279
AIKOC= 18.5075367172249
AIHalfLife= 2.46001662570052
EAppRate= 2.40495746489614
