ICQueenStrength= 2.65149305714294
RQWkrDrnRatio= 1.23391646053642
ICDroneMiteSurvivorship= 29.2151406174526
ICWorkerMiteSurvivorship= 47.5298158824444
ICForagerLifespan= 15.1794726382941
ImmType= Sine
AIAdultSlope= 4.68365729087964
AIAdultLD50= 0.215876299305819
AIAdultSlopeContact= 0.177926453661639
AIAdultLD50Contact= 0.0245005558477715
AILarvaSlope= 5.45208315132186
AILarvaLD50= 0.763926894776523
AIKOW= 6.34060878213495
AIKOC= 25.0131894787773
AIHalfLife= 1.98917439789511
EAppRate= 6.60951744765043
