ICQueenStrength= 5.59549562307075
RQWkrDrnRatio= 1.91566806193441
ICDroneMiteSurvivorship= 71.2001170730218
ICWorkerMiteSurvivorship= 19.6673011407256
ICForagerLifespan= 14.8740894822404
ImmType= Exponential
AIAdultSlope= 1.83430013856618
AIAdultLD50= 0.325061578652821
AIAdultSlopeContact= 0.719249330945313
AIAdultLD50Contact= 0.0211914435611106
AILarvaSlope= 1.18124804790132
AILarvaLD50= 0.0735519712558016
AIKOW= 7.26890610484406
AIKOC= 26.4109836611897
AIHalfLife= 2.088640446309
EAppRate= 1.91239175153896
