ICQueenStrength= 3.70199658814818
RQWkrDrnRatio= 4.86648914776742
ICDroneMiteSurvivorship= 18.119079596363
ICWorkerMiteSurvivorship= 5.89263367000967
ICForagerLifespan= 4.02023980952799
ImmType= Cosine
AIAdultSlope= 1.33713655802887
AIAdultLD50= 0.0882877295371145
AIAdultSlopeContact= 2.87116878744448
AIAdultLD50Contact= 0.0122808289364912
AILarvaSlope= 0.558682579686865
AILarvaLD50= 0.46830393683631
AIKOW= 5.71346801985055
AIKOC= 26.0946880979463
AIHalfLife= 3.60616946709342
EAppRate= 7.00808107620105
