ICQueenStrength= 4.15033355960622
RQWkrDrnRatio= 4.50916889309883
ICDroneMiteSurvivorship= 66.5361453779042
ICWorkerMiteSurvivorship= 2.158457855694
ICForagerLifespan= 13.1511147310957
ImmType= Tangent
AIAdultSlope= 8.54098953539506
AIAdultLD50= 0.171807329985313
AIAdultSlopeContact= 2.15882591906469
AIAdultLD50Contact= 0.0298593828105368
AILarvaSlope= 0.602180355321616
AILarvaLD50= 0.356230452493764
AIKOW= 7.21417457796633
AIKOC= 25.1706959400326
AIHalfLife= 1.40804566559382
EAppRate= 0.654247982893139
