ICQueenStrength= 3.25791709148325
RQWkrDrnRatio= 2.70200577098876
ICDroneMiteSurvivorship= 17.3103210516274
ICWorkerMiteSurvivorship= 5.01321912743151
ICForagerLifespan= 15.2101002465934
ImmType= Logarithmic
AIAdultSlope= 2.05659273939673
AIAdultLD50= 0.191073321388103
AIAdultSlopeContact= 3.35890866680536
AIAdultLD50Contact= 0.0152036697720177
AILarvaSlope= 1.1277976681944
AILarvaLD50= 0.223964562546462
AIKOW= 3.92153959395364
AIKOC= 10.3915643598884
AIHalfLife= 1.61873162258416
EAppRate= 0.275619946955703
