ICQueenStrength= 3.64804009115323
RQWkrDrnRatio= 2.84580673836172
ICDroneMiteSurvivorship= 84.6811280818656
ICWorkerMiteSurvivorship= 18.2939245598391
ICForagerLifespan= 9.60343529097736
ImmType= Logarithmic
AIAdultSlope= 3.24564231197583
AIAdultLD50= 0.241688974783756
AIAdultSlopeContact= 2.8019083932275
AIAdultLD50Contact= 0.0264161753933877
AILarvaSlope= 0.604027093434706
AILarvaLD50= 0.386808443907648
AIKOW= 7.58148373058066
AIKOC= 29.9031659157481
AIHalfLife= 4.8744217667263
EAppRate= 9.40075959078968
