ICQueenStrength= 5.98460961855017
RQWkrDrnRatio= 3.85664386674762
ICDroneMiteSurvivorship= 66.7924583889544
ICWorkerMiteSurvivorship= 26.8389072734863
ICForagerLifespan= 12.1447024615481
ImmType= Exponential
AIAdultSlope= 2.128214254044
AIAdultLD50= 0.101192064699717
AIAdultSlopeContact= 1.59377387337852
AIAdultLD50Contact= 0.0395901416428387
AILarvaSlope= 2.47018126691692
AILarvaLD50= 0.833877341612242
AIKOW= 5.33058187132701
AIKOC= 29.7990614443552
AIHalfLife= 3.03174114902504
EAppRate= 4.88643501652405
