ICQueenStrength= 4.54923968669027
RQWkrDrnRatio= 4.58513101842254
ICDroneMiteSurvivorship= 77.9718240024522
ICWorkerMiteSurvivorship= 9.82604450546205
ICForagerLifespan= 5.36544824205339
ImmType= Tangent
AIAdultSlope= 3.58894086726476
AIAdultLD50= 0.184977902914397
AIAdultSlopeContact= 0.8975006914814
AIAdultLD50Contact= 0.00198801010847092
AILarvaSlope= 0.910122479684651
AILarvaLD50= 0.285229248600081
AIKOW= 6.76305216178298
AIKOC= 18.1629997282289
AIHalfLife= 2.59049642598256
EAppRate= 4.64785359334201
