ICQueenStrength= 3.46448807884008
RQWkrDrnRatio= 1.73336535319686
ICDroneMiteSurvivorship= 85.2482373826206
ICWorkerMiteSurvivorship= 65.6187694286928
ICForagerLifespan= 5.87733592744917
ImmType= Exponential
AIAdultSlope= 2.68603136389749
AIAdultLD50= 0.297530854702927
AIAdultSlopeContact= 3.50655388029059
AIAdultLD50Contact= 0.0297186797019094
AILarvaSlope= 2.34165569767356
AILarvaLD50= 0.0809571555582806
AIKOW= 7.07462870329618
AIKOC= 27.5448364682961
AIHalfLife= 2.4761437671259
EAppRate= 0.136149696353823
