ICQueenStrength= 5.31103103212081
RQWkrDrnRatio= 4.68840278871357
ICDroneMiteSurvivorship= 46.3532827328891
ICWorkerMiteSurvivorship= 36.2453919369727
ICForagerLifespan= 6.66581686772406
ImmType= Cosine
AIAdultSlope= 2.612416355405
AIAdultLD50= 0.161214877385646
AIAdultSlopeContact= 3.34483374638949
AIAdultLD50Contact= 0.0308725394075736
AILarvaSlope= 7.08886307664216
AILarvaLD50= 0.56771447500214
AIKOW= 3.46211039181799
AIKOC= 12.2521657915786
AIHalfLife= 1.93028068402782
EAppRate= 2.09611384663731
