ICQueenStrength= 5.11432405700907
RQWkrDrnRatio= 2.36510230600834
ICDroneMiteSurvivorship= 75.8507081307471
ICWorkerMiteSurvivorship= 43.7777555547655
ICForagerLifespan= 7.70938857272267
ImmType= Logarithmic
AIAdultSlope= 0.881303227327298
AIAdultLD50= 0.00205268384888768
AIAdultSlopeContact= 2.95507164780982
AIAdultLD50Contact= 0.0421512134722434
AILarvaSlope= 1.68655242817476
AILarvaLD50= 0.568761183600873
AIKOW= 4.92804404627532
AIKOC= 19.0322823601309
AIHalfLife= 4.13716579438187
EAppRate= 0.224711204483174
