ICQueenStrength= 4.92505560186692
RQWkrDrnRatio= 3.93483123555779
ICDroneMiteSurvivorship= 13.5870752623305
ICWorkerMiteSurvivorship= 34.5741657773033
ICForagerLifespan= 15.6522716479376
ImmType= Cosine
AIAdultSlope= 0.907162032090127
AIAdultLD50= 0.191066067898646
AIAdultSlopeContact= 1.38547350495122
AIAdultLD50Contact= 0.0127216846798547
AILarvaSlope= 2.61331034358591
AILarvaLD50= 0.647194872703403
AIKOW= 4.82943468820304
AIKOC= 13.4368352894671
AIHalfLife= 2.45266197482124
EAppRate= 3.82792624179274
