ICQueenStrength= 3.51773740979843
RQWkrDrnRatio= 4.03422177396715
ICDroneMiteSurvivorship= 65.5724816257134
ICWorkerMiteSurvivorship= 35.702921776101
ICForagerLifespan= 7.97759031318128
ImmType= Polynomial
AIAdultSlope= 2.37190799379023
AIAdultLD50= 0.427496660966426
AIAdultSlopeContact= 1.94132204642985
AIAdultLD50Contact= 0.00190169274574146
AILarvaSlope= 1.71501065595075
AILarvaLD50= 0.747520615998656
AIKOW= 7.00589775526896
AIKOC= 22.7047708653845
AIHalfLife= 0.0722125789616257
EAppRate= 0.206231662072241
