ICQueenStrength= 5.31022055214271
RQWkrDrnRatio= 4.85063189547509
ICDroneMiteSurvivorship= 70.9915016544983
ICWorkerMiteSurvivorship= 24.0790016017854
ICForagerLifespan= 9.0160526195541
ImmType= Exponential
AIAdultSlope= 1.56382295244606
AIAdultLD50= 0.196621247567236
AIAdultSlopeContact= 1.61006596478401
AIAdultLD50Contact= 0.00466227523284033
AILarvaSlope= 0.122199876094237
AILarvaLD50= 0.404160339874215
AIKOW= 4.22311195824295
AIKOC= 23.6914764519315
AIHalfLife= 3.68769713793881
EAppRate= 0.801011389121413
