ICQueenStrength= 5.46003122488037
RQWkrDrnRatio= 3.00873192772269
ICDroneMiteSurvivorship= 82.2142228018492
ICWorkerMiteSurvivorship= 87.496608751826
ICForagerLifespan= 9.86917491164058
ImmType= Polynomial
AIAdultSlope= 0.6227275589481
AIAdultLD50= 0.269073335104622
AIAdultSlopeContact= 1.13732655121945
AIAdultLD50Contact= 0.0362325529102236
AILarvaSlope= 6.86526605160907
AILarvaLD50= 0.679215080360882
AIKOW= 4.22173718223348
AIKOC= 28.3342551160604
AIHalfLife= 0.998471655184403
EAppRate= 3.48784814821556
