ICQueenStrength= 3.10157656343654
RQWkrDrnRatio= 2.51078406628221
ICDroneMiteSurvivorship= 75.958102196455
ICWorkerMiteSurvivorship= 66.5560136083513
ICForagerLifespan= 10.2402742700651
ImmType= Polynomial
AIAdultSlope= 2.87391807533568
AIAdultLD50= 0.488810568233021
AIAdultSlopeContact= 1.58921136850258
AIAdultLD50Contact= 0.0357825387152843
AILarvaSlope= 2.35191791784018
AILarvaLD50= 0.222715587727726
AIKOW= 6.80973225459456
AIKOC= 22.4553738615941
AIHalfLife= 4.2228015884757
EAppRate= 8.61821524333209
