ICQueenStrength= 1.13655039598234
RQWkrDrnRatio= 2.03099637199193
ICDroneMiteSurvivorship= 85.2818667655811
ICWorkerMiteSurvivorship= 56.3447315711528
ICForagerLifespan= 8.45691473223269
ImmType= Tangent
AIAdultSlope= 0.685745420479216
AIAdultLD50= 0.0278304726816714
AIAdultSlopeContact= 0.594316151111852
AIAdultLD50Contact= 0.0112831785227172
AILarvaSlope= 0.243813136499375
AILarvaLD50= 0.0659590997966006
AIKOW= 5.04690823424608
AIKOC= 10.3701310942415
AIHalfLife= 0.324637005105615
EAppRate= 0.508949617715552
