ICQueenStrength= 2.84785437188111
RQWkrDrnRatio= 2.15040960721672
ICDroneMiteSurvivorship= 39.9164547445253
ICWorkerMiteSurvivorship= 59.8863975843415
ICForagerLifespan= 14.1172584127635
ImmType= Sine
AIAdultSlope= 3.75665127722081
AIAdultLD50= 0.30519011314027
AIAdultSlopeContact= 0.317729025701992
AIAdultLD50Contact= 0.0207391337025911
AILarvaSlope= 3.2146721361205
AILarvaLD50= 0.447524485364556
AIKOW= 2.90185191109776
AIKOC= 5.44959657243453
AIHalfLife= 2.55063066724688
EAppRate= 1.90456822514534
