ICQueenStrength= 2.67692103772424
RQWkrDrnRatio= 1.47010311298072
ICDroneMiteSurvivorship= 25.7614005357027
ICWorkerMiteSurvivorship= 84.0772825293243
ICForagerLifespan= 15.7797144120559
ImmType= Polynomial
AIAdultSlope= 1.43783509074943
AIAdultLD50= 0.426062798360363
AIAdultSlopeContact= 3.53338462922489
AIAdultLD50Contact= 0.0442169989342801
AILarvaSlope= 1.7441213554237
AILarvaLD50= 0.272358624637127
AIKOW= 2.567686422728
AIKOC= 24.396471400978
AIHalfLife= 4.01334568043239
EAppRate= 0.409271318931133
