ICQueenStrength= 4.7646672106348
RQWkrDrnRatio= 4.58367942646146
ICDroneMiteSurvivorship= 58.9864628389478
ICWorkerMiteSurvivorship= 64.1683899099007
ICForagerLifespan= 10.6459472831339
ImmType= Tangent
AIAdultSlope= 8.70101494481787
AIAdultLD50= 0.171091477270238
AIAdultSlopeContact= 3.51160286247963
AIAdultLD50Contact= 0.0393983915448189
AILarvaSlope= 2.39301146240905
AILarvaLD50= 0.566481323959306
AIKOW= 2.87999658053741
AIKOC= 10.2705260983203
AIHalfLife= 4.034506828757
EAppRate= 4.24767093500122
