ICQueenStrength= 3.7462518948596
RQWkrDrnRatio= 3.7358478596434
ICDroneMiteSurvivorship= 50.3891749307513
ICWorkerMiteSurvivorship= 61.7710240418091
ICForagerLifespan= 5.71424241457134
ImmType= Exponential
AIAdultSlope= 1.82769424414029
AIAdultLD50= 0.227273400989361
AIAdultSlopeContact= 3.02262024268974
AIAdultLD50Contact= 0.0386397435911931
AILarvaSlope= 2.73207666017115
AILarvaLD50= 0.507896007969975
AIKOW= 3.33608689066023
AIKOC= 5.49108094535768
AIHalfLife= 0.455842462833971
EAppRate= 0.4162112649763
