ICQueenStrength= 5.60245816269889
RQWkrDrnRatio= 2.96775487996638
ICDroneMiteSurvivorship= 31.0215867590159
ICWorkerMiteSurvivorship= 49.858461972326
ICForagerLifespan= 8.30461194459349
ImmType= Exponential
AIAdultSlope= 3.05167478098534
AIAdultLD50= 0.231337634031661
AIAdultSlopeContact= 1.94069592357846
AIAdultLD50Contact= 0.0377477757516317
AILarvaSlope= 1.16123831686564
AILarvaLD50= 0.895803295075893
AIKOW= 6.60173992067575
AIKOC= 20.8899379603099
AIHalfLife= 1.38590974151157
EAppRate= 3.14176346873865
