ICQueenStrength= 5.02385181863792
RQWkrDrnRatio= 3.78298009838909
ICDroneMiteSurvivorship= 47.6143104489893
ICWorkerMiteSurvivorship= 12.5378565629944
ICForagerLifespan= 8.02096778526902
ImmType= Exponential
AIAdultSlope= 6.50013356702402
AIAdultLD50= 0.210557859274559
AIAdultSlopeContact= 0.301479849857278
AIAdultLD50Contact= 0.0232426641392522
AILarvaSlope= 3.91360455658287
AILarvaLD50= 0.123305326374248
AIKOW= 6.67761402018368
AIKOC= 26.8520175316371
AIHalfLife= 1.14990909351036
EAppRate= 9.94750351412222
