ICQueenStrength= 2.19170867837965
RQWkrDrnRatio= 3.71928281150758
ICDroneMiteSurvivorship= 2.81912737991661
ICWorkerMiteSurvivorship= 8.52119224146008
ICForagerLifespan= 12.1140523981303
ImmType= Tangent
AIAdultSlope= 1.01070540203014
AIAdultLD50= 0.399194046505727
AIAdultSlopeContact= 2.16175814321497
AIAdultLD50Contact= 0.0142488259240054
AILarvaSlope= 0.980373383173719
AILarvaLD50= 0.743583292211406
AIKOW= 6.91679202532396
AIKOC= 28.5909135895781
AIHalfLife= 1.56085727736354
EAppRate= 0.718118762597442
