ICQueenStrength= 4.47558406181633
RQWkrDrnRatio= 2.62801859062165
ICDroneMiteSurvivorship= 27.5659503648058
ICWorkerMiteSurvivorship= 90.6617912231013
ICForagerLifespan= 6.78675271291286
ImmType= Logarithmic
AIAdultSlope= 6.63042891770601
AIAdultLD50= 0.250728558399715
AIAdultSlopeContact= 3.23941704666708
AIAdultLD50Contact= 0.0168073857668787
AILarvaSlope= 1.68336085355841
AILarvaLD50= 0.591803250624798
AIKOW= 5.35551456455141
AIKOC= 8.96814551204443
AIHalfLife= 2.17776989447884
EAppRate= 5.11005039792508
