ICQueenStrength= 5.74465095321648
RQWkrDrnRatio= 1.70923870895058
ICDroneMiteSurvivorship= 35.9419163083658
ICWorkerMiteSurvivorship= 61.763749201782
ICForagerLifespan= 5.39275425579399
ImmType= Exponential
AIAdultSlope= 1.36625660117716
AIAdultLD50= 0.309818307054229
AIAdultSlopeContact= 1.88735997767653
AIAdultLD50Contact= 0.000892397400457412
AILarvaSlope= 2.17562567908317
AILarvaLD50= 0.10139374632854
AIKOW= 6.1509146806784
AIKOC= 9.25447070738301
AIHalfLife= 1.00656773895025
EAppRate= 7.69408856984228
