ICQueenStrength= 2.46997014642693
RQWkrDrnRatio= 4.51369783841074
ICDroneMiteSurvivorship= 79.6852612635121
ICWorkerMiteSurvivorship= 1.95212617982179
ICForagerLifespan= 6.15376987587661
ImmType= Exponential
AIAdultSlope= 6.2083595036529
AIAdultLD50= 0.11344404949341
AIAdultSlopeContact= 2.18503060645424
AIAdultLD50Contact= 0.0432494093547575
AILarvaSlope= 0.218324889522046
AILarvaLD50= 0.184194532083347
AIKOW= 5.75308436853811
AIKOC= 6.76016053301282
AIHalfLife= 4.18816936551593
EAppRate= 2.05413289135322
