ICQueenStrength= 2.89187961397693
RQWkrDrnRatio= 1.19246701709926
ICDroneMiteSurvivorship= 5.68960339296609
ICWorkerMiteSurvivorship= 22.9839778272435
ICForagerLifespan= 8.54609133396298
ImmType= Sine
AIAdultSlope= 9.73177811596543
AIAdultLD50= 0.171173230162822
AIAdultSlopeContact= 2.84046142130625
AIAdultLD50Contact= 0.0185373503132723
AILarvaSlope= 0.169889304181561
AILarvaLD50= 0.576671717246063
AIKOW= 7.30265053221956
AIKOC= 6.05211849440821
AIHalfLife= 2.87982859415933
EAppRate= 0.597856135573238
