ICQueenStrength= 1.8286139392294
RQWkrDrnRatio= 3.07450249418616
ICDroneMiteSurvivorship= 0.193153647705913
ICWorkerMiteSurvivorship= 9.37630294356495
ICForagerLifespan= 9.45314995758235
ImmType= Polynomial
AIAdultSlope= 1.09595147616696
AIAdultLD50= 0.472839932073839
AIAdultSlopeContact= 0.342097065076232
AIAdultLD50Contact= 0.0311494918423705
AILarvaSlope= 2.17063856176101
AILarvaLD50= 0.406899069319479
AIKOW= 6.67000584630296
AIKOC= 8.19187013665214
AIHalfLife= 4.1017811128404
EAppRate= 1.91125853918493
