ICQueenStrength= 1.03989154705778
RQWkrDrnRatio= 4.91308995801955
ICDroneMiteSurvivorship= 79.5382077107206
ICWorkerMiteSurvivorship= 9.47590451687574
ICForagerLifespan= 4.03529136627913
ImmType= Polynomial
AIAdultSlope= 0.924694700539112
AIAdultLD50= 0.189704712247476
AIAdultSlopeContact= 0.106244956960436
AIAdultLD50Contact= 0.049294158234261
AILarvaSlope= 1.37082600826398
AILarvaLD50= 0.629990681796335
AIKOW= 4.62135733524337
AIKOC= 26.8307416769676
AIHalfLife= 0.666765364585444
EAppRate= 4.50319471769035
