ICQueenStrength= 1.70334251853637
RQWkrDrnRatio= 2.387670266442
ICDroneMiteSurvivorship= 15.6607797602192
ICWorkerMiteSurvivorship= 63.4919079486281
ICForagerLifespan= 12.5722048925236
ImmType= Exponential
AIAdultSlope= 5.02971712034196
AIAdultLD50= 0.399085565004498
AIAdultSlopeContact= 1.79922729244223
AIAdultLD50Contact= 0.0269261744339019
AILarvaSlope= 7.95897813513875
AILarvaLD50= 0.427721442002803
AIKOW= 6.36542293289676
AIKOC= 14.7267392440699
AIHalfLife= 0.560344441328198
EAppRate= 8.65387182682753
