ICQueenStrength= 4.85433433577418
RQWkrDrnRatio= 1.08685291465372
ICDroneMiteSurvivorship= 6.40622582286596
ICWorkerMiteSurvivorship= 5.9555540792644
ICForagerLifespan= 5.90617623459548
ImmType= Tangent
AIAdultSlope= 8.25458385981619
AIAdultLD50= 0.346029238891788
AIAdultSlopeContact= 2.57146594431018
AIAdultLD50Contact= 0.00163422119803727
AILarvaSlope= 2.05622721007094
AILarvaLD50= 0.59554412921425
AIKOW= 5.70969430962577
AIKOC= 18.3049811178353
AIHalfLife= 1.21145928977057
EAppRate= 9.68533421633765
