ICQueenStrength= 3.91897886432707
RQWkrDrnRatio= 1.40494413487613
ICDroneMiteSurvivorship= 42.0901823788881
ICWorkerMiteSurvivorship= 66.384173440747
ICForagerLifespan= 8.32501711510122
ImmType= Sine
AIAdultSlope= 7.97274105716497
AIAdultLD50= 0.324993636226282
AIAdultSlopeContact= 2.20840587177314
AIAdultLD50Contact= 0.0472731690970249
AILarvaSlope= 3.01301990868524
AILarvaLD50= 0.888479395536706
AIKOW= 7.20497391372919
AIKOC= 29.9471801507752
AIHalfLife= 0.675155345816165
EAppRate= 2.12983814300969
