ICQueenStrength= 2.80729047977366
RQWkrDrnRatio= 2.17127338703722
ICDroneMiteSurvivorship= 12.3386289691553
ICWorkerMiteSurvivorship= 13.2478652056307
ICForagerLifespan= 5.49627716932446
ImmType= Logarithmic
AIAdultSlope= 0.535233459246811
AIAdultLD50= 0.336549936560914
AIAdultSlopeContact= 0.253219609432854
AIAdultLD50Contact= 0.0449995427858084
AILarvaSlope= 2.57778989984654
AILarvaLD50= 0.719396244222298
AIKOW= 5.4082657857798
AIKOC= 27.9001967061777
AIHalfLife= 0.15018148929812
EAppRate= 6.9685860327445
