ICQueenStrength= 1.13626642059535
RQWkrDrnRatio= 1.78527510724962
ICDroneMiteSurvivorship= 32.3960389010608
ICWorkerMiteSurvivorship= 62.1792195364833
ICForagerLifespan= 11.3652362553403
ImmType= Logarithmic
AIAdultSlope= 1.07242287602276
AIAdultLD50= 0.427758272970095
AIAdultSlopeContact= 0.43791641028598
AIAdultLD50Contact= 0.0132226577494293
AILarvaSlope= 4.42878378788009
AILarvaLD50= 0.26897425269708
AIKOW= 4.7881078934297
AIKOC= 16.0415030270815
AIHalfLife= 4.62691850960255
EAppRate= 2.4141734209843
