ICQueenStrength= 4.39117108494975
RQWkrDrnRatio= 1.63933854550123
ICDroneMiteSurvivorship= 55.5770555511117
ICWorkerMiteSurvivorship= 34.9459003191441
ICForagerLifespan= 15.8316987100989
ImmType= Tangent
AIAdultSlope= 1.64053461281583
AIAdultLD50= 0.475792367011309
AIAdultSlopeContact= 0.252582411125768
AIAdultLD50Contact= 0.0324887545895763
AILarvaSlope= 0.316652295645326
AILarvaLD50= 0.243975343205966
AIKOW= 3.46812342805788
AIKOC= 23.1472038442735
AIHalfLife= 2.14392513153143
EAppRate= 5.55661701597273
