ICQueenStrength= 2.39343196991831
RQWkrDrnRatio= 1.89290965348482
ICDroneMiteSurvivorship= 4.94049382396042
ICWorkerMiteSurvivorship= 35.7481203041971
ICForagerLifespan= 12.2673868248239
ImmType= Sine
AIAdultSlope= 3.32354478526628
AIAdultLD50= 0.255425204173662
AIAdultSlopeContact= 1.46179434478981
AIAdultLD50Contact= 0.0144242971087806
AILarvaSlope= 0.645590660441667
AILarvaLD50= 0.381533145625144
AIKOW= 4.90475538512692
AIKOC= 26.9975625688676
AIHalfLife= 3.85797185241245
EAppRate= 0.256059365696274
