ICQueenStrength= 4.33664559060708
RQWkrDrnRatio= 1.62942105159163
ICDroneMiteSurvivorship= 37.6045923447236
ICWorkerMiteSurvivorship= 72.6776413153857
ICForagerLifespan= 6.60532475076616
ImmType= Sine
AIAdultSlope= 2.13847096180776
AIAdultLD50= 0.0322637369390577
AIAdultSlopeContact= 1.9258395896852
AIAdultLD50Contact= 0.0166986395022832
AILarvaSlope= 0.330942696286365
AILarvaLD50= 0.631587621266954
AIKOW= 4.50825080368668
AIKOC= 13.7297978752758
AIHalfLife= 1.59614364616573
EAppRate= 5.69731603842229
