ICQueenStrength= 1.56624015560374
RQWkrDrnRatio= 3.86998994927853
ICDroneMiteSurvivorship= 90.6890142010525
ICWorkerMiteSurvivorship= 13.8740819646046
ICForagerLifespan= 12.868301265873
ImmType= Logarithmic
AIAdultSlope= 1.01502460923046
AIAdultLD50= 0.0849408901995048
AIAdultSlopeContact= 1.12176624145126
AIAdultLD50Contact= 0.00446825311519206
AILarvaSlope= 1.14452560716309
AILarvaLD50= 0.208408483257517
AIKOW= 4.029373339843
AIKOC= 9.06772329588421
AIHalfLife= 3.38722614338621
EAppRate= 0.15476035294123
