ICQueenStrength= 1.23468753322959
RQWkrDrnRatio= 2.80774213466793
ICDroneMiteSurvivorship= 71.3915711967275
ICWorkerMiteSurvivorship= 63.5810031322762
ICForagerLifespan= 14.3491922421381
ImmType= Cosine
AIAdultSlope= 3.90306861393387
AIAdultLD50= 0.256723607191816
AIAdultSlopeContact= 2.43270315845031
AIAdultLD50Contact= 0.0211521741468459
AILarvaSlope= 3.11478723632172
AILarvaLD50= 0.643681676778942
AIKOW= 5.9783666045405
AIKOC= 16.3407805154566
AIHalfLife= 3.57039800728671
EAppRate= 0.0572525687282905
