ICQueenStrength= 1.23420341312885
RQWkrDrnRatio= 2.16504121851176
ICDroneMiteSurvivorship= 80.692843394354
ICWorkerMiteSurvivorship= 69.4003670709208
ICForagerLifespan= 10.0019370438531
ImmType= Polynomial
AIAdultSlope= 1.98016106447903
AIAdultLD50= 0.174302155501209
AIAdultSlopeContact= 0.25388470134465
AIAdultLD50Contact= 0.00316868963418528
AILarvaSlope= 0.0597146016545594
AILarvaLD50= 0.866609179135412
AIKOW= 5.30362305417657
AIKOC= 16.4810205879621
AIHalfLife= 1.87014321563765
EAppRate= 2.00866488739848e-05
