ICQueenStrength= 5.28090164903551
RQWkrDrnRatio= 1.77108002733439
ICDroneMiteSurvivorship= 85.9614736400545
ICWorkerMiteSurvivorship= 77.0418318221346
ICForagerLifespan= 7.78898940328509
ImmType= Sine
AIAdultSlope= 0.409451541490853
AIAdultLD50= 0.438764767954126
AIAdultSlopeContact= 2.24090684409253
AIAdultLD50Contact= 0.00759885678999126
AILarvaSlope= 5.3162372042425
AILarvaLD50= 0.227957467152737
AIKOW= 7.46436747116968
AIKOC= 29.5338363980409
AIHalfLife= 1.52281348011456
EAppRate= 4.69745193608105
