ICQueenStrength= 4.81569500314072
RQWkrDrnRatio= 2.02026216499507
ICDroneMiteSurvivorship= 93.0936153512448
ICWorkerMiteSurvivorship= 13.3254426997155
ICForagerLifespan= 12.9672180023044
ImmType= Exponential
AIAdultSlope= 1.98307663667947
AIAdultLD50= 0.304677629726939
AIAdultSlopeContact= 3.82235833602492
AIAdultLD50Contact= 0.0467065995093435
AILarvaSlope= 4.89051361102611
AILarvaLD50= 0.52815107437782
AIKOW= 5.25598569354042
AIKOC= 20.2895211416762
AIHalfLife= 3.38095388957299
EAppRate= 3.99673758307472
