ICQueenStrength= 4.53564355755225
RQWkrDrnRatio= 1.04170504584908
ICDroneMiteSurvivorship= 9.61826322600245
ICWorkerMiteSurvivorship= 87.7504882169887
ICForagerLifespan= 15.1600556913763
ImmType= Cosine
AIAdultSlope= 0.833792722234503
AIAdultLD50= 0.242986569763161
AIAdultSlopeContact= 2.30982575302245
AIAdultLD50Contact= 0.0202748531592079
AILarvaSlope= 0.505867298692465
AILarvaLD50= 0.229598901118152
AIKOW= 7.74659160617739
AIKOC= 6.6618168388959
AIHalfLife= 4.97167355963029
EAppRate= 8.63205034052953
