ICQueenStrength= 2.44707682658918
RQWkrDrnRatio= 1.99468933138996
ICDroneMiteSurvivorship= 67.8650334943086
ICWorkerMiteSurvivorship= 83.2374254707247
ICForagerLifespan= 15.9915700126439
ImmType= Logarithmic
AIAdultSlope= 1.32418866405264
AIAdultLD50= 0.38420838827733
AIAdultSlopeContact= 2.30195670854766
AIAdultLD50Contact= 0.023567332746461
AILarvaSlope= 1.21668323408812
AILarvaLD50= 0.757117194193415
AIKOW= 4.67328233970329
AIKOC= 29.132249772083
AIHalfLife= 0.155294920550659
EAppRate= 0.286771574593149
