ICQueenStrength= 4.16839652135968
RQWkrDrnRatio= 2.58381134178489
ICDroneMiteSurvivorship= 15.7533665653318
ICWorkerMiteSurvivorship= 81.0668127145618
ICForagerLifespan= 11.6620977120474
ImmType= Exponential
AIAdultSlope= 7.06487723859027
AIAdultLD50= 0.380538165103644
AIAdultSlopeContact= 0.72309385183733
AIAdultLD50Contact= 0.00680941885802895
AILarvaSlope= 2.29240672243759
AILarvaLD50= 0.283326178556308
AIKOW= 6.62660836242139
AIKOC= 13.9388581865933
AIHalfLife= 3.95501655060798
EAppRate= 6.24115135287866
