ICQueenStrength= 3.85895854700357
RQWkrDrnRatio= 3.12328986637294
ICDroneMiteSurvivorship= 43.3420427842066
ICWorkerMiteSurvivorship= 16.9160815188661
ICForagerLifespan= 14.4701693179086
ImmType= Logarithmic
AIAdultSlope= 2.13031496567186
AIAdultLD50= 0.208380882511847
AIAdultSlopeContact= 2.00462742048316
AIAdultLD50Contact= 0.0125404055579565
AILarvaSlope= 2.67317809085362
AILarvaLD50= 0.804611688433215
AIKOW= 4.80242780921981
AIKOC= 14.780765126925
AIHalfLife= 4.03867973014712
EAppRate= 5.66430213395506
