ICQueenStrength= 5.83423200901598
RQWkrDrnRatio= 2.48878983035684
ICDroneMiteSurvivorship= 44.1489861113951
ICWorkerMiteSurvivorship= 76.9172868924215
ICForagerLifespan= 4.1565811065957
ImmType= Logarithmic
AIAdultSlope= 2.46000934401294
AIAdultLD50= 0.426678756368347
AIAdultSlopeContact= 0.478980898596346
AIAdultLD50Contact= 0.0286407952895388
AILarvaSlope= 0.216090354509652
AILarvaLD50= 0.20835751038976
AIKOW= 5.04130426980555
AIKOC= 23.4455529088154
AIHalfLife= 1.6356213320978
EAppRate= 5.8667118079029
