ICQueenStrength= 2.33411093149334
RQWkrDrnRatio= 1.6720950352028
ICDroneMiteSurvivorship= 39.5541369449347
ICWorkerMiteSurvivorship= 3.68592357262969
ICForagerLifespan= 6.22364663146436
ImmType= Logarithmic
AIAdultSlope= 3.17819258663803
AIAdultLD50= 0.191239722655155
AIAdultSlopeContact= 3.36680676605087
AIAdultLD50Contact= 0.0385624212678522
AILarvaSlope= 2.38142840811051
AILarvaLD50= 0.267160440911539
AIKOW= 5.38536921748891
AIKOC= 11.9474480929784
AIHalfLife= 3.69546714937314
EAppRate= 4.62262456072494
