ICQueenStrength= 4.40743353008293
RQWkrDrnRatio= 3.74399105645716
ICDroneMiteSurvivorship= 98.5771890031174
ICWorkerMiteSurvivorship= 68.2997318916023
ICForagerLifespan= 15.2885846663266
ImmType= Cosine
AIAdultSlope= 6.05556782800704
AIAdultLD50= 0.0234002915676683
AIAdultSlopeContact= 1.90242696574889
AIAdultLD50Contact= 0.0445865931920707
AILarvaSlope= 0.964904319820926
AILarvaLD50= 0.0302386138122529
AIKOW= 5.36693580169231
AIKOC= 10.1391878922004
AIHalfLife= 2.81064741429873
EAppRate= 3.22377117583528
