ICQueenStrength= 1.30397075577639
RQWkrDrnRatio= 1.16100443713367
ICDroneMiteSurvivorship= 95.7734383875504
ICWorkerMiteSurvivorship= 22.3118360852823
ICForagerLifespan= 13.8555677458644
ImmType= Polynomial
AIAdultSlope= 0.845702248318121
AIAdultLD50= 0.231734761735424
AIAdultSlopeContact= 2.68342196402606
AIAdultLD50Contact= 0.0196811911766417
AILarvaSlope= 2.89882328123786
AILarvaLD50= 0.185702161956578
AIKOW= 3.7158735007979
AIKOC= 11.6478081629612
AIHalfLife= 4.77848894777708
EAppRate= 1.49368264479563
