ICQueenStrength= 3.23633837653324
RQWkrDrnRatio= 2.21867430675775
ICDroneMiteSurvivorship= 1.13780284300447
ICWorkerMiteSurvivorship= 31.9516621762887
ICForagerLifespan= 4.33633188065141
ImmType= Tangent
AIAdultSlope= 6.47695980733261
AIAdultLD50= 0.357035995577462
AIAdultSlopeContact= 1.84469327060971
AIAdultLD50Contact= 0.0294173755450174
AILarvaSlope= 9.25457020523027
AILarvaLD50= 0.210420010937378
AIKOW= 5.74417586252093
AIKOC= 24.1493654274382
AIHalfLife= 3.74902890413068
EAppRate= 7.91418217355385
