ICQueenStrength= 5.3764438922517
RQWkrDrnRatio= 2.45426790881902
ICDroneMiteSurvivorship= 25.0003685010597
ICWorkerMiteSurvivorship= 85.0857502315193
ICForagerLifespan= 9.50094218086451
ImmType= Sine
AIAdultSlope= 3.26860278025037
AIAdultLD50= 0.255643627257086
AIAdultSlopeContact= 3.26895295735449
AIAdultLD50Contact= 0.0178351107402705
AILarvaSlope= 0.789430022286251
AILarvaLD50= 0.412020416557789
AIKOW= 3.68908480554819
AIKOC= 13.4030465746764
AIHalfLife= 3.82284586667083
EAppRate= 0.199426050856709
