ICQueenStrength= 4.46332284505479
RQWkrDrnRatio= 3.06011102534831
ICDroneMiteSurvivorship= 55.1930448506027
ICWorkerMiteSurvivorship= 24.4546734262258
ICForagerLifespan= 7.94832122977823
ImmType= Polynomial
AIAdultSlope= 1.06721449410543
AIAdultLD50= 0.376622091862373
AIAdultSlopeContact= 2.87880637923488
AIAdultLD50Contact= 0.0300854367902502
AILarvaSlope= 9.40140331164002
AILarvaLD50= 0.311893016542308
AIKOW= 5.66191805107519
AIKOC= 25.4403225448914
AIHalfLife= 0.286360031459481
EAppRate= 9.42603727336973
