ICQueenStrength= 2.04516199789941
RQWkrDrnRatio= 2.24306202679873
ICDroneMiteSurvivorship= 32.7912724111229
ICWorkerMiteSurvivorship= 73.6186585854739
ICForagerLifespan= 9.18549008760601
ImmType= Exponential
AIAdultSlope= 0.576264104463626
AIAdultLD50= 0.247809804626741
AIAdultSlopeContact= 1.17538571041776
AIAdultLD50Contact= 0.0174302543397062
AILarvaSlope= 0.795399121195078
AILarvaLD50= 0.0548633618513122
AIKOW= 7.38520911987871
AIKOC= 20.9597955702338
AIHalfLife= 0.176541631808504
EAppRate= 0.311874082894064
