ICQueenStrength= 2.2605159857776
RQWkrDrnRatio= 2.4169912673533
ICDroneMiteSurvivorship= 65.4583465773612
ICWorkerMiteSurvivorship= 99.0287465043366
ICForagerLifespan= 6.45816310122609
ImmType= Tangent
AIAdultSlope= 4.64708230923861
AIAdultLD50= 0.000266614370048046
AIAdultSlopeContact= 0.527588586607017
AIAdultLD50Contact= 0.00842908230843023
AILarvaSlope= 3.06809493014589
AILarvaLD50= 0.378197967284359
AIKOW= 7.794291859027
AIKOC= 13.0020851281006
AIHalfLife= 3.00217838375829
EAppRate= 3.44549105269834
