ICQueenStrength= 1.26091569219716
RQWkrDrnRatio= 3.40692790225148
ICDroneMiteSurvivorship= 53.9955540094525
ICWorkerMiteSurvivorship= 69.5031841984019
ICForagerLifespan= 15.3715518340468
ImmType= Cosine
AIAdultSlope= 2.7339388220571
AIAdultLD50= 0.0949556180275977
AIAdultSlopeContact= 0.395375698423013
AIAdultLD50Contact= 0.0373352591763251
AILarvaSlope= 1.17856560242362
AILarvaLD50= 0.53287791791372
AIKOW= 2.38890854036435
AIKOC= 24.3689265230205
AIHalfLife= 0.128754024626687
EAppRate= 5.22748611867428
