ICQueenStrength= 2.58767115324736
RQWkrDrnRatio= 1.05802220571786
ICDroneMiteSurvivorship= 20.711691188626
ICWorkerMiteSurvivorship= 70.3624128131196
ICForagerLifespan= 12.0108548589051
ImmType= Tangent
AIAdultSlope= 3.27261941266246
AIAdultLD50= 0.284031736315228
AIAdultSlopeContact= 3.2731033782335
AIAdultLD50Contact= 0.0476529526291415
AILarvaSlope= 3.23368646148592
AILarvaLD50= 0.0392141468357295
AIKOW= 7.06698126159608
AIKOC= 26.8173378671054
AIHalfLife= 0.321035658707842
EAppRate= 0.282580776163377
