ICQueenStrength= 4.26496667577885
RQWkrDrnRatio= 2.66840939968824
ICDroneMiteSurvivorship= 73.6023140372708
ICWorkerMiteSurvivorship= 9.4719790155068
ICForagerLifespan= 11.565891736187
ImmType= Polynomial
AIAdultSlope= 2.85481689032167
AIAdultLD50= 0.37428511690814
AIAdultSlopeContact= 2.22333571323892
AIAdultLD50Contact= 0.0291284912498668
AILarvaSlope= 5.84880638169125
AILarvaLD50= 0.468951733689755
AIKOW= 5.30647278530523
AIKOC= 17.5582127366215
AIHalfLife= 0.346733164042234
EAppRate= 1.98948847362772
