ICQueenStrength= 5.01655265712179
RQWkrDrnRatio= 2.65501785185188
ICDroneMiteSurvivorship= 28.8367678876966
ICWorkerMiteSurvivorship= 91.970504145138
ICForagerLifespan= 10.6009472226724
ImmType= Polynomial
AIAdultSlope= 3.2161356683448
AIAdultLD50= 0.0169604778056964
AIAdultSlopeContact= 1.96144865934039
AIAdultLD50Contact= 0.0452337050926872
AILarvaSlope= 1.44184777401388
AILarvaLD50= 0.816078195674345
AIKOW= 3.22150066401809
AIKOC= 23.8524220022373
AIHalfLife= 4.36095988145098
EAppRate= 1.66577606694773
