ICQueenStrength= 5.5123673719354
RQWkrDrnRatio= 2.82125207502395
ICDroneMiteSurvivorship= 15.798664954491
ICWorkerMiteSurvivorship= 84.2886533821002
ICForagerLifespan= 10.6261018365622
ImmType= Exponential
AIAdultSlope= 3.88300791206304
AIAdultLD50= 0.219733736827038
AIAdultSlopeContact= 3.67826221132418
AIAdultLD50Contact= 0.0423089788178913
AILarvaSlope= 0.139044934278354
AILarvaLD50= 0.273089038557373
AIKOW= 7.45940704271197
AIKOC= 8.75649287598208
AIHalfLife= 3.55007452424616
EAppRate= 1.01789015345275
