ICQueenStrength= 4.62140532815829
RQWkrDrnRatio= 3.84809715021402
ICDroneMiteSurvivorship= 90.9568823641166
ICWorkerMiteSurvivorship= 21.7999535612762
ICForagerLifespan= 15.0083053214476
ImmType= Sine
AIAdultSlope= 1.57145271803252
AIAdultLD50= 0.281889279955067
AIAdultSlopeContact= 2.63851042478113
AIAdultLD50Contact= 0.0138365054968745
AILarvaSlope= 1.34563534944318
AILarvaLD50= 0.00627959654666483
AIKOW= 3.17231557238847
AIKOC= 20.8754391421098
AIHalfLife= 2.86681133438833
EAppRate= 8.20711278356612
