ICQueenStrength= 5.01330267894082
RQWkrDrnRatio= 2.65881622210145
ICDroneMiteSurvivorship= 74.9557134695351
ICWorkerMiteSurvivorship= 57.0886268513277
ICForagerLifespan= 7.82604033220559
ImmType= Exponential
AIAdultSlope= 0.98913759636227
AIAdultLD50= 0.321436089929193
AIAdultSlopeContact= 3.42001359560061
AIAdultLD50Contact= 0.0421713214949705
AILarvaSlope= 3.36563521479256
AILarvaLD50= 0.708407984068617
AIKOW= 3.9522577226162
AIKOC= 13.3578752237372
AIHalfLife= 3.30878953798674
EAppRate= 6.25322936102748
