ICQueenStrength= 3.1829139906913
RQWkrDrnRatio= 1.36126414965838
ICDroneMiteSurvivorship= 16.5789117105305
ICWorkerMiteSurvivorship= 34.7337313462049
ICForagerLifespan= 11.5542632816359
ImmType= Exponential
AIAdultSlope= 9.71158858155832
AIAdultLD50= 0.455240877578035
AIAdultSlopeContact= 0.31348870275775
AIAdultLD50Contact= 0.0129274354083464
AILarvaSlope= 4.45963112637401
AILarvaLD50= 0.6522968652891
AIKOW= 7.66584561765194
AIKOC= 19.8711656511296
AIHalfLife= 1.70694003230892
EAppRate= 1.56472354428843
