ICQueenStrength= 5.31224386557005
RQWkrDrnRatio= 1.67961330339313
ICDroneMiteSurvivorship= 19.240431394428
ICWorkerMiteSurvivorship= 71.3509656488895
ICForagerLifespan= 11.7763550439849
ImmType= Sine
AIAdultSlope= 2.19806653676089
AIAdultLD50= 0.456595719209872
AIAdultSlopeContact= 0.345297339227982
AIAdultLD50Contact= 0.00365234533092007
AILarvaSlope= 1.69705611192621
AILarvaLD50= 0.43092600828968
AIKOW= 5.45004538493231
AIKOC= 6.81729909963906
AIHalfLife= 0.761760293971747
EAppRate= 5.16336647793651
