ICQueenStrength= 3.2974943020381
RQWkrDrnRatio= 4.25935866963118
ICDroneMiteSurvivorship= 54.1181234642863
ICWorkerMiteSurvivorship= 57.3383236536756
ICForagerLifespan= 14.0668942304328
ImmType= Cosine
AIAdultSlope= 2.98587996584829
AIAdultLD50= 0.441458975197747
AIAdultSlopeContact= 1.05950912121451
AIAdultLD50Contact= 0.00941256625810638
AILarvaSlope= 1.30029863398522
AILarvaLD50= 0.516785025084391
AIKOW= 2.97572609130293
AIKOC= 7.92075535398908
AIHalfLife= 0.0777793524321169
EAppRate= 0.0609305654186755
