ICQueenStrength= 2.77473451010883
RQWkrDrnRatio= 1.12945230770856
ICDroneMiteSurvivorship= 86.2495239125565
ICWorkerMiteSurvivorship= 96.384870656766
ICForagerLifespan= 11.8222896223888
ImmType= Sine
AIAdultSlope= 7.04552494222298
AIAdultLD50= 0.421729918918572
AIAdultSlopeContact= 2.70675009277649
AIAdultLD50Contact= 0.00345624564215541
AILarvaSlope= 0.720550082856789
AILarvaLD50= 0.536831124359742
AIKOW= 7.86278222966939
AIKOC= 15.8904683904257
AIHalfLife= 4.85634536365978
EAppRate= 1.30917055299506
