ICQueenStrength= 3.63332532602362
RQWkrDrnRatio= 4.29102271050215
ICDroneMiteSurvivorship= 40.4431500472128
ICWorkerMiteSurvivorship= 47.4553045351058
ICForagerLifespan= 8.18095804657787
ImmType= Polynomial
AIAdultSlope= 0.667084342720918
AIAdultLD50= 0.40037151647266
AIAdultSlopeContact= 0.523730431851
AIAdultLD50Contact= 0.0332073263940401
AILarvaSlope= 3.36057566991076
AILarvaLD50= 0.379614700237289
AIKOW= 3.5126029541716
AIKOC= 7.14631055132486
AIHalfLife= 0.199537122389302
EAppRate= 0.0948319552466273
