ICQueenStrength= 3.31319996411912
RQWkrDrnRatio= 3.5369332022965
ICDroneMiteSurvivorship= 98.0117954080924
ICWorkerMiteSurvivorship= 48.886354197748
ICForagerLifespan= 6.78659872896969
ImmType= Tangent
AIAdultSlope= 4.36258467612788
AIAdultLD50= 0.419014664599672
AIAdultSlopeContact= 0.487170573121402
AIAdultLD50Contact= 0.0393182191532105
AILarvaSlope= 2.67339631915092
AILarvaLD50= 0.000733015453442931
AIKOW= 7.35749965161085
AIKOC= 25.1937207602896
AIHalfLife= 0.220535839907825
EAppRate= 9.29896790301427
