ICQueenStrength= 5.92270786315203
RQWkrDrnRatio= 3.96889812871814
ICDroneMiteSurvivorship= 69.0067605115473
ICWorkerMiteSurvivorship= 60.8418622985482
ICForagerLifespan= 14.8983013890684
ImmType= Logarithmic
AIAdultSlope= 4.04993030708283
AIAdultLD50= 0.427151763578877
AIAdultSlopeContact= 1.79834570666542
AIAdultLD50Contact= 0.042303748591803
AILarvaSlope= 0.797358983987942
AILarvaLD50= 0.45384794420097
AIKOW= 5.9677696521394
AIKOC= 22.084291408537
AIHalfLife= 3.30410042894073
EAppRate= 7.73926004534587
