ICQueenStrength= 4.96569278440438
RQWkrDrnRatio= 1.85531217511743
ICDroneMiteSurvivorship= 82.8566054580733
ICWorkerMiteSurvivorship= 73.8804414402694
ICForagerLifespan= 14.9033460570499
ImmType= Tangent
AIAdultSlope= 1.85758814166533
AIAdultLD50= 0.316767224343494
AIAdultSlopeContact= 3.91920392779866
AIAdultLD50Contact= 0.0242793488549069
AILarvaSlope= 3.10368524380028
AILarvaLD50= 0.35754311804194
AIKOW= 3.40365156112239
AIKOC= 28.928710189648
AIHalfLife= 1.12465000129305
EAppRate= 4.77260180516168
