ICQueenStrength= 1.69175438722596
RQWkrDrnRatio= 4.43885859008878
ICDroneMiteSurvivorship= 22.2399337915704
ICWorkerMiteSurvivorship= 53.8322037551552
ICForagerLifespan= 7.91653816215694
ImmType= Polynomial
AIAdultSlope= 3.38079932054272
AIAdultLD50= 0.352973493980244
AIAdultSlopeContact= 2.3150747824274
AIAdultLD50Contact= 0.0303340986603871
AILarvaSlope= 1.60445442697965
AILarvaLD50= 0.093450303026475
AIKOW= 6.70223146723583
AIKOC= 26.8659144011326
AIHalfLife= 1.44090843270533
EAppRate= 0.606712989439256
