ICQueenStrength= 1.10939821135253
RQWkrDrnRatio= 4.54311392642558
ICDroneMiteSurvivorship= 5.54388011805713
ICWorkerMiteSurvivorship= 89.3827725201845
ICForagerLifespan= 10.5077425856143
ImmType= Exponential
AIAdultSlope= 2.96784888423979
AIAdultLD50= 0.06767501111608
AIAdultSlopeContact= 1.42402296717977
AIAdultLD50Contact= 0.0369096461334266
AILarvaSlope= 0.0933824512176216
AILarvaLD50= 0.170515041681938
AIKOW= 5.29019075399265
AIKOC= 21.50447382126
AIHalfLife= 0.034821709850803
EAppRate= 0.432335832994431
