ICQueenStrength= 2.85023478232324
RQWkrDrnRatio= 3.05112177226692
ICDroneMiteSurvivorship= 73.8707412267104
ICWorkerMiteSurvivorship= 14.4955298863351
ICForagerLifespan= 14.5588997621089
ImmType= Tangent
AIAdultSlope= 2.53972579375841
AIAdultLD50= 0.122013692744076
AIAdultSlopeContact= 2.48340541515732
AIAdultLD50Contact= 0.0367370750405826
AILarvaSlope= 0.0900244692806154
AILarvaLD50= 0.559753572614864
AIKOW= 3.40051705064252
AIKOC= 24.9021506356075
AIHalfLife= 3.79680580808781
EAppRate= 0.671633620443754
