ICQueenStrength= 5.73067248356529
RQWkrDrnRatio= 1.74135654699057
ICDroneMiteSurvivorship= 40.0724256411195
ICWorkerMiteSurvivorship= 23.7746085738763
ICForagerLifespan= 9.86537773348391
ImmType= Logarithmic
AIAdultSlope= 2.99031168353744
AIAdultLD50= 0.41724286461249
AIAdultSlopeContact= 2.53902078939602
AIAdultLD50Contact= 0.0249235299765132
AILarvaSlope= 1.06403969875537
AILarvaLD50= 0.759092320105992
AIKOW= 7.17521714186296
AIKOC= 20.3175237588584
AIHalfLife= 0.26383885066025
EAppRate= 3.38313238928095
