ICQueenStrength= 4.5603541706223
RQWkrDrnRatio= 1.44730408024043
ICDroneMiteSurvivorship= 41.0821978468448
ICWorkerMiteSurvivorship= 20.6276735989377
ICForagerLifespan= 6.72754959296435
ImmType= Tangent
AIAdultSlope= 1.88750719138188
AIAdultLD50= 0.270152754732408
AIAdultSlopeContact= 1.35908397805179
AIAdultLD50Contact= 0.0335787176387385
AILarvaSlope= 2.33931806706823
AILarvaLD50= 0.29660977050662
AIKOW= 6.61514162132517
AIKOC= 7.05874514649622
AIHalfLife= 1.39397215447389
EAppRate= 7.91518705897033
