ICQueenStrength= 1.28126209275797
RQWkrDrnRatio= 1.9193049762398
ICDroneMiteSurvivorship= 99.8308607144281
ICWorkerMiteSurvivorship= 67.8774651605636
ICForagerLifespan= 5.07425206061453
ImmType= Sine
AIAdultSlope= 3.72436242178082
AIAdultLD50= 0.194329035934061
AIAdultSlopeContact= 1.17352184683084
AIAdultLD50Contact= 0.0293184148264118
AILarvaSlope= 0.285666501149535
AILarvaLD50= 0.424163135723211
AIKOW= 7.66549716517329
AIKOC= 29.0187699499074
AIHalfLife= 2.48613722855225
EAppRate= 9.12387027405202
