ICQueenStrength= 4.43574051861651
RQWkrDrnRatio= 3.44923102483153
ICDroneMiteSurvivorship= 68.6944758985192
ICWorkerMiteSurvivorship= 96.1277840193361
ICForagerLifespan= 6.02586210891604
ImmType= Exponential
AIAdultSlope= 0.280462965758052
AIAdultLD50= 0.00712481921073049
AIAdultSlopeContact= 3.59895067910431
AIAdultLD50Contact= 0.0469855696661398
AILarvaSlope= 0.610289529478177
AILarvaLD50= 0.55906115595717
AIKOW= 4.38140810420737
AIKOC= 15.205842112191
AIHalfLife= 0.758514484623447
EAppRate= 0.585392773407511
