ICQueenStrength= 4.54360372642986
RQWkrDrnRatio= 2.45978043042123
ICDroneMiteSurvivorship= 70.2389625366777
ICWorkerMiteSurvivorship= 18.5929231578484
ICForagerLifespan= 4.80429689865559
ImmType= Exponential
AIAdultSlope= 3.52003673048923
AIAdultLD50= 0.356915187439881
AIAdultSlopeContact= 0.842507023271173
AIAdultLD50Contact= 0.0154886432806961
AILarvaSlope= 1.31092026103288
AILarvaLD50= 0.54080040184781
AIKOW= 3.35781186306849
AIKOC= 26.5666563250124
AIHalfLife= 2.06881388323382
EAppRate= 0.0721260562539101
