ICQueenStrength= 2.82780468952842
RQWkrDrnRatio= 3.0381923308596
ICDroneMiteSurvivorship= 66.2460608407855
ICWorkerMiteSurvivorship= 58.7350847898051
ICForagerLifespan= 8.78648756071925
ImmType= Cosine
AIAdultSlope= 0.906896144938655
AIAdultLD50= 0.200322948861867
AIAdultSlopeContact= 1.02448375204811
AIAdultLD50Contact= 0.0285822986857966
AILarvaSlope= 0.0903140897396952
AILarvaLD50= 0.565798508771695
AIKOW= 4.48593945847824
AIKOC= 10.0866220146418
AIHalfLife= 1.64480717503466
EAppRate= 0.0945964677492157
