ICQueenStrength= 5.90827236906625
RQWkrDrnRatio= 4.47508094739169
ICDroneMiteSurvivorship= 58.6170512950048
ICWorkerMiteSurvivorship= 68.088797153905
ICForagerLifespan= 5.4964859765023
ImmType= Cosine
AIAdultSlope= 3.8009847747162
AIAdultLD50= 0.261326303123496
AIAdultSlopeContact= 1.78938457321376
AIAdultLD50Contact= 0.0155848725931719
AILarvaSlope= 0.46235874905251
AILarvaLD50= 0.0182147236308083
AIKOW= 7.74861538317055
AIKOC= 24.6370808000211
AIHalfLife= 2.46150396065786
EAppRate= 0.88898992864415
