ICQueenStrength= 5.50659877387807
RQWkrDrnRatio= 4.50555632915348
ICDroneMiteSurvivorship= 54.1599742835388
ICWorkerMiteSurvivorship= 26.8596644047648
ICForagerLifespan= 4.16939334571362
ImmType= Cosine
AIAdultSlope= 2.92095173649257
AIAdultLD50= 0.274938487331383
AIAdultSlopeContact= 3.62605812502094
AIAdultLD50Contact= 0.0464334912598133
AILarvaSlope= 0.864277680823579
AILarvaLD50= 0.34331281108316
AIKOW= 3.08063580049202
AIKOC= 18.6488484335132
AIHalfLife= 3.64824806223623
EAppRate= 0.109801834565587
