ICQueenStrength= 4.60470346990041
RQWkrDrnRatio= 2.44238834455609
ICDroneMiteSurvivorship= 67.6553613273427
ICWorkerMiteSurvivorship= 48.8948829937726
ICForagerLifespan= 8.67941206414253
ImmType= Sine
AIAdultSlope= 3.46703852284933
AIAdultLD50= 0.218424696126021
AIAdultSlopeContact= 2.00561194742331
AIAdultLD50Contact= 3.35534336045384e-05
AILarvaSlope= 0.621742567745969
AILarvaLD50= 0.312369023356587
AIKOW= 3.06893991772085
AIKOC= 10.8786659792531
AIHalfLife= 1.76458322210237
EAppRate= 0.338871285272762
