ICQueenStrength= 3.37410379806533
RQWkrDrnRatio= 4.16196984704584
ICDroneMiteSurvivorship= 14.3759567523375
ICWorkerMiteSurvivorship= 26.5459303511307
ICForagerLifespan= 7.147724497132
ImmType= Sine
AIAdultSlope= 3.08292053011246
AIAdultLD50= 0.0344383657211438
AIAdultSlopeContact= 0.891736571949441
AIAdultLD50Contact= 0.0239224572665989
AILarvaSlope= 1.64135764380917
AILarvaLD50= 0.733319049747661
AIKOW= 7.94927995838225
AIKOC= 5.16924919909798
AIHalfLife= 4.36637265258469
EAppRate= 0.159793645353056
