ICQueenStrength= 5.62466120021418
RQWkrDrnRatio= 4.47373686823994
ICDroneMiteSurvivorship= 65.0668694404885
ICWorkerMiteSurvivorship= 48.1801672372967
ICForagerLifespan= 13.5204962017015
ImmType= Sine
AIAdultSlope= 0.623922159075737
AIAdultLD50= 0.387082853005268
AIAdultSlopeContact= 0.170770648769103
AIAdultLD50Contact= 0.02139734699158
AILarvaSlope= 2.01878929939121
AILarvaLD50= 0.170778369437903
AIKOW= 6.5501536889933
AIKOC= 20.9757465065923
AIHalfLife= 4.89304623799399
EAppRate= 0.630597203411162
