ICQueenStrength= 3.67656627460383
RQWkrDrnRatio= 4.3417395344004
ICDroneMiteSurvivorship= 63.0523218540475
ICWorkerMiteSurvivorship= 4.10031452775002
ICForagerLifespan= 9.35684398561716
ImmType= Polynomial
AIAdultSlope= 2.78606151702348
AIAdultLD50= 0.0262083773268387
AIAdultSlopeContact= 0.0175774985086173
AIAdultLD50Contact= 0.0121203944319859
AILarvaSlope= 1.49410544126295
AILarvaLD50= 0.465386637020856
AIKOW= 2.13574465783313
AIKOC= 9.96707218699157
AIHalfLife= 3.36325583979487
EAppRate= 0.396491617430001
