ICQueenStrength= 2.3451531145256
RQWkrDrnRatio= 2.68903818354011
ICDroneMiteSurvivorship= 69.2851576255634
ICWorkerMiteSurvivorship= 18.4923256048933
ICForagerLifespan= 4.26621714048088
ImmType= Exponential
AIAdultSlope= 3.05511716785608
AIAdultLD50= 0.369393436703831
AIAdultSlopeContact= 1.3336967057758
AIAdultLD50Contact= 0.0217236014665104
AILarvaSlope= 3.21224580402486
AILarvaLD50= 0.659530491940677
AIKOW= 4.77787029976025
AIKOC= 24.3203718925361
AIHalfLife= 2.08234233316034
EAppRate= 3.82514304714277
