ICQueenStrength= 3.68082632566802
RQWkrDrnRatio= 2.06014856602997
ICDroneMiteSurvivorship= 20.7221443299204
ICWorkerMiteSurvivorship= 37.2658516047522
ICForagerLifespan= 8.79602164588869
ImmType= Logarithmic
AIAdultSlope= 3.01344553887611
AIAdultLD50= 0.395689498633146
AIAdultSlopeContact= 3.01354517497122
AIAdultLD50Contact= 0.0331134240026586
AILarvaSlope= 0.391134356008843
AILarvaLD50= 0.0703539866488427
AIKOW= 4.1059290850535
AIKOC= 28.4960353700444
AIHalfLife= 1.91250644973479
EAppRate= 0.142779923719354
