ICQueenStrength= 4.43913954100572
RQWkrDrnRatio= 4.59292274899781
ICDroneMiteSurvivorship= 29.1177011327818
ICWorkerMiteSurvivorship= 81.5631327219307
ICForagerLifespan= 10.6150315469131
ImmType= Exponential
AIAdultSlope= 2.23049278544029
AIAdultLD50= 0.149447233183309
AIAdultSlopeContact= 1.89706000525039
AIAdultLD50Contact= 0.0396082169609144
AILarvaSlope= 1.2975939723663
AILarvaLD50= 0.779472360899672
AIKOW= 4.81001572543755
AIKOC= 28.5972239926923
AIHalfLife= 4.40659908228554
EAppRate= 7.80442648567259
