ICQueenStrength= 4.89874741551466
RQWkrDrnRatio= 2.74551208689809
ICDroneMiteSurvivorship= 53.5130633972585
ICWorkerMiteSurvivorship= 31.5035668667406
ICForagerLifespan= 13.2053524171934
ImmType= Tangent
AIAdultSlope= 3.6133236495126
AIAdultLD50= 0.30364126409404
AIAdultSlopeContact= 2.32906289356062
AIAdultLD50Contact= 0.0146605146466754
AILarvaSlope= 0.450923922099173
AILarvaLD50= 0.238821129896678
AIKOW= 7.87703282851726
AIKOC= 18.1633061100729
AIHalfLife= 0.625491879181936
EAppRate= 2.17187154805288
