ICQueenStrength= 1.14605523901992
RQWkrDrnRatio= 2.6767565542832
ICDroneMiteSurvivorship= 58.9977209456265
ICWorkerMiteSurvivorship= 38.3021308109164
ICForagerLifespan= 5.40922525711358
ImmType= Logarithmic
AIAdultSlope= 3.23933167031268
AIAdultLD50= 0.374988372786902
AIAdultSlopeContact= 0.924137585170101
AIAdultLD50Contact= 0.0490815229015425
AILarvaSlope= 3.21543403719552
AILarvaLD50= 0.774993841932155
AIKOW= 5.36924296803772
AIKOC= 17.8745548776351
AIHalfLife= 4.61416518432088
EAppRate= 0.0435875578550622
