ICQueenStrength= 2.98298807954416
RQWkrDrnRatio= 1.73640768788755
ICDroneMiteSurvivorship= 23.8368286984041
ICWorkerMiteSurvivorship= 91.9582107570022
ICForagerLifespan= 12.7203223248944
ImmType= Tangent
AIAdultSlope= 6.06972172856331
AIAdultLD50= 0.0728560794377699
AIAdultSlopeContact= 2.85999156364705
AIAdultLD50Contact= 0.044436521071475
AILarvaSlope= 0.260776904271916
AILarvaLD50= 0.496656804322265
AIKOW= 6.98164034308866
AIKOC= 6.1449146841187
AIHalfLife= 0.288921174360439
EAppRate= 7.90462803095579
