ICQueenStrength= 2.38258256483823
RQWkrDrnRatio= 1.57524405419827
ICDroneMiteSurvivorship= 71.2087759049609
ICWorkerMiteSurvivorship= 37.4955984996632
ICForagerLifespan= 7.78275032248348
ImmType= Logarithmic
AIAdultSlope= 0.989431762991007
AIAdultLD50= 0.0396686384920031
AIAdultSlopeContact= 1.63484764461173
AIAdultLD50Contact= 0.0391529547981918
AILarvaSlope= 1.85772156543098
AILarvaLD50= 0.359632282052189
AIKOW= 7.22132312739268
AIKOC= 15.3685546026099
AIHalfLife= 4.4308900705073
EAppRate= 8.23538395343348
