ICQueenStrength= 2.10975368181244
RQWkrDrnRatio= 2.73223800957203
ICDroneMiteSurvivorship= 94.7126276092604
ICWorkerMiteSurvivorship= 9.79107657913119
ICForagerLifespan= 7.97207726165652
ImmType= Tangent
AIAdultSlope= 2.19770483206958
AIAdultLD50= 0.474668132374063
AIAdultSlopeContact= 1.53683088378981
AIAdultLD50Contact= 0.0164932868909091
AILarvaSlope= 3.14746622061357
AILarvaLD50= 0.380166051769629
AIKOW= 7.77989813778549
AIKOC= 18.2404265285004
AIHalfLife= 4.59870710154064
EAppRate= 3.63326610764489
