ICQueenStrength= 2.6384429729078
RQWkrDrnRatio= 2.71081860177219
ICDroneMiteSurvivorship= 35.1584253367037
ICWorkerMiteSurvivorship= 84.8008960718289
ICForagerLifespan= 7.03637386392802
ImmType= Sine
AIAdultSlope= 1.97111184803071
AIAdultLD50= 0.251959098153748
AIAdultSlopeContact= 3.46162620733492
AIAdultLD50Contact= 0.0345147373620421
AILarvaSlope= 1.49570794906467
AILarvaLD50= 0.464111338206567
AIKOW= 4.15622282447293
AIKOC= 11.6402407712303
AIHalfLife= 2.12681636912748
EAppRate= 0.240729127218947
