ICQueenStrength= 1.10215569869615
RQWkrDrnRatio= 4.31630870513618
ICDroneMiteSurvivorship= 38.1938404869288
ICWorkerMiteSurvivorship= 47.1199856139719
ICForagerLifespan= 11.4247199539095
ImmType= Polynomial
AIAdultSlope= 1.99741912307218
AIAdultLD50= 0.131303167087026
AIAdultSlopeContact= 2.36410827705637
AIAdultLD50Contact= 0.0488895253860392
AILarvaSlope= 4.62398166302592
AILarvaLD50= 0.431098594609648
AIKOW= 5.36256124312058
AIKOC= 15.8108721557073
AIHalfLife= 2.96127423527651
EAppRate= 8.22241577319801
