ICQueenStrength= 3.51136319595389
RQWkrDrnRatio= 4.99579390697181
ICDroneMiteSurvivorship= 0.729383737780154
ICWorkerMiteSurvivorship= 41.762950271368
ICForagerLifespan= 4.42474335711449
ImmType= Cosine
AIAdultSlope= 2.72082437295467
AIAdultLD50= 0.256114792544395
AIAdultSlopeContact= 1.21171218942152
AIAdultLD50Contact= 0.0137578510912135
AILarvaSlope= 2.51881133769639
AILarvaLD50= 0.00277285887859762
AIKOW= 4.49730581790209
AIKOC= 15.2537261671387
AIHalfLife= 2.81754607218318
EAppRate= 1.17967079393566
