ICQueenStrength= 2.09894544933923
RQWkrDrnRatio= 1.80685706716031
ICDroneMiteSurvivorship= 56.9897723849863
ICWorkerMiteSurvivorship= 52.4861877085641
ICForagerLifespan= 9.09127061441541
ImmType= Logarithmic
AIAdultSlope= 3.51547177415341
AIAdultLD50= 0.0773838479071856
AIAdultSlopeContact= 0.469283580409829
AIAdultLD50Contact= 0.0427476445562206
AILarvaSlope= 3.09460160089657
AILarvaLD50= 0.253177947853692
AIKOW= 4.23254084633663
AIKOC= 6.82845073868521
AIHalfLife= 4.69369336846285
EAppRate= 2.68416817998514
