ICQueenStrength= 2.78947846405208
RQWkrDrnRatio= 1.20471485331655
ICDroneMiteSurvivorship= 87.0051626814529
ICWorkerMiteSurvivorship= 50.3094803541899
ICForagerLifespan= 7.6892505697906
ImmType= Sine
AIAdultSlope= 0.856710706839804
AIAdultLD50= 0.447800521273166
AIAdultSlopeContact= 2.50229260917753
AIAdultLD50Contact= 0.0324416369548999
AILarvaSlope= 1.64709423556924
AILarvaLD50= 0.662792525184341
AIKOW= 6.99130180384964
AIKOC= 5.67338527878746
AIHalfLife= 4.46984850801528
EAppRate= 2.59647057391703
