ICQueenStrength= 2.61909805843607
RQWkrDrnRatio= 4.49325697310269
ICDroneMiteSurvivorship= 17.4447709694505
ICWorkerMiteSurvivorship= 11.3888334715739
ICForagerLifespan= 15.8273476669565
ImmType= Logarithmic
AIAdultSlope= 5.16630054218695
AIAdultLD50= 0.309878406114876
AIAdultSlopeContact= 3.8536660277308
AIAdultLD50Contact= 0.0110644563101232
AILarvaSlope= 0.62284495588392
AILarvaLD50= 0.871421894640662
AIKOW= 5.81155462516472
AIKOC= 10.9629028197378
AIHalfLife= 2.2102450625971
EAppRate= 8.43748321058229
