ICQueenStrength= 3.82242684392259
RQWkrDrnRatio= 3.88590007275343
ICDroneMiteSurvivorship= 77.4578195763752
ICWorkerMiteSurvivorship= 93.2525177486241
ICForagerLifespan= 15.6956138182431
ImmType= Cosine
AIAdultSlope= 3.0230392085854
AIAdultLD50= 0.303562416229397
AIAdultSlopeContact= 2.13772535689641
AIAdultLD50Contact= 0.028541781543754
AILarvaSlope= 1.07312166662887
AILarvaLD50= 0.167231229948811
AIKOW= 5.97186928568408
AIKOC= 6.67172831716016
AIHalfLife= 1.0771693661809
EAppRate= 6.09531060326844
