ICQueenStrength= 3.29021196253598
RQWkrDrnRatio= 1.81211358029395
ICDroneMiteSurvivorship= 35.5488683329895
ICWorkerMiteSurvivorship= 94.8823279934004
ICForagerLifespan= 13.1616023303941
ImmType= Sine
AIAdultSlope= 0.42309644312365
AIAdultLD50= 0.0817219831515104
AIAdultSlopeContact= 3.41658794544172
AIAdultLD50Contact= 0.0241400882834569
AILarvaSlope= 1.15302417809144
AILarvaLD50= 0.763024332071655
AIKOW= 2.96360705094412
AIKOC= 8.77637234632857
AIHalfLife= 3.28446463448927
EAppRate= 0.326743529783562
