ICQueenStrength= 4.10427599702962
RQWkrDrnRatio= 3.01581830903888
ICDroneMiteSurvivorship= 86.9026900734752
ICWorkerMiteSurvivorship= 67.1050150180236
ICForagerLifespan= 13.0369110545143
ImmType= Polynomial
AIAdultSlope= 2.8412245772779
AIAdultLD50= 0.325489569571801
AIAdultSlopeContact= 3.20213612215128
AIAdultLD50Contact= 0.0387352793593891
AILarvaSlope= 0.210923805786297
AILarvaLD50= 0.139370596432127
AIKOW= 6.3908363673836
AIKOC= 13.632819558261
AIHalfLife= 4.45406033773907
EAppRate= 2.0918890228495
