ICQueenStrength= 3.54104097490199
RQWkrDrnRatio= 1.73096176702529
ICDroneMiteSurvivorship= 33.21678256616
ICWorkerMiteSurvivorship= 61.2714403541759
ICForagerLifespan= 4.29196504782885
ImmType= Tangent
AIAdultSlope= 8.35325571475551
AIAdultLD50= 0.165126376203261
AIAdultSlopeContact= 3.0304649173189
AIAdultLD50Contact= 0.0239949009148404
AILarvaSlope= 6.38368864078075
AILarvaLD50= 0.153970851469785
AIKOW= 6.30603737104684
AIKOC= 5.94103086157702
AIHalfLife= 2.82270265510306
EAppRate= 7.16331443982199
