ICQueenStrength= 3.97955072019249
RQWkrDrnRatio= 2.97182024735957
ICDroneMiteSurvivorship= 5.58532169088721
ICWorkerMiteSurvivorship= 60.6292430311441
ICForagerLifespan= 7.53397076204419
ImmType= Logarithmic
AIAdultSlope= 2.81046803775011
AIAdultLD50= 0.00787308963481337
AIAdultSlopeContact= 2.5861582097481
AIAdultLD50Contact= 0.0474375762976706
AILarvaSlope= 0.0787842164281756
AILarvaLD50= 0.713042459869757
AIKOW= 4.69603476021439
AIKOC= 16.8521888391115
AIHalfLife= 2.97285802895203
EAppRate= 0.467310999543406
