ICQueenStrength= 3.35257357242517
RQWkrDrnRatio= 4.0111810574308
ICDroneMiteSurvivorship= 42.9098712746054
ICWorkerMiteSurvivorship= 52.2949560545385
ICForagerLifespan= 8.4194120913744
ImmType= Logarithmic
AIAdultSlope= 1.93995518110693
AIAdultLD50= 0.29163317847997
AIAdultSlopeContact= 0.941532277353108
AIAdultLD50Contact= 0.000968726724386215
AILarvaSlope= 1.57900532740168
AILarvaLD50= 0.558467990253121
AIKOW= 7.58423523278907
AIKOC= 17.9570347606204
AIHalfLife= 2.73636475438252
EAppRate= 8.04973354563117
