ICQueenStrength= 4.09846164775081
RQWkrDrnRatio= 1.59256202913821
ICDroneMiteSurvivorship= 87.134959641844
ICWorkerMiteSurvivorship= 43.1963494280353
ICForagerLifespan= 10.4810695312917
ImmType= Cosine
AIAdultSlope= 9.98793642967939
AIAdultLD50= 0.165920747560449
AIAdultSlopeContact= 0.133060492698569
AIAdultLD50Contact= 0.00155820254003629
AILarvaSlope= 2.29815613478422
AILarvaLD50= 0.177989872475155
AIKOW= 3.48531098850071
AIKOC= 8.24913720833138
AIHalfLife= 1.4662436011713
EAppRate= 5.43721432797611
