ICQueenStrength= 1.94435683218762
RQWkrDrnRatio= 1.25986348744482
ICDroneMiteSurvivorship= 89.8624466964975
ICWorkerMiteSurvivorship= 2.27150751743466
ICForagerLifespan= 8.26169538497925
ImmType= Exponential
AIAdultSlope= 4.64242149610072
AIAdultLD50= 0.0720540628535673
AIAdultSlopeContact= 3.63387457663659
AIAdultLD50Contact= 0.0262677104095928
AILarvaSlope= 2.79518452091143
AILarvaLD50= 0.246218320797198
AIKOW= 4.81059526558965
AIKOC= 16.2204049131833
AIHalfLife= 2.98680226551369
EAppRate= 4.02206738013774
