ICQueenStrength= 3.33403882943094
RQWkrDrnRatio= 4.64544481784105
ICDroneMiteSurvivorship= 69.1554600838572
ICWorkerMiteSurvivorship= 73.445003433153
ICForagerLifespan= 10.1047598812729
ImmType= Cosine
AIAdultSlope= 7.71552493795753
AIAdultLD50= 0.166924418415874
AIAdultSlopeContact= 1.22730888788123
AIAdultLD50Contact= 0.0371418672148138
AILarvaSlope= 1.10708004385233
AILarvaLD50= 0.297648310521618
AIKOW= 6.00000502262264
AIKOC= 18.549894845346
AIHalfLife= 4.59914872073568
EAppRate= 5.1943973149173
