ICQueenStrength= 3.19573986134492
RQWkrDrnRatio= 4.27780338935554
ICDroneMiteSurvivorship= 70.3478235984221
ICWorkerMiteSurvivorship= 18.6525280820206
ICForagerLifespan= 10.8611629847437
ImmType= Cosine
AIAdultSlope= 4.50177051126957
AIAdultLD50= 0.41797773190774
AIAdultSlopeContact= 1.40114313268801
AIAdultLD50Contact= 0.0267496295040473
AILarvaSlope= 0.650032418780029
AILarvaLD50= 0.834185687103309
AIKOW= 3.23194612609223
AIKOC= 5.66237191203982
AIHalfLife= 1.25641800928861
EAppRate= 6.6431172285229
