ICQueenStrength= 2.78889669361524
RQWkrDrnRatio= 2.18754337262362
ICDroneMiteSurvivorship= 43.6931243864819
ICWorkerMiteSurvivorship= 58.006011438556
ICForagerLifespan= 4.19846758339554
ImmType= Logarithmic
AIAdultSlope= 6.23599593294784
AIAdultLD50= 0.0623959468211979
AIAdultSlopeContact= 2.32855657302775
AIAdultLD50Contact= 0.027351533586625
AILarvaSlope= 2.96121305967681
AILarvaLD50= 0.235563580552116
AIKOW= 6.91367054590955
AIKOC= 19.7024791396689
AIHalfLife= 0.310702772112563
EAppRate= 4.87741643097252
