ICQueenStrength= 5.16845495463349
RQWkrDrnRatio= 1.38140751607716
ICDroneMiteSurvivorship= 77.1258654771373
ICWorkerMiteSurvivorship= 84.3257771339267
ICForagerLifespan= 9.21667756233364
ImmType= Sine
AIAdultSlope= 2.7660173944803
AIAdultLD50= 0.485316366888583
AIAdultSlopeContact= 3.75422689345898
AIAdultLD50Contact= 0.0135069257579744
AILarvaSlope= 2.78526487452909
AILarvaLD50= 0.506474096258171
AIKOW= 3.42830442590639
AIKOC= 13.7927558459342
AIHalfLife= 0.0732724997214973
EAppRate= 7.87341937655583
