ICQueenStrength= 2.26615483663045
RQWkrDrnRatio= 4.12311361823231
ICDroneMiteSurvivorship= 54.1465539252385
ICWorkerMiteSurvivorship= 98.1138463364914
ICForagerLifespan= 13.8921456253156
ImmType= Logarithmic
AIAdultSlope= 0.810081922947429
AIAdultLD50= 0.252907164162025
AIAdultSlopeContact= 1.18065546512604
AIAdultLD50Contact= 0.0475669921957888
AILarvaSlope= 3.00135960672051
AILarvaLD50= 0.780156157398596
AIKOW= 3.01581433136016
AIKOC= 13.0910853808746
AIHalfLife= 4.44885847973637
EAppRate= 0.177869879081845
