ICQueenStrength= 4.27823453000747
RQWkrDrnRatio= 2.91005684714764
ICDroneMiteSurvivorship= 67.9684973321855
ICWorkerMiteSurvivorship= 0.577733479440212
ICForagerLifespan= 14.9519734168425
ImmType= Cosine
AIAdultSlope= 1.70003848231863
AIAdultLD50= 0.202465492300689
AIAdultSlopeContact= 2.89106953572482
AIAdultLD50Contact= 0.0118409353657626
AILarvaSlope= 2.06931539084762
AILarvaLD50= 0.402526419656351
AIKOW= 6.25592558179051
AIKOC= 21.6396513115615
AIHalfLife= 4.70726999687031
EAppRate= 0.49399779853411
