ICQueenStrength= 3.41918434971012
RQWkrDrnRatio= 2.64644859079272
ICDroneMiteSurvivorship= 71.4803187875077
ICWorkerMiteSurvivorship= 63.8804911868647
ICForagerLifespan= 8.83822535257787
ImmType= Sine
AIAdultSlope= 3.8813529412332
AIAdultLD50= 0.19439266808331
AIAdultSlopeContact= 2.03777152229799
AIAdultLD50Contact= 0.0161153028369881
AILarvaSlope= 1.88660947098397
AILarvaLD50= 0.739108789642342
AIKOW= 2.70163336908445
AIKOC= 15.055820090929
AIHalfLife= 0.806911628460512
EAppRate= 9.91256349952891
