ICQueenStrength= 2.28345071570948
RQWkrDrnRatio= 3.53243841696531
ICDroneMiteSurvivorship= 72.9487844742835
ICWorkerMiteSurvivorship= 62.7965040737763
ICForagerLifespan= 5.16973464749753
ImmType= Tangent
AIAdultSlope= 1.40558491381584
AIAdultLD50= 0.198660060064867
AIAdultSlopeContact= 1.80028088359628
AIAdultLD50Contact= 0.00777897050138563
AILarvaSlope= 2.89538162145764
AILarvaLD50= 0.381622763047926
AIKOW= 4.21430890634656
AIKOC= 21.5889089694247
AIHalfLife= 4.83742887969129
EAppRate= 3.08986545307562
