ICQueenStrength= 1.21347816800699
RQWkrDrnRatio= 4.59939494449645
ICDroneMiteSurvivorship= 92.5967310555279
ICWorkerMiteSurvivorship= 12.6039732480422
ICForagerLifespan= 12.5726331267506
ImmType= Cosine
AIAdultSlope= 3.39662613392109
AIAdultLD50= 0.468661144608632
AIAdultSlopeContact= 3.35717912971973
AIAdultLD50Contact= 0.048976491484791
AILarvaSlope= 0.904512112401426
AILarvaLD50= 0.710003998386674
AIKOW= 2.84395508561283
AIKOC= 14.2841064732056
AIHalfLife= 4.30578800151125
EAppRate= 0.57202706981916
