ICQueenStrength= 1.63165221130475
RQWkrDrnRatio= 1.96721878275275
ICDroneMiteSurvivorship= 18.8129419460893
ICWorkerMiteSurvivorship= 19.3930191453546
ICForagerLifespan= 6.12505254801363
ImmType= Logarithmic
AIAdultSlope= 3.6511955526215
AIAdultLD50= 0.111526228371076
AIAdultSlopeContact= 0.918911145888269
AIAdultLD50Contact= 0.00143610192462802
AILarvaSlope= 1.50176153248176
AILarvaLD50= 0.242385195381939
AIKOW= 3.46689499588683
AIKOC= 21.7206350306515
AIHalfLife= 1.02250032941811
EAppRate= 4.96494994265959
