ICQueenStrength= 5.26721811410971
RQWkrDrnRatio= 1.92514904588461
ICDroneMiteSurvivorship= 26.3116482412443
ICWorkerMiteSurvivorship= 67.0452544931322
ICForagerLifespan= 8.21977023687214
ImmType= Exponential
AIAdultSlope= 2.96943106762134
AIAdultLD50= 0.325336891110055
AIAdultSlopeContact= 2.73863816983765
AIAdultLD50Contact= 0.0246157742687501
AILarvaSlope= 2.26339612938464
AILarvaLD50= 0.410256807133555
AIKOW= 7.0424801427871
AIKOC= 29.0670809173025
AIHalfLife= 1.10618895851076
EAppRate= 0.62438363567926
