ICQueenStrength= 2.86123124323785
RQWkrDrnRatio= 3.28666636534035
ICDroneMiteSurvivorship= 55.8197232196108
ICWorkerMiteSurvivorship= 58.7234191829339
ICForagerLifespan= 9.6285595735535
ImmType= Polynomial
AIAdultSlope= 5.49471994163468
AIAdultLD50= 0.396737733623013
AIAdultSlopeContact= 2.56943960441044
AIAdultLD50Contact= 0.0425693674711511
AILarvaSlope= 0.430264443345368
AILarvaLD50= 0.829811184830032
AIKOW= 3.78485768288374
AIKOC= 15.5937558924779
AIHalfLife= 2.00457287020981
EAppRate= 6.93914436502382
