ICQueenStrength= 4.62071423442103
RQWkrDrnRatio= 1.09507070947438
ICDroneMiteSurvivorship= 38.4750331752002
ICWorkerMiteSurvivorship= 83.0907570198178
ICForagerLifespan= 4.57337383180857
ImmType= Logarithmic
AIAdultSlope= 8.02663316950202
AIAdultLD50= 0.180825215764344
AIAdultSlopeContact= 3.72355490948539
AIAdultLD50Contact= 0.000194764987099916
AILarvaSlope= 2.97026188699529
AILarvaLD50= 0.402827566978522
AIKOW= 6.58577957982197
AIKOC= 21.6031885077246
AIHalfLife= 2.75505156838335
EAppRate= 0.0407655443996191
