ICQueenStrength= 3.55214983248152
RQWkrDrnRatio= 1.2345699891448
ICDroneMiteSurvivorship= 84.2954447027296
ICWorkerMiteSurvivorship= 34.8235366167501
ICForagerLifespan= 4.4547639619559
ImmType= Cosine
AIAdultSlope= 1.03059505472425
AIAdultLD50= 0.275203368626535
AIAdultSlopeContact= 3.69410121282795
AIAdultLD50Contact= 0.00960433688014746
AILarvaSlope= 3.32893858100288
AILarvaLD50= 0.826325062243268
AIKOW= 6.4060511183925
AIKOC= 24.8313931352459
AIHalfLife= 3.06777645484544
EAppRate= 0.429987406823784
