ICQueenStrength= 1.71721996180713
RQWkrDrnRatio= 1.7990376567468
ICDroneMiteSurvivorship= 42.8988648811355
ICWorkerMiteSurvivorship= 16.3846614537761
ICForagerLifespan= 6.42032499145716
ImmType= Exponential
AIAdultSlope= 8.70179703226313
AIAdultLD50= 0.253918401082046
AIAdultSlopeContact= 1.94284360303776
AIAdultLD50Contact= 0.016678028809838
AILarvaSlope= 2.05633549951017
AILarvaLD50= 0.0441353061469272
AIKOW= 2.76103048119694
AIKOC= 23.3156267914455
AIHalfLife= 0.361942060990259
EAppRate= 4.05766242416576
