ICQueenStrength= 4.50843449239619
RQWkrDrnRatio= 4.54904989618808
ICDroneMiteSurvivorship= 57.7054475899786
ICWorkerMiteSurvivorship= 21.7161217238754
ICForagerLifespan= 13.9102369155735
ImmType= Exponential
AIAdultSlope= 3.70429172003176
AIAdultLD50= 0.459841190022416
AIAdultSlopeContact= 2.78976421553409
AIAdultLD50Contact= 0.0379338976345025
AILarvaSlope= 1.27267644605599
AILarvaLD50= 0.761488875118084
AIKOW= 5.67195788212121
AIKOC= 21.4741386310197
AIHalfLife= 2.26030805963092
EAppRate= 9.81954155256972
