ICQueenStrength= 2.69589215889573
RQWkrDrnRatio= 4.92504543066025
ICDroneMiteSurvivorship= 82.4989832006395
ICWorkerMiteSurvivorship= 52.3735572583973
ICForagerLifespan= 12.3883671863005
ImmType= Logarithmic
AIAdultSlope= 3.40831453794614
AIAdultLD50= 0.404888997436501
AIAdultSlopeContact= 2.42301409012405
AIAdultLD50Contact= 0.00926838143495843
AILarvaSlope= 0.681359351566061
AILarvaLD50= 0.767288224236108
AIKOW= 3.49882994359359
AIKOC= 12.6162498560734
AIHalfLife= 3.03579885978252
EAppRate= 2.64504599152133
