ICQueenStrength= 4.74539460171945
RQWkrDrnRatio= 4.1592215327546
ICDroneMiteSurvivorship= 7.82403592020273
ICWorkerMiteSurvivorship= 7.24999075755477
ICForagerLifespan= 13.3040339993313
ImmType= Cosine
AIAdultSlope= 2.27011857554317
AIAdultLD50= 0.274630196392536
AIAdultSlopeContact= 0.461677211083006
AIAdultLD50Contact= 0.003832193731796
AILarvaSlope= 5.53631260758266
AILarvaLD50= 0.575105897476897
AIKOW= 4.38244559243321
AIKOC= 21.6600865428336
AIHalfLife= 3.95632812869735
EAppRate= 1.72460698988289
