ICQueenStrength= 2.97984835132957
RQWkrDrnRatio= 4.40405158605427
ICDroneMiteSurvivorship= 29.1354867629707
ICWorkerMiteSurvivorship= 60.9611583407968
ICForagerLifespan= 4.47599767521024
ImmType= Tangent
AIAdultSlope= 1.00906185345026
AIAdultLD50= 0.101704663829878
AIAdultSlopeContact= 2.85173844132805
AIAdultLD50Contact= 0.0351971234893426
AILarvaSlope= 2.04263579379767
AILarvaLD50= 0.0256942977430299
AIKOW= 2.26749737421051
AIKOC= 20.9870455798227
AIHalfLife= 4.82785419211723
EAppRate= 1.72120221890509
