ICQueenStrength= 3.74898868636228
RQWkrDrnRatio= 4.38605822157115
ICDroneMiteSurvivorship= 42.6379717886448
ICWorkerMiteSurvivorship= 6.85687155928463
ICForagerLifespan= 13.4793664962053
ImmType= Cosine
AIAdultSlope= 7.97278215177357
AIAdultLD50= 0.00373953068628907
AIAdultSlopeContact= 2.399742608706
AIAdultLD50Contact= 0.0197528323507868
AILarvaSlope= 3.97963134804741
AILarvaLD50= 0.0464751850347966
AIKOW= 6.25795815140009
AIKOC= 12.2695098991971
AIHalfLife= 1.29939317237586
EAppRate= 5.22072089603171
