ICQueenStrength= 5.73440057598054
RQWkrDrnRatio= 4.63759610708803
ICDroneMiteSurvivorship= 80.9874234721065
ICWorkerMiteSurvivorship= 17.1911663375795
ICForagerLifespan= 8.29708479717374
ImmType= Cosine
AIAdultSlope= 2.80183287351625
AIAdultLD50= 0.235943032894284
AIAdultSlopeContact= 1.62340994447004
AIAdultLD50Contact= 0.0206238137208857
AILarvaSlope= 0.281741035636514
AILarvaLD50= 0.0362538072047755
AIKOW= 6.70755030307919
AIKOC= 13.9404173544608
AIHalfLife= 1.79709218908101
EAppRate= 1.92191579844803
