ICQueenStrength= 3.71306354668923
RQWkrDrnRatio= 4.22904917225242
ICDroneMiteSurvivorship= 65.852539986372
ICWorkerMiteSurvivorship= 49.0188170690089
ICForagerLifespan= 13.0231672646478
ImmType= Sine
AIAdultSlope= 2.64326480570482
AIAdultLD50= 0.0230905382195488
AIAdultSlopeContact= 3.87327543589287
AIAdultLD50Contact= 0.00257599772885442
AILarvaSlope= 2.95873208888806
AILarvaLD50= 0.378911461494863
AIKOW= 7.000622513704
AIKOC= 25.304102008231
AIHalfLife= 1.21840277104639
EAppRate= 0.390211767400615
