ICQueenStrength= 1.30331093934365
RQWkrDrnRatio= 3.50478562898934
ICDroneMiteSurvivorship= 54.9695803318173
ICWorkerMiteSurvivorship= 45.2354970388114
ICForagerLifespan= 12.0270552616566
ImmType= Sine
AIAdultSlope= 2.18073976775631
AIAdultLD50= 0.183800616534427
AIAdultSlopeContact= 3.29879537743516
AIAdultLD50Contact= 0.0416010826593265
AILarvaSlope= 0.593448332045227
AILarvaLD50= 0.333266528905369
AIKOW= 3.89153579482809
AIKOC= 27.9650159308221
AIHalfLife= 4.72433127113618
EAppRate= 0.523097984632477
