ICQueenStrength= 3.57067013415508
RQWkrDrnRatio= 4.94094821810722
ICDroneMiteSurvivorship= 83.157424768433
ICWorkerMiteSurvivorship= 81.8068790249527
ICForagerLifespan= 13.7129672849551
ImmType= Polynomial
AIAdultSlope= 3.67450055778958
AIAdultLD50= 0.388613724615425
AIAdultSlopeContact= 1.51797908840468
AIAdultLD50Contact= 0.047214870271273
AILarvaSlope= 1.68268535509706
AILarvaLD50= 0.826688195206225
AIKOW= 6.47003955347463
AIKOC= 14.6807134104893
AIHalfLife= 2.97535804915242
EAppRate= 6.91153635969386
