ICQueenStrength= 1.91874185716733
RQWkrDrnRatio= 3.74898480717093
ICDroneMiteSurvivorship= 89.4529934739694
ICWorkerMiteSurvivorship= 66.5705661289394
ICForagerLifespan= 9.66920515988022
ImmType= Polynomial
AIAdultSlope= 2.89642163622659
AIAdultLD50= 0.132195133599453
AIAdultSlopeContact= 3.61207622964866
AIAdultLD50Contact= 0.0331203278736211
AILarvaSlope= 1.49477801467292
AILarvaLD50= 0.333798364223912
AIKOW= 3.28514215676114
AIKOC= 15.6086527463049
AIHalfLife= 4.90239186561666
EAppRate= 0.0876414058031514
