ICQueenStrength= 5.60205291281454
RQWkrDrnRatio= 3.94803629443049
ICDroneMiteSurvivorship= 32.109672925435
ICWorkerMiteSurvivorship= 84.2068372294307
ICForagerLifespan= 4.09063940029591
ImmType= Sine
AIAdultSlope= 9.17356549063697
AIAdultLD50= 0.12039255653508
AIAdultSlopeContact= 3.66158783552237
AIAdultLD50Contact= 0.0346410535858013
AILarvaSlope= 5.02457056660205
AILarvaLD50= 0.51104491003789
AIKOW= 6.80438572494313
AIKOC= 14.0870371612255
AIHalfLife= 2.34735626610927
EAppRate= 8.2830674527213
