ICQueenStrength= 2.07649750891142
RQWkrDrnRatio= 1.25331286899745
ICDroneMiteSurvivorship= 34.2707213945687
ICWorkerMiteSurvivorship= 76.5523088630289
ICForagerLifespan= 10.4628345360979
ImmType= Polynomial
AIAdultSlope= 1.30719628066057
AIAdultLD50= 0.374427866190672
AIAdultSlopeContact= 1.5041484310152
AIAdultLD50Contact= 0.0444459559395909
AILarvaSlope= 2.12286748476326
AILarvaLD50= 0.452858191053383
AIKOW= 7.39332948252559
AIKOC= 26.6752385837026
AIHalfLife= 3.8178768218495
EAppRate= 5.9947303426452
