ICQueenStrength= 2.87353899120353
RQWkrDrnRatio= 3.63858531694859
ICDroneMiteSurvivorship= 22.1942766802385
ICWorkerMiteSurvivorship= 75.2509041922167
ICForagerLifespan= 11.0101521546021
ImmType= Exponential
AIAdultSlope= 5.99376725964248
AIAdultLD50= 0.183615543763153
AIAdultSlopeContact= 0.938592981894035
AIAdultLD50Contact= 0.0164251279667951
AILarvaSlope= 2.42277044104412
AILarvaLD50= 0.703784172353335
AIKOW= 3.30395969282836
AIKOC= 29.4977537775412
AIHalfLife= 4.77631165878847
EAppRate= 5.62405410921201
