ICQueenStrength= 3.63033685507253
RQWkrDrnRatio= 4.3324735276401
ICDroneMiteSurvivorship= 97.0166981453076
ICWorkerMiteSurvivorship= 69.1665251273662
ICForagerLifespan= 14.2805633507669
ImmType= Sine
AIAdultSlope= 7.98435678938404
AIAdultLD50= 0.309220458962955
AIAdultSlopeContact= 1.13365586575354
AIAdultLD50Contact= 0.0495378894382156
AILarvaSlope= 0.948109019175172
AILarvaLD50= 0.0804056363878772
AIKOW= 5.12811746960506
AIKOC= 20.1347130769864
AIHalfLife= 4.96488640201278
EAppRate= 9.00075127836317
