ICQueenStrength= 4.00676332088187
RQWkrDrnRatio= 4.6221418324858
ICDroneMiteSurvivorship= 83.3844367181882
ICWorkerMiteSurvivorship= 73.1202262220904
ICForagerLifespan= 5.98186941351742
ImmType= Tangent
AIAdultSlope= 5.63604163937271
AIAdultLD50= 0.155774940503761
AIAdultSlopeContact= 1.73429629605263
AIAdultLD50Contact= 0.0106874663964845
AILarvaSlope= 0.351452315039933
AILarvaLD50= 0.503837397205643
AIKOW= 3.30277157062665
AIKOC= 7.55806559580378
AIHalfLife= 4.0405076672323
EAppRate= 4.84842570964247
