ICQueenStrength= 5.50562808895484
RQWkrDrnRatio= 3.74453657586128
ICDroneMiteSurvivorship= 4.30935909971595
ICWorkerMiteSurvivorship= 94.8197605088353
ICForagerLifespan= 4.99518896546215
ImmType= Sine
AIAdultSlope= 1.1036462304485
AIAdultLD50= 0.427624790347181
AIAdultSlopeContact= 3.42940312701976
AIAdultLD50Contact= 0.00339589418144897
AILarvaSlope= 3.22583981365897
AILarvaLD50= 0.30221013952978
AIKOW= 7.88002225663513
AIKOC= 11.202661676798
AIHalfLife= 1.29822419607081
EAppRate= 0.560901480098255
