ICQueenStrength= 5.46268849424087
RQWkrDrnRatio= 1.07843877095729
ICDroneMiteSurvivorship= 58.7959586875513
ICWorkerMiteSurvivorship= 51.5628249850124
ICForagerLifespan= 6.84315878339112
ImmType= Sine
AIAdultSlope= 1.40415966901928
AIAdultLD50= 0.0385276370216161
AIAdultSlopeContact= 1.84503410988953
AIAdultLD50Contact= 0.0411613612086512
AILarvaSlope= 1.31882671923377
AILarvaLD50= 0.672371069504879
AIKOW= 7.27690061321482
AIKOC= 27.943533200305
AIHalfLife= 4.27182522602379
EAppRate= 8.40109941549599
