ICQueenStrength= 2.75474449060857
RQWkrDrnRatio= 1.34384410362691
ICDroneMiteSurvivorship= 99.099990609102
ICWorkerMiteSurvivorship= 37.0018848450854
ICForagerLifespan= 12.3106030626222
ImmType= Logarithmic
AIAdultSlope= 9.96960615273565
AIAdultLD50= 0.309627048671246
AIAdultSlopeContact= 2.55953924504807
AIAdultLD50Contact= 0.019892639410682
AILarvaSlope= 3.54800934204832
AILarvaLD50= 0.677638049796224
AIKOW= 2.89434916060418
AIKOC= 22.7861055650283
AIHalfLife= 1.54964302200824
EAppRate= 0.0555248674936593
