ICQueenStrength= 2.31588468444534
RQWkrDrnRatio= 1.91423323750496
ICDroneMiteSurvivorship= 73.0664972681552
ICWorkerMiteSurvivorship= 71.1196253309026
ICForagerLifespan= 4.300527038984
ImmType= Sine
AIAdultSlope= 8.69585883338004
AIAdultLD50= 0.459472107933834
AIAdultSlopeContact= 0.84235457013594
AIAdultLD50Contact= 0.046937364328187
AILarvaSlope= 1.39496272713877
AILarvaLD50= 0.601662145718001
AIKOW= 7.68757534539327
AIKOC= 12.7757248946
AIHalfLife= 4.40574525855482
EAppRate= 2.03831542748958
