ICQueenStrength= 2.75946864765137
RQWkrDrnRatio= 1.4895899174735
ICDroneMiteSurvivorship= 43.910213932395
ICWorkerMiteSurvivorship= 25.1470592105761
ICForagerLifespan= 8.63151980005205
ImmType= Tangent
AIAdultSlope= 1.07513731481507
AIAdultLD50= 0.462926488718949
AIAdultSlopeContact= 0.083592667998746
AIAdultLD50Contact= 0.0360486199962907
AILarvaSlope= 3.30337659185752
AILarvaLD50= 0.170763077912852
AIKOW= 3.51163720106706
AIKOC= 9.07731629675254
AIHalfLife= 1.20318009867333
EAppRate= 0.640213746088557
