ICQueenStrength= 4.12386930221692
RQWkrDrnRatio= 4.61710369307548
ICDroneMiteSurvivorship= 47.886649845168
ICWorkerMiteSurvivorship= 88.0471818614751
ICForagerLifespan= 8.00837915576994
ImmType= Sine
AIAdultSlope= 1.83175081645371
AIAdultLD50= 0.017934285919182
AIAdultSlopeContact= 3.18212633406976
AIAdultLD50Contact= 0.0468832453712821
AILarvaSlope= 1.54955630674958
AILarvaLD50= 0.738764926884323
AIKOW= 2.41311796475202
AIKOC= 25.8452234859578
AIHalfLife= 4.05725516029634
EAppRate= 0.62134000370279
