ICQueenStrength= 5.62948620435782
RQWkrDrnRatio= 1.50487167015672
ICDroneMiteSurvivorship= 80.7106524007395
ICWorkerMiteSurvivorship= 45.8000178448856
ICForagerLifespan= 13.2070078989491
ImmType= Sine
AIAdultSlope= 9.14606174454093
AIAdultLD50= 0.411544917034917
AIAdultSlopeContact= 0.98700036190683
AIAdultLD50Contact= 0.0141718960716389
AILarvaSlope= 1.70178869972005
AILarvaLD50= 0.677984817302786
AIKOW= 7.19538058387116
AIKOC= 10.3315626573749
AIHalfLife= 2.53226995351724
EAppRate= 6.64411040022969
