ICQueenStrength= 4.18174285814166
RQWkrDrnRatio= 1.59280019719154
ICDroneMiteSurvivorship= 43.7670908169821
ICWorkerMiteSurvivorship= 73.205750179477
ICForagerLifespan= 6.35199717245996
ImmType= Tangent
AIAdultSlope= 2.04840110946447
AIAdultLD50= 0.317680120235309
AIAdultSlopeContact= 2.93594649985665
AIAdultLD50Contact= 0.00134225115180016
AILarvaSlope= 3.13166777747683
AILarvaLD50= 0.692205099295825
AIKOW= 6.43124865600839
AIKOC= 12.602951611625
AIHalfLife= 1.52190994354896
EAppRate= 2.73840737063438
