ICQueenStrength= 2.27143084304407
RQWkrDrnRatio= 2.81157179642469
ICDroneMiteSurvivorship= 77.8056245995685
ICWorkerMiteSurvivorship= 41.6203959845006
ICForagerLifespan= 11.0993506582454
ImmType= Tangent
AIAdultSlope= 1.24665063675726
AIAdultLD50= 0.0920486743561924
AIAdultSlopeContact= 1.04171682072105
AIAdultLD50Contact= 0.00671558495378122
AILarvaSlope= 2.99719749134965
AILarvaLD50= 0.670774463843554
AIKOW= 4.32591816876084
AIKOC= 9.36285054311156
AIHalfLife= 3.42352328356355
EAppRate= 7.5367507035844
