ICQueenStrength= 5.2311432864517
RQWkrDrnRatio= 2.74958652816713
ICDroneMiteSurvivorship= 83.236851147376
ICWorkerMiteSurvivorship= 78.2142843585461
ICForagerLifespan= 4.92032139282674
ImmType= Cosine
AIAdultSlope= 8.766497108154
AIAdultLD50= 0.493802468292415
AIAdultSlopeContact= 3.44364316816907
AIAdultLD50Contact= 0.0417300433036871
AILarvaSlope= 1.45500635472126
AILarvaLD50= 0.780485441721976
AIKOW= 6.97439898224548
AIKOC= 27.5335581169929
AIHalfLife= 4.91308568627574
EAppRate= 1.31021632580087
