ICQueenStrength= 5.00435069692321
RQWkrDrnRatio= 4.27855637017637
ICDroneMiteSurvivorship= 62.9397497745231
ICWorkerMiteSurvivorship= 22.305419924669
ICForagerLifespan= 4.71114742290229
ImmType= Sine
AIAdultSlope= 9.2302723089233
AIAdultLD50= 0.287570664542727
AIAdultSlopeContact= 1.11269628231414
AIAdultLD50Contact= 0.0205508768325672
AILarvaSlope= 1.16346763665788
AILarvaLD50= 0.329083668789826
AIKOW= 3.72427718993276
AIKOC= 9.81119893374853
AIHalfLife= 4.06996224424802
EAppRate= 1.02230516029522
