ICQueenStrength= 3.73321232525632
RQWkrDrnRatio= 3.55807771440595
ICDroneMiteSurvivorship= 95.323747000657
ICWorkerMiteSurvivorship= 84.2480819439515
ICForagerLifespan= 12.6286098342389
ImmType= Logarithmic
AIAdultSlope= 1.46931541096419
AIAdultLD50= 0.434405878768303
AIAdultSlopeContact= 1.43570947435917
AIAdultLD50Contact= 0.00842793832998723
AILarvaSlope= 2.0007150166668
AILarvaLD50= 0.315900531434454
AIKOW= 6.55827589286491
AIKOC= 29.9502797960304
AIHalfLife= 4.26187278702855
EAppRate= 9.77497247979045
