ICQueenStrength= 3.37474109278992
RQWkrDrnRatio= 3.55325708258897
ICDroneMiteSurvivorship= 52.2315996233374
ICWorkerMiteSurvivorship= 77.7363461675122
ICForagerLifespan= 5.6738041434437
ImmType= Tangent
AIAdultSlope= 3.7163116959692
AIAdultLD50= 0.221825103159063
AIAdultSlopeContact= 0.933825451154262
AIAdultLD50Contact= 0.0326321906992234
AILarvaSlope= 2.72253226661123
AILarvaLD50= 0.0959464928833768
AIKOW= 6.63278633914888
AIKOC= 17.0327182812616
AIHalfLife= 3.37625126587227
EAppRate= 9.51089223846793
