ICQueenStrength= 5.00386480148882
RQWkrDrnRatio= 4.26351783890277
ICDroneMiteSurvivorship= 27.2892889333889
ICWorkerMiteSurvivorship= 92.9835307179019
ICForagerLifespan= 6.65286777168512
ImmType= Exponential
AIAdultSlope= 3.87491010782076
AIAdultLD50= 0.439064676291309
AIAdultSlopeContact= 3.18319758245023
AIAdultLD50Contact= 0.0496979440446012
AILarvaSlope= 0.272432964062318
AILarvaLD50= 0.0867179445689544
AIKOW= 2.68197720684111
AIKOC= 16.6666823509149
AIHalfLife= 3.15968554583378
EAppRate= 0.595820219372399
