ICQueenStrength= 4.93560239463113
RQWkrDrnRatio= 2.13804572541267
ICDroneMiteSurvivorship= 35.8991453656927
ICWorkerMiteSurvivorship= 15.2579136192799
ICForagerLifespan= 11.0694045908749
ImmType= Cosine
AIAdultSlope= 2.96812084688572
AIAdultLD50= 0.498036593198776
AIAdultSlopeContact= 1.83909959359327
AIAdultLD50Contact= 0.0330241705174558
AILarvaSlope= 1.18892803350464
AILarvaLD50= 0.158885693131015
AIKOW= 3.87076855544001
AIKOC= 7.13876645429991
AIHalfLife= 3.65823427331634
EAppRate= 0.409123694873415
