ICQueenStrength= 5.20378134585917
RQWkrDrnRatio= 3.06962902843952
ICDroneMiteSurvivorship= 36.0085304360837
ICWorkerMiteSurvivorship= 6.0868694446981
ICForagerLifespan= 7.15774578880519
ImmType= Tangent
AIAdultSlope= 0.357131411482114
AIAdultLD50= 0.144945570034906
AIAdultSlopeContact= 0.816364201598335
AIAdultLD50Contact= 0.0428026268607937
AILarvaSlope= 2.94211378274485
AILarvaLD50= 0.439361171750352
AIKOW= 6.44683006918058
AIKOC= 20.1203179673757
AIHalfLife= 2.93472141376697
EAppRate= 2.81106535578147
