ICQueenStrength= 5.38298592460342
RQWkrDrnRatio= 2.23150219768286
ICDroneMiteSurvivorship= 89.1845624195412
ICWorkerMiteSurvivorship= 97.2707488574088
ICForagerLifespan= 10.734796593897
ImmType= Exponential
AIAdultSlope= 2.87396170919063
AIAdultLD50= 0.358675096533261
AIAdultSlopeContact= 1.4485735200718
AIAdultLD50Contact= 0.04284254219383
AILarvaSlope= 1.76232985407114
AILarvaLD50= 0.725325549510308
AIKOW= 4.36175462976098
AIKOC= 26.1327895754948
AIHalfLife= 1.06841827859171
EAppRate= 0.315734948520549
