ICQueenStrength= 1.04018084378913
RQWkrDrnRatio= 4.1314894547686
ICDroneMiteSurvivorship= 65.6107787508518
ICWorkerMiteSurvivorship= 90.6241325428709
ICForagerLifespan= 14.9720871681347
ImmType= Exponential
AIAdultSlope= 0.196770756826736
AIAdultLD50= 0.148019040818326
AIAdultSlopeContact= 0.325327721633948
AIAdultLD50Contact= 0.00407975603593513
AILarvaSlope= 0.774379987781867
AILarvaLD50= 0.373679238860495
AIKOW= 5.42364107538015
AIKOC= 14.8702004703227
AIHalfLife= 1.52811418985948
EAppRate= 0.695003620930947
