ICQueenStrength= 4.06792245479301
RQWkrDrnRatio= 2.23921246640384
ICDroneMiteSurvivorship= 35.3001651819795
ICWorkerMiteSurvivorship= 23.2974334387109
ICForagerLifespan= 6.98761496972293
ImmType= Sine
AIAdultSlope= 2.61358794190921
AIAdultLD50= 0.186440419754945
AIAdultSlopeContact= 2.75549303237814
AIAdultLD50Contact= 0.0301361638004892
AILarvaSlope= 3.1408532415051
AILarvaLD50= 0.84177849192638
AIKOW= 4.61620905157179
AIKOC= 21.567633615341
AIHalfLife= 4.54068444785662
EAppRate= 0.348155940882862
