ICQueenStrength= 3.73623922956176
RQWkrDrnRatio= 4.5071821892634
ICDroneMiteSurvivorship= 7.37197827547789
ICWorkerMiteSurvivorship= 77.8274282580242
ICForagerLifespan= 12.6356310499832
ImmType= Cosine
AIAdultSlope= 3.02654656402068
AIAdultLD50= 0.0817323905648664
AIAdultSlopeContact= 2.01989832998486
AIAdultLD50Contact= 0.0100107857375406
AILarvaSlope= 0.979998700320721
AILarvaLD50= 0.399531361763366
AIKOW= 4.87022213684395
AIKOC= 5.78807995887473
AIHalfLife= 4.79082037461922
EAppRate= 4.95780061697587
