ICQueenStrength= 4.99133587954566
RQWkrDrnRatio= 3.32481225207448
ICDroneMiteSurvivorship= 68.1688768789172
ICWorkerMiteSurvivorship= 88.2035861257464
ICForagerLifespan= 9.9257929995656
ImmType= Tangent
AIAdultSlope= 5.65809542313218
AIAdultLD50= 0.0207684997003525
AIAdultSlopeContact= 2.90411493287422
AIAdultLD50Contact= 0.0220523013500497
AILarvaSlope= 2.64078993815929
AILarvaLD50= 0.719278607773595
AIKOW= 4.96643100725487
AIKOC= 6.1887266067788
AIHalfLife= 3.2888133241795
EAppRate= 4.27667700918391
