ICQueenStrength= 5.51412967173383
RQWkrDrnRatio= 4.48542343359441
ICDroneMiteSurvivorship= 50.8767976658419
ICWorkerMiteSurvivorship= 16.5311862714589
ICForagerLifespan= 8.74290265329182
ImmType= Cosine
AIAdultSlope= 7.85498031880707
AIAdultLD50= 0.107819185242988
AIAdultSlopeContact= 1.1017686808412
AIAdultLD50Contact= 0.0382979082758538
AILarvaSlope= 9.95905001880601
AILarvaLD50= 0.15038441196084
AIKOW= 2.48631211975589
AIKOC= 11.0302944330033
AIHalfLife= 0.932547695701942
EAppRate= 1.35385887231678
