ICQueenStrength= 5.52460005530156
RQWkrDrnRatio= 4.52813783008605
ICDroneMiteSurvivorship= 16.4145143702626
ICWorkerMiteSurvivorship= 71.7425226699561
ICForagerLifespan= 9.53297513537109
ImmType= Polynomial
AIAdultSlope= 0.494269684015308
AIAdultLD50= 0.452572670881636
AIAdultSlopeContact= 3.3729604380182
AIAdultLD50Contact= 0.0151421598275192
AILarvaSlope= 1.40244433726184
AILarvaLD50= 0.379318284918554
AIKOW= 5.21961219701916
AIKOC= 16.9961840799078
AIHalfLife= 4.88915873109363
EAppRate= 6.28031448228285
