ICQueenStrength= 2.46620742045343
RQWkrDrnRatio= 2.86257717572153
ICDroneMiteSurvivorship= 10.2917153621092
ICWorkerMiteSurvivorship= 97.8208771441132
ICForagerLifespan= 6.83697135746479
ImmType= Cosine
AIAdultSlope= 1.26186769615626
AIAdultLD50= 0.444948670919985
AIAdultSlopeContact= 2.48985209075734
AIAdultLD50Contact= 0.0386904444894753
AILarvaSlope= 0.637949098693207
AILarvaLD50= 0.863962925761007
AIKOW= 3.36209054384381
AIKOC= 19.1345775919035
AIHalfLife= 1.57452105428092
EAppRate= 0.371153447055258
