ICQueenStrength= 3.98602298018523
RQWkrDrnRatio= 3.33421028871089
ICDroneMiteSurvivorship= 82.8579715220258
ICWorkerMiteSurvivorship= 70.593986613676
ICForagerLifespan= 9.33851031027734
ImmType= Logarithmic
AIAdultSlope= 3.20380037773401
AIAdultLD50= 0.175988579750992
AIAdultSlopeContact= 3.09532445213059
AIAdultLD50Contact= 0.027610246592667
AILarvaSlope= 1.81009523454122
AILarvaLD50= 0.212834434490651
AIKOW= 6.31495787994936
AIKOC= 7.37561144167557
AIHalfLife= 0.290449883323163
EAppRate= 3.8955905707553
