ICQueenStrength= 2.74477288965136
RQWkrDrnRatio= 2.58315277099609
ICDroneMiteSurvivorship= 27.4119965499267
ICWorkerMiteSurvivorship= 67.3425168730319
ICForagerLifespan= 10.9333842983469
ImmType= Logarithmic
AIAdultSlope= 2.019666522271
AIAdultLD50= 0.00735069101210684
AIAdultSlopeContact= 3.37665769945364
AIAdultLD50Contact= 0.00465544471517205
AILarvaSlope= 0.50625810297206
AILarvaLD50= 0.285975738801062
AIKOW= 5.70182882808149
AIKOC= 23.4748433704954
AIHalfLife= 4.7802700009197
EAppRate= 8.55732193216681
