ICQueenStrength= 2.13409723737277
RQWkrDrnRatio= 1.1556787500158
ICDroneMiteSurvivorship= 45.405858848244
ICWorkerMiteSurvivorship= 59.9771264474839
ICForagerLifespan= 15.4562552794814
ImmType= Cosine
AIAdultSlope= 0.541437123573851
AIAdultLD50= 0.163486656034365
AIAdultSlopeContact= 1.49365415766137
AIAdultLD50Contact= 0.0340754759381525
AILarvaSlope= 0.490194415859878
AILarvaLD50= 0.512793801049702
AIKOW= 4.80015654256567
AIKOC= 11.4014353847597
AIHalfLife= 1.30617824266665
EAppRate= 1.21162534458563
