ICQueenStrength= 3.05806343466975
RQWkrDrnRatio= 3.36363209132105
ICDroneMiteSurvivorship= 71.1877222638577
ICWorkerMiteSurvivorship= 64.6010002819821
ICForagerLifespan= 11.2071439251304
ImmType= Polynomial
AIAdultSlope= 3.61250447846716
AIAdultLD50= 0.487016357597895
AIAdultSlopeContact= 3.07535010386026
AIAdultLD50Contact= 0.029160469234921
AILarvaSlope= 2.53570788628422
AILarvaLD50= 0.742514500231482
AIKOW= 4.14939897879958
AIKOC= 26.8417264695745
AIHalfLife= 4.47775592678227
EAppRate= 0.29732398071792
