ICQueenStrength= 4.20716102723964
RQWkrDrnRatio= 3.90032168477774
ICDroneMiteSurvivorship= 53.7622912088409
ICWorkerMiteSurvivorship= 69.9940823717043
ICForagerLifespan= 4.62436233460903
ImmType= Tangent
AIAdultSlope= 5.72838120860979
AIAdultLD50= 0.106555831735022
AIAdultSlopeContact= 0.93612798019778
AIAdultLD50Contact= 0.0307975131436251
AILarvaSlope= 5.20427249604836
AILarvaLD50= 0.293164379149675
AIKOW= 5.20306632714346
AIKOC= 23.6715009796899
AIHalfLife= 3.57113513513468
EAppRate= 6.27548804040998
