ICQueenStrength= 1.94904605299234
RQWkrDrnRatio= 2.43297805078328
ICDroneMiteSurvivorship= 75.4393839975819
ICWorkerMiteSurvivorship= 22.0224396558478
ICForagerLifespan= 6.21661236230284
ImmType= Sine
AIAdultSlope= 1.61551041961648
AIAdultLD50= 0.323706832597964
AIAdultSlopeContact= 3.25053761672694
AIAdultLD50Contact= 0.0185638273018412
AILarvaSlope= 3.13481636927463
AILarvaLD50= 0.845737199834548
AIKOW= 7.70483382092789
AIKOC= 25.710308564594
AIHalfLife= 3.88489882810973
EAppRate= 3.89841985888779
