ICQueenStrength= 4.96948594483547
RQWkrDrnRatio= 4.38474402669817
ICDroneMiteSurvivorship= 20.7441066158935
ICWorkerMiteSurvivorship= 26.2582711642608
ICForagerLifespan= 8.9833275321871
ImmType= Sine
AIAdultSlope= 3.84147509503411
AIAdultLD50= 0.0599289054516703
AIAdultSlopeContact= 1.09637526515638
AIAdultLD50Contact= 0.0450558361248113
AILarvaSlope= 0.496527136256918
AILarvaLD50= 0.195239001070149
AIKOW= 7.00527886627242
AIKOC= 19.7180498577654
AIHalfLife= 3.29213018296286
EAppRate= 8.88879033736885
