ICQueenStrength= 5.57618752378039
RQWkrDrnRatio= 4.08742112386972
ICDroneMiteSurvivorship= 39.039162825793
ICWorkerMiteSurvivorship= 68.1783795822412
ICForagerLifespan= 11.4350832160562
ImmType= Cosine
AIAdultSlope= 1.47171484306455
AIAdultLD50= 0.20001091400627
AIAdultSlopeContact= 0.4866875115945
AIAdultLD50Contact= 0.00752548505552113
AILarvaSlope= 4.75440009962767
AILarvaLD50= 0.721406285162084
AIKOW= 5.32904321094975
AIKOC= 23.4705900144763
AIHalfLife= 4.79839270235971
EAppRate= 4.03275215532631
