ICQueenStrength= 4.20942763471976
RQWkrDrnRatio= 3.13172573596239
ICDroneMiteSurvivorship= 8.13276872504503
ICWorkerMiteSurvivorship= 12.7258877037093
ICForagerLifespan= 12.9164343308657
ImmType= Sine
AIAdultSlope= 0.9986318605626
AIAdultLD50= 0.30640674114693
AIAdultSlopeContact= 1.29944416166749
AIAdultLD50Contact= 0.0453058035811409
AILarvaSlope= 0.931682962924242
AILarvaLD50= 0.829866941249929
AIKOW= 4.58054605824873
AIKOC= 28.231675894931
AIHalfLife= 0.363390936981887
EAppRate= 6.53857964789495
