ICQueenStrength= 5.40117708523758
RQWkrDrnRatio= 2.60899308882654
ICDroneMiteSurvivorship= 14.860292407684
ICWorkerMiteSurvivorship= 16.3898682687432
ICForagerLifespan= 6.37421544641256
ImmType= Logarithmic
AIAdultSlope= 3.62895309761167
AIAdultLD50= 0.135634264908731
AIAdultSlopeContact= 3.27603438723134
AIAdultLD50Contact= 0.0430508027086034
AILarvaSlope= 0.619153438927606
AILarvaLD50= 0.0676806934643537
AIKOW= 7.15517169190571
AIKOC= 7.65582682914101
AIHalfLife= 0.801109310705215
EAppRate= 1.10785545548424
