ICQueenStrength= 3.31196766952053
RQWkrDrnRatio= 3.19731749780476
ICDroneMiteSurvivorship= 26.832126849331
ICWorkerMiteSurvivorship= 4.32485097553581
ICForagerLifespan= 7.72253576107323
ImmType= Logarithmic
AIAdultSlope= 4.20321518555284
AIAdultLD50= 0.00728761462960392
AIAdultSlopeContact= 0.270760203176178
AIAdultLD50Contact= 0.0445507675060071
AILarvaSlope= 6.43665740266442
AILarvaLD50= 0.0743172293761745
AIKOW= 4.24529792973772
AIKOC= 18.0625860358123
AIHalfLife= 2.84288741997443
EAppRate= 7.94553488027304
