ICQueenStrength= 3.81785353086889
RQWkrDrnRatio= 2.30294010788202
ICDroneMiteSurvivorship= 34.8374685039744
ICWorkerMiteSurvivorship= 64.5110883750021
ICForagerLifespan= 9.69574673846364
ImmType= Polynomial
AIAdultSlope= 0.551068140005227
AIAdultLD50= 0.237702187267132
AIAdultSlopeContact= 0.6793880466884
AIAdultLD50Contact= 0.0121496854349971
AILarvaSlope= 2.94032589159906
AILarvaLD50= 0.888296475587413
AIKOW= 4.23459046054631
AIKOC= 29.7118002735078
AIHalfLife= 0.784467033809051
EAppRate= 6.74849651055411
