ICQueenStrength= 2.69725784449838
RQWkrDrnRatio= 2.85496214125305
ICDroneMiteSurvivorship= 48.4983645379543
ICWorkerMiteSurvivorship= 33.8001816533506
ICForagerLifespan= 5.8177036345005
ImmType= Polynomial
AIAdultSlope= 2.38621777261142
AIAdultLD50= 0.325914901215583
AIAdultSlopeContact= 3.41158255410148
AIAdultLD50Contact= 0.0125577908591367
AILarvaSlope= 0.862627372378483
AILarvaLD50= 0.151948679191992
AIKOW= 4.50269931415096
AIKOC= 24.6729845891241
AIHalfLife= 1.74944257363677
EAppRate= 5.09168850723654
