ICQueenStrength= 5.60924626328051
RQWkrDrnRatio= 3.1795853888616
ICDroneMiteSurvivorship= 45.9799494827166
ICWorkerMiteSurvivorship= 99.5064218295738
ICForagerLifespan= 13.6265282714739
ImmType= Cosine
AIAdultSlope= 0.155528420582414
AIAdultLD50= 0.145088199758902
AIAdultSlopeContact= 1.76661881847773
AIAdultLD50Contact= 0.00107388651231304
AILarvaSlope= 3.92751411767676
AILarvaLD50= 0.70336117814295
AIKOW= 3.26290115248412
AIKOC= 23.9601414371282
AIHalfLife= 1.74036575015634
EAppRate= 1.51436891406775
