ICQueenStrength= 5.2905131704174
RQWkrDrnRatio= 1.5405766768381
ICDroneMiteSurvivorship= 92.7420452004299
ICWorkerMiteSurvivorship= 96.5505177155137
ICForagerLifespan= 11.4922483963892
ImmType= Cosine
AIAdultSlope= 4.44326173979789
AIAdultLD50= 0.00726845627650619
AIAdultSlopeContact= 0.697091089293826
AIAdultLD50Contact= 0.0249123065150343
AILarvaSlope= 1.45473580211401
AILarvaLD50= 0.251247689011507
AIKOW= 3.31540526682511
AIKOC= 28.4908739221282
AIHalfLife= 1.38951843953691
EAppRate= 7.52608108101413
