ICQueenStrength= 5.48598974384367
RQWkrDrnRatio= 3.88955534994602
ICDroneMiteSurvivorship= 82.1061661466956
ICWorkerMiteSurvivorship= 33.8727725902572
ICForagerLifespan= 11.8697365587577
ImmType= Cosine
AIAdultSlope= 0.934093183642253
AIAdultLD50= 0.150166208157316
AIAdultSlopeContact= 1.8073358610319
AIAdultLD50Contact= 0.0302808416541666
AILarvaSlope= 2.68844387619756
AILarvaLD50= 0.00697231725789607
AIKOW= 7.93961175717413
AIKOC= 26.756370307412
AIHalfLife= 0.107349469326437
EAppRate= 3.67059173062444
