ICQueenStrength= 4.62314941128716
RQWkrDrnRatio= 4.07939540594816
ICDroneMiteSurvivorship= 45.8097786875442
ICWorkerMiteSurvivorship= 28.8935250137001
ICForagerLifespan= 4.72108860313892
ImmType= Logarithmic
AIAdultSlope= 2.73675028594444
AIAdultLD50= 0.00695159716997296
AIAdultSlopeContact= 3.39383484915365
AIAdultLD50Contact= 0.0314579738071188
AILarvaSlope= 2.03161949538626
AILarvaLD50= 0.403664534376003
AIKOW= 7.94121410464868
AIKOC= 7.90678287274204
AIHalfLife= 4.45107629289851
EAppRate= 4.87762840930372
