ICQueenStrength= 5.13926440407522
RQWkrDrnRatio= 1.32540883217007
ICDroneMiteSurvivorship= 39.4222801551223
ICWorkerMiteSurvivorship= 24.3361975997686
ICForagerLifespan= 14.4140591034666
ImmType= Polynomial
AIAdultSlope= 9.61108707124367
AIAdultLD50= 0.348327513202094
AIAdultSlopeContact= 1.96885226748884
AIAdultLD50Contact= 0.032235481205862
AILarvaSlope= 3.47489868057892
AILarvaLD50= 0.663907392066903
AIKOW= 6.35942034749314
AIKOC= 7.64954011072405
AIHalfLife= 0.819508099230006
EAppRate= 4.92606728803366
