ICQueenStrength= 4.2858733611647
RQWkrDrnRatio= 4.80980127491057
ICDroneMiteSurvivorship= 3.36350300349295
ICWorkerMiteSurvivorship= 90.9034203505144
ICForagerLifespan= 13.6606752928346
ImmType= Sine
AIAdultSlope= 0.797075245056767
AIAdultLD50= 0.269066838081926
AIAdultSlopeContact= 0.211799443806522
AIAdultLD50Contact= 0.0360368427122012
AILarvaSlope= 0.820796318724751
AILarvaLD50= 0.344076882116497
AIKOW= 2.99085888126865
AIKOC= 26.1479881836567
AIHalfLife= 2.13227670057677
EAppRate= 8.34516844013706
