ICQueenStrength= 2.69863760587759
RQWkrDrnRatio= 4.87327799759805
ICDroneMiteSurvivorship= 1.79824668448418
ICWorkerMiteSurvivorship= 6.96812404785305
ICForagerLifespan= 8.69442479591817
ImmType= Logarithmic
AIAdultSlope= 3.36348860564176
AIAdultLD50= 0.367764360969886
AIAdultSlopeContact= 1.23778093071654
AIAdultLD50Contact= 0.0249101965106092
AILarvaSlope= 2.62905730935745
AILarvaLD50= 0.645937908673659
AIKOW= 5.20640313765034
AIKOC= 19.8129736713599
AIHalfLife= 2.24492965382524
EAppRate= 0.669776401482522
