ICQueenStrength= 1.06125887623057
RQWkrDrnRatio= 1.52452011778951
ICDroneMiteSurvivorship= 88.0559689132497
ICWorkerMiteSurvivorship= 49.4898013072088
ICForagerLifespan= 11.8843271108344
ImmType= Polynomial
AIAdultSlope= 0.980988914931659
AIAdultLD50= 0.31583708524704
AIAdultSlopeContact= 0.858997250406537
AIAdultLD50Contact= 0.0333306597894989
AILarvaSlope= 2.08623563828878
AILarvaLD50= 0.232494766730815
AIKOW= 5.71033812779933
AIKOC= 29.8157635156531
AIHalfLife= 1.28305996884592
EAppRate= 8.5053198877722
