ICQueenStrength= 1.36004389170557
RQWkrDrnRatio= 3.43680950067937
ICDroneMiteSurvivorship= 73.9452771376818
ICWorkerMiteSurvivorship= 95.0655409600586
ICForagerLifespan= 14.0440274793655
ImmType= Sine
AIAdultSlope= 0.180970775624737
AIAdultLD50= 0.255513121723197
AIAdultSlopeContact= 2.27636113462038
AIAdultLD50Contact= 0.0292141693760641
AILarvaSlope= 0.0450441564898938
AILarvaLD50= 0.174305149493739
AIKOW= 4.05588171212003
AIKOC= 22.1168516098987
AIHalfLife= 2.27147271391004
EAppRate= 0.658200315246358
