ICQueenStrength= 2.42917464138009
RQWkrDrnRatio= 1.37535844370723
ICDroneMiteSurvivorship= 28.6301716696471
ICWorkerMiteSurvivorship= 67.7276608766988
ICForagerLifespan= 10.4425014527515
ImmType= Logarithmic
AIAdultSlope= 3.47026169067249
AIAdultLD50= 0.10195902781561
AIAdultSlopeContact= 1.31036063461332
AIAdultLD50Contact= 0.0133370070368983
AILarvaSlope= 0.173663105722517
AILarvaLD50= 0.338780464790761
AIKOW= 4.3282706127502
AIKOC= 25.7772322755773
AIHalfLife= 3.87066840776242
EAppRate= 3.22295017307624
