ICQueenStrength= 3.77663063723594
RQWkrDrnRatio= 2.25021420791745
ICDroneMiteSurvivorship= 36.3034367095679
ICWorkerMiteSurvivorship= 74.3038682034239
ICForagerLifespan= 15.0348526304588
ImmType= Logarithmic
AIAdultSlope= 4.76186397252604
AIAdultLD50= 0.327601789031178
AIAdultSlopeContact= 2.11059341760585
AIAdultLD50Contact= 0.00625988487154245
AILarvaSlope= 4.8644622345455
AILarvaLD50= 0.0953798885922879
AIKOW= 5.55548598431051
AIKOC= 15.6971521279775
AIHalfLife= 2.24068567506038
EAppRate= 8.86546263704076
