ICQueenStrength= 5.23283744137734
RQWkrDrnRatio= 3.8060067454353
ICDroneMiteSurvivorship= 36.4573519444093
ICWorkerMiteSurvivorship= 42.6145903067663
ICForagerLifespan= 12.8757699020207
ImmType= Tangent
AIAdultSlope= 9.81487679295242
AIAdultLD50= 0.0983373569324613
AIAdultSlopeContact= 1.86659513156628
AIAdultLD50Contact= 0.00449039273662493
AILarvaSlope= 5.74538422981277
AILarvaLD50= 0.608240809198469
AIKOW= 7.61112977750599
AIKOC= 26.0599011683371
AIHalfLife= 2.46175761800259
EAppRate= 2.53697378560901
