ICQueenStrength= 2.54031291953288
RQWkrDrnRatio= 1.4497027862817
ICDroneMiteSurvivorship= 84.272659313865
ICWorkerMiteSurvivorship= 57.5115453917533
ICForagerLifespan= 4.21798344794661
ImmType= Sine
AIAdultSlope= 2.93198378434405
AIAdultLD50= 0.252086120541207
AIAdultSlopeContact= 0.767494491767138
AIAdultLD50Contact= 0.0241885259980336
AILarvaSlope= 1.68280468215235
AILarvaLD50= 0.232678552111611
AIKOW= 6.28670090995729
AIKOC= 15.7636094093323
AIHalfLife= 2.09469317225739
EAppRate= 5.22248290712014
