ICQueenStrength= 2.10720252385363
RQWkrDrnRatio= 3.60727461613715
ICDroneMiteSurvivorship= 3.05642324965447
ICWorkerMiteSurvivorship= 91.8890061788261
ICForagerLifespan= 5.7369767986238
ImmType= Logarithmic
AIAdultSlope= 1.40392121639801
AIAdultLD50= 0.354115119203925
AIAdultSlopeContact= 3.19863565044478
AIAdultLD50Contact= 0.0201966900960542
AILarvaSlope= 0.0872877247165889
AILarvaLD50= 0.593117184774019
AIKOW= 7.45359316049144
AIKOC= 20.0464955426287
AIHalfLife= 3.22704537771642
EAppRate= 0.131024548900314
