ICQueenStrength= 1.41863335412927
RQWkrDrnRatio= 1.47634112369269
ICDroneMiteSurvivorship= 88.2292187772691
ICWorkerMiteSurvivorship= 4.88694726955146
ICForagerLifespan= 5.27639527060091
ImmType= Sine
AIAdultSlope= 8.92251262208447
AIAdultLD50= 0.00237982184626162
AIAdultSlopeContact= 2.68507973757572
AIAdultLD50Contact= 0.0424233733559959
AILarvaSlope= 0.892439128365368
AILarvaLD50= 0.460986022814177
AIKOW= 5.93920835899189
AIKOC= 15.1099784078542
AIHalfLife= 0.791228411253542
EAppRate= 4.46292935172096
