ICQueenStrength= 5.03938245843165
RQWkrDrnRatio= 4.87711020838469
ICDroneMiteSurvivorship= 87.0809365529567
ICWorkerMiteSurvivorship= 56.0436916537583
ICForagerLifespan= 5.37523247674108
ImmType= Exponential
AIAdultSlope= 0.176337947461288
AIAdultLD50= 0.198136075865477
AIAdultSlopeContact= 0.929882228407078
AIAdultLD50Contact= 0.0188265479635447
AILarvaSlope= 2.9080370537471
AILarvaLD50= 0.22549758288078
AIKOW= 4.89034054009244
AIKOC= 25.9536924026906
AIHalfLife= 0.964599028229713
EAppRate= 4.18257751967758
