ICQueenStrength= 5.49589121504687
RQWkrDrnRatio= 3.93490448221564
ICDroneMiteSurvivorship= 22.3287307890132
ICWorkerMiteSurvivorship= 14.0831741737202
ICForagerLifespan= 14.8334155092016
ImmType= Tangent
AIAdultSlope= 3.45201496000635
AIAdultLD50= 0.212934163864702
AIAdultSlopeContact= 0.458682531025261
AIAdultLD50Contact= 0.0424166888231412
AILarvaSlope= 1.72827579956502
AILarvaLD50= 0.0851701748091728
AIKOW= 7.54973730165511
AIKOC= 26.9051760272123
AIHalfLife= 1.40610132948495
EAppRate= 5.95510699786246
