ICQueenStrength= 2.05378049076535
RQWkrDrnRatio= 2.78597947116941
ICDroneMiteSurvivorship= 65.6828035600483
ICWorkerMiteSurvivorship= 8.71255616657436
ICForagerLifespan= 8.72023681085557
ImmType= Sine
AIAdultSlope= 2.00459292624146
AIAdultLD50= 0.289263594895601
AIAdultSlopeContact= 3.05067788382992
AIAdultLD50Contact= 0.0160202135914005
AILarvaSlope= 1.17418473279104
AILarvaLD50= 0.490574664040469
AIKOW= 2.1431922679767
AIKOC= 27.7132087980863
AIHalfLife= 2.19251662609167
EAppRate= 4.79295681230724
