ICQueenStrength= 4.38145261630416
RQWkrDrnRatio= 4.92466550692916
ICDroneMiteSurvivorship= 51.3679091818631
ICWorkerMiteSurvivorship= 95.2673526247963
ICForagerLifespan= 12.9482311336324
ImmType= Cosine
AIAdultSlope= 3.26726263821591
AIAdultLD50= 0.449688387103379
AIAdultSlopeContact= 0.0271579049387947
AIAdultLD50Contact= 0.0282194902887568
AILarvaSlope= 0.404098279494792
AILarvaLD50= 0.189436426805332
AIKOW= 4.38996707927436
AIKOC= 28.2989906740841
AIHalfLife= 1.0576024337206
EAppRate= 2.2605772386305
