ICQueenStrength= 1.00575985061005
RQWkrDrnRatio= 4.43843549769372
ICDroneMiteSurvivorship= 72.4169971654192
ICWorkerMiteSurvivorship= 40.0746950879693
ICForagerLifespan= 15.5320999361575
ImmType= Polynomial
AIAdultSlope= 3.95699752494693
AIAdultLD50= 0.0954787229420617
AIAdultSlopeContact= 3.54201173666865
AIAdultLD50Contact= 0.0446304525248706
AILarvaSlope= 8.01089806715026
AILarvaLD50= 0.543270590621978
AIKOW= 7.80965240066871
AIKOC= 8.35811211261898
AIHalfLife= 3.04413847741671
EAppRate= 9.60834510624409
