ICQueenStrength= 2.7005319846794
RQWkrDrnRatio= 2.82441807258874
ICDroneMiteSurvivorship= 66.1406652769074
ICWorkerMiteSurvivorship= 28.3144378336146
ICForagerLifespan= 15.6629499495029
ImmType= Logarithmic
AIAdultSlope= 4.75924379657954
AIAdultLD50= 0.0464568661991507
AIAdultSlopeContact= 2.4410274083633
AIAdultLD50Contact= 0.040246870892588
AILarvaSlope= 1.03386727161705
AILarvaLD50= 0.363237402099185
AIKOW= 4.0133300293237
AIKOC= 24.4857567723375
AIHalfLife= 1.77573076100089
EAppRate= 6.89048297470436
