ICQueenStrength= 5.95115497382358
RQWkrDrnRatio= 2.83250662405044
ICDroneMiteSurvivorship= 41.4233821677044
ICWorkerMiteSurvivorship= 9.74341658875346
ICForagerLifespan= 8.43806577660143
ImmType= Exponential
AIAdultSlope= 2.96379243636969
AIAdultLD50= 0.435196319478564
AIAdultSlopeContact= 1.96445382100297
AIAdultLD50Contact= 0.00841319947503507
AILarvaSlope= 2.58843074673787
AILarvaLD50= 0.302956045093015
AIKOW= 4.5332781705074
AIKOC= 17.280293618096
AIHalfLife= 2.08405742421746
EAppRate= 8.90457551460713
