ICQueenStrength= 4.2428847020492
RQWkrDrnRatio= 1.68837897013873
ICDroneMiteSurvivorship= 26.8396220169961
ICWorkerMiteSurvivorship= 36.5044099278748
ICForagerLifespan= 5.90622919425368
ImmType= Logarithmic
AIAdultSlope= 0.469388744167518
AIAdultLD50= 0.298390995361842
AIAdultSlopeContact= 1.45481057547033
AIAdultLD50Contact= 0.0214451491367072
AILarvaSlope= 0.288950321497396
AILarvaLD50= 0.261997504136525
AIKOW= 5.3052013986744
AIKOC= 22.7282531454694
AIHalfLife= 0.216749263927341
EAppRate= 0.587464620824903
