ICQueenStrength= 4.15459265257232
RQWkrDrnRatio= 4.77686227858067
ICDroneMiteSurvivorship= 30.4530483204871
ICWorkerMiteSurvivorship= 14.2435172805563
ICForagerLifespan= 7.89492457546294
ImmType= Cosine
AIAdultSlope= 0.337638985365629
AIAdultLD50= 0.422689409926534
AIAdultSlopeContact= 0.693480461456347
AIAdultLD50Contact= 0.00441240107174963
AILarvaSlope= 7.69415325718001
AILarvaLD50= 0.15455438720528
AIKOW= 5.33195617934689
AIKOC= 10.915691528935
AIHalfLife= 4.6113066514954
EAppRate= 4.8564758268185
