ICQueenStrength= 3.92909373296425
RQWkrDrnRatio= 2.57964491099119
ICDroneMiteSurvivorship= 29.5446227770299
ICWorkerMiteSurvivorship= 79.5429923105985
ICForagerLifespan= 6.69359414838254
ImmType= Sine
AIAdultSlope= 4.78652810445055
AIAdultLD50= 0.336866478784941
AIAdultSlopeContact= 0.44773776735412
AIAdultLD50Contact= 0.00258223039563745
AILarvaSlope= 1.41316869528964
AILarvaLD50= 0.265940241585486
AIKOW= 5.52024979470298
AIKOC= 14.774824330816
AIHalfLife= 1.81021833443083
EAppRate= 3.44056193018332
