ICQueenStrength= 4.58665527426638
RQWkrDrnRatio= 1.16815911512822
ICDroneMiteSurvivorship= 85.8693433692679
ICWorkerMiteSurvivorship= 20.03053589724
ICForagerLifespan= 13.8361408524215
ImmType= Logarithmic
AIAdultSlope= 8.55972757795826
AIAdultLD50= 0.463713018340059
AIAdultSlopeContact= 2.60721676497487
AIAdultLD50Contact= 0.0201757512171753
AILarvaSlope= 0.213701270986348
AILarvaLD50= 0.876236924389377
AIKOW= 7.5771653293632
AIKOC= 15.3914568724576
AIHalfLife= 2.8839724813588
EAppRate= 8.62757474184036
