ICQueenStrength= 3.09459018427879
RQWkrDrnRatio= 2.25999665632844
ICDroneMiteSurvivorship= 24.3451749207452
ICWorkerMiteSurvivorship= 96.3569913059473
ICForagerLifespan= 11.9636772219092
ImmType= Polynomial
AIAdultSlope= 2.13893007897539
AIAdultLD50= 0.0758346781367436
AIAdultSlopeContact= 0.428564400358591
AIAdultLD50Contact= 0.0235356332734227
AILarvaSlope= 1.38027964369394
AILarvaLD50= 0.214449274563231
AIKOW= 7.90404469473287
AIKOC= 26.2199185509235
AIHalfLife= 2.27810171083547
EAppRate= 0.311210119444877
