ICQueenStrength= 2.87743167858571
RQWkrDrnRatio= 2.07897360157222
ICDroneMiteSurvivorship= 83.0189244356006
ICWorkerMiteSurvivorship= 97.4689023569226
ICForagerLifespan= 13.0521694123745
ImmType= Tangent
AIAdultSlope= 3.27394510554615
AIAdultLD50= 0.459968968294561
AIAdultSlopeContact= 0.810583678423427
AIAdultLD50Contact= 0.0192726320121437
AILarvaSlope= 1.58143564057536
AILarvaLD50= 0.837462993222289
AIKOW= 6.07764132507145
AIKOC= 25.2934904547874
AIHalfLife= 1.69233506196178
EAppRate= 4.74290931830183
