ICQueenStrength= 2.65208688005805
RQWkrDrnRatio= 2.32142982818186
ICDroneMiteSurvivorship= 73.5273521859199
ICWorkerMiteSurvivorship= 97.5910762092099
ICForagerLifespan= 11.5677065271884
ImmType= Logarithmic
AIAdultSlope= 2.43541613085195
AIAdultLD50= 0.119310082984157
AIAdultSlopeContact= 3.11137852555141
AIAdultLD50Contact= 0.00642396633047611
AILarvaSlope= 2.07546758451499
AILarvaLD50= 0.0389364650705829
AIKOW= 3.24103412637487
AIKOC= 6.34975247783586
AIHalfLife= 0.0804004271049052
EAppRate= 0.336767717101611
