ICQueenStrength= 1.34410151769407
RQWkrDrnRatio= 1.62847944535315
ICDroneMiteSurvivorship= 20.4624947858974
ICWorkerMiteSurvivorship= 1.47689734585583
ICForagerLifespan= 5.75801767222583
ImmType= Tangent
AIAdultSlope= 7.62437973171473
AIAdultLD50= 0.460284733446315
AIAdultSlopeContact= 0.40414442419773
AIAdultLD50Contact= 0.0163378415629268
AILarvaSlope= 1.00171006475575
AILarvaLD50= 0.656547782267444
AIKOW= 2.14192917523906
AIKOC= 21.2726580048911
AIHalfLife= 2.95863394625485
EAppRate= 1.13107758341357
