ICQueenStrength= 2.26189455739222
RQWkrDrnRatio= 4.64620309881866
ICDroneMiteSurvivorship= 27.0308019593358
ICWorkerMiteSurvivorship= 44.3119353381917
ICForagerLifespan= 15.4666168149561
ImmType= Logarithmic
AIAdultSlope= 1.41348611407913
AIAdultLD50= 0.349774506408721
AIAdultSlopeContact= 1.01459757007426
AIAdultLD50Contact= 0.0148158664000221
AILarvaSlope= 2.59054402629845
AILarvaLD50= 0.5985870819306
AIKOW= 7.43183275917545
AIKOC= 15.1648802286945
AIHalfLife= 4.26479285117239
EAppRate= 0.151733338227496
