ICQueenStrength= 2.82458034018055
RQWkrDrnRatio= 1.58102699369192
ICDroneMiteSurvivorship= 81.7925649229437
ICWorkerMiteSurvivorship= 96.5708398027346
ICForagerLifespan= 14.0308604845777
ImmType= Polynomial
AIAdultSlope= 2.6935103874444
AIAdultLD50= 0.45898614032194
AIAdultSlopeContact= 0.281530359140597
AIAdultLD50Contact= 0.048200576310046
AILarvaSlope= 0.782400579191744
AILarvaLD50= 0.421887951088138
AIKOW= 2.23355515766889
AIKOC= 29.0798912884202
AIHalfLife= 4.21852698433213
EAppRate= 0.662244818755426
