ICQueenStrength= 4.87836830690503
RQWkrDrnRatio= 3.45799898449332
ICDroneMiteSurvivorship= 76.2052279664204
ICWorkerMiteSurvivorship= 71.9060586998239
ICForagerLifespan= 8.47143602464348
ImmType= Cosine
AIAdultSlope= 3.84447814663872
AIAdultLD50= 0.00235019193496555
AIAdultSlopeContact= 1.69332846268779
AIAdultLD50Contact= 0.00575161627493799
AILarvaSlope= 8.85789613937959
AILarvaLD50= 0.281934726890177
AIKOW= 6.1783399716951
AIKOC= 11.5464880026411
AIHalfLife= 4.82107315794565
EAppRate= 2.0571087161079
