ICQueenStrength= 3.59050118969753
RQWkrDrnRatio= 3.38158579170704
ICDroneMiteSurvivorship= 13.0158423446119
ICWorkerMiteSurvivorship= 58.6535862181336
ICForagerLifespan= 6.69641644693911
ImmType= Tangent
AIAdultSlope= 5.84006121149287
AIAdultLD50= 0.396683814469725
AIAdultSlopeContact= 0.20298546732869
AIAdultLD50Contact= 0.014380556892138
AILarvaSlope= 2.46900540576316
AILarvaLD50= 0.450262569193728
AIKOW= 6.54711285466328
AIKOC= 15.3715903765988
AIHalfLife= 4.43192067788914
EAppRate= 1.79145121946931
