ICQueenStrength= 4.13772591645829
RQWkrDrnRatio= 1.25424521509558
ICDroneMiteSurvivorship= 43.7854420393705
ICWorkerMiteSurvivorship= 51.8745738547295
ICForagerLifespan= 8.30838599428535
ImmType= Polynomial
AIAdultSlope= 0.016522069927305
AIAdultLD50= 0.296526331570931
AIAdultSlopeContact= 3.26316329308553
AIAdultLD50Contact= 0.00557231000857428
AILarvaSlope= 8.97929706145078
AILarvaLD50= 0.393776961229742
AIKOW= 2.852738766931
AIKOC= 5.41214411030523
AIHalfLife= 2.92556582018733
EAppRate= 8.33392419153824
