ICQueenStrength= 5.51650099130347
RQWkrDrnRatio= 2.87899212818593
ICDroneMiteSurvivorship= 92.4140101764351
ICWorkerMiteSurvivorship= 78.4330261871219
ICForagerLifespan= 13.7963995449245
ImmType= Sine
AIAdultSlope= 0.957913105997723
AIAdultLD50= 0.419872696627863
AIAdultSlopeContact= 0.642486253394745
AIAdultLD50Contact= 0.0412049353006296
AILarvaSlope= 2.4852854651399
AILarvaLD50= 0.413097451929934
AIKOW= 6.90917509794235
AIKOC= 5.5867070693057
AIHalfLife= 0.58904662495479
EAppRate= 0.234309006249532
