ICQueenStrength= 5.55654560006224
RQWkrDrnRatio= 4.84092535637319
ICDroneMiteSurvivorship= 43.0034969002008
ICWorkerMiteSurvivorship= 4.10033839289099
ICForagerLifespan= 8.90740403532982
ImmType= Cosine
AIAdultSlope= 1.81115959897405
AIAdultLD50= 0.458480176632293
AIAdultSlopeContact= 0.586764593578409
AIAdultLD50Contact= 0.000286882545333356
AILarvaSlope= 0.745921364193782
AILarvaLD50= 0.897440493456088
AIKOW= 5.98575848899782
AIKOC= 11.3621262321249
AIHalfLife= 1.25503322225995
EAppRate= 0.147560543846339
