ICQueenStrength= 1.73237671982497
RQWkrDrnRatio= 3.00742986705154
ICDroneMiteSurvivorship= 43.3108331402764
ICWorkerMiteSurvivorship= 23.3081301441416
ICForagerLifespan= 13.4643146796152
ImmType= Polynomial
AIAdultSlope= 4.3083314364776
AIAdultLD50= 0.435113984276541
AIAdultSlopeContact= 3.09181958647678
AIAdultLD50Contact= 0.0201436266535893
AILarvaSlope= 5.66064125625417
AILarvaLD50= 0.771866419329308
AIKOW= 2.91195228742436
AIKOC= 20.8258383860812
AIHalfLife= 3.40278556919657
EAppRate= 5.98439307883382
