ICQueenStrength= 5.56264654290862
RQWkrDrnRatio= 3.98293071612716
ICDroneMiteSurvivorship= 86.3937431247905
ICWorkerMiteSurvivorship= 89.5236291922629
ICForagerLifespan= 7.39273444470018
ImmType= Exponential
AIAdultSlope= 3.13551764319884
AIAdultLD50= 0.377475522691384
AIAdultSlopeContact= 1.61095769635169
AIAdultLD50Contact= 0.0263497719308361
AILarvaSlope= 1.31201830552891
AILarvaLD50= 0.38368033671286
AIKOW= 6.77365250326693
AIKOC= 20.0778231734876
AIHalfLife= 2.94394307071343
EAppRate= 0.408864362700842
