ICQueenStrength= 5.4135027367156
RQWkrDrnRatio= 3.09935984667391
ICDroneMiteSurvivorship= 93.1161644868553
ICWorkerMiteSurvivorship= 78.2906917622313
ICForagerLifespan= 5.94155345950276
ImmType= Exponential
AIAdultSlope= 3.2111019322928
AIAdultLD50= 0.129620769177563
AIAdultSlopeContact= 1.96076322918059
AIAdultLD50Contact= 0.00297946017235518
AILarvaSlope= 0.0138808871153742
AILarvaLD50= 0.254553069267422
AIKOW= 2.90939000248909
AIKOC= 12.1035883738659
AIHalfLife= 1.38036430696957
EAppRate= 9.42553021013737
