ICQueenStrength= 5.19147398788482
RQWkrDrnRatio= 4.21746041532606
ICDroneMiteSurvivorship= 86.1375829670578
ICWorkerMiteSurvivorship= 8.49933556746691
ICForagerLifespan= 9.17131214588881
ImmType= Exponential
AIAdultSlope= 2.75939042912796
AIAdultLD50= 0.190797405783087
AIAdultSlopeContact= 1.64652713721385
AIAdultLD50Contact= 0.0347429092158563
AILarvaSlope= 0.439499747008085
AILarvaLD50= 0.894111827015877
AIKOW= 4.48029467416927
AIKOC= 19.2114392248914
AIHalfLife= 0.0681770115625113
EAppRate= 1.21322788530961
