ICQueenStrength= 2.23387243715115
RQWkrDrnRatio= 3.17630161810666
ICDroneMiteSurvivorship= 19.3078563315794
ICWorkerMiteSurvivorship= 76.9422015408054
ICForagerLifespan= 15.8522779755294
ImmType= Cosine
AIAdultSlope= 0.308614803943783
AIAdultLD50= 0.269622058491223
AIAdultSlopeContact= 1.03035867463332
AIAdultLD50Contact= 0.0357438102946617
AILarvaSlope= 0.0189236590638757
AILarvaLD50= 0.281244488689117
AIKOW= 4.14504881156608
AIKOC= 19.15574781131
AIHalfLife= 1.42945589148439
EAppRate= 0.87058198871091
