ICQueenStrength= 4.53923934046179
RQWkrDrnRatio= 1.84632503706962
ICDroneMiteSurvivorship= 42.218150338158
ICWorkerMiteSurvivorship= 70.8307999419048
ICForagerLifespan= 13.0409008068964
ImmType= Exponential
AIAdultSlope= 3.70030250907177
AIAdultLD50= 0.186531456070952
AIAdultSlopeContact= 2.15999649792211
AIAdultLD50Contact= 0.0329744196729735
AILarvaSlope= 0.964716691430658
AILarvaLD50= 0.413311592373066
AIKOW= 7.93668845109642
AIKOC= 10.5872964207083
AIHalfLife= 1.72990892315283
EAppRate= 0.306184659712017
