ICQueenStrength= 3.67019408289343
RQWkrDrnRatio= 4.83445918560028
ICDroneMiteSurvivorship= 16.8845294741914
ICWorkerMiteSurvivorship= 55.4806951666251
ICForagerLifespan= 9.66412855684757
ImmType= Cosine
AIAdultSlope= 1.45969981360948
AIAdultLD50= 0.288055568933487
AIAdultSlopeContact= 0.135284029513132
AIAdultLD50Contact= 0.0218147480278276
AILarvaSlope= 0.056554559012875
AILarvaLD50= 0.0370857668342069
AIKOW= 3.402132302057
AIKOC= 6.65539458394051
AIHalfLife= 1.80560511304066
EAppRate= 0.0586870282888412
