ICQueenStrength= 5.7747790988069
RQWkrDrnRatio= 3.46205256413668
ICDroneMiteSurvivorship= 15.8789724810049
ICWorkerMiteSurvivorship= 36.4267091266811
ICForagerLifespan= 6.33352428209037
ImmType= Tangent
AIAdultSlope= 4.51900859363377
AIAdultLD50= 0.269488331046887
AIAdultSlopeContact= 2.54652954391669
AIAdultLD50Contact= 0.0238303826306947
AILarvaSlope= 4.36512655811384
AILarvaLD50= 0.215030005713925
AIKOW= 2.21860824758187
AIKOC= 10.5206018616445
AIHalfLife= 2.57894695270807
EAppRate= 6.27673496492207
