ICQueenStrength= 3.03843977302313
RQWkrDrnRatio= 3.87971152924001
ICDroneMiteSurvivorship= 92.4957227194682
ICWorkerMiteSurvivorship= 73.3365139691159
ICForagerLifespan= 5.15563649311662
ImmType= Cosine
AIAdultSlope= 3.09357779333368
AIAdultLD50= 0.0910157398320735
AIAdultSlopeContact= 3.50628641681979
AIAdultLD50Contact= 0.00628178663318977
AILarvaSlope= 4.32676409371197
AILarvaLD50= 0.783233453286812
AIKOW= 6.8452074136585
AIKOC= 13.199035259895
AIHalfLife= 0.61908450210467
EAppRate= 7.77631091186777
