ICQueenStrength= 1.19740352523513
RQWkrDrnRatio= 2.34809268545359
ICDroneMiteSurvivorship= 64.1531988512725
ICWorkerMiteSurvivorship= 88.459141831845
ICForagerLifespan= 15.9531371872872
ImmType= Exponential
AIAdultSlope= 3.0960688757454
AIAdultLD50= 0.48506643017754
AIAdultSlopeContact= 3.1451405726443
AIAdultLD50Contact= 0.0338119149324484
AILarvaSlope= 1.19296695473604
AILarvaLD50= 0.0849527406971902
AIKOW= 7.03323321742937
AIKOC= 28.4251464018598
AIHalfLife= 1.00384972873144
EAppRate= 0.376974386931397
