ICQueenStrength= 1.61442878213711
RQWkrDrnRatio= 1.78686921112239
ICDroneMiteSurvivorship= 69.6312694111839
ICWorkerMiteSurvivorship= 25.97227813676
ICForagerLifespan= 6.25849433522671
ImmType= Tangent
AIAdultSlope= 2.93516177948099
AIAdultLD50= 0.116536186309531
AIAdultSlopeContact= 3.01331348438049
AIAdultLD50Contact= 0.00960052778245881
AILarvaSlope= 0.743554743519053
AILarvaLD50= 0.446868599345908
AIKOW= 5.03423920413479
AIKOC= 25.1753090252168
AIHalfLife= 4.21322217909619
EAppRate= 7.51495691947639
