ICQueenStrength= 3.46977319940925
RQWkrDrnRatio= 2.21744029130787
ICDroneMiteSurvivorship= 3.59845433849841
ICWorkerMiteSurvivorship= 22.6055019069463
ICForagerLifespan= 12.1684171035886
ImmType= Tangent
AIAdultSlope= 6.71834741253406
AIAdultLD50= 0.265120605239645
AIAdultSlopeContact= 2.10358896873426
AIAdultLD50Contact= 0.0193559164647013
AILarvaSlope= 2.4913154067006
AILarvaLD50= 0.0571866020327434
AIKOW= 5.4703701660037
AIKOC= 22.5201519741677
AIHalfLife= 4.65271909255534
EAppRate= 2.99023170256987
