ICQueenStrength= 3.37582322210073
RQWkrDrnRatio= 4.02934779319912
ICDroneMiteSurvivorship= 32.3585258098319
ICWorkerMiteSurvivorship= 80.5986500810832
ICForagerLifespan= 8.87047138623893
ImmType= Sine
AIAdultSlope= 1.80130379398121
AIAdultLD50= 0.0110545557690784
AIAdultSlopeContact= 2.2502673143358
AIAdultLD50Contact= 0.0306597288697958
AILarvaSlope= 1.20307939010672
AILarvaLD50= 0.791609146096744
AIKOW= 6.66491183405742
AIKOC= 19.5581719989423
AIHalfLife= 3.45173889421858
EAppRate= 5.26504419744015
