ICQueenStrength= 1.3228391171433
RQWkrDrnRatio= 3.09081804286689
ICDroneMiteSurvivorship= 14.8832809878513
ICWorkerMiteSurvivorship= 37.749726860784
ICForagerLifespan= 5.73291686177254
ImmType= Cosine
AIAdultSlope= 3.41018407742959
AIAdultLD50= 0.323913637781516
AIAdultSlopeContact= 3.2421222349559
AIAdultLD50Contact= 0.0233956436510198
AILarvaSlope= 0.948489840282127
AILarvaLD50= 0.762526681297459
AIKOW= 7.94556496338919
AIKOC= 13.6786969157401
AIHalfLife= 1.59362557576969
EAppRate= 0.373228544485755
