ICQueenStrength= 3.79777440009639
RQWkrDrnRatio= 3.82636873610318
ICDroneMiteSurvivorship= 54.955120338127
ICWorkerMiteSurvivorship= 10.8496189583093
ICForagerLifespan= 15.2255214396864
ImmType= Cosine
AIAdultSlope= 5.17775799147785
AIAdultLD50= 0.360752787673846
AIAdultSlopeContact= 1.88025733295828
AIAdultLD50Contact= 0.0238067401456647
AILarvaSlope= 8.64759784657508
AILarvaLD50= 0.590930482023396
AIKOW= 7.56934699881822
AIKOC= 22.5852109387051
AIHalfLife= 2.76651189196855
EAppRate= 8.03040660917759
