ICQueenStrength= 1.73652100167237
RQWkrDrnRatio= 4.94588970206678
ICDroneMiteSurvivorship= 51.1108560254797
ICWorkerMiteSurvivorship= 71.6655640630051
ICForagerLifespan= 10.0743122324347
ImmType= Tangent
AIAdultSlope= 5.55157477967441
AIAdultLD50= 0.0279285605065525
AIAdultSlopeContact= 2.91803347103996
AIAdultLD50Contact= 0.0186740197124891
AILarvaSlope= 8.93005339428782
AILarvaLD50= 0.143101655412465
AIKOW= 2.16018403694034
AIKOC= 13.1587699532975
AIHalfLife= 1.4924693654757
EAppRate= 6.30599311087281
