ICQueenStrength= 5.62725827703252
RQWkrDrnRatio= 3.16728466376662
ICDroneMiteSurvivorship= 48.8710083765909
ICWorkerMiteSurvivorship= 17.9389148484915
ICForagerLifespan= 11.5727566909045
ImmType= Sine
AIAdultSlope= 2.72039777366444
AIAdultLD50= 0.0683442633599043
AIAdultSlopeContact= 0.0772264761175029
AIAdultLD50Contact= 0.00728265948127955
AILarvaSlope= 1.42620098628104
AILarvaLD50= 0.562139851413667
AIKOW= 7.46314843930304
AIKOC= 19.9094650580082
AIHalfLife= 1.08412916422822
EAppRate= 5.86378360399976
