ICQueenStrength= 4.97997958702035
RQWkrDrnRatio= 1.47931185550988
ICDroneMiteSurvivorship= 13.7797034345567
ICWorkerMiteSurvivorship= 8.11174337286502
ICForagerLifespan= 10.5533201284707
ImmType= Sine
AIAdultSlope= 0.754080940028653
AIAdultLD50= 0.315271294442937
AIAdultSlopeContact= 1.86040886825882
AIAdultLD50Contact= 0.00994514570338652
AILarvaSlope= 0.635169161530212
AILarvaLD50= 0.594014219194651
AIKOW= 6.27533173840493
AIKOC= 25.6551134877373
AIHalfLife= 3.39261189452372
EAppRate= 0.695372684858739
