ICQueenStrength= 1.51046765642241
RQWkrDrnRatio= 2.17463650275022
ICDroneMiteSurvivorship= 24.3986225919798
ICWorkerMiteSurvivorship= 89.4283932633698
ICForagerLifespan= 8.89980347361416
ImmType= Logarithmic
AIAdultSlope= 1.57905151919229
AIAdultLD50= 0.0864024171605706
AIAdultSlopeContact= 2.42061238798779
AIAdultLD50Contact= 0.0270164616522379
AILarvaSlope= 0.680902903433889
AILarvaLD50= 0.0240588767454028
AIKOW= 2.16267089731991
AIKOC= 9.96183680952527
AIHalfLife= 2.86129166604951
EAppRate= 1.96728841634467
