ICQueenStrength= 5.92522163665853
RQWkrDrnRatio= 1.52519367076457
ICDroneMiteSurvivorship= 68.5651001986116
ICWorkerMiteSurvivorship= 4.75073372945189
ICForagerLifespan= 12.751779967919
ImmType= Sine
AIAdultSlope= 0.610870879234281
AIAdultLD50= 0.496524421032518
AIAdultSlopeContact= 3.92438785413047
AIAdultLD50Contact= 0.0318087462102994
AILarvaSlope= 1.14095206437632
AILarvaLD50= 0.743492858181708
AIKOW= 3.46712741488591
AIKOC= 18.3122347295284
AIHalfLife= 4.89789900486358
EAppRate= 0.412184802698903
