ICQueenStrength= 1.07084010983817
RQWkrDrnRatio= 4.43076377175748
ICDroneMiteSurvivorship= 27.7510464424267
ICWorkerMiteSurvivorship= 77.8145776130259
ICForagerLifespan= 15.7102344222367
ImmType= Cosine
AIAdultSlope= 1.65744079737458
AIAdultLD50= 0.053723823861219
AIAdultSlopeContact= 1.48060779333115
AIAdultLD50Contact= 0.014234832150396
AILarvaSlope= 1.27578223552555
AILarvaLD50= 0.588034257874824
AIKOW= 6.66280671907589
AIKOC= 11.1158943281043
AIHalfLife= 0.292261554859579
EAppRate= 0.622931733191945
