ICQueenStrength= 2.79923313204199
RQWkrDrnRatio= 3.99120691884309
ICDroneMiteSurvivorship= 17.093090293929
ICWorkerMiteSurvivorship= 73.6221944913268
ICForagerLifespan= 11.027152380906
ImmType= Cosine
AIAdultSlope= 0.521112653100863
AIAdultLD50= 0.0852341799763963
AIAdultSlopeContact= 3.62692641823785
AIAdultLD50Contact= 0.0329846233362332
AILarvaSlope= 0.620627934765071
AILarvaLD50= 0.748885669698939
AIKOW= 3.58795161731541
AIKOC= 23.4237620502245
AIHalfLife= 2.73613633587956
EAppRate= 0.553296234621666
