ICQueenStrength= 5.56970878294669
RQWkrDrnRatio= 4.59217945393175
ICDroneMiteSurvivorship= 57.849304121919
ICWorkerMiteSurvivorship= 95.0074360473081
ICForagerLifespan= 5.03467894159257
ImmType= Exponential
AIAdultSlope= 0.660087155483197
AIAdultLD50= 0.11332004587166
AIAdultSlopeContact= 3.53898168085143
AIAdultLD50Contact= 0.0126813700888306
AILarvaSlope= 2.00920005477965
AILarvaLD50= 0.264896479225718
AIKOW= 6.86018315330148
AIKOC= 25.1253581151832
AIHalfLife= 2.60812372667715
EAppRate= 0.491224644216709
