ICQueenStrength= 4.02611288730986
RQWkrDrnRatio= 1.7550803180784
ICDroneMiteSurvivorship= 58.1329208333045
ICWorkerMiteSurvivorship= 59.5818260684609
ICForagerLifespan= 10.0863999677822
ImmType= Polynomial
AIAdultSlope= 3.00619812356774
AIAdultLD50= 0.316650044987909
AIAdultSlopeContact= 3.60552647563163
AIAdultLD50Contact= 0.0137730308808386
AILarvaSlope= 0.169222879316658
AILarvaLD50= 0.433358370792121
AIKOW= 7.64038058975711
AIKOC= 12.6091920258477
AIHalfLife= 1.43354805652052
EAppRate= 0.0313712237402797
