ICQueenStrength= 4.53690568124875
RQWkrDrnRatio= 3.2341924905777
ICDroneMiteSurvivorship= 63.9075048966333
ICWorkerMiteSurvivorship= 93.8486843137071
ICForagerLifespan= 13.2041239822283
ImmType= Polynomial
AIAdultSlope= 3.09519527480006
AIAdultLD50= 0.0575071177445352
AIAdultSlopeContact= 2.23058889411623
AIAdultLD50Contact= 0.0148028106894344
AILarvaSlope= 1.55811129594222
AILarvaLD50= 0.10883876834996
AIKOW= 2.33830357389525
AIKOC= 12.7434847597033
AIHalfLife= 2.73718368727714
EAppRate= 0.104239385109395
