ICQueenStrength= 2.73546374659054
RQWkrDrnRatio= 2.96989376842976
ICDroneMiteSurvivorship= 26.3795755337924
ICWorkerMiteSurvivorship= 25.8007572731003
ICForagerLifespan= 14.3234833385795
ImmType= Polynomial
AIAdultSlope= 5.36637494340539
AIAdultLD50= 0.105142322252505
AIAdultSlopeContact= 3.66356407234445
AIAdultLD50Contact= 0.00894764420809224
AILarvaSlope= 6.05567767983302
AILarvaLD50= 0.41820095682051
AIKOW= 3.79113410227001
AIKOC= 9.63755783857778
AIHalfLife= 1.89447240554728
EAppRate= 3.85282142087817
