ICQueenStrength= 2.82122960221022
RQWkrDrnRatio= 3.02891501877457
ICDroneMiteSurvivorship= 23.4770859591663
ICWorkerMiteSurvivorship= 80.5242843227461
ICForagerLifespan= 5.02266106661409
ImmType= Logarithmic
AIAdultSlope= 3.9159106137231
AIAdultLD50= 0.393262130091898
AIAdultSlopeContact= 0.752401881180704
AIAdultLD50Contact= 0.0373095563612878
AILarvaSlope= 7.55649481434375
AILarvaLD50= 0.202495479513891
AIKOW= 2.8118426175788
AIKOC= 25.1211007719394
AIHalfLife= 3.62766787991859
EAppRate= 1.71028030337766
