ICQueenStrength= 2.74849943839945
RQWkrDrnRatio= 2.81266886554658
ICDroneMiteSurvivorship= 48.3986490871757
ICWorkerMiteSurvivorship= 48.8591060973704
ICForagerLifespan= 11.5884869722649
ImmType= Tangent
AIAdultSlope= 3.17886188833974
AIAdultLD50= 0.0577867624815553
AIAdultSlopeContact= 1.50580036945408
AIAdultLD50Contact= 0.0283949197619222
AILarvaSlope= 2.77474956498481
AILarvaLD50= 0.747313972120173
AIKOW= 3.0083383359015
AIKOC= 23.8310967874713
AIHalfLife= 3.86856473982334
EAppRate= 0.138775374623947
