ICQueenStrength= 1.97272090963088
RQWkrDrnRatio= 2.73578516580164
ICDroneMiteSurvivorship= 79.6720987185836
ICWorkerMiteSurvivorship= 75.686014117673
ICForagerLifespan= 7.07906710449606
ImmType= Tangent
AIAdultSlope= 0.59195130249951
AIAdultLD50= 0.0289637994719669
AIAdultSlopeContact= 2.38629719764693
AIAdultLD50Contact= 0.0190528414677829
AILarvaSlope= 2.04872380020097
AILarvaLD50= 0.364214154495858
AIKOW= 6.34953385777771
AIKOC= 18.9787470048759
AIHalfLife= 0.237351271789521
EAppRate= 0.593530566315167
