ICQueenStrength= 3.75208406965248
RQWkrDrnRatio= 3.53965270798653
ICDroneMiteSurvivorship= 99.8006975045428
ICWorkerMiteSurvivorship= 15.0880862493068
ICForagerLifespan= 8.90542225725949
ImmType= Logarithmic
AIAdultSlope= 0.288749321764335
AIAdultLD50= 0.343094344367273
AIAdultSlopeContact= 1.98213313977001
AIAdultLD50Contact= 0.00676871220348403
AILarvaSlope= 1.09397159512155
AILarvaLD50= 0.106038141692989
AIKOW= 2.10808999324217
AIKOC= 21.2101099209394
AIHalfLife= 3.32817254238762
EAppRate= 0.198828564607538
