ICQueenStrength= 4.49960618070327
RQWkrDrnRatio= 3.08208794333041
ICDroneMiteSurvivorship= 98.4415550017729
ICWorkerMiteSurvivorship= 37.3273595469072
ICForagerLifespan= 13.3438989175484
ImmType= Cosine
AIAdultSlope= 1.80255540648708
AIAdultLD50= 0.395248008775525
AIAdultSlopeContact= 2.07769726179075
AIAdultLD50Contact= 0.0155303533072583
AILarvaSlope= 0.126116869784892
AILarvaLD50= 0.647215046058409
AIKOW= 7.68232642719522
AIKOC= 11.2718384899199
AIHalfLife= 2.66781019163318
EAppRate= 0.575189084513113
