ICQueenStrength= 5.55211427411996
RQWkrDrnRatio= 1.35800272691995
ICDroneMiteSurvivorship= 6.92992503754795
ICWorkerMiteSurvivorship= 72.8173987939954
ICForagerLifespan= 4.24958483781666
ImmType= Sine
AIAdultSlope= 1.89340793138137
AIAdultLD50= 0.0620232754154131
AIAdultSlopeContact= 0.608537482756656
AIAdultLD50Contact= 0.0262320309644565
AILarvaSlope= 2.46956052985042
AILarvaLD50= 0.469466426339932
AIKOW= 6.17862824769691
AIKOC= 14.2252161353827
AIHalfLife= 4.44095712271519
EAppRate= 9.55604833317921
