ICQueenStrength= 2.44455180270597
RQWkrDrnRatio= 4.32588196732104
ICDroneMiteSurvivorship= 34.3341203639284
ICWorkerMiteSurvivorship= 73.9264951087534
ICForagerLifespan= 5.36748489644378
ImmType= Exponential
AIAdultSlope= 3.61578564535361
AIAdultLD50= 0.177027990459464
AIAdultSlopeContact= 3.32219409483019
AIAdultLD50Contact= 0.0268437102204189
AILarvaSlope= 0.692086407914758
AILarvaLD50= 0.119031041068956
AIKOW= 4.59967706492171
AIKOC= 29.6245274553075
AIHalfLife= 0.438431077636778
EAppRate= 3.39789947494864
