ICQueenStrength= 2.50515895453282
RQWkrDrnRatio= 3.56932351645082
ICDroneMiteSurvivorship= 86.9562300620601
ICWorkerMiteSurvivorship= 39.3306097015738
ICForagerLifespan= 15.1006282130256
ImmType= Logarithmic
AIAdultSlope= 1.82180866335053
AIAdultLD50= 0.251602499629371
AIAdultSlopeContact= 2.45868950911565
AIAdultLD50Contact= 0.0101178385666572
AILarvaSlope= 2.21517528239638
AILarvaLD50= 0.535074264672585
AIKOW= 6.85457180300727
AIKOC= 12.0396605122369
AIHalfLife= 1.34439333574846
EAppRate= 0.285405122954398
