ICQueenStrength= 3.43774102418683
RQWkrDrnRatio= 4.38998924940825
ICDroneMiteSurvivorship= 16.7231230996549
ICWorkerMiteSurvivorship= 48.5345882829279
ICForagerLifespan= 6.49871199112386
ImmType= Exponential
AIAdultSlope= 9.8729131417349
AIAdultLD50= 0.287409552489407
AIAdultSlopeContact= 2.00930343322456
AIAdultLD50Contact= 0.0465291452361271
AILarvaSlope= 2.39830743093044
AILarvaLD50= 0.740980449970812
AIKOW= 3.98755864007398
AIKOC= 20.1503165543545
AIHalfLife= 1.28085558419116
EAppRate= 7.3448353796266
