ICQueenStrength= 2.68126311386004
RQWkrDrnRatio= 4.92720569390804
ICDroneMiteSurvivorship= 11.228125076741
ICWorkerMiteSurvivorship= 84.2284611891955
ICForagerLifespan= 12.8288866179064
ImmType= Cosine
AIAdultSlope= 2.5733580418909
AIAdultLD50= 0.338218396180309
AIAdultSlopeContact= 2.11995764951454
AIAdultLD50Contact= 0.0224413757910952
AILarvaSlope= 1.58788691856898
AILarvaLD50= 0.194584007933736
AIKOW= 7.86727903969586
AIKOC= 25.5970447917935
AIHalfLife= 3.25810595299117
EAppRate= 5.10146123822778
