ICQueenStrength= 4.79234132939018
RQWkrDrnRatio= 4.93271816894412
ICDroneMiteSurvivorship= 57.1252908091992
ICWorkerMiteSurvivorship= 98.9542370662093
ICForagerLifespan= 13.856936189346
ImmType= Sine
AIAdultSlope= 1.38025365110021
AIAdultLD50= 0.262366029433906
AIAdultSlopeContact= 0.900412637775298
AIAdultLD50Contact= 0.0286741818999872
AILarvaSlope= 2.25365658304654
AILarvaLD50= 0.499621120328084
AIKOW= 6.83514010254294
AIKOC= 20.3804566245526
AIHalfLife= 1.67886888724752
EAppRate= 0.462856542272493
