ICQueenStrength= 3.59970283601433
RQWkrDrnRatio= 4.36616927664727
ICDroneMiteSurvivorship= 63.6786219896749
ICWorkerMiteSurvivorship= 72.9242618428543
ICForagerLifespan= 9.07165874354541
ImmType= Cosine
AIAdultSlope= 0.289425914618187
AIAdultLD50= 0.224065307178535
AIAdultSlopeContact= 0.0468910344690084
AIAdultLD50Contact= 0.0444584330543876
AILarvaSlope= 0.926546149188653
AILarvaLD50= 0.130676175677218
AIKOW= 7.58773428900167
AIKOC= 18.3115501666907
AIHalfLife= 2.52720174496062
EAppRate= 0.187091165338643
