ICQueenStrength= 4.8178350427188
RQWkrDrnRatio= 4.73935039527714
ICDroneMiteSurvivorship= 42.1311354031786
ICWorkerMiteSurvivorship= 81.4668227219954
ICForagerLifespan= 5.76559335924685
ImmType= Logarithmic
AIAdultSlope= 3.98512388812378
AIAdultLD50= 0.0816517594503239
AIAdultSlopeContact= 2.12805740367388
AIAdultLD50Contact= 0.0279184833634645
AILarvaSlope= 0.538924018340185
AILarvaLD50= 0.453322452306747
AIKOW= 7.51031875889748
AIKOC= 20.7222984649707
AIHalfLife= 0.887639765860513
EAppRate= 8.56783768162131
