ICQueenStrength= 4.2539847260341
RQWkrDrnRatio= 3.67410580720752
ICDroneMiteSurvivorship= 25.0627798261121
ICWorkerMiteSurvivorship= 56.0377093730494
ICForagerLifespan= 15.1930439928547
ImmType= Cosine
AIAdultSlope= 2.58795574229909
AIAdultLD50= 0.156739576137625
AIAdultSlopeContact= 0.590612690385897
AIAdultLD50Contact= 0.0421073030564003
AILarvaSlope= 1.63571478510275
AILarvaLD50= 0.340877375775017
AIKOW= 4.41414572810754
AIKOC= 6.08873345307074
AIHalfLife= 2.05779233481735
EAppRate= 0.912496582604945
