ICQueenStrength= 5.55700365826488
RQWkrDrnRatio= 4.74982988834381
ICDroneMiteSurvivorship= 51.9967747619376
ICWorkerMiteSurvivorship= 5.45961703173816
ICForagerLifespan= 6.47219468373805
ImmType= Polynomial
AIAdultSlope= 9.22421092167497
AIAdultLD50= 0.16823225049302
AIAdultSlopeContact= 1.64801315701799
AIAdultLD50Contact= 0.0375422175275162
AILarvaSlope= 3.65516706835479
AILarvaLD50= 0.531912558199838
AIKOW= 7.62701874645427
AIKOC= 6.52407721034251
AIHalfLife= 2.00281523750164
EAppRate= 0.100646521896124
