ICQueenStrength= 5.48868474923074
RQWkrDrnRatio= 1.33891697879881
ICDroneMiteSurvivorship= 73.7674190429971
ICWorkerMiteSurvivorship= 0.301513634622097
ICForagerLifespan= 11.4627772392705
ImmType= Tangent
AIAdultSlope= 2.45002587938681
AIAdultLD50= 0.347665052162483
AIAdultSlopeContact= 2.21625638334313
AIAdultLD50Contact= 0.0225992835825309
AILarvaSlope= 1.2368221890647
AILarvaLD50= 0.545832546777092
AIKOW= 7.93793243169785
AIKOC= 7.82752881757915
AIHalfLife= 0.498917904915288
EAppRate= 0.392516017728485
