ICQueenStrength= 4.98678425117396
RQWkrDrnRatio= 3.5973854996264
ICDroneMiteSurvivorship= 30.5127479601651
ICWorkerMiteSurvivorship= 74.8089747037739
ICForagerLifespan= 9.93279220443219
ImmType= Tangent
AIAdultSlope= 6.77527140127495
AIAdultLD50= 0.196733198361471
AIAdultSlopeContact= 0.527164148865268
AIAdultLD50Contact= 0.0427606441779062
AILarvaSlope= 0.241614759434015
AILarvaLD50= 0.280245296470821
AIKOW= 4.4942582808435
AIKOC= 12.0048045541625
AIHalfLife= 0.150887684430927
EAppRate= 8.62318817991763
