ICQueenStrength= 3.26379820378497
RQWkrDrnRatio= 1.83506059553474
ICDroneMiteSurvivorship= 46.4058961486444
ICWorkerMiteSurvivorship= 43.7603547703475
ICForagerLifespan= 4.54319595731795
ImmType= Exponential
AIAdultSlope= 5.70869403192773
AIAdultLD50= 0.140023395419121
AIAdultSlopeContact= 2.5718477748544
AIAdultLD50Contact= 0.02644614452729
AILarvaSlope= 1.42909329370596
AILarvaLD50= 0.795526201813482
AIKOW= 4.83442355226725
AIKOC= 14.0245065744966
AIHalfLife= 1.32007295498624
EAppRate= 0.159806523006409
