ICQueenStrength= 2.2891240476165
RQWkrDrnRatio= 2.24620545748621
ICDroneMiteSurvivorship= 41.6888189036399
ICWorkerMiteSurvivorship= 49.0650058723986
ICForagerLifespan= 8.59460012894124
ImmType= Polynomial
AIAdultSlope= 5.49455506727099
AIAdultLD50= 0.382132861181162
AIAdultSlopeContact= 3.70315479851793
AIAdultLD50Contact= 0.0263514788588509
AILarvaSlope= 0.225514179747552
AILarvaLD50= 0.83043057017494
AIKOW= 2.31993916351348
AIKOC= 22.6354863448068
AIHalfLife= 1.07158782426268
EAppRate= 6.0834738984704
