ICQueenStrength= 1.48840757925063
RQWkrDrnRatio= 2.23695625830442
ICDroneMiteSurvivorship= 21.8679748941213
ICWorkerMiteSurvivorship= 16.6537029435858
ICForagerLifespan= 15.4145389776677
ImmType= Tangent
AIAdultSlope= 1.17654755711555
AIAdultLD50= 0.000487703597173095
AIAdultSlopeContact= 1.80214418535819
AIAdultLD50Contact= 0.0443662222591229
AILarvaSlope= 0.4243940718472
AILarvaLD50= 0.579881558893248
AIKOW= 3.67850484885275
AIKOC= 12.2887534159236
AIHalfLife= 4.17111848015338
EAppRate= 0.808190363459289
