ICQueenStrength= 2.33670305134729
RQWkrDrnRatio= 3.57420475874096
ICDroneMiteSurvivorship= 12.150603858754
ICWorkerMiteSurvivorship= 75.0556608662009
ICForagerLifespan= 13.9612715467811
ImmType= Sine
AIAdultSlope= 2.71911248092074
AIAdultLD50= 0.331975051085465
AIAdultSlopeContact= 0.385870486870408
AIAdultLD50Contact= 0.0312946037971415
AILarvaSlope= 2.02676544822752
AILarvaLD50= 0.41389139983803
AIKOW= 6.0932852155529
AIKOC= 6.03107470786199
AIHalfLife= 0.0240597710944712
EAppRate= 0.203516229917295
