ICQueenStrength= 3.69932924304157
RQWkrDrnRatio= 2.69513857923448
ICDroneMiteSurvivorship= 44.1620244411752
ICWorkerMiteSurvivorship= 99.1565268952399
ICForagerLifespan= 13.9000134831294
ImmType= Cosine
AIAdultSlope= 3.83332423950546
AIAdultLD50= 0.415136884315871
AIAdultSlopeContact= 0.183923629000783
AIAdultLD50Contact= 0.014207064115908
AILarvaSlope= 3.353171306476
AILarvaLD50= 0.836528387339786
AIKOW= 4.06775683211163
AIKOC= 9.08545268583111
AIHalfLife= 1.35093113058247
EAppRate= 0.693057941528968
