ICQueenStrength= 1.41727649979293
RQWkrDrnRatio= 4.35584976151586
ICDroneMiteSurvivorship= 90.1447289856151
ICWorkerMiteSurvivorship= 86.3533238880336
ICForagerLifespan= 5.56274963449687
ImmType= Sine
AIAdultSlope= 5.93657032819465
AIAdultLD50= 0.0561524502700195
AIAdultSlopeContact= 3.79752532058163
AIAdultLD50Contact= 0.0228722379659303
AILarvaSlope= 1.60212403419428
AILarvaLD50= 0.0899193194461986
AIKOW= 3.88578269816935
AIKOC= 26.2844828492962
AIHalfLife= 4.36667088302784
EAppRate= 1.57953439513221
