ICQueenStrength= 3.72259833756834
RQWkrDrnRatio= 1.61435200832784
ICDroneMiteSurvivorship= 36.2005823291838
ICWorkerMiteSurvivorship= 55.5182005278766
ICForagerLifespan= 15.9442042019218
ImmType= Logarithmic
AIAdultSlope= 6.96040489710867
AIAdultLD50= 0.1446761545958
AIAdultSlopeContact= 0.829151156502776
AIAdultLD50Contact= 0.0384004735038616
AILarvaSlope= 6.1096363584511
AILarvaLD50= 0.589007618953474
AIKOW= 2.56462631979957
AIKOC= 5.97518425318412
AIHalfLife= 2.17555982992053
EAppRate= 0.358943250030279
