ICQueenStrength= 5.79672808782198
RQWkrDrnRatio= 1.13003861438483
ICDroneMiteSurvivorship= 84.8570885136724
ICWorkerMiteSurvivorship= 71.8139118980616
ICForagerLifespan= 4.38855635374784
ImmType= Sine
AIAdultSlope= 4.71154571510851
AIAdultLD50= 0.149161828565411
AIAdultSlopeContact= 2.64813444585074
AIAdultLD50Contact= 0.0424288190552033
AILarvaSlope= 7.13530162116513
AILarvaLD50= 0.123433218291029
AIKOW= 3.29894139012322
AIKOC= 8.57640617294237
AIHalfLife= 3.09946670429781
EAppRate= 3.33202326204628
