ICQueenStrength= 2.39267853577621
RQWkrDrnRatio= 4.87391500547528
ICDroneMiteSurvivorship= 78.3905445598066
ICWorkerMiteSurvivorship= 37.0458895107731
ICForagerLifespan= 12.9824397340417
ImmType= Tangent
AIAdultSlope= 1.36535015227273
AIAdultLD50= 0.0246280734427273
AIAdultSlopeContact= 3.77711790771922
AIAdultLD50Contact= 0.0456586302840151
AILarvaSlope= 3.12631935151294
AILarvaLD50= 0.14804902409669
AIKOW= 6.76246255077422
AIKOC= 13.8284199940972
AIHalfLife= 1.84338721679524
EAppRate= 1.6691902722232
