ICQueenStrength= 5.87865854636766
RQWkrDrnRatio= 3.14528353046626
ICDroneMiteSurvivorship= 95.0039435410872
ICWorkerMiteSurvivorship= 55.3755115717649
ICForagerLifespan= 8.12937554623932
ImmType= Sine
AIAdultSlope= 4.27304635057226
AIAdultLD50= 0.0978079250780866
AIAdultSlopeContact= 0.620217871167697
AIAdultLD50Contact= 0.0394734044326469
AILarvaSlope= 4.92041348945349
AILarvaLD50= 0.761943259346299
AIKOW= 6.06692993454635
AIKOC= 25.4067328188103
AIHalfLife= 1.82977214455605
EAppRate= 2.69791550235823
