ICQueenStrength= 1.22796025499701
RQWkrDrnRatio= 1.03710539918393
ICDroneMiteSurvivorship= 23.8960036076605
ICWorkerMiteSurvivorship= 88.6454920982942
ICForagerLifespan= 15.9412587704137
ImmType= Sine
AIAdultSlope= 2.84661761782598
AIAdultLD50= 0.43755392334424
AIAdultSlopeContact= 1.99837905263761
AIAdultLD50Contact= 0.020274866418913
AILarvaSlope= 2.18581806560978
AILarvaLD50= 0.279049351019785
AIKOW= 4.42670942563564
AIKOC= 16.363133485429
AIHalfLife= 0.126994278980419
EAppRate= 5.61284934170544
