ICQueenStrength= 5.75761324982159
RQWkrDrnRatio= 1.74314660392702
ICDroneMiteSurvivorship= 76.256473059766
ICWorkerMiteSurvivorship= 50.790083874017
ICForagerLifespan= 11.7497842069715
ImmType= Tangent
AIAdultSlope= 2.36935899010627
AIAdultLD50= 0.0217615119181573
AIAdultSlopeContact= 3.05631233250489
AIAdultLD50Contact= 0.00894712454173714
AILarvaSlope= 1.33641513232142
AILarvaLD50= 0.319901256146841
AIKOW= 5.58242999343202
AIKOC= 26.9053793232888
AIHalfLife= 2.8663495881483
EAppRate= 0.209552764426917
