ICQueenStrength= 5.58126286743209
RQWkrDrnRatio= 4.5751952752471
ICDroneMiteSurvivorship= 58.6624992312863
ICWorkerMiteSurvivorship= 22.8187093045563
ICForagerLifespan= 8.83136105723679
ImmType= Cosine
AIAdultSlope= 2.5328967673704
AIAdultLD50= 0.428403789643198
AIAdultSlopeContact= 1.06633413105039
AIAdultLD50Contact= 0.0046149616711773
AILarvaSlope= 2.93792480202392
AILarvaLD50= 0.142918799165636
AIKOW= 7.16348933940753
AIKOC= 14.9676964222454
AIHalfLife= 2.34943654155359
EAppRate= 1.51918860618025
