ICQueenStrength= 5.25882226671092
RQWkrDrnRatio= 4.96921381913126
ICDroneMiteSurvivorship= 36.1282054102048
ICWorkerMiteSurvivorship= 18.1607607984915
ICForagerLifespan= 5.95660559181124
ImmType= Cosine
AIAdultSlope= 0.775229620586615
AIAdultLD50= 0.364870883291587
AIAdultSlopeContact= 3.83279992684722
AIAdultLD50Contact= 0.00431162904715165
AILarvaSlope= 2.49033807143569
AILarvaLD50= 0.516200865525752
AIKOW= 6.9058690071106
AIKOC= 23.3464829868171
AIHalfLife= 2.84513559541665
EAppRate= 0.469413260114379
