ICQueenStrength= 5.73809800343588
RQWkrDrnRatio= 4.93054206017405
ICDroneMiteSurvivorship= 41.1389891523868
ICWorkerMiteSurvivorship= 70.5820293631405
ICForagerLifespan= 12.9445742322132
ImmType= Cosine
AIAdultSlope= 2.22588218596531
AIAdultLD50= 0.15488382417243
AIAdultSlopeContact= 3.5035853388207
AIAdultLD50Contact= 0.00852004158077762
AILarvaSlope= 1.93844362325035
AILarvaLD50= 0.526323721627705
AIKOW= 4.46421523625031
AIKOC= 16.9095714006107
AIHalfLife= 4.21828336897306
EAppRate= 3.95677475724369
