ICQueenStrength= 4.011604960775
RQWkrDrnRatio= 1.44484707806259
ICDroneMiteSurvivorship= 86.1965501215309
ICWorkerMiteSurvivorship= 25.943618430756
ICForagerLifespan= 5.68248848803341
ImmType= Polynomial
AIAdultSlope= 9.94550693547353
AIAdultLD50= 0.234290316933766
AIAdultSlopeContact= 3.33378711945377
AIAdultLD50Contact= 0.0218380606849678
AILarvaSlope= 1.87848049197346
AILarvaLD50= 0.415092173893936
AIKOW= 6.85812230035663
AIKOC= 16.2614247074816
AIHalfLife= 1.1130820796825
EAppRate= 6.41286280239001
