ICQueenStrength= 3.08371611428447
RQWkrDrnRatio= 2.31492151133716
ICDroneMiteSurvivorship= 2.03568218275905
ICWorkerMiteSurvivorship= 56.5188464941457
ICForagerLifespan= 14.5929572619498
ImmType= Tangent
AIAdultSlope= 3.14707415377256
AIAdultLD50= 0.26139548048377
AIAdultSlopeContact= 0.092223018289078
AIAdultLD50Contact= 0.0397637837333605
AILarvaSlope= 0.488550612982363
AILarvaLD50= 0.149069474916905
AIKOW= 2.39342761412263
AIKOC= 8.89903282630257
AIHalfLife= 3.43880765838549
EAppRate= 0.546682646032423
