ICQueenStrength= 1.43707698467188
RQWkrDrnRatio= 3.15650770626962
ICDroneMiteSurvivorship= 35.0840284023434
ICWorkerMiteSurvivorship= 99.1570477141067
ICForagerLifespan= 13.6220189724118
ImmType= Logarithmic
AIAdultSlope= 1.23272253109608
AIAdultLD50= 0.136644913931377
AIAdultSlopeContact= 3.31954336330527
AIAdultLD50Contact= 0.00749023498501629
AILarvaSlope= 0.918914890429005
AILarvaLD50= 0.394677229388617
AIKOW= 4.85312936874107
AIKOC= 21.3247781631071
AIHalfLife= 4.39803173649125
EAppRate= 3.37058466626331
