ICQueenStrength= 3.58726058877073
RQWkrDrnRatio= 3.45432742312551
ICDroneMiteSurvivorship= 43.9324976410717
ICWorkerMiteSurvivorship= 48.7480135401711
ICForagerLifespan= 9.68805617745966
ImmType= Cosine
AIAdultSlope= 0.603374165520072
AIAdultLD50= 0.481423412100412
AIAdultSlopeContact= 1.26171837789472
AIAdultLD50Contact= 0.016666529327631
AILarvaSlope= 2.15504800151102
AILarvaLD50= 0.0803218081360683
AIKOW= 2.38130097417161
AIKOC= 29.5656073850114
AIHalfLife= 3.58150084153749
EAppRate= 3.4673837502487
