ICQueenStrength= 1.07736045867205
RQWkrDrnRatio= 2.88452067691833
ICDroneMiteSurvivorship= 9.72912549041212
ICWorkerMiteSurvivorship= 40.2944565284997
ICForagerLifespan= 14.8890454350039
ImmType= Tangent
AIAdultSlope= 3.13949940958992
AIAdultLD50= 0.208050289191306
AIAdultSlopeContact= 1.45963650398422
AIAdultLD50Contact= 0.00783140788553283
AILarvaSlope= 0.0141259850468487
AILarvaLD50= 0.254028112557717
AIKOW= 3.66914819739759
AIKOC= 19.8469957988709
AIHalfLife= 2.60748858330771
EAppRate= 0.398966341745108
