ICQueenStrength= 3.86458893329836
RQWkrDrnRatio= 2.69901823997498
ICDroneMiteSurvivorship= 31.9593850290403
ICWorkerMiteSurvivorship= 9.44489038083702
ICForagerLifespan= 10.8917003450915
ImmType= Exponential
AIAdultSlope= 0.407456797992345
AIAdultLD50= 0.0583131124731153
AIAdultSlopeContact= 1.86829354135087
AIAdultLD50Contact= 0.0186581534449942
AILarvaSlope= 2.38714126064442
AILarvaLD50= 0.0492156333988532
AIKOW= 7.42959544621408
AIKOC= 25.6503401394002
AIHalfLife= 0.385872240876779
EAppRate= 0.479728633351624
