ICQueenStrength= 1.29992387746461
RQWkrDrnRatio= 2.56543763447553
ICDroneMiteSurvivorship= 22.8128929389641
ICWorkerMiteSurvivorship= 64.6067729918286
ICForagerLifespan= 6.23699261061847
ImmType= Logarithmic
AIAdultSlope= 0.377391294040717
AIAdultLD50= 0.13270409940742
AIAdultSlopeContact= 2.51422804875299
AIAdultLD50Contact= 0.0153368366649374
AILarvaSlope= 3.25226242416538
AILarvaLD50= 0.664833869389258
AIKOW= 3.92878497112542
AIKOC= 20.6040224479511
AIHalfLife= 4.47534524369985
EAppRate= 1.88529120292515
