ICQueenStrength= 4.13051899429411
RQWkrDrnRatio= 1.46086475532502
ICDroneMiteSurvivorship= 16.1791363032535
ICWorkerMiteSurvivorship= 6.14708568900824
ICForagerLifespan= 4.08797549456358
ImmType= Cosine
AIAdultSlope= 1.56178690230707
AIAdultLD50= 0.176327237859368
AIAdultSlopeContact= 2.59049619050464
AIAdultLD50Contact= 0.0193523800815456
AILarvaSlope= 2.93305439120159
AILarvaLD50= 0.878340539010242
AIKOW= 4.98676655767485
AIKOC= 11.6538132552523
AIHalfLife= 2.5642433273606
EAppRate= 0.0201253515901044
