ICQueenStrength= 4.37619927129708
RQWkrDrnRatio= 1.63210640009493
ICDroneMiteSurvivorship= 35.3995541343465
ICWorkerMiteSurvivorship= 80.5798118468374
ICForagerLifespan= 10.6987293483689
ImmType= Sine
AIAdultSlope= 3.79218174261739
AIAdultLD50= 0.300338901113719
AIAdultSlopeContact= 1.15398906647461
AIAdultLD50Contact= 0.0467148846131749
AILarvaSlope= 3.07076115920208
AILarvaLD50= 0.720858736289665
AIKOW= 7.6202963120304
AIKOC= 20.0552513136063
AIHalfLife= 0.552037390880287
EAppRate= 8.31912331748754
