ICQueenStrength= 3.82184556010179
RQWkrDrnRatio= 4.78296983428299
ICDroneMiteSurvivorship= 52.6386454468593
ICWorkerMiteSurvivorship= 81.4029857283458
ICForagerLifespan= 12.6433163303882
ImmType= Cosine
AIAdultSlope= 3.50687825096073
AIAdultLD50= 0.204960120841861
AIAdultSlopeContact= 1.31437381280819
AIAdultLD50Contact= 0.0282088146428578
AILarvaSlope= 3.10099734561518
AILarvaLD50= 0.084588476177305
AIKOW= 5.00034477701411
AIKOC= 12.5553730188403
AIHalfLife= 4.66441010124981
EAppRate= 0.681994015350938
