ICQueenStrength= 5.38779908465222
RQWkrDrnRatio= 2.15505692362785
ICDroneMiteSurvivorship= 96.7801129911095
ICWorkerMiteSurvivorship= 27.2025511367247
ICForagerLifespan= 12.6774997375906
ImmType= Exponential
AIAdultSlope= 0.0138104637153447
AIAdultLD50= 0.0870430928189307
AIAdultSlopeContact= 2.15021919379011
AIAdultLD50Contact= 0.0272027937695384
AILarvaSlope= 2.83080945862457
AILarvaLD50= 0.797277853405103
AIKOW= 6.45304759871215
AIKOC= 12.1351264661644
AIHalfLife= 3.96328816073947
EAppRate= 2.91499061975628
