ICQueenStrength= 2.91547934780829
RQWkrDrnRatio= 4.97274193540215
ICDroneMiteSurvivorship= 20.6899972632527
ICWorkerMiteSurvivorship= 13.3413115749136
ICForagerLifespan= 9.60174364689738
ImmType= Tangent
AIAdultSlope= 2.8408738246467
AIAdultLD50= 0.421519902301952
AIAdultSlopeContact= 1.24725730252918
AIAdultLD50Contact= 0.00459775142371655
AILarvaSlope= 1.96183524169028
AILarvaLD50= 0.04205005208496
AIKOW= 4.34186948789284
AIKOC= 9.01881419238634
AIHalfLife= 4.64145114528947
EAppRate= 0.494919491722248
