ICQueenStrength= 4.24103365186602
RQWkrDrnRatio= 3.80908667109907
ICDroneMiteSurvivorship= 40.526356594637
ICWorkerMiteSurvivorship= 42.4365897895768
ICForagerLifespan= 12.0726053789258
ImmType= Polynomial
AIAdultSlope= 6.09180740313604
AIAdultLD50= 0.0275516579858959
AIAdultSlopeContact= 0.898701920912135
AIAdultLD50Contact= 0.0374361995025538
AILarvaSlope= 5.22905188379809
AILarvaLD50= 0.44804367008619
AIKOW= 6.49798422073945
AIKOC= 21.5274300030433
AIHalfLife= 4.04958239174448
EAppRate= 6.61487889708951
