ICQueenStrength= 1.73713320773095
RQWkrDrnRatio= 4.38442236930132
ICDroneMiteSurvivorship= 55.5895608384162
ICWorkerMiteSurvivorship= 99.7646810486913
ICForagerLifespan= 4.85525364521891
ImmType= Cosine
AIAdultSlope= 3.28105233609676
AIAdultLD50= 0.49509396078065
AIAdultSlopeContact= 0.0141369856079109
AIAdultLD50Contact= 0.0376027823542245
AILarvaSlope= 5.04483939381316
AILarvaLD50= 0.77173016667366
AIKOW= 7.64385127741843
AIKOC= 18.7065191287547
AIHalfLife= 0.992920731659979
EAppRate= 4.542890957091
