ICQueenStrength= 4.29054643865675
RQWkrDrnRatio= 4.38882666267455
ICDroneMiteSurvivorship= 12.1534762438387
ICWorkerMiteSurvivorship= 22.5361063145101
ICForagerLifespan= 9.67522814963013
ImmType= Tangent
AIAdultSlope= 2.08690773848444
AIAdultLD50= 0.111597658134997
AIAdultSlopeContact= 1.91550610259408
AIAdultLD50Contact= 0.0171928318799473
AILarvaSlope= 1.01658548596315
AILarvaLD50= 0.276862542866729
AIKOW= 4.08976942114532
AIKOC= 9.30443060467951
AIHalfLife= 3.56914565665647
EAppRate= 7.93932682601735
