ICQueenStrength= 1.69227843545377
RQWkrDrnRatio= 2.9501614253968
ICDroneMiteSurvivorship= 24.1199389100075
ICWorkerMiteSurvivorship= 0.132724526338279
ICForagerLifespan= 14.2715643215925
ImmType= Exponential
AIAdultSlope= 7.69178048009053
AIAdultLD50= 0.42427968326956
AIAdultSlopeContact= 0.690104458692949
AIAdultLD50Contact= 0.000714860355947167
AILarvaSlope= 3.26636770041659
AILarvaLD50= 0.71045160710346
AIKOW= 5.02155739860609
AIKOC= 7.03811314422637
AIHalfLife= 1.89396070316434
EAppRate= 2.91957112494856
