ICQueenStrength= 1.51039173384197
RQWkrDrnRatio= 2.68242658767849
ICDroneMiteSurvivorship= 1.67700434103608
ICWorkerMiteSurvivorship= 92.6112565910444
ICForagerLifespan= 5.61045140028
ImmType= Tangent
AIAdultSlope= 3.35499946649652
AIAdultLD50= 0.418366077588871
AIAdultSlopeContact= 0.487724966292735
AIAdultLD50Contact= 0.00770730290096253
AILarvaSlope= 3.388416948542
AILarvaLD50= 0.413024752121419
AIKOW= 4.00960591202602
AIKOC= 15.6346855696756
AIHalfLife= 4.94285597815178
EAppRate= 6.24112612567842
