ICQueenStrength= 2.32021568599157
RQWkrDrnRatio= 2.62523377500474
ICDroneMiteSurvivorship= 80.2573585649952
ICWorkerMiteSurvivorship= 19.3581867031753
ICForagerLifespan= 7.59787896554917
ImmType= Exponential
AIAdultSlope= 3.42624090781901
AIAdultLD50= 0.341532077873126
AIAdultSlopeContact= 1.53284583253087
AIAdultLD50Contact= 0.0480523506761529
AILarvaSlope= 3.34654398155399
AILarvaLD50= 0.055057133641094
AIKOW= 4.84881402971223
AIKOC= 17.98763800296
AIHalfLife= 1.97357090888545
EAppRate= 6.29540705820546
