ICQueenStrength= 5.34964521438815
RQWkrDrnRatio= 2.00246929284185
ICDroneMiteSurvivorship= 85.694274189882
ICWorkerMiteSurvivorship= 36.3255847012624
ICForagerLifespan= 12.7157609686255
ImmType= Sine
AIAdultSlope= 7.6954890601337
AIAdultLD50= 0.244974607601762
AIAdultSlopeContact= 2.83275565745076
AIAdultLD50Contact= 0.0121850900002755
AILarvaSlope= 9.70649684779346
AILarvaLD50= 0.89243199932389
AIKOW= 5.53518912894651
AIKOC= 19.2496443470009
AIHalfLife= 1.08623418607749
EAppRate= 2.26777715841308
