ICQueenStrength= 4.2951162464451
RQWkrDrnRatio= 3.0648931870237
ICDroneMiteSurvivorship= 91.1201495211571
ICWorkerMiteSurvivorship= 47.8198951110244
ICForagerLifespan= 15.2899708207697
ImmType= Sine
RQQueenStrength= 1.90819777920842
RQEnableReQueen= true
AIAdultSlope= 1.42485221847892
AIAdultLD50= 65.7907210970377
AIAdultSlopeContact= 3.81353504769504
AIAdultLD50Contact= 22.2944863745412
AILarvaSlope= 6.07430103234947
AILarvaLD50= 50.9091455622641
AIKOW= 41588.8032381005
AIKOC= 49102.8625837683
AIHalfLife= 15.9457395738456
EAppRate= 0.608575900396332
FoliarEnabled= true
FoliarAppDate= 06/07/1989
FoliarForageBegin= 06/05/1989
FoliarForageEnd= 06/28/1989
AIContactFactor= 0.889185480880551
CL4Pollen= 1.53621323406696
CL4Nectar= 40.045051695779
CL5Pollen= 2.98133896943182
CL5Nectar= 101.264919480309
CLDPollen= 1.88934441749007
CLDNectar= 16.0012971027754
CA13Pollen= 3.24374709073454
CA13Nectar= 22.1837319433689
CA410Pollen= 8.64572617136873
CA410Nectar= 31.7042274866253
CA1120Pollen= 2.02614483889192
CA1120Nectar= 58.2867470383644
IPollenTrips= 10.9390432084911
INectarTrips= 13.2420736737549
IPollenLoad= 8.16701933508739
INectarLoad= 5.95677345059812
