ICQueenStrength= 5.48700321721844
RQWkrDrnRatio= 1.15100220218301
ICDroneMiteSurvivorship= 2.02758216764778
ICWorkerMiteSurvivorship= 21.2849327363074
ICForagerLifespan= 6.11213789600879
ImmType= Polynomial
RQQueenStrength= 5.78245990118012
RQEnableReQueen= true
AIAdultSlope= 2.11165041849017
AIAdultLD50= 37.0488262640689
AIAdultSlopeContact= 5.51512332330458
AIAdultLD50Contact= 59.8329875565367
AILarvaSlope= 4.03711703233421
AILarvaLD50= 2.40585738290683
AIKOW= 6213.69492283914
AIKOC= 42657.4532800021
AIHalfLife= 24.2511148269521
EAppRate= 2.32481079137512
FoliarEnabled= true
FoliarAppDate= 06/07/1989
FoliarForageBegin= 06/05/1989
FoliarForageEnd= 06/28/1989
AIContactFactor= 2.13800502525177
CL4Pollen= 3.343804044649
CL4Nectar= 87.5291211996228
CL5Pollen= 4.44021798111498
CL5Nectar= 110.338088998105
CLDPollen= 5.256948096212
CLDNectar= 38.1420032121241
CA13Pollen= 6.63703688681126
CA13Nectar= 73.5391597263515
CA410Pollen= 7.22355989189819
CA410Nectar= 70.3041752800345
CA1120Pollen= 1.50380748859607
CA1120Nectar= 73.9792881906033
IPollenTrips= 7.63012838549912
INectarTrips= 13.5204568598419
IPollenLoad= 2.11037074448541
INectarLoad= 5.76527470257133
ESoilP= 1.38561699562706
ESoilFoc= 0.0127943452131003
