ICQueenStrength= 3.08833509217948
RQWkrDrnRatio= 3.86256508715451
ICDroneMiteSurvivorship= 57.4645079206675
ICWorkerMiteSurvivorship= 86.0934699652717
ICForagerLifespan= 7.29657309129834
ImmType= Polynomial
RQQueenStrength= 3.87755923625082
RQEnableReQueen=true
AIAdultSlope= 5.62892545945942
AIAdultLD50= 0.718709169017151
AIAdultSlopeContact= 8.98420394398272
AIAdultLD50Contact= 65.2673247437833
AILarvaSlope= 1.8045801166445
AILarvaLD50= 14.5197898111739
AIKOW= 32941.2230759692
AIKOC= 10614.5998491195
AIHalfLife= 3.70334678674117
EAppRate= 1.41350995474891
FoliarEnabled=true
FoliarAppDate= 07/01/1989
FoliarForageBegin= 07/01/1989
FoliarForageEnd= 07/14/1989
AIContactFactor= 0.951464081634767
CL4Pollen= 0.203724813647568
CL4Nectar= 14.8712912108749
CL5Pollen= 3.97939880099148
CL5Nectar= 125.211873371154
CLDPollen= 1.45972695294768
CLDNectar= 24.5776582974941
CA13Pollen= 4.37553197452798
CA13Nectar= 33.2251126877964
CA410Pollen= 5.03732320703566
CA410Nectar= 64.7511635068804
CA1120Pollen= 2.54140161070973
CA1120Nectar= 61.6579661332071
IPollenTrips= 7.83782703336328
INectarTrips= 8.26586704468355
IPollenLoad= 7.3291178396903
INectarLoad= 2.41078590974212
