ICQueenStrength= 2.69016795698553
RQWkrDrnRatio= 3.11375449504703
ICDroneMiteSurvivorship= 83.5759582230821
ICWorkerMiteSurvivorship= 82.9860886791721
ICForagerLifespan= 13.7257930971682
ImmType= Exponential
RQQueenStrength= 2.82478248025291
RQEnableReQueen= true
AIAdultSlope= 8.05724536813796
AIAdultLD50= 92.1774290223198
AIAdultSlopeContact= 6.67077762377448
AIAdultLD50Contact= 29.1350627681974
AILarvaSlope= 2.81895316950977
AILarvaLD50= 0.413961552678375
AIKOW= 68658.0015489103
AIKOC= 60930.4109222381
AIHalfLife= 25.0979420988355
EAppRate= 4.79010427765548
FoliarEnabled= true
FoliarAppDate= 06/07/1989
FoliarForageBegin= 06/05/1989
FoliarForageEnd= 06/28/1989
AIContactFactor= 1.78048926273361
CL4Pollen= 1.96544745378196
CL4Nectar= 18.0477370508015
CL5Pollen= 2.70520679606125
CL5Nectar= 52.0368608878925
CLDPollen= 1.96996552823111
CLDNectar= 104.531573492568
CA13Pollen= 6.48525837883353
CA13Nectar= 82.6197296567261
CA410Pollen= 3.04587776870467
CA410Nectar= 67.7620866242796
CA1120Pollen= 2.55697343708016
CA1120Nectar= 79.2193644866347
IPollenTrips= 14.5058844448067
INectarTrips= 9.11074824398383
IPollenLoad= 0.0675697554834187
INectarLoad= 6.32289339322597
