ICQueenStrength= 1.01435262709856
RQWkrDrnRatio= 4.36613456718624
ICDroneMiteSurvivorship= 22.7067158790305
ICWorkerMiteSurvivorship= 78.2277782680467
ICForagerLifespan= 4.55628509260714
ImmType= Tangent
RQQueenStrength= 4.18042421713471
RQEnableReQueen=true
AIAdultSlope= 7.56256701797247
AIAdultLD50= 0.527238549082074
AIAdultSlopeContact= 7.10330731142312
AIAdultLD50Contact= 49.6833589870685
AILarvaSlope= 5.3258193898946
AILarvaLD50= 48.6213113227726
AIKOW= 30676.0072648598
AIKOC= 35484.3085295425
AIHalfLife= 10.8484782091342
EAppRate= 9.36472080592625
FoliarEnabled=true
FoliarAppDate= 07/01/1989
FoliarForageBegin= 07/01/1989
FoliarForageEnd= 07/14/1989
AIContactFactor= 1.8058469341509
CL4Pollen= 2.16092918999493
CL4Nectar= 7.75778719689697
CL5Pollen= 5.20749621000141
CL5Nectar= 133.882958977483
CLDPollen= 4.18801592057571
CLDNectar= 102.653804048896
CA13Pollen= 7.61632433142513
CA13Nectar= 66.42059314996
CA410Pollen= 7.37505403284449
CA410Nectar= 24.8165343841538
CA1120Pollen= 0.198054880136624
CA1120Nectar= 75.1765847578645
IPollenTrips= 10.1478806720115
INectarTrips= 12.4573429720476
IPollenLoad= 6.65535705629736
INectarLoad= 3.42153400648385
