ICQueenStrength= 5.31664069648832
RQWkrDrnRatio= 1.43685253802687
ICDroneMiteSurvivorship= 4.41446281038225
ICWorkerMiteSurvivorship= 70.7706551067531
ICForagerLifespan= 11.4600902078673
ImmType= Tangent
RQQueenStrength= 2.71788941719569
RQEnableReQueen= true
AIAdultSlope= 1.33768011815846
AIAdultLD50= 99.2464106918168
AIAdultSlopeContact= 8.65608960436657
AIAdultLD50Contact= 54.6945092676834
AILarvaSlope= 5.66608035005629
AILarvaLD50= 15.7450076333608
AIKOW= 77598.9353240433
AIKOC= 27754.8570037573
AIHalfLife= 33.2991366296075
EAppRate= 9.13367541059619
FoliarEnabled= true
FoliarAppDate= 06/07/1989
FoliarForageBegin= 06/05/1989
FoliarForageEnd= 06/28/1989
AIContactFactor= 2.01157782668248
CL4Pollen= 0.376458516344428
CL4Nectar= 60.2431626757607
CL5Pollen= 3.65660100756213
CL5Nectar= 81.578125746455
CLDPollen= 0.642601966392249
CLDNectar= 26.7533173668198
CA13Pollen= 2.59881274942309
CA13Nectar= 44.1872262209654
CA410Pollen= 8.42568578491919
CA410Nectar= 166.732592643239
CA1120Pollen= 2.60372977307998
CA1120Nectar= 31.1451108567417
IPollenTrips= 14.1328236297704
INectarTrips= 13.3141141734086
IPollenLoad= 9.01684566168115
INectarLoad= 7.99309271620587
ESoilP= 1.82237594551407
ESoilFoc= 0.00656603116635233
