ICQueenStrength= 1.91185240307823
RQWkrDrnRatio= 2.55497377831489
ICDroneMiteSurvivorship= 60.1375499041751
ICWorkerMiteSurvivorship= 88.0149251548573
ICForagerLifespan= 12.7772838249803
ImmType= Exponential
RQQueenStrength= 1.34285913221538
RQEnableReQueen= true
AIAdultSlope= 7.41786913014948
AIAdultLD50= 47.9409461239581
AIAdultSlopeContact= 8.67745967721567
AIAdultLD50Contact= 66.483077862123
AILarvaSlope= 2.8961413372308
AILarvaLD50= 73.4101424312934
AIKOW= 87387.3287851693
AIKOC= 47772.6783763652
AIHalfLife= 3.94112057460006
EAppRate= 0.576312948845793
FoliarEnabled= true
FoliarAppDate= 06/07/1989
FoliarForageBegin= 06/05/1989
FoliarForageEnd= 06/28/1989
AIContactFactor= 1.14293493896257
CL4Pollen= 2.59929641149938
CL4Nectar= 81.0039750533178
CL5Pollen= 0.911954040639102
CL5Nectar= 87.496758706402
CLDPollen= 4.810649021063
CLDNectar= 147.929069737438
CA13Pollen= 3.193192196358
CA13Nectar= 28.2318078540266
CA410Pollen= 7.96009529496077
CA410Nectar= 25.5060093291104
CA1120Pollen= 2.37951688282192
CA1120Nectar= 64.9054748378694
IPollenTrips= 13.5763545008376
INectarTrips= 12.6138251181692
IPollenLoad= 0.211522090248764
INectarLoad= 9.76000408874825
ESoilP= 1.91690344805829
ESoilFoc= 0.0157634785869159
