ICQueenStrength= 3.80581590835936
RQWkrDrnRatio= 4.01841816678643
ICDroneMiteSurvivorship= 55.7864990318194
ICWorkerMiteSurvivorship= 17.1612970530987
ICForagerLifespan= 7.35421509295702
ImmType= Sine
AIAdultSlope= 1.59242620252306
AIAdultLD50= 0.192571469210088
AIAdultSlopeContact= 2.3774614371825
AIAdultLD50Contact= 0.0280571575509384
AILarvaSlope= 3.20483917021193
AILarvaLD50= 0.81134565831162
AIKOW= 4.47150752320886
AIKOC= 6.32405770127662
AIHalfLife= 0.274483905103989
EAppRate= 7.25667450111359
FoliarEnabled= true
