ICQueenStrength= 2.25651182420552
RQWkrDrnRatio= 2.04606440663338
ICDroneMiteSurvivorship= 64.8052932228893
ICWorkerMiteSurvivorship= 27.0749173592776
ICForagerLifespan= 9.11041396763176
ImmType= Exponential
RQQueenStrength= 1.040123953484
RQEnableReQueen=true
AIAdultSlope= 4.153320081532
AIAdultLD50= 0.324370327884797
AIAdultSlopeContact= 1.40765229333192
AIAdultLD50Contact= 28.2835014702193
AILarvaSlope= 7.17753100767732
AILarvaLD50= 41.8964606600273
AIKOW= 60739.9244005968
AIKOC= 43460.8773703477
AIHalfLife= 3.25069502047263
EAppRate= 9.38061567026866
FoliarEnabled=true
FoliarAppDate= 07/01/1989
FoliarForageBegin= 07/01/1989
FoliarForageEnd= 07/14/1989
AIContactFactor= 1.46393747987691
CL4Pollen= 3.01849614549428
CL4Nectar= 35.6081457575783
CL5Pollen= 4.88973580487072
CL5Nectar= 81.595898908563
CLDPollen= 2.09398381272331
CLDNectar= 5.46635545324534
CA13Pollen= 5.4319619031623
CA13Nectar= 26.995696015656
CA410Pollen= 3.81324862525798
CA410Nectar= 75.8706925623119
CA1120Pollen= 1.92132835043594
CA1120Nectar= 84.5087165944278
IPollenTrips= 13.7806516094133
INectarTrips= 11.2222722452134
IPollenLoad= 8.70081537170336
INectarLoad= 2.25986675359309
