ICQueenStrength= 3.02013025176711
RQWkrDrnRatio= 4.08091485407203
ICDroneMiteSurvivorship= 47.8170414222404
ICWorkerMiteSurvivorship= 71.8644656473771
ICForagerLifespan= 12.3567704567686
ImmType= Logarithmic
RQQueenStrength= 3.71541960188188
RQEnableReQueen= true
AIAdultSlope= 8.18707933276892
AIAdultLD50= 79.7115082137289
AIAdultSlopeContact= 7.25327102770098
AIAdultLD50Contact= 9.83995811153133
AILarvaSlope= 2.54180734045804
AILarvaLD50= 87.0963441704726
AIKOW= 56500.2300271324
AIKOC= 66595.2166865733
AIHalfLife= 14.705444658245
EAppRate= 8.29586040591402
FoliarEnabled= true
FoliarAppDate= 06/07/1989
FoliarForageBegin= 06/05/1989
FoliarForageEnd= 06/28/1989
AIContactFactor= 1.16595877188724
CL4Pollen= 2.12126397620887
CL4Nectar= 45.7555345958099
CL5Pollen= 1.14070368558168
CL5Nectar= 93.7671670108102
CLDPollen= 1.95518762804568
CLDNectar= 132.213750144001
CA13Pollen= 8.09349225023761
CA13Nectar= 78.3979894779623
CA410Pollen= 5.22887080006767
CA410Nectar= 181.360402433202
CA1120Pollen= 0.551200929097831
CA1120Nectar= 30.6109237298369
IPollenTrips= 11.0874894796871
INectarTrips= 8.14080639742315
IPollenLoad= 9.83870212687179
INectarLoad= 0.00747170997783542
