ICQueenStrength= 5.57550573046319
RQWkrDrnRatio= 3.54278502892703
ICDroneMiteSurvivorship= 43.5693173203617
ICWorkerMiteSurvivorship= 94.9331126175821
ICForagerLifespan= 13.974565602839
ImmType= Tangent
AIAdultSlope= 0.47532059682766
AIAdultLD50= 0.0962966614402831
AIAdultSlopeContact= 0.455425615031272
AIAdultLD50Contact= 0.0428410865715705
AILarvaSlope= 1.55051857740618
AILarvaLD50= 0.474422931927256
AIKOW= 5.75766189210117
AIKOC= 19.7115187370218
AIHalfLife= 0.682318727509119
EAppRate= 6.64238976314664
FoliarEnabled= true
