ICQueenStrength= 1.6582291261293
RQWkrDrnRatio= 4.64083283673972
ICDroneMiteSurvivorship= 37.2887720121071
ICWorkerMiteSurvivorship= 53.6304961657152
ICForagerLifespan= 10.5933433752507
ImmType= Tangent
RQQueenStrength= 2.92320151603781
RQEnableReQueen= true
AIAdultSlope= 3.55202595889568
AIAdultLD50= 49.5329015578723
AIAdultSlopeContact= 5.23946893517859
AIAdultLD50Contact= 18.8057439638339
AILarvaSlope= 8.54168815352023
AILarvaLD50= 10.5786782118801
AIKOW= 39677.0514800473
AIKOC= 9810.85506105237
AIHalfLife= 15.5618301987648
EAppRate= 3.92632883107103
FoliarEnabled= true
FoliarAppDate= 06/07/1989
FoliarForageBegin= 06/05/1989
FoliarForageEnd= 06/28/1989
AIContactFactor= 0.373406704152003
CL4Pollen= 3.44747303426266
CL4Nectar= 43.2211154140532
CL5Pollen= 1.93407579744235
CL5Nectar= 23.2164038345218
CLDPollen= 3.17007231200114
CLDNectar= 103.185829496942
CA13Pollen= 4.24677453404292
CA13Nectar= 94.1155399009585
CA410Pollen= 3.55999201368541
CA410Nectar= 36.5562633797526
CA1120Pollen= 1.91670477669686
CA1120Nectar= 39.3648147024214
IPollenTrips= 5.83626724313945
INectarTrips= 5.95474738860503
IPollenLoad= 1.67542359093204
INectarLoad= 8.48505911650136
ESoilP= 1.23031535325572
ESoilFoc= 0.00725012113433331
