ICQueenStrength= 4.32697562780231
RQWkrDrnRatio= 4.54033268522471
ICDroneMiteSurvivorship= 85.4063778882846
ICWorkerMiteSurvivorship= 28.7637712433934
ICForagerLifespan= 7.83484433684498
ImmType= Tangent
RQQueenStrength= 2.90731150656939
RQEnableReQueen=true
AIAdultSlope= 3.0183200519532
AIAdultLD50= 0.0339140128765721
AIAdultSlopeContact= 8.92381850280799
AIAdultLD50Contact= 47.2007881923479
AILarvaSlope= 4.78153751976788
AILarvaLD50= 78.382309102928
AIKOW= 66142.1023406688
AIKOC= 95115.0733297926
AIHalfLife= 15.3409620833816
EAppRate= 1.30443321564351
FoliarEnabled=true
FoliarAppDate= 07/01/1989
FoliarForageBegin= 07/01/1989
FoliarForageEnd= 07/14/1989
AIContactFactor= 2.21745651038364
CL4Pollen= 3.75479319971055
CL4Nectar= 69.4248575950041
CL5Pollen= 0.263937715440989
CL5Nectar= 44.3575402605347
CLDPollen= 4.96123011270538
CLDNectar= 73.2650395017117
CA13Pollen= 3.25240325676277
CA13Nectar= 56.5852482616901
CA410Pollen= 8.92406490200665
CA410Nectar= 151.68710113503
CA1120Pollen= 2.86292620073073
CA1120Nectar= 89.364878796041
IPollenTrips= 9.2362111969851
INectarTrips= 5.47311251750216
IPollenLoad= 5.96239680889994
INectarLoad= 5.11225272202864
