ICQueenStrength= 4.64210369763896
RQWkrDrnRatio= 4.06206375919282
ICDroneMiteSurvivorship= 5.91633829753846
ICWorkerMiteSurvivorship= 30.3813577163965
ICForagerLifespan= 8.52875394281
ImmType= Exponential
RQQueenStrength= 5.71129257464781
RQEnableReQueen= true
AIAdultSlope= 2.20592720806599
AIAdultLD50= 90.8779843923415
AIAdultSlopeContact= 5.12323925062083
AIAdultLD50Contact= 5.60072666463954
AILarvaSlope= 3.23331853374839
AILarvaLD50= 81.6211569759042
AIKOW= 30279.3930621761
AIKOC= 67053.51624518
AIHalfLife= 2.34421399603598
EAppRate= 8.3613781754626
FoliarEnabled= true
FoliarAppDate= 06/07/1989
FoliarForageBegin= 06/05/1989
FoliarForageEnd= 06/28/1989
AIContactFactor= 0.867128422614187
CL4Pollen= 1.93954071216285
CL4Nectar= 43.7197730410844
CL5Pollen= 5.65776963578537
CL5Nectar= 86.8379339925013
CLDPollen= 5.17041936004534
CLDNectar= 31.7047932534479
CA13Pollen= 3.4445364613086
CA13Nectar= 99.2389666102827
CA410Pollen= 2.21328835831955
CA410Nectar= 130.174160045572
CA1120Pollen= 0.20021444815211
CA1120Nectar= 34.9963931180537
IPollenTrips= 13.6393173597753
INectarTrips= 14.8519975063391
IPollenLoad= 7.38714635604993
INectarLoad= 8.34757947828621
