ICQueenStrength= 5.50146704912186
RQWkrDrnRatio= 1.43307050224394
ICDroneMiteSurvivorship= 39.9136541644111
ICWorkerMiteSurvivorship= 24.4146157521755
ICForagerLifespan= 15.7952187368646
ImmType= Tangent
RQQueenStrength= 4.66837674286216
RQEnableReQueen= true
AIAdultSlope= 1.29540606215596
AIAdultLD50= 38.952716460238
AIAdultSlopeContact= 4.0419767673593
AIAdultLD50Contact= 68.1921208630474
AILarvaSlope= 2.56132255680859
AILarvaLD50= 15.8867207528003
AIKOW= 47349.9997782067
AIKOC= 37862.6476986445
AIHalfLife= 20.930105924583
EAppRate= 7.63916431521368
FoliarEnabled= true
FoliarAppDate= 06/07/1989
FoliarForageBegin= 06/05/1989
FoliarForageEnd= 06/28/1989
AIContactFactor= 1.98875745973084
CL4Pollen= 0.145644159056246
CL4Nectar= 62.68500383012
CL5Pollen= 5.7435133298859
CL5Nectar= 47.8944352827966
CLDPollen= 2.35019216872752
CLDNectar= 130.78969346825
CA13Pollen= 3.44975579837337
CA13Nectar= 83.6596810817719
CA410Pollen= 9.48568725776859
CA410Nectar= 120.911541683599
CA1120Pollen= 1.66785443527624
CA1120Nectar= 36.5987185575068
IPollenTrips= 13.8977819262072
INectarTrips= 6.70237990096211
IPollenLoad= 0.347301694564521
INectarLoad= 8.18417662288994
ESoilP= 1.24848819314502
ESoilFoc= 0.0138143982253969
