ICQueenStrength= 3.23620612407103
RQWkrDrnRatio= 2.52805592119694
ICDroneMiteSurvivorship= 18.8053460093215
ICWorkerMiteSurvivorship= 49.6873369906098
ICForagerLifespan= 12.9811015883461
ImmType= Sine
RQQueenStrength= 2.22741191880777
RQEnableReQueen= true
AIAdultSlope= 5.51927289180458
AIAdultLD50= 85.4610636711132
AIAdultSlopeContact= 6.76676426199265
AIAdultLD50Contact= 47.1759660862547
AILarvaSlope= 1.83437853306532
AILarvaLD50= 51.2930564741173
AIKOW= 8613.24475852689
AIKOC= 75506.4741008559
AIHalfLife= 9.28280256607104
EAppRate= 9.98236084280489
FoliarEnabled= true
FoliarAppDate= 06/07/1989
FoliarForageBegin= 06/05/1989
FoliarForageEnd= 06/28/1989
AIContactFactor= 1.17330374876969
CL4Pollen= 1.60515688173473
CL4Nectar= 28.5827582236379
CL5Pollen= 1.0104425358586
CL5Nectar= 44.2550570704043
CLDPollen= 1.35718352068216
CLDNectar= 49.754174798727
CA13Pollen= 4.17529024537653
CA13Nectar= 78.3452406339347
CA410Pollen= 3.41766084982082
CA410Nectar= 26.9159486237913
CA1120Pollen= 2.32747663417831
CA1120Nectar= 46.6188335046172
IPollenTrips= 11.7751232837327
INectarTrips= 9.32887468487024
IPollenLoad= 2.13434766279534
INectarLoad= 9.43473593099043
