ICQueenStrength= 3.98415844910778
RQWkrDrnRatio= 3.19474369287491
ICDroneMiteSurvivorship= 35.9626484801993
ICWorkerMiteSurvivorship= 89.679433661513
ICForagerLifespan= 4.33022674825042
ImmType= Exponential
RQQueenStrength= 3.20091347349808
RQEnableReQueen= true
AIAdultSlope= 4.48279791511595
AIAdultLD50= 0.749897654649103
AIAdultSlopeContact= 4.03169909352437
AIAdultLD50Contact= 65.9608156854412
AILarvaSlope= 8.20835508964956
AILarvaLD50= 77.2481676641689
AIKOW= 19244.5080224944
AIKOC= 95707.2302640649
AIHalfLife= 29.3441797820851
EAppRate= 6.48165185007989
FoliarEnabled= true
FoliarAppDate= 06/07/1989
FoliarForageBegin= 06/05/1989
FoliarForageEnd= 06/28/1989
AIContactFactor= 0.585953876934945
CL4Pollen= 1.76022339519113
CL4Nectar= 35.7603213749826
CL5Pollen= 5.09633462084457
CL5Nectar= 120.782019104809
CLDPollen= 5.99225447745994
CLDNectar= 81.2051375512965
CA13Pollen= 5.49994402034208
CA13Nectar= 58.5708008520305
CA410Pollen= 4.29246593776625
CA410Nectar= 55.7375015830621
CA1120Pollen= 0.378141820197925
CA1120Nectar= 41.8970586918294
IPollenTrips= 14.4057641224936
INectarTrips= 14.4635394052602
IPollenLoad= 1.37280464870855
INectarLoad= 4.70440664794296
ESoilP= 1.62823167955503
ESoilFoc= 0.00743168958695605
