ICQueenStrength= 4.71932227513753
RQWkrDrnRatio= 2.26062111835927
ICDroneMiteSurvivorship= 88.8146684505045
ICWorkerMiteSurvivorship= 63.2156607927755
ICForagerLifespan= 12.8109052171931
ImmType= Tangent
RQQueenStrength= 5.20907328370959
RQEnableReQueen= true
AIAdultSlope= 2.35468924045563
AIAdultLD50= 28.689119291872
AIAdultSlopeContact= 4.09827602864243
AIAdultLD50Contact= 11.7409916905337
AILarvaSlope= 3.59798440150917
AILarvaLD50= 3.26699672555597
AIKOW= 90921.9708756973
AIKOC= 2456.95262772008
AIHalfLife= 8.15922193988226
EAppRate= 9.19761329352204
FoliarEnabled= true
FoliarAppDate= 06/07/1989
FoliarForageBegin= 06/05/1989
FoliarForageEnd= 06/28/1989
AIContactFactor= 0.738072279547341
CL4Pollen= 2.6300905905664
CL4Nectar= 99.5339800836518
CL5Pollen= 4.08452088665217
CL5Nectar= 124.84563117614
CLDPollen= 5.06434994190931
CLDNectar= 0.619185995310545
CA13Pollen= 4.51579257268459
CA13Nectar= 25.1686830073595
CA410Pollen= 8.74208866595291
CA410Nectar= 166.185303819366
CA1120Pollen= 2.82218866702169
CA1120Nectar= 84.4329161196947
IPollenTrips= 12.8123990935273
INectarTrips= 8.53906530886889
IPollenLoad= 2.89097138447687
INectarLoad= 6.50112796807662
