ICQueenStrength= 3.05593717377633
RQWkrDrnRatio= 2.1137124625966
ICDroneMiteSurvivorship= 76.4130733674392
ICWorkerMiteSurvivorship= 33.9423824800178
ICForagerLifespan= 10.5382731482387
ImmType= Polynomial
RQQueenStrength= 1.79131808783859
RQEnableReQueen=true
AIAdultSlope= 5.9308754093945
AIAdultLD50= 0.9665690398796
AIAdultSlopeContact= 6.72202211758122
AIAdultLD50Contact= 79.384482102144
AILarvaSlope= 2.05837274715304
AILarvaLD50= 95.3168488670655
AIKOW= 79435.0973639077
AIKOC= 6526.54592283769
AIHalfLife= 31.5395182271022
EAppRate= 5.27032009680034
FoliarEnabled=true
FoliarAppDate= 07/01/1989
FoliarForageBegin= 07/01/1989
FoliarForageEnd= 07/14/1989
AIContactFactor= 0.923313293834217
CL4Pollen= 0.514664299786091
CL4Nectar= 56.3952864147723
CL5Pollen= 5.74695953121409
CL5Nectar= 143.939296749886
CLDPollen= 0.0507662887685001
CLDNectar= 143.258541554678
CA13Pollen= 2.24390131309629
CA13Nectar= 27.2663456201553
CA410Pollen= 7.64284898131154
CA410Nectar= 70.7614682381973
CA1120Pollen= 0.696626001270488
CA1120Nectar= 29.6419955231249
IPollenTrips= 10.4340657149442
INectarTrips= 14.4876486132853
IPollenLoad= 6.03738165460527
INectarLoad= 1.51810180861503
