ICQueenStrength= 5.72999204532243
RQWkrDrnRatio= 4.26588702388108
ICDroneMiteSurvivorship= 71.1194000206888
ICWorkerMiteSurvivorship= 35.6402643024921
ICForagerLifespan= 5.84948708489537
ImmType= Tangent
RQQueenStrength= 4.91500738332979
RQEnableReQueen= true
AIAdultSlope= 5.05756716243923
AIAdultLD50= 93.6236704848721
AIAdultSlopeContact= 3.89954498945735
AIAdultLD50Contact= 97.3845571357615
AILarvaSlope= 8.89244490116835
AILarvaLD50= 22.0331879524901
AIKOW= 10624.1290426459
AIKOC= 73916.2829933497
AIHalfLife= 15.5888519103173
EAppRate= 1.80059167818539
FoliarEnabled= true
FoliarAppDate= 06/07/1989
FoliarForageBegin= 06/05/1989
FoliarForageEnd= 06/28/1989
AIContactFactor= 1.81859129222576
CL4Pollen= 1.85007729101926
CL4Nectar= 95.58287889231
CL5Pollen= 0.577368901111186
CL5Nectar= 62.5830337638035
CLDPollen= 0.165426637977362
CLDNectar= 83.2328372402117
CA13Pollen= 3.7569102615118
CA13Nectar= 82.5684414617717
CA410Pollen= 7.28938759840094
CA410Nectar= 36.3453702954575
CA1120Pollen= 1.50960346288048
CA1120Nectar= 70.441497284919
IPollenTrips= 9.6854037232697
INectarTrips= 5.57048629038036
IPollenLoad= 1.64945543976501
INectarLoad= 7.88901039864868
