ICQueenStrength= 2.22981755062938
RQWkrDrnRatio= 2.4207980632782
ICDroneMiteSurvivorship= 16.1887125577778
ICWorkerMiteSurvivorship= 99.0717393811792
ICForagerLifespan= 7.84163840860128
ImmType= Exponential
AIAdultSlope= 2.59142608408118
AIAdultLD50= 0.105107418447733
AIAdultSlopeContact= 1.3758341755229
AIAdultLD50Contact= 0.0457370963064022
AILarvaSlope= 0.307652267999947
AILarvaLD50= 0.682323481701315
AIKOW= 4.64067556988448
AIKOC= 27.2511467698496
AIHalfLife= 2.04906903328374
EAppRate= 2.39397002616897
FoliarEnabled= true
