ICQueenStrength= 2.29238227475435
RQWkrDrnRatio= 1.33046450838447
ICDroneMiteSurvivorship= 5.58447565417737
ICWorkerMiteSurvivorship= 86.2744970014319
ICForagerLifespan= 9.8080297159031
ImmType= Cosine
RQQueenStrength= 4.88147830031812
RQEnableReQueen=true
AIAdultSlope= 2.63934469409287
AIAdultLD50= 0.681202750037657
AIAdultSlopeContact= 8.17002560640685
AIAdultLD50Contact= 61.7806576948306
AILarvaSlope= 6.72226301953197
AILarvaLD50= 18.4354176063023
AIKOW= 62804.2302270101
AIKOC= 25072.4009815732
AIHalfLife= 12.0619074120885
EAppRate= 0.103843173028901
FoliarEnabled=true
FoliarAppDate= 07/01/1989
FoliarForageBegin= 07/01/1989
FoliarForageEnd= 07/14/1989
AIContactFactor= 1.05294538828079
CL4Pollen= 1.29549874179065
CL4Nectar= 90.3184374328703
CL5Pollen= 5.89883523015305
CL5Nectar= 38.0732837948017
CLDPollen= 4.39559928746894
CLDNectar= 44.4618866429664
CA13Pollen= 4.70845348648727
CA13Nectar= 90.7809128984809
CA410Pollen= 4.37880529116373
CA410Nectar= 175.9062990034
CA1120Pollen= 2.68172604823485
CA1120Nectar= 29.5760473608971
IPollenTrips= 7.63022010913119
INectarTrips= 13.8192129298113
IPollenLoad= 0.0553716579452157
INectarLoad= 1.68357046321034
