ICQueenStrength= 4.49914147984236
RQWkrDrnRatio= 4.45638423599303
ICDroneMiteSurvivorship= 96.0607535671443
ICWorkerMiteSurvivorship= 40.5789164826274
ICForagerLifespan= 6.47684387397021
ImmType= Cosine
RQQueenStrength= 1.86528999148868
RQEnableReQueen= true
AIAdultSlope= 5.08287247270346
AIAdultLD50= 0.430144212425919
AIAdultSlopeContact= 4.62295815139078
AIAdultLD50Contact= 94.2947554497137
AILarvaSlope= 5.02987634390593
AILarvaLD50= 60.9145824151789
AIKOW= 7418.13452067143
AIKOC= 19231.9307934605
AIHalfLife= 15.4087346941
EAppRate= 1.77838583000679
FoliarEnabled= true
FoliarAppDate= 09/01/1989
FoliarForageBegin= 09/01/1989
FoliarForageEnd= 09/08/1989
AIContactFactor= 2.15844384504948
CL4Pollen= 2.37118464428931
CL4Nectar= 35.7952771708369
CL5Pollen= 2.5558780641295
CL5Nectar= 19.4773437688127
CLDPollen= 0.631482924800366
CLDNectar= 21.5701422072016
CA13Pollen= 4.42182548558339
CA13Nectar= 47.2719120793045
CA410Pollen= 8.52536576299462
CA410Nectar= 39.9656656105071
CA1120Pollen= 1.61422844370827
CA1120Nectar= 85.9717172011733
IPollenTrips= 6.78015151293948
INectarTrips= 10.0538763822988
IPollenLoad= 8.17022820236161
INectarLoad= 2.17909331899136
