ICQueenStrength= 1.87998614530079
RQWkrDrnRatio= 1.38666110299528
ICDroneMiteSurvivorship= 77.0219910889864
ICWorkerMiteSurvivorship= 54.6955535421148
ICForagerLifespan= 5.97988325729966
ImmType= Polynomial
RQQueenStrength= 5.00261662201956
RQEnableReQueen= true
AIAdultSlope= 7.08884597010911
AIAdultLD50= 21.9442937058823
AIAdultSlopeContact= 6.18245041975752
AIAdultLD50Contact= 35.6094435045959
AILarvaSlope= 7.12501015327871
AILarvaLD50= 76.5249559319457
AIKOW= 58901.8784816169
AIKOC= 99679.5607644361
AIHalfLife= 18.5736679666443
EAppRate= 9.30708301378018
FoliarEnabled= true
FoliarAppDate= 06/07/1989
FoliarForageBegin= 06/05/1989
FoliarForageEnd= 06/28/1989
AIContactFactor= 1.63935827179346
CL4Pollen= 0.371127190999687
CL4Nectar= 38.5286916745827
CL5Pollen= 5.95895990822464
CL5Nectar= 100.394799944479
CLDPollen= 5.43157123820856
CLDNectar= 67.7510626497678
CA13Pollen= 7.61129432059824
CA13Nectar= 37.9183100350201
CA410Pollen= 7.06167845341843
CA410Nectar= 46.0605264781043
CA1120Pollen= 1.56053472636268
CA1120Nectar= 45.1814577355981
IPollenTrips= 12.708783200942
INectarTrips= 5.11072600958869
IPollenLoad= 5.07248760666698
INectarLoad= 0.809702358674258
ESoilP= 1.47475944040343
ESoilFoc= 0.00390221047145314
