ICQueenStrength= 3.67855180893093
RQWkrDrnRatio= 1.70593046024442
ICDroneMiteSurvivorship= 82.2441826341674
ICWorkerMiteSurvivorship= 3.61457653343678
ICForagerLifespan= 13.4756830884144
ImmType= Exponential
RQQueenStrength= 3.23537384765223
RQEnableReQueen= true
AIAdultSlope= 5.04523593559861
AIAdultLD50= 0.893621763539268
AIAdultSlopeContact= 3.90558357234113
AIAdultLD50Contact= 87.1138915092871
AILarvaSlope= 3.91973174735904
AILarvaLD50= 47.5134602287461
AIKOW= 34452.9508269034
AIKOC= 57524.5605373003
AIHalfLife= 22.5535969334655
EAppRate= 9.43662731696945
FoliarEnabled= true
FoliarAppDate= 09/01/1989
FoliarForageBegin= 09/01/1989
FoliarForageEnd= 09/08/1989
AIContactFactor= 1.78990161493886
CL4Pollen= 1.64753618743271
CL4Nectar= 52.1985238417983
CL5Pollen= 1.82702492829412
CL5Nectar= 69.9450108222663
CLDPollen= 0.0185258039273322
CLDNectar= 9.60939436918125
CA13Pollen= 6.31847907770425
CA13Nectar= 29.9481518752873
CA410Pollen= 7.29067367443349
CA410Nectar= 20.0077577866614
CA1120Pollen= 1.76564915897325
CA1120Nectar= 56.854213885963
IPollenTrips= 13.1841540825553
INectarTrips= 8.79279656335711
IPollenLoad= 6.44044671207666
INectarLoad= 7.56928688613698
