ICQueenStrength= 5.2072592722252
RQWkrDrnRatio= 2.08278343640268
ICDroneMiteSurvivorship= 14.3715979065746
ICWorkerMiteSurvivorship= 80.2771372254938
ICForagerLifespan= 15.4456339357421
ImmType= Logarithmic
RQQueenStrength= 5.17972716619261
RQEnableReQueen= true
AIAdultSlope= 1.32443355210125
AIAdultLD50= 88.3259088507413
AIAdultSlopeContact= 4.25018113828264
AIAdultLD50Contact= 87.1309032964106
AILarvaSlope= 2.25811440311372
AILarvaLD50= 32.0214027975954
AIKOW= 58519.442615976
AIKOC= 79285.8374713461
AIHalfLife= 3.47067142797168
EAppRate= 2.42379861165467
FoliarEnabled= true
FoliarAppDate= 06/07/1989
FoliarForageBegin= 06/05/1989
FoliarForageEnd= 06/28/1989
AIContactFactor= 0.732694559604861
CL4Pollen= 1.07720799092203
CL4Nectar= 10.3169097099453
CL5Pollen= 5.89524601958692
CL5Nectar= 88.1870612734929
CLDPollen= 0.713440356776118
CLDNectar= 14.0287007088773
CA13Pollen= 6.91544339321554
CA13Nectar= 57.9647419415414
CA410Pollen= 7.57465271865949
CA410Nectar= 100.303769148886
CA1120Pollen= 0.0451456087175757
CA1120Nectar= 71.9233056344092
IPollenTrips= 10.9740447928198
INectarTrips= 14.4038441823795
IPollenLoad= 7.42803311906755
INectarLoad= 8.85201137512922
