ICQueenStrength= 5.48010467574932
RQWkrDrnRatio= 4.97272087913007
ICDroneMiteSurvivorship= 39.5619584945962
ICWorkerMiteSurvivorship= 46.4642315870151
ICForagerLifespan= 11.0668595209718
ImmType= Cosine
RQQueenStrength= 1.22934852866456
RQEnableReQueen= true
AIAdultSlope= 3.45677463524044
AIAdultLD50= 59.2784810563109
AIAdultSlopeContact= 5.07309827627614
AIAdultLD50Contact= 41.5598368064959
AILarvaSlope= 5.73155503533781
AILarvaLD50= 74.8426655330912
AIKOW= 67373.9230290043
AIKOC= 8849.36217433633
AIHalfLife= 21.2862042651745
EAppRate= 7.63441522199125
FoliarEnabled= true
FoliarAppDate= 06/07/1989
FoliarForageBegin= 06/05/1989
FoliarForageEnd= 06/28/1989
AIContactFactor= 1.26079402349889
CL4Pollen= 2.58818809129298
CL4Nectar= 13.3535356726497
CL5Pollen= 1.60950788296759
CL5Nectar= 132.304889161605
CLDPollen= 2.5495528774336
CLDNectar= 10.3886118507944
CA13Pollen= 2.74187637893483
CA13Nectar= 30.4271156899631
CA410Pollen= 7.84144074385986
CA410Nectar= 94.8665123805404
CA1120Pollen= 2.39102195925079
CA1120Nectar= 81.8244316987693
IPollenTrips= 7.14060324477032
INectarTrips= 6.74714649328962
IPollenLoad= 3.69065912207589
INectarLoad= 3.95990621298552
ESoilP= 1.34054971346632
ESoilFoc= 0.00120304821128957
