ICQueenStrength= 5.8226355900988
RQWkrDrnRatio= 4.76551700010896
ICDroneMiteSurvivorship= 61.9757217122242
ICWorkerMiteSurvivorship= 25.412006303668
ICForagerLifespan= 4.41375688649714
ImmType= Tangent
RQQueenStrength= 3.04545608488843
RQEnableReQueen= true
AIAdultSlope= 5.96179798431695
AIAdultLD50= 10.2451096711997
AIAdultSlopeContact= 2.44096221867949
AIAdultLD50Contact= 36.5565360065734
AILarvaSlope= 8.30699175782502
AILarvaLD50= 30.2264035872917
AIKOW= 14356.0780873029
AIKOC= 34240.8369674324
AIHalfLife= 8.71496976560447
EAppRate= 1.0791887837525
FoliarEnabled= true
FoliarAppDate= 06/07/1989
FoliarForageBegin= 06/05/1989
FoliarForageEnd= 06/28/1989
AIContactFactor= 0.554726208583452
CL4Pollen= 3.54968716204166
CL4Nectar= 17.702485434711
CL5Pollen= 0.343831891659647
CL5Nectar= 75.6416834075935
CLDPollen= 4.42293877713382
CLDNectar= 11.9852543575689
CA13Pollen= 7.79633922064677
CA13Nectar= 65.8397424407303
CA410Pollen= 8.0676163876662
CA410Nectar= 152.524306536652
CA1120Pollen= 2.18055893015116
CA1120Nectar= 63.6162145622075
IPollenTrips= 7.96165279345587
INectarTrips= 5.20552990492433
IPollenLoad= 2.91909150313586
INectarLoad= 5.46328943222761
ESoilP= 1.02938720025122
ESoilFoc= 0.0054701683819294
