ICQueenStrength= 2.43625335674733
RQWkrDrnRatio= 3.52293594833463
ICDroneMiteSurvivorship= 32.9921839991584
ICWorkerMiteSurvivorship= 73.005234496668
ICForagerLifespan= 10.7852035714313
ImmType= Cosine
RQQueenStrength= 2.23010732419789
RQEnableReQueen=true
AIAdultSlope= 4.88856810331345
AIAdultLD50= 0.645924254091224
AIAdultSlopeContact= 4.86553230462596
AIAdultLD50Contact= 92.065348730908
AILarvaSlope= 5.69266933389008
AILarvaLD50= 79.2273498343893
AIKOW= 87489.9720011783
AIKOC= 12040.8411964036
AIHalfLife= 32.4123403545236
EAppRate= 9.79233267981443
FoliarEnabled=true
FoliarAppDate= 07/01/1989
FoliarForageBegin= 07/01/1989
FoliarForageEnd= 07/14/1989
AIContactFactor= 1.69622103041969
CL4Pollen= 2.81716905720532
CL4Nectar= 55.762574239634
CL5Pollen= 3.72380181960762
CL5Nectar= 63.4997405810282
CLDPollen= 3.66627394314855
CLDNectar= 135.591701371595
CA13Pollen= 6.13054838199168
CA13Nectar= 59.6455842070282
CA410Pollen= 2.54275820627809
CA410Nectar= 27.7578271878883
CA1120Pollen= 2.24520315066911
CA1120Nectar= 44.9218996800482
IPollenTrips= 10.5735797435045
INectarTrips= 7.76258164085448
IPollenLoad= 9.98522121924907
INectarLoad= 5.42390565155074
