ICQueenStrength= 1.65865107229911
RQWkrDrnRatio= 1.91583852190524
ICDroneMiteSurvivorship= 26.1122689815238
ICWorkerMiteSurvivorship= 97.7634446928278
ICForagerLifespan= 10.0114981355146
ImmType= Cosine
AIAdultSlope= 2.01666846943321
AIAdultLD50= 0.0863166892901063
AIAdultSlopeContact= 0.804864933122881
AIAdultLD50Contact= 0.0270726568181999
AILarvaSlope= 0.0490656319074333
AILarvaLD50= 0.894042257219553
AIKOW= 4.11494798678905
AIKOC= 6.13831264898181
AIHalfLife= 1.75893927947618
EAppRate= 5.78009983757511
FoliarEnabled= true
