ICQueenStrength= 4.040841082111
RQWkrDrnRatio= 2.82962260302156
ICDroneMiteSurvivorship= 78.6387875210494
ICWorkerMiteSurvivorship= 10.4619696503505
ICForagerLifespan= 13.5170952221379
ImmType= Cosine
RQQueenStrength= 2.48643914237618
RQEnableReQueen=true
AIAdultSlope= 1.36469464562833
AIAdultLD50= 0.25803374678432
AIAdultSlopeContact= 3.64475184446201
AIAdultLD50Contact= 88.5794739501467
AILarvaSlope= 8.14563197828829
AILarvaLD50= 95.6101477948488
AIKOW= 74845.0624300084
AIKOC= 33518.7453489515
AIHalfLife= 26.5267819988308
EAppRate= 9.05636351772491
FoliarEnabled=true
FoliarAppDate= 07/01/1989
FoliarForageBegin= 07/01/1989
FoliarForageEnd= 07/14/1989
AIContactFactor= 1.23898842287716
CL4Pollen= 2.94793211389333
CL4Nectar= 84.3704490689561
CL5Pollen= 3.3553437567316
CL5Nectar= 54.7361056320369
CLDPollen= 4.86759406607598
CLDNectar= 111.568749882281
CA13Pollen= 8.10534193255007
CA13Nectar= 45.202040206641
CA410Pollen= 6.7433364209719
CA410Nectar= 126.118101822212
CA1120Pollen= 1.81733323819935
CA1120Nectar= 41.2736826948822
IPollenTrips= 6.76879079546779
INectarTrips= 6.74839134328067
IPollenLoad= 2.79006775468588
INectarLoad= 4.26670089364052
