ICQueenStrength= 2.24227197491564
RQWkrDrnRatio= 4.474883235991
ICDroneMiteSurvivorship= 4.33072778396308
ICWorkerMiteSurvivorship= 79.7320831567049
ICForagerLifespan= 15.2251261770725
ImmType= Polynomial
RQQueenStrength= 4.54097292642109
RQEnableReQueen= true
AIAdultSlope= 1.74708790890872
AIAdultLD50= 0.568319525436964
AIAdultSlopeContact= 3.30598172964528
AIAdultLD50Contact= 93.0435605300097
AILarvaSlope= 6.53748567402363
AILarvaLD50= 2.71201071541477
AIKOW= 19120.8007832419
AIKOC= 84154.5194073149
AIHalfLife= 33.3530927654821
EAppRate= 6.56332422947115
FoliarEnabled= true
FoliarAppDate= 09/01/1989
FoliarForageBegin= 09/01/1989
FoliarForageEnd= 09/08/1989
AIContactFactor= 1.52991987534333
CL4Pollen= 1.45990890450776
CL4Nectar= 25.7732728729025
CL5Pollen= 0.0623168335296214
CL5Nectar= 27.2268753731623
CLDPollen= 3.92768835788593
CLDNectar= 101.690782047808
CA13Pollen= 7.40330929849297
CA13Nectar= 21.2330248951912
CA410Pollen= 7.14832439725287
CA410Nectar= 147.96582148876
CA1120Pollen= 0.494777671527117
CA1120Nectar= 30.6670374795794
IPollenTrips= 12.9350335197523
INectarTrips= 5.66603402141482
IPollenLoad= 1.670671782922
INectarLoad= 6.67485401965678
