ICQueenStrength= 2.77594893518835
RQWkrDrnRatio= 3.45335101522505
ICDroneMiteSurvivorship= 54.6515145339072
ICWorkerMiteSurvivorship= 10.287523525767
ICForagerLifespan= 13.2273996165022
ImmType= Exponential
RQQueenStrength= 3.01003695186228
RQEnableReQueen=true
AIAdultSlope= 6.70392345264554
AIAdultLD50= 0.251982735612662
AIAdultSlopeContact= 1.20328252995387
AIAdultLD50Contact= 2.97343041773536
AILarvaSlope= 6.61189974285662
AILarvaLD50= 25.7248199373935
AIKOW= 40281.2143669058
AIKOC= 21804.4688939287
AIHalfLife= 25.6272907378618
EAppRate= 6.20825900305715
FoliarEnabled=true
FoliarAppDate= 07/01/1989
FoliarForageBegin= 07/01/1989
FoliarForageEnd= 07/14/1989
AIContactFactor= 0.532269454067573
CL4Pollen= 1.22798638232052
CL4Nectar= 95.7646225579083
CL5Pollen= 3.08908502804115
CL5Nectar= 138.350923731923
CLDPollen= 0.250630408991128
CLDNectar= 75.2194460132159
CA13Pollen= 7.91073823189363
CA13Nectar= 64.3731119669974
CA410Pollen= 5.26862421901897
CA410Nectar= 100.72096534539
CA1120Pollen= 2.1560346884653
CA1120Nectar= 69.3975315615535
IPollenTrips= 9.3105943640694
INectarTrips= 9.28823369322345
IPollenLoad= 6.54683018336073
INectarLoad= 0.539758324157447
