ICQueenStrength= 4.50278413738124
RQWkrDrnRatio= 4.08244431670755
ICDroneMiteSurvivorship= 82.1950283367187
ICWorkerMiteSurvivorship= 67.2166594071314
ICForagerLifespan= 13.6697072153911
ImmType= Exponential
AIAdultSlope= 1.89685601244913
AIAdultLD50= 0.194642374198884
AIAdultSlopeContact= 3.68261596344179
AIAdultLD50Contact= 0.0181057254900225
AILarvaSlope= 1.21636107550003
AILarvaLD50= 0.329672812437639
AIKOW= 2.57439150940627
AIKOC= 14.6403911535162
AIHalfLife= 2.37118075862527
EAppRate= 9.75378368515521
FoliarEnabled= true
