ICQueenStrength= 1.54508959525265
RQWkrDrnRatio= 4.9988203374669
ICDroneMiteSurvivorship= 63.0896165966988
ICWorkerMiteSurvivorship= 89.9002800928429
ICForagerLifespan= 4.7688112789765
ImmType= Exponential
RQQueenStrength= 4.68706894572824
RQEnableReQueen= true
AIAdultSlope= 6.87075905315578
AIAdultLD50= 0.308940388141666
AIAdultSlopeContact= 2.17613832862116
AIAdultLD50Contact= 68.9581547282718
AILarvaSlope= 4.14689540490508
AILarvaLD50= 9.03474382755184
AIKOW= 46501.0828053607
AIKOC= 71744.1902938117
AIHalfLife= 32.1664940336253
EAppRate= 2.07454033182887
FoliarEnabled= true
FoliarAppDate= 09/01/1989
FoliarForageBegin= 09/01/1989
FoliarForageEnd= 09/08/1989
AIContactFactor= 1.96985824289266
CL4Pollen= 1.81147590000182
CL4Nectar= 36.181321926415
CL5Pollen= 0.175256456248462
CL5Nectar= 86.9448095443659
CLDPollen= 5.24685903824866
CLDNectar= 85.1701597566716
CA13Pollen= 3.40256664184853
CA13Nectar= 51.2117896415293
CA410Pollen= 9.09015300644096
CA410Nectar= 105.581978550181
CA1120Pollen= 1.19810613174923
CA1120Nectar= 29.5188440568745
IPollenTrips= 11.5496972063556
INectarTrips= 9.78895601350814
IPollenLoad= 7.71053033648059
INectarLoad= 4.9202748737298
