ICQueenStrength= 5.86697666696273
RQWkrDrnRatio= 4.51864707749337
ICDroneMiteSurvivorship= 63.0076705943793
ICWorkerMiteSurvivorship= 28.5436980891973
ICForagerLifespan= 13.4880195762962
ImmType= Exponential
RQQueenStrength= 5.39402241143398
RQEnableReQueen= true
AIAdultSlope= 3.72299193963408
AIAdultLD50= 35.7838520757232
AIAdultSlopeContact= 4.56760488846339
AIAdultLD50Contact= 18.2697482227087
AILarvaSlope= 6.26045594923198
AILarvaLD50= 20.3294873602411
AIKOW= 78187.3501065333
AIKOC= 22813.8725161748
AIHalfLife= 16.7355445082067
EAppRate= 0.189142479243455
FoliarEnabled= true
FoliarAppDate= 06/07/1989
FoliarForageBegin= 06/05/1989
FoliarForageEnd= 06/28/1989
AIContactFactor= 2.2829465939803
CL4Pollen= 2.31786810327321
CL4Nectar= 66.0792110022157
CL5Pollen= 5.61789671005681
CL5Nectar= 34.2965497286059
CLDPollen= 5.31504199560732
CLDNectar= 5.53358568577096
CA13Pollen= 7.34811636460945
CA13Nectar= 62.6399270631373
CA410Pollen= 8.32165970047936
CA410Nectar= 77.8266423149034
CA1120Pollen= 0.0671862603630871
CA1120Nectar= 91.3872805610299
IPollenTrips= 14.8929889430292
INectarTrips= 13.9714013598859
IPollenLoad= 6.80347168818116
INectarLoad= 2.69915773533285
ESoilP= 1.56789547950029
ESoilFoc= 0.0047724759913981
