ICQueenStrength= 2.30996452877298
RQWkrDrnRatio= 1.23154209926724
ICDroneMiteSurvivorship= 51.3701093615964
ICWorkerMiteSurvivorship= 92.6203351002187
ICForagerLifespan= 4.50042886380106
ImmType= Tangent
RQQueenStrength= 2.54575663851574
RQEnableReQueen= true
AIAdultSlope= 5.2694402076304
AIAdultLD50= 83.6209517395592
AIAdultSlopeContact= 1.41885184240527
AIAdultLD50Contact= 32.3822574431475
AILarvaSlope= 8.73827897384763
AILarvaLD50= 90.9651341960793
AIKOW= 69631.3582228575
AIKOC= 53535.0278428092
AIHalfLife= 25.1211407889612
EAppRate= 8.31577158601489
FoliarEnabled= true
FoliarAppDate= 06/07/1989
FoliarForageBegin= 06/05/1989
FoliarForageEnd= 06/28/1989
AIContactFactor= 1.02572873727418
CL4Pollen= 3.9918445860967
CL4Nectar= 86.5131649188697
CL5Pollen= 1.42783800931647
CL5Nectar= 129.588373575825
CLDPollen= 4.55015933280811
CLDNectar= 122.943140985444
CA13Pollen= 5.59953037723899
CA13Nectar= 37.0642094872892
CA410Pollen= 4.6804370918544
CA410Nectar= 150.742167951539
CA1120Pollen= 1.25511022517458
CA1120Nectar= 81.3628312200308
IPollenTrips= 9.00457598036155
INectarTrips= 14.461674336344
IPollenLoad= 0.15767432982102
INectarLoad= 7.9846757883206
