ICQueenStrength= 4.4419336495921
RQWkrDrnRatio= 3.94584275223315
ICDroneMiteSurvivorship= 33.9824803872034
ICWorkerMiteSurvivorship= 95.6721161026508
ICForagerLifespan= 14.5874474849552
ImmType= Polynomial
RQQueenStrength= 2.40904721920379
RQEnableReQueen= true
AIAdultSlope= 8.40819226019084
AIAdultLD50= 15.9566945556039
AIAdultSlopeContact= 2.62624657712877
AIAdultLD50Contact= 33.1073849100322
AILarvaSlope= 6.86278185993433
AILarvaLD50= 72.8494337805549
AIKOW= 36596.9027000074
AIKOC= 75986.9550733687
AIHalfLife= 32.3205179422395
EAppRate= 0.660845164119499
FoliarEnabled= true
FoliarAppDate= 06/07/1989
FoliarForageBegin= 06/05/1989
FoliarForageEnd= 06/28/1989
AIContactFactor= 0.265410365778953
CL4Pollen= 2.50856451690197
CL4Nectar= 11.6483333986253
CL5Pollen= 3.62223958130926
CL5Nectar= 100.847366836388
CLDPollen= 2.58092389628291
CLDNectar= 94.1108609782532
CA13Pollen= 6.07611166480929
CA13Nectar= 91.2814167328179
CA410Pollen= 7.76932915800717
CA410Nectar= 73.6508299550042
CA1120Pollen= 2.09303794358857
CA1120Nectar= 78.6965043656528
IPollenTrips= 5.16051132697612
INectarTrips= 14.10285028629
IPollenLoad= 1.04259496321902
INectarLoad= 9.01837210403755
