ICQueenStrength= 5.78687653434463
RQWkrDrnRatio= 1.87862135935575
ICDroneMiteSurvivorship= 44.698991230689
ICWorkerMiteSurvivorship= 14.1937070293352
ICForagerLifespan= 12.4258871106431
ImmType= Sine
RQQueenStrength= 4.70371473487467
RQEnableReQueen= true
AIAdultSlope= 1.93009841628373
AIAdultLD50= 25.0933300352539
AIAdultSlopeContact= 7.85770032904111
AIAdultLD50Contact= 57.6526497078673
AILarvaSlope= 1.76811144128442
AILarvaLD50= 99.5180604977885
AIKOW= 33723.8135899902
AIKOC= 66695.0401736975
AIHalfLife= 5.28512468922418
EAppRate= 9.29242128812149
FoliarEnabled= true
FoliarAppDate= 06/07/1989
FoliarForageBegin= 06/05/1989
FoliarForageEnd= 06/28/1989
AIContactFactor= 0.362604777831584
CL4Pollen= 0.355211277492344
CL4Nectar= 0.550822401419282
CL5Pollen= 4.68016064213589
CL5Nectar= 80.8050221996382
CLDPollen= 4.42997634736821
CLDNectar= 2.58251888444647
CA13Pollen= 5.29690928878263
CA13Nectar= 52.1202370710671
CA410Pollen= 3.36154260307085
CA410Nectar= 185.936156590469
CA1120Pollen= 2.02825388149358
CA1120Nectar= 28.6287109740078
IPollenTrips= 11.524573431816
INectarTrips= 9.15572165511549
IPollenLoad= 2.6655974262394
INectarLoad= 4.02457706863061
