ICQueenStrength= 1.37089707981795
RQWkrDrnRatio= 1.91882980801165
ICDroneMiteSurvivorship= 77.2893495159224
ICWorkerMiteSurvivorship= 96.436274331063
ICForagerLifespan= 11.9350817864761
ImmType= Tangent
RQQueenStrength= 4.17037018761039
RQEnableReQueen=true
AIAdultSlope= 6.04721888713539
AIAdultLD50= 0.28691845355765
AIAdultSlopeContact= 5.78506823768839
AIAdultLD50Contact= 42.5284925632023
AILarvaSlope= 6.12824499607086
AILarvaLD50= 66.3561441952023
AIKOW= 69212.7733312115
AIKOC= 1683.39936250611
AIHalfLife= 7.93513861212414
EAppRate= 6.10494815496192
FoliarEnabled=true
FoliarAppDate= 07/01/1989
FoliarForageBegin= 07/01/1989
FoliarForageEnd= 07/14/1989
AIContactFactor= 0.318203217498958
CL4Pollen= 1.27779377344996
CL4Nectar= 82.3954281862825
CL5Pollen= 4.38871969236061
CL5Nectar= 109.788071550429
CLDPollen= 2.05579516477883
CLDNectar= 6.10037832520902
CA13Pollen= 7.52131896540523
CA13Nectar= 29.3511128425598
CA410Pollen= 5.76070354960393
CA410Nectar= 103.021448994987
CA1120Pollen= 0.00871943193487823
CA1120Nectar= 36.5867401473224
IPollenTrips= 10.5239179730415
INectarTrips= 8.76823367550969
IPollenLoad= 1.7373196547851
INectarLoad= 8.20563555229455
