ICQueenStrength= 3.58473174530081
RQWkrDrnRatio= 4.84917682781816
ICDroneMiteSurvivorship= 60.1218560244888
ICWorkerMiteSurvivorship= 23.44358288683
ICForagerLifespan= 15.9783120602369
ImmType= Cosine
RQQueenStrength= 4.68914053076878
RQEnableReQueen= true
AIAdultSlope= 4.25891384296119
AIAdultLD50= 52.5367881520214
AIAdultSlopeContact= 6.82370867417194
AIAdultLD50Contact= 51.5224384880238
AILarvaSlope= 2.1220646481961
AILarvaLD50= 19.7436203760393
AIKOW= 41037.5746954631
AIKOC= 51275.4217548361
AIHalfLife= 27.866468377714
EAppRate= 2.16214343449776
FoliarEnabled= true
FoliarAppDate= 06/07/1989
FoliarForageBegin= 06/05/1989
FoliarForageEnd= 06/28/1989
AIContactFactor= 1.13835905796383
CL4Pollen= 2.16303144022822
CL4Nectar= 67.367087979801
CL5Pollen= 1.94031369918957
CL5Nectar= 6.45672173704952
CLDPollen= 0.996369532775134
CLDNectar= 44.3749774829485
CA13Pollen= 3.51633985601366
CA13Nectar= 23.1157302297652
CA410Pollen= 6.3848151834216
CA410Nectar= 21.499682655558
CA1120Pollen= 0.00296560954302549
CA1120Nectar= 39.355241227895
IPollenTrips= 8.7000885931775
INectarTrips= 6.27848734613508
IPollenLoad= 6.68787113856524
INectarLoad= 8.14483592752367
