ICQueenStrength= 4.84069442399777
RQWkrDrnRatio= 3.40958306472749
ICDroneMiteSurvivorship= 8.81154700182378
ICWorkerMiteSurvivorship= 99.0973151288927
ICForagerLifespan= 4.9317857241258
ImmType= Polynomial
RQQueenStrength= 4.82298050215468
RQEnableReQueen= true
AIAdultSlope= 5.81422572769225
AIAdultLD50= 40.2926593405192
AIAdultSlopeContact= 2.40477248840034
AIAdultLD50Contact= 50.1364088259521
AILarvaSlope= 6.04447612352669
AILarvaLD50= 28.2629915307891
AIKOW= 58029.6414033821
AIKOC= 54328.7055303289
AIHalfLife= 13.5500371186528
EAppRate= 2.80214881820581
FoliarEnabled= true
FoliarAppDate= 06/07/1989
FoliarForageBegin= 06/05/1989
FoliarForageEnd= 06/28/1989
AIContactFactor= 0.317048300779425
CL4Pollen= 2.52704707346857
CL4Nectar= 47.6724759675562
CL5Pollen= 0.872943125199527
CL5Nectar= 124.534407374449
CLDPollen= 3.82327077398077
CLDNectar= 105.204597010743
CA13Pollen= 4.81630460666493
CA13Nectar= 71.5836914815009
CA410Pollen= 6.44262414514087
CA410Nectar= 71.9091185880825
CA1120Pollen= 1.27390154334716
CA1120Nectar= 35.4907952062786
IPollenTrips= 5.280904059764
INectarTrips= 11.9286949862726
IPollenLoad= 1.13609665539116
INectarLoad= 4.65885544428602
ESoilP= 1.96842867019586
ESoilFoc= 0.0128930577728897
