ICQueenStrength= 3.07537789829075
RQWkrDrnRatio= 1.44460075814277
ICDroneMiteSurvivorship= 98.5827466007322
ICWorkerMiteSurvivorship= 32.6684867031872
ICForagerLifespan= 11.9492877824232
ImmType= Polynomial
RQQueenStrength= 3.58163041435182
RQEnableReQueen=true
AIAdultSlope= 4.92981024645269
AIAdultLD50= 0.322042711103102
AIAdultSlopeContact= 8.54141883854754
AIAdultLD50Contact= 96.5473382715543
AILarvaSlope= 3.39980380609632
AILarvaLD50= 32.1247073939936
AIKOW= 33021.3482182275
AIKOC= 229.514239492361
AIHalfLife= 28.1552021278534
EAppRate= 2.68711439207429
FoliarEnabled=true
FoliarAppDate= 07/01/1989
FoliarForageBegin= 07/01/1989
FoliarForageEnd= 07/14/1989
AIContactFactor= 1.71176149840932
CL4Pollen= 3.93824014533311
CL4Nectar= 91.6211641160771
CL5Pollen= 1.39956851676106
CL5Nectar= 149.960332398769
CLDPollen= 5.92597223958001
CLDNectar= 144.244388316292
CA13Pollen= 5.55976723767817
CA13Nectar= 62.427348587662
CA410Pollen= 3.78521330992226
CA410Nectar= 85.3006850415841
CA1120Pollen= 1.61704851896502
CA1120Nectar= 36.4795726165175
IPollenTrips= 7.43444095365703
INectarTrips= 9.72516523208469
IPollenLoad= 4.29608930135146
INectarLoad= 2.07254447508603
