ICQueenStrength= 4.60263948561624
RQWkrDrnRatio= 2.52879570610821
ICDroneMiteSurvivorship= 55.382611672394
ICWorkerMiteSurvivorship= 64.7132395999506
ICForagerLifespan= 9.04917207546532
ImmType= Cosine
RQQueenStrength= 2.77254597307183
RQEnableReQueen= true
AIAdultSlope= 8.26782088726759
AIAdultLD50= 54.4634663264237
AIAdultSlopeContact= 8.01220320630819
AIAdultLD50Contact= 40.3713061610493
AILarvaSlope= 5.256786480546
AILarvaLD50= 37.6704262712919
AIKOW= 32969.8370046072
AIKOC= 13213.8829381717
AIHalfLife= 0.232014184002765
EAppRate= 0.526381150177447
FoliarEnabled= true
FoliarAppDate= 06/07/1989
FoliarForageBegin= 06/05/1989
FoliarForageEnd= 06/28/1989
AIContactFactor= 1.95211928409524
CL4Pollen= 0.926571427844465
CL4Nectar= 63.7319930596277
CL5Pollen= 4.00540607655421
CL5Nectar= 97.0646100584418
CLDPollen= 1.93494310649112
CLDNectar= 112.992678559385
CA13Pollen= 4.8600864273496
CA13Nectar= 70.5541959218681
CA410Pollen= 4.92622673576698
CA410Nectar= 172.366990013979
CA1120Pollen= 2.26475778431632
CA1120Nectar= 67.9213479720056
IPollenTrips= 9.1944326995872
INectarTrips= 9.16851294692606
IPollenLoad= 4.24741226015612
INectarLoad= 8.9703202364035
