ICQueenStrength= 2.14519023685716
RQWkrDrnRatio= 1.38882749620825
ICDroneMiteSurvivorship= 3.41199224349111
ICWorkerMiteSurvivorship= 61.9502471759915
ICForagerLifespan= 8.75350826978683
ImmType= Cosine
AIAdultSlope= 0.111243534113746
AIAdultLD50= 0.154683149792254
AIAdultSlopeContact= 0.0354680341947824
AIAdultLD50Contact= 0.0129493627347983
AILarvaSlope= 0.640767398755997
AILarvaLD50= 0.447715868102387
AIKOW= 4.59452163428068
AIKOC= 17.5255772843957
AIHalfLife= 2.47749802726321
EAppRate= 3.98227947764099
FoliarEnabled= true
