ICQueenStrength= 5.91508877603337
RQWkrDrnRatio= 4.4741092864424
ICDroneMiteSurvivorship= 52.9685823712498
ICWorkerMiteSurvivorship= 21.4861877728254
ICForagerLifespan= 15.8242846373469
ImmType= Polynomial
RQQueenStrength= 3.8287006134633
RQEnableReQueen= true
AIAdultSlope= 1.4272104613483
AIAdultLD50= 43.1921937505479
AIAdultSlopeContact= 6.42024868819863
AIAdultLD50Contact= 96.6471734233771
AILarvaSlope= 7.7769884262234
AILarvaLD50= 86.4179092813721
AIKOW= 46935.3584784764
AIKOC= 65931.4233224976
AIHalfLife= 13.1532048130408
EAppRate= 1.62130633867905
FoliarEnabled= true
FoliarAppDate= 06/07/1989
FoliarForageBegin= 06/05/1989
FoliarForageEnd= 06/28/1989
AIContactFactor= 0.786619840185158
CL4Pollen= 1.12196809332818
CL4Nectar= 81.7752070492133
CL5Pollen= 2.61679304810241
CL5Nectar= 147.934064234141
CLDPollen= 3.87565618660301
CLDNectar= 57.1146037196741
CA13Pollen= 6.93212720965967
CA13Nectar= 97.7325275167823
CA410Pollen= 8.6902919875225
CA410Nectar= 83.7384665571153
CA1120Pollen= 0.332397988764569
CA1120Nectar= 29.2968554422259
IPollenTrips= 7.61831354582682
INectarTrips= 14.7013629996218
IPollenLoad= 0.0708557921461761
INectarLoad= 4.39975989982486
