ICQueenStrength= 3.75590346427634
RQWkrDrnRatio= 3.97419688478112
ICDroneMiteSurvivorship= 55.8621746255085
ICWorkerMiteSurvivorship= 31.2177116749808
ICForagerLifespan= 12.2121988292783
ImmType= Polynomial
RQQueenStrength= 4.02942396490835
RQEnableReQueen= true
AIAdultSlope= 5.50060072727501
AIAdultLD50= 27.283166231462
AIAdultSlopeContact= 5.22455895016901
AIAdultLD50Contact= 88.4056596500115
AILarvaSlope= 5.4914859905839
AILarvaLD50= 12.662726814121
AIKOW= 79881.1198540484
AIKOC= 77345.5640790854
AIHalfLife= 1.93722494926769
EAppRate= 0.97535453116498
FoliarEnabled= true
FoliarAppDate= 06/07/1989
FoliarForageBegin= 06/05/1989
FoliarForageEnd= 06/28/1989
AIContactFactor= 1.28480880604126
CL4Pollen= 1.8488775473088
CL4Nectar= 78.1862129457295
CL5Pollen= 1.12870044959709
CL5Nectar= 59.0140707674436
CLDPollen= 0.327183231711388
CLDNectar= 42.8692813497037
CA13Pollen= 6.81165747372433
CA13Nectar= 27.4603665806353
CA410Pollen= 2.61364874013234
CA410Nectar= 102.137025985867
CA1120Pollen= 2.2940967741888
CA1120Nectar= 37.8475677967072
IPollenTrips= 10.9232192276977
INectarTrips= 8.96705886349082
IPollenLoad= 2.78736530104652
INectarLoad= 3.68184595368803
