ICQueenStrength= 2.98619018029422
RQWkrDrnRatio= 4.21841421257704
ICDroneMiteSurvivorship= 45.8674820140004
ICWorkerMiteSurvivorship= 15.4102123575285
ICForagerLifespan= 9.95928835589439
ImmType= Cosine
RQQueenStrength= 3.55110786762089
RQEnableReQueen=true
AIAdultSlope= 2.16570966131985
AIAdultLD50= 0.910023967025336
AIAdultSlopeContact= 8.72632207814604
AIAdultLD50Contact= 46.9301263234839
AILarvaSlope= 7.72842688672245
AILarvaLD50= 44.3254570307501
AIKOW= 2194.08422879064
AIKOC= 3694.46453000791
AIHalfLife= 18.1849350498058
EAppRate= 6.0237353955023
FoliarEnabled=true
FoliarAppDate= 07/01/1989
FoliarForageBegin= 07/01/1989
FoliarForageEnd= 07/14/1989
AIContactFactor= 1.72187682379503
CL4Pollen= 1.29875451419502
CL4Nectar= 17.0073959976435
CL5Pollen= 5.13588959164917
CL5Nectar= 14.9927911232226
CLDPollen= 3.83467023493722
CLDNectar= 136.394204339013
CA13Pollen= 7.23341175056994
CA13Nectar= 43.3394777029753
CA410Pollen= 9.14863377723377
CA410Nectar= 119.954359689727
CA1120Pollen= 2.4159951552283
CA1120Nectar= 90.2158527262509
IPollenTrips= 9.70744580496103
INectarTrips= 5.18402690067887
IPollenLoad= 4.01166106807068
INectarLoad= 4.75360641488805
