ICQueenStrength= 1.02258888329379
RQWkrDrnRatio= 2.34624819923192
ICDroneMiteSurvivorship= 56.1718594282866
ICWorkerMiteSurvivorship= 34.0055126929656
ICForagerLifespan= 8.64481416065246
ImmType= Cosine
RQQueenStrength= 5.48133670841344
RQEnableReQueen= true
AIAdultSlope= 5.91880165785551
AIAdultLD50= 65.8998484734916
AIAdultSlopeContact= 5.78033334249631
AIAdultLD50Contact= 65.6166591374234
AILarvaSlope= 5.41372947022319
AILarvaLD50= 41.9129758243542
AIKOW= 68408.9702247282
AIKOC= 76203.7038694501
AIHalfLife= 24.1848828009097
EAppRate= 5.89539349111286
FoliarEnabled= true
FoliarAppDate= 06/07/1989
FoliarForageBegin= 06/05/1989
FoliarForageEnd= 06/28/1989
AIContactFactor= 2.32433697051834
CL4Pollen= 3.4148026201874
CL4Nectar= 97.4591153673828
CL5Pollen= 1.86260787304491
CL5Nectar= 97.5310155772604
CLDPollen= 0.330855094827712
CLDNectar= 4.26550735719502
CA13Pollen= 6.17765991231427
CA13Nectar= 26.1414053477347
CA410Pollen= 9.30834059969056
CA410Nectar= 22.1633794344962
CA1120Pollen= 2.86928222025745
CA1120Nectar= 93.9591078460217
IPollenTrips= 11.1112837400287
INectarTrips= 14.0673968894407
IPollenLoad= 5.40899220854044
INectarLoad= 3.57134200865403
