ICQueenStrength= 3.09664906724356
RQWkrDrnRatio= 2.84943765681237
ICDroneMiteSurvivorship= 39.9683228228241
ICWorkerMiteSurvivorship= 28.6709574051201
ICForagerLifespan= 5.65583232603967
ImmType= Logarithmic
RQQueenStrength= 3.20388146815822
RQEnableReQueen= true
AIAdultSlope= 2.02132639475167
AIAdultLD50= 56.8702828664728
AIAdultSlopeContact= 2.85760356881656
AIAdultLD50Contact= 12.7393741982102
AILarvaSlope= 1.35098222643137
AILarvaLD50= 69.8648672800134
AIKOW= 23066.8116925648
AIKOC= 83007.3768121439
AIHalfLife= 9.99134568916634
EAppRate= 4.76857092147484
FoliarEnabled= true
FoliarAppDate= 06/07/1989
FoliarForageBegin= 06/05/1989
FoliarForageEnd= 06/28/1989
AIContactFactor= 0.683503689640202
CL4Pollen= 1.73839420359582
CL4Nectar= 92.3046255717054
CL5Pollen= 3.59277310688049
CL5Nectar= 28.6785619449802
CLDPollen= 0.376010448206216
CLDNectar= 42.117908061482
CA13Pollen= 7.16876367088407
CA13Nectar= 46.1281009763479
CA410Pollen= 7.70608283104375
CA410Nectar= 63.2952180411667
CA1120Pollen= 2.93437058245763
CA1120Nectar= 42.8749404102564
IPollenTrips= 10.1264044153504
INectarTrips= 9.99568821629509
IPollenLoad= 1.7320099263452
INectarLoad= 3.82282890379429
ESoilP= 1.57480439264327
ESoilFoc= 0.0139744479546789
