ICQueenStrength= 2.68763743946329
RQWkrDrnRatio= 1.73659255821258
ICDroneMiteSurvivorship= 20.7951456774026
ICWorkerMiteSurvivorship= 16.3248772034422
ICForagerLifespan= 6.90454961918294
ImmType= Tangent
RQQueenStrength= 3.56676967488602
RQEnableReQueen= true
AIAdultSlope= 7.61061938293278
AIAdultLD50= 60.4295436421304
AIAdultSlopeContact= 7.73968783253804
AIAdultLD50Contact= 11.5167297575444
AILarvaSlope= 7.77433581650257
AILarvaLD50= 8.38562342032348
AIKOW= 28343.3672218333
AIKOC= 66151.7293394294
AIHalfLife= 17.6405805722578
EAppRate= 9.2071240492363
FoliarEnabled= true
FoliarAppDate= 06/07/1989
FoliarForageBegin= 06/05/1989
FoliarForageEnd= 06/28/1989
AIContactFactor= 0.559910941906273
CL4Pollen= 0.347132954746485
CL4Nectar= 30.8997906977311
CL5Pollen= 3.64953769091517
CL5Nectar= 48.3790283091366
CLDPollen= 2.62866279389709
CLDNectar= 79.4715741416439
CA13Pollen= 3.20128891644999
CA13Nectar= 98.441999796778
CA410Pollen= 2.96001398630906
CA410Nectar= 99.1045625926927
CA1120Pollen= 2.39538359851576
CA1120Nectar= 80.6492786854506
IPollenTrips= 7.77171746594831
INectarTrips= 13.6819742037915
IPollenLoad= 2.46002972824499
INectarLoad= 8.30193688860163
