ICQueenStrength= 2.32053510984406
RQWkrDrnRatio= 2.2034669322893
ICDroneMiteSurvivorship= 50.9431440150365
ICWorkerMiteSurvivorship= 4.37817862257361
ICForagerLifespan= 12.0245338063687
ImmType= Cosine
RQQueenStrength= 4.33201549830846
RQEnableReQueen= true
AIAdultSlope= 5.97373853810132
AIAdultLD50= 85.4857277100631
AIAdultSlopeContact= 7.699453844456
AIAdultLD50Contact= 83.705006719481
AILarvaSlope= 2.44872001372278
AILarvaLD50= 74.4404271445873
AIKOW= 42679.5816791557
AIKOC= 3583.11590157705
AIHalfLife= 8.51514608792495
EAppRate= 4.29786553211394
FoliarEnabled= true
FoliarAppDate= 06/07/1989
FoliarForageBegin= 06/05/1989
FoliarForageEnd= 06/28/1989
AIContactFactor= 2.06231470670085
CL4Pollen= 0.15699718054384
CL4Nectar= 78.8568174466491
CL5Pollen= 2.43196115456522
CL5Nectar= 54.0629258262925
CLDPollen= 4.50090274913236
CLDNectar= 97.9471435770392
CA13Pollen= 6.27841562852263
CA13Nectar= 45.2821644581854
CA410Pollen= 9.22856188018341
CA410Nectar= 100.943871373311
CA1120Pollen= 2.49522640602663
CA1120Nectar= 27.4803649820387
IPollenTrips= 5.40100080659613
INectarTrips= 6.73615174368024
IPollenLoad= 0.483716607559472
INectarLoad= 3.75046037370339
