ICQueenStrength= 2.22530491091311
RQWkrDrnRatio= 3.26632793527097
ICDroneMiteSurvivorship= 77.5859957328066
ICWorkerMiteSurvivorship= 11.4846163662151
ICForagerLifespan= 11.2593765677884
ImmType= Exponential
RQQueenStrength= 1.26179175823927
RQEnableReQueen= true
AIAdultSlope= 1.01824884675443
AIAdultLD50= 17.4912703126655
AIAdultSlopeContact= 2.12147865979932
AIAdultLD50Contact= 10.2044475097628
AILarvaSlope= 2.73622764460742
AILarvaLD50= 52.2599775201774
AIKOW= 23384.5332418791
AIKOC= 42810.7716336888
AIHalfLife= 22.1361567806918
EAppRate= 5.98043499344052
FoliarEnabled= true
FoliarAppDate= 06/07/1989
FoliarForageBegin= 06/05/1989
FoliarForageEnd= 06/28/1989
AIContactFactor= 1.28071888263337
CL4Pollen= 3.28116653114557
CL4Nectar= 80.3299290360883
CL5Pollen= 0.8195506115444
CL5Nectar= 91.0966474679299
CLDPollen= 5.24823118932545
CLDNectar= 70.6928316154517
CA13Pollen= 2.86072574770078
CA13Nectar= 69.1347814537585
CA410Pollen= 8.67077824717853
CA410Nectar= 83.9252919284627
CA1120Pollen= 2.76922205113806
CA1120Nectar= 53.2709126733243
IPollenTrips= 8.77831345191225
INectarTrips= 14.8790131090209
IPollenLoad= 9.29542363854125
INectarLoad= 4.56370082451031
ESoilP= 1.93650392419659
ESoilFoc= 0.00605580958467908
