ICQueenStrength= 1.49593319999985
RQWkrDrnRatio= 2.8921935223043
ICDroneMiteSurvivorship= 83.1604233710095
ICWorkerMiteSurvivorship= 39.5945876836777
ICForagerLifespan= 4.62863219622523
ImmType= Exponential
RQQueenStrength= 1.95230091013946
RQEnableReQueen= true
AIAdultSlope= 7.93066572956741
AIAdultLD50= 37.6990894159519
AIAdultSlopeContact= 2.0831469069235
AIAdultLD50Contact= 57.8590952689238
AILarvaSlope= 1.86969796009362
AILarvaLD50= 76.5753226569602
AIKOW= 60243.0083731887
AIKOC= 96090.231655387
AIHalfLife= 1.21886950472835
EAppRate= 9.25846272140928
FoliarEnabled= true
FoliarAppDate= 06/07/1989
FoliarForageBegin= 06/05/1989
FoliarForageEnd= 06/28/1989
AIContactFactor= 1.3873629793385
CL4Pollen= 2.96445625647902
CL4Nectar= 2.10761490743607
CL5Pollen= 3.28639149293303
CL5Nectar= 57.218079676386
CLDPollen= 1.89851235877723
CLDNectar= 105.054117436521
CA13Pollen= 2.22423425577581
CA13Nectar= 22.308917157352
CA410Pollen= 9.40674851036165
CA410Nectar= 75.4002475598827
CA1120Pollen= 1.31803929735906
CA1120Nectar= 67.5014708004892
IPollenTrips= 12.911643050611
INectarTrips= 8.42792567797005
IPollenLoad= 1.34253250667825
INectarLoad= 7.5901543116197
