ICQueenStrength= 3.41843533702195
RQWkrDrnRatio= 2.23871676437557
ICDroneMiteSurvivorship= 19.2448958056048
ICWorkerMiteSurvivorship= 59.9913058103994
ICForagerLifespan= 8.53009207732975
ImmType= Exponential
RQQueenStrength= 5.17863682028838
RQEnableReQueen= true
AIAdultSlope= 5.49916473403573
AIAdultLD50= 57.0839009133291
AIAdultSlopeContact= 8.42498263227753
AIAdultLD50Contact= 3.340200602144
AILarvaSlope= 1.30443943478167
AILarvaLD50= 59.7291273619295
AIKOW= 90394.8732478011
AIKOC= 28431.4024910787
AIHalfLife= 1.3057877836749
EAppRate= 7.56048982181354
FoliarEnabled= true
FoliarAppDate= 06/07/1989
FoliarForageBegin= 06/05/1989
FoliarForageEnd= 06/28/1989
AIContactFactor= 0.468086177525111
CL4Pollen= 3.59275431279093
CL4Nectar= 67.9010215448216
CL5Pollen= 5.21342454850674
CL5Nectar= 56.1233754968271
CLDPollen= 4.22145362896845
CLDNectar= 70.8185980562121
CA13Pollen= 4.0582666744478
CA13Nectar= 31.0846198163927
CA410Pollen= 2.92381577431224
CA410Nectar= 132.68656716682
CA1120Pollen= 0.309217615518719
CA1120Nectar= 57.0600630901754
IPollenTrips= 10.5532669159584
INectarTrips= 6.07300634495914
IPollenLoad= 1.39110627351329
INectarLoad= 2.59803314693272
ESoilP= 1.02329890872352
ESoilFoc= 0.00271357052028179
