ICQueenStrength= 3.84624447464012
RQWkrDrnRatio= 4.61992449127138
ICDroneMiteSurvivorship= 30.7988559128717
ICWorkerMiteSurvivorship= 73.3113929629326
ICForagerLifespan= 6.08594894967973
ImmType= Cosine
RQQueenStrength= 2.56623012851924
RQEnableReQueen= true
AIAdultSlope= 6.7307367566973
AIAdultLD50= 31.1412544432508
AIAdultSlopeContact= 8.31336380122229
AIAdultLD50Contact= 33.8809095606462
AILarvaSlope= 3.40894564054906
AILarvaLD50= 84.5312116635134
AIKOW= 10520.3253056927
AIKOC= 86572.0780637634
AIHalfLife= 14.8014458390186
EAppRate= 3.63281568007963
FoliarEnabled= true
FoliarAppDate= 06/07/1989
FoliarForageBegin= 06/05/1989
FoliarForageEnd= 06/28/1989
AIContactFactor= 2.08135861006565
CL4Pollen= 3.7958495747298
CL4Nectar= 46.9795835204422
CL5Pollen= 5.18355664238334
CL5Nectar= 94.7480436530896
CLDPollen= 3.15431597549468
CLDNectar= 133.297943940852
CA13Pollen= 5.04486362198368
CA13Nectar= 80.960484072566
CA410Pollen= 8.41792694760952
CA410Nectar= 146.76757901907
CA1120Pollen= 1.06082334159873
CA1120Nectar= 87.7996420674026
IPollenTrips= 13.6720698606223
INectarTrips= 9.55920663895085
IPollenLoad= 6.09185400884598
INectarLoad= 1.59596967045218
ESoilP= 1.24692698847502
ESoilFoc= 0.0144206452465151
