ICQueenStrength= 2.6721559886355
RQWkrDrnRatio= 2.28308932390064
ICDroneMiteSurvivorship= 66.6686694836244
ICWorkerMiteSurvivorship= 23.8258812110871
ICForagerLifespan= 9.33045782148838
ImmType= Sine
RQQueenStrength= 2.91829205723479
RQEnableReQueen= true
AIAdultSlope= 6.29162006825209
AIAdultLD50= 11.1854303383424
AIAdultSlopeContact= 2.33905487228185
AIAdultLD50Contact= 77.0818707384169
AILarvaSlope= 8.42503826133907
AILarvaLD50= 60.9497099448831
AIKOW= 81134.7211484277
AIKOC= 13724.0023498747
AIHalfLife= 31.6763125936501
EAppRate= 3.88332327487529
FoliarEnabled= true
FoliarAppDate= 06/07/1989
FoliarForageBegin= 06/05/1989
FoliarForageEnd= 06/28/1989
AIContactFactor= 2.28830799997318
CL4Pollen= 0.591633933596313
CL4Nectar= 39.4300560466945
CL5Pollen= 5.79701127391309
CL5Nectar= 3.11863033566624
CLDPollen= 3.37902442831546
CLDNectar= 6.76508448086679
CA13Pollen= 6.21499613327905
CA13Nectar= 25.3078106045723
CA410Pollen= 6.81115937288851
CA410Nectar= 173.130347747356
CA1120Pollen= 0.122912276303396
CA1120Nectar= 73.1632240302861
IPollenTrips= 7.55264743696898
INectarTrips= 14.585547351744
IPollenLoad= 9.49746178928763
INectarLoad= 8.24412496061996
ESoilP= 1.32799700275064
ESoilFoc= 0.00891140626021661
