ICQueenStrength= 2.72484890324995
RQWkrDrnRatio= 3.29815414175391
ICDroneMiteSurvivorship= 48.7729908898473
ICWorkerMiteSurvivorship= 86.8791199754924
ICForagerLifespan= 6.05146495625377
ImmType= Cosine
RQQueenStrength= 4.9305599022191
RQEnableReQueen= true
AIAdultSlope= 1.13124715909362
AIAdultLD50= 85.1576815077802
AIAdultSlopeContact= 9.76576891867444
AIAdultLD50Contact= 19.8579639216561
AILarvaSlope= 2.98007890768349
AILarvaLD50= 11.5413734007338
AIKOW= 43188.4313701618
AIKOC= 99503.3317319939
AIHalfLife= 3.28740291683935
EAppRate= 0.354207249070983
FoliarEnabled= true
FoliarAppDate= 06/07/1989
FoliarForageBegin= 06/05/1989
FoliarForageEnd= 06/28/1989
AIContactFactor= 1.95177565477788
CL4Pollen= 0.711595418862998
CL4Nectar= 39.322582189925
CL5Pollen= 5.82847284944728
CL5Nectar= 79.400385695044
CLDPollen= 4.49884694209322
CLDNectar= 35.8355719596148
CA13Pollen= 4.50344307050109
CA13Nectar= 27.7514054067433
CA410Pollen= 5.62027453037445
CA410Nectar= 136.191490865313
CA1120Pollen= 0.628665470285341
CA1120Nectar= 58.3166627399623
IPollenTrips= 14.3989567318931
INectarTrips= 11.6638592700474
IPollenLoad= 7.7845777082257
INectarLoad= 0.118653087411076
