ICQueenStrength= 3.80614740680903
RQWkrDrnRatio= 1.87659086380154
ICDroneMiteSurvivorship= 41.0560034913942
ICWorkerMiteSurvivorship= 4.82362776529044
ICForagerLifespan= 9.31880792044103
ImmType= Logarithmic
RQQueenStrength= 3.96260354691185
RQEnableReQueen= true
AIAdultSlope= 2.59956042841077
AIAdultLD50= 93.2633307158565
AIAdultSlopeContact= 3.57485438487493
AIAdultLD50Contact= 47.4248909173352
AILarvaSlope= 2.52328500524163
AILarvaLD50= 53.9345577162378
AIKOW= 40912.232379896
AIKOC= 4020.47264634958
AIHalfLife= 4.57942141578533
EAppRate= 2.55319778971956
FoliarEnabled= true
FoliarAppDate= 06/07/1989
FoliarForageBegin= 06/05/1989
FoliarForageEnd= 06/28/1989
AIContactFactor= 0.602914618682116
CL4Pollen= 3.5891284532845
CL4Nectar= 5.08058299310505
CL5Pollen= 0.110316922422498
CL5Nectar= 132.498571614269
CLDPollen= 1.24145667348057
CLDNectar= 47.0319283311255
CA13Pollen= 2.25261737341061
CA13Nectar= 75.9442886523902
CA410Pollen= 2.80001137817744
CA410Nectar= 188.559618270956
CA1120Pollen= 2.23164823791012
CA1120Nectar= 29.8955922946334
IPollenTrips= 6.56696508871391
INectarTrips= 5.9028790704906
IPollenLoad= 5.62925270525739
INectarLoad= 3.3032410335727
