ICQueenStrength= 1.56086433399469
RQWkrDrnRatio= 3.45535407587886
ICDroneMiteSurvivorship= 22.8449982125312
ICWorkerMiteSurvivorship= 90.9057130804285
ICForagerLifespan= 9.44381627812982
ImmType= Polynomial
RQQueenStrength= 2.51044003106654
RQEnableReQueen=true
AIAdultSlope= 6.21820394136012
AIAdultLD50= 0.499264238754986
AIAdultSlopeContact= 8.10147119592875
AIAdultLD50Contact= 76.677474683349
AILarvaSlope= 7.83601423725486
AILarvaLD50= 90.6779033096991
AIKOW= 18792.5421582398
AIKOC= 151.407557371072
AIHalfLife= 4.12632386058103
EAppRate= 5.58837366490159
FoliarEnabled=true
FoliarAppDate= 07/01/1989
FoliarForageBegin= 07/01/1989
FoliarForageEnd= 07/14/1989
AIContactFactor= 0.675657665436156
CL4Pollen= 1.49738532304764
CL4Nectar= 99.3070939788595
CL5Pollen= 1.57093771314248
CL5Nectar= 13.0569680244662
CLDPollen= 2.57416447810829
CLDNectar= 27.6554968790151
CA13Pollen= 5.26390541652217
CA13Nectar= 87.087088227272
CA410Pollen= 3.68136225005146
CA410Nectar= 135.467840596102
CA1120Pollen= 0.774103224975988
CA1120Nectar= 33.2055164687335
IPollenTrips= 12.2362628718838
INectarTrips= 10.5992658529431
IPollenLoad= 5.18125535687432
INectarLoad= 1.21301192557439
