ICQueenStrength= 1.96099753677845
RQWkrDrnRatio= 4.27883266471326
ICDroneMiteSurvivorship= 74.1343529196456
ICWorkerMiteSurvivorship= 27.3802035022527
ICForagerLifespan= 15.470564160496
ImmType= Logarithmic
RQQueenStrength= 4.72290662489831
RQEnableReQueen=true
AIAdultSlope= 4.39362205192447
AIAdultLD50= 0.365383944145637
AIAdultSlopeContact= 4.83673386019655
AIAdultLD50Contact= 39.2011699071112
AILarvaSlope= 8.01829143427312
AILarvaLD50= 89.7450818563311
AIKOW= 4625.65768113644
AIKOC= 44307.1745830956
AIHalfLife= 24.7687976438319
EAppRate= 0.974387109490344
FoliarEnabled=true
FoliarAppDate= 07/01/1989
FoliarForageBegin= 07/01/1989
FoliarForageEnd= 07/14/1989
AIContactFactor= 2.34114883140661
CL4Pollen= 0.895917935296893
CL4Nectar= 12.8196688136086
CL5Pollen= 0.807667950633913
CL5Nectar= 107.941243483219
CLDPollen= 2.44067949894816
CLDNectar= 70.3891364391893
CA13Pollen= 4.29611218329519
CA13Nectar= 84.3183106929064
CA410Pollen= 4.82425700984895
CA410Nectar= 196.234949468635
CA1120Pollen= 1.2050743047148
CA1120Nectar= 97.1222512423992
IPollenTrips= 11.8529063393362
INectarTrips= 14.9095597467385
IPollenLoad= 2.78966890182346
INectarLoad= 5.23172882618383
