ICQueenStrength= 4.58637448307127
RQWkrDrnRatio= 2.85615566931665
ICDroneMiteSurvivorship= 83.0807363847271
ICWorkerMiteSurvivorship= 10.6482479488477
ICForagerLifespan= 15.3185821734369
ImmType= Sine
RQQueenStrength= 1.51221545506269
RQEnableReQueen=true
AIAdultSlope= 6.81692348048091
AIAdultLD50= 0.293918497067876
AIAdultSlopeContact= 1.79191138641909
AIAdultLD50Contact= 19.4549517748118
AILarvaSlope= 2.93431564606726
AILarvaLD50= 95.2181203715084
AIKOW= 62072.7363018406
AIKOC= 45080.3042870383
AIHalfLife= 27.3900795958936
EAppRate= 8.3437310702242
FoliarEnabled=true
FoliarAppDate= 07/01/1989
FoliarForageBegin= 07/01/1989
FoliarForageEnd= 07/14/1989
AIContactFactor= 0.995029142233543
CL4Pollen= 0.131324485875666
CL4Nectar= 30.859120353125
CL5Pollen= 0.269306886009872
CL5Nectar= 125.358674302697
CLDPollen= 4.52457051398233
CLDNectar= 102.34155440703
CA13Pollen= 7.15911062834784
CA13Nectar= 57.0373095199466
CA410Pollen= 3.03588160797954
CA410Nectar= 147.269044062123
CA1120Pollen= 2.77051135688089
CA1120Nectar= 43.9810666814446
IPollenTrips= 14.8087756033055
INectarTrips= 8.87099881423637
IPollenLoad= 6.99471410363913
INectarLoad= 3.22262346977368
