ICQueenStrength= 2.59155737236142
RQWkrDrnRatio= 3.79266103729606
ICDroneMiteSurvivorship= 45.6793016986921
ICWorkerMiteSurvivorship= 15.0647427421063
ICForagerLifespan= 7.42767797876149
ImmType= Logarithmic
RQQueenStrength= 4.72281795553863
RQEnableReQueen=true
AIAdultSlope= 1.00780786387622
AIAdultLD50= 0.144522303635022
AIAdultSlopeContact= 5.19621398556046
AIAdultLD50Contact= 88.0981299296345
AILarvaSlope= 1.3812888674438
AILarvaLD50= 86.3261900822485
AIKOW= 1971.17056303328
AIKOC= 69179.2809062272
AIHalfLife= 5.23772316453978
EAppRate= 2.18488784059975
FoliarEnabled=true
FoliarAppDate= 07/01/1989
FoliarForageBegin= 07/01/1989
FoliarForageEnd= 07/14/1989
AIContactFactor= 0.302451818641275
CL4Pollen= 3.31851002108306
CL4Nectar= 52.5465133832768
CL5Pollen= 5.5464191143401
CL5Nectar= 146.049349755049
CLDPollen= 5.05723030446097
CLDNectar= 74.6433801599778
CA13Pollen= 7.32100717751309
CA13Nectar= 71.5433044359088
CA410Pollen= 8.29491828132887
CA410Nectar= 22.4425398930907
CA1120Pollen= 2.93109166994691
CA1120Nectar= 48.5748868994415
IPollenTrips= 11.3339034724049
INectarTrips= 6.3414849806577
IPollenLoad= 5.32793799648061
INectarLoad= 7.19842193415388
