ICQueenStrength= 2.5503898949828
RQWkrDrnRatio= 3.34649666864425
ICDroneMiteSurvivorship= 60.7459458755329
ICWorkerMiteSurvivorship= 80.2994993980974
ICForagerLifespan= 5.90622294135392
ImmType= Tangent
RQQueenStrength= 1.95747997751459
RQEnableReQueen= true
AIAdultSlope= 6.87657386064529
AIAdultLD50= 71.107726806331
AIAdultSlopeContact= 3.1426527670119
AIAdultLD50Contact= 59.5129208695602
AILarvaSlope= 4.49593192152679
AILarvaLD50= 84.7442190948299
AIKOW= 660.548607347012
AIKOC= 57162.9575116942
AIHalfLife= 18.5594394330168
EAppRate= 0.104187739562942
FoliarEnabled= true
FoliarAppDate= 06/07/1989
FoliarForageBegin= 06/05/1989
FoliarForageEnd= 06/28/1989
AIContactFactor= 1.11297728433274
CL4Pollen= 2.62954904511571
CL4Nectar= 25.3809442743659
CL5Pollen= 1.53325290279463
CL5Nectar= 60.5174627504312
CLDPollen= 3.05389317730442
CLDNectar= 12.6874046050943
CA13Pollen= 7.62581255082041
CA13Nectar= 86.6671620681882
CA410Pollen= 8.37072105742991
CA410Nectar= 81.5921247657388
CA1120Pollen= 1.60962768970057
CA1120Nectar= 32.6561268046498
IPollenTrips= 9.67483923304826
INectarTrips= 6.77732893498614
IPollenLoad= 6.00270480150357
INectarLoad= 1.72208834439516
