ICQueenStrength= 3.62825808604248
RQWkrDrnRatio= 3.75992070976645
ICDroneMiteSurvivorship= 97.8088171454147
ICWorkerMiteSurvivorship= 66.7159227887169
ICForagerLifespan= 15.5268410015851
ImmType= Cosine
RQQueenStrength= 5.47081085760146
RQEnableReQueen= true
AIAdultSlope= 1.09667070955038
AIAdultLD50= 97.2295944088148
AIAdultSlopeContact= 5.68357557756826
AIAdultLD50Contact= 68.2695145317358
AILarvaSlope= 1.88952463492751
AILarvaLD50= 61.1016837848972
AIKOW= 16023.0559920488
AIKOC= 52194.5568846259
AIHalfLife= 33.6370469181333
EAppRate= 9.84456287613441
FoliarEnabled= true
FoliarAppDate= 06/07/1989
FoliarForageBegin= 06/05/1989
FoliarForageEnd= 06/28/1989
AIContactFactor= 2.35965296037961
CL4Pollen= 3.61026437673718
CL4Nectar= 54.7907115658745
CL5Pollen= 2.9803383029066
CL5Nectar= 36.1586473882198
CLDPollen= 0.321891162078828
CLDNectar= 124.068923864979
CA13Pollen= 4.91935973176733
CA13Nectar= 95.5972581729293
CA410Pollen= 6.69130674754269
CA410Nectar= 71.9481288455427
CA1120Pollen= 2.14293792354874
CA1120Nectar= 74.4822022877634
IPollenTrips= 6.65160312084481
INectarTrips= 8.08753472520038
IPollenLoad= 1.63555112900212
INectarLoad= 6.24908376485109
