ICQueenStrength= 2.17196818464436
RQWkrDrnRatio= 4.65239883679897
ICDroneMiteSurvivorship= 92.617240617983
ICWorkerMiteSurvivorship= 16.0901290364563
ICForagerLifespan= 11.8597848312929
ImmType= Cosine
RQQueenStrength= 2.72187448246405
RQEnableReQueen= true
AIAdultSlope= 2.9879935644567
AIAdultLD50= 51.4697270421768
AIAdultSlopeContact= 8.12108767405152
AIAdultLD50Contact= 74.2786257145137
AILarvaSlope= 1.80525131523609
AILarvaLD50= 71.8326428883881
AIKOW= 44667.6107507857
AIKOC= 44333.6072790602
AIHalfLife= 0.353962180647068
EAppRate= 3.15281162716611
FoliarEnabled= true
FoliarAppDate= 06/07/1989
FoliarForageBegin= 06/05/1989
FoliarForageEnd= 06/28/1989
AIContactFactor= 1.54309040857013
CL4Pollen= 2.17317077610642
CL4Nectar= 37.5491929240525
CL5Pollen= 5.24833478126675
CL5Nectar= 51.9170476938598
CLDPollen= 2.41086121229455
CLDNectar= 101.462380564772
CA13Pollen= 7.65637803664431
CA13Nectar= 95.0545888021588
CA410Pollen= 6.31063381850254
CA410Nectar= 168.836565590464
CA1120Pollen= 2.56605913653038
CA1120Nectar= 40.9051790088415
IPollenTrips= 13.0752198444679
INectarTrips= 7.01897285645828
IPollenLoad= 5.23857038235292
INectarLoad= 5.15053956769407
ESoilP= 1.29125718050636
ESoilFoc= 0.00554803908802569
