ICQueenStrength= 3.99996826518327
RQWkrDrnRatio= 3.62737720087171
ICDroneMiteSurvivorship= 20.3332107979804
ICWorkerMiteSurvivorship= 36.3769597839564
ICForagerLifespan= 5.13272501621395
ImmType= Cosine
RQQueenStrength= 4.50313391257077
RQEnableReQueen=true
AIAdultSlope= 8.11404051072896
AIAdultLD50= 0.430741515468806
AIAdultSlopeContact= 3.78282428043894
AIAdultLD50Contact= 85.9451173941251
AILarvaSlope= 5.94967042841017
AILarvaLD50= 70.1727870809499
AIKOW= 16469.4211855796
AIKOC= 1992.76449177577
AIHalfLife= 21.0289542763494
EAppRate= 1.50715370069072
FoliarEnabled=true
FoliarAppDate= 07/01/1989
FoliarForageBegin= 07/01/1989
FoliarForageEnd= 07/14/1989
AIContactFactor= 1.18600769865327
CL4Pollen= 2.23503674380481
CL4Nectar= 75.595654733479
CL5Pollen= 0.657936851028353
CL5Nectar= 61.2779942108318
CLDPollen= 2.04560071136802
CLDNectar= 140.686285856646
CA13Pollen= 7.79191240370274
CA13Nectar= 25.4002646915615
CA410Pollen= 3.27221783287823
CA410Nectar= 131.496941796504
CA1120Pollen= 2.46486425120384
CA1120Nectar= 57.6106050051749
IPollenTrips= 8.95510320551693
INectarTrips= 14.7285317303613
IPollenLoad= 5.03519673831761
INectarLoad= 8.32659475039691
