ICQueenStrength= 2.48789019440301
RQWkrDrnRatio= 4.46770330052823
ICDroneMiteSurvivorship= 73.9347719820216
ICWorkerMiteSurvivorship= 60.2182135917246
ICForagerLifespan= 15.3087401147932
ImmType= Exponential
RQQueenStrength= 3.53081243252382
RQEnableReQueen= true
AIAdultSlope= 3.41039707697928
AIAdultLD50= 19.9235664426875
AIAdultSlopeContact= 2.76565685286187
AIAdultLD50Contact= 27.7246213832211
AILarvaSlope= 5.18587604351342
AILarvaLD50= 72.4482301742158
AIKOW= 62028.0747555241
AIKOC= 21240.9476771408
AIHalfLife= 6.04473597761244
EAppRate= 0.0584812059153337
FoliarEnabled= true
FoliarAppDate= 06/07/1989
FoliarForageBegin= 06/05/1989
FoliarForageEnd= 06/28/1989
AIContactFactor= 0.406166236526333
CL4Pollen= 2.86227850522846
CL4Nectar= 63.422793452628
CL5Pollen= 5.67043846752495
CL5Nectar= 24.7964500333183
CLDPollen= 0.264688331633806
CLDNectar= 21.8849358265288
CA13Pollen= 4.38471958255395
CA13Nectar= 59.4329558126628
CA410Pollen= 5.56069780453108
CA410Nectar= 82.2962395008653
CA1120Pollen= 0.0336478140670806
CA1120Nectar= 59.8386811092496
IPollenTrips= 12.1531339315698
INectarTrips= 9.67622545780614
IPollenLoad= 9.23601237358525
INectarLoad= 8.97068018559366
