ICQueenStrength= 5.90901098703034
RQWkrDrnRatio= 1.51104957889766
ICDroneMiteSurvivorship= 39.9414041545242
ICWorkerMiteSurvivorship= 38.1104949396104
ICForagerLifespan= 11.1291362009943
ImmType= Cosine
RQQueenStrength= 4.81807352765463
RQEnableReQueen= true
AIAdultSlope= 8.11934716440737
AIAdultLD50= 82.1667835904453
AIAdultSlopeContact= 7.44390814704821
AIAdultLD50Contact= 34.7893053912593
AILarvaSlope= 8.30816975235939
AILarvaLD50= 21.4128322496328
AIKOW= 47044.232032339
AIKOC= 91061.9933596582
AIHalfLife= 5.16891745720059
EAppRate= 7.49394055036432
FoliarEnabled= true
FoliarAppDate= 06/07/1989
FoliarForageBegin= 06/05/1989
FoliarForageEnd= 06/28/1989
AIContactFactor= 0.763059432678856
CL4Pollen= 2.11850269511342
CL4Nectar= 59.8998182453215
CL5Pollen= 1.3559106294997
CL5Nectar= 0.495687208604068
CLDPollen= 0.495098148006946
CLDNectar= 55.2616805420257
CA13Pollen= 5.29185000415891
CA13Nectar= 76.4107423275709
CA410Pollen= 3.2767167781014
CA410Nectar= 63.8497035671026
CA1120Pollen= 0.461564563214779
CA1120Nectar= 55.5817483179271
IPollenTrips= 6.68575185351074
INectarTrips= 7.4152390868403
IPollenLoad= 1.74411043990403
INectarLoad= 3.76026819227263
