ICQueenStrength= 1.3303205978591
RQWkrDrnRatio= 3.66733133234084
ICDroneMiteSurvivorship= 69.5758454035968
ICWorkerMiteSurvivorship= 14.8023443296552
ICForagerLifespan= 5.81616200413555
ImmType= Exponential
RQQueenStrength= 4.4814193402417
RQEnableReQueen= true
AIAdultSlope= 5.24206329509616
AIAdultLD50= 41.1919640403171
AIAdultSlopeContact= 2.09132138732821
AIAdultLD50Contact= 27.382140058215
AILarvaSlope= 4.25650109909475
AILarvaLD50= 52.2539563471142
AIKOW= 61810.6309795312
AIKOC= 89988.6227188818
AIHalfLife= 24.0205960852094
EAppRate= 9.11686265667318
FoliarEnabled= true
FoliarAppDate= 06/07/1989
FoliarForageBegin= 06/05/1989
FoliarForageEnd= 06/28/1989
AIContactFactor= 0.774862590660341
CL4Pollen= 1.60138583462685
CL4Nectar= 68.5687681427225
CL5Pollen= 2.37413566187024
CL5Nectar= 109.362782759126
CLDPollen= 2.08737058052793
CLDNectar= 8.19692920194939
CA13Pollen= 5.7903944009915
CA13Nectar= 74.6922328323126
CA410Pollen= 6.4580371000804
CA410Nectar= 151.757378322072
CA1120Pollen= 2.98278056667186
CA1120Nectar= 90.0299797765911
IPollenTrips= 6.79856649134308
INectarTrips= 12.1812002174556
IPollenLoad= 6.46560047753155
INectarLoad= 7.4884051643312
ESoilP= 1.94515655795112
ESoilFoc= 0.00119803194748238
