ICQueenStrength= 4.84554298711009
RQWkrDrnRatio= 3.68905498273671
ICDroneMiteSurvivorship= 38.7665311340243
ICWorkerMiteSurvivorship= 32.2759310947731
ICForagerLifespan= 6.89346117991954
ImmType= Polynomial
RQQueenStrength= 3.84783302340657
RQEnableReQueen= true
AIAdultSlope= 1.26814530603588
AIAdultLD50= 15.820752947425
AIAdultSlopeContact= 6.09958622511476
AIAdultLD50Contact= 21.4827134566153
AILarvaSlope= 3.84125310368836
AILarvaLD50= 71.6831028726029
AIKOW= 62936.4615349728
AIKOC= 34399.7045511871
AIHalfLife= 19.0213523484301
EAppRate= 8.62525616936153
FoliarEnabled= true
FoliarAppDate= 06/07/1989
FoliarForageBegin= 06/05/1989
FoliarForageEnd= 06/28/1989
AIContactFactor= 2.32324109632522
CL4Pollen= 2.68505167309195
CL4Nectar= 83.7214308790863
CL5Pollen= 2.18625474767759
CL5Nectar= 117.037459358107
CLDPollen= 0.513530713040382
CLDNectar= 98.6498836311512
CA13Pollen= 7.78271550154313
CA13Nectar= 90.7647435739636
CA410Pollen= 7.2529565885663
CA410Nectar= 41.6548922657967
CA1120Pollen= 0.991635753074661
CA1120Nectar= 46.1194664239883
IPollenTrips= 14.2258847341873
INectarTrips= 10.604424434714
IPollenLoad= 5.03775899298489
INectarLoad= 3.53606465971097
ESoilP= 1.64772649831139
ESoilFoc= 0.0106436809829902
