ICQueenStrength= 1.49583236337639
RQWkrDrnRatio= 3.12219993863255
ICDroneMiteSurvivorship= 29.6562589006498
ICWorkerMiteSurvivorship= 86.7005035514012
ICForagerLifespan= 10.7113065030426
ImmType= Logarithmic
RQQueenStrength= 4.86144064250402
RQEnableReQueen= true
AIAdultSlope= 3.29505603201687
AIAdultLD50= 72.9415134677591
AIAdultSlopeContact= 3.22727580764331
AIAdultLD50Contact= 26.6097751952882
AILarvaSlope= 3.85790366120636
AILarvaLD50= 88.6786315017233
AIKOW= 77882.5052779616
AIKOC= 22608.4563822318
AIHalfLife= 15.3332607607823
EAppRate= 6.41668602720602
FoliarEnabled= true
FoliarAppDate= 06/07/1989
FoliarForageBegin= 06/05/1989
FoliarForageEnd= 06/28/1989
AIContactFactor= 2.15688578463625
CL4Pollen= 0.441058656200767
CL4Nectar= 68.7785353045911
CL5Pollen= 3.38990217726678
CL5Nectar= 58.0083292443305
CLDPollen= 4.03294451767579
CLDNectar= 91.9473166577518
CA13Pollen= 5.88144402839243
CA13Nectar= 69.3741277232766
CA410Pollen= 3.8081008827081
CA410Nectar= 134.095102157444
CA1120Pollen= 1.62603635760024
CA1120Nectar= 27.1335437521338
IPollenTrips= 7.69917371682823
INectarTrips= 12.0503620430827
IPollenLoad= 7.84903627354652
INectarLoad= 7.91345048462972
