ICQueenStrength= 5.89364942070097
RQWkrDrnRatio= 3.19107562676072
ICDroneMiteSurvivorship= 60.0850827293471
ICWorkerMiteSurvivorship= 31.5094017423689
ICForagerLifespan= 5.8468743590638
ImmType= Cosine
RQQueenStrength= 1.13255752972327
RQEnableReQueen= true
AIAdultSlope= 3.16246297396719
AIAdultLD50= 0.966113320055883
AIAdultSlopeContact= 7.15906064677984
AIAdultLD50Contact= 64.8667473291983
AILarvaSlope= 5.39688846282661
AILarvaLD50= 3.84600863880035
AIKOW= 4280.94011988195
AIKOC= 25281.7083984334
AIHalfLife= 15.9350829341216
EAppRate= 7.91007716320315
FoliarEnabled= true
FoliarAppDate= 09/01/1989
FoliarForageBegin= 09/01/1989
FoliarForageEnd= 09/08/1989
AIContactFactor= 1.59993726829533
CL4Pollen= 3.47158186510205
CL4Nectar= 21.1098285857588
CL5Pollen= 2.19283542735502
CL5Nectar= 70.2166047063656
CLDPollen= 5.69395357416943
CLDNectar= 77.3450687178411
CA13Pollen= 2.60278567653149
CA13Nectar= 92.7964684739709
CA410Pollen= 2.95034907474183
CA410Nectar= 176.092573055066
CA1120Pollen= 2.77820901735686
CA1120Nectar= 73.3930054865777
IPollenTrips= 7.47246359242126
INectarTrips= 6.297899086494
IPollenLoad= 8.32565964432433
INectarLoad= 0.870019856374711
