ICQueenStrength= 2.81395542342216
RQWkrDrnRatio= 1.45035158004612
ICDroneMiteSurvivorship= 19.5160182425752
ICWorkerMiteSurvivorship= 42.0218989253044
ICForagerLifespan= 12.3642413364723
ImmType= Sine
RQQueenStrength= 1.4892999609001
RQEnableReQueen= true
AIAdultSlope= 1.6485659237951
AIAdultLD50= 12.0660539418443
AIAdultSlopeContact= 5.89850199385546
AIAdultLD50Contact= 85.1516775174467
AILarvaSlope= 8.50778932496905
AILarvaLD50= 77.4726985604281
AIKOW= 78815.617668122
AIKOC= 12478.124576974
AIHalfLife= 8.37112826833036
EAppRate= 5.34647711616638
FoliarEnabled= true
FoliarAppDate= 06/07/1989
FoliarForageBegin= 06/05/1989
FoliarForageEnd= 06/28/1989
AIContactFactor= 1.48016593744513
CL4Pollen= 2.64641222264618
CL4Nectar= 42.2818589024246
CL5Pollen= 3.89468305651098
CL5Nectar= 10.4506623465568
CLDPollen= 1.52746857376769
CLDNectar= 101.557947846595
CA13Pollen= 6.27581242732704
CA13Nectar= 29.8139774799347
CA410Pollen= 2.38320071797352
CA410Nectar= 79.2249373858795
CA1120Pollen= 1.63603092287667
CA1120Nectar= 37.8765789419413
IPollenTrips= 14.7231165203266
INectarTrips= 14.2526875250041
IPollenLoad= 2.98003301722929
INectarLoad= 9.92755895713344
