ICQueenStrength= 5.30402358295396
RQWkrDrnRatio= 1.51721934136003
ICDroneMiteSurvivorship= 25.5288458894938
ICWorkerMiteSurvivorship= 58.6618374567479
ICForagerLifespan= 7.2659707069397
ImmType= Logarithmic
RQQueenStrength= 5.1892872180324
RQEnableReQueen= true
AIAdultSlope= 6.35700492188334
AIAdultLD50= 9.40612808709987
AIAdultSlopeContact= 9.72840618295595
AIAdultLD50Contact= 8.47171322659007
AILarvaSlope= 2.0457501206547
AILarvaLD50= 65.4160073227317
AIKOW= 16775.8333600385
AIKOC= 53610.4386757156
AIHalfLife= 15.4082815513248
EAppRate= 4.78356762666046
FoliarEnabled= true
FoliarAppDate= 06/07/1989
FoliarForageBegin= 06/05/1989
FoliarForageEnd= 06/28/1989
AIContactFactor= 2.18339906584937
CL4Pollen= 1.01475199963897
CL4Nectar= 37.3989131534472
CL5Pollen= 0.129258018918335
CL5Nectar= 61.2155608017929
CLDPollen= 3.37307655438781
CLDNectar= 144.977236306295
CA13Pollen= 6.60888892207295
CA13Nectar= 21.3072700798512
CA410Pollen= 5.99244270429481
CA410Nectar= 185.528926099651
CA1120Pollen= 0.584790979977697
CA1120Nectar= 84.4970252364874
IPollenTrips= 13.488945462741
INectarTrips= 7.19620279269293
IPollenLoad= 6.21540866559371
INectarLoad= 2.93463110690936
