ICQueenStrength= 3.50332263647579
RQWkrDrnRatio= 2.76914699748158
ICDroneMiteSurvivorship= 3.29565401189029
ICWorkerMiteSurvivorship= 13.1034185411409
ICForagerLifespan= 5.69132740329951
ImmType= Tangent
RQQueenStrength= 5.20940499054268
RQEnableReQueen= true
AIAdultSlope= 8.4279424380511
AIAdultLD50= 44.1758540116227
AIAdultSlopeContact= 8.52989532053471
AIAdultLD50Contact= 58.8222641702679
AILarvaSlope= 6.79313078708947
AILarvaLD50= 72.2650692141892
AIKOW= 5897.45655114267
AIKOC= 81519.7082307248
AIHalfLife= 29.9732404792914
EAppRate= 5.87046463724994
FoliarEnabled= true
FoliarAppDate= 06/07/1989
FoliarForageBegin= 06/05/1989
FoliarForageEnd= 06/28/1989
AIContactFactor= 1.95786879537161
CL4Pollen= 3.53219746891409
CL4Nectar= 67.7333236904815
CL5Pollen= 5.80500479741022
CL5Nectar= 63.9610475278459
CLDPollen= 2.74856601515785
CLDNectar= 100.115039013326
CA13Pollen= 6.91830054093152
CA13Nectar= 68.7970884516835
CA410Pollen= 2.53174217084888
CA410Nectar= 187.865225453861
CA1120Pollen= 0.653704195981845
CA1120Nectar= 85.1844182237983
IPollenTrips= 5.76219033217058
INectarTrips= 7.53898189868778
IPollenLoad= 8.5637485794723
INectarLoad= 2.638389703352
ESoilP= 1.57212659344077
ESoilFoc= 0.00599877658719197
