ICQueenStrength= 3.48773180413991
RQWkrDrnRatio= 2.98418265487999
ICDroneMiteSurvivorship= 70.5727211199701
ICWorkerMiteSurvivorship= 56.6498540341854
ICForagerLifespan= 8.031479482539
ImmType= Sine
RQQueenStrength= 4.72684398200363
RQEnableReQueen= true
AIAdultSlope= 4.11072952486575
AIAdultLD50= 60.3829573271894
AIAdultSlopeContact= 7.16301545291208
AIAdultLD50Contact= 72.8881879605132
AILarvaSlope= 5.64065243676305
AILarvaLD50= 58.2700049289418
AIKOW= 24891.9731608255
AIKOC= 71546.9915325821
AIHalfLife= 21.295400619274
EAppRate= 9.02844589693518
FoliarEnabled= true
FoliarAppDate= 06/07/1989
FoliarForageBegin= 06/05/1989
FoliarForageEnd= 06/28/1989
AIContactFactor= 0.399951400505379
CL4Pollen= 1.2531560100615
CL4Nectar= 78.952459176071
CL5Pollen= 3.36620830418542
CL5Nectar= 72.2539289854467
CLDPollen= 5.17377913137898
CLDNectar= 81.4287115819752
CA13Pollen= 4.36939714923501
CA13Nectar= 76.2571190111339
CA410Pollen= 3.2525947497692
CA410Nectar= 42.2006428427994
CA1120Pollen= 0.0529684242792428
CA1120Nectar= 62.0958512835205
IPollenTrips= 8.47483295947313
INectarTrips= 12.538547210861
IPollenLoad= 9.60477952845395
INectarLoad= 3.60530636506155
