ICQueenStrength= 1.27704109088518
RQWkrDrnRatio= 1.18873261008412
ICDroneMiteSurvivorship= 15.4720517108217
ICWorkerMiteSurvivorship= 99.8314365278929
ICForagerLifespan= 11.6567289242521
ImmType= Sine
RQQueenStrength= 3.76310179964639
RQEnableReQueen= true
AIAdultSlope= 2.61524882353842
AIAdultLD50= 8.89096011933824
AIAdultSlopeContact= 5.88143479824066
AIAdultLD50Contact= 94.1079520536733
AILarvaSlope= 2.7945794891566
AILarvaLD50= 11.9347112516814
AIKOW= 30583.966992321
AIKOC= 66547.9471136581
AIHalfLife= 11.3478886363795
EAppRate= 0.552840901010204
FoliarEnabled= true
FoliarAppDate= 06/07/1989
FoliarForageBegin= 06/05/1989
FoliarForageEnd= 06/28/1989
AIContactFactor= 0.493473108620383
CL4Pollen= 1.70316999405622
CL4Nectar= 67.9971585981548
CL5Pollen= 0.909529253840446
CL5Nectar= 94.8901011259295
CLDPollen= 1.76726917829365
CLDNectar= 134.4883330632
CA13Pollen= 2.21237550983205
CA13Nectar= 49.5072299987078
CA410Pollen= 3.91159419566393
CA410Nectar= 34.6515996009111
CA1120Pollen= 2.2546648371499
CA1120Nectar= 45.1352076232433
IPollenTrips= 9.16601832257584
INectarTrips= 5.97519673407078
IPollenLoad= 3.50221873726696
INectarLoad= 2.54444719990715
