ICQueenStrength= 4.89347656047903
RQWkrDrnRatio= 1.92686522193253
ICDroneMiteSurvivorship= 9.01619307696819
ICWorkerMiteSurvivorship= 93.5728774173185
ICForagerLifespan= 10.6709068780765
ImmType= Polynomial
RQQueenStrength= 4.92143719363958
RQEnableReQueen= true
AIAdultSlope= 8.634008878842
AIAdultLD50= 73.5585810294501
AIAdultSlopeContact= 4.90438328287564
AIAdultLD50Contact= 22.4542045732632
AILarvaSlope= 5.49551784433424
AILarvaLD50= 82.3006186378754
AIKOW= 99054.639182526
AIKOC= 20021.5892589036
AIHalfLife= 10.2221150465077
EAppRate= 9.35971719838493
FoliarEnabled= true
FoliarAppDate= 06/07/1989
FoliarForageBegin= 06/05/1989
FoliarForageEnd= 06/28/1989
AIContactFactor= 0.938834521109238
CL4Pollen= 0.380593034438789
CL4Nectar= 82.4307838222012
CL5Pollen= 0.546733876224607
CL5Nectar= 121.881354879588
CLDPollen= 0.700629687868059
CLDNectar= 100.125692726579
CA13Pollen= 7.69568089097738
CA13Nectar= 69.9077635072172
CA410Pollen= 6.83103102501482
CA410Nectar= 93.3897042321041
CA1120Pollen= 0.696019949158654
CA1120Nectar= 60.171833448112
IPollenTrips= 11.0094797099009
INectarTrips= 8.89663541223854
IPollenLoad= 3.39591664727777
INectarLoad= 4.81405668659136
ESoilP= 1.84386516269296
ESoilFoc= 0.0161868537897244
