ICQueenStrength= 5.1632405447308
RQWkrDrnRatio= 3.53058671578765
ICDroneMiteSurvivorship= 34.9702674662694
ICWorkerMiteSurvivorship= 55.2736898185685
ICForagerLifespan= 4.2704668212682
ImmType= Exponential
RQQueenStrength= 2.35081964894198
RQEnableReQueen= true
AIAdultSlope= 5.80926788784564
AIAdultLD50= 50.4359913941584
AIAdultSlopeContact= 4.53102279291488
AIAdultLD50Contact= 63.7380743057989
AILarvaSlope= 5.38464379869401
AILarvaLD50= 55.7298939222451
AIKOW= 35469.843869911
AIKOC= 14825.6260315164
AIHalfLife= 9.38627416701056
EAppRate= 9.77028616033727
FoliarEnabled= true
FoliarAppDate= 06/07/1989
FoliarForageBegin= 06/05/1989
FoliarForageEnd= 06/28/1989
AIContactFactor= 0.941761170523241
CL4Pollen= 1.43039374426007
CL4Nectar= 95.7140167942271
CL5Pollen= 4.88350416440517
CL5Nectar= 41.8963687727228
CLDPollen= 0.428074744530022
CLDNectar= 49.6740845963359
CA13Pollen= 6.11328464820981
CA13Nectar= 59.7100202180445
CA410Pollen= 6.59025120104197
CA410Nectar= 188.872790019959
CA1120Pollen= 1.76923931669444
CA1120Nectar= 68.5689038410783
IPollenTrips= 9.16311586974189
INectarTrips= 6.62474382435903
IPollenLoad= 9.52130992431194
INectarLoad= 4.2967659747228
ESoilP= 1.81166672077961
ESoilFoc= 0.00374976487434469
