ICQueenStrength= 5.62363522266969
RQWkrDrnRatio= 3.61195003706962
ICDroneMiteSurvivorship= 89.5087531534955
ICWorkerMiteSurvivorship= 79.2179251322523
ICForagerLifespan= 8.56857333891094
ImmType= Tangent
RQQueenStrength= 2.12686168286018
RQEnableReQueen= true
AIAdultSlope= 6.61153570562601
AIAdultLD50= 10.0079033919075
AIAdultSlopeContact= 9.09635218442418
AIAdultLD50Contact= 42.6598365339208
AILarvaSlope= 8.09141633659601
AILarvaLD50= 20.0930538148447
AIKOW= 26565.8279740577
AIKOC= 1640.1143435312
AIHalfLife= 1.32971410574391
EAppRate= 6.67441109018587
FoliarEnabled= true
FoliarAppDate= 06/07/1989
FoliarForageBegin= 06/05/1989
FoliarForageEnd= 06/28/1989
AIContactFactor= 0.77107205578126
CL4Pollen= 3.42723708972335
CL4Nectar= 27.7078675338998
CL5Pollen= 1.47559161856771
CL5Nectar= 19.5712389308028
CLDPollen= 4.9142594486475
CLDNectar= 0.210554210934788
CA13Pollen= 7.59433012250811
CA13Nectar= 23.0897978693247
CA410Pollen= 5.98387818050105
CA410Nectar= 89.0695741493255
CA1120Pollen= 0.40719821001403
CA1120Nectar= 62.9594166204333
IPollenTrips= 8.44588106032461
INectarTrips= 11.4575266186148
IPollenLoad= 4.8631559824571
INectarLoad= 5.6796462694183
ESoilP= 1.59938793908805
ESoilFoc= 0.0156111638983712
