ICQueenStrength= 1.43641601572745
RQWkrDrnRatio= 3.98584937863052
ICDroneMiteSurvivorship= 18.3993496466428
ICWorkerMiteSurvivorship= 71.9463923480362
ICForagerLifespan= 12.5243639396504
ImmType= Cosine
RQQueenStrength= 2.15851722774096
RQEnableReQueen= true
AIAdultSlope= 4.93677930533886
AIAdultLD50= 0.94154443360446
AIAdultSlopeContact= 8.71053721313365
AIAdultLD50Contact= 76.9404091899721
AILarvaSlope= 1.6204188875854
AILarvaLD50= 57.4050536279825
AIKOW= 99761.4677768314
AIKOC= 5285.24243471725
AIHalfLife= 17.4021549985744
EAppRate= 0.360982916398905
FoliarEnabled= true
FoliarAppDate= 09/01/1989
FoliarForageBegin= 09/01/1989
FoliarForageEnd= 09/08/1989
AIContactFactor= 0.348267914797179
CL4Pollen= 0.150760532356799
CL4Nectar= 42.8392175352201
CL5Pollen= 0.728765753097832
CL5Nectar= 108.443957869895
CLDPollen= 5.26948114810511
CLDNectar= 97.6127049769275
CA13Pollen= 5.22384977508336
CA13Nectar= 85.3197078593075
CA410Pollen= 6.80437139878049
CA410Nectar= 89.2933751549572
CA1120Pollen= 1.82858397066593
CA1120Nectar= 40.8025073073804
IPollenTrips= 7.38526275381446
INectarTrips= 12.3529120068997
IPollenLoad= 0.190826256293803
INectarLoad= 7.44694440159947
