ICQueenStrength= 1.20525241969153
RQWkrDrnRatio= 2.826649508439
ICDroneMiteSurvivorship= 30.9621072839946
ICWorkerMiteSurvivorship= 55.1896901102737
ICForagerLifespan= 8.03471431322396
ImmType= Polynomial
RQQueenStrength= 5.95110332383774
RQEnableReQueen= true
AIAdultSlope= 1.18130768276751
AIAdultLD50= 98.8996623921238
AIAdultSlopeContact= 4.35481514921412
AIAdultLD50Contact= 22.9295121704575
AILarvaSlope= 4.76751590892673
AILarvaLD50= 22.266018549555
AIKOW= 71150.1153863343
AIKOC= 10661.9307490131
AIHalfLife= 6.02660504984669
EAppRate= 7.85036109509296
FoliarEnabled= true
FoliarAppDate= 06/07/1989
FoliarForageBegin= 06/05/1989
FoliarForageEnd= 06/28/1989
AIContactFactor= 1.54343821577728
CL4Pollen= 0.366473264992237
CL4Nectar= 83.6288949009031
CL5Pollen= 5.48609345499426
CL5Nectar= 25.2927426598035
CLDPollen= 0.00918952887877822
CLDNectar= 125.35775997676
CA13Pollen= 6.93554296372458
CA13Nectar= 49.2316842824221
CA410Pollen= 7.12748726475984
CA410Nectar= 106.574185499921
CA1120Pollen= 1.68700915086083
CA1120Nectar= 74.8397712223232
IPollenTrips= 12.6441941130906
INectarTrips= 8.819096009247
IPollenLoad= 2.52105915220454
INectarLoad= 0.799744355026633
