ICQueenStrength= 5.70765148173086
RQWkrDrnRatio= 4.94032309670001
ICDroneMiteSurvivorship= 30.0121652893722
ICWorkerMiteSurvivorship= 72.4975849268958
ICForagerLifespan= 8.88516636006534
ImmType= Sine
RQQueenStrength= 1.64012299175374
RQEnableReQueen= true
AIAdultSlope= 6.94209076277912
AIAdultLD50= 23.4339822591997
AIAdultSlopeContact= 4.5313374097459
AIAdultLD50Contact= 39.5010280741944
AILarvaSlope= 8.18970879353583
AILarvaLD50= 78.9608655108563
AIKOW= 18244.2544293191
AIKOC= 46189.495959939
AIHalfLife= 8.32377848867327
EAppRate= 0.214793401431758
FoliarEnabled= true
FoliarAppDate= 06/07/1989
FoliarForageBegin= 06/05/1989
FoliarForageEnd= 06/28/1989
AIContactFactor= 0.275810805610381
CL4Pollen= 0.714373706839979
CL4Nectar= 62.4974442180246
CL5Pollen= 3.24844333296642
CL5Nectar= 66.2690269178711
CLDPollen= 2.67285158811137
CLDNectar= 138.122471608222
CA13Pollen= 5.25780208483338
CA13Nectar= 72.8247921727598
CA410Pollen= 7.06583549939096
CA410Nectar= 80.6018508924171
CA1120Pollen= 2.11823937739246
CA1120Nectar= 66.3948387652636
IPollenTrips= 6.72009999630973
INectarTrips= 10.579398823902
IPollenLoad= 6.58291564788669
INectarLoad= 6.9164049369283
