ICQueenStrength= 5.08000486553647
RQWkrDrnRatio= 4.0816736035049
ICDroneMiteSurvivorship= 29.3249706039205
ICWorkerMiteSurvivorship= 93.4914774959907
ICForagerLifespan= 7.31142585445195
ImmType= Tangent
RQQueenStrength= 3.44306937442161
RQEnableReQueen= true
AIAdultSlope= 1.5842398814857
AIAdultLD50= 64.034354204352
AIAdultSlopeContact= 5.01850477629341
AIAdultLD50Contact= 17.6479812775836
AILarvaSlope= 5.37824977561831
AILarvaLD50= 75.9780715089966
AIKOW= 56686.8433968306
AIKOC= 66797.08623992
AIHalfLife= 5.84395597577095
EAppRate= 2.5648428092401
FoliarEnabled= true
FoliarAppDate= 06/07/1989
FoliarForageBegin= 06/05/1989
FoliarForageEnd= 06/28/1989
AIContactFactor= 0.410901180277578
CL4Pollen= 0.441556669771671
CL4Nectar= 58.7004683446139
CL5Pollen= 2.61077707679942
CL5Nectar= 78.9478123420849
CLDPollen= 3.13092945842072
CLDNectar= 102.73065600777
CA13Pollen= 7.35762036433443
CA13Nectar= 70.1449952274561
CA410Pollen= 7.85286987235304
CA410Nectar= 53.7158338958398
CA1120Pollen= 0.150831798557192
CA1120Nectar= 62.6459963060915
IPollenTrips= 6.70647336635739
INectarTrips= 8.76785209635273
IPollenLoad= 7.34049980994314
INectarLoad= 8.19424359127879
ESoilP= 1.76102953450754
ESoilFoc= 0.0139833115641959
