ICQueenStrength= 2.32586059160531
RQWkrDrnRatio= 3.90350811928511
ICDroneMiteSurvivorship= 91.8642330914736
ICWorkerMiteSurvivorship= 21.9444503774866
ICForagerLifespan= 15.1129210060462
ImmType= Exponential
RQQueenStrength= 2.54039427754469
RQEnableReQueen= true
AIAdultSlope= 4.58722030371428
AIAdultLD50= 0.107148452150868
AIAdultSlopeContact= 4.74224388832226
AIAdultLD50Contact= 91.8131710088681
AILarvaSlope= 4.19703705050051
AILarvaLD50= 54.8227062377604
AIKOW= 37101.2333116534
AIKOC= 91986.7031210852
AIHalfLife= 20.0698705312796
EAppRate= 6.62130136395409
FoliarEnabled= true
FoliarAppDate= 09/01/1989
FoliarForageBegin= 09/01/1989
FoliarForageEnd= 09/08/1989
AIContactFactor= 2.04165902079083
CL4Pollen= 0.255177131853998
CL4Nectar= 83.3689178572968
CL5Pollen= 0.0232613584958017
CL5Nectar= 66.1303023342043
CLDPollen= 1.38002123124897
CLDNectar= 2.97381127020344
CA13Pollen= 5.25012007057667
CA13Nectar= 27.2175819054246
CA410Pollen= 4.96685031284578
CA410Nectar= 105.89514979627
CA1120Pollen= 0.350285121006891
CA1120Nectar= 42.6164931245148
IPollenTrips= 5.12713224859908
INectarTrips= 9.36247648438439
IPollenLoad= 7.71969122812152
INectarLoad= 0.757266639266163
