ICQueenStrength= 5.16452528443187
RQWkrDrnRatio= 1.51532348617911
ICDroneMiteSurvivorship= 33.480236120522
ICWorkerMiteSurvivorship= 65.3634960064664
ICForagerLifespan= 14.0396934403107
ImmType= Tangent
RQQueenStrength= 3.370991546195
RQEnableReQueen= true
AIAdultSlope= 3.89184283278883
AIAdultLD50= 36.7214836456722
AIAdultSlopeContact= 6.94239175226539
AIAdultLD50Contact= 23.4647794849153
AILarvaSlope= 6.77131459675729
AILarvaLD50= 81.8411799434531
AIKOW= 66857.9503973954
AIKOC= 73354.0194685557
AIHalfLife= 11.5589845392155
EAppRate= 4.58307092450582
FoliarEnabled= true
FoliarAppDate= 06/07/1989
FoliarForageBegin= 06/05/1989
FoliarForageEnd= 06/28/1989
AIContactFactor= 2.1173435271671
CL4Pollen= 1.28669087495655
CL4Nectar= 88.9150198083371
CL5Pollen= 5.7258547260426
CL5Nectar= 61.99243767187
CLDPollen= 4.88861085707322
CLDNectar= 15.7447970705107
CA13Pollen= 6.27888426631689
CA13Nectar= 62.3861462622881
CA410Pollen= 6.19352735339198
CA410Nectar= 143.125897822902
CA1120Pollen= 2.89900548686273
CA1120Nectar= 59.1583290696144
IPollenTrips= 6.87568217283115
INectarTrips= 8.24289734475315
IPollenLoad= 9.67423067195341
INectarLoad= 3.36678285384551
