ICQueenStrength= 5.20420275535434
RQWkrDrnRatio= 3.84157672338188
ICDroneMiteSurvivorship= 72.810971387662
ICWorkerMiteSurvivorship= 42.0153046725318
ICForagerLifespan= 11.8202645378187
ImmType= Tangent
RQQueenStrength= 5.25179874175228
RQEnableReQueen= true
AIAdultSlope= 3.25006053969264
AIAdultLD50= 42.3728022943358
AIAdultSlopeContact= 9.51355538819917
AIAdultLD50Contact= 85.2483227118037
AILarvaSlope= 8.24854240380228
AILarvaLD50= 85.4408755935461
AIKOW= 79485.174550454
AIKOC= 31034.740797465
AIHalfLife= 31.9312819659011
EAppRate= 4.16809845090518
FoliarEnabled= true
FoliarAppDate= 06/07/1989
FoliarForageBegin= 06/05/1989
FoliarForageEnd= 06/28/1989
AIContactFactor= 0.687585933404043
CL4Pollen= 1.17488730698824
CL4Nectar= 33.3785585127771
CL5Pollen= 0.815958041232079
CL5Nectar= 132.652861322276
CLDPollen= 2.48725853255019
CLDNectar= 99.394053092692
CA13Pollen= 4.76622248096391
CA13Nectar= 96.2438529729843
CA410Pollen= 2.68945626509376
CA410Nectar= 54.5722707360983
CA1120Pollen= 1.62803965830244
CA1120Nectar= 55.707152672112
IPollenTrips= 11.7373042576946
INectarTrips= 9.18463838519529
IPollenLoad= 6.21391150634736
INectarLoad= 3.21866969345137
ESoilP= 1.77794970269315
ESoilFoc= 0.0115430806877557
