ICQueenStrength= 4.64048485411331
RQWkrDrnRatio= 1.69272143114358
ICDroneMiteSurvivorship= 37.814579741098
ICWorkerMiteSurvivorship= 62.3863020911813
ICForagerLifespan= 8.10101969633251
ImmType= Sine
RQQueenStrength= 3.4693552358076
RQEnableReQueen= true
AIAdultSlope= 2.40876876376569
AIAdultLD50= 12.2237112374501
AIAdultSlopeContact= 8.53476219717413
AIAdultLD50Contact= 89.3327110589372
AILarvaSlope= 4.59496734663844
AILarvaLD50= 47.9273462728162
AIKOW= 11150.7449905547
AIKOC= 15535.3777958495
AIHalfLife= 20.5692659989465
EAppRate= 4.83389838031842
FoliarEnabled= true
FoliarAppDate= 06/07/1989
FoliarForageBegin= 06/05/1989
FoliarForageEnd= 06/28/1989
AIContactFactor= 0.878668031236157
CL4Pollen= 2.69123964663595
CL4Nectar= 30.1128055900335
CL5Pollen= 5.13856360316277
CL5Nectar= 114.554797613528
CLDPollen= 3.13638530764729
CLDNectar= 62.64402695233
CA13Pollen= 4.40971245644614
CA13Nectar= 84.781204238534
CA410Pollen= 4.55055730051827
CA410Nectar= 91.0415563452989
CA1120Pollen= 2.65438263723627
CA1120Nectar= 66.8365691974759
IPollenTrips= 14.1686045052484
INectarTrips= 5.23597510997206
IPollenLoad= 8.78311183769256
INectarLoad= 5.00679246149957
ESoilP= 1.10862190276384
ESoilFoc= 0.0136424311629962
