ICQueenStrength= 4.39302841457538
RQWkrDrnRatio= 4.12482566479594
ICDroneMiteSurvivorship= 50.9563457686454
ICWorkerMiteSurvivorship= 90.6258814502507
ICForagerLifespan= 11.6696124235168
ImmType= Sine
RQQueenStrength= 3.70860575255938
RQEnableReQueen= true
AIAdultSlope= 8.39170279353857
AIAdultLD50= 63.0302768790619
AIAdultSlopeContact= 6.95130136329681
AIAdultLD50Contact= 77.3622447843445
AILarvaSlope= 7.42611983418465
AILarvaLD50= 63.795498406294
AIKOW= 91798.176062912
AIKOC= 20195.5823013366
AIHalfLife= 3.19213921646588
EAppRate= 8.86823235757532
FoliarEnabled= true
FoliarAppDate= 06/07/1989
FoliarForageBegin= 06/05/1989
FoliarForageEnd= 06/28/1989
AIContactFactor= 2.28445091282949
CL4Pollen= 2.10172530729324
CL4Nectar= 30.0024481490254
CL5Pollen= 4.90263218712062
CL5Nectar= 93.08374193497
CLDPollen= 4.53613277105615
CLDNectar= 0.801568944007158
CA13Pollen= 4.30013185627758
CA13Nectar= 31.7740100808442
CA410Pollen= 5.04541036328301
CA410Nectar= 110.59626981616
CA1120Pollen= 2.04349170578644
CA1120Nectar= 65.5873237550259
IPollenTrips= 6.45608800463378
INectarTrips= 5.53619652986526
IPollenLoad= 0.795587399043143
INectarLoad= 7.99571959767491
