ICQueenStrength= 1.91240945737809
RQWkrDrnRatio= 4.14476973284036
ICDroneMiteSurvivorship= 12.4772560782731
ICWorkerMiteSurvivorship= 56.4315078081563
ICForagerLifespan= 15.4867359027267
ImmType= Tangent
RQQueenStrength= 2.57127568614669
RQEnableReQueen= true
AIAdultSlope= 6.72445872798562
AIAdultLD50= 77.127492236102
AIAdultSlopeContact= 7.15706471865997
AIAdultLD50Contact= 53.1599535105741
AILarvaSlope= 8.59376273117959
AILarvaLD50= 48.9024651340111
AIKOW= 51616.7694191545
AIKOC= 61326.6017582307
AIHalfLife= 22.026461182558
EAppRate= 3.22079576720507
FoliarEnabled= true
FoliarAppDate= 06/07/1989
FoliarForageBegin= 06/05/1989
FoliarForageEnd= 06/28/1989
AIContactFactor= 0.754098875531927
CL4Pollen= 1.60233025439084
CL4Nectar= 25.717900483869
CL5Pollen= 2.28102325368673
CL5Nectar= 89.0349756111391
CLDPollen= 0.850887954700738
CLDNectar= 32.8705284046009
CA13Pollen= 3.58660049019381
CA13Nectar= 91.1819935776293
CA410Pollen= 4.33364569749683
CA410Nectar= 72.1678953059018
CA1120Pollen= 2.5324931696523
CA1120Nectar= 76.59667506814
IPollenTrips= 6.66699333582073
INectarTrips= 9.55582874128595
IPollenLoad= 3.39096673997119
INectarLoad= 5.83969439379871
ESoilP= 1.84198462730274
ESoilFoc= 0.00333327225828543
