ICQueenStrength= 4.5643254686147
RQWkrDrnRatio= 3.10806814115494
ICDroneMiteSurvivorship= 7.71124516613781
ICWorkerMiteSurvivorship= 32.7133083948866
ICForagerLifespan= 5.48939616885036
ImmType= Cosine
RQQueenStrength= 3.1028285427019
RQEnableReQueen= true
AIAdultSlope= 5.76523868180811
AIAdultLD50= 48.0125646492641
AIAdultSlopeContact= 3.4742282081861
AIAdultLD50Contact= 64.3411272094212
AILarvaSlope= 3.04233984649181
AILarvaLD50= 70.2090373553564
AIKOW= 46298.0000918814
AIKOC= 18382.1859288674
AIHalfLife= 30.8464822387323
EAppRate= 3.07044667614205
FoliarEnabled= true
FoliarAppDate= 06/07/1989
FoliarForageBegin= 06/05/1989
FoliarForageEnd= 06/28/1989
AIContactFactor= 0.808110306342132
CL4Pollen= 1.98505802359432
CL4Nectar= 85.4839534265921
CL5Pollen= 0.408072613645345
CL5Nectar= 102.020668890327
CLDPollen= 0.0803512609563768
CLDNectar= 56.2445335322991
CA13Pollen= 3.38544571753591
CA13Nectar= 93.0069346353412
CA410Pollen= 8.48676932891831
CA410Nectar= 52.6008950965479
CA1120Pollen= 1.16290454682894
CA1120Nectar= 81.3710726983845
IPollenTrips= 10.8043203130364
INectarTrips= 8.20477581117302
IPollenLoad= 5.01224504550919
INectarLoad= 8.33230999065563
