ICQueenStrength= 1.05812641466036
RQWkrDrnRatio= 1.05748995300382
ICDroneMiteSurvivorship= 17.9033386288211
ICWorkerMiteSurvivorship= 77.3601193446666
ICForagerLifespan= 8.41933419834822
ImmType= Cosine
RQQueenStrength= 3.25790994125418
RQEnableReQueen= true
AIAdultSlope= 8.14646823517978
AIAdultLD50= 10.6953645458545
AIAdultSlopeContact= 1.03960616467521
AIAdultLD50Contact= 99.3232347227489
AILarvaSlope= 6.00109772384167
AILarvaLD50= 7.78904656644398
AIKOW= 25486.3009330335
AIKOC= 59556.7881455861
AIHalfLife= 32.4622438666644
EAppRate= 8.04137251065858
FoliarEnabled= true
FoliarAppDate= 06/07/1989
FoliarForageBegin= 06/05/1989
FoliarForageEnd= 06/28/1989
AIContactFactor= 1.08116406467278
CL4Pollen= 2.58784028608352
CL4Nectar= 40.8900827402249
CL5Pollen= 0.744790348224342
CL5Nectar= 36.0279871732928
CLDPollen= 4.81867430219427
CLDNectar= 66.6792980628088
CA13Pollen= 2.71060587866232
CA13Nectar= 45.1619950309396
CA410Pollen= 6.5616587461438
CA410Nectar= 171.420061266981
CA1120Pollen= 1.27889871527441
CA1120Nectar= 83.5460915416479
IPollenTrips= 8.95177817204967
INectarTrips= 10.3750976989977
IPollenLoad= 1.04850314557552
INectarLoad= 1.64876583963633
