ICQueenStrength= 1.5761558667291
RQWkrDrnRatio= 2.91078071389347
ICDroneMiteSurvivorship= 31.8079006392509
ICWorkerMiteSurvivorship= 79.7535099089146
ICForagerLifespan= 15.4888780741021
ImmType= Tangent
RQQueenStrength= 1.65436034812592
RQEnableReQueen= true
AIAdultSlope= 1.56627157144248
AIAdultLD50= 76.8696925949941
AIAdultSlopeContact= 8.79624415119179
AIAdultLD50Contact= 62.4619489217037
AILarvaSlope= 4.57608158886433
AILarvaLD50= 39.5700944053561
AIKOW= 20824.6369393456
AIKOC= 92107.541365993
AIHalfLife= 29.6061398847727
EAppRate= 7.47691785541968
FoliarEnabled= true
FoliarAppDate= 06/07/1989
FoliarForageBegin= 06/05/1989
FoliarForageEnd= 06/28/1989
AIContactFactor= 0.90331998208072
CL4Pollen= 2.84796621091664
CL4Nectar= 27.3634287994355
CL5Pollen= 1.30650493456051
CL5Nectar= 55.6296116905287
CLDPollen= 3.86295877955854
CLDNectar= 65.9273648983799
CA13Pollen= 3.28429041085765
CA13Nectar= 91.9928914122283
CA410Pollen= 2.93356107487343
CA410Nectar= 193.341852147132
CA1120Pollen= 2.27084131515585
CA1120Nectar= 32.2604027017951
IPollenTrips= 9.48312147054821
INectarTrips= 12.8286836482584
IPollenLoad= 2.28771370835602
INectarLoad= 9.15459029376507
