ICQueenStrength= 3.57673115818761
RQWkrDrnRatio= 1.84363497979939
ICDroneMiteSurvivorship= 47.9331406531855
ICWorkerMiteSurvivorship= 8.30267900601029
ICForagerLifespan= 12.3949917787686
ImmType= Polynomial
RQQueenStrength= 1.29257408576086
RQEnableReQueen= true
AIAdultSlope= 6.89653528109193
AIAdultLD50= 94.9865181067868
AIAdultSlopeContact= 1.97410705545917
AIAdultLD50Contact= 54.097213998754
AILarvaSlope= 2.14122266322374
AILarvaLD50= 41.7606347442383
AIKOW= 57853.9855781889
AIKOC= 43991.6745441307
AIHalfLife= 15.7298641710309
EAppRate= 1.41543480367819
FoliarEnabled= true
FoliarAppDate= 06/07/1989
FoliarForageBegin= 06/05/1989
FoliarForageEnd= 06/28/1989
AIContactFactor= 2.21219884510618
CL4Pollen= 0.366201623342931
CL4Nectar= 54.8271104460582
CL5Pollen= 4.70970022911206
CL5Nectar= 78.6361258593388
CLDPollen= 1.25162142980844
CLDNectar= 1.06071776244789
CA13Pollen= 3.6130948157981
CA13Nectar= 67.5205699168146
CA410Pollen= 5.58533012289554
CA410Nectar= 137.994043491781
CA1120Pollen= 2.82694419217296
CA1120Nectar= 46.138347517699
IPollenTrips= 14.2368106869981
INectarTrips= 8.98623140994459
IPollenLoad= 5.05006570136175
INectarLoad= 6.68229776900262
ESoilP= 1.04406667291187
ESoilFoc= 0.00845491071743891
