ICQueenStrength= 4.14260491449386
RQWkrDrnRatio= 1.78588754869998
ICDroneMiteSurvivorship= 36.639130092226
ICWorkerMiteSurvivorship= 83.2365304930136
ICForagerLifespan= 15.6630894076079
ImmType= Exponential
RQQueenStrength= 1.02986505348235
RQEnableReQueen=true
AIAdultSlope= 5.11173540726304
AIAdultLD50= 0.506356331686722
AIAdultSlopeContact= 6.45470544113778
AIAdultLD50Contact= 53.350049844044
AILarvaSlope= 3.97745934315026
AILarvaLD50= 58.0052365733758
AIKOW= 25026.1086740169
AIKOC= 8337.45021743351
AIHalfLife= 13.6860462901648
EAppRate= 6.8817507875571
FoliarEnabled=true
FoliarAppDate= 07/01/1989
FoliarForageBegin= 07/01/1989
FoliarForageEnd= 07/14/1989
AIContactFactor= 0.616193073503673
CL4Pollen= 0.33141780551523
CL4Nectar= 29.3059817748144
CL5Pollen= 3.22378980601206
CL5Nectar= 85.1569937425666
CLDPollen= 3.88013425609097
CLDNectar= 108.297417999711
CA13Pollen= 5.81309058731422
CA13Nectar= 85.9715670160949
CA410Pollen= 3.54646002727095
CA410Nectar= 158.999244594015
CA1120Pollen= 0.317561575211585
CA1120Nectar= 94.6119599416852
IPollenTrips= 6.1804947652854
INectarTrips= 13.4194232802838
IPollenLoad= 3.4747275011614
INectarLoad= 1.82073998264968
