ICQueenStrength= 4.23599903145805
RQWkrDrnRatio= 1.17773375846446
ICDroneMiteSurvivorship= 39.9140083463863
ICWorkerMiteSurvivorship= 51.1219535255805
ICForagerLifespan= 6.32029332779348
ImmType= Tangent
RQQueenStrength= 3.3169967555441
RQEnableReQueen= true
AIAdultSlope= 5.13586033694446
AIAdultLD50= 8.21746128365444
AIAdultSlopeContact= 1.17674429086037
AIAdultLD50Contact= 53.7592250960926
AILarvaSlope= 3.31996222771704
AILarvaLD50= 6.05278225676808
AIKOW= 74334.0727694875
AIKOC= 11417.2555594589
AIHalfLife= 14.7580487033818
EAppRate= 5.85847300947481
FoliarEnabled= true
FoliarAppDate= 06/07/1989
FoliarForageBegin= 06/05/1989
FoliarForageEnd= 06/28/1989
AIContactFactor= 1.5354461428104
CL4Pollen= 1.49184358213097
CL4Nectar= 59.2458845116198
CL5Pollen= 3.76080068573356
CL5Nectar= 50.5233224714175
CLDPollen= 2.49408700922504
CLDNectar= 113.854928291403
CA13Pollen= 7.76968243839219
CA13Nectar= 94.4990053772926
CA410Pollen= 6.67811281234026
CA410Nectar= 180.82244949881
CA1120Pollen= 0.43799679656513
CA1120Nectar= 70.1661403477192
IPollenTrips= 9.57709281472489
INectarTrips= 6.38210819568485
IPollenLoad= 0.20880346884951
INectarLoad= 9.87639473052695
ESoilP= 1.37415103497915
ESoilFoc= 0.00711218163231388
