ICQueenStrength= 3.83905915101059
RQWkrDrnRatio= 4.03192670736462
ICDroneMiteSurvivorship= 69.3150215316564
ICWorkerMiteSurvivorship= 37.080242857337
ICForagerLifespan= 8.71915280167013
ImmType= Cosine
RQQueenStrength= 5.84750881209038
RQEnableReQueen= true
AIAdultSlope= 8.29736726358533
AIAdultLD50= 88.3500234381498
AIAdultSlopeContact= 7.14626457355917
AIAdultLD50Contact= 17.4255887231382
AILarvaSlope= 2.82285138219595
AILarvaLD50= 49.4933573448744
AIKOW= 15536.6076800866
AIKOC= 79801.425414823
AIHalfLife= 26.3887999100145
EAppRate= 7.8271151125168
FoliarEnabled= true
FoliarAppDate= 06/07/1989
FoliarForageBegin= 06/05/1989
FoliarForageEnd= 06/28/1989
AIContactFactor= 0.943963494426571
CL4Pollen= 2.22135095670819
CL4Nectar= 73.0858319438994
CL5Pollen= 1.98668104643002
CL5Nectar= 22.9451014660299
CLDPollen= 3.22697604820132
CLDNectar= 94.2283493815921
CA13Pollen= 7.81017520306632
CA13Nectar= 37.2984014824033
CA410Pollen= 7.89572858368047
CA410Nectar= 24.5643745083362
CA1120Pollen= 0.527545641409233
CA1120Nectar= 30.2201473712921
IPollenTrips= 7.56859004963189
INectarTrips= 13.4923031879589
IPollenLoad= 5.95466059166938
INectarLoad= 8.27118844725192
