ICQueenStrength= 2.13342895405367
RQWkrDrnRatio= 2.56005445029587
ICDroneMiteSurvivorship= 22.7510513970628
ICWorkerMiteSurvivorship= 6.78066953551024
ICForagerLifespan= 5.37564679700881
ImmType= Tangent
RQQueenStrength= 2.77515254938044
RQEnableReQueen= true
AIAdultSlope= 5.08105315826833
AIAdultLD50= 14.8635199341322
AIAdultSlopeContact= 3.59468805696815
AIAdultLD50Contact= 0.716101157858036
AILarvaSlope= 7.57230862788856
AILarvaLD50= 50.998927071016
AIKOW= 31207.1217099017
AIKOC= 41879.1375115977
AIHalfLife= 32.0452691753628
EAppRate= 3.00319491546648
FoliarEnabled= true
FoliarAppDate= 06/07/1989
FoliarForageBegin= 06/05/1989
FoliarForageEnd= 06/28/1989
AIContactFactor= 0.699495628322475
CL4Pollen= 1.54312176723033
CL4Nectar= 23.2820195145905
CL5Pollen= 4.96699422039092
CL5Nectar= 100.333685288206
CLDPollen= 5.05447340430692
CLDNectar= 82.4592466000468
CA13Pollen= 2.81397399520502
CA13Nectar= 44.5462254434824
CA410Pollen= 6.17186835021712
CA410Nectar= 109.386013103649
CA1120Pollen= 0.500949149485677
CA1120Nectar= 34.6319037117064
IPollenTrips= 11.3472232827917
INectarTrips= 7.60351341450587
IPollenLoad= 9.85432295128703
INectarLoad= 5.47737741610035
