ICQueenStrength= 5.57175779272802
RQWkrDrnRatio= 4.11961756646633
ICDroneMiteSurvivorship= 77.5450881337747
ICWorkerMiteSurvivorship= 61.120082414709
ICForagerLifespan= 5.11950649786741
ImmType= Logarithmic
RQQueenStrength= 5.30958059267141
RQEnableReQueen= true
AIAdultSlope= 6.6034358330071
AIAdultLD50= 86.5975883405083
AIAdultSlopeContact= 5.89040606864728
AIAdultLD50Contact= 78.6202375690888
AILarvaSlope= 7.42464856244624
AILarvaLD50= 7.22924920573179
AIKOW= 81865.3963480037
AIKOC= 82470.9422827756
AIHalfLife= 33.3631649415474
EAppRate= 7.97871412534616
FoliarEnabled= true
FoliarAppDate= 06/07/1989
FoliarForageBegin= 06/05/1989
FoliarForageEnd= 06/28/1989
AIContactFactor= 1.34405188710429
CL4Pollen= 0.752114583738148
CL4Nectar= 9.12245772778988
CL5Pollen= 5.17040429217741
CL5Nectar= 13.8497925829142
CLDPollen= 0.315533568151295
CLDNectar= 59.3074391945265
CA13Pollen= 7.5082780065015
CA13Nectar= 39.3286728858948
CA410Pollen= 6.59294896335341
CA410Nectar= 147.869996344671
CA1120Pollen= 0.114741661353037
CA1120Nectar= 21.1963731981814
IPollenTrips= 6.69740969780833
INectarTrips= 12.344715509098
IPollenLoad= 0.245201797224581
INectarLoad= 1.35918832849711
