ICQueenStrength= 4.75393249676563
RQWkrDrnRatio= 4.30203166417778
ICDroneMiteSurvivorship= 36.1728116637096
ICWorkerMiteSurvivorship= 50.3303565783426
ICForagerLifespan= 11.1651572678238
ImmType= Tangent
RQQueenStrength= 4.92936344491318
RQEnableReQueen= true
AIAdultSlope= 2.36297915130854
AIAdultLD50= 2.97141871124227
AIAdultSlopeContact= 4.4268489589449
AIAdultLD50Contact= 20.6866294884565
AILarvaSlope= 5.32199517451227
AILarvaLD50= 83.6782699031709
AIKOW= 23380.6854830469
AIKOC= 28649.5673722569
AIHalfLife= 22.9440542484634
EAppRate= 6.65211375104264
FoliarEnabled= true
FoliarAppDate= 06/07/1989
FoliarForageBegin= 06/05/1989
FoliarForageEnd= 06/28/1989
AIContactFactor= 1.07223938406445
CL4Pollen= 3.46694910619408
CL4Nectar= 21.7067984631285
CL5Pollen= 5.93688403861597
CL5Nectar= 3.27603839104995
CLDPollen= 3.56073624361306
CLDNectar= 3.4691434702836
CA13Pollen= 5.38383428361267
CA13Nectar= 79.445186778903
CA410Pollen= 3.2162257572636
CA410Nectar= 34.770942479372
CA1120Pollen= 0.183042515767738
CA1120Nectar= 85.8478055335581
IPollenTrips= 10.2996056131087
INectarTrips= 13.8729246915318
IPollenLoad= 4.11819248460233
INectarLoad= 5.15254572033882
