ICQueenStrength= 4.4860567538999
RQWkrDrnRatio= 1.6120308926329
ICDroneMiteSurvivorship= 63.7848633807153
ICWorkerMiteSurvivorship= 7.58953376207501
ICForagerLifespan= 8.53459073137492
ImmType= Exponential
AIAdultSlope= 2.61199248426827
AIAdultLD50= 0.0356430398765951
AIAdultSlopeContact= 3.75585319474339
AIAdultLD50Contact= 0.00679945833981037
AILarvaSlope= 1.72820832072757
AILarvaLD50= 0.336199770891108
AIKOW= 3.01591624412686
AIKOC= 22.0918965770397
AIHalfLife= 1.70468326127157
EAppRate= 6.37757039861754
FoliarEnabled= true
