ICQueenStrength= 2.38459338922985
RQWkrDrnRatio= 3.43817204609513
ICDroneMiteSurvivorship= 99.6671488508582
ICWorkerMiteSurvivorship= 53.9158795960248
ICForagerLifespan= 11.6281461846083
ImmType= Tangent
RQQueenStrength= 1.16546574304812
RQEnableReQueen= true
AIAdultSlope= 8.41581814363599
AIAdultLD50= 95.1684840987676
AIAdultSlopeContact= 6.13943954068236
AIAdultLD50Contact= 23.4415139758072
AILarvaSlope= 2.93986148200929
AILarvaLD50= 51.8876236005444
AIKOW= 51605.0042317935
AIKOC= 78234.6939021086
AIHalfLife= 23.1962905926863
EAppRate= 5.65352549154428
FoliarEnabled= true
FoliarAppDate= 06/07/1989
FoliarForageBegin= 06/05/1989
FoliarForageEnd= 06/28/1989
AIContactFactor= 1.71420731281862
CL4Pollen= 3.65163052640855
CL4Nectar= 13.5887576034293
CL5Pollen= 5.21232314268127
CL5Nectar= 85.1530399639159
CLDPollen= 4.54419886786491
CLDNectar= 110.808231972624
CA13Pollen= 5.50858153663576
CA13Nectar= 26.8229145556688
CA410Pollen= 9.45378155494109
CA410Nectar= 63.0144767975435
CA1120Pollen= 2.09946946450509
CA1120Nectar= 81.3973152823746
IPollenTrips= 9.53861457295716
INectarTrips= 11.5960475686006
IPollenLoad= 9.7732890676707
INectarLoad= 8.46159260952845
