ICQueenStrength= 4.1225774216
RQWkrDrnRatio= 1.27520864084363
ICDroneMiteSurvivorship= 11.7253082571551
ICWorkerMiteSurvivorship= 82.5744798639789
ICForagerLifespan= 9.24784464389086
ImmType= Tangent
RQQueenStrength= 4.51851603598334
RQEnableReQueen= true
AIAdultSlope= 4.21286030858755
AIAdultLD50= 1.44217341876356
AIAdultSlopeContact= 8.1375599745661
AIAdultLD50Contact= 91.8395397934602
AILarvaSlope= 5.72373336739838
AILarvaLD50= 67.4784936946882
AIKOW= 71037.5452039952
AIKOC= 37770.383006061
AIHalfLife= 33.499186439882
EAppRate= 3.97458595559979
FoliarEnabled= true
FoliarAppDate= 06/07/1989
FoliarForageBegin= 06/05/1989
FoliarForageEnd= 06/28/1989
AIContactFactor= 1.27155985354912
CL4Pollen= 3.98848850373179
CL4Nectar= 35.5832441011444
CL5Pollen= 5.71319367131218
CL5Nectar= 70.2212067204528
CLDPollen= 1.75733635062352
CLDNectar= 148.71329163434
CA13Pollen= 7.81826358037069
CA13Nectar= 77.9807989671826
CA410Pollen= 8.24054065337405
CA410Nectar= 130.979737928137
CA1120Pollen= 1.54324633511715
CA1120Nectar= 57.7358400821686
IPollenTrips= 8.64200773648918
INectarTrips= 7.99773060949519
IPollenLoad= 4.73401518538594
INectarLoad= 0.689867245964706
ESoilP= 1.93962642620318
ESoilFoc= 0.00400686907232739
