ICQueenStrength= 3.53360751550645
RQWkrDrnRatio= 2.71986880153418
ICDroneMiteSurvivorship= 21.312607312575
ICWorkerMiteSurvivorship= 77.2788503440097
ICForagerLifespan= 12.128908704035
ImmType= Polynomial
RQQueenStrength= 1.25842614122666
RQEnableReQueen= true
AIAdultSlope= 6.01180212199688
AIAdultLD50= 39.5729577046954
AIAdultSlopeContact= 2.62228686758317
AIAdultLD50Contact= 19.394108427526
AILarvaSlope= 6.04105166532099
AILarvaLD50= 32.2477579735538
AIKOW= 88711.501413112
AIKOC= 17617.5397902511
AIHalfLife= 24.4141014082124
EAppRate= 9.50584348985716
FoliarEnabled= true
FoliarAppDate= 06/07/1989
FoliarForageBegin= 06/05/1989
FoliarForageEnd= 06/28/1989
AIContactFactor= 0.822101686042733
CL4Pollen= 2.77700569946319
CL4Nectar= 47.8885000338778
CL5Pollen= 1.25891007995233
CL5Nectar= 137.532596290112
CLDPollen= 4.93995621800423
CLDNectar= 61.5932838991284
CA13Pollen= 2.88812282662839
CA13Nectar= 81.6840893961489
CA410Pollen= 4.86615360954311
CA410Nectar= 22.7893886622041
CA1120Pollen= 1.57380658574402
CA1120Nectar= 91.2808465957642
IPollenTrips= 13.0523115908727
INectarTrips= 13.3556142821908
IPollenLoad= 5.64720735419542
INectarLoad= 9.64924538740888
