ICQueenStrength= 3.37291460391134
RQWkrDrnRatio= 3.22453445103019
ICDroneMiteSurvivorship= 60.209181997925
ICWorkerMiteSurvivorship= 75.4136847564951
ICForagerLifespan= 13.1720794523135
ImmType= Tangent
RQQueenStrength= 4.50385291269049
RQEnableReQueen= true
AIAdultSlope= 6.12761552259326
AIAdultLD50= 13.5620557746293
AIAdultSlopeContact= 8.09651208273135
AIAdultLD50Contact= 14.0445142744386
AILarvaSlope= 3.24777724593878
AILarvaLD50= 14.0166014423077
AIKOW= 68769.182919882
AIKOC= 82709.5320744833
AIHalfLife= 3.52305627181195
EAppRate= 4.08349048011634
FoliarEnabled= true
FoliarAppDate= 06/07/1989
FoliarForageBegin= 06/05/1989
FoliarForageEnd= 06/28/1989
AIContactFactor= 0.798874267064966
CL4Pollen= 3.56739917676896
CL4Nectar= 70.2230818802491
CL5Pollen= 0.799860930070281
CL5Nectar= 78.0908925575204
CLDPollen= 2.39866139134392
CLDNectar= 48.0919223511592
CA13Pollen= 7.85824498049915
CA13Nectar= 83.3889784105122
CA410Pollen= 7.37398740209173
CA410Nectar= 149.722485835664
CA1120Pollen= 0.47735690837726
CA1120Nectar= 22.8226389177144
IPollenTrips= 7.64909977791831
INectarTrips= 5.27367947390303
IPollenLoad= 6.32040444994345
INectarLoad= 8.15992823103443
