ICQueenStrength= 3.70911579020321
RQWkrDrnRatio= 4.3197762677446
ICDroneMiteSurvivorship= 70.8780949469656
ICWorkerMiteSurvivorship= 13.7943842448294
ICForagerLifespan= 14.6914973463863
ImmType= Polynomial
RQQueenStrength= 4.16208383347839
RQEnableReQueen=true
AIAdultSlope= 8.20981416292489
AIAdultLD50= 0.369937653648201
AIAdultSlopeContact= 7.10808284208179
AIAdultLD50Contact= 68.2835592479398
AILarvaSlope= 6.78953927010298
AILarvaLD50= 95.5249194067833
AIKOW= 94919.8161442584
AIKOC= 94374.4978671644
AIHalfLife= 11.6021137594478
EAppRate= 8.67444934710115
FoliarEnabled=true
FoliarAppDate= 07/01/1989
FoliarForageBegin= 07/01/1989
FoliarForageEnd= 07/14/1989
AIContactFactor= 0.315506640016101
CL4Pollen= 0.570267552509904
CL4Nectar= 42.1544422628358
CL5Pollen= 4.90651700925082
CL5Nectar= 74.3473795708269
CLDPollen= 4.2834385628812
CLDNectar= 16.9969884096645
CA13Pollen= 7.91106140594929
CA13Nectar= 57.2459277138114
CA410Pollen= 8.84240347861778
CA410Nectar= 96.2137907044962
CA1120Pollen= 1.72584500955418
CA1120Nectar= 34.2338376305997
IPollenTrips= 11.6514498973265
INectarTrips= 14.6647629165091
IPollenLoad= 3.98113013477996
INectarLoad= 6.30336159141734
