ICQueenStrength= 2.14180429372936
RQWkrDrnRatio= 4.62936000619084
ICDroneMiteSurvivorship= 75.0828754156828
ICWorkerMiteSurvivorship= 3.61910751089454
ICForagerLifespan= 15.3711553895846
ImmType= Exponential
RQQueenStrength= 5.78138123638928
RQEnableReQueen= true
AIAdultSlope= 7.56011308729649
AIAdultLD50= 75.618248781821
AIAdultSlopeContact= 8.81860596872866
AIAdultLD50Contact= 49.7865798584046
AILarvaSlope= 3.62899030745029
AILarvaLD50= 9.82969021984469
AIKOW= 32062.0293913267
AIKOC= 5684.58702337253
AIHalfLife= 6.34535468618851
EAppRate= 7.4056049496003
FoliarEnabled= true
FoliarAppDate= 06/07/1989
FoliarForageBegin= 06/05/1989
FoliarForageEnd= 06/28/1989
AIContactFactor= 1.58093699884135
CL4Pollen= 0.096253352239728
CL4Nectar= 25.22916814778
CL5Pollen= 2.2503534774296
CL5Nectar= 30.7939381920733
CLDPollen= 0.0171683044172823
CLDNectar= 74.8386175255291
CA13Pollen= 4.09008337585256
CA13Nectar= 54.2225258983672
CA410Pollen= 7.87521448757034
CA410Nectar= 63.6824516160414
CA1120Pollen= 2.38505272823386
CA1120Nectar= 35.0611263886094
IPollenTrips= 14.9301568511873
INectarTrips= 13.7470260914415
IPollenLoad= 7.75256242370233
INectarLoad= 1.34277738863602
ESoilP= 1.3396954764612
ESoilFoc= 0.00147693854384124
