ICQueenStrength= 4.59514858946204
RQWkrDrnRatio= 3.66906667500734
ICDroneMiteSurvivorship= 58.310477132909
ICWorkerMiteSurvivorship= 34.2954647960141
ICForagerLifespan= 8.3656775765121
ImmType= Logarithmic
RQQueenStrength= 1.42797765880823
RQEnableReQueen=true
AIAdultSlope= 1.87197891063988
AIAdultLD50= 0.124961234607035
AIAdultSlopeContact= 5.42053627432324
AIAdultLD50Contact= 50.1137821744585
AILarvaSlope= 2.82488264888525
AILarvaLD50= 96.1664457459813
AIKOW= 28903.5399061861
AIKOC= 16377.0286401706
AIHalfLife= 21.7720336054452
EAppRate= 7.12646954817721
FoliarEnabled=true
FoliarAppDate= 07/01/1989
FoliarForageBegin= 07/01/1989
FoliarForageEnd= 07/14/1989
AIContactFactor= 0.982699888525531
CL4Pollen= 2.24579595401883
CL4Nectar= 60.6752026593313
CL5Pollen= 5.82431431487203
CL5Nectar= 141.375095013063
CLDPollen= 2.09005211759359
CLDNectar= 46.5545570477843
CA13Pollen= 2.78669329620898
CA13Nectar= 41.974161863327
CA410Pollen= 6.25234832547139
CA410Nectar= 133.378468421288
CA1120Pollen= 0.404344994109124
CA1120Nectar= 77.8957498446107
IPollenTrips= 10.2146654971875
INectarTrips= 10.5349980457686
IPollenLoad= 1.06020434293896
INectarLoad= 1.92138443468139
