ICQueenStrength= 1.65168933128007
RQWkrDrnRatio= 2.09544792305678
ICDroneMiteSurvivorship= 55.6655344087631
ICWorkerMiteSurvivorship= 95.2551688067615
ICForagerLifespan= 6.78693647775799
ImmType= Tangent
RQQueenStrength= 1.50018861773424
RQEnableReQueen= true
AIAdultSlope= 5.28610096499324
AIAdultLD50= 87.2709668738015
AIAdultSlopeContact= 8.42132775159553
AIAdultLD50Contact= 81.2711118738316
AILarvaSlope= 8.500703163445
AILarvaLD50= 36.8496882292351
AIKOW= 19278.2045271598
AIKOC= 64716.2219374168
AIHalfLife= 33.285133456625
EAppRate= 2.76339987919806
FoliarEnabled= true
FoliarAppDate= 06/07/1989
FoliarForageBegin= 06/05/1989
FoliarForageEnd= 06/28/1989
AIContactFactor= 0.263192937695421
CL4Pollen= 2.8888321518898
CL4Nectar= 80.2247107960284
CL5Pollen= 2.48122773785144
CL5Nectar= 41.3398399832658
CLDPollen= 3.32287592813373
CLDNectar= 7.00451951706782
CA13Pollen= 7.46773051498458
CA13Nectar= 37.3310453817248
CA410Pollen= 9.44301191805862
CA410Nectar= 45.9886993095279
CA1120Pollen= 0.659944684244692
CA1120Nectar= 47.9448733665049
IPollenTrips= 10.1766002224758
INectarTrips= 14.0828107646666
IPollenLoad= 4.70526149030775
INectarLoad= 3.4148378809914
ESoilP= 1.44121143384837
ESoilFoc= 0.00425529821566306
