ICQueenStrength= 3.17809622758068
RQWkrDrnRatio= 2.16396243777126
ICDroneMiteSurvivorship= 26.9791297381744
ICWorkerMiteSurvivorship= 69.4228708045557
ICForagerLifespan= 11.372296307236
ImmType= Logarithmic
RQQueenStrength= 3.99973099725321
RQEnableReQueen= true
AIAdultSlope= 6.0679098367691
AIAdultLD50= 12.4268659565318
AIAdultSlopeContact= 9.37491259933449
AIAdultLD50Contact= 10.4555470271572
AILarvaSlope= 6.49805664457381
AILarvaLD50= 43.9545310238923
AIKOW= 46169.5480905486
AIKOC= 46030.7996912587
AIHalfLife= 3.01798176302109
EAppRate= 8.94777736193011
FoliarEnabled= true
FoliarAppDate= 06/07/1989
FoliarForageBegin= 06/05/1989
FoliarForageEnd= 06/28/1989
AIContactFactor= 2.06841091157868
CL4Pollen= 2.03091348800808
CL4Nectar= 96.2418057722971
CL5Pollen= 2.77283757040277
CL5Nectar= 111.103049735539
CLDPollen= 4.89905635686591
CLDNectar= 115.066577447578
CA13Pollen= 5.96901811501011
CA13Nectar= 38.8056535832584
CA410Pollen= 5.20627393946052
CA410Nectar= 184.235928100534
CA1120Pollen= 2.07904710690491
CA1120Nectar= 56.4246909692883
IPollenTrips= 5.68728215061128
INectarTrips= 7.29306590976194
IPollenLoad= 0.219296242576092
INectarLoad= 6.94529223255813
ESoilP= 1.35208043945022
ESoilFoc= 0.0129751813129988
