ICQueenStrength= 1.02963489969261
RQWkrDrnRatio= 2.09364906419069
ICDroneMiteSurvivorship= 27.4214925477281
ICWorkerMiteSurvivorship= 0.0395566690713167
ICForagerLifespan= 15.7870137197897
ImmType= Cosine
RQQueenStrength= 3.75476326933131
RQEnableReQueen= true
AIAdultSlope= 6.50517100282013
AIAdultLD50= 24.1798746823685
AIAdultSlopeContact= 7.65866864775307
AIAdultLD50Contact= 87.0439052967343
AILarvaSlope= 5.68161921389401
AILarvaLD50= 46.4294150150646
AIKOW= 16946.8841680896
AIKOC= 37337.1873922232
AIHalfLife= 3.75533928496297
EAppRate= 1.49359300950705
FoliarEnabled= true
FoliarAppDate= 06/07/1989
FoliarForageBegin= 06/05/1989
FoliarForageEnd= 06/28/1989
AIContactFactor= 1.76019187484402
CL4Pollen= 2.15595954284072
CL4Nectar= 79.2422498343512
CL5Pollen= 2.7391227548942
CL5Nectar= 84.3871213495731
CLDPollen= 4.17649455182254
CLDNectar= 14.2474319902249
CA13Pollen= 6.25256744846702
CA13Nectar= 71.100159920752
CA410Pollen= 4.40741575399879
CA410Nectar= 197.088870774023
CA1120Pollen= 2.48682488501072
CA1120Nectar= 61.7163189314306
IPollenTrips= 9.24434491200373
INectarTrips= 7.40799878723919
IPollenLoad= 3.87833753367886
INectarLoad= 5.9457471803762
