ICQueenStrength= 5.1672972869128
RQWkrDrnRatio= 2.19146108813584
ICDroneMiteSurvivorship= 61.0200735507533
ICWorkerMiteSurvivorship= 73.6623307457194
ICForagerLifespan= 15.6868735803291
ImmType= Exponential
RQQueenStrength= 1.25077654165216
RQEnableReQueen= true
AIAdultSlope= 3.8788876850158
AIAdultLD50= 28.5407265376106
AIAdultSlopeContact= 8.37908505508676
AIAdultLD50Contact= 70.5584530060785
AILarvaSlope= 4.30346957966685
AILarvaLD50= 61.3120622585737
AIKOW= 10715.2618345588
AIKOC= 86819.2520491953
AIHalfLife= 21.9174849443138
EAppRate= 1.40408027419797
FoliarEnabled= true
FoliarAppDate= 06/07/1989
FoliarForageBegin= 06/05/1989
FoliarForageEnd= 06/28/1989
AIContactFactor= 0.490091171362437
CL4Pollen= 2.01990646962076
CL4Nectar= 39.0283590415493
CL5Pollen= 3.39392791874707
CL5Nectar= 66.9095133547671
CLDPollen= 5.86335705779493
CLDNectar= 138.749755220488
CA13Pollen= 6.84425789704546
CA13Nectar= 45.5577180534601
CA410Pollen= 3.02068578507751
CA410Nectar= 86.2386883189902
CA1120Pollen= 1.1068365003448
CA1120Nectar= 80.4446261562407
IPollenTrips= 11.9067323370837
INectarTrips= 7.62631674762815
IPollenLoad= 2.81752701615915
INectarLoad= 0.788531210273504
ESoilP= 1.50976837007329
ESoilFoc= 0.0146282273568213
