ICQueenStrength= 1.95502388197929
RQWkrDrnRatio= 4.8921697800979
ICDroneMiteSurvivorship= 75.7563951658085
ICWorkerMiteSurvivorship= 98.8284940598533
ICForagerLifespan= 8.57165927905589
ImmType= Cosine
RQQueenStrength= 3.7888675883878
RQEnableReQueen= true
AIAdultSlope= 1.91401021741331
AIAdultLD50= 72.9037304612698
AIAdultSlopeContact= 4.41843983344734
AIAdultLD50Contact= 2.51461740284483
AILarvaSlope= 1.67834149114788
AILarvaLD50= 5.55546318705496
AIKOW= 47264.3341053739
AIKOC= 60620.7959681861
AIHalfLife= 26.0277454879135
EAppRate= 5.23523000017693
FoliarEnabled= true
FoliarAppDate= 06/07/1989
FoliarForageBegin= 06/05/1989
FoliarForageEnd= 06/28/1989
AIContactFactor= 2.3036486028973
CL4Pollen= 0.184055464342237
CL4Nectar= 95.9335655439645
CL5Pollen= 2.30567832291126
CL5Nectar= 92.0736192609183
CLDPollen= 5.00551732443273
CLDNectar= 105.654643569142
CA13Pollen= 3.61615796415135
CA13Nectar= 60.050567612052
CA410Pollen= 6.67669757546391
CA410Nectar= 179.058001423255
CA1120Pollen= 2.6680733577814
CA1120Nectar= 28.1345835141838
IPollenTrips= 11.9214663770981
INectarTrips= 5.05753478035331
IPollenLoad= 8.31522653577849
INectarLoad= 8.09504709206522
