ICQueenStrength= 5.85177623573691
RQWkrDrnRatio= 3.93753533810377
ICDroneMiteSurvivorship= 9.55019549001008
ICWorkerMiteSurvivorship= 1.95710903499275
ICForagerLifespan= 11.5392164997756
ImmType= Cosine
RQQueenStrength= 5.26074114511721
RQEnableReQueen= true
AIAdultSlope= 8.38870728202164
AIAdultLD50= 49.7943248457489
AIAdultSlopeContact= 4.35013091634028
AIAdultLD50Contact= 11.8297885916228
AILarvaSlope= 7.90290146879852
AILarvaLD50= 58.9009729929783
AIKOW= 14564.619980338
AIKOC= 71272.3551446781
AIHalfLife= 8.49665797483176
EAppRate= 2.48782730109151
FoliarEnabled= true
FoliarAppDate= 06/07/1989
FoliarForageBegin= 06/05/1989
FoliarForageEnd= 06/28/1989
AIContactFactor= 1.65380290246103
CL4Pollen= 2.15070724766701
CL4Nectar= 24.690853105858
CL5Pollen= 1.28595723537728
CL5Nectar= 38.282553339377
CLDPollen= 5.22547406377271
CLDNectar= 43.9422813942656
CA13Pollen= 7.96625288417563
CA13Nectar= 65.7688552327454
CA410Pollen= 9.12863431209698
CA410Nectar= 166.398956561461
CA1120Pollen= 2.57728705066256
CA1120Nectar= 83.3537383191288
IPollenTrips= 11.4842030056752
INectarTrips= 12.5687291193753
IPollenLoad= 4.3739681574516
INectarLoad= 4.68572938581929
