ICQueenStrength= 2.16271055536345
RQWkrDrnRatio= 4.13995791506022
ICDroneMiteSurvivorship= 43.4473099419847
ICWorkerMiteSurvivorship= 29.2940955841914
ICForagerLifespan= 10.7579582678154
ImmType= Exponential
RQQueenStrength= 4.46161942812614
RQEnableReQueen= true
AIAdultSlope= 8.62882711552083
AIAdultLD50= 82.3880854839303
AIAdultSlopeContact= 9.86510558985174
AIAdultLD50Contact= 78.3516786288519
AILarvaSlope= 4.00686269439757
AILarvaLD50= 6.44988030829141
AIKOW= 74355.3452925515
AIKOC= 64195.3782439635
AIHalfLife= 7.74958102547098
EAppRate= 2.87628654102446
FoliarEnabled= true
FoliarAppDate= 06/07/1989
FoliarForageBegin= 06/05/1989
FoliarForageEnd= 06/28/1989
AIContactFactor= 1.73396582417656
CL4Pollen= 1.93842026498169
CL4Nectar= 33.1381706986576
CL5Pollen= 3.11485142726451
CL5Nectar= 39.8270002682693
CLDPollen= 4.97952560987324
CLDNectar= 136.994345008861
CA13Pollen= 8.056907999143
CA13Nectar= 22.3807232826948
CA410Pollen= 4.75895956442691
CA410Nectar= 24.0753275481984
CA1120Pollen= 1.27546606049873
CA1120Nectar= 92.1383707597852
IPollenTrips= 10.4840286914259
INectarTrips= 6.65549493394792
IPollenLoad= 1.9116638135165
INectarLoad= 3.87421836378053
