ICQueenStrength= 3.21657229959965
RQWkrDrnRatio= 4.96090449299663
ICDroneMiteSurvivorship= 99.111911538057
ICWorkerMiteSurvivorship= 33.1607957836241
ICForagerLifespan= 11.4462881470099
ImmType= Sine
RQQueenStrength= 2.92703378479928
RQEnableReQueen=true
AIAdultSlope= 3.66800059005618
AIAdultLD50= 0.372987684580032
AIAdultSlopeContact= 4.57080956036225
AIAdultLD50Contact= 41.5438623393658
AILarvaSlope= 5.85477672331035
AILarvaLD50= 55.8239607059895
AIKOW= 16116.1725939794
AIKOC= 91100.3589491581
AIHalfLife= 32.4798614801839
EAppRate= 7.14298014841112
FoliarEnabled=true
FoliarAppDate= 07/01/1989
FoliarForageBegin= 07/01/1989
FoliarForageEnd= 07/14/1989
AIContactFactor= 2.14206730981357
CL4Pollen= 3.34864761028439
CL4Nectar= 91.4569322019815
CL5Pollen= 1.55615988001227
CL5Nectar= 7.46803268557414
CLDPollen= 4.73252104735002
CLDNectar= 9.91274298867211
CA13Pollen= 6.05333348251879
CA13Nectar= 40.1161958836019
CA410Pollen= 8.59227720396593
CA410Nectar= 77.879924941808
CA1120Pollen= 2.16489619715139
CA1120Nectar= 84.2751855775714
IPollenTrips= 5.99456941941753
INectarTrips= 14.2275942186825
IPollenLoad= 9.65875884983689
INectarLoad= 5.27754010399804
