ICQueenStrength= 5.64409004314803
RQWkrDrnRatio= 4.2042463151738
ICDroneMiteSurvivorship= 83.5832146927714
ICWorkerMiteSurvivorship= 87.1954613830894
ICForagerLifespan= 11.1445692852139
ImmType= Sine
RQQueenStrength= 1.38948173634708
RQEnableReQueen= true
AIAdultSlope= 8.58394954539835
AIAdultLD50= 93.493088095573
AIAdultSlopeContact= 7.73976059793495
AIAdultLD50Contact= 39.969236852468
AILarvaSlope= 4.82785686291754
AILarvaLD50= 32.9465566324682
AIKOW= 66057.4262911048
AIKOC= 78166.9386271907
AIHalfLife= 5.35412301840261
EAppRate= 5.87444298445596
FoliarEnabled= true
FoliarAppDate= 06/07/1989
FoliarForageBegin= 06/05/1989
FoliarForageEnd= 06/28/1989
AIContactFactor= 0.681419764193706
CL4Pollen= 3.16687231045216
CL4Nectar= 33.7419472867623
CL5Pollen= 4.66869918722659
CL5Nectar= 134.713612147607
CLDPollen= 4.35750981420279
CLDNectar= 119.73185747629
CA13Pollen= 2.68662910237908
CA13Nectar= 58.0390348099172
CA410Pollen= 4.69830198674463
CA410Nectar= 21.6914471052587
CA1120Pollen= 2.91239366540685
CA1120Nectar= 48.8558234833181
IPollenTrips= 7.37345667555928
INectarTrips= 8.52099585579708
IPollenLoad= 1.94356927415356
INectarLoad= 8.27742525376379
