ICQueenStrength= 5.83047156478278
RQWkrDrnRatio= 1.13704009633511
ICDroneMiteSurvivorship= 8.28232958447188
ICWorkerMiteSurvivorship= 78.1941302586347
ICForagerLifespan= 5.44678509887308
ImmType= Logarithmic
RQQueenStrength= 3.31674742186442
RQEnableReQueen= true
AIAdultSlope= 6.68838060833514
AIAdultLD50= 70.0880247686061
AIAdultSlopeContact= 7.91366041032597
AIAdultLD50Contact= 52.6026233616711
AILarvaSlope= 1.37003025226295
AILarvaLD50= 90.5083116537395
AIKOW= 27022.7805579734
AIKOC= 66031.0498135842
AIHalfLife= 26.2296669194009
EAppRate= 8.5614995711993
FoliarEnabled= true
FoliarAppDate= 06/07/1989
FoliarForageBegin= 06/05/1989
FoliarForageEnd= 06/28/1989
AIContactFactor= 0.464295494165271
CL4Pollen= 3.04050530679524
CL4Nectar= 87.3671946115792
CL5Pollen= 3.77276157494634
CL5Nectar= 108.428480860312
CLDPollen= 5.43430841434747
CLDNectar= 0.283307034987956
CA13Pollen= 4.95168590201065
CA13Nectar= 99.9624750763178
CA410Pollen= 3.35521152915899
CA410Nectar= 151.620707577094
CA1120Pollen= 0.788009064970538
CA1120Nectar= 62.2379195131361
IPollenTrips= 11.7381642502733
INectarTrips= 9.04745729872957
IPollenLoad= 7.88829454453662
INectarLoad= 4.00568912969902
ESoilP= 1.50739990454167
ESoilFoc= 0.017077351774089
