ICQueenStrength= 5.46388915996067
RQWkrDrnRatio= 3.45317556988448
ICDroneMiteSurvivorship= 19.4268836406991
ICWorkerMiteSurvivorship= 21.9187867129222
ICForagerLifespan= 4.95777936372906
ImmType= Cosine
AIAdultSlope= 2.77259265754838
AIAdultLD50= 0.14133361899294
AIAdultSlopeContact= 0.224360319050029
AIAdultLD50Contact= 0.0360438826610334
AILarvaSlope= 0.2146780771669
AILarvaLD50= 0.126084573101252
AIKOW= 3.7726470651105
AIKOC= 19.6727346407715
AIHalfLife= 0.683673794730566
EAppRate= 8.53101345943287
FoliarEnabled= true
