ICQueenStrength= 1.24248005170375
RQWkrDrnRatio= 4.99647329002619
ICDroneMiteSurvivorship= 0.14826669357717
ICWorkerMiteSurvivorship= 73.6741536296904
ICForagerLifespan= 11.2096597896889
ImmType= Cosine
RQQueenStrength= 2.24476476851851
RQEnableReQueen=true
AIAdultSlope= 2.02960557676852
AIAdultLD50= 0.684450139748631
AIAdultSlopeContact= 1.59965215087868
AIAdultLD50Contact= 97.1310815122777
AILarvaSlope= 4.56975171342492
AILarvaLD50= 72.9106467660742
AIKOW= 10350.1855871421
AIKOC= 62151.724446405
AIHalfLife= 20.3929666442797
EAppRate= 3.13546501570032
FoliarEnabled=true
FoliarAppDate= 07/01/1989
FoliarForageBegin= 07/01/1989
FoliarForageEnd= 07/14/1989
AIContactFactor= 0.426115230759606
CL4Pollen= 2.31020741164684
CL4Nectar= 33.842536364682
CL5Pollen= 1.09699343377724
CL5Nectar= 103.939649986569
CLDPollen= 2.20221453532577
CLDNectar= 106.520424108021
CA13Pollen= 3.83651353819296
CA13Nectar= 65.8382464200258
CA410Pollen= 8.35076390372124
CA410Nectar= 145.68681135308
CA1120Pollen= 2.54069243813865
CA1120Nectar= 71.5740879625082
IPollenTrips= 8.49357557483017
INectarTrips= 13.2959701283835
IPollenLoad= 5.56205188157037
INectarLoad= 7.25346246967092
