ICQueenStrength= 3.8843060019426
RQWkrDrnRatio= 1.56863888911903
ICDroneMiteSurvivorship= 54.1291482746601
ICWorkerMiteSurvivorship= 47.967879800126
ICForagerLifespan= 11.4355258056894
ImmType= Tangent
RQQueenStrength= 5.89023868110962
RQEnableReQueen= true
AIAdultSlope= 8.97312965802848
AIAdultLD50= 99.3349191186232
AIAdultSlopeContact= 1.88912038272247
AIAdultLD50Contact= 40.2064396393355
AILarvaSlope= 1.82408425211906
AILarvaLD50= 32.3282948012166
AIKOW= 54360.0309412506
AIKOC= 28552.926857749
AIHalfLife= 10.1108994138194
EAppRate= 4.13070488608582
FoliarEnabled= true
FoliarAppDate= 06/07/1989
FoliarForageBegin= 06/05/1989
FoliarForageEnd= 06/28/1989
AIContactFactor= 1.31125977416523
CL4Pollen= 2.36530319787562
CL4Nectar= 3.20087554864585
CL5Pollen= 3.26954661402851
CL5Nectar= 122.286582877859
CLDPollen= 1.45628105476499
CLDNectar= 17.9547564592212
CA13Pollen= 2.62097338102758
CA13Nectar= 42.2819307632744
CA410Pollen= 7.16557395099662
CA410Nectar= 35.2951395371929
CA1120Pollen= 1.64051023009233
CA1120Nectar= 82.4348430894315
IPollenTrips= 13.0005843448453
INectarTrips= 14.5275585283525
IPollenLoad= 7.42886447813362
INectarLoad= 8.53662566281855
