ICQueenStrength= 2.31287536001764
RQWkrDrnRatio= 4.56286076456308
ICDroneMiteSurvivorship= 94.3087773397565
ICWorkerMiteSurvivorship= 63.1192003609613
ICForagerLifespan= 5.60006704367697
ImmType= Cosine
RQQueenStrength= 2.91631466266699
RQEnableReQueen= true
AIAdultSlope= 3.52253712154925
AIAdultLD50= 50.6819910634162
AIAdultSlopeContact= 2.718585989438
AIAdultLD50Contact= 17.1964322034551
AILarvaSlope= 8.63513468950987
AILarvaLD50= 44.5294197805002
AIKOW= 88605.9279538964
AIKOC= 42300.5796261171
AIHalfLife= 22.2586727618938
EAppRate= 3.79389791915286
FoliarEnabled= true
FoliarAppDate= 06/07/1989
FoliarForageBegin= 06/05/1989
FoliarForageEnd= 06/28/1989
AIContactFactor= 1.82094689959194
CL4Pollen= 1.61352818831801
CL4Nectar= 9.67917784582824
CL5Pollen= 2.96567938663065
CL5Nectar= 114.313167601358
CLDPollen= 5.86861078999937
CLDNectar= 2.21671970793977
CA13Pollen= 7.8939026331529
CA13Nectar= 74.9773629382253
CA410Pollen= 9.44411791132297
CA410Nectar= 174.291714662686
CA1120Pollen= 2.66603664821014
CA1120Nectar= 79.5628649182618
IPollenTrips= 11.4458769629709
INectarTrips= 9.6253277384676
IPollenLoad= 0.0206667254678905
INectarLoad= 1.95040347054601
ESoilP= 1.59303525113501
ESoilFoc= 0.0102963956794702
