ICQueenStrength= 2.7934627411887
RQWkrDrnRatio= 2.10902678500861
ICDroneMiteSurvivorship= 6.00132429972291
ICWorkerMiteSurvivorship= 88.2089162711054
ICForagerLifespan= 5.26797838415951
ImmType= Cosine
RQQueenStrength= 1.97222667885944
RQEnableReQueen= true
AIAdultSlope= 1.7776314727962
AIAdultLD50= 27.5526737375385
AIAdultSlopeContact= 4.64698978862725
AIAdultLD50Contact= 61.9071971834134
AILarvaSlope= 4.78605284541845
AILarvaLD50= 76.2610036629078
AIKOW= 62938.6562662496
AIKOC= 53790.0061635231
AIHalfLife= 14.3439015674172
EAppRate= 6.98936133617046
FoliarEnabled= true
FoliarAppDate= 06/07/1989
FoliarForageBegin= 06/05/1989
FoliarForageEnd= 06/28/1989
AIContactFactor= 1.97862476209644
CL4Pollen= 3.21905824169517
CL4Nectar= 18.7877865275368
CL5Pollen= 3.24503406649455
CL5Nectar= 28.8341630715877
CLDPollen= 1.94876941898838
CLDNectar= 21.7510818270966
CA13Pollen= 3.43565700976178
CA13Nectar= 50.2213350869715
CA410Pollen= 4.54409950478003
CA410Nectar= 187.392588625662
CA1120Pollen= 0.446549440501258
CA1120Nectar= 69.1741105727851
IPollenTrips= 11.6062396834604
INectarTrips= 13.9712302503176
IPollenLoad= 4.27536589559168
INectarLoad= 4.18323507066816
