ICQueenStrength= 5.64199074194767
RQWkrDrnRatio= 3.55612585134804
ICDroneMiteSurvivorship= 10.5599988251925
ICWorkerMiteSurvivorship= 19.825852685608
ICForagerLifespan= 9.87986305356026
ImmType= Cosine
RQQueenStrength= 3.57328352076001
RQEnableReQueen= true
AIAdultSlope= 8.79021618328989
AIAdultLD50= 15.6717971444486
AIAdultSlopeContact= 7.50073884613812
AIAdultLD50Contact= 31.9515393088476
AILarvaSlope= 5.04432027973235
AILarvaLD50= 22.6664649283641
AIKOW= 23568.2304546233
AIKOC= 3934.69655295508
AIHalfLife= 34.5094226146815
EAppRate= 0.224076280645328
FoliarEnabled= true
FoliarAppDate= 06/07/1989
FoliarForageBegin= 06/05/1989
FoliarForageEnd= 06/28/1989
AIContactFactor= 2.38987597105093
CL4Pollen= 0.394305762834847
CL4Nectar= 50.2599876141176
CL5Pollen= 4.76688508177176
CL5Nectar= 1.57778210705146
CLDPollen= 3.01575816515833
CLDNectar= 121.737390349153
CA13Pollen= 7.30591597575694
CA13Nectar= 76.7470540851355
CA410Pollen= 8.03552790130489
CA410Nectar= 131.401560306549
CA1120Pollen= 0.826013507321477
CA1120Nectar= 35.1931381039321
IPollenTrips= 9.57871961407363
INectarTrips= 12.4032566463575
IPollenLoad= 0.890410412102938
INectarLoad= 5.36036958685145
ESoilP= 1.47441177582368
ESoilFoc= 0.00218542828969657
