ICQueenStrength= 3.97206275071949
RQWkrDrnRatio= 4.94937036093324
ICDroneMiteSurvivorship= 50.7289813132957
ICWorkerMiteSurvivorship= 16.6898384224623
ICForagerLifespan= 14.3090358460322
ImmType= Tangent
RQQueenStrength= 1.1821113480255
RQEnableReQueen=true
AIAdultSlope= 5.56207456998527
AIAdultLD50= 0.264791959511349
AIAdultSlopeContact= 6.83632183121517
AIAdultLD50Contact= 19.5051834826863
AILarvaSlope= 4.52496402710676
AILarvaLD50= 53.4293623672933
AIKOW= 18616.7921297776
AIKOC= 37232.5205872003
AIHalfLife= 16.2897187219933
EAppRate= 3.74772097728052
FoliarEnabled=true
FoliarAppDate= 07/01/1989
FoliarForageBegin= 07/01/1989
FoliarForageEnd= 07/14/1989
AIContactFactor= 0.688865000465885
CL4Pollen= 1.9224277837202
CL4Nectar= 19.5954792900011
CL5Pollen= 4.81950557604432
CL5Nectar= 75.9803678258322
CLDPollen= 0.126886827405542
CLDNectar= 40.7245831796899
CA13Pollen= 2.56262475559488
CA13Nectar= 45.4637910798192
CA410Pollen= 5.79119416172616
CA410Nectar= 37.0090606203303
CA1120Pollen= 2.63391571026295
CA1120Nectar= 86.4031569100916
IPollenTrips= 6.8071054876782
INectarTrips= 14.9848259938881
IPollenLoad= 1.00605218904093
INectarLoad= 5.43762856163085
