ICQueenStrength= 2.46879801526666
RQWkrDrnRatio= 1.37608071509749
ICDroneMiteSurvivorship= 1.43476116936654
ICWorkerMiteSurvivorship= 98.9189443178475
ICForagerLifespan= 14.378114130348
ImmType= Cosine
RQQueenStrength= 2.31719469325617
RQEnableReQueen= true
AIAdultSlope= 4.47892422042787
AIAdultLD50= 30.0559748902556
AIAdultSlopeContact= 2.79004301945679
AIAdultLD50Contact= 44.1424407502387
AILarvaSlope= 5.23470582254231
AILarvaLD50= 90.9201532556554
AIKOW= 78700.1499552785
AIKOC= 71833.6561572165
AIHalfLife= 6.43362792427652
EAppRate= 5.6827473899629
FoliarEnabled= true
FoliarAppDate= 06/07/1989
FoliarForageBegin= 06/05/1989
FoliarForageEnd= 06/28/1989
AIContactFactor= 0.941121534351259
CL4Pollen= 0.999901132658124
CL4Nectar= 45.4238674836233
CL5Pollen= 1.57305030617863
CL5Nectar= 49.5085333124734
CLDPollen= 4.64148058695719
CLDNectar= 76.8659468041733
CA13Pollen= 5.49173999931663
CA13Nectar= 53.4000366739929
CA410Pollen= 4.90676508331671
CA410Nectar= 152.337853405625
CA1120Pollen= 1.18711452512071
CA1120Nectar= 40.4377563670278
IPollenTrips= 11.3171612657607
INectarTrips= 7.11349897785112
IPollenLoad= 0.0914055202156305
INectarLoad= 2.43228493258357
