ICQueenStrength= 2.15063045406714
RQWkrDrnRatio= 4.85504115093499
ICDroneMiteSurvivorship= 76.4247571583837
ICWorkerMiteSurvivorship= 43.5599858174101
ICForagerLifespan= 7.67389411851764
ImmType= Tangent
RQQueenStrength= 3.0763342443388
RQEnableReQueen= true
AIAdultSlope= 7.88573146425188
AIAdultLD50= 15.9241132130735
AIAdultSlopeContact= 7.22532439837232
AIAdultLD50Contact= 60.3770626264671
AILarvaSlope= 3.38138801790774
AILarvaLD50= 21.2133739594512
AIKOW= 26364.7126560375
AIKOC= 37750.1344629803
AIHalfLife= 23.8526358869858
EAppRate= 5.41268585330504
FoliarEnabled= true
FoliarAppDate= 06/07/1989
FoliarForageBegin= 06/05/1989
FoliarForageEnd= 06/28/1989
AIContactFactor= 0.573289190246724
CL4Pollen= 0.346283949911594
CL4Nectar= 28.3202288439497
CL5Pollen= 4.95694919675589
CL5Nectar= 48.5686990432441
CLDPollen= 0.498245116788894
CLDNectar= 115.483315160964
CA13Pollen= 7.97686909679323
CA13Nectar= 52.2146177850664
CA410Pollen= 6.43748697959818
CA410Nectar= 196.423436971381
CA1120Pollen= 2.4313526081387
CA1120Nectar= 62.7897805348039
IPollenTrips= 7.83551238011569
INectarTrips= 6.02919956669211
IPollenLoad= 4.44975510472432
INectarLoad= 3.29633828485385
ESoilP= 1.65777997672558
ESoilFoc= 0.00323838761937805
