ICQueenStrength= 3.95852242130786
RQWkrDrnRatio= 1.76901679392904
ICDroneMiteSurvivorship= 68.0464624194428
ICWorkerMiteSurvivorship= 26.6436475329101
ICForagerLifespan= 7.24244037736207
ImmType= Sine
RQQueenStrength= 4.20448514539748
RQEnableReQueen=true
AIAdultSlope= 8.30018382519484
AIAdultLD50= 0.0669589194746222
AIAdultSlopeContact= 4.3532730655279
AIAdultLD50Contact= 87.4623877675575
AILarvaSlope= 2.82042723335326
AILarvaLD50= 94.3655714390995
AIKOW= 1474.45062557363
AIKOC= 89920.9363611452
AIHalfLife= 6.57400340749882
EAppRate= 1.15310483438661
FoliarEnabled=true
FoliarAppDate= 07/01/1989
FoliarForageBegin= 07/01/1989
FoliarForageEnd= 07/14/1989
AIContactFactor= 1.94699433669914
CL4Pollen= 3.6296857604757
CL4Nectar= 14.4923776620999
CL5Pollen= 5.40780863072723
CL5Nectar= 134.412435768172
CLDPollen= 5.16283474350348
CLDNectar= 93.5902439290658
CA13Pollen= 4.64951643748209
CA13Nectar= 50.6220555305481
CA410Pollen= 2.59951360085979
CA410Nectar= 39.4935050420463
CA1120Pollen= 1.82786502270028
CA1120Nectar= 74.061089232564
IPollenTrips= 11.3456258154474
INectarTrips= 7.53042893251404
IPollenLoad= 4.13691776338965
INectarLoad= 8.21230515372008
