ICQueenStrength= 4.26034029247239
RQWkrDrnRatio= 2.62245159223676
ICDroneMiteSurvivorship= 70.6796661019325
ICWorkerMiteSurvivorship= 92.8885484579951
ICForagerLifespan= 11.4180935258046
ImmType= Tangent
RQQueenStrength= 3.16029746341519
RQEnableReQueen= true
AIAdultSlope= 4.94450126588345
AIAdultLD50= 0.0845130038519856
AIAdultSlopeContact= 2.69508687336929
AIAdultLD50Contact= 66.7333742848092
AILarvaSlope= 3.07527746446431
AILarvaLD50= 22.8763880131387
AIKOW= 63732.8690561968
AIKOC= 51372.9625931566
AIHalfLife= 16.1356658530654
EAppRate= 7.60338528340845
FoliarEnabled= true
FoliarAppDate= 09/01/1989
FoliarForageBegin= 09/01/1989
FoliarForageEnd= 09/08/1989
AIContactFactor= 2.0656957759941
CL4Pollen= 1.25364431645721
CL4Nectar= 92.1676837140694
CL5Pollen= 3.27539950422943
CL5Nectar= 87.6345149707049
CLDPollen= 0.619430572260171
CLDNectar= 38.992822857108
CA13Pollen= 3.56524708336219
CA13Nectar= 35.5338832177222
CA410Pollen= 7.00824659992941
CA410Nectar= 178.792292620055
CA1120Pollen= 2.85933468025178
CA1120Nectar= 59.1909255087376
IPollenTrips= 12.1352895349264
INectarTrips= 8.46257951809093
IPollenLoad= 7.75718536227942
INectarLoad= 4.72789424005896
