ICQueenStrength= 2.16678326204419
RQWkrDrnRatio= 1.83322030492127
ICDroneMiteSurvivorship= 20.203422405757
ICWorkerMiteSurvivorship= 1.46252198610455
ICForagerLifespan= 14.1007562642917
ImmType= Polynomial
RQQueenStrength= 4.91423397138715
RQEnableReQueen=true
AIAdultSlope= 3.46491306088865
AIAdultLD50= 0.820057759680087
AIAdultSlopeContact= 3.51678691920824
AIAdultLD50Contact= 67.6315574040464
AILarvaSlope= 4.54640816710889
AILarvaLD50= 3.4025370774162
AIKOW= 47097.9441239644
AIKOC= 86484.3435815601
AIHalfLife= 32.7597575810738
EAppRate= 4.48067916262103
FoliarEnabled=true
FoliarAppDate= 07/01/1989
FoliarForageBegin= 07/01/1989
FoliarForageEnd= 07/14/1989
AIContactFactor= 2.18176675509196
CL4Pollen= 1.58827074617147
CL4Nectar= 73.5146527644247
CL5Pollen= 0.927250805776566
CL5Nectar= 111.313131486531
CLDPollen= 4.73500085016713
CLDNectar= 2.38063624128699
CA13Pollen= 5.03053948031738
CA13Nectar= 29.5013820566237
CA410Pollen= 7.54156391392462
CA410Nectar= 148.371765692718
CA1120Pollen= 2.78900784021243
CA1120Nectar= 86.2971931509674
IPollenTrips= 12.4914878630079
INectarTrips= 11.5361921070144
IPollenLoad= 5.60725158080459
INectarLoad= 9.96721552917734
