ICQueenStrength= 5.31500123464502
RQWkrDrnRatio= 3.59749849420041
ICDroneMiteSurvivorship= 40.4966038884595
ICWorkerMiteSurvivorship= 68.1374215055257
ICForagerLifespan= 10.7465979000553
ImmType= Sine
RQQueenStrength= 4.27643646858633
RQEnableReQueen= true
AIAdultSlope= 5.34096032939851
AIAdultLD50= 82.6781206709547
AIAdultSlopeContact= 3.20451884833165
AIAdultLD50Contact= 94.6873442919708
AILarvaSlope= 8.28802351467311
AILarvaLD50= 34.9932782224754
AIKOW= 73589.7132063128
AIKOC= 92600.0041259874
AIHalfLife= 22.0064018180594
EAppRate= 9.01213484520232
FoliarEnabled= true
FoliarAppDate= 06/07/1989
FoliarForageBegin= 06/05/1989
FoliarForageEnd= 06/28/1989
AIContactFactor= 1.68649854276795
CL4Pollen= 0.304591801017523
CL4Nectar= 86.636201874353
CL5Pollen= 3.31022421084344
CL5Nectar= 138.788337155711
CLDPollen= 5.49744952982292
CLDNectar= 88.6529058334418
CA13Pollen= 6.53696016902104
CA13Nectar= 84.9159897491336
CA410Pollen= 3.97803360433318
CA410Nectar= 78.5276223020628
CA1120Pollen= 1.39153008232825
CA1120Nectar= 23.09012375772
IPollenTrips= 9.24360337434337
INectarTrips= 6.96630528196692
IPollenLoad= 6.68898394564167
INectarLoad= 0.318352952599525
ESoilP= 1.33486432675272
ESoilFoc= 0.00684770663897507
