ICQueenStrength= 3.02763550449163
RQWkrDrnRatio= 4.45265071466565
ICDroneMiteSurvivorship= 40.7245729118586
ICWorkerMiteSurvivorship= 93.8000452937558
ICForagerLifespan= 5.85173239558935
ImmType= Tangent
RQQueenStrength= 5.04964153305627
RQEnableReQueen= true
AIAdultSlope= 6.71409640088677
AIAdultLD50= 59.7029229541281
AIAdultSlopeContact= 8.06429834174924
AIAdultLD50Contact= 25.7995508883363
AILarvaSlope= 4.54070610180497
AILarvaLD50= 30.9603477036906
AIKOW= 25227.0752831199
AIKOC= 71064.5880268209
AIHalfLife= 4.28592469352297
EAppRate= 4.46781247716351
FoliarEnabled= true
FoliarAppDate= 06/07/1989
FoliarForageBegin= 06/05/1989
FoliarForageEnd= 06/28/1989
AIContactFactor= 1.52342191989999
CL4Pollen= 1.07589958421886
CL4Nectar= 96.0693125613034
CL5Pollen= 3.92360497266054
CL5Nectar= 23.992146004457
CLDPollen= 5.00383860943839
CLDNectar= 9.96437373105437
CA13Pollen= 2.47628145925701
CA13Nectar= 65.9896099194884
CA410Pollen= 8.5891620790353
CA410Nectar= 178.365918491036
CA1120Pollen= 1.80242410674691
CA1120Nectar= 31.2598370015621
IPollenTrips= 7.61944271158427
INectarTrips= 14.2004766082391
IPollenLoad= 0.497484167572111
INectarLoad= 2.27801004657522
