ICQueenStrength= 5.28379944642074
RQWkrDrnRatio= 2.44216237217188
ICDroneMiteSurvivorship= 87.4153764219955
ICWorkerMiteSurvivorship= 55.5299695348367
ICForagerLifespan= 6.39777614083141
ImmType= Exponential
RQQueenStrength= 1.57204272830859
RQEnableReQueen= true
AIAdultSlope= 5.08992820046842
AIAdultLD50= 33.7937729815566
AIAdultSlopeContact= 6.79975890088826
AIAdultLD50Contact= 73.4124936946016
AILarvaSlope= 7.99217048473656
AILarvaLD50= 44.2848727969504
AIKOW= 47948.0905589012
AIKOC= 86880.8624959318
AIHalfLife= 30.7454322205624
EAppRate= 6.78701402968192
FoliarEnabled= true
FoliarAppDate= 06/07/1989
FoliarForageBegin= 06/05/1989
FoliarForageEnd= 06/28/1989
AIContactFactor= 1.73158400447573
CL4Pollen= 0.50736880954355
CL4Nectar= 68.1115319486707
CL5Pollen= 4.02335033146665
CL5Nectar= 18.4834459796548
CLDPollen= 2.65580094326288
CLDNectar= 0.350173143669963
CA13Pollen= 7.23242982039228
CA13Nectar= 43.0894140899181
CA410Pollen= 3.27733360475395
CA410Nectar= 182.620283113793
CA1120Pollen= 2.10708194947802
CA1120Nectar= 86.5135325677693
IPollenTrips= 12.1811537700705
INectarTrips= 6.12080456223339
IPollenLoad= 5.37970412522554
INectarLoad= 2.36482180887833
ESoilP= 1.22212410368957
ESoilFoc= 0.0154415825286414
