ICQueenStrength= 5.14655942120589
RQWkrDrnRatio= 2.40806012786925
ICDroneMiteSurvivorship= 81.6577619174495
ICWorkerMiteSurvivorship= 24.490104848519
ICForagerLifespan= 7.88579676952213
ImmType= Tangent
RQQueenStrength= 4.52846000343561
RQEnableReQueen= true
AIAdultSlope= 2.32306353189051
AIAdultLD50= 10.0611492485867
AIAdultSlopeContact= 9.58309736289084
AIAdultLD50Contact= 33.7455831081592
AILarvaSlope= 2.43195980414748
AILarvaLD50= 72.4255860605985
AIKOW= 6269.0941284228
AIKOC= 38115.7585965723
AIHalfLife= 4.21227105080616
EAppRate= 5.79559858591599
FoliarEnabled= true
FoliarAppDate= 06/07/1989
FoliarForageBegin= 06/05/1989
FoliarForageEnd= 06/28/1989
AIContactFactor= 1.36842989294324
CL4Pollen= 0.16168989893049
CL4Nectar= 90.5159347923473
CL5Pollen= 3.05972991837189
CL5Nectar= 118.425518763252
CLDPollen= 1.15885602822527
CLDNectar= 116.532323788851
CA13Pollen= 7.14414955424145
CA13Nectar= 30.396655164659
CA410Pollen= 5.23077683183365
CA410Nectar= 160.667952476069
CA1120Pollen= 1.18599796132185
CA1120Nectar= 71.8587814457715
IPollenTrips= 13.5154518368654
INectarTrips= 7.08651254186407
IPollenLoad= 4.11543423542753
INectarLoad= 4.85256606945768
