ICQueenStrength= 3.6614187406376
RQWkrDrnRatio= 2.17054028436542
ICDroneMiteSurvivorship= 62.4668466625735
ICWorkerMiteSurvivorship= 83.0129279056564
ICForagerLifespan= 12.3122242288664
ImmType= Tangent
RQQueenStrength= 2.46525535173714
RQEnableReQueen=true
AIAdultSlope= 5.83482964709401
AIAdultLD50= 0.27071196833835
AIAdultSlopeContact= 1.0236947957892
AIAdultLD50Contact= 74.1817832447251
AILarvaSlope= 3.50689207389951
AILarvaLD50= 87.3094084351808
AIKOW= 46441.5666887477
AIKOC= 50507.967380777
AIHalfLife= 20.6102375701768
EAppRate= 4.55966494972725
FoliarEnabled=true
FoliarAppDate= 07/01/1989
FoliarForageBegin= 07/01/1989
FoliarForageEnd= 07/14/1989
AIContactFactor= 0.443201680900529
CL4Pollen= 1.10841795895249
CL4Nectar= 3.21528711356223
CL5Pollen= 1.55982226319611
CL5Nectar= 33.666369819548
CLDPollen= 4.27660827431828
CLDNectar= 133.112734998576
CA13Pollen= 2.21508572278544
CA13Nectar= 95.9291435033083
CA410Pollen= 6.25904096544255
CA410Nectar= 145.480507402681
CA1120Pollen= 0.718340620631352
CA1120Nectar= 54.8226088657975
IPollenTrips= 14.0773326298222
INectarTrips= 6.47468883078545
IPollenLoad= 1.04041337268427
INectarLoad= 7.44690102292225
