ICQueenStrength= 1.87032445357181
RQWkrDrnRatio= 1.06954450719059
ICDroneMiteSurvivorship= 41.6071009123698
ICWorkerMiteSurvivorship= 60.1441269973293
ICForagerLifespan= 7.60915546678007
ImmType= Exponential
RQQueenStrength= 1.56621868163347
RQEnableReQueen= true
AIAdultSlope= 5.07967237755656
AIAdultLD50= 26.8038690512357
AIAdultSlopeContact= 3.52736910968088
AIAdultLD50Contact= 31.2344513105606
AILarvaSlope= 1.16377911157906
AILarvaLD50= 14.7831062260827
AIKOW= 41082.8310075994
AIKOC= 27687.186082538
AIHalfLife= 18.5497263599653
EAppRate= 0.704574208765524
FoliarEnabled= true
FoliarAppDate= 06/07/1989
FoliarForageBegin= 06/05/1989
FoliarForageEnd= 06/28/1989
AIContactFactor= 2.21113129685633
CL4Pollen= 3.9105503000319
CL4Nectar= 22.6433144882321
CL5Pollen= 1.95661038765684
CL5Nectar= 66.5707666659728
CLDPollen= 5.23323065601289
CLDNectar= 99.9077858752571
CA13Pollen= 3.87921138182282
CA13Nectar= 46.1533481068909
CA410Pollen= 5.80827615412418
CA410Nectar= 78.124577482231
CA1120Pollen= 0.356568948598579
CA1120Nectar= 86.5269090235233
IPollenTrips= 6.48327701725066
INectarTrips= 7.79149727663025
IPollenLoad= 5.76095059514046
INectarLoad= 3.44791334588081
ESoilP= 1.81650720653124
ESoilFoc= 0.0103913463123608
