ICQueenStrength= 1.28321053949185
RQWkrDrnRatio= 2.84642212186009
ICDroneMiteSurvivorship= 73.9467066014186
ICWorkerMiteSurvivorship= 50.4060370149091
ICForagerLifespan= 14.5415458977222
ImmType= Tangent
RQQueenStrength= 2.42595347482711
RQEnableReQueen= true
AIAdultSlope= 6.59664473310113
AIAdultLD50= 95.4985333463303
AIAdultSlopeContact= 5.57303940341808
AIAdultLD50Contact= 20.2383258780641
AILarvaSlope= 2.80945167504251
AILarvaLD50= 20.5984090469934
AIKOW= 64703.3179783754
AIKOC= 22839.9436064828
AIHalfLife= 9.99967931194696
EAppRate= 8.75674841829832
FoliarEnabled= true
FoliarAppDate= 06/07/1989
FoliarForageBegin= 06/05/1989
FoliarForageEnd= 06/28/1989
AIContactFactor= 1.82562689649407
CL4Pollen= 2.14198357705027
CL4Nectar= 85.7897677924484
CL5Pollen= 2.03466326091439
CL5Nectar= 42.7291655447334
CLDPollen= 0.00425829319283366
CLDNectar= 126.26515153097
CA13Pollen= 6.98647007187828
CA13Nectar= 44.059028159827
CA410Pollen= 5.63789892285131
CA410Nectar= 192.317370553501
CA1120Pollen= 1.65611574961804
CA1120Nectar= 32.6660292595625
IPollenTrips= 13.0642111063935
INectarTrips= 9.58924435311928
IPollenLoad= 7.87012778455392
INectarLoad= 8.53166836779565
