ICQueenStrength= 3.37182684475556
RQWkrDrnRatio= 4.65508359018713
ICDroneMiteSurvivorship= 14.5835851784796
ICWorkerMiteSurvivorship= 32.7571463771164
ICForagerLifespan= 6.85050332266837
ImmType= Tangent
RQQueenStrength= 1.68776791449636
RQEnableReQueen= true
AIAdultSlope= 2.36655713617802
AIAdultLD50= 64.0508728843865
AIAdultSlopeContact= 1.1995448905509
AIAdultLD50Contact= 53.7453106938966
AILarvaSlope= 3.35153988935053
AILarvaLD50= 37.7921081928832
AIKOW= 97124.7258677429
AIKOC= 31810.6619732117
AIHalfLife= 13.9970048708143
EAppRate= 2.17206121430476
FoliarEnabled= true
FoliarAppDate= 06/07/1989
FoliarForageBegin= 06/05/1989
FoliarForageEnd= 06/28/1989
AIContactFactor= 2.35473907140549
CL4Pollen= 3.04204940516502
CL4Nectar= 66.6952509665862
CL5Pollen= 0.557653266470879
CL5Nectar= 123.191266099457
CLDPollen= 2.57236127788201
CLDNectar= 35.3636673884466
CA13Pollen= 4.61467085853219
CA13Nectar= 26.3508279435337
CA410Pollen= 8.5657424027333
CA410Nectar= 121.969578173012
CA1120Pollen= 2.94279442238621
CA1120Nectar= 56.5740835480392
IPollenTrips= 6.47884128149599
INectarTrips= 9.71604113699868
IPollenLoad= 0.385142620652914
INectarLoad= 0.527775543741882
