ICQueenStrength= 3.32507276232354
RQWkrDrnRatio= 2.35448615252972
ICDroneMiteSurvivorship= 94.4130711723119
ICWorkerMiteSurvivorship= 74.1803025593981
ICForagerLifespan= 14.9795537255704
ImmType= Cosine
RQQueenStrength= 2.89572052564472
RQEnableReQueen= true
AIAdultSlope= 5.79980071634054
AIAdultLD50= 0.812545467944583
AIAdultSlopeContact= 4.18423301144503
AIAdultLD50Contact= 2.1865022135321
AILarvaSlope= 7.81554836593568
AILarvaLD50= 28.7506864325418
AIKOW= 46135.3220359202
AIKOC= 55609.4495529984
AIHalfLife= 0.91223065063823
EAppRate= 3.62981302386569
FoliarEnabled= true
FoliarAppDate= 06/07/1989
FoliarForageBegin= 06/05/1989
FoliarForageEnd= 06/28/1989
AIContactFactor= 0.896179232508875
CL4Pollen= 0.859171255491674
CL4Nectar= 18.5904067242518
CL5Pollen= 1.91813858645037
CL5Nectar= 62.055135006085
CLDPollen= 1.26063655642793
CLDNectar= 55.5412455112673
CA13Pollen= 2.21387480739504
CA13Nectar= 47.3038406670094
CA410Pollen= 5.65823919605464
CA410Nectar= 135.4482745938
CA1120Pollen= 0.698435893747956
CA1120Nectar= 75.7450153306127
IPollenTrips= 10.1433888473548
INectarTrips= 9.84322266886011
IPollenLoad= 0.326137561351061
INectarLoad= 6.23787096468732
ESoilP= 1.95542592694983
ESoilFoc= 0.0164584263081197
