ICQueenStrength= 1.40711805340834
RQWkrDrnRatio= 2.37437267787755
ICDroneMiteSurvivorship= 96.819197316654
ICWorkerMiteSurvivorship= 43.999640038237
ICForagerLifespan= 6.66869085747749
ImmType= Exponential
AIAdultSlope= 1.26946213630959
AIAdultLD50= 0.137413822766393
AIAdultSlopeContact= 0.269342720531859
AIAdultLD50Contact= 0.0466649470501579
AILarvaSlope= 0.30040117171593
AILarvaLD50= 0.790435470105149
AIKOW= 2.33481703419238
AIKOC= 10.0316244713031
AIHalfLife= 2.20591167702805
EAppRate= 2.76088709477335
FoliarEnabled= true
