ICQueenStrength= 5.80698122177273
RQWkrDrnRatio= 3.5998346991837
ICDroneMiteSurvivorship= 88.2189858471975
ICWorkerMiteSurvivorship= 44.7069626534358
ICForagerLifespan= 10.7631124928594
ImmType= Tangent
RQQueenStrength= 2.12577252439223
RQEnableReQueen= true
AIAdultSlope= 8.53806025348604
AIAdultLD50= 34.7197841834179
AIAdultSlopeContact= 3.39756235550158
AIAdultLD50Contact= 59.563890270669
AILarvaSlope= 8.35750360973179
AILarvaLD50= 7.15028557571303
AIKOW= 57239.0025401745
AIKOC= 80361.5896896773
AIHalfLife= 18.2805812879698
EAppRate= 1.39750584788062
FoliarEnabled= true
FoliarAppDate= 06/07/1989
FoliarForageBegin= 06/05/1989
FoliarForageEnd= 06/28/1989
AIContactFactor= 2.10657511514612
CL4Pollen= 2.77817417774349
CL4Nectar= 1.22141549363732
CL5Pollen= 2.16342438943684
CL5Nectar= 75.7349942461587
CLDPollen= 5.55131605127826
CLDNectar= 104.943700879812
CA13Pollen= 5.07579644890502
CA13Nectar= 40.4035111144185
CA410Pollen= 9.3826801455114
CA410Nectar= 42.0077828364447
CA1120Pollen= 0.23710842593573
CA1120Nectar= 30.6676917150617
IPollenTrips= 10.3809069190174
INectarTrips= 9.04302331851795
IPollenLoad= 7.70583479432389
INectarLoad= 5.80719701945782
