ICQueenStrength= 4.64577832166106
RQWkrDrnRatio= 2.65284308511764
ICDroneMiteSurvivorship= 56.3274147221819
ICWorkerMiteSurvivorship= 59.7049109870568
ICForagerLifespan= 10.3237067423761
ImmType= Tangent
RQQueenStrength= 5.22035894007422
RQEnableReQueen= true
AIAdultSlope= 4.8951385486871
AIAdultLD50= 93.4760987996648
AIAdultSlopeContact= 7.25009212596342
AIAdultLD50Contact= 18.9351004887698
AILarvaSlope= 8.22896913252771
AILarvaLD50= 8.39178575719427
AIKOW= 42344.9371621626
AIKOC= 82918.8090141171
AIHalfLife= 10.1796853511129
EAppRate= 7.00871882819757
FoliarEnabled= true
FoliarAppDate= 06/07/1989
FoliarForageBegin= 06/05/1989
FoliarForageEnd= 06/28/1989
AIContactFactor= 0.851315783415921
CL4Pollen= 0.420042642392218
CL4Nectar= 39.5973549224436
CL5Pollen= 5.38343075243756
CL5Nectar= 115.561074391007
CLDPollen= 4.89936877554283
CLDNectar= 135.294553090353
CA13Pollen= 3.14717569462955
CA13Nectar= 26.212825961411
CA410Pollen= 7.52309001253452
CA410Nectar= 172.42625631392
CA1120Pollen= 2.30189689784311
CA1120Nectar= 58.2198097743094
IPollenTrips= 7.42874628398567
INectarTrips= 14.6635031700134
IPollenLoad= 5.26369536761194
INectarLoad= 8.38581411633641
