ICQueenStrength= 3.16512538958341
RQWkrDrnRatio= 4.42165816761553
ICDroneMiteSurvivorship= 89.3952416954562
ICWorkerMiteSurvivorship= 9.96511422563344
ICForagerLifespan= 4.32242677826434
ImmType= Polynomial
RQQueenStrength= 3.26475592702627
RQEnableReQueen=true
AIAdultSlope= 3.88277060911059
AIAdultLD50= 0.338804398928536
AIAdultSlopeContact= 5.19447869062424
AIAdultLD50Contact= 8.60738058629632
AILarvaSlope= 2.59836130961776
AILarvaLD50= 80.3785218262342
AIKOW= 2731.09138400348
AIKOC= 95352.397885869
AIHalfLife= 23.0692161654821
EAppRate= 8.73308778951643
FoliarEnabled=true
FoliarAppDate= 07/01/1989
FoliarForageBegin= 07/01/1989
FoliarForageEnd= 07/14/1989
AIContactFactor= 2.05334498061799
CL4Pollen= 0.322454411536455
CL4Nectar= 78.9911345345899
CL5Pollen= 3.77306261099875
CL5Nectar= 57.2287963237613
CLDPollen= 5.89592958893627
CLDNectar= 129.419155768119
CA13Pollen= 2.95079655880108
CA13Nectar= 35.9062957763672
CA410Pollen= 8.51444806160871
CA410Nectar= 56.1443781480193
CA1120Pollen= 0.170631678309292
CA1120Nectar= 48.310798946768
IPollenTrips= 5.55659834295511
INectarTrips= 7.54674090072513
IPollenLoad= 7.22827314166352
INectarLoad= 9.22709279926494
