ICQueenStrength= 2.43264012224972
RQWkrDrnRatio= 2.57747384626418
ICDroneMiteSurvivorship= 36.7229216499254
ICWorkerMiteSurvivorship= 4.57268443424255
ICForagerLifespan= 4.0452911388129
ImmType= Tangent
RQQueenStrength= 4.7907861834392
RQEnableReQueen=true
AIAdultSlope= 8.8930100556463
AIAdultLD50= 0.707066438269569
AIAdultSlopeContact= 1.85491097765043
AIAdultLD50Contact= 94.2169012699004
AILarvaSlope= 1.95038825273514
AILarvaLD50= 23.1776986331015
AIKOW= 29166.1176883904
AIKOC= 35348.6952791368
AIHalfLife= 12.477576337778
EAppRate= 9.1717347369527
FoliarEnabled=true
FoliarAppDate= 07/01/1989
FoliarForageBegin= 07/01/1989
FoliarForageEnd= 07/14/1989
AIContactFactor= 0.278972192141227
CL4Pollen= 0.601137380115688
CL4Nectar= 39.2326869769022
CL5Pollen= 0.869680247269571
CL5Nectar= 41.4936444140039
CLDPollen= 3.28794869128615
CLDNectar= 74.2062935256399
CA13Pollen= 6.97546164346859
CA13Nectar= 46.3889170624316
CA410Pollen= 6.12755934984889
CA410Nectar= 40.0416831020266
CA1120Pollen= 1.38205795758404
CA1120Nectar= 89.5176920853555
IPollenTrips= 5.94082456780598
INectarTrips= 5.95943350112066
IPollenLoad= 9.36558647081256
INectarLoad= 4.7392877121456
