ICQueenStrength= 1.25322757661343
RQWkrDrnRatio= 1.31083541270345
ICDroneMiteSurvivorship= 32.9011391848326
ICWorkerMiteSurvivorship= 42.848909040913
ICForagerLifespan= 10.6631315900013
ImmType= Sine
RQQueenStrength= 4.34497025585733
RQEnableReQueen= true
AIAdultSlope= 2.1390575915575
AIAdultLD50= 74.614951058862
AIAdultSlopeContact= 5.56825045333244
AIAdultLD50Contact= 8.62231568454392
AILarvaSlope= 6.65334605425596
AILarvaLD50= 85.0022394106151
AIKOW= 5674.75641434726
AIKOC= 44856.1140884529
AIHalfLife= 34.6575199706247
EAppRate= 3.99590753158065
FoliarEnabled= true
FoliarAppDate= 06/07/1989
FoliarForageBegin= 06/05/1989
FoliarForageEnd= 06/28/1989
AIContactFactor= 0.344797055004165
CL4Pollen= 1.90443430654705
CL4Nectar= 19.3384788464755
CL5Pollen= 3.67396717937663
CL5Nectar= 41.0095340106636
CLDPollen= 0.342949211597443
CLDNectar= 34.6947943093255
CA13Pollen= 2.96639285683632
CA13Nectar= 82.4157570116222
CA410Pollen= 4.84476918703876
CA410Nectar= 49.5644055400044
CA1120Pollen= 1.51608855254017
CA1120Nectar= 25.7285077869892
IPollenTrips= 13.5828602639958
INectarTrips= 11.2493446120061
IPollenLoad= 7.24587435368448
INectarLoad= 6.81236833101138
ESoilP= 1.77787025878206
ESoilFoc= 0.0141436829732265
