ICQueenStrength= 4.65531577030197
RQWkrDrnRatio= 1.69771395530552
ICDroneMiteSurvivorship= 11.0407760366797
ICWorkerMiteSurvivorship= 80.4628906073049
ICForagerLifespan= 4.89833638444543
ImmType= Cosine
RQQueenStrength= 5.20308716362342
RQEnableReQueen= true
AIAdultSlope= 4.28122849389911
AIAdultLD50= 0.581722981157014
AIAdultSlopeContact= 4.52007590793073
AIAdultLD50Contact= 64.4519262466137
AILarvaSlope= 1.78845693729818
AILarvaLD50= 49.3730199136729
AIKOW= 56792.8846826117
AIKOC= 78823.7919612566
AIHalfLife= 20.3893467513379
EAppRate= 5.99128754368983
FoliarEnabled= true
FoliarAppDate= 09/01/1989
FoliarForageBegin= 09/01/1989
FoliarForageEnd= 09/08/1989
AIContactFactor= 0.505105145517737
CL4Pollen= 1.25400865171105
CL4Nectar= 19.7604505810887
CL5Pollen= 4.72952160704881
CL5Nectar= 64.4450063584372
CLDPollen= 0.714380011428148
CLDNectar= 74.9922469491139
CA13Pollen= 2.20190201029181
CA13Nectar= 44.7569192759693
CA410Pollen= 4.45807378182653
CA410Nectar= 88.279523071833
CA1120Pollen= 0.363692248240113
CA1120Nectar= 91.4852845109999
IPollenTrips= 7.65457407571375
INectarTrips= 7.9542978736572
IPollenLoad= 1.2849399424158
INectarLoad= 5.29696943704039
