ICQueenStrength= 4.77429865999147
RQWkrDrnRatio= 3.54771761503071
ICDroneMiteSurvivorship= 64.2701195552945
ICWorkerMiteSurvivorship= 1.3992972439155
ICForagerLifespan= 7.03148387558758
ImmType= Cosine
AIAdultSlope= 1.6679153309064
AIAdultLD50= 0.169069527927786
AIAdultSlopeContact= 2.97763870590599
AIAdultLD50Contact= 0.0293551561888307
AILarvaSlope= 0.893939757626504
AILarvaLD50= 0.403134468686767
AIKOW= 2.83721682336181
AIKOC= 6.53346929582767
AIHalfLife= 1.99642428692896
EAppRate= 0.451349371578544
FoliarEnabled= true
