ICQueenStrength= 4.65908891428262
RQWkrDrnRatio= 1.98593495413661
ICDroneMiteSurvivorship= 78.3761303406209
ICWorkerMiteSurvivorship= 60.8170928200707
ICForagerLifespan= 15.0938350660726
ImmType= Exponential
RQQueenStrength= 4.54001163621433
RQEnableReQueen= true
AIAdultSlope= 1.78103583492339
AIAdultLD50= 75.2586864032675
AIAdultSlopeContact= 7.03528665634803
AIAdultLD50Contact= 19.2365042866245
AILarvaSlope= 5.65633398108184
AILarvaLD50= 51.7696021358785
AIKOW= 46245.1383675308
AIKOC= 75816.4855848118
AIHalfLife= 13.2276201591361
EAppRate= 8.44863873236533
FoliarEnabled= true
FoliarAppDate= 06/07/1989
FoliarForageBegin= 06/05/1989
FoliarForageEnd= 06/28/1989
AIContactFactor= 0.69310528206639
CL4Pollen= 1.11419849190861
CL4Nectar= 76.0486915241927
CL5Pollen= 4.26467934669927
CL5Nectar= 101.229749259073
CLDPollen= 4.74009947665036
CLDNectar= 50.7202757173218
CA13Pollen= 4.36916784411296
CA13Nectar= 97.5378085486591
CA410Pollen= 8.36452801490668
CA410Nectar= 25.3170925471932
CA1120Pollen= 0.461674493271858
CA1120Nectar= 59.4582277722657
IPollenTrips= 13.9062303584069
INectarTrips= 11.6117643029429
IPollenLoad= 2.53682950511575
INectarLoad= 5.16884761163965
ESoilP= 1.49069685186259
ESoilFoc= 0.00593026330857538
