ICQueenStrength= 2.08337816782296
RQWkrDrnRatio= 3.68371221702546
ICDroneMiteSurvivorship= 90.5783966416493
ICWorkerMiteSurvivorship= 11.7387619800866
ICForagerLifespan= 9.62511298805475
ImmType= Tangent
AIAdultSlope= 1.95525017954176
AIAdultLD50= 0.12989763058722
AIAdultSlopeContact= 0.0715755862835795
AIAdultLD50Contact= 0.0298337526503019
AILarvaSlope= 1.20582156204619
AILarvaLD50= 0.545257213991135
AIKOW= 4.25506011582911
AIKOC= 20.5159821908455
AIHalfLife= 2.60796503904276
EAppRate= 0.163234975188971
FoliarEnabled= true
