ICQueenStrength= 5.29201135179028
RQWkrDrnRatio= 2.74488524533808
ICDroneMiteSurvivorship= 8.55055970605463
ICWorkerMiteSurvivorship= 22.249780735001
ICForagerLifespan= 11.4843366649002
ImmType= Tangent
RQQueenStrength= 1.67118785111234
RQEnableReQueen= true
AIAdultSlope= 7.69553861580789
AIAdultLD50= 41.7664528677277
AIAdultSlopeContact= 7.69029903761111
AIAdultLD50Contact= 71.319736312205
AILarvaSlope= 2.81819239258766
AILarvaLD50= 2.23500726661994
AIKOW= 4204.49982487088
AIKOC= 87553.6850584908
AIHalfLife= 11.4530412437627
EAppRate= 7.13478660044656
FoliarEnabled= true
FoliarAppDate= 06/07/1989
FoliarForageBegin= 06/05/1989
FoliarForageEnd= 06/28/1989
AIContactFactor= 1.00210687119048
CL4Pollen= 1.50823382940143
CL4Nectar= 78.3106823684648
CL5Pollen= 5.2914203312248
CL5Nectar= 130.525489174761
CLDPollen= 5.49595753289759
CLDNectar= 79.6216996503063
CA13Pollen= 4.60707618929446
CA13Nectar= 55.3975935839117
CA410Pollen= 7.12370614360552
CA410Nectar= 132.75230597239
CA1120Pollen= 1.30481426627375
CA1120Nectar= 59.2515222169459
IPollenTrips= 7.41308553144336
INectarTrips= 5.78826338984072
IPollenLoad= 7.13748804526404
INectarLoad= 3.95579279167578
