ICQueenStrength= 1.35013949032873
RQWkrDrnRatio= 2.31545722298324
ICDroneMiteSurvivorship= 79.3301001656801
ICWorkerMiteSurvivorship= 39.3963368842378
ICForagerLifespan= 9.26431834697723
ImmType= Tangent
RQQueenStrength= 5.86395330750383
RQEnableReQueen= true
AIAdultSlope= 2.82096239924431
AIAdultLD50= 88.2810334048271
AIAdultSlopeContact= 2.708407048136
AIAdultLD50Contact= 4.27147558655869
AILarvaSlope= 7.25825467519462
AILarvaLD50= 71.2615940760539
AIKOW= 92220.5816817552
AIKOC= 82103.4565703883
AIHalfLife= 3.30044923748355
EAppRate= 2.2588267156675
FoliarEnabled= true
FoliarAppDate= 06/07/1989
FoliarForageBegin= 06/05/1989
FoliarForageEnd= 06/28/1989
AIContactFactor= 1.33813925127964
CL4Pollen= 2.3061878234148
CL4Nectar= 89.7308220854029
CL5Pollen= 2.6444702767767
CL5Nectar= 94.9767190497369
CLDPollen= 3.51811080705374
CLDNectar= 70.6532171345316
CA13Pollen= 4.00580723984167
CA13Nectar= 93.5929056629539
CA410Pollen= 5.55741338289809
CA410Nectar= 84.9244811292738
CA1120Pollen= 0.685940914554521
CA1120Nectar= 49.9928367324173
IPollenTrips= 12.804951206781
INectarTrips= 10.7892204355448
IPollenLoad= 1.5140112512745
INectarLoad= 5.89741591364145
