ICQueenStrength= 3.76534636504948
RQWkrDrnRatio= 1.65415238216519
ICDroneMiteSurvivorship= 59.6204234985635
ICWorkerMiteSurvivorship= 10.8144013211131
ICForagerLifespan= 13.5680884523317
ImmType= Logarithmic
RQQueenStrength= 4.45005449955352
RQEnableReQueen= true
AIAdultSlope= 7.95872905664146
AIAdultLD50= 0.468149132014485
AIAdultSlopeContact= 2.69994038087316
AIAdultLD50Contact= 42.4634395402779
AILarvaSlope= 3.9981670640409
AILarvaLD50= 55.0131438742578
AIKOW= 43700.8250691728
AIKOC= 67572.0669988182
AIHalfLife= 26.4247327685822
EAppRate= 6.82463325700397
FoliarEnabled= true
FoliarAppDate= 09/01/1989
FoliarForageBegin= 09/01/1989
FoliarForageEnd= 09/08/1989
AIContactFactor= 0.670343046328053
CL4Pollen= 0.0302718114107847
CL4Nectar= 27.1314318059012
CL5Pollen= 1.22215720871463
CL5Nectar= 36.9920255849138
CLDPollen= 5.9373382050544
CLDNectar= 18.7885744613595
CA13Pollen= 3.62748599033803
CA13Nectar= 83.5017216205597
CA410Pollen= 8.25324207022786
CA410Nectar= 43.0591209698468
CA1120Pollen= 1.88950178073719
CA1120Nectar= 54.2129341140389
IPollenTrips= 7.15131252072752
INectarTrips= 8.58949295245111
IPollenLoad= 0.300533042754978
INectarLoad= 7.52972002374008
