ICQueenStrength= 3.56555021740496
RQWkrDrnRatio= 2.51507550105453
ICDroneMiteSurvivorship= 77.6273159077391
ICWorkerMiteSurvivorship= 15.2259550290182
ICForagerLifespan= 13.005308907479
ImmType= Tangent
RQQueenStrength= 2.71713120653294
RQEnableReQueen= true
AIAdultSlope= 6.83077995851636
AIAdultLD50= 44.9001879064774
AIAdultSlopeContact= 7.57436012756079
AIAdultLD50Contact= 23.3293818568124
AILarvaSlope= 7.37810004130006
AILarvaLD50= 44.7259978214411
AIKOW= 39227.5342022949
AIKOC= 53270.0617694377
AIHalfLife= 9.58702280330472
EAppRate= 5.84400581764663
FoliarEnabled= true
FoliarAppDate= 06/07/1989
FoliarForageBegin= 06/05/1989
FoliarForageEnd= 06/28/1989
AIContactFactor= 1.09536900803447
CL4Pollen= 2.09882071986794
CL4Nectar= 75.7213114295155
CL5Pollen= 1.65411808015779
CL5Nectar= 117.733157181647
CLDPollen= 0.818696516565979
CLDNectar= 71.8063922482543
CA13Pollen= 8.14011859130114
CA13Nectar= 97.0761911943555
CA410Pollen= 8.18350502843969
CA410Nectar= 177.273055738769
CA1120Pollen= 1.32652150816284
CA1120Nectar= 30.8352979645133
IPollenTrips= 11.6670372989029
INectarTrips= 7.68856680253521
IPollenLoad= 2.10415200097486
INectarLoad= 1.29873506492004
