ICQueenStrength= 5.63669186807238
RQWkrDrnRatio= 4.65237638168037
ICDroneMiteSurvivorship= 16.3826097967103
ICWorkerMiteSurvivorship= 97.2563353832811
ICForagerLifespan= 9.99145515263081
ImmType= Sine
RQQueenStrength= 2.95793184335344
RQEnableReQueen= true
AIAdultSlope= 4.76522570475936
AIAdultLD50= 16.1724509675568
AIAdultSlopeContact= 1.99726111791097
AIAdultLD50Contact= 73.1245534269102
AILarvaSlope= 1.37421620264649
AILarvaLD50= 7.58665293984232
AIKOW= 86613.6512601267
AIKOC= 78958.1886138662
AIHalfLife= 17.3014576640446
EAppRate= 5.8881063041084
FoliarEnabled= true
FoliarAppDate= 06/07/1989
FoliarForageBegin= 06/05/1989
FoliarForageEnd= 06/28/1989
AIContactFactor= 0.814920500377193
CL4Pollen= 2.12935869581997
CL4Nectar= 99.4507142109796
CL5Pollen= 1.91912015900016
CL5Nectar= 17.470801086165
CLDPollen= 5.03531154384837
CLDNectar= 23.6713922931813
CA13Pollen= 5.14702312676236
CA13Nectar= 29.502264522016
CA410Pollen= 4.55598433350679
CA410Nectar= 158.234163122252
CA1120Pollen= 2.79264959483407
CA1120Nectar= 29.9770276620984
IPollenTrips= 14.6588929626159
INectarTrips= 13.8016959372908
IPollenLoad= 6.92614560481161
INectarLoad= 0.204716916196048
