ICQueenStrength= 5.61241898825392
RQWkrDrnRatio= 4.7034131065011
ICDroneMiteSurvivorship= 62.0656003011391
ICWorkerMiteSurvivorship= 36.4683332154527
ICForagerLifespan= 15.5267688417807
ImmType= Cosine
AIAdultSlope= 3.58358621109975
AIAdultLD50= 0.123405712144449
AIAdultSlopeContact= 0.219991600792855
AIAdultLD50Contact= 0.00503179952502251
AILarvaSlope= 1.1722617873922
AILarvaLD50= 0.151040766946971
AIKOW= 3.56614650506526
AIKOC= 19.2835888371337
AIHalfLife= 0.56849677497521
EAppRate= 0.255073364824057
FoliarEnabled= true
