ICQueenStrength= 4.39977159863338
RQWkrDrnRatio= 3.60297846421599
ICDroneMiteSurvivorship= 41.3911783136427
ICWorkerMiteSurvivorship= 6.34769550524652
ICForagerLifespan= 5.01429017446935
ImmType= Logarithmic
RQQueenStrength= 2.95608517853543
RQEnableReQueen= true
AIAdultSlope= 5.79623219184577
AIAdultLD50= 77.6639338900168
AIAdultSlopeContact= 7.97490488132462
AIAdultLD50Contact= 7.39532701675617
AILarvaSlope= 5.57506738603115
AILarvaLD50= 81.1595557022404
AIKOW= 77498.606537533
AIKOC= 42555.5430458188
AIHalfLife= 3.20392307383008
EAppRate= 1.18988607161422
FoliarEnabled= true
FoliarAppDate= 06/07/1989
FoliarForageBegin= 06/05/1989
FoliarForageEnd= 06/28/1989
AIContactFactor= 0.971686011403799
CL4Pollen= 1.67393758613616
CL4Nectar= 60.1682500913739
CL5Pollen= 4.99224347574636
CL5Nectar= 2.10685234051198
CLDPollen= 3.15387771651149
CLDNectar= 112.887697352562
CA13Pollen= 5.13375288089737
CA13Nectar= 45.258060246706
CA410Pollen= 6.4250146842096
CA410Nectar= 44.9532224610448
CA1120Pollen= 0.299008197616786
CA1120Nectar= 51.2913243472576
IPollenTrips= 13.1928000668995
INectarTrips= 11.0570044978522
IPollenLoad= 2.20547233708203
INectarLoad= 9.98492031591013
