ICQueenStrength= 4.3747509715613
RQWkrDrnRatio= 3.54538691788912
ICDroneMiteSurvivorship= 84.1213239589706
ICWorkerMiteSurvivorship= 38.1469623185694
ICForagerLifespan= 6.69872457999736
ImmType= Tangent
RQQueenStrength= 3.05161146004684
RQEnableReQueen= true
AIAdultSlope= 5.37644529901445
AIAdultLD50= 39.1406943354323
AIAdultSlopeContact= 6.25655230274424
AIAdultLD50Contact= 3.10927246852661
AILarvaSlope= 5.09050728566945
AILarvaLD50= 13.9882591583491
AIKOW= 72837.6974971316
AIKOC= 65315.2113815828
AIHalfLife= 21.4516373591265
EAppRate= 9.67427701245737
FoliarEnabled= true
FoliarAppDate= 06/07/1989
FoliarForageBegin= 06/05/1989
FoliarForageEnd= 06/28/1989
AIContactFactor= 0.40135038072709
CL4Pollen= 3.93994015268981
CL4Nectar= 54.3788936687633
CL5Pollen= 4.27159502450377
CL5Nectar= 85.488029953558
CLDPollen= 5.80232971580699
CLDNectar= 143.000357528217
CA13Pollen= 3.07998960819095
CA13Nectar= 52.083455324173
CA410Pollen= 3.92125121739227
CA410Nectar= 150.811380930245
CA1120Pollen= 2.71755041624419
CA1120Nectar= 77.3330299369991
IPollenTrips= 9.54055251786485
INectarTrips= 9.54177192877978
IPollenLoad= 2.31556234415621
INectarLoad= 6.37893609469756
ESoilP= 1.68333759717643
ESoilFoc= 0.0121076498806942
