ICQueenStrength= 3.16075463569723
RQWkrDrnRatio= 3.26139817852527
ICDroneMiteSurvivorship= 38.87682154309
ICWorkerMiteSurvivorship= 14.6337275160477
ICForagerLifespan= 10.5987007636577
ImmType= Logarithmic
RQQueenStrength= 4.5489864484407
RQEnableReQueen= true
AIAdultSlope= 6.93187456764281
AIAdultLD50= 70.1193294203521
AIAdultSlopeContact= 8.10441701160744
AIAdultLD50Contact= 39.8910631623575
AILarvaSlope= 2.4894257877022
AILarvaLD50= 91.7309982596133
AIKOW= 61775.948995982
AIKOC= 37583.1338369281
AIHalfLife= 13.2830782984383
EAppRate= 3.97403729383694
FoliarEnabled= true
FoliarAppDate= 06/07/1989
FoliarForageBegin= 06/05/1989
FoliarForageEnd= 06/28/1989
AIContactFactor= 2.37227913673967
CL4Pollen= 0.124604287557304
CL4Nectar= 70.4571392619982
CL5Pollen= 1.5395400901325
CL5Nectar= 59.8382395226508
CLDPollen= 0.479186493437737
CLDNectar= 74.0135681116953
CA13Pollen= 2.7378623441793
CA13Nectar= 23.8211443275213
CA410Pollen= 6.75168157087173
CA410Nectar= 147.041535908356
CA1120Pollen= 1.73484691092744
CA1120Nectar= 98.5018266364932
IPollenTrips= 13.066497836262
INectarTrips= 12.3741211462766
IPollenLoad= 4.41183033166453
INectarLoad= 5.8891865494661
ESoilP= 1.33006885927171
ESoilFoc= 0.00740498047531582
