ICQueenStrength= 1.41289053973742
RQWkrDrnRatio= 1.51061314530671
ICDroneMiteSurvivorship= 56.5183041384444
ICWorkerMiteSurvivorship= 35.3548894636333
ICForagerLifespan= 5.24224392697215
ImmType= Exponential
RQQueenStrength= 1.73384672519751
RQEnableReQueen= true
AIAdultSlope= 6.36732361465693
AIAdultLD50= 1.76681625314685
AIAdultSlopeContact= 5.10701637039892
AIAdultLD50Contact= 55.3234953341198
AILarvaSlope= 1.74717262946069
AILarvaLD50= 99.3415839222814
AIKOW= 59434.0993610498
AIKOC= 80348.1302107268
AIHalfLife= 15.1099213165464
EAppRate= 0.812814326683758
FoliarEnabled= true
FoliarAppDate= 06/07/1989
FoliarForageBegin= 06/05/1989
FoliarForageEnd= 06/28/1989
AIContactFactor= 1.74272813111078
CL4Pollen= 1.26910117641091
CL4Nectar= 34.3333261320367
CL5Pollen= 0.710215563420206
CL5Nectar= 69.4551110034809
CLDPollen= 5.65363484015688
CLDNectar= 78.6650075577199
CA13Pollen= 2.86243464592844
CA13Nectar= 51.0802619159222
CA410Pollen= 3.37128858179785
CA410Nectar= 104.446716569364
CA1120Pollen= 2.16993536800146
CA1120Nectar= 76.3725491426885
IPollenTrips= 11.6508304141462
INectarTrips= 6.3017474161461
IPollenLoad= 2.33312108553946
INectarLoad= 1.09452562406659
