ICQueenStrength= 4.46332624088973
RQWkrDrnRatio= 4.64390162937343
ICDroneMiteSurvivorship= 85.8599363593385
ICWorkerMiteSurvivorship= 65.5443352181464
ICForagerLifespan= 12.5413657948375
ImmType= Sine
RQQueenStrength= 2.02762450347655
RQEnableReQueen= true
AIAdultSlope= 7.62320871278644
AIAdultLD50= 92.2872819849357
AIAdultSlopeContact= 8.21812049113214
AIAdultLD50Contact= 74.5032729317993
AILarvaSlope= 2.46996155567467
AILarvaLD50= 15.5078437521048
AIKOW= 4880.43209853289
AIKOC= 20545.991057955
AIHalfLife= 27.6604667354375
EAppRate= 2.54933744092425
FoliarEnabled= true
FoliarAppDate= 06/07/1989
FoliarForageBegin= 06/05/1989
FoliarForageEnd= 06/28/1989
AIContactFactor= 0.376772596021183
CL4Pollen= 2.68573807831854
CL4Nectar= 77.4150117998943
CL5Pollen= 1.04624298401177
CL5Nectar= 125.728923291899
CLDPollen= 2.63902707025409
CLDNectar= 91.4330292027444
CA13Pollen= 5.59015381736681
CA13Nectar= 41.0695159807801
CA410Pollen= 3.02654937668704
CA410Nectar= 78.5619105724618
CA1120Pollen= 1.98303352296352
CA1120Nectar= 93.8048578426242
IPollenTrips= 9.90665946854278
INectarTrips= 6.63668284891173
IPollenLoad= 6.3577689230442
INectarLoad= 6.33804503595456
ESoilP= 1.46650078264065
ESoilFoc= 0.0167584793311544
