ICQueenStrength= 3.43407665984705
RQWkrDrnRatio= 3.43632030580193
ICDroneMiteSurvivorship= 33.5881840903312
ICWorkerMiteSurvivorship= 32.8666368033737
ICForagerLifespan= 7.29810322169214
ImmType= Cosine
RQQueenStrength= 3.58930607582442
RQEnableReQueen= true
AIAdultSlope= 8.2078802883625
AIAdultLD50= 61.0121428110779
AIAdultSlopeContact= 5.5574203596916
AIAdultLD50Contact= 29.0091550126825
AILarvaSlope= 2.04001864045858
AILarvaLD50= 45.7809390766132
AIKOW= 50302.728695054
AIKOC= 31548.7763115836
AIHalfLife= 33.7389450412011
EAppRate= 6.69627980536944
FoliarEnabled= true
FoliarAppDate= 06/07/1989
FoliarForageBegin= 06/05/1989
FoliarForageEnd= 06/28/1989
AIContactFactor= 0.534664082475938
CL4Pollen= 1.80615343805403
CL4Nectar= 52.8588715242222
CL5Pollen= 2.31275166710839
CL5Nectar= 104.197438457049
CLDPollen= 1.66618061391637
CLDNectar= 42.9518161690794
CA13Pollen= 4.93501318879425
CA13Nectar= 54.2203359678388
CA410Pollen= 3.50425713967998
CA410Nectar= 27.5597197748721
CA1120Pollen= 2.83827833714895
CA1120Nectar= 46.3658889755607
IPollenTrips= 12.9538014298305
INectarTrips= 10.3482184908353
IPollenLoad= 2.61424463009462
INectarLoad= 7.40749739808962
