ICQueenStrength= 4.30831929668784
RQWkrDrnRatio= 2.01924708951265
ICDroneMiteSurvivorship= 5.1941029028967
ICWorkerMiteSurvivorship= 75.7522703381255
ICForagerLifespan= 8.73688560351729
ImmType= Logarithmic
RQQueenStrength= 2.8080979892984
RQEnableReQueen=true
AIAdultSlope= 1.67183393239975
AIAdultLD50= 0.795968788574683
AIAdultSlopeContact= 5.31871186685748
AIAdultLD50Contact= 47.967123919483
AILarvaSlope= 3.7698491178453
AILarvaLD50= 73.6597240477686
AIKOW= 24280.8148546949
AIKOC= 65385.4737750832
AIHalfLife= 14.7580708624097
EAppRate= 1.35494856691384
FoliarEnabled=true
FoliarAppDate= 07/01/1989
FoliarForageBegin= 07/01/1989
FoliarForageEnd= 07/14/1989
AIContactFactor= 1.86831161617301
CL4Pollen= 0.170247009955347
CL4Nectar= 36.5701032569632
CL5Pollen= 1.62024659151211
CL5Nectar= 30.6078977999277
CLDPollen= 5.82559427898377
CLDNectar= 2.03986434498802
CA13Pollen= 3.58488341821358
CA13Nectar= 78.0714342743158
CA410Pollen= 9.43503029223066
CA410Nectar= 195.497720390558
CA1120Pollen= 0.427525045350194
CA1120Nectar= 98.6167869158089
IPollenTrips= 8.11404468491673
INectarTrips= 6.82409467641264
IPollenLoad= 2.00373913394287
INectarLoad= 3.99488236289471
