ICQueenStrength= 5.61693967110477
RQWkrDrnRatio= 1.98990706074983
ICDroneMiteSurvivorship= 3.13419802114367
ICWorkerMiteSurvivorship= 72.3334528040141
ICForagerLifespan= 6.31445815693587
ImmType= Polynomial
RQQueenStrength= 3.52648922032677
RQEnableReQueen= true
AIAdultSlope= 6.27876512147486
AIAdultLD50= 20.9128484132849
AIAdultSlopeContact= 4.51536809257232
AIAdultLD50Contact= 1.9577326312263
AILarvaSlope= 7.40049344301224
AILarvaLD50= 10.2772130171987
AIKOW= 7714.96834608802
AIKOC= 91473.1766860781
AIHalfLife= 23.6069492784794
EAppRate= 4.49915471750824
FoliarEnabled= true
FoliarAppDate= 06/07/1989
FoliarForageBegin= 06/05/1989
FoliarForageEnd= 06/28/1989
AIContactFactor= 0.835986630450934
CL4Pollen= 1.99221472814679
CL4Nectar= 94.1257317084819
CL5Pollen= 4.37493393709883
CL5Nectar= 1.91588471643627
CLDPollen= 4.23374582407996
CLDNectar= 96.6591278091073
CA13Pollen= 2.57260134378448
CA13Nectar= 99.3675735406578
CA410Pollen= 2.75694033636246
CA410Nectar= 171.324216173962
CA1120Pollen= 2.93353065778501
CA1120Nectar= 79.1679841093719
IPollenTrips= 12.0415548281744
INectarTrips= 10.6522129336372
IPollenLoad= 3.41192116960883
INectarLoad= 1.49049866944551
