ICQueenStrength= 1.45106181642041
RQWkrDrnRatio= 2.10472530592233
ICDroneMiteSurvivorship= 45.6806753994897
ICWorkerMiteSurvivorship= 46.6452848631889
ICForagerLifespan= 4.95406434778124
ImmType= Tangent
RQQueenStrength= 3.33410109882243
RQEnableReQueen= true
AIAdultSlope= 5.45679960213602
AIAdultLD50= 0.280539980950533
AIAdultSlopeContact= 4.76195566239767
AIAdultLD50Contact= 31.4040167733347
AILarvaSlope= 3.58548535220325
AILarvaLD50= 18.0130962854985
AIKOW= 74514.2925870672
AIKOC= 5185.03091592272
AIHalfLife= 6.80359363153111
EAppRate= 3.54504611781985
FoliarEnabled= true
FoliarAppDate= 09/01/1989
FoliarForageBegin= 09/01/1989
FoliarForageEnd= 09/08/1989
AIContactFactor= 1.35055312257726
CL4Pollen= 1.0542956283316
CL4Nectar= 8.57619817834347
CL5Pollen= 2.99241933692247
CL5Nectar= 20.6193236983381
CLDPollen= 4.25441309809685
CLDNectar= 31.3418900244869
CA13Pollen= 5.88730349699035
CA13Nectar= 34.9138537421823
CA410Pollen= 8.72175164930522
CA410Nectar= 135.381469819695
CA1120Pollen= 2.23518981970847
CA1120Nectar= 60.0948686152697
IPollenTrips= 9.39131990075111
INectarTrips= 13.8124819262885
IPollenLoad= 8.98434384725988
INectarLoad= 9.36528934864327
