ICQueenStrength= 4.10957457055338
RQWkrDrnRatio= 3.4246235517785
ICDroneMiteSurvivorship= 42.7735871169716
ICWorkerMiteSurvivorship= 50.5610316526145
ICForagerLifespan= 13.2911966368556
ImmType= Polynomial
RQQueenStrength= 3.30421415995806
RQEnableReQueen= true
AIAdultSlope= 8.64522316865623
AIAdultLD50= 28.7681394991714
AIAdultSlopeContact= 9.99519162066281
AIAdultLD50Contact= 18.8253483408145
AILarvaSlope= 1.11812139675021
AILarvaLD50= 63.3824731983542
AIKOW= 42123.2090932072
AIKOC= 67342.9538783331
AIHalfLife= 2.51035511440132
EAppRate= 5.87376902344357
FoliarEnabled= true
FoliarAppDate= 06/07/1989
FoliarForageBegin= 06/05/1989
FoliarForageEnd= 06/28/1989
AIContactFactor= 1.7610804614285
CL4Pollen= 2.26525093708187
CL4Nectar= 28.7892534630373
CL5Pollen= 0.70313273370266
CL5Nectar= 142.387804063037
CLDPollen= 5.45037063024938
CLDNectar= 21.4482031529769
CA13Pollen= 2.92338853031397
CA13Nectar= 95.3513705357909
CA410Pollen= 5.93090315922163
CA410Nectar= 176.785537595861
CA1120Pollen= 2.68381920154206
CA1120Nectar= 21.2833133526146
IPollenTrips= 6.9157665129751
INectarTrips= 11.5324017382227
IPollenLoad= 9.5647504972294
INectarLoad= 5.15306513989344
ESoilP= 1.85495016607456
ESoilFoc= 0.0153575305424165
