ICQueenStrength= 5.35183938359842
RQWkrDrnRatio= 4.29062589257956
ICDroneMiteSurvivorship= 73.3518432360142
ICWorkerMiteSurvivorship= 90.04023631569
ICForagerLifespan= 12.7383976476267
ImmType= Cosine
AIAdultSlope= 0.607733937583398
AIAdultLD50= 0.125898107886314
AIAdultSlopeContact= 1.2067224550643
AIAdultLD50Contact= 0.0372466995962895
AILarvaSlope= 3.29393400433473
AILarvaLD50= 0.210783867468126
AIKOW= 4.96936128288507
AIKOC= 12.3141253960785
AIHalfLife= 0.416583170811646
EAppRate= 5.45163906412199
FoliarEnabled= true
