ICQueenStrength= 1.59187577106059
RQWkrDrnRatio= 3.04603357054293
ICDroneMiteSurvivorship= 93.7614817870781
ICWorkerMiteSurvivorship= 39.6563398186117
ICForagerLifespan= 12.911507492885
ImmType= Cosine
RQQueenStrength= 1.73926374316216
RQEnableReQueen=true
AIAdultSlope= 2.02454504184425
AIAdultLD50= 0.489798448623624
AIAdultSlopeContact= 6.35265862615779
AIAdultLD50Contact= 48.3774807053835
AILarvaSlope= 6.35471598617733
AILarvaLD50= 5.32358788456791
AIKOW= 47116.4701537475
AIKOC= 51184.242461293
AIHalfLife= 27.246831954876
EAppRate= 5.74430538334861
FoliarEnabled=true
FoliarAppDate= 07/01/1989
FoliarForageBegin= 07/01/1989
FoliarForageEnd= 07/14/1989
AIContactFactor= 2.11835022172425
CL4Pollen= 2.78458194900304
CL4Nectar= 21.2560579879209
CL5Pollen= 4.32602862082422
CL5Nectar= 136.981107573956
CLDPollen= 5.92679670453072
CLDNectar= 143.178232025821
CA13Pollen= 7.0345518480055
CA13Nectar= 29.0405854769051
CA410Pollen= 7.88982455197256
CA410Nectar= 132.69043491222
CA1120Pollen= 1.28204301302321
CA1120Nectar= 28.1458500213921
IPollenTrips= 5.67158914171159
INectarTrips= 7.3968395520933
IPollenLoad= 9.6873888024129
INectarLoad= 9.97608585515991
