ICQueenStrength= 5.06458897283301
RQWkrDrnRatio= 1.48733156453818
ICDroneMiteSurvivorship= 94.1768558463082
ICWorkerMiteSurvivorship= 30.6994611164555
ICForagerLifespan= 13.0905469227582
ImmType= Cosine
RQQueenStrength= 3.35099889920093
RQEnableReQueen= true
AIAdultSlope= 7.63134589418769
AIAdultLD50= 88.4606095072823
AIAdultSlopeContact= 2.03064227779396
AIAdultLD50Contact= 36.0698674586003
AILarvaSlope= 1.43120441399515
AILarvaLD50= 21.1590889434349
AIKOW= 83659.9881569814
AIKOC= 20062.467787694
AIHalfLife= 7.93862568091135
EAppRate= 8.22272273970582
FoliarEnabled= true
FoliarAppDate= 06/07/1989
FoliarForageBegin= 06/05/1989
FoliarForageEnd= 06/28/1989
AIContactFactor= 1.71925775874872
CL4Pollen= 0.292617917992175
CL4Nectar= 31.0472741024569
CL5Pollen= 2.73157032765448
CL5Nectar= 27.1237782435492
CLDPollen= 5.31444805394858
CLDNectar= 87.2109933989123
CA13Pollen= 7.97706684684381
CA13Nectar= 29.0625200793147
CA410Pollen= 2.60554142417386
CA410Nectar= 198.935815342702
CA1120Pollen= 2.36859080381691
CA1120Nectar= 29.5924757607281
IPollenTrips= 10.1230841572396
INectarTrips= 9.31842910125852
IPollenLoad= 9.3072279333137
INectarLoad= 9.66935115400702
ESoilP= 1.63692690082826
ESoilFoc= 0.00279033353785053
