ICQueenStrength= 2.03400859748945
RQWkrDrnRatio= 2.33058384805918
ICDroneMiteSurvivorship= 70.0453008990735
ICWorkerMiteSurvivorship= 87.1229293290526
ICForagerLifespan= 7.02548841480166
ImmType= Sine
RQQueenStrength= 4.21061956114136
RQEnableReQueen= true
AIAdultSlope= 1.98725692182779
AIAdultLD50= 0.075471592849819
AIAdultSlopeContact= 3.42349798185751
AIAdultLD50Contact= 94.3636802212596
AILarvaSlope= 5.80424323119223
AILarvaLD50= 63.0643794752392
AIKOW= 33783.928220996
AIKOC= 4660.08772118972
AIHalfLife= 22.6383425550768
EAppRate= 0.645964930128306
FoliarEnabled= true
FoliarAppDate= 09/01/1989
FoliarForageBegin= 09/01/1989
FoliarForageEnd= 09/08/1989
AIContactFactor= 1.28185551429633
CL4Pollen= 1.13186197541654
CL4Nectar= 62.9345840075985
CL5Pollen= 4.50317802233621
CL5Nectar= 45.5813629087061
CLDPollen= 1.82703155698255
CLDNectar= 102.977811545134
CA13Pollen= 6.6121532458812
CA13Nectar= 20.5080505087972
CA410Pollen= 3.70166481451597
CA410Nectar= 102.764197699726
CA1120Pollen= 1.70280715730041
CA1120Nectar= 27.9773250781
IPollenTrips= 12.6028690999374
INectarTrips= 14.3051382619888
IPollenLoad= 6.02376899449155
INectarLoad= 0.11600689496845
