ICQueenStrength= 4.58100170502439
RQWkrDrnRatio= 4.67094075214118
ICDroneMiteSurvivorship= 67.6096613286063
ICWorkerMiteSurvivorship= 18.6684734420851
ICForagerLifespan= 4.28044724836946
ImmType= Exponential
AIAdultSlope= 2.53459087613504
AIAdultLD50= 0.138124912790954
AIAdultSlopeContact= 3.77203513550805
AIAdultLD50Contact= 0.00101065166527405
AILarvaSlope= 2.34296451290138
AILarvaLD50= 0.844464518688619
AIKOW= 5.0976895801723
AIKOC= 18.4678115893621
AIHalfLife= 1.39534816625528
EAppRate= 2.8463127813302
FoliarEnabled= true
