ICQueenStrength= 4.10444371076301
RQWkrDrnRatio= 4.46689718402922
ICDroneMiteSurvivorship= 98.2073957100511
ICWorkerMiteSurvivorship= 46.2006083456799
ICForagerLifespan= 9.69577107112855
ImmType= Cosine
RQQueenStrength= 3.48868068098091
RQEnableReQueen= true
AIAdultSlope= 2.9656189084053
AIAdultLD50= 51.5245811371615
AIAdultSlopeContact= 9.32766232965514
AIAdultLD50Contact= 21.7730071994839
AILarvaSlope= 6.81649284623563
AILarvaLD50= 57.7690204896259
AIKOW= 56153.9483097703
AIKOC= 31450.7260681919
AIHalfLife= 16.7690584411379
EAppRate= 1.64430686779879
FoliarEnabled= true
FoliarAppDate= 06/07/1989
FoliarForageBegin= 06/05/1989
FoliarForageEnd= 06/28/1989
AIContactFactor= 0.554272752334364
CL4Pollen= 0.848102268762887
CL4Nectar= 4.47422720026225
CL5Pollen= 3.58607537392527
CL5Nectar= 67.885284894146
CLDPollen= 0.837097268085927
CLDNectar= 126.94956731284
CA13Pollen= 3.7452165636234
CA13Nectar= 84.5270459540188
CA410Pollen= 6.89014464518987
CA410Nectar= 154.32697001379
CA1120Pollen= 2.83186566713266
CA1120Nectar= 79.2337293736637
IPollenTrips= 7.43379990570247
INectarTrips= 5.85407580249012
IPollenLoad= 0.883306313771755
INectarLoad= 6.82228903286159
ESoilP= 1.4001011357177
ESoilFoc= 0.0167969118726905
