ICQueenStrength= 1.30136520741507
RQWkrDrnRatio= 2.42120361607522
ICDroneMiteSurvivorship= 66.7816012632102
ICWorkerMiteSurvivorship= 22.7981728268787
ICForagerLifespan= 15.6267878403887
ImmType= Cosine
RQQueenStrength= 4.30845245160162
RQEnableReQueen= true
AIAdultSlope= 7.02363599464297
AIAdultLD50= 87.052707790287
AIAdultSlopeContact= 2.61333542666398
AIAdultLD50Contact= 30.6491111237051
AILarvaSlope= 6.39111893251538
AILarvaLD50= 1.93841491246759
AIKOW= 7582.39307744985
AIKOC= 99663.7556566226
AIHalfLife= 20.6411240128335
EAppRate= 9.11736082717567
FoliarEnabled= true
FoliarAppDate= 06/07/1989
FoliarForageBegin= 06/05/1989
FoliarForageEnd= 06/28/1989
AIContactFactor= 1.40351357120555
CL4Pollen= 0.806928237900138
CL4Nectar= 44.9363212799653
CL5Pollen= 3.1730094300583
CL5Nectar= 116.640185855795
CLDPollen= 4.05503190821037
CLDNectar= 48.2054161140695
CA13Pollen= 7.49106299811974
CA13Nectar= 87.2442985326052
CA410Pollen= 7.00972845682409
CA410Nectar= 36.235180622898
CA1120Pollen= 2.2256204020232
CA1120Nectar= 64.3857193924487
IPollenTrips= 6.36006673332304
INectarTrips= 14.4807581999339
IPollenLoad= 0.504749205429107
INectarLoad= 3.44953003339469
