ICQueenStrength= 1.75089759286493
RQWkrDrnRatio= 4.85845097340643
ICDroneMiteSurvivorship= 2.47418149374425
ICWorkerMiteSurvivorship= 12.5475831329823
ICForagerLifespan= 6.75879111979157
ImmType= Polynomial
RQQueenStrength= 1.01596978958696
RQEnableReQueen=true
AIAdultSlope= 6.37248256616294
AIAdultLD50= 0.844943820696091
AIAdultSlopeContact= 6.64313078159466
AIAdultLD50Contact= 57.0144118125124
AILarvaSlope= 2.49056568555534
AILarvaLD50= 84.9438057199789
AIKOW= 63905.9349667012
AIKOC= 29184.2653283523
AIHalfLife= 22.9792246479541
EAppRate= 8.40858120879252
FoliarEnabled=true
FoliarAppDate= 07/01/1989
FoliarForageBegin= 07/01/1989
FoliarForageEnd= 07/14/1989
AIContactFactor= 0.375409674202092
CL4Pollen= 2.84323521517217
CL4Nectar= 53.7820487981662
CL5Pollen= 0.671610932797194
CL5Nectar= 99.3684834334999
CLDPollen= 4.28641842585057
CLDNectar= 14.1146235633641
CA13Pollen= 6.44098205799237
CA13Nectar= 92.5705080479383
CA410Pollen= 6.30705088663381
CA410Nectar= 148.500955714844
CA1120Pollen= 2.57945188041776
CA1120Nectar= 37.364780344069
IPollenTrips= 9.19664284680039
INectarTrips= 10.8933038031682
IPollenLoad= 3.57225728686899
INectarLoad= 9.12613792344928
