ICQueenStrength= 1.3872360533569
RQWkrDrnRatio= 4.35138881206512
ICDroneMiteSurvivorship= 16.4977960754186
ICWorkerMiteSurvivorship= 59.3461765209213
ICForagerLifespan= 15.6661080969498
ImmType= Polynomial
RQQueenStrength= 2.36672171181999
RQEnableReQueen= true
AIAdultSlope= 3.21660886891186
AIAdultLD50= 95.5101002104711
AIAdultSlopeContact= 6.31683176313527
AIAdultLD50Contact= 57.402144880556
AILarvaSlope= 5.79871407710016
AILarvaLD50= 92.4809764239083
AIKOW= 48978.5482440025
AIKOC= 11823.7323313325
AIHalfLife= 24.937725761719
EAppRate= 6.75464026648388
FoliarEnabled= true
FoliarAppDate= 06/07/1989
FoliarForageBegin= 06/05/1989
FoliarForageEnd= 06/28/1989
AIContactFactor= 2.36545302686281
CL4Pollen= 2.31399395223707
CL4Nectar= 43.8149108551443
CL5Pollen= 2.36739099444821
CL5Nectar= 135.373464168515
CLDPollen= 4.98950431169942
CLDNectar= 129.076249070931
CA13Pollen= 2.59297313755378
CA13Nectar= 78.4427145496011
CA410Pollen= 6.6903249860974
CA410Nectar= 126.988464901224
CA1120Pollen= 2.46577609190717
CA1120Nectar= 33.0563264898956
IPollenTrips= 9.20580744044855
INectarTrips= 13.2429629541002
IPollenLoad= 4.05691832536831
INectarLoad= 8.02390872733667
