ICQueenStrength= 1.85500289918855
RQWkrDrnRatio= 1.79976435285062
ICDroneMiteSurvivorship= 75.478862808086
ICWorkerMiteSurvivorship= 82.9662972828373
ICForagerLifespan= 4.60038352571428
ImmType= Logarithmic
AIAdultSlope= 0.821297804696951
AIAdultLD50= 0.0821524262893945
AIAdultSlopeContact= 0.83526068037143
AIAdultLD50Contact= 0.0246707473881543
AILarvaSlope= 2.80614350414835
AILarvaLD50= 0.245301088923588
AIKOW= 2.01273818407208
AIKOC= 28.5559312684927
AIHalfLife= 2.20770185086876
EAppRate= 8.54760892689228
FoliarEnabled= true
