ICQueenStrength= 3.42921914812177
RQWkrDrnRatio= 3.93404912948608
ICDroneMiteSurvivorship= 44.7483930038288
ICWorkerMiteSurvivorship= 85.5149982962757
ICForagerLifespan= 13.9946410404518
ImmType= Logarithmic
RQQueenStrength= 1.79253835510463
RQEnableReQueen=true
AIAdultSlope= 7.70254049636424
AIAdultLD50= 0.428063671740703
AIAdultSlopeContact= 7.98826168081723
AIAdultLD50Contact= 9.64110680476785
AILarvaSlope= 7.98135578073561
AILarvaLD50= 9.28378807627526
AIKOW= 77107.4323058789
AIKOC= 77642.7233236199
AIHalfLife= 12.1859296383802
EAppRate= 5.73389727166295
FoliarEnabled=true
FoliarAppDate= 07/01/1989
FoliarForageBegin= 07/01/1989
FoliarForageEnd= 07/14/1989
AIContactFactor= 0.547458977820352
CL4Pollen= 3.92932370211929
CL4Nectar= 49.5850297855213
CL5Pollen= 5.46589139057323
CL5Nectar= 39.3118242966011
CLDPollen= 3.38640952622518
CLDNectar= 69.6120259235613
CA13Pollen= 6.96702960114926
CA13Nectar= 24.9072983302176
CA410Pollen= 4.80355328905862
CA410Nectar= 124.235844714567
CA1120Pollen= 0.814940104493871
CA1120Nectar= 89.4598637148738
IPollenTrips= 6.94918237859383
INectarTrips= 6.89378386829048
IPollenLoad= 9.30934163974598
INectarLoad= 8.34742384497076
