ICQueenStrength= 1.68703057989478
RQWkrDrnRatio= 1.98364753089845
ICDroneMiteSurvivorship= 97.384483832866
ICWorkerMiteSurvivorship= 2.88076512515545
ICForagerLifespan= 6.11132350470871
ImmType= Tangent
RQQueenStrength= 1.53488884773105
RQEnableReQueen=true
AIAdultSlope= 3.01771712116897
AIAdultLD50= 0.958030619554687
AIAdultSlopeContact= 2.80795963294804
AIAdultLD50Contact= 10.0822832144678
AILarvaSlope= 3.54181767255068
AILarvaLD50= 14.298418255457
AIKOW= 69205.3902023904
AIKOC= 75405.5695220151
AIHalfLife= 33.3806915299734
EAppRate= 1.04333871310926
FoliarEnabled=true
FoliarAppDate= 07/01/1989
FoliarForageBegin= 07/01/1989
FoliarForageEnd= 07/14/1989
AIContactFactor= 0.578145452244207
CL4Pollen= 1.78470880072564
CL4Nectar= 27.6566065382212
CL5Pollen= 2.34767278237268
CL5Nectar= 90.9647126449272
CLDPollen= 0.393716144375503
CLDNectar= 5.23327285191044
CA13Pollen= 5.74816989041865
CA13Nectar= 46.6242342069745
CA410Pollen= 5.72270780047402
CA410Nectar= 164.650149662048
CA1120Pollen= 2.60213710181415
CA1120Nectar= 87.0161235332489
IPollenTrips= 13.2009918894619
INectarTrips= 8.72575592715293
IPollenLoad= 3.37440679548308
INectarLoad= 2.40858868462965
