ICQueenStrength= 3.56693851202726
RQWkrDrnRatio= 2.98248543217778
ICDroneMiteSurvivorship= 90.7712290761992
ICWorkerMiteSurvivorship= 66.6254764655605
ICForagerLifespan= 9.37854402605444
ImmType= Exponential
RQQueenStrength= 3.42854030919261
RQEnableReQueen= true
AIAdultSlope= 6.79182250797749
AIAdultLD50= 17.2246677356311
AIAdultSlopeContact= 2.46456874883734
AIAdultLD50Contact= 79.2495691993109
AILarvaSlope= 3.04225325025618
AILarvaLD50= 84.2160232419658
AIKOW= 4236.69203418114
AIKOC= 22885.8735085544
AIHalfLife= 26.855492227897
EAppRate= 6.86752553612227
FoliarEnabled= true
FoliarAppDate= 06/07/1989
FoliarForageBegin= 06/05/1989
FoliarForageEnd= 06/28/1989
AIContactFactor= 0.398375648958608
CL4Pollen= 3.31013261526823
CL4Nectar= 78.367882524617
CL5Pollen= 4.12451907154173
CL5Nectar= 50.1440743217245
CLDPollen= 4.33463146397844
CLDNectar= 72.0969352405518
CA13Pollen= 6.60898481663316
CA13Nectar= 23.2756165228784
CA410Pollen= 7.98115512758959
CA410Nectar= 132.905931673013
CA1120Pollen= 1.3854255611077
CA1120Nectar= 34.0112783014774
IPollenTrips= 12.8808900224976
INectarTrips= 5.5917933024466
IPollenLoad= 3.47212485969067
INectarLoad= 2.4582066340372
