ICQueenStrength= 3.54022438777611
RQWkrDrnRatio= 1.19711728114635
ICDroneMiteSurvivorship= 67.2987567493692
ICWorkerMiteSurvivorship= 7.9040210461244
ICForagerLifespan= 5.43656327016652
ImmType= Tangent
RQQueenStrength= 4.29722611350007
RQEnableReQueen= true
AIAdultSlope= 7.06151073984802
AIAdultLD50= 1.88561133645615
AIAdultSlopeContact= 5.94424677104689
AIAdultLD50Contact= 21.9108281512586
AILarvaSlope= 3.89505726844072
AILarvaLD50= 79.4230677609677
AIKOW= 47143.9037009894
AIKOC= 99311.6341683508
AIHalfLife= 30.7529925607145
EAppRate= 6.31670438955329
FoliarEnabled= true
FoliarAppDate= 06/07/1989
FoliarForageBegin= 06/05/1989
FoliarForageEnd= 06/28/1989
AIContactFactor= 0.299802236813121
CL4Pollen= 2.21890306379646
CL4Nectar= 57.648639800027
CL5Pollen= 3.75748493615538
CL5Nectar= 76.4781594509259
CLDPollen= 2.11504893936217
CLDNectar= 115.355164941866
CA13Pollen= 2.78873273758218
CA13Nectar= 79.3860478140414
CA410Pollen= 7.5832680827938
CA410Nectar= 53.510042289272
CA1120Pollen= 1.29996709758416
CA1120Nectar= 49.8967705667019
IPollenTrips= 12.3713255883195
INectarTrips= 10.2733628591523
IPollenLoad= 5.46026699710637
INectarLoad= 8.21039187489077
ESoilP= 1.70576412044466
ESoilFoc= 0.019373572378885
