ICQueenStrength= 1.9514817292802
RQWkrDrnRatio= 4.51361807063222
ICDroneMiteSurvivorship= 18.9594525378197
ICWorkerMiteSurvivorship= 66.2470178678632
ICForagerLifespan= 14.8476174231619
ImmType= Cosine
RQQueenStrength= 5.89584972267039
RQEnableReQueen= true
AIAdultSlope= 6.88877714984119
AIAdultLD50= 53.1366064882728
AIAdultSlopeContact= 8.14567611482926
AIAdultLD50Contact= 12.7675965988692
AILarvaSlope= 5.66538489609957
AILarvaLD50= 58.8121487811278
AIKOW= 20993.8192583853
AIKOC= 55182.3629583472
AIHalfLife= 15.5088042220101
EAppRate= 7.82739334059344
FoliarEnabled= true
FoliarAppDate= 06/07/1989
FoliarForageBegin= 06/05/1989
FoliarForageEnd= 06/28/1989
AIContactFactor= 0.603219615099952
CL4Pollen= 0.776817550882697
CL4Nectar= 62.9163892474025
CL5Pollen= 5.78622320992872
CL5Nectar= 131.906518607866
CLDPollen= 3.34607424912974
CLDNectar= 7.52265496412292
CA13Pollen= 6.00688307341188
CA13Nectar= 35.3241425193846
CA410Pollen= 4.30240972505417
CA410Nectar= 83.3885367261246
CA1120Pollen= 0.0733113214373589
CA1120Nectar= 66.964514143765
IPollenTrips= 13.9072309131734
INectarTrips= 13.4762875782326
IPollenLoad= 7.18085210304707
INectarLoad= 8.5288067930378
