ICQueenStrength= 2.94200419471599
RQWkrDrnRatio= 3.91914303135127
ICDroneMiteSurvivorship= 42.7161776926368
ICWorkerMiteSurvivorship= 78.4259902313352
ICForagerLifespan= 7.06102422252297
ImmType= Sine
RQQueenStrength= 2.79707821807824
RQEnableReQueen= true
AIAdultSlope= 8.77539622038603
AIAdultLD50= 53.297268875662
AIAdultSlopeContact= 1.27005249611102
AIAdultLD50Contact= 12.6743318853884
AILarvaSlope= 2.8017421066761
AILarvaLD50= 70.7040886539952
AIKOW= 30091.2950480271
AIKOC= 81282.1109162769
AIHalfLife= 22.7656885299133
EAppRate= 7.82173095340771
FoliarEnabled= true
FoliarAppDate= 06/07/1989
FoliarForageBegin= 06/05/1989
FoliarForageEnd= 06/28/1989
AIContactFactor= 2.02610031458084
CL4Pollen= 3.41786535549909
CL4Nectar= 52.9787732055411
CL5Pollen= 2.68032836727798
CL5Nectar= 41.8098313501105
CLDPollen= 1.63572130165994
CLDNectar= 62.119610211812
CA13Pollen= 4.68782543279231
CA13Nectar= 85.9281360358
CA410Pollen= 5.95497909267433
CA410Nectar= 96.8429411761463
CA1120Pollen= 0.57949740299955
CA1120Nectar= 49.0781600400805
IPollenTrips= 9.12508296081796
INectarTrips= 13.9740333100781
IPollenLoad= 9.61083368165419
INectarLoad= 9.35963900294155
ESoilP= 1.86771588423289
ESoilFoc= 0.0168236226476729
