ICQueenStrength= 1.36047281231731
RQWkrDrnRatio= 4.82621015235782
ICDroneMiteSurvivorship= 5.22890638094395
ICWorkerMiteSurvivorship= 51.4021530514583
ICForagerLifespan= 7.01349670812488
ImmType= Cosine
AIAdultSlope= 0.0774531633546576
AIAdultLD50= 0.0445926431566477
AIAdultSlopeContact= 2.29638919665478
AIAdultLD50Contact= 0.0443140593124554
AILarvaSlope= 3.21321370946243
AILarvaLD50= 0.298793302383274
AIKOW= 3.72313803527504
AIKOC= 18.1402180995792
AIHalfLife= 1.27063028856646
EAppRate= 6.83328289305791
FoliarEnabled= true
