ICQueenStrength= 4.04187322035432
RQWkrDrnRatio= 3.39680340513587
ICDroneMiteSurvivorship= 52.0834606140852
ICWorkerMiteSurvivorship= 65.867699496448
ICForagerLifespan= 12.7804345795885
ImmType= Sine
RQQueenStrength= 4.52130602113903
RQEnableReQueen= true
AIAdultSlope= 8.20713829062879
AIAdultLD50= 13.7013828694932
AIAdultSlopeContact= 7.5845018196851
AIAdultLD50Contact= 27.1978019182261
AILarvaSlope= 7.12077290564775
AILarvaLD50= 73.9109210969443
AIKOW= 58776.4524634417
AIKOC= 68607.7537248363
AIHalfLife= 15.2183521680534
EAppRate= 9.29631013253774
FoliarEnabled= true
FoliarAppDate= 06/07/1989
FoliarForageBegin= 06/05/1989
FoliarForageEnd= 06/28/1989
AIContactFactor= 2.10236194423865
CL4Pollen= 3.00220094248652
CL4Nectar= 68.0132228415459
CL5Pollen= 1.88521776068956
CL5Nectar= 65.6376447645016
CLDPollen= 1.19907812168822
CLDNectar= 45.2798515674658
CA13Pollen= 7.12780949221924
CA13Nectar= 97.9227202758193
CA410Pollen= 3.95237672359217
CA410Nectar= 187.337161069736
CA1120Pollen= 1.73568982235156
CA1120Nectar= 52.618785649538
IPollenTrips= 13.4899108740501
INectarTrips= 9.04338820837438
IPollenLoad= 6.66519109392539
INectarLoad= 8.18470918340608
