ICQueenStrength= 2.83828899869695
RQWkrDrnRatio= 2.71037730481476
ICDroneMiteSurvivorship= 52.5967698544264
ICWorkerMiteSurvivorship= 52.293061860837
ICForagerLifespan= 10.5477205226198
ImmType= Cosine
RQQueenStrength= 1.65561388502829
RQEnableReQueen= true
AIAdultSlope= 4.8480415251106
AIAdultLD50= 38.8170303578523
AIAdultSlopeContact= 1.02811537589878
AIAdultLD50Contact= 84.8992431953205
AILarvaSlope= 4.35538540408015
AILarvaLD50= 86.9582697385109
AIKOW= 84968.478478489
AIKOC= 71626.2827520405
AIHalfLife= 18.5780918902019
EAppRate= 4.30615027537779
FoliarEnabled= true
FoliarAppDate= 06/07/1989
FoliarForageBegin= 06/05/1989
FoliarForageEnd= 06/28/1989
AIContactFactor= 0.510009427587502
CL4Pollen= 1.99357663001865
CL4Nectar= 79.5646836515516
CL5Pollen= 2.88378069922328
CL5Nectar= 99.0602491772734
CLDPollen= 4.75721563305706
CLDNectar= 146.137880464084
CA13Pollen= 2.77917222706601
CA13Nectar= 37.3815289698541
CA410Pollen= 3.28416848958004
CA410Nectar= 104.757095593959
CA1120Pollen= 1.17328855069354
CA1120Nectar= 59.3941433541477
IPollenTrips= 11.8925466923974
INectarTrips= 11.70769139193
IPollenLoad= 1.19256920879707
INectarLoad= 6.79218573495746
ESoilP= 1.37729187263176
ESoilFoc= 0.0197864195550792
