ICQueenStrength= 2.51467409101315
RQWkrDrnRatio= 3.66375356726348
ICDroneMiteSurvivorship= 11.3237432204187
ICWorkerMiteSurvivorship= 76.0175616946071
ICForagerLifespan= 5.59655562136322
ImmType= Sine
RQQueenStrength= 1.53378191427328
RQEnableReQueen= true
AIAdultSlope= 8.34777194447815
AIAdultLD50= 37.4323845574385
AIAdultSlopeContact= 3.39180412422866
AIAdultLD50Contact= 41.1402289367276
AILarvaSlope= 4.51278688199818
AILarvaLD50= 27.1705371171453
AIKOW= 43636.4586716423
AIKOC= 18291.6514999093
AIHalfLife= 23.7835017189849
EAppRate= 0.40271123786876
FoliarEnabled= true
FoliarAppDate= 06/07/1989
FoliarForageBegin= 06/05/1989
FoliarForageEnd= 06/28/1989
AIContactFactor= 2.14178141111042
CL4Pollen= 3.5504233809188
CL4Nectar= 82.9789043171331
CL5Pollen= 3.41088045062497
CL5Nectar= 133.160073088948
CLDPollen= 2.02877661399543
CLDNectar= 42.6044292398728
CA13Pollen= 3.01001421576366
CA13Nectar= 41.564158834517
CA410Pollen= 3.34172262751963
CA410Nectar= 117.569049336016
CA1120Pollen= 2.00259989546612
CA1120Nectar= 44.4807152636349
IPollenTrips= 6.34865925880149
INectarTrips= 14.1019594320096
IPollenLoad= 4.29401869419962
INectarLoad= 8.65512934746221
