ICQueenStrength= 1.78729298617691
RQWkrDrnRatio= 1.17740030493587
ICDroneMiteSurvivorship= 21.4724652003497
ICWorkerMiteSurvivorship= 55.3924055304378
ICForagerLifespan= 13.0445934543386
ImmType= Cosine
RQQueenStrength= 4.90295169409364
RQEnableReQueen=true
AIAdultSlope= 7.87054064124823
AIAdultLD50= 0.785187722007744
AIAdultSlopeContact= 8.92535427492112
AIAdultLD50Contact= 38.9463472088433
AILarvaSlope= 3.76930748485029
AILarvaLD50= 68.2099725550357
AIKOW= 63107.9586560402
AIKOC= 87906.8603975663
AIHalfLife= 6.00011804774404
EAppRate= 7.60457957585598
FoliarEnabled=true
FoliarAppDate= 07/01/1989
FoliarForageBegin= 07/01/1989
FoliarForageEnd= 07/14/1989
AIContactFactor= 2.01841200434603
CL4Pollen= 1.92307379934937
CL4Nectar= 58.5292594507337
CL5Pollen= 3.77108504064381
CL5Nectar= 114.156809344422
CLDPollen= 3.02485681185499
CLDNectar= 3.83206814294681
CA13Pollen= 2.36459043836221
CA13Nectar= 22.0038617402315
CA410Pollen= 2.23175925300457
CA410Nectar= 196.920417780057
CA1120Pollen= 2.90266723302193
CA1120Nectar= 70.7976898737252
IPollenTrips= 10.7079751859419
INectarTrips= 13.1957677425817
IPollenLoad= 0.299558192491531
INectarLoad= 2.14338911697268
