ICQueenStrength= 4.367863020394
RQWkrDrnRatio= 1.91310647409409
ICDroneMiteSurvivorship= 44.6875056950375
ICWorkerMiteSurvivorship= 44.2680237581953
ICForagerLifespan= 5.09505761787295
ImmType= Sine
RQQueenStrength= 3.17072155908681
RQEnableReQueen= true
AIAdultSlope= 7.1790969632566
AIAdultLD50= 18.4248331845209
AIAdultSlopeContact= 3.64614475122653
AIAdultLD50Contact= 83.5773300042746
AILarvaSlope= 1.16593165881932
AILarvaLD50= 90.2918372458278
AIKOW= 84425.8984758114
AIKOC= 85506.3301754659
AIHalfLife= 10.5951339297695
EAppRate= 3.30210997480014
FoliarEnabled= true
FoliarAppDate= 06/07/1989
FoliarForageBegin= 06/05/1989
FoliarForageEnd= 06/28/1989
AIContactFactor= 1.15288111187983
CL4Pollen= 0.515968523919582
CL4Nectar= 2.7627571253106
CL5Pollen= 4.60086105437949
CL5Nectar= 56.0174517799169
CLDPollen= 3.65846387995407
CLDNectar= 132.607824797742
CA13Pollen= 2.96688783196732
CA13Nectar= 59.4455775618553
CA410Pollen= 7.47047799013089
CA410Nectar= 130.115247084759
CA1120Pollen= 1.12079529091716
CA1120Nectar= 40.6764791347086
IPollenTrips= 10.9735593898222
INectarTrips= 14.285843425896
IPollenLoad= 4.95524918660522
INectarLoad= 4.14442677050829
