ICQueenStrength= 3.73251967504621
RQWkrDrnRatio= 1.28075153566897
ICDroneMiteSurvivorship= 48.3049040893093
ICWorkerMiteSurvivorship= 17.7649937337264
ICForagerLifespan= 10.0669886479154
ImmType= Sine
RQQueenStrength= 2.67957539670169
RQEnableReQueen= true
AIAdultSlope= 1.16152476333082
AIAdultLD50= 18.046808684702
AIAdultSlopeContact= 9.21259287442081
AIAdultLD50Contact= 68.4100656050534
AILarvaSlope= 3.37718640267849
AILarvaLD50= 82.4755183370512
AIKOW= 38623.7782335116
AIKOC= 94848.7592037581
AIHalfLife= 34.9491684333188
EAppRate= 6.54461865159939
FoliarEnabled= true
FoliarAppDate= 06/07/1989
FoliarForageBegin= 06/05/1989
FoliarForageEnd= 06/28/1989
AIContactFactor= 2.16667300242465
CL4Pollen= 1.99774630274624
CL4Nectar= 30.3627455374226
CL5Pollen= 5.23954378673807
CL5Nectar= 92.7219478064217
CLDPollen= 5.77130444766954
CLDNectar= 33.3594760042615
CA13Pollen= 2.60092789474875
CA13Nectar= 97.4652944691479
CA410Pollen= 5.7548069029348
CA410Nectar= 183.56833038386
CA1120Pollen= 1.35178607795388
CA1120Nectar= 43.2246007397771
IPollenTrips= 12.9743261239491
INectarTrips= 14.3250300758518
IPollenLoad= 3.97301443852484
INectarLoad= 2.64312835875899
ESoilP= 1.09728190512396
ESoilFoc= 0.0129053842704743
