ICQueenStrength= 4.43051598756574
RQWkrDrnRatio= 1.74484125059098
ICDroneMiteSurvivorship= 57.5684942537919
ICWorkerMiteSurvivorship= 52.1219121525064
ICForagerLifespan= 7.61441283673048
ImmType= Tangent
RQQueenStrength= 2.73343840520829
RQEnableReQueen= true
AIAdultSlope= 2.1420739851892
AIAdultLD50= 41.8914697289767
AIAdultSlopeContact= 5.22115414356813
AIAdultLD50Contact= 66.4962873067458
AILarvaSlope= 7.19341654144228
AILarvaLD50= 11.4425553826895
AIKOW= 96086.1742685026
AIKOC= 36809.4527024033
AIHalfLife= 5.85180748733692
EAppRate= 1.47981160064903
FoliarEnabled= true
FoliarAppDate= 06/07/1989
FoliarForageBegin= 06/05/1989
FoliarForageEnd= 06/28/1989
AIContactFactor= 1.59650886154268
CL4Pollen= 2.62883032206446
CL4Nectar= 56.882124603726
CL5Pollen= 2.46349784452468
CL5Nectar= 100.822542433161
CLDPollen= 2.75350292259827
CLDNectar= 55.8253420866095
CA13Pollen= 6.79861597418785
CA13Nectar= 68.8746489025652
CA410Pollen= 2.21338594791014
CA410Nectar= 179.727672026493
CA1120Pollen= 0.972317109815776
CA1120Nectar= 43.6480429582298
IPollenTrips= 8.718350850977
INectarTrips= 11.383004616946
IPollenLoad= 0.290746942628175
INectarLoad= 7.18181267380714
