ICQueenStrength= 3.7704298007302
RQWkrDrnRatio= 1.47075417265296
ICDroneMiteSurvivorship= 36.8279705988243
ICWorkerMiteSurvivorship= 62.9697966855019
ICForagerLifespan= 13.8245478533208
ImmType= Exponential
RQQueenStrength= 2.17708583245985
RQEnableReQueen= true
AIAdultSlope= 2.07327801175416
AIAdultLD50= 80.9215300768237
AIAdultSlopeContact= 6.14161583269015
AIAdultLD50Contact= 52.3979103925233
AILarvaSlope= 5.9744766857475
AILarvaLD50= 5.96919260751735
AIKOW= 83756.6410602234
AIKOC= 10031.1717182382
AIHalfLife= 2.30354333091527
EAppRate= 8.18774325684365
FoliarEnabled= true
FoliarAppDate= 06/07/1989
FoliarForageBegin= 06/05/1989
FoliarForageEnd= 06/28/1989
AIContactFactor= 1.37123330581933
CL4Pollen= 1.25947233103216
CL4Nectar= 88.5239815106615
CL5Pollen= 4.44088097289205
CL5Nectar= 110.854247503448
CLDPollen= 2.17005241569132
CLDNectar= 70.3959078993648
CA13Pollen= 2.95981472665444
CA13Nectar= 79.6511819399893
CA410Pollen= 4.82063158978708
CA410Nectar= 144.613926615566
CA1120Pollen= 0.750583079410717
CA1120Nectar= 84.5220667868853
IPollenTrips= 13.8288272707723
INectarTrips= 5.30211460310966
IPollenLoad= 0.723082323092967
INectarLoad= 2.08715599263087
