ICQueenStrength= 4.33365712547675
RQWkrDrnRatio= 2.03863223269582
ICDroneMiteSurvivorship= 27.3116725962609
ICWorkerMiteSurvivorship= 54.4289377750829
ICForagerLifespan= 4.7265615388751
ImmType= Polynomial
RQQueenStrength= 4.62482838099822
RQEnableReQueen= true
AIAdultSlope= 7.2028623316437
AIAdultLD50= 24.4432763124406
AIAdultSlopeContact= 9.26555322972126
AIAdultLD50Contact= 83.4997365688917
AILarvaSlope= 7.64216646552086
AILarvaLD50= 56.409596934048
AIKOW= 3114.75564071437
AIKOC= 62906.6530063408
AIHalfLife= 29.6872179069323
EAppRate= 9.36475031193113
FoliarEnabled= true
FoliarAppDate= 06/07/1989
FoliarForageBegin= 06/05/1989
FoliarForageEnd= 06/28/1989
AIContactFactor= 0.60089200233575
CL4Pollen= 2.18241732288152
CL4Nectar= 45.0007199775428
CL5Pollen= 0.863256370648742
CL5Nectar= 139.4041792606
CLDPollen= 1.11910227918997
CLDNectar= 73.33541525295
CA13Pollen= 6.50726353311911
CA13Nectar= 95.0481135770679
CA410Pollen= 6.0318715418689
CA410Nectar= 44.2712390935048
CA1120Pollen= 1.52140081906691
CA1120Nectar= 65.9693088755012
IPollenTrips= 8.37276898790151
INectarTrips= 11.0549291665666
IPollenLoad= 3.9488170389086
INectarLoad= 3.41579992324114
