ICQueenStrength= 2.67374906130135
RQWkrDrnRatio= 2.39258908852935
ICDroneMiteSurvivorship= 32.9853942152113
ICWorkerMiteSurvivorship= 4.99206073582172
ICForagerLifespan= 12.088154069148
ImmType= Sine
RQQueenStrength= 3.44597688899375
RQEnableReQueen= true
AIAdultSlope= 3.67462999001145
AIAdultLD50= 97.5246533789651
AIAdultSlopeContact= 2.23391403909773
AIAdultLD50Contact= 65.8427089823291
AILarvaSlope= 7.89784899912775
AILarvaLD50= 32.4233070076182
AIKOW= 17439.3331304984
AIKOC= 47428.0010379716
AIHalfLife= 12.0342277472373
EAppRate= 1.27898623503116
FoliarEnabled= true
FoliarAppDate= 06/07/1989
FoliarForageBegin= 06/05/1989
FoliarForageEnd= 06/28/1989
AIContactFactor= 1.40628985594958
CL4Pollen= 1.99765514396131
CL4Nectar= 43.4245944255963
CL5Pollen= 4.87853980623186
CL5Nectar= 81.6519211395644
CLDPollen= 5.57445781258866
CLDNectar= 108.637693268247
CA13Pollen= 3.14619307853282
CA13Nectar= 33.6389664001763
CA410Pollen= 5.61978921690024
CA410Nectar= 105.186640680768
CA1120Pollen= 0.150040903827175
CA1120Nectar= 25.7037213817239
IPollenTrips= 8.93930305493996
INectarTrips= 7.77166777988896
IPollenLoad= 8.881357870996
INectarLoad= 9.20334608759731
ESoilP= 1.53928822209127
ESoilFoc= 0.0126410031807609
