ICQueenStrength= 3.43056114763021
RQWkrDrnRatio= 2.57462170347571
ICDroneMiteSurvivorship= 67.7518792450428
ICWorkerMiteSurvivorship= 39.9066278478131
ICForagerLifespan= 13.3180375248194
ImmType= Logarithmic
RQQueenStrength= 1.17832264024764
RQEnableReQueen=true
AIAdultSlope= 6.04419923387468
AIAdultLD50= 0.174926374212606
AIAdultSlopeContact= 5.8244397949893
AIAdultLD50Contact= 9.44850274736178
AILarvaSlope= 2.73757187835872
AILarvaLD50= 81.9006891379263
AIKOW= 36385.9112192983
AIKOC= 49967.7304390594
AIHalfLife= 19.0266792340903
EAppRate= 0.962081189450342
FoliarEnabled=true
FoliarAppDate= 07/01/1989
FoliarForageBegin= 07/01/1989
FoliarForageEnd= 07/14/1989
AIContactFactor= 1.78796896647196
CL4Pollen= 0.0238252747803926
CL4Nectar= 0.719882152043283
CL5Pollen= 1.86467827856541
CL5Nectar= 145.624214736745
CLDPollen= 4.51246022013947
CLDNectar= 99.0063419099897
CA13Pollen= 4.33295031106099
CA13Nectar= 94.8685523308814
CA410Pollen= 8.02382285110652
CA410Nectar= 73.8368886336684
CA1120Pollen= 1.8527643524576
CA1120Nectar= 89.1097877733409
IPollenTrips= 12.6580678811297
INectarTrips= 11.7504073516466
IPollenLoad= 2.85351475933567
INectarLoad= 8.55894331354648
