ICQueenStrength= 2.96978989639319
RQWkrDrnRatio= 4.65634255949408
ICDroneMiteSurvivorship= 13.2521805586293
ICWorkerMiteSurvivorship= 65.3504924150184
ICForagerLifespan= 6.35687905550003
ImmType= Exponential
RQQueenStrength= 1.23463375400752
RQEnableReQueen= true
AIAdultSlope= 4.73364185169339
AIAdultLD50= 91.1472467767675
AIAdultSlopeContact= 7.45911142742261
AIAdultLD50Contact= 29.9705141860971
AILarvaSlope= 5.50366048328578
AILarvaLD50= 29.9457261427864
AIKOW= 1860.42356086693
AIKOC= 58256.1330179134
AIHalfLife= 0.982047263067216
EAppRate= 1.96941040151636
FoliarEnabled= true
FoliarAppDate= 06/07/1989
FoliarForageBegin= 06/05/1989
FoliarForageEnd= 06/28/1989
AIContactFactor= 1.97581714492291
CL4Pollen= 0.851078373380005
CL4Nectar= 26.0013044346124
CL5Pollen= 5.75673653092235
CL5Nectar= 76.155185024254
CLDPollen= 5.74316423060372
CLDNectar= 126.296616287436
CA13Pollen= 4.91610552351922
CA13Nectar= 70.4800054989755
CA410Pollen= 2.68111117638182
CA410Nectar= 48.0326888849959
CA1120Pollen= 1.93268368486315
CA1120Nectar= 36.7682242952287
IPollenTrips= 14.1591968620196
INectarTrips= 11.8928378494456
IPollenLoad= 7.87359872367233
INectarLoad= 6.75572498003021
