ICQueenStrength= 5.81273134122603
RQWkrDrnRatio= 1.54666083864868
ICDroneMiteSurvivorship= 74.5038671884686
ICWorkerMiteSurvivorship= 46.7279774602503
ICForagerLifespan= 15.114791768603
ImmType= Logarithmic
RQQueenStrength= 2.78814521874301
RQEnableReQueen= true
AIAdultSlope= 3.66734048910439
AIAdultLD50= 97.271450071479
AIAdultSlopeContact= 4.27479350520298
AIAdultLD50Contact= 32.3094571511613
AILarvaSlope= 5.56575731001794
AILarvaLD50= 38.1001552112112
AIKOW= 17252.0458791357
AIKOC= 84460.097514187
AIHalfLife= 22.302369267866
EAppRate= 6.80356449352019
FoliarEnabled= true
FoliarAppDate= 06/07/1989
FoliarForageBegin= 06/05/1989
FoliarForageEnd= 06/28/1989
AIContactFactor= 1.28964536793064
CL4Pollen= 0.942567910067737
CL4Nectar= 2.12106248363853
CL5Pollen= 5.49110107356682
CL5Nectar= 13.795921811834
CLDPollen= 5.67209588969126
CLDNectar= 132.697808928788
CA13Pollen= 6.01209817901254
CA13Nectar= 36.2403255142272
CA410Pollen= 9.3497802787926
CA410Nectar= 91.1231451621279
CA1120Pollen= 1.74973061028868
CA1120Nectar= 22.31639765203
IPollenTrips= 6.63971173577011
INectarTrips= 8.46217463258654
IPollenLoad= 2.2785386745818
INectarLoad= 8.9932923973538
