ICQueenStrength= 2.52593954093754
RQWkrDrnRatio= 2.00755468662828
ICDroneMiteSurvivorship= 65.9978023031726
ICWorkerMiteSurvivorship= 2.49858577735722
ICForagerLifespan= 8.53178409021348
ImmType= Cosine
RQQueenStrength= 3.02663662470877
RQEnableReQueen=true
AIAdultSlope= 8.80328877270222
AIAdultLD50= 0.94919605895062
AIAdultSlopeContact= 6.61145669268444
AIAdultLD50Contact= 48.1050610991528
AILarvaSlope= 8.64384284801781
AILarvaLD50= 73.0172787584928
AIKOW= 77386.8399933631
AIKOC= 95083.5109371014
AIHalfLife= 17.5262872236781
EAppRate= 4.12784162327903
FoliarEnabled=true
FoliarAppDate= 07/01/1989
FoliarForageBegin= 07/01/1989
FoliarForageEnd= 07/14/1989
AIContactFactor= 2.16992528459057
CL4Pollen= 2.0401816945523
CL4Nectar= 0.615245546214283
CL5Pollen= 1.27999723423272
CL5Nectar= 137.024383305106
CLDPollen= 0.429342666640878
CLDNectar= 43.3316922280937
CA13Pollen= 6.97827382925898
CA13Nectar= 64.9794926121831
CA410Pollen= 6.26450515647884
CA410Nectar= 52.4013397516683
CA1120Pollen= 0.396445834776387
CA1120Nectar= 35.9375530481339
IPollenTrips= 6.55178754590452
INectarTrips= 7.0316026173532
IPollenLoad= 1.43610778497532
INectarLoad= 9.90185509203002
