ICQueenStrength= 5.08354142913595
RQWkrDrnRatio= 1.99955722689629
ICDroneMiteSurvivorship= 1.51066309772432
ICWorkerMiteSurvivorship= 2.29150517843664
ICForagerLifespan= 6.95623042527586
ImmType= Logarithmic
RQQueenStrength= 2.95408268482424
RQEnableReQueen= true
AIAdultSlope= 8.37741476669908
AIAdultLD50= 37.1229840149821
AIAdultSlopeContact= 3.29436273546889
AIAdultLD50Contact= 53.1400046175353
AILarvaSlope= 1.72313652746379
AILarvaLD50= 88.5072080922755
AIKOW= 32420.449756365
AIKOC= 44409.5064460752
AIHalfLife= 16.1094575492898
EAppRate= 1.83171254201094
FoliarEnabled= true
FoliarAppDate= 06/07/1989
FoliarForageBegin= 06/05/1989
FoliarForageEnd= 06/28/1989
AIContactFactor= 2.17107927056495
CL4Pollen= 2.13211946282536
CL4Nectar= 80.5776714580134
CL5Pollen= 2.82339456165209
CL5Nectar= 87.4557642498985
CLDPollen= 5.136289967224
CLDNectar= 108.774447615724
CA13Pollen= 6.51089467415586
CA13Nectar= 93.5410604067147
CA410Pollen= 6.50669272351079
CA410Nectar= 82.7932815812528
CA1120Pollen= 1.21459441445768
CA1120Nectar= 86.6924371942878
IPollenTrips= 10.7472898298874
INectarTrips= 11.989048474934
IPollenLoad= 0.776871191337705
INectarLoad= 6.82537424378097
ESoilP= 1.03295013960451
ESoilFoc= 0.0195641105410177
