ICQueenStrength= 3.71816488122568
RQWkrDrnRatio= 1.96273050643504
ICDroneMiteSurvivorship= 30.7668867288157
ICWorkerMiteSurvivorship= 40.8466313499957
ICForagerLifespan= 14.1676309658214
ImmType= Exponential
RQQueenStrength= 2.49822804494761
RQEnableReQueen= true
AIAdultSlope= 7.42064269445837
AIAdultLD50= 35.9626814744882
AIAdultSlopeContact= 1.55008926801383
AIAdultLD50Contact= 71.0103643843485
AILarvaSlope= 7.10752210766077
AILarvaLD50= 79.7052575883609
AIKOW= 68886.8122089221
AIKOC= 43812.1799781516
AIHalfLife= 21.4723494845442
EAppRate= 7.28912705031899
FoliarEnabled= true
FoliarAppDate= 06/07/1989
FoliarForageBegin= 06/05/1989
FoliarForageEnd= 06/28/1989
AIContactFactor= 0.548093133158982
CL4Pollen= 1.71384049300104
CL4Nectar= 42.9806391010061
CL5Pollen= 1.30001494009048
CL5Nectar= 13.2269176072441
CLDPollen= 1.63794256187975
CLDNectar= 7.32742545660585
CA13Pollen= 3.62901288671419
CA13Nectar= 75.2161378599703
CA410Pollen= 3.94228540379554
CA410Nectar= 117.924070712179
CA1120Pollen= 1.19913473306224
CA1120Nectar= 38.9619530364871
IPollenTrips= 5.70537825580686
INectarTrips= 10.9581589209847
IPollenLoad= 5.87383971549571
INectarLoad= 5.49840884050354
ESoilP= 1.24546749587171
ESoilFoc= 0.0192409761643503
