ICQueenStrength= 3.60909486212768
RQWkrDrnRatio= 4.04804689716548
ICDroneMiteSurvivorship= 21.238034684211
ICWorkerMiteSurvivorship= 80.4173107724637
ICForagerLifespan= 9.66535568702966
ImmType= Polynomial
AIAdultSlope= 3.43253198900493
AIAdultLD50= 0.159315106179565
AIAdultSlopeContact= 1.2382288196194
AIAdultLD50Contact= 0.00517505902098492
AILarvaSlope= 1.90323274773546
AILarvaLD50= 0.229579266929068
AIKOW= 3.54517555236816
AIKOC= 7.74444774258882
AIHalfLife= 1.71749851894565
EAppRate= 5.8648090925999
FoliarEnabled= true
