ICQueenStrength= 4.23791878297925
RQWkrDrnRatio= 3.63022415712476
ICDroneMiteSurvivorship= 75.5330575630069
ICWorkerMiteSurvivorship= 41.1129214335233
ICForagerLifespan= 13.5769936516881
ImmType= Polynomial
RQQueenStrength= 5.9197085457854
RQEnableReQueen= true
AIAdultSlope= 6.26951079443097
AIAdultLD50= 39.6876966393574
AIAdultSlopeContact= 7.69970859144814
AIAdultLD50Contact= 71.080064544033
AILarvaSlope= 2.67734966427088
AILarvaLD50= 35.0181524355456
AIKOW= 39497.3067533484
AIKOC= 52568.6318711659
AIHalfLife= 1.58258229510393
EAppRate= 0.552105986374663
FoliarEnabled= true
FoliarAppDate= 06/07/1989
FoliarForageBegin= 06/05/1989
FoliarForageEnd= 06/28/1989
AIContactFactor= 0.901329323477112
CL4Pollen= 1.69833332113922
CL4Nectar= 81.5880020381883
CL5Pollen= 2.81965432595462
CL5Nectar= 72.6689227391034
CLDPollen= 3.65031096898019
CLDNectar= 97.4950593430549
CA13Pollen= 4.27615108182654
CA13Nectar= 73.5154213197529
CA410Pollen= 7.55886487229727
CA410Nectar= 36.4005721686408
CA1120Pollen= 0.541748309740797
CA1120Nectar= 85.6500939279795
IPollenTrips= 14.8856714344583
INectarTrips= 5.82324787741527
IPollenLoad= 2.47191650792956
INectarLoad= 4.53034608159214
