ICQueenStrength= 1.35340368514881
RQWkrDrnRatio= 4.57465624157339
ICDroneMiteSurvivorship= 17.0112211955711
ICWorkerMiteSurvivorship= 20.0045499252155
ICForagerLifespan= 13.4941843375564
ImmType= Sine
AIAdultSlope= 0.972755137144122
AIAdultLD50= 0.0856923671904951
AIAdultSlopeContact= 2.03431752834236
AIAdultLD50Contact= 0.0340507616871037
AILarvaSlope= 1.44768669824116
AILarvaLD50= 0.00165005684830248
AIKOW= 5.02214576490223
AIKOC= 7.0271114888601
AIHalfLife= 0.0464237459236756
EAppRate= 3.33780488930643
FoliarEnabled= true
