ICQueenStrength= 4.9273569197394
RQWkrDrnRatio= 2.63118585012853
ICDroneMiteSurvivorship= 1.34368208236992
ICWorkerMiteSurvivorship= 45.9785591810942
ICForagerLifespan= 5.07254493515939
ImmType= Polynomial
RQQueenStrength= 2.87971892533824
RQEnableReQueen= true
AIAdultSlope= 3.14264453202486
AIAdultLD50= 42.5890176574639
AIAdultSlopeContact= 5.91754188085906
AIAdultLD50Contact= 44.0506046945837
AILarvaSlope= 2.19325392693281
AILarvaLD50= 46.9925067800248
AIKOW= 28704.1474649074
AIKOC= 60480.1361174795
AIHalfLife= 10.2499252277892
EAppRate= 1.8817939776103
FoliarEnabled= true
FoliarAppDate= 06/07/1989
FoliarForageBegin= 06/05/1989
FoliarForageEnd= 06/28/1989
AIContactFactor= 0.992772284038365
CL4Pollen= 3.34829891752452
CL4Nectar= 18.709785467945
CL5Pollen= 3.08122979197651
CL5Nectar= 53.1940181739628
CLDPollen= 0.682557192631066
CLDNectar= 108.841287670657
CA13Pollen= 5.42065633069724
CA13Nectar= 91.3494857400656
CA410Pollen= 6.40166792178061
CA410Nectar= 26.0723314015195
CA1120Pollen= 0.693012928823009
CA1120Nectar= 61.1493399366736
IPollenTrips= 6.93076920695603
INectarTrips= 5.72749365586787
IPollenLoad= 7.84211481921375
INectarLoad= 7.36312686931342
