ICQueenStrength= 1.90302218962461
RQWkrDrnRatio= 4.10418307315558
ICDroneMiteSurvivorship= 96.1558256531134
ICWorkerMiteSurvivorship= 18.2847222080454
ICForagerLifespan= 11.2734300186858
ImmType= Logarithmic
RQQueenStrength= 2.75936311390251
RQEnableReQueen=true
AIAdultSlope= 1.39564739353955
AIAdultLD50= 0.0510992769035511
AIAdultSlopeContact= 7.6800667475909
AIAdultLD50Contact= 75.2277269660647
AILarvaSlope= 3.18787176720798
AILarvaLD50= 36.8287882790938
AIKOW= 74735.4321300635
AIKOC= 11234.6009777354
AIHalfLife= 2.62188029903918
EAppRate= 1.80431349496078
FoliarEnabled=true
FoliarAppDate= 07/01/1989
FoliarForageBegin= 07/01/1989
FoliarForageEnd= 07/14/1989
AIContactFactor= 0.771748003470711
CL4Pollen= 3.10783699899912
CL4Nectar= 1.11964426469058
CL5Pollen= 2.16199289029464
CL5Nectar= 32.2008231771179
CLDPollen= 4.92550791520625
CLDNectar= 96.2599701946601
CA13Pollen= 7.87594838840887
CA13Nectar= 87.3692028596997
CA410Pollen= 4.61066371975467
CA410Nectar= 168.82612446323
CA1120Pollen= 1.27369302115403
CA1120Nectar= 89.254577383399
IPollenTrips= 14.4049676065333
INectarTrips= 13.8467704597861
IPollenLoad= 2.27994528133422
INectarLoad= 3.80404194118455
