ICQueenStrength= 2.60218762117438
RQWkrDrnRatio= 3.65653104428202
ICDroneMiteSurvivorship= 17.1233561355621
ICWorkerMiteSurvivorship= 43.1822818471119
ICForagerLifespan= 13.1199747398496
ImmType= Exponential
AIAdultSlope= 2.6133636648464
AIAdultLD50= 0.0253902342170477
AIAdultSlopeContact= 3.57088335151551
AIAdultLD50Contact= 0.0136908905114979
AILarvaSlope= 3.03681280710734
AILarvaLD50= 0.375427336106077
AIKOW= 3.10441430751234
AIKOC= 28.2098035980016
AIHalfLife= 0.323889644816518
EAppRate= 5.19101493293419
FoliarEnabled= true
