ICQueenStrength= 3.71083888481371
RQWkrDrnRatio= 3.31745026353747
ICDroneMiteSurvivorship= 4.03301499318331
ICWorkerMiteSurvivorship= 88.8391183456406
ICForagerLifespan= 12.9321357673034
ImmType= Tangent
RQQueenStrength= 4.73175618704408
RQEnableReQueen= true
AIAdultSlope= 1.60582100041211
AIAdultLD50= 16.6115728303536
AIAdultSlopeContact= 1.76932614087127
AIAdultLD50Contact= 61.1361460076903
AILarvaSlope= 8.77742331661284
AILarvaLD50= 95.8495963737976
AIKOW= 69157.3761279712
AIKOC= 67721.5869215198
AIHalfLife= 25.1244995352812
EAppRate= 8.39431097897561
FoliarEnabled= true
FoliarAppDate= 06/07/1989
FoliarForageBegin= 06/05/1989
FoliarForageEnd= 06/28/1989
AIContactFactor= 0.506072333231568
CL4Pollen= 0.214580715633929
CL4Nectar= 20.9511782741174
CL5Pollen= 0.393621743191034
CL5Nectar= 4.87255939515308
CLDPollen= 1.96959933405742
CLDNectar= 74.7096491628326
CA13Pollen= 7.19861409235746
CA13Nectar= 72.3689706809819
CA410Pollen= 7.93456931381952
CA410Nectar= 48.2831606874242
CA1120Pollen= 2.99289537314326
CA1120Nectar= 37.0583691261709
IPollenTrips= 11.3067894987762
INectarTrips= 5.70566545939073
IPollenLoad= 6.64634029380977
INectarLoad= 6.46525257732719
