ICQueenStrength= 3.43648639414459
RQWkrDrnRatio= 1.75108938571066
ICDroneMiteSurvivorship= 1.01075661368668
ICWorkerMiteSurvivorship= 18.9800452440977
ICForagerLifespan= 12.8762312196195
ImmType= Sine
RQQueenStrength= 4.55382379377261
RQEnableReQueen= true
AIAdultSlope= 3.87781974300742
AIAdultLD50= 38.6880440532207
AIAdultSlopeContact= 6.98705817875452
AIAdultLD50Contact= 49.4601262716472
AILarvaSlope= 1.20542603358626
AILarvaLD50= 89.3001201704459
AIKOW= 68706.9718819704
AIKOC= 77362.9201960044
AIHalfLife= 6.37720604196656
EAppRate= 7.49883724345337
FoliarEnabled= true
FoliarAppDate= 06/07/1989
FoliarForageBegin= 06/05/1989
FoliarForageEnd= 06/28/1989
AIContactFactor= 0.267406281498261
CL4Pollen= 1.96307041589171
CL4Nectar= 25.7566867163405
CL5Pollen= 3.13266583671793
CL5Nectar= 97.2966142231598
CLDPollen= 1.71147047309205
CLDNectar= 3.55025161989033
CA13Pollen= 4.19200718430802
CA13Nectar= 74.3514655344188
CA410Pollen= 5.57385439812206
CA410Nectar= 97.6437009731308
CA1120Pollen= 1.62015468603931
CA1120Nectar= 39.7019631229341
IPollenTrips= 9.81072299182415
INectarTrips= 13.392333353404
IPollenLoad= 7.33701759250835
INectarLoad= 3.28252053586766
ESoilP= 1.27791538625024
ESoilFoc= 0.0104062539984006
