ICQueenStrength= 5.63563899393193
RQWkrDrnRatio= 3.83385265711695
ICDroneMiteSurvivorship= 67.3881662776694
ICWorkerMiteSurvivorship= 44.788170629181
ICForagerLifespan= 11.0366341043264
ImmType= Exponential
RQQueenStrength= 1.81042987643741
RQEnableReQueen= true
AIAdultSlope= 5.754289759323
AIAdultLD50= 93.081702720741
AIAdultSlopeContact= 3.22657722211443
AIAdultLD50Contact= 70.2743265826066
AILarvaSlope= 7.16823719255626
AILarvaLD50= 2.10052847218071
AIKOW= 93098.8955227663
AIKOC= 10900.7194459506
AIHalfLife= 5.99876928045414
EAppRate= 3.58988397736289
FoliarEnabled= true
FoliarAppDate= 06/07/1989
FoliarForageBegin= 06/05/1989
FoliarForageEnd= 06/28/1989
AIContactFactor= 0.807102626729757
CL4Pollen= 1.49832901917398
CL4Nectar= 4.66530479025096
CL5Pollen= 0.0692298961803317
CL5Nectar= 72.1744085778482
CLDPollen= 5.76042896742001
CLDNectar= 92.9212093935348
CA13Pollen= 7.19484196072444
CA13Nectar= 61.3423850759864
CA410Pollen= 8.12870950247161
CA410Nectar= 54.4091798551381
CA1120Pollen= 1.25501350359991
CA1120Nectar= 61.7578337341547
IPollenTrips= 9.3480748962611
INectarTrips= 12.5180814764462
IPollenLoad= 9.72629802534357
INectarLoad= 5.21139591699466
