ICQueenStrength= 1.32439271570183
RQWkrDrnRatio= 4.9125239700079
ICDroneMiteSurvivorship= 65.2320140041411
ICWorkerMiteSurvivorship= 18.779832473956
ICForagerLifespan= 5.72974044736475
ImmType= Tangent
RQQueenStrength= 5.63844285928644
RQEnableReQueen= true
AIAdultSlope= 6.62566697411239
AIAdultLD50= 65.1426761703636
AIAdultSlopeContact= 8.77347928774543
AIAdultLD50Contact= 23.7651823538423
AILarvaSlope= 2.41871242783964
AILarvaLD50= 27.6596077548477
AIKOW= 76843.7918148741
AIKOC= 65121.9221802931
AIHalfLife= 17.1775146804517
EAppRate= 8.0296594624992
FoliarEnabled= true
FoliarAppDate= 06/07/1989
FoliarForageBegin= 06/05/1989
FoliarForageEnd= 06/28/1989
AIContactFactor= 0.844175313864835
CL4Pollen= 3.1214630715549
CL4Nectar= 2.84605687484145
CL5Pollen= 0.961426401045173
CL5Nectar= 57.6339090359397
CLDPollen= 2.51914954930544
CLDNectar= 86.4182068733498
CA13Pollen= 7.31012522922829
CA13Nectar= 32.992801964283
CA410Pollen= 8.48566521208268
CA410Nectar= 66.9360597478226
CA1120Pollen= 2.83886229107156
CA1120Nectar= 32.3059613257647
IPollenTrips= 10.1087855873629
INectarTrips= 5.17559198662639
IPollenLoad= 6.2546348432079
INectarLoad= 5.44149854453281
