ICQueenStrength= 4.98881426267326
RQWkrDrnRatio= 1.06368427909911
ICDroneMiteSurvivorship= 5.57631398551166
ICWorkerMiteSurvivorship= 22.0137883909047
ICForagerLifespan= 8.20992794353515
ImmType= Tangent
RQQueenStrength= 3.96698156371713
RQEnableReQueen=true
AIAdultSlope= 2.70195808261633
AIAdultLD50= 0.453366411967902
AIAdultSlopeContact= 7.53550623031333
AIAdultLD50Contact= 47.9910692639891
AILarvaSlope= 7.48720079474151
AILarvaLD50= 4.48346434742981
AIKOW= 97201.1229493908
AIKOC= 25171.2206061329
AIHalfLife= 15.8789916576818
EAppRate= 8.40763503078953
FoliarEnabled=true
FoliarAppDate= 07/01/1989
FoliarForageBegin= 07/01/1989
FoliarForageEnd= 07/14/1989
AIContactFactor= 1.5043098842958
CL4Pollen= 0.61507928557694
CL4Nectar= 56.6823981469497
CL5Pollen= 0.455945850815624
CL5Nectar= 12.739824084565
CLDPollen= 4.28380303597078
CLDNectar= 42.5173180410638
CA13Pollen= 7.32697935616597
CA13Nectar= 48.3941016718745
CA410Pollen= 3.48210828152951
CA410Nectar= 121.430714041926
CA1120Pollen= 2.50713245733641
CA1120Nectar= 77.6092634350061
IPollenTrips= 13.3190560992807
INectarTrips= 7.08369093947113
IPollenLoad= 2.97152345767245
INectarLoad= 6.45789751317352
