ICQueenStrength= 2.03793432191014
RQWkrDrnRatio= 1.13212573248893
ICDroneMiteSurvivorship= 93.7946458347142
ICWorkerMiteSurvivorship= 54.726054915227
ICForagerLifespan= 6.78998982068151
ImmType= Sine
RQQueenStrength= 1.90423904545605
RQEnableReQueen=true
AIAdultSlope= 2.02352945879102
AIAdultLD50= 0.422307797188638
AIAdultSlopeContact= 7.8579904162325
AIAdultLD50Contact= 33.433824340828
AILarvaSlope= 4.55414735898376
AILarvaLD50= 26.410627963736
AIKOW= 74392.4462698311
AIKOC= 39081.1527778232
AIHalfLife= 2.02673724023625
EAppRate= 3.02936915135221
FoliarEnabled=true
FoliarAppDate= 07/01/1989
FoliarForageBegin= 07/01/1989
FoliarForageEnd= 07/14/1989
AIContactFactor= 1.06044825103134
CL4Pollen= 0.435756509192288
CL4Nectar= 70.737927313894
CL5Pollen= 1.18982412200421
CL5Nectar= 120.131856214721
CLDPollen= 0.794872018508613
CLDNectar= 55.5268337018788
CA13Pollen= 7.97735220594332
CA13Nectar= 84.7390336915851
CA410Pollen= 4.92998612332158
CA410Nectar= 136.781849889085
CA1120Pollen= 0.774150000885129
CA1120Nectar= 89.3965220823884
IPollenTrips= 11.9423993048258
INectarTrips= 5.38282280787826
IPollenLoad= 0.782210351899266
INectarLoad= 6.57634040340781
