ICQueenStrength= 3.72491065436043
RQWkrDrnRatio= 3.5246797055006
ICDroneMiteSurvivorship= 57.6705212472007
ICWorkerMiteSurvivorship= 59.2568447813392
ICForagerLifespan= 12.7034073090181
ImmType= Exponential
RQQueenStrength= 4.53334913146682
RQEnableReQueen= true
AIAdultSlope= 3.98372975178063
AIAdultLD50= 90.5583014529943
AIAdultSlopeContact= 2.46964011667296
AIAdultLD50Contact= 62.2024352218211
AILarvaSlope= 2.03274683095515
AILarvaLD50= 3.01900113556487
AIKOW= 49867.0464223115
AIKOC= 91564.54533889
AIHalfLife= 10.5023724281229
EAppRate= 9.69364615649288
FoliarEnabled= true
FoliarAppDate= 06/07/1989
FoliarForageBegin= 06/05/1989
FoliarForageEnd= 06/28/1989
AIContactFactor= 1.54210763087496
CL4Pollen= 1.19619421474636
CL4Nectar= 64.7230420960113
CL5Pollen= 1.54517536656931
CL5Nectar= 68.9843757776543
CLDPollen= 1.02873078128323
CLDNectar= 116.822374798357
CA13Pollen= 7.12551678465679
CA13Nectar= 60.5787247605622
CA410Pollen= 5.18521621611435
CA410Nectar= 49.6145201427862
CA1120Pollen= 0.906632737722248
CA1120Nectar= 76.8963639810681
IPollenTrips= 14.7522434662096
INectarTrips= 9.38986854394898
IPollenLoad= 4.86770116491243
INectarLoad= 2.76236064732075
