ICQueenStrength= 5.04426890076138
RQWkrDrnRatio= 3.11310289427638
ICDroneMiteSurvivorship= 10.1538978051394
ICWorkerMiteSurvivorship= 57.2251340374351
ICForagerLifespan= 15.9834911487997
ImmType= Logarithmic
RQQueenStrength= 5.46134492522106
RQEnableReQueen= true
AIAdultSlope= 6.60355414822698
AIAdultLD50= 9.30279303675797
AIAdultSlopeContact= 7.75442336918786
AIAdultLD50Contact= 58.0203295292212
AILarvaSlope= 4.45157766342163
AILarvaLD50= 54.2471678203042
AIKOW= 28302.5408149295
AIKOC= 93068.531459962
AIHalfLife= 15.5142336876364
EAppRate= 5.80360439104075
FoliarEnabled= true
FoliarAppDate= 06/07/1989
FoliarForageBegin= 06/05/1989
FoliarForageEnd= 06/28/1989
AIContactFactor= 0.847152990335599
CL4Pollen= 1.10677526798099
CL4Nectar= 87.0150112081319
CL5Pollen= 2.53998048976064
CL5Nectar= 133.848294080235
CLDPollen= 2.65457228058949
CLDNectar= 3.88181075686589
CA13Pollen= 4.45348388776183
CA13Nectar= 33.9852705411613
CA410Pollen= 9.27241942437831
CA410Nectar= 22.4863192858174
CA1120Pollen= 0.890960610704497
CA1120Nectar= 35.2174895070493
IPollenTrips= 7.82648848602548
INectarTrips= 11.9326697406359
IPollenLoad= 6.44286681897938
INectarLoad= 2.23567193606868
