ICQueenStrength= 4.92906948691234
RQWkrDrnRatio= 2.31541237793863
ICDroneMiteSurvivorship= 87.1372977504507
ICWorkerMiteSurvivorship= 61.4829526515678
ICForagerLifespan= 9.93252507317811
ImmType= Tangent
RQQueenStrength= 2.73492954112589
RQEnableReQueen= true
AIAdultSlope= 6.98130491003394
AIAdultLD50= 30.6826851064751
AIAdultSlopeContact= 9.48037796723656
AIAdultLD50Contact= 11.9523554470751
AILarvaSlope= 7.82096133939922
AILarvaLD50= 7.6124884078952
AIKOW= 71285.7944966896
AIKOC= 36115.7006903554
AIHalfLife= 34.2952265443979
EAppRate= 8.28524395724945
FoliarEnabled= true
FoliarAppDate= 06/07/1989
FoliarForageBegin= 06/05/1989
FoliarForageEnd= 06/28/1989
AIContactFactor= 1.47800259571988
CL4Pollen= 0.0177874537184834
CL4Nectar= 73.8359839189798
CL5Pollen= 3.70098554855213
CL5Nectar= 91.5403623017482
CLDPollen= 4.66834557149559
CLDNectar= 26.4879534370266
CA13Pollen= 7.54286756860092
CA13Nectar= 36.0418740659952
CA410Pollen= 8.6153716819128
CA410Nectar= 35.5928839324042
CA1120Pollen= 0.807056978344917
CA1120Nectar= 79.0234743617475
IPollenTrips= 7.71917098900303
INectarTrips= 12.1008909749798
IPollenLoad= 9.64280786225572
INectarLoad= 7.01947803841904
ESoilP= 1.55615162523463
ESoilFoc= 0.0174475422983523
