ICQueenStrength= 2.75075345323421
RQWkrDrnRatio= 1.84525975305587
ICDroneMiteSurvivorship= 45.016903639771
ICWorkerMiteSurvivorship= 37.1874506352469
ICForagerLifespan= 9.67504584882408
ImmType= Cosine
RQQueenStrength= 4.67955287103541
RQEnableReQueen= true
AIAdultSlope= 5.6464727986604
AIAdultLD50= 73.5672591461167
AIAdultSlopeContact= 7.10935754096135
AIAdultLD50Contact= 23.1797251474755
AILarvaSlope= 5.56487030722201
AILarvaLD50= 83.4488205553156
AIKOW= 22753.2926428159
AIKOC= 11263.2812352765
AIHalfLife= 18.9577068993123
EAppRate= 1.62291304470971
FoliarEnabled= true
FoliarAppDate= 06/07/1989
FoliarForageBegin= 06/05/1989
FoliarForageEnd= 06/28/1989
AIContactFactor= 1.5123881907016
CL4Pollen= 1.54889124259353
CL4Nectar= 57.2406618157402
CL5Pollen= 5.54761661309749
CL5Nectar= 91.5802031289786
CLDPollen= 2.29597378196195
CLDNectar= 50.0000446569175
CA13Pollen= 3.41001042844728
CA13Nectar= 26.8084614351392
CA410Pollen= 3.84804624298122
CA410Nectar= 79.5664696814492
CA1120Pollen= 0.557193741900846
CA1120Nectar= 49.6928675100207
IPollenTrips= 11.300262787845
INectarTrips= 7.80616024276242
IPollenLoad= 4.92601290345192
INectarLoad= 3.55335664004087
ESoilP= 1.39512483449653
ESoilFoc= 0.00493597112596035
