ICQueenStrength= 1.84821618278511
RQWkrDrnRatio= 3.48323943745345
ICDroneMiteSurvivorship= 88.1240218644962
ICWorkerMiteSurvivorship= 20.8823019172996
ICForagerLifespan= 7.28972888179123
ImmType= Polynomial
AIAdultSlope= 1.29437484214548
AIAdultLD50= 0.145101998187602
AIAdultSlopeContact= 2.41512843978591
AIAdultLD50Contact= 0.0360876538907178
AILarvaSlope= 2.83495382894762
AILarvaLD50= 0.11727259112522
AIKOW= 3.20576963108033
AIKOC= 25.876999309985
AIHalfLife= 2.17977433910128
EAppRate= 7.03596521168947
FoliarEnabled= true
