ICQueenStrength= 1.83381886500865
RQWkrDrnRatio= 4.77833938691765
ICDroneMiteSurvivorship= 69.1416469635442
ICWorkerMiteSurvivorship= 56.380789889954
ICForagerLifespan= 6.85689575318247
ImmType= Tangent
RQQueenStrength= 4.04934612940997
RQEnableReQueen=true
AIAdultSlope= 2.58165531232953
AIAdultLD50= 0.641017636719858
AIAdultSlopeContact= 3.45293399784714
AIAdultLD50Contact= 21.0377873003311
AILarvaSlope= 4.24249239638448
AILarvaLD50= 28.4815156893407
AIKOW= 24467.1224945055
AIKOC= 83915.740302904
AIHalfLife= 3.62642141678371
EAppRate= 7.43617426485173
FoliarEnabled=true
FoliarAppDate= 07/01/1989
FoliarForageBegin= 07/01/1989
FoliarForageEnd= 07/14/1989
AIContactFactor= 1.14177499283105
CL4Pollen= 3.21384001988918
CL4Nectar= 97.2765262704343
CL5Pollen= 5.58345959382132
CL5Nectar= 69.160500203725
CLDPollen= 1.66264998866245
CLDNectar= 101.925225136802
CA13Pollen= 4.82079371092841
CA13Nectar= 42.2876597382128
CA410Pollen= 6.04805339407176
CA410Nectar= 198.959327922203
CA1120Pollen= 1.55115378764458
CA1120Nectar= 27.3633806966245
IPollenTrips= 12.4776755226776
INectarTrips= 5.52434432553127
IPollenLoad= 5.26388104539365
INectarLoad= 5.35299948882312
