ICQueenStrength= 3.97009558766149
RQWkrDrnRatio= 3.01295650098473
ICDroneMiteSurvivorship= 83.9212545659393
ICWorkerMiteSurvivorship= 52.6031800080091
ICForagerLifespan= 14.058735777624
ImmType= Polynomial
RQQueenStrength= 2.41655641957186
RQEnableReQueen= true
AIAdultSlope= 1.26669036224484
AIAdultLD50= 29.844294533771
AIAdultSlopeContact= 3.48057417222299
AIAdultLD50Contact= 71.0898960688911
AILarvaSlope= 6.88703759759665
AILarvaLD50= 34.7834950209528
AIKOW= 12228.7835221398
AIKOC= 99068.7894158973
AIHalfLife= 8.3344723038841
EAppRate= 6.21549113112083
FoliarEnabled= true
FoliarAppDate= 06/07/1989
FoliarForageBegin= 06/05/1989
FoliarForageEnd= 06/28/1989
AIContactFactor= 1.21722467937972
CL4Pollen= 2.12009401153773
CL4Nectar= 91.2389497505501
CL5Pollen= 5.4141502850689
CL5Nectar= 3.2990500680171
CLDPollen= 4.97724876925349
CLDNectar= 1.21055147610605
CA13Pollen= 4.13730487814173
CA13Nectar= 24.6170725673437
CA410Pollen= 8.10928159854375
CA410Nectar= 174.035452012904
CA1120Pollen= 0.433632381493226
CA1120Nectar= 53.6054361239076
IPollenTrips= 14.0141443698667
INectarTrips= 13.7863141624257
IPollenLoad= 4.09157784190029
INectarLoad= 9.66360605787486
