ICQueenStrength= 5.18668392929249
RQWkrDrnRatio= 3.30606902670115
ICDroneMiteSurvivorship= 53.2666944665834
ICWorkerMiteSurvivorship= 97.7350790519267
ICForagerLifespan= 5.3092064037919
ImmType= Sine
RQQueenStrength= 1.05778072751127
RQEnableReQueen= true
AIAdultSlope= 3.89726467244327
AIAdultLD50= 0.160038750458974
AIAdultSlopeContact= 8.20799716585316
AIAdultLD50Contact= 93.1693572031353
AILarvaSlope= 8.14089679345489
AILarvaLD50= 99.5161167538806
AIKOW= 90600.451602851
AIKOC= 1534.30779733905
AIHalfLife= 31.7269885270856
EAppRate= 0.154023651863681
FoliarEnabled= true
FoliarAppDate= 09/01/1989
FoliarForageBegin= 09/01/1989
FoliarForageEnd= 09/08/1989
AIContactFactor= 1.2296314206114
CL4Pollen= 1.14634051918983
CL4Nectar= 52.1593118784949
CL5Pollen= 1.87225765781477
CL5Nectar= 50.7318513351493
CLDPollen= 3.90015489980578
CLDNectar= 109.700125688687
CA13Pollen= 4.26500206515193
CA13Nectar= 68.2623156160116
CA410Pollen= 8.15392670740839
CA410Nectar= 41.4521702798083
CA1120Pollen= 1.1474117373582
CA1120Nectar= 64.8476180620492
IPollenTrips= 14.6628682035953
INectarTrips= 6.90608419245109
IPollenLoad= 5.11809071525931
INectarLoad= 6.37205141130835
