ICQueenStrength= 4.80772391450591
RQWkrDrnRatio= 1.3799511725083
ICDroneMiteSurvivorship= 90.04899894353
ICWorkerMiteSurvivorship= 34.1711476678029
ICForagerLifespan= 14.3242868809029
ImmType= Logarithmic
AIAdultSlope= 0.0566917403507978
AIAdultLD50= 0.113447837671265
AIAdultSlopeContact= 0.0877387791126966
AIAdultLD50Contact= 0.0427774565643631
AILarvaSlope= 1.50468294080347
AILarvaLD50= 0.34333355021663
AIKOW= 2.8357806308195
AIKOC= 29.1595483385026
AIHalfLife= 0.541026092646643
EAppRate= 4.10131977405399
FoliarEnabled= true
