ICQueenStrength= 2.39324977062643
RQWkrDrnRatio= 2.81003165617585
ICDroneMiteSurvivorship= 56.4524834277108
ICWorkerMiteSurvivorship= 86.3828392699361
ICForagerLifespan= 12.991389259696
ImmType= Cosine
RQQueenStrength= 5.12317400216125
RQEnableReQueen= true
AIAdultSlope= 5.29534022510052
AIAdultLD50= 44.398385890532
AIAdultSlopeContact= 1.94251760910265
AIAdultLD50Contact= 23.1321911747253
AILarvaSlope= 6.00670811161399
AILarvaLD50= 80.508995065619
AIKOW= 80875.8102389466
AIKOC= 16734.2481838008
AIHalfLife= 15.955947141815
EAppRate= 4.55016979443422
FoliarEnabled= true
FoliarAppDate= 06/07/1989
FoliarForageBegin= 06/05/1989
FoliarForageEnd= 06/28/1989
AIContactFactor= 1.72542032157071
CL4Pollen= 3.80694551579654
CL4Nectar= 93.1051872903481
CL5Pollen= 5.10956327989697
CL5Nectar= 37.5975188333541
CLDPollen= 1.3847124860622
CLDNectar= 145.602263615001
CA13Pollen= 2.99441488627344
CA13Nectar= 95.2591597102582
CA410Pollen= 5.91572337944526
CA410Nectar= 39.0563446609303
CA1120Pollen= 2.02666042931378
CA1120Nectar= 45.8166491426528
IPollenTrips= 8.22494472144172
INectarTrips= 6.53912083711475
IPollenLoad= 0.559918070212007
INectarLoad= 5.78746989602223
ESoilP= 1.06731437635608
ESoilFoc= 0.00339685913338326
