ICQueenStrength= 3.2761350357905
RQWkrDrnRatio= 4.94047258608043
ICDroneMiteSurvivorship= 74.3630456039682
ICWorkerMiteSurvivorship= 70.4416622174904
ICForagerLifespan= 10.2940679108724
ImmType= Cosine
RQQueenStrength= 1.13292518793605
RQEnableReQueen= true
AIAdultSlope= 1.32024955376983
AIAdultLD50= 50.0476956033595
AIAdultSlopeContact= 2.43146078032441
AIAdultLD50Contact= 1.07214363794005
AILarvaSlope= 1.20500982180238
AILarvaLD50= 73.9920778299966
AIKOW= 43416.3959702652
AIKOC= 99486.6055087992
AIHalfLife= 14.983049562783
EAppRate= 6.33283001953573
FoliarEnabled= true
FoliarAppDate= 06/07/1989
FoliarForageBegin= 06/05/1989
FoliarForageEnd= 06/28/1989
AIContactFactor= 0.376814173622988
CL4Pollen= 1.79987590853125
CL4Nectar= 68.9317394280806
CL5Pollen= 5.98577652359381
CL5Nectar= 106.472490204033
CLDPollen= 0.750037447549403
CLDNectar= 143.344320519827
CA13Pollen= 5.66711169555783
CA13Nectar= 80.4098971001804
CA410Pollen= 5.01560278651305
CA410Nectar= 153.980136835016
CA1120Pollen= 1.62696072086692
CA1120Nectar= 39.8774509690702
IPollenTrips= 13.3661142806523
INectarTrips= 7.57073922315612
IPollenLoad= 9.91707124747336
INectarLoad= 5.26859195902944
