ICQueenStrength= 1.87015343131498
RQWkrDrnRatio= 4.81954417563975
ICDroneMiteSurvivorship= 79.0593933314085
ICWorkerMiteSurvivorship= 13.908757804893
ICForagerLifespan= 15.6047864425927
ImmType= Logarithmic
RQQueenStrength= 3.58831949089654
RQEnableReQueen= true
AIAdultSlope= 8.98742102086544
AIAdultLD50= 0.19814425976295
AIAdultSlopeContact= 4.94943818543106
AIAdultLD50Contact= 0.786545017747441
AILarvaSlope= 8.44598962552845
AILarvaLD50= 84.7980418302261
AIKOW= 40622.4464072072
AIKOC= 74799.0592576067
AIHalfLife= 34.758195170504
EAppRate= 0.914193637294229
FoliarEnabled= true
FoliarAppDate= 09/01/1989
FoliarForageBegin= 09/01/1989
FoliarForageEnd= 09/08/1989
AIContactFactor= 0.950943881790154
CL4Pollen= 1.66687833331525
CL4Nectar= 0.819156924262643
CL5Pollen= 0.297394510824233
CL5Nectar= 105.997024825774
CLDPollen= 0.293783877510577
CLDNectar= 113.01326357061
CA13Pollen= 2.96790520083159
CA13Nectar= 96.994360871613
CA410Pollen= 8.15356119812932
CA410Nectar= 103.016034369357
CA1120Pollen= 1.12161758425646
CA1120Nectar= 45.3645558468997
IPollenTrips= 7.0683104172349
INectarTrips= 6.18964449269697
IPollenLoad= 8.58665466541424
INectarLoad= 3.75671313144267
