ICQueenStrength= 4.59344740281813
RQWkrDrnRatio= 1.21493325941265
ICDroneMiteSurvivorship= 46.501453127712
ICWorkerMiteSurvivorship= 89.6937815938145
ICForagerLifespan= 9.08012827951461
ImmType= Sine
RQQueenStrength= 2.28153024357744
RQEnableReQueen= true
AIAdultSlope= 5.45058013126254
AIAdultLD50= 93.7163006014966
AIAdultSlopeContact= 5.72005991917104
AIAdultLD50Contact= 74.2426798398467
AILarvaSlope= 5.6012096516788
AILarvaLD50= 46.5331156058616
AIKOW= 78350.2306087189
AIKOC= 97096.2206874087
AIHalfLife= 25.3399115812033
EAppRate= 0.0639757762432564
FoliarEnabled= true
FoliarAppDate= 06/07/1989
FoliarForageBegin= 06/05/1989
FoliarForageEnd= 06/28/1989
AIContactFactor= 0.658636787985451
CL4Pollen= 1.86646843701601
CL4Nectar= 10.8240485191345
CL5Pollen= 3.26559214526787
CL5Nectar= 65.424954390619
CLDPollen= 4.86035822192207
CLDNectar= 96.1469920934178
CA13Pollen= 7.09191289525479
CA13Nectar= 38.9954741112888
CA410Pollen= 5.86670578713529
CA410Nectar= 192.264927458018
CA1120Pollen= 0.147062447620556
CA1120Nectar= 61.4970761537552
IPollenTrips= 12.6198289496824
INectarTrips= 10.7234877371229
IPollenLoad= 8.16374145448208
INectarLoad= 2.75029228301719
