ICQueenStrength= 1.93982657650486
RQWkrDrnRatio= 3.41290786210448
ICDroneMiteSurvivorship= 56.9128169678152
ICWorkerMiteSurvivorship= 11.0511701786891
ICForagerLifespan= 12.5245024058968
ImmType= Logarithmic
RQQueenStrength= 2.37296480243094
RQEnableReQueen= true
AIAdultSlope= 3.0346350800246
AIAdultLD50= 80.6611365885858
AIAdultSlopeContact= 3.46412446722388
AIAdultLD50Contact= 74.2044040289451
AILarvaSlope= 3.10651634819806
AILarvaLD50= 63.2355989969312
AIKOW= 99767.4850746674
AIKOC= 97031.2460344953
AIHalfLife= 10.9847448056564
EAppRate= 4.22430193087109
FoliarEnabled= true
FoliarAppDate= 06/07/1989
FoliarForageBegin= 06/05/1989
FoliarForageEnd= 06/28/1989
AIContactFactor= 1.51608873478137
CL4Pollen= 0.9024259718135
CL4Nectar= 38.5726173408329
CL5Pollen= 0.993645070586354
CL5Nectar= 130.863983463496
CLDPollen= 3.69550150958821
CLDNectar= 52.6108833728358
CA13Pollen= 6.1562287479639
CA13Nectar= 50.1214014180005
CA410Pollen= 4.92886942217592
CA410Nectar= 191.155037875287
CA1120Pollen= 0.256706978660077
CA1120Nectar= 73.9967446774244
IPollenTrips= 11.2923414399847
INectarTrips= 6.40623664250597
IPollenLoad= 4.39564147498459
INectarLoad= 7.64187598833814
