ICQueenStrength= 5.21620319481008
RQWkrDrnRatio= 4.91376826819032
ICDroneMiteSurvivorship= 72.290141438134
ICWorkerMiteSurvivorship= 50.4000396467745
ICForagerLifespan= 14.1789416288957
ImmType= Cosine
RQQueenStrength= 4.83222414762713
RQEnableReQueen= true
AIAdultSlope= 5.81963548064232
AIAdultLD50= 48.56249251082
AIAdultSlopeContact= 2.05174840451218
AIAdultLD50Contact= 65.2751466808859
AILarvaSlope= 6.12999886274338
AILarvaLD50= 10.149688106054
AIKOW= 59657.6693530429
AIKOC= 80528.5967650739
AIHalfLife= 1.2145572782727
EAppRate= 5.40123710202985
FoliarEnabled= true
FoliarAppDate= 06/07/1989
FoliarForageBegin= 06/05/1989
FoliarForageEnd= 06/28/1989
AIContactFactor= 2.36423238648102
CL4Pollen= 3.71503648813814
CL4Nectar= 7.51397972926497
CL5Pollen= 3.87281391676515
CL5Nectar= 27.6083752512932
CLDPollen= 0.137380324769765
CLDNectar= 1.74802652327344
CA13Pollen= 4.11487106634304
CA13Nectar= 49.3551521748304
CA410Pollen= 8.34747257805429
CA410Nectar= 134.215923268348
CA1120Pollen= 2.72091532289051
CA1120Nectar= 80.4964005388319
IPollenTrips= 6.48179210256785
INectarTrips= 13.6317907692865
IPollenLoad= 4.80408828472719
INectarLoad= 3.29100528266281
