ICQueenStrength= 5.30573603254743
RQWkrDrnRatio= 4.33085426595062
ICDroneMiteSurvivorship= 32.8319065738469
ICWorkerMiteSurvivorship= 84.493268863298
ICForagerLifespan= 9.14953897893429
ImmType= Sine
RQQueenStrength= 3.31569425435737
RQEnableReQueen= true
AIAdultSlope= 3.96449756249785
AIAdultLD50= 29.4628094368526
AIAdultSlopeContact= 5.99953525024466
AIAdultLD50Contact= 20.3588945310656
AILarvaSlope= 4.78433575294912
AILarvaLD50= 88.650534083304
AIKOW= 64287.6038417124
AIKOC= 8133.92735021957
AIHalfLife= 13.7518545969157
EAppRate= 6.79613887693104
FoliarEnabled= true
FoliarAppDate= 06/07/1989
FoliarForageBegin= 06/05/1989
FoliarForageEnd= 06/28/1989
AIContactFactor= 2.12365962606855
CL4Pollen= 0.757419034838676
CL4Nectar= 84.3730360968038
CL5Pollen= 4.30563048971817
CL5Nectar= 2.0964321331121
CLDPollen= 3.98081800946966
CLDNectar= 74.5320454007015
CA13Pollen= 7.17028649365529
CA13Nectar= 96.0846814885736
CA410Pollen= 4.84591600622516
CA410Nectar= 114.200827395543
CA1120Pollen= 2.51542162243277
CA1120Nectar= 41.0909369215369
IPollenTrips= 8.18113834131509
INectarTrips= 7.06176429055631
IPollenLoad= 2.22041189437732
INectarLoad= 3.36882264353335
ESoilP= 1.56685017538257
ESoilFoc= 0.0151526454484556
