ICQueenStrength= 4.40796262724325
RQWkrDrnRatio= 3.46203221660107
ICDroneMiteSurvivorship= 95.1427440159023
ICWorkerMiteSurvivorship= 69.2283854354173
ICForagerLifespan= 13.0084447674453
ImmType= Cosine
RQQueenStrength= 5.50918659917079
RQEnableReQueen= true
AIAdultSlope= 3.13702039979398
AIAdultLD50= 0.843910213234136
AIAdultSlopeContact= 8.48481457028538
AIAdultLD50Contact= 41.4195562098322
AILarvaSlope= 3.35469710826874
AILarvaLD50= 5.93918432054832
AIKOW= 6820.58863347779
AIKOC= 99949.5646837638
AIHalfLife= 13.8436514129629
EAppRate= 9.34874008455733
FoliarEnabled= true
FoliarAppDate= 09/01/1989
FoliarForageBegin= 09/01/1989
FoliarForageEnd= 09/08/1989
AIContactFactor= 1.24086613695137
CL4Pollen= 1.77241360303015
CL4Nectar= 40.2612876845524
CL5Pollen= 3.86017764732242
CL5Nectar= 34.3237553257495
CLDPollen= 2.73919951776043
CLDNectar= 126.881313021295
CA13Pollen= 4.60323508437723
CA13Nectar= 91.348889824003
CA410Pollen= 3.6565311628161
CA410Nectar= 28.5359438601881
CA1120Pollen= 2.56944847083651
CA1120Nectar= 52.1035348810256
IPollenTrips= 13.6571461637504
INectarTrips= 12.5836532772519
IPollenLoad= 7.99731632927433
INectarLoad= 1.18690192466602
