ICQueenStrength= 2.84173423913307
RQWkrDrnRatio= 3.89342195820063
ICDroneMiteSurvivorship= 22.661498375237
ICWorkerMiteSurvivorship= 48.1208747718483
ICForagerLifespan= 11.8476089406759
ImmType= Tangent
RQQueenStrength= 1.68026810302399
RQEnableReQueen= true
AIAdultSlope= 3.13357966206968
AIAdultLD50= 26.0884994656129
AIAdultSlopeContact= 3.40956475469284
AIAdultLD50Contact= 45.754334669766
AILarvaSlope= 4.00609026476741
AILarvaLD50= 36.5237321034563
AIKOW= 26029.5651550551
AIKOC= 53681.136970388
AIHalfLife= 27.2590211022412
EAppRate= 8.86730101638543
FoliarEnabled= true
FoliarAppDate= 06/07/1989
FoliarForageBegin= 06/05/1989
FoliarForageEnd= 06/28/1989
AIContactFactor= 0.77232360208407
CL4Pollen= 0.189757592044771
CL4Nectar= 89.6391421323642
CL5Pollen= 0.88428551517427
CL5Nectar= 82.4407109990716
CLDPollen= 5.52501303423196
CLDNectar= 7.94732352951542
CA13Pollen= 2.82359077902511
CA13Nectar= 87.3287921771407
CA410Pollen= 3.62496218376327
CA410Nectar= 189.545140694827
CA1120Pollen= 2.77934425813146
CA1120Nectar= 63.8607696071267
IPollenTrips= 10.2546016825363
INectarTrips= 9.79836478829384
IPollenLoad= 1.41535697737709
INectarLoad= 8.57964803464711
