ICQueenStrength= 3.08125250414014
RQWkrDrnRatio= 2.51252209208906
ICDroneMiteSurvivorship= 42.9321377305314
ICWorkerMiteSurvivorship= 10.5588129954413
ICForagerLifespan= 15.9244060935453
ImmType= Tangent
RQQueenStrength= 2.28368908073753
RQEnableReQueen=true
AIAdultSlope= 4.34534412249923
AIAdultLD50= 0.247129706218839
AIAdultSlopeContact= 4.52221367671154
AIAdultLD50Contact= 65.5410595506018
AILarvaSlope= 4.16441836021841
AILarvaLD50= 52.4261106977751
AIKOW= 57749.6356206003
AIKOC= 73093.909146115
AIHalfLife= 16.6001487119123
EAppRate= 4.56640574018448
FoliarEnabled=true
FoliarAppDate= 07/01/1989
FoliarForageBegin= 07/01/1989
FoliarForageEnd= 07/14/1989
AIContactFactor= 1.03945935636293
CL4Pollen= 0.909853315912187
CL4Nectar= 30.674326652661
CL5Pollen= 3.12778948293999
CL5Nectar= 25.4524199059233
CLDPollen= 3.16574529977515
CLDNectar= 47.3568349611014
CA13Pollen= 6.54898170689121
CA13Nectar= 49.1440450958908
CA410Pollen= 7.05786979601253
CA410Nectar= 133.484716503881
CA1120Pollen= 0.149881762219593
CA1120Nectar= 67.7182626537979
IPollenTrips= 10.6501471018419
INectarTrips= 14.8675103252754
IPollenLoad= 7.97483949223533
INectarLoad= 1.11551719484851
