ICQueenStrength= 4.88602748885751
RQWkrDrnRatio= 1.78783009108156
ICDroneMiteSurvivorship= 83.2705478183925
ICWorkerMiteSurvivorship= 26.1038705240935
ICForagerLifespan= 8.92295289319009
ImmType= Exponential
RQQueenStrength= 4.54995855502784
RQEnableReQueen=true
AIAdultSlope= 5.02278572879732
AIAdultLD50= 0.924713352314895
AIAdultSlopeContact= 1.28846685215831
AIAdultLD50Contact= 8.15831157610006
AILarvaSlope= 1.51542218215764
AILarvaLD50= 70.5093021338095
AIKOW= 54996.0107377423
AIKOC= 17735.0745738894
AIHalfLife= 25.1114879848901
EAppRate= 6.00072657611244
FoliarEnabled=true
FoliarAppDate= 07/01/1989
FoliarForageBegin= 07/01/1989
FoliarForageEnd= 07/14/1989
AIContactFactor= 1.03205944807734
CL4Pollen= 3.96622453350574
CL4Nectar= 50.0948167871684
CL5Pollen= 5.43320900481194
CL5Nectar= 60.0429455749691
CLDPollen= 1.16053493879735
CLDNectar= 118.742399546318
CA13Pollen= 2.58669795589522
CA13Nectar= 59.593577478081
CA410Pollen= 3.95863876566291
CA410Nectar= 91.1076686903834
CA1120Pollen= 0.302881463197991
CA1120Nectar= 23.1505655311048
IPollenTrips= 12.2389493626542
INectarTrips= 7.96673009637743
IPollenLoad= 1.17215080885217
INectarLoad= 8.59470586990938
