ICQueenStrength= 5.70092427218333
RQWkrDrnRatio= 2.84063844569027
ICDroneMiteSurvivorship= 75.7305721053854
ICWorkerMiteSurvivorship= 29.8278813716024
ICForagerLifespan= 14.6229209983721
ImmType= Polynomial
RQQueenStrength= 3.26156256743707
RQEnableReQueen= true
AIAdultSlope= 2.48667633719742
AIAdultLD50= 61.4192702449616
AIAdultSlopeContact= 7.38307653507218
AIAdultLD50Contact= 59.8806407373843
AILarvaSlope= 2.92782420106232
AILarvaLD50= 81.1082824834629
AIKOW= 95882.1676831217
AIKOC= 50147.3936658702
AIHalfLife= 13.9811949935509
EAppRate= 7.50586353256111
FoliarEnabled= true
FoliarAppDate= 06/07/1989
FoliarForageBegin= 06/05/1989
FoliarForageEnd= 06/28/1989
AIContactFactor= 2.37711424770299
CL4Pollen= 1.56548469047993
CL4Nectar= 28.0436717439443
CL5Pollen= 0.507482890505344
CL5Nectar= 140.121225162875
CLDPollen= 3.004817398265
CLDNectar= 17.5368438125588
CA13Pollen= 5.87624351149425
CA13Nectar= 80.3204775229096
CA410Pollen= 3.39861377594061
CA410Nectar= 51.315644364804
CA1120Pollen= 0.954466081922874
CA1120Nectar= 61.2921810336411
IPollenTrips= 7.85629612393677
INectarTrips= 5.30388525919989
IPollenLoad= 1.0899908374995
INectarLoad= 4.51647056965157
