ICQueenStrength= 4.02407724549994
RQWkrDrnRatio= 2.47032201010734
ICDroneMiteSurvivorship= 18.2898469502106
ICWorkerMiteSurvivorship= 29.7023070976138
ICForagerLifespan= 7.68075559195131
ImmType= Cosine
RQQueenStrength= 5.26270645228215
RQEnableReQueen= true
AIAdultSlope= 6.78623348660767
AIAdultLD50= 59.6498128596395
AIAdultSlopeContact= 5.20470707048662
AIAdultLD50Contact= 49.246524941864
AILarvaSlope= 3.2183293774724
AILarvaLD50= 21.0492082742495
AIKOW= 34832.6768468029
AIKOC= 43806.9025052933
AIHalfLife= 0.501194050628692
EAppRate= 1.93786862198287
FoliarEnabled= true
FoliarAppDate= 06/07/1989
FoliarForageBegin= 06/05/1989
FoliarForageEnd= 06/28/1989
AIContactFactor= 0.430282298391685
CL4Pollen= 2.24709374085069
CL4Nectar= 57.5307124760002
CL5Pollen= 5.95236210152507
CL5Nectar= 123.304488393478
CLDPollen= 0.0153820160776377
CLDNectar= 31.45530174952
CA13Pollen= 5.49670078260824
CA13Nectar= 78.2936962880194
CA410Pollen= 5.52671169803943
CA410Nectar= 119.073437340558
CA1120Pollen= 0.164595784619451
CA1120Nectar= 91.030903775245
IPollenTrips= 8.1893067760393
INectarTrips= 7.47688641073182
IPollenLoad= 7.31064541265368
INectarLoad= 3.06414888473228
ESoilP= 1.24025847157463
ESoilFoc= 0.011895259618992
