ICQueenStrength= 1.36740378825925
RQWkrDrnRatio= 1.40173226501793
ICDroneMiteSurvivorship= 4.90466274786741
ICWorkerMiteSurvivorship= 12.3102084733546
ICForagerLifespan= 14.1178316343576
ImmType= Exponential
RQQueenStrength= 1.69293658132665
RQEnableReQueen= true
AIAdultSlope= 6.58446954004467
AIAdultLD50= 30.7470122405607
AIAdultSlopeContact= 5.7531854477711
AIAdultLD50Contact= 36.6531531218356
AILarvaSlope= 8.68040672130883
AILarvaLD50= 35.1973659078996
AIKOW= 95038.9449090597
AIKOC= 60142.2961783742
AIHalfLife= 2.19430286637507
EAppRate= 2.52430958340317
FoliarEnabled= true
FoliarAppDate= 06/07/1989
FoliarForageBegin= 06/05/1989
FoliarForageEnd= 06/28/1989
AIContactFactor= 0.713444253038615
CL4Pollen= 1.92088450584561
CL4Nectar= 23.028657073155
CL5Pollen= 2.32002035574988
CL5Nectar= 103.560595249292
CLDPollen= 0.455779342912138
CLDNectar= 27.3852354381233
CA13Pollen= 6.13403066042811
CA13Nectar= 88.0707888863981
CA410Pollen= 7.7112858755514
CA410Nectar= 175.31018328853
CA1120Pollen= 0.867981579853222
CA1120Nectar= 67.2220599465072
IPollenTrips= 9.86597505398095
INectarTrips= 12.6238471479155
IPollenLoad= 2.75119982194155
INectarLoad= 4.73273940850049
