ICQueenStrength= 4.18356567900628
RQWkrDrnRatio= 2.57168665900826
ICDroneMiteSurvivorship= 73.2863522833213
ICWorkerMiteSurvivorship= 36.3764836685732
ICForagerLifespan= 11.583155545406
ImmType= Exponential
RQQueenStrength= 3.01151173654944
RQEnableReQueen=true
AIAdultSlope= 2.6119947321713
AIAdultLD50= 0.387702383722179
AIAdultSlopeContact= 6.90442088851705
AIAdultLD50Contact= 42.4766824888952
AILarvaSlope= 8.40685892663896
AILarvaLD50= 28.3801532303349
AIKOW= 88035.4665309956
AIKOC= 21746.6375068615
AIHalfLife= 14.6264260930475
EAppRate= 8.25471156291733
FoliarEnabled=true
FoliarAppDate= 07/01/1989
FoliarForageBegin= 07/01/1989
FoliarForageEnd= 07/14/1989
AIContactFactor= 1.68634262651205
CL4Pollen= 0.403984728269279
CL4Nectar= 50.8687011431903
CL5Pollen= 4.47324562864378
CL5Nectar= 39.0123549615964
CLDPollen= 0.796209711581469
CLDNectar= 32.9195354017429
CA13Pollen= 3.85773461433128
CA13Nectar= 37.2944268397987
CA410Pollen= 3.31688492689282
CA410Nectar= 59.820933425799
CA1120Pollen= 1.88505553733557
CA1120Nectar= 87.3555946908891
IPollenTrips= 6.4471322693862
INectarTrips= 13.5975753352977
IPollenLoad= 4.69479422783479
INectarLoad= 4.56066797021776
