ICQueenStrength= 2.43071191967465
RQWkrDrnRatio= 2.36653977073729
ICDroneMiteSurvivorship= 17.8281257161871
ICWorkerMiteSurvivorship= 81.9387428695336
ICForagerLifespan= 11.0772705851123
ImmType= Logarithmic
RQQueenStrength= 5.15451371343806
RQEnableReQueen= true
AIAdultSlope= 7.474808299914
AIAdultLD50= 12.2581781400924
AIAdultSlopeContact= 3.2720219544135
AIAdultLD50Contact= 5.98289364584512
AILarvaSlope= 8.88919942639768
AILarvaLD50= 35.0183122256184
AIKOW= 69603.2516088582
AIKOC= 68915.9262841919
AIHalfLife= 12.8963779340731
EAppRate= 5.1190458060056
FoliarEnabled= true
FoliarAppDate= 06/07/1989
FoliarForageBegin= 06/05/1989
FoliarForageEnd= 06/28/1989
AIContactFactor= 1.19355634778738
CL4Pollen= 3.47631097212434
CL4Nectar= 18.7672561733052
CL5Pollen= 0.124096148181707
CL5Nectar= 39.5982817746699
CLDPollen= 4.16539398115128
CLDNectar= 18.0265851784497
CA13Pollen= 6.80706488927826
CA13Nectar= 90.0817788764834
CA410Pollen= 8.35887415329926
CA410Nectar= 117.895489009097
CA1120Pollen= 0.577343159588054
CA1120Nectar= 95.6010946817696
IPollenTrips= 10.3715256135911
INectarTrips= 14.649891727604
IPollenLoad= 9.81844442198053
INectarLoad= 5.46150012873113
ESoilP= 1.99369923747145
ESoilFoc= 0.0142848624577746
