ICQueenStrength= 3.42114349384792
RQWkrDrnRatio= 2.26404873467982
ICDroneMiteSurvivorship= 76.8172176089138
ICWorkerMiteSurvivorship= 70.6728624645621
ICForagerLifespan= 5.38138907682151
ImmType= Polynomial
RQQueenStrength= 2.8732321774587
RQEnableReQueen= true
AIAdultSlope= 5.8675318621099
AIAdultLD50= 79.812728694028
AIAdultSlopeContact= 1.29800967616029
AIAdultLD50Contact= 22.6400229658326
AILarvaSlope= 3.30813399516046
AILarvaLD50= 74.8269266183677
AIKOW= 23168.4966941557
AIKOC= 1074.71620456199
AIHalfLife= 0.548124442039989
EAppRate= 1.8971589817123
FoliarEnabled= true
FoliarAppDate= 06/07/1989
FoliarForageBegin= 06/05/1989
FoliarForageEnd= 06/28/1989
AIContactFactor= 1.3665481987875
CL4Pollen= 2.91953607648611
CL4Nectar= 25.1213123323396
CL5Pollen= 5.20486247912049
CL5Nectar= 67.1853854670189
CLDPollen= 1.87113350909203
CLDNectar= 87.2776035103016
CA13Pollen= 3.53512955019251
CA13Nectar= 71.4163113199174
CA410Pollen= 9.4021050512325
CA410Nectar= 175.569101115689
CA1120Pollen= 1.49225381668657
CA1120Nectar= 88.0777061358094
IPollenTrips= 10.2013813634403
INectarTrips= 8.87479574419558
IPollenLoad= 8.09588027419522
INectarLoad= 7.47594891581684
ESoilP= 1.40885800658725
ESoilFoc= 0.0119202232831158
