ICQueenStrength= 4.80607560044155
RQWkrDrnRatio= 4.50109070818871
ICDroneMiteSurvivorship= 10.6355197029188
ICWorkerMiteSurvivorship= 27.8784884139895
ICForagerLifespan= 4.24365415796638
ImmType= Sine
RQQueenStrength= 5.11163828452118
RQEnableReQueen= true
AIAdultSlope= 3.09704099968076
AIAdultLD50= 25.5397945580662
AIAdultSlopeContact= 5.69082423904911
AIAdultLD50Contact= 56.7284078847885
AILarvaSlope= 1.24764605239034
AILarvaLD50= 14.9646981560921
AIKOW= 29678.9109014628
AIKOC= 77263.6934944182
AIHalfLife= 10.0708636572584
EAppRate= 7.04946149452031
FoliarEnabled= true
FoliarAppDate= 06/07/1989
FoliarForageBegin= 06/05/1989
FoliarForageEnd= 06/28/1989
AIContactFactor= 1.14076917122118
CL4Pollen= 2.69523292779922
CL4Nectar= 45.4720771871507
CL5Pollen= 3.52136617759243
CL5Nectar= 26.998611248564
CLDPollen= 3.70777888130397
CLDNectar= 43.745926162228
CA13Pollen= 4.12146927956492
CA13Nectar= 66.1259506642818
CA410Pollen= 7.08649783676956
CA410Nectar= 123.429187326692
CA1120Pollen= 0.556377016240731
CA1120Nectar= 74.1005349345505
IPollenTrips= 12.7579508093186
INectarTrips= 5.53231549449265
IPollenLoad= 4.49403705541044
INectarLoad= 6.01893092039973
