ICQueenStrength= 5.34104160405695
RQWkrDrnRatio= 3.29421508777887
ICDroneMiteSurvivorship= 8.80565771367401
ICWorkerMiteSurvivorship= 40.3911885106936
ICForagerLifespan= 9.65285393595695
ImmType= Sine
RQQueenStrength= 3.88960673613474
RQEnableReQueen= true
AIAdultSlope= 1.08248635753989
AIAdultLD50= 98.9318641546518
AIAdultSlopeContact= 5.51369710476138
AIAdultLD50Contact= 76.3314752060839
AILarvaSlope= 1.19125433824956
AILarvaLD50= 56.5613015081154
AIKOW= 87446.4082046708
AIKOC= 60406.0861427935
AIHalfLife= 34.3301417778479
EAppRate= 9.52207499597105
FoliarEnabled= true
FoliarAppDate= 06/07/1989
FoliarForageBegin= 06/05/1989
FoliarForageEnd= 06/28/1989
AIContactFactor= 1.88523539219052
CL4Pollen= 3.47875973768532
CL4Nectar= 78.4425245365128
CL5Pollen= 2.30063291452825
CL5Nectar= 88.2984224357642
CLDPollen= 5.30797642562538
CLDNectar= 115.120367822237
CA13Pollen= 6.30250674933195
CA13Nectar= 54.7729571163654
CA410Pollen= 5.39004465155304
CA410Nectar= 177.656592349522
CA1120Pollen= 0.658019914990291
CA1120Nectar= 39.4131645560265
IPollenTrips= 11.7359277210198
INectarTrips= 7.38714639795944
IPollenLoad= 0.108043581712991
INectarLoad= 3.72971287928522
