ICQueenStrength= 4.47118256730027
RQWkrDrnRatio= 3.16265127062798
ICDroneMiteSurvivorship= 82.9634592868388
ICWorkerMiteSurvivorship= 51.1983330594376
ICForagerLifespan= 13.4775854982436
ImmType= Tangent
RQQueenStrength= 4.37148893624544
RQEnableReQueen= true
AIAdultSlope= 2.86549266800284
AIAdultLD50= 35.2366630202064
AIAdultSlopeContact= 8.89443838153966
AIAdultLD50Contact= 95.4722550621044
AILarvaSlope= 3.71018036082387
AILarvaLD50= 14.8013679985828
AIKOW= 97066.1418186693
AIKOC= 15572.2079058925
AIHalfLife= 22.1383045406081
EAppRate= 6.1664293428713
FoliarEnabled= true
FoliarAppDate= 06/07/1989
FoliarForageBegin= 06/05/1989
FoliarForageEnd= 06/28/1989
AIContactFactor= 1.03728915263433
CL4Pollen= 0.648460877127945
CL4Nectar= 85.1105090230703
CL5Pollen= 4.74751044111326
CL5Nectar= 37.3949838336557
CLDPollen= 0.954413097817451
CLDNectar= 120.324645331129
CA13Pollen= 4.02006605993956
CA13Nectar= 25.3791373036802
CA410Pollen= 8.41490270879585
CA410Nectar= 166.97285646107
CA1120Pollen= 1.86961436877027
CA1120Nectar= 50.4899636469781
IPollenTrips= 9.28016646066681
INectarTrips= 10.2493767580017
IPollenLoad= 7.40581589518115
INectarLoad= 3.18561691325158
ESoilP= 1.90027395659126
ESoilFoc= 0.0188334332755767
