ICQueenStrength= 2.59665667917579
RQWkrDrnRatio= 2.21666539926082
ICDroneMiteSurvivorship= 59.6094117499888
ICWorkerMiteSurvivorship= 51.8610286992043
ICForagerLifespan= 10.5807510437444
ImmType= Tangent
RQQueenStrength= 1.32592158764601
RQEnableReQueen= true
AIAdultSlope= 5.35808743536472
AIAdultLD50= 73.2628123985946
AIAdultSlopeContact= 9.6656380391214
AIAdultLD50Contact= 6.7279240920248
AILarvaSlope= 7.60194518230855
AILarvaLD50= 15.7388344466905
AIKOW= 95101.7261025945
AIKOC= 93897.486758318
AIHalfLife= 26.2550824386533
EAppRate= 6.19835922158719
FoliarEnabled= true
FoliarAppDate= 06/07/1989
FoliarForageBegin= 06/05/1989
FoliarForageEnd= 06/28/1989
AIContactFactor= 1.58036632101983
CL4Pollen= 2.87238983809948
CL4Nectar= 46.6857114573941
CL5Pollen= 3.42233100207523
CL5Nectar= 62.9058600403368
CLDPollen= 2.73030666494742
CLDNectar= 122.188196273055
CA13Pollen= 8.0508364027366
CA13Nectar= 42.9111455380917
CA410Pollen= 5.83198223055806
CA410Nectar= 74.5692624105141
CA1120Pollen= 1.49299650709145
CA1120Nectar= 95.5680752545595
IPollenTrips= 14.9452929594554
INectarTrips= 5.24882153375074
IPollenLoad= 0.927318795584142
INectarLoad= 6.21030303416774
