ICQueenStrength= 2.95765725243837
RQWkrDrnRatio= 1.04979206621647
ICDroneMiteSurvivorship= 45.1133295893669
ICWorkerMiteSurvivorship= 63.6852767085657
ICForagerLifespan= 10.0083916010335
ImmType= Sine
RQQueenStrength= 1.28023258782923
RQEnableReQueen=true
AIAdultSlope= 7.17811816371977
AIAdultLD50= 0.970107418758562
AIAdultSlopeContact= 7.66350972279906
AIAdultLD50Contact= 53.6760394505346
AILarvaSlope= 1.50412067957222
AILarvaLD50= 85.0253899723838
AIKOW= 12172.5521100698
AIKOC= 34359.6224349323
AIHalfLife= 28.3347105924273
EAppRate= 7.72528179728822
FoliarEnabled=true
FoliarAppDate= 07/01/1989
FoliarForageBegin= 07/01/1989
FoliarForageEnd= 07/14/1989
AIContactFactor= 2.19980496091302
CL4Pollen= 3.88018836267292
CL4Nectar= 63.6801266344264
CL5Pollen= 2.16557686775923
CL5Nectar= 108.828610111959
CLDPollen= 2.56291644182056
CLDNectar= 59.700743900612
CA13Pollen= 3.94258830118924
CA13Nectar= 88.8203000463545
CA410Pollen= 8.56974568523001
CA410Nectar= 103.098612586036
CA1120Pollen= 2.63641896704212
CA1120Nectar= 68.3091655746102
IPollenTrips= 13.8627924048342
INectarTrips= 12.0336659811437
IPollenLoad= 4.48020732263103
INectarLoad= 2.90833808248863
