ICQueenStrength= 2.35562127106823
RQWkrDrnRatio= 4.13404504116625
ICDroneMiteSurvivorship= 23.6267252126709
ICWorkerMiteSurvivorship= 26.9201979506761
ICForagerLifespan= 4.50749009195715
ImmType= Tangent
RQQueenStrength= 3.85075667430647
RQEnableReQueen= true
AIAdultSlope= 6.29791274480522
AIAdultLD50= 60.2121189920152
AIAdultSlopeContact= 1.53539016540162
AIAdultLD50Contact= 73.4295841078472
AILarvaSlope= 8.55642739310861
AILarvaLD50= 99.7440390040984
AIKOW= 95942.463782313
AIKOC= 61151.4961689757
AIHalfLife= 6.86502756578848
EAppRate= 9.55333556749369
FoliarEnabled= true
FoliarAppDate= 06/07/1989
FoliarForageBegin= 06/05/1989
FoliarForageEnd= 06/28/1989
AIContactFactor= 0.451720033949241
CL4Pollen= 3.36571319680661
CL4Nectar= 47.2019960405305
CL5Pollen= 0.893135607708246
CL5Nectar= 0.435479579027742
CLDPollen= 0.603128692600876
CLDNectar= 109.047780465335
CA13Pollen= 2.46643122686073
CA13Nectar= 33.1009203009307
CA410Pollen= 6.72365906420164
CA410Nectar= 174.751747581176
CA1120Pollen= 2.38292821054347
CA1120Nectar= 31.9058473594487
IPollenTrips= 10.0590044655837
INectarTrips= 13.3933289698325
IPollenLoad= 7.68140866886824
INectarLoad= 3.60882357461378
