ICQueenStrength= 1.34104189951904
RQWkrDrnRatio= 4.29355918616056
ICDroneMiteSurvivorship= 66.2577448878437
ICWorkerMiteSurvivorship= 50.8549565449357
ICForagerLifespan= 4.74707966949791
ImmType= Sine
RQQueenStrength= 3.03102888073772
RQEnableReQueen= true
AIAdultSlope= 4.80409101769328
AIAdultLD50= 55.1397079960764
AIAdultSlopeContact= 7.60404615895823
AIAdultLD50Contact= 59.3342033448007
AILarvaSlope= 8.27979031205177
AILarvaLD50= 48.8087382563243
AIKOW= 88183.6850836568
AIKOC= 94575.578551613
AIHalfLife= 16.6281680103857
EAppRate= 5.16610016622697
FoliarEnabled= true
FoliarAppDate= 06/07/1989
FoliarForageBegin= 06/05/1989
FoliarForageEnd= 06/28/1989
AIContactFactor= 0.968412443175912
CL4Pollen= 1.05297048762441
CL4Nectar= 92.5835376605392
CL5Pollen= 0.407096932176501
CL5Nectar= 82.7969762845896
CLDPollen= 5.08411660697311
CLDNectar= 83.0624877358787
CA13Pollen= 4.68152006231248
CA13Nectar= 54.1160019487143
CA410Pollen= 3.90110589051619
CA410Nectar= 139.269349891692
CA1120Pollen= 2.73953779810108
CA1120Nectar= 35.8702801354229
IPollenTrips= 8.72106215450913
INectarTrips= 11.0366057581268
IPollenLoad= 3.31272559938952
INectarLoad= 3.81149344146252
