ICQueenStrength= 4.23245590669103
RQWkrDrnRatio= 2.87286693323404
ICDroneMiteSurvivorship= 3.08228966314346
ICWorkerMiteSurvivorship= 28.0813458608463
ICForagerLifespan= 7.99551989138126
ImmType= Cosine
RQQueenStrength= 3.08763925125822
RQEnableReQueen= true
AIAdultSlope= 7.25748543255031
AIAdultLD50= 95.8143560154918
AIAdultSlopeContact= 5.29131793393753
AIAdultLD50Contact= 67.4977032181288
AILarvaSlope= 7.58878563344479
AILarvaLD50= 37.586063934711
AIKOW= 75450.527305696
AIKOC= 75129.9743005428
AIHalfLife= 7.30921611918602
EAppRate= 9.57216153005161
FoliarEnabled= true
FoliarAppDate= 06/07/1989
FoliarForageBegin= 06/05/1989
FoliarForageEnd= 06/28/1989
AIContactFactor= 1.82868903659284
CL4Pollen= 0.966106166131794
CL4Nectar= 19.4589131278917
CL5Pollen= 5.52712941588834
CL5Nectar= 41.0320364870131
CLDPollen= 1.61750538507476
CLDNectar= 112.987933144905
CA13Pollen= 3.50063375923783
CA13Nectar= 69.3050853908062
CA410Pollen= 7.20555732084904
CA410Nectar= 150.341926082037
CA1120Pollen= 2.52066831453703
CA1120Nectar= 98.0345348641276
IPollenTrips= 9.72009383607656
INectarTrips= 14.9233829206787
IPollenLoad= 9.47287968592718
INectarLoad= 2.51100691501051
