ICQueenStrength= 4.93849916290492
RQWkrDrnRatio= 2.73072493821383
ICDroneMiteSurvivorship= 77.0398743916303
ICWorkerMiteSurvivorship= 36.9242278859019
ICForagerLifespan= 6.91813565045595
ImmType= Exponential
RQQueenStrength= 2.97152802953497
RQEnableReQueen= true
AIAdultSlope= 6.60351515933871
AIAdultLD50= 32.4733864457745
AIAdultSlopeContact= 7.19947339361534
AIAdultLD50Contact= 36.4454918942961
AILarvaSlope= 8.59806501679122
AILarvaLD50= 91.5486624664192
AIKOW= 15854.4850629352
AIKOC= 59396.7490163143
AIHalfLife= 30.9798828693107
EAppRate= 6.64786378283287
FoliarEnabled= true
FoliarAppDate= 06/07/1989
FoliarForageBegin= 06/05/1989
FoliarForageEnd= 06/28/1989
AIContactFactor= 2.00715684798546
CL4Pollen= 3.25853353459388
CL4Nectar= 26.7983383964747
CL5Pollen= 3.05080189369619
CL5Nectar= 96.8994407798164
CLDPollen= 3.99810679256916
CLDNectar= 60.8852706151083
CA13Pollen= 8.18880479065701
CA13Nectar= 45.2921473607421
CA410Pollen= 7.73983043562621
CA410Nectar= 64.6749256551266
CA1120Pollen= 1.69438932440244
CA1120Nectar= 48.8809516094625
IPollenTrips= 9.32582919951528
INectarTrips= 12.6759236818179
IPollenLoad= 0.160142129752785
INectarLoad= 3.95084918476641
