ICQueenStrength= 1.23512828163803
RQWkrDrnRatio= 4.84007696714252
ICDroneMiteSurvivorship= 68.0827916832641
ICWorkerMiteSurvivorship= 63.4209077339619
ICForagerLifespan= 15.0416948311031
ImmType= Polynomial
RQQueenStrength= 4.53542065015063
RQEnableReQueen= true
AIAdultSlope= 3.4810224045068
AIAdultLD50= 74.6746621154847
AIAdultSlopeContact= 3.2848613075912
AIAdultLD50Contact= 96.7080280628363
AILarvaSlope= 7.62377137690783
AILarvaLD50= 51.8255060304543
AIKOW= 4842.56189544977
AIKOC= 11736.5939594649
AIHalfLife= 33.1901578804944
EAppRate= 1.61256144701084
FoliarEnabled= true
FoliarAppDate= 06/07/1989
FoliarForageBegin= 06/05/1989
FoliarForageEnd= 06/28/1989
AIContactFactor= 1.22358214312699
CL4Pollen= 1.5716959964484
CL4Nectar= 84.4927313039079
CL5Pollen= 3.34601005073637
CL5Nectar= 105.602768668905
CLDPollen= 2.99871183978394
CLDNectar= 119.305392040405
CA13Pollen= 3.50546679813415
CA13Nectar= 94.7056063078344
CA410Pollen= 5.55944241592661
CA410Nectar= 152.369752288796
CA1120Pollen= 0.458847787231207
CA1120Nectar= 89.5117185823619
IPollenTrips= 7.94293438317254
INectarTrips= 13.422874561511
IPollenLoad= 6.14582467824221
INectarLoad= 2.54149167565629
ESoilP= 1.9700136706233
ESoilFoc= 0.0164674083378632
