ICQueenStrength= 5.86312492983416
RQWkrDrnRatio= 2.96651030983776
ICDroneMiteSurvivorship= 96.582747111097
ICWorkerMiteSurvivorship= 28.4297862323001
ICForagerLifespan= 12.7120194882154
ImmType= Tangent
RQQueenStrength= 1.06031599361449
RQEnableReQueen= true
AIAdultSlope= 2.0012633241713
AIAdultLD50= 22.1313604540301
AIAdultSlopeContact= 8.83560624322854
AIAdultLD50Contact= 54.9715134497059
AILarvaSlope= 2.85924535244703
AILarvaLD50= 78.5622310019971
AIKOW= 54102.1209473235
AIKOC= 39716.4808314585
AIHalfLife= 14.3133972237585
EAppRate= 9.48377720969124
FoliarEnabled= true
FoliarAppDate= 06/07/1989
FoliarForageBegin= 06/05/1989
FoliarForageEnd= 06/28/1989
AIContactFactor= 2.32794447994325
CL4Pollen= 2.95691819675267
CL4Nectar= 28.7165809422731
CL5Pollen= 1.94062630087137
CL5Nectar= 111.413675523363
CLDPollen= 1.46993491658941
CLDNectar= 111.946858477313
CA13Pollen= 3.16066045854241
CA13Nectar= 43.5442939959466
CA410Pollen= 5.4961653131526
CA410Nectar= 198.949852138758
CA1120Pollen= 1.450546850916
CA1120Nectar= 29.630000051111
IPollenTrips= 13.6220061313361
INectarTrips= 14.606599805411
IPollenLoad= 5.63459703000262
INectarLoad= 3.88238008366898
ESoilP= 1.87771224253811
ESoilFoc= 0.0180686559793539
