ICQueenStrength= 2.54897033469751
RQWkrDrnRatio= 3.57061963528395
ICDroneMiteSurvivorship= 71.4291307143867
ICWorkerMiteSurvivorship= 72.3414190812036
ICForagerLifespan= 8.16635944787413
ImmType= Cosine
RQQueenStrength= 2.69687343295664
RQEnableReQueen= true
AIAdultSlope= 6.07478396594524
AIAdultLD50= 26.197780927846
AIAdultSlopeContact= 2.03588113700971
AIAdultLD50Contact= 35.970036940061
AILarvaSlope= 4.73525594547391
AILarvaLD50= 23.4756283530972
AIKOW= 33892.1044937167
AIKOC= 15147.4607701539
AIHalfLife= 1.96784109566361
EAppRate= 4.06462649313221
FoliarEnabled= true
FoliarAppDate= 06/07/1989
FoliarForageBegin= 06/05/1989
FoliarForageEnd= 06/28/1989
AIContactFactor= 1.70046545602847
CL4Pollen= 0.572859126143157
CL4Nectar= 85.0259966216981
CL5Pollen= 3.64485299633816
CL5Nectar= 16.1515530198812
CLDPollen= 4.93045851029456
CLDNectar= 75.459740718361
CA13Pollen= 2.46523329643533
CA13Nectar= 52.5372670404613
CA410Pollen= 3.73595350873657
CA410Nectar= 177.846653889865
CA1120Pollen= 1.63567499443889
CA1120Nectar= 57.8223087079823
IPollenTrips= 10.5769978556782
INectarTrips= 7.28031683247536
IPollenLoad= 9.38539418624714
INectarLoad= 8.90523668145761
