ICQueenStrength= 1.66594545147382
RQWkrDrnRatio= 2.79983985889703
ICDroneMiteSurvivorship= 53.4324885113165
ICWorkerMiteSurvivorship= 14.3258680123836
ICForagerLifespan= 15.7536606937647
ImmType= Sine
RQQueenStrength= 3.58582224720158
RQEnableReQueen= true
AIAdultSlope= 3.42761302739382
AIAdultLD50= 19.9116202779382
AIAdultSlopeContact= 1.4317027060315
AIAdultLD50Contact= 95.8466337266162
AILarvaSlope= 3.52975017763674
AILarvaLD50= 89.7342104038026
AIKOW= 60924.6970579765
AIKOC= 37289.2197767356
AIHalfLife= 33.0277906306554
EAppRate= 4.13071914786473
FoliarEnabled= true
FoliarAppDate= 06/07/1989
FoliarForageBegin= 06/05/1989
FoliarForageEnd= 06/28/1989
AIContactFactor= 2.37224579134956
CL4Pollen= 1.67988814413548
CL4Nectar= 26.4648716663942
CL5Pollen= 5.65665978658944
CL5Nectar= 14.3427348928526
CLDPollen= 1.30324408505112
CLDNectar= 20.5004858435132
CA13Pollen= 2.83600557064638
CA13Nectar= 79.3758583627641
CA410Pollen= 6.80414521943312
CA410Nectar= 88.6672218004242
CA1120Pollen= 2.52668186556548
CA1120Nectar= 22.9818591475487
IPollenTrips= 8.42649267753586
INectarTrips= 11.1379644530825
IPollenLoad= 2.79610086698085
INectarLoad= 9.37297213589773
