ICQueenStrength= 4.93504139850847
RQWkrDrnRatio= 3.48197224736214
ICDroneMiteSurvivorship= 41.4878650801256
ICWorkerMiteSurvivorship= 96.1702664848417
ICForagerLifespan= 13.8260591886938
ImmType= Sine
RQQueenStrength= 2.63531428435817
RQEnableReQueen= true
AIAdultSlope= 2.556107994169
AIAdultLD50= 22.8137996874778
AIAdultSlopeContact= 5.06170587008819
AIAdultLD50Contact= 10.6107788570707
AILarvaSlope= 4.3859024439007
AILarvaLD50= 11.6858536847013
AIKOW= 4098.88450270975
AIKOC= 71164.4328643016
AIHalfLife= 21.4073139078682
EAppRate= 8.35548596550664
FoliarEnabled= true
FoliarAppDate= 06/07/1989
FoliarForageBegin= 06/05/1989
FoliarForageEnd= 06/28/1989
AIContactFactor= 0.998684179950505
CL4Pollen= 0.0958644188940525
CL4Nectar= 8.7340148165822
CL5Pollen= 3.59339350601658
CL5Nectar= 134.161612275057
CLDPollen= 4.26143019972369
CLDNectar= 68.6778269824572
CA13Pollen= 3.93515799548477
CA13Nectar= 52.5278222747147
CA410Pollen= 6.47984661357477
CA410Nectar= 27.1663111681119
CA1120Pollen= 0.897133841179311
CA1120Nectar= 50.3672705963254
IPollenTrips= 6.50653995806351
INectarTrips= 8.44901802716777
IPollenLoad= 4.70594846410677
INectarLoad= 0.804939428344369
