ICQueenStrength= 4.24289724114351
RQWkrDrnRatio= 2.24045154452324
ICDroneMiteSurvivorship= 74.9251608969644
ICWorkerMiteSurvivorship= 27.7343082008883
ICForagerLifespan= 5.40666742157191
ImmType= Exponential
RQQueenStrength= 2.69368267408572
RQEnableReQueen= true
AIAdultSlope= 3.72518555261195
AIAdultLD50= 38.3155567928115
AIAdultSlopeContact= 7.07211199263111
AIAdultLD50Contact= 98.3760862488444
AILarvaSlope= 5.98680883832276
AILarvaLD50= 74.1102748239294
AIKOW= 92746.3242121577
AIKOC= 19073.6132433179
AIHalfLife= 15.4454405671451
EAppRate= 6.86259381483775
FoliarEnabled= true
FoliarAppDate= 06/07/1989
FoliarForageBegin= 06/05/1989
FoliarForageEnd= 06/28/1989
AIContactFactor= 0.535215891283005
CL4Pollen= 2.16672947350889
CL4Nectar= 78.0203332658857
CL5Pollen= 1.87747578229755
CL5Nectar= 130.119430006016
CLDPollen= 5.78421045234427
CLDNectar= 44.4506312138401
CA13Pollen= 3.14080888759345
CA13Nectar= 37.944873534143
CA410Pollen= 7.87200076174922
CA410Nectar= 144.672071123496
CA1120Pollen= 1.75413653673604
CA1120Nectar= 50.4724066331983
IPollenTrips= 5.5238531739451
INectarTrips= 5.02370042260736
IPollenLoad= 0.666985460557044
INectarLoad= 5.05387855460867
ESoilP= 1.37800923106261
ESoilFoc= 0.00146632443042472
