ICQueenStrength= 2.55780227854848
RQWkrDrnRatio= 4.45491909980774
ICDroneMiteSurvivorship= 70.4981453716755
ICWorkerMiteSurvivorship= 70.386205194518
ICForagerLifespan= 7.6255918731913
ImmType= Logarithmic
AIAdultSlope= 3.50536040843697
AIAdultLD50= 0.196229134919122
AIAdultSlopeContact= 2.38881100217113
AIAdultLD50Contact= 0.0387947720009834
AILarvaSlope= 1.23775051091798
AILarvaLD50= 0.651404200564139
AIKOW= 4.41866597253829
AIKOC= 10.3421900724061
AIHalfLife= 1.71299118173774
EAppRate= 1.86012261547148
FoliarEnabled= true
