ICQueenStrength= 2.87649537576362
RQWkrDrnRatio= 4.95393352117389
ICDroneMiteSurvivorship= 13.6619070079178
ICWorkerMiteSurvivorship= 5.86133450269699
ICForagerLifespan= 11.3157502617687
ImmType= Polynomial
RQQueenStrength= 2.72497826162726
RQEnableReQueen= true
AIAdultSlope= 7.39156751520932
AIAdultLD50= 41.7300175879418
AIAdultSlopeContact= 4.27583200205117
AIAdultLD50Contact= 44.9425807971964
AILarvaSlope= 4.21464998275042
AILarvaLD50= 92.2559984972836
AIKOW= 79076.1580194166
AIKOC= 27540.0077142038
AIHalfLife= 4.39894204938319
EAppRate= 6.33801906046784
FoliarEnabled= true
FoliarAppDate= 06/07/1989
FoliarForageBegin= 06/05/1989
FoliarForageEnd= 06/28/1989
AIContactFactor= 2.13668682105374
CL4Pollen= 0.925577707588673
CL4Nectar= 63.0500039318576
CL5Pollen= 5.50094509636983
CL5Nectar= 125.205136276782
CLDPollen= 5.68862161086872
CLDNectar= 37.850895174779
CA13Pollen= 2.50915428465232
CA13Nectar= 20.9879970178008
CA410Pollen= 4.20561755718663
CA410Nectar= 179.570021335967
CA1120Pollen= 0.0950716333463788
CA1120Nectar= 80.4930207319558
IPollenTrips= 12.605395084247
INectarTrips= 10.4563734703697
IPollenLoad= 3.40864557074383
INectarLoad= 3.39664301369339
ESoilP= 1.64889821503311
ESoilFoc= 0.0120497729980852
