ICQueenStrength= 5.15102333761752
RQWkrDrnRatio= 2.62475543748587
ICDroneMiteSurvivorship= 41.0938698332757
ICWorkerMiteSurvivorship= 4.90607493557036
ICForagerLifespan= 11.8597560534254
ImmType= Sine
RQQueenStrength= 5.34944017673843
RQEnableReQueen= true
AIAdultSlope= 6.43121619150043
AIAdultLD50= 84.9644926787773
AIAdultSlopeContact= 6.45550019224174
AIAdultLD50Contact= 93.0683571646852
AILarvaSlope= 5.74454541131854
AILarvaLD50= 81.8119733775051
AIKOW= 43620.22572079
AIKOC= 10898.1073450807
AIHalfLife= 9.08396401035134
EAppRate= 8.78406273510959
FoliarEnabled= true
FoliarAppDate= 06/07/1989
FoliarForageBegin= 06/05/1989
FoliarForageEnd= 06/28/1989
AIContactFactor= 2.30151816610247
CL4Pollen= 2.88948363345116
CL4Nectar= 34.0170144801959
CL5Pollen= 3.90587985701859
CL5Nectar= 128.72614315711
CLDPollen= 0.308916703797877
CLDNectar= 107.189841766376
CA13Pollen= 6.62706936085597
CA13Nectar= 85.1610075682402
CA410Pollen= 6.30254690190777
CA410Nectar= 40.2498129243031
CA1120Pollen= 1.20391443162225
CA1120Nectar= 26.5941606089473
IPollenTrips= 8.42491894029081
INectarTrips= 5.23861933499575
IPollenLoad= 8.25668410165235
INectarLoad= 8.19672104436904
