ICQueenStrength= 3.79845343669876
RQWkrDrnRatio= 3.75026591494679
ICDroneMiteSurvivorship= 44.7257954860106
ICWorkerMiteSurvivorship= 75.3371807280928
ICForagerLifespan= 14.1773335244507
ImmType= Sine
RQQueenStrength= 4.0920933210291
RQEnableReQueen= true
AIAdultSlope= 1.5344635117799
AIAdultLD50= 7.09902700183657
AIAdultSlopeContact= 4.47772658523172
AIAdultLD50Contact= 74.7782397263655
AILarvaSlope= 8.3312921077013
AILarvaLD50= 25.2930505134014
AIKOW= 15398.7658060987
AIKOC= 66403.2203343532
AIHalfLife= 6.02943864264525
EAppRate= 5.08619294621213
FoliarEnabled= true
FoliarAppDate= 06/07/1989
FoliarForageBegin= 06/05/1989
FoliarForageEnd= 06/28/1989
AIContactFactor= 1.91405164932366
CL4Pollen= 0.214609986171126
CL4Nectar= 91.7592572513968
CL5Pollen= 5.11722243949771
CL5Nectar= 91.9802634743974
CLDPollen= 5.03975660400465
CLDNectar= 34.6838653902523
CA13Pollen= 2.74422178212553
CA13Nectar= 54.8878106102347
CA410Pollen= 4.34341190052219
CA410Nectar= 21.0860719857737
CA1120Pollen= 1.51463186088949
CA1120Nectar= 66.1303767003119
IPollenTrips= 5.98784359870479
INectarTrips= 10.1807391946204
IPollenLoad= 4.74969030125067
INectarLoad= 7.96031190780923
ESoilP= 1.97788046486676
ESoilFoc= 0.0157549858097918
