ICQueenStrength= 5.0282155177556
RQWkrDrnRatio= 1.46746335551143
ICDroneMiteSurvivorship= 26.7684594495222
ICWorkerMiteSurvivorship= 38.1047633942217
ICForagerLifespan= 11.6481125988066
ImmType= Sine
RQQueenStrength= 5.72504044650123
RQEnableReQueen= true
AIAdultSlope= 1.7755583524704
AIAdultLD50= 26.0521496571016
AIAdultSlopeContact= 4.38158080400899
AIAdultLD50Contact= 69.4928044423403
AILarvaSlope= 7.12616650387645
AILarvaLD50= 88.2363038025696
AIKOW= 60474.3948383536
AIKOC= 19915.1651588879
AIHalfLife= 4.61743955507409
EAppRate= 8.37578551950259
FoliarEnabled= true
FoliarAppDate= 06/07/1989
FoliarForageBegin= 06/05/1989
FoliarForageEnd= 06/28/1989
AIContactFactor= 1.14916251393501
CL4Pollen= 1.96106225904077
CL4Nectar= 22.372235218063
CL5Pollen= 0.749555272981524
CL5Nectar= 149.543931637891
CLDPollen= 5.38754402333871
CLDNectar= 130.469894874841
CA13Pollen= 3.83335240259767
CA13Nectar= 62.0935009792447
CA410Pollen= 5.71804623992648
CA410Nectar= 33.7993317935616
CA1120Pollen= 2.16529752127826
CA1120Nectar= 87.198822312057
IPollenTrips= 11.4022607682273
INectarTrips= 14.5964327990077
IPollenLoad= 9.15454456349835
INectarLoad= 8.04734883597121
ESoilP= 1.98214258858934
ESoilFoc= 0.0155791374093387
