ICQueenStrength= 1.4293280118145
RQWkrDrnRatio= 1.62088638078421
ICDroneMiteSurvivorship= 73.3463087817654
ICWorkerMiteSurvivorship= 53.9750898024067
ICForagerLifespan= 4.15419920440763
ImmType= Tangent
RQQueenStrength= 5.02438723715022
RQEnableReQueen= true
AIAdultSlope= 2.42995989322662
AIAdultLD50= 48.499761438119
AIAdultSlopeContact= 6.96473729005083
AIAdultLD50Contact= 29.0521508821726
AILarvaSlope= 8.41890762187541
AILarvaLD50= 82.4187514177589
AIKOW= 46788.9975183536
AIKOC= 90938.6360055096
AIHalfLife= 19.6185296417447
EAppRate= 3.3137603907953
FoliarEnabled= true
FoliarAppDate= 06/07/1989
FoliarForageBegin= 06/05/1989
FoliarForageEnd= 06/28/1989
AIContactFactor= 1.95546971403528
CL4Pollen= 0.811973510310054
CL4Nectar= 56.079514650628
CL5Pollen= 2.75142380269244
CL5Nectar= 140.394570375793
CLDPollen= 0.801750148180872
CLDNectar= 79.9423945485614
CA13Pollen= 3.03032012777403
CA13Nectar= 70.0562079064548
CA410Pollen= 9.17135011400096
CA410Nectar= 103.659335505217
CA1120Pollen= 2.14268191158772
CA1120Nectar= 54.1059164889157
IPollenTrips= 6.38069577049464
INectarTrips= 7.66752899158746
IPollenLoad= 3.97742398781702
INectarLoad= 8.31694996217266
