ICQueenStrength= 4.44688604469411
RQWkrDrnRatio= 1.12972809653729
ICDroneMiteSurvivorship= 25.5807888926938
ICWorkerMiteSurvivorship= 66.2394093582407
ICForagerLifespan= 6.41610990837216
ImmType= Logarithmic
RQQueenStrength= 2.73670695279725
RQEnableReQueen= true
AIAdultSlope= 5.71623064391315
AIAdultLD50= 53.595225370914
AIAdultSlopeContact= 1.94366647256538
AIAdultLD50Contact= 73.1815881918965
AILarvaSlope= 1.45220829732716
AILarvaLD50= 17.8617284044579
AIKOW= 55676.8389504064
AIKOC= 41164.0333269716
AIHalfLife= 29.4658923177281
EAppRate= 1.95398959349003
FoliarEnabled= true
FoliarAppDate= 06/07/1989
FoliarForageBegin= 06/05/1989
FoliarForageEnd= 06/28/1989
AIContactFactor= 0.792859531785361
CL4Pollen= 3.66054558102041
CL4Nectar= 69.4099655840546
CL5Pollen= 3.3821822879836
CL5Nectar= 17.2434472362511
CLDPollen= 1.58878843439743
CLDNectar= 100.193435163237
CA13Pollen= 5.99535838961601
CA13Nectar= 90.5527225136757
CA410Pollen= 5.8142517790664
CA410Nectar= 134.329056078568
CA1120Pollen= 1.88859871169552
CA1120Nectar= 80.8468341082335
IPollenTrips= 11.8951604794711
INectarTrips= 13.6372034600936
IPollenLoad= 9.58065350074321
INectarLoad= 3.99888422340155
