ICQueenStrength= 5.25622554030269
RQWkrDrnRatio= 1.78755121864378
ICDroneMiteSurvivorship= 18.3654177933931
ICWorkerMiteSurvivorship= 88.5339634260163
ICForagerLifespan= 5.3258437467739
ImmType= Tangent
RQQueenStrength= 3.18646212364547
RQEnableReQueen= true
AIAdultSlope= 3.64858979173005
AIAdultLD50= 66.7235775445015
AIAdultSlopeContact= 9.63709985488094
AIAdultLD50Contact= 32.2616677424663
AILarvaSlope= 3.19135815836489
AILarvaLD50= 73.1888968589779
AIKOW= 98380.9261804882
AIKOC= 6758.05312375817
AIHalfLife= 13.2770433071069
EAppRate= 3.69103908750089
FoliarEnabled= true
FoliarAppDate= 06/07/1989
FoliarForageBegin= 06/05/1989
FoliarForageEnd= 06/28/1989
AIContactFactor= 1.99370571153704
CL4Pollen= 2.11772377509624
CL4Nectar= 25.5174304358661
CL5Pollen= 1.78550736000761
CL5Nectar= 121.294230013154
CLDPollen= 4.94366349326447
CLDNectar= 75.449589220807
CA13Pollen= 4.19417609116063
CA13Nectar= 53.057943508029
CA410Pollen= 4.76043803559151
CA410Nectar= 149.865743666887
CA1120Pollen= 0.141840347321704
CA1120Nectar= 55.0976261869073
IPollenTrips= 13.706615450792
INectarTrips= 11.6848944569938
IPollenLoad= 0.37615985609591
INectarLoad= 4.26164611941203
