ICQueenStrength= 2.39480478712358
RQWkrDrnRatio= 1.87976707518101
ICDroneMiteSurvivorship= 5.8796409284696
ICWorkerMiteSurvivorship= 38.1292710546404
ICForagerLifespan= 11.9520567608997
ImmType= Exponential
RQQueenStrength= 4.81157114170492
RQEnableReQueen= true
AIAdultSlope= 1.47005496360362
AIAdultLD50= 56.3817258945997
AIAdultSlopeContact= 1.76631558756344
AIAdultLD50Contact= 89.0368284819042
AILarvaSlope= 5.43833157233894
AILarvaLD50= 82.6861210243953
AIKOW= 89486.0079082953
AIKOC= 33921.5144696003
AIHalfLife= 0.951971514173783
EAppRate= 7.38192342402972
FoliarEnabled= true
FoliarAppDate= 06/07/1989
FoliarForageBegin= 06/05/1989
FoliarForageEnd= 06/28/1989
AIContactFactor= 1.78359209602699
CL4Pollen= 1.87727474048734
CL4Nectar= 83.6201308295131
CL5Pollen= 2.75754704000428
CL5Nectar= 43.5054246685468
CLDPollen= 1.95570219587535
CLDNectar= 120.370536041446
CA13Pollen= 2.72234217897058
CA13Nectar= 25.6347580626607
CA410Pollen= 2.65664869861212
CA410Nectar= 64.2598797101527
CA1120Pollen= 1.52502525807358
CA1120Nectar= 48.3794428035617
IPollenTrips= 12.0592202059925
INectarTrips= 7.14678855147213
IPollenLoad= 5.77119757188484
INectarLoad= 8.58342279912904
ESoilP= 1.496248123236
ESoilFoc= 0.0198451344214845
