ICQueenStrength= 2.76298624486662
RQWkrDrnRatio= 2.69664401561022
ICDroneMiteSurvivorship= 24.5341335423291
ICWorkerMiteSurvivorship= 87.8509412286803
ICForagerLifespan= 8.21346871647984
ImmType= Logarithmic
RQQueenStrength= 5.89508511382155
RQEnableReQueen= true
AIAdultSlope= 1.06177674047649
AIAdultLD50= 73.8845069108307
AIAdultSlopeContact= 6.16653263871558
AIAdultLD50Contact= 55.6264329583503
AILarvaSlope= 3.16454356722534
AILarvaLD50= 94.3107793928608
AIKOW= 63841.498114625
AIKOC= 65836.5057608061
AIHalfLife= 6.20035971603356
EAppRate= 5.56017407016479
FoliarEnabled= true
FoliarAppDate= 06/07/1989
FoliarForageBegin= 06/05/1989
FoliarForageEnd= 06/28/1989
AIContactFactor= 1.42720793775283
CL4Pollen= 3.01028531510383
CL4Nectar= 28.4024345688522
CL5Pollen= 2.11430808389559
CL5Nectar= 34.9876887397841
CLDPollen= 1.66600948059931
CLDNectar= 130.011356750038
CA13Pollen= 7.58245425652713
CA13Nectar= 98.639875985682
CA410Pollen= 2.28259636929724
CA410Nectar= 102.637161910534
CA1120Pollen= 2.67184556974098
CA1120Nectar= 61.5001829527318
IPollenTrips= 8.05229311808944
INectarTrips= 8.24253506259993
IPollenLoad= 6.47736171493307
INectarLoad= 4.66321396175772
