ICQueenStrength= 1.44683896098286
RQWkrDrnRatio= 1.0471516456455
ICDroneMiteSurvivorship= 7.44543040636927
ICWorkerMiteSurvivorship= 84.9132419796661
ICForagerLifespan= 5.58112551271915
ImmType= Logarithmic
RQQueenStrength= 4.19770403206348
RQEnableReQueen=true
AIAdultSlope= 5.9359820112586
AIAdultLD50= 0.3685546954358
AIAdultSlopeContact= 6.09075579373166
AIAdultLD50Contact= 23.230547121695
AILarvaSlope= 8.79327254742384
AILarvaLD50= 44.3859885045076
AIKOW= 11624.9457599597
AIKOC= 21211.7330553331
AIHalfLife= 4.9568034335738
EAppRate= 9.32146565230307
FoliarEnabled=true
FoliarAppDate= 07/01/1989
FoliarForageBegin= 07/01/1989
FoliarForageEnd= 07/14/1989
AIContactFactor= 1.2638162651239
CL4Pollen= 1.49250840488821
CL4Nectar= 8.78314962610602
CL5Pollen= 1.60984730813652
CL5Nectar= 149.763607839122
CLDPollen= 0.2039346517995
CLDNectar= 26.0040365508758
CA13Pollen= 6.2304747200571
CA13Nectar= 75.7190822437406
CA410Pollen= 5.98763740828726
CA410Nectar= 125.515636648051
CA1120Pollen= 1.25385940843262
CA1120Nectar= 75.344946552068
IPollenTrips= 9.01658176910132
INectarTrips= 11.372202092316
IPollenLoad= 8.75511009478942
INectarLoad= 1.09223020030186
