ICQueenStrength= 5.32536765933037
RQWkrDrnRatio= 1.59636560920626
ICDroneMiteSurvivorship= 0.801137764938176
ICWorkerMiteSurvivorship= 0.158988358452916
ICForagerLifespan= 10.361468847841
ImmType= Tangent
RQQueenStrength= 4.02094040205702
RQEnableReQueen= true
AIAdultSlope= 6.60065173730254
AIAdultLD50= 85.2211412865426
AIAdultSlopeContact= 1.42023303755559
AIAdultLD50Contact= 63.9101260024556
AILarvaSlope= 4.4755069874227
AILarvaLD50= 75.2961687119876
AIKOW= 25398.7628130686
AIKOC= 30547.2139511902
AIHalfLife= 5.88261335466523
EAppRate= 2.32454053695058
FoliarEnabled= true
FoliarAppDate= 06/07/1989
FoliarForageBegin= 06/05/1989
FoliarForageEnd= 06/28/1989
AIContactFactor= 2.01615741421934
CL4Pollen= 3.09493122436106
CL4Nectar= 97.1787412650883
CL5Pollen= 0.130090355873108
CL5Nectar= 138.112651964184
CLDPollen= 0.567387251649052
CLDNectar= 87.6194987213239
CA13Pollen= 5.89185415655374
CA13Nectar= 72.6724110543728
CA410Pollen= 8.40719039638061
CA410Nectar= 77.3436384974048
CA1120Pollen= 0.52038094215095
CA1120Nectar= 97.4753615446389
IPollenTrips= 10.9960175561719
INectarTrips= 9.89869040902704
IPollenLoad= 1.61954115377739
INectarLoad= 4.00481991004199
