ICQueenStrength= 5.59720529033802
RQWkrDrnRatio= 1.77736677974463
ICDroneMiteSurvivorship= 50.4199030343443
ICWorkerMiteSurvivorship= 90.8514938317239
ICForagerLifespan= 5.30265333130956
ImmType= Logarithmic
RQQueenStrength= 2.18322458583862
RQEnableReQueen= true
AIAdultSlope= 2.0047016069293
AIAdultLD50= 45.3874946135799
AIAdultSlopeContact= 2.17936647403985
AIAdultLD50Contact= 72.0971502201299
AILarvaSlope= 4.01692622154951
AILarvaLD50= 46.0361931591837
AIKOW= 88117.1675174586
AIKOC= 15247.7115438024
AIHalfLife= 4.6550822341349
EAppRate= 6.5358309885629
FoliarEnabled= true
FoliarAppDate= 06/07/1989
FoliarForageBegin= 06/05/1989
FoliarForageEnd= 06/28/1989
AIContactFactor= 2.17259147135075
CL4Pollen= 0.708872391842306
CL4Nectar= 50.7411409635097
CL5Pollen= 0.776022171601653
CL5Nectar= 30.7266189018264
CLDPollen= 3.4235544539988
CLDNectar= 15.597898629494
CA13Pollen= 6.07414961354807
CA13Nectar= 64.6997412666678
CA410Pollen= 4.00568183145951
CA410Nectar= 198.724765223451
CA1120Pollen= 0.140349183697253
CA1120Nectar= 27.22776344046
IPollenTrips= 7.14996725786477
INectarTrips= 14.7723732865416
IPollenLoad= 0.58347629616037
INectarLoad= 2.1304844156839
ESoilP= 1.05002007703297
ESoilFoc= 0.00330973492772318
