ICQueenStrength= 3.90378162986599
RQWkrDrnRatio= 2.52263185475022
ICDroneMiteSurvivorship= 22.9406940983608
ICWorkerMiteSurvivorship= 11.3256320124492
ICForagerLifespan= 4.01106540020555
ImmType= Tangent
RQQueenStrength= 2.89278671285138
RQEnableReQueen= true
AIAdultSlope= 4.5860239546746
AIAdultLD50= 63.1296616012258
AIAdultSlopeContact= 4.28875076537952
AIAdultLD50Contact= 57.1965992940697
AILarvaSlope= 4.67005245573819
AILarvaLD50= 65.9423669285211
AIKOW= 33189.0152057405
AIKOC= 75318.67431604
AIHalfLife= 20.4374683753587
EAppRate= 5.57259226621059
FoliarEnabled= true
FoliarAppDate= 06/07/1989
FoliarForageBegin= 06/05/1989
FoliarForageEnd= 06/28/1989
AIContactFactor= 2.06034965853672
CL4Pollen= 1.16685104928911
CL4Nectar= 59.6399649977684
CL5Pollen= 1.06119518028572
CL5Nectar= 144.081672315951
CLDPollen= 4.25721101369709
CLDNectar= 54.0612796554342
CA13Pollen= 2.94020266020671
CA13Nectar= 30.3903618454933
CA410Pollen= 3.45284851826727
CA410Nectar= 131.291580684483
CA1120Pollen= 0.188787733437493
CA1120Nectar= 87.3879700899124
IPollenTrips= 6.33997085038573
INectarTrips= 10.7086617103778
IPollenLoad= 4.01658354559913
INectarLoad= 4.49985551182181
