ICQueenStrength= 1.42406230699271
RQWkrDrnRatio= 4.71050634328276
ICDroneMiteSurvivorship= 96.4604086708277
ICWorkerMiteSurvivorship= 70.9676005644724
ICForagerLifespan= 10.4716616356745
ImmType= Cosine
RQQueenStrength= 4.76675063511357
RQEnableReQueen= true
AIAdultSlope= 3.02923014201224
AIAdultLD50= 91.2968634396342
AIAdultSlopeContact= 3.99980912450701
AIAdultLD50Contact= 22.3603064270676
AILarvaSlope= 3.61814080737531
AILarvaLD50= 2.60207586708036
AIKOW= 70593.3108530189
AIKOC= 25403.1056175607
AIHalfLife= 3.75497797986027
EAppRate= 2.74685185285285
FoliarEnabled= true
FoliarAppDate= 06/07/1989
FoliarForageBegin= 06/05/1989
FoliarForageEnd= 06/28/1989
AIContactFactor= 0.807184554724954
CL4Pollen= 0.919592087157071
CL4Nectar= 47.6747734472156
CL5Pollen= 4.68972283042967
CL5Nectar= 64.2073331982829
CLDPollen= 4.67782697360963
CLDNectar= 105.557469720952
CA13Pollen= 6.25827062949538
CA13Nectar= 29.7915447503328
CA410Pollen= 3.01302567783278
CA410Nectar= 190.109850340523
CA1120Pollen= 1.44675228511915
CA1120Nectar= 34.296662658453
IPollenTrips= 9.71863548271358
INectarTrips= 13.6802178970538
IPollenLoad= 2.22339456668124
INectarLoad= 8.85149122681469
