ICQueenStrength= 5.58967463346198
RQWkrDrnRatio= 4.87515594344586
ICDroneMiteSurvivorship= 49.3875954532996
ICWorkerMiteSurvivorship= 28.9785152766854
ICForagerLifespan= 4.1109896749258
ImmType= Tangent
RQQueenStrength= 4.05642139981501
RQEnableReQueen= true
AIAdultSlope= 7.30065678805113
AIAdultLD50= 90.8974854633985
AIAdultSlopeContact= 4.37813124852255
AIAdultLD50Contact= 18.9094361262459
AILarvaSlope= 3.94384052231908
AILarvaLD50= 35.3729053261545
AIKOW= 3263.20048145558
AIKOC= 34473.5656322609
AIHalfLife= 28.3698139785323
EAppRate= 6.27721888763388
FoliarEnabled= true
FoliarAppDate= 06/07/1989
FoliarForageBegin= 06/05/1989
FoliarForageEnd= 06/28/1989
AIContactFactor= 0.749626926081255
CL4Pollen= 2.65442070458084
CL4Nectar= 55.8124283794314
CL5Pollen= 2.54565058741719
CL5Nectar= 96.3024511467665
CLDPollen= 3.80356826679781
CLDNectar= 68.6241724644788
CA13Pollen= 4.1532299884595
CA13Nectar= 76.2740286812186
CA410Pollen= 2.32008529230952
CA410Nectar= 31.2907294277102
CA1120Pollen= 0.794105506036431
CA1120Nectar= 60.0613651797175
IPollenTrips= 5.17046002438292
INectarTrips= 6.41140514751896
IPollenLoad= 5.51213689846918
INectarLoad= 5.04710507113487
