ICQueenStrength= 4.85644322959706
RQWkrDrnRatio= 3.37318864371628
ICDroneMiteSurvivorship= 69.6611115941778
ICWorkerMiteSurvivorship= 4.05418314039707
ICForagerLifespan= 4.32806176133454
ImmType= Tangent
RQQueenStrength= 3.1046969294548
RQEnableReQueen= true
AIAdultSlope= 4.93501316010952
AIAdultLD50= 79.0241254530756
AIAdultSlopeContact= 4.70925581874326
AIAdultLD50Contact= 76.6983156813609
AILarvaSlope= 1.35903424955904
AILarvaLD50= 67.3100065064081
AIKOW= 18523.7850280878
AIKOC= 41727.3321927183
AIHalfLife= 13.5865673202556
EAppRate= 6.34446282831021
FoliarEnabled= true
FoliarAppDate= 06/07/1989
FoliarForageBegin= 06/05/1989
FoliarForageEnd= 06/28/1989
AIContactFactor= 2.37928663180675
CL4Pollen= 0.669843390583992
CL4Nectar= 95.4313762718812
CL5Pollen= 5.47984008863568
CL5Nectar= 137.072901881766
CLDPollen= 3.05827668914571
CLDNectar= 46.9372332911007
CA13Pollen= 7.94523654719815
CA13Nectar= 75.4352187365294
CA410Pollen= 8.74053719083313
CA410Nectar= 83.1830715108663
CA1120Pollen= 0.185896462993696
CA1120Nectar= 46.4770505949855
IPollenTrips= 8.89406104106456
INectarTrips= 14.5586526487023
IPollenLoad= 4.95192906586453
INectarLoad= 7.66883304808289
ESoilP= 1.85266425088048
ESoilFoc= 0.00133946894481778
