ICQueenStrength= 5.01238147285767
RQWkrDrnRatio= 2.2913006208837
ICDroneMiteSurvivorship= 28.5433528479189
ICWorkerMiteSurvivorship= 28.2613350544125
ICForagerLifespan= 4.2169385291636
ImmType= Exponential
RQQueenStrength= 1.92645079712383
RQEnableReQueen= true
AIAdultSlope= 3.41874338686466
AIAdultLD50= 53.0838801646964
AIAdultSlopeContact= 9.69774028402753
AIAdultLD50Contact= 82.9583396532242
AILarvaSlope= 1.4296754412353
AILarvaLD50= 49.5713537595055
AIKOW= 9496.36869389041
AIKOC= 87262.086825137
AIHalfLife= 6.75153572882991
EAppRate= 3.98313621100225
FoliarEnabled= true
FoliarAppDate= 06/07/1989
FoliarForageBegin= 06/05/1989
FoliarForageEnd= 06/28/1989
AIContactFactor= 0.500921576591209
CL4Pollen= 3.61940217856318
CL4Nectar= 10.2662043180317
CL5Pollen= 4.51081812707707
CL5Nectar= 41.0470114904456
CLDPollen= 5.72438506130129
CLDNectar= 45.0934813474305
CA13Pollen= 7.30235939873382
CA13Nectar= 23.0609133653343
CA410Pollen= 4.22359547461383
CA410Nectar= 97.2371984506026
CA1120Pollen= 1.45664718328044
CA1120Nectar= 20.7671262696385
IPollenTrips= 8.30862833186984
INectarTrips= 7.99212396610528
IPollenLoad= 6.66803868953139
INectarLoad= 7.61490751290694
