ICQueenStrength= 2.65906825917773
RQWkrDrnRatio= 1.7691894127056
ICDroneMiteSurvivorship= 76.9945607287809
ICWorkerMiteSurvivorship= 84.8212112206966
ICForagerLifespan= 11.3911643764004
ImmType= Sine
RQQueenStrength= 1.58751467498951
RQEnableReQueen= true
AIAdultSlope= 4.47997112944722
AIAdultLD50= 33.3498565085446
AIAdultSlopeContact= 9.50141914468259
AIAdultLD50Contact= 28.5052704638706
AILarvaSlope= 5.21064255945385
AILarvaLD50= 0.484358614076395
AIKOW= 48612.0728009727
AIKOC= 90771.8296979694
AIHalfLife= 17.8844205707312
EAppRate= 8.35709286476741
FoliarEnabled= true
FoliarAppDate= 06/07/1989
FoliarForageBegin= 06/05/1989
FoliarForageEnd= 06/28/1989
AIContactFactor= 1.59197465131991
CL4Pollen= 2.83733500353992
CL4Nectar= 96.5822297148407
CL5Pollen= 2.80870612850413
CL5Nectar= 81.860303808935
CLDPollen= 2.70701296348125
CLDNectar= 17.7704654401168
CA13Pollen= 5.80620992351323
CA13Nectar= 30.9724084474146
CA410Pollen= 3.15226093316451
CA410Nectar= 120.488824076019
CA1120Pollen= 1.91018813895062
CA1120Nectar= 97.8501320071518
IPollenTrips= 9.82133171753958
INectarTrips= 7.84229074604809
IPollenLoad= 0.729213273152709
INectarLoad= 5.74236649787053
