ICQueenStrength= 4.39087145519443
RQWkrDrnRatio= 1.58763701748103
ICDroneMiteSurvivorship= 27.6698035886511
ICWorkerMiteSurvivorship= 84.5126539934427
ICForagerLifespan= 13.2879002215341
ImmType= Cosine
RQQueenStrength= 5.54448494361714
RQEnableReQueen= true
AIAdultSlope= 7.47097587026656
AIAdultLD50= 72.9777922869171
AIAdultSlopeContact= 9.98809976154007
AIAdultLD50Contact= 77.867087840765
AILarvaSlope= 1.26137823238969
AILarvaLD50= 85.361173990899
AIKOW= 28502.924392876
AIKOC= 92776.7718765857
AIHalfLife= 16.2155562098371
EAppRate= 9.18947541910969
FoliarEnabled= true
FoliarAppDate= 06/07/1989
FoliarForageBegin= 06/05/1989
FoliarForageEnd= 06/28/1989
AIContactFactor= 1.31523965340108
CL4Pollen= 0.504949481226504
CL4Nectar= 42.4817745806649
CL5Pollen= 3.37178608775139
CL5Nectar= 118.596738763154
CLDPollen= 4.87788994470611
CLDNectar= 103.058907086961
CA13Pollen= 3.52520054047927
CA13Nectar= 78.4813256189227
CA410Pollen= 6.10792481100652
CA410Nectar= 109.761473289691
CA1120Pollen= 0.367462317924947
CA1120Nectar= 39.7414549067616
IPollenTrips= 14.2499218671583
INectarTrips= 9.77871283190325
IPollenLoad= 1.59658319782466
INectarLoad= 1.51675496483222
ESoilP= 1.81036131968722
ESoilFoc= 0.00762510207062587
