ICQueenStrength= 2.61710598738864
RQWkrDrnRatio= 1.29240591451526
ICDroneMiteSurvivorship= 47.2530570114031
ICWorkerMiteSurvivorship= 7.42622469551861
ICForagerLifespan= 10.3479012930766
ImmType= Exponential
RQQueenStrength= 1.41274929186329
RQEnableReQueen= true
AIAdultSlope= 7.82546108961105
AIAdultLD50= 95.579940043862
AIAdultSlopeContact= 2.47754095727578
AIAdultLD50Contact= 71.8735170167233
AILarvaSlope= 1.06271888501942
AILarvaLD50= 39.0044652541324
AIKOW= 20563.816632513
AIKOC= 36389.9808043712
AIHalfLife= 2.71148638599552
EAppRate= 2.88837682091864
FoliarEnabled= true
FoliarAppDate= 06/07/1989
FoliarForageBegin= 06/05/1989
FoliarForageEnd= 06/28/1989
AIContactFactor= 1.34194618979469
CL4Pollen= 2.9299702309072
CL4Nectar= 75.2521371236071
CL5Pollen= 1.15995920542628
CL5Nectar= 34.1736591188237
CLDPollen= 2.23158574942499
CLDNectar= 53.8047418696806
CA13Pollen= 6.87295874468982
CA13Nectar= 57.8064994700253
CA410Pollen= 4.85998909077607
CA410Nectar= 45.6510814884678
CA1120Pollen= 2.82990650483407
CA1120Nectar= 77.5748865120113
IPollenTrips= 14.6427867910825
INectarTrips= 13.6255322094075
IPollenLoad= 7.30684028938413
INectarLoad= 6.81439630687237
