ICQueenStrength= 4.17073230282404
RQWkrDrnRatio= 1.50241542235017
ICDroneMiteSurvivorship= 15.3384233359247
ICWorkerMiteSurvivorship= 47.7908478584141
ICForagerLifespan= 9.76338444184512
ImmType= Sine
RQQueenStrength= 5.13322884705849
RQEnableReQueen= true
AIAdultSlope= 5.69612691737711
AIAdultLD50= 10.6949007052847
AIAdultSlopeContact= 7.71194841852412
AIAdultLD50Contact= 47.3766349672619
AILarvaSlope= 6.65092547796667
AILarvaLD50= 62.5057658369651
AIKOW= 29798.3412284837
AIKOC= 82478.3363047175
AIHalfLife= 27.2537798705278
EAppRate= 1.57185187891056
FoliarEnabled= true
FoliarAppDate= 06/07/1989
FoliarForageBegin= 06/05/1989
FoliarForageEnd= 06/28/1989
AIContactFactor= 0.338601729753427
CL4Pollen= 2.77982870861888
CL4Nectar= 58.6400530301034
CL5Pollen= 1.23126791138202
CL5Nectar= 25.4851298639551
CLDPollen= 0.461536447517574
CLDNectar= 34.2859333497472
CA13Pollen= 6.17088454198092
CA13Nectar= 36.3807257451117
CA410Pollen= 5.22814922144171
CA410Nectar= 34.6406640671194
CA1120Pollen= 2.48395598586649
CA1120Nectar= 61.9499680772424
IPollenTrips= 14.7010821523145
INectarTrips= 14.0341526223347
IPollenLoad= 2.82938745804131
INectarLoad= 2.80415025306866
