ICQueenStrength= 1.63824917888269
RQWkrDrnRatio= 2.42039025109261
ICDroneMiteSurvivorship= 48.901727120392
ICWorkerMiteSurvivorship= 13.3746312232688
ICForagerLifespan= 13.1884075310081
ImmType= Cosine
RQQueenStrength= 4.73954679816961
RQEnableReQueen= true
AIAdultSlope= 3.66193389706314
AIAdultLD50= 35.0114022537442
AIAdultSlopeContact= 6.52270409371704
AIAdultLD50Contact= 81.2059920990292
AILarvaSlope= 3.65958472527564
AILarvaLD50= 77.9757384313948
AIKOW= 74823.0601924971
AIKOC= 47670.8329615849
AIHalfLife= 33.0649244402768
EAppRate= 2.61506298871408
FoliarEnabled= true
FoliarAppDate= 06/07/1989
FoliarForageBegin= 06/05/1989
FoliarForageEnd= 06/28/1989
AIContactFactor= 0.536854422786273
CL4Pollen= 2.43972539436072
CL4Nectar= 21.8928352929652
CL5Pollen= 5.46063724905252
CL5Nectar= 13.8406708370894
CLDPollen= 4.51834400184453
CLDNectar= 41.9665111228824
CA13Pollen= 2.67564808418974
CA13Nectar= 22.543631400913
CA410Pollen= 7.40952247329988
CA410Nectar= 185.707720853388
CA1120Pollen= 0.875244051218033
CA1120Nectar= 92.9635996371508
IPollenTrips= 12.6619057776406
INectarTrips= 8.55944970389828
IPollenLoad= 9.6329009369947
INectarLoad= 5.34820958273485
ESoilP= 1.5165319154039
ESoilFoc= 0.0158218514153268
