ICQueenStrength= 1.00677398056723
RQWkrDrnRatio= 3.70922008808702
ICDroneMiteSurvivorship= 70.4792929580435
ICWorkerMiteSurvivorship= 85.9974997816607
ICForagerLifespan= 9.32680553011596
ImmType= Cosine
RQQueenStrength= 4.16518368781544
RQEnableReQueen= true
AIAdultSlope= 6.18222101591527
AIAdultLD50= 38.9964439694262
AIAdultSlopeContact= 8.72507398552261
AIAdultLD50Contact= 39.7410415644848
AILarvaSlope= 1.19648878462613
AILarvaLD50= 34.1496462653018
AIKOW= 95096.6659015897
AIKOC= 55882.5832436723
AIHalfLife= 16.0861746191047
EAppRate= 4.50381048058788
FoliarEnabled= true
FoliarAppDate= 06/07/1989
FoliarForageBegin= 06/05/1989
FoliarForageEnd= 06/28/1989
AIContactFactor= 0.787926286500879
CL4Pollen= 3.04261014796793
CL4Nectar= 58.5219924105331
CL5Pollen= 1.58692363137379
CL5Nectar= 131.917607516516
CLDPollen= 1.79899691836908
CLDNectar= 115.436075313482
CA13Pollen= 3.90282763568684
CA13Nectar= 30.7413535006344
CA410Pollen= 3.54650950448122
CA410Nectar= 118.148436448537
CA1120Pollen= 0.166283371159807
CA1120Nectar= 80.2453041821718
IPollenTrips= 12.2607045108452
INectarTrips= 13.0127165000886
IPollenLoad= 5.53981622681022
INectarLoad= 3.10139139648527
ESoilP= 1.40086634014733
ESoilFoc= 0.0174241649804171
