ICQueenStrength= 2.25684508355334
RQWkrDrnRatio= 2.52545909397304
ICDroneMiteSurvivorship= 26.8930457066745
ICWorkerMiteSurvivorship= 18.3547224849463
ICForagerLifespan= 7.26537782140076
ImmType= Cosine
RQQueenStrength= 4.52107005775906
RQEnableReQueen= true
AIAdultSlope= 3.69421001151204
AIAdultLD50= 0.499826708181994
AIAdultSlopeContact= 1.17625916306861
AIAdultLD50Contact= 11.1757157631472
AILarvaSlope= 7.241046955809
AILarvaLD50= 9.26061583819031
AIKOW= 7594.17041856925
AIKOC= 62866.9651149896
AIHalfLife= 29.0230350611731
EAppRate= 1.88748064893181
FoliarEnabled= true
FoliarAppDate= 09/01/1989
FoliarForageBegin= 09/01/1989
FoliarForageEnd= 09/08/1989
AIContactFactor= 1.5381380546093
CL4Pollen= 1.68984334170818
CL4Nectar= 47.9799709049985
CL5Pollen= 4.1848354828544
CL5Nectar= 106.675595627166
CLDPollen= 2.6549672819674
CLDNectar= 59.5579436514527
CA13Pollen= 2.54187172632664
CA13Nectar= 43.2333560846746
CA410Pollen= 7.72039969325997
CA410Nectar= 36.2636728910729
CA1120Pollen= 1.67297444818541
CA1120Nectar= 92.1499283239245
IPollenTrips= 12.0349978143349
INectarTrips= 5.00344091327861
IPollenLoad= 3.73698763782158
INectarLoad= 7.05228130798787
