ICQueenStrength= 1.807590741897
RQWkrDrnRatio= 4.80933710560203
ICDroneMiteSurvivorship= 55.9563667280599
ICWorkerMiteSurvivorship= 2.81579901929945
ICForagerLifespan= 14.9366662902758
ImmType= Exponential
RQQueenStrength= 4.7632807972841
RQEnableReQueen= true
AIAdultSlope= 1.87170430459082
AIAdultLD50= 30.7224033586388
AIAdultSlopeContact= 5.09495363617316
AIAdultLD50Contact= 75.4265669806548
AILarvaSlope= 6.00335129350424
AILarvaLD50= 3.32105545573262
AIKOW= 89217.1849569269
AIKOC= 99071.6681284711
AIHalfLife= 1.03662352669053
EAppRate= 9.23336249106401
FoliarEnabled= true
FoliarAppDate= 06/07/1989
FoliarForageBegin= 06/05/1989
FoliarForageEnd= 06/28/1989
AIContactFactor= 0.831006656577811
CL4Pollen= 1.97446048073471
CL4Nectar= 60.1018248125911
CL5Pollen= 3.41019791923463
CL5Nectar= 102.504480199423
CLDPollen= 0.360498963855207
CLDNectar= 14.531834225636
CA13Pollen= 3.29297699620947
CA13Nectar= 69.1439319774508
CA410Pollen= 3.08664375380613
CA410Nectar= 52.1570760896429
CA1120Pollen= 2.99714344390668
CA1120Nectar= 32.1579418703914
IPollenTrips= 7.31032609008253
INectarTrips= 14.4674671976827
IPollenLoad= 8.05552999954671
INectarLoad= 2.34177549369633
