ICQueenStrength= 5.58253458724357
RQWkrDrnRatio= 4.97551452275366
ICDroneMiteSurvivorship= 24.8158221133053
ICWorkerMiteSurvivorship= 50.2084475941956
ICForagerLifespan= 9.58933903928846
ImmType= Exponential
RQQueenStrength= 2.66295962408185
RQEnableReQueen= true
AIAdultSlope= 8.74904723092914
AIAdultLD50= 0.813051503482275
AIAdultSlopeContact= 1.96191086666659
AIAdultLD50Contact= 39.6899530251271
AILarvaSlope= 8.47252323850989
AILarvaLD50= 51.3708703280664
AIKOW= 95032.0371970823
AIKOC= 53881.6868761261
AIHalfLife= 7.7641530849738
EAppRate= 0.950080670762109
FoliarEnabled= true
FoliarAppDate= 09/01/1989
FoliarForageBegin= 09/01/1989
FoliarForageEnd= 09/08/1989
AIContactFactor= 0.337824510713108
CL4Pollen= 1.88250711094588
CL4Nectar= 81.1884000198916
CL5Pollen= 3.03246548166499
CL5Nectar= 54.0556039195508
CLDPollen= 5.06691946880892
CLDNectar= 114.285046525765
CA13Pollen= 4.76854768935591
CA13Nectar= 20.5535494536161
CA410Pollen= 9.31202917755581
CA410Nectar= 66.3429514598101
CA1120Pollen= 2.8218354054261
CA1120Nectar= 80.0742929987609
IPollenTrips= 9.58409836050123
INectarTrips= 7.86313999677077
IPollenLoad= 1.52787849539891
INectarLoad= 1.94158806698397
