ICQueenStrength= 2.73746319208294
RQWkrDrnRatio= 3.40543856937438
ICDroneMiteSurvivorship= 46.6919694561511
ICWorkerMiteSurvivorship= 41.7274815961719
ICForagerLifespan= 5.33996787387878
ImmType= Cosine
RQQueenStrength= 1.16343251056969
RQEnableReQueen=true
AIAdultSlope= 3.71882252208889
AIAdultLD50= 0.102862763945246
AIAdultSlopeContact= 7.64693147083744
AIAdultLD50Contact= 81.2017466143959
AILarvaSlope= 6.5374797899276
AILarvaLD50= 19.3515937443152
AIKOW= 79435.2793210375
AIKOC= 48044.5053646849
AIHalfLife= 23.0135961767053
EAppRate= 6.83715926846652
FoliarEnabled=true
FoliarAppDate= 07/01/1989
FoliarForageBegin= 07/01/1989
FoliarForageEnd= 07/14/1989
AIContactFactor= 0.849075134037994
CL4Pollen= 3.64101940672845
CL4Nectar= 42.6740435650572
CL5Pollen= 4.48315034201369
CL5Nectar= 121.13728991244
CLDPollen= 2.16529037430882
CLDNectar= 22.1201751963235
CA13Pollen= 7.6685753500089
CA13Nectar= 92.0681033469737
CA410Pollen= 8.4549782956019
CA410Nectar= 101.98480555322
CA1120Pollen= 0.325775674078614
CA1120Nectar= 73.2995985075831
IPollenTrips= 6.63226066855714
INectarTrips= 10.239563297946
IPollenLoad= 8.48291220143437
INectarLoad= 3.09541718102992
