ICQueenStrength= 1.93131353612989
RQWkrDrnRatio= 3.87540412507951
ICDroneMiteSurvivorship= 35.2597151184455
ICWorkerMiteSurvivorship= 70.9947950206697
ICForagerLifespan= 6.95523545704782
ImmType= Exponential
RQQueenStrength= 3.84522210434079
RQEnableReQueen=true
AIAdultSlope= 8.94076270796359
AIAdultLD50= 0.175666815158445
AIAdultSlopeContact= 5.76294720498845
AIAdultLD50Contact= 34.9806925481923
AILarvaSlope= 2.77166218869388
AILarvaLD50= 41.0527267473345
AIKOW= 17582.8621950687
AIKOC= 62631.1936867563
AIHalfLife= 24.9947045287583
EAppRate= 2.32226738260104
FoliarEnabled=true
FoliarAppDate= 07/01/1989
FoliarForageBegin= 07/01/1989
FoliarForageEnd= 07/14/1989
AIContactFactor= 2.30473881638609
CL4Pollen= 2.21725211013108
CL4Nectar= 92.4442882183939
CL5Pollen= 3.33030887134373
CL5Nectar= 30.2195559139363
CLDPollen= 3.33060320606455
CLDNectar= 28.6212340230122
CA13Pollen= 3.45474653718993
CA13Nectar= 73.9977134205401
CA410Pollen= 2.90509292148054
CA410Nectar= 132.779067419469
CA1120Pollen= 0.427145377965644
CA1120Nectar= 59.4886781461537
IPollenTrips= 10.8348488528281
INectarTrips= 9.70504850381985
IPollenLoad= 0.0109925260767341
INectarLoad= 2.43290518876165
