ICQueenStrength= 1.99147963919677
RQWkrDrnRatio= 2.76915118005127
ICDroneMiteSurvivorship= 79.0908192517236
ICWorkerMiteSurvivorship= 9.86286639235914
ICForagerLifespan= 10.2150210626423
ImmType= Sine
RQQueenStrength= 2.65373893571086
RQEnableReQueen= true
AIAdultSlope= 6.65438722632825
AIAdultLD50= 15.2831937641622
AIAdultSlopeContact= 8.89000166207552
AIAdultLD50Contact= 42.0745970453117
AILarvaSlope= 5.39867532067001
AILarvaLD50= 26.602927830948
AIKOW= 18983.0787704573
AIKOC= 10901.7532735192
AIHalfLife= 17.3932971079834
EAppRate= 3.91548173782625
FoliarEnabled= true
FoliarAppDate= 06/07/1989
FoliarForageBegin= 06/05/1989
FoliarForageEnd= 06/28/1989
AIContactFactor= 2.2791996631166
CL4Pollen= 0.779553212225437
CL4Nectar= 52.6061297394335
CL5Pollen= 4.28116755466908
CL5Nectar= 144.73242550157
CLDPollen= 5.47705934615806
CLDNectar= 86.8512116954662
CA13Pollen= 2.89932937668636
CA13Nectar= 97.7417007833719
CA410Pollen= 9.44537125013303
CA410Nectar= 162.522457940504
CA1120Pollen= 1.67284085601568
CA1120Nectar= 75.2657931298018
IPollenTrips= 8.45882985275239
INectarTrips= 5.23553295759484
IPollenLoad= 4.59708932554349
INectarLoad= 9.61790926055983
ESoilP= 1.90352134406567
ESoilFoc= 0.00161057712091133
