ICQueenStrength= 1.41244854684919
RQWkrDrnRatio= 1.28428901918232
ICDroneMiteSurvivorship= 21.8950627604499
ICWorkerMiteSurvivorship= 20.573686202988
ICForagerLifespan= 8.83037918433547
ImmType= Sine
RQQueenStrength= 3.77370075811632
RQEnableReQueen= true
AIAdultSlope= 2.81130216643214
AIAdultLD50= 0.884947981986683
AIAdultSlopeContact= 4.25071557890624
AIAdultLD50Contact= 61.2683083233717
AILarvaSlope= 7.00603945367038
AILarvaLD50= 52.217703534879
AIKOW= 33797.1428953841
AIKOC= 14834.0937412344
AIHalfLife= 24.2264528121566
EAppRate= 1.38770226706821
FoliarEnabled= true
FoliarAppDate= 09/01/1989
FoliarForageBegin= 09/01/1989
FoliarForageEnd= 09/08/1989
AIContactFactor= 2.28097770425025
CL4Pollen= 3.43568138126284
CL4Nectar= 64.5691815996543
CL5Pollen= 4.20960172265768
CL5Nectar= 86.6992480354384
CLDPollen= 4.0750021180138
CLDNectar= 87.3355991905555
CA13Pollen= 5.4366832587868
CA13Nectar= 34.3886977247894
CA410Pollen= 3.50368610196747
CA410Nectar= 179.821907584555
CA1120Pollen= 1.52117151883431
CA1120Nectar= 59.7985497117043
IPollenTrips= 12.7335194195621
INectarTrips= 5.36653862800449
IPollenLoad= 7.1957926126197
INectarLoad= 8.41828654054552
