ICQueenStrength= 4.74329181620851
RQWkrDrnRatio= 1.81703575141728
ICDroneMiteSurvivorship= 51.3444476760924
ICWorkerMiteSurvivorship= 87.2693856246769
ICForagerLifespan= 13.0883191721514
ImmType= Exponential
RQQueenStrength= 5.96187466429546
RQEnableReQueen= true
AIAdultSlope= 7.40723780915141
AIAdultLD50= 64.3905615268813
AIAdultSlopeContact= 7.92937675118446
AIAdultLD50Contact= 41.6955357144389
AILarvaSlope= 5.64241487160325
AILarvaLD50= 52.1007953853686
AIKOW= 28367.5870778715
AIKOC= 43431.2262885801
AIHalfLife= 1.91688660203945
EAppRate= 2.28621503029834
FoliarEnabled= true
FoliarAppDate= 06/07/1989
FoliarForageBegin= 06/05/1989
FoliarForageEnd= 06/28/1989
AIContactFactor= 1.4234907468874
CL4Pollen= 2.59273302834481
CL4Nectar= 87.5639034667984
CL5Pollen= 1.03227181406692
CL5Nectar= 16.2491369876079
CLDPollen= 5.17141084000468
CLDNectar= 87.8566606901586
CA13Pollen= 5.78220138540491
CA13Nectar= 27.9691447131336
CA410Pollen= 9.01420696058776
CA410Nectar= 135.029568020254
CA1120Pollen= 0.0945224293973297
CA1120Nectar= 88.7725005857646
IPollenTrips= 9.67875753063709
INectarTrips= 6.31877604639158
IPollenLoad= 4.71920055802912
INectarLoad= 6.80592092918232
ESoilP= 1.70689943898469
ESoilFoc= 0.0195469095883891
