ICQueenStrength= 2.66983239818364
RQWkrDrnRatio= 4.12482725828886
ICDroneMiteSurvivorship= 54.0705111809075
ICWorkerMiteSurvivorship= 27.5333226658404
ICForagerLifespan= 14.4552171062678
ImmType= Tangent
RQQueenStrength= 4.36555182235315
RQEnableReQueen= true
AIAdultSlope= 8.09007501602173
AIAdultLD50= 41.4321239796178
AIAdultSlopeContact= 3.5843135449104
AIAdultLD50Contact= 3.06606097673369
AILarvaSlope= 3.429473772645
AILarvaLD50= 13.2005350305499
AIKOW= 40057.9519208791
AIKOC= 11976.1482424689
AIHalfLife= 19.4448867457919
EAppRate= 9.26030223712861
FoliarEnabled= true
FoliarAppDate= 06/07/1989
FoliarForageBegin= 06/05/1989
FoliarForageEnd= 06/28/1989
AIContactFactor= 1.32758195448201
CL4Pollen= 3.05355038493872
CL4Nectar= 85.7850216794759
CL5Pollen= 5.44699977664277
CL5Nectar= 117.069702688605
CLDPollen= 3.73140829754993
CLDNectar= 85.1179271587171
CA13Pollen= 2.94929447704926
CA13Nectar= 68.9290561527014
CA410Pollen= 2.8137643922586
CA410Nectar= 20.1289514731616
CA1120Pollen= 0.652556625427678
CA1120Nectar= 79.3109619803727
IPollenTrips= 11.9262018473819
INectarTrips= 12.6683500548825
IPollenLoad= 2.64531424501911
INectarLoad= 8.02585773402825
ESoilP= 1.279861852061
ESoilFoc= 0.017487791121006
