ICQueenStrength= 5.00596525287256
RQWkrDrnRatio= 2.15661355108023
ICDroneMiteSurvivorship= 6.87470017001033
ICWorkerMiteSurvivorship= 22.1576632466167
ICForagerLifespan= 6.6525150667876
ImmType= Sine
RQQueenStrength= 2.78299739374779
RQEnableReQueen= true
AIAdultSlope= 6.68702383339405
AIAdultLD50= 55.3384886161634
AIAdultSlopeContact= 7.48960470734164
AIAdultLD50Contact= 74.340766474304
AILarvaSlope= 7.97888116165996
AILarvaLD50= 42.8422496028328
AIKOW= 88160.9456112691
AIKOC= 28924.2599649162
AIHalfLife= 0.963975149765611
EAppRate= 5.59269097031234
FoliarEnabled= true
FoliarAppDate= 06/07/1989
FoliarForageBegin= 06/05/1989
FoliarForageEnd= 06/28/1989
AIContactFactor= 0.636076193102635
CL4Pollen= 0.963241866789758
CL4Nectar= 69.1235881531611
CL5Pollen= 4.66911588795483
CL5Nectar= 143.618976627477
CLDPollen= 0.470129492226988
CLDNectar= 27.2505723754875
CA13Pollen= 2.20135922478512
CA13Nectar= 20.3962211683393
CA410Pollen= 7.07722365409136
CA410Nectar= 120.69369094912
CA1120Pollen= 1.32509050844237
CA1120Nectar= 29.2015295289457
IPollenTrips= 9.37766845803708
INectarTrips= 8.26518766116351
IPollenLoad= 1.92725000437349
INectarLoad= 8.04756456753239
ESoilP= 1.8170146686025
ESoilFoc= 0.0122297257217579
