ICQueenStrength= 3.23980218172073
RQWkrDrnRatio= 4.14705412276089
ICDroneMiteSurvivorship= 94.9147223727778
ICWorkerMiteSurvivorship= 84.0768893249333
ICForagerLifespan= 14.2418373404071
ImmType= Logarithmic
RQQueenStrength= 3.92985708103515
RQEnableReQueen= true
AIAdultSlope= 6.15810140781105
AIAdultLD50= 72.4929884376389
AIAdultSlopeContact= 8.56769401370548
AIAdultLD50Contact= 80.2307797572657
AILarvaSlope= 3.85355992615223
AILarvaLD50= 40.2271675060689
AIKOW= 55061.180354347
AIKOC= 23673.2324684239
AIHalfLife= 22.7284188164631
EAppRate= 1.78960672806203
FoliarEnabled= true
FoliarAppDate= 06/07/1989
FoliarForageBegin= 06/05/1989
FoliarForageEnd= 06/28/1989
AIContactFactor= 1.17402726560831
CL4Pollen= 2.94300589337945
CL4Nectar= 33.5536565864459
CL5Pollen= 0.64829970896244
CL5Nectar= 7.3873657383956
CLDPollen= 3.06945236166939
CLDNectar= 87.3793791281059
CA13Pollen= 2.71539262570441
CA13Nectar= 20.5999310687184
CA410Pollen= 8.67106308022048
CA410Nectar= 160.87332569994
CA1120Pollen= 1.63365888409317
CA1120Nectar= 82.0032270997763
IPollenTrips= 9.05110879568383
INectarTrips= 7.5757520692423
IPollenLoad= 3.01420441130176
INectarLoad= 6.94302229210734
ESoilP= 1.88452525786124
ESoilFoc= 0.00360557813802734
