ICQueenStrength= 4.94995644222945
RQWkrDrnRatio= 1.91025017667562
ICDroneMiteSurvivorship= 48.618231434375
ICWorkerMiteSurvivorship= 40.8898866735399
ICForagerLifespan= 10.2698679622263
ImmType= Logarithmic
RQQueenStrength= 1.11069336440414
RQEnableReQueen= true
AIAdultSlope= 1.69208359904587
AIAdultLD50= 0.143268092266284
AIAdultSlopeContact= 6.08225971227512
AIAdultLD50Contact= 89.2222320209814
AILarvaSlope= 4.80345146171749
AILarvaLD50= 21.94015241192
AIKOW= 3343.69419458587
AIKOC= 60751.8071573935
AIHalfLife= 2.05396991353482
EAppRate= 4.70262848569173
FoliarEnabled= true
FoliarAppDate= 09/01/1989
FoliarForageBegin= 09/01/1989
FoliarForageEnd= 09/08/1989
AIContactFactor= 2.16981666892301
CL4Pollen= 0.376584121957421
CL4Nectar= 49.9831914436072
CL5Pollen= 3.08169991895556
CL5Nectar= 47.5488290889189
CLDPollen= 0.221925145480782
CLDNectar= 68.7686357530765
CA13Pollen= 2.85698009729385
CA13Nectar= 47.4813344702125
CA410Pollen= 2.616865207511
CA410Nectar= 93.3739797398448
CA1120Pollen= 1.61046247347258
CA1120Nectar= 30.2391258440912
IPollenTrips= 13.4495872817934
INectarTrips= 13.9902039640583
IPollenLoad= 1.91635120427236
INectarLoad= 8.57078319648281
