ICQueenStrength= 5.52860665041953
RQWkrDrnRatio= 1.11556802131236
ICDroneMiteSurvivorship= 36.9006107794121
ICWorkerMiteSurvivorship= 94.4742464693263
ICForagerLifespan= 11.6583089632913
ImmType= Tangent
RQQueenStrength= 2.08621067134663
RQEnableReQueen= true
AIAdultSlope= 7.03850511647761
AIAdultLD50= 87.9437522769615
AIAdultSlopeContact= 9.8304536328651
AIAdultLD50Contact= 98.0916572882596
AILarvaSlope= 7.23156371712685
AILarvaLD50= 76.7808518290503
AIKOW= 84588.5564617732
AIKOC= 41271.2139094668
AIHalfLife= 5.30958530632779
EAppRate= 9.77819974348228
FoliarEnabled= true
FoliarAppDate= 06/07/1989
FoliarForageBegin= 06/05/1989
FoliarForageEnd= 06/28/1989
AIContactFactor= 2.33177540059201
CL4Pollen= 3.66126622445881
CL4Nectar= 29.0108110755682
CL5Pollen= 5.36932179937139
CL5Nectar= 44.4391669356264
CLDPollen= 0.0127174369990826
CLDNectar= 67.0002919854596
CA13Pollen= 4.66752747381106
CA13Nectar= 67.8626219928265
CA410Pollen= 5.06155474639963
CA410Nectar= 194.50395243708
CA1120Pollen= 2.21597752114758
CA1120Nectar= 57.7702599577606
IPollenTrips= 7.423412182834
INectarTrips= 7.59355501504615
IPollenLoad= 9.19541129376739
INectarLoad= 3.86802314780653
