ICQueenStrength= 1.92790193739347
RQWkrDrnRatio= 3.12800514884293
ICDroneMiteSurvivorship= 84.2644724994898
ICWorkerMiteSurvivorship= 69.8263156693429
ICForagerLifespan= 13.1764536239207
ImmType= Logarithmic
RQQueenStrength= 1.91891884803772
RQEnableReQueen= true
AIAdultSlope= 5.45382984355092
AIAdultLD50= 7.56445210805465
AIAdultSlopeContact= 4.26362029626034
AIAdultLD50Contact= 92.739676225849
AILarvaSlope= 2.9189710021019
AILarvaLD50= 0.352314086239785
AIKOW= 50098.8231348792
AIKOC= 13991.4953089526
AIHalfLife= 17.1986408473458
EAppRate= 2.97382354308199
FoliarEnabled= true
FoliarAppDate= 06/07/1989
FoliarForageBegin= 06/05/1989
FoliarForageEnd= 06/28/1989
AIContactFactor= 0.659181543956511
CL4Pollen= 2.93595872074366
CL4Nectar= 61.1479989951476
CL5Pollen= 1.7080783797428
CL5Nectar= 58.9937257580459
CLDPollen= 5.95174850150943
CLDNectar= 26.1458804947324
CA13Pollen= 2.3744321687147
CA13Nectar= 62.2218265384436
CA410Pollen= 6.48014676568564
CA410Nectar= 116.818472621962
CA1120Pollen= 2.66602390562184
CA1120Nectar= 30.6549272686243
IPollenTrips= 7.64953285921365
INectarTrips= 5.86448357906193
IPollenLoad= 7.6223953301087
INectarLoad= 0.506324225571007
ESoilP= 1.19521275744773
ESoilFoc= 0.0156083858737256
