ICQueenStrength= 5.03855304582976
RQWkrDrnRatio= 2.87286801915616
ICDroneMiteSurvivorship= 86.8070151889697
ICWorkerMiteSurvivorship= 44.5528805721551
ICForagerLifespan= 9.73840190563351
ImmType= Sine
AIAdultSlope= 2.95997784867184
AIAdultLD50= 0.109571060957387
AIAdultSlopeContact= 3.0376080985344
AIAdultLD50Contact= 0.00439313768874854
AILarvaSlope= 0.668006619485095
AILarvaLD50= 0.316483095497824
AIKOW= 5.12044525891542
AIKOC= 29.641893687658
AIHalfLife= 0.14411734752357
EAppRate= 4.33706932934001
FoliarEnabled= true
