ICQueenStrength= 1.5465624795761
RQWkrDrnRatio= 2.73252603597939
ICDroneMiteSurvivorship= 33.1695651868358
ICWorkerMiteSurvivorship= 17.5849005579948
ICForagerLifespan= 5.10920064896345
ImmType= Sine
RQQueenStrength= 5.4866829761304
RQEnableReQueen= true
AIAdultSlope= 8.75692561268806
AIAdultLD50= 24.1838630546932
AIAdultSlopeContact= 7.12544544530101
AIAdultLD50Contact= 53.0093439513566
AILarvaSlope= 5.19986889511347
AILarvaLD50= 44.0293093553972
AIKOW= 60208.8761027342
AIKOC= 41010.6739955014
AIHalfLife= 29.5206435052212
EAppRate= 5.3148535351106
FoliarEnabled= true
FoliarAppDate= 06/07/1989
FoliarForageBegin= 06/05/1989
FoliarForageEnd= 06/28/1989
AIContactFactor= 0.320371042047627
CL4Pollen= 2.90370140597224
CL4Nectar= 53.5030252533033
CL5Pollen= 0.24944373825565
CL5Nectar= 24.7392287710682
CLDPollen= 5.59014981240034
CLDNectar= 67.1749344561249
CA13Pollen= 6.20157210743055
CA13Nectar= 98.9080612920225
CA410Pollen= 2.48216343796812
CA410Nectar= 30.9909612219781
CA1120Pollen= 1.64446009369567
CA1120Nectar= 88.6087100766599
IPollenTrips= 6.80097621167079
INectarTrips= 8.67013109149411
IPollenLoad= 7.19861805438995
INectarLoad= 1.12880061380565
