ICQueenStrength= 5.89826221368276
RQWkrDrnRatio= 2.74288096744567
ICDroneMiteSurvivorship= 60.3723076637834
ICWorkerMiteSurvivorship= 56.171161821112
ICForagerLifespan= 12.8847494991496
ImmType= Exponential
RQQueenStrength= 4.19669209420681
RQEnableReQueen= true
AIAdultSlope= 4.02530376054347
AIAdultLD50= 81.7882435156049
AIAdultSlopeContact= 9.69721330539323
AIAdultLD50Contact= 41.4842356597246
AILarvaSlope= 2.6536103785038
AILarvaLD50= 18.7409935013053
AIKOW= 71207.8909776448
AIKOC= 36146.7547489856
AIHalfLife= 30.0100410990417
EAppRate= 9.86638994673733
FoliarEnabled= true
FoliarAppDate= 06/07/1989
FoliarForageBegin= 06/05/1989
FoliarForageEnd= 06/28/1989
AIContactFactor= 0.507601241092198
CL4Pollen= 2.84186414908618
CL4Nectar= 29.4272748520598
CL5Pollen= 5.5884137568064
CL5Nectar= 65.9283281187527
CLDPollen= 5.77128193108365
CLDNectar= 36.9234656682238
CA13Pollen= 6.30144148347899
CA13Nectar= 28.1280254945159
CA410Pollen= 5.13673403146677
CA410Nectar= 113.00415284466
CA1120Pollen= 0.694122180808336
CA1120Nectar= 49.2858051881194
IPollenTrips= 12.5620890315622
INectarTrips= 14.0532366535626
IPollenLoad= 2.9266286152415
INectarLoad= 9.90355524700135
