ICQueenStrength= 3.53587430575863
RQWkrDrnRatio= 1.07857321668416
ICDroneMiteSurvivorship= 94.5980050135404
ICWorkerMiteSurvivorship= 25.9972302243114
ICForagerLifespan= 14.7477248124778
ImmType= Tangent
RQQueenStrength= 3.47725507477298
RQEnableReQueen= true
AIAdultSlope= 4.91034686379135
AIAdultLD50= 94.0102438117941
AIAdultSlopeContact= 7.49123025382869
AIAdultLD50Contact= 10.1561870661031
AILarvaSlope= 3.89628245308995
AILarvaLD50= 46.4816994537814
AIKOW= 86325.6739389801
AIKOC= 9001.306771114
AIHalfLife= 31.4761959893862
EAppRate= 7.31543441243772
FoliarEnabled= true
FoliarAppDate= 06/07/1989
FoliarForageBegin= 06/05/1989
FoliarForageEnd= 06/28/1989
AIContactFactor= 1.95016679351684
CL4Pollen= 2.25248466804624
CL4Nectar= 5.76952800620347
CL5Pollen= 1.44287596363574
CL5Nectar= 87.5779209891334
CLDPollen= 4.35416028136387
CLDNectar= 50.8809517719783
CA13Pollen= 3.80836484562606
CA13Nectar= 64.7589670494199
CA410Pollen= 8.39844069932587
CA410Nectar= 35.1975379744545
CA1120Pollen= 2.32630049600266
CA1120Nectar= 22.0274538546801
IPollenTrips= 13.6905706347898
INectarTrips= 13.4595496486872
IPollenLoad= 3.16002626903355
INectarLoad= 0.651913634501398
