ICQueenStrength= 5.48007632279769
RQWkrDrnRatio= 3.27050596661866
ICDroneMiteSurvivorship= 72.365014674142
ICWorkerMiteSurvivorship= 92.9804362589493
ICForagerLifespan= 11.7451844280586
ImmType= Exponential
AIAdultSlope= 0.594711216569413
AIAdultLD50= 0.141803195420653
AIAdultSlopeContact= 2.69647792421747
AIAdultLD50Contact= 0.0394895394798368
AILarvaSlope= 2.58765426711179
AILarvaLD50= 0.506648259004578
AIKOW= 2.02456627227366
AIKOC= 12.5377580302302
AIHalfLife= 2.44210468716919
EAppRate= 5.38289104122669
FoliarEnabled= true
