ICQueenStrength= 2.94354895618744
RQWkrDrnRatio= 2.98915433045477
ICDroneMiteSurvivorship= 62.2097541345283
ICWorkerMiteSurvivorship= 41.61696145311
ICForagerLifespan= 7.85220217145979
ImmType= Logarithmic
RQQueenStrength= 5.20965959783643
RQEnableReQueen= true
AIAdultSlope= 7.46359469741583
AIAdultLD50= 56.5712370606647
AIAdultSlopeContact= 1.60222685150802
AIAdultLD50Contact= 23.6700847925802
AILarvaSlope= 6.30505155399442
AILarvaLD50= 51.0524300865696
AIKOW= 73650.6312193742
AIKOC= 98923.820285599
AIHalfLife= 22.7913634649944
EAppRate= 1.10590474606981
FoliarEnabled= true
FoliarAppDate= 06/07/1989
FoliarForageBegin= 06/05/1989
FoliarForageEnd= 06/28/1989
AIContactFactor= 2.06853057361674
CL4Pollen= 2.5869962554425
CL4Nectar= 55.6467350572348
CL5Pollen= 5.34607358230278
CL5Nectar= 44.7110994486138
CLDPollen= 2.37373354705051
CLDNectar= 96.4121679891832
CA13Pollen= 4.78867668872699
CA13Nectar= 38.7397663667798
CA410Pollen= 4.90437278286554
CA410Nectar= 125.31256522052
CA1120Pollen= 0.364827608456835
CA1120Nectar= 48.6399949528277
IPollenTrips= 9.86968280747533
INectarTrips= 14.5300966897048
IPollenLoad= 2.1794676524587
INectarLoad= 3.24154026573524
