ICQueenStrength= 1.63820148818195
RQWkrDrnRatio= 3.03426808770746
ICDroneMiteSurvivorship= 15.8021758776158
ICWorkerMiteSurvivorship= 5.94845286104828
ICForagerLifespan= 11.2248227922246
ImmType= Polynomial
RQQueenStrength= 2.96487974724732
RQEnableReQueen= true
AIAdultSlope= 5.75522579066455
AIAdultLD50= 74.8948593550275
AIAdultSlopeContact= 5.88477098848671
AIAdultLD50Contact= 67.7394543294194
AILarvaSlope= 1.62672826088965
AILarvaLD50= 17.3037143456615
AIKOW= 76996.1205264768
AIKOC= 40888.2870464884
AIHalfLife= 34.3283514632843
EAppRate= 0.0568590833812486
FoliarEnabled= true
FoliarAppDate= 06/07/1989
FoliarForageBegin= 06/05/1989
FoliarForageEnd= 06/28/1989
AIContactFactor= 1.58673615849577
CL4Pollen= 3.09884528163821
CL4Nectar= 57.1325031574816
CL5Pollen= 1.84091436071321
CL5Nectar= 38.0584065453149
CLDPollen= 4.25700673833489
CLDNectar= 104.783703305293
CA13Pollen= 6.60356048615649
CA13Nectar= 33.8168609142303
CA410Pollen= 6.82613220161293
CA410Nectar= 122.755748261698
CA1120Pollen= 1.34177155815996
CA1120Nectar= 36.0352809168398
IPollenTrips= 6.57639628043398
INectarTrips= 14.6495464979671
IPollenLoad= 9.54382213065401
INectarLoad= 4.04562794370577
