ICQueenStrength= 3.58450588677078
RQWkrDrnRatio= 1.63984317518771
ICDroneMiteSurvivorship= 26.4377526007593
ICWorkerMiteSurvivorship= 51.9225543830544
ICForagerLifespan= 4.08241923712194
ImmType= Cosine
RQQueenStrength= 3.15739485109225
RQEnableReQueen= true
AIAdultSlope= 2.21443089284003
AIAdultLD50= 73.611356479801
AIAdultSlopeContact= 5.41002410836518
AIAdultLD50Contact= 34.7863062365979
AILarvaSlope= 3.93824689649045
AILarvaLD50= 74.2138440762737
AIKOW= 46956.1169813798
AIKOC= 91375.2887473051
AIHalfLife= 10.8831455735024
EAppRate= 5.26056876494386
FoliarEnabled= true
FoliarAppDate= 06/07/1989
FoliarForageBegin= 06/05/1989
FoliarForageEnd= 06/28/1989
AIContactFactor= 1.58737976428587
CL4Pollen= 2.8635991178453
CL4Nectar= 60.0498866522685
CL5Pollen= 4.51674431981519
CL5Nectar= 77.818312891759
CLDPollen= 3.0122504811734
CLDNectar= 4.34707507956773
CA13Pollen= 3.98026278363541
CA13Nectar= 55.8135584928095
CA410Pollen= 3.89688358935528
CA410Nectar= 148.147347359918
CA1120Pollen= 1.56902420846745
CA1120Nectar= 35.3623555600643
IPollenTrips= 10.9471860830672
INectarTrips= 13.6102339159697
IPollenLoad= 3.05993714137003
INectarLoad= 9.09946853993461
