ICQueenStrength= 3.41034291801043
RQWkrDrnRatio= 2.54723772406578
ICDroneMiteSurvivorship= 45.213465904817
ICWorkerMiteSurvivorship= 56.7378458566964
ICForagerLifespan= 4.30420283880085
ImmType= Cosine
RQQueenStrength= 5.41944285412319
RQEnableReQueen= true
AIAdultSlope= 6.90190888382494
AIAdultLD50= 72.3555752380928
AIAdultSlopeContact= 8.92396269459277
AIAdultLD50Contact= 88.8843808595513
AILarvaSlope= 5.57072233967483
AILarvaLD50= 75.4444618855785
AIKOW= 97864.2696787811
AIKOC= 8818.01773223118
AIHalfLife= 33.0243884032359
EAppRate= 8.84440916872583
FoliarEnabled= true
FoliarAppDate= 06/07/1989
FoliarForageBegin= 06/05/1989
FoliarForageEnd= 06/28/1989
AIContactFactor= 1.08896411813796
CL4Pollen= 2.37025188095868
CL4Nectar= 17.5525500206277
CL5Pollen= 0.900912379380316
CL5Nectar= 138.836448546499
CLDPollen= 2.57595149148256
CLDNectar= 83.475585852284
CA13Pollen= 8.10336213260889
CA13Nectar= 20.801294259727
CA410Pollen= 4.21952831875533
CA410Nectar= 187.695590653457
CA1120Pollen= 0.529480529716238
CA1120Nectar= 91.7944034747779
IPollenTrips= 6.59581781132147
INectarTrips= 9.55302337184548
IPollenLoad= 5.57209932710975
INectarLoad= 1.71013256069273
