ICQueenStrength= 2.10158285940997
RQWkrDrnRatio= 4.32277212757617
ICDroneMiteSurvivorship= 98.6221196595579
ICWorkerMiteSurvivorship= 40.8080073306337
ICForagerLifespan= 9.45565984025598
ImmType= Exponential
RQQueenStrength= 3.45617414824665
RQEnableReQueen= true
AIAdultSlope= 5.58734250254929
AIAdultLD50= 96.1756642571678
AIAdultSlopeContact= 9.25985810160637
AIAdultLD50Contact= 90.8625256864955
AILarvaSlope= 8.3515067435801
AILarvaLD50= 82.1868509698138
AIKOW= 26983.5432200536
AIKOC= 52012.5147810688
AIHalfLife= 19.6392818679335
EAppRate= 8.4553465223792
FoliarEnabled= true
FoliarAppDate= 06/07/1989
FoliarForageBegin= 06/05/1989
FoliarForageEnd= 06/28/1989
AIContactFactor= 0.973247131118551
CL4Pollen= 2.54644476529211
CL4Nectar= 77.5486194295809
CL5Pollen= 3.41432859515771
CL5Nectar= 123.363943677396
CLDPollen= 5.25896898983046
CLDNectar= 131.740766088478
CA13Pollen= 5.95017753010616
CA13Nectar= 67.3410705849528
CA410Pollen= 9.22333203027956
CA410Nectar= 100.327360183001
CA1120Pollen= 1.80903331353329
CA1120Nectar= 90.9509010054171
IPollenTrips= 5.03582802368328
INectarTrips= 8.71081745950505
IPollenLoad= 7.74505559355021
INectarLoad= 6.54181595193222
ESoilP= 1.71805114159361
ESoilFoc= 0.0187722041835077
