ICQueenStrength= 1.05807748064399
RQWkrDrnRatio= 4.97660459019244
ICDroneMiteSurvivorship= 17.0064182719216
ICWorkerMiteSurvivorship= 97.0941100502387
ICForagerLifespan= 12.8665578411892
ImmType= Sine
RQQueenStrength= 5.7968023060821
RQEnableReQueen= true
AIAdultSlope= 4.78319695405662
AIAdultLD50= 52.9007296353783
AIAdultSlopeContact= 6.61197186959907
AIAdultLD50Contact= 49.107289069134
AILarvaSlope= 7.10154587961733
AILarvaLD50= 17.4756435047758
AIKOW= 69895.7307798989
AIKOC= 84283.0967490107
AIHalfLife= 32.867220870452
EAppRate= 7.35510425820947
FoliarEnabled= true
FoliarAppDate= 06/07/1989
FoliarForageBegin= 06/05/1989
FoliarForageEnd= 06/28/1989
AIContactFactor= 0.929942390671931
CL4Pollen= 3.23968356009573
CL4Nectar= 56.7216708092019
CL5Pollen= 2.10842583049089
CL5Nectar= 132.897266407963
CLDPollen= 0.65107165183872
CLDNectar= 33.9704591198824
CA13Pollen= 3.1169932520017
CA13Nectar= 94.2548276297748
CA410Pollen= 4.86291589976754
CA410Nectar= 54.4372046645731
CA1120Pollen= 0.0706601087003946
CA1120Nectar= 90.2641495876014
IPollenTrips= 5.0667845341377
INectarTrips= 7.12011810159311
IPollenLoad= 7.88328872760758
INectarLoad= 8.43956149416044
