ICQueenStrength= 4.64598404034041
RQWkrDrnRatio= 2.26412608847022
ICDroneMiteSurvivorship= 84.2936599627137
ICWorkerMiteSurvivorship= 34.4375619897619
ICForagerLifespan= 11.8534655552357
ImmType= Polynomial
RQQueenStrength= 3.95571708818898
RQEnableReQueen= true
AIAdultSlope= 5.77230968698859
AIAdultLD50= 14.6382819615621
AIAdultSlopeContact= 6.92017659498379
AIAdultLD50Contact= 5.88086795210023
AILarvaSlope= 4.91030423901975
AILarvaLD50= 82.7767719140768
AIKOW= 79061.2134600853
AIKOC= 21999.1693374861
AIHalfLife= 25.8863880111603
EAppRate= 0.0131089836375322
FoliarEnabled= true
FoliarAppDate= 06/07/1989
FoliarForageBegin= 06/05/1989
FoliarForageEnd= 06/28/1989
AIContactFactor= 1.98861755647697
CL4Pollen= 0.590210558846593
CL4Nectar= 78.0361003940925
CL5Pollen= 1.89102483261377
CL5Nectar= 100.843873678241
CLDPollen= 3.73784578219056
CLDNectar= 12.4026892706752
CA13Pollen= 2.59294462092221
CA13Nectar= 22.2986108437181
CA410Pollen= 4.20720234741457
CA410Nectar= 53.2433613110334
CA1120Pollen= 1.82748752064072
CA1120Nectar= 71.3371781073511
IPollenTrips= 7.90388545021415
INectarTrips= 10.1741246762685
IPollenLoad= 1.89557485980913
INectarLoad= 0.926748849451542
ESoilP= 1.98038354422897
ESoilFoc= 0.0124385422265623
