ICQueenStrength= 4.12975738779642
RQWkrDrnRatio= 3.7476170770824
ICDroneMiteSurvivorship= 75.7655168883502
ICWorkerMiteSurvivorship= 19.7446094360203
ICForagerLifespan= 8.01316245086491
ImmType= Polynomial
RQQueenStrength= 1.65809925319627
RQEnableReQueen= true
AIAdultSlope= 5.99230462312698
AIAdultLD50= 38.9603939506537
AIAdultSlopeContact= 9.49464627564885
AIAdultLD50Contact= 27.7098993927306
AILarvaSlope= 4.85897574201226
AILarvaLD50= 23.0316492725513
AIKOW= 93809.9348821242
AIKOC= 49099.5507173967
AIHalfLife= 19.9482791755348
EAppRate= 4.81223412121506
FoliarEnabled= true
FoliarAppDate= 06/07/1989
FoliarForageBegin= 06/05/1989
FoliarForageEnd= 06/28/1989
AIContactFactor= 2.35649656290188
CL4Pollen= 1.10056689195335
CL4Nectar= 34.5810044789687
CL5Pollen= 1.63392946589738
CL5Nectar= 9.94485367555171
CLDPollen= 2.42159831430763
CLDNectar= 138.915783923585
CA13Pollen= 4.77742053596303
CA13Nectar= 39.6214761398733
CA410Pollen= 7.53183382195421
CA410Nectar= 152.975420313887
CA1120Pollen= 1.30916511104442
CA1120Nectar= 56.4426343888044
IPollenTrips= 12.2982858167961
INectarTrips= 9.69987763557583
IPollenLoad= 2.95349582796916
INectarLoad= 7.46396391186863
ESoilP= 1.93330579390749
ESoilFoc= 0.00338351376354694
