ICQueenStrength= 2.25693609239534
RQWkrDrnRatio= 4.79493743740022
ICDroneMiteSurvivorship= 7.84992869012058
ICWorkerMiteSurvivorship= 96.0136713925749
ICForagerLifespan= 6.9769043950364
ImmType= Sine
RQQueenStrength= 3.30765477987006
RQEnableReQueen= true
AIAdultSlope= 4.28692744672298
AIAdultLD50= 89.3682577727404
AIAdultSlopeContact= 6.7111700528767
AIAdultLD50Contact= 89.0549765177723
AILarvaSlope= 1.30766575969756
AILarvaLD50= 25.8836295468977
AIKOW= 43502.6028811582
AIKOC= 63250.3211504016
AIHalfLife= 13.2088388106786
EAppRate= 0.90019701432786
FoliarEnabled= true
FoliarAppDate= 06/07/1989
FoliarForageBegin= 06/05/1989
FoliarForageEnd= 06/28/1989
AIContactFactor= 0.831714888866991
CL4Pollen= 2.34615930449218
CL4Nectar= 76.6305752331391
CL5Pollen= 2.8557673310861
CL5Nectar= 145.831876352895
CLDPollen= 3.76124494895339
CLDNectar= 38.6913403286599
CA13Pollen= 3.20535774091259
CA13Nectar= 84.3877588771284
CA410Pollen= 9.02260539834388
CA410Nectar= 198.936396124773
CA1120Pollen= 2.22171166213229
CA1120Nectar= 82.0033709518611
IPollenTrips= 6.96431831689551
INectarTrips= 10.1075101154856
IPollenLoad= 9.79938148986548
INectarLoad= 4.95969151379541
