ICQueenStrength= 5.77976642083377
RQWkrDrnRatio= 4.42509510088712
ICDroneMiteSurvivorship= 73.3790984144434
ICWorkerMiteSurvivorship= 15.8804009435698
ICForagerLifespan= 11.3066246910021
ImmType= Sine
RQQueenStrength= 5.5093644480221
RQEnableReQueen= true
AIAdultSlope= 6.05253748968244
AIAdultLD50= 11.7167648798772
AIAdultSlopeContact= 1.63905780576169
AIAdultLD50Contact= 80.9892056778921
AILarvaSlope= 1.59481425583363
AILarvaLD50= 13.7868683931502
AIKOW= 90822.6376263535
AIKOC= 59049.1515219067
AIHalfLife= 21.4134396155132
EAppRate= 3.39371373227634
FoliarEnabled= true
FoliarAppDate= 06/07/1989
FoliarForageBegin= 06/05/1989
FoliarForageEnd= 06/28/1989
AIContactFactor= 0.768102960302494
CL4Pollen= 3.14135291334242
CL4Nectar= 66.6624673875049
CL5Pollen= 3.30699145747349
CL5Nectar= 80.98202428082
CLDPollen= 4.43133244570345
CLDNectar= 145.731109008193
CA13Pollen= 5.46295611914247
CA13Nectar= 67.0915795303881
CA410Pollen= 6.61558246870991
CA410Nectar= 187.867207396775
CA1120Pollen= 0.0642869642470032
CA1120Nectar= 64.6157485246658
IPollenTrips= 11.1979203345254
INectarTrips= 8.27266061911359
IPollenLoad= 3.58206608099863
INectarLoad= 7.39388488233089
