ICQueenStrength= 1.73056890722364
RQWkrDrnRatio= 3.94263193011284
ICDroneMiteSurvivorship= 42.5303485244513
ICWorkerMiteSurvivorship= 55.8138230117038
ICForagerLifespan= 9.16504411119968
ImmType= Logarithmic
RQQueenStrength= 4.23028205987066
RQEnableReQueen=true
AIAdultSlope= 7.72073104418814
AIAdultLD50= 0.0844892802706454
AIAdultSlopeContact= 5.67164475144818
AIAdultLD50Contact= 61.2841524764937
AILarvaSlope= 1.04506754130125
AILarvaLD50= 38.6941589629636
AIKOW= 53940.0494151283
AIKOC= 67386.4626220362
AIHalfLife= 20.0164061194286
EAppRate= 7.85586509411899
FoliarEnabled=true
FoliarAppDate= 07/01/1989
FoliarForageBegin= 07/01/1989
FoliarForageEnd= 07/14/1989
AIContactFactor= 1.4328838882735
CL4Pollen= 3.46188377123326
CL4Nectar= 76.2057115323842
CL5Pollen= 3.56771666742861
CL5Nectar= 135.66372168716
CLDPollen= 4.38320355070755
CLDNectar= 106.508361850865
CA13Pollen= 5.59680001977831
CA13Nectar= 61.3556452840567
CA410Pollen= 2.77050984455273
CA410Nectar= 32.2790989745408
CA1120Pollen= 0.770658720983192
CA1120Nectar= 72.3289035819471
IPollenTrips= 8.67916172370315
INectarTrips= 12.6713014952838
IPollenLoad= 3.21619975147769
INectarLoad= 3.40358767891303
