ICQueenStrength= 5.99967876588926
RQWkrDrnRatio= 4.2003296110779
ICDroneMiteSurvivorship= 32.841284503229
ICWorkerMiteSurvivorship= 14.9231046671048
ICForagerLifespan= 10.8712186478078
ImmType= Cosine
RQQueenStrength= 1.46302544535138
RQEnableReQueen= true
AIAdultSlope= 8.00028005242348
AIAdultLD50= 22.3048067457301
AIAdultSlopeContact= 8.58689242973924
AIAdultLD50Contact= 39.547049617491
AILarvaSlope= 2.06924145668745
AILarvaLD50= 30.5420540566312
AIKOW= 22992.3992358418
AIKOC= 31180.1499499965
AIHalfLife= 30.9216036996804
EAppRate= 1.70120974996546
FoliarEnabled= true
FoliarAppDate= 06/07/1989
FoliarForageBegin= 06/05/1989
FoliarForageEnd= 06/28/1989
AIContactFactor= 1.44465038695373
CL4Pollen= 1.56903460714966
CL4Nectar= 93.7501766253263
CL5Pollen= 2.67092688661069
CL5Nectar= 146.873252943624
CLDPollen= 0.647354150656611
CLDNectar= 13.0269876332022
CA13Pollen= 2.67762941243127
CA13Nectar= 99.9542547948658
CA410Pollen= 3.97479671549518
CA410Nectar= 150.59246766381
CA1120Pollen= 2.69182911585085
CA1120Nectar= 91.5279049985111
IPollenTrips= 9.72976808436215
INectarTrips= 8.38979608844966
IPollenLoad= 5.75614876579493
INectarLoad= 7.24743102677166
ESoilP= 1.6319979315158
ESoilFoc= 0.0146816921492573
