ICQueenStrength= 4.85907163377851
RQWkrDrnRatio= 2.15207043942064
ICDroneMiteSurvivorship= 11.8281931150705
ICWorkerMiteSurvivorship= 98.5649214591831
ICForagerLifespan= 10.916515827179
ImmType= Cosine
RQQueenStrength= 3.50524650979787
RQEnableReQueen=true
AIAdultSlope= 1.17320351302624
AIAdultLD50= 0.0984457563641481
AIAdultSlopeContact= 3.26777921104804
AIAdultLD50Contact= 27.0600927240427
AILarvaSlope= 8.77644967660308
AILarvaLD50= 66.9345072159318
AIKOW= 81017.4396617684
AIKOC= 15794.7500990962
AIHalfLife= 18.2528299292782
EAppRate= 9.06339816927304
FoliarEnabled=true
FoliarAppDate= 07/01/1989
FoliarForageBegin= 07/01/1989
FoliarForageEnd= 07/14/1989
AIContactFactor= 1.11928477234673
CL4Pollen= 2.67971996031702
CL4Nectar= 18.4511875035241
CL5Pollen= 0.405685098376125
CL5Nectar= 107.977032393683
CLDPollen= 2.33989436924458
CLDNectar= 75.923738500569
CA13Pollen= 3.42552085248753
CA13Nectar= 73.0491410940886
CA410Pollen= 6.24646443817764
CA410Nectar= 53.0581629090011
CA1120Pollen= 0.565636865096167
CA1120Nectar= 84.377569463104
IPollenTrips= 10.6596704712138
INectarTrips= 11.0808904888108
IPollenLoad= 6.06352030532435
INectarLoad= 8.81033349316567
