ICQueenStrength= 2.90699621569365
RQWkrDrnRatio= 4.86037344206125
ICDroneMiteSurvivorship= 17.1262439806014
ICWorkerMiteSurvivorship= 76.9089622888714
ICForagerLifespan= 14.1697265310213
ImmType= Sine
RQQueenStrength= 2.9058059155941
RQEnableReQueen= true
AIAdultSlope= 8.06230383366346
AIAdultLD50= 54.721739260931
AIAdultSlopeContact= 8.70332825253718
AIAdultLD50Contact= 34.3589112142774
AILarvaSlope= 5.06820206344128
AILarvaLD50= 48.62576882087
AIKOW= 41514.6843109406
AIKOC= 32601.8933103392
AIHalfLife= 28.7052904224722
EAppRate= 4.64192638295842
FoliarEnabled= true
FoliarAppDate= 06/07/1989
FoliarForageBegin= 06/05/1989
FoliarForageEnd= 06/28/1989
AIContactFactor= 0.627538294405676
CL4Pollen= 0.858559334650636
CL4Nectar= 34.671885962598
CL5Pollen= 5.75508366851136
CL5Nectar= 53.3157830242999
CLDPollen= 2.15728727448732
CLDNectar= 138.302891619969
CA13Pollen= 6.55341909481212
CA13Nectar= 95.2676681429148
CA410Pollen= 3.68623612408992
CA410Nectar= 150.885470374487
CA1120Pollen= 2.49771505245008
CA1120Nectar= 85.5893163383007
IPollenTrips= 7.44666795246303
INectarTrips= 11.3704681186937
IPollenLoad= 6.01281579118222
INectarLoad= 1.74107389524579
