ICQueenStrength= 5.83002670458518
RQWkrDrnRatio= 1.00252262875438
ICDroneMiteSurvivorship= 96.0724940989166
ICWorkerMiteSurvivorship= 6.77642445079982
ICForagerLifespan= 7.10138807352632
ImmType= Sine
RQQueenStrength= 5.62211624952033
RQEnableReQueen= true
AIAdultSlope= 6.54895991459489
AIAdultLD50= 0.961122717661783
AIAdultSlopeContact= 6.96065582497977
AIAdultLD50Contact= 79.564201277599
AILarvaSlope= 6.3973496556282
AILarvaLD50= 41.150228610195
AIKOW= 56748.2734509923
AIKOC= 50898.7939687981
AIHalfLife= 3.8887961135013
EAppRate= 0.747671528310515
FoliarEnabled= true
FoliarAppDate= 09/01/1989
FoliarForageBegin= 09/01/1989
FoliarForageEnd= 09/08/1989
AIContactFactor= 0.949207258317619
CL4Pollen= 2.40224682446569
CL4Nectar= 12.5559039181098
CL5Pollen= 3.30472337733954
CL5Nectar= 0.0326541834510863
CLDPollen= 5.19727304857224
CLDNectar= 77.4401618982665
CA13Pollen= 7.15838301628828
CA13Nectar= 94.8121074028313
CA410Pollen= 8.06994503741153
CA410Nectar= 49.8802202288061
CA1120Pollen= 2.72321976511739
CA1120Nectar= 92.0694912411273
IPollenTrips= 10.3169928630814
INectarTrips= 8.77501674927771
IPollenLoad= 7.40529600763693
INectarLoad= 1.95838114945218
