ICQueenStrength= 1.79853808856569
RQWkrDrnRatio= 2.40632016863674
ICDroneMiteSurvivorship= 25.0232788966969
ICWorkerMiteSurvivorship= 35.3304413380101
ICForagerLifespan= 14.056553135626
ImmType= Polynomial
RQQueenStrength= 1.60612180619501
RQEnableReQueen= true
AIAdultSlope= 3.87626502290368
AIAdultLD50= 52.5806171976379
AIAdultSlopeContact= 9.28410801826976
AIAdultLD50Contact= 67.5076360465868
AILarvaSlope= 3.53204379230738
AILarvaLD50= 65.6929973255098
AIKOW= 4338.37738501797
AIKOC= 94882.2915568254
AIHalfLife= 22.7338143569184
EAppRate= 1.43536951827514
FoliarEnabled= true
FoliarAppDate= 06/07/1989
FoliarForageBegin= 06/05/1989
FoliarForageEnd= 06/28/1989
AIContactFactor= 2.23690885940101
CL4Pollen= 1.30848240945488
CL4Nectar= 2.98925451934338
CL5Pollen= 3.84710412751883
CL5Nectar= 39.0741804032587
CLDPollen= 1.85459736920893
CLDNectar= 130.703679320868
CA13Pollen= 6.70415457272902
CA13Nectar= 67.3209131509066
CA410Pollen= 7.42735607908107
CA410Nectar= 193.584717959166
CA1120Pollen= 2.89676301274449
CA1120Nectar= 92.7767295762897
IPollenTrips= 11.8460765853524
INectarTrips= 13.837607735768
IPollenLoad= 1.96640535024926
INectarLoad= 3.25185391586274
