ICQueenStrength= 1.9648925892543
RQWkrDrnRatio= 1.26731064170599
ICDroneMiteSurvivorship= 38.49845493678
ICWorkerMiteSurvivorship= 89.9526866851375
ICForagerLifespan= 14.8950393926352
ImmType= Polynomial
RQQueenStrength= 5.33051011525095
RQEnableReQueen= true
AIAdultSlope= 7.39457300491631
AIAdultLD50= 0.283765635791468
AIAdultSlopeContact= 9.85388122405857
AIAdultLD50Contact= 24.2624106437953
AILarvaSlope= 3.3158012162894
AILarvaLD50= 77.4751912669379
AIKOW= 44622.7957225243
AIKOC= 80078.9053116594
AIHalfLife= 22.786361407768
EAppRate= 6.07987212261371
FoliarEnabled= true
FoliarAppDate= 09/01/1989
FoliarForageBegin= 09/01/1989
FoliarForageEnd= 09/08/1989
AIContactFactor= 1.31227053898852
CL4Pollen= 0.24781512375921
CL4Nectar= 52.2011572495103
CL5Pollen= 4.80398748535663
CL5Nectar= 52.1735887974501
CLDPollen= 0.417722932063043
CLDNectar= 61.9526000926271
CA13Pollen= 6.67627962892875
CA13Nectar= 95.5470382608473
CA410Pollen= 8.70125644325744
CA410Nectar= 169.796706940979
CA1120Pollen= 1.03689786395989
CA1120Nectar= 44.8402258381248
IPollenTrips= 14.7357792244293
INectarTrips= 14.5115852123126
IPollenLoad= 8.32119335187599
INectarLoad= 5.00133426394314
