ICQueenStrength= 1.45688150799833
RQWkrDrnRatio= 4.61355424299836
ICDroneMiteSurvivorship= 17.4320899182931
ICWorkerMiteSurvivorship= 0.120371859520674
ICForagerLifespan= 11.8131772028282
ImmType= Tangent
RQQueenStrength= 2.53165320749395
RQEnableReQueen= true
AIAdultSlope= 8.92251690477133
AIAdultLD50= 50.9295271434442
AIAdultSlopeContact= 2.5075856607873
AIAdultLD50Contact= 16.0428691346601
AILarvaSlope= 6.52778380177915
AILarvaLD50= 77.6105109674037
AIKOW= 42664.5201690038
AIKOC= 16378.006519095
AIHalfLife= 28.0326094066957
EAppRate= 6.65960646736925
FoliarEnabled= true
FoliarAppDate= 06/07/1989
FoliarForageBegin= 06/05/1989
FoliarForageEnd= 06/28/1989
AIContactFactor= 1.25225734802429
CL4Pollen= 3.28035741578788
CL4Nectar= 49.8817803105339
CL5Pollen= 5.27613910613582
CL5Nectar= 91.7360878433101
CLDPollen= 4.45555203314871
CLDNectar= 78.0331968097016
CA13Pollen= 7.82516040587798
CA13Nectar= 99.2966125905514
CA410Pollen= 7.57083179478068
CA410Nectar= 63.4994017053396
CA1120Pollen= 2.27342992066406
CA1120Nectar= 52.5722846202552
IPollenTrips= 13.6386397690512
INectarTrips= 5.17468945588917
IPollenLoad= 8.99048782652244
INectarLoad= 2.84326299559325
