ICQueenStrength= 5.60463879047893
RQWkrDrnRatio= 4.87195049319416
ICDroneMiteSurvivorship= 66.0652271937579
ICWorkerMiteSurvivorship= 77.0619538845494
ICForagerLifespan= 14.1372102089226
ImmType= Sine
RQQueenStrength= 3.91612664470449
RQEnableReQueen= true
AIAdultSlope= 5.72676805965602
AIAdultLD50= 69.2832960946439
AIAdultSlopeContact= 9.35126368398778
AIAdultLD50Contact= 75.5884955815543
AILarvaSlope= 3.53852581232786
AILarvaLD50= 77.5382898824175
AIKOW= 4847.95590571497
AIKOC= 61093.3630829775
AIHalfLife= 29.5067439848091
EAppRate= 1.90455306687253
FoliarEnabled= true
FoliarAppDate= 06/07/1989
FoliarForageBegin= 06/05/1989
FoliarForageEnd= 06/28/1989
AIContactFactor= 1.75238363102078
CL4Pollen= 3.01752777211368
CL4Nectar= 37.9296008963138
CL5Pollen= 1.98327364074066
CL5Nectar= 102.023134951014
CLDPollen= 4.61939392285421
CLDNectar= 81.5151511807926
CA13Pollen= 3.40438436791301
CA13Nectar= 78.0020778626204
CA410Pollen= 6.70954041676596
CA410Nectar= 102.328935023397
CA1120Pollen= 1.4504046512302
CA1120Nectar= 60.0712584145367
IPollenTrips= 9.24362318823114
INectarTrips= 13.6261340393685
IPollenLoad= 9.04769165907055
INectarLoad= 2.91649403749034
