ICQueenStrength= 5.21782989636995
RQWkrDrnRatio= 4.18654977716506
ICDroneMiteSurvivorship= 8.92175894696265
ICWorkerMiteSurvivorship= 58.9900345541537
ICForagerLifespan= 11.3023868538439
ImmType= Exponential
RQQueenStrength= 4.53552956948988
RQEnableReQueen= true
AIAdultSlope= 7.26180879585445
AIAdultLD50= 19.4536493332158
AIAdultSlopeContact= 9.94303525751457
AIAdultLD50Contact= 36.5135104049074
AILarvaSlope= 1.19116958603263
AILarvaLD50= 95.3327263612023
AIKOW= 44507.9519957433
AIKOC= 48477.7941564145
AIHalfLife= 17.7654757521115
EAppRate= 4.20436665986455
FoliarEnabled= true
FoliarAppDate= 06/07/1989
FoliarForageBegin= 06/05/1989
FoliarForageEnd= 06/28/1989
AIContactFactor= 1.57724559430033
CL4Pollen= 1.96354916598648
CL4Nectar= 18.172851158306
CL5Pollen= 1.1170537979342
CL5Nectar= 65.9618372912519
CLDPollen= 0.232783641200513
CLDNectar= 45.9683914203197
CA13Pollen= 3.60861079376191
CA13Nectar= 68.0831753648818
CA410Pollen= 7.34813871940132
CA410Nectar= 166.53133539483
CA1120Pollen= 2.54122464358807
CA1120Nectar= 82.6420946978033
IPollenTrips= 8.72547507984564
INectarTrips= 5.34962237579748
IPollenLoad= 3.05013304110616
INectarLoad= 1.4804858295247
