ICQueenStrength= 5.81823199545033
RQWkrDrnRatio= 3.217704186216
ICDroneMiteSurvivorship= 39.266062527895
ICWorkerMiteSurvivorship= 99.8916187090799
ICForagerLifespan= 11.1547632608563
ImmType= Tangent
RQQueenStrength= 1.42281354777515
RQEnableReQueen= true
AIAdultSlope= 1.33157882094383
AIAdultLD50= 14.8105561256742
AIAdultSlopeContact= 6.2381425043568
AIAdultLD50Contact= 0.663751503930194
AILarvaSlope= 7.10800658911467
AILarvaLD50= 11.8658978419187
AIKOW= 30320.0868021925
AIKOC= 37796.7728150499
AIHalfLife= 17.1116936568404
EAppRate= 5.51846963705821
FoliarEnabled= true
FoliarAppDate= 06/07/1989
FoliarForageBegin= 06/05/1989
FoliarForageEnd= 06/28/1989
AIContactFactor= 2.32928590294439
CL4Pollen= 0.887502467259765
CL4Nectar= 16.3092111237347
CL5Pollen= 0.173782962374389
CL5Nectar= 69.5218343404122
CLDPollen= 0.792345937807113
CLDNectar= 123.840869881678
CA13Pollen= 3.75937402835116
CA13Nectar= 84.4963726960123
CA410Pollen= 7.23755586440675
CA410Nectar= 107.265162733383
CA1120Pollen= 1.0554796080105
CA1120Nectar= 26.0164165310562
IPollenTrips= 12.1391857229173
INectarTrips= 9.7693826793693
IPollenLoad= 5.94117779750377
INectarLoad= 7.67603375716135
ESoilP= 1.93150110822171
ESoilFoc= 0.00617306090635248
