ICQueenStrength= 4.90842656954192
RQWkrDrnRatio= 2.44545852206647
ICDroneMiteSurvivorship= 67.8047779481858
ICWorkerMiteSurvivorship= 52.7155939256772
ICForagerLifespan= 10.1566161066294
ImmType= Tangent
RQQueenStrength= 5.58071754779667
RQEnableReQueen= true
AIAdultSlope= 6.54742600955069
AIAdultLD50= 14.241063095426
AIAdultSlopeContact= 6.65285132499412
AIAdultLD50Contact= 79.6420914992355
AILarvaSlope= 2.44276347570121
AILarvaLD50= 24.3040479134996
AIKOW= 12253.6114153431
AIKOC= 97460.1997725386
AIHalfLife= 26.0863697516965
EAppRate= 1.51064199538692
FoliarEnabled= true
FoliarAppDate= 06/07/1989
FoliarForageBegin= 06/05/1989
FoliarForageEnd= 06/28/1989
AIContactFactor= 2.08197702245787
CL4Pollen= 0.145235808566213
CL4Nectar= 55.0664771115407
CL5Pollen= 4.56744257127866
CL5Nectar= 20.1003488036804
CLDPollen= 0.856241536326706
CLDNectar= 114.003644138575
CA13Pollen= 6.20360311381519
CA13Nectar= 67.3015064559877
CA410Pollen= 6.60929327111226
CA410Nectar= 33.4252122091129
CA1120Pollen= 1.45308532915078
CA1120Nectar= 87.9224070720375
IPollenTrips= 9.32039129547775
INectarTrips= 12.1178111433983
IPollenLoad= 6.03586388053373
INectarLoad= 5.7269206433557
ESoilP= 1.74437443865463
ESoilFoc= 0.00992461300943978
