ICQueenStrength= 1.67756620701402
RQWkrDrnRatio= 1.1904182434082
ICDroneMiteSurvivorship= 49.3721196427941
ICWorkerMiteSurvivorship= 30.6161396903917
ICForagerLifespan= 5.39669583458453
ImmType= Logarithmic
RQQueenStrength= 2.4328734902665
RQEnableReQueen= true
AIAdultSlope= 8.03950165212154
AIAdultLD50= 97.5968643126367
AIAdultSlopeContact= 9.59481275524013
AIAdultLD50Contact= 43.0074227594379
AILarvaSlope= 3.52795763127506
AILarvaLD50= 47.4541723143037
AIKOW= 70070.5967737786
AIKOC= 95414.9841160751
AIHalfLife= 30.7179178098915
EAppRate= 5.60033165666927
FoliarEnabled= true
FoliarAppDate= 06/07/1989
FoliarForageBegin= 06/05/1989
FoliarForageEnd= 06/28/1989
AIContactFactor= 0.668659346280619
CL4Pollen= 1.81391720566899
CL4Nectar= 91.2194006843492
CL5Pollen= 0.542798968032002
CL5Nectar= 49.355044180993
CLDPollen= 1.86691987188533
CLDNectar= 3.90374913113192
CA13Pollen= 8.00767529411241
CA13Nectar= 82.7891383692622
CA410Pollen= 2.97646775410976
CA410Nectar= 114.948124019429
CA1120Pollen= 0.220700684934855
CA1120Nectar= 54.820564892143
IPollenTrips= 13.9607144193724
INectarTrips= 6.69860497117043
IPollenLoad= 2.10216451203451
INectarLoad= 9.29803159320727
