ICQueenStrength= 2.47418923908845
RQWkrDrnRatio= 2.41564615350217
ICDroneMiteSurvivorship= 53.3755172975361
ICWorkerMiteSurvivorship= 6.75511423032731
ICForagerLifespan= 4.80303173139691
ImmType= Cosine
RQQueenStrength= 5.10036371089518
RQEnableReQueen= true
AIAdultSlope= 5.11451609805226
AIAdultLD50= 50.9127575908999
AIAdultSlopeContact= 3.03591854241677
AIAdultLD50Contact= 18.5425226825748
AILarvaSlope= 3.80918093211949
AILarvaLD50= 42.400698083434
AIKOW= 90590.4610970445
AIKOC= 61879.9795533493
AIHalfLife= 26.5004118780838
EAppRate= 7.84968872415484
FoliarEnabled= true
FoliarAppDate= 06/07/1989
FoliarForageBegin= 06/05/1989
FoliarForageEnd= 06/28/1989
AIContactFactor= 0.624333146410063
CL4Pollen= 0.68705961946398
CL4Nectar= 23.4816315816715
CL5Pollen= 1.89300995366648
CL5Nectar= 16.9009130797349
CLDPollen= 3.1260644341819
CLDNectar= 139.717203914188
CA13Pollen= 6.72412281837314
CA13Nectar= 68.2700196094811
CA410Pollen= 6.12462626229972
CA410Nectar= 34.7370046144351
CA1120Pollen= 2.31223290553316
CA1120Nectar= 90.1712806709111
IPollenTrips= 13.6899848189205
INectarTrips= 12.0322720869444
IPollenLoad= 9.09626141190529
INectarLoad= 7.15788723668084
