ICQueenStrength= 4.59970559366047
RQWkrDrnRatio= 4.98075727466494
ICDroneMiteSurvivorship= 96.8322695698589
ICWorkerMiteSurvivorship= 67.7547072758898
ICForagerLifespan= 11.6067053657025
ImmType= Sine
RQQueenStrength= 3.57327210716903
RQEnableReQueen=true
AIAdultSlope= 1.55497581325471
AIAdultLD50= 0.974408444231376
AIAdultSlopeContact= 3.75561296194792
AIAdultLD50Contact= 66.878340318491
AILarvaSlope= 8.11784994602203
AILarvaLD50= 18.4400983401884
AIKOW= 84128.6114223092
AIKOC= 35140.7411302938
AIHalfLife= 26.1883335067658
EAppRate= 3.94670328850718
FoliarEnabled=true
FoliarAppDate= 07/01/1989
FoliarForageBegin= 07/01/1989
FoliarForageEnd= 07/14/1989
AIContactFactor= 1.13520091309678
CL4Pollen= 3.134675424546
CL4Nectar= 90.7789959339425
CL5Pollen= 3.65934859262779
CL5Nectar= 11.2550385994837
CLDPollen= 2.08930295985192
CLDNectar= 52.5691714603454
CA13Pollen= 6.2539012607187
CA13Nectar= 42.1622742339969
CA410Pollen= 3.48494486217387
CA410Nectar= 84.4568555476144
CA1120Pollen= 0.935096246190369
CA1120Nectar= 71.0148873738945
IPollenTrips= 10.0943676778115
INectarTrips= 13.1625745981
IPollenLoad= 6.28161347936839
INectarLoad= 4.7976305661723
