ICQueenStrength= 3.21424741786905
RQWkrDrnRatio= 2.43968024291098
ICDroneMiteSurvivorship= 39.0368453925475
ICWorkerMiteSurvivorship= 61.4308120450005
ICForagerLifespan= 5.91940045263618
ImmType= Exponential
RQQueenStrength= 4.27763137640432
RQEnableReQueen= true
AIAdultSlope= 8.34156032651663
AIAdultLD50= 4.49827020267956
AIAdultSlopeContact= 7.95809586090036
AIAdultLD50Contact= 3.71938968591345
AILarvaSlope= 3.77191001176834
AILarvaLD50= 36.4824602810757
AIKOW= 78682.5696834753
AIKOC= 72849.9734067414
AIHalfLife= 0.154325542389415
EAppRate= 6.02439057361684
FoliarEnabled= true
FoliarAppDate= 06/07/1989
FoliarForageBegin= 06/05/1989
FoliarForageEnd= 06/28/1989
AIContactFactor= 0.558897054502741
CL4Pollen= 3.23919524438679
CL4Nectar= 53.5354903433472
CL5Pollen= 0.769410460721701
CL5Nectar= 120.702421723399
CLDPollen= 1.65040691988543
CLDNectar= 91.6660804767162
CA13Pollen= 2.97613009558991
CA13Nectar= 54.8193584755063
CA410Pollen= 2.23001227236819
CA410Nectar= 98.8927744468674
CA1120Pollen= 2.95424091489986
CA1120Nectar= 86.777844466269
IPollenTrips= 11.9051265576854
INectarTrips= 14.1523913876154
IPollenLoad= 2.87502735620365
INectarLoad= 5.65180045319721
