ICQueenStrength= 1.17765802447684
RQWkrDrnRatio= 3.49362925905734
ICDroneMiteSurvivorship= 79.5065874699503
ICWorkerMiteSurvivorship= 16.9430975802243
ICForagerLifespan= 9.76922843325883
ImmType= Sine
AIAdultSlope= 2.9017716147867
AIAdultLD50= 0.170124053256586
AIAdultSlopeContact= 2.74938642194727
AIAdultLD50Contact= 0.0203588829492219
AILarvaSlope= 3.13510781205259
AILarvaLD50= 0.507673571328633
AIKOW= 2.85654547810555
AIKOC= 21.3357670069672
AIHalfLife= 2.63124551963992
EAppRate= 0.768388293217868
FoliarEnabled= true
