ICQueenStrength= 3.91174257081002
RQWkrDrnRatio= 4.0372276995331
ICDroneMiteSurvivorship= 43.1038822745904
ICWorkerMiteSurvivorship= 32.7040865086019
ICForagerLifespan= 5.83494687452912
ImmType= Polynomial
RQQueenStrength= 2.65229994617403
RQEnableReQueen=true
AIAdultSlope= 7.03682801686227
AIAdultLD50= 0.469611409104895
AIAdultSlopeContact= 6.20092909433879
AIAdultLD50Contact= 64.1682597056304
AILarvaSlope= 2.02195593155921
AILarvaLD50= 48.9472349224358
AIKOW= 22386.9022528117
AIKOC= 66124.5445381578
AIHalfLife= 21.9744760219241
EAppRate= 7.99865461123758
FoliarEnabled=true
FoliarAppDate= 07/01/1989
FoliarForageBegin= 07/01/1989
FoliarForageEnd= 07/14/1989
AIContactFactor= 2.12086459787097
CL4Pollen= 3.04195750132203
CL4Nectar= 65.6298289075494
CL5Pollen= 0.542052182368934
CL5Nectar= 118.516191048548
CLDPollen= 3.92483380017802
CLDNectar= 7.59552150266245
CA13Pollen= 3.70668295426294
CA13Nectar= 37.4169162660837
CA410Pollen= 6.73242534827441
CA410Nectar= 77.865555761382
CA1120Pollen= 2.92988371825777
CA1120Nectar= 44.3850645050406
IPollenTrips= 11.4580307225697
INectarTrips= 6.11064410302788
IPollenLoad= 6.21414287248626
INectarLoad= 3.29946490703151
