ICQueenStrength= 1.95851514255628
RQWkrDrnRatio= 4.56272027269006
ICDroneMiteSurvivorship= 61.091699753888
ICWorkerMiteSurvivorship= 99.3873913539574
ICForagerLifespan= 13.7177462466061
ImmType= Sine
RQQueenStrength= 5.73578718723729
RQEnableReQueen= true
AIAdultSlope= 8.66215318255126
AIAdultLD50= 0.295163075630786
AIAdultSlopeContact= 1.43301382428035
AIAdultLD50Contact= 87.7692817269366
AILarvaSlope= 4.89054716005921
AILarvaLD50= 52.5915907919484
AIKOW= 46662.1932826042
AIKOC= 66076.5124990754
AIHalfLife= 1.96067982928362
EAppRate= 4.5235188575408
FoliarEnabled= true
FoliarAppDate= 09/01/1989
FoliarForageBegin= 09/01/1989
FoliarForageEnd= 09/08/1989
AIContactFactor= 1.46126578188967
CL4Pollen= 0.8337108399719
CL4Nectar= 69.3953657289967
CL5Pollen= 4.91820530639961
CL5Nectar= 114.127811905928
CLDPollen= 1.91199520463124
CLDNectar= 44.1945121390745
CA13Pollen= 3.68961499938741
CA13Nectar= 52.0332487858832
CA410Pollen= 8.1743865621509
CA410Nectar= 141.064088866115
CA1120Pollen= 1.18474166840315
CA1120Nectar= 31.0939289070666
IPollenTrips= 5.54428017931059
INectarTrips= 11.8605066137388
IPollenLoad= 1.12729049054906
INectarLoad= 7.85475706448779
