ICQueenStrength= 3.07594300899655
RQWkrDrnRatio= 4.07747201155871
ICDroneMiteSurvivorship= 33.7147505488247
ICWorkerMiteSurvivorship= 21.3114621117711
ICForagerLifespan= 14.9282847112045
ImmType= Exponential
RQQueenStrength= 2.88000266440213
RQEnableReQueen=true
AIAdultSlope= 6.43403532728553
AIAdultLD50= 0.0024385909573175
AIAdultSlopeContact= 9.36441935552284
AIAdultLD50Contact= 38.2918272103053
AILarvaSlope= 1.97491282969713
AILarvaLD50= 38.0461949441291
AIKOW= 18001.1476665368
AIKOC= 23288.46491135
AIHalfLife= 19.4026042003185
EAppRate= 8.80470216689934
FoliarEnabled=true
FoliarAppDate= 07/01/1989
FoliarForageBegin= 07/01/1989
FoliarForageEnd= 07/14/1989
AIContactFactor= 1.57962156395894
CL4Pollen= 2.04871100559831
CL4Nectar= 80.681668035686
CL5Pollen= 4.40023252274841
CL5Nectar= 37.277847295627
CLDPollen= 1.47056691348553
CLDNectar= 51.7872830852866
CA13Pollen= 4.8578732766211
CA13Nectar= 84.0874886140227
CA410Pollen= 6.40838221376762
CA410Nectar= 102.43443866726
CA1120Pollen= 2.78602674789727
CA1120Nectar= 60.8233388885856
IPollenTrips= 5.08324103895575
INectarTrips= 7.51685310155153
IPollenLoad= 5.25581020629033
INectarLoad= 4.14097856497392
