ICQueenStrength= 3.74548781919293
RQWkrDrnRatio= 3.87582018319517
ICDroneMiteSurvivorship= 25.5740392021835
ICWorkerMiteSurvivorship= 54.2071701260284
ICForagerLifespan= 7.13395310845226
ImmType= Tangent
RQQueenStrength= 5.28102089557797
RQEnableReQueen= true
AIAdultSlope= 6.56578372232616
AIAdultLD50= 96.8433665059814
AIAdultSlopeContact= 9.23002398083918
AIAdultLD50Contact= 40.4435296208842
AILarvaSlope= 1.39883461967111
AILarvaLD50= 28.4483014496006
AIKOW= 74311.6846152229
AIKOC= 53258.7958126117
AIHalfLife= 14.4544443603605
EAppRate= 7.49884900022508
FoliarEnabled= true
FoliarAppDate= 06/07/1989
FoliarForageBegin= 06/05/1989
FoliarForageEnd= 06/28/1989
AIContactFactor= 1.51778159529436
CL4Pollen= 2.03912987746298
CL4Nectar= 52.8697565430775
CL5Pollen= 5.72838796069846
CL5Nectar= 97.0473112771288
CLDPollen= 3.07467161910608
CLDNectar= 92.4369878950529
CA13Pollen= 7.33759725075215
CA13Nectar= 86.4823741652071
CA410Pollen= 5.79395762623753
CA410Nectar= 131.194375460036
CA1120Pollen= 2.26097290311009
CA1120Nectar= 33.0396845191717
IPollenTrips= 11.6132817883044
INectarTrips= 9.31579032214358
IPollenLoad= 3.11520465184003
INectarLoad= 7.50162960262969
