ICQueenStrength= 1.4946088581346
RQWkrDrnRatio= 1.84521810151637
ICDroneMiteSurvivorship= 9.42297298461199
ICWorkerMiteSurvivorship= 52.1144243190065
ICForagerLifespan= 7.2042989237234
ImmType= Polynomial
RQQueenStrength= 5.22157470602542
RQEnableReQueen= true
AIAdultSlope= 5.11899019964039
AIAdultLD50= 2.98066141329077
AIAdultSlopeContact= 7.7000706687104
AIAdultLD50Contact= 23.763585151599
AILarvaSlope= 1.62041141651571
AILarvaLD50= 17.8970193796395
AIKOW= 35978.0818915943
AIKOC= 25435.5941314418
AIHalfLife= 12.8733194625704
EAppRate= 7.64066006758437
FoliarEnabled= true
FoliarAppDate= 06/07/1989
FoliarForageBegin= 06/05/1989
FoliarForageEnd= 06/28/1989
AIContactFactor= 2.01011192548554
CL4Pollen= 1.57246899791062
CL4Nectar= 44.8210241505876
CL5Pollen= 2.29115101089701
CL5Nectar= 133.263281942345
CLDPollen= 2.10858169198036
CLDNectar= 21.8157653231174
CA13Pollen= 4.96992036215961
CA13Nectar= 66.39863030985
CA410Pollen= 9.28329512707423
CA410Nectar= 165.657123136334
CA1120Pollen= 0.943809934426099
CA1120Nectar= 56.9365337863564
IPollenTrips= 14.0268139285035
INectarTrips= 10.7350311242044
IPollenLoad= 3.99671761319041
INectarLoad= 0.35127836978063
