ICQueenStrength= 4.7942875653971
RQWkrDrnRatio= 3.56909457687289
ICDroneMiteSurvivorship= 91.0690641961992
ICWorkerMiteSurvivorship= 0.952747371047735
ICForagerLifespan= 13.0248802853748
ImmType= Polynomial
RQQueenStrength= 1.76476473594084
RQEnableReQueen= true
AIAdultSlope= 3.47647208347917
AIAdultLD50= 39.6151244725545
AIAdultSlopeContact= 5.68285785824992
AIAdultLD50Contact= 89.8711062821148
AILarvaSlope= 4.13311547413468
AILarvaLD50= 70.9820987707542
AIKOW= 58863.2763289125
AIKOC= 36263.8149586688
AIHalfLife= 2.76601466683205
EAppRate= 1.25844155118102
FoliarEnabled= true
FoliarAppDate= 06/07/1989
FoliarForageBegin= 06/05/1989
FoliarForageEnd= 06/28/1989
AIContactFactor= 2.02545926883817
CL4Pollen= 2.91727753169835
CL4Nectar= 57.6411363203079
CL5Pollen= 4.05693350499496
CL5Nectar= 28.1531349057332
CLDPollen= 1.79765416961163
CLDNectar= 117.251548566855
CA13Pollen= 2.39108953885734
CA13Nectar= 75.1973741315305
CA410Pollen= 2.93987066163681
CA410Nectar= 104.496112926863
CA1120Pollen= 2.89468443277292
CA1120Nectar= 26.4068451337516
IPollenTrips= 8.26411940855905
INectarTrips= 13.8253085897304
IPollenLoad= 3.32573529565707
INectarLoad= 2.00314075453207
