ICQueenStrength= 5.77578267105855
RQWkrDrnRatio= 4.63882034085691
ICDroneMiteSurvivorship= 30.8175153564662
ICWorkerMiteSurvivorship= 32.2923529194668
ICForagerLifespan= 15.7826453763992
ImmType= Sine
RQQueenStrength= 2.08923470135778
RQEnableReQueen= true
AIAdultSlope= 1.6133288461715
AIAdultLD50= 66.3327921205265
AIAdultSlopeContact= 7.8385080632288
AIAdultLD50Contact= 90.7576481951301
AILarvaSlope= 8.06891196593642
AILarvaLD50= 92.3376775806614
AIKOW= 72316.1947191937
AIKOC= 69554.074866605
AIHalfLife= 26.1630076799775
EAppRate= 4.21745409326139
FoliarEnabled= true
FoliarAppDate= 06/07/1989
FoliarForageBegin= 06/05/1989
FoliarForageEnd= 06/28/1989
AIContactFactor= 2.05710727425758
CL4Pollen= 3.58708414342254
CL4Nectar= 12.109458935447
CL5Pollen= 2.31669188244268
CL5Nectar= 106.160365138203
CLDPollen= 2.25592892384157
CLDNectar= 84.364117810037
CA13Pollen= 2.50746246036142
CA13Nectar= 69.8996160365641
CA410Pollen= 2.55043829646893
CA410Nectar= 25.7409947691485
CA1120Pollen= 2.12949709966779
CA1120Nectar= 72.2605119645596
IPollenTrips= 8.15586213255301
INectarTrips= 13.2281750580296
IPollenLoad= 0.505626113153994
INectarLoad= 7.54623286426067
