ICQueenStrength= 1.64450233010575
RQWkrDrnRatio= 4.18499580118805
ICDroneMiteSurvivorship= 25.0486939912662
ICWorkerMiteSurvivorship= 79.9393009161577
ICForagerLifespan= 8.696772005409
ImmType= Polynomial
RQQueenStrength= 3.47535675996915
RQEnableReQueen= true
AIAdultSlope= 2.54566142335534
AIAdultLD50= 79.5410640336098
AIAdultSlopeContact= 6.62181972991675
AIAdultLD50Contact= 87.1823728127407
AILarvaSlope= 6.30657719820738
AILarvaLD50= 73.3846549950063
AIKOW= 3586.45413287608
AIKOC= 82359.5877172227
AIHalfLife= 28.7878507755231
EAppRate= 7.72323909661686
FoliarEnabled= true
FoliarAppDate= 06/07/1989
FoliarForageBegin= 06/05/1989
FoliarForageEnd= 06/28/1989
AIContactFactor= 2.11027714552823
CL4Pollen= 0.953913229517639
CL4Nectar= 48.8382222596556
CL5Pollen= 4.55417490424588
CL5Nectar= 123.917906486895
CLDPollen= 1.46724578551948
CLDNectar= 15.9016792662442
CA13Pollen= 7.68939123656601
CA13Nectar= 75.0413913466036
CA410Pollen= 8.40064148167148
CA410Nectar= 81.1347725894302
CA1120Pollen= 0.326752026798204
CA1120Nectar= 57.174573559314
IPollenTrips= 12.2057822113857
INectarTrips= 14.9578177509829
IPollenLoad= 9.4199247402139
INectarLoad= 3.33818361163139
