ICQueenStrength= 3.44756573578343
RQWkrDrnRatio= 3.91463398840278
ICDroneMiteSurvivorship= 2.14671669527888
ICWorkerMiteSurvivorship= 85.064169508405
ICForagerLifespan= 6.60754311084747
ImmType= Exponential
AIAdultSlope= 1.4434166931035
AIAdultLD50= 0.016273238370195
AIAdultSlopeContact= 1.06296995955287
AIAdultLD50Contact= 0.00850216592662036
AILarvaSlope= 0.704770078230649
AILarvaLD50= 0.752576882578433
AIKOW= 4.90066468250006
AIKOC= 18.308114540996
AIHalfLife= 1.43364634807222
EAppRate= 9.69602445373312
FoliarEnabled= true
