ICQueenStrength= 2.21755297412165
RQWkrDrnRatio= 2.01098852790892
ICDroneMiteSurvivorship= 57.9730774043128
ICWorkerMiteSurvivorship= 71.7416697647423
ICForagerLifespan= 10.5232181241736
ImmType= Sine
RQQueenStrength= 1.86129720555618
RQEnableReQueen= true
AIAdultSlope= 4.75877307355404
AIAdultLD50= 96.1268540825727
AIAdultSlopeContact= 7.93105651601218
AIAdultLD50Contact= 7.07439711880055
AILarvaSlope= 4.81059970520437
AILarvaLD50= 56.0244730565203
AIKOW= 15842.443948006
AIKOC= 2744.90646930225
AIHalfLife= 27.8824595657177
EAppRate= 8.0222360203308
FoliarEnabled= true
FoliarAppDate= 06/07/1989
FoliarForageBegin= 06/05/1989
FoliarForageEnd= 06/28/1989
AIContactFactor= 0.539390465165488
CL4Pollen= 3.31472370307893
CL4Nectar= 73.65710826125
CL5Pollen= 0.629969880916178
CL5Nectar= 86.8704877677374
CLDPollen= 1.32291097892448
CLDNectar= 144.457460066769
CA13Pollen= 6.70119921425357
CA13Nectar= 40.5666780285537
CA410Pollen= 7.85699578898493
CA410Nectar= 174.3210571073
CA1120Pollen= 0.245628680102527
CA1120Nectar= 31.9044694118202
IPollenTrips= 14.3016173830256
INectarTrips= 13.9705659635365
IPollenLoad= 5.36456613102928
INectarLoad= 4.11475155735388
