ICQueenStrength= 4.37655631266534
RQWkrDrnRatio= 4.01200553029776
ICDroneMiteSurvivorship= 26.9690964603797
ICWorkerMiteSurvivorship= 59.3069874681532
ICForagerLifespan= 7.84259058721364
ImmType= Logarithmic
RQQueenStrength= 3.17266866005957
RQEnableReQueen=true
AIAdultSlope= 2.15130502544343
AIAdultLD50= 0.950573620428564
AIAdultSlopeContact= 3.78672826709226
AIAdultLD50Contact= 13.9528640157792
AILarvaSlope= 4.27651430480182
AILarvaLD50= 49.2957245683821
AIKOW= 4981.1134138855
AIKOC= 18475.5575338278
AIHalfLife= 7.98770366159733
EAppRate= 3.35664959918451
FoliarEnabled=true
FoliarAppDate= 07/01/1989
FoliarForageBegin= 07/01/1989
FoliarForageEnd= 07/14/1989
AIContactFactor= 0.843251401814632
CL4Pollen= 3.30346096213907
CL4Nectar= 76.9804416922852
CL5Pollen= 3.33362996717915
CL5Nectar= 4.45961561053991
CLDPollen= 3.72615448432043
CLDNectar= 77.9850258375518
CA13Pollen= 6.93712265351787
CA13Nectar= 31.6938553377986
CA410Pollen= 6.08289194309618
CA410Nectar= 62.323685977608
CA1120Pollen= 1.13559528719634
CA1120Nectar= 83.4692417830229
IPollenTrips= 9.94440376758575
INectarTrips= 13.8088143640198
IPollenLoad= 9.14864331949502
INectarLoad= 8.38922221912071
