ICQueenStrength= 5.23763104714453
RQWkrDrnRatio= 3.48139587510377
ICDroneMiteSurvivorship= 67.8044344065711
ICWorkerMiteSurvivorship= 56.6394065972418
ICForagerLifespan= 10.3703039074317
ImmType= Tangent
RQQueenStrength= 3.26866457145661
RQEnableReQueen= true
AIAdultSlope= 5.98575178347528
AIAdultLD50= 2.97191871004947
AIAdultSlopeContact= 9.37870210385881
AIAdultLD50Contact= 65.3403702738341
AILarvaSlope= 4.73562647029757
AILarvaLD50= 48.4957037528048
AIKOW= 75125.8928988475
AIKOC= 74660.7867353144
AIHalfLife= 4.95126625248231
EAppRate= 9.94908572866116
FoliarEnabled= true
FoliarAppDate= 06/07/1989
FoliarForageBegin= 06/05/1989
FoliarForageEnd= 06/28/1989
AIContactFactor= 1.09108571235556
CL4Pollen= 3.25939349271357
CL4Nectar= 30.4997137282044
CL5Pollen= 0.327640347182751
CL5Nectar= 102.886164688971
CLDPollen= 5.78283724235371
CLDNectar= 59.5643212320283
CA13Pollen= 6.06679801531136
CA13Nectar= 29.3494266085327
CA410Pollen= 4.13723985373508
CA410Nectar= 114.025769419968
CA1120Pollen= 0.0971014956012368
CA1120Nectar= 65.4946867004037
IPollenTrips= 13.8433749321848
INectarTrips= 5.83018131321296
IPollenLoad= 2.44759128661826
INectarLoad= 1.25933287665248
ESoilP= 1.53020450938493
ESoilFoc= 0.0177922361325473
