ICQueenStrength= 3.07828581985086
RQWkrDrnRatio= 1.9299530973658
ICDroneMiteSurvivorship= 47.1812187694013
ICWorkerMiteSurvivorship= 96.387172723189
ICForagerLifespan= 5.92489361669868
ImmType= Cosine
RQQueenStrength= 4.23527661059052
RQEnableReQueen=true
AIAdultSlope= 5.46644479222596
AIAdultLD50= 0.968506300312001
AIAdultSlopeContact= 3.06749211554416
AIAdultLD50Contact= 3.05389921296434
AILarvaSlope= 6.23274273239076
AILarvaLD50= 67.4405355547401
AIKOW= 62848.2865999781
AIKOC= 81280.6325496058
AIHalfLife= 22.0556077311747
EAppRate= 3.16780047975946
FoliarEnabled=true
FoliarAppDate= 07/01/1989
FoliarForageBegin= 07/01/1989
FoliarForageEnd= 07/14/1989
AIContactFactor= 1.44683239789214
CL4Pollen= 1.67872187122703
CL4Nectar= 13.882722123526
CL5Pollen= 0.60439036320895
CL5Nectar= 73.9291805773973
CLDPollen= 2.99002178991213
CLDNectar= 64.8406419670209
CA13Pollen= 2.59238609140739
CA13Nectar= 25.6232020445168
CA410Pollen= 7.91938445714768
CA410Nectar= 70.8057898143306
CA1120Pollen= 1.6585233786609
CA1120Nectar= 26.6454696469009
IPollenTrips= 7.44192046811804
INectarTrips= 12.5063382135704
IPollenLoad= 0.98842921666801
INectarLoad= 6.26946453936398
