ICQueenStrength= 1.5582411645446
RQWkrDrnRatio= 4.8659308180213
ICDroneMiteSurvivorship= 92.0545310946181
ICWorkerMiteSurvivorship= 43.1507444242015
ICForagerLifespan= 7.65450910385698
ImmType= Tangent
RQQueenStrength= 3.61746936826967
RQEnableReQueen= true
AIAdultSlope= 1.46168893575668
AIAdultLD50= 0.398986453061458
AIAdultSlopeContact= 4.48777153342962
AIAdultLD50Contact= 87.4346403366618
AILarvaSlope= 8.88602278381586
AILarvaLD50= 68.2100456165611
AIKOW= 49683.8149872234
AIKOC= 52404.7839733318
AIHalfLife= 33.3578430857509
EAppRate= 5.79643553303345
FoliarEnabled= true
FoliarAppDate= 09/01/1989
FoliarForageBegin= 09/01/1989
FoliarForageEnd= 09/08/1989
AIContactFactor= 1.05266118116211
CL4Pollen= 0.00448193121701479
CL4Nectar= 55.6380874710158
CL5Pollen= 2.68357858154923
CL5Nectar= 8.41687903739512
CLDPollen= 4.97508687665686
CLDNectar= 83.872574265115
CA13Pollen= 4.85150761511177
CA13Nectar= 68.3581198006868
CA410Pollen= 2.82071092459373
CA410Nectar= 103.318455321714
CA1120Pollen= 1.74317136034369
CA1120Nectar= 65.3532934375107
IPollenTrips= 6.00092201028019
INectarTrips= 10.1327072200365
IPollenLoad= 8.02333464846015
INectarLoad= 6.82619565166533
