ICQueenStrength= 5.28810296929441
RQWkrDrnRatio= 1.56866518314928
ICDroneMiteSurvivorship= 80.3586614783853
ICWorkerMiteSurvivorship= 25.9756242157891
ICForagerLifespan= 12.137297661975
ImmType= Logarithmic
RQQueenStrength= 2.5888121444732
RQEnableReQueen= true
AIAdultSlope= 2.79347714781761
AIAdultLD50= 53.4839932497721
AIAdultSlopeContact= 4.50081754452549
AIAdultLD50Contact= 61.1789949392306
AILarvaSlope= 6.0120638422668
AILarvaLD50= 2.591640432138
AIKOW= 88253.4557127168
AIKOC= 17828.5184953245
AIHalfLife= 17.3084775254363
EAppRate= 2.93752670580149
FoliarEnabled= true
FoliarAppDate= 06/07/1989
FoliarForageBegin= 06/05/1989
FoliarForageEnd= 06/28/1989
AIContactFactor= 1.36194817073178
CL4Pollen= 0.117868392728269
CL4Nectar= 66.992031596601
CL5Pollen= 5.75426500942558
CL5Nectar= 14.0573370968923
CLDPollen= 4.85045922780409
CLDNectar= 104.051475715823
CA13Pollen= 3.76965248240158
CA13Nectar= 44.8519437201321
CA410Pollen= 8.82092334295157
CA410Nectar= 79.0991702815518
CA1120Pollen= 1.85325858439319
CA1120Nectar= 25.8883604034781
IPollenTrips= 10.4868770064786
INectarTrips= 14.7969917720184
IPollenLoad= 9.12519206991419
INectarLoad= 0.279382306616753
