ICQueenStrength= 5.22871842747554
RQWkrDrnRatio= 4.99588993191719
ICDroneMiteSurvivorship= 12.2929886216298
ICWorkerMiteSurvivorship= 36.6938225459307
ICForagerLifespan= 10.5480903154239
ImmType= Exponential
AIAdultSlope= 0.0693306186818518
AIAdultLD50= 0.181951915239915
AIAdultSlopeContact= 2.4285516587575
AIAdultLD50Contact= 0.00578053578501567
AILarvaSlope= 0.295299635920674
AILarvaLD50= 0.140930956648663
AIKOW= 2.53700281865895
AIKOC= 17.2082206304185
AIHalfLife= 1.82232223164756
EAppRate= 2.5508251064457
FoliarEnabled= true
