ICQueenStrength= 5.12283969810233
RQWkrDrnRatio= 2.18066951259971
ICDroneMiteSurvivorship= 16.2316118599847
ICWorkerMiteSurvivorship= 32.2774864267558
ICForagerLifespan= 10.508188938722
ImmType= Polynomial
RQQueenStrength= 3.23285009735264
RQEnableReQueen= true
AIAdultSlope= 6.94219155609608
AIAdultLD50= 23.7664125255293
AIAdultSlopeContact= 9.12860904820263
AIAdultLD50Contact= 77.2883648907428
AILarvaSlope= 3.76039257831872
AILarvaLD50= 45.554240548738
AIKOW= 44065.9190349996
AIKOC= 49013.0407258694
AIHalfLife= 31.9861267868662
EAppRate= 9.90373768575583
FoliarEnabled= true
FoliarAppDate= 06/07/1989
FoliarForageBegin= 06/05/1989
FoliarForageEnd= 06/28/1989
AIContactFactor= 1.68342034881003
CL4Pollen= 2.88289369177073
CL4Nectar= 50.6800930015743
CL5Pollen= 3.2405728250742
CL5Nectar= 8.50011255824938
CLDPollen= 3.20508092874661
CLDNectar= 108.393845334649
CA13Pollen= 6.77291147392243
CA13Nectar= 39.8391883820295
CA410Pollen= 7.06661903415807
CA410Nectar= 175.008659954183
CA1120Pollen= 0.927042384864762
CA1120Nectar= 28.7309943139553
IPollenTrips= 5.84349586395547
INectarTrips= 5.83650668384507
IPollenLoad= 5.0022114510648
INectarLoad= 1.65403831517324
ESoilP= 1.50996422511525
ESoilFoc= 0.014534005926922
