ICQueenStrength= 5.55122412182391
RQWkrDrnRatio= 4.64059879165143
ICDroneMiteSurvivorship= 25.0986411469057
ICWorkerMiteSurvivorship= 67.2584475716576
ICForagerLifespan= 5.4844625191763
ImmType= Sine
RQQueenStrength= 1.66526833339594
RQEnableReQueen= true
AIAdultSlope= 7.98973647505045
AIAdultLD50= 0.405440368769225
AIAdultSlopeContact= 7.37916355463676
AIAdultLD50Contact= 59.3465584259203
AILarvaSlope= 8.02460572682321
AILarvaLD50= 32.6075413061785
AIKOW= 71270.8324517786
AIKOC= 27839.0937527448
AIHalfLife= 8.61479245722294
EAppRate= 0.371247488378314
FoliarEnabled= true
FoliarAppDate= 09/01/1989
FoliarForageBegin= 09/01/1989
FoliarForageEnd= 09/08/1989
AIContactFactor= 0.671017164913937
CL4Pollen= 0.15656880941242
CL4Nectar= 83.2639468833804
CL5Pollen= 4.68983269622549
CL5Nectar= 115.308945800643
CLDPollen= 5.1758678862825
CLDNectar= 87.067156273406
CA13Pollen= 3.84591443212703
CA13Nectar= 79.1572696901858
CA410Pollen= 5.88166794027202
CA410Nectar= 156.536052068695
CA1120Pollen= 0.491040340159088
CA1120Nectar= 26.0723561793566
IPollenTrips= 14.9274738505483
INectarTrips= 11.4289762778208
IPollenLoad= 8.98377523524687
INectarLoad= 4.82598989270627
