ICQueenStrength= 2.64162635104731
RQWkrDrnRatio= 3.13083336595446
ICDroneMiteSurvivorship= 11.1539573874325
ICWorkerMiteSurvivorship= 14.8560516769066
ICForagerLifespan= 11.4426282560453
ImmType= Polynomial
RQQueenStrength= 3.60992376250215
RQEnableReQueen= true
AIAdultSlope= 3.22783068194985
AIAdultLD50= 28.3303137683233
AIAdultSlopeContact= 2.41196362907067
AIAdultLD50Contact= 73.7370061451283
AILarvaSlope= 6.11340619064867
AILarvaLD50= 24.0891326404016
AIKOW= 46485.2920929888
AIKOC= 76256.6203439117
AIHalfLife= 5.25561879382003
EAppRate= 2.36452007704182
FoliarEnabled= true
FoliarAppDate= 06/07/1989
FoliarForageBegin= 06/05/1989
FoliarForageEnd= 06/28/1989
AIContactFactor= 1.56411394110881
CL4Pollen= 1.51336068008095
CL4Nectar= 83.3410419290885
CL5Pollen= 0.595677133183926
CL5Nectar= 59.5482257078402
CLDPollen= 0.801057153381407
CLDNectar= 48.2919460977428
CA13Pollen= 6.26800259463489
CA13Nectar= 99.8777714557946
CA410Pollen= 8.17964268035721
CA410Nectar= 150.656138821505
CA1120Pollen= 0.0139694446697831
CA1120Nectar= 40.8584451116621
IPollenTrips= 9.08311323961243
INectarTrips= 12.1105138026178
IPollenLoad= 5.83616734016687
INectarLoad= 9.83028918970376
ESoilP= 1.91612052638084
ESoilFoc= 0.00645661683590151
