ICQueenStrength= 4.9355736663565
RQWkrDrnRatio= 1.64698750153184
ICDroneMiteSurvivorship= 42.346675042063
ICWorkerMiteSurvivorship= 75.2673029899597
ICForagerLifespan= 14.8549600178376
ImmType= Logarithmic
RQQueenStrength= 3.77386549673975
RQEnableReQueen=true
AIAdultSlope= 8.86625396087766
AIAdultLD50= 0.525308575473959
AIAdultSlopeContact= 2.20422001136467
AIAdultLD50Contact= 62.7279207202662
AILarvaSlope= 3.38878921978176
AILarvaLD50= 77.7144013831262
AIKOW= 51574.4641885654
AIKOC= 13263.9152751598
AIHalfLife= 21.9886613101
EAppRate= 8.48053935418022
FoliarEnabled=true
FoliarAppDate= 07/01/1989
FoliarForageBegin= 07/01/1989
FoliarForageEnd= 07/14/1989
AIContactFactor= 1.27957253644243
CL4Pollen= 3.47057877015322
CL4Nectar= 91.0982123576105
CL5Pollen= 0.450155201833695
CL5Nectar= 44.0506155719049
CLDPollen= 2.85723857581615
CLDNectar= 75.2597012906335
CA13Pollen= 2.99982978012413
CA13Nectar= 95.044841747731
CA410Pollen= 5.03631655911449
CA410Nectar= 47.1737301396206
CA1120Pollen= 1.29756742017344
CA1120Nectar= 79.6093490719795
IPollenTrips= 9.19083421817049
INectarTrips= 8.64591905614361
IPollenLoad= 4.59758952725679
INectarLoad= 8.4092571400106
