ICQueenStrength= 4.48200714215636
RQWkrDrnRatio= 1.82412045542151
ICDroneMiteSurvivorship= 88.7100652325898
ICWorkerMiteSurvivorship= 19.3740486633033
ICForagerLifespan= 15.0388795481995
ImmType= Logarithmic
RQQueenStrength= 4.75453067710623
RQEnableReQueen= true
AIAdultSlope= 3.04534284770489
AIAdultLD50= 3.59171767383907
AIAdultSlopeContact= 1.36694220267236
AIAdultLD50Contact= 42.9503937685939
AILarvaSlope= 7.34399553947151
AILarvaLD50= 14.4355413742049
AIKOW= 15403.5345031668
AIKOC= 31337.4846154058
AIHalfLife= 29.6808109575883
EAppRate= 6.73521218028083
FoliarEnabled= true
FoliarAppDate= 06/07/1989
FoliarForageBegin= 06/05/1989
FoliarForageEnd= 06/28/1989
AIContactFactor= 1.75621373602189
CL4Pollen= 2.61137985531241
CL4Nectar= 42.0226823305711
CL5Pollen= 2.15638886019588
CL5Nectar= 0.966627127490938
CLDPollen= 0.0558724743314087
CLDNectar= 48.2434410019778
CA13Pollen= 3.30987013950944
CA13Nectar= 25.2223683334887
CA410Pollen= 3.14065592857078
CA410Nectar= 192.184482519515
CA1120Pollen= 2.05732434662059
CA1120Nectar= 40.546919349581
IPollenTrips= 6.52891974430531
INectarTrips= 8.74733629869297
IPollenLoad= 9.39085433725268
INectarLoad= 3.41700568096712
