ICQueenStrength= 5.37026733183302
RQWkrDrnRatio= 1.89386018738151
ICDroneMiteSurvivorship= 40.7789214514196
ICWorkerMiteSurvivorship= 17.0723068062216
ICForagerLifespan= 7.01679510436952
ImmType= Tangent
RQQueenStrength= 1.44163326499984
RQEnableReQueen= true
AIAdultSlope= 4.90731061995029
AIAdultLD50= 6.13406185332243
AIAdultSlopeContact= 2.07536651846021
AIAdultLD50Contact= 82.2806086739695
AILarvaSlope= 7.72076743096113
AILarvaLD50= 70.580502522744
AIKOW= 52620.6258566324
AIKOC= 73665.4336034146
AIHalfLife= 22.0269677280216
EAppRate= 1.72438098508236
FoliarEnabled= true
FoliarAppDate= 06/07/1989
FoliarForageBegin= 06/05/1989
FoliarForageEnd= 06/28/1989
AIContactFactor= 2.23626466018613
CL4Pollen= 1.90680770296603
CL4Nectar= 6.72169155441225
CL5Pollen= 3.25602317741141
CL5Nectar= 39.5377108943649
CLDPollen= 3.67018176941201
CLDNectar= 116.702811454888
CA13Pollen= 3.2437217480503
CA13Nectar= 45.4608342796564
CA410Pollen= 4.13783321483061
CA410Nectar= 163.411347456276
CA1120Pollen= 0.613265163497999
CA1120Nectar= 61.8944733031094
IPollenTrips= 14.6371949114837
INectarTrips= 11.2222339306027
IPollenLoad= 3.27919102041051
INectarLoad= 0.261112570296973
ESoilP= 1.14748514117673
ESoilFoc= 0.0165423985999078
