ICQueenStrength= 2.09858727897517
RQWkrDrnRatio= 2.73957360163331
ICDroneMiteSurvivorship= 19.9048774316907
ICWorkerMiteSurvivorship= 58.2664744695649
ICForagerLifespan= 10.3594412095845
ImmType= Cosine
RQQueenStrength= 4.10423703747801
RQEnableReQueen= true
AIAdultSlope= 4.62373185716569
AIAdultLD50= 90.7098882624998
AIAdultSlopeContact= 8.98647955525666
AIAdultLD50Contact= 37.1569089864376
AILarvaSlope= 8.71629930101335
AILarvaLD50= 17.8585222188586
AIKOW= 57140.5232204141
AIKOC= 95052.8272850381
AIHalfLife= 2.68175431736745
EAppRate= 3.65992919821432
FoliarEnabled= true
FoliarAppDate= 06/07/1989
FoliarForageBegin= 06/05/1989
FoliarForageEnd= 06/28/1989
AIContactFactor= 1.98676578169223
CL4Pollen= 3.33950749691576
CL4Nectar= 62.9167252685875
CL5Pollen= 3.09063828550279
CL5Nectar= 41.5963921230286
CLDPollen= 3.93098237598315
CLDNectar= 61.5364578086883
CA13Pollen= 5.58960588397458
CA13Nectar= 31.6715676337481
CA410Pollen= 5.86075448268093
CA410Nectar= 81.5789719671011
CA1120Pollen= 1.40213021077216
CA1120Nectar= 57.0772484876215
IPollenTrips= 9.71511519746855
INectarTrips= 13.3750365301967
IPollenLoad= 4.78256807895377
INectarLoad= 0.810226937755942
