ICQueenStrength= 5.90590009372681
RQWkrDrnRatio= 1.82672817725688
ICDroneMiteSurvivorship= 74.7168825939298
ICWorkerMiteSurvivorship= 54.0475756628439
ICForagerLifespan= 5.9723826861009
ImmType= Tangent
RQQueenStrength= 2.36001859325916
RQEnableReQueen= true
AIAdultSlope= 1.18223470449448
AIAdultLD50= 30.9433987103638
AIAdultSlopeContact= 5.1327231163159
AIAdultLD50Contact= 3.04642409692029
AILarvaSlope= 5.22042896412313
AILarvaLD50= 74.0460828233981
AIKOW= 20952.7813481459
AIKOC= 32907.0376347769
AIHalfLife= 2.52236486058682
EAppRate= 3.08389312409773
FoliarEnabled= true
FoliarAppDate= 06/07/1989
FoliarForageBegin= 06/05/1989
FoliarForageEnd= 06/28/1989
AIContactFactor= 1.47244329726323
CL4Pollen= 3.86604546848685
CL4Nectar= 71.9769143033773
CL5Pollen= 1.53796129999682
CL5Nectar= 92.888157942798
CLDPollen= 5.56087691662833
CLDNectar= 38.0914140259847
CA13Pollen= 7.71834842935204
CA13Nectar= 65.1081634312868
CA410Pollen= 6.54424427913036
CA410Nectar= 62.5544473575428
CA1120Pollen= 0.0843544341623783
CA1120Nectar= 55.2382067218423
IPollenTrips= 9.58397416397929
INectarTrips= 10.0969304819591
IPollenLoad= 1.02897123899311
INectarLoad= 5.32238678075373
