ICQueenStrength= 5.64167918660678
RQWkrDrnRatio= 3.42978241387755
ICDroneMiteSurvivorship= 23.2259426498786
ICWorkerMiteSurvivorship= 17.7226283587515
ICForagerLifespan= 12.3987871101126
ImmType= Sine
RQQueenStrength= 3.69889146904461
RQEnableReQueen= true
AIAdultSlope= 2.6868242751807
AIAdultLD50= 99.8698795653614
AIAdultSlopeContact= 9.13648065691814
AIAdultLD50Contact= 4.02738666943647
AILarvaSlope= 6.31474775634706
AILarvaLD50= 77.5155190403482
AIKOW= 19896.2894511142
AIKOC= 69064.8154517044
AIHalfLife= 13.7253299561562
EAppRate= 0.0318691571634263
FoliarEnabled= true
FoliarAppDate= 06/07/1989
FoliarForageBegin= 06/05/1989
FoliarForageEnd= 06/28/1989
AIContactFactor= 0.954733232310973
CL4Pollen= 1.58014417719096
CL4Nectar= 95.4634898109362
CL5Pollen= 2.30765224713832
CL5Nectar= 105.382738925982
CLDPollen= 4.79966438049451
CLDNectar= 24.3860306683928
CA13Pollen= 2.8153215537779
CA13Nectar= 73.5706675797701
CA410Pollen= 8.32579349845182
CA410Nectar= 159.606625670567
CA1120Pollen= 1.28219236247241
CA1120Nectar= 54.9957401491702
IPollenTrips= 5.84677084814757
INectarTrips= 11.5096680819988
IPollenLoad= 7.04001822508872
INectarLoad= 2.58112179581076
