ICQueenStrength= 3.07305893534794
RQWkrDrnRatio= 4.24441285803914
ICDroneMiteSurvivorship= 34.7708322806284
ICWorkerMiteSurvivorship= 54.9499856075272
ICForagerLifespan= 14.108063146472
ImmType= Logarithmic
RQQueenStrength= 5.52903494704515
RQEnableReQueen= true
AIAdultSlope= 8.47472686134279
AIAdultLD50= 0.0675075704981573
AIAdultSlopeContact= 8.87750505120493
AIAdultLD50Contact= 58.9393804450093
AILarvaSlope= 4.79735668934882
AILarvaLD50= 7.46135738309985
AIKOW= 73344.6795605994
AIKOC= 13554.1240589761
AIHalfLife= 9.96296088455711
EAppRate= 1.99361613010848
FoliarEnabled= true
FoliarAppDate= 09/01/1989
FoliarForageBegin= 09/01/1989
FoliarForageEnd= 09/08/1989
AIContactFactor= 0.429601229112595
CL4Pollen= 0.553963999263942
CL4Nectar= 21.0136679466814
CL5Pollen= 1.63359987409785
CL5Nectar= 120.531630772166
CLDPollen= 1.62868514237925
CLDNectar= 71.7943382333033
CA13Pollen= 4.51888066558167
CA13Nectar= 30.5466130375862
CA410Pollen= 2.75162804427091
CA410Nectar= 101.45445114933
CA1120Pollen= 1.57652145065367
CA1120Nectar= 88.7069669365883
IPollenTrips= 14.8408457799815
INectarTrips= 12.007302835118
IPollenLoad= 4.25128251314163
INectarLoad= 4.48270502034575
