ICQueenStrength= 3.19895468745381
RQWkrDrnRatio= 2.20335559919477
ICDroneMiteSurvivorship= 77.6414807653055
ICWorkerMiteSurvivorship= 18.8779807416722
ICForagerLifespan= 15.8786077490076
ImmType= Exponential
RQQueenStrength= 4.05105809587985
RQEnableReQueen=true
AIAdultSlope= 1.36637673899531
AIAdultLD50= 0.18159518099227
AIAdultSlopeContact= 4.93122966377996
AIAdultLD50Contact= 48.4551581917882
AILarvaSlope= 8.32172682508826
AILarvaLD50= 74.7494797018436
AIKOW= 84761.1051390544
AIKOC= 80219.1046512411
AIHalfLife= 8.52456408105791
EAppRate= 7.30007260478078
FoliarEnabled=true
FoliarAppDate= 07/01/1989
FoliarForageBegin= 07/01/1989
FoliarForageEnd= 07/14/1989
AIContactFactor= 0.660590908364393
CL4Pollen= 2.70637456513941
CL4Nectar= 15.3156268876046
CL5Pollen= 0.47508313274011
CL5Nectar= 12.3446847544983
CLDPollen= 1.89489178452641
CLDNectar= 72.8817203314975
CA13Pollen= 5.50733009334654
CA13Nectar= 82.6618551835418
CA410Pollen= 9.02231614447664
CA410Nectar= 191.020368854515
CA1120Pollen= 2.92161197494715
CA1120Nectar= 31.2156460061669
IPollenTrips= 14.1113028372638
INectarTrips= 11.0888676298782
IPollenLoad= 2.29651264147833
INectarLoad= 3.18380568409339
