ICQueenStrength= 1.94145303824916
RQWkrDrnRatio= 3.74935332871974
ICDroneMiteSurvivorship= 83.6395387537777
ICWorkerMiteSurvivorship= 95.9280032198876
ICForagerLifespan= 10.6733615100384
ImmType= Polynomial
RQQueenStrength= 2.50945803965442
RQEnableReQueen= true
AIAdultSlope= 5.10496174730361
AIAdultLD50= 53.0195103764634
AIAdultSlopeContact= 4.2781499272678
AIAdultLD50Contact= 60.3589059759513
AILarvaSlope= 5.98639394529164
AILarvaLD50= 19.4528128509272
AIKOW= 61882.2325420236
AIKOC= 3368.56651817658
AIHalfLife= 8.67545540845022
EAppRate= 9.22046316368645
FoliarEnabled= true
FoliarAppDate= 06/07/1989
FoliarForageBegin= 06/05/1989
FoliarForageEnd= 06/28/1989
AIContactFactor= 2.07878104190342
CL4Pollen= 3.21272879187018
CL4Nectar= 10.5446179630235
CL5Pollen= 0.365119535475969
CL5Nectar= 81.9262313540094
CLDPollen= 1.93271176982671
CLDNectar= 57.8347385628149
CA13Pollen= 7.18304764088243
CA13Nectar= 39.9682653881609
CA410Pollen= 7.67315048545133
CA410Nectar= 143.73822900001
CA1120Pollen= 1.00806836248375
CA1120Nectar= 85.4507206939161
IPollenTrips= 7.5434380560182
INectarTrips= 10.8619963447563
IPollenLoad= 7.67808773322031
INectarLoad= 7.31431444874033
ESoilP= 1.79876542463899
ESoilFoc= 0.00237246517860331
