ICQueenStrength= 5.29643550538458
RQWkrDrnRatio= 2.87187012284994
ICDroneMiteSurvivorship= 58.3233827259392
ICWorkerMiteSurvivorship= 7.14125949889421
ICForagerLifespan= 11.672214535065
ImmType= Exponential
RQQueenStrength= 4.64791150321253
RQEnableReQueen= true
AIAdultSlope= 3.04021194949746
AIAdultLD50= 34.3075179259377
AIAdultSlopeContact= 5.90086169028655
AIAdultLD50Contact= 94.7076282482382
AILarvaSlope= 7.403723558411
AILarvaLD50= 11.0320522874757
AIKOW= 7478.11452901252
AIKOC= 50234.9460996138
AIHalfLife= 34.5395691798301
EAppRate= 0.690677725557238
FoliarEnabled= true
FoliarAppDate= 06/07/1989
FoliarForageBegin= 06/05/1989
FoliarForageEnd= 06/28/1989
AIContactFactor= 1.40277765124105
CL4Pollen= 3.99041952751577
CL4Nectar= 0.0344829633831978
CL5Pollen= 1.77381532592699
CL5Nectar= 3.49400779232383
CLDPollen= 0.397806515917182
CLDNectar= 36.7362695513293
CA13Pollen= 6.02470767386258
CA13Nectar= 82.1969744376838
CA410Pollen= 6.02399427879136
CA410Nectar= 172.850029915571
CA1120Pollen= 1.63802282768302
CA1120Nectar= 38.2580780424178
IPollenTrips= 10.6959882029332
INectarTrips= 5.32498085405678
IPollenLoad= 5.4826502292417
INectarLoad= 3.26112156268209
ESoilP= 1.29127097851597
ESoilFoc= 0.0159676795119885
