ICQueenStrength= 2.8731627066154
RQWkrDrnRatio= 3.15992174297571
ICDroneMiteSurvivorship= 6.46958777215332
ICWorkerMiteSurvivorship= 10.7513185357675
ICForagerLifespan= 6.63257918227464
ImmType= Logarithmic
RQQueenStrength= 5.43677645758726
RQEnableReQueen= true
AIAdultSlope= 4.64482305385172
AIAdultLD50= 53.5908369995435
AIAdultSlopeContact= 1.35880722408183
AIAdultLD50Contact= 60.7398213419821
AILarvaSlope= 2.00219672732055
AILarvaLD50= 60.0648937320583
AIKOW= 54881.5597496518
AIKOC= 1141.68540452165
AIHalfLife= 32.9321248337161
EAppRate= 2.24383679448836
FoliarEnabled= true
FoliarAppDate= 06/07/1989
FoliarForageBegin= 06/05/1989
FoliarForageEnd= 06/28/1989
AIContactFactor= 1.78129696168471
CL4Pollen= 0.313124912790954
CL4Nectar= 88.3535547414795
CL5Pollen= 2.36547097563744
CL5Nectar= 124.74126125453
CLDPollen= 0.445027149282396
CLDNectar= 12.9759443225339
CA13Pollen= 2.50004865024239
CA13Nectar= 72.574339043349
CA410Pollen= 5.48424460792448
CA410Nectar= 44.0616783546284
CA1120Pollen= 0.909970984328538
CA1120Nectar= 36.6028772853315
IPollenTrips= 7.98446736764163
INectarTrips= 11.52632788755
IPollenLoad= 0.449789392296225
INectarLoad= 7.78254997450858
