ICQueenStrength= 4.38454520097002
RQWkrDrnRatio= 1.23430452123284
ICDroneMiteSurvivorship= 86.07716425322
ICWorkerMiteSurvivorship= 92.3549539642408
ICForagerLifespan= 7.19343224447221
ImmType= Polynomial
RQQueenStrength= 3.04155369196087
RQEnableReQueen= true
AIAdultSlope= 7.97326349653304
AIAdultLD50= 49.7857147149504
AIAdultSlopeContact= 2.26488765445538
AIAdultLD50Contact= 68.2623816733153
AILarvaSlope= 4.79222950339317
AILarvaLD50= 54.5523381283819
AIKOW= 16924.7635362078
AIKOC= 81684.8965910189
AIHalfLife= 7.05113015726674
EAppRate= 7.37562119607837
FoliarEnabled= true
FoliarAppDate= 06/07/1989
FoliarForageBegin= 06/05/1989
FoliarForageEnd= 06/28/1989
AIContactFactor= 0.332550431336276
CL4Pollen= 1.12262434046715
CL4Nectar= 85.8224011026323
CL5Pollen= 4.3346771732904
CL5Nectar= 118.940207117703
CLDPollen= 1.75325069529936
CLDNectar= 44.3347049877048
CA13Pollen= 7.03688265550882
CA13Nectar= 72.8412711247802
CA410Pollen= 6.21856963403989
CA410Nectar= 111.416295291856
CA1120Pollen= 0.806827469961718
CA1120Nectar= 22.1436211653054
IPollenTrips= 14.0285353199579
INectarTrips= 9.05502722598612
IPollenLoad= 1.68545009568334
INectarLoad= 5.61016926309094
ESoilP= 1.57631219830364
ESoilFoc= 0.00741927208332345
