ICQueenStrength= 5.33842563652433
RQWkrDrnRatio= 4.48277974314988
ICDroneMiteSurvivorship= 61.2034049583599
ICWorkerMiteSurvivorship= 22.004384920001
ICForagerLifespan= 9.91323563735932
ImmType= Logarithmic
RQQueenStrength= 2.54212423367426
RQEnableReQueen= true
AIAdultSlope= 1.14730988442898
AIAdultLD50= 55.5027543942579
AIAdultSlopeContact= 4.93973559816368
AIAdultLD50Contact= 48.0615724485333
AILarvaSlope= 7.86498958617449
AILarvaLD50= 91.5270255448113
AIKOW= 86452.1026189388
AIKOC= 98955.9141787684
AIHalfLife= 15.5439001730178
EAppRate= 4.33950132197025
FoliarEnabled= true
FoliarAppDate= 06/07/1989
FoliarForageBegin= 06/05/1989
FoliarForageEnd= 06/28/1989
AIContactFactor= 2.09160450135823
CL4Pollen= 2.88253428228199
CL4Nectar= 54.8532082466409
CL5Pollen= 0.164021388161927
CL5Nectar= 39.2626877641305
CLDPollen= 4.11125521128997
CLDNectar= 72.4621898029
CA13Pollen= 5.11924498556182
CA13Nectar= 58.8203540071845
CA410Pollen= 2.4235361085739
CA410Nectar= 102.447099909186
CA1120Pollen= 2.87554175709374
CA1120Nectar= 76.2574944645166
IPollenTrips= 11.0705326194875
INectarTrips= 13.6231786222197
IPollenLoad= 5.31137846875936
INectarLoad= 6.94726188201457
ESoilP= 1.17567839915864
ESoilFoc= 0.0121717415004969
