ICQueenStrength= 3.87811345304362
RQWkrDrnRatio= 2.18100656755269
ICDroneMiteSurvivorship= 97.2995806252584
ICWorkerMiteSurvivorship= 96.9012017128989
ICForagerLifespan= 7.90879245102406
ImmType= Cosine
RQQueenStrength= 3.19684076728299
RQEnableReQueen= true
AIAdultSlope= 7.14466354064643
AIAdultLD50= 25.2964440559461
AIAdultSlopeContact= 3.43790180049837
AIAdultLD50Contact= 30.0889583040038
AILarvaSlope= 4.36284228786826
AILarvaLD50= 23.2814304927413
AIKOW= 23370.3321805678
AIKOC= 26074.9453186693
AIHalfLife= 7.36488375759218
EAppRate= 3.3716176411279
FoliarEnabled= true
FoliarAppDate= 06/07/1989
FoliarForageBegin= 06/05/1989
FoliarForageEnd= 06/28/1989
AIContactFactor= 0.620850880006328
CL4Pollen= 2.79349043872207
CL4Nectar= 76.0254903696477
CL5Pollen= 1.04210137529299
CL5Nectar= 20.8125322591513
CLDPollen= 3.14276359649375
CLDNectar= 71.461652778089
CA13Pollen= 3.85644866693765
CA13Nectar= 68.7614415958524
CA410Pollen= 5.78026581194717
CA410Nectar= 97.364912587218
CA1120Pollen= 1.67303456319496
CA1120Nectar= 91.3052192516625
IPollenTrips= 11.4239733130671
INectarTrips= 10.6984786409885
IPollenLoad= 0.370768292341381
INectarLoad= 2.14522657683119
ESoilP= 1.83542387583293
ESoilFoc= 0.0142982697871048
