ICQueenStrength= 2.42354221083224
RQWkrDrnRatio= 3.6664921073243
ICDroneMiteSurvivorship= 99.8850020812824
ICWorkerMiteSurvivorship= 45.0016104616225
ICForagerLifespan= 12.5553942620754
ImmType= Cosine
RQQueenStrength= 4.83154045604169
RQEnableReQueen=true
AIAdultSlope= 6.53888189420104
AIAdultLD50= 0.948457091744524
AIAdultSlopeContact= 1.98104879469611
AIAdultLD50Contact= 22.5702307923979
AILarvaSlope= 6.3337687458843
AILarvaLD50= 93.90367656893
AIKOW= 38729.8726512403
AIKOC= 43685.5009555593
AIHalfLife= 19.221524801245
EAppRate= 4.97121781844343
FoliarEnabled=true
FoliarAppDate= 07/01/1989
FoliarForageBegin= 07/01/1989
FoliarForageEnd= 07/14/1989
AIContactFactor= 0.628985891113989
CL4Pollen= 0.335906421765685
CL4Nectar= 61.9102907599881
CL5Pollen= 3.17793801566586
CL5Nectar= 93.8257140805945
CLDPollen= 3.44920656038448
CLDNectar= 118.70263296878
CA13Pollen= 6.7059496355243
CA13Nectar= 21.5843863226473
CA410Pollen= 9.38472657289822
CA410Nectar= 59.8978781653568
CA1120Pollen= 2.54424141417257
CA1120Nectar= 56.5907241404057
IPollenTrips= 8.38646933669224
INectarTrips= 11.1298599280417
IPollenLoad= 5.02518124645576
INectarLoad= 5.78787694685161
