ICQueenStrength= 4.24516217107885
RQWkrDrnRatio= 4.5873961513862
ICDroneMiteSurvivorship= 67.469822242856
ICWorkerMiteSurvivorship= 64.5456187892705
ICForagerLifespan= 12.9531607208773
ImmType= Logarithmic
RQQueenStrength= 4.90933737391606
RQEnableReQueen= true
AIAdultSlope= 1.45318568497896
AIAdultLD50= 34.0427413282492
AIAdultSlopeContact= 7.01817960897461
AIAdultLD50Contact= 72.0119924721753
AILarvaSlope= 3.48445931635797
AILarvaLD50= 34.8078360106151
AIKOW= 20929.4533730821
AIKOC= 61804.7666710766
AIHalfLife= 34.4757224549074
EAppRate= 6.04199138743966
FoliarEnabled= true
FoliarAppDate= 06/07/1989
FoliarForageBegin= 06/05/1989
FoliarForageEnd= 06/28/1989
AIContactFactor= 0.416817324832082
CL4Pollen= 1.53557325806469
CL4Nectar= 83.2475769100711
CL5Pollen= 0.0452969055622816
CL5Nectar= 137.584965443239
CLDPollen= 5.9287633462809
CLDNectar= 146.120171877556
CA13Pollen= 3.55941689833999
CA13Nectar= 68.5140134207904
CA410Pollen= 8.19131326817442
CA410Nectar= 85.2509607840329
CA1120Pollen= 0.0815939200110734
CA1120Nectar= 31.0437547974288
IPollenTrips= 12.3043320863508
INectarTrips= 5.07238508202136
IPollenLoad= 2.64257465256378
INectarLoad= 4.09558484330773
