ICQueenStrength= 5.28272646619007
RQWkrDrnRatio= 3.96631896402687
ICDroneMiteSurvivorship= 74.3320481618866
ICWorkerMiteSurvivorship= 12.5865636393428
ICForagerLifespan= 15.1965132849291
ImmType= Cosine
RQQueenStrength= 1.68287111120299
RQEnableReQueen= true
AIAdultSlope= 7.05602433346212
AIAdultLD50= 3.67675516596879
AIAdultSlopeContact= 4.09431734797545
AIAdultLD50Contact= 45.0119481986526
AILarvaSlope= 2.20746014826
AILarvaLD50= 81.8887426472174
AIKOW= 92047.6476232311
AIKOC= 60964.2691650984
AIHalfLife= 17.2406625793548
EAppRate= 1.49725145844696
FoliarEnabled= true
FoliarAppDate= 06/07/1989
FoliarForageBegin= 06/05/1989
FoliarForageEnd= 06/28/1989
AIContactFactor= 0.50658452458214
CL4Pollen= 0.64839608874172
CL4Nectar= 3.66752231493592
CL5Pollen= 3.44728479953483
CL5Nectar= 66.4446416194551
CLDPollen= 1.12590548861772
CLDNectar= 133.192801696714
CA13Pollen= 4.40940884156153
CA13Nectar= 79.4547159411013
CA410Pollen= 8.55834108118433
CA410Nectar= 99.0099561773241
CA1120Pollen= 1.13866263558157
CA1120Nectar= 67.7659073472023
IPollenTrips= 14.9869904946536
INectarTrips= 6.75696087768301
IPollenLoad= 5.40337174432352
INectarLoad= 1.84664952103049
ESoilP= 1.02949786675163
ESoilFoc= 0.00238924427493475
