ICQueenStrength= 5.92824865505099
RQWkrDrnRatio= 2.28408781345934
ICDroneMiteSurvivorship= 1.04273343458772
ICWorkerMiteSurvivorship= 50.7040137890726
ICForagerLifespan= 12.6632473533973
ImmType= Cosine
RQQueenStrength= 5.13276756647974
RQEnableReQueen= true
AIAdultSlope= 8.46114286221564
AIAdultLD50= 35.0701839062977
AIAdultSlopeContact= 8.01344741391949
AIAdultLD50Contact= 2.21513176106615
AILarvaSlope= 4.22762105427682
AILarvaLD50= 4.43592737119435
AIKOW= 46934.3521146859
AIKOC= 26350.3958373435
AIHalfLife= 15.5338829841698
EAppRate= 1.91957396074291
FoliarEnabled= true
FoliarAppDate= 06/07/1989
FoliarForageBegin= 06/05/1989
FoliarForageEnd= 06/28/1989
AIContactFactor= 2.34187893521041
CL4Pollen= 0.00189382210373878
CL4Nectar= 7.55473936442286
CL5Pollen= 4.52595439134166
CL5Nectar= 40.5789933633059
CLDPollen= 4.6235086186789
CLDNectar= 57.9062996897846
CA13Pollen= 2.50908569553867
CA13Nectar= 79.6094493940473
CA410Pollen= 6.51210679486394
CA410Nectar= 153.1622781232
CA1120Pollen= 1.86449580523185
CA1120Nectar= 88.6380000039935
IPollenTrips= 14.7112626582384
INectarTrips= 9.98446456622332
IPollenLoad= 3.96642949897796
INectarLoad= 9.20379590243101
