ICQueenStrength= 4.46886285347864
RQWkrDrnRatio= 3.82764204405248
ICDroneMiteSurvivorship= 38.861450436525
ICWorkerMiteSurvivorship= 61.2103956518695
ICForagerLifespan= 5.38312359154224
ImmType= Polynomial
RQQueenStrength= 3.13620795286261
RQEnableReQueen= true
AIAdultSlope= 1.8704213630408
AIAdultLD50= 67.8965835704061
AIAdultSlopeContact= 6.26496496330947
AIAdultLD50Contact= 9.0371395843511
AILarvaSlope= 1.11117798276246
AILarvaLD50= 58.0677400331157
AIKOW= 31816.7492478355
AIKOC= 98076.3054040447
AIHalfLife= 26.1789601567201
EAppRate= 8.31813419426465
FoliarEnabled= true
FoliarAppDate= 06/07/1989
FoliarForageBegin= 06/05/1989
FoliarForageEnd= 06/28/1989
AIContactFactor= 1.46295902456623
CL4Pollen= 0.173009951598942
CL4Nectar= 97.7837488986552
CL5Pollen= 4.78543308796361
CL5Nectar= 23.5900450847112
CLDPollen= 3.58887125691399
CLDNectar= 123.967717657797
CA13Pollen= 3.12042741551995
CA13Nectar= 61.8041070736945
CA410Pollen= 8.2860085609369
CA410Nectar= 53.6371786613017
CA1120Pollen= 0.332823153119534
CA1120Nectar= 52.1340016834438
IPollenTrips= 12.9189348872751
INectarTrips= 8.15632718615234
IPollenLoad= 3.8239223905839
INectarLoad= 9.29453823016956
ESoilP= 1.03497525001876
ESoilFoc= 0.018573717962252
