ICQueenStrength= 2.33376174489968
RQWkrDrnRatio= 1.62061080243438
ICDroneMiteSurvivorship= 99.1961707128212
ICWorkerMiteSurvivorship= 18.1747794616967
ICForagerLifespan= 10.5962812686339
ImmType= Tangent
RQQueenStrength= 3.36669084872119
RQEnableReQueen= true
AIAdultSlope= 7.32685891725123
AIAdultLD50= 17.8185439207496
AIAdultSlopeContact= 5.36084158997983
AIAdultLD50Contact= 99.2807498415625
AILarvaSlope= 1.54398274607956
AILarvaLD50= 54.5773438894502
AIKOW= 74389.6042228635
AIKOC= 37170.9167993537
AIHalfLife= 20.4351077116327
EAppRate= 8.86210384814837
FoliarEnabled= true
FoliarAppDate= 06/07/1989
FoliarForageBegin= 06/05/1989
FoliarForageEnd= 06/28/1989
AIContactFactor= 1.77280314483214
CL4Pollen= 3.23170821089298
CL4Nectar= 29.702384932898
CL5Pollen= 2.08046027133241
CL5Nectar= 118.838866660371
CLDPollen= 0.656504945363849
CLDNectar= 132.849839434493
CA13Pollen= 3.00375970387831
CA13Nectar= 51.82024307549
CA410Pollen= 5.56493991697207
CA410Nectar= 59.4886205950752
CA1120Pollen= 0.87637895392254
CA1120Nectar= 22.3904281668365
IPollenTrips= 7.61166739044711
INectarTrips= 14.0816827537492
IPollenLoad= 9.56743412883952
INectarLoad= 7.98521667951718
ESoilP= 1.1386509728618
ESoilFoc= 0.0172579570454545
