ICQueenStrength= 5.2426218604669
RQWkrDrnRatio= 3.2297112448141
ICDroneMiteSurvivorship= 23.3636185294017
ICWorkerMiteSurvivorship= 32.2090747300535
ICForagerLifespan= 13.9435966359451
ImmType= Polynomial
RQQueenStrength= 4.13234944012947
RQEnableReQueen= true
AIAdultSlope= 4.24993661418557
AIAdultLD50= 17.3406786113798
AIAdultSlopeContact= 6.1140411356464
AIAdultLD50Contact= 7.21306058311719
AILarvaSlope= 3.21642268262804
AILarvaLD50= 0.704394294051221
AIKOW= 34200.768326539
AIKOC= 12224.964924797
AIHalfLife= 1.9909499633126
EAppRate= 6.1029234712522
FoliarEnabled= true
FoliarAppDate= 06/07/1989
FoliarForageBegin= 06/05/1989
FoliarForageEnd= 06/28/1989
AIContactFactor= 1.70068211137783
CL4Pollen= 1.05559863895178
CL4Nectar= 22.5465586874634
CL5Pollen= 1.31561719905585
CL5Nectar= 145.010678144172
CLDPollen= 5.25244358880445
CLDNectar= 60.7505489140749
CA13Pollen= 4.99680924769491
CA13Nectar= 56.4216320589185
CA410Pollen= 4.56232930216938
CA410Nectar= 34.1098323976621
CA1120Pollen= 2.19088307465427
CA1120Nectar= 73.5369613394141
IPollenTrips= 8.24706662679091
INectarTrips= 14.4285389385186
IPollenLoad= 7.51906892750412
INectarLoad= 1.60712223965675
