ICQueenStrength= 2.77187238819897
RQWkrDrnRatio= 4.83407313283533
ICDroneMiteSurvivorship= 74.6908653527498
ICWorkerMiteSurvivorship= 43.3724125381559
ICForagerLifespan= 15.7790956096724
ImmType= Cosine
RQQueenStrength= 2.94305820856243
RQEnableReQueen= true
AIAdultSlope= 4.27543064579368
AIAdultLD50= 12.3503004115955
AIAdultSlopeContact= 6.17156511661597
AIAdultLD50Contact= 22.7402954157973
AILarvaSlope= 3.97311402484775
AILarvaLD50= 82.6668741785758
AIKOW= 76636.6901654904
AIKOC= 55772.7337269154
AIHalfLife= 25.0348572316812
EAppRate= 2.05290374188032
FoliarEnabled= true
FoliarAppDate= 06/07/1989
FoliarForageBegin= 06/05/1989
FoliarForageEnd= 06/28/1989
AIContactFactor= 1.75698413192295
CL4Pollen= 2.97055412456393
CL4Nectar= 15.6537974718958
CL5Pollen= 1.94561065686867
CL5Nectar= 29.9930842593312
CLDPollen= 0.363929598592222
CLDNectar= 146.840463078115
CA13Pollen= 2.61657930240035
CA13Nectar= 64.3852829188108
CA410Pollen= 3.60278034193907
CA410Nectar= 26.0052485577762
CA1120Pollen= 0.623457082081586
CA1120Nectar= 76.2932490557432
IPollenTrips= 7.55327426595613
INectarTrips= 9.45527579635382
IPollenLoad= 9.28812173660845
INectarLoad= 8.8100250530988
