ICQueenStrength= 1.85381729761139
RQWkrDrnRatio= 4.33558247424662
ICDroneMiteSurvivorship= 26.2822592165321
ICWorkerMiteSurvivorship= 92.0731463236734
ICForagerLifespan= 11.4119946071878
ImmType= Exponential
RQQueenStrength= 4.77118281670846
RQEnableReQueen= true
AIAdultSlope= 8.53186701796949
AIAdultLD50= 62.2635192670193
AIAdultSlopeContact= 6.69246319564991
AIAdultLD50Contact= 25.2563638954491
AILarvaSlope= 4.53447299450636
AILarvaLD50= 26.3681958880115
AIKOW= 6558.10889624773
AIKOC= 74373.4031834078
AIHalfLife= 10.7973555197939
EAppRate= 2.59535274697421
FoliarEnabled= true
FoliarAppDate= 06/07/1989
FoliarForageBegin= 06/05/1989
FoliarForageEnd= 06/28/1989
AIContactFactor= 0.323345803213306
CL4Pollen= 2.89258201606572
CL4Nectar= 76.8310100538656
CL5Pollen= 4.34564599720761
CL5Nectar= 135.441215720493
CLDPollen= 3.52470358880237
CLDNectar= 52.3357693338767
CA13Pollen= 2.98538315230981
CA13Nectar= 38.1892648898065
CA410Pollen= 4.08586273558903
CA410Nectar= 101.793974093162
CA1120Pollen= 1.43850027001463
CA1120Nectar= 53.1346298567951
IPollenTrips= 8.31500166794285
INectarTrips= 14.6511534508318
IPollenLoad= 5.53537901025265
INectarLoad= 1.21437598019838
