ICQueenStrength= 4.50184372160584
RQWkrDrnRatio= 1.37044808268547
ICDroneMiteSurvivorship= 48.6945377197117
ICWorkerMiteSurvivorship= 21.5866904240102
ICForagerLifespan= 15.1857738206163
ImmType= Exponential
RQQueenStrength= 5.30503105511889
RQEnableReQueen= true
AIAdultSlope= 7.85173275694251
AIAdultLD50= 27.6807037464306
AIAdultSlopeContact= 9.11756001086906
AIAdultLD50Contact= 16.9907442657368
AILarvaSlope= 6.65761816129088
AILarvaLD50= 2.36180004912708
AIKOW= 48085.0469547568
AIKOC= 11404.9059498047
AIHalfLife= 24.3523010414792
EAppRate= 2.11274510691199
FoliarEnabled= true
FoliarAppDate= 06/07/1989
FoliarForageBegin= 06/05/1989
FoliarForageEnd= 06/28/1989
AIContactFactor= 1.43197987364139
CL4Pollen= 3.69523238390684
CL4Nectar= 3.51551407948136
CL5Pollen= 1.17264763684943
CL5Nectar= 39.3310051294975
CLDPollen= 3.17262302571908
CLDNectar= 14.2543755588122
CA13Pollen= 5.62416906822473
CA13Nectar= 62.7582289278507
CA410Pollen= 8.23804412784521
CA410Nectar= 103.18471702747
CA1120Pollen= 0.299490069039166
CA1120Nectar= 58.1730294413865
IPollenTrips= 6.75853825174272
INectarTrips= 14.4870594679378
IPollenLoad= 9.32784189237282
INectarLoad= 3.33704910241067
ESoilP= 1.64387213881128
ESoilFoc= 0.0191479184369091
