ICQueenStrength= 1.29858233314008
RQWkrDrnRatio= 2.95940036419779
ICDroneMiteSurvivorship= 60.7153614284471
ICWorkerMiteSurvivorship= 31.4769870368764
ICForagerLifespan= 10.2261190209538
ImmType= Sine
RQQueenStrength= 3.7129069827497
RQEnableReQueen=true
AIAdultSlope= 1.6491906568408
AIAdultLD50= 0.0534390106357168
AIAdultSlopeContact= 7.55338313244283
AIAdultLD50Contact= 52.3463008765271
AILarvaSlope= 1.82136690057814
AILarvaLD50= 68.1278100502268
AIKOW= 59061.9234095262
AIKOC= 2277.70669909893
AIHalfLife= 34.9498798055574
EAppRate= 0.417631235357141
FoliarEnabled=true
FoliarAppDate= 07/01/1989
FoliarForageBegin= 07/01/1989
FoliarForageEnd= 07/14/1989
AIContactFactor= 1.39933632765897
CL4Pollen= 1.37745532859117
CL4Nectar= 78.1760196434334
CL5Pollen= 1.0126402513124
CL5Nectar= 121.627569186967
CLDPollen= 5.46146056149155
CLDNectar= 138.873972930014
CA13Pollen= 5.77023883936927
CA13Nectar= 72.7513549663126
CA410Pollen= 2.24404967078008
CA410Nectar= 86.1051223566756
CA1120Pollen= 2.61118849413469
CA1120Nectar= 90.1554020121694
IPollenTrips= 6.440613665618
INectarTrips= 14.2424102290533
IPollenLoad= 3.45258728601038
INectarLoad= 0.0268539972603321
