ICQueenStrength= 5.25901046372019
RQWkrDrnRatio= 3.39762168191373
ICDroneMiteSurvivorship= 92.0569993788376
ICWorkerMiteSurvivorship= 27.1113075781614
ICForagerLifespan= 15.4692564858124
ImmType= Cosine
RQQueenStrength= 1.95238612149842
RQEnableReQueen= true
AIAdultSlope= 6.86542660742998
AIAdultLD50= 72.1357914550724
AIAdultSlopeContact= 5.85873153759167
AIAdultLD50Contact= 12.6749469246662
AILarvaSlope= 4.09585276432335
AILarvaLD50= 17.7141548799069
AIKOW= 40277.4498683034
AIKOC= 96975.7876801838
AIHalfLife= 34.9074212961132
EAppRate= 1.6536946011195
FoliarEnabled= true
FoliarAppDate= 06/07/1989
FoliarForageBegin= 06/05/1989
FoliarForageEnd= 06/28/1989
AIContactFactor= 2.17197293539066
CL4Pollen= 0.870874632149935
CL4Nectar= 96.6591469477862
CL5Pollen= 4.53211891790852
CL5Nectar= 9.81415780261159
CLDPollen= 5.22774844989181
CLDNectar= 30.4257201380096
CA13Pollen= 4.58837294885889
CA13Nectar= 57.8553419560194
CA410Pollen= 4.96604963017162
CA410Nectar= 84.4922674121335
CA1120Pollen= 1.20082730613649
CA1120Nectar= 94.1674498468637
IPollenTrips= 9.36458170879632
INectarTrips= 9.50489254901186
IPollenLoad= 8.27579772332683
INectarLoad= 4.14453647797927
