ICQueenStrength= 1.63015669770539
RQWkrDrnRatio= 1.51296664681286
ICDroneMiteSurvivorship= 64.4881145795807
ICWorkerMiteSurvivorship= 32.6882608467713
ICForagerLifespan= 11.6260305363685
ImmType= Polynomial
RQQueenStrength= 1.71449682302773
RQEnableReQueen=true
AIAdultSlope= 5.24923128820956
AIAdultLD50= 0.134402106767287
AIAdultSlopeContact= 7.02416286291555
AIAdultLD50Contact= 10.9005580726452
AILarvaSlope= 2.70758875459433
AILarvaLD50= 59.7076026170039
AIKOW= 76622.6496176088
AIKOC= 33586.4415786087
AIHalfLife= 12.47178336496
EAppRate= 3.70427260053228
FoliarEnabled=true
FoliarAppDate= 07/01/1989
FoliarForageBegin= 07/01/1989
FoliarForageEnd= 07/14/1989
AIContactFactor= 0.828914800365455
CL4Pollen= 0.712814620696008
CL4Nectar= 21.0040231235325
CL5Pollen= 1.57428482919931
CL5Nectar= 146.045281598344
CLDPollen= 4.49884611787274
CLDNectar= 118.912688386627
CA13Pollen= 3.21039279764518
CA13Nectar= 95.1801339164376
CA410Pollen= 6.02224002529401
CA410Nectar= 128.911799788475
CA1120Pollen= 2.08213051222265
CA1120Nectar= 28.1406948715448
IPollenTrips= 14.5981805305928
INectarTrips= 9.411072707735
IPollenLoad= 1.2031821673736
INectarLoad= 7.03952339012176
