ICQueenStrength= 4.38621305534616
RQWkrDrnRatio= 4.23304990958422
ICDroneMiteSurvivorship= 54.3628136627376
ICWorkerMiteSurvivorship= 83.2739004166797
ICForagerLifespan= 13.5339469602332
ImmType= Logarithmic
RQQueenStrength= 1.46316032647155
RQEnableReQueen= true
AIAdultSlope= 4.33806046843529
AIAdultLD50= 92.6884544155635
AIAdultSlopeContact= 7.10265252343379
AIAdultLD50Contact= 51.1738592264589
AILarvaSlope= 6.82923159748316
AILarvaLD50= 22.5130823606281
AIKOW= 92458.6983488325
AIKOC= 59798.9847738582
AIHalfLife= 24.2424410342472
EAppRate= 4.00444208645471
FoliarEnabled= true
FoliarAppDate= 06/07/1989
FoliarForageBegin= 06/05/1989
FoliarForageEnd= 06/28/1989
AIContactFactor= 1.54211198963225
CL4Pollen= 1.89560937415808
CL4Nectar= 3.32824215292931
CL5Pollen= 1.30718213366345
CL5Nectar= 18.5827229870483
CLDPollen= 5.62720121210441
CLDNectar= 149.714453110937
CA13Pollen= 3.06585119133815
CA13Nectar= 73.2143604196608
CA410Pollen= 8.4636724884389
CA410Nectar= 22.1604709560052
CA1120Pollen= 0.70182806882076
CA1120Nectar= 62.6151455380023
IPollenTrips= 9.44925830466673
INectarTrips= 10.2315631788224
IPollenLoad= 3.8089555921033
INectarLoad= 4.34127494459972
