ICQueenStrength= 5.25966089242138
RQWkrDrnRatio= 2.69538308214396
ICDroneMiteSurvivorship= 12.1549307601526
ICWorkerMiteSurvivorship= 33.7862556800246
ICForagerLifespan= 4.05408576410264
ImmType= Tangent
RQQueenStrength= 3.99981727963313
RQEnableReQueen= true
AIAdultSlope= 3.68956410698593
AIAdultLD50= 53.5289442950403
AIAdultSlopeContact= 6.20445582410321
AIAdultLD50Contact= 88.8906055012792
AILarvaSlope= 2.44047513790429
AILarvaLD50= 21.6126097008691
AIKOW= 96847.5431562332
AIKOC= 69116.3429190023
AIHalfLife= 7.0111947135767
EAppRate= 9.30112215126166
FoliarEnabled= true
FoliarAppDate= 06/07/1989
FoliarForageBegin= 06/05/1989
FoliarForageEnd= 06/28/1989
AIContactFactor= 1.29843566448428
CL4Pollen= 2.18100661505014
CL4Nectar= 50.4115683259442
CL5Pollen= 2.7947632712312
CL5Nectar= 48.357041599229
CLDPollen= 3.70632764976472
CLDNectar= 111.343048175331
CA13Pollen= 6.92819465817884
CA13Nectar= 94.6247999742627
CA410Pollen= 6.35692570433021
CA410Nectar= 157.174205793999
CA1120Pollen= 0.096107941120863
CA1120Nectar= 74.8652590997517
IPollenTrips= 5.57638949714601
INectarTrips= 12.9188992083073
IPollenLoad= 6.71317931264639
INectarLoad= 1.06268296251073
ESoilP= 1.51738995034248
ESoilFoc= 0.00221825777483173
