ICQueenStrength= 1.77342883334495
RQWkrDrnRatio= 1.06523800548166
ICDroneMiteSurvivorship= 10.9055475564674
ICWorkerMiteSurvivorship= 12.0095990831032
ICForagerLifespan= 4.7122071608901
ImmType= Cosine
RQQueenStrength= 3.92125278734602
RQEnableReQueen= true
AIAdultSlope= 2.71850997582078
AIAdultLD50= 41.490966214099
AIAdultSlopeContact= 9.85906533687375
AIAdultLD50Contact= 45.2410976869205
AILarvaSlope= 3.78512145578861
AILarvaLD50= 36.0006087879674
AIKOW= 1592.87021158837
AIKOC= 37434.9489285038
AIHalfLife= 16.3997631196398
EAppRate= 0.692096856369404
FoliarEnabled= true
FoliarAppDate= 06/07/1989
FoliarForageBegin= 06/05/1989
FoliarForageEnd= 06/28/1989
AIContactFactor= 1.25424103251658
CL4Pollen= 1.27939548250288
CL4Nectar= 98.6571602057666
CL5Pollen= 1.51268331008032
CL5Nectar= 61.6626303177327
CLDPollen= 5.83033908437937
CLDNectar= 37.3718226794153
CA13Pollen= 5.33383427262306
CA13Nectar= 24.0062248334289
CA410Pollen= 9.02811774255242
CA410Nectar= 53.1670726649463
CA1120Pollen= 0.227988236350939
CA1120Nectar= 85.4100662656128
IPollenTrips= 14.7867828048766
INectarTrips= 12.9151772148907
IPollenLoad= 6.32633430184796
INectarLoad= 4.10615865373984
ESoilP= 1.06559926480986
ESoilFoc= 0.0136123122796416
