ICQueenStrength= 5.73061874043196
RQWkrDrnRatio= 3.02972681634128
ICDroneMiteSurvivorship= 98.0037151835859
ICWorkerMiteSurvivorship= 80.2703786641359
ICForagerLifespan= 11.7019362999126
ImmType= Sine
AIAdultSlope= 3.49964980685385
AIAdultLD50= 0.0373486000578851
AIAdultSlopeContact= 2.19409870809177
AIAdultLD50Contact= 0.0103185275569558
AILarvaSlope= 1.65975809865631
AILarvaLD50= 0.620160792698152
AIKOW= 3.68682099692523
AIKOC= 18.8732383784372
AIHalfLife= 2.40827876275871
EAppRate= 3.45435027731583
FoliarEnabled= true
