ICQueenStrength= 5.54868621658534
RQWkrDrnRatio= 3.25829217769206
ICDroneMiteSurvivorship= 84.1534583596513
ICWorkerMiteSurvivorship= 12.297664838843
ICForagerLifespan= 8.46815924812108
ImmType= Tangent
RQQueenStrength= 1.88441608473659
RQEnableReQueen= true
AIAdultSlope= 3.54787368327379
AIAdultLD50= 7.78587812231458
AIAdultSlopeContact= 4.47568599833176
AIAdultLD50Contact= 35.3654850411788
AILarvaSlope= 5.75654109194875
AILarvaLD50= 19.7316094151698
AIKOW= 97633.0828193071
AIKOC= 94546.5102624015
AIHalfLife= 15.9906138723716
EAppRate= 3.94361957109836
FoliarEnabled= true
FoliarAppDate= 06/07/1989
FoliarForageBegin= 06/05/1989
FoliarForageEnd= 06/28/1989
AIContactFactor= 0.978232687967829
CL4Pollen= 0.0512380609288812
CL4Nectar= 86.8137763114646
CL5Pollen= 2.25330723077059
CL5Nectar= 86.1153869773261
CLDPollen= 0.128734156955034
CLDNectar= 63.7329327058978
CA13Pollen= 4.72475542202592
CA13Nectar= 99.732413161546
CA410Pollen= 2.36923602607567
CA410Nectar= 96.4435218228027
CA1120Pollen= 0.455819346942008
CA1120Nectar= 36.6746368259192
IPollenTrips= 10.2446170616895
INectarTrips= 10.7723339973018
IPollenLoad= 8.12290974194184
INectarLoad= 8.52162840310484
