ICQueenStrength= 3.21454868093133
RQWkrDrnRatio= 1.90842294786125
ICDroneMiteSurvivorship= 76.240684138611
ICWorkerMiteSurvivorship= 23.8025277620181
ICForagerLifespan= 11.5672409068793
ImmType= Sine
RQQueenStrength= 3.16101271449588
RQEnableReQueen= true
AIAdultSlope= 3.43916925229132
AIAdultLD50= 0.505373634071089
AIAdultSlopeContact= 7.51593668037094
AIAdultLD50Contact= 62.0145394418908
AILarvaSlope= 7.14757561311126
AILarvaLD50= 57.8917328627752
AIKOW= 23842.8842065007
AIKOC= 50692.9391397433
AIHalfLife= 31.4238978558453
EAppRate= 7.86619173719687
FoliarEnabled= true
FoliarAppDate= 09/01/1989
FoliarForageBegin= 09/01/1989
FoliarForageEnd= 09/08/1989
AIContactFactor= 1.74663166433107
CL4Pollen= 2.77483722195029
CL4Nectar= 27.2111005848274
CL5Pollen= 2.08302322681993
CL5Nectar= 143.829793541227
CLDPollen= 0.547519309446216
CLDNectar= 91.186448384542
CA13Pollen= 7.40730089768767
CA13Nectar= 75.5383211933076
CA410Pollen= 2.49721581775229
CA410Nectar= 82.3480466194451
CA1120Pollen= 1.47180658089928
CA1120Nectar= 95.8121350780129
IPollenTrips= 14.9416370457038
INectarTrips= 6.5777745237574
IPollenLoad= 4.7009772551246
INectarLoad= 5.59279258362949
