ICQueenStrength= 3.78267466230318
RQWkrDrnRatio= 4.89380320440978
ICDroneMiteSurvivorship= 14.549125963822
ICWorkerMiteSurvivorship= 26.2238240335137
ICForagerLifespan= 8.52734258119017
ImmType= Tangent
RQQueenStrength= 5.86528629786335
RQEnableReQueen= true
AIAdultSlope= 3.26180090941489
AIAdultLD50= 29.8789607840169
AIAdultSlopeContact= 6.33125012228265
AIAdultLD50Contact= 70.8115907723939
AILarvaSlope= 7.66646012663841
AILarvaLD50= 13.4699109420625
AIKOW= 70126.3904177162
AIKOC= 81815.8388397621
AIHalfLife= 22.1308897170937
EAppRate= 1.75049363643699
FoliarEnabled= true
FoliarAppDate= 06/07/1989
FoliarForageBegin= 06/05/1989
FoliarForageEnd= 06/28/1989
AIContactFactor= 0.648980952748097
CL4Pollen= 2.1032296018675
CL4Nectar= 53.3365616807714
CL5Pollen= 3.47865640092641
CL5Nectar= 63.6162613984197
CLDPollen= 3.83963378705084
CLDNectar= 19.0978258266114
CA13Pollen= 3.47731986157596
CA13Nectar= 86.6883398219943
CA410Pollen= 8.3128504761029
CA410Nectar= 38.2826219080016
CA1120Pollen= 1.3864048726391
CA1120Nectar= 44.3819647096097
IPollenTrips= 13.2013634662144
INectarTrips= 11.1801352375187
IPollenLoad= 5.20113130100071
INectarLoad= 6.51186671573669
