ICQueenStrength= 3.1984050842002
RQWkrDrnRatio= 2.6464152559638
ICDroneMiteSurvivorship= 13.7915757251903
ICWorkerMiteSurvivorship= 48.147834953852
ICForagerLifespan= 9.27274897415191
ImmType= Sine
RQQueenStrength= 5.43621663725935
RQEnableReQueen= true
AIAdultSlope= 3.09106163866818
AIAdultLD50= 97.7422694139555
AIAdultSlopeContact= 1.79788672155701
AIAdultLD50Contact= 57.0129953781732
AILarvaSlope= 1.10092106647789
AILarvaLD50= 52.55631637086
AIKOW= 22253.5204821876
AIKOC= 72833.3086269391
AIHalfLife= 32.4758692635689
EAppRate= 2.43963285528845
FoliarEnabled= true
FoliarAppDate= 06/07/1989
FoliarForageBegin= 06/05/1989
FoliarForageEnd= 06/28/1989
AIContactFactor= 2.37006267178804
CL4Pollen= 3.66149980481714
CL4Nectar= 60.0007818546146
CL5Pollen= 0.409562048502266
CL5Nectar= 100.909826229326
CLDPollen= 1.3320731590502
CLDNectar= 4.42025737138465
CA13Pollen= 7.99151550028473
CA13Nectar= 50.1002975739539
CA410Pollen= 9.44394103751983
CA410Nectar= 71.3009153306484
CA1120Pollen= 1.89516382059082
CA1120Nectar= 63.4237668476999
IPollenTrips= 5.80357339698821
INectarTrips= 11.7305231420323
IPollenLoad= 1.28802510211244
INectarLoad= 2.04354533459991
