ICQueenStrength= 4.93857280374505
RQWkrDrnRatio= 4.60947813652456
ICDroneMiteSurvivorship= 12.0936191640794
ICWorkerMiteSurvivorship= 32.6738304225728
ICForagerLifespan= 14.3727394444868
ImmType= Sine
RQQueenStrength= 5.83581444947049
RQEnableReQueen= true
AIAdultSlope= 1.18074245378375
AIAdultLD50= 63.9960387660712
AIAdultSlopeContact= 6.03315710905008
AIAdultLD50Contact= 27.0144050798332
AILarvaSlope= 4.40316835045815
AILarvaLD50= 72.7548977779066
AIKOW= 4131.75364376567
AIKOC= 65691.1555371212
AIHalfLife= 34.6354752807412
EAppRate= 6.40014865412563
FoliarEnabled= true
FoliarAppDate= 06/07/1989
FoliarForageBegin= 06/05/1989
FoliarForageEnd= 06/28/1989
AIContactFactor= 1.1441506132111
CL4Pollen= 0.715530136600137
CL4Nectar= 11.2481388496235
CL5Pollen= 2.73873612144962
CL5Nectar= 37.113371619489
CLDPollen= 1.8120058933273
CLDNectar= 11.505165102426
CA13Pollen= 2.81012106202543
CA13Nectar= 22.2427831031382
CA410Pollen= 7.95154315491673
CA410Nectar= 117.722816229798
CA1120Pollen= 0.623207844095305
CA1120Nectar= 94.866632129997
IPollenTrips= 10.9083466348238
INectarTrips= 7.23810511641204
IPollenLoad= 6.87170929973945
INectarLoad= 9.67769636306912
