ICQueenStrength= 4.01785586518236
RQWkrDrnRatio= 1.16339520830661
ICDroneMiteSurvivorship= 22.4123500753194
ICWorkerMiteSurvivorship= 25.1314720604569
ICForagerLifespan= 10.7316206125543
ImmType= Sine
RQQueenStrength= 1.4949189175386
RQEnableReQueen= true
AIAdultSlope= 2.89553637802601
AIAdultLD50= 97.4129829818024
AIAdultSlopeContact= 2.46800829004496
AIAdultLD50Contact= 60.6786150386354
AILarvaSlope= 4.70949841476977
AILarvaLD50= 95.1705942683553
AIKOW= 94499.930637484
AIKOC= 7101.8271115711
AIHalfLife= 14.9416433105711
EAppRate= 1.42826402344718
FoliarEnabled= true
FoliarAppDate= 06/07/1989
FoliarForageBegin= 06/05/1989
FoliarForageEnd= 06/28/1989
AIContactFactor= 1.40093922926113
CL4Pollen= 3.85873810574412
CL4Nectar= 14.1705064103007
CL5Pollen= 2.83432812988758
CL5Nectar= 93.5418614884838
CLDPollen= 5.88822472561151
CLDNectar= 17.4415498157032
CA13Pollen= 3.91892838459462
CA13Nectar= 57.3076472617686
CA410Pollen= 8.53650019529741
CA410Nectar= 100.925800912082
CA1120Pollen= 1.7150452262722
CA1120Nectar= 94.7472302243114
IPollenTrips= 13.4827210917138
INectarTrips= 13.5053347656503
IPollenLoad= 7.1669729356654
INectarLoad= 5.33054678933695
ESoilP= 1.2763765163254
ESoilFoc= 0.0105883716591634
