ICQueenStrength= 4.84292786358856
RQWkrDrnRatio= 1.06050901208073
ICDroneMiteSurvivorship= 23.5486436169595
ICWorkerMiteSurvivorship= 22.6667980430648
ICForagerLifespan= 10.5538870273158
ImmType= Sine
RQQueenStrength= 1.88960241293535
RQEnableReQueen= true
AIAdultSlope= 1.03149978630245
AIAdultLD50= 28.2814482271548
AIAdultSlopeContact= 4.37974375276826
AIAdultLD50Contact= 18.8280273565422
AILarvaSlope= 7.86845426261425
AILarvaLD50= 6.86480057573831
AIKOW= 8736.73555843475
AIKOC= 45511.5525714122
AIHalfLife= 30.2233563825022
EAppRate= 4.80089088987606
FoliarEnabled= true
FoliarAppDate= 06/07/1989
FoliarForageBegin= 06/05/1989
FoliarForageEnd= 06/28/1989
AIContactFactor= 1.22436666911468
CL4Pollen= 2.03909740690142
CL4Nectar= 64.8255470441654
CL5Pollen= 2.58567620208487
CL5Nectar= 39.1408424824476
CLDPollen= 3.26364171691239
CLDNectar= 8.39325513225049
CA13Pollen= 5.8339152273722
CA13Nectar= 33.5577850416303
CA410Pollen= 3.62974841124378
CA410Nectar= 54.206880191341
CA1120Pollen= 2.71741785854101
CA1120Nectar= 58.0467103421688
IPollenTrips= 9.26396633964032
INectarTrips= 6.43961742753163
IPollenLoad= 6.44185027340427
INectarLoad= 6.46923448191956
ESoilP= 1.88582035969011
ESoilFoc= 0.00366947392583825
