ICQueenStrength= 3.64960134681314
RQWkrDrnRatio= 1.12477587442845
ICDroneMiteSurvivorship= 83.6079227272421
ICWorkerMiteSurvivorship= 20.0499342288822
ICForagerLifespan= 9.71911344211549
ImmType= Logarithmic
RQQueenStrength= 4.63317226525396
RQEnableReQueen=true
AIAdultSlope= 7.54005891084671
AIAdultLD50= 0.0258347569163889
AIAdultSlopeContact= 1.78103340906091
AIAdultLD50Contact= 95.3783883244486
AILarvaSlope= 7.80482165329158
AILarvaLD50= 86.3237832661043
AIKOW= 12411.3232174548
AIKOC= 22187.3950351393
AIHalfLife= 23.950747221522
EAppRate= 3.91657907764846
FoliarEnabled=true
FoliarAppDate= 07/01/1989
FoliarForageBegin= 07/01/1989
FoliarForageEnd= 07/14/1989
AIContactFactor= 1.04900640204083
CL4Pollen= 3.02901739533991
CL4Nectar= 83.0207939725369
CL5Pollen= 0.924897804390639
CL5Nectar= 143.863463262096
CLDPollen= 3.69974339939654
CLDNectar= 72.7881485363469
CA13Pollen= 4.98482358437031
CA13Nectar= 48.119538128376
CA410Pollen= 4.34553686256986
CA410Nectar= 179.676070725545
CA1120Pollen= 1.97102549043484
CA1120Nectar= 89.6645131334662
IPollenTrips= 9.71945286961272
INectarTrips= 14.5780301932245
IPollenLoad= 8.38061870075762
INectarLoad= 1.95441011572257
