ICQueenStrength= 3.5622642505914
RQWkrDrnRatio= 2.19905527215451
ICDroneMiteSurvivorship= 32.0350565714762
ICWorkerMiteSurvivorship= 44.1753063816577
ICForagerLifespan= 9.62445050198585
ImmType= Polynomial
RQQueenStrength= 4.56671742978506
RQEnableReQueen= true
AIAdultSlope= 5.17635319195688
AIAdultLD50= 56.5629237626854
AIAdultSlopeContact= 3.13557721488178
AIAdultLD50Contact= 91.4844091389095
AILarvaSlope= 7.20262783952057
AILarvaLD50= 36.4158747821797
AIKOW= 88219.1491219768
AIKOC= 3917.01049503032
AIHalfLife= 33.983471018821
EAppRate= 8.01158929274091
FoliarEnabled= true
FoliarAppDate= 06/07/1989
FoliarForageBegin= 06/05/1989
FoliarForageEnd= 06/28/1989
AIContactFactor= 1.83399005027954
CL4Pollen= 1.26570129580796
CL4Nectar= 88.0905594676733
CL5Pollen= 4.03311574319378
CL5Nectar= 55.8309489511885
CLDPollen= 3.31077069696039
CLDNectar= 30.5819978937507
CA13Pollen= 5.69869377491996
CA13Nectar= 30.6317411549389
CA410Pollen= 2.87293282828759
CA410Nectar= 75.0668461294845
CA1120Pollen= 0.694742667255923
CA1120Nectar= 23.2952787354589
IPollenTrips= 10.4529450810514
INectarTrips= 6.25882028136402
IPollenLoad= 5.45746452407911
INectarLoad= 5.53998387418687
ESoilP= 1.6438942621462
ESoilFoc= 0.0137386178006418
