ICQueenStrength= 1.40926254005171
RQWkrDrnRatio= 3.26573680527508
ICDroneMiteSurvivorship= 10.2451853221282
ICWorkerMiteSurvivorship= 66.6657393798232
ICForagerLifespan= 13.4792744768783
ImmType= Cosine
RQQueenStrength= 3.6144174602814
RQEnableReQueen= true
AIAdultSlope= 5.04601051472127
AIAdultLD50= 0.613156763183186
AIAdultSlopeContact= 7.62399165611714
AIAdultLD50Contact= 79.9991411247612
AILarvaSlope= 6.39092892035842
AILarvaLD50= 97.8717292215321
AIKOW= 99598.4687172939
AIKOC= 80194.7316709682
AIHalfLife= 23.8977791085141
EAppRate= 9.30132666787179
FoliarEnabled= true
FoliarAppDate= 09/01/1989
FoliarForageBegin= 09/01/1989
FoliarForageEnd= 09/08/1989
AIContactFactor= 0.89741551917512
CL4Pollen= 3.90288516040891
CL4Nectar= 36.453068559058
CL5Pollen= 5.40465268911794
CL5Nectar= 115.275975689292
CLDPollen= 3.1826593237929
CLDNectar= 4.06323334900662
CA13Pollen= 6.99165155766532
CA13Nectar= 97.1056745573878
CA410Pollen= 2.50137304218952
CA410Nectar= 33.3723979210481
CA1120Pollen= 2.57565257395618
CA1120Nectar= 80.0822461023927
IPollenTrips= 5.74203783879057
INectarTrips= 7.87789543624967
IPollenLoad= 9.88972544204444
INectarLoad= 9.44565407000482
