ICQueenStrength= 1.49106517224573
RQWkrDrnRatio= 2.13403828628361
ICDroneMiteSurvivorship= 29.1090511251241
ICWorkerMiteSurvivorship= 91.3872328121215
ICForagerLifespan= 11.5094856377691
ImmType= Exponential
RQQueenStrength= 5.32224369142205
RQEnableReQueen= true
AIAdultSlope= 4.88828109204769
AIAdultLD50= 24.4513832081184
AIAdultSlopeContact= 2.41096243169159
AIAdultLD50Contact= 89.1117088387769
AILarvaSlope= 7.35591106675565
AILarvaLD50= 25.111046733385
AIKOW= 68267.2534205746
AIKOC= 88098.7240376468
AIHalfLife= 24.3947156716604
EAppRate= 4.95872492382792
FoliarEnabled= true
FoliarAppDate= 06/07/1989
FoliarForageBegin= 06/05/1989
FoliarForageEnd= 06/28/1989
AIContactFactor= 0.979042177158408
CL4Pollen= 0.632375933229923
CL4Nectar= 43.0082829669118
CL5Pollen= 0.582851881161332
CL5Nectar= 117.750533216167
CLDPollen= 2.51957978121936
CLDNectar= 29.5848882640712
CA13Pollen= 6.21335783163086
CA13Nectar= 36.2493983656168
CA410Pollen= 9.36945107826032
CA410Nectar= 154.007237874903
CA1120Pollen= 1.96977283526212
CA1120Nectar= 67.5561457313597
IPollenTrips= 7.74621184915304
INectarTrips= 6.12242134520784
IPollenLoad= 8.83004645816982
INectarLoad= 5.86629721103236
