ICQueenStrength= 1.76650724746287
RQWkrDrnRatio= 2.85406675655395
ICDroneMiteSurvivorship= 93.3626322774217
ICWorkerMiteSurvivorship= 50.7561486680061
ICForagerLifespan= 9.27422852255404
ImmType= Logarithmic
RQQueenStrength= 4.54239682550542
RQEnableReQueen= true
AIAdultSlope= 5.67367709241807
AIAdultLD50= 20.2878643629125
AIAdultSlopeContact= 7.30187517590821
AIAdultLD50Contact= 46.8135195003792
AILarvaSlope= 4.01206497475505
AILarvaLD50= 72.5366657490423
AIKOW= 43192.8217174718
AIKOC= 14553.6780190384
AIHalfLife= 3.15909479977563
EAppRate= 9.47309518850548
FoliarEnabled= true
FoliarAppDate= 06/07/1989
FoliarForageBegin= 06/05/1989
FoliarForageEnd= 06/28/1989
AIContactFactor= 2.30755543209147
CL4Pollen= 0.548569489270449
CL4Nectar= 22.6894595427439
CL5Pollen= 0.182391727343202
CL5Nectar= 41.7552754981443
CLDPollen= 3.36097133159637
CLDNectar= 86.8466720217839
CA13Pollen= 8.18962332541123
CA13Nectar= 60.5546965636313
CA410Pollen= 4.89197457921691
CA410Nectar= 118.000828367658
CA1120Pollen= 0.812700342619792
CA1120Nectar= 30.9767626971006
IPollenTrips= 13.652922057081
INectarTrips= 14.4294036086649
IPollenLoad= 0.54213885916397
INectarLoad= 8.74389481032267
