ICQueenStrength= 5.31814068579115
RQWkrDrnRatio= 3.03670285455883
ICDroneMiteSurvivorship= 57.2854676283896
ICWorkerMiteSurvivorship= 30.4111520759761
ICForagerLifespan= 4.52017868403345
ImmType= Tangent
RQQueenStrength= 4.61915967194363
RQEnableReQueen= true
AIAdultSlope= 2.81047562882304
AIAdultLD50= 24.1868137577821
AIAdultSlopeContact= 1.75532440212555
AIAdultLD50Contact= 1.89285243676044
AILarvaSlope= 4.53016665019095
AILarvaLD50= 42.4120068573873
AIKOW= 32635.5930494134
AIKOC= 26821.0202792373
AIHalfLife= 19.4886586184613
EAppRate= 1.11737186584575
FoliarEnabled= true
FoliarAppDate= 06/07/1989
FoliarForageBegin= 06/05/1989
FoliarForageEnd= 06/28/1989
AIContactFactor= 0.678346628048457
CL4Pollen= 0.260393525473773
CL4Nectar= 21.5134277706966
CL5Pollen= 3.27993815252557
CL5Nectar= 147.66285137739
CLDPollen= 5.01286365184933
CLDNectar= 11.8947471957654
CA13Pollen= 2.4363411905244
CA13Nectar= 89.1219576820731
CA410Pollen= 9.33385730066802
CA410Nectar= 65.7237434340641
CA1120Pollen= 2.16529090376571
CA1120Nectar= 69.0803415700793
IPollenTrips= 6.2441561347805
INectarTrips= 9.85785507131368
IPollenLoad= 9.73633184563369
INectarLoad= 7.07015158375725
ESoilP= 1.03585647512227
ESoilFoc= 0.0114005151039455
