ICQueenStrength= 5.81956214294769
RQWkrDrnRatio= 4.85682280920446
ICDroneMiteSurvivorship= 69.3873664131388
ICWorkerMiteSurvivorship= 7.2985552251339
ICForagerLifespan= 8.24339292105287
ImmType= Logarithmic
RQQueenStrength= 3.2392883291468
RQEnableReQueen= true
AIAdultSlope= 7.16768262721598
AIAdultLD50= 93.5563562799147
AIAdultSlopeContact= 1.10428502201103
AIAdultLD50Contact= 55.5862194337943
AILarvaSlope= 1.75524309836328
AILarvaLD50= 77.9319309456803
AIKOW= 73565.7706748266
AIKOC= 37845.8930703953
AIHalfLife= 12.5730004087323
EAppRate= 0.614535640783375
FoliarEnabled= true
FoliarAppDate= 06/07/1989
FoliarForageBegin= 06/05/1989
FoliarForageEnd= 06/28/1989
AIContactFactor= 1.88206581330858
CL4Pollen= 0.793678055517375
CL4Nectar= 50.4797657253221
CL5Pollen= 4.79587696446106
CL5Nectar= 112.136432784609
CLDPollen= 3.40271183755249
CLDNectar= 134.564356436022
CA13Pollen= 4.78657854050398
CA13Nectar= 30.9601643495262
CA410Pollen= 9.42491542699281
CA410Nectar= 177.049586866051
CA1120Pollen= 2.82748217205517
CA1120Nectar= 85.7497370243073
IPollenTrips= 11.7942932597362
INectarTrips= 13.0275044357404
IPollenLoad= 2.64220226556063
INectarLoad= 0.147763958666474
