ICQueenStrength= 3.4701454648748
RQWkrDrnRatio= 1.50751314498484
ICDroneMiteSurvivorship= 91.2743791006505
ICWorkerMiteSurvivorship= 73.4103393740952
ICForagerLifespan= 12.394201233983
ImmType= Cosine
RQQueenStrength= 4.7115107467398
RQEnableReQueen=true
AIAdultSlope= 8.67812004126608
AIAdultLD50= 0.744062618823955
AIAdultSlopeContact= 6.4559220680967
AIAdultLD50Contact= 98.77671637576
AILarvaSlope= 1.78908456489444
AILarvaLD50= 90.488288651448
AIKOW= 9897.05272925204
AIKOC= 63646.5709618065
AIHalfLife= 32.1261216256069
EAppRate= 4.53580064709787
FoliarEnabled=true
FoliarAppDate= 07/01/1989
FoliarForageBegin= 07/01/1989
FoliarForageEnd= 07/14/1989
AIContactFactor= 1.62631837323308
CL4Pollen= 0.530960530973971
CL4Nectar= 18.4245255310088
CL5Pollen= 4.92088101385161
CL5Nectar= 140.310682647396
CLDPollen= 3.2541140075773
CLDNectar= 137.846448412165
CA13Pollen= 4.08314540218562
CA13Nectar= 57.5514699146152
CA410Pollen= 6.30690563337412
CA410Nectar= 32.3785417061299
CA1120Pollen= 2.36493285535835
CA1120Nectar= 75.3357383608818
IPollenTrips= 8.62491105915979
INectarTrips= 9.77390451356769
IPollenLoad= 2.95112630585209
INectarLoad= 7.66688085626811
