ICQueenStrength= 4.75302388425916
RQWkrDrnRatio= 1.9977227319032
ICDroneMiteSurvivorship= 42.5891005666927
ICWorkerMiteSurvivorship= 78.4201021771878
ICForagerLifespan= 5.19913244619966
ImmType= Polynomial
RQQueenStrength= 4.91667366027832
RQEnableReQueen=true
AIAdultSlope= 5.81228545308113
AIAdultLD50= 0.956095313409111
AIAdultSlopeContact= 9.44537904555909
AIAdultLD50Contact= 80.968600209004
AILarvaSlope= 7.00107727758586
AILarvaLD50= 0.0723862324957736
AIKOW= 63867.8859497016
AIKOC= 82296.2020244303
AIHalfLife= 5.3153682600474
EAppRate= 5.83542384689744
FoliarEnabled=true
FoliarAppDate= 07/01/1989
FoliarForageBegin= 07/01/1989
FoliarForageEnd= 07/14/1989
AIContactFactor= 0.985860528666526
CL4Pollen= 2.9704015487805
CL4Nectar= 45.4519576625898
CL5Pollen= 0.539647795725614
CL5Nectar= 11.3817959558219
CLDPollen= 4.23514186218381
CLDNectar= 9.62696968344972
CA13Pollen= 3.23920429758728
CA13Nectar= 66.9737221673131
CA410Pollen= 8.52991253675427
CA410Nectar= 32.6185160968453
CA1120Pollen= 1.2154162642546
CA1120Nectar= 71.6922884620726
IPollenTrips= 7.70768617745489
INectarTrips= 5.64471687888727
IPollenLoad= 5.52389960503206
INectarLoad= 6.25938818557188
