ICQueenStrength= 5.67337460024282
RQWkrDrnRatio= 2.01492244470865
ICDroneMiteSurvivorship= 44.2672672914341
ICWorkerMiteSurvivorship= 70.8468597847968
ICForagerLifespan= 14.6400672094896
ImmType= Logarithmic
RQQueenStrength= 2.63425359991379
RQEnableReQueen= true
AIAdultSlope= 6.36384245567024
AIAdultLD50= 51.7492358748016
AIAdultSlopeContact= 9.00503330654465
AIAdultLD50Contact= 17.9583415383559
AILarvaSlope= 1.67702847905457
AILarvaLD50= 4.28072112911264
AIKOW= 81826.8903543455
AIKOC= 99076.0200389274
AIHalfLife= 30.6168774045305
EAppRate= 2.20261111575039
FoliarEnabled= true
FoliarAppDate= 06/07/1989
FoliarForageBegin= 06/05/1989
FoliarForageEnd= 06/28/1989
AIContactFactor= 1.87335932268295
CL4Pollen= 2.13076796289533
CL4Nectar= 21.2155723711476
CL5Pollen= 4.40695625077933
CL5Nectar= 64.5372872357257
CLDPollen= 5.59049932658672
CLDNectar= 27.1139959339052
CA13Pollen= 3.89908214034513
CA13Nectar= 72.8525136597455
CA410Pollen= 7.07895020816941
CA410Nectar= 32.246834305115
CA1120Pollen= 2.13937945780344
CA1120Nectar= 21.9132155179977
IPollenTrips= 8.12674367567524
INectarTrips= 11.9141063652933
IPollenLoad= 1.83638914953917
INectarLoad= 1.13852071808651
ESoilP= 1.31682421709411
ESoilFoc= 0.00435667704651132
