ICQueenStrength= 3.27271113195457
RQWkrDrnRatio= 4.56560091674328
ICDroneMiteSurvivorship= 16.8478877516463
ICWorkerMiteSurvivorship= 37.9913810873404
ICForagerLifespan= 4.28405950218439
ImmType= Logarithmic
RQQueenStrength= 4.55408304254524
RQEnableReQueen= true
AIAdultSlope= 8.65798236988485
AIAdultLD50= 68.1493785435928
AIAdultSlopeContact= 3.14590241201222
AIAdultLD50Contact= 99.4379009684108
AILarvaSlope= 2.64176605828106
AILarvaLD50= 51.8085464667219
AIKOW= 70798.9018042054
AIKOC= 57291.9484496093
AIHalfLife= 31.010881520994
EAppRate= 8.71612233026139
FoliarEnabled= true
FoliarAppDate= 06/07/1989
FoliarForageBegin= 06/05/1989
FoliarForageEnd= 06/28/1989
AIContactFactor= 2.03551152677275
CL4Pollen= 0.401691627688706
CL4Nectar= 42.7885103272274
CL5Pollen= 2.72738937987015
CL5Nectar= 108.764275792055
CLDPollen= 0.238697620108724
CLDNectar= 51.618598785717
CA13Pollen= 3.3762810354121
CA13Nectar= 51.5981106460094
CA410Pollen= 2.90289460704662
CA410Nectar= 113.829066185281
CA1120Pollen= 2.84312574123032
CA1120Nectar= 56.0947550088167
IPollenTrips= 8.75337254721671
INectarTrips= 6.59492589067668
IPollenLoad= 9.20217065839097
INectarLoad= 9.01341231074184
ESoilP= 1.2066864122171
ESoilFoc= 0.0107400585820433
