ICQueenStrength= 3.86282160435803
RQWkrDrnRatio= 4.89065377879888
ICDroneMiteSurvivorship= 11.8794254492968
ICWorkerMiteSurvivorship= 19.509409298189
ICForagerLifespan= 14.1690424978733
ImmType= Tangent
AIAdultSlope= 1.65396576151717
AIAdultLD50= 0.0977405617479235
AIAdultSlopeContact= 0.549564026508015
AIAdultLD50Contact= 0.0212245572474785
AILarvaSlope= 1.42529356172308
AILarvaLD50= 0.604888925724663
AIKOW= 3.93394523393363
AIKOC= 14.6708316763397
AIHalfLife= 2.73976806229912
EAppRate= 7.14705360820517
FoliarEnabled= true
