ICQueenStrength= 1.01304718200117
RQWkrDrnRatio= 2.07768598198891
ICDroneMiteSurvivorship= 60.3685597423464
ICWorkerMiteSurvivorship= 20.0062751304358
ICForagerLifespan= 14.5568685000762
ImmType= Cosine
RQQueenStrength= 3.63338452088647
RQEnableReQueen= true
AIAdultSlope= 5.61207565478981
AIAdultLD50= 12.3122147050134
AIAdultSlopeContact= 2.96698851161636
AIAdultLD50Contact= 99.6352520692071
AILarvaSlope= 5.34691229462624
AILarvaLD50= 92.16078407949
AIKOW= 45440.4445907923
AIKOC= 74900.0055592817
AIHalfLife= 17.5795445254073
EAppRate= 4.73867874505627
FoliarEnabled= true
FoliarAppDate= 06/07/1989
FoliarForageBegin= 06/05/1989
FoliarForageEnd= 06/28/1989
AIContactFactor= 1.23356897535734
CL4Pollen= 0.965177020989358
CL4Nectar= 51.9597436999902
CL5Pollen= 0.0533611415885389
CL5Nectar= 58.7319830898196
CLDPollen= 3.37778841610998
CLDNectar= 62.5525677460246
CA13Pollen= 5.79416645858437
CA13Nectar= 83.6096205562353
CA410Pollen= 2.62122801307123
CA410Nectar= 160.873717428185
CA1120Pollen= 2.58825719123706
CA1120Nectar= 86.3960308022797
IPollenTrips= 7.15105290757492
INectarTrips= 8.57724042143673
IPollenLoad= 0.164773133583367
INectarLoad= 4.56431352300569
