ICQueenStrength= 4.36472335970029
RQWkrDrnRatio= 2.43570321984589
ICDroneMiteSurvivorship= 42.9645944386721
ICWorkerMiteSurvivorship= 85.3935463353992
ICForagerLifespan= 15.4241253659129
ImmType= Logarithmic
RQQueenStrength= 4.92506725853309
RQEnableReQueen= true
AIAdultSlope= 5.01255763508379
AIAdultLD50= 5.43450543137291
AIAdultSlopeContact= 2.75934526300989
AIAdultLD50Contact= 32.0260870006233
AILarvaSlope= 6.99651052616537
AILarvaLD50= 1.75804391086102
AIKOW= 33570.7155594517
AIKOC= 46684.4528001302
AIHalfLife= 2.97470857005101
EAppRate= 1.01223560317303
FoliarEnabled= true
FoliarAppDate= 06/07/1989
FoliarForageBegin= 06/05/1989
FoliarForageEnd= 06/28/1989
AIContactFactor= 0.81292281484697
CL4Pollen= 2.10270872153342
CL4Nectar= 6.04098248295486
CL5Pollen= 2.43945558043197
CL5Nectar= 37.6064174808562
CLDPollen= 0.979009004775435
CLDNectar= 141.893847612664
CA13Pollen= 4.29834751114249
CA13Nectar= 73.9761564135551
CA410Pollen= 3.8944871825166
CA410Nectar= 128.808389608748
CA1120Pollen= 0.0988467733841389
CA1120Nectar= 87.60054346174
IPollenTrips= 5.32314493088052
INectarTrips= 14.0891210013069
IPollenLoad= 3.69109912775457
INectarLoad= 2.39800079260021
