ICQueenStrength= 2.88658582163043
RQWkrDrnRatio= 2.09230946283787
ICDroneMiteSurvivorship= 62.7998738083988
ICWorkerMiteSurvivorship= 2.48161980416626
ICForagerLifespan= 10.1376324594021
ImmType= Logarithmic
AIAdultSlope= 2.05304449151969
AIAdultLD50= 0.0723826369736344
AIAdultSlopeContact= 1.03019759739283
AIAdultLD50Contact= 0.0473255377612077
AILarvaSlope= 1.02040807134472
AILarvaLD50= 0.223064894322306
AIKOW= 3.48112495802343
AIKOC= 21.283350775484
AIHalfLife= 0.874390555918217
EAppRate= 9.56418644636869
FoliarEnabled= true
