ICQueenStrength= 5.6181992883794
RQWkrDrnRatio= 3.86718420218676
ICDroneMiteSurvivorship= 23.3298630919307
ICWorkerMiteSurvivorship= 68.9375019865111
ICForagerLifespan= 5.3581829816103
ImmType= Cosine
RQQueenStrength= 2.82683588471264
RQEnableReQueen= true
AIAdultSlope= 6.22243204899132
AIAdultLD50= 0.740108145252103
AIAdultSlopeContact= 9.61461942922324
AIAdultLD50Contact= 80.3409193315378
AILarvaSlope= 3.26799711771309
AILarvaLD50= 14.5504739754596
AIKOW= 8220.80681539775
AIKOC= 65127.5050307699
AIHalfLife= 1.31653543224093
EAppRate= 2.31802972291643
FoliarEnabled= true
FoliarAppDate= 09/01/1989
FoliarForageBegin= 09/01/1989
FoliarForageEnd= 09/08/1989
AIContactFactor= 1.51671923839021
CL4Pollen= 2.86567746475339
CL4Nectar= 63.893990428187
CL5Pollen= 1.04900762764737
CL5Nectar= 105.651134764776
CLDPollen= 2.07113122567534
CLDNectar= 50.4195739631541
CA13Pollen= 7.63131933966651
CA13Nectar= 75.4982947744429
CA410Pollen= 4.60760711934418
CA410Nectar= 88.060851204209
CA1120Pollen= 0.825102291768417
CA1120Nectar= 48.0206701345742
IPollenTrips= 13.371194282081
INectarTrips= 7.78788939351216
IPollenLoad= 6.84993314789608
INectarLoad= 1.58110006013885
