ICQueenStrength= 3.81705726520158
RQWkrDrnRatio= 1.36517762113363
ICDroneMiteSurvivorship= 63.2038025185466
ICWorkerMiteSurvivorship= 72.0991855021566
ICForagerLifespan= 14.5863755987957
ImmType= Logarithmic
RQQueenStrength= 4.63100093556568
RQEnableReQueen= true
AIAdultSlope= 3.92362480610609
AIAdultLD50= 72.7407310363825
AIAdultSlopeContact= 1.86652218713425
AIAdultLD50Contact= 47.2230158925231
AILarvaSlope= 6.07674255035818
AILarvaLD50= 22.6002538639649
AIKOW= 27140.0216950862
AIKOC= 2256.88216204895
AIHalfLife= 29.0923215470975
EAppRate= 0.844772298263852
FoliarEnabled= true
FoliarAppDate= 06/07/1989
FoliarForageBegin= 06/05/1989
FoliarForageEnd= 06/28/1989
AIContactFactor= 1.9037416507164
CL4Pollen= 1.79936428181827
CL4Nectar= 56.9067296106368
CL5Pollen= 5.16289723059162
CL5Nectar= 50.7025754079223
CLDPollen= 4.56226656306535
CLDNectar= 67.4747963086702
CA13Pollen= 7.43337545059621
CA13Nectar= 87.7279307693243
CA410Pollen= 4.67429405173752
CA410Nectar= 65.1588597800583
CA1120Pollen= 0.640413709916174
CA1120Nectar= 61.1374087445438
IPollenTrips= 12.5330398418009
INectarTrips= 12.9135190322995
IPollenLoad= 3.93908222904429
INectarLoad= 2.67814057646319
ESoilP= 1.07785671344027
ESoilFoc= 0.014253195772646
