ICQueenStrength= 4.97271693916991
RQWkrDrnRatio= 2.14224748592824
ICDroneMiteSurvivorship= 6.96666717994958
ICWorkerMiteSurvivorship= 58.8695972459391
ICForagerLifespan= 6.89441824238747
ImmType= Tangent
RQQueenStrength= 4.2883456768468
RQEnableReQueen= true
AIAdultSlope= 1.40556070953608
AIAdultLD50= 75.1331126399711
AIAdultSlopeContact= 9.46082522301003
AIAdultLD50Contact= 15.8531222997743
AILarvaSlope= 6.87428619153798
AILarvaLD50= 99.1899692897922
AIKOW= 81666.8248907755
AIKOC= 17512.3169213627
AIHalfLife= 14.3633913059486
EAppRate= 2.2889680751164
FoliarEnabled= true
FoliarAppDate= 06/07/1989
FoliarForageBegin= 06/05/1989
FoliarForageEnd= 06/28/1989
AIContactFactor= 1.65139701990876
CL4Pollen= 1.79159091878682
CL4Nectar= 43.6554906889796
CL5Pollen= 1.14562459057197
CL5Nectar= 27.3681897553615
CLDPollen= 0.356671061832458
CLDNectar= 11.2470390857197
CA13Pollen= 4.15627878280357
CA13Nectar= 27.8142628446221
CA410Pollen= 7.70176772144623
CA410Nectar= 50.9764685155824
CA1120Pollen= 1.23420959268697
CA1120Nectar= 36.2521336600184
IPollenTrips= 9.0846864762716
INectarTrips= 10.104111302644
IPollenLoad= 2.71401534089819
INectarLoad= 4.879149813205
ESoilP= 1.81665638042614
ESoilFoc= 0.0142552339064423
