ICQueenStrength= 2.25837733503431
RQWkrDrnRatio= 2.92215121537447
ICDroneMiteSurvivorship= 57.3408395517617
ICWorkerMiteSurvivorship= 81.4641698030755
ICForagerLifespan= 14.0290890196338
ImmType= Logarithmic
RQQueenStrength= 4.63313390873373
RQEnableReQueen=true
AIAdultSlope= 8.85487069189548
AIAdultLD50= 0.810476118858205
AIAdultSlopeContact= 9.62611313280649
AIAdultLD50Contact= 31.750812709701
AILarvaSlope= 2.85729566030204
AILarvaLD50= 26.3032367880296
AIKOW= 58859.6732750622
AIKOC= 50368.3913225955
AIHalfLife= 33.8593119461089
EAppRate= 7.7888639761759
FoliarEnabled=true
FoliarAppDate= 07/01/1989
FoliarForageBegin= 07/01/1989
FoliarForageEnd= 07/14/1989
AIContactFactor= 1.09472963145468
CL4Pollen= 2.28772153612226
CL4Nectar= 56.3978149555624
CL5Pollen= 1.03756511025131
CL5Nectar= 72.7290977840312
CLDPollen= 5.56284894654527
CLDNectar= 41.9220773270354
CA13Pollen= 2.40025137951598
CA13Nectar= 48.9218827709556
CA410Pollen= 6.85604257574305
CA410Nectar= 128.623798224144
CA1120Pollen= 0.017576819518581
CA1120Nectar= 28.622489888221
IPollenTrips= 7.21316617215052
INectarTrips= 8.37302574655041
IPollenLoad= 0.999633697792888
INectarLoad= 7.03868118813261
