ICQueenStrength= 3.0838199951686
RQWkrDrnRatio= 3.00593725405633
ICDroneMiteSurvivorship= 8.57612928375602
ICWorkerMiteSurvivorship= 67.8502155467868
ICForagerLifespan= 4.48136008437723
ImmType= Cosine
RQQueenStrength= 5.30346767767332
RQEnableReQueen= true
AIAdultSlope= 8.29295445419848
AIAdultLD50= 46.7928297010753
AIAdultSlopeContact= 4.19262923090719
AIAdultLD50Contact= 96.4105301462342
AILarvaSlope= 4.49494018964469
AILarvaLD50= 95.4330485200123
AIKOW= 42743.845514798
AIKOC= 35452.2312137492
AIHalfLife= 6.46489839174319
EAppRate= 6.53359176123003
FoliarEnabled= true
FoliarAppDate= 06/07/1989
FoliarForageBegin= 06/05/1989
FoliarForageEnd= 06/28/1989
AIContactFactor= 0.441453784350306
CL4Pollen= 3.10500904265791
CL4Nectar= 84.1467480408028
CL5Pollen= 1.45192770520225
CL5Nectar= 119.768185238354
CLDPollen= 2.06195301236585
CLDNectar= 94.7748357080854
CA13Pollen= 2.85576467243955
CA13Nectar= 89.5802487805486
CA410Pollen= 4.27415257811081
CA410Nectar= 118.228254169226
CA1120Pollen= 2.24366310727783
CA1120Nectar= 36.6860114037991
IPollenTrips= 10.8593757357448
INectarTrips= 10.0599236623384
IPollenLoad= 7.46079778065905
INectarLoad= 8.24915661942214
