ICQueenStrength= 4.45074507640675
RQWkrDrnRatio= 4.93991753458977
ICDroneMiteSurvivorship= 73.244280135259
ICWorkerMiteSurvivorship= 37.4572929460555
ICForagerLifespan= 10.5158456815407
ImmType= Cosine
RQQueenStrength= 1.3046328551136
RQEnableReQueen= true
AIAdultSlope= 7.48044890537858
AIAdultLD50= 82.7636743900252
AIAdultSlopeContact= 2.39544071024284
AIAdultLD50Contact= 59.075857628162
AILarvaSlope= 5.8707892857492
AILarvaLD50= 51.4301053671984
AIKOW= 34091.0593996936
AIKOC= 78616.5016757892
AIHalfLife= 34.1010549383471
EAppRate= 5.70504461270245
FoliarEnabled= true
FoliarAppDate= 06/07/1989
FoliarForageBegin= 06/05/1989
FoliarForageEnd= 06/28/1989
AIContactFactor= 0.447831197334453
CL4Pollen= 2.57932028267533
CL4Nectar= 19.9371551861987
CL5Pollen= 4.81453434471041
CL5Nectar= 131.996430235449
CLDPollen= 3.18627061229199
CLDNectar= 94.3811762728728
CA13Pollen= 6.32221039785072
CA13Nectar= 46.6167333908379
CA410Pollen= 7.02171823468525
CA410Nectar= 137.026232783683
CA1120Pollen= 2.02986067766324
CA1120Nectar= 37.9157398827374
IPollenTrips= 11.8222712166607
INectarTrips= 7.24431247683242
IPollenLoad= 3.98425676859915
INectarLoad= 0.898872150573879
ESoilP= 1.68293222552165
ESoilFoc= 0.0101655641957186
