ICQueenStrength= 2.95892013143748
RQWkrDrnRatio= 4.38050073571503
ICDroneMiteSurvivorship= 59.2059773858637
ICWorkerMiteSurvivorship= 40.2821274474263
ICForagerLifespan= 6.59788069594651
ImmType= Exponential
RQQueenStrength= 3.95764060690999
RQEnableReQueen= true
AIAdultSlope= 8.43099515512586
AIAdultLD50= 9.40718764219736
AIAdultSlopeContact= 6.77304014493711
AIAdultLD50Contact= 66.3036246464527
AILarvaSlope= 2.97379205748439
AILarvaLD50= 5.81231219015131
AIKOW= 44084.7873257947
AIKOC= 6186.85169246327
AIHalfLife= 28.8344607183011
EAppRate= 3.04358193595288
FoliarEnabled= true
FoliarAppDate= 06/07/1989
FoliarForageBegin= 06/05/1989
FoliarForageEnd= 06/28/1989
AIContactFactor= 1.63204670108855
CL4Pollen= 0.225361917167902
CL4Nectar= 72.0970467897132
CL5Pollen= 2.54451849684119
CL5Nectar= 73.4993936377577
CLDPollen= 3.08737713424489
CLDNectar= 15.6633391859941
CA13Pollen= 4.63444648524746
CA13Nectar= 30.6129171326756
CA410Pollen= 2.31185860047117
CA410Nectar= 38.9060833724216
CA1120Pollen= 1.36221973900683
CA1120Nectar= 25.951259676367
IPollenTrips= 13.2028189115226
INectarTrips= 13.5304982890375
IPollenLoad= 8.04401203524321
INectarLoad= 1.26023152843118
