ICQueenStrength= 3.12986673112027
RQWkrDrnRatio= 3.9236796842888
ICDroneMiteSurvivorship= 26.6565102851018
ICWorkerMiteSurvivorship= 40.738308778964
ICForagerLifespan= 4.0371126588434
ImmType= Logarithmic
RQQueenStrength= 3.60742051294073
RQEnableReQueen= true
AIAdultSlope= 8.97738570161164
AIAdultLD50= 5.56993204660108
AIAdultSlopeContact= 6.3534683578182
AIAdultLD50Contact= 30.659959991887
AILarvaSlope= 1.42097861133516
AILarvaLD50= 91.0090426594343
AIKOW= 28074.215536912
AIKOC= 82125.972092927
AIHalfLife= 31.116144866636
EAppRate= 7.13839150602161
FoliarEnabled= true
FoliarAppDate= 06/07/1989
FoliarForageBegin= 06/05/1989
FoliarForageEnd= 06/28/1989
AIContactFactor= 1.30411750440951
CL4Pollen= 3.21489131357521
CL4Nectar= 75.8464264683425
CL5Pollen= 4.51948056416586
CL5Nectar= 57.0918733254075
CLDPollen= 1.89042446622625
CLDNectar= 14.7496921126731
CA13Pollen= 2.21652854168788
CA13Nectar= 82.5349611230195
CA410Pollen= 5.03972790653352
CA410Nectar= 98.804515353404
CA1120Pollen= 1.48055688338354
CA1120Nectar= 90.4334862530231
IPollenTrips= 11.0353527055122
INectarTrips= 6.47430659504607
IPollenLoad= 1.03043453767896
INectarLoad= 5.19570495467633
ESoilP= 1.9730840313714
ESoilFoc= 0.0032515921536833
