ICQueenStrength= 5.93162704166025
RQWkrDrnRatio= 1.86375570856035
ICDroneMiteSurvivorship= 93.6185759259388
ICWorkerMiteSurvivorship= 9.28977152798325
ICForagerLifespan= 6.93702476099133
ImmType= Logarithmic
RQQueenStrength= 4.58574080746621
RQEnableReQueen= true
AIAdultSlope= 2.75741762109101
AIAdultLD50= 42.8495574084495
AIAdultSlopeContact= 2.4766921387054
AIAdultLD50Contact= 73.9019945058995
AILarvaSlope= 8.5457289069891
AILarvaLD50= 28.8507459610121
AIKOW= 20988.6934689947
AIKOC= 47813.2852177944
AIHalfLife= 5.30186219036113
EAppRate= 7.65406196319545
FoliarEnabled= true
FoliarAppDate= 06/07/1989
FoliarForageBegin= 06/05/1989
FoliarForageEnd= 06/28/1989
AIContactFactor= 1.32188400090672
CL4Pollen= 2.03300722129643
CL4Nectar= 44.9436244321987
CL5Pollen= 2.31890736194327
CL5Nectar= 65.1301421807148
CLDPollen= 2.60658016148955
CLDNectar= 63.7248511891812
CA13Pollen= 6.76552507961169
CA13Nectar= 65.95215247944
CA410Pollen= 5.7019807433011
CA410Nectar= 48.750715944916
CA1120Pollen= 0.88563550519757
CA1120Nectar= 43.3806336857378
IPollenTrips= 14.1288372548297
INectarTrips= 8.89272076077759
IPollenLoad= 5.62734110280871
INectarLoad= 0.59420065023005
