ICQueenStrength= 4.70312874438241
RQWkrDrnRatio= 4.29537806194276
ICDroneMiteSurvivorship= 16.4359974674881
ICWorkerMiteSurvivorship= 26.7128117149696
ICForagerLifespan= 4.73249596823007
ImmType= Polynomial
AIAdultSlope= 2.95479195595253
AIAdultLD50= 0.0346554610878229
AIAdultSlopeContact= 2.45289493757067
AIAdultLD50Contact= 0.0242975017405115
AILarvaSlope= 0.156876830384135
AILarvaLD50= 0.489373798621818
AIKOW= 4.22399283666164
AIKOC= 23.5989856079686
AIHalfLife= 2.42935871402733
EAppRate= 0.98208766663447
FoliarEnabled= true
