ICQueenStrength= 4.14586423453875
RQWkrDrnRatio= 4.00936224777251
ICDroneMiteSurvivorship= 0.63177770934999
ICWorkerMiteSurvivorship= 64.5212031668052
ICForagerLifespan= 10.9781226478517
ImmType= Cosine
RQQueenStrength= 4.81781106581911
RQEnableReQueen= true
AIAdultSlope= 5.18129336461425
AIAdultLD50= 5.39324618172133
AIAdultSlopeContact= 3.5651901490055
AIAdultLD50Contact= 82.0122927599282
AILarvaSlope= 6.33826919831336
AILarvaLD50= 45.0294374933681
AIKOW= 76563.3986485062
AIKOC= 5934.83261963748
AIHalfLife= 9.00799787358847
EAppRate= 2.38169473000686
FoliarEnabled= true
FoliarAppDate= 06/07/1989
FoliarForageBegin= 06/05/1989
FoliarForageEnd= 06/28/1989
AIContactFactor= 0.818694025240838
CL4Pollen= 0.499457488767803
CL4Nectar= 40.1318856049329
CL5Pollen= 3.58935747714713
CL5Nectar= 62.6234655850567
CLDPollen= 0.405961045995355
CLDNectar= 105.910542584024
CA13Pollen= 3.93225229838863
CA13Nectar= 42.3491073586047
CA410Pollen= 2.50598339866847
CA410Nectar= 109.974873191677
CA1120Pollen= 1.73850836092606
CA1120Nectar= 70.2368587628007
IPollenTrips= 8.87749820481986
INectarTrips= 13.2453987584449
IPollenLoad= 5.825761242304
INectarLoad= 4.41825065994635
ESoilP= 1.09219424705952
ESoilFoc= 0.00730138733354397
