ICQueenStrength= 2.26805328764021
RQWkrDrnRatio= 2.00194497220218
ICDroneMiteSurvivorship= 79.6049562515691
ICWorkerMiteSurvivorship= 19.3261206382886
ICForagerLifespan= 8.33151982910931
ImmType= Cosine
RQQueenStrength= 2.25263203587383
RQEnableReQueen=true
AIAdultSlope= 7.01800891943276
AIAdultLD50= 0.940408627315424
AIAdultSlopeContact= 5.48329722019844
AIAdultLD50Contact= 38.4327004714457
AILarvaSlope= 6.60072413645685
AILarvaLD50= 62.5669492300055
AIKOW= 25815.1857792722
AIKOC= 2161.71756951488
AIHalfLife= 32.5773301785346
EAppRate= 8.09805439811014
FoliarEnabled=true
FoliarAppDate= 07/01/1989
FoliarForageBegin= 07/01/1989
FoliarForageEnd= 07/14/1989
AIContactFactor= 1.71163272373844
CL4Pollen= 0.574121799319983
CL4Nectar= 58.8087243493646
CL5Pollen= 1.84860844071954
CL5Nectar= 73.5169510357082
CLDPollen= 0.806625757366419
CLDNectar= 5.67841309821233
CA13Pollen= 5.050361042656
CA13Nectar= 98.016668856144
CA410Pollen= 8.34763691853732
CA410Nectar= 175.855969111435
CA1120Pollen= 0.372863640077412
CA1120Nectar= 28.3070156723261
IPollenTrips= 7.36783899832517
INectarTrips= 8.42860830947757
IPollenLoad= 7.62598512228578
INectarLoad= 4.86284996382892
