ICQueenStrength= 1.26634718873538
RQWkrDrnRatio= 4.39645908307284
ICDroneMiteSurvivorship= 7.39958728663623
ICWorkerMiteSurvivorship= 72.0563650364056
ICForagerLifespan= 10.8480221666396
ImmType= Tangent
RQQueenStrength= 1.8987148758024
RQEnableReQueen= true
AIAdultSlope= 2.99882870912552
AIAdultLD50= 45.0407638691419
AIAdultSlopeContact= 2.81306953867897
AIAdultLD50Contact= 38.5074890473965
AILarvaSlope= 3.89765478856862
AILarvaLD50= 26.9325194777397
AIKOW= 98924.3741291523
AIKOC= 18912.6569334634
AIHalfLife= 21.78418394404
EAppRate= 9.44075317557529
FoliarEnabled= true
FoliarAppDate= 06/07/1989
FoliarForageBegin= 06/05/1989
FoliarForageEnd= 06/28/1989
AIContactFactor= 0.622286656550132
CL4Pollen= 2.90915398392826
CL4Nectar= 32.9684403724968
CL5Pollen= 5.77863037353382
CL5Nectar= 86.1695053288713
CLDPollen= 1.37224908638746
CLDNectar= 87.4713455094025
CA13Pollen= 7.39225448882207
CA13Nectar= 29.70962414518
CA410Pollen= 4.66972313085571
CA410Nectar= 148.978105192073
CA1120Pollen= 2.76262957253493
CA1120Nectar= 81.144223343581
IPollenTrips= 6.52657525613904
INectarTrips= 10.2380658360198
IPollenLoad= 2.21791596151888
INectarLoad= 4.90793564589694
ESoilP= 1.2022134938743
ESoilFoc= 0.00120470800553449
