ICQueenStrength= 5.00593852391466
RQWkrDrnRatio= 2.50995428301394
ICDroneMiteSurvivorship= 31.2680104048923
ICWorkerMiteSurvivorship= 16.7687092209235
ICForagerLifespan= 9.67236285749823
ImmType= Cosine
RQQueenStrength= 2.91775095649064
RQEnableReQueen= true
AIAdultSlope= 1.10848855599761
AIAdultLD50= 96.1994064356859
AIAdultSlopeContact= 7.49299980560318
AIAdultLD50Contact= 15.6791923770977
AILarvaSlope= 1.86702074110508
AILarvaLD50= 90.2895231884844
AIKOW= 58457.0479445541
AIKOC= 94969.1267396607
AIHalfLife= 28.178948341799
EAppRate= 5.01045057770796
FoliarEnabled= true
FoliarAppDate= 06/07/1989
FoliarForageBegin= 06/05/1989
FoliarForageEnd= 06/28/1989
AIContactFactor= 0.788250491744839
CL4Pollen= 1.72907149977982
CL4Nectar= 78.8684356026351
CL5Pollen= 0.263907589484006
CL5Nectar= 88.5446271509863
CLDPollen= 1.94710217462853
CLDNectar= 22.2580634406768
CA13Pollen= 2.64962925417349
CA13Nectar= 78.3293895423412
CA410Pollen= 3.9443654981209
CA410Nectar= 123.61608453095
CA1120Pollen= 0.380942557705566
CA1120Nectar= 20.3715739957988
IPollenTrips= 8.92567239468917
INectarTrips= 6.08408713480458
IPollenLoad= 4.28592122392729
INectarLoad= 7.99421830102801
