ICQueenStrength= 2.04097000206821
RQWkrDrnRatio= 4.75013954937458
ICDroneMiteSurvivorship= 50.2053489210084
ICWorkerMiteSurvivorship= 2.10617301054299
ICForagerLifespan= 6.30576138477772
ImmType= Logarithmic
RQQueenStrength= 3.35134914051741
RQEnableReQueen= true
AIAdultSlope= 3.09378934465349
AIAdultLD50= 17.0883519956323
AIAdultSlopeContact= 8.61794633744285
AIAdultLD50Contact= 12.5922968773649
AILarvaSlope= 7.04431506618857
AILarvaLD50= 52.1710325868453
AIKOW= 69896.5778176958
AIKOC= 85484.2457578359
AIHalfLife= 14.2444394747727
EAppRate= 3.08153906453424
FoliarEnabled= true
FoliarAppDate= 06/07/1989
FoliarForageBegin= 06/05/1989
FoliarForageEnd= 06/28/1989
AIContactFactor= 1.50318354165181
CL4Pollen= 0.233935803174973
CL4Nectar= 6.76382461097091
CL5Pollen= 2.2383407028392
CL5Nectar= 67.2731313155964
CLDPollen= 3.54812499275431
CLDNectar= 44.4112491910346
CA13Pollen= 5.60051995869726
CA13Nectar= 97.7906434424222
CA410Pollen= 5.0276746326359
CA410Nectar= 163.387701688334
CA1120Pollen= 0.815235859248787
CA1120Nectar= 61.0017784312367
IPollenTrips= 11.2655451940373
INectarTrips= 8.16393185639754
IPollenLoad= 8.72336062369868
INectarLoad= 2.59858537465334
