ICQueenStrength= 5.95087842689827
RQWkrDrnRatio= 2.20435476209968
ICDroneMiteSurvivorship= 97.2283777780831
ICWorkerMiteSurvivorship= 21.7912217369303
ICForagerLifespan= 6.32966845016927
ImmType= Exponential
RQQueenStrength= 5.04617668595165
RQEnableReQueen= true
AIAdultSlope= 4.27254402637482
AIAdultLD50= 0.0363639535459224
AIAdultSlopeContact= 6.98110772529617
AIAdultLD50Contact= 13.0715480274332
AILarvaSlope= 2.46748012304306
AILarvaLD50= 49.6925228534494
AIKOW= 60264.0918145059
AIKOC= 44499.5964756277
AIHalfLife= 24.0627568657277
EAppRate= 0.860311605236726
FoliarEnabled= true
FoliarAppDate= 09/01/1989
FoliarForageBegin= 09/01/1989
FoliarForageEnd= 09/08/1989
AIContactFactor= 1.23453905246686
CL4Pollen= 2.23506926558912
CL4Nectar= 43.6729791341349
CL5Pollen= 3.21110563678667
CL5Nectar= 146.736576862168
CLDPollen= 3.1250535948202
CLDNectar= 54.2263894225471
CA13Pollen= 3.74396327771246
CA13Nectar= 66.4114933460951
CA410Pollen= 9.12791453681421
CA410Nectar= 70.1906213629991
CA1120Pollen= 2.09827638231218
CA1120Nectar= 75.271620657295
IPollenTrips= 8.59154777601361
INectarTrips= 12.7587199537084
IPollenLoad= 9.77404930163175
INectarLoad= 9.62269849143922
