ICQueenStrength= 3.57154189050198
RQWkrDrnRatio= 1.69940312299877
ICDroneMiteSurvivorship= 17.0172012178227
ICWorkerMiteSurvivorship= 26.2594997417182
ICForagerLifespan= 14.4879382764921
ImmType= Cosine
AIAdultSlope= 0.328269936935976
AIAdultLD50= 0.153623769013211
AIAdultSlopeContact= 3.74455184239196
AIAdultLD50Contact= 0.0490122077171691
AILarvaSlope= 2.36603709254414
AILarvaLD50= 0.448327011312358
AIKOW= 4.76893058791757
AIKOC= 11.6902169783134
AIHalfLife= 1.16743114257697
EAppRate= 3.55742808431387
FoliarEnabled= true
