ICQueenStrength= 3.35010370379314
RQWkrDrnRatio= 1.07165379077196
ICDroneMiteSurvivorship= 75.7296943338588
ICWorkerMiteSurvivorship= 19.4166692206636
ICForagerLifespan= 13.3534785276279
ImmType= Cosine
RQQueenStrength= 4.86684604920447
RQEnableReQueen= true
AIAdultSlope= 7.51849144510925
AIAdultLD50= 19.6146564462087
AIAdultSlopeContact= 6.69942872901447
AIAdultLD50Contact= 17.4635002508576
AILarvaSlope= 6.30572860874236
AILarvaLD50= 48.6075595045893
AIKOW= 28937.0129865882
AIKOC= 42590.2059899026
AIHalfLife= 7.36498199838679
EAppRate= 2.49411807026458
FoliarEnabled= true
FoliarAppDate= 06/07/1989
FoliarForageBegin= 06/05/1989
FoliarForageEnd= 06/28/1989
AIContactFactor= 1.19765842967667
CL4Pollen= 0.445122615434229
CL4Nectar= 10.7389066834003
CL5Pollen= 3.64544474892318
CL5Nectar= 143.937995040324
CLDPollen= 3.0872444990091
CLDNectar= 78.1890900456347
CA13Pollen= 6.91541870990768
CA13Nectar= 53.6611936427653
CA410Pollen= 6.95062676318921
CA410Nectar= 23.4339605784044
CA1120Pollen= 1.89587866701186
CA1120Nectar= 24.7640078701079
IPollenTrips= 10.4262163676322
INectarTrips= 14.0428694826551
IPollenLoad= 6.40133049804717
INectarLoad= 3.63609839696437
ESoilP= 1.41986968414858
ESoilFoc= 0.00106334657082334
