ICQueenStrength= 5.0589065826498
RQWkrDrnRatio= 4.19427786022425
ICDroneMiteSurvivorship= 58.8184877764434
ICWorkerMiteSurvivorship= 11.5041109733284
ICForagerLifespan= 8.04601709730923
ImmType= Tangent
RQQueenStrength= 3.62160152196884
RQEnableReQueen= true
AIAdultSlope= 4.29850055836141
AIAdultLD50= 88.192261509499
AIAdultSlopeContact= 9.40233824728057
AIAdultLD50Contact= 4.71531853238866
AILarvaSlope= 8.71488290652633
AILarvaLD50= 77.8213146321497
AIKOW= 54552.4120143597
AIKOC= 79459.553424801
AIHalfLife= 20.7990205020644
EAppRate= 9.23552317617764
FoliarEnabled= true
FoliarAppDate= 06/07/1989
FoliarForageBegin= 06/05/1989
FoliarForageEnd= 06/28/1989
AIContactFactor= 0.978844674332067
CL4Pollen= 2.41077976115048
CL4Nectar= 92.9568240884691
CL5Pollen= 5.76751197874546
CL5Nectar= 91.3518720888533
CLDPollen= 4.06855967547745
CLDNectar= 125.705580494832
CA13Pollen= 4.09138789335266
CA13Nectar= 80.5111268907785
CA410Pollen= 4.20302493267227
CA410Nectar= 89.4614649191499
CA1120Pollen= 1.92444638069719
CA1120Nectar= 69.3742873892188
IPollenTrips= 8.20650580106303
INectarTrips= 5.87189848301932
IPollenLoad= 5.93428966589272
INectarLoad= 1.67145982850343
ESoilP= 1.9316126126796
ESoilFoc= 0.00231574192550033
