ICQueenStrength= 1.35413121059537
RQWkrDrnRatio= 3.36592638026923
ICDroneMiteSurvivorship= 3.87621857225895
ICWorkerMiteSurvivorship= 22.1624983707443
ICForagerLifespan= 4.50872746761888
ImmType= Tangent
RQQueenStrength= 1.95757526159286
RQEnableReQueen=true
AIAdultSlope= 6.62493213266134
AIAdultLD50= 0.143080754498718
AIAdultSlopeContact= 2.55215435218997
AIAdultLD50Contact= 35.6300654577287
AILarvaSlope= 1.32880792953074
AILarvaLD50= 87.3514445397893
AIKOW= 71501.2111561694
AIKOC= 81764.7981233404
AIHalfLife= 23.6278925826075
EAppRate= 7.20067921079835
FoliarEnabled=true
FoliarAppDate= 07/01/1989
FoliarForageBegin= 07/01/1989
FoliarForageEnd= 07/14/1989
AIContactFactor= 1.13233115224168
CL4Pollen= 2.34998136386275
CL4Nectar= 65.7868242822587
CL5Pollen= 1.20253339782357
CL5Nectar= 89.5736853475682
CLDPollen= 3.61285220040008
CLDNectar= 128.415953926742
CA13Pollen= 3.77011419255286
CA13Nectar= 67.9760372638702
CA410Pollen= 7.9899821508443
CA410Nectar= 150.320613584481
CA1120Pollen= 2.40738587058149
CA1120Nectar= 56.1280953139067
IPollenTrips= 8.37856172351167
INectarTrips= 12.0867267157882
IPollenLoad= 7.75407530134544
INectarLoad= 3.19304439006373
