ICQueenStrength= 1.0647975911852
RQWkrDrnRatio= 4.56128559075296
ICDroneMiteSurvivorship= 20.2945063821971
ICWorkerMiteSurvivorship= 96.7991430079564
ICForagerLifespan= 8.44331165216863
ImmType= Sine
RQQueenStrength= 5.93042642017826
RQEnableReQueen= true
AIAdultSlope= 6.37686496414244
AIAdultLD50= 61.0956682695621
AIAdultSlopeContact= 8.20770123437978
AIAdultLD50Contact= 86.4025253366982
AILarvaSlope= 7.05000596120954
AILarvaLD50= 96.5291818538669
AIKOW= 99780.8870147235
AIKOC= 90007.7061890725
AIHalfLife= 33.7304920830764
EAppRate= 6.10927149706753
FoliarEnabled= true
FoliarAppDate= 06/07/1989
FoliarForageBegin= 06/05/1989
FoliarForageEnd= 06/28/1989
AIContactFactor= 1.15924349741545
CL4Pollen= 3.43870069272816
CL4Nectar= 63.4392328327522
CL5Pollen= 4.43583959760144
CL5Nectar= 138.45726926811
CLDPollen= 2.63967216527089
CLDNectar= 37.5733050866984
CA13Pollen= 2.51019960856065
CA13Nectar= 33.0124384909868
CA410Pollen= 2.72855524213519
CA410Nectar= 31.6453330498189
CA1120Pollen= 2.68878592411056
CA1120Nectar= 35.4592498019338
IPollenTrips= 12.1211704076268
INectarTrips= 6.18282465264201
IPollenLoad= 4.17046665912494
INectarLoad= 7.41868096869439
