ICQueenStrength= 4.89214932452887
RQWkrDrnRatio= 4.11200168076903
ICDroneMiteSurvivorship= 26.2570957420394
ICWorkerMiteSurvivorship= 24.0430697100237
ICForagerLifespan= 6.88627180363983
ImmType= Logarithmic
AIAdultSlope= 0.015468115566764
AIAdultLD50= 0.0796176689211279
AIAdultSlopeContact= 2.94690691959579
AIAdultLD50Contact= 0.00916682468960062
AILarvaSlope= 1.88854350545444
AILarvaLD50= 0.862628827686422
AIKOW= 4.85302026756108
AIKOC= 12.317221222911
AIHalfLife= 2.57044003957417
EAppRate= 1.53482485795394
FoliarEnabled= true
