ICQueenStrength= 5.17836461099796
RQWkrDrnRatio= 1.99916178919375
ICDroneMiteSurvivorship= 12.0193904964253
ICWorkerMiteSurvivorship= 81.7948792828247
ICForagerLifespan= 11.8931688563898
ImmType= Exponential
RQQueenStrength= 4.17365135997534
RQEnableReQueen= true
AIAdultSlope= 3.97504904679954
AIAdultLD50= 73.2662020529064
AIAdultSlopeContact= 3.28168665547855
AIAdultLD50Contact= 93.9226079090994
AILarvaSlope= 2.42589464224875
AILarvaLD50= 86.0534876594632
AIKOW= 86975.7031542001
AIKOC= 90812.5624063858
AIHalfLife= 22.0081654719077
EAppRate= 6.17285706563038
FoliarEnabled= true
FoliarAppDate= 06/07/1989
FoliarForageBegin= 06/05/1989
FoliarForageEnd= 06/28/1989
AIContactFactor= 1.0996953257639
CL4Pollen= 0.619463921524584
CL4Nectar= 46.5928721707314
CL5Pollen= 0.447689551860094
CL5Nectar= 61.9954577414319
CLDPollen= 4.31846400490031
CLDNectar= 56.1731010326184
CA13Pollen= 3.84270675042644
CA13Nectar= 61.5521030686796
CA410Pollen= 5.55613865721971
CA410Nectar= 174.280730304308
CA1120Pollen= 2.15921045118012
CA1120Nectar= 20.408455953002
IPollenTrips= 6.73503552330658
INectarTrips= 9.33269914239645
IPollenLoad= 1.21704148128629
INectarLoad= 3.20514595368877
