ICQueenStrength= 3.07656616345048
RQWkrDrnRatio= 4.67240706365556
ICDroneMiteSurvivorship= 14.6803197450936
ICWorkerMiteSurvivorship= 56.3110661925748
ICForagerLifespan= 15.4844363611192
ImmType= Cosine
RQQueenStrength= 4.09954419964924
RQEnableReQueen= true
AIAdultSlope= 8.10689801909029
AIAdultLD50= 69.4357568717967
AIAdultSlopeContact= 1.16064973757602
AIAdultLD50Contact= 79.6826470485867
AILarvaSlope= 4.53200785815716
AILarvaLD50= 45.1008002334868
AIKOW= 93349.4925164551
AIKOC= 87835.8699499238
AIHalfLife= 6.5616084582638
EAppRate= 9.99651213599742
FoliarEnabled= true
FoliarAppDate= 06/07/1989
FoliarForageBegin= 06/05/1989
FoliarForageEnd= 06/28/1989
AIContactFactor= 1.46369499834254
CL4Pollen= 3.97186119295657
CL4Nectar= 23.6679159803316
CL5Pollen= 5.19907329417765
CL5Nectar= 5.94129553064704
CLDPollen= 2.82076346408576
CLDNectar= 91.4328267797828
CA13Pollen= 6.8240235986188
CA13Nectar= 76.1980562284589
CA410Pollen= 6.86613019537181
CA410Nectar= 168.989947084337
CA1120Pollen= 1.48296263767406
CA1120Nectar= 94.6316174603999
IPollenTrips= 6.07477213721722
INectarTrips= 14.9993211193942
IPollenLoad= 7.6341326511465
INectarLoad= 9.17987495427951
ESoilP= 1.92861284385435
ESoilFoc= 0.0084447528552264
