ICQueenStrength= 4.96972551592626
RQWkrDrnRatio= 2.01713637262583
ICDroneMiteSurvivorship= 27.7292448794469
ICWorkerMiteSurvivorship= 52.3752327542752
ICForagerLifespan= 10.907113628462
ImmType= Cosine
RQQueenStrength= 4.37025404558517
RQEnableReQueen= true
AIAdultSlope= 2.82586154527962
AIAdultLD50= 82.9697733628515
AIAdultSlopeContact= 1.94037990737706
AIAdultLD50Contact= 13.2510839204383
AILarvaSlope= 7.54466138407588
AILarvaLD50= 80.7158583439561
AIKOW= 43173.2326994914
AIKOC= 18570.5106018374
AIHalfLife= 20.8561624187045
EAppRate= 2.69793754806626
FoliarEnabled= true
FoliarAppDate= 06/07/1989
FoliarForageBegin= 06/05/1989
FoliarForageEnd= 06/28/1989
AIContactFactor= 2.00262466616929
CL4Pollen= 2.50444546062499
CL4Nectar= 46.0472149774432
CL5Pollen= 0.399921553675085
CL5Nectar= 11.8160824757069
CLDPollen= 0.675712401978672
CLDNectar= 87.7742970711552
CA13Pollen= 5.0148154951632
CA13Nectar= 65.2295116893947
CA410Pollen= 5.07633336305153
CA410Nectar= 92.920834524557
CA1120Pollen= 2.52990969037637
CA1120Nectar= 27.7095923945308
IPollenTrips= 9.67738538049161
INectarTrips= 11.8505362258293
IPollenLoad= 3.55927798431367
INectarLoad= 9.58678572671488
ESoilP= 1.13045017863624
ESoilFoc= 0.0192809246298857
