ICQueenStrength= 5.91285636904649
RQWkrDrnRatio= 2.97179123852402
ICDroneMiteSurvivorship= 57.8179410425946
ICWorkerMiteSurvivorship= 6.19952217675745
ICForagerLifespan= 4.02065268810838
ImmType= Exponential
RQQueenStrength= 2.86719990684651
RQEnableReQueen= true
AIAdultSlope= 1.38837610185146
AIAdultLD50= 53.5528213044358
AIAdultSlopeContact= 3.19710613414645
AIAdultLD50Contact= 70.7391334365162
AILarvaSlope= 5.66396046057343
AILarvaLD50= 16.5877936321334
AIKOW= 13059.7659946768
AIKOC= 73993.6470229935
AIHalfLife= 12.2594927029219
EAppRate= 5.25350245392276
FoliarEnabled= true
FoliarAppDate= 06/07/1989
FoliarForageBegin= 06/05/1989
FoliarForageEnd= 06/28/1989
AIContactFactor= 2.3104551202897
CL4Pollen= 1.9664365388453
CL4Nectar= 65.7681391341612
CL5Pollen= 1.04443644639105
CL5Nectar= 120.214950037189
CLDPollen= 3.38718758616596
CLDNectar= 99.4283872190863
CA13Pollen= 4.94812012445182
CA13Nectar= 53.5808446258307
CA410Pollen= 6.62703058924526
CA410Nectar= 178.627414130606
CA1120Pollen= 2.39811155945063
CA1120Nectar= 57.2381757944822
IPollenTrips= 9.78234575595707
INectarTrips= 14.0934104728512
IPollenLoad= 6.70351303182542
INectarLoad= 6.53002517530695
ESoilP= 1.32989320415072
ESoilFoc= 0.00244528522156179
