ICQueenStrength= 5.63017738307826
RQWkrDrnRatio= 2.64845061860979
ICDroneMiteSurvivorship= 74.7907076496631
ICWorkerMiteSurvivorship= 98.4605361707509
ICForagerLifespan= 11.6238868674263
ImmType= Sine
RQQueenStrength= 5.95484725921415
RQEnableReQueen= true
AIAdultSlope= 5.0968767143786
AIAdultLD50= 0.0520001982452814
AIAdultSlopeContact= 1.9227780175861
AIAdultLD50Contact= 88.9159496317382
AILarvaSlope= 8.49579937197268
AILarvaLD50= 49.072167173875
AIKOW= 67287.1461021866
AIKOC= 74162.0237575208
AIHalfLife= 25.4352228499483
EAppRate= 2.54011421626876
FoliarEnabled= true
FoliarAppDate= 09/01/1989
FoliarForageBegin= 09/01/1989
FoliarForageEnd= 09/08/1989
AIContactFactor= 2.02357138781808
CL4Pollen= 0.63692668825388
CL4Nectar= 42.3674615798518
CL5Pollen= 0.17743907449767
CL5Nectar= 59.5794499386102
CLDPollen= 3.64878511615098
CLDNectar= 24.3838224560022
CA13Pollen= 6.88609353341162
CA13Nectar= 50.5664835684001
CA410Pollen= 2.98485206766054
CA410Nectar= 115.421914113685
CA1120Pollen= 1.6650462874677
CA1120Nectar= 34.4645058549941
IPollenTrips= 9.53006250783801
INectarTrips= 10.3006496024318
IPollenLoad= 5.62173113925382
INectarLoad= 8.29749566502869
