ICQueenStrength= 3.15836424659938
RQWkrDrnRatio= 2.79136973526329
ICDroneMiteSurvivorship= 42.7575252717361
ICWorkerMiteSurvivorship= 93.3296068338677
ICForagerLifespan= 9.48599587846547
ImmType= Sine
RQQueenStrength= 4.55729269888252
RQEnableReQueen=true
AIAdultSlope= 4.49028828181326
AIAdultLD50= 0.920055887905881
AIAdultSlopeContact= 4.29977294080891
AIAdultLD50Contact= 25.3815106283324
AILarvaSlope= 5.39315525069833
AILarvaLD50= 29.9191285112433
AIKOW= 59649.9351854954
AIKOC= 66245.756845037
AIHalfLife= 32.5935968633043
EAppRate= 5.76793930447008
FoliarEnabled=true
FoliarAppDate= 07/01/1989
FoliarForageBegin= 07/01/1989
FoliarForageEnd= 07/14/1989
AIContactFactor= 1.70763827893883
CL4Pollen= 0.952730774879456
CL4Nectar= 85.4146439349279
CL5Pollen= 4.1480090576224
CL5Nectar= 71.3307450176217
CLDPollen= 2.70035679358989
CLDNectar= 90.2236234629527
CA13Pollen= 6.90982790086418
CA13Nectar= 50.2336079068482
CA410Pollen= 6.5547999079572
CA410Nectar= 141.28136347048
CA1120Pollen= 1.13936826749705
CA1120Nectar= 45.8422833308578
IPollenTrips= 9.68156774062663
INectarTrips= 7.25869303336367
IPollenLoad= 1.54675447382033
INectarLoad= 9.12880797870457
