ICQueenStrength= 2.73197601223364
RQWkrDrnRatio= 1.67080877441913
ICDroneMiteSurvivorship= 67.0186463743448
ICWorkerMiteSurvivorship= 45.2554107410833
ICForagerLifespan= 15.2482934948057
ImmType= Polynomial
RQQueenStrength= 1.41740161832422
RQEnableReQueen= true
AIAdultSlope= 7.5483863465488
AIAdultLD50= 0.0496870150882751
AIAdultSlopeContact= 2.56681756558828
AIAdultLD50Contact= 1.65059734529839
AILarvaSlope= 4.4859765637666
AILarvaLD50= 62.9005986552427
AIKOW= 4823.36612838718
AIKOC= 10042.2684787274
AIHalfLife= 6.54237360137049
EAppRate= 2.83376522181067
FoliarEnabled= true
FoliarAppDate= 09/01/1989
FoliarForageBegin= 09/01/1989
FoliarForageEnd= 09/08/1989
AIContactFactor= 0.922547260178253
CL4Pollen= 1.56920569669455
CL4Nectar= 46.9041823642328
CL5Pollen= 1.13984600175172
CL5Nectar= 93.6650896095671
CLDPollen= 1.80067736003548
CLDNectar= 62.8131309058517
CA13Pollen= 6.76311910739168
CA13Nectar= 23.9270547032356
CA410Pollen= 7.17602067897096
CA410Nectar= 122.922153556719
CA1120Pollen= 0.213183844462037
CA1120Nectar= 42.0210439711809
IPollenTrips= 7.3612079792656
INectarTrips= 6.52562484145164
IPollenLoad= 3.03085874533281
INectarLoad= 9.65263292426243
