ICQueenStrength= 1.36391660454683
RQWkrDrnRatio= 4.23633372597396
ICDroneMiteSurvivorship= 78.8563733454794
ICWorkerMiteSurvivorship= 51.7535388004035
ICForagerLifespan= 14.0476361457258
ImmType= Sine
AIAdultSlope= 0.491493164997082
AIAdultLD50= 0.0627581455279142
AIAdultSlopeContact= 3.09879672827432
AIAdultLD50Contact= 0.0275849196477793
AILarvaSlope= 2.57805772293359
AILarvaLD50= 0.393841742863879
AIKOW= 3.57269928790629
AIKOC= 28.5054580902215
AIHalfLife= 1.39819187726825
EAppRate= 7.6571504236199
FoliarEnabled= true
