ICQueenStrength= 3.03988260217011
RQWkrDrnRatio= 4.05117499548942
ICDroneMiteSurvivorship= 42.3523553879932
ICWorkerMiteSurvivorship= 59.9900994915515
ICForagerLifespan= 7.93818081449717
ImmType= Cosine
RQQueenStrength= 2.08143815025687
RQEnableReQueen=true
AIAdultSlope= 7.99764435738325
AIAdultLD50= 0.970242392013082
AIAdultSlopeContact= 4.13880690792575
AIAdultLD50Contact= 70.2436850491855
AILarvaSlope= 8.868303604424
AILarvaLD50= 30.8794058246077
AIKOW= 2319.53744158228
AIKOC= 10105.9008298372
AIHalfLife= 14.9983134194976
EAppRate= 9.31691147238715
FoliarEnabled=true
FoliarAppDate= 07/01/1989
FoliarForageBegin= 07/01/1989
FoliarForageEnd= 07/14/1989
AIContactFactor= 0.375295705255121
CL4Pollen= 0.439640287309885
CL4Nectar= 40.8491199836135
CL5Pollen= 0.117708358447999
CL5Nectar= 51.1607323307544
CLDPollen= 2.17371198534966
CLDNectar= 54.7136801993474
CA13Pollen= 6.62116782069206
CA13Nectar= 85.7533884048462
CA410Pollen= 6.45410818976816
CA410Nectar= 172.755979262292
CA1120Pollen= 0.387327098753303
CA1120Nectar= 24.6066638827324
IPollenTrips= 14.7495615133084
INectarTrips= 10.3120164992288
IPollenLoad= 7.70849720807746
INectarLoad= 7.42523237364367
