ICQueenStrength= 2.46223268238828
RQWkrDrnRatio= 1.26583785377443
ICDroneMiteSurvivorship= 49.7251960681751
ICWorkerMiteSurvivorship= 90.9128936938941
ICForagerLifespan= 9.26677774824202
ImmType= Sine
RQQueenStrength= 2.69447189662606
RQEnableReQueen= true
AIAdultSlope= 5.24049035646021
AIAdultLD50= 57.6788760015303
AIAdultSlopeContact= 1.31272429786623
AIAdultLD50Contact= 59.7202904563518
AILarvaSlope= 1.19799970090389
AILarvaLD50= 54.1303159919633
AIKOW= 50761.3740274289
AIKOC= 25388.8833697662
AIHalfLife= 26.1146663346095
EAppRate= 9.20534289133805
FoliarEnabled= true
FoliarAppDate= 06/07/1989
FoliarForageBegin= 06/05/1989
FoliarForageEnd= 06/28/1989
AIContactFactor= 1.92975051140413
CL4Pollen= 0.661553403362632
CL4Nectar= 63.3731285110116
CL5Pollen= 0.177310919389129
CL5Nectar= 118.052234547213
CLDPollen= 3.16219928534701
CLDNectar= 95.644978468772
CA13Pollen= 7.10036639384925
CA13Nectar= 95.9204225987196
CA410Pollen= 9.47297794767655
CA410Nectar= 143.977351244539
CA1120Pollen= 1.1657246388495
CA1120Nectar= 35.0379084423184
IPollenTrips= 13.5972937266342
INectarTrips= 6.77580294432119
IPollenLoad= 6.31876732921228
INectarLoad= 2.2510941629298
