ICQueenStrength= 5.3553330085706
RQWkrDrnRatio= 1.71837825048715
ICDroneMiteSurvivorship= 28.8905969588086
ICWorkerMiteSurvivorship= 44.4236921612173
ICForagerLifespan= 4.6153439572081
ImmType= Tangent
RQQueenStrength= 3.62515241745859
RQEnableReQueen= true
AIAdultSlope= 6.26982524432242
AIAdultLD50= 14.9039081264904
AIAdultSlopeContact= 3.85686927754432
AIAdultLD50Contact= 67.6876874214821
AILarvaSlope= 4.59581861272454
AILarvaLD50= 14.9151545955865
AIKOW= 64633.8790863833
AIKOC= 66175.8044857213
AIHalfLife= 9.16017888565548
EAppRate= 4.18025363516342
FoliarEnabled= true
FoliarAppDate= 06/07/1989
FoliarForageBegin= 06/05/1989
FoliarForageEnd= 06/28/1989
AIContactFactor= 1.47527062500827
CL4Pollen= 2.70454137213528
CL4Nectar= 78.491106745787
CL5Pollen= 0.667749933432788
CL5Nectar= 107.643540599383
CLDPollen= 3.07025416614488
CLDNectar= 117.914916586597
CA13Pollen= 3.50563746346161
CA13Nectar= 42.4924696050584
CA410Pollen= 4.27228018438909
CA410Nectar= 141.274745748378
CA1120Pollen= 2.02220978122205
CA1120Nectar= 88.3181723579764
IPollenTrips= 13.3910252642818
INectarTrips= 9.14266242878512
IPollenLoad= 7.46236790204421
INectarLoad= 9.10461447201669
