ICQueenStrength= 4.56063281768002
RQWkrDrnRatio= 1.16443953290582
ICDroneMiteSurvivorship= 70.9566541714594
ICWorkerMiteSurvivorship= 53.5629746969789
ICForagerLifespan= 13.6977733699605
ImmType= Polynomial
RQQueenStrength= 1.8414733200334
RQEnableReQueen= true
AIAdultSlope= 1.17452153936028
AIAdultLD50= 99.2813844849844
AIAdultSlopeContact= 1.55790675058961
AIAdultLD50Contact= 17.9001118286068
AILarvaSlope= 7.18863999098539
AILarvaLD50= 42.3629480221514
AIKOW= 88416.1592170648
AIKOC= 97435.5280036887
AIHalfLife= 30.6087845245143
EAppRate= 8.89657147143525
FoliarEnabled= true
FoliarAppDate= 06/07/1989
FoliarForageBegin= 06/05/1989
FoliarForageEnd= 06/28/1989
AIContactFactor= 1.53011057645548
CL4Pollen= 2.01341434661299
CL4Nectar= 98.6626488855109
CL5Pollen= 4.18138183420524
CL5Nectar= 120.485262013972
CLDPollen= 3.42492286954075
CLDNectar= 81.6157601773739
CA13Pollen= 6.02202810095623
CA13Nectar= 44.6122175827622
CA410Pollen= 6.34712412280496
CA410Nectar= 21.3678714446723
CA1120Pollen= 0.604347732849419
CA1120Nectar= 57.9942331463099
IPollenTrips= 13.0433802865446
INectarTrips= 9.63570849737152
IPollenLoad= 9.12379150744528
INectarLoad= 0.202142426278442
