ICQueenStrength= 1.29385230038315
RQWkrDrnRatio= 3.66235070396215
ICDroneMiteSurvivorship= 41.8509539216757
ICWorkerMiteSurvivorship= 88.6240625986829
ICForagerLifespan= 15.8679502680898
ImmType= Logarithmic
RQQueenStrength= 4.52642325800844
RQEnableReQueen= true
AIAdultSlope= 2.73387680016458
AIAdultLD50= 14.7793672361665
AIAdultSlopeContact= 6.93475694907829
AIAdultLD50Contact= 82.047244830214
AILarvaSlope= 7.83962276764214
AILarvaLD50= 73.7133408232371
AIKOW= 38979.0134756632
AIKOC= 81643.1122203849
AIHalfLife= 3.52673268774524
EAppRate= 8.00332880567596
FoliarEnabled= true
FoliarAppDate= 06/07/1989
FoliarForageBegin= 06/05/1989
FoliarForageEnd= 06/28/1989
AIContactFactor= 1.99019309925381
CL4Pollen= 0.996445076540112
CL4Nectar= 49.468681239523
CL5Pollen= 4.40400244435295
CL5Nectar= 20.5096642719582
CLDPollen= 3.86939685791731
CLDNectar= 54.564737691544
CA13Pollen= 2.65299102319405
CA13Nectar= 67.1089991182089
CA410Pollen= 9.1002369700931
CA410Nectar= 65.7973248930648
CA1120Pollen= 0.439289533300325
CA1120Nectar= 33.0402341112494
IPollenTrips= 7.67834459897131
INectarTrips= 10.6306068971753
IPollenLoad= 2.00274932663888
INectarLoad= 0.192738915793598
ESoilP= 1.74128141533583
ESoilFoc= 0.0170982257665601
