ICQueenStrength= 1.8826764812693
RQWkrDrnRatio= 1.51656388118863
ICDroneMiteSurvivorship= 34.6778709907085
ICWorkerMiteSurvivorship= 21.4714799076319
ICForagerLifespan= 7.60372226405889
ImmType= Tangent
RQQueenStrength= 3.69344158470631
RQEnableReQueen= true
AIAdultSlope= 2.13143251650035
AIAdultLD50= 45.7663533372527
AIAdultSlopeContact= 1.93057614634745
AIAdultLD50Contact= 9.58259718881803
AILarvaSlope= 3.49772774986923
AILarvaLD50= 22.7725617881827
AIKOW= 95365.0084768221
AIKOC= 80920.7945488926
AIHalfLife= 7.76276281115133
EAppRate= 0.0377552233331371
FoliarEnabled= true
FoliarAppDate= 06/07/1989
FoliarForageBegin= 06/05/1989
FoliarForageEnd= 06/28/1989
AIContactFactor= 1.98133710096125
CL4Pollen= 3.9535986399278
CL4Nectar= 6.0151559766382
CL5Pollen= 2.61521244049072
CL5Nectar= 6.70703033683822
CLDPollen= 2.94234567554668
CLDNectar= 65.6378377578221
CA13Pollen= 3.45499095348641
CA13Nectar= 48.2290535978973
CA410Pollen= 8.69661975048948
CA410Nectar= 181.086486028507
CA1120Pollen= 1.33275416842662
CA1120Nectar= 28.804132193327
IPollenTrips= 9.49122042628005
INectarTrips= 5.77509976690635
IPollenLoad= 1.29516061628237
INectarLoad= 2.26073707453907
ESoilP= 1.32909600017592
ESoilFoc= 0.0198542337522376
