ICQueenStrength= 1.98719352576882
RQWkrDrnRatio= 2.09921970404685
ICDroneMiteSurvivorship= 18.1009520543739
ICWorkerMiteSurvivorship= 45.4343134537339
ICForagerLifespan= 15.8040028149262
ImmType= Tangent
RQQueenStrength= 4.40148987900466
RQEnableReQueen=true
AIAdultSlope= 6.74291188828647
AIAdultLD50= 0.317274519668194
AIAdultSlopeContact= 6.39252756768838
AIAdultLD50Contact= 42.8660675669676
AILarvaSlope= 8.88231469877064
AILarvaLD50= 6.77600535101304
AIKOW= 18673.8043393331
AIKOC= 27356.7245193117
AIHalfLife= 31.8775860746857
EAppRate= 1.18862968944362
FoliarEnabled=true
FoliarAppDate= 07/01/1989
FoliarForageBegin= 07/01/1989
FoliarForageEnd= 07/14/1989
AIContactFactor= 1.21691437502392
CL4Pollen= 0.201698804274201
CL4Nectar= 90.3104510391131
CL5Pollen= 0.909202721435577
CL5Nectar= 13.1546845310368
CLDPollen= 3.48228489747271
CLDNectar= 104.729832953308
CA13Pollen= 5.27070195395499
CA13Nectar= 77.4073191732168
CA410Pollen= 2.99902502105106
CA410Nectar= 113.01122344099
CA1120Pollen= 0.805914292344823
CA1120Nectar= 22.7827211655676
IPollenTrips= 5.33518067793921
INectarTrips= 11.4565343526192
IPollenLoad= 3.20560237858444
INectarLoad= 9.27197785815224
