ICQueenStrength= 3.38865136518143
RQWkrDrnRatio= 4.99803209025413
ICDroneMiteSurvivorship= 6.19620878715068
ICWorkerMiteSurvivorship= 10.9892072156072
ICForagerLifespan= 14.3080706894398
ImmType= Tangent
RQQueenStrength= 1.02441770047881
RQEnableReQueen= true
AIAdultSlope= 7.06674719043076
AIAdultLD50= 86.730420619667
AIAdultSlopeContact= 7.0947265853174
AIAdultLD50Contact= 57.3925757299266
AILarvaSlope= 8.51446654647589
AILarvaLD50= 34.8404167943576
AIKOW= 60384.6487390496
AIKOC= 3772.49253944145
AIHalfLife= 6.21572172415908
EAppRate= 9.7894837276761
FoliarEnabled= true
FoliarAppDate= 06/07/1989
FoliarForageBegin= 06/05/1989
FoliarForageEnd= 06/28/1989
AIContactFactor= 0.962988455034792
CL4Pollen= 2.53437002096325
CL4Nectar= 96.5239547891542
CL5Pollen= 0.484709916170686
CL5Nectar= 75.2438409486786
CLDPollen= 5.64174474170431
CLDNectar= 56.470613332931
CA13Pollen= 2.69538424052298
CA13Nectar= 91.71979309991
CA410Pollen= 3.00799862840213
CA410Nectar= 86.7143933847547
CA1120Pollen= 2.06655862298794
CA1120Nectar= 84.4436787068844
IPollenTrips= 13.8158724620007
INectarTrips= 14.1222858196124
IPollenLoad= 3.96439406555146
INectarLoad= 4.66024455381557
