ICQueenStrength= 2.10742069780827
RQWkrDrnRatio= 2.56511260569096
ICDroneMiteSurvivorship= 2.35782200470567
ICWorkerMiteSurvivorship= 30.2628155564889
ICForagerLifespan= 15.8035028511658
ImmType= Cosine
RQQueenStrength= 2.52342241024598
RQEnableReQueen= true
AIAdultSlope= 3.14072587713599
AIAdultLD50= 0.947781561172567
AIAdultSlopeContact= 6.99687330774032
AIAdultLD50Contact= 23.7428551894107
AILarvaSlope= 6.35688189603388
AILarvaLD50= 99.5832808544231
AIKOW= 96356.7411677837
AIKOC= 81347.4044042854
AIHalfLife= 16.3379175085109
EAppRate= 6.84936893663136
FoliarEnabled= true
FoliarAppDate= 09/01/1989
FoliarForageBegin= 09/01/1989
FoliarForageEnd= 09/08/1989
AIContactFactor= 0.839314482347108
CL4Pollen= 2.9420355912298
CL4Nectar= 44.6433228906244
CL5Pollen= 1.33399739395827
CL5Nectar= 120.913779339753
CLDPollen= 3.78587447153404
CLDNectar= 4.1609539068304
CA13Pollen= 4.38880777899176
CA13Nectar= 90.5451227910817
CA410Pollen= 2.33022804392967
CA410Nectar= 196.479549244978
CA1120Pollen= 0.298608865588903
CA1120Nectar= 74.0647421777248
IPollenTrips= 7.43170599685982
INectarTrips= 7.22247222904116
IPollenLoad= 3.90720556490123
INectarLoad= 2.98744708066806
