ICQueenStrength= 4.60599332139827
RQWkrDrnRatio= 4.2952332617715
ICDroneMiteSurvivorship= 17.4212819430977
ICWorkerMiteSurvivorship= 48.1287718750536
ICForagerLifespan= 10.8609558455646
ImmType= Polynomial
RQQueenStrength= 4.54915645439178
RQEnableReQueen= true
AIAdultSlope= 8.67178059928119
AIAdultLD50= 63.5504242063069
AIAdultSlopeContact= 7.61523419129662
AIAdultLD50Contact= 87.3526571562213
AILarvaSlope= 2.28047108463943
AILarvaLD50= 49.474126238249
AIKOW= 72795.4127090709
AIKOC= 90454.2818175568
AIHalfLife= 33.3935543052852
EAppRate= 2.84987095840415
FoliarEnabled= true
FoliarAppDate= 06/07/1989
FoliarForageBegin= 06/05/1989
FoliarForageEnd= 06/28/1989
AIContactFactor= 1.32473063912243
CL4Pollen= 1.93373317085207
CL4Nectar= 19.1951123066247
CL5Pollen= 4.85510070668533
CL5Nectar= 101.629037421662
CLDPollen= 5.21800332935527
CLDNectar= 15.9832102828659
CA13Pollen= 6.20878726644441
CA13Nectar= 89.5312224328518
CA410Pollen= 7.9210158725502
CA410Nectar= 72.1869743615389
CA1120Pollen= 1.27900298894383
CA1120Nectar= 89.0477249212563
IPollenTrips= 5.71021351730451
INectarTrips= 11.6426070104353
IPollenLoad= 7.0432407874614
INectarLoad= 5.85822653025389
ESoilP= 1.21449937764555
ESoilFoc= 0.013135542613687
