ICQueenStrength= 3.09182652458549
RQWkrDrnRatio= 4.24130551889539
ICDroneMiteSurvivorship= 38.6737147113308
ICWorkerMiteSurvivorship= 65.117300208658
ICForagerLifespan= 14.3636107835919
ImmType= Sine
RQQueenStrength= 3.2448583766818
RQEnableReQueen=true
AIAdultSlope= 4.95612650923431
AIAdultLD50= 0.512182946676854
AIAdultSlopeContact= 6.7253441256471
AIAdultLD50Contact= 91.7751374325459
AILarvaSlope= 1.72907982952893
AILarvaLD50= 32.5569967236139
AIKOW= 70040.0470680797
AIKOC= 83614.8213932989
AIHalfLife= 20.2200701914728
EAppRate= 9.59695603311481
FoliarEnabled=true
FoliarAppDate= 07/01/1989
FoliarForageBegin= 07/01/1989
FoliarForageEnd= 07/14/1989
AIContactFactor= 1.01872932743281
CL4Pollen= 1.67837379314005
CL4Nectar= 22.1174829173833
CL5Pollen= 5.43962109507993
CL5Nectar= 76.1930910288356
CLDPollen= 3.15010664658621
CLDNectar= 111.245485686231
CA13Pollen= 4.61997383860871
CA13Nectar= 60.3103237599134
CA410Pollen= 8.43743871974293
CA410Nectar= 169.473615586758
CA1120Pollen= 1.03400695463642
CA1120Nectar= 83.5814453475177
IPollenTrips= 5.3644856880419
INectarTrips= 8.29622840043157
IPollenLoad= 5.44277793262154
INectarLoad= 6.61031472729519
