ICQueenStrength= 1.93897813698277
RQWkrDrnRatio= 3.95343725103885
ICDroneMiteSurvivorship= 39.1786170424893
ICWorkerMiteSurvivorship= 88.6437545530498
ICForagerLifespan= 11.3428161842749
ImmType= Logarithmic
RQQueenStrength= 2.39901496935636
RQEnableReQueen= true
AIAdultSlope= 3.81458474323153
AIAdultLD50= 9.87393560905475
AIAdultSlopeContact= 8.98349297628738
AIAdultLD50Contact= 57.86846737695
AILarvaSlope= 8.10734200850129
AILarvaLD50= 86.6482220963177
AIKOW= 76787.4070605575
AIKOC= 5755.1500215109
AIHalfLife= 2.58353517798241
EAppRate= 1.21414129970735
FoliarEnabled= true
FoliarAppDate= 06/07/1989
FoliarForageBegin= 06/05/1989
FoliarForageEnd= 06/28/1989
AIContactFactor= 2.19387123284861
CL4Pollen= 1.24308395478874
CL4Nectar= 4.58775945007801
CL5Pollen= 0.174755270127207
CL5Nectar= 148.665438301396
CLDPollen= 0.5011948174797
CLDNectar= 24.1667572874576
CA13Pollen= 6.9495923480019
CA13Nectar= 58.4999359026551
CA410Pollen= 5.97649601926096
CA410Nectar= 63.6855878727511
CA1120Pollen= 2.64189383410849
CA1120Nectar= 36.6565532982349
IPollenTrips= 14.2629749840125
INectarTrips= 10.0059720594436
IPollenLoad= 7.85428763367236
INectarLoad= 9.30187084013596
ESoilP= 1.18569003930315
ESoilFoc= 0.00427732783276588
