ICQueenStrength= 4.93429705756716
RQWkrDrnRatio= 3.93429342098534
ICDroneMiteSurvivorship= 22.3439547000453
ICWorkerMiteSurvivorship= 98.9847601391375
ICForagerLifespan= 14.5449832268059
ImmType= Exponential
RQQueenStrength= 5.32629899820313
RQEnableReQueen= true
AIAdultSlope= 5.56216699257493
AIAdultLD50= 91.8775353023529
AIAdultSlopeContact= 5.44527786504477
AIAdultLD50Contact= 61.9823117888542
AILarvaSlope= 6.39865496940911
AILarvaLD50= 79.9655078406192
AIKOW= 14809.6321823513
AIKOC= 5827.39469200536
AIHalfLife= 34.7902198981261
EAppRate= 1.83570791907539
FoliarEnabled= true
FoliarAppDate= 06/07/1989
FoliarForageBegin= 06/05/1989
FoliarForageEnd= 06/28/1989
AIContactFactor= 0.490555141344666
CL4Pollen= 3.10686880722642
CL4Nectar= 29.9183393130079
CL5Pollen= 1.45299009745941
CL5Nectar= 2.40073918830603
CLDPollen= 4.14526846306399
CLDNectar= 78.0116430250928
CA13Pollen= 2.37823491804302
CA13Nectar= 21.0586582683027
CA410Pollen= 3.85847044531256
CA410Nectar= 199.694179138169
CA1120Pollen= 0.839813111582771
CA1120Nectar= 96.5827436558902
IPollenTrips= 7.38038294482976
INectarTrips= 10.1884443266317
IPollenLoad= 6.36077080387622
INectarLoad= 5.50032953964546
