ICQueenStrength= 1.50825032056309
RQWkrDrnRatio= 3.88818387687206
ICDroneMiteSurvivorship= 23.7581492867321
ICWorkerMiteSurvivorship= 54.1902486700565
ICForagerLifespan= 5.72094163391739
ImmType= Sine
RQQueenStrength= 1.12954830075614
RQEnableReQueen= true
AIAdultSlope= 1.33762511797249
AIAdultLD50= 42.0181864930389
AIAdultSlopeContact= 6.05366488103755
AIAdultLD50Contact= 86.3341602844223
AILarvaSlope= 6.05958792753518
AILarvaLD50= 30.7619139512279
AIKOW= 12601.2772408941
AIKOC= 11662.3836824838
AIHalfLife= 33.4631503350334
EAppRate= 3.41095064258575
FoliarEnabled= true
FoliarAppDate= 06/07/1989
FoliarForageBegin= 06/05/1989
FoliarForageEnd= 06/28/1989
AIContactFactor= 1.56491606605239
CL4Pollen= 0.19339825771749
CL4Nectar= 33.7038956116885
CL5Pollen= 2.19378086831421
CL5Nectar= 53.9741776767187
CLDPollen= 0.242657833267003
CLDNectar= 129.464103025384
CA13Pollen= 7.85635665226728
CA13Nectar= 27.8737938590348
CA410Pollen= 2.37622601881158
CA410Nectar= 133.410150674172
CA1120Pollen= 1.32988619967364
CA1120Nectar= 24.4538894109428
IPollenTrips= 8.94623692380264
INectarTrips= 9.08300323178992
IPollenLoad= 7.29389402782544
INectarLoad= 3.59954693587497
ESoilP= 1.04062495590188
ESoilFoc= 0.0074035966056399
