ICQueenStrength= 4.1584084732458
RQWkrDrnRatio= 1.11117482930422
ICDroneMiteSurvivorship= 73.8519712118432
ICWorkerMiteSurvivorship= 46.4533453341573
ICForagerLifespan= 7.00403914693743
ImmType= Cosine
RQQueenStrength= 3.85370714589953
RQEnableReQueen=true
AIAdultSlope= 7.80565713718534
AIAdultLD50= 0.599518276909599
AIAdultSlopeContact= 5.04928216082044
AIAdultLD50Contact= 78.4299162769006
AILarvaSlope= 5.14512429200113
AILarvaLD50= 87.1082415809727
AIKOW= 43630.2714307365
AIKOC= 45382.4285255491
AIHalfLife= 20.2695255744504
EAppRate= 7.32861471734685
FoliarEnabled=true
FoliarAppDate= 07/01/1989
FoliarForageBegin= 07/01/1989
FoliarForageEnd= 07/14/1989
AIContactFactor= 1.1120248191338
CL4Pollen= 1.41005382314324
CL4Nectar= 52.401066175662
CL5Pollen= 4.18557639140636
CL5Nectar= 24.3076687445864
CLDPollen= 5.74934846861288
CLDNectar= 137.960722809657
CA13Pollen= 7.9571008768864
CA13Nectar= 60.9606649912894
CA410Pollen= 3.02301964599174
CA410Nectar= 167.069984194823
CA1120Pollen= 0.583238766063005
CA1120Nectar= 66.2754858285189
IPollenTrips= 13.3269527228549
INectarTrips= 7.42120838724077
IPollenLoad= 7.23861364182085
INectarLoad= 4.26612828858197
