ICQueenStrength= 3.3526755173225
RQWkrDrnRatio= 3.42090569157153
ICDroneMiteSurvivorship= 57.8808385180309
ICWorkerMiteSurvivorship= 61.4449111744761
ICForagerLifespan= 11.5629675360397
ImmType= Tangent
RQQueenStrength= 3.71190368803218
RQEnableReQueen= true
AIAdultSlope= 5.88613619841635
AIAdultLD50= 55.1517656855888
AIAdultSlopeContact= 6.24619289278053
AIAdultLD50Contact= 28.9610162451004
AILarvaSlope= 6.45654993504286
AILarvaLD50= 20.7645109324656
AIKOW= 98314.9377917239
AIKOC= 6109.51951373299
AIHalfLife= 23.8791347771185
EAppRate= 1.00130799350259
FoliarEnabled= true
FoliarAppDate= 06/07/1989
FoliarForageBegin= 06/05/1989
FoliarForageEnd= 06/28/1989
AIContactFactor= 1.19378003454767
CL4Pollen= 2.74493017792702
CL4Nectar= 59.7426768625155
CL5Pollen= 3.42655728198588
CL5Nectar= 97.25578262005
CLDPollen= 1.815365226008
CLDNectar= 46.0849863127805
CA13Pollen= 4.88340339558199
CA13Nectar= 79.7267295792699
CA410Pollen= 9.32313776817173
CA410Nectar= 86.4158793631941
CA1120Pollen= 2.76395683502778
CA1120Nectar= 56.9675445370376
IPollenTrips= 12.8878023056313
INectarTrips= 10.7734116492793
IPollenLoad= 5.84353787824512
INectarLoad= 9.59792917594314
ESoilP= 1.52175191091374
ESoilFoc= 0.0131078610131517
