ICQueenStrength= 2.22318646288477
RQWkrDrnRatio= 1.69189935084432
ICDroneMiteSurvivorship= 16.8003948172554
ICWorkerMiteSurvivorship= 45.4386960947886
ICForagerLifespan= 4.40731047373265
ImmType= Logarithmic
RQQueenStrength= 1.18550805165432
RQEnableReQueen= true
AIAdultSlope= 7.95469092577696
AIAdultLD50= 73.9959779603898
AIAdultSlopeContact= 6.03499821503647
AIAdultLD50Contact= 2.15047743334901
AILarvaSlope= 8.03409726172686
AILarvaLD50= 69.4301881772815
AIKOW= 60557.0538296872
AIKOC= 11708.4574026058
AIHalfLife= 23.1829798669787
EAppRate= 8.19859843548806
FoliarEnabled= true
FoliarAppDate= 06/07/1989
FoliarForageBegin= 06/05/1989
FoliarForageEnd= 06/28/1989
AIContactFactor= 0.708095560087822
CL4Pollen= 1.09201518446207
CL4Nectar= 10.1592636900023
CL5Pollen= 3.6545751853846
CL5Nectar= 82.5972723774612
CLDPollen= 2.78483069362119
CLDNectar= 61.1948305740952
CA13Pollen= 5.69479097500443
CA13Nectar= 35.0506000593305
CA410Pollen= 5.44060018116143
CA410Nectar= 144.636386218481
CA1120Pollen= 0.568674864945933
CA1120Nectar= 59.8597560636699
IPollenTrips= 14.6950614568777
INectarTrips= 13.6272082990035
IPollenLoad= 3.25212992727757
INectarLoad= 5.45317095005885
