ICQueenStrength= 2.31135959760286
RQWkrDrnRatio= 1.87347789760679
ICDroneMiteSurvivorship= 10.4462325572968
ICWorkerMiteSurvivorship= 15.0898807914928
ICForagerLifespan= 9.79137269500643
ImmType= Sine
RQQueenStrength= 4.10743652982637
RQEnableReQueen= true
AIAdultSlope= 8.31850814819336
AIAdultLD50= 22.8020642323538
AIAdultSlopeContact= 7.50581437768415
AIAdultLD50Contact= 25.8071243976264
AILarvaSlope= 5.17261325195432
AILarvaLD50= 45.7851417441193
AIKOW= 53678.7258681929
AIKOC= 99277.561094804
AIHalfLife= 5.66888137259521
EAppRate= 8.68382732346537
FoliarEnabled= true
FoliarAppDate= 06/07/1989
FoliarForageBegin= 06/05/1989
FoliarForageEnd= 06/28/1989
AIContactFactor= 1.91621887147892
CL4Pollen= 3.7898717680946
CL4Nectar= 22.8311525890604
CL5Pollen= 5.79067483451217
CL5Nectar= 35.0185531424358
CLDPollen= 4.27352554444224
CLDNectar= 142.283212020993
CA13Pollen= 6.01455652136356
CA13Nectar= 69.6867693960667
CA410Pollen= 8.26334226566832
CA410Nectar= 74.7207951080054
CA1120Pollen= 1.49551074206829
CA1120Nectar= 27.2148064523935
IPollenTrips= 9.50784272048622
INectarTrips= 6.78023930639029
IPollenLoad= 3.80291722016409
INectarLoad= 4.6394958649762
