ICQueenStrength= 3.81098865438253
RQWkrDrnRatio= 1.87239850498736
ICDroneMiteSurvivorship= 23.1692015426233
ICWorkerMiteSurvivorship= 64.9290894158185
ICForagerLifespan= 14.7443569162861
ImmType= Tangent
RQQueenStrength= 1.92104573268443
RQEnableReQueen= true
AIAdultSlope= 8.50631599128246
AIAdultLD50= 32.9807106138547
AIAdultSlopeContact= 8.18576160701923
AIAdultLD50Contact= 22.4109901245506
AILarvaSlope= 1.94337642379105
AILarvaLD50= 24.957239579933
AIKOW= 35682.8186251274
AIKOC= 44634.5135693706
AIHalfLife= 9.49878388855141
EAppRate= 1.03594934928231
FoliarEnabled= true
FoliarAppDate= 06/07/1989
FoliarForageBegin= 06/05/1989
FoliarForageEnd= 06/28/1989
AIContactFactor= 1.40524690567981
CL4Pollen= 1.3647584086284
CL4Nectar= 74.5918889297172
CL5Pollen= 0.0361333466134965
CL5Nectar= 114.930414548144
CLDPollen= 4.72968340292573
CLDNectar= 96.9807264162228
CA13Pollen= 2.98788527194411
CA13Nectar= 67.8453429602087
CA410Pollen= 5.40723677536007
CA410Nectar= 199.290199358948
CA1120Pollen= 1.40253033279441
CA1120Nectar= 53.0445218272507
IPollenTrips= 10.7687397813424
INectarTrips= 5.55985791841522
IPollenLoad= 4.25847386009991
INectarLoad= 5.10475595481694
