ICQueenStrength= 4.06106405565515
RQWkrDrnRatio= 2.16638788301498
ICDroneMiteSurvivorship= 66.5872410172597
ICWorkerMiteSurvivorship= 87.1222413610667
ICForagerLifespan= 13.6873966967687
ImmType= Cosine
RQQueenStrength= 4.35076980292797
RQEnableReQueen= true
AIAdultSlope= 2.74469404295087
AIAdultLD50= 85.0194514766554
AIAdultSlopeContact= 3.16389682632871
AIAdultLD50Contact= 91.8426365264684
AILarvaSlope= 1.06115829572082
AILarvaLD50= 72.0523225971516
AIKOW= 62825.0278687409
AIKOC= 21454.5264458603
AIHalfLife= 13.4092366728932
EAppRate= 1.04005958884233
FoliarEnabled= true
FoliarAppDate= 06/07/1989
FoliarForageBegin= 06/05/1989
FoliarForageEnd= 06/28/1989
AIContactFactor= 0.411798553634435
CL4Pollen= 3.4851440815255
CL4Nectar= 3.62149381544441
CL5Pollen= 2.62004393292591
CL5Nectar= 52.3123238584958
CLDPollen= 2.32521182997152
CLDNectar= 147.676234797109
CA13Pollen= 6.27959915744141
CA13Nectar= 20.488752219826
CA410Pollen= 3.05980137293227
CA410Nectar= 106.803138651885
CA1120Pollen= 0.038378584664315
CA1120Nectar= 60.928396768868
IPollenTrips= 13.212213255465
INectarTrips= 7.75707858381793
IPollenLoad= 4.08783955965191
INectarLoad= 7.81458282610402
