ICQueenStrength= 1.82251948770136
RQWkrDrnRatio= 4.43495854176581
ICDroneMiteSurvivorship= 77.3580040317029
ICWorkerMiteSurvivorship= 42.6793924067169
ICForagerLifespan= 9.63914726953954
ImmType= Cosine
RQQueenStrength= 5.83285465277731
RQEnableReQueen= true
AIAdultSlope= 6.591194357723
AIAdultLD50= 0.630042061162181
AIAdultSlopeContact= 6.69868277735077
AIAdultLD50Contact= 3.49747224092833
AILarvaSlope= 1.89143828861415
AILarvaLD50= 61.9154126469346
AIKOW= 42348.7611722716
AIKOC= 323.384865381056
AIHalfLife= 16.9989083897788
EAppRate= 1.00978675143654
FoliarEnabled= true
FoliarAppDate= 09/01/1989
FoliarForageBegin= 09/01/1989
FoliarForageEnd= 09/08/1989
AIContactFactor= 0.580350328721106
CL4Pollen= 0.116976705379784
CL4Nectar= 9.74327689036727
CL5Pollen= 1.86398422345519
CL5Nectar= 118.204633053392
CLDPollen= 4.83342322334647
CLDNectar= 48.2147831353359
CA13Pollen= 2.21614154642448
CA13Nectar= 84.5463628508151
CA410Pollen= 6.89201911929995
CA410Nectar= 22.0373972924426
CA1120Pollen= 1.30289213103242
CA1120Nectar= 37.0647768490016
IPollenTrips= 10.3865243517794
INectarTrips= 11.4867361215875
IPollenLoad= 7.89584475336596
INectarLoad= 8.67609420325607
