ICQueenStrength= 4.88933343696408
RQWkrDrnRatio= 2.85823193565011
ICDroneMiteSurvivorship= 74.5312269311398
ICWorkerMiteSurvivorship= 78.5402318229899
ICForagerLifespan= 5.77403639443219
ImmType= Polynomial
RQQueenStrength= 2.75068555399776
RQEnableReQueen= true
AIAdultSlope= 6.21530933305621
AIAdultLD50= 81.652553850946
AIAdultSlopeContact= 7.23203441780061
AIAdultLD50Contact= 30.6154794460784
AILarvaSlope= 8.98524493351579
AILarvaLD50= 73.981588797976
AIKOW= 6872.05211682083
AIKOC= 63316.6230178438
AIHalfLife= 22.1988668458071
EAppRate= 4.24208351495327
FoliarEnabled= true
FoliarAppDate= 06/07/1989
FoliarForageBegin= 06/05/1989
FoliarForageEnd= 06/28/1989
AIContactFactor= 1.39325610987376
CL4Pollen= 1.66177579760551
CL4Nectar= 23.0587489670143
CL5Pollen= 0.138870715163648
CL5Nectar= 58.0004466581158
CLDPollen= 1.93083854299039
CLDNectar= 105.710858898237
CA13Pollen= 3.14389519933611
CA13Nectar= 94.2503901384771
CA410Pollen= 7.66248503795359
CA410Nectar= 88.8224178086966
CA1120Pollen= 1.55355380941182
CA1120Nectar= 39.3676071055233
IPollenTrips= 5.05887324921787
INectarTrips= 12.215875457041
IPollenLoad= 8.09405799489468
INectarLoad= 7.17225475236773
