ICQueenStrength= 2.05636490392499
RQWkrDrnRatio= 1.38403075281531
ICDroneMiteSurvivorship= 66.32214281708
ICWorkerMiteSurvivorship= 84.9185903090984
ICForagerLifespan= 9.61791569087654
ImmType= Logarithmic
RQQueenStrength= 4.25276016257703
RQEnableReQueen= true
AIAdultSlope= 3.10577943921089
AIAdultLD50= 82.5092650318656
AIAdultSlopeContact= 2.80326611083001
AIAdultLD50Contact= 40.9039846807516
AILarvaSlope= 3.92256426624954
AILarvaLD50= 4.44765055626608
AIKOW= 79547.5824699382
AIKOC= 73361.87751733
AIHalfLife= 5.12992977309041
EAppRate= 9.90453242257074
FoliarEnabled= true
FoliarAppDate= 06/07/1989
FoliarForageBegin= 06/05/1989
FoliarForageEnd= 06/28/1989
AIContactFactor= 2.25571051939856
CL4Pollen= 0.121604106388986
CL4Nectar= 54.3378326110542
CL5Pollen= 1.90589897381142
CL5Nectar= 51.1756075196899
CLDPollen= 5.02829781314358
CLDNectar= 136.879069008864
CA13Pollen= 7.78645343361422
CA13Nectar= 80.6774943135679
CA410Pollen= 3.09626863319427
CA410Nectar= 62.5443952344358
CA1120Pollen= 1.14003443811089
CA1120Nectar= 51.9816000945866
IPollenTrips= 5.59934074990451
INectarTrips= 11.4150603185408
IPollenLoad= 0.681021707132459
INectarLoad= 1.14285657880828
ESoilP= 1.76684011495672
ESoilFoc= 0.0194135532220826
