ICQueenStrength= 5.13155644084327
RQWkrDrnRatio= 3.61928826570511
ICDroneMiteSurvivorship= 48.9726969506592
ICWorkerMiteSurvivorship= 87.4492175178602
ICForagerLifespan= 4.25377563294023
ImmType= Cosine
RQQueenStrength= 3.35331966541708
RQEnableReQueen= true
AIAdultSlope= 4.24126451089978
AIAdultLD50= 61.3778847325146
AIAdultSlopeContact= 5.77623600210063
AIAdultLD50Contact= 21.5050093056385
AILarvaSlope= 7.21420374326408
AILarvaLD50= 74.6364744301005
AIKOW= 63464.6797067957
AIKOC= 39739.9807055488
AIHalfLife= 15.5883781442884
EAppRate= 1.60953351024562
FoliarEnabled= true
FoliarAppDate= 06/07/1989
FoliarForageBegin= 06/05/1989
FoliarForageEnd= 06/28/1989
AIContactFactor= 1.38245602660812
CL4Pollen= 3.95762397535145
CL4Nectar= 83.0076918471605
CL5Pollen= 4.79807748226449
CL5Nectar= 108.528535393998
CLDPollen= 3.33370581502095
CLDNectar= 120.622124697547
CA13Pollen= 6.11007295716554
CA13Nectar= 44.3086923286319
CA410Pollen= 9.01363591437694
CA410Nectar= 199.232967640273
CA1120Pollen= 1.06676028203219
CA1120Nectar= 90.9751030243933
IPollenTrips= 6.73716098070145
INectarTrips= 9.1849656123668
IPollenLoad= 4.08918452449143
INectarLoad= 9.53440084820613
