ICQueenStrength= 1.43238507350907
RQWkrDrnRatio= 3.77652396354824
ICDroneMiteSurvivorship= 86.8860344635323
ICWorkerMiteSurvivorship= 36.4432188915089
ICForagerLifespan= 11.9900955948979
ImmType= Logarithmic
RQQueenStrength= 1.77430503908545
RQEnableReQueen= true
AIAdultSlope= 5.79130895063281
AIAdultLD50= 34.6723720497251
AIAdultSlopeContact= 1.87211878178641
AIAdultLD50Contact= 35.3323845147879
AILarvaSlope= 4.5061570815742
AILarvaLD50= 65.8633703998614
AIKOW= 19717.1373481933
AIKOC= 91839.9637039739
AIHalfLife= 14.1152591760969
EAppRate= 1.6520639764606
FoliarEnabled= true
FoliarAppDate= 06/07/1989
FoliarForageBegin= 06/05/1989
FoliarForageEnd= 06/28/1989
AIContactFactor= 0.831492697377689
CL4Pollen= 2.07117749378085
CL4Nectar= 84.4692117534578
CL5Pollen= 3.50934499315917
CL5Nectar= 127.172694203909
CLDPollen= 0.795057985000312
CLDNectar= 27.8082734439522
CA13Pollen= 4.11169130336493
CA13Nectar= 54.6942825987935
CA410Pollen= 7.82430583073292
CA410Nectar= 130.273862406611
CA1120Pollen= 1.49985223542899
CA1120Nectar= 69.9249920621514
IPollenTrips= 8.09223357820883
INectarTrips= 14.7033857973292
IPollenLoad= 4.41248198971152
INectarLoad= 3.37871802039444
