ICQueenStrength= 1.48619044129737
RQWkrDrnRatio= 2.20802912954241
ICDroneMiteSurvivorship= 40.6082879984751
ICWorkerMiteSurvivorship= 54.6065728412941
ICForagerLifespan= 12.294944784604
ImmType= Cosine
AIAdultSlope= 2.74732808547327
AIAdultLD50= 0.0203601653687656
AIAdultSlopeContact= 1.78428144170903
AIAdultLD50Contact= 0.0310719966655597
AILarvaSlope= 2.67843706249259
AILarvaLD50= 0.276042238902301
AIKOW= 2.28905037883669
AIKOC= 13.0048415868077
AIHalfLife= 2.8091758626746
EAppRate= 8.22396852308884
FoliarEnabled= true
