ICQueenStrength= 1.54341871291399
RQWkrDrnRatio= 3.44999097380787
ICDroneMiteSurvivorship= 40.2636172249913
ICWorkerMiteSurvivorship= 7.64668956398964
ICForagerLifespan= 8.31191129144281
ImmType= Cosine
RQQueenStrength= 5.9668126704637
RQEnableReQueen= true
AIAdultSlope= 5.66493300907314
AIAdultLD50= 65.0476394937059
AIAdultSlopeContact= 9.31087098037824
AIAdultLD50Contact= 35.8537431546263
AILarvaSlope= 7.05625167861581
AILarvaLD50= 49.2372311107174
AIKOW= 65907.921721795
AIKOC= 91027.2156544977
AIHalfLife= 32.5721300714416
EAppRate= 1.35966967669153
FoliarEnabled= true
FoliarAppDate= 06/07/1989
FoliarForageBegin= 06/05/1989
FoliarForageEnd= 06/28/1989
AIContactFactor= 1.07666384309065
CL4Pollen= 0.397479081526399
CL4Nectar= 59.5221364172176
CL5Pollen= 2.94763139868155
CL5Nectar= 149.344112095423
CLDPollen= 1.72121803555638
CLDNectar= 12.9280268680304
CA13Pollen= 2.61137007251382
CA13Nectar= 86.7600213736296
CA410Pollen= 6.72211696612649
CA410Nectar= 105.604256978258
CA1120Pollen= 1.44260570942424
CA1120Nectar= 73.1063353642821
IPollenTrips= 12.078969606664
INectarTrips= 9.29460850311443
IPollenLoad= 9.4658517697826
INectarLoad= 7.44886828586459
