ICQueenStrength= 2.22399853426032
RQWkrDrnRatio= 4.38734205625951
ICDroneMiteSurvivorship= 73.2202129904181
ICWorkerMiteSurvivorship= 79.6176473144442
ICForagerLifespan= 14.7159588159993
ImmType= Polynomial
RQQueenStrength= 4.85321336449124
RQEnableReQueen= true
AIAdultSlope= 1.54402367584407
AIAdultLD50= 72.128749376412
AIAdultSlopeContact= 1.84684488782659
AIAdultLD50Contact= 89.626841230372
AILarvaSlope= 3.6378864068538
AILarvaLD50= 6.22183985113795
AIKOW= 42488.6430848721
AIKOC= 75681.3390387641
AIHalfLife= 0.712947719870135
EAppRate= 2.75541554356809
FoliarEnabled= true
FoliarAppDate= 06/07/1989
FoliarForageBegin= 06/05/1989
FoliarForageEnd= 06/28/1989
AIContactFactor= 1.25446561115794
CL4Pollen= 0.220353147014976
CL4Nectar= 89.997665793635
CL5Pollen= 5.90413496084511
CL5Nectar= 103.210437262896
CLDPollen= 0.801861454267055
CLDNectar= 29.97390817618
CA13Pollen= 2.78590594772249
CA13Nectar= 56.1145395599306
CA410Pollen= 4.02573969874065
CA410Nectar= 120.013712700456
CA1120Pollen= 0.258011825149879
CA1120Nectar= 60.3580433130264
IPollenTrips= 9.13142500445247
INectarTrips= 9.31376868626103
IPollenLoad= 8.2076910417527
INectarLoad= 1.19102123891935
