ICQueenStrength= 3.07301704213023
RQWkrDrnRatio= 1.4084213860333
ICDroneMiteSurvivorship= 14.6450379164889
ICWorkerMiteSurvivorship= 68.0549909360707
ICForagerLifespan= 13.607918898575
ImmType= Tangent
RQQueenStrength= 2.80723386700265
RQEnableReQueen= true
AIAdultSlope= 1.98206488974392
AIAdultLD50= 77.4823886886502
AIAdultSlopeContact= 6.57340611284599
AIAdultLD50Contact= 71.3091761278512
AILarvaSlope= 2.84339053556323
AILarvaLD50= 22.3112107118266
AIKOW= 20204.1849196062
AIKOC= 12031.7185639173
AIHalfLife= 18.8696536913514
EAppRate= 3.63689680242306
FoliarEnabled= true
FoliarAppDate= 06/07/1989
FoliarForageBegin= 06/05/1989
FoliarForageEnd= 06/28/1989
AIContactFactor= 2.21121294383425
CL4Pollen= 0.778160721994936
CL4Nectar= 27.6384267490357
CL5Pollen= 5.99388690199703
CL5Nectar= 20.3363498090766
CLDPollen= 2.62260100292042
CLDNectar= 139.731325011235
CA13Pollen= 8.03895195089281
CA13Nectar= 65.8565024286509
CA410Pollen= 6.40323526496068
CA410Nectar= 173.961399113759
CA1120Pollen= 2.41371835931204
CA1120Nectar= 35.8257861994207
IPollenTrips= 5.30031463131309
INectarTrips= 11.3691260991618
IPollenLoad= 8.51605420000851
INectarLoad= 2.58370237192139
