ICQueenStrength= 1.88149829651229
RQWkrDrnRatio= 3.72674788814038
ICDroneMiteSurvivorship= 83.0026642652228
ICWorkerMiteSurvivorship= 35.3184464853257
ICForagerLifespan= 6.72589492984116
ImmType= Logarithmic
RQQueenStrength= 2.04050354566425
RQEnableReQueen= true
AIAdultSlope= 7.27061160281301
AIAdultLD50= 13.1601434621811
AIAdultSlopeContact= 2.9558824354317
AIAdultLD50Contact= 56.9333702829105
AILarvaSlope= 6.56084876321256
AILarvaLD50= 35.0938559336443
AIKOW= 10496.942173055
AIKOC= 31884.0883871035
AIHalfLife= 5.59466895184014
EAppRate= 2.36822287811199
FoliarEnabled= true
FoliarAppDate= 06/07/1989
FoliarForageBegin= 06/05/1989
FoliarForageEnd= 06/28/1989
AIContactFactor= 2.23927039702889
CL4Pollen= 1.96331934817135
CL4Nectar= 42.2099495306611
CL5Pollen= 3.19732411159202
CL5Nectar= 33.1306535052136
CLDPollen= 4.51912954403087
CLDNectar= 104.36254539527
CA13Pollen= 2.85339683089405
CA13Nectar= 95.229430757463
CA410Pollen= 4.30161656339187
CA410Nectar= 165.062836185098
CA1120Pollen= 1.75702007976361
CA1120Nectar= 24.0886522457004
IPollenTrips= 8.32974998047575
INectarTrips= 7.15650185476989
IPollenLoad= 2.22668477799743
INectarLoad= 1.04647208936512
ESoilP= 1.76929782656953
ESoilFoc= 0.00338898287224583
