ICQueenStrength= 5.02176662231795
RQWkrDrnRatio= 4.51919954456389
ICDroneMiteSurvivorship= 32.8761256299913
ICWorkerMiteSurvivorship= 56.6047413274646
ICForagerLifespan= 7.88014854583889
ImmType= Exponential
RQQueenStrength= 1.00414474750869
RQEnableReQueen= true
AIAdultSlope= 4.37828959524632
AIAdultLD50= 17.1025579221619
AIAdultSlopeContact= 5.483493803069
AIAdultLD50Contact= 34.4870647385907
AILarvaSlope= 2.3931996319443
AILarvaLD50= 26.6674112626817
AIKOW= 64395.9895222931
AIKOC= 28719.8489740933
AIHalfLife= 3.09015484626871
EAppRate= 1.3161419056491
FoliarEnabled= true
FoliarAppDate= 06/07/1989
FoliarForageBegin= 06/05/1989
FoliarForageEnd= 06/28/1989
AIContactFactor= 1.72160932225641
CL4Pollen= 1.09578872937709
CL4Nectar= 79.990269523114
CL5Pollen= 4.17963827680796
CL5Nectar= 115.737087931484
CLDPollen= 5.29573088558391
CLDNectar= 28.9540507597849
CA13Pollen= 7.04256020747125
CA13Nectar= 25.9178064204752
CA410Pollen= 6.43795228293166
CA410Nectar= 41.8067555874586
CA1120Pollen= 2.01081765512936
CA1120Nectar= 64.7062298282981
IPollenTrips= 10.2342427754775
INectarTrips= 13.1967808492482
IPollenLoad= 3.80392499268055
INectarLoad= 4.88700172398239
