ICQueenStrength= 3.30945813120343
RQWkrDrnRatio= 4.22632106393576
ICDroneMiteSurvivorship= 95.5870689125732
ICWorkerMiteSurvivorship= 4.00697749573737
ICForagerLifespan= 14.5134650915861
ImmType= Exponential
RQQueenStrength= 2.67308710631914
RQEnableReQueen= true
AIAdultSlope= 3.87998490966856
AIAdultLD50= 0.500620596616296
AIAdultSlopeContact= 1.51060035359114
AIAdultLD50Contact= 32.9295254740289
AILarvaSlope= 7.07286446727812
AILarvaLD50= 69.0105233809901
AIKOW= 62180.5089626809
AIKOC= 54992.8029449016
AIHalfLife= 26.1705974354874
EAppRate= 2.28507560356148
FoliarEnabled= true
FoliarAppDate= 09/01/1989
FoliarForageBegin= 09/01/1989
FoliarForageEnd= 09/08/1989
AIContactFactor= 0.771494085928425
CL4Pollen= 2.37433857657015
CL4Nectar= 92.5063655944541
CL5Pollen= 0.786897517740726
CL5Nectar= 54.2629093048163
CLDPollen= 1.84331509005278
CLDNectar= 65.0144819752313
CA13Pollen= 6.25536349629983
CA13Nectar= 33.9098254218698
CA410Pollen= 3.4939203068614
CA410Nectar= 184.028964661993
CA1120Pollen= 2.87955855438486
CA1120Nectar= 26.6592796333134
IPollenTrips= 10.762092624791
INectarTrips= 8.85652842000127
IPollenLoad= 0.0461960583925247
INectarLoad= 1.77326591219753
