ICQueenStrength= 3.2532953042537
RQWkrDrnRatio= 4.65546246338636
ICDroneMiteSurvivorship= 43.8291072612628
ICWorkerMiteSurvivorship= 12.1278702281415
ICForagerLifespan= 5.00467025302351
ImmType= Polynomial
RQQueenStrength= 4.49023698829114
RQEnableReQueen= true
AIAdultSlope= 5.4380229189992
AIAdultLD50= 79.6957391710214
AIAdultSlopeContact= 5.44038900686428
AIAdultLD50Contact= 56.5566196566534
AILarvaSlope= 5.08038641512394
AILarvaLD50= 94.1674243215758
AIKOW= 72431.9274398494
AIKOC= 27356.9742276799
AIHalfLife= 32.5796375614591
EAppRate= 9.04024823370157
FoliarEnabled= true
FoliarAppDate= 06/07/1989
FoliarForageBegin= 06/05/1989
FoliarForageEnd= 06/28/1989
AIContactFactor= 1.42956896267366
CL4Pollen= 1.89364059828222
CL4Nectar= 53.5408194642514
CL5Pollen= 5.15750247146934
CL5Nectar= 125.800425745547
CLDPollen= 2.29989458341151
CLDNectar= 143.246295978315
CA13Pollen= 4.51396573409438
CA13Nectar= 95.8374024182558
CA410Pollen= 2.76266514193267
CA410Nectar= 135.351817621849
CA1120Pollen= 0.409038758603856
CA1120Nectar= 98.7297670915723
IPollenTrips= 7.85053609637544
INectarTrips= 5.26432312326506
IPollenLoad= 2.54642482381314
INectarLoad= 1.77807351341471
ESoilP= 1.13644722872414
ESoilFoc= 0.0117522058000322
