ICQueenStrength= 5.80621963040903
RQWkrDrnRatio= 2.44208260066807
ICDroneMiteSurvivorship= 42.7781155332923
ICWorkerMiteSurvivorship= 0.421982724219561
ICForagerLifespan= 7.61980306822807
ImmType= Logarithmic
RQQueenStrength= 3.52700969809666
RQEnableReQueen= true
AIAdultSlope= 5.66456275619566
AIAdultLD50= 51.5808419342618
AIAdultSlopeContact= 3.15042057842948
AIAdultLD50Contact= 32.9633219242543
AILarvaSlope= 8.81155187822878
AILarvaLD50= 88.0123799130113
AIKOW= 9506.60537151176
AIKOC= 73864.2320348676
AIHalfLife= 2.90344530707225
EAppRate= 5.09271185728628
FoliarEnabled= true
FoliarAppDate= 06/07/1989
FoliarForageBegin= 06/05/1989
FoliarForageEnd= 06/28/1989
AIContactFactor= 1.91601810357068
CL4Pollen= 3.570676532574
CL4Nectar= 23.7062647938728
CL5Pollen= 3.13823538227007
CL5Nectar= 51.6249733278528
CLDPollen= 4.37883710023016
CLDNectar= 116.449746431317
CA13Pollen= 4.87503514932468
CA13Nectar= 79.0423745661974
CA410Pollen= 8.43656355440617
CA410Nectar= 82.590065440163
CA1120Pollen= 0.632239439757541
CA1120Nectar= 50.9929860569537
IPollenTrips= 6.09267588239163
INectarTrips= 12.5303518190049
IPollenLoad= 6.87317425152287
INectarLoad= 6.0938256373629
ESoilP= 1.10871736193076
ESoilFoc= 0.0179781614355743
