ICQueenStrength= 1.89302342617884
RQWkrDrnRatio= 4.03072015941143
ICDroneMiteSurvivorship= 35.5261069023982
ICWorkerMiteSurvivorship= 84.0132426936179
ICForagerLifespan= 8.03624494094402
ImmType= Polynomial
RQQueenStrength= 3.47129264404066
RQEnableReQueen= true
AIAdultSlope= 1.30404308624566
AIAdultLD50= 49.0685219206386
AIAdultSlopeContact= 9.30259948573075
AIAdultLD50Contact= 25.1721743873267
AILarvaSlope= 6.93846214748919
AILarvaLD50= 16.2903510122562
AIKOW= 5100.5785956502
AIKOC= 57220.1352798317
AIHalfLife= 32.5840598761104
EAppRate= 2.5763987194153
FoliarEnabled= true
FoliarAppDate= 06/07/1989
FoliarForageBegin= 06/05/1989
FoliarForageEnd= 06/28/1989
AIContactFactor= 1.03001338572241
CL4Pollen= 1.7654122011736
CL4Nectar= 13.0163335241377
CL5Pollen= 5.36848378228024
CL5Nectar= 24.2094864137471
CLDPollen= 5.38343748450279
CLDNectar= 89.6601884742267
CA13Pollen= 2.51259917700663
CA13Nectar= 70.4917178489268
CA410Pollen= 2.44650603686459
CA410Nectar= 153.904490536079
CA1120Pollen= 1.80226480099373
CA1120Nectar= 43.195113632828
IPollenTrips= 11.3693157979287
INectarTrips= 9.14479663595557
IPollenLoad= 5.26303909020498
INectarLoad= 6.72247826354578
