ICQueenStrength= 5.09204910742119
RQWkrDrnRatio= 2.2908492134884
ICDroneMiteSurvivorship= 86.9623606558889
ICWorkerMiteSurvivorship= 26.6762711107731
ICForagerLifespan= 9.45845364872366
ImmType= Sine
AIAdultSlope= 2.16084894108586
AIAdultLD50= 0.181996216857806
AIAdultSlopeContact= 3.61538675051881
AIAdultLD50Contact= 0.042773305461742
AILarvaSlope= 3.22642525853589
AILarvaLD50= 0.887108939699829
AIKOW= 4.63060175161809
AIKOC= 6.84623360401019
AIHalfLife= 0.136447707400657
EAppRate= 8.28736493363976
FoliarEnabled= true
