ICQueenStrength= 1.03465055604465
RQWkrDrnRatio= 3.31776559632272
ICDroneMiteSurvivorship= 37.2796786017716
ICWorkerMiteSurvivorship= 55.2215484436601
ICForagerLifespan= 9.90706975571811
ImmType= Cosine
RQQueenStrength= 3.07037402084097
RQEnableReQueen= true
AIAdultSlope= 6.64025781303644
AIAdultLD50= 21.7327675748738
AIAdultSlopeContact= 9.37985295802355
AIAdultLD50Contact= 80.0404368120441
AILarvaSlope= 7.99938924796879
AILarvaLD50= 36.3155003068473
AIKOW= 38267.1991163024
AIKOC= 96668.5284131779
AIHalfLife= 12.0582812216599
EAppRate= 0.633778398358962
FoliarEnabled= true
FoliarAppDate= 06/07/1989
FoliarForageBegin= 06/05/1989
FoliarForageEnd= 06/28/1989
AIContactFactor= 1.30308266527485
CL4Pollen= 1.95579604338855
CL4Nectar= 49.797734268941
CL5Pollen= 4.94557325681672
CL5Nectar= 18.4478898765519
CLDPollen= 2.78387052565813
CLDNectar= 54.2237597401254
CA13Pollen= 5.3686948845163
CA13Nectar= 97.2562539577484
CA410Pollen= 3.96988373389468
CA410Nectar= 101.835205974057
CA1120Pollen= 0.270116772735491
CA1120Nectar= 91.6899077966809
IPollenTrips= 10.8718603244051
INectarTrips= 7.17827609740198
IPollenLoad= 9.39426358090714
INectarLoad= 5.91096409363672
ESoilP= 1.49688073992729
ESoilFoc= 0.00280602617096156
