ICQueenStrength= 4.36140729836188
RQWkrDrnRatio= 4.62767773680389
ICDroneMiteSurvivorship= 45.2075841138139
ICWorkerMiteSurvivorship= 87.9840696463361
ICForagerLifespan= 14.6561517380178
ImmType= Polynomial
RQQueenStrength= 2.81659598252736
RQEnableReQueen= true
AIAdultSlope= 2.10098478011787
AIAdultLD50= 55.1998106932084
AIAdultSlopeContact= 2.6368293040432
AIAdultLD50Contact= 68.5345893359305
AILarvaSlope= 7.31474888697267
AILarvaLD50= 85.8293453536623
AIKOW= 14969.5261661695
AIKOC= 76870.7619754465
AIHalfLife= 17.885319778719
EAppRate= 5.59962304460933
FoliarEnabled= true
FoliarAppDate= 06/07/1989
FoliarForageBegin= 06/05/1989
FoliarForageEnd= 06/28/1989
AIContactFactor= 1.24713329599705
CL4Pollen= 2.19933528173715
CL4Nectar= 33.6956656305119
CL5Pollen= 0.400191618595272
CL5Nectar= 81.2096800189465
CLDPollen= 0.437547384761274
CLDNectar= 140.417777036782
CA13Pollen= 4.73953182464465
CA13Nectar= 63.7733857519925
CA410Pollen= 4.06818526431452
CA410Nectar= 26.8244160618633
CA1120Pollen= 2.35039675352164
CA1120Nectar= 35.2037638612092
IPollenTrips= 10.9029310964979
INectarTrips= 6.46190037718043
IPollenLoad= 0.259553571231663
INectarLoad= 7.98352492973208
