ICQueenStrength= 4.84396365843713
RQWkrDrnRatio= 2.41630880814046
ICDroneMiteSurvivorship= 24.5855955174193
ICWorkerMiteSurvivorship= 20.045122387819
ICForagerLifespan= 4.26382143329829
ImmType= Tangent
AIAdultSlope= 0.918062370142434
AIAdultLD50= 0.120222297869623
AIAdultSlopeContact= 1.56542683654698
AIAdultLD50Contact= 0.0415091653703712
AILarvaSlope= 1.98827690184116
AILarvaLD50= 0.291354032442905
AIKOW= 3.28748799674213
AIKOC= 6.89301736536436
AIHalfLife= 1.32855058426503
EAppRate= 0.488985953852534
FoliarEnabled= true
