ICQueenStrength= 5.31339403381571
RQWkrDrnRatio= 2.55468920245767
ICDroneMiteSurvivorship= 60.4428790742531
ICWorkerMiteSurvivorship= 40.8957386855036
ICForagerLifespan= 15.3573552258313
ImmType= Exponential
RQQueenStrength= 2.45098732318729
RQEnableReQueen= true
AIAdultSlope= 1.62901981547475
AIAdultLD50= 3.25706114972383
AIAdultSlopeContact= 2.44157753838226
AIAdultLD50Contact= 30.4451488628944
AILarvaSlope= 6.74100119061768
AILarvaLD50= 93.4099597024978
AIKOW= 5774.37422927519
AIKOC= 90640.4339229506
AIHalfLife= 26.2059218918206
EAppRate= 8.77229579670238
FoliarEnabled= true
FoliarAppDate= 06/07/1989
FoliarForageBegin= 06/05/1989
FoliarForageEnd= 06/28/1989
AIContactFactor= 0.287220570300706
CL4Pollen= 2.46536991931498
CL4Nectar= 38.2507757516578
CL5Pollen= 0.292074602097273
CL5Nectar= 56.6755027044564
CLDPollen= 1.36586533533409
CLDNectar= 148.435573268216
CA13Pollen= 5.28656771061942
CA13Nectar= 99.9930205009878
CA410Pollen= 4.39297707688529
CA410Nectar= 173.890142459422
CA1120Pollen= 2.33489736355841
CA1120Nectar= 24.9901737459004
IPollenTrips= 9.09140823874623
INectarTrips= 10.5706080398522
IPollenLoad= 9.41753817023709
INectarLoad= 1.79364415118471
