ICQueenStrength= 1.62703893403523
RQWkrDrnRatio= 2.78059215564281
ICDroneMiteSurvivorship= 62.4573190463707
ICWorkerMiteSurvivorship= 78.6152891349047
ICForagerLifespan= 11.616779957898
ImmType= Sine
RQQueenStrength= 4.34422521758825
RQEnableReQueen= true
AIAdultSlope= 6.24142140708864
AIAdultLD50= 28.3373083267245
AIAdultSlopeContact= 1.81364636332728
AIAdultLD50Contact= 34.3664582742709
AILarvaSlope= 5.54700003378093
AILarvaLD50= 12.273071911314
AIKOW= 15351.3673824059
AIKOC= 20354.1862768726
AIHalfLife= 29.2999897806672
EAppRate= 1.4995740773764
FoliarEnabled= true
FoliarAppDate= 06/07/1989
FoliarForageBegin= 06/05/1989
FoliarForageEnd= 06/28/1989
AIContactFactor= 1.91814698081929
CL4Pollen= 1.66411439701915
CL4Nectar= 99.9914035666734
CL5Pollen= 2.66757797962055
CL5Nectar= 36.0845425981097
CLDPollen= 5.70825581252575
CLDNectar= 110.429262835532
CA13Pollen= 6.06899514123797
CA13Nectar= 28.1866309605539
CA410Pollen= 7.16317142536864
CA410Nectar= 150.95496150665
CA1120Pollen= 0.498746243538335
CA1120Nectar= 61.0185893438756
IPollenTrips= 8.60537523869425
INectarTrips= 5.65052025951445
IPollenLoad= 2.98945093294606
INectarLoad= 6.84108334593475
