ICQueenStrength= 2.20786360115744
RQWkrDrnRatio= 2.41434149630368
ICDroneMiteSurvivorship= 50.3671448444948
ICWorkerMiteSurvivorship= 43.0425473256037
ICForagerLifespan= 4.60381953604519
ImmType= Logarithmic
RQQueenStrength= 2.61600274615921
RQEnableReQueen= true
AIAdultSlope= 4.74296832084656
AIAdultLD50= 77.053915484967
AIAdultSlopeContact= 9.25826833746396
AIAdultLD50Contact= 33.3383709014859
AILarvaSlope= 5.49892922304571
AILarvaLD50= 64.585761410458
AIKOW= 71184.8444948011
AIKOC= 43221.1673950492
AIHalfLife= 30.2091694041621
EAppRate= 2.45947165558091
FoliarEnabled= true
FoliarAppDate= 06/07/1989
FoliarForageBegin= 06/05/1989
FoliarForageEnd= 06/28/1989
AIContactFactor= 1.79445385710336
CL4Pollen= 0.38792906794697
CL4Nectar= 87.2538600349799
CL5Pollen= 5.41551745589823
CL5Nectar= 134.161328338087
CLDPollen= 0.195633650757372
CLDNectar= 25.6009322125465
CA13Pollen= 8.17251707641408
CA13Nectar= 62.514913380146
CA410Pollen= 3.31280181119218
CA410Nectar= 47.9001589259133
CA1120Pollen= 1.63587461574934
CA1120Nectar= 73.2929827831686
IPollenTrips= 11.8502134643495
INectarTrips= 9.89024515030906
IPollenLoad= 5.02550582867116
INectarLoad= 1.76609742920846
ESoilP= 1.3715322681237
ESoilFoc= 0.0192645340301096
