ICQueenStrength= 4.06364747346379
RQWkrDrnRatio= 2.05527502391487
ICDroneMiteSurvivorship= 30.9011322911829
ICWorkerMiteSurvivorship= 7.5647076126188
ICForagerLifespan= 15.8105146260932
ImmType= Tangent
RQQueenStrength= 3.28515132912435
RQEnableReQueen= true
AIAdultSlope= 4.43858121335506
AIAdultLD50= 25.5304586315602
AIAdultSlopeContact= 3.13312032818794
AIAdultLD50Contact= 89.5108421823017
AILarvaSlope= 7.16036070324481
AILarvaLD50= 96.9907517655566
AIKOW= 25775.1016829522
AIKOC= 56249.0312868238
AIHalfLife= 1.78239865957294
EAppRate= 1.7489063814613
FoliarEnabled= true
FoliarAppDate= 06/07/1989
FoliarForageBegin= 06/05/1989
FoliarForageEnd= 06/28/1989
AIContactFactor= 0.664923661090434
CL4Pollen= 1.74601961951703
CL4Nectar= 4.32797819375992
CL5Pollen= 2.41026577586308
CL5Nectar= 3.80906289210543
CLDPollen= 3.30711213173345
CLDNectar= 47.347600129433
CA13Pollen= 4.32891469430178
CA13Nectar= 80.1350278779864
CA410Pollen= 8.54152404256165
CA410Nectar= 41.5908700739965
CA1120Pollen= 2.20281844236888
CA1120Nectar= 33.7253591604531
IPollenTrips= 5.48832029569894
INectarTrips= 10.4618384642527
IPollenLoad= 4.28423130419105
INectarLoad= 2.84969242056832
