ICQueenStrength= 4.15226423088461
RQWkrDrnRatio= 1.21261751372367
ICDroneMiteSurvivorship= 77.5915848091245
ICWorkerMiteSurvivorship= 37.5984998885542
ICForagerLifespan= 8.00592993292958
ImmType= Tangent
RQQueenStrength= 1.17621879815124
RQEnableReQueen= true
AIAdultSlope= 3.45658768340945
AIAdultLD50= 44.8302616006501
AIAdultSlopeContact= 1.94057797803544
AIAdultLD50Contact= 82.3807632429581
AILarvaSlope= 1.86468920856714
AILarvaLD50= 56.3947422314177
AIKOW= 55312.9184974724
AIKOC= 19149.4210950676
AIHalfLife= 25.8571456188569
EAppRate= 0.138751407526433
FoliarEnabled= true
FoliarAppDate= 06/07/1989
FoliarForageBegin= 06/05/1989
FoliarForageEnd= 06/28/1989
AIContactFactor= 0.666959350719116
CL4Pollen= 1.41536603029817
CL4Nectar= 65.5361025594175
CL5Pollen= 3.24949989560992
CL5Nectar= 98.8608935731463
CLDPollen= 0.749415443278849
CLDNectar= 84.331564209424
CA13Pollen= 7.50030373064801
CA13Nectar= 45.6473833136261
CA410Pollen= 4.59051369840745
CA410Nectar= 163.831132613122
CA1120Pollen= 2.71171083580703
CA1120Nectar= 60.113881751895
IPollenTrips= 12.7199604641646
INectarTrips= 7.6586039038375
IPollenLoad= 6.60429677693173
INectarLoad= 3.50740122841671
