ICQueenStrength= 2.06486187898554
RQWkrDrnRatio= 3.57009129785001
ICDroneMiteSurvivorship= 42.0891768531874
ICWorkerMiteSurvivorship= 41.7172837536782
ICForagerLifespan= 8.66810805350542
ImmType= Exponential
RQQueenStrength= 1.53001658176072
RQEnableReQueen= true
AIAdultSlope= 5.5972789786756
AIAdultLD50= 54.9262823818228
AIAdultSlopeContact= 5.38767995149828
AIAdultLD50Contact= 37.7356590842414
AILarvaSlope= 8.38253403827548
AILarvaLD50= 20.3136212979746
AIKOW= 67438.9358807523
AIKOC= 6585.69062458328
AIHalfLife= 18.7206197162857
EAppRate= 7.87456049598102
FoliarEnabled= true
FoliarAppDate= 06/07/1989
FoliarForageBegin= 06/05/1989
FoliarForageEnd= 06/28/1989
AIContactFactor= 1.10743006015196
CL4Pollen= 1.14037202764302
CL4Nectar= 88.4530045790598
CL5Pollen= 4.52440417930484
CL5Nectar= 139.379355520941
CLDPollen= 3.4627641197294
CLDNectar= 147.754673205782
CA13Pollen= 5.47704942179844
CA13Nectar= 58.0149786919355
CA410Pollen= 4.58751274668612
CA410Nectar= 182.384882601909
CA1120Pollen= 1.17061780183576
CA1120Nectar= 73.7242938391864
IPollenTrips= 11.3806719542481
INectarTrips= 5.7720380788669
IPollenLoad= 9.06154134077951
INectarLoad= 6.86925024958327
ESoilP= 1.44310209341347
ESoilFoc= 0.00731781860999763
