ICQueenStrength= 3.08036469412036
RQWkrDrnRatio= 2.54882813151926
ICDroneMiteSurvivorship= 91.7419011006132
ICWorkerMiteSurvivorship= 93.3171037118882
ICForagerLifespan= 11.1829090937972
ImmType= Polynomial
RQQueenStrength= 3.2046975849662
RQEnableReQueen= true
AIAdultSlope= 5.26856802217662
AIAdultLD50= 0.192253606873332
AIAdultSlopeContact= 5.50216249749064
AIAdultLD50Contact= 7.26199993086164
AILarvaSlope= 8.87295076809824
AILarvaLD50= 5.38855881222826
AIKOW= 85722.1166911313
AIKOC= 56113.2327283619
AIHalfLife= 23.1342307776213
EAppRate= 5.03380468999082
FoliarEnabled= true
FoliarAppDate= 09/01/1989
FoliarForageBegin= 09/01/1989
FoliarForageEnd= 09/08/1989
AIContactFactor= 0.528870526226237
CL4Pollen= 0.144583250395954
CL4Nectar= 92.159394454211
CL5Pollen= 3.36275578429922
CL5Nectar= 60.4198571643792
CLDPollen= 0.594672827515751
CLDNectar= 81.3902804860845
CA13Pollen= 6.98523284010589
CA13Nectar= 23.932195045054
CA410Pollen= 5.99772728336975
CA410Nectar= 136.783884344622
CA1120Pollen= 0.24884769343771
CA1120Nectar= 84.764428474009
IPollenTrips= 8.31289729103446
INectarTrips= 6.37458047131076
IPollenLoad= 6.16442233556882
INectarLoad= 6.86958575854078
