ICQueenStrength= 1.99848182639107
RQWkrDrnRatio= 4.4413778167218
ICDroneMiteSurvivorship= 20.3472542809322
ICWorkerMiteSurvivorship= 21.2222936330363
ICForagerLifespan= 8.25971063971519
ImmType= Polynomial
AIAdultSlope= 0.719259130856954
AIAdultLD50= 0.188104730751365
AIAdultSlopeContact= 1.32643030737061
AIAdultLD50Contact= 0.0349937994964421
AILarvaSlope= 1.17676680744626
AILarvaLD50= 0.0550450670532882
AIKOW= 5.51367252506316
AIKOC= 17.359248806024
AIHalfLife= 2.45335323205218
EAppRate= 9.53410513466224
FoliarEnabled= true
