ICQueenStrength= 2.28051570616663
RQWkrDrnRatio= 1.66604339051992
ICDroneMiteSurvivorship= 87.8649307414889
ICWorkerMiteSurvivorship= 55.0655916566029
ICForagerLifespan= 15.1123224264011
ImmType= Logarithmic
RQQueenStrength= 3.37126258667558
RQEnableReQueen= true
AIAdultSlope= 3.10772107355297
AIAdultLD50= 44.8747000510993
AIAdultSlopeContact= 6.85452491091564
AIAdultLD50Contact= 93.1811895846869
AILarvaSlope= 2.3209936991334
AILarvaLD50= 32.3247457526401
AIKOW= 46289.3030998695
AIKOC= 51861.7985632
AIHalfLife= 10.6722454940667
EAppRate= 9.64716617859155
FoliarEnabled= true
FoliarAppDate= 06/07/1989
FoliarForageBegin= 06/05/1989
FoliarForageEnd= 06/28/1989
AIContactFactor= 1.54768564936705
CL4Pollen= 0.0925340829417109
CL4Nectar= 74.2534962715581
CL5Pollen= 3.1165889329277
CL5Nectar= 77.2220787825063
CLDPollen= 5.43718060199171
CLDNectar= 67.2201654757373
CA13Pollen= 3.4908219662495
CA13Nectar= 69.1460931114852
CA410Pollen= 6.29572877236642
CA410Nectar= 55.5780797963962
CA1120Pollen= 2.24209603783675
CA1120Nectar= 93.004099689424
IPollenTrips= 13.7531943945214
INectarTrips= 14.8049712460488
IPollenLoad= 1.91572485025972
INectarLoad= 2.76952957734466
ESoilP= 1.10278541594744
ESoilFoc= 0.0194403219087981
