ICQueenStrength= 2.60142848966643
RQWkrDrnRatio= 1.14179175533354
ICDroneMiteSurvivorship= 73.4242889098823
ICWorkerMiteSurvivorship= 39.6304055349901
ICForagerLifespan= 6.24817456398159
ImmType= Logarithmic
RQQueenStrength= 2.61469417624176
RQEnableReQueen= true
AIAdultSlope= 1.45047358237207
AIAdultLD50= 96.2944082812276
AIAdultSlopeContact= 7.07915663230233
AIAdultLD50Contact= 24.4698395785245
AILarvaSlope= 2.30418736301363
AILarvaLD50= 24.081196687273
AIKOW= 81749.757062276
AIKOC= 93289.3814802526
AIHalfLife= 5.56328263499308
EAppRate= 8.47720458196988
FoliarEnabled= true
FoliarAppDate= 06/07/1989
FoliarForageBegin= 06/05/1989
FoliarForageEnd= 06/28/1989
AIContactFactor= 0.814717149999924
CL4Pollen= 2.28658175468445
CL4Nectar= 93.0315589299425
CL5Pollen= 5.87610110174865
CL5Nectar= 40.9747530939057
CLDPollen= 2.9035102520138
CLDNectar= 42.1781807905063
CA13Pollen= 5.03367400756106
CA13Nectar= 22.4735760875046
CA410Pollen= 4.42625165996142
CA410Nectar= 186.139417449012
CA1120Pollen= 2.68429000885226
CA1120Nectar= 52.1640067733824
IPollenTrips= 7.3123717517592
INectarTrips= 8.43634785618633
IPollenLoad= 4.24733683234081
INectarLoad= 6.79196589859203
