ICQueenStrength= 5.52948124497198
RQWkrDrnRatio= 1.78041215613484
ICDroneMiteSurvivorship= 4.43841367959976
ICWorkerMiteSurvivorship= 69.1664237529039
ICForagerLifespan= 11.0969926835969
ImmType= Cosine
RQQueenStrength= 5.49039669125341
RQEnableReQueen= true
AIAdultSlope= 2.79826620221138
AIAdultLD50= 19.2088633746831
AIAdultSlopeContact= 7.93206828087568
AIAdultLD50Contact= 10.6574604220756
AILarvaSlope= 5.05875191092491
AILarvaLD50= 85.8219364539911
AIKOW= 16835.4993031557
AIKOC= 63286.9601782463
AIHalfLife= 15.6094599606236
EAppRate= 5.92743415586744
FoliarEnabled= true
FoliarAppDate= 06/07/1989
FoliarForageBegin= 06/05/1989
FoliarForageEnd= 06/28/1989
AIContactFactor= 1.66437437667977
CL4Pollen= 1.53786791767925
CL4Nectar= 79.0741472272202
CL5Pollen= 4.88835709635168
CL5Nectar= 47.7756011299789
CLDPollen= 4.18278596922755
CLDNectar= 77.1353185060434
CA13Pollen= 3.94806062784046
CA13Nectar= 25.8113780990243
CA410Pollen= 3.58750587049872
CA410Nectar= 142.884191730991
CA1120Pollen= 2.51823356514797
CA1120Nectar= 38.9949490502477
IPollenTrips= 14.8497249069624
INectarTrips= 5.92660787515342
IPollenLoad= 3.27225679066032
INectarLoad= 6.31670375354588
