ICQueenStrength= 1.14439217746258
RQWkrDrnRatio= 2.60023200605065
ICDroneMiteSurvivorship= 4.43695781286806
ICWorkerMiteSurvivorship= 7.07882328424603
ICForagerLifespan= 5.39589073881507
ImmType= Logarithmic
RQQueenStrength= 1.91587617644109
RQEnableReQueen= true
AIAdultSlope= 2.59966927394271
AIAdultLD50= 0.026571894508088
AIAdultSlopeContact= 6.02792972675525
AIAdultLD50Contact= 6.05736510963039
AILarvaSlope= 8.11153597198427
AILarvaLD50= 36.4920426330706
AIKOW= 10869.7398521842
AIKOC= 22696.5218298854
AIHalfLife= 14.7150062340777
EAppRate= 2.5349739391664
FoliarEnabled= true
FoliarAppDate= 09/01/1989
FoliarForageBegin= 09/01/1989
FoliarForageEnd= 09/08/1989
AIContactFactor= 2.18154428956099
CL4Pollen= 1.65121023356915
CL4Nectar= 8.40279329568148
CL5Pollen= 5.81997845135629
CL5Nectar= 141.250612854492
CLDPollen= 1.16907298704609
CLDNectar= 45.27385791298
CA13Pollen= 5.77044476317242
CA13Nectar= 61.7845053970814
CA410Pollen= 7.56291867729742
CA410Nectar= 107.882672040723
CA1120Pollen= 1.06209039269015
CA1120Nectar= 47.2162029892206
IPollenTrips= 5.7818065257743
INectarTrips= 7.63545961584896
IPollenLoad= 4.1679961187765
INectarLoad= 0.18405701033771
