ICQueenStrength= 1.75937348650768
RQWkrDrnRatio= 2.1811253381893
ICDroneMiteSurvivorship= 52.2394825005904
ICWorkerMiteSurvivorship= 78.8123799487948
ICForagerLifespan= 11.8796324152499
ImmType= Logarithmic
AIAdultSlope= 1.43854352096329
AIAdultLD50= 0.0435221955645829
AIAdultSlopeContact= 3.69554887572303
AIAdultLD50Contact= 0.0240212670294568
AILarvaSlope= 0.585744999861345
AILarvaLD50= 0.161100740963593
AIKOW= 3.51604051142931
AIKOC= 10.8126969728619
AIHalfLife= 2.48670298904181
EAppRate= 4.43294090684503
FoliarEnabled= true
