ICQueenStrength= 2.2659923043102
RQWkrDrnRatio= 1.26628655195236
ICDroneMiteSurvivorship= 74.3658547056839
ICWorkerMiteSurvivorship= 4.7000081744045
ICForagerLifespan= 15.17755264882
ImmType= Sine
RQQueenStrength= 1.68717112205923
RQEnableReQueen=true
AIAdultSlope= 3.32951578497887
AIAdultLD50= 0.802815398239763
AIAdultSlopeContact= 7.20199668593705
AIAdultLD50Contact= 32.4723204646155
AILarvaSlope= 6.30009699426591
AILarvaLD50= 87.9263349960439
AIKOW= 3454.27318617657
AIKOC= 81973.3961123237
AIHalfLife= 5.21344425634015
EAppRate= 0.354391653453233
FoliarEnabled=true
FoliarAppDate= 07/01/1989
FoliarForageBegin= 07/01/1989
FoliarForageEnd= 07/14/1989
AIContactFactor= 1.6266474449588
CL4Pollen= 1.85103630740196
CL4Nectar= 1.22525440528989
CL5Pollen= 1.12861813511699
CL5Nectar= 144.949700776488
CLDPollen= 5.08064266853034
CLDNectar= 102.624019584619
CA13Pollen= 4.61815677192062
CA13Nectar= 76.0919866338372
CA410Pollen= 2.80651940067764
CA410Nectar= 199.602868319489
CA1120Pollen= 1.63515623426065
CA1120Nectar= 32.4043568223715
IPollenTrips= 13.3798396680504
INectarTrips= 9.09870889037848
IPollenLoad= 5.25340148247778
INectarLoad= 8.56008332455531
