ICQueenStrength= 3.85594883281738
RQWkrDrnRatio= 3.7553238151595
ICDroneMiteSurvivorship= 94.1910132532939
ICWorkerMiteSurvivorship= 28.6182859679684
ICForagerLifespan= 14.0837532300502
ImmType= Logarithmic
RQQueenStrength= 4.50460981577635
RQEnableReQueen=true
AIAdultSlope= 1.6679705362767
AIAdultLD50= 0.192426420535659
AIAdultSlopeContact= 9.21269103488885
AIAdultLD50Contact= 2.92937294425862
AILarvaSlope= 2.65695065818727
AILarvaLD50= 24.3133790437423
AIKOW= 89707.4252182216
AIKOC= 52004.4954521204
AIHalfLife= 23.1344782485394
EAppRate= 8.24567182538309
FoliarEnabled=true
FoliarAppDate= 07/01/1989
FoliarForageBegin= 07/01/1989
FoliarForageEnd= 07/14/1989
AIContactFactor= 0.481792846866883
CL4Pollen= 1.56118527427316
CL4Nectar= 36.1332186730579
CL5Pollen= 0.946798112243414
CL5Nectar= 107.870156352874
CLDPollen= 5.04132434818894
CLDNectar= 137.612495210487
CA13Pollen= 2.22111176773906
CA13Nectar= 32.467713970691
CA410Pollen= 3.14593682277482
CA410Nectar= 161.62130582612
CA1120Pollen= 1.37949106330052
CA1120Nectar= 80.0102001428604
IPollenTrips= 11.5754759660922
INectarTrips= 13.89419705607
IPollenLoad= 6.50462575023994
INectarLoad= 7.94070564443246
