ICQueenStrength= 5.13500784197822
RQWkrDrnRatio= 2.04926466010511
ICDroneMiteSurvivorship= 59.2816819204018
ICWorkerMiteSurvivorship= 38.7783681275323
ICForagerLifespan= 11.8967803614214
ImmType= Sine
RQQueenStrength= 3.59959553135559
RQEnableReQueen= true
AIAdultSlope= 7.78266251832247
AIAdultLD50= 10.0310315788751
AIAdultSlopeContact= 5.37528711277992
AIAdultLD50Contact= 64.3423221541841
AILarvaSlope= 7.84030865319073
AILarvaLD50= 18.0646712264898
AIKOW= 1225.48139731794
AIKOC= 7740.61143169925
AIHalfLife= 3.17254243690986
EAppRate= 4.76835008274065
FoliarEnabled= true
FoliarAppDate= 06/07/1989
FoliarForageBegin= 06/05/1989
FoliarForageEnd= 06/28/1989
AIContactFactor= 1.05520367597695
CL4Pollen= 1.98807142302394
CL4Nectar= 87.5107345171273
CL5Pollen= 0.125897001475096
CL5Nectar= 42.4126049503684
CLDPollen= 5.78581357374787
CLDNectar= 104.579633614048
CA13Pollen= 7.42700866870582
CA13Nectar= 27.91160505265
CA410Pollen= 3.27309533865191
CA410Nectar= 197.409072048031
CA1120Pollen= 2.72160749835894
CA1120Nectar= 53.8118433207273
IPollenTrips= 10.3359307651408
INectarTrips= 5.87446964811534
IPollenLoad= 5.36942365113646
INectarLoad= 4.4240534491837
ESoilP= 1.18186327861622
ESoilFoc= 0.0169363408887293
