ICQueenStrength= 4.6834929685574
RQWkrDrnRatio= 3.37998937349766
ICDroneMiteSurvivorship= 6.65840562433004
ICWorkerMiteSurvivorship= 64.4367238506675
ICForagerLifespan= 5.50616019591689
ImmType= Logarithmic
RQQueenStrength= 5.70511315390468
RQEnableReQueen= true
AIAdultSlope= 8.83777456730604
AIAdultLD50= 48.4772112940098
AIAdultSlopeContact= 3.56330805760808
AIAdultLD50Contact= 29.7223902611386
AILarvaSlope= 5.39703248254955
AILarvaLD50= 68.7490268918911
AIKOW= 61946.1190989285
AIKOC= 22819.8294053401
AIHalfLife= 9.85454870611429
EAppRate= 0.825004965174943
FoliarEnabled= true
FoliarAppDate= 06/07/1989
FoliarForageBegin= 06/05/1989
FoliarForageEnd= 06/28/1989
AIContactFactor= 1.88242764248047
CL4Pollen= 3.4257252169773
CL4Nectar= 22.8501530131325
CL5Pollen= 3.10137950023636
CL5Nectar= 7.41696580080315
CLDPollen= 3.85278595983982
CLDNectar= 121.935930917971
CA13Pollen= 7.14107549684122
CA13Nectar= 34.2428431846201
CA410Pollen= 3.52804490535054
CA410Nectar= 35.9047823445871
CA1120Pollen= 0.925233938964084
CA1120Nectar= 86.9165314547718
IPollenTrips= 12.5272689037956
INectarTrips= 14.0548340696841
IPollenLoad= 7.47531212633476
INectarLoad= 3.08387365192175
ESoilP= 1.0163964969106
ESoilFoc= 0.00657254699943587
