ICQueenStrength= 5.05380438198335
RQWkrDrnRatio= 2.32100819330662
ICDroneMiteSurvivorship= 33.6961253313348
ICWorkerMiteSurvivorship= 97.9517147643492
ICForagerLifespan= 8.48456626199186
ImmType= Cosine
RQQueenStrength= 4.55358338914812
RQEnableReQueen= true
AIAdultSlope= 3.11448090523481
AIAdultLD50= 49.3652538786489
AIAdultSlopeContact= 6.84699844592251
AIAdultLD50Contact= 78.2481710527283
AILarvaSlope= 8.24620194360614
AILarvaLD50= 78.762743073134
AIKOW= 63528.7662186374
AIKOC= 97911.2952272603
AIHalfLife= 25.7234781129751
EAppRate= 4.8356046766818
FoliarEnabled= true
FoliarAppDate= 06/07/1989
FoliarForageBegin= 06/05/1989
FoliarForageEnd= 06/28/1989
AIContactFactor= 0.739310304634273
CL4Pollen= 3.02997479494661
CL4Nectar= 95.0762764317915
CL5Pollen= 2.9191418197006
CL5Nectar= 69.5682340068743
CLDPollen= 1.59071361226961
CLDNectar= 130.252078827471
CA13Pollen= 3.18218988394365
CA13Nectar= 20.5115414224565
CA410Pollen= 7.9224650755059
CA410Nectar= 122.148274774663
CA1120Pollen= 1.85843870812096
CA1120Nectar= 23.2313339598477
IPollenTrips= 9.48045461438596
INectarTrips= 10.4215293144807
IPollenLoad= 9.6771045261994
INectarLoad= 5.00368701061234
