ICQueenStrength= 1.73216647095978
RQWkrDrnRatio= 4.30722865182906
ICDroneMiteSurvivorship= 32.6337146339938
ICWorkerMiteSurvivorship= 59.7737955860794
ICForagerLifespan= 10.9630576577038
ImmType= Tangent
RQQueenStrength= 1.79391838703305
RQEnableReQueen=true
AIAdultSlope= 6.04755952209234
AIAdultLD50= 0.43957395036146
AIAdultSlopeContact= 1.1105118393898
AIAdultLD50Contact= 18.3916016456371
AILarvaSlope= 5.05346130765975
AILarvaLD50= 79.6599933191601
AIKOW= 37087.6120451529
AIKOC= 48172.2896465729
AIHalfLife= 14.4480031120591
EAppRate= 1.67668345727818
FoliarEnabled=true
FoliarAppDate= 07/01/1989
FoliarForageBegin= 07/01/1989
FoliarForageEnd= 07/14/1989
AIContactFactor= 1.021094535226
CL4Pollen= 2.99036394711584
CL4Nectar= 64.9771793512627
CL5Pollen= 5.38850411586463
CL5Nectar= 73.9996408810839
CLDPollen= 3.03717687958851
CLDNectar= 91.2417118437588
CA13Pollen= 4.41196108357981
CA13Nectar= 85.1812935620546
CA410Pollen= 7.50049158313777
CA410Nectar= 182.02052491717
CA1120Pollen= 0.898287134477869
CA1120Nectar= 78.3504637889564
IPollenTrips= 14.6692263172008
INectarTrips= 8.19544332567602
IPollenLoad= 2.98886106349528
INectarLoad= 9.22353249741718
