ICQueenStrength= 3.84664556966163
RQWkrDrnRatio= 3.68920734338462
ICDroneMiteSurvivorship= 96.4804096380249
ICWorkerMiteSurvivorship= 54.5860169222578
ICForagerLifespan= 10.168292907998
ImmType= Cosine
RQQueenStrength= 5.54298007651232
RQEnableReQueen= true
AIAdultSlope= 2.99554960988462
AIAdultLD50= 27.1077801539355
AIAdultSlopeContact= 3.36611735448241
AIAdultLD50Contact= 56.5776746704527
AILarvaSlope= 4.96705123409629
AILarvaLD50= 11.8731821784412
AIKOW= 13107.107118754
AIKOC= 71040.8813313381
AIHalfLife= 2.0109272654634
EAppRate= 6.32581152481842
FoliarEnabled= true
FoliarAppDate= 06/07/1989
FoliarForageBegin= 06/05/1989
FoliarForageEnd= 06/28/1989
AIContactFactor= 1.7227469623927
CL4Pollen= 1.51888126693666
CL4Nectar= 5.53581146523356
CL5Pollen= 0.69913239357993
CL5Nectar= 7.62193776899949
CLDPollen= 0.754563296679407
CLDNectar= 61.267931945622
CA13Pollen= 7.27993318233639
CA13Nectar= 39.9388856813312
CA410Pollen= 2.87039953903295
CA410Nectar= 25.9725634939969
CA1120Pollen= 2.10949157061987
CA1120Nectar= 45.5072517506778
IPollenTrips= 8.40115793514997
INectarTrips= 11.7024177801795
IPollenLoad= 6.08915518503636
INectarLoad= 6.46329092094675
