ICQueenStrength= 1.44375303783454
RQWkrDrnRatio= 4.05298235081136
ICDroneMiteSurvivorship= 53.9890122134238
ICWorkerMiteSurvivorship= 78.4320961683989
ICForagerLifespan= 11.1811900129542
ImmType= Logarithmic
RQQueenStrength= 4.13988455571234
RQEnableReQueen= true
AIAdultSlope= 1.8784004766494
AIAdultLD50= 1.06208280047425
AIAdultSlopeContact= 6.87289194692858
AIAdultLD50Contact= 23.858796612473
AILarvaSlope= 4.94351146928966
AILarvaLD50= 51.4681741704447
AIKOW= 60796.8466676836
AIKOC= 25439.7036909047
AIHalfLife= 5.27642646227032
EAppRate= 8.28172982559237
FoliarEnabled= true
FoliarAppDate= 06/07/1989
FoliarForageBegin= 06/05/1989
FoliarForageEnd= 06/28/1989
AIContactFactor= 2.08525292003993
CL4Pollen= 0.94964487478137
CL4Nectar= 19.851119350642
CL5Pollen= 3.54092471580952
CL5Nectar= 139.389388030395
CLDPollen= 3.44220244092867
CLDNectar= 125.075995945372
CA13Pollen= 7.66060664253309
CA13Nectar= 98.2754443399608
CA410Pollen= 8.1923664647853
CA410Nectar= 176.950767328963
CA1120Pollen= 2.21225935639814
CA1120Nectar= 74.7005965560675
IPollenTrips= 9.25704543013126
INectarTrips= 12.9988661571406
IPollenLoad= 0.847538106609136
INectarLoad= 4.20017619617283
