ICQueenStrength= 1.43928328668699
RQWkrDrnRatio= 1.90724676009268
ICDroneMiteSurvivorship= 59.2410456622019
ICWorkerMiteSurvivorship= 10.5867565376684
ICForagerLifespan= 6.38923517148942
ImmType= Cosine
RQQueenStrength= 2.62906817393377
RQEnableReQueen= true
AIAdultSlope= 6.96809110790491
AIAdultLD50= 33.2100457128556
AIAdultSlopeContact= 7.08325353055261
AIAdultLD50Contact= 98.9555824449847
AILarvaSlope= 8.01809738762677
AILarvaLD50= 2.2989416659032
AIKOW= 63103.1703546339
AIKOC= 73918.3121852493
AIHalfLife= 1.38017097602133
EAppRate= 2.51370447245706
FoliarEnabled= true
FoliarAppDate= 06/07/1989
FoliarForageBegin= 06/05/1989
FoliarForageEnd= 06/28/1989
AIContactFactor= 1.92294513900764
CL4Pollen= 1.53753198403865
CL4Nectar= 32.344038435258
CL5Pollen= 3.57652149070054
CL5Nectar= 53.7420440115966
CLDPollen= 0.333094602450728
CLDNectar= 136.423887731507
CA13Pollen= 6.69731618724763
CA13Nectar= 20.3781733103096
CA410Pollen= 5.09251457618084
CA410Nectar= 73.2099975040182
CA1120Pollen= 1.17615110962652
CA1120Nectar= 25.7788961753249
IPollenTrips= 8.85853914543986
INectarTrips= 14.5262099686079
IPollenLoad= 2.72323249839246
INectarLoad= 9.77302609710023
ESoilP= 1.89631158392876
ESoilFoc= 0.0156673253974877
