ICQueenStrength= 2.71883621718735
RQWkrDrnRatio= 2.22353725321591
ICDroneMiteSurvivorship= 7.76445709634572
ICWorkerMiteSurvivorship= 90.2742275968194
ICForagerLifespan= 14.9627027167007
ImmType= Sine
RQQueenStrength= 1.26723542716354
RQEnableReQueen= true
AIAdultSlope= 2.40750828757882
AIAdultLD50= 13.1003253743818
AIAdultSlopeContact= 6.63113510678522
AIAdultLD50Contact= 32.0700312264075
AILarvaSlope= 7.49749929830432
AILarvaLD50= 24.1276471934577
AIKOW= 27932.8523791878
AIKOC= 9550.47125847242
AIHalfLife= 20.6981408004416
EAppRate= 9.82968824116024
FoliarEnabled= true
FoliarAppDate= 06/07/1989
FoliarForageBegin= 06/05/1989
FoliarForageEnd= 06/28/1989
AIContactFactor= 2.18176221546717
CL4Pollen= 0.153500283136964
CL4Nectar= 42.4320444464684
CL5Pollen= 5.91418852284551
CL5Nectar= 0.658469565678388
CLDPollen= 5.68003321671858
CLDNectar= 37.1022574254312
CA13Pollen= 3.99571172501892
CA13Nectar= 24.5371105335653
CA410Pollen= 7.90130457349587
CA410Nectar= 136.15435836371
CA1120Pollen= 0.832840388640761
CA1120Nectar= 70.4656138084829
IPollenTrips= 5.34992062719539
INectarTrips= 9.19632308185101
IPollenLoad= 0.221954016014934
INectarLoad= 4.79142397409305
ESoilP= 1.8871352977585
ESoilFoc= 0.0124908742122352
