ICQueenStrength= 4.06798169738613
RQWkrDrnRatio= 1.31014094315469
ICDroneMiteSurvivorship= 14.5511120324954
ICWorkerMiteSurvivorship= 28.2191175036132
ICForagerLifespan= 6.03504098299891
ImmType= Sine
RQQueenStrength= 5.02162582497112
RQEnableReQueen= true
AIAdultSlope= 4.32391508296132
AIAdultLD50= 0.659559406829532
AIAdultSlopeContact= 6.65583923459053
AIAdultLD50Contact= 7.8439337463323
AILarvaSlope= 2.31135615706444
AILarvaLD50= 1.04516274770698
AIKOW= 16985.3505339762
AIKOC= 81049.3203191166
AIHalfLife= 3.2705280573573
EAppRate= 3.92877716364712
FoliarEnabled= true
FoliarAppDate= 06/07/1989
FoliarForageBegin= 06/05/1989
FoliarForageEnd= 06/28/1989
AIContactFactor= 2.0612019809382
CL4Pollen= 3.23011538386345
CL4Nectar= 60.7138718245551
CL5Pollen= 2.89441333478317
CL5Nectar= 119.440603279509
CLDPollen= 5.09832024062052
CLDNectar= 109.416967851575
CA13Pollen= 2.54529697569087
CA13Nectar= 29.9908919632435
CA410Pollen= 6.59361363723874
CA410Nectar= 79.9299845658243
CA1120Pollen= 2.88865025877021
CA1120Nectar= 58.8034477829933
IPollenTrips= 14.3128845654428
INectarTrips= 6.19765113340691
IPollenLoad= 7.21941204974428
INectarLoad= 6.07700482709333
ESoilP= 1.45923930127174
ESoilFoc= 0.0146212259826716
