ICQueenStrength= 5.63902161805891
RQWkrDrnRatio= 2.78736988268793
ICDroneMiteSurvivorship= 9.41812384407967
ICWorkerMiteSurvivorship= 60.1816962473094
ICForagerLifespan= 11.4455063110217
ImmType= Polynomial
RQQueenStrength= 4.10571906738915
RQEnableReQueen= true
AIAdultSlope= 5.4040062315762
AIAdultLD50= 72.9038829405336
AIAdultSlopeContact= 3.60237097437494
AIAdultLD50Contact= 54.3145564139082
AILarvaSlope= 3.66617725230753
AILarvaLD50= 14.2514364583394
AIKOW= 10014.1712810432
AIKOC= 6556.30131169059
AIHalfLife= 22.919449544861
EAppRate= 7.30989793911297
FoliarEnabled= true
FoliarAppDate= 06/07/1989
FoliarForageBegin= 06/05/1989
FoliarForageEnd= 06/28/1989
AIContactFactor= 0.628517709858715
CL4Pollen= 0.845926037989557
CL4Nectar= 46.6897964477539
CL5Pollen= 0.451928172726184
CL5Nectar= 99.9151829746552
CLDPollen= 0.67711817426607
CLDNectar= 28.7974165286869
CA13Pollen= 2.77913299975917
CA13Nectar= 40.74527034536
CA410Pollen= 7.41060408488847
CA410Nectar= 83.8559149578214
CA1120Pollen= 1.59565111622214
CA1120Nectar= 25.909252949059
IPollenTrips= 14.3154984689318
INectarTrips= 5.28299164958298
IPollenLoad= 6.11180156702176
INectarLoad= 0.268537122756243
