ICQueenStrength= 2.96514895767905
RQWkrDrnRatio= 4.75054020434618
ICDroneMiteSurvivorship= 86.4583918591961
ICWorkerMiteSurvivorship= 41.9206163613126
ICForagerLifespan= 14.3783742124215
ImmType= Cosine
RQQueenStrength= 3.19466435373761
RQEnableReQueen= true
AIAdultSlope= 1.45523322373629
AIAdultLD50= 37.5820622911723
AIAdultSlopeContact= 8.99431521398947
AIAdultLD50Contact= 71.8262495625457
AILarvaSlope= 5.41395975649357
AILarvaLD50= 11.780862701355
AIKOW= 85086.6224628984
AIKOC= 70915.7641676508
AIHalfLife= 19.4842801018152
EAppRate= 4.60021082864422
FoliarEnabled= true
FoliarAppDate= 06/07/1989
FoliarForageBegin= 06/05/1989
FoliarForageEnd= 06/28/1989
AIContactFactor= 1.00447123144753
CL4Pollen= 1.53633969090879
CL4Nectar= 66.3252621656284
CL5Pollen= 4.42263834457844
CL5Nectar= 139.610928716138
CLDPollen= 1.6509195305407
CLDNectar= 15.8843349432573
CA13Pollen= 7.80960791446268
CA13Nectar= 46.872878074646
CA410Pollen= 5.97566336591262
CA410Nectar= 180.930635896511
CA1120Pollen= 2.11253802711144
CA1120Nectar= 68.2679791748524
IPollenTrips= 11.2431931472383
INectarTrips= 10.3201244282536
IPollenLoad= 6.70572811970487
INectarLoad= 0.904588629491627
