ICQueenStrength= 4.00874299369752
RQWkrDrnRatio= 2.69459495414048
ICDroneMiteSurvivorship= 53.2496315427125
ICWorkerMiteSurvivorship= 23.8754867110401
ICForagerLifespan= 7.26428644452244
ImmType= Cosine
RQQueenStrength= 1.43308856664225
RQEnableReQueen= true
AIAdultSlope= 4.27297969348729
AIAdultLD50= 77.6368213586542
AIAdultSlopeContact= 8.45285603310913
AIAdultLD50Contact= 84.5583892471073
AILarvaSlope= 7.80261586792767
AILarvaLD50= 77.2596814201709
AIKOW= 17039.3324064414
AIKOC= 72195.7134308659
AIHalfLife= 22.3915526268771
EAppRate= 1.98189541560272
FoliarEnabled= true
FoliarAppDate= 06/07/1989
FoliarForageBegin= 06/05/1989
FoliarForageEnd= 06/28/1989
AIContactFactor= 0.503026896719821
CL4Pollen= 0.0434681884944439
CL4Nectar= 67.341040330939
CL5Pollen= 1.78805572818965
CL5Nectar= 77.7069674804807
CLDPollen= 5.57538281707093
CLDNectar= 70.1459107571281
CA13Pollen= 2.8707275765948
CA13Nectar= 88.4794117510319
CA410Pollen= 3.63969552647322
CA410Nectar= 115.421376791783
CA1120Pollen= 1.37419171188958
CA1120Nectar= 72.2953358478844
IPollenTrips= 8.81561356596649
INectarTrips= 12.5330154178664
IPollenLoad= 9.94681349257007
INectarLoad= 1.26133694080636
