ICQueenStrength= 5.47179600945674
RQWkrDrnRatio= 2.91305159125477
ICDroneMiteSurvivorship= 28.579214727506
ICWorkerMiteSurvivorship= 39.0926999039948
ICForagerLifespan= 11.523600843735
ImmType= Logarithmic
RQQueenStrength= 5.27387503208593
RQEnableReQueen= true
AIAdultSlope= 5.88879233039916
AIAdultLD50= 62.0633154372892
AIAdultSlopeContact= 8.55150244827382
AIAdultLD50Contact= 95.9362412660508
AILarvaSlope= 6.26287175342441
AILarvaLD50= 85.2204258516952
AIKOW= 7740.35037616774
AIKOC= 97656.4408177759
AIHalfLife= 24.7912935831817
EAppRate= 0.140945963782957
FoliarEnabled= true
FoliarAppDate= 06/07/1989
FoliarForageBegin= 06/05/1989
FoliarForageEnd= 06/28/1989
AIContactFactor= 1.35740810299292
CL4Pollen= 0.71393758431077
CL4Nectar= 53.8379943696782
CL5Pollen= 2.62538182223216
CL5Nectar= 32.7185830799863
CLDPollen= 3.15429697372019
CLDNectar= 98.8467123359442
CA13Pollen= 2.24475466348231
CA13Nectar= 90.701553337276
CA410Pollen= 4.37391650427599
CA410Nectar= 163.297786917537
CA1120Pollen= 2.83603559760377
CA1120Nectar= 78.5444110631943
IPollenTrips= 10.0908225285821
INectarTrips= 12.2081257053651
IPollenLoad= 3.56826500268653
INectarLoad= 5.54765759035945
