ICQueenStrength= 1.22028866223991
RQWkrDrnRatio= 1.73962909542024
ICDroneMiteSurvivorship= 60.552516579628
ICWorkerMiteSurvivorship= 66.3513737963513
ICForagerLifespan= 8.52430514153093
ImmType= Sine
RQQueenStrength= 3.35742927761748
RQEnableReQueen= true
AIAdultSlope= 6.06688169762492
AIAdultLD50= 71.3211829443767
AIAdultSlopeContact= 2.33197166747414
AIAdultLD50Contact= 5.27395880622207
AILarvaSlope= 4.03752344287932
AILarvaLD50= 56.2332660857835
AIKOW= 97676.0809538224
AIKOC= 49778.5601103653
AIHalfLife= 7.60628587296233
EAppRate= 3.78753673972166
FoliarEnabled= true
FoliarAppDate= 06/07/1989
FoliarForageBegin= 06/05/1989
FoliarForageEnd= 06/28/1989
AIContactFactor= 0.523438875381835
CL4Pollen= 3.5264882100746
CL4Nectar= 40.3994277585298
CL5Pollen= 1.59350882750005
CL5Nectar= 143.538361229002
CLDPollen= 3.90084168780595
CLDNectar= 111.644803709351
CA13Pollen= 7.69632987938821
CA13Nectar= 40.9952998906374
CA410Pollen= 8.5500246420037
CA410Nectar= 154.367241915315
CA1120Pollen= 2.09254719223827
CA1120Nectar= 42.9334526509047
IPollenTrips= 7.87184525281191
INectarTrips= 11.3952869456261
IPollenLoad= 0.227157536428422
INectarLoad= 8.01411654101685
ESoilP= 1.62420667195693
ESoilFoc= 0.0125085596353747
