ICQueenStrength= 5.74144949694164
RQWkrDrnRatio= 2.8899693004787
ICDroneMiteSurvivorship= 2.76333196088672
ICWorkerMiteSurvivorship= 56.2050460837781
ICForagerLifespan= 15.7772784521803
ImmType= Sine
RQQueenStrength= 3.55376089946367
RQEnableReQueen= true
AIAdultSlope= 4.20681965723634
AIAdultLD50= 0.943262555496301
AIAdultSlopeContact= 6.70720690255985
AIAdultLD50Contact= 32.7062349939025
AILarvaSlope= 5.81662698090076
AILarvaLD50= 73.8879988931871
AIKOW= 81395.8388498116
AIKOC= 23866.7370126224
AIHalfLife= 14.4369545980124
EAppRate= 7.95006683507073
FoliarEnabled= true
FoliarAppDate= 09/01/1989
FoliarForageBegin= 09/01/1989
FoliarForageEnd= 09/08/1989
AIContactFactor= 2.20656027835328
CL4Pollen= 2.19315038155764
CL4Nectar= 11.0444408841431
CL5Pollen= 2.85964397666976
CL5Nectar= 69.7930977679789
CLDPollen= 3.08406013855711
CLDNectar= 142.418459721375
CA13Pollen= 2.37843098472804
CA13Nectar= 37.7553881891072
CA410Pollen= 5.61278919954784
CA410Nectar= 67.7860634354874
CA1120Pollen= 1.49761533667333
CA1120Nectar= 89.1248978488147
IPollenTrips= 10.9136581677012
INectarTrips= 13.7550609675236
IPollenLoad= 1.97503566043451
INectarLoad= 7.99046230269596
