ICQueenStrength= 1.80786687671207
RQWkrDrnRatio= 4.62488576862961
ICDroneMiteSurvivorship= 73.7941201077774
ICWorkerMiteSurvivorship= 63.9115800149739
ICForagerLifespan= 15.7704968331382
ImmType= Logarithmic
RQQueenStrength= 2.55360862379894
RQEnableReQueen= true
AIAdultSlope= 8.66092243790627
AIAdultLD50= 6.60153643078636
AIAdultSlopeContact= 7.43253229930997
AIAdultLD50Contact= 50.3519532477239
AILarvaSlope= 5.1014793459326
AILarvaLD50= 36.8243171372572
AIKOW= 58635.3985979135
AIKOC= 58613.8405464098
AIHalfLife= 11.2954333013156
EAppRate= 0.754926850971533
FoliarEnabled= true
FoliarAppDate= 06/07/1989
FoliarForageBegin= 06/05/1989
FoliarForageEnd= 06/28/1989
AIContactFactor= 1.90094617757481
CL4Pollen= 0.345011094585061
CL4Nectar= 36.8179620243609
CL5Pollen= 2.14485656563193
CL5Nectar= 1.60128702409565
CLDPollen= 0.199923744890839
CLDNectar= 82.3124312446453
CA13Pollen= 7.84150128373876
CA13Nectar= 81.1023654788733
CA410Pollen= 5.05006097969599
CA410Nectar= 106.625551898032
CA1120Pollen= 1.84706002590246
CA1120Nectar= 42.7676607109606
IPollenTrips= 5.04659893922508
INectarTrips= 12.5469982088543
IPollenLoad= 7.35699752112851
INectarLoad= 0.49383943900466
