ICQueenStrength= 1.21726856706664
RQWkrDrnRatio= 1.69771990459412
ICDroneMiteSurvivorship= 99.1472431924194
ICWorkerMiteSurvivorship= 77.9860661132261
ICForagerLifespan= 15.2940281061456
ImmType= Cosine
RQQueenStrength= 4.5106295440346
RQEnableReQueen= true
AIAdultSlope= 7.87521055527031
AIAdultLD50= 29.8630578417452
AIAdultSlopeContact= 7.53546723141335
AIAdultLD50Contact= 94.6057412037551
AILarvaSlope= 3.96379478648305
AILarvaLD50= 97.9616961547544
AIKOW= 57725.3142969778
AIKOC= 68784.7897402195
AIHalfLife= 28.4018774417927
EAppRate= 4.62585239197663
FoliarEnabled= true
FoliarAppDate= 06/07/1989
FoliarForageBegin= 06/05/1989
FoliarForageEnd= 06/28/1989
AIContactFactor= 1.67125131231733
CL4Pollen= 0.288159042596817
CL4Nectar= 11.0569667536765
CL5Pollen= 3.33419515751302
CL5Nectar= 67.3576703527942
CLDPollen= 3.05910675600171
CLDNectar= 7.81059167347848
CA13Pollen= 5.20297175208107
CA13Nectar= 95.142634678632
CA410Pollen= 4.67996572072152
CA410Nectar= 125.434310394339
CA1120Pollen= 2.44878233852796
CA1120Nectar= 94.6241079643369
IPollenTrips= 10.4479172220454
INectarTrips= 7.21989691257477
IPollenLoad= 3.07056566234678
INectarLoad= 3.04432677803561
