ICQueenStrength= 3.29554165247828
RQWkrDrnRatio= 4.57889179047197
ICDroneMiteSurvivorship= 96.893820958212
ICWorkerMiteSurvivorship= 73.1050322996452
ICForagerLifespan= 11.6999693131074
ImmType= Tangent
RQQueenStrength= 1.17702721431851
RQEnableReQueen=true
AIAdultSlope= 2.79702335596085
AIAdultLD50= 0.409317288880469
AIAdultSlopeContact= 9.73874047235586
AIAdultLD50Contact= 78.1218876520095
AILarvaSlope= 1.37826952710748
AILarvaLD50= 84.3819354189266
AIKOW= 30109.1428887792
AIKOC= 41886.4215221605
AIHalfLife= 4.26029620545451
EAppRate= 2.35206455033575
FoliarEnabled=true
FoliarAppDate= 07/01/1989
FoliarForageBegin= 07/01/1989
FoliarForageEnd= 07/14/1989
AIContactFactor= 2.24089971525129
CL4Pollen= 3.85824455600232
CL4Nectar= 26.9379699137062
CL5Pollen= 0.767240778543055
CL5Nectar= 43.9904937869869
CLDPollen= 1.04252852406353
CLDNectar= 38.2796616875567
CA13Pollen= 5.37975396895781
CA13Nectar= 33.3852930553257
CA410Pollen= 5.68367590066046
CA410Nectar= 195.860431073233
CA1120Pollen= 0.758324989350513
CA1120Nectar= 59.7199127264321
IPollenTrips= 7.4223272386007
INectarTrips= 7.79592213919386
IPollenLoad= 3.21162732550874
INectarLoad= 1.02793429512531
