ICQueenStrength= 1.50577066931874
RQWkrDrnRatio= 3.74122916348279
ICDroneMiteSurvivorship= 59.7953854128718
ICWorkerMiteSurvivorship= 86.0071796458215
ICForagerLifespan= 11.0992760956287
ImmType= Cosine
RQQueenStrength= 2.60813716799021
RQEnableReQueen=true
AIAdultSlope= 7.75117066316307
AIAdultLD50= 0.79013757907995
AIAdultSlopeContact= 2.41241395100951
AIAdultLD50Contact= 72.6747986907596
AILarvaSlope= 5.78904517367482
AILarvaLD50= 16.9614635206875
AIKOW= 48573.3165842468
AIKOC= 56372.3952532965
AIHalfLife= 25.9663529545534
EAppRate= 6.92744309667498
FoliarEnabled=true
FoliarAppDate= 07/01/1989
FoliarForageBegin= 07/01/1989
FoliarForageEnd= 07/14/1989
AIContactFactor= 1.08994829992298
CL4Pollen= 3.9596557430923
CL4Nectar= 59.6007264219224
CL5Pollen= 2.73255841992795
CL5Nectar= 117.77873915853
CLDPollen= 2.33984560752288
CLDNectar= 82.2737417765893
CA13Pollen= 2.38012943351641
CA13Nectar= 68.0073312669992
CA410Pollen= 9.36088019602466
CA410Nectar= 132.465206342749
CA1120Pollen= 0.163604992674664
CA1120Nectar= 73.4770581126213
IPollenTrips= 5.06246915785596
INectarTrips= 6.88653564080596
IPollenLoad= 4.6947868866846
INectarLoad= 0.802673262078315
