ICQueenStrength= 2.47388481185772
RQWkrDrnRatio= 4.97965534310788
ICDroneMiteSurvivorship= 44.6982144378126
ICWorkerMiteSurvivorship= 73.2666695956141
ICForagerLifespan= 15.2062080875039
ImmType= Sine
RQQueenStrength= 1.75283119804226
RQEnableReQueen= true
AIAdultSlope= 4.4078830871731
AIAdultLD50= 52.7160708442335
AIAdultSlopeContact= 2.87734843045473
AIAdultLD50Contact= 40.3217353130651
AILarvaSlope= 5.16104756854475
AILarvaLD50= 8.37482067543082
AIKOW= 65508.4450761814
AIKOC= 26236.9828366546
AIHalfLife= 7.63534479306545
EAppRate= 2.29567984380806
FoliarEnabled= true
FoliarAppDate= 06/07/1989
FoliarForageBegin= 06/05/1989
FoliarForageEnd= 06/28/1989
AIContactFactor= 0.478466200255789
CL4Pollen= 3.87232250347733
CL4Nectar= 83.3452064776793
CL5Pollen= 0.944840221200138
CL5Nectar= 70.2523396234028
CLDPollen= 3.21985239721835
CLDNectar= 105.679761792999
CA13Pollen= 3.0930273023434
CA13Nectar= 99.6789001114666
CA410Pollen= 2.77909365952946
CA410Nectar= 40.15660578385
CA1120Pollen= 1.99679543939419
CA1120Nectar= 54.1231123544276
IPollenTrips= 14.0139888250269
INectarTrips= 13.2077164785005
IPollenLoad= 9.87432998372242
INectarLoad= 1.37949124444276
