ICQueenStrength= 4.58664042083547
RQWkrDrnRatio= 2.81713332701474
ICDroneMiteSurvivorship= 54.5285166939721
ICWorkerMiteSurvivorship= 23.1915369862691
ICForagerLifespan= 14.6192828416824
ImmType= Cosine
RQQueenStrength= 2.11954206950031
RQEnableReQueen= true
AIAdultSlope= 6.65903661027551
AIAdultLD50= 4.62479991247319
AIAdultSlopeContact= 1.47096045594662
AIAdultLD50Contact= 51.3770588348398
AILarvaSlope= 2.89666737429798
AILarvaLD50= 47.9271718378423
AIKOW= 83715.4603549645
AIKOC= 26377.5368668919
AIHalfLife= 3.20190017479472
EAppRate= 3.65072428152966
FoliarEnabled= true
FoliarAppDate= 06/07/1989
FoliarForageBegin= 06/05/1989
FoliarForageEnd= 06/28/1989
AIContactFactor= 0.871345507833175
CL4Pollen= 2.20489508286119
CL4Nectar= 34.3674866016954
CL5Pollen= 4.44341426203027
CL5Nectar= 134.005099232309
CLDPollen= 0.182237859349698
CLDNectar= 31.2915807589889
CA13Pollen= 4.27952336873859
CA13Nectar= 60.172880385071
CA410Pollen= 7.3346509021474
CA410Nectar= 142.076746569946
CA1120Pollen= 1.62313561420888
CA1120Nectar= 66.4033625274897
IPollenTrips= 6.16845146985725
INectarTrips= 13.9114874810912
IPollenLoad= 6.78955508396029
INectarLoad= 3.48097341367975
