ICQueenStrength= 3.6743072073441
RQWkrDrnRatio= 4.63888803403825
ICDroneMiteSurvivorship= 56.9677090039477
ICWorkerMiteSurvivorship= 14.4766864366829
ICForagerLifespan= 5.54034958500415
ImmType= Cosine
RQQueenStrength= 1.65925802104175
RQEnableReQueen= true
AIAdultSlope= 5.67413842864335
AIAdultLD50= 45.6895756624383
AIAdultSlopeContact= 4.48553988942876
AIAdultLD50Contact= 48.4771929238557
AILarvaSlope= 8.24166829325259
AILarvaLD50= 72.1995685788286
AIKOW= 80082.2354281823
AIKOC= 42083.7993050818
AIHalfLife= 6.73150853433181
EAppRate= 4.98731701547816
FoliarEnabled= true
FoliarAppDate= 06/07/1989
FoliarForageBegin= 06/05/1989
FoliarForageEnd= 06/28/1989
AIContactFactor= 2.0474705462018
CL4Pollen= 3.65169575903565
CL4Nectar= 82.1615600725636
CL5Pollen= 5.38284152979031
CL5Nectar= 1.69993573799729
CLDPollen= 2.98068808950484
CLDNectar= 54.194151435513
CA13Pollen= 3.38959063431248
CA13Nectar= 43.652126789093
CA410Pollen= 7.4270827510627
CA410Nectar= 97.861714148894
CA1120Pollen= 2.52587674744427
CA1120Nectar= 62.6544167846441
IPollenTrips= 13.1347627099603
INectarTrips= 9.39394157379866
IPollenLoad= 0.790857248939574
INectarLoad= 9.38754445174709
ESoilP= 1.38253726763651
ESoilFoc= 0.0129202915495262
