ICQueenStrength= 1.53856517537497
RQWkrDrnRatio= 2.84080473147333
ICDroneMiteSurvivorship= 9.55223743803799
ICWorkerMiteSurvivorship= 99.6596068842337
ICForagerLifespan= 7.50541353691369
ImmType= Sine
RQQueenStrength= 5.29622779483907
RQEnableReQueen= true
AIAdultSlope= 5.04244719073176
AIAdultLD50= 78.4933492105582
AIAdultSlopeContact= 9.2340556406416
AIAdultLD50Contact= 50.0505684952254
AILarvaSlope= 3.80363820120692
AILarvaLD50= 27.5309535332422
AIKOW= 55892.2954704884
AIKOC= 22508.6092630336
AIHalfLife= 31.9261545602465
EAppRate= 8.74728885925072
FoliarEnabled= true
FoliarAppDate= 06/07/1989
FoliarForageBegin= 06/05/1989
FoliarForageEnd= 06/28/1989
AIContactFactor= 0.914482902493328
CL4Pollen= 2.19420588482171
CL4Nectar= 72.2483173711225
CL5Pollen= 4.54858117969707
CL5Nectar= 32.638118066825
CLDPollen= 3.19248151732609
CLDNectar= 2.80723051400855
CA13Pollen= 2.88977665156126
CA13Nectar= 55.6120971217752
CA410Pollen= 8.9927641393384
CA410Nectar= 142.01863035094
CA1120Pollen= 2.7066223716829
CA1120Nectar= 73.3396024443209
IPollenTrips= 6.08668600209057
INectarTrips= 11.2231098790653
IPollenLoad= 0.198320469353348
INectarLoad= 8.84584989398718
