ICQueenStrength= 5.04300108086318
RQWkrDrnRatio= 3.74382839072496
ICDroneMiteSurvivorship= 8.06402999442071
ICWorkerMiteSurvivorship= 47.2169304965064
ICForagerLifespan= 7.45595267787576
ImmType= Cosine
RQQueenStrength= 2.24106202740222
RQEnableReQueen= true
AIAdultSlope= 1.5804181471467
AIAdultLD50= 82.6647292477207
AIAdultSlopeContact= 4.56795586599037
AIAdultLD50Contact= 7.76493977878406
AILarvaSlope= 6.22370626777411
AILarvaLD50= 37.4196422362649
AIKOW= 27423.1945796645
AIKOC= 25629.1254276137
AIHalfLife= 33.1532213162864
EAppRate= 7.07614354844554
FoliarEnabled= true
FoliarAppDate= 06/07/1989
FoliarForageBegin= 06/05/1989
FoliarForageEnd= 06/28/1989
AIContactFactor= 1.16945153059904
CL4Pollen= 2.5866671660915
CL4Nectar= 77.5785864796489
CL5Pollen= 3.50508545804769
CL5Nectar= 75.4748899955302
CLDPollen= 1.63595756515861
CLDNectar= 58.9290831238031
CA13Pollen= 6.2051955957897
CA13Nectar= 35.3064678050578
CA410Pollen= 6.3000059726648
CA410Nectar= 122.668116176501
CA1120Pollen= 2.81228810967878
CA1120Nectar= 99.4033834151924
IPollenTrips= 10.0732622202486
INectarTrips= 10.6097103678621
IPollenLoad= 3.62147441832349
INectarLoad= 4.21454805647954
