ICQueenStrength= 2.84728028951213
RQWkrDrnRatio= 4.83636636100709
ICDroneMiteSurvivorship= 3.77353201620281
ICWorkerMiteSurvivorship= 75.7953742984682
ICForagerLifespan= 6.06018252391368
ImmType= Polynomial
RQQueenStrength= 3.43250167346559
RQEnableReQueen= true
AIAdultSlope= 3.00720153935254
AIAdultLD50= 81.579460265131
AIAdultSlopeContact= 5.47010592347942
AIAdultLD50Contact= 27.3911594546263
AILarvaSlope= 1.10523163154721
AILarvaLD50= 69.3616176540174
AIKOW= 30791.6172837785
AIKOC= 15161.8983142916
AIHalfLife= 14.9719592171721
EAppRate= 6.40126923743473
FoliarEnabled= true
FoliarAppDate= 06/07/1989
FoliarForageBegin= 06/05/1989
FoliarForageEnd= 06/28/1989
AIContactFactor= 0.535196999846958
CL4Pollen= 2.52029881253839
CL4Nectar= 99.6781698660925
CL5Pollen= 4.62885760841891
CL5Nectar= 118.070697260555
CLDPollen= 5.63259788090363
CLDNectar= 113.457190745976
CA13Pollen= 4.73468079958111
CA13Nectar= 25.9325453080237
CA410Pollen= 4.56254851629492
CA410Nectar= 24.1290673241019
CA1120Pollen= 2.40610045124777
CA1120Nectar= 26.7381234653294
IPollenTrips= 14.2999295890331
INectarTrips= 13.530940853525
IPollenLoad= 3.23788763489574
INectarLoad= 0.79359746305272
ESoilP= 1.90327078429982
ESoilFoc= 0.00889806196978316
