ICQueenStrength= 4.77644721767865
RQWkrDrnRatio= 1.67506339401007
ICDroneMiteSurvivorship= 45.4483662731946
ICWorkerMiteSurvivorship= 93.0578403873369
ICForagerLifespan= 11.8198007503524
ImmType= Tangent
RQQueenStrength= 5.36964503722265
RQEnableReQueen= true
AIAdultSlope= 1.64222818985581
AIAdultLD50= 30.6771417669635
AIAdultSlopeContact= 4.09396149218082
AIAdultLD50Contact= 54.8534358501332
AILarvaSlope= 7.62132945470512
AILarvaLD50= 31.0620096963241
AIKOW= 16188.6277368092
AIKOC= 38047.2148019988
AIHalfLife= 2.12665377578232
EAppRate= 1.0300866569716
FoliarEnabled= true
FoliarAppDate= 06/07/1989
FoliarForageBegin= 06/05/1989
FoliarForageEnd= 06/28/1989
AIContactFactor= 1.57877524904907
CL4Pollen= 2.09808300063014
CL4Nectar= 78.7269711261615
CL5Pollen= 4.65900384960696
CL5Nectar= 77.5544582982548
CLDPollen= 0.785872465465218
CLDNectar= 119.232296920381
CA13Pollen= 7.70534942746162
CA13Nectar= 67.417639028281
CA410Pollen= 3.57945165033452
CA410Nectar= 145.334014827386
CA1120Pollen= 1.01474658865482
CA1120Nectar= 75.7497800327837
IPollenTrips= 13.6720195948146
INectarTrips= 12.2674215608276
IPollenLoad= 8.08819494210184
INectarLoad= 2.15639337431639
