ICQueenStrength= 5.15702049038373
RQWkrDrnRatio= 3.56081628240645
ICDroneMiteSurvivorship= 6.9815234746784
ICWorkerMiteSurvivorship= 77.7253430802375
ICForagerLifespan= 6.67881054151803
ImmType= Cosine
RQQueenStrength= 5.82786962762475
RQEnableReQueen= true
AIAdultSlope= 7.82342846877873
AIAdultLD50= 0.563435163024347
AIAdultSlopeContact= 8.30559860076755
AIAdultLD50Contact= 3.81654938428174
AILarvaSlope= 3.79271478019655
AILarvaLD50= 31.0229742830438
AIKOW= 36133.6380546904
AIKOC= 70571.889970531
AIHalfLife= 4.86051773640793
EAppRate= 6.23043396468321
FoliarEnabled= true
FoliarAppDate= 09/01/1989
FoliarForageBegin= 09/01/1989
FoliarForageEnd= 09/08/1989
AIContactFactor= 0.675215931693092
CL4Pollen= 3.59941371623427
CL4Nectar= 34.5257903216407
CL5Pollen= 2.63476233975962
CL5Nectar= 30.6353521998972
CLDPollen= 0.475012372713536
CLDNectar= 145.573215465993
CA13Pollen= 4.32670612009242
CA13Nectar= 63.2175068184733
CA410Pollen= 7.64958134582266
CA410Nectar= 198.946865582839
CA1120Pollen= 1.29598950594664
CA1120Nectar= 39.1622379794717
IPollenTrips= 6.14566567121074
INectarTrips= 11.929842273239
IPollenLoad= 5.81809118855745
INectarLoad= 6.35881838854402
