ICQueenStrength= 3.9280118830502
RQWkrDrnRatio= 4.66222896706313
ICDroneMiteSurvivorship= 23.9639316918328
ICWorkerMiteSurvivorship= 84.6316288923845
ICForagerLifespan= 14.2844954049215
ImmType= Sine
RQQueenStrength= 1.79419660731219
RQEnableReQueen= true
AIAdultSlope= 4.75986841879785
AIAdultLD50= 89.2756799726384
AIAdultSlopeContact= 2.91061583324336
AIAdultLD50Contact= 47.4665983614938
AILarvaSlope= 8.0119895208627
AILarvaLD50= 37.5191703341054
AIKOW= 39649.5871293143
AIKOC= 62691.2918437361
AIHalfLife= 20.9996810710523
EAppRate= 5.76842601386621
FoliarEnabled= true
FoliarAppDate= 06/07/1989
FoliarForageBegin= 06/05/1989
FoliarForageEnd= 06/28/1989
AIContactFactor= 1.81944639938883
CL4Pollen= 1.90100447461009
CL4Nectar= 42.0886720297858
CL5Pollen= 2.32113810209557
CL5Nectar= 29.416798974853
CLDPollen= 0.0136775602586567
CLDNectar= 60.4517884086818
CA13Pollen= 2.59640840748325
CA13Nectar= 72.6284602098167
CA410Pollen= 8.93648677517194
CA410Nectar= 60.513911084272
CA1120Pollen= 0.907733403844759
CA1120Nectar= 99.3695920147002
IPollenTrips= 8.43274131184444
INectarTrips= 8.00806147744879
IPollenLoad= 7.48652240959927
INectarLoad= 0.0563940964639187
ESoilP= 1.54739266540855
ESoilFoc= 0.0181857666778378
