ICQueenStrength= 5.98555504251271
RQWkrDrnRatio= 3.52698739804327
ICDroneMiteSurvivorship= 91.6431580670178
ICWorkerMiteSurvivorship= 8.1360740121454
ICForagerLifespan= 6.46689278073609
ImmType= Tangent
RQQueenStrength= 1.16779555357061
RQEnableReQueen= true
AIAdultSlope= 8.14386726915836
AIAdultLD50= 2.67610160433874
AIAdultSlopeContact= 7.44527580332942
AIAdultLD50Contact= 56.7984354010844
AILarvaSlope= 6.56017006188631
AILarvaLD50= 43.593524388016
AIKOW= 16056.0266472552
AIKOC= 35411.1673536198
AIHalfLife= 33.2401718221139
EAppRate= 4.98690928365104
FoliarEnabled= true
FoliarAppDate= 06/07/1989
FoliarForageBegin= 06/05/1989
FoliarForageEnd= 06/28/1989
AIContactFactor= 0.264098849194124
CL4Pollen= 1.40889888908714
CL4Nectar= 67.3956466605887
CL5Pollen= 2.33813376585022
CL5Nectar= 73.2154683326371
CLDPollen= 3.59693997446448
CLDNectar= 84.4382417737506
CA13Pollen= 5.8151798563078
CA13Nectar= 43.7578038685024
CA410Pollen= 3.9046145045897
CA410Nectar= 121.75979284104
CA1120Pollen= 0.331801989348605
CA1120Nectar= 59.3141398206353
IPollenTrips= 8.26634875964373
INectarTrips= 13.9496167190373
IPollenLoad= 1.85005747014657
INectarLoad= 5.5832071043551
ESoilP= 1.04185271309689
ESoilFoc= 0.0019820906391833
