ICQueenStrength= 5.02324546361342
RQWkrDrnRatio= 3.40275279991329
ICDroneMiteSurvivorship= 25.5206507630646
ICWorkerMiteSurvivorship= 33.9699353091419
ICForagerLifespan= 10.4450314603746
ImmType= Tangent
RQQueenStrength= 3.55758329411037
RQEnableReQueen= true
AIAdultSlope= 8.34064363874495
AIAdultLD50= 47.6922688592253
AIAdultSlopeContact= 4.61249172547832
AIAdultLD50Contact= 79.9421818892804
AILarvaSlope= 7.52314292825758
AILarvaLD50= 1.27938332981453
AIKOW= 53442.6723830919
AIKOC= 191.027462854283
AIHalfLife= 24.2912813030882
EAppRate= 4.6210780368275
FoliarEnabled= true
FoliarAppDate= 06/07/1989
FoliarForageBegin= 06/05/1989
FoliarForageEnd= 06/28/1989
AIContactFactor= 1.62759710945189
CL4Pollen= 0.285218445584178
CL4Nectar= 3.91413727775216
CL5Pollen= 3.44427371118218
CL5Nectar= 28.0681382515468
CLDPollen= 4.50840527750552
CLDNectar= 57.0055688498542
CA13Pollen= 5.98616777248681
CA13Nectar= 88.2982603646815
CA410Pollen= 3.72969935310539
CA410Nectar= 67.9674902325496
CA1120Pollen= 2.34668719698675
CA1120Nectar= 84.8112222552299
IPollenTrips= 7.75775370420888
INectarTrips= 10.3657580935396
IPollenLoad= 3.47733618458733
INectarLoad= 4.7553777997382
