ICQueenStrength= 1.97424565930851
RQWkrDrnRatio= 1.75282653421164
ICDroneMiteSurvivorship= 62.831116002053
ICWorkerMiteSurvivorship= 59.3383869854733
ICForagerLifespan= 7.4863320812583
ImmType= Polynomial
AIAdultSlope= 2.7032518162136
AIAdultLD50= 0.0543462633620948
AIAdultSlopeContact= 2.62978529900545
AIAdultLD50Contact= 0.0388258881401271
AILarvaSlope= 2.05711088827811
AILarvaLD50= 0.184303362085484
AIKOW= 4.9645860362798
AIKOC= 20.2410779206548
AIHalfLife= 1.51965399570763
EAppRate= 5.18753587501124
FoliarEnabled= true
