ICQueenStrength= 2.46350697614253
RQWkrDrnRatio= 1.05466257873923
ICDroneMiteSurvivorship= 84.8127108532935
ICWorkerMiteSurvivorship= 94.3702504038811
ICForagerLifespan= 14.0760093908757
ImmType= Polynomial
RQQueenStrength= 3.42145123076625
RQEnableReQueen= true
AIAdultSlope= 8.61900711804628
AIAdultLD50= 58.2966438642282
AIAdultSlopeContact= 3.01831524656154
AIAdultLD50Contact= 5.81140569638833
AILarvaSlope= 6.92274844273925
AILarvaLD50= 60.6256361894682
AIKOW= 29903.0066482798
AIKOC= 58221.4958246413
AIHalfLife= 10.2304952869425
EAppRate= 5.44808193329861
FoliarEnabled= true
FoliarAppDate= 06/07/1989
FoliarForageBegin= 06/05/1989
FoliarForageEnd= 06/28/1989
AIContactFactor= 0.775428741811775
CL4Pollen= 3.31266266014427
CL4Nectar= 65.1517995400354
CL5Pollen= 4.7686052354984
CL5Nectar= 15.2245711069554
CLDPollen= 5.24780363263562
CLDNectar= 54.0830085519701
CA13Pollen= 4.738636285346
CA13Nectar= 86.195803694427
CA410Pollen= 9.14649170467164
CA410Nectar= 150.969329262152
CA1120Pollen= 2.44802831090055
CA1120Nectar= 98.189689796418
IPollenTrips= 7.81577658373863
INectarTrips= 9.42343015689403
IPollenLoad= 6.05712885735556
INectarLoad= 2.79249692102894
