ICQueenStrength= 3.73866742732935
RQWkrDrnRatio= 3.37852430623025
ICDroneMiteSurvivorship= 69.4008487742394
ICWorkerMiteSurvivorship= 56.2465894967318
ICForagerLifespan= 11.8885664623231
ImmType= Exponential
RQQueenStrength= 5.36968581285328
RQEnableReQueen= true
AIAdultSlope= 2.16932239383459
AIAdultLD50= 95.6238470403985
AIAdultSlopeContact= 5.46515095303766
AIAdultLD50Contact= 19.5652368900639
AILarvaSlope= 6.73260008916259
AILarvaLD50= 46.8700114028654
AIKOW= 6369.36496339169
AIKOC= 13314.5902182981
AIHalfLife= 34.0584575429093
EAppRate= 5.23800942905317
FoliarEnabled= true
FoliarAppDate= 06/07/1989
FoliarForageBegin= 06/05/1989
FoliarForageEnd= 06/28/1989
AIContactFactor= 1.17116335379891
CL4Pollen= 0.0819648299366236
CL4Nectar= 74.838428129442
CL5Pollen= 4.72429935308173
CL5Nectar= 26.6843647230417
CLDPollen= 2.26894024712965
CLDNectar= 137.676350225229
CA13Pollen= 4.23366336273029
CA13Nectar= 79.8657924123108
CA410Pollen= 6.51273632140365
CA410Nectar= 24.0769129851833
CA1120Pollen= 2.64107495290227
CA1120Nectar= 59.6899980679154
IPollenTrips= 11.1571715935133
INectarTrips= 8.1286956765689
IPollenLoad= 4.92851815186441
INectarLoad= 5.76779400696978
