ICQueenStrength= 1.73644742486067
RQWkrDrnRatio= 4.40175493061543
ICDroneMiteSurvivorship= 68.2515669148415
ICWorkerMiteSurvivorship= 56.2540840590373
ICForagerLifespan= 11.0135170388967
ImmType= Exponential
RQQueenStrength= 2.72572401585057
RQEnableReQueen= true
AIAdultSlope= 1.30729716271162
AIAdultLD50= 0.0275175548761617
AIAdultSlopeContact= 4.38215697184205
AIAdultLD50Contact= 41.2722100886968
AILarvaSlope= 2.31948431581259
AILarvaLD50= 16.5927467518656
AIKOW= 93567.1134998333
AIKOC= 33456.6301304274
AIHalfLife= 33.2628414745908
EAppRate= 2.91539083253127
FoliarEnabled= true
FoliarAppDate= 09/01/1989
FoliarForageBegin= 09/01/1989
FoliarForageEnd= 09/08/1989
AIContactFactor= 0.322618095530197
CL4Pollen= 2.09893824532628
CL4Nectar= 38.2411586819217
CL5Pollen= 2.39898048061877
CL5Nectar= 145.647240348626
CLDPollen= 5.62178711453453
CLDNectar= 129.424434481189
CA13Pollen= 5.94998695217073
CA13Nectar= 83.8138925284147
CA410Pollen= 4.78169100610539
CA410Nectar= 176.213440392166
CA1120Pollen= 0.0783190852962434
CA1120Nectar= 51.2971730530262
IPollenTrips= 9.1738900449127
INectarTrips= 6.14426179556176
IPollenLoad= 2.0791402249597
INectarLoad= 9.89501960808411
