ICQueenStrength= 2.60917257796973
RQWkrDrnRatio= 4.5356231527403
ICDroneMiteSurvivorship= 22.678568540141
ICWorkerMiteSurvivorship= 79.6277187997475
ICForagerLifespan= 7.49515432771295
ImmType= Sine
RQQueenStrength= 4.40336070396006
RQEnableReQueen=true
AIAdultSlope= 5.10816802643239
AIAdultLD50= 0.942369239172665
AIAdultSlopeContact= 5.21705088554882
AIAdultLD50Contact= 27.8735433562433
AILarvaSlope= 1.08346599526703
AILarvaLD50= 40.5791407059866
AIKOW= 98055.432814915
AIKOC= 59209.9215923918
AIHalfLife= 5.3001039482886
EAppRate= 3.51682252762839
FoliarEnabled=true
FoliarAppDate= 07/01/1989
FoliarForageBegin= 07/01/1989
FoliarForageEnd= 07/14/1989
AIContactFactor= 1.30470203628298
CL4Pollen= 3.80231128633022
CL4Nectar= 53.0477636493742
CL5Pollen= 1.3433378431946
CL5Nectar= 22.9805108858272
CLDPollen= 2.18192333495244
CLDNectar= 124.575768399518
CA13Pollen= 7.3276202253066
CA13Nectar= 32.1437827125192
CA410Pollen= 5.51148174249101
CA410Nectar= 113.937164824456
CA1120Pollen= 0.88789703627117
CA1120Nectar= 23.3306013606489
IPollenTrips= 10.7894115406089
INectarTrips= 5.76712491223589
IPollenLoad= 9.3826375156641
INectarLoad= 6.5920987771824
