ICQueenStrength= 5.41391738480888
RQWkrDrnRatio= 3.84492057096213
ICDroneMiteSurvivorship= 11.4780276548117
ICWorkerMiteSurvivorship= 85.5144172906876
ICForagerLifespan= 7.87475625798106
ImmType= Sine
RQQueenStrength= 4.61979941604659
RQEnableReQueen= true
AIAdultSlope= 8.74205286055803
AIAdultLD50= 6.067803967149
AIAdultSlopeContact= 3.27312795701437
AIAdultLD50Contact= 98.3354665087266
AILarvaSlope= 2.07708534784615
AILarvaLD50= 26.8322044434762
AIKOW= 87423.0932914048
AIKOC= 33998.491678281
AIHalfLife= 30.6783425174421
EAppRate= 8.53384121167054
FoliarEnabled= true
FoliarAppDate= 06/07/1989
FoliarForageBegin= 06/05/1989
FoliarForageEnd= 06/28/1989
AIContactFactor= 1.05187863624655
CL4Pollen= 0.107973256148398
CL4Nectar= 49.1738906130195
CL5Pollen= 5.53407915914431
CL5Nectar= 90.0863494374789
CLDPollen= 5.12478340091184
CLDNectar= 45.0261058635078
CA13Pollen= 3.78940440649167
CA13Nectar= 34.1555019281805
CA410Pollen= 3.24209560076706
CA410Nectar= 88.6299652047455
CA1120Pollen= 0.300108088413253
CA1120Nectar= 30.0276078656316
IPollenTrips= 12.9491160763428
INectarTrips= 5.05540114594623
IPollenLoad= 4.57649060525
INectarLoad= 7.14103006757796
ESoilP= 1.46780409058556
ESoilFoc= 0.0195741310315207
