ICQueenStrength= 3.03705831896514
RQWkrDrnRatio= 4.0945088006556
ICDroneMiteSurvivorship= 12.8672168590128
ICWorkerMiteSurvivorship= 64.9537300923839
ICForagerLifespan= 11.3632973814383
ImmType= Sine
RQQueenStrength= 4.42527538421564
RQEnableReQueen= true
AIAdultSlope= 2.86765851080418
AIAdultLD50= 8.68620475215418
AIAdultSlopeContact= 1.22964390250854
AIAdultLD50Contact= 90.4752104987123
AILarvaSlope= 7.12754260189831
AILarvaLD50= 73.0824766471949
AIKOW= 11427.3343332284
AIKOC= 72012.0467211728
AIHalfLife= 0.891773983789608
EAppRate= 0.493758795279777
FoliarEnabled= true
FoliarAppDate= 06/07/1989
FoliarForageBegin= 06/05/1989
FoliarForageEnd= 06/28/1989
AIContactFactor= 1.39357112326194
CL4Pollen= 3.74818961508572
CL4Nectar= 47.9165637400001
CL5Pollen= 4.28469363274053
CL5Nectar= 4.8136209952645
CLDPollen= 2.83406334975734
CLDNectar= 4.52640589792281
CA13Pollen= 7.61490320768207
CA13Nectar= 43.0889266356826
CA410Pollen= 9.49131547315046
CA410Nectar= 95.1203630957752
CA1120Pollen= 2.10796238249168
CA1120Nectar= 76.0921633243561
IPollenTrips= 14.8038677871227
INectarTrips= 10.0312991579995
IPollenLoad= 8.4193991846405
INectarLoad= 6.02006220724434
ESoilP= 1.90650942898355
ESoilFoc= 0.0150914708839264
