ICQueenStrength= 3.74402096867561
RQWkrDrnRatio= 4.02715069055557
ICDroneMiteSurvivorship= 18.9526574220508
ICWorkerMiteSurvivorship= 61.1865059705451
ICForagerLifespan= 8.3474268624559
ImmType= Cosine
RQQueenStrength= 2.84954708907753
RQEnableReQueen= true
AIAdultSlope= 7.36293951235712
AIAdultLD50= 39.7952422733682
AIAdultSlopeContact= 7.92406761809252
AIAdultLD50Contact= 65.3231406991044
AILarvaSlope= 6.60752761363983
AILarvaLD50= 94.478827490221
AIKOW= 51788.5259135329
AIKOC= 68011.626695262
AIHalfLife= 9.77728663594462
EAppRate= 3.90291793241678
FoliarEnabled= true
FoliarAppDate= 06/07/1989
FoliarForageBegin= 06/05/1989
FoliarForageEnd= 06/28/1989
AIContactFactor= 1.31753973992541
CL4Pollen= 0.216015196405351
CL4Nectar= 61.1469645053148
CL5Pollen= 4.85794971976429
CL5Nectar= 0.210671592503786
CLDPollen= 4.52033476810902
CLDNectar= 27.4026922532357
CA13Pollen= 6.64782479573041
CA13Nectar= 62.5349612347782
CA410Pollen= 2.53392691686749
CA410Nectar= 131.634834748693
CA1120Pollen= 0.292787632439286
CA1120Nectar= 23.7748640775681
IPollenTrips= 14.8659270559438
INectarTrips= 14.6669606608339
IPollenLoad= 1.5617077681236
INectarLoad= 5.07776701124385
