ICQueenStrength= 4.93363259616308
RQWkrDrnRatio= 1.55468746088445
ICDroneMiteSurvivorship= 63.0323679186404
ICWorkerMiteSurvivorship= 15.7392223132774
ICForagerLifespan= 14.599289432168
ImmType= Polynomial
RQQueenStrength= 4.45578847918659
RQEnableReQueen= true
AIAdultSlope= 3.43111408315599
AIAdultLD50= 0.646107222043676
AIAdultSlopeContact= 5.00897638802417
AIAdultLD50Contact= 2.14813590226439
AILarvaSlope= 5.81930324994028
AILarvaLD50= 67.259409327927
AIKOW= 88532.544049722
AIKOC= 74685.9033692265
AIHalfLife= 30.8303784029093
EAppRate= 2.12871953549795
FoliarEnabled= true
FoliarAppDate= 09/01/1989
FoliarForageBegin= 09/01/1989
FoliarForageEnd= 09/08/1989
AIContactFactor= 1.22438686249778
CL4Pollen= 0.362412600778043
CL4Nectar= 39.7329282481223
CL5Pollen= 1.42549726506695
CL5Nectar= 84.4816120807081
CLDPollen= 3.24440053571016
CLDNectar= 110.789955966175
CA13Pollen= 4.02477696333081
CA13Nectar= 50.1672030054033
CA410Pollen= 3.74797450941987
CA410Nectar= 199.296250590123
CA1120Pollen= 1.04304424230941
CA1120Nectar= 20.8838051185012
IPollenTrips= 8.77380519872531
INectarTrips= 14.0436804061756
IPollenLoad= 2.3336923471652
INectarLoad= 3.90001212479547
