ICQueenStrength= 5.63581977644935
RQWkrDrnRatio= 3.08903756923974
ICDroneMiteSurvivorship= 26.1879574274644
ICWorkerMiteSurvivorship= 89.1800532583147
ICForagerLifespan= 14.9608105411753
ImmType= Sine
RQQueenStrength= 4.25402804883197
RQEnableReQueen= true
AIAdultSlope= 8.06135034561157
AIAdultLD50= 90.8311476006988
AIAdultSlopeContact= 2.74235025863163
AIAdultLD50Contact= 35.2163995761136
AILarvaSlope= 4.34806933067739
AILarvaLD50= 96.8091830252474
AIKOW= 36190.5557582971
AIKOC= 95568.8075675091
AIHalfLife= 2.92455702631269
EAppRate= 8.90103930775728
FoliarEnabled= true
FoliarAppDate= 06/07/1989
FoliarForageBegin= 06/05/1989
FoliarForageEnd= 06/28/1989
AIContactFactor= 0.369246582728811
CL4Pollen= 3.72255300264806
CL4Nectar= 96.2349824607372
CL5Pollen= 2.97212024778128
CL5Nectar= 22.5322952843271
CLDPollen= 0.897754880134016
CLDNectar= 46.1873202351853
CA13Pollen= 3.89459111522883
CA13Nectar= 49.6600402332842
CA410Pollen= 8.9086762012681
CA410Nectar= 115.877513592131
CA1120Pollen= 0.864030787954107
CA1120Nectar= 21.6118915565312
IPollenTrips= 11.6203607385978
INectarTrips= 8.0312975961715
IPollenLoad= 3.02184409229085
INectarLoad= 1.57756821485236
ESoilP= 1.49945062282495
ESoilFoc= 0.0160979926213622
