ICQueenStrength= 3.03973429044709
RQWkrDrnRatio= 4.76217469759285
ICDroneMiteSurvivorship= 71.4613504009321
ICWorkerMiteSurvivorship= 53.8157703820616
ICForagerLifespan= 14.8665063632652
ImmType= Cosine
AIAdultSlope= 3.66489587942138
AIAdultLD50= 0.181324060820043
AIAdultSlopeContact= 2.03412932794774
AIAdultLD50Contact= 0.00240706168115139
AILarvaSlope= 0.698930204845965
AILarvaLD50= 0.386984026338905
AIKOW= 5.50792956445366
AIKOC= 24.8275871167425
AIHalfLife= 0.0729587609414011
EAppRate= 9.41377769224346
FoliarEnabled= true
