ICQueenStrength= 5.44700197433122
RQWkrDrnRatio= 2.1062039071694
ICDroneMiteSurvivorship= 74.5097499806434
ICWorkerMiteSurvivorship= 54.3031814042479
ICForagerLifespan= 4.00492765661329
ImmType= Cosine
RQQueenStrength= 2.70916964532807
RQEnableReQueen= true
AIAdultSlope= 4.92352896928787
AIAdultLD50= 24.9325179159751
AIAdultSlopeContact= 8.20134623674676
AIAdultLD50Contact= 69.5282394684006
AILarvaSlope= 8.91249802336097
AILarvaLD50= 45.0892439630344
AIKOW= 66778.0109375569
AIKOC= 32939.3895250026
AIHalfLife= 22.3454291019822
EAppRate= 1.98596236696211
FoliarEnabled= true
FoliarAppDate= 06/07/1989
FoliarForageBegin= 06/05/1989
FoliarForageEnd= 06/28/1989
AIContactFactor= 1.48655865142122
CL4Pollen= 0.704113617539406
CL4Nectar= 25.6963348947465
CL5Pollen= 3.07222024071962
CL5Nectar= 57.9128753975965
CLDPollen= 1.94436169881374
CLDNectar= 10.1285921526141
CA13Pollen= 3.42470868518576
CA13Nectar= 40.8492898195982
CA410Pollen= 6.52787651601247
CA410Nectar= 89.0067340992391
CA1120Pollen= 0.89609471638687
CA1120Nectar= 31.6838128678501
IPollenTrips= 9.34286676580086
INectarTrips= 5.79880529316142
IPollenLoad= 7.18883947469294
INectarLoad= 6.04648994049057
