ICQueenStrength= 4.93847178434953
RQWkrDrnRatio= 4.86476842872798
ICDroneMiteSurvivorship= 79.8332855571061
ICWorkerMiteSurvivorship= 15.0550073711202
ICForagerLifespan= 12.7582948664203
ImmType= Exponential
RQQueenStrength= 2.93243495421484
RQEnableReQueen= true
AIAdultSlope= 2.05780121684074
AIAdultLD50= 94.1210969350042
AIAdultSlopeContact= 8.81779420655221
AIAdultLD50Contact= 90.3256029394327
AILarvaSlope= 6.62304753437638
AILarvaLD50= 1.36968581520487
AIKOW= 73847.1639884074
AIKOC= 21861.0707612282
AIHalfLife= 4.83572415695526
EAppRate= 0.183492719528964
FoliarEnabled= true
FoliarAppDate= 06/07/1989
FoliarForageBegin= 06/05/1989
FoliarForageEnd= 06/28/1989
AIContactFactor= 1.39998324885499
CL4Pollen= 1.80579494591802
CL4Nectar= 43.4253274230286
CL5Pollen= 1.95726607460529
CL5Nectar= 13.4587871725671
CLDPollen= 5.0908598061651
CLDNectar= 20.9967742091976
CA13Pollen= 5.05306046670303
CA13Nectar= 75.7317336834967
CA410Pollen= 6.43453029391821
CA410Nectar= 76.8008970236406
CA1120Pollen= 2.28329891245812
CA1120Nectar= 93.7379401735961
IPollenTrips= 14.8974619410001
INectarTrips= 6.05460714083165
IPollenLoad= 7.66295000677928
INectarLoad= 0.362329806666821
