ICQueenStrength= 5.43135854206048
RQWkrDrnRatio= 4.65601462591439
ICDroneMiteSurvivorship= 80.1271165022627
ICWorkerMiteSurvivorship= 44.8768127709627
ICForagerLifespan= 9.54335168004036
ImmType= Exponential
RQQueenStrength= 3.11998330196366
RQEnableReQueen= true
AIAdultSlope= 2.40479432791471
AIAdultLD50= 0.996686581584858
AIAdultSlopeContact= 5.50787450675853
AIAdultLD50Contact= 23.3555537152153
AILarvaSlope= 5.43835753016174
AILarvaLD50= 54.9892904969363
AIKOW= 87454.9817033217
AIKOC= 17064.74874577
AIHalfLife= 8.96007780977525
EAppRate= 0.189978422961198
FoliarEnabled= true
FoliarAppDate= 09/01/1989
FoliarForageBegin= 09/01/1989
FoliarForageEnd= 09/08/1989
AIContactFactor= 0.298071456905454
CL4Pollen= 2.41967305447906
CL4Nectar= 75.7900019874796
CL5Pollen= 2.76890605688095
CL5Nectar= 18.5014566988684
CLDPollen= 0.47052051499486
CLDNectar= 73.9387881942093
CA13Pollen= 5.52282588258386
CA13Nectar= 61.8257953971624
CA410Pollen= 8.20156665430404
CA410Nectar= 96.8010521540418
CA1120Pollen= 0.940861996030435
CA1120Nectar= 52.2238295711577
IPollenTrips= 7.71656800992787
INectarTrips= 6.35963693261147
IPollenLoad= 7.27898462908342
INectarLoad= 5.75192780699581
