ICQueenStrength= 3.52187389694154
RQWkrDrnRatio= 2.7384299132973
ICDroneMiteSurvivorship= 68.1771056959406
ICWorkerMiteSurvivorship= 5.76656062621623
ICForagerLifespan= 12.7905577588826
ImmType= Cosine
RQQueenStrength= 4.0167159801349
RQEnableReQueen=true
AIAdultSlope= 2.97341698780656
AIAdultLD50= 0.744839583441382
AIAdultSlopeContact= 4.11669258074835
AIAdultLD50Contact= 63.9496851630313
AILarvaSlope= 2.95918492041528
AILarvaLD50= 24.1605477901741
AIKOW= 30703.2077952168
AIKOC= 77498.8906050459
AIHalfLife= 32.3660800969694
EAppRate= 0.561855195028009
FoliarEnabled=true
FoliarAppDate= 07/01/1989
FoliarForageBegin= 07/01/1989
FoliarForageEnd= 07/14/1989
AIContactFactor= 2.33731507467572
CL4Pollen= 3.1444687154144
CL4Nectar= 0.500599713996053
CL5Pollen= 1.44827821757644
CL5Nectar= 112.844876165036
CLDPollen= 0.0164994914084673
CLDNectar= 141.585146205034
CA13Pollen= 4.09110778691247
CA13Nectar= 24.0563615225255
CA410Pollen= 6.27452676286921
CA410Nectar= 189.127037115395
CA1120Pollen= 2.56309950398281
CA1120Nectar= 77.4797158502042
IPollenTrips= 14.8684483463876
INectarTrips= 11.7004147451371
IPollenLoad= 9.406483406201
INectarLoad= 6.1616328638047
