ICQueenStrength= 2.34998348425142
RQWkrDrnRatio= 2.25453341007233
ICDroneMiteSurvivorship= 43.8360037282109
ICWorkerMiteSurvivorship= 70.7280125468969
ICForagerLifespan= 5.99020227976143
ImmType= Cosine
RQQueenStrength= 1.69619237096049
RQEnableReQueen= true
AIAdultSlope= 3.50897639617324
AIAdultLD50= 0.732586640704889
AIAdultSlopeContact= 8.92674736399204
AIAdultLD50Contact= 49.9752217366714
AILarvaSlope= 7.49520488083363
AILarvaLD50= 83.1130624738748
AIKOW= 41997.1365043993
AIKOC= 50102.4290234284
AIHalfLife= 27.5183788720984
EAppRate= 2.42023172817775
FoliarEnabled= true
FoliarAppDate= 09/01/1989
FoliarForageBegin= 09/01/1989
FoliarForageEnd= 09/08/1989
AIContactFactor= 1.53754637373611
CL4Pollen= 0.688953534699976
CL4Nectar= 54.6217387774959
CL5Pollen= 5.36919789947569
CL5Nectar= 17.1004922362044
CLDPollen= 2.57828729460016
CLDNectar= 47.3589184926823
CA13Pollen= 4.05734812263399
CA13Nectar= 98.6014635674655
CA410Pollen= 9.10481601366773
CA410Nectar= 70.8554620202631
CA1120Pollen= 1.25856765545905
CA1120Nectar= 85.9250098839402
IPollenTrips= 10.9132537106052
INectarTrips= 8.92205489100888
IPollenLoad= 1.31109756417572
INectarLoad= 5.74233679566532
