ICQueenStrength= 4.3356300520245
RQWkrDrnRatio= 2.94950477220118
ICDroneMiteSurvivorship= 99.3257210822776
ICWorkerMiteSurvivorship= 26.4648114563897
ICForagerLifespan= 8.79050953593105
ImmType= Tangent
AIAdultSlope= 0.858296762604732
AIAdultLD50= 0.0924878610763699
AIAdultSlopeContact= 0.515781479207799
AIAdultLD50Contact= 0.0162950222962536
AILarvaSlope= 2.17753867721185
AILarvaLD50= 0.39438868991565
AIKOW= 4.57987829577178
AIKOC= 23.5931027983315
AIHalfLife= 0.37319861156866
EAppRate= 4.69384062103927
FoliarEnabled= true
