ICQueenStrength= 3.8985619021114
RQWkrDrnRatio= 3.18904034327716
ICDroneMiteSurvivorship= 17.3237346578389
ICWorkerMiteSurvivorship= 5.87201043963432
ICForagerLifespan= 4.74866728018969
ImmType= Polynomial
RQQueenStrength= 5.8781265411526
RQEnableReQueen= true
AIAdultSlope= 1.59425905533135
AIAdultLD50= 0.71910116471583
AIAdultSlopeContact= 1.31789838382974
AIAdultLD50Contact= 34.2263850577876
AILarvaSlope= 4.92902343347669
AILarvaLD50= 7.69534935108456
AIKOW= 8553.26956977965
AIKOC= 68012.5353077627
AIHalfLife= 10.2009751064004
EAppRate= 3.08694697232218
FoliarEnabled= true
FoliarAppDate= 09/01/1989
FoliarForageBegin= 09/01/1989
FoliarForageEnd= 09/08/1989
AIContactFactor= 1.76390653107315
CL4Pollen= 3.92709629703313
CL4Nectar= 5.74020114727318
CL5Pollen= 2.66359408479184
CL5Nectar= 52.7763793710619
CLDPollen= 2.44998581428081
CLDNectar= 127.237560076173
CA13Pollen= 7.4512360191904
CA13Nectar= 47.3696447536349
CA410Pollen= 3.85022626563441
CA410Nectar= 28.3550719451159
CA1120Pollen= 2.00856069917791
CA1120Nectar= 57.3519064672291
IPollenTrips= 9.80973092839122
INectarTrips= 9.29067821474746
IPollenLoad= 4.59826803067699
INectarLoad= 7.79040093766525
