ICQueenStrength= 3.06599390716292
RQWkrDrnRatio= 1.42851737514138
ICDroneMiteSurvivorship= 74.4163134833798
ICWorkerMiteSurvivorship= 47.7106635225937
ICForagerLifespan= 4.63503952976316
ImmType= Cosine
RQQueenStrength= 2.79071824182756
RQEnableReQueen= true
AIAdultSlope= 5.07329900935292
AIAdultLD50= 76.9394244658952
AIAdultSlopeContact= 1.7912065773271
AIAdultLD50Contact= 60.6459051981578
AILarvaSlope= 6.24359167926013
AILarvaLD50= 86.4647846526667
AIKOW= 52152.3213131408
AIKOC= 57203.404772596
AIHalfLife= 30.884535424551
EAppRate= 7.99055474961107
FoliarEnabled= true
FoliarAppDate= 06/07/1989
FoliarForageBegin= 06/05/1989
FoliarForageEnd= 06/28/1989
AIContactFactor= 1.44220880424604
CL4Pollen= 2.02815912850201
CL4Nectar= 92.6021200139076
CL5Pollen= 0.599915052764118
CL5Nectar= 87.9217024077661
CLDPollen= 5.05238474579528
CLDNectar= 96.1670108721592
CA13Pollen= 5.79267027210444
CA13Nectar= 67.2660681605339
CA410Pollen= 4.15294867933262
CA410Nectar= 153.472602372058
CA1120Pollen= 0.188736924435943
CA1120Nectar= 92.941957693547
IPollenTrips= 8.01869462244213
INectarTrips= 9.38340567983687
IPollenLoad= 2.58369179442525
INectarLoad= 0.738354688510299
ESoilP= 1.50592968193814
ESoilFoc= 0.0161595565450843
