ICQueenStrength= 3.75188333704136
RQWkrDrnRatio= 1.18095171730965
ICDroneMiteSurvivorship= 96.8147046864033
ICWorkerMiteSurvivorship= 52.3774258093908
ICForagerLifespan= 4.27404943108559
ImmType= Logarithmic
RQQueenStrength= 3.65715160639957
RQEnableReQueen= true
AIAdultSlope= 8.95244239270687
AIAdultLD50= 0.114608952339273
AIAdultSlopeContact= 1.38071124511771
AIAdultLD50Contact= 62.5834369671568
AILarvaSlope= 7.77284207567573
AILarvaLD50= 57.8224152865785
AIKOW= 85846.2168786219
AIKOC= 23166.1317223951
AIHalfLife= 22.3526062786579
EAppRate= 1.37672397523536
FoliarEnabled= true
FoliarAppDate= 09/01/1989
FoliarForageBegin= 09/01/1989
FoliarForageEnd= 09/08/1989
AIContactFactor= 0.738794655874371
CL4Pollen= 3.47049118857831
CL4Nectar= 92.9405196802691
CL5Pollen= 1.62456300761551
CL5Nectar= 133.769432560075
CLDPollen= 1.26077255699784
CLDNectar= 62.5608928967267
CA13Pollen= 2.47093839412555
CA13Nectar= 74.3550850450993
CA410Pollen= 3.38872876642272
CA410Nectar= 65.2283196477219
CA1120Pollen= 2.03792357887141
CA1120Nectar= 52.6433178782463
IPollenTrips= 11.2146591977216
INectarTrips= 13.1666244426742
IPollenLoad= 9.07786779338494
INectarLoad= 5.63945337431505
