ICQueenStrength= 5.10159546881914
RQWkrDrnRatio= 2.86743965838104
ICDroneMiteSurvivorship= 62.4257605755702
ICWorkerMiteSurvivorship= 85.3901967406273
ICForagerLifespan= 14.3882553949952
ImmType= Cosine
RQQueenStrength= 1.24333346402273
RQEnableReQueen= true
AIAdultSlope= 3.87497132830322
AIAdultLD50= 90.086237410344
AIAdultSlopeContact= 5.24654362187721
AIAdultLD50Contact= 90.2796647021074
AILarvaSlope= 4.83903244510293
AILarvaLD50= 18.3488412121395
AIKOW= 10128.9511889511
AIKOC= 32205.5696225099
AIHalfLife= 25.8999720477965
EAppRate= 0.0354290866844822
FoliarEnabled= true
FoliarAppDate= 06/07/1989
FoliarForageBegin= 06/05/1989
FoliarForageEnd= 06/28/1989
AIContactFactor= 1.53024292413145
CL4Pollen= 3.1780206663534
CL4Nectar= 3.26183349825442
CL5Pollen= 5.10730480821803
CL5Nectar= 65.1000282377936
CLDPollen= 3.04180698562413
CLDNectar= 116.588052862789
CA13Pollen= 6.70179216824472
CA13Nectar= 72.8651580773294
CA410Pollen= 3.01567548073363
CA410Nectar= 43.7528753792867
CA1120Pollen= 2.19574207090773
CA1120Nectar= 80.3946909308434
IPollenTrips= 5.58067182777449
INectarTrips= 6.88686798792332
IPollenLoad= 5.77755539678037
INectarLoad= 6.4303760859184
