ICQueenStrength= 1.49603950814344
RQWkrDrnRatio= 4.5801934665069
ICDroneMiteSurvivorship= 66.8011374073103
ICWorkerMiteSurvivorship= 64.3795589916408
ICForagerLifespan= 9.59225418698043
ImmType= Sine
RQQueenStrength= 2.68507206253707
RQEnableReQueen= true
AIAdultSlope= 3.40225155092776
AIAdultLD50= 12.7019964294038
AIAdultSlopeContact= 8.57621834427118
AIAdultLD50Contact= 74.1151689682493
AILarvaSlope= 3.63109385035932
AILarvaLD50= 81.9736656110988
AIKOW= 90232.1894642066
AIKOC= 90028.9380592601
AIHalfLife= 16.9582495883107
EAppRate= 5.33645755763748
FoliarEnabled= true
FoliarAppDate= 06/07/1989
FoliarForageBegin= 06/05/1989
FoliarForageEnd= 06/28/1989
AIContactFactor= 1.32776156836655
CL4Pollen= 0.571150775067508
CL4Nectar= 46.3048548903316
CL5Pollen= 4.79412616789341
CL5Nectar= 4.60735294036567
CLDPollen= 1.09047526912764
CLDNectar= 126.741870911792
CA13Pollen= 6.44537397269159
CA13Nectar= 86.3829164206982
CA410Pollen= 6.28317168245558
CA410Nectar= 121.403810898773
CA1120Pollen= 2.13320125546306
CA1120Nectar= 43.2519765943289
IPollenTrips= 14.9280040548183
INectarTrips= 10.9712648531422
IPollenLoad= 1.70204538153484
INectarLoad= 2.5929315504618
ESoilP= 1.69722021836787
ESoilFoc= 0.014373344096588
