ICQueenStrength= 3.98490798450075
RQWkrDrnRatio= 3.68611686211079
ICDroneMiteSurvivorship= 33.9085552142933
ICWorkerMiteSurvivorship= 27.8889948036522
ICForagerLifespan= 12.0366625795141
ImmType= Sine
RQQueenStrength= 2.36959197698161
RQEnableReQueen= true
AIAdultSlope= 2.95199529081583
AIAdultLD50= 87.2854164551632
AIAdultSlopeContact= 6.61551168770529
AIAdultLD50Contact= 96.5507925822893
AILarvaSlope= 6.16969077661633
AILarvaLD50= 88.9110761625727
AIKOW= 74784.6296359599
AIKOC= 41435.910932167
AIHalfLife= 20.3457828907529
EAppRate= 2.64013033036352
FoliarEnabled= true
FoliarAppDate= 06/07/1989
FoliarForageBegin= 06/05/1989
FoliarForageEnd= 06/28/1989
AIContactFactor= 1.75810898527503
CL4Pollen= 0.952953184023499
CL4Nectar= 85.730811720714
CL5Pollen= 3.54650863772258
CL5Nectar= 8.2276415429078
CLDPollen= 5.58408593432978
CLDNectar= 8.55236949864775
CA13Pollen= 7.24499273141846
CA13Nectar= 29.6984662301838
CA410Pollen= 6.78546005664393
CA410Nectar= 57.07541778218
CA1120Pollen= 0.770729441195726
CA1120Nectar= 91.2934546731412
IPollenTrips= 13.0412268079817
INectarTrips= 10.0448102061637
IPollenLoad= 2.86834341706708
INectarLoad= 3.18508237600327
ESoilP= 1.59213588992134
ESoilFoc= 0.0134451788761653
