ICQueenStrength= 1.24829794070683
RQWkrDrnRatio= 4.17667264025658
ICDroneMiteSurvivorship= 48.2018382754177
ICWorkerMiteSurvivorship= 5.90680255554616
ICForagerLifespan= 14.2518345508724
ImmType= Tangent
RQQueenStrength= 2.67299744905904
RQEnableReQueen= true
AIAdultSlope= 2.64340010657907
AIAdultLD50= 3.54874841662543
AIAdultSlopeContact= 4.55329098040238
AIAdultLD50Contact= 68.2322813027476
AILarvaSlope= 3.68318609707057
AILarvaLD50= 64.2352804770619
AIKOW= 10335.7555601987
AIKOC= 31451.1672312838
AIHalfLife= 25.5579575448995
EAppRate= 0.596443757082568
FoliarEnabled= true
FoliarAppDate= 06/07/1989
FoliarForageBegin= 06/05/1989
FoliarForageEnd= 06/28/1989
AIContactFactor= 1.11680655525066
CL4Pollen= 3.64099544472992
CL4Nectar= 52.209047274664
CL5Pollen= 2.62469050381333
CL5Nectar= 24.7168432921171
CLDPollen= 4.71024835668504
CLDNectar= 44.2327426979318
CA13Pollen= 4.05124323191121
CA13Nectar= 79.0656577795744
CA410Pollen= 5.2817518979311
CA410Nectar= 92.0555165968835
CA1120Pollen= 0.810697294073179
CA1120Nectar= 61.1814740672708
IPollenTrips= 8.16282754763961
INectarTrips= 11.4121373137459
IPollenLoad= 5.99317281739786
INectarLoad= 2.2419370082207
ESoilP= 1.66340359905735
ESoilFoc= 0.00526059691887349
