ICQueenStrength= 2.49428334785625
RQWkrDrnRatio= 1.67762042582035
ICDroneMiteSurvivorship= 3.45584757160395
ICWorkerMiteSurvivorship= 86.9670464191586
ICForagerLifespan= 9.39247008040547
ImmType= Tangent
RQQueenStrength= 3.56625334382989
RQEnableReQueen= true
AIAdultSlope= 6.92306337319314
AIAdultLD50= 80.388414747919
AIAdultSlopeContact= 5.64644911093637
AIAdultLD50Contact= 96.6687109971428
AILarvaSlope= 4.10926073230803
AILarvaLD50= 27.3033082090227
AIKOW= 67450.486281866
AIKOC= 44925.3034460964
AIHalfLife= 29.8363931163447
EAppRate= 0.392951790347695
FoliarEnabled= true
FoliarAppDate= 06/07/1989
FoliarForageBegin= 06/05/1989
FoliarForageEnd= 06/28/1989
AIContactFactor= 1.2557782149408
CL4Pollen= 1.38384804595262
CL4Nectar= 39.9581636069342
CL5Pollen= 5.80458357604221
CL5Nectar= 131.297316506971
CLDPollen= 1.06337128579617
CLDNectar= 2.91160127380863
CA13Pollen= 7.05842464398593
CA13Nectar= 89.3854756094515
CA410Pollen= 8.01199317646678
CA410Nectar= 190.052686431445
CA1120Pollen= 1.36142486846074
CA1120Nectar= 41.3458844646811
IPollenTrips= 10.8651116560213
INectarTrips= 14.0798683674075
IPollenLoad= 4.31252774782479
INectarLoad= 6.76019512815401
