ICQueenStrength= 1.26242656400427
RQWkrDrnRatio= 1.4950774749741
ICDroneMiteSurvivorship= 47.3976716632023
ICWorkerMiteSurvivorship= 4.37485845759511
ICForagerLifespan= 8.36359644494951
ImmType= Cosine
RQQueenStrength= 1.46088773757219
RQEnableReQueen= true
AIAdultSlope= 6.91467446088791
AIAdultLD50= 0.256321413321653
AIAdultSlopeContact= 1.5402199709788
AIAdultLD50Contact= 51.8937387431157
AILarvaSlope= 5.03669598326087
AILarvaLD50= 21.3836051947931
AIKOW= 10202.2083401358
AIKOC= 2443.50404513464
AIHalfLife= 15.0585314675001
EAppRate= 5.56041054889746
FoliarEnabled= true
FoliarAppDate= 09/01/1989
FoliarForageBegin= 09/01/1989
FoliarForageEnd= 09/08/1989
AIContactFactor= 1.27518323746044
CL4Pollen= 0.534548249095678
CL4Nectar= 48.7342868000269
CL5Pollen= 3.41331424377859
CL5Nectar= 40.0539594702423
CLDPollen= 5.57481246069074
CLDNectar= 58.6679720669053
CA13Pollen= 4.68110179137438
CA13Nectar= 50.7590196281672
CA410Pollen= 8.02983855581842
CA410Nectar= 157.534218300134
CA1120Pollen= 1.61909542093053
CA1120Nectar= 77.9938225820661
IPollenTrips= 7.85178852034733
INectarTrips= 8.76478197285905
IPollenLoad= 3.73056339565665
INectarLoad= 9.51415042160079
