ICQueenStrength= 5.04381051426753
RQWkrDrnRatio= 4.55315740872175
ICDroneMiteSurvivorship= 45.5126028973609
ICWorkerMiteSurvivorship= 18.5284033417702
ICForagerLifespan= 10.4129859413952
ImmType= Tangent
RQQueenStrength= 1.19220327725634
RQEnableReQueen= true
AIAdultSlope= 1.6827291008085
AIAdultLD50= 54.1377375109291
AIAdultSlopeContact= 9.37025926634669
AIAdultLD50Contact= 41.8858580776374
AILarvaSlope= 3.23452823981643
AILarvaLD50= 61.4436033883097
AIKOW= 48168.8049066186
AIKOC= 6127.75062274397
AIHalfLife= 34.5533117181156
EAppRate= 7.51857780136773
FoliarEnabled= true
FoliarAppDate= 06/07/1989
FoliarForageBegin= 06/05/1989
FoliarForageEnd= 06/28/1989
AIContactFactor= 0.454403899386525
CL4Pollen= 2.20719211641699
CL4Nectar= 26.3014861615375
CL5Pollen= 5.3199339886196
CL5Nectar= 31.7315793712623
CLDPollen= 1.30183087661862
CLDNectar= 54.5039661345072
CA13Pollen= 5.77946665678173
CA13Nectar= 44.1043128445745
CA410Pollen= 3.37558087510988
CA410Nectar= 43.3042250853032
CA1120Pollen= 0.639960047090426
CA1120Nectar= 40.4399397224188
IPollenTrips= 5.90236577903852
INectarTrips= 11.0331800766289
IPollenLoad= 7.55637041525915
INectarLoad= 7.01062516542152
ESoilP= 1.7671525911428
ESoilFoc= 0.00499411031231284
