ICQueenStrength= 2.2665161350742
RQWkrDrnRatio= 3.6789458412677
ICDroneMiteSurvivorship= 3.95407162141055
ICWorkerMiteSurvivorship= 7.59834898635745
ICForagerLifespan= 8.22484612744302
ImmType= Cosine
RQQueenStrength= 1.72732458706014
RQEnableReQueen= true
AIAdultSlope= 1.89530724473298
AIAdultLD50= 0.990810971261002
AIAdultSlopeContact= 5.04992655524984
AIAdultLD50Contact= 58.4624292196056
AILarvaSlope= 4.28915395960212
AILarvaLD50= 7.76133471171488
AIKOW= 78854.0968862588
AIKOC= 77327.4305484213
AIHalfLife= 12.4612970824121
EAppRate= 2.48411727135279
FoliarEnabled= true
FoliarAppDate= 09/01/1989
FoliarForageBegin= 09/01/1989
FoliarForageEnd= 09/08/1989
AIContactFactor= 1.17052561150398
CL4Pollen= 0.29148680344224
CL4Nectar= 27.9882288305089
CL5Pollen= 3.87774232216179
CL5Nectar= 80.1943579106592
CLDPollen= 5.97521880548447
CLDNectar= 12.873542367015
CA13Pollen= 6.2094134141691
CA13Nectar= 66.9173704646528
CA410Pollen= 3.17546080215834
CA410Nectar= 174.404306421056
CA1120Pollen= 1.42662603221834
CA1120Nectar= 69.0386684238911
IPollenTrips= 10.0817797728814
INectarTrips= 10.6445977510884
IPollenLoad= 9.5855993940495
INectarLoad= 6.58428906463087
