ICQueenStrength= 2.18386064539663
RQWkrDrnRatio= 2.02382483426481
ICDroneMiteSurvivorship= 86.1541970865801
ICWorkerMiteSurvivorship= 55.2377570187673
ICForagerLifespan= 7.69009197596461
ImmType= Sine
RQQueenStrength= 4.21139955660328
RQEnableReQueen= true
AIAdultSlope= 2.74599602073431
AIAdultLD50= 40.6048799693796
AIAdultSlopeContact= 9.74350234679878
AIAdultLD50Contact= 80.2970030451515
AILarvaSlope= 4.58885013870895
AILarvaLD50= 40.6427132435022
AIKOW= 16591.0185137504
AIKOC= 73059.1546539376
AIHalfLife= 30.0083986413432
EAppRate= 9.21946335152374
FoliarEnabled= true
FoliarAppDate= 06/07/1989
FoliarForageBegin= 06/05/1989
FoliarForageEnd= 06/28/1989
AIContactFactor= 1.36145703176036
CL4Pollen= 3.13751657679677
CL4Nectar= 47.3042399389669
CL5Pollen= 1.21848903084174
CL5Nectar= 115.059059753548
CLDPollen= 0.759859886951745
CLDNectar= 46.2441028794274
CA13Pollen= 7.24632606031373
CA13Nectar= 97.3185768350959
CA410Pollen= 2.64766229959205
CA410Nectar= 62.3897326504812
CA1120Pollen= 1.15868991566822
CA1120Nectar= 92.1800233982503
IPollenTrips= 13.9410497248173
INectarTrips= 5.15087130013853
IPollenLoad= 8.22059689788148
INectarLoad= 3.94943602383137
