ICQueenStrength= 1.27849542791955
RQWkrDrnRatio= 3.05817206390202
ICDroneMiteSurvivorship= 73.4652589773759
ICWorkerMiteSurvivorship= 62.6255262643099
ICForagerLifespan= 4.59938159771264
ImmType= Tangent
RQQueenStrength= 3.6305557671003
RQEnableReQueen= true
AIAdultSlope= 6.22344816662371
AIAdultLD50= 63.4108336894871
AIAdultSlopeContact= 3.68192191165872
AIAdultLD50Contact= 83.1859273524357
AILarvaSlope= 4.79284469783306
AILarvaLD50= 65.4652659246621
AIKOW= 10377.5611362765
AIKOC= 22149.479898581
AIHalfLife= 1.30778346131556
EAppRate= 7.49129563525296
FoliarEnabled= true
FoliarAppDate= 06/07/1989
FoliarForageBegin= 06/05/1989
FoliarForageEnd= 06/28/1989
AIContactFactor= 0.276590023161843
CL4Pollen= 2.22656129859388
CL4Nectar= 20.5080393701792
CL5Pollen= 2.30096971336752
CL5Nectar= 75.1021450152621
CLDPollen= 4.33351204125211
CLDNectar= 139.63248435175
CA13Pollen= 6.64331235485151
CA13Nectar= 41.5207276120782
CA410Pollen= 2.82720196745358
CA410Nectar= 178.104694467038
CA1120Pollen= 0.170232161181048
CA1120Nectar= 56.8760108761489
IPollenTrips= 7.69091266440228
INectarTrips= 13.409936230164
IPollenLoad= 2.71380490390584
INectarLoad= 5.40695879375562
