ICQueenStrength= 4.86312051094137
RQWkrDrnRatio= 3.06662740185857
ICDroneMiteSurvivorship= 58.1084082135931
ICWorkerMiteSurvivorship= 78.4208009717986
ICForagerLifespan= 12.9140901947394
ImmType= Polynomial
RQQueenStrength= 5.56368559040129
RQEnableReQueen= true
AIAdultSlope= 3.75483698956668
AIAdultLD50= 13.4218019765047
AIAdultSlopeContact= 8.02645414113067
AIAdultLD50Contact= 31.2793788634518
AILarvaSlope= 7.63927616737783
AILarvaLD50= 60.4450721731882
AIKOW= 29301.933540169
AIKOC= 40270.2704300184
AIHalfLife= 29.2622897985391
EAppRate= 8.73459932157001
FoliarEnabled= true
FoliarAppDate= 06/07/1989
FoliarForageBegin= 06/05/1989
FoliarForageEnd= 06/28/1989
AIContactFactor= 2.2706290652696
CL4Pollen= 2.24244093894958
CL4Nectar= 24.1696729324758
CL5Pollen= 3.05337595520541
CL5Nectar= 96.7310812091455
CLDPollen= 5.72106380900368
CLDNectar= 63.4344902238809
CA13Pollen= 6.12418928351253
CA13Nectar= 76.7399626225233
CA410Pollen= 5.6597667229129
CA410Nectar= 100.334018557332
CA1120Pollen= 1.7638170956634
CA1120Nectar= 47.4048123694956
IPollenTrips= 8.78485780209303
INectarTrips= 6.95253792917356
IPollenLoad= 9.01512567186728
INectarLoad= 6.34317429037765
