ICQueenStrength= 2.11809985595755
RQWkrDrnRatio= 1.89362305682153
ICDroneMiteSurvivorship= 57.1486639091745
ICWorkerMiteSurvivorship= 65.8365471521392
ICForagerLifespan= 8.25208763126284
ImmType= Logarithmic
RQQueenStrength= 5.39485864248127
RQEnableReQueen= true
AIAdultSlope= 6.58592997118831
AIAdultLD50= 56.6482862365777
AIAdultSlopeContact= 4.27235845965333
AIAdultLD50Contact= 82.0307644737202
AILarvaSlope= 2.11691920086741
AILarvaLD50= 81.4630018467945
AIKOW= 33761.1381777975
AIKOC= 28094.4582890682
AIHalfLife= 8.43605414684862
EAppRate= 9.27681931173522
FoliarEnabled= true
FoliarAppDate= 06/07/1989
FoliarForageBegin= 06/05/1989
FoliarForageEnd= 06/28/1989
AIContactFactor= 0.617801915830932
CL4Pollen= 3.15798209700733
CL4Nectar= 10.5694739613682
CL5Pollen= 1.53947679558769
CL5Nectar= 22.8881794027984
CLDPollen= 1.08315391838551
CLDNectar= 56.0782381799072
CA13Pollen= 6.42611159924418
CA13Nectar= 24.5633891224861
CA410Pollen= 5.34573787944391
CA410Nectar= 147.38851107657
CA1120Pollen= 0.487340798601508
CA1120Nectar= 71.3241671025753
IPollenTrips= 10.7138670724817
INectarTrips= 11.4387841429561
IPollenLoad= 4.79791707824916
INectarLoad= 4.43848968483508
