ICQueenStrength= 1.79675364890136
RQWkrDrnRatio= 2.44092220533639
ICDroneMiteSurvivorship= 78.2581564970315
ICWorkerMiteSurvivorship= 80.0442969892174
ICForagerLifespan= 9.1802823971957
ImmType= Sine
RQQueenStrength= 1.42838258319534
RQEnableReQueen= true
AIAdultSlope= 7.43592690490186
AIAdultLD50= 0.353122257592157
AIAdultSlopeContact= 2.61272725462914
AIAdultLD50Contact= 17.0092992855001
AILarvaSlope= 1.08525753952563
AILarvaLD50= 51.1507317379762
AIKOW= 59681.7979161948
AIKOC= 99468.5493702672
AIHalfLife= 23.2462208061712
EAppRate= 6.88236555496999
FoliarEnabled= true
FoliarAppDate= 09/01/1989
FoliarForageBegin= 09/01/1989
FoliarForageEnd= 09/08/1989
AIContactFactor= 1.41094114225358
CL4Pollen= 1.60743690095842
CL4Nectar= 5.23676017764956
CL5Pollen= 0.795591296162456
CL5Nectar= 111.050053336658
CLDPollen= 2.5069093387574
CLDNectar= 45.6923630204983
CA13Pollen= 7.56152875004336
CA13Nectar= 23.6052596382797
CA410Pollen= 4.88687483007088
CA410Nectar= 199.706870093942
CA1120Pollen= 0.295552232069895
CA1120Nectar= 94.0353182330728
IPollenTrips= 11.4301937166601
INectarTrips= 9.02113080723211
IPollenLoad= 4.64055907446891
INectarLoad= 0.695553007535636
