ICQueenStrength= 3.12941542966291
RQWkrDrnRatio= 4.14253540616482
ICDroneMiteSurvivorship= 39.494417887181
ICWorkerMiteSurvivorship= 17.5005392869934
ICForagerLifespan= 4.75458614435047
ImmType= Logarithmic
RQQueenStrength= 3.57382035022601
RQEnableReQueen= true
AIAdultSlope= 5.21323452144861
AIAdultLD50= 60.2878225599625
AIAdultSlopeContact= 6.06264321738854
AIAdultLD50Contact= 82.62135200545
AILarvaSlope= 7.19602960161865
AILarvaLD50= 16.7972099427967
AIKOW= 27530.2660245255
AIKOC= 77976.5805015629
AIHalfLife= 5.83192657330073
EAppRate= 0.409565060955705
FoliarEnabled= true
FoliarAppDate= 06/07/1989
FoliarForageBegin= 06/05/1989
FoliarForageEnd= 06/28/1989
AIContactFactor= 1.76230698673055
CL4Pollen= 1.23037084657699
CL4Nectar= 50.6015960825607
CL5Pollen= 0.319040297996253
CL5Nectar= 21.9261251972057
CLDPollen= 3.52785625867546
CLDNectar= 24.4681665441021
CA13Pollen= 3.29695469820872
CA13Nectar= 63.271757196635
CA410Pollen= 6.05465151064564
CA410Nectar= 30.1658771419898
CA1120Pollen= 0.195609244052321
CA1120Nectar= 89.3429927527905
IPollenTrips= 5.00522473128513
INectarTrips= 8.13049252144992
IPollenLoad= 9.17122932849452
INectarLoad= 2.4987442465499
