ICQueenStrength= 3.43945586378686
RQWkrDrnRatio= 2.02661172766238
ICDroneMiteSurvivorship= 43.4929996263236
ICWorkerMiteSurvivorship= 34.5708244945854
ICForagerLifespan= 6.11001237947494
ImmType= Polynomial
RQQueenStrength= 3.57796321995556
RQEnableReQueen= true
AIAdultSlope= 4.94725844636559
AIAdultLD50= 38.1560549614429
AIAdultSlopeContact= 9.27302912459709
AIAdultLD50Contact= 76.2172496811401
AILarvaSlope= 3.92856205813587
AILarvaLD50= 58.5300519220808
AIKOW= 50649.9907224601
AIKOC= 50847.9204463896
AIHalfLife= 29.6522910617292
EAppRate= 2.13289060063707
FoliarEnabled= true
FoliarAppDate= 06/07/1989
FoliarForageBegin= 06/05/1989
FoliarForageEnd= 06/28/1989
AIContactFactor= 1.47289145803079
CL4Pollen= 1.28136708773673
CL4Nectar= 96.8285873532295
CL5Pollen= 4.57116281893104
CL5Nectar= 142.046021029819
CLDPollen= 5.72572649270296
CLDNectar= 1.89409966114908
CA13Pollen= 3.34562487974763
CA13Nectar= 98.6829957179725
CA410Pollen= 7.41403157061432
CA410Nectar= 97.9976202128455
CA1120Pollen= 2.1684544198215
CA1120Nectar= 63.3513141982257
IPollenTrips= 8.42253408627585
INectarTrips= 14.1107556642964
IPollenLoad= 0.288122752681375
INectarLoad= 3.4708941844292
