ICQueenStrength= 1.10077366605401
RQWkrDrnRatio= 3.1649389564991
ICDroneMiteSurvivorship= 58.0710282083601
ICWorkerMiteSurvivorship= 98.7936379620805
ICForagerLifespan= 7.00362919084728
ImmType= Logarithmic
RQQueenStrength= 3.41552558378316
RQEnableReQueen= true
AIAdultSlope= 2.30379994958639
AIAdultLD50= 8.13015592731908
AIAdultSlopeContact= 4.75490472582169
AIAdultLD50Contact= 27.5468301193486
AILarvaSlope= 3.52895912155509
AILarvaLD50= 29.4599312830667
AIKOW= 53357.0912976234
AIKOC= 72179.1002923839
AIHalfLife= 2.04837635571603
EAppRate= 2.49987622275809
FoliarEnabled= true
FoliarAppDate= 06/07/1989
FoliarForageBegin= 06/05/1989
FoliarForageEnd= 06/28/1989
AIContactFactor= 2.01000918875914
CL4Pollen= 3.43572662584484
CL4Nectar= 99.2703338852152
CL5Pollen= 4.93258601753041
CL5Nectar= 61.9128377758898
CLDPollen= 1.01353160245344
CLDNectar= 105.336608598009
CA13Pollen= 6.57586162239313
CA13Nectar= 97.8911290504038
CA410Pollen= 8.84325223458
CA410Nectar= 56.7621493479237
CA1120Pollen= 2.58519275067374
CA1120Nectar= 80.5417066253722
IPollenTrips= 13.5688535869122
INectarTrips= 5.47593385912478
IPollenLoad= 8.04376077838242
INectarLoad= 5.11348350439221
