ICQueenStrength= 1.04975725547411
RQWkrDrnRatio= 4.39595018699765
ICDroneMiteSurvivorship= 86.5213472396135
ICWorkerMiteSurvivorship= 14.5620656898245
ICForagerLifespan= 4.04367375839502
ImmType= Cosine
RQQueenStrength= 3.15777261531912
RQEnableReQueen= true
AIAdultSlope= 3.02894372679293
AIAdultLD50= 45.778826345914
AIAdultSlopeContact= 6.61348679801449
AIAdultLD50Contact= 71.4487524421439
AILarvaSlope= 3.47318602912128
AILarvaLD50= 48.7485686909002
AIKOW= 43823.3817759147
AIKOC= 39352.8208841004
AIHalfLife= 27.9164378468879
EAppRate= 0.996150179021759
FoliarEnabled= true
FoliarAppDate= 06/07/1989
FoliarForageBegin= 06/05/1989
FoliarForageEnd= 06/28/1989
AIContactFactor= 1.20739049682859
CL4Pollen= 2.67755664233118
CL4Nectar= 28.5408664727584
CL5Pollen= 2.04318603873253
CL5Nectar= 129.588801262435
CLDPollen= 5.27202178537846
CLDNectar= 132.883409969509
CA13Pollen= 7.02420142833143
CA13Nectar= 58.6209330894053
CA410Pollen= 3.15488856565207
CA410Nectar= 116.338538592681
CA1120Pollen= 0.79289082926698
CA1120Nectar= 83.8813372515142
IPollenTrips= 13.0383849632926
INectarTrips= 11.5904862713069
IPollenLoad= 6.11667803255841
INectarLoad= 4.64730424806476
