ICQueenStrength= 2.06095848488621
RQWkrDrnRatio= 2.09858544543386
ICDroneMiteSurvivorship= 41.869683470577
ICWorkerMiteSurvivorship= 45.7109431736171
ICForagerLifespan= 4.3397761862725
ImmType= Polynomial
RQQueenStrength= 2.52221934287809
RQEnableReQueen= true
AIAdultSlope= 2.33507375791669
AIAdultLD50= 25.3637141632205
AIAdultSlopeContact= 3.90757262520492
AIAdultLD50Contact= 36.63236998166
AILarvaSlope= 7.78107046708465
AILarvaLD50= 11.9983082128873
AIKOW= 42751.4056181737
AIKOC= 78489.3383470182
AIHalfLife= 3.38423677976243
EAppRate= 8.11838279926614
FoliarEnabled= true
FoliarAppDate= 06/07/1989
FoliarForageBegin= 06/05/1989
FoliarForageEnd= 06/28/1989
AIContactFactor= 1.70015194737818
CL4Pollen= 2.5735241882503
CL4Nectar= 99.8987655155361
CL5Pollen= 3.84875380760059
CL5Nectar= 18.4698055149056
CLDPollen= 3.01269548200071
CLDNectar= 66.1600281251594
CA13Pollen= 4.98323676437139
CA13Nectar= 70.6479116529226
CA410Pollen= 7.94571664826944
CA410Nectar= 115.226034652442
CA1120Pollen= 1.94058495084755
CA1120Nectar= 83.1405768916011
IPollenTrips= 10.416123426985
INectarTrips= 12.5438055861741
IPollenLoad= 8.04343767696992
INectarLoad= 8.11057348037139
