ICQueenStrength= 1.49472775426693
RQWkrDrnRatio= 1.33381839003414
ICDroneMiteSurvivorship= 14.3935443367809
ICWorkerMiteSurvivorship= 53.5569098778069
ICForagerLifespan= 14.580221535638
ImmType= Tangent
RQQueenStrength= 4.76776854856871
RQEnableReQueen= true
AIAdultSlope= 3.36420193128288
AIAdultLD50= 4.9372478050522
AIAdultSlopeContact= 7.68679586518556
AIAdultLD50Contact= 6.68191786883143
AILarvaSlope= 6.03210202790797
AILarvaLD50= 40.7649632894658
AIKOW= 85471.7215848734
AIKOC= 24020.1408841494
AIHalfLife= 6.92864785746205
EAppRate= 6.42735798878572
FoliarEnabled= true
FoliarAppDate= 06/07/1989
FoliarForageBegin= 06/05/1989
FoliarForageEnd= 06/28/1989
AIContactFactor= 1.18900843099691
CL4Pollen= 2.58535179961473
CL4Nectar= 70.9124422399327
CL5Pollen= 1.96062690624967
CL5Nectar= 137.785878544673
CLDPollen= 4.01001189742237
CLDNectar= 123.233417083975
CA13Pollen= 6.85033828187734
CA13Nectar= 30.177778955549
CA410Pollen= 2.52348442615476
CA410Nectar= 36.8110723979771
CA1120Pollen= 1.37526216404513
CA1120Nectar= 43.4934559650719
IPollenTrips= 6.82239467045292
INectarTrips= 12.7800939395092
IPollenLoad= 2.87433964200318
INectarLoad= 7.85468882182613
ESoilP= 1.83250042982399
ESoilFoc= 0.00913687892002054
