ICQueenStrength= 2.69498140225187
RQWkrDrnRatio= 2.22276797052473
ICDroneMiteSurvivorship= 86.213542195037
ICWorkerMiteSurvivorship= 73.7858981592581
ICForagerLifespan= 12.0142178013921
ImmType= Polynomial
RQQueenStrength= 5.32305361027829
RQEnableReQueen= true
AIAdultSlope= 4.392807751894
AIAdultLD50= 94.9462110318136
AIAdultSlopeContact= 4.08100811368786
AIAdultLD50Contact= 29.3031899573363
AILarvaSlope= 6.09617665782571
AILarvaLD50= 49.6608267707396
AIKOW= 38201.6667728742
AIKOC= 62093.7143636057
AIHalfLife= 6.18224850143306
EAppRate= 5.53385939556686
FoliarEnabled= true
FoliarAppDate= 06/07/1989
FoliarForageBegin= 06/05/1989
FoliarForageEnd= 06/28/1989
AIContactFactor= 1.1703962189937
CL4Pollen= 1.40881588868797
CL4Nectar= 64.3382187234238
CL5Pollen= 5.47622241592035
CL5Nectar= 52.8047617524862
CLDPollen= 1.03758173715323
CLDNectar= 23.0620479094796
CA13Pollen= 5.0009401736781
CA13Nectar= 35.162981338799
CA410Pollen= 2.50900966518093
CA410Nectar= 141.254686638713
CA1120Pollen= 2.59508201899007
CA1120Nectar= 91.4887319691479
IPollenTrips= 9.96653624810278
INectarTrips= 12.8047953313217
IPollenLoad= 3.86556740384549
INectarLoad= 3.45099387457594
ESoilP= 1.45216446672566
ESoilFoc= 0.00184572695475072
