ICQueenStrength= 2.66092607774772
RQWkrDrnRatio= 2.3319667512551
ICDroneMiteSurvivorship= 12.9153515677899
ICWorkerMiteSurvivorship= 89.6343918750063
ICForagerLifespan= 4.67562220711261
ImmType= Cosine
RQQueenStrength= 4.99400219670497
RQEnableReQueen= true
AIAdultSlope= 2.42733111418784
AIAdultLD50= 79.8773620439139
AIAdultSlopeContact= 2.95332561759278
AIAdultLD50Contact= 27.6003992581437
AILarvaSlope= 6.22768028639257
AILarvaLD50= 17.4674100436259
AIKOW= 49105.3962751916
AIKOC= 82204.6855256381
AIHalfLife= 22.6488475188147
EAppRate= 5.12582122655772
FoliarEnabled= true
FoliarAppDate= 06/07/1989
FoliarForageBegin= 06/05/1989
FoliarForageEnd= 06/28/1989
AIContactFactor= 0.765871354299597
CL4Pollen= 3.35749623179436
CL4Nectar= 55.9592109173536
CL5Pollen= 2.43645471241325
CL5Nectar= 53.4696219256148
CLDPollen= 2.2088645263575
CLDNectar= 54.6647871262394
CA13Pollen= 2.37210880573839
CA13Nectar= 76.5211988613009
CA410Pollen= 2.32546222601086
CA410Nectar= 22.3276462126523
CA1120Pollen= 1.35526134143583
CA1120Nectar= 64.2759826034307
IPollenTrips= 5.01766256522387
INectarTrips= 13.9023079397157
IPollenLoad= 9.83418659539893
INectarLoad= 8.30970318289474
