ICQueenStrength= 2.74845334840938
RQWkrDrnRatio= 2.08143826946616
ICDroneMiteSurvivorship= 82.8087667701766
ICWorkerMiteSurvivorship= 56.4461255678907
ICForagerLifespan= 4.25109514780343
ImmType= Cosine
RQQueenStrength= 2.50854279636405
RQEnableReQueen= true
AIAdultSlope= 2.04688873700798
AIAdultLD50= 56.5059829206415
AIAdultSlopeContact= 4.5254338090308
AIAdultLD50Contact= 15.4772120207557
AILarvaSlope= 3.20493799820542
AILarvaLD50= 21.262123226159
AIKOW= 509.721955925534
AIKOC= 32472.4046087686
AIHalfLife= 26.6723560046172
EAppRate= 5.26577107356745
FoliarEnabled= true
FoliarAppDate= 06/07/1989
FoliarForageBegin= 06/05/1989
FoliarForageEnd= 06/28/1989
AIContactFactor= 1.09317567469086
CL4Pollen= 0.621218840591609
CL4Nectar= 67.9666981799528
CL5Pollen= 5.51382676279172
CL5Nectar= 69.3737096269615
CLDPollen= 3.14964533876628
CLDNectar= 35.6845894013532
CA13Pollen= 7.99774412047118
CA13Nectar= 43.0064809508622
CA410Pollen= 4.41794739207253
CA410Nectar= 63.322067707777
CA1120Pollen= 2.49984976742417
CA1120Nectar= 59.0922342613339
IPollenTrips= 11.8879146431573
INectarTrips= 9.12914113141596
IPollenLoad= 1.5695257531479
INectarLoad= 9.77196518098935
ESoilP= 1.03612731979229
ESoilFoc= 0.00783120303228498
