ICQueenStrength= 1.94503961969167
RQWkrDrnRatio= 4.1279857121408
ICDroneMiteSurvivorship= 18.1369436439127
ICWorkerMiteSurvivorship= 98.1683315476403
ICForagerLifespan= 13.0458320984617
ImmType= Cosine
RQQueenStrength= 2.47165225818753
RQEnableReQueen=true
AIAdultSlope= 2.10624609701335
AIAdultLD50= 0.88675141610438
AIAdultSlopeContact= 2.50656099617481
AIAdultLD50Contact= 27.4433140217087
AILarvaSlope= 3.76745478250086
AILarvaLD50= 19.6013616700084
AIKOW= 89644.4973646791
AIKOC= 30387.0419002331
AIHalfLife= 6.39264480629936
EAppRate= 8.23858934821887
FoliarEnabled=true
FoliarAppDate= 07/01/1989
FoliarForageBegin= 07/01/1989
FoliarForageEnd= 07/14/1989
AIContactFactor= 1.8872781735193
CL4Pollen= 2.31705875135958
CL4Nectar= 79.9337729578838
CL5Pollen= 3.85022082505748
CL5Nectar= 65.6363691086881
CLDPollen= 1.86548563325778
CLDNectar= 138.634159520734
CA13Pollen= 4.68105213977396
CA13Nectar= 37.1599862538278
CA410Pollen= 7.70648514144123
CA410Nectar= 96.2295737024397
CA1120Pollen= 0.686056566657498
CA1120Nectar= 89.4467072188854
IPollenTrips= 6.01032602600753
INectarTrips= 6.74870127812028
IPollenLoad= 5.21637166617438
INectarLoad= 7.11267960024998
