ICQueenStrength= 2.18399721570313
RQWkrDrnRatio= 2.64859264437109
ICDroneMiteSurvivorship= 79.7774246660993
ICWorkerMiteSurvivorship= 48.0484196916223
ICForagerLifespan= 14.0985144069418
ImmType= Tangent
RQQueenStrength= 4.11432465561666
RQEnableReQueen= true
AIAdultSlope= 1.13245639204979
AIAdultLD50= 0.513241135773482
AIAdultSlopeContact= 6.33324992912821
AIAdultLD50Contact= 48.1104429722277
AILarvaSlope= 4.91408960707486
AILarvaLD50= 27.0279121721743
AIKOW= 48506.9479365134
AIKOC= 9266.81414703582
AIHalfLife= 31.1239922665525
EAppRate= 7.93081382233091
FoliarEnabled= true
FoliarAppDate= 09/01/1989
FoliarForageBegin= 09/01/1989
FoliarForageEnd= 09/08/1989
AIContactFactor= 2.31793250065297
CL4Pollen= 0.510907640680671
CL4Nectar= 86.4086085697636
CL5Pollen= 3.44686090713367
CL5Nectar= 12.8243075218052
CLDPollen= 4.27972022490576
CLDNectar= 47.8692529723048
CA13Pollen= 8.14128930428997
CA13Nectar= 59.5949244499207
CA410Pollen= 6.41297667499166
CA410Nectar= 148.834009924904
CA1120Pollen= 1.93281878787093
CA1120Nectar= 33.6056019179523
IPollenTrips= 6.25244300579652
INectarTrips= 11.9121292233467
IPollenLoad= 3.3458699984476
INectarLoad= 7.4313152814284
