ICQueenStrength= 2.74004270345904
RQWkrDrnRatio= 1.42692303564399
ICDroneMiteSurvivorship= 6.05766365770251
ICWorkerMiteSurvivorship= 7.47469100169837
ICForagerLifespan= 4.79769058711827
ImmType= Tangent
RQQueenStrength= 5.13950405432843
RQEnableReQueen= true
AIAdultSlope= 2.35546310991049
AIAdultLD50= 98.0286783930997
AIAdultSlopeContact= 3.92841954366304
AIAdultLD50Contact= 17.0080716982074
AILarvaSlope= 8.12657991796732
AILarvaLD50= 76.9285918956953
AIKOW= 86451.8239672524
AIKOC= 28294.2106879777
AIHalfLife= 27.7138306150213
EAppRate= 3.0866279098345
FoliarEnabled= true
FoliarAppDate= 06/07/1989
FoliarForageBegin= 06/05/1989
FoliarForageEnd= 06/28/1989
AIContactFactor= 0.915517205502838
CL4Pollen= 0.521865155547857
CL4Nectar= 13.2727757561952
CL5Pollen= 4.6426650127396
CL5Nectar= 41.2042605690658
CLDPollen= 5.16976561630145
CLDNectar= 13.6223437031731
CA13Pollen= 3.97113455440849
CA13Nectar= 58.895369656384
CA410Pollen= 8.51403986357618
CA410Nectar= 73.7932398309931
CA1120Pollen= 1.5438834016677
CA1120Nectar= 22.1037594415247
IPollenTrips= 14.8982901475392
INectarTrips= 12.9073838936165
IPollenLoad= 2.76258636033162
INectarLoad= 2.76337353745475
