ICQueenStrength= 3.45323145878501
RQWkrDrnRatio= 3.07639360707253
ICDroneMiteSurvivorship= 25.0662594335154
ICWorkerMiteSurvivorship= 10.9161278931424
ICForagerLifespan= 5.73741533979774
ImmType= Logarithmic
AIAdultSlope= 2.7643556158687
AIAdultLD50= 0.10853906464763
AIAdultSlopeContact= 2.48057730523171
AIAdultLD50Contact= 0.0350985349738039
AILarvaSlope= 0.639860086608678
AILarvaLD50= 0.0564822671469301
AIKOW= 3.23358039464802
AIKOC= 25.6861680489965
AIHalfLife= 0.435015484970063
EAppRate= 5.19524532370269
FoliarEnabled= true
