ICQueenStrength= 2.07619406888261
RQWkrDrnRatio= 3.78125871904194
ICDroneMiteSurvivorship= 48.9001888316125
ICWorkerMiteSurvivorship= 76.8856938229874
ICForagerLifespan= 14.2919007632881
ImmType= Sine
RQQueenStrength= 4.36358291446231
RQEnableReQueen= true
AIAdultSlope= 7.05921688117087
AIAdultLD50= 39.0717529865103
AIAdultSlopeContact= 5.70445250952616
AIAdultLD50Contact= 85.7856357489715
AILarvaSlope= 2.05293078161776
AILarvaLD50= 40.0659398348129
AIKOW= 87519.5096620196
AIKOC= 87974.8089898345
AIHalfLife= 26.7260556987021
EAppRate= 7.7188191580812
FoliarEnabled= true
FoliarAppDate= 06/07/1989
FoliarForageBegin= 06/05/1989
FoliarForageEnd= 06/28/1989
AIContactFactor= 1.68720915274229
CL4Pollen= 0.141081178560853
CL4Nectar= 2.21860185265541
CL5Pollen= 3.96778731141239
CL5Nectar= 101.131313096266
CLDPollen= 4.25413700938225
CLDNectar= 18.6035210383125
CA13Pollen= 4.06519513186067
CA13Nectar= 69.8831061273813
CA410Pollen= 6.05820127867628
CA410Nectar= 136.894428739324
CA1120Pollen= 1.71026522666216
CA1120Nectar= 96.5026929974556
IPollenTrips= 6.04079696815461
INectarTrips= 5.39151721866801
IPollenLoad= 9.28716101218015
INectarLoad= 9.10023956093937
ESoilP= 1.2297748986166
ESoilFoc= 0.00628430152009241
