ICQueenStrength= 3.90989832952619
RQWkrDrnRatio= 1.80827370472252
ICDroneMiteSurvivorship= 10.6675998540595
ICWorkerMiteSurvivorship= 18.6669439310208
ICForagerLifespan= 4.19968129415065
ImmType= Sine
RQQueenStrength= 2.31580182933249
RQEnableReQueen= true
AIAdultSlope= 3.74908516556025
AIAdultLD50= 58.7516343038373
AIAdultSlopeContact= 9.98268581274897
AIAdultLD50Contact= 65.575425149644
AILarvaSlope= 8.13998758606613
AILarvaLD50= 53.9899468041256
AIKOW= 47041.2535000617
AIKOC= 25471.4817058987
AIHalfLife= 20.7600454210537
EAppRate= 6.97605073130969
FoliarEnabled= true
FoliarAppDate= 06/07/1989
FoliarForageBegin= 06/05/1989
FoliarForageEnd= 06/28/1989
AIContactFactor= 1.69458402707241
CL4Pollen= 1.55566184502095
CL4Nectar= 18.9481463981792
CL5Pollen= 2.5073128673248
CL5Nectar= 20.5320387496613
CLDPollen= 4.2813700446859
CLDNectar= 64.1322124516591
CA13Pollen= 2.73531148238108
CA13Nectar= 89.1297713108361
CA410Pollen= 3.92826116078068
CA410Nectar= 130.85691312328
CA1120Pollen= 2.9987958711572
CA1120Nectar= 57.0645315386355
IPollenTrips= 10.8141537173651
INectarTrips= 11.8381848186255
IPollenLoad= 7.22219414776191
INectarLoad= 1.44802920753136
