ICQueenStrength= 2.63603420136496
RQWkrDrnRatio= 4.70644357427955
ICDroneMiteSurvivorship= 3.32520953379571
ICWorkerMiteSurvivorship= 89.7837871219963
ICForagerLifespan= 5.85453209653497
ImmType= Polynomial
RQQueenStrength= 5.18477902188897
RQEnableReQueen= true
AIAdultSlope= 1.04784890636802
AIAdultLD50= 64.2425390627727
AIAdultSlopeContact= 5.71570171089843
AIAdultLD50Contact= 68.3334485119281
AILarvaSlope= 1.67663233354688
AILarvaLD50= 11.8930593836417
AIKOW= 11737.1512596981
AIKOC= 48522.291838387
AIHalfLife= 17.4752107700799
EAppRate= 2.51860661091027
FoliarEnabled= true
FoliarAppDate= 06/07/1989
FoliarForageBegin= 06/05/1989
FoliarForageEnd= 06/28/1989
AIContactFactor= 1.78296008469071
CL4Pollen= 0.490918844006956
CL4Nectar= 55.8148914948106
CL5Pollen= 4.88992909295484
CL5Nectar= 20.3940554754809
CLDPollen= 4.45547764655203
CLDNectar= 118.494568008464
CA13Pollen= 3.45487637985498
CA13Nectar= 79.9993392638862
CA410Pollen= 6.07056023029145
CA410Nectar= 134.261953956448
CA1120Pollen= 2.27452729828656
CA1120Nectar= 49.9021949619055
IPollenTrips= 12.7182202413678
INectarTrips= 7.08135260734707
IPollenLoad= 6.16402674233541
INectarLoad= 8.82143496070057
