ICQueenStrength= 5.71004764433019
RQWkrDrnRatio= 2.53043074626476
ICDroneMiteSurvivorship= 13.61669881735
ICWorkerMiteSurvivorship= 1.12110008485615
ICForagerLifespan= 13.8807199206203
ImmType= Cosine
RQQueenStrength= 3.90813725907356
RQEnableReQueen= true
AIAdultSlope= 2.18559044599533
AIAdultLD50= 87.6081429728142
AIAdultSlopeContact= 7.48173575988039
AIAdultLD50Contact= 4.33501736745378
AILarvaSlope= 3.69182923622429
AILarvaLD50= 92.6665427332607
AIKOW= 82392.1873612559
AIKOC= 30679.3934961669
AIHalfLife= 3.17114129078109
EAppRate= 2.9381705787906
FoliarEnabled= true
FoliarAppDate= 06/07/1989
FoliarForageBegin= 06/05/1989
FoliarForageEnd= 06/28/1989
AIContactFactor= 1.98255134371575
CL4Pollen= 2.51721573714167
CL4Nectar= 26.7544748727232
CL5Pollen= 4.87890991196036
CL5Nectar= 145.160544093233
CLDPollen= 0.885071083903313
CLDNectar= 66.664819966536
CA13Pollen= 4.31257363064215
CA13Nectar= 52.5241533666849
CA410Pollen= 7.02183402767405
CA410Nectar= 43.3566020894796
CA1120Pollen= 0.950844728155062
CA1120Nectar= 78.5754508525133
IPollenTrips= 5.91666514053941
INectarTrips= 6.43008266109973
IPollenLoad= 5.98118119174615
INectarLoad= 5.12071773177013
