ICQueenStrength= 1.20547495875508
RQWkrDrnRatio= 4.63244184385985
ICDroneMiteSurvivorship= 59.799291449599
ICWorkerMiteSurvivorship= 77.8928003273904
ICForagerLifespan= 13.2205591341481
ImmType= Cosine
RQQueenStrength= 1.42355606798083
RQEnableReQueen=true
AIAdultSlope= 5.54041064530611
AIAdultLD50= 0.365961958549684
AIAdultSlopeContact= 3.06331624509767
AIAdultLD50Contact= 72.6411002379721
AILarvaSlope= 8.19379523955286
AILarvaLD50= 27.7149088103494
AIKOW= 28096.0072256934
AIKOC= 7759.39802250499
AIHalfLife= 14.3414056417998
EAppRate= 5.45469718937087
FoliarEnabled=true
FoliarAppDate= 07/01/1989
FoliarForageBegin= 07/01/1989
FoliarForageEnd= 07/14/1989
AIContactFactor= 2.09795793669298
CL4Pollen= 0.0734834242612123
CL4Nectar= 87.8261936595663
CL5Pollen= 5.74107176810503
CL5Nectar= 3.25249788584188
CLDPollen= 5.79332804214209
CLDNectar= 125.290721200872
CA13Pollen= 2.96430262392387
CA13Nectar= 59.6335340104997
CA410Pollen= 2.83570180374663
CA410Nectar= 59.7468659421429
CA1120Pollen= 1.41794136771932
CA1120Nectar= 43.5746490955353
IPollenTrips= 9.05597298406065
INectarTrips= 7.25281962193549
IPollenLoad= 4.29007322527468
INectarLoad= 0.288369033951312
