ICQueenStrength= 5.27916214452125
RQWkrDrnRatio= 4.88439211901277
ICDroneMiteSurvivorship= 70.6444063223898
ICWorkerMiteSurvivorship= 14.6585241192952
ICForagerLifespan= 7.59117174427956
ImmType= Sine
RQQueenStrength= 4.16638490767218
RQEnableReQueen= true
AIAdultSlope= 3.25378923304379
AIAdultLD50= 0.55464182242821
AIAdultSlopeContact= 6.72960574296303
AIAdultLD50Contact= 31.4312215047101
AILarvaSlope= 5.68343225121498
AILarvaLD50= 71.7751054936347
AIKOW= 87185.2080812472
AIKOC= 11137.3746439032
AIHalfLife= 19.8319275726099
EAppRate= 2.24690549582243
FoliarEnabled= true
FoliarAppDate= 06/07/1989
FoliarForageBegin= 06/05/1989
FoliarForageEnd= 06/28/1989
AIContactFactor= 1.01735727703664
CL4Pollen= 3.85752842202783
CL4Nectar= 66.1181793780997
CL5Pollen= 2.66803730512038
CL5Nectar= 58.1947235623375
CLDPollen= 5.47909067105502
CLDNectar= 22.8016145643778
CA13Pollen= 3.90076382113621
CA13Nectar= 51.3655803911388
CA410Pollen= 8.07653002748266
CA410Nectar= 100.383041794412
CA1120Pollen= 0.26354972133413
CA1120Nectar= 21.0653796046972
IPollenTrips= 13.5986660979688
INectarTrips= 10.7377478363924
IPollenLoad= 0.994638125412166
INectarLoad= 3.56296113459393
