ICQueenStrength= 2.52069698320702
RQWkrDrnRatio= 1.376180594787
ICDroneMiteSurvivorship= 77.2241305792704
ICWorkerMiteSurvivorship= 54.2300126282498
ICForagerLifespan= 15.4160615419969
ImmType= Logarithmic
RQQueenStrength= 4.82562156650238
RQEnableReQueen= true
AIAdultSlope= 7.48275423049927
AIAdultLD50= 33.8258103905767
AIAdultSlopeContact= 5.51812883699313
AIAdultLD50Contact= 1.2146555447639
AILarvaSlope= 8.41285912133753
AILarvaLD50= 41.1865547866323
AIKOW= 768.536450246659
AIKOC= 67800.099120718
AIHalfLife= 32.6071504688589
EAppRate= 3.80758756698971
FoliarEnabled= true
FoliarAppDate= 06/07/1989
FoliarForageBegin= 06/05/1989
FoliarForageEnd= 06/28/1989
AIContactFactor= 0.398240356082097
CL4Pollen= 2.49022269248962
CL4Nectar= 7.02233158517629
CL5Pollen= 0.0758740617893636
CL5Nectar= 16.4963981020264
CLDPollen= 5.28818677179515
CLDNectar= 135.458484885748
CA13Pollen= 5.2824078139849
CA13Nectar= 79.8371026106179
CA410Pollen= 7.71324987434782
CA410Nectar= 64.0182305313647
CA1120Pollen= 2.11072782520205
CA1120Nectar= 45.6647427752614
IPollenTrips= 13.9197764731944
INectarTrips= 8.55178586905822
IPollenLoad= 1.41685372916982
INectarLoad= 4.28472564555705
