ICQueenStrength= 5.81065432890318
RQWkrDrnRatio= 1.45917846634984
ICDroneMiteSurvivorship= 3.34872985258698
ICWorkerMiteSurvivorship= 85.6980457436293
ICForagerLifespan= 7.75903707463294
ImmType= Cosine
RQQueenStrength= 1.56563597172499
RQEnableReQueen= true
AIAdultSlope= 3.34626923128963
AIAdultLD50= 0.41241778423381
AIAdultSlopeContact= 2.2089995611459
AIAdultLD50Contact= 13.4703416744459
AILarvaSlope= 4.9936794359237
AILarvaLD50= 19.1737128182584
AIKOW= 37042.6099374881
AIKOC= 86386.0522677307
AIHalfLife= 6.1343920137966
EAppRate= 7.2374606645368
FoliarEnabled= true
FoliarAppDate= 09/01/1989
FoliarForageBegin= 09/01/1989
FoliarForageEnd= 09/08/1989
AIContactFactor= 1.03211183637381
CL4Pollen= 3.92892515659332
CL4Nectar= 70.0893517350778
CL5Pollen= 0.222423727624118
CL5Nectar= 28.4519871580414
CLDPollen= 0.756524733267725
CLDNectar= 16.9179557589814
CA13Pollen= 2.25861949641258
CA13Nectar= 91.8413457460701
CA410Pollen= 9.06352195325308
CA410Nectar= 57.2443606564775
CA1120Pollen= 1.84758612164296
CA1120Nectar= 21.50197038427
IPollenTrips= 13.960422379896
INectarTrips= 5.74953709496185
IPollenLoad= 8.12818305101246
INectarLoad= 6.77645813208073
