ICQueenStrength= 1.84922171477228
RQWkrDrnRatio= 4.77264679409564
ICDroneMiteSurvivorship= 95.1492164516822
ICWorkerMiteSurvivorship= 82.5056601548567
ICForagerLifespan= 9.03490410093218
ImmType= Cosine
RQQueenStrength= 4.51956947892904
RQEnableReQueen=true
AIAdultSlope= 5.97965847142041
AIAdultLD50= 0.998860540762311
AIAdultSlopeContact= 3.81226041167974
AIAdultLD50Contact= 54.7818300838189
AILarvaSlope= 8.66019332408905
AILarvaLD50= 36.9415880100001
AIKOW= 46283.6383075928
AIKOC= 46102.5382162784
AIHalfLife= 20.0170908634551
EAppRate= 4.1924025266387
FoliarEnabled=true
FoliarAppDate= 07/01/1989
FoliarForageBegin= 07/01/1989
FoliarForageEnd= 07/14/1989
AIContactFactor= 0.378464662809856
CL4Pollen= 2.0433789268136
CL4Nectar= 5.73646833654493
CL5Pollen= 4.56800227146596
CL5Nectar= 127.529800927732
CLDPollen= 2.10995006142184
CLDNectar= 37.9173945402727
CA13Pollen= 6.29220868581906
CA13Nectar= 23.9965007267892
CA410Pollen= 7.6132025428582
CA410Nectar= 47.1947584068403
CA1120Pollen= 0.566376263508573
CA1120Nectar= 48.237396646291
IPollenTrips= 5.61336223268881
INectarTrips= 12.8620220953599
IPollenLoad= 4.44138543214649
INectarLoad= 0.912474559154361
