ICQueenStrength= 1.27687303721905
RQWkrDrnRatio= 4.69624226447195
ICDroneMiteSurvivorship= 83.0754758790135
ICWorkerMiteSurvivorship= 78.1068877084181
ICForagerLifespan= 12.4694643821567
ImmType= Sine
RQQueenStrength= 2.86624585650861
RQEnableReQueen= true
AIAdultSlope= 3.67005346529186
AIAdultLD50= 39.9380555764462
AIAdultSlopeContact= 7.41588388034143
AIAdultLD50Contact= 23.2616206680553
AILarvaSlope= 2.82759769074619
AILarvaLD50= 85.0630864365883
AIKOW= 79643.8403993158
AIKOC= 65433.0668862255
AIHalfLife= 17.3287087016273
EAppRate= 5.0405299521971
FoliarEnabled= true
FoliarAppDate= 06/07/1989
FoliarForageBegin= 06/05/1989
FoliarForageEnd= 06/28/1989
AIContactFactor= 0.400272630155087
CL4Pollen= 3.04087294265628
CL4Nectar= 42.147637414746
CL5Pollen= 3.6820019823499
CL5Nectar= 120.801711233798
CLDPollen= 4.51618560170755
CLDNectar= 85.864764964208
CA13Pollen= 5.38771728966385
CA13Nectar= 77.6538754440844
CA410Pollen= 5.71425265683793
CA410Nectar= 41.8939888617024
CA1120Pollen= 0.0237356142606586
CA1120Nectar= 44.4730635173619
IPollenTrips= 7.9024187894538
INectarTrips= 13.854579210747
IPollenLoad= 3.9223450049758
INectarLoad= 7.78207774274051
