ICQueenStrength= 5.31910511804745
RQWkrDrnRatio= 2.52542275935411
ICDroneMiteSurvivorship= 61.2419374054298
ICWorkerMiteSurvivorship= 29.0791132254526
ICForagerLifespan= 5.61749073211104
ImmType= Sine
RQQueenStrength= 2.44053332158364
RQEnableReQueen= true
AIAdultSlope= 2.63669959269464
AIAdultLD50= 80.2811673436973
AIAdultSlopeContact= 2.57233547721989
AIAdultLD50Contact= 47.5781890615241
AILarvaSlope= 3.17756585404277
AILarvaLD50= 27.2121750387689
AIKOW= 61941.0480712999
AIKOC= 69217.4844239368
AIHalfLife= 23.595296425093
EAppRate= 0.774146560618421
FoliarEnabled= true
FoliarAppDate= 06/07/1989
FoliarForageBegin= 06/05/1989
FoliarForageEnd= 06/28/1989
AIContactFactor= 1.44583151451312
CL4Pollen= 1.96180748101324
CL4Nectar= 37.3078825883567
CL5Pollen= 5.97106143459678
CL5Nectar= 46.7227679444477
CLDPollen= 4.40231358725578
CLDNectar= 28.6725788377225
CA13Pollen= 7.44248518235981
CA13Nectar= 70.3758286125958
CA410Pollen= 9.34547470090911
CA410Nectar= 119.668927262537
CA1120Pollen= 2.18927388754673
CA1120Nectar= 99.8011162504554
IPollenTrips= 8.2890259148553
INectarTrips= 13.1087684235536
IPollenLoad= 9.38101226696745
INectarLoad= 8.63626796752214
