ICQueenStrength= 5.63603979209438
RQWkrDrnRatio= 1.14114484004676
ICDroneMiteSurvivorship= 6.93663761485368
ICWorkerMiteSurvivorship= 2.90971531067044
ICForagerLifespan= 9.44549847021699
ImmType= Tangent
RQQueenStrength= 1.71496765245683
RQEnableReQueen= true
AIAdultSlope= 1.24934097379446
AIAdultLD50= 1.17928550108639
AIAdultSlopeContact= 8.06575063429773
AIAdultLD50Contact= 39.3760887680573
AILarvaSlope= 4.55943814106286
AILarvaLD50= 50.8351130729846
AIKOW= 28508.4374494374
AIKOC= 15341.020378249
AIHalfLife= 21.2956979825394
EAppRate= 1.69836625483166
FoliarEnabled= true
FoliarAppDate= 06/07/1989
FoliarForageBegin= 06/05/1989
FoliarForageEnd= 06/28/1989
AIContactFactor= 0.396824920405634
CL4Pollen= 1.73828450404108
CL4Nectar= 79.2982156854123
CL5Pollen= 0.593498696107417
CL5Nectar= 23.8866754341871
CLDPollen= 1.70412547141314
CLDNectar= 1.30584439029917
CA13Pollen= 7.39926440855488
CA13Nectar= 36.1714653111994
CA410Pollen= 7.02266313212458
CA410Nectar= 64.1836162935942
CA1120Pollen= 0.343846164643764
CA1120Nectar= 51.0317048989236
IPollenTrips= 12.7996848616749
INectarTrips= 6.05059791821986
IPollenLoad= 2.33676457544789
INectarLoad= 6.54789274092764
