ICQueenStrength= 2.60274203983136
RQWkrDrnRatio= 4.68040751572698
ICDroneMiteSurvivorship= 70.7131328526884
ICWorkerMiteSurvivorship= 15.9196116495878
ICForagerLifespan= 9.51969608850777
ImmType= Polynomial
RQQueenStrength= 1.14580963179469
RQEnableReQueen= true
AIAdultSlope= 7.26476542651653
AIAdultLD50= 84.5842993366353
AIAdultSlopeContact= 3.91498703463003
AIAdultLD50Contact= 86.4795111134609
AILarvaSlope= 7.96054318360984
AILarvaLD50= 68.1590747951996
AIKOW= 80343.0498211171
AIKOC= 7700.45024694852
AIHalfLife= 28.2452645753976
EAppRate= 0.647561213373439
FoliarEnabled= true
FoliarAppDate= 06/07/1989
FoliarForageBegin= 06/05/1989
FoliarForageEnd= 06/28/1989
AIContactFactor= 1.19936245365068
CL4Pollen= 3.10423617437482
CL4Nectar= 83.9707237901166
CL5Pollen= 2.05791507801041
CL5Nectar= 52.3968758177944
CLDPollen= 4.12752940692008
CLDNectar= 74.0541957900859
CA13Pollen= 3.64202727638185
CA13Nectar= 45.776381585747
CA410Pollen= 2.26514287120663
CA410Nectar= 118.764140922576
CA1120Pollen= 1.97140342625789
CA1120Nectar= 69.9312607944012
IPollenTrips= 14.0186307183467
INectarTrips= 7.19258117256686
IPollenLoad= 9.34580427827314
INectarLoad= 3.55459353420883
ESoilP= 1.37286457768641
ESoilFoc= 0.00239201506669633
