ICQueenStrength= 4.0018454361707
RQWkrDrnRatio= 4.67962482757866
ICDroneMiteSurvivorship= 70.689233369194
ICWorkerMiteSurvivorship= 65.5487870564684
ICForagerLifespan= 15.5745413787663
ImmType= Cosine
RQQueenStrength= 1.21728187799454
RQEnableReQueen=true
AIAdultSlope= 3.02453124523163
AIAdultLD50= 0.684396795998793
AIAdultSlopeContact= 9.22692312300205
AIAdultLD50Contact= 3.02606065306603
AILarvaSlope= 6.80911044217646
AILarvaLD50= 20.9323862944986
AIKOW= 41357.1288778735
AIKOC= 84219.0561800157
AIHalfLife= 17.4044237514958
EAppRate= 0.933796373251127
FoliarEnabled=true
FoliarAppDate= 07/01/1989
FoliarForageBegin= 07/01/1989
FoliarForageEnd= 07/14/1989
AIContactFactor= 1.07622460511979
CL4Pollen= 0.460793046280742
CL4Nectar= 8.23838282376528
CL5Pollen= 0.672182479407638
CL5Nectar= 70.1283624744974
CLDPollen= 4.11460405262187
CLDNectar= 32.2635873570107
CA13Pollen= 2.76195065984502
CA13Nectar= 30.7994828559458
CA410Pollen= 3.69593648214359
CA410Nectar= 167.27484616451
CA1120Pollen= 1.59431701269932
CA1120Nectar= 46.9198917783797
IPollenTrips= 10.8006438915618
INectarTrips= 13.9727938221768
IPollenLoad= 2.5440794066526
INectarLoad= 7.70556186791509
