ICQueenStrength= 3.5883258448448
RQWkrDrnRatio= 1.89227251335979
ICDroneMiteSurvivorship= 72.0250244950876
ICWorkerMiteSurvivorship= 49.0303159458563
ICForagerLifespan= 5.31909117102623
ImmType= Logarithmic
RQQueenStrength= 1.17648362903856
RQEnableReQueen= true
AIAdultSlope= 3.70307921990752
AIAdultLD50= 87.0672749732307
AIAdultSlopeContact= 6.35111577552743
AIAdultLD50Contact= 52.9951910398344
AILarvaSlope= 5.64153317175806
AILarvaLD50= 54.1286196281405
AIKOW= 60430.8808210327
AIKOC= 66311.7843243096
AIHalfLife= 28.8784234820167
EAppRate= 8.91121209077863
FoliarEnabled= true
FoliarAppDate= 06/07/1989
FoliarForageBegin= 06/05/1989
FoliarForageEnd= 06/28/1989
AIContactFactor= 1.80404230200686
CL4Pollen= 2.4958905428648
CL4Nectar= 84.6927866572514
CL5Pollen= 1.87345803435892
CL5Nectar= 113.845094467979
CLDPollen= 1.75941734947264
CLDNectar= 71.0310730151832
CA13Pollen= 6.79081051405519
CA13Nectar= 35.5114106088877
CA410Pollen= 8.63491653290112
CA410Nectar= 135.383734568022
CA1120Pollen= 0.648469696054235
CA1120Nectar= 80.7928456366062
IPollenTrips= 10.5188700766303
INectarTrips= 9.11147385835648
IPollenLoad= 8.5119679896161
INectarLoad= 4.19322059024125
