ICQueenStrength= 4.25451069325209
RQWkrDrnRatio= 3.9356100121513
ICDroneMiteSurvivorship= 18.2340773753822
ICWorkerMiteSurvivorship= 48.1905861524865
ICForagerLifespan= 10.022914653644
ImmType= Polynomial
RQQueenStrength= 2.06376361660659
RQEnableReQueen=true
AIAdultSlope= 5.04053186625242
AIAdultLD50= 0.226732199871214
AIAdultSlopeContact= 8.12813839060254
AIAdultLD50Contact= 97.8403393779055
AILarvaSlope= 8.36859716661274
AILarvaLD50= 71.0832155726044
AIKOW= 35458.9316808108
AIKOC= 58516.8291363956
AIHalfLife= 20.257349282084
EAppRate= 6.74428424311709
FoliarEnabled=true
FoliarAppDate= 07/01/1989
FoliarForageBegin= 07/01/1989
FoliarForageEnd= 07/14/1989
AIContactFactor= 1.93128323492128
CL4Pollen= 1.00414296798408
CL4Nectar= 59.615801461041
CL5Pollen= 4.29280532291159
CL5Nectar= 58.0151928006671
CLDPollen= 1.46454252116382
CLDNectar= 113.886550522875
CA13Pollen= 3.43145198915154
CA13Nectar= 68.0976051837206
CA410Pollen= 3.93597944071516
CA410Nectar= 187.57215468213
CA1120Pollen= 2.2079493496567
CA1120Nectar= 22.9135696589947
IPollenTrips= 14.5554473320954
INectarTrips= 8.83960716193542
IPollenLoad= 1.14258109359071
INectarLoad= 9.5543965883553
