ICQueenStrength= 1.62761241663247
RQWkrDrnRatio= 4.52989470306784
ICDroneMiteSurvivorship= 59.4037333270535
ICWorkerMiteSurvivorship= 10.2777927182615
ICForagerLifespan= 12.8439182061702
ImmType= Polynomial
RQQueenStrength= 3.11881233565509
RQEnableReQueen=true
AIAdultSlope= 8.94184742122889
AIAdultLD50= 0.963231496419292
AIAdultSlopeContact= 1.89371025422588
AIAdultLD50Contact= 51.7549845688874
AILarvaSlope= 8.00642340257764
AILarvaLD50= 81.465407801474
AIKOW= 10586.8373538053
AIKOC= 80362.3302467
AIHalfLife= 6.91377711831592
EAppRate= 8.08196788674849
FoliarEnabled=true
FoliarAppDate= 07/01/1989
FoliarForageBegin= 07/01/1989
FoliarForageEnd= 07/14/1989
AIContactFactor= 1.79708231928758
CL4Pollen= 2.91353553812951
CL4Nectar= 40.0128002976999
CL5Pollen= 3.87997128535062
CL5Nectar= 149.336295202374
CLDPollen= 5.75189933460206
CLDNectar= 142.221183562651
CA13Pollen= 7.52855351734906
CA13Nectar= 82.5662579201162
CA410Pollen= 5.29148315757047
CA410Nectar= 148.899824838154
CA1120Pollen= 2.26389390556142
CA1120Nectar= 63.9578107558191
IPollenTrips= 8.24624929344282
INectarTrips= 6.03142946958542
IPollenLoad= 5.13930431334302
INectarLoad= 6.69234951259568
