ICQueenStrength= 3.95820834580809
RQWkrDrnRatio= 1.69058975763619
ICDroneMiteSurvivorship= 74.6558490674943
ICWorkerMiteSurvivorship= 18.5272268950939
ICForagerLifespan= 14.392049097456
ImmType= Sine
RQQueenStrength= 3.87318645743653
RQEnableReQueen= true
AIAdultSlope= 5.30791016295552
AIAdultLD50= 0.380434687117348
AIAdultSlopeContact= 2.07964687352069
AIAdultLD50Contact= 14.3129534710729
AILarvaSlope= 6.83317489922047
AILarvaLD50= 56.3753073301678
AIKOW= 65698.6817327108
AIKOC= 79611.3565783771
AIHalfLife= 29.6228910697391
EAppRate= 1.63520288008917
FoliarEnabled= true
FoliarAppDate= 09/01/1989
FoliarForageBegin= 09/01/1989
FoliarForageEnd= 09/08/1989
AIContactFactor= 2.38465791475959
CL4Pollen= 2.33894009981304
CL4Nectar= 13.775029941462
CL5Pollen= 5.09025019453838
CL5Nectar= 13.265587342903
CLDPollen= 1.44959923485294
CLDNectar= 34.2986742267385
CA13Pollen= 7.85192106645554
CA13Nectar= 64.1591480560601
CA410Pollen= 2.38913318335544
CA410Nectar= 170.970017355867
CA1120Pollen= 1.28588037961163
CA1120Nectar= 27.2699541598558
IPollenTrips= 10.8944452716969
INectarTrips= 11.3739283476025
IPollenLoad= 3.8716252730228
INectarLoad= 7.30870892992243
