ICQueenStrength= 1.18823194899596
RQWkrDrnRatio= 3.68500552792102
ICDroneMiteSurvivorship= 12.4665059614927
ICWorkerMiteSurvivorship= 81.4624370774254
ICForagerLifespan= 9.96899386774749
ImmType= Cosine
RQQueenStrength= 4.38536858209409
RQEnableReQueen= true
AIAdultSlope= 6.44935805350542
AIAdultLD50= 41.1952170709735
AIAdultSlopeContact= 6.54502198798582
AIAdultLD50Contact= 42.1409182375041
AILarvaSlope= 8.03030775487423
AILarvaLD50= 26.4602830955703
AIKOW= 34145.0330299548
AIKOC= 46384.3878116545
AIHalfLife= 21.5584096151171
EAppRate= 3.76692535889079
FoliarEnabled= true
FoliarAppDate= 06/07/1989
FoliarForageBegin= 06/05/1989
FoliarForageEnd= 06/28/1989
AIContactFactor= 2.36295583213214
CL4Pollen= 1.19943115767092
CL4Nectar= 27.5200286647305
CL5Pollen= 2.34108118526638
CL5Nectar= 135.677673190366
CLDPollen= 5.55718666221946
CLDNectar= 85.63939119922
CA13Pollen= 6.39334592111409
CA13Nectar= 86.3486791029572
CA410Pollen= 2.73612668472342
CA410Nectar= 109.916316210292
CA1120Pollen= 2.09092097170651
CA1120Nectar= 60.6219820864499
IPollenTrips= 7.77412723051384
INectarTrips= 13.2081818836741
IPollenLoad= 9.72018934553489
INectarLoad= 4.60504172835499
ESoilP= 1.33470917399973
ESoilFoc= 0.0159398902012035
