ICQueenStrength= 4.04463727865368
RQWkrDrnRatio= 1.52226461563259
ICDroneMiteSurvivorship= 30.4215919459239
ICWorkerMiteSurvivorship= 75.2928679576144
ICForagerLifespan= 13.8619613610208
ImmType= Cosine
RQQueenStrength= 1.20299974945374
RQEnableReQueen= true
AIAdultSlope= 8.16864498890936
AIAdultLD50= 46.3881360914204
AIAdultSlopeContact= 2.65803478984162
AIAdultLD50Contact= 82.644651111684
AILarvaSlope= 7.11891174316406
AILarvaLD50= 60.2785387171507
AIKOW= 47095.1592834802
AIKOC= 31382.6959394477
AIHalfLife= 8.21983290230855
EAppRate= 9.92886488450575
FoliarEnabled= true
FoliarAppDate= 06/07/1989
FoliarForageBegin= 06/05/1989
FoliarForageEnd= 06/28/1989
AIContactFactor= 2.39536981490441
CL4Pollen= 1.32958725094795
CL4Nectar= 18.9086767146364
CL5Pollen= 5.80777025548741
CL5Nectar= 59.3123264727183
CLDPollen= 2.24612571671605
CLDNectar= 48.464103823062
CA13Pollen= 6.274940899387
CA13Nectar= 82.2220629826188
CA410Pollen= 7.45536774699576
CA410Nectar= 155.881850142032
CA1120Pollen= 2.75258327974007
CA1120Nectar= 29.809488505125
IPollenTrips= 14.2091066297144
INectarTrips= 5.53760530427098
IPollenLoad= 7.9545245715417
INectarLoad= 1.54250384075567
ESoilP= 1.05411087791435
ESoilFoc= 0.0194478601266164
