ICQueenStrength= 4.0225654237438
RQWkrDrnRatio= 4.99348059110343
ICDroneMiteSurvivorship= 83.0984384985641
ICWorkerMiteSurvivorship= 8.66844584234059
ICForagerLifespan= 4.1274129441008
ImmType= Sine
RQQueenStrength= 3.94955470715649
RQEnableReQueen= true
AIAdultSlope= 4.55303648672998
AIAdultLD50= 93.3822308978674
AIAdultSlopeContact= 9.5701562743634
AIAdultLD50Contact= 60.085133846754
AILarvaSlope= 7.38818215578794
AILarvaLD50= 68.5866127508229
AIKOW= 79621.9357644005
AIKOC= 77420.95705406
AIHalfLife= 26.0274884448154
EAppRate= 3.39395483456319
FoliarEnabled= true
FoliarAppDate= 06/07/1989
FoliarForageBegin= 06/05/1989
FoliarForageEnd= 06/28/1989
AIContactFactor= 0.288576335147955
CL4Pollen= 0.417364144697785
CL4Nectar= 31.247394811362
CL5Pollen= 2.92672870494425
CL5Nectar= 139.356021804269
CLDPollen= 2.09727246919647
CLDNectar= 114.45389315486
CA13Pollen= 4.29156772634014
CA13Nectar= 40.3468995168805
CA410Pollen= 4.57781042382121
CA410Nectar= 124.05392409768
CA1120Pollen= 2.70672512613237
CA1120Nectar= 72.6356316357851
IPollenTrips= 12.9789288109168
INectarTrips= 5.47585954889655
IPollenLoad= 9.22952497145161
INectarLoad= 3.4691945114173
