ICQueenStrength= 3.89241689490154
RQWkrDrnRatio= 3.81312404666096
ICDroneMiteSurvivorship= 23.317367141135
ICWorkerMiteSurvivorship= 49.2774310987443
ICForagerLifespan= 9.20557503588498
ImmType= Cosine
RQQueenStrength= 5.20384191442281
RQEnableReQueen= true
AIAdultSlope= 5.01581124775112
AIAdultLD50= 0.974187574697891
AIAdultSlopeContact= 2.52772300923243
AIAdultLD50Contact= 67.7413125322042
AILarvaSlope= 2.94032630883157
AILarvaLD50= 43.2935608428372
AIKOW= 98309.8384053258
AIKOC= 84541.6905442195
AIHalfLife= 13.5857659305213
EAppRate= 5.67174649253534
FoliarEnabled= true
FoliarAppDate= 09/01/1989
FoliarForageBegin= 09/01/1989
FoliarForageEnd= 09/08/1989
AIContactFactor= 1.2746983531164
CL4Pollen= 2.53641144931316
CL4Nectar= 61.0489160288125
CL5Pollen= 1.56367219146341
CL5Nectar= 11.6118757403456
CLDPollen= 1.94975953688845
CLDNectar= 105.540763156023
CA13Pollen= 5.74284624755382
CA13Nectar= 56.6242672502995
CA410Pollen= 6.34331151028164
CA410Nectar= 29.5043638069183
CA1120Pollen= 2.66443379223347
CA1120Nectar= 50.2252625115216
IPollenTrips= 13.5166880511679
INectarTrips= 12.6983440760523
IPollenLoad= 1.83969831326976
INectarLoad= 0.560796121135354
