ICQueenStrength= 1.86584159987979
RQWkrDrnRatio= 1.3353385431692
ICDroneMiteSurvivorship= 48.5589991090819
ICWorkerMiteSurvivorship= 41.8846472399309
ICForagerLifespan= 15.094330352731
ImmType= Tangent
RQQueenStrength= 2.92499330616556
RQEnableReQueen= true
AIAdultSlope= 5.0314437802881
AIAdultLD50= 0.403422795335762
AIAdultSlopeContact= 7.80090068699792
AIAdultLD50Contact= 77.5848991775133
AILarvaSlope= 5.61449822410941
AILarvaLD50= 91.2814279467713
AIKOW= 83549.7227183871
AIKOC= 97795.3049335347
AIHalfLife= 13.1640195887536
EAppRate= 7.20868812390138
FoliarEnabled= true
FoliarAppDate= 09/01/1989
FoliarForageBegin= 09/01/1989
FoliarForageEnd= 09/08/1989
AIContactFactor= 0.962058901214041
CL4Pollen= 1.5235129930079
CL4Nectar= 93.2768249185756
CL5Pollen= 0.161691934335977
CL5Nectar= 18.5923291719519
CLDPollen= 4.11548338131979
CLDNectar= 131.56369359931
CA13Pollen= 6.82529658619314
CA13Nectar= 93.6711556464434
CA410Pollen= 8.15594834689982
CA410Nectar= 27.6338893501088
CA1120Pollen= 0.0375308347865939
CA1120Nectar= 89.0269745141268
IPollenTrips= 14.4104365655221
INectarTrips= 8.2750700507313
IPollenLoad= 9.39064857549965
INectarLoad= 8.92883932217956
