ICQueenStrength= 3.42975465371273
RQWkrDrnRatio= 4.12188403215259
ICDroneMiteSurvivorship= 53.6657665623352
ICWorkerMiteSurvivorship= 56.6249011550099
ICForagerLifespan= 11.5830633360893
ImmType= Logarithmic
RQQueenStrength= 3.04874502262101
RQEnableReQueen= true
AIAdultSlope= 7.67496281303465
AIAdultLD50= 59.8121440672618
AIAdultSlopeContact= 7.26883716904558
AIAdultLD50Contact= 18.3566732074253
AILarvaSlope= 1.50617238692939
AILarvaLD50= 57.4365146472251
AIKOW= 99313.5761923196
AIKOC= 80067.9612399794
AIHalfLife= 16.8828371347161
EAppRate= 4.21321912017372
FoliarEnabled= true
FoliarAppDate= 06/07/1989
FoliarForageBegin= 06/05/1989
FoliarForageEnd= 06/28/1989
AIContactFactor= 1.96640215394553
CL4Pollen= 2.50135597866029
CL4Nectar= 72.6831660373136
CL5Pollen= 3.02033310430124
CL5Nectar= 41.149147215765
CLDPollen= 2.49590029707178
CLDNectar= 35.306702228263
CA13Pollen= 2.28937087468803
CA13Nectar= 80.2580324187875
CA410Pollen= 3.69856213112362
CA410Nectar= 191.567159164697
CA1120Pollen= 2.91850380809046
CA1120Nectar= 99.6575185842812
IPollenTrips= 14.2952385824174
INectarTrips= 14.1469557839446
IPollenLoad= 6.38208974618465
INectarLoad= 0.239441217854619
ESoilP= 1.50870968983509
ESoilFoc= 0.0184844076340087
