ICQueenStrength= 3.98801429918967
RQWkrDrnRatio= 3.32392729446292
ICDroneMiteSurvivorship= 62.139434623532
ICWorkerMiteSurvivorship= 31.7398929968476
ICForagerLifespan= 4.425446735695
ImmType= Polynomial
RQQueenStrength= 2.32097101188265
RQEnableReQueen= true
AIAdultSlope= 8.19818908721209
AIAdultLD50= 43.9225295402813
AIAdultSlopeContact= 7.38333147484809
AIAdultLD50Contact= 53.5377125395478
AILarvaSlope= 4.94518238864839
AILarvaLD50= 43.7727022143549
AIKOW= 60131.8385971819
AIKOC= 18647.5740035605
AIHalfLife= 27.1134012344992
EAppRate= 1.48171484505525
FoliarEnabled= true
FoliarAppDate= 06/07/1989
FoliarForageBegin= 06/05/1989
FoliarForageEnd= 06/28/1989
AIContactFactor= 1.94389593540691
CL4Pollen= 0.194077535532415
CL4Nectar= 80.5640291189775
CL5Pollen= 4.20266481908038
CL5Nectar= 76.1669594328851
CLDPollen= 0.596749097574502
CLDNectar= 12.1924455394037
CA13Pollen= 2.87795171122998
CA13Nectar= 90.5287620797753
CA410Pollen= 3.16079313785303
CA410Nectar= 121.358796181157
CA1120Pollen= 0.908374875085428
CA1120Nectar= 93.2214988581836
IPollenTrips= 13.9424747158773
INectarTrips= 6.36099551338702
IPollenLoad= 5.01088698394597
INectarLoad= 1.19301664177328
