ICQueenStrength= 3.41994709474966
RQWkrDrnRatio= 1.47190012224019
ICDroneMiteSurvivorship= 12.6352977706119
ICWorkerMiteSurvivorship= 3.4408870851621
ICForagerLifespan= 4.84915539436042
ImmType= Sine
AIAdultSlope= 2.62920946681174
AIAdultLD50= 0.189629851281643
AIAdultSlopeContact= 3.14386345840758
AIAdultLD50Contact= 0.00483909827889875
AILarvaSlope= 2.54941427963786
AILarvaLD50= 0.208869671914726
AIKOW= 2.06983619183302
AIKOC= 20.9152411506511
AIHalfLife= 0.590390700660646
EAppRate= 0.547177505213767
FoliarEnabled= true
