ICQueenStrength= 3.61940013268031
RQWkrDrnRatio= 1.60671055782586
ICDroneMiteSurvivorship= 45.14119932428
ICWorkerMiteSurvivorship= 78.5086179152131
ICForagerLifespan= 12.0110353156924
ImmType= Polynomial
RQQueenStrength= 3.7418979909271
RQEnableReQueen= true
AIAdultSlope= 5.52707011811435
AIAdultLD50= 75.0676647169411
AIAdultSlopeContact= 5.53078053193167
AIAdultLD50Contact= 30.028805013279
AILarvaSlope= 4.961385384202
AILarvaLD50= 17.0350160809606
AIKOW= 75425.7123345922
AIKOC= 96949.0157766466
AIHalfLife= 6.70072912457399
EAppRate= 0.337627896167338
FoliarEnabled= true
FoliarAppDate= 06/07/1989
FoliarForageBegin= 06/05/1989
FoliarForageEnd= 06/28/1989
AIContactFactor= 2.31268499933183
CL4Pollen= 0.208256076090038
CL4Nectar= 93.8572963699698
CL5Pollen= 3.8793775239028
CL5Nectar= 100.625572109129
CLDPollen= 0.812736648134887
CLDNectar= 61.6420562728308
CA13Pollen= 6.48119103936478
CA13Nectar= 59.1264047846198
CA410Pollen= 8.25099136026111
CA410Nectar= 65.3456996520981
CA1120Pollen= 2.18739747419022
CA1120Nectar= 73.9121537841856
IPollenTrips= 13.8830985198729
INectarTrips= 12.5243098591454
IPollenLoad= 6.24739011749625
INectarLoad= 6.00362163037062
