ICQueenStrength= 2.85170917422511
RQWkrDrnRatio= 1.31926623638719
ICDroneMiteSurvivorship= 67.1635142527521
ICWorkerMiteSurvivorship= 17.4976451555267
ICForagerLifespan= 7.74493377376348
ImmType= Cosine
RQQueenStrength= 5.12984774913639
RQEnableReQueen= true
AIAdultSlope= 7.81828756071627
AIAdultLD50= 8.99831108559458
AIAdultSlopeContact= 8.1561998038087
AIAdultLD50Contact= 12.2282248704543
AILarvaSlope= 8.07265437394381
AILarvaLD50= 48.5311986855906
AIKOW= 48615.3978317792
AIKOC= 7572.27090197499
AIHalfLife= 31.3604359276826
EAppRate= 7.61711752800807
FoliarEnabled= true
FoliarAppDate= 06/07/1989
FoliarForageBegin= 06/05/1989
FoliarForageEnd= 06/28/1989
AIContactFactor= 2.32946927219629
CL4Pollen= 0.566756512969732
CL4Nectar= 35.0347555242479
CL5Pollen= 0.691424998920411
CL5Nectar= 19.0498558105901
CLDPollen= 1.13401007791981
CLDNectar= 1.31688964320347
CA13Pollen= 4.26780240032822
CA13Nectar= 87.6621941849589
CA410Pollen= 2.31229705081787
CA410Nectar= 116.237717750482
CA1120Pollen= 1.40341228572652
CA1120Nectar= 60.0457218848169
IPollenTrips= 11.6951068793423
INectarTrips= 13.3420093986206
IPollenLoad= 9.97135481564328
INectarLoad= 1.10281265806407
