ICQueenStrength= 1.47229517716914
RQWkrDrnRatio= 4.23059706296772
ICDroneMiteSurvivorship= 84.5154815586284
ICWorkerMiteSurvivorship= 57.8028812073171
ICForagerLifespan= 5.74450388178229
ImmType= Polynomial
RQQueenStrength= 2.33863166789524
RQEnableReQueen= true
AIAdultSlope= 1.56764405779541
AIAdultLD50= 0.271492793614278
AIAdultSlopeContact= 5.13551491661929
AIAdultLD50Contact= 69.3522807961982
AILarvaSlope= 2.67772426083684
AILarvaLD50= 64.0215503233718
AIKOW= 1329.53258665449
AIKOC= 72558.3269546435
AIHalfLife= 32.3622966400115
EAppRate= 7.85601568323211
FoliarEnabled= true
FoliarAppDate= 09/01/1989
FoliarForageBegin= 09/01/1989
FoliarForageEnd= 09/08/1989
AIContactFactor= 1.3365918391291
CL4Pollen= 2.40992101933807
CL4Nectar= 32.2171396110207
CL5Pollen= 0.863001458812505
CL5Nectar= 85.2240575593896
CLDPollen= 3.82929632440209
CLDNectar= 46.5397735009901
CA13Pollen= 3.95714144762605
CA13Nectar= 43.7821308337152
CA410Pollen= 5.58563266473357
CA410Nectar= 98.588869436644
CA1120Pollen= 0.0198064595460892
CA1120Nectar= 92.5416543893516
IPollenTrips= 9.74905925570056
INectarTrips= 9.4366956455633
IPollenLoad= 4.13116785231978
INectarLoad= 3.4127251105383
