ICQueenStrength= 4.90949375578202
RQWkrDrnRatio= 1.87119143549353
ICDroneMiteSurvivorship= 58.1654587760568
ICWorkerMiteSurvivorship= 74.8065371066332
ICForagerLifespan= 5.909369552508
ImmType= Tangent
RQQueenStrength= 3.73078133584931
RQEnableReQueen= true
AIAdultSlope= 2.70073676481843
AIAdultLD50= 0.195806112115271
AIAdultSlopeContact= 7.25457743532024
AIAdultLD50Contact= 47.9551639945803
AILarvaSlope= 5.0573807079345
AILarvaLD50= 41.8452302816599
AIKOW= 59146.657177801
AIKOC= 26599.0618564687
AIHalfLife= 1.81788081310224
EAppRate= 5.40682118213177
FoliarEnabled= true
FoliarAppDate= 09/01/1989
FoliarForageBegin= 09/01/1989
FoliarForageEnd= 09/08/1989
AIContactFactor= 2.02311489718035
CL4Pollen= 0.62268134765327
CL4Nectar= 72.3538845777512
CL5Pollen= 3.64245836623013
CL5Nectar= 82.296719995793
CLDPollen= 4.29549302486703
CLDNectar= 29.8034096835181
CA13Pollen= 6.09074287330732
CA13Nectar= 64.0532575175166
CA410Pollen= 7.13524405227508
CA410Nectar= 44.3997843796387
CA1120Pollen= 1.74061442026868
CA1120Nectar= 99.2427720688283
IPollenTrips= 14.2156253871508
INectarTrips= 14.5667766989209
IPollenLoad= 2.72607249906287
INectarLoad= 0.477540511637926
