ICQueenStrength= 5.01462078676559
RQWkrDrnRatio= 3.57219011615962
ICDroneMiteSurvivorship= 18.9193930476904
ICWorkerMiteSurvivorship= 51.781889796257
ICForagerLifespan= 8.30752721242607
ImmType= Tangent
RQQueenStrength= 4.96886585978791
RQEnableReQueen= true
AIAdultSlope= 8.40833910182118
AIAdultLD50= 19.1034779916306
AIAdultSlopeContact= 2.11398839205503
AIAdultLD50Contact= 3.85961328620557
AILarvaSlope= 6.58151513338089
AILarvaLD50= 65.5605764772671
AIKOW= 5863.25834305648
AIKOC= 23817.0773872016
AIHalfLife= 23.4682901407592
EAppRate= 7.38990247493261
FoliarEnabled= true
FoliarAppDate= 06/07/1989
FoliarForageBegin= 06/05/1989
FoliarForageEnd= 06/28/1989
AIContactFactor= 1.16911399646662
CL4Pollen= 0.364885442890227
CL4Nectar= 58.3940860582516
CL5Pollen= 2.66465911176056
CL5Nectar= 55.6665992131457
CLDPollen= 2.56677608052269
CLDNectar= 46.9820329570211
CA13Pollen= 6.13492186628282
CA13Nectar= 69.9021231941879
CA410Pollen= 6.59564366457053
CA410Nectar= 26.1349385604262
CA1120Pollen= 2.91508904378861
CA1120Nectar= 70.6262879632413
IPollenTrips= 14.5993428071961
INectarTrips= 5.95793994143605
IPollenLoad= 3.11832510866225
INectarLoad= 8.87364759342745
ESoilP= 1.5996158211492
ESoilFoc= 0.0155094522354193
