ICQueenStrength= 5.26417249371298
RQWkrDrnRatio= 3.70507042109966
ICDroneMiteSurvivorship= 89.2584950430319
ICWorkerMiteSurvivorship= 7.14197701308876
ICForagerLifespan= 15.0425747940317
ImmType= Exponential
RQQueenStrength= 5.27172026131302
RQEnableReQueen= true
AIAdultSlope= 5.45961618050933
AIAdultLD50= 67.5277198403515
AIAdultSlopeContact= 9.29069133475423
AIAdultLD50Contact= 32.3072487047417
AILarvaSlope= 2.80099718645215
AILarvaLD50= 8.33212578310398
AIKOW= 62442.4783119081
AIKOC= 78440.3123871405
AIHalfLife= 30.1853877373971
EAppRate= 8.17754953745636
FoliarEnabled= true
FoliarAppDate= 06/07/1989
FoliarForageBegin= 06/05/1989
FoliarForageEnd= 06/28/1989
AIContactFactor= 0.507123774308711
CL4Pollen= 0.0680891405791044
CL4Nectar= 65.8915373729542
CL5Pollen= 3.17088066413999
CL5Nectar= 37.8855170099996
CLDPollen= 5.38417441025376
CLDNectar= 102.937399141956
CA13Pollen= 7.82480293726548
CA13Nectar= 44.4883303157985
CA410Pollen= 5.44847635475453
CA410Nectar= 86.4875192800537
CA1120Pollen= 1.20627647079527
CA1120Nectar= 82.7741646766663
IPollenTrips= 7.71923661231995
INectarTrips= 7.04250746872276
IPollenLoad= 7.6771388319321
INectarLoad= 6.26105481525883
