ICQueenStrength= 1.46287731733173
RQWkrDrnRatio= 2.54227646067739
ICDroneMiteSurvivorship= 19.3134110188112
ICWorkerMiteSurvivorship= 15.9065636340529
ICForagerLifespan= 8.64229750260711
ImmType= Polynomial
RQQueenStrength= 1.15828598383814
RQEnableReQueen=true
AIAdultSlope= 1.8167654145509
AIAdultLD50= 0.329199989804532
AIAdultSlopeContact= 4.73930146312341
AIAdultLD50Contact= 76.8568401460273
AILarvaSlope= 8.27537135779858
AILarvaLD50= 2.36533128633746
AIKOW= 94035.1660041783
AIKOC= 96459.810540895
AIHalfLife= 32.6613346956437
EAppRate= 2.86126719997916
FoliarEnabled=true
FoliarAppDate= 07/01/1989
FoliarForageBegin= 07/01/1989
FoliarForageEnd= 07/14/1989
AIContactFactor= 1.6803734698426
CL4Pollen= 2.80215679109097
CL4Nectar= 58.0196857685223
CL5Pollen= 5.19423302309588
CL5Nectar= 137.574911210686
CLDPollen= 5.97119394829497
CLDNectar= 103.468432207592
CA13Pollen= 2.83377902843058
CA13Nectar= 85.7339125312865
CA410Pollen= 6.31195117854513
CA410Nectar= 181.369501743466
CA1120Pollen= 0.138307457556948
CA1120Nectar= 87.0276557095349
IPollenTrips= 11.1049136915244
INectarTrips= 6.07517326949164
IPollenLoad= 0.750457453541458
INectarLoad= 5.34067010274157
