ICQueenStrength= 1.65842178091407
RQWkrDrnRatio= 3.94587566237897
ICDroneMiteSurvivorship= 55.8577851159498
ICWorkerMiteSurvivorship= 41.655502282083
ICForagerLifespan= 10.178733789362
ImmType= Polynomial
RQQueenStrength= 3.12015579268336
RQEnableReQueen=true
AIAdultSlope= 8.86986075527966
AIAdultLD50= 0.981603659170913
AIAdultSlopeContact= 2.35617711395025
AIAdultLD50Contact= 74.9733214262894
AILarvaSlope= 5.83828090317547
AILarvaLD50= 50.0475478272277
AIKOW= 16074.8421320655
AIKOC= 58126.7274826171
AIHalfLife= 15.8833630155073
EAppRate= 3.11657399279741
FoliarEnabled=true
FoliarAppDate= 07/01/1989
FoliarForageBegin= 07/01/1989
FoliarForageEnd= 07/14/1989
AIContactFactor= 0.329771901941858
CL4Pollen= 0.103661348111928
CL4Nectar= 4.16349780280143
CL5Pollen= 3.22717853123322
CL5Nectar= 11.8076271261089
CLDPollen= 1.99235043441877
CLDNectar= 2.66113586258143
CA13Pollen= 6.54153393330052
CA13Nectar= 75.8028217218816
CA410Pollen= 3.08589222880546
CA410Nectar= 170.669099865481
CA1120Pollen= 0.55489717097953
CA1120Nectar= 76.1997432634234
IPollenTrips= 8.40038831345737
INectarTrips= 8.10260815545917
IPollenLoad= 9.12801894359291
INectarLoad= 1.0579574201256
