ICQueenStrength= 5.5293991593644
RQWkrDrnRatio= 2.29117121361196
ICDroneMiteSurvivorship= 30.397090758197
ICWorkerMiteSurvivorship= 12.8617646172643
ICForagerLifespan= 9.30251648742706
ImmType= Sine
RQQueenStrength= 4.21706962771714
RQEnableReQueen= true
AIAdultSlope= 8.14897714182734
AIAdultLD50= 29.0681367346074
AIAdultSlopeContact= 5.90232896967791
AIAdultLD50Contact= 44.3553826636672
AILarvaSlope= 1.420883519575
AILarvaLD50= 96.5049582096755
AIKOW= 27963.4542855117
AIKOC= 56036.6783359018
AIHalfLife= 24.4984496137127
EAppRate= 4.91106390487403
FoliarEnabled= true
FoliarAppDate= 06/07/1989
FoliarForageBegin= 06/05/1989
FoliarForageEnd= 06/28/1989
AIContactFactor= 1.02130016014911
CL4Pollen= 0.82368469145149
CL4Nectar= 0.556753296405077
CL5Pollen= 3.43732259469107
CL5Nectar= 39.7289053536952
CLDPollen= 1.48917463235557
CLDNectar= 73.0732626398094
CA13Pollen= 3.04873550571501
CA13Nectar= 27.7633116580546
CA410Pollen= 6.53739572390914
CA410Nectar= 21.6177351400256
CA1120Pollen= 0.229684358462691
CA1120Nectar= 92.7124996297061
IPollenTrips= 5.90403511654586
INectarTrips= 8.60971481306478
IPollenLoad= 2.27767620701343
INectarLoad= 4.06576116103679
