ICQueenStrength= 5.09895264543593
RQWkrDrnRatio= 1.49161011632532
ICDroneMiteSurvivorship= 4.22906540334225
ICWorkerMiteSurvivorship= 35.981891839765
ICForagerLifespan= 5.97826089244336
ImmType= Exponential
RQQueenStrength= 3.68530581379309
RQEnableReQueen= true
AIAdultSlope= 8.05727284960449
AIAdultLD50= 35.7612735731252
AIAdultSlopeContact= 9.80290332087316
AIAdultLD50Contact= 65.8483129736169
AILarvaSlope= 3.805897584185
AILarvaLD50= 53.2143112854389
AIKOW= 93398.1369564959
AIKOC= 64968.6850604056
AIHalfLife= 19.2328270511935
EAppRate= 1.28719095309288
FoliarEnabled= true
FoliarAppDate= 06/07/1989
FoliarForageBegin= 06/05/1989
FoliarForageEnd= 06/28/1989
AIContactFactor= 1.53166547442786
CL4Pollen= 0.662490142509341
CL4Nectar= 71.4307335671037
CL5Pollen= 0.400000921916217
CL5Nectar= 83.911452954635
CLDPollen= 0.678841440472752
CLDNectar= 40.7976777758449
CA13Pollen= 4.08421897450462
CA13Nectar= 26.8210298009217
CA410Pollen= 3.23314807645511
CA410Nectar= 124.597713937983
CA1120Pollen= 1.61195242940448
CA1120Nectar= 67.8568269684911
IPollenTrips= 11.7776430677623
INectarTrips= 14.0395867102779
IPollenLoad= 9.52234893105924
INectarLoad= 4.10137446597219
