ICQueenStrength= 3.38269748282619
RQWkrDrnRatio= 1.60636626649648
ICDroneMiteSurvivorship= 84.110040217638
ICWorkerMiteSurvivorship= 67.7508392604068
ICForagerLifespan= 10.8285373263061
ImmType= Sine
RQQueenStrength= 1.32658435404301
RQEnableReQueen= true
AIAdultSlope= 7.75397963449359
AIAdultLD50= 83.0361941589971
AIAdultSlopeContact= 2.68492726283148
AIAdultLD50Contact= 64.0653449336805
AILarvaSlope= 5.66271686926484
AILarvaLD50= 27.8093282358602
AIKOW= 76767.1554066315
AIKOC= 95492.0527564352
AIHalfLife= 26.7291968526319
EAppRate= 2.50702917769458
FoliarEnabled= true
FoliarAppDate= 06/07/1989
FoliarForageBegin= 06/05/1989
FoliarForageEnd= 06/28/1989
AIContactFactor= 0.596850706376135
CL4Pollen= 2.50910082086921
CL4Nectar= 67.8944793296978
CL5Pollen= 0.366762713994831
CL5Nectar= 67.4494161154144
CLDPollen= 5.70162668824196
CLDNectar= 103.642676468007
CA13Pollen= 2.83479425432161
CA13Nectar= 35.4374329559505
CA410Pollen= 7.26918020660523
CA410Nectar= 118.248145179823
CA1120Pollen= 0.934688545530662
CA1120Nectar= 88.875141274184
IPollenTrips= 5.79296265961602
INectarTrips= 5.01648315694183
IPollenLoad= 2.14436310110614
INectarLoad= 5.3872221452184
