ICQueenStrength= 4.33447464625351
RQWkrDrnRatio= 4.11593508161604
ICDroneMiteSurvivorship= 35.0498496787623
ICWorkerMiteSurvivorship= 96.0889517096803
ICForagerLifespan= 9.8024629810825
ImmType= Polynomial
RQQueenStrength= 2.94916399545036
RQEnableReQueen= true
AIAdultSlope= 7.8530971519649
AIAdultLD50= 48.5903625491066
AIAdultSlopeContact= 8.50066508655436
AIAdultLD50Contact= 15.0755882524387
AILarvaSlope= 2.94670046493411
AILarvaLD50= 47.2366715991779
AIKOW= 92587.4614584403
AIKOC= 54485.4821295491
AIHalfLife= 31.6010150143411
EAppRate= 6.76051530922507
FoliarEnabled= true
FoliarAppDate= 06/07/1989
FoliarForageBegin= 06/05/1989
FoliarForageEnd= 06/28/1989
AIContactFactor= 1.69553330441937
CL4Pollen= 1.14961232524365
CL4Nectar= 64.9342566495761
CL5Pollen= 4.13745925202966
CL5Nectar= 115.585217799526
CLDPollen= 2.26952797360718
CLDNectar= 85.1481350837275
CA13Pollen= 7.80307874996215
CA13Nectar= 76.5500202216208
CA410Pollen= 2.24451186712831
CA410Nectar= 171.375657338649
CA1120Pollen= 2.09970198548399
CA1120Nectar= 33.210508339107
IPollenTrips= 8.8548400066793
INectarTrips= 12.8741938318126
IPollenLoad= 7.72469805553555
INectarLoad= 5.23463956546038
ESoilP= 1.79895913531072
ESoilFoc= 0.0145934725133702
