ICQueenStrength= 4.17630659323186
RQWkrDrnRatio= 4.09990173019469
ICDroneMiteSurvivorship= 94.0044295508415
ICWorkerMiteSurvivorship= 18.282678979449
ICForagerLifespan= 9.34914652910084
ImmType= Cosine
RQQueenStrength= 3.07697464153171
RQEnableReQueen= true
AIAdultSlope= 2.82851371541619
AIAdultLD50= 0.369728839659365
AIAdultSlopeContact= 1.22322798520327
AIAdultLD50Contact= 79.0666181107278
AILarvaSlope= 8.38730756379664
AILarvaLD50= 37.8906144538133
AIKOW= 9740.76845823988
AIKOC= 89863.1695606527
AIHalfLife= 8.66955252620392
EAppRate= 4.49423604274821
FoliarEnabled= true
FoliarAppDate= 09/01/1989
FoliarForageBegin= 09/01/1989
FoliarForageEnd= 09/08/1989
AIContactFactor= 0.35036274809856
CL4Pollen= 1.7484565153718
CL4Nectar= 9.35867605730891
CL5Pollen= 4.93531516101211
CL5Nectar= 107.192026334815
CLDPollen= 3.22906399006024
CLDNectar= 90.805976302363
CA13Pollen= 4.59478548476472
CA13Nectar= 68.7448279373348
CA410Pollen= 5.26833565691486
CA410Nectar= 98.1200255034491
CA1120Pollen= 0.545272268587723
CA1120Nectar= 37.5700486637652
IPollenTrips= 8.43678021105006
INectarTrips= 9.17410050984472
IPollenLoad= 1.43456117948517
INectarLoad= 8.04625016637146
