ICQueenStrength= 5.77073750342242
RQWkrDrnRatio= 1.98754899017513
ICDroneMiteSurvivorship= 8.86496701277792
ICWorkerMiteSurvivorship= 28.5300739109516
ICForagerLifespan= 11.1379461735487
ImmType= Polynomial
AIAdultSlope= 2.25732092289487
AIAdultLD50= 0.00524944486096501
AIAdultSlopeContact= 1.1280249280273
AIAdultLD50Contact= 0.0162940778885968
AILarvaSlope= 2.28134974087588
AILarvaLD50= 0.512680924683809
AIKOW= 4.41535170562565
AIKOC= 13.6567812424619
AIHalfLife= 0.976571342442185
EAppRate= 2.70612640772015
FoliarEnabled= true
