ICQueenStrength= 4.29484957735986
RQWkrDrnRatio= 3.14479068759829
ICDroneMiteSurvivorship= 62.6499593723565
ICWorkerMiteSurvivorship= 78.193003195338
ICForagerLifespan= 7.53110126499087
ImmType= Cosine
AIAdultSlope= 2.90330050165532
AIAdultLD50= 0.0616907473187894
AIAdultSlopeContact= 3.19794490856817
AIAdultLD50Contact= 0.00973506744485349
AILarvaSlope= 0.925375165231526
AILarvaLD50= 0.397123573743738
AIKOW= 2.81362523604184
AIKOC= 10.0741770071909
AIHalfLife= 2.76584481778555
EAppRate= 5.87866564048454
FoliarEnabled= true
