ICQueenStrength= 5.93480426841415
RQWkrDrnRatio= 3.61457618512213
ICDroneMiteSurvivorship= 50.7539459271356
ICWorkerMiteSurvivorship= 96.6995527036488
ICForagerLifespan= 11.4959892202169
ImmType= Sine
RQQueenStrength= 1.50875956309028
RQEnableReQueen= true
AIAdultSlope= 5.15592460893095
AIAdultLD50= 0.0716120066253934
AIAdultSlopeContact= 5.82759637990966
AIAdultLD50Contact= 3.10913009401178
AILarvaSlope= 3.83082236535847
AILarvaLD50= 38.9137046790316
AIKOW= 68342.7381088705
AIKOC= 71165.9125348113
AIHalfLife= 11.12276675147
EAppRate= 9.46100567687559
FoliarEnabled= true
FoliarAppDate= 09/01/1989
FoliarForageBegin= 09/01/1989
FoliarForageEnd= 09/08/1989
AIContactFactor= 0.554484325954691
CL4Pollen= 0.131605387665331
CL4Nectar= 78.4047045279294
CL5Pollen= 3.88613553112373
CL5Nectar= 45.6582877901383
CLDPollen= 0.974279290996492
CLDNectar= 75.5781301413663
CA13Pollen= 5.83378584571183
CA13Nectar= 27.3313936032355
CA410Pollen= 4.12887586646248
CA410Nectar= 149.560250998475
CA1120Pollen= 2.78697991278023
CA1120Nectar= 74.0639005787671
IPollenTrips= 5.41376405861229
INectarTrips= 6.41004582168534
IPollenLoad= 4.15009554708377
INectarLoad= 1.6845966828987
