ICQueenStrength= 4.4838385367766
RQWkrDrnRatio= 1.4610450854525
ICDroneMiteSurvivorship= 33.1176870735362
ICWorkerMiteSurvivorship= 60.758995404467
ICForagerLifespan= 6.78959522582591
ImmType= Polynomial
RQQueenStrength= 4.09484257129952
RQEnableReQueen= true
AIAdultSlope= 3.38528376817703
AIAdultLD50= 19.6406370827162
AIAdultSlopeContact= 5.45723568508402
AIAdultLD50Contact= 97.4693169801251
AILarvaSlope= 5.76525427028537
AILarvaLD50= 72.067827822095
AIKOW= 88677.0696060644
AIKOC= 69459.6777460468
AIHalfLife= 25.4177025346318
EAppRate= 7.36091003377666
FoliarEnabled= true
FoliarAppDate= 06/07/1989
FoliarForageBegin= 06/05/1989
FoliarForageEnd= 06/28/1989
AIContactFactor= 1.18206299490761
CL4Pollen= 1.15052803792059
CL4Nectar= 62.9768022801727
CL5Pollen= 3.62039671791717
CL5Nectar= 131.767042481806
CLDPollen= 5.67924071196467
CLDNectar= 15.5893771676347
CA13Pollen= 2.21582500105724
CA13Nectar= 36.4359580539167
CA410Pollen= 4.64792124035303
CA410Nectar= 159.788919617422
CA1120Pollen= 1.16167388437316
CA1120Nectar= 68.5694481804967
IPollenTrips= 8.1387091637589
INectarTrips= 9.69394605373964
IPollenLoad= 0.650402263272554
INectarLoad= 4.29976696847007
