ICQueenStrength= 1.42690842691809
RQWkrDrnRatio= 4.19024097174406
ICDroneMiteSurvivorship= 1.00874167401344
ICWorkerMiteSurvivorship= 52.9776927316561
ICForagerLifespan= 9.18380010873079
ImmType= Cosine
RQQueenStrength= 1.56073606852442
RQEnableReQueen=true
AIAdultSlope= 4.62109072133899
AIAdultLD50= 0.237260036036139
AIAdultSlopeContact= 5.40639833174646
AIAdultLD50Contact= 39.1071163480151
AILarvaSlope= 8.55594740249217
AILarvaLD50= 81.6628224411176
AIKOW= 40276.9232985724
AIKOC= 86466.2325653941
AIHalfLife= 10.4092578527983
EAppRate= 4.8319132389389
FoliarEnabled=true
FoliarAppDate= 07/01/1989
FoliarForageBegin= 07/01/1989
FoliarForageEnd= 07/14/1989
AIContactFactor= 0.369084220514633
CL4Pollen= 2.61703440267593
CL4Nectar= 66.4004139602184
CL5Pollen= 4.05653462279588
CL5Nectar= 88.3748299442232
CLDPollen= 4.96258408064023
CLDNectar= 46.5769938658923
CA13Pollen= 6.86208813991398
CA13Nectar= 94.149226564914
CA410Pollen= 3.2283392485464
CA410Nectar= 112.756749615073
CA1120Pollen= 0.748699593124911
CA1120Nectar= 88.7845449149609
IPollenTrips= 14.6406571520492
INectarTrips= 12.508406676352
IPollenLoad= 1.14547995850444
INectarLoad= 1.61579152569175
