ICQueenStrength= 1.82853273255751
RQWkrDrnRatio= 4.92128874454647
ICDroneMiteSurvivorship= 41.6298676514998
ICWorkerMiteSurvivorship= 29.6654382487759
ICForagerLifespan= 11.0316616240889
ImmType= Tangent
RQQueenStrength= 3.09617038141005
RQEnableReQueen= true
AIAdultSlope= 6.08541810512543
AIAdultLD50= 8.32721140600345
AIAdultSlopeContact= 9.4729300364852
AIAdultLD50Contact= 84.4483522802738
AILarvaSlope= 7.22389718145132
AILarvaLD50= 26.3846057440913
AIKOW= 28419.9204396953
AIKOC= 98659.2262951583
AIHalfLife= 14.7652195581933
EAppRate= 5.99178597260849
FoliarEnabled= true
FoliarAppDate= 06/07/1989
FoliarForageBegin= 06/05/1989
FoliarForageEnd= 06/28/1989
AIContactFactor= 0.900729485629126
CL4Pollen= 0.922994643449783
CL4Nectar= 32.8440217068419
CL5Pollen= 5.20560587989166
CL5Nectar= 124.851741443854
CLDPollen= 0.679692909121513
CLDNectar= 72.7975104236975
CA13Pollen= 3.14669356476516
CA13Nectar= 83.853067997843
CA410Pollen= 7.88268281836063
CA410Nectar= 124.269929346628
CA1120Pollen= 0.492713146610186
CA1120Nectar= 84.1578464023769
IPollenTrips= 10.2911236230284
INectarTrips= 13.6044109216891
IPollenLoad= 2.13601464638487
INectarLoad= 7.21714901970699
