ICQueenStrength= 1.22250215895474
RQWkrDrnRatio= 2.05605857167393
ICDroneMiteSurvivorship= 22.5043662125245
ICWorkerMiteSurvivorship= 89.7255973657593
ICForagerLifespan= 9.55018894094974
ImmType= Sine
RQQueenStrength= 2.32826138474047
RQEnableReQueen=true
AIAdultSlope= 7.06427488289773
AIAdultLD50= 0.445820387424435
AIAdultSlopeContact= 7.88782032299787
AIAdultLD50Contact= 75.9588120671653
AILarvaSlope= 4.97143372707069
AILarvaLD50= 35.9802924219984
AIKOW= 4515.95164139071
AIKOC= 60697.3697086792
AIHalfLife= 18.3656006024219
EAppRate= 6.28625110781845
FoliarEnabled=true
FoliarAppDate= 07/01/1989
FoliarForageBegin= 07/01/1989
FoliarForageEnd= 07/14/1989
AIContactFactor= 0.680838897502981
CL4Pollen= 0.605101355351508
CL4Nectar= 43.9823834691197
CL5Pollen= 4.31931248120964
CL5Nectar= 55.5179647053592
CLDPollen= 1.58137983921915
CLDNectar= 76.9846065435559
CA13Pollen= 7.18701151413843
CA13Nectar= 44.4924225099385
CA410Pollen= 5.25628117795568
CA410Nectar= 188.371096821502
CA1120Pollen= 1.2151914825663
CA1120Nectar= 27.5309101678431
IPollenTrips= 13.0043365224265
INectarTrips= 12.3308820161037
IPollenLoad= 2.50057164812461
INectarLoad= 5.71360046043992
