ICQueenStrength= 4.54867263929918
RQWkrDrnRatio= 2.52317822258919
ICDroneMiteSurvivorship= 78.9158487925306
ICWorkerMiteSurvivorship= 65.7899836776778
ICForagerLifespan= 15.6569512253627
ImmType= Polynomial
RQQueenStrength= 3.09401958505623
RQEnableReQueen= true
AIAdultSlope= 4.32752932235599
AIAdultLD50= 94.5389889299369
AIAdultSlopeContact= 2.62907954514958
AIAdultLD50Contact= 95.6251479918933
AILarvaSlope= 3.61771864816546
AILarvaLD50= 16.0022935620737
AIKOW= 8642.10818845771
AIKOC= 20223.0108971372
AIHalfLife= 22.4842115891865
EAppRate= 9.09894212617399
FoliarEnabled= true
FoliarAppDate= 06/07/1989
FoliarForageBegin= 06/05/1989
FoliarForageEnd= 06/28/1989
AIContactFactor= 1.45236495237332
CL4Pollen= 2.18707649409771
CL4Nectar= 11.9351890869439
CL5Pollen= 0.360952926333994
CL5Nectar= 137.449392594863
CLDPollen= 1.96014544833452
CLDNectar= 20.2450693817809
CA13Pollen= 4.27741740299389
CA13Nectar= 95.9894069470465
CA410Pollen= 4.40434540330898
CA410Nectar= 126.281423624605
CA1120Pollen= 2.93195777270012
CA1120Nectar= 95.9946660883725
IPollenTrips= 8.35324766114354
INectarTrips= 14.2848094902001
IPollenLoad= 7.12047415552661
INectarLoad= 9.8474852531217
