ICQueenStrength= 5.6434644726105
RQWkrDrnRatio= 2.71367804240435
ICDroneMiteSurvivorship= 17.8045729408041
ICWorkerMiteSurvivorship= 56.6207986557856
ICForagerLifespan= 4.1788232550025
ImmType= Exponential
RQQueenStrength= 1.85744926822372
RQEnableReQueen= true
AIAdultSlope= 4.21196511387825
AIAdultLD50= 41.443155385199
AIAdultSlopeContact= 8.17556501971558
AIAdultLD50Contact= 24.0195031673936
AILarvaSlope= 2.65491660498083
AILarvaLD50= 78.0143043696601
AIKOW= 11448.2909982729
AIKOC= 86422.1310873658
AIHalfLife= 6.3241875003092
EAppRate= 9.7684005441044
FoliarEnabled= true
FoliarAppDate= 06/07/1989
FoliarForageBegin= 06/05/1989
FoliarForageEnd= 06/28/1989
AIContactFactor= 2.16195389030967
CL4Pollen= 3.59972597751766
CL4Nectar= 46.2672144640237
CL5Pollen= 1.17694495338947
CL5Nectar= 58.6085766786709
CLDPollen= 1.45815563388169
CLDNectar= 32.9535525874235
CA13Pollen= 4.24373620590195
CA13Nectar= 93.5680392757058
CA410Pollen= 9.45127633393276
CA410Nectar= 41.5565836057067
CA1120Pollen= 1.39674288919196
CA1120Nectar= 50.2141332812607
IPollenTrips= 12.6871541235596
INectarTrips= 8.5258256457746
IPollenLoad= 0.300916391424835
INectarLoad= 3.85771700646728
ESoilP= 1.38570040487684
ESoilFoc= 0.00401185868727043
