ICQueenStrength= 3.21356809721328
RQWkrDrnRatio= 2.37626584246755
ICDroneMiteSurvivorship= 5.68014993332326
ICWorkerMiteSurvivorship= 87.9736725939438
ICForagerLifespan= 8.4894846174866
ImmType= Polynomial
RQQueenStrength= 3.89247774053365
RQEnableReQueen= true
AIAdultSlope= 6.59156463295221
AIAdultLD50= 48.9999283008056
AIAdultSlopeContact= 4.05377403413877
AIAdultLD50Contact= 21.4297738623021
AILarvaSlope= 5.57339754700661
AILarvaLD50= 22.9473967378039
AIKOW= 89992.50878072
AIKOC= 13491.9706333254
AIHalfLife= 13.1798915795516
EAppRate= 4.53068379740021
FoliarEnabled= true
FoliarAppDate= 06/07/1989
FoliarForageBegin= 06/05/1989
FoliarForageEnd= 06/28/1989
AIContactFactor= 1.34989776338916
CL4Pollen= 3.16064999159425
CL4Nectar= 5.10648733470589
CL5Pollen= 4.4560617422685
CL5Nectar= 44.645012926776
CLDPollen= 2.15417967131361
CLDNectar= 146.034062001854
CA13Pollen= 6.08320253696293
CA13Nectar= 37.8178758732975
CA410Pollen= 5.73704501616303
CA410Nectar= 58.4283236740157
CA1120Pollen= 1.07581782806665
CA1120Nectar= 32.7110372856259
IPollenTrips= 8.61928198020905
INectarTrips= 10.0940495426767
IPollenLoad= 9.96097655035555
INectarLoad= 9.76529757725075
