ICQueenStrength= 1.38916975259781
RQWkrDrnRatio= 4.06732753757387
ICDroneMiteSurvivorship= 80.1560437772423
ICWorkerMiteSurvivorship= 53.3552511129528
ICForagerLifespan= 14.423941607587
ImmType= Exponential
RQQueenStrength= 2.84652051189914
RQEnableReQueen= true
AIAdultSlope= 1.41904800012708
AIAdultLD50= 24.0569865471239
AIAdultSlopeContact= 1.93601283314638
AIAdultLD50Contact= 28.8407628416379
AILarvaSlope= 7.94298913516104
AILarvaLD50= 81.3207501023302
AIKOW= 63951.3203601333
AIKOC= 55727.2007971215
AIHalfLife= 30.1809503900353
EAppRate= 9.65654357992159
FoliarEnabled= true
FoliarAppDate= 06/07/1989
FoliarForageBegin= 06/05/1989
FoliarForageEnd= 06/28/1989
AIContactFactor= 2.28722435102798
CL4Pollen= 1.99072955362499
CL4Nectar= 9.12552620284259
CL5Pollen= 2.83419658709317
CL5Nectar= 95.9876353153959
CLDPollen= 4.09363674419001
CLDNectar= 74.356000078842
CA13Pollen= 5.07299164757132
CA13Nectar= 33.0831613019109
CA410Pollen= 4.82489088072907
CA410Nectar= 82.8742040786892
CA1120Pollen= 1.77683748467825
CA1120Nectar= 95.9583630599082
IPollenTrips= 9.82600731542334
INectarTrips= 11.9984580110759
IPollenLoad= 7.69788982579485
INectarLoad= 9.39085282851011
