ICQueenStrength= 1.77641079667956
RQWkrDrnRatio= 2.16380696836859
ICDroneMiteSurvivorship= 13.999893097207
ICWorkerMiteSurvivorship= 17.1426570042968
ICForagerLifespan= 12.7459415728226
ImmType= Cosine
RQQueenStrength= 1.92758875223808
RQEnableReQueen= true
AIAdultSlope= 5.22331513278186
AIAdultLD50= 15.6098733107997
AIAdultSlopeContact= 7.15441558253951
AIAdultLD50Contact= 64.816494038139
AILarvaSlope= 4.89348596893251
AILarvaLD50= 5.89846774713416
AIKOW= 89530.3894525077
AIKOC= 3467.5553623559
AIHalfLife= 26.5607569403015
EAppRate= 2.68269054237497
FoliarEnabled= true
FoliarAppDate= 06/07/1989
FoliarForageBegin= 06/05/1989
FoliarForageEnd= 06/28/1989
AIContactFactor= 0.700492209745571
CL4Pollen= 1.74624837283045
CL4Nectar= 14.4203592790291
CL5Pollen= 4.87225521029904
CL5Nectar= 44.546594331041
CLDPollen= 5.58057528734207
CLDNectar= 84.2958960682154
CA13Pollen= 7.96778586441651
CA13Nectar= 38.1353551149368
CA410Pollen= 3.51985447753686
CA410Nectar= 132.422536588274
CA1120Pollen= 0.442035777959973
CA1120Nectar= 81.7539836280048
IPollenTrips= 5.75432957615703
INectarTrips= 6.80085822939873
IPollenLoad= 3.62882740795612
INectarLoad= 3.40628037462011
ESoilP= 1.77777310623787
ESoilFoc= 0.00957542406395078
