ICQueenStrength= 4.88015646371059
RQWkrDrnRatio= 1.09675300028175
ICDroneMiteSurvivorship= 98.0497751617804
ICWorkerMiteSurvivorship= 23.7217746209353
ICForagerLifespan= 12.9372579762712
ImmType= Tangent
RQQueenStrength= 5.09995533409528
RQEnableReQueen= true
AIAdultSlope= 8.52517794258893
AIAdultLD50= 11.9898181749338
AIAdultSlopeContact= 6.6099772406742
AIAdultLD50Contact= 44.4741976072318
AILarvaSlope= 3.11346074938774
AILarvaLD50= 30.5601147120325
AIKOW= 72019.4871811056
AIKOC= 73639.0439806883
AIHalfLife= 28.4561609738506
EAppRate= 7.38715386276669
FoliarEnabled= true
FoliarAppDate= 06/07/1989
FoliarForageBegin= 06/05/1989
FoliarForageEnd= 06/28/1989
AIContactFactor= 0.514539662711322
CL4Pollen= 2.03829504735768
CL4Nectar= 99.1918417159468
CL5Pollen= 3.39896315708756
CL5Nectar= 110.64868834801
CLDPollen= 4.64718579500914
CLDNectar= 120.480651548132
CA13Pollen= 2.51601125560701
CA13Nectar= 52.9431349039078
CA410Pollen= 5.05225918365177
CA410Nectar= 83.9816888514906
CA1120Pollen= 1.33583515277132
CA1120Nectar= 79.2280308529735
IPollenTrips= 13.3705186494626
INectarTrips= 5.50467440625653
IPollenLoad= 1.38620031764731
INectarLoad= 2.39988863701001
