ICQueenStrength= 1.02780859707855
RQWkrDrnRatio= 2.06773185078055
ICDroneMiteSurvivorship= 28.1880114693195
ICWorkerMiteSurvivorship= 61.6124218562618
ICForagerLifespan= 14.7374067148194
ImmType= Exponential
RQQueenStrength= 5.52617461560294
RQEnableReQueen= true
AIAdultSlope= 6.99708263389766
AIAdultLD50= 33.0987872588313
AIAdultSlopeContact= 6.30692549142987
AIAdultLD50Contact= 67.3794934419214
AILarvaSlope= 5.23332007788122
AILarvaLD50= 39.4040414836786
AIKOW= 94.0379475448886
AIKOC= 84242.206392542
AIHalfLife= 9.34985120145138
EAppRate= 8.60640444899723
FoliarEnabled= true
FoliarAppDate= 06/07/1989
FoliarForageBegin= 06/05/1989
FoliarForageEnd= 06/28/1989
AIContactFactor= 0.690458462079987
CL4Pollen= 3.50523868761957
CL4Nectar= 36.9460338260978
CL5Pollen= 2.06607862422243
CL5Nectar= 117.143810621928
CLDPollen= 0.476545636542141
CLDNectar= 42.5787550164387
CA13Pollen= 7.37738916678354
CA13Nectar= 21.361627522856
CA410Pollen= 6.43770095026121
CA410Nectar= 137.67439127434
CA1120Pollen= 0.107651516329497
CA1120Nectar= 90.9125078655779
IPollenTrips= 9.00014058686793
INectarTrips= 7.52969259163365
IPollenLoad= 2.49445518478751
INectarLoad= 3.23514631250873
