ICQueenStrength= 3.1419795055408
RQWkrDrnRatio= 1.12482533976436
ICDroneMiteSurvivorship= 12.5634981086478
ICWorkerMiteSurvivorship= 74.3223938625306
ICForagerLifespan= 11.2541738366708
ImmType= Logarithmic
RQQueenStrength= 5.29771098424681
RQEnableReQueen= true
AIAdultSlope= 6.30098974891007
AIAdultLD50= 75.0296158205157
AIAdultSlopeContact= 5.17993557523005
AIAdultLD50Contact= 53.6855418260032
AILarvaSlope= 7.58647861517966
AILarvaLD50= 93.4929124964576
AIKOW= 41198.3234237717
AIKOC= 97102.8015564592
AIHalfLife= 14.2607821194222
EAppRate= 5.99256491344399
FoliarEnabled= true
FoliarAppDate= 06/07/1989
FoliarForageBegin= 06/05/1989
FoliarForageEnd= 06/28/1989
AIContactFactor= 1.71077897333074
CL4Pollen= 1.11136082559824
CL4Nectar= 55.4054686566815
CL5Pollen= 2.22553894529119
CL5Nectar= 22.1455327933654
CLDPollen= 5.29623455414549
CLDNectar= 100.931480911095
CA13Pollen= 6.00982368951663
CA13Nectar= 94.822404216975
CA410Pollen= 7.56721120516304
CA410Nectar= 79.0631446940824
CA1120Pollen= 1.31353556108661
CA1120Nectar= 45.4230336844921
IPollenTrips= 13.5812130686827
INectarTrips= 6.16750817745924
IPollenLoad= 9.19550142250955
INectarLoad= 1.26257248455659
