ICQueenStrength= 5.6040441817604
RQWkrDrnRatio= 3.62081839330494
ICDroneMiteSurvivorship= 32.5904112309217
ICWorkerMiteSurvivorship= 78.0628452310339
ICForagerLifespan= 8.42151812277734
ImmType= Sine
RQQueenStrength= 1.82700451603159
RQEnableReQueen= true
AIAdultSlope= 5.63477818854153
AIAdultLD50= 79.8335766303237
AIAdultSlopeContact= 2.52891254797578
AIAdultLD50Contact= 41.2063977660704
AILarvaSlope= 6.96963565424085
AILarvaLD50= 30.8027289877366
AIKOW= 26620.4155786649
AIKOC= 42629.9963722783
AIHalfLife= 20.8174003308872
EAppRate= 1.56499903128645
FoliarEnabled= true
FoliarAppDate= 06/07/1989
FoliarForageBegin= 06/05/1989
FoliarForageEnd= 06/28/1989
AIContactFactor= 0.955670587848872
CL4Pollen= 3.72277294006199
CL4Nectar= 62.932493374683
CL5Pollen= 4.53618883481249
CL5Nectar= 3.40951436664909
CLDPollen= 5.08337105624378
CLDNectar= 41.7477707960643
CA13Pollen= 7.4938759396784
CA13Nectar= 76.9946758821607
CA410Pollen= 5.6969238154823
CA410Nectar= 120.269030123018
CA1120Pollen= 1.75840643537231
CA1120Nectar= 78.24183806777
IPollenTrips= 9.76555119501427
INectarTrips= 6.60380584187806
IPollenLoad= 6.92857107380405
INectarLoad= 5.48949923366308
