ICQueenStrength= 4.60988687723875
RQWkrDrnRatio= 2.95275284349918
ICDroneMiteSurvivorship= 85.830234317109
ICWorkerMiteSurvivorship= 77.4039908312261
ICForagerLifespan= 10.1151679670438
ImmType= Cosine
RQQueenStrength= 3.96586232166737
RQEnableReQueen=true
AIAdultSlope= 5.81551242433488
AIAdultLD50= 0.0815620702879969
AIAdultSlopeContact= 4.76394272246398
AIAdultLD50Contact= 9.38278541868809
AILarvaSlope= 2.95150342397392
AILarvaLD50= 95.0944777095423
AIKOW= 50890.5223785811
AIKOC= 36884.3602070576
AIHalfLife= 22.4420563992113
EAppRate= 5.06569685857045
FoliarEnabled=true
FoliarAppDate= 07/01/1989
FoliarForageBegin= 07/01/1989
FoliarForageEnd= 07/14/1989
AIContactFactor= 0.988098433143459
CL4Pollen= 0.820081622339785
CL4Nectar= 11.9658679934219
CL5Pollen= 4.36213969253004
CL5Nectar= 78.8810569094494
CLDPollen= 2.68091155076399
CLDNectar= 105.193894542754
CA13Pollen= 7.63507512379438
CA13Nectar= 88.5311476141214
CA410Pollen= 5.44277448444627
CA410Nectar= 142.377516748384
CA1120Pollen= 2.08322153007612
CA1120Nectar= 32.2198623232543
IPollenTrips= 6.41433906275779
INectarTrips= 14.756538013462
IPollenLoad= 9.37845881097019
INectarLoad= 0.12065363349393
