ICQueenStrength= 4.2029393222183
RQWkrDrnRatio= 4.35226153489202
ICDroneMiteSurvivorship= 2.50266040675342
ICWorkerMiteSurvivorship= 44.4255928508937
ICForagerLifespan= 9.63592586666346
ImmType= Exponential
RQQueenStrength= 4.62086012680084
RQEnableReQueen=true
AIAdultSlope= 7.00174047984183
AIAdultLD50= 0.951657730225474
AIAdultSlopeContact= 4.38620997825637
AIAdultLD50Contact= 91.3167671872627
AILarvaSlope= 5.37164367549121
AILarvaLD50= 75.8398242718594
AIKOW= 75471.492073246
AIKOC= 27866.8625572799
AIHalfLife= 17.1319662826834
EAppRate= 2.02493457288481
FoliarEnabled=true
FoliarAppDate= 07/01/1989
FoliarForageBegin= 07/01/1989
FoliarForageEnd= 07/14/1989
AIContactFactor= 1.48028462538961
CL4Pollen= 1.65364197548479
CL4Nectar= 26.6123096458614
CL5Pollen= 2.28696708893403
CL5Nectar= 13.7738716439344
CLDPollen= 2.55770563613623
CLDNectar= 122.364399943035
CA13Pollen= 5.71724716089666
CA13Nectar= 41.5419945307076
CA410Pollen= 3.44124547508545
CA410Nectar= 39.9536895053461
CA1120Pollen= 1.92264047451317
CA1120Nectar= 90.0221475213766
IPollenTrips= 9.34898701030761
INectarTrips= 14.8337037698366
IPollenLoad= 3.24114874238148
INectarLoad= 3.23714860947803
