ICQueenStrength= 4.51694484008476
RQWkrDrnRatio= 1.92330589983612
ICDroneMiteSurvivorship= 58.9855377795175
ICWorkerMiteSurvivorship= 86.391240474768
ICForagerLifespan= 15.624752256088
ImmType= Logarithmic
RQQueenStrength= 4.28693458577618
RQEnableReQueen= true
AIAdultSlope= 2.26471677236259
AIAdultLD50= 28.2758647480416
AIAdultSlopeContact= 7.57140230899677
AIAdultLD50Contact= 0.998825605629012
AILarvaSlope= 8.9346770439297
AILarvaLD50= 22.1612968203325
AIKOW= 37257.0541798819
AIKOC= 57962.0199360771
AIHalfLife= 0.867942059016786
EAppRate= 5.17141747935861
FoliarEnabled= true
FoliarAppDate= 06/07/1989
FoliarForageBegin= 06/05/1989
FoliarForageEnd= 06/28/1989
AIContactFactor= 0.336357479467988
CL4Pollen= 3.18478078022599
CL4Nectar= 22.9273302247748
CL5Pollen= 4.01393428025767
CL5Nectar= 72.1468606498092
CLDPollen= 5.19035197841004
CLDNectar= 6.40208835247904
CA13Pollen= 2.29930486604571
CA13Nectar= 43.5641761682928
CA410Pollen= 7.71283988826908
CA410Nectar= 29.8009987315163
CA1120Pollen= 1.70313857356086
CA1120Nectar= 40.0001106224954
IPollenTrips= 6.58172499621287
INectarTrips= 8.84426338830963
IPollenLoad= 6.80353071074933
INectarLoad= 0.577912791632116
ESoilP= 1.74780306383036
ESoilFoc= 0.0179798325591255
