ICQueenStrength= 5.6545757073909
RQWkrDrnRatio= 3.36449997778982
ICDroneMiteSurvivorship= 19.3585872184485
ICWorkerMiteSurvivorship= 92.4034921918064
ICForagerLifespan= 14.8307501645759
ImmType= Sine
RQQueenStrength= 3.75665131746791
RQEnableReQueen= true
AIAdultSlope= 7.07711387239397
AIAdultLD50= 28.5608975255794
AIAdultSlopeContact= 7.3530028637033
AIAdultLD50Contact= 86.1722690524675
AILarvaSlope= 3.67803489416838
AILarvaLD50= 95.7272580859025
AIKOW= 37925.0749389129
AIKOC= 84697.3693579328
AIHalfLife= 20.1940803739242
EAppRate= 0.349646953305695
FoliarEnabled= true
FoliarAppDate= 06/07/1989
FoliarForageBegin= 06/05/1989
FoliarForageEnd= 06/28/1989
AIContactFactor= 1.71224175294396
CL4Pollen= 0.957566599361598
CL4Nectar= 47.2495852038264
CL5Pollen= 4.97522841906175
CL5Nectar= 131.411802198272
CLDPollen= 5.08861106866971
CLDNectar= 140.478364296723
CA13Pollen= 7.03117743488401
CA13Nectar= 99.1185498610139
CA410Pollen= 8.29974889722653
CA410Nectar= 42.8368663834408
CA1120Pollen= 0.866233736509457
CA1120Nectar= 91.0520465858281
IPollenTrips= 14.9577239900827
INectarTrips= 7.55192175041884
IPollenLoad= 2.05667500151321
INectarLoad= 9.15054887300357
