ICQueenStrength= 1.73783240630291
RQWkrDrnRatio= 2.4881398929283
ICDroneMiteSurvivorship= 6.34447829797864
ICWorkerMiteSurvivorship= 1.57629821915179
ICForagerLifespan= 5.45710062328726
ImmType= Cosine
RQQueenStrength= 3.18537034583278
RQEnableReQueen= true
AIAdultSlope= 7.71147748455405
AIAdultLD50= 40.922296301794
AIAdultSlopeContact= 3.43587982351892
AIAdultLD50Contact= 9.40521442222479
AILarvaSlope= 7.93111936561763
AILarvaLD50= 69.4031149473386
AIKOW= 2764.50721135604
AIKOC= 64895.1812776646
AIHalfLife= 33.3347391423304
EAppRate= 2.67151464831061
FoliarEnabled= true
FoliarAppDate= 06/07/1989
FoliarForageBegin= 06/05/1989
FoliarForageEnd= 06/28/1989
AIContactFactor= 0.444093567444943
CL4Pollen= 1.08711503259838
CL4Nectar= 34.6391512313858
CL5Pollen= 0.419393175747246
CL5Nectar= 98.2959723682143
CLDPollen= 3.20824848068878
CLDNectar= 82.462356321048
CA13Pollen= 5.54296125080436
CA13Nectar= 95.2981345914304
CA410Pollen= 6.18044457789511
CA410Nectar= 190.182937099598
CA1120Pollen= 2.27297081099823
CA1120Nectar= 23.3795285597444
IPollenTrips= 6.99603042332456
INectarTrips= 9.33802220504731
IPollenLoad= 8.68726882152259
INectarLoad= 2.88714083144441
ESoilP= 1.27304408815689
ESoilFoc= 0.0178159928119276
