ICQueenStrength= 2.68939491035417
RQWkrDrnRatio= 4.42325688526034
ICDroneMiteSurvivorship= 14.7235822398216
ICWorkerMiteSurvivorship= 41.6544473497197
ICForagerLifespan= 9.1871957378462
ImmType= Cosine
RQQueenStrength= 2.92678080871701
RQEnableReQueen= true
AIAdultSlope= 3.34417571872473
AIAdultLD50= 64.3784212997311
AIAdultSlopeContact= 3.53018300049007
AIAdultLD50Contact= 53.7011407410607
AILarvaSlope= 8.80023017711937
AILarvaLD50= 43.486522617667
AIKOW= 52455.0191407129
AIKOC= 21621.0893313969
AIHalfLife= 4.56753899259493
EAppRate= 5.7291783106972
FoliarEnabled= true
FoliarAppDate= 06/07/1989
FoliarForageBegin= 06/05/1989
FoliarForageEnd= 06/28/1989
AIContactFactor= 0.464182525221258
CL4Pollen= 2.26782670803368
CL4Nectar= 77.2687065647915
CL5Pollen= 0.758894432801753
CL5Nectar= 0.482567364815623
CLDPollen= 1.06973295891657
CLDNectar= 44.5835201768205
CA13Pollen= 4.55175766795874
CA13Nectar= 64.3170351907611
CA410Pollen= 3.84276864612475
CA410Nectar= 154.511324190535
CA1120Pollen= 1.87901660241187
CA1120Nectar= 49.8712233640254
IPollenTrips= 12.4403801886365
INectarTrips= 5.24137098807842
IPollenLoad= 2.22607938572764
INectarLoad= 8.88120387215167
ESoilP= 1.02021274436265
ESoilFoc= 0.00736337154754437
