ICQueenStrength= 4.01788705983199
RQWkrDrnRatio= 3.10974827408791
ICDroneMiteSurvivorship= 68.584543839097
ICWorkerMiteSurvivorship= 47.0691138645634
ICForagerLifespan= 11.2671213764697
ImmType= Sine
RQQueenStrength= 4.90832158620469
RQEnableReQueen= true
AIAdultSlope= 2.9997639618814
AIAdultLD50= 29.2551579881024
AIAdultSlopeContact= 6.77520337584428
AIAdultLD50Contact= 65.489934666744
AILarvaSlope= 5.36949670128524
AILarvaLD50= 89.121054707052
AIKOW= 95249.5766431772
AIKOC= 21693.0872737255
AIHalfLife= 4.41024593261536
EAppRate= 6.86854268544912
FoliarEnabled= true
FoliarAppDate= 06/07/1989
FoliarForageBegin= 06/05/1989
FoliarForageEnd= 06/28/1989
AIContactFactor= 0.655375476395711
CL4Pollen= 0.228265627287328
CL4Nectar= 90.2050155447796
CL5Pollen= 3.61997607490048
CL5Nectar= 99.0088857128285
CLDPollen= 1.23494435381144
CLDNectar= 127.729639958125
CA13Pollen= 4.56770342569798
CA13Nectar= 32.8741041570902
CA410Pollen= 2.48386667096056
CA410Nectar= 174.070641086437
CA1120Pollen= 2.88699818355963
CA1120Nectar= 36.6010676883161
IPollenTrips= 12.674576586578
INectarTrips= 7.46361531782895
IPollenLoad= 2.90705275256187
INectarLoad= 4.92249399889261
