ICQueenStrength= 1.19182401709259
RQWkrDrnRatio= 4.37548952456564
ICDroneMiteSurvivorship= 47.6110644172877
ICWorkerMiteSurvivorship= 88.239305303432
ICForagerLifespan= 12.5936435740441
ImmType= Tangent
RQQueenStrength= 5.79499670211226
RQEnableReQueen= true
AIAdultSlope= 8.03185096569359
AIAdultLD50= 88.3969013239902
AIAdultSlopeContact= 7.9834512101952
AIAdultLD50Contact= 57.8909870903983
AILarvaSlope= 2.51505463756621
AILarvaLD50= 31.2665520255996
AIKOW= 13264.4846692271
AIKOC= 32385.7643730817
AIHalfLife= 26.2601794619812
EAppRate= 4.70634736909438
FoliarEnabled= true
FoliarAppDate= 06/07/1989
FoliarForageBegin= 06/05/1989
FoliarForageEnd= 06/28/1989
AIContactFactor= 2.31720060959924
CL4Pollen= 0.42155272886157
CL4Nectar= 9.02905247639865
CL5Pollen= 2.09658880345523
CL5Nectar= 109.733027662151
CLDPollen= 3.56953146122396
CLDNectar= 54.590272041969
CA13Pollen= 5.41401126263663
CA13Nectar= 83.0638627149165
CA410Pollen= 7.12899255321827
CA410Nectar= 59.7305140225217
CA1120Pollen= 2.47696343134157
CA1120Nectar= 60.7043611072004
IPollenTrips= 8.48305159714073
INectarTrips= 10.5434158002026
IPollenLoad= 0.978882811032236
INectarLoad= 0.831266532186419
ESoilP= 1.20174850989133
ESoilFoc= 0.0155965694249608
