ICQueenStrength= 4.85885321768001
RQWkrDrnRatio= 4.33626530040056
ICDroneMiteSurvivorship= 72.3709516460076
ICWorkerMiteSurvivorship= 47.9340431280434
ICForagerLifespan= 12.0354911554605
ImmType= Sine
RQQueenStrength= 3.5729442096781
RQEnableReQueen= true
AIAdultSlope= 2.69447752647102
AIAdultLD50= 81.213652872372
AIAdultSlopeContact= 6.81055419705808
AIAdultLD50Contact= 73.0895351635343
AILarvaSlope= 5.22564374469221
AILarvaLD50= 1.12296048993664
AIKOW= 33548.7256852463
AIKOC= 17628.6276566987
AIHalfLife= 16.9417182790814
EAppRate= 3.13010460527008
FoliarEnabled= true
FoliarAppDate= 06/07/1989
FoliarForageBegin= 06/05/1989
FoliarForageEnd= 06/28/1989
AIContactFactor= 0.375099039999768
CL4Pollen= 3.45772327762097
CL4Nectar= 29.8310701735318
CL5Pollen= 5.08798837428913
CL5Nectar= 62.1501813526265
CLDPollen= 4.39861294347793
CLDNectar= 91.6158670093864
CA13Pollen= 5.38417150015011
CA13Nectar= 57.4538509361446
CA410Pollen= 8.40036111024674
CA410Nectar= 110.979489129968
CA1120Pollen= 0.673307778546587
CA1120Nectar= 70.9623035602272
IPollenTrips= 6.19759666733444
INectarTrips= 11.6619640402496
IPollenLoad= 9.09913256764412
INectarLoad= 6.42015787307173
ESoilP= 1.02061600936577
ESoilFoc= 0.00731492404523306
