ICQueenStrength= 3.47157917823642
RQWkrDrnRatio= 1.67947556078434
ICDroneMiteSurvivorship= 68.5099236201495
ICWorkerMiteSurvivorship= 50.5719198379666
ICForagerLifespan= 13.4725656965747
ImmType= Cosine
RQQueenStrength= 3.57934784283862
RQEnableReQueen= true
AIAdultSlope= 3.00970649532974
AIAdultLD50= 45.344105799742
AIAdultSlopeContact= 3.52912846696563
AIAdultLD50Contact= 48.2672725166068
AILarvaSlope= 7.57337112352252
AILarvaLD50= 26.1942997720062
AIKOW= 22310.4413522907
AIKOC= 22672.8674974907
AIHalfLife= 6.0953263789881
EAppRate= 9.35902723419457
FoliarEnabled= true
FoliarAppDate= 06/07/1989
FoliarForageBegin= 06/05/1989
FoliarForageEnd= 06/28/1989
AIContactFactor= 0.317623486337252
CL4Pollen= 0.387398112565279
CL4Nectar= 75.6127191241831
CL5Pollen= 5.25944346701726
CL5Nectar= 134.257387847174
CLDPollen= 5.85955341579393
CLDNectar= 145.151906157844
CA13Pollen= 5.53935217233375
CA13Nectar= 43.2697626575828
CA410Pollen= 7.93532288011629
CA410Nectar= 145.05191382952
CA1120Pollen= 0.337622777558863
CA1120Nectar= 21.028924100101
IPollenTrips= 11.9062373833731
INectarTrips= 5.76915401034057
IPollenLoad= 9.08905762713403
INectarLoad= 1.77692751633003
