ICQueenStrength= 1.01098113018088
RQWkrDrnRatio= 1.73857302684337
ICDroneMiteSurvivorship= 21.684417524375
ICWorkerMiteSurvivorship= 97.2965051420033
ICForagerLifespan= 8.05310929939151
ImmType= Cosine
RQQueenStrength= 4.05705847335048
RQEnableReQueen= true
AIAdultSlope= 5.24446556903422
AIAdultLD50= 64.8463337108421
AIAdultSlopeContact= 8.742212112993
AIAdultLD50Contact= 26.5514903052284
AILarvaSlope= 3.79858580976725
AILarvaLD50= 29.2015603976871
AIKOW= 82672.0000576042
AIKOC= 44133.2044276861
AIHalfLife= 22.5682016342646
EAppRate= 9.86495607689116
FoliarEnabled= true
FoliarAppDate= 06/07/1989
FoliarForageBegin= 06/05/1989
FoliarForageEnd= 06/28/1989
AIContactFactor= 1.25474507586099
CL4Pollen= 2.09145467262715
CL4Nectar= 35.4576296173036
CL5Pollen= 4.74737919867039
CL5Nectar= 138.824770704377
CLDPollen= 0.914354258682579
CLDNectar= 59.4087610719725
CA13Pollen= 3.98232565522194
CA13Nectar= 49.7028642334044
CA410Pollen= 8.09407450857107
CA410Nectar= 133.466706308536
CA1120Pollen= 2.40068009030074
CA1120Nectar= 72.4398624897003
IPollenTrips= 8.77145180944353
INectarTrips= 11.8901022896171
IPollenLoad= 2.62493072077632
INectarLoad= 7.19456122256815
