ICQueenStrength= 2.07240922981873
RQWkrDrnRatio= 2.23051810916513
ICDroneMiteSurvivorship= 4.36585356947035
ICWorkerMiteSurvivorship= 55.3176595130935
ICForagerLifespan= 12.448583018966
ImmType= Exponential
RQQueenStrength= 2.65436387178488
RQEnableReQueen= true
AIAdultSlope= 2.8854121118784
AIAdultLD50= 0.00789456203021109
AIAdultSlopeContact= 4.42845881241374
AIAdultLD50Contact= 37.2152133409446
AILarvaSlope= 8.58050523884594
AILarvaLD50= 33.5896461344098
AIKOW= 92071.2850767554
AIKOC= 99767.5993204194
AIHalfLife= 28.4415061450563
EAppRate= 1.08370279974258
FoliarEnabled= true
FoliarAppDate= 09/01/1989
FoliarForageBegin= 09/01/1989
FoliarForageEnd= 09/08/1989
AIContactFactor= 1.77930706441868
CL4Pollen= 0.060998841188848
CL4Nectar= 56.4884790452197
CL5Pollen= 4.49071462266147
CL5Nectar= 147.352059802506
CLDPollen= 0.499677394051105
CLDNectar= 113.549570564646
CA13Pollen= 6.91678596176207
CA13Nectar= 91.1923366039991
CA410Pollen= 2.22251440822147
CA410Nectar= 41.6731502721086
CA1120Pollen= 0.554827775806189
CA1120Nectar= 26.1584765836596
IPollenTrips= 7.80248393770307
INectarTrips= 7.58018084336072
IPollenLoad= 1.18000961607322
INectarLoad= 9.040749121923
