ICQueenStrength= 1.08508248603903
RQWkrDrnRatio= 3.91160500980914
ICDroneMiteSurvivorship= 12.8227663459256
ICWorkerMiteSurvivorship= 66.9380045263097
ICForagerLifespan= 15.0125141125172
ImmType= Polynomial
RQQueenStrength= 2.21403352241032
RQEnableReQueen= true
AIAdultSlope= 5.49384926445782
AIAdultLD50= 88.0370041150365
AIAdultSlopeContact= 4.18972007976845
AIAdultLD50Contact= 19.508822193447
AILarvaSlope= 2.00408440642059
AILarvaLD50= 78.6062740634012
AIKOW= 31101.7793350768
AIKOC= 48951.2786147683
AIHalfLife= 18.613143287506
EAppRate= 2.53497466552537
FoliarEnabled= true
FoliarAppDate= 06/07/1989
FoliarForageBegin= 06/05/1989
FoliarForageEnd= 06/28/1989
AIContactFactor= 0.601360919019207
CL4Pollen= 3.3704876145348
CL4Nectar= 67.7794098854065
CL5Pollen= 1.59817240387201
CL5Nectar= 0.385947560425848
CLDPollen= 0.212197452317923
CLDNectar= 0.640969374217093
CA13Pollen= 7.18576915543526
CA13Nectar= 28.0841765925288
CA410Pollen= 3.67932114771102
CA410Nectar= 103.964763171971
CA1120Pollen= 2.30455571645871
CA1120Nectar= 65.975528433919
IPollenTrips= 5.30664950842038
INectarTrips= 12.0292482478544
IPollenLoad= 7.75207256665453
INectarLoad= 1.11280709970742
