ICQueenStrength= 4.36177575029433
RQWkrDrnRatio= 1.89314980152994
ICDroneMiteSurvivorship= 85.719056148082
ICWorkerMiteSurvivorship= 46.8648932408541
ICForagerLifespan= 7.62917845603079
ImmType= Sine
RQQueenStrength= 1.16239864006639
RQEnableReQueen=true
AIAdultSlope= 3.05648914352059
AIAdultLD50= 0.776913313923869
AIAdultSlopeContact= 6.33925515832379
AIAdultLD50Contact= 22.3008043804236
AILarvaSlope= 2.18783283233643
AILarvaLD50= 41.7718051716066
AIKOW= 66609.5410103664
AIKOC= 40806.6166010411
AIHalfLife= 22.4614181646844
EAppRate= 8.21932051389082
FoliarEnabled=true
FoliarAppDate= 07/01/1989
FoliarForageBegin= 07/01/1989
FoliarForageEnd= 07/14/1989
AIContactFactor= 1.52018483957276
CL4Pollen= 1.35932083148509
CL4Nectar= 51.9929265836254
CL5Pollen= 2.62133401399478
CL5Nectar= 85.1734208059497
CLDPollen= 0.987065406516194
CLDNectar= 126.463921309914
CA13Pollen= 7.16188327530399
CA13Nectar= 92.103363070637
CA410Pollen= 7.65367901914287
CA410Nectar= 55.4689528653398
CA1120Pollen= 0.782143126940355
CA1120Nectar= 37.7269701659679
IPollenTrips= 5.0868160976097
INectarTrips= 11.666300627403
IPollenLoad= 6.61927462322637
INectarLoad= 3.68816280039027
