ICQueenStrength= 3.19418154284358
RQWkrDrnRatio= 3.30314650107175
ICDroneMiteSurvivorship= 42.3937418498099
ICWorkerMiteSurvivorship= 66.4651150582358
ICForagerLifespan= 5.95252693258226
ImmType= Polynomial
RQQueenStrength= 4.66226040013134
RQEnableReQueen=true
AIAdultSlope= 5.13649579137564
AIAdultLD50= 0.896149509340059
AIAdultSlopeContact= 5.57217443711124
AIAdultLD50Contact= 46.0012379922813
AILarvaSlope= 5.92401075549424
AILarvaLD50= 87.4620946134257
AIKOW= 34519.7030165177
AIKOC= 86584.0402936665
AIHalfLife= 32.0837224750547
EAppRate= 2.69135577202053
FoliarEnabled=true
FoliarAppDate= 07/01/1989
FoliarForageBegin= 07/01/1989
FoliarForageEnd= 07/14/1989
AIContactFactor= 1.51431644453667
CL4Pollen= 2.32265102211386
CL4Nectar= 17.3698607366532
CL5Pollen= 2.4692075829953
CL5Nectar= 34.124723856803
CLDPollen= 2.19978133728728
CLDNectar= 144.570643315092
CA13Pollen= 5.49231249447912
CA13Nectar= 72.9607746005058
CA410Pollen= 5.99861359000206
CA410Nectar= 51.3141967682168
CA1120Pollen= 0.427501114318147
CA1120Nectar= 60.6718457117677
IPollenTrips= 6.53903508326039
INectarTrips= 13.4856358193792
IPollenLoad= 3.13455038005486
INectarLoad= 2.04725024988875
