ICQueenStrength= 3.76466794894077
RQWkrDrnRatio= 4.17749427445233
ICDroneMiteSurvivorship= 25.6062076659873
ICWorkerMiteSurvivorship= 89.7974718594924
ICForagerLifespan= 6.07283712178469
ImmType= Sine
RQQueenStrength= 1.66457476932555
RQEnableReQueen= true
AIAdultSlope= 2.11375213228166
AIAdultLD50= 15.228671845335
AIAdultSlopeContact= 2.31876550544985
AIAdultLD50Contact= 5.35152188079269
AILarvaSlope= 7.96184625476599
AILarvaLD50= 63.9206534278654
AIKOW= 24198.2181222692
AIKOC= 10575.413260414
AIHalfLife= 32.7919773845235
EAppRate= 0.662182323460001
FoliarEnabled= true
FoliarAppDate= 06/07/1989
FoliarForageBegin= 06/05/1989
FoliarForageEnd= 06/28/1989
AIContactFactor= 2.16062986347359
CL4Pollen= 0.139984789304435
CL4Nectar= 48.1260272907093
CL5Pollen= 0.165531661827117
CL5Nectar= 123.102751525585
CLDPollen= 2.29556400887668
CLDNectar= 97.6547969738021
CA13Pollen= 5.52677155314013
CA13Nectar= 62.9821768589318
CA410Pollen= 3.37876877794042
CA410Nectar= 49.7412924887612
CA1120Pollen= 1.0184772326611
CA1120Nectar= 46.4093234762549
IPollenTrips= 11.6718722763471
INectarTrips= 12.2388041904196
IPollenLoad= 0.0588473305106163
INectarLoad= 1.23287026537582
