ICQueenStrength= 2.94017344387248
RQWkrDrnRatio= 2.88101818040013
ICDroneMiteSurvivorship= 35.1264941273257
ICWorkerMiteSurvivorship= 3.7188024725765
ICForagerLifespan= 11.6793987397105
ImmType= Polynomial
RQQueenStrength= 1.01240573474206
RQEnableReQueen= true
AIAdultSlope= 6.51566780917346
AIAdultLD50= 44.1130404944152
AIAdultSlopeContact= 8.41338053811342
AIAdultLD50Contact= 40.68107429285
AILarvaSlope= 6.04946011863649
AILarvaLD50= 91.342859511513
AIKOW= 91790.8585923258
AIKOC= 88434.0665903932
AIHalfLife= 25.9614901083522
EAppRate= 3.05919475650601
FoliarEnabled= true
FoliarAppDate= 06/07/1989
FoliarForageBegin= 06/05/1989
FoliarForageEnd= 06/28/1989
AIContactFactor= 0.886237113415263
CL4Pollen= 1.87994260247797
CL4Nectar= 42.8701830795035
CL5Pollen= 1.52300874050707
CL5Nectar= 34.1473422478884
CLDPollen= 3.68812717543915
CLDNectar= 86.0756381065585
CA13Pollen= 6.11924104373902
CA13Nectar= 95.5989922769368
CA410Pollen= 5.8146912968019
CA410Nectar= 165.385750178248
CA1120Pollen= 0.891929068369791
CA1120Nectar= 31.5457940101624
IPollenTrips= 6.51597323827446
INectarTrips= 10.495327769313
IPollenLoad= 3.89261116739362
INectarLoad= 1.53746823081747
ESoilP= 1.22407743451186
ESoilFoc= 0.0111909246053547
