ICQueenStrength= 5.44795105955563
RQWkrDrnRatio= 4.44932241737843
ICDroneMiteSurvivorship= 85.9022815711796
ICWorkerMiteSurvivorship= 12.6103668706492
ICForagerLifespan= 13.8400611048564
ImmType= Sine
RQQueenStrength= 5.70059660845436
RQEnableReQueen= true
AIAdultSlope= 2.48499983735383
AIAdultLD50= 58.2361517617388
AIAdultSlopeContact= 6.33388536120765
AIAdultLD50Contact= 26.5261351387072
AILarvaSlope= 4.14158217422664
AILarvaLD50= 44.6959076487536
AIKOW= 2358.10590369589
AIKOC= 17698.3649757823
AIHalfLife= 31.0771805847995
EAppRate= 8.33063206630154
FoliarEnabled= true
FoliarAppDate= 06/07/1989
FoliarForageBegin= 06/05/1989
FoliarForageEnd= 06/28/1989
AIContactFactor= 2.35426391055807
CL4Pollen= 1.73179318755865
CL4Nectar= 83.0717279110104
CL5Pollen= 0.836218053940684
CL5Nectar= 127.283459482715
CLDPollen= 4.16717638308182
CLDNectar= 87.1881487662904
CA13Pollen= 3.80362617438659
CA13Nectar= 73.0355595611036
CA410Pollen= 5.06573060934898
CA410Nectar= 72.1192659763619
CA1120Pollen= 2.19113612361252
CA1120Nectar= 30.9409905783832
IPollenTrips= 13.9035023958422
INectarTrips= 11.1860300600529
IPollenLoad= 0.0924676563590765
INectarLoad= 8.5981101100333
