ICQueenStrength= 1.01868787803687
RQWkrDrnRatio= 4.10439503472298
ICDroneMiteSurvivorship= 11.6519589209929
ICWorkerMiteSurvivorship= 20.4459190135822
ICForagerLifespan= 6.34400935005397
ImmType= Cosine
RQQueenStrength= 1.86243919446133
RQEnableReQueen= true
AIAdultSlope= 8.7462780084461
AIAdultLD50= 0.41238789308886
AIAdultSlopeContact= 9.98581901006401
AIAdultLD50Contact= 8.87608702327101
AILarvaSlope= 3.71973810717463
AILarvaLD50= 35.1950245630776
AIKOW= 38626.7994203585
AIKOC= 78347.7518163337
AIHalfLife= 22.0346603641519
EAppRate= 9.6246069009027
FoliarEnabled= true
FoliarAppDate= 09/01/1989
FoliarForageBegin= 09/01/1989
FoliarForageEnd= 09/08/1989
AIContactFactor= 2.15612553724553
CL4Pollen= 3.15901809372008
CL4Nectar= 32.3222025530413
CL5Pollen= 5.99776061670855
CL5Nectar= 145.819721266162
CLDPollen= 0.338360607158393
CLDNectar= 0.341266847681254
CA13Pollen= 2.61260003158823
CA13Nectar= 54.8910044133663
CA410Pollen= 2.90720333780628
CA410Nectar= 148.160561639816
CA1120Pollen= 1.99247613432817
CA1120Nectar= 44.2938162945211
IPollenTrips= 14.0749903977849
INectarTrips= 8.18208479089662
IPollenLoad= 6.58943563234061
INectarLoad= 3.4988901973702
