ICQueenStrength= 3.25624851696193
RQWkrDrnRatio= 1.62031083367765
ICDroneMiteSurvivorship= 24.5138325029984
ICWorkerMiteSurvivorship= 63.1025805370882
ICForagerLifespan= 4.22709975671023
ImmType= Sine
RQQueenStrength= 1.61719242669642
RQEnableReQueen=true
AIAdultSlope= 3.03182672150433
AIAdultLD50= 0.0819825199097395
AIAdultSlopeContact= 7.26433968078345
AIAdultLD50Contact= 1.43791990155331
AILarvaSlope= 4.35630789212883
AILarvaLD50= 63.9305979908705
AIKOW= 34530.2548769499
AIKOC= 69015.2843475137
AIHalfLife= 6.26661063453648
EAppRate= 0.0121646424846258
FoliarEnabled=true
FoliarAppDate= 07/01/1989
FoliarForageBegin= 07/01/1989
FoliarForageEnd= 07/14/1989
AIContactFactor= 0.308756330562755
CL4Pollen= 3.83700180612504
CL4Nectar= 19.9930540984496
CL5Pollen= 5.86927642207593
CL5Nectar= 44.2580925067887
CLDPollen= 0.123099070508033
CLDNectar= 88.9125002897345
CA13Pollen= 4.39842337537557
CA13Nectar= 53.7358647584915
CA410Pollen= 6.44988041059114
CA410Nectar= 76.2019415618852
CA1120Pollen= 2.97430690820329
CA1120Nectar= 82.5414039380848
IPollenTrips= 7.70743306260556
INectarTrips= 5.26388199301437
IPollenLoad= 6.87979518203065
INectarLoad= 8.67378028808162
