ICQueenStrength= 3.42315652198158
RQWkrDrnRatio= 2.06279792357236
ICDroneMiteSurvivorship= 95.6482943845913
ICWorkerMiteSurvivorship= 27.5165237719193
ICForagerLifespan= 15.5730696059763
ImmType= Tangent
RQQueenStrength= 2.03434408199973
RQEnableReQueen= true
AIAdultSlope= 7.55344606935978
AIAdultLD50= 0.038760683278786
AIAdultSlopeContact= 3.60377853689715
AIAdultLD50Contact= 17.249327071449
AILarvaSlope= 7.74288869090378
AILarvaLD50= 41.4594982332897
AIKOW= 98272.4651326357
AIKOC= 82323.1747191066
AIHalfLife= 8.3868078404339
EAppRate= 6.64706971417507
FoliarEnabled= true
FoliarAppDate= 09/01/1989
FoliarForageBegin= 09/01/1989
FoliarForageEnd= 09/08/1989
AIContactFactor= 0.483885979116894
CL4Pollen= 0.572718515060842
CL4Nectar= 16.0780291771516
CL5Pollen= 0.884340313263237
CL5Nectar= 20.2503736596555
CLDPollen= 1.64728193543851
CLDNectar= 77.9298902023584
CA13Pollen= 6.87753525543958
CA13Nectar= 87.072916124016
CA410Pollen= 7.07989531976636
CA410Nectar= 194.523030193523
CA1120Pollen= 1.94292436097749
CA1120Nectar= 31.7150576785207
IPollenTrips= 14.0711049339734
INectarTrips= 11.9048010814004
IPollenLoad= 1.29506074124947
INectarLoad= 2.74161090375856
