ICQueenStrength= 4.79344798158854
RQWkrDrnRatio= 2.84529914427549
ICDroneMiteSurvivorship= 33.8422110071406
ICWorkerMiteSurvivorship= 96.7329544015229
ICForagerLifespan= 4.28783459123224
ImmType= Polynomial
RQQueenStrength= 4.72482444276102
RQEnableReQueen= true
AIAdultSlope= 4.65728774666786
AIAdultLD50= 37.7824250029449
AIAdultSlopeContact= 2.77081951219589
AIAdultLD50Contact= 34.7014262761064
AILarvaSlope= 8.60891202092171
AILarvaLD50= 59.6824722462213
AIKOW= 60863.8452852266
AIKOC= 19877.9787051082
AIHalfLife= 32.1905438920716
EAppRate= 8.45439409582666
FoliarEnabled= true
FoliarAppDate= 06/07/1989
FoliarForageBegin= 06/05/1989
FoliarForageEnd= 06/28/1989
AIContactFactor= 1.42517795865424
CL4Pollen= 0.869952133856714
CL4Nectar= 37.0580831775442
CL5Pollen= 3.05680654384196
CL5Nectar= 82.6606604503468
CLDPollen= 3.12141867214814
CLDNectar= 62.0867624063976
CA13Pollen= 5.85946977958083
CA13Nectar= 62.732496522367
CA410Pollen= 3.87275827387348
CA410Nectar= 36.5089875180274
CA1120Pollen= 1.22011170792393
CA1120Nectar= 78.6293285898864
IPollenTrips= 12.4290062719956
INectarTrips= 13.5915457527153
IPollenLoad= 0.967603914905339
INectarLoad= 3.78868681611493
ESoilP= 1.76053714123555
ESoilFoc= 0.0059972150628455
