ICQueenStrength= 4.99056065012701
RQWkrDrnRatio= 2.78689044341445
ICDroneMiteSurvivorship= 4.09493099432439
ICWorkerMiteSurvivorship= 96.8742209952325
ICForagerLifespan= 14.6937495833263
ImmType= Cosine
RQQueenStrength= 4.70738830766641
RQEnableReQueen= true
AIAdultSlope= 2.89041138626635
AIAdultLD50= 81.7560791685872
AIAdultSlopeContact= 9.45783020975068
AIAdultLD50Contact= 69.7700496016692
AILarvaSlope= 3.79456366412342
AILarvaLD50= 78.8482497608848
AIKOW= 37512.2881350738
AIKOC= 83206.2431596166
AIHalfLife= 23.2071988312295
EAppRate= 7.72183115452644
FoliarEnabled= true
FoliarAppDate= 06/07/1989
FoliarForageBegin= 06/05/1989
FoliarForageEnd= 06/28/1989
AIContactFactor= 2.19312629641499
CL4Pollen= 3.65355371776968
CL4Nectar= 93.4908352093771
CL5Pollen= 0.380953738465905
CL5Nectar= 130.832159367856
CLDPollen= 2.1798472199589
CLDNectar= 48.854348086752
CA13Pollen= 3.41196163631976
CA13Nectar= 45.2614242397249
CA410Pollen= 4.17717001561541
CA410Nectar= 67.2196687757969
CA1120Pollen= 0.487254083622247
CA1120Nectar= 24.5842421613634
IPollenTrips= 7.17239071847871
INectarTrips= 11.1039375537075
IPollenLoad= 6.6326644201763
INectarLoad= 9.10399594577029
