ICQueenStrength= 1.68826604867354
RQWkrDrnRatio= 4.60805474221706
ICDroneMiteSurvivorship= 11.1867717234418
ICWorkerMiteSurvivorship= 34.2837631935254
ICForagerLifespan= 5.91099470295012
ImmType= Logarithmic
RQQueenStrength= 3.06726947566494
RQEnableReQueen= true
AIAdultSlope= 8.68055392056704
AIAdultLD50= 58.9711370630811
AIAdultSlopeContact= 5.9778272358235
AIAdultLD50Contact= 55.4762184622183
AILarvaSlope= 5.05210375785828
AILarvaLD50= 94.7364076906417
AIKOW= 74868.1066776782
AIKOC= 71359.5660891316
AIHalfLife= 28.3633422991494
EAppRate= 5.34559181961627
FoliarEnabled= true
FoliarAppDate= 06/07/1989
FoliarForageBegin= 06/05/1989
FoliarForageEnd= 06/28/1989
AIContactFactor= 0.836800882983953
CL4Pollen= 1.74732291419059
CL4Nectar= 30.9091060888022
CL5Pollen= 5.15557168889791
CL5Nectar= 131.486737425439
CLDPollen= 2.5532013005577
CLDNectar= 66.1492287763394
CA13Pollen= 5.30884165856987
CA13Nectar= 32.294745054096
CA410Pollen= 6.86428417703137
CA410Nectar= 22.5200860342011
CA1120Pollen= 0.170817868318409
CA1120Nectar= 41.3718721270561
IPollenTrips= 14.5565266022459
INectarTrips= 9.87616389989853
IPollenLoad= 6.9386657862924
INectarLoad= 2.96267655212432
