ICQueenStrength= 2.06415645917878
RQWkrDrnRatio= 3.96469438076019
ICDroneMiteSurvivorship= 57.0205664029345
ICWorkerMiteSurvivorship= 25.2120190067217
ICForagerLifespan= 5.19814430642873
ImmType= Polynomial
RQQueenStrength= 1.63939851243049
RQEnableReQueen= true
AIAdultSlope= 2.57682666741312
AIAdultLD50= 23.6348123505325
AIAdultSlopeContact= 2.87867265380919
AIAdultLD50Contact= 65.2645527131436
AILarvaSlope= 3.37993892095983
AILarvaLD50= 30.9327145914978
AIKOW= 62581.5517667455
AIKOC= 79262.6541739162
AIHalfLife= 33.8854466627352
EAppRate= 3.60334581155702
FoliarEnabled= true
FoliarAppDate= 06/07/1989
FoliarForageBegin= 06/05/1989
FoliarForageEnd= 06/28/1989
AIContactFactor= 1.79462441714946
CL4Pollen= 3.43635716754943
CL4Nectar= 79.6117488760501
CL5Pollen= 1.90278059151024
CL5Nectar= 29.9814708530903
CLDPollen= 0.929170017130673
CLDNectar= 73.9054646110162
CA13Pollen= 5.59489575335756
CA13Nectar= 81.6783513873816
CA410Pollen= 5.53523839411791
CA410Nectar= 189.353441330604
CA1120Pollen= 1.31371076311916
CA1120Nectar= 93.2777654193342
IPollenTrips= 13.5079457610846
INectarTrips= 8.86940502794459
IPollenLoad= 8.15097706625238
INectarLoad= 9.37405344098806
