ICQueenStrength= 4.917096699588
RQWkrDrnRatio= 2.95262942649424
ICDroneMiteSurvivorship= 30.4033989785239
ICWorkerMiteSurvivorship= 4.4467217521742
ICForagerLifespan= 9.74331298004836
ImmType= Tangent
RQQueenStrength= 3.90517823654227
RQEnableReQueen= true
AIAdultSlope= 8.12924797832966
AIAdultLD50= 21.3038519275428
AIAdultSlopeContact= 5.66443663532846
AIAdultLD50Contact= 65.4473130222051
AILarvaSlope= 3.8708983771503
AILarvaLD50= 90.7145487170396
AIKOW= 57349.7219984785
AIKOC= 85453.3171936676
AIHalfLife= 5.65274037753697
EAppRate= 4.50357484228979
FoliarEnabled= true
FoliarAppDate= 06/07/1989
FoliarForageBegin= 06/05/1989
FoliarForageEnd= 06/28/1989
AIContactFactor= 0.523391184657812
CL4Pollen= 2.20207321457565
CL4Nectar= 0.461191707290709
CL5Pollen= 2.43785571679473
CL5Nectar= 56.2266983091831
CLDPollen= 3.88884038664401
CLDNectar= 148.602161358576
CA13Pollen= 3.65252052647993
CA13Nectar= 37.4184877797961
CA410Pollen= 9.04671959972475
CA410Nectar= 95.7865400798619
CA1120Pollen= 0.606399295851588
CA1120Nectar= 40.0579472072423
IPollenTrips= 13.5202385322191
INectarTrips= 11.2993485340849
IPollenLoad= 6.27853301819414
INectarLoad= 9.50775472912937
