ICQueenStrength= 5.23019128036685
RQWkrDrnRatio= 4.00205895118415
ICDroneMiteSurvivorship= 22.3269065376371
ICWorkerMiteSurvivorship= 30.3664881037548
ICForagerLifespan= 8.54580769315362
ImmType= Cosine
RQQueenStrength= 1.33887126366608
RQEnableReQueen= true
AIAdultSlope= 5.74324221163988
AIAdultLD50= 0.401203677060315
AIAdultSlopeContact= 1.89257156848907
AIAdultLD50Contact= 47.9832116110229
AILarvaSlope= 3.79370824247599
AILarvaLD50= 43.1286784655151
AIKOW= 3078.08304849326
AIKOC= 96670.5999798309
AIHalfLife= 24.1578327628551
EAppRate= 9.04417559143947
FoliarEnabled= true
FoliarAppDate= 09/01/1989
FoliarForageBegin= 09/01/1989
FoliarForageEnd= 09/08/1989
AIContactFactor= 1.60259626171086
CL4Pollen= 2.00204273872077
CL4Nectar= 31.586436345242
CL5Pollen= 4.154119244311
CL5Nectar= 92.4675841466524
CLDPollen= 2.11423317622393
CLDNectar= 106.579699704889
CA13Pollen= 5.81123985610902
CA13Nectar= 73.7307835370302
CA410Pollen= 8.30778694848996
CA410Nectar= 126.079723727889
CA1120Pollen= 0.972464373568073
CA1120Nectar= 68.5332503914833
IPollenTrips= 11.2431250605732
INectarTrips= 13.5569655918516
IPollenLoad= 4.76028591394424
INectarLoad= 7.50647187931463
