ICQueenStrength= 2.54765497311018
RQWkrDrnRatio= 3.04084364045411
ICDroneMiteSurvivorship= 92.9993512574583
ICWorkerMiteSurvivorship= 32.044746610336
ICForagerLifespan= 6.51643604505807
ImmType= Logarithmic
RQQueenStrength= 5.31534698000178
RQEnableReQueen= true
AIAdultSlope= 8.22845558263361
AIAdultLD50= 5.2090709982703
AIAdultSlopeContact= 2.20696984557435
AIAdultLD50Contact= 21.5451417593751
AILarvaSlope= 8.5530563518405
AILarvaLD50= 69.3011003129387
AIKOW= 93464.236754712
AIKOC= 7985.23904369469
AIHalfLife= 32.3011936854105
EAppRate= 0.536675877694273
FoliarEnabled= true
FoliarAppDate= 06/07/1989
FoliarForageBegin= 06/05/1989
FoliarForageEnd= 06/28/1989
AIContactFactor= 2.00166361051146
CL4Pollen= 0.970301630906761
CL4Nectar= 73.9181867800653
CL5Pollen= 0.87527475412935
CL5Nectar= 15.0650683790445
CLDPollen= 2.95052491407841
CLDNectar= 33.2797248847783
CA13Pollen= 3.30461734328419
CA13Nectar= 80.507649295032
CA410Pollen= 5.18603693952318
CA410Nectar= 77.8842482017353
CA1120Pollen= 0.307269604643807
CA1120Nectar= 33.7061961367726
IPollenTrips= 11.4353279932402
INectarTrips= 14.25765783526
IPollenLoad= 7.90552172577009
INectarLoad= 3.81661197869107
ESoilP= 1.96021558716893
ESoilFoc= 0.0127017832235433
