ICQueenStrength= 2.19060014933348
RQWkrDrnRatio= 4.2247260203585
ICDroneMiteSurvivorship= 87.4884505756199
ICWorkerMiteSurvivorship= 67.0063180848956
ICForagerLifespan= 11.9063345883042
ImmType= Cosine
RQQueenStrength= 1.26817745808512
RQEnableReQueen=true
AIAdultSlope= 7.67351959086955
AIAdultLD50= 0.467768508953275
AIAdultSlopeContact= 9.05050108069554
AIAdultLD50Contact= 34.8729371591522
AILarvaSlope= 8.5824156422168
AILarvaLD50= 63.7098923707011
AIKOW= 76632.2607492024
AIKOC= 91379.8843125934
AIHalfLife= 9.84603772172704
EAppRate= 6.80290333225648
FoliarEnabled=true
FoliarAppDate= 07/01/1989
FoliarForageBegin= 07/01/1989
FoliarForageEnd= 07/14/1989
AIContactFactor= 1.99459063493181
CL4Pollen= 2.43130490742624
CL4Nectar= 99.5929900556803
CL5Pollen= 5.46256345091388
CL5Nectar= 85.3449029149488
CLDPollen= 0.916675941087306
CLDNectar= 40.2338278479874
CA13Pollen= 4.58469793973491
CA13Nectar= 68.9576894417405
CA410Pollen= 9.39696856385563
CA410Nectar= 119.483163920231
CA1120Pollen= 0.16331181046553
CA1120Nectar= 88.4191662818193
IPollenTrips= 6.51872819056734
INectarTrips= 5.13982759555802
IPollenLoad= 4.84771497547626
INectarLoad= 9.29903023177758
