ICQueenStrength= 4.36871473817155
RQWkrDrnRatio= 2.9675810765475
ICDroneMiteSurvivorship= 90.4645676724613
ICWorkerMiteSurvivorship= 76.5388977946714
ICForagerLifespan= 6.00409439019859
ImmType= Tangent
RQQueenStrength= 4.63670075428672
RQEnableReQueen= true
AIAdultSlope= 7.66588350012898
AIAdultLD50= 16.3171692253454
AIAdultSlopeContact= 3.14584828587249
AIAdultLD50Contact= 3.30057170948782
AILarvaSlope= 4.91822061128914
AILarvaLD50= 19.969403492827
AIKOW= 16387.5620139931
AIKOC= 31130.6116746936
AIHalfLife= 18.7945252828533
EAppRate= 5.79312988502393
FoliarEnabled= true
FoliarAppDate= 06/07/1989
FoliarForageBegin= 06/05/1989
FoliarForageEnd= 06/28/1989
AIContactFactor= 1.82769767441787
CL4Pollen= 0.185986446216702
CL4Nectar= 54.6327695250511
CL5Pollen= 5.31443464569747
CL5Nectar= 114.195353386458
CLDPollen= 0.783866688609123
CLDNectar= 33.1453285063617
CA13Pollen= 5.35068038506433
CA13Nectar= 66.9713834114373
CA410Pollen= 8.62418418324087
CA410Nectar= 106.045252331533
CA1120Pollen= 0.98681364278309
CA1120Nectar= 82.2523440606892
IPollenTrips= 12.8998043201864
INectarTrips= 6.01987453876063
IPollenLoad= 9.86189076444134
INectarLoad= 7.49117750674486
ESoilP= 1.20995811885223
ESoilFoc= 0.0102604780979455
