ICQueenStrength= 5.00087396265008
RQWkrDrnRatio= 1.02571029309183
ICDroneMiteSurvivorship= 93.7948287231848
ICWorkerMiteSurvivorship= 30.4691656026989
ICForagerLifespan= 8.67979657836258
ImmType= Polynomial
RQQueenStrength= 1.36999950418249
RQEnableReQueen= true
AIAdultSlope= 2.98090605065227
AIAdultLD50= 21.8384583355447
AIAdultSlopeContact= 1.87396716955118
AIAdultLD50Contact= 78.0199956250004
AILarvaSlope= 7.3550118394196
AILarvaLD50= 5.32089103419124
AIKOW= 59522.5894322892
AIKOC= 12615.2328645582
AIHalfLife= 21.6371486206539
EAppRate= 9.40057412190409
FoliarEnabled= true
FoliarAppDate= 06/07/1989
FoliarForageBegin= 06/05/1989
FoliarForageEnd= 06/28/1989
AIContactFactor= 1.18969846542459
CL4Pollen= 2.46494839899242
CL4Nectar= 52.3036782164127
CL5Pollen= 1.21302195545286
CL5Nectar= 115.297497727443
CLDPollen= 3.13980284705758
CLDNectar= 96.981486689765
CA13Pollen= 7.24838482616469
CA13Nectar= 48.5039386712015
CA410Pollen= 3.61882566185668
CA410Nectar= 96.7939918255433
CA1120Pollen= 2.33132985932752
CA1120Nectar= 42.2155277058482
IPollenTrips= 14.4271011673845
INectarTrips= 8.78008783096448
IPollenLoad= 1.84831378282979
INectarLoad= 8.7480645836331
ESoilP= 1.59190896316431
ESoilFoc= 0.00424615047103725
