ICQueenStrength= 1.63629698706791
RQWkrDrnRatio= 4.58671103790402
ICDroneMiteSurvivorship= 43.7875752337277
ICWorkerMiteSurvivorship= 31.1055043479428
ICForagerLifespan= 12.7375302910805
ImmType= Sine
RQQueenStrength= 4.07228468940593
RQEnableReQueen= true
AIAdultSlope= 7.03319114632905
AIAdultLD50= 28.6006244622392
AIAdultSlopeContact= 3.90083850570954
AIAdultLD50Contact= 23.8978094181239
AILarvaSlope= 3.87693612836301
AILarvaLD50= 25.134006119824
AIKOW= 26483.2575514921
AIKOC= 35499.9098660145
AIHalfLife= 34.3960169354687
EAppRate= 4.06627371229976
FoliarEnabled= true
FoliarAppDate= 06/07/1989
FoliarForageBegin= 06/05/1989
FoliarForageEnd= 06/28/1989
AIContactFactor= 0.698104757741094
CL4Pollen= 3.25381770916283
CL4Nectar= 1.67665451299399
CL5Pollen= 2.93619170319289
CL5Nectar= 129.169722658116
CLDPollen= 2.67297512618825
CLDNectar= 58.9370223577134
CA13Pollen= 7.26731839291751
CA13Nectar= 30.2551645413041
CA410Pollen= 5.47267975618597
CA410Nectar= 41.6599122295156
CA1120Pollen= 2.83934879419394
CA1120Nectar= 26.3012128695846
IPollenTrips= 7.39680081838742
INectarTrips= 5.82474463619292
IPollenLoad= 4.28315971279517
INectarLoad= 4.75373284658417
ESoilP= 1.3824923899956
ESoilFoc= 0.0153783380233217
