ICQueenStrength= 4.5319908533711
RQWkrDrnRatio= 3.59727831743658
ICDroneMiteSurvivorship= 99.0738193970174
ICWorkerMiteSurvivorship= 79.3918506707996
ICForagerLifespan= 13.012921907939
ImmType= Polynomial
RQQueenStrength= 5.128925424302
RQEnableReQueen= true
AIAdultSlope= 5.19103482924402
AIAdultLD50= 50.5968133387922
AIAdultSlopeContact= 1.94311947794631
AIAdultLD50Contact= 64.4793115363477
AILarvaSlope= 8.43724868260324
AILarvaLD50= 69.2713998017197
AIKOW= 32993.1428141959
AIKOC= 28639.2435784917
AIHalfLife= 16.2164172347402
EAppRate= 5.74776100585982
FoliarEnabled= true
FoliarAppDate= 06/07/1989
FoliarForageBegin= 06/05/1989
FoliarForageEnd= 06/28/1989
AIContactFactor= 1.9196205506986
CL4Pollen= 2.4375585000962
CL4Nectar= 45.7915694685653
CL5Pollen= 4.19287001900375
CL5Nectar= 78.4206569194794
CLDPollen= 1.3914270051755
CLDNectar= 91.0146444453858
CA13Pollen= 3.31141845164821
CA13Nectar= 29.2858314327896
CA410Pollen= 6.78781640240923
CA410Nectar= 157.417958662845
CA1120Pollen= 1.87880016840063
CA1120Nectar= 57.7280699461699
IPollenTrips= 14.8471115808934
INectarTrips= 6.59294591518119
IPollenLoad= 1.33778185583651
INectarLoad= 2.48337785713375
ESoilP= 1.71574395126663
ESoilFoc= 0.00932251432817429
