ICQueenStrength= 3.2721128212288
RQWkrDrnRatio= 3.25159886758775
ICDroneMiteSurvivorship= 33.9545321650803
ICWorkerMiteSurvivorship= 59.4011139357463
ICForagerLifespan= 8.25264828279614
ImmType= Cosine
RQQueenStrength= 1.14909902820364
RQEnableReQueen= true
AIAdultSlope= 8.28861228190362
AIAdultLD50= 31.2725183210289
AIAdultSlopeContact= 6.96878512902185
AIAdultLD50Contact= 47.4146372980243
AILarvaSlope= 5.64494379237294
AILarvaLD50= 29.9473723786729
AIKOW= 68102.684011635
AIKOC= 81548.0156137189
AIHalfLife= 1.67951924179215
EAppRate= 2.92339926605113
FoliarEnabled= true
FoliarAppDate= 06/07/1989
FoliarForageBegin= 06/05/1989
FoliarForageEnd= 06/28/1989
AIContactFactor= 0.927361771180294
CL4Pollen= 1.58508669957519
CL4Nectar= 13.3034368278459
CL5Pollen= 5.06087182788178
CL5Nectar= 93.2134018396027
CLDPollen= 0.665517659392208
CLDNectar= 83.179759606719
CA13Pollen= 6.24401416750625
CA13Nectar= 20.1898834481835
CA410Pollen= 3.55221170452423
CA410Nectar= 101.342653199099
CA1120Pollen= 2.49427297362126
CA1120Nectar= 52.0882832445204
IPollenTrips= 6.14442959427834
INectarTrips= 10.4116925154813
IPollenLoad= 3.29553674208
INectarLoad= 7.85285149468109
