ICQueenStrength= 5.2238794954028
RQWkrDrnRatio= 4.3931406326592
ICDroneMiteSurvivorship= 46.8070657458156
ICWorkerMiteSurvivorship= 38.0884393118322
ICForagerLifespan= 6.00208746641874
ImmType= Exponential
RQQueenStrength= 4.49028099328279
RQEnableReQueen= true
AIAdultSlope= 4.07465730421245
AIAdultLD50= 67.8401142988321
AIAdultSlopeContact= 1.29331875662319
AIAdultLD50Contact= 55.7010851900396
AILarvaSlope= 7.42019795626402
AILarvaLD50= 23.9946406190221
AIKOW= 98545.2489985178
AIKOC= 76378.3626146023
AIHalfLife= 31.9583918666467
EAppRate= 1.45616055189003
FoliarEnabled= true
FoliarAppDate= 06/07/1989
FoliarForageBegin= 06/05/1989
FoliarForageEnd= 06/28/1989
AIContactFactor= 0.697899983343668
CL4Pollen= 2.35708145424724
CL4Nectar= 90.0463450001553
CL5Pollen= 4.3268505348824
CL5Nectar= 98.530875693541
CLDPollen= 2.2151331435889
CLDNectar= 93.0820471141487
CA13Pollen= 7.71239640358835
CA13Nectar= 28.9140020869672
CA410Pollen= 3.02917748168111
CA410Nectar= 180.039673242718
CA1120Pollen= 2.1585180752445
CA1120Nectar= 26.9303612783551
IPollenTrips= 10.0949269440025
INectarTrips= 8.9384641032666
IPollenLoad= 7.24685117369518
INectarLoad= 1.99853166006505
