ICQueenStrength= 1.38651951239444
RQWkrDrnRatio= 4.87910270597786
ICDroneMiteSurvivorship= 69.9097977019846
ICWorkerMiteSurvivorship= 39.8080517305061
ICForagerLifespan= 10.7418050467968
ImmType= Exponential
RQQueenStrength= 1.21510611055419
RQEnableReQueen= true
AIAdultSlope= 7.46941789612174
AIAdultLD50= 1.54973947181762
AIAdultSlopeContact= 6.70632979087532
AIAdultLD50Contact= 44.2837668857353
AILarvaSlope= 6.68646520003676
AILarvaLD50= 32.4870193585372
AIKOW= 74249.3546008642
AIKOC= 94089.2888618747
AIHalfLife= 22.537105188705
EAppRate= 7.32321081850166
FoliarEnabled= true
FoliarAppDate= 06/07/1989
FoliarForageBegin= 06/05/1989
FoliarForageEnd= 06/28/1989
AIContactFactor= 1.06605165774003
CL4Pollen= 1.58659907896072
CL4Nectar= 80.8113951934502
CL5Pollen= 1.61286395229399
CL5Nectar= 85.3146421490237
CLDPollen= 1.95018858276308
CLDNectar= 45.0170270400122
CA13Pollen= 6.00916429916397
CA13Nectar= 99.3348291702569
CA410Pollen= 3.87271226397716
CA410Nectar= 127.105274014175
CA1120Pollen= 2.63310208171606
CA1120Nectar= 21.8892246112227
IPollenTrips= 12.2336848662235
INectarTrips= 9.91839139955118
IPollenLoad= 4.985181982629
INectarLoad= 2.93260214617476
ESoilP= 1.10828691744246
ESoilFoc= 0.0194233324970119
