ICQueenStrength= 5.57872476428747
RQWkrDrnRatio= 3.54578279703856
ICDroneMiteSurvivorship= 77.0087774610147
ICWorkerMiteSurvivorship= 69.8929597390816
ICForagerLifespan= 6.67981025390327
ImmType= Cosine
RQQueenStrength= 5.67178716673516
RQEnableReQueen= true
AIAdultSlope= 5.83356809429824
AIAdultLD50= 29.9487706058379
AIAdultSlopeContact= 2.74166447855532
AIAdultLD50Contact= 50.6394544012125
AILarvaSlope= 7.16624966822565
AILarvaLD50= 8.8653444877807
AIKOW= 13821.8733745691
AIKOC= 3509.65519207437
AIHalfLife= 2.39760690093972
EAppRate= 9.7873468983327
FoliarEnabled= true
FoliarAppDate= 06/07/1989
FoliarForageBegin= 06/05/1989
FoliarForageEnd= 06/28/1989
AIContactFactor= 0.67917565939948
CL4Pollen= 2.4866655645892
CL4Nectar= 81.5496048890054
CL5Pollen= 5.70509870583192
CL5Nectar= 76.1669183964841
CLDPollen= 2.6988915419206
CLDNectar= 148.133396962658
CA13Pollen= 3.05088976100087
CA13Nectar= 89.2796025797725
CA410Pollen= 7.28942647990771
CA410Nectar= 34.0022194059566
CA1120Pollen= 2.0037232444156
CA1120Nectar= 69.7361355833709
IPollenTrips= 6.67974409181625
INectarTrips= 8.16116877598688
IPollenLoad= 7.84088037908077
INectarLoad= 3.56835735496134
