ICQueenStrength= 2.45890505984426
RQWkrDrnRatio= 1.11451233830303
ICDroneMiteSurvivorship= 27.9607486445457
ICWorkerMiteSurvivorship= 59.8064154619351
ICForagerLifespan= 15.5380433872342
ImmType= Cosine
RQQueenStrength= 2.48716642986983
RQEnableReQueen= true
AIAdultSlope= 4.47061560116708
AIAdultLD50= 53.2512619772665
AIAdultSlopeContact= 2.47978333430365
AIAdultLD50Contact= 96.1086932411473
AILarvaSlope= 5.86754545196891
AILarvaLD50= 93.8920924056454
AIKOW= 90264.8844013924
AIKOC= 38232.8981075797
AIHalfLife= 10.8518509561894
EAppRate= 4.58760703391442
FoliarEnabled= true
FoliarAppDate= 06/07/1989
FoliarForageBegin= 06/05/1989
FoliarForageEnd= 06/28/1989
AIContactFactor= 2.11475726291537
CL4Pollen= 0.355828437954187
CL4Nectar= 14.0399654163048
CL5Pollen= 4.57044619135559
CL5Nectar= 7.35385806765407
CLDPollen= 4.28608877817169
CLDNectar= 111.640450742561
CA13Pollen= 4.85889535611495
CA13Nectar= 56.6087985597551
CA410Pollen= 4.01740287039429
CA410Nectar= 148.399214413948
CA1120Pollen= 2.63167717284523
CA1120Nectar= 24.0423043631017
IPollenTrips= 7.52629320602864
INectarTrips= 14.589912830852
IPollenLoad= 3.45710881520063
INectarLoad= 5.00657630851492
