ICQueenStrength= 4.48811115138233
RQWkrDrnRatio= 3.68091059569269
ICDroneMiteSurvivorship= 75.447862688452
ICWorkerMiteSurvivorship= 54.7808005474508
ICForagerLifespan= 6.09645627997816
ImmType= Polynomial
RQQueenStrength= 5.50542147736996
RQEnableReQueen= true
AIAdultSlope= 6.25249328650534
AIAdultLD50= 84.4376972649472
AIAdultSlopeContact= 7.18589736544527
AIAdultLD50Contact= 32.7072731986435
AILarvaSlope= 2.39374025911093
AILarvaLD50= 62.4925864737607
AIKOW= 69624.0772135465
AIKOC= 92516.0656999203
AIHalfLife= 0.320241023832932
EAppRate= 5.68164219522034
FoliarEnabled= true
FoliarAppDate= 06/07/1989
FoliarForageBegin= 06/05/1989
FoliarForageEnd= 06/28/1989
AIContactFactor= 0.357841401011683
CL4Pollen= 3.42962495423853
CL4Nectar= 88.2351831067353
CL5Pollen= 4.40535264322534
CL5Nectar= 112.077827181201
CLDPollen= 2.73458636552095
CLDNectar= 42.8212599945255
CA13Pollen= 2.90232670754194
CA13Nectar= 85.150077752769
CA410Pollen= 5.37009105354082
CA410Nectar= 105.714555992745
CA1120Pollen= 2.9824469704181
CA1120Nectar= 46.0191549919546
IPollenTrips= 14.0282378369011
INectarTrips= 14.0847462625243
IPollenLoad= 7.91432325495407
INectarLoad= 8.47623507026583
