ICQueenStrength= 2.91569291055202
RQWkrDrnRatio= 3.06507357954979
ICDroneMiteSurvivorship= 23.1521491892636
ICWorkerMiteSurvivorship= 62.8650484373793
ICForagerLifespan= 5.06268186308444
ImmType= Polynomial
RQQueenStrength= 4.50977665628307
RQEnableReQueen= true
AIAdultSlope= 8.50140906497836
AIAdultLD50= 59.6108567476834
AIAdultSlopeContact= 9.96641190140508
AIAdultLD50Contact= 89.2999741870922
AILarvaSlope= 8.95015127584338
AILarvaLD50= 74.1830657795002
AIKOW= 64883.2179099658
AIKOC= 49683.6001972032
AIHalfLife= 4.60541571876965
EAppRate= 0.761711378947599
FoliarEnabled= true
FoliarAppDate= 06/07/1989
FoliarForageBegin= 06/05/1989
FoliarForageEnd= 06/28/1989
AIContactFactor= 1.47696225831285
CL4Pollen= 2.49032207205892
CL4Nectar= 29.0930062299594
CL5Pollen= 3.02927070530131
CL5Nectar= 63.7647975236177
CLDPollen= 5.29405842069536
CLDNectar= 88.9717830810696
CA13Pollen= 4.32963825790211
CA13Nectar= 93.3478208445013
CA410Pollen= 5.02040375517681
CA410Nectar= 133.949311901815
CA1120Pollen= 0.0978231292683631
CA1120Nectar= 52.8628428466618
IPollenTrips= 13.9069158630446
INectarTrips= 14.0243925806135
IPollenLoad= 5.5240045953542
INectarLoad= 4.3906063772738
