ICQueenStrength= 2.7666361364536
RQWkrDrnRatio= 2.1602087141946
ICDroneMiteSurvivorship= 16.1519892746583
ICWorkerMiteSurvivorship= 15.910627041012
ICForagerLifespan= 12.1522758938372
ImmType= Logarithmic
AIAdultSlope= 3.50403781474102
AIAdultLD50= 0.18186918925494
AIAdultSlopeContact= 3.84839464519406
AIAdultLD50Contact= 0.0429582955897786
AILarvaSlope= 1.27753706844524
AILarvaLD50= 0.486015983903781
AIKOW= 3.50564608443528
AIKOC= 29.1727805812843
AIHalfLife= 2.57389755190816
EAppRate= 4.00332703255117
FoliarEnabled= true
