ICQueenStrength= 1.39681329508312
RQWkrDrnRatio= 3.58410355821252
ICDroneMiteSurvivorship= 83.0865607596934
ICWorkerMiteSurvivorship= 9.77011520881206
ICForagerLifespan= 7.34860535617918
ImmType= Polynomial
RQQueenStrength= 2.41515643917955
RQEnableReQueen= true
AIAdultSlope= 1.74413872137666
AIAdultLD50= 18.3201236089366
AIAdultSlopeContact= 7.75361064309254
AIAdultLD50Contact= 39.9025233445642
AILarvaSlope= 5.28797693923116
AILarvaLD50= 45.6506332640699
AIKOW= 55897.2319918677
AIKOC= 1817.76332602021
AIHalfLife= 11.6149040120887
EAppRate= 8.59477690632525
FoliarEnabled= true
FoliarAppDate= 06/07/1989
FoliarForageBegin= 06/05/1989
FoliarForageEnd= 06/28/1989
AIContactFactor= 1.57888148204889
CL4Pollen= 1.72651651129127
CL4Nectar= 73.3721366384998
CL5Pollen= 0.52008826425299
CL5Nectar= 22.9565446148627
CLDPollen= 3.47486192593351
CLDNectar= 133.582162612583
CA13Pollen= 7.20503247883171
CA13Nectar= 47.2764024697244
CA410Pollen= 3.55749748356175
CA410Nectar= 64.3226550938562
CA1120Pollen= 2.37217739922926
CA1120Nectar= 45.6798081845045
IPollenTrips= 9.5601799711585
INectarTrips= 9.57362750545144
IPollenLoad= 6.80419735144824
INectarLoad= 4.58859639242291
