ICQueenStrength= 5.24878331483342
RQWkrDrnRatio= 3.80638954229653
ICDroneMiteSurvivorship= 69.3150913575664
ICWorkerMiteSurvivorship= 87.3348336201161
ICForagerLifespan= 11.2158463075757
ImmType= Polynomial
RQQueenStrength= 3.25467088748701
RQEnableReQueen= true
AIAdultSlope= 6.52959575690329
AIAdultLD50= 62.4723352531544
AIAdultSlopeContact= 4.08587579498999
AIAdultLD50Contact= 41.3875547262211
AILarvaSlope= 5.78491894342005
AILarvaLD50= 94.2480271793488
AIKOW= 64495.1155756678
AIKOC= 7724.10294954502
AIHalfLife= 11.7624210566515
EAppRate= 7.95946580367466
FoliarEnabled= true
FoliarAppDate= 06/07/1989
FoliarForageBegin= 06/05/1989
FoliarForageEnd= 06/28/1989
AIContactFactor= 1.3440103304293
CL4Pollen= 2.11729086562991
CL4Nectar= 27.1888811141253
CL5Pollen= 3.69192829728127
CL5Nectar= 18.5417318483815
CLDPollen= 1.09126541856676
CLDNectar= 22.7945475024171
CA13Pollen= 2.24192649200559
CA13Nectar= 34.4993666000664
CA410Pollen= 3.24605934398714
CA410Nectar= 185.900058541447
CA1120Pollen= 1.97050707950257
CA1120Nectar= 89.6667913161218
IPollenTrips= 7.70171893760562
INectarTrips= 7.4001203966327
IPollenLoad= 8.85833422886208
INectarLoad= 5.01870539970696
