ICQueenStrength= 3.87495784461498
RQWkrDrnRatio= 3.21562749519944
ICDroneMiteSurvivorship= 95.8579665282741
ICWorkerMiteSurvivorship= 1.47761385887861
ICForagerLifespan= 6.70030134450644
ImmType= Logarithmic
RQQueenStrength= 2.72104136203416
RQEnableReQueen= true
AIAdultSlope= 6.19369913451374
AIAdultLD50= 77.6380799586785
AIAdultSlopeContact= 5.93420828529634
AIAdultLD50Contact= 95.2962304994888
AILarvaSlope= 5.5853176843375
AILarvaLD50= 4.40707628751826
AIKOW= 96479.9899402617
AIKOC= 42615.7441361968
AIHalfLife= 23.83704702307
EAppRate= 5.87841962984018
FoliarEnabled= true
FoliarAppDate= 06/07/1989
FoliarForageBegin= 06/05/1989
FoliarForageEnd= 06/28/1989
AIContactFactor= 1.21692743535154
CL4Pollen= 0.275400447659194
CL4Nectar= 96.0467998869717
CL5Pollen= 4.60082900337875
CL5Nectar= 144.073194055818
CLDPollen= 5.89701186865568
CLDNectar= 12.5035352655686
CA13Pollen= 5.15722414180636
CA13Nectar= 47.9372486658394
CA410Pollen= 2.59073932156898
CA410Nectar= 163.231434221379
CA1120Pollen= 1.62859433703125
CA1120Nectar= 63.157328683883
IPollenTrips= 9.93648708797991
INectarTrips= 13.3006530907005
IPollenLoad= 9.57707566209137
INectarLoad= 0.588042323943228
