ICQueenStrength= 3.93386950157583
RQWkrDrnRatio= 1.88246599584818
ICDroneMiteSurvivorship= 28.0287536326796
ICWorkerMiteSurvivorship= 19.1708941245452
ICForagerLifespan= 9.36622437741607
ImmType= Exponential
RQQueenStrength= 5.29263142403215
RQEnableReQueen= true
AIAdultSlope= 2.48427682556212
AIAdultLD50= 0.808191432189662
AIAdultSlopeContact= 9.75699080713093
AIAdultLD50Contact= 75.3628937448929
AILarvaSlope= 1.97950825281441
AILarvaLD50= 50.4146308630437
AIKOW= 15869.161820487
AIKOC= 87589.0578495425
AIHalfLife= 25.2642565971706
EAppRate= 2.31382885843515
FoliarEnabled= true
FoliarAppDate= 09/01/1989
FoliarForageBegin= 09/01/1989
FoliarForageEnd= 09/08/1989
AIContactFactor= 1.35045300020836
CL4Pollen= 2.08315983694047
CL4Nectar= 64.7310409462079
CL5Pollen= 1.26155835483223
CL5Nectar= 43.2707113679498
CLDPollen= 5.4095475752838
CLDNectar= 88.4689684957266
CA13Pollen= 7.92069869749248
CA13Nectar= 41.8175782822073
CA410Pollen= 8.82910693641752
CA410Nectar= 117.571617970243
CA1120Pollen= 0.786053799558431
CA1120Nectar= 39.3475645594299
IPollenTrips= 11.0526795918122
INectarTrips= 9.62252082535997
IPollenLoad= 5.61535481130704
INectarLoad= 1.39502183767036
