ICQueenStrength= 2.34090415318497
RQWkrDrnRatio= 3.11892693955451
ICDroneMiteSurvivorship= 40.810272237286
ICWorkerMiteSurvivorship= 73.6862897872925
ICForagerLifespan= 6.60512087214738
ImmType= Polynomial
RQQueenStrength= 2.74220047192648
RQEnableReQueen= true
AIAdultSlope= 3.11923196166754
AIAdultLD50= 43.7907685973328
AIAdultSlopeContact= 5.72814387711696
AIAdultLD50Contact= 47.1419437925634
AILarvaSlope= 8.60886036977172
AILarvaLD50= 73.5046995980355
AIKOW= 421.23537714547
AIKOC= 7265.28739682585
AIHalfLife= 31.6276933462825
EAppRate= 4.16763160696114
FoliarEnabled= true
FoliarAppDate= 06/07/1989
FoliarForageBegin= 06/05/1989
FoliarForageEnd= 06/28/1989
AIContactFactor= 2.07934263100848
CL4Pollen= 2.2819828344509
CL4Nectar= 6.41451366245747
CL5Pollen= 5.2725989324972
CL5Nectar= 141.019201953895
CLDPollen= 1.29419923759997
CLDNectar= 7.45639015221968
CA13Pollen= 3.68507707891986
CA13Nectar= 80.820582434535
CA410Pollen= 2.55994239265565
CA410Nectar= 186.330561805516
CA1120Pollen= 1.02385495835915
CA1120Nectar= 94.8669878207147
IPollenTrips= 6.27503200434148
INectarTrips= 5.14158075908199
IPollenLoad= 4.34722925536335
INectarLoad= 8.31590819638222
