ICQueenStrength= 4.90001701191068
RQWkrDrnRatio= 3.77464375365525
ICDroneMiteSurvivorship= 33.0325817223638
ICWorkerMiteSurvivorship= 86.6675446508452
ICForagerLifespan= 12.5106433089823
ImmType= Polynomial
RQQueenStrength= 2.46112704882398
RQEnableReQueen= true
AIAdultSlope= 8.30818382836878
AIAdultLD50= 71.4383819895843
AIAdultSlopeContact= 7.57351446058601
AIAdultLD50Contact= 59.12563802163
AILarvaSlope= 7.50681560114026
AILarvaLD50= 41.5412698659229
AIKOW= 82002.2337441292
AIKOC= 4406.82706808951
AIHalfLife= 2.41664460992906
EAppRate= 0.672013221888105
FoliarEnabled= true
FoliarAppDate= 06/07/1989
FoliarForageBegin= 06/05/1989
FoliarForageEnd= 06/28/1989
AIContactFactor= 0.592701208801009
CL4Pollen= 3.18331377953291
CL4Nectar= 22.5266611436382
CL5Pollen= 5.65184457460418
CL5Nectar= 92.3804514692165
CLDPollen= 5.37762817321345
CLDNectar= 121.123685350176
CA13Pollen= 6.86361810127273
CA13Nectar= 53.6917017772794
CA410Pollen= 4.63977301688865
CA410Nectar= 80.8729283465073
CA1120Pollen= 1.33881003549322
CA1120Nectar= 51.3468519411981
IPollenTrips= 7.91190926218405
INectarTrips= 14.2146777897142
IPollenLoad= 9.96780353831127
INectarLoad= 0.837107161059976
ESoilP= 1.55147732840851
ESoilFoc= 0.00874315049452707
