ICQueenStrength= 5.4636802165769
RQWkrDrnRatio= 4.34323892462999
ICDroneMiteSurvivorship= 37.7362138591707
ICWorkerMiteSurvivorship= 3.04664010182023
ICForagerLifespan= 7.50258736032993
ImmType= Logarithmic
AIAdultSlope= 0.476187261301093
AIAdultLD50= 0.181354627991095
AIAdultSlopeContact= 2.37823617281159
AIAdultLD50Contact= 0.0139634607825428
AILarvaSlope= 0.167035702429712
AILarvaLD50= 0.851415655924939
AIKOW= 2.12908872775733
AIKOC= 6.37265340890735
AIHalfLife= 1.66411862408277
EAppRate= 8.1765985256061
FoliarEnabled= true
