ICQueenStrength= 4.66080817882903
RQWkrDrnRatio= 2.85704210028052
ICDroneMiteSurvivorship= 44.2509385291487
ICWorkerMiteSurvivorship= 16.7489696061239
ICForagerLifespan= 5.94918170943856
ImmType= Tangent
AIAdultSlope= 1.18122717238963
AIAdultLD50= 0.0699201022740454
AIAdultSlopeContact= 1.81210905851796
AIAdultLD50Contact= 0.0254858029657044
AILarvaSlope= 1.49382823505439
AILarvaLD50= 0.150755369849503
AIKOW= 4.46389815583825
AIKOC= 23.9964338613208
AIHalfLife= 2.7965451503871
EAppRate= 7.59592036949471
FoliarEnabled= true
