ICQueenStrength= 3.04609096050262
RQWkrDrnRatio= 3.78704855125397
ICDroneMiteSurvivorship= 45.6948376027867
ICWorkerMiteSurvivorship= 4.82674171216786
ICForagerLifespan= 5.69079544022679
ImmType= Sine
RQQueenStrength= 1.32940582954325
RQEnableReQueen= true
AIAdultSlope= 8.80483953095973
AIAdultLD50= 83.9764303560271
AIAdultSlopeContact= 1.07803004723974
AIAdultLD50Contact= 84.411119959316
AILarvaSlope= 1.02843094617128
AILarvaLD50= 41.5556393776268
AIKOW= 18729.3240114797
AIKOC= 362.418765277369
AIHalfLife= 13.4258318427019
EAppRate= 2.80007630422385
FoliarEnabled= true
FoliarAppDate= 06/07/1989
FoliarForageBegin= 06/05/1989
FoliarForageEnd= 06/28/1989
AIContactFactor= 0.791378956404514
CL4Pollen= 1.93252938333899
CL4Nectar= 24.4259286671877
CL5Pollen= 0.76287027541548
CL5Nectar= 19.015700428281
CLDPollen= 0.458561061881483
CLDNectar= 14.7852872963995
CA13Pollen= 5.58908584695309
CA13Nectar= 82.5877598114312
CA410Pollen= 3.96102548781782
CA410Nectar= 175.924707003869
CA1120Pollen= 0.147308556362987
CA1120Nectar= 57.8781658597291
IPollenTrips= 9.5489688613452
INectarTrips= 7.51495770411566
IPollenLoad= 8.44049306819215
INectarLoad= 1.64013236993924
