ICQueenStrength= 3.28276193258353
RQWkrDrnRatio= 4.75656381994486
ICDroneMiteSurvivorship= 88.3851088117808
ICWorkerMiteSurvivorship= 80.1282781176269
ICForagerLifespan= 7.05691277328879
ImmType= Sine
RQQueenStrength= 2.35514412308112
RQEnableReQueen= true
AIAdultSlope= 6.11002875678241
AIAdultLD50= 31.3223335921785
AIAdultSlopeContact= 7.80306462408043
AIAdultLD50Contact= 13.2591713516689
AILarvaSlope= 6.32946047373116
AILarvaLD50= 0.942621176263783
AIKOW= 73290.4714233373
AIKOC= 2684.37019928149
AIHalfLife= 4.21046687364578
EAppRate= 7.40197692392627
FoliarEnabled= true
FoliarAppDate= 06/07/1989
FoliarForageBegin= 06/05/1989
FoliarForageEnd= 06/28/1989
AIContactFactor= 1.47349282253999
CL4Pollen= 0.300484349951148
CL4Nectar= 10.068838391453
CL5Pollen= 5.57218805747107
CL5Nectar= 3.06744124973193
CLDPollen= 2.19078982528299
CLDNectar= 63.563640054781
CA13Pollen= 3.59022177970037
CA13Nectar= 81.5030826255679
CA410Pollen= 8.92951710531488
CA410Nectar= 99.2333342321217
CA1120Pollen= 2.49330253712833
CA1120Nectar= 92.897072378546
IPollenTrips= 9.74704815540463
INectarTrips= 9.45852565113455
IPollenLoad= 7.398993705865
INectarLoad= 1.70108561404049
ESoilP= 1.016303737415
ESoilFoc= 0.0143716922695749
