ICQueenStrength= 5.28101342055015
RQWkrDrnRatio= 2.68931735586375
ICDroneMiteSurvivorship= 67.4616784323007
ICWorkerMiteSurvivorship= 43.4862565249205
ICForagerLifespan= 15.7333198571578
ImmType= Logarithmic
AIAdultSlope= 0.991892372570001
AIAdultLD50= 0.120476658176631
AIAdultSlopeContact= 1.45939269389492
AIAdultLD50Contact= 0.0327257404453121
AILarvaSlope= 3.06311850501224
AILarvaLD50= 0.472139025293291
AIKOW= 2.51448647212237
AIKOC= 18.4855361597147
AIHalfLife= 0.460496783209965
EAppRate= 8.54077527998015
FoliarEnabled= true
