ICQueenStrength= 4.03581538028084
RQWkrDrnRatio= 3.37478838581592
ICDroneMiteSurvivorship= 12.997907330282
ICWorkerMiteSurvivorship= 38.1959160324186
ICForagerLifespan= 11.3134686769918
ImmType= Tangent
RQQueenStrength= 5.69068145612255
RQEnableReQueen= true
AIAdultSlope= 6.51791368052363
AIAdultLD50= 79.0834664756567
AIAdultSlopeContact= 4.78533521061763
AIAdultLD50Contact= 87.3515297549528
AILarvaSlope= 8.44043415039778
AILarvaLD50= 86.0986801476944
AIKOW= 32668.6018422754
AIKOC= 53274.6949830647
AIHalfLife= 14.7373460282572
EAppRate= 0.254202963918215
FoliarEnabled= true
FoliarAppDate= 06/07/1989
FoliarForageBegin= 06/05/1989
FoliarForageEnd= 06/28/1989
AIContactFactor= 1.73297687307
CL4Pollen= 0.838590463623405
CL4Nectar= 66.5669582085684
CL5Pollen= 0.0178484623320401
CL5Nectar= 20.077389862854
CLDPollen= 5.81520825717598
CLDNectar= 55.9558469918557
CA13Pollen= 6.89148016069084
CA13Nectar= 55.9790118038654
CA410Pollen= 2.25498064144049
CA410Nectar= 31.5889141662046
CA1120Pollen= 1.40422046603635
CA1120Nectar= 70.5462968349457
IPollenTrips= 11.7757231602445
INectarTrips= 5.63758982112631
IPollenLoad= 9.77688101120293
INectarLoad= 5.32745689852163
ESoilP= 1.43725092988461
ESoilFoc= 0.00299674706184305
