ICQueenStrength= 2.78868053480983
RQWkrDrnRatio= 1.94222261849791
ICDroneMiteSurvivorship= 30.3332370473072
ICWorkerMiteSurvivorship= 73.4167763730511
ICForagerLifespan= 6.81657340377569
ImmType= Polynomial
RQQueenStrength= 2.35159500874579
RQEnableReQueen=true
AIAdultSlope= 2.38897434994578
AIAdultLD50= 0.23472964815679
AIAdultSlopeContact= 4.80359353125095
AIAdultLD50Contact= 29.1013033376741
AILarvaSlope= 8.439667429775
AILarvaLD50= 99.894404605807
AIKOW= 94683.689713324
AIKOC= 40460.984177615
AIHalfLife= 17.290198220755
EAppRate= 8.73058104557358
FoliarEnabled=true
FoliarAppDate= 07/01/1989
FoliarForageBegin= 07/01/1989
FoliarForageEnd= 07/14/1989
AIContactFactor= 2.02856785401702
CL4Pollen= 3.48671061731875
CL4Nectar= 9.93042406626046
CL5Pollen= 3.11043004039675
CL5Nectar= 64.9528294452466
CLDPollen= 1.66413877811283
CLDNectar= 5.57801529066637
CA13Pollen= 7.92096199123189
CA13Nectar= 77.7634951844811
CA410Pollen= 4.94982744664885
CA410Nectar= 41.9254163047299
CA1120Pollen= 2.3015113316942
CA1120Nectar= 22.9103901982307
IPollenTrips= 10.5437405942939
INectarTrips= 10.9112106682733
IPollenLoad= 0.933651835657656
INectarLoad= 2.82649939181283
