ICQueenStrength= 1.73827884509228
RQWkrDrnRatio= 2.12637061625719
ICDroneMiteSurvivorship= 51.0665261186659
ICWorkerMiteSurvivorship= 47.4505122285336
ICForagerLifespan= 15.3637116700411
ImmType= Polynomial
AIAdultSlope= 3.13528625822626
AIAdultLD50= 0.106381549360231
AIAdultSlopeContact= 2.297558494478
AIAdultLD50Contact= 0.0431138104875572
AILarvaSlope= 2.1399736688938
AILarvaLD50= 0.3244079351658
AIKOW= 4.73553225025535
AIKOC= 7.86569345626049
AIHalfLife= 1.15335540836677
EAppRate= 0.175795499235392
FoliarEnabled= true
