ICQueenStrength= 2.05141990119591
RQWkrDrnRatio= 2.20189211331308
ICDroneMiteSurvivorship= 3.90531639568508
ICWorkerMiteSurvivorship= 12.6194454031065
ICForagerLifespan= 13.8112698681653
ImmType= Cosine
AIAdultSlope= 2.43321883053286
AIAdultLD50= 0.0580879318062216
AIAdultSlopeContact= 1.08770281916717
AIAdultLD50Contact= 0.0353582103271037
AILarvaSlope= 3.29127280446701
AILarvaLD50= 0.74415711122565
AIKOW= 4.01430457551032
AIKOC= 16.8206195009407
AIHalfLife= 1.97020526763517
EAppRate= 7.52122035250068
FoliarEnabled= true
