ICQueenStrength= 2.48257541004568
RQWkrDrnRatio= 3.1861908743158
ICDroneMiteSurvivorship= 8.31500792410225
ICWorkerMiteSurvivorship= 84.9450190551579
ICForagerLifespan= 15.7155028535053
ImmType= Logarithmic
RQQueenStrength= 2.20542192249559
RQEnableReQueen= true
AIAdultSlope= 7.14107930846512
AIAdultLD50= 81.4147016360585
AIAdultSlopeContact= 5.86643234826624
AIAdultLD50Contact= 60.8147032355217
AILarvaSlope= 6.89077479951084
AILarvaLD50= 11.526889989418
AIKOW= 50443.0833702292
AIKOC= 91086.4939298478
AIHalfLife= 9.31576596864033
EAppRate= 6.66046247908147
FoliarEnabled= true
FoliarAppDate= 06/07/1989
FoliarForageBegin= 06/05/1989
FoliarForageEnd= 06/28/1989
AIContactFactor= 1.56309721214231
CL4Pollen= 0.216585071757436
CL4Nectar= 17.678281175904
CL5Pollen= 4.53709427174181
CL5Nectar= 47.9427540907636
CLDPollen= 1.26585726672783
CLDNectar= 25.8709812769666
CA13Pollen= 3.37362109431997
CA13Nectar= 40.9024371393025
CA410Pollen= 4.97052304474637
CA410Nectar= 127.612795066088
CA1120Pollen= 1.42328472342342
CA1120Nectar= 48.6711165122688
IPollenTrips= 7.27638632524759
INectarTrips= 7.51135356258601
IPollenLoad= 8.13961972482502
INectarLoad= 6.08213728293777
ESoilP= 1.23595819436014
ESoilFoc= 0.00832976708956994
