ICQueenStrength= 4.15171452821232
RQWkrDrnRatio= 3.27733500860631
ICDroneMiteSurvivorship= 24.6154068270698
ICWorkerMiteSurvivorship= 43.4091614326462
ICForagerLifespan= 4.91104604303837
ImmType= Cosine
RQQueenStrength= 3.31744416174479
RQEnableReQueen= true
AIAdultSlope= 6.65941505134106
AIAdultLD50= 0.0976285299956798
AIAdultSlopeContact= 8.86994110234082
AIAdultLD50Contact= 7.98780211092136
AILarvaSlope= 6.90987555868924
AILarvaLD50= 28.159230963418
AIKOW= 65502.4701768015
AIKOC= 44708.9075944582
AIHalfLife= 32.7916563102044
EAppRate= 5.21999877184047
FoliarEnabled= true
FoliarAppDate= 09/01/1989
FoliarForageBegin= 09/01/1989
FoliarForageEnd= 09/08/1989
AIContactFactor= 0.30672873662319
CL4Pollen= 2.29574489872903
CL4Nectar= 39.3232833826914
CL5Pollen= 5.01533837243915
CL5Nectar= 38.255167461466
CLDPollen= 5.06425863364711
CLDNectar= 21.1913282400928
CA13Pollen= 3.29381816349924
CA13Nectar= 97.9458475485444
CA410Pollen= 8.18495418210514
CA410Nectar= 170.637604277581
CA1120Pollen= 1.35290708905086
CA1120Nectar= 60.9837258979678
IPollenTrips= 13.8752604788169
INectarTrips= 8.13264509895816
IPollenLoad= 3.71881631435826
INectarLoad= 2.56142532685772
