ICQueenStrength= 2.53827812871896
RQWkrDrnRatio= 3.02496296633035
ICDroneMiteSurvivorship= 57.089707441628
ICWorkerMiteSurvivorship= 49.1851492319256
ICForagerLifespan= 5.2905993135646
ImmType= Tangent
RQQueenStrength= 1.32130132429302
RQEnableReQueen= true
AIAdultSlope= 1.76970234885812
AIAdultLD50= 8.62216015522927
AIAdultSlopeContact= 6.26446951110847
AIAdultLD50Contact= 36.7488425792409
AILarvaSlope= 1.10588834062219
AILarvaLD50= 35.1620491353406
AIKOW= 21573.9482975882
AIKOC= 54330.5489485157
AIHalfLife= 6.04912270943168
EAppRate= 4.05906260906882
FoliarEnabled= true
FoliarAppDate= 06/07/1989
FoliarForageBegin= 06/05/1989
FoliarForageEnd= 06/28/1989
AIContactFactor= 1.72402362137567
CL4Pollen= 1.01216100994498
CL4Nectar= 88.9365972019732
CL5Pollen= 1.36046709213406
CL5Nectar= 81.3377567566931
CLDPollen= 0.456872640643269
CLDNectar= 116.631696280092
CA13Pollen= 7.99121392499655
CA13Nectar= 87.8546778857708
CA410Pollen= 7.91091988887638
CA410Nectar= 91.0239781532437
CA1120Pollen= 1.60402902262285
CA1120Nectar= 80.3559679724276
IPollenTrips= 14.525963824708
INectarTrips= 7.18466048594564
IPollenLoad= 6.05482429964468
INectarLoad= 6.49483122164384
ESoilP= 1.25432730163448
ESoilFoc= 0.00507903996808454
