ICQueenStrength= 2.84133685543202
RQWkrDrnRatio= 2.21307156514376
ICDroneMiteSurvivorship= 79.1561212390661
ICWorkerMiteSurvivorship= 92.110805073753
ICForagerLifespan= 8.47217197529972
ImmType= Exponential
AIAdultSlope= 3.92053924765438
AIAdultLD50= 0.0846148992422968
AIAdultSlopeContact= 3.2673169073998
AIAdultLD50Contact= 0.00683461816515774
AILarvaSlope= 2.92669836222194
AILarvaLD50= 0.454688087920658
AIKOW= 4.94609649572521
AIKOC= 12.0593387412373
AIHalfLife= 2.30453801553231
EAppRate= 1.10613988013938
FoliarEnabled= true
