ICQueenStrength= 1.47175922314636
RQWkrDrnRatio= 3.5632586022839
ICDroneMiteSurvivorship= 98.0732212774456
ICWorkerMiteSurvivorship= 75.1129577402025
ICForagerLifespan= 14.5148005494848
ImmType= Cosine
RQQueenStrength= 1.839301351225
RQEnableReQueen= true
AIAdultSlope= 5.97828929312527
AIAdultLD50= 49.866960830793
AIAdultSlopeContact= 2.089386213338
AIAdultLD50Contact= 25.452726197673
AILarvaSlope= 1.52844421938062
AILarvaLD50= 6.51682936860179
AIKOW= 14659.1212026849
AIKOC= 13810.0708989161
AIHalfLife= 1.14768199035898
EAppRate= 0.64674883674481
FoliarEnabled= true
FoliarAppDate= 06/07/1989
FoliarForageBegin= 06/05/1989
FoliarForageEnd= 06/28/1989
AIContactFactor= 1.21275677029975
CL4Pollen= 0.0679459571838379
CL4Nectar= 35.6182056479156
CL5Pollen= 0.0344817792065442
CL5Nectar= 28.2944340957329
CLDPollen= 1.14772817445919
CLDNectar= 18.7394033535384
CA13Pollen= 6.5706180434674
CA13Nectar= 93.3947557210922
CA410Pollen= 8.22566005010158
CA410Nectar= 178.60743640922
CA1120Pollen= 0.122755368473008
CA1120Nectar= 29.4842142425478
IPollenTrips= 10.6061621452682
INectarTrips= 6.65999901248142
IPollenLoad= 5.82588367396966
INectarLoad= 9.53528573038056
