ICQueenStrength= 2.24356847140007
RQWkrDrnRatio= 4.43091292958707
ICDroneMiteSurvivorship= 94.5528321899474
ICWorkerMiteSurvivorship= 75.1403357600793
ICForagerLifespan= 15.5706112356856
ImmType= Cosine
RQQueenStrength= 1.71650396101177
RQEnableReQueen= true
AIAdultSlope= 6.89830404892564
AIAdultLD50= 69.8308165812676
AIAdultSlopeContact= 8.42818662524223
AIAdultLD50Contact= 25.2870824484769
AILarvaSlope= 8.63583978824317
AILarvaLD50= 32.993217475753
AIKOW= 6288.65560254081
AIKOC= 57843.9977030777
AIHalfLife= 0.84628403482493
EAppRate= 7.12557137272391
FoliarEnabled= true
FoliarAppDate= 06/07/1989
FoliarForageBegin= 06/05/1989
FoliarForageEnd= 06/28/1989
AIContactFactor= 1.68697506983764
CL4Pollen= 1.71628690883517
CL4Nectar= 8.77580242231488
CL5Pollen= 4.4264378529042
CL5Nectar= 76.0761934798211
CLDPollen= 3.47036336408928
CLDNectar= 145.266744028777
CA13Pollen= 6.21936897356063
CA13Nectar= 79.6329867653549
CA410Pollen= 3.05297587704845
CA410Nectar= 185.587093364447
CA1120Pollen= 2.88333853147924
CA1120Nectar= 70.3384622372687
IPollenTrips= 6.57995404442772
INectarTrips= 5.61939463019371
IPollenLoad= 4.06478854361922
INectarLoad= 4.78104760870337
