ICQueenStrength= 4.32958701765165
RQWkrDrnRatio= 3.4249133290723
ICDroneMiteSurvivorship= 9.42613722290844
ICWorkerMiteSurvivorship= 88.6850569630042
ICForagerLifespan= 10.1993646845222
ImmType= Logarithmic
RQQueenStrength= 2.64549998473376
RQEnableReQueen= true
AIAdultSlope= 8.7335835788399
AIAdultLD50= 50.2658167826629
AIAdultSlopeContact= 9.66339676221833
AIAdultLD50Contact= 18.7933814554911
AILarvaSlope= 6.36915875971317
AILarvaLD50= 45.7666738254288
AIKOW= 4846.80160134835
AIKOC= 19298.8854183676
AIHalfLife= 28.6881113984389
EAppRate= 5.4001490442371
FoliarEnabled= true
FoliarAppDate= 06/07/1989
FoliarForageBegin= 06/05/1989
FoliarForageEnd= 06/28/1989
AIContactFactor= 2.09931246436667
CL4Pollen= 2.10475755017251
CL4Nectar= 67.9138279752806
CL5Pollen= 1.6080551831983
CL5Nectar= 2.98852915875614
CLDPollen= 3.44487408734858
CLDNectar= 115.311794111039
CA13Pollen= 4.38140187300742
CA13Nectar= 79.6441134437919
CA410Pollen= 8.58814325302374
CA410Nectar= 156.096560261212
CA1120Pollen= 2.71773217362352
CA1120Nectar= 55.5970654822886
IPollenTrips= 14.4065984059125
INectarTrips= 13.677528903354
IPollenLoad= 5.3005721885711
INectarLoad= 4.94424835778773
ESoilP= 1.60416570631787
ESoilFoc= 0.00883961925888434
