ICQueenStrength= 1.56969132274389
RQWkrDrnRatio= 1.14826455060393
ICDroneMiteSurvivorship= 5.70986086968333
ICWorkerMiteSurvivorship= 25.4369234200567
ICForagerLifespan= 15.6558663221076
ImmType= Logarithmic
RQQueenStrength= 5.02250505750999
RQEnableReQueen= true
AIAdultSlope= 5.16975151747465
AIAdultLD50= 0.137520292579895
AIAdultSlopeContact= 3.50712592503987
AIAdultLD50Contact= 57.7861493195435
AILarvaSlope= 5.10812729038298
AILarvaLD50= 75.977812324516
AIKOW= 88700.7500866874
AIKOC= 32982.6533798836
AIHalfLife= 1.39888340153266
EAppRate= 3.90973482294404
FoliarEnabled= true
FoliarAppDate= 09/01/1989
FoliarForageBegin= 09/01/1989
FoliarForageEnd= 09/08/1989
AIContactFactor= 0.871304414039478
CL4Pollen= 1.15090258792043
CL4Nectar= 0.614791014231741
CL5Pollen= 5.62981221964583
CL5Nectar= 83.0751366564073
CLDPollen= 3.33875623997301
CLDNectar= 35.6906638015062
CA13Pollen= 7.28280360419303
CA13Nectar= 57.4902174435556
CA410Pollen= 6.69368754636962
CA410Nectar= 87.7720614057034
CA1120Pollen= 2.53172143176198
CA1120Nectar= 94.2394496127963
IPollenTrips= 13.4866721904837
INectarTrips= 8.83791997097433
IPollenLoad= 8.14006490632892
INectarLoad= 6.78282656241208
