ICQueenStrength= 3.76453736121766
RQWkrDrnRatio= 3.24571642279625
ICDroneMiteSurvivorship= 1.78968661930412
ICWorkerMiteSurvivorship= 23.4517744975165
ICForagerLifespan= 14.0042394399643
ImmType= Exponential
RQQueenStrength= 3.8313441737555
RQEnableReQueen= true
AIAdultSlope= 6.48388559743762
AIAdultLD50= 92.7265619847244
AIAdultSlopeContact= 2.74635242251679
AIAdultLD50Contact= 33.9849846325056
AILarvaSlope= 5.996786352247
AILarvaLD50= 76.8330538698263
AIKOW= 43853.5562983519
AIKOC= 86223.0305611736
AIHalfLife= 2.38991856335197
EAppRate= 9.15637157668499
FoliarEnabled= true
FoliarAppDate= 06/07/1989
FoliarForageBegin= 06/05/1989
FoliarForageEnd= 06/28/1989
AIContactFactor= 0.428602084154263
CL4Pollen= 1.34743542503566
CL4Nectar= 77.9762049671263
CL5Pollen= 2.04662022739649
CL5Nectar= 18.2095795869827
CLDPollen= 3.0433490741998
CLDNectar= 78.1036317581311
CA13Pollen= 6.13179970793426
CA13Nectar= 52.9818573407829
CA410Pollen= 8.59341399513651
CA410Nectar= 151.350661600009
CA1120Pollen= 0.088785583851859
CA1120Nectar= 94.9668729305267
IPollenTrips= 13.4193862392567
INectarTrips= 8.73922512866557
IPollenLoad= 1.0016994131729
INectarLoad= 2.18620430445299
