ICQueenStrength= 3.7855689835269
RQWkrDrnRatio= 2.5522659374401
ICDroneMiteSurvivorship= 14.6025163587183
ICWorkerMiteSurvivorship= 59.0980741893873
ICForagerLifespan= 7.30711612291634
ImmType= Sine
RQQueenStrength= 5.2795980873052
RQEnableReQueen= true
AIAdultSlope= 7.79368323087692
AIAdultLD50= 44.0928389360886
AIAdultSlopeContact= 2.63428170001134
AIAdultLD50Contact= 11.5006141033238
AILarvaSlope= 4.96827672608197
AILarvaLD50= 19.9387165811672
AIKOW= 89442.074539744
AIKOC= 93243.8486668728
AIHalfLife= 13.7818052167771
EAppRate= 4.21011712040287
FoliarEnabled= true
FoliarAppDate= 06/07/1989
FoliarForageBegin= 06/05/1989
FoliarForageEnd= 06/28/1989
AIContactFactor= 0.714804258057848
CL4Pollen= 0.306844678707421
CL4Nectar= 86.1491342075169
CL5Pollen= 4.02346570696682
CL5Nectar= 11.7023127386346
CLDPollen= 5.43951615085825
CLDNectar= 117.19801890431
CA13Pollen= 7.13206106731668
CA13Nectar= 74.9522022902966
CA410Pollen= 2.81032776574139
CA410Nectar= 110.228958306834
CA1120Pollen= 1.84535783040337
CA1120Nectar= 67.2593669779599
IPollenTrips= 14.8301988840103
INectarTrips= 6.09532057307661
IPollenLoad= 0.525444059167057
INectarLoad= 8.40737538877875
ESoilP= 1.17806346574798
ESoilFoc= 0.00147540698177181
