ICQueenStrength= 3.90826338459738
RQWkrDrnRatio= 2.63783404137939
ICDroneMiteSurvivorship= 72.3043548641726
ICWorkerMiteSurvivorship= 5.1016439916566
ICForagerLifespan= 5.94265012536198
ImmType= Cosine
RQQueenStrength= 2.62609360413626
RQEnableReQueen= true
AIAdultSlope= 3.3739164788276
AIAdultLD50= 8.16172767970851
AIAdultSlopeContact= 8.62657213304192
AIAdultLD50Contact= 96.7977711316333
AILarvaSlope= 8.01950150169432
AILarvaLD50= 6.22541099512158
AIKOW= 46638.0750105657
AIKOC= 94410.3250459563
AIHalfLife= 30.7241172265727
EAppRate= 2.35892052689078
FoliarEnabled= true
FoliarAppDate= 06/07/1989
FoliarForageBegin= 06/05/1989
FoliarForageEnd= 06/28/1989
AIContactFactor= 2.15788701829035
CL4Pollen= 2.07523595821112
CL4Nectar= 63.66074627731
CL5Pollen= 3.72813478019089
CL5Nectar= 84.7778068156913
CLDPollen= 1.91946381283924
CLDNectar= 22.4447754677385
CA13Pollen= 6.38190188519657
CA13Nectar= 51.4378148503602
CA410Pollen= 6.28498778671492
CA410Nectar= 118.099029068835
CA1120Pollen= 2.18860058253631
CA1120Nectar= 79.4993801042438
IPollenTrips= 6.30988293094561
INectarTrips= 8.64104646956548
IPollenLoad= 0.106562823057175
INectarLoad= 8.55076611973345
