ICQueenStrength= 4.56001621764153
RQWkrDrnRatio= 4.79692185204476
ICDroneMiteSurvivorship= 90.0457257172093
ICWorkerMiteSurvivorship= 95.5438710749149
ICForagerLifespan= 7.98335868865252
ImmType= Sine
RQQueenStrength= 2.58722990658134
RQEnableReQueen=true
AIAdultSlope= 6.57160888426006
AIAdultLD50= 0.158264179636491
AIAdultSlopeContact= 2.51811769185588
AIAdultLD50Contact= 81.8540756984865
AILarvaSlope= 5.94898262247443
AILarvaLD50= 35.3902586956995
AIKOW= 22838.6795009808
AIKOC= 34039.0673207159
AIHalfLife= 14.2996094817063
EAppRate= 9.12313732488919
FoliarEnabled=true
FoliarAppDate= 07/01/1989
FoliarForageBegin= 07/01/1989
FoliarForageEnd= 07/14/1989
AIContactFactor= 2.10337497065309
CL4Pollen= 2.55516342818737
CL4Nectar= 34.3160001561046
CL5Pollen= 1.38844054285437
CL5Nectar= 95.3352586599067
CLDPollen= 4.35958068352193
CLDNectar= 100.07250700146
CA13Pollen= 4.63346845684573
CA13Nectar= 50.9281965717673
CA410Pollen= 9.24165896684863
CA410Nectar= 164.595946408808
CA1120Pollen= 2.07697492302395
CA1120Nectar= 63.1683889590204
IPollenTrips= 12.5144605827518
INectarTrips= 6.47883763769642
IPollenLoad= 3.23825895320624
INectarLoad= 9.57956314319745
