ICQueenStrength= 4.83149879751727
RQWkrDrnRatio= 2.08016759343445
ICDroneMiteSurvivorship= 73.063882952556
ICWorkerMiteSurvivorship= 10.116652562283
ICForagerLifespan= 12.4658709736541
ImmType= Cosine
AIAdultSlope= 3.20645303172525
AIAdultLD50= 0.190522294957191
AIAdultSlopeContact= 2.09441156651359
AIAdultLD50Contact= 0.0442127276095562
AILarvaSlope= 2.93720155754127
AILarvaLD50= 0.808555316668935
AIKOW= 2.82579775806516
AIKOC= 22.2871103510261
AIHalfLife= 1.97031008300837
EAppRate= 9.67916016234085
FoliarEnabled= true
