ICQueenStrength= 2.33020929526538
RQWkrDrnRatio= 1.23488211072981
ICDroneMiteSurvivorship= 53.8836025632918
ICWorkerMiteSurvivorship= 95.4539621248841
ICForagerLifespan= 13.3513703923672
ImmType= Polynomial
RQQueenStrength= 2.49805423105136
RQEnableReQueen= true
AIAdultSlope= 7.48384470120072
AIAdultLD50= 35.4250674601572
AIAdultSlopeContact= 8.28671797201969
AIAdultLD50Contact= 37.9251756984889
AILarvaSlope= 8.48045699298382
AILarvaLD50= 54.83695113975
AIKOW= 28545.314024565
AIKOC= 14277.95208775
AIHalfLife= 17.5899100668496
EAppRate= 4.85853353838367
FoliarEnabled= true
FoliarAppDate= 06/07/1989
FoliarForageBegin= 06/05/1989
FoliarForageEnd= 06/28/1989
AIContactFactor= 1.54154668701347
CL4Pollen= 2.61674483772367
CL4Nectar= 22.9924121173099
CL5Pollen= 2.46113950526342
CL5Nectar= 88.1323613924906
CLDPollen= 1.0138667402789
CLDNectar= 147.04410902923
CA13Pollen= 5.56467122100294
CA13Nectar= 29.3483636714518
CA410Pollen= 4.07121510691941
CA410Nectar= 84.5485503831878
CA1120Pollen= 1.97026776359417
CA1120Nectar= 68.4117560088634
IPollenTrips= 13.4840069478378
INectarTrips= 12.4664512160234
IPollenLoad= 4.76973843295127
INectarLoad= 5.69103293353692
ESoilP= 1.680855138693
ESoilFoc= 0.0048339052463416
