ICQueenStrength= 1.72351645678282
RQWkrDrnRatio= 1.27979910653085
ICDroneMiteSurvivorship= 46.4872061507776
ICWorkerMiteSurvivorship= 11.9435306638479
ICForagerLifespan= 8.77316764928401
ImmType= Polynomial
RQQueenStrength= 5.12526615080424
RQEnableReQueen= true
AIAdultSlope= 7.18296377547085
AIAdultLD50= 33.7678811457686
AIAdultSlopeContact= 5.00299680745229
AIAdultLD50Contact= 6.80087991332565
AILarvaSlope= 3.72566125914454
AILarvaLD50= 7.4965064028576
AIKOW= 58944.8737057495
AIKOC= 21080.8849157949
AIHalfLife= 2.51013092387002
EAppRate= 5.8861366490745
FoliarEnabled= true
FoliarAppDate= 06/07/1989
FoliarForageBegin= 06/05/1989
FoliarForageEnd= 06/28/1989
AIContactFactor= 0.718614634051919
CL4Pollen= 3.17095386236906
CL4Nectar= 8.10044549871236
CL5Pollen= 1.34371129889041
CL5Nectar= 138.949924288318
CLDPollen= 3.8471360723488
CLDNectar= 35.3590613580309
CA13Pollen= 7.72485542092472
CA13Nectar= 79.3435546755791
CA410Pollen= 3.47199323782697
CA410Nectar= 21.4332277420908
CA1120Pollen= 0.586881383322179
CA1120Nectar= 94.8891313187778
IPollenTrips= 10.2554002450779
INectarTrips= 6.97212887462229
IPollenLoad= 4.15832003112882
INectarLoad= 4.21429579611868
