ICQueenStrength= 1.92433726065792
RQWkrDrnRatio= 1.60320140235126
ICDroneMiteSurvivorship= 57.367764483206
ICWorkerMiteSurvivorship= 88.525941548869
ICForagerLifespan= 5.3451088918373
ImmType= Cosine
RQQueenStrength= 1.74151500826702
RQEnableReQueen= true
AIAdultSlope= 4.85999540612102
AIAdultLD50= 79.3855938107842
AIAdultSlopeContact= 5.19136550929397
AIAdultLD50Contact= 26.7762320042443
AILarvaSlope= 3.87881793826818
AILarvaLD50= 10.4317026137258
AIKOW= 7526.68101736159
AIKOC= 47625.5698565256
AIHalfLife= 31.7050468478352
EAppRate= 3.16604925623164
FoliarEnabled= true
FoliarAppDate= 06/07/1989
FoliarForageBegin= 06/05/1989
FoliarForageEnd= 06/28/1989
AIContactFactor= 1.49438616934232
CL4Pollen= 1.99282170459628
CL4Nectar= 2.5759065290913
CL5Pollen= 0.322766524739563
CL5Nectar= 143.043779418804
CLDPollen= 1.57576764654368
CLDNectar= 75.0026486464776
CA13Pollen= 3.15720483874902
CA13Nectar= 27.4760377593338
CA410Pollen= 9.42089613536373
CA410Nectar= 140.87281383574
CA1120Pollen= 2.76405849284492
CA1120Nectar= 72.3825618624687
IPollenTrips= 14.5583116565831
INectarTrips= 12.392455060035
IPollenLoad= 0.67384093767032
INectarLoad= 1.18823359254748
