ICQueenStrength= 1.96109575824812
RQWkrDrnRatio= 1.06667680386454
ICDroneMiteSurvivorship= 18.2627138216048
ICWorkerMiteSurvivorship= 87.5014510704204
ICForagerLifespan= 6.2907610218972
ImmType= Polynomial
AIAdultSlope= 1.33711877727415
AIAdultLD50= 0.0671308798249811
AIAdultSlopeContact= 2.21226941144792
AIAdultLD50Contact= 0.0365751096513122
AILarvaSlope= 1.66833818946034
AILarvaLD50= 0.101498182956129
AIKOW= 5.46051774173975
AIKOC= 29.5926216826774
AIHalfLife= 2.08215191261843
EAppRate= 3.20963070262223
FoliarEnabled= true
