ICQueenStrength= 4.74818068812601
RQWkrDrnRatio= 2.53411518596113
ICDroneMiteSurvivorship= 46.1673718411475
ICWorkerMiteSurvivorship= 89.5360977156088
ICForagerLifespan= 11.3172730356455
ImmType= Sine
RQQueenStrength= 5.12666950258426
RQEnableReQueen= true
AIAdultSlope= 2.14064652845263
AIAdultLD50= 94.729426193909
AIAdultSlopeContact= 9.34343447722495
AIAdultLD50Contact= 83.5198044837653
AILarvaSlope= 2.33917689323425
AILarvaLD50= 44.2835036966077
AIKOW= 26888.9008092184
AIKOC= 92227.4722323902
AIHalfLife= 1.1023655595025
EAppRate= 0.0997762868555728
FoliarEnabled= true
FoliarAppDate= 06/07/1989
FoliarForageBegin= 06/05/1989
FoliarForageEnd= 06/28/1989
AIContactFactor= 0.713849888020195
CL4Pollen= 1.98854335118085
CL4Nectar= 0.832527270540595
CL5Pollen= 3.15811204724014
CL5Nectar= 24.6540841413662
CLDPollen= 2.663568533957
CLDNectar= 141.277834831271
CA13Pollen= 4.38643856141716
CA13Nectar= 85.1988312229514
CA410Pollen= 9.40699437181465
CA410Nectar= 94.6999682392925
CA1120Pollen= 2.64371212734841
CA1120Nectar= 46.3446086272597
IPollenTrips= 8.87311820872128
INectarTrips= 13.9402898284607
IPollenLoad= 8.94576954189688
INectarLoad= 7.42808698676527
