ICQueenStrength= 2.81330615421757
RQWkrDrnRatio= 3.77949724532664
ICDroneMiteSurvivorship= 30.6344971060753
ICWorkerMiteSurvivorship= 88.6107637314126
ICForagerLifespan= 13.8459460195154
ImmType= Tangent
RQQueenStrength= 4.31679865135811
RQEnableReQueen= true
AIAdultSlope= 2.34727722406387
AIAdultLD50= 43.7845635364661
AIAdultSlopeContact= 3.57273521344177
AIAdultLD50Contact= 68.9385515387156
AILarvaSlope= 2.38010475412011
AILarvaLD50= 59.5732804927381
AIKOW= 42707.127567172
AIKOC= 39866.1749795885
AIHalfLife= 11.5282527465839
EAppRate= 9.47605606743856
FoliarEnabled= true
FoliarAppDate= 06/07/1989
FoliarForageBegin= 06/05/1989
FoliarForageEnd= 06/28/1989
AIContactFactor= 1.72075625097379
CL4Pollen= 1.07560740131885
CL4Nectar= 43.1680085835978
CL5Pollen= 0.485451689455658
CL5Nectar= 112.261192698497
CLDPollen= 3.32065071444958
CLDNectar= 109.771088941488
CA13Pollen= 3.02932593906298
CA13Nectar= 38.7606167420745
CA410Pollen= 7.95412202065345
CA410Nectar= 32.4835354369134
CA1120Pollen= 1.09029563725926
CA1120Nectar= 25.3190365061164
IPollenTrips= 12.1995865716599
INectarTrips= 11.7633823538199
IPollenLoad= 3.65216009085998
INectarLoad= 9.1991456435062
