ICQueenStrength= 5.49805811862461
RQWkrDrnRatio= 4.50216954108328
ICDroneMiteSurvivorship= 42.1826569829136
ICWorkerMiteSurvivorship= 26.0267100762576
ICForagerLifespan= 14.2346431249753
ImmType= Sine
RQQueenStrength= 3.98131717485376
RQEnableReQueen= true
AIAdultSlope= 1.42721945792437
AIAdultLD50= 2.94893704194063
AIAdultSlopeContact= 2.71078239148483
AIAdultLD50Contact= 86.5106671276104
AILarvaSlope= 6.30189680494368
AILarvaLD50= 76.0812980147779
AIKOW= 80387.3802124422
AIKOC= 25032.0864793768
AIHalfLife= 17.2960469852434
EAppRate= 4.98608038002788
FoliarEnabled= true
FoliarAppDate= 06/07/1989
FoliarForageBegin= 06/05/1989
FoliarForageEnd= 06/28/1989
AIContactFactor= 1.70038213490508
CL4Pollen= 0.678577842190862
CL4Nectar= 2.18067574314773
CL5Pollen= 3.20543094165623
CL5Nectar= 129.274160962086
CLDPollen= 2.8643615366891
CLDNectar= 127.30494774878
CA13Pollen= 6.6217325556092
CA13Nectar= 87.847392950207
CA410Pollen= 6.16346936686896
CA410Nectar= 177.755716107786
CA1120Pollen= 1.95602148352191
CA1120Nectar= 42.310165707022
IPollenTrips= 8.60273700905964
INectarTrips= 8.68406838038936
IPollenLoad= 5.56705718161538
INectarLoad= 7.26657325634733
