ICQueenStrength= 4.16946304985322
RQWkrDrnRatio= 2.26381847821176
ICDroneMiteSurvivorship= 26.5609216410667
ICWorkerMiteSurvivorship= 41.7233522282913
ICForagerLifespan= 5.76644992828369
ImmType= Polynomial
RQQueenStrength= 4.39538191910833
RQEnableReQueen= true
AIAdultSlope= 4.9697368722409
AIAdultLD50= 22.5303307478856
AIAdultSlopeContact= 4.53061084961519
AIAdultLD50Contact= 80.4013866145287
AILarvaSlope= 6.69298554398119
AILarvaLD50= 6.70675722750276
AIKOW= 24389.5036574602
AIKOC= 59999.9614073327
AIHalfLife= 33.5841720729368
EAppRate= 8.8979297952929
FoliarEnabled= true
FoliarAppDate= 06/07/1989
FoliarForageBegin= 06/05/1989
FoliarForageEnd= 06/28/1989
AIContactFactor= 0.476212456668727
CL4Pollen= 0.0148165691643953
CL4Nectar= 84.7019761102274
CL5Pollen= 4.69637126801535
CL5Nectar= 87.0984906563535
CLDPollen= 0.542624346446246
CLDNectar= 1.76656862022355
CA13Pollen= 4.40649716397747
CA13Nectar= 70.407275762409
CA410Pollen= 2.31120436422061
CA410Nectar= 140.518622267991
CA1120Pollen= 2.41144862165675
CA1120Nectar= 76.9341903924942
IPollenTrips= 14.8872638586909
INectarTrips= 11.7872167262249
IPollenLoad= 0.105525066610426
INectarLoad= 3.44741153763607
ESoilP= 1.52495016879402
ESoilFoc= 0.0105336727111135
