ICQueenStrength= 4.90436478191987
RQWkrDrnRatio= 2.06450371071696
ICDroneMiteSurvivorship= 16.1938507575542
ICWorkerMiteSurvivorship= 23.7262665759772
ICForagerLifespan= 10.57487438526
ImmType= Logarithmic
AIAdultSlope= 0.377208642354235
AIAdultLD50= 0.154369965102524
AIAdultSlopeContact= 2.59596142828697
AIAdultLD50Contact= 0.0340124628623016
AILarvaSlope= 2.82751069255173
AILarvaLD50= 0.24666664826218
AIKOW= 4.2558143818751
AIKOC= 26.8489605118521
AIHalfLife= 2.73216726714745
EAppRate= 3.16329930443317
FoliarEnabled= true
