ICQueenStrength= 1.46317444881424
RQWkrDrnRatio= 3.9960216479376
ICDroneMiteSurvivorship= 37.8957167966291
ICWorkerMiteSurvivorship= 20.4595183255151
ICForagerLifespan= 14.0537000196055
ImmType= Logarithmic
RQQueenStrength= 1.81559097394347
RQEnableReQueen= true
AIAdultSlope= 5.704744188115
AIAdultLD50= 75.760620525999
AIAdultSlopeContact= 9.58610054850578
AIAdultLD50Contact= 11.5873921268077
AILarvaSlope= 5.65989999845624
AILarvaLD50= 24.7141833728035
AIKOW= 33574.5988016705
AIKOC= 21434.6653290964
AIHalfLife= 2.32491019994486
EAppRate= 0.845470615582308
FoliarEnabled= true
FoliarAppDate= 06/07/1989
FoliarForageBegin= 06/05/1989
FoliarForageEnd= 06/28/1989
AIContactFactor= 0.724000896122307
CL4Pollen= 0.602261120453477
CL4Nectar= 60.5088162468746
CL5Pollen= 0.0368205872364342
CL5Nectar= 123.589896701742
CLDPollen= 3.12556599872187
CLDNectar= 4.51217691879719
CA13Pollen= 4.73998377826065
CA13Nectar= 37.619693018496
CA410Pollen= 7.51700206021778
CA410Nectar= 188.375199469738
CA1120Pollen= 0.566159413196146
CA1120Nectar= 21.739924903959
IPollenTrips= 12.916828317102
INectarTrips= 7.24995470838621
IPollenLoad= 6.65504591539502
INectarLoad= 4.24443009309471
