ICQueenStrength= 5.21752057154663
RQWkrDrnRatio= 4.71059364266694
ICDroneMiteSurvivorship= 45.5500732408836
ICWorkerMiteSurvivorship= 19.5649519562721
ICForagerLifespan= 5.57001831475645
ImmType= Polynomial
RQQueenStrength= 5.66671300819144
RQEnableReQueen= true
AIAdultSlope= 6.18815386109054
AIAdultLD50= 22.1245938811153
AIAdultSlopeContact= 4.16758778179064
AIAdultLD50Contact= 85.5453499659663
AILarvaSlope= 4.98656984604895
AILarvaLD50= 86.0082661841067
AIKOW= 41709.6302694468
AIKOC= 19040.9627973435
AIHalfLife= 5.31240443522111
EAppRate= 8.39207908041845
FoliarEnabled= true
FoliarAppDate= 06/07/1989
FoliarForageBegin= 06/05/1989
FoliarForageEnd= 06/28/1989
AIContactFactor= 1.03615598286502
CL4Pollen= 1.77469494752586
CL4Nectar= 28.6955609219149
CL5Pollen= 3.99506784556434
CL5Nectar= 91.6380263515748
CLDPollen= 4.69810873316601
CLDNectar= 28.7643849500455
CA13Pollen= 6.47518552029505
CA13Nectar= 75.4019274748862
CA410Pollen= 4.60694614732638
CA410Nectar= 135.129214557819
CA1120Pollen= 0.400146066443995
CA1120Nectar= 65.4885499738157
IPollenTrips= 14.2095945496112
INectarTrips= 10.0033013126813
IPollenLoad= 3.21981968125328
INectarLoad= 6.54094638302922
ESoilP= 1.01332563185133
ESoilFoc= 0.0192814133649226
