ICQueenStrength= 3.10064468206838
RQWkrDrnRatio= 1.67075938917696
ICDroneMiteSurvivorship= 95.6903740298003
ICWorkerMiteSurvivorship= 3.48872363101691
ICForagerLifespan= 8.94308407884091
ImmType= Logarithmic
RQQueenStrength= 4.14412827603519
RQEnableReQueen= true
AIAdultSlope= 2.73371219821274
AIAdultLD50= 72.583679303942
AIAdultSlopeContact= 6.93720726016909
AIAdultLD50Contact= 27.6829865116484
AILarvaSlope= 3.73577971756458
AILarvaLD50= 96.3784146465971
AIKOW= 79787.5914911656
AIKOC= 83493.1754203995
AIHalfLife= 9.01462448739912
EAppRate= 0.68927358521102
FoliarEnabled= true
FoliarAppDate= 06/07/1989
FoliarForageBegin= 06/05/1989
FoliarForageEnd= 06/28/1989
AIContactFactor= 0.673001507106237
CL4Pollen= 0.86128390301019
CL4Nectar= 42.5821120617911
CL5Pollen= 2.15511737577617
CL5Nectar= 16.2190251401626
CLDPollen= 5.78533019637689
CLDNectar= 26.4245310681872
CA13Pollen= 3.91180959232152
CA13Nectar= 31.6967345401645
CA410Pollen= 3.97533855128568
CA410Nectar= 174.707111348398
CA1120Pollen= 2.26405877200887
CA1120Nectar= 98.4976019337773
IPollenTrips= 13.5047105001286
INectarTrips= 12.1186707355082
IPollenLoad= 5.22374572232366
INectarLoad= 8.5323782148771
