ICQueenStrength= 1.70615985430777
RQWkrDrnRatio= 1.93825992569327
ICDroneMiteSurvivorship= 80.5915067438036
ICWorkerMiteSurvivorship= 17.8373238537461
ICForagerLifespan= 14.1342713683844
ImmType= Logarithmic
RQQueenStrength= 1.15656976727769
RQEnableReQueen= true
AIAdultSlope= 5.91520675271749
AIAdultLD50= 0.775343193555251
AIAdultSlopeContact= 7.23295709770173
AIAdultLD50Contact= 18.3624738222254
AILarvaSlope= 3.90883446484804
AILarvaLD50= 48.4525165450051
AIKOW= 63765.3949816353
AIKOC= 27781.2668592641
AIHalfLife= 10.6438944439869
EAppRate= 4.81998870158894
FoliarEnabled= true
FoliarAppDate= 09/01/1989
FoliarForageBegin= 09/01/1989
FoliarForageEnd= 09/08/1989
AIContactFactor= 0.357279166164808
CL4Pollen= 1.84355641622096
CL4Nectar= 4.45213147904724
CL5Pollen= 1.36724247364327
CL5Nectar= 36.7694370914251
CLDPollen= 1.98206678498536
CLDNectar= 125.665087939706
CA13Pollen= 4.23488237643614
CA13Nectar= 58.5626011714339
CA410Pollen= 4.40050239400007
CA410Nectar= 177.775754346512
CA1120Pollen= 0.972948102280498
CA1120Nectar= 48.8446621783078
IPollenTrips= 11.6421910608187
INectarTrips= 14.4699388276786
IPollenLoad= 2.84711116692051
INectarLoad= 8.25051152380183
