ICQueenStrength= 5.17177893803455
RQWkrDrnRatio= 4.04510615766048
ICDroneMiteSurvivorship= 72.0920527586713
ICWorkerMiteSurvivorship= 65.3518354985863
ICForagerLifespan= 8.70474310871214
ImmType= Cosine
RQQueenStrength= 5.54212978831492
RQEnableReQueen= true
AIAdultSlope= 8.29303747974336
AIAdultLD50= 51.566952258433
AIAdultSlopeContact= 2.83493350888602
AIAdultLD50Contact= 23.9461146579515
AILarvaSlope= 7.03201334737241
AILarvaLD50= 61.2997665021089
AIKOW= 43326.1814623191
AIKOC= 29624.8145684192
AIHalfLife= 7.53379455942195
EAppRate= 2.4510740426525
FoliarEnabled= true
FoliarAppDate= 06/07/1989
FoliarForageBegin= 06/05/1989
FoliarForageEnd= 06/28/1989
AIContactFactor= 1.93089333890006
CL4Pollen= 1.66301495674998
CL4Nectar= 95.5563000869006
CL5Pollen= 4.02179974224418
CL5Nectar= 40.1250964030623
CLDPollen= 4.76604959182441
CLDNectar= 132.30587557191
CA13Pollen= 6.55692725377157
CA13Nectar= 41.6423321329057
CA410Pollen= 5.25751325397287
CA410Nectar= 132.562407292426
CA1120Pollen= 0.374275323702022
CA1120Nectar= 68.0235832929611
IPollenTrips= 7.83342724665999
INectarTrips= 12.4506857059896
IPollenLoad= 8.39421578682959
INectarLoad= 6.20773160364479
