ICQueenStrength= 1.54921813192777
RQWkrDrnRatio= 4.17989812511951
ICDroneMiteSurvivorship= 14.9212598334998
ICWorkerMiteSurvivorship= 27.0471842028201
ICForagerLifespan= 9.30022377986461
ImmType= Cosine
RQQueenStrength= 2.90494229551405
RQEnableReQueen= true
AIAdultSlope= 2.12191027589142
AIAdultLD50= 27.2032687037876
AIAdultSlopeContact= 6.44630256853998
AIAdultLD50Contact= 77.0791154714159
AILarvaSlope= 6.26153167709708
AILarvaLD50= 20.2927547121309
AIKOW= 43140.6078676054
AIKOC= 88287.4570681991
AIHalfLife= 12.8404667332536
EAppRate= 9.57018891138001
FoliarEnabled= true
FoliarAppDate= 06/07/1989
FoliarForageBegin= 06/05/1989
FoliarForageEnd= 06/28/1989
AIContactFactor= 1.95230445106048
CL4Pollen= 1.90540660265833
CL4Nectar= 86.3467974588275
CL5Pollen= 3.8154445826076
CL5Nectar= 82.094646000769
CLDPollen= 2.78003131225705
CLDNectar= 101.183548069093
CA13Pollen= 8.05328233987093
CA13Nectar= 98.2251537591219
CA410Pollen= 4.82587493502069
CA410Nectar= 133.07798310183
CA1120Pollen= 2.24754236033186
CA1120Nectar= 37.0550459623337
IPollenTrips= 6.35913932928815
INectarTrips= 14.0211962233298
IPollenLoad= 2.12843592278659
INectarLoad= 5.31071204226464
