ICQueenStrength= 4.29234872711822
RQWkrDrnRatio= 1.61481167841703
ICDroneMiteSurvivorship= 73.5140566714108
ICWorkerMiteSurvivorship= 65.0457319337875
ICForagerLifespan= 10.6526312166825
ImmType= Tangent
RQQueenStrength= 3.91114991297945
RQEnableReQueen= true
AIAdultSlope= 4.23718121089041
AIAdultLD50= 80.9497706846569
AIAdultSlopeContact= 2.53077044500969
AIAdultLD50Contact= 67.3326533673995
AILarvaSlope= 7.82550464384258
AILarvaLD50= 89.2611259444945
AIKOW= 4594.93705447917
AIKOC= 31229.7431494989
AIHalfLife= 18.0354438121896
EAppRate= 6.39681062726839
FoliarEnabled= true
FoliarAppDate= 06/07/1989
FoliarForageBegin= 06/05/1989
FoliarForageEnd= 06/28/1989
AIContactFactor= 0.918691160082817
CL4Pollen= 2.52712919656187
CL4Nectar= 37.9915781784803
CL5Pollen= 4.82498808251694
CL5Nectar= 29.8407250782475
CLDPollen= 3.80618772609159
CLDNectar= 65.1796381222084
CA13Pollen= 7.23004616778344
CA13Nectar= 55.6620270945132
CA410Pollen= 3.20781068659853
CA410Nectar= 181.889423234388
CA1120Pollen= 2.74498594156466
CA1120Nectar= 92.8147751651704
IPollenTrips= 13.5233560414053
INectarTrips= 11.0257153469138
IPollenLoad= 2.5979669042863
INectarLoad= 8.93346870550886
ESoilP= 1.84508200269192
ESoilFoc= 0.00206115408986807
