ICQueenStrength= 5.66469534207135
RQWkrDrnRatio= 2.04812910594046
ICDroneMiteSurvivorship= 10.1376308128238
ICWorkerMiteSurvivorship= 60.6990444939584
ICForagerLifespan= 5.64279629290104
ImmType= Logarithmic
RQQueenStrength= 3.09110588766634
RQEnableReQueen= true
AIAdultSlope= 5.14308217726648
AIAdultLD50= 81.1523500849714
AIAdultSlopeContact= 5.21064036618918
AIAdultLD50Contact= 49.1853605243312
AILarvaSlope= 8.97441728413105
AILarvaLD50= 98.9998873218293
AIKOW= 14543.3760488742
AIKOC= 28848.7118797179
AIHalfLife= 0.327738194097765
EAppRate= 0.0355457604213152
FoliarEnabled= true
FoliarAppDate= 06/07/1989
FoliarForageBegin= 06/05/1989
FoliarForageEnd= 06/28/1989
AIContactFactor= 0.265477766576223
CL4Pollen= 2.13181960117072
CL4Nectar= 16.9785672333091
CL5Pollen= 4.43065805453807
CL5Nectar= 97.7256387588568
CLDPollen= 0.716654340270907
CLDNectar= 79.9690734129399
CA13Pollen= 8.12616625549272
CA13Nectar= 44.6646486967802
CA410Pollen= 9.28959643137641
CA410Nectar= 182.408843864687
CA1120Pollen= 0.231899078702554
CA1120Nectar= 66.3438700512052
IPollenTrips= 7.58148790569976
INectarTrips= 6.10317094950005
IPollenLoad= 0.964087131433189
INectarLoad= 3.44783937558532
