ICQueenStrength= 1.24836057703942
RQWkrDrnRatio= 1.8203738424927
ICDroneMiteSurvivorship= 90.2761917794123
ICWorkerMiteSurvivorship= 44.7426478145644
ICForagerLifespan= 9.92756914719939
ImmType= Cosine
RQQueenStrength= 2.99794506188482
RQEnableReQueen=true
AIAdultSlope= 1.50885098055005
AIAdultLD50= 0.974671009946614
AIAdultSlopeContact= 9.04162270063534
AIAdultLD50Contact= 63.653457534435
AILarvaSlope= 1.51835977658629
AILarvaLD50= 69.7152815600298
AIKOW= 49563.8826308189
AIKOC= 61353.2389938703
AIHalfLife= 13.734717388195
EAppRate= 3.46883268690226
FoliarEnabled=true
FoliarAppDate= 07/01/1989
FoliarForageBegin= 07/01/1989
FoliarForageEnd= 07/14/1989
AIContactFactor= 1.31425090159755
CL4Pollen= 2.08168703597039
CL4Nectar= 77.3572963662446
CL5Pollen= 1.47142186341807
CL5Nectar= 36.6862183785997
CLDPollen= 5.41841916041449
CLDNectar= 125.935366563499
CA13Pollen= 6.51862492766231
CA13Nectar= 84.1416089981794
CA410Pollen= 7.62911792008672
CA410Nectar= 72.8184689581394
CA1120Pollen= 1.5795575408265
CA1120Nectar= 93.9744118787348
IPollenTrips= 13.4952953341417
INectarTrips= 9.86268915701658
IPollenLoad= 2.71104180254042
INectarLoad= 0.271064641419798
