ICQueenStrength= 2.23599227867089
RQWkrDrnRatio= 4.07588286604732
ICDroneMiteSurvivorship= 34.0911188628525
ICWorkerMiteSurvivorship= 21.5436807833612
ICForagerLifespan= 6.93038027826697
ImmType= Logarithmic
AIAdultSlope= 0.824626351548359
AIAdultLD50= 0.140795443579555
AIAdultSlopeContact= 1.33623148448998
AIAdultLD50Contact= 0.00639045309508219
AILarvaSlope= 0.843012568401173
AILarvaLD50= 0.699711182643659
AIKOW= 4.93868140969425
AIKOC= 9.35449095093645
AIHalfLife= 1.22891547696199
EAppRate= 6.902029607445
FoliarEnabled= true
