ICQueenStrength= 5.84773163101636
RQWkrDrnRatio= 3.52361536584795
ICDroneMiteSurvivorship= 83.262028475292
ICWorkerMiteSurvivorship= 92.4756533931941
ICForagerLifespan= 5.15178682468832
ImmType= Tangent
RQQueenStrength= 5.19523859396577
RQEnableReQueen= true
AIAdultSlope= 8.72478287294507
AIAdultLD50= 38.4535383495581
AIAdultSlopeContact= 2.53037447552197
AIAdultLD50Contact= 65.0522606933918
AILarvaSlope= 2.11967988498509
AILarvaLD50= 74.2928905233243
AIKOW= 73855.1013472373
AIKOC= 5445.83441482391
AIHalfLife= 14.3416180174332
EAppRate= 4.68269915592903
FoliarEnabled= true
FoliarAppDate= 06/07/1989
FoliarForageBegin= 06/05/1989
FoliarForageEnd= 06/28/1989
AIContactFactor= 1.65111464687623
CL4Pollen= 0.106369874440134
CL4Nectar= 25.2752975095063
CL5Pollen= 3.43864009995013
CL5Nectar= 5.07391677238047
CLDPollen= 5.89365632738918
CLDNectar= 131.26041503856
CA13Pollen= 3.97458197250962
CA13Nectar= 62.8754705376923
CA410Pollen= 3.3427026994992
CA410Nectar= 77.2669236315414
CA1120Pollen= 1.75847271038219
CA1120Nectar= 98.1669691950083
IPollenTrips= 9.61931209312752
INectarTrips= 13.1424992019311
IPollenLoad= 2.79879372334108
INectarLoad= 7.92460015742108
