ICQueenStrength= 2.55416664085351
RQWkrDrnRatio= 2.60285100433975
ICDroneMiteSurvivorship= 86.1019568517804
ICWorkerMiteSurvivorship= 56.8969686515629
ICForagerLifespan= 4.21566548012197
ImmType= Tangent
RQQueenStrength= 4.88967641862109
RQEnableReQueen= true
AIAdultSlope= 2.724475402385
AIAdultLD50= 94.991003125191
AIAdultSlopeContact= 2.99659418780357
AIAdultLD50Contact= 26.6750698474383
AILarvaSlope= 4.421909192577
AILarvaLD50= 55.3220647205361
AIKOW= 62761.277215069
AIKOC= 17847.9292755609
AIHalfLife= 9.7491362684872
EAppRate= 3.90042319434951
FoliarEnabled= true
FoliarAppDate= 06/07/1989
FoliarForageBegin= 06/05/1989
FoliarForageEnd= 06/28/1989
AIContactFactor= 2.36935749680735
CL4Pollen= 2.6178457159549
CL4Nectar= 73.7901400309056
CL5Pollen= 3.89517817692831
CL5Nectar= 62.8123551257886
CLDPollen= 0.749885666649789
CLDNectar= 112.432394293137
CA13Pollen= 4.93770640045404
CA13Nectar= 38.2364836148918
CA410Pollen= 6.56259997400921
CA410Nectar= 41.3611850980669
CA1120Pollen= 2.54525335645303
CA1120Nectar= 93.4158342517912
IPollenTrips= 6.10749195097014
INectarTrips= 11.0398393054493
IPollenLoad= 0.938250117469579
INectarLoad= 9.76464582374319
ESoilP= 1.21230220724829
ESoilFoc= 0.00636682013049722
