ICQueenStrength= 4.90905094216578
RQWkrDrnRatio= 2.29791250731796
ICDroneMiteSurvivorship= 92.5215838942677
ICWorkerMiteSurvivorship= 6.67143103200942
ICForagerLifespan= 15.2903890972957
ImmType= Logarithmic
RQQueenStrength= 4.7606905202847
RQEnableReQueen= true
AIAdultSlope= 2.03632224909961
AIAdultLD50= 52.1332225257058
AIAdultSlopeContact= 2.78901726938784
AIAdultLD50Contact= 53.1285845749301
AILarvaSlope= 1.25480456277728
AILarvaLD50= 73.6855559535483
AIKOW= 79825.8841886925
AIKOC= 92797.1682656466
AIHalfLife= 4.32398478626274
EAppRate= 6.12762257684325
FoliarEnabled= true
FoliarAppDate= 06/07/1989
FoliarForageBegin= 06/05/1989
FoliarForageEnd= 06/28/1989
AIContactFactor= 0.466113744187169
CL4Pollen= 0.0904382579028606
CL4Nectar= 1.85446417890489
CL5Pollen= 1.4592300192453
CL5Nectar= 126.629055419471
CLDPollen= 3.5442435303703
CLDNectar= 50.6840540911071
CA13Pollen= 2.26597108906135
CA13Nectar= 68.1007901020348
CA410Pollen= 7.47802002343815
CA410Nectar= 56.4244552096352
CA1120Pollen= 0.944076810730621
CA1120Nectar= 44.6168932318687
IPollenTrips= 6.75286096986383
INectarTrips= 10.287491211202
IPollenLoad= 5.26037525851279
INectarLoad= 2.76510890107602
