ICQueenStrength= 2.33646835573018
RQWkrDrnRatio= 1.27773231547326
ICDroneMiteSurvivorship= 65.6365767354146
ICWorkerMiteSurvivorship= 40.7083329278976
ICForagerLifespan= 4.3488174630329
ImmType= Cosine
RQQueenStrength= 1.12727323919535
RQEnableReQueen= true
AIAdultSlope= 5.92674760147929
AIAdultLD50= 0.413892425526166
AIAdultSlopeContact= 5.33488948270679
AIAdultLD50Contact= 22.6687918611134
AILarvaSlope= 5.96157579123974
AILarvaLD50= 31.1679326799568
AIKOW= 96370.6572676988
AIKOC= 11911.6828549297
AIHalfLife= 1.7520597813651
EAppRate= 7.14544295229274
FoliarEnabled= true
FoliarAppDate= 09/01/1989
FoliarForageBegin= 09/01/1989
FoliarForageEnd= 09/08/1989
AIContactFactor= 0.371513337814249
CL4Pollen= 1.50162983965129
CL4Nectar= 49.7318330220878
CL5Pollen= 3.5276908474043
CL5Nectar= 87.8305235761218
CLDPollen= 5.48263926850632
CLDNectar= 47.1056905807927
CA13Pollen= 4.64953407440334
CA13Nectar= 84.064545109868
CA410Pollen= 8.64325980127323
CA410Nectar= 153.366616517305
CA1120Pollen= 2.70607672585174
CA1120Nectar= 31.2128720059991
IPollenTrips= 7.51486792461947
INectarTrips= 9.72519601229578
IPollenLoad= 9.08204721054062
INectarLoad= 4.33373963925987
