ICQueenStrength= 2.28198350896128
RQWkrDrnRatio= 3.3338222457096
ICDroneMiteSurvivorship= 81.5261887153611
ICWorkerMiteSurvivorship= 34.1583119239658
ICForagerLifespan= 14.4019983410835
ImmType= Tangent
RQQueenStrength= 3.51153195044026
RQEnableReQueen= true
AIAdultSlope= 7.11613023467362
AIAdultLD50= 12.0251192548643
AIAdultSlopeContact= 9.65941783715971
AIAdultLD50Contact= 98.3958362599362
AILarvaSlope= 3.60178629867733
AILarvaLD50= 18.8548257559417
AIKOW= 21111.174855031
AIKOC= 2705.19028931065
AIHalfLife= 4.54674275713041
EAppRate= 5.21543581043091
FoliarEnabled= true
FoliarAppDate= 06/07/1989
FoliarForageBegin= 06/05/1989
FoliarForageEnd= 06/28/1989
AIContactFactor= 1.55918241580948
CL4Pollen= 2.14151701331139
CL4Nectar= 8.60861372202635
CL5Pollen= 1.36831207713112
CL5Nectar= 74.9512196634896
CLDPollen= 3.61084747686982
CLDNectar= 36.8772290297784
CA13Pollen= 2.93169190064073
CA13Nectar= 92.1203384548426
CA410Pollen= 3.87953360078391
CA410Nectar= 59.5056889159605
CA1120Pollen= 2.40010883426294
CA1120Nectar= 22.8364710882306
IPollenTrips= 5.85186477284878
INectarTrips= 14.8723601922393
IPollenLoad= 6.21362091973424
INectarLoad= 3.23832466732711
ESoilP= 1.68276030384004
ESoilFoc= 0.00111149061052129
