ICQueenStrength= 1.20119999535382
RQWkrDrnRatio= 3.93192424997687
ICDroneMiteSurvivorship= 6.3391764415428
ICWorkerMiteSurvivorship= 32.2287680814043
ICForagerLifespan= 9.85633521620184
ImmType= Tangent
RQQueenStrength= 4.12674949062057
RQEnableReQueen= true
AIAdultSlope= 7.05250511877239
AIAdultLD50= 94.8149413100448
AIAdultSlopeContact= 9.55642083496787
AIAdultLD50Contact= 91.7084412005031
AILarvaSlope= 3.72189671732485
AILarvaLD50= 30.0685778171169
AIKOW= 89240.2882737251
AIKOC= 86293.1648292521
AIHalfLife= 7.39173706215806
EAppRate= 6.60519221906085
FoliarEnabled= true
FoliarAppDate= 06/07/1989
FoliarForageBegin= 06/05/1989
FoliarForageEnd= 06/28/1989
AIContactFactor= 0.836269405577332
CL4Pollen= 2.6333954455331
CL4Nectar= 80.4089796030894
CL5Pollen= 0.279917961917818
CL5Nectar= 80.3389561129734
CLDPollen= 4.81095277005807
CLDNectar= 4.73011101130396
CA13Pollen= 6.98780568763614
CA13Nectar= 97.2162573039532
CA410Pollen= 3.92001205037814
CA410Nectar= 61.3600849546492
CA1120Pollen= 1.97573682409711
CA1120Nectar= 74.1744713298976
IPollenTrips= 13.3927457919344
INectarTrips= 7.42662311764434
IPollenLoad= 7.84202797804028
INectarLoad= 9.69569635344669
