ICQueenStrength= 2.79399679321796
RQWkrDrnRatio= 4.20607220008969
ICDroneMiteSurvivorship= 25.0423557590693
ICWorkerMiteSurvivorship= 59.3125415034592
ICForagerLifespan= 7.34916740190238
ImmType= Tangent
RQQueenStrength= 4.6160395629704
RQEnableReQueen=true
AIAdultSlope= 2.98257752135396
AIAdultLD50= 0.139305950409733
AIAdultSlopeContact= 2.18917643558234
AIAdultLD50Contact= 31.1355516629089
AILarvaSlope= 5.54519688338041
AILarvaLD50= 66.8310010134953
AIKOW= 45851.2757105525
AIKOC= 6683.03598025022
AIHalfLife= 9.72523763098288
EAppRate= 3.11024216571823
FoliarEnabled=true
FoliarAppDate= 07/01/1989
FoliarForageBegin= 07/01/1989
FoliarForageEnd= 07/14/1989
AIContactFactor= 1.34398740559816
CL4Pollen= 2.99446921423078
CL4Nectar= 35.8744539087638
CL5Pollen= 2.29210861958563
CL5Nectar= 111.600199097302
CLDPollen= 1.71450384892523
CLDNectar= 127.940517535899
CA13Pollen= 6.50195101583376
CA13Nectar= 69.4367341510952
CA410Pollen= 2.95725655900314
CA410Nectar= 131.708220448345
CA1120Pollen= 1.44970537559129
CA1120Nectar= 97.6147180050611
IPollenTrips= 14.2851908458397
INectarTrips= 8.83189245127141
IPollenLoad= 7.88713717833161
INectarLoad= 8.77701520454139
