ICQueenStrength= 1.23698528646491
RQWkrDrnRatio= 3.88266571797431
ICDroneMiteSurvivorship= 45.7133895717561
ICWorkerMiteSurvivorship= 80.3675689734519
ICForagerLifespan= 9.35460980050266
ImmType= Exponential
AIAdultSlope= 1.75261063811369
AIAdultLD50= 0.0809265898540616
AIAdultSlopeContact= 3.55597372568445
AIAdultLD50Contact= 0.006780485145282
AILarvaSlope= 3.02944895266555
AILarvaLD50= 0.131671296595596
AIKOW= 5.26660140324384
AIKOC= 27.3374127876014
AIHalfLife= 1.52664977738168
EAppRate= 5.21480219205841
FoliarEnabled= true
