ICQueenStrength= 4.09492067620158
RQWkrDrnRatio= 1.70209823455662
ICDroneMiteSurvivorship= 61.9721683673561
ICWorkerMiteSurvivorship= 48.8856918411329
ICForagerLifespan= 9.26175985205919
ImmType= Sine
RQQueenStrength= 1.75165421329439
RQEnableReQueen=true
AIAdultSlope= 6.27790637686849
AIAdultLD50= 0.781117325407453
AIAdultSlopeContact= 6.75391038088128
AIAdultLD50Contact= 88.2428339848958
AILarvaSlope= 1.25824843905866
AILarvaLD50= 80.3660908430838
AIKOW= 52089.1008147915
AIKOC= 48667.2441351982
AIHalfLife= 6.76231479169801
EAppRate= 3.31252101287432
FoliarEnabled=true
FoliarAppDate= 07/01/1989
FoliarForageBegin= 07/01/1989
FoliarForageEnd= 07/14/1989
AIContactFactor= 0.458563935109414
CL4Pollen= 2.67682954762131
CL4Nectar= 84.7167240921408
CL5Pollen= 5.94704623287544
CL5Nectar= 26.8062505521812
CLDPollen= 2.84712800569832
CLDNectar= 27.3079900885932
CA13Pollen= 7.23734587645158
CA13Nectar= 68.7039411067963
CA410Pollen= 6.85517850581091
CA410Nectar= 61.2768541648984
CA1120Pollen= 0.876929134363309
CA1120Nectar= 72.4633168429136
IPollenTrips= 12.553432029672
INectarTrips= 6.77879306254908
IPollenLoad= 2.58627422619611
INectarLoad= 4.35350067447871
