ICQueenStrength= 2.04943135986105
RQWkrDrnRatio= 2.05961303133518
ICDroneMiteSurvivorship= 19.9886980466545
ICWorkerMiteSurvivorship= 35.3200860321522
ICForagerLifespan= 9.64016030076891
ImmType= Logarithmic
RQQueenStrength= 1.01284937257878
RQEnableReQueen= true
AIAdultSlope= 1.69277007691562
AIAdultLD50= 22.4282292452413
AIAdultSlopeContact= 6.16384726343676
AIAdultLD50Contact= 65.9540742347017
AILarvaSlope= 8.7321500852704
AILarvaLD50= 68.9583355660243
AIKOW= 97290.8991769771
AIKOC= 76512.7029693252
AIHalfLife= 19.170051882253
EAppRate= 2.78618748037773
FoliarEnabled= true
FoliarAppDate= 06/07/1989
FoliarForageBegin= 06/05/1989
FoliarForageEnd= 06/28/1989
AIContactFactor= 1.75601477828342
CL4Pollen= 1.58637108374387
CL4Nectar= 45.3483897959813
CL5Pollen= 1.45386980473995
CL5Nectar= 14.4703775527887
CLDPollen= 4.85201915726066
CLDNectar= 8.62494364846498
CA13Pollen= 5.62244940204546
CA13Nectar= 72.2591640427709
CA410Pollen= 8.88120090642478
CA410Nectar= 32.939254231751
CA1120Pollen= 2.37563259294257
CA1120Nectar= 66.4936872199178
IPollenTrips= 7.72004320751876
INectarTrips= 13.2005209242925
IPollenLoad= 0.596306556835771
INectarLoad= 8.1128072575666
ESoilP= 1.50564484414645
ESoilFoc= 0.0110525325902272
