ICQueenStrength= 4.98379021906294
RQWkrDrnRatio= 1.97046453692019
ICDroneMiteSurvivorship= 6.01640120148659
ICWorkerMiteSurvivorship= 65.9906514920294
ICForagerLifespan= 14.9769276361912
ImmType= Logarithmic
RQQueenStrength= 2.87236200785264
RQEnableReQueen= true
AIAdultSlope= 2.11449736543
AIAdultLD50= 77.9818322934581
AIAdultSlopeContact= 3.36074423813261
AIAdultLD50Contact= 15.6025578916972
AILarvaSlope= 4.79823449254036
AILarvaLD50= 69.7616871303497
AIKOW= 97389.4940505745
AIKOC= 97797.165557734
AIHalfLife= 22.1979949160945
EAppRate= 9.01888138367329
FoliarEnabled= true
FoliarAppDate= 06/07/1989
FoliarForageBegin= 06/05/1989
FoliarForageEnd= 06/28/1989
AIContactFactor= 2.23764507383574
CL4Pollen= 0.698755954392254
CL4Nectar= 14.7546227322891
CL5Pollen= 2.12729583866894
CL5Nectar= 144.678750203457
CLDPollen= 0.244163823779672
CLDNectar= 12.528770416975
CA13Pollen= 4.0060023621656
CA13Nectar= 62.8651036694646
CA410Pollen= 8.44621267269831
CA410Nectar= 139.029322192073
CA1120Pollen= 1.67346466728486
CA1120Nectar= 71.0410407930613
IPollenTrips= 14.9134858208708
INectarTrips= 12.8417318221182
IPollenLoad= 8.38027251884341
INectarLoad= 2.38666492514312
