ICQueenStrength= 5.76051146746613
RQWkrDrnRatio= 3.41318829357624
ICDroneMiteSurvivorship= 86.6254874505103
ICWorkerMiteSurvivorship= 87.9261142108589
ICForagerLifespan= 13.2239580294117
ImmType= Polynomial
RQQueenStrength= 5.16463214205578
RQEnableReQueen= true
AIAdultSlope= 2.12048675864935
AIAdultLD50= 29.7074170488957
AIAdultSlopeContact= 5.91254383162595
AIAdultLD50Contact= 93.7236177202459
AILarvaSlope= 3.40290651842952
AILarvaLD50= 10.6122538011656
AIKOW= 30948.5797205386
AIKOC= 71257.4331546647
AIHalfLife= 5.92282050037756
EAppRate= 0.640095339735504
FoliarEnabled= true
FoliarAppDate= 06/07/1989
FoliarForageBegin= 06/05/1989
FoliarForageEnd= 06/28/1989
AIContactFactor= 1.45661328930408
CL4Pollen= 1.15352663956583
CL4Nectar= 3.83054413832724
CL5Pollen= 4.83257967140526
CL5Nectar= 63.2167072501034
CLDPollen= 0.0274346801452339
CLDNectar= 75.3976147505455
CA13Pollen= 7.9755831242539
CA13Nectar= 81.2746793590486
CA410Pollen= 6.31596074979752
CA410Nectar= 29.9844930926338
CA1120Pollen= 1.98716276488267
CA1120Nectar= 25.7311439327896
IPollenTrips= 13.7208408629522
INectarTrips= 12.3283139197156
IPollenLoad= 5.70404232479632
INectarLoad= 8.33973302040249
