ICQueenStrength= 4.20107004721649
RQWkrDrnRatio= 1.61769176926464
ICDroneMiteSurvivorship= 56.3281084876508
ICWorkerMiteSurvivorship= 19.7964697377756
ICForagerLifespan= 13.0535523146391
ImmType= Polynomial
RQQueenStrength= 5.16126715252176
RQEnableReQueen= true
AIAdultSlope= 7.86668521538377
AIAdultLD50= 0.281985245836899
AIAdultSlopeContact= 3.59236858109944
AIAdultLD50Contact= 57.2923540598175
AILarvaSlope= 5.09717045165598
AILarvaLD50= 54.678712984063
AIKOW= 71715.046965586
AIKOC= 93007.0911408756
AIHalfLife= 6.95063639814034
EAppRate= 2.29168827547203
FoliarEnabled= true
FoliarAppDate= 09/01/1989
FoliarForageBegin= 09/01/1989
FoliarForageEnd= 09/08/1989
AIContactFactor= 1.40488121700473
CL4Pollen= 0.135284292511642
CL4Nectar= 78.5476018674672
CL5Pollen= 4.045507339295
CL5Nectar= 114.374962414149
CLDPollen= 2.03423407254741
CLDNectar= 103.777220612392
CA13Pollen= 6.95848613958806
CA13Nectar= 70.8993782661855
CA410Pollen= 7.10496507207863
CA410Nectar= 79.0116909146309
CA1120Pollen= 2.90673270891421
CA1120Nectar= 98.9984359592199
IPollenTrips= 9.50824757339433
INectarTrips= 8.26711408095434
IPollenLoad= 7.22905327798799
INectarLoad= 7.26254975656047
