ICQueenStrength= 3.14421534352005
RQWkrDrnRatio= 1.86712475121021
ICDroneMiteSurvivorship= 87.2632566373795
ICWorkerMiteSurvivorship= 73.7322953995317
ICForagerLifespan= 7.44270745757967
ImmType= Tangent
RQQueenStrength= 3.6936774244532
RQEnableReQueen=true
AIAdultSlope= 4.76487586461008
AIAdultLD50= 0.246333757898305
AIAdultSlopeContact= 2.72964240494184
AIAdultLD50Contact= 54.4869250597507
AILarvaSlope= 6.57952372916043
AILarvaLD50= 70.7700598353811
AIKOW= 52999.7911039828
AIKOC= 5475.98342322675
AIHalfLife= 19.6404354131315
EAppRate= 1.72831137630017
FoliarEnabled=true
FoliarAppDate= 07/01/1989
FoliarForageBegin= 07/01/1989
FoliarForageEnd= 07/14/1989
AIContactFactor= 1.5014430267876
CL4Pollen= 0.432538563385606
CL4Nectar= 90.6197949545458
CL5Pollen= 3.00529648689553
CL5Nectar= 112.259980570525
CLDPollen= 3.35895813675597
CLDNectar= 8.60878651728854
CA13Pollen= 3.24045832809061
CA13Nectar= 79.2373518273234
CA410Pollen= 2.53042994039133
CA410Nectar= 197.188760847785
CA1120Pollen= 0.177138699917123
CA1120Nectar= 72.9071635007858
IPollenTrips= 6.95597135927528
INectarTrips= 7.08245024783537
IPollenLoad= 8.67652657907456
INectarLoad= 6.7984768957831
