ICQueenStrength= 2.75026016426273
RQWkrDrnRatio= 1.46758422721177
ICDroneMiteSurvivorship= 25.1475958386436
ICWorkerMiteSurvivorship= 6.31002236623317
ICForagerLifespan= 6.04323497787118
ImmType= Tangent
RQQueenStrength= 1.93609566567466
RQEnableReQueen= true
AIAdultSlope= 5.57765807397664
AIAdultLD50= 0.170883997507859
AIAdultSlopeContact= 1.44608665327542
AIAdultLD50Contact= 86.6473492695291
AILarvaSlope= 8.83760456554592
AILarvaLD50= 17.2054318327424
AIKOW= 20018.3046171162
AIKOC= 54430.7794893836
AIHalfLife= 32.8373139267089
EAppRate= 9.40903664152464
FoliarEnabled= true
FoliarAppDate= 09/01/1989
FoliarForageBegin= 09/01/1989
FoliarForageEnd= 09/08/1989
AIContactFactor= 0.756564813568257
CL4Pollen= 1.62360700499266
CL4Nectar= 44.9081234866753
CL5Pollen= 0.608323143795133
CL5Nectar= 47.535573982168
CLDPollen= 2.5687269475311
CLDNectar= 0.130875455215573
CA13Pollen= 4.7546092716977
CA13Nectar= 26.8941204994917
CA410Pollen= 9.06774654556066
CA410Nectar= 168.345911777578
CA1120Pollen= 2.99944088654593
CA1120Nectar= 78.9802783168852
IPollenTrips= 9.04025102267042
INectarTrips= 12.3345538182184
IPollenLoad= 6.82792907813564
INectarLoad= 3.27288096770644
