ICQueenStrength= 4.65569195011631
RQWkrDrnRatio= 3.90613644290715
ICDroneMiteSurvivorship= 39.0535125508904
ICWorkerMiteSurvivorship= 60.4494298109785
ICForagerLifespan= 11.3684045337141
ImmType= Polynomial
RQQueenStrength= 3.14574097772129
RQEnableReQueen= true
AIAdultSlope= 5.95822389610112
AIAdultLD50= 13.6991301624109
AIAdultSlopeContact= 8.9048982297536
AIAdultLD50Contact= 75.0227665935489
AILarvaSlope= 4.99881699867547
AILarvaLD50= 65.8897266117244
AIKOW= 7193.47783832386
AIKOC= 43004.9835801579
AIHalfLife= 27.4390631630318
EAppRate= 3.64206785433041
FoliarEnabled= true
FoliarAppDate= 06/07/1989
FoliarForageBegin= 06/05/1989
FoliarForageEnd= 06/28/1989
AIContactFactor= 1.05802475108765
CL4Pollen= 0.193638798780739
CL4Nectar= 67.9885184159502
CL5Pollen= 2.27524956967682
CL5Nectar= 111.619589407928
CLDPollen= 4.07562623452395
CLDNectar= 131.363111862447
CA13Pollen= 5.11958726476878
CA13Nectar= 78.3354706317186
CA410Pollen= 4.98071581237018
CA410Nectar= 77.0861538080499
CA1120Pollen= 1.3562834803015
CA1120Nectar= 27.0995433069766
IPollenTrips= 8.60138460993767
INectarTrips= 8.45051516313106
IPollenLoad= 5.0539456284605
INectarLoad= 2.27958882693201
