ICQueenStrength= 5.11663433304057
RQWkrDrnRatio= 2.91884253360331
ICDroneMiteSurvivorship= 28.9411234902218
ICWorkerMiteSurvivorship= 87.7997757401317
ICForagerLifespan= 5.06128585711122
ImmType= Exponential
RQQueenStrength= 3.50099315075204
RQEnableReQueen= true
AIAdultSlope= 2.11281008273363
AIAdultLD50= 57.6008946974569
AIAdultSlopeContact= 6.05774074071087
AIAdultLD50Contact= 55.8279298001297
AILarvaSlope= 5.64655200764537
AILarvaLD50= 30.2995617363986
AIKOW= 32861.9946342792
AIKOC= 3784.35919332108
AIHalfLife= 27.8826596876606
EAppRate= 8.11516140889656
FoliarEnabled= true
FoliarAppDate= 06/07/1989
FoliarForageBegin= 06/05/1989
FoliarForageEnd= 06/28/1989
AIContactFactor= 0.480796241029166
CL4Pollen= 3.31255713198334
CL4Nectar= 70.1756075955927
CL5Pollen= 4.69330273009837
CL5Nectar= 34.8308251937851
CLDPollen= 3.09875679155812
CLDNectar= 109.560573915951
CA13Pollen= 5.59971994515508
CA13Nectar= 76.7731776833534
CA410Pollen= 2.25558566392865
CA410Nectar= 80.1774110551924
CA1120Pollen= 2.51548907510005
CA1120Nectar= 52.7179248631001
IPollenTrips= 14.139164746739
INectarTrips= 14.5505118789151
IPollenLoad= 4.92692662868649
INectarLoad= 4.22327613923699
ESoilP= 1.16998309409246
ESoilFoc= 0.0174211324157659
