ICQueenStrength= 1.49757730448619
RQWkrDrnRatio= 3.62418606691062
ICDroneMiteSurvivorship= 14.2933185445145
ICWorkerMiteSurvivorship= 13.3986332686618
ICForagerLifespan= 7.73277111258358
ImmType= Tangent
AIAdultSlope= 0.278451287294738
AIAdultLD50= 0.174251488922164
AIAdultSlopeContact= 1.98208411550615
AIAdultLD50Contact= 0.033758018584922
AILarvaSlope= 1.65497805885971
AILarvaLD50= 0.858721286058426
AIKOW= 5.46930210664868
AIKOC= 6.40021485858597
AIHalfLife= 0.407466541882604
EAppRate= 6.55300805578008
FoliarEnabled= true
