ICQueenStrength= 4.62963025923818
RQWkrDrnRatio= 4.66385305020958
ICDroneMiteSurvivorship= 21.7586671700701
ICWorkerMiteSurvivorship= 94.3541856948286
ICForagerLifespan= 4.57203255128115
ImmType= Tangent
RQQueenStrength= 3.93423340306617
RQEnableReQueen= true
AIAdultSlope= 2.93807016126812
AIAdultLD50= 77.0163360868394
AIAdultSlopeContact= 8.42462960956618
AIAdultLD50Contact= 96.5874710279678
AILarvaSlope= 5.60943580977619
AILarvaLD50= 91.01181827563
AIKOW= 25938.33129137
AIKOC= 68371.6317502914
AIHalfLife= 29.6190204393119
EAppRate= 7.82902330407943
FoliarEnabled= true
FoliarAppDate= 06/07/1989
FoliarForageBegin= 06/05/1989
FoliarForageEnd= 06/28/1989
AIContactFactor= 0.873205508352257
CL4Pollen= 1.91033332515508
CL4Nectar= 11.8617287371308
CL5Pollen= 5.76882269047201
CL5Nectar= 133.920178853441
CLDPollen= 1.70908330986276
CLDNectar= 53.780370648019
CA13Pollen= 4.67768099699169
CA13Nectar= 67.3928559198976
CA410Pollen= 9.41006862663198
CA410Nectar= 157.596063208766
CA1120Pollen= 2.05252002133057
CA1120Nectar= 92.8899343684316
IPollenTrips= 14.5935345161706
INectarTrips= 13.923294483684
IPollenLoad= 9.76067599374801
INectarLoad= 2.89727675961331
