ICQueenStrength= 3.85285456222482
RQWkrDrnRatio= 3.49171365052462
ICDroneMiteSurvivorship= 37.6365939853713
ICWorkerMiteSurvivorship= 4.57270836923271
ICForagerLifespan= 14.1908645955846
ImmType= Tangent
RQQueenStrength= 5.08089171629399
RQEnableReQueen= true
AIAdultSlope= 2.58288306742907
AIAdultLD50= 30.3369473515192
AIAdultSlopeContact= 8.293718715664
AIAdultLD50Contact= 77.6734081398249
AILarvaSlope= 1.44708680547774
AILarvaLD50= 60.1722732430662
AIKOW= 14727.2573375068
AIKOC= 63652.7973730296
AIHalfLife= 23.3937796579208
EAppRate= 0.704572194981854
FoliarEnabled= true
FoliarAppDate= 06/07/1989
FoliarForageBegin= 06/05/1989
FoliarForageEnd= 06/28/1989
AIContactFactor= 0.771626942325383
CL4Pollen= 3.83570804260671
CL4Nectar= 78.0514006968588
CL5Pollen= 2.29306342173368
CL5Nectar= 32.9006023937836
CLDPollen= 3.35472197178751
CLDNectar= 28.3459833241068
CA13Pollen= 2.81193908983842
CA13Nectar= 35.240545514971
CA410Pollen= 4.93930296585895
CA410Nectar= 24.7931253630668
CA1120Pollen= 0.425829680403695
CA1120Nectar= 84.1043469496071
IPollenTrips= 11.3615190144628
INectarTrips= 7.76383086107671
IPollenLoad= 5.48782146535814
INectarLoad= 1.84932277305052
