ICQueenStrength= 5.49726596125402
RQWkrDrnRatio= 4.64880857244134
ICDroneMiteSurvivorship= 0.662241270765662
ICWorkerMiteSurvivorship= 97.0236426452175
ICForagerLifespan= 6.94632145389915
ImmType= Polynomial
RQQueenStrength= 2.07022075797431
RQEnableReQueen= true
AIAdultSlope= 6.02075643092394
AIAdultLD50= 0.847690429176437
AIAdultSlopeContact= 4.42427451396361
AIAdultLD50Contact= 35.5698552171979
AILarvaSlope= 4.79306144826114
AILarvaLD50= 32.7924677567547
AIKOW= 56135.8659387343
AIKOC= 68624.2688193147
AIHalfLife= 24.5579715822125
EAppRate= 6.56549946271675
FoliarEnabled= true
FoliarAppDate= 09/01/1989
FoliarForageBegin= 09/01/1989
FoliarForageEnd= 09/08/1989
AIContactFactor= 0.775906145316549
CL4Pollen= 2.66743828076869
CL4Nectar= 97.5383105222136
CL5Pollen= 5.55221030814573
CL5Nectar= 5.87878287769854
CLDPollen= 5.62255796603858
CLDNectar= 25.0912685645744
CA13Pollen= 3.20309795606881
CA13Nectar= 74.7865792922676
CA410Pollen= 3.38194481711835
CA410Nectar= 95.310831242241
CA1120Pollen= 0.868095048470423
CA1120Nectar= 36.3022457808256
IPollenTrips= 13.0113347899169
INectarTrips= 12.9901429498568
IPollenLoad= 9.74457106553018
INectarLoad= 4.96061700163409
