ICQueenStrength= 5.56486384617165
RQWkrDrnRatio= 4.57764176744968
ICDroneMiteSurvivorship= 45.2694793697447
ICWorkerMiteSurvivorship= 52.7473230846226
ICForagerLifespan= 15.2850006315857
ImmType= Polynomial
AIAdultSlope= 0.840162406763993
AIAdultLD50= 0.173371798265725
AIAdultSlopeContact= 2.3512809741497
AIAdultLD50Contact= 0.0234289976186119
AILarvaSlope= 0.110036074090749
AILarvaLD50= 0.692045064456761
AIKOW= 5.31779839750379
AIKOC= 13.9625003223773
AIHalfLife= 0.380638975067995
EAppRate= 7.20222524600103
FoliarEnabled= true
