ICQueenStrength= 2.99810018483549
RQWkrDrnRatio= 3.46502153389156
ICDroneMiteSurvivorship= 4.60484530776739
ICWorkerMiteSurvivorship= 75.0038005877286
ICForagerLifespan= 7.88179086241871
ImmType= Polynomial
RQQueenStrength= 3.17863325309008
RQEnableReQueen=true
AIAdultSlope= 4.12608822435141
AIAdultLD50= 0.953604038945399
AIAdultSlopeContact= 8.69517563213594
AIAdultLD50Contact= 26.8081934181023
AILarvaSlope= 1.39892081171274
AILarvaLD50= 66.3016097502117
AIKOW= 5922.2102412272
AIKOC= 44586.7370593643
AIHalfLife= 34.59355985031
EAppRate= 8.8100889311228
FoliarEnabled=true
FoliarAppDate= 07/01/1989
FoliarForageBegin= 07/01/1989
FoliarForageEnd= 07/14/1989
AIContactFactor= 2.35174296637997
CL4Pollen= 1.82787736319005
CL4Nectar= 10.0251398747787
CL5Pollen= 0.667590069584548
CL5Nectar= 17.8627775399946
CLDPollen= 4.34388142079115
CLDNectar= 85.2726131211966
CA13Pollen= 7.49554036771879
CA13Nectar= 55.0894306413829
CA410Pollen= 6.35602426899131
CA410Nectar= 162.327331006527
CA1120Pollen= 0.496902894694358
CA1120Nectar= 91.8169266916811
IPollenTrips= 7.31065287720412
INectarTrips= 14.9875142914243
IPollenLoad= 3.82314946036786
INectarLoad= 3.65337060764432
