ICQueenStrength= 2.72531534917653
RQWkrDrnRatio= 3.94864044245332
ICDroneMiteSurvivorship= 88.9858630020171
ICWorkerMiteSurvivorship= 97.8142093634233
ICForagerLifespan= 6.5370306968689
ImmType= Exponential
AIAdultSlope= 1.38248430405976
AIAdultLD50= 0.0419639622792602
AIAdultSlopeContact= 0.0621782524511218
AIAdultLD50Contact= 0.0407366942265071
AILarvaSlope= 0.265398718975484
AILarvaLD50= 0.408021540893242
AIKOW= 4.1613207673654
AIKOC= 12.7152632991783
AIHalfLife= 2.66646102997474
EAppRate= 6.3952672178857
FoliarEnabled= true
