ICQueenStrength= 4.5940675821621
RQWkrDrnRatio= 2.02442551869899
ICDroneMiteSurvivorship= 48.997022327967
ICWorkerMiteSurvivorship= 51.1044711340219
ICForagerLifespan= 9.57643052842468
ImmType= Tangent
RQQueenStrength= 2.43473347765394
RQEnableReQueen= true
AIAdultSlope= 3.11688335984945
AIAdultLD50= 64.2239692118457
AIAdultSlopeContact= 8.97102448460646
AIAdultLD50Contact= 43.244971668879
AILarvaSlope= 1.28601181693375
AILarvaLD50= 26.5178742270989
AIKOW= 37728.7669911267
AIKOC= 31651.2820507491
AIHalfLife= 11.8574741040589
EAppRate= 1.86338916822383
FoliarEnabled= true
FoliarAppDate= 06/07/1989
FoliarForageBegin= 06/05/1989
FoliarForageEnd= 06/28/1989
AIContactFactor= 0.985686855507083
CL4Pollen= 0.484374262392521
CL4Nectar= 32.5695214327425
CL5Pollen= 3.05775031540543
CL5Nectar= 13.374510104768
CLDPollen= 4.68956901552156
CLDNectar= 104.787699098233
CA13Pollen= 7.53161713089794
CA13Nectar= 26.7370742373168
CA410Pollen= 7.48014661886264
CA410Nectar= 72.3037236696109
CA1120Pollen= 0.591097885742784
CA1120Nectar= 51.2009073421359
IPollenTrips= 12.4808880896308
INectarTrips= 11.4625448919833
IPollenLoad= 1.41502743121237
INectarLoad= 1.7269540973939
ESoilP= 1.77726429956965
ESoilFoc= 0.0187288401732221
