ICQueenStrength= 1.8425507240463
RQWkrDrnRatio= 1.44396960549057
ICDroneMiteSurvivorship= 57.955640507862
ICWorkerMiteSurvivorship= 19.3668200401589
ICForagerLifespan= 7.09885697346181
ImmType= Logarithmic
RQQueenStrength= 1.0045586260967
RQEnableReQueen= true
AIAdultSlope= 7.78832985647023
AIAdultLD50= 81.7906574097299
AIAdultSlopeContact= 2.05112181743607
AIAdultLD50Contact= 7.34489549562149
AILarvaSlope= 5.34352583996952
AILarvaLD50= 72.1418191007627
AIKOW= 90399.8101417093
AIKOC= 11229.1194308586
AIHalfLife= 7.23025622218847
EAppRate= 6.29564969694638
FoliarEnabled= true
FoliarAppDate= 06/07/1989
FoliarForageBegin= 06/05/1989
FoliarForageEnd= 06/28/1989
AIContactFactor= 1.70868197161239
CL4Pollen= 0.907442591153085
CL4Nectar= 39.5221532089636
CL5Pollen= 0.385683932807297
CL5Nectar= 77.3238895344548
CLDPollen= 2.99132943945006
CLDNectar= 84.0274524176493
CA13Pollen= 2.72100194059312
CA13Nectar= 60.155274104327
CA410Pollen= 6.85154762642924
CA410Nectar= 84.9268731148914
CA1120Pollen= 1.19755134405568
CA1120Nectar= 78.0220472998917
IPollenTrips= 10.4934932664037
INectarTrips= 8.9233076502569
IPollenLoad= 4.86230553826317
INectarLoad= 6.60322027979419
ESoilP= 1.87515453388914
ESoilFoc= 0.00315232613449916
