ICQueenStrength= 3.25516261998564
RQWkrDrnRatio= 1.61516923084855
ICDroneMiteSurvivorship= 90.9088951302692
ICWorkerMiteSurvivorship= 74.2418297333643
ICForagerLifespan= 12.5827921526507
ImmType= Polynomial
AIAdultSlope= 2.3806267482508
AIAdultLD50= 0.18769403276965
AIAdultSlopeContact= 0.947787396248896
AIAdultLD50Contact= 0.0221361079369672
AILarvaSlope= 1.96608015066013
AILarvaLD50= 0.240211767260917
AIKOW= 5.50522792991251
AIKOC= 7.00195143697783
AIHalfLife= 0.171743944357149
EAppRate= 6.94271353073418
FoliarEnabled= true
