ICQueenStrength= 1.24554761359468
RQWkrDrnRatio= 3.1431408431381
ICDroneMiteSurvivorship= 34.5294137485325
ICWorkerMiteSurvivorship= 27.9883531853557
ICForagerLifespan= 11.006464259699
ImmType= Sine
RQQueenStrength= 1.74319934938103
RQEnableReQueen= true
AIAdultSlope= 8.1370371542871
AIAdultLD50= 0.949388425017707
AIAdultSlopeContact= 7.61911475053057
AIAdultLD50Contact= 88.5273256694288
AILarvaSlope= 5.82459346018732
AILarvaLD50= 82.1458652934327
AIKOW= 26962.5319096625
AIKOC= 89564.0925092846
AIHalfLife= 20.9703274529427
EAppRate= 0.75361030672281
FoliarEnabled= true
FoliarAppDate= 09/01/1989
FoliarForageBegin= 09/01/1989
FoliarForageEnd= 09/08/1989
AIContactFactor= 1.04935057047289
CL4Pollen= 3.30656200740486
CL4Nectar= 51.4631083235145
CL5Pollen= 0.39058165345341
CL5Nectar= 59.3072617775761
CLDPollen= 2.50567822158337
CLDNectar= 38.9217329327948
CA13Pollen= 7.49963454604149
CA13Nectar= 57.6456386782229
CA410Pollen= 8.70954956815112
CA410Nectar= 150.976118058898
CA1120Pollen= 1.86344396928325
CA1120Nectar= 91.2852043844759
IPollenTrips= 9.72884752321988
INectarTrips= 8.15417553065345
IPollenLoad= 1.4178221183829
INectarLoad= 7.75986171793193
