ICQueenStrength= 3.80591962859035
RQWkrDrnRatio= 4.00248668901622
ICDroneMiteSurvivorship= 60.866470541805
ICWorkerMiteSurvivorship= 88.9466234482825
ICForagerLifespan= 13.0282900771126
ImmType= Cosine
RQQueenStrength= 1.3637060127221
RQEnableReQueen= true
AIAdultSlope= 7.82052874006331
AIAdultLD50= 81.5851253738515
AIAdultSlopeContact= 6.68841909081675
AIAdultLD50Contact= 4.92748515080987
AILarvaSlope= 6.4252382684499
AILarvaLD50= 31.7597473566055
AIKOW= 1272.60619846568
AIKOC= 96287.3833387312
AIHalfLife= 22.2939037147677
EAppRate= 1.44279049501359
FoliarEnabled= true
FoliarAppDate= 06/07/1989
FoliarForageBegin= 06/05/1989
FoliarForageEnd= 06/28/1989
AIContactFactor= 1.53061321272049
CL4Pollen= 0.0374829592183232
CL4Nectar= 38.7404743116349
CL5Pollen= 3.42673975881189
CL5Nectar= 16.2107109907083
CLDPollen= 1.11903256550431
CLDNectar= 3.15023720031604
CA13Pollen= 4.38592008622363
CA13Nectar= 90.3708052635193
CA410Pollen= 6.18757223659195
CA410Nectar= 145.752729112282
CA1120Pollen= 0.251808276632801
CA1120Nectar= 64.023587051779
IPollenTrips= 8.75219760928303
INectarTrips= 6.26194544835016
IPollenLoad= 7.3950205813162
INectarLoad= 7.25592808797956
