ICQueenStrength= 3.92172137647867
RQWkrDrnRatio= 1.80064307898283
ICDroneMiteSurvivorship= 89.696762082167
ICWorkerMiteSurvivorship= 7.91786902118474
ICForagerLifespan= 10.5656991181895
ImmType= Polynomial
RQQueenStrength= 2.9553600542713
RQEnableReQueen= true
AIAdultSlope= 3.97184186242521
AIAdultLD50= 89.6781383839003
AIAdultSlopeContact= 7.32475625863299
AIAdultLD50Contact= 92.0181034652689
AILarvaSlope= 1.95662913098931
AILarvaLD50= 32.5798864711039
AIKOW= 88662.1252562806
AIKOC= 47269.1267953271
AIHalfLife= 2.42283629085869
EAppRate= 8.34840332072112
FoliarEnabled= true
FoliarAppDate= 06/07/1989
FoliarForageBegin= 06/05/1989
FoliarForageEnd= 06/28/1989
AIContactFactor= 1.94786777127068
CL4Pollen= 1.30480982735753
CL4Nectar= 6.59358059056103
CL5Pollen= 0.152385788038373
CL5Nectar= 63.1413728347979
CLDPollen= 2.68908081483096
CLDNectar= 111.736843187828
CA13Pollen= 6.77942233793437
CA13Nectar= 53.7026778608561
CA410Pollen= 3.87797109824605
CA410Nectar= 121.047836416401
CA1120Pollen= 2.54466157034039
CA1120Nectar= 32.4167961068451
IPollenTrips= 7.13317078072578
INectarTrips= 9.03407411184162
IPollenLoad= 2.55707507254556
INectarLoad= 6.24289522645995
