ICQueenStrength= 1.24081669049338
RQWkrDrnRatio= 4.07980579137802
ICDroneMiteSurvivorship= 35.3315558750182
ICWorkerMiteSurvivorship= 76.9342057174072
ICForagerLifespan= 12.3239097530022
ImmType= Cosine
AIAdultSlope= 1.64116753168171
AIAdultLD50= 0.150528200948611
AIAdultSlopeContact= 1.92698491020827
AIAdultLD50Contact= 0.0174561342573725
AILarvaSlope= 0.4545755807776
AILarvaLD50= 0.246648708474822
AIKOW= 3.28998493496329
AIKOC= 24.4971902819816
AIHalfLife= 0.505908592930064
EAppRate= 4.79697583243251
FoliarEnabled= true
