ICQueenStrength= 2.99703279417008
RQWkrDrnRatio= 3.86919833160937
ICDroneMiteSurvivorship= 10.0641543744132
ICWorkerMiteSurvivorship= 92.4468527315184
ICForagerLifespan= 13.991375381127
ImmType= Polynomial
RQQueenStrength= 3.04637740389444
RQEnableReQueen= true
AIAdultSlope= 4.99264810234308
AIAdultLD50= 12.8256727117787
AIAdultSlopeContact= 2.20958837098442
AIAdultLD50Contact= 45.4039136198126
AILarvaSlope= 7.63443807139993
AILarvaLD50= 56.8593885967694
AIKOW= 74655.8200999264
AIKOC= 35310.4183506593
AIHalfLife= 22.4823842535261
EAppRate= 4.61159835391166
FoliarEnabled= true
FoliarAppDate= 06/07/1989
FoliarForageBegin= 06/05/1989
FoliarForageEnd= 06/28/1989
AIContactFactor= 0.751693345247768
CL4Pollen= 1.56356594245881
CL4Nectar= 12.1510221855715
CL5Pollen= 0.263329908717424
CL5Nectar= 10.1795286638662
CLDPollen= 2.94746769871563
CLDNectar= 114.487235771958
CA13Pollen= 6.19143451685086
CA13Nectar= 60.7784948498011
CA410Pollen= 9.4261745327618
CA410Nectar= 155.357452044263
CA1120Pollen= 1.13250359147787
CA1120Nectar= 33.063512314111
IPollenTrips= 11.7409039079212
INectarTrips= 6.57267681090161
IPollenLoad= 6.13009843043983
INectarLoad= 9.08201153157279
ESoilP= 1.21084951632656
ESoilFoc= 0.00528415981447324
