ICQueenStrength= 4.08595920098014
RQWkrDrnRatio= 1.29959417041391
ICDroneMiteSurvivorship= 49.6334260562435
ICWorkerMiteSurvivorship= 59.0864332159981
ICForagerLifespan= 13.0268616247922
ImmType= Logarithmic
RQQueenStrength= 4.57289169449359
RQEnableReQueen= true
AIAdultSlope= 2.34013520367444
AIAdultLD50= 84.749271865081
AIAdultSlopeContact= 7.51141236582771
AIAdultLD50Contact= 44.8789142668899
AILarvaSlope= 2.70985949784517
AILarvaLD50= 35.7642421807116
AIKOW= 97047.6023545594
AIKOC= 52907.8672202136
AIHalfLife= 23.67342507008
EAppRate= 5.04366550416476
FoliarEnabled= true
FoliarAppDate= 06/07/1989
FoliarForageBegin= 06/05/1989
FoliarForageEnd= 06/28/1989
AIContactFactor= 1.71952298374847
CL4Pollen= 0.788352834060788
CL4Nectar= 37.9060538019985
CL5Pollen= 5.05516038369387
CL5Nectar= 126.026946958154
CLDPollen= 2.82310890918598
CLDNectar= 138.183018460404
CA13Pollen= 4.97540430333465
CA13Nectar= 61.2708910182118
CA410Pollen= 3.62288470861968
CA410Nectar= 143.10039521195
CA1120Pollen= 2.82527385000139
CA1120Nectar= 22.7077726647258
IPollenTrips= 13.9309815480374
INectarTrips= 5.42205280158669
IPollenLoad= 2.34756666468456
INectarLoad= 2.76485204463825
ESoilP= 1.59763613389805
ESoilFoc= 0.00775440975604579
