ICQueenStrength= 2.02579116588458
RQWkrDrnRatio= 2.37234097905457
ICDroneMiteSurvivorship= 27.7620082953945
ICWorkerMiteSurvivorship= 69.6409604279324
ICForagerLifespan= 7.28863826207817
ImmType= Tangent
RQQueenStrength= 3.87414850667119
RQEnableReQueen= true
AIAdultSlope= 2.50347097963095
AIAdultLD50= 41.3524183257581
AIAdultSlopeContact= 3.01066142483614
AIAdultLD50Contact= 79.6873416823233
AILarvaSlope= 7.3066061604768
AILarvaLD50= 68.8606449026829
AIKOW= 67356.8561487191
AIKOC= 56556.2022886153
AIHalfLife= 11.9120227156207
EAppRate= 3.01556918774755
FoliarEnabled= true
FoliarAppDate= 06/07/1989
FoliarForageBegin= 06/05/1989
FoliarForageEnd= 06/28/1989
AIContactFactor= 1.5559191385936
CL4Pollen= 2.29720176290721
CL4Nectar= 50.0258618267253
CL5Pollen= 3.9152368074283
CL5Nectar= 96.7848225147463
CLDPollen= 4.5563763231039
CLDNectar= 111.463928909507
CA13Pollen= 4.00671906238422
CA13Nectar= 67.4226713366807
CA410Pollen= 4.82829419553746
CA410Nectar= 162.325977915898
CA1120Pollen= 2.80629905406386
CA1120Nectar= 52.0209011808038
IPollenTrips= 10.1148579316214
INectarTrips= 11.1483945860527
IPollenLoad= 4.17664365377277
INectarLoad= 7.50896732090041
ESoilP= 1.85589687596075
ESoilFoc= 0.0121273979851976
