ICQueenStrength= 1.55247950740159
RQWkrDrnRatio= 2.93298684153706
ICDroneMiteSurvivorship= 94.5664765546098
ICWorkerMiteSurvivorship= 12.4795309733599
ICForagerLifespan= 13.3671682206914
ImmType= Exponential
RQQueenStrength= 2.83666658587754
RQEnableReQueen=true
AIAdultSlope= 8.68585756607354
AIAdultLD50= 0.65967447616742
AIAdultSlopeContact= 8.67331838211976
AIAdultLD50Contact= 91.4279236624849
AILarvaSlope= 3.94626299664378
AILarvaLD50= 56.6671390204735
AIKOW= 91903.5723380254
AIKOC= 22276.7981280303
AIHalfLife= 6.45499129921664
EAppRate= 9.3096672127319
FoliarEnabled=true
FoliarAppDate= 07/01/1989
FoliarForageBegin= 07/01/1989
FoliarForageEnd= 07/14/1989
AIContactFactor= 2.05868773932103
CL4Pollen= 1.12422935012728
CL4Nectar= 21.7342438176274
CL5Pollen= 5.09343264391646
CL5Nectar= 77.2731544682756
CLDPollen= 2.87364787515253
CLDNectar= 75.6254064850509
CA13Pollen= 8.0991790432483
CA13Nectar= 68.990257140249
CA410Pollen= 9.02138773547486
CA410Nectar= 59.3447323609143
CA1120Pollen= 1.00845523900352
CA1120Nectar= 44.0237051621079
IPollenTrips= 5.04600087180734
INectarTrips= 7.79515163041651
IPollenLoad= 8.02158026723191
INectarLoad= 4.60527952993289
