ICQueenStrength= 1.82637662626803
RQWkrDrnRatio= 1.51652882620692
ICDroneMiteSurvivorship= 47.9970797430724
ICWorkerMiteSurvivorship= 1.9067351706326
ICForagerLifespan= 5.64504202548414
ImmType= Exponential
RQQueenStrength= 4.9007258489728
RQEnableReQueen=true
AIAdultSlope= 3.57950271293521
AIAdultLD50= 0.601736003784928
AIAdultSlopeContact= 1.47725520655513
AIAdultLD50Contact= 81.5034905278536
AILarvaSlope= 8.54256801493466
AILarvaLD50= 48.7883928100988
AIKOW= 59797.3469102079
AIKOC= 97754.9153674894
AIHalfLife= 12.9433602736564
EAppRate= 6.60839872372779
FoliarEnabled=true
FoliarAppDate= 07/01/1989
FoliarForageBegin= 07/01/1989
FoliarForageEnd= 07/14/1989
AIContactFactor= 1.13075917549431
CL4Pollen= 0.775602567009628
CL4Nectar= 42.6081991521642
CL5Pollen= 3.21267350949347
CL5Nectar= 138.957870437298
CLDPollen= 4.63781861169264
CLDNectar= 106.733153562527
CA13Pollen= 6.40431464724243
CA13Nectar= 64.1894041933119
CA410Pollen= 3.57509180558845
CA410Nectar= 89.5405910909176
CA1120Pollen= 0.0472617060877383
CA1120Nectar= 66.2894592992961
IPollenTrips= 8.30316711682826
INectarTrips= 10.2367077698
IPollenLoad= 0.883218036033213
INectarLoad= 1.88600392313674
