ICQueenStrength= 3.35984680615366
RQWkrDrnRatio= 3.81952003296465
ICDroneMiteSurvivorship= 26.2852005660534
ICWorkerMiteSurvivorship= 86.5505526540801
ICForagerLifespan= 4.67708719614893
ImmType= Logarithmic
RQQueenStrength= 3.98836059030145
RQEnableReQueen=true
AIAdultSlope= 2.65490118600428
AIAdultLD50= 0.873465890034102
AIAdultSlopeContact= 7.98786960053258
AIAdultLD50Contact= 93.6537995398883
AILarvaSlope= 1.23138731531799
AILarvaLD50= 26.4039468853786
AIKOW= 52776.8298942128
AIKOC= 37806.7745141236
AIHalfLife= 28.1232420977671
EAppRate= 2.9623632631863
FoliarEnabled=true
FoliarAppDate= 07/01/1989
FoliarForageBegin= 07/01/1989
FoliarForageEnd= 07/14/1989
AIContactFactor= 1.65144338377286
CL4Pollen= 0.881773326545954
CL4Nectar= 65.221605100669
CL5Pollen= 5.76507055805996
CL5Nectar= 84.8577051772736
CLDPollen= 3.73639897350222
CLDNectar= 71.1209704633802
CA13Pollen= 6.78760776370764
CA13Nectar= 94.8833429813385
CA410Pollen= 2.54617444023024
CA410Nectar= 192.280357577838
CA1120Pollen= 0.0839128196239471
CA1120Nectar= 81.4775925502181
IPollenTrips= 8.72366864234209
INectarTrips= 12.2370635950938
IPollenLoad= 0.0178227596916258
INectarLoad= 7.53806309308857
