ICQueenStrength= 2.24765177955851
RQWkrDrnRatio= 4.45321705378592
ICDroneMiteSurvivorship= 61.5879022981972
ICWorkerMiteSurvivorship= 46.7227694112808
ICForagerLifespan= 9.3799250787124
ImmType= Cosine
RQQueenStrength= 2.00120373885147
RQEnableReQueen= true
AIAdultSlope= 8.34462131559849
AIAdultLD50= 0.207459066001931
AIAdultSlopeContact= 6.91912484844215
AIAdultLD50Contact= 42.3605906354585
AILarvaSlope= 4.03270493634045
AILarvaLD50= 33.447101328945
AIKOW= 43733.6487384085
AIKOC= 5584.57326894905
AIHalfLife= 34.2727843977744
EAppRate= 2.73402740097861
FoliarEnabled= true
FoliarAppDate= 09/01/1989
FoliarForageBegin= 09/01/1989
FoliarForageEnd= 09/08/1989
AIContactFactor= 0.392166920080781
CL4Pollen= 2.84432631265372
CL4Nectar= 58.6469280766323
CL5Pollen= 3.85884561901912
CL5Nectar= 24.9081498594023
CLDPollen= 3.86951116891578
CLDNectar= 4.02702338760719
CA13Pollen= 3.16745403157547
CA13Nectar= 25.7053018175066
CA410Pollen= 4.01852730161045
CA410Nectar= 143.314731707796
CA1120Pollen= 1.03909081290476
CA1120Nectar= 44.7976852022111
IPollenTrips= 6.74701990792528
INectarTrips= 12.345359842293
IPollenLoad= 3.87043981580064
INectarLoad= 3.16176008665934
