ICQueenStrength= 5.68975611380301
RQWkrDrnRatio= 3.71905936487019
ICDroneMiteSurvivorship= 98.1871722033247
ICWorkerMiteSurvivorship= 77.1608924493194
ICForagerLifespan= 7.56120424438268
ImmType= Exponential
RQQueenStrength= 1.35082206944935
RQEnableReQueen= true
AIAdultSlope= 8.60302191972733
AIAdultLD50= 81.1338577658734
AIAdultSlopeContact= 1.55568661075085
AIAdultLD50Contact= 41.7730839112801
AILarvaSlope= 8.3185614887625
AILarvaLD50= 45.0990513901617
AIKOW= 27197.3315087406
AIKOC= 58482.1411167022
AIHalfLife= 18.0896616878686
EAppRate= 0.842491205183324
FoliarEnabled= true
FoliarAppDate= 06/07/1989
FoliarForageBegin= 06/05/1989
FoliarForageEnd= 06/28/1989
AIContactFactor= 1.62014581735712
CL4Pollen= 0.769972276873887
CL4Nectar= 10.6019991217181
CL5Pollen= 4.69161626882851
CL5Nectar= 88.5088568553329
CLDPollen= 4.17576283961535
CLDNectar= 125.189238460734
CA13Pollen= 2.61042803041637
CA13Nectar= 75.1333115622401
CA410Pollen= 5.34512588833459
CA410Nectar= 175.157764623873
CA1120Pollen= 2.01486408733763
CA1120Nectar= 30.9871860593557
IPollenTrips= 13.4597354265861
INectarTrips= 13.9714147592895
IPollenLoad= 0.224394060205668
INectarLoad= 9.86603428376839
ESoilP= 1.06480727414601
ESoilFoc= 0.004991047431482
