ICQueenStrength= 2.44625638518482
RQWkrDrnRatio= 3.40814438927919
ICDroneMiteSurvivorship= 44.4471404887736
ICWorkerMiteSurvivorship= 19.735081656836
ICForagerLifespan= 8.40904300380498
ImmType= Tangent
RQQueenStrength= 4.6254226565361
RQEnableReQueen=true
AIAdultSlope= 4.88506956025958
AIAdultLD50= 0.53329341160832
AIAdultSlopeContact= 9.828348999843
AIAdultLD50Contact= 26.9610009930308
AILarvaSlope= 5.97307434119284
AILarvaLD50= 26.043579200248
AIKOW= 10051.5611545565
AIKOC= 34478.4320001628
AIHalfLife= 22.7312180940527
EAppRate= 7.03057594724651
FoliarEnabled=true
FoliarAppDate= 07/01/1989
FoliarForageBegin= 07/01/1989
FoliarForageEnd= 07/14/1989
AIContactFactor= 0.579234711569734
CL4Pollen= 0.0757856406271458
CL4Nectar= 70.3404878266156
CL5Pollen= 2.78088486380875
CL5Nectar= 33.9235971565358
CLDPollen= 4.06720761861652
CLDNectar= 35.6614382355474
CA13Pollen= 3.88812686577439
CA13Nectar= 35.4638940095901
CA410Pollen= 6.13502625972033
CA410Nectar= 135.283948932774
CA1120Pollen= 1.024018794531
CA1120Nectar= 83.3142486214638
IPollenTrips= 8.96831697318703
INectarTrips= 8.92755210166797
IPollenLoad= 0.486799874342978
INectarLoad= 7.01222853036597
