ICQueenStrength= 1.27107345405966
RQWkrDrnRatio= 1.06797317322344
ICDroneMiteSurvivorship= 88.1357144797221
ICWorkerMiteSurvivorship= 71.1184190353379
ICForagerLifespan= 7.74124728422612
ImmType= Exponential
AIAdultSlope= 3.10496224797796
AIAdultLD50= 0.0855407883413136
AIAdultSlopeContact= 1.33325570792193
AIAdultLD50Contact= 0.0315961246029474
AILarvaSlope= 2.78101941221394
AILarvaLD50= 0.0960303693311289
AIKOW= 5.03991436678916
AIKOC= 22.5444966705982
AIHalfLife= 1.13846912169829
EAppRate= 4.6230111992918
FoliarEnabled= true
