ICQueenStrength= 5.63538352283649
RQWkrDrnRatio= 2.99514651391655
ICDroneMiteSurvivorship= 79.2430448811501
ICWorkerMiteSurvivorship= 58.5810383083299
ICForagerLifespan= 14.2083580354229
ImmType= Polynomial
RQQueenStrength= 5.59024010924622
RQEnableReQueen= true
AIAdultSlope= 1.87977407500148
AIAdultLD50= 37.1038534436233
AIAdultSlopeContact= 3.7136655850336
AIAdultLD50Contact= 26.4792296859943
AILarvaSlope= 5.28435015119612
AILarvaLD50= 15.6662099633652
AIKOW= 19175.4389586598
AIKOC= 53558.3105812126
AIHalfLife= 24.9178571501281
EAppRate= 7.37069563254854
FoliarEnabled= true
FoliarAppDate= 06/07/1989
FoliarForageBegin= 06/05/1989
FoliarForageEnd= 06/28/1989
AIContactFactor= 1.44611014114693
CL4Pollen= 0.0311381686478853
CL4Nectar= 7.62330102734268
CL5Pollen= 2.64304698491469
CL5Nectar= 126.170302578248
CLDPollen= 3.15450802166015
CLDNectar= 105.624338518828
CA13Pollen= 4.40421180734411
CA13Nectar= 93.5635235346854
CA410Pollen= 8.49064229140058
CA410Nectar= 150.344675388187
CA1120Pollen= 0.0401751750614494
CA1120Nectar= 77.1990005671978
IPollenTrips= 5.80456175142899
INectarTrips= 12.6091178297065
IPollenLoad= 8.77871963893995
INectarLoad= 7.64768072869629
