ICQueenStrength= 5.72168287495151
RQWkrDrnRatio= 4.32708615344018
ICDroneMiteSurvivorship= 61.7132520768791
ICWorkerMiteSurvivorship= 89.5172797143459
ICForagerLifespan= 7.15407705772668
ImmType= Logarithmic
RQQueenStrength= 4.39039268437773
RQEnableReQueen= true
AIAdultSlope= 7.4825893137604
AIAdultLD50= 29.6294784222525
AIAdultSlopeContact= 2.20888739032671
AIAdultLD50Contact= 71.2398436040767
AILarvaSlope= 1.38208011165261
AILarvaLD50= 79.2976560694615
AIKOW= 19649.1373261521
AIKOC= 30530.9892867524
AIHalfLife= 34.2922641172074
EAppRate= 5.04087737062131
FoliarEnabled= true
FoliarAppDate= 06/07/1989
FoliarForageBegin= 06/05/1989
FoliarForageEnd= 06/28/1989
AIContactFactor= 1.10558621314354
CL4Pollen= 1.27514966670424
CL4Nectar= 49.3480834411457
CL5Pollen= 0.487740245182067
CL5Nectar= 86.8612358579412
CLDPollen= 3.28936704201624
CLDNectar= 133.521752455272
CA13Pollen= 5.79919467987493
CA13Nectar= 56.17172582075
CA410Pollen= 2.33442454079632
CA410Nectar= 127.088845777325
CA1120Pollen= 1.24333950667642
CA1120Nectar= 50.4799646325409
IPollenTrips= 8.46883985912427
INectarTrips= 7.54858595551923
IPollenLoad= 7.63964800396934
INectarLoad= 0.284288530237973
