ICQueenStrength= 3.56689997273497
RQWkrDrnRatio= 1.92260304000229
ICDroneMiteSurvivorship= 81.2069958774373
ICWorkerMiteSurvivorship= 68.0628166068345
ICForagerLifespan= 15.0718872314319
ImmType= Logarithmic
RQQueenStrength= 2.56179643585347
RQEnableReQueen= true
AIAdultSlope= 6.67579547688365
AIAdultLD50= 0.0957737885219976
AIAdultSlopeContact= 7.92733416939154
AIAdultLD50Contact= 23.3487922412406
AILarvaSlope= 5.58120335638523
AILarvaLD50= 57.7959308095965
AIKOW= 85668.7958247973
AIKOC= 3804.88352154125
AIHalfLife= 3.53779473123141
EAppRate= 1.15781134248665
FoliarEnabled= true
FoliarAppDate= 09/01/1989
FoliarForageBegin= 09/01/1989
FoliarForageEnd= 09/08/1989
AIContactFactor= 1.70500304892193
CL4Pollen= 2.71297937072814
CL4Nectar= 29.6511814463884
CL5Pollen= 4.83823498198763
CL5Nectar= 138.97728966549
CLDPollen= 0.854988820385188
CLDNectar= 75.1976811443456
CA13Pollen= 7.59865870773792
CA13Nectar= 26.1995792761445
CA410Pollen= 6.13304399293847
CA410Nectar= 107.623498397879
CA1120Pollen= 1.49982870463282
CA1120Nectar= 54.1935208067298
IPollenTrips= 9.27322225179523
INectarTrips= 14.2881910130382
IPollenLoad= 1.49067337391898
INectarLoad= 5.23537564324215
