ICQueenStrength= 2.93734606029466
RQWkrDrnRatio= 3.8222230989486
ICDroneMiteSurvivorship= 6.84287634212524
ICWorkerMiteSurvivorship= 91.0081071546301
ICForagerLifespan= 15.6566474763677
ImmType= Cosine
RQQueenStrength= 1.50930209225044
RQEnableReQueen= true
AIAdultSlope= 5.09701785258949
AIAdultLD50= 39.8805182515413
AIAdultSlopeContact= 7.63468607189134
AIAdultLD50Contact= 59.1249591175453
AILarvaSlope= 8.364506598562
AILarvaLD50= 31.0067339026947
AIKOW= 93630.0976983859
AIKOC= 15093.3144732479
AIHalfLife= 17.2512717888458
EAppRate= 7.2168119670141
FoliarEnabled= true
FoliarAppDate= 06/07/1989
FoliarForageBegin= 06/05/1989
FoliarForageEnd= 06/28/1989
AIContactFactor= 0.273976080203429
CL4Pollen= 2.08813497982919
CL4Nectar= 65.0846209609881
CL5Pollen= 2.74989634333178
CL5Nectar= 74.4700005277991
CLDPollen= 4.24560527689755
CLDNectar= 143.045937025454
CA13Pollen= 4.0772665602155
CA13Nectar= 80.4172104038298
CA410Pollen= 8.90531232205685
CA410Nectar= 28.4794636629522
CA1120Pollen= 0.0988136914093047
CA1120Nectar= 93.1257828883827
IPollenTrips= 11.7927460651845
INectarTrips= 12.9017765633762
IPollenLoad= 9.87667423440143
INectarLoad= 8.73447770252824
