ICQueenStrength= 5.40843375050463
RQWkrDrnRatio= 1.16346736811101
ICDroneMiteSurvivorship= 52.2409911267459
ICWorkerMiteSurvivorship= 6.19139578193426
ICForagerLifespan= 6.99517907295376
ImmType= Cosine
RQQueenStrength= 4.60945699969307
RQEnableReQueen= true
AIAdultSlope= 1.07567683793604
AIAdultLD50= 58.3514266671827
AIAdultSlopeContact= 4.55203732848167
AIAdultLD50Contact= 91.7027823781471
AILarvaSlope= 7.31332757510245
AILarvaLD50= 94.1144421895293
AIKOW= 16911.9767346507
AIKOC= 31716.2473905298
AIHalfLife= 32.5904093192425
EAppRate= 5.01964679205348
FoliarEnabled= true
FoliarAppDate= 06/07/1989
FoliarForageBegin= 06/05/1989
FoliarForageEnd= 06/28/1989
AIContactFactor= 1.15058266910724
CL4Pollen= 2.73437979351729
CL4Nectar= 52.5363584980369
CL5Pollen= 1.18100159754977
CL5Nectar= 85.6622491381131
CLDPollen= 3.82819617027417
CLDNectar= 10.8663601102307
CA13Pollen= 4.24730308428407
CA13Nectar= 28.3194175362587
CA410Pollen= 4.04744297135621
CA410Nectar= 90.5801790533587
CA1120Pollen= 0.714935303432867
CA1120Nectar= 59.3251088447869
IPollenTrips= 9.36047292081639
INectarTrips= 8.80503349937499
IPollenLoad= 6.27042268868536
INectarLoad= 0.790437827818096
