ICQueenStrength= 2.11546845757402
RQWkrDrnRatio= 4.45166429504752
ICDroneMiteSurvivorship= 26.9886750960723
ICWorkerMiteSurvivorship= 15.816097217612
ICForagerLifespan= 7.62711386755109
ImmType= Cosine
RQQueenStrength= 1.63807862228714
RQEnableReQueen= true
AIAdultSlope= 5.43459994159639
AIAdultLD50= 24.1319022007692
AIAdultSlopeContact= 1.82837815536186
AIAdultLD50Contact= 4.36407524923957
AILarvaSlope= 5.08815309219062
AILarvaLD50= 38.5549231600822
AIKOW= 86333.4001204373
AIKOC= 46392.1722168326
AIHalfLife= 14.2597771786619
EAppRate= 8.37647871738719
FoliarEnabled= true
FoliarAppDate= 06/07/1989
FoliarForageBegin= 06/05/1989
FoliarForageEnd= 06/28/1989
AIContactFactor= 1.80857173144817
CL4Pollen= 1.06765677221119
CL4Nectar= 12.7829022239894
CL5Pollen= 4.41686990484595
CL5Nectar= 139.088581362739
CLDPollen= 1.88966935453936
CLDNectar= 40.9381322446279
CA13Pollen= 7.37145340470597
CA13Nectar= 89.084258005023
CA410Pollen= 8.60349752707407
CA410Nectar= 54.5718993758783
CA1120Pollen= 2.5321725870017
CA1120Nectar= 40.7678975723684
IPollenTrips= 9.10626135533676
INectarTrips= 6.26147623639554
IPollenLoad= 2.63794757658616
INectarLoad= 5.43817676370963
ESoilP= 1.55900107091293
ESoilFoc= 0.016301250245655
