ICQueenStrength= 5.45200933492742
RQWkrDrnRatio= 1.0217018937692
ICDroneMiteSurvivorship= 9.10181580111384
ICWorkerMiteSurvivorship= 7.17142696958035
ICForagerLifespan= 10.8016440290958
ImmType= Cosine
RQQueenStrength= 3.957926398376
RQEnableReQueen= true
AIAdultSlope= 1.94004493579268
AIAdultLD50= 2.82390320750745
AIAdultSlopeContact= 7.14270747825503
AIAdultLD50Contact= 33.5680233687635
AILarvaSlope= 5.45760409161448
AILarvaLD50= 67.6434648028812
AIKOW= 7988.70749272247
AIKOC= 77575.7794320981
AIHalfLife= 7.61388810968492
EAppRate= 4.28261400064756
FoliarEnabled= true
FoliarAppDate= 06/07/1989
FoliarForageBegin= 06/05/1989
FoliarForageEnd= 06/28/1989
AIContactFactor= 1.62590411241632
CL4Pollen= 0.874609907157719
CL4Nectar= 25.5232377676293
CL5Pollen= 4.33280897978693
CL5Nectar= 99.9165932647884
CLDPollen= 1.3331199917011
CLDNectar= 80.2663010079414
CA13Pollen= 3.93332544602454
CA13Nectar= 48.8071803189814
CA410Pollen= 9.2244873970747
CA410Nectar= 169.123791158199
CA1120Pollen= 0.0843996887560934
CA1120Nectar= 26.3084155507386
IPollenTrips= 9.39244390465319
INectarTrips= 10.7170644169673
IPollenLoad= 9.98558002291247
INectarLoad= 1.58029635669664
