ICQueenStrength= 4.5543012060225
RQWkrDrnRatio= 3.98547788523138
ICDroneMiteSurvivorship= 90.3708998579532
ICWorkerMiteSurvivorship= 97.9378692805767
ICForagerLifespan= 4.22147246822715
ImmType= Tangent
RQQueenStrength= 4.67438506614417
RQEnableReQueen=true
AIAdultSlope= 4.061210103333
AIAdultLD50= 0.546921013002051
AIAdultSlopeContact= 2.04124314943328
AIAdultLD50Contact= 89.582012606232
AILarvaSlope= 3.66538425348699
AILarvaLD50= 34.9064374284777
AIKOW= 90892.7933572596
AIKOC= 38788.0340125903
AIHalfLife= 5.30778628091793
EAppRate= 5.26918056064402
FoliarEnabled=true
FoliarAppDate= 07/01/1989
FoliarForageBegin= 07/01/1989
FoliarForageEnd= 07/14/1989
AIContactFactor= 0.393132693739608
CL4Pollen= 1.30750458315015
CL4Nectar= 39.4071490969509
CL5Pollen= 5.60902032488957
CL5Nectar= 102.363145770505
CLDPollen= 4.34143658587709
CLDNectar= 47.2552855149843
CA13Pollen= 4.36941803134978
CA13Nectar= 50.2513905055821
CA410Pollen= 9.13535131504759
CA410Nectar= 141.273944480345
CA1120Pollen= 0.107208244269714
CA1120Nectar= 80.5848374962807
IPollenTrips= 6.37802643701434
INectarTrips= 8.83251482155174
IPollenLoad= 5.80673726508394
INectarLoad= 3.74310811748728
