ICQueenStrength= 4.08586537605152
RQWkrDrnRatio= 2.65800556261092
ICDroneMiteSurvivorship= 81.2871501548216
ICWorkerMiteSurvivorship= 26.1664765421301
ICForagerLifespan= 15.5431398637593
ImmType= Cosine
RQQueenStrength= 2.56096805469133
RQEnableReQueen= true
AIAdultSlope= 8.82745517604053
AIAdultLD50= 69.4990366742713
AIAdultSlopeContact= 7.88014044612646
AIAdultLD50Contact= 19.8974487867164
AILarvaSlope= 5.92413397319615
AILarvaLD50= 46.5609250389377
AIKOW= 10457.7972921746
AIKOC= 77743.0720714235
AIHalfLife= 3.3658825065475
EAppRate= 2.75464086543536
FoliarEnabled= true
FoliarAppDate= 06/07/1989
FoliarForageBegin= 06/05/1989
FoliarForageEnd= 06/28/1989
AIContactFactor= 0.909908376256935
CL4Pollen= 0.250089151784778
CL4Nectar= 74.3818030226976
CL5Pollen= 3.44653676217422
CL5Nectar= 27.1236444474198
CLDPollen= 2.42993400665
CLDNectar= 72.0157002098858
CA13Pollen= 3.46590124657378
CA13Nectar= 81.7741333320737
CA410Pollen= 4.42990581623744
CA410Nectar= 196.006268435158
CA1120Pollen= 0.972341575892642
CA1120Nectar= 84.9145220220089
IPollenTrips= 12.9123489791527
INectarTrips= 10.7953043398447
IPollenLoad= 0.426058021839708
INectarLoad= 4.51466103317216
ESoilP= 1.42784905061126
ESoilFoc= 0.00817937498120591
