ICQueenStrength= 3.46363722952083
RQWkrDrnRatio= 4.58682026341558
ICDroneMiteSurvivorship= 60.5329409707338
ICWorkerMiteSurvivorship= 68.2300704531372
ICForagerLifespan= 11.7325504161417
ImmType= Exponential
RQQueenStrength= 1.93153295922093
RQEnableReQueen= true
AIAdultSlope= 1.22763526812196
AIAdultLD50= 45.3151785113583
AIAdultSlopeContact= 2.34758984367363
AIAdultLD50Contact= 78.8359948890721
AILarvaSlope= 8.33875137940049
AILarvaLD50= 65.6866472591683
AIKOW= 61437.3946707962
AIKOC= 7167.79351997655
AIHalfLife= 3.05782592971809
EAppRate= 0.971357631540392
FoliarEnabled= true
FoliarAppDate= 06/07/1989
FoliarForageBegin= 06/05/1989
FoliarForageEnd= 06/28/1989
AIContactFactor= 2.01616008936428
CL4Pollen= 3.18204011302441
CL4Nectar= 60.8194589382038
CL5Pollen= 4.96190827153623
CL5Nectar= 31.2476526363753
CLDPollen= 4.16782449139282
CLDNectar= 98.5214976710267
CA13Pollen= 7.98237080480903
CA13Nectar= 36.0695768520236
CA410Pollen= 8.44898947447073
CA410Nectar= 112.460914575495
CA1120Pollen= 1.94289871305227
CA1120Nectar= 54.4467566348612
IPollenTrips= 9.83520490117371
INectarTrips= 10.0732954894193
IPollenLoad= 8.59625589800999
INectarLoad= 4.76041886024177
