ICQueenStrength= 4.56830242788419
RQWkrDrnRatio= 1.60027582384646
ICDroneMiteSurvivorship= 6.46084474865347
ICWorkerMiteSurvivorship= 31.4080746145919
ICForagerLifespan= 13.0670958636329
ImmType= Tangent
RQQueenStrength= 5.04802076634951
RQEnableReQueen= true
AIAdultSlope= 1.15341561287642
AIAdultLD50= 54.4373074365579
AIAdultSlopeContact= 5.17877805116586
AIAdultLD50Contact= 8.35582458570693
AILarvaSlope= 4.39637158624828
AILarvaLD50= 67.7036617023495
AIKOW= 2591.71250195827
AIKOC= 28367.8119326516
AIHalfLife= 33.2830346708419
EAppRate= 4.49923830466298
FoliarEnabled= true
FoliarAppDate= 06/07/1989
FoliarForageBegin= 06/05/1989
FoliarForageEnd= 06/28/1989
AIContactFactor= 1.76551392745692
CL4Pollen= 3.25719187315553
CL4Nectar= 27.5388679932803
CL5Pollen= 0.932338545564562
CL5Nectar= 42.5862476346083
CLDPollen= 1.52897234586999
CLDNectar= 44.0013272571377
CA13Pollen= 6.34270808780566
CA13Nectar= 60.244269836694
CA410Pollen= 2.28885757853277
CA410Nectar= 192.970450436696
CA1120Pollen= 1.45748425531201
CA1120Nectar= 62.0749857649207
IPollenTrips= 5.62084594741464
INectarTrips= 11.8805236532353
IPollenLoad= 5.50442133331671
INectarLoad= 6.75523031968623
