ICQueenStrength= 4.42308390303515
RQWkrDrnRatio= 4.04304315429181
ICDroneMiteSurvivorship= 26.5079125761986
ICWorkerMiteSurvivorship= 86.959074693732
ICForagerLifespan= 4.30858388636261
ImmType= Cosine
RQQueenStrength= 3.71722532808781
RQEnableReQueen= true
AIAdultSlope= 1.10831641592085
AIAdultLD50= 85.9945889175499
AIAdultSlopeContact= 3.16157653531991
AIAdultLD50Contact= 68.0367569263477
AILarvaSlope= 4.8325727134943
AILarvaLD50= 72.724795451581
AIKOW= 64268.629170607
AIKOC= 17541.3667938544
AIHalfLife= 15.5480080846231
EAppRate= 7.75833069484774
FoliarEnabled= true
FoliarAppDate= 06/07/1989
FoliarForageBegin= 06/05/1989
FoliarForageEnd= 06/28/1989
AIContactFactor= 1.35561792679597
CL4Pollen= 0.661895647644997
CL4Nectar= 90.0844960939139
CL5Pollen= 4.83780145877972
CL5Nectar= 69.6306873578578
CLDPollen= 3.79850645503029
CLDNectar= 69.3490882753395
CA13Pollen= 4.13693693913519
CA13Nectar= 39.8238218016922
CA410Pollen= 8.28032378754579
CA410Nectar= 139.876246913336
CA1120Pollen= 2.84741602744907
CA1120Nectar= 48.0210331268609
IPollenTrips= 14.0985949081369
INectarTrips= 12.2435227432288
IPollenLoad= 8.57766869012266
INectarLoad= 7.37841482041404
