ICQueenStrength= 2.05779186007567
RQWkrDrnRatio= 3.33240320812911
ICDroneMiteSurvivorship= 52.4660469498485
ICWorkerMiteSurvivorship= 75.5537996068597
ICForagerLifespan= 4.73105689324439
ImmType= Sine
RQQueenStrength= 3.8886285261251
RQEnableReQueen= true
AIAdultSlope= 5.90485619194806
AIAdultLD50= 79.2986602812684
AIAdultSlopeContact= 4.33518458320759
AIAdultLD50Contact= 10.3752043317438
AILarvaSlope= 4.91194714792073
AILarvaLD50= 19.4526299642855
AIKOW= 3164.07249558678
AIKOC= 94304.2494899286
AIHalfLife= 29.6437353286194
EAppRate= 3.34450782230217
FoliarEnabled= true
FoliarAppDate= 06/07/1989
FoliarForageBegin= 06/05/1989
FoliarForageEnd= 06/28/1989
AIContactFactor= 2.26010348854586
CL4Pollen= 2.14604137372226
CL4Nectar= 16.9002208393067
CL5Pollen= 5.95794756710529
CL5Nectar= 137.050548114348
CLDPollen= 1.87859100010246
CLDNectar= 15.8454383024946
CA13Pollen= 5.62356975656003
CA13Nectar= 39.982825294137
CA410Pollen= 5.68005128793884
CA410Nectar= 45.2977209864184
CA1120Pollen= 2.98058470431715
CA1120Nectar= 88.8191844895482
IPollenTrips= 11.5443737641908
INectarTrips= 7.03667802270502
IPollenLoad= 3.63224485423416
INectarLoad= 7.90239556226879
