ICQueenStrength= 1.14444433851168
RQWkrDrnRatio= 3.49707344733179
ICDroneMiteSurvivorship= 9.22992071136832
ICWorkerMiteSurvivorship= 21.2070199195296
ICForagerLifespan= 6.74723839014769
ImmType= Sine
AIAdultSlope= 2.71823014756897
AIAdultLD50= 0.102881871815771
AIAdultSlopeContact= 1.76565289123915
AIAdultLD50Contact= 0.00767268440686166
AILarvaSlope= 2.01605754126795
AILarvaLD50= 0.398129455768503
AIKOW= 3.40298883710057
AIKOC= 21.1963795311749
AIHalfLife= 0.145113196200691
EAppRate= 3.48140018526465
FoliarEnabled= true
