ICQueenStrength= 1.58534494484775
RQWkrDrnRatio= 2.89021050557494
ICDroneMiteSurvivorship= 99.8579159146175
ICWorkerMiteSurvivorship= 0.49854617100209
ICForagerLifespan= 9.77746661193669
ImmType= Polynomial
RQQueenStrength= 5.40325145726092
RQEnableReQueen= true
AIAdultSlope= 2.18061100505292
AIAdultLD50= 96.4346022890408
AIAdultSlopeContact= 6.53849782259203
AIAdultLD50Contact= 74.5604474636232
AILarvaSlope= 4.69503842107952
AILarvaLD50= 14.081021079083
AIKOW= 11397.6746924251
AIKOC= 25591.8401149313
AIHalfLife= 32.168703955831
EAppRate= 2.76867583875824
FoliarEnabled= true
FoliarAppDate= 06/07/1989
FoliarForageBegin= 06/05/1989
FoliarForageEnd= 06/28/1989
AIContactFactor= 0.722829432268627
CL4Pollen= 3.28082538302988
CL4Nectar= 93.7674809247255
CL5Pollen= 5.94661306869239
CL5Nectar= 52.9887076467276
CLDPollen= 0.946001695934683
CLDNectar= 14.5186745678075
CA13Pollen= 7.17124429512769
CA13Nectar= 41.3903435878456
CA410Pollen= 3.25133222427685
CA410Nectar= 168.521513151936
CA1120Pollen= 2.14205628982745
CA1120Nectar= 21.5684175118804
IPollenTrips= 6.57482241047546
INectarTrips= 12.2564364830032
IPollenLoad= 7.66723812557757
INectarLoad= 8.11599187552929
