ICQueenStrength= 1.36483428790234
RQWkrDrnRatio= 3.32340646442026
ICDroneMiteSurvivorship= 91.6400576476008
ICWorkerMiteSurvivorship= 14.1400325344875
ICForagerLifespan= 15.6272944426164
ImmType= Exponential
AIAdultSlope= 2.1796804586146
AIAdultLD50= 0.00613100798800588
AIAdultSlopeContact= 1.60797697773669
AIAdultLD50Contact= 0.00698897112160921
AILarvaSlope= 1.92893277555704
AILarvaLD50= 0.259041558508761
AIKOW= 5.40956554468721
AIKOC= 16.7291477217805
AIHalfLife= 1.48664519556332
EAppRate= 6.80429216241464
FoliarEnabled= true
