ICQueenStrength= 1.25670507363975
RQWkrDrnRatio= 3.04641977511346
ICDroneMiteSurvivorship= 64.4693907117471
ICWorkerMiteSurvivorship= 13.3373470744118
ICForagerLifespan= 6.16600252594799
ImmType= Logarithmic
RQQueenStrength= 4.36268927808851
RQEnableReQueen=true
AIAdultSlope= 8.12834281660616
AIAdultLD50= 0.892714255260071
AIAdultSlopeContact= 9.6267486109864
AIAdultLD50Contact= 47.951523700587
AILarvaSlope= 4.8634716887027
AILarvaLD50= 37.155312110154
AIKOW= 19376.1775567363
AIKOC= 21200.7022318228
AIHalfLife= 11.0902385905618
EAppRate= 7.81743705444899
FoliarEnabled=true
FoliarAppDate= 07/01/1989
FoliarForageBegin= 07/01/1989
FoliarForageEnd= 07/14/1989
AIContactFactor= 1.28214600892737
CL4Pollen= 3.20703955180943
CL4Nectar= 8.95632759202272
CL5Pollen= 0.27647491497919
CL5Nectar= 18.1493517709896
CLDPollen= 3.24797287210822
CLDNectar= 149.696099292487
CA13Pollen= 7.27884628279135
CA13Nectar= 81.0744670405984
CA410Pollen= 3.03230168451555
CA410Nectar= 157.624470819719
CA1120Pollen= 1.21922495425679
CA1120Nectar= 81.7840735986829
IPollenTrips= 14.7619384853169
INectarTrips= 10.9081513783894
IPollenLoad= 1.2819544156082
INectarLoad= 6.88256270019338
