ICQueenStrength= 4.75941823143512
RQWkrDrnRatio= 2.08180290739983
ICDroneMiteSurvivorship= 7.15067945420742
ICWorkerMiteSurvivorship= 72.0880912384018
ICForagerLifespan= 7.59172492194921
ImmType= Tangent
RQQueenStrength= 4.7888522958383
RQEnableReQueen=true
AIAdultSlope= 2.22764610499144
AIAdultLD50= 0.850844292934984
AIAdultSlopeContact= 7.417702420149
AIAdultLD50Contact= 9.54045342439646
AILarvaSlope= 7.81921694241464
AILarvaLD50= 23.3504551243517
AIKOW= 21053.7241322851
AIKOC= 99423.9192089832
AIHalfLife= 7.4525108654052
EAppRate= 5.51465143105132
FoliarEnabled=true
FoliarAppDate= 07/01/1989
FoliarForageBegin= 07/01/1989
FoliarForageEnd= 07/14/1989
AIContactFactor= 1.44791052464861
CL4Pollen= 1.53798577934504
CL4Nectar= 65.9464015159756
CL5Pollen= 0.955445556901395
CL5Nectar= 44.3622560240328
CLDPollen= 5.84740882460028
CLDNectar= 30.3094914648682
CA13Pollen= 3.12659825086594
CA13Nectar= 84.6154495514929
CA410Pollen= 7.42855118571315
CA410Nectar= 37.5188456661999
CA1120Pollen= 2.25589185487479
CA1120Nectar= 33.4812736324966
IPollenTrips= 12.1979633090086
INectarTrips= 11.2813011277467
IPollenLoad= 6.37259320355952
INectarLoad= 2.4347645859234
