ICQueenStrength= 5.56960034556687
RQWkrDrnRatio= 1.99737699143589
ICDroneMiteSurvivorship= 75.3326086327434
ICWorkerMiteSurvivorship= 3.05290315300226
ICForagerLifespan= 9.42578755598515
ImmType= Tangent
RQQueenStrength= 3.631784157129
RQEnableReQueen= true
AIAdultSlope= 8.05062167905271
AIAdultLD50= 68.2147314261044
AIAdultSlopeContact= 5.88160327658989
AIAdultLD50Contact= 53.8028351666785
AILarvaSlope= 4.62975947745144
AILarvaLD50= 17.3106789856241
AIKOW= 46711.9225969206
AIKOC= 2064.97072231537
AIHalfLife= 2.11326583069749
EAppRate= 5.23013520664862
FoliarEnabled= true
FoliarAppDate= 06/07/1989
FoliarForageBegin= 06/05/1989
FoliarForageEnd= 06/28/1989
AIContactFactor= 2.25805424930062
CL4Pollen= 2.38380920141935
CL4Nectar= 96.4185872115195
CL5Pollen= 3.43218432739377
CL5Nectar= 13.681368122343
CLDPollen= 0.0498932297341526
CLDNectar= 65.4507914325222
CA13Pollen= 3.6093249081634
CA13Nectar= 24.9350121989846
CA410Pollen= 2.52182868686505
CA410Nectar= 114.592048451304
CA1120Pollen= 0.528232748620212
CA1120Nectar= 67.6534925960004
IPollenTrips= 5.33329882426187
INectarTrips= 7.11391925113276
IPollenLoad= 1.27842901507393
INectarLoad= 0.564630934968591
ESoilP= 1.45150121347979
ESoilFoc= 0.00771326619246975
