ICQueenStrength= 1.80850911443122
RQWkrDrnRatio= 1.46991953440011
ICDroneMiteSurvivorship= 79.1451945900917
ICWorkerMiteSurvivorship= 37.7817024243996
ICForagerLifespan= 12.7457231851295
ImmType= Logarithmic
RQQueenStrength= 2.89492577454075
RQEnableReQueen= true
AIAdultSlope= 4.77586043439806
AIAdultLD50= 0.837146132296883
AIAdultSlopeContact= 9.78144682850689
AIAdultLD50Contact= 21.3592940304379
AILarvaSlope= 7.5691771954298
AILarvaLD50= 55.6166683017844
AIKOW= 53185.2276778765
AIKOC= 97824.8472844791
AIHalfLife= 31.0151480398839
EAppRate= 9.20020827378263
FoliarEnabled= true
FoliarAppDate= 09/01/1989
FoliarForageBegin= 09/01/1989
FoliarForageEnd= 09/08/1989
AIContactFactor= 0.915504985735752
CL4Pollen= 0.588175339624286
CL4Nectar= 7.40312766283751
CL5Pollen= 3.87224760185927
CL5Nectar= 127.476421196479
CLDPollen= 5.525957968086
CLDNectar= 149.534263357054
CA13Pollen= 5.06644420353696
CA13Nectar= 50.7888307794929
CA410Pollen= 6.52566846250556
CA410Nectar= 154.988066768274
CA1120Pollen= 0.814422178314999
CA1120Nectar= 91.2306863255799
IPollenTrips= 6.23347354121506
INectarTrips= 8.73870916198939
IPollenLoad= 3.39898490114138
INectarLoad= 1.71979257138446
