ICQueenStrength= 5.29012886248529
RQWkrDrnRatio= 2.83335644938052
ICDroneMiteSurvivorship= 45.3930943505839
ICWorkerMiteSurvivorship= 33.3508795825765
ICForagerLifespan= 6.62741737160832
ImmType= Logarithmic
RQQueenStrength= 4.6037517094519
RQEnableReQueen= true
AIAdultSlope= 5.7275829128921
AIAdultLD50= 62.8533954151145
AIAdultSlopeContact= 4.46328308037482
AIAdultLD50Contact= 74.1724873414065
AILarvaSlope= 4.59115617349744
AILarvaLD50= 8.10143126941821
AIKOW= 63614.6005772547
AIKOC= 1919.19512129831
AIHalfLife= 15.3829306239728
EAppRate= 0.166855735163204
FoliarEnabled= true
FoliarAppDate= 06/07/1989
FoliarForageBegin= 06/05/1989
FoliarForageEnd= 06/28/1989
AIContactFactor= 1.5746958971722
CL4Pollen= 0.10548899602145
CL4Nectar= 25.2037038793787
CL5Pollen= 0.249885011930019
CL5Nectar= 83.5187414078973
CLDPollen= 0.608953110873699
CLDNectar= 26.4825271326117
CA13Pollen= 5.97254569344222
CA13Nectar= 45.3311760723591
CA410Pollen= 9.37142452888656
CA410Nectar= 52.4292820831761
CA1120Pollen= 0.696272149449214
CA1120Nectar= 82.417307253927
IPollenTrips= 7.00097257038578
INectarTrips= 5.40392569731921
IPollenLoad= 7.4349136534147
INectarLoad= 5.69833632092923
