ICQueenStrength= 1.86350074154325
RQWkrDrnRatio= 4.88056798372418
ICDroneMiteSurvivorship= 13.7302570510656
ICWorkerMiteSurvivorship= 57.1342997951433
ICForagerLifespan= 10.0308292238042
ImmType= Exponential
AIAdultSlope= 0.716618644860573
AIAdultLD50= 0.179918565507978
AIAdultSlopeContact= 3.2153840691084
AIAdultLD50Contact= 0.0408014867454767
AILarvaSlope= 2.66718376050703
AILarvaLD50= 0.252230061474256
AIKOW= 3.0750487530604
AIKOC= 5.9238505794201
AIHalfLife= 0.909507306828163
EAppRate= 3.83547743083909
FoliarEnabled= true
