ICQueenStrength= 2.95384187437594
RQWkrDrnRatio= 2.66109110135585
ICDroneMiteSurvivorship= 99.5180180063471
ICWorkerMiteSurvivorship= 62.0205333922058
ICForagerLifespan= 10.4613046320155
ImmType= Sine
RQQueenStrength= 2.49736780207604
RQEnableReQueen=true
AIAdultSlope= 8.46081808209419
AIAdultLD50= 0.729205504925456
AIAdultSlopeContact= 8.37364818179049
AIAdultLD50Contact= 41.4354234129575
AILarvaSlope= 3.90342333167791
AILarvaLD50= 55.7371926009918
AIKOW= 30024.6333829579
AIKOC= 13005.9430617045
AIHalfLife= 17.9226733178133
EAppRate= 5.41498243738734
FoliarEnabled=true
FoliarAppDate= 07/01/1989
FoliarForageBegin= 07/01/1989
FoliarForageEnd= 07/14/1989
AIContactFactor= 1.21560605575796
CL4Pollen= 1.01488979905844
CL4Nectar= 0.484647648409009
CL5Pollen= 4.06623606523499
CL5Nectar= 73.992770165205
CLDPollen= 0.771392022259533
CLDNectar= 146.786915045232
CA13Pollen= 4.38177477130666
CA13Nectar= 75.0442158430815
CA410Pollen= 2.94539778442122
CA410Nectar= 29.660344067961
CA1120Pollen= 1.25755679584108
CA1120Nectar= 77.1460787206888
IPollenTrips= 14.1738809994422
INectarTrips= 14.2324613081291
IPollenLoad= 7.86493653198704
INectarLoad= 7.22040259744972
