ICQueenStrength= 4.04867594037205
RQWkrDrnRatio= 2.61086715571582
ICDroneMiteSurvivorship= 68.7622458208352
ICWorkerMiteSurvivorship= 39.6032562013716
ICForagerLifespan= 14.3582269614562
ImmType= Sine
AIAdultSlope= 2.79905948388157
AIAdultLD50= 0.00128535199910402
AIAdultSlopeContact= 1.70503787750378
AIAdultLD50Contact= 0.0403291281894781
AILarvaSlope= 0.145428140508011
AILarvaLD50= 0.267751103569753
AIKOW= 5.14913615584373
AIKOC= 18.5387033165898
AIHalfLife= 1.93076713271439
EAppRate= 1.77406272385269
FoliarEnabled= true
