ICQueenStrength= 1.64631279441528
RQWkrDrnRatio= 3.38710203114897
ICDroneMiteSurvivorship= 1.43698318861425
ICWorkerMiteSurvivorship= 58.5954982321709
ICForagerLifespan= 14.4444978367537
ImmType= Sine
RQQueenStrength= 3.90466353995726
RQEnableReQueen= true
AIAdultSlope= 1.67309401556849
AIAdultLD50= 0.218576174305053
AIAdultSlopeContact= 8.44357128371485
AIAdultLD50Contact= 35.1144988180427
AILarvaSlope= 7.0127708427608
AILarvaLD50= 56.2146362815653
AIKOW= 75712.2020776222
AIKOC= 67679.8728184714
AIHalfLife= 14.3093648738693
EAppRate= 8.79207085666759
FoliarEnabled= true
FoliarAppDate= 09/01/1989
FoliarForageBegin= 09/01/1989
FoliarForageEnd= 09/08/1989
AIContactFactor= 0.874259449187666
CL4Pollen= 0.983056492172182
CL4Nectar= 2.20548443030566
CL5Pollen= 2.59198049549013
CL5Nectar= 143.53056892287
CLDPollen= 3.61871090205386
CLDNectar= 131.359039410017
CA13Pollen= 5.06208562785759
CA13Nectar= 27.5593769736588
CA410Pollen= 2.77860031684395
CA410Nectar= 86.1718117957935
CA1120Pollen= 2.86004884704016
CA1120Nectar= 87.5502325221896
IPollenTrips= 10.9983413363807
INectarTrips= 10.1720061455853
IPollenLoad= 0.49101087031886
INectarLoad= 9.50743719004095
