ICQueenStrength= 3.70613050088286
RQWkrDrnRatio= 3.07036917749792
ICDroneMiteSurvivorship= 96.2686854414642
ICWorkerMiteSurvivorship= 18.293500947766
ICForagerLifespan= 9.93888968415558
ImmType= Logarithmic
RQQueenStrength= 1.38612835924141
RQEnableReQueen= true
AIAdultSlope= 5.66255078278482
AIAdultLD50= 75.8922013529628
AIAdultSlopeContact= 7.12565019004978
AIAdultLD50Contact= 83.9255893131685
AILarvaSlope= 6.52865543030202
AILarvaLD50= 35.5196881424638
AIKOW= 91784.3464595724
AIKOC= 87230.8816842129
AIHalfLife= 24.4416992707411
EAppRate= 8.48254056625185
FoliarEnabled= true
FoliarAppDate= 06/07/1989
FoliarForageBegin= 06/05/1989
FoliarForageEnd= 06/28/1989
AIContactFactor= 1.173519694102
CL4Pollen= 0.0289222877472639
CL4Nectar= 49.6528280433267
CL5Pollen= 4.99611970642582
CL5Nectar= 97.7921570185572
CLDPollen= 2.09244909323752
CLDNectar= 122.519112343434
CA13Pollen= 4.75666479375213
CA13Nectar= 43.3437385596335
CA410Pollen= 9.26968605071306
CA410Nectar= 102.243057773449
CA1120Pollen= 0.314370615407825
CA1120Nectar= 85.440583191812
IPollenTrips= 11.732060497161
INectarTrips= 6.60647974582389
IPollenLoad= 1.18230203632265
INectarLoad= 3.78155880142003
ESoilP= 1.20523659721948
ESoilFoc= 0.0110017177849077
