ICQueenStrength= 1.66519775893539
RQWkrDrnRatio= 4.56403519026935
ICDroneMiteSurvivorship= 12.1078167110682
ICWorkerMiteSurvivorship= 38.655789825134
ICForagerLifespan= 11.8672712035477
ImmType= Logarithmic
RQQueenStrength= 1.85412328317761
RQEnableReQueen=true
AIAdultSlope= 5.20627320371568
AIAdultLD50= 0.812660180456471
AIAdultSlopeContact= 3.07151713268831
AIAdultLD50Contact= 78.3541592050064
AILarvaSlope= 8.63142169266939
AILarvaLD50= 24.1147870145908
AIKOW= 70758.4007315274
AIKOC= 12466.2481443051
AIHalfLife= 34.9725831881864
EAppRate= 2.86122430522298
FoliarEnabled=true
FoliarAppDate= 07/01/1989
FoliarForageBegin= 07/01/1989
FoliarForageEnd= 07/14/1989
AIContactFactor= 1.41041306146886
CL4Pollen= 3.94195554405451
CL4Nectar= 40.477303462103
CL5Pollen= 0.421542737167329
CL5Nectar= 107.888808671851
CLDPollen= 1.39523145183921
CLDNectar= 30.8533456292935
CA13Pollen= 7.1498671060428
CA13Nectar= 46.6578451544046
CA410Pollen= 4.14356291713193
CA410Nectar= 38.9406111137941
CA1120Pollen= 1.92208944121376
CA1120Nectar= 31.852111928165
IPollenTrips= 14.2988153081387
INectarTrips= 12.6800273056142
IPollenLoad= 4.22576537355781
INectarLoad= 4.18460939545184
