ICQueenStrength= 1.00389300519601
RQWkrDrnRatio= 3.58815423212945
ICDroneMiteSurvivorship= 55.9070930816233
ICWorkerMiteSurvivorship= 72.3123498493806
ICForagerLifespan= 15.3306842949241
ImmType= Tangent
RQQueenStrength= 2.96953429840505
RQEnableReQueen= true
AIAdultSlope= 2.03883439861238
AIAdultLD50= 86.8443864246251
AIAdultSlopeContact= 8.40657133772038
AIAdultLD50Contact= 18.3151109782869
AILarvaSlope= 7.52363575808704
AILarvaLD50= 23.4274540093485
AIKOW= 14120.1325890436
AIKOC= 27750.5394354775
AIHalfLife= 10.8445862241322
EAppRate= 1.35190997222764
FoliarEnabled= true
FoliarAppDate= 06/07/1989
FoliarForageBegin= 06/05/1989
FoliarForageEnd= 06/28/1989
AIContactFactor= 0.789700665441342
CL4Pollen= 3.49592754337937
CL4Nectar= 31.512604909949
CL5Pollen= 2.78626444889233
CL5Nectar= 113.443479279522
CLDPollen= 2.87761989701539
CLDNectar= 2.98245213925838
CA13Pollen= 3.1087105486542
CA13Nectar= 92.7983395941556
CA410Pollen= 6.90460723827127
CA410Nectar= 121.518252082169
CA1120Pollen= 1.70142867369577
CA1120Nectar= 93.1465662829578
IPollenTrips= 8.98125566309318
INectarTrips= 9.1144233616069
IPollenLoad= 0.213030928280205
INectarLoad= 6.64954550564289
ESoilP= 1.86336542200297
ESoilFoc= 0.0112472808747552
