ICQueenStrength= 4.22328457492404
RQWkrDrnRatio= 3.910753717646
ICDroneMiteSurvivorship= 18.4023085748777
ICWorkerMiteSurvivorship= 15.3591312002391
ICForagerLifespan= 5.51697133108974
ImmType= Polynomial
RQQueenStrength= 3.62577593908645
RQEnableReQueen= true
AIAdultSlope= 7.4057698212564
AIAdultLD50= 64.7258818212408
AIAdultSlopeContact= 2.67079656850547
AIAdultLD50Contact= 88.168167736942
AILarvaSlope= 3.38249440677464
AILarvaLD50= 23.0508095062375
AIKOW= 40846.3144456775
AIKOC= 7990.80750538153
AIHalfLife= 17.9234362075571
EAppRate= 7.98267965417891
FoliarEnabled= true
FoliarAppDate= 06/07/1989
FoliarForageBegin= 06/05/1989
FoliarForageEnd= 06/28/1989
AIContactFactor= 1.5126091853762
CL4Pollen= 0.529555643908679
CL4Nectar= 21.2948149535805
CL5Pollen= 2.17311252141371
CL5Nectar= 90.9764800337143
CLDPollen= 2.98303651576862
CLDNectar= 126.795795257203
CA13Pollen= 8.1803897831589
CA13Nectar= 44.2503446899354
CA410Pollen= 7.00603797363583
CA410Nectar= 159.825926222838
CA1120Pollen= 2.90253297588788
CA1120Nectar= 51.4372580498457
IPollenTrips= 9.21188299311325
INectarTrips= 13.6600604839623
IPollenLoad= 6.27986169885844
INectarLoad= 8.18655754439533
ESoilP= 1.60251722903922
ESoilFoc= 0.00311455400614068
