ICQueenStrength= 5.73574495175853
RQWkrDrnRatio= 2.32102743349969
ICDroneMiteSurvivorship= 84.4507943606004
ICWorkerMiteSurvivorship= 62.4814378796145
ICForagerLifespan= 11.172083969228
ImmType= Polynomial
RQQueenStrength= 3.63262994703837
RQEnableReQueen= true
AIAdultSlope= 5.95764932967722
AIAdultLD50= 98.0771443775962
AIAdultSlopeContact= 6.58857165998779
AIAdultLD50Contact= 24.4215715213788
AILarvaSlope= 6.86276566796005
AILarvaLD50= 98.2404808447529
AIKOW= 27832.964760137
AIKOC= 8720.65554307704
AIHalfLife= 11.3236446772004
EAppRate= 4.12983514572354
FoliarEnabled= true
FoliarAppDate= 06/07/1989
FoliarForageBegin= 06/05/1989
FoliarForageEnd= 06/28/1989
AIContactFactor= 2.29907273186371
CL4Pollen= 3.95563397184014
CL4Nectar= 4.9677413655445
CL5Pollen= 4.60433104913682
CL5Nectar= 54.9613416194916
CLDPollen= 5.90759336203337
CLDNectar= 36.8202176643535
CA13Pollen= 4.83564626732841
CA13Nectar= 76.0892845317721
CA410Pollen= 3.56932486535516
CA410Nectar= 181.170064290054
CA1120Pollen= 2.26714841136709
CA1120Nectar= 41.5790518000722
IPollenTrips= 11.1570232897066
INectarTrips= 6.34266228415072
IPollenLoad= 6.03215315844864
INectarLoad= 5.66826054826379
ESoilP= 1.30807036580518
ESoilFoc= 0.00533686242019758
