ICQueenStrength= 2.99082196922973
RQWkrDrnRatio= 3.41606545634568
ICDroneMiteSurvivorship= 97.0358619000763
ICWorkerMiteSurvivorship= 55.8156299637631
ICForagerLifespan= 11.1185338757932
ImmType= Tangent
RQQueenStrength= 4.67530759074725
RQEnableReQueen= true
AIAdultSlope= 2.46780896373093
AIAdultLD50= 0.100311539023416
AIAdultSlopeContact= 6.08699937048368
AIAdultLD50Contact= 90.6474192380677
AILarvaSlope= 3.62807233631611
AILarvaLD50= 33.838904771446
AIKOW= 52763.0311642135
AIKOC= 9010.53948482778
AIHalfLife= 13.634560475545
EAppRate= 1.29459721640614
FoliarEnabled= true
FoliarAppDate= 09/01/1989
FoliarForageBegin= 09/01/1989
FoliarForageEnd= 09/08/1989
AIContactFactor= 1.56863097091205
CL4Pollen= 3.23351182229817
CL4Nectar= 57.2874161880463
CL5Pollen= 0.706840986851603
CL5Nectar= 73.3565269969404
CLDPollen= 2.11637445352972
CLDNectar= 121.468051965348
CA13Pollen= 2.58849159376696
CA13Nectar= 59.3099417537451
CA410Pollen= 3.97322353057098
CA410Nectar= 145.160150895827
CA1120Pollen= 1.79606764437631
CA1120Nectar= 21.7643993534148
IPollenTrips= 13.961343546398
INectarTrips= 12.1724662976339
IPollenLoad= 9.88049732055515
INectarLoad= 9.40463799284771
