ICQueenStrength= 3.3895564978011
RQWkrDrnRatio= 4.24680897500366
ICDroneMiteSurvivorship= 88.5887607233599
ICWorkerMiteSurvivorship= 36.2589440075681
ICForagerLifespan= 11.5201075263321
ImmType= Tangent
AIAdultSlope= 3.5272631331766
AIAdultLD50= 0.00893546626903117
AIAdultSlopeContact= 0.492338621949311
AIAdultLD50Contact= 0.032835584518034
AILarvaSlope= 1.12370082698762
AILarvaLD50= 0.898306584823877
AIKOW= 5.11840766761452
AIKOC= 16.3193180237431
AIHalfLife= 1.89011366099585
EAppRate= 2.64735456556082
FoliarEnabled= true
