ICQueenStrength= 2.75209356471896
RQWkrDrnRatio= 2.9803334036842
ICDroneMiteSurvivorship= 25.9756792569533
ICWorkerMiteSurvivorship= 38.0908763967454
ICForagerLifespan= 5.33911334443837
ImmType= Logarithmic
RQQueenStrength= 2.23276666505262
RQEnableReQueen= true
AIAdultSlope= 7.58756548725069
AIAdultLD50= 0.870151805458823
AIAdultSlopeContact= 5.95749417622574
AIAdultLD50Contact= 23.4634203030588
AILarvaSlope= 6.51583739928901
AILarvaLD50= 5.21724434314924
AIKOW= 92397.9232239228
AIKOC= 14310.5458633124
AIHalfLife= 25.6646732941503
EAppRate= 8.76240650087595
FoliarEnabled= true
FoliarAppDate= 09/01/1989
FoliarForageBegin= 09/01/1989
FoliarForageEnd= 09/08/1989
AIContactFactor= 2.07853700381238
CL4Pollen= 0.65316451061517
CL4Nectar= 31.1971756862476
CL5Pollen= 3.5051508047618
CL5Nectar= 30.4057562607341
CLDPollen= 4.1281237481162
CLDNectar= 47.0268940553069
CA13Pollen= 6.0173446720466
CA13Nectar= 75.2103616297245
CA410Pollen= 3.20850779346656
CA410Nectar= 115.490321088582
CA1120Pollen= 2.88763019372709
CA1120Nectar= 98.20182306692
IPollenTrips= 13.4374806145206
INectarTrips= 13.0712042865343
IPollenLoad= 6.08087767846882
INectarLoad= 3.95294754998758
