ICQueenStrength= 4.86472004186362
RQWkrDrnRatio= 4.32750746421516
ICDroneMiteSurvivorship= 73.9698107587174
ICWorkerMiteSurvivorship= 31.7615302279592
ICForagerLifespan= 6.3819578634575
ImmType= Exponential
RQQueenStrength= 1.25908343866467
RQEnableReQueen=true
AIAdultSlope= 3.93613020144403
AIAdultLD50= 0.598962598640937
AIAdultSlopeContact= 2.78857191372663
AIAdultLD50Contact= 99.2754282011727
AILarvaSlope= 8.10987442731857
AILarvaLD50= 74.092482293616
AIKOW= 47967.3649295813
AIKOC= 22786.8245713869
AIHalfLife= 29.124689914356
EAppRate= 9.16848252754472
FoliarEnabled=true
FoliarAppDate= 07/01/1989
FoliarForageBegin= 07/01/1989
FoliarForageEnd= 07/14/1989
AIContactFactor= 0.945635444065556
CL4Pollen= 0.583252884447575
CL4Nectar= 67.2564988723025
CL5Pollen= 0.598571517504752
CL5Nectar= 2.44146242039278
CLDPollen= 4.27880357578397
CLDNectar= 65.0691989343613
CA13Pollen= 7.74324316931888
CA13Nectar= 52.6593450084329
CA410Pollen= 5.28611768810079
CA410Nectar= 92.3640887346119
CA1120Pollen= 0.450200489256531
CA1120Nectar= 39.0002519637346
IPollenTrips= 6.46290278527886
INectarTrips= 9.51629238203168
IPollenLoad= 9.43531830329448
INectarLoad= 2.67879263265058
