ICQueenStrength= 4.31273224321194
RQWkrDrnRatio= 4.73068685363978
ICDroneMiteSurvivorship= 84.8535236204043
ICWorkerMiteSurvivorship= 76.0058464715257
ICForagerLifespan= 6.80769889056683
ImmType= Logarithmic
RQQueenStrength= 5.21617523650639
RQEnableReQueen= true
AIAdultSlope= 4.8439616356045
AIAdultLD50= 70.097918225796
AIAdultSlopeContact= 7.46393801853992
AIAdultLD50Contact= 53.9866704207892
AILarvaSlope= 5.56617061980069
AILarvaLD50= 81.1197677878449
AIKOW= 45045.7383884764
AIKOC= 93591.9773590819
AIHalfLife= 23.2339548375923
EAppRate= 2.86763475600397
FoliarEnabled= true
FoliarAppDate= 06/07/1989
FoliarForageBegin= 06/05/1989
FoliarForageEnd= 06/28/1989
AIContactFactor= 1.48846451007295
CL4Pollen= 0.362051323056221
CL4Nectar= 12.6132753212005
CL5Pollen= 5.08867485215887
CL5Nectar= 71.8049757066183
CLDPollen= 0.562577093951404
CLDNectar= 124.763387872372
CA13Pollen= 7.52553729508072
CA13Nectar= 34.4263787008822
CA410Pollen= 6.03376188913826
CA410Nectar= 72.2050264663994
CA1120Pollen= 2.5703657339327
CA1120Nectar= 86.1148389056325
IPollenTrips= 13.3128219726495
INectarTrips= 11.4397955685854
IPollenLoad= 9.36127895489335
INectarLoad= 6.20391756063327
ESoilP= 1.27697628480382
ESoilFoc= 0.0134259198738728
