ICQueenStrength= 4.70540166390128
RQWkrDrnRatio= 3.98134820908308
ICDroneMiteSurvivorship= 94.0308146178722
ICWorkerMiteSurvivorship= 24.0398718276992
ICForagerLifespan= 5.23808233439922
ImmType= Cosine
RQQueenStrength= 1.23763911682181
RQEnableReQueen= true
AIAdultSlope= 6.51183195970953
AIAdultLD50= 0.524724684718763
AIAdultSlopeContact= 3.22097345255315
AIAdultLD50Contact= 93.2548129713335
AILarvaSlope= 3.24528457596898
AILarvaLD50= 90.8651051914012
AIKOW= 56745.5912655287
AIKOC= 15919.0266594337
AIHalfLife= 24.2717848120257
EAppRate= 6.91054058154603
FoliarEnabled= true
FoliarAppDate= 09/01/1989
FoliarForageBegin= 09/01/1989
FoliarForageEnd= 09/08/1989
AIContactFactor= 2.1701144849509
CL4Pollen= 0.295609564520419
CL4Nectar= 49.2159904213622
CL5Pollen= 2.23110197670758
CL5Nectar= 140.254676865879
CLDPollen= 3.52956137666479
CLDNectar= 55.5428878054954
CA13Pollen= 4.51331600947305
CA13Nectar= 27.8334104828537
CA410Pollen= 5.95495998335537
CA410Nectar= 146.084451898932
CA1120Pollen= 1.16616789903492
CA1120Nectar= 43.4422487206757
IPollenTrips= 9.15129722794518
INectarTrips= 12.9252574313432
IPollenLoad= 6.77699382882565
INectarLoad= 9.51691536232829
