ICQueenStrength= 1.65011499798857
RQWkrDrnRatio= 1.34894256293774
ICDroneMiteSurvivorship= 33.922503516078
ICWorkerMiteSurvivorship= 36.7078525945544
ICForagerLifespan= 8.73267213534564
ImmType= Tangent
RQQueenStrength= 4.79589779535308
RQEnableReQueen= true
AIAdultSlope= 3.1119259186089
AIAdultLD50= 52.3294341880097
AIAdultSlopeContact= 8.77150267362595
AIAdultLD50Contact= 67.1852257563537
AILarvaSlope= 2.70864050835371
AILarvaLD50= 66.7789689839552
AIKOW= 76284.3378786464
AIKOC= 22029.2725718422
AIHalfLife= 19.6056008362677
EAppRate= 0.471406879107002
FoliarEnabled= true
FoliarAppDate= 06/07/1989
FoliarForageBegin= 06/05/1989
FoliarForageEnd= 06/28/1989
AIContactFactor= 1.54705325985327
CL4Pollen= 0.365745902061462
CL4Nectar= 75.3646371187642
CL5Pollen= 5.10194536205381
CL5Nectar= 81.4189899712801
CLDPollen= 1.80360787594691
CLDNectar= 19.4801933364943
CA13Pollen= 2.43859481187537
CA13Nectar= 47.1505299396813
CA410Pollen= 9.40186072967481
CA410Nectar= 164.711335292086
CA1120Pollen= 1.64366749045439
CA1120Nectar= 79.5096753910184
IPollenTrips= 13.6912481323816
INectarTrips= 13.5715682455339
IPollenLoad= 9.47549240197986
INectarLoad= 3.68223645957187
ESoilP= 1.11751391831785
ESoilFoc= 0.0148625234183855
