ICQueenStrength= 2.83868197724223
RQWkrDrnRatio= 2.19410768058151
ICDroneMiteSurvivorship= 24.5004503056407
ICWorkerMiteSurvivorship= 63.751949602738
ICForagerLifespan= 8.12945465743542
ImmType= Sine
RQQueenStrength= 1.80425802036189
RQEnableReQueen= true
AIAdultSlope= 7.92404825240374
AIAdultLD50= 84.3528140215764
AIAdultSlopeContact= 5.34895727504045
AIAdultLD50Contact= 21.0366697477002
AILarvaSlope= 6.00237720645964
AILarvaLD50= 3.74934200095548
AIKOW= 48205.5330056596
AIKOC= 4437.01917301351
AIHalfLife= 17.4607596548274
EAppRate= 6.20880612363527
FoliarEnabled= true
FoliarAppDate= 06/07/1989
FoliarForageBegin= 06/05/1989
FoliarForageEnd= 06/28/1989
AIContactFactor= 1.88683655985631
CL4Pollen= 0.110924393869936
CL4Nectar= 21.9762773718685
CL5Pollen= 3.81658031931147
CL5Nectar= 7.29979133466259
CLDPollen= 3.83790062181652
CLDNectar= 111.780331050977
CA13Pollen= 3.7717006912455
CA13Nectar= 21.7239047773182
CA410Pollen= 8.89652957334183
CA410Nectar= 31.9923987006769
CA1120Pollen= 1.50240277103148
CA1120Nectar= 24.9517663009465
IPollenTrips= 8.00378462532535
INectarTrips= 13.3083218475804
IPollenLoad= 1.81614414090291
INectarLoad= 7.65332357026637
ESoilP= 1.23113921796903
ESoilFoc= 0.00136488690925762
