ICQueenStrength= 2.303810919635
RQWkrDrnRatio= 1.82552731968462
ICDroneMiteSurvivorship= 48.8346374826506
ICWorkerMiteSurvivorship= 60.8820118010044
ICForagerLifespan= 5.65324618760496
ImmType= Logarithmic
RQQueenStrength= 4.4626366070006
RQEnableReQueen= true
AIAdultSlope= 2.07181359268725
AIAdultLD50= 24.8891804407807
AIAdultSlopeContact= 9.41052248631604
AIAdultLD50Contact= 56.21229014048
AILarvaSlope= 2.7417531106621
AILarvaLD50= 12.6976330870772
AIKOW= 61247.0472334577
AIKOC= 16907.9053946717
AIHalfLife= 3.54358334050048
EAppRate= 1.74395577018755
FoliarEnabled= true
FoliarAppDate= 06/07/1989
FoliarForageBegin= 06/05/1989
FoliarForageEnd= 06/28/1989
AIContactFactor= 0.366556326141581
CL4Pollen= 1.78311014920473
CL4Nectar= 82.1983348112553
CL5Pollen= 3.07861105492339
CL5Nectar= 130.841516435612
CLDPollen= 2.56961284345016
CLDNectar= 76.9145545782521
CA13Pollen= 5.43024408239871
CA13Nectar= 35.7170366682112
CA410Pollen= 4.91069521398749
CA410Nectar= 81.0384066449478
CA1120Pollen= 0.0824070456437767
CA1120Nectar= 56.6867938823998
IPollenTrips= 11.20914864121
INectarTrips= 14.9385672714561
IPollenLoad= 7.19515495933592
INectarLoad= 6.01987492293119
