ICQueenStrength= 4.10171299497597
RQWkrDrnRatio= 4.57768737059087
ICDroneMiteSurvivorship= 91.5836347034201
ICWorkerMiteSurvivorship= 5.86365242488682
ICForagerLifespan= 11.6775406533852
ImmType= Tangent
RQQueenStrength= 1.8074400422629
RQEnableReQueen= true
AIAdultSlope= 6.2691088616848
AIAdultLD50= 0.512548293411499
AIAdultSlopeContact= 4.32923174090683
AIAdultLD50Contact= 80.3716758821467
AILarvaSlope= 6.81255887821317
AILarvaLD50= 79.9606106229655
AIKOW= 40650.3483165251
AIKOC= 49802.6922064631
AIHalfLife= 14.9535736352904
EAppRate= 7.51369056491368
FoliarEnabled= true
FoliarAppDate= 09/01/1989
FoliarForageBegin= 09/01/1989
FoliarForageEnd= 09/08/1989
AIContactFactor= 2.28066018412821
CL4Pollen= 2.50353040825576
CL4Nectar= 27.0646554650739
CL5Pollen= 2.12384123587981
CL5Nectar= 58.7574969395064
CLDPollen= 2.78456657985225
CLDNectar= 132.655698107556
CA13Pollen= 4.68670410457998
CA13Nectar= 30.656674746424
CA410Pollen= 8.41801295739133
CA410Nectar= 154.756897105835
CA1120Pollen= 2.75457277544774
CA1120Nectar= 78.830077201128
IPollenTrips= 10.4888769937679
INectarTrips= 8.69560031918809
IPollenLoad= 9.22001887345687
INectarLoad= 6.03370988741517
