ICQueenStrength= 3.07578271161765
RQWkrDrnRatio= 4.80151388887316
ICDroneMiteSurvivorship= 73.3292971970513
ICWorkerMiteSurvivorship= 82.7458234503865
ICForagerLifespan= 10.432907121256
ImmType= Logarithmic
RQQueenStrength= 2.20188727392815
RQEnableReQueen= true
AIAdultSlope= 3.9768929630518
AIAdultLD50= 80.3307819401219
AIAdultSlopeContact= 1.86201547458768
AIAdultLD50Contact= 10.0030611217362
AILarvaSlope= 8.64725393801928
AILarvaLD50= 50.6195726558599
AIKOW= 95665.7960921355
AIKOC= 90778.3322901402
AIHalfLife= 1.02700397334993
EAppRate= 1.4405932451759
FoliarEnabled= true
FoliarAppDate= 06/07/1989
FoliarForageBegin= 06/05/1989
FoliarForageEnd= 06/28/1989
AIContactFactor= 1.28264638210647
CL4Pollen= 3.19484298396856
CL4Nectar= 65.071246959269
CL5Pollen= 1.08627267507836
CL5Nectar= 80.1086980034597
CLDPollen= 1.53363319393247
CLDNectar= 56.0769505798817
CA13Pollen= 7.17399745276198
CA13Nectar= 93.368475344032
CA410Pollen= 3.45542255355977
CA410Nectar= 85.2109768427908
CA1120Pollen= 0.410719309933484
CA1120Nectar= 59.0283241681755
IPollenTrips= 5.28265504166484
INectarTrips= 9.68058752361685
IPollenLoad= 7.57607977837324
INectarLoad= 7.9606566298753
