ICQueenStrength= 1.39738341234624
RQWkrDrnRatio= 4.63598386198282
ICDroneMiteSurvivorship= 29.4066774193197
ICWorkerMiteSurvivorship= 60.6423362856731
ICForagerLifespan= 14.9861120311543
ImmType= Tangent
RQQueenStrength= 2.1781178007368
RQEnableReQueen= true
AIAdultSlope= 5.79281098209321
AIAdultLD50= 84.6057136976565
AIAdultSlopeContact= 4.46060919668525
AIAdultLD50Contact= 86.1691957885535
AILarvaSlope= 6.93528309650719
AILarvaLD50= 20.8082872890343
AIKOW= 11581.6138860331
AIKOC= 39500.9460022133
AIHalfLife= 10.4127231607214
EAppRate= 9.30681214241614
FoliarEnabled= true
FoliarAppDate= 06/07/1989
FoliarForageBegin= 06/05/1989
FoliarForageEnd= 06/28/1989
AIContactFactor= 1.30247507902328
CL4Pollen= 1.7031439691782
CL4Nectar= 5.09752230718732
CL5Pollen= 2.43810383789241
CL5Nectar= 8.91667729010805
CLDPollen= 1.53234769776464
CLDNectar= 89.0391864697449
CA13Pollen= 5.04050618903711
CA13Nectar= 73.4501340612769
CA410Pollen= 8.19649878575001
CA410Nectar= 120.007027755491
CA1120Pollen= 1.67682408588007
CA1120Nectar= 44.9597195908427
IPollenTrips= 9.25408364506438
INectarTrips= 8.87889935867861
IPollenLoad= 7.4444843782112
INectarLoad= 6.88239597482607
