ICQueenStrength= 4.45530371065252
RQWkrDrnRatio= 2.76849441509694
ICDroneMiteSurvivorship= 11.4780311472714
ICWorkerMiteSurvivorship= 53.3473264425993
ICForagerLifespan= 12.3147363131866
ImmType= Polynomial
RQQueenStrength= 1.67245035548694
RQEnableReQueen= true
AIAdultSlope= 1.17322917468846
AIAdultLD50= 0.594617972242879
AIAdultSlopeContact= 8.679348484613
AIAdultLD50Contact= 30.2393804364274
AILarvaSlope= 1.11606904864311
AILarvaLD50= 50.8297794652195
AIKOW= 23195.6188537259
AIKOC= 65540.676268629
AIHalfLife= 13.8167356779566
EAppRate= 5.73063152683503
FoliarEnabled= true
FoliarAppDate= 09/01/1989
FoliarForageBegin= 09/01/1989
FoliarForageEnd= 09/08/1989
AIContactFactor= 2.09183961914387
CL4Pollen= 2.3336820313707
CL4Nectar= 50.9946399135515
CL5Pollen= 1.06202364200726
CL5Nectar= 40.4543716809712
CLDPollen= 1.70958348596469
CLDNectar= 35.3669578791596
CA13Pollen= 7.92837957320735
CA13Nectar= 52.1107484027743
CA410Pollen= 6.87050399265718
CA410Nectar= 120.055614463054
CA1120Pollen= 1.29346732632257
CA1120Nectar= 35.2720212936401
IPollenTrips= 13.1223504943773
INectarTrips= 9.30260362103581
IPollenLoad= 4.98230095254257
INectarLoad= 1.95309001486748
