ICQueenStrength= 2.08028389164247
RQWkrDrnRatio= 1.10187796317041
ICDroneMiteSurvivorship= 42.9744413122535
ICWorkerMiteSurvivorship= 40.7066914020106
ICForagerLifespan= 5.82590998429805
ImmType= Polynomial
RQQueenStrength= 1.23041296401061
RQEnableReQueen= true
AIAdultSlope= 2.62709496170282
AIAdultLD50= 33.4808867431083
AIAdultSlopeContact= 1.7977599138394
AIAdultLD50Contact= 54.1139030858325
AILarvaSlope= 4.94798427633941
AILarvaLD50= 62.9230993931834
AIKOW= 83822.5690527247
AIKOC= 35350.3301297186
AIHalfLife= 12.579801280098
EAppRate= 1.66476415809384
FoliarEnabled= true
FoliarAppDate= 06/07/1989
FoliarForageBegin= 06/05/1989
FoliarForageEnd= 06/28/1989
AIContactFactor= 0.264854772207327
CL4Pollen= 2.48529410827905
CL4Nectar= 38.8941399985924
CL5Pollen= 4.46611767075956
CL5Nectar= 33.8903601514176
CLDPollen= 2.11411485727876
CLDNectar= 51.7154337605461
CA13Pollen= 6.61640928853303
CA13Nectar= 36.2738799117506
CA410Pollen= 8.00325572718866
CA410Nectar= 113.31018241588
CA1120Pollen= 1.24808814958669
CA1120Nectar= 57.5756076723337
IPollenTrips= 13.3493998367339
INectarTrips= 5.19825326511636
IPollenLoad= 9.04654448851943
INectarLoad= 9.26615652162582
