ICQueenStrength= 5.68207466881722
RQWkrDrnRatio= 4.28157865256071
ICDroneMiteSurvivorship= 52.1837275475264
ICWorkerMiteSurvivorship= 80.1742501556873
ICForagerLifespan= 14.0155252367258
ImmType= Sine
AIAdultSlope= 1.07639945559204
AIAdultLD50= 0.103352297004312
AIAdultSlopeContact= 1.38458539047511
AIAdultLD50Contact= 0.00366459270007908
AILarvaSlope= 0.362365421280265
AILarvaLD50= 0.654537153756246
AIKOW= 2.08083237428218
AIKOC= 23.0040640232619
AIHalfLife= 0.810741406702436
EAppRate= 2.35483998898417
FoliarEnabled= true
