ICQueenStrength= 5.0344934083987
RQWkrDrnRatio= 3.79993206448853
ICDroneMiteSurvivorship= 92.2194674611092
ICWorkerMiteSurvivorship= 79.043270740658
ICForagerLifespan= 6.26534008421004
ImmType= Sine
RQQueenStrength= 2.88578875502571
RQEnableReQueen= true
AIAdultSlope= 7.93718532659113
AIAdultLD50= 6.26346224311297
AIAdultSlopeContact= 1.40022608009167
AIAdultLD50Contact= 55.3238689304346
AILarvaSlope= 4.37290437705815
AILarvaLD50= 14.467657153236
AIKOW= 60453.86634882
AIKOC= 61399.1324815934
AIHalfLife= 32.145527351601
EAppRate= 1.07075502980943
FoliarEnabled= true
FoliarAppDate= 06/07/1989
FoliarForageBegin= 06/05/1989
FoliarForageEnd= 06/28/1989
AIContactFactor= 2.09385760069825
CL4Pollen= 2.5908123627305
CL4Nectar= 80.0008776364848
CL5Pollen= 3.5043313424103
CL5Nectar= 28.8637564983219
CLDPollen= 0.661094805691391
CLDNectar= 115.126999968197
CA13Pollen= 5.0426608312875
CA13Nectar= 63.0961339734495
CA410Pollen= 2.72812451845966
CA410Nectar= 153.515631500632
CA1120Pollen= 1.86016327701509
CA1120Nectar= 91.0505086183548
IPollenTrips= 7.98533127875999
INectarTrips= 8.47850200021639
IPollenLoad= 9.72333255456761
INectarLoad= 7.74025029037148
ESoilP= 1.35877400171012
ESoilFoc= 0.00231617612857372
