ICQueenStrength= 1.0965185102541
RQWkrDrnRatio= 1.92912178020924
ICDroneMiteSurvivorship= 74.4718195870519
ICWorkerMiteSurvivorship= 46.4966662228107
ICForagerLifespan= 12.0576730938628
ImmType= Logarithmic
RQQueenStrength= 2.90590184531175
RQEnableReQueen= true
AIAdultSlope= 5.74279722757638
AIAdultLD50= 61.6466679562677
AIAdultSlopeContact= 9.79390435037203
AIAdultLD50Contact= 71.9927456496386
AILarvaSlope= 6.64464822039008
AILarvaLD50= 30.419734162173
AIKOW= 75354.1515407414
AIKOC= 93987.4066136549
AIHalfLife= 11.2642811209662
EAppRate= 9.0564576417408
FoliarEnabled= true
FoliarAppDate= 06/07/1989
FoliarForageBegin= 06/05/1989
FoliarForageEnd= 06/28/1989
AIContactFactor= 2.24727626375854
CL4Pollen= 3.81409925874323
CL4Nectar= 97.4798323586583
CL5Pollen= 4.8451553536579
CL5Nectar= 39.3202780396678
CLDPollen= 4.94499339954928
CLDNectar= 16.0753533127718
CA13Pollen= 4.80957353888079
CA13Nectar= 64.1884683445096
CA410Pollen= 9.28338358437177
CA410Nectar= 71.5251848008484
CA1120Pollen= 1.95930507942103
CA1120Nectar= 29.3868381343782
IPollenTrips= 13.2746712281369
INectarTrips= 13.9547844976187
IPollenLoad= 0.845945957116783
INectarLoad= 6.45046174526215
ESoilP= 1.04478677199222
ESoilFoc= 0.0120554156163707
