ICQueenStrength= 1.90100473957136
RQWkrDrnRatio= 3.63626174535602
ICDroneMiteSurvivorship= 46.0585174849257
ICWorkerMiteSurvivorship= 96.3871286250651
ICForagerLifespan= 11.8021828783676
ImmType= Logarithmic
RQQueenStrength= 5.31581620709039
RQEnableReQueen= true
AIAdultSlope= 8.84909116849303
AIAdultLD50= 55.6093756532911
AIAdultSlopeContact= 8.27252891450189
AIAdultLD50Contact= 8.21073054301739
AILarvaSlope= 2.49643046222627
AILarvaLD50= 75.2858810066113
AIKOW= 80217.7606607806
AIKOC= 96781.6220665495
AIHalfLife= 20.4791569499997
EAppRate= 4.36772872554627
FoliarEnabled= true
FoliarAppDate= 06/07/1989
FoliarForageBegin= 06/05/1989
FoliarForageEnd= 06/28/1989
AIContactFactor= 1.46609462925699
CL4Pollen= 0.230430144816637
CL4Nectar= 57.9473216319457
CL5Pollen= 3.22713578492403
CL5Nectar= 141.316186543554
CLDPollen= 2.38489048462361
CLDNectar= 3.44135320046917
CA13Pollen= 2.32288155872375
CA13Nectar= 89.8146499507129
CA410Pollen= 3.68931791521609
CA410Nectar= 149.272295157425
CA1120Pollen= 0.777343024732545
CA1120Nectar= 94.0819645114243
IPollenTrips= 10.9497114690021
INectarTrips= 11.5608564787544
IPollenLoad= 2.24890337325633
INectarLoad= 2.45773810427636
