ICQueenStrength= 2.41472712042741
RQWkrDrnRatio= 4.76252089627087
ICDroneMiteSurvivorship= 14.635475887917
ICWorkerMiteSurvivorship= 93.6346848262474
ICForagerLifespan= 9.21554916538298
ImmType= Polynomial
RQQueenStrength= 2.97163239587098
RQEnableReQueen= true
AIAdultSlope= 4.89963110536337
AIAdultLD50= 8.09113217873731
AIAdultSlopeContact= 5.97603410365991
AIAdultLD50Contact= 82.8135743408331
AILarvaSlope= 2.65954095683992
AILarvaLD50= 67.3328074997442
AIKOW= 57024.835389502
AIKOC= 24265.0140368862
AIHalfLife= 20.0420328848297
EAppRate= 2.35133019443788
FoliarEnabled= true
FoliarAppDate= 06/07/1989
FoliarForageBegin= 06/05/1989
FoliarForageEnd= 06/28/1989
AIContactFactor= 1.96143289759289
CL4Pollen= 0.302903371863067
CL4Nectar= 51.4528207946569
CL5Pollen= 3.12449667043984
CL5Nectar= 20.6996965804137
CLDPollen= 3.18047569831833
CLDNectar= 33.7497710832395
CA13Pollen= 6.21885253936052
CA13Nectar= 41.0336842760444
CA410Pollen= 8.35897850245237
CA410Nectar= 148.989875144325
CA1120Pollen= 1.30625199107453
CA1120Nectar= 46.9504022970796
IPollenTrips= 6.73277012072504
INectarTrips= 11.1245066858828
IPollenLoad= 4.85432359389961
INectarLoad= 4.54783893655986
ESoilP= 1.89564516069368
ESoilFoc= 0.00580435704719275
