ICQueenStrength= 2.69773191097192
RQWkrDrnRatio= 4.01673834957182
ICDroneMiteSurvivorship= 11.9041476864368
ICWorkerMiteSurvivorship= 26.3050720095634
ICForagerLifespan= 6.17626269068569
ImmType= Tangent
RQQueenStrength= 4.66715177427977
RQEnableReQueen= true
AIAdultSlope= 4.91666340269148
AIAdultLD50= 13.9969886136593
AIAdultSlopeContact= 2.2070387552958
AIAdultLD50Contact= 55.3873960431458
AILarvaSlope= 3.51632632128894
AILarvaLD50= 25.7923637343526
AIKOW= 87403.8751958858
AIKOC= 90636.5952825155
AIHalfLife= 6.46833358549047
EAppRate= 3.7824110875777
FoliarEnabled= true
FoliarAppDate= 06/07/1989
FoliarForageBegin= 06/05/1989
FoliarForageEnd= 06/28/1989
AIContactFactor= 0.344332140325569
CL4Pollen= 0.856274059042335
CL4Nectar= 42.027157661505
CL5Pollen= 2.38486972544342
CL5Nectar= 76.851356390398
CLDPollen= 1.60852292831987
CLDNectar= 147.225159325171
CA13Pollen= 4.37297231173143
CA13Nectar= 94.3824694864452
CA410Pollen= 2.52223320172634
CA410Nectar= 133.128406242467
CA1120Pollen= 1.49788421345875
CA1120Nectar= 51.9797028228641
IPollenTrips= 13.3804169972427
INectarTrips= 5.71818807162344
IPollenLoad= 0.421458084601909
INectarLoad= 1.37547573307529
ESoilP= 1.79117498011328
ESoilFoc= 0.0188291072545107
