ICQueenStrength= 4.76278952113353
RQWkrDrnRatio= 4.1238402556628
ICDroneMiteSurvivorship= 41.6162294102833
ICWorkerMiteSurvivorship= 40.1676550041884
ICForagerLifespan= 12.2109729731455
ImmType= Exponential
RQQueenStrength= 1.56828119908459
RQEnableReQueen= true
AIAdultSlope= 7.20152294449508
AIAdultLD50= 0.421467998830602
AIAdultSlopeContact= 4.67149226041511
AIAdultLD50Contact= 59.8437644342035
AILarvaSlope= 7.14380868710577
AILarvaLD50= 86.3944476144083
AIKOW= 76830.2277315739
AIKOC= 79161.8907356001
AIHalfLife= 10.7474440118764
EAppRate= 4.67646350855474
FoliarEnabled= true
FoliarAppDate= 09/01/1989
FoliarForageBegin= 09/01/1989
FoliarForageEnd= 09/08/1989
AIContactFactor= 1.19484949461184
CL4Pollen= 1.15768288541585
CL4Nectar= 82.176859723404
CL5Pollen= 0.687029766384512
CL5Nectar= 19.5226885727607
CLDPollen= 1.06243240647018
CLDNectar= 36.4836947643198
CA13Pollen= 7.09635336212814
CA13Nectar= 25.819345600903
CA410Pollen= 2.99485555563588
CA410Nectar= 147.908002198674
CA1120Pollen= 0.00242104916833341
CA1120Nectar= 68.9065347984433
IPollenTrips= 8.05790402926505
INectarTrips= 12.2721793176606
IPollenLoad= 7.59482435649261
INectarLoad= 8.0729274940677
