ICQueenStrength= 2.25563063076697
RQWkrDrnRatio= 2.37448943592608
ICDroneMiteSurvivorship= 16.1109347827733
ICWorkerMiteSurvivorship= 64.0321653801948
ICForagerLifespan= 4.39483049605042
ImmType= Exponential
RQQueenStrength= 2.44879580126144
RQEnableReQueen= true
AIAdultSlope= 4.26474801823497
AIAdultLD50= 86.4055178557525
AIAdultSlopeContact= 1.27567233378068
AIAdultLD50Contact= 72.6466837403681
AILarvaSlope= 3.95195728354156
AILarvaLD50= 40.5386680667985
AIKOW= 9734.55169441149
AIKOC= 41813.5593211253
AIHalfLife= 21.8907451326493
EAppRate= 0.734654859039001
FoliarEnabled= true
FoliarAppDate= 06/07/1989
FoliarForageBegin= 06/05/1989
FoliarForageEnd= 06/28/1989
AIContactFactor= 0.546875611371361
CL4Pollen= 0.744336894713342
CL4Nectar= 56.6588535439223
CL5Pollen= 3.6953418510966
CL5Nectar= 37.7144839265384
CLDPollen= 1.52872839057818
CLDNectar= 8.07496343040839
CA13Pollen= 5.27445544982329
CA13Nectar= 65.3729108907282
CA410Pollen= 3.90938107885886
CA410Nectar= 77.5728662824258
CA1120Pollen= 1.71584285935387
CA1120Nectar= 71.1450841836631
IPollenTrips= 7.33874977333471
INectarTrips= 9.16752171935514
IPollenLoad= 3.34397735074162
INectarLoad= 2.45110650081187
