ICQueenStrength= 5.92716621141881
RQWkrDrnRatio= 2.58779528923333
ICDroneMiteSurvivorship= 89.7944454103708
ICWorkerMiteSurvivorship= 88.1962278392166
ICForagerLifespan= 4.1447732122615
ImmType= Cosine
RQQueenStrength= 2.02905501262285
RQEnableReQueen= true
AIAdultSlope= 1.44042854756117
AIAdultLD50= 95.4461221325959
AIAdultSlopeContact= 1.06746029760689
AIAdultLD50Contact= 14.8877332640293
AILarvaSlope= 1.16836180537939
AILarvaLD50= 28.4712399746226
AIKOW= 83036.7990736012
AIKOC= 37189.3798053667
AIHalfLife= 5.22464709538035
EAppRate= 5.66460423044092
FoliarEnabled= true
FoliarAppDate= 06/07/1989
FoliarForageBegin= 06/05/1989
FoliarForageEnd= 06/28/1989
AIContactFactor= 1.87041477087419
CL4Pollen= 0.366007321514189
CL4Nectar= 43.8753218855709
CL5Pollen= 5.36129562975839
CL5Nectar= 12.3708302155137
CLDPollen= 5.40777796972543
CLDNectar= 39.3052187981084
CA13Pollen= 7.84592177513987
CA13Nectar= 37.6872391067445
CA410Pollen= 8.55023515045177
CA410Nectar= 126.653924579732
CA1120Pollen= 2.25095266895369
CA1120Nectar= 63.8387900404632
IPollenTrips= 13.3066146983765
INectarTrips= 11.9863781915046
IPollenLoad= 2.80898321885616
INectarLoad= 5.11608292814344
ESoilP= 1.61894134269096
ESoilFoc= 0.00204273020476103
