ICQueenStrength= 3.52794974250719
RQWkrDrnRatio= 4.44178874231875
ICDroneMiteSurvivorship= 22.6537117036059
ICWorkerMiteSurvivorship= 32.9081205185503
ICForagerLifespan= 10.3701825905591
ImmType= Tangent
RQQueenStrength= 4.9758767595049
RQEnableReQueen= true
AIAdultSlope= 5.68030949495733
AIAdultLD50= 68.5179145212278
AIAdultSlopeContact= 8.49438200355507
AIAdultLD50Contact= 56.3291506765999
AILarvaSlope= 6.3065519221127
AILarvaLD50= 61.6333508983976
AIKOW= 38543.7421955318
AIKOC= 33679.3382603715
AIHalfLife= 23.9325562848011
EAppRate= 1.01618129914673
FoliarEnabled= true
FoliarAppDate= 06/07/1989
FoliarForageBegin= 06/05/1989
FoliarForageEnd= 06/28/1989
AIContactFactor= 2.24513511293102
CL4Pollen= 0.95059912931174
CL4Nectar= 66.2576282164082
CL5Pollen= 2.14768293639645
CL5Nectar= 27.9593170853332
CLDPollen= 1.93962745880708
CLDNectar= 33.2999889389612
CA13Pollen= 6.89809068273753
CA13Nectar= 36.5936353988945
CA410Pollen= 4.9324941725703
CA410Nectar= 188.276070975699
CA1120Pollen= 0.326921679312363
CA1120Nectar= 50.9931034967303
IPollenTrips= 14.0318718459457
INectarTrips= 11.9458972243592
IPollenLoad= 5.10207855375484
INectarLoad= 8.78479126607999
