ICQueenStrength= 3.91008198400959
RQWkrDrnRatio= 2.67571313492954
ICDroneMiteSurvivorship= 13.0890974076465
ICWorkerMiteSurvivorship= 95.7061668392271
ICForagerLifespan= 13.1657688682899
ImmType= Polynomial
RQQueenStrength= 1.41100539499894
RQEnableReQueen= true
AIAdultSlope= 5.37142380699515
AIAdultLD50= 28.9910849044516
AIAdultSlopeContact= 6.50919133843854
AIAdultLD50Contact= 1.09833901200281
AILarvaSlope= 1.21937956474721
AILarvaLD50= 74.9762489629609
AIKOW= 47156.35892846
AIKOC= 90454.8532946568
AIHalfLife= 31.0812668574275
EAppRate= 4.41129938901681
FoliarEnabled= true
FoliarAppDate= 06/07/1989
FoliarForageBegin= 06/05/1989
FoliarForageEnd= 06/28/1989
AIContactFactor= 1.30135250021704
CL4Pollen= 1.96731490921229
CL4Nectar= 30.4297116817906
CL5Pollen= 1.74052677908912
CL5Nectar= 133.382166875526
CLDPollen= 2.11210498586297
CLDNectar= 120.350857882295
CA13Pollen= 5.62970439605415
CA13Nectar= 80.3338609263301
CA410Pollen= 3.45169140761718
CA410Nectar= 107.073047501035
CA1120Pollen= 1.62607878958806
CA1120Nectar= 88.6606089957058
IPollenTrips= 6.4198348717764
INectarTrips= 11.8688924377784
IPollenLoad= 3.31975626759231
INectarLoad= 2.9203539993614
ESoilP= 1.61923183058389
ESoilFoc= 0.0132121240305714
