ICQueenStrength= 1.16092485166155
RQWkrDrnRatio= 1.77502708043903
ICDroneMiteSurvivorship= 29.0244735777378
ICWorkerMiteSurvivorship= 47.8980372427031
ICForagerLifespan= 8.48332599457353
ImmType= Sine
RQQueenStrength= 4.58470920007676
RQEnableReQueen= true
AIAdultSlope= 3.8514957819134
AIAdultLD50= 50.2098133306995
AIAdultSlopeContact= 9.57765486114658
AIAdultLD50Contact= 8.25398634203873
AILarvaSlope= 3.46753864735365
AILarvaLD50= 7.58142822588026
AIKOW= 43914.2741236459
AIKOC= 34043.4519668333
AIHalfLife= 23.5565659465967
EAppRate= 2.52005142037431
FoliarEnabled= true
FoliarAppDate= 06/07/1989
FoliarForageBegin= 06/05/1989
FoliarForageEnd= 06/28/1989
AIContactFactor= 2.04114340591244
CL4Pollen= 1.49348053522408
CL4Nectar= 26.2999839847907
CL5Pollen= 3.40030104573816
CL5Nectar= 137.058732868172
CLDPollen= 2.213149770163
CLDNectar= 62.8613302018493
CA13Pollen= 5.16170838316902
CA13Nectar= 82.5970082171261
CA410Pollen= 9.04761860284489
CA410Nectar= 40.2521771239117
CA1120Pollen= 2.38229198148474
CA1120Nectar= 68.6092425324023
IPollenTrips= 5.8707378921099
INectarTrips= 7.69922176608816
IPollenLoad= 1.47744409972802
INectarLoad= 3.01558284554631
