ICQueenStrength= 1.59245142247528
RQWkrDrnRatio= 3.07299434393644
ICDroneMiteSurvivorship= 24.9547113198787
ICWorkerMiteSurvivorship= 74.5067691197619
ICForagerLifespan= 10.6862160693854
ImmType= Polynomial
RQQueenStrength= 3.13207253720611
RQEnableReQueen=true
AIAdultSlope= 8.24633461982012
AIAdultLD50= 0.736825224131811
AIAdultSlopeContact= 7.38427676283754
AIAdultLD50Contact= 84.2019028798421
AILarvaSlope= 7.19740405865014
AILarvaLD50= 83.3249421081145
AIKOW= 6217.41346067708
AIKOC= 12112.5118286866
AIHalfLife= 25.3990881955251
EAppRate= 2.54259882488777
FoliarEnabled=true
FoliarAppDate= 07/01/1989
FoliarForageBegin= 07/01/1989
FoliarForageEnd= 07/14/1989
AIContactFactor= 0.727621568017639
CL4Pollen= 3.80091259628534
CL4Nectar= 45.1996813993901
CL5Pollen= 0.260226391721517
CL5Nectar= 130.047588015441
CLDPollen= 3.68177646305412
CLDNectar= 71.8285886803642
CA13Pollen= 2.21304473774508
CA13Nectar= 25.180202499032
CA410Pollen= 3.64484054616187
CA410Nectar= 98.0058730766177
CA1120Pollen= 2.53297360846773
CA1120Nectar= 30.6765269860625
IPollenTrips= 6.07086018426344
INectarTrips= 7.97225192422047
IPollenLoad= 8.5424897284247
INectarLoad= 0.798532599583268
