ICQueenStrength= 2.63223489839584
RQWkrDrnRatio= 4.80346312560141
ICDroneMiteSurvivorship= 20.0402864953503
ICWorkerMiteSurvivorship= 9.85822798684239
ICForagerLifespan= 10.9828971615061
ImmType= Sine
RQQueenStrength= 3.52153427153826
RQEnableReQueen=true
AIAdultSlope= 4.29693117551506
AIAdultLD50= 0.480462231755955
AIAdultSlopeContact= 6.77185055590235
AIAdultLD50Contact= 18.9220262475498
AILarvaSlope= 1.67612734995782
AILarvaLD50= 39.5680910573995
AIKOW= 49283.6422479041
AIKOC= 98955.8309193628
AIHalfLife= 11.9982409415534
EAppRate= 2.16523165207286
FoliarEnabled=true
FoliarAppDate= 07/01/1989
FoliarForageBegin= 07/01/1989
FoliarForageEnd= 07/14/1989
AIContactFactor= 2.11234664093703
CL4Pollen= 1.40350184682757
CL4Nectar= 81.6100443480536
CL5Pollen= 2.22839816194028
CL5Nectar= 123.418121784925
CLDPollen= 1.53610564721748
CLDNectar= 29.0507337776944
CA13Pollen= 7.77650451967493
CA13Nectar= 60.4602024517953
CA410Pollen= 5.76750722180586
CA410Nectar= 140.123734967783
CA1120Pollen= 0.760084558976814
CA1120Nectar= 29.2537135258317
IPollenTrips= 6.49530318798497
INectarTrips= 12.4312308593653
IPollenLoad= 5.73587230173871
INectarLoad= 2.01861182693392
