ICQueenStrength= 1.03612342989072
RQWkrDrnRatio= 4.53855718951672
ICDroneMiteSurvivorship= 51.9046110799536
ICWorkerMiteSurvivorship= 26.2645013164729
ICForagerLifespan= 9.06504550855607
ImmType= Tangent
RQQueenStrength= 4.68903430760838
RQEnableReQueen= true
AIAdultSlope= 4.43696945905685
AIAdultLD50= 79.6940632262419
AIAdultSlopeContact= 6.50633873580955
AIAdultLD50Contact= 65.9378528531431
AILarvaSlope= 8.74203166179359
AILarvaLD50= 81.3633306526714
AIKOW= 13034.6966561203
AIKOC= 97984.0334937833
AIHalfLife= 24.3343207089696
EAppRate= 0.821300820806297
FoliarEnabled= true
FoliarAppDate= 06/07/1989
FoliarForageBegin= 06/05/1989
FoliarForageEnd= 06/28/1989
AIContactFactor= 1.32472128931899
CL4Pollen= 3.37834201939404
CL4Nectar= 87.195124081336
CL5Pollen= 4.06674817716703
CL5Nectar= 117.018947610632
CLDPollen= 2.7194573697634
CLDNectar= 124.058760947082
CA13Pollen= 7.40134438341483
CA13Nectar= 93.6118388175964
CA410Pollen= 9.27379638142884
CA410Nectar= 35.7094851741567
CA1120Pollen= 2.19485979457386
CA1120Nectar= 26.420182120055
IPollenTrips= 12.918688962236
INectarTrips= 6.33059575222433
IPollenLoad= 6.17447766242549
INectarLoad= 4.03434061678126
