ICQueenStrength= 5.42995120189153
RQWkrDrnRatio= 1.96309033501893
ICDroneMiteSurvivorship= 70.8288002060726
ICWorkerMiteSurvivorship= 25.3637452609837
ICForagerLifespan= 12.6158249145374
ImmType= Sine
RQQueenStrength= 3.20051105250604
RQEnableReQueen= true
AIAdultSlope= 3.4491092376411
AIAdultLD50= 23.8023233595348
AIAdultSlopeContact= 4.01789700961672
AIAdultLD50Contact= 38.0936816294484
AILarvaSlope= 4.49759790301323
AILarvaLD50= 17.5374831709887
AIKOW= 87805.6154440736
AIKOC= 63039.7575316487
AIHalfLife= 33.9547817408806
EAppRate= 7.87033620409505
FoliarEnabled= true
FoliarAppDate= 06/07/1989
FoliarForageBegin= 06/05/1989
FoliarForageEnd= 06/28/1989
AIContactFactor= 1.64990199206863
CL4Pollen= 3.16052738111466
CL4Nectar= 87.977781589143
CL5Pollen= 5.58257127273828
CL5Nectar= 42.1268927981146
CLDPollen= 0.710024957545102
CLDNectar= 40.0434533483349
CA13Pollen= 2.294084052369
CA13Nectar= 97.4254484660923
CA410Pollen= 3.13889263626188
CA410Nectar= 63.6487168865278
CA1120Pollen= 1.59153328067623
CA1120Nectar= 56.561369933188
IPollenTrips= 11.1779431207106
INectarTrips= 7.58998045930639
IPollenLoad= 4.2774657974951
INectarLoad= 7.75592294987291
ESoilP= 1.4624467168469
ESoilFoc= 0.0118032942826394
