ICQueenStrength= 4.8914445869159
RQWkrDrnRatio= 2.93751377705485
ICDroneMiteSurvivorship= 58.2954713143408
ICWorkerMiteSurvivorship= 71.2983640376478
ICForagerLifespan= 4.5894442955032
ImmType= Cosine
RQQueenStrength= 5.89164077327587
RQEnableReQueen= true
AIAdultSlope= 1.64034151472151
AIAdultLD50= 87.7967255962747
AIAdultSlopeContact= 6.14050372177735
AIAdultLD50Contact= 62.4568716113481
AILarvaSlope= 7.8720962330699
AILarvaLD50= 25.2678054746734
AIKOW= 56367.3999253802
AIKOC= 20268.7357938772
AIHalfLife= 9.57874242882244
EAppRate= 9.54079682146851
FoliarEnabled= true
FoliarAppDate= 06/07/1989
FoliarForageBegin= 06/05/1989
FoliarForageEnd= 06/28/1989
AIContactFactor= 0.719123739693314
CL4Pollen= 1.81216699443758
CL4Nectar= 34.3461872078478
CL5Pollen= 1.35921463603154
CL5Nectar= 22.8630796889775
CLDPollen= 0.875235251616687
CLDNectar= 77.4980886024423
CA13Pollen= 5.19979833001271
CA13Nectar= 36.1884218640625
CA410Pollen= 6.91036965739913
CA410Nectar= 25.6530802557245
CA1120Pollen= 2.50696695665829
CA1120Nectar= 40.2621618658304
IPollenTrips= 11.3598941732198
INectarTrips= 5.11507489020005
IPollenLoad= 8.5488118394278
INectarLoad= 7.7153495256789
