ICQueenStrength= 4.36443631444126
RQWkrDrnRatio= 2.84784047864377
ICDroneMiteSurvivorship= 33.0800449009985
ICWorkerMiteSurvivorship= 50.0541784800589
ICForagerLifespan= 7.8722389601171
ImmType= Polynomial
RQQueenStrength= 2.31711498135701
RQEnableReQueen= true
AIAdultSlope= 5.2723950818181
AIAdultLD50= 3.01655066411151
AIAdultSlopeContact= 2.9248663384933
AIAdultLD50Contact= 81.5072641160574
AILarvaSlope= 4.69137969426811
AILarvaLD50= 32.3151323879135
AIKOW= 15385.4006532806
AIKOC= 23266.6287119871
AIHalfLife= 29.4612500704592
EAppRate= 4.54562362076342
FoliarEnabled= true
FoliarAppDate= 06/07/1989
FoliarForageBegin= 06/05/1989
FoliarForageEnd= 06/28/1989
AIContactFactor= 0.357572884522378
CL4Pollen= 0.685280252248049
CL4Nectar= 51.9732220098376
CL5Pollen= 5.93482399871573
CL5Nectar= 1.79225653409958
CLDPollen= 2.11283900029957
CLDNectar= 135.095808352344
CA13Pollen= 7.35055299224332
CA13Nectar= 56.7697771638632
CA410Pollen= 6.39969029847998
CA410Nectar= 173.877030187286
CA1120Pollen= 1.41652407520451
CA1120Nectar= 30.2094280533493
IPollenTrips= 11.661788308993
INectarTrips= 10.9340166021138
IPollenLoad= 7.23274667747319
INectarLoad= 7.46382013894618
