ICQueenStrength= 2.00234025507234
RQWkrDrnRatio= 2.90997616853565
ICDroneMiteSurvivorship= 94.7308497270569
ICWorkerMiteSurvivorship= 22.9938724311069
ICForagerLifespan= 10.9222649857402
ImmType= Cosine
RQQueenStrength= 5.9339511571452
RQEnableReQueen= true
AIAdultSlope= 8.65417518280447
AIAdultLD50= 40.1582382642194
AIAdultSlopeContact= 8.27613270748407
AIAdultLD50Contact= 45.7145276634486
AILarvaSlope= 8.65580625087023
AILarvaLD50= 79.9314811930384
AIKOW= 6291.90221599433
AIKOC= 72851.6596890981
AIHalfLife= 28.9814978131093
EAppRate= 0.611359340543393
FoliarEnabled= true
FoliarAppDate= 06/07/1989
FoliarForageBegin= 06/05/1989
FoliarForageEnd= 06/28/1989
AIContactFactor= 0.661709141368046
CL4Pollen= 2.29996020160615
CL4Nectar= 92.3130011884496
CL5Pollen= 0.743418612051755
CL5Nectar= 66.7210248182528
CLDPollen= 1.94359328225255
CLDNectar= 97.2234730725177
CA13Pollen= 5.20176154915243
CA13Nectar= 25.4630552604795
CA410Pollen= 9.01499097805936
CA410Nectar= 21.4375663828105
CA1120Pollen= 0.325946995988488
CA1120Nectar= 78.2183730974793
IPollenTrips= 14.5589675358497
INectarTrips= 13.4871015581302
IPollenLoad= 2.07030295627192
INectarLoad= 2.75920766405761
ESoilP= 1.29881843016483
ESoilFoc= 0.00643011877406389
