ICQueenStrength= 2.51083204429597
RQWkrDrnRatio= 2.11092916224152
ICDroneMiteSurvivorship= 78.6523006856441
ICWorkerMiteSurvivorship= 81.9678508443758
ICForagerLifespan= 13.1769319009036
ImmType= Exponential
RQQueenStrength= 2.01742991246283
RQEnableReQueen= true
AIAdultSlope= 4.0119422506541
AIAdultLD50= 32.136458960837
AIAdultSlopeContact= 2.87994455103762
AIAdultLD50Contact= 99.2704567578521
AILarvaSlope= 4.56782237440348
AILarvaLD50= 58.3149009103135
AIKOW= 5983.09023304826
AIKOC= 85046.7532508727
AIHalfLife= 1.22364969539922
EAppRate= 5.83273910310282
FoliarEnabled= true
FoliarAppDate= 06/07/1989
FoliarForageBegin= 06/05/1989
FoliarForageEnd= 06/28/1989
AIContactFactor= 1.19775387739297
CL4Pollen= 1.46225799992681
CL4Nectar= 22.8648968040943
CL5Pollen= 5.67443305207416
CL5Nectar= 59.2082579154521
CLDPollen= 1.40090099629015
CLDNectar= 86.8308726930991
CA13Pollen= 6.76907584099099
CA13Nectar= 72.8786955960095
CA410Pollen= 9.30344934999011
CA410Nectar= 108.440287034027
CA1120Pollen= 2.68373740604147
CA1120Nectar= 93.364224024117
IPollenTrips= 14.6781257353723
INectarTrips= 8.5807023011148
IPollenLoad= 3.40619599679485
INectarLoad= 5.5145040829666
ESoilP= 1.28219961677678
ESoilFoc= 0.00869796838052571
