ICQueenStrength= 5.72921562031843
RQWkrDrnRatio= 3.26766182668507
ICDroneMiteSurvivorship= 32.1298269787803
ICWorkerMiteSurvivorship= 14.778745919466
ICForagerLifespan= 8.65742367785424
ImmType= Cosine
RQQueenStrength= 5.84941321192309
RQEnableReQueen= true
AIAdultSlope= 4.85312021896243
AIAdultLD50= 35.2081922615834
AIAdultSlopeContact= 4.03468946949579
AIAdultLD50Contact= 66.1234675907851
AILarvaSlope= 1.46143041737378
AILarvaLD50= 69.3831277307591
AIKOW= 66384.5880044883
AIKOC= 75401.7549094621
AIHalfLife= 9.44593541966751
EAppRate= 9.8646967085388
FoliarEnabled= true
FoliarAppDate= 06/07/1989
FoliarForageBegin= 06/05/1989
FoliarForageEnd= 06/28/1989
AIContactFactor= 0.377458733078092
CL4Pollen= 1.25321533624083
CL4Nectar= 53.4957083174959
CL5Pollen= 1.0313932034187
CL5Nectar= 145.724375580903
CLDPollen= 2.71791196893901
CLDNectar= 63.3592401514761
CA13Pollen= 7.19164775991812
CA13Nectar= 20.0052483566105
CA410Pollen= 5.8733364896616
CA410Nectar= 38.2364138588309
CA1120Pollen= 0.908680468099192
CA1120Nectar= 27.1573694236577
IPollenTrips= 5.95245964126661
INectarTrips= 6.2494503846392
IPollenLoad= 6.80351799353957
INectarLoad= 9.40670550102368
ESoilP= 1.31638627382927
ESoilFoc= 0.00334701182250865
