ICQueenStrength= 4.76101799076423
RQWkrDrnRatio= 2.81600941438228
ICDroneMiteSurvivorship= 83.5160993505269
ICWorkerMiteSurvivorship= 47.1120183821768
ICForagerLifespan= 12.7354378886521
ImmType= Sine
RQQueenStrength= 5.32706767343916
RQEnableReQueen= true
AIAdultSlope= 2.15773908607662
AIAdultLD50= 0.62873319419194
AIAdultSlopeContact= 9.065537416609
AIAdultLD50Contact= 55.8747469410626
AILarvaSlope= 5.8496908210218
AILarvaLD50= 30.8016193745513
AIKOW= 11349.647137113
AIKOC= 64578.2385878921
AIHalfLife= 22.2644585027592
EAppRate= 9.73765569908731
FoliarEnabled= true
FoliarAppDate= 09/01/1989
FoliarForageBegin= 09/01/1989
FoliarForageEnd= 09/08/1989
AIContactFactor= 0.449415970332921
CL4Pollen= 0.65681959502399
CL4Nectar= 0.845809513702989
CL5Pollen= 1.42876065149903
CL5Nectar= 36.6524323238991
CLDPollen= 3.89660329185426
CLDNectar= 95.3147373511456
CA13Pollen= 4.41713569900021
CA13Nectar= 23.8742272555828
CA410Pollen= 9.19086358579807
CA410Nectar= 86.7984574194998
CA1120Pollen= 1.07096837111749
CA1120Nectar= 80.3291755355895
IPollenTrips= 9.53169990330935
INectarTrips= 14.4480111636221
IPollenLoad= 4.66183063806966
INectarLoad= 3.72321784263477
