ICQueenStrength= 4.49714755662717
RQWkrDrnRatio= 4.58699552901089
ICDroneMiteSurvivorship= 17.2510249307379
ICWorkerMiteSurvivorship= 99.2952438769862
ICForagerLifespan= 10.8661594456062
ImmType= Exponential
RQQueenStrength= 4.97229411057197
RQEnableReQueen= true
AIAdultSlope= 2.0749338362366
AIAdultLD50= 58.1996261911322
AIAdultSlopeContact= 5.66486139246263
AIAdultLD50Contact= 94.8541721128475
AILarvaSlope= 2.58195629529655
AILarvaLD50= 30.397889813819
AIKOW= 67759.1599168574
AIKOC= 53851.6995902711
AIHalfLife= 7.33573246351443
EAppRate= 0.459679296784103
FoliarEnabled= true
FoliarAppDate= 06/07/1989
FoliarForageBegin= 06/05/1989
FoliarForageEnd= 06/28/1989
AIContactFactor= 2.22401852580719
CL4Pollen= 2.88317013625056
CL4Nectar= 71.9198962440714
CL5Pollen= 0.16847906447947
CL5Nectar= 134.654004382901
CLDPollen= 0.755348271690309
CLDNectar= 87.0831687818281
CA13Pollen= 2.70635986914858
CA13Nectar= 96.0313452966511
CA410Pollen= 9.37630783605855
CA410Nectar= 171.102348244749
CA1120Pollen= 1.46277888631448
CA1120Nectar= 26.7619043402374
IPollenTrips= 11.8703578598797
INectarTrips= 13.1450418685563
IPollenLoad= 4.35236938530579
INectarLoad= 4.1005333326757
