ICQueenStrength= 4.19651824329048
RQWkrDrnRatio= 2.91039788350463
ICDroneMiteSurvivorship= 35.3647396434098
ICWorkerMiteSurvivorship= 38.3384692948312
ICForagerLifespan= 12.0576457129791
ImmType= Tangent
RQQueenStrength= 1.72780893091112
RQEnableReQueen=true
AIAdultSlope= 2.38452584668994
AIAdultLD50= 0.45002023819834
AIAdultSlopeContact= 4.53062105039135
AIAdultLD50Contact= 51.773794954747
AILarvaSlope= 4.67869679443538
AILarvaLD50= 60.7178892872017
AIKOW= 80128.2851805066
AIKOC= 85008.4558102207
AIHalfLife= 1.1267349564936
EAppRate= 5.48949451909796
FoliarEnabled=true
FoliarAppDate= 07/01/1989
FoliarForageBegin= 07/01/1989
FoliarForageEnd= 07/14/1989
AIContactFactor= 1.23552463485394
CL4Pollen= 2.83162033744156
CL4Nectar= 63.7342331698164
CL5Pollen= 4.48733412986621
CL5Nectar= 121.410472725984
CLDPollen= 5.54438183968887
CLDNectar= 20.410437870305
CA13Pollen= 2.45537253776565
CA13Nectar= 89.364594463259
CA410Pollen= 6.58585947060492
CA410Nectar= 171.701918016188
CA1120Pollen= 2.37095683137886
CA1120Nectar= 49.751454629004
IPollenTrips= 8.22710432345048
INectarTrips= 11.7911934363656
IPollenLoad= 5.51329637644812
INectarLoad= 2.01020169304684
