ICQueenStrength= 4.27717222971842
RQWkrDrnRatio= 4.04720574151725
ICDroneMiteSurvivorship= 76.0461928090081
ICWorkerMiteSurvivorship= 42.6848558709025
ICForagerLifespan= 5.74533751793206
ImmType= Polynomial
RQQueenStrength= 5.39166759606451
RQEnableReQueen= true
AIAdultSlope= 8.70061390288174
AIAdultLD50= 0.181724732856965
AIAdultSlopeContact= 2.74566558422521
AIAdultLD50Contact= 87.6910200044401
AILarvaSlope= 7.038006009534
AILarvaLD50= 96.5798231998794
AIKOW= 1109.09754254935
AIKOC= 73285.4289919049
AIHalfLife= 24.1441638848511
EAppRate= 6.2967575852701
FoliarEnabled= true
FoliarAppDate= 09/01/1989
FoliarForageBegin= 09/01/1989
FoliarForageEnd= 09/08/1989
AIContactFactor= 1.40171163762454
CL4Pollen= 2.45960087608546
CL4Nectar= 85.6533605372533
CL5Pollen= 2.39071816625074
CL5Nectar= 121.738988219295
CLDPollen= 4.43832398252562
CLDNectar= 79.6835836954415
CA13Pollen= 6.50156661197543
CA13Nectar= 39.519074857235
CA410Pollen= 7.54605828365311
CA410Nectar= 127.30587889906
CA1120Pollen= 1.31583293178119
CA1120Nectar= 20.8689298667014
IPollenTrips= 8.98527595913038
INectarTrips= 14.423621580936
IPollenLoad= 4.77170432917774
INectarLoad= 4.68151427805424
