ICQueenStrength= 1.58226842060685
RQWkrDrnRatio= 3.02691033668816
ICDroneMiteSurvivorship= 22.8647977812216
ICWorkerMiteSurvivorship= 76.95803262759
ICForagerLifespan= 7.72310255095363
ImmType= Cosine
RQQueenStrength= 1.46153890527785
RQEnableReQueen=true
AIAdultSlope= 5.93116015940905
AIAdultLD50= 0.145064752670471
AIAdultSlopeContact= 1.31904830550775
AIAdultLD50Contact= 30.7531474063671
AILarvaSlope= 2.27859853208065
AILarvaLD50= 84.6021027633138
AIKOW= 84300.1438172156
AIKOC= 59628.4035509927
AIHalfLife= 4.86064572571777
EAppRate= 0.455802069455152
FoliarEnabled=true
FoliarAppDate= 07/01/1989
FoliarForageBegin= 07/01/1989
FoliarForageEnd= 07/14/1989
AIContactFactor= 1.48080047096126
CL4Pollen= 3.92022154759616
CL4Nectar= 42.3671068856493
CL5Pollen= 4.21863945107907
CL5Nectar= 47.8798941825517
CLDPollen= 0.612030268181115
CLDNectar= 94.2326952936128
CA13Pollen= 8.09521952997893
CA13Nectar= 63.960661329329
CA410Pollen= 6.39113580270205
CA410Nectar= 155.388916577213
CA1120Pollen= 2.70777349127457
CA1120Nectar= 37.3555656149983
IPollenTrips= 11.3431006669998
INectarTrips= 13.9779985044152
IPollenLoad= 8.98095122538507
INectarLoad= 6.57798655796796
