ICQueenStrength= 2.138283113949
RQWkrDrnRatio= 4.32637812569737
ICDroneMiteSurvivorship= 38.823187048547
ICWorkerMiteSurvivorship= 75.7622069213539
ICForagerLifespan= 8.19970451388508
ImmType= Tangent
RQQueenStrength= 3.67315377295017
RQEnableReQueen=true
AIAdultSlope= 1.48235546797514
AIAdultLD50= 0.127044097781414
AIAdultSlopeContact= 1.18681108020246
AIAdultLD50Contact= 8.3928240783494
AILarvaSlope= 4.29774678125978
AILarvaLD50= 0.364761856311699
AIKOW= 25655.4983162143
AIKOC= 6855.55142434547
AIHalfLife= 29.833968486404
EAppRate= 9.42500292650913
FoliarEnabled=true
FoliarAppDate= 07/01/1989
FoliarForageBegin= 07/01/1989
FoliarForageEnd= 07/14/1989
AIContactFactor= 1.60202197750099
CL4Pollen= 2.19029170367867
CL4Nectar= 12.8406875999644
CL5Pollen= 0.923690090887249
CL5Nectar= 102.287504507694
CLDPollen= 2.88370581530035
CLDNectar= 87.4492771108635
CA13Pollen= 7.61557620326057
CA13Nectar= 24.439922273159
CA410Pollen= 5.38223167145625
CA410Nectar= 198.672690805979
CA1120Pollen= 0.945080952253193
CA1120Nectar= 75.062748324126
IPollenTrips= 5.24237343342975
INectarTrips= 5.57179207913578
IPollenLoad= 3.39957989053801
INectarLoad= 9.31626091245562
