ICQueenStrength= 1.75238196062855
RQWkrDrnRatio= 3.1863646293059
ICDroneMiteSurvivorship= 71.0403991630301
ICWorkerMiteSurvivorship= 49.5212304173037
ICForagerLifespan= 10.5179291628301
ImmType= Logarithmic
RQQueenStrength= 4.71865887194872
RQEnableReQueen= true
AIAdultSlope= 2.78809198364615
AIAdultLD50= 0.277145115387393
AIAdultSlopeContact= 6.51624575769529
AIAdultLD50Contact= 91.4316046315848
AILarvaSlope= 4.22256831265986
AILarvaLD50= 21.7670197865265
AIKOW= 27352.4789376827
AIKOC= 27650.0585576049
AIHalfLife= 1.33735106396489
EAppRate= 6.10812116097775
FoliarEnabled= true
FoliarAppDate= 06/07/1989
FoliarForageBegin= 06/05/1989
FoliarForageEnd= 06/28/1989
AIContactFactor= 1.06659195231274
CL4Pollen= 1.91063128225505
CL4Nectar= 32.0814459817484
CL5Pollen= 4.1600158684887
CL5Nectar= 100.35510576563
CLDPollen= 0.735002859961241
CLDNectar= 13.4317490388639
CA13Pollen= 8.03263966673985
CA13Nectar= 41.8115315400064
CA410Pollen= 9.29128364843782
CA410Nectar= 54.2248798673972
CA1120Pollen= 0.474267069948837
CA1120Nectar= 47.1035008504987
IPollenTrips= 9.03107039863244
INectarTrips= 8.61502577085048
IPollenLoad= 0.263322019018233
INectarLoad= 6.71895775245503
