ICQueenStrength= 4.90031650196761
RQWkrDrnRatio= 4.33087901026011
ICDroneMiteSurvivorship= 31.5036332467571
ICWorkerMiteSurvivorship= 4.03349283151329
ICForagerLifespan= 11.893654380925
ImmType= Tangent
RQQueenStrength= 5.94010729831643
RQEnableReQueen= true
AIAdultSlope= 5.59776258841157
AIAdultLD50= 32.3051223070205
AIAdultSlopeContact= 2.41720525012352
AIAdultLD50Contact= 49.0707066884185
AILarvaSlope= 1.31101421266794
AILarvaLD50= 66.207577425058
AIKOW= 22018.546539541
AIKOC= 17626.8513163496
AIHalfLife= 1.27931858517695
EAppRate= 4.39103391801845
FoliarEnabled= true
FoliarAppDate= 06/07/1989
FoliarForageBegin= 06/05/1989
FoliarForageEnd= 06/28/1989
AIContactFactor= 1.93622557490133
CL4Pollen= 3.77373561169952
CL4Nectar= 15.1536385994405
CL5Pollen= 2.65919232973829
CL5Nectar= 33.9266646536998
CLDPollen= 0.2415457572788
CLDNectar= 14.8136864416301
CA13Pollen= 6.89931301567703
CA13Nectar= 89.414753858
CA410Pollen= 2.5955486032879
CA410Nectar= 184.390206960961
CA1120Pollen= 1.29526955494657
CA1120Nectar= 46.6097044944763
IPollenTrips= 8.40321541298181
INectarTrips= 10.1149273314513
IPollenLoad= 4.03246484696865
INectarLoad= 8.10838118894026
ESoilP= 1.59607713785954
ESoilFoc= 0.0122218340658583
