ICQueenStrength= 3.00126813538373
RQWkrDrnRatio= 3.09738459996879
ICDroneMiteSurvivorship= 10.6447510188445
ICWorkerMiteSurvivorship= 61.6281501716003
ICForagerLifespan= 12.6741615273058
ImmType= Cosine
RQQueenStrength= 2.21282233949751
RQEnableReQueen=true
AIAdultSlope= 5.32945647276938
AIAdultLD50= 0.241841457242146
AIAdultSlopeContact= 1.13629959430546
AIAdultLD50Contact= 3.6437861642933
AILarvaSlope= 8.15427215024829
AILarvaLD50= 56.293855184549
AIKOW= 38304.4607932761
AIKOC= 41414.9303768629
AIHalfLife= 34.549779006769
EAppRate= 5.23876938444842
FoliarEnabled=true
FoliarAppDate= 07/01/1989
FoliarForageBegin= 07/01/1989
FoliarForageEnd= 07/14/1989
AIContactFactor= 0.30127917740494
CL4Pollen= 1.05461092758924
CL4Nectar= 34.9683713633567
CL5Pollen= 4.45147228427231
CL5Nectar= 32.4744683573954
CLDPollen= 2.69750566547737
CLDNectar= 117.521168862004
CA13Pollen= 4.65080851204693
CA13Nectar= 65.0506932660937
CA410Pollen= 8.44458925081417
CA410Nectar= 178.977428870276
CA1120Pollen= 0.422263659769669
CA1120Nectar= 36.104123685509
IPollenTrips= 6.86705765780061
INectarTrips= 10.4731579381041
IPollenLoad= 2.70725264679641
INectarLoad= 5.98794811172411
