ICQueenStrength= 5.49051854782738
RQWkrDrnRatio= 3.32438767235726
ICDroneMiteSurvivorship= 98.2724836096168
ICWorkerMiteSurvivorship= 28.3712400589138
ICForagerLifespan= 8.40883267112076
ImmType= Sine
RQQueenStrength= 2.39964889967814
RQEnableReQueen= true
AIAdultSlope= 3.2191747482866
AIAdultLD50= 58.6578701270544
AIAdultSlopeContact= 3.89453178783879
AIAdultLD50Contact= 2.99829250045028
AILarvaSlope= 6.25878432765603
AILarvaLD50= 62.9376541896607
AIKOW= 4361.44205193314
AIKOC= 80554.7071800844
AIHalfLife= 26.3414190167096
EAppRate= 6.17835640618112
FoliarEnabled= true
FoliarAppDate= 06/07/1989
FoliarForageBegin= 06/05/1989
FoliarForageEnd= 06/28/1989
AIContactFactor= 1.60753282339778
CL4Pollen= 1.06406767293811
CL4Nectar= 11.6968106944114
CL5Pollen= 0.33501080609858
CL5Nectar= 61.686796147842
CLDPollen= 0.148186624981463
CLDNectar= 133.236521109939
CA13Pollen= 5.2689638517797
CA13Nectar= 60.6960940174758
CA410Pollen= 7.82214608166832
CA410Nectar= 129.864039812237
CA1120Pollen= 1.52466094912961
CA1120Nectar= 39.605859015137
IPollenTrips= 13.4038397739641
INectarTrips= 5.40764378616586
IPollenLoad= 7.44365121237934
INectarLoad= 4.23954879166558
