ICQueenStrength= 5.17156557901762
RQWkrDrnRatio= 3.79034264758229
ICDroneMiteSurvivorship= 32.2960188845173
ICWorkerMiteSurvivorship= 35.64177302178
ICForagerLifespan= 8.34231881890446
ImmType= Tangent
RQQueenStrength= 3.63256415259093
RQEnableReQueen= true
AIAdultSlope= 5.02562732622027
AIAdultLD50= 2.47950456460728
AIAdultSlopeContact= 6.96404816140421
AIAdultLD50Contact= 50.8686101991278
AILarvaSlope= 5.3284023758024
AILarvaLD50= 67.7612082006901
AIKOW= 60524.2755158563
AIKOC= 98369.0695484704
AIHalfLife= 7.78007501687389
EAppRate= 3.37796080359747
FoliarEnabled= true
FoliarAppDate= 06/07/1989
FoliarForageBegin= 06/05/1989
FoliarForageEnd= 06/28/1989
AIContactFactor= 1.17672722875141
CL4Pollen= 1.79380869027227
CL4Nectar= 74.7058494249359
CL5Pollen= 5.83496026927605
CL5Nectar= 23.3710665721446
CLDPollen= 0.731963558122516
CLDNectar= 132.769722654484
CA13Pollen= 6.74551483644172
CA13Nectar= 70.7974905893207
CA410Pollen= 3.14440076020546
CA410Nectar= 184.673205493018
CA1120Pollen= 1.54747795360163
CA1120Nectar= 30.9774819016457
IPollenTrips= 9.02316734427586
INectarTrips= 11.780601949431
IPollenLoad= 0.567481038160622
INectarLoad= 0.789512831252068
