ICQueenStrength= 3.0472525130026
RQWkrDrnRatio= 3.31321235373616
ICDroneMiteSurvivorship= 6.80073706898838
ICWorkerMiteSurvivorship= 98.101493017748
ICForagerLifespan= 15.8818871630356
ImmType= Polynomial
RQQueenStrength= 4.40945522882976
RQEnableReQueen= true
AIAdultSlope= 3.12183576077223
AIAdultLD50= 2.06107769318577
AIAdultSlopeContact= 4.7726880419068
AIAdultLD50Contact= 67.2809457375512
AILarvaSlope= 1.42523674853146
AILarvaLD50= 69.0227846322986
AIKOW= 56878.9040018738
AIKOC= 22636.1835104984
AIHalfLife= 22.8600301075727
EAppRate= 0.978681979255751
FoliarEnabled= true
FoliarAppDate= 06/07/1989
FoliarForageBegin= 06/05/1989
FoliarForageEnd= 06/28/1989
AIContactFactor= 1.96599841333926
CL4Pollen= 3.13963810354471
CL4Nectar= 58.0434343079105
CL5Pollen= 4.21079257596284
CL5Nectar= 13.5842283954844
CLDPollen= 1.27577030612156
CLDNectar= 51.4123301720247
CA13Pollen= 3.66308830566704
CA13Nectar= 78.2579484581947
CA410Pollen= 6.98960668218788
CA410Nectar= 159.373370422982
CA1120Pollen= 0.697913416894153
CA1120Nectar= 23.2756884023547
IPollenTrips= 10.0538421189412
INectarTrips= 14.6350741758943
IPollenLoad= 6.99570385739207
INectarLoad= 2.25983056938276
ESoilP= 1.43247043970041
ESoilFoc= 0.0107435078537092
