ICQueenStrength= 2.68983205221593
RQWkrDrnRatio= 3.08116226363927
ICDroneMiteSurvivorship= 85.6305441819131
ICWorkerMiteSurvivorship= 56.2126746634021
ICForagerLifespan= 5.65810936223716
ImmType= Polynomial
RQQueenStrength= 1.52317402325571
RQEnableReQueen= true
AIAdultSlope= 5.55279288999736
AIAdultLD50= 66.4545692921816
AIAdultSlopeContact= 9.27637132676318
AIAdultLD50Contact= 71.4390428494746
AILarvaSlope= 5.69520689733326
AILarvaLD50= 82.9654236409813
AIKOW= 83475.9607904175
AIKOC= 46788.6376272575
AIHalfLife= 31.0798378723441
EAppRate= 1.91794479811424
FoliarEnabled= true
FoliarAppDate= 06/07/1989
FoliarForageBegin= 06/05/1989
FoliarForageEnd= 06/28/1989
AIContactFactor= 1.82632551041897
CL4Pollen= 1.84312291163951
CL4Nectar= 7.61591277550906
CL5Pollen= 4.06360070547089
CL5Nectar= 105.099709576461
CLDPollen= 5.3137958496809
CLDNectar= 104.674505267758
CA13Pollen= 7.51434046244249
CA13Nectar= 60.5295020341873
CA410Pollen= 2.48236528323032
CA410Nectar= 64.7519503161311
CA1120Pollen= 0.22473853896372
CA1120Nectar= 48.9731925539672
IPollenTrips= 11.0249239788391
INectarTrips= 14.0421062125824
IPollenLoad= 3.82753168232739
INectarLoad= 8.3463314268738
ESoilP= 1.24077786388807
ESoilFoc= 0.0186721800209489
