ICQueenStrength= 3.30168761336245
RQWkrDrnRatio= 3.1111164027825
ICDroneMiteSurvivorship= 99.1272657411173
ICWorkerMiteSurvivorship= 38.7510673608631
ICForagerLifespan= 15.1169335404411
ImmType= Cosine
RQQueenStrength= 5.01015459210612
RQEnableReQueen= true
AIAdultSlope= 2.51469015143812
AIAdultLD50= 47.6486904998559
AIAdultSlopeContact= 7.12708016159013
AIAdultLD50Contact= 81.7735781722434
AILarvaSlope= 3.58105081506073
AILarvaLD50= 27.3892863042636
AIKOW= 31350.6163853893
AIKOC= 20512.6153983439
AIHalfLife= 20.8105627147015
EAppRate= 6.61424866517936
FoliarEnabled= true
FoliarAppDate= 06/07/1989
FoliarForageBegin= 06/05/1989
FoliarForageEnd= 06/28/1989
AIContactFactor= 0.450338357216679
CL4Pollen= 1.80419233255088
CL4Nectar= 76.2311825994402
CL5Pollen= 5.92676146700978
CL5Nectar= 115.885419014376
CLDPollen= 4.8349918811582
CLDNectar= 107.644732121844
CA13Pollen= 5.00438377102837
CA13Nectar= 54.1010488197207
CA410Pollen= 2.67785576970782
CA410Nectar= 165.669045262039
CA1120Pollen= 1.06510154600255
CA1120Nectar= 97.7935847267509
IPollenTrips= 7.70441647386178
INectarTrips= 10.0747218122706
IPollenLoad= 0.709445402026176
INectarLoad= 9.1854797792621
