ICQueenStrength= 3.23396123386919
RQWkrDrnRatio= 3.47827623505145
ICDroneMiteSurvivorship= 3.39274969883263
ICWorkerMiteSurvivorship= 85.9915962675586
ICForagerLifespan= 10.3870526878163
ImmType= Tangent
RQQueenStrength= 1.17942760838196
RQEnableReQueen= true
AIAdultSlope= 3.47840348631144
AIAdultLD50= 62.439476798363
AIAdultSlopeContact= 8.40723156556487
AIAdultLD50Contact= 85.1706513255008
AILarvaSlope= 3.33463236875832
AILarvaLD50= 66.3864433545857
AIKOW= 46408.5032039729
AIKOC= 5078.02153208782
AIHalfLife= 5.75012604657095
EAppRate= 6.01906439052476
FoliarEnabled= true
FoliarAppDate= 06/07/1989
FoliarForageBegin= 06/05/1989
FoliarForageEnd= 06/28/1989
AIContactFactor= 2.19283888749313
CL4Pollen= 1.54189316835254
CL4Nectar= 98.6779444850981
CL5Pollen= 0.962134979199618
CL5Nectar= 127.875656692777
CLDPollen= 1.05998449819162
CLDNectar= 52.5338770123199
CA13Pollen= 5.37372499732301
CA13Nectar= 25.6078292243183
CA410Pollen= 4.57267691935413
CA410Nectar= 147.028200468048
CA1120Pollen= 2.16251273313537
CA1120Nectar= 79.9902802333236
IPollenTrips= 13.5726606217213
INectarTrips= 11.1444602906704
IPollenLoad= 3.56791183818132
INectarLoad= 1.00697267102078
