ICQueenStrength= 3.08336776471697
RQWkrDrnRatio= 2.79650599882007
ICDroneMiteSurvivorship= 90.4169235378504
ICWorkerMiteSurvivorship= 83.7557473219931
ICForagerLifespan= 9.8361468212679
ImmType= Tangent
RQQueenStrength= 2.82664032327011
RQEnableReQueen= true
AIAdultSlope= 2.481560183689
AIAdultLD50= 93.1422209465674
AIAdultSlopeContact= 6.25121627002954
AIAdultLD50Contact= 21.4859880704565
AILarvaSlope= 6.13477382436395
AILarvaLD50= 70.7909250708206
AIKOW= 40793.831839426
AIKOC= 77474.6451448414
AIHalfLife= 28.6255162401125
EAppRate= 1.07685498308553
FoliarEnabled= true
FoliarAppDate= 06/07/1989
FoliarForageBegin= 06/05/1989
FoliarForageEnd= 06/28/1989
AIContactFactor= 2.05972413999494
CL4Pollen= 3.37455785367638
CL4Nectar= 56.4633317990229
CL5Pollen= 0.695336509030312
CL5Nectar= 146.798278146889
CLDPollen= 0.0261561758816242
CLDNectar= 4.58802696084604
CA13Pollen= 4.46871497090906
CA13Nectar= 24.7409339621663
CA410Pollen= 2.70569890406914
CA410Nectar= 92.5908649805933
CA1120Pollen= 2.2527634233702
CA1120Nectar= 85.7648036256433
IPollenTrips= 7.47747655957937
INectarTrips= 13.1399920047261
IPollenLoad= 3.68630261160433
INectarLoad= 9.99227738939226
