ICQueenStrength= 2.40473292558454
RQWkrDrnRatio= 2.53731113299727
ICDroneMiteSurvivorship= 63.1846975302324
ICWorkerMiteSurvivorship= 87.4199919868261
ICForagerLifespan= 14.5525229107589
ImmType= Sine
RQQueenStrength= 2.37866378878243
RQEnableReQueen= true
AIAdultSlope= 4.97154821269214
AIAdultLD50= 77.1692576079455
AIAdultSlopeContact= 3.26190604292788
AIAdultLD50Contact= 70.9772776413939
AILarvaSlope= 1.24154631793499
AILarvaLD50= 52.2894083696415
AIKOW= 57356.4994650068
AIKOC= 15865.7858551289
AIHalfLife= 31.1345553378109
EAppRate= 4.05481180042448
FoliarEnabled= true
FoliarAppDate= 06/07/1989
FoliarForageBegin= 06/05/1989
FoliarForageEnd= 06/28/1989
AIContactFactor= 1.31880447112024
CL4Pollen= 3.14439695514739
CL4Nectar= 6.34550116956234
CL5Pollen= 1.87752285506576
CL5Nectar= 107.175090629607
CLDPollen= 3.6349133583717
CLDNectar= 115.110785281286
CA13Pollen= 6.44217444658279
CA13Nectar= 20.9423563070595
CA410Pollen= 5.10364265514072
CA410Nectar= 26.0235355654731
CA1120Pollen= 1.51169883948751
CA1120Nectar= 26.054763905704
IPollenTrips= 5.9419756825082
INectarTrips= 5.79792978707701
IPollenLoad= 0.758820232003927
INectarLoad= 4.78056268766522
