ICQueenStrength= 2.38926040194929
RQWkrDrnRatio= 2.28166314214468
ICDroneMiteSurvivorship= 76.2284176656976
ICWorkerMiteSurvivorship= 29.7977390466258
ICForagerLifespan= 12.2360582184047
ImmType= Logarithmic
RQQueenStrength= 1.51025479938835
RQEnableReQueen=true
AIAdultSlope= 5.48780746199191
AIAdultLD50= 0.506209070522338
AIAdultSlopeContact= 6.63856022618711
AIAdultLD50Contact= 40.4670524518464
AILarvaSlope= 1.42947814799845
AILarvaLD50= 50.4579401427291
AIKOW= 8682.73375566842
AIKOC= 58127.7712053892
AIHalfLife= 25.6127242851537
EAppRate= 1.94288687776332
FoliarEnabled=true
FoliarAppDate= 07/01/1989
FoliarForageBegin= 07/01/1989
FoliarForageEnd= 07/14/1989
AIContactFactor= 2.20172694666777
CL4Pollen= 2.42983369063586
CL4Nectar= 3.64358697552234
CL5Pollen= 2.48580349283293
CL5Nectar= 31.0364589910023
CLDPollen= 0.0879017631523311
CLDNectar= 98.5029953182675
CA13Pollen= 7.00056118685752
CA13Nectar= 44.6876275353134
CA410Pollen= 3.50127070818562
CA410Nectar= 75.8485729293898
CA1120Pollen= 1.02388617955148
CA1120Nectar= 56.2969530746341
IPollenTrips= 12.2737541329116
INectarTrips= 9.25359638174996
IPollenLoad= 1.82348602218553
INectarLoad= 3.01564336987212
