ICQueenStrength= 4.54071038588881
RQWkrDrnRatio= 4.03036061581224
ICDroneMiteSurvivorship= 31.3203550176695
ICWorkerMiteSurvivorship= 27.5926398811862
ICForagerLifespan= 10.2242687214166
ImmType= Polynomial
RQQueenStrength= 4.62584824301302
RQEnableReQueen=true
AIAdultSlope= 2.52021068148315
AIAdultLD50= 0.131267062962987
AIAdultSlopeContact= 4.74708741297945
AIAdultLD50Contact= 38.2170465039515
AILarvaSlope= 5.72219680249691
AILarvaLD50= 59.1952896831764
AIKOW= 93557.0410376485
AIKOC= 20084.6863609992
AIHalfLife= 2.11193074723706
EAppRate= 7.46814397225087
FoliarEnabled=true
FoliarAppDate= 07/01/1989
FoliarForageBegin= 07/01/1989
FoliarForageEnd= 07/14/1989
AIContactFactor= 2.29228146065492
CL4Pollen= 3.47225577570498
CL4Nectar= 13.388266088441
CL5Pollen= 0.124061822891235
CL5Nectar= 146.969033265486
CLDPollen= 3.10826792288572
CLDNectar= 66.0986062022857
CA13Pollen= 5.78418481051922
CA13Nectar= 36.1108518764377
CA410Pollen= 9.10729052005336
CA410Nectar= 136.426730989479
CA1120Pollen= 1.17183982185088
CA1120Nectar= 49.3684646487236
IPollenTrips= 10.6366622913629
INectarTrips= 9.87857147119939
IPollenLoad= 1.10234840773046
INectarLoad= 3.37902677012607
