ICQueenStrength= 3.65553163830191
RQWkrDrnRatio= 1.00306537654251
ICDroneMiteSurvivorship= 24.321944755502
ICWorkerMiteSurvivorship= 41.933684097603
ICForagerLifespan= 11.9146871883422
ImmType= Cosine
RQQueenStrength= 4.97935033193789
RQEnableReQueen= true
AIAdultSlope= 1.50671080313623
AIAdultLD50= 39.2202398266939
AIAdultSlopeContact= 8.98617548705079
AIAdultLD50Contact= 80.3209030114189
AILarvaSlope= 1.10400409065187
AILarvaLD50= 89.6624340674644
AIKOW= 52449.9867862503
AIKOC= 40015.4744604412
AIHalfLife= 4.27582818884402
EAppRate= 7.45795605907915
FoliarEnabled= true
FoliarAppDate= 06/07/1989
FoliarForageBegin= 06/05/1989
FoliarForageEnd= 06/28/1989
AIContactFactor= 1.31321849894244
CL4Pollen= 0.3674326101318
CL4Nectar= 46.38598987367
CL5Pollen= 4.74947724491358
CL5Nectar= 24.1624165442772
CLDPollen= 1.63565286342055
CLDNectar= 113.374691689387
CA13Pollen= 8.01134076043963
CA13Nectar= 46.4921932481229
CA410Pollen= 5.07798579139635
CA410Nectar= 85.8203977812082
CA1120Pollen= 1.10769882984459
CA1120Nectar= 36.8502800166607
IPollenTrips= 9.64211974525824
INectarTrips= 12.5473291962408
IPollenLoad= 8.95807638764381
INectarLoad= 8.96265943534672
ESoilP= 1.16966211725958
ESoilFoc= 0.0182417713052128
