ICQueenStrength= 3.62340971035883
RQWkrDrnRatio= 2.04949101898819
ICDroneMiteSurvivorship= 21.1735208751634
ICWorkerMiteSurvivorship= 28.666692529805
ICForagerLifespan= 12.8583953818306
ImmType= Sine
RQQueenStrength= 5.16100215632468
RQEnableReQueen= true
AIAdultSlope= 1.939786599949
AIAdultLD50= 0.161961053223815
AIAdultSlopeContact= 5.42211807775311
AIAdultLD50Contact= 47.9606473808007
AILarvaSlope= 2.76652386598289
AILarvaLD50= 2.45910009640385
AIKOW= 54612.3178894313
AIKOC= 89883.8174741426
AIHalfLife= 26.5460361300968
EAppRate= 7.86144076521904
FoliarEnabled= true
FoliarAppDate= 09/01/1989
FoliarForageBegin= 09/01/1989
FoliarForageEnd= 09/08/1989
AIContactFactor= 2.04472483254969
CL4Pollen= 2.65680635068566
CL4Nectar= 81.6165645839646
CL5Pollen= 0.364628224633634
CL5Nectar= 52.4951770319603
CLDPollen= 4.53232926316559
CLDNectar= 112.659493263345
CA13Pollen= 3.4077770549804
CA13Nectar= 92.0390123128891
CA410Pollen= 5.77699237014167
CA410Nectar= 75.9385041706264
CA1120Pollen= 2.31638311897404
CA1120Nectar= 21.0867182165384
IPollenTrips= 13.8714745477773
INectarTrips= 14.2807600065134
IPollenLoad= 3.03862597327679
INectarLoad= 6.10046260524541
