ICQueenStrength= 5.82442139531486
RQWkrDrnRatio= 2.72115764673799
ICDroneMiteSurvivorship= 55.9530643746257
ICWorkerMiteSurvivorship= 62.6599750015885
ICForagerLifespan= 4.5894069429487
ImmType= Cosine
RQQueenStrength= 2.88275034422986
RQEnableReQueen= true
AIAdultSlope= 1.10790028236806
AIAdultLD50= 3.71706028518407
AIAdultSlopeContact= 1.70504135452211
AIAdultLD50Contact= 71.0615945997362
AILarvaSlope= 8.8656895570457
AILarvaLD50= 12.9976349790795
AIKOW= 50784.3937114682
AIKOC= 64676.2926962338
AIHalfLife= 4.83831603189465
EAppRate= 8.20315149094444
FoliarEnabled= true
FoliarAppDate= 06/07/1989
FoliarForageBegin= 06/05/1989
FoliarForageEnd= 06/28/1989
AIContactFactor= 1.41614282530267
CL4Pollen= 0.746034266427159
CL4Nectar= 84.7744467202574
CL5Pollen= 0.169364380650222
CL5Nectar= 5.55531573481858
CLDPollen= 5.62433680426329
CLDNectar= 126.854054513387
CA13Pollen= 3.30540681378916
CA13Nectar= 79.8917343653738
CA410Pollen= 4.71447128353175
CA410Nectar= 96.3526534847915
CA1120Pollen= 0.358099688077345
CA1120Nectar= 61.3445894047618
IPollenTrips= 7.08101052092388
INectarTrips= 12.2651701397263
IPollenLoad= 0.487825849559158
INectarLoad= 2.61013992363587
