ICQueenStrength= 2.83061679126695
RQWkrDrnRatio= 2.05818107165396
ICDroneMiteSurvivorship= 64.9310986977071
ICWorkerMiteSurvivorship= 8.74906205572188
ICForagerLifespan= 4.66853751800954
ImmType= Exponential
RQQueenStrength= 1.87801080546342
RQEnableReQueen= true
AIAdultSlope= 6.87666118144989
AIAdultLD50= 70.9837373233063
AIAdultSlopeContact= 3.33163907681592
AIAdultLD50Contact= 61.9518020828252
AILarvaSlope= 3.0596064645797
AILarvaLD50= 20.7983142511263
AIKOW= 32776.027073264
AIKOC= 36648.1753688676
AIHalfLife= 0.44327829068061
EAppRate= 5.38538110720436
FoliarEnabled= true
FoliarAppDate= 06/07/1989
FoliarForageBegin= 06/05/1989
FoliarForageEnd= 06/28/1989
AIContactFactor= 1.89227818432264
CL4Pollen= 0.0435595428571105
CL4Nectar= 85.3929276112467
CL5Pollen= 3.75644687237218
CL5Nectar= 101.941560907289
CLDPollen= 4.18459910200909
CLDNectar= 52.3250174126588
CA13Pollen= 5.37012528982013
CA13Nectar= 61.7694710940123
CA410Pollen= 3.69229192216881
CA410Nectar= 165.114059713669
CA1120Pollen= 0.573780630715191
CA1120Nectar= 98.6922872625291
IPollenTrips= 9.66523663373664
INectarTrips= 7.52850767457858
IPollenLoad= 5.55069190915674
INectarLoad= 9.87934913486242
