ICQueenStrength= 2.08062686864287
RQWkrDrnRatio= 3.58634296059608
ICDroneMiteSurvivorship= 79.7717147972435
ICWorkerMiteSurvivorship= 6.70723211951554
ICForagerLifespan= 6.50927099585533
ImmType= Exponential
RQQueenStrength= 4.21018791641109
RQEnableReQueen= true
AIAdultSlope= 6.94186471030116
AIAdultLD50= 0.518666227858514
AIAdultSlopeContact= 4.89620458008721
AIAdultLD50Contact= 49.3082424663426
AILarvaSlope= 8.66495026275516
AILarvaLD50= 14.0782556607674
AIKOW= 75642.6215314808
AIKOC= 53811.3065783668
AIHalfLife= 32.9803334443131
EAppRate= 9.05804556254554
FoliarEnabled= true
FoliarAppDate= 09/01/1989
FoliarForageBegin= 09/01/1989
FoliarForageEnd= 09/08/1989
AIContactFactor= 0.710798056870699
CL4Pollen= 0.631897953338921
CL4Nectar= 49.572107498534
CL5Pollen= 3.55631228210405
CL5Nectar= 112.51230466878
CLDPollen= 1.72780726198107
CLDNectar= 49.7268955456093
CA13Pollen= 2.72113681659102
CA13Nectar= 93.6333438567817
CA410Pollen= 5.80270928980317
CA410Nectar= 65.0601113215089
CA1120Pollen= 1.88410865049809
CA1120Nectar= 39.105181992054
IPollenTrips= 14.2875685892068
INectarTrips= 8.03217192180455
IPollenLoad= 0.0790082546882331
INectarLoad= 8.18764423253015
