ICQueenStrength= 5.24095082562417
RQWkrDrnRatio= 1.18148975353688
ICDroneMiteSurvivorship= 84.6709076082334
ICWorkerMiteSurvivorship= 2.55605161655694
ICForagerLifespan= 7.69020493607968
ImmType= Polynomial
AIAdultSlope= 0.917121985810809
AIAdultLD50= 0.134634589543566
AIAdultSlopeContact= 1.64620613657869
AIAdultLD50Contact= 0.0129182901233435
AILarvaSlope= 2.50448594568297
AILarvaLD50= 0.834565976564772
AIKOW= 2.8093973910436
AIKOC= 20.4890000587329
AIHalfLife= 2.70596761959605
EAppRate= 8.70392533252016
FoliarEnabled= true
