ICQueenStrength= 1.67738159676082
RQWkrDrnRatio= 2.19367933087051
ICDroneMiteSurvivorship= 51.6337551642209
ICWorkerMiteSurvivorship= 90.4116403777152
ICForagerLifespan= 7.46535614226013
ImmType= Tangent
RQQueenStrength= 1.4809229366947
RQEnableReQueen= true
AIAdultSlope= 6.78741725347936
AIAdultLD50= 0.257193405125989
AIAdultSlopeContact= 1.75669154291973
AIAdultLD50Contact= 52.6029105088324
AILarvaSlope= 4.41478274390101
AILarvaLD50= 44.4920130478514
AIKOW= 56019.763692601
AIKOC= 82148.2748569511
AIHalfLife= 9.12905577125493
EAppRate= 6.58443911674921
FoliarEnabled= true
FoliarAppDate= 06/07/1989
FoliarForageBegin= 06/05/1989
FoliarForageEnd= 06/28/1989
AIContactFactor= 1.37956782025751
CL4Pollen= 2.3267810465768
CL4Nectar= 12.6239123288542
CL5Pollen= 3.29278408829123
CL5Nectar= 7.33656012453139
CLDPollen= 1.11493202112615
CLDNectar= 149.965229525696
CA13Pollen= 6.09060436375439
CA13Nectar= 76.0559253208339
CA410Pollen= 8.76075027650222
CA410Nectar= 148.945002458058
CA1120Pollen= 1.26651507499628
CA1120Nectar= 84.2891761660576
IPollenTrips= 10.1123351743445
INectarTrips= 6.84517887420952
IPollenLoad= 7.00841912068427
INectarLoad= 7.64885526150465
ESoilP= 1.93686033319682
ESoilFoc= 0.00393132167914882
