ICQueenStrength= 3.01165742124431
RQWkrDrnRatio= 3.03188601043075
ICDroneMiteSurvivorship= 34.0463634813204
ICWorkerMiteSurvivorship= 85.3531903587282
ICForagerLifespan= 15.489256282337
ImmType= Sine
RQQueenStrength= 5.6224536804948
RQEnableReQueen= true
AIAdultSlope= 7.98356409743428
AIAdultLD50= 28.6584054419762
AIAdultSlopeContact= 7.64893613499589
AIAdultLD50Contact= 76.8972588156119
AILarvaSlope= 1.50062798522413
AILarvaLD50= 42.1048149010474
AIKOW= 26790.1208119948
AIKOC= 84496.2045526139
AIHalfLife= 14.4971142378403
EAppRate= 8.71995213240292
FoliarEnabled= true
FoliarAppDate= 06/07/1989
FoliarForageBegin= 06/05/1989
FoliarForageEnd= 06/28/1989
AIContactFactor= 1.3295340001164
CL4Pollen= 3.4982749465853
CL4Nectar= 27.044994244352
CL5Pollen= 3.34500524774194
CL5Nectar= 49.7645995812491
CLDPollen= 1.64544412074611
CLDNectar= 55.4059543646872
CA13Pollen= 7.63687430489808
CA13Nectar= 67.6622453145683
CA410Pollen= 2.57778072860092
CA410Nectar= 115.982034122571
CA1120Pollen= 2.02222484420054
CA1120Nectar= 65.6433097086847
IPollenTrips= 14.0972482808866
INectarTrips= 8.73574013123289
IPollenLoad= 2.57961813127622
INectarLoad= 8.92417536582798
