ICQueenStrength= 5.5066208136268
RQWkrDrnRatio= 3.91638535540551
ICDroneMiteSurvivorship= 11.2848811782897
ICWorkerMiteSurvivorship= 79.6357071958482
ICForagerLifespan= 5.21639966685325
ImmType= Logarithmic
RQQueenStrength= 2.81539675570093
RQEnableReQueen= true
AIAdultSlope= 5.17935988120735
AIAdultLD50= 64.2300807222952
AIAdultSlopeContact= 9.01296771666966
AIAdultLD50Contact= 27.2772808671552
AILarvaSlope= 3.62689985521138
AILarvaLD50= 57.7603028387113
AIKOW= 22529.7300548365
AIKOC= 42043.9746503781
AIHalfLife= 23.6426701270742
EAppRate= 7.35170373421628
FoliarEnabled= true
FoliarAppDate= 06/07/1989
FoliarForageBegin= 06/05/1989
FoliarForageEnd= 06/28/1989
AIContactFactor= 1.15277086043265
CL4Pollen= 2.83128736261278
CL4Nectar= 46.5118151856586
CL5Pollen= 5.52676195185632
CL5Nectar= 66.2050259532407
CLDPollen= 4.4934384576045
CLDNectar= 47.2239011898637
CA13Pollen= 5.44306171387434
CA13Nectar= 30.0283923558891
CA410Pollen= 3.93088633045554
CA410Nectar= 177.506145443767
CA1120Pollen= 1.49789163563401
CA1120Nectar= 80.111428629607
IPollenTrips= 10.4056034842506
INectarTrips= 7.3997269384563
IPollenLoad= 7.1290318062529
INectarLoad= 6.84632352087647
ESoilP= 1.909890713403
ESoilFoc= 0.00312778867525049
