ICQueenStrength= 1.85258603445254
RQWkrDrnRatio= 1.09335880167782
ICDroneMiteSurvivorship= 87.2634100262076
ICWorkerMiteSurvivorship= 5.05147792864591
ICForagerLifespan= 8.51800279412419
ImmType= Exponential
RQQueenStrength= 3.70973211620003
RQEnableReQueen= true
AIAdultSlope= 8.62754441797733
AIAdultLD50= 0.512246868510032
AIAdultSlopeContact= 2.59761912981048
AIAdultLD50Contact= 67.0649570327881
AILarvaSlope= 8.17237409576774
AILarvaLD50= 90.7932502755066
AIKOW= 94870.031276556
AIKOC= 73436.554941043
AIHalfLife= 29.1000216752058
EAppRate= 2.50305252998229
FoliarEnabled= true
FoliarAppDate= 09/01/1989
FoliarForageBegin= 09/01/1989
FoliarForageEnd= 09/08/1989
AIContactFactor= 2.39701763891149
CL4Pollen= 0.0152404485270381
CL4Nectar= 73.7414383795112
CL5Pollen= 4.5801892625168
CL5Nectar= 4.59457256365567
CLDPollen= 3.42502551851794
CLDNectar= 42.1125891152769
CA13Pollen= 4.32217971635982
CA13Nectar= 44.31804664433
CA410Pollen= 3.97690310701728
CA410Nectar= 163.908115155064
CA1120Pollen= 0.383669649017975
CA1120Nectar= 91.9822054542601
IPollenTrips= 11.6589537332766
INectarTrips= 12.135775720235
IPollenLoad= 0.386250144802034
INectarLoad= 4.35777083272114
