ICQueenStrength= 4.82236336008646
RQWkrDrnRatio= 4.14302933868021
ICDroneMiteSurvivorship= 35.8170951483771
ICWorkerMiteSurvivorship= 26.3126889709383
ICForagerLifespan= 9.39441795926541
ImmType= Exponential
RQQueenStrength= 3.88874284480698
RQEnableReQueen= true
AIAdultSlope= 8.77850204706192
AIAdultLD50= 35.2310016134561
AIAdultSlopeContact= 4.90290375123732
AIAdultLD50Contact= 33.9444583729564
AILarvaSlope= 5.73045639321208
AILarvaLD50= 85.9270060054339
AIKOW= 58425.5356705045
AIKOC= 65234.1977913787
AIHalfLife= 34.9436667700531
EAppRate= 4.38382609504322
FoliarEnabled= true
FoliarAppDate= 06/07/1989
FoliarForageBegin= 06/05/1989
FoliarForageEnd= 06/28/1989
AIContactFactor= 0.401477746325545
CL4Pollen= 1.19669561740011
CL4Nectar= 83.4301198134199
CL5Pollen= 5.75755610363558
CL5Nectar= 77.5401879334822
CLDPollen= 2.4181958748959
CLDNectar= 107.916414085776
CA13Pollen= 7.21877830689773
CA13Nectar= 78.9116221852601
CA410Pollen= 2.8442651190795
CA410Nectar= 65.4785717185587
CA1120Pollen= 2.92198154772632
CA1120Nectar= 70.4348839819431
IPollenTrips= 7.57587737636641
INectarTrips= 5.51729038124904
IPollenLoad= 1.91563220927492
INectarLoad= 4.25116497790441
