ICQueenStrength= 1.64269610028714
RQWkrDrnRatio= 1.94182399939746
ICDroneMiteSurvivorship= 92.1539106871933
ICWorkerMiteSurvivorship= 40.623201825656
ICForagerLifespan= 15.508112876676
ImmType= Cosine
RQQueenStrength= 4.71816905215383
RQEnableReQueen=true
AIAdultSlope= 5.06024594791234
AIAdultLD50= 0.81560576962051
AIAdultSlopeContact= 5.54270963557065
AIAdultLD50Contact= 40.260163655526
AILarvaSlope= 7.55855764262378
AILarvaLD50= 9.06470859890873
AIKOW= 73446.0720570819
AIKOC= 69151.3590403576
AIHalfLife= 19.0264639087953
EAppRate= 8.55655941763218
FoliarEnabled=true
FoliarAppDate= 07/01/1989
FoliarForageBegin= 07/01/1989
FoliarForageEnd= 07/14/1989
AIContactFactor= 0.898123639356345
CL4Pollen= 2.0957614229992
CL4Nectar= 37.3887579422444
CL5Pollen= 2.84776143310592
CL5Nectar= 105.029215884861
CLDPollen= 1.50025522476062
CLDNectar= 18.6030423617922
CA13Pollen= 4.95829968461767
CA13Nectar= 65.2349846065044
CA410Pollen= 3.02785044715274
CA410Nectar= 59.2139300378039
CA1120Pollen= 2.13108222931623
CA1120Nectar= 99.5361329987645
IPollenTrips= 11.3410321483389
INectarTrips= 13.2699322234839
IPollenLoad= 5.22967933444306
INectarLoad= 2.3726249509491
