ICQueenStrength= 2.61471745115705
RQWkrDrnRatio= 4.86810561455786
ICDroneMiteSurvivorship= 59.2048361431807
ICWorkerMiteSurvivorship= 76.7666173633188
ICForagerLifespan= 9.10154683329165
ImmType= Polynomial
RQQueenStrength= 2.65960111306049
RQEnableReQueen= true
AIAdultSlope= 3.20533836819232
AIAdultLD50= 24.7782058976041
AIAdultSlopeContact= 1.12648085062392
AIAdultLD50Contact= 83.3145641119175
AILarvaSlope= 4.00670756399632
AILarvaLD50= 65.5586744329105
AIKOW= 69851.5727763651
AIKOC= 10265.68193877
AIHalfLife= 3.89572959775105
EAppRate= 3.47220780462818
FoliarEnabled= true
FoliarAppDate= 06/07/1989
FoliarForageBegin= 06/05/1989
FoliarForageEnd= 06/28/1989
AIContactFactor= 0.730750291272998
CL4Pollen= 2.15127200912684
CL4Nectar= 9.00550147052854
CL5Pollen= 3.01433266466483
CL5Nectar= 118.098040530458
CLDPollen= 4.62910660402849
CLDNectar= 54.7446387237869
CA13Pollen= 6.43978523956612
CA13Nectar= 25.6283431686461
CA410Pollen= 8.05279426642228
CA410Nectar= 77.9511196119711
CA1120Pollen= 0.410137862199917
CA1120Nectar= 30.1718158647418
IPollenTrips= 14.8190871393308
INectarTrips= 6.43809138797224
IPollenLoad= 9.66782111208886
INectarLoad= 7.20104402862489
