ICQueenStrength= 5.15337521350011
RQWkrDrnRatio= 4.45389255043119
ICDroneMiteSurvivorship= 80.8501596795395
ICWorkerMiteSurvivorship= 34.5701495883986
ICForagerLifespan= 6.13744571432471
ImmType= Polynomial
RQQueenStrength= 1.49034010618925
RQEnableReQueen= true
AIAdultSlope= 7.58374953456223
AIAdultLD50= 82.9626889792862
AIAdultSlopeContact= 2.68654308631085
AIAdultLD50Contact= 70.7385148349651
AILarvaSlope= 7.00432228855789
AILarvaLD50= 41.3497285067965
AIKOW= 1188.73367065563
AIKOC= 15431.6277290354
AIHalfLife= 16.9871482353425
EAppRate= 9.31331829099078
FoliarEnabled= true
FoliarAppDate= 06/07/1989
FoliarForageBegin= 06/05/1989
FoliarForageEnd= 06/28/1989
AIContactFactor= 0.963269648691639
CL4Pollen= 0.976374173536897
CL4Nectar= 76.0546830715612
CL5Pollen= 1.89422730635852
CL5Nectar= 82.9156026011333
CLDPollen= 1.90381602896377
CLDNectar= 55.0895973108709
CA13Pollen= 4.70691028311849
CA13Nectar= 64.0596705675125
CA410Pollen= 9.46896249048877
CA410Nectar= 151.401270315982
CA1120Pollen= 0.224974753567949
CA1120Nectar= 36.6055990755558
IPollenTrips= 12.3534192098305
INectarTrips= 14.4178420258686
IPollenLoad= 0.224696849472821
INectarLoad= 3.59043196076527
