ICQueenStrength= 3.44293795083649
RQWkrDrnRatio= 2.05722725763917
ICDroneMiteSurvivorship= 37.0172111317515
ICWorkerMiteSurvivorship= 88.6425058357418
ICForagerLifespan= 12.9018996777013
ImmType= Exponential
RQQueenStrength= 5.25024923402816
RQEnableReQueen= true
AIAdultSlope= 1.62610514648259
AIAdultLD50= 73.3648033077891
AIAdultSlopeContact= 1.4770324009005
AIAdultLD50Contact= 45.8584567496623
AILarvaSlope= 5.63954400084913
AILarvaLD50= 35.2388356343482
AIKOW= 44462.0417322437
AIKOC= 85378.7901304807
AIHalfLife= 22.4305968177272
EAppRate= 1.44303561555548
FoliarEnabled= true
FoliarAppDate= 06/07/1989
FoliarForageBegin= 06/05/1989
FoliarForageEnd= 06/28/1989
AIContactFactor= 1.58296869294252
CL4Pollen= 2.1988618215546
CL4Nectar= 75.4990259185433
CL5Pollen= 0.356244544498622
CL5Nectar= 34.3815443222411
CLDPollen= 5.25523944525048
CLDNectar= 63.7141169398092
CA13Pollen= 3.86764836199582
CA13Nectar= 29.3104989826679
CA410Pollen= 5.10781341569964
CA410Nectar= 55.3338751429692
CA1120Pollen= 1.85688219638541
CA1120Nectar= 26.8429030478001
IPollenTrips= 7.40171505603939
INectarTrips= 13.0939325410873
IPollenLoad= 9.81589840957895
INectarLoad= 5.83673806395382
ESoilP= 1.96463883342221
ESoilFoc= 0.00109952170937322
