ICQueenStrength= 4.008636290906
RQWkrDrnRatio= 2.15390598587692
ICDroneMiteSurvivorship= 22.7081389166415
ICWorkerMiteSurvivorship= 54.5740416971967
ICForagerLifespan= 13.5021500540897
ImmType= Cosine
AIAdultSlope= 0.997893107354175
AIAdultLD50= 0.174310476938263
AIAdultSlopeContact= 0.472478053306695
AIAdultLD50Contact= 0.00855670451419428
AILarvaSlope= 2.73211610522121
AILarvaLD50= 0.580581310973503
AIKOW= 2.81894756946713
AIKOC= 25.6355183909182
AIHalfLife= 0.942446169513278
EAppRate= 9.67550925677642
FoliarEnabled= true
