ICQueenStrength= 4.73356218333356
RQWkrDrnRatio= 4.13010251149535
ICDroneMiteSurvivorship= 66.6941668605432
ICWorkerMiteSurvivorship= 71.9366285717115
ICForagerLifespan= 4.99679411109537
ImmType= Cosine
RQQueenStrength= 3.07631320226938
RQEnableReQueen= true
AIAdultSlope= 8.24284427985549
AIAdultLD50= 22.8980420010621
AIAdultSlopeContact= 4.99735335586593
AIAdultLD50Contact= 10.2318524734895
AILarvaSlope= 7.79747950099409
AILarvaLD50= 31.8211582927585
AIKOW= 53204.3842828288
AIKOC= 2501.70348720276
AIHalfLife= 29.8964761543553
EAppRate= 7.73202300214255
FoliarEnabled= true
FoliarAppDate= 06/07/1989
FoliarForageBegin= 06/05/1989
FoliarForageEnd= 06/28/1989
AIContactFactor= 2.21572365722619
CL4Pollen= 0.679384408518672
CL4Nectar= 21.3831210276112
CL5Pollen= 3.32749664923176
CL5Nectar= 40.0484072277322
CLDPollen= 3.9694410902448
CLDNectar= 125.225157116074
CA13Pollen= 7.36599414264783
CA13Nectar= 82.898412309587
CA410Pollen= 6.46733019321691
CA410Nectar= 107.851724377833
CA1120Pollen= 2.18211395619437
CA1120Nectar= 65.1890819333494
IPollenTrips= 11.4247877663001
INectarTrips= 6.65105825057253
IPollenLoad= 5.02852437086403
INectarLoad= 0.630066015291959
ESoilP= 1.61002368759364
ESoilFoc= 0.00702305154222995
