ICQueenStrength= 1.48350252327509
RQWkrDrnRatio= 4.50158706028014
ICDroneMiteSurvivorship= 7.49778319150209
ICWorkerMiteSurvivorship= 15.9460696158931
ICForagerLifespan= 5.42062173970044
ImmType= Logarithmic
RQQueenStrength= 5.52008675201796
RQEnableReQueen= true
AIAdultSlope= 8.20892324857414
AIAdultLD50= 14.113382724815
AIAdultSlopeContact= 7.7028216177132
AIAdultLD50Contact= 47.7979395035298
AILarvaSlope= 7.92012510821223
AILarvaLD50= 15.3146026764279
AIKOW= 73885.0489296688
AIKOC= 67357.8370325835
AIHalfLife= 5.48908133844379
EAppRate= 7.26615578741254
FoliarEnabled= true
FoliarAppDate= 06/07/1989
FoliarForageBegin= 06/05/1989
FoliarForageEnd= 06/28/1989
AIContactFactor= 2.3661421016464
CL4Pollen= 2.71322400122881
CL4Nectar= 85.7291005784646
CL5Pollen= 2.47852507978678
CL5Nectar= 19.1746174707077
CLDPollen= 3.38076601456851
CLDNectar= 130.246166721918
CA13Pollen= 5.98262115595862
CA13Nectar= 42.2218840941787
CA410Pollen= 8.07085695457645
CA410Nectar= 198.868343327194
CA1120Pollen= 0.282440244918689
CA1120Nectar= 79.1261037625372
IPollenTrips= 11.5305204340257
INectarTrips= 11.5026733744889
IPollenLoad= 0.865741316229105
INectarLoad= 2.25127611076459
ESoilP= 1.6869612110313
ESoilFoc= 0.0168241768679582
