ICQueenStrength= 1.79647820792161
RQWkrDrnRatio= 4.11705296952277
ICDroneMiteSurvivorship= 57.5019208714366
ICWorkerMiteSurvivorship= 63.9559474540874
ICForagerLifespan= 11.0546930907294
ImmType= Sine
RQQueenStrength= 2.17857804638334
RQEnableReQueen= true
AIAdultSlope= 4.82348362728953
AIAdultLD50= 64.9252366658018
AIAdultSlopeContact= 9.02908694627695
AIAdultLD50Contact= 57.408285075454
AILarvaSlope= 8.25663251802325
AILarvaLD50= 95.0693917391193
AIKOW= 71751.7931788493
AIKOC= 42182.6562054548
AIHalfLife= 0.731356801535003
EAppRate= 3.41747637957172
FoliarEnabled= true
FoliarAppDate= 06/07/1989
FoliarForageBegin= 06/05/1989
FoliarForageEnd= 06/28/1989
AIContactFactor= 2.28153207061347
CL4Pollen= 2.22358336485922
CL4Nectar= 7.71428348962218
CL5Pollen= 3.12698707217351
CL5Nectar= 77.9403253924102
CLDPollen= 1.78790097031742
CLDNectar= 134.099364175927
CA13Pollen= 7.95693961465731
CA13Nectar= 41.2865817174315
CA410Pollen= 5.90339979443234
CA410Nectar= 137.710713287815
CA1120Pollen= 0.480873125838116
CA1120Nectar= 72.9165805876255
IPollenTrips= 12.9464355274104
INectarTrips= 7.5011063599959
IPollenLoad= 4.83860058477148
INectarLoad= 1.66818936588243
