ICQueenStrength= 4.90431545558386
RQWkrDrnRatio= 1.01162709854543
ICDroneMiteSurvivorship= 86.1427137162536
ICWorkerMiteSurvivorship= 46.8863098416477
ICForagerLifespan= 9.59106212109327
ImmType= Logarithmic
RQQueenStrength= 2.67703596875072
RQEnableReQueen= true
AIAdultSlope= 8.53575061634183
AIAdultLD50= 21.1071188462267
AIAdultSlopeContact= 3.1600660472177
AIAdultLD50Contact= 56.3716282236944
AILarvaSlope= 6.59473113156855
AILarvaLD50= 14.8810720459272
AIKOW= 46647.5940343659
AIKOC= 86290.0677470013
AIHalfLife= 18.7265343809268
EAppRate= 5.9691490606491
FoliarEnabled= true
FoliarAppDate= 06/07/1989
FoliarForageBegin= 06/05/1989
FoliarForageEnd= 06/28/1989
AIContactFactor= 1.17381741047837
CL4Pollen= 0.639498657546937
CL4Nectar= 4.08524309750646
CL5Pollen= 4.27073224307969
CL5Nectar= 80.7651235372759
CLDPollen= 3.93311484251171
CLDNectar= 107.527597784065
CA13Pollen= 4.96531697064638
CA13Nectar= 68.7567668408155
CA410Pollen= 5.37697676680982
CA410Nectar= 79.0016910945997
CA1120Pollen= 1.30563879129477
CA1120Nectar= 23.9520721323788
IPollenTrips= 7.20433226786554
INectarTrips= 8.449243362993
IPollenLoad= 9.66388306813315
INectarLoad= 5.79604729544371
ESoilP= 1.67079121852294
ESoilFoc= 0.0124155160109513
