ICQueenStrength= 2.14927837392315
RQWkrDrnRatio= 1.51618528086692
ICDroneMiteSurvivorship= 56.3912104582414
ICWorkerMiteSurvivorship= 45.3952660784125
ICForagerLifespan= 12.0151146873832
ImmType= Exponential
RQQueenStrength= 1.48055625054985
RQEnableReQueen= true
AIAdultSlope= 4.65289729274809
AIAdultLD50= 1.67643258052296
AIAdultSlopeContact= 7.94601869513281
AIAdultLD50Contact= 36.7619532115266
AILarvaSlope= 5.31273428350687
AILarvaLD50= 73.5634436720989
AIKOW= 45673.8116529124
AIKOC= 71081.0516662416
AIHalfLife= 8.03687554390635
EAppRate= 8.14770593163744
FoliarEnabled= true
FoliarAppDate= 06/07/1989
FoliarForageBegin= 06/05/1989
FoliarForageEnd= 06/28/1989
AIContactFactor= 1.42082315055653
CL4Pollen= 3.33064540289342
CL4Nectar= 71.4977091643959
CL5Pollen= 0.70396984834224
CL5Nectar= 17.5992729957215
CLDPollen= 0.747368342243135
CLDNectar= 34.5616166945547
CA13Pollen= 3.6431126601994
CA13Nectar= 91.7151471041143
CA410Pollen= 9.23153874597046
CA410Nectar= 77.990549467504
CA1120Pollen= 2.18424323550425
CA1120Nectar= 82.2991475276649
IPollenTrips= 13.5116637428291
INectarTrips= 10.9394460730255
IPollenLoad= 1.06623150873929
INectarLoad= 5.05404977826402
