ICQueenStrength= 4.52512628771365
RQWkrDrnRatio= 3.37189500778913
ICDroneMiteSurvivorship= 28.505725087598
ICWorkerMiteSurvivorship= 14.4828791264445
ICForagerLifespan= 9.56791574973613
ImmType= Sine
RQQueenStrength= 3.50589513452724
RQEnableReQueen= true
AIAdultSlope= 3.22636883892119
AIAdultLD50= 0.429822330546798
AIAdultSlopeContact= 1.26831240463071
AIAdultLD50Contact= 64.3537117661284
AILarvaSlope= 6.0896138548851
AILarvaLD50= 43.297855337831
AIKOW= 2813.99712922856
AIKOC= 80261.3406389584
AIHalfLife= 33.5467948309146
EAppRate= 3.9327216257418
FoliarEnabled= true
FoliarAppDate= 09/01/1989
FoliarForageBegin= 09/01/1989
FoliarForageEnd= 09/08/1989
AIContactFactor= 1.82519094552845
CL4Pollen= 0.367952977307141
CL4Nectar= 86.237578955479
CL5Pollen= 3.3675910863094
CL5Nectar= 15.2585968491621
CLDPollen= 2.44714200077578
CLDNectar= 30.4171769879758
CA13Pollen= 5.17251779166982
CA13Nectar= 32.3747488297522
CA410Pollen= 2.87578374049626
CA410Nectar= 126.559928911738
CA1120Pollen= 0.438767798943445
CA1120Nectar= 40.5903513357043
IPollenTrips= 10.7703200285323
INectarTrips= 8.55417780810967
IPollenLoad= 7.68561392091215
INectarLoad= 1.72905606217682
