ICQueenStrength= 1.95086490968242
RQWkrDrnRatio= 4.69231633469462
ICDroneMiteSurvivorship= 53.1601011753082
ICWorkerMiteSurvivorship= 30.7970746420324
ICForagerLifespan= 15.9881658870727
ImmType= Tangent
RQQueenStrength= 3.65883720945567
RQEnableReQueen= true
AIAdultSlope= 8.25809288211167
AIAdultLD50= 12.8193913530731
AIAdultSlopeContact= 8.61322622164153
AIAdultLD50Contact= 73.054812173028
AILarvaSlope= 8.49097992293537
AILarvaLD50= 63.2698622446461
AIKOW= 78040.403460985
AIKOC= 3274.96371469903
AIHalfLife= 5.33583752999548
EAppRate= 5.71393022943591
FoliarEnabled= true
FoliarAppDate= 06/07/1989
FoliarForageBegin= 06/05/1989
FoliarForageEnd= 06/28/1989
AIContactFactor= 2.17473199138418
CL4Pollen= 3.06328313797712
CL4Nectar= 46.4359764941037
CL5Pollen= 5.71915715932846
CL5Nectar= 91.2955473409966
CLDPollen= 0.819679741747677
CLDNectar= 136.105778650381
CA13Pollen= 7.58547269720584
CA13Nectar= 56.074875947088
CA410Pollen= 8.81884466274641
CA410Nectar= 123.499431656674
CA1120Pollen= 2.61199549329467
CA1120Nectar= 57.5189377367496
IPollenTrips= 5.38255019113421
INectarTrips= 5.11065304512158
IPollenLoad= 4.49130031047389
INectarLoad= 3.07810106314719
