ICQueenStrength= 1.22286224993877
RQWkrDrnRatio= 2.53340994287282
ICDroneMiteSurvivorship= 90.0632115080953
ICWorkerMiteSurvivorship= 54.2042365530506
ICForagerLifespan= 8.21021920070052
ImmType= Logarithmic
RQQueenStrength= 1.75070510152727
RQEnableReQueen= true
AIAdultSlope= 5.26976265385747
AIAdultLD50= 0.538347369459923
AIAdultSlopeContact= 3.72246090043336
AIAdultLD50Contact= 79.8739402592946
AILarvaSlope= 2.33987642638385
AILarvaLD50= 29.1537148540854
AIKOW= 87437.712004283
AIKOC= 69542.9810164697
AIHalfLife= 10.3446797824465
EAppRate= 5.66724121846166
FoliarEnabled= true
FoliarAppDate= 09/01/1989
FoliarForageBegin= 09/01/1989
FoliarForageEnd= 09/08/1989
AIContactFactor= 1.19133450813126
CL4Pollen= 1.23204957600683
CL4Nectar= 71.0848887218162
CL5Pollen= 0.589934207964689
CL5Nectar= 128.350889123976
CLDPollen= 4.97101595532149
CLDNectar= 114.264419884421
CA13Pollen= 8.03080569235608
CA13Nectar= 29.5542719587684
CA410Pollen= 3.95756138793658
CA410Nectar= 105.898463958874
CA1120Pollen= 0.555366344517097
CA1120Nectar= 64.4065112993121
IPollenTrips= 9.44967788178474
INectarTrips= 11.5799542237073
IPollenLoad= 4.46139798965305
INectarLoad= 0.805289107374847
