ICQueenStrength= 5.12005063029937
RQWkrDrnRatio= 3.16037883237004
ICDroneMiteSurvivorship= 65.0807328522205
ICWorkerMiteSurvivorship= 65.4823071788996
ICForagerLifespan= 8.7397097768262
ImmType= Logarithmic
RQQueenStrength= 3.38743329187855
RQEnableReQueen= true
AIAdultSlope= 7.81842352822423
AIAdultLD50= 32.4808686397993
AIAdultSlopeContact= 5.26414143596776
AIAdultLD50Contact= 9.43615013422235
AILarvaSlope= 8.68124390020967
AILarvaLD50= 44.7704004861782
AIKOW= 59372.0199190048
AIKOC= 36487.3675336298
AIHalfLife= 22.0451470204862
EAppRate= 6.40477530231676
FoliarEnabled= true
FoliarAppDate= 06/07/1989
FoliarForageBegin= 06/05/1989
FoliarForageEnd= 06/28/1989
AIContactFactor= 1.2080057721911
CL4Pollen= 0.131840775720775
CL4Nectar= 44.8886472498998
CL5Pollen= 4.19790469715372
CL5Nectar= 123.022315080743
CLDPollen= 0.755997010041028
CLDNectar= 54.7600401565433
CA13Pollen= 2.73186052013189
CA13Nectar= 36.2275684252381
CA410Pollen= 5.60926385568455
CA410Nectar= 178.291258742101
CA1120Pollen= 0.851138753117993
CA1120Nectar= 77.637619972229
IPollenTrips= 6.31550950463861
INectarTrips= 11.1191403935663
IPollenLoad= 3.43128186184913
INectarLoad= 0.687675070948899
