ICQueenStrength= 2.78410537657328
RQWkrDrnRatio= 2.91812315490097
ICDroneMiteSurvivorship= 26.9093531416729
ICWorkerMiteSurvivorship= 27.5888448348269
ICForagerLifespan= 5.58602286037058
ImmType= Tangent
RQQueenStrength= 3.0119557227008
RQEnableReQueen= true
AIAdultSlope= 2.48719749599695
AIAdultLD50= 23.5270410360356
AIAdultSlopeContact= 5.65741736558266
AIAdultLD50Contact= 57.9793784744106
AILarvaSlope= 4.3635706230998
AILarvaLD50= 9.06052583822352
AIKOW= 71028.5995488807
AIKOC= 39507.0128794748
AIHalfLife= 16.4403814546764
EAppRate= 1.35940759147727
FoliarEnabled= true
FoliarAppDate= 06/07/1989
FoliarForageBegin= 06/05/1989
FoliarForageEnd= 06/28/1989
AIContactFactor= 1.38371765963733
CL4Pollen= 2.07880729064345
CL4Nectar= 56.5405118977651
CL5Pollen= 5.65792916994542
CL5Nectar= 71.1171244620346
CLDPollen= 0.328859869390726
CLDNectar= 48.9382023573853
CA13Pollen= 8.07510580243543
CA13Nectar= 70.2476953342557
CA410Pollen= 6.60425534213427
CA410Nectar= 74.2488974379376
CA1120Pollen= 1.50938909081742
CA1120Nectar= 24.7293162159622
IPollenTrips= 8.84804012486711
INectarTrips= 5.11036189040169
IPollenLoad= 9.72757843090221
INectarLoad= 8.55748031055555
ESoilP= 1.27962575177662
ESoilFoc= 0.0163315334327053
