ICQueenStrength= 5.73179835011251
RQWkrDrnRatio= 2.4203217625618
ICDroneMiteSurvivorship= 18.1208892026916
ICWorkerMiteSurvivorship= 94.0339861204848
ICForagerLifespan= 13.2730656303465
ImmType= Sine
RQQueenStrength= 3.1203125664033
RQEnableReQueen= true
AIAdultSlope= 8.29497450217605
AIAdultLD50= 86.5168968217128
AIAdultSlopeContact= 4.77035476523452
AIAdultLD50Contact= 72.1847320600897
AILarvaSlope= 3.49280754290521
AILarvaLD50= 88.7588857456597
AIKOW= 4964.48825985323
AIKOC= 45508.2018227119
AIHalfLife= 28.6017877810169
EAppRate= 4.88508940373524
FoliarEnabled= true
FoliarAppDate= 06/07/1989
FoliarForageBegin= 06/05/1989
FoliarForageEnd= 06/28/1989
AIContactFactor= 1.06329658980016
CL4Pollen= 1.01712672039866
CL4Nectar= 71.2974328547716
CL5Pollen= 0.980975733138621
CL5Nectar= 60.1521812961437
CLDPollen= 3.25855058245361
CLDNectar= 38.9687232789584
CA13Pollen= 7.51236115144566
CA13Nectar= 58.0335677415133
CA410Pollen= 4.85596727344673
CA410Nectar= 114.022179073654
CA1120Pollen= 1.38238784763962
CA1120Nectar= 79.1392152197659
IPollenTrips= 6.87311802757904
INectarTrips= 11.4569068793207
IPollenLoad= 2.93943332741037
INectarLoad= 5.16100420849398
