ICQueenStrength= 4.47439364064485
RQWkrDrnRatio= 4.90136321075261
ICDroneMiteSurvivorship= 3.68145497050136
ICWorkerMiteSurvivorship= 36.5466109942645
ICForagerLifespan= 11.5438097575679
ImmType= Tangent
RQQueenStrength= 1.5329543130938
RQEnableReQueen= true
AIAdultSlope= 1.63641389645636
AIAdultLD50= 66.4652389524093
AIAdultSlopeContact= 4.33735431428067
AIAdultLD50Contact= 16.8390141271204
AILarvaSlope= 4.19612124562263
AILarvaLD50= 55.3172244061227
AIKOW= 99736.9601421465
AIKOC= 59827.7853570727
AIHalfLife= 22.7340417490108
EAppRate= 5.87111074286164
FoliarEnabled= true
FoliarAppDate= 06/07/1989
FoliarForageBegin= 06/05/1989
FoliarForageEnd= 06/28/1989
AIContactFactor= 2.35724602102302
CL4Pollen= 0.742818748578429
CL4Nectar= 39.2115924274549
CL5Pollen= 4.62329584546387
CL5Nectar= 71.1766589898616
CLDPollen= 4.24294776795432
CLDNectar= 98.6899586976506
CA13Pollen= 3.17914392128587
CA13Nectar= 94.8121649585664
CA410Pollen= 2.24884989159182
CA410Nectar= 149.956592684612
CA1120Pollen= 0.185290338937193
CA1120Nectar= 78.9132858812809
IPollenTrips= 14.8259355523624
INectarTrips= 12.7484931610525
IPollenLoad= 4.38952914671972
INectarLoad= 5.33303945092484
