ICQueenStrength= 1.34479283844121
RQWkrDrnRatio= 2.75329579040408
ICDroneMiteSurvivorship= 50.8526439778507
ICWorkerMiteSurvivorship= 89.3590840278193
ICForagerLifespan= 4.4628940531984
ImmType= Cosine
RQQueenStrength= 5.75122928037308
RQEnableReQueen= true
AIAdultSlope= 5.10691171325743
AIAdultLD50= 77.5248137795252
AIAdultSlopeContact= 4.64848231640644
AIAdultLD50Contact= 42.7540633405663
AILarvaSlope= 3.4777427688241
AILarvaLD50= 62.1497829376489
AIKOW= 80807.7663050504
AIKOC= 62080.153464641
AIHalfLife= 18.0228146777023
EAppRate= 0.344869001282845
FoliarEnabled= true
FoliarAppDate= 06/07/1989
FoliarForageBegin= 06/05/1989
FoliarForageEnd= 06/28/1989
AIContactFactor= 2.3109569110116
CL4Pollen= 3.42183957342058
CL4Nectar= 34.6324029611424
CL5Pollen= 4.45261930720881
CL5Nectar= 104.177003272343
CLDPollen= 4.78442134335637
CLDNectar= 145.65179158235
CA13Pollen= 7.52660636072978
CA13Nectar= 21.1011493206024
CA410Pollen= 4.26721130793449
CA410Nectar= 86.5702105266973
CA1120Pollen= 0.753916748100892
CA1120Nectar= 78.875699006021
IPollenTrips= 11.2357680196874
INectarTrips= 7.83485297113657
IPollenLoad= 2.26677725790069
INectarLoad= 3.70487465756014
