ICQueenStrength= 4.95461476407945
RQWkrDrnRatio= 2.99963693600148
ICDroneMiteSurvivorship= 31.342665059492
ICWorkerMiteSurvivorship= 4.14213663898408
ICForagerLifespan= 14.1713363593444
ImmType= Sine
RQQueenStrength= 3.59937353432178
RQEnableReQueen= true
AIAdultSlope= 4.3527001477778
AIAdultLD50= 0.72542697961512
AIAdultSlopeContact= 5.53607449587435
AIAdultLD50Contact= 82.368275286719
AILarvaSlope= 2.19739663414657
AILarvaLD50= 51.5057555708957
AIKOW= 13310.7982884935
AIKOC= 29135.3025347965
AIHalfLife= 14.2653022604529
EAppRate= 5.90976379550179
FoliarEnabled= true
FoliarAppDate= 06/07/1989
FoliarForageBegin= 06/05/1989
FoliarForageEnd= 06/28/1989
AIContactFactor= 0.917980377213098
CL4Pollen= 0.357458618469536
CL4Nectar= 77.1628289716318
CL5Pollen= 1.13004251243547
CL5Nectar= 102.953100367449
CLDPollen= 2.31666224263608
CLDNectar= 65.3372977394611
CA13Pollen= 4.56505982931703
CA13Nectar= 69.4471909105778
CA410Pollen= 2.48842962551862
CA410Nectar= 160.316644115373
CA1120Pollen= 1.36917080660351
CA1120Nectar= 37.5478322058916
IPollenTrips= 10.8434391533956
INectarTrips= 9.35746834613383
IPollenLoad= 7.49792129965499
INectarLoad= 8.85563363786787
ESoilP= 1.38255996839143
ESoilFoc= 0.00880845683626831
