ICQueenStrength= 5.50460221851245
RQWkrDrnRatio= 3.79747315403074
ICDroneMiteSurvivorship= 55.9705784311518
ICWorkerMiteSurvivorship= 47.5881207268685
ICForagerLifespan= 9.5695756431669
ImmType= Polynomial
RQQueenStrength= 3.45192129630595
RQEnableReQueen= true
AIAdultSlope= 7.18593834713101
AIAdultLD50= 80.2841896880588
AIAdultSlopeContact= 1.91914634010755
AIAdultLD50Contact= 80.4536797144588
AILarvaSlope= 6.55078506283462
AILarvaLD50= 96.8070388161601
AIKOW= 24006.5466237587
AIKOC= 99379.1441586385
AIHalfLife= 27.0808868143009
EAppRate= 9.49565122784395
FoliarEnabled= true
FoliarAppDate= 06/07/1989
FoliarForageBegin= 06/05/1989
FoliarForageEnd= 06/28/1989
AIContactFactor= 1.33790284898598
CL4Pollen= 2.10613270755857
CL4Nectar= 60.8062552753836
CL5Pollen= 2.73571829264984
CL5Nectar= 130.941031943075
CLDPollen= 3.60031977854669
CLDNectar= 19.273254275322
CA13Pollen= 5.16567309601232
CA13Nectar= 63.8162726163864
CA410Pollen= 7.70381181009579
CA410Nectar= 148.05898915045
CA1120Pollen= 1.20599910314195
CA1120Nectar= 91.9278516992927
IPollenTrips= 6.17675457149744
INectarTrips= 6.83736502891406
IPollenLoad= 0.858705528080463
INectarLoad= 8.29428582219407
ESoilP= 1.39474170631729
ESoilFoc= 0.0191862036974635
