ICQueenStrength= 2.24242304451764
RQWkrDrnRatio= 1.64608422853053
ICDroneMiteSurvivorship= 10.1870129350573
ICWorkerMiteSurvivorship= 21.482914686203
ICForagerLifespan= 14.4882088163868
ImmType= Polynomial
RQQueenStrength= 1.59559906739742
RQEnableReQueen=true
AIAdultSlope= 2.87306784465909
AIAdultLD50= 0.428179380081361
AIAdultSlopeContact= 9.52625369699672
AIAdultLD50Contact= 68.0792167086417
AILarvaSlope= 7.43976385518909
AILarvaLD50= 41.5046611756077
AIKOW= 89333.3882049833
AIKOC= 4149.64549302752
AIHalfLife= 21.0485481062438
EAppRate= 0.393481024336303
FoliarEnabled=true
FoliarAppDate= 07/01/1989
FoliarForageBegin= 07/01/1989
FoliarForageEnd= 07/14/1989
AIContactFactor= 2.17007234680932
CL4Pollen= 1.84890965279192
CL4Nectar= 51.0050841839984
CL5Pollen= 5.4756275229156
CL5Nectar= 140.718672762159
CLDPollen= 1.32786633772776
CLDNectar= 132.108211156446
CA13Pollen= 6.78481660531834
CA13Nectar= 29.5872201025486
CA410Pollen= 2.87901665382087
CA410Nectar= 104.659722228535
CA1120Pollen= 0.539540248224512
CA1120Nectar= 90.1434479095042
IPollenTrips= 14.9647581088357
INectarTrips= 10.7250566198491
IPollenLoad= 1.45718042273074
INectarLoad= 8.00639418652281
