ICQueenStrength= 5.28758725640364
RQWkrDrnRatio= 2.74875189457089
ICDroneMiteSurvivorship= 6.88040580134839
ICWorkerMiteSurvivorship= 0.22333012893796
ICForagerLifespan= 10.8402698170394
ImmType= Logarithmic
RQQueenStrength= 3.83044530428015
RQEnableReQueen= true
AIAdultSlope= 6.78133469074965
AIAdultLD50= 79.9250514994131
AIAdultSlopeContact= 2.87868990167044
AIAdultLD50Contact= 35.4167633821792
AILarvaSlope= 3.52593513391912
AILarvaLD50= 17.331812695394
AIKOW= 46134.8431033341
AIKOC= 99484.3501474741
AIHalfLife= 9.57287114777137
EAppRate= 2.58106793410424
FoliarEnabled= true
FoliarAppDate= 06/07/1989
FoliarForageBegin= 06/05/1989
FoliarForageEnd= 06/28/1989
AIContactFactor= 1.66580425634515
CL4Pollen= 1.41346873622388
CL4Nectar= 80.2070041652769
CL5Pollen= 1.64838331472129
CL5Nectar= 89.8864555754699
CLDPollen= 0.0932103912346065
CLDNectar= 144.759353308473
CA13Pollen= 3.41882043452933
CA13Nectar= 59.1873367317021
CA410Pollen= 2.68776006361004
CA410Nectar= 118.341110209003
CA1120Pollen= 0.152922340901569
CA1120Nectar= 88.3467050455511
IPollenTrips= 13.8375849532895
INectarTrips= 9.88135865423828
IPollenLoad= 0.218741388525814
INectarLoad= 7.84981955541298
ESoilP= 1.18265713984147
ESoilFoc= 0.0105495301920455
