ICQueenStrength= 2.23093019425869
RQWkrDrnRatio= 3.08073425386101
ICDroneMiteSurvivorship= 3.30751452129334
ICWorkerMiteSurvivorship= 51.4807896688581
ICForagerLifespan= 8.03840668126941
ImmType= Cosine
RQQueenStrength= 2.84789241943508
RQEnableReQueen=true
AIAdultSlope= 6.54709522239864
AIAdultLD50= 0.162197484248783
AIAdultSlopeContact= 4.82729596924037
AIAdultLD50Contact= 15.2497842047485
AILarvaSlope= 6.6825898475945
AILarvaLD50= 74.0557083184798
AIKOW= 12926.471372554
AIKOC= 22240.7876435057
AIHalfLife= 14.9484264433384
EAppRate= 0.0864132444649004
FoliarEnabled=true
FoliarAppDate= 07/01/1989
FoliarForageBegin= 07/01/1989
FoliarForageEnd= 07/14/1989
AIContactFactor= 2.36449411421083
CL4Pollen= 0.661525496281683
CL4Nectar= 43.6509943101555
CL5Pollen= 5.78107570437714
CL5Nectar= 54.1292011504993
CLDPollen= 5.85788989299908
CLDNectar= 80.728932574857
CA13Pollen= 4.23060028282925
CA13Nectar= 67.3876850679517
CA410Pollen= 5.99963906339835
CA410Nectar= 24.4120715558529
CA1120Pollen= 2.19894519774243
CA1120Nectar= 54.2687536403537
IPollenTrips= 11.921109079849
INectarTrips= 13.1868368340656
IPollenLoad= 8.96311295218766
INectarLoad= 2.78082957491279
