ICQueenStrength= 4.5797889798414
RQWkrDrnRatio= 3.34195022750646
ICDroneMiteSurvivorship= 68.9838689286262
ICWorkerMiteSurvivorship= 41.1080948775634
ICForagerLifespan= 10.5905966283754
ImmType= Logarithmic
RQQueenStrength= 2.12462200922891
RQEnableReQueen= true
AIAdultSlope= 8.83732059784234
AIAdultLD50= 10.0273186890131
AIAdultSlopeContact= 6.76149254990742
AIAdultLD50Contact= 68.3116657000978
AILarvaSlope= 8.01034844480455
AILarvaLD50= 96.2373851576571
AIKOW= 52662.7291997906
AIKOC= 43308.1429500759
AIHalfLife= 11.5891915114829
EAppRate= 2.81312847428978
FoliarEnabled= true
FoliarAppDate= 06/07/1989
FoliarForageBegin= 06/05/1989
FoliarForageEnd= 06/28/1989
AIContactFactor= 0.811896130195819
CL4Pollen= 0.20159961655736
CL4Nectar= 13.3513730484992
CL5Pollen= 3.65710293408483
CL5Nectar= 105.915446905419
CLDPollen= 2.48441794048995
CLDNectar= 22.2899101674557
CA13Pollen= 2.83357437308878
CA13Nectar= 88.7598190642893
CA410Pollen= 4.61998354350217
CA410Nectar= 186.187351290137
CA1120Pollen= 2.14861330878921
CA1120Nectar= 35.892471447587
IPollenTrips= 7.58617871208116
INectarTrips= 14.3992557073943
IPollenLoad= 2.33108872314915
INectarLoad= 2.07123625092208
ESoilP= 1.44391155685298
ESoilFoc= 0.012979810818797
