ICQueenStrength= 2.83378289453685
RQWkrDrnRatio= 2.4088908592239
ICDroneMiteSurvivorship= 31.5231907414272
ICWorkerMiteSurvivorship= 22.2702418686822
ICForagerLifespan= 5.68738199397922
ImmType= Sine
RQQueenStrength= 4.26893385499716
RQEnableReQueen= true
AIAdultSlope= 6.72193265706301
AIAdultLD50= 36.6494629094515
AIAdultSlopeContact= 4.34630018752068
AIAdultLD50Contact= 48.7084871101505
AILarvaSlope= 2.95917922817171
AILarvaLD50= 24.7446924269132
AIKOW= 14227.1432883956
AIKOC= 92350.8016937065
AIHalfLife= 32.1144906143425
EAppRate= 1.68357296274928
FoliarEnabled= true
FoliarAppDate= 06/07/1989
FoliarForageBegin= 06/05/1989
FoliarForageEnd= 06/28/1989
AIContactFactor= 1.90808647074271
CL4Pollen= 0.482804462313652
CL4Nectar= 10.8612095704302
CL5Pollen= 2.26528442278504
CL5Nectar= 99.0362400189042
CLDPollen= 4.62970078038052
CLDNectar= 143.451893201564
CA13Pollen= 5.43573263082653
CA13Nectar= 63.3438652567565
CA410Pollen= 7.34319905308075
CA410Nectar= 171.47020118311
CA1120Pollen= 0.919874412473291
CA1120Nectar= 79.1132535412908
IPollenTrips= 8.38451006449759
INectarTrips= 6.35550930164754
IPollenLoad= 6.70766416704282
INectarLoad= 5.69927324773744
