ICQueenStrength= 2.6812958358787
RQWkrDrnRatio= 3.47958676889539
ICDroneMiteSurvivorship= 89.944231393747
ICWorkerMiteSurvivorship= 24.5250277221203
ICForagerLifespan= 11.6949456334114
ImmType= Exponential
RQQueenStrength= 4.798252355773
RQEnableReQueen= true
AIAdultSlope= 7.17073665559292
AIAdultLD50= 15.4348066271562
AIAdultSlopeContact= 9.60405382863246
AIAdultLD50Contact= 58.2407122165172
AILarvaSlope= 7.3140071220696
AILarvaLD50= 27.249094973976
AIKOW= 34.5369649221515
AIKOC= 26122.1986401682
AIHalfLife= 4.52746362281032
EAppRate= 0.582338161646854
FoliarEnabled= true
FoliarAppDate= 06/07/1989
FoliarForageBegin= 06/05/1989
FoliarForageEnd= 06/28/1989
AIContactFactor= 1.39028013196308
CL4Pollen= 0.282165765762329
CL4Nectar= 67.1942371176556
CL5Pollen= 2.56894102972001
CL5Nectar= 107.068269699812
CLDPollen= 2.21286123013124
CLDNectar= 77.1638841019012
CA13Pollen= 5.79896248579025
CA13Nectar= 23.7058591842651
CA410Pollen= 8.84882746464573
CA410Nectar= 42.478812308982
CA1120Pollen= 2.93338825902902
CA1120Nectar= 64.5691809989512
IPollenTrips= 13.2198901870288
INectarTrips= 9.05948256375268
IPollenLoad= 3.3004009956494
INectarLoad= 8.59084371710196
ESoilP= 1.77166359359398
ESoilFoc= 0.00773981603467837
