ICQueenStrength= 2.73115555895492
RQWkrDrnRatio= 2.24741821456701
ICDroneMiteSurvivorship= 29.2164258658886
ICWorkerMiteSurvivorship= 61.6501391632482
ICForagerLifespan= 5.86211236566305
ImmType= Sine
RQQueenStrength= 5.89237295347266
RQEnableReQueen= true
AIAdultSlope= 8.66467855684459
AIAdultLD50= 88.9428281007954
AIAdultSlopeContact= 5.25948445894755
AIAdultLD50Contact= 39.5018211805678
AILarvaSlope= 8.92125492729247
AILarvaLD50= 87.1290219737741
AIKOW= 23408.7123525587
AIKOC= 22876.1024724927
AIHalfLife= 30.7545408161357
EAppRate= 9.19970173851168
FoliarEnabled= true
FoliarAppDate= 06/07/1989
FoliarForageBegin= 06/05/1989
FoliarForageEnd= 06/28/1989
AIContactFactor= 1.53999214429874
CL4Pollen= 2.9332128893584
CL4Nectar= 12.0107181137428
CL5Pollen= 1.89276933996007
CL5Nectar= 101.619956432842
CLDPollen= 1.95635987911373
CLDNectar= 139.118115592282
CA13Pollen= 3.49110121633858
CA13Nectar= 31.0178734175861
CA410Pollen= 8.64711767754052
CA410Nectar= 55.1723510492593
CA1120Pollen= 0.69831640063785
CA1120Nectar= 70.7978213950992
IPollenTrips= 14.7794594685547
INectarTrips= 13.0974676460028
IPollenLoad= 3.72336708009243
INectarLoad= 7.53442417131737
