ICQueenStrength= 3.09786442806944
RQWkrDrnRatio= 1.01057075057179
ICDroneMiteSurvivorship= 97.5482553942129
ICWorkerMiteSurvivorship= 38.4096944704652
ICForagerLifespan= 5.48299791011959
ImmType= Tangent
RQQueenStrength= 5.09908214118332
RQEnableReQueen= true
AIAdultSlope= 8.74098696559668
AIAdultLD50= 15.3388916522446
AIAdultSlopeContact= 6.34780104504898
AIAdultLD50Contact= 92.1754977580097
AILarvaSlope= 2.31573479250073
AILarvaLD50= 23.5680044307469
AIKOW= 29104.7764125442
AIKOC= 21412.410830382
AIHalfLife= 24.4618156864075
EAppRate= 6.42231399615156
FoliarEnabled= true
FoliarAppDate= 06/07/1989
FoliarForageBegin= 06/05/1989
FoliarForageEnd= 06/28/1989
AIContactFactor= 1.06851826095022
CL4Pollen= 0.129756943322718
CL4Nectar= 47.4387978203595
CL5Pollen= 3.02264659060165
CL5Nectar= 87.9636887577362
CLDPollen= 5.81208996009082
CLDNectar= 6.7546482430771
CA13Pollen= 4.14607930444181
CA13Nectar= 81.5140168741345
CA410Pollen= 7.20473229729105
CA410Nectar= 198.456931733526
CA1120Pollen= 0.620641792193055
CA1120Nectar= 90.033458750695
IPollenTrips= 9.93716683937237
INectarTrips= 8.97305541904643
IPollenLoad= 7.42373630870134
INectarLoad= 7.87780337035656
ESoilP= 1.57888849289156
ESoilFoc= 0.0134672969467938
