ICQueenStrength= 1.45444480841979
RQWkrDrnRatio= 2.04624074790627
ICDroneMiteSurvivorship= 22.6620812900364
ICWorkerMiteSurvivorship= 28.2454677391797
ICForagerLifespan= 14.5021581500769
ImmType= Exponential
RQQueenStrength= 5.9625318928156
RQEnableReQueen= true
AIAdultSlope= 4.28187639638782
AIAdultLD50= 64.738504515226
AIAdultSlopeContact= 4.37838077358902
AIAdultLD50Contact= 19.3120833379887
AILarvaSlope= 7.12242832407355
AILarvaLD50= 17.8177818736734
AIKOW= 38067.5982916184
AIKOC= 44050.8667195698
AIHalfLife= 27.3133214546833
EAppRate= 1.76616139952722
FoliarEnabled= true
FoliarAppDate= 06/07/1989
FoliarForageBegin= 06/05/1989
FoliarForageEnd= 06/28/1989
AIContactFactor= 0.534752316917293
CL4Pollen= 2.86140716355294
CL4Nectar= 86.6964833112434
CL5Pollen= 5.07949874969199
CL5Nectar= 110.755474562757
CLDPollen= 2.54759372072294
CLDNectar= 129.343838850036
CA13Pollen= 3.38505438743159
CA13Nectar= 22.8526253812015
CA410Pollen= 3.35142512375023
CA410Nectar= 38.5126289585605
CA1120Pollen= 2.83242575707845
CA1120Nectar= 63.8325913622975
IPollenTrips= 6.08228944940493
INectarTrips= 5.89524412993342
IPollenLoad= 7.47692932141945
INectarLoad= 2.41757262730971
ESoilP= 1.46937485551462
ESoilFoc= 0.012945762634743
