ICQueenStrength= 2.57220104243606
RQWkrDrnRatio= 2.82011779304594
ICDroneMiteSurvivorship= 0.662541901692748
ICWorkerMiteSurvivorship= 68.0223325733095
ICForagerLifespan= 7.51336595974863
ImmType= Cosine
RQQueenStrength= 1.77763302368112
RQEnableReQueen= true
AIAdultSlope= 7.77883562073112
AIAdultLD50= 36.3774446759536
AIAdultSlopeContact= 5.326064130757
AIAdultLD50Contact= 94.7674179077002
AILarvaSlope= 6.39704712294042
AILarvaLD50= 87.297092911592
AIKOW= 9558.32273336325
AIKOC= 54433.8636496628
AIHalfLife= 19.7191340253688
EAppRate= 4.64286020121863
FoliarEnabled= true
FoliarAppDate= 06/07/1989
FoliarForageBegin= 06/05/1989
FoliarForageEnd= 06/28/1989
AIContactFactor= 2.26779675744008
CL4Pollen= 0.861722618341446
CL4Nectar= 65.5816115206107
CL5Pollen= 4.46263243071735
CL5Nectar= 142.993736837525
CLDPollen= 4.85117416922003
CLDNectar= 28.5990926669911
CA13Pollen= 6.33143695518374
CA13Nectar= 62.6185273937881
CA410Pollen= 5.67782109971158
CA410Nectar= 30.2918443223462
CA1120Pollen= 2.07229289808311
CA1120Nectar= 67.5268917530775
IPollenTrips= 13.2108158734627
INectarTrips= 12.9445646610111
IPollenLoad= 5.32948834821582
INectarLoad= 0.350052679423243
