ICQueenStrength= 1.62247941968963
RQWkrDrnRatio= 3.72046689968556
ICDroneMiteSurvivorship= 93.3662784518674
ICWorkerMiteSurvivorship= 24.7117564547807
ICForagerLifespan= 12.9976964462548
ImmType= Polynomial
RQQueenStrength= 2.58647103467956
RQEnableReQueen= true
AIAdultSlope= 5.42997842282057
AIAdultLD50= 88.4302382176868
AIAdultSlopeContact= 5.81155815720558
AIAdultLD50Contact= 8.58230637370329
AILarvaSlope= 3.12295644916594
AILarvaLD50= 19.0108100404048
AIKOW= 12891.8405651751
AIKOC= 28369.8638020291
AIHalfLife= 28.6392677086405
EAppRate= 8.51616361099598
FoliarEnabled= true
FoliarAppDate= 06/07/1989
FoliarForageBegin= 06/05/1989
FoliarForageEnd= 06/28/1989
AIContactFactor= 1.35046992651653
CL4Pollen= 2.90982183068991
CL4Nectar= 51.236667111516
CL5Pollen= 1.96091391798109
CL5Nectar= 56.2907819054089
CLDPollen= 2.21204113494605
CLDNectar= 70.2912280219607
CA13Pollen= 7.44523385986686
CA13Nectar= 54.8918131180108
CA410Pollen= 4.87830774828326
CA410Nectar= 71.3189357938245
CA1120Pollen= 2.89111391943879
CA1120Nectar= 67.2181290946901
IPollenTrips= 6.14395405864343
INectarTrips= 13.2635527383536
IPollenLoad= 4.95994391618297
INectarLoad= 9.90732240257785
