ICQueenStrength= 4.59464302193373
RQWkrDrnRatio= 2.81737769488245
ICDroneMiteSurvivorship= 2.89276051335037
ICWorkerMiteSurvivorship= 2.14700140058994
ICForagerLifespan= 9.46263065282255
ImmType= Sine
RQQueenStrength= 3.54952305695042
RQEnableReQueen= true
AIAdultSlope= 1.96884467452765
AIAdultLD50= 38.4896968663256
AIAdultSlopeContact= 8.64084415463731
AIAdultLD50Contact= 30.4772132799991
AILarvaSlope= 8.32245102338493
AILarvaLD50= 82.1952336040654
AIKOW= 86117.7475336899
AIKOC= 87888.9279840011
AIHalfLife= 12.8790981990052
EAppRate= 3.83748517713207
FoliarEnabled= true
FoliarAppDate= 06/07/1989
FoliarForageBegin= 06/05/1989
FoliarForageEnd= 06/28/1989
AIContactFactor= 0.515005544009618
CL4Pollen= 1.7050123680383
CL4Nectar= 29.0924103232101
CL5Pollen= 4.51404312578961
CL5Nectar= 139.275154320057
CLDPollen= 1.97385955089703
CLDNectar= 68.3886709157377
CA13Pollen= 2.34217527629808
CA13Nectar= 98.4060744941235
CA410Pollen= 2.38273252521176
CA410Nectar= 42.6120314281434
CA1120Pollen= 1.17688076896593
CA1120Nectar= 33.5729204490781
IPollenTrips= 14.4635977665894
INectarTrips= 13.5902791819535
IPollenLoad= 1.48868338903412
INectarLoad= 1.02993559790775
