ICQueenStrength= 3.53324433346279
RQWkrDrnRatio= 1.87034200225025
ICDroneMiteSurvivorship= 58.76081478782
ICWorkerMiteSurvivorship= 56.0308237792924
ICForagerLifespan= 9.34266721457243
ImmType= Cosine
RQQueenStrength= 4.88268694397993
RQEnableReQueen= true
AIAdultSlope= 2.06205407343805
AIAdultLD50= 64.5377329336489
AIAdultSlopeContact= 3.34517611027695
AIAdultLD50Contact= 59.9874982705919
AILarvaSlope= 6.02990973182023
AILarvaLD50= 96.3444468580145
AIKOW= 17653.3749251649
AIKOC= 28800.0294813022
AIHalfLife= 5.98023888887837
EAppRate= 3.56740283913654
FoliarEnabled= true
FoliarAppDate= 06/07/1989
FoliarForageBegin= 06/05/1989
FoliarForageEnd= 06/28/1989
AIContactFactor= 0.437980937506072
CL4Pollen= 1.0149803571403
CL4Nectar= 8.50310903042555
CL5Pollen= 1.32916120067239
CL5Nectar= 16.5126860607415
CLDPollen= 4.51181728765368
CLDNectar= 2.84820185042918
CA13Pollen= 4.25770110478625
CA13Nectar= 64.8475380800664
CA410Pollen= 2.37961494256742
CA410Nectar= 64.7225258126855
CA1120Pollen= 0.884330411441624
CA1120Nectar= 49.3228289112449
IPollenTrips= 13.4465855383314
INectarTrips= 5.72890895651653
IPollenLoad= 3.02071900805458
INectarLoad= 3.90165040269494
