ICQueenStrength= 2.80071364040487
RQWkrDrnRatio= 4.34087035153061
ICDroneMiteSurvivorship= 70.649112900719
ICWorkerMiteSurvivorship= 75.7458394160494
ICForagerLifespan= 5.0921639977023
ImmType= Tangent
AIAdultSlope= 1.52407194876345
AIAdultLD50= 0.138443032000214
AIAdultSlopeContact= 0.185275517203845
AIAdultLD50Contact= 0.0287853868096136
AILarvaSlope= 0.460231806850061
AILarvaLD50= 0.666073857550509
AIKOW= 5.48707007709891
AIKOC= 14.9905235460028
AIHalfLife= 0.483968723332509
EAppRate= 3.81052729208022
FoliarEnabled= true
