ICQueenStrength= 1.66856453940272
RQWkrDrnRatio= 1.07448915112764
ICDroneMiteSurvivorship= 63.2120298687369
ICWorkerMiteSurvivorship= 35.3250805055723
ICForagerLifespan= 9.22594517562538
ImmType= Logarithmic
RQQueenStrength= 1.09639364201576
RQEnableReQueen=true
AIAdultSlope= 3.73376279510558
AIAdultLD50= 0.821443691888126
AIAdultSlopeContact= 4.5110536001157
AIAdultLD50Contact= 3.25376211219234
AILarvaSlope= 7.69308053329587
AILarvaLD50= 33.8814898153737
AIKOW= 38958.1094769051
AIKOC= 64235.3052965603
AIHalfLife= 27.3197099016048
EAppRate= 1.84612074278202
FoliarEnabled=true
FoliarAppDate= 07/01/1989
FoliarForageBegin= 07/01/1989
FoliarForageEnd= 07/14/1989
AIContactFactor= 2.35182082610205
CL4Pollen= 0.00257411133497953
CL4Nectar= 57.0594187127426
CL5Pollen= 5.71607010159642
CL5Nectar= 128.875428659376
CLDPollen= 1.44029609905556
CLDNectar= 93.5251571936533
CA13Pollen= 7.09271231088787
CA13Nectar= 87.5271672569215
CA410Pollen= 9.36823195368052
CA410Nectar= 95.1472267182544
CA1120Pollen= 2.74741475866176
CA1120Nectar= 68.1795115768909
IPollenTrips= 10.7285245764069
INectarTrips= 6.47077248897403
IPollenLoad= 4.74374991608784
INectarLoad= 5.23553068516776
