ICQueenStrength= 1.11808555573225
RQWkrDrnRatio= 4.63040703441948
ICDroneMiteSurvivorship= 27.0765408407897
ICWorkerMiteSurvivorship= 3.84256786201149
ICForagerLifespan= 13.1064535537735
ImmType= Cosine
RQQueenStrength= 5.06818569055758
RQEnableReQueen= true
AIAdultSlope= 3.00713672302663
AIAdultLD50= 87.2092635984158
AIAdultSlopeContact= 4.59242109069601
AIAdultLD50Contact= 83.4878078895488
AILarvaSlope= 1.5501008015126
AILarvaLD50= 37.656835267626
AIKOW= 76447.5688607649
AIKOC= 6339.88622843358
AIHalfLife= 31.1083364217542
EAppRate= 0.910033802782185
FoliarEnabled= true
FoliarAppDate= 06/07/1989
FoliarForageBegin= 06/05/1989
FoliarForageEnd= 06/28/1989
AIContactFactor= 2.14996606661007
CL4Pollen= 2.7331255748868
CL4Nectar= 41.2140989676118
CL5Pollen= 1.78587818657979
CL5Nectar= 120.529824018013
CLDPollen= 2.23146636039019
CLDNectar= 31.3777823816054
CA13Pollen= 4.65988009916618
CA13Nectar= 65.4578052647412
CA410Pollen= 6.87890599970706
CA410Nectar= 193.193279476836
CA1120Pollen= 2.66934519074857
CA1120Nectar= 96.1226866021752
IPollenTrips= 13.7812675535679
INectarTrips= 5.88224111124873
IPollenLoad= 4.12575882393867
INectarLoad= 9.22611197456717
