ICQueenStrength= 4.22181422030553
RQWkrDrnRatio= 4.30523919779807
ICDroneMiteSurvivorship= 3.30285013187677
ICWorkerMiteSurvivorship= 54.5015192124993
ICForagerLifespan= 9.41585209220648
ImmType= Polynomial
RQQueenStrength= 2.47815234726295
RQEnableReQueen= true
AIAdultSlope= 5.68873114697635
AIAdultLD50= 88.1230397887197
AIAdultSlopeContact= 3.34948170743883
AIAdultLD50Contact= 89.8976641698645
AILarvaSlope= 7.92774661071599
AILarvaLD50= 73.0148784615414
AIKOW= 72810.6484929423
AIKOC= 80854.5188979188
AIHalfLife= 1.09160755055491
EAppRate= 7.33601560281008
FoliarEnabled= true
FoliarAppDate= 06/07/1989
FoliarForageBegin= 06/05/1989
FoliarForageEnd= 06/28/1989
AIContactFactor= 2.08045250574127
CL4Pollen= 2.36242888495326
CL4Nectar= 18.1695046834648
CL5Pollen= 1.8772692270577
CL5Nectar= 136.994408257306
CLDPollen= 2.63400078238919
CLDNectar= 114.802660932764
CA13Pollen= 3.51879703467712
CA13Nectar= 41.6296655312181
CA410Pollen= 7.18049195706844
CA410Nectar= 78.7206722004339
CA1120Pollen= 2.81763201439753
CA1120Nectar= 30.6676847487688
IPollenTrips= 5.57978408643976
INectarTrips= 5.71922876406461
IPollenLoad= 1.03301840368658
INectarLoad= 8.20744803640991
ESoilP= 1.32331648236141
ESoilFoc= 0.0193271406393033
