ICQueenStrength= 4.19313120911829
RQWkrDrnRatio= 3.48945109546185
ICDroneMiteSurvivorship= 32.8271465376019
ICWorkerMiteSurvivorship= 98.6734827281907
ICForagerLifespan= 10.0804291442037
ImmType= Tangent
AIAdultSlope= 3.50510173469083
AIAdultLD50= 0.0975271163973957
AIAdultSlopeContact= 1.78634640936507
AIAdultLD50Contact= 0.0115139807574451
AILarvaSlope= 2.042724849144
AILarvaLD50= 0.661471683508717
AIKOW= 4.9067670693621
AIKOC= 23.5073666740209
AIHalfLife= 1.91435434329323
EAppRate= 7.77239806484431
FoliarEnabled= true
