ICQueenStrength= 3.80109820887446
RQWkrDrnRatio= 4.06011870317161
ICDroneMiteSurvivorship= 24.7928138356656
ICWorkerMiteSurvivorship= 34.2232832219452
ICForagerLifespan= 4.18487043492496
ImmType= Logarithmic
RQQueenStrength= 4.80079151247628
RQEnableReQueen= true
AIAdultSlope= 7.46581939980388
AIAdultLD50= 26.1852739960991
AIAdultSlopeContact= 6.52256044466048
AIAdultLD50Contact= 82.3571330781425
AILarvaSlope= 8.1732881013304
AILarvaLD50= 48.0819856012329
AIKOW= 72459.3369822544
AIKOC= 47835.3845131537
AIHalfLife= 15.8357479125727
EAppRate= 7.77609983072034
FoliarEnabled= true
FoliarAppDate= 06/07/1989
FoliarForageBegin= 06/05/1989
FoliarForageEnd= 06/28/1989
AIContactFactor= 2.3433857239224
CL4Pollen= 2.90711089782417
CL4Nectar= 45.2524446649477
CL5Pollen= 1.56758547294885
CL5Nectar= 49.203513271641
CLDPollen= 1.53573996992782
CLDNectar= 118.880542321131
CA13Pollen= 5.95641326932236
CA13Nectar= 75.2656735852361
CA410Pollen= 5.24751755555626
CA410Nectar= 25.7343652285635
CA1120Pollen= 1.7295127606485
CA1120Nectar= 25.3057829849422
IPollenTrips= 7.3471796605736
INectarTrips= 6.66560394922271
IPollenLoad= 7.0128828054294
INectarLoad= 9.65515199117362
ESoilP= 1.20060827466659
ESoilFoc= 0.0054597630710341
