ICQueenStrength= 4.83241101400927
RQWkrDrnRatio= 4.406947969459
ICDroneMiteSurvivorship= 37.9138801014051
ICWorkerMiteSurvivorship= 78.2943903468549
ICForagerLifespan= 15.8785892361775
ImmType= Polynomial
RQQueenStrength= 1.05098443012685
RQEnableReQueen= true
AIAdultSlope= 5.4248283226043
AIAdultLD50= 26.2361855626544
AIAdultSlopeContact= 1.28127164416946
AIAdultLD50Contact= 42.687158913444
AILarvaSlope= 7.59538791701198
AILarvaLD50= 50.399908337048
AIKOW= 74547.8156794866
AIKOC= 88763.9902270797
AIHalfLife= 22.7504091691924
EAppRate= 3.6278948611638
FoliarEnabled= true
FoliarAppDate= 06/07/1989
FoliarForageBegin= 06/05/1989
FoliarForageEnd= 06/28/1989
AIContactFactor= 1.43283426630311
CL4Pollen= 0.475281824357808
CL4Nectar= 14.0727380290627
CL5Pollen= 4.6025814008899
CL5Nectar= 116.008946264628
CLDPollen= 5.79071464017034
CLDNectar= 128.745627799071
CA13Pollen= 7.09489665720612
CA13Nectar= 81.8308125808835
CA410Pollen= 4.44426881752443
CA410Nectar= 82.1556151797995
CA1120Pollen= 0.743519315728918
CA1120Nectar= 36.0631603002548
IPollenTrips= 8.23120905319229
INectarTrips= 9.29900363320485
IPollenLoad= 3.324183835648
INectarLoad= 5.25899312458932
ESoilP= 1.87505396292545
ESoilFoc= 0.0186773706038948
