ICQueenStrength= 1.04681436903775
RQWkrDrnRatio= 1.54875781200826
ICDroneMiteSurvivorship= 78.2093100715429
ICWorkerMiteSurvivorship= 6.97403268422931
ICForagerLifespan= 6.87389175221324
ImmType= Sine
RQQueenStrength= 1.33456212561578
RQEnableReQueen=true
AIAdultSlope= 3.12082977406681
AIAdultLD50= 0.417316352790454
AIAdultSlopeContact= 8.50794331100769
AIAdultLD50Contact= 39.4925129373486
AILarvaSlope= 8.61574268713593
AILarvaLD50= 54.245403237785
AIKOW= 56055.2105945873
AIKOC= 23052.3862661547
AIHalfLife= 30.3136863554129
EAppRate= 8.9101119921892
FoliarEnabled=true
FoliarAppDate= 07/01/1989
FoliarForageBegin= 07/01/1989
FoliarForageEnd= 07/14/1989
AIContactFactor= 0.660141428210772
CL4Pollen= 3.73009178135544
CL4Nectar= 46.5392981423065
CL5Pollen= 2.02109470171854
CL5Nectar= 56.3194242306054
CLDPollen= 4.60774995619431
CLDNectar= 8.56337200384587
CA13Pollen= 3.64339295383543
CA13Nectar= 87.5310134328902
CA410Pollen= 4.66178653931711
CA410Nectar= 90.6748122069985
CA1120Pollen= 0.351010422455147
CA1120Nectar= 32.9669720679522
IPollenTrips= 6.25616501318291
INectarTrips= 7.24331482313573
IPollenLoad= 1.21841303771362
INectarLoad= 8.00792562775314
