ICQueenStrength= 3.42626264598221
RQWkrDrnRatio= 1.1724764611572
ICDroneMiteSurvivorship= 47.6814295398071
ICWorkerMiteSurvivorship= 34.9805227247998
ICForagerLifespan= 4.33124950248748
ImmType= Polynomial
RQQueenStrength= 2.86254290770739
RQEnableReQueen=true
AIAdultSlope= 8.61679630167782
AIAdultLD50= 0.514511360106058
AIAdultSlopeContact= 6.73969896044582
AIAdultLD50Contact= 61.597805209039
AILarvaSlope= 3.63219446875155
AILarvaLD50= 82.9260448059358
AIKOW= 96326.5018253018
AIKOC= 39462.0535920842
AIHalfLife= 23.5225379843498
EAppRate= 6.47994661531807
FoliarEnabled=true
FoliarAppDate= 07/01/1989
FoliarForageBegin= 07/01/1989
FoliarForageEnd= 07/14/1989
AIContactFactor= 0.845042530680075
CL4Pollen= 2.86750197224319
CL4Nectar= 76.0558832669631
CL5Pollen= 4.57760753715411
CL5Nectar= 3.21871357737109
CLDPollen= 2.70392482448369
CLDNectar= 94.3965923041105
CA13Pollen= 5.16447175974026
CA13Nectar= 64.0168191306293
CA410Pollen= 8.99463300115895
CA410Nectar= 181.266846857034
CA1120Pollen= 2.71856553526595
CA1120Nectar= 58.9163694903255
IPollenTrips= 8.90749170677736
INectarTrips= 7.78146286262199
IPollenLoad= 8.08914192253724
INectarLoad= 9.76830392377451
