ICQueenStrength= 4.84589116321877
RQWkrDrnRatio= 3.72109659109265
ICDroneMiteSurvivorship= 31.3927367096767
ICWorkerMiteSurvivorship= 51.9821425434202
ICForagerLifespan= 9.29142854269594
ImmType= Polynomial
RQQueenStrength= 3.98854785505682
RQEnableReQueen= true
AIAdultSlope= 6.94630089215934
AIAdultLD50= 57.8882103566267
AIAdultSlopeContact= 2.64105113456026
AIAdultLD50Contact= 86.2417402255039
AILarvaSlope= 6.9492917638272
AILarvaLD50= 82.6597772688472
AIKOW= 29951.0455890093
AIKOC= 65186.4885920384
AIHalfLife= 32.9007000087528
EAppRate= 6.50513027683715
FoliarEnabled= true
FoliarAppDate= 06/07/1989
FoliarForageBegin= 06/05/1989
FoliarForageEnd= 06/28/1989
AIContactFactor= 1.00387479221448
CL4Pollen= 3.70804259739816
CL4Nectar= 67.4056386575103
CL5Pollen= 3.09024710487574
CL5Nectar= 52.5891150115058
CLDPollen= 3.89245393546298
CLDNectar= 8.13866914249957
CA13Pollen= 6.68325051134452
CA13Nectar= 75.6419050507247
CA410Pollen= 6.01548490908463
CA410Nectar= 193.108486845158
CA1120Pollen= 1.90582318673842
CA1120Nectar= 78.794632088393
IPollenTrips= 14.1343280533329
INectarTrips= 5.29695973033085
IPollenLoad= 8.15330051584169
INectarLoad= 8.57415860984474
ESoilP= 1.62383228214458
ESoilFoc= 0.00306880728481337
