ICQueenStrength= 5.52313006739132
RQWkrDrnRatio= 1.87039929442108
ICDroneMiteSurvivorship= 93.0725786602125
ICWorkerMiteSurvivorship= 48.5284904483706
ICForagerLifespan= 12.6765430439264
ImmType= Polynomial
RQQueenStrength= 2.67462554411031
RQEnableReQueen= true
AIAdultSlope= 3.6744743604213
AIAdultLD50= 55.6029338293106
AIAdultSlopeContact= 3.48783977562562
AIAdultLD50Contact= 91.7133866834666
AILarvaSlope= 7.24421507865191
AILarvaLD50= 65.7792221489164
AIKOW= 88600.8022809212
AIKOC= 50626.6660033152
AIHalfLife= 13.0636694692075
EAppRate= 2.92299761515227
FoliarEnabled= true
FoliarAppDate= 06/07/1989
FoliarForageBegin= 06/05/1989
FoliarForageEnd= 06/28/1989
AIContactFactor= 2.26314769685268
CL4Pollen= 1.79542653728276
CL4Nectar= 0.530491396784782
CL5Pollen= 0.932758484501392
CL5Nectar= 111.172008735593
CLDPollen= 2.17748141242191
CLDNectar= 29.9031736445613
CA13Pollen= 6.98710142057389
CA13Nectar= 89.9778593331575
CA410Pollen= 7.80268413687591
CA410Nectar= 30.1566089782864
CA1120Pollen= 1.13385603879578
CA1120Nectar= 20.1265420950949
IPollenTrips= 7.6805197657086
INectarTrips= 14.9294995726086
IPollenLoad= 2.29256452992558
INectarLoad= 6.90744705498219
