ICQueenStrength= 5.03954079491086
RQWkrDrnRatio= 3.59261415340006
ICDroneMiteSurvivorship= 74.8464977135882
ICWorkerMiteSurvivorship= 39.4553823163733
ICForagerLifespan= 15.031580044888
ImmType= Cosine
RQQueenStrength= 4.1085007940419
RQEnableReQueen= true
AIAdultSlope= 5.40808488987386
AIAdultLD50= 4.75431129152165
AIAdultSlopeContact= 4.33092447044328
AIAdultLD50Contact= 61.3144566416859
AILarvaSlope= 3.99339617975056
AILarvaLD50= 28.007724107156
AIKOW= 53223.059720021
AIKOC= 73369.0877911653
AIHalfLife= 27.3215560728451
EAppRate= 6.65342361837626
FoliarEnabled= true
FoliarAppDate= 06/07/1989
FoliarForageBegin= 06/05/1989
FoliarForageEnd= 06/28/1989
AIContactFactor= 1.73226803390309
CL4Pollen= 2.42050945200026
CL4Nectar= 33.4408982656896
CL5Pollen= 3.35003787651658
CL5Nectar= 49.8883453896269
CLDPollen= 0.257572220172733
CLDNectar= 23.918746446725
CA13Pollen= 8.00776848411187
CA13Nectar= 88.8655622676015
CA410Pollen= 6.24898371880408
CA410Nectar= 142.622384787537
CA1120Pollen= 0.08801921736449
CA1120Nectar= 31.8751201219857
IPollenTrips= 14.2501920671202
INectarTrips= 14.943567882292
IPollenLoad= 6.72538006678224
INectarLoad= 1.74754394451156
