ICQueenStrength= 5.93128494243138
RQWkrDrnRatio= 1.09796555247158
ICDroneMiteSurvivorship= 98.0740617960691
ICWorkerMiteSurvivorship= 47.7282041218132
ICForagerLifespan= 13.7559403302148
ImmType= Cosine
RQQueenStrength= 2.89993449370377
RQEnableReQueen= true
AIAdultSlope= 6.55217809416354
AIAdultLD50= 99.2661880602357
AIAdultSlopeContact= 9.18810266954824
AIAdultLD50Contact= 24.5631116493801
AILarvaSlope= 8.17071689106524
AILarvaLD50= 97.009068648519
AIKOW= 77652.8723067649
AIKOC= 9925.65150430822
AIHalfLife= 34.028137557162
EAppRate= 3.87918720766669
FoliarEnabled= true
FoliarAppDate= 06/07/1989
FoliarForageBegin= 06/05/1989
FoliarForageEnd= 06/28/1989
AIContactFactor= 1.76255408462137
CL4Pollen= 3.72666482813656
CL4Nectar= 41.5988649474457
CL5Pollen= 3.90774968918413
CL5Nectar= 119.740798661951
CLDPollen= 1.93364465190098
CLDNectar= 134.588016523048
CA13Pollen= 7.68583876388147
CA13Nectar= 84.2529309540987
CA410Pollen= 8.76437236352358
CA410Nectar= 142.745959814638
CA1120Pollen= 1.63429953111336
CA1120Nectar= 28.101286701858
IPollenTrips= 11.6208638669923
INectarTrips= 11.0875871754251
IPollenLoad= 7.9103414947167
INectarLoad= 7.78052982874215
