ICQueenStrength= 2.60907365730964
RQWkrDrnRatio= 1.95179489068687
ICDroneMiteSurvivorship= 63.5383862536401
ICWorkerMiteSurvivorship= 41.9826658442616
ICForagerLifespan= 5.66237453836948
ImmType= Cosine
AIAdultSlope= 3.07507266570814
AIAdultLD50= 0.131754572223872
AIAdultSlopeContact= 3.20460891985567
AIAdultLD50Contact= 0.00689139268361032
AILarvaSlope= 3.03566277823411
AILarvaLD50= 0.0906516337534413
AIKOW= 5.9473856408149
AIKOC= 14.010318381479
AIHalfLife= 1.03934951138217
EAppRate= 3.00075507955626
FoliarEnabled= true
