ICQueenStrength= 5.14923768723384
RQWkrDrnRatio= 3.4255881505087
ICDroneMiteSurvivorship= 0.278205517679453
ICWorkerMiteSurvivorship= 53.567156009376
ICForagerLifespan= 7.63560447003692
ImmType= Tangent
RQQueenStrength= 4.09012797777541
RQEnableReQueen= true
AIAdultSlope= 3.46258123777807
AIAdultLD50= 33.7468447116688
AIAdultSlopeContact= 9.37730174977332
AIAdultLD50Contact= 28.4637445792323
AILarvaSlope= 2.05654571577907
AILarvaLD50= 81.6093552578418
AIKOW= 30884.0462204719
AIKOC= 30620.9942874042
AIHalfLife= 32.750395160215
EAppRate= 9.09617806025548
FoliarEnabled= true
FoliarAppDate= 06/07/1989
FoliarForageBegin= 06/05/1989
FoliarForageEnd= 06/28/1989
AIContactFactor= 0.429918502597138
CL4Pollen= 1.18547623045743
CL4Nectar= 3.85194439440966
CL5Pollen= 1.70735215907916
CL5Nectar= 57.1221241378225
CLDPollen= 2.16811251081526
CLDNectar= 26.5059694997035
CA13Pollen= 6.06319612432271
CA13Nectar= 26.3989299722016
CA410Pollen= 3.17862428931985
CA410Nectar= 165.022696172819
CA1120Pollen= 0.214386616833508
CA1120Nectar= 44.2071646824479
IPollenTrips= 14.6039889822714
INectarTrips= 5.22551720961928
IPollenLoad= 5.51166144199669
INectarLoad= 5.30832058051601
ESoilP= 1.09320213692263
ESoilFoc= 0.0199392835402396
