ICQueenStrength= 4.73624211060815
RQWkrDrnRatio= 1.69887816626579
ICDroneMiteSurvivorship= 78.4570466959849
ICWorkerMiteSurvivorship= 99.0133985877037
ICForagerLifespan= 11.7623899327591
ImmType= Tangent
RQQueenStrength= 1.5320275563281
RQEnableReQueen= true
AIAdultSlope= 6.64505901560187
AIAdultLD50= 0.972364282541908
AIAdultSlopeContact= 9.67331845662557
AIAdultLD50Contact= 24.2689233639978
AILarvaSlope= 6.02277456223965
AILarvaLD50= 36.7741439158556
AIKOW= 37983.300382265
AIKOC= 47245.2360024953
AIHalfLife= 14.776367263752
EAppRate= 0.901559712635819
FoliarEnabled= true
FoliarAppDate= 09/01/1989
FoliarForageBegin= 09/01/1989
FoliarForageEnd= 09/08/1989
AIContactFactor= 1.86183616353665
CL4Pollen= 3.18317330349237
CL4Nectar= 60.2401637239382
CL5Pollen= 4.10068643605337
CL5Nectar= 140.891473274678
CLDPollen= 5.76248598564416
CLDNectar= 17.4078184529208
CA13Pollen= 3.08153502997011
CA13Nectar= 56.5903532877564
CA410Pollen= 9.15430570626631
CA410Nectar= 109.551363955252
CA1120Pollen= 1.78276470978744
CA1120Nectar= 39.717713445425
IPollenTrips= 10.1799014722928
INectarTrips= 8.73524806229398
IPollenLoad= 1.39394576428458
INectarLoad= 0.53433500463143
