ICQueenStrength= 1.61015773098916
RQWkrDrnRatio= 4.46980584971607
ICDroneMiteSurvivorship= 4.84563985373825
ICWorkerMiteSurvivorship= 37.299016606994
ICForagerLifespan= 5.32813933771104
ImmType= Polynomial
RQQueenStrength= 4.97806493914686
RQEnableReQueen= true
AIAdultSlope= 7.0014680325985
AIAdultLD50= 25.3138147479177
AIAdultSlopeContact= 4.24407341727056
AIAdultLD50Contact= 16.9243487314633
AILarvaSlope= 7.69414460659027
AILarvaLD50= 78.6859908697372
AIKOW= 63319.2498363237
AIKOC= 94084.4842866077
AIHalfLife= 28.7632562047802
EAppRate= 5.5394949237674
FoliarEnabled= true
FoliarAppDate= 06/07/1989
FoliarForageBegin= 06/05/1989
FoliarForageEnd= 06/28/1989
AIContactFactor= 0.611990376967005
CL4Pollen= 2.34814749099314
CL4Nectar= 28.9390530902892
CL5Pollen= 0.0701691345311701
CL5Nectar= 60.0413203239441
CLDPollen= 2.8168672719039
CLDNectar= 95.0141170760617
CA13Pollen= 2.75823015375063
CA13Nectar= 35.0962628424168
CA410Pollen= 5.76045739750844
CA410Nectar= 194.067908735014
CA1120Pollen= 0.898584602633491
CA1120Nectar= 51.8456716276705
IPollenTrips= 6.28640286624432
INectarTrips= 12.0098518510349
IPollenLoad= 8.02105134585872
INectarLoad= 6.59274584148079
ESoilP= 1.36323038977571
ESoilFoc= 0.0103061647885479
