ICQueenStrength= 4.12612676620483
RQWkrDrnRatio= 4.80092507787049
ICDroneMiteSurvivorship= 7.55324005149305
ICWorkerMiteSurvivorship= 89.5039326278493
ICForagerLifespan= 13.4065982522443
ImmType= Logarithmic
RQQueenStrength= 1.9106107018888
RQEnableReQueen=true
AIAdultSlope= 1.9146859254688
AIAdultLD50= 0.237101744618267
AIAdultSlopeContact= 2.04485381557606
AIAdultLD50Contact= 30.5709450005149
AILarvaSlope= 1.0446956101805
AILarvaLD50= 91.8879637990114
AIKOW= 21079.1389449162
AIKOC= 62280.4440229186
AIHalfLife= 7.00357872801833
EAppRate= 1.4262388066086
FoliarEnabled=true
FoliarAppDate= 07/01/1989
FoliarForageBegin= 07/01/1989
FoliarForageEnd= 07/14/1989
AIContactFactor= 0.291937800995074
CL4Pollen= 1.13875220529735
CL4Nectar= 87.3722023330629
CL5Pollen= 3.15828884812072
CL5Nectar= 116.713831911329
CLDPollen= 0.152709821239114
CLDNectar= 60.1552992244251
CA13Pollen= 7.0780610752292
CA13Nectar= 71.6821349784732
CA410Pollen= 3.04873657585122
CA410Nectar= 163.853877075016
CA1120Pollen= 2.09805727237836
CA1120Nectar= 37.1755899488926
IPollenTrips= 8.08928799582645
INectarTrips= 8.45464497571811
IPollenLoad= 6.44635284785181
INectarLoad= 1.74022855469957
