ICQueenStrength= 2.19219987420365
RQWkrDrnRatio= 3.56280908919871
ICDroneMiteSurvivorship= 26.3408075319603
ICWorkerMiteSurvivorship= 38.6121725663543
ICForagerLifespan= 11.6320643108338
ImmType= Tangent
RQQueenStrength= 4.69377130526118
RQEnableReQueen= true
AIAdultSlope= 2.32839185558259
AIAdultLD50= 11.5319196165346
AIAdultSlopeContact= 2.65497575560585
AIAdultLD50Contact= 2.80566534647532
AILarvaSlope= 1.66745877638459
AILarvaLD50= 76.0907219503871
AIKOW= 4392.3640305109
AIKOC= 26376.1253917958
AIHalfLife= 5.37335884226486
EAppRate= 1.79971678114007
FoliarEnabled= true
FoliarAppDate= 06/07/1989
FoliarForageBegin= 06/05/1989
FoliarForageEnd= 06/28/1989
AIContactFactor= 0.690058243158273
CL4Pollen= 3.39040439669043
CL4Nectar= 1.2146977474913
CL5Pollen= 5.20339345699176
CL5Nectar= 17.0402904041111
CLDPollen= 0.0928153744898736
CLDNectar= 119.342682743445
CA13Pollen= 7.94244548240676
CA13Nectar= 27.2399034909904
CA410Pollen= 3.61063299558591
CA410Nectar= 158.430583258159
CA1120Pollen= 2.61428512400016
CA1120Nectar= 36.0878578387201
IPollenTrips= 8.42653196305037
INectarTrips= 9.67978260712698
IPollenLoad= 1.97107784682885
INectarLoad= 3.80098535679281
ESoilP= 1.10338040604256
ESoilFoc= 0.00509055775846355
