ICQueenStrength= 4.63050235901028
RQWkrDrnRatio= 2.41902162972838
ICDroneMiteSurvivorship= 59.1930281370878
ICWorkerMiteSurvivorship= 31.4165484858677
ICForagerLifespan= 9.77853765152395
ImmType= Cosine
RQQueenStrength= 5.75525543559343
RQEnableReQueen= true
AIAdultSlope= 8.64012064225972
AIAdultLD50= 72.685211867315
AIAdultSlopeContact= 9.3095433791168
AIAdultLD50Contact= 31.453106923979
AILarvaSlope= 6.02071572653949
AILarvaLD50= 80.0682846385094
AIKOW= 7686.33329971272
AIKOC= 32241.4254857502
AIHalfLife= 29.1631355758058
EAppRate= 1.9720021760196
FoliarEnabled= true
FoliarAppDate= 06/07/1989
FoliarForageBegin= 06/05/1989
FoliarForageEnd= 06/28/1989
AIContactFactor= 1.98603551346343
CL4Pollen= 1.10549332946539
CL4Nectar= 34.7662333166227
CL5Pollen= 3.93434852873906
CL5Nectar= 121.275762096047
CLDPollen= 2.51195069309324
CLDNectar= 41.2417070008814
CA13Pollen= 4.12287959204987
CA13Nectar= 73.6452141404152
CA410Pollen= 4.3624508415116
CA410Nectar= 73.3417560346425
CA1120Pollen= 0.075681280111894
CA1120Nectar= 63.8134382292628
IPollenTrips= 7.85241950303316
INectarTrips= 11.4204600104131
IPollenLoad= 8.71885729720816
INectarLoad= 3.23759831953794
