ICQueenStrength= 5.28147830651142
RQWkrDrnRatio= 1.22281285654753
ICDroneMiteSurvivorship= 40.8377289539203
ICWorkerMiteSurvivorship= 73.1898315250874
ICForagerLifespan= 10.3138246573508
ImmType= Exponential
RQQueenStrength= 3.10508292540908
RQEnableReQueen= true
AIAdultSlope= 6.99918485805392
AIAdultLD50= 93.4654727248978
AIAdultSlopeContact= 2.70683528622612
AIAdultLD50Contact= 43.1380759751105
AILarvaSlope= 6.18226123228669
AILarvaLD50= 67.0732527056639
AIKOW= 4369.41708275739
AIKOC= 97936.3392653037
AIHalfLife= 32.7804943357594
EAppRate= 8.47967055901582
FoliarEnabled= true
FoliarAppDate= 06/07/1989
FoliarForageBegin= 06/05/1989
FoliarForageEnd= 06/28/1989
AIContactFactor= 2.33353485970758
CL4Pollen= 2.16460172086954
CL4Nectar= 82.0228700526059
CL5Pollen= 5.27239120518789
CL5Nectar= 127.723160712048
CLDPollen= 0.69394186232239
CLDNectar= 26.1430996935815
CA13Pollen= 2.86716606542468
CA13Nectar= 20.0874559767544
CA410Pollen= 3.32701489704195
CA410Nectar= 92.4827457219362
CA1120Pollen= 0.123081302270293
CA1120Nectar= 50.3951812908053
IPollenTrips= 11.5729359840043
INectarTrips= 10.7774485740811
IPollenLoad= 5.45431732665747
INectarLoad= 9.81092369183898
