ICQueenStrength= 4.26912782387808
RQWkrDrnRatio= 4.64593063574284
ICDroneMiteSurvivorship= 79.5406558783725
ICWorkerMiteSurvivorship= 17.6832669181749
ICForagerLifespan= 7.98339949455112
ImmType= Tangent
RQQueenStrength= 4.48964024451561
RQEnableReQueen= true
AIAdultSlope= 4.84315786324441
AIAdultLD50= 12.1117117840294
AIAdultSlopeContact= 9.31430963100865
AIAdultLD50Contact= 77.2470638251258
AILarvaSlope= 7.54637772217393
AILarvaLD50= 22.1436452908469
AIKOW= 53952.4519297465
AIKOC= 31349.2074978007
AIHalfLife= 2.40268644569442
EAppRate= 4.47190854806756
FoliarEnabled= true
FoliarAppDate= 06/07/1989
FoliarForageBegin= 06/05/1989
FoliarForageEnd= 06/28/1989
AIContactFactor= 1.49901849395595
CL4Pollen= 2.74862456601113
CL4Nectar= 79.2860720539466
CL5Pollen= 3.58682628208771
CL5Nectar= 8.95719750551507
CLDPollen= 0.2540890770033
CLDNectar= 22.1527426620014
CA13Pollen= 7.87661802563816
CA13Nectar= 94.2493687197566
CA410Pollen= 8.73350182217546
CA410Nectar= 54.9392412696034
CA1120Pollen= 1.48743608174846
CA1120Nectar= 27.748400606215
IPollenTrips= 9.15184093406424
INectarTrips= 7.5585372489877
IPollenLoad= 9.1353229037486
INectarLoad= 9.37701759627089
ESoilP= 1.32563083991408
ESoilFoc= 0.0173669436846394
