ICQueenStrength= 1.08549059159122
RQWkrDrnRatio= 1.09619096759707
ICDroneMiteSurvivorship= 93.2967262109742
ICWorkerMiteSurvivorship= 34.1408339096233
ICForagerLifespan= 9.49418165069073
ImmType= Polynomial
RQQueenStrength= 4.53410872165114
RQEnableReQueen= true
AIAdultSlope= 4.23434603586793
AIAdultLD50= 19.8101031045169
AIAdultSlopeContact= 6.69201109255664
AIAdultLD50Contact= 89.2758703097862
AILarvaSlope= 7.45723450742662
AILarvaLD50= 64.6241536122344
AIKOW= 34565.2131605963
AIKOC= 84735.3461008633
AIHalfLife= 7.0429571082117
EAppRate= 8.8372016367598
FoliarEnabled= true
FoliarAppDate= 06/07/1989
FoliarForageBegin= 06/05/1989
FoliarForageEnd= 06/28/1989
AIContactFactor= 2.03349165831693
CL4Pollen= 0.0857467958703637
CL4Nectar= 10.6640045531094
CL5Pollen= 1.43352727079764
CL5Nectar= 47.0235874992795
CLDPollen= 1.99526117462665
CLDNectar= 125.025215407368
CA13Pollen= 5.95021999003366
CA13Nectar= 50.9212435036898
CA410Pollen= 6.74836073564366
CA410Nectar= 199.918783674948
CA1120Pollen= 1.65854629897512
CA1120Nectar= 79.9955491535366
IPollenTrips= 11.7455064342357
INectarTrips= 8.27082132920623
IPollenLoad= 0.693660022225231
INectarLoad= 2.28799073956907
