ICQueenStrength= 2.93248760770075
RQWkrDrnRatio= 3.32510721031576
ICDroneMiteSurvivorship= 43.4662317624316
ICWorkerMiteSurvivorship= 11.9115850655362
ICForagerLifespan= 4.20862888079137
ImmType= Tangent
RQQueenStrength= 3.70541552687064
RQEnableReQueen= true
AIAdultSlope= 5.92012896202505
AIAdultLD50= 30.3718807024085
AIAdultSlopeContact= 1.76151039334945
AIAdultLD50Contact= 89.2280251154269
AILarvaSlope= 6.48010756447911
AILarvaLD50= 6.02782674005022
AIKOW= 60797.2632249466
AIKOC= 14522.3241706693
AIHalfLife= 15.4761305282125
EAppRate= 4.79261865535169
FoliarEnabled= true
FoliarAppDate= 06/07/1989
FoliarForageBegin= 06/05/1989
FoliarForageEnd= 06/28/1989
AIContactFactor= 2.17621564350557
CL4Pollen= 3.98644109070301
CL4Nectar= 88.6087142629549
CL5Pollen= 0.142073455732316
CL5Nectar= 36.5239124628715
CLDPollen= 4.77817268902436
CLDNectar= 44.0722899162211
CA13Pollen= 2.46737081864849
CA13Nectar= 97.1448803879321
CA410Pollen= 4.18589514913037
CA410Nectar= 44.3810628959909
CA1120Pollen= 2.62134456681088
CA1120Nectar= 53.5198236070573
IPollenTrips= 14.1943732392974
INectarTrips= 7.28712821146473
IPollenLoad= 7.54175798501819
INectarLoad= 2.06955831963569
ESoilP= 1.54143074457534
ESoilFoc= 0.00242820094618946
