ICQueenStrength= 4.96419322350994
RQWkrDrnRatio= 3.22850457858294
ICDroneMiteSurvivorship= 73.8806833513081
ICWorkerMiteSurvivorship= 28.2454025465995
ICForagerLifespan= 5.57006346806884
ImmType= Logarithmic
RQQueenStrength= 3.08424400654621
RQEnableReQueen= true
AIAdultSlope= 4.37364777363837
AIAdultLD50= 0.12416392931086
AIAdultSlopeContact= 7.85722157778218
AIAdultLD50Contact= 17.2624884603075
AILarvaSlope= 3.26989647373557
AILarvaLD50= 23.0068435808544
AIKOW= 25230.133722866
AIKOC= 96072.4566104801
AIHalfLife= 0.124068482755683
EAppRate= 0.880124217029195
FoliarEnabled= true
FoliarAppDate= 09/01/1989
FoliarForageBegin= 09/01/1989
FoliarForageEnd= 09/08/1989
AIContactFactor= 2.11106271187775
CL4Pollen= 1.97368080262095
CL4Nectar= 41.1650657653809
CL5Pollen= 3.45984101481736
CL5Nectar= 121.436912252102
CLDPollen= 1.90623646136373
CLDNectar= 87.9994229064323
CA13Pollen= 3.81641178280115
CA13Nectar= 94.7560238093138
CA410Pollen= 9.3953470982844
CA410Nectar= 194.773620055057
CA1120Pollen= 2.82995925704017
CA1120Nectar= 43.3397428505123
IPollenTrips= 5.37686659954488
INectarTrips= 5.83874549018219
IPollenLoad= 7.72306186147034
INectarLoad= 3.30183989135548
