ICQueenStrength= 1.05961893964559
RQWkrDrnRatio= 2.96684189233929
ICDroneMiteSurvivorship= 80.0381128210574
ICWorkerMiteSurvivorship= 1.27509811427444
ICForagerLifespan= 6.02846316155046
ImmType= Sine
RQQueenStrength= 1.21481070388108
RQEnableReQueen=true
AIAdultSlope= 5.86223102733493
AIAdultLD50= 0.678187192660291
AIAdultSlopeContact= 5.12334648240358
AIAdultLD50Contact= 23.6482140182124
AILarvaSlope= 1.74311288073659
AILarvaLD50= 11.3163134486936
AIKOW= 63434.2363814072
AIKOC= 87918.2064473329
AIHalfLife= 32.8252036482561
EAppRate= 3.32729062612005
FoliarEnabled=true
FoliarAppDate= 07/01/1989
FoliarForageBegin= 07/01/1989
FoliarForageEnd= 07/14/1989
AIContactFactor= 1.10815900600515
CL4Pollen= 1.71397413499653
CL4Nectar= 3.65590502042323
CL5Pollen= 4.1203406075947
CL5Nectar= 134.92974556284
CLDPollen= 2.81949369236827
CLDNectar= 24.0710144047625
CA13Pollen= 5.08947127247229
CA13Nectar= 85.2804948762059
CA410Pollen= 8.353679471137
CA410Nectar= 97.4084557360038
CA1120Pollen= 1.47497506462969
CA1120Nectar= 70.8760377019644
IPollenTrips= 8.69979031151161
INectarTrips= 5.33408295828849
IPollenLoad= 5.66102306358516
INectarLoad= 2.413349756971
