ICQueenStrength= 3.87492760806344
RQWkrDrnRatio= 4.35183725506067
ICDroneMiteSurvivorship= 82.016533985734
ICWorkerMiteSurvivorship= 38.3886496303603
ICForagerLifespan= 7.90477265510708
ImmType= Exponential
RQQueenStrength= 1.82395650679246
RQEnableReQueen= true
AIAdultSlope= 7.19127020984888
AIAdultLD50= 95.0374626651143
AIAdultSlopeContact= 4.68494737334549
AIAdultLD50Contact= 40.5403005890972
AILarvaSlope= 8.73918010666966
AILarvaLD50= 87.7892378842188
AIKOW= 84211.3949547417
AIKOC= 99049.0889041054
AIHalfLife= 26.2093373642769
EAppRate= 8.55725305319461
FoliarEnabled= true
FoliarAppDate= 06/07/1989
FoliarForageBegin= 06/05/1989
FoliarForageEnd= 06/28/1989
AIContactFactor= 0.962507848730311
CL4Pollen= 2.15790024027228
CL4Nectar= 88.1913975114003
CL5Pollen= 1.11196845117956
CL5Nectar= 57.2344101383351
CLDPollen= 5.19032103521749
CLDNectar= 48.160533956252
CA13Pollen= 4.45458879582584
CA13Nectar= 94.6901376359165
CA410Pollen= 8.05661201023031
CA410Nectar= 125.129101076163
CA1120Pollen= 2.58820676710457
CA1120Nectar= 84.5557652227581
IPollenTrips= 7.37098503159359
INectarTrips= 14.9649155768566
IPollenLoad= 8.61454470315948
INectarLoad= 2.70337166963145
ESoilP= 1.85928184050135
ESoilFoc= 0.0125720267011784
