ICQueenStrength= 1.77535744290799
RQWkrDrnRatio= 1.08470328897238
ICDroneMiteSurvivorship= 96.6518364381045
ICWorkerMiteSurvivorship= 12.8343588439748
ICForagerLifespan= 14.4479341935366
ImmType= Logarithmic
RQQueenStrength= 3.71069471607916
RQEnableReQueen= true
AIAdultSlope= 4.01403777860105
AIAdultLD50= 97.2485121750934
AIAdultSlopeContact= 7.06919253594242
AIAdultLD50Contact= 66.2023823734233
AILarvaSlope= 8.7803749628365
AILarvaLD50= 98.2010961424338
AIKOW= 25449.9354211176
AIKOC= 79076.0575992684
AIHalfLife= 28.7306299168384
EAppRate= 5.538139011794
FoliarEnabled= true
FoliarAppDate= 06/07/1989
FoliarForageBegin= 06/05/1989
FoliarForageEnd= 06/28/1989
AIContactFactor= 0.624767043059692
CL4Pollen= 1.09141805116087
CL4Nectar= 42.1891423640773
CL5Pollen= 4.88084629224613
CL5Nectar= 5.70896757999435
CLDPollen= 2.64643817720935
CLDNectar= 144.462123233825
CA13Pollen= 5.79625584632158
CA13Nectar= 39.9792453274131
CA410Pollen= 5.18110344298184
CA410Nectar= 51.5423310920596
CA1120Pollen= 0.531480599194765
CA1120Nectar= 76.352872569114
IPollenTrips= 7.79925661161542
INectarTrips= 14.274725294672
IPollenLoad= 2.16197980102152
INectarLoad= 1.9333247281611
ESoilP= 1.55735009815544
ESoilFoc= 0.0157880079329479
