ICQueenStrength= 5.39233579440042
RQWkrDrnRatio= 1.07646465487778
ICDroneMiteSurvivorship= 25.0085387844592
ICWorkerMiteSurvivorship= 69.6573986439034
ICForagerLifespan= 13.5819772239774
ImmType= Sine
AIAdultSlope= 1.05044601286529
AIAdultLD50= 0.18863946092315
AIAdultSlopeContact= 1.25875817046734
AIAdultLD50Contact= 0.0338389434269629
AILarvaSlope= 0.0782722358591855
AILarvaLD50= 0.73269127747044
AIKOW= 3.8467107526958
AIKOC= 22.064186593052
AIHalfLife= 0.962255314225331
EAppRate= 1.75929501419887
FoliarEnabled= true
