ICQueenStrength= 3.80830124765635
RQWkrDrnRatio= 2.58298917394131
ICDroneMiteSurvivorship= 33.3807154092938
ICWorkerMiteSurvivorship= 5.10763889178634
ICForagerLifespan= 6.11557503510267
ImmType= Cosine
RQQueenStrength= 4.25276224780828
RQEnableReQueen=true
AIAdultSlope= 2.95652826689184
AIAdultLD50= 0.737800096924417
AIAdultSlopeContact= 3.44510330748744
AIAdultLD50Contact= 83.3067512551192
AILarvaSlope= 6.50696689076722
AILarvaLD50= 99.6766028203866
AIKOW= 58240.5356773071
AIKOC= 27285.6092524093
AIHalfLife= 11.4823396227555
EAppRate= 6.46950227880711
FoliarEnabled=true
FoliarAppDate= 07/01/1989
FoliarForageBegin= 07/01/1989
FoliarForageEnd= 07/14/1989
AIContactFactor= 1.66844367621001
CL4Pollen= 1.68332829605788
CL4Nectar= 63.0934085696936
CL5Pollen= 0.0913796117529273
CL5Nectar= 92.4970771302469
CLDPollen= 1.09160845493898
CLDNectar= 136.306212376803
CA13Pollen= 5.37150557832792
CA13Nectar= 95.1461702212691
CA410Pollen= 8.59843514163513
CA410Nectar= 150.320542589761
CA1120Pollen= 2.05094213224947
CA1120Nectar= 94.8678277246654
IPollenTrips= 7.98399340361357
INectarTrips= 14.3082417803816
IPollenLoad= 8.55600149137899
INectarLoad= 1.91877926699817
