ICQueenStrength= 2.88278202712536
RQWkrDrnRatio= 4.53313861228526
ICDroneMiteSurvivorship= 39.4635262200609
ICWorkerMiteSurvivorship= 80.7272427016869
ICForagerLifespan= 7.21796304639429
ImmType= Tangent
RQQueenStrength= 3.42535317223519
RQEnableReQueen=true
AIAdultSlope= 8.43005576729774
AIAdultLD50= 0.254792421828723
AIAdultSlopeContact= 4.50551898544654
AIAdultLD50Contact= 34.8721813518749
AILarvaSlope= 2.06473194435239
AILarvaLD50= 54.2797755422827
AIKOW= 64141.6683329823
AIKOC= 82462.523862812
AIHalfLife= 24.642884741351
EAppRate= 7.73766376152448
FoliarEnabled=true
FoliarAppDate= 07/01/1989
FoliarForageBegin= 07/01/1989
FoliarForageEnd= 07/14/1989
AIContactFactor= 0.761540595600381
CL4Pollen= 0.581366532482207
CL4Nectar= 1.32547719404101
CL5Pollen= 5.05899839429185
CL5Nectar= 10.3308451361954
CLDPollen= 0.913692332804203
CLDNectar= 9.34950343798846
CA13Pollen= 3.68174516344443
CA13Nectar= 69.7107449918985
CA410Pollen= 3.40729103162885
CA410Nectar= 74.742017542012
CA1120Pollen= 2.38817979278974
CA1120Nectar= 81.7760083824396
IPollenTrips= 12.7029416221194
INectarTrips= 11.0200231731869
IPollenLoad= 7.70645264768973
INectarLoad= 8.66261523449793
