ICQueenStrength= 4.21149336406961
RQWkrDrnRatio= 2.56930085178465
ICDroneMiteSurvivorship= 5.11955674737692
ICWorkerMiteSurvivorship= 51.0081368498504
ICForagerLifespan= 11.4129874240607
ImmType= Cosine
RQQueenStrength= 4.46417817636393
RQEnableReQueen= true
AIAdultSlope= 4.85798268765211
AIAdultLD50= 16.5813311329985
AIAdultSlopeContact= 8.12470658170059
AIAdultLD50Contact= 72.5088022765142
AILarvaSlope= 5.62130906991661
AILarvaLD50= 49.8868042526049
AIKOW= 95550.8685230481
AIKOC= 75458.9609429571
AIHalfLife= 7.71848093955778
EAppRate= 7.57303744943952
FoliarEnabled= true
FoliarAppDate= 06/07/1989
FoliarForageBegin= 06/05/1989
FoliarForageEnd= 06/28/1989
AIContactFactor= 2.29171056808438
CL4Pollen= 1.59164652135223
CL4Nectar= 24.8588239075616
CL5Pollen= 1.38762972503901
CL5Nectar= 121.813247620594
CLDPollen= 1.13856753241271
CLDNectar= 129.66224856209
CA13Pollen= 5.95272573903203
CA13Nectar= 68.0939526297152
CA410Pollen= 8.04864221066236
CA410Nectar= 188.975039809011
CA1120Pollen= 2.10794026544318
CA1120Nectar= 51.0552585870028
IPollenTrips= 6.54418777674437
INectarTrips= 12.4397472781129
IPollenLoad= 9.30383143713698
INectarLoad= 0.478672157041728
