ICQueenStrength= 3.13577866787091
RQWkrDrnRatio= 1.04085225053132
ICDroneMiteSurvivorship= 50.2851918339729
ICWorkerMiteSurvivorship= 10.6756404042244
ICForagerLifespan= 6.56510174367577
ImmType= Polynomial
RQQueenStrength= 3.78113610227592
RQEnableReQueen= true
AIAdultSlope= 8.82979110814631
AIAdultLD50= 18.7348998720704
AIAdultSlopeContact= 9.33966669021174
AIAdultLD50Contact= 4.37969260429963
AILarvaSlope= 6.67536045983434
AILarvaLD50= 61.1038434537847
AIKOW= 59999.9533220872
AIKOC= 99935.9926323227
AIHalfLife= 28.9861742374487
EAppRate= 1.15742743150867
FoliarEnabled= true
FoliarAppDate= 06/07/1989
FoliarForageBegin= 06/05/1989
FoliarForageEnd= 06/28/1989
AIContactFactor= 1.95827867899556
CL4Pollen= 3.74674488976598
CL4Nectar= 99.231115472503
CL5Pollen= 3.99378734920174
CL5Nectar= 37.5003330758773
CLDPollen= 5.48797867773101
CLDNectar= 59.9918027292006
CA13Pollen= 2.70169956451282
CA13Nectar= 79.4843890704215
CA410Pollen= 9.18420574304182
CA410Nectar= 121.974571147002
CA1120Pollen= 0.547900571487844
CA1120Nectar= 25.0755670107901
IPollenTrips= 8.46227845177054
INectarTrips= 12.1515618171543
IPollenLoad= 3.1090322509408
INectarLoad= 0.617718442808837
