ICQueenStrength= 4.50092242471874
RQWkrDrnRatio= 1.53215034957975
ICDroneMiteSurvivorship= 90.0804019998759
ICWorkerMiteSurvivorship= 5.00314061064273
ICForagerLifespan= 14.306938319467
ImmType= Exponential
RQQueenStrength= 3.69459685590118
RQEnableReQueen=true
AIAdultSlope= 6.51662514731288
AIAdultLD50= 0.713808612679597
AIAdultSlopeContact= 1.46084621036425
AIAdultLD50Contact= 82.4871722556991
AILarvaSlope= 8.13860099576414
AILarvaLD50= 97.5278457345625
AIKOW= 90823.4392621795
AIKOC= 93168.4948536209
AIHalfLife= 27.3498427179176
EAppRate= 8.28085067050043
FoliarEnabled=true
FoliarAppDate= 07/01/1989
FoliarForageBegin= 07/01/1989
FoliarForageEnd= 07/14/1989
AIContactFactor= 2.37798300164286
CL4Pollen= 1.98206084500998
CL4Nectar= 33.464779262431
CL5Pollen= 0.454415978863835
CL5Nectar= 100.076217809692
CLDPollen= 1.22572568664327
CLDNectar= 114.173475885764
CA13Pollen= 5.48757109912112
CA13Nectar= 34.2147385142744
CA410Pollen= 8.91302450359799
CA410Nectar= 108.299623569474
CA1120Pollen= 2.75281399930827
CA1120Nectar= 60.7388892583549
IPollenTrips= 7.84812880214304
INectarTrips= 7.37667855340987
IPollenLoad= 7.56437146337703
INectarLoad= 8.19645437179133
