ICQueenStrength= 3.00040772464126
RQWkrDrnRatio= 3.04372504074126
ICDroneMiteSurvivorship= 53.6599024897441
ICWorkerMiteSurvivorship= 83.3722330629826
ICForagerLifespan= 15.9138130107895
ImmType= Exponential
RQQueenStrength= 1.61207965295762
RQEnableReQueen=true
AIAdultSlope= 6.955461287871
AIAdultLD50= 0.737707145023393
AIAdultSlopeContact= 9.31957632862031
AIAdultLD50Contact= 15.8410679629897
AILarvaSlope= 7.57576159387827
AILarvaLD50= 24.0147972414838
AIKOW= 66163.4870415258
AIKOC= 75471.7431243383
AIHalfLife= 22.9252667731605
EAppRate= 4.88461141763092
FoliarEnabled=true
FoliarAppDate= 07/01/1989
FoliarForageBegin= 07/01/1989
FoliarForageEnd= 07/14/1989
AIContactFactor= 1.71716171717271
CL4Pollen= 1.39567764475942
CL4Nectar= 88.1054195109755
CL5Pollen= 3.33825830183923
CL5Nectar= 109.593441942707
CLDPollen= 5.95075980573893
CLDNectar= 114.656996761914
CA13Pollen= 2.57060634046793
CA13Nectar= 23.4865309298038
CA410Pollen= 9.28816778585315
CA410Nectar= 20.080709932372
CA1120Pollen= 2.71183144440874
CA1120Nectar= 69.946265257895
IPollenTrips= 10.6524310354143
INectarTrips= 10.7199201639742
IPollenLoad= 6.73095689387992
INectarLoad= 1.02334040217102
