ICQueenStrength= 1.82821278250776
RQWkrDrnRatio= 2.06078370381147
ICDroneMiteSurvivorship= 69.730572309345
ICWorkerMiteSurvivorship= 24.4224793510512
ICForagerLifespan= 13.3945666979998
ImmType= Cosine
RQQueenStrength= 4.19085248396732
RQEnableReQueen= true
AIAdultSlope= 8.00067318789661
AIAdultLD50= 44.390995500712
AIAdultSlopeContact= 3.80079363915138
AIAdultLD50Contact= 25.8914030091451
AILarvaSlope= 2.04476772993803
AILarvaLD50= 91.8835873717335
AIKOW= 46519.3575410553
AIKOC= 76873.6388952422
AIHalfLife= 34.5455732037779
EAppRate= 7.57761223280686
FoliarEnabled= true
FoliarAppDate= 06/07/1989
FoliarForageBegin= 06/05/1989
FoliarForageEnd= 06/28/1989
AIContactFactor= 1.75664245378226
CL4Pollen= 0.44814445823431
CL4Nectar= 93.1018215604126
CL5Pollen= 1.17716515995562
CL5Nectar= 87.4964072951116
CLDPollen= 5.00895032007247
CLDNectar= 109.361238079146
CA13Pollen= 5.24981409059837
CA13Nectar= 22.1010798215866
CA410Pollen= 3.42509486270137
CA410Nectar= 59.302591169253
CA1120Pollen= 0.824408329557627
CA1120Nectar= 95.2825218811631
IPollenTrips= 12.3361581377685
INectarTrips= 7.43769095977768
IPollenLoad= 7.98282427014783
INectarLoad= 3.57693324098364
ESoilP= 1.59645544807427
ESoilFoc= 0.0132521713676397
