ICQueenStrength= 3.29929458815604
RQWkrDrnRatio= 2.33728741761297
ICDroneMiteSurvivorship= 60.7061686227098
ICWorkerMiteSurvivorship= 7.07327253185213
ICForagerLifespan= 8.93169092107564
ImmType= Sine
RQQueenStrength= 2.68088117614388
RQEnableReQueen= true
AIAdultSlope= 1.32296268083155
AIAdultLD50= 9.49118814029335
AIAdultSlopeContact= 4.27371643902734
AIAdultLD50Contact= 92.9144310592469
AILarvaSlope= 5.17077672481537
AILarvaLD50= 58.7733933206138
AIKOW= 19584.2973278567
AIKOC= 98933.9655233291
AIHalfLife= 16.3208099589217
EAppRate= 8.90379459916637
FoliarEnabled= true
FoliarAppDate= 06/07/1989
FoliarForageBegin= 06/05/1989
FoliarForageEnd= 06/28/1989
AIContactFactor= 1.58388927214779
CL4Pollen= 3.85231406241655
CL4Nectar= 89.8566402029246
CL5Pollen= 0.496101904660463
CL5Nectar= 90.7764399424195
CLDPollen= 1.3865928654559
CLDNectar= 74.7713819146156
CA13Pollen= 8.00621614307165
CA13Nectar= 32.2403049841523
CA410Pollen= 4.26757843359374
CA410Nectar= 160.402925917879
CA1120Pollen= 1.60821911366656
CA1120Nectar= 53.8059017248452
IPollenTrips= 11.8327804957516
INectarTrips= 6.01102028973401
IPollenLoad= 0.817360568325967
INectarLoad= 2.98977734521031
