ICQueenStrength= 3.56286308541894
RQWkrDrnRatio= 1.54206929635257
ICDroneMiteSurvivorship= 86.8720898870379
ICWorkerMiteSurvivorship= 80.2985099377111
ICForagerLifespan= 15.3848601030186
ImmType= Exponential
RQQueenStrength= 1.9668320864439
RQEnableReQueen=true
AIAdultSlope= 5.97922141104937
AIAdultLD50= 0.865511574454373
AIAdultSlopeContact= 4.84495606087148
AIAdultLD50Contact= 82.4531433962493
AILarvaSlope= 4.73856445588171
AILarvaLD50= 14.4729611685222
AIKOW= 92453.9449254531
AIKOC= 31553.230200842
AIHalfLife= 28.8381776331691
EAppRate= 3.28662594793504
FoliarEnabled=true
FoliarAppDate= 07/01/1989
FoliarForageBegin= 07/01/1989
FoliarForageEnd= 07/14/1989
AIContactFactor= 1.77634238300379
CL4Pollen= 1.61613532155752
CL4Nectar= 73.3832078753039
CL5Pollen= 5.03363408334553
CL5Nectar= 29.6830322477035
CLDPollen= 4.22549418965355
CLDNectar= 79.5074425055645
CA13Pollen= 7.81580290086567
CA13Nectar= 48.9382676966488
CA410Pollen= 8.3924724934157
CA410Nectar= 188.477747696452
CA1120Pollen= 2.68226243276149
CA1120Nectar= 68.9619364030659
IPollenTrips= 13.717818998266
INectarTrips= 8.52921912912279
IPollenLoad= 1.36293786810711
INectarLoad= 1.32595989853144
