ICQueenStrength= 2.49319108575583
RQWkrDrnRatio= 4.91883329674602
ICDroneMiteSurvivorship= 98.5191800165921
ICWorkerMiteSurvivorship= 17.2970548504964
ICForagerLifespan= 14.581933950074
ImmType= Exponential
RQQueenStrength= 2.08902830048464
RQEnableReQueen= true
AIAdultSlope= 1.81496779248118
AIAdultLD50= 71.534986322572
AIAdultSlopeContact= 8.28874752833508
AIAdultLD50Contact= 60.830155678286
AILarvaSlope= 2.69442285597324
AILarvaLD50= 11.5213618303125
AIKOW= 5210.63790929622
AIKOC= 14144.8648150202
AIHalfLife= 22.4032939051045
EAppRate= 3.52244651091192
FoliarEnabled= true
FoliarAppDate= 06/07/1989
FoliarForageBegin= 06/05/1989
FoliarForageEnd= 06/28/1989
AIContactFactor= 1.23210602334701
CL4Pollen= 0.589628006331623
CL4Nectar= 74.8469746205956
CL5Pollen= 1.91967882122844
CL5Nectar= 116.450148483273
CLDPollen= 0.309347898233682
CLDNectar= 56.5367008326575
CA13Pollen= 5.16754163177684
CA13Nectar= 85.8991252630949
CA410Pollen= 8.31876120278612
CA410Nectar= 60.4440179141238
CA1120Pollen= 1.45916298427619
CA1120Nectar= 83.7637121416628
IPollenTrips= 14.4635170930997
INectarTrips= 14.1671320144087
IPollenLoad= 0.930930215399712
INectarLoad= 4.2939624376595
