ICQueenStrength= 4.8918554096017
RQWkrDrnRatio= 1.61517729517072
ICDroneMiteSurvivorship= 64.9530998198316
ICWorkerMiteSurvivorship= 80.3701787488535
ICForagerLifespan= 4.31790657434613
ImmType= Exponential
RQQueenStrength= 3.59346266509965
RQEnableReQueen= true
AIAdultSlope= 2.58770444616675
AIAdultLD50= 61.2958539852493
AIAdultSlopeContact= 3.35299668158405
AIAdultLD50Contact= 14.6567927905112
AILarvaSlope= 4.27939177118242
AILarvaLD50= 92.5814410037987
AIKOW= 18949.8318617199
AIKOC= 62714.2099497148
AIHalfLife= 25.2022703367518
EAppRate= 4.62916704730294
FoliarEnabled= true
FoliarAppDate= 06/07/1989
FoliarForageBegin= 06/05/1989
FoliarForageEnd= 06/28/1989
AIContactFactor= 0.529884879998863
CL4Pollen= 1.52219782304019
CL4Nectar= 23.9595051389188
CL5Pollen= 4.34199608350173
CL5Nectar= 19.1172536462545
CLDPollen= 4.1394324330613
CLDNectar= 96.3052720762789
CA13Pollen= 3.65927668130025
CA13Nectar= 26.3304669037461
CA410Pollen= 4.61941907498985
CA410Nectar= 20.436224793084
CA1120Pollen= 2.62937490013428
CA1120Nectar= 95.8321996033192
IPollenTrips= 8.67725791642442
INectarTrips= 5.978543094825
IPollenLoad= 0.885822903364897
INectarLoad= 7.87297659786418
ESoilP= 1.66098949545994
ESoilFoc= 0.0151292368853465
