ICQueenStrength= 2.0998244874645
RQWkrDrnRatio= 2.20356407575309
ICDroneMiteSurvivorship= 81.821447215043
ICWorkerMiteSurvivorship= 63.8496999163181
ICForagerLifespan= 5.49043106287718
ImmType= Logarithmic
RQQueenStrength= 4.9716111891903
RQEnableReQueen= true
AIAdultSlope= 4.8500832170248
AIAdultLD50= 72.5694758453926
AIAdultSlopeContact= 9.81166657758877
AIAdultLD50Contact= 78.0966387716143
AILarvaSlope= 6.57966292649508
AILarvaLD50= 54.389527154733
AIKOW= 55602.2168297098
AIKOC= 51928.1145866038
AIHalfLife= 4.24084237478673
EAppRate= 8.14717129884614
FoliarEnabled= true
FoliarAppDate= 06/07/1989
FoliarForageBegin= 06/05/1989
FoliarForageEnd= 06/28/1989
AIContactFactor= 0.390678856386803
CL4Pollen= 0.258798258379102
CL4Nectar= 33.9535078499466
CL5Pollen= 5.76954128360376
CL5Nectar= 75.4268969991244
CLDPollen= 3.16109933378175
CLDNectar= 7.18289888463914
CA13Pollen= 7.78032707544044
CA13Nectar= 40.5623024515808
CA410Pollen= 6.74414719794877
CA410Nectar= 195.699944659136
CA1120Pollen= 0.466440997319296
CA1120Nectar= 97.6732856594026
IPollenTrips= 7.88363493746147
INectarTrips= 9.40212582470849
IPollenLoad= 7.88679528515786
INectarLoad= 2.83964200643823
