ICQueenStrength= 5.71921149059199
RQWkrDrnRatio= 4.42268089950085
ICDroneMiteSurvivorship= 92.0999516732991
ICWorkerMiteSurvivorship= 75.1504812389612
ICForagerLifespan= 9.78125656489283
ImmType= Polynomial
RQQueenStrength= 2.01544335717335
RQEnableReQueen= true
AIAdultSlope= 1.85903826728463
AIAdultLD50= 73.7143848719688
AIAdultSlopeContact= 9.79024946549907
AIAdultLD50Contact= 29.750725932773
AILarvaSlope= 5.17913373932242
AILarvaLD50= 37.1909975663503
AIKOW= 16836.4503231077
AIKOC= 93157.4314341464
AIHalfLife= 25.473976007523
EAppRate= 1.02068542548013
FoliarEnabled= true
FoliarAppDate= 06/07/1989
FoliarForageBegin= 06/05/1989
FoliarForageEnd= 06/28/1989
AIContactFactor= 0.299016283317469
CL4Pollen= 3.5208924356848
CL4Nectar= 41.2016069050878
CL5Pollen= 2.50006524519995
CL5Nectar= 9.35218571685255
CLDPollen= 3.76289896247908
CLDNectar= 148.392637493089
CA13Pollen= 6.98884310182184
CA13Nectar= 72.3778751678765
CA410Pollen= 5.52794830875937
CA410Nectar= 22.6321231620386
CA1120Pollen= 0.873014558572322
CA1120Nectar= 34.3993248790503
IPollenTrips= 7.2824268694967
INectarTrips= 6.77121786400676
IPollenLoad= 9.04927280265838
INectarLoad= 1.86036902014166
