ICQueenStrength= 2.52791925822385
RQWkrDrnRatio= 4.23919957131147
ICDroneMiteSurvivorship= 43.3897977694869
ICWorkerMiteSurvivorship= 62.8704626346007
ICForagerLifespan= 13.4991957265884
ImmType= Cosine
RQQueenStrength= 2.62688398035243
RQEnableReQueen= true
AIAdultSlope= 3.38704951107502
AIAdultLD50= 21.6181206306792
AIAdultSlopeContact= 8.61410406883806
AIAdultLD50Contact= 22.1707144230115
AILarvaSlope= 7.29638423956931
AILarvaLD50= 2.93393521509785
AIKOW= 96526.4493347795
AIKOC= 79263.487024083
AIHalfLife= 34.839235781529
EAppRate= 7.2664148205223
FoliarEnabled= true
FoliarAppDate= 06/07/1989
FoliarForageBegin= 06/05/1989
FoliarForageEnd= 06/28/1989
AIContactFactor= 0.308403738089837
CL4Pollen= 0.917989920824766
CL4Nectar= 78.525462327525
CL5Pollen= 4.22409157734364
CL5Nectar= 57.1000402676873
CLDPollen= 1.34184504440054
CLDNectar= 84.563344088383
CA13Pollen= 3.96584502309561
CA13Nectar= 71.9492867588997
CA410Pollen= 2.27313599525951
CA410Nectar= 37.7602788852528
CA1120Pollen= 2.31920964480378
CA1120Nectar= 90.6746824644506
IPollenTrips= 13.6640896834433
INectarTrips= 9.20842366060242
IPollenLoad= 5.94491535099223
INectarLoad= 3.15512688132003
ESoilP= 1.9303772514686
ESoilFoc= 0.0154802360425238
