ICQueenStrength= 5.71894108806737
RQWkrDrnRatio= 3.69561148993671
ICDroneMiteSurvivorship= 52.2438461426646
ICWorkerMiteSurvivorship= 66.494254511781
ICForagerLifespan= 11.5925203021616
ImmType= Tangent
RQQueenStrength= 2.19003052939661
RQEnableReQueen= true
AIAdultSlope= 3.39057532697916
AIAdultLD50= 60.3056749504358
AIAdultSlopeContact= 7.71841606264934
AIAdultLD50Contact= 32.3299152397257
AILarvaSlope= 1.63099924661219
AILarvaLD50= 85.2393990543957
AIKOW= 25915.3257634324
AIKOC= 65380.6830763838
AIHalfLife= 20.8426596480887
EAppRate= 7.65835159013909
FoliarEnabled= true
FoliarAppDate= 06/07/1989
FoliarForageBegin= 06/05/1989
FoliarForageEnd= 06/28/1989
AIContactFactor= 1.34962721650023
CL4Pollen= 1.94686566386372
CL4Nectar= 92.9969254648313
CL5Pollen= 0.149930324871093
CL5Nectar= 78.4852390643209
CLDPollen= 5.54283001413569
CLDNectar= 135.689543571789
CA13Pollen= 7.74259379813448
CA13Nectar= 78.0140747502446
CA410Pollen= 6.40749817788601
CA410Nectar= 91.9642105558887
CA1120Pollen= 1.06687613739632
CA1120Nectar= 24.3366431631148
IPollenTrips= 9.37472294084728
INectarTrips= 9.21663920860738
IPollenLoad= 8.33948243176565
INectarLoad= 5.35726716509089
