ICQueenStrength= 1.81289290683344
RQWkrDrnRatio= 1.67159944958985
ICDroneMiteSurvivorship= 43.9130606362596
ICWorkerMiteSurvivorship= 12.8504975466058
ICForagerLifespan= 6.01684747822583
ImmType= Cosine
RQQueenStrength= 4.70925450348295
RQEnableReQueen= true
AIAdultSlope= 5.69170167669654
AIAdultLD50= 32.8553100981077
AIAdultSlopeContact= 4.75625154050067
AIAdultLD50Contact= 42.8064377674269
AILarvaSlope= 5.60829813964665
AILarvaLD50= 84.2293740599416
AIKOW= 23063.8038003463
AIKOC= 17000.9512262533
AIHalfLife= 12.6272476835176
EAppRate= 6.84161481954414
FoliarEnabled= true
FoliarAppDate= 06/07/1989
FoliarForageBegin= 06/05/1989
FoliarForageEnd= 06/28/1989
AIContactFactor= 1.6878342422843
CL4Pollen= 2.96694876439869
CL4Nectar= 15.4124814085662
CL5Pollen= 0.943571199662983
CL5Nectar= 19.4380410248414
CLDPollen= 5.08361984230578
CLDNectar= 12.0188049506396
CA13Pollen= 5.89894333416596
CA13Nectar= 57.5426414608955
CA410Pollen= 4.44695469918661
CA410Nectar= 121.811991771683
CA1120Pollen= 2.59576731710695
CA1120Nectar= 30.5786231532693
IPollenTrips= 10.2077007270418
INectarTrips= 8.82544981781393
IPollenLoad= 6.33825547061861
INectarLoad= 3.96486982237548
ESoilP= 1.48110738629475
ESoilFoc= 0.0183704929412343
