ICQueenStrength= 3.6277115335688
RQWkrDrnRatio= 1.0064944261685
ICDroneMiteSurvivorship= 43.190195504576
ICWorkerMiteSurvivorship= 44.4448455236852
ICForagerLifespan= 9.12630594428629
ImmType= Cosine
RQQueenStrength= 4.91001783777028
RQEnableReQueen= true
AIAdultSlope= 7.06298032961786
AIAdultLD50= 30.6515455765703
AIAdultSlopeContact= 5.93256159126759
AIAdultLD50Contact= 9.89121798924636
AILarvaSlope= 2.64060254953802
AILarvaLD50= 0.784094173768768
AIKOW= 42791.7359328747
AIKOC= 48794.2810614768
AIHalfLife= 33.2078609366901
EAppRate= 4.46148247296596
FoliarEnabled= true
FoliarAppDate= 06/07/1989
FoliarForageBegin= 06/05/1989
FoliarForageEnd= 06/28/1989
AIContactFactor= 1.34342129978817
CL4Pollen= 3.31074835266918
CL4Nectar= 78.1680322019383
CL5Pollen= 4.96686412766576
CL5Nectar= 68.7523537664674
CLDPollen= 4.09902898734435
CLDNectar= 106.990700773895
CA13Pollen= 6.06243966873735
CA13Nectar= 67.3150150105357
CA410Pollen= 7.14728611859027
CA410Nectar= 91.8229586817324
CA1120Pollen= 1.5120146793779
CA1120Nectar= 38.0403805151582
IPollenTrips= 6.09648760175332
INectarTrips= 8.51788198575377
IPollenLoad= 8.34975839359686
INectarLoad= 8.72842169366777
