ICQueenStrength= 2.43905777367763
RQWkrDrnRatio= 3.29354767501354
ICDroneMiteSurvivorship= 42.6105227554217
ICWorkerMiteSurvivorship= 68.3135066647083
ICForagerLifespan= 12.3436397025362
ImmType= Polynomial
RQQueenStrength= 2.62766043911688
RQEnableReQueen= true
AIAdultSlope= 1.19322818890214
AIAdultLD50= 63.3431325471525
AIAdultSlopeContact= 7.36991377873346
AIAdultLD50Contact= 12.1587494599426
AILarvaSlope= 3.01675234362483
AILarvaLD50= 68.2424282168415
AIKOW= 65575.5113775858
AIKOC= 35938.4616952469
AIHalfLife= 4.32223376801703
EAppRate= 9.45190216642106
FoliarEnabled= true
FoliarAppDate= 06/07/1989
FoliarForageBegin= 06/05/1989
FoliarForageEnd= 06/28/1989
AIContactFactor= 1.52416596893687
CL4Pollen= 2.90450590103865
CL4Nectar= 27.3699260083959
CL5Pollen= 5.6009749523364
CL5Nectar= 89.7128850803711
CLDPollen= 5.6138220699504
CLDNectar= 71.7991370125674
CA13Pollen= 2.59033352537081
CA13Nectar= 83.8982772640884
CA410Pollen= 3.05890183951706
CA410Nectar= 51.9827376166359
CA1120Pollen= 1.68474253406748
CA1120Nectar= 47.4224893003702
IPollenTrips= 9.19961204519495
INectarTrips= 14.0925548132509
IPollenLoad= 4.49301880085841
INectarLoad= 6.83543473482132
ESoilP= 1.11968918843195
ESoilFoc= 0.018127918191487
