ICQueenStrength= 1.16469276859425
RQWkrDrnRatio= 2.40755933802575
ICDroneMiteSurvivorship= 67.278686654754
ICWorkerMiteSurvivorship= 89.9857781594619
ICForagerLifespan= 14.7878533471376
ImmType= Logarithmic
RQQueenStrength= 4.38952269172296
RQEnableReQueen= true
AIAdultSlope= 8.11464305967093
AIAdultLD50= 89.8841046445868
AIAdultSlopeContact= 6.32328620995395
AIAdultLD50Contact= 90.1582855970231
AILarvaSlope= 3.40134729072452
AILarvaLD50= 42.9899973993779
AIKOW= 7993.22338230294
AIKOC= 23924.8124736126
AIHalfLife= 20.7039045447949
EAppRate= 9.29380420342065
FoliarEnabled= true
FoliarAppDate= 06/07/1989
FoliarForageBegin= 06/05/1989
FoliarForageEnd= 06/28/1989
AIContactFactor= 1.07806610682979
CL4Pollen= 3.01168391667306
CL4Nectar= 8.77854530699551
CL5Pollen= 0.482474754564464
CL5Nectar= 46.8376503093168
CLDPollen= 3.55673026666045
CLDNectar= 62.5667596352287
CA13Pollen= 7.30420544166118
CA13Nectar= 50.5989935621619
CA410Pollen= 7.01387929222547
CA410Nectar= 174.724301919341
CA1120Pollen= 2.91458251350559
CA1120Nectar= 52.3012537509203
IPollenTrips= 5.52849523490295
INectarTrips= 7.54719503456727
IPollenLoad= 7.64136633370072
INectarLoad= 5.85416333982721
