ICQueenStrength= 2.78900457569398
RQWkrDrnRatio= 3.93368857074529
ICDroneMiteSurvivorship= 32.7672023093328
ICWorkerMiteSurvivorship= 24.6341986116022
ICForagerLifespan= 15.6013259878382
ImmType= Tangent
RQQueenStrength= 4.44519282807596
RQEnableReQueen= true
AIAdultSlope= 2.83952897228301
AIAdultLD50= 0.556790199142415
AIAdultSlopeContact= 9.22588874585927
AIAdultLD50Contact= 4.16333144408045
AILarvaSlope= 1.17678947746754
AILarvaLD50= 71.6948242648966
AIKOW= 16172.8690153645
AIKOC= 72488.1288450409
AIHalfLife= 14.3124881835654
EAppRate= 0.5942776242767
FoliarEnabled= true
FoliarAppDate= 06/07/1989
FoliarForageBegin= 06/05/1989
FoliarForageEnd= 06/28/1989
AIContactFactor= 0.401910258317366
CL4Pollen= 3.12925842776895
CL4Nectar= 67.7029023645446
CL5Pollen= 1.9429843663238
CL5Nectar= 32.8275704872794
CLDPollen= 3.28996559651569
CLDNectar= 68.5492393327877
CA13Pollen= 3.87614479688928
CA13Nectar= 28.436766564846
CA410Pollen= 5.91414258002769
CA410Nectar= 153.205465837382
CA1120Pollen= 2.27156090573408
CA1120Nectar= 44.835704062134
IPollenTrips= 12.4699714244343
INectarTrips= 11.0777310444973
IPollenLoad= 6.50538064772263
INectarLoad= 8.50420187227428
