ICQueenStrength= 2.06499567977153
RQWkrDrnRatio= 3.89396862126887
ICDroneMiteSurvivorship= 51.5082251047716
ICWorkerMiteSurvivorship= 42.06184996292
ICForagerLifespan= 9.85419710725546
ImmType= Cosine
RQQueenStrength= 2.14710753434338
RQEnableReQueen= true
AIAdultSlope= 3.84073201566935
AIAdultLD50= 70.1132882473366
AIAdultSlopeContact= 9.10546419746242
AIAdultLD50Contact= 8.27858078860515
AILarvaSlope= 7.50769178941846
AILarvaLD50= 6.28147393471957
AIKOW= 66950.0045233561
AIKOC= 73373.5642647704
AIHalfLife= 7.19534809880424
EAppRate= 6.61220616937848
FoliarEnabled= true
FoliarAppDate= 06/07/1989
FoliarForageBegin= 06/05/1989
FoliarForageEnd= 06/28/1989
AIContactFactor= 1.04225521515589
CL4Pollen= 3.46324997860938
CL4Nectar= 58.4256946342066
CL5Pollen= 2.42900600284338
CL5Nectar= 35.3681262815371
CLDPollen= 4.83616595109925
CLDNectar= 60.5477905017324
CA13Pollen= 6.46979172090068
CA13Nectar= 87.535790912807
CA410Pollen= 6.9509008866502
CA410Nectar= 134.20165383257
CA1120Pollen= 1.16928645735607
CA1120Nectar= 37.9393911547959
IPollenTrips= 6.06246468378231
INectarTrips= 5.73649062076584
IPollenLoad= 6.65607945527881
INectarLoad= 0.668487239163369
ESoilP= 1.67275054077618
ESoilFoc= 0.0115502972877584
