ICQueenStrength= 3.74373452411965
RQWkrDrnRatio= 3.65245389193296
ICDroneMiteSurvivorship= 91.9064653106034
ICWorkerMiteSurvivorship= 0.977028091438115
ICForagerLifespan= 9.8296215320006
ImmType= Polynomial
RQQueenStrength= 4.54571946430951
RQEnableReQueen= true
AIAdultSlope= 5.82917444966733
AIAdultLD50= 88.2490826777888
AIAdultSlopeContact= 8.51521436893381
AIAdultLD50Contact= 73.6575692682758
AILarvaSlope= 4.24105913005769
AILarvaLD50= 80.0643216677539
AIKOW= 32426.4816759639
AIKOC= 42918.5194558087
AIHalfLife= 14.0531588214682
EAppRate= 2.08687248227419
FoliarEnabled= true
FoliarAppDate= 06/07/1989
FoliarForageBegin= 06/05/1989
FoliarForageEnd= 06/28/1989
AIContactFactor= 0.509379975302145
CL4Pollen= 1.39522946625948
CL4Nectar= 40.3241994557902
CL5Pollen= 3.68425878323615
CL5Nectar= 49.6150597929955
CLDPollen= 3.73679356975481
CLDNectar= 36.5063064848073
CA13Pollen= 6.90589061081409
CA13Nectar= 76.4896390773356
CA410Pollen= 4.09587707421742
CA410Nectar= 199.477192661725
CA1120Pollen= 2.54431126615964
CA1120Nectar= 46.5169647522271
IPollenTrips= 7.42306883214042
INectarTrips= 13.7063660286367
IPollenLoad= 5.4185791220516
INectarLoad= 4.27190047688782
