ICQueenStrength= 2.86970653361641
RQWkrDrnRatio= 4.82961463928223
ICDroneMiteSurvivorship= 23.4874255489558
ICWorkerMiteSurvivorship= 46.7019464354962
ICForagerLifespan= 8.07370346784592
ImmType= Polynomial
RQQueenStrength= 5.2951309250202
RQEnableReQueen= true
AIAdultSlope= 7.35983335226774
AIAdultLD50= 28.8908667733329
AIAdultSlopeContact= 1.17202683212236
AIAdultLD50Contact= 55.7059644333473
AILarvaSlope= 3.96065621450543
AILarvaLD50= 4.47491524093272
AIKOW= 14107.9629050458
AIKOC= 71207.7829820735
AIHalfLife= 34.668935932871
EAppRate= 3.50511913864641
FoliarEnabled= true
FoliarAppDate= 06/07/1989
FoliarForageBegin= 06/05/1989
FoliarForageEnd= 06/28/1989
AIContactFactor= 0.736296715252101
CL4Pollen= 2.20025553926826
CL4Nectar= 30.5413290858269
CL5Pollen= 1.80382260913029
CL5Nectar= 137.134551268537
CLDPollen= 4.44540232233703
CLDNectar= 21.8020589207299
CA13Pollen= 5.40445655379444
CA13Nectar= 31.2948692403734
CA410Pollen= 7.93518823955674
CA410Nectar= 198.399366457015
CA1120Pollen= 2.5739646081347
CA1120Nectar= 69.7959813289344
IPollenTrips= 13.2205211254768
INectarTrips= 9.11146562779322
IPollenLoad= 7.67103136051446
INectarLoad= 7.20373971387744
