ICQueenStrength= 3.98795255483128
RQWkrDrnRatio= 3.58596115093678
ICDroneMiteSurvivorship= 9.91535109933466
ICWorkerMiteSurvivorship= 73.5151662491262
ICForagerLifespan= 8.25854051765054
ImmType= Logarithmic
RQQueenStrength= 5.58063659141771
RQEnableReQueen= true
AIAdultSlope= 6.21604386344552
AIAdultLD50= 77.9179909556524
AIAdultSlopeContact= 9.46477823960595
AIAdultLD50Contact= 8.06097725649527
AILarvaSlope= 7.17236689478159
AILarvaLD50= 66.3363366056681
AIKOW= 67082.0516855811
AIKOC= 30190.5587601135
AIHalfLife= 18.1747658761917
EAppRate= 0.483380603996105
FoliarEnabled= true
FoliarAppDate= 06/07/1989
FoliarForageBegin= 06/05/1989
FoliarForageEnd= 06/28/1989
AIContactFactor= 2.21342994590756
CL4Pollen= 2.84962150454521
CL4Nectar= 26.2467444175854
CL5Pollen= 3.40819683205336
CL5Nectar= 97.5055908202194
CLDPollen= 3.68602432217449
CLDNectar= 129.847546317615
CA13Pollen= 4.96817909860983
CA13Nectar= 76.1218292638659
CA410Pollen= 5.73469837547746
CA410Nectar= 84.6714074164629
CA1120Pollen= 0.499541340395808
CA1120Nectar= 98.9800656400621
IPollenTrips= 8.23915886692703
INectarTrips= 13.3112223446369
IPollenLoad= 8.93982670735568
INectarLoad= 5.25194926187396
ESoilP= 1.48099521850236
ESoilFoc= 0.00402100240183063
