ICQueenStrength= 3.23370511434041
RQWkrDrnRatio= 3.48367262072861
ICDroneMiteSurvivorship= 19.1526823909953
ICWorkerMiteSurvivorship= 98.5428227344528
ICForagerLifespan= 7.56519878841937
ImmType= Logarithmic
RQQueenStrength= 1.86392828612588
RQEnableReQueen= true
AIAdultSlope= 1.49818557687104
AIAdultLD50= 92.0729130434797
AIAdultSlopeContact= 2.7917942085769
AIAdultLD50Contact= 21.2202897054676
AILarvaSlope= 7.18498245254159
AILarvaLD50= 38.4683843211266
AIKOW= 62262.9809910264
AIKOC= 90056.7236274339
AIHalfLife= 17.9281102429144
EAppRate= 9.07213710805704
FoliarEnabled= true
FoliarAppDate= 06/07/1989
FoliarForageBegin= 06/05/1989
FoliarForageEnd= 06/28/1989
AIContactFactor= 2.23252016480546
CL4Pollen= 3.79412853717804
CL4Nectar= 11.1882727127522
CL5Pollen= 4.38475182233378
CL5Nectar= 85.9363442868926
CLDPollen= 3.2355053150095
CLDNectar= 100.924099981785
CA13Pollen= 8.08147225463763
CA13Nectar= 51.6773425042629
CA410Pollen= 7.35307592460886
CA410Nectar= 137.9490439035
CA1120Pollen= 1.69135307008401
CA1120Nectar= 64.6659473516047
IPollenTrips= 12.5159882497974
INectarTrips= 10.4787131119519
IPollenLoad= 9.21617919346318
INectarLoad= 8.91799228731543
