ICQueenStrength= 3.86960642412305
RQWkrDrnRatio= 1.8915814589709
ICDroneMiteSurvivorship= 7.76125295087695
ICWorkerMiteSurvivorship= 88.1793938810006
ICForagerLifespan= 10.7551576057449
ImmType= Tangent
RQQueenStrength= 4.8602048959583
RQEnableReQueen=true
AIAdultSlope= 2.94177082367241
AIAdultLD50= 0.462611332333181
AIAdultSlopeContact= 9.81944289244711
AIAdultLD50Contact= 34.4607799584549
AILarvaSlope= 7.32033027894795
AILarvaLD50= 88.0716603303819
AIKOW= 70453.8613534465
AIKOC= 25296.2521821314
AIHalfLife= 5.16126553127542
EAppRate= 6.54268084694049
FoliarEnabled=true
FoliarAppDate= 07/01/1989
FoliarForageBegin= 07/01/1989
FoliarForageEnd= 07/14/1989
AIContactFactor= 1.28353440565988
CL4Pollen= 2.72513797879219
CL4Nectar= 44.9549998156726
CL5Pollen= 3.44083321094513
CL5Nectar= 133.680250088219
CLDPollen= 3.80538639379665
CLDNectar= 83.9256265433505
CA13Pollen= 7.70561979971826
CA13Nectar= 52.3435291089118
CA410Pollen= 4.01475470256992
CA410Nectar= 85.1964358333498
CA1120Pollen= 2.93459827406332
CA1120Nectar= 43.306323569268
IPollenTrips= 9.36097627272829
INectarTrips= 7.59817747864872
IPollenLoad= 0.986810612957925
INectarLoad= 4.35988930752501
