ICQueenStrength= 2.67380685685202
RQWkrDrnRatio= 4.70863995235413
ICDroneMiteSurvivorship= 49.3152724811807
ICWorkerMiteSurvivorship= 55.8984888717532
ICForagerLifespan= 4.9163469877094
ImmType= Exponential
RQQueenStrength= 5.04362031491473
RQEnableReQueen= true
AIAdultSlope= 3.58811057731509
AIAdultLD50= 87.1498576633004
AIAdultSlopeContact= 5.24017248279415
AIAdultLD50Contact= 27.8790358460508
AILarvaSlope= 1.00271414779127
AILarvaLD50= 79.8785963133792
AIKOW= 36294.5474594101
AIKOC= 58740.3933527723
AIHalfLife= 9.50512317444663
EAppRate= 3.78124608229613
FoliarEnabled= true
FoliarAppDate= 06/07/1989
FoliarForageBegin= 06/05/1989
FoliarForageEnd= 06/28/1989
AIContactFactor= 1.39322465387639
CL4Pollen= 2.02465847507119
CL4Nectar= 83.4861057111993
CL5Pollen= 0.936094069853425
CL5Nectar= 81.8631666479632
CLDPollen= 0.414297410286963
CLDNectar= 77.2872617701069
CA13Pollen= 6.40652584638446
CA13Nectar= 21.6517958417535
CA410Pollen= 4.83964008640032
CA410Nectar= 176.21195465792
CA1120Pollen= 0.73276507621631
CA1120Nectar= 87.432110439986
IPollenTrips= 6.7430697963573
INectarTrips= 12.582985474728
IPollenLoad= 6.11023016739637
INectarLoad= 2.37959668273106
