ICQueenStrength= 5.4304199621547
RQWkrDrnRatio= 3.21242146287113
ICDroneMiteSurvivorship= 14.2736087553203
ICWorkerMiteSurvivorship= 53.1398470979184
ICForagerLifespan= 9.59717094711959
ImmType= Polynomial
RQQueenStrength= 2.43311271094717
RQEnableReQueen= true
AIAdultSlope= 5.16917579993606
AIAdultLD50= 61.3032989965922
AIAdultSlopeContact= 3.83716635475866
AIAdultLD50Contact= 3.81419956450909
AILarvaSlope= 7.24008068442345
AILarvaLD50= 79.0287687016029
AIKOW= 29879.1056537763
AIKOC= 70676.0301179045
AIHalfLife= 14.5528693666216
EAppRate= 8.9362555440648
FoliarEnabled= true
FoliarAppDate= 06/07/1989
FoliarForageBegin= 06/05/1989
FoliarForageEnd= 06/28/1989
AIContactFactor= 2.01904598828405
CL4Pollen= 3.23641445394605
CL4Nectar= 23.2172872172669
CL5Pollen= 1.72301755473018
CL5Nectar= 125.288716319483
CLDPollen= 2.85693484498188
CLDNectar= 37.6850759494118
CA13Pollen= 8.12213008273393
CA13Nectar= 44.9980107136071
CA410Pollen= 7.8586073404178
CA410Nectar= 53.9104451332241
CA1120Pollen= 1.04293798073195
CA1120Nectar= 68.3763181231916
IPollenTrips= 13.4862345270813
INectarTrips= 12.6371607417241
IPollenLoad= 1.65903388289735
INectarLoad= 3.68281849427149
