ICQueenStrength= 2.12655844353139
RQWkrDrnRatio= 3.53368656430393
ICDroneMiteSurvivorship= 21.3814522605389
ICWorkerMiteSurvivorship= 70.1005295151845
ICForagerLifespan= 13.5579079547897
ImmType= Cosine
RQQueenStrength= 1.3849178366363
RQEnableReQueen=true
AIAdultSlope= 6.01355252601206
AIAdultLD50= 0.35904472079128
AIAdultSlopeContact= 5.50605690991506
AIAdultLD50Contact= 1.0997760050823
AILarvaSlope= 3.63205441087484
AILarvaLD50= 98.3596771145323
AIKOW= 64833.3997707677
AIKOC= 33607.9537042396
AIHalfLife= 31.3401626030216
EAppRate= 5.41782895668875
FoliarEnabled=true
FoliarAppDate= 07/01/1989
FoliarForageBegin= 07/01/1989
FoliarForageEnd= 07/14/1989
AIContactFactor= 2.28367015217431
CL4Pollen= 2.00562432873994
CL4Nectar= 98.1447788421065
CL5Pollen= 2.22794087743387
CL5Nectar= 27.8320931014605
CLDPollen= 0.973272933159024
CLDNectar= 3.05689430097118
CA13Pollen= 3.57303915200755
CA13Nectar= 48.602122887969
CA410Pollen= 3.05447523368057
CA410Nectar= 158.478195108473
CA1120Pollen= 2.7329952979926
CA1120Nectar= 92.2194467484951
IPollenTrips= 7.00466200476512
INectarTrips= 7.22832354949787
IPollenLoad= 2.20289744902402
INectarLoad= 0.116931744851172
