ICQueenStrength= 2.24956510378979
RQWkrDrnRatio= 4.8011332815513
ICDroneMiteSurvivorship= 83.0015589948744
ICWorkerMiteSurvivorship= 89.759312197566
ICForagerLifespan= 6.60270232148468
ImmType= Logarithmic
RQQueenStrength= 4.7973285256885
RQEnableReQueen= true
AIAdultSlope= 6.22372133284807
AIAdultLD50= 0.943879374658689
AIAdultSlopeContact= 1.28218525485136
AIAdultLD50Contact= 19.7559078438161
AILarvaSlope= 8.84691432118416
AILarvaLD50= 77.8834194665309
AIKOW= 25759.5331142752
AIKOC= 39934.8011721028
AIHalfLife= 24.2311029576929
EAppRate= 4.06257950414927
FoliarEnabled= true
FoliarAppDate= 09/01/1989
FoliarForageBegin= 09/01/1989
FoliarForageEnd= 09/08/1989
AIContactFactor= 1.42954384849872
CL4Pollen= 2.89470555540174
CL4Nectar= 5.76167535036802
CL5Pollen= 1.42911557201296
CL5Nectar= 118.872774078045
CLDPollen= 1.76930019306019
CLDNectar= 77.6229631737806
CA13Pollen= 4.58423054525629
CA13Nectar= 34.8340952768922
CA410Pollen= 2.75207689485978
CA410Nectar= 118.2264575921
CA1120Pollen= 1.8134548345115
CA1120Nectar= 51.5772171504796
IPollenTrips= 9.76213772781193
INectarTrips= 9.3830123054795
IPollenLoad= 1.96595693938434
INectarLoad= 4.42008126759902
