ICQueenStrength= 1.41940463054925
RQWkrDrnRatio= 4.94833797588944
ICDroneMiteSurvivorship= 12.2148266527802
ICWorkerMiteSurvivorship= 78.329536318779
ICForagerLifespan= 5.82876750640571
ImmType= Tangent
RQQueenStrength= 4.97768242005259
RQEnableReQueen=true
AIAdultSlope= 4.03550129011273
AIAdultLD50= 0.160539139064495
AIAdultSlopeContact= 1.91982041904703
AIAdultLD50Contact= 30.4330057253903
AILarvaSlope= 4.94832458719611
AILarvaLD50= 46.1705130250149
AIKOW= 35122.77593011
AIKOC= 46844.6515099294
AIHalfLife= 12.2926204089541
EAppRate= 0.548918117936933
FoliarEnabled=true
FoliarAppDate= 07/01/1989
FoliarForageBegin= 07/01/1989
FoliarForageEnd= 07/14/1989
AIContactFactor= 0.728635689602233
CL4Pollen= 2.80367514491081
CL4Nectar= 43.2584821246564
CL5Pollen= 5.65403455216438
CL5Nectar= 146.154600719456
CLDPollen= 3.95769174769521
CLDNectar= 76.859328977298
CA13Pollen= 3.50509980907664
CA13Nectar= 44.0027162618935
CA410Pollen= 4.36419118326157
CA410Nectar= 91.4638585038483
CA1120Pollen= 0.793993053724989
CA1120Nectar= 27.3561571538448
IPollenTrips= 6.74727578647435
INectarTrips= 9.80853041401133
IPollenLoad= 5.21010422380641
INectarLoad= 9.73116322886199
