ICQueenStrength= 1.75414963299409
RQWkrDrnRatio= 1.35758696403354
ICDroneMiteSurvivorship= 3.22842334862798
ICWorkerMiteSurvivorship= 98.4335277928039
ICForagerLifespan= 8.66098251659423
ImmType= Tangent
RQQueenStrength= 3.05602201865986
RQEnableReQueen= true
AIAdultSlope= 1.27958581969142
AIAdultLD50= 89.0590892669831
AIAdultSlopeContact= 6.69669901556335
AIAdultLD50Contact= 46.3065195690109
AILarvaSlope= 1.17627147212625
AILarvaLD50= 8.6934714170075
AIKOW= 59780.2743255725
AIKOC= 69024.1727081491
AIHalfLife= 28.170390219707
EAppRate= 6.54079573357152
FoliarEnabled= true
FoliarAppDate= 06/07/1989
FoliarForageBegin= 06/05/1989
FoliarForageEnd= 06/28/1989
AIContactFactor= 0.522566205137409
CL4Pollen= 2.5997899081558
CL4Nectar= 96.8677269760519
CL5Pollen= 1.66582336183637
CL5Nectar= 67.6221817731857
CLDPollen= 0.0672633242793381
CLDNectar= 102.444112440571
CA13Pollen= 4.66206993982196
CA13Nectar= 84.2274796403944
CA410Pollen= 4.53004207243212
CA410Nectar= 104.966844548471
CA1120Pollen= 0.135380321647972
CA1120Nectar= 78.9940343797207
IPollenTrips= 5.24880131473765
INectarTrips= 14.3986573722214
IPollenLoad= 8.40748008340597
INectarLoad= 9.64554904960096
ESoilP= 1.31825886457227
ESoilFoc= 0.00855652249581181
