ICQueenStrength= 3.17361029353924
RQWkrDrnRatio= 3.40414682030678
ICDroneMiteSurvivorship= 39.6323820808902
ICWorkerMiteSurvivorship= 15.0703816208988
ICForagerLifespan= 7.76841642986983
ImmType= Cosine
RQQueenStrength= 1.35064531955868
RQEnableReQueen= true
AIAdultSlope= 7.65718967281282
AIAdultLD50= 0.607376066025114
AIAdultSlopeContact= 2.87073498941027
AIAdultLD50Contact= 6.80429212870123
AILarvaSlope= 4.29690309800208
AILarvaLD50= 63.6223557460001
AIKOW= 9992.81687144997
AIKOC= 90143.1929904202
AIHalfLife= 5.76427328167483
EAppRate= 7.39895008135564
FoliarEnabled= true
FoliarAppDate= 09/01/1989
FoliarForageBegin= 09/01/1989
FoliarForageEnd= 09/08/1989
AIContactFactor= 1.31625206147786
CL4Pollen= 2.76973544154316
CL4Nectar= 9.6878373529762
CL5Pollen= 0.350611454341561
CL5Nectar= 9.01935497531667
CLDPollen= 5.97601681156084
CLDNectar= 16.503865364939
CA13Pollen= 4.51535443244502
CA13Nectar= 54.1041587479413
CA410Pollen= 5.95401376357768
CA410Nectar= 121.346776783466
CA1120Pollen= 0.624393712263554
CA1120Nectar= 64.1261491365731
IPollenTrips= 5.50849526189268
INectarTrips= 14.4168957858346
IPollenLoad= 3.85173780145124
INectarLoad= 4.69876201590523
