ICQueenStrength= 2.12609918345697
RQWkrDrnRatio= 2.05128160491586
ICDroneMiteSurvivorship= 73.200076748617
ICWorkerMiteSurvivorship= 0.88961124420166
ICForagerLifespan= 7.89741779770702
ImmType= Cosine
RQQueenStrength= 1.24872338282876
RQEnableReQueen= true
AIAdultSlope= 6.80495482496917
AIAdultLD50= 48.2913909922482
AIAdultSlopeContact= 1.39019861654378
AIAdultLD50Contact= 70.8693662806654
AILarvaSlope= 7.26666464656591
AILarvaLD50= 11.1287511021937
AIKOW= 72716.757007424
AIKOC= 21167.9595625526
AIHalfLife= 20.2787116494263
EAppRate= 0.297686054571997
FoliarEnabled= true
FoliarAppDate= 06/07/1989
FoliarForageBegin= 06/05/1989
FoliarForageEnd= 06/28/1989
AIContactFactor= 1.942595756175
CL4Pollen= 1.45458709355444
CL4Nectar= 30.142360390164
CL5Pollen= 3.82376010529697
CL5Nectar= 46.3991850265302
CLDPollen= 0.583545179106295
CLDNectar= 30.8365818927996
CA13Pollen= 5.63136280309409
CA13Nectar= 72.5335829518735
CA410Pollen= 5.87943870725576
CA410Nectar= 133.978131902404
CA1120Pollen= 1.23916713357903
CA1120Nectar= 50.2345913276076
IPollenTrips= 14.1059841448441
INectarTrips= 5.36814449355006
IPollenLoad= 9.85036490950733
INectarLoad= 4.64693145593628
