ICQueenStrength= 4.647100237431
RQWkrDrnRatio= 2.57707318197936
ICDroneMiteSurvivorship= 13.4292324772105
ICWorkerMiteSurvivorship= 36.3817292964086
ICForagerLifespan= 5.61911850329489
ImmType= Exponential
RQQueenStrength= 2.95958874654025
RQEnableReQueen= true
AIAdultSlope= 8.520279282704
AIAdultLD50= 86.9321870067872
AIAdultSlopeContact= 5.21521999710239
AIAdultLD50Contact= 5.54991265314841
AILarvaSlope= 8.11358419060707
AILarvaLD50= 16.266205295702
AIKOW= 39006.25407617
AIKOC= 6675.85965278326
AIHalfLife= 13.3402455187868
EAppRate= 7.29393169370573
FoliarEnabled= true
FoliarAppDate= 06/07/1989
FoliarForageBegin= 06/05/1989
FoliarForageEnd= 06/28/1989
AIContactFactor= 1.11703652852681
CL4Pollen= 0.937502600252628
CL4Nectar= 87.4990021111444
CL5Pollen= 5.95774334063753
CL5Nectar= 15.9134656190872
CLDPollen= 0.838053134735674
CLDNectar= 93.6824073200114
CA13Pollen= 7.81616228474304
CA13Nectar= 93.9326583780348
CA410Pollen= 3.21601008863654
CA410Nectar= 199.192973054014
CA1120Pollen= 0.734276862116531
CA1120Nectar= 42.0924651063979
IPollenTrips= 11.1168734147213
INectarTrips= 8.69108499726281
IPollenLoad= 1.51738537941128
INectarLoad= 8.32220514537767
