ICQueenStrength= 5.85510032158345
RQWkrDrnRatio= 1.07305347826332
ICDroneMiteSurvivorship= 61.0880685504526
ICWorkerMiteSurvivorship= 62.9222974879667
ICForagerLifespan= 15.1445046318695
ImmType= Logarithmic
RQQueenStrength= 4.18981125717983
RQEnableReQueen= true
AIAdultSlope= 8.17370152287185
AIAdultLD50= 87.8691596027552
AIAdultSlopeContact= 8.56206601415761
AIAdultLD50Contact= 74.4204905914492
AILarvaSlope= 8.93499152548611
AILarvaLD50= 88.8743354586028
AIKOW= 55163.9493221741
AIKOC= 53468.3239739977
AIHalfLife= 3.77569711783435
EAppRate= 3.24622982235276
FoliarEnabled= true
FoliarAppDate= 06/07/1989
FoliarForageBegin= 06/05/1989
FoliarForageEnd= 06/28/1989
AIContactFactor= 2.37183115484659
CL4Pollen= 0.281829065643251
CL4Nectar= 86.5756941959262
CL5Pollen= 3.37714225938544
CL5Nectar= 62.0940866880119
CLDPollen= 2.59766450431198
CLDNectar= 125.6333993515
CA13Pollen= 4.21684180647135
CA13Nectar= 55.6742317229509
CA410Pollen= 9.18908816468902
CA410Nectar= 56.15989217069
CA1120Pollen= 2.39144024485722
CA1120Nectar= 76.0397967509925
IPollenTrips= 5.37560669705272
INectarTrips= 14.5469973399304
IPollenLoad= 7.55638256436214
INectarLoad= 4.05729227233678
