ICQueenStrength= 3.45631945086643
RQWkrDrnRatio= 1.87291825097054
ICDroneMiteSurvivorship= 88.8708557700738
ICWorkerMiteSurvivorship= 86.1268500797451
ICForagerLifespan= 15.9054492097348
ImmType= Cosine
RQQueenStrength= 4.00213630311191
RQEnableReQueen= true
AIAdultSlope= 1.57200369611382
AIAdultLD50= 57.9495841100977
AIAdultSlopeContact= 9.55257330881432
AIAdultLD50Contact= 55.8982812737436
AILarvaSlope= 4.57170906104147
AILarvaLD50= 63.6292041813505
AIKOW= 75932.2221942788
AIKOC= 65347.4614559861
AIHalfLife= 20.1419777712552
EAppRate= 4.04969479474588
FoliarEnabled= true
FoliarAppDate= 06/07/1989
FoliarForageBegin= 06/05/1989
FoliarForageEnd= 06/28/1989
AIContactFactor= 1.55452951614745
CL4Pollen= 0.868919730186462
CL4Nectar= 22.2972157876939
CL5Pollen= 3.09452101076022
CL5Nectar= 77.2829428547993
CLDPollen= 1.80017759185284
CLDNectar= 130.497866892256
CA13Pollen= 5.85672230347991
CA13Nectar= 20.4375903680921
CA410Pollen= 8.33443376605865
CA410Nectar= 23.6896437034011
CA1120Pollen= 0.450138523243368
CA1120Nectar= 85.7242737151682
IPollenTrips= 7.51503796083853
INectarTrips= 10.7934155198745
IPollenLoad= 2.27165948599577
INectarLoad= 6.86337352730334
