ICQueenStrength= 1.18815478309989
RQWkrDrnRatio= 3.80666236765683
ICDroneMiteSurvivorship= 58.4570888197049
ICWorkerMiteSurvivorship= 45.0576640665531
ICForagerLifespan= 8.63709341082722
ImmType= Sine
RQQueenStrength= 2.04114140034653
RQEnableReQueen= true
AIAdultSlope= 5.79526052810252
AIAdultLD50= 15.1593276568619
AIAdultSlopeContact= 1.20548128965311
AIAdultLD50Contact= 69.0350122166327
AILarvaSlope= 6.45974192023277
AILarvaLD50= 65.6118788694325
AIKOW= 54772.8813776983
AIKOC= 41125.1231753249
AIHalfLife= 11.1965996409766
EAppRate= 0.838510129475035
FoliarEnabled= true
FoliarAppDate= 06/07/1989
FoliarForageBegin= 06/05/1989
FoliarForageEnd= 06/28/1989
AIContactFactor= 1.92230621833354
CL4Pollen= 0.876409312710166
CL4Nectar= 73.8079080590978
CL5Pollen= 3.52058824198321
CL5Nectar= 52.3085211985745
CLDPollen= 4.67003005044535
CLDNectar= 78.6880059284158
CA13Pollen= 6.30219008103013
CA13Nectar= 80.3562672249973
CA410Pollen= 4.94696682596114
CA410Nectar= 92.0693833241239
CA1120Pollen= 2.18876722804271
CA1120Nectar= 81.8395648337901
IPollenTrips= 7.25863605504856
INectarTrips= 9.42794380709529
IPollenLoad= 8.79338429309428
INectarLoad= 9.26470566308126
