ICQueenStrength= 5.45059312391095
RQWkrDrnRatio= 1.15321944840252
ICDroneMiteSurvivorship= 65.8089463366196
ICWorkerMiteSurvivorship= 26.1055868119001
ICForagerLifespan= 7.74390380829573
ImmType= Cosine
RQQueenStrength= 3.29569480172358
RQEnableReQueen= true
AIAdultSlope= 8.25577954016626
AIAdultLD50= 45.2821224784586
AIAdultSlopeContact= 9.41920708934776
AIAdultLD50Contact= 30.011333064273
AILarvaSlope= 3.09463000297546
AILarvaLD50= 45.0178581263467
AIKOW= 26389.5902585782
AIKOC= 54245.8331552693
AIHalfLife= 33.5288284422597
EAppRate= 4.53723808122473
FoliarEnabled= true
FoliarAppDate= 06/07/1989
FoliarForageBegin= 06/05/1989
FoliarForageEnd= 06/28/1989
AIContactFactor= 0.801603668760508
CL4Pollen= 0.234830900095403
CL4Nectar= 21.3966893265024
CL5Pollen= 4.60159649513662
CL5Nectar= 102.36388935009
CLDPollen= 0.348579711746424
CLDNectar= 54.556680447422
CA13Pollen= 3.03970520365983
CA13Nectar= 33.6311592161655
CA410Pollen= 7.62045541408006
CA410Nectar= 173.448700685985
CA1120Pollen= 0.374034352367744
CA1120Nectar= 90.1168962195516
IPollenTrips= 6.3880301034078
INectarTrips= 10.2797260368243
IPollenLoad= 3.97671724436805
INectarLoad= 2.95959974639118
