ICQueenStrength= 2.19147292338312
RQWkrDrnRatio= 2.66719419509172
ICDroneMiteSurvivorship= 21.2936891475692
ICWorkerMiteSurvivorship= 91.0945121897385
ICForagerLifespan= 15.6948625035584
ImmType= Tangent
RQQueenStrength= 4.7667452506721
RQEnableReQueen=true
AIAdultSlope= 3.82580743730068
AIAdultLD50= 0.859843254138483
AIAdultSlopeContact= 3.83199033257551
AIAdultLD50Contact= 45.3496181730877
AILarvaSlope= 2.86896561644971
AILarvaLD50= 24.8592245634655
AIKOW= 55994.101963097
AIKOC= 20957.733684554
AIHalfLife= 3.21132350657135
EAppRate= 7.20537711433834
FoliarEnabled=true
FoliarAppDate= 07/01/1989
FoliarForageBegin= 07/01/1989
FoliarForageEnd= 07/14/1989
AIContactFactor= 0.456404128521681
CL4Pollen= 2.50524744391441
CL4Nectar= 72.6035713683814
CL5Pollen= 4.47184515791014
CL5Nectar= 106.033990485594
CLDPollen= 2.7587882950902
CLDNectar= 149.41248705145
CA13Pollen= 3.80005444847047
CA13Nectar= 65.3569802455604
CA410Pollen= 8.65016820845194
CA410Nectar= 122.472182484344
CA1120Pollen= 0.0846007328946143
CA1120Nectar= 98.3820519968867
IPollenTrips= 5.628414794337
INectarTrips= 13.9500343916006
IPollenLoad= 2.43309448007494
INectarLoad= 9.26341831916943
