ICQueenStrength= 4.52465467760339
RQWkrDrnRatio= 1.05349526926875
ICDroneMiteSurvivorship= 74.2875723633915
ICWorkerMiteSurvivorship= 42.6335778320208
ICForagerLifespan= 11.7703268993646
ImmType= Cosine
RQQueenStrength= 3.71417095209472
RQEnableReQueen= true
AIAdultSlope= 1.88745123520494
AIAdultLD50= 71.4588890652263
AIAdultSlopeContact= 1.2941070641391
AIAdultLD50Contact= 7.40740717420098
AILarvaSlope= 3.39745006710291
AILarvaLD50= 88.9973189603253
AIKOW= 96072.4200324348
AIKOC= 38964.5135682998
AIHalfLife= 15.538893922884
EAppRate= 4.81162185880938
FoliarEnabled= true
FoliarAppDate= 06/07/1989
FoliarForageBegin= 06/05/1989
FoliarForageEnd= 06/28/1989
AIContactFactor= 1.1258396218298
CL4Pollen= 2.20233254414052
CL4Nectar= 74.9355173204094
CL5Pollen= 2.38670760998502
CL5Nectar= 63.3841940201819
CLDPollen= 2.10569146927446
CLDNectar= 66.5175612783059
CA13Pollen= 7.04860899951309
CA13Nectar= 94.9526341445744
CA410Pollen= 5.40319690590259
CA410Nectar= 131.382182058878
CA1120Pollen= 2.07473548874259
CA1120Nectar= 85.8898944221437
IPollenTrips= 13.852349575609
INectarTrips= 6.89378502778709
IPollenLoad= 4.04252295615152
INectarLoad= 6.95325301960111
ESoilP= 1.93642845540307
ESoilFoc= 0.0190993620564695
