ICQueenStrength= 2.89982682466507
RQWkrDrnRatio= 1.92945124581456
ICDroneMiteSurvivorship= 66.9941819505766
ICWorkerMiteSurvivorship= 92.9436797043309
ICForagerLifespan= 6.7641023574397
ImmType= Cosine
RQQueenStrength= 3.08786378265359
RQEnableReQueen= true
AIAdultSlope= 1.3593259844929
AIAdultLD50= 56.0938926115192
AIAdultSlopeContact= 1.35030996077694
AIAdultLD50Contact= 83.7229800409812
AILarvaSlope= 4.46669319458306
AILarvaLD50= 12.9843030667629
AIKOW= 65179.9813506859
AIKOC= 69733.5758120799
AIHalfLife= 15.4180183110526
EAppRate= 7.7718080596209
FoliarEnabled= true
FoliarAppDate= 06/07/1989
FoliarForageBegin= 06/05/1989
FoliarForageEnd= 06/28/1989
AIContactFactor= 2.07075450495817
CL4Pollen= 1.83278258889914
CL4Nectar= 48.1814982835203
CL5Pollen= 3.26322024967521
CL5Nectar= 38.9404695597477
CLDPollen= 5.19627058133483
CLDNectar= 124.47031972697
CA13Pollen= 6.14744831463322
CA13Nectar= 40.5774132907391
CA410Pollen= 4.88955198226031
CA410Nectar= 36.5077807335183
CA1120Pollen= 1.49410553905182
CA1120Nectar= 79.122704192996
IPollenTrips= 6.86496788170189
INectarTrips= 12.4014214938506
IPollenLoad= 1.09430201118812
INectarLoad= 4.9385524331592
