ICQueenStrength= 3.86698255687952
RQWkrDrnRatio= 3.29493733868003
ICDroneMiteSurvivorship= 87.3904715990648
ICWorkerMiteSurvivorship= 83.6083509493619
ICForagerLifespan= 13.5459816940129
ImmType= Exponential
RQQueenStrength= 4.32716205506586
RQEnableReQueen= true
AIAdultSlope= 8.50532390363514
AIAdultLD50= 0.495152208309155
AIAdultSlopeContact= 8.73133580572903
AIAdultLD50Contact= 99.4440484508351
AILarvaSlope= 8.8614633269608
AILarvaLD50= 49.1815688453673
AIKOW= 64453.4936098172
AIKOC= 59147.7927068456
AIHalfLife= 24.2439281431027
EAppRate= 8.28965515852487
FoliarEnabled= true
FoliarAppDate= 09/01/1989
FoliarForageBegin= 09/01/1989
FoliarForageEnd= 09/08/1989
AIContactFactor= 1.12211385644972
CL4Pollen= 3.71218624897301
CL4Nectar= 20.4552413197234
CL5Pollen= 5.01533490931615
CL5Nectar= 111.734576895833
CLDPollen= 0.991291883401573
CLDNectar= 14.7197400103323
CA13Pollen= 5.19854624131694
CA13Nectar= 67.6818891055882
CA410Pollen= 5.78292017504573
CA410Nectar= 134.021473885514
CA1120Pollen= 2.43789486167952
CA1120Nectar= 36.6674092970788
IPollenTrips= 13.8244808884338
INectarTrips= 10.0270060426556
IPollenLoad= 9.03444732539356
INectarLoad= 1.22956668492407
