ICQueenStrength= 1.07107744342647
RQWkrDrnRatio= 2.10007189027965
ICDroneMiteSurvivorship= 98.4467388829216
ICWorkerMiteSurvivorship= 16.4131840225309
ICForagerLifespan= 4.07333043497056
ImmType= Tangent
RQQueenStrength= 3.83100001513958
RQEnableReQueen= true
AIAdultSlope= 2.62375830486417
AIAdultLD50= 0.133647916266927
AIAdultSlopeContact= 2.5768051543273
AIAdultLD50Contact= 75.5259801544389
AILarvaSlope= 8.37183627672493
AILarvaLD50= 97.1705122913204
AIKOW= 87199.2371971454
AIKOC= 49106.6931916266
AIHalfLife= 1.52536959471181
EAppRate= 4.01707842532545
FoliarEnabled= true
FoliarAppDate= 09/01/1989
FoliarForageBegin= 09/01/1989
FoliarForageEnd= 09/08/1989
AIContactFactor= 1.99576752431225
CL4Pollen= 1.8366072466597
CL4Nectar= 21.1554365931079
CL5Pollen= 2.69329862343147
CL5Nectar= 99.2324045277201
CLDPollen= 0.846312087960541
CLDNectar= 129.611521982588
CA13Pollen= 6.22915013208985
CA13Nectar= 63.5297537967563
CA410Pollen= 3.62239383384585
CA410Nectar= 97.1181891718879
CA1120Pollen= 0.478062432724983
CA1120Nectar= 78.4525215439498
IPollenTrips= 12.6187489577569
INectarTrips= 5.26827180525288
IPollenLoad= 7.05421804683283
INectarLoad= 2.35858563799411
