ICQueenStrength= 3.23092732601799
RQWkrDrnRatio= 1.27258063945919
ICDroneMiteSurvivorship= 28.51955993101
ICWorkerMiteSurvivorship= 92.9489795584232
ICForagerLifespan= 10.1560592548922
ImmType= Logarithmic
AIAdultSlope= 3.92339443772798
AIAdultLD50= 0.0916446094401181
AIAdultSlopeContact= 1.54205424218439
AIAdultLD50Contact= 0.0459696635254659
AILarvaSlope= 1.463364937203
AILarvaLD50= 0.528902904270217
AIKOW= 3.4039725381881
AIKOC= 15.0287609733641
AIHalfLife= 1.272781059728
EAppRate= 2.5082273944281
FoliarEnabled= true
