ICQueenStrength= 5.36425790074281
RQWkrDrnRatio= 1.39957686513662
ICDroneMiteSurvivorship= 59.5675155287609
ICWorkerMiteSurvivorship= 11.8330559227616
ICForagerLifespan= 6.71366018988192
ImmType= Exponential
RQQueenStrength= 4.30439366865903
RQEnableReQueen= true
AIAdultSlope= 1.99772033467889
AIAdultLD50= 73.4689957716851
AIAdultSlopeContact= 5.62272722483613
AIAdultLD50Contact= 49.1437932893841
AILarvaSlope= 5.5481283813715
AILarvaLD50= 98.5404837379169
AIKOW= 49181.4760552701
AIKOC= 81423.6730232711
AIHalfLife= 19.1164774147095
EAppRate= 0.72423211308266
FoliarEnabled= true
FoliarAppDate= 06/07/1989
FoliarForageBegin= 06/05/1989
FoliarForageEnd= 06/28/1989
AIContactFactor= 0.634126168899238
CL4Pollen= 0.762773847207427
CL4Nectar= 69.2875429522246
CL5Pollen= 5.51677161734551
CL5Nectar= 45.7434007432312
CLDPollen= 4.50470018014312
CLDNectar= 102.108411875088
CA13Pollen= 3.37445888649672
CA13Nectar= 68.7013057991862
CA410Pollen= 5.56075910120271
CA410Nectar= 165.48957278952
CA1120Pollen= 2.02172916359268
CA1120Nectar= 24.7058362327516
IPollenTrips= 10.4445102484897
INectarTrips= 12.4444778403267
IPollenLoad= 1.06369215296581
INectarLoad= 2.22481257049367
ESoilP= 1.74691127054393
ESoilFoc= 0.0132989771601278
