ICQueenStrength= 5.69215754535981
RQWkrDrnRatio= 1.36039862781763
ICDroneMiteSurvivorship= 60.2017046650872
ICWorkerMiteSurvivorship= 7.49105392023921
ICForagerLifespan= 7.05608838796616
ImmType= Tangent
RQQueenStrength= 1.17384915729053
RQEnableReQueen= true
AIAdultSlope= 3.28975884802639
AIAdultLD50= 29.2609306635046
AIAdultSlopeContact= 3.24954492133111
AIAdultLD50Contact= 64.5002910904901
AILarvaSlope= 4.65524704940617
AILarvaLD50= 81.2433801355644
AIKOW= 85818.0080752633
AIKOC= 35291.0174190607
AIHalfLife= 21.894655888225
EAppRate= 3.57931487007509
FoliarEnabled= true
FoliarAppDate= 06/07/1989
FoliarForageBegin= 06/05/1989
FoliarForageEnd= 06/28/1989
AIContactFactor= 1.18256051705684
CL4Pollen= 3.34821217413992
CL4Nectar= 23.9138759439811
CL5Pollen= 1.24061862984672
CL5Nectar= 22.2869973862544
CLDPollen= 0.195081233046949
CLDNectar= 35.5596762383357
CA13Pollen= 6.68928999807686
CA13Nectar= 52.3514880239964
CA410Pollen= 4.59927086208481
CA410Nectar= 132.902691354975
CA1120Pollen= 1.98942262306809
CA1120Nectar= 32.7521527372301
IPollenTrips= 11.8689755583182
INectarTrips= 6.1697705485858
IPollenLoad= 9.70413217088208
INectarLoad= 8.90177421504632
ESoilP= 1.23609336582012
ESoilFoc= 0.0147723559557926
