ICQueenStrength= 4.17287543439306
RQWkrDrnRatio= 4.69929290562868
ICDroneMiteSurvivorship= 51.0051866061985
ICWorkerMiteSurvivorship= 35.1709214737639
ICForagerLifespan= 9.09606441203505
ImmType= Tangent
RQQueenStrength= 5.35730957309715
RQEnableReQueen= true
AIAdultSlope= 6.08341789245605
AIAdultLD50= 3.88222908789967
AIAdultSlopeContact= 7.92955191410147
AIAdultLD50Contact= 62.8129182357741
AILarvaSlope= 5.11615229770541
AILarvaLD50= 82.908674276944
AIKOW= 89643.7372192697
AIKOC= 22034.0503718529
AIHalfLife= 21.8044650450815
EAppRate= 4.92009623214998
FoliarEnabled= true
FoliarAppDate= 06/07/1989
FoliarForageBegin= 06/05/1989
FoliarForageEnd= 06/28/1989
AIContactFactor= 1.61009520267602
CL4Pollen= 1.63134857453406
CL4Nectar= 88.4304246399552
CL5Pollen= 3.17735441308469
CL5Nectar= 59.586080617737
CLDPollen= 0.647846840322018
CLDNectar= 109.781164338347
CA13Pollen= 2.39870156841353
CA13Nectar= 62.8783426992595
CA410Pollen= 2.75111261785496
CA410Nectar= 183.412838284858
CA1120Pollen= 0.77676272043027
CA1120Nectar= 51.4001856930554
IPollenTrips= 13.8452811958268
INectarTrips= 11.2391155236401
IPollenLoad= 9.76313777500764
INectarLoad= 0.335966041311622
ESoilP= 1.52172202197835
ESoilFoc= 0.010278010006994
