ICQueenStrength= 4.54383977130055
RQWkrDrnRatio= 3.9054251704365
ICDroneMiteSurvivorship= 86.3332403358072
ICWorkerMiteSurvivorship= 35.4815537808463
ICForagerLifespan= 9.10392921604216
ImmType= Polynomial
RQQueenStrength= 4.25397047330625
RQEnableReQueen= true
AIAdultSlope= 1.5642625335604
AIAdultLD50= 81.7235650203086
AIAdultSlopeContact= 5.6907233230304
AIAdultLD50Contact= 38.0237639382689
AILarvaSlope= 6.17524696327746
AILarvaLD50= 11.7872159574444
AIKOW= 78828.1793457523
AIKOC= 51800.5005953456
AIHalfLife= 27.944318787544
EAppRate= 4.30601585939201
FoliarEnabled= true
FoliarAppDate= 06/07/1989
FoliarForageBegin= 06/05/1989
FoliarForageEnd= 06/28/1989
AIContactFactor= 1.11073273459449
CL4Pollen= 2.06584288645536
CL4Nectar= 65.2526243822649
CL5Pollen= 3.96761364676058
CL5Nectar= 17.4323823535815
CLDPollen= 0.206907520070672
CLDNectar= 126.830656919628
CA13Pollen= 2.31492997547612
CA13Nectar= 95.7489878498018
CA410Pollen= 8.48708976141643
CA410Nectar= 156.745074354112
CA1120Pollen= 0.580445477273315
CA1120Nectar= 58.9252282492816
IPollenTrips= 10.537681770511
INectarTrips= 8.74988075112924
IPollenLoad= 6.60220962250605
INectarLoad= 9.80081252288073
