ICQueenStrength= 2.73835716908798
RQWkrDrnRatio= 1.01297570206225
ICDroneMiteSurvivorship= 83.8952678721398
ICWorkerMiteSurvivorship= 83.2832519197837
ICForagerLifespan= 5.8586557386443
ImmType= Sine
RQQueenStrength= 5.56224822439253
RQEnableReQueen= true
AIAdultSlope= 3.6128180064261
AIAdultLD50= 91.0331511234581
AIAdultSlopeContact= 9.62039518286474
AIAdultLD50Contact= 92.6265759601532
AILarvaSlope= 6.37351606972516
AILarvaLD50= 4.1152102317533
AIKOW= 24031.7876050486
AIKOC= 3286.82645706297
AIHalfLife= 9.21692614082713
EAppRate= 3.54552788937185
FoliarEnabled= true
FoliarAppDate= 06/07/1989
FoliarForageBegin= 06/05/1989
FoliarForageEnd= 06/28/1989
AIContactFactor= 1.61481164811645
CL4Pollen= 1.43481725547463
CL4Nectar= 63.8754192972556
CL5Pollen= 5.88801680831239
CL5Nectar= 118.08313006768
CLDPollen= 2.13338126940653
CLDNectar= 129.90825738525
CA13Pollen= 4.13212153576314
CA13Nectar= 48.2720976509154
CA410Pollen= 5.77763854148798
CA410Nectar= 175.20313938614
CA1120Pollen= 2.62551447981969
CA1120Nectar= 50.5210274271667
IPollenTrips= 12.4671733542345
INectarTrips= 6.50518177310005
IPollenLoad= 3.87444770894945
INectarLoad= 9.29952936246991
ESoilP= 1.34902358660474
ESoilFoc= 0.0119246196069289
