ICQueenStrength= 4.75548646692187
RQWkrDrnRatio= 1.78980768844485
ICDroneMiteSurvivorship= 91.0840815166011
ICWorkerMiteSurvivorship= 19.6265404578298
ICForagerLifespan= 6.17933370824903
ImmType= Sine
RQQueenStrength= 3.48616844415665
RQEnableReQueen=true
AIAdultSlope= 6.40713283792138
AIAdultLD50= 0.549944885053439
AIAdultSlopeContact= 2.49204483488575
AIAdultLD50Contact= 97.30145656567
AILarvaSlope= 2.41914772242308
AILarvaLD50= 1.96613130734884
AIKOW= 51258.1605078799
AIKOC= 50470.2462367711
AIHalfLife= 34.3257256794255
EAppRate= 4.92908578805765
FoliarEnabled=true
FoliarAppDate= 07/01/1989
FoliarForageBegin= 07/01/1989
FoliarForageEnd= 07/14/1989
AIContactFactor= 1.17897372219246
CL4Pollen= 1.62277021724731
CL4Nectar= 12.8683073678985
CL5Pollen= 5.58023793390021
CL5Nectar= 74.4542660191655
CLDPollen= 5.90032118093222
CLDNectar= 2.93140369467437
CA13Pollen= 5.86071885498241
CA13Nectar= 93.1935795024037
CA410Pollen= 3.66121443656739
CA410Nectar= 168.539467230439
CA1120Pollen= 1.31278438959271
CA1120Nectar= 37.6963134482503
IPollenTrips= 8.80273090209812
INectarTrips= 9.04343123314902
IPollenLoad= 4.67614491004497
INectarLoad= 8.49938258063048
