ICQueenStrength= 3.08808697760105
RQWkrDrnRatio= 4.90269621182233
ICDroneMiteSurvivorship= 46.9774449011311
ICWorkerMiteSurvivorship= 43.2409341447055
ICForagerLifespan= 7.89454234391451
ImmType= Polynomial
RQQueenStrength= 3.03276953077875
RQEnableReQueen= true
AIAdultSlope= 7.34889925643802
AIAdultLD50= 3.44865624562534
AIAdultSlopeContact= 5.65921612409875
AIAdultLD50Contact= 33.6639442109486
AILarvaSlope= 5.03645876795053
AILarvaLD50= 53.9827521530702
AIKOW= 20812.0223625984
AIKOC= 16005.7109229551
AIHalfLife= 1.86845975711476
EAppRate= 8.31563392003835
FoliarEnabled= true
FoliarAppDate= 06/07/1989
FoliarForageBegin= 06/05/1989
FoliarForageEnd= 06/28/1989
AIContactFactor= 1.28480291514192
CL4Pollen= 2.17755966074765
CL4Nectar= 48.515928722918
CL5Pollen= 5.52612178400159
CL5Nectar= 89.9699149187654
CLDPollen= 4.73587975138798
CLDNectar= 35.6710454332642
CA13Pollen= 3.70732138147578
CA13Nectar= 42.4510964564979
CA410Pollen= 7.71433943526354
CA410Nectar= 132.97563101165
CA1120Pollen= 1.94716709945351
CA1120Nectar= 85.4650931619108
IPollenTrips= 11.8644167273305
INectarTrips= 8.32251859130338
IPollenLoad= 4.56475798971951
INectarLoad= 0.560780784580857
ESoilP= 1.01007781573571
ESoilFoc= 0.0173867089799605
