ICQueenStrength= 3.41347500123084
RQWkrDrnRatio= 3.14534835424274
ICDroneMiteSurvivorship= 57.0367335807532
ICWorkerMiteSurvivorship= 48.5172075685114
ICForagerLifespan= 7.01982695888728
ImmType= Tangent
RQQueenStrength= 5.92574743344449
RQEnableReQueen= true
AIAdultSlope= 2.75746478885412
AIAdultLD50= 74.4054838752118
AIAdultSlopeContact= 1.75466253980994
AIAdultLD50Contact= 13.4794185096025
AILarvaSlope= 4.0823525339365
AILarvaLD50= 18.9637174635748
AIKOW= 55218.5068916312
AIKOC= 37318.3585430782
AIHalfLife= 22.3820520513458
EAppRate= 8.65069124886161
FoliarEnabled= true
FoliarAppDate= 06/07/1989
FoliarForageBegin= 06/05/1989
FoliarForageEnd= 06/28/1989
AIContactFactor= 0.524722845298238
CL4Pollen= 0.803641855716705
CL4Nectar= 9.99916456639767
CL5Pollen= 1.29949465580285
CL5Nectar= 136.613855708856
CLDPollen= 1.27593046892434
CLDNectar= 43.3922170079313
CA13Pollen= 5.68245386267081
CA13Nectar= 37.038215007633
CA410Pollen= 9.40357384961098
CA410Nectar= 145.438552121632
CA1120Pollen= 1.70546395587735
CA1120Nectar= 75.7602007314563
IPollenTrips= 5.73216941673309
INectarTrips= 5.14088111463934
IPollenLoad= 9.21014574356377
INectarLoad= 8.45651403069496
