ICQueenStrength= 3.98634853772819
RQWkrDrnRatio= 2.81636362429708
ICDroneMiteSurvivorship= 75.5649031838402
ICWorkerMiteSurvivorship= 71.1460032733157
ICForagerLifespan= 6.30208058096468
ImmType= Sine
RQQueenStrength= 2.07350748497993
RQEnableReQueen=true
AIAdultSlope= 3.17583559267223
AIAdultLD50= 0.84904548495519
AIAdultSlopeContact= 6.25558338616975
AIAdultLD50Contact= 92.0944793715423
AILarvaSlope= 8.11878878250718
AILarvaLD50= 67.3543245846182
AIKOW= 59246.7039365808
AIKOC= 3553.83159425459
AIHalfLife= 4.814386183233
EAppRate= 8.47193462185538
FoliarEnabled=true
FoliarAppDate= 07/01/1989
FoliarForageBegin= 07/01/1989
FoliarForageEnd= 07/14/1989
AIContactFactor= 0.723074824623763
CL4Pollen= 2.92601039167494
CL4Nectar= 67.9448327515274
CL5Pollen= 3.64140228554606
CL5Nectar= 137.408056959976
CLDPollen= 0.84131902595982
CLDNectar= 97.4406342138536
CA13Pollen= 3.52969005126506
CA13Nectar= 34.4040787965059
CA410Pollen= 4.55880013746209
CA410Nectar= 83.4288065740839
CA1120Pollen= 2.54366821842268
CA1120Nectar= 36.0191550478339
IPollenTrips= 12.9055206757039
INectarTrips= 12.672139138449
IPollenLoad= 2.80543890316039
INectarLoad= 2.60021627647802
