ICQueenStrength= 3.04926870879717
RQWkrDrnRatio= 4.65965999942273
ICDroneMiteSurvivorship= 64.4680789439008
ICWorkerMiteSurvivorship= 83.3822167478502
ICForagerLifespan= 4.23749421071261
ImmType= Polynomial
RQQueenStrength= 4.16049824818037
RQEnableReQueen= true
AIAdultSlope= 5.25515049509704
AIAdultLD50= 85.6067171536789
AIAdultSlopeContact= 7.38183684111573
AIAdultLD50Contact= 25.4310971922278
AILarvaSlope= 7.19549657963216
AILarvaLD50= 22.3819758282255
AIKOW= 79932.2428691753
AIKOC= 30180.3557809612
AIHalfLife= 21.7566848667338
EAppRate= 2.70887435595552
FoliarEnabled= true
FoliarAppDate= 06/07/1989
FoliarForageBegin= 06/05/1989
FoliarForageEnd= 06/28/1989
AIContactFactor= 1.88323144754861
CL4Pollen= 3.4291025409475
CL4Nectar= 21.9763861969113
CL5Pollen= 0.200919189490378
CL5Nectar= 10.4247634881176
CLDPollen= 5.69956334866583
CLDNectar= 28.0009115114808
CA13Pollen= 5.12082265112549
CA13Nectar= 23.8154352642596
CA410Pollen= 5.82101049856283
CA410Nectar= 75.3058441961184
CA1120Pollen= 2.96588297607377
CA1120Nectar= 82.567773014307
IPollenTrips= 12.5418490939774
INectarTrips= 6.82005932321772
IPollenLoad= 6.09205677174032
INectarLoad= 2.7925840113312
