ICQueenStrength= 2.07720813131891
RQWkrDrnRatio= 3.04472794476897
ICDroneMiteSurvivorship= 33.4410249255598
ICWorkerMiteSurvivorship= 89.2184936674312
ICForagerLifespan= 13.3926942674443
ImmType= Sine
RQQueenStrength= 3.64211356407031
RQEnableReQueen= true
AIAdultSlope= 6.89340303838253
AIAdultLD50= 70.6497661060544
AIAdultSlopeContact= 7.58058681502007
AIAdultLD50Contact= 34.999598836035
AILarvaSlope= 8.82380668446422
AILarvaLD50= 78.1158516477826
AIKOW= 67232.0562120821
AIKOC= 24151.5158210339
AIHalfLife= 28.3325861047721
EAppRate= 9.10123571635364
FoliarEnabled= true
FoliarAppDate= 06/07/1989
FoliarForageBegin= 06/05/1989
FoliarForageEnd= 06/28/1989
AIContactFactor= 1.11693597367033
CL4Pollen= 0.844071576371789
CL4Nectar= 77.1384577965364
CL5Pollen= 5.55027695652097
CL5Nectar= 19.6861560456455
CLDPollen= 4.23100993316621
CLDNectar= 62.5503694522195
CA13Pollen= 2.9038148753345
CA13Nectar= 97.493694499135
CA410Pollen= 4.006253263494
CA410Nectar= 141.822648672387
CA1120Pollen= 1.01228351192549
CA1120Nectar= 33.068638946861
IPollenTrips= 9.33578636497259
INectarTrips= 14.2012091516517
IPollenLoad= 4.42518478725106
INectarLoad= 4.95758471312001
ESoilP= 1.95314028067514
ESoilFoc= 0.00163447109679691
