ICQueenStrength= 2.17733816616237
RQWkrDrnRatio= 4.16950738988817
ICDroneMiteSurvivorship= 42.8675073198974
ICWorkerMiteSurvivorship= 50.8879120228812
ICForagerLifespan= 6.01237193588167
ImmType= Logarithmic
RQQueenStrength= 5.36451848130673
RQEnableReQueen= true
AIAdultSlope= 7.77402600459754
AIAdultLD50= 33.0114510294613
AIAdultSlopeContact= 1.56710964860395
AIAdultLD50Contact= 15.726627793622
AILarvaSlope= 7.28469570912421
AILarvaLD50= 55.364866993282
AIKOW= 72613.9047328009
AIKOC= 56517.49220634
AIHalfLife= 22.6111785690766
EAppRate= 6.05758066185634
FoliarEnabled= true
FoliarAppDate= 06/07/1989
FoliarForageBegin= 06/05/1989
FoliarForageEnd= 06/28/1989
AIContactFactor= 0.511067150197923
CL4Pollen= 1.98617223929614
CL4Nectar= 83.7836692342535
CL5Pollen= 2.73761536041275
CL5Nectar= 20.982618117705
CLDPollen= 3.31850842293352
CLDNectar= 111.902423563879
CA13Pollen= 4.31466873344034
CA13Nectar= 91.9711644761264
CA410Pollen= 6.16874493942596
CA410Nectar= 158.794414559379
CA1120Pollen= 0.656399580650032
CA1120Nectar= 90.2060492709279
IPollenTrips= 8.86426588520408
INectarTrips= 10.185854495503
IPollenLoad= 3.66960191866383
INectarLoad= 2.31130291009322
