ICQueenStrength= 5.03821535408497
RQWkrDrnRatio= 3.87291137687862
ICDroneMiteSurvivorship= 35.3961513843387
ICWorkerMiteSurvivorship= 33.3759199362248
ICForagerLifespan= 8.4362497003749
ImmType= Sine
RQQueenStrength= 5.54889727407135
RQEnableReQueen= true
AIAdultSlope= 1.25121006369591
AIAdultLD50= 77.2268611259405
AIAdultSlopeContact= 3.33174932398833
AIAdultLD50Contact= 28.7246481943091
AILarvaSlope= 7.24114368669689
AILarvaLD50= 34.0858663010402
AIKOW= 63992.4091205802
AIKOC= 58856.6052757713
AIHalfLife= 2.32701746905223
EAppRate= 3.20349307484785
FoliarEnabled= true
FoliarAppDate= 06/07/1989
FoliarForageBegin= 06/05/1989
FoliarForageEnd= 06/28/1989
AIContactFactor= 1.14115536419209
CL4Pollen= 2.32834805641323
CL4Nectar= 77.5412537623197
CL5Pollen= 5.38044811505824
CL5Nectar= 30.0525979720987
CLDPollen= 2.34411337785423
CLDNectar= 127.264694322366
CA13Pollen= 3.69586489703506
CA13Nectar= 61.9869684241712
CA410Pollen= 6.74543231367134
CA410Nectar= 55.6138399709016
CA1120Pollen= 0.0833426734898239
CA1120Nectar= 92.3732264526188
IPollenTrips= 14.1835939418525
INectarTrips= 7.74378263391554
IPollenLoad= 2.10801540641114
INectarLoad= 8.66302222013474
ESoilP= 1.6855393925216
ESoilFoc= 0.00189476108597592
