ICQueenStrength= 2.22152152471244
RQWkrDrnRatio= 3.00489211361855
ICDroneMiteSurvivorship= 36.9540084153414
ICWorkerMiteSurvivorship= 31.8695900496095
ICForagerLifespan= 5.91537756659091
ImmType= Exponential
AIAdultSlope= 0.017656722238753
AIAdultLD50= 0.152291426621377
AIAdultSlopeContact= 2.75837769721868
AIAdultLD50Contact= 0.0244615254341625
AILarvaSlope= 2.16344238994643
AILarvaLD50= 0.349063476850279
AIKOW= 4.05226621497422
AIKOC= 22.8326190100051
AIHalfLife= 1.06715752400924
EAppRate= 9.34014857048169
FoliarEnabled= true
