ICQueenStrength= 5.35603267513216
RQWkrDrnRatio= 4.74514031223953
ICDroneMiteSurvivorship= 87.7392267342657
ICWorkerMiteSurvivorship= 80.8066360419616
ICForagerLifespan= 14.4178735176101
ImmType= Exponential
RQQueenStrength= 4.91607447061688
RQEnableReQueen= true
AIAdultSlope= 1.77643908001482
AIAdultLD50= 51.6911496105776
AIAdultSlopeContact= 9.22163999686018
AIAdultLD50Contact= 93.900924491677
AILarvaSlope= 7.22532333992422
AILarvaLD50= 9.38324760617688
AIKOW= 28802.3932555556
AIKOC= 27508.924016529
AIHalfLife= 10.1886514122132
EAppRate= 8.27965751880896
FoliarEnabled= true
FoliarAppDate= 06/07/1989
FoliarForageBegin= 06/05/1989
FoliarForageEnd= 06/28/1989
AIContactFactor= 0.419730679239146
CL4Pollen= 0.689480945467949
CL4Nectar= 65.6799174845219
CL5Pollen= 3.72761935880408
CL5Nectar= 62.13119183667
CLDPollen= 3.56733380025253
CLDNectar= 90.2181899989955
CA13Pollen= 5.16602943586186
CA13Nectar= 53.0796896107495
CA410Pollen= 8.53681483024266
CA410Nectar= 142.581219626591
CA1120Pollen= 1.18852163711563
CA1120Nectar= 72.6101581379771
IPollenTrips= 8.12876211013645
INectarTrips= 13.7565918685868
IPollenLoad= 0.56650081416592
INectarLoad= 6.94549991982058
