ICQueenStrength= 5.91852883249521
RQWkrDrnRatio= 3.91528499685228
ICDroneMiteSurvivorship= 3.15643986687064
ICWorkerMiteSurvivorship= 30.7843908667564
ICForagerLifespan= 10.8726358208805
ImmType= Sine
RQQueenStrength= 1.69912442937493
RQEnableReQueen= true
AIAdultSlope= 6.28300885297358
AIAdultLD50= 0.0764149856218137
AIAdultSlopeContact= 4.59463766822591
AIAdultLD50Contact= 80.4075483227631
AILarvaSlope= 4.94454742223024
AILarvaLD50= 99.257039909766
AIKOW= 61476.960020494
AIKOC= 17912.4606699275
AIHalfLife= 19.3513365387684
EAppRate= 4.72199039873062
FoliarEnabled= true
FoliarAppDate= 09/01/1989
FoliarForageBegin= 09/01/1989
FoliarForageEnd= 09/08/1989
AIContactFactor= 0.642122486522421
CL4Pollen= 0.62773877568543
CL4Nectar= 5.40773367974907
CL5Pollen= 2.47338217869401
CL5Nectar= 114.118477748707
CLDPollen= 0.016260642092675
CLDNectar= 97.1985166193917
CA13Pollen= 5.40517541375011
CA13Nectar= 84.138542432338
CA410Pollen= 5.82561481103767
CA410Nectar= 62.6629425026476
CA1120Pollen= 2.36030149552971
CA1120Nectar= 74.3253070861101
IPollenTrips= 7.22123529296368
INectarTrips= 11.2565949652344
IPollenLoad= 0.534102381207049
INectarLoad= 8.11697026947513
