ICQueenStrength= 1.21970964036882
RQWkrDrnRatio= 4.9983374895528
ICDroneMiteSurvivorship= 0.484851282089949
ICWorkerMiteSurvivorship= 38.0927588557824
ICForagerLifespan= 14.07415567711
ImmType= Polynomial
RQQueenStrength= 2.41288558137603
RQEnableReQueen= true
AIAdultSlope= 2.13593575172126
AIAdultLD50= 35.7086326276921
AIAdultSlopeContact= 3.28919675480574
AIAdultLD50Contact= 26.8527257914939
AILarvaSlope= 3.87388893961906
AILarvaLD50= 48.9507179641849
AIKOW= 97280.0189788041
AIKOC= 73160.135158092
AIHalfLife= 28.8422982291318
EAppRate= 7.53632652469096
FoliarEnabled= true
FoliarAppDate= 06/07/1989
FoliarForageBegin= 06/05/1989
FoliarForageEnd= 06/28/1989
AIContactFactor= 0.728993778354488
CL4Pollen= 0.411928921937943
CL4Nectar= 63.8645955128595
CL5Pollen= 2.34506051614881
CL5Nectar= 13.165881880559
CLDPollen= 5.62771783350036
CLDNectar= 90.55976170348
CA13Pollen= 2.89547005090863
CA13Nectar= 51.2884487211704
CA410Pollen= 7.74299742239527
CA410Nectar= 81.4168982720003
CA1120Pollen= 2.40642401645891
CA1120Nectar= 83.7322291359305
IPollenTrips= 14.0007502771914
INectarTrips= 12.819751331117
IPollenLoad= 3.75007764901966
INectarLoad= 6.3954268489033
ESoilP= 1.47221099678427
ESoilFoc= 0.0172331559110899
