ICQueenStrength= 4.16001105122268
RQWkrDrnRatio= 3.15158521849662
ICDroneMiteSurvivorship= 72.9683636687696
ICWorkerMiteSurvivorship= 91.2519577424973
ICForagerLifespan= 6.51430056244135
ImmType= Logarithmic
RQQueenStrength= 4.95436452818103
RQEnableReQueen= true
AIAdultSlope= 5.50411993637681
AIAdultLD50= 23.1183312077895
AIAdultSlopeContact= 5.96759531879798
AIAdultLD50Contact= 72.7857713014612
AILarvaSlope= 8.4473843164742
AILarvaLD50= 69.0304534382182
AIKOW= 59699.0359735521
AIKOC= 77767.8553417537
AIHalfLife= 2.13483419492841
EAppRate= 4.85846154503548
FoliarEnabled= true
FoliarAppDate= 06/07/1989
FoliarForageBegin= 06/05/1989
FoliarForageEnd= 06/28/1989
AIContactFactor= 0.703197719990276
CL4Pollen= 2.69328776095062
CL4Nectar= 91.0011227242649
CL5Pollen= 5.98583901766688
CL5Nectar= 138.19599399576
CLDPollen= 2.67027645092458
CLDNectar= 4.35721644898877
CA13Pollen= 6.4379313162528
CA13Nectar= 62.7769404649734
CA410Pollen= 6.86155520719476
CA410Nectar= 32.5985175045207
CA1120Pollen= 1.2202811697498
CA1120Nectar= 92.9082276858389
IPollenTrips= 7.96849492471665
INectarTrips= 10.0091568473727
IPollenLoad= 8.92020002240315
INectarLoad= 9.82363302959129
