ICQueenStrength= 4.86444697901607
RQWkrDrnRatio= 1.90136477164924
ICDroneMiteSurvivorship= 21.9491674797609
ICWorkerMiteSurvivorship= 71.120118140243
ICForagerLifespan= 9.58781403303146
ImmType= Logarithmic
RQQueenStrength= 2.10117704980075
RQEnableReQueen=true
AIAdultSlope= 8.10098381154239
AIAdultLD50= 0.376085891403491
AIAdultSlopeContact= 3.77688621752895
AIAdultLD50Contact= 70.0136862032232
AILarvaSlope= 4.85570634715259
AILarvaLD50= 27.317201703236
AIKOW= 94223.1721433645
AIKOC= 84198.7644472825
AIHalfLife= 2.26033523364458
EAppRate= 8.45096721338411
FoliarEnabled=true
FoliarAppDate= 07/01/1989
FoliarForageBegin= 07/01/1989
FoliarForageEnd= 07/14/1989
AIContactFactor= 0.97489878423512
CL4Pollen= 1.87358848098665
CL4Nectar= 19.6858624694869
CL5Pollen= 1.79789107711986
CL5Nectar= 94.228771654889
CLDPollen= 2.12891624774784
CLDNectar= 104.659766075201
CA13Pollen= 5.16196567825973
CA13Nectar= 87.1966227144003
CA410Pollen= 8.40790591400582
CA410Nectar= 124.163293601014
CA1120Pollen= 1.26778083876707
CA1120Nectar= 48.7362533062696
IPollenTrips= 6.42399112228304
INectarTrips= 14.4237943622284
IPollenLoad= 9.50145814800635
INectarLoad= 8.72199480654672
