ICQueenStrength= 5.81873538927175
RQWkrDrnRatio= 1.53379525057971
ICDroneMiteSurvivorship= 16.5739138145
ICWorkerMiteSurvivorship= 80.0436056451872
ICForagerLifespan= 15.4078986104578
ImmType= Sine
RQQueenStrength= 3.52543683280237
RQEnableReQueen= true
AIAdultSlope= 7.02710601314902
AIAdultLD50= 35.8037732389097
AIAdultSlopeContact= 4.0196512225084
AIAdultLD50Contact= 94.7517955235485
AILarvaSlope= 6.70050803385675
AILarvaLD50= 93.4603552516578
AIKOW= 47772.5898920335
AIKOC= 16575.394849139
AIHalfLife= 32.9480027888436
EAppRate= 5.93541529970849
FoliarEnabled= true
FoliarAppDate= 06/07/1989
FoliarForageBegin= 06/05/1989
FoliarForageEnd= 06/28/1989
AIContactFactor= 0.830292746643536
CL4Pollen= 1.40172270871699
CL4Nectar= 77.5628677336499
CL5Pollen= 3.40900576254353
CL5Nectar= 76.873614883516
CLDPollen= 0.726721388753504
CLDNectar= 11.1904298420995
CA13Pollen= 5.14725101534277
CA13Nectar= 28.1770114600658
CA410Pollen= 7.85628305200953
CA410Nectar= 159.833147861063
CA1120Pollen= 1.26467376714572
CA1120Nectar= 40.8791902475059
IPollenTrips= 9.99803009675816
INectarTrips= 12.022315103095
IPollenLoad= 4.7101001534611
INectarLoad= 2.49016082845628
