ICQueenStrength= 2.64808533969335
RQWkrDrnRatio= 1.72783049102873
ICDroneMiteSurvivorship= 28.0897959833965
ICWorkerMiteSurvivorship= 35.3302475530654
ICForagerLifespan= 7.4423688845709
ImmType= Exponential
RQQueenStrength= 3.16407345957123
RQEnableReQueen= true
AIAdultSlope= 7.19353993982077
AIAdultLD50= 57.1732215151479
AIAdultSlopeContact= 9.75940830097534
AIAdultLD50Contact= 42.5893448510955
AILarvaSlope= 2.98832879401743
AILarvaLD50= 77.272979549099
AIKOW= 56070.3511274519
AIKOC= 35404.3571253959
AIHalfLife= 8.37142767929472
EAppRate= 6.02394424232934
FoliarEnabled= true
FoliarAppDate= 06/07/1989
FoliarForageBegin= 06/05/1989
FoliarForageEnd= 06/28/1989
AIContactFactor= 1.4517574876966
CL4Pollen= 3.03544383309782
CL4Nectar= 44.3997596856207
CL5Pollen= 2.80833760136738
CL5Nectar= 135.032370861154
CLDPollen= 3.70770046440884
CLDNectar= 125.645229255315
CA13Pollen= 3.39126468058676
CA13Nectar= 76.0980018600821
CA410Pollen= 2.28744765310548
CA410Nectar= 106.71827737242
CA1120Pollen= 2.24483141885139
CA1120Nectar= 89.3649833835661
IPollenTrips= 13.1288787489757
INectarTrips= 6.26562964636832
IPollenLoad= 5.86587445111945
INectarLoad= 5.99330954952165
ESoilP= 1.3320296513848
ESoilFoc= 0.0117027572931256
