ICQueenStrength= 4.1730771495495
RQWkrDrnRatio= 3.97558148764074
ICDroneMiteSurvivorship= 26.8861368997023
ICWorkerMiteSurvivorship= 66.4317687740549
ICForagerLifespan= 13.7485974924639
ImmType= Sine
RQQueenStrength= 3.12284082081169
RQEnableReQueen= true
AIAdultSlope= 4.50636588223279
AIAdultLD50= 0.812904009952676
AIAdultSlopeContact= 4.34147241245955
AIAdultLD50Contact= 73.7875754773428
AILarvaSlope= 2.66319013945758
AILarvaLD50= 71.2988621827238
AIKOW= 92686.8470946736
AIKOC= 68937.6907025853
AIHalfLife= 24.1562413676176
EAppRate= 7.96476491592685
FoliarEnabled= true
FoliarAppDate= 09/01/1989
FoliarForageBegin= 09/01/1989
FoliarForageEnd= 09/08/1989
AIContactFactor= 1.54244421632495
CL4Pollen= 3.58928475622088
CL4Nectar= 15.7560030696914
CL5Pollen= 0.235983185470104
CL5Nectar= 35.7811772846617
CLDPollen= 0.365485511720181
CLDNectar= 31.0694008134305
CA13Pollen= 4.99209491750225
CA13Nectar= 82.8395921736956
CA410Pollen= 5.834709672397
CA410Nectar= 21.1321968026459
CA1120Pollen= 1.57924022502266
CA1120Nectar= 56.5563538856804
IPollenTrips= 6.6964164795354
INectarTrips= 11.5305390232243
IPollenLoad= 7.00887692626566
INectarLoad= 1.03861140320078
