ICQueenStrength= 5.11157967057079
RQWkrDrnRatio= 3.5041785473004
ICDroneMiteSurvivorship= 85.6392434798181
ICWorkerMiteSurvivorship= 27.972906967625
ICForagerLifespan= 5.26314980722964
ImmType= Cosine
RQQueenStrength= 5.64439769741148
RQEnableReQueen= true
AIAdultSlope= 5.45271112211049
AIAdultLD50= 55.4775493554345
AIAdultSlopeContact= 8.83850092301145
AIAdultLD50Contact= 59.1359366000886
AILarvaSlope= 5.70655966736376
AILarvaLD50= 91.7877163780907
AIKOW= 44450.9381098074
AIKOC= 64097.5300722667
AIHalfLife= 22.9209487367654
EAppRate= 3.53602124736365
FoliarEnabled= true
FoliarAppDate= 06/07/1989
FoliarForageBegin= 06/05/1989
FoliarForageEnd= 06/28/1989
AIContactFactor= 1.39997632855549
CL4Pollen= 3.50100994855165
CL4Nectar= 44.5538891013712
CL5Pollen= 1.95181924430653
CL5Nectar= 42.2829468268901
CLDPollen= 5.40261187590659
CLDNectar= 144.910066318698
CA13Pollen= 4.69109950475395
CA13Nectar= 60.520567279309
CA410Pollen= 5.44077861015685
CA410Nectar= 173.766568102874
CA1120Pollen= 2.98627101955935
CA1120Nectar= 40.1445445977151
IPollenTrips= 8.3106573484838
INectarTrips= 8.03337187506258
IPollenLoad= 4.59126561880112
INectarLoad= 6.44444008590654
