ICQueenStrength= 1.80674967844971
RQWkrDrnRatio= 2.77950929477811
ICDroneMiteSurvivorship= 13.6750938370824
ICWorkerMiteSurvivorship= 18.798650871031
ICForagerLifespan= 5.69206342380494
ImmType= Cosine
RQQueenStrength= 1.10642787441611
RQEnableReQueen= true
AIAdultSlope= 6.65865368954837
AIAdultLD50= 19.0392164685642
AIAdultSlopeContact= 9.2323184304405
AIAdultLD50Contact= 69.9673482695289
AILarvaSlope= 8.33881126716733
AILarvaLD50= 43.5212874474216
AIKOW= 56443.1927417191
AIKOC= 40342.6218290126
AIHalfLife= 27.2730393079342
EAppRate= 2.42601685373206
FoliarEnabled= true
FoliarAppDate= 06/07/1989
FoliarForageBegin= 06/05/1989
FoliarForageEnd= 06/28/1989
AIContactFactor= 0.500948075423948
CL4Pollen= 2.92080162465572
CL4Nectar= 80.5334980366752
CL5Pollen= 2.13920888677239
CL5Nectar= 119.820960459765
CLDPollen= 5.20366320759058
CLDNectar= 85.0409845006652
CA13Pollen= 4.06752357846126
CA13Nectar= 90.8281116932631
CA410Pollen= 5.16593903836329
CA410Nectar= 194.188580564223
CA1120Pollen= 2.70942840445787
CA1120Nectar= 43.1857971474528
IPollenTrips= 6.91360565600917
INectarTrips= 10.4258880345151
IPollenLoad= 1.40659357188269
INectarLoad= 3.75510868849233
ESoilP= 1.47308125230484
ESoilFoc= 0.00438044880214147
