ICQueenStrength= 3.86953335721046
RQWkrDrnRatio= 2.87443028669804
ICDroneMiteSurvivorship= 66.3696867646649
ICWorkerMiteSurvivorship= 90.261221001856
ICForagerLifespan= 11.339651205577
ImmType= Sine
RQQueenStrength= 1.14434199780226
RQEnableReQueen=true
AIAdultSlope= 7.65521711111069
AIAdultLD50= 0.422168522735359
AIAdultSlopeContact= 1.89169109566137
AIAdultLD50Contact= 48.2844101474348
AILarvaSlope= 7.33183026313782
AILarvaLD50= 86.6894677953613
AIKOW= 23552.0189707543
AIKOC= 759.041660774732
AIHalfLife= 9.51569064988289
EAppRate= 7.64607964367722
FoliarEnabled=true
FoliarAppDate= 07/01/1989
FoliarForageBegin= 07/01/1989
FoliarForageEnd= 07/14/1989
AIContactFactor= 0.982208801871166
CL4Pollen= 2.64337383396924
CL4Nectar= 18.9938414143398
CL5Pollen= 1.05277226446196
CL5Nectar= 97.9976160801016
CLDPollen= 2.73245111340657
CLDNectar= 54.336583300028
CA13Pollen= 8.07835835386068
CA13Nectar= 59.4602261483669
CA410Pollen= 3.85230611350853
CA410Nectar= 123.812124631368
CA1120Pollen= 0.436905173817649
CA1120Nectar= 26.4430740103126
IPollenTrips= 11.9306380907074
INectarTrips= 6.94132643984631
IPollenLoad= 1.55470190569758
INectarLoad= 6.97472077095881
