ICQueenStrength= 2.84684881707653
RQWkrDrnRatio= 3.75322656985372
ICDroneMiteSurvivorship= 40.1740380562842
ICWorkerMiteSurvivorship= 68.8818160910159
ICForagerLifespan= 6.26142061688006
ImmType= Cosine
RQQueenStrength= 1.67590113962069
RQEnableReQueen= true
AIAdultSlope= 5.42266472801566
AIAdultLD50= 72.0963334351168
AIAdultSlopeContact= 3.95874605933204
AIAdultLD50Contact= 14.5674325380302
AILarvaSlope= 7.9511512182653
AILarvaLD50= 40.8276494495848
AIKOW= 90298.1720787715
AIKOC= 8275.63476536539
AIHalfLife= 15.4102205190808
EAppRate= 2.09992628897587
FoliarEnabled= true
FoliarAppDate= 06/07/1989
FoliarForageBegin= 06/05/1989
FoliarForageEnd= 06/28/1989
AIContactFactor= 0.605715249287896
CL4Pollen= 0.435249038040638
CL4Nectar= 23.2604651013389
CL5Pollen= 4.98830883856863
CL5Nectar= 7.10392728215083
CLDPollen= 3.96402381872758
CLDNectar= 5.03979579079896
CA13Pollen= 7.13937943549827
CA13Nectar= 35.7002784311771
CA410Pollen= 9.08396412639413
CA410Nectar= 32.5341509003192
CA1120Pollen= 2.314482903108
CA1120Nectar= 91.355466041714
IPollenTrips= 8.66058727027848
INectarTrips= 7.11405539186671
IPollenLoad= 4.69835746800527
INectarLoad= 9.98146170051768
