ICQueenStrength= 2.86664716224186
RQWkrDrnRatio= 3.9078171774745
ICDroneMiteSurvivorship= 58.0001479014754
ICWorkerMiteSurvivorship= 79.5489306328818
ICForagerLifespan= 14.1596100935712
ImmType= Cosine
RQQueenStrength= 1.37076289649121
RQEnableReQueen= true
AIAdultSlope= 7.07651735655963
AIAdultLD50= 22.5453982323133
AIAdultSlopeContact= 8.92394767422229
AIAdultLD50Contact= 83.3100915265453
AILarvaSlope= 8.44402992911637
AILarvaLD50= 39.0330886549989
AIKOW= 957.740991918973
AIKOC= 29810.8331933399
AIHalfLife= 7.58336354093626
EAppRate= 2.51471248176694
FoliarEnabled= true
FoliarAppDate= 06/07/1989
FoliarForageBegin= 06/05/1989
FoliarForageEnd= 06/28/1989
AIContactFactor= 0.478172155041248
CL4Pollen= 0.0550105925649405
CL4Nectar= 9.61228262167424
CL5Pollen= 3.17047682683915
CL5Nectar= 126.152479927987
CLDPollen= 0.0474474728107452
CLDNectar= 7.3442573659122
CA13Pollen= 3.52374560693279
CA13Nectar= 53.9876724407077
CA410Pollen= 4.90157404693309
CA410Nectar= 142.465704763308
CA1120Pollen= 0.34845063323155
CA1120Nectar= 90.2888399362564
IPollenTrips= 10.1375731336884
INectarTrips= 7.69950798945501
IPollenLoad= 2.33674101764336
INectarLoad= 2.22481184173375
