ICQueenStrength= 5.82487030210905
RQWkrDrnRatio= 3.21372335124761
ICDroneMiteSurvivorship= 58.312970190309
ICWorkerMiteSurvivorship= 93.897312367335
ICForagerLifespan= 15.4116572653875
ImmType= Sine
RQQueenStrength= 3.79944374924526
RQEnableReQueen= true
AIAdultSlope= 2.65128561295569
AIAdultLD50= 48.8970195358263
AIAdultSlopeContact= 7.23068247968331
AIAdultLD50Contact= 58.5364112317064
AILarvaSlope= 6.69643664173782
AILarvaLD50= 30.2721617784807
AIKOW= 55291.0769130891
AIKOC= 97898.900868004
AIHalfLife= 1.3124995070044
EAppRate= 7.21390712248464
FoliarEnabled= true
FoliarAppDate= 06/07/1989
FoliarForageBegin= 06/05/1989
FoliarForageEnd= 06/28/1989
AIContactFactor= 0.274911491042003
CL4Pollen= 1.20772363618016
CL4Nectar= 88.4469005279243
CL5Pollen= 2.5852239090018
CL5Nectar= 15.7611428643577
CLDPollen= 5.7945457873866
CLDNectar= 49.0114957443438
CA13Pollen= 7.96310362713411
CA13Nectar= 69.7483465634286
CA410Pollen= 8.62056816571858
CA410Nectar= 65.5583904031664
CA1120Pollen= 1.72600137814879
CA1120Nectar= 32.4266269244254
IPollenTrips= 12.5634551257826
INectarTrips= 9.02595161926001
IPollenLoad= 1.11835884395987
INectarLoad= 6.48220358649269
