ICQueenStrength= 5.36734890448861
RQWkrDrnRatio= 3.31802609656006
ICDroneMiteSurvivorship= 82.9643709585071
ICWorkerMiteSurvivorship= 95.2403618954122
ICForagerLifespan= 13.5974129065871
ImmType= Tangent
RQQueenStrength= 4.23303744546138
RQEnableReQueen= true
AIAdultSlope= 1.6712889932096
AIAdultLD50= 69.6945749505216
AIAdultSlopeContact= 7.3388864165172
AIAdultLD50Contact= 68.2086639667721
AILarvaSlope= 3.38177876546979
AILarvaLD50= 87.76047632303
AIKOW= 92766.8876495674
AIKOC= 69787.4662073846
AIHalfLife= 5.46400496526621
EAppRate= 2.67211221591569
FoliarEnabled= true
FoliarAppDate= 06/07/1989
FoliarForageBegin= 06/05/1989
FoliarForageEnd= 06/28/1989
AIContactFactor= 1.96466918818187
CL4Pollen= 2.46276338491589
CL4Nectar= 56.6738501656801
CL5Pollen= 2.01948567247018
CL5Nectar= 48.7653199117631
CLDPollen= 0.75892473757267
CLDNectar= 60.492682561744
CA13Pollen= 4.56679020198062
CA13Nectar= 67.1446351893246
CA410Pollen= 3.89122258576099
CA410Nectar= 187.784162391908
CA1120Pollen= 1.16226599109359
CA1120Nectar= 97.3915541544557
IPollenTrips= 7.79797167750075
INectarTrips= 9.08390210475773
IPollenLoad= 4.09014659235254
INectarLoad= 7.51227551605552
ESoilP= 1.11116359895095
ESoilFoc= 0.0185551624784712
