ICQueenStrength= 3.31948518310674
RQWkrDrnRatio= 1.61324402224272
ICDroneMiteSurvivorship= 9.63282233569771
ICWorkerMiteSurvivorship= 87.4314591288567
ICForagerLifespan= 11.7646221173927
ImmType= Sine
RQQueenStrength= 2.32616376387887
RQEnableReQueen= true
AIAdultSlope= 3.98543149605393
AIAdultLD50= 92.2749560306384
AIAdultSlopeContact= 5.05452644941397
AIAdultLD50Contact= 8.74857692000712
AILarvaSlope= 3.66496841795743
AILarvaLD50= 76.3303979094687
AIKOW= 68815.8579155543
AIKOC= 98710.5542751555
AIHalfLife= 23.2633190761087
EAppRate= 9.38620286533306
FoliarEnabled= true
FoliarAppDate= 06/07/1989
FoliarForageBegin= 06/05/1989
FoliarForageEnd= 06/28/1989
AIContactFactor= 2.35277231969871
CL4Pollen= 1.61882369220257
CL4Nectar= 0.411270768381655
CL5Pollen= 0.920037647243589
CL5Nectar= 88.6532836826518
CLDPollen= 5.85845477040857
CLDNectar= 118.186513264664
CA13Pollen= 4.2707416376099
CA13Nectar= 50.5651334673166
CA410Pollen= 5.52962645641528
CA410Nectar= 84.0710123209283
CA1120Pollen= 0.642602929612622
CA1120Nectar= 38.6456964723766
IPollenTrips= 5.51329085603356
INectarTrips= 8.25958322733641
IPollenLoad= 1.20714401360601
INectarLoad= 0.374441957101226
