ICQueenStrength= 1.52138053346425
RQWkrDrnRatio= 1.30575226433575
ICDroneMiteSurvivorship= 52.985405921936
ICWorkerMiteSurvivorship= 70.7680640742183
ICForagerLifespan= 10.8008924350142
ImmType= Sine
RQQueenStrength= 2.65651278570294
RQEnableReQueen= true
AIAdultSlope= 6.89702178910375
AIAdultLD50= 0.50537758605252
AIAdultSlopeContact= 4.50094201369211
AIAdultLD50Contact= 37.0223570373417
AILarvaSlope= 7.27791487984359
AILarvaLD50= 31.6596548829286
AIKOW= 89064.7056271959
AIKOC= 34971.087169477
AIHalfLife= 2.32400667716283
EAppRate= 6.75202590035438
FoliarEnabled= true
FoliarAppDate= 06/07/1989
FoliarForageBegin= 06/05/1989
FoliarForageEnd= 06/28/1989
AIContactFactor= 1.80342283629812
CL4Pollen= 1.04386042337865
CL4Nectar= 5.67384941969067
CL5Pollen= 2.88851134059951
CL5Nectar= 103.010189544875
CLDPollen= 1.97277190815657
CLDNectar= 69.6693867095746
CA13Pollen= 5.54230267070234
CA13Nectar= 66.8340849876404
CA410Pollen= 5.42006290673744
CA410Nectar= 54.2345432378352
CA1120Pollen= 1.94946628552862
CA1120Nectar= 40.2935463190079
IPollenTrips= 8.29411691287532
INectarTrips= 10.3027670364827
IPollenLoad= 7.05969192320481
INectarLoad= 9.96516866143793
