ICQueenStrength= 2.89058152609505
RQWkrDrnRatio= 2.22241413034499
ICDroneMiteSurvivorship= 24.0125877549872
ICWorkerMiteSurvivorship= 56.5715404925868
ICForagerLifespan= 7.19088041596115
ImmType= Exponential
RQQueenStrength= 3.0581831340678
RQEnableReQueen= true
AIAdultSlope= 6.31750637106597
AIAdultLD50= 79.7863149735711
AIAdultSlopeContact= 2.02913187770173
AIAdultLD50Contact= 95.8617703377707
AILarvaSlope= 8.96927409991622
AILarvaLD50= 0.644936461504316
AIKOW= 41770.76325502
AIKOC= 32176.1392387024
AIHalfLife= 28.9773084404645
EAppRate= 7.30806172925816
FoliarEnabled= true
FoliarAppDate= 06/07/1989
FoliarForageBegin= 06/05/1989
FoliarForageEnd= 06/28/1989
AIContactFactor= 0.35405571417883
CL4Pollen= 1.61962882708758
CL4Nectar= 55.1137898117304
CL5Pollen= 1.8149606580846
CL5Nectar= 72.3387854173779
CLDPollen= 1.4459810256958
CLDNectar= 24.2769932840019
CA13Pollen= 6.03749089762568
CA13Nectar= 57.6524708606303
CA410Pollen= 8.16826621424407
CA410Nectar= 115.979446712881
CA1120Pollen= 2.35681883362122
CA1120Nectar= 41.991848628968
IPollenTrips= 5.89946229942143
INectarTrips= 11.8343281093985
IPollenLoad= 0.489302424248308
INectarLoad= 9.35956495581195
ESoilP= 1.20356184407137
ESoilFoc= 0.0179777398579754
