ICQueenStrength= 1.55031155003235
RQWkrDrnRatio= 3.24805782083422
ICDroneMiteSurvivorship= 54.6565817669034
ICWorkerMiteSurvivorship= 81.3720898702741
ICForagerLifespan= 14.4620145196095
ImmType= Sine
RQQueenStrength= 1.72695595328696
RQEnableReQueen= true
AIAdultSlope= 7.99795657210052
AIAdultLD50= 47.2329137501682
AIAdultSlopeContact= 2.90296443598345
AIAdultLD50Contact= 69.1006596036805
AILarvaSlope= 2.44989802315831
AILarvaLD50= 47.9053977803567
AIKOW= 90201.5704681151
AIKOC= 37819.2019815664
AIHalfLife= 14.687150247721
EAppRate= 6.22294707552483
FoliarEnabled= true
FoliarAppDate= 06/07/1989
FoliarForageBegin= 06/05/1989
FoliarForageEnd= 06/28/1989
AIContactFactor= 2.11849890876096
CL4Pollen= 3.18059579189867
CL4Nectar= 60.0950816646218
CL5Pollen= 5.6855856589973
CL5Nectar= 50.7297494332306
CLDPollen= 4.73361261561513
CLDNectar= 143.279678793624
CA13Pollen= 8.1557389607653
CA13Nectar= 41.4008052647114
CA410Pollen= 2.45577260674909
CA410Nectar= 155.900586755015
CA1120Pollen= 1.8019703803584
CA1120Nectar= 50.2377892099321
IPollenTrips= 14.4118490023538
INectarTrips= 10.3029392519966
IPollenLoad= 4.39404815202579
INectarLoad= 3.4922871296294
ESoilP= 1.13798734103329
ESoilFoc= 0.0153638727332
