ICQueenStrength= 3.92619679239579
RQWkrDrnRatio= 1.57541477307677
ICDroneMiteSurvivorship= 74.6170917293057
ICWorkerMiteSurvivorship= 83.1235835095868
ICForagerLifespan= 15.2138909902424
ImmType= Polynomial
RQQueenStrength= 5.0456117154099
RQEnableReQueen= true
AIAdultSlope= 5.96239604055882
AIAdultLD50= 77.6736685582956
AIAdultSlopeContact= 3.20641125156544
AIAdultLD50Contact= 22.6703377014303
AILarvaSlope= 5.35025949403644
AILarvaLD50= 21.377222462639
AIKOW= 36717.5868199189
AIKOC= 57683.3783423612
AIHalfLife= 14.5726645860821
EAppRate= 2.20300305625424
FoliarEnabled= true
FoliarAppDate= 06/07/1989
FoliarForageBegin= 06/05/1989
FoliarForageEnd= 06/28/1989
AIContactFactor= 2.28337019911967
CL4Pollen= 2.55311315599829
CL4Nectar= 54.4421784812585
CL5Pollen= 1.10102174989879
CL5Nectar= 148.108425491955
CLDPollen= 4.46837615221739
CLDNectar= 93.1666639284231
CA13Pollen= 3.11005972074345
CA13Nectar= 39.0317162312567
CA410Pollen= 5.18493860834278
CA410Nectar= 164.221008499153
CA1120Pollen= 2.34095853148028
CA1120Nectar= 71.3035973533988
IPollenTrips= 14.1217271052301
INectarTrips= 13.2138908142224
IPollenLoad= 7.477095159702
INectarLoad= 7.62186954030767
