ICQueenStrength= 2.33175852824934
RQWkrDrnRatio= 1.65470679942518
ICDroneMiteSurvivorship= 43.9630768494681
ICWorkerMiteSurvivorship= 0.707928882911801
ICForagerLifespan= 7.52938663773239
ImmType= Cosine
RQQueenStrength= 4.34209068678319
RQEnableReQueen= true
AIAdultSlope= 2.3493402954191
AIAdultLD50= 10.4983690437442
AIAdultSlopeContact= 6.96661707432941
AIAdultLD50Contact= 0.412895431822399
AILarvaSlope= 8.029212359339
AILarvaLD50= 14.2598734347199
AIKOW= 46945.681606107
AIKOC= 76343.9173882762
AIHalfLife= 24.8670624989085
EAppRate= 6.11640251922258
FoliarEnabled= true
FoliarAppDate= 06/07/1989
FoliarForageBegin= 06/05/1989
FoliarForageEnd= 06/28/1989
AIContactFactor= 0.847385377669707
CL4Pollen= 3.16000836901367
CL4Nectar= 56.9728663191199
CL5Pollen= 1.37834087200463
CL5Nectar= 68.4162357822061
CLDPollen= 1.63305328739807
CLDNectar= 1.35992827126756
CA13Pollen= 6.63423794861883
CA13Nectar= 94.2375021241605
CA410Pollen= 7.62518670673016
CA410Nectar= 174.938848842867
CA1120Pollen= 1.67452394217253
CA1120Nectar= 26.4458387717605
IPollenTrips= 9.87528467550874
INectarTrips= 6.66963203344494
IPollenLoad= 8.64318007137626
INectarLoad= 7.95662120683119
ESoilP= 1.47010556259193
ESoilFoc= 0.00452813186589628
