ICQueenStrength= 3.16079806676134
RQWkrDrnRatio= 3.50854077748954
ICDroneMiteSurvivorship= 23.4561067307368
ICWorkerMiteSurvivorship= 94.2099720239639
ICForagerLifespan= 12.2947142962366
ImmType= Tangent
RQQueenStrength= 4.71871180250309
RQEnableReQueen= true
AIAdultSlope= 4.02483618445694
AIAdultLD50= 7.0085885679929
AIAdultSlopeContact= 5.32285711192526
AIAdultLD50Contact= 78.1258982128727
AILarvaSlope= 6.27517196536064
AILarvaLD50= 47.0851719838765
AIKOW= 76251.7993570714
AIKOC= 5982.92694029422
AIHalfLife= 24.4189628080232
EAppRate= 6.12409441621462
FoliarEnabled= true
FoliarAppDate= 06/07/1989
FoliarForageBegin= 06/05/1989
FoliarForageEnd= 06/28/1989
AIContactFactor= 1.39689789643046
CL4Pollen= 3.15725404396653
CL4Nectar= 71.3926331605762
CL5Pollen= 1.99611167097464
CL5Nectar= 133.879467321094
CLDPollen= 0.141929556615651
CLDNectar= 75.8167905849405
CA13Pollen= 3.40096263475716
CA13Nectar= 35.5778298154473
CA410Pollen= 3.68029565839097
CA410Nectar= 157.692293869331
CA1120Pollen= 1.20134217222221
CA1120Nectar= 36.3114065863192
IPollenTrips= 13.4944677073509
INectarTrips= 7.98141322564334
IPollenLoad= 7.81475303927436
INectarLoad= 9.65236858231947
