ICQueenStrength= 5.52021596836857
RQWkrDrnRatio= 2.73538167122751
ICDroneMiteSurvivorship= 98.5965197207406
ICWorkerMiteSurvivorship= 48.9484791411087
ICForagerLifespan= 4.89689310733229
ImmType= Sine
RQQueenStrength= 4.65228355047293
RQEnableReQueen= true
AIAdultSlope= 8.59569424204528
AIAdultLD50= 55.0417563089107
AIAdultSlopeContact= 8.84226665855385
AIAdultLD50Contact= 80.0139469567281
AILarvaSlope= 8.229746485129
AILarvaLD50= 65.4462227570529
AIKOW= 30249.5755389291
AIKOC= 63735.8277453841
AIHalfLife= 2.06252364770044
EAppRate= 9.18308022885118
FoliarEnabled= true
FoliarAppDate= 06/07/1989
FoliarForageBegin= 06/05/1989
FoliarForageEnd= 06/28/1989
AIContactFactor= 2.3824140421534
CL4Pollen= 2.41616871207952
CL4Nectar= 74.1142878076062
CL5Pollen= 5.88251463789493
CL5Nectar= 9.89673921139911
CLDPollen= 3.03353512426838
CLDNectar= 9.4835317810066
CA13Pollen= 3.78759940974414
CA13Nectar= 69.3180018849671
CA410Pollen= 2.40790523975156
CA410Nectar= 165.736730387434
CA1120Pollen= 1.86487194662914
CA1120Nectar= 49.428100194782
IPollenTrips= 14.8244280717336
INectarTrips= 5.24675218621269
IPollenLoad= 6.79397895000875
INectarLoad= 5.66154326079413
