ICQueenStrength= 1.27231288026087
RQWkrDrnRatio= 1.30786731373519
ICDroneMiteSurvivorship= 21.6062807478011
ICWorkerMiteSurvivorship= 19.4524680264294
ICForagerLifespan= 8.00870907586068
ImmType= Exponential
RQQueenStrength= 4.89614396961406
RQEnableReQueen= true
AIAdultSlope= 4.2687298040837
AIAdultLD50= 39.5565651477594
AIAdultSlopeContact= 7.65380862122402
AIAdultLD50Contact= 52.3564964051733
AILarvaSlope= 8.86098843440413
AILarvaLD50= 64.1164551493544
AIKOW= 15784.5463767335
AIKOC= 3575.4556870223
AIHalfLife= 1.87053672515322
EAppRate= 6.95829722146713
FoliarEnabled= true
FoliarAppDate= 06/07/1989
FoliarForageBegin= 06/05/1989
FoliarForageEnd= 06/28/1989
AIContactFactor= 2.37081530480646
CL4Pollen= 3.13497968018055
CL4Nectar= 51.445746421814
CL5Pollen= 0.35883639799431
CL5Nectar= 14.6236711414531
CLDPollen= 4.38102080672979
CLDNectar= 111.697102594189
CA13Pollen= 3.79440071089193
CA13Nectar= 52.5914912484586
CA410Pollen= 5.88022070722655
CA410Nectar= 110.329145686701
CA1120Pollen= 1.38955010916106
CA1120Nectar= 53.5295788384974
IPollenTrips= 12.5591979804449
INectarTrips= 13.649164699018
IPollenLoad= 6.26104889670387
INectarLoad= 3.27097473200411
