ICQueenStrength= 3.50973427388817
RQWkrDrnRatio= 1.46505180280656
ICDroneMiteSurvivorship= 76.027542585507
ICWorkerMiteSurvivorship= 76.0280149290338
ICForagerLifespan= 4.13404376152903
ImmType= Tangent
RQQueenStrength= 2.87335878051817
RQEnableReQueen=true
AIAdultSlope= 5.33918750472367
AIAdultLD50= 0.846254915953381
AIAdultSlopeContact= 4.88921976205893
AIAdultLD50Contact= 90.1000526975261
AILarvaSlope= 1.06617837958038
AILarvaLD50= 67.2370217678305
AIKOW= 80765.70864326
AIKOC= 11833.9315153833
AIHalfLife= 8.14232275991235
EAppRate= 2.25680324954027
FoliarEnabled=true
FoliarAppDate= 07/01/1989
FoliarForageBegin= 07/01/1989
FoliarForageEnd= 07/14/1989
AIContactFactor= 1.53887248478364
CL4Pollen= 0.106479301117361
CL4Nectar= 85.812471807003
CL5Pollen= 5.07531903963536
CL5Nectar= 45.2888586209156
CLDPollen= 1.34080794174224
CLDNectar= 149.62554036174
CA13Pollen= 6.15986110158265
CA13Nectar= 61.6279836557806
CA410Pollen= 5.55467843194492
CA410Nectar= 26.8173425318673
CA1120Pollen= 2.02205064310692
CA1120Nectar= 58.1278304755688
IPollenTrips= 6.79769919021055
INectarTrips= 9.92845484288409
IPollenLoad= 6.29240182228386
INectarLoad= 3.53994489181787
