ICQueenStrength= 2.47433987166733
RQWkrDrnRatio= 2.42776689305902
ICDroneMiteSurvivorship= 58.9992964407429
ICWorkerMiteSurvivorship= 40.6530053121969
ICForagerLifespan= 5.08538659475744
ImmType= Logarithmic
RQQueenStrength= 4.80666428711265
RQEnableReQueen=true
AIAdultSlope= 2.60130000114441
AIAdultLD50= 0.128166060779011
AIAdultSlopeContact= 1.88615459087305
AIAdultLD50Contact= 96.5820427754924
AILarvaSlope= 4.80570373684168
AILarvaLD50= 24.2618602609406
AIKOW= 91635.8333063271
AIKOC= 62579.5306900961
AIHalfLife= 26.6090520743048
EAppRate= 1.12343247467792
FoliarEnabled=true
FoliarAppDate= 07/01/1989
FoliarForageBegin= 07/01/1989
FoliarForageEnd= 07/14/1989
AIContactFactor= 2.33145800902042
CL4Pollen= 3.97971796430647
CL4Nectar= 11.5131373051554
CL5Pollen= 2.43535838741809
CL5Nectar= 92.8343799663708
CLDPollen= 2.40065538464114
CLDNectar= 47.873166447971
CA13Pollen= 3.33021916244179
CA13Nectar= 89.6701703034341
CA410Pollen= 9.28296391020995
CA410Nectar= 74.6231277054176
CA1120Pollen= 0.979344237595797
CA1120Nectar= 37.6471112854779
IPollenTrips= 6.38024922925979
INectarTrips= 8.30261002294719
IPollenLoad= 7.63626002008095
INectarLoad= 3.66405636072159
