ICQueenStrength= 4.50410304311663
RQWkrDrnRatio= 2.95598598010838
ICDroneMiteSurvivorship= 3.87975515332073
ICWorkerMiteSurvivorship= 4.91165916901082
ICForagerLifespan= 11.7641356931999
ImmType= Tangent
RQQueenStrength= 4.54514686204493
RQEnableReQueen=true
AIAdultSlope= 6.34788823872805
AIAdultLD50= 0.657261520178523
AIAdultSlopeContact= 7.58315470744856
AIAdultLD50Contact= 13.8371013117318
AILarvaSlope= 1.40717539191246
AILarvaLD50= 79.9814510156237
AIKOW= 68334.6621925385
AIKOC= 52921.9576638988
AIHalfLife= 20.3704830073752
EAppRate= 9.95849518058053
FoliarEnabled=true
FoliarAppDate= 07/01/1989
FoliarForageBegin= 07/01/1989
FoliarForageEnd= 07/14/1989
AIContactFactor= 1.9747639993066
CL4Pollen= 1.69350104685873
CL4Nectar= 23.9909831201658
CL5Pollen= 0.64569783071056
CL5Nectar= 89.9021155200899
CLDPollen= 1.83981901500374
CLDNectar= 148.950246255845
CA13Pollen= 4.69399426626041
CA13Nectar= 46.2348037771881
CA410Pollen= 8.27674278139602
CA410Nectar= 190.915688439272
CA1120Pollen= 0.974122553598136
CA1120Nectar= 32.6793650537729
IPollenTrips= 11.5291939047165
INectarTrips= 13.2383508258499
IPollenLoad= 0.167527557350695
INectarLoad= 9.59562788251787
