ICQueenStrength= 4.20796167943627
RQWkrDrnRatio= 2.33284901455045
ICDroneMiteSurvivorship= 35.8180402545258
ICWorkerMiteSurvivorship= 69.4849235238507
ICForagerLifespan= 5.49360330309719
ImmType= Sine
RQQueenStrength= 3.82304207910784
RQEnableReQueen= true
AIAdultSlope= 8.63457983732224
AIAdultLD50= 41.168418671574
AIAdultSlopeContact= 8.69994528288953
AIAdultLD50Contact= 16.7032689096255
AILarvaSlope= 3.9226249512285
AILarvaLD50= 95.8580806376089
AIKOW= 61770.3611309422
AIKOC= 46683.1938508635
AIHalfLife= 22.3939842206193
EAppRate= 5.88949549356592
FoliarEnabled= true
FoliarAppDate= 06/07/1989
FoliarForageBegin= 06/05/1989
FoliarForageEnd= 06/28/1989
AIContactFactor= 0.455238809678704
CL4Pollen= 0.0520476689562201
CL4Nectar= 92.6850089337677
CL5Pollen= 1.45146104553714
CL5Nectar= 58.7780250585638
CLDPollen= 4.60017913626507
CLDNectar= 46.7099906411022
CA13Pollen= 5.97720983000472
CA13Nectar= 46.4539944566786
CA410Pollen= 8.61201883861795
CA410Nectar= 20.7931755576283
CA1120Pollen= 1.07894000248052
CA1120Nectar= 69.7472442314029
IPollenTrips= 14.3762657954358
INectarTrips= 8.43336615944281
IPollenLoad= 4.16386420372874
INectarLoad= 4.17200123425573
