ICQueenStrength= 4.15800100215711
RQWkrDrnRatio= 1.06596043799073
ICDroneMiteSurvivorship= 47.9670377448201
ICWorkerMiteSurvivorship= 96.2686448823661
ICForagerLifespan= 7.42536364868283
ImmType= Sine
RQQueenStrength= 4.65464224596508
RQEnableReQueen= true
AIAdultSlope= 6.45706277154386
AIAdultLD50= 8.12184332782472
AIAdultSlopeContact= 2.97622823342681
AIAdultLD50Contact= 47.6230012945507
AILarvaSlope= 1.30312341637909
AILarvaLD50= 27.8159979754786
AIKOW= 76549.9053224316
AIKOC= 45319.4230879613
AIHalfLife= 30.3942222330254
EAppRate= 9.8378777848382
FoliarEnabled= true
FoliarAppDate= 06/07/1989
FoliarForageBegin= 06/05/1989
FoliarForageEnd= 06/28/1989
AIContactFactor= 0.358178027318791
CL4Pollen= 2.06083976663649
CL4Nectar= 21.7462035361677
CL5Pollen= 3.02654478745535
CL5Nectar= 107.736648700666
CLDPollen= 0.688767209183425
CLDNectar= 72.2618397907354
CA13Pollen= 7.96091993879527
CA13Nectar= 28.9919286593795
CA410Pollen= 5.68523907116614
CA410Nectar= 108.317902195267
CA1120Pollen= 2.12972910935059
CA1120Nectar= 58.1729220971465
IPollenTrips= 5.89045526692644
INectarTrips= 11.7214436456561
IPollenLoad= 2.74811225943267
INectarLoad= 6.5089136059396
