ICQueenStrength= 1.56629133783281
RQWkrDrnRatio= 2.50926644168794
ICDroneMiteSurvivorship= 61.1944892443717
ICWorkerMiteSurvivorship= 25.8098588790745
ICForagerLifespan= 4.06145144253969
ImmType= Sine
RQQueenStrength= 3.99857708904892
RQEnableReQueen=true
AIAdultSlope= 2.50997731089592
AIAdultLD50= 0.678245322807925
AIAdultSlopeContact= 3.46526205702685
AIAdultLD50Contact= 62.7211230414885
AILarvaSlope= 8.4401193074882
AILarvaLD50= 13.2787614562737
AIKOW= 86513.8341421878
AIKOC= 35793.7078612917
AIHalfLife= 13.6385486373911
EAppRate= 5.74417324189073
FoliarEnabled=true
FoliarAppDate= 07/01/1989
FoliarForageBegin= 07/01/1989
FoliarForageEnd= 07/14/1989
AIContactFactor= 2.35048697213177
CL4Pollen= 3.91273720189929
CL4Nectar= 28.4544139867648
CL5Pollen= 1.84540092526004
CL5Nectar= 91.2295440095477
CLDPollen= 3.1948829004541
CLDNectar= 136.707681510597
CA13Pollen= 3.19835869390517
CA13Nectar= 94.6720355376601
CA410Pollen= 3.16918105639052
CA410Nectar= 152.562454463914
CA1120Pollen= 0.685914714122191
CA1120Nectar= 23.5404871590436
IPollenTrips= 12.7602700190619
INectarTrips= 12.3625605390407
IPollenLoad= 3.2263266434893
INectarLoad= 6.64194494485855
