ICQueenStrength= 5.01863385224715
RQWkrDrnRatio= 1.75777015741915
ICDroneMiteSurvivorship= 98.7739266827703
ICWorkerMiteSurvivorship= 90.727588487789
ICForagerLifespan= 11.5833660485223
ImmType= Logarithmic
AIAdultSlope= 2.46152266723104
AIAdultLD50= 0.182545321527869
AIAdultSlopeContact= 0.601868221058976
AIAdultLD50Contact= 0.0140460425522178
AILarvaSlope= 2.69091942515224
AILarvaLD50= 0.0701581042958423
AIKOW= 5.43434370774776
AIKOC= 24.6339276793879
AIHalfLife= 1.49879483233672
EAppRate= 1.7697721417062
FoliarEnabled= true
