ICQueenStrength= 1.54839410353452
RQWkrDrnRatio= 2.21095148660243
ICDroneMiteSurvivorship= 60.0655009271577
ICWorkerMiteSurvivorship= 88.988597271964
ICForagerLifespan= 4.12871547788382
ImmType= Tangent
RQQueenStrength= 3.62332655722275
RQEnableReQueen= true
AIAdultSlope= 7.58031108602881
AIAdultLD50= 36.269697505753
AIAdultSlopeContact= 1.49995515635237
AIAdultLD50Contact= 19.0323814441247
AILarvaSlope= 6.59147476218641
AILarvaLD50= 83.8533427800476
AIKOW= 47792.0319240433
AIKOC= 2876.74503721111
AIHalfLife= 23.4977530344855
EAppRate= 8.10196589002642
FoliarEnabled= true
FoliarAppDate= 06/07/1989
FoliarForageBegin= 06/05/1989
FoliarForageEnd= 06/28/1989
AIContactFactor= 0.393808917962015
CL4Pollen= 1.68843627907336
CL4Nectar= 95.1034602476284
CL5Pollen= 5.75601264182478
CL5Nectar= 22.4144285079092
CLDPollen= 4.90237586852163
CLDNectar= 20.1378760160878
CA13Pollen= 7.61063523897901
CA13Nectar= 68.6670999787748
CA410Pollen= 7.94492229174357
CA410Nectar= 190.014295345172
CA1120Pollen= 0.914069970371202
CA1120Nectar= 42.3722655139863
IPollenTrips= 10.1963505335152
INectarTrips= 13.2324150553904
IPollenLoad= 2.90009808260947
INectarLoad= 4.93386791786179
