ICQueenStrength= 5.97620655922219
RQWkrDrnRatio= 4.9871583385393
ICDroneMiteSurvivorship= 75.3778665792197
ICWorkerMiteSurvivorship= 19.2813045578077
ICForagerLifespan= 7.6912938458845
ImmType= Polynomial
RQQueenStrength= 1.7697382173501
RQEnableReQueen= true
AIAdultSlope= 6.51922746002674
AIAdultLD50= 58.2144769356812
AIAdultSlopeContact= 7.70961151248775
AIAdultLD50Contact= 61.6880329332573
AILarvaSlope= 8.19652068987489
AILarvaLD50= 24.1463526901612
AIKOW= 12587.8298523009
AIKOC= 38314.3103697081
AIHalfLife= 13.8169755512616
EAppRate= 7.84803886727989
FoliarEnabled= true
FoliarAppDate= 06/07/1989
FoliarForageBegin= 06/05/1989
FoliarForageEnd= 06/28/1989
AIContactFactor= 0.667014125171117
CL4Pollen= 2.32826196867973
CL4Nectar= 98.4867771388963
CL5Pollen= 5.91195826046169
CL5Nectar= 34.4441278022714
CLDPollen= 3.3072115550749
CLDNectar= 78.8000399479643
CA13Pollen= 3.98846242791042
CA13Nectar= 66.3328727334738
CA410Pollen= 7.05583855172154
CA410Nectar= 157.090411111712
CA1120Pollen= 1.92653159704059
CA1120Nectar= 79.6028630621731
IPollenTrips= 8.56413321802393
INectarTrips= 12.5024710572325
IPollenLoad= 9.06379006104544
INectarLoad= 2.37356822006404
