ICQueenStrength= 5.39628966967575
RQWkrDrnRatio= 4.18578399997205
ICDroneMiteSurvivorship= 91.4556888164952
ICWorkerMiteSurvivorship= 56.8453955464065
ICForagerLifespan= 11.487076876685
ImmType= Polynomial
RQQueenStrength= 3.71628359449096
RQEnableReQueen= true
AIAdultSlope= 6.32057364471257
AIAdultLD50= 0.680093459666707
AIAdultSlopeContact= 6.70418545696884
AIAdultLD50Contact= 8.3607371467466
AILarvaSlope= 5.73254714161158
AILarvaLD50= 19.6268535533163
AIKOW= 88668.8622335641
AIKOC= 78136.8065221235
AIHalfLife= 22.4353415880818
EAppRate= 0.238208844485693
FoliarEnabled= true
FoliarAppDate= 09/01/1989
FoliarForageBegin= 09/01/1989
FoliarForageEnd= 09/08/1989
AIContactFactor= 1.35331315067131
CL4Pollen= 2.25467159692198
CL4Nectar= 27.3731797002256
CL5Pollen= 4.82019627420232
CL5Nectar= 82.7236943878233
CLDPollen= 1.39520262088627
CLDNectar= 111.072269955184
CA13Pollen= 2.22149131847546
CA13Nectar= 31.8245730921626
CA410Pollen= 8.42346955942921
CA410Nectar= 92.7737130550668
CA1120Pollen= 2.0866654291749
CA1120Nectar= 46.044865809381
IPollenTrips= 10.5952435592189
INectarTrips= 8.5874828021042
IPollenLoad= 6.54073101002723
INectarLoad= 7.36289576161653
