ICQueenStrength= 1.43492323718965
RQWkrDrnRatio= 4.99636672995985
ICDroneMiteSurvivorship= 41.9375333935022
ICWorkerMiteSurvivorship= 75.7735689403489
ICForagerLifespan= 13.0022863876075
ImmType= Tangent
RQQueenStrength= 2.52811100473627
RQEnableReQueen= true
AIAdultSlope= 7.37435732036829
AIAdultLD50= 63.0007213733178
AIAdultSlopeContact= 5.59479731321335
AIAdultLD50Contact= 55.1364437663781
AILarvaSlope= 1.30383171699941
AILarvaLD50= 9.05218685928103
AIKOW= 16875.4603484928
AIKOC= 65039.2572319796
AIHalfLife= 0.910156827280298
EAppRate= 0.0664505487512797
FoliarEnabled= true
FoliarAppDate= 06/07/1989
FoliarForageBegin= 06/05/1989
FoliarForageEnd= 06/28/1989
AIContactFactor= 1.71138008572161
CL4Pollen= 2.33970106672496
CL4Nectar= 71.3907753350213
CL5Pollen= 3.02595772733912
CL5Nectar= 49.4208834716119
CLDPollen= 3.31102668028325
CLDNectar= 107.72049757652
CA13Pollen= 4.80882132733241
CA13Nectar= 93.2477585226297
CA410Pollen= 5.62591731017455
CA410Nectar= 35.9168151114136
CA1120Pollen= 1.35384544520639
CA1120Nectar= 67.5573463179171
IPollenTrips= 7.26282115560025
INectarTrips= 6.48108210880309
IPollenLoad= 5.23265939904377
INectarLoad= 0.594474310055375
