ICQueenStrength= 2.75281757838093
RQWkrDrnRatio= 1.66319439560175
ICDroneMiteSurvivorship= 11.0298579325899
ICWorkerMiteSurvivorship= 3.73677453026175
ICForagerLifespan= 11.9692722484469
ImmType= Logarithmic
RQQueenStrength= 5.0112389321439
RQEnableReQueen= true
AIAdultSlope= 4.26781790331006
AIAdultLD50= 74.428620141322
AIAdultSlopeContact= 1.5323713789694
AIAdultLD50Contact= 59.20570325554
AILarvaSlope= 7.21911808289587
AILarvaLD50= 52.2549573458903
AIKOW= 93108.9862854379
AIKOC= 80024.9348466971
AIHalfLife= 20.4185185142793
EAppRate= 4.59088199558575
FoliarEnabled= true
FoliarAppDate= 06/07/1989
FoliarForageBegin= 06/05/1989
FoliarForageEnd= 06/28/1989
AIContactFactor= 0.708607403654605
CL4Pollen= 3.03273614123464
CL4Nectar= 42.8067178931087
CL5Pollen= 2.29495888017118
CL5Nectar= 92.163943417836
CLDPollen= 4.8622215189971
CLDNectar= 52.851531165652
CA13Pollen= 7.7664803055115
CA13Nectar= 51.8789525702596
CA410Pollen= 6.09639723629225
CA410Nectar= 124.60199738387
CA1120Pollen= 1.82565279887058
CA1120Nectar= 37.0628621615469
IPollenTrips= 7.09043761715293
INectarTrips= 13.3650560071692
IPollenLoad= 0.105968802236021
INectarLoad= 8.11098067089915
