ICQueenStrength= 2.10393023700453
RQWkrDrnRatio= 1.25954723730683
ICDroneMiteSurvivorship= 50.1941180322319
ICWorkerMiteSurvivorship= 0.504482327960432
ICForagerLifespan= 4.60690824780613
ImmType= Logarithmic
RQQueenStrength= 1.57397832046263
RQEnableReQueen= true
AIAdultSlope= 7.82449785247445
AIAdultLD50= 51.4563340822759
AIAdultSlopeContact= 9.22568985377438
AIAdultLD50Contact= 80.8198976999519
AILarvaSlope= 4.685756418854
AILarvaLD50= 2.12632668770314
AIKOW= 11386.6225954051
AIKOC= 36751.5740977537
AIHalfLife= 1.92000332172029
EAppRate= 8.98581012031064
FoliarEnabled= true
FoliarAppDate= 06/07/1989
FoliarForageBegin= 06/05/1989
FoliarForageEnd= 06/28/1989
AIContactFactor= 1.80818533817772
CL4Pollen= 1.2838795594871
CL4Nectar= 66.5390238398686
CL5Pollen= 0.422706278041005
CL5Nectar= 34.7255251603201
CLDPollen= 2.52303426805884
CLDNectar= 85.4076190385967
CA13Pollen= 6.54429543511942
CA13Nectar= 47.7785920351744
CA410Pollen= 8.63284890220966
CA410Nectar= 161.252962755971
CA1120Pollen= 0.610179624287412
CA1120Nectar= 61.7180434800684
IPollenTrips= 5.69774087285623
INectarTrips= 8.70835137320682
IPollenLoad= 2.20941200619563
INectarLoad= 5.33094336977229
ESoilP= 1.09827094106004
ESoilFoc= 0.0192105051169638
