ICQueenStrength= 2.91512634512037
RQWkrDrnRatio= 3.8109616599977
ICDroneMiteSurvivorship= 31.5976884681731
ICWorkerMiteSurvivorship= 79.9314443022013
ICForagerLifespan= 15.3965329453349
ImmType= Polynomial
RQQueenStrength= 4.65622637677006
RQEnableReQueen= true
AIAdultSlope= 5.98847625032067
AIAdultLD50= 24.1983389922201
AIAdultSlopeContact= 8.7109658846166
AIAdultLD50Contact= 29.4676836045031
AILarvaSlope= 5.46543663926423
AILarvaLD50= 95.1234147534324
AIKOW= 47724.6696483543
AIKOC= 13417.4416842291
AIHalfLife= 16.290107890428
EAppRate= 7.5512919685042
FoliarEnabled= true
FoliarAppDate= 06/07/1989
FoliarForageBegin= 06/05/1989
FoliarForageEnd= 06/28/1989
AIContactFactor= 1.72695182884112
CL4Pollen= 1.87636994291097
CL4Nectar= 55.9064620407298
CL5Pollen= 4.51141600403935
CL5Nectar= 93.7305523781106
CLDPollen= 5.06309415679425
CLDNectar= 122.895760531537
CA13Pollen= 8.08443696452305
CA13Nectar= 63.44567457214
CA410Pollen= 4.51311811646447
CA410Nectar= 153.347281645983
CA1120Pollen= 1.51461223117076
CA1120Nectar= 55.2798976190388
IPollenTrips= 12.8303139796481
INectarTrips= 13.1640484486707
IPollenLoad= 9.10546121187508
INectarLoad= 0.15781354624778
