ICQueenStrength= 4.33856455283239
RQWkrDrnRatio= 1.42886894289404
ICDroneMiteSurvivorship= 63.5324897477403
ICWorkerMiteSurvivorship= 70.1958728255704
ICForagerLifespan= 9.83170133363456
ImmType= Polynomial
RQQueenStrength= 1.51631149835885
RQEnableReQueen= true
AIAdultSlope= 4.44375815056264
AIAdultLD50= 86.5134249790057
AIAdultSlopeContact= 6.38134117610753
AIAdultLD50Contact= 26.5364632630791
AILarvaSlope= 5.10697365365922
AILarvaLD50= 26.3712090123717
AIKOW= 53025.7787497892
AIKOC= 22663.2113854855
AIHalfLife= 22.7586232697358
EAppRate= 7.32335757327755
FoliarEnabled= true
FoliarAppDate= 06/07/1989
FoliarForageBegin= 06/05/1989
FoliarForageEnd= 06/28/1989
AIContactFactor= 0.358390633328818
CL4Pollen= 1.34250242542475
CL4Nectar= 97.0151071902364
CL5Pollen= 2.97335198801011
CL5Nectar= 133.480483107269
CLDPollen= 2.41296849958599
CLDNectar= 57.3619276634417
CA13Pollen= 5.11755862906575
CA13Nectar= 80.6474171020091
CA410Pollen= 7.69070740637835
CA410Nectar= 165.964211383834
CA1120Pollen= 2.97897609765641
CA1120Nectar= 78.7368730455637
IPollenTrips= 13.8620299496688
INectarTrips= 9.98707108665258
IPollenLoad= 9.35447040712461
INectarLoad= 2.87856877315789
