ICQueenStrength= 2.35430615744554
RQWkrDrnRatio= 3.01577968522906
ICDroneMiteSurvivorship= 94.4818398216739
ICWorkerMiteSurvivorship= 54.9547518137842
ICForagerLifespan= 10.3877801531926
ImmType= Sine
RQQueenStrength= 1.69580602576025
RQEnableReQueen= true
AIAdultSlope= 6.40618417412043
AIAdultLD50= 63.7209814245731
AIAdultSlopeContact= 9.2378049979452
AIAdultLD50Contact= 94.2010356500077
AILarvaSlope= 8.11835641600192
AILarvaLD50= 23.2924100241738
AIKOW= 48399.8284354124
AIKOC= 62065.3053044863
AIHalfLife= 11.8088117493782
EAppRate= 6.66030807192763
FoliarEnabled= true
FoliarAppDate= 06/07/1989
FoliarForageBegin= 06/05/1989
FoliarForageEnd= 06/28/1989
AIContactFactor= 2.01335986434016
CL4Pollen= 2.14553799200803
CL4Nectar= 30.6657422566786
CL5Pollen= 2.27693985309452
CL5Nectar= 117.638103011996
CLDPollen= 0.155679958406836
CLDNectar= 47.427724278532
CA13Pollen= 2.70636343844235
CA13Nectar= 28.6933511868119
CA410Pollen= 7.01950491052121
CA410Nectar= 186.5716322558
CA1120Pollen= 1.3812590232119
CA1120Nectar= 37.7516215108335
IPollenTrips= 5.43130975915119
INectarTrips= 8.44805744709447
IPollenLoad= 6.81888522347435
INectarLoad= 0.470189601182938
