ICQueenStrength= 5.87162931938656
RQWkrDrnRatio= 4.51531356945634
ICDroneMiteSurvivorship= 59.9868035176769
ICWorkerMiteSurvivorship= 64.1200551297516
ICForagerLifespan= 8.04720411449671
ImmType= Polynomial
RQQueenStrength= 2.18005020427518
RQEnableReQueen= true
AIAdultSlope= 4.64865558966994
AIAdultLD50= 0.956100654087495
AIAdultSlopeContact= 6.508498004172
AIAdultLD50Contact= 65.7408575372954
AILarvaSlope= 6.15696319192648
AILarvaLD50= 58.9827356384385
AIKOW= 47772.3906821547
AIKOC= 351.451690159738
AIHalfLife= 25.484369274159
EAppRate= 1.36282244709157
FoliarEnabled= true
FoliarAppDate= 09/01/1989
FoliarForageBegin= 09/01/1989
FoliarForageEnd= 09/08/1989
AIContactFactor= 0.535762991555966
CL4Pollen= 0.891380593180656
CL4Nectar= 69.2637206288055
CL5Pollen= 3.77899471577257
CL5Nectar= 41.9770173495635
CLDPollen= 0.0720660262741148
CLDNectar= 55.1640520105138
CA13Pollen= 7.65221056416631
CA13Nectar= 70.6715659238398
CA410Pollen= 3.79262679426465
CA410Nectar= 21.3635295350105
CA1120Pollen= 1.33606672240421
CA1120Nectar= 80.8972642198205
IPollenTrips= 10.2117386343889
INectarTrips= 10.4293511621654
IPollenLoad= 2.83520492259413
INectarLoad= 7.66655447660014
