ICQueenStrength= 4.87498736847192
RQWkrDrnRatio= 4.3336942801252
ICDroneMiteSurvivorship= 97.5976099725813
ICWorkerMiteSurvivorship= 95.7379887346178
ICForagerLifespan= 4.28644571546465
ImmType= Sine
RQQueenStrength= 2.88975399592891
RQEnableReQueen= true
AIAdultSlope= 6.44811679236591
AIAdultLD50= 41.0333150357848
AIAdultSlopeContact= 3.44964082143269
AIAdultLD50Contact= 23.098773117078
AILarvaSlope= 1.42903055995703
AILarvaLD50= 93.3405979820525
AIKOW= 59483.8208755404
AIKOC= 91848.7689914664
AIHalfLife= 16.668178048823
EAppRate= 6.7799847746084
FoliarEnabled= true
FoliarAppDate= 06/07/1989
FoliarForageBegin= 06/05/1989
FoliarForageEnd= 06/28/1989
AIContactFactor= 1.13632758309599
CL4Pollen= 2.93452632799745
CL4Nectar= 62.0485109975561
CL5Pollen= 4.37127169501036
CL5Nectar= 24.4284182670526
CLDPollen= 4.58534523658454
CLDNectar= 28.885643358808
CA13Pollen= 5.82329012015834
CA13Nectar= 83.039376270026
CA410Pollen= 6.36630994363222
CA410Nectar= 45.97145635169
CA1120Pollen= 2.30432890495285
CA1120Nectar= 20.9727885387838
IPollenTrips= 11.9654934597202
INectarTrips= 13.1950008729473
IPollenLoad= 9.07654713606462
INectarLoad= 8.59660446178168
