ICQueenStrength= 2.63222267641686
RQWkrDrnRatio= 3.44923006463796
ICDroneMiteSurvivorship= 70.0471910415217
ICWorkerMiteSurvivorship= 88.9919254463166
ICForagerLifespan= 11.6057208999991
ImmType= Sine
RQQueenStrength= 4.59367984579876
RQEnableReQueen= true
AIAdultSlope= 6.06294829025865
AIAdultLD50= 92.4481138713385
AIAdultSlopeContact= 8.17686488316394
AIAdultLD50Contact= 52.511903601374
AILarvaSlope= 4.64341024495661
AILarvaLD50= 85.4573548790296
AIKOW= 52735.1885335715
AIKOC= 97550.2981606277
AIHalfLife= 30.670441877353
EAppRate= 3.97465373513475
FoliarEnabled= true
FoliarAppDate= 06/07/1989
FoliarForageBegin= 06/05/1989
FoliarForageEnd= 06/28/1989
AIContactFactor= 1.24797257252037
CL4Pollen= 0.70198343321681
CL4Nectar= 17.4691249616444
CL5Pollen= 0.302436713129282
CL5Nectar= 87.1150222490542
CLDPollen= 3.64551818277687
CLDNectar= 107.357121049426
CA13Pollen= 3.80441681137308
CA13Nectar= 70.7356470637023
CA410Pollen= 3.38676926323678
CA410Nectar= 24.4385886285454
CA1120Pollen= 0.360645501874387
CA1120Nectar= 76.9583621434867
IPollenTrips= 11.6759449499659
INectarTrips= 11.9950365764089
IPollenLoad= 9.07479552552104
INectarLoad= 0.255851920228451
