ICQueenStrength= 1.26647749124095
RQWkrDrnRatio= 2.38965016696602
ICDroneMiteSurvivorship= 20.7804427715018
ICWorkerMiteSurvivorship= 50.0711903208867
ICForagerLifespan= 6.1933009037748
ImmType= Polynomial
RQQueenStrength= 4.50297591648996
RQEnableReQueen= true
AIAdultSlope= 2.48950146138668
AIAdultLD50= 10.9930797378405
AIAdultSlopeContact= 7.41435883706436
AIAdultLD50Contact= 44.0666010941411
AILarvaSlope= 8.80072190612555
AILarvaLD50= 57.8546038943066
AIKOW= 35017.6199129137
AIKOC= 31778.1283604859
AIHalfLife= 22.5414987055585
EAppRate= 7.94354306763504
FoliarEnabled= true
FoliarAppDate= 06/07/1989
FoliarForageBegin= 06/05/1989
FoliarForageEnd= 06/28/1989
AIContactFactor= 1.01962703362573
CL4Pollen= 2.70586182642728
CL4Nectar= 13.832095824182
CL5Pollen= 3.51663076691329
CL5Nectar= 66.0447862464935
CLDPollen= 2.84650287777185
CLDNectar= 67.5137393642217
CA13Pollen= 7.72612481405958
CA13Nectar= 80.0906249694526
CA410Pollen= 7.86635882328264
CA410Nectar= 162.290519531816
CA1120Pollen= 1.7443887682166
CA1120Nectar= 62.7571157924831
IPollenTrips= 5.03452343633398
INectarTrips= 14.9053964135237
IPollenLoad= 2.46307431487367
INectarLoad= 0.293757817707956
ESoilP= 1.35281954542734
ESoilFoc= 0.0176005741704721
