ICQueenStrength= 1.05122737027705
RQWkrDrnRatio= 2.22479692380875
ICDroneMiteSurvivorship= 84.1246446361765
ICWorkerMiteSurvivorship= 16.975468560122
ICForagerLifespan= 5.16363454144448
ImmType= Cosine
RQQueenStrength= 1.61209922540002
RQEnableReQueen= true
AIAdultSlope= 2.39891683124006
AIAdultLD50= 41.7728512459446
AIAdultSlopeContact= 9.15777079574764
AIAdultLD50Contact= 30.1485635867228
AILarvaSlope= 4.20555319450796
AILarvaLD50= 85.8027552191908
AIKOW= 9443.07893372731
AIKOC= 46939.7254158347
AIHalfLife= 7.41542380345054
EAppRate= 6.21249937960366
FoliarEnabled= true
FoliarAppDate= 06/07/1989
FoliarForageBegin= 06/05/1989
FoliarForageEnd= 06/28/1989
AIContactFactor= 0.562358569474891
CL4Pollen= 2.53089304827154
CL4Nectar= 55.6518821977079
CL5Pollen= 4.57551141176373
CL5Nectar= 20.0477680074982
CLDPollen= 2.2037726319395
CLDNectar= 46.1975291138515
CA13Pollen= 2.21803708309308
CA13Nectar= 70.7245211675763
CA410Pollen= 8.23797481725924
CA410Nectar= 140.543173449114
CA1120Pollen= 1.17268735868856
CA1120Nectar= 94.7092486545444
IPollenTrips= 8.29759729793295
INectarTrips= 7.59386795107275
IPollenLoad= 8.08852343820035
INectarLoad= 9.59486817475408
