ICQueenStrength= 3.55546463071369
RQWkrDrnRatio= 3.30465027783066
ICDroneMiteSurvivorship= 16.096676280722
ICWorkerMiteSurvivorship= 23.2791531831026
ICForagerLifespan= 4.87697286065668
ImmType= Cosine
RQQueenStrength= 2.97397925308906
RQEnableReQueen= true
AIAdultSlope= 4.04821514710784
AIAdultLD50= 79.1433392781101
AIAdultSlopeContact= 5.07240682584234
AIAdultLD50Contact= 90.084279580323
AILarvaSlope= 7.60836302675307
AILarvaLD50= 50.7777652470455
AIKOW= 65380.6866307006
AIKOC= 6805.60961100645
AIHalfLife= 9.95209637088701
EAppRate= 7.83999786401028
FoliarEnabled= true
FoliarAppDate= 06/07/1989
FoliarForageBegin= 06/05/1989
FoliarForageEnd= 06/28/1989
AIContactFactor= 1.4922171639232
CL4Pollen= 0.495303886011243
CL4Nectar= 24.1269045043737
CL5Pollen= 2.69495638785884
CL5Nectar= 36.9094664929435
CLDPollen= 4.85547567112371
CLDNectar= 51.2753525516018
CA13Pollen= 3.55843807505444
CA13Nectar= 60.9049323946238
CA410Pollen= 3.38861955623142
CA410Nectar= 123.303955281153
CA1120Pollen= 1.65325565636158
CA1120Nectar= 24.1048838570714
IPollenTrips= 8.20406581275165
INectarTrips= 5.10182584170252
IPollenLoad= 8.73323188629001
INectarLoad= 6.56937839929014
