ICQueenStrength= 3.05037994193844
RQWkrDrnRatio= 3.18893724586815
ICDroneMiteSurvivorship= 55.1739549729973
ICWorkerMiteSurvivorship= 57.6923835324124
ICForagerLifespan= 10.7729155225679
ImmType= Cosine
RQQueenStrength= 3.01838831068017
RQEnableReQueen= true
AIAdultSlope= 4.20506001450121
AIAdultLD50= 28.2364515941024
AIAdultSlopeContact= 7.47152872453444
AIAdultLD50Contact= 14.4063491970468
AILarvaSlope= 7.76499853655696
AILarvaLD50= 70.1922872672593
AIKOW= 62294.0851828476
AIKOC= 72868.7324539574
AIHalfLife= 2.5838673440041
EAppRate= 3.36176325709326
FoliarEnabled= true
FoliarAppDate= 06/07/1989
FoliarForageBegin= 06/05/1989
FoliarForageEnd= 06/28/1989
AIContactFactor= 1.86605425423942
CL4Pollen= 2.6126561332494
CL4Nectar= 88.522335793823
CL5Pollen= 5.83219353435561
CL5Nectar= 98.995044012554
CLDPollen= 1.1550830793567
CLDNectar= 138.502106128726
CA13Pollen= 7.98024398628622
CA13Nectar= 88.9418135210872
CA410Pollen= 7.04891833018046
CA410Nectar= 84.6451516076922
CA1120Pollen= 0.25699727400206
CA1120Nectar= 62.9201750643551
IPollenTrips= 7.99348356900737
INectarTrips= 12.9749678634107
IPollenLoad= 2.39211733918637
INectarLoad= 0.843940444756299
