ICQueenStrength= 1.76634052558802
RQWkrDrnRatio= 3.86193373706192
ICDroneMiteSurvivorship= 18.4829012490809
ICWorkerMiteSurvivorship= 56.5424795262516
ICForagerLifespan= 7.33622093778104
ImmType= Polynomial
RQQueenStrength= 3.25495499325916
RQEnableReQueen= true
AIAdultSlope= 4.34804386645555
AIAdultLD50= 23.7401243926657
AIAdultSlopeContact= 5.67785560968332
AIAdultLD50Contact= 25.4112745852673
AILarvaSlope= 4.73543729260564
AILarvaLD50= 64.4608651542764
AIKOW= 53664.3726753542
AIKOC= 22784.521224146
AIHalfLife= 21.828362089931
EAppRate= 2.71243669037661
FoliarEnabled= true
FoliarAppDate= 06/07/1989
FoliarForageBegin= 06/05/1989
FoliarForageEnd= 06/28/1989
AIContactFactor= 2.32713774960488
CL4Pollen= 3.10596142057329
CL4Nectar= 33.5613579722121
CL5Pollen= 5.06268300209194
CL5Nectar= 99.9537319759838
CLDPollen= 2.3729308177717
CLDNectar= 42.5845921738073
CA13Pollen= 5.87895140405744
CA13Nectar= 87.2027607820928
CA410Pollen= 4.46179652463179
CA410Nectar= 160.751399267465
CA1120Pollen= 1.90254875086248
CA1120Nectar= 98.2390102744102
IPollenTrips= 6.18852790445089
INectarTrips= 14.9909752816893
IPollenLoad= 9.90860911551863
INectarLoad= 4.80798007454723
