ICQueenStrength= 5.19230379164219
RQWkrDrnRatio= 2.48278091102839
ICDroneMiteSurvivorship= 33.8822215795517
ICWorkerMiteSurvivorship= 29.8228935105726
ICForagerLifespan= 12.1749558066949
ImmType= Sine
RQQueenStrength= 4.83230942534283
RQEnableReQueen= true
AIAdultSlope= 5.02546121925116
AIAdultLD50= 0.479429121588124
AIAdultSlopeContact= 7.43825068091974
AIAdultLD50Contact= 86.7884834147969
AILarvaSlope= 3.99852505326271
AILarvaLD50= 38.0265478431527
AIKOW= 68636.9791092156
AIKOC= 47156.9189139984
AIHalfLife= 8.13948014748748
EAppRate= 0.26236630512774
FoliarEnabled= true
FoliarAppDate= 09/01/1989
FoliarForageBegin= 09/01/1989
FoliarForageEnd= 09/08/1989
AIContactFactor= 1.13686457571574
CL4Pollen= 1.31261818204075
CL4Nectar= 58.9106262195855
CL5Pollen= 3.85094286734238
CL5Nectar= 114.245142624713
CLDPollen= 4.86122867837548
CLDNectar= 33.0857728491537
CA13Pollen= 3.87459698626772
CA13Nectar= 43.4871049970388
CA410Pollen= 5.11228442694992
CA410Nectar= 138.919362477027
CA1120Pollen= 2.90235714940354
CA1120Nectar= 41.3157735578716
IPollenTrips= 7.87107502808794
INectarTrips= 14.8705244180746
IPollenLoad= 4.38981557264924
INectarLoad= 1.47080372553319
