ICQueenStrength= 1.99851720151491
RQWkrDrnRatio= 4.94098587054759
ICDroneMiteSurvivorship= 90.5252700904384
ICWorkerMiteSurvivorship= 10.756340646185
ICForagerLifespan= 4.94527446944267
ImmType= Sine
RQQueenStrength= 3.770520451013
RQEnableReQueen= true
AIAdultSlope= 7.69963850080967
AIAdultLD50= 0.339061194124632
AIAdultSlopeContact= 3.45655824895948
AIAdultLD50Contact= 67.0102851026773
AILarvaSlope= 6.12976227514446
AILarvaLD50= 98.8400604155669
AIKOW= 26354.0305734394
AIKOC= 7810.93533844058
AIHalfLife= 30.0478905875701
EAppRate= 0.468991830999265
FoliarEnabled= true
FoliarAppDate= 09/01/1989
FoliarForageBegin= 09/01/1989
FoliarForageEnd= 09/08/1989
AIContactFactor= 2.22675204410683
CL4Pollen= 3.54548705555499
CL4Nectar= 88.6154764564708
CL5Pollen= 5.15962673351169
CL5Nectar= 84.3953627510928
CLDPollen= 2.93633350962773
CLDNectar= 7.96573874540627
CA13Pollen= 6.44236521031707
CA13Nectar= 97.5159554369748
CA410Pollen= 6.71923210653476
CA410Nectar= 161.95357569959
CA1120Pollen= 1.13103696447797
CA1120Nectar= 21.202338449657
IPollenTrips= 14.5619176258333
INectarTrips= 5.92017962131649
IPollenLoad= 8.36937389336526
INectarLoad= 2.84947975538671
