ICQueenStrength= 1.11317788972519
RQWkrDrnRatio= 2.77463760785758
ICDroneMiteSurvivorship= 74.0402241935953
ICWorkerMiteSurvivorship= 16.7436893098056
ICForagerLifespan= 15.2738239141181
ImmType= Tangent
RQQueenStrength= 4.31165876705199
RQEnableReQueen= true
AIAdultSlope= 4.42892241664231
AIAdultLD50= 0.0163387660523877
AIAdultSlopeContact= 1.24873389024287
AIAdultLD50Contact= 64.0709391228962
AILarvaSlope= 3.69227261468768
AILarvaLD50= 36.5780845232699
AIKOW= 74000.380646147
AIKOC= 81562.1825647885
AIHalfLife= 28.8863753877114
EAppRate= 2.56194039987563
FoliarEnabled= true
FoliarAppDate= 09/01/1989
FoliarForageBegin= 09/01/1989
FoliarForageEnd= 09/08/1989
AIContactFactor= 0.580894383145496
CL4Pollen= 2.38806080259383
CL4Nectar= 71.6471129562706
CL5Pollen= 2.91249732580036
CL5Nectar= 102.516369055957
CLDPollen= 0.481180497910827
CLDNectar= 97.0448788139038
CA13Pollen= 2.84149836171418
CA13Nectar= 21.3780594244599
CA410Pollen= 9.02028315123171
CA410Nectar= 159.902426637709
CA1120Pollen= 1.62711019953713
CA1120Nectar= 86.1801786907017
IPollenTrips= 6.02149293757975
INectarTrips= 8.57273798668757
IPollenLoad= 2.97273264266551
INectarLoad= 6.04222288355231
