ICQueenStrength= 1.7775393652264
RQWkrDrnRatio= 1.90711772814393
ICDroneMiteSurvivorship= 57.7202437678352
ICWorkerMiteSurvivorship= 52.4012761889026
ICForagerLifespan= 15.1092614224181
ImmType= Sine
RQQueenStrength= 1.94411356258206
RQEnableReQueen= true
AIAdultSlope= 2.58917707577348
AIAdultLD50= 37.3165663704036
AIAdultSlopeContact= 8.31775968824513
AIAdultLD50Contact= 61.2180860217612
AILarvaSlope= 7.9986202083528
AILarvaLD50= 80.9688081014068
AIKOW= 90622.0450829252
AIKOC= 87217.2212045777
AIHalfLife= 22.3953284862218
EAppRate= 5.99099553341745
FoliarEnabled= true
FoliarAppDate= 06/07/1989
FoliarForageBegin= 06/05/1989
FoliarForageEnd= 06/28/1989
AIContactFactor= 1.03196998692583
CL4Pollen= 1.89615443348885
CL4Nectar= 73.852133192122
CL5Pollen= 3.41818943247199
CL5Nectar= 101.275327219628
CLDPollen= 1.04401915194467
CLDNectar= 146.405205619521
CA13Pollen= 4.16848275279626
CA13Nectar= 61.6529715619981
CA410Pollen= 3.89806421315298
CA410Nectar= 93.4142304351553
CA1120Pollen= 1.42810525652021
CA1120Nectar= 81.1528956145048
IPollenTrips= 12.567466776818
INectarTrips= 5.60973701765761
IPollenLoad= 0.640266265254468
INectarLoad= 6.66381165385246
