ICQueenStrength= 5.17920958832838
RQWkrDrnRatio= 4.82338239904493
ICDroneMiteSurvivorship= 30.3416836773977
ICWorkerMiteSurvivorship= 22.1081678522751
ICForagerLifespan= 4.48773552756757
ImmType= Cosine
RQQueenStrength= 1.58684068266302
RQEnableReQueen= true
AIAdultSlope= 8.86554460972548
AIAdultLD50= 29.5431005840769
AIAdultSlopeContact= 4.21769298636355
AIAdultLD50Contact= 90.3026247404658
AILarvaSlope= 3.72928433120251
AILarvaLD50= 30.2134079023453
AIKOW= 37009.5554632583
AIKOC= 2474.10786036868
AIHalfLife= 2.24345716447569
EAppRate= 8.13766234971699
FoliarEnabled= true
FoliarAppDate= 06/07/1989
FoliarForageBegin= 06/05/1989
FoliarForageEnd= 06/28/1989
AIContactFactor= 1.13099160219077
CL4Pollen= 1.38239301647991
CL4Nectar= 20.9013437852263
CL5Pollen= 5.79312219237909
CL5Nectar= 15.5692006344907
CLDPollen= 3.89257977996022
CLDNectar= 65.8038895810023
CA13Pollen= 3.26406015809625
CA13Nectar= 42.0852060057223
CA410Pollen= 3.77375906379893
CA410Nectar= 21.231860187836
CA1120Pollen= 1.67369053303264
CA1120Nectar= 66.3348018750548
IPollenTrips= 14.7781714634039
INectarTrips= 10.2609651186503
IPollenLoad= 2.38823449937627
INectarLoad= 1.14159191260114
