ICQueenStrength= 1.03812691895291
RQWkrDrnRatio= 2.54350209981203
ICDroneMiteSurvivorship= 80.253400024958
ICWorkerMiteSurvivorship= 41.1423894809559
ICForagerLifespan= 7.91213823575526
ImmType= Cosine
RQQueenStrength= 4.87751266476698
RQEnableReQueen= true
AIAdultSlope= 8.00156084820628
AIAdultLD50= 38.9466183141337
AIAdultSlopeContact= 5.59004853130318
AIAdultLD50Contact= 16.6548110508372
AILarvaSlope= 1.70519890636206
AILarvaLD50= 13.1655594446042
AIKOW= 42056.8081285837
AIKOC= 43682.8193088716
AIHalfLife= 10.6696783377789
EAppRate= 2.84900543883932
FoliarEnabled= true
FoliarAppDate= 06/07/1989
FoliarForageBegin= 06/05/1989
FoliarForageEnd= 06/28/1989
AIContactFactor= 1.5846171771409
CL4Pollen= 0.760937517508864
CL4Nectar= 51.3125800760463
CL5Pollen= 5.59442455368116
CL5Nectar= 80.7354723801836
CLDPollen= 2.76596825849265
CLDNectar= 57.2912279516459
CA13Pollen= 2.53321020007134
CA13Nectar= 91.0241386666894
CA410Pollen= 2.97420667449478
CA410Nectar= 80.3706889413297
CA1120Pollen= 2.21100410493091
CA1120Nectar= 54.7256006114185
IPollenTrips= 11.0146021540277
INectarTrips= 13.897629128769
IPollenLoad= 2.1657819324173
INectarLoad= 9.9181256396696
