ICQueenStrength= 5.39008690649644
RQWkrDrnRatio= 1.32271096389741
ICDroneMiteSurvivorship= 34.0358822140843
ICWorkerMiteSurvivorship= 20.8277666475624
ICForagerLifespan= 13.3843792434782
ImmType= Exponential
AIAdultSlope= 3.34607915136963
AIAdultLD50= 0.0636422793380916
AIAdultSlopeContact= 3.83078799400711
AIAdultLD50Contact= 0.000476844364311546
AILarvaSlope= 0.33950283578597
AILarvaLD50= 0.154987307055853
AIKOW= 3.75146852992475
AIKOC= 14.3066889967304
AIHalfLife= 1.04948374759406
EAppRate= 4.02069570496678
FoliarEnabled= true
