ICQueenStrength= 3.20438367687166
RQWkrDrnRatio= 1.66007305402309
ICDroneMiteSurvivorship= 91.5776855079457
ICWorkerMiteSurvivorship= 82.8095496399328
ICForagerLifespan= 14.3886975906789
ImmType= Tangent
RQQueenStrength= 3.61760334251449
RQEnableReQueen= true
AIAdultSlope= 4.44932871498168
AIAdultLD50= 0.178268161420012
AIAdultSlopeContact= 6.88721886789426
AIAdultLD50Contact= 45.3310346318558
AILarvaSlope= 5.24535602331161
AILarvaLD50= 55.64894750301
AIKOW= 48259.2359936077
AIKOC= 93199.3795762174
AIHalfLife= 7.75869344829116
EAppRate= 9.85793387588067
FoliarEnabled= true
FoliarAppDate= 09/01/1989
FoliarForageBegin= 09/01/1989
FoliarForageEnd= 09/08/1989
AIContactFactor= 1.32176557803527
CL4Pollen= 3.38008221425116
CL4Nectar= 40.9885921282694
CL5Pollen= 4.17730842903256
CL5Nectar= 77.0561664481647
CLDPollen= 2.76888297032565
CLDNectar= 85.862846346572
CA13Pollen= 3.41469317842275
CA13Nectar= 21.3918803073466
CA410Pollen= 7.58732331211213
CA410Nectar= 77.5932351034135
CA1120Pollen= 1.25013040169142
CA1120Nectar= 26.3182993791997
IPollenTrips= 9.57860640250146
INectarTrips= 10.0527871935628
IPollenLoad= 1.95619580568746
INectarLoad= 5.5569439730607
