ICQueenStrength= 2.2694891251158
RQWkrDrnRatio= 4.75281542167068
ICDroneMiteSurvivorship= 70.783272664994
ICWorkerMiteSurvivorship= 5.55357211269438
ICForagerLifespan= 11.6125117894262
ImmType= Cosine
RQQueenStrength= 5.48756479774602
RQEnableReQueen= true
AIAdultSlope= 8.62817748636007
AIAdultLD50= 74.4958218669202
AIAdultSlopeContact= 4.01415186212398
AIAdultLD50Contact= 79.3720687906628
AILarvaSlope= 8.4848954193294
AILarvaLD50= 19.9171594731058
AIKOW= 34669.8058906727
AIKOC= 12662.0060242224
AIHalfLife= 9.50409073601477
EAppRate= 3.60065454682824
FoliarEnabled= true
FoliarAppDate= 06/07/1989
FoliarForageBegin= 06/05/1989
FoliarForageEnd= 06/28/1989
AIContactFactor= 0.622458873302676
CL4Pollen= 3.16825978364795
CL4Nectar= 57.790130819194
CL5Pollen= 3.69633330032229
CL5Nectar= 145.185072685126
CLDPollen= 3.19326935196295
CLDNectar= 25.9557455428876
CA13Pollen= 7.09175598183647
CA13Nectar= 59.5324365980923
CA410Pollen= 7.64537951031234
CA410Nectar= 103.896183278412
CA1120Pollen= 1.74339589755982
CA1120Nectar= 76.6977543570101
IPollenTrips= 9.84412472462282
INectarTrips= 12.7986716246232
IPollenLoad= 7.77598387328908
INectarLoad= 4.9542383197695
ESoilP= 1.77632326073945
ESoilFoc= 0.00733550475421362
