ICQueenStrength= 5.82962429407053
RQWkrDrnRatio= 1.56195733882487
ICDroneMiteSurvivorship= 52.802317449823
ICWorkerMiteSurvivorship= 79.0148047730327
ICForagerLifespan= 14.1606246642768
ImmType= Cosine
RQQueenStrength= 5.1921665740665
RQEnableReQueen= true
AIAdultSlope= 7.96513116359711
AIAdultLD50= 70.1030665487878
AIAdultSlopeContact= 7.1453242204152
AIAdultLD50Contact= 96.6573339346447
AILarvaSlope= 4.14927606843412
AILarvaLD50= 99.8574035066492
AIKOW= 63157.8847122308
AIKOC= 17689.1657427803
AIHalfLife= 14.9346448931377
EAppRate= 8.80452074477938
FoliarEnabled= true
FoliarAppDate= 06/07/1989
FoliarForageBegin= 06/05/1989
FoliarForageEnd= 06/28/1989
AIContactFactor= 1.38230721749831
CL4Pollen= 2.92067998275161
CL4Nectar= 2.40032165311277
CL5Pollen= 0.357113898731768
CL5Nectar= 80.6267741485499
CLDPollen= 4.28141175862402
CLDNectar= 40.9399961703457
CA13Pollen= 5.51540619814768
CA13Nectar= 92.3755992762744
CA410Pollen= 9.47024923618883
CA410Nectar= 111.86225248035
CA1120Pollen= 0.488003302831203
CA1120Nectar= 57.7264280617237
IPollenTrips= 12.5216908752918
INectarTrips= 8.37885471759364
IPollenLoad= 4.65205173473805
INectarLoad= 4.87508306279778
