ICQueenStrength= 4.97620142437518
RQWkrDrnRatio= 2.02694701589644
ICDroneMiteSurvivorship= 15.3085153084248
ICWorkerMiteSurvivorship= 7.93304529506713
ICForagerLifespan= 6.84510601684451
ImmType= Sine
RQQueenStrength= 4.42685712035745
RQEnableReQueen= true
AIAdultSlope= 2.31729711033404
AIAdultLD50= 98.0376195126313
AIAdultSlopeContact= 7.45969311054796
AIAdultLD50Contact= 98.1228927667132
AILarvaSlope= 5.7168391533196
AILarvaLD50= 76.2278185034243
AIKOW= 11861.1181749416
AIKOC= 3308.08137725387
AIHalfLife= 16.1311291110469
EAppRate= 3.39256556595117
FoliarEnabled= true
FoliarAppDate= 06/07/1989
FoliarForageBegin= 06/05/1989
FoliarForageEnd= 06/28/1989
AIContactFactor= 0.517012934102677
CL4Pollen= 0.0675487071275711
CL4Nectar= 65.100086457096
CL5Pollen= 3.57470472715795
CL5Nectar= 97.3775685299188
CLDPollen= 4.68120560003445
CLDNectar= 105.412230303045
CA13Pollen= 5.40633459463715
CA13Nectar= 32.9969332180917
CA410Pollen= 2.2166485900525
CA410Nectar= 137.469801884145
CA1120Pollen= 2.90026280726306
CA1120Nectar= 89.9594975076616
IPollenTrips= 14.6650991193019
INectarTrips= 8.82885765982792
IPollenLoad= 9.89380698883906
INectarLoad= 1.58684895373881
ESoilP= 1.76282705948688
ESoilFoc= 0.0173000239054672
