ICQueenStrength= 5.40366241033189
RQWkrDrnRatio= 3.54824297968298
ICDroneMiteSurvivorship= 34.8512232070789
ICWorkerMiteSurvivorship= 39.6595326717943
ICForagerLifespan= 11.1231057317927
ImmType= Polynomial
RQQueenStrength= 3.68580748001114
RQEnableReQueen= true
AIAdultSlope= 4.90353537350893
AIAdultLD50= 17.8398728570619
AIAdultSlopeContact= 6.31719244061969
AIAdultLD50Contact= 19.2575029792544
AILarvaSlope= 3.84906198643148
AILarvaLD50= 12.6365254330877
AIKOW= 80641.2464041547
AIKOC= 34494.817479118
AIHalfLife= 17.8800449468661
EAppRate= 7.30506723759836
FoliarEnabled= true
FoliarAppDate= 06/07/1989
FoliarForageBegin= 06/05/1989
FoliarForageEnd= 06/28/1989
AIContactFactor= 0.360908148498274
CL4Pollen= 1.83272400312126
CL4Nectar= 18.6438837088645
CL5Pollen= 1.80744449514896
CL5Nectar= 16.9351896154694
CLDPollen= 3.31870851432905
CLDNectar= 76.5598878264427
CA13Pollen= 7.20180057762191
CA13Nectar= 20.3269012086093
CA410Pollen= 6.45382059137337
CA410Nectar= 111.186410449445
CA1120Pollen= 1.09078024956398
CA1120Nectar= 67.8934117406607
IPollenTrips= 13.0471296189353
INectarTrips= 12.5788656738587
IPollenLoad= 6.91560730803758
INectarLoad= 6.81041499832645
