ICQueenStrength= 2.31056845304556
RQWkrDrnRatio= 4.75138828344643
ICDroneMiteSurvivorship= 60.016162507236
ICWorkerMiteSurvivorship= 94.6078771958128
ICForagerLifespan= 9.95431234687567
ImmType= Tangent
RQQueenStrength= 1.57457152986899
RQEnableReQueen= true
AIAdultSlope= 5.0780143160373
AIAdultLD50= 0.359850878504571
AIAdultSlopeContact= 1.45234814658761
AIAdultLD50Contact= 21.6059369810482
AILarvaSlope= 3.26006717793643
AILarvaLD50= 57.71617288578
AIKOW= 96794.3392407198
AIKOC= 87805.0458325378
AIHalfLife= 5.96977991710883
EAppRate= 6.41492219948769
FoliarEnabled= true
FoliarAppDate= 06/07/1989
FoliarForageBegin= 06/05/1989
FoliarForageEnd= 06/28/1989
AIContactFactor= 1.08575953765772
CL4Pollen= 0.646692000329494
CL4Nectar= 75.6158608943224
CL5Pollen= 0.00652017071843147
CL5Nectar= 89.4721777411178
CLDPollen= 4.31373978406191
CLDNectar= 86.3973902771249
CA13Pollen= 6.88662460520863
CA13Nectar= 96.6393990255892
CA410Pollen= 6.93261229449417
CA410Nectar= 132.074303966947
CA1120Pollen= 2.61388256424107
CA1120Nectar= 55.0916710682213
IPollenTrips= 5.11454234598204
INectarTrips= 9.84238066710532
IPollenLoad= 6.48150013526902
INectarLoad= 2.83828064799309
