ICQueenStrength= 3.22687488235533
RQWkrDrnRatio= 2.46830208320171
ICDroneMiteSurvivorship= 73.1057131430134
ICWorkerMiteSurvivorship= 33.2637042971328
ICForagerLifespan= 10.4205816248432
ImmType= Cosine
RQQueenStrength= 2.50097639672458
RQEnableReQueen=true
AIAdultSlope= 8.20556119270623
AIAdultLD50= 0.264530978717608
AIAdultSlopeContact= 7.41707499488257
AIAdultLD50Contact= 1.75072753716237
AILarvaSlope= 7.23812667094171
AILarvaLD50= 42.8247586084707
AIKOW= 10073.2906309961
AIKOC= 85198.3196879006
AIHalfLife= 19.4281272481428
EAppRate= 5.42100503343367
FoliarEnabled=true
FoliarAppDate= 07/01/1989
FoliarForageBegin= 07/01/1989
FoliarForageEnd= 07/14/1989
AIContactFactor= 1.75036160610616
CL4Pollen= 1.90868770051748
CL4Nectar= 96.0936940507963
CL5Pollen= 2.32700075022876
CL5Nectar= 123.673794209026
CLDPollen= 4.8148750201799
CLDNectar= 109.996233007405
CA13Pollen= 2.52407719735056
CA13Nectar= 76.8834948167205
CA410Pollen= 7.07302252564114
CA410Nectar= 165.167794460431
CA1120Pollen= 1.71519886306487
CA1120Nectar= 35.6798237003386
IPollenTrips= 8.10587806394324
INectarTrips= 10.2980248373933
IPollenLoad= 8.15137331141159
INectarLoad= 6.88330073608086
