ICQueenStrength= 1.1336800144054
RQWkrDrnRatio= 1.23663290776312
ICDroneMiteSurvivorship= 85.1680568885058
ICWorkerMiteSurvivorship= 80.2111826371402
ICForagerLifespan= 12.6041843174025
ImmType= Sine
AIAdultSlope= 1.04448207670357
AIAdultLD50= 0.160549882426858
AIAdultSlopeContact= 2.42975376203656
AIAdultLD50Contact= 0.0390523263486102
AILarvaSlope= 2.48626358727925
AILarvaLD50= 0.212775523751043
AIKOW= 5.28554600011557
AIKOC= 27.9437716014218
AIHalfLife= 0.98816189749632
EAppRate= 2.6836312469095
FoliarEnabled= true
