ICQueenStrength= 5.86241336562671
RQWkrDrnRatio= 2.71376477740705
ICDroneMiteSurvivorship= 37.422211538069
ICWorkerMiteSurvivorship= 93.74915282242
ICForagerLifespan= 9.67911426536739
ImmType= Logarithmic
RQQueenStrength= 2.7247885838151
RQEnableReQueen= true
AIAdultSlope= 8.19028876163065
AIAdultLD50= 26.0825773609979
AIAdultSlopeContact= 8.38114461861551
AIAdultLD50Contact= 28.8389211696635
AILarvaSlope= 2.60745509900153
AILarvaLD50= 58.3503555172351
AIKOW= 72994.0305927248
AIKOC= 28145.1922076188
AIHalfLife= 27.2645675061038
EAppRate= 4.99701303463383
FoliarEnabled= true
FoliarAppDate= 06/07/1989
FoliarForageBegin= 06/05/1989
FoliarForageEnd= 06/28/1989
AIContactFactor= 0.288358647907153
CL4Pollen= 3.22087349556386
CL4Nectar= 6.29989160224795
CL5Pollen= 4.8874358413741
CL5Nectar= 116.364218539093
CLDPollen= 5.9363850527443
CLDNectar= 6.61531129153445
CA13Pollen= 7.39584181345999
CA13Nectar= 90.7191719487309
CA410Pollen= 9.25264031214174
CA410Nectar= 71.6300558624789
CA1120Pollen= 2.3301662185695
CA1120Nectar= 53.5621136799455
IPollenTrips= 10.1423571957275
INectarTrips= 7.77403457090259
IPollenLoad= 7.44090948719531
INectarLoad= 2.45901540853083
