ICQueenStrength= 5.28889728034846
RQWkrDrnRatio= 4.12336407415569
ICDroneMiteSurvivorship= 66.2982810288668
ICWorkerMiteSurvivorship= 45.4395855078474
ICForagerLifespan= 15.2571751354262
ImmType= Polynomial
RQQueenStrength= 2.80985153070651
RQEnableReQueen= true
AIAdultSlope= 6.92439335398376
AIAdultLD50= 55.4709696738084
AIAdultSlopeContact= 8.24296687869355
AIAdultLD50Contact= 99.6150502314866
AILarvaSlope= 1.51943750120699
AILarvaLD50= 97.2425159612256
AIKOW= 10163.9072839897
AIKOC= 49550.3339726303
AIHalfLife= 2.65803673870396
EAppRate= 1.56005704086926
FoliarEnabled= true
FoliarAppDate= 06/07/1989
FoliarForageBegin= 06/05/1989
FoliarForageEnd= 06/28/1989
AIContactFactor= 2.10919398736674
CL4Pollen= 2.85395932383835
CL4Nectar= 84.5785150071606
CL5Pollen= 5.47056559938937
CL5Nectar= 145.722800760996
CLDPollen= 3.49872243823484
CLDNectar= 78.6867794464342
CA13Pollen= 5.03260807255283
CA13Nectar= 26.2578031234443
CA410Pollen= 3.29905971065164
CA410Nectar= 33.6245905701071
CA1120Pollen= 0.743332951096818
CA1120Nectar= 30.8681279234588
IPollenTrips= 5.95669892849401
INectarTrips= 13.7463588849641
IPollenLoad= 5.52030212711543
INectarLoad= 9.24153979402035
