ICQueenStrength= 5.82705924892798
RQWkrDrnRatio= 1.22802586294711
ICDroneMiteSurvivorship= 98.5511978855357
ICWorkerMiteSurvivorship= 34.3461703043431
ICForagerLifespan= 8.68192105554044
ImmType= Logarithmic
RQQueenStrength= 5.97454889584333
RQEnableReQueen= true
AIAdultSlope= 8.17823610641062
AIAdultLD50= 12.7689266073378
AIAdultSlopeContact= 6.31296168966219
AIAdultLD50Contact= 49.9074839937256
AILarvaSlope= 3.02676748298109
AILarvaLD50= 47.4695414743796
AIKOW= 41005.4664914407
AIKOC= 19694.2111341888
AIHalfLife= 28.9851120505016
EAppRate= 2.98157248486159
FoliarEnabled= true
FoliarAppDate= 06/07/1989
FoliarForageBegin= 06/05/1989
FoliarForageEnd= 06/28/1989
AIContactFactor= 0.277160510648973
CL4Pollen= 0.151714325882494
CL4Nectar= 3.65923636127263
CL5Pollen= 0.899571042973548
CL5Nectar= 55.0453358329833
CLDPollen= 3.98776562372223
CLDNectar= 48.2591765932739
CA13Pollen= 6.07658026488498
CA13Nectar= 26.4086870849133
CA410Pollen= 8.36694526472129
CA410Nectar= 127.952426010743
CA1120Pollen= 2.39077873178758
CA1120Nectar= 88.4403596632183
IPollenTrips= 11.8527233670466
INectarTrips= 8.12360123265535
IPollenLoad= 6.29424975253642
INectarLoad= 1.78242379100993
ESoilP= 1.68141397600994
ESoilFoc= 0.0018121917701792
