ICQueenStrength= 1.44446751358919
RQWkrDrnRatio= 1.84222765918821
ICDroneMiteSurvivorship= 89.7534755757079
ICWorkerMiteSurvivorship= 89.243091782555
ICForagerLifespan= 13.2573711648583
ImmType= Exponential
RQQueenStrength= 1.60136924963444
RQEnableReQueen= true
AIAdultSlope= 6.55013916641474
AIAdultLD50= 4.64663548319973
AIAdultSlopeContact= 5.53539727791212
AIAdultLD50Contact= 76.6377477234064
AILarvaSlope= 2.22170914523304
AILarvaLD50= 32.1122049791161
AIKOW= 65950.8492155001
AIKOC= 76989.0743125267
AIHalfLife= 3.88290718323551
EAppRate= 8.93728400317323
FoliarEnabled= true
FoliarAppDate= 06/07/1989
FoliarForageBegin= 06/05/1989
FoliarForageEnd= 06/28/1989
AIContactFactor= 1.97101132054348
CL4Pollen= 3.20684538409114
CL4Nectar= 74.9561862321571
CL5Pollen= 1.95082890009508
CL5Nectar= 79.2067092843354
CLDPollen= 2.05923006590456
CLDNectar= 84.7173923626542
CA13Pollen= 5.19996921466663
CA13Nectar= 20.8128759637475
CA410Pollen= 5.03927763842512
CA410Nectar= 175.540408729576
CA1120Pollen= 2.1714301770553
CA1120Nectar= 66.7701202072203
IPollenTrips= 14.3469922547229
INectarTrips= 8.24710723012686
IPollenLoad= 1.3712952984497
INectarLoad= 1.4349507400766
ESoilP= 1.3635274709668
ESoilFoc= 0.009759652904002
