ICQueenStrength= 2.84656482562423
RQWkrDrnRatio= 2.25240909587592
ICDroneMiteSurvivorship= 69.4104191847146
ICWorkerMiteSurvivorship= 22.5034322822466
ICForagerLifespan= 11.3790512159467
ImmType= Sine
RQQueenStrength= 1.63973402231932
RQEnableReQueen=true
AIAdultSlope= 4.62667881511152
AIAdultLD50= 0.304505841057282
AIAdultSlopeContact= 9.8998158366885
AIAdultLD50Contact= 13.8530237882992
AILarvaSlope= 1.35536656528711
AILarvaLD50= 28.2937231920511
AIKOW= 62708.8489282013
AIKOC= 83114.7175106716
AIHalfLife= 14.541281974595
EAppRate= 6.26534565404197
FoliarEnabled=true
FoliarAppDate= 07/01/1989
FoliarForageBegin= 07/01/1989
FoliarForageEnd= 07/14/1989
AIContactFactor= 0.270703714769334
CL4Pollen= 3.02357624098659
CL4Nectar= 86.6910233628005
CL5Pollen= 2.97061884077266
CL5Nectar= 126.122906408273
CLDPollen= 2.57050663931295
CLDNectar= 86.3374089938588
CA13Pollen= 5.72263516420498
CA13Nectar= 43.979559559375
CA410Pollen= 6.8249208971858
CA410Nectar= 65.862453202717
CA1120Pollen= 1.03036383795552
CA1120Nectar= 96.4266486652195
IPollenTrips= 13.1601015198976
INectarTrips= 14.2139248992316
IPollenLoad= 8.77387480577454
INectarLoad= 1.43488780828193
