ICQueenStrength= 5.40617335960269
RQWkrDrnRatio= 2.41999307833612
ICDroneMiteSurvivorship= 80.7276017032564
ICWorkerMiteSurvivorship= 30.0648351665586
ICForagerLifespan= 6.62985280621797
ImmType= Polynomial
RQQueenStrength= 3.66844857018441
RQEnableReQueen= true
AIAdultSlope= 6.72245188988745
AIAdultLD50= 9.60175828396901
AIAdultSlopeContact= 5.98419148707762
AIAdultLD50Contact= 80.0801954599204
AILarvaSlope= 8.5137574672699
AILarvaLD50= 34.0401917650648
AIKOW= 3692.03767365753
AIKOC= 31498.9156156296
AIHalfLife= 2.12657404553611
EAppRate= 3.20210998959932
FoliarEnabled= true
FoliarAppDate= 06/07/1989
FoliarForageBegin= 06/05/1989
FoliarForageEnd= 06/28/1989
AIContactFactor= 1.88287400852423
CL4Pollen= 3.7384769693017
CL4Nectar= 52.9861147049814
CL5Pollen= 1.35106641752645
CL5Nectar= 122.259855014272
CLDPollen= 3.65173374814913
CLDNectar= 39.4025176414289
CA13Pollen= 2.88868524953723
CA13Nectar= 51.9146685861051
CA410Pollen= 3.93888639423531
CA410Nectar= 161.792655396275
CA1120Pollen= 1.63753831386566
CA1120Nectar= 62.6575453951955
IPollenTrips= 12.6570317847654
INectarTrips= 13.9649489149451
IPollenLoad= 9.85965732485056
INectarLoad= 1.88221093034372
