ICQueenStrength= 4.27774692093953
RQWkrDrnRatio= 3.58899779897183
ICDroneMiteSurvivorship= 94.4473317125812
ICWorkerMiteSurvivorship= 75.2487509977072
ICForagerLifespan= 4.58202067296952
ImmType= Cosine
RQQueenStrength= 3.71831230144016
RQEnableReQueen= true
AIAdultSlope= 3.01512292213738
AIAdultLD50= 46.3985409327221
AIAdultSlopeContact= 9.65741996653378
AIAdultLD50Contact= 56.0371870657708
AILarvaSlope= 4.52622528187931
AILarvaLD50= 40.6314625602136
AIKOW= 25392.670939585
AIKOC= 6663.48384994362
AIHalfLife= 6.37526153242215
EAppRate= 5.44044220145186
FoliarEnabled= true
FoliarAppDate= 06/07/1989
FoliarForageBegin= 06/05/1989
FoliarForageEnd= 06/28/1989
AIContactFactor= 1.93659846887924
CL4Pollen= 3.32441363018006
CL4Nectar= 77.4267038097605
CL5Pollen= 4.18468947010115
CL5Nectar= 65.9775269916281
CLDPollen= 5.50487819546834
CLDNectar= 101.936052844394
CA13Pollen= 6.14484604243189
CA13Nectar= 46.4450146071613
CA410Pollen= 3.26076473402791
CA410Nectar= 109.27022788208
CA1120Pollen= 0.172676267568022
CA1120Nectar= 98.1041549518704
IPollenTrips= 12.626919252798
INectarTrips= 5.33926980802789
IPollenLoad= 6.58252475783229
INectarLoad= 6.53920115204528
