ICQueenStrength= 1.71118678897619
RQWkrDrnRatio= 4.17617239709944
ICDroneMiteSurvivorship= 25.0188979320228
ICWorkerMiteSurvivorship= 91.4122731890529
ICForagerLifespan= 15.5394208692014
ImmType= Logarithmic
RQQueenStrength= 4.77430623630062
RQEnableReQueen= true
AIAdultSlope= 1.22833231650293
AIAdultLD50= 13.7252338486831
AIAdultSlopeContact= 9.62082796986215
AIAdultLD50Contact= 41.6996606638534
AILarvaSlope= 4.85464836098254
AILarvaLD50= 77.4517904612958
AIKOW= 49291.8045676794
AIKOC= 78896.2251761209
AIHalfLife= 3.42589940875769
EAppRate= 1.72820811925153
FoliarEnabled= true
FoliarAppDate= 06/07/1989
FoliarForageBegin= 06/05/1989
FoliarForageEnd= 06/28/1989
AIContactFactor= 1.09877550291363
CL4Pollen= 0.590732584707439
CL4Nectar= 64.9616631912068
CL5Pollen= 0.710224280599505
CL5Nectar= 0.827179988846183
CLDPollen= 0.974396571982652
CLDNectar= 87.594720243942
CA13Pollen= 6.39192210678011
CA13Nectar= 75.1596098393202
CA410Pollen= 5.25771786628757
CA410Nectar= 112.134581143036
CA1120Pollen= 1.11037736479193
CA1120Nectar= 55.2522851526737
IPollenTrips= 12.5768489576876
INectarTrips= 12.4759077467024
IPollenLoad= 6.64089571684599
INectarLoad= 5.6120993476361
