ICQueenStrength= 2.86418427969329
RQWkrDrnRatio= 2.77295309212059
ICDroneMiteSurvivorship= 81.2383381184191
ICWorkerMiteSurvivorship= 12.1196484193206
ICForagerLifespan= 13.3700320515782
ImmType= Logarithmic
RQQueenStrength= 3.73892691009678
RQEnableReQueen= true
AIAdultSlope= 1.57640858739614
AIAdultLD50= 5.00333544716146
AIAdultSlopeContact= 5.52917636767961
AIAdultLD50Contact= 46.5366807894404
AILarvaSlope= 2.53865250945091
AILarvaLD50= 42.5881136083982
AIKOW= 470.061914014439
AIKOC= 87109.3083770308
AIHalfLife= 9.15269819449168
EAppRate= 0.103489901827648
FoliarEnabled= true
FoliarAppDate= 06/07/1989
FoliarForageBegin= 06/05/1989
FoliarForageEnd= 06/28/1989
AIContactFactor= 1.66747494688723
CL4Pollen= 3.34046092443168
CL4Nectar= 77.7206513099372
CL5Pollen= 0.970642550848424
CL5Nectar= 66.3711837027222
CLDPollen= 3.75163783645257
CLDNectar= 118.152722879313
CA13Pollen= 7.49391278792173
CA13Nectar= 63.9173538610339
CA410Pollen= 4.34854826722294
CA410Nectar= 108.249914022163
CA1120Pollen= 1.44905510684475
CA1120Nectar= 98.8635787367821
IPollenTrips= 6.95991840679199
INectarTrips= 14.8454516683705
IPollenLoad= 1.07907180208713
INectarLoad= 9.1796027100645
