ICQueenStrength= 4.04171977331862
RQWkrDrnRatio= 1.69884918536991
ICDroneMiteSurvivorship= 15.5546606751159
ICWorkerMiteSurvivorship= 20.777686801739
ICForagerLifespan= 11.2060773335397
ImmType= Cosine
RQQueenStrength= 1.13161143520847
RQEnableReQueen= true
AIAdultSlope= 4.32966976985335
AIAdultLD50= 86.5227709404121
AIAdultSlopeContact= 7.03705340856686
AIAdultLD50Contact= 4.07381831652764
AILarvaSlope= 7.78400538489223
AILarvaLD50= 86.6575985116677
AIKOW= 89478.5750235706
AIKOC= 29711.3254446941
AIHalfLife= 3.79723581480794
EAppRate= 6.09524342881097
FoliarEnabled= true
FoliarAppDate= 06/07/1989
FoliarForageBegin= 06/05/1989
FoliarForageEnd= 06/28/1989
AIContactFactor= 0.64914186802227
CL4Pollen= 3.40182435046881
CL4Nectar= 75.9165143128484
CL5Pollen= 2.90626066876575
CL5Nectar= 102.790327789262
CLDPollen= 3.97147831879556
CLDNectar= 148.446080717258
CA13Pollen= 4.09052063599229
CA13Nectar= 93.2206274569035
CA410Pollen= 5.03406738904305
CA410Nectar= 181.146961124614
CA1120Pollen= 2.36428760038689
CA1120Nectar= 24.972902983427
IPollenTrips= 14.9847374297678
INectarTrips= 8.65982024697587
IPollenLoad= 1.83432256570086
INectarLoad= 2.70156274316832
