ICQueenStrength= 3.37040274427272
RQWkrDrnRatio= 1.91928329505026
ICDroneMiteSurvivorship= 0.215723575092852
ICWorkerMiteSurvivorship= 45.0983100337908
ICForagerLifespan= 10.1674281163141
ImmType= Sine
RQQueenStrength= 3.06163715221919
RQEnableReQueen= true
AIAdultSlope= 4.82345205359161
AIAdultLD50= 16.514216927564
AIAdultSlopeContact= 2.22832570062019
AIAdultLD50Contact= 76.7265012252976
AILarvaSlope= 6.11877054907382
AILarvaLD50= 46.3085511124765
AIKOW= 66995.9380699177
AIKOC= 13279.381547926
AIHalfLife= 22.1221419472015
EAppRate= 0.990480586448219
FoliarEnabled= true
FoliarAppDate= 06/07/1989
FoliarForageBegin= 06/05/1989
FoliarForageEnd= 06/28/1989
AIContactFactor= 1.01805968220346
CL4Pollen= 3.75611646194011
CL4Nectar= 37.8206669120118
CL5Pollen= 2.02448441041633
CL5Nectar= 136.778593843337
CLDPollen= 2.4177393601276
CLDNectar= 35.6531687197275
CA13Pollen= 6.0962134886533
CA13Nectar= 21.8383639678359
CA410Pollen= 4.8440134621691
CA410Nectar= 63.7547450279817
CA1120Pollen= 2.64833223097958
CA1120Nectar= 99.904076885432
IPollenTrips= 10.2986176358536
INectarTrips= 10.5923822731711
IPollenLoad= 4.29257033392787
INectarLoad= 8.36198090808466
