ICQueenStrength= 5.19628152623773
RQWkrDrnRatio= 3.0232895500958
ICDroneMiteSurvivorship= 34.3385294079781
ICWorkerMiteSurvivorship= 34.2875853646547
ICForagerLifespan= 6.19584409892559
ImmType= Sine
RQQueenStrength= 4.59875962720253
RQEnableReQueen= true
AIAdultSlope= 7.16006228327751
AIAdultLD50= 99.9374273436847
AIAdultSlopeContact= 5.940266268095
AIAdultLD50Contact= 71.2774209998806
AILarvaSlope= 7.09874990582466
AILarvaLD50= 23.0346637705986
AIKOW= 34871.2691042059
AIKOC= 42974.2158770727
AIHalfLife= 4.45130458793137
EAppRate= 4.28170079282299
FoliarEnabled= true
FoliarAppDate= 06/07/1989
FoliarForageBegin= 06/05/1989
FoliarForageEnd= 06/28/1989
AIContactFactor= 1.54084394950885
CL4Pollen= 1.41698838118464
CL4Nectar= 12.5487879151478
CL5Pollen= 3.11923592258245
CL5Nectar= 0.270783039741218
CLDPollen= 3.07342006126419
CLDNectar= 0.217568886000663
CA13Pollen= 6.78774761855602
CA13Nectar= 97.7749225310981
CA410Pollen= 3.33363959295675
CA410Nectar= 169.467148906551
CA1120Pollen= 0.132709662197158
CA1120Nectar= 84.8196759261191
IPollenTrips= 8.6407979647629
INectarTrips= 9.60837868740782
IPollenLoad= 7.15667515294626
INectarLoad= 1.60757610341534
ESoilP= 1.26653880556114
ESoilFoc= 0.00264490346214734
