ICQueenStrength= 1.51337050739676
RQWkrDrnRatio= 1.59513731114566
ICDroneMiteSurvivorship= 28.5462938947603
ICWorkerMiteSurvivorship= 20.6093726912513
ICForagerLifespan= 7.58841793145984
ImmType= Logarithmic
RQQueenStrength= 3.94750603847206
RQEnableReQueen= true
AIAdultSlope= 8.26666395366192
AIAdultLD50= 38.3217816208021
AIAdultSlopeContact= 2.31602264707908
AIAdultLD50Contact= 31.8686837207095
AILarvaSlope= 6.42759929969907
AILarvaLD50= 34.1506759019608
AIKOW= 20547.6635891297
AIKOC= 24922.4290692629
AIHalfLife= 23.6912165673682
EAppRate= 0.831206408491824
FoliarEnabled= true
FoliarAppDate= 06/07/1989
FoliarForageBegin= 06/05/1989
FoliarForageEnd= 06/28/1989
AIContactFactor= 2.19898443681188
CL4Pollen= 3.19632588606328
CL4Nectar= 85.3230175096542
CL5Pollen= 3.3255324116908
CL5Nectar= 33.4384663961828
CLDPollen= 4.79178032884374
CLDNectar= 86.4734514383599
CA13Pollen= 2.50981619516388
CA13Nectar= 42.4173737317324
CA410Pollen= 4.33856174699031
CA410Nectar= 134.010936827399
CA1120Pollen= 2.38705607294105
CA1120Nectar= 92.9161029309034
IPollenTrips= 5.41112185455859
INectarTrips= 14.7366403369233
IPollenLoad= 6.82324178284034
INectarLoad= 6.77789673442021
