ICQueenStrength= 4.49934287718497
RQWkrDrnRatio= 2.82860857248306
ICDroneMiteSurvivorship= 3.61662730574608
ICWorkerMiteSurvivorship= 5.85166590753943
ICForagerLifespan= 5.21470420341939
ImmType= Cosine
RQQueenStrength= 4.76209019799717
RQEnableReQueen= true
AIAdultSlope= 1.95986417494714
AIAdultLD50= 3.93134587410325
AIAdultSlopeContact= 8.09721140586771
AIAdultLD50Contact= 2.61777606245503
AILarvaSlope= 1.31268004141748
AILarvaLD50= 56.1151413617597
AIKOW= 1488.18188125918
AIKOC= 37638.3855561097
AIHalfLife= 17.3782260843786
EAppRate= 4.22102016191254
FoliarEnabled= true
FoliarAppDate= 06/07/1989
FoliarForageBegin= 06/05/1989
FoliarForageEnd= 06/28/1989
AIContactFactor= 1.72214454755653
CL4Pollen= 0.198353664018214
CL4Nectar= 45.8406806923449
CL5Pollen= 3.5633214879781
CL5Nectar= 88.9661091961898
CLDPollen= 2.27974966401234
CLDNectar= 138.163475529291
CA13Pollen= 6.97241059299558
CA13Nectar= 78.7895111739635
CA410Pollen= 7.99795971787535
CA410Nectar= 125.327548040077
CA1120Pollen= 2.90877355355769
CA1120Nectar= 58.0112587288022
IPollenTrips= 11.6937233577482
INectarTrips= 11.1721646040678
IPollenLoad= 8.69061389705166
INectarLoad= 9.99874870991334
