ICQueenStrength= 4.29208181588911
RQWkrDrnRatio= 1.19994609616697
ICDroneMiteSurvivorship= 90.2634828817099
ICWorkerMiteSurvivorship= 55.4468981921673
ICForagerLifespan= 5.48459014482796
ImmType= Sine
RQQueenStrength= 2.64136534440331
RQEnableReQueen= true
AIAdultSlope= 3.68919041007757
AIAdultLD50= 35.7380264807369
AIAdultSlopeContact= 4.71628883271478
AIAdultLD50Contact= 41.5515961276682
AILarvaSlope= 4.20666924491525
AILarvaLD50= 59.1501469270734
AIKOW= 11316.4822778862
AIKOC= 66243.5196908861
AIHalfLife= 13.7373192984844
EAppRate= 9.2767684992007
FoliarEnabled= true
FoliarAppDate= 06/07/1989
FoliarForageBegin= 06/05/1989
FoliarForageEnd= 06/28/1989
AIContactFactor= 1.05997945293318
CL4Pollen= 0.457972190342844
CL4Nectar= 22.8401811094955
CL5Pollen= 3.13437306834385
CL5Nectar= 45.0389126082882
CLDPollen= 1.71921462099999
CLDNectar= 38.1611016928218
CA13Pollen= 6.22269353531301
CA13Nectar= 25.997513346374
CA410Pollen= 5.62421399389859
CA410Nectar= 30.4814265016466
CA1120Pollen= 2.97273063403554
CA1120Nectar= 73.6177644878626
IPollenTrips= 6.79407522315159
INectarTrips= 13.4039292810485
IPollenLoad= 7.06851519877091
INectarLoad= 2.44854375720024
