ICQueenStrength= 1.37392592057586
RQWkrDrnRatio= 3.28816918842494
ICDroneMiteSurvivorship= 91.5363014675677
ICWorkerMiteSurvivorship= 38.0927005549893
ICForagerLifespan= 15.5877089044079
ImmType= Exponential
RQQueenStrength= 1.04390215966851
RQEnableReQueen=true
AIAdultSlope= 8.86473512835801
AIAdultLD50= 0.394878202795284
AIAdultSlopeContact= 8.11526591633447
AIAdultLD50Contact= 93.0751601519485
AILarvaSlope= 4.69022038392723
AILarvaLD50= 81.2659669035675
AIKOW= 55554.9489075798
AIKOC= 59377.3238938537
AIHalfLife= 29.7164962964831
EAppRate= 0.611601676709251
FoliarEnabled=true
FoliarAppDate= 07/01/1989
FoliarForageBegin= 07/01/1989
FoliarForageEnd= 07/14/1989
AIContactFactor= 2.06815661785193
CL4Pollen= 3.13737723324448
CL4Nectar= 98.4185077715665
CL5Pollen= 0.949439745862037
CL5Nectar= 20.164283097256
CLDPollen= 0.305358483921736
CLDNectar= 110.033440939151
CA13Pollen= 6.45783155392855
CA13Nectar= 53.724971357733
CA410Pollen= 5.38824972000439
CA410Nectar= 193.904694388621
CA1120Pollen= 1.72319466015324
CA1120Nectar= 48.8480133377016
IPollenTrips= 10.7033231901005
INectarTrips= 5.12256616260856
IPollenLoad= 2.06720582908019
INectarLoad= 1.13987483317032
