ICQueenStrength= 4.50124629912898
RQWkrDrnRatio= 4.39634369593114
ICDroneMiteSurvivorship= 60.8854754129425
ICWorkerMiteSurvivorship= 44.0813972381875
ICForagerLifespan= 4.55227774102241
ImmType= Polynomial
AIAdultSlope= 2.86043168673757
AIAdultLD50= 0.0593609597999603
AIAdultSlopeContact= 1.02644864531234
AIAdultLD50Contact= 0.0185988105949946
AILarvaSlope= 0.231323295366019
AILarvaLD50= 0.628630922944285
AIKOW= 4.32201664987952
AIKOC= 9.89970199414529
AIHalfLife= 0.845346729434095
EAppRate= 8.53882957017049
FoliarEnabled= true
