ICQueenStrength= 2.69768903590739
RQWkrDrnRatio= 1.07795038446784
ICDroneMiteSurvivorship= 77.4824518011883
ICWorkerMiteSurvivorship= 78.2978915143758
ICForagerLifespan= 12.9492001235485
ImmType= Sine
RQQueenStrength= 2.82424221653491
RQEnableReQueen=true
AIAdultSlope= 6.93590120412409
AIAdultLD50= 0.0787258260536473
AIAdultSlopeContact= 8.14911050745286
AIAdultLD50Contact= 52.9971984390037
AILarvaSlope= 1.35112892463803
AILarvaLD50= 74.1061436579989
AIKOW= 4686.17643625001
AIKOC= 59455.3041269169
AIHalfLife= 14.0121847962495
EAppRate= 4.87788804116426
FoliarEnabled=true
FoliarAppDate= 07/01/1989
FoliarForageBegin= 07/01/1989
FoliarForageEnd= 07/14/1989
AIContactFactor= 1.19564253681805
CL4Pollen= 3.49331865645945
CL4Nectar= 80.023675179109
CL5Pollen= 1.31967880111188
CL5Nectar= 113.389613293111
CLDPollen= 4.71827045688406
CLDNectar= 69.5615297066979
CA13Pollen= 5.26064076023176
CA13Nectar= 74.3048578500748
CA410Pollen= 5.90471985354088
CA410Nectar= 192.229921319522
CA1120Pollen= 1.9397464056965
CA1120Nectar= 85.2877749502659
IPollenTrips= 12.5299471709877
INectarTrips= 10.4290598770604
IPollenLoad= 8.27979794703424
INectarLoad= 7.53967160824686
