ICQueenStrength= 2.95451549836434
RQWkrDrnRatio= 2.56019121129066
ICDroneMiteSurvivorship= 9.88056256901473
ICWorkerMiteSurvivorship= 26.5640393365175
ICForagerLifespan= 12.3485117955133
ImmType= Tangent
AIAdultSlope= 1.32488505895017
AIAdultLD50= 0.0398301586508751
AIAdultSlopeContact= 0.396274207576644
AIAdultLD50Contact= 0.0103052046149969
AILarvaSlope= 1.3365445882082
AILarvaLD50= 0.126727518928237
AIKOW= 2.62332228384912
AIKOC= 16.8863089650404
AIHalfLife= 2.60517513744999
EAppRate= 5.59253500308841
FoliarEnabled= true
