ICQueenStrength= 2.61489476100542
RQWkrDrnRatio= 2.33935844898224
ICDroneMiteSurvivorship= 79.4936733087525
ICWorkerMiteSurvivorship= 91.9231695123017
ICForagerLifespan= 9.49840436130762
ImmType= Polynomial
RQQueenStrength= 5.65035222820006
RQEnableReQueen= true
AIAdultSlope= 2.02828676067293
AIAdultLD50= 36.3490094469315
AIAdultSlopeContact= 6.12470876704901
AIAdultLD50Contact= 0.984097072662786
AILarvaSlope= 6.82337997853756
AILarvaLD50= 19.58640263701
AIKOW= 59102.0409868894
AIKOC= 78799.5523916085
AIHalfLife= 16.0037495198194
EAppRate= 8.164053252429
FoliarEnabled= true
FoliarAppDate= 06/07/1989
FoliarForageBegin= 06/05/1989
FoliarForageEnd= 06/28/1989
AIContactFactor= 2.10104032199364
CL4Pollen= 3.99278079904616
CL4Nectar= 6.34868626948446
CL5Pollen= 1.07490929542109
CL5Nectar= 37.2671578894369
CLDPollen= 0.585169629659504
CLDNectar= 95.7309952005744
CA13Pollen= 5.36727231629193
CA13Nectar= 49.6965550817549
CA410Pollen= 3.41564388950355
CA410Nectar= 159.313432062045
CA1120Pollen= 0.0699676377698779
CA1120Nectar= 44.9854050762951
IPollenTrips= 6.57581525156274
INectarTrips= 14.3836060818285
IPollenLoad= 9.15691327536479
INectarLoad= 6.30652841413394
ESoilP= 1.37492357636802
ESoilFoc= 0.0190080556822941
