ICQueenStrength= 4.44490403309464
RQWkrDrnRatio= 2.0549257574603
ICDroneMiteSurvivorship= 15.2289281832054
ICWorkerMiteSurvivorship= 45.3352278564125
ICForagerLifespan= 13.6767078367993
ImmType= Sine
RQQueenStrength= 2.68810479692183
RQEnableReQueen= true
AIAdultSlope= 1.13309299014509
AIAdultLD50= 92.8211856239506
AIAdultSlopeContact= 1.26445752335712
AIAdultLD50Contact= 28.5522786404362
AILarvaSlope= 1.77835299633443
AILarvaLD50= 6.06644126958493
AIKOW= 29580.8358920747
AIKOC= 36065.5344538032
AIHalfLife= 24.3082295221975
EAppRate= 1.3188859594469
FoliarEnabled= true
FoliarAppDate= 06/07/1989
FoliarForageBegin= 06/05/1989
FoliarForageEnd= 06/28/1989
AIContactFactor= 1.14279819167219
CL4Pollen= 2.76838236767799
CL4Nectar= 61.1707765143365
CL5Pollen= 4.74587158067152
CL5Nectar= 129.954337142408
CLDPollen= 1.01673774048686
CLDNectar= 57.3409349424765
CA13Pollen= 4.72082074573263
CA13Nectar= 86.5252777189016
CA410Pollen= 3.47248940705322
CA410Nectar= 123.755884156562
CA1120Pollen= 1.70384169719182
CA1120Nectar= 94.2481800355017
IPollenTrips= 7.94920727144927
INectarTrips= 7.49864221084863
IPollenLoad= 9.07107271719724
INectarLoad= 6.97187794139609
