ICQueenStrength= 1.05955084809102
RQWkrDrnRatio= 1.33413961436599
ICDroneMiteSurvivorship= 1.40293596778065
ICWorkerMiteSurvivorship= 61.3589679589495
ICForagerLifespan= 10.4546776898205
ImmType= Exponential
AIAdultSlope= 3.04553894009907
AIAdultLD50= 0.0214109408669174
AIAdultSlopeContact= 0.970323233711533
AIAdultLD50Contact= 0.0475619562435895
AILarvaSlope= 1.6158970925957
AILarvaLD50= 0.0509639475261793
AIKOW= 2.81170163303614
AIKOC= 5.50572290783748
AIHalfLife= 1.24650515408721
EAppRate= 1.09805856598541
FoliarEnabled= true
