ICQueenStrength= 2.16600089822896
RQWkrDrnRatio= 1.33040468394756
ICDroneMiteSurvivorship= 29.1915585054085
ICWorkerMiteSurvivorship= 73.4914151951671
ICForagerLifespan= 13.9204033063725
ImmType= Logarithmic
AIAdultSlope= 2.59879658847582
AIAdultLD50= 0.13745284001343
AIAdultSlopeContact= 2.99141307007754
AIAdultLD50Contact= 0.0179688854143023
AILarvaSlope= 1.15556823024526
AILarvaLD50= 0.235224533826113
AIKOW= 4.65815250948071
AIKOC= 22.5598608853761
AIHalfLife= 1.1273021501489
EAppRate= 8.93843229161575
FoliarEnabled= true
