ICQueenStrength= 5.60199175402522
RQWkrDrnRatio= 1.97205738537014
ICDroneMiteSurvivorship= 67.4118938157335
ICWorkerMiteSurvivorship= 65.2525792364031
ICForagerLifespan= 4.95520307682455
ImmType= Cosine
RQQueenStrength= 3.66939237830229
RQEnableReQueen= true
AIAdultSlope= 8.87468246743083
AIAdultLD50= 16.2607889873192
AIAdultSlopeContact= 7.70771270757541
AIAdultLD50Contact= 36.2400704984332
AILarvaSlope= 3.57169692777097
AILarvaLD50= 72.5182795996561
AIKOW= 99771.5060361981
AIKOC= 25880.1481582297
AIHalfLife= 2.99805784730706
EAppRate= 2.70010730568273
FoliarEnabled= true
FoliarAppDate= 06/07/1989
FoliarForageBegin= 06/05/1989
FoliarForageEnd= 06/28/1989
AIContactFactor= 1.98758335361723
CL4Pollen= 0.384619163349271
CL4Nectar= 62.5677316449583
CL5Pollen= 4.79374091606587
CL5Nectar= 21.1654775775969
CLDPollen= 4.62671470222995
CLDNectar= 83.260433783289
CA13Pollen= 6.90596624910831
CA13Nectar= 72.9547651670873
CA410Pollen= 2.99226671287324
CA410Nectar= 24.0035487012938
CA1120Pollen= 0.536202433286235
CA1120Nectar= 88.3865244314075
IPollenTrips= 12.9876779788174
INectarTrips= 12.4614658299834
IPollenLoad= 5.74375123716891
INectarLoad= 8.85580984642729
