ICQueenStrength= 3.50513140927069
RQWkrDrnRatio= 1.97138466779143
ICDroneMiteSurvivorship= 2.51277312636375
ICWorkerMiteSurvivorship= 95.5401840852574
ICForagerLifespan= 9.35031014401466
ImmType= Polynomial
RQQueenStrength= 1.84492503316142
RQEnableReQueen= true
AIAdultSlope= 3.95956165157259
AIAdultLD50= 80.8985830070025
AIAdultSlopeContact= 3.44631987577304
AIAdultLD50Contact= 19.0161569892324
AILarvaSlope= 3.1679220944643
AILarvaLD50= 11.3410207238616
AIKOW= 53186.0945062762
AIKOC= 2303.84607795184
AIHalfLife= 13.6520492221694
EAppRate= 0.648942266213708
FoliarEnabled= true
FoliarAppDate= 06/07/1989
FoliarForageBegin= 06/05/1989
FoliarForageEnd= 06/28/1989
AIContactFactor= 0.337450989428908
CL4Pollen= 1.71198674384505
CL4Nectar= 92.7962098270655
CL5Pollen= 2.1872361972928
CL5Nectar= 137.67947119195
CLDPollen= 0.880763562396169
CLDNectar= 127.867922151927
CA13Pollen= 3.29681658679619
CA13Nectar= 62.2252039983869
CA410Pollen= 2.28436370000709
CA410Nectar= 190.356292333454
CA1120Pollen= 0.838489793473855
CA1120Nectar= 51.0685480386019
IPollenTrips= 11.485804412514
INectarTrips= 13.8517522229813
IPollenLoad= 6.26597995171323
INectarLoad= 1.75622516777366
