ICQueenStrength= 1.20039481110871
RQWkrDrnRatio= 4.56699222605675
ICDroneMiteSurvivorship= 75.0021938001737
ICWorkerMiteSurvivorship= 12.1155627770349
ICForagerLifespan= 14.276780298911
ImmType= Polynomial
RQQueenStrength= 5.71425138763152
RQEnableReQueen= true
AIAdultSlope= 4.13915772363544
AIAdultLD50= 0.207561438812176
AIAdultSlopeContact= 2.76447635400109
AIAdultLD50Contact= 97.2009256995581
AILarvaSlope= 7.14645889215171
AILarvaLD50= 18.6389643617014
AIKOW= 83275.6861772013
AIKOC= 41766.3229960934
AIHalfLife= 13.4028944617137
EAppRate= 9.40428442169936
FoliarEnabled= true
FoliarAppDate= 09/01/1989
FoliarForageBegin= 09/01/1989
FoliarForageEnd= 09/08/1989
AIContactFactor= 1.17594589310698
CL4Pollen= 2.12272106483579
CL4Nectar= 70.6651482498273
CL5Pollen= 5.9002748359926
CL5Nectar= 2.02769762836397
CLDPollen= 0.385670577641577
CLDNectar= 120.083590492141
CA13Pollen= 2.745674553141
CA13Nectar= 37.3232055269182
CA410Pollen= 3.73822943151463
CA410Nectar= 143.428079010919
CA1120Pollen= 1.50852773152292
CA1120Nectar= 54.5663722977042
IPollenTrips= 11.2963818223216
INectarTrips= 6.51340584736317
IPollenLoad= 9.65732830809429
INectarLoad= 4.90235012257472
