ICQueenStrength= 3.80669340281747
RQWkrDrnRatio= 1.79381677787751
ICDroneMiteSurvivorship= 55.1241482142359
ICWorkerMiteSurvivorship= 14.5355637185276
ICForagerLifespan= 5.16946459095925
ImmType= Sine
RQQueenStrength= 5.08617292065173
RQEnableReQueen= true
AIAdultSlope= 8.54103453271091
AIAdultLD50= 82.0442457221183
AIAdultSlopeContact= 3.30503495177254
AIAdultLD50Contact= 59.8142808956916
AILarvaSlope= 4.17303165793419
AILarvaLD50= 30.1340284409553
AIKOW= 51582.1766097329
AIKOC= 27230.5586736093
AIHalfLife= 13.055059537082
EAppRate= 8.67463316480885
FoliarEnabled= true
FoliarAppDate= 06/07/1989
FoliarForageBegin= 06/05/1989
FoliarForageEnd= 06/28/1989
AIContactFactor= 1.7758548718458
CL4Pollen= 0.0291243605315685
CL4Nectar= 89.2395878676325
CL5Pollen= 5.42925684107468
CL5Nectar= 51.7491497914307
CLDPollen= 1.49858328653499
CLDNectar= 44.4150866707787
CA13Pollen= 5.30972891235724
CA13Nectar= 49.7399637289345
CA410Pollen= 7.49866637717932
CA410Nectar= 77.232665787451
CA1120Pollen= 1.37706410279498
CA1120Nectar= 21.2556703202426
IPollenTrips= 14.0447418298572
INectarTrips= 9.5142927323468
IPollenLoad= 4.61506263818592
INectarLoad= 0.43723956681788
ESoilP= 1.56770723243244
ESoilFoc= 0.0176437905768398
