ICQueenStrength= 1.62651508138515
RQWkrDrnRatio= 4.74780775420368
ICDroneMiteSurvivorship= 61.9733348023146
ICWorkerMiteSurvivorship= 93.19119208958
ICForagerLifespan= 5.61356200277805
ImmType= Polynomial
AIAdultSlope= 3.0178648790298
AIAdultLD50= 0.0740606122650206
AIAdultSlopeContact= 1.28091886255424
AIAdultLD50Contact= 0.0198271728004329
AILarvaSlope= 2.19732912913896
AILarvaLD50= 0.77876354358159
AIKOW= 4.18021750357002
AIKOC= 16.0949783003889
AIHalfLife= 0.302822178835049
EAppRate= 7.72671103244647
FoliarEnabled= true
