ICQueenStrength= 3.42803995264694
RQWkrDrnRatio= 2.07371394336224
ICDroneMiteSurvivorship= 75.6677297642455
ICWorkerMiteSurvivorship= 42.3967669019476
ICForagerLifespan= 15.7924096817151
ImmType= Tangent
RQQueenStrength= 4.0741060024593
RQEnableReQueen= true
AIAdultSlope= 4.88031189329922
AIAdultLD50= 97.4737204387705
AIAdultSlopeContact= 5.5026971581392
AIAdultLD50Contact= 37.2980722352448
AILarvaSlope= 7.60005565173924
AILarvaLD50= 61.1885300736432
AIKOW= 2422.80259474445
AIKOC= 93896.7876680184
AIHalfLife= 21.6010202312144
EAppRate= 0.0387234365527984
FoliarEnabled= true
FoliarAppDate= 06/07/1989
FoliarForageBegin= 06/05/1989
FoliarForageEnd= 06/28/1989
AIContactFactor= 1.68648707786109
CL4Pollen= 3.7667178157717
CL4Nectar= 73.0921862646937
CL5Pollen= 1.48338645184413
CL5Nectar= 3.17618554690853
CLDPollen= 2.24170931009576
CLDNectar= 86.4526923280209
CA13Pollen= 2.88973342329264
CA13Nectar= 92.0263194479048
CA410Pollen= 5.80960754149128
CA410Nectar= 171.223882152699
CA1120Pollen= 0.842971198959276
CA1120Nectar= 61.273295134306
IPollenTrips= 13.7568602571264
INectarTrips= 7.25968816783279
IPollenLoad= 4.61655939463526
INectarLoad= 7.03762579476461
