ICQueenStrength= 3.96309362282045
RQWkrDrnRatio= 2.15650552324951
ICDroneMiteSurvivorship= 50.8124985732138
ICWorkerMiteSurvivorship= 19.7889533359557
ICForagerLifespan= 10.6244904939085
ImmType= Sine
RQQueenStrength= 1.43643152574077
RQEnableReQueen= true
AIAdultSlope= 7.76322082616389
AIAdultLD50= 64.6548292782865
AIAdultSlopeContact= 6.1294451248832
AIAdultLD50Contact= 4.1293164146326
AILarvaSlope= 4.52951871976256
AILarvaLD50= 80.9942278777854
AIKOW= 47831.5297295781
AIKOC= 84113.4291444547
AIHalfLife= 28.4649131804239
EAppRate= 1.64352328944067
FoliarEnabled= true
FoliarAppDate= 06/07/1989
FoliarForageBegin= 06/05/1989
FoliarForageEnd= 06/28/1989
AIContactFactor= 1.12568433736451
CL4Pollen= 1.23444539774209
CL4Nectar= 95.8936671959236
CL5Pollen= 1.31698585767299
CL5Nectar= 29.1862258105539
CLDPollen= 4.47593153407797
CLDNectar= 87.0087999966927
CA13Pollen= 7.76150201102719
CA13Nectar= 87.5262590125203
CA410Pollen= 6.02556693002116
CA410Nectar= 119.507128116675
CA1120Pollen= 2.54523079795763
CA1120Nectar= 73.4903244115412
IPollenTrips= 8.96684711333364
INectarTrips= 8.51786743616685
IPollenLoad= 4.45059666177258
INectarLoad= 9.36824460048229
