ICQueenStrength= 2.35833584354259
RQWkrDrnRatio= 2.05383315403014
ICDroneMiteSurvivorship= 45.5594737548381
ICWorkerMiteSurvivorship= 97.7454779669642
ICForagerLifespan= 5.08769217412919
ImmType= Tangent
RQQueenStrength= 5.53573239035904
RQEnableReQueen= true
AIAdultSlope= 8.23733400553465
AIAdultLD50= 42.6335036980207
AIAdultSlopeContact= 9.26048491499387
AIAdultLD50Contact= 75.50042938885
AILarvaSlope= 1.47298020683229
AILarvaLD50= 33.9998376820548
AIKOW= 20678.7180547217
AIKOC= 6837.93605309725
AIHalfLife= 14.3868796804687
EAppRate= 0.680585025939858
FoliarEnabled= true
FoliarAppDate= 06/07/1989
FoliarForageBegin= 06/05/1989
FoliarForageEnd= 06/28/1989
AIContactFactor= 1.78520220940933
CL4Pollen= 2.40450293198228
CL4Nectar= 80.8707090793177
CL5Pollen= 2.36873767292127
CL5Nectar= 107.33121415833
CLDPollen= 4.74489534180611
CLDNectar= 109.091880591586
CA13Pollen= 2.34650176186115
CA13Nectar= 80.677059981972
CA410Pollen= 7.87499291941058
CA410Nectar= 148.68011939805
CA1120Pollen= 0.457175216870382
CA1120Nectar= 42.9713373072445
IPollenTrips= 12.4440952204168
INectarTrips= 11.5671011083759
IPollenLoad= 8.38274059118703
INectarLoad= 1.36766922427341
ESoilP= 1.61773731885478
ESoilFoc= 0.0135366892220918
