ICQueenStrength= 4.01039645215496
RQWkrDrnRatio= 2.20396516937762
ICDroneMiteSurvivorship= 37.7682705875486
ICWorkerMiteSurvivorship= 65.7056224765256
ICForagerLifespan= 14.6751832151785
ImmType= Tangent
AIAdultSlope= 1.84161224061158
AIAdultLD50= 0.0283942019566894
AIAdultSlopeContact= 1.73708578554215
AIAdultLD50Contact= 0.0244319732184522
AILarvaSlope= 2.77011786368676
AILarvaLD50= 0.460329912579618
AIKOW= 4.9676822675392
AIKOC= 16.4292629121337
AIHalfLife= 0.0780331378802657
EAppRate= 3.22639569174498
FoliarEnabled= true
