ICQueenStrength= 1.47862244653516
RQWkrDrnRatio= 4.27442326117307
ICDroneMiteSurvivorship= 66.2081222748384
ICWorkerMiteSurvivorship= 88.0542646627873
ICForagerLifespan= 9.4577351687476
ImmType= Polynomial
RQQueenStrength= 3.74329069186933
RQEnableReQueen= true
AIAdultSlope= 6.78256073594093
AIAdultLD50= 2.6355581154942
AIAdultSlopeContact= 8.75429600314237
AIAdultLD50Contact= 30.2087537108872
AILarvaSlope= 6.2891258597374
AILarvaLD50= 97.531608449684
AIKOW= 91793.0811235786
AIKOC= 19918.7522981768
AIHalfLife= 4.55245548777748
EAppRate= 0.701386067943182
FoliarEnabled= true
FoliarAppDate= 06/07/1989
FoliarForageBegin= 06/05/1989
FoliarForageEnd= 06/28/1989
AIContactFactor= 0.356954860771075
CL4Pollen= 1.85474693775177
CL4Nectar= 22.5758949993178
CL5Pollen= 0.336012073326856
CL5Nectar= 122.317088814452
CLDPollen= 5.71049763355404
CLDNectar= 5.68101630778983
CA13Pollen= 4.21336716394871
CA13Nectar= 38.2480021938682
CA410Pollen= 5.54764011946972
CA410Nectar= 196.94134362042
CA1120Pollen= 1.66911154752597
CA1120Nectar= 90.2850301004946
IPollenTrips= 7.81158053316176
INectarTrips= 9.79624507948756
IPollenLoad= 1.42498357919976
INectarLoad= 7.10445862496272
ESoilP= 1.87455145688727
ESoilFoc= 0.0132748928200454
