ICQueenStrength= 4.69407368125394
RQWkrDrnRatio= 3.00293807778507
ICDroneMiteSurvivorship= 98.8761635962874
ICWorkerMiteSurvivorship= 43.2167017832398
ICForagerLifespan= 6.39374541211873
ImmType= Sine
RQQueenStrength= 1.44732886715792
RQEnableReQueen= true
AIAdultSlope= 7.55548368021846
AIAdultLD50= 0.969740657364018
AIAdultSlopeContact= 8.93204069300555
AIAdultLD50Contact= 78.7344662372149
AILarvaSlope= 2.83672191761434
AILarvaLD50= 98.3252089546172
AIKOW= 15104.0678756612
AIKOC= 53742.8683248686
AIHalfLife= 33.8484615306836
EAppRate= 4.76541773900576
FoliarEnabled= true
FoliarAppDate= 09/01/1989
FoliarForageBegin= 09/01/1989
FoliarForageEnd= 09/08/1989
AIContactFactor= 0.472538225571625
CL4Pollen= 2.9555187523365
CL4Nectar= 31.2297778436914
CL5Pollen= 5.13217962440103
CL5Nectar= 142.874803219456
CLDPollen= 4.35727509856224
CLDNectar= 136.139343772084
CA13Pollen= 5.91384627278894
CA13Nectar= 20.038465578109
CA410Pollen= 7.32802604476456
CA410Nectar= 166.376806711778
CA1120Pollen= 1.98315377323888
CA1120Nectar= 94.7056160122156
IPollenTrips= 8.25769123854116
INectarTrips= 14.3798825796694
IPollenLoad= 4.49231341714039
INectarLoad= 2.11130642099306
