ICQueenStrength= 1.73850172339007
RQWkrDrnRatio= 4.86836657300591
ICDroneMiteSurvivorship= 21.1797301191837
ICWorkerMiteSurvivorship= 94.9203455587849
ICForagerLifespan= 9.55516502261162
ImmType= Sine
RQQueenStrength= 5.35961331008002
RQEnableReQueen= true
AIAdultSlope= 8.59081041812897
AIAdultLD50= 0.65656372906547
AIAdultSlopeContact= 1.03408234380186
AIAdultLD50Contact= 63.2465163632035
AILarvaSlope= 7.74895326420665
AILarvaLD50= 7.86816102264542
AIKOW= 32160.7715535745
AIKOC= 87224.6504534436
AIHalfLife= 32.6428652799921
EAppRate= 4.13258624427207
FoliarEnabled= true
FoliarAppDate= 09/01/1989
FoliarForageBegin= 09/01/1989
FoliarForageEnd= 09/08/1989
AIContactFactor= 0.355757296690717
CL4Pollen= 2.50568863190711
CL4Nectar= 42.5220466218889
CL5Pollen= 2.59653894742951
CL5Nectar= 112.094098585658
CLDPollen= 0.0508042643778026
CLDNectar= 16.4769476861693
CA13Pollen= 3.0623276152648
CA13Nectar= 27.2288392297924
CA410Pollen= 8.08220054579433
CA410Nectar= 194.045974761248
CA1120Pollen= 1.50727618485689
CA1120Nectar= 45.8940218761563
IPollenTrips= 9.74625441711396
INectarTrips= 5.86778487544507
IPollenLoad= 9.95384113397449
INectarLoad= 1.65809914236888
