ICQueenStrength= 4.0869381390512
RQWkrDrnRatio= 2.89218546357006
ICDroneMiteSurvivorship= 4.15326347574592
ICWorkerMiteSurvivorship= 52.5610991753638
ICForagerLifespan= 4.20816465467215
ImmType= Exponential
RQQueenStrength= 2.87638909183443
RQEnableReQueen=true
AIAdultSlope= 7.28710043057799
AIAdultLD50= 0.625801735577639
AIAdultSlopeContact= 6.45024630217813
AIAdultLD50Contact= 41.3659562445681
AILarvaSlope= 4.12305149994791
AILarvaLD50= 30.956131834819
AIKOW= 65658.5224088174
AIKOC= 97300.1134024016
AIHalfLife= 4.65682202253956
EAppRate= 8.55159473548154
FoliarEnabled=true
FoliarAppDate= 07/01/1989
FoliarForageBegin= 07/01/1989
FoliarForageEnd= 07/14/1989
AIContactFactor= 0.705053351288661
CL4Pollen= 1.5560439908877
CL4Nectar= 15.0576860411093
CL5Pollen= 3.19926842534915
CL5Nectar= 147.819086664822
CLDPollen= 3.67689163377509
CLDNectar= 63.167095114477
CA13Pollen= 2.9669759048149
CA13Nectar= 85.6054253317416
CA410Pollen= 2.35820140822325
CA410Nectar= 122.493758802302
CA1120Pollen= 1.48656944185495
CA1120Nectar= 30.4381530545652
IPollenTrips= 5.60983694856986
INectarTrips= 9.96172552928329
IPollenLoad= 7.10277046076953
INectarLoad= 9.97196937678382
