ICQueenStrength= 5.91616924875416
RQWkrDrnRatio= 4.17227512784302
ICDroneMiteSurvivorship= 33.189496374689
ICWorkerMiteSurvivorship= 21.005018777214
ICForagerLifespan= 11.4069698238745
ImmType= Sine
RQQueenStrength= 2.32644160301425
RQEnableReQueen= true
AIAdultSlope= 6.03267658874393
AIAdultLD50= 14.382653421212
AIAdultSlopeContact= 3.49400154524483
AIAdultLD50Contact= 62.6389856588547
AILarvaSlope= 3.77121269516647
AILarvaLD50= 83.8728824773221
AIKOW= 27541.8454829006
AIKOC= 54631.0259965439
AIHalfLife= 28.3053933859803
EAppRate= 8.48129735166556
FoliarEnabled= true
FoliarAppDate= 06/07/1989
FoliarForageBegin= 06/05/1989
FoliarForageEnd= 06/28/1989
AIContactFactor= 1.89532747535501
CL4Pollen= 3.05893266946077
CL4Nectar= 25.504826172255
CL5Pollen= 4.80254779290408
CL5Nectar= 24.3442623876035
CLDPollen= 5.44290403649211
CLDNectar= 46.3653206010349
CA13Pollen= 6.24774152860045
CA13Nectar= 34.0193351358175
CA410Pollen= 3.84204407099169
CA410Nectar= 42.8414514940232
CA1120Pollen= 0.807505986420438
CA1120Nectar= 50.6238893605769
IPollenTrips= 13.1736734835431
INectarTrips= 11.3608284457587
IPollenLoad= 5.25560336653143
INectarLoad= 0.347831449471414
ESoilP= 1.25974816107191
ESoilFoc= 0.0189697958452161
