ICQueenStrength= 5.65940015972592
RQWkrDrnRatio= 4.07276363112032
ICDroneMiteSurvivorship= 49.7993944445625
ICWorkerMiteSurvivorship= 87.646970897913
ICForagerLifespan= 14.4124020151794
ImmType= Sine
RQQueenStrength= 1.94665305456147
RQEnableReQueen= true
AIAdultSlope= 6.29017111286521
AIAdultLD50= 42.4369279155144
AIAdultSlopeContact= 6.69180655525997
AIAdultLD50Contact= 96.2617680098505
AILarvaSlope= 1.97588583640754
AILarvaLD50= 3.39318042919016
AIKOW= 58031.9010711189
AIKOC= 78964.0825695379
AIHalfLife= 6.9338405050803
EAppRate= 5.09051935439068
FoliarEnabled= true
FoliarAppDate= 06/07/1989
FoliarForageBegin= 06/05/1989
FoliarForageEnd= 06/28/1989
AIContactFactor= 1.48673722145613
CL4Pollen= 1.21971912123263
CL4Nectar= 86.8625925388187
CL5Pollen= 4.06135618127882
CL5Nectar= 72.9314452386461
CLDPollen= 1.74955697637051
CLDNectar= 97.6765434374101
CA13Pollen= 6.55493648052216
CA13Nectar= 93.1274743750691
CA410Pollen= 4.09649794776924
CA410Nectar= 118.731850185432
CA1120Pollen= 2.52822079416364
CA1120Nectar= 20.3784136287868
IPollenTrips= 5.03524372819811
INectarTrips= 5.77469216426834
IPollenLoad= 9.46002698037773
INectarLoad= 0.715039849746972
ESoilP= 1.51504604844376
ESoilFoc= 0.0119015724402852
