ICQueenStrength= 3.92166673345491
RQWkrDrnRatio= 3.03254808485508
ICDroneMiteSurvivorship= 29.2433592723683
ICWorkerMiteSurvivorship= 15.1879038428888
ICForagerLifespan= 7.10598499979824
ImmType= Logarithmic
RQQueenStrength= 4.83754745242186
RQEnableReQueen= true
AIAdultSlope= 8.89775994606316
AIAdultLD50= 90.0432170007494
AIAdultSlopeContact= 1.04020236106589
AIAdultLD50Contact= 63.1725521624689
AILarvaSlope= 7.26715198718011
AILarvaLD50= 4.85631137415185
AIKOW= 85446.4755045929
AIKOC= 21018.8084631853
AIHalfLife= 4.87933618722018
EAppRate= 3.54010249775113
FoliarEnabled= true
FoliarAppDate= 06/07/1989
FoliarForageBegin= 06/05/1989
FoliarForageEnd= 06/28/1989
AIContactFactor= 1.33357799164951
CL4Pollen= 1.79083764366806
CL4Nectar= 7.14155323803425
CL5Pollen= 2.9477461706847
CL5Nectar= 61.740727617871
CLDPollen= 2.54035567911342
CLDNectar= 61.5564401610754
CA13Pollen= 6.12793542565778
CA13Nectar= 29.7675644420087
CA410Pollen= 4.85321711390279
CA410Nectar= 75.0452935742214
CA1120Pollen= 1.98388671618886
CA1120Nectar= 58.7198134511709
IPollenTrips= 13.7036235420965
INectarTrips= 5.358358155936
IPollenLoad= 6.53288055211306
INectarLoad= 8.11254084343091
