ICQueenStrength= 5.63978579267859
RQWkrDrnRatio= 1.69039691798389
ICDroneMiteSurvivorship= 63.112404383719
ICWorkerMiteSurvivorship= 40.1258994592354
ICForagerLifespan= 14.6908951513469
ImmType= Logarithmic
RQQueenStrength= 5.13684439728968
RQEnableReQueen= true
AIAdultSlope= 3.55958947911859
AIAdultLD50= 73.3650182083242
AIAdultSlopeContact= 8.77055803313851
AIAdultLD50Contact= 42.7222281895038
AILarvaSlope= 4.10863620042801
AILarvaLD50= 39.8798216292218
AIKOW= 68510.1209964606
AIKOC= 97877.6920943852
AIHalfLife= 32.8098942952463
EAppRate= 3.0253024840178
FoliarEnabled= true
FoliarAppDate= 06/07/1989
FoliarForageBegin= 06/05/1989
FoliarForageEnd= 06/28/1989
AIContactFactor= 1.27093426973559
CL4Pollen= 1.8125407109037
CL4Nectar= 24.489065236412
CL5Pollen= 2.57820664672181
CL5Nectar= 147.397595015354
CLDPollen= 4.93532776460052
CLDNectar= 125.922895548865
CA13Pollen= 8.13144186865538
CA13Nectar= 79.9761366657913
CA410Pollen= 7.28522867599968
CA410Nectar= 190.696583143435
CA1120Pollen= 1.35741792549379
CA1120Nectar= 55.8433903753757
IPollenTrips= 14.0480735129677
INectarTrips= 13.4078324213624
IPollenLoad= 9.20690677827224
INectarLoad= 8.38070049649104
ESoilP= 1.41487378394231
ESoilFoc= 0.0033095075939782
