ICQueenStrength= 3.1589412225876
RQWkrDrnRatio= 2.29247843101621
ICDroneMiteSurvivorship= 41.0086796851829
ICWorkerMiteSurvivorship= 17.1406963141635
ICForagerLifespan= 12.9149002023041
ImmType= Tangent
RQQueenStrength= 1.82645028596744
RQEnableReQueen= true
AIAdultSlope= 8.44962740130723
AIAdultLD50= 0.461429247452877
AIAdultSlopeContact= 5.19546329812147
AIAdultLD50Contact= 85.244931241431
AILarvaSlope= 1.81615887209773
AILarvaLD50= 47.8172673270374
AIKOW= 74253.3055269444
AIKOC= 45564.8875082049
AIHalfLife= 3.05506308816839
EAppRate= 6.56683964389679
FoliarEnabled= true
FoliarAppDate= 09/01/1989
FoliarForageBegin= 09/01/1989
FoliarForageEnd= 09/08/1989
AIContactFactor= 2.04208312618081
CL4Pollen= 3.79513303283602
CL4Nectar= 77.8347922256216
CL5Pollen= 3.74993481114507
CL5Nectar= 26.827589829918
CLDPollen= 3.4754621470347
CLDNectar= 5.28463837690651
CA13Pollen= 3.64062712136656
CA13Nectar= 32.2897712700069
CA410Pollen= 9.09451838019304
CA410Nectar= 174.390763277188
CA1120Pollen= 1.93497193674557
CA1120Nectar= 79.6009709127247
IPollenTrips= 13.9416211470962
INectarTrips= 11.4096719189547
IPollenLoad= 5.03336529014632
INectarLoad= 1.63135087117553
