ICQueenStrength= 4.18817596067674
RQWkrDrnRatio= 3.48262375406921
ICDroneMiteSurvivorship= 62.2924321796745
ICWorkerMiteSurvivorship= 14.0394174028188
ICForagerLifespan= 12.9305769680068
ImmType= Tangent
RQQueenStrength= 1.01395875238813
RQEnableReQueen= true
AIAdultSlope= 3.80521917156875
AIAdultLD50= 0.587362093614414
AIAdultSlopeContact= 2.72679128381424
AIAdultLD50Contact= 80.6133059227134
AILarvaSlope= 3.63881905376911
AILarvaLD50= 76.2905295296074
AIKOW= 67437.5279772739
AIKOC= 91961.9559624267
AIHalfLife= 13.0735118804499
EAppRate= 5.22394944756362
FoliarEnabled= true
FoliarAppDate= 06/07/1989
FoliarForageBegin= 06/05/1989
FoliarForageEnd= 06/28/1989
AIContactFactor= 2.09307980118785
CL4Pollen= 3.96457245200872
CL4Nectar= 94.2589740268886
CL5Pollen= 0.223608921747655
CL5Nectar= 45.7697694073431
CLDPollen= 5.65536812413484
CLDNectar= 79.0184376295656
CA13Pollen= 4.47554016048089
CA13Nectar= 36.3601510599256
CA410Pollen= 6.64589366773143
CA410Nectar= 63.2744014170021
CA1120Pollen= 1.08298344793729
CA1120Nectar= 55.2173682115972
IPollenTrips= 6.16261418908834
INectarTrips= 7.40266115404665
IPollenLoad= 4.21598218614236
INectarLoad= 8.85173128452152
ESoilP= 1.73456337908283
ESoilFoc= 0.0147570919694845
