ICQueenStrength= 4.35747155826539
RQWkrDrnRatio= 4.31918486859649
ICDroneMiteSurvivorship= 99.5223556412384
ICWorkerMiteSurvivorship= 60.1359402295202
ICForagerLifespan= 4.81655912846327
ImmType= Sine
RQQueenStrength= 2.3157955033239
RQEnableReQueen= true
AIAdultSlope= 4.34250224195421
AIAdultLD50= 82.7440072658137
AIAdultSlopeContact= 1.64479588274844
AIAdultLD50Contact= 66.0563864935371
AILarvaSlope= 8.20145673304796
AILarvaLD50= 80.566365429339
AIKOW= 99250.4152287599
AIKOC= 54809.8301567195
AIHalfLife= 28.8042278978974
EAppRate= 4.16048909110669
FoliarEnabled= true
FoliarAppDate= 06/07/1989
FoliarForageBegin= 06/05/1989
FoliarForageEnd= 06/28/1989
AIContactFactor= 1.17976541810669
CL4Pollen= 1.17171177826822
CL4Nectar= 25.1358890673146
CL5Pollen= 5.11784574296325
CL5Nectar= 64.2319355509244
CLDPollen= 0.577768831048161
CLDNectar= 8.51019382243976
CA13Pollen= 8.13906934466213
CA13Nectar= 64.6249353885651
CA410Pollen= 6.10115373665467
CA410Nectar= 24.3435297999531
CA1120Pollen= 1.96602740767412
CA1120Nectar= 78.668789640069
IPollenTrips= 13.1068455171771
INectarTrips= 13.8380022766069
IPollenLoad= 8.6302248435095
INectarLoad= 0.88822865858674
ESoilP= 1.1685367221944
ESoilFoc= 0.00290155287319794
