ICQueenStrength= 3.3571281391196
RQWkrDrnRatio= 2.66019019577652
ICDroneMiteSurvivorship= 46.9996496802196
ICWorkerMiteSurvivorship= 55.2945840638131
ICForagerLifespan= 5.60864340141416
ImmType= Sine
RQQueenStrength= 4.08184900204651
RQEnableReQueen= true
AIAdultSlope= 5.750836385414
AIAdultLD50= 68.2187203106515
AIAdultSlopeContact= 2.36678712605499
AIAdultLD50Contact= 56.5674903408485
AILarvaSlope= 1.63161190412939
AILarvaLD50= 60.8297044802937
AIKOW= 87898.8431993424
AIKOC= 26687.5455801908
AIHalfLife= 22.7529139356688
EAppRate= 6.0800444396378
FoliarEnabled= true
FoliarAppDate= 06/07/1989
FoliarForageBegin= 06/05/1989
FoliarForageEnd= 06/28/1989
AIContactFactor= 0.767750297575258
CL4Pollen= 2.18223114311695
CL4Nectar= 9.19349431060255
CL5Pollen= 2.85970692057163
CL5Nectar= 67.644921457395
CLDPollen= 3.71950213937089
CLDNectar= 12.7913150936365
CA13Pollen= 7.89047785317525
CA13Nectar= 68.1213363818824
CA410Pollen= 7.97867137163412
CA410Nectar= 116.418960229494
CA1120Pollen= 0.343583843903616
CA1120Nectar= 31.4024907536805
IPollenTrips= 10.615843993146
INectarTrips= 11.1507989163511
IPollenLoad= 3.2635066495277
INectarLoad= 8.56145022436976
