ICQueenStrength= 4.99722589878365
RQWkrDrnRatio= 3.71001583896577
ICDroneMiteSurvivorship= 85.5615096865222
ICWorkerMiteSurvivorship= 13.7818871065974
ICForagerLifespan= 9.66420481540263
ImmType= Cosine
RQQueenStrength= 5.3186270899605
RQEnableReQueen= true
AIAdultSlope= 4.42979752458632
AIAdultLD50= 0.0987368978837039
AIAdultSlopeContact= 7.7588682861533
AIAdultLD50Contact= 79.7824285567657
AILarvaSlope= 7.89268726482987
AILarvaLD50= 28.4509824909347
AIKOW= 23972.0617546127
AIKOC= 75234.7682531087
AIHalfLife= 20.1642444252037
EAppRate= 9.06424578595185
FoliarEnabled= true
FoliarAppDate= 09/01/1989
FoliarForageBegin= 09/01/1989
FoliarForageEnd= 09/08/1989
AIContactFactor= 1.65749529504683
CL4Pollen= 3.49525073356926
CL4Nectar= 47.3092982079834
CL5Pollen= 1.27771145291626
CL5Nectar= 62.1742141898721
CLDPollen= 2.38396608782932
CLDNectar= 1.6072417376563
CA13Pollen= 3.57987957848236
CA13Nectar= 28.9169032499194
CA410Pollen= 4.24003025547136
CA410Nectar= 176.812777314335
CA1120Pollen= 2.21897649415769
CA1120Nectar= 92.8053028322756
IPollenTrips= 8.61181244952604
INectarTrips= 9.65581884840503
IPollenLoad= 1.44465233432129
INectarLoad= 6.11091212835163
