ICQueenStrength= 2.09222388709895
RQWkrDrnRatio= 1.79194686748087
ICDroneMiteSurvivorship= 19.0119998529553
ICWorkerMiteSurvivorship= 62.8896056674421
ICForagerLifespan= 15.5269738351926
ImmType= Sine
RQQueenStrength= 3.01402428443544
RQEnableReQueen= true
AIAdultSlope= 3.88145121000707
AIAdultLD50= 70.7080157226245
AIAdultSlopeContact= 8.72602834063582
AIAdultLD50Contact= 86.8213107637253
AILarvaSlope= 6.67950626648962
AILarvaLD50= 14.3533883687912
AIKOW= 23660.7985774615
AIKOC= 48427.350574773
AIHalfLife= 12.0729671966052
EAppRate= 7.40803155659349
FoliarEnabled= true
FoliarAppDate= 06/07/1989
FoliarForageBegin= 06/05/1989
FoliarForageEnd= 06/28/1989
AIContactFactor= 0.5820013390854
CL4Pollen= 0.641342126764357
CL4Nectar= 7.40053358022124
CL5Pollen= 4.84389957692474
CL5Nectar= 115.629129367881
CLDPollen= 4.13313692109659
CLDNectar= 28.233902330976
CA13Pollen= 6.5265362358652
CA13Nectar= 53.5105449892581
CA410Pollen= 7.97098193669226
CA410Nectar= 192.391500608064
CA1120Pollen= 0.145070933969691
CA1120Nectar= 64.7874292545021
IPollenTrips= 13.8564652227797
INectarTrips= 12.9580904496834
IPollenLoad= 6.39397478429601
INectarLoad= 6.28133036429062
