ICQueenStrength= 3.95498172054067
RQWkrDrnRatio= 2.60072023421526
ICDroneMiteSurvivorship= 61.5839953767136
ICWorkerMiteSurvivorship= 14.1000029165298
ICForagerLifespan= 15.3135549677536
ImmType= Logarithmic
RQQueenStrength= 2.53820061241277
RQEnableReQueen= true
AIAdultSlope= 3.3491549231112
AIAdultLD50= 86.7381305430671
AIAdultSlopeContact= 4.32034813892096
AIAdultLD50Contact= 89.4743430144261
AILarvaSlope= 7.20825941301882
AILarvaLD50= 71.6587394382909
AIKOW= 72998.4692989547
AIKOC= 77702.8766376276
AIHalfLife= 28.371568084578
EAppRate= 2.48198812232423
FoliarEnabled= true
FoliarAppDate= 06/07/1989
FoliarForageBegin= 06/05/1989
FoliarForageEnd= 06/28/1989
AIContactFactor= 1.50644836645573
CL4Pollen= 2.12756177131087
CL4Nectar= 65.9056985285133
CL5Pollen= 3.43198959482834
CL5Nectar= 69.9865061673336
CLDPollen= 4.06807426828891
CLDNectar= 1.55861272942275
CA13Pollen= 6.97557007735595
CA13Nectar= 72.9903997667134
CA410Pollen= 8.29676286515314
CA410Nectar= 144.804132953286
CA1120Pollen= 1.15962086152285
CA1120Nectar= 74.3412573635578
IPollenTrips= 6.84359323000535
INectarTrips= 14.1489047626965
IPollenLoad= 6.63971367990598
INectarLoad= 3.69306058622897
ESoilP= 1.99833557917736
ESoilFoc= 0.0180357146654278
