ICQueenStrength= 3.491084538633
RQWkrDrnRatio= 2.89695370011032
ICDroneMiteSurvivorship= 50.9152377955616
ICWorkerMiteSurvivorship= 88.1444203201681
ICForagerLifespan= 9.79164926707745
ImmType= Tangent
RQQueenStrength= 3.43443493149243
RQEnableReQueen= true
AIAdultSlope= 1.56694326177239
AIAdultLD50= 25.0702179367228
AIAdultSlopeContact= 1.03973061288707
AIAdultLD50Contact= 18.2176590571001
AILarvaSlope= 5.95835530199111
AILarvaLD50= 99.7733333928869
AIKOW= 2997.42309430002
AIKOC= 12499.6004512361
AIHalfLife= 28.1614398820093
EAppRate= 1.63772762935329
FoliarEnabled= true
FoliarAppDate= 06/07/1989
FoliarForageBegin= 06/05/1989
FoliarForageEnd= 06/28/1989
AIContactFactor= 1.53917975724209
CL4Pollen= 3.80843053106219
CL4Nectar= 10.9842992853373
CL5Pollen= 3.76129159843549
CL5Nectar= 41.278486372903
CLDPollen= 4.45911439368501
CLDNectar= 7.80240513850003
CA13Pollen= 2.55924129700288
CA13Nectar= 66.9704411551356
CA410Pollen= 5.43444692776538
CA410Nectar= 132.501076110639
CA1120Pollen= 0.211404303554446
CA1120Nectar= 75.593961905688
IPollenTrips= 12.0252166129649
INectarTrips= 11.6121425712481
IPollenLoad= 2.5411411980167
INectarLoad= 3.05211713304743
ESoilP= 1.03198015573435
ESoilFoc= 0.0191097180156503
