ICQueenStrength= 2.53706045821309
RQWkrDrnRatio= 3.47095555998385
ICDroneMiteSurvivorship= 60.3513541631401
ICWorkerMiteSurvivorship= 94.9162203352898
ICForagerLifespan= 10.9123080559075
ImmType= Tangent
RQQueenStrength= 4.14244867302477
RQEnableReQueen= true
AIAdultSlope= 2.1274239923805
AIAdultLD50= 0.611403765110066
AIAdultSlopeContact= 4.74850941123441
AIAdultLD50Contact= 99.3502137037897
AILarvaSlope= 7.31993405334651
AILarvaLD50= 7.46251118709939
AIKOW= 20248.2766595454
AIKOC= 64547.9260641634
AIHalfLife= 20.89425432391
EAppRate= 0.271529400298139
FoliarEnabled= true
FoliarAppDate= 09/01/1989
FoliarForageBegin= 09/01/1989
FoliarForageEnd= 09/08/1989
AIContactFactor= 2.29055109828711
CL4Pollen= 1.83378521818668
CL4Nectar= 94.2444410640746
CL5Pollen= 3.47723346808925
CL5Nectar= 39.1199457342736
CLDPollen= 1.32126020500436
CLDNectar= 109.295774856582
CA13Pollen= 7.25955002829432
CA13Nectar= 84.2611052282155
CA410Pollen= 2.77741672373377
CA410Nectar= 171.041776589118
CA1120Pollen= 1.56289267586544
CA1120Nectar= 47.4802314303815
IPollenTrips= 8.5919525846839
INectarTrips= 5.64946284284815
IPollenLoad= 2.51756589161232
INectarLoad= 2.62109716655686
