ICQueenStrength= 1.26094823144376
RQWkrDrnRatio= 2.66459899861366
ICDroneMiteSurvivorship= 25.9019713615999
ICWorkerMiteSurvivorship= 73.8200910156593
ICForagerLifespan= 10.4231515275314
ImmType= Polynomial
RQQueenStrength= 5.72865517251194
RQEnableReQueen= true
AIAdultSlope= 1.68210069835186
AIAdultLD50= 99.0507261062532
AIAdultSlopeContact= 1.5083765424788
AIAdultLD50Contact= 15.6719956771531
AILarvaSlope= 2.70873701944947
AILarvaLD50= 78.7863862530524
AIKOW= 36060.7632579505
AIKOC= 28151.294241956
AIHalfLife= 18.6208823869005
EAppRate= 5.98883469465096
FoliarEnabled= true
FoliarAppDate= 06/07/1989
FoliarForageBegin= 06/05/1989
FoliarForageEnd= 06/28/1989
AIContactFactor= 1.30697875602171
CL4Pollen= 0.0247674891725183
CL4Nectar= 30.745060252957
CL5Pollen= 2.18315635342151
CL5Nectar= 119.301459356211
CLDPollen= 0.243791271932423
CLDNectar= 119.426278327592
CA13Pollen= 5.88561725923791
CA13Nectar= 51.9485527276993
CA410Pollen= 3.54633747981861
CA410Nectar= 74.4208405306563
CA1120Pollen= 0.994275555945933
CA1120Nectar= 39.0273807384074
IPollenTrips= 8.43103322200477
INectarTrips= 13.9619054901414
IPollenLoad= 1.88927688868716
INectarLoad= 1.318077838514
ESoilP= 1.21948192454875
ESoilFoc= 0.00512985624209978
