ICQueenStrength= 2.87949595972896
RQWkrDrnRatio= 1.56454489380121
ICDroneMiteSurvivorship= 79.9624314764515
ICWorkerMiteSurvivorship= 49.2386874509975
ICForagerLifespan= 6.79379642009735
ImmType= Cosine
RQQueenStrength= 2.70522800995968
RQEnableReQueen= true
AIAdultSlope= 6.96932359971106
AIAdultLD50= 71.4689284126386
AIAdultSlopeContact= 7.67001707619056
AIAdultLD50Contact= 87.2156216507684
AILarvaSlope= 2.46213380619884
AILarvaLD50= 67.3135142978071
AIKOW= 39725.7551289149
AIKOC= 96736.7757008919
AIHalfLife= 9.47639566466678
EAppRate= 4.31364676318364
FoliarEnabled= true
FoliarAppDate= 06/07/1989
FoliarForageBegin= 06/05/1989
FoliarForageEnd= 06/28/1989
AIContactFactor= 1.34108041493688
CL4Pollen= 2.58270177990198
CL4Nectar= 10.7102777576074
CL5Pollen= 5.20607232861221
CL5Nectar= 100.84086691495
CLDPollen= 3.40435297926888
CLDNectar= 91.0398885025643
CA13Pollen= 7.38854049686342
CA13Nectar= 88.8605520874262
CA410Pollen= 8.34592727441341
CA410Nectar= 61.531572449021
CA1120Pollen= 1.45315662911162
CA1120Nectar= 52.025822494179
IPollenTrips= 13.0463773501106
INectarTrips= 12.7585616265424
IPollenLoad= 7.93975163018331
INectarLoad= 2.79745811130852
