ICQueenStrength= 2.64168568677269
RQWkrDrnRatio= 2.70433899667114
ICDroneMiteSurvivorship= 68.1018752744421
ICWorkerMiteSurvivorship= 95.5812423722818
ICForagerLifespan= 4.31490754894912
ImmType= Sine
AIAdultSlope= 2.83325507046422
AIAdultLD50= 0.132433511642739
AIAdultSlopeContact= 0.33047297171317
AIAdultLD50Contact= 0.0451889722375199
AILarvaSlope= 2.19983185771853
AILarvaLD50= 0.0891638574656099
AIKOW= 2.28769470565021
AIKOC= 25.2207941387314
AIHalfLife= 1.2229728280101
EAppRate= 1.24662998365238
FoliarEnabled= true
