ICQueenStrength= 5.06657565617934
RQWkrDrnRatio= 4.93387657217681
ICDroneMiteSurvivorship= 6.24171425588429
ICWorkerMiteSurvivorship= 38.7964197434485
ICForagerLifespan= 9.12192720733583
ImmType= Tangent
RQQueenStrength= 4.56232487480156
RQEnableReQueen= true
AIAdultSlope= 2.28745160996914
AIAdultLD50= 33.1013438068652
AIAdultSlopeContact= 4.88265563175082
AIAdultLD50Contact= 80.8427360389498
AILarvaSlope= 8.04101045615971
AILarvaLD50= 78.3905493160992
AIKOW= 5412.98902240022
AIKOC= 15473.2808077824
AIHalfLife= 22.5834865123965
EAppRate= 8.94549044168135
FoliarEnabled= true
FoliarAppDate= 06/07/1989
FoliarForageBegin= 06/05/1989
FoliarForageEnd= 06/28/1989
AIContactFactor= 1.12506944665685
CL4Pollen= 2.04151173681021
CL4Nectar= 29.4259278103709
CL5Pollen= 2.40564230410382
CL5Nectar= 122.141663159709
CLDPollen= 5.45929157920182
CLDNectar= 108.616150869057
CA13Pollen= 6.22998017100617
CA13Nectar= 81.4500395208597
CA410Pollen= 8.70977885788307
CA410Nectar= 120.40452325251
CA1120Pollen= 1.71612597629428
CA1120Nectar= 79.9545056559145
IPollenTrips= 6.23231027275324
INectarTrips= 8.09836291475222
IPollenLoad= 0.557326162233949
INectarLoad= 2.75777564151213
ESoilP= 1.20020131091587
ESoilFoc= 0.00131514733959921
