ICQueenStrength= 2.23184696189128
RQWkrDrnRatio= 3.90192296355963
ICDroneMiteSurvivorship= 80.4377933731303
ICWorkerMiteSurvivorship= 27.3518192581832
ICForagerLifespan= 4.10627047065645
ImmType= Cosine
RQQueenStrength= 5.74931946955621
RQEnableReQueen= true
AIAdultSlope= 8.04656776413321
AIAdultLD50= 0.351145979574416
AIAdultSlopeContact= 5.34233889915049
AIAdultLD50Contact= 92.0256639594561
AILarvaSlope= 4.46582558192313
AILarvaLD50= 78.4128451884051
AIKOW= 76766.5827131546
AIKOC= 54259.0371284266
AIHalfLife= 33.1245956551516
EAppRate= 3.86897924046894
FoliarEnabled= true
FoliarAppDate= 09/01/1989
FoliarForageBegin= 09/01/1989
FoliarForageEnd= 09/08/1989
AIContactFactor= 2.25715134080034
CL4Pollen= 2.69171401578933
CL4Nectar= 20.0702517991886
CL5Pollen= 3.8539745179005
CL5Nectar= 121.581616136245
CLDPollen= 3.54982275981456
CLDNectar= 28.4594253287651
CA13Pollen= 4.90088412985206
CA13Nectar= 46.2106244638562
CA410Pollen= 8.10598837945145
CA410Nectar= 33.8174702739343
CA1120Pollen= 2.57018633466214
CA1120Nectar= 21.5021998435259
IPollenTrips= 12.1669452963397
INectarTrips= 14.9858155660331
IPollenLoad= 4.0613743616268
INectarLoad= 9.14270493667573
