ICQueenStrength= 1.23753653978929
RQWkrDrnRatio= 4.58801310136914
ICDroneMiteSurvivorship= 81.1567400582135
ICWorkerMiteSurvivorship= 66.6835616575554
ICForagerLifespan= 8.05783463642001
ImmType= Logarithmic
AIAdultSlope= 1.70080459567253
AIAdultLD50= 0.0766119869891554
AIAdultSlopeContact= 3.58908207749482
AIAdultLD50Contact= 0.00670783740933985
AILarvaSlope= 1.76705076033249
AILarvaLD50= 0.623386702663265
AIKOW= 2.97477246448398
AIKOC= 26.3625794567633
AIHalfLife= 0.257150844484568
EAppRate= 4.57494766684249
FoliarEnabled= true
