ICQueenStrength= 1.99031188338995
RQWkrDrnRatio= 4.84504194930196
ICDroneMiteSurvivorship= 56.7088853335008
ICWorkerMiteSurvivorship= 81.836087605916
ICForagerLifespan= 6.23185912519693
ImmType= Tangent
RQQueenStrength= 3.93654260411859
RQEnableReQueen=true
AIAdultSlope= 4.00640580430627
AIAdultLD50= 0.118689737223089
AIAdultSlopeContact= 8.39463609852828
AIAdultLD50Contact= 76.2172195764389
AILarvaSlope= 6.52718369103968
AILarvaLD50= 35.0511617863681
AIKOW= 19913.199659675
AIKOC= 70952.1244534364
AIHalfLife= 20.796677528182
EAppRate= 5.37426332884142
FoliarEnabled=true
FoliarAppDate= 07/01/1989
FoliarForageBegin= 07/01/1989
FoliarForageEnd= 07/14/1989
AIContactFactor= 2.19376923952252
CL4Pollen= 3.66052516363561
CL4Nectar= 99.5008266996592
CL5Pollen= 0.990376755595207
CL5Nectar= 22.3397594760172
CLDPollen= 4.61581099871546
CLDNectar= 95.3237649053335
CA13Pollen= 4.08728242181242
CA13Nectar= 67.3892083764076
CA410Pollen= 5.7440547878854
CA410Nectar= 55.3634141851217
CA1120Pollen= 0.81530515383929
CA1120Nectar= 53.6397012323141
IPollenTrips= 14.0454615582712
INectarTrips= 11.421056385152
IPollenLoad= 3.07130079716444
INectarLoad= 3.48898368887603
