ICQueenStrength= 3.51933058165014
RQWkrDrnRatio= 4.73000195529312
ICDroneMiteSurvivorship= 21.9888529041782
ICWorkerMiteSurvivorship= 78.2827781746164
ICForagerLifespan= 15.9887083750218
ImmType= Sine
RQQueenStrength= 1.58821459207684
RQEnableReQueen=true
AIAdultSlope= 6.35924793407321
AIAdultLD50= 0.201854839641601
AIAdultSlopeContact= 2.06807969626971
AIAdultLD50Contact= 5.38421027778252
AILarvaSlope= 2.89734570682049
AILarvaLD50= 60.2045011522139
AIKOW= 13895.9005198984
AIKOC= 58075.8288147505
AIHalfLife= 30.4323906425387
EAppRate= 1.58491172696324
FoliarEnabled=true
FoliarAppDate= 07/01/1989
FoliarForageBegin= 07/01/1989
FoliarForageEnd= 07/14/1989
AIContactFactor= 0.741170224435627
CL4Pollen= 2.37660232186317
CL4Nectar= 64.1339452937245
CL5Pollen= 1.54912186274305
CL5Nectar= 30.2815967705101
CLDPollen= 2.42862532194704
CLDNectar= 0.225081376265734
CA13Pollen= 7.69506859993562
CA13Nectar= 95.2574231475592
CA410Pollen= 8.14459274755791
CA410Nectar= 98.7003746489063
CA1120Pollen= 0.869229982607067
CA1120Nectar= 32.7629103697836
IPollenTrips= 7.57298912154511
INectarTrips= 9.77348249638453
IPollenLoad= 2.43324771523476
INectarLoad= 8.8678720779717
