ICQueenStrength= 3.54787083831616
RQWkrDrnRatio= 4.69431698322296
ICDroneMiteSurvivorship= 54.7508739633486
ICWorkerMiteSurvivorship= 92.7481930470094
ICForagerLifespan= 9.22037219349295
ImmType= Tangent
RQQueenStrength= 2.42606892506592
RQEnableReQueen= true
AIAdultSlope= 5.21073240414262
AIAdultLD50= 20.4108178064995
AIAdultSlopeContact= 6.88475950644352
AIAdultLD50Contact= 30.8090670634198
AILarvaSlope= 8.64450027234852
AILarvaLD50= 24.9044395429119
AIKOW= 19165.4465902084
AIKOC= 36978.0703676713
AIHalfLife= 34.3595782708842
EAppRate= 3.95718153573829
FoliarEnabled= true
FoliarAppDate= 06/07/1989
FoliarForageBegin= 06/05/1989
FoliarForageEnd= 06/28/1989
AIContactFactor= 2.00406115422491
CL4Pollen= 3.7624175362289
CL4Nectar= 82.9176250845194
CL5Pollen= 2.92181725613773
CL5Nectar= 57.8387019457296
CLDPollen= 3.82793597783893
CLDNectar= 73.9739456330426
CA13Pollen= 7.1039587629959
CA13Nectar= 75.1292905583978
CA410Pollen= 9.4665854819119
CA410Nectar= 58.8013819837943
CA1120Pollen= 2.15519751794636
CA1120Nectar= 48.7989621609449
IPollenTrips= 13.7969846976921
INectarTrips= 13.9378101797774
IPollenLoad= 5.93748994171619
INectarLoad= 9.73029954591766
