ICQueenStrength= 2.18055431405082
RQWkrDrnRatio= 3.24745208770037
ICDroneMiteSurvivorship= 77.4466559058055
ICWorkerMiteSurvivorship= 43.6285913223401
ICForagerLifespan= 6.25700088683516
ImmType= Sine
RQQueenStrength= 5.93827750207856
RQEnableReQueen= true
AIAdultSlope= 6.39249667152762
AIAdultLD50= 64.4330511810482
AIAdultSlopeContact= 2.86280603171326
AIAdultLD50Contact= 84.3752206735949
AILarvaSlope= 2.71315254457295
AILarvaLD50= 13.8617999256866
AIKOW= 98368.1856656584
AIKOC= 55497.5093543839
AIHalfLife= 33.2240090418141
EAppRate= 0.275940066116629
FoliarEnabled= true
FoliarAppDate= 06/07/1989
FoliarForageBegin= 06/05/1989
FoliarForageEnd= 06/28/1989
AIContactFactor= 0.608625393919647
CL4Pollen= 2.23521823901683
CL4Nectar= 64.7949696984142
CL5Pollen= 1.32990675698966
CL5Nectar= 80.696947965771
CLDPollen= 0.707401180174202
CLDNectar= 23.3687671716325
CA13Pollen= 4.12319552833214
CA13Nectar= 68.3469672314823
CA410Pollen= 8.99881566106342
CA410Nectar= 178.44925627578
CA1120Pollen= 0.656371764605865
CA1120Nectar= 38.713140450418
IPollenTrips= 13.9429680351168
INectarTrips= 14.5839163498022
IPollenLoad= 9.865931738168
INectarLoad= 7.30449220631272
