ICQueenStrength= 4.45245221047662
RQWkrDrnRatio= 3.35009695589542
ICDroneMiteSurvivorship= 3.52369539905339
ICWorkerMiteSurvivorship= 0.950521067716181
ICForagerLifespan= 13.6785773532465
ImmType= Exponential
RQQueenStrength= 1.5184727627784
RQEnableReQueen= true
AIAdultSlope= 7.22164916060865
AIAdultLD50= 39.6228829639412
AIAdultSlopeContact= 6.17130416282453
AIAdultLD50Contact= 4.43175711338967
AILarvaSlope= 7.7067591175437
AILarvaLD50= 41.1909154747161
AIKOW= 35704.5592541537
AIKOC= 30068.8201681103
AIHalfLife= 1.25555623341352
EAppRate= 2.38189037898462
FoliarEnabled= true
FoliarAppDate= 06/07/1989
FoliarForageBegin= 06/05/1989
FoliarForageEnd= 06/28/1989
AIContactFactor= 0.717713383752853
CL4Pollen= 1.37663263827562
CL4Nectar= 78.5847880877554
CL5Pollen= 4.64862904697657
CL5Nectar= 88.4786228067242
CLDPollen= 0.847738697659224
CLDNectar= 96.9333606306463
CA13Pollen= 7.31985369073227
CA13Nectar= 35.9928065165877
CA410Pollen= 7.37537370219361
CA410Nectar= 20.0153615139425
CA1120Pollen= 1.13569742138498
CA1120Nectar= 68.9362778142095
IPollenTrips= 11.5957518853247
INectarTrips= 9.04079661937431
IPollenLoad= 7.37673377385363
INectarLoad= 6.02531132055447
ESoilP= 1.80179237364791
ESoilFoc= 0.00118888510530815
