ICQueenStrength= 1.67774087772705
RQWkrDrnRatio= 2.61241135559976
ICDroneMiteSurvivorship= 33.1200608052313
ICWorkerMiteSurvivorship= 42.7025709534064
ICForagerLifespan= 8.01739510241896
ImmType= Exponential
RQQueenStrength= 5.42133280448616
RQEnableReQueen= true
AIAdultSlope= 7.56198148429394
AIAdultLD50= 58.8886467825698
AIAdultSlopeContact= 3.56935835420154
AIAdultLD50Contact= 59.2519976270564
AILarvaSlope= 8.80053046904504
AILarvaLD50= 27.165342833844
AIKOW= 81551.7457256712
AIKOC= 65203.8528579485
AIHalfLife= 30.0469960844144
EAppRate= 7.66445185072091
FoliarEnabled= true
FoliarAppDate= 06/07/1989
FoliarForageBegin= 06/05/1989
FoliarForageEnd= 06/28/1989
AIContactFactor= 1.69743038925342
CL4Pollen= 2.92285543028265
CL4Nectar= 61.5746941417456
CL5Pollen= 4.17031743004918
CL5Nectar= 120.375266403425
CLDPollen= 0.0956417815759778
CLDNectar= 138.299820455723
CA13Pollen= 4.27910569990054
CA13Nectar= 85.7100625149906
CA410Pollen= 4.62623548957054
CA410Nectar= 137.114630136639
CA1120Pollen= 0.744470666628331
CA1120Nectar= 72.1040998212993
IPollenTrips= 14.7954096086323
INectarTrips= 5.5212057265453
IPollenLoad= 3.52418608264998
INectarLoad= 2.85273773595691
