ICQueenStrength= 5.99963204027154
RQWkrDrnRatio= 3.01249747816473
ICDroneMiteSurvivorship= 60.2987393038347
ICWorkerMiteSurvivorship= 32.0652313763276
ICForagerLifespan= 7.72178059630096
ImmType= Logarithmic
RQQueenStrength= 2.03751180693507
RQEnableReQueen= true
AIAdultSlope= 7.25378941744566
AIAdultLD50= 48.2097966583772
AIAdultSlopeContact= 7.1918244920671
AIAdultLD50Contact= 76.5102155945839
AILarvaSlope= 5.07180418260396
AILarvaLD50= 78.074047044368
AIKOW= 27379.495671548
AIKOC= 44364.3797784087
AIHalfLife= 22.2620067001786
EAppRate= 5.95149882880785
FoliarEnabled= true
FoliarAppDate= 06/07/1989
FoliarForageBegin= 06/05/1989
FoliarForageEnd= 06/28/1989
AIContactFactor= 1.15007654653396
CL4Pollen= 1.31641176808625
CL4Nectar= 5.4528929758817
CL5Pollen= 3.76120918896049
CL5Nectar= 77.0011883927509
CLDPollen= 3.34963484108448
CLDNectar= 47.4061893532053
CA13Pollen= 7.55075046774
CA13Nectar= 54.1629307903349
CA410Pollen= 8.67529632551595
CA410Nectar= 39.3154812138528
CA1120Pollen= 1.50702618202195
CA1120Nectar= 40.8696555532515
IPollenTrips= 11.6277787345462
INectarTrips= 11.827060605865
IPollenLoad= 1.52612844249234
INectarLoad= 3.10313122579828
ESoilP= 1.20857320539653
ESoilFoc= 0.00226426537544467
