ICQueenStrength= 3.92982234852389
RQWkrDrnRatio= 2.25845373328775
ICDroneMiteSurvivorship= 6.4513701479882
ICWorkerMiteSurvivorship= 58.720780396834
ICForagerLifespan= 8.20766960456967
ImmType= Exponential
RQQueenStrength= 1.84372066776268
RQEnableReQueen= true
AIAdultSlope= 7.12108307704329
AIAdultLD50= 32.7354420255071
AIAdultSlopeContact= 3.20111991115846
AIAdultLD50Contact= 70.6907068465706
AILarvaSlope= 7.87567293457687
AILarvaLD50= 5.45083330860292
AIKOW= 45751.647907191
AIKOC= 21255.1244535653
AIHalfLife= 7.6550104874419
EAppRate= 4.70457067411323
FoliarEnabled= true
FoliarAppDate= 06/07/1989
FoliarForageBegin= 06/05/1989
FoliarForageEnd= 06/28/1989
AIContactFactor= 1.44287849680986
CL4Pollen= 0.566989030689001
CL4Nectar= 36.9827128946781
CL5Pollen= 1.15934838401154
CL5Nectar= 31.663436209783
CLDPollen= 0.660244808066636
CLDNectar= 48.3995174523443
CA13Pollen= 3.62690393980593
CA13Nectar= 53.8211374729872
CA410Pollen= 8.52490950187203
CA410Nectar= 106.575554851443
CA1120Pollen= 2.27788242185488
CA1120Nectar= 84.4641628302634
IPollenTrips= 13.7109246361069
INectarTrips= 14.2376501625404
IPollenLoad= 8.12479272484779
INectarLoad= 3.56836109654978
