ICQueenStrength= 2.97203022544272
RQWkrDrnRatio= 3.24369907751679
ICDroneMiteSurvivorship= 74.159125587903
ICWorkerMiteSurvivorship= 4.64855055324733
ICForagerLifespan= 4.50307950936258
ImmType= Exponential
RQQueenStrength= 4.17899691988714
RQEnableReQueen= true
AIAdultSlope= 5.2453779540956
AIAdultLD50= 37.6451457728115
AIAdultSlopeContact= 7.86764765740372
AIAdultLD50Contact= 26.7844911696403
AILarvaSlope= 4.7947329506278
AILarvaLD50= 2.52942635471118
AIKOW= 46373.3144180124
AIKOC= 9175.94786787988
AIHalfLife= 11.7404507746221
EAppRate= 7.63306714165746
FoliarEnabled= true
FoliarAppDate= 06/07/1989
FoliarForageBegin= 06/05/1989
FoliarForageEnd= 06/28/1989
AIContactFactor= 1.9256805317523
CL4Pollen= 2.55579809099436
CL4Nectar= 72.5871835602447
CL5Pollen= 4.85763382120058
CL5Nectar= 110.264462360647
CLDPollen= 5.31798484548926
CLDNectar= 39.4142612116411
CA13Pollen= 8.18500598222017
CA13Nectar= 40.5759557709098
CA410Pollen= 3.84312909210566
CA410Nectar= 56.3636530097574
CA1120Pollen= 0.466617595637217
CA1120Nectar= 82.3079632595181
IPollenTrips= 7.3687594756484
INectarTrips= 10.2135739987716
IPollenLoad= 9.45377832977101
INectarLoad= 8.49874254548922
ESoilP= 1.32371134753339
ESoilFoc= 0.0185025334712118
