ICQueenStrength= 3.46990070561878
RQWkrDrnRatio= 4.42512692790478
ICDroneMiteSurvivorship= 63.7666921131313
ICWorkerMiteSurvivorship= 11.6618815809488
ICForagerLifespan= 5.49803836923093
ImmType= Sine
RQQueenStrength= 4.20207942044362
RQEnableReQueen= true
AIAdultSlope= 3.24800815060735
AIAdultLD50= 69.5304808600268
AIAdultSlopeContact= 5.80710824253038
AIAdultLD50Contact= 3.18338693665597
AILarvaSlope= 8.96023684181273
AILarvaLD50= 14.7336640855912
AIKOW= 90299.2791185221
AIKOC= 23097.0246229954
AIHalfLife= 13.8864941016072
EAppRate= 4.23337437318335
FoliarEnabled= true
FoliarAppDate= 06/07/1989
FoliarForageBegin= 06/05/1989
FoliarForageEnd= 06/28/1989
AIContactFactor= 1.35058955118526
CL4Pollen= 1.53061647061259
CL4Nectar= 10.9295653644949
CL5Pollen= 1.91936938092113
CL5Nectar= 69.4951976649463
CLDPollen= 1.71382276061922
CLDNectar= 105.259945127182
CA13Pollen= 5.92660987451672
CA13Nectar= 71.9570768624544
CA410Pollen= 4.33508000969887
CA410Nectar= 46.1577426409349
CA1120Pollen= 0.52782527776435
CA1120Nectar= 52.9567703604698
IPollenTrips= 5.78282589791343
INectarTrips= 5.71705478709191
IPollenLoad= 5.76725363731384
INectarLoad= 2.94932764256373
ESoilP= 1.85970774968155
ESoilFoc= 0.0149185398528352
