ICQueenStrength= 4.08513019047678
RQWkrDrnRatio= 1.64998285472393
ICDroneMiteSurvivorship= 49.7608303790912
ICWorkerMiteSurvivorship= 24.5000502793118
ICForagerLifespan= 15.8083531511948
ImmType= Polynomial
RQQueenStrength= 1.10222170315683
RQEnableReQueen=true
AIAdultSlope= 2.09122237376869
AIAdultLD50= 0.729610718925251
AIAdultSlopeContact= 5.71523677930236
AIAdultLD50Contact= 70.1183282585961
AILarvaSlope= 6.47833472490311
AILarvaLD50= 14.3963018170577
AIKOW= 80978.5321982715
AIKOC= 29093.4300386452
AIHalfLife= 30.8594352184329
EAppRate= 9.10270025624149
FoliarEnabled=true
FoliarAppDate= 07/01/1989
FoliarForageBegin= 07/01/1989
FoliarForageEnd= 07/14/1989
AIContactFactor= 1.04225883001462
CL4Pollen= 0.947890896350145
CL4Nectar= 71.630115294829
CL5Pollen= 0.530898837838322
CL5Nectar= 107.406421622727
CLDPollen= 2.02887357445434
CLDNectar= 144.463797763456
CA13Pollen= 7.66617984119803
CA13Nectar= 43.317028619349
CA410Pollen= 5.96886228909716
CA410Nectar= 85.1102880993858
CA1120Pollen= 0.0131798973307014
CA1120Nectar= 75.1322350464761
IPollenTrips= 7.79165194602683
INectarTrips= 11.6348629118875
IPollenLoad= 3.63845619605854
INectarLoad= 0.936370745766908
