ICQueenStrength= 3.36140449414961
RQWkrDrnRatio= 1.57577473111451
ICDroneMiteSurvivorship= 40.6341910827905
ICWorkerMiteSurvivorship= 59.456826467067
ICForagerLifespan= 8.28811075445265
ImmType= Tangent
AIAdultSlope= 1.49226457960205
AIAdultLD50= 0.128550317743793
AIAdultSlopeContact= 2.1161537630274
AIAdultLD50Contact= 0.0417125179315917
AILarvaSlope= 1.55114595540799
AILarvaLD50= 0.347393202222884
AIKOW= 3.60806203074753
AIKOC= 11.8938874697778
AIHalfLife= 1.38633908594493
EAppRate= 8.94597897538915
FoliarEnabled= true
