ICQueenStrength= 1.81984749063849
RQWkrDrnRatio= 4.29448850639164
ICDroneMiteSurvivorship= 32.7768541872501
ICWorkerMiteSurvivorship= 46.819740626961
ICForagerLifespan= 14.0232617249712
ImmType= Sine
RQQueenStrength= 5.79460285627283
RQEnableReQueen= true
AIAdultSlope= 6.89456887729466
AIAdultLD50= 43.1073916245622
AIAdultSlopeContact= 3.79884102242067
AIAdultLD50Contact= 10.3941000258981
AILarvaSlope= 8.29829015396535
AILarvaLD50= 86.6990940820593
AIKOW= 65504.4289808107
AIKOC= 63877.4442177899
AIHalfLife= 10.9344825399108
EAppRate= 9.68397350654006
FoliarEnabled= true
FoliarAppDate= 06/07/1989
FoliarForageBegin= 06/05/1989
FoliarForageEnd= 06/28/1989
AIContactFactor= 0.343722611367702
CL4Pollen= 3.17518599238247
CL4Nectar= 52.6734408224002
CL5Pollen= 2.17691501509398
CL5Nectar= 140.705843595788
CLDPollen= 0.638910375069827
CLDNectar= 76.9534359918907
CA13Pollen= 2.59929366670549
CA13Nectar= 65.6474055163562
CA410Pollen= 6.51979700145312
CA410Nectar= 42.7627315511927
CA1120Pollen= 0.464331664843485
CA1120Nectar= 42.6592007279396
IPollenTrips= 13.0266406876035
INectarTrips= 8.12156642554328
IPollenLoad= 0.894593896809965
INectarLoad= 1.95875245146453
ESoilP= 1.04740138933994
ESoilFoc= 0.0105153861711733
