ICQueenStrength= 2.73205688130111
RQWkrDrnRatio= 1.24901722278446
ICDroneMiteSurvivorship= 70.4623201396316
ICWorkerMiteSurvivorship= 79.5826914720237
ICForagerLifespan= 10.2092191902921
ImmType= Tangent
AIAdultSlope= 0.156308217337355
AIAdultLD50= 0.135668947407976
AIAdultSlopeContact= 3.31249839074677
AIAdultLD50Contact= 0.0224279979243875
AILarvaSlope= 3.18845152752474
AILarvaLD50= 0.84445374396164
AIKOW= 3.09777006693184
AIKOC= 25.25955725112
AIHalfLife= 1.68491644540336
EAppRate= 2.44106261990964
FoliarEnabled= true
