ICQueenStrength= 5.73398977308534
RQWkrDrnRatio= 3.44403402600437
ICDroneMiteSurvivorship= 76.1549008078873
ICWorkerMiteSurvivorship= 27.2701477631927
ICForagerLifespan= 10.7871203757823
ImmType= Tangent
RQQueenStrength= 1.861614739988
RQEnableReQueen= true
AIAdultSlope= 8.62223833985627
AIAdultLD50= 27.5184588016991
AIAdultSlopeContact= 9.1253198615741
AIAdultLD50Contact= 41.1842732321217
AILarvaSlope= 6.09559569321573
AILarvaLD50= 79.088308745828
AIKOW= 8589.29328634486
AIKOC= 99598.9815387372
AIHalfLife= 8.76544909556396
EAppRate= 0.0811087171135005
FoliarEnabled= true
FoliarAppDate= 06/07/1989
FoliarForageBegin= 06/05/1989
FoliarForageEnd= 06/28/1989
AIContactFactor= 0.959524134872481
CL4Pollen= 0.96878448035568
CL4Nectar= 24.6424028417096
CL5Pollen= 2.19891204731539
CL5Nectar= 92.3209674772806
CLDPollen= 1.02905703708529
CLDNectar= 2.93660749448463
CA13Pollen= 6.5128305459395
CA13Nectar= 41.0386288166046
CA410Pollen= 2.54571355602238
CA410Nectar= 181.146495090798
CA1120Pollen= 2.40872305096127
CA1120Nectar= 40.9473193623126
IPollenTrips= 6.958952259738
INectarTrips= 10.6304263090715
IPollenLoad= 6.92556942114606
INectarLoad= 0.581166301853955
