ICQueenStrength= 5.57895210012794
RQWkrDrnRatio= 3.79302249569446
ICDroneMiteSurvivorship= 90.3644242091104
ICWorkerMiteSurvivorship= 19.6769412839785
ICForagerLifespan= 9.07079385686666
ImmType= Polynomial
RQQueenStrength= 5.80134947574697
RQEnableReQueen= true
AIAdultSlope= 5.30752462893724
AIAdultLD50= 93.7504846643014
AIAdultSlopeContact= 9.75811795308255
AIAdultLD50Contact= 3.26169739011885
AILarvaSlope= 5.19463878124952
AILarvaLD50= 11.0026826718585
AIKOW= 85068.3678670525
AIKOC= 7369.44738117186
AIHalfLife= 29.1921642923495
EAppRate= 3.44166760659334
FoliarEnabled= true
FoliarAppDate= 06/07/1989
FoliarForageBegin= 06/05/1989
FoliarForageEnd= 06/28/1989
AIContactFactor= 1.90495796373114
CL4Pollen= 3.28772722743452
CL4Nectar= 94.2857324611396
CL5Pollen= 3.60728029115126
CL5Nectar= 110.952755890321
CLDPollen= 5.4867623434402
CLDNectar= 58.3078803727403
CA13Pollen= 5.06587171675637
CA13Nectar= 40.9649559110403
CA410Pollen= 5.49513946413063
CA410Nectar= 86.6216974984854
CA1120Pollen= 0.523321488406509
CA1120Nectar= 62.2158278152347
IPollenTrips= 8.00180522492155
INectarTrips= 12.8793781227432
IPollenLoad= 5.92702585505322
INectarLoad= 7.62670934665948
ESoilP= 1.94927095621824
ESoilFoc= 0.014031194627285
