ICQueenStrength= 4.62106686457992
RQWkrDrnRatio= 4.24395969137549
ICDroneMiteSurvivorship= 38.3405984612182
ICWorkerMiteSurvivorship= 96.9058274291456
ICForagerLifespan= 10.8889380665496
ImmType= Logarithmic
RQQueenStrength= 4.98107902961783
RQEnableReQueen= true
AIAdultSlope= 3.85954339616001
AIAdultLD50= 86.5674436161464
AIAdultSlopeContact= 3.3335512005724
AIAdultLD50Contact= 71.5282270139006
AILarvaSlope= 8.27265628986061
AILarvaLD50= 7.79341687033721
AIKOW= 28306.6827785336
AIKOC= 18598.7416869926
AIHalfLife= 30.8506821180228
EAppRate= 2.83687644773722
FoliarEnabled= true
FoliarAppDate= 06/07/1989
FoliarForageBegin= 06/05/1989
FoliarForageEnd= 06/28/1989
AIContactFactor= 1.28010394608602
CL4Pollen= 1.14350630063564
CL4Nectar= 17.205395293422
CL5Pollen= 4.14701103419065
CL5Nectar= 125.618770765141
CLDPollen= 4.35568795725703
CLDNectar= 89.7650949773379
CA13Pollen= 7.77549110427499
CA13Nectar= 67.9281011782587
CA410Pollen= 6.26885908639524
CA410Nectar= 193.64157400094
CA1120Pollen= 0.385566784534603
CA1120Nectar= 86.9087706692517
IPollenTrips= 6.48020674241707
INectarTrips= 6.62100092042238
IPollenLoad= 1.02697731927037
INectarLoad= 9.64763002470136
