ICQueenStrength= 4.74363195965998
RQWkrDrnRatio= 3.21826102863997
ICDroneMiteSurvivorship= 45.7938933745027
ICWorkerMiteSurvivorship= 41.8615470640361
ICForagerLifespan= 4.29185314942151
ImmType= Exponential
RQQueenStrength= 2.63665608153678
RQEnableReQueen= true
AIAdultSlope= 7.0101032666862
AIAdultLD50= 23.4941297524995
AIAdultSlopeContact= 4.92564900312573
AIAdultLD50Contact= 7.50378827139991
AILarvaSlope= 2.93698271922767
AILarvaLD50= 13.4198011896596
AIKOW= 68616.8894588353
AIKOC= 73800.3997773663
AIHalfLife= 31.4039444922702
EAppRate= 1.33363779552258
FoliarEnabled= true
FoliarAppDate= 06/07/1989
FoliarForageBegin= 06/05/1989
FoliarForageEnd= 06/28/1989
AIContactFactor= 1.67419614315033
CL4Pollen= 2.5255014738068
CL4Nectar= 85.3364202426746
CL5Pollen= 1.85683598415926
CL5Nectar= 123.280650714878
CLDPollen= 0.229339712765068
CLDNectar= 39.6720038261265
CA13Pollen= 5.24627683246508
CA13Nectar= 88.3361187577248
CA410Pollen= 4.03911205783952
CA410Nectar= 193.322565136477
CA1120Pollen= 0.829491002485156
CA1120Nectar= 63.5503618791699
IPollenTrips= 13.5737454332411
INectarTrips= 14.7363350493833
IPollenLoad= 1.3311522314325
INectarLoad= 3.77261735498905
