ICQueenStrength= 1.63500153250061
RQWkrDrnRatio= 4.4534710207954
ICDroneMiteSurvivorship= 33.2724827807397
ICWorkerMiteSurvivorship= 3.22286116424948
ICForagerLifespan= 11.758122314699
ImmType= Cosine
RQQueenStrength= 2.07276603463106
RQEnableReQueen= true
AIAdultSlope= 7.32018587179482
AIAdultLD50= 55.4479965737816
AIAdultSlopeContact= 4.21235888148658
AIAdultLD50Contact= 95.7830806302649
AILarvaSlope= 2.43846556916833
AILarvaLD50= 67.8942825281655
AIKOW= 88965.14113048
AIKOC= 83318.3058492078
AIHalfLife= 20.274465558771
EAppRate= 8.37720128857647
FoliarEnabled= true
FoliarAppDate= 06/07/1989
FoliarForageBegin= 06/05/1989
FoliarForageEnd= 06/28/1989
AIContactFactor= 1.11154868817888
CL4Pollen= 3.39779818616807
CL4Nectar= 20.9855926223099
CL5Pollen= 5.9735424821265
CL5Nectar= 51.9373279181309
CLDPollen= 1.38930030539632
CLDNectar= 6.2965861056
CA13Pollen= 7.19155424442142
CA13Nectar= 63.4034806117415
CA410Pollen= 6.815582536906
CA410Nectar= 155.360550330952
CA1120Pollen= 1.09610755182803
CA1120Nectar= 28.0776902288198
IPollenTrips= 7.18570879893377
INectarTrips= 9.6283299382776
IPollenLoad= 9.98349656816572
INectarLoad= 7.88097189040855
ESoilP= 1.87756763002835
ESoilFoc= 0.0195193763261195
