ICQueenStrength= 3.66861291020177
RQWkrDrnRatio= 2.78196067549288
ICDroneMiteSurvivorship= 92.0418371446431
ICWorkerMiteSurvivorship= 23.0019186856225
ICForagerLifespan= 8.0830807723105
ImmType= Tangent
RQQueenStrength= 5.68337536789477
RQEnableReQueen= true
AIAdultSlope= 6.9526384472847
AIAdultLD50= 0.439646354571683
AIAdultSlopeContact= 5.51917485659942
AIAdultLD50Contact= 33.8488872621837
AILarvaSlope= 5.11845480464399
AILarvaLD50= 94.7296416765149
AIKOW= 34817.169489296
AIKOC= 74987.1377146333
AIHalfLife= 21.1777939719148
EAppRate= 2.00564023683849
FoliarEnabled= true
FoliarAppDate= 09/01/1989
FoliarForageBegin= 09/01/1989
FoliarForageEnd= 09/08/1989
AIContactFactor= 0.276103898156434
CL4Pollen= 2.43283482454717
CL4Nectar= 82.2026336798444
CL5Pollen= 4.11475494643673
CL5Nectar= 37.6219717087224
CLDPollen= 3.55791774345562
CLDNectar= 124.718427483458
CA13Pollen= 3.96866509346291
CA13Nectar= 65.6848375685513
CA410Pollen= 6.57002377700992
CA410Nectar= 100.737902070396
CA1120Pollen= 0.741372489603236
CA1120Nectar= 83.0115430802107
IPollenTrips= 7.44475486222655
INectarTrips= 7.22292070975527
IPollenLoad= 9.6585045941174
INectarLoad= 9.91863167844713
