ICQueenStrength= 5.32806873694062
RQWkrDrnRatio= 4.173687976785
ICDroneMiteSurvivorship= 15.5535062542185
ICWorkerMiteSurvivorship= 21.6196193359792
ICForagerLifespan= 14.9310552962124
ImmType= Tangent
RQQueenStrength= 3.09329220000654
RQEnableReQueen= true
AIAdultSlope= 1.44916587509215
AIAdultLD50= 0.572529765785206
AIAdultSlopeContact= 3.80252868682146
AIAdultLD50Contact= 57.3154164495033
AILarvaSlope= 7.33848933503032
AILarvaLD50= 5.61664215635741
AIKOW= 41400.4317411048
AIKOC= 39117.7168349503
AIHalfLife= 12.0447836190462
EAppRate= 3.27689544535312
FoliarEnabled= true
FoliarAppDate= 06/07/1989
FoliarForageBegin= 06/05/1989
FoliarForageEnd= 06/28/1989
AIContactFactor= 2.29325675053522
CL4Pollen= 0.997036938555539
CL4Nectar= 51.9954992225394
CL5Pollen= 5.38616918586195
CL5Nectar= 83.2418375881389
CLDPollen= 5.13382971379906
CLDNectar= 115.154324972536
CA13Pollen= 2.32368550198153
CA13Nectar= 36.8222285248339
CA410Pollen= 6.21861704105977
CA410Nectar= 42.5773175247014
CA1120Pollen= 0.20630838163197
CA1120Nectar= 32.9762031883001
IPollenTrips= 10.4749165964313
INectarTrips= 9.32713036192581
IPollenLoad= 4.32763486169279
INectarLoad= 1.7983946762979
