ICQueenStrength= 3.40037176175974
RQWkrDrnRatio= 1.88143635075539
ICDroneMiteSurvivorship= 72.7790857199579
ICWorkerMiteSurvivorship= 59.1694651404396
ICForagerLifespan= 15.6389240901917
ImmType= Logarithmic
RQQueenStrength= 4.63521050778218
RQEnableReQueen= true
AIAdultSlope= 1.42770474590361
AIAdultLD50= 5.09644176753936
AIAdultSlopeContact= 7.09013430192135
AIAdultLD50Contact= 13.4840105591833
AILarvaSlope= 3.21113255992532
AILarvaLD50= 1.36912421002542
AIKOW= 75873.4101574618
AIKOC= 89877.3968608216
AIHalfLife= 0.600920369569212
EAppRate= 2.13224199700239
FoliarEnabled= true
FoliarAppDate= 06/07/1989
FoliarForageBegin= 06/05/1989
FoliarForageEnd= 06/28/1989
AIContactFactor= 0.91870431208983
CL4Pollen= 3.8561804862693
CL4Nectar= 48.5870865406469
CL5Pollen= 0.203308502677828
CL5Nectar= 58.0118607496843
CLDPollen= 5.62370750354603
CLDNectar= 89.0226922463626
CA13Pollen= 3.28207879401743
CA13Nectar= 24.040535017848
CA410Pollen= 4.38531916050706
CA410Nectar= 61.3763328129426
CA1120Pollen= 0.934146874118596
CA1120Nectar= 77.4411530420184
IPollenTrips= 8.77637259894982
INectarTrips= 10.8021210459992
IPollenLoad= 0.267723151482642
INectarLoad= 8.20568667259067
