ICQueenStrength= 2.22231877222657
RQWkrDrnRatio= 1.05083862971514
ICDroneMiteSurvivorship= 26.0762716410682
ICWorkerMiteSurvivorship= 6.334338337183
ICForagerLifespan= 9.97170363646001
ImmType= Sine
RQQueenStrength= 3.92360347229987
RQEnableReQueen=true
AIAdultSlope= 2.57586121745408
AIAdultLD50= 0.477208669131622
AIAdultSlopeContact= 7.66559742856771
AIAdultLD50Contact= 59.9062144132794
AILarvaSlope= 2.63380576856434
AILarvaLD50= 79.3503347330818
AIKOW= 69614.7076204384
AIKOC= 76750.0755346003
AIHalfLife= 30.7142725157319
EAppRate= 1.64909683500952
FoliarEnabled=true
FoliarAppDate= 07/01/1989
FoliarForageBegin= 07/01/1989
FoliarForageEnd= 07/14/1989
AIContactFactor= 1.28297563818749
CL4Pollen= 3.01178899407387
CL4Nectar= 53.8153737317771
CL5Pollen= 0.970378691330552
CL5Nectar= 79.2097000521608
CLDPollen= 5.29587659658864
CLDNectar= 123.814633302391
CA13Pollen= 4.35082116564736
CA13Nectar= 75.4737058840692
CA410Pollen= 6.23171996606979
CA410Nectar= 172.994018020108
CA1120Pollen= 2.19338671141304
CA1120Nectar= 40.5089897476137
IPollenTrips= 13.8117863121442
INectarTrips= 11.9393279426731
IPollenLoad= 3.25766703113914
INectarLoad= 2.1236599329859
