ICQueenStrength= 2.63892279844731
RQWkrDrnRatio= 3.44805361423641
ICDroneMiteSurvivorship= 42.3326023155823
ICWorkerMiteSurvivorship= 29.4321806635708
ICForagerLifespan= 4.71323506720364
ImmType= Logarithmic
RQQueenStrength= 4.39345263433643
RQEnableReQueen= true
AIAdultSlope= 7.84192262776196
AIAdultLD50= 93.9349864360304
AIAdultSlopeContact= 6.30821714689955
AIAdultLD50Contact= 55.3453898104101
AILarvaSlope= 6.30993781611323
AILarvaLD50= 99.5670663878655
AIKOW= 30839.9547366463
AIKOC= 6451.90137448278
AIHalfLife= 2.35562015858013
EAppRate= 0.203632104388904
FoliarEnabled= true
FoliarAppDate= 06/07/1989
FoliarForageBegin= 06/05/1989
FoliarForageEnd= 06/28/1989
AIContactFactor= 0.892631647526286
CL4Pollen= 2.30996804218739
CL4Nectar= 16.4581761928275
CL5Pollen= 4.13951640855521
CL5Nectar= 127.042641467415
CLDPollen= 2.31775141088292
CLDNectar= 95.2853281167336
CA13Pollen= 5.90481640659273
CA13Nectar= 25.1729411073029
CA410Pollen= 7.16978806997649
CA410Nectar= 76.678326651454
CA1120Pollen= 0.942916058236733
CA1120Nectar= 68.8889629393816
IPollenTrips= 12.893412350677
INectarTrips= 11.6844190168194
IPollenLoad= 5.44745654799044
INectarLoad= 9.28001389140263
