ICQueenStrength= 4.86301033315249
RQWkrDrnRatio= 2.41605367697775
ICDroneMiteSurvivorship= 31.1339874751866
ICWorkerMiteSurvivorship= 96.8817890854552
ICForagerLifespan= 11.3935817983001
ImmType= Sine
AIAdultSlope= 3.05297386861872
AIAdultLD50= 0.0571404811926186
AIAdultSlopeContact= 3.44936730662361
AIAdultLD50Contact= 0.0416327793966048
AILarvaSlope= 3.04294004878029
AILarvaLD50= 0.294628971302882
AIKOW= 5.79108403343707
AIKOC= 25.3818517096806
AIHalfLife= 0.8570366299944
EAppRate= 4.74923110101372
FoliarEnabled= true
