ICQueenStrength= 2.42099509481341
RQWkrDrnRatio= 4.80767210852355
ICDroneMiteSurvivorship= 40.4304470634088
ICWorkerMiteSurvivorship= 94.3000965053216
ICForagerLifespan= 4.75169193185866
ImmType= Sine
RQQueenStrength= 2.65053731296211
RQEnableReQueen= true
AIAdultSlope= 4.85897665843368
AIAdultLD50= 71.3689703973138
AIAdultSlopeContact= 2.31027440284379
AIAdultLD50Contact= 92.6964940005753
AILarvaSlope= 1.84497219510376
AILarvaLD50= 43.6037711156087
AIKOW= 93736.1888564859
AIKOC= 50658.9785688384
AIHalfLife= 11.8909114920534
EAppRate= 5.67669696412468
FoliarEnabled= true
FoliarAppDate= 06/07/1989
FoliarForageBegin= 06/05/1989
FoliarForageEnd= 06/28/1989
AIContactFactor= 0.929953634850681
CL4Pollen= 1.55249764211476
CL4Nectar= 77.0111246732995
CL5Pollen= 3.23361684428528
CL5Nectar= 136.522869276814
CLDPollen= 1.39987622201443
CLDNectar= 40.4175830888562
CA13Pollen= 7.05000195726752
CA13Nectar= 89.6720264106989
CA410Pollen= 6.09682738378178
CA410Nectar= 124.724796791561
CA1120Pollen= 0.471409658901393
CA1120Nectar= 94.6360006928444
IPollenTrips= 6.73637674655765
INectarTrips= 8.42451215721667
IPollenLoad= 1.76819408079609
INectarLoad= 6.99802910210565
