ICQueenStrength= 5.51923538348638
RQWkrDrnRatio= 3.96277842763811
ICDroneMiteSurvivorship= 99.1136403055862
ICWorkerMiteSurvivorship= 74.4023302337155
ICForagerLifespan= 6.84484060946852
ImmType= Cosine
RQQueenStrength= 2.40252403332852
RQEnableReQueen= true
AIAdultSlope= 7.02051467262208
AIAdultLD50= 0.758792771997396
AIAdultSlopeContact= 5.05864316876978
AIAdultLD50Contact= 35.5024160998494
AILarvaSlope= 4.90319011360407
AILarvaLD50= 98.5011501646959
AIKOW= 53294.6912710973
AIKOC= 88216.9049897087
AIHalfLife= 3.01322367449757
EAppRate= 6.33946535757091
FoliarEnabled= true
FoliarAppDate= 09/01/1989
FoliarForageBegin= 09/01/1989
FoliarForageEnd= 09/08/1989
AIContactFactor= 0.531323663028888
CL4Pollen= 2.05303869396448
CL4Nectar= 49.8579052044079
CL5Pollen= 1.11564028915018
CL5Nectar= 148.612085951027
CLDPollen= 3.37756619369611
CLDNectar= 11.954650352709
CA13Pollen= 5.41633624332026
CA13Nectar= 41.936940792948
CA410Pollen= 2.87821879768744
CA410Nectar= 102.208440303802
CA1120Pollen= 0.769065707456321
CA1120Nectar= 98.06889584288
IPollenTrips= 11.0745686735027
INectarTrips= 11.4752511912957
IPollenLoad= 3.5764762153849
INectarLoad= 5.82912085810676
