ICQueenStrength= 1.05639001727104
RQWkrDrnRatio= 4.17952824477106
ICDroneMiteSurvivorship= 41.2560645723715
ICWorkerMiteSurvivorship= 9.25914407707751
ICForagerLifespan= 15.2222573840991
ImmType= Polynomial
RQQueenStrength= 1.59335792064667
RQEnableReQueen=true
AIAdultSlope= 3.09454008378088
AIAdultLD50= 0.238266485610045
AIAdultSlopeContact= 6.76070485636592
AIAdultLD50Contact= 17.5910275368511
AILarvaSlope= 8.34365722723305
AILarvaLD50= 9.64378391130338
AIKOW= 10131.9723059488
AIKOC= 42492.6780968364
AIHalfLife= 30.8262906432617
EAppRate= 0.0697612510086037
FoliarEnabled=true
FoliarAppDate= 07/01/1989
FoliarForageBegin= 07/01/1989
FoliarForageEnd= 07/14/1989
AIContactFactor= 1.03341272412799
CL4Pollen= 0.666401510126889
CL4Nectar= 78.4449517726898
CL5Pollen= 3.22230574814603
CL5Nectar= 74.2244817316532
CLDPollen= 1.12079655379057
CLDNectar= 127.153714781161
CA13Pollen= 7.64089681236073
CA13Nectar= 70.9836986660957
CA410Pollen= 4.62351809614338
CA410Nectar= 172.281806492247
CA1120Pollen= 2.78744680783711
CA1120Nectar= 94.085233528167
IPollenTrips= 6.45523168845102
INectarTrips= 8.46044917823747
IPollenLoad= 2.85551601322368
INectarLoad= 0.232155779376626
