ICQueenStrength= 1.23314720834605
RQWkrDrnRatio= 4.80152446776628
ICDroneMiteSurvivorship= 35.6907565379515
ICWorkerMiteSurvivorship= 35.0020666606724
ICForagerLifespan= 6.05248402245343
ImmType= Tangent
RQQueenStrength= 5.73774304613471
RQEnableReQueen= true
AIAdultSlope= 1.27302652038634
AIAdultLD50= 7.23756653164094
AIAdultSlopeContact= 9.47375379945152
AIAdultLD50Contact= 72.8506553143114
AILarvaSlope= 7.91938108764589
AILarvaLD50= 32.7850655858219
AIKOW= 39685.7992757006
AIKOC= 14357.3590927296
AIHalfLife= 0.506672742287628
EAppRate= 7.04065945795737
FoliarEnabled= true
FoliarAppDate= 06/07/1989
FoliarForageBegin= 06/05/1989
FoliarForageEnd= 06/28/1989
AIContactFactor= 0.600394364590757
CL4Pollen= 0.761809706687927
CL4Nectar= 1.49164779577404
CL5Pollen= 3.42766553722322
CL5Nectar= 117.069459788036
CLDPollen= 2.78730521025136
CLDNectar= 19.1905802465044
CA13Pollen= 7.98720488864928
CA13Nectar= 98.3611515723169
CA410Pollen= 8.9582673960831
CA410Nectar= 107.355598732829
CA1120Pollen= 2.22362078516744
CA1120Nectar= 62.9442621953785
IPollenTrips= 13.2402742863633
INectarTrips= 7.21423158654943
IPollenLoad= 6.14384407876059
INectarLoad= 0.595955818425864
