ICQueenStrength= 3.92642691079527
RQWkrDrnRatio= 4.19736988190562
ICDroneMiteSurvivorship= 74.6125211706385
ICWorkerMiteSurvivorship= 5.26624084450305
ICForagerLifespan= 14.4672824116424
ImmType= Polynomial
RQQueenStrength= 3.43515373207629
RQEnableReQueen=true
AIAdultSlope= 7.05383365228772
AIAdultLD50= 0.860650426001288
AIAdultSlopeContact= 4.25296282372437
AIAdultLD50Contact= 44.7028493551272
AILarvaSlope= 3.96895142644644
AILarvaLD50= 6.13251724699559
AIKOW= 90757.732272503
AIKOC= 72624.7206728561
AIHalfLife= 21.712081002607
EAppRate= 0.544304262510268
FoliarEnabled=true
FoliarAppDate= 07/01/1989
FoliarForageBegin= 07/01/1989
FoliarForageEnd= 07/14/1989
AIContactFactor= 1.00068150075618
CL4Pollen= 3.9304789500311
CL4Nectar= 3.67147885262966
CL5Pollen= 3.06184233957902
CL5Nectar= 111.708216299303
CLDPollen= 1.59149788459763
CLDNectar= 126.170607400127
CA13Pollen= 2.67216577222571
CA13Nectar= 36.5599315613508
CA410Pollen= 4.70007664810401
CA410Nectar= 48.2593194535002
CA1120Pollen= 2.56771116843447
CA1120Nectar= 84.8588526435196
IPollenTrips= 10.4976884508505
INectarTrips= 6.88694762531668
IPollenLoad= 0.951595071237534
INectarLoad= 2.9681502119638
