ICQueenStrength= 4.75614460906945
RQWkrDrnRatio= 3.32021201774478
ICDroneMiteSurvivorship= 45.9817547816783
ICWorkerMiteSurvivorship= 54.83271505218
ICForagerLifespan= 7.90392861142755
ImmType= Sine
AIAdultSlope= 3.19792273752624
AIAdultLD50= 0.0122669320553541
AIAdultSlopeContact= 1.42301645952277
AIAdultLD50Contact= 0.0221041376003996
AILarvaSlope= 0.228363078460097
AILarvaLD50= 0.796537446160801
AIKOW= 4.66342489235103
AIKOC= 26.8659380218014
AIHalfLife= 2.0482270937413
EAppRate= 3.74919482273981
FoliarEnabled= true
