ICQueenStrength= 5.03789648436941
RQWkrDrnRatio= 2.79238212946802
ICDroneMiteSurvivorship= 36.7390063591301
ICWorkerMiteSurvivorship= 27.9970548115671
ICForagerLifespan= 5.9091966226697
ImmType= Polynomial
RQQueenStrength= 3.01282287365757
RQEnableReQueen= true
AIAdultSlope= 8.00703244656324
AIAdultLD50= 61.8059295553805
AIAdultSlopeContact= 9.34555497718975
AIAdultLD50Contact= 7.79932134984876
AILarvaSlope= 5.51475210301578
AILarvaLD50= 7.79262544032768
AIKOW= 80362.7595384911
AIKOC= 9453.45870759944
AIHalfLife= 22.5793524682522
EAppRate= 6.11145666653128
FoliarEnabled= true
FoliarAppDate= 06/07/1989
FoliarForageBegin= 06/05/1989
FoliarForageEnd= 06/28/1989
AIContactFactor= 1.59308801385574
CL4Pollen= 3.72489202581346
CL4Nectar= 28.289453824982
CL5Pollen= 4.76758058415726
CL5Nectar= 61.8242970085703
CLDPollen= 3.89902439760044
CLDNectar= 86.1977831809781
CA13Pollen= 5.08356358697638
CA13Nectar= 50.1509303785861
CA410Pollen= 4.45772536606528
CA410Nectar= 114.234937760048
CA1120Pollen= 0.612167877377942
CA1120Nectar= 36.6830948553979
IPollenTrips= 14.2420879681595
INectarTrips= 14.8018170823343
IPollenLoad= 5.66261856118217
INectarLoad= 8.90247282106429
