ICQueenStrength= 5.23541556228884
RQWkrDrnRatio= 2.0848631914705
ICDroneMiteSurvivorship= 97.5881459424272
ICWorkerMiteSurvivorship= 0.541954394429922
ICForagerLifespan= 5.3403281532228
ImmType= Exponential
AIAdultSlope= 1.28459945407463
AIAdultLD50= 0.17341260900721
AIAdultSlopeContact= 1.8667484118836
AIAdultLD50Contact= 0.0112497189431451
AILarvaSlope= 0.113227504631504
AILarvaLD50= 0.793855283665471
AIKOW= 5.82160686515272
AIKOC= 16.0051518597174
AIHalfLife= 0.768085118965246
EAppRate= 7.45098269544542
FoliarEnabled= true
