ICQueenStrength= 2.97468157391995
RQWkrDrnRatio= 1.03554899152368
ICDroneMiteSurvivorship= 80.919082579203
ICWorkerMiteSurvivorship= 60.3951521450654
ICForagerLifespan= 5.89644640404731
ImmType= Polynomial
RQQueenStrength= 1.7152645336464
RQEnableReQueen= true
AIAdultSlope= 4.57868386805058
AIAdultLD50= 55.9742571809713
AIAdultSlopeContact= 5.85113127413206
AIAdultLD50Contact= 5.22736278234026
AILarvaSlope= 1.3951969537884
AILarvaLD50= 58.6316608997069
AIKOW= 4843.9996012475
AIKOC= 10356.6295215737
AIHalfLife= 30.4320472954307
EAppRate= 0.72498079827358
FoliarEnabled= true
FoliarAppDate= 06/07/1989
FoliarForageBegin= 06/05/1989
FoliarForageEnd= 06/28/1989
AIContactFactor= 1.53310643683653
CL4Pollen= 3.99402533937246
CL4Nectar= 92.1938587212935
CL5Pollen= 5.40519998129457
CL5Nectar= 96.5601799311116
CLDPollen= 1.0416285074316
CLDNectar= 63.952980923932
CA13Pollen= 4.29146951837465
CA13Nectar= 64.6333267912269
CA410Pollen= 2.30423583993688
CA410Nectar= 175.705466675572
CA1120Pollen= 0.279622724046931
CA1120Nectar= 49.1573932021856
IPollenTrips= 11.2888516741805
INectarTrips= 12.1914115035906
IPollenLoad= 6.17460316279903
INectarLoad= 5.23960733786225
