ICQueenStrength= 2.33065241971053
RQWkrDrnRatio= 4.50042821839452
ICDroneMiteSurvivorship= 45.1069522416219
ICWorkerMiteSurvivorship= 22.6896361913532
ICForagerLifespan= 4.5569245480001
ImmType= Cosine
RQQueenStrength= 2.05841784738004
RQEnableReQueen= true
AIAdultSlope= 8.10412965901196
AIAdultLD50= 23.6786289165514
AIAdultSlopeContact= 5.53839416662231
AIAdultLD50Contact= 50.9760412583246
AILarvaSlope= 1.22502243332565
AILarvaLD50= 40.9307824747974
AIKOW= 28030.4852199448
AIKOC= 96356.8999598548
AIHalfLife= 5.71455189285334
EAppRate= 6.2631999407697
FoliarEnabled= true
FoliarAppDate= 06/07/1989
FoliarForageBegin= 06/05/1989
FoliarForageEnd= 06/28/1989
AIContactFactor= 1.14636937014759
CL4Pollen= 3.83334332425147
CL4Nectar= 5.05881586577743
CL5Pollen= 2.20172881381586
CL5Nectar= 31.8970976863056
CLDPollen= 4.78800797928125
CLDNectar= 67.1629456104711
CA13Pollen= 2.39064298318699
CA13Nectar= 39.0002094954252
CA410Pollen= 3.53632186304312
CA410Nectar= 105.657209064811
CA1120Pollen= 0.818295717705041
CA1120Nectar= 64.9307287298143
IPollenTrips= 12.4291806179099
INectarTrips= 5.48268066020682
IPollenLoad= 9.46135492296889
INectarLoad= 1.53623785590753
ESoilP= 1.9523324535694
ESoilFoc= 0.0134759798846208
