ICQueenStrength= 5.88950808299705
RQWkrDrnRatio= 2.61177881993353
ICDroneMiteSurvivorship= 42.8836359875277
ICWorkerMiteSurvivorship= 9.49170789681375
ICForagerLifespan= 15.8241568328813
ImmType= Cosine
RQQueenStrength= 5.35755416867323
RQEnableReQueen= true
AIAdultSlope= 5.83494143374264
AIAdultLD50= 0.504359709268669
AIAdultSlopeContact= 2.64698128285818
AIAdultLD50Contact= 39.4287732058198
AILarvaSlope= 4.14382593892515
AILarvaLD50= 63.9644150464018
AIKOW= 16259.869901956
AIKOC= 35562.1808699644
AIHalfLife= 7.76616938586812
EAppRate= 0.765665744667407
FoliarEnabled= true
FoliarAppDate= 09/01/1989
FoliarForageBegin= 09/01/1989
FoliarForageEnd= 09/08/1989
AIContactFactor= 2.08668145042378
CL4Pollen= 0.489608566276729
CL4Nectar= 31.0199224157259
CL5Pollen= 1.0915224342607
CL5Nectar= 9.44827113999054
CLDPollen= 3.9658061703667
CLDNectar= 73.2990867225453
CA13Pollen= 5.27449758565053
CA13Nectar= 45.0338744744658
CA410Pollen= 6.77833820909727
CA410Nectar= 162.889727624133
CA1120Pollen= 1.84029368706979
CA1120Nectar= 21.7746576294303
IPollenTrips= 11.616446422413
INectarTrips= 6.1602315120399
IPollenLoad= 5.5108309048228
INectarLoad= 6.97766427882016
