ICQueenStrength= 3.25215376704
RQWkrDrnRatio= 1.00964475981891
ICDroneMiteSurvivorship= 8.82523409090936
ICWorkerMiteSurvivorship= 84.7679235972464
ICForagerLifespan= 6.30472661647946
ImmType= Tangent
RQQueenStrength= 2.96525214589201
RQEnableReQueen= true
AIAdultSlope= 6.75572027824819
AIAdultLD50= 38.357794550024
AIAdultSlopeContact= 3.47542254137807
AIAdultLD50Contact= 64.4115144221815
AILarvaSlope= 5.64177931472659
AILarvaLD50= 23.0595515575595
AIKOW= 34179.3516813209
AIKOC= 68083.7915056443
AIHalfLife= 11.8653283215128
EAppRate= 5.26641759823239
FoliarEnabled= true
FoliarAppDate= 06/07/1989
FoliarForageBegin= 06/05/1989
FoliarForageEnd= 06/28/1989
AIContactFactor= 1.51621480092406
CL4Pollen= 2.04284639935941
CL4Nectar= 23.7106805667281
CL5Pollen= 1.08703567413613
CL5Nectar= 39.5660448004492
CLDPollen= 2.63095196709037
CLDNectar= 25.4715412971564
CA13Pollen= 6.42332042688504
CA13Nectar= 54.2025554738939
CA410Pollen= 6.15878334476147
CA410Nectar= 51.7834196891636
CA1120Pollen= 1.85133478674106
CA1120Nectar= 38.0482751131058
IPollenTrips= 13.7760171294212
INectarTrips= 14.141961929854
IPollenLoad= 8.61031604465097
INectarLoad= 4.37404152005911
