ICQueenStrength= 1.39930108236149
RQWkrDrnRatio= 2.76080723665655
ICDroneMiteSurvivorship= 50.626696832478
ICWorkerMiteSurvivorship= 2.7422518003732
ICForagerLifespan= 12.2973079392686
ImmType= Logarithmic
RQQueenStrength= 2.34870600420982
RQEnableReQueen= true
AIAdultSlope= 2.84566780552268
AIAdultLD50= 29.1329799559368
AIAdultSlopeContact= 7.1276093069464
AIAdultLD50Contact= 96.8545163746094
AILarvaSlope= 8.21026801131666
AILarvaLD50= 62.6373130900857
AIKOW= 46831.7153946512
AIKOC= 10122.5034677621
AIHalfLife= 24.3964001478162
EAppRate= 5.98598944647773
FoliarEnabled= true
FoliarAppDate= 06/07/1989
FoliarForageBegin= 06/05/1989
FoliarForageEnd= 06/28/1989
AIContactFactor= 0.290984436441213
CL4Pollen= 2.68749255407602
CL4Nectar= 5.3101320983842
CL5Pollen= 0.734945636708289
CL5Nectar= 148.471453716047
CLDPollen= 3.8947545485571
CLDNectar= 71.9260419602506
CA13Pollen= 4.37939585447311
CA13Nectar= 23.2594062387943
CA410Pollen= 4.56227748622186
CA410Nectar= 43.2647157274187
CA1120Pollen= 1.68624721420929
CA1120Nectar= 43.5507396236062
IPollenTrips= 11.809864656534
INectarTrips= 11.956292563118
IPollenLoad= 3.02548648091033
INectarLoad= 3.23732335586101
ESoilP= 1.17330755037256
ESoilFoc= 0.00875151960039511
