ICQueenStrength= 1.68498936248943
RQWkrDrnRatio= 4.9251291109249
ICDroneMiteSurvivorship= 67.9291420383379
ICWorkerMiteSurvivorship= 49.2431406863034
ICForagerLifespan= 13.9038281906396
ImmType= Tangent
RQQueenStrength= 3.75053970282897
RQEnableReQueen= true
AIAdultSlope= 4.31894324347377
AIAdultLD50= 59.5865890989404
AIAdultSlopeContact= 1.54635513853282
AIAdultLD50Contact= 85.8661959525971
AILarvaSlope= 3.55938541144133
AILarvaLD50= 78.1302851407076
AIKOW= 93230.3671742639
AIKOC= 39440.4035622422
AIHalfLife= 24.7623307992937
EAppRate= 2.96019190851133
FoliarEnabled= true
FoliarAppDate= 06/07/1989
FoliarForageBegin= 06/05/1989
FoliarForageEnd= 06/28/1989
AIContactFactor= 0.605442548431456
CL4Pollen= 1.85198321565986
CL4Nectar= 82.7293568756431
CL5Pollen= 3.82047970499843
CL5Nectar= 45.9981874795631
CLDPollen= 4.66317857243121
CLDNectar= 73.2295919093303
CA13Pollen= 3.2403856150806
CA13Nectar= 32.7904119156301
CA410Pollen= 8.16136409922037
CA410Nectar= 85.4890162218362
CA1120Pollen= 2.31782277929597
CA1120Nectar= 48.445175550878
IPollenTrips= 9.2654866212979
INectarTrips= 6.35967104928568
IPollenLoad= 5.17998626688495
INectarLoad= 0.0431963754817843
