ICQueenStrength= 3.07737334771082
RQWkrDrnRatio= 4.47528205625713
ICDroneMiteSurvivorship= 45.2823165105656
ICWorkerMiteSurvivorship= 75.1043986063451
ICForagerLifespan= 10.4941435344517
ImmType= Polynomial
RQQueenStrength= 1.13596563250758
RQEnableReQueen= true
AIAdultSlope= 7.40105624310672
AIAdultLD50= 39.4013221653695
AIAdultSlopeContact= 3.16761288023554
AIAdultLD50Contact= 97.5741198267327
AILarvaSlope= 1.20462743192911
AILarvaLD50= 83.7690748786314
AIKOW= 91574.5717051193
AIKOC= 62647.5274545427
AIHalfLife= 15.527556260745
EAppRate= 4.43173199707549
FoliarEnabled= true
FoliarAppDate= 06/07/1989
FoliarForageBegin= 06/05/1989
FoliarForageEnd= 06/28/1989
AIContactFactor= 0.661979617006145
CL4Pollen= 0.223520424216986
CL4Nectar= 52.8121910989285
CL5Pollen= 3.15481594903395
CL5Nectar= 105.419403885026
CLDPollen= 3.1167475618422
CLDNectar= 71.8947762041353
CA13Pollen= 7.31159486323595
CA13Nectar= 55.6214275583625
CA410Pollen= 3.19676613081247
CA410Nectar= 64.3018683511764
CA1120Pollen= 0.170206101145595
CA1120Nectar= 35.1762333698571
IPollenTrips= 7.68074340187013
INectarTrips= 7.79819590039551
IPollenLoad= 1.77237772149965
INectarLoad= 3.33589404122904
