ICQueenStrength= 2.19743778253905
RQWkrDrnRatio= 3.01225745677948
ICDroneMiteSurvivorship= 16.4677690481767
ICWorkerMiteSurvivorship= 29.4824309647083
ICForagerLifespan= 6.40597801748663
ImmType= Sine
RQQueenStrength= 4.98157956195064
RQEnableReQueen= true
AIAdultSlope= 4.98811176605523
AIAdultLD50= 23.577202127082
AIAdultSlopeContact= 1.58006558776833
AIAdultLD50Contact= 14.9664174069383
AILarvaSlope= 4.61879977956414
AILarvaLD50= 82.0100421715835
AIKOW= 9547.3137798572
AIKOC= 95277.415713174
AIHalfLife= 12.3059753470821
EAppRate= 2.31570581190614
FoliarEnabled= true
FoliarAppDate= 06/07/1989
FoliarForageBegin= 06/05/1989
FoliarForageEnd= 06/28/1989
AIContactFactor= 1.72644531812519
CL4Pollen= 3.76662954781204
CL4Nectar= 18.6378748621792
CL5Pollen= 5.67251378064975
CL5Nectar= 128.148486383725
CLDPollen= 4.56484211515635
CLDNectar= 126.547248568386
CA13Pollen= 8.10355450706556
CA13Nectar= 73.6426751501858
CA410Pollen= 8.76371753748972
CA410Nectar= 160.008534491062
CA1120Pollen= 2.01634407090023
CA1120Nectar= 59.555082693696
IPollenTrips= 7.10286006098613
INectarTrips= 7.73914465913549
IPollenLoad= 1.47600565105677
INectarLoad= 3.06410475401208
ESoilP= 1.34933485742658
ESoilFoc= 0.0158200806372333
