ICQueenStrength= 3.41302942670882
RQWkrDrnRatio= 4.85849111061543
ICDroneMiteSurvivorship= 51.228587096557
ICWorkerMiteSurvivorship= 75.2015433739871
ICForagerLifespan= 14.8974306825548
ImmType= Sine
RQQueenStrength= 3.17203426454216
RQEnableReQueen=true
AIAdultSlope= 6.11456876993179
AIAdultLD50= 0.889973245641682
AIAdultSlopeContact= 4.69809125992469
AIAdultLD50Contact= 19.7357961106536
AILarvaSlope= 1.12204035557806
AILarvaLD50= 12.5277844585059
AIKOW= 23972.0155843007
AIKOC= 65893.227953779
AIHalfLife= 13.1596566980006
EAppRate= 7.48494619862502
FoliarEnabled=true
FoliarAppDate= 07/01/1989
FoliarForageBegin= 07/01/1989
FoliarForageEnd= 07/14/1989
AIContactFactor= 0.843817239562049
CL4Pollen= 1.94555798824877
CL4Nectar= 53.4899432444945
CL5Pollen= 4.00714781368151
CL5Nectar= 53.1402748078108
CLDPollen= 0.659161238931119
CLDNectar= 24.5648516574875
CA13Pollen= 3.01033833418041
CA13Nectar= 20.2194531448185
CA410Pollen= 7.07458667515311
CA410Nectar= 194.945928431116
CA1120Pollen= 1.82856615493074
CA1120Nectar= 73.8078784197569
IPollenTrips= 6.63918373407796
INectarTrips= 10.3802589862607
IPollenLoad= 7.30231153313071
INectarLoad= 6.23640696052462
