ICQueenStrength= 2.91476787673309
RQWkrDrnRatio= 1.41385006066412
ICDroneMiteSurvivorship= 39.3089031800628
ICWorkerMiteSurvivorship= 9.0637631714344
ICForagerLifespan= 9.13515004795045
ImmType= Tangent
RQQueenStrength= 1.19907188252546
RQEnableReQueen= true
AIAdultSlope= 6.57938898913562
AIAdultLD50= 24.2745386241761
AIAdultSlopeContact= 1.76874381443486
AIAdultLD50Contact= 54.3666643221963
AILarvaSlope= 1.51808094419539
AILarvaLD50= 53.7688766679456
AIKOW= 42166.9869541872
AIKOC= 77155.6395030636
AIHalfLife= 9.06900170168374
EAppRate= 5.77700640152535
FoliarEnabled= true
FoliarAppDate= 06/07/1989
FoliarForageBegin= 06/05/1989
FoliarForageEnd= 06/28/1989
AIContactFactor= 1.81868035277817
CL4Pollen= 3.72828130796552
CL4Nectar= 51.2541386997327
CL5Pollen= 5.66279823565856
CL5Nectar= 145.841862552334
CLDPollen= 2.94098249590024
CLDNectar= 48.7055123783648
CA13Pollen= 2.27517382083461
CA13Nectar= 60.7778519392014
CA410Pollen= 8.97029333938844
CA410Nectar= 193.201441480778
CA1120Pollen= 2.78143332037143
CA1120Nectar= 36.2510354816914
IPollenTrips= 6.89748304663226
INectarTrips= 12.2395900916308
IPollenLoad= 3.38965056696907
INectarLoad= 2.81706043053418
