ICQueenStrength= 2.74852895434014
RQWkrDrnRatio= 2.80640290305018
ICDroneMiteSurvivorship= 15.5346779152751
ICWorkerMiteSurvivorship= 72.6438746089116
ICForagerLifespan= 13.1829248638824
ImmType= Exponential
AIAdultSlope= 3.53055555120343
AIAdultLD50= 0.0764470585621893
AIAdultSlopeContact= 2.22876118771965
AIAdultLD50Contact= 0.0489808329381049
AILarvaSlope= 2.9361398588866
AILarvaLD50= 0.256330590764992
AIKOW= 2.74464663676918
AIKOC= 24.4351478246972
AIHalfLife= 1.80631648851559
EAppRate= 5.12514892965555
FoliarEnabled= true
