ICQueenStrength= 1.86738947080448
RQWkrDrnRatio= 4.76659200806171
ICDroneMiteSurvivorship= 38.457538979128
ICWorkerMiteSurvivorship= 1.781245181337
ICForagerLifespan= 9.20561310648918
ImmType= Tangent
RQQueenStrength= 4.74625217518769
RQEnableReQueen= true
AIAdultSlope= 1.82828801497817
AIAdultLD50= 48.6284594780134
AIAdultSlopeContact= 3.48601395823061
AIAdultLD50Contact= 86.5865160735578
AILarvaSlope= 4.88918670080602
AILarvaLD50= 51.3490107061749
AIKOW= 19773.5448733446
AIKOC= 42360.2205315684
AIHalfLife= 24.549753085617
EAppRate= 9.55769174474943
FoliarEnabled= true
FoliarAppDate= 06/07/1989
FoliarForageBegin= 06/05/1989
FoliarForageEnd= 06/28/1989
AIContactFactor= 2.24767477664631
CL4Pollen= 1.1959917768836
CL4Nectar= 55.7210319675505
CL5Pollen= 0.929501679260284
CL5Nectar= 112.412009120453
CLDPollen= 2.17001935467124
CLDNectar= 140.263771126047
CA13Pollen= 5.44187572207302
CA13Nectar= 51.956895403564
CA410Pollen= 2.87521429366898
CA410Nectar= 38.8439969811589
CA1120Pollen= 1.6228536721319
CA1120Nectar= 28.4246021509171
IPollenTrips= 6.30612364504486
INectarTrips= 14.9600031040609
IPollenLoad= 8.33881046622992
INectarLoad= 5.79283840954304
