ICQueenStrength= 5.54867966007441
RQWkrDrnRatio= 2.09778090287
ICDroneMiteSurvivorship= 6.56715910881758
ICWorkerMiteSurvivorship= 14.4748612772673
ICForagerLifespan= 12.7125049177557
ImmType= Cosine
RQQueenStrength= 3.35326032387093
RQEnableReQueen= true
AIAdultSlope= 4.09374044090509
AIAdultLD50= 63.282867801513
AIAdultSlopeContact= 3.26675094221719
AIAdultLD50Contact= 9.07586533597205
AILarvaSlope= 6.37467981502414
AILarvaLD50= 55.1509126957727
AIKOW= 66544.1813341263
AIKOC= 24195.6368799235
AIHalfLife= 0.896313870488666
EAppRate= 0.464879386753542
FoliarEnabled= true
FoliarAppDate= 06/07/1989
FoliarForageBegin= 06/05/1989
FoliarForageEnd= 06/28/1989
AIContactFactor= 2.25893944574054
CL4Pollen= 2.61500422284007
CL4Nectar= 22.0153484726325
CL5Pollen= 4.54195623239502
CL5Nectar= 133.906476502307
CLDPollen= 2.59481509728357
CLDNectar= 73.9911177079193
CA13Pollen= 6.04567994158715
CA13Nectar= 86.2751446850598
CA410Pollen= 4.91208925945684
CA410Nectar= 141.015353212133
CA1120Pollen= 2.7043399522081
CA1120Nectar= 45.201603397727
IPollenTrips= 10.1532459328882
INectarTrips= 9.19263193150982
IPollenLoad= 6.68790712021291
INectarLoad= 1.86667332658544
