ICQueenStrength= 1.48215541639365
RQWkrDrnRatio= 2.5839090179652
ICDroneMiteSurvivorship= 88.4788635652512
ICWorkerMiteSurvivorship= 80.1251566503197
ICForagerLifespan= 5.92902577761561
ImmType= Polynomial
AIAdultSlope= 0.832125131387729
AIAdultLD50= 0.147791172331199
AIAdultSlopeContact= 3.10890516510699
AIAdultLD50Contact= 0.00677815017988905
AILarvaSlope= 0.374803895503283
AILarvaLD50= 0.765504340245388
AIKOW= 3.44635986816138
AIKOC= 5.29150919290259
AIHalfLife= 1.51033752385993
EAppRate= 9.98412147630006
FoliarEnabled= true
