ICQueenStrength= 4.18187280325219
RQWkrDrnRatio= 4.30292879138142
ICDroneMiteSurvivorship= 93.1998634245247
ICWorkerMiteSurvivorship= 87.529998854734
ICForagerLifespan= 7.89900748711079
ImmType= Polynomial
RQQueenStrength= 4.45232801162638
RQEnableReQueen= true
AIAdultSlope= 6.09230249933898
AIAdultLD50= 81.334032515347
AIAdultSlopeContact= 6.16144016524777
AIAdultLD50Contact= 47.9629300994528
AILarvaSlope= 4.50095833279192
AILarvaLD50= 18.2869118604595
AIKOW= 68268.6994384255
AIKOC= 69284.5582336586
AIHalfLife= 1.39610702241771
EAppRate= 3.91727959034033
FoliarEnabled= true
FoliarAppDate= 06/07/1989
FoliarForageBegin= 06/05/1989
FoliarForageEnd= 06/28/1989
AIContactFactor= 0.875934811891056
CL4Pollen= 0.644795878790319
CL4Nectar= 20.7465768558905
CL5Pollen= 5.3392048724927
CL5Nectar= 57.8493741690181
CLDPollen= 5.07007603906095
CLDNectar= 24.1787882521749
CA13Pollen= 6.23506233124062
CA13Nectar= 55.5992134287953
CA410Pollen= 2.57221486878116
CA410Nectar= 185.736651662737
CA1120Pollen= 0.565412617754191
CA1120Nectar= 62.8045696765184
IPollenTrips= 9.18290765490383
INectarTrips= 12.3136933753267
IPollenLoad= 0.996397007256746
INectarLoad= 6.62570004351437
