ICQueenStrength= 5.68575781676918
RQWkrDrnRatio= 2.54791078250855
ICDroneMiteSurvivorship= 99.0024896338582
ICWorkerMiteSurvivorship= 42.401262302883
ICForagerLifespan= 6.36024746578187
ImmType= Sine
AIAdultSlope= 0.172924942024983
AIAdultLD50= 0.0972779221367091
AIAdultSlopeContact= 1.30663233737927
AIAdultLD50Contact= 0.000742420030292124
AILarvaSlope= 2.25332020767964
AILarvaLD50= 0.818837917386554
AIKOW= 3.1365409521386
AIKOC= 24.6026783436537
AIHalfLife= 1.93537868233398
EAppRate= 2.07338375039399
FoliarEnabled= true
