ICQueenStrength= 3.70919729024172
RQWkrDrnRatio= 3.67758620437235
ICDroneMiteSurvivorship= 24.5678582694381
ICWorkerMiteSurvivorship= 41.7642405955121
ICForagerLifespan= 9.87925646360964
ImmType= Logarithmic
RQQueenStrength= 4.14871709095314
RQEnableReQueen= true
AIAdultSlope= 1.92574722506106
AIAdultLD50= 70.1041766276297
AIAdultSlopeContact= 6.36196645302698
AIAdultLD50Contact= 56.7175923343385
AILarvaSlope= 5.64365667290986
AILarvaLD50= 63.1125136095378
AIKOW= 67085.2153647676
AIKOC= 121.698175393278
AIHalfLife= 24.2538614981808
EAppRate= 6.56699504746613
FoliarEnabled= true
FoliarAppDate= 06/07/1989
FoliarForageBegin= 06/05/1989
FoliarForageEnd= 06/28/1989
AIContactFactor= 1.99747053283732
CL4Pollen= 2.81065866164863
CL4Nectar= 8.9235357940197
CL5Pollen= 1.59080410189927
CL5Nectar= 128.751624596771
CLDPollen= 4.9181061303243
CLDNectar= 112.118040269706
CA13Pollen= 5.56530678719282
CA13Nectar= 56.0662037320435
CA410Pollen= 7.15018707059789
CA410Nectar= 157.340631163679
CA1120Pollen= 0.256696527125314
CA1120Nectar= 90.5590198934078
IPollenTrips= 13.4847750794142
INectarTrips= 9.87732493784279
IPollenLoad= 8.03821885725483
INectarLoad= 5.89547439478338
ESoilP= 1.55952930799685
ESoilFoc= 0.0123079912150279
