ICQueenStrength= 2.0934297926724
RQWkrDrnRatio= 3.39754392951727
ICDroneMiteSurvivorship= 59.296029037796
ICWorkerMiteSurvivorship= 77.1069853566587
ICForagerLifespan= 8.03508124221116
ImmType= Tangent
RQQueenStrength= 2.64815561030991
RQEnableReQueen= true
AIAdultSlope= 3.39305393025279
AIAdultLD50= 90.4733926683573
AIAdultSlopeContact= 5.31415061536245
AIAdultLD50Contact= 9.2935925232002
AILarvaSlope= 4.08923207223415
AILarvaLD50= 70.8107282598997
AIKOW= 93170.0102131484
AIKOC= 94625.0345453892
AIHalfLife= 20.1514280562755
EAppRate= 2.62592718631565
FoliarEnabled= true
FoliarAppDate= 06/07/1989
FoliarForageBegin= 06/05/1989
FoliarForageEnd= 06/28/1989
AIContactFactor= 0.849092948739417
CL4Pollen= 0.115544469095767
CL4Nectar= 2.83079545479268
CL5Pollen= 2.51829739892855
CL5Nectar= 79.2424207669683
CLDPollen= 2.12998186005279
CLDNectar= 67.7945614792407
CA13Pollen= 4.61672870656475
CA13Nectar= 72.9000131972134
CA410Pollen= 8.10888155209832
CA410Nectar= 160.408962941729
CA1120Pollen= 2.99709368823096
CA1120Nectar= 22.5920255482197
IPollenTrips= 10.5541873513721
INectarTrips= 8.66227071965113
IPollenLoad= 5.26789129711688
INectarLoad= 4.05245101079345
ESoilP= 1.88933839136735
ESoilFoc= 0.0199014631307218
