ICQueenStrength= 3.71430730819702
RQWkrDrnRatio= 4.49817143939435
ICDroneMiteSurvivorship= 27.5297347689047
ICWorkerMiteSurvivorship= 57.4439276009798
ICForagerLifespan= 11.2006442174315
ImmType= Cosine
RQQueenStrength= 1.2868529164698
RQEnableReQueen= true
AIAdultSlope= 8.8896851669997
AIAdultLD50= 26.4912780390913
AIAdultSlopeContact= 2.13633330119774
AIAdultLD50Contact= 8.90346500219591
AILarvaSlope= 6.76544734463096
AILarvaLD50= 53.5756340090362
AIKOW= 33071.3261257972
AIKOC= 57565.2580420754
AIHalfLife= 18.9770414190134
EAppRate= 7.65347561224899
FoliarEnabled= true
FoliarAppDate= 06/07/1989
FoliarForageBegin= 06/05/1989
FoliarForageEnd= 06/28/1989
AIContactFactor= 0.448277820479125
CL4Pollen= 1.0750798676163
CL4Nectar= 9.2934638261795
CL5Pollen= 4.61926312465221
CL5Nectar= 121.513018431142
CLDPollen= 2.51999854948372
CLDNectar= 57.0365866064094
CA13Pollen= 2.96650592591614
CA13Nectar= 96.6190922446549
CA410Pollen= 7.73018172695302
CA410Nectar= 118.184603061527
CA1120Pollen= 0.24127897596918
CA1120Nectar= 66.7117910645902
IPollenTrips= 7.82464678632095
INectarTrips= 12.8904635622166
IPollenLoad= 3.32190216518939
INectarLoad= 5.55917454417795
