ICQueenStrength= 4.91820642515086
RQWkrDrnRatio= 4.33923258725554
ICDroneMiteSurvivorship= 87.1277798898518
ICWorkerMiteSurvivorship= 80.4299046518281
ICForagerLifespan= 5.2856487268582
ImmType= Sine
RQQueenStrength= 5.06683496432379
RQEnableReQueen= true
AIAdultSlope= 3.05879566259682
AIAdultLD50= 0.790612645459361
AIAdultSlopeContact= 9.11622881586663
AIAdultLD50Contact= 13.0876113418485
AILarvaSlope= 7.12914059497416
AILarvaLD50= 57.8156244529532
AIKOW= 28595.7680940365
AIKOC= 95216.6939721173
AIHalfLife= 2.84799497665372
EAppRate= 1.15120959389745
FoliarEnabled= true
FoliarAppDate= 09/01/1989
FoliarForageBegin= 09/01/1989
FoliarForageEnd= 09/08/1989
AIContactFactor= 0.371524544125423
CL4Pollen= 3.86244686786085
CL4Nectar= 46.4842568617314
CL5Pollen= 3.3438160107471
CL5Nectar= 102.82045454951
CLDPollen= 3.93738564150408
CLDNectar= 82.9219070146792
CA13Pollen= 4.41739615406841
CA13Nectar= 97.9282700270414
CA410Pollen= 6.47331163270865
CA410Nectar= 112.389016454108
CA1120Pollen= 2.84078774275258
CA1120Nectar= 36.0025129839778
IPollenTrips= 6.95481990464032
INectarTrips= 12.549404411111
IPollenLoad= 0.983710666187108
INectarLoad= 2.8590025450103
