ICQueenStrength= 3.01486068312079
RQWkrDrnRatio= 4.12015542201698
ICDroneMiteSurvivorship= 28.9997194195166
ICWorkerMiteSurvivorship= 53.8795413682237
ICForagerLifespan= 12.48453168571
ImmType= Tangent
RQQueenStrength= 1.163554828614
RQEnableReQueen= true
AIAdultSlope= 3.93387465551496
AIAdultLD50= 0.559481165812816
AIAdultSlopeContact= 1.12642182107083
AIAdultLD50Contact= 24.1732355829563
AILarvaSlope= 8.32539994269609
AILarvaLD50= 43.8287240364724
AIKOW= 891.06419285947
AIKOC= 65868.4265694059
AIHalfLife= 12.9576979041332
EAppRate= 2.68964746420155
FoliarEnabled= true
FoliarAppDate= 09/01/1989
FoliarForageBegin= 09/01/1989
FoliarForageEnd= 09/08/1989
AIContactFactor= 2.26665121693164
CL4Pollen= 2.98426459729671
CL4Nectar= 2.37358254380524
CL5Pollen= 1.43058499647304
CL5Nectar= 60.4850924690254
CLDPollen= 5.60810503922403
CLDNectar= 31.4554152893834
CA13Pollen= 3.72321023168042
CA13Nectar= 43.9414471760392
CA410Pollen= 8.27045203030575
CA410Nectar= 159.021288789809
CA1120Pollen= 2.66680974676274
CA1120Nectar= 45.8352016285062
IPollenTrips= 12.1269462700002
INectarTrips= 9.00233320659027
IPollenLoad= 7.2306541306898
INectarLoad= 0.529435900971293
