ICQueenStrength= 5.78124840185046
RQWkrDrnRatio= 3.80030000209808
ICDroneMiteSurvivorship= 24.5351863792166
ICWorkerMiteSurvivorship= 84.0594415320083
ICForagerLifespan= 13.4060344127938
ImmType= Logarithmic
AIAdultSlope= 0.596575184469111
AIAdultLD50= 0.0333513368386775
AIAdultSlopeContact= 2.92536391749512
AIAdultLD50Contact= 0.0325897714938037
AILarvaSlope= 1.00561621952802
AILarvaLD50= 0.482972699473612
AIKOW= 4.69974066596478
AIKOC= 9.38537618028931
AIHalfLife= 1.14595060744323
EAppRate= 5.22290979279205
FoliarEnabled= true
