ICQueenStrength= 4.76528490218334
RQWkrDrnRatio= 3.48359978944063
ICDroneMiteSurvivorship= 3.16518831532449
ICWorkerMiteSurvivorship= 16.3486905861646
ICForagerLifespan= 10.6861760988832
ImmType= Cosine
RQQueenStrength= 1.55258619599044
RQEnableReQueen= true
AIAdultSlope= 4.49256326071918
AIAdultLD50= 0.622462163631804
AIAdultSlopeContact= 8.01244778186083
AIAdultLD50Contact= 83.4604584088097
AILarvaSlope= 6.76301730982959
AILarvaLD50= 65.841893454589
AIKOW= 32119.0918690131
AIKOC= 30805.7130318403
AIHalfLife= 10.3635577952955
EAppRate= 8.56662485550763
FoliarEnabled= true
FoliarAppDate= 09/01/1989
FoliarForageBegin= 09/01/1989
FoliarForageEnd= 09/08/1989
AIContactFactor= 0.720807991810143
CL4Pollen= 0.245817746035755
CL4Nectar= 19.6049329824746
CL5Pollen= 5.26272587338462
CL5Nectar= 33.5236099781469
CLDPollen= 0.643299499992281
CLDNectar= 79.363294725772
CA13Pollen= 2.91522556245327
CA13Nectar= 50.7315119728446
CA410Pollen= 8.22525904504582
CA410Nectar= 188.610994308256
CA1120Pollen= 0.0808427694719285
CA1120Nectar= 96.4300344698131
IPollenTrips= 5.40388891007751
INectarTrips= 9.50655322289094
IPollenLoad= 2.14879339095205
INectarLoad= 3.71306868037209
