ICQueenStrength= 4.05980432662182
RQWkrDrnRatio= 1.75455703120679
ICDroneMiteSurvivorship= 40.0690690381452
ICWorkerMiteSurvivorship= 34.3133248388767
ICForagerLifespan= 6.62986184749752
ImmType= Tangent
RQQueenStrength= 2.58278923598118
RQEnableReQueen= true
AIAdultSlope= 3.77128452993929
AIAdultLD50= 86.4871290463936
AIAdultSlopeContact= 1.21431672712788
AIAdultLD50Contact= 4.55398522692593
AILarvaSlope= 1.58663254790008
AILarvaLD50= 68.9384948683036
AIKOW= 51142.5600350166
AIKOC= 34431.8007027912
AIHalfLife= 14.2513133969856
EAppRate= 7.93651755144773
FoliarEnabled= true
FoliarAppDate= 06/07/1989
FoliarForageBegin= 06/05/1989
FoliarForageEnd= 06/28/1989
AIContactFactor= 0.713848183481023
CL4Pollen= 1.17700315546244
CL4Nectar= 72.4656921811402
CL5Pollen= 4.5043371738866
CL5Nectar= 123.359037435148
CLDPollen= 1.13182931486517
CLDNectar= 28.3856196678244
CA13Pollen= 6.58160701468587
CA13Nectar= 82.581398691982
CA410Pollen= 5.85321312074084
CA410Nectar= 89.7267161961645
CA1120Pollen= 0.0799278721679002
CA1120Nectar= 57.1015091426671
IPollenTrips= 7.29388064006343
INectarTrips= 10.0438496679999
IPollenLoad= 0.532394340261817
INectarLoad= 8.1832488393411
