ICQueenStrength= 5.54800036503002
RQWkrDrnRatio= 4.88034357409924
ICDroneMiteSurvivorship= 52.6995984604582
ICWorkerMiteSurvivorship= 10.3457228513435
ICForagerLifespan= 14.1873166058213
ImmType= Cosine
RQQueenStrength= 5.2789276514668
RQEnableReQueen= true
AIAdultSlope= 2.30648732930422
AIAdultLD50= 0.991802827415522
AIAdultSlopeContact= 1.06468664621934
AIAdultLD50Contact= 32.6842366994664
AILarvaSlope= 6.16303916089237
AILarvaLD50= 80.6481101935846
AIKOW= 30790.565471451
AIKOC= 93189.8491915024
AIHalfLife= 11.6809139359277
EAppRate= 2.3725786083776
FoliarEnabled= true
FoliarAppDate= 09/01/1989
FoliarForageBegin= 09/01/1989
FoliarForageEnd= 09/08/1989
AIContactFactor= 1.57370523604564
CL4Pollen= 0.725369390100241
CL4Nectar= 61.9105698540807
CL5Pollen= 4.96027981303632
CL5Nectar= 141.963856690563
CLDPollen= 4.63303651800379
CLDNectar= 15.2498089475557
CA13Pollen= 4.73245970699936
CA13Nectar= 76.1915024183691
CA410Pollen= 4.82840185393579
CA410Nectar= 154.987509665079
CA1120Pollen= 2.77153897471726
CA1120Nectar= 65.8603430353105
IPollenTrips= 14.401997171808
INectarTrips= 6.66774259181693
IPollenLoad= 5.86718959268183
INectarLoad= 1.77472466602921
