ICQueenStrength= 1.37155234627426
RQWkrDrnRatio= 1.21293966285884
ICDroneMiteSurvivorship= 53.7677455926314
ICWorkerMiteSurvivorship= 55.2767843240872
ICForagerLifespan= 9.78896324150264
ImmType= Cosine
RQQueenStrength= 3.14000543486327
RQEnableReQueen=true
AIAdultSlope= 8.88228408060968
AIAdultLD50= 0.198057378664846
AIAdultSlopeContact= 4.05486148549244
AIAdultLD50Contact= 77.5338933154903
AILarvaSlope= 4.61282548680902
AILarvaLD50= 21.4573274170596
AIKOW= 12381.964766342
AIKOC= 4089.48903583759
AIHalfLife= 3.00656015335117
EAppRate= 7.92545020614332
FoliarEnabled=true
FoliarAppDate= 07/01/1989
FoliarForageBegin= 07/01/1989
FoliarForageEnd= 07/14/1989
AIContactFactor= 1.14328897189815
CL4Pollen= 1.25340245757252
CL4Nectar= 3.35181925911456
CL5Pollen= 1.29840216133744
CL5Nectar= 104.70227713231
CLDPollen= 3.06141647184268
CLDNectar= 125.547307671513
CA13Pollen= 6.8920217545703
CA13Nectar= 23.3620241656899
CA410Pollen= 5.47163532474078
CA410Nectar= 69.3005563272163
CA1120Pollen= 2.78761157928966
CA1120Nectar= 72.5293563678861
IPollenTrips= 10.3469395474531
INectarTrips= 14.0372082497925
IPollenLoad= 3.10803667642176
INectarLoad= 0.721812865231186
