ICQueenStrength= 3.51374612213112
RQWkrDrnRatio= 3.41898953728378
ICDroneMiteSurvivorship= 14.810173609294
ICWorkerMiteSurvivorship= 80.966459820047
ICForagerLifespan= 10.0710967108607
ImmType= Exponential
RQQueenStrength= 5.75394962006249
RQEnableReQueen= true
AIAdultSlope= 1.80861020460725
AIAdultLD50= 77.3294133143548
AIAdultSlopeContact= 4.14702866435982
AIAdultLD50Contact= 69.7587638311535
AILarvaSlope= 2.96301813237369
AILarvaLD50= 40.1206041514378
AIKOW= 81912.9209426097
AIKOC= 37100.8172692598
AIHalfLife= 7.59138469460886
EAppRate= 6.82815735747223
FoliarEnabled= true
FoliarAppDate= 06/07/1989
FoliarForageBegin= 06/05/1989
FoliarForageEnd= 06/28/1989
AIContactFactor= 0.530185376154259
CL4Pollen= 3.8286351878196
CL4Nectar= 66.7162280296907
CL5Pollen= 0.0223921160213649
CL5Nectar= 127.241929247975
CLDPollen= 1.56668794853613
CLDNectar= 121.833736239932
CA13Pollen= 4.4796714650467
CA13Nectar= 85.249699074775
CA410Pollen= 6.20254952183459
CA410Nectar= 92.3223583819345
CA1120Pollen= 2.39432780980133
CA1120Nectar= 85.4845677316189
IPollenTrips= 5.02016401616856
INectarTrips= 14.7022318700328
IPollenLoad= 2.97984162578359
INectarLoad= 1.45378014072776
ESoilP= 1.07794898981228
ESoilFoc= 0.00921129620051943
