ICQueenStrength= 4.37413479457609
RQWkrDrnRatio= 4.51506740227342
ICDroneMiteSurvivorship= 26.0380411753431
ICWorkerMiteSurvivorship= 6.78996122442186
ICForagerLifespan= 7.18510574009269
ImmType= Polynomial
RQQueenStrength= 1.56953293853439
RQEnableReQueen= true
AIAdultSlope= 7.78096683882177
AIAdultLD50= 14.600173181694
AIAdultSlopeContact= 9.21841319673695
AIAdultLD50Contact= 56.0166719109863
AILarvaSlope= 2.63456821814179
AILarvaLD50= 94.0893085125845
AIKOW= 42641.5721735125
AIKOC= 48747.1614998451
AIHalfLife= 18.7063968138304
EAppRate= 1.41305571499537
FoliarEnabled= true
FoliarAppDate= 06/07/1989
FoliarForageBegin= 06/05/1989
FoliarForageEnd= 06/28/1989
AIContactFactor= 0.590681057833135
CL4Pollen= 1.47386289387941
CL4Nectar= 7.5014689238742
CL5Pollen= 0.132339786272496
CL5Nectar= 61.8966346140951
CLDPollen= 2.44969763187692
CLDNectar= 146.605947590433
CA13Pollen= 7.25373148852959
CA13Nectar= 92.2634634189308
CA410Pollen= 7.52127530539874
CA410Nectar= 90.1099298521876
CA1120Pollen= 1.38339248718694
CA1120Nectar= 70.5322907492518
IPollenTrips= 12.4506497127004
INectarTrips= 9.64310298906639
IPollenLoad= 2.05277013126761
INectarLoad= 3.51142687257379
