ICQueenStrength= 2.77113944198936
RQWkrDrnRatio= 2.6243971735239
ICDroneMiteSurvivorship= 38.05459048599
ICWorkerMiteSurvivorship= 15.1973803760484
ICForagerLifespan= 4.11404006462544
ImmType= Tangent
RQQueenStrength= 2.46302058943547
RQEnableReQueen= true
AIAdultSlope= 1.74247531034052
AIAdultLD50= 80.3211098328114
AIAdultSlopeContact= 6.55139151564799
AIAdultLD50Contact= 15.7208101357892
AILarvaSlope= 3.05674686655402
AILarvaLD50= 6.1968202600677
AIKOW= 91528.4700781328
AIKOC= 30864.7218084154
AIHalfLife= 11.3170627714833
EAppRate= 4.23598990102159
FoliarEnabled= true
FoliarAppDate= 06/07/1989
FoliarForageBegin= 06/05/1989
FoliarForageEnd= 06/28/1989
AIContactFactor= 0.982842845101841
CL4Pollen= 1.91296271421015
CL4Nectar= 16.3769057719037
CL5Pollen= 5.8414851045236
CL5Nectar= 22.8406276088208
CLDPollen= 0.764006800018251
CLDNectar= 17.0002493541688
CA13Pollen= 5.8558263883926
CA13Nectar= 26.9206472299993
CA410Pollen= 9.29927185026463
CA410Nectar= 184.517387421802
CA1120Pollen= 2.61780599551275
CA1120Nectar= 56.9417694583535
IPollenTrips= 7.90522097377107
INectarTrips= 10.0713304802775
IPollenLoad= 4.26741200964898
INectarLoad= 0.792572700884193
ESoilP= 1.01770061184652
ESoilFoc= 0.00181382145173848
