ICQueenStrength= 3.74450931465253
RQWkrDrnRatio= 2.2338442960754
ICDroneMiteSurvivorship= 44.1804350353777
ICWorkerMiteSurvivorship= 4.78035900741816
ICForagerLifespan= 7.94510564394295
ImmType= Polynomial
RQQueenStrength= 2.22323049930856
RQEnableReQueen= true
AIAdultSlope= 2.20878195948899
AIAdultLD50= 7.87108325083135
AIAdultSlopeContact= 2.77575838100165
AIAdultLD50Contact= 14.6905718950271
AILarvaSlope= 3.3152674920857
AILarvaLD50= 91.2689745888198
AIKOW= 701.87662453938
AIKOC= 37491.9699566194
AIHalfLife= 0.673141882522032
EAppRate= 8.14814127907366
FoliarEnabled= true
FoliarAppDate= 06/07/1989
FoliarForageBegin= 06/05/1989
FoliarForageEnd= 06/28/1989
AIContactFactor= 2.28997375278268
CL4Pollen= 1.65989294368774
CL4Nectar= 78.5721906926483
CL5Pollen= 4.77186817210168
CL5Nectar= 16.8529849383049
CLDPollen= 5.21385276596993
CLDNectar= 5.16483813989908
CA13Pollen= 7.11948302416131
CA13Nectar= 50.3145604394376
CA410Pollen= 5.13529347979929
CA410Nectar= 114.588534799404
CA1120Pollen= 1.0464831716381
CA1120Nectar= 70.0454162247479
IPollenTrips= 5.32797081628814
INectarTrips= 11.9543154072016
IPollenLoad= 3.309079001192
INectarLoad= 5.58388503501192
