ICQueenStrength= 4.56804092531092
RQWkrDrnRatio= 1.48920263443142
ICDroneMiteSurvivorship= 11.5394580876455
ICWorkerMiteSurvivorship= 11.4420681027696
ICForagerLifespan= 11.3489431766793
ImmType= Exponential
RQQueenStrength= 2.98272996931337
RQEnableReQueen= true
AIAdultSlope= 5.10001095943153
AIAdultLD50= 0.386632665449753
AIAdultSlopeContact= 5.17759329848923
AIAdultLD50Contact= 18.7059214545887
AILarvaSlope= 4.62647155486047
AILarvaLD50= 86.1850776365797
AIKOW= 8156.02602592912
AIKOC= 44625.1927767051
AIHalfLife= 28.6033026881982
EAppRate= 4.93719414482475
FoliarEnabled= true
FoliarAppDate= 09/01/1989
FoliarForageBegin= 09/01/1989
FoliarForageEnd= 09/08/1989
AIContactFactor= 0.807898459676653
CL4Pollen= 1.54604949057102
CL4Nectar= 98.886947077699
CL5Pollen= 2.94621992809698
CL5Nectar= 52.2367545054294
CLDPollen= 1.15476141124964
CLDNectar= 6.015460845083
CA13Pollen= 3.73309022821486
CA13Nectar= 65.0067855231464
CA410Pollen= 5.04325459823012
CA410Nectar= 137.942273211665
CA1120Pollen= 2.87915447051637
CA1120Nectar= 87.2544774226844
IPollenTrips= 11.4545727451332
INectarTrips= 6.85189448995516
IPollenLoad= 9.92345035076141
INectarLoad= 5.39808929897845
