ICQueenStrength= 2.10396916628815
RQWkrDrnRatio= 2.07588365580887
ICDroneMiteSurvivorship= 87.7019765088335
ICWorkerMiteSurvivorship= 96.2650689529255
ICForagerLifespan= 11.0658903131261
ImmType= Polynomial
AIAdultSlope= 3.185177815184
AIAdultLD50= 0.0647282299119979
AIAdultSlopeContact= 2.57824261432048
AIAdultLD50Contact= 0.0387567906524055
AILarvaSlope= 1.68094618129544
AILarvaLD50= 0.627092148223892
AIKOW= 3.63684080541134
AIKOC= 25.7562692288775
AIHalfLife= 1.58492377179209
EAppRate= 4.42425340414047
FoliarEnabled= true
