ICQueenStrength= 2.62060621776618
RQWkrDrnRatio= 1.80077084992081
ICDroneMiteSurvivorship= 32.6163863530383
ICWorkerMiteSurvivorship= 74.5703224325553
ICForagerLifespan= 13.1543745007366
ImmType= Cosine
RQQueenStrength= 1.82365216803737
RQEnableReQueen= true
AIAdultSlope= 3.79796515777707
AIAdultLD50= 42.876957412933
AIAdultSlopeContact= 6.11125510418788
AIAdultLD50Contact= 17.9975701758552
AILarvaSlope= 3.70785003341734
AILarvaLD50= 23.6244572879246
AIKOW= 49368.0756413956
AIKOC= 64728.523724135
AIHalfLife= 26.6134795894613
EAppRate= 1.3733318811967
FoliarEnabled= true
FoliarAppDate= 06/07/1989
FoliarForageBegin= 06/05/1989
FoliarForageEnd= 06/28/1989
AIContactFactor= 0.891557984659448
CL4Pollen= 0.771931434981525
CL4Nectar= 38.623883924447
CL5Pollen= 1.73755010263994
CL5Nectar= 113.02861495642
CLDPollen= 5.9591981722042
CLDNectar= 92.9374595638365
CA13Pollen= 3.33661743933335
CA13Nectar= 69.2389693111181
CA410Pollen= 4.16879654931836
CA410Nectar= 158.164810668677
CA1120Pollen= 1.61245268792845
CA1120Nectar= 89.0400267206132
IPollenTrips= 14.4212145986967
INectarTrips= 14.8387664277107
IPollenLoad= 0.155800580978394
INectarLoad= 6.35367521084845
ESoilP= 1.31775861652568
ESoilFoc= 0.00594840468652546
