ICQueenStrength= 1.49727432080545
RQWkrDrnRatio= 4.64954558573663
ICDroneMiteSurvivorship= 40.1984546100721
ICWorkerMiteSurvivorship= 76.2896170141175
ICForagerLifespan= 12.9069317867979
ImmType= Cosine
RQQueenStrength= 4.9178466971498
RQEnableReQueen= true
AIAdultSlope= 6.34939327649772
AIAdultLD50= 32.8328371831507
AIAdultSlopeContact= 1.64267735043541
AIAdultLD50Contact= 40.0591012248173
AILarvaSlope= 5.13010051287711
AILarvaLD50= 51.7645182830472
AIKOW= 90435.6490838942
AIKOC= 54613.9094599613
AIHalfLife= 1.48397883025464
EAppRate= 9.51371340532554
FoliarEnabled= true
FoliarAppDate= 06/07/1989
FoliarForageBegin= 06/05/1989
FoliarForageEnd= 06/28/1989
AIContactFactor= 1.49082224998157
CL4Pollen= 0.821110692806542
CL4Nectar= 54.9016567645594
CL5Pollen= 1.75023726280779
CL5Nectar= 66.8509354116395
CLDPollen= 2.44745711842552
CLDNectar= 61.7340826196596
CA13Pollen= 6.86923048114404
CA13Nectar= 20.8842918090522
CA410Pollen= 8.3370230201399
CA410Nectar= 146.935703190975
CA1120Pollen= 2.13350592018105
CA1120Nectar= 68.4247483685613
IPollenTrips= 5.96373364794999
INectarTrips= 6.15664522629231
IPollenLoad= 4.87595088547096
INectarLoad= 4.4804238085635
ESoilP= 1.20434552640654
ESoilFoc= 0.00771662618778646
