ICQueenStrength= 1.32894054660574
RQWkrDrnRatio= 4.81844904273748
ICDroneMiteSurvivorship= 67.6460971822962
ICWorkerMiteSurvivorship= 66.1981906741858
ICForagerLifespan= 5.05422200262547
ImmType= Sine
AIAdultSlope= 2.8943880923395
AIAdultLD50= 0.166651718365029
AIAdultSlopeContact= 2.8423850542889
AIAdultLD50Contact= 0.0372159978374839
AILarvaSlope= 2.27748756478541
AILarvaLD50= 0.674035293445923
AIKOW= 4.02495588269085
AIKOC= 12.4054016149603
AIHalfLife= 2.11477725624572
EAppRate= 9.48279608506709
FoliarEnabled= true
