ICQueenStrength= 1.91269045136869
RQWkrDrnRatio= 3.32736066821963
ICDroneMiteSurvivorship= 86.3246557302773
ICWorkerMiteSurvivorship= 80.4601435782388
ICForagerLifespan= 13.2578319516033
ImmType= Exponential
RQQueenStrength= 2.3793967734091
RQEnableReQueen= true
AIAdultSlope= 4.12066804245114
AIAdultLD50= 64.0688370324511
AIAdultSlopeContact= 7.11692054476589
AIAdultLD50Contact= 45.0852686756609
AILarvaSlope= 1.83871664851904
AILarvaLD50= 89.7035170660813
AIKOW= 18550.4428069857
AIKOC= 87673.8093586524
AIHalfLife= 29.6404629594414
EAppRate= 1.11940571750933
FoliarEnabled= true
FoliarAppDate= 06/07/1989
FoliarForageBegin= 06/05/1989
FoliarForageEnd= 06/28/1989
AIContactFactor= 2.19092395158485
CL4Pollen= 3.97813645377755
CL4Nectar= 5.75269772671163
CL5Pollen= 4.79052029829472
CL5Nectar= 148.53679141961
CLDPollen= 3.12461709463969
CLDNectar= 14.9964988580905
CA13Pollen= 7.60983461914584
CA13Nectar= 98.8533464074135
CA410Pollen= 4.55237380589824
CA410Nectar= 118.078371407464
CA1120Pollen= 0.751408618642017
CA1120Nectar= 48.7598874978721
IPollenTrips= 7.06055948277935
INectarTrips= 8.32681034924462
IPollenLoad= 5.74362733401358
INectarLoad= 7.78080932563171
