ICQueenStrength= 2.27855256316252
RQWkrDrnRatio= 4.25247011333704
ICDroneMiteSurvivorship= 14.5423827692866
ICWorkerMiteSurvivorship= 83.7977879680693
ICForagerLifespan= 9.29749482218176
ImmType= Cosine
RQQueenStrength= 5.54584265360609
RQEnableReQueen= true
AIAdultSlope= 8.14108317904174
AIAdultLD50= 31.8739987022094
AIAdultSlopeContact= 5.24646415514871
AIAdultLD50Contact= 85.3578797496308
AILarvaSlope= 7.09299896843731
AILarvaLD50= 71.3329825437015
AIKOW= 27030.1398216559
AIKOC= 21378.2074428271
AIHalfLife= 22.6273200435564
EAppRate= 9.74852305355668
FoliarEnabled= true
FoliarAppDate= 06/07/1989
FoliarForageBegin= 06/05/1989
FoliarForageEnd= 06/28/1989
AIContactFactor= 1.62074151368812
CL4Pollen= 1.59704994875938
CL4Nectar= 20.9133747033775
CL5Pollen= 0.332628307398409
CL5Nectar= 97.4721889011562
CLDPollen= 4.8774854131043
CLDNectar= 115.577459579799
CA13Pollen= 6.04377967333421
CA13Nectar= 33.2710023969412
CA410Pollen= 3.62782836065162
CA410Nectar= 30.1955594308674
CA1120Pollen= 1.85589000675827
CA1120Nectar= 70.543272793293
IPollenTrips= 9.53772437293082
INectarTrips= 6.71611496247351
IPollenLoad= 5.30694167362526
INectarLoad= 6.81031104177237
