ICQueenStrength= 5.47939716977999
RQWkrDrnRatio= 3.06869123317301
ICDroneMiteSurvivorship= 11.5650894120336
ICWorkerMiteSurvivorship= 78.7325459998101
ICForagerLifespan= 15.4109299508855
ImmType= Logarithmic
RQQueenStrength= 1.79026471590623
RQEnableReQueen= true
AIAdultSlope= 4.71036838181317
AIAdultLD50= 14.1625044935446
AIAdultSlopeContact= 1.76482333638705
AIAdultLD50Contact= 1.72527702744608
AILarvaSlope= 4.57004088908434
AILarvaLD50= 75.9091227095686
AIKOW= 28344.9485142746
AIKOC= 7649.68289425177
AIHalfLife= 30.4152888785116
EAppRate= 2.71880611817259
FoliarEnabled= true
FoliarAppDate= 06/07/1989
FoliarForageBegin= 06/05/1989
FoliarForageEnd= 06/28/1989
AIContactFactor= 0.436021173861809
CL4Pollen= 2.17418716754764
CL4Nectar= 93.3273017173633
CL5Pollen= 5.49463291838765
CL5Nectar= 79.0940182283521
CLDPollen= 0.409244998823851
CLDNectar= 37.5152314547449
CA13Pollen= 6.17809480456635
CA13Nectar= 21.4459588564932
CA410Pollen= 7.57388026739936
CA410Nectar= 99.9378666793928
CA1120Pollen= 0.737652687588707
CA1120Nectar= 26.5531543456018
IPollenTrips= 11.3171327789314
INectarTrips= 9.92600006284192
IPollenLoad= 1.12447591731325
INectarLoad= 2.35080668469891
