ICQueenStrength= 2.22254055738449
RQWkrDrnRatio= 4.76160238869488
ICDroneMiteSurvivorship= 4.4394755968824
ICWorkerMiteSurvivorship= 57.90756912902
ICForagerLifespan= 13.1649916982278
ImmType= Sine
RQQueenStrength= 4.60516265965998
RQEnableReQueen=true
AIAdultSlope= 2.04442494921386
AIAdultLD50= 0.847934010258177
AIAdultSlopeContact= 4.14806540939026
AIAdultLD50Contact= 16.8708889521279
AILarvaSlope= 6.28770665824413
AILarvaLD50= 75.4368867232073
AIKOW= 63394.2277222083
AIKOC= 37512.5203150453
AIHalfLife= 12.6614193097223
EAppRate= 3.64828948437353
FoliarEnabled=true
FoliarAppDate= 07/01/1989
FoliarForageBegin= 07/01/1989
FoliarForageEnd= 07/14/1989
AIContactFactor= 1.30189758155029
CL4Pollen= 1.87590290233493
CL4Nectar= 39.479698590003
CL5Pollen= 1.07763233408332
CL5Nectar= 2.59784285444766
CLDPollen= 4.54104638658464
CLDNectar= 29.6919140615501
CA13Pollen= 5.93728470318019
CA13Nectar= 94.3120934069157
CA410Pollen= 7.02044099180493
CA410Nectar= 54.3274852167815
CA1120Pollen= 0.780468127224594
CA1120Nectar= 37.2237716428936
IPollenTrips= 7.1821286692284
INectarTrips= 6.51065059471875
IPollenLoad= 0.477926719468087
INectarLoad= 0.235493732616305
