ICQueenStrength= 2.22395436512306
RQWkrDrnRatio= 3.82017975673079
ICDroneMiteSurvivorship= 35.4781721252948
ICWorkerMiteSurvivorship= 16.4116552332416
ICForagerLifespan= 13.9664805755019
ImmType= Exponential
RQQueenStrength= 3.66737433616072
RQEnableReQueen= true
AIAdultSlope= 8.32973365671933
AIAdultLD50= 23.15757432721
AIAdultSlopeContact= 5.53694912861101
AIAdultLD50Contact= 55.744238847279
AILarvaSlope= 1.06209459155798
AILarvaLD50= 41.628593219887
AIKOW= 547.088406678417
AIKOC= 99047.7520039186
AIHalfLife= 1.8745873418171
EAppRate= 9.86382924503251
FoliarEnabled= true
FoliarAppDate= 06/07/1989
FoliarForageBegin= 06/05/1989
FoliarForageEnd= 06/28/1989
AIContactFactor= 1.80656067667063
CL4Pollen= 0.722507766447961
CL4Nectar= 53.7113691214472
CL5Pollen= 5.01533907232806
CL5Nectar= 127.773983543739
CLDPollen= 0.601976686622947
CLDNectar= 79.4277888606302
CA13Pollen= 5.14012406188995
CA13Nectar= 50.8612194471061
CA410Pollen= 8.10983667981345
CA410Nectar= 195.83811245393
CA1120Pollen= 2.70228301989846
CA1120Nectar= 86.5132246352732
IPollenTrips= 10.7759837037884
INectarTrips= 13.878594476264
IPollenLoad= 2.38492048811167
INectarLoad= 5.04795436747372
ESoilP= 1.50188371981494
ESoilFoc= 0.01429260598775
