ICQueenStrength= 5.69839903642423
RQWkrDrnRatio= 3.47192540671676
ICDroneMiteSurvivorship= 16.0490377806127
ICWorkerMiteSurvivorship= 35.739185125567
ICForagerLifespan= 10.1341065363958
ImmType= Cosine
RQQueenStrength= 1.28013559640385
RQEnableReQueen= true
AIAdultSlope= 7.44158150814474
AIAdultLD50= 48.3715361095532
AIAdultSlopeContact= 4.90333904861473
AIAdultLD50Contact= 47.1701986262067
AILarvaSlope= 8.22458006255329
AILarvaLD50= 70.6350115894482
AIKOW= 72904.7777450901
AIKOC= 31494.339584637
AIHalfLife= 31.1638446484227
EAppRate= 6.27955776117323
FoliarEnabled= true
FoliarAppDate= 06/07/1989
FoliarForageBegin= 06/05/1989
FoliarForageEnd= 06/28/1989
AIContactFactor= 0.922060252758674
CL4Pollen= 3.08181199990213
CL4Nectar= 86.2334244884551
CL5Pollen= 5.26340810162947
CL5Nectar= 97.9133123997599
CLDPollen= 1.75436756433919
CLDNectar= 68.9175904495642
CA13Pollen= 4.63272688332945
CA13Nectar= 93.7702922150493
CA410Pollen= 2.33506957846694
CA410Nectar= 53.533637681976
CA1120Pollen= 0.380255862604827
CA1120Nectar= 67.0817024633288
IPollenTrips= 8.27576272888109
INectarTrips= 6.15415211999789
IPollenLoad= 5.99922188092023
INectarLoad= 0.753482582513243
