ICQueenStrength= 3.0374888391234
RQWkrDrnRatio= 2.867197281681
ICDroneMiteSurvivorship= 84.544785739854
ICWorkerMiteSurvivorship= 18.2988098124042
ICForagerLifespan= 12.8408336322755
ImmType= Tangent
AIAdultSlope= 2.40886361339595
AIAdultLD50= 0.056642243033275
AIAdultSlopeContact= 3.07488653418375
AIAdultLD50Contact= 0.0324291690136306
AILarvaSlope= 3.08560306224972
AILarvaLD50= 0.0972797948867083
AIKOW= 4.94747465196997
AIKOC= 22.9510961985216
AIHalfLife= 1.97691424759105
EAppRate= 7.5885706837289
FoliarEnabled= true
