ICQueenStrength= 3.29026036919095
RQWkrDrnRatio= 2.03941326774657
ICDroneMiteSurvivorship= 77.7332235593349
ICWorkerMiteSurvivorship= 42.3956412589177
ICForagerLifespan= 5.11376252770424
ImmType= Cosine
RQQueenStrength= 4.31543530221097
RQEnableReQueen= true
AIAdultSlope= 6.91133782826364
AIAdultLD50= 0.548678600462619
AIAdultSlopeContact= 3.03626051568426
AIAdultLD50Contact= 68.9655122660166
AILarvaSlope= 7.47094976715744
AILarvaLD50= 10.1229457018643
AIKOW= 19076.5337684116
AIKOC= 68268.5393070541
AIHalfLife= 34.3608632019721
EAppRate= 4.09197352868994
FoliarEnabled= true
FoliarAppDate= 09/01/1989
FoliarForageBegin= 09/01/1989
FoliarForageEnd= 09/08/1989
AIContactFactor= 1.98812896410003
CL4Pollen= 3.65473825391382
CL4Nectar= 76.8566465005279
CL5Pollen= 1.13920990331098
CL5Nectar= 91.2562195211649
CLDPollen= 0.389346461277455
CLDNectar= 123.804417438805
CA13Pollen= 4.04299078304321
CA13Nectar= 36.4427407644689
CA410Pollen= 4.91022033304907
CA410Nectar= 75.4103663610294
CA1120Pollen= 2.83650971227325
CA1120Nectar= 78.4920542500913
IPollenTrips= 9.71893285401165
INectarTrips= 9.54689389327541
IPollenLoad= 1.8454014416784
INectarLoad= 2.65553822740912
