ICQueenStrength= 5.63329113088548
RQWkrDrnRatio= 4.26086993701756
ICDroneMiteSurvivorship= 86.210650485009
ICWorkerMiteSurvivorship= 20.7638915395364
ICForagerLifespan= 14.6333796521649
ImmType= Sine
RQQueenStrength= 5.99808693886735
RQEnableReQueen= true
AIAdultSlope= 7.58917332626879
AIAdultLD50= 62.9796801196719
AIAdultSlopeContact= 7.47429770091549
AIAdultLD50Contact= 40.0919888762794
AILarvaSlope= 7.82867675274611
AILarvaLD50= 38.9518696403722
AIKOW= 83753.9912847821
AIKOC= 61317.5931650533
AIHalfLife= 16.0334207344102
EAppRate= 8.99953526195767
FoliarEnabled= true
FoliarAppDate= 06/07/1989
FoliarForageBegin= 06/05/1989
FoliarForageEnd= 06/28/1989
AIContactFactor= 0.283177350070328
CL4Pollen= 3.67379948310554
CL4Nectar= 3.93650094047189
CL5Pollen= 3.21024904958904
CL5Nectar= 123.199357534759
CLDPollen= 5.8448001598008
CLDNectar= 146.402583899908
CA13Pollen= 4.62781186662614
CA13Nectar= 54.0829647704959
CA410Pollen= 6.10220310222357
CA410Nectar= 190.627729999833
CA1120Pollen= 1.37257849797606
CA1120Nectar= 84.9181643128395
IPollenTrips= 10.4041521181352
INectarTrips= 9.26466098753735
IPollenLoad= 1.28523347666487
INectarLoad= 9.28309675306082
