ICQueenStrength= 1.79744902905077
RQWkrDrnRatio= 3.94005889259279
ICDroneMiteSurvivorship= 54.1986915748566
ICWorkerMiteSurvivorship= 16.7652475414798
ICForagerLifespan= 7.64072985574603
ImmType= Exponential
AIAdultSlope= 1.71563998465659
AIAdultLD50= 0.169506960501894
AIAdultSlopeContact= 0.181804187195376
AIAdultLD50Contact= 0.0340827204869129
AILarvaSlope= 1.60082089807838
AILarvaLD50= 0.127850481262431
AIKOW= 4.78636007662863
AIKOC= 28.4646349796094
AIHalfLife= 0.977746140374802
EAppRate= 9.33561568614095
FoliarEnabled= true
