ICQueenStrength= 3.83561507239938
RQWkrDrnRatio= 1.16555631812662
ICDroneMiteSurvivorship= 22.2666657529771
ICWorkerMiteSurvivorship= 74.6329501038417
ICForagerLifespan= 13.562494029291
ImmType= Sine
RQQueenStrength= 1.40060461149551
RQEnableReQueen= true
AIAdultSlope= 8.97348533757031
AIAdultLD50= 46.9405027597311
AIAdultSlopeContact= 2.47611755295657
AIAdultLD50Contact= 90.4043640553828
AILarvaSlope= 2.11908412352204
AILarvaLD50= 28.3032802123253
AIKOW= 41972.9350885463
AIKOC= 20829.1570180603
AIHalfLife= 25.2768638976617
EAppRate= 2.34893615952251
FoliarEnabled= true
FoliarAppDate= 06/07/1989
FoliarForageBegin= 06/05/1989
FoliarForageEnd= 06/28/1989
AIContactFactor= 0.804753799652681
CL4Pollen= 1.86920394096524
CL4Nectar= 48.785376152955
CL5Pollen= 1.89068030426279
CL5Nectar= 37.1286687324755
CLDPollen= 3.87704999512061
CLDNectar= 72.2964513232
CA13Pollen= 2.33665463216603
CA13Nectar= 92.359726447612
CA410Pollen= 2.52533452368807
CA410Nectar= 99.9967117467895
CA1120Pollen= 2.49350939900614
CA1120Nectar= 92.0532974228263
IPollenTrips= 12.2892409563065
INectarTrips= 14.1742243524641
IPollenLoad= 1.28138578264043
INectarLoad= 8.41856798855588
