ICQueenStrength= 2.60591681208462
RQWkrDrnRatio= 3.07864037062973
ICDroneMiteSurvivorship= 56.4292101655155
ICWorkerMiteSurvivorship= 56.3161741942167
ICForagerLifespan= 15.2059175288305
ImmType= Sine
RQQueenStrength= 4.08688182104379
RQEnableReQueen=true
AIAdultSlope= 4.32975250855088
AIAdultLD50= 0.0340773116601631
AIAdultSlopeContact= 9.97061372012831
AIAdultLD50Contact= 20.4372327609465
AILarvaSlope= 3.85271246358752
AILarvaLD50= 46.7014477304837
AIKOW= 50046.30085429
AIKOC= 13178.5964798594
AIHalfLife= 25.3654537652619
EAppRate= 9.71867596261157
FoliarEnabled=true
FoliarAppDate= 07/01/1989
FoliarForageBegin= 07/01/1989
FoliarForageEnd= 07/14/1989
AIContactFactor= 0.957468307167292
CL4Pollen= 3.95870823320001
CL4Nectar= 87.7807981101796
CL5Pollen= 0.677873608656228
CL5Nectar= 86.8016950087622
CLDPollen= 3.35957572236657
CLDNectar= 57.7410133788362
CA13Pollen= 7.94346523592248
CA13Nectar= 76.4715970680118
CA410Pollen= 2.32214688239619
CA410Nectar= 130.081077250652
CA1120Pollen= 0.559240084374323
CA1120Nectar= 20.2712848037481
IPollenTrips= 8.56256976956502
INectarTrips= 10.0601214729249
IPollenLoad= 7.95923738507554
INectarLoad= 5.87106691207737
