ICQueenStrength= 2.93832726497203
RQWkrDrnRatio= 2.2870961651206
ICDroneMiteSurvivorship= 3.5952412057668
ICWorkerMiteSurvivorship= 95.7193311071023
ICForagerLifespan= 6.503702593036
ImmType= Exponential
RQQueenStrength= 3.60739546082914
RQEnableReQueen=true
AIAdultSlope= 5.55669949389994
AIAdultLD50= 0.571741636810126
AIAdultSlopeContact= 9.97818755963817
AIAdultLD50Contact= 63.5702395024584
AILarvaSlope= 7.02593180350959
AILarvaLD50= 17.4588624505128
AIKOW= 63041.6717784206
AIKOC= 21497.7945847823
AIHalfLife= 34.5957848052261
EAppRate= 5.82090905993246
FoliarEnabled=true
FoliarAppDate= 07/01/1989
FoliarForageBegin= 07/01/1989
FoliarForageEnd= 07/14/1989
AIContactFactor= 1.52117106720339
CL4Pollen= 2.55315219890326
CL4Nectar= 72.702994896099
CL5Pollen= 4.39651303505525
CL5Nectar= 110.175132576842
CLDPollen= 0.652647716458887
CLDNectar= 13.6302378843538
CA13Pollen= 6.48700509900227
CA13Nectar= 50.1585779711604
CA410Pollen= 7.21828277434688
CA410Nectar= 164.997959206812
CA1120Pollen= 1.27359138289467
CA1120Nectar= 40.9397919662297
IPollenTrips= 5.69066542666405
INectarTrips= 10.90201420011
IPollenLoad= 1.72323463717476
INectarLoad= 7.84066527616233
