ICQueenStrength= 1.17918442375958
RQWkrDrnRatio= 3.75213254615664
ICDroneMiteSurvivorship= 70.4326570034027
ICWorkerMiteSurvivorship= 86.6579935885966
ICForagerLifespan= 8.70606341492385
ImmType= Exponential
RQQueenStrength= 3.91116095497273
RQEnableReQueen= true
AIAdultSlope= 8.18786159716547
AIAdultLD50= 10.6106154348762
AIAdultSlopeContact= 8.25298522273079
AIAdultLD50Contact= 46.3614621154726
AILarvaSlope= 8.83408736623824
AILarvaLD50= 50.6532182566198
AIKOW= 73568.4360732025
AIKOC= 54925.8735585839
AIHalfLife= 29.3352271204116
EAppRate= 4.00650696435524
FoliarEnabled= true
FoliarAppDate= 06/07/1989
FoliarForageBegin= 06/05/1989
FoliarForageEnd= 06/28/1989
AIContactFactor= 0.739739639237523
CL4Pollen= 2.53709107730538
CL4Nectar= 82.8077613376081
CL5Pollen= 1.9231491163373
CL5Nectar= 55.1240830449387
CLDPollen= 2.20835105516016
CLDNectar= 118.536967795808
CA13Pollen= 5.31716264346614
CA13Nectar= 99.9435503780842
CA410Pollen= 2.30550685864873
CA410Nectar= 69.4261736050248
CA1120Pollen= 0.39385889028199
CA1120Nectar= 72.4891413934529
IPollenTrips= 11.5844823443331
INectarTrips= 13.8025203091092
IPollenLoad= 9.31189849972725
INectarLoad= 1.37545353733003
