ICQueenStrength= 4.490648470819
RQWkrDrnRatio= 3.49613355286419
ICDroneMiteSurvivorship= 27.8319895965979
ICWorkerMiteSurvivorship= 32.2170899249613
ICForagerLifespan= 9.79371693171561
ImmType= Cosine
RQQueenStrength= 1.54519339837134
RQEnableReQueen=true
AIAdultSlope= 4.13841771520674
AIAdultLD50= 0.462199713752605
AIAdultSlopeContact= 6.75869482359849
AIAdultLD50Contact= 54.9566247075759
AILarvaSlope= 2.49559128470719
AILarvaLD50= 59.4401320327271
AIKOW= 13426.8508485724
AIKOC= 67309.3444590934
AIHalfLife= 24.7607945619151
EAppRate= 5.08194770864793
FoliarEnabled=true
FoliarAppDate= 07/01/1989
FoliarForageBegin= 07/01/1989
FoliarForageEnd= 07/14/1989
AIContactFactor= 2.39639999682549
CL4Pollen= 2.37318321317434
CL4Nectar= 40.7455948879942
CL5Pollen= 1.04244664264843
CL5Nectar= 65.3354388079606
CLDPollen= 0.379548531956971
CLDNectar= 12.7453518798575
CA13Pollen= 4.82258599651977
CA13Nectar= 37.7446791529655
CA410Pollen= 6.97157304808497
CA410Nectar= 155.065688681789
CA1120Pollen= 0.249034183798358
CA1120Nectar= 55.9350313618779
IPollenTrips= 12.0909494464286
INectarTrips= 10.3586604143493
IPollenLoad= 5.07561657810584
INectarLoad= 2.76971001876518
