ICQueenStrength= 1.76637692283839
RQWkrDrnRatio= 2.44129584357142
ICDroneMiteSurvivorship= 52.0709350006655
ICWorkerMiteSurvivorship= 47.9799249209464
ICForagerLifespan= 13.2297979304567
ImmType= Polynomial
RQQueenStrength= 3.40454037324525
RQEnableReQueen= true
AIAdultSlope= 4.19243112951517
AIAdultLD50= 0.437249129405478
AIAdultSlopeContact= 7.31877155252732
AIAdultLD50Contact= 26.8950184961888
AILarvaSlope= 3.29687231406569
AILarvaLD50= 85.2620287559403
AIKOW= 70664.5384196858
AIKOC= 89171.7978688867
AIHalfLife= 16.1878522976302
EAppRate= 5.26690474065021
FoliarEnabled= true
FoliarAppDate= 09/01/1989
FoliarForageBegin= 09/01/1989
FoliarForageEnd= 09/08/1989
AIContactFactor= 1.64511143579613
CL4Pollen= 1.49884841684252
CL4Nectar= 73.1063939863816
CL5Pollen= 4.90589767182246
CL5Nectar= 82.5408859178424
CLDPollen= 3.1381221706979
CLDNectar= 37.952186842449
CA13Pollen= 6.89958582567051
CA13Nectar= 46.4019040390849
CA410Pollen= 6.50160013504792
CA410Nectar= 138.726867712103
CA1120Pollen= 1.81238566758111
CA1120Nectar= 82.7163176983595
IPollenTrips= 9.14148519281298
INectarTrips= 10.1902193855494
IPollenLoad= 6.41985331661999
INectarLoad= 4.0106225409545
