ICQueenStrength= 2.85689093428664
RQWkrDrnRatio= 3.59808657784015
ICDroneMiteSurvivorship= 48.1303449720144
ICWorkerMiteSurvivorship= 26.5686521306634
ICForagerLifespan= 15.6685251835734
ImmType= Exponential
RQQueenStrength= 3.44429235113785
RQEnableReQueen= true
AIAdultSlope= 3.22050133533776
AIAdultLD50= 88.330706836967
AIAdultSlopeContact= 3.38004525494762
AIAdultLD50Contact= 28.8768239896039
AILarvaSlope= 7.33441983163357
AILarvaLD50= 41.749044457569
AIKOW= 96232.2350168235
AIKOC= 86081.4417720544
AIHalfLife= 3.40212343004532
EAppRate= 9.78884993291763
FoliarEnabled= true
FoliarAppDate= 06/07/1989
FoliarForageBegin= 06/05/1989
FoliarForageEnd= 06/28/1989
AIContactFactor= 1.41557979822624
CL4Pollen= 0.631519016809762
CL4Nectar= 71.2220437591895
CL5Pollen= 1.75819420209154
CL5Nectar= 149.278260127176
CLDPollen= 0.455884024500847
CLDNectar= 94.4856054615229
CA13Pollen= 4.66578659722581
CA13Nectar= 37.7511204965413
CA410Pollen= 6.90553829534911
CA410Nectar= 93.7613596208394
CA1120Pollen= 0.545979514019564
CA1120Nectar= 68.1880404613912
IPollenTrips= 13.2514167064801
INectarTrips= 12.4617802700959
IPollenLoad= 4.70078753307462
INectarLoad= 7.76031718822196
ESoilP= 1.73869993560947
ESoilFoc= 0.0133308996637352
