ICQueenStrength= 3.16177251422778
RQWkrDrnRatio= 3.27160208206624
ICDroneMiteSurvivorship= 49.2032106267288
ICWorkerMiteSurvivorship= 90.8154205884784
ICForagerLifespan= 6.11828012671322
ImmType= Cosine
RQQueenStrength= 3.09912078571506
RQEnableReQueen= true
AIAdultSlope= 6.69092777743936
AIAdultLD50= 9.81189328907616
AIAdultSlopeContact= 5.37455369206145
AIAdultLD50Contact= 26.5119209002068
AILarvaSlope= 8.93380701541901
AILarvaLD50= 40.2591133669955
AIKOW= 67650.7283220784
AIKOC= 72588.8460436536
AIHalfLife= 3.35501965866424
EAppRate= 9.62306944109337
FoliarEnabled= true
FoliarAppDate= 06/07/1989
FoliarForageBegin= 06/05/1989
FoliarForageEnd= 06/28/1989
AIContactFactor= 1.07732951122802
CL4Pollen= 0.406158152967691
CL4Nectar= 13.4080682648346
CL5Pollen= 3.98860599054024
CL5Nectar= 10.4605952161364
CLDPollen= 2.84492104640231
CLDNectar= 36.2678402569145
CA13Pollen= 5.82001503678039
CA13Nectar= 24.5606478303671
CA410Pollen= 8.88288870307151
CA410Nectar= 77.4060013657436
CA1120Pollen= 2.83184778923169
CA1120Nectar= 73.3068428561091
IPollenTrips= 10.7549035199918
INectarTrips= 12.6020613289438
IPollenLoad= 2.31785408686846
INectarLoad= 4.34082534397021
