ICQueenStrength= 4.73555578757077
RQWkrDrnRatio= 3.53910311311483
ICDroneMiteSurvivorship= 15.5575494281948
ICWorkerMiteSurvivorship= 17.5490093184635
ICForagerLifespan= 13.3664994034916
ImmType= Logarithmic
RQQueenStrength= 3.51543117687106
RQEnableReQueen= true
AIAdultSlope= 3.37603617273271
AIAdultLD50= 18.4394010426668
AIAdultSlopeContact= 4.86460349336267
AIAdultLD50Contact= 13.6594104201461
AILarvaSlope= 7.34324544109404
AILarvaLD50= 62.6418801804711
AIKOW= 2716.65374349878
AIKOC= 15616.0359503473
AIHalfLife= 27.577369730873
EAppRate= 9.01442452887446
FoliarEnabled= true
FoliarAppDate= 06/07/1989
FoliarForageBegin= 06/05/1989
FoliarForageEnd= 06/28/1989
AIContactFactor= 1.29882980914786
CL4Pollen= 3.33563226368278
CL4Nectar= 84.5906396396458
CL5Pollen= 5.79266637191176
CL5Nectar= 42.3144730157219
CLDPollen= 4.44302701251581
CLDNectar= 74.4546080008149
CA13Pollen= 2.92261768160388
CA13Nectar= 40.4933832213283
CA410Pollen= 3.13949052356184
CA410Nectar= 120.30345665291
CA1120Pollen= 2.12417363631539
CA1120Nectar= 47.9848445393145
IPollenTrips= 8.79690587986261
INectarTrips= 10.3189074341208
IPollenLoad= 8.4937605378218
INectarLoad= 1.87981686322019
ESoilP= 1.28391911252402
ESoilFoc= 0.0159828608885873
