ICQueenStrength= 2.20452906005085
RQWkrDrnRatio= 4.73907531797886
ICDroneMiteSurvivorship= 55.4814170813188
ICWorkerMiteSurvivorship= 15.5356456991285
ICForagerLifespan= 4.74723643064499
ImmType= Polynomial
RQQueenStrength= 5.56421164330095
RQEnableReQueen= true
AIAdultSlope= 2.62941671162844
AIAdultLD50= 1.13421978787286
AIAdultSlopeContact= 4.35660144174471
AIAdultLD50Contact= 41.3440509650439
AILarvaSlope= 7.1918146815151
AILarvaLD50= 89.9366214925279
AIKOW= 2693.58986820772
AIKOC= 95943.77801175
AIHalfLife= 9.72904811431654
EAppRate= 3.55701118460321
FoliarEnabled= true
FoliarAppDate= 06/07/1989
FoliarForageBegin= 06/05/1989
FoliarForageEnd= 06/28/1989
AIContactFactor= 1.67324427586049
CL4Pollen= 0.509799002669752
CL4Nectar= 17.1092053642496
CL5Pollen= 4.43804415129125
CL5Nectar= 42.0089233433828
CLDPollen= 2.77873205021024
CLDNectar= 40.5258252751082
CA13Pollen= 2.92085000388324
CA13Nectar= 50.5167306773365
CA410Pollen= 6.69426716398448
CA410Nectar= 45.8035823376849
CA1120Pollen= 2.01537970849313
CA1120Nectar= 33.0842593312263
IPollenTrips= 5.88473216863349
INectarTrips= 14.8552618338726
IPollenLoad= 3.67000377271324
INectarLoad= 7.345364773646
ESoilP= 1.56316854548641
ESoilFoc= 0.00963369192043319
