ICQueenStrength= 2.04668361041695
RQWkrDrnRatio= 4.71524723805487
ICDroneMiteSurvivorship= 67.2472593840212
ICWorkerMiteSurvivorship= 2.39684926345944
ICForagerLifespan= 15.4719833172858
ImmType= Exponential
RQQueenStrength= 3.90993415750563
RQEnableReQueen=true
AIAdultSlope= 6.02550902590156
AIAdultLD50= 0.292960758360568
AIAdultSlopeContact= 4.39664348843507
AIAdultLD50Contact= 0.59055845385883
AILarvaSlope= 3.18136288039386
AILarvaLD50= 64.0999108116396
AIKOW= 98832.3864763338
AIKOC= 73316.5086616499
AIHalfLife= 14.9727979367832
EAppRate= 8.96840201278054
FoliarEnabled=true
FoliarAppDate= 07/01/1989
FoliarForageBegin= 07/01/1989
FoliarForageEnd= 07/14/1989
AIContactFactor= 1.7222850427404
CL4Pollen= 0.739378383383155
CL4Nectar= 51.7924007028341
CL5Pollen= 5.79913425631821
CL5Nectar= 7.02525707893074
CLDPollen= 5.88823004951701
CLDNectar= 26.7374771414325
CA13Pollen= 7.99776065377518
CA13Nectar= 46.5446414612234
CA410Pollen= 8.22205052529462
CA410Nectar= 120.319337048568
CA1120Pollen= 2.07047632103786
CA1120Nectar= 35.2432049438357
IPollenTrips= 13.8049139315262
INectarTrips= 12.0819588657469
IPollenLoad= 9.55926107009873
INectarLoad= 9.23639354063198
