ICQueenStrength= 3.6092790812254
RQWkrDrnRatio= 3.82064850069582
ICDroneMiteSurvivorship= 59.3796218279749
ICWorkerMiteSurvivorship= 0.948597560636699
ICForagerLifespan= 12.6719629149884
ImmType= Sine
RQQueenStrength= 5.60393505520187
RQEnableReQueen= true
AIAdultSlope= 3.95351132750511
AIAdultLD50= 68.7322172695938
AIAdultSlopeContact= 5.77303889906034
AIAdultLD50Contact= 81.1426026111352
AILarvaSlope= 6.27952157333493
AILarvaLD50= 29.2040335000528
AIKOW= 63438.6766708853
AIKOC= 36031.7584924696
AIHalfLife= 31.8519067110494
EAppRate= 2.08894396957569
FoliarEnabled= true
FoliarAppDate= 06/07/1989
FoliarForageBegin= 06/05/1989
FoliarForageEnd= 06/28/1989
AIContactFactor= 0.675501284305938
CL4Pollen= 0.397014866583049
CL4Nectar= 16.3662638282403
CL5Pollen= 0.890692329034209
CL5Nectar= 90.0374993216246
CLDPollen= 1.08904401306063
CLDNectar= 38.1071261828765
CA13Pollen= 7.3142022148706
CA13Nectar= 78.7597010098398
CA410Pollen= 4.76279427767731
CA410Nectar= 136.934486650862
CA1120Pollen= 2.73713246360421
CA1120Nectar= 37.9568036645651
IPollenTrips= 8.91940751578659
INectarTrips= 13.0409620632418
IPollenLoad= 1.83030646992847
INectarLoad= 6.19966628728434
