ICQueenStrength= 2.5384651417844
RQWkrDrnRatio= 3.65726355463266
ICDroneMiteSurvivorship= 74.4592747651041
ICWorkerMiteSurvivorship= 5.12241965625435
ICForagerLifespan= 12.4616970401257
ImmType= Exponential
RQQueenStrength= 2.34880209807307
RQEnableReQueen= true
AIAdultSlope= 3.75287313945591
AIAdultLD50= 87.1453667077741
AIAdultSlopeContact= 2.8639869496692
AIAdultLD50Contact= 41.575632438197
AILarvaSlope= 3.83336834795773
AILarvaLD50= 65.8298513412909
AIKOW= 23608.6586280341
AIKOC= 30479.5555095687
AIHalfLife= 7.16602233590092
EAppRate= 2.07339334583702
FoliarEnabled= true
FoliarAppDate= 06/07/1989
FoliarForageBegin= 06/05/1989
FoliarForageEnd= 06/28/1989
AIContactFactor= 0.718177011432126
CL4Pollen= 0.672986941412091
CL4Nectar= 98.3833495760337
CL5Pollen= 0.897309421095997
CL5Nectar= 106.40110768145
CLDPollen= 1.48891203012317
CLDNectar= 9.97737039579079
CA13Pollen= 4.71119443168864
CA13Nectar= 21.8688528425992
CA410Pollen= 8.10884777468164
CA410Nectar= 99.7271409397945
CA1120Pollen= 2.82668420579284
CA1120Nectar= 24.2594236508012
IPollenTrips= 8.54395795846358
INectarTrips= 9.72467074403539
IPollenLoad= 7.49341496732086
INectarLoad= 6.32011233596131
ESoilP= 1.30233566369861
ESoilFoc= 0.00143178390595131
