ICQueenStrength= 5.58773923688568
RQWkrDrnRatio= 4.3832259690389
ICDroneMiteSurvivorship= 54.1086705867201
ICWorkerMiteSurvivorship= 64.7745304508135
ICForagerLifespan= 4.18210875988007
ImmType= Cosine
RQQueenStrength= 1.65031925798394
RQEnableReQueen= true
AIAdultSlope= 6.73128936998546
AIAdultLD50= 17.5096200011375
AIAdultSlopeContact= 8.6076859512832
AIAdultLD50Contact= 42.1601436398358
AILarvaSlope= 1.60324833542109
AILarvaLD50= 43.519877834952
AIKOW= 98600.2639171626
AIKOC= 74763.433708136
AIHalfLife= 6.94098592617083
EAppRate= 8.86899723451817
FoliarEnabled= true
FoliarAppDate= 06/07/1989
FoliarForageBegin= 06/05/1989
FoliarForageEnd= 06/28/1989
AIContactFactor= 1.8986168617662
CL4Pollen= 3.52912713680416
CL4Nectar= 96.9931434141472
CL5Pollen= 1.11328275175765
CL5Nectar= 135.232377599459
CLDPollen= 2.91973151313141
CLDNectar= 75.2599278115667
CA13Pollen= 4.83036119518801
CA13Nectar= 41.0980682633817
CA410Pollen= 9.07388854038436
CA410Nectar= 45.7302478933707
CA1120Pollen= 1.7528574639
CA1120Nectar= 79.0806570835412
IPollenTrips= 7.65795456245542
INectarTrips= 9.57796303555369
IPollenLoad= 4.53847407363355
INectarLoad= 3.56748304562643
