ICQueenStrength= 1.69558601593599
RQWkrDrnRatio= 4.42447045911103
ICDroneMiteSurvivorship= 39.6030264673755
ICWorkerMiteSurvivorship= 32.1226507658139
ICForagerLifespan= 14.6648518349975
ImmType= Tangent
RQQueenStrength= 3.33987419516779
RQEnableReQueen= true
AIAdultSlope= 4.24313181638718
AIAdultLD50= 0.640555857955711
AIAdultSlopeContact= 8.32741812802851
AIAdultLD50Contact= 78.1977215805305
AILarvaSlope= 4.5453268121928
AILarvaLD50= 27.1584719305611
AIKOW= 65332.7837329026
AIKOC= 95462.6683096543
AIHalfLife= 15.3862824471202
EAppRate= 2.55251427662116
FoliarEnabled= true
FoliarAppDate= 09/01/1989
FoliarForageBegin= 09/01/1989
FoliarForageEnd= 09/08/1989
AIContactFactor= 0.47982181861531
CL4Pollen= 2.0723986113444
CL4Nectar= 24.8059345874935
CL5Pollen= 5.30603497568518
CL5Nectar= 42.7195669035427
CLDPollen= 0.342575191520154
CLDNectar= 74.6019687037915
CA13Pollen= 2.84790718443692
CA13Nectar= 57.1206111460924
CA410Pollen= 6.34449455100112
CA410Nectar= 159.476011227816
CA1120Pollen= 1.46240402385592
CA1120Nectar= 33.8308131136
IPollenTrips= 13.3718563523144
INectarTrips= 10.3288296889514
IPollenLoad= 0.245338971726596
INectarLoad= 4.06010771170259
