ICQueenStrength= 3.82431987347081
RQWkrDrnRatio= 1.22617807425559
ICDroneMiteSurvivorship= 80.7601391337812
ICWorkerMiteSurvivorship= 25.8738816017285
ICForagerLifespan= 5.93816611450166
ImmType= Sine
RQQueenStrength= 3.29457610286772
RQEnableReQueen= true
AIAdultSlope= 4.10074765793979
AIAdultLD50= 0.782737979046535
AIAdultSlopeContact= 3.96777004352771
AIAdultLD50Contact= 39.3578514425303
AILarvaSlope= 5.77208917960525
AILarvaLD50= 38.7875047705467
AIKOW= 36723.8419775166
AIKOC= 48929.7782469674
AIHalfLife= 26.4217858291464
EAppRate= 5.4513791699782
FoliarEnabled= true
FoliarAppDate= 09/01/1989
FoliarForageBegin= 09/01/1989
FoliarForageEnd= 09/08/1989
AIContactFactor= 1.37977273665834
CL4Pollen= 2.64620269089937
CL4Nectar= 94.6049279998988
CL5Pollen= 0.852606116328388
CL5Nectar= 133.374757657293
CLDPollen= 4.49516750173643
CLDNectar= 143.147832993418
CA13Pollen= 6.28583143632859
CA13Nectar= 92.1378062292933
CA410Pollen= 7.54181509022601
CA410Nectar= 183.011388331652
CA1120Pollen= 2.3498552350793
CA1120Nectar= 51.4939696528018
IPollenTrips= 14.2654714128003
INectarTrips= 12.4026338104159
IPollenLoad= 0.825280616991222
INectarLoad= 9.47224740870297
