ICQueenStrength= 2.5094951633364
RQWkrDrnRatio= 1.22667998727411
ICDroneMiteSurvivorship= 96.1557971546426
ICWorkerMiteSurvivorship= 82.9726783558726
ICForagerLifespan= 5.66889767628163
ImmType= Exponential
RQQueenStrength= 4.04809046909213
RQEnableReQueen= true
AIAdultSlope= 1.04720341414213
AIAdultLD50= 50.7152919385724
AIAdultSlopeContact= 4.06432182947174
AIAdultLD50Contact= 22.9790408532338
AILarvaSlope= 8.29576802626252
AILarvaLD50= 1.59151441290486
AIKOW= 32634.3291283907
AIKOC= 7273.34551497153
AIHalfLife= 4.81278677596711
EAppRate= 0.538254099744372
FoliarEnabled= true
FoliarAppDate= 06/07/1989
FoliarForageBegin= 06/05/1989
FoliarForageEnd= 06/28/1989
AIContactFactor= 0.568085607839748
CL4Pollen= 1.76365530490875
CL4Nectar= 14.2731053987518
CL5Pollen= 3.99267832282931
CL5Nectar= 10.4219476575963
CLDPollen= 2.25017087487504
CLDNectar= 140.256674448028
CA13Pollen= 3.21827302854508
CA13Nectar= 59.5445681922138
CA410Pollen= 3.71023551488761
CA410Nectar= 35.3185682976618
CA1120Pollen= 0.359266391023993
CA1120Nectar= 31.0895751416683
IPollenTrips= 9.71260080346838
INectarTrips= 10.8759742579423
IPollenLoad= 8.28660375438631
INectarLoad= 9.4000799767673
