ICQueenStrength= 5.50062163057737
RQWkrDrnRatio= 4.86999665852636
ICDroneMiteSurvivorship= 17.7983252797276
ICWorkerMiteSurvivorship= 67.8744750795886
ICForagerLifespan= 14.5143130412325
ImmType= Logarithmic
RQQueenStrength= 4.03925345651805
RQEnableReQueen= true
AIAdultSlope= 5.14816950261593
AIAdultLD50= 19.2430748180978
AIAdultSlopeContact= 7.70704976189882
AIAdultLD50Contact= 43.7023503682157
AILarvaSlope= 1.63137358427048
AILarvaLD50= 32.995561032444
AIKOW= 70716.1558739181
AIKOC= 99568.1049884146
AIHalfLife= 11.7070269160671
EAppRate= 0.890316793332342
FoliarEnabled= true
FoliarAppDate= 06/07/1989
FoliarForageBegin= 06/05/1989
FoliarForageEnd= 06/28/1989
AIContactFactor= 1.75756255366374
CL4Pollen= 2.50755902193487
CL4Nectar= 72.1949944505468
CL5Pollen= 0.972884431947023
CL5Nectar= 1.5223330934532
CLDPollen= 4.65719798672944
CLDNectar= 23.2529548695311
CA13Pollen= 3.81067904438823
CA13Nectar= 30.8255897462368
CA410Pollen= 5.11337501616217
CA410Nectar= 81.8852149415761
CA1120Pollen= 1.69584706588648
CA1120Nectar= 94.1619005613029
IPollenTrips= 6.34517464553937
INectarTrips= 8.12704543117434
IPollenLoad= 2.89038092596456
INectarLoad= 9.8401973140426
ESoilP= 1.92806616914459
ESoilFoc= 0.00253574245073833
