ICQueenStrength= 5.94330845423974
RQWkrDrnRatio= 4.39959335606545
ICDroneMiteSurvivorship= 65.6098439125344
ICWorkerMiteSurvivorship= 86.7554887197912
ICForagerLifespan= 7.41760478913784
ImmType= Sine
RQQueenStrength= 1.65998864825815
RQEnableReQueen= true
AIAdultSlope= 6.36256985925138
AIAdultLD50= 33.3064743768794
AIAdultSlopeContact= 6.35300175193697
AIAdultLD50Contact= 13.6464304976766
AILarvaSlope= 3.88609939999878
AILarvaLD50= 72.7240952902711
AIKOW= 17120.5546000168
AIKOC= 59833.7013150202
AIHalfLife= 9.23693068875
EAppRate= 0.0468433754860889
FoliarEnabled= true
FoliarAppDate= 06/07/1989
FoliarForageBegin= 06/05/1989
FoliarForageEnd= 06/28/1989
AIContactFactor= 0.805101515678689
CL4Pollen= 1.34683736972511
CL4Nectar= 21.3556922972202
CL5Pollen= 0.0401491289958358
CL5Nectar= 16.1120029049926
CLDPollen= 0.351660350337625
CLDNectar= 148.629075021017
CA13Pollen= 3.1024493242614
CA13Nectar= 80.3208544664085
CA410Pollen= 5.60998770166188
CA410Nectar= 175.569911310449
CA1120Pollen= 2.86555750016123
CA1120Nectar= 36.6880315169692
IPollenTrips= 9.66636254685
INectarTrips= 7.23067020997405
IPollenLoad= 5.32900074729696
INectarLoad= 8.20241362322122
ESoilP= 1.19863605615683
ESoilFoc= 0.00983857839903794
