ICQueenStrength= 3.85139044281095
RQWkrDrnRatio= 1.87006047833711
ICDroneMiteSurvivorship= 10.1464513223618
ICWorkerMiteSurvivorship= 1.0159979108721
ICForagerLifespan= 4.85337880067527
ImmType= Sine
AIAdultSlope= 0.336984043072443
AIAdultLD50= 0.029073785059154
AIAdultSlopeContact= 3.80888803630136
AIAdultLD50Contact= 0.0247967257048003
AILarvaSlope= 2.06741500278003
AILarvaLD50= 0.0325977285392582
AIKOW= 2.49668621644378
AIKOC= 21.0820356511977
AIHalfLife= 0.71676929439418
EAppRate= 8.07010652031749
FoliarEnabled= true
