ICQueenStrength= 1.60144100803882
RQWkrDrnRatio= 1.19117993116379
ICDroneMiteSurvivorship= 39.0805732924491
ICWorkerMiteSurvivorship= 15.7256540609524
ICForagerLifespan= 5.33651007059962
ImmType= Tangent
RQQueenStrength= 5.89730616100132
RQEnableReQueen= true
AIAdultSlope= 1.37201536819339
AIAdultLD50= 88.9801954854589
AIAdultSlopeContact= 5.05204371293075
AIAdultLD50Contact= 29.5534847036586
AILarvaSlope= 5.24033634364605
AILarvaLD50= 39.6463459347435
AIKOW= 54330.1193311499
AIKOC= 39401.5424209558
AIHalfLife= 21.2330607895041
EAppRate= 1.2211701287434
FoliarEnabled= true
FoliarAppDate= 06/07/1989
FoliarForageBegin= 06/05/1989
FoliarForageEnd= 06/28/1989
AIContactFactor= 2.0561479246337
CL4Pollen= 2.65141034498811
CL4Nectar= 24.567271117121
CL5Pollen= 0.355860202107579
CL5Nectar= 59.6421248861589
CLDPollen= 1.29777470044792
CLDNectar= 5.0309629063122
CA13Pollen= 6.7902105960995
CA13Nectar= 93.9289021492004
CA410Pollen= 6.54549929890782
CA410Nectar= 28.1642704503611
CA1120Pollen= 2.41402723663487
CA1120Nectar= 67.0670738443732
IPollenTrips= 7.31049143709242
INectarTrips= 7.3164658783935
IPollenLoad= 6.57030453439802
INectarLoad= 4.21219020616263
