ICQueenStrength= 3.33261410146952
RQWkrDrnRatio= 3.91751143708825
ICDroneMiteSurvivorship= 65.4840658884495
ICWorkerMiteSurvivorship= 43.3055534493178
ICForagerLifespan= 13.1930507589132
ImmType= Tangent
RQQueenStrength= 1.25337324943393
RQEnableReQueen= true
AIAdultSlope= 8.45698301680386
AIAdultLD50= 18.3634633658484
AIAdultSlopeContact= 2.60183664783835
AIAdultLD50Contact= 61.1983886997171
AILarvaSlope= 7.11401765607297
AILarvaLD50= 37.1752786050134
AIKOW= 4739.50533524039
AIKOC= 55291.5690307717
AIHalfLife= 28.5613241203828
EAppRate= 9.76651751668937
FoliarEnabled= true
FoliarAppDate= 06/07/1989
FoliarForageBegin= 06/05/1989
FoliarForageEnd= 06/28/1989
AIContactFactor= 2.3889418153232
CL4Pollen= 3.63295327592641
CL4Nectar= 79.0156009839848
CL5Pollen= 1.53785180440173
CL5Nectar= 121.85044165235
CLDPollen= 1.93128166347742
CLDNectar= 78.1489750603214
CA13Pollen= 6.79870406379923
CA13Nectar= 80.7497285492718
CA410Pollen= 6.13811264333781
CA410Nectar= 57.2726247273386
CA1120Pollen= 2.02488608728163
CA1120Nectar= 52.4411435984075
IPollenTrips= 6.26235692994669
INectarTrips= 7.5508464849554
IPollenLoad= 9.75672630127519
INectarLoad= 5.65592324594036
ESoilP= 1.27511670254171
ESoilFoc= 0.00697669921838678
