ICQueenStrength= 5.43006290704943
RQWkrDrnRatio= 4.92605192959309
ICDroneMiteSurvivorship= 97.9482295922935
ICWorkerMiteSurvivorship= 80.6396498344839
ICForagerLifespan= 7.96269170939922
ImmType= Cosine
RQQueenStrength= 2.62094074301422
RQEnableReQueen= true
AIAdultSlope= 7.9807043466717
AIAdultLD50= 0.374990674363216
AIAdultSlopeContact= 4.6562361845281
AIAdultLD50Contact= 83.3745813377749
AILarvaSlope= 1.77438299544156
AILarvaLD50= 22.2915794897412
AIKOW= 7618.47148592778
AIKOC= 18536.2666555899
AIHalfLife= 6.74790370408446
EAppRate= 3.32796010093461
FoliarEnabled= true
FoliarAppDate= 09/01/1989
FoliarForageBegin= 09/01/1989
FoliarForageEnd= 09/08/1989
AIContactFactor= 1.46837775808293
CL4Pollen= 3.28649611398578
CL4Nectar= 92.4221333814785
CL5Pollen= 4.32368164462969
CL5Nectar= 27.3245255928487
CLDPollen= 4.42070954572409
CLDNectar= 67.2233555931598
CA13Pollen= 5.21611492969096
CA13Nectar= 44.6032574959099
CA410Pollen= 6.73737226875965
CA410Nectar= 33.2576600601897
CA1120Pollen= 0.415645346743986
CA1120Nectar= 44.2038376070559
IPollenTrips= 6.02068552514538
INectarTrips= 7.31370651861653
IPollenLoad= 1.62158839404583
INectarLoad= 6.37699241284281
