ICQueenStrength= 1.66644552280195
RQWkrDrnRatio= 2.0334513951093
ICDroneMiteSurvivorship= 81.7799001233652
ICWorkerMiteSurvivorship= 62.3683551093563
ICForagerLifespan= 8.27841492369771
ImmType= Cosine
RQQueenStrength= 4.17824212368578
RQEnableReQueen= true
AIAdultSlope= 6.5863624624908
AIAdultLD50= 73.0131539953409
AIAdultSlopeContact= 3.42306574177928
AIAdultLD50Contact= 77.5179025270953
AILarvaSlope= 2.4974746350199
AILarvaLD50= 99.6536561696564
AIKOW= 61749.4028593665
AIKOC= 82055.9533309757
AIHalfLife= 20.052183564147
EAppRate= 8.42064674126427
FoliarEnabled= true
FoliarAppDate= 06/07/1989
FoliarForageBegin= 06/05/1989
FoliarForageEnd= 06/28/1989
AIContactFactor= 0.820692451680079
CL4Pollen= 3.55676502920687
CL4Nectar= 0.420518289320171
CL5Pollen= 2.96364808268845
CL5Nectar= 113.473572267685
CLDPollen= 5.48577233590186
CLDNectar= 119.927839504089
CA13Pollen= 8.13278845772147
CA13Nectar= 88.4682523459196
CA410Pollen= 3.82678271075711
CA410Nectar= 37.369279069826
CA1120Pollen= 0.561701813014224
CA1120Nectar= 82.7306018956006
IPollenTrips= 9.72502989461645
INectarTrips= 11.5307940053754
IPollenLoad= 0.269801844842732
INectarLoad= 3.29653930384666
