ICQueenStrength= 3.57957968395203
RQWkrDrnRatio= 4.56787919346243
ICDroneMiteSurvivorship= 71.6335832607001
ICWorkerMiteSurvivorship= 20.7112520700321
ICForagerLifespan= 7.97668540850282
ImmType= Logarithmic
RQQueenStrength= 5.70757596776821
RQEnableReQueen= true
AIAdultSlope= 8.16975018568337
AIAdultLD50= 37.3218853332677
AIAdultSlopeContact= 4.84697441686876
AIAdultLD50Contact= 26.0585256372346
AILarvaSlope= 8.25409042648971
AILarvaLD50= 62.5725232562891
AIKOW= 46638.6576691932
AIKOC= 27576.1311670269
AIHalfLife= 32.0099449384259
EAppRate= 9.45760022667865
FoliarEnabled= true
FoliarAppDate= 06/07/1989
FoliarForageBegin= 06/05/1989
FoliarForageEnd= 06/28/1989
AIContactFactor= 0.291295723859221
CL4Pollen= 2.55385684315115
CL4Nectar= 98.1729845050722
CL5Pollen= 2.41435430338606
CL5Nectar= 75.6900548818521
CLDPollen= 1.12298573087901
CLDNectar= 138.65770198172
CA13Pollen= 3.43844276322052
CA13Nectar= 22.0716922171414
CA410Pollen= 8.49288708653767
CA410Nectar= 151.250685360283
CA1120Pollen= 2.12102209310979
CA1120Nectar= 49.8793687485158
IPollenTrips= 12.0273970114067
INectarTrips= 10.0358629552647
IPollenLoad= 7.60555654531345
INectarLoad= 3.33084144629538
ESoilP= 1.25567116728052
ESoilFoc= 0.0162777915832121
