ICQueenStrength= 3.11674422607757
RQWkrDrnRatio= 3.21482522040606
ICDroneMiteSurvivorship= 77.0760959479958
ICWorkerMiteSurvivorship= 28.0068015912548
ICForagerLifespan= 9.90671702846885
ImmType= Exponential
RQQueenStrength= 3.13146388414316
RQEnableReQueen= true
AIAdultSlope= 1.29433430917561
AIAdultLD50= 14.0088883990082
AIAdultSlopeContact= 2.11274569109082
AIAdultLD50Contact= 63.261146875449
AILarvaSlope= 2.56442566215992
AILarvaLD50= 94.0577988787896
AIKOW= 65282.3508975837
AIKOC= 96061.3811304988
AIHalfLife= 4.81385352148209
EAppRate= 3.37628449049406
FoliarEnabled= true
FoliarAppDate= 06/07/1989
FoliarForageBegin= 06/05/1989
FoliarForageEnd= 06/28/1989
AIContactFactor= 0.999481489234604
CL4Pollen= 2.71438739821315
CL4Nectar= 46.9924805453047
CL5Pollen= 3.50590899260715
CL5Nectar= 148.580988112371
CLDPollen= 1.08779735444114
CLDNectar= 21.7290644184686
CA13Pollen= 4.22084671193734
CA13Nectar= 77.0306616462767
CA410Pollen= 8.78516814659815
CA410Nectar= 95.4762371210381
CA1120Pollen= 1.575488794595
CA1120Nectar= 43.9735250733793
IPollenTrips= 12.8500319994055
INectarTrips= 5.1859519421123
IPollenLoad= 4.79095757007599
INectarLoad= 5.42658087098971
