ICQueenStrength= 2.33713374380022
RQWkrDrnRatio= 4.79509678389877
ICDroneMiteSurvivorship= 12.6925566000864
ICWorkerMiteSurvivorship= 97.1571749076247
ICForagerLifespan= 14.1778947236016
ImmType= Tangent
RQQueenStrength= 4.05016895756125
RQEnableReQueen= true
AIAdultSlope= 5.60667629539967
AIAdultLD50= 81.0210824819403
AIAdultSlopeContact= 8.94651545397937
AIAdultLD50Contact= 22.5371919189449
AILarvaSlope= 8.04587727040052
AILarvaLD50= 75.74732321197
AIKOW= 69942.7976295053
AIKOC= 30833.919576891
AIHalfLife= 4.90962215028703
EAppRate= 0.612012828476494
FoliarEnabled= true
FoliarAppDate= 06/07/1989
FoliarForageBegin= 06/05/1989
FoliarForageEnd= 06/28/1989
AIContactFactor= 1.16293031051289
CL4Pollen= 2.86678685247898
CL4Nectar= 92.2083132900298
CL5Pollen= 4.58037488115951
CL5Nectar= 98.1098659685813
CLDPollen= 2.94963886449113
CLDNectar= 8.07524977717549
CA13Pollen= 6.90947262691334
CA13Nectar= 38.9869809523225
CA410Pollen= 3.99074288893025
CA410Nectar= 114.804322915152
CA1120Pollen= 0.0326966217253357
CA1120Nectar= 70.3882053494453
IPollenTrips= 5.71326200850308
INectarTrips= 10.7995260204189
IPollenLoad= 7.28579386603087
INectarLoad= 0.545410709455609
ESoilP= 1.7273199763149
ESoilFoc= 0.0175742340199649
