ICQueenStrength= 2.97543459758162
RQWkrDrnRatio= 1.76926760748029
ICDroneMiteSurvivorship= 95.4778580460697
ICWorkerMiteSurvivorship= 26.9746074685827
ICForagerLifespan= 7.41672641877085
ImmType= Cosine
RQQueenStrength= 1.91078859753907
RQEnableReQueen=true
AIAdultSlope= 3.28237839415669
AIAdultLD50= 0.195035201786319
AIAdultSlopeContact= 8.47390311770141
AIAdultLD50Contact= 64.7441345832851
AILarvaSlope= 6.81713476777077
AILarvaLD50= 96.1735968581417
AIKOW= 60377.2923624667
AIKOC= 15019.4959997558
AIHalfLife= 11.5655408405699
EAppRate= 8.9456393173323
FoliarEnabled=true
FoliarAppDate= 07/01/1989
FoliarForageBegin= 07/01/1989
FoliarForageEnd= 07/14/1989
AIContactFactor= 2.32725825569127
CL4Pollen= 0.83337261993438
CL4Nectar= 60.4694434208795
CL5Pollen= 3.51193088013679
CL5Nectar= 62.358895142097
CLDPollen= 4.42964578885585
CLDNectar= 116.851173865143
CA13Pollen= 4.93235114663839
CA13Nectar= 26.8981499224901
CA410Pollen= 6.09556997427717
CA410Nectar= 105.727746635675
CA1120Pollen= 1.83926365873776
CA1120Nectar= 89.4054460339248
IPollenTrips= 13.8862933334894
INectarTrips= 13.7622019415721
IPollenLoad= 5.76033556135371
INectarLoad= 1.75262235105038
