ICQueenStrength= 2.60321807605214
RQWkrDrnRatio= 2.82488334178925
ICDroneMiteSurvivorship= 27.1524742012843
ICWorkerMiteSurvivorship= 93.9619520679116
ICForagerLifespan= 6.53819084446877
ImmType= Tangent
RQQueenStrength= 3.63524180976674
RQEnableReQueen= true
AIAdultSlope= 3.52313937433064
AIAdultLD50= 82.1872221214313
AIAdultSlopeContact= 4.20280877780169
AIAdultLD50Contact= 98.4774846332592
AILarvaSlope= 6.47609568014741
AILarvaLD50= 10.5061751019557
AIKOW= 63972.1315758892
AIKOC= 83778.7420499816
AIHalfLife= 12.1002699548379
EAppRate= 6.5243365651397
FoliarEnabled= true
FoliarAppDate= 06/07/1989
FoliarForageBegin= 06/05/1989
FoliarForageEnd= 06/28/1989
AIContactFactor= 1.55898088058457
CL4Pollen= 2.80552775971591
CL4Nectar= 22.9194477666169
CL5Pollen= 0.867469746619463
CL5Nectar= 8.08716000756249
CLDPollen= 5.46547286398709
CLDNectar= 125.304113177117
CA13Pollen= 7.83433646224439
CA13Nectar= 23.5118759609759
CA410Pollen= 6.7619871230796
CA410Nectar= 116.761731998995
CA1120Pollen= 2.90833587362431
CA1120Nectar= 35.2092167362571
IPollenTrips= 6.18237162940204
INectarTrips= 9.04016256565228
IPollenLoad= 5.50930432509631
INectarLoad= 7.6472731330432
ESoilP= 1.22680940548889
ESoilFoc= 0.0161945938603021
