ICQueenStrength= 2.39445078675635
RQWkrDrnRatio= 4.37609511055052
ICDroneMiteSurvivorship= 82.0504943374544
ICWorkerMiteSurvivorship= 74.8449398204684
ICForagerLifespan= 10.2399500161409
ImmType= Sine
RQQueenStrength= 3.30815958580934
RQEnableReQueen= true
AIAdultSlope= 6.01316457800567
AIAdultLD50= 80.5186145537302
AIAdultSlopeContact= 7.55057821446098
AIAdultLD50Contact= 87.9285785762563
AILarvaSlope= 1.68742804601789
AILarvaLD50= 35.7502097811254
AIKOW= 90559.7569547952
AIKOC= 22871.410632696
AIHalfLife= 2.64701907015406
EAppRate= 9.50265462267585
FoliarEnabled= true
FoliarAppDate= 06/07/1989
FoliarForageBegin= 06/05/1989
FoliarForageEnd= 06/28/1989
AIContactFactor= 1.74474696767516
CL4Pollen= 1.28715098183602
CL4Nectar= 0.112159643322229
CL5Pollen= 0.826660066377372
CL5Nectar= 106.988342455588
CLDPollen= 4.80089038750157
CLDNectar= 21.3054985622875
CA13Pollen= 7.26506007211283
CA13Nectar= 65.756924841553
CA410Pollen= 4.34270912527572
CA410Nectar= 137.092140945606
CA1120Pollen= 1.50360698997974
CA1120Nectar= 23.9808031357825
IPollenTrips= 8.41477378970012
INectarTrips= 11.246721863281
IPollenLoad= 1.12963770050555
INectarLoad= 4.58790292730555
ESoilP= 1.32071042363532
ESoilFoc= 0.0100801682290621
