ICQueenStrength= 2.03935775347054
RQWkrDrnRatio= 4.77023576945066
ICDroneMiteSurvivorship= 95.5458176555112
ICWorkerMiteSurvivorship= 13.5058553889394
ICForagerLifespan= 10.3837830806151
ImmType= Cosine
RQQueenStrength= 2.88284279592335
RQEnableReQueen=true
AIAdultSlope= 5.10104320943356
AIAdultLD50= 0.687808276023716
AIAdultSlopeContact= 2.25104873836972
AIAdultLD50Contact= 81.3452056668065
AILarvaSlope= 1.49302313476801
AILarvaLD50= 13.5028890240423
AIKOW= 93857.2823857603
AIKOC= 4246.66684481082
AIHalfLife= 31.2344642432407
EAppRate= 1.38829306463525
FoliarEnabled=true
FoliarAppDate= 07/01/1989
FoliarForageBegin= 07/01/1989
FoliarForageEnd= 07/14/1989
AIContactFactor= 1.18530975986738
CL4Pollen= 0.520734274759889
CL4Nectar= 93.9810240874067
CL5Pollen= 0.194230647291988
CL5Nectar= 50.5239363759756
CLDPollen= 3.13472543517128
CLDNectar= 110.060470236931
CA13Pollen= 7.18631522385403
CA13Nectar= 27.0093501359224
CA410Pollen= 4.96052644210868
CA410Nectar= 79.4901325041428
CA1120Pollen= 2.79972183681093
CA1120Nectar= 78.633002191782
IPollenTrips= 13.6032912065275
INectarTrips= 11.0906686005183
IPollenLoad= 7.26024461677298
INectarLoad= 5.52456089528278
