ICQueenStrength= 4.60598907805979
RQWkrDrnRatio= 4.21692889370024
ICDroneMiteSurvivorship= 39.1268584178761
ICWorkerMiteSurvivorship= 69.1383066819981
ICForagerLifespan= 8.50962364580482
ImmType= Exponential
RQQueenStrength= 3.58532974636182
RQEnableReQueen= true
AIAdultSlope= 3.04435608536005
AIAdultLD50= 65.7853324020931
AIAdultSlopeContact= 9.51438781805336
AIAdultLD50Contact= 60.9807265414374
AILarvaSlope= 7.50630510412157
AILarvaLD50= 46.5451787435566
AIKOW= 72708.3190627603
AIKOC= 99108.0643629485
AIHalfLife= 7.30340535901487
EAppRate= 0.413205309016164
FoliarEnabled= true
FoliarAppDate= 06/07/1989
FoliarForageBegin= 06/05/1989
FoliarForageEnd= 06/28/1989
AIContactFactor= 0.741506027621217
CL4Pollen= 2.50844929367304
CL4Nectar= 33.845942444168
CL5Pollen= 5.41900333715603
CL5Nectar= 45.7178340875544
CLDPollen= 1.22950926236808
CLDNectar= 89.5123181166127
CA13Pollen= 3.53943356387317
CA13Nectar= 63.9297329448164
CA410Pollen= 2.99747017889749
CA410Nectar= 185.366451120935
CA1120Pollen= 2.34360636002384
CA1120Nectar= 86.5377621166408
IPollenTrips= 6.88298270106316
INectarTrips= 14.4942013267428
IPollenLoad= 1.14497793838382
INectarLoad= 7.81341284513474
ESoilP= 1.84020996070467
ESoilFoc= 0.017258195664268
