ICQueenStrength= 2.81010765605606
RQWkrDrnRatio= 1.72477558534592
ICDroneMiteSurvivorship= 78.8943078368902
ICWorkerMiteSurvivorship= 72.0966544933617
ICForagerLifespan= 13.4393004933372
ImmType= Exponential
RQQueenStrength= 3.78139440459199
RQEnableReQueen= true
AIAdultSlope= 6.17370439507067
AIAdultLD50= 41.7782450398293
AIAdultSlopeContact= 6.99791068769991
AIAdultLD50Contact= 89.3005494592937
AILarvaSlope= 5.99762218631804
AILarvaLD50= 43.0343443948647
AIKOW= 11112.3118263146
AIKOC= 66823.860937397
AIHalfLife= 5.99817775548436
EAppRate= 0.471205270260805
FoliarEnabled= true
FoliarAppDate= 06/07/1989
FoliarForageBegin= 06/05/1989
FoliarForageEnd= 06/28/1989
AIContactFactor= 2.05707419892307
CL4Pollen= 1.69574686698616
CL4Nectar= 86.8806803599
CL5Pollen= 5.24459558073431
CL5Nectar= 101.093906199094
CLDPollen= 3.93221426289529
CLDNectar= 62.4691674602218
CA13Pollen= 6.24467722633853
CA13Nectar= 51.4409989863634
CA410Pollen= 6.83318909141235
CA410Nectar= 58.6069552320987
CA1120Pollen= 1.82400567666627
CA1120Nectar= 22.6179695501924
IPollenTrips= 6.88730706693605
INectarTrips= 11.8499840795994
IPollenLoad= 5.68232248071581
INectarLoad= 0.554270027205348
ESoilP= 1.18593188375235
ESoilFoc= 0.00851335637457669
