ICQueenStrength= 2.44545573275536
RQWkrDrnRatio= 1.91477180179209
ICDroneMiteSurvivorship= 83.0819710856304
ICWorkerMiteSurvivorship= 53.7586849182844
ICForagerLifespan= 13.5942037189379
ImmType= Sine
RQQueenStrength= 3.03456377028488
RQEnableReQueen= true
AIAdultSlope= 8.74556653574109
AIAdultLD50= 88.4428362085877
AIAdultSlopeContact= 6.13450374384411
AIAdultLD50Contact= 33.1942405584764
AILarvaSlope= 7.82024061866105
AILarvaLD50= 14.1728824198931
AIKOW= 38524.6475002415
AIKOC= 15194.6453840169
AIHalfLife= 2.87100142685231
EAppRate= 8.1391891306527
FoliarEnabled= true
FoliarAppDate= 06/07/1989
FoliarForageBegin= 06/05/1989
FoliarForageEnd= 06/28/1989
AIContactFactor= 0.522692730175331
CL4Pollen= 0.838031895458698
CL4Nectar= 6.98783758562058
CL5Pollen= 1.65265541430563
CL5Nectar= 34.5070122973993
CLDPollen= 3.53302472177893
CLDNectar= 143.251559324563
CA13Pollen= 3.11453612782061
CA13Nectar= 40.4335265420377
CA410Pollen= 8.24203935223631
CA410Nectar= 30.4061718052253
CA1120Pollen= 2.55810979474336
CA1120Nectar= 22.051338981837
IPollenTrips= 7.47086891205981
INectarTrips= 7.73806208511814
IPollenLoad= 8.06183910928667
INectarLoad= 8.0824118014425
