ICQueenStrength= 3.84471680410206
RQWkrDrnRatio= 4.42624189052731
ICDroneMiteSurvivorship= 48.1956276111305
ICWorkerMiteSurvivorship= 5.41012508329004
ICForagerLifespan= 14.4183661052957
ImmType= Sine
AIAdultSlope= 2.29944670137484
AIAdultLD50= 0.152014278806746
AIAdultSlopeContact= 0.605067837308161
AIAdultLD50Contact= 0.00375893305754289
AILarvaSlope= 0.642992327408865
AILarvaLD50= 0.228490594541654
AIKOW= 2.60537327732891
AIKOC= 6.89007889712229
AIHalfLife= 0.142953053140081
EAppRate= 4.62887919042259
FoliarEnabled= true
