ICQueenStrength= 4.31197971943766
RQWkrDrnRatio= 4.92716072499752
ICDroneMiteSurvivorship= 60.0601907121018
ICWorkerMiteSurvivorship= 72.4458256503567
ICForagerLifespan= 14.1030206382275
ImmType= Cosine
RQQueenStrength= 3.02023263671435
RQEnableReQueen= true
AIAdultSlope= 5.50384855270386
AIAdultLD50= 86.1735610167894
AIAdultSlopeContact= 4.02299273945391
AIAdultLD50Contact= 99.0382482314801
AILarvaSlope= 2.51802267879248
AILarvaLD50= 8.37952378411801
AIKOW= 34067.1232943325
AIKOC= 69834.4819043048
AIHalfLife= 24.4163752641296
EAppRate= 5.25797319800872
FoliarEnabled= true
FoliarAppDate= 06/07/1989
FoliarForageBegin= 06/05/1989
FoliarForageEnd= 06/28/1989
AIContactFactor= 2.10774800551124
CL4Pollen= 3.63332666177303
CL4Nectar= 48.9997396944091
CL5Pollen= 1.6226941770874
CL5Nectar= 98.8420004840009
CLDPollen= 5.3529382632114
CLDNectar= 66.827158362139
CA13Pollen= 2.83928145589307
CA13Nectar= 43.6417653784156
CA410Pollen= 9.49290203612764
CA410Nectar= 140.68580347579
CA1120Pollen= 0.604074145434424
CA1120Nectar= 94.5607408322394
IPollenTrips= 9.98469738289714
INectarTrips= 9.36930608469993
IPollenLoad= 9.48903881711885
INectarLoad= 4.09688997315243
