ICQueenStrength= 4.6240531783551
RQWkrDrnRatio= 4.23532315064222
ICDroneMiteSurvivorship= 45.2645269688219
ICWorkerMiteSurvivorship= 86.5667883073911
ICForagerLifespan= 4.34096892550588
ImmType= Polynomial
RQQueenStrength= 3.5319421372842
RQEnableReQueen= true
AIAdultSlope= 7.93228936195374
AIAdultLD50= 0.665217632808955
AIAdultSlopeContact= 3.30721313180402
AIAdultLD50Contact= 76.8637045301173
AILarvaSlope= 1.36661734990776
AILarvaLD50= 99.0334834465722
AIKOW= 48993.9626555258
AIKOC= 16641.9545739405
AIHalfLife= 17.321337139816
EAppRate= 8.72413556426903
FoliarEnabled= true
FoliarAppDate= 09/01/1989
FoliarForageBegin= 09/01/1989
FoliarForageEnd= 09/08/1989
AIContactFactor= 1.15728076664731
CL4Pollen= 0.128180278465152
CL4Nectar= 9.50654845219105
CL5Pollen= 5.23049978306517
CL5Nectar= 22.9253487079404
CLDPollen= 4.77070285566151
CLDNectar= 111.946982005611
CA13Pollen= 6.55193935781717
CA13Nectar= 58.5879005864263
CA410Pollen= 8.50813508231658
CA410Nectar= 196.206362107769
CA1120Pollen= 0.192095312057063
CA1120Nectar= 50.5839208699763
IPollenTrips= 5.84505880717188
INectarTrips= 6.64413768565282
IPollenLoad= 4.60933780297637
INectarLoad= 8.3131906343624
