ICQueenStrength= 2.83760274900123
RQWkrDrnRatio= 1.0704030636698
ICDroneMiteSurvivorship= 92.025383724831
ICWorkerMiteSurvivorship= 84.8522170446813
ICForagerLifespan= 15.7840614793822
ImmType= Sine
RQQueenStrength= 5.56846276880242
RQEnableReQueen= true
AIAdultSlope= 8.47563081048429
AIAdultLD50= 44.4772955043816
AIAdultSlopeContact= 7.58859689487144
AIAdultLD50Contact= 33.2997037061863
AILarvaSlope= 7.34928112104535
AILarvaLD50= 61.6458700769138
AIKOW= 77500.1599135829
AIKOC= 6561.44402351999
AIHalfLife= 29.9006779757095
EAppRate= 3.40695652035298
FoliarEnabled= true
FoliarAppDate= 06/07/1989
FoliarForageBegin= 06/05/1989
FoliarForageEnd= 06/28/1989
AIContactFactor= 0.715197288617492
CL4Pollen= 2.41668979078531
CL4Nectar= 34.1923868050799
CL5Pollen= 3.84708483936265
CL5Nectar= 9.00260143680498
CLDPollen= 5.05384278064594
CLDNectar= 25.7641191012226
CA13Pollen= 6.22246843650937
CA13Nectar= 57.9737614654005
CA410Pollen= 5.49774335571565
CA410Nectar= 74.2039180500433
CA1120Pollen= 2.43702858849429
CA1120Nectar= 33.8446104712784
IPollenTrips= 10.7793480181135
INectarTrips= 7.17861851444468
IPollenLoad= 3.44579900847748
INectarLoad= 5.27548889163882
ESoilP= 1.1226013537962
ESoilFoc= 0.0119308146804105
