ICQueenStrength= 3.94273380888626
RQWkrDrnRatio= 4.90865445882082
ICDroneMiteSurvivorship= 56.6242772387341
ICWorkerMiteSurvivorship= 58.3101218333468
ICForagerLifespan= 8.19300628080964
ImmType= Tangent
RQQueenStrength= 2.08398240525275
RQEnableReQueen= true
AIAdultSlope= 1.90298947133124
AIAdultLD50= 22.0427788027185
AIAdultSlopeContact= 4.74169296259061
AIAdultLD50Contact= 31.7820815291693
AILarvaSlope= 6.17844614759088
AILarvaLD50= 43.3517425899534
AIKOW= 53253.2036252316
AIKOC= 72736.5227111483
AIHalfLife= 11.5409291731659
EAppRate= 0.3269838365498
FoliarEnabled= true
FoliarAppDate= 06/07/1989
FoliarForageBegin= 06/05/1989
FoliarForageEnd= 06/28/1989
AIContactFactor= 1.59868259642273
CL4Pollen= 3.12524229846895
CL4Nectar= 87.1173249091953
CL5Pollen= 1.57560856500641
CL5Nectar= 67.2612904803827
CLDPollen= 3.37570641282946
CLDNectar= 76.5606107306667
CA13Pollen= 6.85582471806556
CA13Nectar= 22.9325012676418
CA410Pollen= 5.71411924683489
CA410Nectar= 30.5417007254437
CA1120Pollen= 1.54549852595665
CA1120Nectar= 89.0178789570928
IPollenTrips= 12.2402021707967
INectarTrips= 12.107379285153
IPollenLoad= 5.79294488066807
INectarLoad= 1.39480254845694
