ICQueenStrength= 5.71831738832407
RQWkrDrnRatio= 3.31768130417913
ICDroneMiteSurvivorship= 67.6328727742657
ICWorkerMiteSurvivorship= 4.87918208818883
ICForagerLifespan= 6.20811025984585
ImmType= Cosine
RQQueenStrength= 5.66244499431923
RQEnableReQueen= true
AIAdultSlope= 3.05710816383362
AIAdultLD50= 15.6335221251633
AIAdultSlopeContact= 2.22176979505457
AIAdultLD50Contact= 2.77290633265744
AILarvaSlope= 2.48303966782987
AILarvaLD50= 83.1722891079045
AIKOW= 65395.6308873521
AIKOC= 92424.2868501823
AIHalfLife= 20.2036586645059
EAppRate= 5.82712342405785
FoliarEnabled= true
FoliarAppDate= 06/07/1989
FoliarForageBegin= 06/05/1989
FoliarForageEnd= 06/28/1989
AIContactFactor= 1.79104813352693
CL4Pollen= 3.81433656718582
CL4Nectar= 44.9124017031863
CL5Pollen= 4.3759008818306
CL5Nectar= 140.547892916948
CLDPollen= 3.9891842007637
CLDNectar= 88.6223185923882
CA13Pollen= 5.7868290187791
CA13Nectar= 58.3491432666779
CA410Pollen= 6.47437987474259
CA410Nectar= 127.455105818808
CA1120Pollen= 1.02810326870531
CA1120Nectar= 45.9940431639552
IPollenTrips= 9.36463441234082
INectarTrips= 11.5800633304752
IPollenLoad= 7.90181124815717
INectarLoad= 1.20541117386892
