ICQueenStrength= 4.31549396272749
RQWkrDrnRatio= 3.74924139585346
ICDroneMiteSurvivorship= 30.0465859938413
ICWorkerMiteSurvivorship= 25.7651684107259
ICForagerLifespan= 11.4072476699948
ImmType= Sine
RQQueenStrength= 2.35591312195174
RQEnableReQueen= true
AIAdultSlope= 5.25162352249026
AIAdultLD50= 64.6541111193479
AIAdultSlopeContact= 6.93646628106944
AIAdultLD50Contact= 95.5700887751628
AILarvaSlope= 7.88582102023065
AILarvaLD50= 16.8244052679082
AIKOW= 18463.7686748868
AIKOC= 10434.9277282672
AIHalfLife= 21.8173684005858
EAppRate= 7.19036781194643
FoliarEnabled= true
FoliarAppDate= 06/07/1989
FoliarForageBegin= 06/05/1989
FoliarForageEnd= 06/28/1989
AIContactFactor= 0.819900069665164
CL4Pollen= 1.30971520673484
CL4Nectar= 2.92451253626496
CL5Pollen= 2.35956964083016
CL5Nectar= 137.269960984122
CLDPollen= 2.17517683748156
CLDNectar= 78.4309501759708
CA13Pollen= 8.15583150396123
CA13Nectar= 67.4927763454616
CA410Pollen= 6.18513004931156
CA410Nectar= 20.2742502978072
CA1120Pollen= 0.572129698935896
CA1120Nectar= 42.5143763609231
IPollenTrips= 9.58691637497395
INectarTrips= 14.0040847612545
IPollenLoad= 2.11020255228505
INectarLoad= 3.51102271815762
ESoilP= 1.72109016752802
ESoilFoc= 0.00853779536043294
