ICQueenStrength= 2.26996927545406
RQWkrDrnRatio= 3.70886273495853
ICDroneMiteSurvivorship= 7.3508711764589
ICWorkerMiteSurvivorship= 55.8443778660148
ICForagerLifespan= 13.7999597555026
ImmType= Exponential
RQQueenStrength= 2.76761305192485
RQEnableReQueen= true
AIAdultSlope= 4.585035296157
AIAdultLD50= 4.04266088212538
AIAdultSlopeContact= 5.29567247931845
AIAdultLD50Contact= 88.9747408302526
AILarvaSlope= 1.3367240447551
AILarvaLD50= 58.5924114007906
AIKOW= 13886.8711156098
AIKOC= 95688.550797567
AIHalfLife= 7.74443171268795
EAppRate= 4.63098889759975
FoliarEnabled= true
FoliarAppDate= 06/07/1989
FoliarForageBegin= 06/05/1989
FoliarForageEnd= 06/28/1989
AIContactFactor= 1.93561017896049
CL4Pollen= 1.12682068254799
CL4Nectar= 43.503662222065
CL5Pollen= 4.14381701638922
CL5Nectar= 53.6347114015371
CLDPollen= 0.414408001117408
CLDNectar= 133.931360871065
CA13Pollen= 6.83273920910433
CA13Nectar= 23.1060600467026
CA410Pollen= 9.08129738974385
CA410Nectar= 124.647859805264
CA1120Pollen= 2.71413510711864
CA1120Nectar= 86.7603692784905
IPollenTrips= 13.7985997227952
INectarTrips= 11.4953392348252
IPollenLoad= 0.175991244614124
INectarLoad= 9.77995511610061
