ICQueenStrength= 1.3076857351698
RQWkrDrnRatio= 3.00836334563792
ICDroneMiteSurvivorship= 23.932716390118
ICWorkerMiteSurvivorship= 60.7125444570556
ICForagerLifespan= 6.47015926707536
ImmType= Tangent
RQQueenStrength= 2.56765696709044
RQEnableReQueen= true
AIAdultSlope= 5.62895647622645
AIAdultLD50= 73.3637750913829
AIAdultSlopeContact= 5.84410632564686
AIAdultLD50Contact= 5.14074794822256
AILarvaSlope= 7.71893921494484
AILarvaLD50= 49.9026240053195
AIKOW= 76206.0662311077
AIKOC= 73905.1298185596
AIHalfLife= 31.0116675367346
EAppRate= 0.187312101213029
FoliarEnabled= true
FoliarAppDate= 06/07/1989
FoliarForageBegin= 06/05/1989
FoliarForageEnd= 06/28/1989
AIContactFactor= 1.18271226588637
CL4Pollen= 2.70207056216896
CL4Nectar= 44.3259782157838
CL5Pollen= 4.7617817656137
CL5Nectar= 10.1690793293528
CLDPollen= 0.702918710187078
CLDNectar= 93.6076261452399
CA13Pollen= 7.56112886900082
CA13Nectar= 74.7337754815817
CA410Pollen= 8.23377704734448
CA410Nectar= 128.389721675776
CA1120Pollen= 2.58378642657772
CA1120Nectar= 22.315762154758
IPollenTrips= 13.6352706537582
INectarTrips= 14.9424415337853
IPollenLoad= 4.92985362419859
INectarLoad= 3.19702378241345
ESoilP= 1.12192466342822
ESoilFoc= 0.0070630302708596
