ICQueenStrength= 5.09056608565152
RQWkrDrnRatio= 2.17205861117691
ICDroneMiteSurvivorship= 27.7917925734073
ICWorkerMiteSurvivorship= 8.56919966172427
ICForagerLifespan= 12.7459563529119
ImmType= Polynomial
RQQueenStrength= 2.83576453127898
RQEnableReQueen= true
AIAdultSlope= 6.73351871594787
AIAdultLD50= 37.8147127256868
AIAdultSlopeContact= 6.65039556776173
AIAdultLD50Contact= 54.8958345615601
AILarvaSlope= 7.01334803365171
AILarvaLD50= 48.0352076918711
AIKOW= 74543.2519432137
AIKOC= 35273.3081015872
AIHalfLife= 4.05809963473584
EAppRate= 4.94942168328259
FoliarEnabled= true
FoliarAppDate= 06/07/1989
FoliarForageBegin= 06/05/1989
FoliarForageEnd= 06/28/1989
AIContactFactor= 0.507130404622294
CL4Pollen= 2.98185509443283
CL4Nectar= 59.1383106540889
CL5Pollen= 0.414300714153796
CL5Nectar= 81.8699727184139
CLDPollen= 5.21961109573022
CLDNectar= 92.4068405642174
CA13Pollen= 7.27301412383094
CA13Nectar= 95.1416932791471
CA410Pollen= 7.73336588712409
CA410Nectar= 181.690848362632
CA1120Pollen= 0.114467633189633
CA1120Nectar= 84.4814537465572
IPollenTrips= 13.1135333608836
INectarTrips= 7.89170955773443
IPollenLoad= 7.61734497034922
INectarLoad= 5.958987607155
