ICQueenStrength= 1.04830522462726
RQWkrDrnRatio= 2.1707766186446
ICDroneMiteSurvivorship= 63.6989715043455
ICWorkerMiteSurvivorship= 41.0238069016486
ICForagerLifespan= 13.8509523123503
ImmType= Cosine
RQQueenStrength= 3.7798319759313
RQEnableReQueen= true
AIAdultSlope= 1.02786312438548
AIAdultLD50= 50.9811031088801
AIAdultSlopeContact= 5.39546883292496
AIAdultLD50Contact= 95.5571464777491
AILarvaSlope= 7.65128374285996
AILarvaLD50= 33.7356957976369
AIKOW= 60724.2898244389
AIKOC= 1179.01786493789
AIHalfLife= 0.660674816905521
EAppRate= 1.86694204600994
FoliarEnabled= true
FoliarAppDate= 06/07/1989
FoliarForageBegin= 06/05/1989
FoliarForageEnd= 06/28/1989
AIContactFactor= 1.64250920986291
CL4Pollen= 2.92816033121198
CL4Nectar= 25.5445343442261
CL5Pollen= 5.27912813192233
CL5Nectar= 40.2810682193376
CLDPollen= 5.51368453027681
CLDNectar= 24.8691958724521
CA13Pollen= 4.30653064865619
CA13Nectar= 82.9564822465181
CA410Pollen= 6.22446278280113
CA410Nectar= 78.2837547687814
CA1120Pollen= 2.9225733729545
CA1120Nectar= 31.6781525686383
IPollenTrips= 7.90547476848587
INectarTrips= 14.6051902580075
IPollenLoad= 2.06459414446726
INectarLoad= 8.18244070280343
