ICQueenStrength= 1.49831003532745
RQWkrDrnRatio= 3.63586515840143
ICDroneMiteSurvivorship= 11.1539052799344
ICWorkerMiteSurvivorship= 50.2540834248066
ICForagerLifespan= 13.664382734336
ImmType= Polynomial
RQQueenStrength= 5.03001073515043
RQEnableReQueen= true
AIAdultSlope= 8.36580668017268
AIAdultLD50= 28.7493413135156
AIAdultSlopeContact= 8.32555632502772
AIAdultLD50Contact= 57.0624967734709
AILarvaSlope= 3.6133510414511
AILarvaLD50= 42.6938881639799
AIKOW= 33088.6507728623
AIKOC= 31243.9638140609
AIHalfLife= 3.35911900568753
EAppRate= 8.65231881675986
FoliarEnabled= true
FoliarAppDate= 06/07/1989
FoliarForageBegin= 06/05/1989
FoliarForageEnd= 06/28/1989
AIContactFactor= 0.79942497422453
CL4Pollen= 0.0809707446023822
CL4Nectar= 87.2038705041632
CL5Pollen= 5.35922325029969
CL5Nectar= 25.8365152752958
CLDPollen= 1.14686259767041
CLDNectar= 149.414508522023
CA13Pollen= 7.87708716075867
CA13Nectar= 89.2512881569564
CA410Pollen= 6.83959535164759
CA410Nectar= 185.583260655403
CA1120Pollen= 2.23990194546059
CA1120Nectar= 96.0952201299369
IPollenTrips= 6.93650058237836
INectarTrips= 6.16356074577197
IPollenLoad= 2.0645291195251
INectarLoad= 1.95322596933693
ESoilP= 1.91496920306236
ESoilFoc= 0.00660270792199299
