ICQueenStrength= 3.44405577052385
RQWkrDrnRatio= 4.20594600681216
ICDroneMiteSurvivorship= 17.5867758691311
ICWorkerMiteSurvivorship= 98.467823327519
ICForagerLifespan= 8.89498727675527
ImmType= Polynomial
RQQueenStrength= 3.40999239031225
RQEnableReQueen=true
AIAdultSlope= 2.35930545628071
AIAdultLD50= 0.0904684463972226
AIAdultSlopeContact= 5.43880753242411
AIAdultLD50Contact= 66.1214495979275
AILarvaSlope= 8.08468080870807
AILarvaLD50= 40.0558084270847
AIKOW= 17225.6457040361
AIKOC= 98192.6216108461
AIHalfLife= 24.7696697929408
EAppRate= 4.36661163667566
FoliarEnabled=true
FoliarAppDate= 07/01/1989
FoliarForageBegin= 07/01/1989
FoliarForageEnd= 07/14/1989
AIContactFactor= 2.23127294088714
CL4Pollen= 3.39407577551901
CL4Nectar= 13.0450414726511
CL5Pollen= 4.49432727042586
CL5Nectar= 64.396307291463
CLDPollen= 1.17951001692563
CLDNectar= 98.6113519174978
CA13Pollen= 7.31313946917653
CA13Nectar= 42.0994920097291
CA410Pollen= 7.64236607116181
CA410Nectar= 64.2021507769823
CA1120Pollen= 0.560701404931024
CA1120Nectar= 27.7572540193796
IPollenTrips= 13.7321780016646
INectarTrips= 14.4576536840759
IPollenLoad= 9.51993563678116
INectarLoad= 3.57274258276448
