ICQueenStrength= 5.53600708511658
RQWkrDrnRatio= 4.94136946089566
ICDroneMiteSurvivorship= 29.0115605574101
ICWorkerMiteSurvivorship= 37.677433155477
ICForagerLifespan= 14.8049498870969
ImmType= Cosine
RQQueenStrength= 2.33802548516542
RQEnableReQueen= true
AIAdultSlope= 2.22095917910337
AIAdultLD50= 45.3573152210819
AIAdultSlopeContact= 1.4620132332202
AIAdultLD50Contact= 35.161851580515
AILarvaSlope= 7.39526825584471
AILarvaLD50= 71.9740060668697
AIKOW= 76264.2418719901
AIKOC= 10744.3957443694
AIHalfLife= 2.33841102037113
EAppRate= 0.708813581912313
FoliarEnabled= true
FoliarAppDate= 06/07/1989
FoliarForageBegin= 06/05/1989
FoliarForageEnd= 06/28/1989
AIContactFactor= 1.57718802910764
CL4Pollen= 1.48303363844752
CL4Nectar= 55.2875243593007
CL5Pollen= 4.58832332259044
CL5Nectar= 1.05074588209391
CLDPollen= 2.54094743728638
CLDNectar= 131.331100920215
CA13Pollen= 4.6360106671229
CA13Nectar= 54.6102937497199
CA410Pollen= 6.51563350355718
CA410Nectar= 52.4508510669693
CA1120Pollen= 0.0442122831009328
CA1120Nectar= 43.9677814394236
IPollenTrips= 6.18360342457891
INectarTrips= 9.29407912539318
IPollenLoad= 4.30929703172296
INectarLoad= 7.42377511691302
ESoilP= 1.63040481880307
ESoilFoc= 0.0150540977320634
