ICQueenStrength= 5.98464452219196
RQWkrDrnRatio= 2.15336020290852
ICDroneMiteSurvivorship= 55.2253967616707
ICWorkerMiteSurvivorship= 44.3853048840538
ICForagerLifespan= 14.5928405327722
ImmType= Polynomial
RQQueenStrength= 5.33940316666849
RQEnableReQueen= true
AIAdultSlope= 8.04078379273415
AIAdultLD50= 0.609677850726293
AIAdultSlopeContact= 2.31117104645818
AIAdultLD50Contact= 6.82355494654318
AILarvaSlope= 5.40138881839812
AILarvaLD50= 8.19912407478015
AIKOW= 60533.0292719734
AIKOC= 58759.3261131945
AIHalfLife= 33.620126294205
EAppRate= 8.58634863499552
FoliarEnabled= true
FoliarAppDate= 09/01/1989
FoliarForageBegin= 09/01/1989
FoliarForageEnd= 09/08/1989
AIContactFactor= 0.28209165527951
CL4Pollen= 2.76142345089465
CL4Nectar= 53.558523254469
CL5Pollen= 1.74404905037954
CL5Nectar= 32.4466985883191
CLDPollen= 2.41006895201281
CLDNectar= 2.60201152414083
CA13Pollen= 7.59512123027816
CA13Nectar= 21.5391106531024
CA410Pollen= 9.30739407737274
CA410Nectar= 43.5899485321715
CA1120Pollen= 0.721725083654746
CA1120Nectar= 49.3566386215389
IPollenTrips= 5.55260892026126
INectarTrips= 10.1691451948136
IPollenLoad= 5.56975167477503
INectarLoad= 7.95230848016217
