ICQueenStrength= 5.10645573982038
RQWkrDrnRatio= 1.24162476882339
ICDroneMiteSurvivorship= 62.9856082610786
ICWorkerMiteSurvivorship= 50.7195241982117
ICForagerLifespan= 6.91881573852152
ImmType= Cosine
RQQueenStrength= 1.45927478233352
RQEnableReQueen= true
AIAdultSlope= 8.83402643725276
AIAdultLD50= 77.1741520083766
AIAdultSlopeContact= 2.05341344652697
AIAdultLD50Contact= 47.585237286852
AILarvaSlope= 5.90197718702257
AILarvaLD50= 94.5053198600828
AIKOW= 5310.9691638111
AIKOC= 95133.3593630032
AIHalfLife= 12.8398642628454
EAppRate= 1.47371489736368
FoliarEnabled= true
FoliarAppDate= 06/07/1989
FoliarForageBegin= 06/05/1989
FoliarForageEnd= 06/28/1989
AIContactFactor= 1.94886759336106
CL4Pollen= 2.16077594459057
CL4Nectar= 26.0347195668146
CL5Pollen= 4.02639979915693
CL5Nectar= 7.64472893206403
CLDPollen= 5.09515719255432
CLDNectar= 32.4792448198423
CA13Pollen= 5.90284466305748
CA13Nectar= 46.1175092123449
CA410Pollen= 8.63620633289684
CA410Nectar= 145.04267483484
CA1120Pollen= 1.63590499875136
CA1120Nectar= 40.0139066763222
IPollenTrips= 11.2842441350222
INectarTrips= 11.6985371755436
IPollenLoad= 2.5587191991508
INectarLoad= 7.79767459724098
