ICQueenStrength= 2.15259082405828
RQWkrDrnRatio= 2.73384211305529
ICDroneMiteSurvivorship= 8.98215759079903
ICWorkerMiteSurvivorship= 82.6828659046441
ICForagerLifespan= 4.79560056235641
ImmType= Sine
RQQueenStrength= 5.01544536580332
RQEnableReQueen= true
AIAdultSlope= 1.41150090843439
AIAdultLD50= 37.7126957397209
AIAdultSlopeContact= 2.15433956333436
AIAdultLD50Contact= 37.5174289878521
AILarvaSlope= 3.4726350363344
AILarvaLD50= 21.2255247337241
AIKOW= 94072.5032579714
AIKOC= 38692.9383605204
AIHalfLife= 28.1901435913518
EAppRate= 2.25201261650049
FoliarEnabled= true
FoliarAppDate= 06/07/1989
FoliarForageBegin= 06/05/1989
FoliarForageEnd= 06/28/1989
AIContactFactor= 1.36402014596853
CL4Pollen= 2.25865613203496
CL4Nectar= 78.8253186969087
CL5Pollen= 3.48702743835747
CL5Nectar= 3.29491730080917
CLDPollen= 0.399943424854428
CLDNectar= 62.2588505968451
CA13Pollen= 6.47247485471889
CA13Nectar= 92.1167310327291
CA410Pollen= 6.80331020695157
CA410Nectar= 163.352460353635
CA1120Pollen= 0.0624206510838121
CA1120Nectar= 92.0686162635684
IPollenTrips= 11.0041588218883
INectarTrips= 8.47318698652089
IPollenLoad= 9.71957901725546
INectarLoad= 4.73587742540985
