ICQueenStrength= 1.36543932044879
RQWkrDrnRatio= 3.83845764584839
ICDroneMiteSurvivorship= 74.6820222353563
ICWorkerMiteSurvivorship= 30.7034331606701
ICForagerLifespan= 8.2622187230736
ImmType= Polynomial
RQQueenStrength= 2.43661721725948
RQEnableReQueen= true
AIAdultSlope= 3.42296017147601
AIAdultLD50= 56.0380030591676
AIAdultSlopeContact= 8.87674374179915
AIAdultLD50Contact= 85.349869058613
AILarvaSlope= 5.37515121884644
AILarvaLD50= 92.0009549846414
AIKOW= 71161.3081596152
AIKOC= 72726.2458555715
AIHalfLife= 8.04815898265224
EAppRate= 4.41487508890848
FoliarEnabled= true
FoliarAppDate= 06/07/1989
FoliarForageBegin= 06/05/1989
FoliarForageEnd= 06/28/1989
AIContactFactor= 1.38212295985315
CL4Pollen= 0.0881879841908813
CL4Nectar= 21.9951177248731
CL5Pollen= 4.30409647012129
CL5Nectar= 31.8553186487406
CLDPollen= 5.80090013612062
CLDNectar= 32.2471316205338
CA13Pollen= 3.92653621202335
CA13Nectar= 79.0786544978619
CA410Pollen= 3.54039587534498
CA410Nectar= 182.937103505246
CA1120Pollen= 1.86966385692358
CA1120Nectar= 56.262966170907
IPollenTrips= 6.315619465895
INectarTrips= 9.54180738190189
IPollenLoad= 2.82775077736005
INectarLoad= 2.08120388910174
