ICQueenStrength= 4.4491085796617
RQWkrDrnRatio= 1.11702078115195
ICDroneMiteSurvivorship= 23.9199763396755
ICWorkerMiteSurvivorship= 26.9570011878386
ICForagerLifespan= 5.62530346494168
ImmType= Polynomial
AIAdultSlope= 1.63157395347487
AIAdultLD50= 0.0124858892057091
AIAdultSlopeContact= 3.79135246146703
AIAdultLD50Contact= 0.0302146200207062
AILarvaSlope= 2.40219429777935
AILarvaLD50= 0.0629618554841727
AIKOW= 2.0817401483655
AIKOC= 21.2128763447981
AIHalfLife= 0.171458303323016
EAppRate= 3.43597681261599
FoliarEnabled= true
