ICQueenStrength= 3.73032961878926
RQWkrDrnRatio= 1.6384113561362
ICDroneMiteSurvivorship= 59.0984208742157
ICWorkerMiteSurvivorship= 54.4594851322472
ICForagerLifespan= 14.1069128224626
ImmType= Polynomial
RQQueenStrength= 1.90580233605579
RQEnableReQueen= true
AIAdultSlope= 7.37231210432947
AIAdultLD50= 42.9788295331211
AIAdultSlopeContact= 7.77525916066952
AIAdultLD50Contact= 11.8131555230371
AILarvaSlope= 6.25128974579275
AILarvaLD50= 51.7381106161266
AIKOW= 73711.9845092804
AIKOC= 84782.3116465644
AIHalfLife= 8.43134582065977
EAppRate= 9.32459717670339
FoliarEnabled= true
FoliarAppDate= 06/07/1989
FoliarForageBegin= 06/05/1989
FoliarForageEnd= 06/28/1989
AIContactFactor= 1.95868925021496
CL4Pollen= 1.13119864743203
CL4Nectar= 75.2876558573917
CL5Pollen= 2.17818781826645
CL5Nectar= 117.16203535907
CLDPollen= 5.56751604191959
CLDNectar= 99.2270953254774
CA13Pollen= 6.22245984785259
CA13Nectar= 81.7071563564241
CA410Pollen= 3.81234368351288
CA410Nectar= 169.426763639785
CA1120Pollen= 0.565091563621536
CA1120Nectar= 25.4454357922077
IPollenTrips= 9.92105333600193
INectarTrips= 9.47144351666793
IPollenLoad= 0.914641027338803
INectarLoad= 8.62635836005211
