ICQueenStrength= 4.29794546356425
RQWkrDrnRatio= 1.23817373253405
ICDroneMiteSurvivorship= 54.7893738606945
ICWorkerMiteSurvivorship= 52.4091202532873
ICForagerLifespan= 9.71647126507014
ImmType= Cosine
RQQueenStrength= 3.3223684495315
RQEnableReQueen= true
AIAdultSlope= 1.19549272581935
AIAdultLD50= 9.04703211022774
AIAdultSlopeContact= 6.71864241268486
AIAdultLD50Contact= 42.5545083335026
AILarvaSlope= 8.86027717776597
AILarvaLD50= 84.9816189708663
AIKOW= 336.685801174443
AIKOC= 17578.6415826969
AIHalfLife= 5.29764268728904
EAppRate= 4.48865408817749
FoliarEnabled= true
FoliarAppDate= 06/07/1989
FoliarForageBegin= 06/05/1989
FoliarForageEnd= 06/28/1989
AIContactFactor= 1.43809241239913
CL4Pollen= 2.80029613617808
CL4Nectar= 19.2071283934638
CL5Pollen= 1.38921705214307
CL5Nectar= 103.520176559687
CLDPollen= 3.93029841268435
CLDNectar= 149.021865602117
CA13Pollen= 2.86408584313467
CA13Nectar= 64.7951004840434
CA410Pollen= 7.47499230371322
CA410Nectar= 115.230071544647
CA1120Pollen= 1.99402536218986
CA1120Nectar= 75.9161769598722
IPollenTrips= 5.38599129766226
INectarTrips= 14.2442989302799
IPollenLoad= 6.65308290859684
INectarLoad= 8.02398698637262
