ICQueenStrength= 2.48723600897938
RQWkrDrnRatio= 4.64445568155497
ICDroneMiteSurvivorship= 57.3639718582854
ICWorkerMiteSurvivorship= 45.5366672249511
ICForagerLifespan= 5.20314729679376
ImmType= Sine
RQQueenStrength= 1.99804613273591
RQEnableReQueen= true
AIAdultSlope= 1.86863199993968
AIAdultLD50= 0.364478116153041
AIAdultSlopeContact= 9.66474195080809
AIAdultLD50Contact= 43.0586810073547
AILarvaSlope= 6.6214838847518
AILarvaLD50= 82.839843358492
AIKOW= 65288.1714302624
AIKOC= 59282.1482652575
AIHalfLife= 9.55837663267739
EAppRate= 9.51578750472562
FoliarEnabled= true
FoliarAppDate= 09/01/1989
FoliarForageBegin= 09/01/1989
FoliarForageEnd= 09/08/1989
AIContactFactor= 1.09211255744565
CL4Pollen= 0.0689059430733323
CL4Nectar= 83.3727854304016
CL5Pollen= 2.06263218680397
CL5Nectar= 125.676284031942
CLDPollen= 4.19269865797833
CLDNectar= 54.6755558811128
CA13Pollen= 7.08615173380822
CA13Nectar= 63.6710491590202
CA410Pollen= 4.02116686233785
CA410Nectar= 126.623093592934
CA1120Pollen= 2.95911183091812
CA1120Nectar= 37.9774781130254
IPollenTrips= 14.1517336014658
INectarTrips= 13.9968198444694
IPollenLoad= 8.08629976119846
INectarLoad= 4.95510893175378
