ICQueenStrength= 2.52721502701752
RQWkrDrnRatio= 1.30029280483723
ICDroneMiteSurvivorship= 41.4920415030792
ICWorkerMiteSurvivorship= 59.8124497337267
ICForagerLifespan= 4.18158352468163
ImmType= Tangent
RQQueenStrength= 3.91180834639817
RQEnableReQueen= true
AIAdultSlope= 5.85865320265293
AIAdultLD50= 71.972697082798
AIAdultSlopeContact= 8.02792765037157
AIAdultLD50Contact= 69.2423111633135
AILarvaSlope= 6.98427610471845
AILarvaLD50= 27.4667931042304
AIKOW= 24452.7609663306
AIKOC= 19677.0681250268
AIHalfLife= 16.4710422197822
EAppRate= 4.15731508867536
FoliarEnabled= true
FoliarAppDate= 06/07/1989
FoliarForageBegin= 06/05/1989
FoliarForageEnd= 06/28/1989
AIContactFactor= 0.996319210822694
CL4Pollen= 1.62480722833425
CL4Nectar= 38.1214762339368
CL5Pollen= 2.54393136128783
CL5Nectar= 56.2268754467368
CLDPollen= 5.89932469138876
CLDNectar= 93.0527862394229
CA13Pollen= 2.2116582759656
CA13Nectar= 22.6069144904613
CA410Pollen= 9.41132022838574
CA410Nectar= 113.361263829283
CA1120Pollen= 1.09836691827513
CA1120Nectar= 74.2020305246115
IPollenTrips= 6.95051003713161
INectarTrips= 11.1509580770507
IPollenLoad= 2.75391338625923
INectarLoad= 9.50183148495853
