ICQueenStrength= 5.78057438507676
RQWkrDrnRatio= 2.21958087105304
ICDroneMiteSurvivorship= 86.0003212699667
ICWorkerMiteSurvivorship= 87.4423326458782
ICForagerLifespan= 12.329669595696
ImmType= Cosine
RQQueenStrength= 1.55233996012248
RQEnableReQueen= true
AIAdultSlope= 2.35323436371982
AIAdultLD50= 11.1047160955034
AIAdultSlopeContact= 4.81930389371701
AIAdultLD50Contact= 38.9069994563779
AILarvaSlope= 2.29417409934103
AILarvaLD50= 87.6320163500879
AIKOW= 51201.9175706941
AIKOC= 21008.2575919642
AIHalfLife= 3.81520065143704
EAppRate= 3.88716418425599
FoliarEnabled= true
FoliarAppDate= 06/07/1989
FoliarForageBegin= 06/05/1989
FoliarForageEnd= 06/28/1989
AIContactFactor= 1.39254162345547
CL4Pollen= 0.835483594797552
CL4Nectar= 6.69703797902912
CL5Pollen= 1.67517678486183
CL5Nectar= 44.911477190908
CLDPollen= 1.02823752723634
CLDNectar= 111.328071705066
CA13Pollen= 7.9360572903417
CA13Nectar= 78.204931486398
CA410Pollen= 8.03384357707109
CA410Nectar= 171.244409307837
CA1120Pollen= 1.29162310366519
CA1120Nectar= 78.7942535430193
IPollenTrips= 10.8940642070957
INectarTrips= 7.96887239906937
IPollenLoad= 1.09944148687646
INectarLoad= 5.21468532504514
