ICQueenStrength= 5.62490521022119
RQWkrDrnRatio= 3.03220207989216
ICDroneMiteSurvivorship= 38.5498895542696
ICWorkerMiteSurvivorship= 95.3828011173755
ICForagerLifespan= 13.7237050198019
ImmType= Sine
RQQueenStrength= 5.56274609314278
RQEnableReQueen= true
AIAdultSlope= 1.5876554325223
AIAdultLD50= 97.0781691821602
AIAdultSlopeContact= 3.308863398619
AIAdultLD50Contact= 20.972762286653
AILarvaSlope= 3.61813879385591
AILarvaLD50= 30.2896722605729
AIKOW= 5127.39570054164
AIKOC= 83466.9675201734
AIHalfLife= 0.209626398910768
EAppRate= 1.48990493583051
FoliarEnabled= true
FoliarAppDate= 06/07/1989
FoliarForageBegin= 06/05/1989
FoliarForageEnd= 06/28/1989
AIContactFactor= 1.21805595737416
CL4Pollen= 1.32238244824111
CL4Nectar= 67.5888433586806
CL5Pollen= 0.164547553751618
CL5Nectar= 77.3110937909223
CLDPollen= 1.01297749718651
CLDNectar= 111.440507881343
CA13Pollen= 4.39275892432779
CA13Nectar= 47.2549614496529
CA410Pollen= 4.38881312857848
CA410Nectar= 181.411527097225
CA1120Pollen= 2.17697887681425
CA1120Nectar= 31.1148322373629
IPollenTrips= 13.1561391637661
INectarTrips= 5.90561307035387
IPollenLoad= 4.86726601840928
INectarLoad= 2.89774611825123
