ICQueenStrength= 3.43036635918543
RQWkrDrnRatio= 2.59918332379311
ICDroneMiteSurvivorship= 62.4964440241456
ICWorkerMiteSurvivorship= 77.1144767524675
ICForagerLifespan= 14.0794461863115
ImmType= Tangent
RQQueenStrength= 2.08373561408371
RQEnableReQueen= true
AIAdultSlope= 5.50208443775773
AIAdultLD50= 51.1970868311173
AIAdultSlopeContact= 1.91066444292665
AIAdultLD50Contact= 74.2917564166002
AILarvaSlope= 1.64603702910244
AILarvaLD50= 27.6802009304008
AIKOW= 2243.77233208722
AIKOC= 3940.47262765071
AIHalfLife= 9.16516500820871
EAppRate= 7.49705531496275
FoliarEnabled= true
FoliarAppDate= 06/07/1989
FoliarForageBegin= 06/05/1989
FoliarForageEnd= 06/28/1989
AIContactFactor= 1.87023750228807
CL4Pollen= 2.42350836284459
CL4Nectar= 39.5751303061843
CL5Pollen= 5.49407731974497
CL5Nectar= 40.9591468283907
CLDPollen= 2.1610560156405
CLDNectar= 51.9018202205189
CA13Pollen= 7.02904030103236
CA13Nectar= 92.7173661626875
CA410Pollen= 8.36648988572415
CA410Nectar= 63.2064308878034
CA1120Pollen= 2.74066644301638
CA1120Nectar= 49.8297179862857
IPollenTrips= 11.6043798299506
INectarTrips= 7.460832670331
IPollenLoad= 9.01127118151635
INectarLoad= 6.26529489411041
