ICQueenStrength= 1.9868306608405
RQWkrDrnRatio= 3.7523549515754
ICDroneMiteSurvivorship= 12.8285274142399
ICWorkerMiteSurvivorship= 18.6859985347837
ICForagerLifespan= 9.26628121268004
ImmType= Tangent
AIAdultSlope= 3.28226960983593
AIAdultLD50= 0.0827396757900715
AIAdultSlopeContact= 1.75920836686157
AIAdultLD50Contact= 0.036471138172783
AILarvaSlope= 0.398027813900262
AILarvaLD50= 0.142756333365105
AIKOW= 3.99540756270289
AIKOC= 9.67974113416858
AIHalfLife= 0.614701547962613
EAppRate= 3.13227363396436
FoliarEnabled= true
