ICQueenStrength= 4.56613198993728
RQWkrDrnRatio= 4.86980659235269
ICDroneMiteSurvivorship= 28.0946005601436
ICWorkerMiteSurvivorship= 83.3646941231564
ICForagerLifespan= 15.8197409724817
ImmType= Tangent
RQQueenStrength= 2.48758092429489
RQEnableReQueen= true
AIAdultSlope= 3.24518230557442
AIAdultLD50= 73.8764825527908
AIAdultSlopeContact= 9.52867058315314
AIAdultLD50Contact= 39.0566825917286
AILarvaSlope= 8.24920271895826
AILarvaLD50= 31.5338187454036
AIKOW= 58414.1794966943
AIKOC= 42226.4930741028
AIHalfLife= 25.5993019273505
EAppRate= 1.6939900305341
FoliarEnabled= true
FoliarAppDate= 06/07/1989
FoliarForageBegin= 06/05/1989
FoliarForageEnd= 06/28/1989
AIContactFactor= 2.07294351990335
CL4Pollen= 2.35757711343467
CL4Nectar= 28.670395957306
CL5Pollen= 4.43882487807423
CL5Nectar= 110.987189447042
CLDPollen= 0.466570769436657
CLDNectar= 123.989567917306
CA13Pollen= 7.04972206735983
CA13Nectar= 37.5755334831774
CA410Pollen= 7.15165248834528
CA410Nectar= 111.998291690834
CA1120Pollen= 0.811739572556689
CA1120Nectar= 21.3481989875436
IPollenTrips= 9.66649641515687
INectarTrips= 11.8018874712288
IPollenLoad= 5.26152766309679
INectarLoad= 5.29316948028281
