ICQueenStrength= 3.44567859172821
RQWkrDrnRatio= 4.00301393587142
ICDroneMiteSurvivorship= 0.671588047407568
ICWorkerMiteSurvivorship= 36.3909957697615
ICForagerLifespan= 10.3848520135507
ImmType= Sine
RQQueenStrength= 1.63814665470272
RQEnableReQueen=true
AIAdultSlope= 7.37606535293162
AIAdultLD50= 0.334977477577981
AIAdultSlopeContact= 2.09939191956073
AIAdultLD50Contact= 21.8557690043766
AILarvaSlope= 8.72015685588121
AILarvaLD50= 80.9458910431555
AIKOW= 5328.92429291305
AIKOC= 31808.4208376966
AIHalfLife= 29.2977225147653
EAppRate= 8.58690822007973
FoliarEnabled=true
FoliarAppDate= 07/01/1989
FoliarForageBegin= 07/01/1989
FoliarForageEnd= 07/14/1989
AIContactFactor= 1.20420197917614
CL4Pollen= 2.30788393970579
CL4Nectar= 48.9010225748643
CL5Pollen= 1.88192779244855
CL5Nectar= 83.986502350308
CLDPollen= 3.64686059905216
CLDNectar= 142.152735160198
CA13Pollen= 8.11277526132762
CA13Nectar= 80.9448173455894
CA410Pollen= 4.81395627788734
CA410Nectar= 160.768259800971
CA1120Pollen= 2.98283678269945
CA1120Nectar= 88.1150151602924
IPollenTrips= 5.2232755231671
INectarTrips= 5.20077200839296
IPollenLoad= 7.08250811789185
INectarLoad= 6.07903701020405
