ICQueenStrength= 4.38878226699308
RQWkrDrnRatio= 3.3706476893276
ICDroneMiteSurvivorship= 62.484647356905
ICWorkerMiteSurvivorship= 8.27923496253788
ICForagerLifespan= 14.1999759199098
ImmType= Logarithmic
RQQueenStrength= 1.04325354238972
RQEnableReQueen= true
AIAdultSlope= 7.98172770068049
AIAdultLD50= 0.333430789810838
AIAdultSlopeContact= 6.10877502895892
AIAdultLD50Contact= 88.2822745660106
AILarvaSlope= 2.67166707478464
AILarvaLD50= 43.1267403094869
AIKOW= 60895.5688064981
AIKOC= 97857.1140293898
AIHalfLife= 17.3938735677395
EAppRate= 9.10790090029244
FoliarEnabled= true
FoliarAppDate= 09/01/1989
FoliarForageBegin= 09/01/1989
FoliarForageEnd= 09/08/1989
AIContactFactor= 2.29796205095015
CL4Pollen= 0.238035533577204
CL4Nectar= 78.3546503167599
CL5Pollen= 5.98810119694099
CL5Nectar= 99.2277080076747
CLDPollen= 3.54638057062402
CLDNectar= 84.3863800750114
CA13Pollen= 5.98356578806415
CA13Nectar= 85.2199020050466
CA410Pollen= 8.03720920353662
CA410Nectar= 173.776619303972
CA1120Pollen= 0.615188363241032
CA1120Nectar= 42.325287219137
IPollenTrips= 6.38558323262259
INectarTrips= 12.514316404704
IPollenLoad= 6.84361316962168
INectarLoad= 7.77762561803684
