ICQueenStrength= 5.63231818750501
RQWkrDrnRatio= 1.15520262438804
ICDroneMiteSurvivorship= 1.11827866639942
ICWorkerMiteSurvivorship= 50.935678021051
ICForagerLifespan= 12.6870496757329
ImmType= Tangent
RQQueenStrength= 2.47656270884909
RQEnableReQueen= true
AIAdultSlope= 6.98541482724249
AIAdultLD50= 0.670629497986753
AIAdultSlopeContact= 4.3492818986997
AIAdultLD50Contact= 78.1235801275994
AILarvaSlope= 3.95408358238637
AILarvaLD50= 84.4663279300572
AIKOW= 73277.401918841
AIKOC= 92690.0688703849
AIHalfLife= 2.54550076273736
EAppRate= 9.64629176345747
FoliarEnabled= true
FoliarAppDate= 09/01/1989
FoliarForageBegin= 09/01/1989
FoliarForageEnd= 09/08/1989
AIContactFactor= 0.296821875232272
CL4Pollen= 0.816826889291406
CL4Nectar= 91.6563571663573
CL5Pollen= 0.710976249072701
CL5Nectar= 81.4129710313864
CLDPollen= 1.38214426813647
CLDNectar= 63.5113403317519
CA13Pollen= 5.37304840870202
CA13Nectar= 90.475375726819
CA410Pollen= 7.08382827867754
CA410Nectar= 50.3135492838919
CA1120Pollen= 2.66961219836958
CA1120Nectar= 96.132129188627
IPollenTrips= 5.05877234507352
INectarTrips= 11.0283045750111
IPollenLoad= 5.48715576762334
INectarLoad= 3.08765116846189
