ICQueenStrength= 4.62675327807665
RQWkrDrnRatio= 2.8579550459981
ICDroneMiteSurvivorship= 34.8536810604855
ICWorkerMiteSurvivorship= 69.7632638504729
ICForagerLifespan= 9.95382983144373
ImmType= Polynomial
RQQueenStrength= 2.144131711917
RQEnableReQueen= true
AIAdultSlope= 1.90571469068527
AIAdultLD50= 47.4289037599158
AIAdultSlopeContact= 3.50740671670064
AIAdultLD50Contact= 13.6658920810514
AILarvaSlope= 2.46654451265931
AILarvaLD50= 55.1195605703331
AIKOW= 82062.9468662446
AIKOC= 98098.6967126771
AIHalfLife= 11.3249216937693
EAppRate= 0.26429752599448
FoliarEnabled= true
FoliarAppDate= 06/07/1989
FoliarForageBegin= 06/05/1989
FoliarForageEnd= 06/28/1989
AIContactFactor= 0.931230103000998
CL4Pollen= 1.24486446473747
CL4Nectar= 13.6564088286832
CL5Pollen= 5.5751386298798
CL5Nectar= 19.2896886728704
CLDPollen= 2.48268454894423
CLDNectar= 6.00043628364801
CA13Pollen= 5.91704618446529
CA13Nectar= 79.6378326229751
CA410Pollen= 4.46758899721317
CA410Nectar= 171.610232987441
CA1120Pollen= 0.696212377399206
CA1120Nectar= 95.7462764345109
IPollenTrips= 13.955765904393
INectarTrips= 8.52992589585483
IPollenLoad= 8.25782377040014
INectarLoad= 7.77447192696854
ESoilP= 1.19542468409054
ESoilFoc= 0.00257063725823537
