ICQueenStrength= 2.08412381960079
RQWkrDrnRatio= 1.20766540430486
ICDroneMiteSurvivorship= 83.599592000246
ICWorkerMiteSurvivorship= 26.2605161871761
ICForagerLifespan= 15.6503440868109
ImmType= Cosine
RQQueenStrength= 1.33078558626585
RQEnableReQueen= true
AIAdultSlope= 2.12037330307066
AIAdultLD50= 23.5091438261117
AIAdultSlopeContact= 3.84105376619846
AIAdultLD50Contact= 14.8936397691471
AILarvaSlope= 8.35601293481886
AILarvaLD50= 89.410497183034
AIKOW= 28199.582928337
AIKOC= 82969.4113846696
AIHalfLife= 31.045173977688
EAppRate= 5.1751481078926
FoliarEnabled= true
FoliarAppDate= 06/07/1989
FoliarForageBegin= 06/05/1989
FoliarForageEnd= 06/28/1989
AIContactFactor= 0.350105810118839
CL4Pollen= 0.955813371576369
CL4Nectar= 21.7547249980271
CL5Pollen= 5.48704035021365
CL5Nectar= 10.7693394063972
CLDPollen= 5.01488809799775
CLDNectar= 99.0036792238243
CA13Pollen= 6.14413087889552
CA13Nectar= 76.6947453655303
CA410Pollen= 6.48801178438589
CA410Nectar= 104.192570098676
CA1120Pollen= 0.85895920987241
CA1120Nectar= 53.8458263687789
IPollenTrips= 14.6577975153923
INectarTrips= 9.22343436162919
IPollenLoad= 1.12077337689698
INectarLoad= 9.22061778604984
ESoilP= 1.58664065692574
ESoilFoc= 0.0102754438859411
