ICQueenStrength= 5.11348416586407
RQWkrDrnRatio= 3.89010790735483
ICDroneMiteSurvivorship= 22.6545351790264
ICWorkerMiteSurvivorship= 56.8113734712824
ICForagerLifespan= 6.64745412673801
ImmType= Sine
RQQueenStrength= 1.71536060073413
RQEnableReQueen= true
AIAdultSlope= 2.82306108437479
AIAdultLD50= 97.433769986928
AIAdultSlopeContact= 4.83171783387661
AIAdultLD50Contact= 88.7708288370753
AILarvaSlope= 1.07691355608404
AILarvaLD50= 58.9397729702662
AIKOW= 91316.4584500606
AIKOC= 11589.751259713
AIHalfLife= 30.421745760832
EAppRate= 4.99123101705778
FoliarEnabled= true
FoliarAppDate= 06/07/1989
FoliarForageBegin= 06/05/1989
FoliarForageEnd= 06/28/1989
AIContactFactor= 2.36939050238579
CL4Pollen= 0.285711607895792
CL4Nectar= 14.4739597802982
CL5Pollen= 2.12867129640654
CL5Nectar= 27.0985851064324
CLDPollen= 0.322863686364144
CLDNectar= 41.5400457917713
CA13Pollen= 7.71920391432941
CA13Nectar= 55.7519277185202
CA410Pollen= 2.26294309846126
CA410Nectar= 92.066923151724
CA1120Pollen= 2.94625216699205
CA1120Nectar= 64.817304816097
IPollenTrips= 12.9618958942592
INectarTrips= 8.31029379507527
IPollenLoad= 7.45816717855632
INectarLoad= 5.34485444659367
