ICQueenStrength= 4.58324957545847
RQWkrDrnRatio= 1.10954286530614
ICDroneMiteSurvivorship= 87.8950579557568
ICWorkerMiteSurvivorship= 7.49528391752392
ICForagerLifespan= 12.2338550519198
ImmType= Cosine
RQQueenStrength= 5.59114528028294
RQEnableReQueen= true
AIAdultSlope= 1.7124354802072
AIAdultLD50= 0.689815422795015
AIAdultSlopeContact= 6.42017588927411
AIAdultLD50Contact= 60.3801422233114
AILarvaSlope= 1.73222058080137
AILarvaLD50= 75.6260358412419
AIKOW= 51548.0338153343
AIKOC= 8557.73078623042
AIHalfLife= 13.2625588679919
EAppRate= 1.71625706747128
FoliarEnabled= true
FoliarAppDate= 09/01/1989
FoliarForageBegin= 09/01/1989
FoliarForageEnd= 09/08/1989
AIContactFactor= 0.356124420845881
CL4Pollen= 2.9836809290573
CL4Nectar= 90.5003048479557
CL5Pollen= 2.56948222825304
CL5Nectar= 127.539599651936
CLDPollen= 2.10691423527896
CLDNectar= 51.9939850084484
CA13Pollen= 5.53606284530833
CA13Nectar= 99.7966991737485
CA410Pollen= 6.70832841207739
CA410Nectar= 24.9915312975645
CA1120Pollen= 1.2120213364251
CA1120Nectar= 65.0675153546035
IPollenTrips= 8.80626409547403
INectarTrips= 9.46576133370399
IPollenLoad= 0.654345641378313
INectarLoad= 7.27026510518044
