ICQueenStrength= 4.54969081748277
RQWkrDrnRatio= 2.97427041362971
ICDroneMiteSurvivorship= 18.5369449667633
ICWorkerMiteSurvivorship= 40.4558753827587
ICForagerLifespan= 11.2320155603811
ImmType= Cosine
RQQueenStrength= 1.23357675410807
RQEnableReQueen=true
AIAdultSlope= 8.75858411565423
AIAdultLD50= 0.191009129723068
AIAdultSlopeContact= 3.86421357863583
AIAdultLD50Contact= 3.56005372143676
AILarvaSlope= 5.56949371099472
AILarvaLD50= 8.20429719398753
AIKOW= 60112.3296729349
AIKOC= 58753.0293179716
AIHalfLife= 4.76460056817159
EAppRate= 3.70022335650073
FoliarEnabled=true
FoliarAppDate= 07/01/1989
FoliarForageBegin= 07/01/1989
FoliarForageEnd= 07/14/1989
AIContactFactor= 1.62084680697415
CL4Pollen= 0.912870546802878
CL4Nectar= 65.7842250540853
CL5Pollen= 1.96824932657182
CL5Nectar= 82.6716527575627
CLDPollen= 2.2318456848152
CLDNectar= 11.287840269506
CA13Pollen= 6.98897951031104
CA13Nectar= 39.7788714803755
CA410Pollen= 5.17209132295102
CA410Nectar= 119.979854170233
CA1120Pollen= 0.545656341360882
CA1120Nectar= 40.5951544269919
IPollenTrips= 5.91085610212758
INectarTrips= 10.0124775548466
IPollenLoad= 5.78160888282582
INectarLoad= 7.92243156349286
