ICQueenStrength= 1.11076657916419
RQWkrDrnRatio= 1.19391068071127
ICDroneMiteSurvivorship= 5.36550569813699
ICWorkerMiteSurvivorship= 37.1479012537748
ICForagerLifespan= 11.5618402119726
ImmType= Tangent
AIAdultSlope= 2.79226832079934
AIAdultLD50= 0.0762720237486064
AIAdultSlopeContact= 0.574440968614072
AIAdultLD50Contact= 0.012804742413573
AILarvaSlope= 0.0352507013361901
AILarvaLD50= 0.381477720080875
AIKOW= 5.27876135893166
AIKOC= 19.6738738229033
AIHalfLife= 0.352527580293827
EAppRate= 6.05477415956557
FoliarEnabled= true
