ICQueenStrength= 3.92589683644474
RQWkrDrnRatio= 1.8457756601274
ICDroneMiteSurvivorship= 3.48278661258519
ICWorkerMiteSurvivorship= 73.1899366248399
ICForagerLifespan= 14.4797807652503
ImmType= Exponential
RQQueenStrength= 2.9194246949628
RQEnableReQueen=true
AIAdultSlope= 6.81661662831903
AIAdultLD50= 0.420430027135881
AIAdultSlopeContact= 5.12024850584567
AIAdultLD50Contact= 45.0783961891455
AILarvaSlope= 7.29969377629459
AILarvaLD50= 13.2309503014141
AIKOW= 67514.1598453195
AIKOC= 71522.8587612822
AIHalfLife= 30.1601712349802
EAppRate= 8.45987547761761
FoliarEnabled=true
FoliarAppDate= 07/01/1989
FoliarForageBegin= 07/01/1989
FoliarForageEnd= 07/14/1989
AIContactFactor= 1.9232903198991
CL4Pollen= 3.25206946674734
CL4Nectar= 74.1032959194854
CL5Pollen= 5.99993499554694
CL5Nectar= 138.089195312932
CLDPollen= 3.05000700708479
CLDNectar= 2.58158699143678
CA13Pollen= 2.9623719223775
CA13Nectar= 98.23038328439
CA410Pollen= 4.29934556963854
CA410Nectar= 140.002921232954
CA1120Pollen= 1.04722130508162
CA1120Nectar= 84.3019703775644
IPollenTrips= 8.32158150384203
INectarTrips= 6.98708563344553
IPollenLoad= 7.81334836734459
INectarLoad= 4.50967084150761
