ICQueenStrength= 1.30854223668575
RQWkrDrnRatio= 1.95569769665599
ICDroneMiteSurvivorship= 59.4059037975967
ICWorkerMiteSurvivorship= 68.0296308826655
ICForagerLifespan= 14.2995062563568
ImmType= Cosine
RQQueenStrength= 3.41805028636009
RQEnableReQueen=true
AIAdultSlope= 7.95256545767188
AIAdultLD50= 0.944062042559963
AIAdultSlopeContact= 3.70613407623023
AIAdultLD50Contact= 40.7768863576462
AILarvaSlope= 5.54342089220881
AILarvaLD50= 31.4233324199214
AIKOW= 75714.529662051
AIKOC= 38376.4722703095
AIHalfLife= 13.8415533097461
EAppRate= 6.44760049799411
FoliarEnabled=true
FoliarAppDate= 07/01/1989
FoliarForageBegin= 07/01/1989
FoliarForageEnd= 07/14/1989
AIContactFactor= 0.599275536667556
CL4Pollen= 1.44162076618522
CL4Nectar= 53.0974645866081
CL5Pollen= 4.45530311996117
CL5Nectar= 91.0001590847969
CLDPollen= 2.29299355857074
CLDNectar= 119.370009074919
CA13Pollen= 6.23265423281118
CA13Nectar= 41.7674132622778
CA410Pollen= 5.84059767797589
CA410Nectar= 156.161354887299
CA1120Pollen= 2.803813732462
CA1120Nectar= 79.3256876990199
IPollenTrips= 13.6370818689466
INectarTrips= 12.7799090673216
IPollenLoad= 1.24195048119873
INectarLoad= 1.83370411861688
