ICQueenStrength= 1.1715649489779
RQWkrDrnRatio= 4.88802081998438
ICDroneMiteSurvivorship= 81.9344278657809
ICWorkerMiteSurvivorship= 22.7465429808944
ICForagerLifespan= 13.613324848935
ImmType= Tangent
RQQueenStrength= 4.56754739303142
RQEnableReQueen= true
AIAdultSlope= 3.33996092528105
AIAdultLD50= 16.5181247645745
AIAdultSlopeContact= 1.30227566882968
AIAdultLD50Contact= 30.1806596451956
AILarvaSlope= 8.62125217914581
AILarvaLD50= 18.6789734164309
AIKOW= 17171.9650911106
AIKOC= 27125.2943379979
AIHalfLife= 8.38885714828502
EAppRate= 3.17819158021128
FoliarEnabled= true
FoliarAppDate= 06/07/1989
FoliarForageBegin= 06/05/1989
FoliarForageEnd= 06/28/1989
AIContactFactor= 0.613731190287508
CL4Pollen= 1.15978829190135
CL4Nectar= 71.2869388051331
CL5Pollen= 4.09649374801666
CL5Nectar= 26.3846802175976
CLDPollen= 0.172090597450733
CLDNectar= 107.228792191017
CA13Pollen= 7.44355243192986
CA13Nectar= 25.5243157967925
CA410Pollen= 8.24177635137457
CA410Nectar= 89.2332111112773
CA1120Pollen= 0.919928428949788
CA1120Nectar= 49.3512207083404
IPollenTrips= 13.804861207027
INectarTrips= 11.3043385907076
IPollenLoad= 5.79338741023093
INectarLoad= 2.39129465771839
