ICQueenStrength= 3.73963792598806
RQWkrDrnRatio= 3.93387548811734
ICDroneMiteSurvivorship= 27.8839176055044
ICWorkerMiteSurvivorship= 12.0360898552462
ICForagerLifespan= 9.60900366585702
ImmType= Exponential
AIAdultSlope= 2.95853903680807
AIAdultLD50= 0.0841326308902353
AIAdultSlopeContact= 2.69036823655944
AIAdultLD50Contact= 0.0115437600295991
AILarvaSlope= 0.96385008697398
AILarvaLD50= 0.707906891056337
AIKOW= 4.57503388542682
AIKOC= 29.1491025080904
AIHalfLife= 1.1308807449881
EAppRate= 4.53893547179177
FoliarEnabled= true
