ICQueenStrength= 4.75237826025113
RQWkrDrnRatio= 1.26703266333789
ICDroneMiteSurvivorship= 15.1114588836208
ICWorkerMiteSurvivorship= 31.6047988366336
ICForagerLifespan= 13.7717697918415
ImmType= Cosine
RQQueenStrength= 2.30738357547671
RQEnableReQueen= true
AIAdultSlope= 4.8481923751533
AIAdultLD50= 28.361782936557
AIAdultSlopeContact= 8.31273366860114
AIAdultLD50Contact= 41.6926441031764
AILarvaSlope= 4.70452558994293
AILarvaLD50= 45.0479784735839
AIKOW= 65936.3710391844
AIKOC= 49561.8059825154
AIHalfLife= 5.00521984498482
EAppRate= 0.527007618488278
FoliarEnabled= true
FoliarAppDate= 06/07/1989
FoliarForageBegin= 06/05/1989
FoliarForageEnd= 06/28/1989
AIContactFactor= 1.06915760364849
CL4Pollen= 3.18575292173773
CL4Nectar= 69.4931579986587
CL5Pollen= 2.94481956912205
CL5Nectar= 116.737284860574
CLDPollen= 2.66487803589553
CLDNectar= 49.5752412127331
CA13Pollen= 6.84224843634292
CA13Nectar= 44.087093770504
CA410Pollen= 7.580270261853
CA410Nectar= 165.411089551635
CA1120Pollen= 1.43827740289271
CA1120Nectar= 80.7495852932334
IPollenTrips= 13.9102218323387
INectarTrips= 12.7405965537764
IPollenLoad= 0.620380530599505
INectarLoad= 9.7682451759465
