ICQueenStrength= 1.63379897153936
RQWkrDrnRatio= 1.07088746130466
ICDroneMiteSurvivorship= 47.0482683973387
ICWorkerMiteSurvivorship= 42.7418946754187
ICForagerLifespan= 9.05622981116176
ImmType= Cosine
RQQueenStrength= 4.79146376624703
RQEnableReQueen= true
AIAdultSlope= 6.78506240993738
AIAdultLD50= 9.07673448407324
AIAdultSlopeContact= 9.22347731632181
AIAdultLD50Contact= 95.6882470031811
AILarvaSlope= 7.35281101800501
AILarvaLD50= 15.629472891517
AIKOW= 14136.8672433166
AIKOC= 2512.73417101614
AIHalfLife= 8.11568240791093
EAppRate= 2.70919794887444
FoliarEnabled= true
FoliarAppDate= 06/07/1989
FoliarForageBegin= 06/05/1989
FoliarForageEnd= 06/28/1989
AIContactFactor= 1.33313603917137
CL4Pollen= 0.564666721969843
CL4Nectar= 71.9014006666839
CL5Pollen= 2.14490316482261
CL5Nectar= 118.755133368541
CLDPollen= 0.839582526125014
CLDNectar= 22.4649773910642
CA13Pollen= 2.4606533546932
CA13Nectar= 21.7562232725322
CA410Pollen= 8.17558531796094
CA410Nectar= 164.270544038154
CA1120Pollen= 2.88144239131361
CA1120Nectar= 63.3996161073446
IPollenTrips= 12.800780555699
INectarTrips= 10.9874596283771
IPollenLoad= 6.78767236648127
INectarLoad= 5.0663555576466
ESoilP= 1.39256340498105
ESoilFoc= 0.00480203999532387
