ICQueenStrength= 2.65494667273015
RQWkrDrnRatio= 2.80513496696949
ICDroneMiteSurvivorship= 77.3084788583219
ICWorkerMiteSurvivorship= 76.6873737098649
ICForagerLifespan= 12.075490293093
ImmType= Sine
RQQueenStrength= 3.0404387274757
RQEnableReQueen=true
AIAdultSlope= 2.61395867168903
AIAdultLD50= 0.847416927642422
AIAdultSlopeContact= 9.16486132633872
AIAdultLD50Contact= 25.9201141862865
AILarvaSlope= 1.4197169393301
AILarvaLD50= 57.6781479939539
AIKOW= 67135.8459198494
AIKOC= 87537.0286837907
AIHalfLife= 20.3091682296945
EAppRate= 5.33418320898619
FoliarEnabled=true
FoliarAppDate= 07/01/1989
FoliarForageBegin= 07/01/1989
FoliarForageEnd= 07/14/1989
AIContactFactor= 1.46608307067771
CL4Pollen= 0.778906698338687
CL4Nectar= 93.4054232435301
CL5Pollen= 0.467175314202905
CL5Nectar= 105.790616024751
CLDPollen= 5.51854112930596
CLDNectar= 34.8481615190394
CA13Pollen= 4.89220750499517
CA13Nectar= 27.6873812265694
CA410Pollen= 5.5996532058809
CA410Nectar= 190.24834590964
CA1120Pollen= 0.117312613874674
CA1120Nectar= 38.7540979497135
IPollenTrips= 10.124212668743
INectarTrips= 5.48413402400911
IPollenLoad= 9.70536108594388
INectarLoad= 9.00380279636011
