ICQueenStrength= 3.779162642546
RQWkrDrnRatio= 4.25168357230723
ICDroneMiteSurvivorship= 88.3518713293597
ICWorkerMiteSurvivorship= 76.7762480303645
ICForagerLifespan= 11.311653659679
ImmType= Sine
RQQueenStrength= 4.0415472574532
RQEnableReQueen= true
AIAdultSlope= 5.98150269500911
AIAdultLD50= 84.2727084152366
AIAdultSlopeContact= 4.23159838980064
AIAdultLD50Contact= 59.8335039697401
AILarvaSlope= 2.35202904418111
AILarvaLD50= 89.0111174605859
AIKOW= 90290.580543262
AIKOC= 20573.3483617255
AIHalfLife= 26.4839885280933
EAppRate= 7.5798819998093
FoliarEnabled= true
FoliarAppDate= 06/07/1989
FoliarForageBegin= 06/05/1989
FoliarForageEnd= 06/28/1989
AIContactFactor= 2.00465625762939
CL4Pollen= 0.607703079469502
CL4Nectar= 35.6708981562406
CL5Pollen= 2.90241476660594
CL5Nectar= 122.370452061296
CLDPollen= 5.68757214909419
CLDNectar= 33.6009843740612
CA13Pollen= 4.24678694764152
CA13Nectar= 46.6853076778352
CA410Pollen= 2.83622568428982
CA410Nectar= 164.877609955147
CA1120Pollen= 2.31202373793349
CA1120Nectar= 66.8976698070765
IPollenTrips= 9.13683811668307
INectarTrips= 9.39774608705193
IPollenLoad= 7.31707507977262
INectarLoad= 3.25240280013531
