ICQueenStrength= 1.77560607995838
RQWkrDrnRatio= 3.37506909202784
ICDroneMiteSurvivorship= 52.0041431766003
ICWorkerMiteSurvivorship= 7.18217629473656
ICForagerLifespan= 5.54691899660975
ImmType= Sine
RQQueenStrength= 3.49635946843773
RQEnableReQueen=true
AIAdultSlope= 5.26519907079637
AIAdultLD50= 0.216286414910806
AIAdultSlopeContact= 3.63512526010163
AIAdultLD50Contact= 40.0979001078121
AILarvaSlope= 1.60709129087627
AILarvaLD50= 48.0111545711379
AIKOW= 54396.9597402864
AIKOC= 45554.9377065627
AIHalfLife= 20.9886895350413
EAppRate= 8.81619647624693
FoliarEnabled=true
FoliarAppDate= 07/01/1989
FoliarForageBegin= 07/01/1989
FoliarForageEnd= 07/14/1989
AIContactFactor= 0.262080566692166
CL4Pollen= 2.56426937412471
CL4Nectar= 38.5816807392985
CL5Pollen= 2.04515824606642
CL5Nectar= 86.1854061833583
CLDPollen= 0.701174885965884
CLDNectar= 125.33647720702
CA13Pollen= 5.55778870759532
CA13Nectar= 50.7369755767286
CA410Pollen= 4.12720021901187
CA410Nectar= 36.2722316104919
CA1120Pollen= 1.77506418479607
CA1120Nectar= 75.4645916074514
IPollenTrips= 14.1089893761091
INectarTrips= 6.19531706906855
IPollenLoad= 1.30154404323548
INectarLoad= 9.20105205848813
