ICQueenStrength= 1.01505871769041
RQWkrDrnRatio= 1.33271181490272
ICDroneMiteSurvivorship= 87.0735019212589
ICWorkerMiteSurvivorship= 43.0190793937072
ICForagerLifespan= 6.71325196325779
ImmType= Tangent
RQQueenStrength= 1.93441412784159
RQEnableReQueen= true
AIAdultSlope= 6.95857324264944
AIAdultLD50= 54.2159726909976
AIAdultSlopeContact= 4.00499545643106
AIAdultLD50Contact= 63.2757791571896
AILarvaSlope= 5.98954225331545
AILarvaLD50= 92.5071439982702
AIKOW= 66598.6429075187
AIKOC= 24685.2968759406
AIHalfLife= 12.9085649931105
EAppRate= 5.53588879362564
FoliarEnabled= true
FoliarAppDate= 06/07/1989
FoliarForageBegin= 06/05/1989
FoliarForageEnd= 06/28/1989
AIContactFactor= 1.94483157544397
CL4Pollen= 2.59025780204684
CL4Nectar= 71.0305879823864
CL5Pollen= 2.62504163151607
CL5Nectar= 1.18157537654042
CLDPollen= 0.98501122975722
CLDNectar= 103.583075583447
CA13Pollen= 3.58814529171214
CA13Nectar= 88.9574560895562
CA410Pollen= 5.26670601936057
CA410Nectar= 153.345797965303
CA1120Pollen= 0.52048974763602
CA1120Nectar= 26.5277310833335
IPollenTrips= 13.0502265854739
INectarTrips= 5.55520777823403
IPollenLoad= 0.882726982235909
INectarLoad= 3.21299617411569
