ICQueenStrength= 1.76241588103585
RQWkrDrnRatio= 2.00578583683819
ICDroneMiteSurvivorship= 83.919583610259
ICWorkerMiteSurvivorship= 0.112909101881087
ICForagerLifespan= 9.13277053460479
ImmType= Logarithmic
RQQueenStrength= 5.9866122181993
RQEnableReQueen= true
AIAdultSlope= 3.07622030004859
AIAdultLD50= 85.3352191052032
AIAdultSlopeContact= 9.60806579096243
AIAdultLD50Contact= 3.38145710442145
AILarvaSlope= 7.5784205775708
AILarvaLD50= 16.5265493544885
AIKOW= 41820.0343121093
AIKOC= 30636.7661240515
AIHalfLife= 19.7686401539017
EAppRate= 7.91026168398908
FoliarEnabled= true
FoliarAppDate= 06/07/1989
FoliarForageBegin= 06/05/1989
FoliarForageEnd= 06/28/1989
AIContactFactor= 1.39182219382375
CL4Pollen= 3.42843956034631
CL4Nectar= 44.5790935074911
CL5Pollen= 4.82732190052047
CL5Nectar= 101.152215397451
CLDPollen= 5.9403010471724
CLDNectar= 37.0552779058926
CA13Pollen= 3.71001867372543
CA13Nectar= 40.03945376724
CA410Pollen= 4.37215867978521
CA410Nectar= 113.82532320451
CA1120Pollen= 0.645306077320129
CA1120Nectar= 68.2045598328114
IPollenTrips= 8.58256746083498
INectarTrips= 11.0046157985926
IPollenLoad= 0.0822207820601761
INectarLoad= 1.73160934122279
ESoilP= 1.89693773374893
ESoilFoc= 0.0197802325461525
