ICQueenStrength= 3.74080721661448
RQWkrDrnRatio= 3.24963409919292
ICDroneMiteSurvivorship= 26.8875408219174
ICWorkerMiteSurvivorship= 67.8296087309718
ICForagerLifespan= 4.37726705055684
ImmType= Logarithmic
RQQueenStrength= 1.40943422238342
RQEnableReQueen= true
AIAdultSlope= 5.22610034421086
AIAdultLD50= 73.6472710856253
AIAdultSlopeContact= 9.65333136636764
AIAdultLD50Contact= 42.2887807019944
AILarvaSlope= 2.07286955416203
AILarvaLD50= 16.9047437491291
AIKOW= 46639.6548128911
AIKOC= 34063.9233731774
AIHalfLife= 20.8900439867284
EAppRate= 5.38713253094652
FoliarEnabled= true
FoliarAppDate= 06/07/1989
FoliarForageBegin= 06/05/1989
FoliarForageEnd= 06/28/1989
AIContactFactor= 0.308566511366516
CL4Pollen= 2.48416521213949
CL4Nectar= 12.0735476026312
CL5Pollen= 1.15923125250265
CL5Nectar= 43.927718012128
CLDPollen= 1.38372351927683
CLDNectar= 142.356791091152
CA13Pollen= 2.30388404782861
CA13Nectar= 47.2183137573302
CA410Pollen= 4.58815549490973
CA410Nectar= 124.241689499468
CA1120Pollen= 2.82031990773976
CA1120Nectar= 40.8941221982241
IPollenTrips= 14.0853259596042
INectarTrips= 7.14078072225675
IPollenLoad= 6.60299237119034
INectarLoad= 1.0288249887526
ESoilP= 1.05143414228223
ESoilFoc= 0.0183864498953335
