ICQueenStrength= 2.69375874218531
RQWkrDrnRatio= 2.9158798288554
ICDroneMiteSurvivorship= 10.1755188778043
ICWorkerMiteSurvivorship= 1.86057472601533
ICForagerLifespan= 6.68713836465031
ImmType= Logarithmic
AIAdultSlope= 0.0804127009841614
AIAdultLD50= 0.0930703003425151
AIAdultSlopeContact= 0.433401731906924
AIAdultLD50Contact= 0.027400245051831
AILarvaSlope= 0.851314808614552
AILarvaLD50= 0.347916780109517
AIKOW= 3.74915316142142
AIKOC= 23.2389562891331
AIHalfLife= 0.901711571449414
EAppRate= 7.41667025955394
FoliarEnabled= true
