ICQueenStrength= 4.51628180127591
RQWkrDrnRatio= 3.83060754649341
ICDroneMiteSurvivorship= 17.366581177339
ICWorkerMiteSurvivorship= 26.4176838565618
ICForagerLifespan= 15.6943345945328
ImmType= Polynomial
RQQueenStrength= 4.10267729684711
RQEnableReQueen= true
AIAdultSlope= 3.53834064863622
AIAdultLD50= 19.0907014912602
AIAdultSlopeContact= 5.08079055207781
AIAdultLD50Contact= 2.9000186021789
AILarvaSlope= 3.32850465737283
AILarvaLD50= 55.7007447717597
AIKOW= 76529.3398361124
AIKOC= 16762.6335875634
AIHalfLife= 12.040306495945
EAppRate= 1.65929364142241
FoliarEnabled= true
FoliarAppDate= 06/07/1989
FoliarForageBegin= 06/05/1989
FoliarForageEnd= 06/28/1989
AIContactFactor= 2.16592457320541
CL4Pollen= 2.80619514081627
CL4Nectar= 90.9749767975882
CL5Pollen= 0.127708453685045
CL5Nectar= 134.751574066468
CLDPollen= 4.07316791731864
CLDNectar= 67.1998654142953
CA13Pollen= 8.00927959177643
CA13Nectar= 97.8979551978409
CA410Pollen= 7.98147812488023
CA410Nectar= 109.44844072219
CA1120Pollen= 2.24211091850884
CA1120Nectar= 21.9329314678907
IPollenTrips= 10.7731750304811
INectarTrips= 10.2689150092192
IPollenLoad= 2.19949819846079
INectarLoad= 9.75591608555987
ESoilP= 1.96093685226515
ESoilFoc= 0.00947781977220439
