ICQueenStrength= 2.50888502597809
RQWkrDrnRatio= 2.96707510761917
ICDroneMiteSurvivorship= 15.7450560014695
ICWorkerMiteSurvivorship= 74.2632346926257
ICForagerLifespan= 8.46428831201047
ImmType= Polynomial
RQQueenStrength= 4.1007162691094
RQEnableReQueen= true
AIAdultSlope= 7.48615873232484
AIAdultLD50= 71.2268069646296
AIAdultSlopeContact= 1.567011999432
AIAdultLD50Contact= 23.9656227371409
AILarvaSlope= 6.95001798309386
AILarvaLD50= 89.0621739627675
AIKOW= 72941.6242617846
AIKOC= 22032.768372583
AIHalfLife= 10.5437608523527
EAppRate= 4.47279831917514
FoliarEnabled= true
FoliarAppDate= 06/07/1989
FoliarForageBegin= 06/05/1989
FoliarForageEnd= 06/28/1989
AIContactFactor= 2.16715845428407
CL4Pollen= 3.51881717611104
CL4Nectar= 75.3346090903506
CL5Pollen= 2.08237475948408
CL5Nectar= 43.8661868451163
CLDPollen= 5.10765043320134
CLDNectar= 129.113270854577
CA13Pollen= 2.79513618331403
CA13Nectar= 39.1133955493569
CA410Pollen= 5.19302428588271
CA410Nectar= 50.8956328965724
CA1120Pollen= 2.79422323708422
CA1120Nectar= 27.9168040305376
IPollenTrips= 14.9889697181061
INectarTrips= 12.0684048184194
IPollenLoad= 6.79541029967368
INectarLoad= 8.08075107866898
ESoilP= 1.53694063285366
ESoilFoc= 0.00931523814424872
