ICQueenStrength= 1.39371917024255
RQWkrDrnRatio= 3.44892578199506
ICDroneMiteSurvivorship= 53.7090440047905
ICWorkerMiteSurvivorship= 82.485181465745
ICForagerLifespan= 14.8101193560287
ImmType= Tangent
RQQueenStrength= 2.66109484247863
RQEnableReQueen=true
AIAdultSlope= 8.79463559016585
AIAdultLD50= 0.701531720741885
AIAdultSlopeContact= 3.61462864442728
AIAdultLD50Contact= 85.3602968567866
AILarvaSlope= 2.10701803676784
AILarvaLD50= 72.5843896165665
AIKOW= 28822.5780638105
AIKOC= 92050.6951220937
AIHalfLife= 13.0828097581631
EAppRate= 5.97319758064975
FoliarEnabled=true
FoliarAppDate= 07/01/1989
FoliarForageBegin= 07/01/1989
FoliarForageEnd= 07/14/1989
AIContactFactor= 2.05151334590279
CL4Pollen= 1.26297399587929
CL4Nectar= 54.3079009978101
CL5Pollen= 5.00028153788298
CL5Nectar= 96.3077723281458
CLDPollen= 5.73741927975789
CLDNectar= 36.5189939620905
CA13Pollen= 2.24579430166632
CA13Nectar= 88.4225448407233
CA410Pollen= 5.87547676397953
CA410Nectar= 159.281521695666
CA1120Pollen= 1.73359317099676
CA1120Nectar= 28.9861521869898
IPollenTrips= 8.2977009145543
INectarTrips= 9.68323109671474
IPollenLoad= 9.93428585119545
INectarLoad= 4.50345465214923
