ICQueenStrength= 3.78409036342055
RQWkrDrnRatio= 2.27084596455097
ICDroneMiteSurvivorship= 34.8399077309296
ICWorkerMiteSurvivorship= 28.5322657553479
ICForagerLifespan= 5.31954790931195
ImmType= Tangent
RQQueenStrength= 2.1582078516949
RQEnableReQueen= true
AIAdultSlope= 7.29168302752078
AIAdultLD50= 54.7073199705332
AIAdultSlopeContact= 2.39396111783572
AIAdultLD50Contact= 75.9416553444155
AILarvaSlope= 2.25652177073061
AILarvaLD50= 65.3648311933617
AIKOW= 19599.1541566103
AIKOC= 30713.1049407744
AIHalfLife= 20.0132175433915
EAppRate= 0.052346485187998
FoliarEnabled= true
FoliarAppDate= 06/07/1989
FoliarForageBegin= 06/05/1989
FoliarForageEnd= 06/28/1989
AIContactFactor= 0.540280673080124
CL4Pollen= 0.845989640802145
CL4Nectar= 91.4644189644605
CL5Pollen= 5.59098473796621
CL5Nectar= 6.46609727991745
CLDPollen= 2.25967990234494
CLDNectar= 65.524159069173
CA13Pollen= 4.7898481993936
CA13Nectar= 32.1927047893405
CA410Pollen= 6.11706326704007
CA410Nectar= 134.473205828108
CA1120Pollen= 1.39580208621919
CA1120Nectar= 99.6172671951354
IPollenTrips= 8.99965280666947
INectarTrips= 14.8726114677265
IPollenLoad= 8.55162347201258
INectarLoad= 4.25576446345076
ESoilP= 1.74325562431477
ESoilFoc= 0.0100543300628196
