ICQueenStrength= 3.81386892544106
RQWkrDrnRatio= 2.0664116628468
ICDroneMiteSurvivorship= 20.7854245323688
ICWorkerMiteSurvivorship= 66.3128497544676
ICForagerLifespan= 12.3839805843309
ImmType= Sine
RQQueenStrength= 5.00054053636268
RQEnableReQueen= true
AIAdultSlope= 7.14560373686254
AIAdultLD50= 1.50039793644124
AIAdultSlopeContact= 8.57717800303362
AIAdultLD50Contact= 62.5417753436107
AILarvaSlope= 7.377187339589
AILarvaLD50= 24.9870670757152
AIKOW= 77072.52859773
AIKOC= 30297.6418806759
AIHalfLife= 32.9196534939343
EAppRate= 1.74647211277788
FoliarEnabled= true
FoliarAppDate= 06/07/1989
FoliarForageBegin= 06/05/1989
FoliarForageEnd= 06/28/1989
AIContactFactor= 1.68245817456394
CL4Pollen= 0.715045085176826
CL4Nectar= 7.23510456737131
CL5Pollen= 1.94049758138135
CL5Nectar= 46.0952145745978
CLDPollen= 1.99741105455905
CLDNectar= 67.463266546838
CA13Pollen= 5.77785918517038
CA13Nectar= 32.9660263471305
CA410Pollen= 9.19913937412202
CA410Nectar= 60.3370344033465
CA1120Pollen= 1.49710978916846
CA1120Nectar= 93.3621138334274
IPollenTrips= 6.68326499639079
INectarTrips= 12.1257579489611
IPollenLoad= 1.97402607416734
INectarLoad= 5.59462398989126
ESoilP= 1.48285783478059
ESoilFoc= 0.00988518706778996
