ICQueenStrength= 2.04797426052392
RQWkrDrnRatio= 2.9050684934482
ICDroneMiteSurvivorship= 67.1631589531898
ICWorkerMiteSurvivorship= 16.4234614465386
ICForagerLifespan= 5.61939540505409
ImmType= Sine
RQQueenStrength= 2.71515492722392
RQEnableReQueen=true
AIAdultSlope= 5.15475832112134
AIAdultLD50= 0.524884916234994
AIAdultSlopeContact= 5.22587525262497
AIAdultLD50Contact= 16.4740329023555
AILarvaSlope= 8.78346146829426
AILarvaLD50= 62.0959790147806
AIKOW= 55102.1187062131
AIKOC= 12383.5866418506
AIHalfLife= 8.09730030386709
EAppRate= 6.92777507298696
FoliarEnabled=true
FoliarAppDate= 07/01/1989
FoliarForageBegin= 07/01/1989
FoliarForageEnd= 07/14/1989
AIContactFactor= 1.24461608526297
CL4Pollen= 2.44422707241029
CL4Nectar= 10.1832976797596
CL5Pollen= 0.46617525536567
CL5Nectar= 72.2611504490487
CLDPollen= 4.75557195022702
CLDNectar= 49.8967799940147
CA13Pollen= 4.22599546639249
CA13Nectar= 76.6937724687159
CA410Pollen= 6.74228540672921
CA410Nectar= 78.6747246608138
CA1120Pollen= 2.51416209270246
CA1120Nectar= 53.1190540082753
IPollenTrips= 12.9113582661375
INectarTrips= 14.4779935572296
IPollenLoad= 1.55411781277508
INectarLoad= 4.91315978812054
