ICQueenStrength= 1.34758990979753
RQWkrDrnRatio= 2.35812856070697
ICDroneMiteSurvivorship= 41.7467557592317
ICWorkerMiteSurvivorship= 69.9554454535246
ICForagerLifespan= 11.6569233313203
ImmType= Tangent
RQQueenStrength= 3.53772653522901
RQEnableReQueen= true
AIAdultSlope= 4.59384332969785
AIAdultLD50= 78.3265864186301
AIAdultSlopeContact= 7.24412334966473
AIAdultLD50Contact= 72.4892280973662
AILarvaSlope= 3.07641728594899
AILarvaLD50= 4.63985542952549
AIKOW= 69890.9326297574
AIKOC= 94175.1203451254
AIHalfLife= 6.43334013319109
EAppRate= 4.09484204363078
FoliarEnabled= true
FoliarAppDate= 06/07/1989
FoliarForageBegin= 06/05/1989
FoliarForageEnd= 06/28/1989
AIContactFactor= 1.6736747160973
CL4Pollen= 0.522912842221558
CL4Nectar= 29.5368950581178
CL5Pollen= 4.87947459239513
CL5Nectar= 4.63817784329876
CLDPollen= 2.49341596383601
CLDNectar= 32.7679760637693
CA13Pollen= 5.9284999419935
CA13Nectar= 63.6666243709624
CA410Pollen= 7.72489472415764
CA410Nectar= 78.0774923926219
CA1120Pollen= 0.758129969006404
CA1120Nectar= 61.4835372567177
IPollenTrips= 7.71040289429948
INectarTrips= 6.92628702614456
IPollenLoad= 3.72073926497251
INectarLoad= 5.45320320408791
