ICQueenStrength= 2.11840600613505
RQWkrDrnRatio= 2.9741979027167
ICDroneMiteSurvivorship= 16.0244524478912
ICWorkerMiteSurvivorship= 73.7596550025046
ICForagerLifespan= 15.2652388755232
ImmType= Exponential
RQQueenStrength= 2.13165004085749
RQEnableReQueen=true
AIAdultSlope= 6.17050597444177
AIAdultLD50= 0.00434410830098204
AIAdultSlopeContact= 8.28976171137765
AIAdultLD50Contact= 61.0153420583934
AILarvaSlope= 7.68917259946465
AILarvaLD50= 40.9539627687421
AIKOW= 78727.3550258326
AIKOC= 7684.84860779974
AIHalfLife= 14.1228793708142
EAppRate= 1.92199061987759
FoliarEnabled=true
FoliarAppDate= 07/01/1989
FoliarForageBegin= 07/01/1989
FoliarForageEnd= 07/14/1989
AIContactFactor= 2.24477980993688
CL4Pollen= 2.14673152938485
CL4Nectar= 30.6411781813949
CL5Pollen= 2.45144806103781
CL5Nectar= 102.328272617888
CLDPollen= 1.65976589173079
CLDNectar= 76.8347765319049
CA13Pollen= 8.1428272228688
CA13Nectar= 36.6334166936576
CA410Pollen= 3.07836104615126
CA410Nectar= 73.1102896528319
CA1120Pollen= 1.24595937458798
CA1120Nectar= 43.2827417366207
IPollenTrips= 11.7990402132273
INectarTrips= 6.04663393925875
IPollenLoad= 1.05431547388434
INectarLoad= 9.47195425396785
