ICQueenStrength= 5.51059011975303
RQWkrDrnRatio= 4.75981513876468
ICDroneMiteSurvivorship= 29.4993387069553
ICWorkerMiteSurvivorship= 74.9074294231832
ICForagerLifespan= 15.1688935728744
ImmType= Polynomial
RQQueenStrength= 2.7166430328507
RQEnableReQueen= true
AIAdultSlope= 8.60555199161172
AIAdultLD50= 66.5196892998123
AIAdultSlopeContact= 4.55834459746256
AIAdultLD50Contact= 48.2215440808765
AILarvaSlope= 8.87860299646854
AILarvaLD50= 46.8239437129968
AIKOW= 84273.9543538275
AIKOC= 25159.3552560918
AIHalfLife= 14.3139025828568
EAppRate= 8.83161921890243
FoliarEnabled= true
FoliarAppDate= 06/07/1989
FoliarForageBegin= 06/05/1989
FoliarForageEnd= 06/28/1989
AIContactFactor= 1.1418774729548
CL4Pollen= 2.4947050139308
CL4Nectar= 21.4218795066699
CL5Pollen= 3.70550985541195
CL5Nectar= 139.935963938478
CLDPollen= 4.35284837381914
CLDNectar= 80.976862530224
CA13Pollen= 5.6563996498473
CA13Nectar= 44.3573440238833
CA410Pollen= 7.61809710180387
CA410Nectar= 98.4046822693199
CA1120Pollen= 1.1987444171682
CA1120Nectar= 99.1585013270378
IPollenTrips= 14.5757081918418
INectarTrips= 8.83637366583571
IPollenLoad= 4.10827093757689
INectarLoad= 7.74564820341766
