ICQueenStrength= 5.23248551669531
RQWkrDrnRatio= 2.61308864690363
ICDroneMiteSurvivorship= 98.3712987741455
ICWorkerMiteSurvivorship= 3.82502160500735
ICForagerLifespan= 13.0821558861062
ImmType= Cosine
RQQueenStrength= 2.30423014285043
RQEnableReQueen= true
AIAdultSlope= 6.74988800100982
AIAdultLD50= 0.941685254600598
AIAdultSlopeContact= 6.52973890770227
AIAdultLD50Contact= 50.766117917439
AILarvaSlope= 8.70399159193039
AILarvaLD50= 94.741519040497
AIKOW= 9087.17579365815
AIKOC= 10942.7439091434
AIHalfLife= 24.3763805103023
EAppRate= 6.79695375158265
FoliarEnabled= true
FoliarAppDate= 09/01/1989
FoliarForageBegin= 09/01/1989
FoliarForageEnd= 09/08/1989
AIContactFactor= 0.603856927398592
CL4Pollen= 1.25617131218314
CL4Nectar= 52.1479331888258
CL5Pollen= 4.36169893294573
CL5Nectar= 140.010882786009
CLDPollen= 0.957407740876079
CLDNectar= 128.651446918957
CA13Pollen= 6.48415073128417
CA13Nectar= 92.9517215304077
CA410Pollen= 2.68225680920295
CA410Nectar= 53.2974774343893
CA1120Pollen= 1.41097429557703
CA1120Nectar= 83.8213741406798
IPollenTrips= 10.7042679493316
INectarTrips= 14.4308518152684
IPollenLoad= 0.66307774046436
INectarLoad= 5.3093582415022
