ICQueenStrength= 3.7382185892202
RQWkrDrnRatio= 3.19545794744045
ICDroneMiteSurvivorship= 36.1829568399116
ICWorkerMiteSurvivorship= 46.4176867390051
ICForagerLifespan= 10.6010249285027
ImmType= Sine
RQQueenStrength= 4.34257180220447
RQEnableReQueen= true
AIAdultSlope= 3.2005313411355
AIAdultLD50= 12.6605558530602
AIAdultSlopeContact= 4.33038544491865
AIAdultLD50Contact= 29.5175451153561
AILarvaSlope= 3.88763024099171
AILarvaLD50= 2.28150580528611
AIKOW= 12686.1213010338
AIKOC= 70965.2915465885
AIHalfLife= 27.64964712488
EAppRate= 9.97052008583979
FoliarEnabled= true
FoliarAppDate= 06/07/1989
FoliarForageBegin= 06/05/1989
FoliarForageEnd= 06/28/1989
AIContactFactor= 1.31338596381247
CL4Pollen= 0.23437605984509
CL4Nectar= 28.7223171675578
CL5Pollen= 3.96581505937502
CL5Nectar= 55.943872674834
CLDPollen= 3.96074048476294
CLDNectar= 37.7176560927182
CA13Pollen= 3.16504128398374
CA13Nectar= 26.3296938128769
CA410Pollen= 2.25612677396275
CA410Nectar= 175.238464120775
CA1120Pollen= 1.30024683522061
CA1120Nectar= 69.1364004649222
IPollenTrips= 9.53186779050156
INectarTrips= 10.5796991521493
IPollenLoad= 0.565874662715942
INectarLoad= 5.86823564954102
