ICQueenStrength= 1.54135102080181
RQWkrDrnRatio= 2.77555174566805
ICDroneMiteSurvivorship= 62.8794247750193
ICWorkerMiteSurvivorship= 56.6141109447926
ICForagerLifespan= 14.4472394399345
ImmType= Polynomial
RQQueenStrength= 5.30170010309666
RQEnableReQueen= true
AIAdultSlope= 2.15361083671451
AIAdultLD50= 44.3120032095276
AIAdultSlopeContact= 5.65756694064476
AIAdultLD50Contact= 51.9364313770079
AILarvaSlope= 8.19316955655813
AILarvaLD50= 46.5392854165214
AIKOW= 6014.34315706982
AIKOC= 71245.6360698857
AIHalfLife= 33.8027377377497
EAppRate= 4.68459211024991
FoliarEnabled= true
FoliarAppDate= 06/07/1989
FoliarForageBegin= 06/05/1989
FoliarForageEnd= 06/28/1989
AIContactFactor= 2.21476674906444
CL4Pollen= 3.00387473031878
CL4Nectar= 85.6180605711415
CL5Pollen= 2.85076510347426
CL5Nectar= 92.9518128046766
CLDPollen= 1.86052508046851
CLDNectar= 53.7473116535693
CA13Pollen= 4.7531397620216
CA13Nectar= 80.1277417875826
CA410Pollen= 2.99250299842097
CA410Nectar= 149.646040783264
CA1120Pollen= 2.94032592256553
CA1120Nectar= 83.2185343839228
IPollenTrips= 14.4796632998623
INectarTrips= 6.9084694609046
IPollenLoad= 4.44220844423398
INectarLoad= 3.80241650389507
