ICQueenStrength= 1.00056845718063
RQWkrDrnRatio= 3.68115053419024
ICDroneMiteSurvivorship= 0.0927864341065288
ICWorkerMiteSurvivorship= 75.2793796127662
ICForagerLifespan= 12.6932244673371
ImmType= Sine
RQQueenStrength= 3.84614208037965
RQEnableReQueen= true
AIAdultSlope= 5.19803584739566
AIAdultLD50= 57.7458400559842
AIAdultSlopeContact= 2.60526930959895
AIAdultLD50Contact= 12.1860282074395
AILarvaSlope= 5.18503334186971
AILarvaLD50= 69.9290291758436
AIKOW= 44251.931981094
AIKOC= 79990.3638697979
AIHalfLife= 14.065027723345
EAppRate= 1.396802781292
FoliarEnabled= true
FoliarAppDate= 06/07/1989
FoliarForageBegin= 06/05/1989
FoliarForageEnd= 06/28/1989
AIContactFactor= 1.64261771641206
CL4Pollen= 2.24140147119761
CL4Nectar= 82.5241847662255
CL5Pollen= 5.4740728167817
CL5Nectar= 87.8698750049807
CLDPollen= 5.20034653320909
CLDNectar= 53.6630411515944
CA13Pollen= 2.85137761784717
CA13Nectar= 65.5143054947257
CA410Pollen= 4.79968778130133
CA410Nectar= 83.521491731517
CA1120Pollen= 0.0280036409385502
CA1120Nectar= 46.8494766764343
IPollenTrips= 6.69213100802153
INectarTrips= 8.95867855520919
IPollenLoad= 0.634103494230658
INectarLoad= 9.65798520948738
