ICQueenStrength= 3.49266231432557
RQWkrDrnRatio= 1.23014539293945
ICDroneMiteSurvivorship= 25.5055135348812
ICWorkerMiteSurvivorship= 28.559155203402
ICForagerLifespan= 13.4819835722446
ImmType= Logarithmic
RQQueenStrength= 3.14795405277982
RQEnableReQueen= true
AIAdultSlope= 2.29981118440628
AIAdultLD50= 30.6854278938784
AIAdultSlopeContact= 9.27812934922986
AIAdultLD50Contact= 94.9785757741623
AILarvaSlope= 5.48897556215525
AILarvaLD50= 7.78099964734027
AIKOW= 99069.4923092728
AIKOC= 53307.6024714992
AIHalfLife= 11.7450691401958
EAppRate= 7.84643983923597
FoliarEnabled= true
FoliarAppDate= 06/07/1989
FoliarForageBegin= 06/05/1989
FoliarForageEnd= 06/28/1989
AIContactFactor= 1.73270314729772
CL4Pollen= 0.920481323264539
CL4Nectar= 40.6325440388173
CL5Pollen= 0.374827302061021
CL5Nectar= 47.3898081458174
CLDPollen= 0.101298855151981
CLDNectar= 77.0317959948443
CA13Pollen= 3.09363791840151
CA13Nectar= 44.7956774570048
CA410Pollen= 6.16411775627639
CA410Nectar= 97.1543749794364
CA1120Pollen= 1.36345489206724
CA1120Nectar= 67.5293532386422
IPollenTrips= 13.8178139925003
INectarTrips= 5.84330537822098
IPollenLoad= 2.84378150710836
INectarLoad= 4.86835636198521
