ICQueenStrength= 2.04871406918392
RQWkrDrnRatio= 3.85716359876096
ICDroneMiteSurvivorship= 36.9859619066119
ICWorkerMiteSurvivorship= 6.51493356563151
ICForagerLifespan= 11.9249591492116
ImmType= Cosine
RQQueenStrength= 1.26333224726841
RQEnableReQueen= true
AIAdultSlope= 6.75937838666141
AIAdultLD50= 74.306427371124
AIAdultSlopeContact= 8.38163012149744
AIAdultLD50Contact= 87.1069517586713
AILarvaSlope= 3.81241447478533
AILarvaLD50= 60.4071963147668
AIKOW= 94453.4034426895
AIKOC= 71842.8819559293
AIHalfLife= 24.4674793697894
EAppRate= 0.00756089788163081
FoliarEnabled= true
FoliarAppDate= 06/07/1989
FoliarForageBegin= 06/05/1989
FoliarForageEnd= 06/28/1989
AIContactFactor= 0.510450999895111
CL4Pollen= 0.397859442979097
CL4Nectar= 9.74487124476582
CL5Pollen= 3.32826141128317
CL5Nectar= 40.0218992494047
CLDPollen= 0.969103205949068
CLDNectar= 20.2967536635697
CA13Pollen= 5.99449941357598
CA13Nectar= 26.349476762116
CA410Pollen= 8.00572076304816
CA410Nectar= 73.9533892506734
CA1120Pollen= 1.25486713112332
CA1120Nectar= 85.9300954267383
IPollenTrips= 13.79359299317
INectarTrips= 6.62455843761563
IPollenLoad= 4.52262112637982
INectarLoad= 1.80485711200163
