ICQueenStrength= 2.05992650613189
RQWkrDrnRatio= 1.64534491673112
ICDroneMiteSurvivorship= 59.0902832336724
ICWorkerMiteSurvivorship= 46.106033702381
ICForagerLifespan= 9.90930711477995
ImmType= Exponential
RQQueenStrength= 5.62119793519378
RQEnableReQueen= true
AIAdultSlope= 2.03280357457697
AIAdultLD50= 89.210228650315
AIAdultSlopeContact= 2.46371988207102
AIAdultLD50Contact= 48.7724992275254
AILarvaSlope= 5.48703654482961
AILarvaLD50= 8.16339277468854
AIKOW= 43356.6429019298
AIKOC= 76789.6645903317
AIHalfLife= 8.69247429755051
EAppRate= 9.00267035995098
FoliarEnabled= true
FoliarAppDate= 06/07/1989
FoliarForageBegin= 06/05/1989
FoliarForageEnd= 06/28/1989
AIContactFactor= 0.2837071343977
CL4Pollen= 0.27357148937881
CL4Nectar= 81.3241932773963
CL5Pollen= 2.67568835522979
CL5Nectar= 114.557786041405
CLDPollen= 0.459950522985309
CLDNectar= 44.5020803133957
CA13Pollen= 6.65817921636626
CA13Nectar= 61.4863491803408
CA410Pollen= 5.24035455575213
CA410Nectar= 158.626165119931
CA1120Pollen= 0.75566487852484
CA1120Nectar= 43.0302016995847
IPollenTrips= 6.76529266871512
INectarTrips= 11.197351901792
IPollenLoad= 8.40176691068336
INectarLoad= 5.56695976993069
ESoilP= 1.05027583055198
ESoilFoc= 0.00449524463713169
