ICQueenStrength= 1.17791711492464
RQWkrDrnRatio= 4.7438339618966
ICDroneMiteSurvivorship= 42.5214159069583
ICWorkerMiteSurvivorship= 24.8476512962952
ICForagerLifespan= 12.0070059951395
ImmType= Polynomial
RQQueenStrength= 2.0986256680917
RQEnableReQueen= true
AIAdultSlope= 1.8459107875824
AIAdultLD50= 72.8978194392826
AIAdultSlopeContact= 7.56059516710229
AIAdultLD50Contact= 37.7979048263191
AILarvaSlope= 3.89238474145532
AILarvaLD50= 39.5121780592366
AIKOW= 75782.1172013652
AIKOC= 22836.6426364763
AIHalfLife= 14.6259313381044
EAppRate= 4.52422343272111
FoliarEnabled= true
FoliarAppDate= 06/07/1989
FoliarForageBegin= 06/05/1989
FoliarForageEnd= 06/28/1989
AIContactFactor= 0.900807319940068
CL4Pollen= 2.76817957963794
CL4Nectar= 53.0566281406209
CL5Pollen= 4.1568676228635
CL5Nectar= 81.8554605008103
CLDPollen= 2.69285541912541
CLDNectar= 49.1365905851126
CA13Pollen= 2.23207471314818
CA13Nectar= 93.0848079547286
CA410Pollen= 8.27014315892011
CA410Nectar= 55.2251733001322
CA1120Pollen= 1.10290205245838
CA1120Nectar= 82.6933440566063
IPollenTrips= 9.63205344509333
INectarTrips= 8.01194533705711
IPollenLoad= 7.87108517019078
INectarLoad= 1.04549759533256
