ICQueenStrength= 1.39346958626993
RQWkrDrnRatio= 2.82840391155332
ICDroneMiteSurvivorship= 11.0543285030872
ICWorkerMiteSurvivorship= 66.3738049333915
ICForagerLifespan= 14.6386472759768
ImmType= Tangent
RQQueenStrength= 4.09119970304891
RQEnableReQueen= true
AIAdultSlope= 1.4994197357446
AIAdultLD50= 10.6209320109636
AIAdultSlopeContact= 3.03694197279401
AIAdultLD50Contact= 72.6321609345013
AILarvaSlope= 6.26547398418188
AILarvaLD50= 90.443176558834
AIKOW= 41007.7567764041
AIKOC= 80676.6646074213
AIHalfLife= 30.4064348557964
EAppRate= 7.99388862085692
FoliarEnabled= true
FoliarAppDate= 06/07/1989
FoliarForageBegin= 06/05/1989
FoliarForageEnd= 06/28/1989
AIContactFactor= 1.87401970530394
CL4Pollen= 2.22742274403572
CL4Nectar= 73.4565462218598
CL5Pollen= 4.19989419635385
CL5Nectar= 126.839698443655
CLDPollen= 1.17761139990762
CLDNectar= 146.457782608923
CA13Pollen= 4.15525532169268
CA13Nectar= 71.5607391297817
CA410Pollen= 4.4707921409281
CA410Nectar= 115.642636320554
CA1120Pollen= 1.36539240879938
CA1120Nectar= 32.2587631270289
IPollenTrips= 11.3701620534994
INectarTrips= 11.9859734619968
IPollenLoad= 4.857989535667
INectarLoad= 2.83746583154425
