ICQueenStrength= 1.19810264231637
RQWkrDrnRatio= 2.53815850522369
ICDroneMiteSurvivorship= 18.9547478919849
ICWorkerMiteSurvivorship= 81.9209271809086
ICForagerLifespan= 12.5634369021282
ImmType= Sine
RQQueenStrength= 5.84732338925824
RQEnableReQueen= true
AIAdultSlope= 7.45215349830687
AIAdultLD50= 19.8552962213845
AIAdultSlopeContact= 6.48035094467923
AIAdultLD50Contact= 93.138480745944
AILarvaSlope= 4.85977957770228
AILarvaLD50= 83.5828662658054
AIKOW= 72795.9239585472
AIKOC= 92467.1724987479
AIHalfLife= 32.2118847260717
EAppRate= 2.99308071376127
FoliarEnabled= true
FoliarAppDate= 06/07/1989
FoliarForageBegin= 06/05/1989
FoliarForageEnd= 06/28/1989
AIContactFactor= 1.21782444149256
CL4Pollen= 2.36550671514124
CL4Nectar= 71.7573614791036
CL5Pollen= 4.95852383365855
CL5Nectar= 34.049094223883
CLDPollen= 3.72107687685639
CLDNectar= 61.0170058789663
CA13Pollen= 8.13394659645855
CA13Nectar= 38.0473801679909
CA410Pollen= 4.80390595057979
CA410Nectar= 37.6804909203202
CA1120Pollen= 0.883637216174975
CA1120Nectar= 50.4048431664705
IPollenTrips= 9.57224792102352
INectarTrips= 14.1851915442385
IPollenLoad= 2.69778547342867
INectarLoad= 3.01291259936988
