ICQueenStrength= 4.79206694895402
RQWkrDrnRatio= 2.28645335324109
ICDroneMiteSurvivorship= 51.4129575574771
ICWorkerMiteSurvivorship= 28.8210600614548
ICForagerLifespan= 11.2787295468152
ImmType= Sine
RQQueenStrength= 1.6644314865116
RQEnableReQueen= true
AIAdultSlope= 6.6080698594451
AIAdultLD50= 11.8359708120318
AIAdultSlopeContact= 6.53393823280931
AIAdultLD50Contact= 83.3283305051534
AILarvaSlope= 1.09783598780632
AILarvaLD50= 41.278642832373
AIKOW= 10746.4333144293
AIKOC= 89844.4346344501
AIHalfLife= 2.69845609753393
EAppRate= 0.935097440466518
FoliarEnabled= true
FoliarAppDate= 06/07/1989
FoliarForageBegin= 06/05/1989
FoliarForageEnd= 06/28/1989
AIContactFactor= 0.7368759790482
CL4Pollen= 3.05281872488558
CL4Nectar= 96.7085211537778
CL5Pollen= 3.77335973130539
CL5Nectar= 45.1967897708528
CLDPollen= 3.00843370752409
CLDNectar= 40.9614754258655
CA13Pollen= 2.96644024532288
CA13Nectar= 21.1000824905932
CA410Pollen= 8.74300495465286
CA410Nectar= 86.6597222955897
CA1120Pollen= 0.509448575321585
CA1120Nectar= 50.9131089039147
IPollenTrips= 13.628227149602
INectarTrips= 8.629419375211
IPollenLoad= 5.70524151902646
INectarLoad= 9.9725588504225
ESoilP= 1.32978041679598
ESoilFoc= 0.0178514726115391
