ICQueenStrength= 1.37195840571076
RQWkrDrnRatio= 2.45660114102066
ICDroneMiteSurvivorship= 54.1852249065414
ICWorkerMiteSurvivorship= 8.72780990321189
ICForagerLifespan= 11.1187446052209
ImmType= Sine
RQQueenStrength= 4.50516181904823
RQEnableReQueen=true
AIAdultSlope= 6.24072644859552
AIAdultLD50= 0.559826452149078
AIAdultSlopeContact= 1.56434946903028
AIAdultLD50Contact= 78.267187771041
AILarvaSlope= 1.03107373043895
AILarvaLD50= 35.8141403387415
AIKOW= 2496.90946127817
AIKOC= 13997.3960632111
AIHalfLife= 16.6699398581171
EAppRate= 3.07150491596805
FoliarEnabled=true
FoliarAppDate= 07/01/1989
FoliarForageBegin= 07/01/1989
FoliarForageEnd= 07/14/1989
AIContactFactor= 1.66305662788916
CL4Pollen= 2.74288136325777
CL4Nectar= 77.2584250429645
CL5Pollen= 4.70159814180806
CL5Nectar= 95.9740622900426
CLDPollen= 5.59075418254361
CLDNectar= 134.898129967041
CA13Pollen= 7.74526185430586
CA13Nectar= 83.0301200971007
CA410Pollen= 8.51674626867753
CA410Nectar= 154.077863958664
CA1120Pollen= 0.0892305043525994
CA1120Nectar= 20.3024695627391
IPollenTrips= 9.22544073546305
INectarTrips= 7.47086873976514
IPollenLoad= 9.03976804111153
INectarLoad= 8.57152027776465
