ICQueenStrength= 4.5390485834796
RQWkrDrnRatio= 2.38330035470426
ICDroneMiteSurvivorship= 5.26918976102024
ICWorkerMiteSurvivorship= 74.0870034089312
ICForagerLifespan= 7.07487154286355
ImmType= Exponential
RQQueenStrength= 1.07890820270404
RQEnableReQueen= true
AIAdultSlope= 8.86459064669907
AIAdultLD50= 40.1256924745727
AIAdultSlopeContact= 6.4268145095557
AIAdultLD50Contact= 23.1864128847227
AILarvaSlope= 3.40848289616406
AILarvaLD50= 84.1879572088034
AIKOW= 27557.9362673761
AIKOC= 65545.8169781349
AIHalfLife= 1.14920597404707
EAppRate= 4.07325177536276
FoliarEnabled= true
FoliarAppDate= 06/07/1989
FoliarForageBegin= 06/05/1989
FoliarForageEnd= 06/28/1989
AIContactFactor= 0.592930642464198
CL4Pollen= 0.969182875938714
CL4Nectar= 45.7765736384317
CL5Pollen= 5.07921485742554
CL5Nectar= 38.0967397824861
CLDPollen= 1.70874846819788
CLDNectar= 106.545725511387
CA13Pollen= 7.71837279554456
CA13Nectar= 41.2597673013806
CA410Pollen= 4.83386623533443
CA410Nectar= 117.513112579472
CA1120Pollen= 0.990906526101753
CA1120Nectar= 34.131760392338
IPollenTrips= 6.08772213803604
INectarTrips= 8.99848042521626
IPollenLoad= 5.1612592372112
INectarLoad= 3.28899869229645
