ICQueenStrength= 3.09519738680683
RQWkrDrnRatio= 3.59979269187897
ICDroneMiteSurvivorship= 2.78587895445526
ICWorkerMiteSurvivorship= 86.2379237543792
ICForagerLifespan= 11.2848923746496
ImmType= Sine
RQQueenStrength= 5.40190064837225
RQEnableReQueen= true
AIAdultSlope= 1.80290389992297
AIAdultLD50= 4.41723491287651
AIAdultSlopeContact= 5.78291523898952
AIAdultLD50Contact= 83.1124547686889
AILarvaSlope= 6.42848715372384
AILarvaLD50= 21.5979631467527
AIKOW= 58416.7756978098
AIKOC= 28464.65843037
AIHalfLife= 26.3430612468859
EAppRate= 1.7292154417797
FoliarEnabled= true
FoliarAppDate= 06/07/1989
FoliarForageBegin= 06/05/1989
FoliarForageEnd= 06/28/1989
AIContactFactor= 1.60193175600842
CL4Pollen= 2.42934864852577
CL4Nectar= 84.4397526234388
CL5Pollen= 2.37915495224297
CL5Nectar= 106.897830439266
CLDPollen= 2.91085338452831
CLDNectar= 136.934578302316
CA13Pollen= 4.52403034623712
CA13Nectar= 29.8698247782886
CA410Pollen= 4.47111364761367
CA410Nectar= 120.618900526315
CA1120Pollen= 1.02674274542369
CA1120Nectar= 41.3072027266026
IPollenTrips= 5.36873237229884
INectarTrips= 10.4026422882453
IPollenLoad= 3.25564409140497
INectarLoad= 7.07508757244796
