ICQueenStrength= 4.85271037230268
RQWkrDrnRatio= 1.76209780666977
ICDroneMiteSurvivorship= 85.2404249366373
ICWorkerMiteSurvivorship= 10.8592281583697
ICForagerLifespan= 8.1552484864369
ImmType= Sine
RQQueenStrength= 3.13940999470651
RQEnableReQueen= true
AIAdultSlope= 6.29533787630498
AIAdultLD50= 85.364757381652
AIAdultSlopeContact= 2.86212218785658
AIAdultLD50Contact= 42.6002479915577
AILarvaSlope= 2.96202295459807
AILarvaLD50= 23.665142313102
AIKOW= 59993.8603310166
AIKOC= 84742.3025219864
AIHalfLife= 10.3813048363896
EAppRate= 6.42664228075743
FoliarEnabled= true
FoliarAppDate= 06/07/1989
FoliarForageBegin= 06/05/1989
FoliarForageEnd= 06/28/1989
AIContactFactor= 0.454913130090572
CL4Pollen= 0.435702735558152
CL4Nectar= 44.1286251880229
CL5Pollen= 5.14868412958458
CL5Nectar= 147.840794536751
CLDPollen= 0.202305110637099
CLDNectar= 53.7595803849399
CA13Pollen= 5.69349655630067
CA13Nectar= 28.5719183273613
CA410Pollen= 3.36114496334922
CA410Nectar= 89.1040500905365
CA1120Pollen= 1.2767646254506
CA1120Nectar= 23.1395658291876
IPollenTrips= 11.4203473180532
INectarTrips= 14.5764166722074
IPollenLoad= 1.90567324869335
INectarLoad= 1.25874658580869
