ICQueenStrength= 5.22007151995786
RQWkrDrnRatio= 4.83267567120492
ICDroneMiteSurvivorship= 60.2134586544707
ICWorkerMiteSurvivorship= 76.5517720486969
ICForagerLifespan= 14.8457093052566
ImmType= Logarithmic
RQQueenStrength= 3.31237470754422
RQEnableReQueen= true
AIAdultSlope= 7.03410401567817
AIAdultLD50= 0.786256860646419
AIAdultSlopeContact= 2.21676533366553
AIAdultLD50Contact= 1.0396716315865
AILarvaSlope= 6.57610276900232
AILarvaLD50= 19.2148297865265
AIKOW= 95705.6835164305
AIKOC= 5180.18450140744
AIHalfLife= 27.0894884337438
EAppRate= 6.91050915255235
FoliarEnabled= true
FoliarAppDate= 09/01/1989
FoliarForageBegin= 09/01/1989
FoliarForageEnd= 09/08/1989
AIContactFactor= 1.18040762628429
CL4Pollen= 1.41034696437418
CL4Nectar= 77.2151787299663
CL5Pollen= 0.810775178018957
CL5Nectar= 136.492629291024
CLDPollen= 0.00341519108042121
CLDNectar= 6.97754487628117
CA13Pollen= 4.73679273603484
CA13Nectar= 46.8329902365804
CA410Pollen= 5.64866425788496
CA410Nectar= 56.39641137328
CA1120Pollen= 1.36207672767341
CA1120Nectar= 36.0501397959888
IPollenTrips= 9.06084918882698
INectarTrips= 13.9282992575318
IPollenLoad= 9.45229763630778
INectarLoad= 4.66793700587004
