ICQueenStrength= 3.01142749981955
RQWkrDrnRatio= 3.35446696635336
ICDroneMiteSurvivorship= 10.6614503310993
ICWorkerMiteSurvivorship= 35.5646035633981
ICForagerLifespan= 7.27574377134442
ImmType= Logarithmic
AIAdultSlope= 0.752352797440253
AIAdultLD50= 0.0302707168273628
AIAdultSlopeContact= 2.02164531292627
AIAdultLD50Contact= 0.0435010157292709
AILarvaSlope= 1.45394529174082
AILarvaLD50= 0.4887732419651
AIKOW= 5.67633584793657
AIKOC= 11.5171937108971
AIHalfLife= 1.19656954151578
EAppRate= 7.06515323836356
FoliarEnabled= true
