ICQueenStrength= 4.94720703596249
RQWkrDrnRatio= 3.92826293408871
ICDroneMiteSurvivorship= 16.5201955940574
ICWorkerMiteSurvivorship= 8.48737445194274
ICForagerLifespan= 6.11498099565506
ImmType= Sine
RQQueenStrength= 3.49725300003774
RQEnableReQueen= true
AIAdultSlope= 8.27026904188097
AIAdultLD50= 76.9636051532624
AIAdultSlopeContact= 3.3467799895443
AIAdultLD50Contact= 10.0806814255067
AILarvaSlope= 6.32638278417289
AILarvaLD50= 72.9762608353901
AIKOW= 86697.8122650754
AIKOC= 25919.5101830708
AIHalfLife= 11.2851205775049
EAppRate= 2.81843074108171
FoliarEnabled= true
FoliarAppDate= 06/07/1989
FoliarForageBegin= 06/05/1989
FoliarForageEnd= 06/28/1989
AIContactFactor= 0.64800571418833
CL4Pollen= 3.60659105796367
CL4Nectar= 71.6744594275951
CL5Pollen= 5.69611067790538
CL5Nectar= 120.571302459575
CLDPollen= 2.94666029931977
CLDNectar= 66.7206368059851
CA13Pollen= 4.50419840849936
CA13Nectar= 59.4478494860232
CA410Pollen= 7.4327443019487
CA410Nectar= 131.536938813515
CA1120Pollen= 2.54738162644207
CA1120Nectar= 44.5842894725502
IPollenTrips= 5.68551619537175
INectarTrips= 6.86228537000716
IPollenLoad= 0.347886909730732
INectarLoad= 1.53883286751807
