ICQueenStrength= 5.91710577392951
RQWkrDrnRatio= 2.2479340787977
ICDroneMiteSurvivorship= 8.96729480009526
ICWorkerMiteSurvivorship= 69.7604046901688
ICForagerLifespan= 14.4795093648136
ImmType= Exponential
RQQueenStrength= 1.31218318850733
RQEnableReQueen= true
AIAdultSlope= 5.59965263493359
AIAdultLD50= 7.26958284641569
AIAdultSlopeContact= 3.69531156821176
AIAdultLD50Contact= 45.6959418870648
AILarvaSlope= 3.22184541448951
AILarvaLD50= 89.7999011434827
AIKOW= 45819.7943098432
AIKOC= 12792.7339545013
AIHalfLife= 27.3113526083995
EAppRate= 6.5911115177162
FoliarEnabled= true
FoliarAppDate= 06/07/1989
FoliarForageBegin= 06/05/1989
FoliarForageEnd= 06/28/1989
AIContactFactor= 2.00495362173766
CL4Pollen= 2.09201334509999
CL4Nectar= 43.1619119364768
CL5Pollen= 5.81905815470964
CL5Nectar= 15.6956349383108
CLDPollen= 5.3716809307225
CLDNectar= 29.898670851253
CA13Pollen= 5.30524250427261
CA13Nectar= 46.6561043262482
CA410Pollen= 4.6921572027728
CA410Nectar= 184.430918828584
CA1120Pollen= 0.368212804198265
CA1120Nectar= 58.6898991838098
IPollenTrips= 8.06602173717692
INectarTrips= 12.8505747276358
IPollenLoad= 2.54501882242039
INectarLoad= 3.50461048772559
