ICQueenStrength= 2.70587398577482
RQWkrDrnRatio= 1.54634374938905
ICDroneMiteSurvivorship= 60.8721955446526
ICWorkerMiteSurvivorship= 90.2708872919902
ICForagerLifespan= 4.11233004461974
ImmType= Tangent
RQQueenStrength= 4.93715991289355
RQEnableReQueen= true
AIAdultSlope= 2.30689667910337
AIAdultLD50= 71.95530101254
AIAdultSlopeContact= 4.70261523709632
AIAdultLD50Contact= 86.892056695071
AILarvaSlope= 5.07986318878829
AILarvaLD50= 89.1502768492142
AIKOW= 26010.0212363659
AIKOC= 62569.4243812603
AIHalfLife= 4.93276745397598
EAppRate= 3.25188200791995
FoliarEnabled= true
FoliarAppDate= 06/07/1989
FoliarForageBegin= 06/05/1989
FoliarForageEnd= 06/28/1989
AIContactFactor= 0.262923814328387
CL4Pollen= 0.413565944880247
CL4Nectar= 20.8198828389868
CL5Pollen= 2.63143003592268
CL5Nectar= 41.4489944698289
CLDPollen= 5.80105969822034
CLDNectar= 26.120345829986
CA13Pollen= 2.8303617041558
CA13Nectar= 51.7407402582467
CA410Pollen= 2.91684014203493
CA410Nectar= 151.878851084039
CA1120Pollen= 1.50912439799868
CA1120Nectar= 95.8651990070939
IPollenTrips= 13.9270585402846
INectarTrips= 14.9816192593426
IPollenLoad= 9.69447810202837
INectarLoad= 5.00115709612146
ESoilP= 1.28108851332217
ESoilFoc= 0.008991322518792
