ICQueenStrength= 5.59498030366376
RQWkrDrnRatio= 4.43928730301559
ICDroneMiteSurvivorship= 80.0344389863312
ICWorkerMiteSurvivorship= 28.472781390883
ICForagerLifespan= 4.72802429832518
ImmType= Cosine
RQQueenStrength= 1.71016138419509
RQEnableReQueen= true
AIAdultSlope= 5.1809793356806
AIAdultLD50= 19.3499092780193
AIAdultSlopeContact= 1.34621520619839
AIAdultLD50Contact= 26.6556859123067
AILarvaSlope= 1.70352158509195
AILarvaLD50= 1.49521159258555
AIKOW= 58888.7375679693
AIKOC= 74860.3744081908
AIHalfLife= 29.1339610175928
EAppRate= 5.63506885691127
FoliarEnabled= true
FoliarAppDate= 06/07/1989
FoliarForageBegin= 06/05/1989
FoliarForageEnd= 06/28/1989
AIContactFactor= 1.14746448698919
CL4Pollen= 1.91227315366268
CL4Nectar= 10.7876477297395
CL5Pollen= 3.8516462277621
CL5Nectar= 149.459053063765
CLDPollen= 0.0986781707033515
CLDNectar= 63.1792492233217
CA13Pollen= 7.22953298855573
CA13Nectar= 32.3636736348271
CA410Pollen= 6.56841007550247
CA410Nectar= 68.6449974123389
CA1120Pollen= 2.94335219124332
CA1120Nectar= 53.4061947651207
IPollenTrips= 8.94755684304982
INectarTrips= 9.45774373365566
IPollenLoad= 4.3321593827568
INectarLoad= 6.33358573308215
ESoilP= 1.55058451555669
ESoilFoc= 0.00659371571755037
