ICQueenStrength= 4.62486590631306
RQWkrDrnRatio= 3.41219783015549
ICDroneMiteSurvivorship= 68.7258300604299
ICWorkerMiteSurvivorship= 59.3716476578265
ICForagerLifespan= 11.2361878566444
ImmType= Logarithmic
RQQueenStrength= 4.80974745959975
RQEnableReQueen= true
AIAdultSlope= 1.92136408947408
AIAdultLD50= 93.8101143939935
AIAdultSlopeContact= 2.48064606892876
AIAdultLD50Contact= 22.700566057723
AILarvaSlope= 7.90026837214828
AILarvaLD50= 83.524307942172
AIKOW= 83121.4056697911
AIKOC= 12346.4241228218
AIHalfLife= 1.08761474888306
EAppRate= 6.15883985783719
FoliarEnabled= true
FoliarAppDate= 06/07/1989
FoliarForageBegin= 06/05/1989
FoliarForageEnd= 06/28/1989
AIContactFactor= 1.55586688632146
CL4Pollen= 3.73258480522782
CL4Nectar= 98.0643509887159
CL5Pollen= 5.46457011485472
CL5Nectar= 50.3579807700589
CLDPollen= 0.81614692742005
CLDNectar= 76.3489112374373
CA13Pollen= 7.46326025743037
CA13Nectar= 20.4196973890066
CA410Pollen= 2.68623530040495
CA410Nectar= 99.1820936044678
CA1120Pollen= 2.18121084105223
CA1120Nectar= 96.4201732166111
IPollenTrips= 7.08949433872476
INectarTrips= 6.13138670567423
IPollenLoad= 0.598688402678818
INectarLoad= 0.893138300161809
ESoilP= 1.25406099925749
ESoilFoc= 0.0082912676515989
