ICQueenStrength= 4.33167653996497
RQWkrDrnRatio= 1.20689314231277
ICDroneMiteSurvivorship= 1.66604949627072
ICWorkerMiteSurvivorship= 33.1472787773237
ICForagerLifespan= 12.505485733971
ImmType= Exponential
RQQueenStrength= 4.2852566218935
RQEnableReQueen= true
AIAdultSlope= 1.29969393648207
AIAdultLD50= 81.9982868329214
AIAdultSlopeContact= 9.40178429987282
AIAdultLD50Contact= 1.90696588388318
AILarvaSlope= 8.84961032494903
AILarvaLD50= 38.900149018704
AIKOW= 42480.3641402391
AIKOC= 15819.0755823927
AIHalfLife= 16.6726381808985
EAppRate= 8.12882670275541
FoliarEnabled= true
FoliarAppDate= 06/07/1989
FoliarForageBegin= 06/05/1989
FoliarForageEnd= 06/28/1989
AIContactFactor= 1.92375623308588
CL4Pollen= 0.197549325414002
CL4Nectar= 31.9104469381273
CL5Pollen= 0.000451196450740099
CL5Nectar= 67.5272839260288
CLDPollen= 4.40939593082294
CLDNectar= 130.538225406781
CA13Pollen= 3.57407059129328
CA13Nectar= 39.479908477515
CA410Pollen= 9.37640337415505
CA410Nectar= 175.176267339848
CA1120Pollen= 1.20175601262599
CA1120Nectar= 65.4779589548707
IPollenTrips= 12.9972296021879
INectarTrips= 9.00505158584565
IPollenLoad= 6.03992628864944
INectarLoad= 1.41375650186092
