ICQueenStrength= 3.33320910483599
RQWkrDrnRatio= 1.89628300070763
ICDroneMiteSurvivorship= 17.1384003944695
ICWorkerMiteSurvivorship= 88.7123222230002
ICForagerLifespan= 6.90473381150514
ImmType= Exponential
RQQueenStrength= 3.4728054960724
RQEnableReQueen= true
AIAdultSlope= 2.31097993068397
AIAdultLD50= 62.9322972292155
AIAdultSlopeContact= 5.2491154181771
AIAdultLD50Contact= 90.6259747956281
AILarvaSlope= 6.20953620411456
AILarvaLD50= 77.9562739609489
AIKOW= 23835.7389840075
AIKOC= 18789.1770650554
AIHalfLife= 12.5435380675597
EAppRate= 3.61696951903705
FoliarEnabled= true
FoliarAppDate= 06/07/1989
FoliarForageBegin= 06/05/1989
FoliarForageEnd= 06/28/1989
AIContactFactor= 0.370124960513785
CL4Pollen= 2.34382596239448
CL4Nectar= 26.5627652639523
CL5Pollen= 4.48080991068855
CL5Nectar= 80.7953828712925
CLDPollen= 0.769332954660058
CLDNectar= 88.3130448753946
CA13Pollen= 3.33700251793489
CA13Nectar= 58.0636995285749
CA410Pollen= 4.44261678350158
CA410Nectar= 24.0637030638754
CA1120Pollen= 1.5508222526405
CA1120Nectar= 77.2236659936607
IPollenTrips= 14.5583097613417
INectarTrips= 14.7740706778131
IPollenLoad= 6.46570021752268
INectarLoad= 0.913069525267929
