ICQueenStrength= 4.76913607702591
RQWkrDrnRatio= 1.48029460571706
ICDroneMiteSurvivorship= 22.535350266844
ICWorkerMiteSurvivorship= 74.4043119251728
ICForagerLifespan= 14.5876367595047
ImmType= Logarithmic
RQQueenStrength= 2.45117185078561
RQEnableReQueen= true
AIAdultSlope= 6.02695625089109
AIAdultLD50= 87.1628011015728
AIAdultSlopeContact= 7.65464520012029
AIAdultLD50Contact= 94.4458135293978
AILarvaSlope= 5.07150368764997
AILarvaLD50= 55.465315880544
AIKOW= 64750.5534206339
AIKOC= 55908.857127443
AIHalfLife= 5.04600053329486
EAppRate= 2.52784074724675
FoliarEnabled= true
FoliarAppDate= 06/07/1989
FoliarForageBegin= 06/05/1989
FoliarForageEnd= 06/28/1989
AIContactFactor= 1.09267845448572
CL4Pollen= 3.82886944338679
CL4Nectar= 12.4583557713777
CL5Pollen= 1.62231060164049
CL5Nectar= 98.7482395721599
CLDPollen= 3.16002883762121
CLDNectar= 102.251027931925
CA13Pollen= 3.47032582694665
CA13Nectar= 43.3644635044038
CA410Pollen= 8.53552380139008
CA410Nectar= 160.033129090443
CA1120Pollen= 1.72408306715079
CA1120Nectar= 73.2360345125198
IPollenTrips= 13.2734893611632
INectarTrips= 6.72969738487154
IPollenLoad= 7.11944747483358
INectarLoad= 0.425791004672647
