ICQueenStrength= 2.99708647443913
RQWkrDrnRatio= 1.68316010292619
ICDroneMiteSurvivorship= 83.5144530516118
ICWorkerMiteSurvivorship= 78.1419744482264
ICForagerLifespan= 7.04903014935553
ImmType= Tangent
RQQueenStrength= 1.73005479178391
RQEnableReQueen= true
AIAdultSlope= 7.51717532798648
AIAdultLD50= 0.366123545413371
AIAdultSlopeContact= 4.95135997980833
AIAdultLD50Contact= 54.9233657647993
AILarvaSlope= 5.14506216719747
AILarvaLD50= 64.1620299882451
AIKOW= 77835.568557389
AIKOC= 88827.4171770497
AIHalfLife= 32.3730255586328
EAppRate= 8.20654355937429
FoliarEnabled= true
FoliarAppDate= 09/01/1989
FoliarForageBegin= 09/01/1989
FoliarForageEnd= 09/08/1989
AIContactFactor= 1.68911501438357
CL4Pollen= 3.59284290671349
CL4Nectar= 29.3704081093892
CL5Pollen= 5.67671631881967
CL5Nectar= 26.2419260689057
CLDPollen= 2.08520978176966
CLDNectar= 41.9071983313188
CA13Pollen= 3.28541298378259
CA13Nectar= 68.6685087345541
CA410Pollen= 4.65871264312882
CA410Nectar= 166.493036760949
CA1120Pollen= 1.77122828713618
CA1120Nectar= 39.512977283448
IPollenTrips= 11.6126701422036
INectarTrips= 10.7958297850564
IPollenLoad= 4.9608558556065
INectarLoad= 3.84864160558209
