ICQueenStrength= 2.98762759682722
RQWkrDrnRatio= 3.9444615393877
ICDroneMiteSurvivorship= 84.7893168451265
ICWorkerMiteSurvivorship= 2.89380867034197
ICForagerLifespan= 15.8281071120873
ImmType= Logarithmic
RQQueenStrength= 2.6206856444478
RQEnableReQueen= true
AIAdultSlope= 1.80849315039814
AIAdultLD50= 33.8984757585542
AIAdultSlopeContact= 6.53282668557949
AIAdultLD50Contact= 17.8018421678108
AILarvaSlope= 7.43300578743219
AILarvaLD50= 7.76965797474608
AIKOW= 59107.26775492
AIKOC= 19052.2850287734
AIHalfLife= 22.7566934597446
EAppRate= 5.47236024191347
FoliarEnabled= true
FoliarAppDate= 06/07/1989
FoliarForageBegin= 06/05/1989
FoliarForageEnd= 06/28/1989
AIContactFactor= 0.775943707958795
CL4Pollen= 3.55646551493555
CL4Nectar= 20.4473905963823
CL5Pollen= 3.85770515911281
CL5Nectar= 121.031514904462
CLDPollen= 4.053982952144
CLDNectar= 101.818027405534
CA13Pollen= 7.17006210451946
CA13Nectar= 99.760451503098
CA410Pollen= 2.70338825716171
CA410Nectar= 151.02699520532
CA1120Pollen= 2.13847870496102
CA1120Nectar= 28.4693909622729
IPollenTrips= 13.6527225119062
INectarTrips= 8.59898018883541
IPollenLoad= 6.50493605993688
INectarLoad= 2.02265120344236
ESoilP= 1.24961849814281
ESoilFoc= 0.00695965984440409
