ICQueenStrength= 1.51374647882767
RQWkrDrnRatio= 1.8926441501826
ICDroneMiteSurvivorship= 8.61389911733568
ICWorkerMiteSurvivorship= 6.72720237635076
ICForagerLifespan= 10.4252966800705
ImmType= Polynomial
RQQueenStrength= 2.70792549848557
RQEnableReQueen= true
AIAdultSlope= 4.04900035448372
AIAdultLD50= 0.0250926187043078
AIAdultSlopeContact= 2.88494874839671
AIAdultLD50Contact= 73.8111527435652
AILarvaSlope= 8.13889678008854
AILarvaLD50= 66.8027726291486
AIKOW= 66554.3188026203
AIKOC= 68756.7103194289
AIHalfLife= 3.9241590454476
EAppRate= 2.12577562589338
FoliarEnabled= true
FoliarAppDate= 09/01/1989
FoliarForageBegin= 09/01/1989
FoliarForageEnd= 09/08/1989
AIContactFactor= 1.06201235580724
CL4Pollen= 3.43991556763649
CL4Nectar= 50.5402136594057
CL5Pollen= 4.46709351427853
CL5Nectar= 116.847888403572
CLDPollen= 1.66621696203947
CLDNectar= 19.7478939313442
CA13Pollen= 6.50746143823489
CA13Nectar= 23.0911517702043
CA410Pollen= 4.3449012427358
CA410Nectar= 89.2606833856553
CA1120Pollen= 0.860206386772916
CA1120Nectar= 43.5216502100229
IPollenTrips= 9.33274777373299
INectarTrips= 12.9024393879808
IPollenLoad= 0.199115895666182
INectarLoad= 9.91984928026795
