ICQueenStrength= 3.48863139888272
RQWkrDrnRatio= 4.73785311635584
ICDroneMiteSurvivorship= 99.1033534286544
ICWorkerMiteSurvivorship= 7.40150643978268
ICForagerLifespan= 11.4446518905461
ImmType= Tangent
RQQueenStrength= 2.97368187597021
RQEnableReQueen= true
AIAdultSlope= 5.71491314098239
AIAdultLD50= 94.9984371237545
AIAdultSlopeContact= 7.13923600828275
AIAdultLD50Contact= 41.1022963846114
AILarvaSlope= 2.31929612718523
AILarvaLD50= 87.1217704194784
AIKOW= 71630.8014896883
AIKOC= 17322.622728959
AIHalfLife= 21.0956316362834
EAppRate= 8.77295955144009
FoliarEnabled= true
FoliarAppDate= 06/07/1989
FoliarForageBegin= 06/05/1989
FoliarForageEnd= 06/28/1989
AIContactFactor= 0.312718063257635
CL4Pollen= 3.7746107801795
CL4Nectar= 93.3839508565143
CL5Pollen= 3.70149487350136
CL5Nectar= 44.7465201141313
CLDPollen= 5.63580400217324
CLDNectar= 95.6328283064067
CA13Pollen= 7.10560634760186
CA13Nectar= 45.2539278566837
CA410Pollen= 9.16178363335785
CA410Nectar= 167.227504085749
CA1120Pollen= 2.17775837914087
CA1120Nectar= 31.407724134624
IPollenTrips= 6.37220254866406
INectarTrips= 8.00564630422741
IPollenLoad= 2.94510853476822
INectarLoad= 0.768912376370281
