ICQueenStrength= 4.91883192304522
RQWkrDrnRatio= 1.80389623902738
ICDroneMiteSurvivorship= 13.9595667133108
ICWorkerMiteSurvivorship= 51.4165806816891
ICForagerLifespan= 4.78171523008496
ImmType= Tangent
RQQueenStrength= 4.1759454421699
RQEnableReQueen=true
AIAdultSlope= 6.11054662615061
AIAdultLD50= 0.453088451301213
AIAdultSlopeContact= 4.75787732168101
AIAdultLD50Contact= 5.96008836846799
AILarvaSlope= 8.92890434712172
AILarvaLD50= 75.9299720428342
AIKOW= 68579.7065717435
AIKOC= 29799.0607650795
AIHalfLife= 6.37537372519728
EAppRate= 2.17434027032088
FoliarEnabled=true
FoliarAppDate= 07/01/1989
FoliarForageBegin= 07/01/1989
FoliarForageEnd= 07/14/1989
AIContactFactor= 0.992169524906203
CL4Pollen= 3.9405748732388
CL4Nectar= 51.7912477953359
CL5Pollen= 5.70343285566196
CL5Nectar= 79.4799789553508
CLDPollen= 0.508445525541902
CLDNectar= 129.369579849299
CA13Pollen= 5.11582696558908
CA13Nectar= 90.294780228287
CA410Pollen= 8.76668189715128
CA410Nectar= 133.936328124255
CA1120Pollen= 0.991318057989702
CA1120Nectar= 94.2074192501605
IPollenTrips= 10.7931071496569
INectarTrips= 14.4273209827952
IPollenLoad= 7.56393734365702
INectarLoad= 4.54121654620394
