ICQueenStrength= 2.60034095402807
RQWkrDrnRatio= 1.49241998698562
ICDroneMiteSurvivorship= 18.6383002204821
ICWorkerMiteSurvivorship= 61.0837723594159
ICForagerLifespan= 13.8273765249178
ImmType= Polynomial
RQQueenStrength= 4.03947779815644
RQEnableReQueen= true
AIAdultSlope= 1.41735917143524
AIAdultLD50= 3.43988709308743
AIAdultSlopeContact= 3.9060263170395
AIAdultLD50Contact= 63.6318597279841
AILarvaSlope= 4.11941664479673
AILarvaLD50= 13.0204560189336
AIKOW= 81747.9942085169
AIKOC= 29144.5588107358
AIHalfLife= 27.454966795654
EAppRate= 2.01955845261388
FoliarEnabled= true
FoliarAppDate= 06/07/1989
FoliarForageBegin= 06/05/1989
FoliarForageEnd= 06/28/1989
AIContactFactor= 0.632505678804591
CL4Pollen= 2.82464228663594
CL4Nectar= 10.776322032325
CL5Pollen= 4.24435834027827
CL5Nectar= 58.3254148252308
CLDPollen= 0.856987960170954
CLDNectar= 116.18041601032
CA13Pollen= 4.34336651191115
CA13Nectar= 59.5116655342281
CA410Pollen= 6.02165655454155
CA410Nectar= 47.580036399886
CA1120Pollen= 2.03645490598865
CA1120Nectar= 53.999579641968
IPollenTrips= 12.9449335392565
INectarTrips= 6.61398452008143
IPollenLoad= 5.35829122876748
INectarLoad= 2.74192050565034
ESoilP= 1.44255286897533
ESoilFoc= 0.0151018396588042
