ICQueenStrength= 2.95008890586905
RQWkrDrnRatio= 4.90314196515828
ICDroneMiteSurvivorship= 18.9663887023926
ICWorkerMiteSurvivorship= 33.0873706378043
ICForagerLifespan= 15.4170657135546
ImmType= Logarithmic
RQQueenStrength= 1.4491622117348
RQEnableReQueen= true
AIAdultSlope= 6.88258528709412
AIAdultLD50= 69.7798175178315
AIAdultSlopeContact= 4.11046579270624
AIAdultLD50Contact= 76.2680205495444
AILarvaSlope= 6.28254777006805
AILarvaLD50= 8.10047031711228
AIKOW= 35917.9594840458
AIKOC= 43638.7421846851
AIHalfLife= 10.2269783396274
EAppRate= 6.84678365512542
FoliarEnabled= true
FoliarAppDate= 06/07/1989
FoliarForageBegin= 06/05/1989
FoliarForageEnd= 06/28/1989
AIContactFactor= 0.338136848956346
CL4Pollen= 2.65385980438441
CL4Nectar= 80.710712261498
CL5Pollen= 4.06740083545446
CL5Nectar= 64.7475211881101
CLDPollen= 0.408670853823423
CLDNectar= 121.109530760441
CA13Pollen= 6.10022499067709
CA13Nectar= 68.4738401509821
CA410Pollen= 7.24666587316897
CA410Nectar= 135.816667787731
CA1120Pollen= 0.905552063137293
CA1120Nectar= 78.5820020362735
IPollenTrips= 5.03047772683203
INectarTrips= 6.10215784283355
IPollenLoad= 7.15759647777304
INectarLoad= 9.48511393275112
