ICQueenStrength= 2.72173186554573
RQWkrDrnRatio= 3.66703117452562
ICDroneMiteSurvivorship= 13.5040426859632
ICWorkerMiteSurvivorship= 71.1505891289562
ICForagerLifespan= 7.9240773236379
ImmType= Exponential
AIAdultSlope= 1.75962670413544
AIAdultLD50= 0.169892659643665
AIAdultSlopeContact= 2.05176497534383
AIAdultLD50Contact= 0.00880976794287562
AILarvaSlope= 1.62778411032632
AILarvaLD50= 0.797404756257311
AIKOW= 5.22982567921281
AIKOC= 22.5748306210153
AIHalfLife= 2.71115686644334
EAppRate= 8.77174815861508
FoliarEnabled= true
