ICQueenStrength= 3.50199936679564
RQWkrDrnRatio= 1.03126912098378
ICDroneMiteSurvivorship= 24.9079019529745
ICWorkerMiteSurvivorship= 80.32228697557
ICForagerLifespan= 6.85373820643872
ImmType= Logarithmic
RQQueenStrength= 1.30858013196848
RQEnableReQueen= true
AIAdultSlope= 5.6816017460078
AIAdultLD50= 37.436373930925
AIAdultSlopeContact= 9.51644362020306
AIAdultLD50Contact= 56.4886836371142
AILarvaSlope= 5.91219658218324
AILarvaLD50= 9.5856863083404
AIKOW= 1013.9101683642
AIKOC= 56105.1169619253
AIHalfLife= 27.6908043053933
EAppRate= 3.67060726633109
FoliarEnabled= true
FoliarAppDate= 06/07/1989
FoliarForageBegin= 06/05/1989
FoliarForageEnd= 06/28/1989
AIContactFactor= 0.35641246504616
CL4Pollen= 2.35215367469937
CL4Nectar= 63.0374035099521
CL5Pollen= 2.2661293130368
CL5Nectar= 132.74220507592
CLDPollen= 4.07994875963777
CLDNectar= 16.757345746737
CA13Pollen= 2.70510795367882
CA13Nectar= 25.3445909917355
CA410Pollen= 3.58844234610442
CA410Nectar= 179.9208590528
CA1120Pollen= 1.22018957510591
CA1120Nectar= 67.5785870663822
IPollenTrips= 12.5201198644936
INectarTrips= 12.4162558070384
IPollenLoad= 4.23773811431602
INectarLoad= 1.75271825166419
