ICQueenStrength= 1.79303247504868
RQWkrDrnRatio= 3.93334019463509
ICDroneMiteSurvivorship= 65.4950244585052
ICWorkerMiteSurvivorship= 10.1022203452885
ICForagerLifespan= 8.875956450589
ImmType= Logarithmic
RQQueenStrength= 4.74558780691586
RQEnableReQueen= true
AIAdultSlope= 3.21144508197904
AIAdultLD50= 28.1870036561859
AIAdultSlopeContact= 6.99172957264818
AIAdultLD50Contact= 11.1456582097067
AILarvaSlope= 5.5128188226372
AILarvaLD50= 74.8067362823659
AIKOW= 90320.9885016792
AIKOC= 35573.4120888058
AIHalfLife= 0.151167113031261
EAppRate= 9.05226217140607
FoliarEnabled= true
FoliarAppDate= 06/07/1989
FoliarForageBegin= 06/05/1989
FoliarForageEnd= 06/28/1989
AIContactFactor= 0.778666800218634
CL4Pollen= 1.32523882295936
CL4Nectar= 94.6812304435298
CL5Pollen= 3.88384538004175
CL5Nectar= 5.57224658550695
CLDPollen= 1.09044734062627
CLDNectar= 18.9518339931965
CA13Pollen= 3.0219138989225
CA13Nectar= 60.3817347250879
CA410Pollen= 9.42468944820575
CA410Nectar= 194.536937908269
CA1120Pollen= 0.594364068936557
CA1120Nectar= 81.1962872371078
IPollenTrips= 11.0242723627016
INectarTrips= 5.42534191394225
IPollenLoad= 9.95775979012251
INectarLoad= 0.0688371388241649
