ICQueenStrength= 3.51489730086178
RQWkrDrnRatio= 4.25226720515639
ICDroneMiteSurvivorship= 17.3560057999566
ICWorkerMiteSurvivorship= 41.5163971716538
ICForagerLifespan= 10.8651484930888
ImmType= Tangent
RQQueenStrength= 3.3009950586129
RQEnableReQueen= true
AIAdultSlope= 7.27376222610474
AIAdultLD50= 0.14312196269026
AIAdultSlopeContact= 7.60305662290193
AIAdultLD50Contact= 47.9281468296957
AILarvaSlope= 2.71123021095991
AILarvaLD50= 88.1993133669486
AIKOW= 11510.6055061122
AIKOC= 23922.5651448644
AIHalfLife= 27.268080975581
EAppRate= 6.97258685112139
FoliarEnabled= true
FoliarAppDate= 09/01/1989
FoliarForageBegin= 09/01/1989
FoliarForageEnd= 09/08/1989
AIContactFactor= 0.774897081046365
CL4Pollen= 0.79670977126807
CL4Nectar= 35.2911993861198
CL5Pollen= 2.84626264544204
CL5Nectar= 40.6700527528301
CLDPollen= 2.05945522338152
CLDNectar= 10.7633423642255
CA13Pollen= 7.15410149823874
CA13Nectar= 87.6532156579196
CA410Pollen= 8.20195793558378
CA410Nectar= 143.575423648581
CA1120Pollen= 0.852630553068593
CA1120Nectar= 48.7237767316401
IPollenTrips= 14.8695202171803
INectarTrips= 6.19450236437842
IPollenLoad= 7.81794524518773
INectarLoad= 7.61561300605536
