ICQueenStrength= 2.88560173194855
RQWkrDrnRatio= 4.845697873272
ICDroneMiteSurvivorship= 12.0465456973761
ICWorkerMiteSurvivorship= 55.8804462663829
ICForagerLifespan= 11.8872982831672
ImmType= Exponential
RQQueenStrength= 1.50429042894393
RQEnableReQueen=true
AIAdultSlope= 5.11788909509778
AIAdultLD50= 0.580715356033761
AIAdultSlopeContact= 5.28733562678099
AIAdultLD50Contact= 82.756373289864
AILarvaSlope= 6.67355818673968
AILarvaLD50= 28.6101017388154
AIKOW= 56457.8911292356
AIKOC= 99109.8729500193
AIHalfLife= 15.4071218955331
EAppRate= 9.27656249262346
FoliarEnabled=true
FoliarAppDate= 07/01/1989
FoliarForageBegin= 07/01/1989
FoliarForageEnd= 07/14/1989
AIContactFactor= 2.24569974340033
CL4Pollen= 3.3855991885066
CL4Nectar= 47.8421093197539
CL5Pollen= 3.61489225924015
CL5Nectar= 24.1872726590373
CLDPollen= 5.77104776585475
CLDNectar= 142.025638546329
CA13Pollen= 7.53663097862154
CA13Nectar= 35.0479251518846
CA410Pollen= 4.30840846202336
CA410Nectar= 127.445547934622
CA1120Pollen= 0.104857832193375
CA1120Nectar= 54.0874849632382
IPollenTrips= 10.1420627417974
INectarTrips= 10.8200805843808
IPollenLoad= 3.7433216907084
INectarLoad= 0.0652366504073143
