ICQueenStrength= 3.80729441670701
RQWkrDrnRatio= 3.46921229269356
ICDroneMiteSurvivorship= 60.6027644593269
ICWorkerMiteSurvivorship= 90.6093946425244
ICForagerLifespan= 10.3196065751836
ImmType= Sine
RQQueenStrength= 2.12873633159325
RQEnableReQueen= true
AIAdultSlope= 6.39820212684572
AIAdultLD50= 96.4509116098541
AIAdultSlopeContact= 7.54629580792971
AIAdultLD50Contact= 92.5068653027767
AILarvaSlope= 6.57912828028202
AILarvaLD50= 13.6785493267586
AIKOW= 57620.4089685105
AIKOC= 10553.237085145
AIHalfLife= 1.64534104182385
EAppRate= 4.73062375937658
FoliarEnabled= true
FoliarAppDate= 06/07/1989
FoliarForageBegin= 06/05/1989
FoliarForageEnd= 06/28/1989
AIContactFactor= 2.29590063578449
CL4Pollen= 3.79833049140871
CL4Nectar= 28.7346319761127
CL5Pollen= 3.26330255437642
CL5Nectar= 120.830430008937
CLDPollen= 4.05595890479162
CLDNectar= 123.155859403778
CA13Pollen= 7.32041263794526
CA13Nectar= 46.5362015739083
CA410Pollen= 6.59610453008208
CA410Nectar= 27.1072037471458
CA1120Pollen= 1.22788056428544
CA1120Nectar= 31.7733423411846
IPollenTrips= 14.780216885265
INectarTrips= 9.18232741765678
IPollenLoad= 5.36744147539139
INectarLoad= 2.69165373640135
