ICQueenStrength= 2.4411065808963
RQWkrDrnRatio= 3.40239607542753
ICDroneMiteSurvivorship= 55.2265344886109
ICWorkerMiteSurvivorship= 7.71363757085055
ICForagerLifespan= 11.8584762653336
ImmType= Tangent
RQQueenStrength= 2.38105198158883
RQEnableReQueen= true
AIAdultSlope= 7.84433539025486
AIAdultLD50= 55.2355695834553
AIAdultSlopeContact= 9.79102204646915
AIAdultLD50Contact= 91.3624152506585
AILarvaSlope= 5.90046771988273
AILarvaLD50= 91.3386653422404
AIKOW= 43796.8782007367
AIKOC= 81172.346684532
AIHalfLife= 2.81044732057489
EAppRate= 2.99750427477947
FoliarEnabled= true
FoliarAppDate= 06/07/1989
FoliarForageBegin= 06/05/1989
FoliarForageEnd= 06/28/1989
AIContactFactor= 2.13509883529041
CL4Pollen= 2.2486598752439
CL4Nectar= 85.0509112002328
CL5Pollen= 0.854676365386695
CL5Nectar= 6.67831463506445
CLDPollen= 3.92581674037501
CLDNectar= 121.311669785064
CA13Pollen= 2.65920267561451
CA13Nectar= 87.3782145604491
CA410Pollen= 5.60202768875752
CA410Nectar= 69.3188776168972
CA1120Pollen= 0.900486684869975
CA1120Nectar= 86.5367238409817
IPollenTrips= 5.17098939744756
INectarTrips= 6.12643590196967
IPollenLoad= 1.92426313180476
INectarLoad= 7.85136182326823
