ICQueenStrength= 3.67320384737104
RQWkrDrnRatio= 1.08672764524817
ICDroneMiteSurvivorship= 97.3682874580845
ICWorkerMiteSurvivorship= 96.9771646661684
ICForagerLifespan= 11.6240262975916
ImmType= Sine
RQQueenStrength= 1.36561740213074
RQEnableReQueen= true
AIAdultSlope= 2.12700946629047
AIAdultLD50= 0.4339336727357
AIAdultSlopeContact= 1.56177033646964
AIAdultLD50Contact= 13.2084678870619
AILarvaSlope= 6.10422405786812
AILarvaLD50= 6.32135467776447
AIKOW= 47522.1717821103
AIKOC= 12767.0244698499
AIHalfLife= 11.2507695094915
EAppRate= 7.379626541954
FoliarEnabled= true
FoliarAppDate= 09/01/1989
FoliarForageBegin= 09/01/1989
FoliarForageEnd= 09/08/1989
AIContactFactor= 1.92557413432747
CL4Pollen= 1.37935469578952
CL4Nectar= 75.0658660195768
CL5Pollen= 1.99947409098968
CL5Nectar= 144.415407744236
CLDPollen= 0.397435785736889
CLDNectar= 87.1476505883038
CA13Pollen= 2.80149703500792
CA13Nectar= 56.5035119652748
CA410Pollen= 4.48816572593059
CA410Nectar= 112.004885273054
CA1120Pollen= 2.62652191123925
CA1120Nectar= 52.8922119177878
IPollenTrips= 6.70897505944595
INectarTrips= 7.31232712045312
IPollenLoad= 7.15522254584357
INectarLoad= 1.42945474013686
