ICQueenStrength= 3.46340019162744
RQWkrDrnRatio= 3.49084571842104
ICDroneMiteSurvivorship= 12.0791218243539
ICWorkerMiteSurvivorship= 44.2086340626702
ICForagerLifespan= 15.9767078477889
ImmType= Polynomial
RQQueenStrength= 4.53490522014908
RQEnableReQueen= true
AIAdultSlope= 6.38943433575332
AIAdultLD50= 78.9935735352731
AIAdultSlopeContact= 1.79330646409653
AIAdultLD50Contact= 12.9553590380233
AILarvaSlope= 1.45238417200744
AILarvaLD50= 42.5324075247592
AIKOW= 39839.0499965599
AIKOC= 43408.1150747966
AIHalfLife= 6.44205615562387
EAppRate= 4.43678239191207
FoliarEnabled= true
FoliarAppDate= 06/07/1989
FoliarForageBegin= 06/05/1989
FoliarForageEnd= 06/28/1989
AIContactFactor= 0.350932512613945
CL4Pollen= 3.55182208959013
CL4Nectar= 92.1166115207598
CL5Pollen= 1.77709171688184
CL5Nectar= 103.495060291607
CLDPollen= 3.38673598598689
CLDNectar= 0.843762466683984
CA13Pollen= 7.2223168740049
CA13Nectar= 62.2290044091642
CA410Pollen= 9.10929084406234
CA410Nectar= 111.820002072491
CA1120Pollen= 1.65570549177937
CA1120Nectar= 56.0814434289932
IPollenTrips= 12.3513951897621
INectarTrips= 5.84040812915191
IPollenLoad= 8.68134896969423
INectarLoad= 2.73108831839636
