ICQueenStrength= 5.66983779333532
RQWkrDrnRatio= 3.17788240779191
ICDroneMiteSurvivorship= 51.8556572962552
ICWorkerMiteSurvivorship= 56.8235520273447
ICForagerLifespan= 9.1586142834276
ImmType= Cosine
RQQueenStrength= 4.30242928583175
RQEnableReQueen= true
AIAdultSlope= 8.51066010259092
AIAdultLD50= 32.8520805132626
AIAdultSlopeContact= 6.48801934043877
AIAdultLD50Contact= 26.0239954518562
AILarvaSlope= 8.95786819793284
AILarvaLD50= 7.30124153689807
AIKOW= 65858.5205123888
AIKOC= 55188.01558747
AIHalfLife= 25.1876384389354
EAppRate= 5.8226837527703
FoliarEnabled= true
FoliarAppDate= 06/07/1989
FoliarForageBegin= 06/05/1989
FoliarForageEnd= 06/28/1989
AIContactFactor= 1.67953283257782
CL4Pollen= 1.33682332281023
CL4Nectar= 17.2685004770756
CL5Pollen= 3.71962922718376
CL5Nectar= 56.399888091255
CLDPollen= 0.964825325645506
CLDNectar= 108.199922041968
CA13Pollen= 4.92739158989862
CA13Nectar= 79.2228315770626
CA410Pollen= 6.709313234617
CA410Nectar= 153.70373444166
CA1120Pollen= 2.85156078427099
CA1120Nectar= 83.0669329874218
IPollenTrips= 6.56476900679991
INectarTrips= 9.30740088922903
IPollenLoad= 1.4017714955844
INectarLoad= 9.15058421669528
