ICQueenStrength= 1.75573896174319
RQWkrDrnRatio= 4.54967126529664
ICDroneMiteSurvivorship= 54.2268336284906
ICWorkerMiteSurvivorship= 4.22705223318189
ICForagerLifespan= 8.24319919850677
ImmType= Tangent
RQQueenStrength= 4.17793546942994
RQEnableReQueen= true
AIAdultSlope= 3.74237728305161
AIAdultLD50= 33.7323816728305
AIAdultSlopeContact= 3.62173893745057
AIAdultLD50Contact= 5.24726478375634
AILarvaSlope= 1.67508756183088
AILarvaLD50= 1.889639080049
AIKOW= 71105.0013337072
AIKOC= 98465.8828448711
AIHalfLife= 23.4391430477146
EAppRate= 6.11289718069951
FoliarEnabled= true
FoliarAppDate= 06/07/1989
FoliarForageBegin= 06/05/1989
FoliarForageEnd= 06/28/1989
AIContactFactor= 1.48663538258988
CL4Pollen= 0.716397009789944
CL4Nectar= 53.7145084235817
CL5Pollen= 0.134971896652132
CL5Nectar= 136.047614808194
CLDPollen= 3.84971799748018
CLDNectar= 100.351982982829
CA13Pollen= 3.94830598151311
CA13Nectar= 30.9442508779466
CA410Pollen= 7.03982295552269
CA410Nectar= 191.729807103984
CA1120Pollen= 1.87350626033731
CA1120Nectar= 97.3170340247452
IPollenTrips= 7.80607908498496
INectarTrips= 6.91936413990334
IPollenLoad= 0.774911742191762
INectarLoad= 5.16755006508902
