ICQueenStrength= 3.59163638227619
RQWkrDrnRatio= 2.43956233747303
ICDroneMiteSurvivorship= 61.4569629309699
ICWorkerMiteSurvivorship= 28.9265188155696
ICForagerLifespan= 11.5995726147667
ImmType= Tangent
RQQueenStrength= 5.67157570179552
RQEnableReQueen= true
AIAdultSlope= 2.40576938167214
AIAdultLD50= 44.7805176913792
AIAdultSlopeContact= 9.11548463697545
AIAdultLD50Contact= 28.3720381158176
AILarvaSlope= 8.34774206764996
AILarvaLD50= 53.1271808995826
AIKOW= 65503.2140240674
AIKOC= 686.098458768567
AIHalfLife= 29.8380028027343
EAppRate= 0.854326912556775
FoliarEnabled= true
FoliarAppDate= 06/07/1989
FoliarForageBegin= 06/05/1989
FoliarForageEnd= 06/28/1989
AIContactFactor= 1.58390521688852
CL4Pollen= 1.46809580456465
CL4Nectar= 57.3524195933715
CL5Pollen= 3.14752406207845
CL5Nectar= 20.6745836650953
CLDPollen= 2.91943750530481
CLDNectar= 26.7029262380674
CA13Pollen= 6.44627247359604
CA13Nectar= 57.0270790532231
CA410Pollen= 5.97151200191584
CA410Nectar= 53.4967854712158
CA1120Pollen= 1.57948698056862
CA1120Nectar= 49.6656299382448
IPollenTrips= 5.42579538654536
INectarTrips= 14.3619349319488
IPollenLoad= 1.43185301218182
INectarLoad= 2.76539588579908
