ICQueenStrength= 5.86086603370495
RQWkrDrnRatio= 2.39337600488216
ICDroneMiteSurvivorship= 41.729262447916
ICWorkerMiteSurvivorship= 57.9888361971825
ICForagerLifespan= 14.0871544219553
ImmType= Tangent
RQQueenStrength= 5.16308350628242
RQEnableReQueen= true
AIAdultSlope= 1.76427083648741
AIAdultLD50= 8.49910692142625
AIAdultSlopeContact= 6.06990015390329
AIAdultLD50Contact= 17.6258895724274
AILarvaSlope= 7.72085262835026
AILarvaLD50= 24.1873703105871
AIKOW= 40884.5307514778
AIKOC= 54979.0883094002
AIHalfLife= 33.5489276231267
EAppRate= 6.86323600928579
FoliarEnabled= true
FoliarAppDate= 06/07/1989
FoliarForageBegin= 06/05/1989
FoliarForageEnd= 06/28/1989
AIContactFactor= 1.66580814873334
CL4Pollen= 0.37311174441129
CL4Nectar= 99.064707942307
CL5Pollen= 5.07309692725539
CL5Nectar= 123.073910339735
CLDPollen= 0.394528452772647
CLDNectar= 17.2399342060089
CA13Pollen= 3.2660310536623
CA13Nectar= 32.1404601074755
CA410Pollen= 2.35601133375894
CA410Nectar= 47.3821311164647
CA1120Pollen= 2.47461027558893
CA1120Nectar= 29.2687218077481
IPollenTrips= 6.24429919524118
INectarTrips= 14.5437217387371
IPollenLoad= 8.40965484268963
INectarLoad= 1.34373869514093
