ICQueenStrength= 4.8401477993466
RQWkrDrnRatio= 1.98869942128658
ICDroneMiteSurvivorship= 26.8911124905571
ICWorkerMiteSurvivorship= 44.4466764573008
ICForagerLifespan= 5.26170967333019
ImmType= Polynomial
RQQueenStrength= 5.41040563047864
RQEnableReQueen= true
AIAdultSlope= 1.82662180997431
AIAdultLD50= 52.9754150683854
AIAdultSlopeContact= 8.06988248717971
AIAdultLD50Contact= 61.118193291496
AILarvaSlope= 7.89942981116474
AILarvaLD50= 20.9834865451206
AIKOW= 44478.0355427658
AIKOC= 9002.65722190868
AIHalfLife= 31.5101298874943
EAppRate= 0.171783696608851
FoliarEnabled= true
FoliarAppDate= 06/07/1989
FoliarForageBegin= 06/05/1989
FoliarForageEnd= 06/28/1989
AIContactFactor= 2.27890276537742
CL4Pollen= 3.16705162730068
CL4Nectar= 63.29019239638
CL5Pollen= 4.82970394100994
CL5Nectar= 106.27806885168
CLDPollen= 3.47620245348662
CLDNectar= 5.66301606595516
CA13Pollen= 7.49547441052273
CA13Nectar= 35.4511616565287
CA410Pollen= 6.00639306802768
CA410Nectar= 199.782136944123
CA1120Pollen= 2.26545814960264
CA1120Nectar= 46.2514856085181
IPollenTrips= 8.88033450348303
INectarTrips= 11.9443303882144
IPollenLoad= 5.91734811430797
INectarLoad= 2.15067590586841
ESoilP= 1.44341233395971
ESoilFoc= 0.0030341336177662
