ICQueenStrength= 1.6120507302694
RQWkrDrnRatio= 2.47164690773934
ICDroneMiteSurvivorship= 54.097648197785
ICWorkerMiteSurvivorship= 4.26443731412292
ICForagerLifespan= 6.789674683474
ImmType= Cosine
RQQueenStrength= 1.89634527335875
RQEnableReQueen= true
AIAdultSlope= 6.15315200760961
AIAdultLD50= 0.578039065797115
AIAdultSlopeContact= 1.11680671572685
AIAdultLD50Contact= 9.86345472602523
AILarvaSlope= 8.219198346138
AILarvaLD50= 97.3820820310723
AIKOW= 40415.4432218929
AIKOC= 9737.40385094495
AIHalfLife= 18.3599849505816
EAppRate= 3.75780889736279
FoliarEnabled= true
FoliarAppDate= 06/07/1989
FoliarForageBegin= 06/05/1989
FoliarForageEnd= 06/28/1989
AIContactFactor= 0.370210225838236
CL4Pollen= 2.6194110866636
CL4Nectar= 55.3675445029512
CL5Pollen= 3.80082256766036
CL5Nectar= 102.677899610717
CLDPollen= 2.61651722900569
CLDNectar= 27.3366521112621
CA13Pollen= 6.04633257472888
CA13Nectar= 96.5745233930647
CA410Pollen= 5.59401568653993
CA410Nectar= 47.5179969891906
CA1120Pollen= 0.055383768863976
CA1120Nectar= 75.6181732751429
IPollenTrips= 11.9231312233023
INectarTrips= 11.7105604009703
IPollenLoad= 2.12727388367057
INectarLoad= 4.85717333154753
