ICQueenStrength= 2.29888410214335
RQWkrDrnRatio= 1.33145052939653
ICDroneMiteSurvivorship= 76.2956651858985
ICWorkerMiteSurvivorship= 62.2816671151668
ICForagerLifespan= 8.23288295604289
ImmType= Polynomial
RQQueenStrength= 4.92926371190697
RQEnableReQueen= true
AIAdultSlope= 5.9177831672132
AIAdultLD50= 62.2164317425638
AIAdultSlopeContact= 3.4089684325736
AIAdultLD50Contact= 69.8833437435031
AILarvaSlope= 6.02056232653558
AILarvaLD50= 41.5800948722546
AIKOW= 32378.9710511951
AIKOC= 15327.6422960775
AIHalfLife= 27.2371459650807
EAppRate= 5.97913770934474
FoliarEnabled= true
FoliarAppDate= 06/07/1989
FoliarForageBegin= 06/05/1989
FoliarForageEnd= 06/28/1989
AIContactFactor= 1.17383105725516
CL4Pollen= 1.91672068834305
CL4Nectar= 2.77697667479515
CL5Pollen= 1.62572713103145
CL5Nectar= 131.528778781649
CLDPollen= 3.82347113080323
CLDNectar= 75.2507010474801
CA13Pollen= 4.07286026915535
CA13Nectar= 62.6755416765809
CA410Pollen= 7.87473186466377
CA410Nectar= 152.257916452363
CA1120Pollen= 1.8556406723801
CA1120Nectar= 46.8528682552278
IPollenTrips= 7.8524306928739
INectarTrips= 6.39868493657559
IPollenLoad= 0.988890070002526
INectarLoad= 0.799864633008838
