ICQueenStrength= 1.49176795058884
RQWkrDrnRatio= 4.0212619015947
ICDroneMiteSurvivorship= 68.2633432559669
ICWorkerMiteSurvivorship= 20.8954709116369
ICForagerLifespan= 12.5655779251829
ImmType= Exponential
AIAdultSlope= 3.62455731384689
AIAdultLD50= 0.0956379809882492
AIAdultSlopeContact= 0.0639861632091925
AIAdultLD50Contact= 0.0256140017881989
AILarvaSlope= 2.88573351008818
AILarvaLD50= 0.0156654407037422
AIKOW= 3.73466301430017
AIKOC= 7.96610876102932
AIHalfLife= 2.23099250551313
EAppRate= 8.66179446456954
FoliarEnabled= true
