ICQueenStrength= 2.85101452399977
RQWkrDrnRatio= 1.10190633777529
ICDroneMiteSurvivorship= 10.9773822128773
ICWorkerMiteSurvivorship= 42.7787177963182
ICForagerLifespan= 10.0233230087906
ImmType= Sine
AIAdultSlope= 1.27882953786291
AIAdultLD50= 0.0316765214782208
AIAdultSlopeContact= 1.19744479819201
AIAdultLD50Contact= 0.0375147264683619
AILarvaSlope= 2.75526433247142
AILarvaLD50= 0.311560273217037
AIKOW= 2.67562295217067
AIKOC= 11.6966175218113
AIHalfLife= 1.7427547457628
EAppRate= 4.54458548221737
FoliarEnabled= true
