ICQueenStrength= 1.60321800061502
RQWkrDrnRatio= 3.10065361484885
ICDroneMiteSurvivorship= 73.6953602638096
ICWorkerMiteSurvivorship= 2.63545790221542
ICForagerLifespan= 8.51481208018959
ImmType= Cosine
RQQueenStrength= 3.53237816155888
RQEnableReQueen= true
AIAdultSlope= 3.09476944245398
AIAdultLD50= 79.5884869239707
AIAdultSlopeContact= 3.96431026631035
AIAdultLD50Contact= 61.0098313148459
AILarvaSlope= 7.34790844656527
AILarvaLD50= 61.9230392876463
AIKOW= 66644.3110038901
AIKOC= 32771.2217771711
AIHalfLife= 18.1312596924603
EAppRate= 0.481966236422537
FoliarEnabled= true
FoliarAppDate= 06/07/1989
FoliarForageBegin= 06/05/1989
FoliarForageEnd= 06/28/1989
AIContactFactor= 1.12797012040857
CL4Pollen= 0.132746107876301
CL4Nectar= 69.638695474714
CL5Pollen= 5.20722528873011
CL5Nectar= 130.049078003503
CLDPollen= 4.37050034618005
CLDNectar= 135.620406002272
CA13Pollen= 5.77542547443882
CA13Nectar= 70.6758409738541
CA410Pollen= 2.69392384982202
CA410Nectar= 184.794036913663
CA1120Pollen= 1.12393738352694
CA1120Nectar= 45.5533522926271
IPollenTrips= 12.467387910001
INectarTrips= 7.84063687315211
IPollenLoad= 2.86328714108095
INectarLoad= 5.24449979420751
