ICQueenStrength= 3.14815095765516
RQWkrDrnRatio= 3.08056211192161
ICDroneMiteSurvivorship= 99.6253096032888
ICWorkerMiteSurvivorship= 21.414125803858
ICForagerLifespan= 8.85400511231273
ImmType= Logarithmic
RQQueenStrength= 3.60299812653102
RQEnableReQueen= true
AIAdultSlope= 5.99265068396926
AIAdultLD50= 86.6620432507733
AIAdultSlopeContact= 5.87709328881465
AIAdultLD50Contact= 11.2499875300864
AILarvaSlope= 3.84033594280481
AILarvaLD50= 47.8543784608571
AIKOW= 45300.2574838146
AIKOC= 8584.05787127116
AIHalfLife= 34.7190378605388
EAppRate= 0.451675123638939
FoliarEnabled= true
FoliarAppDate= 06/07/1989
FoliarForageBegin= 06/05/1989
FoliarForageEnd= 06/28/1989
AIContactFactor= 2.27386956214905
CL4Pollen= 2.71413073502481
CL4Nectar= 78.6266310606152
CL5Pollen= 4.69774995557964
CL5Nectar= 14.0145747922361
CLDPollen= 5.58324947487563
CLDNectar= 92.6345894462429
CA13Pollen= 3.96322231441736
CA13Nectar= 36.8063146993518
CA410Pollen= 5.80821055560373
CA410Nectar= 60.5695613892749
CA1120Pollen= 2.61413614824414
CA1120Nectar= 61.4431210979819
IPollenTrips= 10.3690781164914
INectarTrips= 11.3139643706381
IPollenLoad= 6.27000756794587
INectarLoad= 7.6653716689907
