ICQueenStrength= 4.08539428096265
RQWkrDrnRatio= 2.15859090909362
ICDroneMiteSurvivorship= 2.37756783608347
ICWorkerMiteSurvivorship= 22.9031556285918
ICForagerLifespan= 13.289345250465
ImmType= Sine
RQQueenStrength= 2.46721026021987
RQEnableReQueen=true
AIAdultSlope= 1.28416175954044
AIAdultLD50= 0.244258341575507
AIAdultSlopeContact= 3.31213797349483
AIAdultLD50Contact= 83.6402184921997
AILarvaSlope= 6.92863290570676
AILarvaLD50= 0.539001533779083
AIKOW= 79962.5612809358
AIKOC= 87746.7881135424
AIHalfLife= 21.4123816295993
EAppRate= 7.31804961201758
FoliarEnabled=true
FoliarAppDate= 07/01/1989
FoliarForageBegin= 07/01/1989
FoliarForageEnd= 07/14/1989
AIContactFactor= 2.04848228760995
CL4Pollen= 1.95444815326482
CL4Nectar= 69.0693706274033
CL5Pollen= 0.324287314899266
CL5Nectar= 49.08481357852
CLDPollen= 4.12268186034635
CLDNectar= 33.4336074069142
CA13Pollen= 3.61314252419397
CA13Nectar= 48.4397996030748
CA410Pollen= 7.57392321620136
CA410Nectar= 133.744783699512
CA1120Pollen= 1.85223784879781
CA1120Nectar= 90.7986844144762
IPollenTrips= 5.71505117230117
INectarTrips= 12.4181138840504
IPollenLoad= 1.92687322385609
INectarLoad= 2.23611948080361
