ICQueenStrength= 5.57984332577325
RQWkrDrnRatio= 2.11922712344676
ICDroneMiteSurvivorship= 15.7798723084852
ICWorkerMiteSurvivorship= 4.33057097252458
ICForagerLifespan= 15.7238624831662
ImmType= Polynomial
RQQueenStrength= 2.58950487268157
RQEnableReQueen= true
AIAdultSlope= 2.0457369890064
AIAdultLD50= 12.5776651544122
AIAdultSlopeContact= 7.72011764976196
AIAdultLD50Contact= 31.5285723551253
AILarvaSlope= 1.49374209530652
AILarvaLD50= 15.5236501171913
AIKOW= 46598.7073107816
AIKOC= 41829.8522042595
AIHalfLife= 24.0496581093641
EAppRate= 6.08469238970243
FoliarEnabled= true
FoliarAppDate= 06/07/1989
FoliarForageBegin= 06/05/1989
FoliarForageEnd= 06/28/1989
AIContactFactor= 1.95612483306322
CL4Pollen= 0.994906100444496
CL4Nectar= 41.8251525377855
CL5Pollen= 5.92722079530358
CL5Nectar= 127.809745492414
CLDPollen= 0.943629673216492
CLDNectar= 104.596926318482
CA13Pollen= 4.295707423985
CA13Nectar= 37.8868735022843
CA410Pollen= 7.0658309136983
CA410Nectar= 171.172062335536
CA1120Pollen= 1.62518623983487
CA1120Nectar= 59.6574141457677
IPollenTrips= 7.96476613730192
INectarTrips= 9.67489211354405
IPollenLoad= 1.91710786893964
INectarLoad= 2.11064154747874
