ICQueenStrength= 5.76992611307651
RQWkrDrnRatio= 3.43338166084141
ICDroneMiteSurvivorship= 4.54898220486939
ICWorkerMiteSurvivorship= 37.5729551538825
ICForagerLifespan= 8.02378433384001
ImmType= Cosine
RQQueenStrength= 3.609286949737
RQEnableReQueen= true
AIAdultSlope= 6.79989668913186
AIAdultLD50= 48.0537360062266
AIAdultSlopeContact= 9.59522414742969
AIAdultLD50Contact= 19.2806094200574
AILarvaSlope= 3.42044310830534
AILarvaLD50= 62.9245635806101
AIKOW= 93921.4322275308
AIKOC= 42389.3879823594
AIHalfLife= 12.031968834647
EAppRate= 4.68514001073269
FoliarEnabled= true
FoliarAppDate= 06/07/1989
FoliarForageBegin= 06/05/1989
FoliarForageEnd= 06/28/1989
AIContactFactor= 2.00554997327737
CL4Pollen= 3.78799962997437
CL4Nectar= 87.5789231387898
CL5Pollen= 5.7501844628714
CL5Nectar= 76.3017174205743
CLDPollen= 4.85429230425507
CLDNectar= 142.597233736888
CA13Pollen= 3.17100203949958
CA13Nectar= 21.150404792279
CA410Pollen= 3.45805912117939
CA410Nectar= 87.6185017544776
CA1120Pollen= 0.556498856982216
CA1120Nectar= 25.8180058002472
IPollenTrips= 13.697097862605
INectarTrips= 5.92476706020534
IPollenLoad= 4.99450210016221
INectarLoad= 1.49830784415826
