ICQueenStrength= 4.59156347461976
RQWkrDrnRatio= 2.53408204950392
ICDroneMiteSurvivorship= 49.9162893043831
ICWorkerMiteSurvivorship= 57.8596053645015
ICForagerLifespan= 10.4110697517172
ImmType= Logarithmic
RQQueenStrength= 5.32512497995049
RQEnableReQueen= true
AIAdultSlope= 3.67510403320193
AIAdultLD50= 45.6831584716935
AIAdultSlopeContact= 3.69917770847678
AIAdultLD50Contact= 51.4687741224477
AILarvaSlope= 3.9556309338659
AILarvaLD50= 97.7482437885273
AIKOW= 18408.5305182433
AIKOC= 2575.01197355287
AIHalfLife= 6.03019740448799
EAppRate= 2.01478262845031
FoliarEnabled= true
FoliarAppDate= 06/07/1989
FoliarForageBegin= 06/05/1989
FoliarForageEnd= 06/28/1989
AIContactFactor= 1.39345053795259
CL4Pollen= 0.628890976309776
CL4Nectar= 35.2083717240021
CL5Pollen= 2.87860637158155
CL5Nectar= 17.4858164275065
CLDPollen= 5.70936215808615
CLDNectar= 115.180385985877
CA13Pollen= 5.61929820179939
CA13Nectar= 92.6505187526345
CA410Pollen= 6.88379439567216
CA410Nectar= 32.4164683092386
CA1120Pollen= 1.45871101459488
CA1120Nectar= 90.3494809567928
IPollenTrips= 8.20106519851834
INectarTrips= 5.61251150909811
IPollenLoad= 9.05266366200522
INectarLoad= 9.23675731290132
ESoilP= 1.64472892158665
ESoilFoc= 0.0110155604630709
