ICQueenStrength= 2.7362343496643
RQWkrDrnRatio= 3.00510082952678
ICDroneMiteSurvivorship= 10.2695172186941
ICWorkerMiteSurvivorship= 75.7455651881173
ICForagerLifespan= 7.55594390723854
ImmType= Cosine
RQQueenStrength= 3.77692758128978
RQEnableReQueen= true
AIAdultSlope= 6.82053462602198
AIAdultLD50= 36.4287585698378
AIAdultSlopeContact= 2.5019507042598
AIAdultLD50Contact= 32.1411795549307
AILarvaSlope= 7.10201471671462
AILarvaLD50= 66.3924435963833
AIKOW= 39432.5976058617
AIKOC= 55224.434685688
AIHalfLife= 32.7397667982383
EAppRate= 4.78807882568147
FoliarEnabled= true
FoliarAppDate= 06/07/1989
FoliarForageBegin= 06/05/1989
FoliarForageEnd= 06/28/1989
AIContactFactor= 1.47754916587844
CL4Pollen= 1.19438277278095
CL4Nectar= 41.1501787602901
CL5Pollen= 4.1754810330458
CL5Nectar= 8.83338488638401
CLDPollen= 2.5794331356883
CLDNectar= 58.3969090715982
CA13Pollen= 3.44577559018508
CA13Nectar= 64.9233565106988
CA410Pollen= 2.63894472108223
CA410Nectar= 123.179183066823
CA1120Pollen= 1.12707922328264
CA1120Nectar= 78.5492110811174
IPollenTrips= 13.6700577964075
INectarTrips= 10.497246554587
IPollenLoad= 7.17840723693371
INectarLoad= 3.75183208612725
