ICQueenStrength= 4.32370409159921
RQWkrDrnRatio= 3.64125570096076
ICDroneMiteSurvivorship= 94.0599302761257
ICWorkerMiteSurvivorship= 24.0117641398683
ICForagerLifespan= 8.65782468765974
ImmType= Cosine
RQQueenStrength= 5.77142304880545
RQEnableReQueen= true
AIAdultSlope= 7.39456768520176
AIAdultLD50= 55.897287655625
AIAdultSlopeContact= 6.62495770910755
AIAdultLD50Contact= 78.2691597337406
AILarvaSlope= 1.69978260993958
AILarvaLD50= 53.4370851660992
AIKOW= 93748.0813789132
AIKOC= 14072.6177231113
AIHalfLife= 24.6958768173121
EAppRate= 0.0408510793177411
FoliarEnabled= true
FoliarAppDate= 06/07/1989
FoliarForageBegin= 06/05/1989
FoliarForageEnd= 06/28/1989
AIContactFactor= 1.45217244009487
CL4Pollen= 3.91448967065662
CL4Nectar= 72.8168154135346
CL5Pollen= 5.72335752518848
CL5Nectar= 92.7348475903273
CLDPollen= 1.83973339106888
CLDNectar= 11.6701832972467
CA13Pollen= 8.00025011114776
CA13Nectar= 28.6906514130533
CA410Pollen= 3.87894793576561
CA410Nectar= 29.6305338293314
CA1120Pollen= 2.88023455627263
CA1120Nectar= 52.156192753464
IPollenTrips= 8.55941750807688
INectarTrips= 5.6567734060809
IPollenLoad= 3.75665682833642
INectarLoad= 0.0529261631891131
