ICQueenStrength= 2.59868331742473
RQWkrDrnRatio= 2.18060308508575
ICDroneMiteSurvivorship= 30.0695603247732
ICWorkerMiteSurvivorship= 33.9147162390873
ICForagerLifespan= 4.12685594428331
ImmType= Polynomial
RQQueenStrength= 4.47464411752298
RQEnableReQueen= true
AIAdultSlope= 1.54969806410372
AIAdultLD50= 95.3968311675296
AIAdultSlopeContact= 8.60337583627552
AIAdultLD50Contact= 48.0684104298924
AILarvaSlope= 7.52155686356127
AILarvaLD50= 16.6756681372856
AIKOW= 18753.4561369401
AIKOC= 15448.0395175903
AIHalfLife= 4.15618018878158
EAppRate= 6.62253386474564
FoliarEnabled= true
FoliarAppDate= 06/07/1989
FoliarForageBegin= 06/05/1989
FoliarForageEnd= 06/28/1989
AIContactFactor= 1.27879305082839
CL4Pollen= 3.19892009627074
CL4Nectar= 0.790789187885821
CL5Pollen= 0.579200081527233
CL5Nectar= 88.4494254249148
CLDPollen= 0.0611593835055828
CLDNectar= 148.96646233974
CA13Pollen= 7.39353652046993
CA13Nectar= 88.3823777548969
CA410Pollen= 6.09315565638244
CA410Nectar= 144.850288657472
CA1120Pollen= 1.9852949869819
CA1120Nectar= 59.7421429492533
IPollenTrips= 9.76609820965677
INectarTrips= 7.20413517672569
IPollenLoad= 4.80465357191861
INectarLoad= 3.04518994875252
