ICQueenStrength= 3.84313381300308
RQWkrDrnRatio= 3.60927109047771
ICDroneMiteSurvivorship= 97.9637295706198
ICWorkerMiteSurvivorship= 43.9578034682199
ICForagerLifespan= 7.91366390977055
ImmType= Exponential
RQQueenStrength= 4.07609865209088
RQEnableReQueen= true
AIAdultSlope= 1.30621277727187
AIAdultLD50= 17.7799071561107
AIAdultSlopeContact= 2.00174662005156
AIAdultLD50Contact= 11.9452770239147
AILarvaSlope= 6.68361969664693
AILarvaLD50= 79.5892801467583
AIKOW= 1233.88171655336
AIKOC= 9771.11855514883
AIHalfLife= 10.8415853944607
EAppRate= 5.71729946411983
FoliarEnabled= true
FoliarAppDate= 06/07/1989
FoliarForageBegin= 06/05/1989
FoliarForageEnd= 06/28/1989
AIContactFactor= 1.62167908945587
CL4Pollen= 0.346489172428846
CL4Nectar= 92.4496541032568
CL5Pollen= 2.82647233922035
CL5Nectar= 62.5083298422396
CLDPollen= 2.05925113661215
CLDNectar= 117.880317661911
CA13Pollen= 6.46255946280435
CA13Nectar= 63.6373979412019
CA410Pollen= 9.25966323926114
CA410Nectar= 57.6734970835969
CA1120Pollen= 1.25422017741948
CA1120Nectar= 47.0402938500047
IPollenTrips= 7.98156904987991
INectarTrips= 13.6733515467495
IPollenLoad= 1.96959200548008
INectarLoad= 4.08981056185439
