ICQueenStrength= 1.78391914954409
RQWkrDrnRatio= 4.04641960561275
ICDroneMiteSurvivorship= 52.1799387410283
ICWorkerMiteSurvivorship= 56.0232522897422
ICForagerLifespan= 11.9363845661283
ImmType= Sine
RQQueenStrength= 3.34518480137922
RQEnableReQueen= true
AIAdultSlope= 2.18825944513083
AIAdultLD50= 98.2114849651474
AIAdultSlopeContact= 5.87564313155599
AIAdultLD50Contact= 13.218545953823
AILarvaSlope= 6.11670919694006
AILarvaLD50= 21.8535530608853
AIKOW= 91043.6907659066
AIKOC= 13766.863435053
AIHalfLife= 5.20464387196116
EAppRate= 1.53579729165719
FoliarEnabled= true
FoliarAppDate= 06/07/1989
FoliarForageBegin= 06/05/1989
FoliarForageEnd= 06/28/1989
AIContactFactor= 0.363468630411662
CL4Pollen= 2.78130958881229
CL4Nectar= 80.5912361480296
CL5Pollen= 0.166264910716563
CL5Nectar= 8.16622283309698
CLDPollen= 0.0175051158294082
CLDNectar= 122.118367929943
CA13Pollen= 3.39939968781546
CA13Nectar= 63.3925371989608
CA410Pollen= 6.98883282700554
CA410Nectar= 115.223570875823
CA1120Pollen= 0.857136540580541
CA1120Nectar= 71.8150161020458
IPollenTrips= 9.61006442317739
INectarTrips= 14.3570108525455
IPollenLoad= 6.96807343279943
INectarLoad= 8.60880755120888
