ICQueenStrength= 1.27964179636911
RQWkrDrnRatio= 1.98447340261191
ICDroneMiteSurvivorship= 81.0710007790476
ICWorkerMiteSurvivorship= 69.6872727014124
ICForagerLifespan= 9.03022782038897
ImmType= Exponential
RQQueenStrength= 2.84437417774461
RQEnableReQueen= true
AIAdultSlope= 2.58106235973537
AIAdultLD50= 30.8517299418533
AIAdultSlopeContact= 9.58250060491264
AIAdultLD50Contact= 82.2780824634652
AILarvaSlope= 4.04413028247654
AILarvaLD50= 90.5368594785349
AIKOW= 52505.0085501153
AIKOC= 40583.7788555739
AIHalfLife= 22.4126940215006
EAppRate= 1.98218430625647
FoliarEnabled= true
FoliarAppDate= 06/07/1989
FoliarForageBegin= 06/05/1989
FoliarForageEnd= 06/28/1989
AIContactFactor= 2.17631340413354
CL4Pollen= 2.27599055599421
CL4Nectar= 74.300226685591
CL5Pollen= 0.228266514837742
CL5Nectar= 33.3317553042434
CLDPollen= 0.443282391875982
CLDNectar= 96.2701049284078
CA13Pollen= 6.23508568741381
CA13Nectar= 23.7176149897277
CA410Pollen= 7.09574278693181
CA410Nectar= 154.827968268655
CA1120Pollen= 0.313863411778584
CA1120Nectar= 52.2276863269508
IPollenTrips= 5.85234756348655
INectarTrips= 8.85682297637686
IPollenLoad= 2.66701618907973
INectarLoad= 5.88585490593687
ESoilP= 1.73880309448577
ESoilFoc= 0.0198407270691823
