ICQueenStrength= 2.42347186687402
RQWkrDrnRatio= 4.3112683808431
ICDroneMiteSurvivorship= 68.7629589578137
ICWorkerMiteSurvivorship= 68.331949529238
ICForagerLifespan= 4.50442860741168
ImmType= Polynomial
RQQueenStrength= 2.71442756429315
RQEnableReQueen= true
AIAdultSlope= 7.61218784190714
AIAdultLD50= 49.3163938322286
AIAdultSlopeContact= 6.53714131424204
AIAdultLD50Contact= 58.0425149477744
AILarvaSlope= 6.56651577167213
AILarvaLD50= 78.0933316316574
AIKOW= 81356.7549705537
AIKOC= 43472.6664225499
AIHalfLife= 15.9741564184427
EAppRate= 8.4654278423728
FoliarEnabled= true
FoliarAppDate= 06/07/1989
FoliarForageBegin= 06/05/1989
FoliarForageEnd= 06/28/1989
AIContactFactor= 1.57248669233173
CL4Pollen= 0.0969014875590801
CL4Nectar= 79.365800623782
CL5Pollen= 0.227214710321277
CL5Nectar= 31.71160526108
CLDPollen= 2.56420524744317
CLDNectar= 58.0826662830077
CA13Pollen= 5.33529704604298
CA13Nectar= 47.5435386784375
CA410Pollen= 6.08437975561246
CA410Nectar= 99.644576930441
CA1120Pollen= 1.8870484137442
CA1120Nectar= 76.1494422145188
IPollenTrips= 14.26995086018
INectarTrips= 9.33055738452822
IPollenLoad= 7.95781492022797
INectarLoad= 8.3252774248831
