ICQueenStrength= 2.78134033922106
RQWkrDrnRatio= 3.49910594616085
ICDroneMiteSurvivorship= 65.1307519292459
ICWorkerMiteSurvivorship= 6.63163927383721
ICForagerLifespan= 10.8621915979311
ImmType= Sine
RQQueenStrength= 5.8179532866925
RQEnableReQueen= true
AIAdultSlope= 1.2753181643784
AIAdultLD50= 53.8857330830044
AIAdultSlopeContact= 4.27966227405705
AIAdultLD50Contact= 2.85827390548983
AILarvaSlope= 2.65210082381964
AILarvaLD50= 41.4044750583824
AIKOW= 54820.6766844666
AIKOC= 70537.6939403508
AIHalfLife= 30.9045123447897
EAppRate= 4.97851821028139
FoliarEnabled= true
FoliarAppDate= 06/07/1989
FoliarForageBegin= 06/05/1989
FoliarForageEnd= 06/28/1989
AIContactFactor= 0.519745165901259
CL4Pollen= 3.93362228479236
CL4Nectar= 20.9076018771157
CL5Pollen= 5.02420727256685
CL5Nectar= 61.5365287405439
CLDPollen= 3.90098632033914
CLDNectar= 67.0372928841971
CA13Pollen= 7.0387829628773
CA13Nectar= 88.1603531353176
CA410Pollen= 7.64652770622633
CA410Nectar= 94.0926857339218
CA1120Pollen= 2.23035480547696
CA1120Nectar= 38.7392991036177
IPollenTrips= 7.00682814698666
INectarTrips= 14.1771462908946
IPollenLoad= 2.08702134899795
INectarLoad= 4.35140810208395
