ICQueenStrength= 4.04418675950728
RQWkrDrnRatio= 1.3241170514375
ICDroneMiteSurvivorship= 82.5130656594411
ICWorkerMiteSurvivorship= 93.6398297082633
ICForagerLifespan= 14.8739556930959
ImmType= Cosine
RQQueenStrength= 1.58848473592661
RQEnableReQueen= true
AIAdultSlope= 7.85712346248329
AIAdultLD50= 0.635966098736273
AIAdultSlopeContact= 9.42065135831945
AIAdultLD50Contact= 78.0552065305244
AILarvaSlope= 4.94425856694579
AILarvaLD50= 95.9519814380473
AIKOW= 21549.1908589307
AIKOC= 45042.9857264725
AIHalfLife= 15.5874522105791
EAppRate= 1.05967253805813
FoliarEnabled= true
FoliarAppDate= 06/07/1989
FoliarForageBegin= 06/05/1989
FoliarForageEnd= 06/28/1989
AIContactFactor= 2.03531729650218
CL4Pollen= 3.74160362221301
CL4Nectar= 74.9430130235851
CL5Pollen= 3.03532550716773
CL5Nectar= 137.18755269656
CLDPollen= 5.75860912213102
CLDNectar= 130.86819058517
CA13Pollen= 2.88033761717379
CA13Nectar= 47.3430059477687
CA410Pollen= 6.95149192600511
CA410Nectar= 150.047818887979
CA1120Pollen= 1.09979829308577
CA1120Nectar= 32.1847090125084
IPollenTrips= 10.0495466520078
INectarTrips= 8.46110014477745
IPollenLoad= 6.28521288046613
INectarLoad= 9.16769900592044
