ICQueenStrength= 5.72171827685088
RQWkrDrnRatio= 1.01325500011444
ICDroneMiteSurvivorship= 61.6564954631031
ICWorkerMiteSurvivorship= 19.8821324622259
ICForagerLifespan= 6.19789485167712
ImmType= Tangent
RQQueenStrength= 1.65065091475844
RQEnableReQueen= true
AIAdultSlope= 2.33149537071586
AIAdultLD50= 54.1295202313471
AIAdultSlopeContact= 7.5707225764636
AIAdultLD50Contact= 45.1479971639677
AILarvaSlope= 1.79688670113683
AILarvaLD50= 75.522854899962
AIKOW= 35831.2971797424
AIKOC= 83889.0849299387
AIHalfLife= 24.9915900517954
EAppRate= 6.65113808798743
FoliarEnabled= true
FoliarAppDate= 06/07/1989
FoliarForageBegin= 06/05/1989
FoliarForageEnd= 06/28/1989
AIContactFactor= 0.265636474071071
CL4Pollen= 1.36084191780537
CL4Nectar= 38.8478557113558
CL5Pollen= 1.68198557104915
CL5Nectar= 74.891249940265
CLDPollen= 5.84510702267289
CLDNectar= 13.9719612314366
CA13Pollen= 3.10300510590896
CA13Nectar= 47.6443760283291
CA410Pollen= 7.02189880015794
CA410Nectar= 124.973196419887
CA1120Pollen= 1.4509100667201
CA1120Nectar= 46.9840451516211
IPollenTrips= 13.1509705842473
INectarTrips= 11.1100654373877
IPollenLoad= 7.85835083574057
INectarLoad= 8.81366436602548
