ICQueenStrength= 3.45310465688817
RQWkrDrnRatio= 3.18890598230064
ICDroneMiteSurvivorship= 69.5009199902415
ICWorkerMiteSurvivorship= 63.5153686860576
ICForagerLifespan= 5.53565571922809
ImmType= Tangent
AIAdultSlope= 2.76294956004946
AIAdultLD50= 0.113392516411841
AIAdultSlopeContact= 0.503001542540733
AIAdultLD50Contact= 0.00536860737483949
AILarvaSlope= 2.60735389995389
AILarvaLD50= 0.384569244249724
AIKOW= 5.06711298786104
AIKOC= 28.3971033187117
AIHalfLife= 1.88596758889034
EAppRate= 5.54041248979047
FoliarEnabled= true
