ICQueenStrength= 5.45972122484818
RQWkrDrnRatio= 3.61129177175462
ICDroneMiteSurvivorship= 56.0789800016209
ICWorkerMiteSurvivorship= 64.4203762058169
ICForagerLifespan= 12.304430869408
ImmType= Tangent
RQQueenStrength= 2.55357432086021
RQEnableReQueen= true
AIAdultSlope= 3.11823470331728
AIAdultLD50= 44.6840604593211
AIAdultSlopeContact= 8.33765209862031
AIAdultLD50Contact= 62.8713369555497
AILarvaSlope= 8.83750808797777
AILarvaLD50= 91.8365884850177
AIKOW= 22918.9289980734
AIKOC= 85088.4117545194
AIHalfLife= 13.2142830083612
EAppRate= 8.8311292292506
FoliarEnabled= true
FoliarAppDate= 06/07/1989
FoliarForageBegin= 06/05/1989
FoliarForageEnd= 06/28/1989
AIContactFactor= 0.585193257844075
CL4Pollen= 2.23804885521531
CL4Nectar= 43.8365319278091
CL5Pollen= 1.44526764890179
CL5Nectar= 56.4553632284515
CLDPollen= 0.902130719739944
CLDNectar= 71.8799335998483
CA13Pollen= 2.26650255480781
CA13Nectar= 38.5749410651624
CA410Pollen= 4.11875294821803
CA410Nectar= 94.5026076957583
CA1120Pollen= 2.60846029850654
CA1120Nectar= 95.1517467014492
IPollenTrips= 14.5859817042947
INectarTrips= 13.568964083679
IPollenLoad= 0.569631434045732
INectarLoad= 9.71761288121343
