ICQueenStrength= 5.4489147211425
RQWkrDrnRatio= 1.3528364719823
ICDroneMiteSurvivorship= 5.26770949363708
ICWorkerMiteSurvivorship= 93.378225597553
ICForagerLifespan= 8.48683867696673
ImmType= Exponential
AIAdultSlope= 3.49880189397605
AIAdultLD50= 0.0481379247736186
AIAdultSlopeContact= 3.81877867535921
AIAdultLD50Contact= 0.000943367509171367
AILarvaSlope= 3.25552386357449
AILarvaLD50= 0.785859380546026
AIKOW= 4.12129562720656
AIKOC= 22.8947377484292
AIHalfLife= 0.329772313614376
EAppRate= 0.633564710151404
FoliarEnabled= true
