ICQueenStrength= 3.80835703480989
RQWkrDrnRatio= 2.09195190388709
ICDroneMiteSurvivorship= 97.113259229809
ICWorkerMiteSurvivorship= 1.54911689460278
ICForagerLifespan= 9.01091089192778
ImmType= Cosine
RQQueenStrength= 2.26964232884347
RQEnableReQueen= true
AIAdultSlope= 8.90751385129988
AIAdultLD50= 80.528965634974
AIAdultSlopeContact= 4.25394538184628
AIAdultLD50Contact= 89.0765852904369
AILarvaSlope= 8.40350762754679
AILarvaLD50= 21.7324903927643
AIKOW= 3135.00776030159
AIKOC= 85961.5037811107
AIHalfLife= 27.0307590466226
EAppRate= 5.85441407832899
FoliarEnabled= true
FoliarAppDate= 06/07/1989
FoliarForageBegin= 06/05/1989
FoliarForageEnd= 06/28/1989
AIContactFactor= 0.30937809523195
CL4Pollen= 2.29533792100847
CL4Nectar= 69.7295184014365
CL5Pollen= 3.70287097804248
CL5Nectar= 38.1006820709445
CLDPollen= 2.63194554392248
CLDNectar= 39.1609415528364
CA13Pollen= 7.93660520277917
CA13Nectar= 68.0251166783273
CA410Pollen= 3.54502015376929
CA410Nectar= 31.0964409355074
CA1120Pollen= 1.76908633229323
CA1120Nectar= 89.3623207136989
IPollenTrips= 7.84992472967133
INectarTrips= 10.5414598272182
IPollenLoad= 8.76638960558921
INectarLoad= 9.13502879673615
ESoilP= 1.46837799809873
ESoilFoc= 0.018197659237776
