ICQueenStrength= 1.56496475241147
RQWkrDrnRatio= 4.09255156572908
ICDroneMiteSurvivorship= 98.9248809870332
ICWorkerMiteSurvivorship= 7.26461843587458
ICForagerLifespan= 5.58530172612518
ImmType= Sine
RQQueenStrength= 3.05083184759133
RQEnableReQueen= true
AIAdultSlope= 1.77670446038246
AIAdultLD50= 32.3472542670465
AIAdultSlopeContact= 1.36869446886703
AIAdultLD50Contact= 48.0709063959985
AILarvaSlope= 5.6855858899653
AILarvaLD50= 24.5355301319419
AIKOW= 39368.3959359951
AIKOC= 36605.4105581976
AIHalfLife= 8.08152280787472
EAppRate= 8.45794581423211
FoliarEnabled= true
FoliarAppDate= 06/07/1989
FoliarForageBegin= 06/05/1989
FoliarForageEnd= 06/28/1989
AIContactFactor= 1.35868423182983
CL4Pollen= 2.82486686483026
CL4Nectar= 84.8807178204879
CL5Pollen= 4.58311564614996
CL5Nectar= 16.5449597407132
CLDPollen= 4.37779211159796
CLDNectar= 99.1363205364905
CA13Pollen= 3.75918190954253
CA13Nectar= 91.2553338333964
CA410Pollen= 8.97872432910372
CA410Nectar= 70.3710909048095
CA1120Pollen= 2.4937275967095
CA1120Nectar= 20.8425619266927
IPollenTrips= 10.3077516984195
INectarTrips= 5.62561254249886
IPollenLoad= 2.41327143041417
INectarLoad= 0.217864573933184
