ICQueenStrength= 5.79356392403133
RQWkrDrnRatio= 4.93322806432843
ICDroneMiteSurvivorship= 70.6451052101329
ICWorkerMiteSurvivorship= 1.27284165937454
ICForagerLifespan= 14.7844784576446
ImmType= Logarithmic
RQQueenStrength= 5.0770443843212
RQEnableReQueen= true
AIAdultSlope= 8.7471607606858
AIAdultLD50= 98.5682870243255
AIAdultSlopeContact= 3.46014217473567
AIAdultLD50Contact= 48.7749468817562
AILarvaSlope= 1.73165992833674
AILarvaLD50= 18.7570477354163
AIKOW= 67096.8328211
AIKOC= 73851.506849858
AIHalfLife= 34.216666858783
EAppRate= 0.217840020987671
FoliarEnabled= true
FoliarAppDate= 06/07/1989
FoliarForageBegin= 06/05/1989
FoliarForageEnd= 06/28/1989
AIContactFactor= 1.78494612444658
CL4Pollen= 2.25079637672752
CL4Nectar= 37.7352279378101
CL5Pollen= 5.85269795637578
CL5Nectar= 127.656649402343
CLDPollen= 0.0804997743107378
CLDNectar= 79.8376288963482
CA13Pollen= 2.42544514527544
CA13Nectar= 63.0988441407681
CA410Pollen= 5.39240466349293
CA410Nectar= 193.262962973677
CA1120Pollen= 2.58585277665406
CA1120Nectar= 76.8007977679372
IPollenTrips= 10.8390609384514
INectarTrips= 9.22673566499725
IPollenLoad= 7.21747983945534
INectarLoad= 1.41173657262698
ESoilP= 1.58940880908631
ESoilFoc= 0.00465425779018551
