ICQueenStrength= 1.11723163188435
RQWkrDrnRatio= 2.20385973714292
ICDroneMiteSurvivorship= 15.5476735671982
ICWorkerMiteSurvivorship= 19.8631292907521
ICForagerLifespan= 7.25286100804806
ImmType= Exponential
RQQueenStrength= 1.92374093364924
RQEnableReQueen= true
AIAdultSlope= 6.69904270581901
AIAdultLD50= 99.307386541697
AIAdultSlopeContact= 7.48540867003612
AIAdultLD50Contact= 70.8824222914283
AILarvaSlope= 6.77378227375448
AILarvaLD50= 43.6290233720145
AIKOW= 94022.8502655324
AIKOC= 91696.0692160479
AIHalfLife= 23.5942311259685
EAppRate= 5.69956948644528
FoliarEnabled= true
FoliarAppDate= 06/07/1989
FoliarForageBegin= 06/05/1989
FoliarForageEnd= 06/28/1989
AIContactFactor= 2.00826961111743
CL4Pollen= 1.98773809988052
CL4Nectar= 63.0130220670253
CL5Pollen= 4.33833285514265
CL5Nectar= 21.6140429838561
CLDPollen= 4.47060904791579
CLDNectar= 26.0422545368783
CA13Pollen= 6.97001322200522
CA13Nectar= 61.1609821207821
CA410Pollen= 2.9219649289269
CA410Nectar= 149.344074255787
CA1120Pollen= 1.68150174664333
CA1120Nectar= 81.7440719902515
IPollenTrips= 6.70515933539718
INectarTrips= 9.09186883596703
IPollenLoad= 3.05333823431283
INectarLoad= 7.57697761058807
ESoilP= 1.50058168801479
ESoilFoc= 0.0102334030156489
