ICQueenStrength= 3.33925948385149
RQWkrDrnRatio= 1.85815452877432
ICDroneMiteSurvivorship= 63.5790388099849
ICWorkerMiteSurvivorship= 58.9066590182483
ICForagerLifespan= 11.759430824779
ImmType= Cosine
RQQueenStrength= 5.45667918189429
RQEnableReQueen= true
AIAdultSlope= 4.72218173742294
AIAdultLD50= 66.4994127707682
AIAdultSlopeContact= 3.61771938949823
AIAdultLD50Contact= 23.562348495462
AILarvaSlope= 2.67212497442961
AILarvaLD50= 1.35490200879658
AIKOW= 91901.9086002615
AIKOC= 84042.8578809111
AIHalfLife= 15.6703056933591
EAppRate= 2.6068739409158
FoliarEnabled= true
FoliarAppDate= 06/07/1989
FoliarForageBegin= 06/05/1989
FoliarForageEnd= 06/28/1989
AIContactFactor= 1.8711765170237
CL4Pollen= 1.79927556216717
CL4Nectar= 92.0918141724542
CL5Pollen= 2.40104374615476
CL5Nectar= 145.768438372761
CLDPollen= 3.90967026399449
CLDNectar= 60.6372208683752
CA13Pollen= 6.2354685112834
CA13Nectar= 91.5161440335214
CA410Pollen= 8.94250875674188
CA410Nectar= 86.30603028927
CA1120Pollen= 0.471054356312379
CA1120Nectar= 95.0563866831362
IPollenTrips= 5.52731147501618
INectarTrips= 13.4552527777851
IPollenLoad= 0.22266884567216
INectarLoad= 3.37446360848844
ESoilP= 1.51873913919553
ESoilFoc= 0.0107550109261647
