ICQueenStrength= 2.99115083552897
RQWkrDrnRatio= 1.74312327522784
ICDroneMiteSurvivorship= 18.658250849694
ICWorkerMiteSurvivorship= 48.6436781240627
ICForagerLifespan= 12.024072307162
ImmType= Exponential
RQQueenStrength= 5.66502729919739
RQEnableReQueen= true
AIAdultSlope= 6.9742790479213
AIAdultLD50= 32.6673665418071
AIAdultSlopeContact= 3.45553407887928
AIAdultLD50Contact= 83.9493551936091
AILarvaSlope= 6.36947819404304
AILarvaLD50= 69.2359517605565
AIKOW= 22550.6557068423
AIKOC= 95875.9146113624
AIHalfLife= 12.110971091385
EAppRate= 0.73963440128346
FoliarEnabled= true
FoliarAppDate= 06/07/1989
FoliarForageBegin= 06/05/1989
FoliarForageEnd= 06/28/1989
AIContactFactor= 1.81367772014346
CL4Pollen= 0.383686497807503
CL4Nectar= 36.737893964164
CL5Pollen= 3.41699003940448
CL5Nectar= 21.6106980456971
CLDPollen= 5.21295769326389
CLDNectar= 130.725166155025
CA13Pollen= 7.07908329442143
CA13Nectar= 52.9507331177592
CA410Pollen= 5.48273830646649
CA410Nectar= 53.9052619738504
CA1120Pollen= 2.33609563135542
CA1120Nectar= 87.5921280868351
IPollenTrips= 13.8373659318313
INectarTrips= 8.28989670844749
IPollenLoad= 5.19681726815179
INectarLoad= 6.31728969048709
