ICQueenStrength= 3.73285850137472
RQWkrDrnRatio= 2.82108223810792
ICDroneMiteSurvivorship= 57.9583241604269
ICWorkerMiteSurvivorship= 39.2756983172148
ICForagerLifespan= 5.63848267775029
ImmType= Sine
RQQueenStrength= 4.27196020074189
RQEnableReQueen=true
AIAdultSlope= 4.58945982716978
AIAdultLD50= 0.391392533139326
AIAdultSlopeContact= 5.03965008840896
AIAdultLD50Contact= 10.3668179722391
AILarvaSlope= 6.8509889729321
AILarvaLD50= 98.9174966452713
AIKOW= 45643.8308921175
AIKOC= 85998.4313298038
AIHalfLife= 33.4969406341901
EAppRate= 7.17036091542733
FoliarEnabled=true
FoliarAppDate= 07/01/1989
FoliarForageBegin= 07/01/1989
FoliarForageEnd= 07/14/1989
AIContactFactor= 1.56202366985381
CL4Pollen= 3.25264074467123
CL4Nectar= 29.3065974954516
CL5Pollen= 0.589079297147691
CL5Nectar= 27.0872983150184
CLDPollen= 2.53305142885074
CLDNectar= 9.87266956362873
CA13Pollen= 7.43431610828265
CA13Nectar= 42.1830207668245
CA410Pollen= 2.31670868941583
CA410Nectar= 121.814185986295
CA1120Pollen= 1.04702814342454
CA1120Nectar= 66.1742907576263
IPollenTrips= 12.3314957576804
INectarTrips= 5.2895672339946
IPollenLoad= 6.01224021986127
INectarLoad= 1.52701887534931
