ICQueenStrength= 5.43017218960449
RQWkrDrnRatio= 4.70630083233118
ICDroneMiteSurvivorship= 41.388776851818
ICWorkerMiteSurvivorship= 17.4297814024612
ICForagerLifespan= 12.2000187924132
ImmType= Sine
RQQueenStrength= 5.61140302475542
RQEnableReQueen= true
AIAdultSlope= 5.72172000072896
AIAdultLD50= 69.0706262411019
AIAdultSlopeContact= 4.74298675335012
AIAdultLD50Contact= 24.9447173746487
AILarvaSlope= 5.61548686772585
AILarvaLD50= 66.2866116719048
AIKOW= 27845.7266488177
AIKOC= 39769.9966758522
AIHalfLife= 12.6340442563407
EAppRate= 5.84701955083478
FoliarEnabled= true
FoliarAppDate= 06/07/1989
FoliarForageBegin= 06/05/1989
FoliarForageEnd= 06/28/1989
AIContactFactor= 1.35539808010682
CL4Pollen= 1.64580889139324
CL4Nectar= 27.0846786443144
CL5Pollen= 2.20074618794024
CL5Nectar= 57.6783842872828
CLDPollen= 0.0968316025100648
CLDNectar= 12.4462266918272
CA13Pollen= 5.18478432698175
CA13Nectar= 91.0744182951748
CA410Pollen= 2.66036879504099
CA410Nectar= 41.5522876707837
CA1120Pollen= 0.682747797807679
CA1120Nectar= 55.6803951971233
IPollenTrips= 12.102472493425
INectarTrips= 14.6377031342126
IPollenLoad= 1.96787010179833
INectarLoad= 3.73617531964555
