ICQueenStrength= 1.62170951254666
RQWkrDrnRatio= 4.10403800942004
ICDroneMiteSurvivorship= 82.5761369662359
ICWorkerMiteSurvivorship= 86.5202285116538
ICForagerLifespan= 7.19584563467652
ImmType= Exponential
RQQueenStrength= 1.22334629483521
RQEnableReQueen=true
AIAdultSlope= 1.54310545325279
AIAdultLD50= 0.613268511778675
AIAdultSlopeContact= 9.36848668241873
AIAdultLD50Contact= 70.8322058105257
AILarvaSlope= 6.99240556918085
AILarvaLD50= 59.2282448315672
AIKOW= 15172.9154477266
AIKOC= 63737.3775670652
AIHalfLife= 19.0538525891257
EAppRate= 4.65929836577037
FoliarEnabled=true
FoliarAppDate= 07/01/1989
FoliarForageBegin= 07/01/1989
FoliarForageEnd= 07/14/1989
AIContactFactor= 2.03879460026044
CL4Pollen= 0.592169160023332
CL4Nectar= 14.7251309361309
CL5Pollen= 0.0293459943495691
CL5Nectar= 122.044359811116
CLDPollen= 0.156386795919389
CLDNectar= 91.7416275129654
CA13Pollen= 7.29295390732586
CA13Nectar= 28.8688802905381
CA410Pollen= 8.91467177346349
CA410Nectar= 31.053453758359
CA1120Pollen= 1.06763992784545
CA1120Nectar= 74.0049488283694
IPollenTrips= 8.50653478642926
INectarTrips= 12.9052874445915
IPollenLoad= 5.26660062139854
INectarLoad= 0.272157024592161
