ICQueenStrength= 2.53550147777423
RQWkrDrnRatio= 3.57366552948952
ICDroneMiteSurvivorship= 37.5280077336356
ICWorkerMiteSurvivorship= 54.8838160000741
ICForagerLifespan= 14.6137816058472
ImmType= Exponential
RQQueenStrength= 1.3083666972816
RQEnableReQueen= true
AIAdultSlope= 6.45671189017594
AIAdultLD50= 0.202600369362393
AIAdultSlopeContact= 1.10156722343527
AIAdultLD50Contact= 27.5757996660715
AILarvaSlope= 4.90540352091193
AILarvaLD50= 37.1800993851311
AIKOW= 58994.7453727071
AIKOC= 20613.1234007152
AIHalfLife= 23.2236519947415
EAppRate= 9.15288702553115
FoliarEnabled= true
FoliarAppDate= 09/01/1989
FoliarForageBegin= 09/01/1989
FoliarForageEnd= 09/08/1989
AIContactFactor= 1.69735152803361
CL4Pollen= 0.000241800211369991
CL4Nectar= 40.0271243881434
CL5Pollen= 5.37066732812673
CL5Nectar= 75.7876500952989
CLDPollen= 5.00609894050285
CLDNectar= 100.535442866385
CA13Pollen= 5.70526385847479
CA13Nectar= 99.9755822122097
CA410Pollen= 2.80242610569112
CA410Nectar= 98.7250899057835
CA1120Pollen= 1.89940850646235
CA1120Nectar= 69.5344661362469
IPollenTrips= 9.77230252232403
INectarTrips= 8.33480685483664
IPollenLoad= 8.74125070869923
INectarLoad= 6.84231736464426
