ICQueenStrength= 2.84642177727073
RQWkrDrnRatio= 1.83876762911677
ICDroneMiteSurvivorship= 37.8427859162912
ICWorkerMiteSurvivorship= 34.2949676793069
ICForagerLifespan= 15.3866589767858
ImmType= Sine
RQQueenStrength= 3.45309818536043
RQEnableReQueen=true
AIAdultSlope= 2.13842932321131
AIAdultLD50= 0.164055855643935
AIAdultSlopeContact= 4.77236144733615
AIAdultLD50Contact= 8.95988747527846
AILarvaSlope= 5.40349423140287
AILarvaLD50= 63.7537531042513
AIKOW= 67687.5121374869
AIKOC= 16911.9669216531
AIHalfLife= 7.09748714421876
EAppRate= 0.78139058513823
FoliarEnabled=true
FoliarAppDate= 07/01/1989
FoliarForageBegin= 07/01/1989
FoliarForageEnd= 07/14/1989
AIContactFactor= 1.31690932201687
CL4Pollen= 2.76804556325078
CL4Nectar= 53.7682811962441
CL5Pollen= 3.09247966529801
CL5Nectar= 119.577467360068
CLDPollen= 0.517542674671859
CLDNectar= 107.801553164609
CA13Pollen= 3.75266975611448
CA13Nectar= 32.1044269762933
CA410Pollen= 8.24310040469281
CA410Nectar= 102.956677628681
CA1120Pollen= 1.14963345858268
CA1120Nectar= 86.0989235527813
IPollenTrips= 10.3609808953479
INectarTrips= 14.4177393545397
IPollenLoad= 0.299919804092497
INectarLoad= 0.0211112899705768
