ICQueenStrength= 3.19219710445032
RQWkrDrnRatio= 3.20411455538124
ICDroneMiteSurvivorship= 38.7169315014035
ICWorkerMiteSurvivorship= 93.3067190926522
ICForagerLifespan= 9.76634046249092
ImmType= Tangent
RQQueenStrength= 1.42612307122909
RQEnableReQueen= true
AIAdultSlope= 7.00750387646258
AIAdultLD50= 8.32948844364472
AIAdultSlopeContact= 7.38783731567673
AIAdultLD50Contact= 52.2881237161288
AILarvaSlope= 3.8719322476536
AILarvaLD50= 57.4742504361321
AIKOW= 23522.5377713384
AIKOC= 23984.51403084
AIHalfLife= 14.4584407292539
EAppRate= 3.28985646202508
FoliarEnabled= true
FoliarAppDate= 06/07/1989
FoliarForageBegin= 06/05/1989
FoliarForageEnd= 06/28/1989
AIContactFactor= 0.601159153101034
CL4Pollen= 1.49193698167801
CL4Nectar= 2.53687051590532
CL5Pollen= 1.28786319494247
CL5Nectar= 67.6250662654638
CLDPollen= 3.67667912179604
CLDNectar= 126.322459091898
CA13Pollen= 2.69054474337026
CA13Nectar= 34.8846841789782
CA410Pollen= 4.88024282900151
CA410Nectar= 124.148628287949
CA1120Pollen= 2.90711200959049
CA1120Nectar= 38.6899523623288
IPollenTrips= 7.31218898668885
INectarTrips= 6.46486004116014
IPollenLoad= 5.01880681142211
INectarLoad= 2.78701443690807
