ICQueenStrength= 2.79791470710188
RQWkrDrnRatio= 1.69252183288336
ICDroneMiteSurvivorship= 15.7271232455969
ICWorkerMiteSurvivorship= 25.7662822026759
ICForagerLifespan= 12.8297874517739
ImmType= Cosine
RQQueenStrength= 2.15424179285765
RQEnableReQueen=true
AIAdultSlope= 2.88847217708826
AIAdultLD50= 0.893327592665795
AIAdultSlopeContact= 3.89886114769615
AIAdultLD50Contact= 19.4622474500732
AILarvaSlope= 3.40295695327222
AILarvaLD50= 41.6738007488274
AIKOW= 15816.3290602656
AIKOC= 64771.7147037534
AIHalfLife= 5.23392434171401
EAppRate= 6.51128351739002
FoliarEnabled=true
FoliarAppDate= 07/01/1989
FoliarForageBegin= 07/01/1989
FoliarForageEnd= 07/14/1989
AIContactFactor= 1.80481650011148
CL4Pollen= 3.43590503185987
CL4Nectar= 56.1704382766038
CL5Pollen= 2.7749159890227
CL5Nectar= 57.6620882260613
CLDPollen= 4.57038187561557
CLDNectar= 133.82729140576
CA13Pollen= 4.06899361619726
CA13Nectar= 38.8492377847433
CA410Pollen= 9.4629055961268
CA410Nectar= 68.150094980374
CA1120Pollen= 2.83826362970285
CA1120Nectar= 92.2433776035905
IPollenTrips= 6.00389556726441
INectarTrips= 10.6368149165064
IPollenLoad= 2.16564591275528
INectarLoad= 2.4762974306941
