ICQueenStrength= 5.56237147678621
RQWkrDrnRatio= 1.95757851190865
ICDroneMiteSurvivorship= 88.8459627516568
ICWorkerMiteSurvivorship= 74.1279008798301
ICForagerLifespan= 15.0982197429985
ImmType= Sine
RQQueenStrength= 1.41167932329699
RQEnableReQueen= true
AIAdultSlope= 6.31174235977232
AIAdultLD50= 80.3153339210956
AIAdultSlopeContact= 4.38414370501414
AIAdultLD50Contact= 44.9633031226159
AILarvaSlope= 3.55333500169218
AILarvaLD50= 34.820487086372
AIKOW= 27796.4426929119
AIKOC= 16557.1846015451
AIHalfLife= 13.1131483519683
EAppRate= 0.132513357580174
FoliarEnabled= true
FoliarAppDate= 06/07/1989
FoliarForageBegin= 06/05/1989
FoliarForageEnd= 06/28/1989
AIContactFactor= 0.610793830328621
CL4Pollen= 3.80167697928846
CL4Nectar= 21.1792523274198
CL5Pollen= 4.15362576814368
CL5Nectar= 8.8038764661178
CLDPollen= 0.451774053275585
CLDNectar= 143.651090422645
CA13Pollen= 4.88042911915108
CA13Nectar= 68.752364218235
CA410Pollen= 4.20946016367525
CA410Nectar= 189.13073215168
CA1120Pollen= 0.425230340100825
CA1120Nectar= 49.8848663084209
IPollenTrips= 6.22780697187409
INectarTrips= 6.74023000057787
IPollenLoad= 0.00345787033438683
INectarLoad= 4.88716769497842
