ICQueenStrength= 2.24061356415041
RQWkrDrnRatio= 2.71965915989131
ICDroneMiteSurvivorship= 77.197781088762
ICWorkerMiteSurvivorship= 19.1090438980609
ICForagerLifespan= 5.6512346258387
ImmType= Cosine
RQQueenStrength= 5.26316533703357
RQEnableReQueen= true
AIAdultSlope= 5.0520559437573
AIAdultLD50= 87.9731043140409
AIAdultSlopeContact= 6.25598803721368
AIAdultLD50Contact= 65.1376789762313
AILarvaSlope= 2.92692504636943
AILarvaLD50= 48.7555632493014
AIKOW= 61471.5352067378
AIKOC= 5624.4938489187
AIHalfLife= 28.6550476992503
EAppRate= 9.81823441002844
FoliarEnabled= true
FoliarAppDate= 06/07/1989
FoliarForageBegin= 06/05/1989
FoliarForageEnd= 06/28/1989
AIContactFactor= 1.18981147821527
CL4Pollen= 0.706358292140067
CL4Nectar= 76.2489787768573
CL5Pollen= 1.87242954131216
CL5Nectar= 137.17436719453
CLDPollen= 3.96705246157944
CLDNectar= 26.481837965548
CA13Pollen= 5.09281095936894
CA13Nectar= 32.8074400871992
CA410Pollen= 7.58179896657821
CA410Nectar= 195.147886322811
CA1120Pollen= 1.15578974643722
CA1120Nectar= 85.1934904046357
IPollenTrips= 7.77552651474252
INectarTrips= 8.68037823820487
IPollenLoad= 7.83480666810647
INectarLoad= 7.25235626799986
ESoilP= 1.25082873087376
ESoilFoc= 0.0108988011323381
