ICQueenStrength= 1.61615799670108
RQWkrDrnRatio= 4.27094953227788
ICDroneMiteSurvivorship= 24.3398775113747
ICWorkerMiteSurvivorship= 88.4953895118088
ICForagerLifespan= 11.5775638101622
ImmType= Logarithmic
RQQueenStrength= 3.18434594222344
RQEnableReQueen= true
AIAdultSlope= 3.60127583704889
AIAdultLD50= 47.0456404134561
AIAdultSlopeContact= 5.44258429436013
AIAdultLD50Contact= 40.194605441723
AILarvaSlope= 5.42940338514745
AILarvaLD50= 17.6757932252055
AIKOW= 77793.2646073683
AIKOC= 83348.869292012
AIHalfLife= 16.8611619813601
EAppRate= 3.68250845077471
FoliarEnabled= true
FoliarAppDate= 06/07/1989
FoliarForageBegin= 06/05/1989
FoliarForageEnd= 06/28/1989
AIContactFactor= 1.80873157247901
CL4Pollen= 0.110655533149838
CL4Nectar= 0.397675205022097
CL5Pollen= 1.77761246776208
CL5Nectar= 147.803749458399
CLDPollen= 1.15905030118302
CLDNectar= 40.4292637249455
CA13Pollen= 5.70471624499187
CA13Nectar= 74.4138212315738
CA410Pollen= 8.72127041672356
CA410Nectar= 124.132518060505
CA1120Pollen= 0.445830264128745
CA1120Nectar= 61.8504364043474
IPollenTrips= 13.3719920204021
INectarTrips= 13.7955232034437
IPollenLoad= 6.47111494792625
INectarLoad= 4.68195424415171
