ICQueenStrength= 2.46691557369195
RQWkrDrnRatio= 3.93370207678527
ICDroneMiteSurvivorship= 97.8422886226326
ICWorkerMiteSurvivorship= 0.663258321583271
ICForagerLifespan= 12.7140667987987
ImmType= Tangent
RQQueenStrength= 2.78378653712571
RQEnableReQueen= true
AIAdultSlope= 2.7766439691186
AIAdultLD50= 25.2548532820563
AIAdultSlopeContact= 6.01745150960051
AIAdultLD50Contact= 22.1006078149369
AILarvaSlope= 8.96184764429927
AILarvaLD50= 35.401454105546
AIKOW= 42732.7251052739
AIKOC= 55730.559811227
AIHalfLife= 24.4388801987283
EAppRate= 0.674354907740373
FoliarEnabled= true
FoliarAppDate= 06/07/1989
FoliarForageBegin= 06/05/1989
FoliarForageEnd= 06/28/1989
AIContactFactor= 2.03825047657825
CL4Pollen= 3.92321146093309
CL4Nectar= 54.2695503681898
CL5Pollen= 4.45641211280599
CL5Nectar= 50.2581726643257
CLDPollen= 3.97885070275515
CLDNectar= 145.773874421138
CA13Pollen= 3.66641843020916
CA13Nectar= 48.2000623270869
CA410Pollen= 7.64267622749321
CA410Nectar= 79.9931925814599
CA1120Pollen= 1.44232313800603
CA1120Nectar= 54.3184370920062
IPollenTrips= 10.7354430668056
INectarTrips= 5.85608951048926
IPollenLoad= 1.91105602774769
INectarLoad= 0.121172536164522
