ICQueenStrength= 2.92365535069257
RQWkrDrnRatio= 2.28946872986853
ICDroneMiteSurvivorship= 50.3669920144603
ICWorkerMiteSurvivorship= 47.7514777798206
ICForagerLifespan= 5.6044991677627
ImmType= Tangent
RQQueenStrength= 2.66286764852703
RQEnableReQueen=true
AIAdultSlope= 5.80676188133657
AIAdultLD50= 0.677898795329733
AIAdultSlopeContact= 6.08202005270869
AIAdultLD50Contact= 50.0244719102168
AILarvaSlope= 7.39093120582402
AILarvaLD50= 29.5578304907302
AIKOW= 60514.7873421133
AIKOC= 7904.06589624612
AIHalfLife= 29.8080373370554
EAppRate= 5.33451323204441
FoliarEnabled=true
FoliarAppDate= 07/01/1989
FoliarForageBegin= 07/01/1989
FoliarForageEnd= 07/14/1989
AIContactFactor= 1.20813093050849
CL4Pollen= 3.75137969385833
CL4Nectar= 79.2300381930545
CL5Pollen= 4.18606444448233
CL5Nectar= 133.224423858337
CLDPollen= 2.06135077262297
CLDNectar= 64.8235814762302
CA13Pollen= 4.22925561321899
CA13Nectar= 67.7591452561319
CA410Pollen= 5.42092121141031
CA410Nectar= 106.434492282569
CA1120Pollen= 1.78824771009386
CA1120Nectar= 27.8245030157268
IPollenTrips= 12.6089397561736
INectarTrips= 14.290002186317
IPollenLoad= 4.2943053948693
INectarLoad= 5.92083038995042
