ICQueenStrength= 3.19094647443853
RQWkrDrnRatio= 4.16012344881892
ICDroneMiteSurvivorship= 7.83145213499665
ICWorkerMiteSurvivorship= 0.668052257969975
ICForagerLifespan= 5.3921312680468
ImmType= Logarithmic
RQQueenStrength= 1.99141219048761
RQEnableReQueen= true
AIAdultSlope= 8.81269318424165
AIAdultLD50= 57.5185845562131
AIAdultSlopeContact= 5.02253067982383
AIAdultLD50Contact= 13.3262236713371
AILarvaSlope= 5.33199590817094
AILarvaLD50= 93.5381836806594
AIKOW= 98340.0547208593
AIKOC= 70961.9182833901
AIHalfLife= 12.6503730627708
EAppRate= 2.34651988451998
FoliarEnabled= true
FoliarAppDate= 06/07/1989
FoliarForageBegin= 06/05/1989
FoliarForageEnd= 06/28/1989
AIContactFactor= 0.682977190823294
CL4Pollen= 1.24560263939202
CL4Nectar= 98.6922461073846
CL5Pollen= 2.47733088210225
CL5Nectar= 15.9444672404788
CLDPollen= 1.50926229637116
CLDNectar= 37.036446807906
CA13Pollen= 3.85969781810418
CA13Nectar= 80.0001937896013
CA410Pollen= 6.36618587668054
CA410Nectar= 180.055204909295
CA1120Pollen= 2.0390034718439
CA1120Nectar= 86.0543279722333
IPollenTrips= 7.50369101762772
INectarTrips= 7.41436484502628
IPollenLoad= 6.94444263586774
INectarLoad= 5.37353841587901
