ICQueenStrength= 3.40606853552163
RQWkrDrnRatio= 2.94334137160331
ICDroneMiteSurvivorship= 10.0194608094171
ICWorkerMiteSurvivorship= 43.3649595826864
ICForagerLifespan= 15.368519032374
ImmType= Sine
RQQueenStrength= 3.69102574698627
RQEnableReQueen=true
AIAdultSlope= 3.71589618548751
AIAdultLD50= 0.669316701741656
AIAdultSlopeContact= 3.70783293293789
AIAdultLD50Contact= 70.2096001013946
AILarvaSlope= 8.88116964325309
AILarvaLD50= 99.874692499165
AIKOW= 68171.8456954904
AIKOC= 24818.2046147564
AIHalfLife= 18.9282553085592
EAppRate= 9.59582765774336
FoliarEnabled=true
FoliarAppDate= 07/01/1989
FoliarForageBegin= 07/01/1989
FoliarForageEnd= 07/14/1989
AIContactFactor= 0.453920188937336
CL4Pollen= 2.69024644233286
CL4Nectar= 7.06884528044611
CL5Pollen= 1.54331587348133
CL5Nectar= 48.8429206889123
CLDPollen= 1.47250851849094
CLDNectar= 74.5368371251971
CA13Pollen= 2.60475586801767
CA13Nectar= 61.9392780587077
CA410Pollen= 7.85247115504462
CA410Nectar= 63.5707838367671
CA1120Pollen= 2.78530123201199
CA1120Nectar= 49.7402244247496
IPollenTrips= 13.3987470227294
INectarTrips= 5.77514295699075
IPollenLoad= 0.120560824871063
INectarLoad= 6.74906701780856
