ICQueenStrength= 4.39358755853027
RQWkrDrnRatio= 3.57521963398904
ICDroneMiteSurvivorship= 77.4742266628891
ICWorkerMiteSurvivorship= 79.028706275858
ICForagerLifespan= 9.96326715033501
ImmType= Exponential
RQQueenStrength= 3.30927433352917
RQEnableReQueen= true
AIAdultSlope= 1.06776333600283
AIAdultLD50= 29.4667886823073
AIAdultSlopeContact= 8.66995311505161
AIAdultLD50Contact= 39.5643959789036
AILarvaSlope= 1.45995237864554
AILarvaLD50= 36.259270592327
AIKOW= 59650.8171013193
AIKOC= 4944.73123306711
AIHalfLife= 31.1472607653355
EAppRate= 8.614248124748
FoliarEnabled= true
FoliarAppDate= 06/07/1989
FoliarForageBegin= 06/05/1989
FoliarForageEnd= 06/28/1989
AIContactFactor= 2.16967425594572
CL4Pollen= 2.4138832455501
CL4Nectar= 60.1991157047451
CL5Pollen= 2.16079172166064
CL5Nectar= 112.202242005151
CLDPollen= 4.95481718424708
CLDNectar= 18.0420363787562
CA13Pollen= 6.24094615066424
CA13Nectar= 43.288875631988
CA410Pollen= 2.76689343780745
CA410Nectar= 146.979666105472
CA1120Pollen= 1.92297351337038
CA1120Nectar= 26.7531591840088
IPollenTrips= 8.13957010395825
INectarTrips= 10.8706595981494
IPollenLoad= 5.59758218703791
INectarLoad= 6.18309675017372
