ICQueenStrength= 1.8370485145133
RQWkrDrnRatio= 2.45142850279808
ICDroneMiteSurvivorship= 98.2457056874409
ICWorkerMiteSurvivorship= 81.87136198394
ICForagerLifespan= 4.83477060124278
ImmType= Polynomial
RQQueenStrength= 4.20450355764478
RQEnableReQueen= true
AIAdultSlope= 7.58020777069032
AIAdultLD50= 0.331287219305057
AIAdultSlopeContact= 7.45280146575533
AIAdultLD50Contact= 41.9285449141045
AILarvaSlope= 6.77676929906011
AILarvaLD50= 56.2250799353472
AIKOW= 43152.9990433723
AIKOC= 14003.9533933189
AIHalfLife= 18.9382541249972
EAppRate= 4.09077308780002
FoliarEnabled= true
FoliarAppDate= 09/01/1989
FoliarForageBegin= 09/01/1989
FoliarForageEnd= 09/08/1989
AIContactFactor= 0.633981531700119
CL4Pollen= 1.58088795747608
CL4Nectar= 7.30217702221125
CL5Pollen= 0.790643901564181
CL5Nectar= 84.4958009663969
CLDPollen= 5.33327825646847
CLDNectar= 109.352192399092
CA13Pollen= 3.16077878586948
CA13Nectar= 30.5781454220414
CA410Pollen= 5.67668225704692
CA410Nectar= 123.2355696382
CA1120Pollen= 2.47791825304739
CA1120Nectar= 99.2773342505097
IPollenTrips= 8.93200894119218
INectarTrips= 12.4597347481176
IPollenLoad= 3.23223029263318
INectarLoad= 4.00031907949597
