ICQueenStrength= 5.81561512453482
RQWkrDrnRatio= 3.03606674354523
ICDroneMiteSurvivorship= 34.9986428394914
ICWorkerMiteSurvivorship= 89.1046380857006
ICForagerLifespan= 11.4703516103327
ImmType= Cosine
RQQueenStrength= 5.88025379017927
RQEnableReQueen= true
AIAdultSlope= 8.22591164521873
AIAdultLD50= 41.8149761978383
AIAdultSlopeContact= 1.85548525117338
AIAdultLD50Contact= 88.0892939786529
AILarvaSlope= 3.16362926363945
AILarvaLD50= 63.435201128446
AIKOW= 15915.4090131774
AIKOC= 54923.367045355
AIHalfLife= 3.30065381235909
EAppRate= 9.15224814625993
FoliarEnabled= true
FoliarAppDate= 06/07/1989
FoliarForageBegin= 06/05/1989
FoliarForageEnd= 06/28/1989
AIContactFactor= 2.16042766357306
CL4Pollen= 2.07067561801523
CL4Nectar= 30.7939463527873
CL5Pollen= 5.27632701583207
CL5Nectar= 74.6507194940932
CLDPollen= 4.56677960045636
CLDNectar= 142.03576783184
CA13Pollen= 6.74665220482275
CA13Nectar= 71.8715657480061
CA410Pollen= 6.54028857192025
CA410Nectar= 44.9757516337559
CA1120Pollen= 0.154212062247097
CA1120Nectar= 63.5366194695234
IPollenTrips= 5.35754775162786
INectarTrips= 5.39677400141954
IPollenLoad= 9.16192212840542
INectarLoad= 4.35672807972878
