ICQueenStrength= 3.68502718652599
RQWkrDrnRatio= 2.99823438469321
ICDroneMiteSurvivorship= 92.2286739805713
ICWorkerMiteSurvivorship= 93.6018297681585
ICForagerLifespan= 7.85388299170882
ImmType= Exponential
RQQueenStrength= 1.49153375322931
RQEnableReQueen= true
AIAdultSlope= 8.87129744514823
AIAdultLD50= 85.5228733490391
AIAdultSlopeContact= 7.16994835971855
AIAdultLD50Contact= 37.0039823198258
AILarvaSlope= 4.57401727512479
AILarvaLD50= 87.0549805438872
AIKOW= 32054.8549951568
AIKOC= 98177.3350582565
AIHalfLife= 13.0048002453754
EAppRate= 0.628393529187422
FoliarEnabled= true
FoliarAppDate= 06/07/1989
FoliarForageBegin= 06/05/1989
FoliarForageEnd= 06/28/1989
AIContactFactor= 1.38171127004549
CL4Pollen= 2.72233786247671
CL4Nectar= 48.0347777251154
CL5Pollen= 3.38409173302352
CL5Nectar= 27.535150735639
CLDPollen= 1.61858302541077
CLDNectar= 97.365037095733
CA13Pollen= 5.64203269202262
CA13Nectar= 74.1777076944709
CA410Pollen= 7.77548329012934
CA410Nectar= 39.2671894235536
CA1120Pollen= 2.93705652770586
CA1120Nectar= 25.8329831436276
IPollenTrips= 6.96547518717125
INectarTrips= 14.4833871466108
IPollenLoad= 1.00875434465706
INectarLoad= 9.64956016745418
ESoilP= 1.15640326426364
ESoilFoc= 0.00745916990097612
