ICQueenStrength= 3.63512492296286
RQWkrDrnRatio= 4.23493456188589
ICDroneMiteSurvivorship= 54.4613199075684
ICWorkerMiteSurvivorship= 6.13677639048547
ICForagerLifespan= 9.63425011187792
ImmType= Cosine
RQQueenStrength= 1.67564495839179
RQEnableReQueen= true
AIAdultSlope= 4.60714444890618
AIAdultLD50= 0.446167158432538
AIAdultSlopeContact= 9.89188593602739
AIAdultLD50Contact= 1.50140189213702
AILarvaSlope= 6.35097669251263
AILarvaLD50= 9.676777220255
AIKOW= 4512.06777052924
AIKOC= 11053.5218520905
AIHalfLife= 30.8222910728073
EAppRate= 9.57789758679853
FoliarEnabled= true
FoliarAppDate= 09/01/1989
FoliarForageBegin= 09/01/1989
FoliarForageEnd= 09/08/1989
AIContactFactor= 1.0923824840039
CL4Pollen= 3.50447856448591
CL4Nectar= 37.3692877590656
CL5Pollen= 4.69791909540072
CL5Nectar= 116.764115472324
CLDPollen= 5.92720179213211
CLDNectar= 55.6858190568164
CA13Pollen= 3.46272491179407
CA13Nectar= 86.344522498548
CA410Pollen= 9.17603409821168
CA410Nectar= 142.212670864537
CA1120Pollen= 2.15865177568048
CA1120Nectar= 26.771921236068
IPollenTrips= 13.8110134843737
INectarTrips= 5.49631909932941
IPollenLoad= 3.11036275234073
INectarLoad= 7.45875945780426
