ICQueenStrength= 3.71625279216096
RQWkrDrnRatio= 4.38473178818822
ICDroneMiteSurvivorship= 56.3500211806968
ICWorkerMiteSurvivorship= 92.8096144227311
ICForagerLifespan= 4.70967597141862
ImmType= Polynomial
RQQueenStrength= 5.48128981865011
RQEnableReQueen= true
AIAdultSlope= 5.13491868041456
AIAdultLD50= 0.216650507710641
AIAdultSlopeContact= 7.50533079425804
AIAdultLD50Contact= 27.1978456666665
AILarvaSlope= 3.14446729421616
AILarvaLD50= 85.7293657318698
AIKOW= 63702.7928581306
AIKOC= 28384.1134071506
AIHalfLife= 21.2565025219927
EAppRate= 8.0086513942224
FoliarEnabled= true
FoliarAppDate= 09/01/1989
FoliarForageBegin= 09/01/1989
FoliarForageEnd= 09/08/1989
AIContactFactor= 1.7436710277712
CL4Pollen= 0.450967443175614
CL4Nectar= 23.8216984784231
CL5Pollen= 2.20127288298681
CL5Nectar= 145.598211558536
CLDPollen= 3.89976497506723
CLDNectar= 4.58804309600964
CA13Pollen= 3.83830391550437
CA13Nectar= 57.5094567984343
CA410Pollen= 2.39213243881241
CA410Nectar= 104.587892922573
CA1120Pollen= 2.97071938449517
CA1120Nectar= 80.5883630737662
IPollenTrips= 13.9287268253975
INectarTrips= 11.7349420743994
IPollenLoad= 4.87949187634513
INectarLoad= 1.92197182914242
