ICQueenStrength= 2.82982286438346
RQWkrDrnRatio= 4.75487581361085
ICDroneMiteSurvivorship= 46.7390873935074
ICWorkerMiteSurvivorship= 82.9146484378725
ICForagerLifespan= 13.403159503825
ImmType= Exponential
RQQueenStrength= 4.84987491415814
RQEnableReQueen= true
AIAdultSlope= 1.9215927273035
AIAdultLD50= 39.4606502194134
AIAdultSlopeContact= 1.43749181623571
AIAdultLD50Contact= 43.8195496928173
AILarvaSlope= 6.02637955732644
AILarvaLD50= 84.9581327637981
AIKOW= 51489.9409224544
AIKOC= 72815.7683195397
AIHalfLife= 11.3890576399164
EAppRate= 1.50870951503236
FoliarEnabled= true
FoliarAppDate= 06/07/1989
FoliarForageBegin= 06/05/1989
FoliarForageEnd= 06/28/1989
AIContactFactor= 0.433923768554814
CL4Pollen= 2.38131142128259
CL4Nectar= 2.86639938130975
CL5Pollen= 1.48355859518051
CL5Nectar= 22.9013539035805
CLDPollen= 5.96262612193823
CLDNectar= 20.1992049696855
CA13Pollen= 8.16142487227917
CA13Nectar= 72.0490042865276
CA410Pollen= 5.71247347097378
CA410Nectar= 169.736972930841
CA1120Pollen= 2.35284153185785
CA1120Nectar= 30.5169085599482
IPollenTrips= 10.870830505155
INectarTrips= 9.17316899169236
IPollenLoad= 0.293240079190582
INectarLoad= 3.96974892821163
