ICQueenStrength= 4.06252472917549
RQWkrDrnRatio= 1.9095302997157
ICDroneMiteSurvivorship= 88.9779763529077
ICWorkerMiteSurvivorship= 79.1098735993728
ICForagerLifespan= 8.77130368165672
ImmType= Sine
RQQueenStrength= 4.79748210310936
RQEnableReQueen= true
AIAdultSlope= 1.38793358951807
AIAdultLD50= 0.764771224281285
AIAdultSlopeContact= 4.56050200085156
AIAdultLD50Contact= 7.67943174062902
AILarvaSlope= 5.11230340227485
AILarvaLD50= 42.9102178458108
AIKOW= 18703.2304510242
AIKOC= 41397.1930501431
AIHalfLife= 5.14005307662301
EAppRate= 0.0972321726751979
FoliarEnabled= true
FoliarAppDate= 09/01/1989
FoliarForageBegin= 09/01/1989
FoliarForageEnd= 09/08/1989
AIContactFactor= 0.90518773897551
CL4Pollen= 3.69155644904822
CL4Nectar= 38.6518888873979
CL5Pollen= 4.1008225553669
CL5Nectar= 79.7586401808076
CLDPollen= 3.83995566889644
CLDNectar= 23.0815067421645
CA13Pollen= 3.92950039803982
CA13Nectar= 93.187130279839
CA410Pollen= 6.41689991012681
CA410Nectar= 82.5828354200348
CA1120Pollen= 0.860995355062187
CA1120Nectar= 64.722424801439
IPollenTrips= 13.8465765840374
INectarTrips= 12.8668117523193
IPollenLoad= 3.84321857942268
INectarLoad= 4.05361869605258
