ICQueenStrength= 2.16648541530594
RQWkrDrnRatio= 3.67535896971822
ICDroneMiteSurvivorship= 9.90959347691387
ICWorkerMiteSurvivorship= 23.9797145826742
ICForagerLifespan= 15.8005821770057
ImmType= Polynomial
RQQueenStrength= 1.15539129730314
RQEnableReQueen= true
AIAdultSlope= 8.92651364207268
AIAdultLD50= 8.57507395789516
AIAdultSlopeContact= 9.44008748303168
AIAdultLD50Contact= 67.7008492759971
AILarvaSlope= 6.89888252876699
AILarvaLD50= 48.7034964119282
AIKOW= 88697.3013064062
AIKOC= 91417.0924194064
AIHalfLife= 8.25886807353236
EAppRate= 3.09407333600195
FoliarEnabled= true
FoliarAppDate= 06/07/1989
FoliarForageBegin= 06/05/1989
FoliarForageEnd= 06/28/1989
AIContactFactor= 0.973624885599129
CL4Pollen= 2.55869120825082
CL4Nectar= 93.1265715742484
CL5Pollen= 5.65839504031464
CL5Nectar= 71.6108760796487
CLDPollen= 4.20446945959702
CLDNectar= 128.514955623541
CA13Pollen= 2.68225948074833
CA13Nectar= 95.3781886957586
CA410Pollen= 6.49287936966866
CA410Nectar= 173.475830559619
CA1120Pollen= 0.539085215656087
CA1120Nectar= 34.2529345303774
IPollenTrips= 12.4466533982195
INectarTrips= 8.22879525832832
IPollenLoad= 9.52829574933276
INectarLoad= 1.1639879248105
