ICQueenStrength= 4.70309471245855
RQWkrDrnRatio= 4.95092896744609
ICDroneMiteSurvivorship= 37.7913483418524
ICWorkerMiteSurvivorship= 2.2507315967232
ICForagerLifespan= 6.72940753120929
ImmType= Tangent
RQQueenStrength= 3.60634129494429
RQEnableReQueen=true
AIAdultSlope= 2.73450206592679
AIAdultLD50= 0.350417192244204
AIAdultSlopeContact= 3.05230326042511
AIAdultLD50Contact= 85.9238635915101
AILarvaSlope= 3.37210098095238
AILarvaLD50= 62.4973899081689
AIKOW= 48346.5148799599
AIKOC= 40259.5734590294
AIHalfLife= 24.1589382927632
EAppRate= 7.8205996190547
FoliarEnabled=true
FoliarAppDate= 07/01/1989
FoliarForageBegin= 07/01/1989
FoliarForageEnd= 07/14/1989
AIContactFactor= 0.386950359060429
CL4Pollen= 1.56605997495353
CL4Nectar= 12.6709971576929
CL5Pollen= 3.77103522140533
CL5Nectar= 81.7338307737373
CLDPollen= 2.0733185922727
CLDNectar= 81.7408488015644
CA13Pollen= 5.28125005941838
CA13Nectar= 22.5784932635725
CA410Pollen= 7.12436278318055
CA410Nectar= 31.5179832326248
CA1120Pollen= 1.3798340940848
CA1120Nectar= 30.9690966643393
IPollenTrips= 6.19972708169371
INectarTrips= 6.57948687206954
IPollenLoad= 1.8566059297882
INectarLoad= 1.6190389264375
