ICQueenStrength= 1.07951544364914
RQWkrDrnRatio= 4.99445440340787
ICDroneMiteSurvivorship= 30.698928120546
ICWorkerMiteSurvivorship= 93.7760828994215
ICForagerLifespan= 14.595172428526
ImmType= Cosine
RQQueenStrength= 5.82916086446494
RQEnableReQueen= true
AIAdultSlope= 2.11436278931797
AIAdultLD50= 58.7994131654096
AIAdultSlopeContact= 1.65023656142876
AIAdultLD50Contact= 99.6501990882645
AILarvaSlope= 5.61125077307224
AILarvaLD50= 65.1903508645475
AIKOW= 8263.77954809242
AIKOC= 74882.4637384983
AIHalfLife= 11.8384580909275
EAppRate= 3.56686446745903
FoliarEnabled= true
FoliarAppDate= 06/07/1989
FoliarForageBegin= 06/05/1989
FoliarForageEnd= 06/28/1989
AIContactFactor= 1.41924668550491
CL4Pollen= 2.06731613259763
CL4Nectar= 53.3828244544566
CL5Pollen= 4.3280666442588
CL5Nectar= 145.983871130738
CLDPollen= 1.85064699221402
CLDNectar= 79.2018127511255
CA13Pollen= 7.94482505442575
CA13Nectar= 79.7457643412054
CA410Pollen= 3.16789308863226
CA410Nectar= 193.529000263661
CA1120Pollen= 2.33775244513527
CA1120Nectar= 76.1799697950482
IPollenTrips= 14.581685946323
INectarTrips= 11.2561769224703
IPollenLoad= 1.40888508642092
INectarLoad= 4.21735532581806
ESoilP= 1.37103925016709
ESoilFoc= 0.0187786060776561
