ICQueenStrength= 5.86720406566747
RQWkrDrnRatio= 4.697694783099
ICDroneMiteSurvivorship= 79.1115549392998
ICWorkerMiteSurvivorship= 31.2908991239965
ICForagerLifespan= 4.15975647326559
ImmType= Tangent
RQQueenStrength= 4.14024284016341
RQEnableReQueen= true
AIAdultSlope= 3.97658339329064
AIAdultLD50= 0.534907956996234
AIAdultSlopeContact= 3.86533607472666
AIAdultLD50Contact= 74.0488935501038
AILarvaSlope= 1.52261021360755
AILarvaLD50= 16.4278261441342
AIKOW= 91847.0744745934
AIKOC= 29266.9554454067
AIHalfLife= 6.29598164996132
EAppRate= 3.25305808551959
FoliarEnabled= true
FoliarAppDate= 09/01/1989
FoliarForageBegin= 09/01/1989
FoliarForageEnd= 09/08/1989
AIContactFactor= 0.533934310013428
CL4Pollen= 1.68882967159152
CL4Nectar= 44.1083778394386
CL5Pollen= 2.0693680671975
CL5Nectar= 32.0469939499162
CLDPollen= 4.93328544683754
CLDNectar= 5.66837782971561
CA13Pollen= 5.96259013684466
CA13Nectar= 98.3442130871117
CA410Pollen= 4.60858484918717
CA410Nectar= 44.7690099384636
CA1120Pollen= 1.62156571098603
CA1120Nectar= 48.1994216702878
IPollenTrips= 8.44800121150911
INectarTrips= 13.5990948765539
IPollenLoad= 8.57434941455722
INectarLoad= 3.61993832746521
