ICQueenStrength= 2.90605678013526
RQWkrDrnRatio= 4.37943542189896
ICDroneMiteSurvivorship= 54.0792325045913
ICWorkerMiteSurvivorship= 25.5232026800513
ICForagerLifespan= 13.2584384800866
ImmType= Sine
RQQueenStrength= 5.37069893116131
RQEnableReQueen= true
AIAdultSlope= 8.90752855315804
AIAdultLD50= 0.219749820769299
AIAdultSlopeContact= 4.15094646858051
AIAdultLD50Contact= 50.8689467990233
AILarvaSlope= 2.2566885240376
AILarvaLD50= 56.4019691757604
AIKOW= 23103.4475906801
AIKOC= 19278.264256851
AIHalfLife= 2.52298999382183
EAppRate= 2.1967256385833
FoliarEnabled= true
FoliarAppDate= 09/01/1989
FoliarForageBegin= 09/01/1989
FoliarForageEnd= 09/08/1989
AIContactFactor= 1.38496053476352
CL4Pollen= 0.529321759939194
CL4Nectar= 32.3380021378398
CL5Pollen= 4.33975952910259
CL5Nectar= 98.0790009023622
CLDPollen= 5.47900050133467
CLDNectar= 67.8012145101093
CA13Pollen= 7.62101331055164
CA13Nectar= 61.7220715805888
CA410Pollen= 8.96426244988106
CA410Nectar= 22.4803944118321
CA1120Pollen= 0.234372994629666
CA1120Nectar= 90.2567151933908
IPollenTrips= 7.41759254364297
INectarTrips= 6.6166204912588
IPollenLoad= 0.0281516811810434
INectarLoad= 8.03337116958573
