ICQueenStrength= 4.97715063067153
RQWkrDrnRatio= 3.77317170146853
ICDroneMiteSurvivorship= 97.4943971261382
ICWorkerMiteSurvivorship= 1.77035147789866
ICForagerLifespan= 12.7007486922666
ImmType= Logarithmic
AIAdultSlope= 3.64237919250503
AIAdultLD50= 0.087085452163592
AIAdultSlopeContact= 2.21411966313142
AIAdultLD50Contact= 0.0281309241196141
AILarvaSlope= 1.49151415447704
AILarvaLD50= 0.444066884717904
AIKOW= 4.64196613617241
AIKOC= 8.98606369853951
AIHalfLife= 2.26746674021706
EAppRate= 0.550297582522035
FoliarEnabled= true
