ICQueenStrength= 4.56124859489501
RQWkrDrnRatio= 4.70622515957803
ICDroneMiteSurvivorship= 34.2185122892261
ICWorkerMiteSurvivorship= 32.0400584721938
ICForagerLifespan= 13.9064323920757
ImmType= Sine
RQQueenStrength= 4.97321076691151
RQEnableReQueen=true
AIAdultSlope= 8.82548686861992
AIAdultLD50= 0.882834378917934
AIAdultSlopeContact= 3.60898553440347
AIAdultLD50Contact= 44.5082767575977
AILarvaSlope= 2.59725021570921
AILarvaLD50= 19.358209537613
AIKOW= 85835.4303249244
AIKOC= 76396.8118837448
AIHalfLife= 16.1474906725343
EAppRate= 3.463101300271
FoliarEnabled=true
FoliarAppDate= 07/01/1989
FoliarForageBegin= 07/01/1989
FoliarForageEnd= 07/14/1989
AIContactFactor= 1.36740353215951
CL4Pollen= 0.400199195370078
CL4Nectar= 95.5242008436471
CL5Pollen= 0.921013704501092
CL5Nectar= 147.227112203836
CLDPollen= 4.09294904395938
CLDNectar= 48.8424600334838
CA13Pollen= 4.42374299820512
CA13Nectar= 69.0133769437671
CA410Pollen= 7.65487235302571
CA410Nectar= 68.7180483806878
CA1120Pollen= 0.649171204771847
CA1120Nectar= 58.3369659818709
IPollenTrips= 5.53700175369158
INectarTrips= 9.25459665479138
IPollenLoad= 8.5428522946313
INectarLoad= 7.89123726077378
