ICQueenStrength= 3.57694280822761
RQWkrDrnRatio= 4.08962303865701
ICDroneMiteSurvivorship= 88.3097716839984
ICWorkerMiteSurvivorship= 50.1739241648465
ICForagerLifespan= 8.21001690905541
ImmType= Exponential
RQQueenStrength= 5.5878161827568
RQEnableReQueen= true
AIAdultSlope= 4.92917829565704
AIAdultLD50= 54.7055168782107
AIAdultSlopeContact= 8.94982558907941
AIAdultLD50Contact= 89.4554819185594
AILarvaSlope= 4.12078650481999
AILarvaLD50= 95.2162095262415
AIKOW= 37190.4921663182
AIKOC= 68439.8101673897
AIHalfLife= 10.3308843208943
EAppRate= 6.6878726333708
FoliarEnabled= true
FoliarAppDate= 06/07/1989
FoliarForageBegin= 06/05/1989
FoliarForageEnd= 06/28/1989
AIContactFactor= 0.555158826205879
CL4Pollen= 2.70057649165392
CL4Nectar= 22.5293683819473
CL5Pollen= 0.34025162877515
CL5Nectar= 3.26604304136708
CLDPollen= 2.51308786589652
CLDNectar= 121.487731731031
CA13Pollen= 6.16655291272327
CA13Nectar= 72.5910178758204
CA410Pollen= 6.4645426223753
CA410Nectar= 185.976970004849
CA1120Pollen= 2.22518628020771
CA1120Nectar= 50.804638415575
IPollenTrips= 11.5406779502518
INectarTrips= 12.4182605254464
IPollenLoad= 6.2056221626699
INectarLoad= 0.237745973281562
