ICQueenStrength= 3.82331329537556
RQWkrDrnRatio= 1.42623118963093
ICDroneMiteSurvivorship= 67.3195542301983
ICWorkerMiteSurvivorship= 90.1933102635667
ICForagerLifespan= 6.10295292269439
ImmType= Polynomial
RQQueenStrength= 2.53285417472944
RQEnableReQueen= true
AIAdultSlope= 2.92355281859636
AIAdultLD50= 3.13110557127302
AIAdultSlopeContact= 9.3510775344912
AIAdultLD50Contact= 63.7161021812654
AILarvaSlope= 6.17932214960456
AILarvaLD50= 41.2940937151876
AIKOW= 13311.3238337698
AIKOC= 9859.4171105118
AIHalfLife= 32.5896995884134
EAppRate= 4.12999779425794
FoliarEnabled= true
FoliarAppDate= 06/07/1989
FoliarForageBegin= 06/05/1989
FoliarForageEnd= 06/28/1989
AIContactFactor= 0.773217693418264
CL4Pollen= 0.711728991940618
CL4Nectar= 13.9306940836832
CL5Pollen= 3.52543699555099
CL5Nectar= 134.736748575233
CLDPollen= 0.401356267277151
CLDNectar= 68.6132195522077
CA13Pollen= 3.24548035375774
CA13Nectar= 45.0877612642944
CA410Pollen= 7.39442237715703
CA410Nectar= 170.061375382356
CA1120Pollen= 0.980098657077178
CA1120Nectar= 59.3195328488946
IPollenTrips= 12.2658218606375
INectarTrips= 13.7872991804034
IPollenLoad= 5.34128760453314
INectarLoad= 1.59692272311077
ESoilP= 1.06605190970004
ESoilFoc= 0.00146637881197967
