ICQueenStrength= 1.07591070607305
RQWkrDrnRatio= 3.00681436713785
ICDroneMiteSurvivorship= 37.0063308859244
ICWorkerMiteSurvivorship= 98.1991549255326
ICForagerLifespan= 4.69885237235576
ImmType= Tangent
RQQueenStrength= 4.65406814729795
RQEnableReQueen= true
AIAdultSlope= 4.620401320979
AIAdultLD50= 68.1335896406299
AIAdultSlopeContact= 3.99837479647249
AIAdultLD50Contact= 82.262259893528
AILarvaSlope= 3.25550680421293
AILarvaLD50= 61.4042929349404
AIKOW= 89483.48348886
AIKOC= 48663.3997439037
AIHalfLife= 7.0011542362161
EAppRate= 9.96894437810918
FoliarEnabled= true
FoliarAppDate= 06/07/1989
FoliarForageBegin= 06/05/1989
FoliarForageEnd= 06/28/1989
AIContactFactor= 0.729444611277431
CL4Pollen= 0.284917374141514
CL4Nectar= 28.4006386762485
CL5Pollen= 1.61017072666436
CL5Nectar= 127.754825516604
CLDPollen= 5.25589312473312
CLDNectar= 100.194270454813
CA13Pollen= 3.50894539551809
CA13Nectar= 79.6213946305215
CA410Pollen= 8.69706891551614
CA410Nectar= 20.9789948910475
CA1120Pollen= 1.63631955790333
CA1120Nectar= 29.1582228802145
IPollenTrips= 10.772882415913
INectarTrips= 9.41674603382125
IPollenLoad= 4.80887262616307
INectarLoad= 6.42193648032844
