ICQueenStrength= 5.2584799870383
RQWkrDrnRatio= 3.909912484698
ICDroneMiteSurvivorship= 85.1898302324116
ICWorkerMiteSurvivorship= 41.692007961683
ICForagerLifespan= 11.457555972971
ImmType= Cosine
RQQueenStrength= 1.33980487147346
RQEnableReQueen= true
AIAdultSlope= 2.87484307959676
AIAdultLD50= 99.8459659786376
AIAdultSlopeContact= 1.06028033629991
AIAdultLD50Contact= 13.3777616857577
AILarvaSlope= 1.07006403803825
AILarvaLD50= 99.6181214232286
AIKOW= 28770.7299675656
AIKOC= 84340.2011529461
AIHalfLife= 18.677097646636
EAppRate= 9.80147685007448
FoliarEnabled= true
FoliarAppDate= 06/07/1989
FoliarForageBegin= 06/05/1989
FoliarForageEnd= 06/28/1989
AIContactFactor= 1.48047432550229
CL4Pollen= 3.89670627936721
CL4Nectar= 61.7561181075871
CL5Pollen= 4.1571182962507
CL5Nectar= 42.6602330175228
CLDPollen= 0.189513154327869
CLDNectar= 8.95141748478636
CA13Pollen= 7.83177237659693
CA13Nectar= 50.9645965322852
CA410Pollen= 8.77429082242306
CA410Nectar= 47.2070686565712
CA1120Pollen= 1.54461800283752
CA1120Nectar= 89.5493052341044
IPollenTrips= 13.9299073675647
INectarTrips= 7.37585391383618
IPollenLoad= 9.16774853132665
INectarLoad= 8.31278185127303
