ICQueenStrength= 1.73161738924682
RQWkrDrnRatio= 4.63212155178189
ICDroneMiteSurvivorship= 89.040960278362
ICWorkerMiteSurvivorship= 50.8318261243403
ICForagerLifespan= 10.0557221099734
ImmType= Exponential
RQQueenStrength= 2.26862615346909
RQEnableReQueen= true
AIAdultSlope= 5.07399157248437
AIAdultLD50= 27.3099952012193
AIAdultSlopeContact= 8.27215494122356
AIAdultLD50Contact= 8.47577119129826
AILarvaSlope= 2.46982335858047
AILarvaLD50= 34.0949204354361
AIKOW= 74550.3691561833
AIKOC= 57879.8960574856
AIHalfLife= 10.0814853154588
EAppRate= 2.35363021242875
FoliarEnabled= true
FoliarAppDate= 06/07/1989
FoliarForageBegin= 06/05/1989
FoliarForageEnd= 06/28/1989
AIContactFactor= 0.359883268536069
CL4Pollen= 1.57698222529143
CL4Nectar= 69.3538193590939
CL5Pollen= 4.37126731406897
CL5Nectar= 126.703348138835
CLDPollen= 1.54980443045497
CLDNectar= 117.39877529908
CA13Pollen= 2.2255144154653
CA13Nectar= 62.8350075148046
CA410Pollen= 7.83751959081274
CA410Nectar= 74.9182026321068
CA1120Pollen= 1.34558835136704
CA1120Nectar= 74.3186254426837
IPollenTrips= 8.5166928707622
INectarTrips= 11.5318786469288
IPollenLoad= 9.79486555093899
INectarLoad= 7.71575840422884
