ICQueenStrength= 4.04066332639195
RQWkrDrnRatio= 4.01929894927889
ICDroneMiteSurvivorship= 23.4718029387295
ICWorkerMiteSurvivorship= 38.9811162604019
ICForagerLifespan= 14.3563620075583
ImmType= Logarithmic
RQQueenStrength= 5.93022611364722
RQEnableReQueen= true
AIAdultSlope= 2.03757086396217
AIAdultLD50= 18.7622229733614
AIAdultSlopeContact= 4.36684776516631
AIAdultLD50Contact= 61.4286836101653
AILarvaSlope= 8.81652976758778
AILarvaLD50= 74.7153635317755
AIKOW= 94787.928727122
AIKOC= 31942.3735332745
AIHalfLife= 18.72095679841
EAppRate= 8.02809503195714
FoliarEnabled= true
FoliarAppDate= 06/07/1989
FoliarForageBegin= 06/05/1989
FoliarForageEnd= 06/28/1989
AIContactFactor= 0.714704338479787
CL4Pollen= 0.234563098289073
CL4Nectar= 50.8324645925313
CL5Pollen= 4.82939151534811
CL5Nectar= 84.6624052617699
CLDPollen= 4.8873236537911
CLDNectar= 0.31410277588293
CA13Pollen= 7.18208439536393
CA13Nectar= 33.7546744570136
CA410Pollen= 4.68507985242177
CA410Nectar= 120.497257234529
CA1120Pollen= 2.21725554345176
CA1120Nectar= 58.1653100810945
IPollenTrips= 14.9749722494744
INectarTrips= 7.35923873260617
IPollenLoad= 4.78179933968931
INectarLoad= 6.20074291713536
ESoilP= 1.88420349173248
ESoilFoc= 0.00275689750351012
