ICQueenStrength= 3.16186849283986
RQWkrDrnRatio= 1.84920663945377
ICDroneMiteSurvivorship= 63.6746206320822
ICWorkerMiteSurvivorship= 81.0359540162608
ICForagerLifespan= 10.2060155961663
ImmType= Exponential
RQQueenStrength= 5.26912854309194
RQEnableReQueen= true
AIAdultSlope= 8.48280564323068
AIAdultLD50= 30.5678573478109
AIAdultSlopeContact= 1.69491196074523
AIAdultLD50Contact= 28.2230058054568
AILarvaSlope= 3.33348719030619
AILarvaLD50= 55.1928223280404
AIKOW= 98628.7463430662
AIKOC= 68742.9579657405
AIHalfLife= 29.4912847597385
EAppRate= 0.102842147939838
FoliarEnabled= true
FoliarAppDate= 06/07/1989
FoliarForageBegin= 06/05/1989
FoliarForageEnd= 06/28/1989
AIContactFactor= 0.758741476708092
CL4Pollen= 1.76383768487722
CL4Nectar= 13.5226231534034
CL5Pollen= 3.86235177749768
CL5Nectar= 89.5192543510348
CLDPollen= 2.15165916318074
CLDNectar= 89.2460427246988
CA13Pollen= 3.7421417336911
CA13Nectar= 94.7529082372785
CA410Pollen= 2.86630804229062
CA410Nectar= 131.972267413512
CA1120Pollen= 0.632682783761993
CA1120Nectar= 46.2432387657464
IPollenTrips= 14.9186077108607
INectarTrips= 10.2880601817742
IPollenLoad= 1.61035022931173
INectarLoad= 1.00693054962903
