ICQueenStrength= 2.13985775783658
RQWkrDrnRatio= 3.26589587982744
ICDroneMiteSurvivorship= 22.2131200367585
ICWorkerMiteSurvivorship= 80.8658801019192
ICForagerLifespan= 12.7314827032387
ImmType= Cosine
RQQueenStrength= 4.08943253476173
RQEnableReQueen=true
AIAdultSlope= 5.87003446929157
AIAdultLD50= 0.302987632101169
AIAdultSlopeContact= 5.14862702111714
AIAdultLD50Contact= 38.0404040615526
AILarvaSlope= 3.16611358709633
AILarvaLD50= 15.7161445823093
AIKOW= 59564.9530102318
AIKOC= 50514.8774923482
AIHalfLife= 32.1853708601091
EAppRate= 3.65897585440078
FoliarEnabled=true
FoliarAppDate= 07/01/1989
FoliarForageBegin= 07/01/1989
FoliarForageEnd= 07/14/1989
AIContactFactor= 1.47018268569373
CL4Pollen= 2.17397313378751
CL4Nectar= 34.6008289139718
CL5Pollen= 3.54676957055926
CL5Nectar= 137.456489063334
CLDPollen= 1.58382285526022
CLDNectar= 124.270560499281
CA13Pollen= 3.90290256012231
CA13Nectar= 41.0289838723838
CA410Pollen= 5.29917232056614
CA410Nectar= 163.718559714034
CA1120Pollen= 0.594372084829956
CA1120Nectar= 91.953680627048
IPollenTrips= 9.81248758267611
INectarTrips= 8.41550219105557
IPollenLoad= 8.59590501990169
INectarLoad= 9.60908936103806
