ICQueenStrength= 3.14620012324303
RQWkrDrnRatio= 4.40398076921701
ICDroneMiteSurvivorship= 78.144742269069
ICWorkerMiteSurvivorship= 89.6435272879899
ICForagerLifespan= 4.85986737161875
ImmType= Exponential
RQQueenStrength= 4.66797917173244
RQEnableReQueen= true
AIAdultSlope= 6.26162151247263
AIAdultLD50= 37.1257692004216
AIAdultSlopeContact= 1.89020392391831
AIAdultLD50Contact= 3.12843707938516
AILarvaSlope= 8.11052802577615
AILarvaLD50= 41.2026594513564
AIKOW= 57583.074555251
AIKOC= 38086.2681197766
AIHalfLife= 27.7684138586977
EAppRate= 5.79336658492358
FoliarEnabled= true
FoliarAppDate= 06/07/1989
FoliarForageBegin= 06/05/1989
FoliarForageEnd= 06/28/1989
AIContactFactor= 2.24506934093777
CL4Pollen= 1.2522941948846
CL4Nectar= 17.8548834752291
CL5Pollen= 5.61917409393936
CL5Nectar= 8.26673508854583
CLDPollen= 1.37085314607248
CLDNectar= 31.0472311335616
CA13Pollen= 6.44131612293422
CA13Nectar= 46.3596796430647
CA410Pollen= 9.07545170579106
CA410Nectar= 191.663997890428
CA1120Pollen= 1.09099645726383
CA1120Nectar= 37.237267382443
IPollenTrips= 10.2363009215333
INectarTrips= 8.04831895278767
IPollenLoad= 2.13183405576274
INectarLoad= 2.1455183532089
ESoilP= 1.27600444457494
ESoilFoc= 0.00935397258680314
