ICQueenStrength= 4.28950731083751
RQWkrDrnRatio= 4.98387378081679
ICDroneMiteSurvivorship= 20.2794711338356
ICWorkerMiteSurvivorship= 47.0447769621387
ICForagerLifespan= 8.22750764992088
ImmType= Tangent
RQQueenStrength= 2.98972622514702
RQEnableReQueen= true
AIAdultSlope= 4.65559471026063
AIAdultLD50= 3.78129778036824
AIAdultSlopeContact= 5.92273195111193
AIAdultLD50Contact= 21.0036546460183
AILarvaSlope= 3.67003379948437
AILarvaLD50= 35.4015177840902
AIKOW= 81178.0613344074
AIKOC= 32742.2096228665
AIHalfLife= 22.9271223296877
EAppRate= 2.53402884604572
FoliarEnabled= true
FoliarAppDate= 06/07/1989
FoliarForageBegin= 06/05/1989
FoliarForageEnd= 06/28/1989
AIContactFactor= 1.54470226037316
CL4Pollen= 3.85935777425766
CL4Nectar= 23.1614062562585
CL5Pollen= 4.78583761258051
CL5Nectar= 40.6738765421323
CLDPollen= 4.69342022202909
CLDNectar= 42.7099873311818
CA13Pollen= 8.04359322022647
CA13Nectar= 77.4639880098403
CA410Pollen= 7.01311912613455
CA410Nectar= 23.0944151710719
CA1120Pollen= 2.94217000203207
CA1120Nectar= 68.5179214924574
IPollenTrips= 12.5597369764
INectarTrips= 9.36119788791984
IPollenLoad= 1.43903648247942
INectarLoad= 5.16990638105199
