ICQueenStrength= 1.06290566758253
RQWkrDrnRatio= 1.66632591467351
ICDroneMiteSurvivorship= 27.1156949922442
ICWorkerMiteSurvivorship= 92.8242415888235
ICForagerLifespan= 8.59952749777585
ImmType= Logarithmic
RQQueenStrength= 4.71054457500577
RQEnableReQueen= true
AIAdultSlope= 3.69955455884337
AIAdultLD50= 0.471096012096386
AIAdultSlopeContact= 6.61572112422436
AIAdultLD50Contact= 86.8160915677943
AILarvaSlope= 3.24439220689237
AILarvaLD50= 24.2414402630886
AIKOW= 60524.9345429272
AIKOC= 40475.2562041034
AIHalfLife= 31.7396946127992
EAppRate= 3.98331245781458
FoliarEnabled= true
FoliarAppDate= 09/01/1989
FoliarForageBegin= 09/01/1989
FoliarForageEnd= 09/08/1989
AIContactFactor= 0.991210731836036
CL4Pollen= 3.23803536500782
CL4Nectar= 47.6957306265831
CL5Pollen= 2.85306982789189
CL5Nectar= 46.7756696627475
CLDPollen= 2.98940294003114
CLDNectar= 77.4996430962346
CA13Pollen= 6.26589149218053
CA13Nectar= 60.336944963783
CA410Pollen= 8.58372724119108
CA410Nectar= 85.6128212902695
CA1120Pollen= 0.474862945033237
CA1120Nectar= 26.9275844097137
IPollenTrips= 5.77476378763095
INectarTrips= 13.7192959780805
IPollenLoad= 3.33829087670892
INectarLoad= 0.664674013387412
