ICQueenStrength= 1.77023096382618
RQWkrDrnRatio= 2.31325633078814
ICDroneMiteSurvivorship= 73.3970725676045
ICWorkerMiteSurvivorship= 19.7039862163365
ICForagerLifespan= 13.994792082347
ImmType= Tangent
RQQueenStrength= 1.94637079979293
RQEnableReQueen= true
AIAdultSlope= 8.98690434917808
AIAdultLD50= 74.02759313526
AIAdultSlopeContact= 9.43084154604003
AIAdultLD50Contact= 72.1384230436722
AILarvaSlope= 3.63538311608136
AILarvaLD50= 67.5039181276332
AIKOW= 4646.13839382674
AIKOC= 67317.211867566
AIHalfLife= 28.3119382543489
EAppRate= 9.68701794701908
FoliarEnabled= true
FoliarAppDate= 06/07/1989
FoliarForageBegin= 06/05/1989
FoliarForageEnd= 06/28/1989
AIContactFactor= 1.1521564864181
CL4Pollen= 0.946443208493292
CL4Nectar= 54.1035130387172
CL5Pollen= 2.8238357459195
CL5Nectar= 49.1707338136621
CLDPollen= 0.180453216657043
CLDNectar= 134.345692035276
CA13Pollen= 7.05532708372921
CA13Nectar= 77.8854456543922
CA410Pollen= 5.79024787226226
CA410Nectar= 163.463607951999
CA1120Pollen= 0.384189913747832
CA1120Nectar= 78.9046001248062
IPollenTrips= 14.8604172747582
INectarTrips= 14.1198129416443
IPollenLoad= 8.37663308018818
INectarLoad= 1.8692719261162
ESoilP= 1.83695310703479
ESoilFoc= 0.00694528676802292
