ICQueenStrength= 2.51964076096192
RQWkrDrnRatio= 4.83211182896048
ICDroneMiteSurvivorship= 84.8290558671579
ICWorkerMiteSurvivorship= 87.6988854957744
ICForagerLifespan= 14.4102967046201
ImmType= Polynomial
RQQueenStrength= 3.83936894964427
RQEnableReQueen= true
AIAdultSlope= 4.0853486135602
AIAdultLD50= 13.4411561328948
AIAdultSlopeContact= 5.98187838774174
AIAdultLD50Contact= 49.5854893486011
AILarvaSlope= 2.92200495488942
AILarvaLD50= 61.7520397188638
AIKOW= 15233.3936903122
AIKOC= 91748.3691145647
AIHalfLife= 30.6683722712798
EAppRate= 7.93455918989889
FoliarEnabled= true
FoliarAppDate= 06/07/1989
FoliarForageBegin= 06/05/1989
FoliarForageEnd= 06/28/1989
AIContactFactor= 0.71250713317655
CL4Pollen= 1.28558006696403
CL4Nectar= 49.9863660661504
CL5Pollen= 5.15640533342957
CL5Nectar= 41.4212480653077
CLDPollen= 3.86529868841171
CLDNectar= 136.856023804285
CA13Pollen= 5.41162499627098
CA13Nectar= 83.452873416245
CA410Pollen= 5.08912601785269
CA410Nectar= 20.9915268840268
CA1120Pollen= 0.241842358605936
CA1120Nectar= 21.5116934292018
IPollenTrips= 13.3117872220464
INectarTrips= 6.06687124818563
IPollenLoad= 1.76279244478792
INectarLoad= 0.983683702070266
