ICQueenStrength= 3.46046744054183
RQWkrDrnRatio= 4.24615064729005
ICDroneMiteSurvivorship= 12.3079226585105
ICWorkerMiteSurvivorship= 46.6992125613615
ICForagerLifespan= 11.5967446779832
ImmType= Sine
RQQueenStrength= 4.52647114312276
RQEnableReQueen= true
AIAdultSlope= 7.68577925674617
AIAdultLD50= 97.2241843402309
AIAdultSlopeContact= 7.85678948229179
AIAdultLD50Contact= 23.060807363644
AILarvaSlope= 4.57551658898592
AILarvaLD50= 19.4447077480275
AIKOW= 81583.0731787744
AIKOC= 34016.558037976
AIHalfLife= 15.1743488078937
EAppRate= 7.41403440591949
FoliarEnabled= true
FoliarAppDate= 06/07/1989
FoliarForageBegin= 06/05/1989
FoliarForageEnd= 06/28/1989
AIContactFactor= 2.03000127729028
CL4Pollen= 3.86413339152932
CL4Nectar= 50.9352741530165
CL5Pollen= 2.66070855874568
CL5Nectar= 120.734156796243
CLDPollen= 4.58201065985486
CLDNectar= 82.7912764507346
CA13Pollen= 4.82509914394468
CA13Nectar= 92.2231774404645
CA410Pollen= 7.05592820218299
CA410Nectar= 28.9492456568405
CA1120Pollen= 1.56847899290733
CA1120Nectar= 25.3253670781851
IPollenTrips= 8.95689555676654
INectarTrips= 11.9904942950234
IPollenLoad= 7.66070798970759
INectarLoad= 8.21072089951485
