ICQueenStrength= 1.97548630740494
RQWkrDrnRatio= 3.43066823203117
ICDroneMiteSurvivorship= 33.5499787470326
ICWorkerMiteSurvivorship= 87.8273179288954
ICForagerLifespan= 9.56096574384719
ImmType= Sine
RQQueenStrength= 3.60960989166051
RQEnableReQueen=true
AIAdultSlope= 1.12588009424508
AIAdultLD50= 0.920478712118696
AIAdultSlopeContact= 1.32976046158001
AIAdultLD50Contact= 37.5008758026613
AILarvaSlope= 5.75076443515718
AILarvaLD50= 61.3774608918494
AIKOW= 51735.028305475
AIKOC= 60756.9434897271
AIHalfLife= 10.8948016203241
EAppRate= 5.57943130835821
FoliarEnabled=true
FoliarAppDate= 07/01/1989
FoliarForageBegin= 07/01/1989
FoliarForageEnd= 07/14/1989
AIContactFactor= 0.416737627037801
CL4Pollen= 3.74337704479694
CL4Nectar= 92.5196282798424
CL5Pollen= 3.88306818064302
CL5Nectar= 121.488422085531
CLDPollen= 3.42184716509655
CLDNectar= 57.0846845163032
CA13Pollen= 3.37673616856337
CA13Nectar= 83.3129497990012
CA410Pollen= 2.54817549509462
CA410Nectar= 159.189304751344
CA1120Pollen= 2.21904236124828
CA1120Nectar= 68.6491866409779
IPollenTrips= 5.20066938595846
INectarTrips= 8.00604770658538
IPollenLoad= 6.74585858592764
INectarLoad= 2.2411872074008
