ICQueenStrength= 3.42753561586142
RQWkrDrnRatio= 3.65581630077213
ICDroneMiteSurvivorship= 34.0130939381197
ICWorkerMiteSurvivorship= 71.398534765467
ICForagerLifespan= 6.39141560625285
ImmType= Tangent
RQQueenStrength= 2.81891680229455
RQEnableReQueen= true
AIAdultSlope= 5.99285024963319
AIAdultLD50= 32.7862574106853
AIAdultSlopeContact= 5.41718152863905
AIAdultLD50Contact= 67.9981061687272
AILarvaSlope= 1.855678640306
AILarvaLD50= 48.184325543355
AIKOW= 91421.2183990886
AIKOC= 80819.8149527686
AIHalfLife= 2.68918390544131
EAppRate= 8.17371030196059
FoliarEnabled= true
FoliarAppDate= 06/07/1989
FoliarForageBegin= 06/05/1989
FoliarForageEnd= 06/28/1989
AIContactFactor= 0.642720810663886
CL4Pollen= 1.41830140445381
CL4Nectar= 98.3369189547375
CL5Pollen= 0.0145487431436777
CL5Nectar= 77.7922332636081
CLDPollen= 3.09428079240024
CLDNectar= 63.6554948869161
CA13Pollen= 5.5498570243828
CA13Nectar= 77.5888629257679
CA410Pollen= 7.87941478148568
CA410Nectar= 138.134263050742
CA1120Pollen= 1.3401264755521
CA1120Nectar= 52.4274122528732
IPollenTrips= 9.19130956521258
INectarTrips= 13.9645647257566
IPollenLoad= 9.07220945926383
INectarLoad= 0.860565702896565
ESoilP= 1.96518105757423
ESoilFoc= 0.0187900388827547
