ICQueenStrength= 2.58424143563025
RQWkrDrnRatio= 3.22772614937276
ICDroneMiteSurvivorship= 3.69396805763245
ICWorkerMiteSurvivorship= 76.559488219209
ICForagerLifespan= 11.1038288716227
ImmType= Tangent
RQQueenStrength= 5.53780814190395
RQEnableReQueen= true
AIAdultSlope= 8.41720706596971
AIAdultLD50= 0.0638219709268305
AIAdultSlopeContact= 9.45124472025782
AIAdultLD50Contact= 98.0241422455974
AILarvaSlope= 1.82540728338063
AILarvaLD50= 64.655374166393
AIKOW= 86746.074560219
AIKOC= 1982.55459762248
AIHalfLife= 17.2838736587903
EAppRate= 8.55804650025675
FoliarEnabled= true
FoliarAppDate= 09/01/1989
FoliarForageBegin= 09/01/1989
FoliarForageEnd= 09/08/1989
AIContactFactor= 0.649337481954135
CL4Pollen= 0.360211613588035
CL4Nectar= 60.9488042537123
CL5Pollen= 5.82200691662729
CL5Nectar= 13.9661844936199
CLDPollen= 0.300261923577636
CLDNectar= 134.430327464361
CA13Pollen= 7.35658131008968
CA13Nectar= 60.9074152447283
CA410Pollen= 2.29284688979387
CA410Nectar= 194.67011817731
CA1120Pollen= 1.99111002800055
CA1120Nectar= 41.328669320792
IPollenTrips= 6.80365555686876
INectarTrips= 13.6244176910259
IPollenLoad= 2.93470554286614
INectarLoad= 5.01106511801481
