ICQueenStrength= 5.2557391221635
RQWkrDrnRatio= 2.41933014523238
ICDroneMiteSurvivorship= 73.6672077095136
ICWorkerMiteSurvivorship= 48.3780746581033
ICForagerLifespan= 11.4648318197578
ImmType= Exponential
RQQueenStrength= 5.83346152002923
RQEnableReQueen= true
AIAdultSlope= 3.96252684108913
AIAdultLD50= 15.3301530467817
AIAdultSlopeContact= 3.67447022791021
AIAdultLD50Contact= 96.8286286598826
AILarvaSlope= 6.98959836363792
AILarvaLD50= 73.7084721037692
AIKOW= 30840.5368830464
AIKOC= 33803.1868124169
AIHalfLife= 6.52666669411119
EAppRate= 2.03692606097553
FoliarEnabled= true
FoliarAppDate= 06/07/1989
FoliarForageBegin= 06/05/1989
FoliarForageEnd= 06/28/1989
AIContactFactor= 2.27519068015739
CL4Pollen= 2.01944924052805
CL4Nectar= 64.6915546152741
CL5Pollen= 4.19911563768983
CL5Nectar= 134.561752772424
CLDPollen= 1.5238165827468
CLDNectar= 148.836826428305
CA13Pollen= 2.25654750671238
CA13Nectar= 40.7322192750871
CA410Pollen= 6.39327516430058
CA410Nectar= 95.6852918444201
CA1120Pollen= 2.41372606297955
CA1120Nectar= 74.8849705792964
IPollenTrips= 5.84379935404286
INectarTrips= 9.7100283857435
IPollenLoad= 7.21964647760615
INectarLoad= 1.39290730003268
