ICQueenStrength= 4.64015829982236
RQWkrDrnRatio= 2.76469626743346
ICDroneMiteSurvivorship= 98.9891714416444
ICWorkerMiteSurvivorship= 88.5427219094709
ICForagerLifespan= 5.46712220832705
ImmType= Cosine
RQQueenStrength= 3.41555206361227
RQEnableReQueen= true
AIAdultSlope= 4.46918784081936
AIAdultLD50= 19.7520994244963
AIAdultSlopeContact= 1.16654932545498
AIAdultLD50Contact= 75.3965631872723
AILarvaSlope= 1.66048962064087
AILarvaLD50= 42.1472348929823
AIKOW= 63736.2321315266
AIKOC= 43907.7948839304
AIHalfLife= 26.5410730929114
EAppRate= 2.23681429315638
FoliarEnabled= true
FoliarAppDate= 06/07/1989
FoliarForageBegin= 06/05/1989
FoliarForageEnd= 06/28/1989
AIContactFactor= 1.73901944749523
CL4Pollen= 2.61040271166712
CL4Nectar= 52.614173386246
CL5Pollen= 0.706412860192358
CL5Nectar= 114.643784018699
CLDPollen= 0.828639588318765
CLDNectar= 149.584041419439
CA13Pollen= 8.17857027174905
CA13Nectar= 93.6632966250181
CA410Pollen= 2.42515985679347
CA410Nectar= 173.344786250964
CA1120Pollen= 0.0549658841919154
CA1120Nectar= 71.5453267656267
IPollenTrips= 10.4299136204645
INectarTrips= 6.6853986075148
IPollenLoad= 0.937256212346256
INectarLoad= 8.11414189636707
