ICQueenStrength= 1.25931251118891
RQWkrDrnRatio= 1.96663557551801
ICDroneMiteSurvivorship= 17.4882070394233
ICWorkerMiteSurvivorship= 80.5593793047592
ICForagerLifespan= 10.1081225443631
ImmType= Sine
RQQueenStrength= 4.70416302001104
RQEnableReQueen= true
AIAdultSlope= 1.78567250818014
AIAdultLD50= 17.1992840476413
AIAdultSlopeContact= 1.22127209743485
AIAdultLD50Contact= 27.5688158177729
AILarvaSlope= 2.63369727134705
AILarvaLD50= 68.1176656273957
AIKOW= 13404.3791313981
AIKOC= 39941.3654172115
AIHalfLife= 7.35653043789789
EAppRate= 0.337305662843399
FoliarEnabled= true
FoliarAppDate= 06/07/1989
FoliarForageBegin= 06/05/1989
FoliarForageEnd= 06/28/1989
AIContactFactor= 2.39134979005903
CL4Pollen= 3.38749856036156
CL4Nectar= 95.542942895554
CL5Pollen= 3.277339191176
CL5Nectar= 58.6494079674594
CLDPollen= 2.28912899689749
CLDNectar= 60.2773856255226
CA13Pollen= 4.08706261059269
CA13Nectar= 75.782796703279
CA410Pollen= 6.24913310394622
CA410Nectar= 35.462346309796
CA1120Pollen= 2.69154773117043
CA1120Nectar= 43.4095253422856
IPollenTrips= 11.1987496796064
INectarTrips= 13.3933919179253
IPollenLoad= 3.52880405727774
INectarLoad= 7.49573725042865
