ICQueenStrength= 4.32471003406681
RQWkrDrnRatio= 3.3978915642947
ICDroneMiteSurvivorship= 76.5595014207065
ICWorkerMiteSurvivorship= 77.5079814950004
ICForagerLifespan= 5.68860937003046
ImmType= Polynomial
RQQueenStrength= 4.15188528154977
RQEnableReQueen= true
AIAdultSlope= 3.0621187761426
AIAdultLD50= 46.1265569948351
AIAdultSlopeContact= 3.34319324954413
AIAdultLD50Contact= 93.7734602090255
AILarvaSlope= 6.98797858692706
AILarvaLD50= 16.8293669557224
AIKOW= 24197.9082014304
AIKOC= 32746.9536394887
AIHalfLife= 22.3443498671288
EAppRate= 1.89622359898663
FoliarEnabled= true
FoliarAppDate= 06/07/1989
FoliarForageBegin= 06/05/1989
FoliarForageEnd= 06/28/1989
AIContactFactor= 1.26222606560215
CL4Pollen= 2.8739704657346
CL4Nectar= 38.692213781178
CL5Pollen= 4.12799775833264
CL5Nectar= 88.7311241822317
CLDPollen= 4.69298746157438
CLDNectar= 127.642892638687
CA13Pollen= 7.35566100366414
CA13Nectar= 69.1851245798171
CA410Pollen= 7.14494693602901
CA410Nectar= 196.544530829415
CA1120Pollen= 2.51794448238797
CA1120Nectar= 99.5607414655387
IPollenTrips= 8.82141262758523
INectarTrips= 12.8494810732082
IPollenLoad= 7.15765920700505
INectarLoad= 2.56059729261324
