ICQueenStrength= 3.39962009806186
RQWkrDrnRatio= 3.51962143462151
ICDroneMiteSurvivorship= 86.7731622420251
ICWorkerMiteSurvivorship= 90.9964324440807
ICForagerLifespan= 15.2225105175748
ImmType= Sine
RQQueenStrength= 2.2066816193983
RQEnableReQueen=true
AIAdultSlope= 2.72222838364542
AIAdultLD50= 0.888107091523707
AIAdultSlopeContact= 2.20084185502492
AIAdultLD50Contact= 19.1656281576848
AILarvaSlope= 2.08559291809797
AILarvaLD50= 16.7416813674653
AIKOW= 49052.3234433175
AIKOC= 40532.6837504576
AIHalfLife= 10.9425918015186
EAppRate= 6.85105652226717
FoliarEnabled=true
FoliarAppDate= 07/01/1989
FoliarForageBegin= 07/01/1989
FoliarForageEnd= 07/14/1989
AIContactFactor= 1.40216494788416
CL4Pollen= 0.245324288494885
CL4Nectar= 99.1782510885969
CL5Pollen= 4.80245055165142
CL5Nectar= 48.464269854594
CLDPollen= 0.109216363169253
CLDNectar= 50.5303030251525
CA13Pollen= 7.2624885126017
CA13Nectar= 31.7456990852952
CA410Pollen= 2.67491428072099
CA410Nectar= 21.586907254532
CA1120Pollen= 2.6920980848372
CA1120Nectar= 23.6503404006362
IPollenTrips= 13.786032255739
INectarTrips= 5.32610306050628
IPollenLoad= 4.40271404804662
INectarLoad= 8.1977709569037
