ICQueenStrength= 2.62585773784667
RQWkrDrnRatio= 4.50131568033248
ICDroneMiteSurvivorship= 7.35552895348519
ICWorkerMiteSurvivorship= 20.2934444881976
ICForagerLifespan= 11.0767580289394
ImmType= Cosine
RQQueenStrength= 2.06111788377166
RQEnableReQueen=true
AIAdultSlope= 6.44144422188401
AIAdultLD50= 0.979529433748918
AIAdultSlopeContact= 2.61241887602955
AIAdultLD50Contact= 49.2500331756368
AILarvaSlope= 6.26161921955645
AILarvaLD50= 64.3833465033483
AIKOW= 36757.9499171712
AIKOC= 14860.3224563119
AIHalfLife= 1.02265358006116
EAppRate= 3.94043163049035
FoliarEnabled=true
FoliarAppDate= 07/01/1989
FoliarForageBegin= 07/01/1989
FoliarForageEnd= 07/14/1989
AIContactFactor= 0.439841537927277
CL4Pollen= 3.60337382461876
CL4Nectar= 64.0940119046718
CL5Pollen= 2.17136757681146
CL5Nectar= 114.738915895578
CLDPollen= 0.808175481855869
CLDNectar= 115.523219865281
CA13Pollen= 4.44405007669702
CA13Nectar= 63.2508504390717
CA410Pollen= 9.30812216061167
CA410Nectar= 25.9759386768565
CA1120Pollen= 0.018435770412907
CA1120Nectar= 36.9618612341583
IPollenTrips= 14.7634598147124
INectarTrips= 11.2277852138504
IPollenLoad= 1.61855244543403
INectarLoad= 4.24629703629762
