ICQueenStrength= 3.48617660137825
RQWkrDrnRatio= 2.82596910558641
ICDroneMiteSurvivorship= 17.4353165784851
ICWorkerMiteSurvivorship= 65.9301881911233
ICForagerLifespan= 4.73133920412511
ImmType= Exponential
RQQueenStrength= 4.76690852455795
RQEnableReQueen= true
AIAdultSlope= 7.9099264908582
AIAdultLD50= 0.386214747887803
AIAdultSlopeContact= 1.50174066307954
AIAdultLD50Contact= 92.0760834433669
AILarvaSlope= 1.06250834465027
AILarvaLD50= 28.7578575912202
AIKOW= 7773.88529638262
AIKOC= 82478.6613796114
AIHalfLife= 9.32138513894752
EAppRate= 1.52586666321196
FoliarEnabled= true
FoliarAppDate= 09/01/1989
FoliarForageBegin= 09/01/1989
FoliarForageEnd= 09/08/1989
AIContactFactor= 1.90794540405739
CL4Pollen= 1.74503093119711
CL4Nectar= 20.4788655275479
CL5Pollen= 4.62259500520304
CL5Nectar= 20.4774571233429
CLDPollen= 3.2940373364836
CLDNectar= 20.4886291525327
CA13Pollen= 5.42218650439754
CA13Nectar= 67.376689966768
CA410Pollen= 6.50277152457275
CA410Nectar= 171.033509895205
CA1120Pollen= 1.60735238506459
CA1120Nectar= 83.5647034086287
IPollenTrips= 7.65012216754258
INectarTrips= 7.50631397822872
IPollenLoad= 9.44029287667945
INectarLoad= 2.13759684702381
