ICQueenStrength= 3.10656232549809
RQWkrDrnRatio= 1.859598884359
ICDroneMiteSurvivorship= 95.2131719794124
ICWorkerMiteSurvivorship= 88.0306226899847
ICForagerLifespan= 5.44795161113143
ImmType= Logarithmic
RQQueenStrength= 5.97301341965795
RQEnableReQueen= true
AIAdultSlope= 5.46706153266132
AIAdultLD50= 17.8368433881539
AIAdultSlopeContact= 7.47837330284528
AIAdultLD50Contact= 14.2195704342423
AILarvaSlope= 2.49926296249032
AILarvaLD50= 38.8691672998313
AIKOW= 17680.4616246317
AIKOC= 6020.06848149188
AIHalfLife= 10.5792596718762
EAppRate= 1.65617365728295
FoliarEnabled= true
FoliarAppDate= 06/07/1989
FoliarForageBegin= 06/05/1989
FoliarForageEnd= 06/28/1989
AIContactFactor= 1.44948107438628
CL4Pollen= 1.06987614557147
CL4Nectar= 28.0158255482092
CL5Pollen= 5.83480544574559
CL5Nectar= 17.9627480101772
CLDPollen= 4.88538951706141
CLDNectar= 90.7764081959613
CA13Pollen= 5.59071829384193
CA13Nectar= 35.2982851676643
CA410Pollen= 4.65785163259134
CA410Nectar= 178.036502907053
CA1120Pollen= 1.22189104277641
CA1120Nectar= 50.055145509541
IPollenTrips= 8.28056025085971
INectarTrips= 9.21292616287246
IPollenLoad= 1.81164340116084
INectarLoad= 6.70661250827834
ESoilP= 1.35266948258504
ESoilFoc= 0.0151287293359637
