ICQueenStrength= 5.21749498462304
RQWkrDrnRatio= 2.56853535026312
ICDroneMiteSurvivorship= 37.9342609783635
ICWorkerMiteSurvivorship= 6.69819195754826
ICForagerLifespan= 10.5167724657804
ImmType= Cosine
RQQueenStrength= 5.38518957584165
RQEnableReQueen= true
AIAdultSlope= 7.16314066387713
AIAdultLD50= 29.2937753348597
AIAdultSlopeContact= 3.13661395781673
AIAdultLD50Contact= 69.1409989020925
AILarvaSlope= 5.35957789234817
AILarvaLD50= 58.5597336207719
AIKOW= 77278.1754515484
AIKOC= 27238.8676642647
AIHalfLife= 0.728057495364919
EAppRate= 5.33976333369105
FoliarEnabled= true
FoliarAppDate= 06/07/1989
FoliarForageBegin= 06/05/1989
FoliarForageEnd= 06/28/1989
AIContactFactor= 2.34435462364927
CL4Pollen= 0.836878324858844
CL4Nectar= 50.7738777901977
CL5Pollen= 0.307797925081104
CL5Nectar= 93.6423397273757
CLDPollen= 0.267634331714362
CLDNectar= 107.56534159882
CA13Pollen= 6.93557196650654
CA13Nectar= 74.3857084028423
CA410Pollen= 5.52747297401074
CA410Nectar= 113.267243602313
CA1120Pollen= 0.147576726274565
CA1120Nectar= 96.9459124468267
IPollenTrips= 13.2151521928608
INectarTrips= 12.2111041634344
IPollenLoad= 7.20251901773736
INectarLoad= 5.99642944987863
