ICQueenStrength= 5.65440283878706
RQWkrDrnRatio= 1.66026918683201
ICDroneMiteSurvivorship= 54.256412293762
ICWorkerMiteSurvivorship= 78.9647953119129
ICForagerLifespan= 15.8072514478117
ImmType= Tangent
RQQueenStrength= 5.23655523802154
RQEnableReQueen= true
AIAdultSlope= 4.2124978210777
AIAdultLD50= 0.911495136562735
AIAdultSlopeContact= 5.33059614198282
AIAdultLD50Contact= 54.0181269697282
AILarvaSlope= 4.78216984681785
AILarvaLD50= 93.7047907570102
AIKOW= 92128.6124924048
AIKOC= 10782.9145349008
AIHalfLife= 26.6507150039542
EAppRate= 2.85717469102773
FoliarEnabled= true
FoliarAppDate= 09/01/1989
FoliarForageBegin= 09/01/1989
FoliarForageEnd= 09/08/1989
AIContactFactor= 0.636165254153311
CL4Pollen= 0.636221305467188
CL4Nectar= 73.5187538666651
CL5Pollen= 5.86826034542173
CL5Nectar= 77.9802802833728
CLDPollen= 3.9911049627699
CLDNectar= 125.03071683459
CA13Pollen= 7.48141026291996
CA13Nectar= 51.71660291031
CA410Pollen= 7.85316662003752
CA410Nectar= 130.110016609542
CA1120Pollen= 1.43672012910247
CA1120Nectar= 74.6984614059329
IPollenTrips= 6.70517006190494
INectarTrips= 14.5800713030621
IPollenLoad= 6.6923608770594
INectarLoad= 6.61293264711276
