ICQueenStrength= 4.00508485757746
RQWkrDrnRatio= 4.69733054097742
ICDroneMiteSurvivorship= 96.5597981819883
ICWorkerMiteSurvivorship= 67.215067660436
ICForagerLifespan= 10.2885907730088
ImmType= Tangent
AIAdultSlope= 1.46992903000675
AIAdultLD50= 0.0786911054514349
AIAdultSlopeContact= 3.50582657769788
AIAdultLD50Contact= 0.0257045427453704
AILarvaSlope= 0.652178727928549
AILarvaLD50= 0.141323989327066
AIKOW= 4.92418713122606
AIKOC= 17.263609940419
AIHalfLife= 2.77049898051191
EAppRate= 7.33435098780319
FoliarEnabled= true
