ICQueenStrength= 5.09939303179272
RQWkrDrnRatio= 4.15153529774398
ICDroneMiteSurvivorship= 20.6695345928892
ICWorkerMiteSurvivorship= 28.6326657049358
ICForagerLifespan= 15.9831446409225
ImmType= Polynomial
RQQueenStrength= 1.71210368419997
RQEnableReQueen= true
AIAdultSlope= 7.35627555288374
AIAdultLD50= 22.4434648084298
AIAdultSlopeContact= 9.04452864360064
AIAdultLD50Contact= 52.4454841090669
AILarvaSlope= 1.33401855267584
AILarvaLD50= 48.5235827084158
AIKOW= 18432.917965762
AIKOC= 7511.56641349639
AIHalfLife= 33.7263811324257
EAppRate= 0.613127887266921
FoliarEnabled= true
FoliarAppDate= 06/07/1989
FoliarForageBegin= 06/05/1989
FoliarForageEnd= 06/28/1989
AIContactFactor= 1.48051651546266
CL4Pollen= 2.89567731507123
CL4Nectar= 94.4351838203147
CL5Pollen= 5.41479838639498
CL5Nectar= 20.5231863074005
CLDPollen= 5.18112382572144
CLDNectar= 26.7576242331415
CA13Pollen= 5.58513894286007
CA13Nectar= 86.3614714331925
CA410Pollen= 4.81133412341587
CA410Nectar= 176.509207203053
CA1120Pollen= 1.08125746180303
CA1120Nectar= 84.5706554502249
IPollenTrips= 7.39027742529288
INectarTrips= 13.9862826070748
IPollenLoad= 9.67115240637213
INectarLoad= 6.95989074883983
