ICQueenStrength= 5.06805283972062
RQWkrDrnRatio= 4.43082384206355
ICDroneMiteSurvivorship= 37.6411741133779
ICWorkerMiteSurvivorship= 38.9101258479059
ICForagerLifespan= 13.5862490553409
ImmType= Sine
RQQueenStrength= 1.22669867030345
RQEnableReQueen= true
AIAdultSlope= 3.84618681482971
AIAdultLD50= 3.30109296552022
AIAdultSlopeContact= 4.96863121818751
AIAdultLD50Contact= 93.5034735189932
AILarvaSlope= 5.86765443533659
AILarvaLD50= 94.3976514324185
AIKOW= 37935.0752003223
AIKOC= 8082.88998652552
AIHalfLife= 10.793003704492
EAppRate= 8.75986761322082
FoliarEnabled= true
FoliarAppDate= 06/07/1989
FoliarForageBegin= 06/05/1989
FoliarForageEnd= 06/28/1989
AIContactFactor= 0.56629592990037
CL4Pollen= 0.501820221543312
CL4Nectar= 67.7602163283154
CL5Pollen= 0.367095162626356
CL5Nectar= 118.134454346728
CLDPollen= 5.51643434492871
CLDNectar= 56.7226723534986
CA13Pollen= 5.39225547835231
CA13Nectar= 96.6027810238302
CA410Pollen= 6.25275239842013
CA410Nectar= 66.5837715007365
CA1120Pollen= 0.433387626428157
CA1120Nectar= 60.422451775521
IPollenTrips= 13.4259381168522
INectarTrips= 7.01738083502278
IPollenLoad= 6.32613271474838
INectarLoad= 9.93123427266255
