ICQueenStrength= 4.2552579883486
RQWkrDrnRatio= 4.08893320616335
ICDroneMiteSurvivorship= 80.3505378775299
ICWorkerMiteSurvivorship= 66.3650275440887
ICForagerLifespan= 14.8105385098606
ImmType= Sine
RQQueenStrength= 5.16069949278608
RQEnableReQueen= true
AIAdultSlope= 8.28241216950119
AIAdultLD50= 84.0530156215217
AIAdultSlopeContact= 6.89609504770488
AIAdultLD50Contact= 31.7810847911513
AILarvaSlope= 8.58482628688216
AILarvaLD50= 97.868253374178
AIKOW= 28508.4257846233
AIKOC= 79675.9272974462
AIHalfLife= 14.0466670957627
EAppRate= 9.93953172665159
FoliarEnabled= true
FoliarAppDate= 06/07/1989
FoliarForageBegin= 06/05/1989
FoliarForageEnd= 06/28/1989
AIContactFactor= 0.449331486276351
CL4Pollen= 1.45227848831564
CL4Nectar= 77.1595735102892
CL5Pollen= 3.05439350148663
CL5Nectar= 114.914780342951
CLDPollen= 5.0179930916056
CLDNectar= 71.9983279821463
CA13Pollen= 2.65624088821933
CA13Nectar= 21.3384138792753
CA410Pollen= 8.42527567986399
CA410Nectar= 94.8259209189564
CA1120Pollen= 2.72123586782254
CA1120Nectar= 56.5526992641389
IPollenTrips= 5.96644300734624
INectarTrips= 11.3775581400841
IPollenLoad= 7.30817617382854
INectarLoad= 4.87706788815558
