ICQueenStrength= 4.7541912717279
RQWkrDrnRatio= 3.11147991474718
ICDroneMiteSurvivorship= 9.49127855710685
ICWorkerMiteSurvivorship= 20.9566030884162
ICForagerLifespan= 4.58737129159272
ImmType= Polynomial
RQQueenStrength= 4.36580703849904
RQEnableReQueen= true
AIAdultSlope= 4.31691836751997
AIAdultLD50= 16.3306579242495
AIAdultSlopeContact= 6.62502380460501
AIAdultLD50Contact= 19.2692904016583
AILarvaSlope= 1.78230280801654
AILarvaLD50= 44.9382480950761
AIKOW= 11468.0175493007
AIKOC= 63008.1125314713
AIHalfLife= 9.93234304799698
EAppRate= 2.81230401495914
FoliarEnabled= true
FoliarAppDate= 06/07/1989
FoliarForageBegin= 06/05/1989
FoliarForageEnd= 06/28/1989
AIContactFactor= 0.892051514768973
CL4Pollen= 2.71259913127869
CL4Nectar= 69.3222021684051
CL5Pollen= 4.10152054857463
CL5Nectar= 140.522180765402
CLDPollen= 5.29462922830135
CLDNectar= 35.243921878282
CA13Pollen= 5.51695439852774
CA13Nectar= 29.7144917957485
CA410Pollen= 5.7038203539094
CA410Nectar= 153.883012454025
CA1120Pollen= 2.92771522561088
CA1120Nectar= 84.2200617492199
IPollenTrips= 10.9845590195619
INectarTrips= 5.08806441677734
IPollenLoad= 0.750346998684108
INectarLoad= 7.3992778849788
