ICQueenStrength= 5.33710593497381
RQWkrDrnRatio= 4.1599198654294
ICDroneMiteSurvivorship= 12.3191212303936
ICWorkerMiteSurvivorship= 9.36180870048702
ICForagerLifespan= 9.0527917444706
ImmType= Cosine
RQQueenStrength= 4.24778301641345
RQEnableReQueen= true
AIAdultSlope= 2.11956079490483
AIAdultLD50= 52.2568828360583
AIAdultSlopeContact= 4.94428409240209
AIAdultLD50Contact= 44.9634858462778
AILarvaSlope= 2.8052102252841
AILarvaLD50= 79.9760953124515
AIKOW= 72658.1257635836
AIKOC= 96452.2160770565
AIHalfLife= 34.791953502805
EAppRate= 8.82991058748122
FoliarEnabled= true
FoliarAppDate= 06/07/1989
FoliarForageBegin= 06/05/1989
FoliarForageEnd= 06/28/1989
AIContactFactor= 1.99128360023722
CL4Pollen= 2.5468283155933
CL4Nectar= 90.8752860035747
CL5Pollen= 0.287715931423008
CL5Nectar= 65.4198017553426
CLDPollen= 3.27080962713808
CLDNectar= 6.20995623758063
CA13Pollen= 5.48906429326162
CA13Nectar= 42.1355333738029
CA410Pollen= 4.30545792742632
CA410Nectar= 122.915067705326
CA1120Pollen= 1.56336431368254
CA1120Nectar= 22.2225069627166
IPollenTrips= 13.6258706497028
INectarTrips= 11.1116293910891
IPollenLoad= 8.07437920710072
INectarLoad= 4.09854716155678
