ICQueenStrength= 4.91599404066801
RQWkrDrnRatio= 1.34959884174168
ICDroneMiteSurvivorship= 96.3438468053937
ICWorkerMiteSurvivorship= 12.1003981912509
ICForagerLifespan= 12.1684947675094
ImmType= Tangent
RQQueenStrength= 2.40870268829167
RQEnableReQueen=true
AIAdultSlope= 4.69263671338558
AIAdultLD50= 0.912517032724805
AIAdultSlopeContact= 3.81090116663836
AIAdultLD50Contact= 86.3044449653225
AILarvaSlope= 3.32674727961421
AILarvaLD50= 42.9955205759574
AIKOW= 61571.2157695179
AIKOC= 9.9643092318438
AIHalfLife= 31.2423680280102
EAppRate= 9.53484670533775
FoliarEnabled=true
FoliarAppDate= 07/01/1989
FoliarForageBegin= 07/01/1989
FoliarForageEnd= 07/14/1989
AIContactFactor= 1.50383385747671
CL4Pollen= 3.62103358004242
CL4Nectar= 48.6215041019022
CL5Pollen= 2.32433178042993
CL5Nectar= 68.8949479255825
CLDPollen= 0.492155180778354
CLDNectar= 123.035847418942
CA13Pollen= 3.97393731754273
CA13Nectar= 95.1922649145126
CA410Pollen= 7.03247810699977
CA410Nectar= 70.3411430353299
CA1120Pollen= 2.82415066868998
CA1120Nectar= 55.9956223517656
IPollenTrips= 9.6525089838542
INectarTrips= 9.74519230658188
IPollenLoad= 7.92954579927027
INectarLoad= 2.86081207217649
