ICQueenStrength= 2.20056151063181
RQWkrDrnRatio= 3.22810719907284
ICDroneMiteSurvivorship= 75.54221667815
ICWorkerMiteSurvivorship= 10.1106702117249
ICForagerLifespan= 4.23517417255789
ImmType= Cosine
AIAdultSlope= 3.48060479399515
AIAdultLD50= 0.08034448758699
AIAdultSlopeContact= 3.47105732844444
AIAdultLD50Contact= 0.0276304443599656
AILarvaSlope= 1.09316949695349
AILarvaLD50= 0.897172193764709
AIKOW= 4.28368652332574
AIKOC= 17.6097052299883
AIHalfLife= 2.04640557197854
EAppRate= 0.0362426461651921
FoliarEnabled= true
