ICQueenStrength= 3.58277701097541
RQWkrDrnRatio= 4.27730271033943
ICDroneMiteSurvivorship= 67.2338776523247
ICWorkerMiteSurvivorship= 63.2868911139667
ICForagerLifespan= 10.930015726015
ImmType= Cosine
RQQueenStrength= 5.27247578161769
RQEnableReQueen= true
AIAdultSlope= 7.51771527342498
AIAdultLD50= 20.6131444949606
AIAdultSlopeContact= 7.5960452593863
AIAdultLD50Contact= 34.4247629081719
AILarvaSlope= 3.40466966666281
AILarvaLD50= 81.3314469569051
AIKOW= 92927.8250638108
AIKOC= 17594.016936006
AIHalfLife= 1.47008653366938
EAppRate= 6.05956641086307
FoliarEnabled= true
FoliarAppDate= 06/07/1989
FoliarForageBegin= 06/05/1989
FoliarForageEnd= 06/28/1989
AIContactFactor= 0.707684124391526
CL4Pollen= 2.46854792628437
CL4Nectar= 6.13464915659279
CL5Pollen= 2.39968134043738
CL5Nectar= 74.0447134478018
CLDPollen= 0.704143207054585
CLDNectar= 39.3571573658846
CA13Pollen= 6.06791640147567
CA13Nectar= 74.6293216571212
CA410Pollen= 8.85517009967007
CA410Nectar= 97.6267773238942
CA1120Pollen= 0.144749579485506
CA1120Nectar= 61.8311954289675
IPollenTrips= 10.7409954606555
INectarTrips= 10.1039920537733
IPollenLoad= 9.94628331623971
INectarLoad= 5.71779162390158
