ICQueenStrength= 4.43017900944687
RQWkrDrnRatio= 1.35975021589547
ICDroneMiteSurvivorship= 77.2488668328151
ICWorkerMiteSurvivorship= 87.2451927047223
ICForagerLifespan= 6.48723583016545
ImmType= Logarithmic
AIAdultSlope= 1.67800882996526
AIAdultLD50= 0.0114930092357099
AIAdultSlopeContact= 3.83169177461648
AIAdultLD50Contact= 0.0149772330303676
AILarvaSlope= 1.59287793016992
AILarvaLD50= 0.385947049548849
AIKOW= 3.0768054863438
AIKOC= 9.09789059194736
AIHalfLife= 1.66773158232681
EAppRate= 3.24747908161953
FoliarEnabled= true
