ICQueenStrength= 3.09263387951069
RQWkrDrnRatio= 2.27778210956603
ICDroneMiteSurvivorship= 85.3209626162425
ICWorkerMiteSurvivorship= 75.6625233683735
ICForagerLifespan= 6.4089273493737
ImmType= Polynomial
AIAdultSlope= 0.138618200104684
AIAdultLD50= 0.148160166945308
AIAdultSlopeContact= 2.52070167273749
AIAdultLD50Contact= 0.0280688843457028
AILarvaSlope= 1.08830974851735
AILarvaLD50= 0.0882557262433693
AIKOW= 3.28034077119082
AIKOC= 10.0259267096408
AIHalfLife= 1.05592089386191
EAppRate= 6.23961408389732
FoliarEnabled= true
