ICQueenStrength= 3.77441005106084
RQWkrDrnRatio= 3.44591986574233
ICDroneMiteSurvivorship= 86.6693356307223
ICWorkerMiteSurvivorship= 67.44153725449
ICForagerLifespan= 13.3359831906855
ImmType= Cosine
RQQueenStrength= 2.26327175064944
RQEnableReQueen= true
AIAdultSlope= 6.24413022957742
AIAdultLD50= 97.1572970259897
AIAdultSlopeContact= 4.06235822825693
AIAdultLD50Contact= 53.3417878614254
AILarvaSlope= 8.08349358290434
AILarvaLD50= 64.6224684474536
AIKOW= 40856.2382222281
AIKOC= 36146.5616411809
AIHalfLife= 34.9836019537179
EAppRate= 9.29051225612429
FoliarEnabled= true
FoliarAppDate= 06/07/1989
FoliarForageBegin= 06/05/1989
FoliarForageEnd= 06/28/1989
AIContactFactor= 1.793145330064
CL4Pollen= 2.70874935481697
CL4Nectar= 94.118252210319
CL5Pollen= 1.1858480880037
CL5Nectar= 44.1156556131318
CLDPollen= 4.9425454325974
CLDNectar= 28.6430879845284
CA13Pollen= 3.79839438460767
CA13Nectar= 71.3422573171556
CA410Pollen= 3.71890160548501
CA410Nectar= 51.357590216212
CA1120Pollen= 1.15655835019425
CA1120Nectar= 86.2016167119145
IPollenTrips= 13.0286780232564
INectarTrips= 12.5021093385294
IPollenLoad= 5.39990510093048
INectarLoad= 1.05707685695961
ESoilP= 1.73841444705613
ESoilFoc= 0.0134489091774449
