ICQueenStrength= 2.1513600195758
RQWkrDrnRatio= 2.42325144726783
ICDroneMiteSurvivorship= 17.4524895381182
ICWorkerMiteSurvivorship= 19.6481589693576
ICForagerLifespan= 15.7359191775322
ImmType= Tangent
RQQueenStrength= 3.2987198526971
RQEnableReQueen= true
AIAdultSlope= 7.68199251778424
AIAdultLD50= 13.6062462862055
AIAdultSlopeContact= 4.80009841173887
AIAdultLD50Contact= 49.7453128555701
AILarvaSlope= 4.04666518419981
AILarvaLD50= 49.282150724163
AIKOW= 96090.8939547251
AIKOC= 2799.23069360689
AIHalfLife= 6.22099183492828
EAppRate= 0.118181976253865
FoliarEnabled= true
FoliarAppDate= 06/07/1989
FoliarForageBegin= 06/05/1989
FoliarForageEnd= 06/28/1989
AIContactFactor= 1.6668651802605
CL4Pollen= 3.86314548831433
CL4Nectar= 30.3060278529301
CL5Pollen= 1.72030204720795
CL5Nectar= 23.405639687553
CLDPollen= 2.93583528790623
CLDNectar= 21.0827625123784
CA13Pollen= 4.12026517866179
CA13Nectar= 99.9808731302619
CA410Pollen= 3.24808508646674
CA410Nectar= 169.525309507735
CA1120Pollen= 2.24495295854285
CA1120Nectar= 93.2374132424593
IPollenTrips= 6.64786577457562
INectarTrips= 9.12873006425798
IPollenLoad= 1.25781562644988
INectarLoad= 3.89688943279907
ESoilP= 1.97630326147191
ESoilFoc= 0.00585485757817514
