ICQueenStrength= 2.98691285098903
RQWkrDrnRatio= 1.240249408409
ICDroneMiteSurvivorship= 4.77450168691576
ICWorkerMiteSurvivorship= 26.3395969290286
ICForagerLifespan= 7.1550281830132
ImmType= Exponential
RQQueenStrength= 4.90898729558103
RQEnableReQueen= true
AIAdultSlope= 4.90561058558524
AIAdultLD50= 97.6792272360595
AIAdultSlopeContact= 5.16069013252854
AIAdultLD50Contact= 12.9343873767608
AILarvaSlope= 2.13584195449948
AILarvaLD50= 41.5935644326713
AIKOW= 66258.3512700929
AIKOC= 13019.1229836969
AIHalfLife= 18.160240856884
EAppRate= 7.39559184449143
FoliarEnabled= true
FoliarAppDate= 06/07/1989
FoliarForageBegin= 06/05/1989
FoliarForageEnd= 06/28/1989
AIContactFactor= 1.8548909252556
CL4Pollen= 1.4364613853395
CL4Nectar= 93.6347780749202
CL5Pollen= 2.18379107443616
CL5Nectar= 57.5079005328007
CLDPollen= 4.00909258425236
CLDNectar= 31.8273319979198
CA13Pollen= 5.08444409891963
CA13Nectar= 72.4422454088926
CA410Pollen= 7.15339102675207
CA410Nectar= 90.9458939358592
CA1120Pollen= 2.0872552273795
CA1120Nectar= 34.0017727948725
IPollenTrips= 7.36499971011654
INectarTrips= 6.95857029873878
IPollenLoad= 0.50426832633093
INectarLoad= 6.53490567579865
ESoilP= 1.04297571349889
ESoilFoc= 0.00718899835902266
