ICQueenStrength= 1.84342070971616
RQWkrDrnRatio= 2.09913080744445
ICDroneMiteSurvivorship= 61.286485241726
ICWorkerMiteSurvivorship= 22.6217372575775
ICForagerLifespan= 7.75072593428195
ImmType= Sine
RQQueenStrength= 2.3937711995095
RQEnableReQueen= true
AIAdultSlope= 8.77464769780636
AIAdultLD50= 0.340771871258272
AIAdultSlopeContact= 9.02181539381854
AIAdultLD50Contact= 14.6568129068776
AILarvaSlope= 4.02188652940094
AILarvaLD50= 74.5403777792545
AIKOW= 33309.1857478697
AIKOC= 46775.3363085815
AIHalfLife= 19.9717594892718
EAppRate= 7.10106421680166
FoliarEnabled= true
FoliarAppDate= 09/01/1989
FoliarForageBegin= 09/01/1989
FoliarForageEnd= 09/08/1989
AIContactFactor= 1.95540657184552
CL4Pollen= 2.39514684677124
CL4Nectar= 39.7786255227402
CL5Pollen= 2.7601515641436
CL5Nectar= 126.426285901107
CLDPollen= 1.32734907511622
CLDNectar= 117.913502664305
CA13Pollen= 2.85856429794803
CA13Nectar= 32.1941421553493
CA410Pollen= 3.3703553814441
CA410Nectar= 177.235455443151
CA1120Pollen= 0.502679392229766
CA1120Nectar= 58.2662118785083
IPollenTrips= 6.15528800990433
INectarTrips= 11.8869538023137
IPollenLoad= 6.79637384833768
INectarLoad= 2.57793256314471
