ICQueenStrength= 4.85419772821479
RQWkrDrnRatio= 3.28947686869651
ICDroneMiteSurvivorship= 72.2231091465801
ICWorkerMiteSurvivorship= 64.9441083194688
ICForagerLifespan= 9.29286523163319
ImmType= Logarithmic
RQQueenStrength= 3.14306275593117
RQEnableReQueen= true
AIAdultSlope= 3.53584873117507
AIAdultLD50= 63.9232267395379
AIAdultSlopeContact= 1.33693951345049
AIAdultLD50Contact= 11.2909704125277
AILarvaSlope= 7.06268064305186
AILarvaLD50= 49.5755846690864
AIKOW= 60709.9763757871
AIKOC= 85258.2424785933
AIHalfLife= 5.22109316759743
EAppRate= 9.51727025480522
FoliarEnabled= true
FoliarAppDate= 06/07/1989
FoliarForageBegin= 06/05/1989
FoliarForageEnd= 06/28/1989
AIContactFactor= 1.30168821471278
CL4Pollen= 1.73569512274116
CL4Nectar= 8.65730531513691
CL5Pollen= 0.786402869503945
CL5Nectar= 135.88452078402
CLDPollen= 5.71314492076635
CLDNectar= 140.535652858671
CA13Pollen= 2.40737552642822
CA13Nectar= 37.4651642516255
CA410Pollen= 6.01603133056778
CA410Nectar= 42.8956143464893
CA1120Pollen= 2.90015524928458
CA1120Nectar= 30.2803304232657
IPollenTrips= 9.02002990245819
INectarTrips= 6.50949500733986
IPollenLoad= 8.4488891181536
INectarLoad= 0.199784112628549
ESoilP= 1.49224675749429
ESoilFoc= 0.0137170273147058
