ICQueenStrength= 2.67549654492177
RQWkrDrnRatio= 2.58957656379789
ICDroneMiteSurvivorship= 35.8030283357948
ICWorkerMiteSurvivorship= 56.5387913258746
ICForagerLifespan= 15.2847096482292
ImmType= Cosine
RQQueenStrength= 3.94766643666662
RQEnableReQueen= true
AIAdultSlope= 7.93025172874331
AIAdultLD50= 92.0393972910713
AIAdultSlopeContact= 7.98270484781824
AIAdultLD50Contact= 73.5952834331621
AILarvaSlope= 1.34836249239743
AILarvaLD50= 67.3780773801075
AIKOW= 28980.2933350985
AIKOC= 74760.6735750232
AIHalfLife= 9.07297415637877
EAppRate= 4.61307147740689
FoliarEnabled= true
FoliarAppDate= 06/07/1989
FoliarForageBegin= 06/05/1989
FoliarForageEnd= 06/28/1989
AIContactFactor= 0.274115859391168
CL4Pollen= 1.83126623369753
CL4Nectar= 2.28198696859181
CL5Pollen= 5.108994029928
CL5Nectar= 107.470608630683
CLDPollen= 5.83580003259704
CLDNectar= 105.947290558834
CA13Pollen= 7.6343736548908
CA13Nectar= 95.123876221478
CA410Pollen= 4.4005131052807
CA410Nectar= 46.7214586120099
CA1120Pollen= 2.64743021526374
CA1120Nectar= 76.7074202373624
IPollenTrips= 8.49177925148979
INectarTrips= 7.85045272205025
IPollenLoad= 1.48207006976008
INectarLoad= 2.02597131021321
ESoilP= 1.52631495380774
ESoilFoc= 0.0138180999667384
