ICQueenStrength= 3.49767942004837
RQWkrDrnRatio= 4.74170946609229
ICDroneMiteSurvivorship= 11.5668174345046
ICWorkerMiteSurvivorship= 92.657112213783
ICForagerLifespan= 6.14193868264556
ImmType= Exponential
RQQueenStrength= 2.45120246801525
RQEnableReQueen= true
AIAdultSlope= 2.31045046448708
AIAdultLD50= 70.7162539800378
AIAdultSlopeContact= 4.35559379658662
AIAdultLD50Contact= 13.1408903998455
AILarvaSlope= 1.80065925419331
AILarvaLD50= 53.6926160349711
AIKOW= 24503.6410925543
AIKOC= 83047.5165534068
AIHalfLife= 33.1733203427633
EAppRate= 8.82953238028358
FoliarEnabled= true
FoliarAppDate= 06/07/1989
FoliarForageBegin= 06/05/1989
FoliarForageEnd= 06/28/1989
AIContactFactor= 1.93762491586152
CL4Pollen= 0.0630997363477945
CL4Nectar= 26.0438648285344
CL5Pollen= 1.90768967103213
CL5Nectar= 22.1694329869933
CLDPollen= 4.71226684888825
CLDNectar= 114.968886086717
CA13Pollen= 6.9957449760288
CA13Nectar= 48.4548134170473
CA410Pollen= 3.85081851175055
CA410Nectar= 57.033564383164
CA1120Pollen= 2.06699465657584
CA1120Nectar= 71.5144116990268
IPollenTrips= 9.89208483602852
INectarTrips= 14.0149223897606
IPollenLoad= 0.65125819761306
INectarLoad= 9.71567674307153
ESoilP= 1.88429236062802
ESoilFoc= 0.00694169080373831
