ICQueenStrength= 5.17703987448476
RQWkrDrnRatio= 4.64167421404272
ICDroneMiteSurvivorship= 79.2515314649791
ICWorkerMiteSurvivorship= 77.594050206244
ICForagerLifespan= 10.7093776147813
ImmType= Logarithmic
RQQueenStrength= 2.92324095056392
RQEnableReQueen= true
AIAdultSlope= 3.8271068111062
AIAdultLD50= 92.3964573705883
AIAdultSlopeContact= 6.96179361804388
AIAdultLD50Contact= 21.8276483031258
AILarvaSlope= 7.04368156567216
AILarvaLD50= 60.1883937633985
AIKOW= 339.697302267505
AIKOC= 43200.0421369472
AIHalfLife= 11.196003557439
EAppRate= 9.30843660233612
FoliarEnabled= true
FoliarAppDate= 06/07/1989
FoliarForageBegin= 06/05/1989
FoliarForageEnd= 06/28/1989
AIContactFactor= 0.847718972577713
CL4Pollen= 0.472122791223228
CL4Nectar= 82.3025288758799
CL5Pollen= 4.12137945787981
CL5Nectar= 31.3487660139799
CLDPollen= 0.539458627346903
CLDNectar= 52.5004819734022
CA13Pollen= 5.48950495924801
CA13Nectar= 21.4342867769301
CA410Pollen= 2.73123951591551
CA410Nectar= 129.996680915356
CA1120Pollen= 2.14778771018609
CA1120Nectar= 72.6166483946145
IPollenTrips= 5.9995277854614
INectarTrips= 14.246190439444
IPollenLoad= 4.70074631040916
INectarLoad= 1.39764010207728
