ICQueenStrength= 1.06049723364413
RQWkrDrnRatio= 2.55353851336986
ICDroneMiteSurvivorship= 39.1124495537952
ICWorkerMiteSurvivorship= 40.2585379313678
ICForagerLifespan= 5.66106549743563
ImmType= Polynomial
RQQueenStrength= 3.0848433598876
RQEnableReQueen=true
AIAdultSlope= 2.03875709138811
AIAdultLD50= 0.313424490887905
AIAdultSlopeContact= 8.80390439345501
AIAdultLD50Contact= 57.8979611366249
AILarvaSlope= 6.07617778889835
AILarvaLD50= 4.8404482455221
AIKOW= 28445.2182782227
AIKOC= 42993.2607443286
AIHalfLife= 32.2801763634663
EAppRate= 0.308687345443992
FoliarEnabled=true
FoliarAppDate= 07/01/1989
FoliarForageBegin= 07/01/1989
FoliarForageEnd= 07/14/1989
AIContactFactor= 1.12653777785599
CL4Pollen= 3.17904542852193
CL4Nectar= 48.1830993201584
CL5Pollen= 4.51463159965351
CL5Nectar= 108.238881686702
CLDPollen= 3.36655253078789
CLDNectar= 127.908612310421
CA13Pollen= 3.77731832936406
CA13Nectar= 22.6276465877891
CA410Pollen= 6.69146208660677
CA410Nectar= 149.144048099406
CA1120Pollen= 2.18743195384741
CA1120Nectar= 92.0369157381356
IPollenTrips= 12.3434336599894
INectarTrips= 10.8032238529995
IPollenLoad= 2.88698769407347
INectarLoad= 8.7277748552151
