ICQueenStrength= 2.46461479598656
RQWkrDrnRatio= 3.2786362292245
ICDroneMiteSurvivorship= 97.8300637099892
ICWorkerMiteSurvivorship= 40.4761566314846
ICForagerLifespan= 11.0871661650017
ImmType= Polynomial
RQQueenStrength= 5.64654777315445
RQEnableReQueen= true
AIAdultSlope= 5.13484330102801
AIAdultLD50= 22.7553333775946
AIAdultSlopeContact= 6.00118115427904
AIAdultLD50Contact= 87.1641370471635
AILarvaSlope= 3.56207351759076
AILarvaLD50= 79.5326484308687
AIKOW= 67043.3980540266
AIKOC= 24524.7567466998
AIHalfLife= 26.4254935456207
EAppRate= 8.66772035532095
FoliarEnabled= true
FoliarAppDate= 06/07/1989
FoliarForageBegin= 06/05/1989
FoliarForageEnd= 06/28/1989
AIContactFactor= 2.22161941607017
CL4Pollen= 1.42317651212215
CL4Nectar= 62.8696579486132
CL5Pollen= 1.37999306526035
CL5Nectar= 146.74596330151
CLDPollen= 1.4441156568937
CLDNectar= 35.7718807761557
CA13Pollen= 2.93699230467901
CA13Nectar= 43.2956558838487
CA410Pollen= 6.65903068969492
CA410Nectar= 93.372346861288
CA1120Pollen= 1.14669204829261
CA1120Nectar= 29.2518062517047
IPollenTrips= 12.9372610384598
INectarTrips= 10.4898932785727
IPollenLoad= 5.52898732246831
INectarLoad= 2.45302757481113
ESoilP= 1.84060595557094
ESoilFoc= 0.0187556004680227
