ICQueenStrength= 5.1087567829527
RQWkrDrnRatio= 3.2518580686301
ICDroneMiteSurvivorship= 84.7985571017489
ICWorkerMiteSurvivorship= 15.1568233501166
ICForagerLifespan= 9.40235007833689
ImmType= Cosine
RQQueenStrength= 1.67419955739751
RQEnableReQueen= true
AIAdultSlope= 7.74725657887757
AIAdultLD50= 99.4050769489272
AIAdultSlopeContact= 9.09830164327286
AIAdultLD50Contact= 35.7107055913149
AILarvaSlope= 4.33831963688135
AILarvaLD50= 92.8479687963782
AIKOW= 26092.2012951134
AIKOC= 84160.0919434973
AIHalfLife= 27.9367390917614
EAppRate= 0.0924960514788982
FoliarEnabled= true
FoliarAppDate= 06/07/1989
FoliarForageBegin= 06/05/1989
FoliarForageEnd= 06/28/1989
AIContactFactor= 0.751342488205992
CL4Pollen= 0.556218070909381
CL4Nectar= 35.1117492420599
CL5Pollen= 5.37649396341294
CL5Nectar= 61.3830585731193
CLDPollen= 5.52596333948895
CLDNectar= 139.256325107999
CA13Pollen= 6.58000136334449
CA13Nectar= 66.1895361356437
CA410Pollen= 8.32295061545446
CA410Nectar= 77.5932513643056
CA1120Pollen= 2.51658721757121
CA1120Nectar= 24.237785320729
IPollenTrips= 9.02011028723791
INectarTrips= 12.8292625583708
IPollenLoad= 0.432095502037555
INectarLoad= 4.20259163482115
