ICQueenStrength= 2.56139210332185
RQWkrDrnRatio= 4.30704857967794
ICDroneMiteSurvivorship= 23.6717699794099
ICWorkerMiteSurvivorship= 68.983910093084
ICForagerLifespan= 11.167779202573
ImmType= Exponential
RQQueenStrength= 2.14954793592915
RQEnableReQueen= true
AIAdultSlope= 3.71443754434586
AIAdultLD50= 70.7862453613791
AIAdultSlopeContact= 3.09599781990983
AIAdultLD50Contact= 19.3284408076976
AILarvaSlope= 6.91636311635375
AILarvaLD50= 71.254357492619
AIKOW= 72434.3433136494
AIKOC= 42091.612185163
AIHalfLife= 34.9764832339715
EAppRate= 9.54584604528407
FoliarEnabled= true
FoliarAppDate= 06/07/1989
FoliarForageBegin= 06/05/1989
FoliarForageEnd= 06/28/1989
AIContactFactor= 2.39339183097705
CL4Pollen= 2.67278226930648
CL4Nectar= 90.9073784947395
CL5Pollen= 3.58859381172806
CL5Nectar= 4.90949648665264
CLDPollen= 1.83361821016297
CLDNectar= 76.9533462356776
CA13Pollen= 5.08451267546043
CA13Nectar= 20.174136031419
CA410Pollen= 5.94556765875313
CA410Nectar= 196.818720190786
CA1120Pollen= 2.44772488810122
CA1120Nectar= 37.8167788870633
IPollenTrips= 14.6204513963312
INectarTrips= 13.2869411003776
IPollenLoad= 3.97544610546902
INectarLoad= 3.52915248367935
