ICQueenStrength= 1.27326722396538
RQWkrDrnRatio= 4.51639446150512
ICDroneMiteSurvivorship= 37.7556330291554
ICWorkerMiteSurvivorship= 24.8807419324294
ICForagerLifespan= 14.7016885839403
ImmType= Polynomial
RQQueenStrength= 2.25349022331648
RQEnableReQueen= true
AIAdultSlope= 3.5383677072823
AIAdultLD50= 82.5758816831901
AIAdultSlopeContact= 1.29201451363042
AIAdultLD50Contact= 86.0759111449688
AILarvaSlope= 4.78885026276112
AILarvaLD50= 25.2487381162022
AIKOW= 9221.17260964899
AIKOC= 66617.2895559189
AIHalfLife= 26.9906315580243
EAppRate= 8.70034215846518
FoliarEnabled= true
FoliarAppDate= 06/07/1989
FoliarForageBegin= 06/05/1989
FoliarForageEnd= 06/28/1989
AIContactFactor= 0.337517280108295
CL4Pollen= 1.90673633571714
CL4Nectar= 0.241959397681057
CL5Pollen= 3.58712998498231
CL5Nectar= 1.08727955957875
CLDPollen= 3.53347654687241
CLDNectar= 28.1236175447702
CA13Pollen= 6.2346057228744
CA13Nectar= 74.4681223481894
CA410Pollen= 6.52469512459356
CA410Nectar= 24.148858631961
CA1120Pollen= 2.81764092855155
CA1120Nectar= 55.3391207754612
IPollenTrips= 12.2565578133799
INectarTrips= 14.9917741422541
IPollenLoad= 0.821890158113092
INectarLoad= 9.7400923888199
