ICQueenStrength= 5.85743784811348
RQWkrDrnRatio= 2.95065941568464
ICDroneMiteSurvivorship= 49.295992217958
ICWorkerMiteSurvivorship= 20.953385066241
ICForagerLifespan= 11.2280320273712
ImmType= Sine
RQQueenStrength= 3.86184519412927
RQEnableReQueen= true
AIAdultSlope= 8.30699405260384
AIAdultLD50= 50.6101771020223
AIAdultSlopeContact= 9.6354263597168
AIAdultLD50Contact= 83.7081875267939
AILarvaSlope= 4.82471595518291
AILarvaLD50= 22.1064425158023
AIKOW= 85497.7437361777
AIKOC= 68968.0751004149
AIHalfLife= 21.3919927968411
EAppRate= 0.121684097379213
FoliarEnabled= true
FoliarAppDate= 06/07/1989
FoliarForageBegin= 06/05/1989
FoliarForageEnd= 06/28/1989
AIContactFactor= 1.65888064443599
CL4Pollen= 1.74471734743565
CL4Nectar= 59.8281000042334
CL5Pollen= 5.39684206014499
CL5Nectar= 147.185055864975
CLDPollen= 1.46067093824968
CLDNectar= 37.7384962630458
CA13Pollen= 4.53290947927162
CA13Nectar= 58.4262854978442
CA410Pollen= 6.83612389222253
CA410Nectar= 135.537945157848
CA1120Pollen= 1.73963795718737
CA1120Nectar= 54.2561822757125
IPollenTrips= 6.79993845056742
INectarTrips= 5.7689135754481
IPollenLoad= 8.81856884341687
INectarLoad= 2.47309371829033
