ICQueenStrength= 2.07600547838956
RQWkrDrnRatio= 4.32834683731198
ICDroneMiteSurvivorship= 69.5164889097214
ICWorkerMiteSurvivorship= 79.4308943906799
ICForagerLifespan= 13.4966449989006
ImmType= Polynomial
AIAdultSlope= 1.13788341404172
AIAdultLD50= 0.0243386016227305
AIAdultSlopeContact= 2.04106467234436
AIAdultLD50Contact= 0.00513133107451722
AILarvaSlope= 0.828620370430872
AILarvaLD50= 0.37423124271445
AIKOW= 5.27556025609374
AIKOC= 29.9831459310371
AIHalfLife= 0.401015620003454
EAppRate= 6.35604317765683
FoliarEnabled= true
