ICQueenStrength= 5.9844635266345
RQWkrDrnRatio= 1.12162895128131
ICDroneMiteSurvivorship= 38.5061773937196
ICWorkerMiteSurvivorship= 99.818721273914
ICForagerLifespan= 12.902596029453
ImmType= Cosine
RQQueenStrength= 2.01481624646112
RQEnableReQueen= true
AIAdultSlope= 2.44569179601967
AIAdultLD50= 55.8254594218554
AIAdultSlopeContact= 9.26496274350211
AIAdultLD50Contact= 18.9162166921424
AILarvaSlope= 4.68578595854342
AILarvaLD50= 5.79428315283521
AIKOW= 67969.3261061495
AIKOC= 67443.8133816121
AIHalfLife= 1.6901825040346
EAppRate= 8.24862686783564
FoliarEnabled= true
FoliarAppDate= 06/07/1989
FoliarForageBegin= 06/05/1989
FoliarForageEnd= 06/28/1989
AIContactFactor= 0.649228538931347
CL4Pollen= 0.67439710535109
CL4Nectar= 67.4976996378973
CL5Pollen= 3.22259919717908
CL5Nectar= 61.8947988026775
CLDPollen= 4.41418082546443
CLDNectar= 45.7508978317492
CA13Pollen= 7.48937754128128
CA13Nectar= 41.4322711527348
CA410Pollen= 4.86095616712701
CA410Nectar= 129.466820457019
CA1120Pollen= 2.41257077129558
CA1120Nectar= 27.3390118777752
IPollenTrips= 11.5969086741097
INectarTrips= 14.773867467884
IPollenLoad= 5.25871236575767
INectarLoad= 1.63330209208652
ESoilP= 1.18465847847983
ESoilFoc= 0.00836677920329384
