ICQueenStrength= 2.55717061716132
RQWkrDrnRatio= 2.57856482546777
ICDroneMiteSurvivorship= 39.1258438117802
ICWorkerMiteSurvivorship= 34.9543660180643
ICForagerLifespan= 12.896966391243
ImmType= Cosine
RQQueenStrength= 3.20257275970653
RQEnableReQueen= true
AIAdultSlope= 1.58003361150622
AIAdultLD50= 8.04902003240096
AIAdultSlopeContact= 2.89052237034775
AIAdultLD50Contact= 53.125421346155
AILarvaSlope= 4.28052734211087
AILarvaLD50= 70.8882923123492
AIKOW= 33350.20526449
AIKOC= 95274.8315284192
AIHalfLife= 9.84152829861268
EAppRate= 9.41924903904647
FoliarEnabled= true
FoliarAppDate= 06/07/1989
FoliarForageBegin= 06/05/1989
FoliarForageEnd= 06/28/1989
AIContactFactor= 1.66489518041257
CL4Pollen= 1.14684705343097
CL4Nectar= 52.8154451632872
CL5Pollen= 1.15721391839907
CL5Nectar= 140.827352867927
CLDPollen= 0.926326879765838
CLDNectar= 67.1547259320505
CA13Pollen= 6.39181109825149
CA13Nectar= 40.0203707255423
CA410Pollen= 4.46938963113353
CA410Nectar= 61.0396325169131
CA1120Pollen= 0.0409900343511254
CA1120Nectar= 36.316283531487
IPollenTrips= 14.8006903147325
INectarTrips= 14.7106196242385
IPollenLoad= 2.63634010916576
INectarLoad= 6.75664980430156
