ICQueenStrength= 1.83788584102876
RQWkrDrnRatio= 1.6829818515107
ICDroneMiteSurvivorship= 0.380607135593891
ICWorkerMiteSurvivorship= 67.3432783456519
ICForagerLifespan= 7.83913196530193
ImmType= Logarithmic
RQQueenStrength= 3.11498150252737
RQEnableReQueen= true
AIAdultSlope= 1.0053505692631
AIAdultLD50= 67.3724171607816
AIAdultSlopeContact= 2.53788041952066
AIAdultLD50Contact= 96.8264667325604
AILarvaSlope= 8.51155980303884
AILarvaLD50= 67.1602882838303
AIKOW= 8874.31670869395
AIKOC= 7649.47376785893
AIHalfLife= 0.705344491801225
EAppRate= 4.30030647072825
FoliarEnabled= true
FoliarAppDate= 06/07/1989
FoliarForageBegin= 06/05/1989
FoliarForageEnd= 06/28/1989
AIContactFactor= 1.48255524446256
CL4Pollen= 2.57871899940073
CL4Nectar= 23.1057861354202
CL5Pollen= 1.24272865243256
CL5Nectar= 34.4366445788182
CLDPollen= 3.55279549397528
CLDNectar= 40.7386288046837
CA13Pollen= 6.60873586852103
CA13Nectar= 90.4497992619872
CA410Pollen= 7.34815970005002
CA410Nectar= 94.0565827814862
CA1120Pollen= 0.720982748782262
CA1120Nectar= 47.5875191576779
IPollenTrips= 9.14824800100178
INectarTrips= 7.23000648198649
IPollenLoad= 3.92054666997865
INectarLoad= 3.2075573829934
ESoilP= 1.54092933842912
ESoilFoc= 0.0194121190495789
