ICQueenStrength= 2.61197143839672
RQWkrDrnRatio= 3.98207033518702
ICDroneMiteSurvivorship= 30.0354015314952
ICWorkerMiteSurvivorship= 60.6780817965046
ICForagerLifespan= 13.4853394879028
ImmType= Cosine
AIAdultSlope= 0.320356015088037
AIAdultLD50= 0.0596375083550811
AIAdultSlopeContact= 1.21793129661586
AIAdultLD50Contact= 0.0363498834776692
AILarvaSlope= 0.526966767711565
AILarvaLD50= 0.792286966717802
AIKOW= 3.41813786048442
AIKOC= 9.33319574221969
AIHalfLife= 0.702291070879437
EAppRate= 0.717387294862419
FoliarEnabled= true
