ICQueenStrength= 1.53289563045837
RQWkrDrnRatio= 3.7666606977582
ICDroneMiteSurvivorship= 90.0294750928879
ICWorkerMiteSurvivorship= 42.3919545486569
ICForagerLifespan= 10.5690815458074
ImmType= Tangent
RQQueenStrength= 4.14682326279581
RQEnableReQueen= true
AIAdultSlope= 6.52293856628239
AIAdultLD50= 87.4558814966993
AIAdultSlopeContact= 7.61412932025269
AIAdultLD50Contact= 5.74823117887787
AILarvaSlope= 1.46966359391809
AILarvaLD50= 80.4702647272802
AIKOW= 78609.2391440791
AIKOC= 93699.9644588614
AIHalfLife= 13.4936655024765
EAppRate= 8.55001905335975
FoliarEnabled= true
FoliarAppDate= 06/07/1989
FoliarForageBegin= 06/05/1989
FoliarForageEnd= 06/28/1989
AIContactFactor= 1.16316235305276
CL4Pollen= 0.486220819875598
CL4Nectar= 96.9691483536735
CL5Pollen= 4.79234622884542
CL5Nectar= 89.8168974090368
CLDPollen= 2.09949481766671
CLDNectar= 31.6961425705813
CA13Pollen= 4.8768868654035
CA13Nectar= 71.0727241449058
CA410Pollen= 5.38816335669253
CA410Nectar= 191.403468474746
CA1120Pollen= 0.0770392280537635
CA1120Nectar= 31.0957644321024
IPollenTrips= 12.2214070591144
INectarTrips= 12.2082920605317
IPollenLoad= 3.99837587028742
INectarLoad= 3.06658782297745
ESoilP= 1.70203088503331
ESoilFoc= 0.0138818095664028
