ICQueenStrength= 5.08885830896907
RQWkrDrnRatio= 3.59907935094088
ICDroneMiteSurvivorship= 25.9834163123742
ICWorkerMiteSurvivorship= 76.6610263846815
ICForagerLifespan= 12.7585956649855
ImmType= Tangent
RQQueenStrength= 5.91894678794779
RQEnableReQueen= true
AIAdultSlope= 8.56030471809208
AIAdultLD50= 87.664072012848
AIAdultSlopeContact= 1.00324502657168
AIAdultLD50Contact= 62.0876065784092
AILarvaSlope= 2.6280880253762
AILarvaLD50= 76.6888513034733
AIKOW= 54024.4933558469
AIKOC= 89057.5100856514
AIHalfLife= 8.85148588074371
EAppRate= 2.30488219029945
FoliarEnabled= true
FoliarAppDate= 06/07/1989
FoliarForageBegin= 06/05/1989
FoliarForageEnd= 06/28/1989
AIContactFactor= 0.465142062688246
CL4Pollen= 0.208356464281678
CL4Nectar= 25.0822299625725
CL5Pollen= 5.4714126912877
CL5Nectar= 9.18630069354549
CLDPollen= 3.84224453754723
CLDNectar= 41.8687899364159
CA13Pollen= 2.95105742178857
CA13Nectar= 94.8410424031317
CA410Pollen= 7.14967436534353
CA410Nectar= 37.0713089080527
CA1120Pollen= 2.8488670445513
CA1120Nectar= 31.3470069691539
IPollenTrips= 11.7573173996061
INectarTrips= 14.6301192161627
IPollenLoad= 8.37487126234919
INectarLoad= 2.84107051324099
ESoilP= 1.59617627947591
ESoilFoc= 0.0172916432579514
