ICQueenStrength= 3.62350222095847
RQWkrDrnRatio= 3.54158218950033
ICDroneMiteSurvivorship= 70.9781161043793
ICWorkerMiteSurvivorship= 83.0549788661301
ICForagerLifespan= 10.8097776435316
ImmType= Logarithmic
RQQueenStrength= 3.08528788643889
RQEnableReQueen= true
AIAdultSlope= 1.80910496041179
AIAdultLD50= 52.5423527021925
AIAdultSlopeContact= 9.84387374296784
AIAdultLD50Contact= 2.13334722974431
AILarvaSlope= 1.52436422929168
AILarvaLD50= 33.0218860918784
AIKOW= 10008.6554072313
AIKOC= 20037.962141847
AIHalfLife= 11.8814589236863
EAppRate= 5.03378420061502
FoliarEnabled= true
FoliarAppDate= 06/07/1989
FoliarForageBegin= 06/05/1989
FoliarForageEnd= 06/28/1989
AIContactFactor= 1.2101061595697
CL4Pollen= 3.72079852502793
CL4Nectar= 16.3495026528835
CL5Pollen= 3.26011430751532
CL5Nectar= 131.277565949131
CLDPollen= 1.17747521493584
CLDNectar= 102.88034460973
CA13Pollen= 5.42400517761707
CA13Nectar= 68.6318586580455
CA410Pollen= 3.84752509889659
CA410Nectar= 188.240662799217
CA1120Pollen= 0.599689728347585
CA1120Nectar= 97.0181026868522
IPollenTrips= 13.6818495881744
INectarTrips= 12.3702726815827
IPollenLoad= 3.49803594173864
INectarLoad= 8.57532894005999
ESoilP= 1.95011388347484
ESoilFoc= 0.0162092197868042
