ICQueenStrength= 4.2712287560571
RQWkrDrnRatio= 4.54445215407759
ICDroneMiteSurvivorship= 18.9141062786803
ICWorkerMiteSurvivorship= 69.3839550483972
ICForagerLifespan= 10.8728150315583
ImmType= Tangent
RQQueenStrength= 4.41464531025849
RQEnableReQueen= true
AIAdultSlope= 7.55684678070247
AIAdultLD50= 50.0607116142178
AIAdultSlopeContact= 4.14402670459822
AIAdultLD50Contact= 47.3597768701094
AILarvaSlope= 1.81639067456126
AILarvaLD50= 2.5651941389998
AIKOW= 90634.1337418671
AIKOC= 1529.72177801165
AIHalfLife= 19.8724675831618
EAppRate= 2.13796832705778
FoliarEnabled= true
FoliarAppDate= 06/07/1989
FoliarForageBegin= 06/05/1989
FoliarForageEnd= 06/28/1989
AIContactFactor= 1.84300531411543
CL4Pollen= 2.84727561846375
CL4Nectar= 37.1852886164561
CL5Pollen= 5.50557770440355
CL5Nectar= 94.6805191109888
CLDPollen= 1.48776292847469
CLDNectar= 132.478626840748
CA13Pollen= 3.28905418310314
CA13Nectar= 94.4053185172379
CA410Pollen= 8.42456490600016
CA410Nectar= 172.976168002933
CA1120Pollen= 2.40320845157839
CA1120Nectar= 92.7877877652645
IPollenTrips= 13.8724329997785
INectarTrips= 11.5465402649716
IPollenLoad= 0.969154392369092
INectarLoad= 3.32312531536445
