ICQueenStrength= 4.18784976843745
RQWkrDrnRatio= 2.56040101032704
ICDroneMiteSurvivorship= 67.3634607810527
ICWorkerMiteSurvivorship= 8.89153508469462
ICForagerLifespan= 7.78182691335678
ImmType= Tangent
RQQueenStrength= 2.92643707734533
RQEnableReQueen= true
AIAdultSlope= 5.76663674414158
AIAdultLD50= 42.9141146700419
AIAdultSlopeContact= 2.27965727401897
AIAdultLD50Contact= 64.3891068854155
AILarvaSlope= 3.67284223437309
AILarvaLD50= 43.4126919439712
AIKOW= 80988.2743902213
AIKOC= 80571.5602714282
AIHalfLife= 34.7841150656343
EAppRate= 4.71834819276026
FoliarEnabled= true
FoliarAppDate= 06/07/1989
FoliarForageBegin= 06/05/1989
FoliarForageEnd= 06/28/1989
AIContactFactor= 2.12199935857672
CL4Pollen= 0.29717658739537
CL4Nectar= 98.0267778970301
CL5Pollen= 3.25870157964528
CL5Nectar= 8.29746415838599
CLDPollen= 2.56805984582752
CLDNectar= 73.1621681945398
CA13Pollen= 4.72177002839744
CA13Nectar= 22.4216255918145
CA410Pollen= 6.83712655783165
CA410Nectar= 45.4141491418704
CA1120Pollen= 0.16942260065116
CA1120Nectar= 83.8678743503988
IPollenTrips= 12.5142642948776
INectarTrips= 11.3648171373643
IPollenLoad= 6.64764662273228
INectarLoad= 2.07749770022929
ESoilP= 1.94223137339577
ESoilFoc= 0.0127626649911981
