ICQueenStrength= 5.88580491044559
RQWkrDrnRatio= 1.29028097167611
ICDroneMiteSurvivorship= 39.8486574413255
ICWorkerMiteSurvivorship= 99.0984746953472
ICForagerLifespan= 13.9675374971703
ImmType= Cosine
RQQueenStrength= 4.49482883233577
RQEnableReQueen= true
AIAdultSlope= 2.20954338461161
AIAdultLD50= 34.5290261285929
AIAdultSlopeContact= 5.81739759864286
AIAdultLD50Contact= 61.4262173529521
AILarvaSlope= 2.88847669772804
AILarvaLD50= 36.1733447670429
AIKOW= 76250.1434191332
AIKOC= 60553.9568261234
AIHalfLife= 18.3732651802013
EAppRate= 8.311112968717
FoliarEnabled= true
FoliarAppDate= 06/07/1989
FoliarForageBegin= 06/05/1989
FoliarForageEnd= 06/28/1989
AIContactFactor= 0.328584397183731
CL4Pollen= 2.70233034342527
CL4Nectar= 54.2604414047673
CL5Pollen= 5.1817614804022
CL5Nectar= 108.75228656223
CLDPollen= 3.90509728062898
CLDNectar= 92.6910850452259
CA13Pollen= 2.55126603627577
CA13Nectar= 57.4492655880749
CA410Pollen= 4.06977613084018
CA410Nectar= 46.354821510613
CA1120Pollen= 2.64367053983733
CA1120Nectar= 87.6437820121646
IPollenTrips= 13.7740615103394
INectarTrips= 6.65102761005983
IPollenLoad= 0.103179984726012
INectarLoad= 8.86791575932875
ESoilP= 1.01887594000436
ESoilFoc= 0.010783394027967
