ICQueenStrength= 3.47621020884253
RQWkrDrnRatio= 2.47310237307101
ICDroneMiteSurvivorship= 48.3842092799023
ICWorkerMiteSurvivorship= 93.3132489677519
ICForagerLifespan= 7.80493730120361
ImmType= Logarithmic
RQQueenStrength= 3.93939954601228
RQEnableReQueen= true
AIAdultSlope= 3.36021438799798
AIAdultLD50= 29.4875175502026
AIAdultSlopeContact= 4.99896730598994
AIAdultLD50Contact= 25.8711068992396
AILarvaSlope= 2.66245234385133
AILarvaLD50= 39.4922492592814
AIKOW= 25291.6069438247
AIKOC= 13938.8475416498
AIHalfLife= 1.84299667761661
EAppRate= 4.1495892344017
FoliarEnabled= true
FoliarAppDate= 06/07/1989
FoliarForageBegin= 06/05/1989
FoliarForageEnd= 06/28/1989
AIContactFactor= 0.28260146944318
CL4Pollen= 3.06259917095304
CL4Nectar= 81.1547081219032
CL5Pollen= 3.68502947269008
CL5Nectar= 10.7606401084922
CLDPollen= 1.3521574982442
CLDNectar= 42.9024261538871
CA13Pollen= 7.95183834927156
CA13Nectar= 39.0242140553892
CA410Pollen= 5.76005713350605
CA410Nectar= 163.582715718076
CA1120Pollen= 0.922591930255294
CA1120Nectar= 21.2212577089667
IPollenTrips= 10.9855322912335
INectarTrips= 13.3840028359555
IPollenLoad= 5.23748785723001
INectarLoad= 5.17828664043918
ESoilP= 1.44070038828067
ESoilFoc= 0.00644286136818118
