ICQueenStrength= 3.99034429434687
RQWkrDrnRatio= 1.79585471376777
ICDroneMiteSurvivorship= 41.0627480130643
ICWorkerMiteSurvivorship= 92.3018431756645
ICForagerLifespan= 6.80974448285997
ImmType= Logarithmic
RQQueenStrength= 1.56186075415462
RQEnableReQueen=true
AIAdultSlope= 4.55419342964888
AIAdultLD50= 0.907162163547706
AIAdultSlopeContact= 8.31980190752074
AIAdultLD50Contact= 72.0974108015804
AILarvaSlope= 1.64324437268078
AILarvaLD50= 61.8243199189592
AIKOW= 14655.4870193808
AIKOC= 8641.77482322138
AIHalfLife= 17.6929210086586
EAppRate= 9.40583508401411
FoliarEnabled=true
FoliarAppDate= 07/01/1989
FoliarForageBegin= 07/01/1989
FoliarForageEnd= 07/14/1989
AIContactFactor= 1.20228321216535
CL4Pollen= 2.90199801698327
CL4Nectar= 87.3107621911913
CL5Pollen= 5.92978946864605
CL5Nectar= 130.112960853148
CLDPollen= 0.721419161651284
CLDNectar= 122.15393105289
CA13Pollen= 6.51256937701255
CA13Nectar= 41.3583860173821
CA410Pollen= 7.55628410633653
CA410Nectar= 171.31047852803
CA1120Pollen= 0.499588400591165
CA1120Nectar= 90.1080766133964
IPollenTrips= 9.15889895521104
INectarTrips= 13.7538169929758
IPollenLoad= 6.51145576732233
INectarLoad= 0.226344796828926
