ICQueenStrength= 3.00250329566188
RQWkrDrnRatio= 4.65632384829223
ICDroneMiteSurvivorship= 16.7232835665345
ICWorkerMiteSurvivorship= 0.224613444879651
ICForagerLifespan= 8.74210767168552
ImmType= Cosine
RQQueenStrength= 4.43943730928004
RQEnableReQueen= true
AIAdultSlope= 8.95602901466191
AIAdultLD50= 71.9940703961873
AIAdultSlopeContact= 6.75278485682793
AIAdultLD50Contact= 67.6356976968469
AILarvaSlope= 8.69383445754647
AILarvaLD50= 71.7106581735727
AIKOW= 27306.6254150052
AIKOC= 90977.2595455002
AIHalfLife= 19.4438724034932
EAppRate= 7.30426942307013
FoliarEnabled= true
FoliarAppDate= 06/07/1989
FoliarForageBegin= 06/05/1989
FoliarForageEnd= 06/28/1989
AIContactFactor= 0.434071644428186
CL4Pollen= 2.02966018021107
CL4Nectar= 81.996849598363
CL5Pollen= 3.99612819124013
CL5Nectar= 125.738699070644
CLDPollen= 1.56187083385885
CLDNectar= 36.4468987332657
CA13Pollen= 2.36346776485443
CA13Nectar= 92.3531720414758
CA410Pollen= 2.83747353148647
CA410Nectar= 99.1839005751535
CA1120Pollen= 1.27924440521747
CA1120Nectar= 97.8873849846423
IPollenTrips= 9.89531248342246
INectarTrips= 5.22232957882807
IPollenLoad= 9.5147153432481
INectarLoad= 2.83551323460415
