ICQueenStrength= 1.98645000136457
RQWkrDrnRatio= 4.74011227674782
ICDroneMiteSurvivorship= 81.2282505445182
ICWorkerMiteSurvivorship= 83.7500602239743
ICForagerLifespan= 15.1383480457589
ImmType= Sine
RQQueenStrength= 5.50291363173164
RQEnableReQueen= true
AIAdultSlope= 6.3914979826659
AIAdultLD50= 11.7897355556246
AIAdultSlopeContact= 5.30900527932681
AIAdultLD50Contact= 20.9428185862587
AILarvaSlope= 2.75895440578461
AILarvaLD50= 41.7108774473392
AIKOW= 49000.9778188345
AIKOC= 69785.6871429442
AIHalfLife= 7.49492648693267
EAppRate= 4.75987711006962
FoliarEnabled= true
FoliarAppDate= 06/07/1989
FoliarForageBegin= 06/05/1989
FoliarForageEnd= 06/28/1989
AIContactFactor= 2.2118468206469
CL4Pollen= 0.620475325733423
CL4Nectar= 50.7719712331891
CL5Pollen= 0.953585704788566
CL5Nectar= 114.020808669738
CLDPollen= 3.91302925581113
CLDNectar= 51.5105580096133
CA13Pollen= 3.07279291171581
CA13Nectar= 73.2048375345767
CA410Pollen= 7.8794199637603
CA410Nectar= 146.628025695682
CA1120Pollen= 1.4145026227925
CA1120Nectar= 88.900098875165
IPollenTrips= 8.13432454364374
INectarTrips= 11.4935196423903
IPollenLoad= 1.91755194915459
INectarLoad= 6.71043998096138
ESoilP= 1.36872156988829
ESoilFoc= 0.0152488255035132
