ICQueenStrength= 2.40595833421685
RQWkrDrnRatio= 4.05031385924667
ICDroneMiteSurvivorship= 9.55099398270249
ICWorkerMiteSurvivorship= 0.820944248698652
ICForagerLifespan= 14.0164508810267
ImmType= Polynomial
RQQueenStrength= 4.82015118724667
RQEnableReQueen= true
AIAdultSlope= 1.68097910098732
AIAdultLD50= 0.948323887163773
AIAdultSlopeContact= 6.04657282074913
AIAdultLD50Contact= 54.7149280082625
AILarvaSlope= 3.55858075246215
AILarvaLD50= 14.0905532565759
AIKOW= 21422.2510924771
AIKOC= 17474.5475818955
AIHalfLife= 34.2625473738182
EAppRate= 4.09627038197406
FoliarEnabled= true
FoliarAppDate= 09/01/1989
FoliarForageBegin= 09/01/1989
FoliarForageEnd= 09/08/1989
AIContactFactor= 0.728504550200887
CL4Pollen= 0.30635956581682
CL4Nectar= 31.1090552248061
CL5Pollen= 3.25814416771755
CL5Nectar= 133.764987043105
CLDPollen= 0.942426191177219
CLDNectar= 107.905386365019
CA13Pollen= 3.7428090072237
CA13Nectar= 46.4152985997498
CA410Pollen= 8.12071334621869
CA410Nectar= 49.816873492673
CA1120Pollen= 1.69504390843213
CA1120Nectar= 56.2528977915645
IPollenTrips= 8.86991678504273
INectarTrips= 11.9929028325714
IPollenLoad= 2.16030714102089
INectarLoad= 5.80360034946352
