ICQueenStrength= 1.76870992430486
RQWkrDrnRatio= 1.97458588983864
ICDroneMiteSurvivorship= 8.0501975491643
ICWorkerMiteSurvivorship= 41.1756593268365
ICForagerLifespan= 13.3964869333431
ImmType= Logarithmic
RQQueenStrength= 2.34018990909681
RQEnableReQueen= true
AIAdultSlope= 4.75832457095385
AIAdultLD50= 3.0017636679553
AIAdultSlopeContact= 2.96414129016921
AIAdultLD50Contact= 81.0127612677983
AILarvaSlope= 3.13639244996011
AILarvaLD50= 93.630864646988
AIKOW= 67779.7745770036
AIKOC= 44121.8852928728
AIHalfLife= 20.8532752444502
EAppRate= 4.8741494808835
FoliarEnabled= true
FoliarAppDate= 06/07/1989
FoliarForageBegin= 06/05/1989
FoliarForageEnd= 06/28/1989
AIContactFactor= 0.61448934300337
CL4Pollen= 0.677692846395075
CL4Nectar= 50.9017727570608
CL5Pollen= 2.95384110510349
CL5Nectar= 33.1930217100307
CLDPollen= 3.57850620383397
CLDNectar= 17.5582566764206
CA13Pollen= 7.64594608200714
CA13Nectar= 88.670672159642
CA410Pollen= 3.94606258342974
CA410Nectar= 58.036835109815
CA1120Pollen= 1.47799748880789
CA1120Nectar= 31.8684335798025
IPollenTrips= 10.9788575628772
INectarTrips= 9.40090954070911
IPollenLoad= 7.50435769790784
INectarLoad= 6.40348916174844
