ICQueenStrength= 5.55459160148166
RQWkrDrnRatio= 3.36027363408357
ICDroneMiteSurvivorship= 16.8649437837303
ICWorkerMiteSurvivorship= 11.1023839563131
ICForagerLifespan= 4.82616409659386
ImmType= Sine
RQQueenStrength= 2.99875072808936
RQEnableReQueen= true
AIAdultSlope= 8.50760432519019
AIAdultLD50= 62.719263139057
AIAdultSlopeContact= 7.48228017496876
AIAdultLD50Contact= 42.5967151478319
AILarvaSlope= 2.60170231573284
AILarvaLD50= 1.11562143876008
AIKOW= 50522.1155357062
AIKOC= 60179.8871015033
AIHalfLife= 31.0246863840846
EAppRate= 5.51211518575973
FoliarEnabled= true
FoliarAppDate= 06/07/1989
FoliarForageBegin= 06/05/1989
FoliarForageEnd= 06/28/1989
AIContactFactor= 1.52272883713245
CL4Pollen= 1.34164551459253
CL4Nectar= 4.46735008154064
CL5Pollen= 3.25770421139896
CL5Nectar= 67.3772050067782
CLDPollen= 2.82976786326617
CLDNectar= 78.5914732608944
CA13Pollen= 3.8093199942261
CA13Nectar= 85.5064536817372
CA410Pollen= 8.35156654440798
CA410Nectar= 187.734489347786
CA1120Pollen= 0.731512155616656
CA1120Nectar= 78.4787709452212
IPollenTrips= 5.5814201082103
INectarTrips= 8.35334113799036
IPollenLoad= 0.952270412817597
INectarLoad= 6.64810894522816
