ICQueenStrength= 4.84287305758335
RQWkrDrnRatio= 2.23619229812175
ICDroneMiteSurvivorship= 21.5272042900324
ICWorkerMiteSurvivorship= 1.6257556155324
ICForagerLifespan= 12.4293930092826
ImmType= Cosine
RQQueenStrength= 3.505040835822
RQEnableReQueen= true
AIAdultSlope= 2.54304243996739
AIAdultLD50= 23.9803755308175
AIAdultSlopeContact= 2.89068599976599
AIAdultLD50Contact= 30.3256323144843
AILarvaSlope= 8.33670366555452
AILarvaLD50= 90.1456873034453
AIKOW= 3212.91793830212
AIKOC= 93335.7156886938
AIHalfLife= 17.9659836618928
EAppRate= 7.13187781216041
FoliarEnabled= true
FoliarAppDate= 06/07/1989
FoliarForageBegin= 06/05/1989
FoliarForageEnd= 06/28/1989
AIContactFactor= 0.954053522776812
CL4Pollen= 1.40329668950289
CL4Nectar= 4.61421136278659
CL5Pollen= 5.01832625409588
CL5Nectar= 15.2674538665451
CLDPollen= 4.20967159699649
CLDNectar= 7.51374308019876
CA13Pollen= 7.46295317942277
CA13Nectar= 74.2539139091969
CA410Pollen= 4.97416584896855
CA410Nectar= 185.769255589694
CA1120Pollen= 2.80800382280722
CA1120Nectar= 58.175205513835
IPollenTrips= 11.1797696677968
INectarTrips= 13.7015149067156
IPollenLoad= 2.19396038679406
INectarLoad= 0.453735187184066
