ICQueenStrength= 1.15649138716981
RQWkrDrnRatio= 2.14845530781895
ICDroneMiteSurvivorship= 36.8874876061454
ICWorkerMiteSurvivorship= 48.0519244680181
ICForagerLifespan= 14.6676103081554
ImmType= Polynomial
RQQueenStrength= 3.33621066203341
RQEnableReQueen= true
AIAdultSlope= 2.53697160445154
AIAdultLD50= 36.1073942375286
AIAdultSlopeContact= 5.91265457542613
AIAdultLD50Contact= 69.9799338972464
AILarvaSlope= 4.3822595756501
AILarvaLD50= 29.5242176023487
AIKOW= 45476.8170876268
AIKOC= 55194.5206243382
AIHalfLife= 19.5454884641571
EAppRate= 1.91241475260071
FoliarEnabled= true
FoliarAppDate= 06/07/1989
FoliarForageBegin= 06/05/1989
FoliarForageEnd= 06/28/1989
AIContactFactor= 2.16531518126838
CL4Pollen= 0.410428554750979
CL4Nectar= 32.5944392709062
CL5Pollen= 1.18017941527069
CL5Nectar= 32.3856079950929
CLDPollen= 2.0224157050252
CLDNectar= 9.51379226753488
CA13Pollen= 7.94567543901503
CA13Nectar= 89.564743898809
CA410Pollen= 5.79218110714573
CA410Nectar= 91.0210474207997
CA1120Pollen= 0.781390709336847
CA1120Nectar= 77.1076084114611
IPollenTrips= 13.6799507262185
INectarTrips= 10.2579044247977
IPollenLoad= 1.83225388638675
INectarLoad= 3.15142266685143
