ICQueenStrength= 5.25143399392255
RQWkrDrnRatio= 4.03250452131033
ICDroneMiteSurvivorship= 56.3577327644452
ICWorkerMiteSurvivorship= 13.0586140789092
ICForagerLifespan= 14.9089774582535
ImmType= Exponential
RQQueenStrength= 2.40325079672039
RQEnableReQueen= true
AIAdultSlope= 7.09832884930074
AIAdultLD50= 90.7438203817846
AIAdultSlopeContact= 9.70365087734535
AIAdultLD50Contact= 65.5201193910104
AILarvaSlope= 6.94641126506031
AILarvaLD50= 9.06860863617062
AIKOW= 24326.4948254279
AIKOC= 58252.8047371455
AIHalfLife= 25.127859719866
EAppRate= 1.16620565187861
FoliarEnabled= true
FoliarAppDate= 06/07/1989
FoliarForageBegin= 06/05/1989
FoliarForageEnd= 06/28/1989
AIContactFactor= 0.866054589841515
CL4Pollen= 1.74400829337537
CL4Nectar= 75.6133746821433
CL5Pollen= 2.99454411305487
CL5Nectar= 117.679962830152
CLDPollen= 4.56134845549241
CLDNectar= 98.6106538097374
CA13Pollen= 7.33365356391296
CA13Nectar= 46.5881171450019
CA410Pollen= 5.18172706488986
CA410Nectar= 26.7709537688643
CA1120Pollen= 2.57173932879232
CA1120Nectar= 76.8140917830169
IPollenTrips= 7.36310032196343
INectarTrips= 5.8057130780071
IPollenLoad= 2.06138173351064
INectarLoad= 7.77045133523643
