ICQueenStrength= 3.48434961540624
RQWkrDrnRatio= 4.20711903925985
ICDroneMiteSurvivorship= 95.2392515027896
ICWorkerMiteSurvivorship= 78.1928239623085
ICForagerLifespan= 4.58362545538694
ImmType= Tangent
RQQueenStrength= 1.23226421908475
RQEnableReQueen= true
AIAdultSlope= 8.623988147825
AIAdultLD50= 74.9857291498911
AIAdultSlopeContact= 2.4341412417125
AIAdultLD50Contact= 66.3508910296201
AILarvaSlope= 7.48393695428967
AILarvaLD50= 50.0458238034011
AIKOW= 8762.93300791313
AIKOC= 285.351615018444
AIHalfLife= 2.47643108100165
EAppRate= 9.35571507921931
FoliarEnabled= true
FoliarAppDate= 06/07/1989
FoliarForageBegin= 06/05/1989
FoliarForageEnd= 06/28/1989
AIContactFactor= 1.88584780057892
CL4Pollen= 2.46802733652294
CL4Nectar= 8.81911022588611
CL5Pollen= 4.98533092159778
CL5Nectar= 127.058270259295
CLDPollen= 0.0734227448701859
CLDNectar= 28.7118611857295
CA13Pollen= 7.22747531235218
CA13Nectar= 66.8759167566895
CA410Pollen= 8.87772733091842
CA410Nectar= 29.109198898077
CA1120Pollen= 1.37128476938233
CA1120Nectar= 61.0038570687175
IPollenTrips= 6.41038389410824
INectarTrips= 6.38427243335173
IPollenLoad= 9.94058752898127
INectarLoad= 1.62513371789828
ESoilP= 1.88015966094099
ESoilFoc= 0.00232139917765744
