ICQueenStrength= 2.03810482891276
RQWkrDrnRatio= 2.12130663357675
ICDroneMiteSurvivorship= 71.6121574863791
ICWorkerMiteSurvivorship= 41.6876754490659
ICForagerLifespan= 4.92537876218557
ImmType= Exponential
RQQueenStrength= 4.55800147983246
RQEnableReQueen= true
AIAdultSlope= 7.05234661884606
AIAdultLD50= 90.2144806899729
AIAdultSlopeContact= 5.20117344660684
AIAdultLD50Contact= 13.3543697043087
AILarvaSlope= 5.71340220607817
AILarvaLD50= 68.2856683465173
AIKOW= 86950.542429625
AIKOC= 86961.2844228209
AIHalfLife= 26.3002055244753
EAppRate= 6.32883093850617
FoliarEnabled= true
FoliarAppDate= 06/07/1989
FoliarForageBegin= 06/05/1989
FoliarForageEnd= 06/28/1989
AIContactFactor= 1.35084950063378
CL4Pollen= 0.460077562369406
CL4Nectar= 81.697027431801
CL5Pollen= 4.66981104528531
CL5Nectar= 94.2949641379528
CLDPollen= 3.85078978724778
CLDNectar= 58.6693698889576
CA13Pollen= 7.58321174727753
CA13Nectar= 68.268269430846
CA410Pollen= 4.82819236868527
CA410Nectar= 143.756403061561
CA1120Pollen= 0.340091343736276
CA1120Nectar= 65.5343436449766
IPollenTrips= 11.9649222819135
INectarTrips= 13.8456587470137
IPollenLoad= 1.27890181029215
INectarLoad= 7.46392011875287
