ICQueenStrength= 1.96760415355675
RQWkrDrnRatio= 1.66606873087585
ICDroneMiteSurvivorship= 42.5419046077877
ICWorkerMiteSurvivorship= 15.6455659074709
ICForagerLifespan= 7.15677433181554
ImmType= Polynomial
RQQueenStrength= 4.75179214868695
RQEnableReQueen= true
AIAdultSlope= 1.69262156821787
AIAdultLD50= 88.5470709773886
AIAdultSlopeContact= 2.85069384006783
AIAdultLD50Contact= 26.2969917505411
AILarvaSlope= 2.07064552046359
AILarvaLD50= 14.3400311247539
AIKOW= 77663.3898945297
AIKOC= 9742.94164914265
AIHalfLife= 5.74236287858803
EAppRate= 7.53072499800543
FoliarEnabled= true
FoliarAppDate= 06/07/1989
FoliarForageBegin= 06/05/1989
FoliarForageEnd= 06/28/1989
AIContactFactor= 1.44600319663528
CL4Pollen= 2.19979195296764
CL4Nectar= 63.7955997837707
CL5Pollen= 3.84037599759176
CL5Nectar= 51.7537909909151
CLDPollen= 2.82162235910073
CLDNectar= 13.2206600275822
CA13Pollen= 3.3445480636321
CA13Nectar= 79.802450761199
CA410Pollen= 5.59566712058149
CA410Nectar= 141.562099391595
CA1120Pollen= 2.69371181004681
CA1120Nectar= 87.0278312452137
IPollenTrips= 9.24859695369378
INectarTrips= 5.9705604147166
IPollenLoad= 1.7373080458492
INectarLoad= 9.69563304912299
