ICQueenStrength= 5.31256390409544
RQWkrDrnRatio= 1.83279316499829
ICDroneMiteSurvivorship= 42.2920281998813
ICWorkerMiteSurvivorship= 52.7263564290479
ICForagerLifespan= 10.1489626411349
ImmType= Sine
RQQueenStrength= 1.77721704030409
RQEnableReQueen= true
AIAdultSlope= 2.23916166089475
AIAdultLD50= 67.7898539996406
AIAdultSlopeContact= 1.48215338541195
AIAdultLD50Contact= 4.89184719158988
AILarvaSlope= 3.66802407056093
AILarvaLD50= 56.2174097557405
AIKOW= 20576.8418991915
AIKOC= 47027.665136198
AIHalfLife= 13.8126122542191
EAppRate= 7.06045062586386
FoliarEnabled= true
FoliarAppDate= 06/07/1989
FoliarForageBegin= 06/05/1989
FoliarForageEnd= 06/28/1989
AIContactFactor= 0.793311684592627
CL4Pollen= 1.13134189229459
CL4Nectar= 36.5954489447176
CL5Pollen= 0.888021854683757
CL5Nectar= 45.4402004485019
CLDPollen= 4.41798037150875
CLDNectar= 34.8199442611076
CA13Pollen= 6.3189795373939
CA13Nectar= 43.5507984086871
CA410Pollen= 6.90282830905635
CA410Nectar= 26.0107760457322
CA1120Pollen= 1.52127542858943
CA1120Nectar= 47.0257261767983
IPollenTrips= 14.6493687923066
INectarTrips= 13.2375149917789
IPollenLoad= 4.36829209560528
INectarLoad= 4.48798493715003
ESoilP= 1.51933219097555
ESoilFoc= 0.0112166612900328
