ICQueenStrength= 1.83210613345727
RQWkrDrnRatio= 1.05743433535099
ICDroneMiteSurvivorship= 81.2114184722304
ICWorkerMiteSurvivorship= 10.7746733352542
ICForagerLifespan= 6.07898167427629
ImmType= Cosine
RQQueenStrength= 4.9200723648537
RQEnableReQueen= true
AIAdultSlope= 4.73331105709076
AIAdultLD50= 2.99539024893381
AIAdultSlopeContact= 2.24231753614731
AIAdultLD50Contact= 7.06136357597006
AILarvaSlope= 2.80964961275458
AILarvaLD50= 73.0572737271092
AIKOW= 19854.4733743754
AIKOC= 41082.1009496695
AIHalfLife= 19.8436840623152
EAppRate= 4.14178983395477
FoliarEnabled= true
FoliarAppDate= 06/07/1989
FoliarForageBegin= 06/05/1989
FoliarForageEnd= 06/28/1989
AIContactFactor= 1.8686537183309
CL4Pollen= 3.6257605124265
CL4Nectar= 44.5081194629893
CL5Pollen= 0.104465971235186
CL5Nectar= 36.416980123613
CLDPollen= 2.24379097810015
CLDNectar= 80.6277886033058
CA13Pollen= 3.67346425801516
CA13Nectar= 23.3150251768529
CA410Pollen= 6.9275112179108
CA410Nectar= 182.205227236263
CA1120Pollen= 0.889910946367308
CA1120Nectar= 20.0346963107586
IPollenTrips= 10.184228036087
INectarTrips= 7.72070409031585
IPollenLoad= 9.49427053099498
INectarLoad= 3.1723172776401
ESoilP= 1.84185992833227
ESoilFoc= 0.00658262012852356
