ICQueenStrength= 2.60591740277596
RQWkrDrnRatio= 1.24139427766204
ICDroneMiteSurvivorship= 72.1533579519019
ICWorkerMiteSurvivorship= 9.3368801753968
ICForagerLifespan= 10.7093635946512
ImmType= Logarithmic
RQQueenStrength= 1.18384098890238
RQEnableReQueen= true
AIAdultSlope= 4.34588003344834
AIAdultLD50= 0.252740234816913
AIAdultSlopeContact= 9.29449281911366
AIAdultLD50Contact= 68.4647412138516
AILarvaSlope= 6.30624667927623
AILarvaLD50= 4.84874543178198
AIKOW= 89578.792749875
AIKOC= 67140.6077719906
AIHalfLife= 33.0372350651072
EAppRate= 2.58297371145454
FoliarEnabled= true
FoliarAppDate= 09/01/1989
FoliarForageBegin= 09/01/1989
FoliarForageEnd= 09/08/1989
AIContactFactor= 2.02316112601664
CL4Pollen= 3.99780769832432
CL4Nectar= 17.9424873786047
CL5Pollen= 5.12802511733025
CL5Nectar= 144.089634425472
CLDPollen= 5.88398214709014
CLDNectar= 126.845847687218
CA13Pollen= 6.85367291448638
CA13Nectar= 77.340352833271
CA410Pollen= 2.81221929257736
CA410Nectar= 168.300324324518
CA1120Pollen= 2.11571976612322
CA1120Nectar= 82.0003602281213
IPollenTrips= 10.2600916218944
INectarTrips= 14.1350614628755
IPollenLoad= 8.92670493107289
INectarLoad= 9.16828052140772
