ICQueenStrength= 4.48704940406606
RQWkrDrnRatio= 2.56954859755933
ICDroneMiteSurvivorship= 76.1084528872743
ICWorkerMiteSurvivorship= 8.66680305916816
ICForagerLifespan= 11.8245822070166
ImmType= Sine
RQQueenStrength= 3.10152945946902
RQEnableReQueen= true
AIAdultSlope= 6.41462546959519
AIAdultLD50= 0.586020823296159
AIAdultSlopeContact= 1.31459236843511
AIAdultLD50Contact= 41.4000669198879
AILarvaSlope= 7.13805709965527
AILarvaLD50= 28.5723724225357
AIKOW= 86059.5871432131
AIKOC= 25815.0329002966
AIHalfLife= 6.29489263165742
EAppRate= 9.39751899091108
FoliarEnabled= true
FoliarAppDate= 09/01/1989
FoliarForageBegin= 09/01/1989
FoliarForageEnd= 09/08/1989
AIContactFactor= 1.88811293483246
CL4Pollen= 0.640441193245351
CL4Nectar= 95.9631701465696
CL5Pollen= 4.76364516746253
CL5Nectar= 23.964778741356
CLDPollen= 4.51033269474283
CLDNectar= 105.916286772117
CA13Pollen= 7.86809642268345
CA13Nectar= 93.558003641665
CA410Pollen= 8.28548310480546
CA410Nectar= 28.6840020492673
CA1120Pollen= 1.07836841745302
CA1120Nectar= 91.9411064684391
IPollenTrips= 10.6687678908929
INectarTrips= 9.7090816218406
IPollenLoad= 8.36728180991486
INectarLoad= 0.52055747481063
