ICQueenStrength= 3.5286829948891
RQWkrDrnRatio= 2.87976804748178
ICDroneMiteSurvivorship= 11.4442873280495
ICWorkerMiteSurvivorship= 5.21895138081163
ICForagerLifespan= 10.1807853188366
ImmType= Logarithmic
RQQueenStrength= 3.24565163021907
RQEnableReQueen= true
AIAdultSlope= 5.02731090039015
AIAdultLD50= 77.4677878852978
AIAdultSlopeContact= 1.58474235865287
AIAdultLD50Contact= 43.2737317865323
AILarvaSlope= 4.49753404594958
AILarvaLD50= 24.4161605680473
AIKOW= 13305.4710074841
AIKOC= 69489.3929487325
AIHalfLife= 12.7763570821611
EAppRate= 4.23123633091361
FoliarEnabled= true
FoliarAppDate= 06/07/1989
FoliarForageBegin= 06/05/1989
FoliarForageEnd= 06/28/1989
AIContactFactor= 1.32850369113963
CL4Pollen= 3.98716699611396
CL4Nectar= 91.4556635776535
CL5Pollen= 0.500069802626967
CL5Nectar= 142.177401040681
CLDPollen= 1.42448947671801
CLDNectar= 75.8627003990114
CA13Pollen= 6.01792294094339
CA13Nectar= 90.0734553672373
CA410Pollen= 7.23138060206547
CA410Nectar= 99.9144167546183
CA1120Pollen= 1.49429092928767
CA1120Nectar= 71.1391597241163
IPollenTrips= 8.74496097210795
INectarTrips= 13.7748244567774
IPollenLoad= 0.415293874684721
INectarLoad= 8.56649826513603
ESoilP= 1.29073055367917
ESoilFoc= 0.0149539838817436
