ICQueenStrength= 5.33292237459682
RQWkrDrnRatio= 4.66283342987299
ICDroneMiteSurvivorship= 21.138217812404
ICWorkerMiteSurvivorship= 56.591856572777
ICForagerLifespan= 11.2352867294103
ImmType= Exponential
RQQueenStrength= 5.96551428572275
RQEnableReQueen= true
AIAdultSlope= 5.62639630399644
AIAdultLD50= 77.6556356560294
AIAdultSlopeContact= 2.38256527925842
AIAdultLD50Contact= 21.6900062799114
AILarvaSlope= 4.49165017157793
AILarvaLD50= 68.2501524359002
AIKOW= 95361.0956651146
AIKOC= 91072.6220653851
AIHalfLife= 22.0566029778682
EAppRate= 3.74452350321109
FoliarEnabled= true
FoliarAppDate= 06/07/1989
FoliarForageBegin= 06/05/1989
FoliarForageEnd= 06/28/1989
AIContactFactor= 2.04627417793963
CL4Pollen= 2.09060469921678
CL4Nectar= 31.4500540262088
CL5Pollen= 2.70732735050842
CL5Nectar= 5.22375876316801
CLDPollen= 2.88501981971785
CLDNectar= 94.2889887141064
CA13Pollen= 5.64963905680925
CA13Nectar= 49.8406876437366
CA410Pollen= 4.51723561636172
CA410Nectar= 195.639453260228
CA1120Pollen= 0.245211396133527
CA1120Nectar= 91.8819311819971
IPollenTrips= 7.62160436948761
INectarTrips= 14.1862118034624
IPollenLoad= 5.38088347064331
INectarLoad= 3.67315288400277
