ICQueenStrength= 4.92562888446264
RQWkrDrnRatio= 2.39900780469179
ICDroneMiteSurvivorship= 15.6510608037934
ICWorkerMiteSurvivorship= 59.867935650982
ICForagerLifespan= 9.7998277079314
ImmType= Polynomial
RQQueenStrength= 1.13367215753533
RQEnableReQueen= true
AIAdultSlope= 2.25867841951549
AIAdultLD50= 25.179083521019
AIAdultSlopeContact= 2.72511537256651
AIAdultLD50Contact= 45.4966234801351
AILarvaSlope= 4.19073983468115
AILarvaLD50= 18.7623012968067
AIKOW= 6357.15690890767
AIKOC= 52424.4528204729
AIHalfLife= 1.92520722355694
EAppRate= 4.65396302170865
FoliarEnabled= true
FoliarAppDate= 06/07/1989
FoliarForageBegin= 06/05/1989
FoliarForageEnd= 06/28/1989
AIContactFactor= 1.05372739009559
CL4Pollen= 0.227591359056532
CL4Nectar= 18.4421367244795
CL5Pollen= 1.36785098584369
CL5Nectar= 64.3803682294674
CLDPollen= 5.77658927813172
CLDNectar= 130.878779129125
CA13Pollen= 8.14147641770542
CA13Nectar= 64.2982927151024
CA410Pollen= 6.29361323325429
CA410Nectar= 158.457071497105
CA1120Pollen= 2.69395651831292
CA1120Nectar= 21.6836746223271
IPollenTrips= 12.0554405706935
INectarTrips= 9.51244313735515
IPollenLoad= 2.9059549048543
INectarLoad= 5.40228101890534
ESoilP= 1.32731584785506
ESoilFoc= 0.0105740784276277
