ICQueenStrength= 1.58464971370995
RQWkrDrnRatio= 3.89993060939014
ICDroneMiteSurvivorship= 50.2499386668205
ICWorkerMiteSurvivorship= 33.5322310682386
ICForagerLifespan= 7.16439305432141
ImmType= Cosine
RQQueenStrength= 4.90787719096988
RQEnableReQueen=true
AIAdultSlope= 3.49469606205821
AIAdultLD50= 0.237218198667513
AIAdultSlopeContact= 1.79014446865767
AIAdultLD50Contact= 76.1212638798549
AILarvaSlope= 5.40543832071126
AILarvaLD50= 24.3319480099217
AIKOW= 56017.9807222763
AIKOC= 15493.7975923652
AIHalfLife= 24.1194908433594
EAppRate= 3.02498229939863
FoliarEnabled=true
FoliarAppDate= 07/01/1989
FoliarForageBegin= 07/01/1989
FoliarForageEnd= 07/14/1989
AIContactFactor= 0.363319435152225
CL4Pollen= 2.24181431997567
CL4Nectar= 35.6057896045968
CL5Pollen= 4.65317401941866
CL5Nectar= 122.418487840332
CLDPollen= 4.63367308303714
CLDNectar= 45.9485788014717
CA13Pollen= 4.55231416346505
CA13Nectar= 64.4144840724766
CA410Pollen= 8.69788117290009
CA410Nectar= 160.151877398603
CA1120Pollen= 2.24451936618425
CA1120Nectar= 71.6637367010117
IPollenTrips= 13.9226664416492
INectarTrips= 11.5236297016963
IPollenLoad= 0.104032421950251
INectarLoad= 1.28169597359374
