ICQueenStrength= 1.84351601894014
RQWkrDrnRatio= 4.15549926925451
ICDroneMiteSurvivorship= 22.2484509693459
ICWorkerMiteSurvivorship= 30.2627729717642
ICForagerLifespan= 12.5524795195088
ImmType= Tangent
RQQueenStrength= 3.77925823582336
RQEnableReQueen= true
AIAdultSlope= 7.5505148768425
AIAdultLD50= 64.2890757852825
AIAdultSlopeContact= 5.50489630550146
AIAdultLD50Contact= 99.4963693039003
AILarvaSlope= 1.35148554854095
AILarvaLD50= 60.6888842574435
AIKOW= 56096.9389873145
AIKOC= 4125.48538768338
AIHalfLife= 28.9822717214236
EAppRate= 3.48737494109827
FoliarEnabled= true
FoliarAppDate= 06/07/1989
FoliarForageBegin= 06/05/1989
FoliarForageEnd= 06/28/1989
AIContactFactor= 1.76829041947611
CL4Pollen= 0.801377863623202
CL4Nectar= 26.9462435506284
CL5Pollen= 2.7614775323309
CL5Nectar= 127.727686031722
CLDPollen= 3.80514637101442
CLDNectar= 34.5605324604549
CA13Pollen= 5.94590490525588
CA13Nectar= 45.2316211163998
CA410Pollen= 5.25472817823757
CA410Nectar= 154.513288154267
CA1120Pollen= 1.29095551581122
CA1120Nectar= 75.4172475636005
IPollenTrips= 10.269608325325
INectarTrips= 8.74502304010093
IPollenLoad= 0.199031471274793
INectarLoad= 6.06249801814556
ESoilP= 1.25645571388304
ESoilFoc= 0.00596044838498347
