ICQueenStrength= 5.34156412840821
RQWkrDrnRatio= 1.10964696854353
ICDroneMiteSurvivorship= 24.2361638695002
ICWorkerMiteSurvivorship= 1.05792584363371
ICForagerLifespan= 7.40535887889564
ImmType= Logarithmic
RQQueenStrength= 2.50216168258339
RQEnableReQueen= true
AIAdultSlope= 7.25262503325939
AIAdultLD50= 96.938150680331
AIAdultSlopeContact= 7.0975695697125
AIAdultLD50Contact= 38.3783585289062
AILarvaSlope= 1.87108930945396
AILarvaLD50= 56.9383832628026
AIKOW= 72725.5310198051
AIKOC= 27865.1778581557
AIHalfLife= 0.754128725198097
EAppRate= 3.97212965402775
FoliarEnabled= true
FoliarAppDate= 06/07/1989
FoliarForageBegin= 06/05/1989
FoliarForageEnd= 06/28/1989
AIContactFactor= 2.33889374551363
CL4Pollen= 0.802563414908946
CL4Nectar= 17.7832694258541
CL5Pollen= 0.129632832482457
CL5Nectar= 103.07189404266
CLDPollen= 5.62738844845444
CLDNectar= 135.500262107234
CA13Pollen= 2.2242255218327
CA13Nectar= 23.3597896806896
CA410Pollen= 2.95320216761902
CA410Nectar= 135.915676169097
CA1120Pollen= 1.97423805529252
CA1120Nectar= 51.0544526576996
IPollenTrips= 12.951681651175
INectarTrips= 12.0748747140169
IPollenLoad= 6.56027392949909
INectarLoad= 2.4989868956618
ESoilP= 1.73493307875469
ESoilFoc= 0.0198188609417994
