ICQueenStrength= 1.51458376226947
RQWkrDrnRatio= 2.41668184753507
ICDroneMiteSurvivorship= 13.4458795655519
ICWorkerMiteSurvivorship= 12.602785602212
ICForagerLifespan= 4.0695632500574
ImmType= Sine
RQQueenStrength= 3.22853649873286
RQEnableReQueen= true
AIAdultSlope= 8.27431758120656
AIAdultLD50= 51.4436539495452
AIAdultSlopeContact= 5.17864725366235
AIAdultLD50Contact= 74.9872355258085
AILarvaSlope= 8.95136673562229
AILarvaLD50= 7.67124489170779
AIKOW= 63964.6629283812
AIKOC= 64472.7484553806
AIHalfLife= 3.25175927137025
EAppRate= 6.47768153705588
FoliarEnabled= true
FoliarAppDate= 06/07/1989
FoliarForageBegin= 06/05/1989
FoliarForageEnd= 06/28/1989
AIContactFactor= 1.79074653971009
CL4Pollen= 2.60215696878731
CL4Nectar= 39.5314503461123
CL5Pollen= 3.63271317724138
CL5Nectar= 102.459513035137
CLDPollen= 0.446656482294202
CLDNectar= 0.0748542370274663
CA13Pollen= 2.38441787082702
CA13Nectar= 93.3438648469746
CA410Pollen= 7.28491111933254
CA410Nectar= 76.7314199730754
CA1120Pollen= 2.25834694923833
CA1120Nectar= 84.5173109322786
IPollenTrips= 7.38425428513438
INectarTrips= 12.0011712634005
IPollenLoad= 6.09758691629395
INectarLoad= 1.78469205740839
