ICQueenStrength= 5.90963039686903
RQWkrDrnRatio= 1.83148357085884
ICDroneMiteSurvivorship= 51.5524477697909
ICWorkerMiteSurvivorship= 74.7465609339997
ICForagerLifespan= 4.07292360253632
ImmType= Tangent
RQQueenStrength= 5.32584198773839
RQEnableReQueen= true
AIAdultSlope= 1.99786060862243
AIAdultLD50= 34.3093268622509
AIAdultSlopeContact= 6.74848924460821
AIAdultLD50Contact= 86.3438442426941
AILarvaSlope= 7.29663445241749
AILarvaLD50= 0.151424111464294
AIKOW= 18351.2506466066
AIKOC= 79470.0000820681
AIHalfLife= 28.010582747939
EAppRate= 6.40214102882985
FoliarEnabled= true
FoliarAppDate= 06/07/1989
FoliarForageBegin= 06/05/1989
FoliarForageEnd= 06/28/1989
AIContactFactor= 0.373899848111905
CL4Pollen= 2.31937663070858
CL4Nectar= 82.4865816393867
CL5Pollen= 3.10622566798702
CL5Nectar= 43.1683630566113
CLDPollen= 2.97435762220994
CLDNectar= 64.6272410172969
CA13Pollen= 2.47587063843384
CA13Nectar= 22.3807976953685
CA410Pollen= 3.52212510586251
CA410Nectar= 164.639977845363
CA1120Pollen= 0.84645111579448
CA1120Nectar= 59.8428811877966
IPollenTrips= 12.5673825643025
INectarTrips= 9.3340796767734
IPollenLoad= 2.26289198733866
INectarLoad= 2.77340465690941
