ICQueenStrength= 4.8208191562444
RQWkrDrnRatio= 3.3625321900472
ICDroneMiteSurvivorship= 23.6475558951497
ICWorkerMiteSurvivorship= 9.93226657155901
ICForagerLifespan= 4.15564819797873
ImmType= Tangent
RQQueenStrength= 1.05000014323741
RQEnableReQueen= true
AIAdultSlope= 1.56245068088174
AIAdultLD50= 18.3793735956463
AIAdultSlopeContact= 8.81829484086484
AIAdultLD50Contact= 62.3195875616686
AILarvaSlope= 7.80361162126064
AILarvaLD50= 83.229573301865
AIKOW= 26513.4873246355
AIKOC= 86411.5978412481
AIHalfLife= 34.6830356483581
EAppRate= 9.69810601683473
FoliarEnabled= true
FoliarAppDate= 06/07/1989
FoliarForageBegin= 06/05/1989
FoliarForageEnd= 06/28/1989
AIContactFactor= 0.390267795878462
CL4Pollen= 1.14114128611982
CL4Nectar= 94.1272675758228
CL5Pollen= 4.29941998003051
CL5Nectar= 57.8435388626531
CLDPollen= 3.92931957682595
CLDNectar= 116.18393358076
CA13Pollen= 5.98780221985653
CA13Nectar= 67.1767091564834
CA410Pollen= 6.87179773587268
CA410Nectar= 150.527459131554
CA1120Pollen= 1.67632407252677
CA1120Nectar= 87.5154916755855
IPollenTrips= 6.15009116241708
INectarTrips= 10.2711161132902
IPollenLoad= 7.55226117558777
INectarLoad= 7.30409824056551
