ICQueenStrength= 1.16765098902397
RQWkrDrnRatio= 3.49147941544652
ICDroneMiteSurvivorship= 63.2912905886769
ICWorkerMiteSurvivorship= 27.6452301768586
ICForagerLifespan= 5.76763811614364
ImmType= Logarithmic
AIAdultSlope= 1.90359361000126
AIAdultLD50= 0.0753357421141118
AIAdultSlopeContact= 0.121670071869157
AIAdultLD50Contact= 0.00813684744061902
AILarvaSlope= 2.37465643524192
AILarvaLD50= 0.455100335692987
AIKOW= 2.42228186689317
AIKOC= 16.8242954602465
AIHalfLife= 2.46458420867566
EAppRate= 5.30857113422826
FoliarEnabled= true
