ICQueenStrength= 3.58913107449189
RQWkrDrnRatio= 4.12168281991035
ICDroneMiteSurvivorship= 9.7703471314162
ICWorkerMiteSurvivorship= 86.5421719383448
ICForagerLifespan= 4.62745721265674
ImmType= Cosine
RQQueenStrength= 4.78091214457527
RQEnableReQueen= true
AIAdultSlope= 5.34638636000454
AIAdultLD50= 44.5945407892927
AIAdultSlopeContact= 9.35466281184927
AIAdultLD50Contact= 11.2787180785437
AILarvaSlope= 4.38707034662366
AILarvaLD50= 60.1363175430442
AIKOW= 64327.889685765
AIKOC= 81040.3020868469
AIHalfLife= 34.5072962418431
EAppRate= 6.54117715118267
FoliarEnabled= true
FoliarAppDate= 06/07/1989
FoliarForageBegin= 06/05/1989
FoliarForageEnd= 06/28/1989
AIContactFactor= 0.969882435565814
CL4Pollen= 2.24383145943284
CL4Nectar= 36.5157378837466
CL5Pollen= 0.103331155143678
CL5Nectar= 80.7232989929616
CLDPollen= 1.69177705328912
CLDNectar= 46.059498237446
CA13Pollen= 8.19890921683982
CA13Nectar= 41.9341740198433
CA410Pollen= 5.42528637950309
CA410Nectar= 40.2976743038744
CA1120Pollen= 2.41629722923972
CA1120Nectar= 74.210477117449
IPollenTrips= 7.63320899801329
INectarTrips= 13.1152688106522
IPollenLoad= 3.68412860436365
INectarLoad= 7.94455977156758
ESoilP= 1.18607442313805
ESoilFoc= 0.00175577034289017
