ICQueenStrength= 4.84650190244429
RQWkrDrnRatio= 1.83757273294032
ICDroneMiteSurvivorship= 88.5544559918344
ICWorkerMiteSurvivorship= 96.4282095897943
ICForagerLifespan= 7.70320141781121
ImmType= Polynomial
RQQueenStrength= 4.60917998361401
RQEnableReQueen= true
AIAdultSlope= 3.76828687824309
AIAdultLD50= 0.390158943660092
AIAdultSlopeContact= 6.92856583022512
AIAdultLD50Contact= 8.67201978017297
AILarvaSlope= 8.18186914175749
AILarvaLD50= 20.9015405240792
AIKOW= 76165.6838787631
AIKOC= 47410.9005432599
AIHalfLife= 30.6111751805292
EAppRate= 9.88979807731207
FoliarEnabled= true
FoliarAppDate= 09/01/1989
FoliarForageBegin= 09/01/1989
FoliarForageEnd= 09/08/1989
AIContactFactor= 2.32201091979165
CL4Pollen= 3.42966064251959
CL4Nectar= 44.2504811799154
CL5Pollen= 0.0669573009945452
CL5Nectar= 18.9183388953097
CLDPollen= 0.453755234833807
CLDNectar= 44.0787258208729
CA13Pollen= 7.49938721423969
CA13Nectar= 91.410016566515
CA410Pollen= 7.07441623967607
CA410Nectar= 134.705161713064
CA1120Pollen= 2.54286812455393
CA1120Nectar= 60.8105537295341
IPollenTrips= 11.7718353355303
INectarTrips= 13.3578095748089
IPollenLoad= 8.74608444981277
INectarLoad= 4.92671059677377
