ICQueenStrength= 1.40488623897545
RQWkrDrnRatio= 4.71969987731427
ICDroneMiteSurvivorship= 81.0686468379572
ICWorkerMiteSurvivorship= 73.3357471879572
ICForagerLifespan= 6.78807657025754
ImmType= Cosine
RQQueenStrength= 4.78977311658673
RQEnableReQueen= true
AIAdultSlope= 2.77966095879674
AIAdultLD50= 49.1355968479363
AIAdultSlopeContact= 5.27487446926534
AIAdultLD50Contact= 84.3825183046141
AILarvaSlope= 8.00228617340326
AILarvaLD50= 81.028713266996
AIKOW= 2149.7837794833
AIKOC= 13980.3559408817
AIHalfLife= 24.8825547146844
EAppRate= 0.708737030196004
FoliarEnabled= true
FoliarAppDate= 06/07/1989
FoliarForageBegin= 06/05/1989
FoliarForageEnd= 06/28/1989
AIContactFactor= 2.07224710977171
CL4Pollen= 2.31818693876266
CL4Nectar= 62.4755324795842
CL5Pollen= 5.9559696726501
CL5Nectar= 81.2654187320732
CLDPollen= 5.59059657063335
CLDNectar= 74.6794474194758
CA13Pollen= 5.76865369994193
CA13Nectar= 52.6116231828928
CA410Pollen= 8.36262171119452
CA410Nectar= 169.373358050361
CA1120Pollen= 0.938852906925604
CA1120Nectar= 73.3609739504755
IPollenTrips= 7.23915060516447
INectarTrips= 8.8013006048277
IPollenLoad= 4.44691320182756
INectarLoad= 5.97251823171973
