ICQueenStrength= 4.9540795609355
RQWkrDrnRatio= 1.1597324218601
ICDroneMiteSurvivorship= 31.4889715751633
ICWorkerMiteSurvivorship= 98.9594838581979
ICForagerLifespan= 14.4936860827729
ImmType= Cosine
RQQueenStrength= 4.84598077926785
RQEnableReQueen=true
AIAdultSlope= 7.13745964877307
AIAdultLD50= 0.878800965369912
AIAdultSlopeContact= 5.52786605199799
AIAdultLD50Contact= 41.5281135992873
AILarvaSlope= 7.10974310152233
AILarvaLD50= 65.4601173921248
AIKOW= 40329.7229502796
AIKOC= 65080.5003000633
AIHalfLife= 16.5338425217895
EAppRate= 4.66374855529447
FoliarEnabled=true
FoliarAppDate= 07/01/1989
FoliarForageBegin= 07/01/1989
FoliarForageEnd= 07/14/1989
AIContactFactor= 0.307782035204582
CL4Pollen= 0.647079560905695
CL4Nectar= 16.5962589206174
CL5Pollen= 4.79605569317937
CL5Nectar= 144.678997225128
CLDPollen= 1.67886879527941
CLDNectar= 102.236478135455
CA13Pollen= 4.70813574390486
CA13Nectar= 30.8130509778857
CA410Pollen= 4.81878687678836
CA410Nectar= 107.042740802281
CA1120Pollen= 0.34853717777878
CA1120Nectar= 65.6201055087149
IPollenTrips= 14.7430130816065
INectarTrips= 8.04284438258037
IPollenLoad= 5.17585815628991
INectarLoad= 1.10320244682953
