ICQueenStrength= 3.01216152519919
RQWkrDrnRatio= 3.89802290126681
ICDroneMiteSurvivorship= 25.3654205240309
ICWorkerMiteSurvivorship= 25.317468540743
ICForagerLifespan= 7.28995344694704
ImmType= Polynomial
RQQueenStrength= 5.37311100540683
RQEnableReQueen= true
AIAdultSlope= 2.01831392757595
AIAdultLD50= 19.9861168638987
AIAdultSlopeContact= 7.78740822640248
AIAdultLD50Contact= 46.0419791290828
AILarvaSlope= 4.04208035953343
AILarvaLD50= 88.4207102311035
AIKOW= 65362.0882138776
AIKOC= 13295.2921269664
AIHalfLife= 2.60047350800596
EAppRate= 0.908281596807297
FoliarEnabled= true
FoliarAppDate= 06/07/1989
FoliarForageBegin= 06/05/1989
FoliarForageEnd= 06/28/1989
AIContactFactor= 2.26165861521847
CL4Pollen= 0.882581210695207
CL4Nectar= 72.1499763894826
CL5Pollen= 2.92924224352464
CL5Nectar= 100.466514704749
CLDPollen= 1.19223522674292
CLDNectar= 102.177108102478
CA13Pollen= 3.63149584950879
CA13Nectar= 60.5244561098516
CA410Pollen= 5.34552692228463
CA410Nectar= 149.110202477314
CA1120Pollen= 0.513739893212914
CA1120Nectar= 97.0603437721729
IPollenTrips= 10.8734738454223
INectarTrips= 11.2514760182239
IPollenLoad= 9.9239115905948
INectarLoad= 8.19303854601458
