ICQueenStrength= 1.35976873151958
RQWkrDrnRatio= 1.86213527806103
ICDroneMiteSurvivorship= 65.3716785134748
ICWorkerMiteSurvivorship= 73.3970067230985
ICForagerLifespan= 12.7687372062355
ImmType= Tangent
RQQueenStrength= 1.32055247575045
RQEnableReQueen=true
AIAdultSlope= 8.55046171694994
AIAdultLD50= 0.536641161228064
AIAdultSlopeContact= 6.14970045909286
AIAdultLD50Contact= 44.6595370719565
AILarvaSlope= 3.51373098418117
AILarvaLD50= 84.4903016330521
AIKOW= 8638.39344575888
AIKOC= 83620.6173748155
AIHalfLife= 18.734681175556
EAppRate= 5.16620302517503
FoliarEnabled=true
FoliarAppDate= 07/01/1989
FoliarForageBegin= 07/01/1989
FoliarForageEnd= 07/14/1989
AIContactFactor= 0.528627297305502
CL4Pollen= 3.91639641672373
CL4Nectar= 59.133213525638
CL5Pollen= 0.64636602345854
CL5Nectar= 87.9980953526683
CLDPollen= 2.37145477579907
CLDNectar= 131.66806352092
CA13Pollen= 6.33530019950122
CA13Nectar= 52.1675086952746
CA410Pollen= 4.49609083624091
CA410Nectar= 42.8540366282687
CA1120Pollen= 1.64453424070962
CA1120Nectar= 87.2906254976988
IPollenTrips= 14.662693538703
INectarTrips= 5.10831903899089
IPollenLoad= 7.41465671220794
INectarLoad= 7.07978093763813
