ICQueenStrength= 2.77252656081691
RQWkrDrnRatio= 4.21457487437874
ICDroneMiteSurvivorship= 84.2551960609853
ICWorkerMiteSurvivorship= 67.8992359898984
ICForagerLifespan= 7.19999272376299
ImmType= Tangent
RQQueenStrength= 4.5741873527877
RQEnableReQueen= true
AIAdultSlope= 6.64965605922043
AIAdultLD50= 71.0029341343208
AIAdultSlopeContact= 9.44150265003555
AIAdultLD50Contact= 43.7233064998295
AILarvaSlope= 4.54575778916478
AILarvaLD50= 82.4440288196227
AIKOW= 67132.114459912
AIKOC= 83930.4389872802
AIHalfLife= 14.3659678556491
EAppRate= 4.28092824254953
FoliarEnabled= true
FoliarAppDate= 06/07/1989
FoliarForageBegin= 06/05/1989
FoliarForageEnd= 06/28/1989
AIContactFactor= 1.66060744725168
CL4Pollen= 0.573592100292444
CL4Nectar= 91.2790872855112
CL5Pollen= 1.70667649805546
CL5Nectar= 67.9624315467663
CLDPollen= 5.9440692407079
CLDNectar= 7.04558958532289
CA13Pollen= 6.04318349091336
CA13Nectar= 76.7970396019518
CA410Pollen= 2.38795037718955
CA410Nectar= 164.714458012022
CA1120Pollen= 2.27439401764423
CA1120Nectar= 75.6980254501104
IPollenTrips= 9.88755960017443
INectarTrips= 6.4911597291939
IPollenLoad= 9.23535346752033
INectarLoad= 6.52188676176593
ESoilP= 1.34355814172886
ESoilFoc= 0.0129594485783018
