ICQueenStrength= 2.4222783583682
RQWkrDrnRatio= 2.68108527828008
ICDroneMiteSurvivorship= 36.3521921215579
ICWorkerMiteSurvivorship= 37.6548427855596
ICForagerLifespan= 13.5552131868899
ImmType= Cosine
RQQueenStrength= 1.19132817047648
RQEnableReQueen= true
AIAdultSlope= 8.93952656537294
AIAdultLD50= 40.0431097146545
AIAdultSlopeContact= 6.46834282693453
AIAdultLD50Contact= 82.384504351612
AILarvaSlope= 5.18788450025022
AILarvaLD50= 24.2266065848551
AIKOW= 33364.737969737
AIKOC= 18428.1302662946
AIHalfLife= 32.6305405294523
EAppRate= 9.10840640888293
FoliarEnabled= true
FoliarAppDate= 06/07/1989
FoliarForageBegin= 06/05/1989
FoliarForageEnd= 06/28/1989
AIContactFactor= 0.646730049727485
CL4Pollen= 3.92179466225207
CL4Nectar= 40.1616039453074
CL5Pollen= 0.660710552707314
CL5Nectar= 75.5310978507623
CLDPollen= 0.729390774853528
CLDNectar= 128.251416364219
CA13Pollen= 6.68235045280307
CA13Nectar= 39.0148014575243
CA410Pollen= 5.51495778250974
CA410Nectar= 191.213424410671
CA1120Pollen= 1.52952033723705
CA1120Nectar= 60.30836077407
IPollenTrips= 7.10257611237466
INectarTrips= 14.278611743357
IPollenLoad= 6.37794494163245
INectarLoad= 7.14106041472405
