ICQueenStrength= 2.51452421327122
RQWkrDrnRatio= 3.26683839410543
ICDroneMiteSurvivorship= 5.58495479635894
ICWorkerMiteSurvivorship= 24.0886831423268
ICForagerLifespan= 9.31602821592242
ImmType= Sine
AIAdultSlope= 0.12292659805622
AIAdultLD50= 0.136812522774562
AIAdultSlopeContact= 1.53272389454534
AIAdultLD50Contact= 0.0233410460641608
AILarvaSlope= 0.455637429840863
AILarvaLD50= 0.761445768456906
AIKOW= 4.67840103432536
AIKOC= 23.6607923125848
AIHalfLife= 2.59389164915774
EAppRate= 7.34805938322097
FoliarEnabled= true
