ICQueenStrength= 3.65693807741627
RQWkrDrnRatio= 1.54866676963866
ICDroneMiteSurvivorship= 4.53372590709478
ICWorkerMiteSurvivorship= 33.1829400267452
ICForagerLifespan= 5.43117320071906
ImmType= Sine
RQQueenStrength= 4.65933670545928
RQEnableReQueen= true
AIAdultSlope= 4.39798863045871
AIAdultLD50= 26.6660742926465
AIAdultSlopeContact= 3.48027045815252
AIAdultLD50Contact= 39.3076692805213
AILarvaSlope= 7.26585262082517
AILarvaLD50= 53.7683973908585
AIKOW= 57739.5737522088
AIKOC= 31593.7353195802
AIHalfLife= 15.9053661257261
EAppRate= 4.7995339419099
FoliarEnabled= true
FoliarAppDate= 06/07/1989
FoliarForageBegin= 06/05/1989
FoliarForageEnd= 06/28/1989
AIContactFactor= 1.64294319918845
CL4Pollen= 0.227121518924832
CL4Nectar= 57.2463649557903
CL5Pollen= 5.98578636394814
CL5Nectar= 117.252135998569
CLDPollen= 5.11214496195316
CLDNectar= 20.1600742992014
CA13Pollen= 3.17304199915379
CA13Nectar= 82.7415808290243
CA410Pollen= 6.83409344337415
CA410Nectar= 183.577695400454
CA1120Pollen= 1.69853712734766
CA1120Nectar= 77.5518064759672
IPollenTrips= 7.46472022030503
INectarTrips= 9.13804276380688
IPollenLoad= 7.37502083415166
INectarLoad= 7.4748141458258
ESoilP= 1.86329805199057
ESoilFoc= 0.016432637427235
