ICQueenStrength= 3.01496162684634
RQWkrDrnRatio= 3.22904814779758
ICDroneMiteSurvivorship= 15.6749485759065
ICWorkerMiteSurvivorship= 31.0075278393924
ICForagerLifespan= 13.8651413209736
ImmType= Exponential
RQQueenStrength= 4.5584649653174
RQEnableReQueen= true
AIAdultSlope= 2.39684305340052
AIAdultLD50= 10.1967358634332
AIAdultSlopeContact= 1.41525372187607
AIAdultLD50Contact= 16.9326653588875
AILarvaSlope= 5.63209501467645
AILarvaLD50= 38.231975129572
AIKOW= 70070.2051759582
AIKOC= 98627.1656964379
AIHalfLife= 1.48296083947644
EAppRate= 6.23533269018051
FoliarEnabled= true
FoliarAppDate= 06/07/1989
FoliarForageBegin= 06/05/1989
FoliarForageEnd= 06/28/1989
AIContactFactor= 1.87130900670309
CL4Pollen= 2.65778115205467
CL4Nectar= 10.4438011534512
CL5Pollen= 3.74726052861661
CL5Nectar= 112.488612974994
CLDPollen= 4.4348389855586
CLDNectar= 111.88210506225
CA13Pollen= 7.04348405944183
CA13Nectar= 52.0141365937889
CA410Pollen= 8.1843984328676
CA410Nectar= 57.6770689478144
CA1120Pollen= 1.46472366875969
CA1120Nectar= 42.5608241744339
IPollenTrips= 7.52163722878322
INectarTrips= 12.6601179549471
IPollenLoad= 1.32266875356436
INectarLoad= 6.84272587066516
