ICQueenStrength= 4.47118740086444
RQWkrDrnRatio= 2.84098115190864
ICDroneMiteSurvivorship= 8.52689170278609
ICWorkerMiteSurvivorship= 62.1883368585259
ICForagerLifespan= 13.3143506832421
ImmType= Tangent
RQQueenStrength= 5.96289112488739
RQEnableReQueen= true
AIAdultSlope= 5.43922034464777
AIAdultLD50= 17.6528291822001
AIAdultSlopeContact= 1.71820599888451
AIAdultLD50Contact= 68.8639729739053
AILarvaSlope= 4.38318900763988
AILarvaLD50= 20.6061912403025
AIKOW= 88534.5684188339
AIKOC= 57283.5498666181
AIHalfLife= 18.8825625480153
EAppRate= 5.29681605150574
FoliarEnabled= true
FoliarAppDate= 06/07/1989
FoliarForageBegin= 06/05/1989
FoliarForageEnd= 06/28/1989
AIContactFactor= 0.439619150622748
CL4Pollen= 2.60842823050916
CL4Nectar= 10.1721195271239
CL5Pollen= 5.72683589207008
CL5Nectar= 101.744465727825
CLDPollen= 2.13465764466673
CLDNectar= 79.4298017048277
CA13Pollen= 5.22998945908621
CA13Nectar= 28.4354588016868
CA410Pollen= 4.29849828048609
CA410Nectar= 60.7053340552375
CA1120Pollen= 2.81091888737865
CA1120Nectar= 81.3801754079759
IPollenTrips= 10.2017458411865
INectarTrips= 5.19493846222758
IPollenLoad= 5.83693266380578
INectarLoad= 4.93254720233381
