ICQueenStrength= 1.63287997967564
RQWkrDrnRatio= 2.24373170081526
ICDroneMiteSurvivorship= 35.0605975836515
ICWorkerMiteSurvivorship= 81.5614466555417
ICForagerLifespan= 11.7955415137112
ImmType= Logarithmic
AIAdultSlope= 1.07397602894576
AIAdultLD50= 0.187325280997902
AIAdultSlopeContact= 2.4891685464629
AIAdultLD50Contact= 0.0163298744009808
AILarvaSlope= 2.40353451119736
AILarvaLD50= 0.737558407033794
AIKOW= 4.43880724627525
AIKOC= 11.3646811409853
AIHalfLife= 0.421471638442017
EAppRate= 2.83482394414023
FoliarEnabled= true
