ICQueenStrength= 3.34240032732487
RQWkrDrnRatio= 2.82723729778081
ICDroneMiteSurvivorship= 90.6664373120293
ICWorkerMiteSurvivorship= 3.20527125149965
ICForagerLifespan= 11.6135109094903
ImmType= Tangent
RQQueenStrength= 4.94681177684106
RQEnableReQueen= true
AIAdultSlope= 8.58873577788472
AIAdultLD50= 76.0734675095934
AIAdultSlopeContact= 6.70263727544807
AIAdultLD50Contact= 57.0715611523127
AILarvaSlope= 6.45882776007056
AILarvaLD50= 88.7593693300707
AIKOW= 65444.4301131893
AIKOC= 79218.1839191192
AIHalfLife= 26.863911212096
EAppRate= 9.02086982626119
FoliarEnabled= true
FoliarAppDate= 06/07/1989
FoliarForageBegin= 06/05/1989
FoliarForageEnd= 06/28/1989
AIContactFactor= 1.70250351487193
CL4Pollen= 3.10934669710696
CL4Nectar= 4.23951817210764
CL5Pollen= 5.79458736442029
CL5Nectar= 21.8276541796513
CLDPollen= 5.748068862129
CLDNectar= 79.0776963229291
CA13Pollen= 2.38070944584906
CA13Nectar= 99.5200897753239
CA410Pollen= 3.66137907109223
CA410Nectar= 42.9874095134437
CA1120Pollen= 2.33740705624223
CA1120Nectar= 60.0491214357316
IPollenTrips= 6.19146349374205
INectarTrips= 6.37889080215245
IPollenLoad= 5.28313886839896
INectarLoad= 8.56384625658393
