ICQueenStrength= 5.18742118519731
RQWkrDrnRatio= 2.44721433799714
ICDroneMiteSurvivorship= 20.6438712775707
ICWorkerMiteSurvivorship= 68.4480954660103
ICForagerLifespan= 4.45845391321927
ImmType= Cosine
AIAdultSlope= 0.119877431953792
AIAdultLD50= 0.08573062508367
AIAdultSlopeContact= 2.15393887240905
AIAdultLD50Contact= 0.00820053031202406
AILarvaSlope= 2.97012123120949
AILarvaLD50= 0.35506619126536
AIKOW= 5.06300306413323
AIKOC= 21.4705981034786
AIHalfLife= 0.451591401477344
EAppRate= 1.03241279255599
FoliarEnabled= true
