ICQueenStrength= 2.34605870000087
RQWkrDrnRatio= 2.3358337059617
ICDroneMiteSurvivorship= 57.4258460197598
ICWorkerMiteSurvivorship= 92.9502520943061
ICForagerLifespan= 14.7892768010497
ImmType= Exponential
RQQueenStrength= 3.61357172159478
RQEnableReQueen= true
AIAdultSlope= 2.66206703707576
AIAdultLD50= 46.3775611224687
AIAdultSlopeContact= 7.9825269440189
AIAdultLD50Contact= 34.4411830552632
AILarvaSlope= 4.04417097568512
AILarvaLD50= 31.7921586879001
AIKOW= 13190.7107504805
AIKOC= 77204.0760114954
AIHalfLife= 32.8821527724154
EAppRate= 5.23539725131285
FoliarEnabled= true
FoliarAppDate= 06/07/1989
FoliarForageBegin= 06/05/1989
FoliarForageEnd= 06/28/1989
AIContactFactor= 0.9142129510222
CL4Pollen= 1.57844138052315
CL4Nectar= 8.62117393407971
CL5Pollen= 2.86025945702568
CL5Nectar= 128.089472861029
CLDPollen= 4.95586331002414
CLDNectar= 101.340385735966
CA13Pollen= 4.52776553044096
CA13Nectar= 40.8928607963026
CA410Pollen= 8.67649208141956
CA410Nectar= 114.44583537057
CA1120Pollen= 0.466568815056235
CA1120Nectar= 63.6257686465979
IPollenTrips= 13.2062056218274
INectarTrips= 10.5980615061708
IPollenLoad= 4.24589239293709
INectarLoad= 3.96046292968094
ESoilP= 1.2176480977796
ESoilFoc= 0.0166343712885864
