ICQueenStrength= 2.70627847779542
RQWkrDrnRatio= 1.34237438999116
ICDroneMiteSurvivorship= 91.9603368733078
ICWorkerMiteSurvivorship= 32.5878448784351
ICForagerLifespan= 8.89775508735329
ImmType= Polynomial
RQQueenStrength= 4.522439772496
RQEnableReQueen= true
AIAdultSlope= 3.46331491135061
AIAdultLD50= 73.8998379336286
AIAdultSlopeContact= 3.34411745076068
AIAdultLD50Contact= 50.6021101829663
AILarvaSlope= 4.47585829906166
AILarvaLD50= 87.1146343247443
AIKOW= 13063.2772201304
AIKOC= 73063.2950398694
AIHalfLife= 20.2116375884507
EAppRate= 6.38434691505553
FoliarEnabled= true
FoliarAppDate= 06/07/1989
FoliarForageBegin= 06/05/1989
FoliarForageEnd= 06/28/1989
AIContactFactor= 1.88195096095093
CL4Pollen= 2.07589589897543
CL4Nectar= 8.67682008538395
CL5Pollen= 0.401530105154961
CL5Nectar= 46.6465754667297
CLDPollen= 2.56129024922848
CLDNectar= 30.2732435404323
CA13Pollen= 6.60009064227343
CA13Nectar= 57.3897166736424
CA410Pollen= 7.47145692843478
CA410Nectar= 30.6749464152381
CA1120Pollen= 1.48364247917198
CA1120Nectar= 94.4876657053828
IPollenTrips= 13.4359338111244
INectarTrips= 13.8473832723685
IPollenLoad= 8.6616325401701
INectarLoad= 5.70123907644302
ESoilP= 1.78408153099008
ESoilFoc= 0.00668683094088919
