ICQueenStrength= 3.77672164607793
RQWkrDrnRatio= 1.44159362930804
ICDroneMiteSurvivorship= 39.2866567708552
ICWorkerMiteSurvivorship= 32.9871310153976
ICForagerLifespan= 12.7670149877667
ImmType= Cosine
RQQueenStrength= 1.09516209829599
RQEnableReQueen=true
AIAdultSlope= 2.18101339228451
AIAdultLD50= 0.495076996875927
AIAdultSlopeContact= 5.881901827408
AIAdultLD50Contact= 86.6191916882731
AILarvaSlope= 2.30466228164732
AILarvaLD50= 71.8610570697305
AIKOW= 17833.8402626338
AIKOC= 11805.3125149719
AIHalfLife= 34.1751615206944
EAppRate= 7.00151471384359
FoliarEnabled=true
FoliarAppDate= 07/01/1989
FoliarForageBegin= 07/01/1989
FoliarForageEnd= 07/14/1989
AIContactFactor= 0.579697063709609
CL4Pollen= 0.286608309485018
CL4Nectar= 19.8997893603519
CL5Pollen= 3.94172844523564
CL5Nectar= 76.7729625455104
CLDPollen= 1.57140057580546
CLDNectar= 86.856921587605
CA13Pollen= 2.53754299022257
CA13Nectar= 73.8451201096177
CA410Pollen= 7.26632292065769
CA410Nectar= 61.5339172445238
CA1120Pollen= 2.09080566954799
CA1120Nectar= 53.6846133507788
IPollenTrips= 9.25782366422936
INectarTrips= 11.6575616365299
IPollenLoad= 1.37284300290048
INectarLoad= 0.320483497343957
