ICQueenStrength= 2.6939788882155
RQWkrDrnRatio= 2.55683767981827
ICDroneMiteSurvivorship= 68.4889071155339
ICWorkerMiteSurvivorship= 20.0436953920871
ICForagerLifespan= 14.4119818499312
ImmType= Sine
RQQueenStrength= 3.92421692516655
RQEnableReQueen= true
AIAdultSlope= 5.73796200379729
AIAdultLD50= 0.979720714049414
AIAdultSlopeContact= 6.73152458481491
AIAdultLD50Contact= 49.9365964504685
AILarvaSlope= 6.09451388008893
AILarvaLD50= 4.39656956054573
AIKOW= 1799.92468948835
AIKOC= 42334.3903021526
AIHalfLife= 15.7142745757941
EAppRate= 6.3515919414449
FoliarEnabled= true
FoliarAppDate= 09/01/1989
FoliarForageBegin= 09/01/1989
FoliarForageEnd= 09/08/1989
AIContactFactor= 1.4974408629816
CL4Pollen= 1.20890509802848
CL4Nectar= 78.612734680064
CL5Pollen= 2.4030260858126
CL5Nectar= 105.46187767759
CLDPollen= 4.90651839086786
CLDNectar= 141.92906068638
CA13Pollen= 5.38353386642411
CA13Nectar= 37.8515647538006
CA410Pollen= 2.86743850561325
CA410Nectar= 91.8504557665437
CA1120Pollen= 2.05856004869565
CA1120Nectar= 34.6166076511145
IPollenTrips= 6.17450560908765
INectarTrips= 12.1714039309882
IPollenLoad= 6.96481983177364
INectarLoad= 9.38499207841232
