ICQueenStrength= 3.03132599592209
RQWkrDrnRatio= 4.68055573478341
ICDroneMiteSurvivorship= 46.1714332923293
ICWorkerMiteSurvivorship= 64.7805772954598
ICForagerLifespan= 14.0379893351346
ImmType= Tangent
RQQueenStrength= 5.41569089423865
RQEnableReQueen= true
AIAdultSlope= 2.47537299245596
AIAdultLD50= 0.0372011805351358
AIAdultSlopeContact= 6.74227836751379
AIAdultLD50Contact= 42.6957437358047
AILarvaSlope= 4.83632127940655
AILarvaLD50= 88.0662822756914
AIKOW= 8779.2042826855
AIKOC= 36280.7122641096
AIHalfLife= 13.7613772989716
EAppRate= 6.23016554478067
FoliarEnabled= true
FoliarAppDate= 09/01/1989
FoliarForageBegin= 09/01/1989
FoliarForageEnd= 09/08/1989
AIContactFactor= 0.379926289953291
CL4Pollen= 1.99430133029819
CL4Nectar= 50.3169145900756
CL5Pollen= 5.75034333067015
CL5Nectar= 34.9836343433708
CLDPollen= 1.71031973417848
CLDNectar= 17.5102034001611
CA13Pollen= 4.39856931827962
CA13Nectar= 47.2167315334082
CA410Pollen= 7.2437996129971
CA410Nectar= 72.7802097611129
CA1120Pollen= 0.226011748658493
CA1120Nectar= 75.0737077742815
IPollenTrips= 11.0873802099377
INectarTrips= 13.6551948590204
IPollenLoad= 2.63946668012068
INectarLoad= 5.96975044114515
