ICQueenStrength= 1.33263898571022
RQWkrDrnRatio= 1.68821968045086
ICDroneMiteSurvivorship= 59.0685126371682
ICWorkerMiteSurvivorship= 62.9177352413535
ICForagerLifespan= 5.05306109506637
ImmType= Sine
RQQueenStrength= 3.912091211183
RQEnableReQueen= true
AIAdultSlope= 7.05227243341506
AIAdultLD50= 26.803904534271
AIAdultSlopeContact= 3.79408979718573
AIAdultLD50Contact= 54.5362445695684
AILarvaSlope= 8.09582559019327
AILarvaLD50= 60.975819614843
AIKOW= 18942.735207694
AIKOC= 39702.4991418794
AIHalfLife= 23.7078776454553
EAppRate= 7.51181186305941
FoliarEnabled= true
FoliarAppDate= 06/07/1989
FoliarForageBegin= 06/05/1989
FoliarForageEnd= 06/28/1989
AIContactFactor= 1.43180390301626
CL4Pollen= 3.38499261904508
CL4Nectar= 15.7327169552445
CL5Pollen= 2.0636262986809
CL5Nectar= 39.6309187752195
CLDPollen= 1.07835067855194
CLDNectar= 33.6540177930146
CA13Pollen= 4.42322478285059
CA13Nectar= 41.4204596169293
CA410Pollen= 4.84707346870564
CA410Nectar= 44.2158303968608
CA1120Pollen= 0.524576577823609
CA1120Nectar= 70.3768934309483
IPollenTrips= 11.8246153765358
INectarTrips= 11.1185098439455
IPollenLoad= 7.10908138891682
INectarLoad= 5.17709902254865
