ICQueenStrength= 4.83985947351903
RQWkrDrnRatio= 3.88490652572364
ICDroneMiteSurvivorship= 89.289939776063
ICWorkerMiteSurvivorship= 85.1266636513174
ICForagerLifespan= 13.9014543965459
ImmType= Tangent
RQQueenStrength= 2.43833048292436
RQEnableReQueen= true
AIAdultSlope= 6.84813285060227
AIAdultLD50= 0.407247933824081
AIAdultSlopeContact= 1.48920896137133
AIAdultLD50Contact= 55.9082534501869
AILarvaSlope= 1.21483577787876
AILarvaLD50= 67.254022355912
AIKOW= 68463.9304281771
AIKOC= 26686.6535683491
AIHalfLife= 4.40737730141263
EAppRate= 6.55575980847748
FoliarEnabled= true
FoliarAppDate= 09/01/1989
FoliarForageBegin= 09/01/1989
FoliarForageEnd= 09/08/1989
AIContactFactor= 1.94217763834633
CL4Pollen= 2.9311122847721
CL4Nectar= 75.8447210304439
CL5Pollen= 5.33497762866318
CL5Nectar= 83.7876492762007
CLDPollen= 0.952049301937222
CLDNectar= 27.474393916782
CA13Pollen= 5.63418302433565
CA13Nectar= 85.7807229831815
CA410Pollen= 9.45415843157098
CA410Nectar= 106.130081340671
CA1120Pollen= 1.03810359165072
CA1120Nectar= 84.8124967701733
IPollenTrips= 11.042612886522
INectarTrips= 5.53526646224782
IPollenLoad= 9.78649231372401
INectarLoad= 5.02486260375008
