ICQueenStrength= 3.6921745762229
RQWkrDrnRatio= 4.06136575248092
ICDroneMiteSurvivorship= 96.5109574142843
ICWorkerMiteSurvivorship= 68.6592533951625
ICForagerLifespan= 14.3483639424667
ImmType= Exponential
RQQueenStrength= 1.37362821027637
RQEnableReQueen=true
AIAdultSlope= 1.04075675830245
AIAdultLD50= 0.115196981242159
AIAdultSlopeContact= 9.0313929147087
AIAdultLD50Contact= 33.1904876221442
AILarvaSlope= 5.50383560732007
AILarvaLD50= 95.6536930693146
AIKOW= 77300.8866350157
AIKOC= 88705.0993780463
AIHalfLife= 31.758139553573
EAppRate= 2.06800730098831
FoliarEnabled=true
FoliarAppDate= 07/01/1989
FoliarForageBegin= 07/01/1989
FoliarForageEnd= 07/14/1989
AIContactFactor= 2.0079763950035
CL4Pollen= 2.78699153009802
CL4Nectar= 95.6415063003078
CL5Pollen= 4.07493718340993
CL5Nectar= 74.0637978538871
CLDPollen= 4.50886422442272
CLDNectar= 80.4203358362429
CA13Pollen= 2.9170623363927
CA13Nectar= 23.4815576672554
CA410Pollen= 4.24251128006727
CA410Nectar= 163.142562117428
CA1120Pollen= 1.63848187029362
CA1120Nectar= 64.3754792958498
IPollenTrips= 5.88782987557352
INectarTrips= 10.1751985307783
IPollenLoad= 1.37739092577249
INectarLoad= 4.32645231019706
