ICQueenStrength= 3.68882381380536
RQWkrDrnRatio= 3.58203543443233
ICDroneMiteSurvivorship= 66.3564627990127
ICWorkerMiteSurvivorship= 77.279182174243
ICForagerLifespan= 6.66160607337952
ImmType= Cosine
AIAdultSlope= 0.248751545143314
AIAdultLD50= 0.17657917146571
AIAdultSlopeContact= 2.69871767984005
AIAdultLD50Contact= 0.00906524411402643
AILarvaSlope= 0.213608508184552
AILarvaLD50= 0.275730424979702
AIKOW= 2.99489536043257
AIKOC= 18.3059665793553
AIHalfLife= 0.851525193732232
EAppRate= 3.31989242928103
FoliarEnabled= true
