ICQueenStrength= 1.04251578939147
RQWkrDrnRatio= 1.54668277781457
ICDroneMiteSurvivorship= 23.1536149047315
ICWorkerMiteSurvivorship= 64.0475359745324
ICForagerLifespan= 14.4861776269972
ImmType= Sine
RQQueenStrength= 2.23428153572604
RQEnableReQueen= true
AIAdultSlope= 8.93850368261337
AIAdultLD50= 39.8983263813518
AIAdultSlopeContact= 2.30449379817583
AIAdultLD50Contact= 4.26596840528445
AILarvaSlope= 2.46603113412857
AILarvaLD50= 51.4808773531786
AIKOW= 83137.6080499829
AIKOC= 49674.6485072661
AIHalfLife= 8.62807731854264
EAppRate= 4.60816559308325
FoliarEnabled= true
FoliarAppDate= 06/07/1989
FoliarForageBegin= 06/05/1989
FoliarForageEnd= 06/28/1989
AIContactFactor= 0.276753594647162
CL4Pollen= 0.712521702051163
CL4Nectar= 36.0194762470201
CL5Pollen= 1.67757848231122
CL5Nectar= 72.6565360673703
CLDPollen= 4.60426852991804
CLDNectar= 82.9656723188236
CA13Pollen= 6.72189659466967
CA13Nectar= 73.1346510536969
CA410Pollen= 6.61087325809058
CA410Nectar= 56.4751107385382
CA1120Pollen= 2.0979393760208
CA1120Nectar= 86.4878720790148
IPollenTrips= 13.6936750682071
INectarTrips= 11.9808197021484
IPollenLoad= 0.992730429861695
INectarLoad= 9.89577098283917
