ICQueenStrength= 1.18381195841357
RQWkrDrnRatio= 3.09602254256606
ICDroneMiteSurvivorship= 88.3281885646284
ICWorkerMiteSurvivorship= 80.364593421109
ICForagerLifespan= 6.0121506145224
ImmType= Tangent
RQQueenStrength= 3.50198661000468
RQEnableReQueen= true
AIAdultSlope= 5.74889568425715
AIAdultLD50= 0.937867287721019
AIAdultSlopeContact= 3.70420546736568
AIAdultLD50Contact= 81.9384043448102
AILarvaSlope= 3.883923785761
AILarvaLD50= 12.0281367098312
AIKOW= 17957.0824692883
AIKOC= 39851.9145479503
AIHalfLife= 21.2575249738293
EAppRate= 7.93253614049684
FoliarEnabled= true
FoliarAppDate= 06/07/1989
FoliarForageBegin= 06/05/1989
FoliarForageEnd= 06/28/1989
AIContactFactor= 0.824236742681824
CL4Pollen= 3.91432186122984
CL4Nectar= 94.7088462999091
CL5Pollen= 0.496801419183612
CL5Nectar= 127.351776952855
CLDPollen= 0.0780049483291805
CLDNectar= 130.575492291246
CA13Pollen= 8.05811161389574
CA13Nectar= 68.5292821004987
CA410Pollen= 2.46723209293559
CA410Nectar= 139.450980369002
CA1120Pollen= 1.25488721765578
CA1120Nectar= 44.7237573750317
IPollenTrips= 14.7704246407375
INectarTrips= 8.53453074581921
IPollenLoad= 9.64345358777791
INectarLoad= 8.15396695164964
ESoilP= 1.46189774735831
ESoilFoc= 0.00626713835098781
