ICQueenStrength= 2.44428203697316
RQWkrDrnRatio= 1.6282680016011
ICDroneMiteSurvivorship= 99.524360569194
ICWorkerMiteSurvivorship= 45.7715234719217
ICForagerLifespan= 7.86606472730637
ImmType= Sine
RQQueenStrength= 1.96789011266083
RQEnableReQueen= true
AIAdultSlope= 6.15833127312362
AIAdultLD50= 0.904903225689661
AIAdultSlopeContact= 2.34798656753264
AIAdultLD50Contact= 69.7959036261388
AILarvaSlope= 5.07300355471671
AILarvaLD50= 8.95646082454734
AIKOW= 31952.6884998429
AIKOC= 70933.2490153455
AIHalfLife= 18.4865716110216
EAppRate= 6.95783928938885
FoliarEnabled= true
FoliarAppDate= 09/01/1989
FoliarForageBegin= 09/01/1989
FoliarForageEnd= 09/08/1989
AIContactFactor= 0.774124437007122
CL4Pollen= 1.52644128259271
CL4Nectar= 40.7752333441749
CL5Pollen= 3.17725443653762
CL5Nectar= 137.436375045218
CLDPollen= 3.93129142094404
CLDNectar= 38.9671820565127
CA13Pollen= 4.9722774608992
CA13Nectar= 85.4490751959383
CA410Pollen= 5.17572290939279
CA410Nectar= 84.8097427655011
CA1120Pollen= 2.6684157634154
CA1120Nectar= 20.2174272760749
IPollenTrips= 6.89292043913156
INectarTrips= 6.44782940624282
IPollenLoad= 9.52431848505512
INectarLoad= 7.77705782325938
