ICQueenStrength= 2.42909156158566
RQWkrDrnRatio= 2.10009835194796
ICDroneMiteSurvivorship= 98.7308434210718
ICWorkerMiteSurvivorship= 58.4368217037991
ICForagerLifespan= 7.1803198158741
ImmType= Tangent
RQQueenStrength= 4.409978634445
RQEnableReQueen= true
AIAdultSlope= 5.40404694899917
AIAdultLD50= 4.11851651024539
AIAdultSlopeContact= 7.88659034995362
AIAdultLD50Contact= 48.0196845391474
AILarvaSlope= 7.63935499824584
AILarvaLD50= 7.42868274626345
AIKOW= 66883.5128479228
AIKOC= 35249.2005921595
AIHalfLife= 14.8717154154554
EAppRate= 5.3879554258117
FoliarEnabled= true
FoliarAppDate= 06/07/1989
FoliarForageBegin= 06/05/1989
FoliarForageEnd= 06/28/1989
AIContactFactor= 0.949740942008793
CL4Pollen= 2.60193072911352
CL4Nectar= 73.1597664067522
CL5Pollen= 5.16761736804619
CL5Nectar= 20.7315560546704
CLDPollen= 4.96127784624696
CLDNectar= 8.37572319433093
CA13Pollen= 6.56316575063392
CA13Nectar= 94.5162358321249
CA410Pollen= 3.25901731827762
CA410Nectar= 20.9156213328242
CA1120Pollen= 2.09054427361116
CA1120Nectar= 22.3718127422035
IPollenTrips= 12.7218274702318
INectarTrips= 11.5314501454122
IPollenLoad= 1.20318377157673
INectarLoad= 6.00283765699714
