ICQueenStrength= 2.76291880663484
RQWkrDrnRatio= 1.64736801758409
ICDroneMiteSurvivorship= 22.2317434381694
ICWorkerMiteSurvivorship= 18.1150198914111
ICForagerLifespan= 10.2853705100715
ImmType= Cosine
RQQueenStrength= 4.10707663767971
RQEnableReQueen= true
AIAdultSlope= 5.70139775983989
AIAdultLD50= 20.7079680405783
AIAdultSlopeContact= 8.33081102184951
AIAdultLD50Contact= 91.4812233723535
AILarvaSlope= 4.06277959235013
AILarvaLD50= 53.2177977730471
AIKOW= 37962.1392220866
AIKOC= 85846.3257555289
AIHalfLife= 20.6672524319729
EAppRate= 5.91214977993863
FoliarEnabled= true
FoliarAppDate= 06/07/1989
FoliarForageBegin= 06/05/1989
FoliarForageEnd= 06/28/1989
AIContactFactor= 2.20297719750088
CL4Pollen= 3.98084143921733
CL4Nectar= 50.8326561190188
CL5Pollen= 4.61234949622303
CL5Nectar= 25.7686154334806
CLDPollen= 1.13342774659395
CLDNectar= 64.5876722177491
CA13Pollen= 7.0858529231511
CA13Nectar= 72.2716197744012
CA410Pollen= 3.72143361999188
CA410Nectar= 61.3466305751354
CA1120Pollen= 0.407869660528377
CA1120Nectar= 20.3144012950361
IPollenTrips= 7.64715785160661
INectarTrips= 14.7210430912673
IPollenLoad= 5.34405489452183
INectarLoad= 4.06084093032405
