ICQueenStrength= 5.42831816500984
RQWkrDrnRatio= 2.10534969251603
ICDroneMiteSurvivorship= 29.3814241420478
ICWorkerMiteSurvivorship= 90.438964869827
ICForagerLifespan= 13.6730437409133
ImmType= Cosine
RQQueenStrength= 5.57576749613509
RQEnableReQueen= true
AIAdultSlope= 1.79064389131963
AIAdultLD50= 54.0570347232432
AIAdultSlopeContact= 5.10653551737778
AIAdultLD50Contact= 58.8464527970806
AILarvaSlope= 2.45174577087164
AILarvaLD50= 71.3578703539453
AIKOW= 3732.64810687791
AIKOC= 62350.6868588405
AIHalfLife= 15.3860344886547
EAppRate= 1.60476457950799
FoliarEnabled= true
FoliarAppDate= 06/07/1989
FoliarForageBegin= 06/05/1989
FoliarForageEnd= 06/28/1989
AIContactFactor= 1.73845677019563
CL4Pollen= 0.292785088531673
CL4Nectar= 5.51424908917397
CL5Pollen= 2.15244935872033
CL5Nectar= 95.3439481789246
CLDPollen= 0.490306042134762
CLDNectar= 85.9717705403455
CA13Pollen= 3.30956348339096
CA13Nectar= 91.4604339003563
CA410Pollen= 7.85750694584567
CA410Nectar= 46.5990498010069
CA1120Pollen= 0.659450095379725
CA1120Nectar= 39.8235338926315
IPollenTrips= 11.9908475247212
INectarTrips= 5.51711119245738
IPollenLoad= 9.69277809141204
INectarLoad= 5.57088636327535
ESoilP= 1.79930190788582
ESoilFoc= 0.00537521538231522
