ICQueenStrength= 5.19993860996328
RQWkrDrnRatio= 1.20603185612708
ICDroneMiteSurvivorship= 34.2699532397091
ICWorkerMiteSurvivorship= 64.6835759514943
ICForagerLifespan= 9.23386396467686
ImmType= Tangent
RQQueenStrength= 5.7208953590598
RQEnableReQueen= true
AIAdultSlope= 5.12753493525088
AIAdultLD50= 67.1874793714664
AIAdultSlopeContact= 8.84333213046193
AIAdultLD50Contact= 47.2922542139613
AILarvaSlope= 2.48444942943752
AILarvaLD50= 99.3640344391544
AIKOW= 82215.2781389841
AIKOC= 74413.4296071297
AIHalfLife= 0.149521535029635
EAppRate= 7.83873998488835
FoliarEnabled= true
FoliarAppDate= 06/07/1989
FoliarForageBegin= 06/05/1989
FoliarForageEnd= 06/28/1989
AIContactFactor= 0.472462999639101
CL4Pollen= 2.4907366912812
CL4Nectar= 89.889088110067
CL5Pollen= 4.68561554839835
CL5Nectar= 117.270036705304
CLDPollen= 1.08016104530543
CLDNectar= 1.32821754086763
CA13Pollen= 6.03466333523393
CA13Nectar= 43.568642642349
CA410Pollen= 4.82519008102827
CA410Nectar= 176.249126889743
CA1120Pollen= 2.39198880619369
CA1120Nectar= 49.7534110210836
IPollenTrips= 6.69987342553213
INectarTrips= 9.82572031673044
IPollenLoad= 9.69306500162929
INectarLoad= 7.59076370391995
