ICQueenStrength= 2.25351228285581
RQWkrDrnRatio= 4.22965086810291
ICDroneMiteSurvivorship= 45.1703572878614
ICWorkerMiteSurvivorship= 29.3107118457556
ICForagerLifespan= 5.92404157109559
ImmType= Exponential
RQQueenStrength= 4.74968554126099
RQEnableReQueen= true
AIAdultSlope= 1.17156902328134
AIAdultLD50= 75.3645617036612
AIAdultSlopeContact= 5.00660333083943
AIAdultLD50Contact= 66.6505143893473
AILarvaSlope= 7.55985131114721
AILarvaLD50= 84.8514818890032
AIKOW= 86765.9835107549
AIKOC= 30717.5758497827
AIHalfLife= 2.09907320493367
EAppRate= 4.85181995845074
FoliarEnabled= true
FoliarAppDate= 06/07/1989
FoliarForageBegin= 06/05/1989
FoliarForageEnd= 06/28/1989
AIContactFactor= 1.46252710051835
CL4Pollen= 2.81395025737584
CL4Nectar= 7.50930793583393
CL5Pollen= 1.25763224065304
CL5Nectar= 18.7846941640601
CLDPollen= 0.888999444432557
CLDNectar= 75.0207659206353
CA13Pollen= 6.97913374267518
CA13Nectar= 47.6221192255616
CA410Pollen= 6.90408324724995
CA410Nectar= 156.706673586741
CA1120Pollen= 2.58910476439632
CA1120Nectar= 82.8714342787862
IPollenTrips= 13.8830337463878
INectarTrips= 5.51916317315772
IPollenLoad= 7.90844417875633
INectarLoad= 3.0218865792267
ESoilP= 1.66335638076998
ESoilFoc= 0.0123298344891518
