ICQueenStrength= 1.38823160342872
RQWkrDrnRatio= 4.52471304032952
ICDroneMiteSurvivorship= 82.1468434529379
ICWorkerMiteSurvivorship= 28.6133798770607
ICForagerLifespan= 7.14458762574941
ImmType= Logarithmic
RQQueenStrength= 1.68403874640353
RQEnableReQueen= true
AIAdultSlope= 7.0616725999862
AIAdultLD50= 40.5282752394378
AIAdultSlopeContact= 6.20875642145984
AIAdultLD50Contact= 92.5291685324574
AILarvaSlope= 7.18560011684895
AILarvaLD50= 12.7351433584779
AIKOW= 43343.6177749497
AIKOC= 58143.1767798136
AIHalfLife= 21.4850664994447
EAppRate= 6.97419254676811
FoliarEnabled= true
FoliarAppDate= 06/07/1989
FoliarForageBegin= 06/05/1989
FoliarForageEnd= 06/28/1989
AIContactFactor= 0.524188826279715
CL4Pollen= 2.11525421030819
CL4Nectar= 0.427447538822889
CL5Pollen= 2.96684415265918
CL5Nectar= 103.286801360082
CLDPollen= 0.524875025264919
CLDNectar= 86.575114808511
CA13Pollen= 5.23736735973507
CA13Nectar= 40.1542022265494
CA410Pollen= 4.27534901727922
CA410Nectar= 29.6761966357008
CA1120Pollen= 1.34236410493031
CA1120Nectar= 74.8135059140623
IPollenTrips= 6.26793875591829
INectarTrips= 5.90165309840813
IPollenLoad= 2.82388779334724
INectarLoad= 3.31923617050052
