ICQueenStrength= 1.44906758423895
RQWkrDrnRatio= 3.16190198995173
ICDroneMiteSurvivorship= 40.9913877258077
ICWorkerMiteSurvivorship= 6.2477027066052
ICForagerLifespan= 8.00877014640719
ImmType= Cosine
RQQueenStrength= 2.80587918497622
RQEnableReQueen=true
AIAdultSlope= 6.87432599999011
AIAdultLD50= 0.553942573205568
AIAdultSlopeContact= 9.05191090842709
AIAdultLD50Contact= 47.430666689354
AILarvaSlope= 8.31086509302258
AILarvaLD50= 74.7127893586382
AIKOW= 61847.9419700303
AIKOC= 65809.6420064985
AIHalfLife= 27.3551757466747
EAppRate= 2.87234535220126
FoliarEnabled=true
FoliarAppDate= 07/01/1989
FoliarForageBegin= 07/01/1989
FoliarForageEnd= 07/14/1989
AIContactFactor= 2.01283275565598
CL4Pollen= 3.70069344621152
CL4Nectar= 4.70069078728557
CL5Pollen= 5.32211326668039
CL5Nectar= 133.495733421296
CLDPollen= 1.32239418430254
CLDNectar= 17.820850177668
CA13Pollen= 6.34435689756647
CA13Nectar= 61.9146544672549
CA410Pollen= 4.72222333578393
CA410Nectar= 82.1842352300882
CA1120Pollen= 2.05624478473328
CA1120Nectar= 40.6581431813538
IPollenTrips= 9.44437520112842
INectarTrips= 12.278574721422
IPollenLoad= 7.01582254609093
INectarLoad= 6.06613350333646
