ICQueenStrength= 4.33212139434181
RQWkrDrnRatio= 4.50154834333807
ICDroneMiteSurvivorship= 22.9103070683777
ICWorkerMiteSurvivorship= 88.2752409437671
ICForagerLifespan= 8.18537821248174
ImmType= Polynomial
RQQueenStrength= 2.8028285226319
RQEnableReQueen= true
AIAdultSlope= 8.73353833332658
AIAdultLD50= 88.8504810801195
AIAdultSlopeContact= 3.13357221335173
AIAdultLD50Contact= 31.7451415008786
AILarvaSlope= 4.25513522513211
AILarvaLD50= 37.1342084585195
AIKOW= 83242.3917943003
AIKOC= 24545.9101071795
AIHalfLife= 32.8326736702584
EAppRate= 1.88782217267365
FoliarEnabled= true
FoliarAppDate= 06/07/1989
FoliarForageBegin= 06/05/1989
FoliarForageEnd= 06/28/1989
AIContactFactor= 0.487944559133612
CL4Pollen= 3.46699367184192
CL4Nectar= 3.6237959517166
CL5Pollen= 3.51563754770905
CL5Nectar= 96.3398256688379
CLDPollen= 1.61836689803749
CLDNectar= 2.01741715427488
CA13Pollen= 5.29424023376778
CA13Nectar= 82.6873938925564
CA410Pollen= 4.50147134433501
CA410Nectar= 91.7020141892135
CA1120Pollen= 0.536049914779142
CA1120Nectar= 81.8305616639555
IPollenTrips= 8.14705918543041
INectarTrips= 12.5652757030912
IPollenLoad= 4.40273308195174
INectarLoad= 0.606401518452913
ESoilP= 1.57947800750844
ESoilFoc= 0.00258506169030443
