ICQueenStrength= 3.43704737862572
RQWkrDrnRatio= 2.60184148047119
ICDroneMiteSurvivorship= 85.2318575372919
ICWorkerMiteSurvivorship= 94.4280513795093
ICForagerLifespan= 10.3478260040283
ImmType= Exponential
AIAdultSlope= 2.46743632646045
AIAdultLD50= 0.19766819444485
AIAdultSlopeContact= 1.71896943189204
AIAdultLD50Contact= 0.0264042710652575
AILarvaSlope= 0.343936644494534
AILarvaLD50= 0.298413339816034
AIKOW= 5.55107447970659
AIKOC= 22.8159371775109
AIHalfLife= 1.99417518374976
EAppRate= 2.31698511634022
FoliarEnabled= true
