ICQueenStrength= 4.3311535033863
RQWkrDrnRatio= 2.10084478743374
ICDroneMiteSurvivorship= 93.2035350007936
ICWorkerMiteSurvivorship= 5.11524274479598
ICForagerLifespan= 6.9493970926851
ImmType= Logarithmic
RQQueenStrength= 5.31067887111567
RQEnableReQueen= true
AIAdultSlope= 5.64767749235034
AIAdultLD50= 16.0601630165705
AIAdultSlopeContact= 1.69235370331444
AIAdultLD50Contact= 81.567578733522
AILarvaSlope= 8.08101042173803
AILarvaLD50= 58.160461534854
AIKOW= 79646.106958839
AIKOC= 7775.78482858161
AIHalfLife= 8.61783902696334
EAppRate= 9.9201975898589
FoliarEnabled= true
FoliarAppDate= 06/07/1989
FoliarForageBegin= 06/05/1989
FoliarForageEnd= 06/28/1989
AIContactFactor= 0.716591800963506
CL4Pollen= 1.99620429985225
CL4Nectar= 78.6661527818069
CL5Pollen= 3.00754685327411
CL5Nectar= 25.176285894122
CLDPollen= 0.784607727080584
CLDNectar= 134.577040735167
CA13Pollen= 3.96023136358708
CA13Nectar= 52.4651037715375
CA410Pollen= 9.35987890204415
CA410Nectar= 68.2894127303734
CA1120Pollen= 2.15244926931337
CA1120Nectar= 44.5347997918725
IPollenTrips= 8.15929064759985
INectarTrips= 10.5264533031732
IPollenLoad= 4.89526895573363
INectarLoad= 8.63096626941115
ESoilP= 1.13052012003027
ESoilFoc= 0.012225898955483
