ICQueenStrength= 2.23469306854531
RQWkrDrnRatio= 3.68198345042765
ICDroneMiteSurvivorship= 95.8949575666338
ICWorkerMiteSurvivorship= 29.8720561433583
ICForagerLifespan= 14.4182342048734
ImmType= Logarithmic
RQQueenStrength= 1.65751958056353
RQEnableReQueen= true
AIAdultSlope= 2.56840917281806
AIAdultLD50= 47.9664677627247
AIAdultSlopeContact= 5.55926132528111
AIAdultLD50Contact= 10.6884697543865
AILarvaSlope= 7.43343265540898
AILarvaLD50= 57.7444391047279
AIKOW= 46131.2807482763
AIKOC= 37492.3125634855
AIHalfLife= 18.9409658147022
EAppRate= 8.88097488686745
FoliarEnabled= true
FoliarAppDate= 06/07/1989
FoliarForageBegin= 06/05/1989
FoliarForageEnd= 06/28/1989
AIContactFactor= 1.35875422755256
CL4Pollen= 0.912707753479481
CL4Nectar= 40.9053375711665
CL5Pollen= 1.9154464895837
CL5Nectar= 100.204655737616
CLDPollen= 4.15379489818588
CLDNectar= 119.480840081815
CA13Pollen= 4.31587537126616
CA13Nectar= 49.586025942117
CA410Pollen= 8.95745030315593
CA410Nectar= 91.0456139408052
CA1120Pollen= 0.185228762682527
CA1120Nectar= 95.1420313306153
IPollenTrips= 13.0095708952285
INectarTrips= 9.02143783401698
IPollenLoad= 5.76646132161841
INectarLoad= 5.86432973621413
ESoilP= 1.22690038685687
ESoilFoc= 0.00861108590802178
