ICQueenStrength= 2.03197050048038
RQWkrDrnRatio= 4.4525361424312
ICDroneMiteSurvivorship= 21.051557851024
ICWorkerMiteSurvivorship= 78.3235674491152
ICForagerLifespan= 12.2559198141098
ImmType= Logarithmic
AIAdultSlope= 3.5989158935356
AIAdultLD50= 0.151459295256063
AIAdultSlopeContact= 1.54931685604854
AIAdultLD50Contact= 0.0468794045969844
AILarvaSlope= 2.63526528561488
AILarvaLD50= 0.66078352003824
AIKOW= 2.51997154671699
AIKOC= 20.0450499088038
AIHalfLife= 2.14198133775499
EAppRate= 9.50039003742859
FoliarEnabled= true
