ICQueenStrength= 1.81994491396472
RQWkrDrnRatio= 1.10132199618965
ICDroneMiteSurvivorship= 86.3731346325949
ICWorkerMiteSurvivorship= 23.5238581662998
ICForagerLifespan= 15.6153618032113
ImmType= Cosine
RQQueenStrength= 1.54213278461248
RQEnableReQueen= true
AIAdultSlope= 8.17345688119531
AIAdultLD50= 88.3280247944712
AIAdultSlopeContact= 6.71315621607937
AIAdultLD50Contact= 3.79938751602615
AILarvaSlope= 8.87078878469765
AILarvaLD50= 27.7971159250636
AIKOW= 5421.20473023674
AIKOC= 17691.1773095764
AIHalfLife= 32.4611742689973
EAppRate= 8.56331138982694
FoliarEnabled= true
FoliarAppDate= 06/07/1989
FoliarForageBegin= 06/05/1989
FoliarForageEnd= 06/28/1989
AIContactFactor= 1.40616160992999
CL4Pollen= 0.18292270693928
CL4Nectar= 85.4216561187059
CL5Pollen= 3.02077718032524
CL5Nectar= 99.4654736830853
CLDPollen= 0.353495868388563
CLDNectar= 30.8484684792347
CA13Pollen= 4.50798731232062
CA13Nectar= 31.7232500389218
CA410Pollen= 5.41687938903924
CA410Nectar= 127.054383330978
CA1120Pollen= 0.924124830868095
CA1120Nectar= 78.9782629720867
IPollenTrips= 5.26387967634946
INectarTrips= 10.5690815579146
IPollenLoad= 2.14112108340487
INectarLoad= 7.80418185284361
