ICQueenStrength= 1.18467511236668
RQWkrDrnRatio= 1.78483497910202
ICDroneMiteSurvivorship= 21.7787308851257
ICWorkerMiteSurvivorship= 20.6562881590798
ICForagerLifespan= 10.3018742371351
ImmType= Polynomial
RQQueenStrength= 4.78101100120693
RQEnableReQueen=true
AIAdultSlope= 3.54832481220365
AIAdultLD50= 0.664689208956435
AIAdultSlopeContact= 8.52425052574836
AIAdultLD50Contact= 82.6632489951402
AILarvaSlope= 4.76755517162383
AILarvaLD50= 2.07248979634535
AIKOW= 81602.6968652341
AIKOC= 39579.8209013611
AIHalfLife= 27.4850594218122
EAppRate= 1.86418719460675
FoliarEnabled=true
FoliarAppDate= 07/01/1989
FoliarForageBegin= 07/01/1989
FoliarForageEnd= 07/14/1989
AIContactFactor= 0.773764539081603
CL4Pollen= 1.26429828628898
CL4Nectar= 81.6172207705677
CL5Pollen= 1.26972053200006
CL5Nectar= 122.444758645725
CLDPollen= 5.7794394842349
CLDNectar= 137.833614705596
CA13Pollen= 6.15650004502386
CA13Nectar= 43.8667659275234
CA410Pollen= 8.20350309305359
CA410Nectar= 168.409785609692
CA1120Pollen= 1.13943028729409
CA1120Nectar= 21.6516861319542
IPollenTrips= 7.57124937605113
INectarTrips= 10.6612959271297
IPollenLoad= 9.20931225176901
INectarLoad= 2.74797185556963
