ICQueenStrength= 1.7796950370539
RQWkrDrnRatio= 4.02963144611567
ICDroneMiteSurvivorship= 1.3701070100069
ICWorkerMiteSurvivorship= 43.6533784959465
ICForagerLifespan= 4.76929110102355
ImmType= Tangent
RQQueenStrength= 2.20731919887476
RQEnableReQueen= true
AIAdultSlope= 8.31454398483038
AIAdultLD50= 95.3817176762267
AIAdultSlopeContact= 1.68269461393356
AIAdultLD50Contact= 68.5088074183902
AILarvaSlope= 5.70332572050393
AILarvaLD50= 71.4936106354799
AIKOW= 37200.775549762
AIKOC= 60196.6338368726
AIHalfLife= 32.7886277959682
EAppRate= 8.97188756267796
FoliarEnabled= true
FoliarAppDate= 06/07/1989
FoliarForageBegin= 06/05/1989
FoliarForageEnd= 06/28/1989
AIContactFactor= 0.872893454614095
CL4Pollen= 2.27590690646321
CL4Nectar= 73.3402251265943
CL5Pollen= 5.82128775771707
CL5Nectar= 142.196850653272
CLDPollen= 2.54239300265908
CLDNectar= 88.1943681975827
CA13Pollen= 3.75276882182807
CA13Nectar= 80.8966308645904
CA410Pollen= 5.28849378055893
CA410Nectar= 92.4571515806019
CA1120Pollen= 0.45519746071659
CA1120Nectar= 61.3146367482841
IPollenTrips= 12.6376721006818
INectarTrips= 12.9094292246737
IPollenLoad= 6.50270163547248
INectarLoad= 9.83463593525812
