ICQueenStrength= 4.75488781719469
RQWkrDrnRatio= 1.13906550221145
ICDroneMiteSurvivorship= 13.473454490304
ICWorkerMiteSurvivorship= 86.084283515811
ICForagerLifespan= 12.4693005857989
ImmType= Cosine
RQQueenStrength= 3.48531891265884
RQEnableReQueen= true
AIAdultSlope= 1.64046106860042
AIAdultLD50= 0.697656811438734
AIAdultSlopeContact= 4.10540460050106
AIAdultLD50Contact= 19.3716054078678
AILarvaSlope= 4.49192843772471
AILarvaLD50= 35.1161138782178
AIKOW= 13373.1374065294
AIKOC= 198.918549966533
AIHalfLife= 8.87184481059667
EAppRate= 0.764379293098114
FoliarEnabled= true
FoliarAppDate= 09/01/1989
FoliarForageBegin= 09/01/1989
FoliarForageEnd= 09/08/1989
AIContactFactor= 1.01247604087461
CL4Pollen= 0.119456714019179
CL4Nectar= 57.7930896542966
CL5Pollen= 4.56175339221954
CL5Nectar= 129.096123576164
CLDPollen= 3.2287227306515
CLDNectar= 2.85985510563478
CA13Pollen= 2.94809810565785
CA13Nectar= 26.2330564484
CA410Pollen= 9.10399701371789
CA410Nectar= 42.3876510653645
CA1120Pollen= 0.15301259374246
CA1120Nectar= 78.8603772036731
IPollenTrips= 11.6154096229002
INectarTrips= 10.1088974019513
IPollenLoad= 7.33913001604378
INectarLoad= 2.21681571565568
