ICQueenStrength= 2.83427274692804
RQWkrDrnRatio= 3.32732163183391
ICDroneMiteSurvivorship= 9.46787379216403
ICWorkerMiteSurvivorship= 69.8755915276706
ICForagerLifespan= 8.77385047823191
ImmType= Tangent
RQQueenStrength= 4.58273978345096
RQEnableReQueen= true
AIAdultSlope= 6.66995150782168
AIAdultLD50= 78.065721127094
AIAdultSlopeContact= 2.23004000098445
AIAdultLD50Contact= 19.6302186442409
AILarvaSlope= 8.62861525267363
AILarvaLD50= 77.614564485091
AIKOW= 95129.7837755974
AIKOC= 10483.4955751516
AIHalfLife= 5.91542014889419
EAppRate= 9.77417635270814
FoliarEnabled= true
FoliarAppDate= 06/07/1989
FoliarForageBegin= 06/05/1989
FoliarForageEnd= 06/28/1989
AIContactFactor= 2.24092797691934
CL4Pollen= 2.77785562071949
CL4Nectar= 39.0138872666284
CL5Pollen= 5.25099383108318
CL5Nectar= 136.148018587846
CLDPollen= 5.20992249855772
CLDNectar= 10.1289664744399
CA13Pollen= 5.04742038603872
CA13Nectar= 26.3439781032503
CA410Pollen= 7.17415683455765
CA410Nectar= 146.524815717712
CA1120Pollen= 2.6721742709633
CA1120Nectar= 36.234458964318
IPollenTrips= 9.74724154220894
INectarTrips= 7.1764041041024
IPollenLoad= 7.04039030009881
INectarLoad= 2.89332518586889
ESoilP= 1.66997270542197
ESoilFoc= 0.0132923932538833
