ICQueenStrength= 4.53976106620394
RQWkrDrnRatio= 1.27194205950946
ICDroneMiteSurvivorship= 34.9013071740046
ICWorkerMiteSurvivorship= 58.6984145920724
ICForagerLifespan= 7.79960817936808
ImmType= Sine
RQQueenStrength= 5.68756316462532
RQEnableReQueen= true
AIAdultSlope= 1.23150773346424
AIAdultLD50= 66.4876783633716
AIAdultSlopeContact= 7.6645644637756
AIAdultLD50Contact= 84.5764893901909
AILarvaSlope= 2.46172977611423
AILarvaLD50= 64.8795330728528
AIKOW= 62345.5332295205
AIKOC= 28064.5629238321
AIHalfLife= 33.3650057497667
EAppRate= 3.25802790572867
FoliarEnabled= true
FoliarAppDate= 06/07/1989
FoliarForageBegin= 06/05/1989
FoliarForageEnd= 06/28/1989
AIContactFactor= 1.76682305788621
CL4Pollen= 3.1749604139477
CL4Nectar= 10.7799373567104
CL5Pollen= 0.564562456682324
CL5Nectar= 125.380304711871
CLDPollen= 0.904029516968876
CLDNectar= 131.463168840855
CA13Pollen= 3.56558036040515
CA13Nectar= 59.2519030533731
CA410Pollen= 2.63845443949103
CA410Nectar= 66.002937881276
CA1120Pollen= 1.3241039053537
CA1120Nectar= 89.9135481193662
IPollenTrips= 9.00166329462081
INectarTrips= 7.01170193497092
IPollenLoad= 2.62733774725348
INectarLoad= 0.805254171136767
