ICQueenStrength= 2.61075446754694
RQWkrDrnRatio= 2.27025709021837
ICDroneMiteSurvivorship= 58.2983918022364
ICWorkerMiteSurvivorship= 97.0500041963533
ICForagerLifespan= 8.42647381965071
ImmType= Polynomial
RQQueenStrength= 2.17852650233544
RQEnableReQueen= true
AIAdultSlope= 3.679652960971
AIAdultLD50= 0.229182031219592
AIAdultSlopeContact= 9.18671613931656
AIAdultLD50Contact= 38.6306418385871
AILarvaSlope= 1.1942431833595
AILarvaLD50= 77.1392248274377
AIKOW= 48292.6781308204
AIKOC= 42610.753088732
AIHalfLife= 23.9103985245572
EAppRate= 8.85687710173614
FoliarEnabled= true
FoliarAppDate= 09/01/1989
FoliarForageBegin= 09/01/1989
FoliarForageEnd= 09/08/1989
AIContactFactor= 2.36062429509126
CL4Pollen= 0.0181180573999882
CL4Nectar= 29.8353927675635
CL5Pollen= 5.71643396001309
CL5Nectar= 139.365444041323
CLDPollen= 4.51908741518855
CLDNectar= 134.94074747432
CA13Pollen= 5.89881569035351
CA13Nectar= 25.779484026134
CA410Pollen= 7.11634472506121
CA410Nectar= 151.115451860242
CA1120Pollen= 2.12586498633027
CA1120Nectar= 43.0914130434394
IPollenTrips= 9.94352326262742
INectarTrips= 12.997398993466
IPollenLoad= 3.77150289714336
INectarLoad= 2.28268276201561
