ICQueenStrength= 1.84296235465445
RQWkrDrnRatio= 2.96192327234894
ICDroneMiteSurvivorship= 61.5730639081448
ICWorkerMiteSurvivorship= 91.6354371700436
ICForagerLifespan= 5.11986788082868
ImmType= Sine
RQQueenStrength= 5.85988332191482
RQEnableReQueen= true
AIAdultSlope= 2.33481487259269
AIAdultLD50= 43.4967345607094
AIAdultSlopeContact= 4.26761637069285
AIAdultLD50Contact= 28.279520781229
AILarvaSlope= 6.10307158529758
AILarvaLD50= 27.9152648166665
AIKOW= 57089.8008369357
AIKOC= 89203.6754179855
AIHalfLife= 20.6755431505851
EAppRate= 1.61173388901423
FoliarEnabled= true
FoliarAppDate= 06/07/1989
FoliarForageBegin= 06/05/1989
FoliarForageEnd= 06/28/1989
AIContactFactor= 0.302532046083361
CL4Pollen= 3.97081244271249
CL4Nectar= 91.64699902758
CL5Pollen= 4.61433756072074
CL5Nectar= 4.13072534138337
CLDPollen= 3.2172071649693
CLDNectar= 125.045298691839
CA13Pollen= 6.45157695962116
CA13Nectar= 28.2509926334023
CA410Pollen= 8.74571680887602
CA410Nectar= 137.690575094894
CA1120Pollen= 0.823011053726077
CA1120Nectar= 62.2914051264524
IPollenTrips= 12.8623786056414
INectarTrips= 6.17136975051835
IPollenLoad= 8.99029046529904
INectarLoad= 1.41036953777075
