ICQueenStrength= 3.69058379577473
RQWkrDrnRatio= 2.03836666885763
ICDroneMiteSurvivorship= 69.8399135610089
ICWorkerMiteSurvivorship= 32.4763829819858
ICForagerLifespan= 15.2991566909477
ImmType= Polynomial
RQQueenStrength= 4.41011711978354
RQEnableReQueen= true
AIAdultSlope= 8.97351889684796
AIAdultLD50= 56.1764992363397
AIAdultSlopeContact= 7.89524300955236
AIAdultLD50Contact= 42.8645251026612
AILarvaSlope= 8.60592239908874
AILarvaLD50= 20.6227929469142
AIKOW= 14550.4909801037
AIKOC= 87061.0085621029
AIHalfLife= 15.6371340674348
EAppRate= 9.59242002846953
FoliarEnabled= true
FoliarAppDate= 06/07/1989
FoliarForageBegin= 06/05/1989
FoliarForageEnd= 06/28/1989
AIContactFactor= 1.2316043571895
CL4Pollen= 1.19835695903748
CL4Nectar= 55.0395322032273
CL5Pollen= 2.41819901950657
CL5Nectar= 135.498646565247
CLDPollen= 0.675486101768911
CLDNectar= 46.2178515270352
CA13Pollen= 4.61383655462414
CA13Nectar= 28.111821487546
CA410Pollen= 4.29932676625904
CA410Nectar= 37.1756807854399
CA1120Pollen= 0.396895916434005
CA1120Nectar= 84.1562930494547
IPollenTrips= 9.01674806838855
INectarTrips= 8.13867567339912
IPollenLoad= 4.33574928436428
INectarLoad= 4.71403968520463
