ICQueenStrength= 2.46028571645729
RQWkrDrnRatio= 4.82832426764071
ICDroneMiteSurvivorship= 51.1608502129093
ICWorkerMiteSurvivorship= 29.6363172121346
ICForagerLifespan= 10.2034614877775
ImmType= Tangent
RQQueenStrength= 1.22128811455332
RQEnableReQueen= true
AIAdultSlope= 2.27993116527796
AIAdultLD50= 55.6692445675116
AIAdultSlopeContact= 2.74346045218408
AIAdultLD50Contact= 88.6943322093203
AILarvaSlope= 5.02996047958732
AILarvaLD50= 88.9951092799157
AIKOW= 57508.5299205848
AIKOC= 59478.0594160547
AIHalfLife= 2.37961923896801
EAppRate= 1.43838929514238
FoliarEnabled= true
FoliarAppDate= 06/07/1989
FoliarForageBegin= 06/05/1989
FoliarForageEnd= 06/28/1989
AIContactFactor= 2.31051662769634
CL4Pollen= 1.01201519928873
CL4Nectar= 20.6202126573771
CL5Pollen= 1.03411679249257
CL5Nectar= 109.876800281927
CLDPollen= 2.70630466332659
CLDNectar= 49.2337096715346
CA13Pollen= 3.31171366926283
CA13Nectar= 73.9836850762367
CA410Pollen= 8.74221281788778
CA410Nectar= 183.47454464063
CA1120Pollen= 2.66673639253713
CA1120Nectar= 79.6287466026843
IPollenTrips= 14.1561455489136
INectarTrips= 14.2898587160744
IPollenLoad= 1.96887951809913
INectarLoad= 1.51400475762784
