ICQueenStrength= 1.82777389790863
RQWkrDrnRatio= 3.35774228349328
ICDroneMiteSurvivorship= 77.1817620145157
ICWorkerMiteSurvivorship= 31.6217047162354
ICForagerLifespan= 4.27164694294333
ImmType= Cosine
RQQueenStrength= 4.46848694607615
RQEnableReQueen=true
AIAdultSlope= 2.42044333741069
AIAdultLD50= 0.882960699766409
AIAdultSlopeContact= 9.30903519061394
AIAdultLD50Contact= 88.9378997074303
AILarvaSlope= 8.56476214714348
AILarvaLD50= 96.9761106596228
AIKOW= 53524.561822659
AIKOC= 48467.9756699421
AIHalfLife= 3.88544802821707
EAppRate= 9.92367511023046
FoliarEnabled=true
FoliarAppDate= 07/01/1989
FoliarForageBegin= 07/01/1989
FoliarForageEnd= 07/14/1989
AIContactFactor= 1.50981001117732
CL4Pollen= 1.59923415631056
CL4Nectar= 59.7323400899768
CL5Pollen= 3.38215692015365
CL5Nectar= 41.8659506016411
CLDPollen= 2.97803707513958
CLDNectar= 118.346088880207
CA13Pollen= 8.07022356176749
CA13Nectar= 94.1351502202451
CA410Pollen= 4.39345625967253
CA410Nectar= 191.77307494916
CA1120Pollen= 2.95798223256133
CA1120Nectar= 52.1743905544281
IPollenTrips= 6.4422681950964
INectarTrips= 14.0660856780596
IPollenLoad= 2.39792937645689
INectarLoad= 0.399199048988521
