ICQueenStrength= 3.33870755136013
RQWkrDrnRatio= 2.05703695397824
ICDroneMiteSurvivorship= 40.6435380456969
ICWorkerMiteSurvivorship= 79.4470548164099
ICForagerLifespan= 9.26458974462003
ImmType= Polynomial
RQQueenStrength= 4.26245740614831
RQEnableReQueen=true
AIAdultSlope= 8.26514304243028
AIAdultLD50= 0.184348447352415
AIAdultSlopeContact= 2.21274046110921
AIAdultLD50Contact= 61.7324843289608
AILarvaSlope= 2.35097514465451
AILarvaLD50= 48.5727047099736
AIKOW= 46752.507162659
AIKOC= 32785.0381120807
AIHalfLife= 10.2098988646409
EAppRate= 9.44494921628805
FoliarEnabled=true
FoliarAppDate= 07/01/1989
FoliarForageBegin= 07/01/1989
FoliarForageEnd= 07/14/1989
AIContactFactor= 1.79221501440741
CL4Pollen= 0.717084826901555
CL4Nectar= 18.9688727259636
CL5Pollen= 0.830051658209413
CL5Nectar= 40.4995972872712
CLDPollen= 3.68432212248445
CLDNectar= 17.0179823879153
CA13Pollen= 4.61390512837097
CA13Nectar= 95.9194458834827
CA410Pollen= 2.20279136109166
CA410Nectar= 95.4393826890737
CA1120Pollen= 0.543820823309943
CA1120Nectar= 44.2085315845907
IPollenTrips= 7.83965620212257
INectarTrips= 14.6790314395912
IPollenLoad= 4.77519480045885
INectarLoad= 9.50448289047927
