ICQueenStrength= 2.77550387568772
RQWkrDrnRatio= 1.18246474862099
ICDroneMiteSurvivorship= 64.3644854659215
ICWorkerMiteSurvivorship= 51.7294321907684
ICForagerLifespan= 10.4639913616702
ImmType= Sine
RQQueenStrength= 3.28161622653715
RQEnableReQueen= true
AIAdultSlope= 5.36981822736561
AIAdultLD50= 9.01971736747329
AIAdultSlopeContact= 3.85086072911508
AIAdultLD50Contact= 80.7176457902158
AILarvaSlope= 4.23028765805066
AILarvaLD50= 11.7839117045586
AIKOW= 9455.11292403954
AIKOC= 13266.5734760361
AIHalfLife= 15.9402680328814
EAppRate= 2.33800592844118
FoliarEnabled= true
FoliarAppDate= 06/07/1989
FoliarForageBegin= 06/05/1989
FoliarForageEnd= 06/28/1989
AIContactFactor= 0.577078532795422
CL4Pollen= 3.51496690884233
CL4Nectar= 85.6758384266868
CL5Pollen= 2.65749087464064
CL5Nectar= 87.4942147987895
CLDPollen= 4.16031124815345
CLDNectar= 89.5774878677912
CA13Pollen= 3.3119605191052
CA13Nectar= 70.1439423859119
CA410Pollen= 5.06966615344863
CA410Nectar= 103.437026226893
CA1120Pollen= 1.85362513549626
CA1120Nectar= 74.0926070511341
IPollenTrips= 12.9058177396655
INectarTrips= 5.83194236969575
IPollenLoad= 2.78484135866165
INectarLoad= 9.27306146826595
