ICQueenStrength= 2.51832361007109
RQWkrDrnRatio= 2.32247162703425
ICDroneMiteSurvivorship= 22.5555498618633
ICWorkerMiteSurvivorship= 66.7465015780181
ICForagerLifespan= 13.6789211956784
ImmType= Logarithmic
RQQueenStrength= 4.03847048664466
RQEnableReQueen= true
AIAdultSlope= 7.14609280601144
AIAdultLD50= 58.5106695003333
AIAdultSlopeContact= 7.51541444798931
AIAdultLD50Contact= 44.3599433047082
AILarvaSlope= 4.06441547721624
AILarvaLD50= 44.0152709488405
AIKOW= 5545.80128932686
AIKOC= 88181.7660746998
AIHalfLife= 5.25287754249293
EAppRate= 4.91264921125211
FoliarEnabled= true
FoliarAppDate= 06/07/1989
FoliarForageBegin= 06/05/1989
FoliarForageEnd= 06/28/1989
AIContactFactor= 0.962528949938714
CL4Pollen= 0.619053550064564
CL4Nectar= 23.0423279106617
CL5Pollen= 0.35636001219973
CL5Nectar= 105.600052548107
CLDPollen= 0.135336067993194
CLDNectar= 140.962127863895
CA13Pollen= 6.232255965285
CA13Nectar= 60.327613465488
CA410Pollen= 5.79926515077241
CA410Nectar= 198.36402005516
CA1120Pollen= 0.774909159634262
CA1120Nectar= 91.4299366995692
IPollenTrips= 7.08455168176442
INectarTrips= 13.1073012622073
IPollenLoad= 5.66645082319155
INectarLoad= 7.90396558586508
