ICQueenStrength= 4.14315859694034
RQWkrDrnRatio= 1.34545791428536
ICDroneMiteSurvivorship= 50.1891522435471
ICWorkerMiteSurvivorship= 72.6887347409502
ICForagerLifespan= 15.5522155929357
ImmType= Cosine
RQQueenStrength= 3.35607202746905
RQEnableReQueen= true
AIAdultSlope= 4.05094113387167
AIAdultLD50= 57.0650320409967
AIAdultSlopeContact= 2.46740906778723
AIAdultLD50Contact= 49.6572108771538
AILarvaSlope= 6.30524260550737
AILarvaLD50= 64.0769903773777
AIKOW= 21917.2020061663
AIKOC= 81540.2239442973
AIHalfLife= 21.361185995047
EAppRate= 4.66103177255089
FoliarEnabled= true
FoliarAppDate= 06/07/1989
FoliarForageBegin= 06/05/1989
FoliarForageEnd= 06/28/1989
AIContactFactor= 1.26625986677129
CL4Pollen= 3.33410314004868
CL4Nectar= 3.11634100507945
CL5Pollen= 5.95892704837024
CL5Nectar= 108.157083322294
CLDPollen= 2.59614678751677
CLDNectar= 42.5904709962197
CA13Pollen= 6.43401940939948
CA13Nectar= 20.0980948098004
CA410Pollen= 7.43670895958785
CA410Nectar= 189.998341272585
CA1120Pollen= 0.325379401445389
CA1120Nectar= 45.597901660949
IPollenTrips= 14.0898890397511
INectarTrips= 6.35105957975611
IPollenLoad= 0.798239989671856
INectarLoad= 3.37199471425265
