ICQueenStrength= 1.28261939343065
RQWkrDrnRatio= 3.68631537258625
ICDroneMiteSurvivorship= 8.49484065547585
ICWorkerMiteSurvivorship= 52.1024215966463
ICForagerLifespan= 5.37361668609083
ImmType= Sine
RQQueenStrength= 2.36055466812104
RQEnableReQueen=true
AIAdultSlope= 1.53376825712621
AIAdultLD50= 0.0295410083823372
AIAdultSlopeContact= 6.89704067935236
AIAdultLD50Contact= 12.6772550914532
AILarvaSlope= 3.80359287559986
AILarvaLD50= 45.4511349041352
AIKOW= 12755.7279474878
AIKOC= 2752.15194677887
AIHalfLife= 22.6494904962834
EAppRate= 0.463346273457632
FoliarEnabled=true
FoliarAppDate= 07/01/1989
FoliarForageBegin= 07/01/1989
FoliarForageEnd= 07/14/1989
AIContactFactor= 0.690988816414028
CL4Pollen= 1.77389615308493
CL4Nectar= 89.3659285269678
CL5Pollen= 0.0994200110435486
CL5Nectar= 60.9448060160503
CLDPollen= 0.239098418969661
CLDNectar= 149.754091515206
CA13Pollen= 7.24754632571712
CA13Nectar= 79.6108970791101
CA410Pollen= 3.80716180151794
CA410Nectar= 72.5126555981115
CA1120Pollen= 2.76104822941124
CA1120Nectar= 61.4937921613455
IPollenTrips= 14.2993716918863
INectarTrips= 8.95735827740282
IPollenLoad= 9.6578071732074
INectarLoad= 9.09597884397954
