ICQueenStrength= 3.73276529856957
RQWkrDrnRatio= 4.29087113682181
ICDroneMiteSurvivorship= 36.6811295272782
ICWorkerMiteSurvivorship= 95.0332166161388
ICForagerLifespan= 11.0663976026699
ImmType= Polynomial
RQQueenStrength= 4.8341156183742
RQEnableReQueen= true
AIAdultSlope= 8.03249436989427
AIAdultLD50= 71.00544171856
AIAdultSlopeContact= 1.4269981617108
AIAdultLD50Contact= 85.2617047986223
AILarvaSlope= 1.54375609941781
AILarvaLD50= 10.4649414867016
AIKOW= 71874.9818810272
AIKOC= 32805.3774582043
AIHalfLife= 24.9342503940687
EAppRate= 1.8131032020459
FoliarEnabled= true
FoliarAppDate= 06/07/1989
FoliarForageBegin= 06/05/1989
FoliarForageEnd= 06/28/1989
AIContactFactor= 0.842732172077522
CL4Pollen= 0.207910626195371
CL4Nectar= 9.20489535201341
CL5Pollen= 3.85500443866476
CL5Nectar= 146.085020131432
CLDPollen= 5.27298108441755
CLDNectar= 145.84462295752
CA13Pollen= 7.09266473380849
CA13Nectar= 30.4507578536868
CA410Pollen= 5.82164175366051
CA410Nectar= 26.811711024493
CA1120Pollen= 1.07727436814457
CA1120Nectar= 73.2340315170586
IPollenTrips= 11.2707902677357
INectarTrips= 14.5272723282687
IPollenLoad= 2.19246620079502
INectarLoad= 4.36589795630425
ESoilP= 1.4015035755001
ESoilFoc= 0.00654294106247835
