ICQueenStrength= 1.09683783631772
RQWkrDrnRatio= 4.83148557599634
ICDroneMiteSurvivorship= 93.2970765512437
ICWorkerMiteSurvivorship= 56.6840789048001
ICForagerLifespan= 13.401704704389
ImmType= Logarithmic
RQQueenStrength= 3.39970821538009
RQEnableReQueen= true
AIAdultSlope= 5.68098410405219
AIAdultLD50= 29.5990124646639
AIAdultSlopeContact= 3.07840696070343
AIAdultLD50Contact= 8.19590072973398
AILarvaSlope= 6.62102673947811
AILarvaLD50= 75.6424659533852
AIKOW= 82224.4127594301
AIKOC= 41612.6246200304
AIHalfLife= 16.7555714914342
EAppRate= 5.15037881786656
FoliarEnabled= true
FoliarAppDate= 06/07/1989
FoliarForageBegin= 06/05/1989
FoliarForageEnd= 06/28/1989
AIContactFactor= 1.41408373650163
CL4Pollen= 3.03447184711695
CL4Nectar= 5.00722483266145
CL5Pollen= 0.430414860136807
CL5Nectar= 8.17991222720593
CLDPollen= 3.8705053771846
CLDNectar= 103.488819894847
CA13Pollen= 6.55719910124317
CA13Nectar= 24.8379043862224
CA410Pollen= 8.60969140413217
CA410Nectar= 158.558995607309
CA1120Pollen= 0.199379884405062
CA1120Nectar= 70.6405049189925
IPollenTrips= 13.2141028065234
INectarTrips= 12.0371881057508
IPollenLoad= 6.53254063567147
INectarLoad= 9.01719430927187
ESoilP= 1.19231818127446
ESoilFoc= 0.00564543305104598
