ICQueenStrength= 1.76975059113465
RQWkrDrnRatio= 2.33166747912765
ICDroneMiteSurvivorship= 59.3514346750453
ICWorkerMiteSurvivorship= 79.7240353422239
ICForagerLifespan= 14.8908415371552
ImmType= Logarithmic
RQQueenStrength= 4.1501976121217
RQEnableReQueen= true
AIAdultSlope= 7.40242083370686
AIAdultLD50= 21.1879967208058
AIAdultSlopeContact= 4.8449571589008
AIAdultLD50Contact= 98.4890629525532
AILarvaSlope= 8.98485851660371
AILarvaLD50= 30.2495646263347
AIKOW= 14287.5008083046
AIKOC= 96060.7078375765
AIHalfLife= 33.6747428211151
EAppRate= 9.88977716189879
FoliarEnabled= true
FoliarAppDate= 06/07/1989
FoliarForageBegin= 06/05/1989
FoliarForageEnd= 06/28/1989
AIContactFactor= 0.553188275285065
CL4Pollen= 0.713535996153951
CL4Nectar= 36.3857029471546
CL5Pollen= 5.48541586613283
CL5Nectar= 8.28896298771724
CLDPollen= 2.35445347661152
CLDNectar= 139.736100705341
CA13Pollen= 5.61577821178362
CA13Nectar= 31.5591030567884
CA410Pollen= 6.48181845801882
CA410Nectar= 138.878336790949
CA1120Pollen= 1.70694616413675
CA1120Nectar= 94.5662615261972
IPollenTrips= 11.937236613594
INectarTrips= 11.959357089363
IPollenLoad= 4.63367864722386
INectarLoad= 4.62775110965595
