ICQueenStrength= 2.86603622976691
RQWkrDrnRatio= 3.23653963766992
ICDroneMiteSurvivorship= 27.5877125561237
ICWorkerMiteSurvivorship= 92.0793636003509
ICForagerLifespan= 4.49974949657917
ImmType= Sine
RQQueenStrength= 3.31459339382127
RQEnableReQueen= true
AIAdultSlope= 4.42930171824992
AIAdultLD50= 0.263403792038327
AIAdultSlopeContact= 2.48258245410398
AIAdultLD50Contact= 53.4860477501096
AILarvaSlope= 7.93127654492855
AILarvaLD50= 45.4558986645986
AIKOW= 45130.2191397161
AIKOC= 38691.4944757228
AIHalfLife= 0.256524547189474
EAppRate= 0.0777050735016819
FoliarEnabled= true
FoliarAppDate= 09/01/1989
FoliarForageBegin= 09/01/1989
FoliarForageEnd= 09/08/1989
AIContactFactor= 0.373179681058973
CL4Pollen= 0.907799161970615
CL4Nectar= 25.126790185459
CL5Pollen= 1.39688596548513
CL5Nectar= 100.437126320321
CLDPollen= 4.39950690418482
CLDNectar= 14.4533094833605
CA13Pollen= 2.96616867305711
CA13Nectar= 54.4317238219082
CA410Pollen= 8.22124157545622
CA410Nectar= 35.1741105969995
CA1120Pollen= 2.34257527836598
CA1120Nectar= 88.4275104105473
IPollenTrips= 10.2069854061119
INectarTrips= 11.5155123895966
IPollenLoad= 1.64691739482805
INectarLoad= 5.26569940382615
