ICQueenStrength= 2.58022509771399
RQWkrDrnRatio= 3.90163649432361
ICDroneMiteSurvivorship= 94.5621211780235
ICWorkerMiteSurvivorship= 29.2656026314944
ICForagerLifespan= 5.96334604173899
ImmType= Logarithmic
RQQueenStrength= 2.56033335020766
RQEnableReQueen= true
AIAdultSlope= 6.70732319355011
AIAdultLD50= 0.105563671839889
AIAdultSlopeContact= 2.90999010321684
AIAdultLD50Contact= 50.6936630728242
AILarvaSlope= 5.98011835291982
AILarvaLD50= 53.7797428818371
AIKOW= 22769.755257792
AIKOC= 35692.4277769439
AIHalfLife= 28.6182167459279
EAppRate= 3.7525731156969
FoliarEnabled= true
FoliarAppDate= 09/01/1989
FoliarForageBegin= 09/01/1989
FoliarForageEnd= 09/08/1989
AIContactFactor= 1.26442776768003
CL4Pollen= 0.454791032709181
CL4Nectar= 62.53727148287
CL5Pollen= 0.37081762868911
CL5Nectar= 131.708519649692
CLDPollen= 3.02883954159915
CLDNectar= 109.467058384325
CA13Pollen= 3.49076847154647
CA13Nectar= 94.6173457615077
CA410Pollen= 2.68035976015963
CA410Nectar= 96.748898527585
CA1120Pollen= 1.36852767853998
CA1120Nectar= 20.1330906897783
IPollenTrips= 10.1267077983357
INectarTrips= 13.1285746092908
IPollenLoad= 2.36356116132811
INectarLoad= 2.5016364781186
