ICQueenStrength= 1.51816041115671
RQWkrDrnRatio= 1.28887028899044
ICDroneMiteSurvivorship= 55.9796824352816
ICWorkerMiteSurvivorship= 27.8501532971859
ICForagerLifespan= 4.220428946428
ImmType= Tangent
RQQueenStrength= 4.89955182094127
RQEnableReQueen= true
AIAdultSlope= 6.13645571656525
AIAdultLD50= 56.621895705821
AIAdultSlopeContact= 3.01219136314467
AIAdultLD50Contact= 2.11901753168227
AILarvaSlope= 8.69793059304357
AILarvaLD50= 27.2584767676601
AIKOW= 12977.9766257103
AIKOC= 10348.9884687893
AIHalfLife= 10.6310403307667
EAppRate= 8.85478652190301
FoliarEnabled= true
FoliarAppDate= 06/07/1989
FoliarForageBegin= 06/05/1989
FoliarForageEnd= 06/28/1989
AIContactFactor= 0.363893100027926
CL4Pollen= 2.93257927987725
CL4Nectar= 16.0048000980169
CL5Pollen= 0.189453014172614
CL5Nectar= 55.0486153224483
CLDPollen= 3.81924641132355
CLDNectar= 100.962376431562
CA13Pollen= 6.90836663199589
CA13Nectar= 49.9032237567008
CA410Pollen= 3.50361301642843
CA410Nectar= 155.805942579173
CA1120Pollen= 2.6999012301676
CA1120Nectar= 99.4989954680204
IPollenTrips= 8.35516308667138
INectarTrips= 14.2456462071277
IPollenLoad= 5.12841492658481
INectarLoad= 6.92034659441561
ESoilP= 1.02930037863553
ESoilFoc= 0.00811650416604243
