ICQueenStrength= 2.80274434853345
RQWkrDrnRatio= 2.31614615116268
ICDroneMiteSurvivorship= 44.4691454758868
ICWorkerMiteSurvivorship= 15.3817352605984
ICForagerLifespan= 12.366552635096
ImmType= Polynomial
RQQueenStrength= 1.53183782612905
RQEnableReQueen= true
AIAdultSlope= 7.80964640900493
AIAdultLD50= 35.2440585788151
AIAdultSlopeContact= 3.19280826929025
AIAdultLD50Contact= 25.4138609818912
AILarvaSlope= 5.90353373810649
AILarvaLD50= 97.6657597710977
AIKOW= 81564.3602092862
AIKOC= 94021.0981514414
AIHalfLife= 32.9464138313429
EAppRate= 9.31624396246672
FoliarEnabled= true
FoliarAppDate= 06/07/1989
FoliarForageBegin= 06/05/1989
FoliarForageEnd= 06/28/1989
AIContactFactor= 1.35933744302951
CL4Pollen= 0.510337610729039
CL4Nectar= 36.4433362148702
CL5Pollen= 2.9265034776181
CL5Nectar= 147.749791340902
CLDPollen= 5.65450804727152
CLDNectar= 147.305385628715
CA13Pollen= 3.12127451300621
CA13Nectar= 46.2110067158937
CA410Pollen= 6.33322363060433
CA410Nectar= 40.500702355057
CA1120Pollen= 0.808508757501841
CA1120Nectar= 29.0959321707487
IPollenTrips= 8.71613553958014
INectarTrips= 12.8938788268715
IPollenLoad= 4.17148256208748
INectarLoad= 0.622421000152826
ESoilP= 1.15509236510843
ESoilFoc= 0.0145475754896179
