ICQueenStrength= 3.75029517593794
RQWkrDrnRatio= 3.25272280257195
ICDroneMiteSurvivorship= 91.3875866215676
ICWorkerMiteSurvivorship= 32.9127201111987
ICForagerLifespan= 5.10015403851867
ImmType= Tangent
RQQueenStrength= 5.2209010431543
RQEnableReQueen= true
AIAdultSlope= 3.11668925732374
AIAdultLD50= 37.9277384863216
AIAdultSlopeContact= 8.57133884658106
AIAdultLD50Contact= 55.9334604447682
AILarvaSlope= 7.42411335557699
AILarvaLD50= 65.1105634181006
AIKOW= 90699.3981205343
AIKOC= 54285.2550169874
AIHalfLife= 28.0847922759131
EAppRate= 1.34380221610353
FoliarEnabled= true
FoliarAppDate= 06/07/1989
FoliarForageBegin= 06/05/1989
FoliarForageEnd= 06/28/1989
AIContactFactor= 1.9565221924847
CL4Pollen= 2.33216835744679
CL4Nectar= 72.5669273873791
CL5Pollen= 0.0182149847969413
CL5Nectar= 147.921233915258
CLDPollen= 0.392202212009579
CLDNectar= 9.42872370360419
CA13Pollen= 3.14451261591166
CA13Nectar= 97.7736885286868
CA410Pollen= 5.03484106236137
CA410Nectar= 77.3042865097523
CA1120Pollen= 0.287884441204369
CA1120Nectar= 44.7505611367524
IPollenTrips= 10.549564214889
INectarTrips= 6.20471547590569
IPollenLoad= 5.58763463515788
INectarLoad= 3.55973464436829
