ICQueenStrength= 2.57920763362199
RQWkrDrnRatio= 1.13712095282972
ICDroneMiteSurvivorship= 85.8840165659785
ICWorkerMiteSurvivorship= 98.7460219766945
ICForagerLifespan= 13.762084919028
ImmType= Exponential
RQQueenStrength= 4.20470228907652
RQEnableReQueen= true
AIAdultSlope= 6.21342601627111
AIAdultLD50= 90.4942035151024
AIAdultSlopeContact= 9.37238490860909
AIAdultLD50Contact= 63.4526003186034
AILarvaSlope= 1.91720915958285
AILarvaLD50= 20.6854572677372
AIKOW= 44221.8853525166
AIKOC= 63793.0468638304
AIHalfLife= 8.10253883781843
EAppRate= 8.50308312457078
FoliarEnabled= true
FoliarAppDate= 06/07/1989
FoliarForageBegin= 06/05/1989
FoliarForageEnd= 06/28/1989
AIContactFactor= 0.507077036751434
CL4Pollen= 3.77923927456141
CL4Nectar= 21.2817898951471
CL5Pollen= 2.11593395099044
CL5Nectar= 116.345655382611
CLDPollen= 1.47706461930647
CLDNectar= 27.3825079319067
CA13Pollen= 4.26817037425935
CA13Nectar= 31.7991333454847
CA410Pollen= 4.27448618980125
CA410Nectar= 142.600905071013
CA1120Pollen= 1.55890867067501
CA1120Nectar= 53.3998715132475
IPollenTrips= 8.21085065603256
INectarTrips= 6.4675325434655
IPollenLoad= 9.67100545065477
INectarLoad= 5.63790214480832
