ICQueenStrength= 3.63238361687399
RQWkrDrnRatio= 2.72840995155275
ICDroneMiteSurvivorship= 21.8132387846708
ICWorkerMiteSurvivorship= 72.3908044397831
ICForagerLifespan= 14.9034663317725
ImmType= Sine
RQQueenStrength= 2.29163155099377
RQEnableReQueen= true
AIAdultSlope= 3.47885181382298
AIAdultLD50= 43.488183149212
AIAdultSlopeContact= 7.62641749205068
AIAdultLD50Contact= 85.2513332983353
AILarvaSlope= 2.73200915753841
AILarvaLD50= 51.6588829587982
AIKOW= 53131.3637574036
AIKOC= 99670.5000875646
AIHalfLife= 10.1371666458203
EAppRate= 9.10250292173843
FoliarEnabled= true
FoliarAppDate= 06/07/1989
FoliarForageBegin= 06/05/1989
FoliarForageEnd= 06/28/1989
AIContactFactor= 2.31138401292264
CL4Pollen= 1.83912567235529
CL4Nectar= 89.8515562759712
CL5Pollen= 2.96016359701753
CL5Nectar= 91.9150956091471
CLDPollen= 5.64724674727768
CLDNectar= 19.781708449591
CA13Pollen= 7.18560377769172
CA13Nectar= 90.2077682316303
CA410Pollen= 2.91318115701433
CA410Nectar= 26.2970056338236
CA1120Pollen= 0.678286789683625
CA1120Nectar= 86.1271430924535
IPollenTrips= 8.69073054520413
INectarTrips= 12.145109497942
IPollenLoad= 6.13708136137575
INectarLoad= 5.98382788244635
