ICQueenStrength= 4.92573566059582
RQWkrDrnRatio= 3.50836315285414
ICDroneMiteSurvivorship= 18.2439496275038
ICWorkerMiteSurvivorship= 3.56797666754574
ICForagerLifespan= 5.5007736608386
ImmType= Tangent
RQQueenStrength= 2.99656668817624
RQEnableReQueen= true
AIAdultSlope= 2.2409234624356
AIAdultLD50= 22.1729966294414
AIAdultSlopeContact= 5.19079323485494
AIAdultLD50Contact= 51.2019229080554
AILarvaSlope= 3.71906044520438
AILarvaLD50= 25.9973336295465
AIKOW= 31429.6325554027
AIKOC= 64954.7698200278
AIHalfLife= 25.7677030552877
EAppRate= 0.0802351866473909
FoliarEnabled= true
FoliarAppDate= 06/07/1989
FoliarForageBegin= 06/05/1989
FoliarForageEnd= 06/28/1989
AIContactFactor= 1.36578586070798
CL4Pollen= 3.67548055481166
CL4Nectar= 72.4584913579747
CL5Pollen= 3.55063810106367
CL5Nectar= 6.66128837037832
CLDPollen= 0.589257223997265
CLDNectar= 148.731920064893
CA13Pollen= 6.28518076734617
CA13Nectar= 82.700385376811
CA410Pollen= 7.53121198979206
CA410Nectar= 100.584522336721
CA1120Pollen= 0.0179036410991102
CA1120Nectar= 24.6327307261527
IPollenTrips= 11.9922626763582
INectarTrips= 12.5919031957164
IPollenLoad= 7.18184866709635
INectarLoad= 8.7044256250374
ESoilP= 1.13756100367755
ESoilFoc= 0.00914757457701489
