ICQueenStrength= 4.77891887817532
RQWkrDrnRatio= 2.59539628401399
ICDroneMiteSurvivorship= 1.86120946891606
ICWorkerMiteSurvivorship= 39.0831076074392
ICForagerLifespan= 5.48274751473218
ImmType= Polynomial
RQQueenStrength= 4.85797950066626
RQEnableReQueen=true
AIAdultSlope= 7.20398702472448
AIAdultLD50= 0.494442313503707
AIAdultSlopeContact= 7.82814763905481
AIAdultLD50Contact= 43.3191703277272
AILarvaSlope= 2.15429514087737
AILarvaLD50= 52.6481975486425
AIKOW= 6286.8829000465
AIKOC= 77493.3759965484
AIHalfLife= 3.60109941724222
EAppRate= 4.38519414792047
FoliarEnabled=true
FoliarAppDate= 07/01/1989
FoliarForageBegin= 07/01/1989
FoliarForageEnd= 07/14/1989
AIContactFactor= 1.68328868374694
CL4Pollen= 2.53791404888034
CL4Nectar= 93.863083422184
CL5Pollen= 1.27242069225758
CL5Nectar= 24.4793389574625
CLDPollen= 4.70645219553262
CLDNectar= 50.7609062944539
CA13Pollen= 6.02305562729016
CA13Nectar= 95.6142848357558
CA410Pollen= 3.05747085015755
CA410Nectar= 81.6913516214117
CA1120Pollen= 0.859731468139216
CA1120Nectar= 99.0691380016506
IPollenTrips= 9.51459235046059
INectarTrips= 5.96024167491123
IPollenLoad= 8.62339933868498
INectarLoad= 0.0959269655868411
