ICQueenStrength= 3.91065695579164
RQWkrDrnRatio= 3.86670478899032
ICDroneMiteSurvivorship= 58.8785738218576
ICWorkerMiteSurvivorship= 87.5416902359575
ICForagerLifespan= 8.84907561447471
ImmType= Exponential
RQQueenStrength= 2.70447321725078
RQEnableReQueen= true
AIAdultSlope= 3.47448407672346
AIAdultLD50= 0.625736460741842
AIAdultSlopeContact= 2.3177496145945
AIAdultLD50Contact= 71.5839012466262
AILarvaSlope= 1.92090135812759
AILarvaLD50= 19.3498262747249
AIKOW= 95807.7333403204
AIKOC= 76545.0390039426
AIHalfLife= 16.0772147011012
EAppRate= 8.47212543542427
FoliarEnabled= true
FoliarAppDate= 06/07/1989
FoliarForageBegin= 06/05/1989
FoliarForageEnd= 06/28/1989
AIContactFactor= 2.22554472215008
CL4Pollen= 2.79402501508594
CL4Nectar= 85.5281920405105
CL5Pollen= 0.479700850322843
CL5Nectar= 81.5397653728724
CLDPollen= 1.35722082015127
CLDNectar= 130.429100815672
CA13Pollen= 5.05644908156246
CA13Nectar= 55.1994710601866
CA410Pollen= 9.09493547086604
CA410Nectar= 61.8373675784096
CA1120Pollen= 2.43730297847651
CA1120Nectar= 74.7175516188145
IPollenTrips= 14.9335169512779
INectarTrips= 7.53042027819902
IPollenLoad= 7.35148272011429
INectarLoad= 9.14831379195675
ESoilP= 1.80989087303169
ESoilFoc= 0.0155274279559962
