ICQueenStrength= 3.54186782287434
RQWkrDrnRatio= 2.37722853012383
ICDroneMiteSurvivorship= 70.5551599385217
ICWorkerMiteSurvivorship= 38.4248719317839
ICForagerLifespan= 6.38117046747357
ImmType= Logarithmic
RQQueenStrength= 5.9006250873208
RQEnableReQueen= true
AIAdultSlope= 6.392573248595
AIAdultLD50= 12.74483085574
AIAdultSlopeContact= 8.51868724497035
AIAdultLD50Contact= 31.3458805907199
AILarvaSlope= 2.5627577919513
AILarvaLD50= 52.7377256004903
AIKOW= 55555.8363880554
AIKOC= 66113.3442854823
AIHalfLife= 8.81461797133088
EAppRate= 5.87688762936345
FoliarEnabled= true
FoliarAppDate= 06/07/1989
FoliarForageBegin= 06/05/1989
FoliarForageEnd= 06/28/1989
AIContactFactor= 1.5735328020528
CL4Pollen= 1.92604941409081
CL4Nectar= 54.3361017946154
CL5Pollen= 5.3610621211119
CL5Nectar= 41.1708192899823
CLDPollen= 5.81383300898597
CLDNectar= 107.770924083889
CA13Pollen= 4.67923592664301
CA13Nectar= 38.3451599813998
CA410Pollen= 6.65014763702638
CA410Nectar= 41.1699474928901
CA1120Pollen= 0.451962240971625
CA1120Nectar= 30.8006088994443
IPollenTrips= 7.05417206510901
INectarTrips= 9.42876824410632
IPollenLoad= 6.25212547602132
INectarLoad= 9.08184829168022
