ICQueenStrength= 1.61081534484401
RQWkrDrnRatio= 2.32860507071018
ICDroneMiteSurvivorship= 36.8836647598073
ICWorkerMiteSurvivorship= 96.8582159141079
ICForagerLifespan= 4.15740444138646
ImmType= Exponential
RQQueenStrength= 2.07117792242207
RQEnableReQueen= true
AIAdultSlope= 2.35232004895806
AIAdultLD50= 30.4898697340901
AIAdultSlopeContact= 7.62657366367057
AIAdultLD50Contact= 60.7879255578422
AILarvaSlope= 7.35624801553786
AILarvaLD50= 96.8410194335829
AIKOW= 16644.641361399
AIKOC= 18115.6790442707
AIHalfLife= 14.3392312130425
EAppRate= 5.15125249267323
FoliarEnabled= true
FoliarAppDate= 06/07/1989
FoliarForageBegin= 06/05/1989
FoliarForageEnd= 06/28/1989
AIContactFactor= 1.22907407715917
CL4Pollen= 0.963875679299235
CL4Nectar= 9.16709254961461
CL5Pollen= 0.852826461195946
CL5Nectar= 138.815072947182
CLDPollen= 1.18776665534824
CLDNectar= 12.8277647076175
CA13Pollen= 2.83945042807609
CA13Nectar= 77.3775736242533
CA410Pollen= 2.85566516972613
CA410Nectar= 110.927983634174
CA1120Pollen= 1.11515693482943
CA1120Nectar= 50.5985252186656
IPollenTrips= 10.3786270669661
INectarTrips= 10.7743804529309
IPollenLoad= 1.14185736514628
INectarLoad= 6.06369812507182
