ICQueenStrength= 5.04666626243852
RQWkrDrnRatio= 2.6758326292038
ICDroneMiteSurvivorship= 62.094985274598
ICWorkerMiteSurvivorship= 21.638762857765
ICForagerLifespan= 14.8617010656744
ImmType= Sine
RQQueenStrength= 2.58228895626962
RQEnableReQueen= true
AIAdultSlope= 5.39828686416149
AIAdultLD50= 99.7388910536319
AIAdultSlopeContact= 5.42346669663675
AIAdultLD50Contact= 84.4004129534266
AILarvaSlope= 1.15998079441488
AILarvaLD50= 1.46182180029573
AIKOW= 63826.5976534131
AIKOC= 54208.6183662836
AIHalfLife= 12.7809997600969
EAppRate= 4.66457039787038
FoliarEnabled= true
FoliarAppDate= 06/07/1989
FoliarForageBegin= 06/05/1989
FoliarForageEnd= 06/28/1989
AIContactFactor= 1.53222574962769
CL4Pollen= 0.240314891561866
CL4Nectar= 12.1548506896943
CL5Pollen= 4.59206911269575
CL5Nectar= 80.013785941992
CLDPollen= 0.789262301288545
CLDNectar= 141.379702370614
CA13Pollen= 2.21067350571975
CA13Nectar= 51.121610160917
CA410Pollen= 2.49380735466257
CA410Nectar= 80.4846087703481
CA1120Pollen= 1.04009600216523
CA1120Nectar= 40.4757789894938
IPollenTrips= 9.81765755219385
INectarTrips= 10.2831470500678
IPollenLoad= 2.11935734609142
INectarLoad= 3.35142594762146
