ICQueenStrength= 1.31162726785988
RQWkrDrnRatio= 2.82353726867586
ICDroneMiteSurvivorship= 41.7794887907803
ICWorkerMiteSurvivorship= 36.5204577567056
ICForagerLifespan= 15.9235963569954
ImmType= Logarithmic
RQQueenStrength= 1.88154296763241
RQEnableReQueen=true
AIAdultSlope= 5.29074038565159
AIAdultLD50= 0.463368547768099
AIAdultSlopeContact= 6.17038836237043
AIAdultLD50Contact= 48.4332799436315
AILarvaSlope= 4.54968011192977
AILarvaLD50= 46.1129111368181
AIKOW= 93191.2910016995
AIKOC= 23330.578082131
AIHalfLife= 12.8600184878102
EAppRate= 4.75200046181236
FoliarEnabled=true
FoliarAppDate= 07/01/1989
FoliarForageBegin= 07/01/1989
FoliarForageEnd= 07/14/1989
AIContactFactor= 0.374375652209856
CL4Pollen= 0.107990180142224
CL4Nectar= 48.8999315071851
CL5Pollen= 5.26447482453659
CL5Nectar= 113.225054251961
CLDPollen= 3.63464230718091
CLDNectar= 147.539375640918
CA13Pollen= 3.61114184353501
CA13Nectar= 24.4815101847053
CA410Pollen= 9.13235413488001
CA410Nectar= 137.183213634416
CA1120Pollen= 2.57119639939629
CA1120Nectar= 28.961546048522
IPollenTrips= 7.37504162359983
INectarTrips= 11.6183728724718
IPollenLoad= 0.322188665159047
INectarLoad= 3.30045848386362
