ICQueenStrength= 5.4939260580577
RQWkrDrnRatio= 4.40855212043971
ICDroneMiteSurvivorship= 55.576486652717
ICWorkerMiteSurvivorship= 14.0767729608342
ICForagerLifespan= 6.02332530356944
ImmType= Tangent
AIAdultSlope= 3.23036223209929
AIAdultLD50= 0.102204427216202
AIAdultSlopeContact= 0.897953158251476
AIAdultLD50Contact= 0.0174625614308752
AILarvaSlope= 2.46702350731939
AILarvaLD50= 0.109007408260368
AIKOW= 4.05955486372113
AIKOC= 13.4737153491005
AIHalfLife= 1.15892115640454
EAppRate= 1.19156044675037
FoliarEnabled= true
