ICQueenStrength= 4.33792299591005
RQWkrDrnRatio= 1.29537464957684
ICDroneMiteSurvivorship= 74.5408462826163
ICWorkerMiteSurvivorship= 3.47928116098046
ICForagerLifespan= 4.44990001339465
ImmType= Sine
RQQueenStrength= 4.86894199158996
RQEnableReQueen=true
AIAdultSlope= 1.40728766471148
AIAdultLD50= 0.359482341481373
AIAdultSlopeContact= 5.66125002223998
AIAdultLD50Contact= 81.0253195614715
AILarvaSlope= 8.17189891822636
AILarvaLD50= 3.06981978033949
AIKOW= 926.975242687478
AIKOC= 81640.1631005285
AIHalfLife= 14.1893808480352
EAppRate= 9.59010237066494
FoliarEnabled=true
FoliarAppDate= 07/01/1989
FoliarForageBegin= 07/01/1989
FoliarForageEnd= 07/14/1989
AIContactFactor= 2.10966550694779
CL4Pollen= 2.88899059314281
CL4Nectar= 13.0963809555396
CL5Pollen= 3.6575965275988
CL5Nectar= 69.2714970326051
CLDPollen= 1.88804392050952
CLDNectar= 44.5104786311276
CA13Pollen= 6.06050828685984
CA13Nectar= 25.4230334237218
CA410Pollen= 8.17070227253716
CA410Nectar= 57.5071456003934
CA1120Pollen= 2.40529128815979
CA1120Nectar= 51.0184266604483
IPollenTrips= 12.1997615322471
INectarTrips= 13.9029647270218
IPollenLoad= 7.64482167549431
INectarLoad= 9.98647030210122
