ICQueenStrength= 4.96782121388242
RQWkrDrnRatio= 2.89830008707941
ICDroneMiteSurvivorship= 22.338774939999
ICWorkerMiteSurvivorship= 29.8519131494686
ICForagerLifespan= 9.22596416343004
ImmType= Cosine
AIAdultSlope= 1.7414719011588
AIAdultLD50= 0.0352571720723063
AIAdultSlopeContact= 3.82686333253048
AIAdultLD50Contact= 0.0278213156270795
AILarvaSlope= 0.663914485275745
AILarvaLD50= 0.339682447467931
AIKOW= 2.3011782579124
AIKOC= 23.0646842112765
AIHalfLife= 2.05582083701156
EAppRate= 2.40781255066395
FoliarEnabled= true
