ICQueenStrength= 4.87284822063521
RQWkrDrnRatio= 4.37171081081033
ICDroneMiteSurvivorship= 57.0235025370494
ICWorkerMiteSurvivorship= 16.7056762380525
ICForagerLifespan= 6.05526632256806
ImmType= Cosine
RQQueenStrength= 2.23823871719651
RQEnableReQueen= true
AIAdultSlope= 5.83580955862999
AIAdultLD50= 87.1330710910063
AIAdultSlopeContact= 3.3427182638552
AIAdultLD50Contact= 19.1853531862984
AILarvaSlope= 8.28125509619713
AILarvaLD50= 38.0160748762858
AIKOW= 62879.1037349275
AIKOC= 57627.3813164593
AIHalfLife= 31.2628344701836
EAppRate= 8.32877715503145
FoliarEnabled= true
FoliarAppDate= 06/07/1989
FoliarForageBegin= 06/05/1989
FoliarForageEnd= 06/28/1989
AIContactFactor= 0.390229623368941
CL4Pollen= 3.51026171818376
CL4Nectar= 65.4237529495731
CL5Pollen= 3.31468507787213
CL5Nectar= 133.549359126482
CLDPollen= 0.518548676278442
CLDNectar= 109.991975664161
CA13Pollen= 2.38863621866331
CA13Nectar= 77.6389382779598
CA410Pollen= 5.78587053797673
CA410Nectar= 81.0292328195646
CA1120Pollen= 2.23138069035485
CA1120Nectar= 80.7068749703467
IPollenTrips= 11.0398714151233
INectarTrips= 10.3407308459282
IPollenLoad= 4.04983304906636
INectarLoad= 3.06962391361594
