ICQueenStrength= 2.51365310768597
RQWkrDrnRatio= 2.11081700958312
ICDroneMiteSurvivorship= 46.7885173624381
ICWorkerMiteSurvivorship= 23.5550304176286
ICForagerLifespan= 5.91682907193899
ImmType= Sine
RQQueenStrength= 4.32761132740416
RQEnableReQueen= true
AIAdultSlope= 3.24620513990521
AIAdultLD50= 61.4209472607514
AIAdultSlopeContact= 5.80869620037265
AIAdultLD50Contact= 46.2005979124997
AILarvaSlope= 4.99416231177747
AILarvaLD50= 22.8949451283568
AIKOW= 22348.0671065055
AIKOC= 93725.8567137404
AIHalfLife= 6.4183277615346
EAppRate= 4.00136265037325
FoliarEnabled= true
FoliarAppDate= 06/07/1989
FoliarForageBegin= 06/05/1989
FoliarForageEnd= 06/28/1989
AIContactFactor= 2.21967410339043
CL4Pollen= 1.93257977627218
CL4Nectar= 58.5405281279236
CL5Pollen= 5.55596862640232
CL5Nectar= 48.2707353075966
CLDPollen= 2.21598369302228
CLDNectar= 96.3921894785017
CA13Pollen= 2.98678982146084
CA13Nectar= 49.6922866813838
CA410Pollen= 7.66673651214223
CA410Nectar= 169.060358298011
CA1120Pollen= 2.62238288135268
CA1120Nectar= 27.6264242641628
IPollenTrips= 8.88106482103467
INectarTrips= 7.82687079394236
IPollenLoad= 1.64340805029497
INectarLoad= 1.91814521793276
