ICQueenStrength= 3.86983402213082
RQWkrDrnRatio= 1.61934617068619
ICDroneMiteSurvivorship= 36.5049279527739
ICWorkerMiteSurvivorship= 29.2843345552683
ICForagerLifespan= 14.6467572785914
ImmType= Exponential
RQQueenStrength= 2.3060192996636
RQEnableReQueen= true
AIAdultSlope= 3.24335922300816
AIAdultLD50= 97.8069826006708
AIAdultSlopeContact= 6.12007335247472
AIAdultLD50Contact= 6.32234755083243
AILarvaSlope= 3.34364950098097
AILarvaLD50= 52.0055113984744
AIKOW= 50718.2324226853
AIKOC= 59114.4947420433
AIHalfLife= 14.5362471541855
EAppRate= 4.3618579152429
FoliarEnabled= true
FoliarAppDate= 06/07/1989
FoliarForageBegin= 06/05/1989
FoliarForageEnd= 06/28/1989
AIContactFactor= 0.264045183365233
CL4Pollen= 1.77285295538604
CL4Nectar= 23.4528538072482
CL5Pollen= 0.976195405237377
CL5Nectar= 25.9696908295155
CLDPollen= 2.33633678918704
CLDNectar= 56.1014082399197
CA13Pollen= 3.00146313644946
CA13Nectar= 52.8417048044503
CA410Pollen= 9.31446279513184
CA410Nectar= 124.623266002163
CA1120Pollen= 2.71701539447531
CA1120Nectar= 62.7895360998809
IPollenTrips= 12.6519570779055
INectarTrips= 11.2053384631872
IPollenLoad= 8.43167916405946
INectarLoad= 8.73824907233939
ESoilP= 1.00380224524997
ESoilFoc= 0.0132220711659174
