ICQueenStrength= 4.28933818265796
RQWkrDrnRatio= 2.98614525794983
ICDroneMiteSurvivorship= 81.4018552890047
ICWorkerMiteSurvivorship= 57.1914080763236
ICForagerLifespan= 9.75410531740636
ImmType= Exponential
RQQueenStrength= 4.24939231039025
RQEnableReQueen= true
AIAdultSlope= 1.03717727027833
AIAdultLD50= 85.0021519137342
AIAdultSlopeContact= 5.90382634010166
AIAdultLD50Contact= 37.9870448873322
AILarvaSlope= 1.65459477715194
AILarvaLD50= 22.2121269668259
AIKOW= 29325.7967229798
AIKOC= 62487.3830170238
AIHalfLife= 23.283686253638
EAppRate= 4.21497550038458
FoliarEnabled= true
FoliarAppDate= 06/07/1989
FoliarForageBegin= 06/05/1989
FoliarForageEnd= 06/28/1989
AIContactFactor= 1.8199883118039
CL4Pollen= 1.07252317480743
CL4Nectar= 21.7620717128739
CL5Pollen= 2.85097931837663
CL5Nectar= 8.28237620880827
CLDPollen= 0.633983884938061
CLDNectar= 39.7825522231869
CA13Pollen= 7.51900569563731
CA13Nectar= 38.9026332274079
CA410Pollen= 2.29897981181275
CA410Nectar= 98.418282577768
CA1120Pollen= 2.71388881816529
CA1120Nectar= 98.9648594334722
IPollenTrips= 13.349076542072
INectarTrips= 5.02029202412814
IPollenLoad= 1.40369708649814
INectarLoad= 4.77657598443329
ESoilP= 1.83074187510647
ESoilFoc= 0.00125724594481289
