ICQueenStrength= 2.30678525310941
RQWkrDrnRatio= 3.91951673384756
ICDroneMiteSurvivorship= 64.6781795658171
ICWorkerMiteSurvivorship= 27.6617348194122
ICForagerLifespan= 6.47425354737788
ImmType= Logarithmic
RQQueenStrength= 5.80725166504271
RQEnableReQueen= true
AIAdultSlope= 7.28271492570639
AIAdultLD50= 96.3322762234863
AIAdultSlopeContact= 2.04196586436592
AIAdultLD50Contact= 19.7420251994024
AILarvaSlope= 8.75763839110732
AILarvaLD50= 20.6886809387431
AIKOW= 18003.0728265214
AIKOC= 10862.8736456647
AIHalfLife= 31.574389508157
EAppRate= 9.03911731141759
FoliarEnabled= true
FoliarAppDate= 06/07/1989
FoliarForageBegin= 06/05/1989
FoliarForageEnd= 06/28/1989
AIContactFactor= 0.780521268085577
CL4Pollen= 2.282215972431
CL4Nectar= 87.5088978791609
CL5Pollen= 2.49262774782255
CL5Nectar= 115.283985366113
CLDPollen= 5.03406534623355
CLDNectar= 25.39308242267
CA13Pollen= 7.42456335183233
CA13Nectar= 41.3168091885746
CA410Pollen= 2.95370109030046
CA410Nectar= 61.9383861497045
CA1120Pollen= 0.238763702334836
CA1120Nectar= 71.579103525728
IPollenTrips= 14.0625328547321
INectarTrips= 7.15390205848962
IPollenLoad= 2.38415672210976
INectarLoad= 0.301188076846302
