ICQueenStrength= 3.51234855037183
RQWkrDrnRatio= 3.50280539691448
ICDroneMiteSurvivorship= 82.1216689422727
ICWorkerMiteSurvivorship= 43.146429839544
ICForagerLifespan= 7.82796543464065
ImmType= Polynomial
AIAdultSlope= 3.79577609949047
AIAdultLD50= 0.0796975559089333
AIAdultSlopeContact= 0.528688413030468
AIAdultLD50Contact= 0.0142556817620061
AILarvaSlope= 0.454536180058494
AILarvaLD50= 0.821270352392457
AIKOW= 4.46276756562293
AIKOC= 21.1364080035128
AIHalfLife= 2.70484089991078
EAppRate= 3.29837267287076
FoliarEnabled= true
