ICQueenStrength= 1.68615990923718
RQWkrDrnRatio= 4.56648387853056
ICDroneMiteSurvivorship= 96.8474579742178
ICWorkerMiteSurvivorship= 62.3115505091846
ICForagerLifespan= 4.26917772367597
ImmType= Logarithmic
RQQueenStrength= 1.19432149012573
RQEnableReQueen= true
AIAdultSlope= 6.62986148521304
AIAdultLD50= 68.6839628329047
AIAdultSlopeContact= 4.23958630580455
AIAdultLD50Contact= 47.2880396023625
AILarvaSlope= 2.32580793835223
AILarvaLD50= 47.9271811509749
AIKOW= 71580.9893808033
AIKOC= 80074.7146813772
AIHalfLife= 26.9791258301819
EAppRate= 7.27183645463223
FoliarEnabled= true
FoliarAppDate= 06/07/1989
FoliarForageBegin= 06/05/1989
FoliarForageEnd= 06/28/1989
AIContactFactor= 1.17699113386683
CL4Pollen= 3.17432996351272
CL4Nectar= 90.7539704116061
CL5Pollen= 4.9550141338259
CL5Nectar= 89.5164803252555
CLDPollen= 3.10763714835048
CLDNectar= 142.052658589091
CA13Pollen= 3.0957478585653
CA13Nectar= 77.1224587410688
CA410Pollen= 5.68848543732893
CA410Nectar= 26.4608769956976
CA1120Pollen= 2.76406957581639
CA1120Nectar= 46.6750877350569
IPollenTrips= 10.0024969805963
INectarTrips= 5.61660471139476
IPollenLoad= 1.4901820756495
INectarLoad= 1.07872125925496
ESoilP= 1.21849267254584
ESoilFoc= 0.0134677739411127
