ICQueenStrength= 5.19298730557784
RQWkrDrnRatio= 2.14222963713109
ICDroneMiteSurvivorship= 26.9617937738076
ICWorkerMiteSurvivorship= 7.55644957534969
ICForagerLifespan= 8.35137732047588
ImmType= Exponential
RQQueenStrength= 2.78675282979384
RQEnableReQueen= true
AIAdultSlope= 2.07167688757181
AIAdultLD50= 11.1494260237683
AIAdultSlopeContact= 7.57930032280274
AIAdultLD50Contact= 10.0298275770908
AILarvaSlope= 2.98509597219527
AILarvaLD50= 96.9245935066193
AIKOW= 26134.0993980798
AIKOC= 57806.4779555646
AIHalfLife= 29.2835970811546
EAppRate= 6.73263303324883
FoliarEnabled= true
FoliarAppDate= 06/07/1989
FoliarForageBegin= 06/05/1989
FoliarForageEnd= 06/28/1989
AIContactFactor= 0.556623742845841
CL4Pollen= 3.40742942597717
CL4Nectar= 26.4548111939803
CL5Pollen= 3.29490034561604
CL5Nectar= 129.932582157198
CLDPollen= 0.635309179779142
CLDNectar= 101.452973380219
CA13Pollen= 3.68229156434536
CA13Nectar= 66.04217691347
CA410Pollen= 9.06795049330685
CA410Nectar= 96.161164464429
CA1120Pollen= 0.491073227254674
CA1120Nectar= 26.9352811016142
IPollenTrips= 11.4874386787415
INectarTrips= 10.2628543623723
IPollenLoad= 6.10603669192642
INectarLoad= 0.924720303155482
