ICQueenStrength= 4.58067157445475
RQWkrDrnRatio= 3.17468594759703
ICDroneMiteSurvivorship= 96.0125796264037
ICWorkerMiteSurvivorship= 52.7016295818612
ICForagerLifespan= 6.53818767331541
ImmType= Logarithmic
AIAdultSlope= 2.8981462660362
AIAdultLD50= 0.102940551517531
AIAdultSlopeContact= 2.23420735090273
AIAdultLD50Contact= 0.00421234131790698
AILarvaSlope= 3.01932367319241
AILarvaLD50= 0.610053997999057
AIKOW= 5.21789898723364
AIKOC= 12.5935584085528
AIHalfLife= 1.23279635335784
EAppRate= 5.48448699060827
FoliarEnabled= true
