ICQueenStrength= 3.19458803883754
RQWkrDrnRatio= 4.52288148272783
ICDroneMiteSurvivorship= 97.814270039089
ICWorkerMiteSurvivorship= 5.07541813421994
ICForagerLifespan= 6.52304834406823
ImmType= Tangent
RQQueenStrength= 5.43307916866615
RQEnableReQueen= true
AIAdultSlope= 3.48440124094486
AIAdultLD50= 30.3035403299341
AIAdultSlopeContact= 5.58709180238657
AIAdultLD50Contact= 95.6293483078335
AILarvaSlope= 5.44695946201682
AILarvaLD50= 42.0044389123309
AIKOW= 98384.5132854409
AIKOC= 96574.834038324
AIHalfLife= 9.34197784776334
EAppRate= 5.88113155622222
FoliarEnabled= true
FoliarAppDate= 06/07/1989
FoliarForageBegin= 06/05/1989
FoliarForageEnd= 06/28/1989
AIContactFactor= 1.17242585329805
CL4Pollen= 1.7888701390475
CL4Nectar= 1.16989982780069
CL5Pollen= 1.77034143079072
CL5Nectar= 70.0184036395513
CLDPollen= 5.75862770760432
CLDNectar= 35.2428599609993
CA13Pollen= 3.23873929893598
CA13Nectar= 25.9455448761582
CA410Pollen= 7.53691747528501
CA410Nectar= 143.994518807158
CA1120Pollen= 1.72275797417387
CA1120Nectar= 95.6098426692188
IPollenTrips= 14.4349500536919
INectarTrips= 11.7197138629854
IPollenLoad= 9.50971889076754
INectarLoad= 8.01170345861465
