ICQueenStrength= 1.35700277658179
RQWkrDrnRatio= 2.46530979406089
ICDroneMiteSurvivorship= 70.5554008949548
ICWorkerMiteSurvivorship= 53.0189771903679
ICForagerLifespan= 13.1414458425716
ImmType= Cosine
AIAdultSlope= 0.979867843471002
AIAdultLD50= 0.11906632008031
AIAdultSlopeContact= 1.31263444378506
AIAdultLD50Contact= 0.0127311822841875
AILarvaSlope= 0.154654367640614
AILarvaLD50= 0.378797458810732
AIKOW= 4.95494822598994
AIKOC= 8.66113121854141
AIHalfLife= 2.17845048340969
EAppRate= 4.02704064035788
FoliarEnabled= true
