ICQueenStrength= 1.9399645566009
RQWkrDrnRatio= 2.444291472435
ICDroneMiteSurvivorship= 54.2538280365989
ICWorkerMiteSurvivorship= 12.6793951028958
ICForagerLifespan= 9.93414354324341
ImmType= Sine
RQQueenStrength= 3.45939829503186
RQEnableReQueen= true
AIAdultSlope= 7.05088345706463
AIAdultLD50= 40.2766670387401
AIAdultSlopeContact= 3.34877708484419
AIAdultLD50Contact= 77.5215054754268
AILarvaSlope= 7.19954714737833
AILarvaLD50= 11.4408754798286
AIKOW= 94886.7253717349
AIKOC= 24521.8096524498
AIHalfLife= 19.7725791953504
EAppRate= 9.89844840030232
FoliarEnabled= true
FoliarAppDate= 06/07/1989
FoliarForageBegin= 06/05/1989
FoliarForageEnd= 06/28/1989
AIContactFactor= 1.22963277039118
CL4Pollen= 0.390730619430542
CL4Nectar= 83.078695088625
CL5Pollen= 0.68058262579143
CL5Nectar= 126.977345952764
CLDPollen= 1.96516066789627
CLDNectar= 59.8174940329045
CA13Pollen= 5.25573363788426
CA13Nectar= 69.8523564450443
CA410Pollen= 5.59303268264048
CA410Nectar= 41.4007921889424
CA1120Pollen= 1.65288961725309
CA1120Nectar= 51.5188459120691
IPollenTrips= 14.3777369125746
INectarTrips= 6.70686007943004
IPollenLoad= 3.52871161652729
INectarLoad= 3.91542228870094
