ICQueenStrength= 3.21137981046923
RQWkrDrnRatio= 4.40672899689525
ICDroneMiteSurvivorship= 42.5646535819396
ICWorkerMiteSurvivorship= 90.1153455721214
ICForagerLifespan= 9.93529743514955
ImmType= Polynomial
RQQueenStrength= 5.92455465486273
RQEnableReQueen= true
AIAdultSlope= 5.66848448291421
AIAdultLD50= 0.683664754392579
AIAdultSlopeContact= 4.68158744135872
AIAdultLD50Contact= 61.965425449627
AILarvaSlope= 3.59937111102045
AILarvaLD50= 84.5711855844501
AIKOW= 3408.84418356923
AIKOC= 80933.9036445115
AIHalfLife= 17.8404236055678
EAppRate= 1.74694183887704
FoliarEnabled= true
FoliarAppDate= 09/01/1989
FoliarForageBegin= 09/01/1989
FoliarForageEnd= 09/08/1989
AIContactFactor= 1.3408651751373
CL4Pollen= 0.122564353980124
CL4Nectar= 88.2063228869811
CL5Pollen= 0.425126630812883
CL5Nectar= 137.131855892949
CLDPollen= 1.4729255377315
CLDNectar= 126.081287220586
CA13Pollen= 2.33076490210369
CA13Nectar= 80.7160903513432
CA410Pollen= 7.27693195631728
CA410Nectar= 29.2601995542645
CA1120Pollen= 0.462458308087662
CA1120Nectar= 69.0136462263763
IPollenTrips= 7.75648410897702
INectarTrips= 14.9125174968503
IPollenLoad= 8.94480574177578
INectarLoad= 8.84119415190071
