ICQueenStrength= 4.46488607116044
RQWkrDrnRatio= 2.32351187523454
ICDroneMiteSurvivorship= 83.4349127020687
ICWorkerMiteSurvivorship= 97.8994135512039
ICForagerLifespan= 11.1703261332586
ImmType= Exponential
RQQueenStrength= 1.19522783579305
RQEnableReQueen= true
AIAdultSlope= 6.86191948316991
AIAdultLD50= 0.711258767295396
AIAdultSlopeContact= 3.96676322817802
AIAdultLD50Contact= 13.9047531875949
AILarvaSlope= 7.60116339661181
AILarvaLD50= 66.1359191093929
AIKOW= 8719.94518779426
AIKOC= 49014.1448908721
AIHalfLife= 21.20816714908
EAppRate= 6.17534291045647
FoliarEnabled= true
FoliarAppDate= 09/01/1989
FoliarForageBegin= 09/01/1989
FoliarForageEnd= 09/08/1989
AIContactFactor= 1.64700449470896
CL4Pollen= 2.96222493145615
CL4Nectar= 28.7649078294635
CL5Pollen= 5.62758410582319
CL5Nectar= 42.6765795098618
CLDPollen= 4.78905604686588
CLDNectar= 81.009938463103
CA13Pollen= 3.26658115657046
CA13Nectar= 96.4364970847964
CA410Pollen= 6.83584425505251
CA410Nectar= 118.776231273077
CA1120Pollen= 1.01435873983428
CA1120Nectar= 79.1903190501034
IPollenTrips= 7.43505143327639
INectarTrips= 6.62381032947451
IPollenLoad= 7.86229130579159
INectarLoad= 4.02057933388278
