ICQueenStrength= 2.40645892126486
RQWkrDrnRatio= 1.93022218346596
ICDroneMiteSurvivorship= 30.2629231475294
ICWorkerMiteSurvivorship= 97.3283834289759
ICForagerLifespan= 7.27693816740066
ImmType= Sine
RQQueenStrength= 3.74828759604134
RQEnableReQueen= true
AIAdultSlope= 1.64332584105432
AIAdultLD50= 64.5803716910689
AIAdultSlopeContact= 7.08584043732844
AIAdultLD50Contact= 37.9424094408455
AILarvaSlope= 8.11672939732671
AILarvaLD50= 84.4553942890856
AIKOW= 16361.0575773418
AIKOC= 14757.7743191102
AIHalfLife= 17.6171245871345
EAppRate= 6.85426687523979
FoliarEnabled= true
FoliarAppDate= 06/07/1989
FoliarForageBegin= 06/05/1989
FoliarForageEnd= 06/28/1989
AIContactFactor= 1.29369748753961
CL4Pollen= 2.64669179730117
CL4Nectar= 87.0917232008651
CL5Pollen= 4.66333144018427
CL5Nectar= 122.264387318864
CLDPollen= 1.1167807825841
CLDNectar= 100.697641877923
CA13Pollen= 3.74473722353578
CA13Nectar= 66.1613897979259
CA410Pollen= 6.54872753815725
CA410Nectar= 130.647403891198
CA1120Pollen= 1.5481657802593
CA1120Nectar= 41.0705880634487
IPollenTrips= 10.3774391813204
INectarTrips= 8.10657718917355
IPollenLoad= 3.70441451435909
INectarLoad= 1.3660774496384
