ICQueenStrength= 1.90223912033252
RQWkrDrnRatio= 4.83620354160666
ICDroneMiteSurvivorship= 31.3390349969268
ICWorkerMiteSurvivorship= 11.4090107614174
ICForagerLifespan= 14.2897916194052
ImmType= Tangent
RQQueenStrength= 2.56713313423097
RQEnableReQueen= true
AIAdultSlope= 6.2609797026962
AIAdultLD50= 0.41990020792908
AIAdultSlopeContact= 2.33888132497668
AIAdultLD50Contact= 79.9115131149464
AILarvaSlope= 4.2070522364229
AILarvaLD50= 8.19382865085872
AIKOW= 75955.3104236528
AIKOC= 90369.0447217124
AIHalfLife= 34.5456642369973
EAppRate= 1.99070962100639
FoliarEnabled= true
FoliarAppDate= 09/01/1989
FoliarForageBegin= 09/01/1989
FoliarForageEnd= 09/08/1989
AIContactFactor= 1.6377043177234
CL4Pollen= 1.97604572214186
CL4Nectar= 91.0612701671198
CL5Pollen= 4.95598313352093
CL5Nectar= 115.640652563889
CLDPollen= 1.23357742885128
CLDNectar= 53.735829947982
CA13Pollen= 6.14827460963279
CA13Nectar= 43.8214597292244
CA410Pollen= 8.70537072909065
CA410Nectar= 176.768293087371
CA1120Pollen= 1.36719460529275
CA1120Nectar= 70.4351433552802
IPollenTrips= 6.16365068592131
INectarTrips= 6.3792253495194
IPollenLoad= 0.277751302346587
INectarLoad= 9.7289756196551
