ICQueenStrength= 4.6247518309392
RQWkrDrnRatio= 2.89718011114746
ICDroneMiteSurvivorship= 61.9512043427676
ICWorkerMiteSurvivorship= 34.7143393708393
ICForagerLifespan= 8.16926357056946
ImmType= Polynomial
AIAdultSlope= 3.86643220334547
AIAdultLD50= 0.00756655978038907
AIAdultSlopeContact= 2.91709958246676
AIAdultLD50Contact= 0.0462364077218808
AILarvaSlope= 0.726101974444464
AILarvaLD50= 0.808458293834701
AIKOW= 4.40756005328149
AIKOC= 27.199101827573
AIHalfLife= 0.474174361606129
EAppRate= 8.36702197324485
FoliarEnabled= true
