ICQueenStrength= 1.75338312075473
RQWkrDrnRatio= 4.6685800505802
ICDroneMiteSurvivorship= 58.2594167906791
ICWorkerMiteSurvivorship= 67.1137306606397
ICForagerLifespan= 11.6417752206326
ImmType= Exponential
RQQueenStrength= 4.5051510843914
RQEnableReQueen= true
AIAdultSlope= 4.0190122500062
AIAdultLD50= 13.0753147239189
AIAdultSlopeContact= 5.61819641431794
AIAdultLD50Contact= 74.0364123458858
AILarvaSlope= 1.08933190628886
AILarvaLD50= 50.6001258570831
AIKOW= 3100.70808463105
AIKOC= 78836.3048534084
AIHalfLife= 18.6661294316407
EAppRate= 3.1774169765769
FoliarEnabled= true
FoliarAppDate= 06/07/1989
FoliarForageBegin= 06/05/1989
FoliarForageEnd= 06/28/1989
AIContactFactor= 0.660149524896406
CL4Pollen= 0.765759673900902
CL4Nectar= 97.1561771119013
CL5Pollen= 4.4758709189482
CL5Nectar= 56.5219105454162
CLDPollen= 0.946145303081721
CLDNectar= 4.29375255480409
CA13Pollen= 5.96208155369386
CA13Nectar= 48.2201578095555
CA410Pollen= 7.90082914696541
CA410Nectar= 44.0892196539789
CA1120Pollen= 0.711674560094252
CA1120Nectar= 22.2947457432747
IPollenTrips= 13.8075719354674
INectarTrips= 8.55176249518991
IPollenLoad= 7.5870204763487
INectarLoad= 3.02042196504772
ESoilP= 1.52626189752482
ESoilFoc= 0.00796662130579352
