ICQueenStrength= 2.07396186050028
RQWkrDrnRatio= 2.87790812179446
ICDroneMiteSurvivorship= 87.6284327358007
ICWorkerMiteSurvivorship= 50.3331742016599
ICForagerLifespan= 11.2099561067298
ImmType= Cosine
RQQueenStrength= 3.19013937935233
RQEnableReQueen=true
AIAdultSlope= 3.14567805454135
AIAdultLD50= 0.246205389026087
AIAdultSlopeContact= 1.67284563463181
AIAdultLD50Contact= 90.5166583392993
AILarvaSlope= 2.07874920591712
AILarvaLD50= 11.498606774003
AIKOW= 82772.64619225
AIKOC= 89451.1802990192
AIHalfLife= 12.6445506989723
EAppRate= 0.865460582350148
FoliarEnabled=true
FoliarAppDate= 07/01/1989
FoliarForageBegin= 07/01/1989
FoliarForageEnd= 07/14/1989
AIContactFactor= 0.400542726120912
CL4Pollen= 0.67075327038765
CL4Nectar= 29.9488379852846
CL5Pollen= 4.2384650981985
CL5Nectar= 76.5072839800268
CLDPollen= 0.872795388568193
CLDNectar= 127.741787116975
CA13Pollen= 5.26589704053476
CA13Nectar= 38.7384657561779
CA410Pollen= 4.58386627458967
CA410Nectar= 52.7501328708604
CA1120Pollen= 0.733350025489926
CA1120Nectar= 89.0592260658741
IPollenTrips= 7.8886183258146
INectarTrips= 14.0212869155221
IPollenLoad= 4.46290639461949
INectarLoad= 8.90988153405488
