ICQueenStrength= 3.66476003918797
RQWkrDrnRatio= 2.28792799636722
ICDroneMiteSurvivorship= 30.705024744384
ICWorkerMiteSurvivorship= 65.3816277626902
ICForagerLifespan= 9.74821530655026
ImmType= Sine
AIAdultSlope= 1.18066007227404
AIAdultLD50= 0.00563856847584248
AIAdultSlopeContact= 1.99659428101731
AIAdultLD50Contact= 0.0439761824556626
AILarvaSlope= 0.331236106250435
AILarvaLD50= 0.205548041453585
AIKOW= 4.21419004816562
AIKOC= 6.25017838436179
AIHalfLife= 2.88216886615846
EAppRate= 9.65623084688559
FoliarEnabled= true
