ICQueenStrength= 4.42114180698991
RQWkrDrnRatio= 4.66616602800786
ICDroneMiteSurvivorship= 60.9822855563834
ICWorkerMiteSurvivorship= 78.6976735340431
ICForagerLifespan= 14.2053327886388
ImmType= Cosine
RQQueenStrength= 2.60692250356078
RQEnableReQueen=true
AIAdultSlope= 3.89730931632221
AIAdultLD50= 0.607706931994762
AIAdultSlopeContact= 9.22203037142754
AIAdultLD50Contact= 48.8355630584548
AILarvaSlope= 6.70966912433505
AILarvaLD50= 26.8962599600491
AIKOW= 61031.8682009091
AIKOC= 95778.8859022043
AIHalfLife= 16.5083625975298
EAppRate= 9.04887845610431
FoliarEnabled=true
FoliarAppDate= 07/01/1989
FoliarForageBegin= 07/01/1989
FoliarForageEnd= 07/14/1989
AIContactFactor= 1.61729252192192
CL4Pollen= 1.48545516654849
CL4Nectar= 15.8577142981812
CL5Pollen= 5.36494659958407
CL5Nectar= 61.2093428615481
CLDPollen= 2.85216922871768
CLDNectar= 29.279671178665
CA13Pollen= 2.28862657565624
CA13Nectar= 37.7543294243515
CA410Pollen= 3.77213150833268
CA410Nectar= 110.508131086826
CA1120Pollen= 0.0464773247949779
CA1120Nectar= 99.1488603502512
IPollenTrips= 11.6830697865225
INectarTrips= 10.357549674809
IPollenLoad= 5.13620850630105
INectarLoad= 0.172628972213715
