ICQueenStrength= 5.60142409196123
RQWkrDrnRatio= 3.51539486180991
ICDroneMiteSurvivorship= 77.4692132137716
ICWorkerMiteSurvivorship= 61.3163510803133
ICForagerLifespan= 9.56671020574868
ImmType= Cosine
RQQueenStrength= 3.47668666997924
RQEnableReQueen= true
AIAdultSlope= 8.56741663068533
AIAdultLD50= 64.3681837688568
AIAdultSlopeContact= 6.40507126180455
AIAdultLD50Contact= 63.9266822144145
AILarvaSlope= 4.05609707161784
AILarvaLD50= 15.0466697649653
AIKOW= 26179.4423697729
AIKOC= 38747.7372286287
AIHalfLife= 14.1887271445245
EAppRate= 5.81660893104877
FoliarEnabled= true
FoliarAppDate= 06/07/1989
FoliarForageBegin= 06/05/1989
FoliarForageEnd= 06/28/1989
AIContactFactor= 1.06418267662637
CL4Pollen= 3.8844535369426
CL4Nectar= 44.6560834301636
CL5Pollen= 4.59142814856023
CL5Nectar= 129.537504538894
CLDPollen= 4.80877487780526
CLDNectar= 7.92522830888629
CA13Pollen= 7.45384392123669
CA13Nectar= 34.9150910787284
CA410Pollen= 5.11612547484692
CA410Nectar= 150.427998797968
CA1120Pollen= 2.85767270182259
CA1120Nectar= 42.6562561094761
IPollenTrips= 7.01269241748378
INectarTrips= 6.35865428950638
IPollenLoad= 5.92232366325334
INectarLoad= 3.73771480517462
ESoilP= 1.66731644212268
ESoilFoc= 0.0164186432522256
