ICQueenStrength= 5.29500935948454
RQWkrDrnRatio= 1.64223820064217
ICDroneMiteSurvivorship= 39.2177771311253
ICWorkerMiteSurvivorship= 7.61570141185075
ICForagerLifespan= 12.1232398469001
ImmType= Sine
RQQueenStrength= 5.11742467083968
RQEnableReQueen= true
AIAdultSlope= 2.58959400095046
AIAdultLD50= 83.2365690476906
AIAdultSlopeContact= 9.27931064227596
AIAdultLD50Contact= 66.884500280513
AILarvaSlope= 2.11672998405993
AILarvaLD50= 7.39226467249007
AIKOW= 6474.39611352631
AIKOC= 27644.353425697
AIHalfLife= 6.72868141778745
EAppRate= 5.40417645559437
FoliarEnabled= true
FoliarAppDate= 06/07/1989
FoliarForageBegin= 06/05/1989
FoliarForageEnd= 06/28/1989
AIContactFactor= 1.0553345557861
CL4Pollen= 3.69193275365978
CL4Nectar= 26.077362569049
CL5Pollen= 4.62448218930513
CL5Nectar= 129.193799500354
CLDPollen= 1.32861156435683
CLDNectar= 28.1524422462098
CA13Pollen= 2.21062651816756
CA13Nectar= 58.0402581952512
CA410Pollen= 3.02210292217787
CA410Nectar= 169.027063492686
CA1120Pollen= 2.44001901056617
CA1120Nectar= 59.3490833602846
IPollenTrips= 12.3834842350334
INectarTrips= 8.98889964679256
IPollenLoad= 8.72420740779489
INectarLoad= 2.9751083208248
