ICQueenStrength= 1.27908171759918
RQWkrDrnRatio= 1.86721511557698
ICDroneMiteSurvivorship= 4.40006272401661
ICWorkerMiteSurvivorship= 92.0320574892685
ICForagerLifespan= 8.79852391500026
ImmType= Polynomial
RQQueenStrength= 1.66187726682983
RQEnableReQueen= true
AIAdultSlope= 8.77455848269165
AIAdultLD50= 54.6264612810074
AIAdultSlopeContact= 7.73761493549682
AIAdultLD50Contact= 54.6330473421293
AILarvaSlope= 2.41888184286654
AILarvaLD50= 40.5564250209453
AIKOW= 52661.0607588481
AIKOC= 21683.0015934785
AIHalfLife= 18.7404572386062
EAppRate= 8.04044375595846
FoliarEnabled= true
FoliarAppDate= 06/07/1989
FoliarForageBegin= 06/05/1989
FoliarForageEnd= 06/28/1989
AIContactFactor= 1.29926507550757
CL4Pollen= 0.910763145424426
CL4Nectar= 29.1971016675234
CL5Pollen= 0.967815769370645
CL5Nectar= 102.538927621208
CLDPollen= 2.2557780733332
CLDNectar= 110.773408832029
CA13Pollen= 6.27881874218583
CA13Nectar= 54.5111895725131
CA410Pollen= 4.68709139591083
CA410Nectar= 50.4816266428679
CA1120Pollen= 0.586244375444949
CA1120Nectar= 27.5805601850152
IPollenTrips= 12.6198130007833
INectarTrips= 7.85313008120283
IPollenLoad= 4.32931100251153
INectarLoad= 9.34410407906398
