ICQueenStrength= 4.89976055361331
RQWkrDrnRatio= 3.63332606945187
ICDroneMiteSurvivorship= 41.3069247966632
ICWorkerMiteSurvivorship= 75.6806018296629
ICForagerLifespan= 10.5681238742545
ImmType= Sine
AIAdultSlope= 2.35423805127852
AIAdultLD50= 0.164887206908315
AIAdultSlopeContact= 1.12780887611909
AIAdultLD50Contact= 0.042856536898762
AILarvaSlope= 2.81258660941385
AILarvaLD50= 0.029244381794706
AIKOW= 5.50607349071652
AIKOC= 26.9056739413645
AIHalfLife= 2.337075646827
EAppRate= 4.44050697144121
FoliarEnabled= true
