ICQueenStrength= 1.91970685869455
RQWkrDrnRatio= 3.93421414028853
ICDroneMiteSurvivorship= 30.8524795807898
ICWorkerMiteSurvivorship= 16.9092619791627
ICForagerLifespan= 4.36349375359714
ImmType= Logarithmic
RQQueenStrength= 4.53872686740942
RQEnableReQueen= true
AIAdultSlope= 4.19516237452626
AIAdultLD50= 96.7421548033098
AIAdultSlopeContact= 6.75373353948817
AIAdultLD50Contact= 78.1408122867234
AILarvaSlope= 2.16157390549779
AILarvaLD50= 82.4260760102971
AIKOW= 90031.1689082488
AIKOC= 2617.88933343044
AIHalfLife= 7.75259351565037
EAppRate= 5.18457119068294
FoliarEnabled= true
FoliarAppDate= 06/07/1989
FoliarForageBegin= 06/05/1989
FoliarForageEnd= 06/28/1989
AIContactFactor= 1.33173859457951
CL4Pollen= 2.50816136039793
CL4Nectar= 83.1397569272667
CL5Pollen= 1.48014798201621
CL5Nectar= 97.8829422150739
CLDPollen= 5.66674844082445
CLDNectar= 124.552992603276
CA13Pollen= 5.1853070336394
CA13Nectar= 96.432598400861
CA410Pollen= 4.84183033932932
CA410Nectar= 88.7162290280685
CA1120Pollen= 2.9373279560823
CA1120Nectar= 77.597997635603
IPollenTrips= 8.43480662675574
INectarTrips= 6.06687187450007
IPollenLoad= 2.5241574482061
INectarLoad= 7.87071143044159
ESoilP= 1.86037952639163
ESoilFoc= 0.0182763884186279
