ICQueenStrength= 3.45203900733031
RQWkrDrnRatio= 2.38665084168315
ICDroneMiteSurvivorship= 69.5906291250139
ICWorkerMiteSurvivorship= 32.5496784644201
ICForagerLifespan= 8.42845361120999
ImmType= Logarithmic
RQQueenStrength= 4.08478964492679
RQEnableReQueen= true
AIAdultSlope= 3.904436936602
AIAdultLD50= 55.0754775555902
AIAdultSlopeContact= 3.92902884306386
AIAdultLD50Contact= 84.4887629405644
AILarvaSlope= 5.44577695056796
AILarvaLD50= 97.1977012602189
AIKOW= 70042.4670396987
AIKOC= 28211.9164256251
AIHalfLife= 16.4667961453786
EAppRate= 1.78118446083413
FoliarEnabled= true
FoliarAppDate= 06/07/1989
FoliarForageBegin= 06/05/1989
FoliarForageEnd= 06/28/1989
AIContactFactor= 1.27438811652362
CL4Pollen= 1.70903588365763
CL4Nectar= 90.304186870344
CL5Pollen= 1.62267684470862
CL5Nectar= 144.158828328364
CLDPollen= 3.87260190071538
CLDNectar= 27.4396415683441
CA13Pollen= 5.31674420768395
CA13Nectar= 80.5448527820408
CA410Pollen= 5.17719872058369
CA410Nectar= 129.991937135346
CA1120Pollen= 0.0877474606968462
CA1120Nectar= 99.1917991638184
IPollenTrips= 5.15113112982363
INectarTrips= 5.62038516160101
IPollenLoad= 5.02383739454672
INectarLoad= 0.219502232503146
ESoilP= 1.70730723836459
ESoilFoc= 0.00309214473562315
