ICQueenStrength= 3.97434267005883
RQWkrDrnRatio= 2.0575737087056
ICDroneMiteSurvivorship= 83.9016241487116
ICWorkerMiteSurvivorship= 6.36042403057218
ICForagerLifespan= 10.4974171509966
ImmType= Tangent
RQQueenStrength= 4.04550858330913
RQEnableReQueen= true
AIAdultSlope= 4.30638144724071
AIAdultLD50= 10.1342037890933
AIAdultSlopeContact= 2.78824266418815
AIAdultLD50Contact= 90.1334610229498
AILarvaSlope= 8.87654396146536
AILarvaLD50= 97.389359149917
AIKOW= 38550.0304616437
AIKOC= 76805.8812687583
AIHalfLife= 31.0557530323742
EAppRate= 7.00009468905116
FoliarEnabled= true
FoliarAppDate= 06/07/1989
FoliarForageBegin= 06/05/1989
FoliarForageEnd= 06/28/1989
AIContactFactor= 1.21963955847081
CL4Pollen= 1.76961469557136
CL4Nectar= 38.9584634685889
CL5Pollen= 3.10642833542079
CL5Nectar= 44.6618482237682
CLDPollen= 2.12454077415168
CLDNectar= 45.1850727433339
CA13Pollen= 7.75233513982966
CA13Nectar= 33.744851667434
CA410Pollen= 6.35136585452128
CA410Nectar= 146.302928091027
CA1120Pollen= 1.99578513437882
CA1120Nectar= 66.0666304454207
IPollenTrips= 9.51676105381921
INectarTrips= 8.66857140092179
IPollenLoad= 6.96646934840828
INectarLoad= 0.172457499429584
ESoilP= 1.83029328472912
ESoilFoc= 0.0137144195481669
