ICQueenStrength= 2.32815713761374
RQWkrDrnRatio= 2.74029868841171
ICDroneMiteSurvivorship= 29.8845163779333
ICWorkerMiteSurvivorship= 46.9246096210554
ICForagerLifespan= 8.41731460951269
ImmType= Exponential
RQQueenStrength= 2.56299180118367
RQEnableReQueen= true
AIAdultSlope= 6.11731510050595
AIAdultLD50= 95.2756629117676
AIAdultSlopeContact= 3.75164464837871
AIAdultLD50Contact= 20.7728953129295
AILarvaSlope= 5.96665151976049
AILarvaLD50= 74.5248916927986
AIKOW= 95246.0587587679
AIKOC= 47327.9999261256
AIHalfLife= 2.58037492032163
EAppRate= 0.926684818447568
FoliarEnabled= true
FoliarAppDate= 06/07/1989
FoliarForageBegin= 06/05/1989
FoliarForageEnd= 06/28/1989
AIContactFactor= 2.07269237765577
CL4Pollen= 2.98986233025789
CL4Nectar= 59.3002787558362
CL5Pollen= 5.94431439321488
CL5Nectar= 85.5646621668711
CLDPollen= 4.48364495392889
CLDNectar= 114.11402116064
CA13Pollen= 6.35363399637863
CA13Nectar= 58.4128612279892
CA410Pollen= 6.1846629987238
CA410Nectar= 128.171059405431
CA1120Pollen= 2.29841444129124
CA1120Nectar= 87.7800869941711
IPollenTrips= 5.06351923570037
INectarTrips= 12.1433428418823
IPollenLoad= 5.37635465385392
INectarLoad= 4.52147782314569
ESoilP= 1.62316219462082
ESoilFoc= 0.0123862960268743
