ICQueenStrength= 3.27572588366456
RQWkrDrnRatio= 1.17089402209967
ICDroneMiteSurvivorship= 11.3750458694994
ICWorkerMiteSurvivorship= 95.1525435550138
ICForagerLifespan= 15.7843785556033
ImmType= Logarithmic
AIAdultSlope= 3.69393565471284
AIAdultLD50= 0.0225151740014553
AIAdultSlopeContact= 3.03762644843431
AIAdultLD50Contact= 0.0361879747710191
AILarvaSlope= 0.317684553004801
AILarvaLD50= 0.164234303729609
AIKOW= 3.7950642388314
AIKOC= 18.8329181529116
AIHalfLife= 0.14933710435871
EAppRate= 8.29636367736384
FoliarEnabled= true
