ICQueenStrength= 1.8844571118243
RQWkrDrnRatio= 1.02656476944685
ICDroneMiteSurvivorship= 23.9986073225737
ICWorkerMiteSurvivorship= 38.7734241783619
ICForagerLifespan= 14.2291416041553
ImmType= Sine
RQQueenStrength= 5.97051447513513
RQEnableReQueen= true
AIAdultSlope= 6.79645446129143
AIAdultLD50= 89.6339243566643
AIAdultSlopeContact= 2.03103802306578
AIAdultLD50Contact= 84.8874313026606
AILarvaSlope= 7.45989458635449
AILarvaLD50= 61.78524052441
AIKOW= 18552.1455671616
AIKOC= 18747.418165839
AIHalfLife= 16.2657631389564
EAppRate= 3.12306125603896
FoliarEnabled= true
FoliarAppDate= 06/07/1989
FoliarForageBegin= 06/05/1989
FoliarForageEnd= 06/28/1989
AIContactFactor= 0.310921712154523
CL4Pollen= 2.5814665928483
CL4Nectar= 18.9610226545483
CL5Pollen= 2.41661949595436
CL5Nectar= 126.824666687753
CLDPollen= 0.317591458093375
CLDNectar= 92.371366568841
CA13Pollen= 5.34715356798842
CA13Nectar= 53.9240747317672
CA410Pollen= 6.0041766181821
CA410Nectar= 193.826992218383
CA1120Pollen= 1.14125112863258
CA1120Nectar= 72.760550621897
IPollenTrips= 5.0111045408994
INectarTrips= 9.19422706589103
IPollenLoad= 3.85769651038572
INectarLoad= 5.0343954609707
ESoilP= 1.98299846774898
ESoilFoc= 0.0101515063536353
