ICQueenStrength= 5.67913189902902
RQWkrDrnRatio= 1.56308388896286
ICDroneMiteSurvivorship= 89.2367754597217
ICWorkerMiteSurvivorship= 89.9151082383469
ICForagerLifespan= 6.36458268389106
ImmType= Tangent
RQQueenStrength= 5.21936547267251
RQEnableReQueen= true
AIAdultSlope= 3.298694036901
AIAdultLD50= 90.0568810426579
AIAdultSlopeContact= 7.49586054915562
AIAdultLD50Contact= 76.0235961733854
AILarvaSlope= 3.59220674447715
AILarvaLD50= 20.9433424965339
AIKOW= 11894.9777541735
AIKOC= 94789.4519179999
AIHalfLife= 18.8150501088239
EAppRate= 4.36522846063226
FoliarEnabled= true
FoliarAppDate= 06/07/1989
FoliarForageBegin= 06/05/1989
FoliarForageEnd= 06/28/1989
AIContactFactor= 0.771115951277316
CL4Pollen= 3.51661032065749
CL4Nectar= 50.2280162414536
CL5Pollen= 2.69570050947368
CL5Nectar= 49.6800753870048
CLDPollen= 4.33166682114825
CLDNectar= 112.786313728429
CA13Pollen= 7.09969709888101
CA13Nectar= 24.6977207995951
CA410Pollen= 3.23194940392859
CA410Nectar= 174.095872249454
CA1120Pollen= 0.633785114390776
CA1120Nectar= 67.057095374912
IPollenTrips= 7.13784807128832
INectarTrips= 11.8421556358226
IPollenLoad= 7.28135646786541
INectarLoad= 7.86255435086787
