ICQueenStrength= 1.45695834211074
RQWkrDrnRatio= 2.51661690976471
ICDroneMiteSurvivorship= 30.1452245796099
ICWorkerMiteSurvivorship= 44.579544919543
ICForagerLifespan= 8.89017288479954
ImmType= Cosine
RQQueenStrength= 1.22703238064423
RQEnableReQueen= true
AIAdultSlope= 6.83108577877283
AIAdultLD50= 18.1284002246333
AIAdultSlopeContact= 7.2382366489619
AIAdultLD50Contact= 0.90020819246117
AILarvaSlope= 4.41614608466625
AILarvaLD50= 10.8081192943302
AIKOW= 14753.7397250984
AIKOC= 70265.0487001997
AIHalfLife= 28.1980079741683
EAppRate= 9.69341286489298
FoliarEnabled= true
FoliarAppDate= 06/07/1989
FoliarForageBegin= 06/05/1989
FoliarForageEnd= 06/28/1989
AIContactFactor= 1.93637708506547
CL4Pollen= 2.15439810603857
CL4Nectar= 81.6550639690831
CL5Pollen= 0.965086018200964
CL5Nectar= 142.486779950559
CLDPollen= 2.3666439447552
CLDNectar= 149.030896439217
CA13Pollen= 4.4690496169962
CA13Nectar= 62.8498211875558
CA410Pollen= 8.7278285640059
CA410Nectar= 127.291185255162
CA1120Pollen= 0.735608685063198
CA1120Nectar= 44.9914955347776
IPollenTrips= 9.39890490146354
INectarTrips= 7.3705649911426
IPollenLoad= 8.35235303267837
INectarLoad= 9.02934854617342
