ICQueenStrength= 2.22884753718972
RQWkrDrnRatio= 3.24289367813617
ICDroneMiteSurvivorship= 60.5708165559918
ICWorkerMiteSurvivorship= 93.7574522802606
ICForagerLifespan= 9.44723639078438
ImmType= Sine
RQQueenStrength= 2.93347215279937
RQEnableReQueen=true
AIAdultSlope= 6.37504187040031
AIAdultLD50= 0.676663975873264
AIAdultSlopeContact= 1.90967653295957
AIAdultLD50Contact= 89.0647213606485
AILarvaSlope= 6.9510794468224
AILarvaLD50= 44.0910920019557
AIKOW= 80608.0086456606
AIKOC= 44843.6437107516
AIHalfLife= 12.068966496666
EAppRate= 0.649635517643998
FoliarEnabled=true
FoliarAppDate= 07/01/1989
FoliarForageBegin= 07/01/1989
FoliarForageEnd= 07/14/1989
AIContactFactor= 0.777250070567243
CL4Pollen= 0.766899337992072
CL4Nectar= 2.33678533695638
CL5Pollen= 5.06636996939778
CL5Nectar= 61.2400347716175
CLDPollen= 2.50536364875734
CLDNectar= 56.8363125203177
CA13Pollen= 6.41879865275696
CA13Nectar= 20.202073212713
CA410Pollen= 7.04051836952567
CA410Nectar= 162.98365116585
CA1120Pollen= 2.23033338901587
CA1120Nectar= 51.9100902043283
IPollenTrips= 11.8288759910502
INectarTrips= 12.6188121875748
IPollenLoad= 1.9052025815472
INectarLoad= 6.27171318279579
