ICQueenStrength= 1.26914730784483
RQWkrDrnRatio= 3.57976624928415
ICDroneMiteSurvivorship= 76.331940270029
ICWorkerMiteSurvivorship= 77.4126997450367
ICForagerLifespan= 10.4750945474952
ImmType= Sine
RQQueenStrength= 2.33207482169382
RQEnableReQueen= true
AIAdultSlope= 1.40361436083913
AIAdultLD50= 82.4941641132918
AIAdultSlopeContact= 2.72897430229932
AIAdultLD50Contact= 56.0888251265185
AILarvaSlope= 4.27585388720036
AILarvaLD50= 99.2993728937595
AIKOW= 31149.1035789339
AIKOC= 52849.3048919332
AIHalfLife= 2.89056172973942
EAppRate= 4.44816647163057
FoliarEnabled= true
FoliarAppDate= 06/07/1989
FoliarForageBegin= 06/05/1989
FoliarForageEnd= 06/28/1989
AIContactFactor= 0.769066962157376
CL4Pollen= 3.6852662563324
CL4Nectar= 41.9728505192325
CL5Pollen= 2.71618597442284
CL5Nectar= 59.5613379380666
CLDPollen= 3.44529988104478
CLDNectar= 118.028401129413
CA13Pollen= 4.35092223882675
CA13Nectar= 81.8461213633418
CA410Pollen= 5.78544036329258
CA410Nectar= 161.325257383287
CA1120Pollen= 0.390276070218533
CA1120Nectar= 54.2063139565289
IPollenTrips= 11.1107423063368
INectarTrips= 9.62764613563195
IPollenLoad= 0.00326956622302532
INectarLoad= 8.05411187699065
