ICQueenStrength= 4.92747921054251
RQWkrDrnRatio= 4.0596373360604
ICDroneMiteSurvivorship= 68.0389519082382
ICWorkerMiteSurvivorship= 2.17355499044061
ICForagerLifespan= 9.37987572047859
ImmType= Exponential
RQQueenStrength= 5.31223371531814
RQEnableReQueen= true
AIAdultSlope= 8.5955285448581
AIAdultLD50= 20.1210840390122
AIAdultSlopeContact= 7.00528728426434
AIAdultLD50Contact= 90.9134419794655
AILarvaSlope= 7.888712387532
AILarvaLD50= 89.5412655090257
AIKOW= 23835.3211694592
AIKOC= 56300.4244587494
AIHalfLife= 23.3843279183842
EAppRate= 4.43894280929724
FoliarEnabled= true
FoliarAppDate= 06/07/1989
FoliarForageBegin= 06/05/1989
FoliarForageEnd= 06/28/1989
AIContactFactor= 2.10932695138734
CL4Pollen= 0.27765354141593
CL4Nectar= 72.394434758462
CL5Pollen= 5.1171080712229
CL5Nectar= 41.9886606512591
CLDPollen= 4.39553641621023
CLDNectar= 15.802068868652
CA13Pollen= 5.93288761265576
CA13Nectar= 51.5879890322685
CA410Pollen= 7.31276541198604
CA410Nectar= 72.9332973854616
CA1120Pollen= 0.982374175451696
CA1120Nectar= 97.9560888931155
IPollenTrips= 5.05874600727111
INectarTrips= 13.1713014934212
IPollenLoad= 0.389026335906237
INectarLoad= 6.81952945888042
ESoilP= 1.9274105434306
ESoilFoc= 0.0199772552917711
