ICQueenStrength= 4.7408128939569
RQWkrDrnRatio= 1.38628445006907
ICDroneMiteSurvivorship= 55.0000063609332
ICWorkerMiteSurvivorship= 58.4954466903582
ICForagerLifespan= 11.2420718409121
ImmType= Cosine
RQQueenStrength= 4.06121199019253
RQEnableReQueen=true
AIAdultSlope= 5.3731439653784
AIAdultLD50= 0.472055098940618
AIAdultSlopeContact= 3.53213030938059
AIAdultLD50Contact= 63.0239180583758
AILarvaSlope= 8.53999892249703
AILarvaLD50= 44.6819229789721
AIKOW= 90071.7503307739
AIKOC= 76966.9142722599
AIHalfLife= 15.9994422175921
EAppRate= 0.825787898656679
FoliarEnabled=true
FoliarAppDate= 07/01/1989
FoliarForageBegin= 07/01/1989
FoliarForageEnd= 07/14/1989
AIContactFactor= 1.40186971831135
CL4Pollen= 3.51662654988468
CL4Nectar= 22.0441105077043
CL5Pollen= 3.64242501324043
CL5Nectar= 146.611920115538
CLDPollen= 2.75278456276283
CLDNectar= 130.845307046548
CA13Pollen= 3.7974237434566
CA13Nectar= 57.946494743228
CA410Pollen= 3.50173849982675
CA410Nectar= 185.198494796641
CA1120Pollen= 1.79410016862676
CA1120Nectar= 26.889424007386
IPollenTrips= 12.975063722115
INectarTrips= 11.4194184844382
IPollenLoad= 4.10175601718947
INectarLoad= 8.23802221566439
