ICQueenStrength= 3.72162425797433
RQWkrDrnRatio= 3.24746252316982
ICDroneMiteSurvivorship= 42.6412231521681
ICWorkerMiteSurvivorship= 64.2117576673627
ICForagerLifespan= 12.9663023380563
ImmType= Polynomial
RQQueenStrength= 1.80024730181322
RQEnableReQueen= true
AIAdultSlope= 1.69865068979561
AIAdultLD50= 60.2040665315976
AIAdultSlopeContact= 7.61948431073688
AIAdultLD50Contact= 27.9190937947265
AILarvaSlope= 1.2973062004894
AILarvaLD50= 15.9279085940076
AIKOW= 81128.2977241406
AIKOC= 75066.0027418605
AIHalfLife= 27.8761358975898
EAppRate= 6.05905222321418
FoliarEnabled= true
FoliarAppDate= 06/07/1989
FoliarForageBegin= 06/05/1989
FoliarForageEnd= 06/28/1989
AIContactFactor= 2.33744747466873
CL4Pollen= 2.70147256646305
CL4Nectar= 55.9854931896552
CL5Pollen= 3.45017046527937
CL5Nectar= 59.9675206351094
CLDPollen= 0.243852968327701
CLDNectar= 141.285486146808
CA13Pollen= 2.88044142005965
CA13Nectar= 96.868093945086
CA410Pollen= 8.97936486266553
CA410Nectar= 180.663965814747
CA1120Pollen= 1.38466142909601
CA1120Nectar= 43.7188148126006
IPollenTrips= 11.9265706720762
INectarTrips= 12.7064329083078
IPollenLoad= 6.80176524212584
INectarLoad= 0.568119147792459
