ICQueenStrength= 4.45314770122059
RQWkrDrnRatio= 3.3213325124234
ICDroneMiteSurvivorship= 58.6075133178383
ICWorkerMiteSurvivorship= 68.9396850997582
ICForagerLifespan= 9.74686871189624
ImmType= Exponential
RQQueenStrength= 1.25827576173469
RQEnableReQueen= true
AIAdultSlope= 6.9575751312077
AIAdultLD50= 18.084453391172
AIAdultSlopeContact= 6.92877029208466
AIAdultLD50Contact= 8.65804928963585
AILarvaSlope= 2.0394262354821
AILarvaLD50= 66.4167381600796
AIKOW= 60930.5424336823
AIKOC= 2595.59713981184
AIHalfLife= 21.4032437486807
EAppRate= 9.42134319945681
FoliarEnabled= true
FoliarAppDate= 06/07/1989
FoliarForageBegin= 06/05/1989
FoliarForageEnd= 06/28/1989
AIContactFactor= 1.57981132436078
CL4Pollen= 3.84427501447499
CL4Nectar= 77.3524828022346
CL5Pollen= 5.67820880748332
CL5Nectar= 92.4988522776403
CLDPollen= 1.73692487552762
CLDNectar= 49.1316609433852
CA13Pollen= 8.04593315701932
CA13Nectar= 82.6510478183627
CA410Pollen= 3.55357598718256
CA410Nectar= 94.0228573139757
CA1120Pollen= 2.36635691905394
CA1120Nectar= 77.8588787280023
IPollenTrips= 14.9560134648345
INectarTrips= 8.71742497663945
IPollenLoad= 0.394117420073599
INectarLoad= 4.92634424706921
ESoilP= 1.94061969406903
ESoilFoc= 0.0193174717465881
