ICQueenStrength= 1.32268741284497
RQWkrDrnRatio= 4.51593849249184
ICDroneMiteSurvivorship= 63.7734399875626
ICWorkerMiteSurvivorship= 62.7258050488308
ICForagerLifespan= 6.82154217083007
ImmType= Exponential
RQQueenStrength= 2.89863022766076
RQEnableReQueen= true
AIAdultSlope= 3.00513672828674
AIAdultLD50= 0.348708660592791
AIAdultSlopeContact= 6.08601441513747
AIAdultLD50Contact= 93.3264765722014
AILarvaSlope= 2.76511040888727
AILarvaLD50= 35.6087979415259
AIKOW= 7095.48881328379
AIKOC= 88492.1420513834
AIHalfLife= 11.4488759965869
EAppRate= 4.57784003877873
FoliarEnabled= true
FoliarAppDate= 09/01/1989
FoliarForageBegin= 09/01/1989
FoliarForageEnd= 09/08/1989
AIContactFactor= 1.6011983108893
CL4Pollen= 2.19892099499702
CL4Nectar= 53.0296074459329
CL5Pollen= 2.6897452021949
CL5Nectar= 50.3675682004541
CLDPollen= 0.00599119020625949
CLDNectar= 11.1118172993883
CA13Pollen= 7.02360239187255
CA13Nectar= 49.2556693404913
CA410Pollen= 6.75653748116456
CA410Nectar= 105.114184995182
CA1120Pollen= 1.15389174758457
CA1120Nectar= 45.0494300201535
IPollenTrips= 11.2754025845788
INectarTrips= 6.27894021337852
IPollenLoad= 3.99057319154963
INectarLoad= 1.57590058166534
