ICQueenStrength= 3.90170205407776
RQWkrDrnRatio= 3.42453758325428
ICDroneMiteSurvivorship= 51.3590041780844
ICWorkerMiteSurvivorship= 0.277026672847569
ICForagerLifespan= 15.0183251267299
ImmType= Sine
AIAdultSlope= 3.23158321233233
AIAdultLD50= 0.160246832016855
AIAdultSlopeContact= 1.40967949441401
AIAdultLD50Contact= 0.0418799314065836
AILarvaSlope= 2.88081006756984
AILarvaLD50= 0.381325321784243
AIKOW= 2.59264369867742
AIKOC= 11.561568408506
AIHalfLife= 1.30043790119234
EAppRate= 9.41049153218046
FoliarEnabled= true
