ICQueenStrength= 4.64792193099856
RQWkrDrnRatio= 4.97672486212105
ICDroneMiteSurvivorship= 1.12412981688976
ICWorkerMiteSurvivorship= 65.4047989752144
ICForagerLifespan= 8.52808971889317
ImmType= Cosine
RQQueenStrength= 1.75885845068842
RQEnableReQueen=true
AIAdultSlope= 5.31002352759242
AIAdultLD50= 0.435830069919117
AIAdultSlopeContact= 9.61160809639841
AIAdultLD50Contact= 15.6365331540687
AILarvaSlope= 3.46008514985442
AILarvaLD50= 74.4011310334422
AIKOW= 89161.3381810417
AIKOC= 8365.09552983008
AIHalfLife= 3.76435592910275
EAppRate= 4.21915231120936
FoliarEnabled=true
FoliarAppDate= 07/01/1989
FoliarForageBegin= 07/01/1989
FoliarForageEnd= 07/14/1989
AIContactFactor= 0.63399131947197
CL4Pollen= 2.51302369404584
CL4Nectar= 54.3302610982209
CL5Pollen= 1.31498056277633
CL5Nectar= 62.1839212370105
CLDPollen= 1.39954220457003
CLDNectar= 0.649630953557789
CA13Pollen= 2.77922486402094
CA13Nectar= 63.8038130663335
CA410Pollen= 7.65000809908379
CA410Nectar= 198.033908857033
CA1120Pollen= 0.33200010471046
CA1120Nectar= 66.5047249756753
IPollenTrips= 6.46093567600474
INectarTrips= 6.26570757478476
IPollenLoad= 6.06699268566445
INectarLoad= 2.22920812899247
