ICQueenStrength= 3.73577764513902
RQWkrDrnRatio= 1.6552214063704
ICDroneMiteSurvivorship= 96.1925778072327
ICWorkerMiteSurvivorship= 88.709709700197
ICForagerLifespan= 8.73164437990636
ImmType= Exponential
RQQueenStrength= 2.95835862192325
RQEnableReQueen= true
AIAdultSlope= 4.17162720486522
AIAdultLD50= 72.1472886104155
AIAdultSlopeContact= 3.60548808472231
AIAdultLD50Contact= 34.4837445602482
AILarvaSlope= 3.01909865997732
AILarvaLD50= 27.5371551016842
AIKOW= 8352.17385609763
AIKOC= 93383.1950399212
AIHalfLife= 4.45616586585529
EAppRate= 5.31885947697307
FoliarEnabled= true
FoliarAppDate= 06/07/1989
FoliarForageBegin= 06/05/1989
FoliarForageEnd= 06/28/1989
AIContactFactor= 1.02499343365431
CL4Pollen= 3.25639347825199
CL4Nectar= 64.2192789586261
CL5Pollen= 2.64161394769326
CL5Nectar= 107.014873169828
CLDPollen= 5.59772016573697
CLDNectar= 26.2995663215406
CA13Pollen= 3.28100658655167
CA13Nectar= 39.2313146963716
CA410Pollen= 5.66124725916889
CA410Nectar= 37.4327072361484
CA1120Pollen= 0.851677836617455
CA1120Nectar= 92.7467666938901
IPollenTrips= 9.48811274021864
INectarTrips= 6.92701774416491
IPollenLoad= 3.5807817731984
INectarLoad= 5.94276155345142
ESoilP= 1.79773712600581
ESoilFoc= 0.00579432528931648
