ICQueenStrength= 5.46186602697708
RQWkrDrnRatio= 2.10435483790934
ICDroneMiteSurvivorship= 89.9935339111835
ICWorkerMiteSurvivorship= 89.8205135948956
ICForagerLifespan= 10.5235590916127
ImmType= Polynomial
RQQueenStrength= 5.48873494402505
RQEnableReQueen= true
AIAdultSlope= 3.144277414307
AIAdultLD50= 50.5820992178987
AIAdultSlopeContact= 9.44758748845197
AIAdultLD50Contact= 25.7069666854555
AILarvaSlope= 8.92747351899743
AILarvaLD50= 49.2636503026397
AIKOW= 6202.30103046842
AIKOC= 80634.0539523789
AIHalfLife= 10.0440140986815
EAppRate= 8.68005465923436
FoliarEnabled= true
FoliarAppDate= 06/07/1989
FoliarForageBegin= 06/05/1989
FoliarForageEnd= 06/28/1989
AIContactFactor= 0.30289313683752
CL4Pollen= 3.69750139769167
CL4Nectar= 54.3299445416778
CL5Pollen= 4.54324032599106
CL5Nectar= 140.085083269514
CLDPollen= 0.738997035194188
CLDNectar= 15.2905089897104
CA13Pollen= 2.48271044883877
CA13Nectar= 93.971011005342
CA410Pollen= 4.00084768026136
CA410Nectar= 51.1577838752419
CA1120Pollen= 1.99428671342321
CA1120Nectar= 97.3000751435757
IPollenTrips= 5.31822580378503
INectarTrips= 12.2129288408905
IPollenLoad= 7.1864793729037
INectarLoad= 8.72843678342178
