ICQueenStrength= 5.79676715563983
RQWkrDrnRatio= 1.43937509972602
ICDroneMiteSurvivorship= 7.25389318540692
ICWorkerMiteSurvivorship= 60.3800408542156
ICForagerLifespan= 10.9610644662753
ImmType= Sine
RQQueenStrength= 3.59297688142397
RQEnableReQueen= true
AIAdultSlope= 7.06019801832736
AIAdultLD50= 74.8619868606888
AIAdultSlopeContact= 6.28256365749985
AIAdultLD50Contact= 96.2730467023854
AILarvaSlope= 3.58573083765805
AILarvaLD50= 4.34516176700196
AIKOW= 84261.4412213816
AIKOC= 71362.3754188675
AIHalfLife= 30.7978979241336
EAppRate= 9.31618187507172
FoliarEnabled= true
FoliarAppDate= 06/07/1989
FoliarForageBegin= 06/05/1989
FoliarForageEnd= 06/28/1989
AIContactFactor= 0.750778351509944
CL4Pollen= 2.99884868320078
CL4Nectar= 83.3042454905808
CL5Pollen= 2.14036502642557
CL5Nectar= 18.6470135115087
CLDPollen= 0.00397672690451145
CLDNectar= 18.8983130268753
CA13Pollen= 4.55135367140174
CA13Nectar= 85.2845738641918
CA410Pollen= 4.82109356347937
CA410Nectar= 190.415562698618
CA1120Pollen= 0.592327472520992
CA1120Nectar= 70.5969068594277
IPollenTrips= 8.43217083951458
INectarTrips= 7.51927251461893
IPollenLoad= 3.6092952825129
INectarLoad= 6.82816359447315
ESoilP= 1.92458785884082
ESoilFoc= 0.0148420028418768
