ICQueenStrength= 5.70505727804266
RQWkrDrnRatio= 2.80456615891308
ICDroneMiteSurvivorship= 77.3115761578083
ICWorkerMiteSurvivorship= 28.9515302283689
ICForagerLifespan= 10.8840229129419
ImmType= Sine
RQQueenStrength= 1.40010170661844
RQEnableReQueen= true
AIAdultSlope= 4.11911841109395
AIAdultLD50= 2.33063686386542
AIAdultSlopeContact= 7.6356112244539
AIAdultLD50Contact= 29.6420040035474
AILarvaSlope= 7.66682762466371
AILarvaLD50= 6.84394062550156
AIKOW= 47316.0896747302
AIKOC= 98473.2471346371
AIHalfLife= 32.8660381130409
EAppRate= 5.55192517923447
FoliarEnabled= true
FoliarAppDate= 06/07/1989
FoliarForageBegin= 06/05/1989
FoliarForageEnd= 06/28/1989
AIContactFactor= 1.58976879676338
CL4Pollen= 2.86513183452189
CL4Nectar= 59.1915227472782
CL5Pollen= 2.53425728855655
CL5Nectar= 103.481410536915
CLDPollen= 4.45087959291413
CLDNectar= 103.990225342568
CA13Pollen= 6.33616755884141
CA13Nectar= 26.8765710480511
CA410Pollen= 3.75349171806593
CA410Nectar= 78.4623928647488
CA1120Pollen= 0.00390364439226687
CA1120Nectar= 27.6350550167263
IPollenTrips= 12.3873200360686
INectarTrips= 12.7796015096828
IPollenLoad= 6.55566079774871
INectarLoad= 0.395969599485397
ESoilP= 1.32113552419469
ESoilFoc= 0.0127157729393803
