ICQueenStrength= 1.21968235843815
RQWkrDrnRatio= 2.75212346576154
ICDroneMiteSurvivorship= 92.0775044476613
ICWorkerMiteSurvivorship= 94.3338107783347
ICForagerLifespan= 12.9441432543099
ImmType= Cosine
RQQueenStrength= 1.57665841770358
RQEnableReQueen= true
AIAdultSlope= 2.83211049251258
AIAdultLD50= 33.3466400319338
AIAdultSlopeContact= 4.30501006916165
AIAdultLD50Contact= 86.7013842279348
AILarvaSlope= 4.58997586928308
AILarvaLD50= 98.2577644356517
AIKOW= 42530.2183449002
AIKOC= 85170.4746320923
AIHalfLife= 23.2918901075609
EAppRate= 8.85345178375905
FoliarEnabled= true
FoliarAppDate= 06/07/1989
FoliarForageBegin= 06/05/1989
FoliarForageEnd= 06/28/1989
AIContactFactor= 2.01240428403486
CL4Pollen= 3.10702526941895
CL4Nectar= 24.5393791934475
CL5Pollen= 4.73720235005021
CL5Nectar= 11.7377079091966
CLDPollen= 0.904566182289273
CLDNectar= 83.6338396416977
CA13Pollen= 4.07786240037531
CA13Nectar= 37.0576249249279
CA410Pollen= 6.58183003028389
CA410Nectar= 91.6847646934912
CA1120Pollen= 1.80265172291547
CA1120Nectar= 29.2800250835717
IPollenTrips= 10.8376448997296
INectarTrips= 6.10908811911941
IPollenLoad= 8.86743307579309
INectarLoad= 9.8631213628687
