ICQueenStrength= 1.20585415768437
RQWkrDrnRatio= 2.30249908939004
ICDroneMiteSurvivorship= 4.55321816261858
ICWorkerMiteSurvivorship= 44.2454999545589
ICForagerLifespan= 5.63740011584014
ImmType= Polynomial
AIAdultSlope= 2.82719189990312
AIAdultLD50= 0.1746713378001
AIAdultSlopeContact= 1.38771723269485
AIAdultLD50Contact= 0.0251552901114337
AILarvaSlope= 1.26241598329507
AILarvaLD50= 0.0494951153872535
AIKOW= 3.39215691946447
AIKOC= 8.74094716389664
AIHalfLife= 1.62232006902341
EAppRate= 4.84846421983093
FoliarEnabled= true
