ICQueenStrength= 5.37544158659875
RQWkrDrnRatio= 2.73564957268536
ICDroneMiteSurvivorship= 1.12843986134976
ICWorkerMiteSurvivorship= 24.32634991128
ICForagerLifespan= 15.4401880176738
ImmType= Sine
RQQueenStrength= 4.60690332832746
RQEnableReQueen= true
AIAdultSlope= 7.61542164720595
AIAdultLD50= 3.50091190676228
AIAdultSlopeContact= 3.29721275018528
AIAdultLD50Contact= 67.46806487207
AILarvaSlope= 6.01723803766072
AILarvaLD50= 6.18232411304303
AIKOW= 38502.8197925632
AIKOC= 36645.779518937
AIHalfLife= 8.23158507721964
EAppRate= 1.49834589748946
FoliarEnabled= true
FoliarAppDate= 06/07/1989
FoliarForageBegin= 06/05/1989
FoliarForageEnd= 06/28/1989
AIContactFactor= 0.549858484668657
CL4Pollen= 2.78720103576779
CL4Nectar= 91.9068059651181
CL5Pollen= 5.84286895394325
CL5Nectar= 2.05395320663229
CLDPollen= 0.414096065796912
CLDNectar= 57.6158277690411
CA13Pollen= 4.20181480450556
CA13Nectar= 47.1830671094358
CA410Pollen= 7.14248547116294
CA410Nectar= 51.3998775044456
CA1120Pollen= 1.71184696722776
CA1120Nectar= 60.5032712779939
IPollenTrips= 14.7757282247767
INectarTrips= 14.893842684105
IPollenLoad= 6.30129945464432
INectarLoad= 8.41905656270683
ESoilP= 1.33129276009277
ESoilFoc= 0.0113917338519823
