ICQueenStrength= 5.6753062994685
RQWkrDrnRatio= 3.58792152255774
ICDroneMiteSurvivorship= 16.9533933978528
ICWorkerMiteSurvivorship= 90.824669948779
ICForagerLifespan= 10.0100463675335
ImmType= Cosine
RQQueenStrength= 2.84048581286334
RQEnableReQueen= true
AIAdultSlope= 4.47212969139218
AIAdultLD50= 93.8902379746793
AIAdultSlopeContact= 5.0413450433407
AIAdultLD50Contact= 13.595732644232
AILarvaSlope= 1.01726662553847
AILarvaLD50= 73.9592354636418
AIKOW= 50098.6644608114
AIKOC= 48636.4150585691
AIHalfLife= 16.0893599285744
EAppRate= 6.48838643854903
FoliarEnabled= true
FoliarAppDate= 06/07/1989
FoliarForageBegin= 06/05/1989
FoliarForageEnd= 06/28/1989
AIContactFactor= 0.916239064140245
CL4Pollen= 1.8036067597568
CL4Nectar= 79.3530385242775
CL5Pollen= 0.77028498519212
CL5Nectar= 48.5667802509852
CLDPollen= 0.325458776671439
CLDNectar= 69.6900243521668
CA13Pollen= 2.9641489515081
CA13Nectar= 86.2348347343504
CA410Pollen= 2.54271627217531
CA410Nectar= 91.3522637728602
CA1120Pollen= 2.60722536756657
CA1120Nectar= 87.8617093153298
IPollenTrips= 12.5006504915655
INectarTrips= 10.8735230867751
IPollenLoad= 0.039882103446871
INectarLoad= 9.7294412786141
