ICQueenStrength= 4.68097784579732
RQWkrDrnRatio= 1.1802434977144
ICDroneMiteSurvivorship= 80.7062549050897
ICWorkerMiteSurvivorship= 83.4030103636906
ICForagerLifespan= 8.82115409243852
ImmType= Sine
RQQueenStrength= 1.98771528457291
RQEnableReQueen= true
AIAdultSlope= 4.36594998091459
AIAdultLD50= 45.9211757385738
AIAdultSlopeContact= 5.16445109876804
AIAdultLD50Contact= 86.467951862806
AILarvaSlope= 7.12894709408283
AILarvaLD50= 29.460439430865
AIKOW= 32321.0010230335
AIKOC= 88257.9051712938
AIHalfLife= 15.743453692575
EAppRate= 0.429047286510468
FoliarEnabled= true
FoliarAppDate= 06/07/1989
FoliarForageBegin= 06/05/1989
FoliarForageEnd= 06/28/1989
AIContactFactor= 1.86702447783668
CL4Pollen= 0.654318310320377
CL4Nectar= 41.99079410173
CL5Pollen= 3.49440652085468
CL5Nectar= 42.4811946228147
CLDPollen= 4.06277648219839
CLDNectar= 138.899014145136
CA13Pollen= 6.24345517000183
CA13Nectar= 82.5891736708581
CA410Pollen= 6.00452959924005
CA410Nectar= 94.9310808209702
CA1120Pollen= 0.63697176380083
CA1120Nectar= 38.4046934731305
IPollenTrips= 10.1085596205667
INectarTrips= 6.80680682184175
IPollenLoad= 8.77018844243139
INectarLoad= 4.14282657206059
ESoilP= 1.06988868163899
ESoilFoc= 0.0142390489594545
