ICQueenStrength= 4.21502852137201
RQWkrDrnRatio= 2.20995390787721
ICDroneMiteSurvivorship= 99.4014544645324
ICWorkerMiteSurvivorship= 79.5753009850159
ICForagerLifespan= 12.9438907578588
ImmType= Tangent
RQQueenStrength= 4.43029221170582
RQEnableReQueen= true
AIAdultSlope= 4.80628478340805
AIAdultLD50= 92.9071082827696
AIAdultSlopeContact= 9.0482354501728
AIAdultLD50Contact= 3.28180227812892
AILarvaSlope= 3.57062854245305
AILarvaLD50= 15.9830657383276
AIKOW= 68206.2520541512
AIKOC= 39044.178803164
AIHalfLife= 18.8964167183964
EAppRate= 1.02403098365548
FoliarEnabled= true
FoliarAppDate= 06/07/1989
FoliarForageBegin= 06/05/1989
FoliarForageEnd= 06/28/1989
AIContactFactor= 1.63758276978042
CL4Pollen= 0.499729974195361
CL4Nectar= 10.0985819008201
CL5Pollen= 2.08935965085402
CL5Nectar= 12.896675686352
CLDPollen= 4.60287282429636
CLDNectar= 136.931946629193
CA13Pollen= 5.30314204962924
CA13Nectar= 94.4793515466154
CA410Pollen= 4.99219275240321
CA410Nectar= 109.771841997281
CA1120Pollen= 2.96460757101886
CA1120Nectar= 34.5356567017734
IPollenTrips= 9.90768486866727
INectarTrips= 7.61799128726125
IPollenLoad= 7.42341728881001
INectarLoad= 5.42526984354481
ESoilP= 1.60808913316578
ESoilFoc= 0.00109933358803391
