ICQueenStrength= 4.23883250262588
RQWkrDrnRatio= 3.04411216080189
ICDroneMiteSurvivorship= 39.6387740503997
ICWorkerMiteSurvivorship= 81.6614719107747
ICForagerLifespan= 4.17724783997983
ImmType= Sine
RQQueenStrength= 4.39890170656145
RQEnableReQueen=true
AIAdultSlope= 8.93554020114243
AIAdultLD50= 0.733848469419405
AIAdultSlopeContact= 4.4920698592905
AIAdultLD50Contact= 46.7374790997081
AILarvaSlope= 3.00155461393297
AILarvaLD50= 12.9355627173795
AIKOW= 79459.9724751607
AIKOC= 97347.3192734898
AIHalfLife= 29.7238144881092
EAppRate= 5.33604845923116
FoliarEnabled=true
FoliarAppDate= 07/01/1989
FoliarForageBegin= 07/01/1989
FoliarForageEnd= 07/14/1989
AIContactFactor= 1.80704938514158
CL4Pollen= 3.12271009292454
CL4Nectar= 62.5471690436825
CL5Pollen= 5.5302342097275
CL5Nectar= 119.079697038978
CLDPollen= 2.89457386778668
CLDNectar= 40.5442377319559
CA13Pollen= 6.89372649816796
CA13Nectar= 26.932542975992
CA410Pollen= 7.44911215174943
CA410Nectar= 123.395097078755
CA1120Pollen= 1.2008164760191
CA1120Nectar= 20.9954796731472
IPollenTrips= 12.3043064610101
INectarTrips= 5.5703118420206
IPollenLoad= 3.98903193417937
INectarLoad= 4.22935900744051
