ICQueenStrength= 5.19975131284446
RQWkrDrnRatio= 1.83137966599315
ICDroneMiteSurvivorship= 41.9938501436263
ICWorkerMiteSurvivorship= 18.7324169790372
ICForagerLifespan= 14.9673302313313
ImmType= Tangent
RQQueenStrength= 1.50976591883227
RQEnableReQueen= true
AIAdultSlope= 1.94783468544483
AIAdultLD50= 32.0828018362215
AIAdultSlopeContact= 9.01325123873539
AIAdultLD50Contact= 90.5697234746402
AILarvaSlope= 2.24521287716925
AILarvaLD50= 80.0372109990178
AIKOW= 18035.5073426583
AIKOC= 52141.8240884223
AIHalfLife= 30.2176888068672
EAppRate= 4.53097435728274
FoliarEnabled= true
FoliarAppDate= 06/07/1989
FoliarForageBegin= 06/05/1989
FoliarForageEnd= 06/28/1989
AIContactFactor= 1.61003756174818
CL4Pollen= 1.05095256865025
CL4Nectar= 35.1419413462281
CL5Pollen= 4.58545215195045
CL5Nectar= 14.6065013715997
CLDPollen= 2.21819731174037
CLDNectar= 17.3968693474308
CA13Pollen= 5.91329429093748
CA13Nectar= 30.6665402464569
CA410Pollen= 7.37237999103963
CA410Nectar= 54.1262405412272
CA1120Pollen= 2.38124385732226
CA1120Nectar= 32.0886765420437
IPollenTrips= 9.53414372866973
INectarTrips= 11.163920329418
IPollenLoad= 5.78142099315301
INectarLoad= 9.01579845231026
