ICQueenStrength= 2.74661306431517
RQWkrDrnRatio= 4.89251299481839
ICDroneMiteSurvivorship= 74.2481037741527
ICWorkerMiteSurvivorship= 62.551135616377
ICForagerLifespan= 8.93768683448434
ImmType= Exponential
RQQueenStrength= 1.30977844959125
RQEnableReQueen= true
AIAdultSlope= 1.5446878708899
AIAdultLD50= 63.8327054653796
AIAdultSlopeContact= 7.85860774549656
AIAdultLD50Contact= 79.7413385500165
AILarvaSlope= 8.09382433071733
AILarvaLD50= 41.2579117991745
AIKOW= 36355.2120596243
AIKOC= 53693.8516781235
AIHalfLife= 30.9021188528743
EAppRate= 6.81104079692788
FoliarEnabled= true
FoliarAppDate= 06/07/1989
FoliarForageBegin= 06/05/1989
FoliarForageEnd= 06/28/1989
AIContactFactor= 1.78607534602284
CL4Pollen= 0.527608650736511
CL4Nectar= 62.7807402750477
CL5Pollen= 3.28669341187924
CL5Nectar= 104.548184468877
CLDPollen= 0.86929642315954
CLDNectar= 87.4689331278205
CA13Pollen= 6.40641657710075
CA13Nectar= 41.3689701445401
CA410Pollen= 7.96660614230204
CA410Nectar= 182.894801129587
CA1120Pollen= 0.460460382280871
CA1120Nectar= 92.7188166230917
IPollenTrips= 14.0936240693554
INectarTrips= 5.30532714677975
IPollenLoad= 3.28602928668261
INectarLoad= 9.16264423402026
ESoilP= 1.00473129656166
ESoilFoc= 0.00689980917191133
