ICQueenStrength= 3.79806093871593
RQWkrDrnRatio= 3.19655937235802
ICDroneMiteSurvivorship= 19.2733544623479
ICWorkerMiteSurvivorship= 72.9696866357699
ICForagerLifespan= 4.30585245043039
ImmType= Cosine
RQQueenStrength= 4.95948696322739
RQEnableReQueen=true
AIAdultSlope= 7.2993052136153
AIAdultLD50= 0.56030662986543
AIAdultSlopeContact= 5.63561779563315
AIAdultLD50Contact= 3.90628872782574
AILarvaSlope= 7.7624399587512
AILarvaLD50= 96.7817160127747
AIKOW= 88000.6833825418
AIKOC= 25542.9993234128
AIHalfLife= 29.301592665771
EAppRate= 0.237202560278354
FoliarEnabled=true
FoliarAppDate= 07/01/1989
FoliarForageBegin= 07/01/1989
FoliarForageEnd= 07/14/1989
AIContactFactor= 0.886504308027215
CL4Pollen= 0.668526894412935
CL4Nectar= 63.6629291810095
CL5Pollen= 1.88765053683892
CL5Nectar= 2.85278406227008
CLDPollen= 0.982746745459735
CLDNectar= 68.6995602096431
CA13Pollen= 5.20653125578538
CA13Nectar= 21.2037124298513
CA410Pollen= 4.49099332555197
CA410Nectar= 199.824589816853
CA1120Pollen= 2.56055065593682
CA1120Nectar= 80.5931195057929
IPollenTrips= 10.5005847872235
INectarTrips= 5.21848676726222
IPollenLoad= 9.12591676227748
INectarLoad= 7.50562521861866
