ICQueenStrength= 2.13974827341735
RQWkrDrnRatio= 4.55365557968616
ICDroneMiteSurvivorship= 13.4103219024837
ICWorkerMiteSurvivorship= 47.4190922919661
ICForagerLifespan= 6.33370805252343
ImmType= Cosine
RQQueenStrength= 1.45122209121473
RQEnableReQueen= true
AIAdultSlope= 6.61102206259966
AIAdultLD50= 5.36798358773836
AIAdultSlopeContact= 7.71862864447758
AIAdultLD50Contact= 71.392856440448
AILarvaSlope= 3.48505558073521
AILarvaLD50= 64.4075380172322
AIKOW= 57334.5711046513
AIKOC= 55009.6129630071
AIHalfLife= 24.5177222799044
EAppRate= 7.13067452636454
FoliarEnabled= true
FoliarAppDate= 06/07/1989
FoliarForageBegin= 06/05/1989
FoliarForageEnd= 06/28/1989
AIContactFactor= 1.73819425272755
CL4Pollen= 1.34839311242104
CL4Nectar= 94.0976158715785
CL5Pollen= 5.02526173414662
CL5Nectar= 21.9893136410974
CLDPollen= 4.54805822018534
CLDNectar= 106.731989770196
CA13Pollen= 5.03855538349599
CA13Nectar= 33.4446057491004
CA410Pollen= 8.59280841005966
CA410Nectar= 130.461121164262
CA1120Pollen= 2.19534932007082
CA1120Nectar= 44.4628169573843
IPollenTrips= 11.0796086932532
INectarTrips= 11.9474368775263
IPollenLoad= 8.01747649675235
INectarLoad= 0.654925445560366
