ICQueenStrength= 3.65941511839628
RQWkrDrnRatio= 1.91636770870537
ICDroneMiteSurvivorship= 36.8698603939265
ICWorkerMiteSurvivorship= 40.9090560628101
ICForagerLifespan= 8.64214563090354
ImmType= Cosine
RQQueenStrength= 1.01546699204482
RQEnableReQueen= true
AIAdultSlope= 7.25439928658307
AIAdultLD50= 54.2667163883375
AIAdultSlopeContact= 8.420995736029
AIAdultLD50Contact= 12.8360431177726
AILarvaSlope= 8.69148042239249
AILarvaLD50= 57.3054465780603
AIKOW= 23818.3131953209
AIKOC= 25137.2256697686
AIHalfLife= 17.4904502656776
EAppRate= 5.23188683758932
FoliarEnabled= true
FoliarAppDate= 06/07/1989
FoliarForageBegin= 06/05/1989
FoliarForageEnd= 06/28/1989
AIContactFactor= 0.666096365107223
CL4Pollen= 3.43609564565122
CL4Nectar= 40.3545924462378
CL5Pollen= 2.63595629995689
CL5Nectar= 55.594157113228
CLDPollen= 1.83481570612639
CLDNectar= 137.408370827325
CA13Pollen= 2.3221654927358
CA13Nectar= 28.3864967897534
CA410Pollen= 4.17277437935118
CA410Nectar= 72.7757214615121
CA1120Pollen= 0.670304322615266
CA1120Nectar= 26.6826650872827
IPollenTrips= 10.6922235921957
INectarTrips= 14.2813763441518
IPollenLoad= 0.227648157160729
INectarLoad= 9.46421766187996
