ICQueenStrength= 4.94000516622327
RQWkrDrnRatio= 2.86759123485535
ICDroneMiteSurvivorship= 37.8751581534743
ICWorkerMiteSurvivorship= 45.3733233036473
ICForagerLifespan= 14.1246284246445
ImmType= Exponential
RQQueenStrength= 4.71431630337611
RQEnableReQueen= true
AIAdultSlope= 7.67809238098562
AIAdultLD50= 20.8771536206731
AIAdultSlopeContact= 7.49466675869189
AIAdultLD50Contact= 70.5499905349975
AILarvaSlope= 2.62129976600409
AILarvaLD50= 8.23057459346578
AIKOW= 83767.8595147217
AIKOC= 80038.4909493986
AIHalfLife= 6.16313724592328
EAppRate= 8.11644816544349
FoliarEnabled= true
FoliarAppDate= 06/07/1989
FoliarForageBegin= 06/05/1989
FoliarForageEnd= 06/28/1989
AIContactFactor= 0.532628303160891
CL4Pollen= 3.31287598796189
CL4Nectar= 21.2606576969847
CL5Pollen= 3.58018443826586
CL5Nectar= 51.3755135703832
CLDPollen= 2.86610639747232
CLDNectar= 72.9818060877733
CA13Pollen= 8.01537721119821
CA13Nectar= 73.6428861692548
CA410Pollen= 7.6541689200094
CA410Nectar= 118.528110426851
CA1120Pollen= 1.35971346963197
CA1120Nectar= 58.8038204424083
IPollenTrips= 12.2683213395067
INectarTrips= 6.97217869572341
IPollenLoad= 0.144596069585532
INectarLoad= 0.648535245563835
