ICQueenStrength= 3.37980005331337
RQWkrDrnRatio= 1.08344563655555
ICDroneMiteSurvivorship= 10.7784185092896
ICWorkerMiteSurvivorship= 2.84117322880775
ICForagerLifespan= 9.09120041597635
ImmType= Exponential
RQQueenStrength= 2.74913322902285
RQEnableReQueen= true
AIAdultSlope= 7.94023825973272
AIAdultLD50= 49.1031634212346
AIAdultSlopeContact= 6.46500117378309
AIAdultLD50Contact= 65.6599061821001
AILarvaSlope= 5.93754518218338
AILarvaLD50= 32.9360757494387
AIKOW= 46182.7976895298
AIKOC= 4030.92412316287
AIHalfLife= 17.7197635059245
EAppRate= 8.28208644921961
FoliarEnabled= true
FoliarAppDate= 06/07/1989
FoliarForageBegin= 06/05/1989
FoliarForageEnd= 06/28/1989
AIContactFactor= 1.30825263422914
CL4Pollen= 2.39761573914438
CL4Nectar= 76.2800780823454
CL5Pollen= 5.67794242640957
CL5Nectar= 74.7367347590625
CLDPollen= 5.13964679371566
CLDNectar= 98.1197795597836
CA13Pollen= 2.7783500559628
CA13Nectar= 52.1310096420348
CA410Pollen= 4.73507970587816
CA410Nectar= 69.4114367105067
CA1120Pollen= 1.00750676449388
CA1120Nectar= 81.9225876033306
IPollenTrips= 10.5752285895869
INectarTrips= 8.94359753699973
IPollenLoad= 8.48318142816424
INectarLoad= 3.8322308845818
