ICQueenStrength= 5.66295371879824
RQWkrDrnRatio= 4.5066533703357
ICDroneMiteSurvivorship= 66.5822540177032
ICWorkerMiteSurvivorship= 94.7987618623301
ICForagerLifespan= 5.0915045151487
ImmType= Tangent
RQQueenStrength= 4.02854654146358
RQEnableReQueen= true
AIAdultSlope= 3.43534878455102
AIAdultLD50= 43.9871704338046
AIAdultSlopeContact= 9.8848459944129
AIAdultLD50Contact= 31.2087671576298
AILarvaSlope= 2.92801317572594
AILarvaLD50= 16.6074173804298
AIKOW= 31365.1603363552
AIKOC= 24547.2978803532
AIHalfLife= 34.659937433619
EAppRate= 7.80595642486191
FoliarEnabled= true
FoliarAppDate= 06/07/1989
FoliarForageBegin= 06/05/1989
FoliarForageEnd= 06/28/1989
AIContactFactor= 1.79052958440967
CL4Pollen= 2.76387829426676
CL4Nectar= 97.3579572979361
CL5Pollen= 2.71340250084177
CL5Nectar= 16.9253538362682
CLDPollen= 4.59334594756365
CLDNectar= 75.6067612557672
CA13Pollen= 6.3111132344231
CA13Nectar= 21.931725051254
CA410Pollen= 5.99007623703219
CA410Nectar= 70.9960436355323
CA1120Pollen= 1.97176070907153
CA1120Nectar= 48.7544864416122
IPollenTrips= 14.2795405327342
INectarTrips= 5.39471301715821
IPollenLoad= 0.930083238054067
INectarLoad= 4.58653541747481
