ICQueenStrength= 4.00112985773012
RQWkrDrnRatio= 4.1134235765785
ICDroneMiteSurvivorship= 28.8715709000826
ICWorkerMiteSurvivorship= 51.1474852450192
ICForagerLifespan= 10.4645169517025
ImmType= Sine
RQQueenStrength= 4.61137911910191
RQEnableReQueen= true
AIAdultSlope= 5.27944715879858
AIAdultLD50= 45.1315287748494
AIAdultSlopeContact= 5.15145704289898
AIAdultLD50Contact= 12.8484015516199
AILarvaSlope= 2.43366862460971
AILarvaLD50= 18.1330232170972
AIKOW= 66399.8053481744
AIKOC= 17266.949939769
AIHalfLife= 19.6975710485363
EAppRate= 6.22755582082993
FoliarEnabled= true
FoliarAppDate= 06/07/1989
FoliarForageBegin= 06/05/1989
FoliarForageEnd= 06/28/1989
AIContactFactor= 1.10006463378202
CL4Pollen= 2.25966350641102
CL4Nectar= 60.5222492944449
CL5Pollen= 1.04210122162476
CL5Nectar= 146.091207582504
CLDPollen= 1.46612368198112
CLDNectar= 18.4692265698686
CA13Pollen= 6.28730900520459
CA13Nectar= 49.9094641022384
CA410Pollen= 4.66635076012462
CA410Nectar= 107.223443780094
CA1120Pollen= 2.17480188352056
CA1120Nectar= 77.4186771549284
IPollenTrips= 9.82089959084988
INectarTrips= 5.17316256649792
IPollenLoad= 1.88875296385959
INectarLoad= 1.86631151242182
