ICQueenStrength= 3.46509435470216
RQWkrDrnRatio= 1.88821674603969
ICDroneMiteSurvivorship= 79.4888740638271
ICWorkerMiteSurvivorship= 51.2384259607643
ICForagerLifespan= 10.6053976444528
ImmType= Sine
AIAdultSlope= 2.16443722951692
AIAdultLD50= 0.0678421479184181
AIAdultSlopeContact= 1.5976721903868
AIAdultLD50Contact= 0.0112194053595886
AILarvaSlope= 2.12209533373825
AILarvaLD50= 0.309330758429132
AIKOW= 5.54309997707605
AIKOC= 27.3937757313251
AIHalfLife= 2.71587119703181
EAppRate= 0.550997646059841
FoliarEnabled= true
