ICQueenStrength= 1.90006621787325
RQWkrDrnRatio= 3.63998639117926
ICDroneMiteSurvivorship= 41.0996144637465
ICWorkerMiteSurvivorship= 2.67240023240447
ICForagerLifespan= 10.2874830653891
ImmType= Exponential
RQQueenStrength= 2.86110380687751
RQEnableReQueen= true
AIAdultSlope= 7.07018361799419
AIAdultLD50= 75.554388701336
AIAdultSlopeContact= 8.76680823368952
AIAdultLD50Contact= 25.7919835722793
AILarvaSlope= 7.81440052762628
AILarvaLD50= 26.7073898867504
AIKOW= 79989.0347045485
AIKOC= 21824.1136899048
AIHalfLife= 5.83037738341372
EAppRate= 2.35218685801071
FoliarEnabled= true
FoliarAppDate= 06/07/1989
FoliarForageBegin= 06/05/1989
FoliarForageEnd= 06/28/1989
AIContactFactor= 2.22848473134451
CL4Pollen= 0.227731549181044
CL4Nectar= 63.3251250488684
CL5Pollen= 3.8506489712745
CL5Nectar= 38.5031391168013
CLDPollen= 1.16944473143667
CLDNectar= 26.1991380946711
CA13Pollen= 5.75584184918553
CA13Nectar= 96.3776800222695
CA410Pollen= 6.56366265474353
CA410Nectar= 111.60283697769
CA1120Pollen= 1.80186083586887
CA1120Nectar= 22.9328157752752
IPollenTrips= 14.6322020189837
INectarTrips= 8.77709351712838
IPollenLoad= 8.70905459858477
INectarLoad= 0.70200776681304
ESoilP= 1.45758474478498
ESoilFoc= 0.00466395556135103
