ICQueenStrength= 3.86506507312879
RQWkrDrnRatio= 1.2452859710902
ICDroneMiteSurvivorship= 96.1359416134655
ICWorkerMiteSurvivorship= 14.2839031061158
ICForagerLifespan= 6.16271852981299
ImmType= Tangent
RQQueenStrength= 3.38777623977512
RQEnableReQueen= true
AIAdultSlope= 5.17563138343394
AIAdultLD50= 21.318717014316
AIAdultSlopeContact= 4.48397914553061
AIAdultLD50Contact= 44.352759410321
AILarvaSlope= 7.80397034063935
AILarvaLD50= 59.4701266759569
AIKOW= 54696.8750091144
AIKOC= 37488.1139006263
AIHalfLife= 20.5090060056187
EAppRate= 0.872031307030469
FoliarEnabled= true
FoliarAppDate= 06/07/1989
FoliarForageBegin= 06/05/1989
FoliarForageEnd= 06/28/1989
AIContactFactor= 2.23491866417695
CL4Pollen= 0.666758655570447
CL4Nectar= 79.0720929857343
CL5Pollen= 4.21898910775781
CL5Nectar= 33.9385111816227
CLDPollen= 1.11536664236337
CLDNectar= 107.214166573249
CA13Pollen= 2.97428734954447
CA13Nectar= 61.4705743081868
CA410Pollen= 5.487979989429
CA410Nectar= 36.005910509266
CA1120Pollen= 2.13576770061627
CA1120Nectar= 46.3560365140438
IPollenTrips= 5.46558141941205
INectarTrips= 13.7544962228276
IPollenLoad= 9.89001131383702
INectarLoad= 9.25546558108181
ESoilP= 1.05452779377811
ESoilFoc= 0.0151303631758783
