ICQueenStrength= 3.69360263599083
RQWkrDrnRatio= 1.44774569757283
ICDroneMiteSurvivorship= 80.4041225230321
ICWorkerMiteSurvivorship= 82.01306713745
ICForagerLifespan= 14.7163170585409
ImmType= Polynomial
RQQueenStrength= 2.57946974504739
RQEnableReQueen= true
AIAdultSlope= 8.94766442663968
AIAdultLD50= 0.497691684948048
AIAdultSlopeContact= 1.0721700177528
AIAdultLD50Contact= 44.9627935778478
AILarvaSlope= 5.10183003544807
AILarvaLD50= 40.2551188014375
AIKOW= 3531.28987667143
AIKOC= 75328.6674237489
AIHalfLife= 13.831163675338
EAppRate= 7.46413724815566
FoliarEnabled= true
FoliarAppDate= 09/01/1989
FoliarForageBegin= 09/01/1989
FoliarForageEnd= 09/08/1989
AIContactFactor= 2.10552499494981
CL4Pollen= 0.135219952091575
CL4Nectar= 95.2857680618763
CL5Pollen= 3.57210062909871
CL5Nectar= 111.923111428041
CLDPollen= 2.75674290535972
CLDNectar= 1.03855978231877
CA13Pollen= 4.39967238930985
CA13Nectar= 50.765916313976
CA410Pollen= 7.69585162212607
CA410Nectar= 171.5627386095
CA1120Pollen= 1.70172000001185
CA1120Nectar= 69.7137445956469
IPollenTrips= 13.4448678069748
INectarTrips= 14.2536152340472
IPollenLoad= 9.21151764458045
INectarLoad= 7.09969602059573
