ICQueenStrength= 3.66652890131809
RQWkrDrnRatio= 1.03027157578617
ICDroneMiteSurvivorship= 20.5558150773868
ICWorkerMiteSurvivorship= 44.4441459840164
ICForagerLifespan= 4.00503780599684
ImmType= Logarithmic
AIAdultSlope= 1.17731946265558
AIAdultLD50= 0.199687339505181
AIAdultSlopeContact= 0.903705758540891
AIAdultLD50Contact= 0.00969111988088116
AILarvaSlope= 3.38696010829881
AILarvaLD50= 0.878799646231346
AIKOW= 5.88335020840168
AIKOC= 25.8683025615755
AIHalfLife= 0.329557184642181
EAppRate= 1.1524002510123
FoliarEnabled= true
