ICQueenStrength= 1.3886481502559
RQWkrDrnRatio= 1.17924913112074
ICDroneMiteSurvivorship= 10.9508165158331
ICWorkerMiteSurvivorship= 34.7214011708274
ICForagerLifespan= 11.614791826345
ImmType= Logarithmic
AIAdultSlope= 1.00220382038271
AIAdultLD50= 0.0915070707909763
AIAdultSlopeContact= 3.87248864573194
AIAdultLD50Contact= 0.00508644008077681
AILarvaSlope= 2.54098766339011
AILarvaLD50= 0.545051496103406
AIKOW= 3.40083844028413
AIKOC= 23.3944303076714
AIHalfLife= 0.988501766580157
EAppRate= 4.19190763961524
FoliarEnabled= true
