ICQueenStrength= 2.34803310595453
RQWkrDrnRatio= 1.38372583407909
ICDroneMiteSurvivorship= 22.7128628874198
ICWorkerMiteSurvivorship= 18.3020812924951
ICForagerLifespan= 12.4206982376054
ImmType= Cosine
RQQueenStrength= 1.42593888007104
RQEnableReQueen=true
AIAdultSlope= 7.21824728325009
AIAdultLD50= 0.852321881939424
AIAdultSlopeContact= 4.56684280373156
AIAdultLD50Contact= 89.0172610314945
AILarvaSlope= 5.4011371191591
AILarvaLD50= 74.9325529554437
AIKOW= 26580.5667111207
AIKOC= 38480.4421037703
AIHalfLife= 30.7884394239401
EAppRate= 9.57711054426688
FoliarEnabled=true
FoliarAppDate= 07/01/1989
FoliarForageBegin= 07/01/1989
FoliarForageEnd= 07/14/1989
AIContactFactor= 1.13387928935699
CL4Pollen= 2.54029037524015
CL4Nectar= 70.5700455000624
CL5Pollen= 3.9817007035017
CL5Nectar= 149.332286557183
CLDPollen= 2.06955863535404
CLDNectar= 17.2813886543736
CA13Pollen= 6.22391646336764
CA13Nectar= 28.574033472687
CA410Pollen= 3.71916130729951
CA410Nectar= 115.366367702372
CA1120Pollen= 0.907454352127388
CA1120Nectar= 63.2170717790723
IPollenTrips= 6.56033048406243
INectarTrips= 5.14452891191468
IPollenLoad= 3.87999036349356
INectarLoad= 5.6545609026216
