ICQueenStrength= 3.91865404811688
RQWkrDrnRatio= 2.28672904148698
ICDroneMiteSurvivorship= 20.109301735647
ICWorkerMiteSurvivorship= 44.2312454339117
ICForagerLifespan= 12.2670569634065
ImmType= Exponential
RQQueenStrength= 1.34544553142041
RQEnableReQueen= true
AIAdultSlope= 5.68214920535684
AIAdultLD50= 38.7337784726387
AIAdultSlopeContact= 4.89579917886294
AIAdultLD50Contact= 5.18432959047123
AILarvaSlope= 5.93629722483456
AILarvaLD50= 4.45784883228643
AIKOW= 90536.8797398125
AIKOC= 95825.3931719323
AIHalfLife= 24.8267993908841
EAppRate= 0.98496620421391
FoliarEnabled= true
FoliarAppDate= 06/07/1989
FoliarForageBegin= 06/05/1989
FoliarForageEnd= 06/28/1989
AIContactFactor= 2.39351568684913
CL4Pollen= 2.21822064183652
CL4Nectar= 4.31121077854186
CL5Pollen= 4.96795820491388
CL5Nectar= 44.5371501613408
CLDPollen= 2.25807995069772
CLDNectar= 69.1247580223717
CA13Pollen= 8.09740766491741
CA13Nectar= 98.5470226034522
CA410Pollen= 8.91946559674107
CA410Nectar= 180.517358072102
CA1120Pollen= 1.61125730839558
CA1120Nectar= 20.3690866753459
IPollenTrips= 10.2208106615581
INectarTrips= 5.13738594017923
IPollenLoad= 9.8072374635376
INectarLoad= 2.74477368453518
