ICQueenStrength= 4.3623154903762
RQWkrDrnRatio= 1.75189040508121
ICDroneMiteSurvivorship= 10.6752273859456
ICWorkerMiteSurvivorship= 40.2438294840977
ICForagerLifespan= 6.56185682676733
ImmType= Sine
RQQueenStrength= 3.00255017611198
RQEnableReQueen= true
AIAdultSlope= 6.60622607171535
AIAdultLD50= 40.6497238204915
AIAdultSlopeContact= 3.85878877318464
AIAdultLD50Contact= 82.0597932519666
AILarvaSlope= 4.37148267589509
AILarvaLD50= 31.279738024411
AIKOW= 50780.1191275427
AIKOC= 62481.0291090151
AIHalfLife= 9.0719625443453
EAppRate= 6.84944718318526
FoliarEnabled= true
FoliarAppDate= 06/07/1989
FoliarForageBegin= 06/05/1989
FoliarForageEnd= 06/28/1989
AIContactFactor= 1.80156877999194
CL4Pollen= 1.76860972680151
CL4Nectar= 17.2963550314307
CL5Pollen= 1.78456680430099
CL5Nectar= 4.62327097775415
CLDPollen= 0.887655797414482
CLDNectar= 49.2143628071062
CA13Pollen= 4.52223466457799
CA13Nectar= 64.7251366078854
CA410Pollen= 8.65996483375784
CA410Nectar= 171.211184323765
CA1120Pollen= 0.0867982122581452
CA1120Nectar= 32.2834715992212
IPollenTrips= 5.36132653011009
INectarTrips= 13.0904142721556
IPollenLoad= 6.46501100622118
INectarLoad= 6.94467223947868
