ICQueenStrength= 4.36962613393553
RQWkrDrnRatio= 4.97220971435308
ICDroneMiteSurvivorship= 91.2510056514293
ICWorkerMiteSurvivorship= 77.1650743670762
ICForagerLifespan= 6.20935892034322
ImmType= Polynomial
RQQueenStrength= 4.50250688381493
RQEnableReQueen= true
AIAdultSlope= 3.49655838869512
AIAdultLD50= 53.0927353472968
AIAdultSlopeContact= 9.17088917829096
AIAdultLD50Contact= 74.2268926830962
AILarvaSlope= 2.23977565951645
AILarvaLD50= 87.5961953179636
AIKOW= 85080.9738290667
AIKOC= 54164.4695542587
AIHalfLife= 23.7161892229691
EAppRate= 2.18637222731509
FoliarEnabled= true
FoliarAppDate= 06/07/1989
FoliarForageBegin= 06/05/1989
FoliarForageEnd= 06/28/1989
AIContactFactor= 1.783031563228
CL4Pollen= 0.770890132524073
CL4Nectar= 10.8513253973797
CL5Pollen= 0.237248717341572
CL5Nectar= 127.82279929379
CLDPollen= 5.6875912444666
CLDNectar= 66.9123184285127
CA13Pollen= 4.5222170653753
CA13Nectar= 65.3150943666697
CA410Pollen= 3.27023733714595
CA410Nectar= 106.110431393608
CA1120Pollen= 0.377095315838233
CA1120Nectar= 95.8341920375824
IPollenTrips= 6.75557831767946
INectarTrips= 5.17997617134824
IPollenLoad= 6.88766257138923
INectarLoad= 7.12361851008609
