ICQueenStrength= 4.14604194462299
RQWkrDrnRatio= 2.91200398467481
ICDroneMiteSurvivorship= 82.4826843338087
ICWorkerMiteSurvivorship= 69.7816367726773
ICForagerLifespan= 7.05722375027835
ImmType= Exponential
RQQueenStrength= 1.9216959355399
RQEnableReQueen=true
AIAdultSlope= 1.69466773048043
AIAdultLD50= 0.754377645202214
AIAdultSlopeContact= 7.37239699088968
AIAdultLD50Contact= 18.265763855031
AILarvaSlope= 8.2005238160491
AILarvaLD50= 52.7195041305716
AIKOW= 93390.9254704081
AIKOC= 3280.44719405076
AIHalfLife= 3.95233257140499
EAppRate= 5.14549181887601
FoliarEnabled=true
FoliarAppDate= 07/01/1989
FoliarForageBegin= 07/01/1989
FoliarForageEnd= 07/14/1989
AIContactFactor= 0.578014233121648
CL4Pollen= 0.509395463392138
CL4Nectar= 2.43358071893454
CL5Pollen= 5.23586884047836
CL5Nectar= 38.4364073281176
CLDPollen= 0.95114168850705
CLDNectar= 32.3089604149573
CA13Pollen= 3.04574244264513
CA13Nectar= 54.4237250834703
CA410Pollen= 8.69244833386037
CA410Nectar= 183.485988662578
CA1120Pollen= 2.91272923839279
CA1120Nectar= 74.0933204814792
IPollenTrips= 8.55037449859083
INectarTrips= 12.7799775637686
IPollenLoad= 1.49548672838137
INectarLoad= 2.41141550242901
