ICQueenStrength= 4.22522602602839
RQWkrDrnRatio= 4.05541013088077
ICDroneMiteSurvivorship= 2.76338479015976
ICWorkerMiteSurvivorship= 57.2928593261167
ICForagerLifespan= 13.3441422246397
ImmType= Sine
RQQueenStrength= 1.93778538238257
RQEnableReQueen=true
AIAdultSlope= 1.35674543119967
AIAdultLD50= 0.462505214232951
AIAdultSlopeContact= 2.08373443642631
AIAdultLD50Contact= 73.9082878552633
AILarvaSlope= 6.18401751667261
AILarvaLD50= 62.3663062395069
AIKOW= 13097.6027865659
AIKOC= 24889.8077733936
AIHalfLife= 2.66218024939299
EAppRate= 7.91038207565947
FoliarEnabled=true
FoliarAppDate= 07/01/1989
FoliarForageBegin= 07/01/1989
FoliarForageEnd= 07/14/1989
AIContactFactor= 0.983468570918776
CL4Pollen= 0.793568248860538
CL4Nectar= 84.0069396421313
CL5Pollen= 4.59879713365808
CL5Nectar= 50.8390076109208
CLDPollen= 3.91521844547242
CLDNectar= 102.951887366362
CA13Pollen= 2.27924920413643
CA13Nectar= 78.276325315237
CA410Pollen= 8.79844043799676
CA410Nectar= 32.03334601596
CA1120Pollen= 2.5335492126178
CA1120Nectar= 22.5716035068035
IPollenTrips= 12.572175078094
INectarTrips= 9.30404921993613
IPollenLoad= 0.571487625129521
INectarLoad= 4.28052871953696
