ICQueenStrength= 4.65940091665834
RQWkrDrnRatio= 1.41529699694365
ICDroneMiteSurvivorship= 76.4649292454123
ICWorkerMiteSurvivorship= 60.2693918626755
ICForagerLifespan= 8.21529580373317
ImmType= Polynomial
RQQueenStrength= 2.5369466599077
RQEnableReQueen= true
AIAdultSlope= 4.92490419000387
AIAdultLD50= 55.244551191831
AIAdultSlopeContact= 3.17922323266976
AIAdultLD50Contact= 87.5605030398977
AILarvaSlope= 8.98258265666664
AILarvaLD50= 54.9368603076942
AIKOW= 50328.020386853
AIKOC= 90729.6567601599
AIHalfLife= 23.9480450714938
EAppRate= 6.53308591274079
FoliarEnabled= true
FoliarAppDate= 06/07/1989
FoliarForageBegin= 06/05/1989
FoliarForageEnd= 06/28/1989
AIContactFactor= 0.269680716725998
CL4Pollen= 2.61870662588626
CL4Nectar= 16.5103895589709
CL5Pollen= 5.2444971408695
CL5Nectar= 4.7364866361022
CLDPollen= 4.07224346185103
CLDNectar= 91.6758107137866
CA13Pollen= 2.93386965319514
CA13Nectar= 50.0176720693707
CA410Pollen= 8.40962187917903
CA410Nectar= 54.041511528194
CA1120Pollen= 1.33541779057123
CA1120Nectar= 72.959447465837
IPollenTrips= 12.0081729651429
INectarTrips= 10.075720907189
IPollenLoad= 7.37005027709529
INectarLoad= 6.56135767698288
