ICQueenStrength= 2.42119669471867
RQWkrDrnRatio= 3.01748607307673
ICDroneMiteSurvivorship= 50.2690568799153
ICWorkerMiteSurvivorship= 29.3112145736814
ICForagerLifespan= 11.0780299352482
ImmType= Logarithmic
AIAdultSlope= 2.19106731176376
AIAdultLD50= 0.0134550280869007
AIAdultSlopeContact= 2.67437309528701
AIAdultLD50Contact= 0.041134608455468
AILarvaSlope= 0.452879201387987
AILarvaLD50= 0.17521896972321
AIKOW= 4.81502169929445
AIKOC= 27.9604413209017
AIHalfLife= 1.09277844058815
EAppRate= 9.17040348984301
FoliarEnabled= true
