ICQueenStrength= 3.38464768882841
RQWkrDrnRatio= 1.96200831606984
ICDroneMiteSurvivorship= 3.98202121723443
ICWorkerMiteSurvivorship= 53.4955789335072
ICForagerLifespan= 11.8893244965002
ImmType= Polynomial
RQQueenStrength= 2.25992324110121
RQEnableReQueen=true
AIAdultSlope= 8.86215899698436
AIAdultLD50= 0.454253239045152
AIAdultSlopeContact= 1.33275109319948
AIAdultLD50Contact= 66.8689322152073
AILarvaSlope= 2.11172677762806
AILarvaLD50= 82.5674381876169
AIKOW= 49120.639206963
AIKOC= 96724.9684415155
AIHalfLife= 25.8001264991472
EAppRate= 4.4866735913048
FoliarEnabled=true
FoliarAppDate= 07/01/1989
FoliarForageBegin= 07/01/1989
FoliarForageEnd= 07/14/1989
AIContactFactor= 1.97148820735514
CL4Pollen= 2.3678727094084
CL4Nectar= 22.5983272539452
CL5Pollen= 4.08172227535397
CL5Nectar= 3.61190139083192
CLDPollen= 0.226442920044065
CLDNectar= 29.4439754798077
CA13Pollen= 5.32815403426066
CA13Nectar= 66.3717434741557
CA410Pollen= 8.21374345296062
CA410Nectar= 35.7290493324399
CA1120Pollen= 0.555671028792858
CA1120Nectar= 65.1643448136747
IPollenTrips= 11.9245011173189
INectarTrips= 12.9838526179083
IPollenLoad= 1.72670383471996
INectarLoad= 1.15967188496143
