ICQueenStrength= 5.15630975388922
RQWkrDrnRatio= 4.41586081124842
ICDroneMiteSurvivorship= 20.061189471744
ICWorkerMiteSurvivorship= 66.7091750074178
ICForagerLifespan= 4.27518850658089
ImmType= Exponential
RQQueenStrength= 1.86174147436395
RQEnableReQueen= true
AIAdultSlope= 5.711436515674
AIAdultLD50= 57.8926559106314
AIAdultSlopeContact= 3.77628798852675
AIAdultLD50Contact= 96.8403506109642
AILarvaSlope= 3.40798859298229
AILarvaLD50= 50.4722910980163
AIKOW= 90216.6180084299
AIKOC= 97274.94431227
AIHalfLife= 9.0297769151628
EAppRate= 0.815508475895738
FoliarEnabled= true
FoliarAppDate= 06/07/1989
FoliarForageBegin= 06/05/1989
FoliarForageEnd= 06/28/1989
AIContactFactor= 0.613520587272942
CL4Pollen= 1.5940355071798
CL4Nectar= 12.1278007514775
CL5Pollen= 4.11335378838703
CL5Nectar= 16.1201615002938
CLDPollen= 4.99016161076725
CLDNectar= 72.1101881470531
CA13Pollen= 5.24353515664115
CA13Nectar= 89.9587815627456
CA410Pollen= 2.93627838841639
CA410Nectar= 32.0633788779378
CA1120Pollen= 0.0513267426285893
CA1120Nectar= 39.4213455356658
IPollenTrips= 11.1473106080666
INectarTrips= 11.1612174403854
IPollenLoad= 0.0989460060372949
INectarLoad= 3.96553257014602
