ICQueenStrength= 5.17791720246896
RQWkrDrnRatio= 1.07831071782857
ICDroneMiteSurvivorship= 51.4723364496604
ICWorkerMiteSurvivorship= 62.8884847043082
ICForagerLifespan= 15.4488436067477
ImmType= Logarithmic
RQQueenStrength= 5.63330001104623
RQEnableReQueen= true
AIAdultSlope= 2.325400153175
AIAdultLD50= 79.1978959116391
AIAdultSlopeContact= 6.00690152030438
AIAdultLD50Contact= 34.352553953541
AILarvaSlope= 5.83413779549301
AILarvaLD50= 34.4432795112631
AIKOW= 80826.1832304048
AIKOC= 2242.47847114829
AIHalfLife= 4.06902492118534
EAppRate= 1.81049574563885
FoliarEnabled= true
FoliarAppDate= 06/07/1989
FoliarForageBegin= 06/05/1989
FoliarForageEnd= 06/28/1989
AIContactFactor= 1.0019243708998
CL4Pollen= 3.82232782896608
CL4Nectar= 90.8278288319707
CL5Pollen= 5.69051149394363
CL5Nectar= 43.4284110786393
CLDPollen= 0.0692368992604315
CLDNectar= 4.71040634438396
CA13Pollen= 4.69832304986194
CA13Nectar= 47.3928733915091
CA410Pollen= 3.23806767314673
CA410Nectar= 58.6091253906488
CA1120Pollen= 0.35111454455182
CA1120Nectar= 69.8004262149334
IPollenTrips= 14.5771366893314
INectarTrips= 5.45289409579709
IPollenLoad= 3.60844928072765
INectarLoad= 1.46071213530377
