ICQueenStrength= 4.42918052803725
RQWkrDrnRatio= 4.22163745574653
ICDroneMiteSurvivorship= 71.6285386588424
ICWorkerMiteSurvivorship= 91.462218365632
ICForagerLifespan= 9.48214223980904
ImmType= Sine
RQQueenStrength= 2.87587117077783
RQEnableReQueen= true
AIAdultSlope= 2.34571807086468
AIAdultLD50= 0.331693796793232
AIAdultSlopeContact= 9.20808390085585
AIAdultLD50Contact= 73.7111618994479
AILarvaSlope= 1.27205871045589
AILarvaLD50= 88.4455242813369
AIKOW= 90277.8527409841
AIKOC= 11517.5210711397
AIHalfLife= 1.94479761624243
EAppRate= 0.986430176051799
FoliarEnabled= true
FoliarAppDate= 09/01/1989
FoliarForageBegin= 09/01/1989
FoliarForageEnd= 09/08/1989
AIContactFactor= 2.37311994939111
CL4Pollen= 3.41971286386251
CL4Nectar= 66.5842283749953
CL5Pollen= 5.11570194130763
CL5Nectar= 51.582018728368
CLDPollen= 2.326231864281
CLDNectar= 32.5628046761267
CA13Pollen= 2.54857084508985
CA13Nectar= 58.3738866075873
CA410Pollen= 6.23051144739147
CA410Nectar= 193.234928650782
CA1120Pollen= 0.565432817442343
CA1120Nectar= 93.0944863706827
IPollenTrips= 12.1716991695575
INectarTrips= 13.9331782585941
IPollenLoad= 9.2555310158059
INectarLoad= 5.24366794619709
