ICQueenStrength= 3.00522382277995
RQWkrDrnRatio= 2.02253085374832
ICDroneMiteSurvivorship= 12.9606215050444
ICWorkerMiteSurvivorship= 30.907957139425
ICForagerLifespan= 5.41964651923627
ImmType= Polynomial
RQQueenStrength= 1.71035655215383
RQEnableReQueen= true
AIAdultSlope= 8.87149374559522
AIAdultLD50= 37.9829150252403
AIAdultSlopeContact= 9.17514329799451
AIAdultLD50Contact= 11.9847627970055
AILarvaSlope= 1.27811084873974
AILarvaLD50= 3.95100179927284
AIKOW= 79246.2816726545
AIKOC= 95614.4407298928
AIHalfLife= 23.0079929248197
EAppRate= 9.43853496143478
FoliarEnabled= true
FoliarAppDate= 06/07/1989
FoliarForageBegin= 06/05/1989
FoliarForageEnd= 06/28/1989
AIContactFactor= 2.05542329817545
CL4Pollen= 0.728542230091989
CL4Nectar= 89.0922657214105
CL5Pollen= 0.807296636514366
CL5Nectar= 39.3118891515769
CLDPollen= 0.809699374716729
CLDNectar= 29.9497500644065
CA13Pollen= 6.23739727800712
CA13Nectar= 48.5604020394385
CA410Pollen= 6.75019920237828
CA410Nectar= 156.273633204401
CA1120Pollen= 1.17040321812965
CA1120Nectar= 65.3713923320174
IPollenTrips= 13.2056326279417
INectarTrips= 5.03278760937974
IPollenLoad= 5.55392229929566
INectarLoad= 6.60891600651667
