ICQueenStrength= 4.63980523077771
RQWkrDrnRatio= 2.14724718313664
ICDroneMiteSurvivorship= 25.5123139591888
ICWorkerMiteSurvivorship= 0.676178140565753
ICForagerLifespan= 15.7968519032001
ImmType= Cosine
RQQueenStrength= 2.76462329109199
RQEnableReQueen= true
AIAdultSlope= 7.76882881112397
AIAdultLD50= 74.3488495749279
AIAdultSlopeContact= 1.0284866229631
AIAdultLD50Contact= 96.7018010462595
AILarvaSlope= 3.77742863073945
AILarvaLD50= 88.3581238844832
AIKOW= 96985.4061712414
AIKOC= 44811.6771979535
AIHalfLife= 18.4294540473726
EAppRate= 4.2623181785536
FoliarEnabled= true
FoliarAppDate= 06/07/1989
FoliarForageBegin= 06/05/1989
FoliarForageEnd= 06/28/1989
AIContactFactor= 1.82613102653529
CL4Pollen= 0.359289892949164
CL4Nectar= 75.438750279136
CL5Pollen= 1.62780638225377
CL5Nectar= 72.3218744737096
CLDPollen= 2.58619227167219
CLDNectar= 21.6178200440481
CA13Pollen= 6.66920874062926
CA13Nectar= 26.6222068667412
CA410Pollen= 4.78898922095541
CA410Nectar= 119.699149471708
CA1120Pollen= 2.88340609590523
CA1120Nectar= 42.2796039097011
IPollenTrips= 9.41257582046092
INectarTrips= 10.2500973269343
IPollenLoad= 3.20790755329654
INectarLoad= 6.92774398485199
ESoilP= 1.7994950353168
ESoilFoc= 0.0119042972070165
