ICQueenStrength= 3.69366532564163
RQWkrDrnRatio= 1.04168105311692
ICDroneMiteSurvivorship= 33.1812038086355
ICWorkerMiteSurvivorship= 39.6546300733462
ICForagerLifespan= 9.87007468100637
ImmType= Tangent
RQQueenStrength= 4.90247416449711
RQEnableReQueen= true
AIAdultSlope= 1.15300589241087
AIAdultLD50= 0.0399050573082641
AIAdultSlopeContact= 2.69412704068236
AIAdultLD50Contact= 76.9010438822517
AILarvaSlope= 1.21000853739679
AILarvaLD50= 35.2087989190419
AIKOW= 19387.1976628291
AIKOC= 91991.1112828625
AIHalfLife= 33.1700717740227
EAppRate= 9.09785957194725
FoliarEnabled= true
FoliarAppDate= 09/01/1989
FoliarForageBegin= 09/01/1989
FoliarForageEnd= 09/08/1989
AIContactFactor= 1.71897783315741
CL4Pollen= 0.703720098361373
CL4Nectar= 93.0447451537475
CL5Pollen= 4.3029160592705
CL5Nectar= 118.190025701188
CLDPollen= 2.86205785023049
CLDNectar= 134.524987649638
CA13Pollen= 2.78973485557362
CA13Nectar= 22.9646778479218
CA410Pollen= 9.03573755417019
CA410Nectar= 89.6039138128981
CA1120Pollen= 0.295066719409078
CA1120Nectar= 61.9078404642642
IPollenTrips= 10.4341666423716
INectarTrips= 10.8352950983681
IPollenLoad= 7.63758511515334
INectarLoad= 3.96164413774386
