ICQueenStrength= 2.23223608825356
RQWkrDrnRatio= 2.78941942472011
ICDroneMiteSurvivorship= 34.3762968899682
ICWorkerMiteSurvivorship= 43.5827412176877
ICForagerLifespan= 14.7512010168284
ImmType= Cosine
RQQueenStrength= 3.75335786305368
RQEnableReQueen=true
AIAdultSlope= 4.91682150028646
AIAdultLD50= 0.965009886730462
AIAdultSlopeContact= 2.2256052386947
AIAdultLD50Contact= 65.4858778428945
AILarvaSlope= 8.96177483908832
AILarvaLD50= 79.9964018996311
AIKOW= 48583.1236893736
AIKOC= 57850.3524027027
AIHalfLife= 30.9076810695231
EAppRate= 3.54904906577966
FoliarEnabled=true
FoliarAppDate= 07/01/1989
FoliarForageBegin= 07/01/1989
FoliarForageEnd= 07/14/1989
AIContactFactor= 1.29937057357747
CL4Pollen= 2.38573097903281
CL4Nectar= 26.2865014839917
CL5Pollen= 0.253631842788309
CL5Nectar= 89.761908177752
CLDPollen= 4.83223732793704
CLDNectar= 79.5379020972177
CA13Pollen= 6.06235245503485
CA13Nectar= 98.141219150275
CA410Pollen= 5.66466563809663
CA410Nectar= 71.2190138269216
CA1120Pollen= 1.23145849979483
CA1120Nectar= 42.3239763639867
IPollenTrips= 7.2969392570667
INectarTrips= 11.6926720575429
IPollenLoad= 3.60533799044788
INectarLoad= 8.53056984953582
