ICQueenStrength= 4.79336757934652
RQWkrDrnRatio= 1.87730656005442
ICDroneMiteSurvivorship= 10.1152075221762
ICWorkerMiteSurvivorship= 25.6641761399806
ICForagerLifespan= 9.19716823007911
ImmType= Sine
RQQueenStrength= 2.57462221570313
RQEnableReQueen= true
AIAdultSlope= 2.25239884667099
AIAdultLD50= 88.8454192062812
AIAdultSlopeContact= 8.98084324714728
AIAdultLD50Contact= 99.2733937473532
AILarvaSlope= 2.36199264042079
AILarvaLD50= 50.1250512279011
AIKOW= 71221.211869362
AIKOC= 23264.5703234167
AIHalfLife= 33.02578795671
EAppRate= 5.1003094835938
FoliarEnabled= true
FoliarAppDate= 06/07/1989
FoliarForageBegin= 06/05/1989
FoliarForageEnd= 06/28/1989
AIContactFactor= 2.16252792987507
CL4Pollen= 1.63826895784587
CL4Nectar= 75.7491307100281
CL5Pollen= 0.343871468212456
CL5Nectar= 47.4857930559665
CLDPollen= 5.98212754586712
CLDNectar= 54.8698292928748
CA13Pollen= 7.78276675408706
CA13Nectar= 76.6296494938433
CA410Pollen= 2.9624054828193
CA410Nectar= 180.61687192414
CA1120Pollen= 0.208432044368237
CA1120Nectar= 82.5779703445733
IPollenTrips= 9.34036304242909
INectarTrips= 9.11827633623034
IPollenLoad= 8.29245693981647
INectarLoad= 6.0991550819017
