ICQueenStrength= 2.72662415658124
RQWkrDrnRatio= 2.0884596388787
ICDroneMiteSurvivorship= 75.0405211001635
ICWorkerMiteSurvivorship= 96.598925627768
ICForagerLifespan= 12.6298360284418
ImmType= Cosine
RQQueenStrength= 1.1180905464571
RQEnableReQueen= true
AIAdultSlope= 1.55017199553549
AIAdultLD50= 23.2127391315815
AIAdultSlopeContact= 3.21330900467001
AIAdultLD50Contact= 83.9914824505032
AILarvaSlope= 3.94930203258991
AILarvaLD50= 18.5987822456851
AIKOW= 23928.5946293788
AIKOC= 37744.334709645
AIHalfLife= 10.9370494199218
EAppRate= 5.03027041118476
FoliarEnabled= true
FoliarAppDate= 06/07/1989
FoliarForageBegin= 06/05/1989
FoliarForageEnd= 06/28/1989
AIContactFactor= 2.13270764685236
CL4Pollen= 1.85719709936529
CL4Nectar= 95.0027853017673
CL5Pollen= 0.503268616273999
CL5Nectar= 48.430347838439
CLDPollen= 4.28515648981556
CLDNectar= 13.8130439794622
CA13Pollen= 6.39679937278852
CA13Nectar= 65.0469837523997
CA410Pollen= 3.74933903343044
CA410Nectar= 171.307406895794
CA1120Pollen= 0.324887003051117
CA1120Nectar= 85.35361263901
IPollenTrips= 6.07228821842
INectarTrips= 13.0862327571958
IPollenLoad= 7.54104228224605
INectarLoad= 7.2079330123961
