ICQueenStrength= 4.72814964968711
RQWkrDrnRatio= 3.71324575040489
ICDroneMiteSurvivorship= 1.08098194468766
ICWorkerMiteSurvivorship= 97.2216837573797
ICForagerLifespan= 15.4008970726281
ImmType= Exponential
RQQueenStrength= 2.63148773717694
RQEnableReQueen= true
AIAdultSlope= 8.28631957992911
AIAdultLD50= 27.2312442598667
AIAdultSlopeContact= 5.89414115785621
AIAdultLD50Contact= 86.2439783342509
AILarvaSlope= 4.58665190823376
AILarvaLD50= 37.6266270509825
AIKOW= 91892.9453664352
AIKOC= 33016.208806237
AIHalfLife= 2.67943407131825
EAppRate= 9.75788087811577
FoliarEnabled= true
FoliarAppDate= 06/07/1989
FoliarForageBegin= 06/05/1989
FoliarForageEnd= 06/28/1989
AIContactFactor= 2.09315914272796
CL4Pollen= 0.630312343128026
CL4Nectar= 12.7048159018159
CL5Pollen= 2.92098705517128
CL5Nectar= 113.21995749604
CLDPollen= 0.636471163015813
CLDNectar= 30.6772539275698
CA13Pollen= 7.98752252785489
CA13Nectar= 75.6038695387542
CA410Pollen= 3.90241606098134
CA410Nectar= 132.199982516468
CA1120Pollen= 1.95774502353743
CA1120Nectar= 71.7510534450412
IPollenTrips= 9.8526914883405
INectarTrips= 13.8593671284616
IPollenLoad= 7.95231166528538
INectarLoad= 3.85536970570683
