ICQueenStrength= 3.62518896721303
RQWkrDrnRatio= 2.83251161593944
ICDroneMiteSurvivorship= 15.6568247359246
ICWorkerMiteSurvivorship= 14.0143124386668
ICForagerLifespan= 5.76663139928132
ImmType= Exponential
AIAdultSlope= 3.74268060004804
AIAdultLD50= 0.034227028908208
AIAdultSlopeContact= 0.572809647505637
AIAdultLD50Contact= 0.0473802037886344
AILarvaSlope= 2.11014471296221
AILarvaLD50= 0.190905036195181
AIKOW= 5.73078430909663
AIKOC= 17.697518337518
AIHalfLife= 0.591888320678845
EAppRate= 5.91463105985895
FoliarEnabled= true
