ICQueenStrength= 4.14222114044242
RQWkrDrnRatio= 1.06220833398402
ICDroneMiteSurvivorship= 24.1438798606396
ICWorkerMiteSurvivorship= 13.7223391793668
ICForagerLifespan= 9.23877332918346
ImmType= Polynomial
RQQueenStrength= 5.59960253094323
RQEnableReQueen= true
AIAdultSlope= 6.87387838587165
AIAdultLD50= 41.2879048591717
AIAdultSlopeContact= 3.65028822771274
AIAdultLD50Contact= 78.3129136456598
AILarvaSlope= 8.69746357947588
AILarvaLD50= 66.4625062697548
AIKOW= 80401.817899513
AIKOC= 63318.5862494817
AIHalfLife= 10.1946431743447
EAppRate= 5.46742585731274
FoliarEnabled= true
FoliarAppDate= 06/07/1989
FoliarForageBegin= 06/05/1989
FoliarForageEnd= 06/28/1989
AIContactFactor= 1.79882775892969
CL4Pollen= 0.407665234990418
CL4Nectar= 79.6445443527773
CL5Pollen= 4.49716089293361
CL5Nectar= 104.590335278772
CLDPollen= 0.877481911797076
CLDNectar= 45.9335419815034
CA13Pollen= 5.57470045033842
CA13Nectar= 77.5297940149903
CA410Pollen= 5.02787377373315
CA410Nectar= 192.723747808486
CA1120Pollen= 0.996271196985617
CA1120Nectar= 93.7914342805743
IPollenTrips= 14.8314870847389
INectarTrips= 14.0102416626178
IPollenLoad= 7.8993763611652
INectarLoad= 5.56231114314869
