ICQueenStrength= 1.19678783486597
RQWkrDrnRatio= 3.91676848288625
ICDroneMiteSurvivorship= 42.0200426131487
ICWorkerMiteSurvivorship= 19.1935642622411
ICForagerLifespan= 5.06618118193001
ImmType= Polynomial
RQQueenStrength= 3.25774831371382
RQEnableReQueen= true
AIAdultSlope= 6.03381961397827
AIAdultLD50= 0.983904587446945
AIAdultSlopeContact= 1.60696707759053
AIAdultLD50Contact= 4.89572671667719
AILarvaSlope= 3.75544380769134
AILarvaLD50= 80.687474523426
AIKOW= 35443.5412042753
AIKOC= 21707.3267275325
AIHalfLife= 2.10156346687581
EAppRate= 0.337608519610716
FoliarEnabled= true
FoliarAppDate= 09/01/1989
FoliarForageBegin= 09/01/1989
FoliarForageEnd= 09/08/1989
AIContactFactor= 2.07524503841996
CL4Pollen= 0.461772102862597
CL4Nectar= 85.4164488846436
CL5Pollen= 1.63385717617348
CL5Nectar= 6.87976889312267
CLDPollen= 0.692558191716671
CLDNectar= 148.463714739773
CA13Pollen= 7.51951339449733
CA13Nectar= 32.4317451752722
CA410Pollen= 7.98067600259092
CA410Nectar= 93.6174177005887
CA1120Pollen= 2.51367239747196
CA1120Nectar= 43.7057814002037
IPollenTrips= 14.7645811247639
INectarTrips= 14.860717987176
IPollenLoad= 3.11288297642022
INectarLoad= 0.556053516920656
