ICQueenStrength= 2.56656854692847
RQWkrDrnRatio= 2.62887966539711
ICDroneMiteSurvivorship= 30.4371321573853
ICWorkerMiteSurvivorship= 83.654494676739
ICForagerLifespan= 6.03163549397141
ImmType= Tangent
RQQueenStrength= 1.70265736524016
RQEnableReQueen=true
AIAdultSlope= 2.80404802598059
AIAdultLD50= 0.578011232706951
AIAdultSlopeContact= 1.54298601159826
AIAdultLD50Contact= 71.8614892223666
AILarvaSlope= 1.02948217280209
AILarvaLD50= 95.421339653882
AIKOW= 64174.5057625077
AIKOC= 83109.4732856967
AIHalfLife= 7.30973556027748
EAppRate= 8.4101678468287
FoliarEnabled=true
FoliarAppDate= 07/01/1989
FoliarForageBegin= 07/01/1989
FoliarForageEnd= 07/14/1989
AIContactFactor= 1.47612310037483
CL4Pollen= 0.827263705432415
CL4Nectar= 78.0643781647086
CL5Pollen= 1.11818274809048
CL5Nectar= 37.5294890720397
CLDPollen= 1.08971956791356
CLDNectar= 97.9725739918649
CA13Pollen= 6.14425067864358
CA13Nectar= 27.74433914572
CA410Pollen= 6.78267866407987
CA410Nectar= 119.228179259226
CA1120Pollen= 1.82818075572141
CA1120Nectar= 30.1691598631442
IPollenTrips= 13.9103081030771
INectarTrips= 7.47399171814322
IPollenLoad= 0.457274031359702
INectarLoad= 6.82687922846526
