ICQueenStrength= 5.49880496948026
RQWkrDrnRatio= 2.68311390001327
ICDroneMiteSurvivorship= 54.6024222625419
ICWorkerMiteSurvivorship= 38.4693280560896
ICForagerLifespan= 5.29642658308148
ImmType= Polynomial
RQQueenStrength= 3.90996987023391
RQEnableReQueen= true
AIAdultSlope= 4.86173704639077
AIAdultLD50= 62.0101612916833
AIAdultSlopeContact= 7.77662343904376
AIAdultLD50Contact= 56.8768646435537
AILarvaSlope= 4.84906406514347
AILarvaLD50= 62.2808703082812
AIKOW= 71580.2073958817
AIKOC= 24417.6350697684
AIHalfLife= 19.388692304329
EAppRate= 7.09552736632899
FoliarEnabled= true
FoliarAppDate= 06/07/1989
FoliarForageBegin= 06/05/1989
FoliarForageEnd= 06/28/1989
AIContactFactor= 2.24196751113515
CL4Pollen= 1.09106747526675
CL4Nectar= 33.183990069665
CL5Pollen= 2.81787133729085
CL5Nectar= 112.674543319736
CLDPollen= 1.95328143239021
CLDNectar= 96.0407478036359
CA13Pollen= 5.67209529578686
CA13Nectar= 20.6962885707617
CA410Pollen= 9.26740437287372
CA410Nectar= 59.4469728460535
CA1120Pollen= 0.0521350640337914
CA1120Nectar= 96.3055261038244
IPollenTrips= 12.4731858144514
INectarTrips= 9.77549841627479
IPollenLoad= 1.73141566105187
INectarLoad= 4.06563822412863
