ICQueenStrength= 4.84219198022038
RQWkrDrnRatio= 3.17608257848769
ICDroneMiteSurvivorship= 41.8145725736395
ICWorkerMiteSurvivorship= 46.9851074274629
ICForagerLifespan= 7.50198246631771
ImmType= Sine
RQQueenStrength= 3.33960096840747
RQEnableReQueen= true
AIAdultSlope= 6.16744810529053
AIAdultLD50= 0.636068343232153
AIAdultSlopeContact= 3.94367339834571
AIAdultLD50Contact= 93.241823107095
AILarvaSlope= 6.94265108369291
AILarvaLD50= 38.0136477575125
AIKOW= 31454.2013779747
AIKOC= 77205.2713287836
AIHalfLife= 5.56973407303449
EAppRate= 4.28852734718379
FoliarEnabled= true
FoliarAppDate= 09/01/1989
FoliarForageBegin= 09/01/1989
FoliarForageEnd= 09/08/1989
AIContactFactor= 2.26305838816799
CL4Pollen= 0.195843328721821
CL4Nectar= 47.5942308316007
CL5Pollen= 4.27347174659371
CL5Nectar= 74.083200248424
CLDPollen= 5.37583085428923
CLDNectar= 3.44000982586294
CA13Pollen= 5.65744453230873
CA13Nectar= 81.7610984668136
CA410Pollen= 2.34527207496576
CA410Nectar= 44.6948295924813
CA1120Pollen= 1.06163365859538
CA1120Nectar= 99.7647001221776
IPollenTrips= 7.03828770667315
INectarTrips= 11.6823193570599
IPollenLoad= 2.44050103006884
INectarLoad= 9.47935250820592
