ICQueenStrength= 5.10866969497874
RQWkrDrnRatio= 2.78422010038048
ICDroneMiteSurvivorship= 51.1477146763355
ICWorkerMiteSurvivorship= 9.47763323783875
ICForagerLifespan= 13.3607575986534
ImmType= Logarithmic
RQQueenStrength= 5.20588744338602
RQEnableReQueen= true
AIAdultSlope= 8.80563610233366
AIAdultLD50= 49.8899455955184
AIAdultSlopeContact= 2.80545280687511
AIAdultLD50Contact= 35.2888142112782
AILarvaSlope= 5.28223827853799
AILarvaLD50= 33.8985772716997
AIKOW= 11760.7641030259
AIKOC= 81188.1302557264
AIHalfLife= 15.7223535688361
EAppRate= 6.42425748363812
FoliarEnabled= true
FoliarAppDate= 06/07/1989
FoliarForageBegin= 06/05/1989
FoliarForageEnd= 06/28/1989
AIContactFactor= 1.23757796429563
CL4Pollen= 1.87723965290934
CL4Nectar= 32.2333613643423
CL5Pollen= 5.90666052466258
CL5Nectar= 26.314797566738
CLDPollen= 3.51583642233163
CLDNectar= 53.5400572931394
CA13Pollen= 2.28000502549112
CA13Nectar= 44.7102071717381
CA410Pollen= 6.90649725070689
CA410Nectar= 175.68721646443
CA1120Pollen= 2.69245095876977
CA1120Nectar= 75.906058717519
IPollenTrips= 8.05021939333528
INectarTrips= 8.96557427709922
IPollenLoad= 1.53020366095006
INectarLoad= 9.18383237207308
ESoilP= 1.11269681667909
ESoilFoc= 0.0013667474812828
