ICQueenStrength= 2.38227033196017
RQWkrDrnRatio= 2.32573925796896
ICDroneMiteSurvivorship= 69.2831561667845
ICWorkerMiteSurvivorship= 34.3322965083644
ICForagerLifespan= 10.4295585174114
ImmType= Cosine
AIAdultSlope= 1.61600442117546
AIAdultLD50= 0.172525525698438
AIAdultSlopeContact= 2.35195055791643
AIAdultLD50Contact= 0.0107606022735126
AILarvaSlope= 1.08019379014149
AILarvaLD50= 0.755635503586382
AIKOW= 3.40185246150941
AIKOC= 15.9930263482966
AIHalfLife= 0.837020526337437
EAppRate= 5.16533318441361
FoliarEnabled= true
