ICQueenStrength= 5.3409797444474
RQWkrDrnRatio= 2.3723948802799
ICDroneMiteSurvivorship= 50.7182533852756
ICWorkerMiteSurvivorship= 8.06478576269001
ICForagerLifespan= 14.9918343564495
ImmType= Tangent
RQQueenStrength= 2.74205758143216
RQEnableReQueen= true
AIAdultSlope= 4.61906497552991
AIAdultLD50= 90.5553057209093
AIAdultSlopeContact= 5.1551715566311
AIAdultLD50Contact= 20.2101206135692
AILarvaSlope= 5.38796284236014
AILarvaLD50= 72.2058522192517
AIKOW= 90701.6703844076
AIKOC= 90177.2913491221
AIHalfLife= 22.4894577613799
EAppRate= 5.92452774221636
FoliarEnabled= true
FoliarAppDate= 06/07/1989
FoliarForageBegin= 06/05/1989
FoliarForageEnd= 06/28/1989
AIContactFactor= 0.882949362285435
CL4Pollen= 2.5063813496381
CL4Nectar= 52.1375791169703
CL5Pollen= 5.57439297158271
CL5Nectar= 56.7696552956477
CLDPollen= 5.56820499664173
CLDNectar= 90.6271814368665
CA13Pollen= 4.34924299158156
CA13Nectar= 60.743434689939
CA410Pollen= 3.2217666830169
CA410Nectar= 117.522126142867
CA1120Pollen= 1.46247250121087
CA1120Nectar= 49.0729738026857
IPollenTrips= 13.5398848168552
INectarTrips= 6.33345440495759
IPollenLoad= 7.76010977337137
INectarLoad= 3.8150095497258
ESoilP= 1.4167864122428
ESoilFoc= 0.0130263167098165
