ICQueenStrength= 5.44050588295795
RQWkrDrnRatio= 1.33820792101324
ICDroneMiteSurvivorship= 57.3475225362927
ICWorkerMiteSurvivorship= 45.8066469524056
ICForagerLifespan= 7.32500797137618
ImmType= Polynomial
RQQueenStrength= 1.22450402495451
RQEnableReQueen= true
AIAdultSlope= 5.45219148509204
AIAdultLD50= 90.3320624583652
AIAdultSlopeContact= 9.77118470100686
AIAdultLD50Contact= 21.0802824492462
AILarvaSlope= 6.3198052700609
AILarvaLD50= 64.0721239163445
AIKOW= 32530.6563353784
AIKOC= 46569.415100174
AIHalfLife= 8.87826424927916
EAppRate= 1.68684743319708
FoliarEnabled= true
FoliarAppDate= 06/07/1989
FoliarForageBegin= 06/05/1989
FoliarForageEnd= 06/28/1989
AIContactFactor= 1.3097706023464
CL4Pollen= 0.0343749402090907
CL4Nectar= 67.8606173256412
CL5Pollen= 3.20089017273858
CL5Nectar= 36.1617991235107
CLDPollen= 2.20106929633766
CLDNectar= 146.125045744702
CA13Pollen= 3.05229523014277
CA13Nectar= 55.5646463669837
CA410Pollen= 9.30371312249918
CA410Nectar= 193.699003909715
CA1120Pollen= 1.54406507173553
CA1120Nectar= 91.1248086951673
IPollenTrips= 10.5549226957373
INectarTrips= 5.24927864316851
IPollenLoad= 4.64847195893526
INectarLoad= 8.32219776930287
ESoilP= 1.84886216931045
ESoilFoc= 0.00822273630625568
