ICQueenStrength= 5.74817607551813
RQWkrDrnRatio= 2.89733512233943
ICDroneMiteSurvivorship= 34.8934207344428
ICWorkerMiteSurvivorship= 61.0543348360807
ICForagerLifespan= 13.621448578313
ImmType= Cosine
RQQueenStrength= 1.47297093784437
RQEnableReQueen= true
AIAdultSlope= 3.38930905051529
AIAdultLD50= 66.9266150810921
AIAdultSlopeContact= 3.05539265391417
AIAdultLD50Contact= 17.7510909501163
AILarvaSlope= 7.36704191379249
AILarvaLD50= 77.5997728323685
AIKOW= 8040.74308746589
AIKOC= 28218.2808807564
AIHalfLife= 23.3270393149927
EAppRate= 2.24765212066821
FoliarEnabled= true
FoliarAppDate= 06/07/1989
FoliarForageBegin= 06/05/1989
FoliarForageEnd= 06/28/1989
AIContactFactor= 1.9740030987002
CL4Pollen= 3.94063868373632
CL4Nectar= 55.2803173195571
CL5Pollen= 3.58069490734488
CL5Nectar= 108.865800336935
CLDPollen= 3.90551565773785
CLDNectar= 64.2928877728991
CA13Pollen= 3.06335035832599
CA13Nectar= 78.6651911586523
CA410Pollen= 2.29133578848559
CA410Nectar= 112.420449387282
CA1120Pollen= 1.11064162664115
CA1120Nectar= 50.4187842458487
IPollenTrips= 8.54124262696132
INectarTrips= 7.35926269786432
IPollenLoad= 1.88113252865151
INectarLoad= 5.82064761547372
