ICQueenStrength= 3.59508522576652
RQWkrDrnRatio= 2.78245119191706
ICDroneMiteSurvivorship= 85.88242076803
ICWorkerMiteSurvivorship= 15.8136538229883
ICForagerLifespan= 11.3409047750756
ImmType= Sine
AIAdultSlope= 0.451357100734022
AIAdultLD50= 0.0980384045280516
AIAdultSlopeContact= 1.39687567286426
AIAdultLD50Contact= 0.00771034541539848
AILarvaSlope= 2.36699990150519
AILarvaLD50= 0.435203020647168
AIKOW= 5.67606189381331
AIKOC= 20.4298567271326
AIHalfLife= 2.00993063370697
EAppRate= 9.48804180370644
FoliarEnabled= true
