ICQueenStrength= 4.37665135506541
RQWkrDrnRatio= 1.29268293362111
ICDroneMiteSurvivorship= 95.603594253771
ICWorkerMiteSurvivorship= 50.2603823551908
ICForagerLifespan= 10.9226032430306
ImmType= Tangent
RQQueenStrength= 4.00937417778187
RQEnableReQueen= true
AIAdultSlope= 5.753114560619
AIAdultLD50= 42.2593647302596
AIAdultSlopeContact= 2.89548108540475
AIAdultLD50Contact= 58.901813456631
AILarvaSlope= 7.04538072645664
AILarvaLD50= 94.9847146419389
AIKOW= 83705.684868236
AIKOC= 36242.2823208633
AIHalfLife= 30.207556459331
EAppRate= 3.81426714540762
FoliarEnabled= true
FoliarAppDate= 06/07/1989
FoliarForageBegin= 06/05/1989
FoliarForageEnd= 06/28/1989
AIContactFactor= 1.94618876530789
CL4Pollen= 3.42170414049178
CL4Nectar= 7.7946406789124
CL5Pollen= 1.88695816788822
CL5Nectar= 36.3203056622297
CLDPollen= 5.48556426493451
CLDNectar= 6.89585914369673
CA13Pollen= 2.3155296433717
CA13Nectar= 89.2732327617705
CA410Pollen= 8.67906699713785
CA410Nectar= 39.9181917263195
CA1120Pollen= 2.38317080587149
CA1120Nectar= 68.7194888666272
IPollenTrips= 14.8774678073823
INectarTrips= 13.132429535035
IPollenLoad= 7.08042501704767
INectarLoad= 3.45372854266316
