ICQueenStrength= 5.24526543240063
RQWkrDrnRatio= 2.79413199611008
ICDroneMiteSurvivorship= 79.8093684250489
ICWorkerMiteSurvivorship= 23.2492934446782
ICForagerLifespan= 12.7657629102468
ImmType= Sine
RQQueenStrength= 2.44759809831157
RQEnableReQueen= true
AIAdultSlope= 6.03304260037839
AIAdultLD50= 12.3494508210728
AIAdultSlopeContact= 8.39834904484451
AIAdultLD50Contact= 3.8911003589367
AILarvaSlope= 3.62677722983062
AILarvaLD50= 29.8780891912184
AIKOW= 3840.63997774729
AIKOC= 72879.6772474053
AIHalfLife= 26.0306285748957
EAppRate= 7.58182430929062
FoliarEnabled= true
FoliarAppDate= 06/07/1989
FoliarForageBegin= 06/05/1989
FoliarForageEnd= 06/28/1989
AIContactFactor= 0.301106485812925
CL4Pollen= 0.769461694173515
CL4Nectar= 58.4771965630352
CL5Pollen= 3.77734692161903
CL5Nectar= 27.4318494717591
CLDPollen= 5.86146385828033
CLDNectar= 138.012293551583
CA13Pollen= 4.8940828259103
CA13Nectar= 65.0088068842888
CA410Pollen= 3.27889429035131
CA410Nectar= 172.34898279421
CA1120Pollen= 0.374687619041651
CA1120Nectar= 44.5244567468762
IPollenTrips= 6.40096639050171
INectarTrips= 10.1666021812707
IPollenLoad= 2.95338042313233
INectarLoad= 8.42220678227022
