ICQueenStrength= 5.9322021973785
RQWkrDrnRatio= 3.66361583210528
ICDroneMiteSurvivorship= 87.2873725602403
ICWorkerMiteSurvivorship= 38.2708004210144
ICForagerLifespan= 8.59361074585468
ImmType= Polynomial
RQQueenStrength= 3.71121701807715
RQEnableReQueen= true
AIAdultSlope= 4.76905323192477
AIAdultLD50= 71.3090555227839
AIAdultSlopeContact= 9.82313225208782
AIAdultLD50Contact= 92.2875389109817
AILarvaSlope= 8.78270097076893
AILarvaLD50= 64.3103093318341
AIKOW= 49747.3436136157
AIKOC= 6816.13175121346
AIHalfLife= 22.1545053739799
EAppRate= 1.40364537375188
FoliarEnabled= true
FoliarAppDate= 06/07/1989
FoliarForageBegin= 06/05/1989
FoliarForageEnd= 06/28/1989
AIContactFactor= 1.92179818294942
CL4Pollen= 1.44421213772148
CL4Nectar= 63.7285535689443
CL5Pollen= 3.49257766641676
CL5Nectar= 113.534020772204
CLDPollen= 2.97095313761383
CLDNectar= 6.56732496572658
CA13Pollen= 2.76840909086168
CA13Nectar= 55.9501035138965
CA410Pollen= 8.94454966022167
CA410Nectar= 105.064979493618
CA1120Pollen= 0.363803083542734
CA1120Nectar= 21.3891195505857
IPollenTrips= 7.59775172686204
INectarTrips= 7.43524566525593
IPollenLoad= 1.25786782708019
INectarLoad= 7.23927851999179
