ICQueenStrength= 3.98565447237343
RQWkrDrnRatio= 4.0124448062852
ICDroneMiteSurvivorship= 61.4300346700475
ICWorkerMiteSurvivorship= 87.1335019823164
ICForagerLifespan= 7.18425729870796
ImmType= Tangent
RQQueenStrength= 3.30340507160872
RQEnableReQueen=true
AIAdultSlope= 8.50463713333011
AIAdultLD50= 0.990734878747258
AIAdultSlopeContact= 4.06594474613667
AIAdultLD50Contact= 15.3990266426639
AILarvaSlope= 3.18025168590248
AILarvaLD50= 22.6453691928925
AIKOW= 54913.4869278669
AIKOC= 68419.6346625516
AIHalfLife= 16.8648820165312
EAppRate= 5.29591068928922
FoliarEnabled=true
FoliarAppDate= 07/01/1989
FoliarForageBegin= 07/01/1989
FoliarForageEnd= 07/14/1989
AIContactFactor= 2.27499257643241
CL4Pollen= 3.52140357624739
CL4Nectar= 57.1625641547143
CL5Pollen= 4.06626604869962
CL5Nectar= 30.1174651714973
CLDPollen= 0.84973616246134
CLDNectar= 18.4464873396792
CA13Pollen= 8.02756074331701
CA13Nectar= 57.9229141585529
CA410Pollen= 2.71304435087368
CA410Nectar= 150.804255725816
CA1120Pollen= 1.50363862398081
CA1120Nectar= 26.8532950058579
IPollenTrips= 8.63624290795997
INectarTrips= 9.20206380775198
IPollenLoad= 4.01014811592177
INectarLoad= 4.05279163504019
