ICQueenStrength= 4.0200775153935
RQWkrDrnRatio= 3.87935810443014
ICDroneMiteSurvivorship= 9.32441980112344
ICWorkerMiteSurvivorship= 0.326785584911704
ICForagerLifespan= 13.2157726567239
ImmType= Sine
RQQueenStrength= 1.64511878881603
RQEnableReQueen= true
AIAdultSlope= 8.43140523135662
AIAdultLD50= 96.9919678511305
AIAdultSlopeContact= 5.10892983316444
AIAdultLD50Contact= 54.3494529080752
AILarvaSlope= 6.64847904443741
AILarvaLD50= 11.35243133692
AIKOW= 92369.8144213157
AIKOC= 44333.6585478552
AIHalfLife= 16.0456387933344
EAppRate= 1.3499936137828
FoliarEnabled= true
FoliarAppDate= 06/07/1989
FoliarForageBegin= 06/05/1989
FoliarForageEnd= 06/28/1989
AIContactFactor= 1.08424556158017
CL4Pollen= 0.733706462197006
CL4Nectar= 23.6253870651126
CL5Pollen= 3.78514344943687
CL5Nectar= 38.2052699918859
CLDPollen= 0.346186755225062
CLDNectar= 61.8991427938454
CA13Pollen= 7.36308858664706
CA13Nectar= 93.9855283871293
CA410Pollen= 2.24344209029805
CA410Nectar= 104.362384565175
CA1120Pollen= 1.93975989008322
CA1120Nectar= 40.4324064776301
IPollenTrips= 13.4347340534441
INectarTrips= 9.81285784393549
IPollenLoad= 8.05426613660529
INectarLoad= 4.16653821943328
