ICQueenStrength= 3.04829325317405
RQWkrDrnRatio= 2.53988300170749
ICDroneMiteSurvivorship= 1.52585131581873
ICWorkerMiteSurvivorship= 74.2282368941233
ICForagerLifespan= 15.9282292975113
ImmType= Tangent
RQQueenStrength= 4.47749179811217
RQEnableReQueen= true
AIAdultSlope= 1.09980037994683
AIAdultLD50= 74.5493498183864
AIAdultSlopeContact= 3.73359508113936
AIAdultLD50Contact= 69.95451200213
AILarvaSlope= 3.19721422344446
AILarvaLD50= 17.032555551324
AIKOW= 33319.9284828444
AIKOC= 62510.2758378475
AIHalfLife= 8.22710220918525
EAppRate= 1.95747103899368
FoliarEnabled= true
FoliarAppDate= 06/07/1989
FoliarForageBegin= 06/05/1989
FoliarForageEnd= 06/28/1989
AIContactFactor= 1.13921184175182
CL4Pollen= 1.2129274988547
CL4Nectar= 52.9373538913205
CL5Pollen= 0.386076556518674
CL5Nectar= 13.5644766851328
CLDPollen= 3.31562281167135
CLDNectar= 64.4478142261505
CA13Pollen= 6.01879593292251
CA13Nectar= 89.3940565362573
CA410Pollen= 7.84451733741444
CA410Nectar= 116.349368346855
CA1120Pollen= 2.18216901971027
CA1120Nectar= 51.6442116908729
IPollenTrips= 13.21725029964
INectarTrips= 5.71672033285722
IPollenLoad= 6.48152603767812
INectarLoad= 6.78974606795236
