ICQueenStrength= 1.14713716693223
RQWkrDrnRatio= 1.45565447118133
ICDroneMiteSurvivorship= 93.6015793588012
ICWorkerMiteSurvivorship= 56.9318908033893
ICForagerLifespan= 7.19114618096501
ImmType= Tangent
RQQueenStrength= 2.10329000977799
RQEnableReQueen= true
AIAdultSlope= 1.07827694155276
AIAdultLD50= 86.4293682295887
AIAdultSlopeContact= 4.95754183246754
AIAdultLD50Contact= 22.7107967667277
AILarvaSlope= 8.21089848130941
AILarvaLD50= 97.9353770091592
AIKOW= 82961.4984379107
AIKOC= 54398.8955607889
AIHalfLife= 24.3252559601562
EAppRate= 2.05105196885345
FoliarEnabled= true
FoliarAppDate= 06/07/1989
FoliarForageBegin= 06/05/1989
FoliarForageEnd= 06/28/1989
AIContactFactor= 2.34534327330999
CL4Pollen= 2.36432386841625
CL4Nectar= 13.48301472608
CL5Pollen= 0.22508731065318
CL5Nectar= 0.94699168112129
CLDPollen= 3.50984226493165
CLDNectar= 4.36281353468075
CA13Pollen= 3.88266388215125
CA13Nectar= 84.8867837712169
CA410Pollen= 8.07007418125868
CA410Nectar= 96.2238512933254
CA1120Pollen= 2.62379343062639
CA1120Nectar= 65.3281739540398
IPollenTrips= 10.0661609135568
INectarTrips= 12.6381360529922
IPollenLoad= 3.08237159624696
INectarLoad= 8.69475390994921
ESoilP= 1.99533985927701
ESoilFoc= 0.015942909618374
