ICQueenStrength= 5.37701123999432
RQWkrDrnRatio= 2.16760350391269
ICDroneMiteSurvivorship= 3.29688275232911
ICWorkerMiteSurvivorship= 2.53050120081753
ICForagerLifespan= 10.6157368253917
ImmType= Sine
RQQueenStrength= 1.05587717634626
RQEnableReQueen= true
AIAdultSlope= 7.59547974541783
AIAdultLD50= 0.496435584885068
AIAdultSlopeContact= 3.95640882430598
AIAdultLD50Contact= 25.4088327983101
AILarvaSlope= 4.62097862362862
AILarvaLD50= 33.7032602289147
AIKOW= 54094.0616783808
AIKOC= 66889.9329800091
AIHalfLife= 17.528765605716
EAppRate= 7.10770232990058
FoliarEnabled= true
FoliarAppDate= 09/01/1989
FoliarForageBegin= 09/01/1989
FoliarForageEnd= 09/08/1989
AIContactFactor= 1.66564830172341
CL4Pollen= 0.430619400925934
CL4Nectar= 21.8158964300528
CL5Pollen= 1.4472617385909
CL5Nectar= 136.363574874122
CLDPollen= 5.2963147982955
CLDNectar= 13.0978148896247
CA13Pollen= 3.66628808882087
CA13Nectar= 96.2219132296741
CA410Pollen= 3.25168878822587
CA410Nectar= 55.0323454802856
CA1120Pollen= 1.85191646357998
CA1120Nectar= 42.4283248372376
IPollenTrips= 6.27063173800707
INectarTrips= 14.0879877191037
IPollenLoad= 9.72569551551715
INectarLoad= 7.86494724219665
