ICQueenStrength= 3.59228494367562
RQWkrDrnRatio= 3.78011478018016
ICDroneMiteSurvivorship= 61.8664743378758
ICWorkerMiteSurvivorship= 24.4656974915415
ICForagerLifespan= 10.200144383125
ImmType= Exponential
RQQueenStrength= 2.05424994952045
RQEnableReQueen= true
AIAdultSlope= 1.94836305454373
AIAdultLD50= 83.0170116902068
AIAdultSlopeContact= 2.54351044539362
AIAdultLD50Contact= 47.6770418874016
AILarvaSlope= 4.3651974555105
AILarvaLD50= 66.6563695325388
AIKOW= 32668.3673119915
AIKOC= 96906.8498469694
AIHalfLife= 22.0785544730723
EAppRate= 4.06428184045944
FoliarEnabled= true
FoliarAppDate= 06/07/1989
FoliarForageBegin= 06/05/1989
FoliarForageEnd= 06/28/1989
AIContactFactor= 1.89534130798187
CL4Pollen= 3.50116433855146
CL4Nectar= 79.080288275145
CL5Pollen= 0.95904130814597
CL5Nectar= 69.2776370909996
CLDPollen= 4.50128263514489
CLDNectar= 106.031848525163
CA13Pollen= 5.8598420436494
CA13Nectar= 84.0546054765582
CA410Pollen= 9.06500468717422
CA410Nectar= 192.202622634359
CA1120Pollen= 2.22834218828939
CA1120Nectar= 90.9189726784825
IPollenTrips= 14.7533179167658
INectarTrips= 11.7465901002288
IPollenLoad= 9.5413278741762
INectarLoad= 1.10463405493647
ESoilP= 1.21411164966412
ESoilFoc= 0.00459725656430237
