ICQueenStrength= 5.69705496798269
RQWkrDrnRatio= 3.88855698332191
ICDroneMiteSurvivorship= 63.6535387486219
ICWorkerMiteSurvivorship= 42.482190253213
ICForagerLifespan= 15.4002352235839
ImmType= Sine
RQQueenStrength= 2.93233274039812
RQEnableReQueen= true
AIAdultSlope= 6.79243898764253
AIAdultLD50= 16.8999764496754
AIAdultSlopeContact= 7.63429721654393
AIAdultLD50Contact= 89.9968456561919
AILarvaSlope= 3.255191443488
AILarvaLD50= 47.3838151596789
AIKOW= 78961.6336198315
AIKOC= 70140.2108606424
AIHalfLife= 0.958967632008716
EAppRate= 1.16318021779251
FoliarEnabled= true
FoliarAppDate= 06/07/1989
FoliarForageBegin= 06/05/1989
FoliarForageEnd= 06/28/1989
AIContactFactor= 0.534631252284162
CL4Pollen= 1.89014785550535
CL4Nectar= 21.1818914161995
CL5Pollen= 3.18627511337399
CL5Nectar= 52.7780389180407
CLDPollen= 1.89134065853432
CLDNectar= 98.0242939665914
CA13Pollen= 6.334115497116
CA13Nectar= 71.4840714074671
CA410Pollen= 8.88664123078343
CA410Nectar= 170.558926286176
CA1120Pollen= 1.50672559021041
CA1120Nectar= 26.0823911800981
IPollenTrips= 10.9338161628693
INectarTrips= 13.4701248211786
IPollenLoad= 6.47817928809673
INectarLoad= 8.75829800730571
ESoilP= 1.36230162088759
ESoilFoc= 0.0125769262213726
