ICQueenStrength= 3.92679985286668
RQWkrDrnRatio= 1.68550296872854
ICDroneMiteSurvivorship= 5.83686667960137
ICWorkerMiteSurvivorship= 80.9602015884593
ICForagerLifespan= 5.83810491021723
ImmType= Cosine
RQQueenStrength= 4.56644611572847
RQEnableReQueen= true
AIAdultSlope= 1.53348528966308
AIAdultLD50= 0.886400362505345
AIAdultSlopeContact= 6.65701852855273
AIAdultLD50Contact= 73.8126249402859
AILarvaSlope= 7.49773172661662
AILarvaLD50= 59.3540592229275
AIKOW= 82531.6697132288
AIKOC= 52866.7826616471
AIHalfLife= 10.0835841906257
EAppRate= 3.63041628361074
FoliarEnabled= true
FoliarAppDate= 09/01/1989
FoliarForageBegin= 09/01/1989
FoliarForageEnd= 09/08/1989
AIContactFactor= 1.60011131315492
CL4Pollen= 0.740543460473418
CL4Nectar= 45.418364694342
CL5Pollen= 2.48707769298926
CL5Nectar= 1.9618954975158
CLDPollen= 2.43295498145744
CLDNectar= 85.0637795054354
CA13Pollen= 7.08718917872757
CA13Nectar= 82.160210814327
CA410Pollen= 7.74045127348509
CA410Nectar= 39.6351831778884
CA1120Pollen= 2.13400156097487
CA1120Nectar= 33.1185790523887
IPollenTrips= 7.20989726250991
INectarTrips= 7.76309664128348
IPollenLoad= 8.10369261074811
INectarLoad= 5.43100904440507
