ICQueenStrength= 5.02194964000955
RQWkrDrnRatio= 1.69594527687877
ICDroneMiteSurvivorship= 32.2011758107692
ICWorkerMiteSurvivorship= 98.6761227017269
ICForagerLifespan= 12.1387588344514
ImmType= Cosine
RQQueenStrength= 2.25226539792493
RQEnableReQueen= true
AIAdultSlope= 3.1538626216352
AIAdultLD50= 67.2457473814734
AIAdultSlopeContact= 6.45264195068739
AIAdultLD50Contact= 28.7836363655783
AILarvaSlope= 1.74813664332032
AILarvaLD50= 40.2477370029823
AIKOW= 27059.0904932202
AIKOC= 79473.201913778
AIHalfLife= 4.74272565040737
EAppRate= 9.11338298981777
FoliarEnabled= true
FoliarAppDate= 06/07/1989
FoliarForageBegin= 06/05/1989
FoliarForageEnd= 06/28/1989
AIContactFactor= 1.37344819528051
CL4Pollen= 1.43270470760763
CL4Nectar= 83.0345920287073
CL5Pollen= 3.629145629704
CL5Nectar= 9.86939863068983
CLDPollen= 2.07845397479832
CLDNectar= 62.6683236449026
CA13Pollen= 7.71846634177491
CA13Nectar= 77.1445071138442
CA410Pollen= 3.74511050300207
CA410Nectar= 77.4044349137694
CA1120Pollen= 1.81116315023974
CA1120Nectar= 62.5009517557919
IPollenTrips= 14.1780504770577
INectarTrips= 12.1965840226039
IPollenLoad= 0.186401524115354
INectarLoad= 5.23275022860616
