ICQueenStrength= 3.54965697880834
RQWkrDrnRatio= 2.9815744869411
ICDroneMiteSurvivorship= 67.9955137660727
ICWorkerMiteSurvivorship= 35.6306508881971
ICForagerLifespan= 4.6855583358556
ImmType= Exponential
RQQueenStrength= 2.61469540908001
RQEnableReQueen= true
AIAdultSlope= 1.62019138783216
AIAdultLD50= 40.8749944355914
AIAdultSlopeContact= 9.32368014613166
AIAdultLD50Contact= 90.9546665842638
AILarvaSlope= 4.13972871564329
AILarvaLD50= 71.8578682065578
AIKOW= 84919.4104031344
AIKOC= 65672.5005641622
AIHalfLife= 29.1057757011149
EAppRate= 2.09019546279171
FoliarEnabled= true
FoliarAppDate= 06/07/1989
FoliarForageBegin= 06/05/1989
FoliarForageEnd= 06/28/1989
AIContactFactor= 1.33742532191332
CL4Pollen= 3.68001016322523
CL4Nectar= 19.5643992861733
CL5Pollen= 5.19159346679226
CL5Nectar= 128.73063152656
CLDPollen= 5.29900161456317
CLDNectar= 53.01322422456
CA13Pollen= 2.78566116821021
CA13Nectar= 43.0662362836301
CA410Pollen= 3.28046180179808
CA410Nectar= 161.56389884185
CA1120Pollen= 0.487902418943122
CA1120Nectar= 88.8654570095241
IPollenTrips= 11.8204918433912
INectarTrips= 10.9147329046391
IPollenLoad= 6.1390496743843
INectarLoad= 6.43820631317794
ESoilP= 1.22928021592088
ESoilFoc= 0.0133967821544502
