ICQueenStrength= 4.46798806451261
RQWkrDrnRatio= 3.90625581890345
ICDroneMiteSurvivorship= 17.3443985404447
ICWorkerMiteSurvivorship= 31.809041579254
ICForagerLifespan= 6.51290913019329
ImmType= Polynomial
RQQueenStrength= 2.86957604135387
RQEnableReQueen= true
AIAdultSlope= 5.9247317276895
AIAdultLD50= 0.916244009852409
AIAdultSlopeContact= 2.65185923408717
AIAdultLD50Contact= 82.7371668630401
AILarvaSlope= 2.03132718615234
AILarvaLD50= 55.6774150020366
AIKOW= 14658.010297946
AIKOC= 64789.924439125
AIHalfLife= 19.42497046832
EAppRate= 7.12350712573133
FoliarEnabled= true
FoliarAppDate= 06/07/1989
FoliarForageBegin= 06/05/1989
FoliarForageEnd= 06/28/1989
AIContactFactor= 2.00440607253462
CL4Pollen= 0.438664548099041
CL4Nectar= 79.843358695507
CL5Pollen= 1.19057379662991
CL5Nectar= 79.1726707248017
CLDPollen= 2.00880369683728
CLDNectar= 26.9654593197629
CA13Pollen= 2.94672230007127
CA13Nectar= 86.76438389346
CA410Pollen= 9.22152514329646
CA410Nectar= 43.7409834703431
CA1120Pollen= 1.86606743442826
CA1120Nectar= 79.9418354779482
IPollenTrips= 6.94163830252364
INectarTrips= 5.98998067667708
IPollenLoad= 9.65917889494449
INectarLoad= 0.902826483361423
ESoilP= 1.98195990780368
ESoilFoc= 0.0108669085290749
