ICQueenStrength= 1.55354451644234
RQWkrDrnRatio= 2.71390871237963
ICDroneMiteSurvivorship= 98.2827482977882
ICWorkerMiteSurvivorship= 86.2708061002195
ICForagerLifespan= 5.14550973474979
ImmType= Logarithmic
RQQueenStrength= 4.86141716968268
RQEnableReQueen= true
AIAdultSlope= 8.70844115130603
AIAdultLD50= 39.9537671105599
AIAdultSlopeContact= 8.55884394771419
AIAdultLD50Contact= 40.5434065188239
AILarvaSlope= 2.7238984759897
AILarvaLD50= 0.0777781171882525
AIKOW= 36721.5401441544
AIKOC= 53343.0656697857
AIHalfLife= 32.0661913524382
EAppRate= 1.06291118643736
FoliarEnabled= true
FoliarAppDate= 06/07/1989
FoliarForageBegin= 06/05/1989
FoliarForageEnd= 06/28/1989
AIContactFactor= 1.41777951375116
CL4Pollen= 3.25512199569494
CL4Nectar= 62.473392765969
CL5Pollen= 2.39855467574671
CL5Nectar= 140.801678574644
CLDPollen= 2.46607515402138
CLDNectar= 113.754697632976
CA13Pollen= 4.68334926599637
CA13Nectar= 49.6515386737883
CA410Pollen= 4.83058428671211
CA410Nectar= 100.303788133897
CA1120Pollen= 0.982431563548744
CA1120Nectar= 38.2634528912604
IPollenTrips= 14.6209246781655
INectarTrips= 10.0011744350195
IPollenLoad= 3.60707680229098
INectarLoad= 1.01937416940928
