ICQueenStrength= 5.15094889816828
RQWkrDrnRatio= 3.26541208848357
ICDroneMiteSurvivorship= 92.7901725750417
ICWorkerMiteSurvivorship= 81.096670543775
ICForagerLifespan= 6.75689115189016
ImmType= Logarithmic
RQQueenStrength= 1.58757327147759
RQEnableReQueen= true
AIAdultSlope= 4.33908806927502
AIAdultLD50= 72.3587021223679
AIAdultSlopeContact= 6.19395592086948
AIAdultLD50Contact= 79.7907731701534
AILarvaSlope= 8.4653559345752
AILarvaLD50= 99.559256045613
AIKOW= 94559.4827264279
AIKOC= 56224.1527664298
AIHalfLife= 4.44010958215222
EAppRate= 5.39049459050759
FoliarEnabled= true
FoliarAppDate= 06/07/1989
FoliarForageBegin= 06/05/1989
FoliarForageEnd= 06/28/1989
AIContactFactor= 1.07626537703909
CL4Pollen= 1.34076837077737
CL4Nectar= 80.5755566107109
CL5Pollen= 3.35696545802057
CL5Nectar= 137.45613101637
CLDPollen= 3.5766852744855
CLDNectar= 17.6448580808938
CA13Pollen= 3.76830863282084
CA13Nectar= 36.3552208803594
CA410Pollen= 2.53041238966398
CA410Nectar= 57.1976935723796
CA1120Pollen= 0.811679810285568
CA1120Nectar= 98.3351698890328
IPollenTrips= 9.09526970470324
INectarTrips= 6.80204533971846
IPollenLoad= 5.94922008225694
INectarLoad= 6.09516836004332
ESoilP= 1.60858130734414
ESoilFoc= 0.00105976636405103
