ICQueenStrength= 5.11144595476799
RQWkrDrnRatio= 2.00094366818666
ICDroneMiteSurvivorship= 50.7161840330809
ICWorkerMiteSurvivorship= 74.7161316219717
ICForagerLifespan= 14.0037931790575
ImmType= Polynomial
RQQueenStrength= 5.45138998911716
RQEnableReQueen= true
AIAdultSlope= 3.73376116529107
AIAdultLD50= 8.86800005769706
AIAdultSlopeContact= 9.02852803468704
AIAdultLD50Contact= 83.5816533234138
AILarvaSlope= 5.10633375495672
AILarvaLD50= 88.5014992118317
AIKOW= 24956.6112716899
AIKOC= 74743.282370877
AIHalfLife= 34.8557616464794
EAppRate= 3.67181410942343
FoliarEnabled= true
FoliarAppDate= 06/07/1989
FoliarForageBegin= 06/05/1989
FoliarForageEnd= 06/28/1989
AIContactFactor= 1.79267521208152
CL4Pollen= 3.94100388884544
CL4Nectar= 0.846312427893281
CL5Pollen= 4.37509307591245
CL5Nectar= 92.2210532356985
CLDPollen= 3.40715976851061
CLDNectar= 146.283073711675
CA13Pollen= 5.01121037295088
CA13Nectar= 29.2215255647898
CA410Pollen= 5.45838853679597
CA410Nectar= 167.798130265437
CA1120Pollen= 1.34401070326567
CA1120Nectar= 28.797417152673
IPollenTrips= 9.47635788703337
INectarTrips= 14.4024346466176
IPollenLoad= 5.16016866778955
INectarLoad= 0.405704244039953
