ICQueenStrength= 5.44327301345766
RQWkrDrnRatio= 4.98847439046949
ICDroneMiteSurvivorship= 27.0986981922761
ICWorkerMiteSurvivorship= 14.710901491344
ICForagerLifespan= 12.0667856642976
ImmType= Logarithmic
RQQueenStrength= 1.99537439760752
RQEnableReQueen= true
AIAdultSlope= 3.33481703698635
AIAdultLD50= 36.0678007580591
AIAdultSlopeContact= 9.44310088618658
AIAdultLD50Contact= 16.3498093337426
AILarvaSlope= 1.79480725713074
AILarvaLD50= 15.8488428222069
AIKOW= 75114.8960059676
AIKOC= 81788.4559714426
AIHalfLife= 34.0370532139903
EAppRate= 2.71881010616268
FoliarEnabled= true
FoliarAppDate= 06/07/1989
FoliarForageBegin= 06/05/1989
FoliarForageEnd= 06/28/1989
AIContactFactor= 0.74754852083046
CL4Pollen= 2.88146000914276
CL4Nectar= 75.046466733329
CL5Pollen= 0.997527098748833
CL5Nectar= 40.5178525834344
CLDPollen= 1.49747182242572
CLDNectar= 130.137712997384
CA13Pollen= 3.09748523011804
CA13Nectar= 72.369656637311
CA410Pollen= 4.78699679698329
CA410Nectar= 34.7887544007972
CA1120Pollen= 1.08847399125807
CA1120Nectar= 32.0198647491634
IPollenTrips= 6.32874288130552
INectarTrips= 11.034922527615
IPollenLoad= 3.51385241374373
INectarLoad= 4.27739707287401
