ICQueenStrength= 4.42326845275238
RQWkrDrnRatio= 1.38660650048405
ICDroneMiteSurvivorship= 28.047642740421
ICWorkerMiteSurvivorship= 94.622253277339
ICForagerLifespan= 5.27299412339926
ImmType= Cosine
RQQueenStrength= 2.10193544067442
RQEnableReQueen= true
AIAdultSlope= 1.67211818322539
AIAdultLD50= 12.4791743299994
AIAdultSlopeContact= 2.40148075576872
AIAdultLD50Contact= 32.4830454448508
AILarvaSlope= 7.77430223114789
AILarvaLD50= 42.4082820467155
AIKOW= 84691.7326736384
AIKOC= 56471.3692895949
AIHalfLife= 6.48998776618391
EAppRate= 9.12893590205279
FoliarEnabled= true
FoliarAppDate= 06/07/1989
FoliarForageBegin= 06/05/1989
FoliarForageEnd= 06/28/1989
AIContactFactor= 0.864203118495643
CL4Pollen= 2.59731501806527
CL4Nectar= 59.2727241804823
CL5Pollen= 2.66962248645723
CL5Nectar= 0.148609362076968
CLDPollen= 0.480097502935678
CLDNectar= 3.32857759203762
CA13Pollen= 6.81774074472487
CA13Nectar= 99.7087714076042
CA410Pollen= 5.33855085149407
CA410Nectar= 109.442551638931
CA1120Pollen= 2.98843954713084
CA1120Nectar= 23.0306561104953
IPollenTrips= 10.3878808114678
INectarTrips= 12.0923716435209
IPollenLoad= 4.65099355438724
INectarLoad= 9.96177150169387
