ICQueenStrength= 2.77916341111995
RQWkrDrnRatio= 2.58270802721381
ICDroneMiteSurvivorship= 0.135540217161179
ICWorkerMiteSurvivorship= 76.7206291900948
ICForagerLifespan= 11.0927341682836
ImmType= Sine
RQQueenStrength= 2.62635160028003
RQEnableReQueen= true
AIAdultSlope= 4.26415855251253
AIAdultLD50= 63.4376837767726
AIAdultSlopeContact= 4.95372323226184
AIAdultLD50Contact= 87.0623652526964
AILarvaSlope= 2.6686780564487
AILarvaLD50= 91.3133144364774
AIKOW= 14812.7176770155
AIKOC= 89797.7655723258
AIHalfLife= 1.6708859480219
EAppRate= 2.9446252373613
FoliarEnabled= true
FoliarAppDate= 06/07/1989
FoliarForageBegin= 06/05/1989
FoliarForageEnd= 06/28/1989
AIContactFactor= 1.77621067509055
CL4Pollen= 2.66411854419857
CL4Nectar= 86.327125155367
CL5Pollen= 4.06598846940324
CL5Nectar= 121.335394796915
CLDPollen= 5.46908210869879
CLDNectar= 127.371628407855
CA13Pollen= 7.10897184796631
CA13Nectar= 53.7075479514897
CA410Pollen= 5.49176983155776
CA410Nectar= 92.5431384239346
CA1120Pollen= 0.146820664638653
CA1120Nectar= 91.4904264546931
IPollenTrips= 8.2299760566093
INectarTrips= 9.36203369870782
IPollenLoad= 3.09544850373641
INectarLoad= 6.04766780277714
ESoilP= 1.5584957303945
ESoilFoc= 0.00337906410661526
