ICQueenStrength= 4.2949159713462
RQWkrDrnRatio= 2.96710064448416
ICDroneMiteSurvivorship= 52.6189716998488
ICWorkerMiteSurvivorship= 12.138558505103
ICForagerLifespan= 7.16741190571338
ImmType= Polynomial
RQQueenStrength= 4.55709613766521
RQEnableReQueen= true
AIAdultSlope= 7.14160191640258
AIAdultLD50= 95.8174119104135
AIAdultSlopeContact= 8.10736361518502
AIAdultLD50Contact= 78.7921973916923
AILarvaSlope= 2.74818871729076
AILarvaLD50= 75.0254348293256
AIKOW= 83862.6831376286
AIKOC= 73782.6878056501
AIHalfLife= 8.3589933931129
EAppRate= 8.74933301729616
FoliarEnabled= true
FoliarAppDate= 06/07/1989
FoliarForageBegin= 06/05/1989
FoliarForageEnd= 06/28/1989
AIContactFactor= 2.39268604961689
CL4Pollen= 2.83814862184227
CL4Nectar= 11.8933792691678
CL5Pollen= 1.25606810627505
CL5Nectar= 85.4135337634943
CLDPollen= 1.67854402586818
CLDNectar= 49.570369720459
CA13Pollen= 2.62758753523231
CA13Nectar= 78.6640137806535
CA410Pollen= 5.69110496072099
CA410Nectar= 123.823996423744
CA1120Pollen= 0.825614996720105
CA1120Nectar= 72.0458803512156
IPollenTrips= 7.79661401174963
INectarTrips= 11.0702846478671
IPollenLoad= 8.2224329886958
INectarLoad= 2.64734277967364
