ICQueenStrength= 1.20524914492853
RQWkrDrnRatio= 4.63991809263825
ICDroneMiteSurvivorship= 8.64212983287871
ICWorkerMiteSurvivorship= 85.1287515135482
ICForagerLifespan= 14.3781613986939
ImmType= Cosine
RQQueenStrength= 5.63984273024835
RQEnableReQueen= true
AIAdultSlope= 4.22028707526624
AIAdultLD50= 0.845762781313853
AIAdultSlopeContact= 1.22685396927409
AIAdultLD50Contact= 79.1064216479033
AILarvaSlope= 5.94616889022291
AILarvaLD50= 65.1070495964482
AIKOW= 7990.81838169288
AIKOC= 32880.078141466
AIHalfLife= 19.6958258889848
EAppRate= 6.56466347709368
FoliarEnabled= true
FoliarAppDate= 09/01/1989
FoliarForageBegin= 09/01/1989
FoliarForageEnd= 09/08/1989
AIContactFactor= 0.744600958549418
CL4Pollen= 3.87335253879428
CL4Nectar= 57.6830128673464
CL5Pollen= 1.02519081439823
CL5Nectar= 60.3555641253479
CLDPollen= 4.77979614632204
CLDNectar= 134.800428687595
CA13Pollen= 2.82324267579243
CA13Nectar= 71.1449921131134
CA410Pollen= 7.30186074872036
CA410Nectar= 171.156083410606
CA1120Pollen= 0.938115084310994
CA1120Nectar= 25.140049289912
IPollenTrips= 14.824181990698
INectarTrips= 13.6887719924562
IPollenLoad= 5.98473701858893
INectarLoad= 3.58663463965058
