ICQueenStrength= 2.34419071138836
RQWkrDrnRatio= 4.15906834974885
ICDroneMiteSurvivorship= 98.10549125541
ICWorkerMiteSurvivorship= 87.6750800060108
ICForagerLifespan= 14.7863666154444
ImmType= Cosine
RQQueenStrength= 5.95951507124119
RQEnableReQueen= true
AIAdultSlope= 1.53266579471529
AIAdultLD50= 36.0005955866019
AIAdultSlopeContact= 2.96776728681289
AIAdultLD50Contact= 54.5610700516722
AILarvaSlope= 3.69772059842944
AILarvaLD50= 49.9228649349143
AIKOW= 70760.2574625926
AIKOC= 85532.8944427115
AIHalfLife= 25.1908624921693
EAppRate= 7.64563259301498
FoliarEnabled= true
FoliarAppDate= 06/07/1989
FoliarForageBegin= 06/05/1989
FoliarForageEnd= 06/28/1989
AIContactFactor= 0.534823348019272
CL4Pollen= 1.36650118976831
CL4Nectar= 96.7093344079331
CL5Pollen= 5.71630419977009
CL5Nectar= 127.769111387897
CLDPollen= 3.87559031462297
CLDNectar= 57.4020186904818
CA13Pollen= 3.85673910407349
CA13Nectar= 64.1020184755325
CA410Pollen= 3.17184557158034
CA410Nectar= 188.42590436805
CA1120Pollen= 2.08540886733681
CA1120Nectar= 70.2200159057975
IPollenTrips= 6.13370872335508
INectarTrips= 9.4485299475491
IPollenLoad= 9.00846801232547
INectarLoad= 5.45167888281867
ESoilP= 1.03529086429626
ESoilFoc= 0.0147956645369995
