ICQueenStrength= 3.32120589469559
RQWkrDrnRatio= 1.05525309033692
ICDroneMiteSurvivorship= 12.0085363043472
ICWorkerMiteSurvivorship= 58.0110725248232
ICForagerLifespan= 11.6979959113523
ImmType= Cosine
RQQueenStrength= 2.97870598407462
RQEnableReQueen= true
AIAdultSlope= 7.1442512832582
AIAdultLD50= 0.419758845445234
AIAdultSlopeContact= 7.22852209024131
AIAdultLD50Contact= 92.4163893370086
AILarvaSlope= 6.98999666981399
AILarvaLD50= 98.9284822768057
AIKOW= 62189.8313144561
AIKOC= 72977.6026482543
AIHalfLife= 27.2621164023411
EAppRate= 2.6416002481014
FoliarEnabled= true
FoliarAppDate= 09/01/1989
FoliarForageBegin= 09/01/1989
FoliarForageEnd= 09/08/1989
AIContactFactor= 2.14528813847341
CL4Pollen= 3.42919986695051
CL4Nectar= 27.4636843008921
CL5Pollen= 1.321887482889
CL5Nectar= 80.752180761192
CLDPollen= 3.88051496213302
CLDNectar= 14.1903185751289
CA13Pollen= 4.09767469232902
CA13Nectar= 38.3482011035085
CA410Pollen= 2.62371502388269
CA410Nectar= 66.8043512990698
CA1120Pollen= 1.37724502617493
CA1120Nectar= 71.8225665204227
IPollenTrips= 7.34960157889873
INectarTrips= 5.16030931379646
IPollenLoad= 3.32470810506493
INectarLoad= 4.04143902705982
