ICQueenStrength= 4.83762786514126
RQWkrDrnRatio= 1.3433904806152
ICDroneMiteSurvivorship= 28.8371073082089
ICWorkerMiteSurvivorship= 25.9110626997426
ICForagerLifespan= 6.37994556967169
ImmType= Exponential
AIAdultSlope= 0.761875151975546
AIAdultLD50= 0.197174857975915
AIAdultSlopeContact= 1.76166230408242
AIAdultLD50Contact= 0.0422931053093635
AILarvaSlope= 1.95853043156676
AILarvaLD50= 0.0491663140710443
AIKOW= 5.19611629191786
AIKOC= 20.1489201176446
AIHalfLife= 0.553314118203707
EAppRate= 9.31288182735443
FoliarEnabled= true
