ICQueenStrength= 1.6514235609211
RQWkrDrnRatio= 1.33890901412815
ICDroneMiteSurvivorship= 11.1801953520626
ICWorkerMiteSurvivorship= 15.8080041175708
ICForagerLifespan= 8.69579075556248
ImmType= Exponential
RQQueenStrength= 3.23394462722354
RQEnableReQueen= true
AIAdultSlope= 5.07678670249879
AIAdultLD50= 84.9008381856948
AIAdultSlopeContact= 8.44446985516697
AIAdultLD50Contact= 8.36609974163701
AILarvaSlope= 8.81972472369671
AILarvaLD50= 8.83860734551097
AIKOW= 50692.6682026451
AIKOC= 44844.2913459935
AIHalfLife= 24.8142813440645
EAppRate= 2.51132148425095
FoliarEnabled= true
FoliarAppDate= 06/07/1989
FoliarForageBegin= 06/05/1989
FoliarForageEnd= 06/28/1989
AIContactFactor= 1.60151048271451
CL4Pollen= 1.59131836518645
CL4Nectar= 4.55768662504852
CL5Pollen= 2.6915083033964
CL5Nectar= 124.741449882276
CLDPollen= 4.6594883906655
CLDNectar= 43.3033131994307
CA13Pollen= 6.02112860260531
CA13Nectar= 66.3319709151983
CA410Pollen= 3.69374397376087
CA410Nectar= 55.5531971529126
CA1120Pollen= 0.554556971183047
CA1120Nectar= 81.9780425354838
IPollenTrips= 14.1020330600441
INectarTrips= 7.92110659647733
IPollenLoad= 3.9053844450973
INectarLoad= 9.63666762458161
ESoilP= 1.41254865238443
ESoilFoc= 0.0129955181123223
