ICQueenStrength= 1.56914644502103
RQWkrDrnRatio= 1.94875586871058
ICDroneMiteSurvivorship= 81.6525199683383
ICWorkerMiteSurvivorship= 9.87075904849917
ICForagerLifespan= 6.7350236158818
ImmType= Polynomial
RQQueenStrength= 3.23001651372761
RQEnableReQueen=true
AIAdultSlope= 4.20006667822599
AIAdultLD50= 0.295007453505415
AIAdultSlopeContact= 9.70865401648916
AIAdultLD50Contact= 19.1237694682525
AILarvaSlope= 6.52814081311226
AILarvaLD50= 58.9988200005335
AIKOW= 34370.8936328742
AIKOC= 32374.1165545357
AIHalfLife= 0.468265255796723
EAppRate= 8.94566474222415
FoliarEnabled=true
FoliarAppDate= 07/01/1989
FoliarForageBegin= 07/01/1989
FoliarForageEnd= 07/14/1989
AIContactFactor= 0.349849560232833
CL4Pollen= 2.90412291977555
CL4Nectar= 6.9230533670634
CL5Pollen= 0.677558914292604
CL5Nectar= 102.786866482347
CLDPollen= 1.47819541348144
CLDNectar= 10.1128004025668
CA13Pollen= 8.11848100442439
CA13Nectar= 45.2039773017168
CA410Pollen= 5.49246142641641
CA410Nectar= 48.6584746092558
CA1120Pollen= 0.368377786595374
CA1120Nectar= 69.2016860470176
IPollenTrips= 13.7314585456625
INectarTrips= 10.8723665121943
IPollenLoad= 7.92194220703095
INectarLoad= 0.976417078636587
