ICQueenStrength= 4.65926295984536
RQWkrDrnRatio= 4.93344132509083
ICDroneMiteSurvivorship= 5.52002256736159
ICWorkerMiteSurvivorship= 76.9610273186117
ICForagerLifespan= 15.2064587455243
ImmType= Tangent
RQQueenStrength= 3.3753486899659
RQEnableReQueen=true
AIAdultSlope= 3.83200032450259
AIAdultLD50= 0.106808297387557
AIAdultSlopeContact= 4.53409678884782
AIAdultLD50Contact= 54.515432535399
AILarvaSlope= 8.1219350527972
AILarvaLD50= 53.4181529644651
AIKOW= 9375.87139726867
AIKOC= 75196.9687158091
AIHalfLife= 22.5812914685113
EAppRate= 3.74929536964954
FoliarEnabled=true
FoliarAppDate= 07/01/1989
FoliarForageBegin= 07/01/1989
FoliarForageEnd= 07/14/1989
AIContactFactor= 1.31193395602982
CL4Pollen= 3.63113903999329
CL4Nectar= 45.8738839719445
CL5Pollen= 1.43643366079777
CL5Nectar= 142.575691163074
CLDPollen= 0.622643760871142
CLDNectar= 30.8402755530551
CA13Pollen= 4.11780340671539
CA13Nectar= 75.9169046580791
CA410Pollen= 4.74740964763332
CA410Nectar= 39.4853240111843
CA1120Pollen= 1.36974164214917
CA1120Nectar= 92.7934560738504
IPollenTrips= 10.3459984529763
INectarTrips= 5.42487850412726
IPollenLoad= 4.28129984764382
INectarLoad= 6.30192019976676
