ICQueenStrength= 4.46499151363969
RQWkrDrnRatio= 2.41359986271709
ICDroneMiteSurvivorship= 30.2059419453144
ICWorkerMiteSurvivorship= 96.6835753293708
ICForagerLifespan= 10.5617989292368
ImmType= Logarithmic
RQQueenStrength= 1.28835910651833
RQEnableReQueen=true
AIAdultSlope= 5.07118891365826
AIAdultLD50= 0.0622196894912049
AIAdultSlopeContact= 5.45037327846512
AIAdultLD50Contact= 39.6661512891259
AILarvaSlope= 1.60863762535155
AILarvaLD50= 95.0409112482727
AIKOW= 16845.1685958383
AIKOC= 87406.9262002152
AIHalfLife= 21.6437200847315
EAppRate= 5.10685236218572
FoliarEnabled=true
FoliarAppDate= 07/01/1989
FoliarForageBegin= 07/01/1989
FoliarForageEnd= 07/14/1989
AIContactFactor= 0.975794459031895
CL4Pollen= 1.49827211536467
CL4Nectar= 93.432731856592
CL5Pollen= 5.99395897518843
CL5Nectar= 146.492968406528
CLDPollen= 0.937213961966336
CLDNectar= 138.714168977458
CA13Pollen= 6.19035909632221
CA13Nectar= 34.711763355881
CA410Pollen= 4.55496204697993
CA410Nectar= 20.2431760681793
CA1120Pollen= 1.95210610306822
CA1120Nectar= 37.591397203505
IPollenTrips= 6.71258713817224
INectarTrips= 6.05191695503891
IPollenLoad= 0.139639878179878
INectarLoad= 4.89735060138628
