ICQueenStrength= 1.12945189722814
RQWkrDrnRatio= 3.60321616660804
ICDroneMiteSurvivorship= 93.6785954749212
ICWorkerMiteSurvivorship= 70.6123022828251
ICForagerLifespan= 7.30193137098104
ImmType= Logarithmic
RQQueenStrength= 4.08291145949624
RQEnableReQueen= true
AIAdultSlope= 8.14295876398683
AIAdultLD50= 96.5433461972594
AIAdultSlopeContact= 3.56827103486285
AIAdultLD50Contact= 15.4910307537969
AILarvaSlope= 1.11891259811819
AILarvaLD50= 1.48738206527987
AIKOW= 29176.512458003
AIKOC= 88790.642573277
AIHalfLife= 28.9233046062058
EAppRate= 6.61377103992645
FoliarEnabled= true
FoliarAppDate= 06/07/1989
FoliarForageBegin= 06/05/1989
FoliarForageEnd= 06/28/1989
AIContactFactor= 1.46726182254497
CL4Pollen= 0.231577097438276
CL4Nectar= 66.2649902515113
CL5Pollen= 2.56352121150121
CL5Nectar= 12.4247960862704
CLDPollen= 0.532875750213861
CLDNectar= 136.110178905074
CA13Pollen= 6.63604649230838
CA13Nectar= 60.7621229439974
CA410Pollen= 8.63721150890924
CA410Nectar= 29.5442231511697
CA1120Pollen= 1.91483983397484
CA1120Nectar= 49.6525012515485
IPollenTrips= 8.15817920491099
INectarTrips= 13.1604698160663
IPollenLoad= 7.39639288745821
INectarLoad= 1.3309865212068
ESoilP= 1.58208653936163
ESoilFoc= 0.0191770842163824
