ICQueenStrength= 5.41352010588162
RQWkrDrnRatio= 4.23325025197119
ICDroneMiteSurvivorship= 98.6191636882722
ICWorkerMiteSurvivorship= 59.6793301403522
ICForagerLifespan= 10.6345192790031
ImmType= Cosine
AIAdultSlope= 3.06376020862022
AIAdultLD50= 0.0276762705296278
AIAdultSlopeContact= 0.900881844917312
AIAdultLD50Contact= 0.0404452583286911
AILarvaSlope= 2.09459628611803
AILarvaLD50= 0.0348699334077537
AIKOW= 5.07325952406973
AIKOC= 16.6763376747258
AIHalfLife= 2.36819969797507
EAppRate= 1.06726321857423
FoliarEnabled= true
