ICQueenStrength= 3.77279043477029
RQWkrDrnRatio= 1.19837311655283
ICDroneMiteSurvivorship= 88.3665408939123
ICWorkerMiteSurvivorship= 51.7829068936408
ICForagerLifespan= 10.9401631401852
ImmType= Polynomial
RQQueenStrength= 3.9555709566921
RQEnableReQueen=true
AIAdultSlope= 3.52223232574761
AIAdultLD50= 0.351044957692269
AIAdultSlopeContact= 8.29580587241799
AIAdultLD50Contact= 75.9219277779732
AILarvaSlope= 3.30520037375391
AILarvaLD50= 79.9113857345751
AIKOW= 61725.1499879464
AIKOC= 15135.6052687506
AIHalfLife= 17.7554286766099
EAppRate= 0.987973996158224
FoliarEnabled=true
FoliarAppDate= 07/01/1989
FoliarForageBegin= 07/01/1989
FoliarForageEnd= 07/14/1989
AIContactFactor= 0.821148493885994
CL4Pollen= 1.05835997872055
CL4Nectar= 2.64456258155406
CL5Pollen= 2.75444262335077
CL5Nectar= 61.7371444939636
CLDPollen= 2.94044628040865
CLDNectar= 88.0105010233819
CA13Pollen= 4.93273727158084
CA13Nectar= 35.5227448791265
CA410Pollen= 6.89121834144462
CA410Nectar= 134.701720396988
CA1120Pollen= 2.67832641117275
CA1120Nectar= 27.5051908753812
IPollenTrips= 11.6174371610396
INectarTrips= 6.80683381156996
IPollenLoad= 4.8412519833073
INectarLoad= 8.57605155324563
