ICQueenStrength= 3.80562149360776
RQWkrDrnRatio= 1.8396800449118
ICDroneMiteSurvivorship= 99.1629206109792
ICWorkerMiteSurvivorship= 10.2112801745534
ICForagerLifespan= 14.5240816995502
ImmType= Polynomial
RQQueenStrength= 4.67328213062137
RQEnableReQueen= true
AIAdultSlope= 6.98409515991807
AIAdultLD50= 86.8049164372941
AIAdultSlopeContact= 9.94521234999411
AIAdultLD50Contact= 72.4839867361796
AILarvaSlope= 6.5158672966063
AILarvaLD50= 84.2645100180309
AIKOW= 72762.5330906371
AIKOC= 30835.6462083948
AIHalfLife= 23.8227401974611
EAppRate= 6.59032304109121
FoliarEnabled= true
FoliarAppDate= 06/07/1989
FoliarForageBegin= 06/05/1989
FoliarForageEnd= 06/28/1989
AIContactFactor= 0.874220546730794
CL4Pollen= 3.17245615553111
CL4Nectar= 72.3543484229594
CL5Pollen= 2.64397560339421
CL5Nectar= 76.490837847814
CLDPollen= 0.110340925399214
CLDNectar= 125.365897372831
CA13Pollen= 4.16323399804533
CA13Nectar= 22.0970764197409
CA410Pollen= 9.34214013579767
CA410Nectar= 77.8223157441244
CA1120Pollen= 0.961368839023635
CA1120Nectar= 50.0626958347857
IPollenTrips= 11.1490799160674
INectarTrips= 6.06797400163487
IPollenLoad= 4.10404351074249
INectarLoad= 6.17964695673436
