ICQueenStrength= 1.77148261130787
RQWkrDrnRatio= 1.35199315100908
ICDroneMiteSurvivorship= 9.54965206328779
ICWorkerMiteSurvivorship= 75.8849731879309
ICForagerLifespan= 11.7471979120746
ImmType= Polynomial
RQQueenStrength= 5.24858888261952
RQEnableReQueen= true
AIAdultSlope= 2.00083994120359
AIAdultLD50= 88.9528253295654
AIAdultSlopeContact= 9.90079840528779
AIAdultLD50Contact= 30.1087893160665
AILarvaSlope= 3.80096293240786
AILarvaLD50= 51.4460889611985
AIKOW= 38835.8932150962
AIKOC= 5356.81628026953
AIHalfLife= 22.4335414575646
EAppRate= 9.02871127404552
FoliarEnabled= true
FoliarAppDate= 06/07/1989
FoliarForageBegin= 06/05/1989
FoliarForageEnd= 06/28/1989
AIContactFactor= 0.657860631230287
CL4Pollen= 1.60239831078798
CL4Nectar= 2.00719039421529
CL5Pollen= 5.48830956174061
CL5Nectar= 125.078914803453
CLDPollen= 3.93629071628675
CLDNectar= 1.72828095965087
CA13Pollen= 5.44752005375922
CA13Nectar= 56.9762687012553
CA410Pollen= 3.93185085051227
CA410Nectar= 40.7060510199517
CA1120Pollen= 2.19029221893288
CA1120Nectar= 46.0106722824275
IPollenTrips= 12.9408650891855
INectarTrips= 12.1230555162765
IPollenLoad= 6.58354686340317
INectarLoad= 8.51795132271945
