ICQueenStrength= 5.07661887817085
RQWkrDrnRatio= 4.00827485881746
ICDroneMiteSurvivorship= 12.6821293961257
ICWorkerMiteSurvivorship= 23.3712131856009
ICForagerLifespan= 13.405794262886
ImmType= Sine
RQQueenStrength= 1.97514816559851
RQEnableReQueen= true
AIAdultSlope= 5.76790348812938
AIAdultLD50= 70.7817105642811
AIAdultSlopeContact= 2.12707246956415
AIAdultLD50Contact= 77.4699755401488
AILarvaSlope= 5.33356790989637
AILarvaLD50= 58.3803173782381
AIKOW= 67728.0204511972
AIKOC= 76099.2277973832
AIHalfLife= 13.101470170496
EAppRate= 7.05511269764043
FoliarEnabled= true
FoliarAppDate= 06/07/1989
FoliarForageBegin= 06/05/1989
FoliarForageEnd= 06/28/1989
AIContactFactor= 1.46069400142413
CL4Pollen= 3.19369788933545
CL4Nectar= 75.1737803220749
CL5Pollen= 4.75874737976119
CL5Nectar= 85.1752325892448
CLDPollen= 2.69125765515491
CLDNectar= 20.3907421790063
CA13Pollen= 3.20972176482901
CA13Nectar= 87.2717384621501
CA410Pollen= 3.12925610227976
CA410Nectar= 120.080177965574
CA1120Pollen= 0.651916920673102
CA1120Nectar= 96.7159687913954
IPollenTrips= 6.57890441361815
INectarTrips= 13.8011814327911
IPollenLoad= 4.99489067355171
INectarLoad= 6.67271543759853
