ICQueenStrength= 1.27929570898414
RQWkrDrnRatio= 2.87595803011209
ICDroneMiteSurvivorship= 91.0037397639826
ICWorkerMiteSurvivorship= 81.2307982239872
ICForagerLifespan= 9.70314055774361
ImmType= Polynomial
RQQueenStrength= 4.55728889629245
RQEnableReQueen=true
AIAdultSlope= 3.33126744069159
AIAdultLD50= 0.571972248470411
AIAdultSlopeContact= 2.41578686027788
AIAdultLD50Contact= 36.4044245883077
AILarvaSlope= 2.02808184921741
AILarvaLD50= 75.8991337462037
AIKOW= 30018.9781367367
AIKOC= 62292.844458994
AIHalfLife= 20.3580879281275
EAppRate= 6.06823970961175
FoliarEnabled=true
FoliarAppDate= 07/01/1989
FoliarForageBegin= 07/01/1989
FoliarForageEnd= 07/14/1989
AIContactFactor= 1.81684913161676
CL4Pollen= 3.46513700298965
CL4Nectar= 70.0010371627286
CL5Pollen= 5.76163357961923
CL5Nectar= 107.368360902183
CLDPollen= 5.09415916353464
CLDNectar= 44.2169612506405
CA13Pollen= 3.31451706802472
CA13Nectar= 92.5090326927602
CA410Pollen= 9.41165092515294
CA410Nectar= 106.213071946986
CA1120Pollen= 1.24377565830946
CA1120Nectar= 74.9827097915113
IPollenTrips= 9.90163641981781
INectarTrips= 7.88520297268406
IPollenLoad= 8.51087984163314
INectarLoad= 0.689561860635877
