ICQueenStrength= 3.343971071532
RQWkrDrnRatio= 4.67843804135919
ICDroneMiteSurvivorship= 39.1877121524885
ICWorkerMiteSurvivorship= 8.43091679271311
ICForagerLifespan= 14.7723730644211
ImmType= Cosine
RQQueenStrength= 1.23369308910333
RQEnableReQueen= true
AIAdultSlope= 3.57520566321909
AIAdultLD50= 47.0777865067339
AIAdultSlopeContact= 3.43292732536793
AIAdultLD50Contact= 74.7329018368514
AILarvaSlope= 7.19278974458575
AILarvaLD50= 81.7935805226634
AIKOW= 39003.7348022915
AIKOC= 88505.3126136775
AIHalfLife= 24.6165395180229
EAppRate= 3.15288212356297
FoliarEnabled= true
FoliarAppDate= 06/07/1989
FoliarForageBegin= 06/05/1989
FoliarForageEnd= 06/28/1989
AIContactFactor= 2.1943001783127
CL4Pollen= 0.0705027645453811
CL4Nectar= 15.739010553807
CL5Pollen= 2.43857242539525
CL5Nectar= 8.51964965695515
CLDPollen= 5.64148069219664
CLDNectar= 38.2719530607574
CA13Pollen= 4.84838439784944
CA13Nectar= 30.4158592224121
CA410Pollen= 4.76716358105186
CA410Nectar= 43.4679806511849
CA1120Pollen= 2.6078503606841
CA1120Nectar= 69.1409301571548
IPollenTrips= 8.75750708160922
INectarTrips= 8.47865138435736
IPollenLoad= 3.40507226763293
INectarLoad= 7.39619390573353
ESoilP= 1.02772721229121
ESoilFoc= 0.00545475277048536
