ICQueenStrength= 5.79510869481601
RQWkrDrnRatio= 2.46903110481799
ICDroneMiteSurvivorship= 31.198779027909
ICWorkerMiteSurvivorship= 40.8256046241149
ICForagerLifespan= 9.80378304701298
ImmType= Sine
RQQueenStrength= 5.19731096131727
RQEnableReQueen= true
AIAdultSlope= 6.22444254904985
AIAdultLD50= 69.2555315974327
AIAdultSlopeContact= 7.03045895672403
AIAdultLD50Contact= 1.33305265463376
AILarvaSlope= 8.36312390491366
AILarvaLD50= 54.6324312318412
AIKOW= 67708.5050076928
AIKOC= 57999.1961919765
AIHalfLife= 18.4107545906212
EAppRate= 5.47410024645459
FoliarEnabled= true
FoliarAppDate= 06/07/1989
FoliarForageBegin= 06/05/1989
FoliarForageEnd= 06/28/1989
AIContactFactor= 0.782097424715757
CL4Pollen= 3.93856001086533
CL4Nectar= 99.4311074260622
CL5Pollen= 2.92161765089259
CL5Nectar= 142.983585060574
CLDPollen= 1.37608963809907
CLDNectar= 140.155607869383
CA13Pollen= 3.31649932246655
CA13Nectar= 75.85972674191
CA410Pollen= 2.68425543014891
CA410Nectar= 87.5370439887047
CA1120Pollen= 2.56871476653032
CA1120Nectar= 46.0812999866903
IPollenTrips= 6.03945867856964
INectarTrips= 5.69138634484261
IPollenLoad= 9.33564994484186
INectarLoad= 2.68743425374851
