ICQueenStrength= 2.06961512938142
RQWkrDrnRatio= 2.37356078997254
ICDroneMiteSurvivorship= 56.5267409896478
ICWorkerMiteSurvivorship= 48.4221832361072
ICForagerLifespan= 8.63687277119607
ImmType= Logarithmic
RQQueenStrength= 2.39920689747669
RQEnableReQueen= true
AIAdultSlope= 1.61894928477705
AIAdultLD50= 55.6059090492211
AIAdultSlopeContact= 9.01567887258716
AIAdultLD50Contact= 48.7900447037134
AILarvaSlope= 3.78471091017127
AILarvaLD50= 22.0374160448483
AIKOW= 39295.0608331187
AIKOC= 8825.28411769052
AIHalfLife= 32.552599817724
EAppRate= 0.565802939706482
FoliarEnabled= true
FoliarAppDate= 06/07/1989
FoliarForageBegin= 06/05/1989
FoliarForageEnd= 06/28/1989
AIContactFactor= 0.846606725640595
CL4Pollen= 3.89160952158272
CL4Nectar= 60.7152038021013
CL5Pollen= 2.40288067376241
CL5Nectar= 88.8789159944281
CLDPollen= 0.315225230064243
CLDNectar= 64.0047764405608
CA13Pollen= 6.84506818260997
CA13Nectar= 90.8003418520093
CA410Pollen= 7.90715294631664
CA410Nectar= 194.601720422506
CA1120Pollen= 2.59396420349367
CA1120Nectar= 40.3486001491547
IPollenTrips= 14.4587527541444
INectarTrips= 13.0861909431405
IPollenLoad= 9.03313430724666
INectarLoad= 6.10919411759824
