ICQueenStrength= 2.13344019046053
RQWkrDrnRatio= 3.54083785787225
ICDroneMiteSurvivorship= 17.275772197172
ICWorkerMiteSurvivorship= 49.2940469412133
ICForagerLifespan= 15.021236628294
ImmType= Exponential
RQQueenStrength= 2.30677925422788
RQEnableReQueen= true
AIAdultSlope= 4.64868335425854
AIAdultLD50= 0.298975862012245
AIAdultSlopeContact= 2.26125988503918
AIAdultLD50Contact= 35.3184053164718
AILarvaSlope= 8.6557171549648
AILarvaLD50= 92.0056874296963
AIKOW= 8966.65502770987
AIKOC= 28842.2242816905
AIHalfLife= 9.29740383778699
EAppRate= 6.52121854589437
FoliarEnabled= true
FoliarAppDate= 09/01/1989
FoliarForageBegin= 09/01/1989
FoliarForageEnd= 09/08/1989
AIContactFactor= 0.536894997395575
CL4Pollen= 0.0635929852724075
CL4Nectar= 59.4135534251109
CL5Pollen= 3.32255718810484
CL5Nectar= 6.46032731747255
CLDPollen= 0.421820352785289
CLDNectar= 4.82403641799465
CA13Pollen= 6.86834662901238
CA13Nectar= 90.9027078188956
CA410Pollen= 3.15066008791328
CA410Nectar= 131.225892966613
CA1120Pollen= 0.891655491432175
CA1120Nectar= 67.7500753104687
IPollenTrips= 14.8476960184053
INectarTrips= 14.4686476653442
IPollenLoad= 1.1549738724716
INectarLoad= 2.40105293225497
