ICQueenStrength= 5.98520326102152
RQWkrDrnRatio= 1.54311927314848
ICDroneMiteSurvivorship= 8.46775071695447
ICWorkerMiteSurvivorship= 1.68186610098928
ICForagerLifespan= 5.98737075272948
ImmType= Exponential
RQQueenStrength= 4.2892422308214
RQEnableReQueen= true
AIAdultSlope= 4.10019205324352
AIAdultLD50= 63.2473263961954
AIAdultSlopeContact= 7.8794518832583
AIAdultLD50Contact= 56.8473164719015
AILarvaSlope= 4.56372504867613
AILarvaLD50= 19.2391798332103
AIKOW= 31503.7789332927
AIKOC= 25024.1041468477
AIHalfLife= 26.5341450691922
EAppRate= 3.81008022841532
FoliarEnabled= true
FoliarAppDate= 06/07/1989
FoliarForageBegin= 06/05/1989
FoliarForageEnd= 06/28/1989
AIContactFactor= 1.25494266089983
CL4Pollen= 0.771940927021205
CL4Nectar= 65.1860992191359
CL5Pollen= 3.21450317278504
CL5Nectar= 80.5636505945586
CLDPollen= 2.52946052514017
CLDNectar= 46.4213710511103
CA13Pollen= 3.67296937787905
CA13Nectar= 96.1310067772865
CA410Pollen= 4.71392999333329
CA410Nectar= 72.6080744713545
CA1120Pollen= 2.50967651791871
CA1120Nectar= 40.2972532995045
IPollenTrips= 5.64731371123344
INectarTrips= 9.11976732546464
IPollenLoad= 6.96201526327059
INectarLoad= 5.47586532309651
ESoilP= 1.99918604712002
ESoilFoc= 0.00583105697948486
