ICQueenStrength= 5.69529994181357
RQWkrDrnRatio= 2.89133660681546
ICDroneMiteSurvivorship= 39.6475683199242
ICWorkerMiteSurvivorship= 26.3733150903136
ICForagerLifespan= 8.45038263406605
ImmType= Logarithmic
RQQueenStrength= 5.16321170632727
RQEnableReQueen= true
AIAdultSlope= 4.49219903536141
AIAdultLD50= 6.63766004658933
AIAdultSlopeContact= 6.72828543605283
AIAdultLD50Contact= 2.05103555183369
AILarvaSlope= 8.2928458750248
AILarvaLD50= 17.1257309984288
AIKOW= 18939.2520616133
AIKOC= 50507.6680799776
AIHalfLife= 9.91388956701849
EAppRate= 6.89807337955083
FoliarEnabled= true
FoliarAppDate= 06/07/1989
FoliarForageBegin= 06/05/1989
FoliarForageEnd= 06/28/1989
AIContactFactor= 1.90555308756419
CL4Pollen= 2.00232769083232
CL4Nectar= 24.7662757057697
CL5Pollen= 4.19316914258525
CL5Nectar= 10.612840228714
CLDPollen= 2.53350903186947
CLDNectar= 61.4836042863317
CA13Pollen= 2.99545256029814
CA13Nectar= 81.6682849265635
CA410Pollen= 5.93538573158439
CA410Nectar= 139.156485344283
CA1120Pollen= 1.23460017959587
CA1120Nectar= 45.4225769266486
IPollenTrips= 10.5554262874648
INectarTrips= 8.46136602573097
IPollenLoad= 1.16374968551099
INectarLoad= 1.59603485604748
ESoilP= 1.11489526927471
ESoilFoc= 0.0183775641093962
