ICQueenStrength= 3.22799421846867
RQWkrDrnRatio= 4.81168847903609
ICDroneMiteSurvivorship= 82.5541818980128
ICWorkerMiteSurvivorship= 6.38370143715292
ICForagerLifespan= 11.2153908321634
ImmType= Tangent
RQQueenStrength= 4.43201821576804
RQEnableReQueen=true
AIAdultSlope= 2.40181444957852
AIAdultLD50= 0.496618696117774
AIAdultSlopeContact= 1.99749993090518
AIAdultLD50Contact= 0.823237968629924
AILarvaSlope= 7.2470016181469
AILarvaLD50= 75.9698788393675
AIKOW= 44163.8305740092
AIKOC= 55113.5423309067
AIHalfLife= 34.84853018953
EAppRate= 1.55775008987519
FoliarEnabled=true
FoliarAppDate= 07/01/1989
FoliarForageBegin= 07/01/1989
FoliarForageEnd= 07/14/1989
AIContactFactor= 2.06877605665475
CL4Pollen= 3.65329491719604
CL4Nectar= 94.9576542945579
CL5Pollen= 3.98378002597019
CL5Nectar= 132.253844244406
CLDPollen= 5.09916589781642
CLDNectar= 37.2497206320986
CA13Pollen= 6.29832712588832
CA13Nectar= 48.4674279019237
CA410Pollen= 3.50485658727121
CA410Nectar= 142.395985643379
CA1120Pollen= 0.222565662581474
CA1120Nectar= 20.9148846007884
IPollenTrips= 14.136572831776
INectarTrips= 13.400953724049
IPollenLoad= 5.27869443641976
INectarLoad= 2.26277418667451
