ICQueenStrength= 3.0171708019916
RQWkrDrnRatio= 1.4751782566309
ICDroneMiteSurvivorship= 20.6406594952568
ICWorkerMiteSurvivorship= 67.7606717217714
ICForagerLifespan= 14.6823976924643
ImmType= Tangent
RQQueenStrength= 5.24921247176826
RQEnableReQueen= true
AIAdultSlope= 5.24452931433916
AIAdultLD50= 96.3222058167767
AIAdultSlopeContact= 7.16569879557937
AIAdultLD50Contact= 82.0771643397463
AILarvaSlope= 8.04001165740192
AILarvaLD50= 38.0315860616341
AIKOW= 33942.4235214283
AIKOC= 69643.3160506855
AIHalfLife= 9.01222833022475
EAppRate= 7.61770208866592
FoliarEnabled= true
FoliarAppDate= 06/07/1989
FoliarForageBegin= 06/05/1989
FoliarForageEnd= 06/28/1989
AIContactFactor= 1.00564579944592
CL4Pollen= 2.35433410108089
CL4Nectar= 14.4927709363401
CL5Pollen= 1.92864064034075
CL5Nectar= 41.5914298966527
CLDPollen= 2.10361610166728
CLDNectar= 142.787241667975
CA13Pollen= 5.60912220533937
CA13Nectar= 94.2541194707155
CA410Pollen= 8.00921675371938
CA410Nectar= 95.1273745996878
CA1120Pollen= 0.825990406796336
CA1120Nectar= 98.1273194029927
IPollenTrips= 9.37720549991354
INectarTrips= 7.18105592299253
IPollenLoad= 2.70179444691166
INectarLoad= 6.80310551775619
