ICQueenStrength= 3.53256898373365
RQWkrDrnRatio= 1.97368064895272
ICDroneMiteSurvivorship= 68.8062136527151
ICWorkerMiteSurvivorship= 97.4445330211893
ICForagerLifespan= 11.8975905198604
ImmType= Cosine
RQQueenStrength= 3.76006197673269
RQEnableReQueen= true
AIAdultSlope= 4.52898634970188
AIAdultLD50= 4.02703966211528
AIAdultSlopeContact= 4.00686323153786
AIAdultLD50Contact= 78.3000935831116
AILarvaSlope= 8.29382357746363
AILarvaLD50= 43.832321303793
AIKOW= 86361.4435907723
AIKOC= 18349.1914092086
AIHalfLife= 34.593357493775
EAppRate= 0.0372653873341624
FoliarEnabled= true
FoliarAppDate= 06/07/1989
FoliarForageBegin= 06/05/1989
FoliarForageEnd= 06/28/1989
AIContactFactor= 0.716465965015814
CL4Pollen= 1.92947749514133
CL4Nectar= 11.3540747668594
CL5Pollen= 5.22011101897806
CL5Nectar= 93.5108487261459
CLDPollen= 5.72633229894564
CLDNectar= 85.3810855653137
CA13Pollen= 5.65314308069646
CA13Nectar= 66.477815117687
CA410Pollen= 4.329508676962
CA410Nectar= 105.527381473221
CA1120Pollen= 2.17790748691186
CA1120Nectar= 62.758786957711
IPollenTrips= 10.7793469075114
INectarTrips= 12.1469665202312
IPollenLoad= 5.61186673352495
INectarLoad= 6.67716946685687
ESoilP= 1.44913092511706
ESoilFoc= 0.00486297508724965
