ICQueenStrength= 3.93003630358726
RQWkrDrnRatio= 1.64610943198204
ICDroneMiteSurvivorship= 94.2334105493501
ICWorkerMiteSurvivorship= 97.5637989584357
ICForagerLifespan= 9.37646528054029
ImmType= Exponential
RQQueenStrength= 4.94772232230753
RQEnableReQueen=true
AIAdultSlope= 7.38257688470185
AIAdultLD50= 0.720684936947888
AIAdultSlopeContact= 6.08231080835685
AIAdultLD50Contact= 16.6722547810513
AILarvaSlope= 4.60793204978108
AILarvaLD50= 26.2872826235285
AIKOW= 53198.5230047915
AIKOC= 77295.9038483109
AIHalfLife= 28.9182773021515
EAppRate= 8.70156814763485
FoliarEnabled=true
FoliarAppDate= 07/01/1989
FoliarForageBegin= 07/01/1989
FoliarForageEnd= 07/14/1989
AIContactFactor= 0.607181256613694
CL4Pollen= 3.72319106105715
CL4Nectar= 63.0269408458844
CL5Pollen= 2.77673831535503
CL5Nectar= 25.419512973167
CLDPollen= 4.53566507343203
CLDNectar= 137.542106292676
CA13Pollen= 6.33651145156473
CA13Nectar= 87.7839065901935
CA410Pollen= 3.10789923302364
CA410Nectar= 20.1716611674055
CA1120Pollen= 0.755738583393395
CA1120Nectar= 60.9792519360781
IPollenTrips= 11.2220976920798
INectarTrips= 12.3883495549671
IPollenLoad= 7.36617494141683
INectarLoad= 6.07879189774394
