ICQueenStrength= 3.79431552439928
RQWkrDrnRatio= 1.58255311660469
ICDroneMiteSurvivorship= 89.3617178779095
ICWorkerMiteSurvivorship= 86.5661366144195
ICForagerLifespan= 9.56645820103586
ImmType= Cosine
RQQueenStrength= 2.0676089162007
RQEnableReQueen=true
AIAdultSlope= 8.13360470533371
AIAdultLD50= 0.249038374797674
AIAdultSlopeContact= 6.19144245213829
AIAdultLD50Contact= 4.40894394313265
AILarvaSlope= 2.97159411199391
AILarvaLD50= 85.5170798122198
AIKOW= 69392.9015066591
AIKOC= 59491.6686734606
AIHalfLife= 34.3983412769157
EAppRate= 7.24112924292497
FoliarEnabled=true
FoliarAppDate= 07/01/1989
FoliarForageBegin= 07/01/1989
FoliarForageEnd= 07/14/1989
AIContactFactor= 0.973072193879634
CL4Pollen= 3.28804010991007
CL4Nectar= 74.1634992184117
CL5Pollen= 4.86506652692333
CL5Nectar= 75.4768942133524
CLDPollen= 4.26935566356406
CLDNectar= 74.4084627251141
CA13Pollen= 5.15443468214944
CA13Nectar= 81.1529912613332
CA410Pollen= 5.65889949670527
CA410Nectar= 186.650842665695
CA1120Pollen= 0.382466790731996
CA1120Nectar= 74.5706582814455
IPollenTrips= 10.7216373295523
INectarTrips= 11.8062611017376
IPollenLoad= 4.11106157815084
INectarLoad= 3.15254646819085
