ICQueenStrength= 1.03345847479068
RQWkrDrnRatio= 3.69091622252017
ICDroneMiteSurvivorship= 54.4731190195307
ICWorkerMiteSurvivorship= 13.9997734455392
ICForagerLifespan= 10.8642471395433
ImmType= Polynomial
RQQueenStrength= 3.75526686105877
RQEnableReQueen= true
AIAdultSlope= 4.61189821362495
AIAdultLD50= 79.8457718980876
AIAdultSlopeContact= 8.030054111965
AIAdultLD50Contact= 10.0123511112155
AILarvaSlope= 7.15814078599215
AILarvaLD50= 88.7379950155197
AIKOW= 10370.1718374439
AIKOC= 80165.5743947746
AIHalfLife= 33.2473710765596
EAppRate= 5.52005325325485
FoliarEnabled= true
FoliarAppDate= 06/07/1989
FoliarForageBegin= 06/05/1989
FoliarForageEnd= 06/28/1989
AIContactFactor= 2.12266525890213
CL4Pollen= 1.03957321029156
CL4Nectar= 18.2232974329963
CL5Pollen= 1.97287942841649
CL5Nectar= 5.00011359108612
CLDPollen= 3.70269626984373
CLDNectar= 111.130842519924
CA13Pollen= 5.13425772711635
CA13Nectar= 51.0348555259407
CA410Pollen= 9.30341738781426
CA410Nectar= 133.568182447925
CA1120Pollen= 1.63881186232902
CA1120Nectar= 26.5045815706253
IPollenTrips= 12.2493528504856
INectarTrips= 13.8876223308034
IPollenLoad= 5.0624798424542
INectarLoad= 5.50809203414246
ESoilP= 1.59879006096162
ESoilFoc= 0.0131815147842281
