ICQueenStrength= 2.6749701788649
RQWkrDrnRatio= 4.71659464947879
ICDroneMiteSurvivorship= 4.33692268561572
ICWorkerMiteSurvivorship= 71.4634192874655
ICForagerLifespan= 14.9433014746755
ImmType= Cosine
RQQueenStrength= 1.19336833618581
RQEnableReQueen= true
AIAdultSlope= 5.79031039588153
AIAdultLD50= 76.0919574771253
AIAdultSlopeContact= 6.40460539981723
AIAdultLD50Contact= 93.5828933993787
AILarvaSlope= 8.88746693171561
AILarvaLD50= 31.20866569105
AIKOW= 19367.4253140182
AIKOC= 47234.43956725
AIHalfLife= 27.4581822599284
EAppRate= 6.06355970430165
FoliarEnabled= true
FoliarAppDate= 06/07/1989
FoliarForageBegin= 06/05/1989
FoliarForageEnd= 06/28/1989
AIContactFactor= 1.50723964134231
CL4Pollen= 1.91533447615802
CL4Nectar= 24.2081094533205
CL5Pollen= 0.473999528679997
CL5Nectar= 23.7534839194268
CLDPollen= 1.79300439404324
CLDNectar= 71.4067553984933
CA13Pollen= 4.0748074285686
CA13Nectar= 49.6017619408667
CA410Pollen= 8.9528189745266
CA410Nectar= 189.01833506301
CA1120Pollen= 0.683433869853616
CA1120Nectar= 35.7902041636407
IPollenTrips= 14.2901767860167
INectarTrips= 6.22472163988277
IPollenLoad= 5.41952385799959
INectarLoad= 6.79628997342661
ESoilP= 1.64423351781443
ESoilFoc= 0.00886723525030539
