ICQueenStrength= 2.45880826935172
RQWkrDrnRatio= 1.91873670741916
ICDroneMiteSurvivorship= 68.6362933600321
ICWorkerMiteSurvivorship= 62.1685680467635
ICForagerLifespan= 5.95963965635747
ImmType= Polynomial
RQQueenStrength= 1.35408765263855
RQEnableReQueen=true
AIAdultSlope= 6.91830641962588
AIAdultLD50= 0.330098289536312
AIAdultSlopeContact= 3.70615523005836
AIAdultLD50Contact= 33.423110093978
AILarvaSlope= 3.42644748277962
AILarvaLD50= 73.6972876135707
AIKOW= 86323.0774351848
AIKOC= 52938.0544590259
AIHalfLife= 2.52017630920745
EAppRate= 8.07254297874845
FoliarEnabled=true
FoliarAppDate= 07/01/1989
FoliarForageBegin= 07/01/1989
FoliarForageEnd= 07/14/1989
AIContactFactor= 1.74813592637889
CL4Pollen= 0.776131246238947
CL4Nectar= 96.1258850991726
CL5Pollen= 2.53612677566707
CL5Nectar= 53.4864096553065
CLDPollen= 5.71998555539176
CLDNectar= 110.749088285957
CA13Pollen= 4.20829555792734
CA13Nectar= 65.7649815827608
CA410Pollen= 2.77090871143155
CA410Nectar= 93.7200580444187
CA1120Pollen= 1.50620948639698
CA1120Nectar= 56.6352085396647
IPollenTrips= 9.51282092602924
INectarTrips= 11.4851013594307
IPollenLoad= 1.81503937579691
INectarLoad= 3.2864977279678
