ICQueenStrength= 4.36899748072028
RQWkrDrnRatio= 4.25289046764374
ICDroneMiteSurvivorship= 57.8234699321911
ICWorkerMiteSurvivorship= 22.3242186475545
ICForagerLifespan= 9.12909037340432
ImmType= Exponential
RQQueenStrength= 4.24933935771696
RQEnableReQueen= true
AIAdultSlope= 7.46879862993956
AIAdultLD50= 74.8662271765335
AIAdultSlopeContact= 2.07144389883615
AIAdultLD50Contact= 51.1960973340599
AILarvaSlope= 4.94298258237541
AILarvaLD50= 44.2045481457314
AIKOW= 10571.8754020266
AIKOC= 36086.2869770552
AIHalfLife= 22.1529475707561
EAppRate= 3.16963421487203
FoliarEnabled= true
FoliarAppDate= 06/07/1989
FoliarForageBegin= 06/05/1989
FoliarForageEnd= 06/28/1989
AIContactFactor= 2.03757553885691
CL4Pollen= 1.66581788100302
CL4Nectar= 42.0748597243801
CL5Pollen= 0.639747133478522
CL5Nectar= 147.095236508176
CLDPollen= 2.73874270124361
CLDNectar= 102.988004079089
CA13Pollen= 6.0922751871869
CA13Nectar= 40.7773027010262
CA410Pollen= 6.14485462284647
CA410Nectar= 32.7078102296218
CA1120Pollen= 0.594965680036694
CA1120Nectar= 99.9183016642928
IPollenTrips= 11.0767213511281
INectarTrips= 13.1913118553348
IPollenLoad= 9.20142604969442
INectarLoad= 7.35268825199455
ESoilP= 1.79232707154006
ESoilFoc= 0.00360787073220126
