ICQueenStrength= 1.27065431931987
RQWkrDrnRatio= 3.98014792427421
ICDroneMiteSurvivorship= 13.3605462033302
ICWorkerMiteSurvivorship= 29.726987099275
ICForagerLifespan= 6.54436780977994
ImmType= Exponential
RQQueenStrength= 1.50144396955147
RQEnableReQueen= true
AIAdultSlope= 3.63454087637365
AIAdultLD50= 55.7640566579762
AIAdultSlopeContact= 7.73031647084281
AIAdultLD50Contact= 16.6918978773807
AILarvaSlope= 2.29221388138831
AILarvaLD50= 66.3922392662538
AIKOW= 52030.5820514239
AIKOC= 58020.6614958332
AIHalfLife= 11.8834569659317
EAppRate= 1.03853496370278
FoliarEnabled= true
FoliarAppDate= 06/07/1989
FoliarForageBegin= 06/05/1989
FoliarForageEnd= 06/28/1989
AIContactFactor= 1.91250057597645
CL4Pollen= 1.84540723543614
CL4Nectar= 29.1827355744317
CL5Pollen= 5.0307882707566
CL5Nectar= 139.706317847595
CLDPollen= 4.30228250892833
CLDNectar= 4.19093251693994
CA13Pollen= 3.61731784492731
CA13Nectar= 41.7282794602215
CA410Pollen= 3.60357287982479
CA410Nectar= 173.912492343225
CA1120Pollen= 0.112276738509536
CA1120Nectar= 94.3377657793462
IPollenTrips= 13.7963850796223
INectarTrips= 9.93611862882972
IPollenLoad= 1.86532992636785
INectarLoad= 8.36526794126257
