ICQueenStrength= 1.49331109505147
RQWkrDrnRatio= 4.83161169476807
ICDroneMiteSurvivorship= 27.4225345347077
ICWorkerMiteSurvivorship= 34.3684997642413
ICForagerLifespan= 5.75768361147493
ImmType= Tangent
RQQueenStrength= 4.89676346792839
RQEnableReQueen= true
AIAdultSlope= 7.46451595425606
AIAdultLD50= 54.9460345116523
AIAdultSlopeContact= 7.53652437170967
AIAdultLD50Contact= 46.6713467079967
AILarvaSlope= 1.21597870998085
AILarvaLD50= 75.4129470364293
AIKOW= 71413.6962727004
AIKOC= 9609.83488868293
AIHalfLife= 1.03247282467782
EAppRate= 1.18706654865434
FoliarEnabled= true
FoliarAppDate= 06/07/1989
FoliarForageBegin= 06/05/1989
FoliarForageEnd= 06/28/1989
AIContactFactor= 1.03921378612984
CL4Pollen= 2.26994906365871
CL4Nectar= 69.2379866028205
CL5Pollen= 0.590791524387896
CL5Nectar= 42.2678180155344
CLDPollen= 4.26316083781421
CLDNectar= 67.4308298388496
CA13Pollen= 4.44869356723502
CA13Nectar= 69.396044537425
CA410Pollen= 4.06985718440264
CA410Nectar= 161.563451457769
CA1120Pollen= 2.16522127669305
CA1120Nectar= 59.7898610308766
IPollenTrips= 14.5609163818881
INectarTrips= 9.47448456427082
IPollenLoad= 2.73617295315489
INectarLoad= 3.5520558594726
ESoilP= 1.18520693108439
ESoilFoc= 0.0115155264611822
