ICQueenStrength= 3.87573270848952
RQWkrDrnRatio= 4.4691175846383
ICDroneMiteSurvivorship= 9.51784215867519
ICWorkerMiteSurvivorship= 53.957087197341
ICForagerLifespan= 15.2726718103513
ImmType= Sine
RQQueenStrength= 3.98740598023869
RQEnableReQueen= true
AIAdultSlope= 2.7155843898654
AIAdultLD50= 26.3590469692084
AIAdultSlopeContact= 9.9499415224418
AIAdultLD50Contact= 18.8918444103545
AILarvaSlope= 2.96128016896546
AILarvaLD50= 49.8896305089593
AIKOW= 4877.44483510741
AIKOC= 75060.6902981892
AIHalfLife= 28.0428665744839
EAppRate= 9.67196980071906
FoliarEnabled= true
FoliarAppDate= 06/07/1989
FoliarForageBegin= 06/05/1989
FoliarForageEnd= 06/28/1989
AIContactFactor= 1.86857277887873
CL4Pollen= 0.531921229325235
CL4Nectar= 4.2929919436574
CL5Pollen= 5.32760057458654
CL5Nectar= 126.919219759293
CLDPollen= 2.3843983663246
CLDNectar= 22.7371595799923
CA13Pollen= 5.79103943174705
CA13Nectar= 63.7617145292461
CA410Pollen= 3.72153085265309
CA410Nectar= 181.533919605426
CA1120Pollen= 2.42076571541838
CA1120Nectar= 60.4705563373864
IPollenTrips= 6.50078051490709
INectarTrips= 10.3849715483375
IPollenLoad= 9.00442417012528
INectarLoad= 7.9674965236336
