ICQueenStrength= 4.03572598285973
RQWkrDrnRatio= 3.56302195042372
ICDroneMiteSurvivorship= 83.9960207697004
ICWorkerMiteSurvivorship= 91.1346866982058
ICForagerLifespan= 5.01328788883984
ImmType= Exponential
RQQueenStrength= 1.41542358789593
RQEnableReQueen=true
AIAdultSlope= 5.6380111258477
AIAdultLD50= 0.191721139307832
AIAdultSlopeContact= 9.88704889267683
AIAdultLD50Contact= 20.6225349265751
AILarvaSlope= 1.15676716715097
AILarvaLD50= 2.90988798492099
AIKOW= 64868.2065748125
AIKOC= 26437.3380047898
AIHalfLife= 2.50655222055502
EAppRate= 1.15547092077835
FoliarEnabled=true
FoliarAppDate= 07/01/1989
FoliarForageBegin= 07/01/1989
FoliarForageEnd= 07/14/1989
AIContactFactor= 1.9229612232605
CL4Pollen= 2.22041519638151
CL4Nectar= 52.0146955968812
CL5Pollen= 2.58687365613878
CL5Nectar= 128.98127802182
CLDPollen= 0.86117354594171
CLDNectar= 93.1299151852727
CA13Pollen= 7.44767210101709
CA13Nectar= 21.694084443152
CA410Pollen= 9.25724508182611
CA410Nectar= 194.297019341029
CA1120Pollen= 2.29574841633439
CA1120Nectar= 86.2762470543385
IPollenTrips= 8.043708356563
INectarTrips= 8.7588425562717
IPollenLoad= 1.20874498272315
INectarLoad= 4.30824359646067
