ICQueenStrength= 5.67599326279014
RQWkrDrnRatio= 3.13262274395674
ICDroneMiteSurvivorship= 49.4694981724024
ICWorkerMiteSurvivorship= 18.6814902117476
ICForagerLifespan= 14.5729793366045
ImmType= Sine
RQQueenStrength= 1.5152974172961
RQEnableReQueen= true
AIAdultSlope= 8.43710746243596
AIAdultLD50= 75.8615910883844
AIAdultSlopeContact= 3.65469842683524
AIAdultLD50Contact= 83.5697102319982
AILarvaSlope= 8.29607022739947
AILarvaLD50= 65.6613587048282
AIKOW= 77362.6707314187
AIKOC= 68055.8598144199
AIHalfLife= 31.3819619159214
EAppRate= 7.41960410318268
FoliarEnabled= true
FoliarAppDate= 06/07/1989
FoliarForageBegin= 06/05/1989
FoliarForageEnd= 06/28/1989
AIContactFactor= 2.09106079023331
CL4Pollen= 2.14545135665685
CL4Nectar= 53.2702301396057
CL5Pollen= 3.39638035884127
CL5Nectar= 77.9424252687022
CLDPollen= 0.82865115813911
CLDNectar= 117.150574468542
CA13Pollen= 3.3184158991091
CA13Nectar= 72.7357031032443
CA410Pollen= 8.93238918003626
CA410Nectar= 93.5092308418825
CA1120Pollen= 1.00893555418588
CA1120Nectar= 54.402133859694
IPollenTrips= 9.8613788629882
INectarTrips= 8.77424208912998
IPollenLoad= 1.22466549975798
INectarLoad= 3.94012758973986
