ICQueenStrength= 3.19857728760689
RQWkrDrnRatio= 2.97712518181652
ICDroneMiteSurvivorship= 0.133872800506651
ICWorkerMiteSurvivorship= 94.6444375673309
ICForagerLifespan= 12.7881179209799
ImmType= Cosine
RQQueenStrength= 1.03912524227053
RQEnableReQueen=true
AIAdultSlope= 2.47230943106115
AIAdultLD50= 0.848901081254939
AIAdultSlopeContact= 9.525184817845
AIAdultLD50Contact= 76.2248381612909
AILarvaSlope= 3.292300356552
AILarvaLD50= 51.674848485321
AIKOW= 65535.9775298709
AIKOC= 62796.3595325523
AIHalfLife= 32.7128391589504
EAppRate= 2.18777113415184
FoliarEnabled=true
FoliarAppDate= 07/01/1989
FoliarForageBegin= 07/01/1989
FoliarForageEnd= 07/14/1989
AIContactFactor= 2.23309760448057
CL4Pollen= 3.62983289174736
CL4Nectar= 73.4834129922092
CL5Pollen= 5.68126760981977
CL5Nectar= 31.3625567941926
CLDPollen= 1.13576887361705
CLDNectar= 106.996052130125
CA13Pollen= 2.87923918971792
CA13Nectar= 33.6427947878838
CA410Pollen= 8.32860823331866
CA410Nectar= 22.7998605929315
CA1120Pollen= 1.95125230564736
CA1120Nectar= 62.3266688920557
IPollenTrips= 11.4007193152793
INectarTrips= 9.30851365672424
IPollenLoad= 3.4823773172684
INectarLoad= 3.12208238290623
