ICQueenStrength= 4.99892106419429
RQWkrDrnRatio= 2.17415827140212
ICDroneMiteSurvivorship= 22.5338209886104
ICWorkerMiteSurvivorship= 23.3060131082311
ICForagerLifespan= 11.871574905701
ImmType= Polynomial
RQQueenStrength= 5.56415226333775
RQEnableReQueen= true
AIAdultSlope= 2.54313392750919
AIAdultLD50= 8.88919141575787
AIAdultSlopeContact= 1.98133536358364
AIAdultLD50Contact= 58.0142288685711
AILarvaSlope= 3.21257721632719
AILarvaLD50= 55.1396422220773
AIKOW= 25880.8780540534
AIKOC= 93571.3587586768
AIHalfLife= 23.0739561172435
EAppRate= 0.1871061202446
FoliarEnabled= true
FoliarAppDate= 06/07/1989
FoliarForageBegin= 06/05/1989
FoliarForageEnd= 06/28/1989
AIContactFactor= 0.307415421265177
CL4Pollen= 2.33990254625678
CL4Nectar= 10.4130007326603
CL5Pollen= 0.481520710978657
CL5Nectar= 14.9270766181871
CLDPollen= 0.171093079727143
CLDNectar= 17.5029154052027
CA13Pollen= 5.46497939461842
CA13Nectar= 81.189621835947
CA410Pollen= 3.32866579229012
CA410Nectar= 191.614209385589
CA1120Pollen= 1.04827381088398
CA1120Nectar= 26.8468867614865
IPollenTrips= 6.01201841374859
INectarTrips= 5.22050336236134
IPollenLoad= 2.13351312326267
INectarLoad= 2.30070838937536
