ICQueenStrength= 5.28862230619416
RQWkrDrnRatio= 2.07034311257303
ICDroneMiteSurvivorship= 86.5236540790647
ICWorkerMiteSurvivorship= 23.6635145964101
ICForagerLifespan= 6.82242019753903
ImmType= Sine
RQQueenStrength= 4.58945545740426
RQEnableReQueen= true
AIAdultSlope= 1.21098053641617
AIAdultLD50= 39.5486318954392
AIAdultSlopeContact= 1.87164862826467
AIAdultLD50Contact= 52.1876998811935
AILarvaSlope= 8.9685540292412
AILarvaLD50= 95.3003125852104
AIKOW= 99285.1694363676
AIKOC= 20081.9098833387
AIHalfLife= 30.3228526765946
EAppRate= 4.21946837048209
FoliarEnabled= true
FoliarAppDate= 06/07/1989
FoliarForageBegin= 06/05/1989
FoliarForageEnd= 06/28/1989
AIContactFactor= 2.01288753658533
CL4Pollen= 3.49141932465136
CL4Nectar= 68.0684032849967
CL5Pollen= 1.10494518885389
CL5Nectar= 62.5572370947339
CLDPollen= 0.060547114815563
CLDNectar= 115.932273957878
CA13Pollen= 3.94252933030948
CA13Nectar= 36.439157705754
CA410Pollen= 8.5988881173078
CA410Nectar= 85.8220948651433
CA1120Pollen= 2.10667690588161
CA1120Nectar= 33.2097161002457
IPollenTrips= 11.4274936495349
INectarTrips= 8.25374568579718
IPollenLoad= 1.29296104423702
INectarLoad= 7.2071777889505
