ICQueenStrength= 5.55060420441441
RQWkrDrnRatio= 4.80465974006802
ICDroneMiteSurvivorship= 70.9587566554546
ICWorkerMiteSurvivorship= 39.8509802063927
ICForagerLifespan= 13.0317760044709
ImmType= Cosine
RQQueenStrength= 2.15184547845274
RQEnableReQueen= true
AIAdultSlope= 6.90083289332688
AIAdultLD50= 0.652620561840711
AIAdultSlopeContact= 3.14065315295011
AIAdultLD50Contact= 28.4820704959333
AILarvaSlope= 2.77028748206794
AILarvaLD50= 90.1378412918949
AIKOW= 56466.7302643412
AIKOC= 59887.27271225
AIHalfLife= 3.46325023383833
EAppRate= 9.99250428744266
FoliarEnabled= true
FoliarAppDate= 09/01/1989
FoliarForageBegin= 09/01/1989
FoliarForageEnd= 09/08/1989
AIContactFactor= 0.683340127621777
CL4Pollen= 0.794099055230618
CL4Nectar= 42.9788544541225
CL5Pollen= 3.8969621155411
CL5Nectar= 143.160573940258
CLDPollen= 1.72127809049562
CLDNectar= 60.7821153709665
CA13Pollen= 3.21958663761616
CA13Nectar= 88.0593111366034
CA410Pollen= 6.11266459687613
CA410Nectar= 149.968499597162
CA1120Pollen= 1.44473869004287
CA1120Nectar= 72.3856208100915
IPollenTrips= 6.02482716320083
INectarTrips= 13.5184396756813
IPollenLoad= 1.70527463313192
INectarLoad= 5.83401868119836
