ICQueenStrength= 1.76755729387514
RQWkrDrnRatio= 2.13590148184448
ICDroneMiteSurvivorship= 88.6849971953779
ICWorkerMiteSurvivorship= 79.2303073219955
ICForagerLifespan= 12.7444807467982
ImmType= Tangent
RQQueenStrength= 5.45874651544727
RQEnableReQueen= true
AIAdultSlope= 8.06037717498839
AIAdultLD50= 42.1908982579696
AIAdultSlopeContact= 7.31696595437825
AIAdultLD50Contact= 14.1529220251355
AILarvaSlope= 3.04014592058957
AILarvaLD50= 65.9813821323037
AIKOW= 4017.43294769031
AIKOC= 8852.05499678315
AIHalfLife= 28.099704976636
EAppRate= 9.76092540240544
FoliarEnabled= true
FoliarAppDate= 06/07/1989
FoliarForageBegin= 06/05/1989
FoliarForageEnd= 06/28/1989
AIContactFactor= 1.74104175741319
CL4Pollen= 0.814452758058906
CL4Nectar= 63.0325605161488
CL5Pollen= 1.93912165006623
CL5Nectar= 30.6376642431132
CLDPollen= 1.52083290601149
CLDNectar= 90.0272531434894
CA13Pollen= 3.23890609880909
CA13Nectar= 72.0302975736558
CA410Pollen= 7.14071602267213
CA410Nectar= 163.990061082877
CA1120Pollen= 2.95330001763068
CA1120Nectar= 55.5341879278421
IPollenTrips= 12.8115540160798
INectarTrips= 13.9010470826179
IPollenLoad= 5.71511569432914
INectarLoad= 8.01723694428802
