ICQueenStrength= 4.61151944263838
RQWkrDrnRatio= 4.12390428874642
ICDroneMiteSurvivorship= 18.9264635322616
ICWorkerMiteSurvivorship= 61.6579012479633
ICForagerLifespan= 13.9640667298809
ImmType= Exponential
RQQueenStrength= 1.67014820524491
RQEnableReQueen= true
AIAdultSlope= 7.22818093746901
AIAdultLD50= 35.797172765715
AIAdultSlopeContact= 6.43225925345905
AIAdultLD50Contact= 26.40833567584
AILarvaSlope= 4.0013953205198
AILarvaLD50= 94.9147637028759
AIKOW= 68191.0470737709
AIKOC= 91631.6363313415
AIHalfLife= 27.5358751594555
EAppRate= 2.22809242846421
FoliarEnabled= true
FoliarAppDate= 06/07/1989
FoliarForageBegin= 06/05/1989
FoliarForageEnd= 06/28/1989
AIContactFactor= 1.49992627342232
CL4Pollen= 0.679690544493496
CL4Nectar= 72.3854434676468
CL5Pollen= 3.23069441411644
CL5Nectar= 56.7039363202639
CLDPollen= 5.28001899132505
CLDNectar= 148.237699270248
CA13Pollen= 2.85966659225523
CA13Nectar= 31.9018605537713
CA410Pollen= 3.41242133392952
CA410Nectar= 39.0909091569483
CA1120Pollen= 2.24527915148064
CA1120Nectar= 88.8288393616676
IPollenTrips= 6.49451695615426
INectarTrips= 9.24336588708684
IPollenLoad= 0.166391469538212
INectarLoad= 0.661811558529735
