ICQueenStrength= 2.22732120333239
RQWkrDrnRatio= 3.46995737683028
ICDroneMiteSurvivorship= 64.0926309628412
ICWorkerMiteSurvivorship= 43.4031122829765
ICForagerLifespan= 9.41109556052834
ImmType= Tangent
RQQueenStrength= 1.18137854174711
RQEnableReQueen= true
AIAdultSlope= 1.95616302825511
AIAdultLD50= 22.9371545736461
AIAdultSlopeContact= 3.88033611909486
AIAdultLD50Contact= 24.1803530979909
AILarvaSlope= 8.68333547376096
AILarvaLD50= 70.1209876468969
AIKOW= 58914.4672607313
AIKOC= 42365.3213808667
AIHalfLife= 2.107514096261
EAppRate= 3.31546691530989
FoliarEnabled= true
FoliarAppDate= 06/07/1989
FoliarForageBegin= 06/05/1989
FoliarForageEnd= 06/28/1989
AIContactFactor= 0.921010139537975
CL4Pollen= 2.80641756765544
CL4Nectar= 0.597474630922079
CL5Pollen= 3.69248861633241
CL5Nectar= 145.098738383967
CLDPollen= 5.58079836051911
CLDNectar= 131.152835371904
CA13Pollen= 5.06286431225017
CA13Nectar= 27.8655684366822
CA410Pollen= 6.24971521836706
CA410Nectar= 176.53303863015
CA1120Pollen= 0.574196588946506
CA1120Nectar= 89.7396987490356
IPollenTrips= 13.8837398146279
INectarTrips= 13.5494223656133
IPollenLoad= 9.44296394009143
INectarLoad= 1.91136662149802
ESoilP= 1.91583946486935
ESoilFoc= 0.0118132283501327
