ICQueenStrength= 3.74913061643019
RQWkrDrnRatio= 3.523745928891
ICDroneMiteSurvivorship= 16.1266399081796
ICWorkerMiteSurvivorship= 81.3884299481288
ICForagerLifespan= 8.44418793264776
ImmType= Polynomial
RQQueenStrength= 3.82488301629201
RQEnableReQueen= true
AIAdultSlope= 7.66075977310538
AIAdultLD50= 98.778140167474
AIAdultSlopeContact= 2.93084372300655
AIAdultLD50Contact= 26.9505229272239
AILarvaSlope= 8.34982511401176
AILarvaLD50= 8.33732011297089
AIKOW= 95897.0059087087
AIKOC= 40531.9215869673
AIHalfLife= 27.167802216718
EAppRate= 0.717105798292439
FoliarEnabled= true
FoliarAppDate= 06/07/1989
FoliarForageBegin= 06/05/1989
FoliarForageEnd= 06/28/1989
AIContactFactor= 1.88521200796589
CL4Pollen= 2.4147973600775
CL4Nectar= 33.1641211174428
CL5Pollen= 0.181317611597478
CL5Nectar= 66.1558034014888
CLDPollen= 2.88613207731396
CLDNectar= 48.5493522835895
CA13Pollen= 2.39758455269039
CA13Nectar= 64.5805635116994
CA410Pollen= 3.27028109668754
CA410Nectar= 172.761704395525
CA1120Pollen= 2.46125997626223
CA1120Nectar= 47.3642849363387
IPollenTrips= 10.8966831723228
INectarTrips= 10.9186014137231
IPollenLoad= 0.742706290911883
INectarLoad= 0.54736883379519
ESoilP= 1.6414523338899
ESoilFoc= 0.0195374598056078
