ICQueenStrength= 1.46505518723279
RQWkrDrnRatio= 1.2623614827171
ICDroneMiteSurvivorship= 69.6224257349968
ICWorkerMiteSurvivorship= 35.6865905690938
ICForagerLifespan= 13.0366629837081
ImmType= Tangent
AIAdultSlope= 2.51082853077678
AIAdultLD50= 0.00579217560589314
AIAdultSlopeContact= 3.66341079934733
AIAdultLD50Contact= 0.00209710217313841
AILarvaSlope= 0.465126431873068
AILarvaLD50= 0.375053928187117
AIKOW= 4.23590157646686
AIKOC= 13.7143468379509
AIHalfLife= 0.672626844258048
EAppRate= 2.31272425036877
FoliarEnabled= true
