ICQueenStrength= 2.25472947373055
RQWkrDrnRatio= 3.38270866218954
ICDroneMiteSurvivorship= 95.2915547648445
ICWorkerMiteSurvivorship= 27.5735137518495
ICForagerLifespan= 11.2065789261833
ImmType= Cosine
RQQueenStrength= 4.95273163099773
RQEnableReQueen= true
AIAdultSlope= 4.87911109812558
AIAdultLD50= 4.60788435329241
AIAdultSlopeContact= 1.06401323364116
AIAdultLD50Contact= 21.4974312096306
AILarvaSlope= 5.68025937303901
AILarvaLD50= 85.1516096014271
AIKOW= 20846.5893976703
AIKOC= 37883.8559134754
AIHalfLife= 5.93789677324239
EAppRate= 6.88313583071553
FoliarEnabled= true
FoliarAppDate= 06/07/1989
FoliarForageBegin= 06/05/1989
FoliarForageEnd= 06/28/1989
AIContactFactor= 2.24025793158915
CL4Pollen= 2.77152316831052
CL4Nectar= 6.96846249047667
CL5Pollen= 1.96299752779305
CL5Nectar= 13.5774529189803
CLDPollen= 5.61498317448422
CLDNectar= 5.36064240150154
CA13Pollen= 7.70154559407383
CA13Nectar= 39.4440345838666
CA410Pollen= 4.66991291870363
CA410Nectar= 75.2347525395453
CA1120Pollen= 0.440508424071595
CA1120Nectar= 81.6180054284632
IPollenTrips= 13.8717182469554
INectarTrips= 11.6025685728528
IPollenLoad= 3.7718819337897
INectarLoad= 6.24308927450329
