ICQueenStrength= 5.9866420275066
RQWkrDrnRatio= 1.42908554617316
ICDroneMiteSurvivorship= 77.2686995333061
ICWorkerMiteSurvivorship= 69.094115588814
ICForagerLifespan= 12.8178003998473
ImmType= Tangent
RQQueenStrength= 5.54127000994049
RQEnableReQueen= true
AIAdultSlope= 5.16574262827635
AIAdultLD50= 75.5671681353431
AIAdultSlopeContact= 8.82837373996153
AIAdultLD50Contact= 55.0456007933365
AILarvaSlope= 1.03925683535635
AILarvaLD50= 23.4783350753945
AIKOW= 39272.2661100248
AIKOC= 319.939355556387
AIHalfLife= 34.565073643974
EAppRate= 9.23217115759803
FoliarEnabled= true
FoliarAppDate= 06/07/1989
FoliarForageBegin= 06/05/1989
FoliarForageEnd= 06/28/1989
AIContactFactor= 1.86051468877587
CL4Pollen= 2.68484854605049
CL4Nectar= 20.9276632172987
CL5Pollen= 0.738391371443868
CL5Nectar= 110.170337220188
CLDPollen= 0.412499870639294
CLDNectar= 98.2219024328515
CA13Pollen= 4.28643481647596
CA13Nectar= 61.9502782635391
CA410Pollen= 6.50607293264475
CA410Nectar= 188.589131957851
CA1120Pollen= 2.62647152901627
CA1120Nectar= 32.5963658839464
IPollenTrips= 6.68121060356498
INectarTrips= 14.4678055914119
IPollenLoad= 9.6108066639863
INectarLoad= 5.02553982660174
