ICQueenStrength= 3.67424553632736
RQWkrDrnRatio= 2.82572530861944
ICDroneMiteSurvivorship= 8.79580536857247
ICWorkerMiteSurvivorship= 24.0801594452932
ICForagerLifespan= 9.23491916246712
ImmType= Polynomial
RQQueenStrength= 2.07619463466108
RQEnableReQueen= true
AIAdultSlope= 3.51653060130775
AIAdultLD50= 52.0527365011815
AIAdultSlopeContact= 1.98458473198116
AIAdultLD50Contact= 56.4143052813723
AILarvaSlope= 5.12158855237067
AILarvaLD50= 3.5139680572222
AIKOW= 39897.2549042513
AIKOC= 9098.95277798455
AIHalfLife= 15.4091834570747
EAppRate= 3.26513848972553
FoliarEnabled= true
FoliarAppDate= 06/07/1989
FoliarForageBegin= 06/05/1989
FoliarForageEnd= 06/28/1989
AIContactFactor= 0.339542207373306
CL4Pollen= 0.945375264622271
CL4Nectar= 35.6952344765887
CL5Pollen= 0.116179812233895
CL5Nectar= 148.344729223754
CLDPollen= 3.98120894143358
CLDNectar= 146.662748116069
CA13Pollen= 5.28703041123226
CA13Nectar= 24.4795503281057
CA410Pollen= 7.06155664362013
CA410Nectar= 24.8341039428487
CA1120Pollen= 2.58747001807205
CA1120Nectar= 86.5634374134243
IPollenTrips= 5.74307002127171
INectarTrips= 14.1378018236719
IPollenLoad= 6.22552452608943
INectarLoad= 6.14473120775074
