ICQueenStrength= 4.11336946673691
RQWkrDrnRatio= 1.68556850217283
ICDroneMiteSurvivorship= 9.72679774276912
ICWorkerMiteSurvivorship= 96.4194135041907
ICForagerLifespan= 7.1474733306095
ImmType= Logarithmic
RQQueenStrength= 1.36576201673597
RQEnableReQueen= true
AIAdultSlope= 2.49060096777976
AIAdultLD50= 39.8450539356789
AIAdultSlopeContact= 5.85906763095409
AIAdultLD50Contact= 46.8935747226716
AILarvaSlope= 4.69710446707904
AILarvaLD50= 68.3459582376147
AIKOW= 27181.3762084031
AIKOC= 40297.9198634762
AIHalfLife= 3.69022502626758
EAppRate= 7.64084487239528
FoliarEnabled= true
FoliarAppDate= 06/07/1989
FoliarForageBegin= 06/05/1989
FoliarForageEnd= 06/28/1989
AIContactFactor= 0.291153732407838
CL4Pollen= 2.432950431481
CL4Nectar= 87.7255682833493
CL5Pollen= 5.29908412322402
CL5Nectar= 128.938397776801
CLDPollen= 2.77178404899314
CLDNectar= 131.16608747514
CA13Pollen= 3.72328844601288
CA13Nectar= 37.3964392580092
CA410Pollen= 4.72166862334125
CA410Nectar= 53.4834637772292
CA1120Pollen= 0.726788721978664
CA1120Nectar= 27.136795502156
IPollenTrips= 14.0682367212139
INectarTrips= 5.17564022215083
IPollenLoad= 9.51365252025425
INectarLoad= 3.5914099146612
