ICQueenStrength= 3.67263910826296
RQWkrDrnRatio= 2.83811443205923
ICDroneMiteSurvivorship= 11.3124152179807
ICWorkerMiteSurvivorship= 9.71671314910054
ICForagerLifespan= 8.109281020239
ImmType= Cosine
RQQueenStrength= 4.4480269793421
RQEnableReQueen=true
AIAdultSlope= 3.29561765491962
AIAdultLD50= 0.581255207649432
AIAdultSlopeContact= 7.39153635222465
AIAdultLD50Contact= 50.6822209813776
AILarvaSlope= 7.0613796710968
AILarvaLD50= 38.0656058407796
AIKOW= 58360.6822378823
AIKOC= 81745.0324894686
AIHalfLife= 18.2665826166747
EAppRate= 7.49400516139111
FoliarEnabled=true
FoliarAppDate= 07/01/1989
FoliarForageBegin= 07/01/1989
FoliarForageEnd= 07/14/1989
AIContactFactor= 0.61488164012786
CL4Pollen= 3.6427606549114
CL4Nectar= 48.3885157853365
CL5Pollen= 4.65534715913236
CL5Nectar= 19.8170100222342
CLDPollen= 1.30043175118044
CLDNectar= 41.5539855253883
CA13Pollen= 7.7184861482121
CA13Nectar= 59.360988792032
CA410Pollen= 3.11651512405369
CA410Nectar= 183.709180345759
CA1120Pollen= 1.90406638733111
CA1120Nectar= 98.4294939413667
IPollenTrips= 12.1921605640091
INectarTrips= 13.5923596750945
IPollenLoad= 0.0620497320778668
INectarLoad= 1.96664853487164
