ICQueenStrength= 4.28684751759283
RQWkrDrnRatio= 1.83227221947163
ICDroneMiteSurvivorship= 13.1569073069841
ICWorkerMiteSurvivorship= 81.6597475204617
ICForagerLifespan= 12.9201664738357
ImmType= Tangent
RQQueenStrength= 2.11581389210187
RQEnableReQueen= true
AIAdultSlope= 3.2982831466943
AIAdultLD50= 79.5160848382523
AIAdultSlopeContact= 3.83205488161184
AIAdultLD50Contact= 71.3582673727886
AILarvaSlope= 6.5045233424753
AILarvaLD50= 79.9813348808601
AIKOW= 63966.9028520815
AIKOC= 90712.8367071541
AIHalfLife= 4.3210545453243
EAppRate= 2.80023750004033
FoliarEnabled= true
FoliarAppDate= 06/07/1989
FoliarForageBegin= 06/05/1989
FoliarForageEnd= 06/28/1989
AIContactFactor= 0.828969947015867
CL4Pollen= 1.55627418868244
CL4Nectar= 44.0564192365855
CL5Pollen= 5.45286981761456
CL5Nectar= 134.732824692037
CLDPollen= 5.77859278209507
CLDNectar= 85.1289804792032
CA13Pollen= 5.71009482005611
CA13Nectar= 63.9110029116273
CA410Pollen= 9.45125727560371
CA410Nectar= 57.1444617817178
CA1120Pollen= 0.306999162537977
CA1120Nectar= 65.1800389587879
IPollenTrips= 8.08687729295343
INectarTrips= 12.6568569825031
IPollenLoad= 0.551925760228187
INectarLoad= 6.04089413536713
