ICQueenStrength= 2.58888322999701
RQWkrDrnRatio= 2.42251890897751
ICDroneMiteSurvivorship= 31.1349676921964
ICWorkerMiteSurvivorship= 37.6039784867316
ICForagerLifespan= 14.6718810722232
ImmType= Sine
RQQueenStrength= 4.05946520529687
RQEnableReQueen= true
AIAdultSlope= 4.9383896254003
AIAdultLD50= 92.411037126261
AIAdultSlopeContact= 6.04027595580555
AIAdultLD50Contact= 84.7282328233041
AILarvaSlope= 7.4179874137044
AILarvaLD50= 6.75075218657684
AIKOW= 5092.52992050072
AIKOC= 70679.7294571586
AIHalfLife= 17.3839882279513
EAppRate= 7.21447253706516
FoliarEnabled= true
FoliarAppDate= 06/07/1989
FoliarForageBegin= 06/05/1989
FoliarForageEnd= 06/28/1989
AIContactFactor= 2.02029132878873
CL4Pollen= 3.31514827162027
CL4Nectar= 50.6698598153889
CL5Pollen= 2.18362445896491
CL5Nectar= 43.5124335461296
CLDPollen= 4.11132431728765
CLDNectar= 134.2078750371
CA13Pollen= 3.68919805837795
CA13Nectar= 61.1935437470675
CA410Pollen= 3.33774043275043
CA410Nectar= 169.144217437133
CA1120Pollen= 1.93068584357388
CA1120Nectar= 63.1734584458172
IPollenTrips= 7.72612904198468
INectarTrips= 8.8233815622516
IPollenLoad= 8.79028675612062
INectarLoad= 6.66507549351081
