ICQueenStrength= 5.11086810519919
RQWkrDrnRatio= 3.20048352144659
ICDroneMiteSurvivorship= 45.434346748516
ICWorkerMiteSurvivorship= 43.0137041490525
ICForagerLifespan= 9.8113961648196
ImmType= Cosine
RQQueenStrength= 4.55172750423662
RQEnableReQueen= true
AIAdultSlope= 2.20079234428704
AIAdultLD50= 78.0835835291848
AIAdultSlopeContact= 8.61228695814498
AIAdultLD50Contact= 59.6850038583425
AILarvaSlope= 4.67445717938244
AILarvaLD50= 73.5290683641159
AIKOW= 2156.71037402402
AIKOC= 82012.9057037511
AIHalfLife= 27.2851029118523
EAppRate= 3.25327362555824
FoliarEnabled= true
FoliarAppDate= 06/07/1989
FoliarForageBegin= 06/05/1989
FoliarForageEnd= 06/28/1989
AIContactFactor= 0.815748183941469
CL4Pollen= 1.10634437017143
CL4Nectar= 19.9990596855059
CL5Pollen= 4.04593985946849
CL5Nectar= 117.966969218105
CLDPollen= 5.8548292927444
CLDNectar= 109.223039040808
CA13Pollen= 6.45568225653842
CA13Nectar= 73.7023099139333
CA410Pollen= 5.91351872186642
CA410Nectar= 48.137964499183
CA1120Pollen= 0.758231216808781
CA1120Nectar= 29.3053760938346
IPollenTrips= 9.64087701402605
INectarTrips= 5.30908561311662
IPollenLoad= 5.65791678149253
INectarLoad= 2.65321620507166
