ICQueenStrength= 1.9735447645653
RQWkrDrnRatio= 2.50171305239201
ICDroneMiteSurvivorship= 24.9900233233348
ICWorkerMiteSurvivorship= 25.896061048843
ICForagerLifespan= 4.33783250674605
ImmType= Polynomial
RQQueenStrength= 5.22420538612641
RQEnableReQueen= true
AIAdultSlope= 1.08032350614667
AIAdultLD50= 50.7953228303059
AIAdultSlopeContact= 4.70907430863008
AIAdultLD50Contact= 79.0868381556226
AILarvaSlope= 5.54236951842904
AILarvaLD50= 6.63330476012244
AIKOW= 96052.6980216041
AIKOC= 76654.3109202147
AIHalfLife= 24.1341158992611
EAppRate= 2.60644618765567
FoliarEnabled= true
FoliarAppDate= 06/07/1989
FoliarForageBegin= 06/05/1989
FoliarForageEnd= 06/28/1989
AIContactFactor= 1.04228306127712
CL4Pollen= 0.52447952516377
CL4Nectar= 25.1326163299382
CL5Pollen= 2.69950190652162
CL5Nectar= 76.7965776845813
CLDPollen= 2.08708462351933
CLDNectar= 115.25497706607
CA13Pollen= 7.3612569661811
CA13Nectar= 54.8417403362691
CA410Pollen= 9.14365972161759
CA410Nectar= 82.767968904227
CA1120Pollen= 2.58053328143433
CA1120Nectar= 73.0112066678703
IPollenTrips= 9.64057240169495
INectarTrips= 7.62195587623864
IPollenLoad= 0.617715555708855
INectarLoad= 8.88508666073903
