ICQueenStrength= 3.91883614961989
RQWkrDrnRatio= 2.03122770413756
ICDroneMiteSurvivorship= 6.02773057762533
ICWorkerMiteSurvivorship= 5.19646119792014
ICForagerLifespan= 5.79306167177856
ImmType= Polynomial
RQQueenStrength= 1.60008425381966
RQEnableReQueen= true
AIAdultSlope= 7.35174907557666
AIAdultLD50= 0.422390640621306
AIAdultSlopeContact= 1.24295575614087
AIAdultLD50Contact= 88.7012565001359
AILarvaSlope= 7.7703193500638
AILarvaLD50= 5.2868689267626
AIKOW= 91030.08374864
AIKOC= 8446.66474152589
AIHalfLife= 0.12497974128928
EAppRate= 7.09200818740833
FoliarEnabled= true
FoliarAppDate= 09/01/1989
FoliarForageBegin= 09/01/1989
FoliarForageEnd= 09/08/1989
AIContactFactor= 0.519525136849843
CL4Pollen= 2.65931661520153
CL4Nectar= 30.0547543214634
CL5Pollen= 4.6744331731461
CL5Nectar= 130.713541153818
CLDPollen= 2.73998396331444
CLDNectar= 55.9486442478374
CA13Pollen= 7.18927263170481
CA13Nectar= 67.5168539211154
CA410Pollen= 2.28795763039961
CA410Nectar= 108.659592866898
CA1120Pollen= 1.47963108401746
CA1120Nectar= 33.3877504244447
IPollenTrips= 8.27799619641155
INectarTrips= 9.61973039200529
IPollenLoad= 1.16586979245767
INectarLoad= 7.1873217029497
