ICQueenStrength= 2.81999012245797
RQWkrDrnRatio= 3.36893481947482
ICDroneMiteSurvivorship= 66.5024652145803
ICWorkerMiteSurvivorship= 6.25011443626136
ICForagerLifespan= 13.021190976724
ImmType= Tangent
RQQueenStrength= 2.65472917142324
RQEnableReQueen= true
AIAdultSlope= 5.79318541847169
AIAdultLD50= 39.8913784118965
AIAdultSlopeContact= 3.9978391949553
AIAdultLD50Contact= 9.63189043560182
AILarvaSlope= 8.90973081067204
AILarvaLD50= 99.7473375294076
AIKOW= 34133.2489600305
AIKOC= 257.84849087405
AIHalfLife= 33.7142477117246
EAppRate= 0.855392229726538
FoliarEnabled= true
FoliarAppDate= 06/07/1989
FoliarForageBegin= 06/05/1989
FoliarForageEnd= 06/28/1989
AIContactFactor= 1.4170585659286
CL4Pollen= 2.84840338584036
CL4Nectar= 86.2781444331631
CL5Pollen= 1.30194646166638
CL5Nectar= 83.2919963635504
CLDPollen= 5.49513987684622
CLDNectar= 51.8509716843255
CA13Pollen= 6.26005689268932
CA13Nectar= 90.5597119964659
CA410Pollen= 8.28641813059803
CA410Nectar= 166.25611665193
CA1120Pollen= 2.51816949318163
CA1120Nectar= 81.4829879067838
IPollenTrips= 14.3736840598285
INectarTrips= 8.89808736741543
IPollenLoad= 5.55357858771458
INectarLoad= 9.43757536821067
