ICQueenStrength= 1.19263645051979
RQWkrDrnRatio= 4.95853252708912
ICDroneMiteSurvivorship= 34.6436946419999
ICWorkerMiteSurvivorship= 84.926622104831
ICForagerLifespan= 10.2327998392284
ImmType= Sine
RQQueenStrength= 4.07740971096791
RQEnableReQueen= true
AIAdultSlope= 7.55586570501328
AIAdultLD50= 62.1703708978477
AIAdultSlopeContact= 1.78411198570393
AIAdultLD50Contact= 45.8897649403987
AILarvaSlope= 7.32012688741088
AILarvaLD50= 71.0385567734376
AIKOW= 42163.7530532855
AIKOC= 76098.3492197352
AIHalfLife= 18.4752173560206
EAppRate= 7.03463148406101
FoliarEnabled= true
FoliarAppDate= 06/07/1989
FoliarForageBegin= 06/05/1989
FoliarForageEnd= 06/28/1989
AIContactFactor= 0.530099526373669
CL4Pollen= 1.97152096126229
CL4Nectar= 90.3142826631665
CL5Pollen= 5.43297660257667
CL5Nectar= 103.004097368103
CLDPollen= 3.58813109295443
CLDNectar= 36.0206766519696
CA13Pollen= 7.79534778958186
CA13Nectar= 98.2645939290524
CA410Pollen= 3.50230673309416
CA410Nectar= 126.100936899893
CA1120Pollen= 1.06489958753809
CA1120Nectar= 88.290048353374
IPollenTrips= 13.5422008065507
INectarTrips= 14.6146409027278
IPollenLoad= 8.67595268646255
INectarLoad= 2.93634776258841
