ICQueenStrength= 4.33246231544763
RQWkrDrnRatio= 2.02096629887819
ICDroneMiteSurvivorship= 41.1362567450851
ICWorkerMiteSurvivorship= 64.6115452516824
ICForagerLifespan= 4.70039348583668
ImmType= Sine
RQQueenStrength= 4.49017106345855
RQEnableReQueen= true
AIAdultSlope= 3.17393184266984
AIAdultLD50= 13.5674656103849
AIAdultSlopeContact= 4.64820201089606
AIAdultLD50Contact= 69.5785419328001
AILarvaSlope= 3.09775133058429
AILarvaLD50= 94.4337035699287
AIKOW= 98761.7468302664
AIKOC= 57307.9768164945
AIHalfLife= 23.1162712065037
EAppRate= 5.57359009951074
FoliarEnabled= true
FoliarAppDate= 06/07/1989
FoliarForageBegin= 06/05/1989
FoliarForageEnd= 06/28/1989
AIContactFactor= 1.65781000599265
CL4Pollen= 3.41553344205022
CL4Nectar= 45.7670882111415
CL5Pollen= 2.230640031863
CL5Nectar= 77.7942319633439
CLDPollen= 5.83899261569604
CLDNectar= 62.8780420753174
CA13Pollen= 3.00460420995951
CA13Nectar= 63.5646656528115
CA410Pollen= 6.36875629168935
CA410Nectar= 185.706611298956
CA1120Pollen= 1.11498964112252
CA1120Nectar= 93.0689315497875
IPollenTrips= 12.5963201699778
INectarTrips= 5.26810347335413
IPollenLoad= 2.1061900164932
INectarLoad= 5.40076032280922
ESoilP= 1.03079982846975
ESoilFoc= 0.00820240216120146
