ICQueenStrength= 2.30175171070732
RQWkrDrnRatio= 1.01854711677879
ICDroneMiteSurvivorship= 52.5407117092982
ICWorkerMiteSurvivorship= 71.9206256093457
ICForagerLifespan= 9.3889988521114
ImmType= Cosine
RQQueenStrength= 3.30212144204415
RQEnableReQueen= true
AIAdultSlope= 4.63148749805987
AIAdultLD50= 73.8407299489083
AIAdultSlopeContact= 9.01083050109446
AIAdultLD50Contact= 62.8241447747664
AILarvaSlope= 8.69184031523764
AILarvaLD50= 23.3786255577307
AIKOW= 29086.9197475116
AIKOC= 65205.5102695941
AIHalfLife= 17.1258862257237
EAppRate= 2.67136595192133
FoliarEnabled= true
FoliarAppDate= 06/07/1989
FoliarForageBegin= 06/05/1989
FoliarForageEnd= 06/28/1989
AIContactFactor= 1.01154878900386
CL4Pollen= 1.07798715680838
CL4Nectar= 5.36524360068142
CL5Pollen= 3.05663466174155
CL5Nectar= 132.46166780591
CLDPollen= 4.66787535930052
CLDNectar= 87.495014956221
CA13Pollen= 7.0508520135656
CA13Nectar= 53.1782334856689
CA410Pollen= 5.00234817501623
CA410Nectar= 103.709976994433
CA1120Pollen= 0.743640651460737
CA1120Nectar= 27.6833134517074
IPollenTrips= 8.27673875493929
INectarTrips= 8.08684485033154
IPollenLoad= 4.3899504118599
INectarLoad= 3.33455265732482
