ICQueenStrength= 5.27818021038547
RQWkrDrnRatio= 1.08128903061152
ICDroneMiteSurvivorship= 7.55456928163767
ICWorkerMiteSurvivorship= 77.1547684678808
ICForagerLifespan= 11.947165585123
ImmType= Polynomial
RQQueenStrength= 4.06520962622017
RQEnableReQueen= true
AIAdultSlope= 8.25988373719156
AIAdultLD50= 47.6886295896766
AIAdultSlopeContact= 3.5869914162904
AIAdultLD50Contact= 77.0466756186527
AILarvaSlope= 2.93141511268914
AILarvaLD50= 16.9711536489096
AIKOW= 11661.7007043712
AIKOC= 70152.9504810076
AIHalfLife= 18.1065506537212
EAppRate= 4.37863630447141
FoliarEnabled= true
FoliarAppDate= 06/07/1989
FoliarForageBegin= 06/05/1989
FoliarForageEnd= 06/28/1989
AIContactFactor= 0.540140651739202
CL4Pollen= 1.61907483078539
CL4Nectar= 19.370749569498
CL5Pollen= 0.6273014517501
CL5Nectar= 40.5264966306277
CLDPollen= 0.297532014548779
CLDNectar= 118.392499303445
CA13Pollen= 3.66779263345525
CA13Nectar= 29.9551429785788
CA410Pollen= 3.85927528876346
CA410Nectar= 193.111420008354
CA1120Pollen= 1.78594818455167
CA1120Nectar= 24.2482912167907
IPollenTrips= 14.4792908290401
INectarTrips= 9.94392503518611
IPollenLoad= 0.296033970080316
INectarLoad= 1.66742849862203
