ICQueenStrength= 2.11762630287558
RQWkrDrnRatio= 4.80683100037277
ICDroneMiteSurvivorship= 65.9500868991017
ICWorkerMiteSurvivorship= 56.2417409848422
ICForagerLifespan= 4.49773418810219
ImmType= Polynomial
RQQueenStrength= 1.69744120584801
RQEnableReQueen= true
AIAdultSlope= 3.2764494381845
AIAdultLD50= 52.3072627391554
AIAdultSlopeContact= 8.08055479149334
AIAdultLD50Contact= 51.8614515558789
AILarvaSlope= 4.2530360147357
AILarvaLD50= 47.2377135058891
AIKOW= 33368.5520845446
AIKOC= 65174.8595161717
AIHalfLife= 22.1609346611192
EAppRate= 4.2437989094283
FoliarEnabled= true
FoliarAppDate= 06/07/1989
FoliarForageBegin= 06/05/1989
FoliarForageEnd= 06/28/1989
AIContactFactor= 0.788867731736973
CL4Pollen= 3.9864266552031
CL4Nectar= 49.0077084396034
CL5Pollen= 3.14304054994136
CL5Nectar= 29.3521380750462
CLDPollen= 2.17929638084024
CLDNectar= 135.698885028251
CA13Pollen= 4.87927263444289
CA13Nectar= 62.9886936210096
CA410Pollen= 2.45855606950354
CA410Nectar= 158.223059112206
CA1120Pollen= 0.211968288291246
CA1120Nectar= 48.274001441896
IPollenTrips= 11.1158792139031
INectarTrips= 12.9827153659426
IPollenLoad= 7.41498671937734
INectarLoad= 6.30879909032956
ESoilP= 1.64956623525359
ESoilFoc= 0.0064981705637183
