ICQueenStrength= 5.26327024470083
RQWkrDrnRatio= 3.46925841085613
ICDroneMiteSurvivorship= 88.1188895786181
ICWorkerMiteSurvivorship= 77.5870167883113
ICForagerLifespan= 13.1040619257838
ImmType= Sine
RQQueenStrength= 3.82344233477488
RQEnableReQueen= true
AIAdultSlope= 5.25146904960275
AIAdultLD50= 0.483785286465893
AIAdultSlopeContact= 8.21390709700063
AIAdultLD50Contact= 10.6383823535019
AILarvaSlope= 2.73647326231003
AILarvaLD50= 4.11047697179928
AIKOW= 46254.9698034574
AIKOC= 39882.5568031392
AIHalfLife= 28.9583578561898
EAppRate= 9.20202899263566
FoliarEnabled= true
FoliarAppDate= 09/01/1989
FoliarForageBegin= 09/01/1989
FoliarForageEnd= 09/08/1989
AIContactFactor= 0.309415618511848
CL4Pollen= 1.68244551308453
CL4Nectar= 38.6650199769065
CL5Pollen= 1.53981220722198
CL5Nectar= 34.7739856922999
CLDPollen= 2.46347123477608
CLDNectar= 128.412634204142
CA13Pollen= 4.5746909420006
CA13Nectar= 59.0088949725032
CA410Pollen= 4.02992594493553
CA410Nectar= 162.150903092697
CA1120Pollen= 1.16056929761544
CA1120Nectar= 84.3945392221212
IPollenTrips= 14.1334378253669
INectarTrips= 14.7130125272088
IPollenLoad= 5.58315668953583
INectarLoad= 6.73526968806982
