ICQueenStrength= 5.35248032212257
RQWkrDrnRatio= 3.37700361944735
ICDroneMiteSurvivorship= 91.8013049522415
ICWorkerMiteSurvivorship= 23.045857460238
ICForagerLifespan= 11.4674977678806
ImmType= Cosine
RQQueenStrength= 4.24489267542958
RQEnableReQueen= true
AIAdultSlope= 4.90212571062148
AIAdultLD50= 0.472744517927989
AIAdultSlopeContact= 6.88638003007509
AIAdultLD50Contact= 55.8962612785625
AILarvaSlope= 4.53089785203338
AILarvaLD50= 73.0217024732016
AIKOW= 54729.7482014231
AIKOC= 78520.480507883
AIHalfLife= 27.4361658477923
EAppRate= 1.6946502046946
FoliarEnabled= true
FoliarAppDate= 09/01/1989
FoliarForageBegin= 09/01/1989
FoliarForageEnd= 09/08/1989
AIContactFactor= 0.314343053116463
CL4Pollen= 1.73382150568068
CL4Nectar= 26.0986674576998
CL5Pollen= 3.20797566371039
CL5Nectar= 110.35497346893
CLDPollen= 4.63385262759402
CLDNectar= 119.851787562948
CA13Pollen= 6.92828866960481
CA13Nectar= 53.2185734435916
CA410Pollen= 3.49812238712329
CA410Nectar= 158.915236131288
CA1120Pollen= 2.06457655783743
CA1120Nectar= 37.0383729971945
IPollenTrips= 13.0185833317228
INectarTrips= 9.11951203132048
IPollenLoad= 2.40703068673611
INectarLoad= 1.50334963575006
