ICQueenStrength= 5.12784023676068
RQWkrDrnRatio= 4.35028089955449
ICDroneMiteSurvivorship= 98.7773372093216
ICWorkerMiteSurvivorship= 44.1447546472773
ICForagerLifespan= 12.8937213234603
ImmType= Exponential
RQQueenStrength= 2.42442286014557
RQEnableReQueen= true
AIAdultSlope= 4.91644209623337
AIAdultLD50= 73.6436757740625
AIAdultSlopeContact= 1.39507284201682
AIAdultLD50Contact= 56.8247603673874
AILarvaSlope= 6.53343727998435
AILarvaLD50= 74.5776331269327
AIKOW= 67441.4402534711
AIKOC= 69498.1729277871
AIHalfLife= 32.4322781653376
EAppRate= 8.22932015109388
FoliarEnabled= true
FoliarAppDate= 06/07/1989
FoliarForageBegin= 06/05/1989
FoliarForageEnd= 06/28/1989
AIContactFactor= 1.20255534301512
CL4Pollen= 2.08001858089119
CL4Nectar= 91.6378403315321
CL5Pollen= 3.10368186654523
CL5Nectar= 73.2226915075444
CLDPollen= 1.67764600133523
CLDNectar= 4.41703931428492
CA13Pollen= 2.4176377014257
CA13Nectar= 55.4195754416287
CA410Pollen= 7.94989293443505
CA410Nectar= 138.189741694368
CA1120Pollen= 0.949152405839413
CA1120Nectar= 42.9615163989365
IPollenTrips= 5.0347354169935
INectarTrips= 6.42826339928433
IPollenLoad= 0.155707132071257
INectarLoad= 7.81650430290028
