ICQueenStrength= 2.56127574387938
RQWkrDrnRatio= 4.03007697314024
ICDroneMiteSurvivorship= 21.2797193555161
ICWorkerMiteSurvivorship= 43.1353993015364
ICForagerLifespan= 7.75841454509646
ImmType= Exponential
RQQueenStrength= 3.50903753330931
RQEnableReQueen= true
AIAdultSlope= 7.23322489112616
AIAdultLD50= 0.882121696427697
AIAdultSlopeContact= 9.09689971548505
AIAdultLD50Contact= 83.6776362841935
AILarvaSlope= 7.75953803956509
AILarvaLD50= 80.2882349170581
AIKOW= 6940.93417110118
AIKOC= 62494.2697060665
AIHalfLife= 25.7164285843261
EAppRate= 2.57943568910612
FoliarEnabled= true
FoliarAppDate= 09/01/1989
FoliarForageBegin= 09/01/1989
FoliarForageEnd= 09/08/1989
AIContactFactor= 1.73603541724384
CL4Pollen= 1.64866669476032
CL4Nectar= 56.4669955056161
CL5Pollen= 4.00545708322898
CL5Nectar= 11.0991764464416
CLDPollen= 5.19018261646852
CLDNectar= 103.317248134408
CA13Pollen= 2.30619670012966
CA13Nectar= 78.8091048039496
CA410Pollen= 2.26313098098617
CA410Nectar= 47.8211220633239
CA1120Pollen= 0.860212708823383
CA1120Nectar= 89.3074118345976
IPollenTrips= 11.7433744389564
INectarTrips= 9.10784744657576
IPollenLoad= 3.4728977154009
INectarLoad= 4.84892508480698
