ICQueenStrength= 4.39045853936113
RQWkrDrnRatio= 1.40754899010062
ICDroneMiteSurvivorship= 32.6380677521229
ICWorkerMiteSurvivorship= 50.8831030223519
ICForagerLifespan= 5.62090005446225
ImmType= Cosine
RQQueenStrength= 5.92119757342152
RQEnableReQueen= true
AIAdultSlope= 5.3152038231492
AIAdultLD50= 4.29669124235329
AIAdultSlopeContact= 2.29696479765698
AIAdultLD50Contact= 62.2571613543637
AILarvaSlope= 1.89155760779977
AILarvaLD50= 12.9101908570682
AIKOW= 35292.9504801214
AIKOC= 26056.6933715241
AIHalfLife= 25.8895366733195
EAppRate= 5.07113630244345
FoliarEnabled= true
FoliarAppDate= 06/07/1989
FoliarForageBegin= 06/05/1989
FoliarForageEnd= 06/28/1989
AIContactFactor= 1.98573905518744
CL4Pollen= 3.36874476261437
CL4Nectar= 34.2869523679838
CL5Pollen= 3.60638037929311
CL5Nectar= 124.139749724418
CLDPollen= 5.61557758692652
CLDNectar= 49.1567389690317
CA13Pollen= 6.68241633176804
CA13Nectar= 89.6531057357788
CA410Pollen= 5.10739682982676
CA410Nectar= 110.102548939176
CA1120Pollen= 1.35570573247969
CA1120Nectar= 96.9251470826566
IPollenTrips= 5.71688476484269
INectarTrips= 8.46562496153638
IPollenLoad= 4.84159742016345
INectarLoad= 4.82838015072048
