ICQueenStrength= 3.08215352264233
RQWkrDrnRatio= 4.27547885570675
ICDroneMiteSurvivorship= 7.47622521594167
ICWorkerMiteSurvivorship= 33.1363185774535
ICForagerLifespan= 13.9455243004486
ImmType= Sine
RQQueenStrength= 2.32809664704837
RQEnableReQueen= true
AIAdultSlope= 1.25466998293996
AIAdultLD50= 95.1252204301492
AIAdultSlopeContact= 6.98988768295385
AIAdultLD50Contact= 47.3921428464481
AILarvaSlope= 1.33957381360233
AILarvaLD50= 43.2162523893123
AIKOW= 4403.84213771701
AIKOC= 26710.934628003
AIHalfLife= 17.4883575254818
EAppRate= 6.03800713856705
FoliarEnabled= true
FoliarAppDate= 06/07/1989
FoliarForageBegin= 06/05/1989
FoliarForageEnd= 06/28/1989
AIContactFactor= 0.792995936772786
CL4Pollen= 1.48033825773746
CL4Nectar= 1.27595118246973
CL5Pollen= 2.92046246957034
CL5Nectar= 141.791956324596
CLDPollen= 5.93231899291277
CLDNectar= 117.351574427448
CA13Pollen= 7.2485729384236
CA13Nectar= 62.8430372104049
CA410Pollen= 4.88975676454138
CA410Nectar= 106.702320869081
CA1120Pollen= 1.7148233440239
CA1120Nectar= 98.1066484563053
IPollenTrips= 7.77203630423173
INectarTrips= 8.25376893859357
IPollenLoad= 7.41718229372054
INectarLoad= 9.57266499754041
ESoilP= 1.18904823902994
ESoilFoc= 0.00460859971260652
