ICQueenStrength= 3.32642117305659
RQWkrDrnRatio= 2.25238310731947
ICDroneMiteSurvivorship= 46.2815724080428
ICWorkerMiteSurvivorship= 9.2930278275162
ICForagerLifespan= 10.2750697853044
ImmType= Sine
RQQueenStrength= 1.64852758310735
RQEnableReQueen= true
AIAdultSlope= 3.95814904756844
AIAdultLD50= 81.8974345240374
AIAdultSlopeContact= 4.90425955550745
AIAdultLD50Contact= 98.7854597076378
AILarvaSlope= 3.97841701470315
AILarvaLD50= 75.1563486264488
AIKOW= 12476.7743029965
AIKOC= 93878.4211460592
AIHalfLife= 3.53137148155365
EAppRate= 1.71093265138706
FoliarEnabled= true
FoliarAppDate= 06/07/1989
FoliarForageBegin= 06/05/1989
FoliarForageEnd= 06/28/1989
AIContactFactor= 1.78271798133384
CL4Pollen= 0.63611586112529
CL4Nectar= 11.9072874076664
CL5Pollen= 4.52120532793924
CL5Nectar= 40.6529462663457
CLDPollen= 4.9486707332544
CLDNectar= 113.331264839508
CA13Pollen= 7.17344566928223
CA13Nectar= 39.9315989390016
CA410Pollen= 3.04322395799682
CA410Nectar= 112.429814403877
CA1120Pollen= 0.0233835352119058
CA1120Nectar= 46.8779544532299
IPollenTrips= 9.71314761089161
INectarTrips= 10.0146341975778
IPollenLoad= 2.86571636097506
INectarLoad= 5.49488696269691
ESoilP= 1.41179983969778
ESoilFoc= 0.00700993132963777
