ICQueenStrength= 1.80618165316992
RQWkrDrnRatio= 2.25863802805543
ICDroneMiteSurvivorship= 10.244184685871
ICWorkerMiteSurvivorship= 62.5939875142649
ICForagerLifespan= 8.83915909659117
ImmType= Polynomial
RQQueenStrength= 5.59287221892737
RQEnableReQueen= true
AIAdultSlope= 6.52940431796014
AIAdultLD50= 0.759345443241531
AIAdultSlopeContact= 4.66657216288149
AIAdultLD50Contact= 30.3830705010926
AILarvaSlope= 2.43329672701657
AILarvaLD50= 14.0349914566439
AIKOW= 49713.302868878
AIKOC= 59658.1427582777
AIHalfLife= 7.38642372218892
EAppRate= 9.80013654550654
FoliarEnabled= true
FoliarAppDate= 09/01/1989
FoliarForageBegin= 09/01/1989
FoliarForageEnd= 09/08/1989
AIContactFactor= 0.923865447435528
CL4Pollen= 3.88339396938682
CL4Nectar= 78.1643240479752
CL5Pollen= 1.11578535893932
CL5Nectar= 113.817563548218
CLDPollen= 1.85169734247029
CLDNectar= 8.73014306416735
CA13Pollen= 7.23265926521271
CA13Nectar= 43.49619358778
CA410Pollen= 5.23103710643482
CA410Nectar= 87.1080842521042
CA1120Pollen= 2.44320421270095
CA1120Nectar= 87.7609908208251
IPollenTrips= 9.18460050597787
INectarTrips= 12.1088732266799
IPollenLoad= 6.66124751791358
INectarLoad= 1.54295385582373
