ICQueenStrength= 2.67045751702972
RQWkrDrnRatio= 4.30185204930604
ICDroneMiteSurvivorship= 67.5237577408552
ICWorkerMiteSurvivorship= 86.396081536077
ICForagerLifespan= 8.97029898967594
ImmType= Exponential
RQQueenStrength= 5.19380928156897
RQEnableReQueen= true
AIAdultSlope= 1.27250010892749
AIAdultLD50= 63.0388671961708
AIAdultSlopeContact= 1.87569189281203
AIAdultLD50Contact= 4.46113504097774
AILarvaSlope= 3.23380286991596
AILarvaLD50= 68.3100592312876
AIKOW= 62479.808767047
AIKOC= 4590.68295078888
AIHalfLife= 31.7941507366253
EAppRate= 0.679559551421786
FoliarEnabled= true
FoliarAppDate= 06/07/1989
FoliarForageBegin= 06/05/1989
FoliarForageEnd= 06/28/1989
AIContactFactor= 1.1010326959379
CL4Pollen= 2.27459958288819
CL4Nectar= 35.0505517562851
CL5Pollen= 5.61709071462974
CL5Nectar= 137.981967721134
CLDPollen= 3.48071905458346
CLDNectar= 119.097155530471
CA13Pollen= 3.40425270637497
CA13Nectar= 74.1590457968414
CA410Pollen= 3.47063992649782
CA410Nectar= 183.950219531544
CA1120Pollen= 0.189704720629379
CA1120Nectar= 37.8768497519195
IPollenTrips= 10.5524544161744
INectarTrips= 11.5299258101732
IPollenLoad= 7.96357153682038
INectarLoad= 4.45011231815442
