ICQueenStrength= 3.27011871058494
RQWkrDrnRatio= 1.7846012590453
ICDroneMiteSurvivorship= 44.4890938466415
ICWorkerMiteSurvivorship= 49.9647138407454
ICForagerLifespan= 9.65680152177811
ImmType= Sine
RQQueenStrength= 4.06428769370541
RQEnableReQueen= true
AIAdultSlope= 5.36727605760098
AIAdultLD50= 3.510158310781
AIAdultSlopeContact= 6.69286973890848
AIAdultLD50Contact= 24.5342278300428
AILarvaSlope= 5.67426108196378
AILarvaLD50= 74.2766905386879
AIKOW= 82376.8449875266
AIKOC= 38681.9023915043
AIHalfLife= 8.15421744491905
EAppRate= 9.37166836889694
FoliarEnabled= true
FoliarAppDate= 06/07/1989
FoliarForageBegin= 06/05/1989
FoliarForageEnd= 06/28/1989
AIContactFactor= 1.5797423121985
CL4Pollen= 2.50337421242148
CL4Nectar= 46.8392991926521
CL5Pollen= 2.09690533624962
CL5Nectar= 70.517414517235
CLDPollen= 4.23797784699127
CLDNectar= 106.869705661666
CA13Pollen= 2.70027309311554
CA13Nectar= 21.563514303416
CA410Pollen= 6.87731056448538
CA410Nectar= 39.155285442248
CA1120Pollen= 1.61781237926334
CA1120Nectar= 89.03135439381
IPollenTrips= 13.3587379800156
INectarTrips= 9.15277319727466
IPollenLoad= 2.33370655681938
INectarLoad= 8.08040737407282
ESoilP= 1.23921789508313
ESoilFoc= 0.0164172091460787
