ICQueenStrength= 5.28961518686265
RQWkrDrnRatio= 3.38758584391326
ICDroneMiteSurvivorship= 42.2691616928205
ICWorkerMiteSurvivorship= 1.34900191333145
ICForagerLifespan= 10.6852246606722
ImmType= Cosine
RQQueenStrength= 5.54974383465014
RQEnableReQueen= true
AIAdultSlope= 8.78028651513159
AIAdultLD50= 6.96379326158483
AIAdultSlopeContact= 4.73206461803056
AIAdultLD50Contact= 10.3869606017191
AILarvaSlope= 8.63158748112619
AILarvaLD50= 75.9136115230743
AIKOW= 63799.2302766335
AIKOC= 42683.8946837457
AIHalfLife= 9.25293168458156
EAppRate= 4.05939031336573
FoliarEnabled= true
FoliarAppDate= 06/07/1989
FoliarForageBegin= 06/05/1989
FoliarForageEnd= 06/28/1989
AIContactFactor= 1.02663416645955
CL4Pollen= 0.367032105103135
CL4Nectar= 79.7908992972225
CL5Pollen= 2.6032330468297
CL5Nectar= 28.0867777531967
CLDPollen= 5.81747546698898
CLDNectar= 103.280484827701
CA13Pollen= 6.2571738644503
CA13Nectar= 75.0440557859838
CA410Pollen= 6.50906460420229
CA410Nectar= 48.5731726093218
CA1120Pollen= 0.692620210116729
CA1120Nectar= 32.5935870409012
IPollenTrips= 7.27484355447814
INectarTrips= 7.25823857123032
IPollenLoad= 5.49733412684873
INectarLoad= 4.97370935045183
