ICQueenStrength= 2.65906429989263
RQWkrDrnRatio= 3.91138704866171
ICDroneMiteSurvivorship= 61.9990662671626
ICWorkerMiteSurvivorship= 29.0645589353517
ICForagerLifespan= 6.23634184524417
ImmType= Logarithmic
RQQueenStrength= 3.36070714774542
RQEnableReQueen= true
AIAdultSlope= 1.79233678244054
AIAdultLD50= 48.1855668209526
AIAdultSlopeContact= 4.40663090953603
AIAdultLD50Contact= 80.2429287387605
AILarvaSlope= 3.63561827875674
AILarvaLD50= 88.8226685038612
AIKOW= 78872.0758572163
AIKOC= 6674.36279954389
AIHalfLife= 8.78563740821555
EAppRate= 6.73811051551648
FoliarEnabled= true
FoliarAppDate= 06/07/1989
FoliarForageBegin= 06/05/1989
FoliarForageEnd= 06/28/1989
AIContactFactor= 1.35948373494204
CL4Pollen= 1.01900330372155
CL4Nectar= 35.3938371874392
CL5Pollen= 1.96217504097149
CL5Nectar= 54.3944818200544
CLDPollen= 1.15624437248334
CLDNectar= 2.49789773952216
CA13Pollen= 2.92189536271617
CA13Nectar= 76.2134981527925
CA410Pollen= 6.27839994630776
CA410Nectar= 128.845892045647
CA1120Pollen= 0.235648190835491
CA1120Nectar= 36.9474314898252
IPollenTrips= 7.80216779094189
INectarTrips= 13.6317803803831
IPollenLoad= 9.66991146560758
INectarLoad= 4.15582747198641
ESoilP= 1.58746973820962
ESoilFoc= 0.0132630428699777
