ICQueenStrength= 2.337775522843
RQWkrDrnRatio= 3.08695028163493
ICDroneMiteSurvivorship= 87.0338392676786
ICWorkerMiteSurvivorship= 99.5591585757211
ICForagerLifespan= 10.8157998817042
ImmType= Tangent
RQQueenStrength= 3.42534071556292
RQEnableReQueen= true
AIAdultSlope= 5.75745209865272
AIAdultLD50= 80.3435777885253
AIAdultSlopeContact= 2.18759502610192
AIAdultLD50Contact= 77.1798760925094
AILarvaSlope= 1.48247849754989
AILarvaLD50= 6.13051643686765
AIKOW= 77377.0851354275
AIKOC= 80130.6853743966
AIHalfLife= 26.8807465233607
EAppRate= 8.57633398404578
FoliarEnabled= true
FoliarAppDate= 06/07/1989
FoliarForageBegin= 06/05/1989
FoliarForageEnd= 06/28/1989
AIContactFactor= 1.89838937429711
CL4Pollen= 2.55618877336383
CL4Nectar= 34.3461065553129
CL5Pollen= 2.15095478575677
CL5Nectar= 30.9466671547852
CLDPollen= 0.461365775205195
CLDNectar= 108.820747816935
CA13Pollen= 5.70582107203081
CA13Nectar= 71.9869172014296
CA410Pollen= 2.7758398148464
CA410Nectar= 112.059161365032
CA1120Pollen= 1.42828685673885
CA1120Nectar= 90.0294947996736
IPollenTrips= 12.3941159248352
INectarTrips= 7.86921871826053
IPollenLoad= 2.47937693959102
INectarLoad= 5.34598663216457
