ICQueenStrength= 4.40954198385589
RQWkrDrnRatio= 1.36528449319303
ICDroneMiteSurvivorship= 7.99560672603548
ICWorkerMiteSurvivorship= 30.2449840120971
ICForagerLifespan= 8.44806617498398
ImmType= Exponential
RQQueenStrength= 4.60069599468261
RQEnableReQueen= true
AIAdultSlope= 6.43473187461495
AIAdultLD50= 54.3048480086634
AIAdultSlopeContact= 5.92901968816295
AIAdultLD50Contact= 96.8609514465688
AILarvaSlope= 7.23474982008338
AILarvaLD50= 73.853306007382
AIKOW= 50690.5459515404
AIKOC= 3194.60185751528
AIHalfLife= 2.10661941433791
EAppRate= 3.64968879396701
FoliarEnabled= true
FoliarAppDate= 06/07/1989
FoliarForageBegin= 06/05/1989
FoliarForageEnd= 06/28/1989
AIContactFactor= 1.63453033773229
CL4Pollen= 0.0858983471989632
CL4Nectar= 39.9528300389647
CL5Pollen= 4.64051468297839
CL5Nectar= 120.171089738142
CLDPollen= 3.17512572510168
CLDNectar= 38.1182046141475
CA13Pollen= 6.77288594124839
CA13Nectar= 49.5406842790544
CA410Pollen= 3.53518862077035
CA410Nectar= 47.0428287005052
CA1120Pollen= 0.0452986119780689
CA1120Nectar= 43.5118820890784
IPollenTrips= 6.85439221793786
INectarTrips= 5.36159898620099
IPollenLoad= 6.30304961232468
INectarLoad= 7.90484658442438
ESoilP= 1.17145279538818
ESoilFoc= 0.00461466627079062
