ICQueenStrength= 2.78049964713864
RQWkrDrnRatio= 2.89438783191144
ICDroneMiteSurvivorship= 29.961273772642
ICWorkerMiteSurvivorship= 28.9576560724527
ICForagerLifespan= 14.7040726179257
ImmType= Tangent
RQQueenStrength= 3.07074670237489
RQEnableReQueen= true
AIAdultSlope= 4.38447978906333
AIAdultLD50= 74.3933166632599
AIAdultSlopeContact= 3.08148311497644
AIAdultLD50Contact= 91.517089712868
AILarvaSlope= 1.43329032324255
AILarvaLD50= 58.0948605039238
AIKOW= 44754.0882807087
AIKOC= 9480.08385944949
AIHalfLife= 27.6774104203563
EAppRate= 4.57568976481026
FoliarEnabled= true
FoliarAppDate= 06/07/1989
FoliarForageBegin= 06/05/1989
FoliarForageEnd= 06/28/1989
AIContactFactor= 1.03248910156544
CL4Pollen= 0.303276713937521
CL4Nectar= 71.6730696382001
CL5Pollen= 0.29689569817856
CL5Nectar= 140.096828620881
CLDPollen= 3.09286368917674
CLDNectar= 35.0189350079745
CA13Pollen= 7.75010573519394
CA13Nectar= 73.5610138997436
CA410Pollen= 2.97777352754492
CA410Nectar= 79.4020727323368
CA1120Pollen= 0.0319799717981368
CA1120Nectar= 94.2179137468338
IPollenTrips= 6.06605139793828
INectarTrips= 14.1634703776799
IPollenLoad= 4.0502065513283
INectarLoad= 7.86755074514076
