ICQueenStrength= 4.28926108684391
RQWkrDrnRatio= 4.65750754158944
ICDroneMiteSurvivorship= 62.2281503397971
ICWorkerMiteSurvivorship= 23.2760439626873
ICForagerLifespan= 6.01179744303226
ImmType= Cosine
RQQueenStrength= 2.8636322831735
RQEnableReQueen=true
AIAdultSlope= 6.52250505052507
AIAdultLD50= 0.990327213399112
AIAdultSlopeContact= 4.79331363202073
AIAdultLD50Contact= 50.2958986433796
AILarvaSlope= 1.92835430055857
AILarvaLD50= 0.694742722198134
AIKOW= 36253.7067334231
AIKOC= 45553.6619238087
AIHalfLife= 31.0179555407725
EAppRate= 8.47271991833183
FoliarEnabled=true
FoliarAppDate= 07/01/1989
FoliarForageBegin= 07/01/1989
FoliarForageEnd= 07/14/1989
AIContactFactor= 1.97229571647011
CL4Pollen= 1.46569478139281
CL4Nectar= 8.41188430786133
CL5Pollen= 5.61909882025793
CL5Nectar= 70.3653423115611
CLDPollen= 5.01421746611595
CLDNectar= 126.493757637218
CA13Pollen= 6.83046071585268
CA13Nectar= 78.7180436961353
CA410Pollen= 4.08668174063787
CA410Nectar= 111.627409826033
CA1120Pollen= 0.0726830230560154
CA1120Nectar= 93.8228786550462
IPollenTrips= 9.88243413856253
INectarTrips= 7.61733529623598
IPollenLoad= 1.18304093834013
INectarLoad= 9.68940023100004
