ICQueenStrength= 1.94539135508239
RQWkrDrnRatio= 1.36169300135225
ICDroneMiteSurvivorship= 44.1957463044673
ICWorkerMiteSurvivorship= 83.9587980182841
ICForagerLifespan= 12.9422871824354
ImmType= Tangent
RQQueenStrength= 2.19067085906863
RQEnableReQueen=true
AIAdultSlope= 5.99939119443297
AIAdultLD50= 0.0698684024801478
AIAdultSlopeContact= 5.66228569229133
AIAdultLD50Contact= 94.4755721079987
AILarvaSlope= 2.12181775458157
AILarvaLD50= 8.43789987302897
AIKOW= 19422.0774825564
AIKOC= 42465.0884304072
AIHalfLife= 18.870548470784
EAppRate= 0.545009524472291
FoliarEnabled=true
FoliarAppDate= 07/01/1989
FoliarForageBegin= 07/01/1989
FoliarForageEnd= 07/14/1989
AIContactFactor= 1.53291475116741
CL4Pollen= 2.85077059082687
CL4Nectar= 54.4473625021055
CL5Pollen= 0.972681900020689
CL5Nectar= 88.8960124924779
CLDPollen= 1.96168149216101
CLDNectar= 142.457442940213
CA13Pollen= 7.01166625162586
CA13Nectar= 62.0324227772653
CA410Pollen= 7.92317045803648
CA410Nectar= 79.6889555640519
CA1120Pollen= 0.443488410674036
CA1120Nectar= 82.2483237832785
IPollenTrips= 6.15027740830556
INectarTrips= 12.8912616870366
IPollenLoad= 9.77263659471646
INectarLoad= 1.39729303307831
