ICQueenStrength= 4.23505145264789
RQWkrDrnRatio= 3.59172028116882
ICDroneMiteSurvivorship= 4.75527294911444
ICWorkerMiteSurvivorship= 11.9746020529419
ICForagerLifespan= 8.23572517000139
ImmType= Exponential
RQQueenStrength= 5.69529088470154
RQEnableReQueen= true
AIAdultSlope= 5.9991796053946
AIAdultLD50= 0.429088146249531
AIAdultSlopeContact= 5.43634853349067
AIAdultLD50Contact= 22.3305622372567
AILarvaSlope= 1.11390503868461
AILarvaLD50= 67.8947252977728
AIKOW= 27808.9914484427
AIKOC= 8186.97590818442
AIHalfLife= 19.4840845953207
EAppRate= 1.2093772928454
FoliarEnabled= true
FoliarAppDate= 09/01/1989
FoliarForageBegin= 09/01/1989
FoliarForageEnd= 09/08/1989
AIContactFactor= 1.66590097461827
CL4Pollen= 1.62829159107059
CL4Nectar= 29.028653120622
CL5Pollen= 2.24716817820445
CL5Nectar= 37.4386337818578
CLDPollen= 0.331424568314105
CLDNectar= 147.807898081373
CA13Pollen= 2.41078239427879
CA13Nectar= 69.9454532191157
CA410Pollen= 8.0560760977678
CA410Nectar= 145.553445885889
CA1120Pollen= 1.61582727148198
CA1120Nectar= 65.6400405056775
IPollenTrips= 12.6961463131011
INectarTrips= 14.4527121586725
IPollenLoad= 9.33093297062442
INectarLoad= 1.53181236004457
