ICQueenStrength= 4.35929307248443
RQWkrDrnRatio= 3.47033023741096
ICDroneMiteSurvivorship= 67.4896368989721
ICWorkerMiteSurvivorship= 51.315825781785
ICForagerLifespan= 11.9615502022207
ImmType= Polynomial
RQQueenStrength= 2.82772965356708
RQEnableReQueen=true
AIAdultSlope= 6.26509797200561
AIAdultLD50= 0.840400486916769
AIAdultSlopeContact= 5.942950199591
AIAdultLD50Contact= 11.9933462922447
AILarvaSlope= 6.99486810341477
AILarvaLD50= 72.3243362206488
AIKOW= 92453.1724400208
AIKOC= 82702.8749308768
AIHalfLife= 18.6209298171336
EAppRate= 6.95417596546281
FoliarEnabled=true
FoliarAppDate= 07/01/1989
FoliarForageBegin= 07/01/1989
FoliarForageEnd= 07/14/1989
AIContactFactor= 1.0337480255682
CL4Pollen= 2.50757346395403
CL4Nectar= 95.4440468223765
CL5Pollen= 1.81606019474566
CL5Nectar= 17.2570368857123
CLDPollen= 4.94012697832659
CLDNectar= 30.7439771597274
CA13Pollen= 5.29334820508957
CA13Nectar= 79.356866851449
CA410Pollen= 9.10025514289737
CA410Nectar= 195.695495167747
CA1120Pollen= 2.26367097138427
CA1120Nectar= 49.7172917611897
IPollenTrips= 11.8095111916773
INectarTrips= 14.8260637675412
IPollenLoad= 4.18389019090682
INectarLoad= 8.86087988968939
