ICQueenStrength= 4.77134404727258
RQWkrDrnRatio= 4.76333201490343
ICDroneMiteSurvivorship= 38.9661469496787
ICWorkerMiteSurvivorship= 6.10284202266484
ICForagerLifespan= 15.1565769864246
ImmType= Tangent
RQQueenStrength= 2.31152682821266
RQEnableReQueen= true
AIAdultSlope= 2.11862304620445
AIAdultLD50= 51.9888068748787
AIAdultSlopeContact= 2.98177555925213
AIAdultLD50Contact= 70.6695238470463
AILarvaSlope= 6.67746985517442
AILarvaLD50= 23.8069734299318
AIKOW= 3839.14338908567
AIKOC= 63217.8529624324
AIHalfLife= 30.7023170823231
EAppRate= 1.56465682774712
FoliarEnabled= true
FoliarAppDate= 06/07/1989
FoliarForageBegin= 06/05/1989
FoliarForageEnd= 06/28/1989
AIContactFactor= 0.282670393912122
CL4Pollen= 2.23336732573807
CL4Nectar= 95.2754235826433
CL5Pollen= 1.89515446778387
CL5Nectar= 104.177494242322
CLDPollen= 4.26416659215465
CLDNectar= 133.999047533143
CA13Pollen= 4.61198055399582
CA13Nectar= 81.0975061357021
CA410Pollen= 8.55549793133978
CA410Nectar= 106.145441681147
CA1120Pollen= 0.806979160755873
CA1120Nectar= 90.1234528236091
IPollenTrips= 5.74302694760263
INectarTrips= 10.228551402688
IPollenLoad= 9.96773819904774
INectarLoad= 5.67173595307395
