ICQueenStrength= 4.48291354253888
RQWkrDrnRatio= 1.71658335253596
ICDroneMiteSurvivorship= 69.1937532741576
ICWorkerMiteSurvivorship= 59.8323854384944
ICForagerLifespan= 8.00780972000211
ImmType= Logarithmic
RQQueenStrength= 5.34732619323768
RQEnableReQueen= true
AIAdultSlope= 7.53292192146182
AIAdultLD50= 0.577530095757218
AIAdultSlopeContact= 2.47621889226139
AIAdultLD50Contact= 50.7754208987383
AILarvaSlope= 4.10257789306343
AILarvaLD50= 1.39491695408244
AIKOW= 42239.0100565177
AIKOC= 7999.67065071035
AIHalfLife= 11.5535718533443
EAppRate= 3.95441136793885
FoliarEnabled= true
FoliarAppDate= 09/01/1989
FoliarForageBegin= 09/01/1989
FoliarForageEnd= 09/08/1989
AIContactFactor= 2.33362230042461
CL4Pollen= 3.7002389067784
CL4Nectar= 51.0812100721523
CL5Pollen= 0.349573338869959
CL5Nectar= 84.4702098285779
CLDPollen= 0.274040396790951
CLDNectar= 140.020930068567
CA13Pollen= 6.10388850262389
CA13Nectar= 23.440975882113
CA410Pollen= 5.01108058309183
CA410Nectar= 114.813347500749
CA1120Pollen= 2.69250460155308
CA1120Nectar= 65.5072283744812
IPollenTrips= 10.2488566213287
INectarTrips= 5.24845946347341
IPollenLoad= 9.69292738940567
INectarLoad= 9.708075679373
