ICQueenStrength= 5.47078834869899
RQWkrDrnRatio= 4.37681248225272
ICDroneMiteSurvivorship= 45.5656968755648
ICWorkerMiteSurvivorship= 66.566187562421
ICForagerLifespan= 5.81540038250387
ImmType= Cosine
RQQueenStrength= 5.66056327451952
RQEnableReQueen= true
AIAdultSlope= 8.45412670075893
AIAdultLD50= 30.6011493056426
AIAdultSlopeContact= 5.18668406549841
AIAdultLD50Contact= 99.2917174289024
AILarvaSlope= 4.19184006936848
AILarvaLD50= 94.0259700839401
AIKOW= 87273.0157026552
AIKOC= 45400.0441994742
AIHalfLife= 23.7059199071256
EAppRate= 8.33759831671906
FoliarEnabled= true
FoliarAppDate= 06/07/1989
FoliarForageBegin= 06/05/1989
FoliarForageEnd= 06/28/1989
AIContactFactor= 1.55928752922453
CL4Pollen= 2.54092781245708
CL4Nectar= 0.874209962785244
CL5Pollen= 1.93787660077214
CL5Nectar= 107.516469969414
CLDPollen= 1.48940814519301
CLDNectar= 22.0702347694896
CA13Pollen= 7.23148046508431
CA13Nectar= 75.080017503351
CA410Pollen= 6.76145110353827
CA410Nectar= 171.160377752967
CA1120Pollen= 1.54445662815124
CA1120Nectar= 83.8003783673048
IPollenTrips= 14.926903503947
INectarTrips= 7.45900783222169
IPollenLoad= 7.35661546932533
INectarLoad= 0.740464036352932
