ICQueenStrength= 1.48796895425767
RQWkrDrnRatio= 3.60914310906082
ICDroneMiteSurvivorship= 96.2270304095
ICWorkerMiteSurvivorship= 82.4162087636068
ICForagerLifespan= 10.7696244688705
ImmType= Sine
AIAdultSlope= 2.55560352733126
AIAdultLD50= 0.0851391656324267
AIAdultSlopeContact= 1.16606829664903
AIAdultLD50Contact= 0.00299104999285191
AILarvaSlope= 2.18833488905802
AILarvaLD50= 0.0116630848729983
AIKOW= 5.49105193000287
AIKOC= 6.26975830062293
AIHalfLife= 2.02764087140094
EAppRate= 2.03592541161925
FoliarEnabled= true
