ICQueenStrength= 2.63352403230965
RQWkrDrnRatio= 4.20681869145483
ICDroneMiteSurvivorship= 65.6660019420087
ICWorkerMiteSurvivorship= 53.1978004146367
ICForagerLifespan= 6.89020947087556
ImmType= Sine
RQQueenStrength= 3.16167623084038
RQEnableReQueen=true
AIAdultSlope= 2.22721444815397
AIAdultLD50= 0.0755475367335603
AIAdultSlopeContact= 3.77373163588345
AIAdultLD50Contact= 85.8130254391606
AILarvaSlope= 6.52999969013035
AILarvaLD50= 68.8815504174209
AIKOW= 84277.2946583226
AIKOC= 4383.95876408741
AIHalfLife= 9.27746413366403
EAppRate= 3.6768807169646
FoliarEnabled=true
FoliarAppDate= 07/01/1989
FoliarForageBegin= 07/01/1989
FoliarForageEnd= 07/14/1989
AIContactFactor= 2.22510679210536
CL4Pollen= 1.093265931122
CL4Nectar= 16.5617017541081
CL5Pollen= 0.572637526318431
CL5Nectar= 32.5718969106674
CLDPollen= 5.22565014241263
CLDNectar= 28.060716285836
CA13Pollen= 5.9653443031013
CA13Nectar= 29.4691807962954
CA410Pollen= 8.2786022916669
CA410Nectar= 153.852616026998
CA1120Pollen= 2.24482232239097
CA1120Nectar= 84.3631899543107
IPollenTrips= 13.8647162425332
INectarTrips= 10.3506324114278
IPollenLoad= 9.02127454290166
INectarLoad= 6.00700854789466
