ICQueenStrength= 3.45306884055026
RQWkrDrnRatio= 2.47453894838691
ICDroneMiteSurvivorship= 44.3155659362674
ICWorkerMiteSurvivorship= 87.464485457167
ICForagerLifespan= 4.58380933757871
ImmType= Polynomial
RQQueenStrength= 2.48713309434243
RQEnableReQueen= true
AIAdultSlope= 4.6727620754391
AIAdultLD50= 9.40086239535431
AIAdultSlopeContact= 1.25949059822597
AIAdultLD50Contact= 67.2928421003239
AILarvaSlope= 2.74900084361434
AILarvaLD50= 98.3385307389021
AIKOW= 52759.7244106107
AIKOC= 93628.3546180516
AIHalfLife= 7.76817678089719
EAppRate= 8.92556611494883
FoliarEnabled= true
FoliarAppDate= 06/07/1989
FoliarForageBegin= 06/05/1989
FoliarForageEnd= 06/28/1989
AIContactFactor= 1.12981189167593
CL4Pollen= 1.73130721505731
CL4Nectar= 75.6473315879703
CL5Pollen= 4.63048075977713
CL5Nectar= 90.6516910996288
CLDPollen= 4.87712695961818
CLDNectar= 125.200287206098
CA13Pollen= 7.50062630260363
CA13Nectar= 21.0388402082026
CA410Pollen= 8.01954997645225
CA410Nectar= 142.085369159468
CA1120Pollen= 1.32872608210891
CA1120Nectar= 70.0628732517362
IPollenTrips= 5.82840418675914
INectarTrips= 9.72557232715189
IPollenLoad= 4.25597241381183
INectarLoad= 4.65354876127094
