ICQueenStrength= 5.35608348227106
RQWkrDrnRatio= 1.261962861754
ICDroneMiteSurvivorship= 63.4527402929962
ICWorkerMiteSurvivorship= 40.1247490663081
ICForagerLifespan= 13.4150806628168
ImmType= Cosine
RQQueenStrength= 5.96425973367877
RQEnableReQueen= true
AIAdultSlope= 7.29560380615294
AIAdultLD50= 13.5920707903367
AIAdultSlopeContact= 2.5903988473583
AIAdultLD50Contact= 31.0186048406153
AILarvaSlope= 6.9427403640002
AILarvaLD50= 41.7831026766694
AIKOW= 11971.2729258589
AIKOC= 75248.5041458353
AIHalfLife= 13.3908809289103
EAppRate= 4.58074805414444
FoliarEnabled= true
FoliarAppDate= 06/07/1989
FoliarForageBegin= 06/05/1989
FoliarForageEnd= 06/28/1989
AIContactFactor= 0.307767425794154
CL4Pollen= 2.32242117729038
CL4Nectar= 27.5051700416952
CL5Pollen= 1.5401951414533
CL5Nectar= 36.2569632008672
CLDPollen= 0.51239925948903
CLDNectar= 125.779530219734
CA13Pollen= 7.90891922758892
CA13Nectar= 41.6741638630629
CA410Pollen= 5.26315552387387
CA410Nectar= 62.8456739429384
CA1120Pollen= 1.30082983570173
CA1120Nectar= 29.3501439131796
IPollenTrips= 7.72963361348957
INectarTrips= 7.58114003343508
IPollenLoad= 4.35347179649398
INectarLoad= 0.836833950597793
