ICQueenStrength= 1.10554789449088
RQWkrDrnRatio= 1.85454535111785
ICDroneMiteSurvivorship= 44.1547085996717
ICWorkerMiteSurvivorship= 41.5103028295562
ICForagerLifespan= 12.7888100035489
ImmType= Cosine
RQQueenStrength= 3.8606805158779
RQEnableReQueen= true
AIAdultSlope= 1.70846383646131
AIAdultLD50= 84.9236904245431
AIAdultSlopeContact= 7.03952910844237
AIAdultLD50Contact= 42.8275162503205
AILarvaSlope= 2.20800989307463
AILarvaLD50= 65.2839989531324
AIKOW= 6206.94530285296
AIKOC= 77910.2926736681
AIHalfLife= 7.98564610606991
EAppRate= 5.87658864651062
FoliarEnabled= true
FoliarAppDate= 06/07/1989
FoliarForageBegin= 06/05/1989
FoliarForageEnd= 06/28/1989
AIContactFactor= 1.41572715491522
CL4Pollen= 3.41724526975304
CL4Nectar= 1.53719370719045
CL5Pollen= 5.82851061411202
CL5Nectar= 33.2400450250134
CLDPollen= 5.92535585258156
CLDNectar= 46.9448638614267
CA13Pollen= 6.06501518590376
CA13Nectar= 79.9196956120431
CA410Pollen= 2.82724753883667
CA410Nectar= 175.477549945936
CA1120Pollen= 2.28094481443986
CA1120Nectar= 67.118650060147
IPollenTrips= 6.57243732828647
INectarTrips= 5.72966286446899
IPollenLoad= 3.32791577093303
INectarLoad= 7.43018177105114
