ICQueenStrength= 4.69615076109767
RQWkrDrnRatio= 4.15159714221954
ICDroneMiteSurvivorship= 74.5630043558776
ICWorkerMiteSurvivorship= 24.3860937654972
ICForagerLifespan= 10.4300574557856
ImmType= Exponential
RQQueenStrength= 1.55009545641951
RQEnableReQueen= true
AIAdultSlope= 2.55868357792497
AIAdultLD50= 41.0475328831242
AIAdultSlopeContact= 1.15034049539827
AIAdultLD50Contact= 3.28493989578937
AILarvaSlope= 3.9868398308754
AILarvaLD50= 50.6681608519391
AIKOW= 49274.7150329748
AIKOC= 60490.3309709236
AIHalfLife= 30.2576819274109
EAppRate= 1.55726896552765
FoliarEnabled= true
FoliarAppDate= 06/07/1989
FoliarForageBegin= 06/05/1989
FoliarForageEnd= 06/28/1989
AIContactFactor= 1.18727175072301
CL4Pollen= 3.51332580856979
CL4Nectar= 0.729188299737871
CL5Pollen= 1.43812224967405
CL5Nectar= 120.394007780124
CLDPollen= 1.84693858539686
CLDNectar= 47.0509296166711
CA13Pollen= 5.74240422649309
CA13Nectar= 25.9893232025206
CA410Pollen= 7.73397833034396
CA410Nectar= 106.436276664026
CA1120Pollen= 1.42909075319767
CA1120Nectar= 88.7220714427531
IPollenTrips= 11.4469809038565
INectarTrips= 14.2418275773525
IPollenLoad= 1.92649341886863
INectarLoad= 3.59362829942256
