ICQueenStrength= 3.6514946622774
RQWkrDrnRatio= 1.50708480272442
ICDroneMiteSurvivorship= 31.9215305382386
ICWorkerMiteSurvivorship= 27.8954026522115
ICForagerLifespan= 5.91811803262681
ImmType= Sine
RQQueenStrength= 1.42027939576656
RQEnableReQueen= true
AIAdultSlope= 4.57975000143051
AIAdultLD50= 0.340049928351305
AIAdultSlopeContact= 7.20109431957826
AIAdultLD50Contact= 55.7853630332248
AILarvaSlope= 1.55049169249833
AILarvaLD50= 86.7283638376121
AIKOW= 26253.7355939351
AIKOC= 53342.8815724368
AIHalfLife= 34.9419935074868
EAppRate= 4.58809330796078
FoliarEnabled= true
FoliarAppDate= 09/01/1989
FoliarForageBegin= 09/01/1989
FoliarForageEnd= 09/08/1989
AIContactFactor= 1.51935134134255
CL4Pollen= 3.24991297069937
CL4Nectar= 91.8739328626543
CL5Pollen= 3.47426557308063
CL5Nectar= 5.97981900209561
CLDPollen= 3.27943225577474
CLDNectar= 144.432640587911
CA13Pollen= 4.69884544219822
CA13Nectar= 37.6009714603424
CA410Pollen= 5.09946318890434
CA410Nectar= 152.845934955403
CA1120Pollen= 1.50473895831965
CA1120Nectar= 30.7668144255877
IPollenTrips= 14.2639495478943
INectarTrips= 8.3839439204894
IPollenLoad= 7.2254326636903
INectarLoad= 1.78286537760869
