ICQueenStrength= 1.55649303481914
RQWkrDrnRatio= 4.28222851082683
ICDroneMiteSurvivorship= 25.9069350082427
ICWorkerMiteSurvivorship= 70.5369058763608
ICForagerLifespan= 5.70909517165273
ImmType= Logarithmic
AIAdultSlope= 2.53739443504019
AIAdultLD50= 0.0238009951077402
AIAdultSlopeContact= 3.29282226266339
AIAdultLD50Contact= 0.0440081993350759
AILarvaSlope= 0.653649148484692
AILarvaLD50= 0.610840422310866
AIKOW= 5.0383045040071
AIKOC= 13.8648141070735
AIHalfLife= 1.33839220048394
EAppRate= 1.74182198708877
FoliarEnabled= true
