ICQueenStrength= 4.7173221365083
RQWkrDrnRatio= 3.30675818491727
ICDroneMiteSurvivorship= 30.8806987013668
ICWorkerMiteSurvivorship= 61.859312443994
ICForagerLifespan= 11.0727798463777
ImmType= Cosine
RQQueenStrength= 2.41419092542492
RQEnableReQueen= true
AIAdultSlope= 2.90837359800935
AIAdultLD50= 61.1872472827569
AIAdultSlopeContact= 1.38985709799454
AIAdultLD50Contact= 49.7007009713089
AILarvaSlope= 1.03125792182982
AILarvaLD50= 91.6617769113593
AIKOW= 2655.56983862039
AIKOC= 89788.2982375186
AIHalfLife= 18.489036853658
EAppRate= 8.01999023481458
FoliarEnabled= true
FoliarAppDate= 06/07/1989
FoliarForageBegin= 06/05/1989
FoliarForageEnd= 06/28/1989
AIContactFactor= 1.48779072531965
CL4Pollen= 0.877449690364301
CL4Nectar= 31.8225707160309
CL5Pollen= 2.50305193243548
CL5Nectar= 28.4718747949228
CLDPollen= 0.940046120434999
CLDNectar= 123.116899689194
CA13Pollen= 6.72821667958051
CA13Nectar= 29.643781222403
CA410Pollen= 5.8154272477841
CA410Nectar= 99.2605053447187
CA1120Pollen= 1.05309969023801
CA1120Nectar= 97.5550170987844
IPollenTrips= 7.91471052682027
INectarTrips= 9.58644330501556
IPollenLoad= 9.06966887880117
INectarLoad= 8.27606564154848
