ICQueenStrength= 5.33722348650917
RQWkrDrnRatio= 3.90696093719453
ICDroneMiteSurvivorship= 83.269404922612
ICWorkerMiteSurvivorship= 94.9759871698916
ICForagerLifespan= 11.2255269670859
ImmType= Tangent
RQQueenStrength= 2.70324644655921
RQEnableReQueen= true
AIAdultSlope= 7.13802991993725
AIAdultLD50= 74.1082026519228
AIAdultSlopeContact= 4.64069862547331
AIAdultLD50Contact= 65.2161141558227
AILarvaSlope= 4.68305978178978
AILarvaLD50= 29.8414300702901
AIKOW= 59002.2935784381
AIKOC= 83731.7874239285
AIHalfLife= 30.8537916301284
EAppRate= 4.3357645868992
FoliarEnabled= true
FoliarAppDate= 06/07/1989
FoliarForageBegin= 06/05/1989
FoliarForageEnd= 06/28/1989
AIContactFactor= 1.03367484398652
CL4Pollen= 3.28383430279791
CL4Nectar= 17.1258266549557
CL5Pollen= 4.61911953566596
CL5Nectar= 32.6841628644615
CLDPollen= 3.29259020928293
CLDNectar= 22.5853962823749
CA13Pollen= 7.50460764653981
CA13Nectar= 42.7000396884978
CA410Pollen= 9.24078378281556
CA410Nectar= 43.8827281584963
CA1120Pollen= 0.403260213788599
CA1120Nectar= 87.9589688032866
IPollenTrips= 14.2875620117411
INectarTrips= 11.3985840161331
IPollenLoad= 9.56409840611741
INectarLoad= 0.229626183863729
