ICQueenStrength= 2.96494037634693
RQWkrDrnRatio= 4.60740700270981
ICDroneMiteSurvivorship= 8.38711336255074
ICWorkerMiteSurvivorship= 37.2066022595391
ICForagerLifespan= 12.6597210280597
ImmType= Exponential
RQQueenStrength= 4.59968400211073
RQEnableReQueen= true
AIAdultSlope= 7.21107158996165
AIAdultLD50= 5.17410537737655
AIAdultSlopeContact= 5.81022459850647
AIAdultLD50Contact= 96.2392518353926
AILarvaSlope= 6.42232198826969
AILarvaLD50= 32.7405360063701
AIKOW= 66134.3461939108
AIKOC= 89334.7786675089
AIHalfLife= 34.1203420278151
EAppRate= 9.07193354595709
FoliarEnabled= true
FoliarAppDate= 06/07/1989
FoliarForageBegin= 06/05/1989
FoliarForageEnd= 06/28/1989
AIContactFactor= 0.890187127091922
CL4Pollen= 3.67472727783024
CL4Nectar= 94.6372771635652
CL5Pollen= 2.38237077975646
CL5Nectar= 21.768287953455
CLDPollen= 0.172191054560244
CLDNectar= 28.5591738531366
CA13Pollen= 2.47790969144553
CA13Nectar= 55.1667645014822
CA410Pollen= 7.61147198437247
CA410Nectar= 85.9644575510174
CA1120Pollen= 0.47847834834829
CA1120Nectar= 44.1270450688899
IPollenTrips= 12.6223851810209
INectarTrips= 6.30790507420897
IPollenLoad= 4.55809653736651
INectarLoad= 8.70598945999518
