ICQueenStrength= 2.87344755395316
RQWkrDrnRatio= 4.46689956262708
ICDroneMiteSurvivorship= 60.047884657979
ICWorkerMiteSurvivorship= 70.9698528517038
ICForagerLifespan= 15.3763718055561
ImmType= Cosine
RQQueenStrength= 4.98476099013351
RQEnableReQueen= true
AIAdultSlope= 7.77152631059289
AIAdultLD50= 57.8799231587015
AIAdultSlopeContact= 4.22682005329989
AIAdultLD50Contact= 70.0813990568221
AILarvaSlope= 5.92776499129832
AILarvaLD50= 75.7480896827842
AIKOW= 21017.1060457123
AIKOC= 7929.44297191175
AIHalfLife= 17.5981061200146
EAppRate= 6.99174858475127
FoliarEnabled= true
FoliarAppDate= 06/07/1989
FoliarForageBegin= 06/05/1989
FoliarForageEnd= 06/28/1989
AIContactFactor= 1.14905820470769
CL4Pollen= 1.61140274722129
CL4Nectar= 45.1404981315136
CL5Pollen= 3.49909681314602
CL5Nectar= 105.135869700462
CLDPollen= 1.04777583433315
CLDNectar= 102.423462469596
CA13Pollen= 4.60799042163417
CA13Nectar= 20.4005125537515
CA410Pollen= 3.86686586956494
CA410Nectar= 92.1060110256076
CA1120Pollen= 0.126530917128548
CA1120Nectar= 35.8537089452147
IPollenTrips= 9.33007856598124
INectarTrips= 6.78137118229643
IPollenLoad= 7.78403291013092
INectarLoad= 4.02215656358749
