ICQueenStrength= 3.23216980928555
RQWkrDrnRatio= 1.6080631474033
ICDroneMiteSurvivorship= 82.2751858038828
ICWorkerMiteSurvivorship= 48.781593516469
ICForagerLifespan= 8.762465425767
ImmType= Sine
RQQueenStrength= 4.78603567718528
RQEnableReQueen= true
AIAdultSlope= 5.48806253634393
AIAdultLD50= 82.7233968609653
AIAdultSlopeContact= 6.6703353819903
AIAdultLD50Contact= 13.9005894489831
AILarvaSlope= 7.26089477911592
AILarvaLD50= 33.3792566712368
AIKOW= 89248.4475667023
AIKOC= 44162.9441471933
AIHalfLife= 13.0911466556368
EAppRate= 0.718027375541627
FoliarEnabled= true
FoliarAppDate= 06/07/1989
FoliarForageBegin= 06/05/1989
FoliarForageEnd= 06/28/1989
AIContactFactor= 0.461357735600322
CL4Pollen= 1.95213339850307
CL4Nectar= 74.7562994947657
CL5Pollen= 2.68109378451481
CL5Nectar= 87.9274993319996
CLDPollen= 0.809996581636369
CLDNectar= 14.1437953803688
CA13Pollen= 7.37381266178563
CA13Nectar= 25.6190009228885
CA410Pollen= 9.28896380974911
CA410Nectar= 137.736815204844
CA1120Pollen= 2.40976773295552
CA1120Nectar= 59.4518540427089
IPollenTrips= 5.70447677047923
INectarTrips= 9.66198467649519
IPollenLoad= 8.71498945169151
INectarLoad= 3.20598976919428
