ICQueenStrength= 3.43800776312128
RQWkrDrnRatio= 2.11313274037093
ICDroneMiteSurvivorship= 94.1810528514907
ICWorkerMiteSurvivorship= 77.7062707580626
ICForagerLifespan= 5.95245127752423
ImmType= Tangent
RQQueenStrength= 1.09061040706001
RQEnableReQueen= true
AIAdultSlope= 5.94317308999598
AIAdultLD50= 74.4243536322918
AIAdultSlopeContact= 8.27730188239366
AIAdultLD50Contact= 3.62497240242315
AILarvaSlope= 6.98282094299793
AILarvaLD50= 29.5506024520944
AIKOW= 99879.7046606584
AIKOC= 95557.010366316
AIHalfLife= 3.55063203219324
EAppRate= 9.34832083342201
FoliarEnabled= true
FoliarAppDate= 06/07/1989
FoliarForageBegin= 06/05/1989
FoliarForageEnd= 06/28/1989
AIContactFactor= 0.561022248631343
CL4Pollen= 0.0455908151343465
CL4Nectar= 29.9878668040037
CL5Pollen= 3.82181915687397
CL5Nectar= 81.8748392863199
CLDPollen= 1.49436172563583
CLDNectar= 123.058802867308
CA13Pollen= 4.12403557663783
CA13Nectar= 98.2390601187944
CA410Pollen= 8.12084653356578
CA410Nectar= 109.633196014911
CA1120Pollen= 2.61041529569775
CA1120Nectar= 32.4468084424734
IPollenTrips= 9.11523840855807
INectarTrips= 6.81093064369634
IPollenLoad= 3.90751269180328
INectarLoad= 4.31420292006806
ESoilP= 1.74418733408675
ESoilFoc= 0.0118188619660214
