ICQueenStrength= 4.34236450609751
RQWkrDrnRatio= 1.42462548427284
ICDroneMiteSurvivorship= 8.1900421762839
ICWorkerMiteSurvivorship= 99.7758331010118
ICForagerLifespan= 4.7928280858323
ImmType= Exponential
RQQueenStrength= 3.94629673124291
RQEnableReQueen= true
AIAdultSlope= 6.91979763843119
AIAdultLD50= 83.0620207562912
AIAdultSlopeContact= 7.69591415207833
AIAdultLD50Contact= 18.1494157041847
AILarvaSlope= 8.40446671098471
AILarvaLD50= 8.14125501609151
AIKOW= 43747.1460458867
AIKOC= 39244.0903169443
AIHalfLife= 5.08410709742457
EAppRate= 4.04340221433155
FoliarEnabled= true
FoliarAppDate= 06/07/1989
FoliarForageBegin= 06/05/1989
FoliarForageEnd= 06/28/1989
AIContactFactor= 1.3395516356267
CL4Pollen= 0.684718660078943
CL4Nectar= 50.4501754418015
CL5Pollen= 2.51594702107832
CL5Nectar= 78.8039748673327
CLDPollen= 3.24383356282488
CLDNectar= 25.8538547437638
CA13Pollen= 3.14962800340727
CA13Nectar= 26.8722862564027
CA410Pollen= 8.93962591635063
CA410Nectar= 41.7922361614183
CA1120Pollen= 1.58279652963392
CA1120Nectar= 91.0437263734639
IPollenTrips= 9.52399345347658
INectarTrips= 14.1569387144409
IPollenLoad= 6.85607196763158
INectarLoad= 4.07597364392132
ESoilP= 1.26048397109844
ESoilFoc= 0.0142587815718725
