ICQueenStrength= 1.85282449726947
RQWkrDrnRatio= 3.98324069473892
ICDroneMiteSurvivorship= 39.7733605699614
ICWorkerMiteSurvivorship= 80.4962772643194
ICForagerLifespan= 15.2754143076017
ImmType= Cosine
RQQueenStrength= 3.47401248198003
RQEnableReQueen= true
AIAdultSlope= 2.54680815525353
AIAdultLD50= 19.6379930610843
AIAdultSlopeContact= 7.60567682469264
AIAdultLD50Contact= 93.3837078675686
AILarvaSlope= 4.00666554644704
AILarvaLD50= 10.1866788676346
AIKOW= 65397.4684564573
AIKOC= 86487.695075311
AIHalfLife= 19.7379385648295
EAppRate= 8.16559084959468
FoliarEnabled= true
FoliarAppDate= 06/07/1989
FoliarForageBegin= 06/05/1989
FoliarForageEnd= 06/28/1989
AIContactFactor= 1.71535726240836
CL4Pollen= 1.35526467021555
CL4Nectar= 70.5690241185948
CL5Pollen= 3.79794543189928
CL5Nectar= 99.2594183189794
CLDPollen= 5.01690094918013
CLDNectar= 110.85014588898
CA13Pollen= 2.8914733722806
CA13Nectar= 91.7434800416231
CA410Pollen= 7.58324096805882
CA410Nectar= 103.958512828685
CA1120Pollen= 0.868962548905984
CA1120Nectar= 71.814586147666
IPollenTrips= 5.56480932282284
INectarTrips= 11.0273939021863
IPollenLoad= 9.14565148530528
INectarLoad= 8.6764327972196
