ICQueenStrength= 3.75316760642454
RQWkrDrnRatio= 2.11421535164118
ICDroneMiteSurvivorship= 85.8776439679787
ICWorkerMiteSurvivorship= 85.6253082631156
ICForagerLifespan= 4.55229921266437
ImmType= Sine
RQQueenStrength= 5.76660769199952
RQEnableReQueen= true
AIAdultSlope= 6.55536550097167
AIAdultLD50= 72.7942795465889
AIAdultSlopeContact= 6.82906752242707
AIAdultLD50Contact= 98.9920431496226
AILarvaSlope= 5.04153461195529
AILarvaLD50= 5.12517308433005
AIKOW= 84184.4856489246
AIKOC= 21204.5459013495
AIHalfLife= 4.47952478842344
EAppRate= 7.18114404717786
FoliarEnabled= true
FoliarAppDate= 06/07/1989
FoliarForageBegin= 06/05/1989
FoliarForageEnd= 06/28/1989
AIContactFactor= 1.86589358958881
CL4Pollen= 3.28341990243644
CL4Nectar= 22.9316225508228
CL5Pollen= 4.1711973217316
CL5Nectar= 115.509854396805
CLDPollen= 2.30736494343728
CLDNectar= 88.6829314520583
CA13Pollen= 5.83958562817424
CA13Nectar= 88.7105715088546
CA410Pollen= 6.81899452339858
CA410Nectar= 172.718853172846
CA1120Pollen= 2.91754919383675
CA1120Nectar= 96.2234604544938
IPollenTrips= 7.18792719533667
INectarTrips= 11.7987878108397
IPollenLoad= 6.30332555389032
INectarLoad= 0.814239385072142
ESoilP= 1.1258542323485
ESoilFoc= 0.00563648286811076
