ICQueenStrength= 1.39412077749148
RQWkrDrnRatio= 3.07566101849079
ICDroneMiteSurvivorship= 12.3520700493827
ICWorkerMiteSurvivorship= 93.5084322234616
ICForagerLifespan= 15.66443270538
ImmType= Tangent
RQQueenStrength= 4.63852482987568
RQEnableReQueen= true
AIAdultSlope= 7.41519680060446
AIAdultLD50= 17.8458423655219
AIAdultSlopeContact= 7.88074863492511
AIAdultLD50Contact= 92.9835426056674
AILarvaSlope= 6.73625616915524
AILarvaLD50= 42.7850774225749
AIKOW= 8735.34758525753
AIKOC= 2858.79395081499
AIHalfLife= 21.8185815809527
EAppRate= 2.51297700532898
FoliarEnabled= true
FoliarAppDate= 06/07/1989
FoliarForageBegin= 06/05/1989
FoliarForageEnd= 06/28/1989
AIContactFactor= 1.46479643757455
CL4Pollen= 0.212563330307603
CL4Nectar= 93.1234181625769
CL5Pollen= 5.70329821296036
CL5Nectar= 146.318516519386
CLDPollen= 0.125000481493771
CLDNectar= 126.614154700655
CA13Pollen= 6.10407356107607
CA13Nectar= 87.8494239784777
CA410Pollen= 8.07103425329551
CA410Nectar= 90.3849730780348
CA1120Pollen= 2.22648015199229
CA1120Nectar= 33.5658319294453
IPollenTrips= 8.1264048605226
INectarTrips= 13.129745463375
IPollenLoad= 1.79869909072295
INectarLoad= 9.66675463365391
