ICQueenStrength= 3.01799675938673
RQWkrDrnRatio= 1.16827636491507
ICDroneMiteSurvivorship= 25.6812768289819
ICWorkerMiteSurvivorship= 27.3634289391339
ICForagerLifespan= 11.4370743623003
ImmType= Cosine
RQQueenStrength= 3.94662520638667
RQEnableReQueen= true
AIAdultSlope= 2.92995097674429
AIAdultLD50= 72.9135433831455
AIAdultSlopeContact= 4.71391230542213
AIAdultLD50Contact= 25.0244718526062
AILarvaSlope= 5.02655297704041
AILarvaLD50= 73.8607184693264
AIKOW= 47163.3216350299
AIKOC= 31769.0564147239
AIHalfLife= 2.90401166647207
EAppRate= 4.84982306262758
FoliarEnabled= true
FoliarAppDate= 06/07/1989
FoliarForageBegin= 06/05/1989
FoliarForageEnd= 06/28/1989
AIContactFactor= 1.56613691869192
CL4Pollen= 3.80414842627943
CL4Nectar= 23.2805531471968
CL5Pollen= 2.82323757279664
CL5Nectar= 122.172625735402
CLDPollen= 0.324082836974412
CLDNectar= 88.6330606997944
CA13Pollen= 4.11931307828054
CA13Nectar= 73.2739793881774
CA410Pollen= 2.47635918331798
CA410Nectar= 33.1503028422594
CA1120Pollen= 1.79357350990176
CA1120Nectar= 71.552920024842
IPollenTrips= 9.09134044544771
INectarTrips= 6.56499096890911
IPollenLoad= 6.03209184017032
INectarLoad= 8.04256400326267
ESoilP= 1.72295966255479
ESoilFoc= 0.0162502985242754
