ICQueenStrength= 4.3675166440662
RQWkrDrnRatio= 1.01708602532744
ICDroneMiteSurvivorship= 63.0409656791016
ICWorkerMiteSurvivorship= 29.3823861749843
ICForagerLifespan= 10.2332161851227
ImmType= Cosine
RQQueenStrength= 3.14969532447867
RQEnableReQueen= true
AIAdultSlope= 3.56673843413591
AIAdultLD50= 50.2197323058727
AIAdultSlopeContact= 7.71655875444412
AIAdultLD50Contact= 23.0299917677743
AILarvaSlope= 1.0208453759551
AILarvaLD50= 31.4500674201706
AIKOW= 77968.5071582103
AIKOC= 79326.2405647165
AIHalfLife= 31.9729199656285
EAppRate= 7.70770656666625
FoliarEnabled= true
FoliarAppDate= 06/07/1989
FoliarForageBegin= 06/05/1989
FoliarForageEnd= 06/28/1989
AIContactFactor= 0.945030078548007
CL4Pollen= 0.961162491701543
CL4Nectar= 5.02055387478322
CL5Pollen= 2.36123428540304
CL5Nectar= 99.220330780372
CLDPollen= 5.61788369854912
CLDNectar= 132.142499391921
CA13Pollen= 6.6564088745974
CA13Nectar= 33.6503812670708
CA410Pollen= 3.12433677583467
CA410Nectar= 139.165481473319
CA1120Pollen= 2.77257320377976
CA1120Nectar= 20.4937010444701
IPollenTrips= 7.23858820972964
INectarTrips= 5.08681760402396
IPollenLoad= 6.04476680746302
INectarLoad= 9.4109980808571
