ICQueenStrength= 3.04680393449962
RQWkrDrnRatio= 4.90050497092307
ICDroneMiteSurvivorship= 39.0238131629303
ICWorkerMiteSurvivorship= 34.4294796697795
ICForagerLifespan= 5.13669279124588
ImmType= Exponential
RQQueenStrength= 3.52716093091294
RQEnableReQueen= true
AIAdultSlope= 3.79596826992929
AIAdultLD50= 68.412545901814
AIAdultSlopeContact= 9.67616412951611
AIAdultLD50Contact= 19.8462198286017
AILarvaSlope= 7.05693599581718
AILarvaLD50= 73.1376066670162
AIKOW= 41482.4823693104
AIKOC= 60479.2211487659
AIHalfLife= 20.6705103372457
EAppRate= 6.69814418258681
FoliarEnabled= true
FoliarAppDate= 06/07/1989
FoliarForageBegin= 06/05/1989
FoliarForageEnd= 06/28/1989
AIContactFactor= 2.23742850717623
CL4Pollen= 1.0644355667755
CL4Nectar= 47.5676305126399
CL5Pollen= 0.585132766049355
CL5Nectar= 4.60018574958667
CLDPollen= 3.71984541602433
CLDNectar= 95.2607463346794
CA13Pollen= 6.37936790734529
CA13Nectar= 96.3762430846691
CA410Pollen= 3.37399627864361
CA410Nectar= 176.626185127534
CA1120Pollen= 2.32346036913805
CA1120Nectar= 86.3538254238665
IPollenTrips= 8.13429217785597
INectarTrips= 14.7823667363264
IPollenLoad= 8.86428218334913
INectarLoad= 0.630821050144732
ESoilP= 1.32270590960979
ESoilFoc= 0.00310117214894854
