ICQueenStrength= 4.51670118747279
RQWkrDrnRatio= 3.28184899780899
ICDroneMiteSurvivorship= 3.52945951744914
ICWorkerMiteSurvivorship= 53.7410983815789
ICForagerLifespan= 12.4683785401285
ImmType= Tangent
RQQueenStrength= 5.39469878911041
RQEnableReQueen= true
AIAdultSlope= 5.15063956752419
AIAdultLD50= 29.0108072322567
AIAdultSlopeContact= 4.76756477961317
AIAdultLD50Contact= 47.8258119865137
AILarvaSlope= 6.66389741748571
AILarvaLD50= 19.6360868025352
AIKOW= 28657.2693478019
AIKOC= 93535.8929061475
AIHalfLife= 30.0597962911474
EAppRate= 9.67841749369353
FoliarEnabled= true
FoliarAppDate= 06/07/1989
FoliarForageBegin= 06/05/1989
FoliarForageEnd= 06/28/1989
AIContactFactor= 2.3098476177454
CL4Pollen= 0.670758031308651
CL4Nectar= 95.5802304670215
CL5Pollen= 3.5799560607411
CL5Nectar= 25.5247152526863
CLDPollen= 4.5804721461609
CLDNectar= 113.654817128554
CA13Pollen= 5.32480983091518
CA13Nectar= 72.8472130745649
CA410Pollen= 4.39279938384425
CA410Nectar= 155.732280528173
CA1120Pollen= 2.07079564919695
CA1120Nectar= 78.3889714628458
IPollenTrips= 8.46909677842632
INectarTrips= 12.6162000955082
IPollenLoad= 4.9385401327163
INectarLoad= 1.46949235582724
