ICQueenStrength= 1.65714351832867
RQWkrDrnRatio= 2.70476818457246
ICDroneMiteSurvivorship= 13.6180370347574
ICWorkerMiteSurvivorship= 61.2019460648298
ICForagerLifespan= 11.539430886507
ImmType= Sine
RQQueenStrength= 2.1276147433091
RQEnableReQueen= true
AIAdultSlope= 5.51367854140699
AIAdultLD50= 19.8579912324175
AIAdultSlopeContact= 5.3308378404472
AIAdultLD50Contact= 99.923919925384
AILarvaSlope= 6.28048836998641
AILarvaLD50= 48.1873332195326
AIKOW= 81215.1404488917
AIKOC= 98272.3475440522
AIHalfLife= 10.4948581043165
EAppRate= 6.97891839417559
FoliarEnabled= true
FoliarAppDate= 06/07/1989
FoliarForageBegin= 06/05/1989
FoliarForageEnd= 06/28/1989
AIContactFactor= 0.510466269995086
CL4Pollen= 2.1658981628716
CL4Nectar= 85.795153467916
CL5Pollen= 0.270706309005618
CL5Nectar= 94.1003196523525
CLDPollen= 4.59513884363696
CLDNectar= 66.4780608960427
CA13Pollen= 7.29406756050885
CA13Nectar= 20.2785480767488
CA410Pollen= 8.49601782967802
CA410Nectar= 92.2137450519949
CA1120Pollen= 1.22732423781417
CA1120Nectar= 97.5724346190691
IPollenTrips= 8.36056516971439
INectarTrips= 6.0055644530803
IPollenLoad= 2.34755178214982
INectarLoad= 3.68371026357636
