ICQueenStrength= 2.74213810358196
RQWkrDrnRatio= 4.69656854309142
ICDroneMiteSurvivorship= 40.5420014634728
ICWorkerMiteSurvivorship= 72.6268627215177
ICForagerLifespan= 4.12368862424046
ImmType= Polynomial
RQQueenStrength= 2.87972999876365
RQEnableReQueen= true
AIAdultSlope= 2.51760178431869
AIAdultLD50= 76.9046603346255
AIAdultSlopeContact= 9.27141278143972
AIAdultLD50Contact= 7.25619568393985
AILarvaSlope= 6.57917012088001
AILarvaLD50= 16.3288989994584
AIKOW= 73405.8460737819
AIKOC= 35484.3785875826
AIHalfLife= 26.2394180373987
EAppRate= 3.17306823286018
FoliarEnabled= true
FoliarAppDate= 06/07/1989
FoliarForageBegin= 06/05/1989
FoliarForageEnd= 06/28/1989
AIContactFactor= 1.90293644305319
CL4Pollen= 0.234142756089568
CL4Nectar= 59.11349800881
CL5Pollen= 3.36126181483269
CL5Nectar= 103.881219145842
CLDPollen= 4.24093919014558
CLDNectar= 96.5564738376997
CA13Pollen= 5.67003689734265
CA13Nectar= 78.3849945478141
CA410Pollen= 4.89693201382179
CA410Nectar= 33.5735424747691
CA1120Pollen= 0.738191273063421
CA1120Nectar= 91.1121244728565
IPollenTrips= 11.9082978088409
INectarTrips= 14.5684872707352
IPollenLoad= 7.08000389160588
INectarLoad= 9.24965471727774
