ICQueenStrength= 1.45271552517079
RQWkrDrnRatio= 2.77384093776345
ICDroneMiteSurvivorship= 4.54250420443714
ICWorkerMiteSurvivorship= 78.8169766077772
ICForagerLifespan= 9.32940260693431
ImmType= Exponential
RQQueenStrength= 2.69326244387776
RQEnableReQueen= true
AIAdultSlope= 8.70307522639632
AIAdultLD50= 57.2727091474272
AIAdultSlopeContact= 3.41698511946015
AIAdultLD50Contact= 82.1352292070482
AILarvaSlope= 3.45508866012096
AILarvaLD50= 44.8958035630367
AIKOW= 42.2927624342614
AIKOC= 54889.1323191088
AIHalfLife= 23.2810202958761
EAppRate= 5.49602354332386
FoliarEnabled= true
FoliarAppDate= 06/07/1989
FoliarForageBegin= 06/05/1989
FoliarForageEnd= 06/28/1989
AIContactFactor= 1.82951838932
CL4Pollen= 3.2374238492921
CL4Nectar= 96.2002410320565
CL5Pollen= 5.5259622358717
CL5Nectar= 125.679002946708
CLDPollen= 0.277568670921028
CLDNectar= 7.06497818464413
CA13Pollen= 5.90355044864118
CA13Nectar= 96.1588882282376
CA410Pollen= 8.5895140980836
CA410Nectar= 162.741322256625
CA1120Pollen= 2.01991687249392
CA1120Nectar= 61.5028961002827
IPollenTrips= 9.81578591512516
INectarTrips= 13.6502456478775
IPollenLoad= 2.69115886418149
INectarLoad= 3.75046531204134
