ICQueenStrength= 3.60382710397243
RQWkrDrnRatio= 3.86868681944907
ICDroneMiteSurvivorship= 41.7545360513031
ICWorkerMiteSurvivorship= 78.3784043742344
ICForagerLifespan= 8.06232812162489
ImmType= Exponential
RQQueenStrength= 2.86538852192461
RQEnableReQueen=true
AIAdultSlope= 2.74690889380872
AIAdultLD50= 0.470160232018214
AIAdultSlopeContact= 1.57357337628491
AIAdultLD50Contact= 11.6749054221115
AILarvaSlope= 7.59573727846146
AILarvaLD50= 30.4080505579149
AIKOW= 21192.7783087472
AIKOC= 37163.9791907584
AIHalfLife= 34.980200091959
EAppRate= 1.12896837529656
FoliarEnabled=true
FoliarAppDate= 07/01/1989
FoliarForageBegin= 07/01/1989
FoliarForageEnd= 07/14/1989
AIContactFactor= 2.30944144065958
CL4Pollen= 0.897553004324436
CL4Nectar= 48.6441837390885
CL5Pollen= 5.22904414404184
CL5Nectar= 121.679220080841
CLDPollen= 5.38799447380006
CLDNectar= 117.596679017879
CA13Pollen= 4.48792956611141
CA13Nectar= 49.6786564774811
CA410Pollen= 5.08665639630053
CA410Nectar= 94.495508223772
CA1120Pollen= 0.0245470767840743
CA1120Nectar= 83.218304477632
IPollenTrips= 8.17349408287555
INectarTrips= 11.7407864681445
IPollenLoad= 1.88395219156519
INectarLoad= 0.580899268388748
