ICQueenStrength= 2.22743284422904
RQWkrDrnRatio= 2.13937781471759
ICDroneMiteSurvivorship= 97.0625348621979
ICWorkerMiteSurvivorship= 60.1647167932242
ICForagerLifespan= 6.3390126908198
ImmType= Logarithmic
RQQueenStrength= 2.70138620492071
RQEnableReQueen=true
AIAdultSlope= 2.84013934247196
AIAdultLD50= 0.160214558120351
AIAdultSlopeContact= 9.31031740596518
AIAdultLD50Contact= 33.8798917982313
AILarvaSlope= 1.55778425745666
AILarvaLD50= 73.6025687242807
AIKOW= 17631.3499168189
AIKOC= 93347.0970119501
AIHalfLife= 21.2370173664065
EAppRate= 7.77446568834223
FoliarEnabled=true
FoliarAppDate= 07/01/1989
FoliarForageBegin= 07/01/1989
FoliarForageEnd= 07/14/1989
AIContactFactor= 1.08291475196369
CL4Pollen= 3.73978731036186
CL4Nectar= 83.6162749445066
CL5Pollen= 1.01207437226549
CL5Nectar= 49.6510494151153
CLDPollen= 2.19800025969744
CLDNectar= 52.2020404692739
CA13Pollen= 4.55880042240024
CA13Nectar= 25.825196094811
CA410Pollen= 6.71849029851146
CA410Nectar= 87.521847053431
CA1120Pollen= 2.65422117942944
CA1120Nectar= 65.3423087485135
IPollenTrips= 12.2781400498934
INectarTrips= 11.124472997617
IPollenLoad= 6.96274314075708
INectarLoad= 1.71591609716415
