ICQueenStrength= 4.45940955565311
RQWkrDrnRatio= 4.91667743213475
ICDroneMiteSurvivorship= 98.7015517428517
ICWorkerMiteSurvivorship= 7.11036492139101
ICForagerLifespan= 7.22232561465353
ImmType= Exponential
RQQueenStrength= 5.92377093760297
RQEnableReQueen= true
AIAdultSlope= 3.9930647816509
AIAdultLD50= 93.4633736379379
AIAdultSlopeContact= 6.85700018960051
AIAdultLD50Contact= 99.5418284736839
AILarvaSlope= 2.27758360095322
AILarvaLD50= 72.3128726857144
AIKOW= 64977.6089568632
AIKOC= 34691.8684874987
AIHalfLife= 25.9056270122062
EAppRate= 9.82223175664316
FoliarEnabled= true
FoliarAppDate= 06/07/1989
FoliarForageBegin= 06/05/1989
FoliarForageEnd= 06/28/1989
AIContactFactor= 1.53136084622238
CL4Pollen= 1.45238055568188
CL4Nectar= 69.2133156349882
CL5Pollen= 1.97467768052593
CL5Nectar= 106.930016772822
CLDPollen= 0.250358477700502
CLDNectar= 43.7426996883005
CA13Pollen= 4.72973664738238
CA13Nectar= 83.8070482388139
CA410Pollen= 4.65824669732247
CA410Nectar= 140.143947801553
CA1120Pollen= 2.99219774804078
CA1120Nectar= 91.4145697280765
IPollenTrips= 13.5798075259663
INectarTrips= 6.77011392777786
IPollenLoad= 4.27280799252912
INectarLoad= 1.83813314884901
