ICQueenStrength= 4.98378439364024
RQWkrDrnRatio= 2.79154963139445
ICDroneMiteSurvivorship= 11.6045572794974
ICWorkerMiteSurvivorship= 45.4382748808712
ICForagerLifespan= 7.54388205520809
ImmType= Sine
RQQueenStrength= 5.91008489159867
RQEnableReQueen= true
AIAdultSlope= 5.96086203865707
AIAdultLD50= 8.95348986539501
AIAdultSlopeContact= 3.19643354718573
AIAdultLD50Contact= 21.4112353500663
AILarvaSlope= 7.40633331425488
AILarvaLD50= 78.4052705149734
AIKOW= 85989.0490578623
AIKOC= 86926.5807104991
AIHalfLife= 10.0068124955986
EAppRate= 4.97954127058713
FoliarEnabled= true
FoliarAppDate= 06/07/1989
FoliarForageBegin= 06/05/1989
FoliarForageEnd= 06/28/1989
AIContactFactor= 1.85322130198125
CL4Pollen= 2.98956770449877
CL4Nectar= 49.9230335466564
CL5Pollen= 3.73809985164553
CL5Nectar= 124.195276200771
CLDPollen= 0.230268519837409
CLDNectar= 126.394594239537
CA13Pollen= 6.13185529811308
CA13Nectar= 71.4692777581513
CA410Pollen= 3.92369601025712
CA410Nectar= 31.519893174991
CA1120Pollen= 1.35720466333441
CA1120Nectar= 24.2444085329771
IPollenTrips= 10.8900860650465
INectarTrips= 14.8593345307745
IPollenLoad= 2.48633317649364
INectarLoad= 3.12844207976013
