ICQueenStrength= 1.16669119941071
RQWkrDrnRatio= 1.3327116696164
ICDroneMiteSurvivorship= 83.0910263583064
ICWorkerMiteSurvivorship= 15.0409736437723
ICForagerLifespan= 15.733956948854
ImmType= Logarithmic
RQQueenStrength= 3.25073587265797
RQEnableReQueen= true
AIAdultSlope= 3.2435002066195
AIAdultLD50= 23.5031606739124
AIAdultSlopeContact= 3.38113186392002
AIAdultLD50Contact= 62.3406045313212
AILarvaSlope= 7.95871818810701
AILarvaLD50= 12.4865203660254
AIKOW= 50970.6332948885
AIKOC= 89076.4347902138
AIHalfLife= 2.68143918300048
EAppRate= 8.12154540810524
FoliarEnabled= true
FoliarAppDate= 06/07/1989
FoliarForageBegin= 06/05/1989
FoliarForageEnd= 06/28/1989
AIContactFactor= 0.316419079187326
CL4Pollen= 2.99405473656952
CL4Nectar= 77.3331915261224
CL5Pollen= 0.009649399202317
CL5Nectar= 32.7735273633152
CLDPollen= 4.90318644884974
CLDNectar= 17.898224433884
CA13Pollen= 3.14898316822946
CA13Nectar= 95.5684963427484
CA410Pollen= 2.55573545645457
CA410Nectar= 75.0229395832866
CA1120Pollen= 1.83024481893517
CA1120Nectar= 80.0325198844075
IPollenTrips= 6.44047196954489
INectarTrips= 13.7835986120626
IPollenLoad= 1.10864927759394
INectarLoad= 5.051713520661
ESoilP= 1.28539010277018
ESoilFoc= 0.0108243869883008
