ICQueenStrength= 1.96167788025923
RQWkrDrnRatio= 4.57026541698724
ICDroneMiteSurvivorship= 36.957494309172
ICWorkerMiteSurvivorship= 94.5214240346104
ICForagerLifespan= 5.53362886887044
ImmType= Cosine
RQQueenStrength= 3.19525351887569
RQEnableReQueen= true
AIAdultSlope= 7.45867708511651
AIAdultLD50= 54.7377303985686
AIAdultSlopeContact= 9.55651342775673
AIAdultLD50Contact= 97.9027046307575
AILarvaSlope= 6.13101688027382
AILarvaLD50= 8.15137124341354
AIKOW= 40494.3987162466
AIKOC= 99958.3946277748
AIHalfLife= 31.3321833459195
EAppRate= 6.29111063786852
FoliarEnabled= true
FoliarAppDate= 06/07/1989
FoliarForageBegin= 06/05/1989
FoliarForageEnd= 06/28/1989
AIContactFactor= 1.05780932543799
CL4Pollen= 3.7412812365219
CL4Nectar= 23.788468260318
CL5Pollen= 4.06675737909973
CL5Nectar= 0.199898506980389
CLDPollen= 0.358045079279691
CLDNectar= 60.3656128398143
CA13Pollen= 3.38052231753245
CA13Nectar= 79.5744894631207
CA410Pollen= 7.55548075009137
CA410Nectar= 167.693948447704
CA1120Pollen= 1.25229282933287
CA1120Nectar= 94.8370632342994
IPollenTrips= 5.87040790589526
INectarTrips= 13.78988168668
IPollenLoad= 6.12079926999286
INectarLoad= 4.23414823133498
ESoilP= 1.723896487616
ESoilFoc= 0.0186860933071002
