ICQueenStrength= 3.20422511920333
RQWkrDrnRatio= 2.69200459867716
ICDroneMiteSurvivorship= 53.265940467827
ICWorkerMiteSurvivorship= 78.8055712589994
ICForagerLifespan= 12.2631396530196
ImmType= Sine
RQQueenStrength= 1.25356047204696
RQEnableReQueen= true
AIAdultSlope= 6.94201308116317
AIAdultLD50= 98.5497176856208
AIAdultSlopeContact= 1.30370469321497
AIAdultLD50Contact= 95.2387495190361
AILarvaSlope= 8.05390913039446
AILarvaLD50= 40.4617249441831
AIKOW= 42950.2358433533
AIKOC= 49991.8982044552
AIHalfLife= 4.78334668320604
EAppRate= 3.40902904131915
FoliarEnabled= true
FoliarAppDate= 06/07/1989
FoliarForageBegin= 06/05/1989
FoliarForageEnd= 06/28/1989
AIContactFactor= 0.554625340322964
CL4Pollen= 2.18052573781461
CL4Nectar= 44.7669361485168
CL5Pollen= 1.81396712735295
CL5Nectar= 15.2925797388889
CLDPollen= 0.526202748063952
CLDNectar= 19.3698208895512
CA13Pollen= 3.86464536497369
CA13Nectar= 88.9228902757168
CA410Pollen= 2.56980138542131
CA410Nectar= 134.621202494018
CA1120Pollen= 1.81200968753546
CA1120Nectar= 42.180402893573
IPollenTrips= 10.7266116770916
INectarTrips= 12.7243258547969
IPollenLoad= 6.51006189873442
INectarLoad= 5.32821463420987
ESoilP= 1.13897739700042
ESoilFoc= 0.0013647580887191
