ICQueenStrength= 2.61147843347862
RQWkrDrnRatio= 2.86938141472638
ICDroneMiteSurvivorship= 90.8047222765163
ICWorkerMiteSurvivorship= 96.2734559318051
ICForagerLifespan= 12.7317504044622
ImmType= Logarithmic
RQQueenStrength= 1.53602683125064
RQEnableReQueen= true
AIAdultSlope= 5.54496841318905
AIAdultLD50= 6.54245850420161
AIAdultSlopeContact= 6.05127816554159
AIAdultLD50Contact= 15.7859425997348
AILarvaSlope= 1.04618827626109
AILarvaLD50= 52.9962273353832
AIKOW= 38140.600190594
AIKOC= 56956.6940689459
AIHalfLife= 19.0759331218665
EAppRate= 8.41128551771771
FoliarEnabled= true
FoliarAppDate= 06/07/1989
FoliarForageBegin= 06/05/1989
FoliarForageEnd= 06/28/1989
AIContactFactor= 1.20459773072042
CL4Pollen= 2.73652046080679
CL4Nectar= 44.8648166609928
CL5Pollen= 3.26192574296147
CL5Nectar= 42.9008217877708
CLDPollen= 4.9225157937035
CLDNectar= 53.7755118333735
CA13Pollen= 3.90461399527267
CA13Nectar= 24.5387586764991
CA410Pollen= 8.80063462394755
CA410Nectar= 165.685848463327
CA1120Pollen= 2.63722720951773
CA1120Nectar= 44.3753105401993
IPollenTrips= 8.09486771468073
INectarTrips= 8.73529435601085
IPollenLoad= 6.74507442163303
INectarLoad= 7.00489745009691
