ICQueenStrength= 3.41149407927878
RQWkrDrnRatio= 3.02925625815988
ICDroneMiteSurvivorship= 11.6835016291589
ICWorkerMiteSurvivorship= 57.6614324934781
ICForagerLifespan= 8.33429083041847
ImmType= Sine
AIAdultSlope= 2.48591667957371
AIAdultLD50= 0.137990731745958
AIAdultSlopeContact= 3.56741868562996
AIAdultLD50Contact= 0.0437448539654724
AILarvaSlope= 2.82907934812829
AILarvaLD50= 0.544140516081825
AIKOW= 4.75023453310132
AIKOC= 5.49446695484221
AIHalfLife= 1.59775146343745
EAppRate= 2.56987075088546
FoliarEnabled= true
