ICQueenStrength= 2.92969544790685
RQWkrDrnRatio= 3.65902681462467
ICDroneMiteSurvivorship= 54.3328610481694
ICWorkerMiteSurvivorship= 15.7121232477948
ICForagerLifespan= 5.18076882511377
ImmType= Logarithmic
RQQueenStrength= 5.23652445198968
RQEnableReQueen= true
AIAdultSlope= 4.14062751084566
AIAdultLD50= 79.3816640646292
AIAdultSlopeContact= 1.96866920776665
AIAdultLD50Contact= 48.1057679193525
AILarvaSlope= 8.87610681541264
AILarvaLD50= 57.6115367442463
AIKOW= 27222.3179595963
AIKOC= 12866.5319856673
AIHalfLife= 0.712862512841821
EAppRate= 8.01261844095914
FoliarEnabled= true
FoliarAppDate= 06/07/1989
FoliarForageBegin= 06/05/1989
FoliarForageEnd= 06/28/1989
AIContactFactor= 1.35471006561536
CL4Pollen= 1.2740294309333
CL4Nectar= 10.4926546337083
CL5Pollen= 5.94765158370137
CL5Nectar= 15.9962500096299
CLDPollen= 5.1668245838955
CLDNectar= 108.728320884984
CA13Pollen= 8.18489516647533
CA13Nectar= 45.9101363644004
CA410Pollen= 2.59743595914915
CA410Nectar= 197.474547955208
CA1120Pollen= 1.37249899492599
CA1120Nectar= 43.9474021270871
IPollenTrips= 6.31795374676585
INectarTrips= 13.3867939212359
IPollenLoad= 0.336793740279973
INectarLoad= 0.138613753952086
ESoilP= 1.02056603110395
ESoilFoc= 0.00392244444438256
