ICQueenStrength= 2.89415733679198
RQWkrDrnRatio= 1.99938399344683
ICDroneMiteSurvivorship= 95.0402390910313
ICWorkerMiteSurvivorship= 29.7266203444451
ICForagerLifespan= 15.3104015085846
ImmType= Polynomial
RQQueenStrength= 3.62488165171817
RQEnableReQueen= true
AIAdultSlope= 8.93765955604613
AIAdultLD50= 88.1085409641694
AIAdultSlopeContact= 7.25875979964621
AIAdultLD50Contact= 28.2805532351106
AILarvaSlope= 4.02556832879782
AILarvaLD50= 38.5625727343829
AIKOW= 69835.3235972186
AIKOC= 54337.7569871992
AIHalfLife= 17.3489368225215
EAppRate= 1.62225459565176
FoliarEnabled= true
FoliarAppDate= 06/07/1989
FoliarForageBegin= 06/05/1989
FoliarForageEnd= 06/28/1989
AIContactFactor= 0.836515240883455
CL4Pollen= 3.95522988587618
CL4Nectar= 14.2315213335678
CL5Pollen= 2.00126749416813
CL5Nectar= 110.802547016647
CLDPollen= 1.50506685627624
CLDNectar= 86.7997372755781
CA13Pollen= 2.49446452856064
CA13Nectar= 69.0694426186383
CA410Pollen= 7.30273862672038
CA410Nectar= 54.8052230197936
CA1120Pollen= 1.23410700657405
CA1120Nectar= 48.1220244802535
IPollenTrips= 11.9042813172564
INectarTrips= 5.33475101925433
IPollenLoad= 8.19699484389275
INectarLoad= 8.72642992297187
