ICQueenStrength= 3.68572241533548
RQWkrDrnRatio= 1.51291652023792
ICDroneMiteSurvivorship= 96.4113378664479
ICWorkerMiteSurvivorship= 9.78077151812613
ICForagerLifespan= 14.951102453284
ImmType= Logarithmic
RQQueenStrength= 3.56355674471706
RQEnableReQueen= true
AIAdultSlope= 2.71936821192503
AIAdultLD50= 18.312689191282
AIAdultSlopeContact= 2.07313121994957
AIAdultLD50Contact= 40.562428848299
AILarvaSlope= 4.91170621663332
AILarvaLD50= 92.4495896070497
AIKOW= 69996.4760072568
AIKOC= 99247.0074075062
AIHalfLife= 32.5433356945403
EAppRate= 2.27320296130027
FoliarEnabled= true
FoliarAppDate= 06/07/1989
FoliarForageBegin= 06/05/1989
FoliarForageEnd= 06/28/1989
AIContactFactor= 1.24650485417806
CL4Pollen= 3.66178802866489
CL4Nectar= 26.5519183129072
CL5Pollen= 2.41202603979036
CL5Nectar= 87.0714393211529
CLDPollen= 0.183758761268109
CLDNectar= 49.6790674631484
CA13Pollen= 4.21078560343012
CA13Nectar= 51.9761111214757
CA410Pollen= 3.05897443215363
CA410Nectar= 150.798915447667
CA1120Pollen= 0.994383686687797
CA1120Nectar= 40.0992089137435
IPollenTrips= 13.0494700488634
INectarTrips= 9.73465989110991
IPollenLoad= 9.65978583553806
INectarLoad= 8.36125925648957
ESoilP= 1.29613494733348
ESoilFoc= 0.0180343449430075
