ICQueenStrength= 1.97931896219961
RQWkrDrnRatio= 2.76022501755506
ICDroneMiteSurvivorship= 36.9725579861552
ICWorkerMiteSurvivorship= 33.6129216011614
ICForagerLifespan= 12.49145562388
ImmType= Exponential
RQQueenStrength= 5.57347941584885
RQEnableReQueen= true
AIAdultSlope= 8.86771998926997
AIAdultLD50= 20.6673184518705
AIAdultSlopeContact= 3.57832322083414
AIAdultLD50Contact= 61.210724665632
AILarvaSlope= 6.41200581006706
AILarvaLD50= 59.2572756819855
AIKOW= 36763.0685120956
AIKOC= 58381.9863148853
AIHalfLife= 12.5756007344928
EAppRate= 9.38339817918627
FoliarEnabled= true
FoliarAppDate= 06/07/1989
FoliarForageBegin= 06/05/1989
FoliarForageEnd= 06/28/1989
AIContactFactor= 1.30858000888955
CL4Pollen= 1.55842410679907
CL4Nectar= 45.2145784627646
CL5Pollen= 0.994540742598474
CL5Nectar= 73.9416359108873
CLDPollen= 0.0438967673107982
CLDNectar= 129.603610339109
CA13Pollen= 2.89413964729756
CA13Nectar= 67.2149711661041
CA410Pollen= 4.09145743530244
CA410Nectar= 93.2033198326826
CA1120Pollen= 2.36262710974552
CA1120Nectar= 72.3474499955773
IPollenTrips= 10.5734247667715
INectarTrips= 10.7267816131935
IPollenLoad= 7.6344732940197
INectarLoad= 8.82041145581752
ESoilP= 1.79915534844622
ESoilFoc= 0.00371062105940655
