ICQueenStrength= 5.74823719006963
RQWkrDrnRatio= 2.30653286725283
ICDroneMiteSurvivorship= 21.8687780201435
ICWorkerMiteSurvivorship= 0.838524475693703
ICForagerLifespan= 10.7486241385341
ImmType= Tangent
RQQueenStrength= 3.53384210867807
RQEnableReQueen= true
AIAdultSlope= 6.34905887953937
AIAdultLD50= 0.0323449475716334
AIAdultSlopeContact= 9.77153575187549
AIAdultLD50Contact= 19.5950775639287
AILarvaSlope= 4.62072180397809
AILarvaLD50= 99.981089754076
AIKOW= 19447.7329256336
AIKOC= 78787.3096501511
AIHalfLife= 29.4344544671243
EAppRate= 1.47744859895483
FoliarEnabled= true
FoliarAppDate= 09/01/1989
FoliarForageBegin= 09/01/1989
FoliarForageEnd= 09/08/1989
AIContactFactor= 0.372001264519058
CL4Pollen= 1.46056123264134
CL4Nectar= 57.2005532914773
CL5Pollen= 2.51962058711797
CL5Nectar= 80.9119607205503
CLDPollen= 1.12806277116761
CLDNectar= 9.34532467508689
CA13Pollen= 3.46644250378013
CA13Nectar= 62.9482589103281
CA410Pollen= 7.03694258474279
CA410Nectar= 134.030733206309
CA1120Pollen= 2.07719794171862
CA1120Nectar= 75.9810693375766
IPollenTrips= 13.0129360454157
INectarTrips= 5.00014884863049
IPollenLoad= 2.20200363313779
INectarLoad= 7.15443009976298
