ICQueenStrength= 3.72454698220827
RQWkrDrnRatio= 4.36556572746485
ICDroneMiteSurvivorship= 3.16954727750272
ICWorkerMiteSurvivorship= 53.8505470147356
ICForagerLifespan= 10.6386134587228
ImmType= Polynomial
RQQueenStrength= 2.95928049157374
RQEnableReQueen= true
AIAdultSlope= 5.41812412254512
AIAdultLD50= 48.831341811249
AIAdultSlopeContact= 1.83294317242689
AIAdultLD50Contact= 92.8900402676079
AILarvaSlope= 6.11019172146916
AILarvaLD50= 34.6082812829453
AIKOW= 24662.3978850564
AIKOC= 54019.3076886809
AIHalfLife= 1.418383987993
EAppRate= 5.93730008016294
FoliarEnabled= true
FoliarAppDate= 06/07/1989
FoliarForageBegin= 06/05/1989
FoliarForageEnd= 06/28/1989
AIContactFactor= 1.86834544038866
CL4Pollen= 2.10248016845435
CL4Nectar= 58.1333149690181
CL5Pollen= 3.16634381376207
CL5Nectar= 27.057110471651
CLDPollen= 2.09258069470525
CLDNectar= 101.254114753101
CA13Pollen= 4.79661701647565
CA13Nectar= 60.0084367766976
CA410Pollen= 8.14345013673883
CA410Nectar= 89.1461832355708
CA1120Pollen= 2.35948758409359
CA1120Nectar= 76.1733895540237
IPollenTrips= 10.1570215797983
INectarTrips= 9.3968104198575
IPollenLoad= 8.25289950473234
INectarLoad= 7.72217402234674
