ICQueenStrength= 2.20337547268718
RQWkrDrnRatio= 4.27252074144781
ICDroneMiteSurvivorship= 67.5331859383732
ICWorkerMiteSurvivorship= 12.3277601553127
ICForagerLifespan= 14.6202861499041
ImmType= Tangent
RQQueenStrength= 2.72156098647974
RQEnableReQueen= true
AIAdultSlope= 1.65137652866542
AIAdultLD50= 38.7596583643341
AIAdultSlopeContact= 4.28228470124304
AIAdultLD50Contact= 70.189512838488
AILarvaSlope= 4.98395719192922
AILarvaLD50= 21.8737194621363
AIKOW= 21166.0902153025
AIKOC= 67794.5654901471
AIHalfLife= 19.7515481489478
EAppRate= 8.95826243041689
FoliarEnabled= true
FoliarAppDate= 06/07/1989
FoliarForageBegin= 06/05/1989
FoliarForageEnd= 06/28/1989
AIContactFactor= 1.48330173645634
CL4Pollen= 1.18404571991414
CL4Nectar= 89.3835003022105
CL5Pollen= 0.882135355845094
CL5Nectar= 69.1057401127182
CLDPollen= 5.96772181196138
CLDNectar= 46.7438364168629
CA13Pollen= 7.56448643309995
CA13Nectar= 65.9797393530607
CA410Pollen= 6.78040046375245
CA410Nectar= 163.883460289799
CA1120Pollen= 0.257047934224829
CA1120Nectar= 78.7790722586215
IPollenTrips= 13.2188623398542
INectarTrips= 14.9365016492084
IPollenLoad= 2.3350923275575
INectarLoad= 9.13984427461401
