ICQueenStrength= 2.72894795541652
RQWkrDrnRatio= 1.53645015880466
ICDroneMiteSurvivorship= 54.2498061666265
ICWorkerMiteSurvivorship= 69.0532847540453
ICForagerLifespan= 9.71090518124402
ImmType= Polynomial
RQQueenStrength= 5.77128238184378
RQEnableReQueen= true
AIAdultSlope= 3.15989807248116
AIAdultLD50= 9.90478328866628
AIAdultSlopeContact= 4.75412774435245
AIAdultLD50Contact= 24.6774946826792
AILarvaSlope= 5.5652413610369
AILarvaLD50= 55.9405314174225
AIKOW= 30915.7162372668
AIKOC= 42037.2357141844
AIHalfLife= 11.3560230391799
EAppRate= 9.27382226152252
FoliarEnabled= true
FoliarAppDate= 06/07/1989
FoliarForageBegin= 06/05/1989
FoliarForageEnd= 06/28/1989
AIContactFactor= 1.18871977443807
CL4Pollen= 0.407837609760463
CL4Nectar= 73.0702296132222
CL5Pollen= 4.95177489845082
CL5Nectar= 12.909918744117
CLDPollen= 2.91122884070501
CLDNectar= 23.86801361572
CA13Pollen= 4.36406456427649
CA13Nectar= 36.3356072641909
CA410Pollen= 2.71222452488728
CA410Nectar= 25.7039290294051
CA1120Pollen= 2.77171851298772
CA1120Nectar= 63.3781619556248
IPollenTrips= 13.8522240100428
INectarTrips= 11.1610180349089
IPollenLoad= 2.95651294058189
INectarLoad= 7.9638282652013
