ICQueenStrength= 4.29300554702058
RQWkrDrnRatio= 2.04025565180928
ICDroneMiteSurvivorship= 91.9586562318727
ICWorkerMiteSurvivorship= 94.7922721970826
ICForagerLifespan= 14.4372093053535
ImmType= Cosine
RQQueenStrength= 2.53485510265455
RQEnableReQueen= true
AIAdultSlope= 4.18866395205259
AIAdultLD50= 64.9550780847173
AIAdultSlopeContact= 3.25657949852757
AIAdultLD50Contact= 39.6958639307001
AILarvaSlope= 7.39428035728633
AILarvaLD50= 55.1062468651908
AIKOW= 60443.6832222413
AIKOC= 3669.00438119937
AIHalfLife= 14.2396304212976
EAppRate= 4.88280713264947
FoliarEnabled= true
FoliarAppDate= 06/07/1989
FoliarForageBegin= 06/05/1989
FoliarForageEnd= 06/28/1989
AIContactFactor= 2.01858249513432
CL4Pollen= 2.48227726016194
CL4Nectar= 8.81038738880306
CL5Pollen= 1.80313256056979
CL5Nectar= 21.5612297994085
CLDPollen= 3.83406649902463
CLDNectar= 119.739594077691
CA13Pollen= 5.37633828613907
CA13Nectar= 32.8516848757863
CA410Pollen= 6.83204822954722
CA410Nectar= 153.2196253445
CA1120Pollen= 1.40535347093828
CA1120Nectar= 21.3836676441133
IPollenTrips= 6.9590098480694
INectarTrips= 11.9620060990565
IPollenLoad= 5.80580599373206
INectarLoad= 9.38972934614867
