ICQueenStrength= 3.48053652467206
RQWkrDrnRatio= 4.18475887272507
ICDroneMiteSurvivorship= 61.0616301419213
ICWorkerMiteSurvivorship= 12.6624811207876
ICForagerLifespan= 6.37909630406648
ImmType= Logarithmic
RQQueenStrength= 4.99818127392791
RQEnableReQueen= true
AIAdultSlope= 1.23415389470756
AIAdultLD50= 17.856706274413
AIAdultSlopeContact= 6.47291152994148
AIAdultLD50Contact= 33.3498764386484
AILarvaSlope= 6.27955266088247
AILarvaLD50= 24.9498931713817
AIKOW= 76146.9151929074
AIKOC= 6850.83856015187
AIHalfLife= 13.8767414478352
EAppRate= 7.63728758058162
FoliarEnabled= true
FoliarAppDate= 06/07/1989
FoliarForageBegin= 06/05/1989
FoliarForageEnd= 06/28/1989
AIContactFactor= 1.61595889864489
CL4Pollen= 0.294741253368556
CL4Nectar= 56.3933765050024
CL5Pollen= 5.7461120551452
CL5Nectar= 68.0343812447973
CLDPollen= 0.499117598868906
CLDNectar= 125.836414424703
CA13Pollen= 4.00642784852535
CA13Nectar= 71.3873627595603
CA410Pollen= 4.91149499414023
CA410Nectar= 100.540950857103
CA1120Pollen= 2.41440312727354
CA1120Nectar= 33.6019172891974
IPollenTrips= 11.3922181422822
INectarTrips= 5.74196628294885
IPollenLoad= 6.7433004360646
INectarLoad= 3.5058980085887
ESoilP= 1.15739134931937
ESoilFoc= 0.0179766644409392
