ICQueenStrength= 5.04134177719243
RQWkrDrnRatio= 2.36082461662591
ICDroneMiteSurvivorship= 61.006820644252
ICWorkerMiteSurvivorship= 41.923005389981
ICForagerLifespan= 7.62544304132462
ImmType= Cosine
RQQueenStrength= 3.07852230872959
RQEnableReQueen= true
AIAdultSlope= 2.81723268702626
AIAdultLD50= 80.1967413285722
AIAdultSlopeContact= 3.40980110759847
AIAdultLD50Contact= 38.3696256510199
AILarvaSlope= 7.89910447783768
AILarvaLD50= 85.7871913913605
AIKOW= 85817.7344527182
AIKOC= 7964.17331979284
AIHalfLife= 26.7142653000774
EAppRate= 8.62653024489153
FoliarEnabled= true
FoliarAppDate= 06/07/1989
FoliarForageBegin= 06/05/1989
FoliarForageEnd= 06/28/1989
AIContactFactor= 0.421829351116903
CL4Pollen= 1.32724614813924
CL4Nectar= 50.2113736001775
CL5Pollen= 1.23714072536677
CL5Nectar= 143.210147449281
CLDPollen= 1.77220173133537
CLDNectar= 119.304503104649
CA13Pollen= 7.6024854907766
CA13Nectar= 42.5744125805795
CA410Pollen= 3.04698960031383
CA410Nectar= 86.6557486867532
CA1120Pollen= 2.88208914664574
CA1120Nectar= 37.0422439090908
IPollenTrips= 14.2045539268292
INectarTrips= 6.32399601163343
IPollenLoad= 1.86852580402046
INectarLoad= 4.0787922590971
