ICQueenStrength= 5.61988798342645
RQWkrDrnRatio= 3.34508450143039
ICDroneMiteSurvivorship= 67.3066938528791
ICWorkerMiteSurvivorship= 18.2574774837121
ICForagerLifespan= 5.64254393335432
ImmType= Logarithmic
RQQueenStrength= 4.24345174944028
RQEnableReQueen= true
AIAdultSlope= 3.94938905723393
AIAdultLD50= 52.8617542685205
AIAdultSlopeContact= 9.59958210843615
AIAdultLD50Contact= 72.984195228569
AILarvaSlope= 7.82662933506072
AILarvaLD50= 35.2906528564845
AIKOW= 82688.7283090351
AIKOC= 37500.6460243969
AIHalfLife= 9.93607611693442
EAppRate= 0.453267591171432
FoliarEnabled= true
FoliarAppDate= 06/07/1989
FoliarForageBegin= 06/05/1989
FoliarForageEnd= 06/28/1989
AIContactFactor= 1.85789362222888
CL4Pollen= 0.698035508394241
CL4Nectar= 55.6725987931713
CL5Pollen= 5.4718589130789
CL5Nectar= 104.915588430595
CLDPollen= 1.75724576879293
CLDNectar= 55.9510467457585
CA13Pollen= 5.80763410246
CA13Nectar= 47.2854688763618
CA410Pollen= 8.44943699422292
CA410Nectar= 141.967859654687
CA1120Pollen= 0.994961391901597
CA1120Nectar= 58.9263397082686
IPollenTrips= 11.9995517935604
INectarTrips= 5.84473289083689
IPollenLoad= 3.88071720255539
INectarLoad= 0.652134497649968
