ICQueenStrength= 5.97529518674128
RQWkrDrnRatio= 4.90230480395257
ICDroneMiteSurvivorship= 58.9669294422492
ICWorkerMiteSurvivorship= 12.9233554936945
ICForagerLifespan= 11.534089258872
ImmType= Logarithmic
RQQueenStrength= 3.35761320916936
RQEnableReQueen= true
AIAdultSlope= 3.96042333357036
AIAdultLD50= 59.6043508027848
AIAdultSlopeContact= 4.44106196146458
AIAdultLD50Contact= 42.373895050751
AILarvaSlope= 5.54726081714034
AILarvaLD50= 66.6504872881314
AIKOW= 19357.4633299627
AIKOC= 58954.5802457687
AIHalfLife= 13.6213615932036
EAppRate= 2.26705516843963
FoliarEnabled= true
FoliarAppDate= 06/07/1989
FoliarForageBegin= 06/05/1989
FoliarForageEnd= 06/28/1989
AIContactFactor= 2.34334272230044
CL4Pollen= 0.710433259606361
CL4Nectar= 24.2232692893595
CL5Pollen= 0.837024595588446
CL5Nectar= 16.4423784473911
CLDPollen= 4.33105125976726
CLDNectar= 8.02571712993085
CA13Pollen= 3.59816496567801
CA13Nectar= 75.4306126758456
CA410Pollen= 6.30811075102538
CA410Nectar= 56.7504949821159
CA1120Pollen= 2.01310470490716
CA1120Nectar= 50.8708212524652
IPollenTrips= 9.56119783455506
INectarTrips= 14.7981481137685
IPollenLoad= 4.23674383433536
INectarLoad= 6.66530471062288
