ICQueenStrength= 4.13888241886161
RQWkrDrnRatio= 2.19358893390745
ICDroneMiteSurvivorship= 24.5972286444157
ICWorkerMiteSurvivorship= 0.028909370303154
ICForagerLifespan= 7.16010326053947
ImmType= Logarithmic
RQQueenStrength= 3.57693943451159
RQEnableReQueen= true
AIAdultSlope= 6.79952880553901
AIAdultLD50= 38.2957034059477
AIAdultSlopeContact= 9.27517717168666
AIAdultLD50Contact= 56.4893717379174
AILarvaSlope= 5.01571021601558
AILarvaLD50= 7.43406492201518
AIKOW= 26331.4047689605
AIKOC= 10054.0501037063
AIHalfLife= 13.3289610074367
EAppRate= 7.31066110259364
FoliarEnabled= true
FoliarAppDate= 06/07/1989
FoliarForageBegin= 06/05/1989
FoliarForageEnd= 06/28/1989
AIContactFactor= 0.560241802874953
CL4Pollen= 2.13083133939654
CL4Nectar= 88.1815221393481
CL5Pollen= 4.8189584990032
CL5Nectar= 17.9665258387104
CLDPollen= 5.60364977270365
CLDNectar= 110.599217901472
CA13Pollen= 5.48600197052583
CA13Nectar= 68.6886257119477
CA410Pollen= 5.96636832326185
CA410Nectar= 179.618681427091
CA1120Pollen= 2.21170150162652
CA1120Nectar= 72.1402890607715
IPollenTrips= 13.3314788690768
INectarTrips= 10.5270649399608
IPollenLoad= 9.29599039489403
INectarLoad= 7.99853780772537
