ICQueenStrength= 3.07797671435401
RQWkrDrnRatio= 4.11945589724928
ICDroneMiteSurvivorship= 79.034670884721
ICWorkerMiteSurvivorship= 89.370610169135
ICForagerLifespan= 11.4976853905246
ImmType= Cosine
RQQueenStrength= 3.17116931220517
RQEnableReQueen= true
AIAdultSlope= 8.46934814564884
AIAdultLD50= 90.7488680763785
AIAdultSlopeContact= 4.52533739199862
AIAdultLD50Contact= 42.5068347336117
AILarvaSlope= 2.88417626172304
AILarvaLD50= 90.3465032388165
AIKOW= 2472.03854097628
AIKOC= 46395.7216612173
AIHalfLife= 29.2957515395246
EAppRate= 9.70517516112141
FoliarEnabled= true
FoliarAppDate= 06/07/1989
FoliarForageBegin= 06/05/1989
FoliarForageEnd= 06/28/1989
AIContactFactor= 0.477884364454076
CL4Pollen= 2.30193195305765
CL4Nectar= 65.3272287454456
CL5Pollen= 2.40273610269651
CL5Nectar= 74.8825119808316
CLDPollen= 1.42051395960152
CLDNectar= 52.4099954869598
CA13Pollen= 4.30128279635683
CA13Nectar= 46.0085501149297
CA410Pollen= 5.99240272650495
CA410Nectar= 126.003104415722
CA1120Pollen= 1.87656787130982
CA1120Nectar= 76.1385984160006
IPollenTrips= 6.65524305775762
INectarTrips= 10.1864930661395
IPollenLoad= 8.9015604974702
INectarLoad= 2.99559920094907
ESoilP= 1.20046216621995
ESoilFoc= 0.0134819747155998
