ICQueenStrength= 1.63953007222153
RQWkrDrnRatio= 4.58967730868608
ICDroneMiteSurvivorship= 76.9684918224812
ICWorkerMiteSurvivorship= 46.855974313803
ICForagerLifespan= 15.2465996965766
ImmType= Exponential
RQQueenStrength= 2.29479234223254
RQEnableReQueen= true
AIAdultSlope= 5.05429701507092
AIAdultLD50= 94.959714911124
AIAdultSlopeContact= 1.58758364780806
AIAdultLD50Contact= 87.991151721511
AILarvaSlope= 1.71772505901754
AILarvaLD50= 35.5960470522703
AIKOW= 27564.322857859
AIKOC= 57813.9188691291
AIHalfLife= 6.79784354662988
EAppRate= 7.33293304012576
FoliarEnabled= true
FoliarAppDate= 06/07/1989
FoliarForageBegin= 06/05/1989
FoliarForageEnd= 06/28/1989
AIContactFactor= 1.09231503736693
CL4Pollen= 0.122686494141817
CL4Nectar= 77.0752386888489
CL5Pollen= 3.63356677629054
CL5Nectar= 37.6800256432034
CLDPollen= 4.34647553740069
CLDNectar= 119.143649982288
CA13Pollen= 5.23676224779338
CA13Nectar= 94.6918373554945
CA410Pollen= 3.44533329715487
CA410Nectar= 111.460222289898
CA1120Pollen= 1.57555589033291
CA1120Nectar= 32.0604109950364
IPollenTrips= 12.1038221893832
INectarTrips= 8.29696642933413
IPollenLoad= 8.65292933536693
INectarLoad= 9.60019172634929
