ICQueenStrength= 4.7223470385652
RQWkrDrnRatio= 1.34609807934612
ICDroneMiteSurvivorship= 46.040060906671
ICWorkerMiteSurvivorship= 88.5793232358992
ICForagerLifespan= 8.49215324502438
ImmType= Logarithmic
RQQueenStrength= 5.21671927440912
RQEnableReQueen= true
AIAdultSlope= 7.40127805247903
AIAdultLD50= 39.7735841178179
AIAdultSlopeContact= 5.33677192823961
AIAdultLD50Contact= 58.1106761122944
AILarvaSlope= 7.51259985379875
AILarvaLD50= 60.6127683971154
AIKOW= 90753.0605726714
AIKOC= 68887.747957933
AIHalfLife= 17.781904505752
EAppRate= 7.11338580244896
FoliarEnabled= true
FoliarAppDate= 06/07/1989
FoliarForageBegin= 06/05/1989
FoliarForageEnd= 06/28/1989
AIContactFactor= 1.66810550978873
CL4Pollen= 0.656618683598936
CL4Nectar= 82.6674663927406
CL5Pollen= 0.519472444429994
CL5Nectar= 143.394815304782
CLDPollen= 0.405525776557624
CLDNectar= 24.7175999684259
CA13Pollen= 7.38382811266929
CA13Nectar= 53.0500112846494
CA410Pollen= 6.97904327739961
CA410Nectar= 58.4314364613965
CA1120Pollen= 0.818558153696358
CA1120Nectar= 30.1336158439517
IPollenTrips= 11.8248909222893
INectarTrips= 7.58213993627578
IPollenLoad= 1.26121261389926
INectarLoad= 9.03600338846445
