ICQueenStrength= 4.29921240452677
RQWkrDrnRatio= 2.03748751617968
ICDroneMiteSurvivorship= 48.9865994779393
ICWorkerMiteSurvivorship= 11.1906146397814
ICForagerLifespan= 15.1133390674368
ImmType= Tangent
RQQueenStrength= 4.09463998302817
RQEnableReQueen= true
AIAdultSlope= 4.69118603132665
AIAdultLD50= 54.4248876524495
AIAdultSlopeContact= 1.9004327962175
AIAdultLD50Contact= 90.7422151469644
AILarvaSlope= 8.92228180356324
AILarvaLD50= 11.9939497832381
AIKOW= 69370.1203343073
AIKOC= 19986.2082955781
AIHalfLife= 10.4703128164867
EAppRate= 2.800535623834
FoliarEnabled= true
FoliarAppDate= 06/07/1989
FoliarForageBegin= 06/05/1989
FoliarForageEnd= 06/28/1989
AIContactFactor= 0.339641578868031
CL4Pollen= 3.81793504487723
CL4Nectar= 96.8690121313557
CL5Pollen= 0.159867701120675
CL5Nectar= 28.4541135770269
CLDPollen= 5.36373289301991
CLDNectar= 69.6024083183147
CA13Pollen= 6.82065872270614
CA13Nectar= 88.8381242379546
CA410Pollen= 6.29549896763638
CA410Nectar= 85.0894711818546
CA1120Pollen= 2.11951443809085
CA1120Nectar= 42.7474891021848
IPollenTrips= 14.4883007323369
INectarTrips= 8.66419764934108
IPollenLoad= 2.86618937505409
INectarLoad= 0.56681381072849
ESoilP= 1.63160106283613
ESoilFoc= 0.00978127160924487
