ICQueenStrength= 3.44423312484287
RQWkrDrnRatio= 3.55504424776882
ICDroneMiteSurvivorship= 45.749894878827
ICWorkerMiteSurvivorship= 45.4786701360717
ICForagerLifespan= 10.4691974958405
ImmType= Sine
RQQueenStrength= 3.73247236502357
RQEnableReQueen= true
AIAdultSlope= 6.94542877189815
AIAdultLD50= 0.568382406394929
AIAdultSlopeContact= 3.52503026952036
AIAdultLD50Contact= 65.3307211233955
AILarvaSlope= 1.73728198930621
AILarvaLD50= 48.3743012484747
AIKOW= 25668.1084691797
AIKOC= 39753.6769708961
AIHalfLife= 25.4335745091783
EAppRate= 4.41027039212338
FoliarEnabled= true
FoliarAppDate= 09/01/1989
FoliarForageBegin= 09/01/1989
FoliarForageEnd= 09/08/1989
AIContactFactor= 1.43821314369794
CL4Pollen= 3.45672316197306
CL4Nectar= 8.24123118072748
CL5Pollen= 5.73186761001125
CL5Nectar= 45.3372615622357
CLDPollen= 3.49873647093773
CLDNectar= 134.36298208544
CA13Pollen= 8.16579312765971
CA13Nectar= 55.0291323289275
CA410Pollen= 8.88718404218089
CA410Nectar= 185.209822352044
CA1120Pollen= 0.0924232103861868
CA1120Nectar= 50.2108040452003
IPollenTrips= 9.05117052141577
INectarTrips= 13.1455703778192
IPollenLoad= 4.44569115061313
INectarLoad= 8.89570496277884
