ICQueenStrength= 1.1181775459554
RQWkrDrnRatio= 3.20183970965445
ICDroneMiteSurvivorship= 26.3282823143527
ICWorkerMiteSurvivorship= 12.9644239787012
ICForagerLifespan= 4.75380900781602
ImmType= Polynomial
RQQueenStrength= 2.99835235020146
RQEnableReQueen= true
AIAdultSlope= 7.09048730507493
AIAdultLD50= 0.0550029713490512
AIAdultSlopeContact= 2.37760129617527
AIAdultLD50Contact= 58.3846125251511
AILarvaSlope= 1.17859638668597
AILarvaLD50= 15.4197855454118
AIKOW= 79395.4351799549
AIKOC= 80244.391855177
AIHalfLife= 23.1893950152444
EAppRate= 8.57578445856762
FoliarEnabled= true
FoliarAppDate= 09/01/1989
FoliarForageBegin= 09/01/1989
FoliarForageEnd= 09/08/1989
AIContactFactor= 2.122135786484
CL4Pollen= 3.12135118618608
CL4Nectar= 0.668311887420714
CL5Pollen= 4.25254392949864
CL5Nectar= 93.6111251008697
CLDPollen= 4.15399907995015
CLDNectar= 101.161867473274
CA13Pollen= 7.93739557154477
CA13Nectar= 22.9018601775169
CA410Pollen= 7.00712961324025
CA410Nectar= 98.0081843025982
CA1120Pollen= 0.291135279228911
CA1120Nectar= 90.7543446868658
IPollenTrips= 9.76878538029268
INectarTrips= 8.22460188530385
IPollenLoad= 6.05352638289332
INectarLoad= 1.74075045390055
