ICQueenStrength= 5.74760728655383
RQWkrDrnRatio= 1.01770951319486
ICDroneMiteSurvivorship= 51.7382606631145
ICWorkerMiteSurvivorship= 10.3995245881379
ICForagerLifespan= 12.2018898259848
ImmType= Logarithmic
RQQueenStrength= 5.98272503260523
RQEnableReQueen= true
AIAdultSlope= 4.48422834090889
AIAdultLD50= 98.7934978723968
AIAdultSlopeContact= 2.21614550868981
AIAdultLD50Contact= 48.8749054791517
AILarvaSlope= 1.80332891829312
AILarvaLD50= 24.5570745508601
AIKOW= 84013.6435502415
AIKOC= 71560.4052840516
AIHalfLife= 14.0905754329404
EAppRate= 0.393615449634381
FoliarEnabled= true
FoliarAppDate= 06/07/1989
FoliarForageBegin= 06/05/1989
FoliarForageEnd= 06/28/1989
AIContactFactor= 2.13927478685509
CL4Pollen= 3.89415912237018
CL4Nectar= 13.8214379549026
CL5Pollen= 1.17488059401512
CL5Nectar= 73.5065883840434
CLDPollen= 0.364632425364107
CLDNectar= 75.7025556871668
CA13Pollen= 5.47624427573755
CA13Nectar= 96.4583637565374
CA410Pollen= 5.49760154597461
CA410Nectar= 174.898474304937
CA1120Pollen= 1.15985505818389
CA1120Nectar= 48.983543291688
IPollenTrips= 5.45109838945791
INectarTrips= 9.92031141882762
IPollenLoad= 5.21485007135198
INectarLoad= 2.04679243965074
ESoilP= 1.08490384346806
ESoilFoc= 0.0198238046290353
