ICQueenStrength= 1.33031464437954
RQWkrDrnRatio= 2.93627104908228
ICDroneMiteSurvivorship= 84.1197755653411
ICWorkerMiteSurvivorship= 32.9611256485805
ICForagerLifespan= 15.1784444777295
ImmType= Polynomial
RQQueenStrength= 5.56216768245213
RQEnableReQueen= true
AIAdultSlope= 8.06713576987386
AIAdultLD50= 0.708100176916691
AIAdultSlopeContact= 3.39441103022546
AIAdultLD50Contact= 23.7269345521871
AILarvaSlope= 7.72221248969436
AILarvaLD50= 8.91078403013735
AIKOW= 45054.2245756446
AIKOC= 11247.0946149854
AIHalfLife= 23.2798348244512
EAppRate= 6.00751570436196
FoliarEnabled= true
FoliarAppDate= 09/01/1989
FoliarForageBegin= 09/01/1989
FoliarForageEnd= 09/08/1989
AIContactFactor= 1.8299295325391
CL4Pollen= 0.333753856830299
CL4Nectar= 40.3303267899901
CL5Pollen= 0.794168413616717
CL5Nectar= 35.1355166640133
CLDPollen= 4.38252920983359
CLDNectar= 146.853837871458
CA13Pollen= 4.43279327712953
CA13Nectar= 97.4842367880046
CA410Pollen= 8.49741422238294
CA410Nectar= 100.47336505726
CA1120Pollen= 2.36949283629656
CA1120Nectar= 58.4827468544245
IPollenTrips= 11.9848976214416
INectarTrips= 14.7881347010843
IPollenLoad= 3.29598239157349
INectarLoad= 2.94505064608529
