ICQueenStrength= 4.88167594210245
RQWkrDrnRatio= 3.50411399081349
ICDroneMiteSurvivorship= 92.2930838307366
ICWorkerMiteSurvivorship= 68.9342546742409
ICForagerLifespan= 8.3685804978013
ImmType= Sine
AIAdultSlope= 3.87694723860361
AIAdultLD50= 0.195443873293698
AIAdultSlopeContact= 0.169121247692965
AIAdultLD50Contact= 0.0251804885338061
AILarvaSlope= 2.44053219254129
AILarvaLD50= 0.21946624070406
AIKOW= 3.88719461672008
AIKOC= 22.7303553500678
AIHalfLife= 2.03823083916213
EAppRate= 5.86077520158142
FoliarEnabled= true
