ICQueenStrength= 4.82138978457078
RQWkrDrnRatio= 3.50196764804423
ICDroneMiteSurvivorship= 58.9945547748357
ICWorkerMiteSurvivorship= 43.5780124273151
ICForagerLifespan= 15.0882297102362
ImmType= Sine
RQQueenStrength= 5.358920637751
RQEnableReQueen= true
AIAdultSlope= 5.63629993796349
AIAdultLD50= 37.8294395822892
AIAdultSlopeContact= 1.27908645267598
AIAdultLD50Contact= 71.4317294792612
AILarvaSlope= 5.30458011478186
AILarvaLD50= 98.294360250561
AIKOW= 39291.3868124954
AIKOC= 70677.7029660675
AIHalfLife= 15.9091895778198
EAppRate= 3.76665332116187
FoliarEnabled= true
FoliarAppDate= 06/07/1989
FoliarForageBegin= 06/05/1989
FoliarForageEnd= 06/28/1989
AIContactFactor= 1.9614508194197
CL4Pollen= 0.788706947118044
CL4Nectar= 18.6382113490254
CL5Pollen= 0.992257421370596
CL5Nectar= 50.5288258544169
CLDPollen= 2.90539894765243
CLDNectar= 21.8026563408785
CA13Pollen= 7.90333307469264
CA13Nectar= 82.0006600953639
CA410Pollen= 7.26315074821468
CA410Nectar= 47.1178301377222
CA1120Pollen= 1.85131265991367
CA1120Nectar= 43.1202264688909
IPollenTrips= 10.0753788114525
INectarTrips= 8.78058441681787
IPollenLoad= 2.32604326913133
INectarLoad= 2.03549867030233
