ICQueenStrength= 3.71329303854145
RQWkrDrnRatio= 1.83091298770159
ICDroneMiteSurvivorship= 22.5258415797725
ICWorkerMiteSurvivorship= 30.6075237225741
ICForagerLifespan= 7.88808287214488
ImmType= Tangent
RQQueenStrength= 4.7819505459629
RQEnableReQueen= true
AIAdultSlope= 6.24908620677888
AIAdultLD50= 21.6163758618496
AIAdultSlopeContact= 3.44959585252218
AIAdultLD50Contact= 29.4316894645263
AILarvaSlope= 1.80295055173337
AILarvaLD50= 76.6607686929349
AIKOW= 69530.5246362792
AIKOC= 70853.4207075292
AIHalfLife= 10.7059520407114
EAppRate= 0.243250711588655
FoliarEnabled= true
FoliarAppDate= 06/07/1989
FoliarForageBegin= 06/05/1989
FoliarForageEnd= 06/28/1989
AIContactFactor= 0.410761392619461
CL4Pollen= 0.07268060836941
CL4Nectar= 51.8543092533946
CL5Pollen= 5.91314861224964
CL5Nectar= 132.922855415381
CLDPollen= 1.71395482867956
CLDNectar= 70.2267301501706
CA13Pollen= 7.85499466285109
CA13Nectar= 65.0824202783406
CA410Pollen= 3.3997867682483
CA410Nectar= 62.8678834298626
CA1120Pollen= 1.75752817257307
CA1120Nectar= 50.2782091684639
IPollenTrips= 7.47609321959317
INectarTrips= 5.76163716614246
IPollenLoad= 2.71887716837227
INectarLoad= 5.82338144769892
ESoilP= 1.71306733158417
ESoilFoc= 0.0127230141267646
