ICQueenStrength= 1.37967624049634
RQWkrDrnRatio= 4.92217052634805
ICDroneMiteSurvivorship= 35.9883970348164
ICWorkerMiteSurvivorship= 6.24239826574922
ICForagerLifespan= 13.9441954642534
ImmType= Cosine
RQQueenStrength= 4.05118524190038
RQEnableReQueen=true
AIAdultSlope= 8.59067886322737
AIAdultLD50= 0.828574813569896
AIAdultSlopeContact= 8.45201483578421
AIAdultLD50Contact= 83.0457494796247
AILarvaSlope= 4.31342569924891
AILarvaLD50= 76.2308175649543
AIKOW= 6752.19193790867
AIKOC= 52930.4681674612
AIHalfLife= 19.8351637657732
EAppRate= 5.59295828437992
FoliarEnabled=true
FoliarAppDate= 07/01/1989
FoliarForageBegin= 07/01/1989
FoliarForageEnd= 07/14/1989
AIContactFactor= 2.26898118147161
CL4Pollen= 3.5678098006174
CL4Nectar= 91.9344863854349
CL5Pollen= 0.336717076599598
CL5Nectar= 116.208859928884
CLDPollen= 0.189902310725302
CLDNectar= 70.8383425720967
CA13Pollen= 5.09294431405142
CA13Nectar= 55.1944177038968
CA410Pollen= 4.0630543229403
CA410Nectar= 115.227816100232
CA1120Pollen= 1.69986576028168
CA1120Nectar= 87.39930620417
IPollenTrips= 14.1683452855796
INectarTrips= 12.5259274849668
IPollenLoad= 4.44723412860185
INectarLoad= 5.12107030721381
