ICQueenStrength= 3.56607525749132
RQWkrDrnRatio= 2.92124807648361
ICDroneMiteSurvivorship= 5.3679634584114
ICWorkerMiteSurvivorship= 98.8097889348865
ICForagerLifespan= 12.7466915547848
ImmType= Sine
RQQueenStrength= 1.18779241363518
RQEnableReQueen= true
AIAdultSlope= 3.65215850807726
AIAdultLD50= 54.240039199359
AIAdultSlopeContact= 3.540489283856
AIAdultLD50Contact= 81.1350420005338
AILarvaSlope= 3.61283347383142
AILarvaLD50= 35.4102543872297
AIKOW= 10738.3800525166
AIKOC= 34356.5854689525
AIHalfLife= 4.80434260182083
EAppRate= 2.17489028702257
FoliarEnabled= true
FoliarAppDate= 06/07/1989
FoliarForageBegin= 06/05/1989
FoliarForageEnd= 06/28/1989
AIContactFactor= 0.631217755214311
CL4Pollen= 2.34947111085057
CL4Nectar= 40.0345580652356
CL5Pollen= 0.217421639710665
CL5Nectar= 118.983830697834
CLDPollen= 2.83829085621983
CLDNectar= 71.8912799376994
CA13Pollen= 5.04113352978602
CA13Nectar= 47.5341609492898
CA410Pollen= 4.80771300860215
CA410Nectar= 159.747168142349
CA1120Pollen= 2.35971903707832
CA1120Nectar= 47.9952631704509
IPollenTrips= 6.71055746963248
INectarTrips= 5.45273004565388
IPollenLoad= 8.5002961778082
INectarLoad= 9.27285502664745
ESoilP= 1.9869359920267
ESoilFoc= 0.0115360061442479
