ICQueenStrength= 5.84247594373301
RQWkrDrnRatio= 3.60215641278774
ICDroneMiteSurvivorship= 45.4951027408242
ICWorkerMiteSurvivorship= 14.5692843245342
ICForagerLifespan= 15.8457781057805
ImmType= Logarithmic
RQQueenStrength= 4.99778723716736
RQEnableReQueen= true
AIAdultSlope= 2.04098551347852
AIAdultLD50= 88.8617845921528
AIAdultSlopeContact= 6.09054521517828
AIAdultLD50Contact= 24.979241343511
AILarvaSlope= 1.40368324145675
AILarvaLD50= 50.1768959936271
AIKOW= 49626.1837741806
AIKOC= 57773.0643449381
AIHalfLife= 2.27814431514125
EAppRate= 8.98550665358803
FoliarEnabled= true
FoliarAppDate= 06/07/1989
FoliarForageBegin= 06/05/1989
FoliarForageEnd= 06/28/1989
AIContactFactor= 1.20623059205245
CL4Pollen= 2.7999588791281
CL4Nectar= 57.1552734822035
CL5Pollen= 4.62661749031395
CL5Nectar= 59.3414817354642
CLDPollen= 1.94428878324106
CLDNectar= 94.2600787617266
CA13Pollen= 7.07238284153864
CA13Nectar= 32.3321749828756
CA410Pollen= 3.75542129527312
CA410Nectar= 170.015149060637
CA1120Pollen= 0.13554361090064
CA1120Nectar= 95.7242215611041
IPollenTrips= 7.42434021085501
INectarTrips= 10.7457016827539
IPollenLoad= 3.15426552202553
INectarLoad= 3.08957111323252
ESoilP= 1.00456490367651
ESoilFoc= 0.013175258981064
