ICQueenStrength= 4.67843246902339
RQWkrDrnRatio= 1.86732103861868
ICDroneMiteSurvivorship= 78.23289509397
ICWorkerMiteSurvivorship= 36.3407049560919
ICForagerLifespan= 7.25738073978573
ImmType= Cosine
AIAdultSlope= 0.593328180019744
AIAdultLD50= 0.193136070528999
AIAdultSlopeContact= 3.1680556730926
AIAdultLD50Contact= 0.0393543245387264
AILarvaSlope= 2.43998376321979
AILarvaLD50= 0.653481490979902
AIKOW= 2.44171466585249
AIKOC= 17.6318484428339
AIHalfLife= 0.0539128068368882
EAppRate= 5.45116749126464
FoliarEnabled= true
