ICQueenStrength= 4.95251417765394
RQWkrDrnRatio= 4.25722131598741
ICDroneMiteSurvivorship= 51.6395273385569
ICWorkerMiteSurvivorship= 53.5957928746939
ICForagerLifespan= 10.4377505229786
ImmType= Tangent
RQQueenStrength= 4.92878681886941
RQEnableReQueen= true
AIAdultSlope= 7.99205825850368
AIAdultLD50= 76.0142324471786
AIAdultSlopeContact= 9.61792979692109
AIAdultLD50Contact= 28.0530174798963
AILarvaSlope= 8.90422582812607
AILarvaLD50= 41.9017884470846
AIKOW= 10917.3178115684
AIKOC= 78574.3038486328
AIHalfLife= 32.992025033338
EAppRate= 8.09935131669836
FoliarEnabled= true
FoliarAppDate= 06/07/1989
FoliarForageBegin= 06/05/1989
FoliarForageEnd= 06/28/1989
AIContactFactor= 0.643846473684534
CL4Pollen= 1.30730295274407
CL4Nectar= 32.4591614073142
CL5Pollen= 4.38148009451106
CL5Nectar= 111.705872474704
CLDPollen= 2.48841259209439
CLDNectar= 149.411109450739
CA13Pollen= 6.21884830370545
CA13Nectar= 48.3933350071311
CA410Pollen= 5.27349684550427
CA410Nectar= 145.945973135531
CA1120Pollen= 0.981658916221932
CA1120Nectar= 98.8770375214517
IPollenTrips= 8.10736590763554
INectarTrips= 7.50134852482006
IPollenLoad= 8.28141311416402
INectarLoad= 5.2476827823557
