ICQueenStrength= 5.84601687290706
RQWkrDrnRatio= 1.43154726643115
ICDroneMiteSurvivorship= 71.8252456048504
ICWorkerMiteSurvivorship= 26.7419783398509
ICForagerLifespan= 6.98840081226081
ImmType= Polynomial
RQQueenStrength= 5.00342672248371
RQEnableReQueen= true
AIAdultSlope= 6.63390562869608
AIAdultLD50= 94.8846899678675
AIAdultSlopeContact= 1.78827079269104
AIAdultLD50Contact= 35.526189989584
AILarvaSlope= 4.47658809833229
AILarvaLD50= 53.5490489967877
AIKOW= 88351.1810803623
AIKOC= 35868.5035850718
AIHalfLife= 17.8325711514102
EAppRate= 5.11091079745186
FoliarEnabled= true
FoliarAppDate= 06/07/1989
FoliarForageBegin= 06/05/1989
FoliarForageEnd= 06/28/1989
AIContactFactor= 1.88587252162863
CL4Pollen= 0.351924699731171
CL4Nectar= 26.2609263183549
CL5Pollen= 0.123407324776053
CL5Nectar= 10.4326856089756
CLDPollen= 1.05958523182198
CLDNectar= 110.234897432383
CA13Pollen= 2.74006447130814
CA13Nectar= 29.118759650737
CA410Pollen= 7.4911335101584
CA410Nectar= 169.875436187722
CA1120Pollen= 1.14656677655876
CA1120Nectar= 35.1301269046962
IPollenTrips= 14.3660664279014
INectarTrips= 13.1783264712431
IPollenLoad= 2.2589439409785
INectarLoad= 5.24649246130139
