ICQueenStrength= 1.83943268470466
RQWkrDrnRatio= 1.98908290732652
ICDroneMiteSurvivorship= 54.2919421568513
ICWorkerMiteSurvivorship= 11.1639543902129
ICForagerLifespan= 6.93007681425661
ImmType= Tangent
RQQueenStrength= 3.40315911266953
RQEnableReQueen=true
AIAdultSlope= 6.68764162249863
AIAdultLD50= 0.108743428852176
AIAdultSlopeContact= 9.37042103917338
AIAdultLD50Contact= 34.5839642280338
AILarvaSlope= 3.89817965961993
AILarvaLD50= 1.39044294845755
AIKOW= 98085.8661285868
AIKOC= 33744.6544957063
AIHalfLife= 27.2638777240878
EAppRate= 2.12807239622157
FoliarEnabled=true
FoliarAppDate= 07/01/1989
FoliarForageBegin= 07/01/1989
FoliarForageEnd= 07/14/1989
AIContactFactor= 0.348750759772956
CL4Pollen= 1.8306479351595
CL4Nectar= 51.8531148787588
CL5Pollen= 4.98768126312643
CL5Nectar= 10.8916544588283
CLDPollen= 2.08865763014182
CLDNectar= 137.067254888825
CA13Pollen= 6.02969290018082
CA13Nectar= 86.7606424726546
CA410Pollen= 5.53235447274055
CA410Nectar= 29.0637700725347
CA1120Pollen= 2.43638713471591
CA1120Nectar= 64.628298189491
IPollenTrips= 14.4236331339926
INectarTrips= 8.34840738680214
IPollenLoad= 9.74475337425247
INectarLoad= 9.87419833429158
