ICQueenStrength= 3.75470258761197
RQWkrDrnRatio= 1.98471525125206
ICDroneMiteSurvivorship= 94.6208727313206
ICWorkerMiteSurvivorship= 31.0240681748837
ICForagerLifespan= 14.9430586593226
ImmType= Sine
RQQueenStrength= 1.92133499123156
RQEnableReQueen=true
AIAdultSlope= 6.15074628405273
AIAdultLD50= 0.635666840097867
AIAdultSlopeContact= 2.63107367954217
AIAdultLD50Contact= 47.1871336498347
AILarvaSlope= 1.53521885164082
AILarvaLD50= 8.84733777870005
AIKOW= 74648.6839112613
AIKOC= 22572.6243373281
AIHalfLife= 27.1395604503807
EAppRate= 9.44402593721705
FoliarEnabled=true
FoliarAppDate= 07/01/1989
FoliarForageBegin= 07/01/1989
FoliarForageEnd= 07/14/1989
AIContactFactor= 1.07939925626386
CL4Pollen= 2.21735801920295
CL4Nectar= 6.48927127476782
CL5Pollen= 5.01991278072819
CL5Nectar= 59.6670090802945
CLDPollen= 1.54685740638524
CLDNectar= 139.76911517093
CA13Pollen= 4.39747608341277
CA13Nectar= 81.9737260974944
CA410Pollen= 7.83551204153337
CA410Nectar= 113.759838999249
CA1120Pollen= 1.75835527712479
CA1120Nectar= 96.6160589270294
IPollenTrips= 8.33291896618903
INectarTrips= 9.76246649865061
IPollenLoad= 9.98730941442773
INectarLoad= 4.59381817607209
