ICQueenStrength= 4.73050721711479
RQWkrDrnRatio= 4.68135592900217
ICDroneMiteSurvivorship= 3.22934142313898
ICWorkerMiteSurvivorship= 26.9739888375625
ICForagerLifespan= 6.85194311570376
ImmType= Polynomial
RQQueenStrength= 2.74017619108781
RQEnableReQueen= true
AIAdultSlope= 8.55944338068366
AIAdultLD50= 58.72315709587
AIAdultSlopeContact= 6.65962563152425
AIAdultLD50Contact= 91.0596262873074
AILarvaSlope= 2.70806585811079
AILarvaLD50= 8.74901116809808
AIKOW= 83551.4652460331
AIKOC= 89928.649916667
AIHalfLife= 14.2935375180328
EAppRate= 6.67996667233878
FoliarEnabled= true
FoliarAppDate= 06/07/1989
FoliarForageBegin= 06/05/1989
FoliarForageEnd= 06/28/1989
AIContactFactor= 1.866031096722
CL4Pollen= 3.49419026914984
CL4Nectar= 2.86676313262433
CL5Pollen= 5.26305785821751
CL5Nectar= 63.5464955354109
CLDPollen= 1.08295578276739
CLDNectar= 125.659510516562
CA13Pollen= 5.03060714183375
CA13Nectar= 41.46987862885
CA410Pollen= 6.83777369288728
CA410Nectar= 112.678511254489
CA1120Pollen= 1.49760534404777
CA1120Nectar= 78.8060878776014
IPollenTrips= 11.7955906642601
INectarTrips= 10.2570351981558
IPollenLoad= 5.44583949726075
INectarLoad= 2.3112443741411
ESoilP= 1.37994300038554
ESoilFoc= 0.00472484581824392
