ICQueenStrength= 5.94051160174422
RQWkrDrnRatio= 3.52165711484849
ICDroneMiteSurvivorship= 26.5584155917168
ICWorkerMiteSurvivorship= 34.4141958281398
ICForagerLifespan= 8.91529744397849
ImmType= Logarithmic
RQQueenStrength= 2.18715591612272
RQEnableReQueen= true
AIAdultSlope= 3.04909468442202
AIAdultLD50= 80.6652637731521
AIAdultSlopeContact= 4.17545202700421
AIAdultLD50Contact= 2.46196034569223
AILarvaSlope= 4.69797808490694
AILarvaLD50= 60.4504939064707
AIKOW= 26017.3797317074
AIKOC= 6759.55689199851
AIHalfLife= 0.275854678964242
EAppRate= 7.62656525578559
FoliarEnabled= true
FoliarAppDate= 06/07/1989
FoliarForageBegin= 06/05/1989
FoliarForageEnd= 06/28/1989
AIContactFactor= 0.953853520690463
CL4Pollen= 0.648436790332198
CL4Nectar= 99.3604922201484
CL5Pollen= 0.677231909707189
CL5Nectar= 35.9114481601864
CLDPollen= 2.25855305045843
CLDNectar= 25.0182460877113
CA13Pollen= 4.79034849703312
CA13Nectar= 84.3630215525627
CA410Pollen= 3.67593563348055
CA410Nectar= 113.741300953552
CA1120Pollen= 2.62398906843737
CA1120Nectar= 54.6666181460023
IPollenTrips= 9.91308145690709
INectarTrips= 13.7702150200494
IPollenLoad= 7.8422902431339
INectarLoad= 8.79404215840623
