ICQueenStrength= 2.65531492908485
RQWkrDrnRatio= 1.55806678161025
ICDroneMiteSurvivorship= 50.5230425158516
ICWorkerMiteSurvivorship= 17.7241686265916
ICForagerLifespan= 13.5126473875716
ImmType= Cosine
RQQueenStrength= 3.26402415893972
RQEnableReQueen= true
AIAdultSlope= 7.76400740258396
AIAdultLD50= 15.4954509527981
AIAdultSlopeContact= 1.30624092929065
AIAdultLD50Contact= 74.0336380335286
AILarvaSlope= 8.44564241543412
AILarvaLD50= 66.2055984309432
AIKOW= 7245.1146407807
AIKOC= 813.428772007348
AIHalfLife= 16.9928879192332
EAppRate= 7.58640793002537
FoliarEnabled= true
FoliarAppDate= 06/07/1989
FoliarForageBegin= 06/05/1989
FoliarForageEnd= 06/28/1989
AIContactFactor= 1.95299798574764
CL4Pollen= 3.27976441197097
CL4Nectar= 68.6173247173429
CL5Pollen= 2.6644578720443
CL5Nectar= 118.681544275023
CLDPollen= 2.35314161097631
CLDNectar= 75.4368968540803
CA13Pollen= 4.1626506944187
CA13Nectar= 29.8485350050032
CA410Pollen= 5.3387162406696
CA410Nectar= 85.1821906631812
CA1120Pollen= 1.50862350245006
CA1120Nectar= 59.5678214356303
IPollenTrips= 5.70340117206797
INectarTrips= 11.7439846461639
IPollenLoad= 4.24079106887802
INectarLoad= 0.489802546799183
