ICQueenStrength= 1.64277470950037
RQWkrDrnRatio= 3.0131197469309
ICDroneMiteSurvivorship= 65.396057209
ICWorkerMiteSurvivorship= 20.7267775433138
ICForagerLifespan= 14.8814351726323
ImmType= Polynomial
RQQueenStrength= 1.97332138102502
RQEnableReQueen=true
AIAdultSlope= 7.03963078185916
AIAdultLD50= 0.214484145177761
AIAdultSlopeContact= 9.03655067482032
AIAdultLD50Contact= 95.5390709679013
AILarvaSlope= 4.82584232836962
AILarvaLD50= 86.4323537870764
AIKOW= 66696.0361888504
AIKOC= 70136.8734297217
AIHalfLife= 17.4842032887507
EAppRate= 8.04566803461267
FoliarEnabled=true
FoliarAppDate= 07/01/1989
FoliarForageBegin= 07/01/1989
FoliarForageEnd= 07/14/1989
AIContactFactor= 0.856606800560839
CL4Pollen= 1.26670896727592
CL4Nectar= 42.403855570592
CL5Pollen= 4.35621285438538
CL5Nectar= 142.041711683851
CLDPollen= 5.04348412016407
CLDNectar= 129.793820588384
CA13Pollen= 8.10392276039347
CA13Nectar= 55.0887306965888
CA410Pollen= 3.79798461354803
CA410Nectar= 195.120583530515
CA1120Pollen= 2.07873477204703
CA1120Nectar= 28.3401069976389
IPollenTrips= 5.37713867379352
INectarTrips= 6.98719521518797
IPollenLoad= 3.68319066707045
INectarLoad= 7.2735470556654
