ICQueenStrength= 3.58581057656556
RQWkrDrnRatio= 2.21738177072257
ICDroneMiteSurvivorship= 50.3820217913017
ICWorkerMiteSurvivorship= 42.5717134028673
ICForagerLifespan= 6.54076825734228
ImmType= Logarithmic
RQQueenStrength= 5.4811424810905
RQEnableReQueen= true
AIAdultSlope= 2.04935510084033
AIAdultLD50= 12.1064622040032
AIAdultSlopeContact= 2.46061299974099
AIAdultLD50Contact= 80.132247326433
AILarvaSlope= 2.2836100962013
AILarvaLD50= 15.1336989869187
AIKOW= 45981.1483977648
AIKOC= 30529.7147147057
AIHalfLife= 14.9698553690221
EAppRate= 3.67754161282792
FoliarEnabled= true
FoliarAppDate= 06/07/1989
FoliarForageBegin= 06/05/1989
FoliarForageEnd= 06/28/1989
AIContactFactor= 2.1926065579569
CL4Pollen= 1.72059671487659
CL4Nectar= 0.163651979528368
CL5Pollen= 1.02003370597959
CL5Nectar= 75.3071785555221
CLDPollen= 2.66522183082998
CLDNectar= 132.004504627548
CA13Pollen= 7.24206272820011
CA13Nectar= 41.9630664587021
CA410Pollen= 6.04551836606115
CA410Nectar= 174.429989494383
CA1120Pollen= 2.27136009349488
CA1120Nectar= 73.0982805974782
IPollenTrips= 6.71965828398243
INectarTrips= 14.0432962449268
IPollenLoad= 2.8622197592631
INectarLoad= 2.81985918991268
ESoilP= 1.42764931544662
ESoilFoc= 0.00285857375408523
