ICQueenStrength= 3.82924019731581
RQWkrDrnRatio= 1.19261629879475
ICDroneMiteSurvivorship= 25.686214142479
ICWorkerMiteSurvivorship= 38.9080358436331
ICForagerLifespan= 4.16381349042058
ImmType= Cosine
RQQueenStrength= 2.9942055339925
RQEnableReQueen= true
AIAdultSlope= 7.83953301794827
AIAdultLD50= 86.5878393300052
AIAdultSlopeContact= 3.49894916894846
AIAdultLD50Contact= 5.37436333969003
AILarvaSlope= 1.57746086083353
AILarvaLD50= 58.2151954205795
AIKOW= 95610.3356520987
AIKOC= 40983.4581349324
AIHalfLife= 24.6773347083479
EAppRate= 3.82173052335065
FoliarEnabled= true
FoliarAppDate= 06/07/1989
FoliarForageBegin= 06/05/1989
FoliarForageEnd= 06/28/1989
AIContactFactor= 0.731070542344823
CL4Pollen= 2.84424592740834
CL4Nectar= 29.1522118961439
CL5Pollen= 0.432204885408282
CL5Nectar= 109.36601255089
CLDPollen= 5.15967671619728
CLDNectar= 71.5775346499868
CA13Pollen= 5.40110386656597
CA13Nectar= 52.2571473568678
CA410Pollen= 8.29416815175209
CA410Nectar= 56.3562846044078
CA1120Pollen= 1.69030144019052
CA1120Nectar= 36.1533236689866
IPollenTrips= 14.8306284705177
INectarTrips= 9.06412849202752
IPollenLoad= 7.8586639650166
INectarLoad= 7.07677750149742
