ICQueenStrength= 5.96672761742957
RQWkrDrnRatio= 3.54302540980279
ICDroneMiteSurvivorship= 50.902909017168
ICWorkerMiteSurvivorship= 86.0097235068679
ICForagerLifespan= 4.52085748128593
ImmType= Polynomial
RQQueenStrength= 1.96265512635
RQEnableReQueen= true
AIAdultSlope= 4.82274214550853
AIAdultLD50= 4.3486314676886
AIAdultSlopeContact= 5.44654257898219
AIAdultLD50Contact= 31.7093062895099
AILarvaSlope= 3.58557281643152
AILarvaLD50= 13.2141159061841
AIKOW= 1929.6635922261
AIKOC= 10648.9353900263
AIHalfLife= 12.4508657383267
EAppRate= 7.75542410426308
FoliarEnabled= true
FoliarAppDate= 06/07/1989
FoliarForageBegin= 06/05/1989
FoliarForageEnd= 06/28/1989
AIContactFactor= 1.77506428355817
CL4Pollen= 0.478910151869059
CL4Nectar= 15.8266729442403
CL5Pollen= 1.7125814720057
CL5Nectar= 13.1598926265724
CLDPollen= 0.1437982711941
CLDNectar= 62.0045568910427
CA13Pollen= 3.38770094262436
CA13Nectar= 36.5664887055755
CA410Pollen= 7.61627360060811
CA410Nectar= 194.768668948673
CA1120Pollen= 0.893404559930786
CA1120Nectar= 52.4293671175838
IPollenTrips= 11.7382097127847
INectarTrips= 5.80330043798313
IPollenLoad= 8.69254445424303
INectarLoad= 3.34750505862758
