ICQueenStrength= 5.12843065569177
RQWkrDrnRatio= 2.82575693819672
ICDroneMiteSurvivorship= 4.08137540798634
ICWorkerMiteSurvivorship= 72.4500501062721
ICForagerLifespan= 13.6054132236168
ImmType= Tangent
RQQueenStrength= 3.23257689271122
RQEnableReQueen= true
AIAdultSlope= 3.3664523717016
AIAdultLD50= 62.0338232608468
AIAdultSlopeContact= 3.28345958306454
AIAdultLD50Contact= 46.3048303995831
AILarvaSlope= 6.21679602004588
AILarvaLD50= 95.9370140697951
AIKOW= 53006.1311981909
AIKOC= 82373.1541575014
AIHalfLife= 2.07022110242397
EAppRate= 2.59337963940715
FoliarEnabled= true
FoliarAppDate= 06/07/1989
FoliarForageBegin= 06/05/1989
FoliarForageEnd= 06/28/1989
AIContactFactor= 1.87854939633049
CL4Pollen= 3.28191031515598
CL4Nectar= 54.8380297143012
CL5Pollen= 5.73931248346344
CL5Nectar= 117.11666994961
CLDPollen= 5.64559429977089
CLDNectar= 117.938197776675
CA13Pollen= 4.51090749893337
CA13Nectar= 97.8950737044215
CA410Pollen= 6.75114601193927
CA410Nectar= 136.154656549916
CA1120Pollen= 0.294125125044957
CA1120Nectar= 99.9254494346678
IPollenTrips= 6.92704526474699
INectarTrips= 9.67650060309097
IPollenLoad= 1.36546242516488
INectarLoad= 6.78008316317573
