ICQueenStrength= 4.00894860061817
RQWkrDrnRatio= 4.82984860148281
ICDroneMiteSurvivorship= 47.9770314879715
ICWorkerMiteSurvivorship= 91.0420394735411
ICForagerLifespan= 7.9384631337598
ImmType= Sine
RQQueenStrength= 3.18112432165071
RQEnableReQueen= true
AIAdultSlope= 6.09068731404841
AIAdultLD50= 8.28665543756122
AIAdultSlopeContact= 7.75624336535111
AIAdultLD50Contact= 8.27679792906321
AILarvaSlope= 5.47825576364994
AILarvaLD50= 73.922127798964
AIKOW= 63194.5289456824
AIKOC= 57663.1396712011
AIHalfLife= 13.9514778276207
EAppRate= 2.96176484583435
FoliarEnabled= true
FoliarAppDate= 06/07/1989
FoliarForageBegin= 06/05/1989
FoliarForageEnd= 06/28/1989
AIContactFactor= 1.57696226610802
CL4Pollen= 0.908405662514269
CL4Nectar= 29.7585658961907
CL5Pollen= 2.70491012698039
CL5Nectar= 14.7723719011992
CLDPollen= 3.34803855372593
CLDNectar= 142.698085913435
CA13Pollen= 4.20705346465111
CA13Nectar= 81.092252060771
CA410Pollen= 7.61698627469596
CA410Nectar= 124.458309477195
CA1120Pollen= 1.72615805757232
CA1120Nectar= 59.5693560130894
IPollenTrips= 10.1918108691461
INectarTrips= 12.0736912474968
IPollenLoad= 6.46817862521857
INectarLoad= 4.64174350490794
