ICQueenStrength= 2.89411047613248
RQWkrDrnRatio= 3.32195984665304
ICDroneMiteSurvivorship= 41.5332747390494
ICWorkerMiteSurvivorship= 31.7297175526619
ICForagerLifespan= 10.1313363788649
ImmType= Tangent
RQQueenStrength= 2.27562168403529
RQEnableReQueen= true
AIAdultSlope= 1.05618877895176
AIAdultLD50= 7.44712258585915
AIAdultSlopeContact= 9.51460849260911
AIAdultLD50Contact= 28.2263763445639
AILarvaSlope= 1.49628060311079
AILarvaLD50= 79.9293594053178
AIKOW= 60455.8322774462
AIKOC= 31316.569671121
AIHalfLife= 28.8163330571027
EAppRate= 5.89624778470676
FoliarEnabled= true
FoliarAppDate= 06/07/1989
FoliarForageBegin= 06/05/1989
FoliarForageEnd= 06/28/1989
AIContactFactor= 1.7729075781256
CL4Pollen= 1.12082074116915
CL4Nectar= 43.1067919358611
CL5Pollen= 4.41891162609681
CL5Nectar= 118.308498314582
CLDPollen= 5.4870560048148
CLDNectar= 137.011836119927
CA13Pollen= 6.65261372486129
CA13Nectar= 49.9096407182515
CA410Pollen= 7.24150016347412
CA410Nectar= 107.978165596724
CA1120Pollen= 2.27704134956002
CA1120Nectar= 27.3067733459175
IPollenTrips= 8.04138490697369
INectarTrips= 7.65230450080708
IPollenLoad= 3.45429629553109
INectarLoad= 4.38012236729264
