ICQueenStrength= 4.35587517358363
RQWkrDrnRatio= 2.19559184648097
ICDroneMiteSurvivorship= 52.3514526430517
ICWorkerMiteSurvivorship= 23.0067511787638
ICForagerLifespan= 4.43705115374178
ImmType= Sine
RQQueenStrength= 3.96765941777267
RQEnableReQueen= true
AIAdultSlope= 8.54301963746548
AIAdultLD50= 21.7897018511591
AIAdultSlopeContact= 8.11533972108737
AIAdultLD50Contact= 59.2367439032593
AILarvaSlope= 8.61419038660824
AILarvaLD50= 7.50824306868878
AIKOW= 73234.4375214825
AIKOC= 67913.6117719258
AIHalfLife= 11.2857639693888
EAppRate= 4.18135307257995
FoliarEnabled= true
FoliarAppDate= 06/07/1989
FoliarForageBegin= 06/05/1989
FoliarForageEnd= 06/28/1989
AIContactFactor= 0.778662723973393
CL4Pollen= 1.65244826860726
CL4Nectar= 96.3529403321445
CL5Pollen= 0.809698863420635
CL5Nectar= 112.876191129908
CLDPollen= 5.54984213691205
CLDNectar= 83.2233127439395
CA13Pollen= 2.28766663260758
CA13Nectar= 88.3408549614251
CA410Pollen= 2.65320982343983
CA410Nectar= 125.056577078067
CA1120Pollen= 1.77756471536122
CA1120Nectar= 88.98871390149
IPollenTrips= 11.9557750527747
INectarTrips= 12.3324004560709
IPollenLoad= 7.87809224566445
INectarLoad= 9.56075969152153
ESoilP= 1.37447684910148
ESoilFoc= 0.0124625466554426
