ICQueenStrength= 3.81079047126696
RQWkrDrnRatio= 4.63258071150631
ICDroneMiteSurvivorship= 10.8854118036106
ICWorkerMiteSurvivorship= 89.1065433155745
ICForagerLifespan= 15.2912235911936
ImmType= Exponential
AIAdultSlope= 1.9427492200979
AIAdultLD50= 0.01719078165479
AIAdultSlopeContact= 2.0890482661128
AIAdultLD50Contact= 0.0444844878511503
AILarvaSlope= 3.39088477361947
AILarvaLD50= 0.691962590930052
AIKOW= 3.42072881478816
AIKOC= 27.9150541767012
AIHalfLife= 1.83403315753676
EAppRate= 7.67576925922185
FoliarEnabled= true
