ICQueenStrength= 2.32389523461461
RQWkrDrnRatio= 1.73607283830643
ICDroneMiteSurvivorship= 61.6379963699728
ICWorkerMiteSurvivorship= 59.1926317196339
ICForagerLifespan= 14.6499435640872
ImmType= Sine
RQQueenStrength= 1.69859388563782
RQEnableReQueen=true
AIAdultSlope= 1.34129805862904
AIAdultLD50= 0.0976195024093613
AIAdultSlopeContact= 1.68395658489317
AIAdultLD50Contact= 86.347221859782
AILarvaSlope= 7.26730930991471
AILarvaLD50= 79.9494316042324
AIKOW= 60508.2558844184
AIKOC= 67111.1326385809
AIHalfLife= 26.8423988183029
EAppRate= 1.7245063378776
FoliarEnabled=true
FoliarAppDate= 07/01/1989
FoliarForageBegin= 07/01/1989
FoliarForageEnd= 07/14/1989
AIContactFactor= 2.05962257566862
CL4Pollen= 1.62020115274936
CL4Nectar= 24.9907021643594
CL5Pollen= 1.34126476803795
CL5Nectar= 137.970047886483
CLDPollen= 2.77778348280117
CLDNectar= 33.8398666586727
CA13Pollen= 2.23650439670309
CA13Nectar= 83.1620096229017
CA410Pollen= 7.61012678893749
CA410Nectar= 197.293976363726
CA1120Pollen= 0.988448377232999
CA1120Nectar= 67.9843381978571
IPollenTrips= 12.8241337882355
INectarTrips= 10.1287806592882
IPollenLoad= 7.73404637118801
INectarLoad= 8.7281805719249
