ICQueenStrength= 1.37109331111424
RQWkrDrnRatio= 2.33816722594202
ICDroneMiteSurvivorship= 47.4367687711492
ICWorkerMiteSurvivorship= 45.7249650498852
ICForagerLifespan= 6.63101905863732
ImmType= Tangent
RQQueenStrength= 5.61836423026398
RQEnableReQueen= true
AIAdultSlope= 4.18204146623611
AIAdultLD50= 42.4308224120354
AIAdultSlopeContact= 6.34014149219729
AIAdultLD50Contact= 31.9500526767713
AILarvaSlope= 6.44534355960786
AILarvaLD50= 74.8782748311455
AIKOW= 76230.8252297304
AIKOC= 91537.8179754096
AIHalfLife= 15.0442657665117
EAppRate= 0.624250321777072
FoliarEnabled= true
FoliarAppDate= 06/07/1989
FoliarForageBegin= 06/05/1989
FoliarForageEnd= 06/28/1989
AIContactFactor= 1.65272323559038
CL4Pollen= 0.17833471018821
CL4Nectar= 64.5697552710772
CL5Pollen= 5.17213056609035
CL5Nectar= 146.440937218722
CLDPollen= 1.84944975050166
CLDNectar= 119.186554395128
CA13Pollen= 2.81879002582282
CA13Nectar= 86.6626738198102
CA410Pollen= 9.37349861999974
CA410Nectar= 143.087430042215
CA1120Pollen= 0.32483555842191
CA1120Nectar= 40.0388244539499
IPollenTrips= 12.6340122427791
INectarTrips= 13.2676147855818
IPollenLoad= 7.15325748780742
INectarLoad= 1.26652892213315
