ICQueenStrength= 4.68090821430087
RQWkrDrnRatio= 3.84617657121271
ICDroneMiteSurvivorship= 34.7703553969041
ICWorkerMiteSurvivorship= 57.1141133783385
ICForagerLifespan= 9.02897823788226
ImmType= Polynomial
RQQueenStrength= 2.87020629527979
RQEnableReQueen= true
AIAdultSlope= 8.18467547558248
AIAdultLD50= 10.9372411981728
AIAdultSlopeContact= 3.45525542250834
AIAdultLD50Contact= 44.7376603547367
AILarvaSlope= 6.38642826490104
AILarvaLD50= 19.9314606264164
AIKOW= 84727.7927117803
AIKOC= 45.6439214374404
AIHalfLife= 28.309300354938
EAppRate= 0.400957688595401
FoliarEnabled= true
FoliarAppDate= 06/07/1989
FoliarForageBegin= 06/05/1989
FoliarForageEnd= 06/28/1989
AIContactFactor= 2.31511841958389
CL4Pollen= 0.83245777990669
CL4Nectar= 66.3643944775686
CL5Pollen= 5.43937009479851
CL5Nectar= 36.9479067041539
CLDPollen= 4.73455454874784
CLDNectar= 27.7927536866628
CA13Pollen= 3.77280141534284
CA13Nectar= 79.6984991803765
CA410Pollen= 5.72621037394274
CA410Nectar= 134.055812908337
CA1120Pollen= 0.867031706264243
CA1120Nectar= 61.5946932695806
IPollenTrips= 11.0853193514049
INectarTrips= 9.81786221265793
IPollenLoad= 3.21544775972143
INectarLoad= 1.65715419687331
