ICQueenStrength= 2.64062694413587
RQWkrDrnRatio= 4.38543272763491
ICDroneMiteSurvivorship= 76.893761777319
ICWorkerMiteSurvivorship= 13.5117210447788
ICForagerLifespan= 7.4997827950865
ImmType= Polynomial
RQQueenStrength= 4.56688859988935
RQEnableReQueen= true
AIAdultSlope= 4.75750849954784
AIAdultLD50= 24.5448491085465
AIAdultSlopeContact= 2.08344982680865
AIAdultLD50Contact= 69.9038187354032
AILarvaSlope= 8.33199961856008
AILarvaLD50= 7.60718907245807
AIKOW= 72579.4687813683
AIKOC= 48508.7639544774
AIHalfLife= 10.430207771319
EAppRate= 3.00801066609239
FoliarEnabled= true
FoliarAppDate= 06/07/1989
FoliarForageBegin= 06/05/1989
FoliarForageEnd= 06/28/1989
AIContactFactor= 1.62232171118725
CL4Pollen= 3.57550270110369
CL4Nectar= 57.628853735514
CL5Pollen= 3.21395060000941
CL5Nectar= 71.7998370411806
CLDPollen= 0.576116217300296
CLDNectar= 40.6950248521753
CA13Pollen= 5.72045817440376
CA13Nectar= 45.0979597494006
CA410Pollen= 8.48995312876068
CA410Nectar= 170.618959991261
CA1120Pollen= 2.84049515286461
CA1120Nectar= 31.4421840384603
IPollenTrips= 9.50132336933166
INectarTrips= 6.81695401202887
IPollenLoad= 4.21118428464979
INectarLoad= 2.49182329280302
