ICQueenStrength= 4.20695421472192
RQWkrDrnRatio= 2.45878689736128
ICDroneMiteSurvivorship= 99.9389471486211
ICWorkerMiteSurvivorship= 89.2955305054784
ICForagerLifespan= 5.47611946612597
ImmType= Exponential
RQQueenStrength= 2.43313342798501
RQEnableReQueen=true
AIAdultSlope= 1.65327302925289
AIAdultLD50= 0.203992766626645
AIAdultSlopeContact= 8.28684112313204
AIAdultLD50Contact= 61.9772595075425
AILarvaSlope= 6.29210905916989
AILarvaLD50= 31.0375034916892
AIKOW= 99397.6840187546
AIKOC= 32152.3362454283
AIHalfLife= 18.9983702837257
EAppRate= 8.76989562265691
FoliarEnabled=true
FoliarAppDate= 07/01/1989
FoliarForageBegin= 07/01/1989
FoliarForageEnd= 07/14/1989
AIContactFactor= 0.796243268251419
CL4Pollen= 2.90461087878793
CL4Nectar= 45.9328170865774
CL5Pollen= 5.61072339629754
CL5Nectar= 125.361755595077
CLDPollen= 1.06184722529724
CLDNectar= 72.984773281496
CA13Pollen= 7.68409499274567
CA13Nectar= 68.2612534239888
CA410Pollen= 2.46221324268263
CA410Nectar= 105.547209703363
CA1120Pollen= 1.64414513669908
CA1120Nectar= 42.1675303578377
IPollenTrips= 6.3001532224007
INectarTrips= 8.2727211760357
IPollenLoad= 8.45573739614338
INectarLoad= 0.441981500480324
