ICQueenStrength= 3.09180196397938
RQWkrDrnRatio= 2.68369599338621
ICDroneMiteSurvivorship= 31.1637333128601
ICWorkerMiteSurvivorship= 17.8234539926052
ICForagerLifespan= 12.6146466983482
ImmType= Logarithmic
RQQueenStrength= 4.96498928545043
RQEnableReQueen= true
AIAdultSlope= 6.12788276933134
AIAdultLD50= 64.2818380144231
AIAdultSlopeContact= 8.9303563432768
AIAdultLD50Contact= 93.5786618145958
AILarvaSlope= 5.66714591346681
AILarvaLD50= 36.4496960984692
AIKOW= 48681.6234982286
AIKOC= 93235.2585127437
AIHalfLife= 19.7793557787314
EAppRate= 5.38483839366958
FoliarEnabled= true
FoliarAppDate= 06/07/1989
FoliarForageBegin= 06/05/1989
FoliarForageEnd= 06/28/1989
AIContactFactor= 2.06291039705276
CL4Pollen= 3.62257783394307
CL4Nectar= 11.1376316519454
CL5Pollen= 0.563956833444536
CL5Nectar= 68.0736479815096
CLDPollen= 3.06393304467201
CLDNectar= 1.61995722446591
CA13Pollen= 5.29275539079681
CA13Nectar= 81.5394771844149
CA410Pollen= 4.66417446823325
CA410Nectar= 134.046568339691
CA1120Pollen= 0.441681199008599
CA1120Nectar= 78.1730102933943
IPollenTrips= 13.9850566745736
INectarTrips= 12.0844439440407
IPollenLoad= 9.01567890541628
INectarLoad= 4.22611608868465
