ICQueenStrength= 5.41524389083497
RQWkrDrnRatio= 3.30508600454777
ICDroneMiteSurvivorship= 20.7608341239393
ICWorkerMiteSurvivorship= 51.652119983919
ICForagerLifespan= 15.3460367899388
ImmType= Logarithmic
AIAdultSlope= 3.86343641153304
AIAdultLD50= 0.0512092138640583
AIAdultSlopeContact= 3.19721297137672
AIAdultLD50Contact= 0.0236379657988437
AILarvaSlope= 0.809765338059515
AILarvaLD50= 0.844526101369411
AIKOW= 4.49189621396363
AIKOC= 11.3852330902591
AIHalfLife= 2.35117366630584
EAppRate= 3.71767284115776
FoliarEnabled= true
