ICQueenStrength= 5.32673574774526
RQWkrDrnRatio= 1.94960984308273
ICDroneMiteSurvivorship= 31.5172447124496
ICWorkerMiteSurvivorship= 66.1917720688507
ICForagerLifespan= 11.3522160639986
ImmType= Cosine
RQQueenStrength= 3.59190260781907
RQEnableReQueen= true
AIAdultSlope= 5.72237070091069
AIAdultLD50= 7.30040098011401
AIAdultSlopeContact= 4.69229069375433
AIAdultLD50Contact= 57.0336253871657
AILarvaSlope= 4.52987384237349
AILarvaLD50= 71.7261756918512
AIKOW= 73383.2096522268
AIKOC= 18372.286185313
AIHalfLife= 10.1839714206522
EAppRate= 7.06779970936128
FoliarEnabled= true
FoliarAppDate= 06/07/1989
FoliarForageBegin= 06/05/1989
FoliarForageEnd= 06/28/1989
AIContactFactor= 2.3612044627266
CL4Pollen= 1.27586152218282
CL4Nectar= 81.9417580263689
CL5Pollen= 5.76744985487312
CL5Nectar= 27.7875587577
CLDPollen= 5.175008777529
CLDNectar= 107.17235757038
CA13Pollen= 5.92161156265065
CA13Nectar= 22.5625030510128
CA410Pollen= 6.50269984465558
CA410Nectar= 184.644886101596
CA1120Pollen= 0.855855070520192
CA1120Nectar= 28.8625870272517
IPollenTrips= 14.8228277498856
INectarTrips= 11.3327269512229
IPollenLoad= 8.39422171702608
INectarLoad= 8.92743243603036
ESoilP= 1.81305962870829
ESoilFoc= 0.0158486749171279
