ICQueenStrength= 4.91561269178055
RQWkrDrnRatio= 3.29623901844025
ICDroneMiteSurvivorship= 24.7703998349607
ICWorkerMiteSurvivorship= 82.094565872103
ICForagerLifespan= 15.6472779475152
ImmType= Logarithmic
RQQueenStrength= 1.95563015551306
RQEnableReQueen= true
AIAdultSlope= 1.6627921294421
AIAdultLD50= 46.3497075684268
AIAdultSlopeContact= 6.28419796517119
AIAdultLD50Contact= 58.3895220594227
AILarvaSlope= 7.37821668945253
AILarvaLD50= 87.7777939999942
AIKOW= 81092.0224573732
AIKOC= 93839.2605409937
AIHalfLife= 21.0393204678548
EAppRate= 4.40170725316159
FoliarEnabled= true
FoliarAppDate= 06/07/1989
FoliarForageBegin= 06/05/1989
FoliarForageEnd= 06/28/1989
AIContactFactor= 1.87457264665049
CL4Pollen= 3.6322426032275
CL4Nectar= 72.0782849472016
CL5Pollen= 5.0734297321178
CL5Nectar= 117.59435206186
CLDPollen= 3.05596394883469
CLDNectar= 115.354109730106
CA13Pollen= 5.61134640341625
CA13Nectar= 33.1844816729426
CA410Pollen= 5.69745330151636
CA410Nectar= 199.122307701036
CA1120Pollen= 0.793226490262896
CA1120Nectar= 91.7784695886075
IPollenTrips= 14.8813859117217
INectarTrips= 5.5673663597554
IPollenLoad= 4.73835674347356
INectarLoad= 7.46090668253601
