ICQueenStrength= 5.67096265754662
RQWkrDrnRatio= 4.51668584998697
ICDroneMiteSurvivorship= 19.9783058138564
ICWorkerMiteSurvivorship= 76.4510723995045
ICForagerLifespan= 5.59461673069745
ImmType= Tangent
RQQueenStrength= 4.92593820928596
RQEnableReQueen= true
AIAdultSlope= 7.86635660380125
AIAdultLD50= 94.9463647683503
AIAdultSlopeContact= 6.90938761457801
AIAdultLD50Contact= 77.0402841554368
AILarvaSlope= 4.85047529824078
AILarvaLD50= 35.6580692093167
AIKOW= 23349.8488136084
AIKOC= 28417.9154685384
AIHalfLife= 5.28598423523363
EAppRate= 6.59006753501296
FoliarEnabled= true
FoliarAppDate= 06/07/1989
FoliarForageBegin= 06/05/1989
FoliarForageEnd= 06/28/1989
AIContactFactor= 0.995581756224856
CL4Pollen= 2.59066820051521
CL4Nectar= 31.2663928605616
CL5Pollen= 2.80964945722371
CL5Nectar= 120.346947794314
CLDPollen= 3.55602484289557
CLDNectar= 144.027059606742
CA13Pollen= 7.29160833945498
CA13Nectar= 64.2067643068731
CA410Pollen= 2.39983377819881
CA410Nectar= 138.963593570516
CA1120Pollen= 0.465023956960067
CA1120Nectar= 33.7637880071998
IPollenTrips= 13.7244728091173
INectarTrips= 5.11560331564397
IPollenLoad= 4.27345796488225
INectarLoad= 2.25260846316814
ESoilP= 1.78756459662691
ESoilFoc= 0.016157950570574
