ICQueenStrength= 1.40208004647866
RQWkrDrnRatio= 4.55217459518462
ICDroneMiteSurvivorship= 14.2597490688786
ICWorkerMiteSurvivorship= 67.7194171585143
ICForagerLifespan= 9.49965811800212
ImmType= Logarithmic
RQQueenStrength= 4.30342387664132
RQEnableReQueen= true
AIAdultSlope= 7.98268309421837
AIAdultLD50= 49.0825731560355
AIAdultSlopeContact= 6.26959839137271
AIAdultLD50Contact= 33.0705676986778
AILarvaSlope= 1.97774882614613
AILarvaLD50= 82.3609043380632
AIKOW= 91151.7302972039
AIKOC= 5572.55464802799
AIHalfLife= 19.3278830807656
EAppRate= 4.15304134617793
FoliarEnabled= true
FoliarAppDate= 06/07/1989
FoliarForageBegin= 06/05/1989
FoliarForageEnd= 06/28/1989
AIContactFactor= 2.24028130983468
CL4Pollen= 3.12468228675425
CL4Nectar= 11.8275392567739
CL5Pollen= 3.15809505851939
CL5Nectar= 147.010076441802
CLDPollen= 1.52509673824534
CLDNectar= 21.1004589800723
CA13Pollen= 7.47829512022436
CA13Nectar= 85.5867033265531
CA410Pollen= 8.40966731968802
CA410Nectar= 108.907175259665
CA1120Pollen= 2.81816335511394
CA1120Nectar= 44.8446417227387
IPollenTrips= 9.25962420878932
INectarTrips= 9.95008710306138
IPollenLoad= 0.401748795993626
INectarLoad= 1.84490905376151
ESoilP= 1.20971768163145
ESoilFoc= 0.0130446464170236
