ICQueenStrength= 1.77330390270799
RQWkrDrnRatio= 1.17285152710974
ICDroneMiteSurvivorship= 60.0775442318991
ICWorkerMiteSurvivorship= 17.334016575478
ICForagerLifespan= 7.27165305893868
ImmType= Tangent
RQQueenStrength= 3.91532894503325
RQEnableReQueen=true
AIAdultSlope= 7.27782676555216
AIAdultLD50= 0.47219595668721
AIAdultSlopeContact= 2.98971492308192
AIAdultLD50Contact= 98.0529918391723
AILarvaSlope= 4.98626652918756
AILarvaLD50= 26.1647289927246
AIKOW= 79860.0479611299
AIKOC= 82657.8658880752
AIHalfLife= 12.9089528776705
EAppRate= 6.67543327280786
FoliarEnabled=true
FoliarAppDate= 07/01/1989
FoliarForageBegin= 07/01/1989
FoliarForageEnd= 07/14/1989
AIContactFactor= 2.33567229403183
CL4Pollen= 2.09167637303472
CL4Nectar= 29.2185695143417
CL5Pollen= 5.13350158324465
CL5Nectar= 62.2003413853236
CLDPollen= 1.29370851907879
CLDNectar= 47.3093962180428
CA13Pollen= 7.30301618091762
CA13Nectar= 91.7926252447069
CA410Pollen= 5.01136255559977
CA410Nectar= 21.8715988472104
CA1120Pollen= 0.340216225711629
CA1120Nectar= 98.461032435298
IPollenTrips= 10.9741594968364
INectarTrips= 6.96431342512369
IPollenLoad= 3.93089624587446
INectarLoad= 4.90951156243682
