ICQueenStrength= 5.59686878835782
RQWkrDrnRatio= 2.77745513431728
ICDroneMiteSurvivorship= 96.9414788531139
ICWorkerMiteSurvivorship= 10.5596416862682
ICForagerLifespan= 9.39123932365328
ImmType= Exponential
RQQueenStrength= 2.89681498450227
RQEnableReQueen= true
AIAdultSlope= 7.46581322327256
AIAdultLD50= 0.0786955108828843
AIAdultSlopeContact= 3.59747045487165
AIAdultLD50Contact= 74.5048835449535
AILarvaSlope= 6.05325959250331
AILarvaLD50= 59.1464279371095
AIKOW= 3743.68136790073
AIKOC= 9509.94022594276
AIHalfLife= 19.0747502588201
EAppRate= 3.68752301190235
FoliarEnabled= true
FoliarAppDate= 09/01/1989
FoliarForageBegin= 09/01/1989
FoliarForageEnd= 09/08/1989
AIContactFactor= 1.38366644374095
CL4Pollen= 0.267963023856282
CL4Nectar= 19.3315282929689
CL5Pollen= 0.890881075523794
CL5Nectar= 74.1185790393502
CLDPollen= 0.716867299284786
CLDNectar= 50.4593508085236
CA13Pollen= 6.65429819403216
CA13Nectar= 34.4089365005493
CA410Pollen= 8.29373633179348
CA410Nectar= 146.268463255838
CA1120Pollen= 2.47470170957968
CA1120Nectar= 28.4966649860144
IPollenTrips= 14.6009086468257
INectarTrips= 9.31860566139221
IPollenLoad= 7.78259694809094
INectarLoad= 4.62149769300595
