ICQueenStrength= 1.61758905299939
RQWkrDrnRatio= 1.19517733622342
ICDroneMiteSurvivorship= 9.23528955318034
ICWorkerMiteSurvivorship= 13.4831124683842
ICForagerLifespan= 9.9799954816699
ImmType= Exponential
RQQueenStrength= 2.24853674205951
RQEnableReQueen= true
AIAdultSlope= 4.43936351127923
AIAdultLD50= 92.6753375900446
AIAdultSlopeContact= 5.87113769515418
AIAdultLD50Contact= 60.2005446540855
AILarvaSlope= 1.90390914492309
AILarvaLD50= 23.8942840016214
AIKOW= 29884.3980334757
AIKOC= 12220.1031668957
AIHalfLife= 21.3305064674933
EAppRate= 3.41062086164718
FoliarEnabled= true
FoliarAppDate= 06/07/1989
FoliarForageBegin= 06/05/1989
FoliarForageEnd= 06/28/1989
AIContactFactor= 1.14477317858022
CL4Pollen= 0.0287981824949384
CL4Nectar= 16.4952255552635
CL5Pollen= 0.682444211561233
CL5Nectar= 146.532397647388
CLDPollen= 4.58647113153711
CLDNectar= 34.8648549523205
CA13Pollen= 7.66442201221362
CA13Nectar= 21.9003267399967
CA410Pollen= 8.54165412972216
CA410Nectar= 80.955438669771
CA1120Pollen= 2.10254748724401
CA1120Nectar= 37.2842876426876
IPollenTrips= 6.30963460309431
INectarTrips= 13.7289225612767
IPollenLoad= 1.48163554957137
INectarLoad= 4.34369462775066
