ICQueenStrength= 3.70941721461713
RQWkrDrnRatio= 4.96406320948154
ICDroneMiteSurvivorship= 0.0953652895987034
ICWorkerMiteSurvivorship= 58.9035163400695
ICForagerLifespan= 12.5821234583855
ImmType= Tangent
RQQueenStrength= 2.86143140308559
RQEnableReQueen=true
AIAdultSlope= 1.71643670275807
AIAdultLD50= 0.613357830967056
AIAdultSlopeContact= 2.9460907401517
AIAdultLD50Contact= 63.5634719516647
AILarvaSlope= 4.96708320081234
AILarvaLD50= 86.826378807514
AIKOW= 30321.6574542744
AIKOC= 89959.357666461
AIHalfLife= 11.266894244845
EAppRate= 0.869487188193947
FoliarEnabled=true
FoliarAppDate= 07/01/1989
FoliarForageBegin= 07/01/1989
FoliarForageEnd= 07/14/1989
AIContactFactor= 0.314542801589705
CL4Pollen= 3.03568793740124
CL4Nectar= 82.2731042280793
CL5Pollen= 1.60332237649709
CL5Nectar= 102.480359422043
CLDPollen= 1.49207079363987
CLDNectar= 52.2314579109661
CA13Pollen= 4.81761450534686
CA13Nectar= 20.1456202380359
CA410Pollen= 5.0930069381604
CA410Nectar= 49.7467984352261
CA1120Pollen= 0.868824010714889
CA1120Nectar= 77.6348128542304
IPollenTrips= 13.0868637841195
INectarTrips= 13.0715964082628
IPollenLoad= 5.34053030190989
INectarLoad= 5.29861403163522
