ICQueenStrength= 5.45988659979776
RQWkrDrnRatio= 4.15864329971373
ICDroneMiteSurvivorship= 45.633803261444
ICWorkerMiteSurvivorship= 90.3098575072363
ICForagerLifespan= 11.7128093410283
ImmType= Logarithmic
RQQueenStrength= 2.84109468013048
RQEnableReQueen= true
AIAdultSlope= 3.27825425937772
AIAdultLD50= 0.366313938818406
AIAdultSlopeContact= 6.72449503885582
AIAdultLD50Contact= 79.4360723865214
AILarvaSlope= 1.58745153807104
AILarvaLD50= 22.6678028064298
AIKOW= 46121.0593909098
AIKOC= 98867.7050760442
AIHalfLife= 12.1301707636099
EAppRate= 1.37594965795404
FoliarEnabled= true
FoliarAppDate= 09/01/1989
FoliarForageBegin= 09/01/1989
FoliarForageEnd= 09/08/1989
AIContactFactor= 1.90336067400407
CL4Pollen= 3.2660850090906
CL4Nectar= 33.7393259396777
CL5Pollen= 3.74028788460419
CL5Nectar= 63.7202336685732
CLDPollen= 2.97791746957228
CLDNectar= 59.9806685233489
CA13Pollen= 3.74827817669138
CA13Nectar= 50.8576513454318
CA410Pollen= 5.01400422900915
CA410Nectar= 101.356504461728
CA1120Pollen= 0.693767183460295
CA1120Nectar= 83.0303530953825
IPollenTrips= 9.84894395107403
INectarTrips= 13.6952999047935
IPollenLoad= 1.63706320105121
INectarLoad= 2.9478681855835
