ICQueenStrength= 3.58979289676063
RQWkrDrnRatio= 4.57435509003699
ICDroneMiteSurvivorship= 40.3986359480768
ICWorkerMiteSurvivorship= 69.1116229165345
ICForagerLifespan= 10.9473929563537
ImmType= Cosine
RQQueenStrength= 4.59443683177233
RQEnableReQueen= true
AIAdultSlope= 4.08145256899297
AIAdultLD50= 0.828685863441555
AIAdultSlopeContact= 2.21715997881256
AIAdultLD50Contact= 35.8683697087904
AILarvaSlope= 3.17273413576186
AILarvaLD50= 44.96258498696
AIKOW= 54077.5909841821
AIKOC= 75185.1772887581
AIHalfLife= 12.6433199425228
EAppRate= 5.19641490662959
FoliarEnabled= true
FoliarAppDate= 09/01/1989
FoliarForageBegin= 09/01/1989
FoliarForageEnd= 09/08/1989
AIContactFactor= 1.35565604250412
CL4Pollen= 0.962735294364393
CL4Nectar= 65.7216150779277
CL5Pollen= 0.340456321835518
CL5Nectar= 20.3111457405612
CLDPollen= 1.72769017936662
CLDNectar= 148.936700611375
CA13Pollen= 7.45284392107278
CA13Nectar= 42.497243154794
CA410Pollen= 4.44305081982166
CA410Nectar= 198.619111753069
CA1120Pollen= 2.1468319860287
CA1120Nectar= 61.1836853437126
IPollenTrips= 5.1567464065738
INectarTrips= 6.63862142013386
IPollenLoad= 2.49452416086569
INectarLoad= 9.18269356014207
