ICQueenStrength= 5.57350751734339
RQWkrDrnRatio= 3.82586695998907
ICDroneMiteSurvivorship= 92.1021721791476
ICWorkerMiteSurvivorship= 85.4084337130189
ICForagerLifespan= 8.55464750807732
ImmType= Tangent
RQQueenStrength= 3.84924041945487
RQEnableReQueen= true
AIAdultSlope= 3.05460598878562
AIAdultLD50= 93.2099474671884
AIAdultSlopeContact= 7.22904892428778
AIAdultLD50Contact= 79.5716125754018
AILarvaSlope= 8.01745082437992
AILarvaLD50= 57.8091938745803
AIKOW= 72584.8143628644
AIKOC= 50919.8154786029
AIHalfLife= 0.762458870140836
EAppRate= 0.509925895237364
FoliarEnabled= true
FoliarAppDate= 06/07/1989
FoliarForageBegin= 06/05/1989
FoliarForageEnd= 06/28/1989
AIContactFactor= 0.414362647417001
CL4Pollen= 2.72725047450513
CL4Nectar= 38.7306879274547
CL5Pollen= 1.978901327122
CL5Nectar= 111.624353856314
CLDPollen= 3.92344390461221
CLDNectar= 49.1429022629745
CA13Pollen= 5.01570165650919
CA13Nectar= 71.2385339662433
CA410Pollen= 9.40579972919077
CA410Nectar= 76.9936948781833
CA1120Pollen= 2.0513050777372
CA1120Nectar= 96.1486945860088
IPollenTrips= 8.34529218031093
INectarTrips= 11.2536880071275
IPollenLoad= 2.03001217218116
INectarLoad= 8.55433367658406
