ICQueenStrength= 4.4150154562667
RQWkrDrnRatio= 4.16984397079796
ICDroneMiteSurvivorship= 4.0813764790073
ICWorkerMiteSurvivorship= 31.8955532507971
ICForagerLifespan= 11.6420482331887
ImmType= Polynomial
RQQueenStrength= 5.6522957959678
RQEnableReQueen= true
AIAdultSlope= 8.55869539454579
AIAdultLD50= 5.59090689761145
AIAdultSlopeContact= 2.63267001928762
AIAdultLD50Contact= 44.0499107497898
AILarvaSlope= 1.7628334145993
AILarvaLD50= 4.87275256892294
AIKOW= 13635.5815905237
AIKOC= 75956.8348192628
AIHalfLife= 2.10638851190452
EAppRate= 6.81011311081355
FoliarEnabled= true
FoliarAppDate= 06/07/1989
FoliarForageBegin= 06/05/1989
FoliarForageEnd= 06/28/1989
AIContactFactor= 0.771244625798426
CL4Pollen= 1.16224495880306
CL4Nectar= 87.760945269838
CL5Pollen= 3.37693712906912
CL5Nectar= 115.277252183296
CLDPollen= 4.42173024080694
CLDNectar= 36.8316111154854
CA13Pollen= 6.79970537154004
CA13Nectar= 52.5545980408788
CA410Pollen= 5.50714950878173
CA410Nectar= 114.712032964453
CA1120Pollen= 0.367354739690199
CA1120Nectar= 53.1736199185252
IPollenTrips= 13.3178227301687
INectarTrips= 9.79011330753565
IPollenLoad= 9.60976277012378
INectarLoad= 9.34962257510051
