ICQueenStrength= 2.2563403963577
RQWkrDrnRatio= 4.01382295880467
ICDroneMiteSurvivorship= 49.3562136311084
ICWorkerMiteSurvivorship= 6.93083428777754
ICForagerLifespan= 12.9330578213558
ImmType= Tangent
RQQueenStrength= 4.92177903908305
RQEnableReQueen= true
AIAdultSlope= 2.50333155505359
AIAdultLD50= 81.4473863776438
AIAdultSlopeContact= 6.2626067022793
AIAdultLD50Contact= 54.7188462294158
AILarvaSlope= 6.44736109115183
AILarvaLD50= 32.6546086444191
AIKOW= 33842.8866617071
AIKOC= 28064.6192217187
AIHalfLife= 2.51328503030818
EAppRate= 2.15478142087953
FoliarEnabled= true
FoliarAppDate= 06/07/1989
FoliarForageBegin= 06/05/1989
FoliarForageEnd= 06/28/1989
AIContactFactor= 1.16970429716632
CL4Pollen= 0.336143849417567
CL4Nectar= 78.1190059380606
CL5Pollen= 4.99106783140451
CL5Nectar= 70.7472878624685
CLDPollen= 1.51374448137358
CLDNectar= 11.5253196330741
CA13Pollen= 3.9074683951214
CA13Nectar= 42.7294034324586
CA410Pollen= 5.23939950452186
CA410Nectar= 76.1126969661564
CA1120Pollen= 1.01201968034729
CA1120Nectar= 57.1186718903482
IPollenTrips= 14.4561791350134
INectarTrips= 10.5258317990229
IPollenLoad= 5.5129808629863
INectarLoad= 3.06263204431161
