ICQueenStrength= 2.5901676111389
RQWkrDrnRatio= 4.50992304179817
ICDroneMiteSurvivorship= 0.134521001018584
ICWorkerMiteSurvivorship= 63.9727564295754
ICForagerLifespan= 5.63894664123654
ImmType= Cosine
RQQueenStrength= 5.76006183424033
RQEnableReQueen= true
AIAdultSlope= 7.79707922786474
AIAdultLD50= 39.5731794038173
AIAdultSlopeContact= 8.17519898409955
AIAdultLD50Contact= 13.7366170578487
AILarvaSlope= 8.89102569036186
AILarvaLD50= 94.507995220406
AIKOW= 19091.4797247267
AIKOC= 53264.239408473
AIHalfLife= 12.2911800071364
EAppRate= 8.68925182576198
FoliarEnabled= true
FoliarAppDate= 06/07/1989
FoliarForageBegin= 06/05/1989
FoliarForageEnd= 06/28/1989
AIContactFactor= 2.27115083163604
CL4Pollen= 2.14838943257928
CL4Nectar= 96.7578350799158
CL5Pollen= 1.80036103120074
CL5Nectar= 115.82293768879
CLDPollen= 5.86217785673216
CLDNectar= 97.2414599382319
CA13Pollen= 5.10250687114894
CA13Nectar= 59.0323609672487
CA410Pollen= 9.10041838709731
CA410Nectar= 129.430504394695
CA1120Pollen= 1.65009721135721
CA1120Nectar= 51.6388916410506
IPollenTrips= 6.09239007346332
INectarTrips= 5.77841419260949
IPollenLoad= 8.41732489177957
INectarLoad= 7.7284649387002
