ICQueenStrength= 2.41706418362446
RQWkrDrnRatio= 1.98576240986586
ICDroneMiteSurvivorship= 36.1273827962577
ICWorkerMiteSurvivorship= 22.1722711576149
ICForagerLifespan= 8.30813034623861
ImmType= Exponential
RQQueenStrength= 4.79850324592553
RQEnableReQueen= true
AIAdultSlope= 1.11650305613875
AIAdultLD50= 88.2142470216607
AIAdultSlopeContact= 2.84946979512461
AIAdultLD50Contact= 17.4541231603054
AILarvaSlope= 3.36273804679513
AILarvaLD50= 93.2519836649282
AIKOW= 68951.8948865731
AIKOC= 31567.735288474
AIHalfLife= 6.38044991400093
EAppRate= 2.40105016168882
FoliarEnabled= true
FoliarAppDate= 06/07/1989
FoliarForageBegin= 06/05/1989
FoliarForageEnd= 06/28/1989
AIContactFactor= 2.17555179351009
CL4Pollen= 3.09200048167259
CL4Nectar= 89.4986252998933
CL5Pollen= 3.5986368698068
CL5Nectar= 7.71980186691508
CLDPollen= 2.66879430413246
CLDNectar= 65.3366124839522
CA13Pollen= 7.52046591537073
CA13Nectar= 80.2292441576719
CA410Pollen= 5.21747769254725
CA410Nectar= 110.640365625732
CA1120Pollen= 0.171223565703258
CA1120Nectar= 78.4480912983418
IPollenTrips= 5.10618314379826
INectarTrips= 6.33459786185995
IPollenLoad= 8.10177416773513
INectarLoad= 5.93375120079145
ESoilP= 1.24260989599861
ESoilFoc= 0.00259248401829973
