ICQueenStrength= 3.19977712840773
RQWkrDrnRatio= 4.17454365827143
ICDroneMiteSurvivorship= 37.7811072394252
ICWorkerMiteSurvivorship= 54.0481966221705
ICForagerLifespan= 4.55226502008736
ImmType= Cosine
RQQueenStrength= 5.10607194644399
RQEnableReQueen= true
AIAdultSlope= 6.32656847126782
AIAdultLD50= 64.6522244416601
AIAdultSlopeContact= 3.26760885305703
AIAdultLD50Contact= 43.6142536051536
AILarvaSlope= 2.67174565047026
AILarvaLD50= 50.9154554191555
AIKOW= 78927.0395996907
AIKOC= 67614.9946961775
AIHalfLife= 0.688420422538184
EAppRate= 9.09819094994431
FoliarEnabled= true
FoliarAppDate= 06/07/1989
FoliarForageBegin= 06/05/1989
FoliarForageEnd= 06/28/1989
AIContactFactor= 0.753385372175835
CL4Pollen= 2.47241959627718
CL4Nectar= 60.8136468566954
CL5Pollen= 3.92653855355456
CL5Nectar= 13.6055987910368
CLDPollen= 4.11093434365466
CLDNectar= 73.9008528529666
CA13Pollen= 5.17372401878238
CA13Nectar= 34.9407095089555
CA410Pollen= 6.61164865996689
CA410Nectar= 48.0541819287464
CA1120Pollen= 0.97792571503669
CA1120Nectar= 25.5389704182744
IPollenTrips= 9.91870692931116
INectarTrips= 5.76845603995025
IPollenLoad= 2.45156130520627
INectarLoad= 4.42645859671757
