ICQueenStrength= 1.35793019575067
RQWkrDrnRatio= 1.93183926865458
ICDroneMiteSurvivorship= 48.5868895426393
ICWorkerMiteSurvivorship= 68.5225191758946
ICForagerLifespan= 6.16572625003755
ImmType= Tangent
RQQueenStrength= 3.01557075139135
RQEnableReQueen= true
AIAdultSlope= 5.05730674415827
AIAdultLD50= 20.9329267123013
AIAdultSlopeContact= 2.13496897462755
AIAdultLD50Contact= 27.6835997348654
AILarvaSlope= 8.58436024747789
AILarvaLD50= 92.4234138836968
AIKOW= 97482.4466931822
AIKOC= 40798.4318242918
AIHalfLife= 11.2756139888894
EAppRate= 4.88742251762049
FoliarEnabled= true
FoliarAppDate= 06/07/1989
FoliarForageBegin= 06/05/1989
FoliarForageEnd= 06/28/1989
AIContactFactor= 1.30890579211526
CL4Pollen= 1.14962113555521
CL4Nectar= 67.5929816206917
CL5Pollen= 1.74041844299063
CL5Nectar= 12.7049100352451
CLDPollen= 0.047803376801312
CLDNectar= 43.1599469971843
CA13Pollen= 2.25078004067764
CA13Nectar= 85.0663791038096
CA410Pollen= 3.44778896956705
CA410Nectar= 160.871966280974
CA1120Pollen= 1.1048139219638
CA1120Nectar= 88.8492866791785
IPollenTrips= 10.1968683092855
INectarTrips= 14.2610400845297
IPollenLoad= 5.15672095818445
INectarLoad= 3.78078945912421
ESoilP= 1.92062805593014
ESoilFoc= 0.0060174131677486
