ICQueenStrength= 3.15590445231646
RQWkrDrnRatio= 1.68556968308985
ICDroneMiteSurvivorship= 31.2871332047507
ICWorkerMiteSurvivorship= 43.9907102147117
ICForagerLifespan= 4.60551936365664
ImmType= Exponential
RQQueenStrength= 4.23413629736751
RQEnableReQueen=true
AIAdultSlope= 3.09435810148716
AIAdultLD50= 0.0814902826945763
AIAdultSlopeContact= 2.50173630565405
AIAdultLD50Contact= 30.1383576506509
AILarvaSlope= 1.15358306840062
AILarvaLD50= 47.1515969709319
AIKOW= 78859.3568093698
AIKOC= 78791.5401872066
AIHalfLife= 24.5129458108451
EAppRate= 1.52515346484701
FoliarEnabled=true
FoliarAppDate= 07/01/1989
FoliarForageBegin= 07/01/1989
FoliarForageEnd= 07/14/1989
AIContactFactor= 0.999972393028438
CL4Pollen= 3.34023604076356
CL4Nectar= 60.8677972340956
CL5Pollen= 1.85950888227671
CL5Nectar= 48.1172826024704
CLDPollen= 2.04527462320402
CLDNectar= 61.9030440808274
CA13Pollen= 7.12431295197457
CA13Nectar= 69.5880651660264
CA410Pollen= 8.82190627206583
CA410Nectar= 178.645476461388
CA1120Pollen= 0.513382840901613
CA1120Nectar= 33.3067524246871
IPollenTrips= 11.0779971606098
INectarTrips= 12.3677879245952
IPollenLoad= 0.358439350966364
INectarLoad= 0.277205798774958
