ICQueenStrength= 4.65381294861436
RQWkrDrnRatio= 4.38056197483093
ICDroneMiteSurvivorship= 89.0632767463103
ICWorkerMiteSurvivorship= 6.099070655182
ICForagerLifespan= 14.3048249036074
ImmType= Exponential
RQQueenStrength= 5.866011319682
RQEnableReQueen= true
AIAdultSlope= 1.19439260102808
AIAdultLD50= 9.17939193416899
AIAdultSlopeContact= 4.36130442493595
AIAdultLD50Contact= 56.3607189831303
AILarvaSlope= 8.24860978685319
AILarvaLD50= 71.8612922030461
AIKOW= 97837.6051245121
AIKOC= 26924.5926049154
AIHalfLife= 7.61179480068385
EAppRate= 4.30895961767179
FoliarEnabled= true
FoliarAppDate= 06/07/1989
FoliarForageBegin= 06/05/1989
FoliarForageEnd= 06/28/1989
AIContactFactor= 0.913961541708559
CL4Pollen= 0.735747602768242
CL4Nectar= 81.2847200315446
CL5Pollen= 0.250316116958857
CL5Nectar= 103.677490004338
CLDPollen= 1.13239151006564
CLDNectar= 138.579448778182
CA13Pollen= 6.59985268143937
CA13Nectar= 64.7779691778123
CA410Pollen= 6.77502692767885
CA410Nectar= 118.135340814479
CA1120Pollen= 1.95060441526584
CA1120Nectar= 25.1781562715769
IPollenTrips= 10.5380120244808
INectarTrips= 10.0759266968817
IPollenLoad= 9.24338263226673
INectarLoad= 4.40435830503702
