ICQueenStrength= 3.78528345841914
RQWkrDrnRatio= 4.29882251285017
ICDroneMiteSurvivorship= 8.44167806208134
ICWorkerMiteSurvivorship= 47.6604078197852
ICForagerLifespan= 9.42988927941769
ImmType= Sine
RQQueenStrength= 3.7024395801127
RQEnableReQueen=true
AIAdultSlope= 6.8085459228605
AIAdultLD50= 0.301326491788961
AIAdultSlopeContact= 4.40546576422639
AIAdultLD50Contact= 67.7623942281285
AILarvaSlope= 5.91743193380535
AILarvaLD50= 45.2144990076499
AIKOW= 9695.45193610525
AIKOC= 54016.4386617651
AIHalfLife= 16.0228955618339
EAppRate= 7.68705819274578
FoliarEnabled=true
FoliarAppDate= 07/01/1989
FoliarForageBegin= 07/01/1989
FoliarForageEnd= 07/14/1989
AIContactFactor= 1.14452194963582
CL4Pollen= 2.40967310406268
CL4Nectar= 87.1271604439244
CL5Pollen= 2.19249328924343
CL5Nectar= 144.809448241722
CLDPollen= 0.120897584594786
CLDNectar= 70.3472014633007
CA13Pollen= 7.19822325678542
CA13Nectar= 68.8238109461963
CA410Pollen= 3.75276324050501
CA410Nectar= 148.782125608996
CA1120Pollen= 2.0775317538064
CA1120Nectar= 56.7376284487545
IPollenTrips= 11.2825686461292
INectarTrips= 12.4611011892557
IPollenLoad= 8.51652792887762
INectarLoad= 7.17006435850635
