ICQueenStrength= 3.56622061016969
RQWkrDrnRatio= 4.45598851889372
ICDroneMiteSurvivorship= 94.0181896090508
ICWorkerMiteSurvivorship= 84.7533453954384
ICForagerLifespan= 13.9955483535305
ImmType= Sine
AIAdultSlope= 3.82054616399808
AIAdultLD50= 0.104219768894836
AIAdultSlopeContact= 2.24978165871464
AIAdultLD50Contact= 0.0287879430223256
AILarvaSlope= 0.109318955196068
AILarvaLD50= 0.846320537128486
AIKOW= 5.17713315226138
AIKOC= 15.0965531019028
AIHalfLife= 2.23816418112256
EAppRate= 7.00862322701141
FoliarEnabled= true
