ICQueenStrength= 4.62443021778017
RQWkrDrnRatio= 1.814797363244
ICDroneMiteSurvivorship= 85.6312079355121
ICWorkerMiteSurvivorship= 6.33839960210025
ICForagerLifespan= 9.90077959839255
ImmType= Exponential
RQQueenStrength= 1.63138007745147
RQEnableReQueen=true
AIAdultSlope= 2.34715403057635
AIAdultLD50= 0.121243900087895
AIAdultSlopeContact= 1.14087849389762
AIAdultLD50Contact= 94.371400319257
AILarvaSlope= 2.69511524215341
AILarvaLD50= 61.4336611303049
AIKOW= 51637.5948142952
AIKOC= 40525.9597385589
AIHalfLife= 1.02659355597571
EAppRate= 4.31705561702419
FoliarEnabled=true
FoliarAppDate= 07/01/1989
FoliarForageBegin= 07/01/1989
FoliarForageEnd= 07/14/1989
AIContactFactor= 1.01716725156177
CL4Pollen= 1.4886979945004
CL4Nectar= 70.8938705036417
CL5Pollen= 0.369827164337039
CL5Nectar= 59.2445683199912
CLDPollen= 2.58772834343836
CLDNectar= 133.066715626046
CA13Pollen= 7.79987444477156
CA13Nectar= 56.6450089216232
CA410Pollen= 3.47908571688458
CA410Nectar= 34.2049739556387
CA1120Pollen= 1.00623295339756
CA1120Nectar= 81.4422063343227
IPollenTrips= 9.45045974338427
INectarTrips= 6.99522300856188
IPollenLoad= 9.51212446670979
INectarLoad= 2.07674431847408
