ICQueenStrength= 3.00122040929273
RQWkrDrnRatio= 4.58458213042468
ICDroneMiteSurvivorship= 95.4595310846344
ICWorkerMiteSurvivorship= 32.7533303527161
ICForagerLifespan= 6.79126602690667
ImmType= Polynomial
RQQueenStrength= 4.41824847040698
RQEnableReQueen= true
AIAdultSlope= 3.55360182374716
AIAdultLD50= 37.4913094459716
AIAdultSlopeContact= 8.48495747963898
AIAdultLD50Contact= 33.0816692787132
AILarvaSlope= 7.88970798999071
AILarvaLD50= 96.494440423358
AIKOW= 4247.69844983343
AIKOC= 37194.0746020831
AIHalfLife= 16.5182361467974
EAppRate= 0.108358523005154
FoliarEnabled= true
FoliarAppDate= 06/07/1989
FoliarForageBegin= 06/05/1989
FoliarForageEnd= 06/28/1989
AIContactFactor= 1.12024689577054
CL4Pollen= 3.27628704998642
CL4Nectar= 29.1234686039388
CL5Pollen= 2.80792128480971
CL5Nectar= 95.6492129014805
CLDPollen= 1.88789286045358
CLDNectar= 87.9311684402637
CA13Pollen= 3.73109162766486
CA13Nectar= 45.8797001093626
CA410Pollen= 7.30604067896493
CA410Nectar= 189.527614219114
CA1120Pollen= 2.5863173387479
CA1120Nectar= 38.4851433522999
IPollenTrips= 8.81063599372283
INectarTrips= 14.4958573114127
IPollenLoad= 0.373929238412529
INectarLoad= 5.68921413738281
