ICQueenStrength= 4.55260731186718
RQWkrDrnRatio= 4.82625199668109
ICDroneMiteSurvivorship= 95.9142431849614
ICWorkerMiteSurvivorship= 12.9749099956825
ICForagerLifespan= 5.67025171685964
ImmType= Exponential
RQQueenStrength= 2.7320884084329
RQEnableReQueen=true
AIAdultSlope= 8.62645876221359
AIAdultLD50= 0.378899395247456
AIAdultSlopeContact= 1.65977447363548
AIAdultLD50Contact= 22.1116820376453
AILarvaSlope= 1.90424448624253
AILarvaLD50= 7.40738985177432
AIKOW= 97931.6793587844
AIKOC= 92614.2868392954
AIHalfLife= 27.2798556670547
EAppRate= 5.59181534225191
FoliarEnabled=true
FoliarAppDate= 07/01/1989
FoliarForageBegin= 07/01/1989
FoliarForageEnd= 07/14/1989
AIContactFactor= 0.368782220617868
CL4Pollen= 1.13178796973079
CL4Nectar= 21.6780789894983
CL5Pollen= 2.52703913440928
CL5Nectar= 62.5753238797188
CLDPollen= 0.63839303702116
CLDNectar= 40.5854216893204
CA13Pollen= 2.60938085969538
CA13Nectar= 25.793417468667
CA410Pollen= 7.63110634984914
CA410Nectar= 178.505955450237
CA1120Pollen= 1.48415283369832
CA1120Nectar= 87.5016625039279
IPollenTrips= 9.89765326725319
INectarTrips= 11.8799343379214
IPollenLoad= 7.86776115652174
INectarLoad= 9.69765590736642
