ICQueenStrength= 5.90041995770298
RQWkrDrnRatio= 2.24153902288526
ICDroneMiteSurvivorship= 95.7774120615795
ICWorkerMiteSurvivorship= 75.8322383742779
ICForagerLifespan= 7.14295865874738
ImmType= Exponential
RQQueenStrength= 2.33451529545709
RQEnableReQueen= true
AIAdultSlope= 2.09648980759084
AIAdultLD50= 20.792671074833
AIAdultSlopeContact= 6.87408221280202
AIAdultLD50Contact= 75.4681684413643
AILarvaSlope= 2.52479222416878
AILarvaLD50= 38.3731389604499
AIKOW= 92269.726824045
AIKOC= 78795.0443697667
AIHalfLife= 12.434469065303
EAppRate= 5.70709969406924
FoliarEnabled= true
FoliarAppDate= 06/07/1989
FoliarForageBegin= 06/05/1989
FoliarForageEnd= 06/28/1989
AIContactFactor= 1.81165641421452
CL4Pollen= 0.670102912932634
CL4Nectar= 41.0000847186893
CL5Pollen= 2.82332596695051
CL5Nectar= 143.600952881388
CLDPollen= 5.96847738744691
CLDNectar= 15.9312756266445
CA13Pollen= 5.9677951073274
CA13Nectar= 88.9802174456418
CA410Pollen= 7.20135594594758
CA410Nectar= 147.161508896388
CA1120Pollen= 2.13727579917759
CA1120Nectar= 98.2013605348766
IPollenTrips= 7.09610063815489
INectarTrips= 11.3843598077074
IPollenLoad= 5.16568847000599
INectarLoad= 0.340423691086471
ESoilP= 1.82963042031042
ESoilFoc= 0.0156960862106644
