ICQueenStrength= 1.37275987211615
RQWkrDrnRatio= 2.95813954342157
ICDroneMiteSurvivorship= 75.2991868183017
ICWorkerMiteSurvivorship= 26.4512873487547
ICForagerLifespan= 13.6040113642812
ImmType= Cosine
RQQueenStrength= 5.86571399495006
RQEnableReQueen= true
AIAdultSlope= 2.12797135673463
AIAdultLD50= 85.3254219225217
AIAdultSlopeContact= 4.04036662261933
AIAdultLD50Contact= 94.7237555205918
AILarvaSlope= 8.37509683892131
AILarvaLD50= 55.7412671663589
AIKOW= 1286.84851736295
AIKOC= 45308.8868383584
AIHalfLife= 5.04436881789006
EAppRate= 4.94219534280989
FoliarEnabled= true
FoliarAppDate= 06/07/1989
FoliarForageBegin= 06/05/1989
FoliarForageEnd= 06/28/1989
AIContactFactor= 2.17007296415046
CL4Pollen= 3.96553891804069
CL4Nectar= 15.4574944637716
CL5Pollen= 5.76548485457897
CL5Nectar= 58.7325916509144
CLDPollen= 1.54457993013784
CLDNectar= 23.4010107116774
CA13Pollen= 4.6418818494305
CA13Nectar= 69.9831311777234
CA410Pollen= 3.21823965478688
CA410Nectar= 91.4537725178525
CA1120Pollen= 0.48840727773495
CA1120Nectar= 88.3072371222079
IPollenTrips= 14.4861482363194
INectarTrips= 13.9483140362427
IPollenLoad= 9.33120163390413
INectarLoad= 7.39689991576597
