ICQueenStrength= 4.96840812521987
RQWkrDrnRatio= 1.30607622489333
ICDroneMiteSurvivorship= 81.079168128781
ICWorkerMiteSurvivorship= 11.8566513061523
ICForagerLifespan= 10.3524928130209
ImmType= Polynomial
AIAdultSlope= 0.277885223901831
AIAdultLD50= 0.0404820345342159
AIAdultSlopeContact= 1.99191271224758
AIAdultLD50Contact= 0.00901872791582719
AILarvaSlope= 2.63540125102736
AILarvaLD50= 0.135452607390471
AIKOW= 4.83707646187395
AIKOC= 15.1228347979486
AIHalfLife= 0.0296023302245885
EAppRate= 2.10148641606793
FoliarEnabled= true
