ICQueenStrength= 4.79251676960848
RQWkrDrnRatio= 3.94598325807601
ICDroneMiteSurvivorship= 82.6989618362859
ICWorkerMiteSurvivorship= 94.1101546632126
ICForagerLifespan= 15.6690795654431
ImmType= Tangent
RQQueenStrength= 3.76941026328132
RQEnableReQueen= true
AIAdultSlope= 8.11273495852947
AIAdultLD50= 37.0253316286157
AIAdultSlopeContact= 6.85820429818705
AIAdultLD50Contact= 91.0751920476127
AILarvaSlope= 8.56724607385695
AILarvaLD50= 27.3322739606441
AIKOW= 85527.4026552061
AIKOC= 31327.8475021911
AIHalfLife= 6.27779257404618
EAppRate= 0.487503065942554
FoliarEnabled= true
FoliarAppDate= 06/07/1989
FoliarForageBegin= 06/05/1989
FoliarForageEnd= 06/28/1989
AIContactFactor= 0.416737922504544
CL4Pollen= 0.146782886236906
CL4Nectar= 66.7757304618135
CL5Pollen= 0.905953243374825
CL5Nectar= 29.5487480820157
CLDPollen= 4.5332293426618
CLDNectar= 31.6096593160182
CA13Pollen= 7.74291445482522
CA13Nectar= 56.1432329379022
CA410Pollen= 6.98087670123205
CA410Nectar= 166.372787253931
CA1120Pollen= 0.544231384294108
CA1120Nectar= 83.3015734516084
IPollenTrips= 10.8262512995861
INectarTrips= 5.33249584492296
IPollenLoad= 6.21699124341831
INectarLoad= 3.9378362800926
ESoilP= 1.37086787936278
ESoilFoc= 0.0106334514112677
