ICQueenStrength= 4.98959807120264
RQWkrDrnRatio= 2.19945572502911
ICDroneMiteSurvivorship= 43.2553758379072
ICWorkerMiteSurvivorship= 18.4898942708969
ICForagerLifespan= 9.23825823608786
ImmType= Tangent
RQQueenStrength= 3.72204807726666
RQEnableReQueen= true
AIAdultSlope= 5.2839164044708
AIAdultLD50= 95.1624570118652
AIAdultSlopeContact= 2.96130894869566
AIAdultLD50Contact= 34.3369674947984
AILarvaSlope= 2.30708822049201
AILarvaLD50= 97.8802600510064
AIKOW= 54446.9843769616
AIKOC= 84353.3835196358
AIHalfLife= 12.1552880907664
EAppRate= 3.53562775869085
FoliarEnabled= true
FoliarAppDate= 06/07/1989
FoliarForageBegin= 06/05/1989
FoliarForageEnd= 06/28/1989
AIContactFactor= 0.311846130434424
CL4Pollen= 1.98512914311141
CL4Nectar= 87.9925658693537
CL5Pollen= 3.4590101740323
CL5Nectar= 31.617126474157
CLDPollen= 3.79985141241923
CLDNectar= 96.6454911860637
CA13Pollen= 4.87070903256535
CA13Nectar= 68.3288596570492
CA410Pollen= 9.12949380823411
CA410Nectar= 44.4499854836613
CA1120Pollen= 2.84455859195441
CA1120Nectar= 61.4985665865242
IPollenTrips= 14.4116841536015
INectarTrips= 10.9459202853031
IPollenLoad= 6.25270750839263
INectarLoad= 3.06014507310465
