ICQueenStrength= 5.74415603210218
RQWkrDrnRatio= 2.95189224835485
ICDroneMiteSurvivorship= 89.4925250206143
ICWorkerMiteSurvivorship= 57.7229371760041
ICForagerLifespan= 14.991548650898
ImmType= Cosine
RQQueenStrength= 2.62060241913423
RQEnableReQueen= true
AIAdultSlope= 3.52500960230827
AIAdultLD50= 24.8255465995697
AIAdultSlopeContact= 5.55631926259957
AIAdultLD50Contact= 43.384082186844
AILarvaSlope= 8.61929346062243
AILarvaLD50= 55.3015931977779
AIKOW= 23188.217424418
AIKOC= 28504.6642953516
AIHalfLife= 2.18214619779028
EAppRate= 6.40769055333524
FoliarEnabled= true
FoliarAppDate= 06/07/1989
FoliarForageBegin= 06/05/1989
FoliarForageEnd= 06/28/1989
AIContactFactor= 1.2412692602165
CL4Pollen= 0.705669654533267
CL4Nectar= 39.9047390324995
CL5Pollen= 0.751828689593822
CL5Nectar= 45.7760914228857
CLDPollen= 1.7461282373406
CLDNectar= 66.654916992411
CA13Pollen= 5.46879583997652
CA13Nectar= 37.2535151429474
CA410Pollen= 2.90566232751589
CA410Nectar= 110.77405157499
CA1120Pollen= 2.77242862991989
CA1120Nectar= 51.1313089542091
IPollenTrips= 8.16557341488078
INectarTrips= 6.8170903576538
IPollenLoad= 1.84687953442335
INectarLoad= 7.39634971367195
ESoilP= 1.75445661321282
ESoilFoc= 0.0123952617859468
