ICQueenStrength= 4.69095231057145
RQWkrDrnRatio= 2.4959007082507
ICDroneMiteSurvivorship= 41.1126918857917
ICWorkerMiteSurvivorship= 12.334598437883
ICForagerLifespan= 4.59282094798982
ImmType= Logarithmic
RQQueenStrength= 3.10603104555048
RQEnableReQueen= true
AIAdultSlope= 3.77964185923338
AIAdultLD50= 0.610772939605173
AIAdultSlopeContact= 4.33084804634564
AIAdultLD50Contact= 77.9543922890699
AILarvaSlope= 4.99666605517268
AILarvaLD50= 41.9575190941109
AIKOW= 2986.57258203113
AIKOC= 63454.2469270153
AIHalfLife= 27.5035065402975
EAppRate= 3.84288931344077
FoliarEnabled= true
FoliarAppDate= 09/01/1989
FoliarForageBegin= 09/01/1989
FoliarForageEnd= 09/08/1989
AIContactFactor= 1.38093491149601
CL4Pollen= 2.76060059014708
CL4Nectar= 43.5516538796946
CL5Pollen= 2.83379585249349
CL5Nectar= 54.3740694760345
CLDPollen= 2.03688241867349
CLDNectar= 52.9742713202722
CA13Pollen= 7.8706047966145
CA13Nectar= 90.2333512343466
CA410Pollen= 6.27072020624764
CA410Nectar= 118.371759266593
CA1120Pollen= 0.229459101799875
CA1120Nectar= 88.3327673189342
IPollenTrips= 6.92835109075531
INectarTrips= 7.73901840206236
IPollenLoad= 7.74012440349907
INectarLoad= 8.32582216709852
