ICQueenStrength= 2.72589146904647
RQWkrDrnRatio= 3.62078963685781
ICDroneMiteSurvivorship= 66.2339139031246
ICWorkerMiteSurvivorship= 25.7901048054919
ICForagerLifespan= 7.54380864370614
ImmType= Tangent
RQQueenStrength= 3.037368000485
RQEnableReQueen=true
AIAdultSlope= 5.46282611228526
AIAdultLD50= 0.633972107311711
AIAdultSlopeContact= 1.09701002878137
AIAdultLD50Contact= 95.8248816248407
AILarvaSlope= 6.34188162907958
AILarvaLD50= 85.3716666084756
AIKOW= 25719.6829661625
AIKOC= 59250.2829862109
AIHalfLife= 29.8482947895303
EAppRate= 6.89959309711121
FoliarEnabled=true
FoliarAppDate= 07/01/1989
FoliarForageBegin= 07/01/1989
FoliarForageEnd= 07/14/1989
AIContactFactor= 0.837883920068852
CL4Pollen= 2.1095470841974
CL4Nectar= 13.6900171870366
CL5Pollen= 5.60850419802591
CL5Nectar= 50.5753982928582
CLDPollen= 5.14268002146855
CLDNectar= 99.8116474365816
CA13Pollen= 5.35860700700432
CA13Nectar= 94.0055494569242
CA410Pollen= 3.96375116540585
CA410Nectar= 29.1146543854848
CA1120Pollen= 2.01619513146579
CA1120Nectar= 67.1331620961428
IPollenTrips= 13.8390440377407
INectarTrips= 12.0763401966542
IPollenLoad= 2.80139573151246
INectarLoad= 8.29831837676466
