ICQueenStrength= 5.41487179487012
RQWkrDrnRatio= 4.19037747941911
ICDroneMiteSurvivorship= 58.5803302703425
ICWorkerMiteSurvivorship= 26.8327231518924
ICForagerLifespan= 11.7080989740789
ImmType= Exponential
AIAdultSlope= 0.34285303263925
AIAdultLD50= 0.0128274582792073
AIAdultSlopeContact= 2.86683918373659
AIAdultLD50Contact= 0.0295600859564729
AILarvaSlope= 1.88996475981548
AILarvaLD50= 0.173986725392751
AIKOW= 4.61383676063269
AIKOC= 14.8253662290517
AIHalfLife= 0.483998086140491
EAppRate= 3.65511537762359
FoliarEnabled= true
