ICQueenStrength= 1.35341782844625
RQWkrDrnRatio= 1.11590468883514
ICDroneMiteSurvivorship= 24.5867181103677
ICWorkerMiteSurvivorship= 49.1758929565549
ICForagerLifespan= 5.00864639319479
ImmType= Polynomial
RQQueenStrength= 3.97649652464315
RQEnableReQueen= true
AIAdultSlope= 2.36258849874139
AIAdultLD50= 0.344180144922342
AIAdultSlopeContact= 6.5677853866946
AIAdultLD50Contact= 51.3614461596289
AILarvaSlope= 3.57530776970088
AILarvaLD50= 96.6260316344646
AIKOW= 25545.223471263
AIKOC= 30723.2239387534
AIHalfLife= 23.6165132920491
EAppRate= 2.0700374207499
FoliarEnabled= true
FoliarAppDate= 09/01/1989
FoliarForageBegin= 09/01/1989
FoliarForageEnd= 09/08/1989
AIContactFactor= 0.975958220851608
CL4Pollen= 0.0522477803751826
CL4Nectar= 98.3042231528088
CL5Pollen= 2.17863571923226
CL5Nectar= 50.6830056197941
CLDPollen= 4.06980484910309
CLDNectar= 90.2545854449272
CA13Pollen= 6.83291144324467
CA13Nectar= 45.2211651392281
CA410Pollen= 7.50204756746534
CA410Nectar= 33.7405537813902
CA1120Pollen= 2.87091252068058
CA1120Nectar= 33.1382163055241
IPollenTrips= 5.34183823736385
INectarTrips= 14.2008228553459
IPollenLoad= 2.56703243823722
INectarLoad= 0.655169228557497
