ICQueenStrength= 2.58085065660998
RQWkrDrnRatio= 4.39154671411961
ICDroneMiteSurvivorship= 13.6725142830983
ICWorkerMiteSurvivorship= 24.8988687992096
ICForagerLifespan= 4.47998105175793
ImmType= Exponential
RQQueenStrength= 2.86405248125084
RQEnableReQueen= true
AIAdultSlope= 7.53294800966978
AIAdultLD50= 92.0503186154249
AIAdultSlopeContact= 2.90054218750447
AIAdultLD50Contact= 73.5662879726477
AILarvaSlope= 7.87837747856975
AILarvaLD50= 7.74717211453477
AIKOW= 32931.0877728
AIKOC= 90544.5812528962
AIHalfLife= 4.08140354570933
EAppRate= 9.59967703199969
FoliarEnabled= true
FoliarAppDate= 06/07/1989
FoliarForageBegin= 06/05/1989
FoliarForageEnd= 06/28/1989
AIContactFactor= 0.631888806526549
CL4Pollen= 0.931828950531781
CL4Nectar= 51.8212397349998
CL5Pollen= 3.61443063849583
CL5Nectar= 42.4620969453827
CLDPollen= 5.92880920646712
CLDNectar= 103.106135199778
CA13Pollen= 7.19481897754595
CA13Nectar= 44.1559752821922
CA410Pollen= 5.6446564219892
CA410Nectar= 91.6945592407137
CA1120Pollen= 0.517167686484754
CA1120Nectar= 32.1889417245984
IPollenTrips= 13.812133516185
INectarTrips= 9.87851646961644
IPollenLoad= 0.661941017024219
INectarLoad= 2.47611669125035
