ICQueenStrength= 5.56084670498967
RQWkrDrnRatio= 1.9279216285795
ICDroneMiteSurvivorship= 84.8382064839825
ICWorkerMiteSurvivorship= 49.9781462363899
ICForagerLifespan= 4.32534743286669
ImmType= Tangent
AIAdultSlope= 0.87903030206915
AIAdultLD50= 0.0591846220195293
AIAdultSlopeContact= 1.63711512730457
AIAdultLD50Contact= 0.0118686296860687
AILarvaSlope= 0.125052832672372
AILarvaLD50= 0.089956340007484
AIKOW= 5.11433513183147
AIKOC= 19.0841279702727
AIHalfLife= 2.45823142570443
EAppRate= 1.56103783519939
FoliarEnabled= true
