ICQueenStrength= 5.09599773352966
RQWkrDrnRatio= 2.22012635786086
ICDroneMiteSurvivorship= 94.1026966786012
ICWorkerMiteSurvivorship= 7.22616980783641
ICForagerLifespan= 13.0949217565358
ImmType= Tangent
RQQueenStrength= 5.38792072818615
RQEnableReQueen= true
AIAdultSlope= 1.38903708197176
AIAdultLD50= 0.893099038333166
AIAdultSlopeContact= 1.93647128972225
AIAdultLD50Contact= 0.152420965896454
AILarvaSlope= 5.4214317407459
AILarvaLD50= 51.587569624848
AIKOW= 89518.4261961379
AIKOC= 66173.05990554
AIHalfLife= 34.5766275739996
EAppRate= 4.42544932494243
FoliarEnabled= true
FoliarAppDate= 09/01/1989
FoliarForageBegin= 09/01/1989
FoliarForageEnd= 09/08/1989
AIContactFactor= 0.328256779373623
CL4Pollen= 0.0492406822741032
CL4Nectar= 24.0852290764451
CL5Pollen= 2.38440198451281
CL5Nectar= 58.089711656794
CLDPollen= 5.76545873936266
CLDNectar= 103.834685613401
CA13Pollen= 7.90578262582421
CA13Nectar= 78.4350850619376
CA410Pollen= 4.88857828231994
CA410Nectar= 54.0908732265234
CA1120Pollen= 2.38115265732631
CA1120Nectar= 24.01770260185
IPollenTrips= 10.1403487916104
INectarTrips= 5.28255598852411
IPollenLoad= 9.1476652934216
INectarLoad= 6.58047650475055
