ICQueenStrength= 4.61492643016391
RQWkrDrnRatio= 2.11591859720647
ICDroneMiteSurvivorship= 54.8705782741308
ICWorkerMiteSurvivorship= 88.0687977420166
ICForagerLifespan= 4.70247981976718
ImmType= Exponential
RQQueenStrength= 5.24139130394906
RQEnableReQueen= true
AIAdultSlope= 4.04043469764292
AIAdultLD50= 29.4323882521491
AIAdultSlopeContact= 7.56839177664369
AIAdultLD50Contact= 26.9683358998634
AILarvaSlope= 4.11420544795692
AILarvaLD50= 21.3708382403837
AIKOW= 8822.89748645184
AIKOC= 47909.6840565109
AIHalfLife= 15.9043523603585
EAppRate= 6.19591849249951
FoliarEnabled= true
FoliarAppDate= 06/07/1989
FoliarForageBegin= 06/05/1989
FoliarForageEnd= 06/28/1989
AIContactFactor= 2.06371674672235
CL4Pollen= 3.06492506619543
CL4Nectar= 82.8564709983766
CL5Pollen= 0.562493205070496
CL5Nectar= 30.881430557929
CLDPollen= 3.64261008845642
CLDNectar= 13.2617235649377
CA13Pollen= 2.24770039953291
CA13Nectar= 55.7806273177266
CA410Pollen= 7.56239848502446
CA410Nectar= 60.3217461472377
CA1120Pollen= 1.40425972407684
CA1120Nectar= 76.7961305007339
IPollenTrips= 7.68392476951703
INectarTrips= 12.8229098091833
IPollenLoad= 6.39606749173254
INectarLoad= 7.43954899022356
