ICQueenStrength= 5.42742402898148
RQWkrDrnRatio= 2.99361565336585
ICDroneMiteSurvivorship= 1.63666501175612
ICWorkerMiteSurvivorship= 27.6741168694571
ICForagerLifespan= 15.9222073722631
ImmType= Polynomial
RQQueenStrength= 4.41585278627463
RQEnableReQueen= true
AIAdultSlope= 2.57182345166802
AIAdultLD50= 44.6244495654397
AIAdultSlopeContact= 1.38371736858971
AIAdultLD50Contact= 77.6939148196587
AILarvaSlope= 8.7168547026813
AILarvaLD50= 70.2822440258842
AIKOW= 85496.1036772879
AIKOC= 35884.8986099879
AIHalfLife= 32.1360969260102
EAppRate= 3.13145416858676
FoliarEnabled= true
FoliarAppDate= 06/07/1989
FoliarForageBegin= 06/05/1989
FoliarForageEnd= 06/28/1989
AIContactFactor= 0.426145627959631
CL4Pollen= 1.62362091895193
CL4Nectar= 15.2254652464762
CL5Pollen= 5.89459598204121
CL5Nectar= 140.538024832495
CLDPollen= 2.2448964365758
CLDNectar= 101.290886756033
CA13Pollen= 4.04510118002072
CA13Nectar= 38.9784295484424
CA410Pollen= 7.75316240901593
CA410Nectar= 131.149331866764
CA1120Pollen= 0.227801290573552
CA1120Nectar= 82.7273730188608
IPollenTrips= 7.61419744696468
INectarTrips= 7.65763958916068
IPollenLoad= 4.7256452892907
INectarLoad= 4.24483746057376
