ICQueenStrength= 1.64802075037733
RQWkrDrnRatio= 4.22800168674439
ICDroneMiteSurvivorship= 65.4647479532287
ICWorkerMiteSurvivorship= 83.9924353407696
ICForagerLifespan= 15.2245291816071
ImmType= Tangent
RQQueenStrength= 2.40923793544061
RQEnableReQueen= true
AIAdultSlope= 8.02676464989781
AIAdultLD50= 15.9708778279384
AIAdultSlopeContact= 8.20879369601607
AIAdultLD50Contact= 50.4911591321668
AILarvaSlope= 7.68938520923257
AILarvaLD50= 75.669075948112
AIKOW= 36369.9590854573
AIKOC= 27245.4354716467
AIHalfLife= 21.4260741536506
EAppRate= 2.14464886231394
FoliarEnabled= true
FoliarAppDate= 06/07/1989
FoliarForageBegin= 06/05/1989
FoliarForageEnd= 06/28/1989
AIContactFactor= 1.83276509498712
CL4Pollen= 0.681648229248822
CL4Nectar= 29.8537591705099
CL5Pollen= 3.2952613402158
CL5Nectar= 61.9085646467283
CLDPollen= 2.17879709880799
CLDNectar= 53.0558842350729
CA13Pollen= 3.80190735897049
CA13Nectar= 38.7858829274774
CA410Pollen= 7.66473896878306
CA410Nectar= 32.4833332654089
CA1120Pollen= 0.263940642820671
CA1120Nectar= 70.0307584367692
IPollenTrips= 6.75018223933876
INectarTrips= 13.1401589210145
IPollenLoad= 9.01740012457594
INectarLoad= 9.91777960443869
