ICQueenStrength= 4.76219352008775
RQWkrDrnRatio= 3.40094678103924
ICDroneMiteSurvivorship= 17.8968487074599
ICWorkerMiteSurvivorship= 97.7344126207754
ICForagerLifespan= 7.18325741030276
ImmType= Cosine
RQQueenStrength= 1.86989378556609
RQEnableReQueen= true
AIAdultSlope= 7.48969247378409
AIAdultLD50= 28.7487623626266
AIAdultSlopeContact= 1.5724312979728
AIAdultLD50Contact= 89.1613761242493
AILarvaSlope= 7.43055442720652
AILarvaLD50= 87.8978620721176
AIKOW= 54004.3473371734
AIKOC= 64626.2467155065
AIHalfLife= 34.4559170700843
EAppRate= 9.06373716705502
FoliarEnabled= true
FoliarAppDate= 06/07/1989
FoliarForageBegin= 06/05/1989
FoliarForageEnd= 06/28/1989
AIContactFactor= 2.14780210056808
CL4Pollen= 1.95375362318009
CL4Nectar= 85.1834912085906
CL5Pollen= 3.70196393458173
CL5Nectar= 125.924560963176
CLDPollen= 5.82691544434056
CLDNectar= 14.4176064874046
CA13Pollen= 5.90923093287274
CA13Nectar= 85.5019963346422
CA410Pollen= 2.66060677685309
CA410Nectar= 133.214562945068
CA1120Pollen= 1.75363005325198
CA1120Nectar= 46.3007291220129
IPollenTrips= 6.68656849768013
INectarTrips= 8.43424495076761
IPollenLoad= 7.30938290944323
INectarLoad= 5.89972551213577
