ICQueenStrength= 4.39253221056424
RQWkrDrnRatio= 2.34006490465254
ICDroneMiteSurvivorship= 35.3882822440937
ICWorkerMiteSurvivorship= 38.5840827831998
ICForagerLifespan= 11.8999266987666
ImmType= Polynomial
AIAdultSlope= 2.04643073703395
AIAdultLD50= 0.0172604492865503
AIAdultSlopeContact= 0.771902355684433
AIAdultLD50Contact= 0.0499254947993904
AILarvaSlope= 1.38980653048493
AILarvaLD50= 0.786999539402314
AIKOW= 5.00614140927792
AIKOC= 6.92899955436587
AIHalfLife= 0.191389342141338
EAppRate= 1.90627241740003
FoliarEnabled= true
