ICQueenStrength= 5.81956807198003
RQWkrDrnRatio= 3.79989499505609
ICDroneMiteSurvivorship= 25.4664093023166
ICWorkerMiteSurvivorship= 20.9102791268378
ICForagerLifespan= 15.4054028596729
ImmType= Sine
RQQueenStrength= 4.82076796842739
RQEnableReQueen= true
AIAdultSlope= 3.60769844427705
AIAdultLD50= 75.3204912616473
AIAdultSlopeContact= 5.05027867271565
AIAdultLD50Contact= 3.32326224907115
AILarvaSlope= 6.82105436548591
AILarvaLD50= 9.40562666803994
AIKOW= 11227.4389778097
AIKOC= 38249.7607216015
AIHalfLife= 34.2616852275562
EAppRate= 7.95568549404992
FoliarEnabled= true
FoliarAppDate= 06/07/1989
FoliarForageBegin= 06/05/1989
FoliarForageEnd= 06/28/1989
AIContactFactor= 2.22780257984996
CL4Pollen= 3.93762471526861
CL4Nectar= 88.3866716176271
CL5Pollen= 2.64985884586349
CL5Nectar= 56.3626439427026
CLDPollen= 1.15441353153437
CLDNectar= 128.000209084712
CA13Pollen= 4.41764496527612
CA13Nectar= 92.9263835959136
CA410Pollen= 3.74063337976113
CA410Nectar= 105.015387544408
CA1120Pollen= 0.766898669768125
CA1120Nectar= 22.2916512191296
IPollenTrips= 12.0336617249995
INectarTrips= 12.247965792194
IPollenLoad= 7.58077397244051
INectarLoad= 3.07284503011033
