ICQueenStrength= 1.4974840010982
RQWkrDrnRatio= 4.88294490147382
ICDroneMiteSurvivorship= 31.305396463722
ICWorkerMiteSurvivorship= 7.84896134864539
ICForagerLifespan= 8.7263102652505
ImmType= Logarithmic
RQQueenStrength= 5.85353027353995
RQEnableReQueen= true
AIAdultSlope= 6.71799204871058
AIAdultLD50= 25.4819330895806
AIAdultSlopeContact= 6.43649821868166
AIAdultLD50Contact= 42.7891454920319
AILarvaSlope= 8.35587970353663
AILarvaLD50= 55.7299278686135
AIKOW= 37959.1003168296
AIKOC= 35334.1818329683
AIHalfLife= 27.2529627492651
EAppRate= 4.01122036122507
FoliarEnabled= true
FoliarAppDate= 06/07/1989
FoliarForageBegin= 06/05/1989
FoliarForageEnd= 06/28/1989
AIContactFactor= 0.703166632703505
CL4Pollen= 1.87189673632383
CL4Nectar= 84.6765476278961
CL5Pollen= 5.49668032117188
CL5Nectar= 9.78945888346061
CLDPollen= 5.13881421647966
CLDNectar= 48.8381938193925
CA13Pollen= 2.68514905106276
CA13Nectar= 51.7868006043136
CA410Pollen= 8.60145571597386
CA410Nectar= 121.034264774062
CA1120Pollen= 0.651086910394952
CA1120Nectar= 41.8918870575726
IPollenTrips= 9.39012011978775
INectarTrips= 7.00982711510733
IPollenLoad= 1.86047332827002
INectarLoad= 5.30523897847161
