ICQueenStrength= 4.25002632802352
RQWkrDrnRatio= 4.84559954237193
ICDroneMiteSurvivorship= 30.6845345068723
ICWorkerMiteSurvivorship= 58.2329358672723
ICForagerLifespan= 12.5153919532895
ImmType= Polynomial
RQQueenStrength= 4.84429869358428
RQEnableReQueen= true
AIAdultSlope= 3.22238704003394
AIAdultLD50= 49.9099380740179
AIAdultSlopeContact= 3.13975670631044
AIAdultLD50Contact= 44.7267029187113
AILarvaSlope= 5.50165509060025
AILarvaLD50= 87.3702176498356
AIKOW= 31209.0623764055
AIKOC= 511.155826051487
AIHalfLife= 14.8429903271608
EAppRate= 2.10725536035257
FoliarEnabled= true
FoliarAppDate= 06/07/1989
FoliarForageBegin= 06/05/1989
FoliarForageEnd= 06/28/1989
AIContactFactor= 0.306806909251027
CL4Pollen= 2.43366079870611
CL4Nectar= 24.0497510880232
CL5Pollen= 4.77161765657365
CL5Nectar= 16.3155401009135
CLDPollen= 3.15918613644317
CLDNectar= 114.598146616481
CA13Pollen= 5.95947467144579
CA13Nectar= 46.2449301034212
CA410Pollen= 8.99934431596193
CA410Nectar= 181.781629696488
CA1120Pollen= 1.28328841784969
CA1120Nectar= 53.608833514154
IPollenTrips= 9.19055965729058
INectarTrips= 5.36625982495025
IPollenLoad= 4.45410674670711
INectarLoad= 3.954036119394
ESoilP= 1.23878354486078
ESoilFoc= 0.00301245888974518
