ICQueenStrength= 2.07017875066958
RQWkrDrnRatio= 3.22314455825835
ICDroneMiteSurvivorship= 90.898110345006
ICWorkerMiteSurvivorship= 63.8530403375626
ICForagerLifespan= 9.09833535458893
ImmType= Polynomial
RQQueenStrength= 3.07187463878654
RQEnableReQueen= true
AIAdultSlope= 4.55949112772942
AIAdultLD50= 0.564574476655806
AIAdultSlopeContact= 4.75981925148517
AIAdultLD50Contact= 21.1236209954508
AILarvaSlope= 1.49030022881925
AILarvaLD50= 68.2434439303672
AIKOW= 68895.5618206542
AIKOC= 98446.5506907569
AIHalfLife= 15.0179770174203
EAppRate= 5.30337156455312
FoliarEnabled= true
FoliarAppDate= 09/01/1989
FoliarForageBegin= 09/01/1989
FoliarForageEnd= 09/08/1989
AIContactFactor= 0.855061045116745
CL4Pollen= 1.82361482363194
CL4Nectar= 53.6017662379891
CL5Pollen= 1.85393081931397
CL5Nectar= 109.097371646203
CLDPollen= 4.54312512651086
CLDNectar= 8.08950561331585
CA13Pollen= 5.78960652863607
CA13Nectar= 25.8773996867239
CA410Pollen= 7.09048632029444
CA410Nectar= 138.566351877525
CA1120Pollen= 0.133862713817507
CA1120Nectar= 38.7462959066033
IPollenTrips= 5.38169763749465
INectarTrips= 10.0391032220796
IPollenLoad= 1.63444116944447
INectarLoad= 5.61559850815684
