ICQueenStrength= 3.47379467007704
RQWkrDrnRatio= 3.65225263871253
ICDroneMiteSurvivorship= 2.09904718212783
ICWorkerMiteSurvivorship= 25.9471916826442
ICForagerLifespan= 9.52734870743006
ImmType= Sine
RQQueenStrength= 5.86548110493459
RQEnableReQueen= true
AIAdultSlope= 1.39931052364409
AIAdultLD50= 79.876998412651
AIAdultSlopeContact= 6.4543549916707
AIAdultLD50Contact= 66.8184368758313
AILarvaSlope= 5.07230187021196
AILarvaLD50= 64.3223644136693
AIKOW= 14852.1459360441
AIKOC= 24635.7883793793
AIHalfLife= 27.0434241539799
EAppRate= 8.41611187039083
FoliarEnabled= true
FoliarAppDate= 06/07/1989
FoliarForageBegin= 06/05/1989
FoliarForageEnd= 06/28/1989
AIContactFactor= 0.563378957146779
CL4Pollen= 1.50895229540765
CL4Nectar= 51.9110886845738
CL5Pollen= 0.319150582887232
CL5Nectar= 111.727029271424
CLDPollen= 0.752165229991078
CLDNectar= 91.9129169429652
CA13Pollen= 4.35552582312375
CA13Nectar= 58.1251802109182
CA410Pollen= 4.76601960200351
CA410Nectar= 75.1788004441187
CA1120Pollen= 1.63011912046932
CA1120Nectar= 81.536172721535
IPollenTrips= 8.70215974282473
INectarTrips= 8.60578279942274
IPollenLoad= 8.26855211285874
INectarLoad= 7.12927664862946
