ICQueenStrength= 3.26934768958017
RQWkrDrnRatio= 3.56729358714074
ICDroneMiteSurvivorship= 40.2603763155639
ICWorkerMiteSurvivorship= 29.4295181985945
ICForagerLifespan= 10.139825405553
ImmType= Tangent
RQQueenStrength= 3.33228637720458
RQEnableReQueen= true
AIAdultSlope= 5.55875461362302
AIAdultLD50= 0.357296468643937
AIAdultSlopeContact= 7.4368898391258
AIAdultLD50Contact= 96.8593012758838
AILarvaSlope= 8.31576710753143
AILarvaLD50= 8.38800148217077
AIKOW= 59341.6360119907
AIKOC= 1662.30541981244
AIHalfLife= 20.3724931001663
EAppRate= 0.473345533512766
FoliarEnabled= true
FoliarAppDate= 09/01/1989
FoliarForageBegin= 09/01/1989
FoliarForageEnd= 09/08/1989
AIContactFactor= 2.00191455395427
CL4Pollen= 1.6629982246086
CL4Nectar= 91.3981055142358
CL5Pollen= 2.87472828291357
CL5Nectar= 145.117013796698
CLDPollen= 2.7345273680985
CLDNectar= 67.2954655252397
CA13Pollen= 3.16361694438383
CA13Nectar= 57.3842335306108
CA410Pollen= 8.90630814651959
CA410Nectar= 128.959717284888
CA1120Pollen= 0.447871624259278
CA1120Nectar= 62.1752831526101
IPollenTrips= 5.29875062638894
INectarTrips= 11.7849888163619
IPollenLoad= 4.76574981817976
INectarLoad= 3.42687645694241
