ICQueenStrength= 1.88054278865457
RQWkrDrnRatio= 2.16085774451494
ICDroneMiteSurvivorship= 67.3438711557537
ICWorkerMiteSurvivorship= 19.1552338423207
ICForagerLifespan= 5.56640110444278
ImmType= Logarithmic
RQQueenStrength= 3.50261536613107
RQEnableReQueen=true
AIAdultSlope= 6.68582319654524
AIAdultLD50= 0.671496094869217
AIAdultSlopeContact= 1.74073753948323
AIAdultLD50Contact= 27.6896785795023
AILarvaSlope= 4.8328243214637
AILarvaLD50= 44.1842538518868
AIKOW= 47501.964645399
AIKOC= 29704.6098378976
AIHalfLife= 25.7403241909109
EAppRate= 7.329879245447
FoliarEnabled=true
FoliarAppDate= 07/01/1989
FoliarForageBegin= 07/01/1989
FoliarForageEnd= 07/14/1989
AIContactFactor= 1.6568426493695
CL4Pollen= 2.8615223551169
CL4Nectar= 19.7345812339336
CL5Pollen= 0.466415164992213
CL5Nectar= 8.44474401092157
CLDPollen= 0.835605226457119
CLDNectar= 93.6166962375864
CA13Pollen= 3.70532083213329
CA13Nectar= 95.8154402673244
CA410Pollen= 7.4141754522454
CA410Nectar= 82.4389245128259
CA1120Pollen= 2.26989068929106
CA1120Nectar= 65.5848692730069
IPollenTrips= 7.29186313226819
INectarTrips= 9.23595661297441
IPollenLoad= 8.72497915988788
INectarLoad= 8.46454859478399
