ICQueenStrength= 2.16092862002552
RQWkrDrnRatio= 2.55369921028614
ICDroneMiteSurvivorship= 95.9309695288539
ICWorkerMiteSurvivorship= 44.6979816770181
ICForagerLifespan= 14.6220160936937
ImmType= Cosine
RQQueenStrength= 2.02378055080771
RQEnableReQueen=true
AIAdultSlope= 8.97937941923738
AIAdultLD50= 0.671152131316718
AIAdultSlopeContact= 7.46378396544605
AIAdultLD50Contact= 75.5676653867762
AILarvaSlope= 1.81620293296874
AILarvaLD50= 13.4628160579402
AIKOW= 58336.8315347928
AIKOC= 95523.1384098679
AIHalfLife= 25.4409791185753
EAppRate= 1.46371984413755
FoliarEnabled=true
FoliarAppDate= 07/01/1989
FoliarForageBegin= 07/01/1989
FoliarForageEnd= 07/14/1989
AIContactFactor= 2.05721144197974
CL4Pollen= 3.92436583247036
CL4Nectar= 65.5549847986549
CL5Pollen= 3.48477671435103
CL5Nectar= 71.8738851137459
CLDPollen= 3.77750076167285
CLDNectar= 8.49412253592163
CA13Pollen= 4.4017884273082
CA13Nectar= 53.5901651158929
CA410Pollen= 8.56312981226947
CA410Nectar= 162.910809745081
CA1120Pollen= 1.01231562579051
CA1120Nectar= 89.6981991454959
IPollenTrips= 11.0221477854066
INectarTrips= 5.31208334490657
IPollenLoad= 6.42047158908099
INectarLoad= 9.34805327793583
