ICQueenStrength= 1.41663360432722
RQWkrDrnRatio= 1.82339742034674
ICDroneMiteSurvivorship= 72.8809104068205
ICWorkerMiteSurvivorship= 57.6436259085312
ICForagerLifespan= 14.0638230480254
ImmType= Polynomial
RQQueenStrength= 1.649945049081
RQEnableReQueen= true
AIAdultSlope= 3.69154503569007
AIAdultLD50= 66.774314117295
AIAdultSlopeContact= 1.87655892106704
AIAdultLD50Contact= 70.827528056842
AILarvaSlope= 4.6849917229265
AILarvaLD50= 10.3636748132647
AIKOW= 66488.5998920161
AIKOC= 84023.8673557839
AIHalfLife= 34.4972045232542
EAppRate= 3.97755448923889
FoliarEnabled= true
FoliarAppDate= 06/07/1989
FoliarForageBegin= 06/05/1989
FoliarForageEnd= 06/28/1989
AIContactFactor= 0.803393668574281
CL4Pollen= 1.34672418981791
CL4Nectar= 91.5752761764452
CL5Pollen= 4.98386546736583
CL5Nectar= 120.508805767167
CLDPollen= 5.93939815415069
CLDNectar= 122.824427811429
CA13Pollen= 5.3615127697587
CA13Nectar= 64.7449084743857
CA410Pollen= 7.14935856102966
CA410Nectar= 150.804243530147
CA1120Pollen= 2.02840271615423
CA1120Nectar= 35.2933485805988
IPollenTrips= 12.1389533253387
INectarTrips= 11.0722740041092
IPollenLoad= 7.26702899672091
INectarLoad= 4.40744602121413
