ICQueenStrength= 5.75635342649184
RQWkrDrnRatio= 4.37005967833102
ICDroneMiteSurvivorship= 61.9968543294817
ICWorkerMiteSurvivorship= 80.4366796975955
ICForagerLifespan= 6.95062096230686
ImmType= Exponential
RQQueenStrength= 1.83402118063532
RQEnableReQueen= true
AIAdultSlope= 4.40886390395463
AIAdultLD50= 98.60642628142
AIAdultSlopeContact= 7.72339653293602
AIAdultLD50Contact= 42.5174736372188
AILarvaSlope= 6.26450896263123
AILarvaLD50= 75.7666583695696
AIKOW= 28448.4481977207
AIKOC= 68456.4221417301
AIHalfLife= 4.56763573824428
EAppRate= 0.990372074937448
FoliarEnabled= true
FoliarAppDate= 06/07/1989
FoliarForageBegin= 06/05/1989
FoliarForageEnd= 06/28/1989
AIContactFactor= 1.14011227142066
CL4Pollen= 1.47813425865024
CL4Nectar= 39.7003067890182
CL5Pollen= 3.68803219869733
CL5Nectar= 96.7310025589541
CLDPollen= 4.75559797463939
CLDNectar= 30.2683181595057
CA13Pollen= 3.26743144057691
CA13Nectar= 30.0478499568999
CA410Pollen= 9.43911159608979
CA410Nectar= 75.3404296049848
CA1120Pollen= 0.327840416226536
CA1120Nectar= 58.1697932071984
IPollenTrips= 5.16363463597372
INectarTrips= 11.062495552469
IPollenLoad= 6.73300617840141
INectarLoad= 9.29324885131791
ESoilP= 1.81075568310916
ESoilFoc= 0.0184535159822553
