ICQueenStrength= 3.8850023180712
RQWkrDrnRatio= 4.5207236725837
ICDroneMiteSurvivorship= 9.22051109373569
ICWorkerMiteSurvivorship= 10.1321686990559
ICForagerLifespan= 7.28037223313004
ImmType= Cosine
RQQueenStrength= 5.66359746758826
RQEnableReQueen= true
AIAdultSlope= 6.55306813493371
AIAdultLD50= 87.1208825286978
AIAdultSlopeContact= 4.322922433028
AIAdultLD50Contact= 53.6869608680196
AILarvaSlope= 8.91231261193752
AILarvaLD50= 32.8217280827607
AIKOW= 21061.6137841209
AIKOC= 51862.4975603684
AIHalfLife= 27.9966568187112
EAppRate= 8.57634438587865
FoliarEnabled= true
FoliarAppDate= 06/07/1989
FoliarForageBegin= 06/05/1989
FoliarForageEnd= 06/28/1989
AIContactFactor= 1.87860351756681
CL4Pollen= 0.193145468831062
CL4Nectar= 42.8043459076434
CL5Pollen= 4.65803034603596
CL5Nectar= 91.3329769042321
CLDPollen= 4.9985280088149
CLDNectar= 117.499402665999
CA13Pollen= 6.63343234853819
CA13Nectar= 32.3010306246579
CA410Pollen= 2.79147569257766
CA410Nectar= 118.983299694955
CA1120Pollen= 1.72367474343628
CA1120Nectar= 57.4074473418295
IPollenTrips= 9.30188316619024
INectarTrips= 14.2920491006225
IPollenLoad= 0.123396257404238
INectarLoad= 2.60318379616365
ESoilP= 1.50426683202386
ESoilFoc= 0.00624869056418538
