ICQueenStrength= 3.47061296598986
RQWkrDrnRatio= 3.47535149473697
ICDroneMiteSurvivorship= 97.7898120880127
ICWorkerMiteSurvivorship= 41.7245986172929
ICForagerLifespan= 12.2488177632913
ImmType= Tangent
RQQueenStrength= 4.17621657159179
RQEnableReQueen= true
AIAdultSlope= 7.79772179201245
AIAdultLD50= 0.679013786207885
AIAdultSlopeContact= 6.27403644984588
AIAdultLD50Contact= 14.1675148657595
AILarvaSlope= 7.87838064879179
AILarvaLD50= 53.3469643333605
AIKOW= 62919.8397337015
AIKOC= 46769.2213988386
AIHalfLife= 8.6446925753029
EAppRate= 0.591682790684747
FoliarEnabled= true
FoliarAppDate= 09/01/1989
FoliarForageBegin= 09/01/1989
FoliarForageEnd= 09/08/1989
AIContactFactor= 2.25494917334989
CL4Pollen= 1.05611554626375
CL4Nectar= 75.2201256109402
CL5Pollen= 4.14471798855811
CL5Nectar= 62.4009828781709
CLDPollen= 1.01181434607133
CLDNectar= 117.899526958354
CA13Pollen= 5.2144260013476
CA13Nectar= 80.6525569781661
CA410Pollen= 8.24456836683676
CA410Nectar= 126.331715881824
CA1120Pollen= 2.18624053057283
CA1120Nectar= 51.6152004525065
IPollenTrips= 8.28720856690779
INectarTrips= 13.0587383056991
IPollenLoad= 3.83684492437169
INectarLoad= 0.522405121009797
