ICQueenStrength= 2.06237445026636
RQWkrDrnRatio= 1.89150044415146
ICDroneMiteSurvivorship= 79.0428455919027
ICWorkerMiteSurvivorship= 79.9007310299203
ICForagerLifespan= 12.3641503257677
ImmType= Exponential
AIAdultSlope= 0.285382565322798
AIAdultLD50= 0.0298800386488438
AIAdultSlopeContact= 3.18336925841868
AIAdultLD50Contact= 0.0350654731621034
AILarvaSlope= 1.34904609709047
AILarvaLD50= 0.52840088380035
AIKOW= 4.28195454645902
AIKOC= 10.6609697756357
AIHalfLife= 2.11836613113992
EAppRate= 5.95507642952725
FoliarEnabled= true
