ICQueenStrength= 2.04021047707647
RQWkrDrnRatio= 3.06149051059037
ICDroneMiteSurvivorship= 61.2907338887453
ICWorkerMiteSurvivorship= 29.8672480043024
ICForagerLifespan= 8.60662082582712
ImmType= Sine
RQQueenStrength= 2.561770637054
RQEnableReQueen= true
AIAdultSlope= 2.39223632588983
AIAdultLD50= 0.954139484925894
AIAdultSlopeContact= 3.06043010647409
AIAdultLD50Contact= 45.4332560410826
AILarvaSlope= 7.43207128532231
AILarvaLD50= 13.250712466144
AIKOW= 99901.0662181517
AIKOC= 39873.9632497167
AIHalfLife= 18.8623674178263
EAppRate= 1.40705247920915
FoliarEnabled= true
FoliarAppDate= 09/01/1989
FoliarForageBegin= 09/01/1989
FoliarForageEnd= 09/08/1989
AIContactFactor= 2.27807223526761
CL4Pollen= 3.55973766930401
CL4Nectar= 93.8477793708444
CL5Pollen= 3.30242226133123
CL5Nectar= 125.556857034098
CLDPollen= 5.61316545819864
CLDNectar= 90.0134302675724
CA13Pollen= 5.55906611103564
CA13Nectar= 55.2840116433799
CA410Pollen= 8.71078373135533
CA410Nectar= 89.2132875369862
CA1120Pollen= 0.827645324869081
CA1120Nectar= 75.4639983177185
IPollenTrips= 7.63614275259897
INectarTrips= 7.74320848053321
IPollenLoad= 5.92506410321221
INectarLoad= 8.66794778266922
