ICQueenStrength= 4.73458446934819
RQWkrDrnRatio= 1.44861856568605
ICDroneMiteSurvivorship= 20.4074039589614
ICWorkerMiteSurvivorship= 72.1073896391317
ICForagerLifespan= 4.71627012640238
ImmType= Polynomial
RQQueenStrength= 4.49961751257069
RQEnableReQueen= true
AIAdultSlope= 3.12869601324201
AIAdultLD50= 0.260891396297608
AIAdultSlopeContact= 1.6531535370741
AIAdultLD50Contact= 50.9181454010969
AILarvaSlope= 7.0115381795913
AILarvaLD50= 16.4235984708669
AIKOW= 70020.3722054496
AIKOC= 56357.8342868688
AIHalfLife= 20.9047607177868
EAppRate= 3.38595693324832
FoliarEnabled= true
FoliarAppDate= 09/01/1989
FoliarForageBegin= 09/01/1989
FoliarForageEnd= 09/08/1989
AIContactFactor= 1.56602132990956
CL4Pollen= 2.94869813229889
CL4Nectar= 36.5855498239398
CL5Pollen= 1.06730668153614
CL5Nectar= 94.4904795731418
CLDPollen= 0.574611465912312
CLDNectar= 104.533955838997
CA13Pollen= 7.19660477414727
CA13Nectar= 27.5771476142108
CA410Pollen= 4.10584536725655
CA410Nectar= 121.662820214406
CA1120Pollen= 0.65796792274341
CA1120Nectar= 72.4213515035808
IPollenTrips= 6.20481628924608
INectarTrips= 12.7291123336181
IPollenLoad= 7.28740773862228
INectarLoad= 5.76882539549842
