ICQueenStrength= 4.39442724362016
RQWkrDrnRatio= 2.55745486076921
ICDroneMiteSurvivorship= 68.862667423673
ICWorkerMiteSurvivorship= 84.1332934098318
ICForagerLifespan= 15.7100275764242
ImmType= Sine
RQQueenStrength= 3.59674295037985
RQEnableReQueen=true
AIAdultSlope= 3.9586563501507
AIAdultLD50= 0.154901513518998
AIAdultSlopeContact= 2.01771963573992
AIAdultLD50Contact= 90.0334819599453
AILarvaSlope= 2.81044764257967
AILarvaLD50= 93.5560213796659
AIKOW= 23967.4819297439
AIKOC= 89282.3916679192
AIHalfLife= 28.70407003453
EAppRate= 9.50835295531806
FoliarEnabled=true
FoliarAppDate= 07/01/1989
FoliarForageBegin= 07/01/1989
FoliarForageEnd= 07/14/1989
AIContactFactor= 2.13918184936047
CL4Pollen= 1.58412445709109
CL4Nectar= 50.1903421478346
CL5Pollen= 3.23192171193659
CL5Nectar= 80.8774419478141
CLDPollen= 2.48075120989233
CLDNectar= 127.758983708918
CA13Pollen= 4.42569624567404
CA13Nectar= 93.576815277338
CA410Pollen= 2.65119858589023
CA410Nectar= 195.097815138288
CA1120Pollen= 2.06124672945589
CA1120Nectar= 82.0106272958219
IPollenTrips= 8.64722720580176
INectarTrips= 10.4179750801995
IPollenLoad= 7.16346661094576
INectarLoad= 1.00468593649566
