ICQueenStrength= 4.3602584246546
RQWkrDrnRatio= 3.48871456645429
ICDroneMiteSurvivorship= 71.934749186039
ICWorkerMiteSurvivorship= 82.3666566284373
ICForagerLifespan= 14.1153420107439
ImmType= Tangent
RQQueenStrength= 3.52621844597161
RQEnableReQueen=true
AIAdultSlope= 1.74224227666855
AIAdultLD50= 0.775569549373351
AIAdultSlopeContact= 9.09550885600038
AIAdultLD50Contact= 11.237463951115
AILarvaSlope= 6.66245481744409
AILarvaLD50= 58.7232285275971
AIKOW= 77707.8395416986
AIKOC= 37991.1416878034
AIHalfLife= 25.4994820399443
EAppRate= 1.59503683103714
FoliarEnabled=true
FoliarAppDate= 07/01/1989
FoliarForageBegin= 07/01/1989
FoliarForageEnd= 07/14/1989
AIContactFactor= 2.19986885248218
CL4Pollen= 0.0327359447255731
CL4Nectar= 52.934655523859
CL5Pollen= 0.235805173404515
CL5Nectar= 25.6312291254289
CLDPollen= 5.68265342758968
CLDNectar= 134.187475335784
CA13Pollen= 5.14679746916518
CA13Nectar= 20.7488729991019
CA410Pollen= 5.15725073656067
CA410Nectar= 126.382605056278
CA1120Pollen= 0.155629731947556
CA1120Nectar= 78.6506339535117
IPollenTrips= 8.18256737198681
INectarTrips= 5.29170662397519
IPollenLoad= 7.83151031238958
INectarLoad= 4.74897858686745
