ICQueenStrength= 1.28194041573443
RQWkrDrnRatio= 1.63052856270224
ICDroneMiteSurvivorship= 38.8415972935036
ICWorkerMiteSurvivorship= 34.2542730970308
ICForagerLifespan= 8.93316224683076
ImmType= Cosine
RQQueenStrength= 4.03258640924469
RQEnableReQueen= true
AIAdultSlope= 1.47609409317374
AIAdultLD50= 10.3017416199176
AIAdultSlopeContact= 4.56153364339843
AIAdultLD50Contact= 30.0463208737052
AILarvaSlope= 1.80823087505996
AILarvaLD50= 61.6333505957208
AIKOW= 91028.8916791468
AIKOC= 78512.0934498934
AIHalfLife= 30.8775016274303
EAppRate= 7.85294942404726
FoliarEnabled= true
FoliarAppDate= 06/07/1989
FoliarForageBegin= 06/05/1989
FoliarForageEnd= 06/28/1989
AIContactFactor= 0.782094697253779
CL4Pollen= 1.84001732803881
CL4Nectar= 93.4417249402031
CL5Pollen= 5.75642865663394
CL5Nectar= 86.6014557774179
CLDPollen= 4.5799802178517
CLDNectar= 110.747113754041
CA13Pollen= 3.71434942707419
CA13Nectar= 79.6845579519868
CA410Pollen= 6.60287244645879
CA410Nectar= 187.02881465666
CA1120Pollen= 2.9125648860354
CA1120Nectar= 20.2201936021447
IPollenTrips= 9.54622609773651
INectarTrips= 5.31776069896296
IPollenLoad= 9.38428783556446
INectarLoad= 6.73954563681036
ESoilP= 1.81541026220657
ESoilFoc= 0.0124156681403983
