ICQueenStrength= 1.50492553855292
RQWkrDrnRatio= 1.21528069861233
ICDroneMiteSurvivorship= 96.13037109375
ICWorkerMiteSurvivorship= 33.1377862719819
ICForagerLifespan= 10.7532955268398
ImmType= Sine
RQQueenStrength= 2.19909203844145
RQEnableReQueen= true
AIAdultSlope= 3.03776602074504
AIAdultLD50= 25.9964371241182
AIAdultSlopeContact= 6.68630130030215
AIAdultLD50Contact= 19.8657783849698
AILarvaSlope= 8.8010537493974
AILarvaLD50= 25.3708222254254
AIKOW= 97208.3800935633
AIKOC= 68647.5243866537
AIHalfLife= 29.5003076201072
EAppRate= 7.27789951026975
FoliarEnabled= true
FoliarAppDate= 06/07/1989
FoliarForageBegin= 06/05/1989
FoliarForageEnd= 06/28/1989
AIContactFactor= 2.09713413605001
CL4Pollen= 1.96773185487837
CL4Nectar= 47.5168308708817
CL5Pollen= 5.61733486689627
CL5Nectar= 103.356064169202
CLDPollen= 0.373176174703985
CLDNectar= 51.2912823935039
CA13Pollen= 4.39409687584266
CA13Nectar= 43.5784988105297
CA410Pollen= 7.67369859979954
CA410Nectar= 64.7931112442166
CA1120Pollen= 0.297605609055609
CA1120Nectar= 80.7545478269458
IPollenTrips= 7.76231573661789
INectarTrips= 14.0756623423658
IPollenLoad= 4.6185750211589
INectarLoad= 1.66161280823871
