ICQueenStrength= 5.11590927629732
RQWkrDrnRatio= 2.30462935287505
ICDroneMiteSurvivorship= 29.1261996841058
ICWorkerMiteSurvivorship= 49.2547832429409
ICForagerLifespan= 7.38884772546589
ImmType= Tangent
RQQueenStrength= 1.14097739360295
RQEnableReQueen= true
AIAdultSlope= 8.70589252375066
AIAdultLD50= 89.3914484042623
AIAdultSlopeContact= 2.04722018819302
AIAdultLD50Contact= 75.1420716640002
AILarvaSlope= 2.1558982450515
AILarvaLD50= 36.175681804541
AIKOW= 599.012149591807
AIKOC= 56008.4419189782
AIHalfLife= 16.6325573749607
EAppRate= 9.5090444024913
FoliarEnabled= true
FoliarAppDate= 06/07/1989
FoliarForageBegin= 06/05/1989
FoliarForageEnd= 06/28/1989
AIContactFactor= 0.750135316723026
CL4Pollen= 1.05432148836553
CL4Nectar= 60.3060820139945
CL5Pollen= 4.31470293179154
CL5Nectar= 54.1528799571097
CLDPollen= 0.423970009200275
CLDNectar= 91.2767565459944
CA13Pollen= 7.49212304344401
CA13Nectar= 37.3220970667899
CA410Pollen= 4.66374817388132
CA410Nectar= 73.7307964544743
CA1120Pollen= 1.52015742729418
CA1120Nectar= 27.8125978074968
IPollenTrips= 12.8133001923561
INectarTrips= 10.1905189384706
IPollenLoad= 9.82106734765694
INectarLoad= 9.4852360105142
ESoilP= 1.06144271208905
ESoilFoc= 0.0190143845088314
