ICQueenStrength= 5.39117653062567
RQWkrDrnRatio= 4.14442587364465
ICDroneMiteSurvivorship= 64.0428786166012
ICWorkerMiteSurvivorship= 77.6371910469607
ICForagerLifespan= 12.9746309434995
ImmType= Exponential
RQQueenStrength= 2.83705789269879
RQEnableReQueen= true
AIAdultSlope= 4.63571394607425
AIAdultLD50= 75.4005778924795
AIAdultSlopeContact= 4.50397444167174
AIAdultLD50Contact= 32.2554341135654
AILarvaSlope= 8.20197251811624
AILarvaLD50= 85.5286651163632
AIKOW= 8457.92859723424
AIKOC= 49771.0590106812
AIHalfLife= 1.96046512967441
EAppRate= 4.44111266702088
FoliarEnabled= true
FoliarAppDate= 06/07/1989
FoliarForageBegin= 06/05/1989
FoliarForageEnd= 06/28/1989
AIContactFactor= 1.85577063538134
CL4Pollen= 3.06356653850526
CL4Nectar= 38.4654918685555
CL5Pollen= 0.895475413184613
CL5Nectar= 116.050916409586
CLDPollen= 1.92482175305486
CLDNectar= 100.645176612306
CA13Pollen= 2.28144658710808
CA13Nectar= 62.3249369114637
CA410Pollen= 3.87387863099575
CA410Nectar= 21.7560030147433
CA1120Pollen= 2.99798813718371
CA1120Nectar= 56.3812865503132
IPollenTrips= 5.68405328784138
INectarTrips= 6.11241528997198
IPollenLoad= 0.215017276350409
INectarLoad= 6.84597017010674
