ICQueenStrength= 1.85387824918143
RQWkrDrnRatio= 1.27956863213331
ICDroneMiteSurvivorship= 14.2776362365112
ICWorkerMiteSurvivorship= 4.35381443239748
ICForagerLifespan= 11.9510188382119
ImmType= Logarithmic
RQQueenStrength= 3.15633353567682
RQEnableReQueen= true
AIAdultSlope= 8.33195305429399
AIAdultLD50= 82.660263786895
AIAdultSlopeContact= 4.7735124817118
AIAdultLD50Contact= 15.367300711364
AILarvaSlope= 5.79276374541223
AILarvaLD50= 88.3645723906364
AIKOW= 73997.4694252021
AIKOC= 58781.638213634
AIHalfLife= 6.79921177518554
EAppRate= 6.33840322287777
FoliarEnabled= true
FoliarAppDate= 06/07/1989
FoliarForageBegin= 06/05/1989
FoliarForageEnd= 06/28/1989
AIContactFactor= 2.29622631537262
CL4Pollen= 0.217748803086579
CL4Nectar= 72.1210718387738
CL5Pollen= 3.88331070961431
CL5Nectar= 77.8693838627078
CLDPollen= 3.17939452501014
CLDNectar= 90.6317839049734
CA13Pollen= 8.12303184559569
CA13Nectar= 97.0266702026129
CA410Pollen= 3.56107901830692
CA410Nectar= 70.1374835334718
CA1120Pollen= 0.0408213660120964
CA1120Nectar= 74.3487010523677
IPollenTrips= 8.20147546939552
INectarTrips= 8.47256601788104
IPollenLoad= 1.13410157384351
INectarLoad= 5.99055493716151
ESoilP= 1.3901668486651
ESoilFoc= 0.0115563175333664
