ICQueenStrength= 4.20583763532341
RQWkrDrnRatio= 3.2223167642951
ICDroneMiteSurvivorship= 96.2573807686567
ICWorkerMiteSurvivorship= 44.1596821183339
ICForagerLifespan= 11.0732280937955
ImmType= Sine
RQQueenStrength= 3.65962338657118
RQEnableReQueen= true
AIAdultSlope= 6.82537878863513
AIAdultLD50= 37.4401505691798
AIAdultSlopeContact= 8.12734228582121
AIAdultLD50Contact= 50.4129673978619
AILarvaSlope= 2.06476757489145
AILarvaLD50= 2.95577660653228
AIKOW= 3791.48517298666
AIKOC= 90825.0115035791
AIHalfLife= 26.1153097102419
EAppRate= 5.25325570140127
FoliarEnabled= true
FoliarAppDate= 06/07/1989
FoliarForageBegin= 06/05/1989
FoliarForageEnd= 06/28/1989
AIContactFactor= 1.8006356332358
CL4Pollen= 0.750587685033679
CL4Nectar= 4.61374544538558
CL5Pollen= 5.19409122783691
CL5Nectar= 13.5757375974208
CLDPollen= 0.496818548999727
CLDNectar= 133.379103848711
CA13Pollen= 6.7639080372639
CA13Nectar= 75.1027554832399
CA410Pollen= 8.46471883370541
CA410Nectar= 87.8177872439846
CA1120Pollen= 2.25345142814331
CA1120Nectar= 24.7564979828894
IPollenTrips= 11.2225019442849
INectarTrips= 11.446828157641
IPollenLoad= 0.832346708048135
INectarLoad= 3.68207397172228
