ICQueenStrength= 3.25193614605814
RQWkrDrnRatio= 3.19424816034734
ICDroneMiteSurvivorship= 94.3592195864767
ICWorkerMiteSurvivorship= 73.9667106186971
ICForagerLifespan= 10.5408433331177
ImmType= Cosine
RQQueenStrength= 5.66092493967153
RQEnableReQueen= true
AIAdultSlope= 7.79823699593544
AIAdultLD50= 37.6842905921172
AIAdultSlopeContact= 1.43976003257558
AIAdultLD50Contact= 55.7035568488697
AILarvaSlope= 1.77213626727462
AILarvaLD50= 82.3439357871579
AIKOW= 77088.0562813501
AIKOC= 33312.0301727059
AIHalfLife= 4.26186065557413
EAppRate= 2.63182482766733
FoliarEnabled= true
FoliarAppDate= 06/07/1989
FoliarForageBegin= 06/05/1989
FoliarForageEnd= 06/28/1989
AIContactFactor= 1.03371589891613
CL4Pollen= 3.66551843844354
CL4Nectar= 25.0478072790429
CL5Pollen= 3.44104227796197
CL5Nectar= 106.892089813482
CLDPollen= 0.680603918619454
CLDNectar= 93.025026738178
CA13Pollen= 2.6471157588996
CA13Nectar= 89.5307816378772
CA410Pollen= 8.85264019444585
CA410Nectar= 178.317650086246
CA1120Pollen= 0.978183064609766
CA1120Nectar= 22.4894521571696
IPollenTrips= 14.4097603927366
INectarTrips= 12.8491338132881
IPollenLoad= 3.73898483579978
INectarLoad= 3.66557775298133
