ICQueenStrength= 5.73271863651462
RQWkrDrnRatio= 3.21254058368504
ICDroneMiteSurvivorship= 56.8094447720796
ICWorkerMiteSurvivorship= 8.53866382967681
ICForagerLifespan= 15.8419563574716
ImmType= Exponential
RQQueenStrength= 1.63598471577279
RQEnableReQueen= true
AIAdultSlope= 8.23059213347733
AIAdultLD50= 3.61163539116643
AIAdultSlopeContact= 2.76148492400534
AIAdultLD50Contact= 23.0559209026585
AILarvaSlope= 4.39114237576723
AILarvaLD50= 86.212821668182
AIKOW= 46844.361729495
AIKOC= 47046.42143604
AIHalfLife= 31.8407576322323
EAppRate= 7.24720906767668
FoliarEnabled= true
FoliarAppDate= 06/07/1989
FoliarForageBegin= 06/05/1989
FoliarForageEnd= 06/28/1989
AIContactFactor= 0.659766307519749
CL4Pollen= 0.310493731871247
CL4Nectar= 89.9206933798268
CL5Pollen= 1.37397451512516
CL5Nectar= 70.0613591470756
CLDPollen= 4.43437712034211
CLDNectar= 71.8142724246718
CA13Pollen= 5.62458180710673
CA13Nectar= 29.9374828860164
CA410Pollen= 8.32820256948471
CA410Nectar= 116.713583832607
CA1120Pollen= 0.717742342036217
CA1120Nectar= 57.7949135564268
IPollenTrips= 14.8099421220832
INectarTrips= 13.1771162501536
IPollenLoad= 0.727209860924631
INectarLoad= 0.756839355453849
