ICQueenStrength= 2.47675712942146
RQWkrDrnRatio= 4.00519483629614
ICDroneMiteSurvivorship= 16.4868700550869
ICWorkerMiteSurvivorship= 34.0393477119505
ICForagerLifespan= 8.00764780957252
ImmType= Logarithmic
AIAdultSlope= 0.990980786802247
AIAdultLD50= 0.157689290912822
AIAdultSlopeContact= 1.24985817894805
AIAdultLD50Contact= 0.0157571815070696
AILarvaSlope= 1.59457969260402
AILarvaLD50= 0.685363893653266
AIKOW= 2.49592679366469
AIKOC= 14.6891899127513
AIHalfLife= 1.52637387623545
EAppRate= 0.800483182538301
FoliarEnabled= true
