ICQueenStrength= 3.1474184570834
RQWkrDrnRatio= 2.45981444697827
ICDroneMiteSurvivorship= 3.4546080743894
ICWorkerMiteSurvivorship= 55.4608974140137
ICForagerLifespan= 15.8859617430717
ImmType= Exponential
RQQueenStrength= 2.94321467448026
RQEnableReQueen=true
AIAdultSlope= 8.63665873929858
AIAdultLD50= 0.0755470875871833
AIAdultSlopeContact= 4.85574491764419
AIAdultLD50Contact= 77.0664408567164
AILarvaSlope= 3.36736566200852
AILarvaLD50= 99.5936728668846
AIKOW= 68174.5018504906
AIKOC= 16197.8575658528
AIHalfLife= 17.1508310829988
EAppRate= 3.70607477860712
FoliarEnabled=true
FoliarAppDate= 07/01/1989
FoliarForageBegin= 07/01/1989
FoliarForageEnd= 07/14/1989
AIContactFactor= 0.448939361050725
CL4Pollen= 1.07704234495759
CL4Nectar= 29.3658396461979
CL5Pollen= 0.794444023165852
CL5Nectar= 22.2612063051201
CLDPollen= 1.24694512411952
CLDNectar= 114.684741839301
CA13Pollen= 7.35985404932871
CA13Nectar= 65.069022513926
CA410Pollen= 3.23792959586717
CA410Nectar= 108.352849953808
CA1120Pollen= 2.6091396685224
CA1120Nectar= 77.2334444709122
IPollenTrips= 12.511076098308
INectarTrips= 14.3286946020089
IPollenLoad= 5.68822619505227
INectarLoad= 0.811522530857474
