ICQueenStrength= 2.47159143351018
RQWkrDrnRatio= 4.38978378567845
ICDroneMiteSurvivorship= 22.1133761806414
ICWorkerMiteSurvivorship= 78.6969952052459
ICForagerLifespan= 10.7096976442263
ImmType= Exponential
RQQueenStrength= 5.77484156843275
RQEnableReQueen= true
AIAdultSlope= 4.43960202299058
AIAdultLD50= 91.8297413302229
AIAdultSlopeContact= 9.44427903392352
AIAdultLD50Contact= 70.8525935616561
AILarvaSlope= 4.83462737500668
AILarvaLD50= 36.6712195048134
AIKOW= 80217.6119751464
AIKOC= 24174.646848507
AIHalfLife= 10.5145645657787
EAppRate= 2.45231428428879
FoliarEnabled= true
FoliarAppDate= 06/07/1989
FoliarForageBegin= 06/05/1989
FoliarForageEnd= 06/28/1989
AIContactFactor= 0.77084775167983
CL4Pollen= 2.80126843415201
CL4Nectar= 43.5323357582092
CL5Pollen= 3.85152183612809
CL5Nectar= 4.05068305553868
CLDPollen= 0.684668628964573
CLDNectar= 92.5732150557451
CA13Pollen= 4.96279717916623
CA13Nectar= 26.8546806648374
CA410Pollen= 2.43663222813047
CA410Nectar= 120.516276904382
CA1120Pollen= 1.29916248726659
CA1120Nectar= 95.0184667296708
IPollenTrips= 12.4223295948468
INectarTrips= 14.1206900938414
IPollenLoad= 3.42765168519691
INectarLoad= 3.35693721659482
