ICQueenStrength= 5.75045163417235
RQWkrDrnRatio= 3.41397162340581
ICDroneMiteSurvivorship= 82.6452111359686
ICWorkerMiteSurvivorship= 26.2565129669383
ICForagerLifespan= 12.7654725695029
ImmType= Cosine
RQQueenStrength= 4.8278834882658
RQEnableReQueen= true
AIAdultSlope= 6.2695871219039
AIAdultLD50= 33.3935117478238
AIAdultSlopeContact= 5.04946443787776
AIAdultLD50Contact= 4.17015685271053
AILarvaSlope= 3.52605720050633
AILarvaLD50= 50.6874798978192
AIKOW= 32901.4507165668
AIKOC= 16502.7528571244
AIHalfLife= 15.1927258658223
EAppRate= 8.28248906859709
FoliarEnabled= true
FoliarAppDate= 06/07/1989
FoliarForageBegin= 06/05/1989
FoliarForageEnd= 06/28/1989
AIContactFactor= 2.23816864439286
CL4Pollen= 1.68525114189833
CL4Nectar= 39.625782193616
CL5Pollen= 4.02988909604028
CL5Nectar= 104.320098494645
CLDPollen= 2.0647509531118
CLDNectar= 18.7828069436364
CA13Pollen= 2.35703797480091
CA13Nectar= 98.6312609538436
CA410Pollen= 8.8205225588521
CA410Nectar= 35.6471183663234
CA1120Pollen= 1.57282351353206
CA1120Nectar= 40.4699026606977
IPollenTrips= 7.33638980658725
INectarTrips= 12.8326106490567
IPollenLoad= 7.99484400777146
INectarLoad= 1.63245042786002
ESoilP= 1.5470240439754
ESoilFoc= 0.0121268615529407
