ICQueenStrength= 4.43743826821446
RQWkrDrnRatio= 2.97195565141737
ICDroneMiteSurvivorship= 33.2527165301144
ICWorkerMiteSurvivorship= 14.6511234343052
ICForagerLifespan= 4.64557857438922
ImmType= Tangent
RQQueenStrength= 3.76542976032943
RQEnableReQueen=true
AIAdultSlope= 8.84777659364045
AIAdultLD50= 0.185847151353722
AIAdultSlopeContact= 5.91602943558246
AIAdultLD50Contact= 88.0335019813655
AILarvaSlope= 2.25584625452757
AILarvaLD50= 99.4806940910039
AIKOW= 38314.5174928279
AIKOC= 63947.2626775415
AIHalfLife= 3.27079683409538
EAppRate= 9.55142589527625
FoliarEnabled=true
FoliarAppDate= 07/01/1989
FoliarForageBegin= 07/01/1989
FoliarForageEnd= 07/14/1989
AIContactFactor= 0.778147453889251
CL4Pollen= 1.06869828607887
CL4Nectar= 27.7790748048574
CL5Pollen= 1.28756788093597
CL5Nectar= 127.873017196544
CLDPollen= 2.51117497729138
CLDNectar= 129.50676282635
CA13Pollen= 2.2616979165934
CA13Nectar= 47.5015064701438
CA410Pollen= 5.93260516335722
CA410Nectar= 59.1436546109617
CA1120Pollen= 0.440198451513425
CA1120Nectar= 92.4283081293106
IPollenTrips= 7.84307945519686
INectarTrips= 8.24224756797776
IPollenLoad= 8.32523873774335
INectarLoad= 8.42262768885121
