ICQueenStrength= 2.55258689424954
RQWkrDrnRatio= 1.84026787150651
ICDroneMiteSurvivorship= 76.4866712735966
ICWorkerMiteSurvivorship= 73.9866015966982
ICForagerLifespan= 6.2349813785404
ImmType= Tangent
RQQueenStrength= 3.3625302943401
RQEnableReQueen= true
AIAdultSlope= 6.75767587870359
AIAdultLD50= 79.6115523404246
AIAdultSlopeContact= 3.03226539888419
AIAdultLD50Contact= 17.086171698156
AILarvaSlope= 6.90350318513811
AILarvaLD50= 2.92649567522039
AIKOW= 3729.46016674073
AIKOC= 57301.9907539412
AIHalfLife= 29.9937762994552
EAppRate= 7.46837613240699
FoliarEnabled= true
FoliarAppDate= 06/07/1989
FoliarForageBegin= 06/05/1989
FoliarForageEnd= 06/28/1989
AIContactFactor= 0.385610657040961
CL4Pollen= 0.936068500392139
CL4Nectar= 85.135614592582
CL5Pollen= 1.67691450146958
CL5Nectar= 136.680061148945
CLDPollen= 5.18926827656105
CLDNectar= 36.6058221668936
CA13Pollen= 7.53158197021112
CA13Nectar= 50.2685971185565
CA410Pollen= 4.24447713489644
CA410Nectar= 60.2502234932035
CA1120Pollen= 0.723789752461016
CA1120Nectar= 73.1003399193287
IPollenTrips= 6.05695330770686
INectarTrips= 9.94458199944347
IPollenLoad= 3.95577864954248
INectarLoad= 5.21723693935201
ESoilP= 1.53613719367422
ESoilFoc= 0.00347315425192937
