ICQueenStrength= 1.07631795830093
RQWkrDrnRatio= 1.26572110038251
ICDroneMiteSurvivorship= 67.4693175824359
ICWorkerMiteSurvivorship= 76.4725481392816
ICForagerLifespan= 5.02606274187565
ImmType= Polynomial
RQQueenStrength= 3.47119487379678
RQEnableReQueen= true
AIAdultSlope= 3.73514854162931
AIAdultLD50= 0.693204446198884
AIAdultSlopeContact= 4.08162358636037
AIAdultLD50Contact= 96.5875669997993
AILarvaSlope= 8.56000294722617
AILarvaLD50= 93.1930089278528
AIKOW= 69299.9396905249
AIKOC= 82785.5754786397
AIHalfLife= 9.26538791039493
EAppRate= 9.06657578953076
FoliarEnabled= true
FoliarAppDate= 09/01/1989
FoliarForageBegin= 09/01/1989
FoliarForageEnd= 09/08/1989
AIContactFactor= 0.676258022966795
CL4Pollen= 3.84249186515808
CL4Nectar= 77.8756174026057
CL5Pollen= 0.427758308127522
CL5Nectar= 142.22536777379
CLDPollen= 5.6678307345137
CLDNectar= 102.926998247858
CA13Pollen= 5.08032472599298
CA13Nectar= 68.6919163167477
CA410Pollen= 6.25580553831533
CA410Nectar= 65.4599695513025
CA1120Pollen= 0.0316845579072833
CA1120Nectar= 88.1939054466784
IPollenTrips= 6.48411443224177
INectarTrips= 9.1754876403138
IPollenLoad= 8.6585741629824
INectarLoad= 7.80870193382725
