ICQueenStrength= 3.81192729016766
RQWkrDrnRatio= 3.58330091368407
ICDroneMiteSurvivorship= 20.2613356988877
ICWorkerMiteSurvivorship= 25.0381448538974
ICForagerLifespan= 8.26867207325995
ImmType= Sine
RQQueenStrength= 2.03887482429855
RQEnableReQueen= true
AIAdultSlope= 2.11326793022454
AIAdultLD50= 27.1434027464867
AIAdultSlopeContact= 7.20919679733925
AIAdultLD50Contact= 88.972379951135
AILarvaSlope= 3.53841870836914
AILarvaLD50= 94.9375147545384
AIKOW= 37302.9909395061
AIKOC= 5525.75347911753
AIHalfLife= 25.1320478492649
EAppRate= 4.32230664524413
FoliarEnabled= true
FoliarAppDate= 06/07/1989
FoliarForageBegin= 06/05/1989
FoliarForageEnd= 06/28/1989
AIContactFactor= 0.916324080834165
CL4Pollen= 0.715596357360482
CL4Nectar= 78.1412377487868
CL5Pollen= 0.62496721604839
CL5Nectar= 28.6660446203314
CLDPollen= 5.35885344212875
CLDNectar= 35.8190827304497
CA13Pollen= 4.00236524762586
CA13Nectar= 80.5830634944141
CA410Pollen= 4.18879447965883
CA410Nectar= 180.500817308202
CA1120Pollen= 0.364908361108974
CA1120Nectar= 48.4329522401094
IPollenTrips= 8.3487908472307
INectarTrips= 14.8507154127583
IPollenLoad= 7.90298989741132
INectarLoad= 6.87022965401411
