ICQueenStrength= 4.207107441267
RQWkrDrnRatio= 3.74762726109475
ICDroneMiteSurvivorship= 17.9201026679948
ICWorkerMiteSurvivorship= 99.2665763013065
ICForagerLifespan= 4.50030225515366
ImmType= Tangent
RQQueenStrength= 3.0012844633311
RQEnableReQueen= true
AIAdultSlope= 4.11428765952587
AIAdultLD50= 27.9872335157588
AIAdultSlopeContact= 4.8349660015665
AIAdultLD50Contact= 49.3033003128241
AILarvaSlope= 7.66532426699996
AILarvaLD50= 54.8929151273139
AIKOW= 22668.0499766541
AIKOC= 85866.315090846
AIHalfLife= 2.38481128527783
EAppRate= 3.33803378717485
FoliarEnabled= true
FoliarAppDate= 06/07/1989
FoliarForageBegin= 06/05/1989
FoliarForageEnd= 06/28/1989
AIContactFactor= 0.401219780440442
CL4Pollen= 2.2670471649617
CL4Nectar= 35.5176839279011
CL5Pollen= 4.0419776304625
CL5Nectar= 149.382250383496
CLDPollen= 1.99655051808804
CLDNectar= 65.2806506026536
CA13Pollen= 6.53759003411978
CA13Nectar= 66.1205288954079
CA410Pollen= 7.36951251390856
CA410Nectar= 25.6246493430808
CA1120Pollen= 2.34667710657232
CA1120Nectar= 63.1986194290221
IPollenTrips= 9.75695942062885
INectarTrips= 6.22540645999834
IPollenLoad= 9.42304802592844
INectarLoad= 5.25799258379266
