ICQueenStrength= 2.9581179402303
RQWkrDrnRatio= 1.1818660935387
ICDroneMiteSurvivorship= 57.2799682151526
ICWorkerMiteSurvivorship= 1.74425295554101
ICForagerLifespan= 6.74207326583564
ImmType= Cosine
RQQueenStrength= 3.51927845180035
RQEnableReQueen= true
AIAdultSlope= 8.67012352496386
AIAdultLD50= 0.143118945198832
AIAdultSlopeContact= 6.81862663198262
AIAdultLD50Contact= 22.8507239067259
AILarvaSlope= 4.11405062675476
AILarvaLD50= 68.0496442297134
AIKOW= 3270.40100122117
AIKOC= 48447.2063364857
AIHalfLife= 3.13328197004739
EAppRate= 0.532244776045671
FoliarEnabled= true
FoliarAppDate= 09/01/1989
FoliarForageBegin= 09/01/1989
FoliarForageEnd= 09/08/1989
AIContactFactor= 1.15290353695862
CL4Pollen= 0.171127360314131
CL4Nectar= 59.0177044738084
CL5Pollen= 0.711250049527735
CL5Nectar= 10.416384448763
CLDPollen= 1.04730768688023
CLDNectar= 146.146065392531
CA13Pollen= 4.49621067270636
CA13Nectar= 59.8741636425257
CA410Pollen= 6.09619360298384
CA410Nectar= 113.13899599947
CA1120Pollen= 0.392238484695554
CA1120Nectar= 87.310098502785
IPollenTrips= 11.7731222487055
INectarTrips= 7.05205560894683
IPollenLoad= 2.72140808636323
INectarLoad= 1.32566946558654
