ICQueenStrength= 1.67275577341206
RQWkrDrnRatio= 4.26022746507078
ICDroneMiteSurvivorship= 28.4028134308755
ICWorkerMiteSurvivorship= 62.4626891221851
ICForagerLifespan= 4.66387042403221
ImmType= Polynomial
RQQueenStrength= 1.26283496757969
RQEnableReQueen= true
AIAdultSlope= 1.31336451508105
AIAdultLD50= 50.6376979444015
AIAdultSlopeContact= 7.87867736397311
AIAdultLD50Contact= 90.3628627341318
AILarvaSlope= 3.93835898675025
AILarvaLD50= 56.1540394761825
AIKOW= 26780.2853946646
AIKOC= 33206.0019739575
AIHalfLife= 9.13545106009114
EAppRate= 3.68062263898365
FoliarEnabled= true
FoliarAppDate= 06/07/1989
FoliarForageBegin= 06/05/1989
FoliarForageEnd= 06/28/1989
AIContactFactor= 2.33893384777475
CL4Pollen= 1.00062050390989
CL4Nectar= 2.70257818046957
CL5Pollen= 3.64151280233636
CL5Nectar= 134.952947963029
CLDPollen= 0.893671680707484
CLDNectar= 101.136142050382
CA13Pollen= 8.16852169558406
CA13Nectar= 89.3789820000529
CA410Pollen= 6.05435274376068
CA410Nectar= 131.934987558052
CA1120Pollen= 0.944698161911219
CA1120Nectar= 59.559024553746
IPollenTrips= 11.9224160327576
INectarTrips= 9.35108871897683
IPollenLoad= 8.45390765462071
INectarLoad= 3.02025611512363
