ICQueenStrength= 4.54152020532638
RQWkrDrnRatio= 4.64965318515897
ICDroneMiteSurvivorship= 28.0730506870896
ICWorkerMiteSurvivorship= 95.7440662430599
ICForagerLifespan= 14.8981834249571
ImmType= Exponential
RQQueenStrength= 3.04826136119664
RQEnableReQueen= true
AIAdultSlope= 2.41691537201405
AIAdultLD50= 7.83332052368834
AIAdultSlopeContact= 3.51027111895382
AIAdultLD50Contact= 81.462632907046
AILarvaSlope= 8.22837904281914
AILarvaLD50= 18.476103004005
AIKOW= 98838.208336147
AIKOC= 62014.1793030526
AIHalfLife= 7.32790608501527
EAppRate= 8.78598899717955
FoliarEnabled= true
FoliarAppDate= 06/07/1989
FoliarForageBegin= 06/05/1989
FoliarForageEnd= 06/28/1989
AIContactFactor= 1.59881423159037
CL4Pollen= 0.984123274683952
CL4Nectar= 2.25939056836069
CL5Pollen= 4.84043444506824
CL5Nectar= 69.3193880142644
CLDPollen= 1.14658590825275
CLDNectar= 23.1450988096185
CA13Pollen= 6.89031688664108
CA13Nectar= 84.2580665834248
CA410Pollen= 8.98781004967168
CA410Nectar= 47.3825631616637
CA1120Pollen= 0.259267249144614
CA1120Nectar= 27.2743157483637
IPollenTrips= 7.09486710838974
INectarTrips= 5.67444787360728
IPollenLoad= 8.56952393194661
INectarLoad= 2.62206351850182
