ICQueenStrength= 4.04306097445078
RQWkrDrnRatio= 1.19714363571256
ICDroneMiteSurvivorship= 51.3331501046196
ICWorkerMiteSurvivorship= 63.2907323306426
ICForagerLifespan= 8.03651193808764
ImmType= Cosine
RQQueenStrength= 5.20350460219197
RQEnableReQueen= true
AIAdultSlope= 5.7171548884362
AIAdultLD50= 15.5892054439231
AIAdultSlopeContact= 5.93939834926277
AIAdultLD50Contact= 20.6534303592742
AILarvaSlope= 1.78284933231771
AILarvaLD50= 34.5876262216261
AIKOW= 46132.3007559411
AIKOC= 78399.0491328419
AIHalfLife= 4.73259509054478
EAppRate= 1.37083873553178
FoliarEnabled= true
FoliarAppDate= 06/07/1989
FoliarForageBegin= 06/05/1989
FoliarForageEnd= 06/28/1989
AIContactFactor= 0.855845776884817
CL4Pollen= 3.7188180340454
CL4Nectar= 5.09023352060467
CL5Pollen= 1.26681489916518
CL5Nectar= 51.3765855459496
CLDPollen= 5.54788556322455
CLDNectar= 13.0686965421773
CA13Pollen= 3.28631380787119
CA13Nectar= 89.9805572070181
CA410Pollen= 8.29555017040111
CA410Nectar= 180.564579116181
CA1120Pollen= 0.883728550281376
CA1120Nectar= 94.3153539486229
IPollenTrips= 10.6717262486927
INectarTrips= 8.78712648991495
IPollenLoad= 7.66603763913736
INectarLoad= 6.05126712238416
ESoilP= 1.02734593488276
ESoilFoc= 0.00539543979545124
