ICQueenStrength= 4.93324074451812
RQWkrDrnRatio= 2.18447727058083
ICDroneMiteSurvivorship= 82.1805554442108
ICWorkerMiteSurvivorship= 46.9170844182372
ICForagerLifespan= 10.6204319372773
ImmType= Sine
AIAdultSlope= 1.10842699701665
AIAdultLD50= 0.0189044172875583
AIAdultSlopeContact= 3.27838711634511
AIAdultLD50Contact= 0.0138747995020822
AILarvaSlope= 0.0573008065111935
AILarvaLD50= 0.584876455483027
AIKOW= 2.95221469830722
AIKOC= 20.3751285804901
AIHalfLife= 1.21728749305476
EAppRate= 7.92416838929057
FoliarEnabled= true
