ICQueenStrength= 3.73357291589491
RQWkrDrnRatio= 4.45039660856128
ICDroneMiteSurvivorship= 31.8038751138374
ICWorkerMiteSurvivorship= 25.7177365012467
ICForagerLifespan= 13.7740445118397
ImmType= Sine
AIAdultSlope= 0.672276031204965
AIAdultLD50= 0.179547233460471
AIAdultSlopeContact= 0.822129520727322
AIAdultLD50Contact= 0.0403888993663713
AILarvaSlope= 1.84990266719833
AILarvaLD50= 0.293148686969653
AIKOW= 3.58538946695626
AIKOC= 12.8192760702223
AIHalfLife= 1.1243487251224
EAppRate= 1.16123146843165
FoliarEnabled= true
