ICQueenStrength= 3.44134544627741
RQWkrDrnRatio= 1.00994744617492
ICDroneMiteSurvivorship= 46.1663547437638
ICWorkerMiteSurvivorship= 30.7524184929207
ICForagerLifespan= 7.42421936523169
ImmType= Logarithmic
RQQueenStrength= 3.52793381805532
RQEnableReQueen= true
AIAdultSlope= 3.85568102449179
AIAdultLD50= 9.53518784906506
AIAdultSlopeContact= 4.81297748885117
AIAdultLD50Contact= 64.2794491260592
AILarvaSlope= 3.30740032717586
AILarvaLD50= 32.8214164420606
AIKOW= 3265.70634429039
AIKOC= 42927.3689341154
AIHalfLife= 15.3982261956437
EAppRate= 9.31619108260283
FoliarEnabled= true
FoliarAppDate= 06/07/1989
FoliarForageBegin= 06/05/1989
FoliarForageEnd= 06/28/1989
AIContactFactor= 2.26212829024997
CL4Pollen= 3.7727903611958
CL4Nectar= 46.0107664344832
CL5Pollen= 0.546879024244845
CL5Nectar= 37.2202908270992
CLDPollen= 1.02927524177358
CLDNectar= 139.893276582006
CA13Pollen= 7.8618977021426
CA13Nectar= 80.3974626213312
CA410Pollen= 9.44494792339392
CA410Nectar= 176.683119330555
CA1120Pollen= 0.0123455773573369
CA1120Nectar= 21.0123364813626
IPollenTrips= 7.21747767413035
INectarTrips= 9.36939870472997
IPollenLoad= 0.13520734384656
INectarLoad= 0.777088403701782
