ICQueenStrength= 3.176977369003
RQWkrDrnRatio= 1.53911627270281
ICDroneMiteSurvivorship= 9.76312032435089
ICWorkerMiteSurvivorship= 99.7874974738806
ICForagerLifespan= 6.39253331627697
ImmType= Sine
RQQueenStrength= 1.32233887538314
RQEnableReQueen=true
AIAdultSlope= 2.14841507002711
AIAdultLD50= 0.881920927299419
AIAdultSlopeContact= 8.22675675991923
AIAdultLD50Contact= 31.7135511687896
AILarvaSlope= 2.98250565305352
AILarvaLD50= 4.55115594380349
AIKOW= 41945.9868534494
AIKOC= 2227.22120836074
AIHalfLife= 10.7401802630397
EAppRate= 3.80750407528598
FoliarEnabled=true
FoliarAppDate= 07/01/1989
FoliarForageBegin= 07/01/1989
FoliarForageEnd= 07/14/1989
AIContactFactor= 1.96018305084668
CL4Pollen= 0.810344238765538
CL4Nectar= 0.316255842335522
CL5Pollen= 5.07454661093652
CL5Nectar= 85.4640226461925
CLDPollen= 2.79997052298859
CLDNectar= 8.33978393347934
CA13Pollen= 5.97447054022923
CA13Nectar= 38.3196708932519
CA410Pollen= 3.32893975768238
CA410Nectar= 186.288632676005
CA1120Pollen= 0.497923566726968
CA1120Nectar= 98.4890428371727
IPollenTrips= 11.0192337934859
INectarTrips= 12.1905606635846
IPollenLoad= 0.73574933456257
INectarLoad= 3.49968090653419
