ICQueenStrength= 1.68921913509257
RQWkrDrnRatio= 4.56302173156291
ICDroneMiteSurvivorship= 83.3725762553513
ICWorkerMiteSurvivorship= 51.54222631827
ICForagerLifespan= 11.6588961463422
ImmType= Polynomial
RQQueenStrength= 1.74535501305945
RQEnableReQueen= true
AIAdultSlope= 5.18419892713428
AIAdultLD50= 99.7736229847455
AIAdultSlopeContact= 7.35831603896804
AIAdultLD50Contact= 49.130821609037
AILarvaSlope= 3.98896286450326
AILarvaLD50= 51.9324634004435
AIKOW= 84630.1615474038
AIKOC= 67041.8216514254
AIHalfLife= 26.7523714741692
EAppRate= 2.59954311184352
FoliarEnabled= true
FoliarAppDate= 06/07/1989
FoliarForageBegin= 06/05/1989
FoliarForageEnd= 06/28/1989
AIContactFactor= 1.12550594769884
CL4Pollen= 0.336853438988328
CL4Nectar= 48.0750664370134
CL5Pollen= 4.77557208621874
CL5Nectar= 28.3593042637222
CLDPollen= 3.83289713831618
CLDNectar= 30.8877271134406
CA13Pollen= 4.35681793540716
CA13Nectar= 38.8127899356186
CA410Pollen= 7.24956381167285
CA410Nectar= 88.285264717415
CA1120Pollen= 0.662967365467921
CA1120Nectar= 45.1012747362256
IPollenTrips= 13.2413178426214
INectarTrips= 7.47704525711015
IPollenLoad= 9.46545324986801
INectarLoad= 4.29642151342705
ESoilP= 1.09274859447032
ESoilFoc= 0.0116018952883314
