ICQueenStrength= 5.96711464249529
RQWkrDrnRatio= 3.31425207201391
ICDroneMiteSurvivorship= 46.8724822159857
ICWorkerMiteSurvivorship= 40.8018406946212
ICForagerLifespan= 15.5300280051306
ImmType= Sine
RQQueenStrength= 3.42081758566201
RQEnableReQueen= true
AIAdultSlope= 5.95815179124475
AIAdultLD50= 32.2663805135286
AIAdultSlopeContact= 5.12769685988314
AIAdultLD50Contact= 81.266492303944
AILarvaSlope= 1.77203614078462
AILarvaLD50= 72.2590808932013
AIKOW= 26571.8136069293
AIKOC= 92254.2284898646
AIHalfLife= 6.00521909333765
EAppRate= 5.26398325737869
FoliarEnabled= true
FoliarAppDate= 06/07/1989
FoliarForageBegin= 06/05/1989
FoliarForageEnd= 06/28/1989
AIContactFactor= 2.20873558972031
CL4Pollen= 0.143168432638049
CL4Nectar= 48.8615276757628
CL5Pollen= 1.04693330219015
CL5Nectar= 57.8050883486867
CLDPollen= 2.4783126921393
CLDNectar= 32.9038206255063
CA13Pollen= 5.3126642129384
CA13Nectar= 28.404123801738
CA410Pollen= 3.63219409643207
CA410Nectar= 90.0585374701768
CA1120Pollen= 2.5428053685464
CA1120Nectar= 63.6692220531404
IPollenTrips= 10.0768677075393
INectarTrips= 10.8785091945902
IPollenLoad= 6.33444673148915
INectarLoad= 5.6375217018649
