ICQueenStrength= 4.17106190370396
RQWkrDrnRatio= 1.53544000256807
ICDroneMiteSurvivorship= 98.1293711578473
ICWorkerMiteSurvivorship= 31.4949714345858
ICForagerLifespan= 10.0576993785799
ImmType= Exponential
RQQueenStrength= 5.57940006745048
RQEnableReQueen= true
AIAdultSlope= 5.21617815643549
AIAdultLD50= 11.3156318903661
AIAdultSlopeContact= 9.14916822849773
AIAdultLD50Contact= 73.3378168296765
AILarvaSlope= 1.02118807472289
AILarvaLD50= 47.4492737462458
AIKOW= 94476.9408954624
AIKOC= 5954.07231762772
AIHalfLife= 16.7799576031743
EAppRate= 4.27602306363219
FoliarEnabled= true
FoliarAppDate= 06/07/1989
FoliarForageBegin= 06/05/1989
FoliarForageEnd= 06/28/1989
AIContactFactor= 2.37148079606239
CL4Pollen= 1.55695989727974
CL4Nectar= 32.1393419289961
CL5Pollen= 2.6932054515928
CL5Nectar= 62.5543994363397
CLDPollen= 3.73433175589889
CLDNectar= 44.3996306858025
CA13Pollen= 8.04220006689429
CA13Nectar= 67.6577076129615
CA410Pollen= 7.040466448199
CA410Nectar= 187.835797178559
CA1120Pollen= 1.84896361269057
CA1120Nectar= 39.7411678731441
IPollenTrips= 11.4853556174785
INectarTrips= 5.58504853164777
IPollenLoad= 2.16578842140734
INectarLoad= 9.07337894197553
ESoilP= 1.18565041967668
ESoilFoc= 0.00417709903046489
