ICQueenStrength= 4.33483957801946
RQWkrDrnRatio= 2.03007607255131
ICDroneMiteSurvivorship= 58.0692475894466
ICWorkerMiteSurvivorship= 52.9120207298547
ICForagerLifespan= 6.07226799335331
ImmType= Logarithmic
RQQueenStrength= 2.37496779090725
RQEnableReQueen= true
AIAdultSlope= 6.85641508363187
AIAdultLD50= 0.811897480830317
AIAdultSlopeContact= 8.81166979926638
AIAdultLD50Contact= 47.870052090521
AILarvaSlope= 3.36140887998044
AILarvaLD50= 8.22627797973435
AIKOW= 94577.7877533861
AIKOC= 7616.24753746064
AIHalfLife= 10.1223173425067
EAppRate= 6.51613557199575
FoliarEnabled= true
FoliarAppDate= 09/01/1989
FoliarForageBegin= 09/01/1989
FoliarForageEnd= 09/08/1989
AIContactFactor= 0.334247363111936
CL4Pollen= 3.77554286736995
CL4Nectar= 92.3520870972425
CL5Pollen= 3.93512230552733
CL5Nectar= 141.11942932941
CLDPollen= 2.59896726580337
CLDNectar= 57.872937025968
CA13Pollen= 5.51529242079705
CA13Nectar= 39.2495384067297
CA410Pollen= 8.49315607871395
CA410Nectar= 101.01860077586
CA1120Pollen= 0.825646550394595
CA1120Nectar= 64.8058625869453
IPollenTrips= 14.4294993858784
INectarTrips= 12.5843663327396
IPollenLoad= 5.49276298610494
INectarLoad= 5.03536748234183
