ICQueenStrength= 4.56584888184443
RQWkrDrnRatio= 3.83265721984208
ICDroneMiteSurvivorship= 81.4265151740983
ICWorkerMiteSurvivorship= 22.0273155719042
ICForagerLifespan= 7.53879176732153
ImmType= Tangent
RQQueenStrength= 5.89739712327719
RQEnableReQueen= true
AIAdultSlope= 1.15807513706386
AIAdultLD50= 0.605357917144662
AIAdultSlopeContact= 5.60110676568002
AIAdultLD50Contact= 35.1651487088543
AILarvaSlope= 5.13815298490226
AILarvaLD50= 53.343625086379
AIKOW= 62945.4650484964
AIKOC= 63007.3216835326
AIHalfLife= 26.3164467023918
EAppRate= 1.52384443329182
FoliarEnabled= true
FoliarAppDate= 09/01/1989
FoliarForageBegin= 09/01/1989
FoliarForageEnd= 09/08/1989
AIContactFactor= 0.311285221450962
CL4Pollen= 1.76444034464657
CL4Nectar= 89.9742275476456
CL5Pollen= 0.351805724669248
CL5Nectar= 114.707633759826
CLDPollen= 1.24927664268762
CLDNectar= 139.554380520713
CA13Pollen= 2.71212964020669
CA13Nectar= 79.382399879396
CA410Pollen= 9.16877639824525
CA410Nectar= 109.008970456198
CA1120Pollen= 0.0820153893437237
CA1120Nectar= 49.2867333255708
IPollenTrips= 11.5625351923518
INectarTrips= 5.93825652031228
IPollenLoad= 1.82063799584284
INectarLoad= 1.52716253651306
