ICQueenStrength= 1.40609667659737
RQWkrDrnRatio= 1.71418686863035
ICDroneMiteSurvivorship= 38.2164781214669
ICWorkerMiteSurvivorship= 75.0854467507452
ICForagerLifespan= 11.3610846316442
ImmType= Polynomial
RQQueenStrength= 3.96076684840955
RQEnableReQueen= true
AIAdultSlope= 5.19064535014331
AIAdultLD50= 64.8526214024779
AIAdultSlopeContact= 3.91163333249278
AIAdultLD50Contact= 92.5826445864921
AILarvaSlope= 5.75316608697176
AILarvaLD50= 61.1357929701158
AIKOW= 68875.3537526203
AIKOC= 76176.6586487535
AIHalfLife= 25.9701831429265
EAppRate= 1.29697545068595
FoliarEnabled= true
FoliarAppDate= 06/07/1989
FoliarForageBegin= 06/05/1989
FoliarForageEnd= 06/28/1989
AIContactFactor= 0.417793717854656
CL4Pollen= 2.61760931648314
CL4Nectar= 93.7060904456303
CL5Pollen= 5.20334648899734
CL5Nectar= 120.674221368972
CLDPollen= 1.27480254834518
CLDNectar= 60.0131977465935
CA13Pollen= 2.35918468078598
CA13Nectar= 60.4856366105378
CA410Pollen= 4.17941378755495
CA410Nectar= 31.6261653136462
CA1120Pollen= 0.381523992167786
CA1120Nectar= 54.1175090521574
IPollenTrips= 7.61843601707369
INectarTrips= 9.53195724869147
IPollenLoad= 1.7744308244437
INectarLoad= 0.492441395763308
