ICQueenStrength= 4.39024892309681
RQWkrDrnRatio= 2.31999117508531
ICDroneMiteSurvivorship= 66.6829021647573
ICWorkerMiteSurvivorship= 6.27801711671054
ICForagerLifespan= 9.91392406262457
ImmType= Exponential
AIAdultSlope= 3.1129101757938
AIAdultLD50= 0.0951150206383318
AIAdultSlopeContact= 2.27655507221818
AIAdultLD50Contact= 0.0113985881907865
AILarvaSlope= 0.27022693939507
AILarvaLD50= 0.710663437074982
AIKOW= 4.70046495087445
AIKOC= 16.6275775944814
AIHalfLife= 2.11198193677701
EAppRate= 6.85621950775385
FoliarEnabled= true
