ICQueenStrength= 5.27636787178926
RQWkrDrnRatio= 3.95461200922728
ICDroneMiteSurvivorship= 85.1078211562708
ICWorkerMiteSurvivorship= 28.8273488869891
ICForagerLifespan= 12.5036382395774
ImmType= Tangent
RQQueenStrength= 4.96776925190352
RQEnableReQueen= true
AIAdultSlope= 5.95957563817501
AIAdultLD50= 94.5873206889096
AIAdultSlopeContact= 7.01436841208488
AIAdultLD50Contact= 45.582369119586
AILarvaSlope= 1.22492597438395
AILarvaLD50= 67.1477494778871
AIKOW= 69895.6275428019
AIKOC= 49443.2471500977
AIHalfLife= 9.20168027461041
EAppRate= 7.26376996594085
FoliarEnabled= true
FoliarAppDate= 06/07/1989
FoliarForageBegin= 06/05/1989
FoliarForageEnd= 06/28/1989
AIContactFactor= 1.74917544614524
CL4Pollen= 2.44454488623887
CL4Nectar= 91.9494593283162
CL5Pollen= 2.23438664479181
CL5Nectar= 4.48227109154686
CLDPollen= 4.0297961588949
CLDNectar= 66.1948258755729
CA13Pollen= 3.37823896976188
CA13Nectar= 39.6146641112864
CA410Pollen= 4.11863922202028
CA410Nectar= 102.169355866499
CA1120Pollen= 1.50197837711312
CA1120Nectar= 42.5855059735477
IPollenTrips= 14.1821236396208
INectarTrips= 13.9180990331806
IPollenLoad= 7.30054549407214
INectarLoad= 5.67725449567661
