ICQueenStrength= 4.52890168782324
RQWkrDrnRatio= 2.47024185024202
ICDroneMiteSurvivorship= 24.0559888537973
ICWorkerMiteSurvivorship= 31.0508861904964
ICForagerLifespan= 11.1720651742071
ImmType= Polynomial
AIAdultSlope= 1.46706258421764
AIAdultLD50= 0.0219091948121786
AIAdultSlopeContact= 0.524055711140391
AIAdultLD50Contact= 0.0365905635175295
AILarvaSlope= 1.58107134383172
AILarvaLD50= 0.854022138845176
AIKOW= 2.52801725640893
AIKOC= 5.9917264978867
AIHalfLife= 0.699328209809028
EAppRate= 5.32299234066159
FoliarEnabled= true
