ICQueenStrength= 4.97142714471556
RQWkrDrnRatio= 1.25160207785666
ICDroneMiteSurvivorship= 74.3083838373423
ICWorkerMiteSurvivorship= 87.8259055549279
ICForagerLifespan= 8.42027403600514
ImmType= Exponential
RQQueenStrength= 2.58101669629104
RQEnableReQueen= true
AIAdultSlope= 8.19339856319129
AIAdultLD50= 19.0540405542711
AIAdultSlopeContact= 9.9514947833959
AIAdultLD50Contact= 85.8336615715378
AILarvaSlope= 1.5575441699475
AILarvaLD50= 7.33648389752745
AIKOW= 92594.0420433961
AIKOC= 85611.204803043
AIHalfLife= 6.87616260324139
EAppRate= 1.9019899230185
FoliarEnabled= true
FoliarAppDate= 06/07/1989
FoliarForageBegin= 06/05/1989
FoliarForageEnd= 06/28/1989
AIContactFactor= 1.72524785269983
CL4Pollen= 2.08109936676919
CL4Nectar= 28.1357759842649
CL5Pollen= 0.594414775259793
CL5Nectar= 114.684734016191
CLDPollen= 5.37355282064527
CLDNectar= 119.726267026272
CA13Pollen= 6.67588871512562
CA13Nectar= 29.1387627646327
CA410Pollen= 7.03802757866215
CA410Nectar= 164.062631977722
CA1120Pollen= 2.7995877256617
CA1120Nectar= 36.0648545436561
IPollenTrips= 12.8159342310391
INectarTrips= 14.6980989864096
IPollenLoad= 6.73859383910894
INectarLoad= 3.98075269302353
ESoilP= 1.92815252370201
ESoilFoc= 0.00441282385867089
