ICQueenStrength= 1.49328520242125
RQWkrDrnRatio= 1.02614623308182
ICDroneMiteSurvivorship= 32.7676214743406
ICWorkerMiteSurvivorship= 21.8983287923038
ICForagerLifespan= 6.792594329454
ImmType= Cosine
RQQueenStrength= 3.45812924392521
RQEnableReQueen=true
AIAdultSlope= 1.54571388103068
AIAdultLD50= 0.462218965175794
AIAdultSlopeContact= 4.74798905220814
AIAdultLD50Contact= 24.6158269601772
AILarvaSlope= 5.1752839628607
AILarvaLD50= 8.3406826660668
AIKOW= 63160.9985656646
AIKOC= 20661.6789309818
AIHalfLife= 19.4686720691621
EAppRate= 1.77957874656282
FoliarEnabled=true
FoliarAppDate= 07/01/1989
FoliarForageBegin= 07/01/1989
FoliarForageEnd= 07/14/1989
AIContactFactor= 0.949827526719309
CL4Pollen= 1.78216595202684
CL4Nectar= 51.3661961769685
CL5Pollen= 3.38452341360971
CL5Nectar= 88.9536532689817
CLDPollen= 0.373528281692415
CLDNectar= 140.523896680679
CA13Pollen= 2.415296799317
CA13Nectar= 82.7865650132298
CA410Pollen= 2.70892906393856
CA410Nectar= 38.0914846342057
CA1120Pollen= 2.21201670728624
CA1120Nectar= 56.821256596595
IPollenTrips= 10.3900284483097
INectarTrips= 6.20532116154209
IPollenLoad= 2.47146675130352
INectarLoad= 5.53312822477892
