ICQueenStrength= 1.02777159796096
RQWkrDrnRatio= 2.58753068465739
ICDroneMiteSurvivorship= 89.7923250216991
ICWorkerMiteSurvivorship= 75.3232076531276
ICForagerLifespan= 13.3431626986712
ImmType= Exponential
RQQueenStrength= 3.5172514107544
RQEnableReQueen= true
AIAdultSlope= 2.66391563601792
AIAdultLD50= 80.6708752847945
AIAdultSlopeContact= 6.30638732714579
AIAdultLD50Contact= 72.4528932131499
AILarvaSlope= 7.88377009704709
AILarvaLD50= 71.3302065316977
AIKOW= 46668.2351906367
AIKOC= 6800.45204473054
AIHalfLife= 12.1527373810764
EAppRate= 1.90921068542683
FoliarEnabled= true
FoliarAppDate= 06/07/1989
FoliarForageBegin= 06/05/1989
FoliarForageEnd= 06/28/1989
AIContactFactor= 0.739737997478805
CL4Pollen= 2.82086665090173
CL4Nectar= 72.508593974635
CL5Pollen= 2.15532244183123
CL5Nectar= 118.913646438159
CLDPollen= 4.93708609649912
CLDNectar= 104.471339914016
CA13Pollen= 3.30855520609766
CA13Nectar= 82.1038689278066
CA410Pollen= 3.09213415025733
CA410Nectar= 164.13779434748
CA1120Pollen= 1.84573162766173
CA1120Nectar= 84.9775286950171
IPollenTrips= 5.34526268020272
INectarTrips= 11.9100936176255
IPollenLoad= 4.81681439327076
INectarLoad= 2.04247168963775
ESoilP= 1.44089225679636
ESoilFoc= 0.0192043551704846
