ICQueenStrength= 2.7461044806987
RQWkrDrnRatio= 3.1793356994167
ICDroneMiteSurvivorship= 38.5289904195815
ICWorkerMiteSurvivorship= 93.6781102325767
ICForagerLifespan= 13.3466286240146
ImmType= Polynomial
RQQueenStrength= 3.8787788329646
RQEnableReQueen=true
AIAdultSlope= 2.31999585591257
AIAdultLD50= 0.643044230761705
AIAdultSlopeContact= 5.16909798188135
AIAdultLD50Contact= 46.4426928879293
AILarvaSlope= 6.20509332045913
AILarvaLD50= 14.051827784349
AIKOW= 3003.73708819548
AIKOC= 26973.2124423627
AIHalfLife= 14.4255160054425
EAppRate= 5.83494531602389
FoliarEnabled=true
FoliarAppDate= 07/01/1989
FoliarForageBegin= 07/01/1989
FoliarForageEnd= 07/14/1989
AIContactFactor= 2.12684997332282
CL4Pollen= 2.19011575356126
CL4Nectar= 31.4559578662738
CL5Pollen= 0.932782002724707
CL5Nectar= 139.762233558577
CLDPollen= 2.42333218920976
CLDNectar= 15.1441205525771
CA13Pollen= 3.84151395950466
CA13Nectar= 93.5627992078662
CA410Pollen= 6.84319729085546
CA410Nectar= 74.2398277157918
CA1120Pollen= 1.26902183750644
CA1120Nectar= 45.5150236189365
IPollenTrips= 10.1600078912452
INectarTrips= 12.1570713864639
IPollenLoad= 9.10426092799753
INectarLoad= 3.3936216076836
