ICQueenStrength= 1.20832201233134
RQWkrDrnRatio= 4.56109920144081
ICDroneMiteSurvivorship= 47.136169928126
ICWorkerMiteSurvivorship= 64.4763633608818
ICForagerLifespan= 14.2602196224034
ImmType= Cosine
RQQueenStrength= 3.1704405604396
RQEnableReQueen= true
AIAdultSlope= 2.8301047757268
AIAdultLD50= 0.272718304738868
AIAdultSlopeContact= 9.07884470210411
AIAdultLD50Contact= 99.1982233096824
AILarvaSlope= 4.54878978990018
AILarvaLD50= 75.6684305713046
AIKOW= 55228.4317392027
AIKOC= 23990.4030971171
AIHalfLife= 15.8270528140478
EAppRate= 0.0609606485390104
FoliarEnabled= true
FoliarAppDate= 09/01/1989
FoliarForageBegin= 09/01/1989
FoliarForageEnd= 09/08/1989
AIContactFactor= 0.785621264236979
CL4Pollen= 3.90593265369534
CL4Nectar= 91.5854330407456
CL5Pollen= 1.73180786054581
CL5Nectar= 47.7269944036379
CLDPollen= 0.616188678424805
CLDNectar= 135.190781811252
CA13Pollen= 3.12115570930764
CA13Nectar= 21.6854552924633
CA410Pollen= 5.08769431633409
CA410Nectar= 141.562083759345
CA1120Pollen= 1.17368053039536
CA1120Nectar= 64.6984892711043
IPollenTrips= 12.0597166894004
INectarTrips= 14.4362977682613
IPollenLoad= 6.64673618972301
INectarLoad= 9.71050537424162
