ICQueenStrength= 1.01622603973374
RQWkrDrnRatio= 4.70877091865987
ICDroneMiteSurvivorship= 74.9712607823312
ICWorkerMiteSurvivorship= 0.0770473619922996
ICForagerLifespan= 12.5511665530503
ImmType= Polynomial
RQQueenStrength= 2.72328631277196
RQEnableReQueen= true
AIAdultSlope= 1.31063967198133
AIAdultLD50= 0.727565120479092
AIAdultSlopeContact= 5.5717985862866
AIAdultLD50Contact= 65.8911562939948
AILarvaSlope= 3.4860234092921
AILarvaLD50= 54.6684988058687
AIKOW= 36613.3923233355
AIKOC= 22499.6681667848
AIHalfLife= 31.3727305234177
EAppRate= 8.92800157793402
FoliarEnabled= true
FoliarAppDate= 09/01/1989
FoliarForageBegin= 09/01/1989
FoliarForageEnd= 09/08/1989
AIContactFactor= 1.70282770217862
CL4Pollen= 2.06004914548248
CL4Nectar= 73.8750260556117
CL5Pollen= 0.0082167168147862
CL5Nectar= 67.9868517676368
CLDPollen= 0.872235800139606
CLDNectar= 55.4815870709717
CA13Pollen= 3.3458945046179
CA13Nectar= 25.1056604459882
CA410Pollen= 8.24754927442409
CA410Nectar= 106.617691307329
CA1120Pollen= 0.421535148750991
CA1120Nectar= 74.7327537275851
IPollenTrips= 9.02719526318833
INectarTrips= 13.3678638841957
IPollenLoad= 8.35029416019097
INectarLoad= 2.86534581100568
