ICQueenStrength= 3.96091245138086
RQWkrDrnRatio= 4.95658809691668
ICDroneMiteSurvivorship= 50.3869540989399
ICWorkerMiteSurvivorship= 1.78130175918341
ICForagerLifespan= 11.5961341988295
ImmType= Polynomial
RQQueenStrength= 5.64237034553662
RQEnableReQueen= true
AIAdultSlope= 5.77283813990653
AIAdultLD50= 45.9435384093234
AIAdultSlopeContact= 6.37657986115664
AIAdultLD50Contact= 2.24798977348371
AILarvaSlope= 4.08236951380968
AILarvaLD50= 85.0523937030747
AIKOW= 15763.9456631414
AIKOC= 43089.6411197598
AIHalfLife= 9.2695261393208
EAppRate= 9.6562186879376
FoliarEnabled= true
FoliarAppDate= 06/07/1989
FoliarForageBegin= 06/05/1989
FoliarForageEnd= 06/28/1989
AIContactFactor= 0.950182913918979
CL4Pollen= 0.217076409608126
CL4Nectar= 91.806875821203
CL5Pollen= 2.31497804727405
CL5Nectar= 64.1333520761691
CLDPollen= 2.64834267552942
CLDNectar= 110.17439776333
CA13Pollen= 7.11107267839834
CA13Nectar= 45.3891385346651
CA410Pollen= 7.18199654526543
CA410Nectar= 148.162310146727
CA1120Pollen= 1.10268198559061
CA1120Nectar= 39.475061353296
IPollenTrips= 8.9276814321056
INectarTrips= 10.5362410680391
IPollenLoad= 6.21999785071239
INectarLoad= 6.83754330035299
ESoilP= 1.12485173763707
ESoilFoc= 0.00682004810846411
