ICQueenStrength= 4.27000377816148
RQWkrDrnRatio= 2.55581969954073
ICDroneMiteSurvivorship= 49.9100438551977
ICWorkerMiteSurvivorship= 54.0863467147574
ICForagerLifespan= 12.1877922471613
ImmType= Tangent
RQQueenStrength= 1.95874648657627
RQEnableReQueen= true
AIAdultSlope= 4.86502668261528
AIAdultLD50= 65.3689300660049
AIAdultSlopeContact= 9.05549135152251
AIAdultLD50Contact= 60.2948786548874
AILarvaSlope= 8.18590286374092
AILarvaLD50= 29.9981799408197
AIKOW= 85335.3641690718
AIKOC= 80525.8150720592
AIHalfLife= 22.8141703701811
EAppRate= 3.53606054058997
FoliarEnabled= true
FoliarAppDate= 06/07/1989
FoliarForageBegin= 06/05/1989
FoliarForageEnd= 06/28/1989
AIContactFactor= 1.74320064969826
CL4Pollen= 0.284904721193016
CL4Nectar= 29.4231069739908
CL5Pollen= 2.80900545464829
CL5Nectar= 69.1859848913737
CLDPollen= 5.49672084208578
CLDNectar= 108.149628457613
CA13Pollen= 5.34583147503436
CA13Nectar= 60.9858463890851
CA410Pollen= 4.78804853868205
CA410Nectar= 45.7653361745179
CA1120Pollen= 0.181085991673172
CA1120Nectar= 86.8297231197357
IPollenTrips= 6.9719262002036
INectarTrips= 7.19115390442312
IPollenLoad= 6.15529757225886
INectarLoad= 4.29771633818746
