ICQueenStrength= 1.47586662578396
RQWkrDrnRatio= 1.1016859030351
ICDroneMiteSurvivorship= 55.8994838269427
ICWorkerMiteSurvivorship= 89.7267230786383
ICForagerLifespan= 7.88545344956219
ImmType= Tangent
RQQueenStrength= 3.69245652016252
RQEnableReQueen= true
AIAdultSlope= 5.61747642606497
AIAdultLD50= 52.7924560869224
AIAdultSlopeContact= 3.98262863699347
AIAdultLD50Contact= 62.9731611829533
AILarvaSlope= 4.79606782458723
AILarvaLD50= 43.9972885936017
AIKOW= 86729.7866147742
AIKOC= 89143.900217162
AIHalfLife= 2.03051237638574
EAppRate= 5.74901762083778
FoliarEnabled= true
FoliarAppDate= 06/07/1989
FoliarForageBegin= 06/05/1989
FoliarForageEnd= 06/28/1989
AIContactFactor= 0.864017532495782
CL4Pollen= 2.46798435878009
CL4Nectar= 89.0109719941393
CL5Pollen= 4.42201488045976
CL5Nectar= 55.908442963846
CLDPollen= 2.35855940915644
CLDNectar= 147.21252755262
CA13Pollen= 6.95735600618645
CA13Nectar= 47.9465925320983
CA410Pollen= 5.95787750708405
CA410Nectar= 103.274344089441
CA1120Pollen= 2.13116517942399
CA1120Nectar= 47.247144728899
IPollenTrips= 7.83969793934375
INectarTrips= 14.1577744227834
IPollenLoad= 3.10462495544925
INectarLoad= 5.85610310547054
