ICQueenStrength= 2.43721157452092
RQWkrDrnRatio= 4.54667215421796
ICDroneMiteSurvivorship= 81.95280500222
ICWorkerMiteSurvivorship= 14.0260549262166
ICForagerLifespan= 4.25410875491798
ImmType= Tangent
RQQueenStrength= 5.40351666416973
RQEnableReQueen= true
AIAdultSlope= 3.16282104514539
AIAdultLD50= 81.0283614168458
AIAdultSlopeContact= 9.97278129076585
AIAdultLD50Contact= 14.6711220927651
AILarvaSlope= 4.14130645804107
AILarvaLD50= 99.4746305897529
AIKOW= 72356.4544629337
AIKOC= 63004.4049733777
AIHalfLife= 4.3428319942439
EAppRate= 5.51795049759676
FoliarEnabled= true
FoliarAppDate= 06/07/1989
FoliarForageBegin= 06/05/1989
FoliarForageEnd= 06/28/1989
AIContactFactor= 0.924097492964938
CL4Pollen= 0.0164313949644566
CL4Nectar= 98.7123789265752
CL5Pollen= 4.24699269002303
CL5Nectar= 130.31951301964
CLDPollen= 3.33634869614616
CLDNectar= 9.32900399202481
CA13Pollen= 3.73130717389286
CA13Nectar= 59.7681520320475
CA410Pollen= 2.78395624780096
CA410Nectar= 191.688641482033
CA1120Pollen= 2.64243526034988
CA1120Nectar= 73.4888577833772
IPollenTrips= 9.44882839685306
INectarTrips= 7.09669391158968
IPollenLoad= 6.61113210022449
INectarLoad= 5.80452897353098
