ICQueenStrength= 3.56777361035347
RQWkrDrnRatio= 4.28617842588574
ICDroneMiteSurvivorship= 43.7607326544821
ICWorkerMiteSurvivorship= 22.371703456156
ICForagerLifespan= 12.8701594304293
ImmType= Logarithmic
RQQueenStrength= 4.40206480585039
RQEnableReQueen= true
AIAdultSlope= 2.22521201893687
AIAdultLD50= 34.6878842362352
AIAdultSlopeContact= 9.52672312129289
AIAdultLD50Contact= 60.7227979832913
AILarvaSlope= 8.72901604324579
AILarvaLD50= 90.9206717643137
AIKOW= 81139.2384582749
AIKOC= 62200.414248761
AIHalfLife= 29.5643071179977
EAppRate= 0.0596745345403906
FoliarEnabled= true
FoliarAppDate= 06/07/1989
FoliarForageBegin= 06/05/1989
FoliarForageEnd= 06/28/1989
AIContactFactor= 1.94040037150495
CL4Pollen= 2.799690711312
CL4Nectar= 80.0569359445944
CL5Pollen= 2.58603770798072
CL5Nectar= 109.699713473674
CLDPollen= 1.52284773532301
CLDNectar= 130.805181374308
CA13Pollen= 6.55607899120077
CA13Nectar= 46.708634737879
CA410Pollen= 3.84465519124642
CA410Nectar= 93.8080844981596
CA1120Pollen= 0.57744400925003
CA1120Nectar= 85.0686277076602
IPollenTrips= 8.05206068791449
INectarTrips= 6.36200588895008
IPollenLoad= 7.45479194913059
INectarLoad= 1.78612496936694
ESoilP= 1.32364492164925
ESoilFoc= 0.00844065717607737
