ICQueenStrength= 4.23491802206263
RQWkrDrnRatio= 3.570916056633
ICDroneMiteSurvivorship= 12.1463598916307
ICWorkerMiteSurvivorship= 56.1407128116116
ICForagerLifespan= 5.92080579325557
ImmType= Sine
AIAdultSlope= 0.0394446919346228
AIAdultLD50= 0.114625846641138
AIAdultSlopeContact= 1.07585786910262
AIAdultLD50Contact= 0.0491407229797915
AILarvaSlope= 2.39420562703162
AILarvaLD50= 0.25441202048678
AIKOW= 4.09847103245556
AIKOC= 23.3090253034607
AIHalfLife= 1.36437573933508
EAppRate= 0.435465592890978
FoliarEnabled= true
