ICQueenStrength= 5.39315667608753
RQWkrDrnRatio= 3.12303504627198
ICDroneMiteSurvivorship= 88.0249050213024
ICWorkerMiteSurvivorship= 64.3581679323688
ICForagerLifespan= 11.4496346414089
ImmType= Cosine
AIAdultSlope= 1.5092601088481
AIAdultLD50= 0.0172206124756485
AIAdultSlopeContact= 1.49633096006233
AIAdultLD50Contact= 0.0333832431351766
AILarvaSlope= 0.695622102357447
AILarvaLD50= 0.725624635093845
AIKOW= 5.61935783457011
AIKOC= 27.0647279114928
AIHalfLife= 2.06657945979387
EAppRate= 1.75969628617167
FoliarEnabled= true
