ICQueenStrength= 2.84993565781042
RQWkrDrnRatio= 2.85012577194721
ICDroneMiteSurvivorship= 52.4555589770898
ICWorkerMiteSurvivorship= 10.9129335731268
ICForagerLifespan= 15.5915652057156
ImmType= Polynomial
AIAdultSlope= 1.37670007595094
AIAdultLD50= 0.176890427665785
AIAdultSlopeContact= 0.982613214142621
AIAdultLD50Contact= 0.0296272846404463
AILarvaSlope= 0.310946931084618
AILarvaLD50= 0.327573187393136
AIKOW= 3.33146805595607
AIKOC= 9.46103854337707
AIHalfLife= 2.4437130481936
EAppRate= 4.05702185118571
FoliarEnabled= true
