ICQueenStrength= 1.85046617896296
RQWkrDrnRatio= 4.48783423844725
ICDroneMiteSurvivorship= 87.6343889627606
ICWorkerMiteSurvivorship= 61.7290014401078
ICForagerLifespan= 9.03696896322072
ImmType= Cosine
RQQueenStrength= 5.56751493387856
RQEnableReQueen= true
AIAdultSlope= 6.77087266929448
AIAdultLD50= 35.6748237444346
AIAdultSlopeContact= 5.19847424328327
AIAdultLD50Contact= 48.9193572008149
AILarvaSlope= 5.28910527192056
AILarvaLD50= 46.6693802167624
AIKOW= 12220.1662047662
AIKOC= 52495.5663178801
AIHalfLife= 26.8112697395729
EAppRate= 4.29426714281691
FoliarEnabled= true
FoliarAppDate= 06/07/1989
FoliarForageBegin= 06/05/1989
FoliarForageEnd= 06/28/1989
AIContactFactor= 1.81783253163565
CL4Pollen= 0.849257777445018
CL4Nectar= 18.402500776574
CL5Pollen= 2.10255984775722
CL5Nectar= 139.460880076513
CLDPollen= 2.06663656281307
CLDNectar= 82.3118813568726
CA13Pollen= 6.50043618939817
CA13Nectar= 36.5942947566509
CA410Pollen= 2.94788947440684
CA410Nectar= 78.2185001438484
CA1120Pollen= 1.51794197084382
CA1120Nectar= 36.8038127757609
IPollenTrips= 13.6183000355959
INectarTrips= 8.24869125848636
IPollenLoad= 5.04840245703235
INectarLoad= 4.88273587776348
