ICQueenStrength= 5.89383115316741
RQWkrDrnRatio= 1.44778739660978
ICDroneMiteSurvivorship= 18.8987772911787
ICWorkerMiteSurvivorship= 2.72658015601337
ICForagerLifespan= 7.67527898494154
ImmType= Cosine
RQQueenStrength= 5.72835193853825
RQEnableReQueen= true
AIAdultSlope= 1.36848139576614
AIAdultLD50= 35.3764312083137
AIAdultSlopeContact= 2.21579403453507
AIAdultLD50Contact= 77.5302066653795
AILarvaSlope= 4.23521880246699
AILarvaLD50= 17.1489314087399
AIKOW= 75418.8427602704
AIKOC= 36171.2545974075
AIHalfLife= 7.78775276655797
EAppRate= 1.80985276197386
FoliarEnabled= true
FoliarAppDate= 06/07/1989
FoliarForageBegin= 06/05/1989
FoliarForageEnd= 06/28/1989
AIContactFactor= 0.470829198095016
CL4Pollen= 3.90492656920105
CL4Nectar= 24.3333722930402
CL5Pollen= 0.65034147631377
CL5Nectar= 27.9727404238656
CLDPollen= 2.64729414274916
CLDNectar= 95.3457530820742
CA13Pollen= 2.26455052411184
CA13Nectar= 94.1947759687901
CA410Pollen= 4.25255920405034
CA410Nectar= 145.331594217569
CA1120Pollen= 0.908394361613318
CA1120Nectar= 83.4664045274258
IPollenTrips= 8.79219657508656
INectarTrips= 14.6587820723653
IPollenLoad= 2.57277629338205
INectarLoad= 6.32250822614878
ESoilP= 1.74515434284694
ESoilFoc= 0.0035143454154022
