ICQueenStrength= 4.39287574286573
RQWkrDrnRatio= 4.85772073734552
ICDroneMiteSurvivorship= 4.66936037410051
ICWorkerMiteSurvivorship= 72.2511020954698
ICForagerLifespan= 9.12429965753108
ImmType= Polynomial
RQQueenStrength= 4.86016926146112
RQEnableReQueen= true
AIAdultSlope= 1.07752030715346
AIAdultLD50= 8.66615218066657
AIAdultSlopeContact= 9.93900368362665
AIAdultLD50Contact= 65.1466373017754
AILarvaSlope= 4.56725372001529
AILarvaLD50= 11.3670584265892
AIKOW= 2645.46473358262
AIKOC= 3849.40059811249
AIHalfLife= 23.5169370239368
EAppRate= 0.0488825048925355
FoliarEnabled= true
FoliarAppDate= 06/07/1989
FoliarForageBegin= 06/05/1989
FoliarForageEnd= 06/28/1989
AIContactFactor= 0.989026636686176
CL4Pollen= 3.6757802022621
CL4Nectar= 39.6542172878981
CL5Pollen= 2.88957735104486
CL5Nectar= 62.0626027928665
CLDPollen= 3.56354482658207
CLDNectar= 51.4724578242749
CA13Pollen= 2.28847537031397
CA13Nectar= 82.1444180607796
CA410Pollen= 5.40594827730674
CA410Nectar= 24.023693013005
CA1120Pollen= 0.838985678739846
CA1120Nectar= 49.7801774740219
IPollenTrips= 6.70864117564633
INectarTrips= 11.4855625410564
IPollenLoad= 1.82390541769564
INectarLoad= 8.53196087758988
