ICQueenStrength= 3.97804062720388
RQWkrDrnRatio= 3.4139686031267
ICDroneMiteSurvivorship= 58.0957042519003
ICWorkerMiteSurvivorship= 98.9654467906803
ICForagerLifespan= 6.90965594165027
ImmType= Cosine
RQQueenStrength= 2.91450427984819
RQEnableReQueen= true
AIAdultSlope= 2.45665421336889
AIAdultLD50= 86.7175072162473
AIAdultSlopeContact= 5.29393157060258
AIAdultLD50Contact= 96.6075250895566
AILarvaSlope= 7.35119013302028
AILarvaLD50= 64.7943653365634
AIKOW= 95428.8890732632
AIKOC= 73768.4693995228
AIHalfLife= 24.5644429934444
EAppRate= 9.47996100349957
FoliarEnabled= true
FoliarAppDate= 06/07/1989
FoliarForageBegin= 06/05/1989
FoliarForageEnd= 06/28/1989
AIContactFactor= 0.725891241026111
CL4Pollen= 2.12435948476195
CL4Nectar= 98.3235649531707
CL5Pollen= 3.59121758211404
CL5Nectar= 101.076962181833
CLDPollen= 1.779282303527
CLDNectar= 41.6558634024113
CA13Pollen= 7.38109800945967
CA13Nectar= 28.6895237118006
CA410Pollen= 6.82432976434939
CA410Nectar= 47.9891966562718
CA1120Pollen= 0.665124623570591
CA1120Nectar= 61.8916313350201
IPollenTrips= 12.3415452823974
INectarTrips= 7.67112880479544
IPollenLoad= 3.60295274294913
INectarLoad= 8.65015539340675
