ICQueenStrength= 3.32431534910575
RQWkrDrnRatio= 1.7593951523304
ICDroneMiteSurvivorship= 47.0311711542308
ICWorkerMiteSurvivorship= 14.2025912180543
ICForagerLifespan= 8.00898056849837
ImmType= Logarithmic
RQQueenStrength= 2.87723240815103
RQEnableReQueen= true
AIAdultSlope= 7.73520880751312
AIAdultLD50= 42.9609475268861
AIAdultSlopeContact= 4.77870105998591
AIAdultLD50Contact= 16.8685248832623
AILarvaSlope= 2.41167781688273
AILarvaLD50= 21.2409302150172
AIKOW= 73419.0399563956
AIKOC= 29824.2755594093
AIHalfLife= 21.7456777210813
EAppRate= 3.08711622560141
FoliarEnabled= true
FoliarAppDate= 06/07/1989
FoliarForageBegin= 06/05/1989
FoliarForageEnd= 06/28/1989
AIContactFactor= 1.46110856418498
CL4Pollen= 0.587473719380796
CL4Nectar= 53.5737873753533
CL5Pollen= 1.66042274376377
CL5Nectar= 5.15342429280281
CLDPollen= 1.84467912605032
CLDNectar= 34.9532762425952
CA13Pollen= 6.16036166045815
CA13Nectar= 60.8944147452712
CA410Pollen= 8.05792116599623
CA410Nectar= 48.8783776108176
CA1120Pollen= 1.29064592393115
CA1120Nectar= 78.2343740016222
IPollenTrips= 11.9275750545785
INectarTrips= 11.8881761515513
IPollenLoad= 3.56883052736521
INectarLoad= 4.32203480042517
ESoilP= 1.08266998548061
ESoilFoc= 0.0118126259283163
