ICQueenStrength= 1.29258433147334
RQWkrDrnRatio= 1.67324629239738
ICDroneMiteSurvivorship= 36.7306744679809
ICWorkerMiteSurvivorship= 28.3106781542301
ICForagerLifespan= 6.45558479987085
ImmType= Logarithmic
RQQueenStrength= 2.82831327663735
RQEnableReQueen= true
AIAdultSlope= 4.07021795772016
AIAdultLD50= 16.5082432049115
AIAdultSlopeContact= 5.08147271955386
AIAdultLD50Contact= 42.4907035730253
AILarvaSlope= 1.64146463572979
AILarvaLD50= 80.4013989078638
AIKOW= 335.26974862441
AIKOC= 24733.2666567315
AIHalfLife= 31.5478891310049
EAppRate= 3.45236060464615
FoliarEnabled= true
FoliarAppDate= 06/07/1989
FoliarForageBegin= 06/05/1989
FoliarForageEnd= 06/28/1989
AIContactFactor= 0.994733603242785
CL4Pollen= 0.46984929125756
CL4Nectar= 59.8810756579041
CL5Pollen= 2.50434112362564
CL5Nectar= 137.306014029309
CLDPollen= 4.63439306337386
CLDNectar= 116.585470538121
CA13Pollen= 2.73491063322872
CA13Nectar= 39.6999005414546
CA410Pollen= 6.04974953436758
CA410Nectar= 196.015713750385
CA1120Pollen= 1.48949656239711
CA1120Nectar= 99.4483487308025
IPollenTrips= 13.2124891807325
INectarTrips= 8.41645941371098
IPollenLoad= 6.55208741314709
INectarLoad= 8.08501470135525
