ICQueenStrength= 4.13030567835085
RQWkrDrnRatio= 2.79852898884565
ICDroneMiteSurvivorship= 89.5819756668061
ICWorkerMiteSurvivorship= 95.0541370548308
ICForagerLifespan= 15.4366206293926
ImmType= Tangent
AIAdultSlope= 3.4018751843716
AIAdultLD50= 0.0139225736726075
AIAdultSlopeContact= 1.46206380118383
AIAdultLD50Contact= 0.00591704458929598
AILarvaSlope= 0.473219840042293
AILarvaLD50= 0.512773175700568
AIKOW= 4.93507654685527
AIKOC= 24.3345098465215
AIHalfLife= 1.99887368406635
EAppRate= 0.758107432629913
FoliarEnabled= true
