ICQueenStrength= 2.95331526827067
RQWkrDrnRatio= 1.17597051523626
ICDroneMiteSurvivorship= 94.36265071854
ICWorkerMiteSurvivorship= 52.6696837507188
ICForagerLifespan= 12.7697935020551
ImmType= Polynomial
RQQueenStrength= 4.37967635132372
RQEnableReQueen=true
AIAdultSlope= 4.10091259516776
AIAdultLD50= 0.368963330949424
AIAdultSlopeContact= 7.94763358402997
AIAdultLD50Contact= 69.9569330208015
AILarvaSlope= 7.86605218984187
AILarvaLD50= 94.6538507513837
AIKOW= 61604.4399307038
AIKOC= 77597.1482053353
AIHalfLife= 18.0749796945602
EAppRate= 6.62595031741844
FoliarEnabled=true
FoliarAppDate= 07/01/1989
FoliarForageBegin= 07/01/1989
FoliarForageEnd= 07/14/1989
AIContactFactor= 1.78641416914761
CL4Pollen= 0.261300967074931
CL4Nectar= 21.2792815873399
CL5Pollen= 4.00964324036613
CL5Nectar= 87.4701430555433
CLDPollen= 3.46113174827769
CLDNectar= 82.5611298903823
CA13Pollen= 5.49671534197405
CA13Nectar= 60.9475301578641
CA410Pollen= 8.58510427302681
CA410Nectar= 122.670152853243
CA1120Pollen= 2.19497625133954
CA1120Nectar= 38.5973503068089
IPollenTrips= 14.3206891114824
INectarTrips= 13.5997710027732
IPollenLoad= 6.25901346327737
INectarLoad= 1.50897314306349
