ICQueenStrength= 1.10469597182237
RQWkrDrnRatio= 4.28017647285014
ICDroneMiteSurvivorship= 57.4763343902305
ICWorkerMiteSurvivorship= 70.727485883981
ICForagerLifespan= 12.2267357623205
ImmType= Exponential
RQQueenStrength= 4.68150137132034
RQEnableReQueen= true
AIAdultSlope= 2.99695727787912
AIAdultLD50= 15.9235107232418
AIAdultSlopeContact= 4.80917363869958
AIAdultLD50Contact= 6.74181323234853
AILarvaSlope= 7.7135515101254
AILarvaLD50= 78.0205189066392
AIKOW= 17806.6427590748
AIKOC= 52491.8245340241
AIHalfLife= 25.4620469341753
EAppRate= 2.99703752395837
FoliarEnabled= true
FoliarAppDate= 06/07/1989
FoliarForageBegin= 06/05/1989
FoliarForageEnd= 06/28/1989
AIContactFactor= 0.313013161788695
CL4Pollen= 3.91687318496406
CL4Nectar= 87.9146323772147
CL5Pollen= 0.190977070480585
CL5Nectar= 32.7527554356493
CLDPollen= 1.79994766227901
CLDNectar= 88.4147819364443
CA13Pollen= 4.63444896349683
CA13Nectar= 63.1087894365191
CA410Pollen= 5.93740651784465
CA410Nectar= 147.314840559848
CA1120Pollen= 1.99374904367141
CA1120Nectar= 45.3145933710039
IPollenTrips= 9.36528168618679
INectarTrips= 14.2388178966939
IPollenLoad= 9.70904927933589
INectarLoad= 9.72739684395492
