ICQueenStrength= 2.57553768367507
RQWkrDrnRatio= 3.22647774871439
ICDroneMiteSurvivorship= 67.7062130533159
ICWorkerMiteSurvivorship= 29.9809778109193
ICForagerLifespan= 5.50993178412318
ImmType= Tangent
AIAdultSlope= 3.75572794253938
AIAdultLD50= 0.175241074245423
AIAdultSlopeContact= 2.66155578170205
AIAdultLD50Contact= 0.00908943407703191
AILarvaSlope= 3.17143683535978
AILarvaLD50= 0.835239099548198
AIKOW= 4.64841085486114
AIKOC= 22.1809147228487
AIHalfLife= 0.380829591932707
EAppRate= 4.78718962753192
FoliarEnabled= true
