ICQueenStrength= 5.39085887512192
RQWkrDrnRatio= 3.73444676119834
ICDroneMiteSurvivorship= 90.5769416131079
ICWorkerMiteSurvivorship= 15.5290136579424
ICForagerLifespan= 6.17896218039095
ImmType= Sine
RQQueenStrength= 5.49149802443571
RQEnableReQueen= true
AIAdultSlope= 5.25661183521152
AIAdultLD50= 32.8192073902874
AIAdultSlopeContact= 4.96149423508905
AIAdultLD50Contact= 65.2648277765154
AILarvaSlope= 1.24947834759951
AILarvaLD50= 4.45724112710054
AIKOW= 14806.0134822834
AIKOC= 15377.4140283321
AIHalfLife= 29.4320735051762
EAppRate= 9.03784873479744
FoliarEnabled= true
FoliarAppDate= 06/07/1989
FoliarForageBegin= 06/05/1989
FoliarForageEnd= 06/28/1989
AIContactFactor= 0.882020286791958
CL4Pollen= 3.0052945856005
CL4Nectar= 14.7269431501627
CL5Pollen= 4.44982203282416
CL5Nectar= 118.963264266495
CLDPollen= 3.28298612963408
CLDNectar= 89.4658854114823
CA13Pollen= 3.480388481915
CA13Nectar= 49.9654488824308
CA410Pollen= 8.26163050886244
CA410Nectar= 38.9022355340421
CA1120Pollen= 2.24960020906292
CA1120Nectar= 85.3111770562828
IPollenTrips= 8.69446321157739
INectarTrips= 7.47849198523909
IPollenLoad= 2.07471324596554
INectarLoad= 4.68145686667413
