ICQueenStrength= 4.43557052779943
RQWkrDrnRatio= 3.36059059668332
ICDroneMiteSurvivorship= 25.2950192196295
ICWorkerMiteSurvivorship= 37.8941217670217
ICForagerLifespan= 12.6256159245968
ImmType= Tangent
RQQueenStrength= 5.83958758064546
RQEnableReQueen= true
AIAdultSlope= 7.09507268667221
AIAdultLD50= 51.1614222130552
AIAdultSlopeContact= 8.71871039434336
AIAdultLD50Contact= 21.9053497941298
AILarvaSlope= 5.48579169437289
AILarvaLD50= 25.8456581124528
AIKOW= 1218.36865469624
AIKOC= 80192.2103964242
AIHalfLife= 10.8753164728638
EAppRate= 9.60418404281628
FoliarEnabled= true
FoliarAppDate= 06/07/1989
FoliarForageBegin= 06/05/1989
FoliarForageEnd= 06/28/1989
AIContactFactor= 0.839574623624794
CL4Pollen= 0.212387350387871
CL4Nectar= 45.1511438935995
CL5Pollen= 3.9191029923968
CL5Nectar= 120.347515388858
CLDPollen= 2.42608834337443
CLDNectar= 105.748141289223
CA13Pollen= 4.22668362343684
CA13Nectar= 97.4290523305535
CA410Pollen= 6.11271363047417
CA410Nectar= 106.219660709612
CA1120Pollen= 2.81125352159142
CA1120Nectar= 59.1696051508188
IPollenTrips= 11.9981003506109
INectarTrips= 6.61800723522902
IPollenLoad= 2.06131954910234
INectarLoad= 6.89221867127344
