ICQueenStrength= 3.57750673335977
RQWkrDrnRatio= 2.11054510809481
ICDroneMiteSurvivorship= 38.4513146243989
ICWorkerMiteSurvivorship= 49.9991361284629
ICForagerLifespan= 11.6044626841322
ImmType= Tangent
RQQueenStrength= 1.72852002689615
RQEnableReQueen= true
AIAdultSlope= 7.33927189558744
AIAdultLD50= 0.324679530511377
AIAdultSlopeContact= 9.99166063498706
AIAdultLD50Contact= 67.3037012595173
AILarvaSlope= 2.94950142875314
AILarvaLD50= 23.6009119424643
AIKOW= 12137.3811123686
AIKOC= 37635.510848183
AIHalfLife= 8.67302852766588
EAppRate= 2.13482806772529
FoliarEnabled= true
FoliarAppDate= 06/07/1989
FoliarForageBegin= 06/05/1989
FoliarForageEnd= 06/28/1989
AIContactFactor= 2.29006724932231
CL4Pollen= 1.89544011373073
CL4Nectar= 69.9468611739576
CL5Pollen= 0.686546024400741
CL5Nectar= 52.9501108336262
CLDPollen= 2.38030926184729
CLDNectar= 56.2360443756916
CA13Pollen= 4.46051132008433
CA13Nectar= 85.2775668725371
CA410Pollen= 5.94187342780642
CA410Nectar= 137.043949402869
CA1120Pollen= 1.9193756156601
CA1120Nectar= 66.6921375319362
IPollenTrips= 12.6539658545516
INectarTrips= 13.5430228081532
IPollenLoad= 8.82177756167948
INectarLoad= 6.21873986907303
