ICQueenStrength= 1.85659986012615
RQWkrDrnRatio= 3.7824746677652
ICDroneMiteSurvivorship= 88.3110076189041
ICWorkerMiteSurvivorship= 67.1849694335833
ICForagerLifespan= 11.1678316369653
ImmType= Exponential
RQQueenStrength= 5.79249386582524
RQEnableReQueen= true
AIAdultSlope= 8.35157942026854
AIAdultLD50= 7.20265532272449
AIAdultSlopeContact= 5.65517975995317
AIAdultLD50Contact= 67.1384833765929
AILarvaSlope= 7.09873496927321
AILarvaLD50= 60.5417477283575
AIKOW= 36048.511105347
AIKOC= 78410.6869164875
AIHalfLife= 4.23846501256339
EAppRate= 5.17896401841892
FoliarEnabled= true
FoliarAppDate= 06/07/1989
FoliarForageBegin= 06/05/1989
FoliarForageEnd= 06/28/1989
AIContactFactor= 2.3109546887828
CL4Pollen= 2.27441761828959
CL4Nectar= 65.3076243354008
CL5Pollen= 1.0428815712221
CL5Nectar= 62.7877302118577
CLDPollen= 1.9732880294323
CLDNectar= 111.025484791026
CA13Pollen= 6.36906228475273
CA13Nectar= 55.6500819884241
CA410Pollen= 2.6248519816203
CA410Nectar= 80.9189890418202
CA1120Pollen= 1.63770938222297
CA1120Nectar= 48.5167398676276
IPollenTrips= 8.25929144863039
INectarTrips= 12.3140966449864
IPollenLoad= 7.68704548478127
INectarLoad= 6.73795034410432
ESoilP= 1.37949774204753
ESoilFoc= 0.00775727017363533
