ICQueenStrength= 3.07614669017494
RQWkrDrnRatio= 1.30543262790889
ICDroneMiteSurvivorship= 50.1080150250345
ICWorkerMiteSurvivorship= 37.8982393303886
ICForagerLifespan= 8.41191739309579
ImmType= Cosine
RQQueenStrength= 1.91899257525802
RQEnableReQueen=true
AIAdultSlope= 4.91382691450417
AIAdultLD50= 0.158879615539685
AIAdultSlopeContact= 6.64224430732429
AIAdultLD50Contact= 50.3656659274674
AILarvaSlope= 1.57323520816863
AILarvaLD50= 32.3385620409839
AIKOW= 2249.06105634589
AIKOC= 65133.0287195717
AIHalfLife= 18.7351075844839
EAppRate= 4.57595584267075
FoliarEnabled=true
FoliarAppDate= 07/01/1989
FoliarForageBegin= 07/01/1989
FoliarForageEnd= 07/14/1989
AIContactFactor= 2.18721769149415
CL4Pollen= 3.11229154467583
CL4Nectar= 89.2543531255797
CL5Pollen= 0.444311288651079
CL5Nectar= 68.8694017007947
CLDPollen= 0.672873909585178
CLDNectar= 38.7477808515541
CA13Pollen= 3.89090739171952
CA13Nectar= 38.5939432121813
CA410Pollen= 6.47755908719264
CA410Nectar= 195.847085826099
CA1120Pollen= 1.29222850967199
CA1120Nectar= 54.0665483660996
IPollenTrips= 10.2650630939752
INectarTrips= 5.41867699241266
IPollenLoad= 0.84468632703647
INectarLoad= 9.12256774259731
