ICQueenStrength= 5.48049779282883
RQWkrDrnRatio= 4.57728222105652
ICDroneMiteSurvivorship= 24.2789671756327
ICWorkerMiteSurvivorship= 96.7969316290691
ICForagerLifespan= 9.88532306440175
ImmType= Sine
RQQueenStrength= 2.25560489948839
RQEnableReQueen= true
AIAdultSlope= 7.9339663926512
AIAdultLD50= 11.4562763976867
AIAdultSlopeContact= 4.22426580032334
AIAdultLD50Contact= 5.84954364964436
AILarvaSlope= 6.10296565294266
AILarvaLD50= 27.7997715881113
AIKOW= 3074.55477983828
AIKOC= 99915.855497591
AIHalfLife= 30.7501834671712
EAppRate= 6.2371148328539
FoliarEnabled= true
FoliarAppDate= 06/07/1989
FoliarForageBegin= 06/05/1989
FoliarForageEnd= 06/28/1989
AIContactFactor= 1.16776796657592
CL4Pollen= 1.67001839354634
CL4Nectar= 61.1420266795903
CL5Pollen= 3.57828285265714
CL5Nectar= 141.836566454731
CLDPollen= 1.60723538976163
CLDNectar= 121.59795522457
CA13Pollen= 7.53569382596761
CA13Nectar= 38.9542616531253
CA410Pollen= 2.23487848602235
CA410Nectar= 105.52234172821
CA1120Pollen= 2.37652014568448
CA1120Nectar= 20.6771998107433
IPollenTrips= 6.26697049243376
INectarTrips= 6.31803904194385
IPollenLoad= 2.43105354020372
INectarLoad= 8.38754060212523
