ICQueenStrength= 1.94988557044417
RQWkrDrnRatio= 2.2866727989167
ICDroneMiteSurvivorship= 91.0156844183803
ICWorkerMiteSurvivorship= 11.3334248075262
ICForagerLifespan= 5.08145734854043
ImmType= Tangent
RQQueenStrength= 1.03559568431228
RQEnableReQueen= true
AIAdultSlope= 3.21088858507574
AIAdultLD50= 56.9944838973049
AIAdultSlopeContact= 6.00979596748948
AIAdultLD50Contact= 38.0172340120538
AILarvaSlope= 3.23806152679026
AILarvaLD50= 5.91206052029529
AIKOW= 23686.5379792605
AIKOC= 13.308422325179
AIHalfLife= 0.232713960739784
EAppRate= 1.41586384203495
FoliarEnabled= true
FoliarAppDate= 06/07/1989
FoliarForageBegin= 06/05/1989
FoliarForageEnd= 06/28/1989
AIContactFactor= 0.488793181474321
CL4Pollen= 0.623295989818871
CL4Nectar= 54.2937762336805
CL5Pollen= 2.05318846972659
CL5Nectar= 128.560372930951
CLDPollen= 1.09765787981451
CLDNectar= 90.7868681126274
CA13Pollen= 2.37206617956981
CA13Nectar= 24.436669703573
CA410Pollen= 7.31329539772123
CA410Nectar= 24.9952853005379
CA1120Pollen= 2.21555455983616
CA1120Nectar= 52.6908429339528
IPollenTrips= 13.0134393507615
INectarTrips= 14.4023167714477
IPollenLoad= 4.40257170703262
INectarLoad= 1.89637779723853
ESoilP= 1.60617079236545
ESoilFoc= 0.00824598200339824
