ICQueenStrength= 2.58097125217319
RQWkrDrnRatio= 1.80942345410585
ICDroneMiteSurvivorship= 55.4362371796742
ICWorkerMiteSurvivorship= 66.4592770859599
ICForagerLifespan= 7.38640772271901
ImmType= Polynomial
RQQueenStrength= 3.21006725076586
RQEnableReQueen=true
AIAdultSlope= 2.13945042900741
AIAdultLD50= 0.970341116991825
AIAdultSlopeContact= 4.49520301469602
AIAdultLD50Contact= 13.1741158851932
AILarvaSlope= 7.56051969341934
AILarvaLD50= 46.9821547674679
AIKOW= 75573.3906270819
AIKOC= 10755.3726448419
AIHalfLife= 23.557228507218
EAppRate= 5.91468299407838
FoliarEnabled=true
FoliarAppDate= 07/01/1989
FoliarForageBegin= 07/01/1989
FoliarForageEnd= 07/14/1989
AIContactFactor= 0.807773319794796
CL4Pollen= 2.38845280744135
CL4Nectar= 19.1307434812188
CL5Pollen= 3.44130660966039
CL5Nectar= 89.879667351488
CLDPollen= 0.770526309963316
CLDNectar= 36.6782829514705
CA13Pollen= 3.2974625130184
CA13Nectar= 75.9632762521505
CA410Pollen= 6.22305566011928
CA410Nectar= 127.819981672801
CA1120Pollen= 2.50668535963632
CA1120Nectar= 46.3002288527787
IPollenTrips= 12.7233418845572
INectarTrips= 9.44724315078929
IPollenLoad= 4.79134291876107
INectarLoad= 9.84218184836209
