ICQueenStrength= 1.61438243254088
RQWkrDrnRatio= 4.57227159850299
ICDroneMiteSurvivorship= 39.2786182463169
ICWorkerMiteSurvivorship= 97.7383020566776
ICForagerLifespan= 8.84397670160979
ImmType= Tangent
RQQueenStrength= 5.14647361147217
RQEnableReQueen= true
AIAdultSlope= 7.96402119658887
AIAdultLD50= 0.327816235409817
AIAdultSlopeContact= 4.05686199432239
AIAdultLD50Contact= 50.3090220812226
AILarvaSlope= 1.29663703963161
AILarvaLD50= 73.6203150148906
AIKOW= 39898.3190333187
AIKOC= 448.895602052566
AIHalfLife= 22.0548047487857
EAppRate= 7.0682965179407
FoliarEnabled= true
FoliarAppDate= 09/01/1989
FoliarForageBegin= 09/01/1989
FoliarForageEnd= 09/08/1989
AIContactFactor= 0.325845405026339
CL4Pollen= 1.52242337819189
CL4Nectar= 86.0432672081515
CL5Pollen= 2.68304622173309
CL5Nectar= 87.939423462376
CLDPollen= 5.77582746511325
CLDNectar= 111.511957563926
CA13Pollen= 7.93503556009382
CA13Nectar= 84.5637799613178
CA410Pollen= 4.74546119226143
CA410Nectar= 34.8122067144141
CA1120Pollen= 1.02847336465493
CA1120Nectar= 76.5582161024213
IPollenTrips= 11.5822095051408
INectarTrips= 5.14662788016722
IPollenLoad= 9.10810933448374
INectarLoad= 2.81322794035077
