ICQueenStrength= 1.04705560277216
RQWkrDrnRatio= 2.63332817982882
ICDroneMiteSurvivorship= 92.944534542039
ICWorkerMiteSurvivorship= 86.8129624286667
ICForagerLifespan= 10.4662904087454
ImmType= Sine
RQQueenStrength= 4.96333294920623
RQEnableReQueen= true
AIAdultSlope= 2.30546100065112
AIAdultLD50= 81.0906245977643
AIAdultSlopeContact= 2.39326486666687
AIAdultLD50Contact= 92.4405836215494
AILarvaSlope= 6.89550634101033
AILarvaLD50= 49.8314627781077
AIKOW= 634.709274645818
AIKOC= 32945.4176596324
AIHalfLife= 12.7753806222929
EAppRate= 5.15720523719909
FoliarEnabled= true
FoliarAppDate= 06/07/1989
FoliarForageBegin= 06/05/1989
FoliarForageEnd= 06/28/1989
AIContactFactor= 1.4769235611381
CL4Pollen= 0.215775915421546
CL4Nectar= 90.7975286478177
CL5Pollen= 1.91338206036016
CL5Nectar= 71.6883340501226
CLDPollen= 3.95517755951732
CLDNectar= 142.326523340307
CA13Pollen= 6.08482253672555
CA13Nectar= 65.8659041672945
CA410Pollen= 5.11309574272018
CA410Nectar= 38.2638420443982
CA1120Pollen= 1.55800023651682
CA1120Nectar= 73.2727883011103
IPollenTrips= 14.5102801523171
INectarTrips= 14.5946526410989
IPollenLoad= 3.89024109113961
INectarLoad= 0.565443746745586
