ICQueenStrength= 5.66055298224092
RQWkrDrnRatio= 1.3390739671886
ICDroneMiteSurvivorship= 69.5476070279256
ICWorkerMiteSurvivorship= 17.7829277003184
ICForagerLifespan= 6.44869204796851
ImmType= Logarithmic
RQQueenStrength= 4.06234106305055
RQEnableReQueen= true
AIAdultSlope= 3.62734697200358
AIAdultLD50= 79.7884555272539
AIAdultSlopeContact= 6.59939646464773
AIAdultLD50Contact= 44.1482680937294
AILarvaSlope= 8.60948619060218
AILarvaLD50= 74.8748410791508
AIKOW= 21283.0720256703
AIKOC= 23833.3750433163
AIHalfLife= 12.1868915530853
EAppRate= 8.3946051683249
FoliarEnabled= true
FoliarAppDate= 06/07/1989
FoliarForageBegin= 06/05/1989
FoliarForageEnd= 06/28/1989
AIContactFactor= 1.67609133261256
CL4Pollen= 1.01588983926922
CL4Nectar= 91.9133255491033
CL5Pollen= 4.57054815161973
CL5Nectar= 80.2789227222092
CLDPollen= 0.488697415217757
CLDNectar= 42.7030045771971
CA13Pollen= 6.96766818901524
CA13Nectar= 49.7529359534383
CA410Pollen= 8.39349126503803
CA410Nectar= 155.64360330347
CA1120Pollen= 2.0734594152309
CA1120Nectar= 79.3184059299529
IPollenTrips= 13.8092915341258
INectarTrips= 6.30167431663722
IPollenLoad= 3.3299642498605
INectarLoad= 5.26726675452664
ESoilP= 1.21468596043997
ESoilFoc= 0.0033063727337867
