ICQueenStrength= 2.26854441012256
RQWkrDrnRatio= 3.42823015525937
ICDroneMiteSurvivorship= 34.2679695226252
ICWorkerMiteSurvivorship= 82.9773171572015
ICForagerLifespan= 6.47756284009665
ImmType= Logarithmic
RQQueenStrength= 2.52077991631813
RQEnableReQueen= true
AIAdultSlope= 2.52781485207379
AIAdultLD50= 0.616378104962874
AIAdultSlopeContact= 4.05578376096673
AIAdultLD50Contact= 77.4579636712489
AILarvaSlope= 5.85392696410418
AILarvaLD50= 67.582993003021
AIKOW= 78335.5163421542
AIKOC= 4692.88864410436
AIHalfLife= 5.16745468508452
EAppRate= 7.90835839767754
FoliarEnabled= true
FoliarAppDate= 09/01/1989
FoliarForageBegin= 09/01/1989
FoliarForageEnd= 09/08/1989
AIContactFactor= 0.330538652092218
CL4Pollen= 3.33275063801557
CL4Nectar= 21.6116852359846
CL5Pollen= 0.628356164786965
CL5Nectar= 61.5770320175216
CLDPollen= 3.72556821769103
CLDNectar= 89.70053459052
CA13Pollen= 7.02782165054232
CA13Nectar= 24.3165605701506
CA410Pollen= 4.72915545667056
CA410Nectar= 21.5637195995077
CA1120Pollen= 2.31093547283672
CA1120Nectar= 70.6443453207612
IPollenTrips= 6.86430246336386
INectarTrips= 10.6668141437694
IPollenLoad= 9.50229665730149
INectarLoad= 7.40295551717281
