ICQueenStrength= 2.77445275592618
RQWkrDrnRatio= 1.44987988378853
ICDroneMiteSurvivorship= 1.55539445113391
ICWorkerMiteSurvivorship= 8.13746592029929
ICForagerLifespan= 14.7124170484021
ImmType= Polynomial
RQQueenStrength= 4.59276807517745
RQEnableReQueen= true
AIAdultSlope= 4.51789287663996
AIAdultLD50= 13.8984739243442
AIAdultSlopeContact= 2.68497554259375
AIAdultLD50Contact= 77.6206148315421
AILarvaSlope= 4.25533507019281
AILarvaLD50= 3.94343625271111
AIKOW= 87104.6225630033
AIKOC= 50780.6661947235
AIHalfLife= 20.5950840210542
EAppRate= 2.53990285046608
FoliarEnabled= true
FoliarAppDate= 06/07/1989
FoliarForageBegin= 06/05/1989
FoliarForageEnd= 06/28/1989
AIContactFactor= 1.90056223573163
CL4Pollen= 2.75764632225037
CL4Nectar= 81.5428159665316
CL5Pollen= 3.10266599664465
CL5Nectar= 45.1438276330009
CLDPollen= 3.93837084900588
CLDNectar= 118.571574299131
CA13Pollen= 6.31773834656924
CA13Nectar= 54.7795306332409
CA410Pollen= 3.67128850647714
CA410Nectar= 125.789172765799
CA1120Pollen= 1.04265812924132
CA1120Nectar= 90.3615513630211
IPollenTrips= 8.40669065015391
INectarTrips= 7.37009380944073
IPollenLoad= 4.14125692797825
INectarLoad= 4.55425252672285
ESoilP= 1.16375692468137
ESoilFoc= 0.0125677766099107
