ICQueenStrength= 2.54490691144019
RQWkrDrnRatio= 3.39814706984907
ICDroneMiteSurvivorship= 58.6475614923984
ICWorkerMiteSurvivorship= 98.2340680900961
ICForagerLifespan= 7.07995555270463
ImmType= Sine
RQQueenStrength= 3.2727414558176
RQEnableReQueen= true
AIAdultSlope= 7.60201829113066
AIAdultLD50= 3.96184789679782
AIAdultSlopeContact= 9.61639983765781
AIAdultLD50Contact= 5.7686853326438
AILarvaSlope= 4.75830686464906
AILarvaLD50= 90.5697576072712
AIKOW= 22949.2116237676
AIKOC= 6801.27055267314
AIHalfLife= 27.9118195300689
EAppRate= 2.73767654926446
FoliarEnabled= true
FoliarAppDate= 06/07/1989
FoliarForageBegin= 06/05/1989
FoliarForageEnd= 06/28/1989
AIContactFactor= 1.39120620595291
CL4Pollen= 3.62126640137285
CL4Nectar= 90.7078808173537
CL5Pollen= 2.28836611378938
CL5Nectar= 53.3217156655155
CLDPollen= 1.38354120170698
CLDNectar= 8.68559209629893
CA13Pollen= 5.33452194491401
CA13Nectar= 68.1264984793961
CA410Pollen= 4.1848995371256
CA410Nectar= 37.933185226284
CA1120Pollen= 2.19752755318768
CA1120Nectar= 78.7308944948018
IPollenTrips= 6.12681593047455
INectarTrips= 12.2372680855915
IPollenLoad= 3.34297260036692
INectarLoad= 6.49555606069043
ESoilP= 1.59682034561411
ESoilFoc= 0.00127142425533384
