ICQueenStrength= 3.66819603927433
RQWkrDrnRatio= 4.95814404822886
ICDroneMiteSurvivorship= 72.0665982691571
ICWorkerMiteSurvivorship= 7.5123829068616
ICForagerLifespan= 15.4518254604191
ImmType= Exponential
RQQueenStrength= 3.53813775070012
RQEnableReQueen=true
AIAdultSlope= 2.07264918833971
AIAdultLD50= 0.718569943409413
AIAdultSlopeContact= 1.39673478272744
AIAdultLD50Contact= 58.808002993579
AILarvaSlope= 3.32277321629226
AILarvaLD50= 45.3729553467513
AIKOW= 30918.5840818671
AIKOC= 52874.4953789869
AIHalfLife= 1.81656762051862
EAppRate= 2.85085364758549
FoliarEnabled=true
FoliarAppDate= 07/01/1989
FoliarForageBegin= 07/01/1989
FoliarForageEnd= 07/14/1989
AIContactFactor= 2.24132675288711
CL4Pollen= 2.89262031391263
CL4Nectar= 10.8269887045026
CL5Pollen= 0.437667881604284
CL5Nectar= 36.2207720289007
CLDPollen= 5.65808594645932
CLDNectar= 46.2293202057481
CA13Pollen= 6.69717054190114
CA13Nectar= 28.6029843986034
CA410Pollen= 3.95798624947201
CA410Nectar= 47.6704487623647
CA1120Pollen= 2.25085313315503
CA1120Nectar= 58.5843250900507
IPollenTrips= 7.38809733884409
INectarTrips= 6.58341086003929
IPollenLoad= 4.0995295275934
INectarLoad= 0.645308431703597
