ICQueenStrength= 2.22337095160037
RQWkrDrnRatio= 2.75489262491465
ICDroneMiteSurvivorship= 89.6019101142883
ICWorkerMiteSurvivorship= 55.9467487037182
ICForagerLifespan= 12.9048693049699
ImmType= Tangent
RQQueenStrength= 1.49980336520821
RQEnableReQueen=true
AIAdultSlope= 4.4750894755125
AIAdultLD50= 0.799907187311677
AIAdultSlopeContact= 4.23491680622101
AIAdultLD50Contact= 8.9799328290883
AILarvaSlope= 7.2023365907371
AILarvaLD50= 0.688797311468748
AIKOW= 26874.176530937
AIKOC= 23481.9157886219
AIHalfLife= 3.16809505419806
EAppRate= 3.7103393787595
FoliarEnabled=true
FoliarAppDate= 07/01/1989
FoliarForageBegin= 07/01/1989
FoliarForageEnd= 07/14/1989
AIContactFactor= 1.03824714101851
CL4Pollen= 0.343359836377203
CL4Nectar= 78.3294063294306
CL5Pollen= 1.11761616216972
CL5Nectar= 75.7728755939752
CLDPollen= 2.94368257094175
CLDNectar= 35.8430663589388
CA13Pollen= 7.16138938423246
CA13Nectar= 30.5222705937922
CA410Pollen= 3.98918103566393
CA410Nectar= 148.782453509048
CA1120Pollen= 0.988180861109868
CA1120Nectar= 78.8142621703446
IPollenTrips= 9.69768785405904
INectarTrips= 13.8432032288983
IPollenLoad= 4.47694964474067
INectarLoad= 0.328233407344669
