ICQueenStrength= 1.06379202241078
RQWkrDrnRatio= 1.25036784075201
ICDroneMiteSurvivorship= 87.0047322940081
ICWorkerMiteSurvivorship= 48.2341050403193
ICForagerLifespan= 14.2067325077951
ImmType= Tangent
RQQueenStrength= 1.95288128126413
RQEnableReQueen= true
AIAdultSlope= 3.83390749245882
AIAdultLD50= 88.1375696027188
AIAdultSlopeContact= 8.10740548279136
AIAdultLD50Contact= 50.5993929368292
AILarvaSlope= 2.77405685931444
AILarvaLD50= 40.7947841496409
AIKOW= 46429.4947936104
AIKOC= 35630.0753529321
AIHalfLife= 19.2209873371525
EAppRate= 9.54680397307454
FoliarEnabled= true
FoliarAppDate= 06/07/1989
FoliarForageBegin= 06/05/1989
FoliarForageEnd= 06/28/1989
AIContactFactor= 1.12893069225829
CL4Pollen= 2.21560546755791
CL4Nectar= 90.6189079629257
CL5Pollen= 5.05152530735359
CL5Nectar= 20.2545351698063
CLDPollen= 2.03903064737096
CLDNectar= 123.137238027994
CA13Pollen= 5.40404333295301
CA13Nectar= 40.7804364524782
CA410Pollen= 4.68759214063175
CA410Nectar= 83.8309185300022
CA1120Pollen= 2.56858191825449
CA1120Nectar= 98.9062262140214
IPollenTrips= 14.2381913098507
INectarTrips= 6.51059685274959
IPollenLoad= 0.0275200209580362
INectarLoad= 3.99754908401519
