ICQueenStrength= 1.86769258510321
RQWkrDrnRatio= 2.24307289719582
ICDroneMiteSurvivorship= 40.8358886139467
ICWorkerMiteSurvivorship= 21.0489066783339
ICForagerLifespan= 5.8775966828689
ImmType= Exponential
RQQueenStrength= 3.79250659700483
RQEnableReQueen=true
AIAdultSlope= 8.0511574447155
AIAdultLD50= 0.550492099785479
AIAdultSlopeContact= 9.6747358511202
AIAdultLD50Contact= 79.9550824871429
AILarvaSlope= 3.96672985330224
AILarvaLD50= 0.364599505127408
AIKOW= 39238.4623635757
AIKOC= 61649.2678569339
AIHalfLife= 0.918385017942637
EAppRate= 7.00280040878896
FoliarEnabled=true
FoliarAppDate= 07/01/1989
FoliarForageBegin= 07/01/1989
FoliarForageEnd= 07/14/1989
AIContactFactor= 2.38629345173482
CL4Pollen= 0.656314360909164
CL4Nectar= 88.2321874145418
CL5Pollen= 1.57337903883308
CL5Nectar= 14.7504580090754
CLDPollen= 5.53213254036382
CLDNectar= 26.1388232465833
CA13Pollen= 7.52158428197727
CA13Nectar= 97.6546278968453
CA410Pollen= 8.41758993319236
CA410Nectar= 56.3029132969677
CA1120Pollen= 1.61655148817226
CA1120Nectar= 57.7133957110345
IPollenTrips= 8.47859265049919
INectarTrips= 7.91166609618813
IPollenLoad= 7.68194989766926
INectarLoad= 7.67983644967899
