ICQueenStrength= 3.83890221850015
RQWkrDrnRatio= 4.61572402901947
ICDroneMiteSurvivorship= 89.7746911272407
ICWorkerMiteSurvivorship= 83.1821269355714
ICForagerLifespan= 11.2110429489985
ImmType= Tangent
RQQueenStrength= 1.17685056780465
RQEnableReQueen= true
AIAdultSlope= 2.05189086124301
AIAdultLD50= 24.0633757519051
AIAdultSlopeContact= 9.14707294339314
AIAdultLD50Contact= 60.9786951609517
AILarvaSlope= 7.77107989229262
AILarvaLD50= 62.1905670778402
AIKOW= 90087.1446722977
AIKOC= 80328.3107702313
AIHalfLife= 14.2883708485635
EAppRate= 0.329068216722924
FoliarEnabled= true
FoliarAppDate= 06/07/1989
FoliarForageBegin= 06/05/1989
FoliarForageEnd= 06/28/1989
AIContactFactor= 2.14535043412354
CL4Pollen= 2.87789597082883
CL4Nectar= 99.0069317398593
CL5Pollen= 3.3642129781656
CL5Nectar= 109.042317979038
CLDPollen= 5.72145041730255
CLDNectar= 100.589233415667
CA13Pollen= 6.16204814547673
CA13Nectar= 69.3015499226749
CA410Pollen= 3.80470897094347
CA410Nectar= 34.4878075318411
CA1120Pollen= 2.50211717071943
CA1120Nectar= 68.5591966100037
IPollenTrips= 5.08118198718876
INectarTrips= 13.278232794255
IPollenLoad= 1.51949519524351
INectarLoad= 1.04121854994446
