ICQueenStrength= 5.62213037419133
RQWkrDrnRatio= 2.34399437531829
ICDroneMiteSurvivorship= 40.8433471340686
ICWorkerMiteSurvivorship= 37.8005892038345
ICForagerLifespan= 9.82427671924233
ImmType= Logarithmic
RQQueenStrength= 1.94005478196777
RQEnableReQueen= true
AIAdultSlope= 6.75280260853469
AIAdultLD50= 0.414174968369771
AIAdultSlopeContact= 3.62095912289806
AIAdultLD50Contact= 86.1562745621023
AILarvaSlope= 5.10162450559437
AILarvaLD50= 6.81106130929315
AIKOW= 89395.9069518428
AIKOC= 12681.4281664805
AIHalfLife= 30.6327383605065
EAppRate= 7.60016929649771
FoliarEnabled= true
FoliarAppDate= 09/01/1989
FoliarForageBegin= 09/01/1989
FoliarForageEnd= 09/08/1989
AIContactFactor= 1.11407085009851
CL4Pollen= 3.5886382702738
CL4Nectar= 51.7169132363051
CL5Pollen= 3.04267269652337
CL5Nectar= 67.0372084365226
CLDPollen= 1.03899658704177
CLDNectar= 1.77428803872317
CA13Pollen= 2.62846444575116
CA13Nectar= 97.0775746554136
CA410Pollen= 5.19018701857422
CA410Nectar= 192.602429231629
CA1120Pollen= 0.588152663083747
CA1120Nectar= 34.6590879932046
IPollenTrips= 10.0382710131817
INectarTrips= 6.48724942468107
IPollenLoad= 1.27023744862527
INectarLoad= 5.07038469193503
