ICQueenStrength= 4.46371771534905
RQWkrDrnRatio= 3.53901166282594
ICDroneMiteSurvivorship= 86.8816504254937
ICWorkerMiteSurvivorship= 48.7944769440219
ICForagerLifespan= 8.56673246622086
ImmType= Exponential
RQQueenStrength= 5.27012174157426
RQEnableReQueen= true
AIAdultSlope= 6.12873243167996
AIAdultLD50= 24.9063676640398
AIAdultSlopeContact= 2.40712135122158
AIAdultLD50Contact= 14.6447742627214
AILarvaSlope= 5.99254815466702
AILarvaLD50= 21.8956910278818
AIKOW= 91682.8828333353
AIKOC= 72678.3067382697
AIHalfLife= 27.5164298283635
EAppRate= 6.16003108653985
FoliarEnabled= true
FoliarAppDate= 06/07/1989
FoliarForageBegin= 06/05/1989
FoliarForageEnd= 06/28/1989
AIContactFactor= 1.36314502280205
CL4Pollen= 1.43259753193706
CL4Nectar= 0.940157868899405
CL5Pollen= 1.56650171522051
CL5Nectar= 145.686197583564
CLDPollen= 4.60056723933667
CLDNectar= 108.833498856984
CA13Pollen= 2.99661018913612
CA13Nectar= 46.9888031296432
CA410Pollen= 7.89082063308451
CA410Nectar= 91.1016574827954
CA1120Pollen= 1.89741045841947
CA1120Nectar= 26.0056064836681
IPollenTrips= 5.60813569463789
INectarTrips= 14.9595783906989
IPollenLoad= 2.23354907939211
INectarLoad= 9.03966333484277
ESoilP= 1.72255860408768
ESoilFoc= 0.0196653984985314
