ICQueenStrength= 3.37710386235267
RQWkrDrnRatio= 2.38480283785611
ICDroneMiteSurvivorship= 0.597544340416789
ICWorkerMiteSurvivorship= 40.6822461402044
ICForagerLifespan= 15.1270158020779
ImmType= Tangent
RQQueenStrength= 1.37325501255691
RQEnableReQueen=true
AIAdultSlope= 4.7722924221307
AIAdultLD50= 0.502961796877673
AIAdultSlopeContact= 4.28524312959053
AIAdultLD50Contact= 26.5987927069361
AILarvaSlope= 3.063196785748
AILarvaLD50= 2.76029092619847
AIKOW= 11434.8466597608
AIKOC= 24677.6732387142
AIHalfLife= 10.3227871829644
EAppRate= 7.72031591152353
FoliarEnabled=true
FoliarAppDate= 07/01/1989
FoliarForageBegin= 07/01/1989
FoliarForageEnd= 07/14/1989
AIContactFactor= 1.57484274563845
CL4Pollen= 3.73455696273595
CL4Nectar= 35.0822026608512
CL5Pollen= 3.56540335714817
CL5Nectar= 12.1261728694662
CLDPollen= 0.901673674117774
CLDNectar= 84.6945703611709
CA13Pollen= 4.20382260698825
CA13Nectar= 28.6796744167805
CA410Pollen= 6.70043511947151
CA410Nectar= 58.3898882893845
CA1120Pollen= 1.80200821417384
CA1120Nectar= 83.5786692425609
IPollenTrips= 5.39365264819935
INectarTrips= 11.3733854866587
IPollenLoad= 5.14070261269808
INectarLoad= 9.08741052728146
