ICQueenStrength= 1.00107051688246
RQWkrDrnRatio= 1.28636395558715
ICDroneMiteSurvivorship= 68.0524435592815
ICWorkerMiteSurvivorship= 45.8379592048004
ICForagerLifespan= 6.73596318252385
ImmType= Polynomial
RQQueenStrength= 1.43279194622301
RQEnableReQueen= true
AIAdultSlope= 6.45744816027582
AIAdultLD50= 0.439606248195982
AIAdultSlopeContact= 8.11546173645183
AIAdultLD50Contact= 67.0918245123488
AILarvaSlope= 8.60190599039197
AILarvaLD50= 67.8109427036971
AIKOW= 56803.0168425676
AIKOC= 53736.8957896405
AIHalfLife= 5.04466345901601
EAppRate= 6.69108066525403
FoliarEnabled= true
FoliarAppDate= 09/01/1989
FoliarForageBegin= 09/01/1989
FoliarForageEnd= 09/08/1989
AIContactFactor= 2.35984675666783
CL4Pollen= 0.957179779186845
CL4Nectar= 89.3888643244281
CL5Pollen= 1.02061919448897
CL5Nectar= 79.3049592990428
CLDPollen= 1.50804268056527
CLDNectar= 87.2001998126507
CA13Pollen= 4.12169631738216
CA13Nectar= 99.1557949595153
CA410Pollen= 3.64979013681877
CA410Nectar= 186.763335056603
CA1120Pollen= 1.03459093929268
CA1120Nectar= 54.7436628490686
IPollenTrips= 5.26021101279184
INectarTrips= 10.3882282227278
IPollenLoad= 1.90908236196265
INectarLoad= 1.93131956504658
