ICQueenStrength= 4.45798461697996
RQWkrDrnRatio= 2.33356712013483
ICDroneMiteSurvivorship= 97.7460450958461
ICWorkerMiteSurvivorship= 80.4453485179693
ICForagerLifespan= 15.2687611887231
ImmType= Logarithmic
RQQueenStrength= 2.8291877140291
RQEnableReQueen= true
AIAdultSlope= 6.59934959933162
AIAdultLD50= 52.6623202623322
AIAdultSlopeContact= 2.44553931197152
AIAdultLD50Contact= 68.9375641836787
AILarvaSlope= 1.01696511358023
AILarvaLD50= 30.973011701419
AIKOW= 9240.76970685192
AIKOC= 21880.3004941666
AIHalfLife= 9.56882689360063
EAppRate= 2.50001545320009
FoliarEnabled= true
FoliarAppDate= 06/07/1989
FoliarForageBegin= 06/05/1989
FoliarForageEnd= 06/28/1989
AIContactFactor= 0.874670707504265
CL4Pollen= 3.82388937752694
CL4Nectar= 61.7326020030305
CL5Pollen= 2.70731755904853
CL5Nectar= 21.4800183079205
CLDPollen= 2.15027708932757
CLDNectar= 117.152410279959
CA13Pollen= 2.89655779283494
CA13Nectar= 23.3662176690996
CA410Pollen= 4.31195344380103
CA410Nectar= 191.18741272483
CA1120Pollen= 0.891355408122763
CA1120Nectar= 94.6014778874815
IPollenTrips= 9.28611934185028
INectarTrips= 11.9878203189
IPollenLoad= 6.41139049781486
INectarLoad= 9.11132864188403
ESoilP= 1.34009569883347
ESoilFoc= 0.0138096137058456
