ICQueenStrength= 3.72881205542944
RQWkrDrnRatio= 3.93553966097534
ICDroneMiteSurvivorship= 97.9643644532189
ICWorkerMiteSurvivorship= 19.1085489001125
ICForagerLifespan= 7.6398059129715
ImmType= Exponential
RQQueenStrength= 1.56182091706432
RQEnableReQueen= true
AIAdultSlope= 2.6142356749624
AIAdultLD50= 81.6581158167229
AIAdultSlopeContact= 9.32860857318155
AIAdultLD50Contact= 39.1634509982571
AILarvaSlope= 8.76016575656831
AILarvaLD50= 94.4990185247078
AIKOW= 94080.9189207447
AIKOC= 46648.8095557075
AIHalfLife= 19.2732912318781
EAppRate= 7.543692232962
FoliarEnabled= true
FoliarAppDate= 06/07/1989
FoliarForageBegin= 06/05/1989
FoliarForageEnd= 06/28/1989
AIContactFactor= 2.27242563261651
CL4Pollen= 0.972479791380465
CL4Nectar= 61.4882084773853
CL5Pollen= 0.871053040958941
CL5Nectar= 16.9182622572407
CLDPollen= 3.37034886796027
CLDNectar= 39.1079628607258
CA13Pollen= 8.16453437535092
CA13Nectar= 46.0227183811367
CA410Pollen= 7.07421204037964
CA410Nectar= 138.764227572829
CA1120Pollen= 2.8661037934944
CA1120Nectar= 88.2082541659474
IPollenTrips= 10.4547216161154
INectarTrips= 12.2240008926019
IPollenLoad= 4.41050258930773
INectarLoad= 7.55817516241223
