ICQueenStrength= 5.30328631773591
RQWkrDrnRatio= 4.52849717438221
ICDroneMiteSurvivorship= 34.5682477578521
ICWorkerMiteSurvivorship= 63.0294525995851
ICForagerLifespan= 6.04093412589282
ImmType= Polynomial
RQQueenStrength= 5.70149974920787
RQEnableReQueen= true
AIAdultSlope= 6.17431643791497
AIAdultLD50= 52.1706228788588
AIAdultSlopeContact= 1.12640219065361
AIAdultLD50Contact= 5.43536107543181
AILarvaSlope= 2.85761287808418
AILarvaLD50= 35.5569804865613
AIKOW= 93995.4951356434
AIKOC= 41505.9720688716
AIHalfLife= 13.7039372389903
EAppRate= 7.79169848494558
FoliarEnabled= true
FoliarAppDate= 06/07/1989
FoliarForageBegin= 06/05/1989
FoliarForageEnd= 06/28/1989
AIContactFactor= 2.1864364759298
CL4Pollen= 2.85877155605704
CL4Nectar= 45.6228108843789
CL5Pollen= 1.26211748505011
CL5Nectar= 54.166942415759
CLDPollen= 3.04359779600054
CLDNectar= 65.1199995540082
CA13Pollen= 6.38115001590922
CA13Nectar= 81.4898701198399
CA410Pollen= 5.73949497090653
CA410Nectar= 99.9824294866994
CA1120Pollen= 0.440542605472729
CA1120Nectar= 89.9747865833342
IPollenTrips= 10.121131662745
INectarTrips= 12.0401042187586
IPollenLoad= 9.93167300941423
INectarLoad= 3.23816312244162
