ICQueenStrength= 2.7691379901953
RQWkrDrnRatio= 2.72755759768188
ICDroneMiteSurvivorship= 44.6936215041205
ICWorkerMiteSurvivorship= 83.8106038048863
ICForagerLifespan= 6.15397738665342
ImmType= Sine
RQQueenStrength= 1.0602177658584
RQEnableReQueen= true
AIAdultSlope= 3.10993047431111
AIAdultLD50= 27.3690562943169
AIAdultSlopeContact= 2.81772738951258
AIAdultLD50Contact= 27.2750985673554
AILarvaSlope= 6.18187535181642
AILarvaLD50= 43.093042741447
AIKOW= 17074.7105535455
AIKOC= 30497.354396095
AIHalfLife= 21.6048495988827
EAppRate= 9.035886210653
FoliarEnabled= true
FoliarAppDate= 06/07/1989
FoliarForageBegin= 06/05/1989
FoliarForageEnd= 06/28/1989
AIContactFactor= 1.64340680843219
CL4Pollen= 2.36635179910809
CL4Nectar= 24.3943872395903
CL5Pollen= 0.776056429836899
CL5Nectar= 138.418901036493
CLDPollen= 3.25067731551826
CLDNectar= 73.8608878687955
CA13Pollen= 6.14411605270579
CA13Nectar= 33.7289738096297
CA410Pollen= 3.54365566715132
CA410Nectar= 102.603888269514
CA1120Pollen= 1.01301639620215
CA1120Nectar= 27.0104488171637
IPollenTrips= 5.68828552495688
INectarTrips= 12.5323792593554
IPollenLoad= 1.38985839672387
INectarLoad= 5.50366983283311
ESoilP= 1.55828117369674
ESoilFoc= 0.00696554510272108
