ICQueenStrength= 2.3871075946372
RQWkrDrnRatio= 1.30918590538204
ICDroneMiteSurvivorship= 25.6123010534793
ICWorkerMiteSurvivorship= 66.1445079836994
ICForagerLifespan= 13.6423057485372
ImmType= Logarithmic
RQQueenStrength= 1.019301478751
RQEnableReQueen= true
AIAdultSlope= 1.00941406935453
AIAdultLD50= 42.6486599831679
AIAdultSlopeContact= 2.48460959852673
AIAdultLD50Contact= 0.584421704819892
AILarvaSlope= 3.75604763254523
AILarvaLD50= 47.4290105349813
AIKOW= 57352.0952409919
AIKOC= 66888.8684191029
AIHalfLife= 31.3901709866012
EAppRate= 6.06156426585256
FoliarEnabled= true
FoliarAppDate= 06/07/1989
FoliarForageBegin= 06/05/1989
FoliarForageEnd= 06/28/1989
AIContactFactor= 0.698644690080546
CL4Pollen= 1.74411074165255
CL4Nectar= 60.743948421441
CL5Pollen= 3.17554077738896
CL5Nectar= 21.5812398120761
CLDPollen= 5.48229273268953
CLDNectar= 100.007055513561
CA13Pollen= 3.50067715374753
CA13Nectar= 90.8146732859313
CA410Pollen= 2.69165962922852
CA410Nectar= 57.8131132712588
CA1120Pollen= 1.40147924073972
CA1120Nectar= 68.0067245848477
IPollenTrips= 9.21261847484857
INectarTrips= 12.5436954922043
IPollenLoad= 0.615505077876151
INectarLoad= 1.33397813420743
ESoilP= 1.09438561974093
ESoilFoc= 0.0161856976652052
