ICQueenStrength= 1.35306563135237
RQWkrDrnRatio= 3.65045665670186
ICDroneMiteSurvivorship= 79.3850779766217
ICWorkerMiteSurvivorship= 38.5191258741543
ICForagerLifespan= 5.67268899269402
ImmType= Sine
RQQueenStrength= 2.03729406953789
RQEnableReQueen= true
AIAdultSlope= 7.91033475846052
AIAdultLD50= 31.9907912757441
AIAdultSlopeContact= 8.61792339198291
AIAdultLD50Contact= 76.8643395693475
AILarvaSlope= 1.18461928516626
AILarvaLD50= 47.0105443854229
AIKOW= 94476.1519256222
AIKOC= 57677.0384971828
AIHalfLife= 28.3050223218044
EAppRate= 4.71363282634015
FoliarEnabled= true
FoliarAppDate= 06/07/1989
FoliarForageBegin= 06/05/1989
FoliarForageEnd= 06/28/1989
AIContactFactor= 0.491093214685097
CL4Pollen= 0.436813029460609
CL4Nectar= 41.540186945349
CL5Pollen= 3.30664169602096
CL5Nectar= 1.40154110267758
CLDPollen= 5.2077090125531
CLDNectar= 132.167474424932
CA13Pollen= 5.10826646098867
CA13Nectar= 84.5768822729588
CA410Pollen= 7.06178744265344
CA410Nectar= 53.4755939664319
CA1120Pollen= 2.31564987706952
CA1120Nectar= 33.5284999758005
IPollenTrips= 14.803853482008
INectarTrips= 11.9145507644862
IPollenLoad= 6.89446714706719
INectarLoad= 3.00923994276673
