ICQueenStrength= 4.12042072298937
RQWkrDrnRatio= 2.33196363225579
ICDroneMiteSurvivorship= 3.12172484118491
ICWorkerMiteSurvivorship= 61.8269066791981
ICForagerLifespan= 7.58803685102612
ImmType= Polynomial
RQQueenStrength= 2.4064993429929
RQEnableReQueen= true
AIAdultSlope= 1.29967021197081
AIAdultLD50= 0.191751794071402
AIAdultSlopeContact= 9.14080649847165
AIAdultLD50Contact= 2.62804944888991
AILarvaSlope= 5.74126237072051
AILarvaLD50= 57.1915802839242
AIKOW= 18820.6138942121
AIKOC= 81317.156932788
AIHalfLife= 18.447447933699
EAppRate= 1.22610536309099
FoliarEnabled= true
FoliarAppDate= 09/01/1989
FoliarForageBegin= 09/01/1989
FoliarForageEnd= 09/08/1989
AIContactFactor= 1.85839447174221
CL4Pollen= 2.56760819535702
CL4Nectar= 29.6762050129473
CL5Pollen= 2.2971202628687
CL5Nectar= 67.7273835288361
CLDPollen= 2.79837955674157
CLDNectar= 113.501025305595
CA13Pollen= 4.92097273124382
CA13Nectar= 28.8467920571566
CA410Pollen= 2.84446367549244
CA410Nectar= 30.3957834839821
CA1120Pollen= 1.44488119147718
CA1120Nectar= 50.8212403021753
IPollenTrips= 12.9854308557697
INectarTrips= 5.76165638398379
IPollenLoad= 7.82763351220638
INectarLoad= 5.83459883229807
