ICQueenStrength= 3.0357058418449
RQWkrDrnRatio= 3.97936505824327
ICDroneMiteSurvivorship= 55.2332283463329
ICWorkerMiteSurvivorship= 78.6720699165016
ICForagerLifespan= 9.96930572483689
ImmType= Polynomial
RQQueenStrength= 4.72677922830917
RQEnableReQueen= true
AIAdultSlope= 1.33779577538371
AIAdultLD50= 5.30450483346824
AIAdultSlopeContact= 9.49248575838283
AIAdultLD50Contact= 10.7551935533017
AILarvaSlope= 1.24374052509665
AILarvaLD50= 66.9678174042206
AIKOW= 61697.8533218262
AIKOC= 27998.0535830781
AIHalfLife= 30.9382526215864
EAppRate= 9.36195950343111
FoliarEnabled= true
FoliarAppDate= 06/07/1989
FoliarForageBegin= 06/05/1989
FoliarForageEnd= 06/28/1989
AIContactFactor= 0.931989778890274
CL4Pollen= 0.623358257114887
CL4Nectar= 80.0374947953969
CL5Pollen= 3.41042737103999
CL5Nectar= 126.836243842263
CLDPollen= 3.5604720627889
CLDNectar= 91.0686741932295
CA13Pollen= 4.84720343938097
CA13Nectar= 31.8174758739769
CA410Pollen= 6.63685630599502
CA410Nectar= 197.2601327952
CA1120Pollen= 1.02699400554411
CA1120Nectar= 70.9250774420798
IPollenTrips= 5.12104961322621
INectarTrips= 10.4344948637299
IPollenLoad= 1.23043403727934
INectarLoad= 6.08838406158611
ESoilP= 1.45985060208477
ESoilFoc= 0.0152160405348986
