ICQueenStrength= 5.99119491898455
RQWkrDrnRatio= 4.62220488395542
ICDroneMiteSurvivorship= 8.45328792929649
ICWorkerMiteSurvivorship= 72.7367707528174
ICForagerLifespan= 11.4015234196559
ImmType= Polynomial
RQQueenStrength= 1.20998396445066
RQEnableReQueen= true
AIAdultSlope= 2.66904683597386
AIAdultLD50= 27.0339303650351
AIAdultSlopeContact= 1.51113214762881
AIAdultLD50Contact= 86.8011385184836
AILarvaSlope= 1.25386055745184
AILarvaLD50= 66.6044518682673
AIKOW= 91911.9985480258
AIKOC= 88946.4808045379
AIHalfLife= 30.8688958232058
EAppRate= 7.35763879003888
FoliarEnabled= true
FoliarAppDate= 06/07/1989
FoliarForageBegin= 06/05/1989
FoliarForageEnd= 06/28/1989
AIContactFactor= 0.447701567653567
CL4Pollen= 1.88594220485538
CL4Nectar= 34.0661711758003
CL5Pollen= 2.0441405097954
CL5Nectar= 122.012327495031
CLDPollen= 5.99121694732457
CLDNectar= 78.8726632716134
CA13Pollen= 3.84244897058234
CA13Nectar= 52.170685287565
CA410Pollen= 5.35519432215951
CA410Nectar= 46.6058510448784
CA1120Pollen= 0.0421516934875399
CA1120Nectar= 30.5572652257979
IPollenTrips= 11.4089351450093
INectarTrips= 9.75371181499213
IPollenLoad= 5.18265085062012
INectarLoad= 5.44101541629061
