ICQueenStrength= 1.59312027529813
RQWkrDrnRatio= 4.04618357401341
ICDroneMiteSurvivorship= 27.9897519852966
ICWorkerMiteSurvivorship= 15.0451286695898
ICForagerLifespan= 5.81619705166668
ImmType= Polynomial
RQQueenStrength= 4.95253183320165
RQEnableReQueen= true
AIAdultSlope= 4.98286599852145
AIAdultLD50= 28.0918384582982
AIAdultSlopeContact= 1.26207475573756
AIAdultLD50Contact= 30.700949952309
AILarvaSlope= 7.62856202013791
AILarvaLD50= 74.0499568071715
AIKOW= 89932.0495836791
AIKOC= 69490.7688942277
AIHalfLife= 30.1529415169498
EAppRate= 5.99427892737137
FoliarEnabled= true
FoliarAppDate= 06/07/1989
FoliarForageBegin= 06/05/1989
FoliarForageEnd= 06/28/1989
AIContactFactor= 1.69928352079354
CL4Pollen= 1.7521143918857
CL4Nectar= 30.8870561886579
CL5Pollen= 0.532927312888205
CL5Nectar= 148.735054337885
CLDPollen= 4.77569760801271
CLDNectar= 14.8799844319001
CA13Pollen= 4.05400500474498
CA13Nectar= 81.731872446835
CA410Pollen= 6.12191853486001
CA410Nectar= 194.924819990993
CA1120Pollen= 1.03411347325891
CA1120Nectar= 75.6567959487438
IPollenTrips= 9.06351523008198
INectarTrips= 7.08491808036342
IPollenLoad= 1.94895826047286
INectarLoad= 3.81862365873531
ESoilP= 1.313035458792
ESoilFoc= 0.012810601037927
