ICQueenStrength= 2.30878275725991
RQWkrDrnRatio= 2.29331303015351
ICDroneMiteSurvivorship= 11.1181257059798
ICWorkerMiteSurvivorship= 76.1947176186368
ICForagerLifespan= 5.14010972157121
ImmType= Polynomial
RQQueenStrength= 2.08720583142713
RQEnableReQueen= true
AIAdultSlope= 6.65817013196647
AIAdultLD50= 8.823249803568
AIAdultSlopeContact= 8.28828704752959
AIAdultLD50Contact= 33.1230290869141
AILarvaSlope= 3.99319271929562
AILarvaLD50= 16.4221303253588
AIKOW= 30558.9110415251
AIKOC= 24595.9666117467
AIHalfLife= 21.8969702186994
EAppRate= 0.359754284865689
FoliarEnabled= true
FoliarAppDate= 06/07/1989
FoliarForageBegin= 06/05/1989
FoliarForageEnd= 06/28/1989
AIContactFactor= 0.810364606981166
CL4Pollen= 1.55323064606637
CL4Nectar= 33.3706081379205
CL5Pollen= 5.03438256355003
CL5Nectar= 99.4351899367757
CLDPollen= 2.88155633769929
CLDNectar= 8.59210139606148
CA13Pollen= 4.74422202473506
CA13Nectar= 76.5355549380183
CA410Pollen= 5.47194069311954
CA410Nectar= 98.6161133460701
CA1120Pollen= 0.248384543694556
CA1120Nectar= 34.6684702858329
IPollenTrips= 8.15903580514714
INectarTrips= 13.9838595199399
IPollenLoad= 2.79643383109942
INectarLoad= 7.57018352625892
