ICQueenStrength= 1.78579241526313
RQWkrDrnRatio= 3.97482474707067
ICDroneMiteSurvivorship= 0.771317537873983
ICWorkerMiteSurvivorship= 78.156253695488
ICForagerLifespan= 6.12868981063366
ImmType= Tangent
RQQueenStrength= 2.82266573188826
RQEnableReQueen= true
AIAdultSlope= 4.23987073265016
AIAdultLD50= 3.85145437668217
AIAdultSlopeContact= 4.00514031248167
AIAdultLD50Contact= 20.1081547799842
AILarvaSlope= 5.85001315176487
AILarvaLD50= 89.0567203552886
AIKOW= 75615.4989528154
AIKOC= 85480.8778729716
AIHalfLife= 25.4479955996387
EAppRate= 7.07489989618142
FoliarEnabled= true
FoliarAppDate= 06/07/1989
FoliarForageBegin= 06/05/1989
FoliarForageEnd= 06/28/1989
AIContactFactor= 1.04178803938441
CL4Pollen= 0.555708557367325
CL4Nectar= 30.4066004464403
CL5Pollen= 4.06905034510419
CL5Nectar= 149.729326064698
CLDPollen= 4.89439845783636
CLDNectar= 38.8485147035681
CA13Pollen= 5.51410155910999
CA13Nectar= 26.2290249019861
CA410Pollen= 2.63430989114568
CA410Nectar= 66.2462911428884
CA1120Pollen= 1.28889656276442
CA1120Nectar= 27.0560475811362
IPollenTrips= 6.47097192937508
INectarTrips= 9.49361694511026
IPollenLoad= 3.84936989983544
INectarLoad= 4.59063206100836
