ICQueenStrength= 5.18913410278037
RQWkrDrnRatio= 3.30105464160442
ICDroneMiteSurvivorship= 35.7933029998094
ICWorkerMiteSurvivorship= 94.2306284792721
ICForagerLifespan= 10.548487293534
ImmType= Tangent
RQQueenStrength= 2.74970870488323
RQEnableReQueen= true
AIAdultSlope= 6.11323894374073
AIAdultLD50= 13.7940715657219
AIAdultSlopeContact= 4.00284392246976
AIAdultLD50Contact= 82.5964775595516
AILarvaSlope= 5.68649909459054
AILarvaLD50= 82.7681336809006
AIKOW= 9449.46440662322
AIKOC= 30069.0737414286
AIHalfLife= 14.907756769564
EAppRate= 9.15737364242296
FoliarEnabled= true
FoliarAppDate= 06/07/1989
FoliarForageBegin= 06/05/1989
FoliarForageEnd= 06/28/1989
AIContactFactor= 0.263533558035269
CL4Pollen= 2.293795786798
CL4Nectar= 92.9259456228465
CL5Pollen= 4.08464871346951
CL5Nectar= 15.8840417861938
CLDPollen= 1.21388933015987
CLDNectar= 16.6716794483364
CA13Pollen= 3.42239749133587
CA13Nectar= 86.8616068735719
CA410Pollen= 4.23882583638188
CA410Nectar= 99.6285744942725
CA1120Pollen= 0.479343047831208
CA1120Nectar= 72.4341282993555
IPollenTrips= 14.2474020947702
INectarTrips= 6.12630119547248
IPollenLoad= 7.87944859825075
INectarLoad= 0.701523979660124
ESoilP= 1.42522507742979
ESoilFoc= 0.00166455622226931
