ICQueenStrength= 5.72790800849907
RQWkrDrnRatio= 2.02959688566625
ICDroneMiteSurvivorship= 2.19506917055696
ICWorkerMiteSurvivorship= 79.3828571448103
ICForagerLifespan= 8.07291168533266
ImmType= Sine
AIAdultSlope= 3.58909052408533
AIAdultLD50= 0.100655952654779
AIAdultSlopeContact= 2.97174410297535
AIAdultLD50Contact= 0.0211339103523642
AILarvaSlope= 1.70623203292489
AILarvaLD50= 0.373101379349828
AIKOW= 2.64367081411183
AIKOC= 21.6988843469881
AIHalfLife= 2.28900394157972
EAppRate= 0.744365551508963
FoliarEnabled= true
