ICQueenStrength= 5.75010060705245
RQWkrDrnRatio= 1.99867169093341
ICDroneMiteSurvivorship= 57.8563794726506
ICWorkerMiteSurvivorship= 15.9766545984894
ICForagerLifespan= 13.8570323409513
ImmType= Polynomial
RQQueenStrength= 4.9518993278034
RQEnableReQueen= true
AIAdultSlope= 8.77242740243673
AIAdultLD50= 89.1280887531354
AIAdultSlopeContact= 5.21555990423076
AIAdultLD50Contact= 7.89762050999235
AILarvaSlope= 4.94388256780803
AILarvaLD50= 85.8004017672965
AIKOW= 46852.1469567975
AIKOC= 38868.4318184659
AIHalfLife= 19.8154158952879
EAppRate= 2.55760640217713
FoliarEnabled= true
FoliarAppDate= 06/07/1989
FoliarForageBegin= 06/05/1989
FoliarForageEnd= 06/28/1989
AIContactFactor= 1.45518502947409
CL4Pollen= 0.926985763013363
CL4Nectar= 90.9529122291133
CL5Pollen= 0.915274157188833
CL5Nectar= 86.4465828286484
CLDPollen= 0.940626420546323
CLDNectar= 19.812370184809
CA13Pollen= 6.50588477151468
CA13Nectar= 84.8457627743483
CA410Pollen= 7.37970133661292
CA410Nectar= 94.367518699728
CA1120Pollen= 0.0106071908958256
CA1120Nectar= 39.5097261480987
IPollenTrips= 8.05448344908655
INectarTrips= 5.81234534736723
IPollenLoad= 5.94929780112579
INectarLoad= 8.82959485752508
