ICQueenStrength= 4.59184074448422
RQWkrDrnRatio= 1.03902235906571
ICDroneMiteSurvivorship= 41.7171998647973
ICWorkerMiteSurvivorship= 62.4857232673094
ICForagerLifespan= 5.31595416273922
ImmType= Sine
RQQueenStrength= 5.49559391010553
RQEnableReQueen= true
AIAdultSlope= 6.9533921238035
AIAdultLD50= 88.8122608686197
AIAdultSlopeContact= 5.84339571418241
AIAdultLD50Contact= 85.8153534196373
AILarvaSlope= 2.2602136079222
AILarvaLD50= 31.7809484701727
AIKOW= 77036.7064426328
AIKOC= 70697.5339781302
AIHalfLife= 17.7515310604358
EAppRate= 7.0102909437106
FoliarEnabled= true
FoliarAppDate= 06/07/1989
FoliarForageBegin= 06/05/1989
FoliarForageEnd= 06/28/1989
AIContactFactor= 1.78928767490666
CL4Pollen= 1.43442155141383
CL4Nectar= 35.7366021955386
CL5Pollen= 5.56258489005268
CL5Nectar= 91.5706867701374
CLDPollen= 3.27724734926596
CLDNectar= 105.355155165307
CA13Pollen= 4.60656041167676
CA13Nectar= 43.5172105953097
CA410Pollen= 7.65091176438145
CA410Nectar= 138.579083778895
CA1120Pollen= 1.63486206019297
CA1120Nectar= 25.9069048799574
IPollenTrips= 13.4500890900381
INectarTrips= 14.6170027810149
IPollenLoad= 2.59633672889322
INectarLoad= 4.2633351078257
