ICQueenStrength= 5.88513302407227
RQWkrDrnRatio= 4.69691239017993
ICDroneMiteSurvivorship= 49.5767961721867
ICWorkerMiteSurvivorship= 97.4931054748595
ICForagerLifespan= 7.62498276308179
ImmType= Exponential
RQQueenStrength= 3.55649420316331
RQEnableReQueen= true
AIAdultSlope= 7.42175906896591
AIAdultLD50= 63.2474816228333
AIAdultSlopeContact= 4.86798284621909
AIAdultLD50Contact= 56.5972073363122
AILarvaSlope= 6.71978224813938
AILarvaLD50= 41.1583209308202
AIKOW= 98887.3436762677
AIKOC= 78881.2240011974
AIHalfLife= 13.4953945485875
EAppRate= 2.67718151238188
FoliarEnabled= true
FoliarAppDate= 06/07/1989
FoliarForageBegin= 06/05/1989
FoliarForageEnd= 06/28/1989
AIContactFactor= 1.24259907979518
CL4Pollen= 1.23217437230051
CL4Nectar= 63.7567819096148
CL5Pollen= 0.425419715233147
CL5Nectar= 87.5643846346065
CLDPollen= 1.11118535092101
CLDNectar= 115.209009032696
CA13Pollen= 4.26019754568115
CA13Nectar= 96.5013628080487
CA410Pollen= 6.31583160765003
CA410Nectar= 189.921882264316
CA1120Pollen= 1.16567192296498
CA1120Nectar= 43.1528977118433
IPollenTrips= 9.68675312818959
INectarTrips= 6.0345076979138
IPollenLoad= 5.15026767272502
INectarLoad= 0.542890585493296
