ICQueenStrength= 3.22135451389477
RQWkrDrnRatio= 2.11108929570764
ICDroneMiteSurvivorship= 73.1053721159697
ICWorkerMiteSurvivorship= 88.8130136532709
ICForagerLifespan= 6.12597462441772
ImmType= Cosine
RQQueenStrength= 4.60191985266283
RQEnableReQueen= true
AIAdultSlope= 1.92680386081338
AIAdultLD50= 0.42033965079044
AIAdultSlopeContact= 5.40828974591568
AIAdultLD50Contact= 44.4402539163798
AILarvaSlope= 4.74482307583094
AILarvaLD50= 55.6553839253737
AIKOW= 28892.2220097299
AIKOC= 56896.0569842646
AIHalfLife= 19.9587575679412
EAppRate= 5.11602989141247
FoliarEnabled= true
FoliarAppDate= 09/01/1989
FoliarForageBegin= 09/01/1989
FoliarForageEnd= 09/08/1989
AIContactFactor= 1.72197417535353
CL4Pollen= 1.07609352562577
CL4Nectar= 37.3801875161007
CL5Pollen= 0.814157559536397
CL5Nectar= 10.7976889587007
CLDPollen= 4.1084082336165
CLDNectar= 39.6267546806484
CA13Pollen= 5.17841274086386
CA13Nectar= 65.283693484962
CA410Pollen= 5.80060806695838
CA410Nectar= 143.452954697423
CA1120Pollen= 1.6167519337032
CA1120Nectar= 55.6445830501616
IPollenTrips= 13.7469542445615
INectarTrips= 7.97391410917044
IPollenLoad= 0.0364690460264683
INectarLoad= 2.54511314211413
