ICQueenStrength= 4.31165928044356
RQWkrDrnRatio= 4.89085198845714
ICDroneMiteSurvivorship= 67.8212785394862
ICWorkerMiteSurvivorship= 89.8490366525948
ICForagerLifespan= 9.21619983017445
ImmType= Logarithmic
RQQueenStrength= 1.58356469380669
RQEnableReQueen= true
AIAdultSlope= 2.13891633227468
AIAdultLD50= 4.05657523775566
AIAdultSlopeContact= 8.33667176170275
AIAdultLD50Contact= 8.6883335712899
AILarvaSlope= 4.80841785855591
AILarvaLD50= 50.8404584152969
AIKOW= 9799.8113699001
AIKOC= 5569.65907868417
AIHalfLife= 16.0201634845231
EAppRate= 1.25921378949261
FoliarEnabled= true
FoliarAppDate= 06/07/1989
FoliarForageBegin= 06/05/1989
FoliarForageEnd= 06/28/1989
AIContactFactor= 1.07936740215868
CL4Pollen= 1.65204653143883
CL4Nectar= 14.3584050238132
CL5Pollen= 4.26322722807527
CL5Nectar= 134.013899357524
CLDPollen= 3.17142309900373
CLDNectar= 29.6057599713095
CA13Pollen= 8.15657022902742
CA13Nectar= 89.8876685462892
CA410Pollen= 6.27856162341777
CA410Nectar= 109.236986888573
CA1120Pollen= 1.06102983048186
CA1120Nectar= 63.5837876051664
IPollenTrips= 6.0606176732108
INectarTrips= 9.397751938086
IPollenLoad= 8.19208302767947
INectarLoad= 8.53508176049218
ESoilP= 1.73961368040182
ESoilFoc= 0.00830301911942661
