ICQueenStrength= 2.16856148350053
RQWkrDrnRatio= 3.52222169749439
ICDroneMiteSurvivorship= 63.8446338707581
ICWorkerMiteSurvivorship= 34.0021746931598
ICForagerLifespan= 15.5835036924109
ImmType= Cosine
RQQueenStrength= 5.4755922886543
RQEnableReQueen= true
AIAdultSlope= 4.65618018060923
AIAdultLD50= 0.122497402731096
AIAdultSlopeContact= 4.65031256573275
AIAdultLD50Contact= 40.6853065994007
AILarvaSlope= 1.51152826100588
AILarvaLD50= 5.87474580139667
AIKOW= 26820.114029228
AIKOC= 11730.9401662005
AIHalfLife= 11.8729488087585
EAppRate= 3.96372608355898
FoliarEnabled= true
FoliarAppDate= 09/01/1989
FoliarForageBegin= 09/01/1989
FoliarForageEnd= 09/08/1989
AIContactFactor= 2.35911042912863
CL4Pollen= 1.64927971176803
CL4Nectar= 10.0064344704151
CL5Pollen= 0.345953678246588
CL5Nectar= 0.186923984438181
CLDPollen= 3.48254024656489
CLDNectar= 121.022054913919
CA13Pollen= 5.77991121057421
CA13Nectar= 80.4194510169327
CA410Pollen= 3.85799419104587
CA410Nectar= 87.8295400133356
CA1120Pollen= 2.02756004920229
CA1120Nectar= 40.0475188903511
IPollenTrips= 6.94867318496108
INectarTrips= 11.2121338048019
IPollenLoad= 7.06835261080414
INectarLoad= 0.866450271569192
