ICQueenStrength= 2.50995238451287
RQWkrDrnRatio= 3.42722284980118
ICDroneMiteSurvivorship= 3.02773518487811
ICWorkerMiteSurvivorship= 58.4540771786124
ICForagerLifespan= 6.67142945714295
ImmType= Polynomial
RQQueenStrength= 4.27224798616953
RQEnableReQueen= true
AIAdultSlope= 2.67309056036174
AIAdultLD50= 0.285209263786441
AIAdultSlopeContact= 7.4894779457245
AIAdultLD50Contact= 53.4715815680891
AILarvaSlope= 7.68244102410972
AILarvaLD50= 20.8075763943391
AIKOW= 11494.2370711219
AIKOC= 1730.54972732393
AIHalfLife= 32.8394167185063
EAppRate= 1.44042501392099
FoliarEnabled= true
FoliarAppDate= 06/07/1989
FoliarForageBegin= 06/05/1989
FoliarForageEnd= 06/28/1989
AIContactFactor= 0.591815482215025
CL4Pollen= 0.514587285928428
CL4Nectar= 93.7180923065171
CL5Pollen= 0.0930733806453645
CL5Nectar= 94.7322779567912
CLDPollen= 4.637003056705
CLDNectar= 25.5379636539146
CA13Pollen= 2.41136023011059
CA13Nectar= 21.7199394851923
CA410Pollen= 4.81409740946256
CA410Nectar= 88.9508309960365
CA1120Pollen= 1.17279370618053
CA1120Nectar= 86.0699004493654
IPollenTrips= 13.2293832488358
INectarTrips= 5.53996284259483
IPollenLoad= 6.03083379333839
INectarLoad= 2.60206660954282
