ICQueenStrength= 1.74150972533971
RQWkrDrnRatio= 1.80975293647498
ICDroneMiteSurvivorship= 25.9180719265714
ICWorkerMiteSurvivorship= 67.9199943318963
ICForagerLifespan= 6.99272439070046
ImmType= Logarithmic
RQQueenStrength= 3.22618428640999
RQEnableReQueen= true
AIAdultSlope= 1.30368546210229
AIAdultLD50= 0.831054033884546
AIAdultSlopeContact= 7.76524611189961
AIAdultLD50Contact= 57.0222761010856
AILarvaSlope= 6.98110359348357
AILarvaLD50= 46.2121531119419
AIKOW= 64627.9581105751
AIKOC= 78191.984597709
AIHalfLife= 25.7798248073552
EAppRate= 8.26022715342184
FoliarEnabled= true
FoliarAppDate= 09/01/1989
FoliarForageBegin= 09/01/1989
FoliarForageEnd= 09/08/1989
AIContactFactor= 0.315601809206419
CL4Pollen= 1.62946129497141
CL4Nectar= 54.1223814245313
CL5Pollen= 5.42348615080118
CL5Nectar= 88.1654868484475
CLDPollen= 2.33634818159044
CLDNectar= 89.3534945673309
CA13Pollen= 7.770979882963
CA13Nectar= 72.8169942833483
CA410Pollen= 4.93273101050872
CA410Nectar= 108.174650105648
CA1120Pollen= 2.56662406702526
CA1120Nectar= 82.3293312080204
IPollenTrips= 12.0684041525237
INectarTrips= 11.0319038061425
IPollenLoad= 5.20796005846933
INectarLoad= 1.31589589407668
