ICQueenStrength= 2.49561907397583
RQWkrDrnRatio= 1.99519288633019
ICDroneMiteSurvivorship= 5.15200479421765
ICWorkerMiteSurvivorship= 95.6784872803837
ICForagerLifespan= 13.2274638749659
ImmType= Sine
RQQueenStrength= 2.69701649225317
RQEnableReQueen= true
AIAdultSlope= 1.48308931477368
AIAdultLD50= 51.9058377130884
AIAdultSlopeContact= 4.2756053742487
AIAdultLD50Contact= 38.8846642128038
AILarvaSlope= 6.35773770138621
AILarvaLD50= 61.609454284858
AIKOW= 60745.9554121563
AIKOC= 63870.8196468647
AIHalfLife= 20.6931828418747
EAppRate= 3.85763511980581
FoliarEnabled= true
FoliarAppDate= 06/07/1989
FoliarForageBegin= 06/05/1989
FoliarForageEnd= 06/28/1989
AIContactFactor= 1.73962559776846
CL4Pollen= 2.43563495203853
CL4Nectar= 84.941733488813
CL5Pollen= 1.38268685387447
CL5Nectar= 144.618927058764
CLDPollen= 5.05435411585495
CLDNectar= 63.0015211645514
CA13Pollen= 5.61880535287782
CA13Nectar= 38.5227282904088
CA410Pollen= 8.99635520749725
CA410Nectar= 60.2933316631243
CA1120Pollen= 1.79953287891112
CA1120Nectar= 66.5606658533216
IPollenTrips= 10.4302893555723
INectarTrips= 9.63541605276987
IPollenLoad= 8.65729813231155
INectarLoad= 8.26650551287457
ESoilP= 1.66864426597022
ESoilFoc= 0.0128829948052298
