ICQueenStrength= 2.37444211635739
RQWkrDrnRatio= 4.37450233940035
ICDroneMiteSurvivorship= 57.3933681007475
ICWorkerMiteSurvivorship= 21.1208254564553
ICForagerLifespan= 11.7520436495543
ImmType= Cosine
RQQueenStrength= 4.78239772864617
RQEnableReQueen= true
AIAdultSlope= 1.13375263661146
AIAdultLD50= 67.9933896025633
AIAdultSlopeContact= 5.45116584817879
AIAdultLD50Contact= 18.9333103649844
AILarvaSlope= 4.67360279150307
AILarvaLD50= 20.6558976176491
AIKOW= 5857.62172328486
AIKOC= 95618.9027914251
AIHalfLife= 32.7159606403438
EAppRate= 4.79808933033212
FoliarEnabled= true
FoliarAppDate= 06/07/1989
FoliarForageBegin= 06/05/1989
FoliarForageEnd= 06/28/1989
AIContactFactor= 1.34227493416518
CL4Pollen= 2.14376747980714
CL4Nectar= 40.2993266936392
CL5Pollen= 2.40577548975125
CL5Nectar= 146.456726593897
CLDPollen= 0.951810473576188
CLDNectar= 40.0825524469838
CA13Pollen= 5.07819746043533
CA13Nectar= 71.9146636687219
CA410Pollen= 4.86974772689864
CA410Nectar= 120.299402284436
CA1120Pollen= 1.41514985309914
CA1120Nectar= 37.781870663166
IPollenTrips= 5.18733761040494
INectarTrips= 7.15775296092033
IPollenLoad= 7.37880793400109
INectarLoad= 4.85951019451022
