ICQueenStrength= 5.20887114014477
RQWkrDrnRatio= 3.39675132930279
ICDroneMiteSurvivorship= 72.7854664437473
ICWorkerMiteSurvivorship= 15.543299051933
ICForagerLifespan= 10.3551689954475
ImmType= Logarithmic
RQQueenStrength= 3.4621402064804
RQEnableReQueen= true
AIAdultSlope= 2.22330331243575
AIAdultLD50= 69.6926913927333
AIAdultSlopeContact= 1.99769774382003
AIAdultLD50Contact= 46.3748635270414
AILarvaSlope= 2.44756421633065
AILarvaLD50= 65.0670617989439
AIKOW= 12826.2080812972
AIKOC= 74931.8639233273
AIHalfLife= 10.9850762241054
EAppRate= 5.82248505401611
FoliarEnabled= true
FoliarAppDate= 06/07/1989
FoliarForageBegin= 06/05/1989
FoliarForageEnd= 06/28/1989
AIContactFactor= 2.39633714561816
CL4Pollen= 1.87166029121727
CL4Nectar= 90.379675803706
CL5Pollen= 5.95017922343686
CL5Nectar= 11.138560809195
CLDPollen= 5.21343115763739
CLDNectar= 108.831577375531
CA13Pollen= 4.7054317433387
CA13Nectar= 57.0887914672494
CA410Pollen= 2.29489510692656
CA410Nectar= 141.727335411124
CA1120Pollen= 1.49738856288604
CA1120Nectar= 52.3474771715701
IPollenTrips= 12.0986375911161
INectarTrips= 13.9462953177281
IPollenLoad= 3.44454726437107
INectarLoad= 6.01561622461304
ESoilP= 1.17265936522745
ESoilFoc= 0.0106375651969574
