ICQueenStrength= 3.11230604443699
RQWkrDrnRatio= 1.92179448530078
ICDroneMiteSurvivorship= 98.8650751532987
ICWorkerMiteSurvivorship= 18.3799799764529
ICForagerLifespan= 13.8805679148063
ImmType= Logarithmic
RQQueenStrength= 5.82608779449947
RQEnableReQueen= true
AIAdultSlope= 1.82082223333418
AIAdultLD50= 47.8669594785739
AIAdultSlopeContact= 4.71806013211608
AIAdultLD50Contact= 10.8821104565838
AILarvaSlope= 8.84961388260126
AILarvaLD50= 20.9132730688492
AIKOW= 79776.2754107882
AIKOC= 66156.0856503409
AIHalfLife= 18.5069093813188
EAppRate= 3.11386763283936
FoliarEnabled= true
FoliarAppDate= 06/07/1989
FoliarForageBegin= 06/05/1989
FoliarForageEnd= 06/28/1989
AIContactFactor= 1.46053678471595
CL4Pollen= 3.57698338199407
CL4Nectar= 0.501793180592358
CL5Pollen= 4.08938035927713
CL5Nectar= 99.3794173118658
CLDPollen= 0.44103658106178
CLDNectar= 98.9298004307784
CA13Pollen= 2.96808327855542
CA13Nectar= 62.8774269483984
CA410Pollen= 4.00395126107614
CA410Nectar= 154.609232572839
CA1120Pollen= 2.65274711628444
CA1120Nectar= 89.3432843871415
IPollenTrips= 8.88123535783961
INectarTrips= 9.75401487434283
IPollenLoad= 3.33945952821523
INectarLoad= 8.78690482815728
ESoilP= 1.86278298567049
ESoilFoc= 0.0177831995089073
