ICQueenStrength= 5.16711509111337
RQWkrDrnRatio= 1.88979771547019
ICDroneMiteSurvivorship= 96.5735346777365
ICWorkerMiteSurvivorship= 80.1266097463667
ICForagerLifespan= 7.81502606160939
ImmType= Cosine
AIAdultSlope= 1.5667505868338
AIAdultLD50= 0.163614751864225
AIAdultSlopeContact= 1.0554759030696
AIAdultLD50Contact= 0.0299500121967867
AILarvaSlope= 2.36033603758551
AILarvaLD50= 0.233780495147221
AIKOW= 2.81822665221989
AIKOC= 6.75659615197219
AIHalfLife= 1.42564160043839
EAppRate= 6.25011022435501
FoliarEnabled= true
