ICQueenStrength= 2.0717799316626
RQWkrDrnRatio= 1.62969136517495
ICDroneMiteSurvivorship= 50.3167652292177
ICWorkerMiteSurvivorship= 20.8405403187498
ICForagerLifespan= 6.6102600377053
ImmType= Cosine
RQQueenStrength= 1.98163182381541
RQEnableReQueen= true
AIAdultSlope= 5.52239625528455
AIAdultLD50= 5.98813887198176
AIAdultSlopeContact= 3.46590904775076
AIAdultLD50Contact= 87.5755379516441
AILarvaSlope= 6.53348006308079
AILarvaLD50= 34.2383005823307
AIKOW= 9501.75236647606
AIKOC= 71045.9376405797
AIHalfLife= 24.8892111176392
EAppRate= 6.04762905979599
FoliarEnabled= true
FoliarAppDate= 06/07/1989
FoliarForageBegin= 06/05/1989
FoliarForageEnd= 06/28/1989
AIContactFactor= 2.28041090586223
CL4Pollen= 2.33189003914595
CL4Nectar= 24.0621555130929
CL5Pollen= 1.66537006851286
CL5Nectar= 30.237885704264
CLDPollen= 3.4881413737312
CLDNectar= 23.4066731412895
CA13Pollen= 2.93184712510556
CA13Nectar= 86.6411555930972
CA410Pollen= 5.06894257771783
CA410Nectar= 29.0336939599365
CA1120Pollen= 2.75036865100265
CA1120Nectar= 37.9031585901976
IPollenTrips= 11.4437419059686
INectarTrips= 10.4847906599753
IPollenLoad= 1.36005192296579
INectarLoad= 3.13750069122761
