ICQueenStrength= 1.19454578286968
RQWkrDrnRatio= 1.13145610690117
ICDroneMiteSurvivorship= 73.9295481238514
ICWorkerMiteSurvivorship= 69.5525353541598
ICForagerLifespan= 8.67340343818069
ImmType= Tangent
RQQueenStrength= 5.26196896005422
RQEnableReQueen= true
AIAdultSlope= 2.53366214968264
AIAdultLD50= 0.230628611911787
AIAdultSlopeContact= 6.45097884279676
AIAdultLD50Contact= 88.854685912929
AILarvaSlope= 2.77349337004125
AILarvaLD50= 91.1108938716396
AIKOW= 13845.4678009948
AIKOC= 94815.4496441057
AIHalfLife= 34.6782142518088
EAppRate= 1.16099385169893
FoliarEnabled= true
FoliarAppDate= 09/01/1989
FoliarForageBegin= 09/01/1989
FoliarForageEnd= 09/08/1989
AIContactFactor= 1.77672409265302
CL4Pollen= 2.55629566218704
CL4Nectar= 59.8128951853141
CL5Pollen= 5.91460901079699
CL5Nectar= 72.8913673083298
CLDPollen= 4.18385999975726
CLDNectar= 38.9143618522212
CA13Pollen= 4.107570050098
CA13Nectar= 41.6608317568898
CA410Pollen= 7.11446007506456
CA410Nectar= 134.627182856202
CA1120Pollen= 0.254351843381301
CA1120Nectar= 73.409554194659
IPollenTrips= 8.05020234547555
INectarTrips= 6.58238527365029
IPollenLoad= 5.69473661016673
INectarLoad= 4.67755616176873
