ICQueenStrength= 2.25842152978294
RQWkrDrnRatio= 4.04540545586497
ICDroneMiteSurvivorship= 50.5466889590025
ICWorkerMiteSurvivorship= 5.0879857968539
ICForagerLifespan= 7.50630898959935
ImmType= Exponential
RQQueenStrength= 2.02798931882717
RQEnableReQueen= true
AIAdultSlope= 5.95805864967406
AIAdultLD50= 15.4036026969394
AIAdultSlopeContact= 3.85724084521644
AIAdultLD50Contact= 41.5218736840219
AILarvaSlope= 8.61901498399675
AILarvaLD50= 84.6062260363644
AIKOW= 92572.6887513898
AIKOC= 83996.8113551363
AIHalfLife= 10.881479916675
EAppRate= 1.64306160916388
FoliarEnabled= true
FoliarAppDate= 06/07/1989
FoliarForageBegin= 06/05/1989
FoliarForageEnd= 06/28/1989
AIContactFactor= 0.688120830352418
CL4Pollen= 1.0292471786961
CL4Nectar= 23.6806104425341
CL5Pollen= 1.0207115393132
CL5Nectar= 2.3527959943749
CLDPollen= 4.48389380984008
CLDNectar= 90.7448062556796
CA13Pollen= 7.26451902445406
CA13Nectar= 27.7141600847244
CA410Pollen= 4.22390185599215
CA410Nectar= 106.770714852028
CA1120Pollen= 1.30227228649892
CA1120Nectar= 99.5522942580283
IPollenTrips= 10.28007093817
INectarTrips= 13.1096587073989
IPollenLoad= 0.456830370239913
INectarLoad= 0.597053265664726
