ICQueenStrength= 5.55944959423505
RQWkrDrnRatio= 2.76919052749872
ICDroneMiteSurvivorship= 33.924017730169
ICWorkerMiteSurvivorship= 81.0659186681733
ICForagerLifespan= 9.3785951891914
ImmType= Sine
AIAdultSlope= 2.14707295183092
AIAdultLD50= 0.146277814451605
AIAdultSlopeContact= 2.47641193742864
AIAdultLD50Contact= 0.0154332721605897
AILarvaSlope= 0.737918980931863
AILarvaLD50= 0.848850746825337
AIKOW= 3.35622695740312
AIKOC= 15.7940524816513
AIHalfLife= 0.614893844071776
EAppRate= 4.09730212762952
FoliarEnabled= true
