ICQueenStrength= 2.76767358090729
RQWkrDrnRatio= 3.39525461848825
ICDroneMiteSurvivorship= 43.3924969518557
ICWorkerMiteSurvivorship= 28.8738180184737
ICForagerLifespan= 7.47103990241885
ImmType= Cosine
RQQueenStrength= 5.08266528975219
RQEnableReQueen= true
AIAdultSlope= 6.98919763788581
AIAdultLD50= 17.5989068894163
AIAdultSlopeContact= 9.41959622548893
AIAdultLD50Contact= 44.4495660943976
AILarvaSlope= 7.41304225847125
AILarvaLD50= 38.9273797570022
AIKOW= 11451.8981965082
AIKOC= 62209.2263348403
AIHalfLife= 8.62244632521178
EAppRate= 7.59636777812243
FoliarEnabled= true
FoliarAppDate= 06/07/1989
FoliarForageBegin= 06/05/1989
FoliarForageEnd= 06/28/1989
AIContactFactor= 1.81087574723177
CL4Pollen= 0.874049874953926
CL4Nectar= 47.0052988035604
CL5Pollen= 0.402464644052088
CL5Nectar= 144.634462636895
CLDPollen= 2.26034713536501
CLDNectar= 31.296879274305
CA13Pollen= 7.59843789907172
CA13Nectar= 52.5488281808794
CA410Pollen= 7.25574452313595
CA410Nectar= 115.054329689592
CA1120Pollen= 1.26267336378805
CA1120Nectar= 89.0316991508007
IPollenTrips= 6.55017600860447
INectarTrips= 13.3541836775839
IPollenLoad= 0.496614461299032
INectarLoad= 0.6012360798195
