ICQueenStrength= 2.46784937591292
RQWkrDrnRatio= 4.39193597063422
ICDroneMiteSurvivorship= 25.0152903841808
ICWorkerMiteSurvivorship= 53.8189332466573
ICForagerLifespan= 15.6305427122861
ImmType= Logarithmic
RQQueenStrength= 2.60218897624873
RQEnableReQueen= true
AIAdultSlope= 6.21139053627849
AIAdultLD50= 79.4543583964491
AIAdultSlopeContact= 9.91206009150483
AIAdultLD50Contact= 53.7616072324354
AILarvaSlope= 5.49885431490839
AILarvaLD50= 40.1057306362796
AIKOW= 33927.852794941
AIKOC= 21417.891096703
AIHalfLife= 6.23949767849408
EAppRate= 4.190693057111
FoliarEnabled= true
FoliarAppDate= 06/07/1989
FoliarForageBegin= 06/05/1989
FoliarForageEnd= 06/28/1989
AIContactFactor= 1.48295946040656
CL4Pollen= 3.62783892452717
CL4Nectar= 60.6453503714874
CL5Pollen= 1.38478988036513
CL5Nectar= 48.5411704983562
CLDPollen= 1.79215992148966
CLDNectar= 110.392542590853
CA13Pollen= 6.14016770273447
CA13Nectar= 59.6047008410096
CA410Pollen= 2.96559108260553
CA410Nectar= 36.1548612453043
CA1120Pollen= 1.97153388080187
CA1120Nectar= 70.1883966103196
IPollenTrips= 10.8409333904274
INectarTrips= 12.7573307673447
IPollenLoad= 3.64595316583291
INectarLoad= 6.25673209549859
