ICQueenStrength= 1.09967893827707
RQWkrDrnRatio= 3.2867245990783
ICDroneMiteSurvivorship= 77.4954818887636
ICWorkerMiteSurvivorship= 23.0233295820653
ICForagerLifespan= 8.34943666122854
ImmType= Logarithmic
RQQueenStrength= 3.46202486334369
RQEnableReQueen= true
AIAdultSlope= 6.11520924046636
AIAdultLD50= 7.73332402184303
AIAdultSlopeContact= 8.33477917825803
AIAdultLD50Contact= 91.6382082597846
AILarvaSlope= 6.15791417099535
AILarvaLD50= 83.6118894561722
AIKOW= 30849.928432082
AIKOC= 77340.7728681637
AIHalfLife= 13.7444873498986
EAppRate= 3.56381381800771
FoliarEnabled= true
FoliarAppDate= 06/07/1989
FoliarForageBegin= 06/05/1989
FoliarForageEnd= 06/28/1989
AIContactFactor= 1.51091068558395
CL4Pollen= 0.905814805068076
CL4Nectar= 50.8512303233147
CL5Pollen= 2.14754825318232
CL5Nectar= 99.8443219112232
CLDPollen= 2.06289345910773
CLDNectar= 9.09014493227005
CA13Pollen= 2.56919033527374
CA13Nectar= 50.0090994685888
CA410Pollen= 2.40727852785494
CA410Nectar= 155.157106202096
CA1120Pollen= 0.512354284990579
CA1120Nectar= 47.4165179952979
IPollenTrips= 11.1409672000445
INectarTrips= 12.9641587194055
IPollenLoad= 7.98537859460339
INectarLoad= 9.35083915479481
ESoilP= 1.53239039378241
ESoilFoc= 0.0169630480450578
