ICQueenStrength= 1.59299036953598
RQWkrDrnRatio= 1.19404422678053
ICDroneMiteSurvivorship= 65.0953635573387
ICWorkerMiteSurvivorship= 7.45030308607966
ICForagerLifespan= 12.6955298483372
ImmType= Sine
RQQueenStrength= 3.60799196455628
RQEnableReQueen=true
AIAdultSlope= 4.42132967151701
AIAdultLD50= 0.895021112221759
AIAdultSlopeContact= 4.30440985993482
AIAdultLD50Contact= 46.7475353504561
AILarvaSlope= 6.26749313250184
AILarvaLD50= 30.9125565255005
AIKOW= 2521.68713291659
AIKOC= 19358.5325403349
AIHalfLife= 15.3351385575952
EAppRate= 3.24266626103688
FoliarEnabled=true
FoliarAppDate= 07/01/1989
FoliarForageBegin= 07/01/1989
FoliarForageEnd= 07/14/1989
AIContactFactor= 1.73336962659843
CL4Pollen= 0.504412643611431
CL4Nectar= 32.8648433089256
CL5Pollen= 4.46053667971864
CL5Nectar= 95.7037097658031
CLDPollen= 3.95821963157505
CLDNectar= 96.8715330236591
CA13Pollen= 3.73057915810496
CA13Nectar= 81.4699721895158
CA410Pollen= 8.7194959746208
CA410Nectar= 65.1342483330518
CA1120Pollen= 0.167410218855366
CA1120Nectar= 54.0079494006932
IPollenTrips= 8.39967247098684
INectarTrips= 13.185242889449
IPollenLoad= 9.35601504752412
INectarLoad= 5.30172779457644
