ICQueenStrength= 3.85611702478491
RQWkrDrnRatio= 4.32306438684464
ICDroneMiteSurvivorship= 84.033246897161
ICWorkerMiteSurvivorship= 65.4253713786602
ICForagerLifespan= 12.7397054508328
ImmType= Exponential
RQQueenStrength= 5.61694849887863
RQEnableReQueen= true
AIAdultSlope= 8.22036683745682
AIAdultLD50= 38.5390696472619
AIAdultSlopeContact= 4.48895399994217
AIAdultLD50Contact= 8.65131235576561
AILarvaSlope= 6.56530520878732
AILarvaLD50= 20.2650677467487
AIKOW= 90759.3120282622
AIKOC= 10542.2884733127
AIHalfLife= 30.0008233009838
EAppRate= 7.80145518068364
FoliarEnabled= true
FoliarAppDate= 06/07/1989
FoliarForageBegin= 06/05/1989
FoliarForageEnd= 06/28/1989
AIContactFactor= 1.30614482480567
CL4Pollen= 2.34093756042421
CL4Nectar= 3.19143689703196
CL5Pollen= 0.0160544360987842
CL5Nectar= 104.960032564122
CLDPollen= 4.49736226536334
CLDNectar= 112.956557655707
CA13Pollen= 2.37148057371378
CA13Nectar= 70.6570667587221
CA410Pollen= 6.01067365575582
CA410Nectar= 75.3373021492735
CA1120Pollen= 0.159001551568508
CA1120Nectar= 51.9258813560009
IPollenTrips= 10.3638226725161
INectarTrips= 5.56487993570045
IPollenLoad= 3.95439051091671
INectarLoad= 9.2271106922999
