ICQueenStrength= 1.43587908498012
RQWkrDrnRatio= 1.59842135570943
ICDroneMiteSurvivorship= 72.5973228225484
ICWorkerMiteSurvivorship= 94.5571910357103
ICForagerLifespan= 10.800968545489
ImmType= Tangent
RQQueenStrength= 3.56142164114863
RQEnableReQueen= true
AIAdultSlope= 4.3809868004173
AIAdultLD50= 11.5920471797306
AIAdultSlopeContact= 1.25920208892785
AIAdultLD50Contact= 57.648565643105
AILarvaSlope= 7.24744344875216
AILarvaLD50= 80.6853050524665
AIKOW= 76786.4011624283
AIKOC= 51195.4506999797
AIHalfLife= 17.3326131515903
EAppRate= 9.18524174741516
FoliarEnabled= true
FoliarAppDate= 06/07/1989
FoliarForageBegin= 06/05/1989
FoliarForageEnd= 06/28/1989
AIContactFactor= 2.33826870729215
CL4Pollen= 0.982400483451784
CL4Nectar= 61.6773873334751
CL5Pollen= 5.73757645580918
CL5Nectar= 11.8691485840827
CLDPollen= 1.19980483828112
CLDNectar= 3.35232275538146
CA13Pollen= 3.46098538050428
CA13Nectar= 89.6302597783506
CA410Pollen= 3.77087779729627
CA410Nectar= 52.7958552725613
CA1120Pollen= 1.04320041462779
CA1120Nectar= 43.8005683384836
IPollenTrips= 11.9598492933437
INectarTrips= 13.2881060335785
IPollenLoad= 6.71573400497437
INectarLoad= 1.69483123347163
ESoilP= 1.65411709505133
ESoilFoc= 0.00746176910307258
