ICQueenStrength= 2.33521161857061
RQWkrDrnRatio= 1.23222944233567
ICDroneMiteSurvivorship= 23.5439032549039
ICWorkerMiteSurvivorship= 19.8659149231389
ICForagerLifespan= 4.42910342197865
ImmType= Sine
RQQueenStrength= 4.5446033347398
RQEnableReQueen= true
AIAdultSlope= 6.27832148224115
AIAdultLD50= 95.7822293633784
AIAdultSlopeContact= 1.54917437280528
AIAdultLD50Contact= 71.6430197319035
AILarvaSlope= 7.09454864263535
AILarvaLD50= 90.7121176169021
AIKOW= 4878.0660039195
AIKOC= 248.032635361655
AIHalfLife= 5.45113663191441
EAppRate= 2.95031863448746
FoliarEnabled= true
FoliarAppDate= 06/07/1989
FoliarForageBegin= 06/05/1989
FoliarForageEnd= 06/28/1989
AIContactFactor= 2.35346924801823
CL4Pollen= 1.78166382107884
CL4Nectar= 73.8539075711742
CL5Pollen= 5.31647070217878
CL5Nectar= 21.6377550386824
CLDPollen= 4.10245295148343
CLDNectar= 55.5506004835479
CA13Pollen= 3.46154188299552
CA13Nectar= 75.9638104960322
CA410Pollen= 6.39828943056054
CA410Nectar= 77.4483248637989
CA1120Pollen= 0.205416843993589
CA1120Nectar= 61.9663315080106
IPollenTrips= 10.2514687366784
INectarTrips= 7.37206640187651
IPollenLoad= 8.87177464552224
INectarLoad= 8.12582775019109
