ICQueenStrength= 1.62402393948287
RQWkrDrnRatio= 3.66860431898385
ICDroneMiteSurvivorship= 48.779684654437
ICWorkerMiteSurvivorship= 26.2737917015329
ICForagerLifespan= 11.2619860386476
ImmType= Exponential
RQQueenStrength= 4.74384515173733
RQEnableReQueen=true
AIAdultSlope= 1.51662957668304
AIAdultLD50= 0.964232115463819
AIAdultSlopeContact= 1.18707806896418
AIAdultLD50Contact= 30.0521780425031
AILarvaSlope= 4.45629239827394
AILarvaLD50= 11.9607145656669
AIKOW= 31660.5996926203
AIKOC= 68055.6345995904
AIHalfLife= 19.986462837155
EAppRate= 2.15294617251912
FoliarEnabled=true
FoliarAppDate= 07/01/1989
FoliarForageBegin= 07/01/1989
FoliarForageEnd= 07/14/1989
AIContactFactor= 0.497045492879115
CL4Pollen= 0.396261991001666
CL4Nectar= 80.0395663361996
CL5Pollen= 3.89679473591968
CL5Nectar= 72.1588659100235
CLDPollen= 1.84021504316479
CLDNectar= 108.133961702697
CA13Pollen= 4.70868613738567
CA13Nectar= 35.418563503772
CA410Pollen= 8.66562836985104
CA410Nectar= 84.3403651565313
CA1120Pollen= 2.12904938799329
CA1120Nectar= 70.1366194151342
IPollenTrips= 7.43273457046598
INectarTrips= 14.1076190560125
IPollenLoad= 2.01911781448871
INectarLoad= 0.2006097859703
