ICQueenStrength= 4.61998790293001
RQWkrDrnRatio= 2.75136874709278
ICDroneMiteSurvivorship= 97.0928941154853
ICWorkerMiteSurvivorship= 8.0402743536979
ICForagerLifespan= 11.2121518440545
ImmType= Sine
RQQueenStrength= 3.79498431948014
RQEnableReQueen= true
AIAdultSlope= 8.1239355020225
AIAdultLD50= 32.8387480654409
AIAdultSlopeContact= 7.68240786343813
AIAdultLD50Contact= 3.22454651250574
AILarvaSlope= 3.61981488950551
AILarvaLD50= 22.5524530001169
AIKOW= 26318.8528236502
AIKOC= 52964.1210091817
AIHalfLife= 18.4515722919023
EAppRate= 6.04897035379522
FoliarEnabled= true
FoliarAppDate= 06/07/1989
FoliarForageBegin= 06/05/1989
FoliarForageEnd= 06/28/1989
AIContactFactor= 1.76134568692651
CL4Pollen= 1.43483334314078
CL4Nectar= 95.2951319282874
CL5Pollen= 2.09755240380764
CL5Nectar= 61.7767981253564
CLDPollen= 5.41472601704299
CLDNectar= 72.1000364399515
CA13Pollen= 4.92719826549292
CA13Nectar= 87.0402259193361
CA410Pollen= 5.72418100268114
CA410Nectar= 111.491202558391
CA1120Pollen= 2.94671745412052
CA1120Nectar= 21.829189658165
IPollenTrips= 11.2392777856439
INectarTrips= 5.4754696553573
IPollenLoad= 3.14405848039314
INectarLoad= 0.000141838099807501
