ICQueenStrength= 4.06306738057174
RQWkrDrnRatio= 2.87049854546785
ICDroneMiteSurvivorship= 56.5589346690103
ICWorkerMiteSurvivorship= 32.5877872062847
ICForagerLifespan= 14.2725603599101
ImmType= Exponential
RQQueenStrength= 3.55706170923077
RQEnableReQueen= true
AIAdultSlope= 3.28473409824073
AIAdultLD50= 80.0785711797441
AIAdultSlopeContact= 4.24701552814804
AIAdultLD50Contact= 10.0790052013332
AILarvaSlope= 2.64205157384276
AILarvaLD50= 7.64765894098929
AIKOW= 50.7766911454569
AIKOC= 39429.2647296763
AIHalfLife= 33.3262193414615
EAppRate= 8.8022187781909
FoliarEnabled= true
FoliarAppDate= 06/07/1989
FoliarForageBegin= 06/05/1989
FoliarForageEnd= 06/28/1989
AIContactFactor= 0.3554221656546
CL4Pollen= 2.62083951476961
CL4Nectar= 17.3686682246625
CL5Pollen= 1.99296316271648
CL5Nectar= 29.0042440756224
CLDPollen= 4.30065771611407
CLDNectar= 128.437097906135
CA13Pollen= 4.24643962392583
CA13Nectar= 88.8926096819341
CA410Pollen= 4.93035403252579
CA410Nectar= 195.570066063665
CA1120Pollen= 2.14962284406647
CA1120Nectar= 39.4930021837354
IPollenTrips= 14.8006386961788
INectarTrips= 11.1164790368639
IPollenLoad= 0.71840884629637
INectarLoad= 8.13611111836508
ESoilP= 1.19032636098564
ESoilFoc= 0.00825925811007619
