ICQueenStrength= 5.46203557658009
RQWkrDrnRatio= 4.04592591524124
ICDroneMiteSurvivorship= 35.4124808683991
ICWorkerMiteSurvivorship= 28.5910741426051
ICForagerLifespan= 8.07866198662668
ImmType= Cosine
RQQueenStrength= 4.84082535863854
RQEnableReQueen= true
AIAdultSlope= 8.67168193310499
AIAdultLD50= 21.3833992581482
AIAdultSlopeContact= 3.31664129765704
AIAdultLD50Contact= 8.50156628692127
AILarvaSlope= 1.91976048983634
AILarvaLD50= 18.2113434027836
AIKOW= 11329.4658678836
AIKOC= 40732.5283959457
AIHalfLife= 18.1345949308714
EAppRate= 4.98284140339028
FoliarEnabled= true
FoliarAppDate= 06/07/1989
FoliarForageBegin= 06/05/1989
FoliarForageEnd= 06/28/1989
AIContactFactor= 1.49078892800957
CL4Pollen= 1.61575454566628
CL4Nectar= 40.7886336557567
CL5Pollen= 1.37550692679361
CL5Nectar= 68.7854833086021
CLDPollen= 4.35002069408074
CLDNectar= 50.499359308742
CA13Pollen= 7.52896995404735
CA13Nectar= 54.8239832744002
CA410Pollen= 6.82570154932328
CA410Nectar= 169.501711516641
CA1120Pollen= 2.39892135048285
CA1120Nectar= 48.3598809503019
IPollenTrips= 13.0669171898626
INectarTrips= 9.35652132844552
IPollenLoad= 0.9246800490655
INectarLoad= 5.87089479668066
