ICQueenStrength= 2.19638255098835
RQWkrDrnRatio= 4.34039800893515
ICDroneMiteSurvivorship= 95.2276367228478
ICWorkerMiteSurvivorship= 60.0199779495597
ICForagerLifespan= 12.2694499772042
ImmType= Tangent
AIAdultSlope= 2.02617201198125
AIAdultLD50= 0.0284069811459631
AIAdultSlopeContact= 2.08402195182396
AIAdultLD50Contact= 0.0183795466437005
AILarvaSlope= 1.20134707810357
AILarvaLD50= 0.39738510127645
AIKOW= 5.17368306871504
AIKOC= 16.6290172445588
AIHalfLife= 0.188418308342807
EAppRate= 1.82531701400876
FoliarEnabled= true
