ICQueenStrength= 3.985307126306
RQWkrDrnRatio= 4.56508687045425
ICDroneMiteSurvivorship= 5.04446993581951
ICWorkerMiteSurvivorship= 47.4943123292178
ICForagerLifespan= 10.4851327203214
ImmType= Polynomial
RQQueenStrength= 4.42713964078575
RQEnableReQueen=true
AIAdultSlope= 7.6232558619231
AIAdultLD50= 0.752613490342395
AIAdultSlopeContact= 5.01127429516055
AIAdultLD50Contact= 42.0084235128369
AILarvaSlope= 1.26507692970335
AILarvaLD50= 23.3775687034416
AIKOW= 52323.2826676677
AIKOC= 1571.71159635112
AIHalfLife= 32.5752666017972
EAppRate= 4.91343931752863
FoliarEnabled=true
FoliarAppDate= 07/01/1989
FoliarForageBegin= 07/01/1989
FoliarForageEnd= 07/14/1989
AIContactFactor= 1.58237627414986
CL4Pollen= 2.31421400792897
CL4Nectar= 54.5855319825932
CL5Pollen= 5.28996118716896
CL5Nectar= 99.0814746008255
CLDPollen= 3.06023226957768
CLDNectar= 48.1162009527907
CA13Pollen= 3.9864947328344
CA13Nectar= 45.0252123549581
CA410Pollen= 3.78910644401331
CA410Nectar= 134.433197998442
CA1120Pollen= 1.42171243205667
CA1120Nectar= 99.9581663496792
IPollenTrips= 9.11953490227461
INectarTrips= 6.77976881386712
IPollenLoad= 0.91165624326095
INectarLoad= 8.493513003923
