ICQueenStrength= 1.61321766022593
RQWkrDrnRatio= 2.98639439418912
ICDroneMiteSurvivorship= 35.6846065958962
ICWorkerMiteSurvivorship= 11.4971374627203
ICForagerLifespan= 5.74890768900514
ImmType= Sine
RQQueenStrength= 3.028290043585
RQEnableReQueen=true
AIAdultSlope= 2.43427832983434
AIAdultLD50= 0.403309736516792
AIAdultSlopeContact= 2.23716700333171
AIAdultLD50Contact= 52.3376289530937
AILarvaSlope= 3.33822299912572
AILarvaLD50= 99.308536550595
AIKOW= 688.956993113377
AIKOC= 1677.87178547145
AIHalfLife= 14.0253735538572
EAppRate= 9.57332691015303
FoliarEnabled=true
FoliarAppDate= 07/01/1989
FoliarForageBegin= 07/01/1989
FoliarForageEnd= 07/14/1989
AIContactFactor= 2.35813695340417
CL4Pollen= 1.08237329404801
CL4Nectar= 86.1218697857112
CL5Pollen= 1.47940204432234
CL5Nectar= 13.1704758270644
CLDPollen= 5.74796995008364
CLDNectar= 53.845731751062
CA13Pollen= 2.34613694790751
CA13Nectar= 70.3127235546708
CA410Pollen= 4.91523361690342
CA410Nectar= 41.7509389854968
CA1120Pollen= 0.0685634007677436
CA1120Nectar= 22.0348010770977
IPollenTrips= 9.57117723533884
INectarTrips= 5.50342119298875
IPollenLoad= 4.10086893942207
INectarLoad= 8.92218847293407
