ICQueenStrength= 2.74297645920888
RQWkrDrnRatio= 4.97516549285501
ICDroneMiteSurvivorship= 10.3959475643933
ICWorkerMiteSurvivorship= 12.3565602814779
ICForagerLifespan= 12.7337060142308
ImmType= Tangent
RQQueenStrength= 1.73709751712158
RQEnableReQueen= true
AIAdultSlope= 5.05312960967422
AIAdultLD50= 8.89748061600653
AIAdultSlopeContact= 4.96168679674156
AIAdultLD50Contact= 72.1059507579247
AILarvaSlope= 6.84996669180691
AILarvaLD50= 33.9516335595646
AIKOW= 86262.3195863071
AIKOC= 25049.3246687541
AIHalfLife= 4.6213329783408
EAppRate= 1.9281172016596
FoliarEnabled= true
FoliarAppDate= 06/07/1989
FoliarForageBegin= 06/05/1989
FoliarForageEnd= 06/28/1989
AIContactFactor= 1.0819154057093
CL4Pollen= 3.1314402166754
CL4Nectar= 93.5278030112386
CL5Pollen= 5.11921559879556
CL5Nectar= 95.4734770813957
CLDPollen= 4.56349466415122
CLDNectar= 41.8425709591247
CA13Pollen= 5.94080254184082
CA13Nectar= 34.6538436412811
CA410Pollen= 3.38710978915915
CA410Nectar= 34.245665371418
CA1120Pollen= 1.47244817717001
CA1120Nectar= 86.2459142506123
IPollenTrips= 8.33335191709921
INectarTrips= 14.8188215470873
IPollenLoad= 7.51564390491694
INectarLoad= 3.60880677122623
