ICQueenStrength= 1.08107990608551
RQWkrDrnRatio= 1.4043382210657
ICDroneMiteSurvivorship= 60.9333045314997
ICWorkerMiteSurvivorship= 67.1100939624012
ICForagerLifespan= 6.20221753325313
ImmType= Logarithmic
RQQueenStrength= 3.29530554730445
RQEnableReQueen= true
AIAdultSlope= 4.07326830737293
AIAdultLD50= 43.1733427128645
AIAdultSlopeContact= 5.740687020123
AIAdultLD50Contact= 74.8019922890265
AILarvaSlope= 2.67821509391069
AILarvaLD50= 19.9678866396353
AIKOW= 8669.89466035401
AIKOC= 39815.8991507483
AIHalfLife= 21.1105923279189
EAppRate= 6.44486297909892
FoliarEnabled= true
FoliarAppDate= 06/07/1989
FoliarForageBegin= 06/05/1989
FoliarForageEnd= 06/28/1989
AIContactFactor= 1.19602932221722
CL4Pollen= 3.32204736489803
CL4Nectar= 21.8797083478421
CL5Pollen= 3.62462501786649
CL5Nectar= 105.316267011221
CLDPollen= 3.98789700167254
CLDNectar= 18.1876761373132
CA13Pollen= 5.54312012139708
CA13Nectar= 83.0719952471554
CA410Pollen= 7.08345309151337
CA410Nectar= 95.7439922401682
CA1120Pollen= 0.536596864694729
CA1120Nectar= 74.1415374912322
IPollenTrips= 11.1512227449566
INectarTrips= 14.661540130619
IPollenLoad= 7.03816851833835
INectarLoad= 9.07781787915155
ESoilP= 1.33989995834418
ESoilFoc= 0.00505408135149628
