ICQueenStrength= 5.35488966526464
RQWkrDrnRatio= 4.75138263497502
ICDroneMiteSurvivorship= 41.6325585683808
ICWorkerMiteSurvivorship= 73.5353378113359
ICForagerLifespan= 6.89520687609911
ImmType= Logarithmic
RQQueenStrength= 3.24879465298727
RQEnableReQueen= true
AIAdultSlope= 7.68500408530235
AIAdultLD50= 0.71944671295723
AIAdultSlopeContact= 4.11470274208114
AIAdultLD50Contact= 16.1726239589951
AILarvaSlope= 8.46382933855057
AILarvaLD50= 49.0937945728048
AIKOW= 80022.4668067615
AIKOC= 13644.7839358305
AIHalfLife= 4.9521537593333
EAppRate= 3.72623522089282
FoliarEnabled= true
FoliarAppDate= 09/01/1989
FoliarForageBegin= 09/01/1989
FoliarForageEnd= 09/08/1989
AIContactFactor= 0.391029810588807
CL4Pollen= 0.994705285876989
CL4Nectar= 28.5047458019108
CL5Pollen= 0.139407555107027
CL5Nectar= 34.1171095962636
CLDPollen= 1.12531010387465
CLDNectar= 124.368391314056
CA13Pollen= 4.92479968331754
CA13Nectar= 84.1734273359179
CA410Pollen= 3.59833148240577
CA410Nectar= 136.754211359657
CA1120Pollen= 0.500985209131613
CA1120Nectar= 98.7407824210823
IPollenTrips= 8.14000947400928
INectarTrips= 10.1664928277023
IPollenLoad= 4.30100122932345
INectarLoad= 0.52027972182259
