ICQueenStrength= 4.32831389270723
RQWkrDrnRatio= 2.55796722508967
ICDroneMiteSurvivorship= 5.63021705020219
ICWorkerMiteSurvivorship= 18.3467238210142
ICForagerLifespan= 13.3788593076169
ImmType= Cosine
RQQueenStrength= 1.49576733727008
RQEnableReQueen= true
AIAdultSlope= 8.72689288854599
AIAdultLD50= 60.752363919744
AIAdultSlopeContact= 7.69820504146628
AIAdultLD50Contact= 51.2963966058465
AILarvaSlope= 6.70437182113528
AILarvaLD50= 28.2541753702143
AIKOW= 95124.4768672673
AIKOC= 70843.8707652357
AIHalfLife= 13.1900028650416
EAppRate= 2.71405997229135
FoliarEnabled= true
FoliarAppDate= 06/07/1989
FoliarForageBegin= 06/05/1989
FoliarForageEnd= 06/28/1989
AIContactFactor= 1.19085593172815
CL4Pollen= 0.121811435557902
CL4Nectar= 46.6743978438899
CL5Pollen= 5.58753142179921
CL5Nectar= 22.5262188934721
CLDPollen= 1.66510805021971
CLDNectar= 134.727643977385
CA13Pollen= 5.79020892344415
CA13Nectar= 86.1265600845218
CA410Pollen= 6.59164127779659
CA410Nectar= 194.083071178757
CA1120Pollen= 2.08321410370991
CA1120Nectar= 33.1036314181983
IPollenTrips= 8.9593714941293
INectarTrips= 7.13697149418294
IPollenLoad= 9.34016028186306
INectarLoad= 7.60807397775352
