ICQueenStrength= 2.48274231236428
RQWkrDrnRatio= 4.73006077297032
ICDroneMiteSurvivorship= 67.1537552727386
ICWorkerMiteSurvivorship= 35.8137693023309
ICForagerLifespan= 7.5336845535785
ImmType= Exponential
RQQueenStrength= 2.26496594399214
RQEnableReQueen= true
AIAdultSlope= 8.0335581060499
AIAdultLD50= 33.0268647761596
AIAdultSlopeContact= 3.05116285849363
AIAdultLD50Contact= 17.3976140285239
AILarvaSlope= 6.02250388450921
AILarvaLD50= 95.9448602676082
AIKOW= 47078.0305866653
AIKOC= 24360.3746242961
AIHalfLife= 0.387121666641906
EAppRate= 6.67503388479655
FoliarEnabled= true
FoliarAppDate= 06/07/1989
FoliarForageBegin= 06/05/1989
FoliarForageEnd= 06/28/1989
AIContactFactor= 1.13525368804112
CL4Pollen= 0.150250154547393
CL4Nectar= 94.3042661994696
CL5Pollen= 2.39200669666752
CL5Nectar= 103.31032932736
CLDPollen= 0.982022435870022
CLDNectar= 101.160650805105
CA13Pollen= 2.99426600970328
CA13Nectar= 86.0583342425525
CA410Pollen= 6.66374232233502
CA410Nectar= 114.454371333122
CA1120Pollen= 0.683125481475145
CA1120Nectar= 25.5616594292223
IPollenTrips= 6.41746026929468
INectarTrips= 10.6297580664977
IPollenLoad= 8.25422033434734
INectarLoad= 4.84663472045213
