ICQueenStrength= 5.61907915421762
RQWkrDrnRatio= 4.6653758501634
ICDroneMiteSurvivorship= 90.0858698645607
ICWorkerMiteSurvivorship= 49.8932827962562
ICForagerLifespan= 7.04316591285169
ImmType= Polynomial
RQQueenStrength= 3.48756852815859
RQEnableReQueen= true
AIAdultSlope= 4.56000070273876
AIAdultLD50= 19.7366002530891
AIAdultSlopeContact= 8.08531615464017
AIAdultLD50Contact= 81.0402905385625
AILarvaSlope= 2.06744145788252
AILarvaLD50= 15.609341181685
AIKOW= 8552.54225348773
AIKOC= 72609.6531884284
AIHalfLife= 25.5584974711062
EAppRate= 1.05538667095336
FoliarEnabled= true
FoliarAppDate= 06/07/1989
FoliarForageBegin= 06/05/1989
FoliarForageEnd= 06/28/1989
AIContactFactor= 1.21107630494051
CL4Pollen= 2.6364418650046
CL4Nectar= 13.0295154871419
CL5Pollen= 0.617827227339149
CL5Nectar= 60.6306653469801
CLDPollen= 3.13890305813402
CLDNectar= 67.411382496357
CA13Pollen= 5.07361100316048
CA13Nectar= 66.2372571974993
CA410Pollen= 9.44368980342988
CA410Nectar= 131.526163918898
CA1120Pollen= 2.17517203185707
CA1120Nectar= 29.2047382704914
IPollenTrips= 13.2046473026276
INectarTrips= 8.33622945705429
IPollenLoad= 7.5007897336036
INectarLoad= 5.87096028029919
