ICQueenStrength= 5.10493338480592
RQWkrDrnRatio= 1.40056178811938
ICDroneMiteSurvivorship= 13.0646197823808
ICWorkerMiteSurvivorship= 3.10291424393654
ICForagerLifespan= 6.7609596606344
ImmType= Tangent
RQQueenStrength= 3.5278626231011
RQEnableReQueen= true
AIAdultSlope= 4.43589036539197
AIAdultLD50= 58.8667353563781
AIAdultSlopeContact= 8.11371410544962
AIAdultLD50Contact= 34.2514471400254
AILarvaSlope= 1.02955193072557
AILarvaLD50= 18.3917320760593
AIKOW= 6944.66381495971
AIKOC= 522.243413105141
AIHalfLife= 25.2376874189591
EAppRate= 8.36457145667146
FoliarEnabled= true
FoliarAppDate= 06/07/1989
FoliarForageBegin= 06/05/1989
FoliarForageEnd= 06/28/1989
AIContactFactor= 1.32776570390444
CL4Pollen= 2.65064578223974
CL4Nectar= 49.9062732327729
CL5Pollen= 5.75601135240868
CL5Nectar= 27.0096408203244
CLDPollen= 3.38549791043624
CLDNectar= 22.089373099152
CA13Pollen= 6.54978626202792
CA13Nectar= 74.6145016886294
CA410Pollen= 2.40286013989244
CA410Nectar= 158.715354939923
CA1120Pollen= 0.435589688597247
CA1120Nectar= 28.4025988727808
IPollenTrips= 8.76558830263093
INectarTrips= 8.64090232411399
IPollenLoad= 6.26064019510522
INectarLoad= 8.7193674989976
ESoilP= 1.11083150631748
ESoilFoc= 0.00660128902480938
