ICQueenStrength= 1.90452926116996
RQWkrDrnRatio= 4.4578434471041
ICDroneMiteSurvivorship= 90.5133521882817
ICWorkerMiteSurvivorship= 53.3608232857659
ICForagerLifespan= 14.2423984780908
ImmType= Tangent
RQQueenStrength= 3.21082407748327
RQEnableReQueen= true
AIAdultSlope= 3.36210074461997
AIAdultLD50= 37.0174182365509
AIAdultSlopeContact= 5.5301769154612
AIAdultLD50Contact= 20.2298773301165
AILarvaSlope= 5.38396406359971
AILarvaLD50= 47.8682914195175
AIKOW= 42506.0107124697
AIKOC= 52677.0088419595
AIHalfLife= 29.0110617916565
EAppRate= 4.98241250238987
FoliarEnabled= true
FoliarAppDate= 06/07/1989
FoliarForageBegin= 06/05/1989
FoliarForageEnd= 06/28/1989
AIContactFactor= 0.406928181480616
CL4Pollen= 2.89688740950078
CL4Nectar= 75.7510067196563
CL5Pollen= 4.00225774990395
CL5Nectar= 118.951999617275
CLDPollen= 4.25097573548555
CLDNectar= 47.6117130252533
CA13Pollen= 6.54495219355449
CA13Nectar= 90.7924386113882
CA410Pollen= 6.77710008227732
CA410Nectar= 36.0128101566806
CA1120Pollen= 2.3729434479028
CA1120Nectar= 20.8974929898977
IPollenTrips= 11.8805948551744
INectarTrips= 12.3137650243007
IPollenLoad= 1.56321072019637
INectarLoad= 8.17126219626516
