ICQueenStrength= 2.65511958184652
RQWkrDrnRatio= 3.15903270617127
ICDroneMiteSurvivorship= 20.2631214633584
ICWorkerMiteSurvivorship= 13.9270548475906
ICForagerLifespan= 9.43138106260449
ImmType= Exponential
RQQueenStrength= 4.80860646255314
RQEnableReQueen= true
AIAdultSlope= 6.32078225165606
AIAdultLD50= 85.0894730325465
AIAdultSlopeContact= 1.77902589086443
AIAdultLD50Contact= 95.5634712822183
AILarvaSlope= 4.63295754976571
AILarvaLD50= 16.1927990214594
AIKOW= 3256.42171107573
AIKOC= 74810.3559477704
AIHalfLife= 30.8386840485968
EAppRate= 1.7116435216784
FoliarEnabled= true
FoliarAppDate= 06/07/1989
FoliarForageBegin= 06/05/1989
FoliarForageEnd= 06/28/1989
AIContactFactor= 1.47296568146907
CL4Pollen= 3.63053516484797
CL4Nectar= 53.5192585550249
CL5Pollen= 5.20220491150394
CL5Nectar= 140.408315893728
CLDPollen= 2.04036204284057
CLDNectar= 79.9452190753073
CA13Pollen= 3.32919004634023
CA13Nectar= 45.4721527174115
CA410Pollen= 7.50541905777063
CA410Nectar= 42.7381378319114
CA1120Pollen= 1.34381146682426
CA1120Nectar= 68.1271877512336
IPollenTrips= 5.24871848057956
INectarTrips= 6.28627761965618
IPollenLoad= 5.31847487669438
INectarLoad= 4.49853484984487
ESoilP= 1.85043558827601
ESoilFoc= 0.00753503533313051
