ICQueenStrength= 1.72100169141777
RQWkrDrnRatio= 4.09334527980536
ICDroneMiteSurvivorship= 86.58339579124
ICWorkerMiteSurvivorship= 73.0946900788695
ICForagerLifespan= 10.8784164031968
ImmType= Cosine
RQQueenStrength= 3.29189418023452
RQEnableReQueen= true
AIAdultSlope= 5.86735974997282
AIAdultLD50= 0.272390733052045
AIAdultSlopeContact= 2.24031583918259
AIAdultLD50Contact= 93.5240470205536
AILarvaSlope= 1.07698747143149
AILarvaLD50= 45.7264069599058
AIKOW= 4871.89163854707
AIKOC= 95664.8147191508
AIHalfLife= 22.4707030492602
EAppRate= 9.98772520397604
FoliarEnabled= true
FoliarAppDate= 09/01/1989
FoliarForageBegin= 09/01/1989
FoliarForageEnd= 09/08/1989
AIContactFactor= 2.04342934241984
CL4Pollen= 0.0855238484218717
CL4Nectar= 88.125731702894
CL5Pollen= 3.95293763419613
CL5Nectar= 58.8346722302958
CLDPollen= 3.36981867905706
CLDNectar= 93.343545589596
CA13Pollen= 4.16848555933684
CA13Nectar= 49.0046573244035
CA410Pollen= 8.68946822851431
CA410Nectar= 104.408184289932
CA1120Pollen= 2.3706983292941
CA1120Nectar= 41.7093129456043
IPollenTrips= 5.18591261468828
INectarTrips= 11.0705079999752
IPollenLoad= 5.75760823208839
INectarLoad= 8.82598637836054
