ICQueenStrength= 2.43893922911957
RQWkrDrnRatio= 2.97745753545314
ICDroneMiteSurvivorship= 42.793866340071
ICWorkerMiteSurvivorship= 28.5204142564908
ICForagerLifespan= 9.8099276246503
ImmType= Sine
RQQueenStrength= 3.92682336061262
RQEnableReQueen= true
AIAdultSlope= 5.92475297860801
AIAdultLD50= 16.9391223167086
AIAdultSlopeContact= 7.08748379955068
AIAdultLD50Contact= 98.7380485983896
AILarvaSlope= 6.10065452940762
AILarvaLD50= 19.7477938468747
AIKOW= 61891.5328214559
AIKOC= 21116.0581264147
AIHalfLife= 24.0378401155584
EAppRate= 3.34537027113792
FoliarEnabled= true
FoliarAppDate= 06/07/1989
FoliarForageBegin= 06/05/1989
FoliarForageEnd= 06/28/1989
AIContactFactor= 1.30134771245997
CL4Pollen= 2.27319806069136
CL4Nectar= 60.7148966286331
CL5Pollen= 1.603642239701
CL5Nectar= 98.8878631847911
CLDPollen= 4.14888632996008
CLDNectar= 18.1429260643199
CA13Pollen= 4.60913479169831
CA13Nectar= 48.4385309554636
CA410Pollen= 4.27645053872839
CA410Nectar= 76.4195560105145
CA1120Pollen= 2.40944223362021
CA1120Nectar= 33.7307948991656
IPollenTrips= 8.00711479038
INectarTrips= 5.2159203030169
IPollenLoad= 4.25815197871998
INectarLoad= 1.99446809943765
