ICQueenStrength= 2.7371858318802
RQWkrDrnRatio= 1.62653369363397
ICDroneMiteSurvivorship= 43.9784738468006
ICWorkerMiteSurvivorship= 90.1298877550289
ICForagerLifespan= 4.44354418944567
ImmType= Tangent
RQQueenStrength= 5.07632825197652
RQEnableReQueen= true
AIAdultSlope= 8.01295523531735
AIAdultLD50= 0.525609543553321
AIAdultSlopeContact= 9.95566195133142
AIAdultLD50Contact= 15.5646769809013
AILarvaSlope= 1.35647876001894
AILarvaLD50= 88.0449761798368
AIKOW= 4710.39643198652
AIKOC= 20627.6071379906
AIHalfLife= 18.4155617264099
EAppRate= 5.96265575605654
FoliarEnabled= true
FoliarAppDate= 09/01/1989
FoliarForageBegin= 09/01/1989
FoliarForageEnd= 09/08/1989
AIContactFactor= 1.05528347691055
CL4Pollen= 2.83202902786434
CL4Nectar= 66.5782167576253
CL5Pollen= 1.04240542044863
CL5Nectar= 40.1119285379536
CLDPollen= 0.7073277477175
CLDNectar= 63.2543079438619
CA13Pollen= 6.16380930487066
CA13Nectar= 83.7727284990251
CA410Pollen= 2.87568588915747
CA410Nectar= 77.1473230514675
CA1120Pollen= 1.29903429723345
CA1120Nectar= 40.5312236957252
IPollenTrips= 5.10252042673528
INectarTrips= 12.8562154131941
IPollenLoad= 6.08570963144302
INectarLoad= 2.92026192415506
