ICQueenStrength= 4.76514084404334
RQWkrDrnRatio= 3.3278770186007
ICDroneMiteSurvivorship= 0.187647622078657
ICWorkerMiteSurvivorship= 86.9157050037757
ICForagerLifespan= 6.22544959560037
ImmType= Logarithmic
RQQueenStrength= 1.81415977329016
RQEnableReQueen= true
AIAdultSlope= 3.92668657004833
AIAdultLD50= 43.1918153579698
AIAdultSlopeContact= 9.71634779474698
AIAdultLD50Contact= 23.8066934538826
AILarvaSlope= 4.56734056584537
AILarvaLD50= 41.2004169188715
AIKOW= 54041.9832660863
AIKOC= 46399.1743887197
AIHalfLife= 21.8211714406963
EAppRate= 5.79763272858877
FoliarEnabled= true
FoliarAppDate= 06/07/1989
FoliarForageBegin= 06/05/1989
FoliarForageEnd= 06/28/1989
AIContactFactor= 0.876391606964171
CL4Pollen= 1.8277749447152
CL4Nectar= 46.896425425075
CL5Pollen= 2.50927252136171
CL5Nectar= 35.664817399811
CLDPollen= 1.88442609971389
CLDNectar= 70.3650893527083
CA13Pollen= 4.35149042988196
CA13Nectar= 70.2977434545755
CA410Pollen= 4.95385114890523
CA410Nectar= 170.362150254659
CA1120Pollen= 2.57961495243944
CA1120Nectar= 62.5366441346705
IPollenTrips= 8.19103513844311
INectarTrips= 8.74176005134359
IPollenLoad= 1.87889091670513
INectarLoad= 0.869727544486523
ESoilP= 1.09627506439574
ESoilFoc= 0.00447095052129589
