ICQueenStrength= 2.74194842576981
RQWkrDrnRatio= 3.21416369732469
ICDroneMiteSurvivorship= 22.8267930448055
ICWorkerMiteSurvivorship= 94.2416580626741
ICForagerLifespan= 4.09467069897801
ImmType= Cosine
RQQueenStrength= 2.17809426039457
RQEnableReQueen=true
AIAdultSlope= 1.67121175862849
AIAdultLD50= 0.890488664717879
AIAdultSlopeContact= 9.45836245222017
AIAdultLD50Contact= 62.3846738557592
AILarvaSlope= 2.96617985889316
AILarvaLD50= 87.0635630612476
AIKOW= 72771.6101320706
AIKOC= 997.993593644118
AIHalfLife= 30.4718128776178
EAppRate= 1.11131997099309
FoliarEnabled=true
FoliarAppDate= 07/01/1989
FoliarForageBegin= 07/01/1989
FoliarForageEnd= 07/14/1989
AIContactFactor= 2.24227010943927
CL4Pollen= 1.64221296831965
CL4Nectar= 58.1599997123703
CL5Pollen= 1.35962973022833
CL5Nectar= 100.245203787927
CLDPollen= 2.45811623102054
CLDNectar= 91.8033503112383
CA13Pollen= 6.81985158734023
CA13Nectar= 33.1183664314449
CA410Pollen= 3.5167377532227
CA410Nectar= 134.353179782629
CA1120Pollen= 2.71768847596832
CA1120Nectar= 39.0431896597147
IPollenTrips= 5.13169780839235
INectarTrips= 14.491997922305
IPollenLoad= 4.60000110790133
INectarLoad= 3.87518840143457
