ICQueenStrength= 2.91595348296687
RQWkrDrnRatio= 2.10264892037958
ICDroneMiteSurvivorship= 59.7574747400358
ICWorkerMiteSurvivorship= 97.4655989790335
ICForagerLifespan= 4.30430761259049
ImmType= Sine
AIAdultSlope= 3.16776515924139
AIAdultLD50= 0.145925557985902
AIAdultSlopeContact= 0.236766619216651
AIAdultLD50Contact= 0.00269370567984879
AILarvaSlope= 1.61156705869362
AILarvaLD50= 0.763502719555981
AIKOW= 5.94371150434017
AIKOC= 27.1579922712408
AIHalfLife= 0.26062566107139
EAppRate= 4.08719550352544
FoliarEnabled= true
