ICQueenStrength= 2.46291271783412
RQWkrDrnRatio= 1.77501461654902
ICDroneMiteSurvivorship= 39.7517266217619
ICWorkerMiteSurvivorship= 13.7966241454706
ICForagerLifespan= 15.8069148417562
ImmType= Sine
RQQueenStrength= 3.32252253452316
RQEnableReQueen= true
AIAdultSlope= 6.10848424583673
AIAdultLD50= 5.81819897471089
AIAdultSlopeContact= 1.2473831884563
AIAdultLD50Contact= 59.7717752695023
AILarvaSlope= 3.3653674069792
AILarvaLD50= 80.380772391296
AIKOW= 74207.4628774569
AIKOC= 48942.5390081436
AIHalfLife= 23.5469404045492
EAppRate= 4.52803853074974
FoliarEnabled= true
FoliarAppDate= 06/07/1989
FoliarForageBegin= 06/05/1989
FoliarForageEnd= 06/28/1989
AIContactFactor= 2.30664182500448
CL4Pollen= 3.88394970912486
CL4Nectar= 94.2763243569061
CL5Pollen= 3.74400490103289
CL5Nectar= 112.906469986774
CLDPollen= 3.19649240886793
CLDNectar= 62.0764679275453
CA13Pollen= 4.15973933394998
CA13Nectar= 46.3155731000006
CA410Pollen= 2.48561908202246
CA410Nectar= 173.448520726524
CA1120Pollen= 1.25107824266888
CA1120Nectar= 87.806768771261
IPollenTrips= 12.6847601635382
INectarTrips= 9.94054093258455
IPollenLoad= 3.70239095529541
INectarLoad= 1.32891013054177
ESoilP= 1.01672642421909
ESoilFoc= 0.00619669560878538
