ICQueenStrength= 2.84366829926148
RQWkrDrnRatio= 1.17253288719803
ICDroneMiteSurvivorship= 19.6280558360741
ICWorkerMiteSurvivorship= 31.7949948133901
ICForagerLifespan= 4.1951158028096
ImmType= Cosine
RQQueenStrength= 2.45240303012542
RQEnableReQueen= true
AIAdultSlope= 3.19092079624534
AIAdultLD50= 36.2036843454218
AIAdultSlopeContact= 2.70781744411215
AIAdultLD50Contact= 1.20527237739274
AILarvaSlope= 2.2240572348237
AILarvaLD50= 8.67259705469804
AIKOW= 32864.5984023899
AIKOC= 56854.0473988012
AIHalfLife= 33.6042112936033
EAppRate= 2.40019031098322
FoliarEnabled= true
FoliarAppDate= 06/07/1989
FoliarForageBegin= 06/05/1989
FoliarForageEnd= 06/28/1989
AIContactFactor= 0.44060760895256
CL4Pollen= 1.88786924723536
CL4Nectar= 54.8100859625265
CL5Pollen= 1.20355278253555
CL5Nectar= 56.3441506004892
CLDPollen= 3.17526359204203
CLDNectar= 17.1516065835021
CA13Pollen= 6.07789561739191
CA13Nectar= 61.2632050178945
CA410Pollen= 7.67868604876567
CA410Nectar= 66.0680925101042
CA1120Pollen= 1.25495734484866
CA1120Nectar= 51.3388971053064
IPollenTrips= 9.20079051982611
INectarTrips= 13.2683165813796
IPollenLoad= 0.816157874651253
INectarLoad= 6.81698590284213
ESoilP= 1.79548014118336
ESoilFoc= 0.00190069797425531
