ICQueenStrength= 1.51140903611667
RQWkrDrnRatio= 4.11127236485481
ICDroneMiteSurvivorship= 75.5407712189481
ICWorkerMiteSurvivorship= 76.0095447301865
ICForagerLifespan= 11.1645107353106
ImmType= Tangent
RQQueenStrength= 2.07809523469768
RQEnableReQueen= true
AIAdultSlope= 6.8389915022999
AIAdultLD50= 0.962097257141722
AIAdultSlopeContact= 6.13971114577726
AIAdultLD50Contact= 26.6934362529833
AILarvaSlope= 5.79312583990395
AILarvaLD50= 21.9320503590712
AIKOW= 4812.80872658627
AIKOC= 86203.6489077595
AIHalfLife= 8.89579890661407
EAppRate= 2.53253629244817
FoliarEnabled= true
FoliarAppDate= 09/01/1989
FoliarForageBegin= 09/01/1989
FoliarForageEnd= 09/08/1989
AIContactFactor= 1.22921434713062
CL4Pollen= 1.98065212648362
CL4Nectar= 76.3950292486697
CL5Pollen= 4.9707040451467
CL5Nectar= 74.6690129279159
CLDPollen= 0.371971439570189
CLDNectar= 106.905495654792
CA13Pollen= 6.91376989455894
CA13Nectar= 91.3184157945216
CA410Pollen= 3.07744247140363
CA410Nectar= 51.2718921294436
CA1120Pollen= 2.89599178056233
CA1120Nectar= 66.8970587477088
IPollenTrips= 14.7714911587536
INectarTrips= 5.8823400689289
IPollenLoad= 8.15583717543632
INectarLoad= 8.67705437587574
