ICQueenStrength= 5.49998152907938
RQWkrDrnRatio= 2.28180467803031
ICDroneMiteSurvivorship= 92.5592915620655
ICWorkerMiteSurvivorship= 63.5275880806148
ICForagerLifespan= 15.3920584563166
ImmType= Polynomial
RQQueenStrength= 2.92602965282276
RQEnableReQueen= true
AIAdultSlope= 2.51707595027983
AIAdultLD50= 0.591846876329975
AIAdultSlopeContact= 8.44199849502183
AIAdultLD50Contact= 16.0799768924692
AILarvaSlope= 4.29707113280892
AILarvaLD50= 66.2187017757027
AIKOW= 21962.3323103707
AIKOC= 52623.913252675
AIHalfLife= 18.4273950779578
EAppRate= 0.0241394056945574
FoliarEnabled= true
FoliarAppDate= 09/01/1989
FoliarForageBegin= 09/01/1989
FoliarForageEnd= 09/08/1989
AIContactFactor= 2.02672745046671
CL4Pollen= 0.458283140324056
CL4Nectar= 84.1004388406873
CL5Pollen= 4.0856084623374
CL5Nectar= 21.0168003919534
CLDPollen= 0.240941693075001
CLDNectar= 19.5196767803282
CA13Pollen= 6.92780157485977
CA13Nectar= 70.1432843133807
CA410Pollen= 3.39593744978774
CA410Nectar= 169.699234752916
CA1120Pollen= 0.74316898919642
CA1120Nectar= 92.2984731942415
IPollenTrips= 5.04154375288635
INectarTrips= 9.2095212941058
IPollenLoad= 3.85180603479967
INectarLoad= 8.02138471277431
