ICQueenStrength= 5.87783403368667
RQWkrDrnRatio= 3.91341799031943
ICDroneMiteSurvivorship= 20.1364195207134
ICWorkerMiteSurvivorship= 30.2595447748899
ICForagerLifespan= 15.3151984354481
ImmType= Tangent
RQQueenStrength= 1.97742629353888
RQEnableReQueen= true
AIAdultSlope= 8.30461538769305
AIAdultLD50= 0.444814144967357
AIAdultSlopeContact= 4.71567877894267
AIAdultLD50Contact= 63.6927136456754
AILarvaSlope= 4.23345819674432
AILarvaLD50= 48.1919013576454
AIKOW= 32367.688102615
AIKOC= 6567.64505645679
AIHalfLife= 28.4870865990641
EAppRate= 8.07649624328944
FoliarEnabled= true
FoliarAppDate= 06/07/1989
FoliarForageBegin= 06/05/1989
FoliarForageEnd= 06/28/1989
AIContactFactor= 0.930500283204019
CL4Pollen= 1.36567020136863
CL4Nectar= 23.8476406084374
CL5Pollen= 5.3226792938076
CL5Nectar= 21.1587594822049
CLDPollen= 0.545909208711237
CLDNectar= 12.964486295823
CA13Pollen= 2.9025654562749
CA13Nectar= 79.1337948292494
CA410Pollen= 4.9477051615715
CA410Nectar= 24.5378691283986
CA1120Pollen= 0.204776148777455
CA1120Nectar= 35.0308113358915
IPollenTrips= 7.61821151478216
INectarTrips= 11.2420558813028
IPollenLoad= 2.631581351161
INectarLoad= 7.73915765574202
