ICQueenStrength= 3.99702144926414
RQWkrDrnRatio= 4.26316735614091
ICDroneMiteSurvivorship= 65.82411902491
ICWorkerMiteSurvivorship= 42.9461868014187
ICForagerLifespan= 8.0492949411273
ImmType= Logarithmic
RQQueenStrength= 1.61251140781678
RQEnableReQueen= true
AIAdultSlope= 7.84347098134458
AIAdultLD50= 94.9684099544091
AIAdultSlopeContact= 5.59203496272676
AIAdultLD50Contact= 7.22326044237008
AILarvaSlope= 6.62655078619719
AILarvaLD50= 32.3815812398712
AIKOW= 85180.4625859818
AIKOC= 95167.3859873011
AIHalfLife= 13.5070777680492
EAppRate= 8.8997342525518
FoliarEnabled= true
FoliarAppDate= 06/07/1989
FoliarForageBegin= 06/05/1989
FoliarForageEnd= 06/28/1989
AIContactFactor= 2.27400173991919
CL4Pollen= 0.649808145128191
CL4Nectar= 68.0235113715753
CL5Pollen= 1.72060483926907
CL5Nectar= 77.1408437169157
CLDPollen= 5.69989561289549
CLDNectar= 39.1552902990952
CA13Pollen= 6.87086416156962
CA13Nectar= 39.95236415416
CA410Pollen= 6.38924838735256
CA410Nectar= 68.8976702606305
CA1120Pollen= 1.1095396662131
CA1120Nectar= 75.4959394410253
IPollenTrips= 13.7105737882666
INectarTrips= 7.0044481032528
IPollenLoad= 4.7720138495788
INectarLoad= 1.25013639917597
