ICQueenStrength= 4.51216041133739
RQWkrDrnRatio= 2.56951780989766
ICDroneMiteSurvivorship= 88.8605481944978
ICWorkerMiteSurvivorship= 5.22427093237638
ICForagerLifespan= 9.18770068325102
ImmType= Polynomial
RQQueenStrength= 2.81391856516711
RQEnableReQueen= true
AIAdultSlope= 5.20830378867686
AIAdultLD50= 49.4573013889799
AIAdultSlopeContact= 9.08598579862155
AIAdultLD50Contact= 29.0933100854971
AILarvaSlope= 4.39418782107532
AILarvaLD50= 18.7168920454138
AIKOW= 40246.6099159532
AIKOC= 43975.4447574699
AIHalfLife= 29.3965443114517
EAppRate= 0.997954801573884
FoliarEnabled= true
FoliarAppDate= 06/07/1989
FoliarForageBegin= 06/05/1989
FoliarForageEnd= 06/28/1989
AIContactFactor= 0.342465318660252
CL4Pollen= 1.20141371991485
CL4Nectar= 81.7985696485266
CL5Pollen= 3.37508321972564
CL5Nectar= 134.609084366821
CLDPollen= 2.66814675182104
CLDNectar= 80.6917009642348
CA13Pollen= 2.41981405979022
CA13Nectar= 86.0143538936973
CA410Pollen= 6.300173652987
CA410Nectar= 196.562223895453
CA1120Pollen= 1.33480787370354
CA1120Nectar= 45.3859080933034
IPollenTrips= 14.3015197315253
INectarTrips= 6.21819757390767
IPollenLoad= 9.39762192312628
INectarLoad= 1.82280143257231
