ICQueenStrength= 2.25978972762823
RQWkrDrnRatio= 1.91455074213445
ICDroneMiteSurvivorship= 56.1231057159603
ICWorkerMiteSurvivorship= 54.5619077049196
ICForagerLifespan= 14.4917313000187
ImmType= Cosine
RQQueenStrength= 3.45325396070257
RQEnableReQueen= true
AIAdultSlope= 1.13228449225426
AIAdultLD50= 6.02475580441928
AIAdultSlopeContact= 8.42521613743156
AIAdultLD50Contact= 5.75398215468111
AILarvaSlope= 3.24473948217928
AILarvaLD50= 93.8167557285575
AIKOW= 62662.4668567325
AIKOC= 26511.0692840777
AIHalfLife= 5.53731337569188
EAppRate= 4.94624989717733
FoliarEnabled= true
FoliarAppDate= 06/07/1989
FoliarForageBegin= 06/05/1989
FoliarForageEnd= 06/28/1989
AIContactFactor= 0.618439412983134
CL4Pollen= 0.480076246894896
CL4Nectar= 59.1003942769021
CL5Pollen= 3.39539706800133
CL5Nectar= 50.6969722453505
CLDPollen= 3.04505383456126
CLDNectar= 65.511128527578
CA13Pollen= 8.19881525849923
CA13Nectar= 84.6341533586383
CA410Pollen= 8.11745724948123
CA410Nectar= 95.9410964231938
CA1120Pollen= 0.049508874071762
CA1120Nectar= 29.6873201243579
IPollenTrips= 13.2099693524651
INectarTrips= 14.5601068390533
IPollenLoad= 1.16897238884121
INectarLoad= 4.54188133124262
