ICQueenStrength= 5.88688349723816
RQWkrDrnRatio= 1.28332962561399
ICDroneMiteSurvivorship= 24.6170826489106
ICWorkerMiteSurvivorship= 46.2623327039182
ICForagerLifespan= 14.7560720117763
ImmType= Polynomial
RQQueenStrength= 5.61426406167448
RQEnableReQueen= true
AIAdultSlope= 1.332768779248
AIAdultLD50= 83.6738034877491
AIAdultSlopeContact= 3.05588778760284
AIAdultLD50Contact= 83.8564363000251
AILarvaSlope= 5.13256381638348
AILarvaLD50= 54.5205507304068
AIKOW= 40762.5735835832
AIKOC= 43528.1756265655
AIHalfLife= 2.788359612762
EAppRate= 8.08152305474039
FoliarEnabled= true
FoliarAppDate= 06/07/1989
FoliarForageBegin= 06/05/1989
FoliarForageEnd= 06/28/1989
AIContactFactor= 1.27285183544736
CL4Pollen= 2.15794963110238
CL4Nectar= 77.7028251672164
CL5Pollen= 1.57120988611132
CL5Nectar= 87.2815134585835
CLDPollen= 4.55618869140744
CLDNectar= 129.391725256573
CA13Pollen= 8.140613665618
CA13Nectar= 87.4386497400701
CA410Pollen= 7.57095810868777
CA410Nectar= 31.3492957968265
CA1120Pollen= 1.87919112690724
CA1120Nectar= 57.1560085564852
IPollenTrips= 14.771796844434
INectarTrips= 8.74510831665248
IPollenLoad= 9.60394621593878
INectarLoad= 8.6802641954273
