ICQueenStrength= 3.50633173622191
RQWkrDrnRatio= 2.69697112962604
ICDroneMiteSurvivorship= 45.3386880690232
ICWorkerMiteSurvivorship= 88.9323426876217
ICForagerLifespan= 15.1455728663132
ImmType= Exponential
RQQueenStrength= 4.34372990299016
RQEnableReQueen= true
AIAdultSlope= 5.4068756736815
AIAdultLD50= 89.7127173002451
AIAdultSlopeContact= 6.32160969101824
AIAdultLD50Contact= 83.7712011366556
AILarvaSlope= 2.66185287386179
AILarvaLD50= 1.49799691772205
AIKOW= 16153.2348049607
AIKOC= 86684.218378315
AIHalfLife= 18.605864457204
EAppRate= 9.75225582857453
FoliarEnabled= true
FoliarAppDate= 06/07/1989
FoliarForageBegin= 06/05/1989
FoliarForageEnd= 06/28/1989
AIContactFactor= 1.30757152508944
CL4Pollen= 3.82039340212941
CL4Nectar= 22.8736408287659
CL5Pollen= 5.55420225346461
CL5Nectar= 138.602662179619
CLDPollen= 1.06045842776075
CLDNectar= 130.244879925158
CA13Pollen= 2.76155696604401
CA13Nectar= 96.0279348120093
CA410Pollen= 3.63316844054498
CA410Nectar= 41.8079718435183
CA1120Pollen= 1.42355527658947
CA1120Nectar= 54.4116257503629
IPollenTrips= 13.3447564044036
INectarTrips= 13.9495505462401
IPollenLoad= 9.96558003360406
INectarLoad= 9.21770796645433
