ICQueenStrength= 5.1568076168187
RQWkrDrnRatio= 1.76780151855201
ICDroneMiteSurvivorship= 91.5800674818456
ICWorkerMiteSurvivorship= 39.382684067823
ICForagerLifespan= 14.0193300815299
ImmType= Cosine
RQQueenStrength= 3.064136385452
RQEnableReQueen= true
AIAdultSlope= 8.01181688345969
AIAdultLD50= 0.0662482226719149
AIAdultSlopeContact= 3.71173729887232
AIAdultLD50Contact= 99.3014162881863
AILarvaSlope= 7.73400855623186
AILarvaLD50= 41.3384151228426
AIKOW= 18603.7057683444
AIKOC= 70122.079448716
AIHalfLife= 31.4710012696916
EAppRate= 0.759227769072168
FoliarEnabled= true
FoliarAppDate= 09/01/1989
FoliarForageBegin= 09/01/1989
FoliarForageEnd= 09/08/1989
AIContactFactor= 0.746400699298829
CL4Pollen= 2.55416200682521
CL4Nectar= 92.1712938230485
CL5Pollen= 3.68834642088041
CL5Nectar= 94.6561170159839
CLDPollen= 0.0168930077925324
CLDNectar= 97.2461457713507
CA13Pollen= 5.68010418470949
CA13Nectar= 83.1486793793738
CA410Pollen= 7.70930378213525
CA410Nectar= 116.355325407349
CA1120Pollen= 1.09239121573046
CA1120Nectar= 80.239820368588
IPollenTrips= 13.4900213894434
INectarTrips= 8.02779925288633
IPollenLoad= 8.9248551777564
INectarLoad= 2.52012186916545
