ICQueenStrength= 3.53005129657686
RQWkrDrnRatio= 1.24894496332854
ICDroneMiteSurvivorship= 32.0543532259762
ICWorkerMiteSurvivorship= 77.83218245022
ICForagerLifespan= 7.75878672953695
ImmType= Exponential
RQQueenStrength= 3.4824591325596
RQEnableReQueen=true
AIAdultSlope= 3.41846603155136
AIAdultLD50= 0.742150963689201
AIAdultSlopeContact= 1.6308042651508
AIAdultLD50Contact= 99.1395587930544
AILarvaSlope= 5.44238903000951
AILarvaLD50= 34.5131798334504
AIKOW= 74295.6272419414
AIKOC= 71646.6396999848
AIHalfLife= 28.9395770359086
EAppRate= 2.10460663884087
FoliarEnabled=true
FoliarAppDate= 07/01/1989
FoliarForageBegin= 07/01/1989
FoliarForageEnd= 07/14/1989
AIContactFactor= 2.37197690864094
CL4Pollen= 1.24726544972509
CL4Nectar= 24.514530505985
CL5Pollen= 1.01653223019093
CL5Nectar= 80.6925314362161
CLDPollen= 2.83675990160555
CLDNectar= 82.0519858156331
CA13Pollen= 7.16861593285575
CA13Nectar= 45.9365702793002
CA410Pollen= 4.80455546176527
CA410Nectar= 142.185145323165
CA1120Pollen= 0.80064276047051
CA1120Nectar= 29.2592796124518
IPollenTrips= 14.7001332882792
INectarTrips= 12.8713664389215
IPollenLoad= 3.98758466821164
INectarLoad= 6.5099587268196
