ICQueenStrength= 4.1477018375881
RQWkrDrnRatio= 3.81524081435055
ICDroneMiteSurvivorship= 21.1418653139845
ICWorkerMiteSurvivorship= 45.7755384966731
ICForagerLifespan= 8.51007756218314
ImmType= Logarithmic
RQQueenStrength= 1.50252233981155
RQEnableReQueen= true
AIAdultSlope= 4.27227265015244
AIAdultLD50= 4.01142125932779
AIAdultSlopeContact= 2.68388826935552
AIAdultLD50Contact= 44.0184534092345
AILarvaSlope= 1.73343566246331
AILarvaLD50= 82.2729946292697
AIKOW= 93903.7698363679
AIKOC= 34852.1298746804
AIHalfLife= 15.7113379886141
EAppRate= 7.55203747354657
FoliarEnabled= true
FoliarAppDate= 06/07/1989
FoliarForageBegin= 06/05/1989
FoliarForageEnd= 06/28/1989
AIContactFactor= 0.785016260952689
CL4Pollen= 1.39354993309826
CL4Nectar= 13.2268861867487
CL5Pollen= 0.540916561614722
CL5Nectar= 140.403891750611
CLDPollen= 1.93106030998752
CLDNectar= 93.856202904135
CA13Pollen= 7.62039670422673
CA13Nectar= 80.3753877431154
CA410Pollen= 7.11239872463048
CA410Nectar= 129.245472582988
CA1120Pollen= 2.20399025548249
CA1120Nectar= 63.0459085851908
IPollenTrips= 9.64673465350643
INectarTrips= 8.1720595061779
IPollenLoad= 2.8955601900816
INectarLoad= 6.14946831017733
ESoilP= 1.89013099949807
ESoilFoc= 0.0163511461296584
