ICQueenStrength= 4.73880739090964
RQWkrDrnRatio= 2.55037191510201
ICDroneMiteSurvivorship= 72.814905596897
ICWorkerMiteSurvivorship= 33.8489084504545
ICForagerLifespan= 12.2445945134386
ImmType= Tangent
RQQueenStrength= 3.41076826467179
RQEnableReQueen= true
AIAdultSlope= 6.68678076006472
AIAdultLD50= 99.6663794221911
AIAdultSlopeContact= 6.78821625537239
AIAdultLD50Contact= 43.5207263544644
AILarvaSlope= 6.38633223623037
AILarvaLD50= 35.3904270305715
AIKOW= 18903.5114670824
AIKOC= 78141.2812495162
AIHalfLife= 31.8086067192256
EAppRate= 1.57342757500079
FoliarEnabled= true
FoliarAppDate= 06/07/1989
FoliarForageBegin= 06/05/1989
FoliarForageEnd= 06/28/1989
AIContactFactor= 2.36663080264348
CL4Pollen= 3.39725423976779
CL4Nectar= 79.6483902493492
CL5Pollen= 3.81276547349989
CL5Nectar= 52.621283987537
CLDPollen= 4.03399753198028
CLDNectar= 77.5282682385296
CA13Pollen= 2.61085474332795
CA13Nectar= 72.9814288578928
CA410Pollen= 8.53105083552655
CA410Nectar= 97.302648415789
CA1120Pollen= 0.790534769883379
CA1120Nectar= 66.3238109461963
IPollenTrips= 14.5529077271931
INectarTrips= 12.3427819367498
IPollenLoad= 0.573046782519668
INectarLoad= 3.28226086683571
