ICQueenStrength= 2.79832382360473
RQWkrDrnRatio= 4.00992155261338
ICDroneMiteSurvivorship= 94.4623920600861
ICWorkerMiteSurvivorship= 68.3706129901111
ICForagerLifespan= 13.0482667423785
ImmType= Cosine
RQQueenStrength= 5.2878041358199
RQEnableReQueen= true
AIAdultSlope= 2.19712800532579
AIAdultLD50= 26.2110002676721
AIAdultSlopeContact= 8.42752262135036
AIAdultLD50Contact= 22.3559385911545
AILarvaSlope= 3.09759848378599
AILarvaLD50= 85.7675983065532
AIKOW= 48884.2693981811
AIKOC= 82521.4331751307
AIHalfLife= 23.4439701729454
EAppRate= 8.67553960026731
FoliarEnabled= true
FoliarAppDate= 06/07/1989
FoliarForageBegin= 06/05/1989
FoliarForageEnd= 06/28/1989
AIContactFactor= 2.36862942091189
CL4Pollen= 1.85662689618766
CL4Nectar= 28.9387266850099
CL5Pollen= 1.85333193512633
CL5Nectar= 91.1377061507665
CLDPollen= 0.830398282036185
CLDNectar= 144.85956405988
CA13Pollen= 6.216915705055
CA13Nectar= 94.8270362429321
CA410Pollen= 8.44504281966947
CA410Nectar= 43.1837822496891
CA1120Pollen= 2.09262191969901
CA1120Nectar= 64.3477141112089
IPollenTrips= 5.07464771391824
INectarTrips= 10.5100113013759
IPollenLoad= 9.47673151036724
INectarLoad= 9.94418035028502
