ICQueenStrength= 4.96697503514588
RQWkrDrnRatio= 4.33466985449195
ICDroneMiteSurvivorship= 9.54586509615183
ICWorkerMiteSurvivorship= 91.4966876851395
ICForagerLifespan= 7.53606768511236
ImmType= Exponential
RQQueenStrength= 2.94244369282387
RQEnableReQueen= true
AIAdultSlope= 3.93152680434287
AIAdultLD50= 80.0028562264922
AIAdultSlopeContact= 1.13861810415983
AIAdultLD50Contact= 68.2417841904385
AILarvaSlope= 7.19438126124442
AILarvaLD50= 77.0204648779212
AIKOW= 85068.0192730477
AIKOC= 8145.05165429856
AIHalfLife= 17.2014209968271
EAppRate= 2.81055850452394
FoliarEnabled= true
FoliarAppDate= 06/07/1989
FoliarForageBegin= 06/05/1989
FoliarForageEnd= 06/28/1989
AIContactFactor= 1.57659452560823
CL4Pollen= 2.76732400152832
CL4Nectar= 49.1981081431732
CL5Pollen= 1.8885562713258
CL5Nectar= 110.392587119713
CLDPollen= 4.02319612260908
CLDNectar= 88.7146865716204
CA13Pollen= 7.2068521075882
CA13Nectar= 40.588397514075
CA410Pollen= 6.88391615957953
CA410Nectar= 172.394565762952
CA1120Pollen= 0.924363457364962
CA1120Nectar= 47.1751057170331
IPollenTrips= 5.00164648517966
INectarTrips= 5.25727346306667
IPollenLoad= 8.49461020901799
INectarLoad= 6.76730527542531
ESoilP= 1.84967971639708
ESoilFoc= 0.00452644309145398
