ICQueenStrength= 3.73848369251937
RQWkrDrnRatio= 4.10098057705909
ICDroneMiteSurvivorship= 60.1439998717979
ICWorkerMiteSurvivorship= 54.5571225695312
ICForagerLifespan= 13.0451111709699
ImmType= Exponential
RQQueenStrength= 1.13438265887089
RQEnableReQueen= true
AIAdultSlope= 4.63259419798851
AIAdultLD50= 58.841360003642
AIAdultSlopeContact= 2.02242047316395
AIAdultLD50Contact= 33.1715965845562
AILarvaSlope= 2.30208716169
AILarvaLD50= 75.5301113902179
AIKOW= 47506.649639859
AIKOC= 55465.7617002022
AIHalfLife= 11.2602177143097
EAppRate= 9.52871731124283
FoliarEnabled= true
FoliarAppDate= 06/07/1989
FoliarForageBegin= 06/05/1989
FoliarForageEnd= 06/28/1989
AIContactFactor= 1.91869671438355
CL4Pollen= 2.20901153236628
CL4Nectar= 69.4975044811144
CL5Pollen= 4.28358565270901
CL5Nectar= 39.3484609317966
CLDPollen= 5.32725692493841
CLDNectar= 21.2283670320176
CA13Pollen= 3.61843233490363
CA13Nectar= 42.9333139024675
CA410Pollen= 4.82035418597516
CA410Nectar= 191.082240962423
CA1120Pollen= 0.0957685459870845
CA1120Nectar= 31.1213484592736
IPollenTrips= 10.9826680435799
INectarTrips= 13.2675985107198
IPollenLoad= 4.96233735000715
INectarLoad= 5.62747228424996
