ICQueenStrength= 5.44300909060985
RQWkrDrnRatio= 2.85843141470104
ICDroneMiteSurvivorship= 94.1971383523196
ICWorkerMiteSurvivorship= 86.4461953053251
ICForagerLifespan= 15.7596087353304
ImmType= Polynomial
RQQueenStrength= 1.6201668898575
RQEnableReQueen= true
AIAdultSlope= 1.5252247415483
AIAdultLD50= 98.7715230470549
AIAdultSlopeContact= 1.13691534986719
AIAdultLD50Contact= 50.9500787358601
AILarvaSlope= 5.91092010401189
AILarvaLD50= 88.146656449493
AIKOW= 31711.9128372318
AIKOC= 10685.183568978
AIHalfLife= 19.718847753806
EAppRate= 9.52436011429084
FoliarEnabled= true
FoliarAppDate= 06/07/1989
FoliarForageBegin= 06/05/1989
FoliarForageEnd= 06/28/1989
AIContactFactor= 1.53081823873799
CL4Pollen= 0.670749868266284
CL4Nectar= 65.7479621935636
CL5Pollen= 2.95432125264779
CL5Nectar= 27.2558938362636
CLDPollen= 5.27398914378136
CLDNectar= 67.1753849484958
CA13Pollen= 5.25190528882667
CA13Nectar= 24.0760565549135
CA410Pollen= 3.81321976666804
CA410Nectar= 50.9482814744115
CA1120Pollen= 0.812653155298904
CA1120Nectar= 20.413469299674
IPollenTrips= 7.52374519594014
INectarTrips= 9.54809608170763
IPollenLoad= 6.18654970545322
INectarLoad= 7.36637702444568
ESoilP= 1.7942425289657
ESoilFoc= 0.0183309353920631
