ICQueenStrength= 4.01343671046197
RQWkrDrnRatio= 3.6193427471444
ICDroneMiteSurvivorship= 73.8643210381269
ICWorkerMiteSurvivorship= 87.3630847083405
ICForagerLifespan= 10.7446671286598
ImmType= Polynomial
RQQueenStrength= 2.8843281629961
RQEnableReQueen= true
AIAdultSlope= 8.41798740439117
AIAdultLD50= 14.8913215441769
AIAdultSlopeContact= 1.60792123153806
AIAdultLD50Contact= 87.4543329788568
AILarvaSlope= 4.9427634999156
AILarvaLD50= 3.73690859639063
AIKOW= 5406.21230092983
AIKOC= 86957.7861541
AIHalfLife= 10.1318218265427
EAppRate= 2.36824695504922
FoliarEnabled= true
FoliarAppDate= 06/07/1989
FoliarForageBegin= 06/05/1989
FoliarForageEnd= 06/28/1989
AIContactFactor= 0.319396773595363
CL4Pollen= 3.91471523884684
CL4Nectar= 6.00005532614887
CL5Pollen= 0.790668822359294
CL5Nectar= 78.7816351745278
CLDPollen= 3.37764415377751
CLDNectar= 71.7159953783266
CA13Pollen= 6.25231575388461
CA13Nectar= 53.7101427093148
CA410Pollen= 4.24654284836724
CA410Nectar= 34.6705547301099
CA1120Pollen= 0.770874390145764
CA1120Nectar= 37.2578274644911
IPollenTrips= 6.22597322333604
INectarTrips= 11.2697799270973
IPollenLoad= 6.17190644377843
INectarLoad= 3.41209905454889
ESoilP= 1.19434402370825
ESoilFoc= 0.00343719726777636
