ICQueenStrength= 4.39930139831267
RQWkrDrnRatio= 2.78092053253204
ICDroneMiteSurvivorship= 38.0482909502462
ICWorkerMiteSurvivorship= 49.2824284825474
ICForagerLifespan= 8.41759204212576
ImmType= Sine
RQQueenStrength= 1.60579674085602
RQEnableReQueen= true
AIAdultSlope= 4.67565833590925
AIAdultLD50= 38.1619740858555
AIAdultSlopeContact= 2.4460638158489
AIAdultLD50Contact= 17.8420957155542
AILarvaSlope= 6.09446769580245
AILarvaLD50= 50.057872016801
AIKOW= 10726.754237565
AIKOC= 24788.0218462478
AIHalfLife= 20.569582270924
EAppRate= 0.15093169074622
FoliarEnabled= true
FoliarAppDate= 06/07/1989
FoliarForageBegin= 06/05/1989
FoliarForageEnd= 06/28/1989
AIContactFactor= 1.44252396212891
CL4Pollen= 1.69273538142443
CL4Nectar= 72.9348232969642
CL5Pollen= 3.03841238748282
CL5Nectar= 59.6002527745441
CLDPollen= 1.82370954472572
CLDNectar= 107.229243242182
CA13Pollen= 6.50841008387506
CA13Nectar= 82.2295323200524
CA410Pollen= 7.42216882784851
CA410Nectar= 181.678233095445
CA1120Pollen= 1.83001340297051
CA1120Nectar= 60.4945747368038
IPollenTrips= 5.32029558438808
INectarTrips= 13.6956841847859
IPollenLoad= 8.10804820153862
INectarLoad= 6.72468883916736
