ICQueenStrength= 5.35291709844023
RQWkrDrnRatio= 3.05655308440328
ICDroneMiteSurvivorship= 19.5957551244646
ICWorkerMiteSurvivorship= 33.7600272381678
ICForagerLifespan= 11.3753017643467
ImmType= Cosine
RQQueenStrength= 1.48184113460593
RQEnableReQueen= true
AIAdultSlope= 6.84996602870524
AIAdultLD50= 0.517228558453731
AIAdultSlopeContact= 1.28594847791828
AIAdultLD50Contact= 95.4003656177707
AILarvaSlope= 7.48792730644345
AILarvaLD50= 95.1557601011824
AIKOW= 82809.3871202582
AIKOC= 46991.3397746598
AIHalfLife= 8.68161077522673
EAppRate= 7.06720487491461
FoliarEnabled= true
FoliarAppDate= 09/01/1989
FoliarForageBegin= 09/01/1989
FoliarForageEnd= 09/08/1989
AIContactFactor= 1.72817660326604
CL4Pollen= 3.13177187275141
CL4Nectar= 42.0598833356053
CL5Pollen= 3.62830272177234
CL5Nectar= 119.521844771225
CLDPollen= 4.01961920130998
CLDNectar= 59.5850363723002
CA13Pollen= 2.36203177720308
CA13Nectar= 45.1077065430582
CA410Pollen= 7.69824353845324
CA410Nectar= 172.442650939338
CA1120Pollen= 0.0846437145955861
CA1120Nectar= 69.2706066928804
IPollenTrips= 9.5671320729889
INectarTrips= 5.26210151147097
IPollenLoad= 0.23658114252612
INectarLoad= 5.90642649680376
