ICQueenStrength= 4.90741648152471
RQWkrDrnRatio= 1.53826299589127
ICDroneMiteSurvivorship= 35.6548415962607
ICWorkerMiteSurvivorship= 15.7893463270739
ICForagerLifespan= 6.79931932594627
ImmType= Tangent
RQQueenStrength= 2.3439829275012
RQEnableReQueen= true
AIAdultSlope= 7.36342918872833
AIAdultLD50= 21.4320448929728
AIAdultSlopeContact= 1.43222396611236
AIAdultLD50Contact= 20.6509105282656
AILarvaSlope= 6.4414401948452
AILarvaLD50= 75.339875592587
AIKOW= 69599.275513788
AIKOC= 24736.9692090163
AIHalfLife= 17.5621712299995
EAppRate= 5.73298594724992
FoliarEnabled= true
FoliarAppDate= 06/07/1989
FoliarForageBegin= 06/05/1989
FoliarForageEnd= 06/28/1989
AIContactFactor= 2.01155646837316
CL4Pollen= 1.90076758153737
CL4Nectar= 0.903164758346975
CL5Pollen= 3.73157566459849
CL5Nectar= 47.7330171153881
CLDPollen= 4.87084010476246
CLDNectar= 140.82349401433
CA13Pollen= 5.64617119524628
CA13Nectar= 84.0564951300621
CA410Pollen= 4.52637335853651
CA410Nectar= 61.8745405226946
CA1120Pollen= 2.90440883324482
CA1120Nectar= 90.3144722059369
IPollenTrips= 11.1414001160301
INectarTrips= 8.92889093142003
IPollenLoad= 7.34108447562903
INectarLoad= 7.95720333931968
