ICQueenStrength= 3.13444258784875
RQWkrDrnRatio= 4.89969249535352
ICDroneMiteSurvivorship= 13.0019267788157
ICWorkerMiteSurvivorship= 55.0286573125049
ICForagerLifespan= 13.7481278851628
ImmType= Sine
RQQueenStrength= 3.70240481011569
RQEnableReQueen= true
AIAdultSlope= 5.81819910742342
AIAdultLD50= 86.3668567139891
AIAdultSlopeContact= 7.49593041231856
AIAdultLD50Contact= 85.2475032026994
AILarvaSlope= 7.01500105112791
AILarvaLD50= 41.3757863957391
AIKOW= 73722.6992812976
AIKOC= 12059.483550068
AIHalfLife= 34.9616246103775
EAppRate= 6.1433760014018
FoliarEnabled= true
FoliarAppDate= 06/07/1989
FoliarForageBegin= 06/05/1989
FoliarForageEnd= 06/28/1989
AIContactFactor= 1.06877509180456
CL4Pollen= 1.68883317522705
CL4Nectar= 48.9959547063336
CL5Pollen= 1.42543559521437
CL5Nectar= 31.7385694943368
CLDPollen= 5.9358729547821
CLDNectar= 138.590745383408
CA13Pollen= 4.28420912642032
CA13Nectar= 49.6922371909022
CA410Pollen= 6.80639107516035
CA410Nectar= 40.9045411087573
CA1120Pollen= 1.36426545633003
CA1120Nectar= 85.848886128515
IPollenTrips= 13.2736769062467
INectarTrips= 8.08017702307552
IPollenLoad= 2.67246932722628
INectarLoad= 4.63970424607396
