ICQueenStrength= 3.80451138853095
RQWkrDrnRatio= 2.76661902666092
ICDroneMiteSurvivorship= 86.0821095528081
ICWorkerMiteSurvivorship= 37.2791995061561
ICForagerLifespan= 9.02984153479338
ImmType= Cosine
RQQueenStrength= 5.97227887972258
RQEnableReQueen= true
AIAdultSlope= 7.34921585023403
AIAdultLD50= 90.5483643172125
AIAdultSlopeContact= 7.18599761719815
AIAdultLD50Contact= 90.3366820282529
AILarvaSlope= 5.34288043342531
AILarvaLD50= 78.8424899143227
AIKOW= 79373.9089413638
AIKOC= 15244.3963014202
AIHalfLife= 13.4847227542661
EAppRate= 1.59930238104356
FoliarEnabled= true
FoliarAppDate= 06/07/1989
FoliarForageBegin= 06/05/1989
FoliarForageEnd= 06/28/1989
AIContactFactor= 1.18165469624102
CL4Pollen= 0.460889146663249
CL4Nectar= 42.2348462743685
CL5Pollen= 3.78502927534282
CL5Nectar= 16.0418391111307
CLDPollen= 1.46923748776317
CLDNectar= 92.8907551453449
CA13Pollen= 2.30859195189551
CA13Nectar= 96.2415841594338
CA410Pollen= 5.82411591331475
CA410Nectar= 181.143601322547
CA1120Pollen= 2.97014868236147
CA1120Nectar= 51.9651661068201
IPollenTrips= 13.2132335007191
INectarTrips= 13.2045875350013
IPollenLoad= 5.28895539231598
INectarLoad= 9.54168081749231
