ICQueenStrength= 3.48053795192391
RQWkrDrnRatio= 4.41030779015273
ICDroneMiteSurvivorship= 9.87365127075464
ICWorkerMiteSurvivorship= 25.953804794699
ICForagerLifespan= 15.4636775888503
ImmType= Cosine
RQQueenStrength= 4.34708873461932
RQEnableReQueen=true
AIAdultSlope= 5.79495050571859
AIAdultLD50= 0.427009480535286
AIAdultSlopeContact= 3.81334469257854
AIAdultLD50Contact= 9.17040718261106
AILarvaSlope= 8.46813699044287
AILarvaLD50= 64.7239799864297
AIKOW= 42568.7586345088
AIKOC= 43242.9317435941
AIHalfLife= 1.86038429066539
EAppRate= 2.69538241976965
FoliarEnabled=true
FoliarAppDate= 07/01/1989
FoliarForageBegin= 07/01/1989
FoliarForageEnd= 07/14/1989
AIContactFactor= 2.08601223220117
CL4Pollen= 2.07207444962114
CL4Nectar= 81.3682803185657
CL5Pollen= 2.35626301914454
CL5Nectar= 58.8842714088969
CLDPollen= 4.50302374921739
CLDNectar= 94.7163297794759
CA13Pollen= 4.3168481009081
CA13Nectar= 20.4217243753374
CA410Pollen= 3.55399277531542
CA410Nectar= 125.951600177214
CA1120Pollen= 0.567559482995421
CA1120Nectar= 61.0692237131298
IPollenTrips= 6.82548200478777
INectarTrips= 9.00274922838435
IPollenLoad= 0.526604424230754
INectarLoad= 2.7860482595861
