ICQueenStrength= 1.18939214292914
RQWkrDrnRatio= 4.17757223732769
ICDroneMiteSurvivorship= 46.9918077345937
ICWorkerMiteSurvivorship= 62.9257840802893
ICForagerLifespan= 12.7303988169879
ImmType= Sine
RQQueenStrength= 4.96792405401357
RQEnableReQueen= true
AIAdultSlope= 8.20516451261938
AIAdultLD50= 10.6606121258491
AIAdultSlopeContact= 1.89699529181235
AIAdultLD50Contact= 76.3951126561337
AILarvaSlope= 2.5156060680747
AILarvaLD50= 26.898269477956
AIKOW= 37848.5418376165
AIKOC= 30526.3602174695
AIHalfLife= 34.3042923251865
EAppRate= 4.50939664431568
FoliarEnabled= true
FoliarAppDate= 06/07/1989
FoliarForageBegin= 06/05/1989
FoliarForageEnd= 06/28/1989
AIContactFactor= 1.24861434272956
CL4Pollen= 2.92960790917277
CL4Nectar= 86.3490965450183
CL5Pollen= 2.6558521091938
CL5Nectar= 106.44738842966
CLDPollen= 0.889830204192549
CLDNectar= 111.267889745068
CA13Pollen= 3.29284980082884
CA13Nectar= 97.9996199719608
CA410Pollen= 3.27410602327436
CA410Nectar= 65.1138128759339
CA1120Pollen= 0.851819739444181
CA1120Nectar= 47.9507498443127
IPollenTrips= 9.20037606032565
INectarTrips= 5.6631321948953
IPollenLoad= 1.50935315759853
INectarLoad= 8.86715563945472
