ICQueenStrength= 2.84320568107069
RQWkrDrnRatio= 2.76046802010387
ICDroneMiteSurvivorship= 86.9741368340328
ICWorkerMiteSurvivorship= 68.3075968874618
ICForagerLifespan= 6.24814779218286
ImmType= Cosine
RQQueenStrength= 2.80242027621716
RQEnableReQueen= true
AIAdultSlope= 1.35480388998985
AIAdultLD50= 36.8601636407992
AIAdultSlopeContact= 6.40397018147632
AIAdultLD50Contact= 58.0359426235231
AILarvaSlope= 6.60883628390729
AILarvaLD50= 13.4016326183341
AIKOW= 1285.78280504739
AIKOC= 63498.9061219902
AIHalfLife= 6.7374834517017
EAppRate= 6.73344744694186
FoliarEnabled= true
FoliarAppDate= 06/07/1989
FoliarForageBegin= 06/05/1989
FoliarForageEnd= 06/28/1989
AIContactFactor= 0.975928095700219
CL4Pollen= 3.09737069997936
CL4Nectar= 74.7272135457024
CL5Pollen= 5.66933255642653
CL5Nectar= 30.5716950329952
CLDPollen= 5.1859761136584
CLDNectar= 107.084286084864
CA13Pollen= 6.70529389688745
CA13Nectar= 53.374867066741
CA410Pollen= 7.13502180764917
CA410Nectar= 64.4843097776175
CA1120Pollen= 2.21111531951465
CA1120Nectar= 51.0753060877323
IPollenTrips= 14.5077161793597
INectarTrips= 10.9894953900948
IPollenLoad= 4.61586428806186
INectarLoad= 5.15028197783977
ESoilP= 1.20591030432843
ESoilFoc= 0.019151314972667
