ICQueenStrength= 2.89214839600027
RQWkrDrnRatio= 4.64140693284571
ICDroneMiteSurvivorship= 39.7953308885917
ICWorkerMiteSurvivorship= 69.0740594873205
ICForagerLifespan= 15.548466809094
ImmType= Logarithmic
RQQueenStrength= 5.99093914171681
RQEnableReQueen= true
AIAdultSlope= 6.20256580971181
AIAdultLD50= 64.8928531109253
AIAdultSlopeContact= 9.08244626759551
AIAdultLD50Contact= 77.751009700916
AILarvaSlope= 7.10038627497852
AILarvaLD50= 6.50342465087096
AIKOW= 80923.9523236409
AIKOC= 80275.3721770798
AIHalfLife= 18.6439472452737
EAppRate= 4.16676852023322
FoliarEnabled= true
FoliarAppDate= 06/07/1989
FoliarForageBegin= 06/05/1989
FoliarForageEnd= 06/28/1989
AIContactFactor= 2.01352492262609
CL4Pollen= 2.30012066289783
CL4Nectar= 50.4469142761081
CL5Pollen= 5.23467934783548
CL5Nectar= 73.1892004958354
CLDPollen= 2.50031335791573
CLDNectar= 21.698410611134
CA13Pollen= 2.87071150708944
CA13Nectar= 49.9995642900467
CA410Pollen= 6.08092178811785
CA410Nectar= 158.336498406716
CA1120Pollen= 0.348522677086294
CA1120Nectar= 90.6994092464447
IPollenTrips= 13.6871117493138
INectarTrips= 6.5701433760114
IPollenLoad= 1.51532751508057
INectarLoad= 3.89018057612702
ESoilP= 1.71387689840049
ESoilFoc= 0.0183858050627168
