ICQueenStrength= 1.18072965741158
RQWkrDrnRatio= 4.11621776595712
ICDroneMiteSurvivorship= 19.4372586440295
ICWorkerMiteSurvivorship= 44.9341124622151
ICForagerLifespan= 4.94900418445468
ImmType= Logarithmic
RQQueenStrength= 4.1555259488523
RQEnableReQueen=true
AIAdultSlope= 8.00815819203854
AIAdultLD50= 0.371132600257173
AIAdultSlopeContact= 5.77265855763108
AIAdultLD50Contact= 32.335396297663
AILarvaSlope= 3.99858040735126
AILarvaLD50= 34.6109866315555
AIKOW= 2493.64643326592
AIKOC= 16524.9905223516
AIHalfLife= 6.24587902347557
EAppRate= 1.46837370518106
FoliarEnabled=true
FoliarAppDate= 07/01/1989
FoliarForageBegin= 07/01/1989
FoliarForageEnd= 07/14/1989
AIContactFactor= 0.876585240820423
CL4Pollen= 3.42099744826555
CL4Nectar= 52.771112555638
CL5Pollen= 1.0948516507633
CL5Nectar= 76.3551060925238
CLDPollen= 5.12977415509522
CLDNectar= 133.046618266962
CA13Pollen= 6.50904484679922
CA13Nectar= 58.4424771927297
CA410Pollen= 4.24853571765125
CA410Nectar= 150.699452850968
CA1120Pollen= 1.16803312534466
CA1120Nectar= 39.3902330286801
IPollenTrips= 5.70642330218107
INectarTrips= 14.1774872690439
IPollenLoad= 5.41834056377411
INectarLoad= 0.415719989687204
