ICQueenStrength= 3.99472185084596
RQWkrDrnRatio= 1.43027392122895
ICDroneMiteSurvivorship= 34.4583233352751
ICWorkerMiteSurvivorship= 71.6658732620999
ICForagerLifespan= 7.47185725532472
ImmType= Exponential
RQQueenStrength= 5.86830346984789
RQEnableReQueen= true
AIAdultSlope= 2.18788129463792
AIAdultLD50= 0.950143053267151
AIAdultSlopeContact= 1.30061034183018
AIAdultLD50Contact= 49.6647451781556
AILarvaSlope= 6.58166774734855
AILarvaLD50= 45.8089683461846
AIKOW= 86641.8185032196
AIKOC= 28176.7013757571
AIHalfLife= 4.17708610615227
EAppRate= 8.60927185577503
FoliarEnabled= true
FoliarAppDate= 09/01/1989
FoliarForageBegin= 09/01/1989
FoliarForageEnd= 09/08/1989
AIContactFactor= 0.840102250496857
CL4Pollen= 0.549829764291644
CL4Nectar= 21.9386433018371
CL5Pollen= 0.175949244294316
CL5Nectar= 119.409065844957
CLDPollen= 0.476643414236605
CLDNectar= 43.0557359824888
CA13Pollen= 7.17671431815252
CA13Nectar= 39.0012224763632
CA410Pollen= 3.49098245855421
CA410Nectar= 114.569319537841
CA1120Pollen= 1.72843377920799
CA1120Nectar= 64.7927933931351
IPollenTrips= 11.854185173288
INectarTrips= 13.5750344139524
IPollenLoad= 9.33585879160091
INectarLoad= 8.08756499784067
