ICQueenStrength= 3.99970134044997
RQWkrDrnRatio= 3.07673713378608
ICDroneMiteSurvivorship= 39.6045456640422
ICWorkerMiteSurvivorship= 83.2289827056229
ICForagerLifespan= 5.85992936324328
ImmType= Logarithmic
RQQueenStrength= 1.90855044778436
RQEnableReQueen= true
AIAdultSlope= 6.60006091557443
AIAdultLD50= 16.6543333802654
AIAdultSlopeContact= 1.10043968143873
AIAdultLD50Contact= 73.9977919257947
AILarvaSlope= 7.19258824549615
AILarvaLD50= 13.5310005751404
AIKOW= 45403.0791644941
AIKOC= 1137.5250652032
AIHalfLife= 32.9988892777357
EAppRate= 1.71740659106337
FoliarEnabled= true
FoliarAppDate= 06/07/1989
FoliarForageBegin= 06/05/1989
FoliarForageEnd= 06/28/1989
AIContactFactor= 2.22863562466577
CL4Pollen= 3.32434922643006
CL4Nectar= 22.3866854095832
CL5Pollen= 3.84449892304838
CL5Nectar= 13.7692381278612
CLDPollen= 3.79160302877426
CLDNectar= 45.3790945932269
CA13Pollen= 3.20844715535641
CA13Nectar= 30.5723710730672
CA410Pollen= 2.2814491965808
CA410Nectar= 46.4706221967936
CA1120Pollen= 1.5444929972291
CA1120Nectar= 83.0113556049764
IPollenTrips= 12.6400643540546
INectarTrips= 11.9881008123048
IPollenLoad= 0.385009197052568
INectarLoad= 7.39057990256697
