ICQueenStrength= 4.17096828832291
RQWkrDrnRatio= 2.18786893878132
ICDroneMiteSurvivorship= 85.5370556237176
ICWorkerMiteSurvivorship= 45.5877400934696
ICForagerLifespan= 15.9234577734023
ImmType= Exponential
RQQueenStrength= 5.93278832989745
RQEnableReQueen= true
AIAdultSlope= 1.3577103279531
AIAdultLD50= 90.8612118130291
AIAdultSlopeContact= 7.46369235543534
AIAdultLD50Contact= 60.2809350327379
AILarvaSlope= 1.74754766561091
AILarvaLD50= 10.9348527521826
AIKOW= 50194.0758879026
AIKOC= 55080.1915373597
AIHalfLife= 13.0377665163483
EAppRate= 8.27718579840544
FoliarEnabled= true
FoliarAppDate= 06/07/1989
FoliarForageBegin= 06/05/1989
FoliarForageEnd= 06/28/1989
AIContactFactor= 1.05614834195003
CL4Pollen= 0.220698950812221
CL4Nectar= 89.3680638866499
CL5Pollen= 3.03783113602549
CL5Nectar= 140.502146899235
CLDPollen= 5.36676983395591
CLDNectar= 23.6517746583559
CA13Pollen= 6.77680274592712
CA13Nectar= 67.4221801199019
CA410Pollen= 4.99202656948473
CA410Nectar= 116.174197299406
CA1120Pollen= 2.34692160249688
CA1120Nectar= 75.7255344465375
IPollenTrips= 9.31249395478517
INectarTrips= 7.77618982363492
IPollenLoad= 0.686810733750463
INectarLoad= 0.954402587376535
ESoilP= 1.14413424162194
ESoilFoc= 0.0103797189139295
