ICQueenStrength= 5.8496267804876
RQWkrDrnRatio= 2.99341684021056
ICDroneMiteSurvivorship= 81.7430862225592
ICWorkerMiteSurvivorship= 68.5706341639161
ICForagerLifespan= 5.70443087723106
ImmType= Cosine
RQQueenStrength= 1.06141525460407
RQEnableReQueen= true
AIAdultSlope= 4.9104140996933
AIAdultLD50= 33.6484969369729
AIAdultSlopeContact= 3.64052486536093
AIAdultLD50Contact= 24.1422646673175
AILarvaSlope= 4.21454216726124
AILarvaLD50= 24.407500658555
AIKOW= 52094.0824121789
AIKOC= 26254.2569980067
AIHalfLife= 0.25068791450467
EAppRate= 5.98654780466715
FoliarEnabled= true
FoliarAppDate= 06/07/1989
FoliarForageBegin= 06/05/1989
FoliarForageEnd= 06/28/1989
AIContactFactor= 0.357513536564074
CL4Pollen= 3.30101290903986
CL4Nectar= 35.9744626563042
CL5Pollen= 1.70400837762281
CL5Nectar= 82.0993236615323
CLDPollen= 0.47022271156311
CLDNectar= 93.8509158790112
CA13Pollen= 7.80581320617348
CA13Nectar= 78.8278084620833
CA410Pollen= 5.58016578652896
CA410Nectar= 56.9414783641696
CA1120Pollen= 2.96883586188778
CA1120Nectar= 64.3821490183473
IPollenTrips= 5.38651593029499
INectarTrips= 13.3477038890123
IPollenLoad= 2.61429331963882
INectarLoad= 2.7304157637991
