ICQueenStrength= 4.27752172597684
RQWkrDrnRatio= 2.20801747124642
ICDroneMiteSurvivorship= 20.3774521360174
ICWorkerMiteSurvivorship= 44.5438287453726
ICForagerLifespan= 6.08278433140367
ImmType= Sine
RQQueenStrength= 5.54998455708846
RQEnableReQueen= true
AIAdultSlope= 3.47902425564826
AIAdultLD50= 63.5928720445083
AIAdultSlopeContact= 6.10300822509453
AIAdultLD50Contact= 84.2464103406039
AILarvaSlope= 4.47781584784389
AILarvaLD50= 29.2490450108345
AIKOW= 21423.1057205523
AIKOC= 43090.9246556966
AIHalfLife= 26.47189502127
EAppRate= 4.19611140863714
FoliarEnabled= true
FoliarAppDate= 06/07/1989
FoliarForageBegin= 06/05/1989
FoliarForageEnd= 06/28/1989
AIContactFactor= 0.316200910131447
CL4Pollen= 2.33179715182632
CL4Nectar= 56.1587716452777
CL5Pollen= 0.850188301876187
CL5Nectar= 81.7108401563019
CLDPollen= 4.53533054189757
CLDNectar= 116.449979762547
CA13Pollen= 6.33171320455149
CA13Nectar= 68.6061382479966
CA410Pollen= 3.17568198449444
CA410Nectar= 95.5841640150174
CA1120Pollen= 1.59333506645635
CA1120Nectar= 88.9490991085768
IPollenTrips= 5.21145409438759
INectarTrips= 7.245411160402
IPollenLoad= 8.74197954777628
INectarLoad= 2.13301453040913
ESoilP= 1.4572109465953
ESoilFoc= 0.0192329360374715
