ICQueenStrength= 2.05046050506644
RQWkrDrnRatio= 2.8749386370182
ICDroneMiteSurvivorship= 6.39635391999036
ICWorkerMiteSurvivorship= 49.5522880693898
ICForagerLifespan= 6.66948952153325
ImmType= Tangent
AIAdultSlope= 1.34827641588869
AIAdultLD50= 0.0167797303758562
AIAdultSlopeContact= 3.4127647180832
AIAdultLD50Contact= 0.00443807322299108
AILarvaSlope= 1.38850135989487
AILarvaLD50= 0.825206069368869
AIKOW= 5.64128815382719
AIKOC= 9.84367182361893
AIHalfLife= 2.41007706543896
EAppRate= 7.43802185868844
FoliarEnabled= true
