ICQueenStrength= 3.64214146416634
RQWkrDrnRatio= 2.16267332807183
ICDroneMiteSurvivorship= 84.6329322084785
ICWorkerMiteSurvivorship= 98.9611477591097
ICForagerLifespan= 9.27375413477421
ImmType= Logarithmic
RQQueenStrength= 4.50017424440011
RQEnableReQueen= true
AIAdultSlope= 3.61794905737042
AIAdultLD50= 44.3103747151587
AIAdultSlopeContact= 2.92404744331725
AIAdultLD50Contact= 17.5623187345585
AILarvaSlope= 1.73278632201254
AILarvaLD50= 22.9556261244584
AIKOW= 57952.6054345119
AIKOC= 41487.7030088452
AIHalfLife= 31.2459590662736
EAppRate= 1.23160338362399
FoliarEnabled= true
FoliarAppDate= 06/07/1989
FoliarForageBegin= 06/05/1989
FoliarForageEnd= 06/28/1989
AIContactFactor= 1.18469211977441
CL4Pollen= 2.89728536643088
CL4Nectar= 70.1539228204638
CL5Pollen= 3.74225761787966
CL5Nectar= 146.592961787246
CLDPollen= 3.94866384426132
CLDNectar= 2.20775323687121
CA13Pollen= 6.87066541267559
CA13Nectar= 81.1814916320145
CA410Pollen= 9.05180586543866
CA410Nectar= 153.282194281928
CA1120Pollen= 0.924278206424788
CA1120Nectar= 33.9804391562939
IPollenTrips= 9.84810258960351
INectarTrips= 11.7404545540921
IPollenLoad= 2.03950851457193
INectarLoad= 4.67043679440394
