ICQueenStrength= 3.09087236784399
RQWkrDrnRatio= 2.64403482712805
ICDroneMiteSurvivorship= 66.3915947079659
ICWorkerMiteSurvivorship= 23.8189363852143
ICForagerLifespan= 6.21542447898537
ImmType= Tangent
RQQueenStrength= 1.36966016632505
RQEnableReQueen= true
AIAdultSlope= 5.64096005633473
AIAdultLD50= 49.1892511087635
AIAdultSlopeContact= 1.08712232927792
AIAdultLD50Contact= 44.2123896404125
AILarvaSlope= 7.26359922066331
AILarvaLD50= 14.2225250721297
AIKOW= 24484.6488893031
AIKOC= 24459.6366925035
AIHalfLife= 32.6989752945025
EAppRate= 1.33734347176366
FoliarEnabled= true
FoliarAppDate= 06/07/1989
FoliarForageBegin= 06/05/1989
FoliarForageEnd= 06/28/1989
AIContactFactor= 1.32154396900907
CL4Pollen= 0.545616370625794
CL4Nectar= 87.2368543641642
CL5Pollen= 0.670552239753306
CL5Nectar= 4.44300777744502
CLDPollen= 4.75652158912271
CLDNectar= 58.1718756118789
CA13Pollen= 5.42338242316618
CA13Nectar= 34.0136129595339
CA410Pollen= 5.93812659736723
CA410Nectar= 165.296700671315
CA1120Pollen= 1.81514178332873
CA1120Nectar= 68.5330420359969
IPollenTrips= 11.5134244947694
INectarTrips= 8.88602185295895
IPollenLoad= 2.66083736671135
INectarLoad= 2.24387522786856
