ICQueenStrength= 4.46870566019788
RQWkrDrnRatio= 4.09382735099643
ICDroneMiteSurvivorship= 61.924443510361
ICWorkerMiteSurvivorship= 15.6269168481231
ICForagerLifespan= 13.6011845897883
ImmType= Logarithmic
RQQueenStrength= 5.03575845644809
RQEnableReQueen= true
AIAdultSlope= 1.1473482158035
AIAdultLD50= 21.9865441289551
AIAdultSlopeContact= 7.55533099034801
AIAdultLD50Contact= 21.0673733065845
AILarvaSlope= 3.78894785046577
AILarvaLD50= 35.4465156976983
AIKOW= 56496.2955854602
AIKOC= 30596.8640539329
AIHalfLife= 15.0657141859643
EAppRate= 5.35962764967023
FoliarEnabled= true
FoliarAppDate= 06/07/1989
FoliarForageBegin= 06/05/1989
FoliarForageEnd= 06/28/1989
AIContactFactor= 1.34781672982965
CL4Pollen= 0.881726645864546
CL4Nectar= 18.684015260078
CL5Pollen= 4.89742866251618
CL5Nectar= 49.7103434870951
CLDPollen= 5.24604222457856
CLDNectar= 9.84507811954245
CA13Pollen= 6.87818893492222
CA13Nectar= 41.9061652384698
CA410Pollen= 7.11944595864043
CA410Nectar= 71.2239846307784
CA1120Pollen= 2.62692208006047
CA1120Nectar= 63.0350218527019
IPollenTrips= 14.6984462114051
INectarTrips= 5.89560350170359
IPollenLoad= 4.50647939927876
INectarLoad= 4.64764651143923
ESoilP= 1.30740530369803
ESoilFoc= 0.0125986522431485
