ICQueenStrength= 1.21390359965153
RQWkrDrnRatio= 1.3415054352954
ICDroneMiteSurvivorship= 95.163469016552
ICWorkerMiteSurvivorship= 87.992531596683
ICForagerLifespan= 5.53536452632397
ImmType= Polynomial
RQQueenStrength= 2.40421234420501
RQEnableReQueen= true
AIAdultSlope= 4.01116437464952
AIAdultLD50= 38.4929097108147
AIAdultSlopeContact= 9.10952900350094
AIAdultLD50Contact= 4.39815421334282
AILarvaSlope= 8.82528518512845
AILarvaLD50= 58.8397255023026
AIKOW= 85760.1436823542
AIKOC= 4695.65210666205
AIHalfLife= 28.3852440888993
EAppRate= 5.89442120376439
FoliarEnabled= true
FoliarAppDate= 06/07/1989
FoliarForageBegin= 06/05/1989
FoliarForageEnd= 06/28/1989
AIContactFactor= 2.19676833309699
CL4Pollen= 0.710354996845126
CL4Nectar= 7.91077476460487
CL5Pollen= 0.175571368541569
CL5Nectar= 98.5886036767624
CLDPollen= 5.52287103189155
CLDNectar= 140.134989959188
CA13Pollen= 6.37867317469791
CA13Nectar= 21.7305218055844
CA410Pollen= 4.99647535933182
CA410Nectar= 137.381932591088
CA1120Pollen= 2.26839529629797
CA1120Nectar= 68.837513756007
IPollenTrips= 8.34730791859329
INectarTrips= 10.8472410077229
IPollenLoad= 2.18546335352585
INectarLoad= 7.45813989313319
ESoilP= 1.40539044514298
ESoilFoc= 0.0159736078933347
