ICQueenStrength= 2.83985570911318
RQWkrDrnRatio= 3.72560478840023
ICDroneMiteSurvivorship= 13.4571596980095
ICWorkerMiteSurvivorship= 69.8979395441711
ICForagerLifespan= 13.7373661249876
ImmType= Cosine
RQQueenStrength= 3.3402686859481
RQEnableReQueen= true
AIAdultSlope= 4.46974348835647
AIAdultLD50= 39.5421936802976
AIAdultSlopeContact= 2.89436714304611
AIAdultLD50Contact= 82.7146164861026
AILarvaSlope= 2.22737426869571
AILarvaLD50= 27.7378735052741
AIKOW= 42070.2985442755
AIKOC= 29906.914081709
AIHalfLife= 32.9974015919492
EAppRate= 9.73833901429945
FoliarEnabled= true
FoliarAppDate= 06/07/1989
FoliarForageBegin= 06/05/1989
FoliarForageEnd= 06/28/1989
AIContactFactor= 2.11618228058331
CL4Pollen= 1.60068464651704
CL4Nectar= 27.5522007606924
CL5Pollen= 2.06799838179722
CL5Nectar= 74.1780258365907
CLDPollen= 0.203935121186078
CLDNectar= 46.5101649519056
CA13Pollen= 5.70707398913801
CA13Nectar= 23.7133287452161
CA410Pollen= 4.17070524275769
CA410Nectar= 39.7566547663882
CA1120Pollen= 0.485169025138021
CA1120Nectar= 57.0046206191182
IPollenTrips= 9.56629695137963
INectarTrips= 14.551136714872
IPollenLoad= 3.02177681587636
INectarLoad= 7.25796358194202
