ICQueenStrength= 2.99511659098789
RQWkrDrnRatio= 1.99385327473283
ICDroneMiteSurvivorship= 12.1605695225298
ICWorkerMiteSurvivorship= 23.7169882049784
ICForagerLifespan= 11.5007026912645
ImmType= Logarithmic
RQQueenStrength= 4.05686170002446
RQEnableReQueen= true
AIAdultSlope= 6.46817962266505
AIAdultLD50= 13.9301196462894
AIAdultSlopeContact= 2.22624417650513
AIAdultLD50Contact= 85.6461418326197
AILarvaSlope= 3.0602448079735
AILarvaLD50= 11.9196490757393
AIKOW= 5023.41377831466
AIKOC= 86293.760497214
AIHalfLife= 30.4364362780936
EAppRate= 1.99408094862849
FoliarEnabled= true
FoliarAppDate= 06/07/1989
FoliarForageBegin= 06/05/1989
FoliarForageEnd= 06/28/1989
AIContactFactor= 2.30428188429214
CL4Pollen= 0.808266563341022
CL4Nectar= 23.608736670576
CL5Pollen= 1.59854645607993
CL5Nectar= 76.107564009726
CLDPollen= 1.68407165911049
CLDNectar= 48.8236552686431
CA13Pollen= 7.48037372743711
CA13Nectar= 55.3539819456637
CA410Pollen= 3.14952610798646
CA410Nectar= 180.291413981467
CA1120Pollen= 2.01696239202283
CA1120Nectar= 90.2309613116086
IPollenTrips= 10.7896572886966
INectarTrips= 10.9428766230121
IPollenLoad= 4.58417541580275
INectarLoad= 8.53641607798636
