ICQueenStrength= 2.07073422870599
RQWkrDrnRatio= 3.41592164244503
ICDroneMiteSurvivorship= 48.0236960109323
ICWorkerMiteSurvivorship= 20.2657881658524
ICForagerLifespan= 13.9591439180076
ImmType= Exponential
RQQueenStrength= 4.65736882784404
RQEnableReQueen= true
AIAdultSlope= 6.31203669309616
AIAdultLD50= 66.322320084973
AIAdultSlopeContact= 3.29601068468764
AIAdultLD50Contact= 4.07167038218724
AILarvaSlope= 5.18576262146235
AILarvaLD50= 29.024107410074
AIKOW= 22260.9261257298
AIKOC= 45071.2175101126
AIHalfLife= 21.0624290348496
EAppRate= 8.91631505584531
FoliarEnabled= true
FoliarAppDate= 06/07/1989
FoliarForageBegin= 06/05/1989
FoliarForageEnd= 06/28/1989
AIContactFactor= 1.60918455374427
CL4Pollen= 3.26261287741363
CL4Nectar= 68.3277512900531
CL5Pollen= 3.32338068075478
CL5Nectar= 0.761877663899213
CLDPollen= 3.55199584644288
CLDNectar= 22.701189131476
CA13Pollen= 5.3625544517301
CA13Nectar= 49.348873924464
CA410Pollen= 8.23135673813522
CA410Nectar= 84.4131134543568
CA1120Pollen= 2.74611129309051
CA1120Nectar= 30.9594804607332
IPollenTrips= 11.8569297925569
INectarTrips= 11.9674420263618
IPollenLoad= 3.31242198590189
INectarLoad= 9.09456483088434
