ICQueenStrength= 1.59428853797726
RQWkrDrnRatio= 2.00286714918911
ICDroneMiteSurvivorship= 62.1183211449534
ICWorkerMiteSurvivorship= 57.0310895098373
ICForagerLifespan= 14.1607468305156
ImmType= Logarithmic
AIAdultSlope= 2.33705549012404
AIAdultLD50= 0.194519797479734
AIAdultSlopeContact= 0.981617604426574
AIAdultLD50Contact= 0.0290449552470818
AILarvaSlope= 1.58334405887872
AILarvaLD50= 0.696208005817607
AIKOW= 5.31718963570893
AIKOC= 12.1845433209091
AIHalfLife= 1.86039125365205
EAppRate= 1.92601712886244
FoliarEnabled= true
