ICQueenStrength= 5.39641411183402
RQWkrDrnRatio= 2.71275973878801
ICDroneMiteSurvivorship= 3.69022069498897
ICWorkerMiteSurvivorship= 44.2307573510334
ICForagerLifespan= 12.7951047066599
ImmType= Tangent
RQQueenStrength= 5.1500384430401
RQEnableReQueen= true
AIAdultSlope= 5.15872075036168
AIAdultLD50= 96.7718427883654
AIAdultSlopeContact= 6.44096086127684
AIAdultLD50Contact= 8.49070899035432
AILarvaSlope= 8.54362596571445
AILarvaLD50= 11.4762635677005
AIKOW= 71083.5233143376
AIKOC= 97679.011008403
AIHalfLife= 26.9257330552908
EAppRate= 2.93793169981404
FoliarEnabled= true
FoliarAppDate= 06/07/1989
FoliarForageBegin= 06/05/1989
FoliarForageEnd= 06/28/1989
AIContactFactor= 1.65988519847859
CL4Pollen= 2.49294804595411
CL4Nectar= 52.9084474779665
CL5Pollen= 5.70614604558796
CL5Nectar= 138.123797695152
CLDPollen= 5.40430102357641
CLDNectar= 112.139936280437
CA13Pollen= 7.92503740945831
CA13Nectar= 67.7214387618005
CA410Pollen= 6.55941351079382
CA410Nectar= 135.183984427713
CA1120Pollen= 2.63478626450524
CA1120Nectar= 85.0174642913043
IPollenTrips= 6.69580640736967
INectarTrips= 12.8883503982797
IPollenLoad= 3.0452758516185
INectarLoad= 2.99944070633501
