ICQueenStrength= 3.69048915361054
RQWkrDrnRatio= 3.6183533705771
ICDroneMiteSurvivorship= 83.4922301815823
ICWorkerMiteSurvivorship= 29.5771826757118
ICForagerLifespan= 4.97927536070347
ImmType= Cosine
RQQueenStrength= 1.18053370527923
RQEnableReQueen= true
AIAdultSlope= 6.42346864752471
AIAdultLD50= 76.7883779577783
AIAdultSlopeContact= 2.7431115785148
AIAdultLD50Contact= 16.9859125892539
AILarvaSlope= 5.49221780523658
AILarvaLD50= 27.7585262848758
AIKOW= 35571.8068014134
AIKOC= 75998.7620533512
AIHalfLife= 30.3643753713695
EAppRate= 8.04880885733897
FoliarEnabled= true
FoliarAppDate= 06/07/1989
FoliarForageBegin= 06/05/1989
FoliarForageEnd= 06/28/1989
AIContactFactor= 0.862114569218829
CL4Pollen= 1.93312166444957
CL4Nectar= 81.6968118306249
CL5Pollen= 2.9086799682118
CL5Nectar= 47.9864791268483
CLDPollen= 3.30330023774877
CLDNectar= 6.82225978234783
CA13Pollen= 3.03476738259196
CA13Nectar= 93.5310307331383
CA410Pollen= 2.56793496601749
CA410Nectar= 38.1200595898554
CA1120Pollen= 0.601370200747624
CA1120Nectar= 28.6437424644828
IPollenTrips= 12.2322460915893
INectarTrips= 10.4089634027332
IPollenLoad= 7.50832138815895
INectarLoad= 3.93679992528632
ESoilP= 1.25063904793933
ESoilFoc= 0.00834197719302028
