ICQueenStrength= 5.15839377790689
RQWkrDrnRatio= 3.69178009219468
ICDroneMiteSurvivorship= 50.4594283876941
ICWorkerMiteSurvivorship= 86.2510718870908
ICForagerLifespan= 13.3665799200535
ImmType= Polynomial
RQQueenStrength= 5.56349603016861
RQEnableReQueen= true
AIAdultSlope= 3.28099417686462
AIAdultLD50= 88.6109098937798
AIAdultSlopeContact= 7.89642508211546
AIAdultLD50Contact= 72.1263943878508
AILarvaSlope= 7.28994140028954
AILarvaLD50= 29.2427646998563
AIKOW= 94229.2760774743
AIKOC= 58597.1397247843
AIHalfLife= 9.41704389895312
EAppRate= 2.27265235326788
FoliarEnabled= true
FoliarAppDate= 06/07/1989
FoliarForageBegin= 06/05/1989
FoliarForageEnd= 06/28/1989
AIContactFactor= 0.532424095282331
CL4Pollen= 0.506174148060381
CL4Nectar= 2.29904833249748
CL5Pollen= 0.825458949431777
CL5Nectar= 18.4186294907704
CLDPollen= 4.97435708949342
CLDNectar= 112.512563739438
CA13Pollen= 6.04240936627611
CA13Nectar= 99.5257263444364
CA410Pollen= 5.6254907268798
CA410Nectar= 154.962811591104
CA1120Pollen= 1.29913124651648
CA1120Nectar= 35.8452770859003
IPollenTrips= 12.598253604956
INectarTrips= 11.6521400213242
IPollenLoad= 7.90300512220711
INectarLoad= 9.52871709363535
