ICQueenStrength= 4.67350088199601
RQWkrDrnRatio= 4.85882400069386
ICDroneMiteSurvivorship= 52.0696845371276
ICWorkerMiteSurvivorship= 30.1312454044819
ICForagerLifespan= 8.41845689807087
ImmType= Tangent
RQQueenStrength= 4.92545792972669
RQEnableReQueen= true
AIAdultSlope= 2.01523508876562
AIAdultLD50= 42.5871182207845
AIAdultSlopeContact= 6.96220494317822
AIAdultLD50Contact= 34.4688412896313
AILarvaSlope= 4.6206366866827
AILarvaLD50= 47.6178905733318
AIKOW= 86426.7721608415
AIKOC= 27542.6767648796
AIHalfLife= 23.0152293791296
EAppRate= 8.38696988077066
FoliarEnabled= true
FoliarAppDate= 06/07/1989
FoliarForageBegin= 06/05/1989
FoliarForageEnd= 06/28/1989
AIContactFactor= 2.33567137773614
CL4Pollen= 2.40465478785336
CL4Nectar= 79.7832108102739
CL5Pollen= 0.808177823200822
CL5Nectar= 10.3382602916099
CLDPollen= 2.63892757147551
CLDNectar= 13.7541869538836
CA13Pollen= 7.25147947929799
CA13Nectar= 52.8294711560011
CA410Pollen= 8.32287130404729
CA410Nectar= 141.99995668605
CA1120Pollen= 2.53151504485868
CA1120Nectar= 23.2635618373752
IPollenTrips= 14.8488745954819
INectarTrips= 14.846662832424
IPollenLoad= 3.13630854478106
INectarLoad= 8.16173889208585
ESoilP= 1.18454517726786
ESoilFoc= 0.00949714259640314
