ICQueenStrength= 4.4251444763504
RQWkrDrnRatio= 2.38783139642328
ICDroneMiteSurvivorship= 30.6239325553179
ICWorkerMiteSurvivorship= 69.8678391287103
ICForagerLifespan= 5.46960987895727
ImmType= Polynomial
RQQueenStrength= 4.74129998497665
RQEnableReQueen= true
AIAdultSlope= 2.37262696400285
AIAdultLD50= 29.4415455294887
AIAdultSlopeContact= 7.3238797232043
AIAdultLD50Contact= 52.9712541469962
AILarvaSlope= 3.367387002334
AILarvaLD50= 77.2919570125577
AIKOW= 79341.6784779826
AIKOC= 24614.0015163363
AIHalfLife= 33.9660511057591
EAppRate= 5.56328050491586
FoliarEnabled= true
FoliarAppDate= 06/07/1989
FoliarForageBegin= 06/05/1989
FoliarForageEnd= 06/28/1989
AIContactFactor= 1.35835583574139
CL4Pollen= 3.90713214594871
CL4Nectar= 3.73654516879469
CL5Pollen= 1.51753800362349
CL5Nectar= 29.6959711820818
CLDPollen= 3.60049664787948
CLDNectar= 114.796727662906
CA13Pollen= 8.14138565566391
CA13Nectar= 25.3164986893535
CA410Pollen= 8.09613662385382
CA410Nectar= 49.206920764409
CA1120Pollen= 2.02039815648459
CA1120Nectar= 41.3565254770219
IPollenTrips= 7.45763067388907
INectarTrips= 5.68921271944419
IPollenLoad= 6.17747608339414
INectarLoad= 2.30879075126722
ESoilP= 1.93818782875314
ESoilFoc= 0.00859083702694625
