ICQueenStrength= 3.10912898927927
RQWkrDrnRatio= 1.22023284807801
ICDroneMiteSurvivorship= 89.9649928323925
ICWorkerMiteSurvivorship= 76.7844615736976
ICForagerLifespan= 8.34156947676092
ImmType= Exponential
RQQueenStrength= 1.31782413925976
RQEnableReQueen=true
AIAdultSlope= 6.28357116319239
AIAdultLD50= 0.460890077581396
AIAdultSlopeContact= 1.73417846346274
AIAdultLD50Contact= 24.9001186917529
AILarvaSlope= 2.40804703347385
AILarvaLD50= 93.6165715029715
AIKOW= 67822.4857710624
AIKOC= 96617.1117721582
AIHalfLife= 16.624403226492
EAppRate= 8.22206926108501
FoliarEnabled=true
FoliarAppDate= 07/01/1989
FoliarForageBegin= 07/01/1989
FoliarForageEnd= 07/14/1989
AIContactFactor= 0.61044204254169
CL4Pollen= 1.6061603538692
CL4Nectar= 96.7964806361124
CL5Pollen= 1.56275221891701
CL5Nectar= 95.5817542620935
CLDPollen= 5.88925327174366
CLDNectar= 58.332896232605
CA13Pollen= 5.57117116898298
CA13Nectar= 86.0428781621158
CA410Pollen= 3.77741017087828
CA410Nectar= 65.919483168982
CA1120Pollen= 0.258368394803256
CA1120Nectar= 75.5410221591592
IPollenTrips= 10.6025576707907
INectarTrips= 6.79364387178794
IPollenLoad= 9.86576257739216
INectarLoad= 9.2453440790996
