ICQueenStrength= 2.49643960874528
RQWkrDrnRatio= 1.92693253979087
ICDroneMiteSurvivorship= 63.4995691711083
ICWorkerMiteSurvivorship= 51.1847160290927
ICForagerLifespan= 5.09310482162982
ImmType= Cosine
RQQueenStrength= 2.16037384374067
RQEnableReQueen= true
AIAdultSlope= 2.67693514376879
AIAdultLD50= 69.6427659937905
AIAdultSlopeContact= 6.52898547728546
AIAdultLD50Contact= 59.6071058835231
AILarvaSlope= 1.59605226479471
AILarvaLD50= 57.0952945299204
AIKOW= 3400.41720522778
AIKOC= 27552.6317585933
AIHalfLife= 18.0487171267625
EAppRate= 6.82575675971736
FoliarEnabled= true
FoliarAppDate= 06/07/1989
FoliarForageBegin= 06/05/1989
FoliarForageEnd= 06/28/1989
AIContactFactor= 0.412283037379384
CL4Pollen= 3.99473525304347
CL4Nectar= 83.6536765564233
CL5Pollen= 5.73596608825028
CL5Nectar= 125.309674011078
CLDPollen= 5.76572058722377
CLDNectar= 34.4240699429065
CA13Pollen= 5.34684362895787
CA13Nectar= 79.7369543090463
CA410Pollen= 2.9214735051617
CA410Nectar= 169.076764029451
CA1120Pollen= 1.2389251103159
CA1120Nectar= 35.622477568686
IPollenTrips= 12.7211130224168
INectarTrips= 10.9120777877979
IPollenLoad= 1.59521883353591
INectarLoad= 0.588075602427125
