ICQueenStrength= 1.23483767174184
RQWkrDrnRatio= 1.25341899506748
ICDroneMiteSurvivorship= 9.01528978720307
ICWorkerMiteSurvivorship= 74.3218105752021
ICForagerLifespan= 15.9530105227605
ImmType= Sine
RQQueenStrength= 3.0689598354511
RQEnableReQueen= true
AIAdultSlope= 3.40199606493115
AIAdultLD50= 64.1424616763706
AIAdultSlopeContact= 6.06969705410302
AIAdultLD50Contact= 74.2303155852915
AILarvaSlope= 1.50945055298507
AILarvaLD50= 68.4072018400575
AIKOW= 12939.8500528311
AIKOC= 58323.5502494003
AIHalfLife= 1.78033470092341
EAppRate= 0.996940806786763
FoliarEnabled= true
FoliarAppDate= 06/07/1989
FoliarForageBegin= 06/05/1989
FoliarForageEnd= 06/28/1989
AIContactFactor= 1.95298101409804
CL4Pollen= 0.801125737838447
CL4Nectar= 98.5157958697528
CL5Pollen= 4.68041524803266
CL5Nectar= 146.251697908156
CLDPollen= 5.41201516985893
CLDNectar= 77.2424789727665
CA13Pollen= 2.65950182992965
CA13Nectar= 44.3591886013746
CA410Pollen= 5.24971681670286
CA410Nectar= 147.287586089224
CA1120Pollen= 2.28483851370402
CA1120Nectar= 78.3256766945124
IPollenTrips= 7.99027759116143
INectarTrips= 7.62817801209167
IPollenLoad= 3.07871309341863
INectarLoad= 0.864985270891339
