ICQueenStrength= 2.1745866027195
RQWkrDrnRatio= 4.28358513768762
ICDroneMiteSurvivorship= 18.0903387721628
ICWorkerMiteSurvivorship= 93.2449856773019
ICForagerLifespan= 9.00090180151165
ImmType= Tangent
RQQueenStrength= 5.65363142313436
RQEnableReQueen= true
AIAdultSlope= 8.77895635552704
AIAdultLD50= 14.1322443096212
AIAdultSlopeContact= 5.37040848471224
AIAdultLD50Contact= 96.011676173405
AILarvaSlope= 4.3073232062161
AILarvaLD50= 2.86981485583913
AIKOW= 57891.8450477805
AIKOC= 69817.9726305343
AIHalfLife= 8.73916498629842
EAppRate= 1.31910459815152
FoliarEnabled= true
FoliarAppDate= 06/07/1989
FoliarForageBegin= 06/05/1989
FoliarForageEnd= 06/28/1989
AIContactFactor= 1.59226947730407
CL4Pollen= 3.07316876482219
CL4Nectar= 80.2460048347712
CL5Pollen= 0.468439099844545
CL5Nectar= 105.700871092267
CLDPollen= 3.23096127435565
CLDNectar= 34.393926593475
CA13Pollen= 5.09147291705012
CA13Nectar= 67.2626326419413
CA410Pollen= 7.37810185279232
CA410Nectar= 168.740365356207
CA1120Pollen= 2.36468863254413
CA1120Nectar= 88.4037961252034
IPollenTrips= 14.8917602701113
INectarTrips= 8.79218259127811
IPollenLoad= 4.52370929298922
INectarLoad= 8.28096474288031
