ICQueenStrength= 2.99252476799302
RQWkrDrnRatio= 3.12105192150921
ICDroneMiteSurvivorship= 11.442011455074
ICWorkerMiteSurvivorship= 15.1684431126341
ICForagerLifespan= 15.5483251744881
ImmType= Logarithmic
RQQueenStrength= 5.9817802128382
RQEnableReQueen= true
AIAdultSlope= 6.54064734093845
AIAdultLD50= 56.4268172654936
AIAdultSlopeContact= 6.94619987299666
AIAdultLD50Contact= 18.0776589952735
AILarvaSlope= 3.74702235125005
AILarvaLD50= 56.7798912776862
AIKOW= 82974.8887131527
AIKOC= 66986.4058348471
AIHalfLife= 25.6496935962932
EAppRate= 8.30562927514897
FoliarEnabled= true
FoliarAppDate= 06/07/1989
FoliarForageBegin= 06/05/1989
FoliarForageEnd= 06/28/1989
AIContactFactor= 0.3935391613096
CL4Pollen= 1.74442026019096
CL4Nectar= 68.455876247026
CL5Pollen= 4.05631862813607
CL5Nectar= 54.687286214903
CLDPollen= 0.0333539787679911
CLDNectar= 105.61971492134
CA13Pollen= 3.38178881471977
CA13Nectar= 84.731606002897
CA410Pollen= 8.08211831606459
CA410Nectar= 46.1844683811069
CA1120Pollen= 0.524615502683446
CA1120Nectar= 56.533948238939
IPollenTrips= 12.184936569538
INectarTrips= 13.0785213038325
IPollenLoad= 7.79251982225105
INectarLoad= 8.90642372658476
