ICQueenStrength= 1.86352797108702
RQWkrDrnRatio= 1.70794175937772
ICDroneMiteSurvivorship= 2.6864537037909
ICWorkerMiteSurvivorship= 66.5465379133821
ICForagerLifespan= 15.0608858466148
ImmType= Logarithmic
RQQueenStrength= 5.09054908552207
RQEnableReQueen= true
AIAdultSlope= 2.1292980927974
AIAdultLD50= 0.426096281983191
AIAdultSlopeContact= 2.91286212042905
AIAdultLD50Contact= 84.9980770922559
AILarvaSlope= 4.72209626436234
AILarvaLD50= 85.1253286163928
AIKOW= 74275.0347472703
AIKOC= 87865.486270424
AIHalfLife= 32.6566393219633
EAppRate= 2.41299759098655
FoliarEnabled= true
FoliarAppDate= 09/01/1989
FoliarForageBegin= 09/01/1989
FoliarForageEnd= 09/08/1989
AIContactFactor= 1.95343120078091
CL4Pollen= 2.42251041904092
CL4Nectar= 90.331985312514
CL5Pollen= 2.53726370260119
CL5Nectar= 20.2181799220853
CLDPollen= 2.79765634657815
CLDNectar= 96.7776836827397
CA13Pollen= 6.65883904257789
CA13Nectar= 76.9020084664226
CA410Pollen= 4.0631880949717
CA410Nectar= 198.270228486508
CA1120Pollen= 0.124213068047538
CA1120Nectar= 69.0834001265466
IPollenTrips= 14.6952110389248
INectarTrips= 7.92317500105128
IPollenLoad= 6.25123664736748
INectarLoad= 5.34024927765131
