ICQueenStrength= 5.57867475226521
RQWkrDrnRatio= 3.75031854305416
ICDroneMiteSurvivorship= 45.0504530919716
ICWorkerMiteSurvivorship= 99.6514962753281
ICForagerLifespan= 5.77310963254422
ImmType= Exponential
RQQueenStrength= 4.52263421402313
RQEnableReQueen= true
AIAdultSlope= 7.61034863069654
AIAdultLD50= 74.0930511164733
AIAdultSlopeContact= 3.70334706827998
AIAdultLD50Contact= 94.650165870768
AILarvaSlope= 8.78761349245906
AILarvaLD50= 98.2266385960518
AIKOW= 14925.7831832165
AIKOC= 52709.2899058117
AIHalfLife= 7.58225422441028
EAppRate= 3.34067101498717
FoliarEnabled= true
FoliarAppDate= 06/07/1989
FoliarForageBegin= 06/05/1989
FoliarForageEnd= 06/28/1989
AIContactFactor= 0.290012954245321
CL4Pollen= 2.93102650437504
CL4Nectar= 28.7249375134706
CL5Pollen= 5.32939012208953
CL5Nectar= 136.622737487778
CLDPollen= 5.43192172469571
CLDNectar= 89.3589882762171
CA13Pollen= 6.33991212518886
CA13Nectar= 91.7854218184948
CA410Pollen= 2.52824645212386
CA410Nectar= 67.4037220841274
CA1120Pollen= 0.0300049802754074
CA1120Nectar= 63.6532988958061
IPollenTrips= 14.9398679565638
INectarTrips= 6.73344978364184
IPollenLoad= 5.83507912931964
INectarLoad= 3.73075220733881
ESoilP= 1.29806552454829
ESoilFoc= 0.0192173411832191
