ICQueenStrength= 2.48641503765248
RQWkrDrnRatio= 3.69947099033743
ICDroneMiteSurvivorship= 76.76994826179
ICWorkerMiteSurvivorship= 12.3393363319337
ICForagerLifespan= 14.6121367858723
ImmType= Cosine
RQQueenStrength= 5.93760156794451
RQEnableReQueen= true
AIAdultSlope= 6.97938628867269
AIAdultLD50= 62.4530485704101
AIAdultSlopeContact= 2.65207852981985
AIAdultLD50Contact= 93.2961241882651
AILarvaSlope= 2.64507265947759
AILarvaLD50= 23.2265455945705
AIKOW= 18824.3088230252
AIKOC= 4381.73553306982
AIHalfLife= 24.176595226978
EAppRate= 4.69353932082676
FoliarEnabled= true
FoliarAppDate= 06/07/1989
FoliarForageBegin= 06/05/1989
FoliarForageEnd= 06/28/1989
AIContactFactor= 1.92459899591748
CL4Pollen= 1.7860967842862
CL4Nectar= 31.1853482853621
CL5Pollen= 4.03850422427058
CL5Nectar= 127.996620791964
CLDPollen= 2.16385415894911
CLDNectar= 11.3065634504892
CA13Pollen= 7.27875583646819
CA13Nectar= 62.4613130278885
CA410Pollen= 3.95873789514881
CA410Nectar= 58.5034511331469
CA1120Pollen= 2.57929427688941
CA1120Nectar= 58.7033607997
IPollenTrips= 5.32440261449665
INectarTrips= 7.60463031707332
IPollenLoad= 9.9684353149496
INectarLoad= 2.26285266224295
