ICQueenStrength= 1.78237080131657
RQWkrDrnRatio= 1.73373122885823
ICDroneMiteSurvivorship= 28.7587356753647
ICWorkerMiteSurvivorship= 26.796285668388
ICForagerLifespan= 9.96476375311613
ImmType= Tangent
RQQueenStrength= 1.55273248697631
RQEnableReQueen= true
AIAdultSlope= 4.14273255504668
AIAdultLD50= 0.623231282259803
AIAdultSlopeContact= 2.60266968957148
AIAdultLD50Contact= 30.1544202200156
AILarvaSlope= 1.84831195138395
AILarvaLD50= 15.8884404227375
AIKOW= 74471.4644421878
AIKOC= 57697.7095538073
AIHalfLife= 15.172900532186
EAppRate= 9.33141316393809
FoliarEnabled= true
FoliarAppDate= 09/01/1989
FoliarForageBegin= 09/01/1989
FoliarForageEnd= 09/08/1989
AIContactFactor= 1.03366221614648
CL4Pollen= 0.868176054209471
CL4Nectar= 97.0082243671641
CL5Pollen= 1.18885904783383
CL5Nectar= 7.75029516080394
CLDPollen= 2.30902471253648
CLDNectar= 123.327384679578
CA13Pollen= 2.78263980923221
CA13Nectar= 26.6993662714958
CA410Pollen= 8.39898150002118
CA410Nectar= 132.773319068365
CA1120Pollen= 0.246203263057396
CA1120Nectar= 34.1161140054464
IPollenTrips= 14.6586926863529
INectarTrips= 8.43310633208603
IPollenLoad= 7.217138747219
INectarLoad= 7.92327241972089
