ICQueenStrength= 3.69733157474548
RQWkrDrnRatio= 1.12557331100106
ICDroneMiteSurvivorship= 90.9281542757526
ICWorkerMiteSurvivorship= 29.2379322461784
ICForagerLifespan= 4.59795180149376
ImmType= Tangent
RQQueenStrength= 3.25780315697193
RQEnableReQueen= true
AIAdultSlope= 1.21650983951986
AIAdultLD50= 51.8778854864065
AIAdultSlopeContact= 8.65364587097429
AIAdultLD50Contact= 91.6525186796621
AILarvaSlope= 8.07039070129395
AILarvaLD50= 93.4168668338666
AIKOW= 79425.04746301
AIKOC= 54215.6549269129
AIHalfLife= 16.0178848262643
EAppRate= 1.90466197182774
FoliarEnabled= true
FoliarAppDate= 06/07/1989
FoliarForageBegin= 06/05/1989
FoliarForageEnd= 06/28/1989
AIContactFactor= 2.03624710044824
CL4Pollen= 2.83284467458725
CL4Nectar= 60.2059543132782
CL5Pollen= 5.20401328895241
CL5Nectar= 53.7469819653779
CLDPollen= 4.1393191809766
CLDNectar= 119.154466479085
CA13Pollen= 2.24837204143405
CA13Nectar= 42.581050414592
CA410Pollen= 5.56060295649804
CA410Nectar= 66.4108372898772
CA1120Pollen= 0.0804145317524672
CA1120Nectar= 53.1489953584969
IPollenTrips= 10.594019535929
INectarTrips= 6.27263002330437
IPollenLoad= 5.96320159966126
INectarLoad= 8.6235754028894
