ICQueenStrength= 1.58553775888868
RQWkrDrnRatio= 4.93295520078391
ICDroneMiteSurvivorship= 39.5632522413507
ICWorkerMiteSurvivorship= 40.0522495154291
ICForagerLifespan= 15.6788454605266
ImmType= Polynomial
RQQueenStrength= 5.11844320595264
RQEnableReQueen= true
AIAdultSlope= 5.654446516186
AIAdultLD50= 31.2477448062052
AIAdultSlopeContact= 9.64460422098637
AIAdultLD50Contact= 1.70282678996702
AILarvaSlope= 5.34688449092209
AILarvaLD50= 59.6829611391178
AIKOW= 59989.2247199311
AIKOC= 42014.4343716057
AIHalfLife= 8.97866977045778
EAppRate= 1.41979979036446
FoliarEnabled= true
FoliarAppDate= 06/07/1989
FoliarForageBegin= 06/05/1989
FoliarForageEnd= 06/28/1989
AIContactFactor= 0.897160974326543
CL4Pollen= 1.38808476924896
CL4Nectar= 4.04156886506826
CL5Pollen= 1.76850809063762
CL5Nectar= 136.507820826955
CLDPollen= 0.858156376518309
CLDNectar= 7.51289175823331
CA13Pollen= 3.20704022776335
CA13Nectar= 36.9779839552939
CA410Pollen= 6.55645335440058
CA410Nectar= 56.1896027065814
CA1120Pollen= 2.49644059315324
CA1120Nectar= 57.5402072072029
IPollenTrips= 7.83127744682133
INectarTrips= 8.15298567991704
IPollenLoad= 6.91736517474055
INectarLoad= 3.39717044029385
ESoilP= 1.3531652931124
ESoilFoc= 0.00885250566131435
