ICQueenStrength= 5.89817455643788
RQWkrDrnRatio= 4.09487431310117
ICDroneMiteSurvivorship= 1.31198319140822
ICWorkerMiteSurvivorship= 64.432119531557
ICForagerLifespan= 12.3328575855121
ImmType= Logarithmic
RQQueenStrength= 5.9921299261041
RQEnableReQueen= true
AIAdultSlope= 4.71249286830425
AIAdultLD50= 32.9570835456557
AIAdultSlopeContact= 9.6922001352068
AIAdultLD50Contact= 44.8130408268308
AILarvaSlope= 5.76235225610435
AILarvaLD50= 75.863952665987
AIKOW= 27624.349385758
AIKOC= 92003.799308473
AIHalfLife= 30.0953361377818
EAppRate= 6.8973603208703
FoliarEnabled= true
FoliarAppDate= 06/07/1989
FoliarForageBegin= 06/05/1989
FoliarForageEnd= 06/28/1989
AIContactFactor= 0.755446369801648
CL4Pollen= 2.75042809452862
CL4Nectar= 18.4001474175602
CL5Pollen= 0.0274648200720549
CL5Nectar= 73.0828396975994
CLDPollen= 3.43571884604171
CLDNectar= 15.9043627674691
CA13Pollen= 3.27199748791754
CA13Nectar= 30.8484479039907
CA410Pollen= 7.17860785606317
CA410Nectar= 149.271850539371
CA1120Pollen= 2.4103957763873
CA1120Nectar= 64.3879809416831
IPollenTrips= 14.9621900706552
INectarTrips= 12.2735721990466
IPollenLoad= 5.60536235570908
INectarLoad= 2.44583666790277
ESoilP= 1.9076200639829
ESoilFoc= 0.0149345261056442
