ICQueenStrength= 1.09790433105081
RQWkrDrnRatio= 1.51572295930237
ICDroneMiteSurvivorship= 52.4814078351483
ICWorkerMiteSurvivorship= 10.6398105621338
ICForagerLifespan= 8.19746561534703
ImmType= Sine
RQQueenStrength= 1.92952209990472
RQEnableReQueen= true
AIAdultSlope= 8.98124543391168
AIAdultLD50= 70.669880051086
AIAdultSlopeContact= 1.88776233000681
AIAdultLD50Contact= 61.9646108764829
AILarvaSlope= 6.38002188690007
AILarvaLD50= 75.9944728901258
AIKOW= 94913.0879446893
AIKOC= 67526.157213113
AIHalfLife= 33.8087205858901
EAppRate= 0.951446395565756
FoliarEnabled= true
FoliarAppDate= 06/07/1989
FoliarForageBegin= 06/05/1989
FoliarForageEnd= 06/28/1989
AIContactFactor= 1.8642756924266
CL4Pollen= 1.27406212873757
CL4Nectar= 21.7236299300566
CL5Pollen= 3.85867630736902
CL5Nectar= 141.120679839514
CLDPollen= 2.99939075717703
CLDNectar= 4.8554900335148
CA13Pollen= 6.47242293860763
CA13Nectar= 93.4607074595988
CA410Pollen= 6.91931551774032
CA410Nectar= 191.214880892076
CA1120Pollen= 1.73200137563981
CA1120Nectar= 30.140141248703
IPollenTrips= 12.5154474098235
INectarTrips= 11.1301216925494
IPollenLoad= 3.34527983563021
INectarLoad= 0.207613557577133
