ICQueenStrength= 4.03785941796377
RQWkrDrnRatio= 4.10887438897043
ICDroneMiteSurvivorship= 31.4128671539947
ICWorkerMiteSurvivorship= 86.9374230271205
ICForagerLifespan= 7.59840862918645
ImmType= Cosine
RQQueenStrength= 2.76921782549471
RQEnableReQueen= true
AIAdultSlope= 5.87595821917057
AIAdultLD50= 0.174376002895646
AIAdultSlopeContact= 5.4197130498942
AIAdultLD50Contact= 14.4828502951055
AILarvaSlope= 2.37999270483851
AILarvaLD50= 51.562009615975
AIKOW= 74448.9158210597
AIKOC= 43998.6481014178
AIHalfLife= 21.3869828494731
EAppRate= 2.14536015631468
FoliarEnabled= true
FoliarAppDate= 09/01/1989
FoliarForageBegin= 09/01/1989
FoliarForageEnd= 09/08/1989
AIContactFactor= 0.765062378812581
CL4Pollen= 0.23429321218282
CL4Nectar= 66.1416491959244
CL5Pollen= 5.34686516784132
CL5Nectar= 75.5227157031186
CLDPollen= 5.61827003164217
CLDNectar= 89.6362560451962
CA13Pollen= 3.81990634631366
CA13Nectar= 88.7952988781035
CA410Pollen= 4.22509842433501
CA410Nectar= 94.9337076675147
CA1120Pollen= 0.121017953613773
CA1120Nectar= 96.9841411523521
IPollenTrips= 11.9986304780468
INectarTrips= 10.6849064771086
IPollenLoad= 8.47722884267569
INectarLoad= 2.37144361250103
