ICQueenStrength= 2.91886269021779
RQWkrDrnRatio= 1.90219897404313
ICDroneMiteSurvivorship= 8.54080317076296
ICWorkerMiteSurvivorship= 40.9021012950689
ICForagerLifespan= 15.8353797597811
ImmType= Exponential
RQQueenStrength= 5.73322933190502
RQEnableReQueen= true
AIAdultSlope= 2.82602690160275
AIAdultLD50= 81.9167138494069
AIAdultSlopeContact= 7.64068466261961
AIAdultLD50Contact= 20.1427157918315
AILarvaSlope= 4.62932085618377
AILarvaLD50= 9.75727744730655
AIKOW= 63824.384062856
AIKOC= 89353.8198095118
AIHalfLife= 28.717505060439
EAppRate= 0.429093601206783
FoliarEnabled= true
FoliarAppDate= 06/07/1989
FoliarForageBegin= 06/05/1989
FoliarForageEnd= 06/28/1989
AIContactFactor= 1.5885100386804
CL4Pollen= 2.60079972073436
CL4Nectar= 33.3785979542881
CL5Pollen= 1.16536096343771
CL5Nectar= 88.8778646942228
CLDPollen= 0.0428727809339762
CLDNectar= 122.685418487526
CA13Pollen= 4.85221058996394
CA13Nectar= 24.9338117614388
CA410Pollen= 9.45222816260066
CA410Nectar= 127.858686996624
CA1120Pollen= 0.106325534870848
CA1120Nectar= 94.8481767065823
IPollenTrips= 7.53985016606748
INectarTrips= 8.0000039585866
IPollenLoad= 7.36305681290105
INectarLoad= 9.58240556064993
