ICQueenStrength= 2.8447311129421
RQWkrDrnRatio= 4.9481967817992
ICDroneMiteSurvivorship= 76.493939710781
ICWorkerMiteSurvivorship= 70.8491644822061
ICForagerLifespan= 5.8230771496892
ImmType= Cosine
RQQueenStrength= 1.55181728559546
RQEnableReQueen= true
AIAdultSlope= 4.95583073236048
AIAdultLD50= 36.8651577848806
AIAdultSlopeContact= 1.49243370164186
AIAdultLD50Contact= 21.1762359339611
AILarvaSlope= 5.34085991419852
AILarvaLD50= 34.3039630100876
AIKOW= 41478.7229231325
AIKOC= 17750.691300313
AIHalfLife= 34.32844950906
EAppRate= 2.11277315321472
FoliarEnabled= true
FoliarAppDate= 06/07/1989
FoliarForageBegin= 06/05/1989
FoliarForageEnd= 06/28/1989
AIContactFactor= 1.12862301172689
CL4Pollen= 0.140112731605768
CL4Nectar= 54.3534265831113
CL5Pollen= 5.91702884109691
CL5Nectar= 64.893781626597
CLDPollen= 2.64425234869123
CLDNectar= 110.464818554465
CA13Pollen= 6.75149759585038
CA13Nectar= 76.5773016773164
CA410Pollen= 5.73625799028669
CA410Nectar= 158.103028163314
CA1120Pollen= 1.74610398360528
CA1120Nectar= 96.3092205114663
IPollenTrips= 12.6666713436134
INectarTrips= 14.4085176079534
IPollenLoad= 1.48836554028094
INectarLoad= 0.716153520625085
ESoilP= 1.61758684343658
ESoilFoc= 0.0169829452221748
