ICQueenStrength= 2.68030368629843
RQWkrDrnRatio= 4.76755667943507
ICDroneMiteSurvivorship= 41.7345853056759
ICWorkerMiteSurvivorship= 91.183599899523
ICForagerLifespan= 14.2107418235391
ImmType= Sine
RQQueenStrength= 4.76054771943018
RQEnableReQueen= true
AIAdultSlope= 5.26725223101676
AIAdultLD50= 22.7657792199627
AIAdultSlopeContact= 9.028681343887
AIAdultLD50Contact= 81.7180432174162
AILarvaSlope= 1.63004950992763
AILarvaLD50= 65.1419130289943
AIKOW= 49282.610109764
AIKOC= 37859.9980658502
AIHalfLife= 0.35118639471475
EAppRate= 8.12824957796466
FoliarEnabled= true
FoliarAppDate= 06/07/1989
FoliarForageBegin= 06/05/1989
FoliarForageEnd= 06/28/1989
AIContactFactor= 2.25120388972573
CL4Pollen= 2.00424431078136
CL4Nectar= 7.01211320701987
CL5Pollen= 5.32105389330536
CL5Nectar= 64.5636152476072
CLDPollen= 5.77632738975808
CLDNectar= 3.7130557699129
CA13Pollen= 5.25327152227983
CA13Nectar= 84.4999186694622
CA410Pollen= 4.62621027845889
CA410Nectar= 139.274573661387
CA1120Pollen= 2.47157517378218
CA1120Nectar= 61.1928717978299
IPollenTrips= 7.24087923998013
INectarTrips= 6.40456754248589
IPollenLoad= 4.90131135797128
INectarLoad= 8.33870131755248
ESoilP= 1.44518393208273
ESoilFoc= 0.00357225286634639
