ICQueenStrength= 1.20020564901643
RQWkrDrnRatio= 3.82309731654823
ICDroneMiteSurvivorship= 94.7229966055602
ICWorkerMiteSurvivorship= 98.5204277560115
ICForagerLifespan= 4.58257383666933
ImmType= Cosine
AIAdultSlope= 1.54652853596024
AIAdultLD50= 0.121526517113671
AIAdultSlopeContact= 0.402226764494553
AIAdultLD50Contact= 0.0469121929840185
AILarvaSlope= 2.87787324632518
AILarvaLD50= 0.0344456366496161
AIKOW= 3.68614721577615
AIKOC= 12.3819766286761
AIHalfLife= 2.01551958259661
EAppRate= 3.0299335042946
FoliarEnabled= true
