ICQueenStrength= 1.87066073715687
RQWkrDrnRatio= 3.82520326878875
ICDroneMiteSurvivorship= 44.6061047725379
ICWorkerMiteSurvivorship= 7.57200117222965
ICForagerLifespan= 6.96267532091588
ImmType= Cosine
RQQueenStrength= 2.02608105633408
RQEnableReQueen=true
AIAdultSlope= 8.95636127144098
AIAdultLD50= 0.993885288428282
AIAdultSlopeContact= 7.20991594786756
AIAdultLD50Contact= 0.107059979813406
AILarvaSlope= 1.34695493616164
AILarvaLD50= 21.3009389193582
AIKOW= 47364.1907346692
AIKOC= 23286.3007255932
AIHalfLife= 34.3462170840241
EAppRate= 7.90804162834236
FoliarEnabled=true
FoliarAppDate= 07/01/1989
FoliarForageBegin= 07/01/1989
FoliarForageEnd= 07/14/1989
AIContactFactor= 0.908128355047665
CL4Pollen= 3.57772098015994
CL4Nectar= 58.7685071863234
CL5Pollen= 4.60999593324959
CL5Nectar= 1.49958450347185
CLDPollen= 0.694393332581967
CLDNectar= 55.1760569913313
CA13Pollen= 5.91369047556072
CA13Nectar= 24.8365247994661
CA410Pollen= 6.69728964704555
CA410Nectar= 182.392374556512
CA1120Pollen= 1.43775291997008
CA1120Nectar= 63.5589258745313
IPollenTrips= 6.94128759205341
INectarTrips= 8.11451791319996
IPollenLoad= 8.49580875365064
INectarLoad= 2.43652086704969
