ICQueenStrength= 5.65982780326158
RQWkrDrnRatio= 3.16692963335663
ICDroneMiteSurvivorship= 28.0328133609146
ICWorkerMiteSurvivorship= 12.8090999089181
ICForagerLifespan= 10.3511197986081
ImmType= Exponential
RQQueenStrength= 5.19201486045495
RQEnableReQueen= true
AIAdultSlope= 5.31877246126533
AIAdultLD50= 0.148240608087042
AIAdultSlopeContact= 3.14697307860479
AIAdultLD50Contact= 69.8148879813156
AILarvaSlope= 3.73389582335949
AILarvaLD50= 28.2518284375127
AIKOW= 40109.6362673486
AIKOC= 26192.5785654022
AIHalfLife= 13.4957755587297
EAppRate= 4.32509250891581
FoliarEnabled= true
FoliarAppDate= 09/01/1989
FoliarForageBegin= 09/01/1989
FoliarForageEnd= 09/08/1989
AIContactFactor= 2.39494883358944
CL4Pollen= 3.06014244537801
CL4Nectar= 99.1477284114808
CL5Pollen= 1.6141847698018
CL5Nectar= 114.736816682853
CLDPollen= 0.274139957036823
CLDNectar= 25.3256949596107
CA13Pollen= 8.13300095293671
CA13Nectar= 71.8418165482581
CA410Pollen= 7.20058517055586
CA410Nectar= 114.878688501194
CA1120Pollen= 0.97874630545266
CA1120Nectar= 24.3687385320663
IPollenTrips= 5.50112876109779
INectarTrips= 7.88593294098973
IPollenLoad= 2.33083054190502
INectarLoad= 4.35974943218753
