ICQueenStrength= 3.92271746788174
RQWkrDrnRatio= 4.20427313446999
ICDroneMiteSurvivorship= 97.02303474769
ICWorkerMiteSurvivorship= 92.2968687722459
ICForagerLifespan= 5.92890215851367
ImmType= Sine
RQQueenStrength= 4.01547846850008
RQEnableReQueen=true
AIAdultSlope= 1.39594774506986
AIAdultLD50= 0.961729167613667
AIAdultSlopeContact= 6.77584432112053
AIAdultLD50Contact= 68.1409036394798
AILarvaSlope= 3.07525031641126
AILarvaLD50= 21.6937452465447
AIKOW= 81268.1913946875
AIKOC= 59527.4208815349
AIHalfLife= 18.9855074921623
EAppRate= 6.07495747076487
FoliarEnabled=true
FoliarAppDate= 07/01/1989
FoliarForageBegin= 07/01/1989
FoliarForageEnd= 07/14/1989
AIContactFactor= 2.33102623146027
CL4Pollen= 3.17135018389672
CL4Nectar= 73.3349326066673
CL5Pollen= 5.09256067872047
CL5Nectar= 117.695108090993
CLDPollen= 5.62900675088167
CLDNectar= 49.8428522609174
CA13Pollen= 3.86988974716514
CA13Nectar= 63.4791054949164
CA410Pollen= 3.9326457288349
CA410Nectar= 79.4925725180656
CA1120Pollen= 0.652174335904419
CA1120Nectar= 78.34911480546
IPollenTrips= 13.4883529227227
INectarTrips= 8.85373716708273
IPollenLoad= 2.47707957867533
INectarLoad= 5.52911247592419
