ICQueenStrength= 4.29821668099612
RQWkrDrnRatio= 1.790452147834
ICDroneMiteSurvivorship= 44.5912532275543
ICWorkerMiteSurvivorship= 1.05586622375995
ICForagerLifespan= 4.58979777153581
ImmType= Polynomial
RQQueenStrength= 5.7191763529554
RQEnableReQueen= true
AIAdultSlope= 8.04483301565051
AIAdultLD50= 67.4584334864318
AIAdultSlopeContact= 2.19288750225678
AIAdultLD50Contact= 42.9186805031544
AILarvaSlope= 7.5289530493319
AILarvaLD50= 98.2805094104952
AIKOW= 85420.1600332731
AIKOC= 14681.0517314752
AIHalfLife= 24.6537984810537
EAppRate= 8.85836634248495
FoliarEnabled= true
FoliarAppDate= 06/07/1989
FoliarForageBegin= 06/05/1989
FoliarForageEnd= 06/28/1989
AIContactFactor= 1.23348715249449
CL4Pollen= 0.0613543009385467
CL4Nectar= 5.09186838753521
CL5Pollen= 0.464372714515775
CL5Nectar= 53.1499136472121
CLDPollen= 1.86476045753807
CLDNectar= 139.253353409003
CA13Pollen= 8.14514183374122
CA13Nectar= 92.7595637924969
CA410Pollen= 7.06834786408581
CA410Nectar= 46.9586657593027
CA1120Pollen= 1.41698435065337
CA1120Nectar= 27.1967935375869
IPollenTrips= 12.6720365718938
INectarTrips= 12.077886457555
IPollenLoad= 4.88682941766456
INectarLoad= 8.50311473710462
ESoilP= 1.73141115531325
ESoilFoc= 0.00556379687460139
