ICQueenStrength= 1.42196027236059
RQWkrDrnRatio= 2.73636685218662
ICDroneMiteSurvivorship= 66.9438876444474
ICWorkerMiteSurvivorship= 24.2426983080804
ICForagerLifespan= 15.2277816813439
ImmType= Polynomial
RQQueenStrength= 4.52624976891093
RQEnableReQueen= true
AIAdultSlope= 6.49741214886308
AIAdultLD50= 18.1594552145768
AIAdultSlopeContact= 5.11579669057392
AIAdultLD50Contact= 93.4367550285636
AILarvaSlope= 3.69887419044971
AILarvaLD50= 89.0787291269989
AIKOW= 47187.4510596551
AIKOC= 33749.6125048331
AIHalfLife= 18.6890183910495
EAppRate= 0.130328749182168
FoliarEnabled= true
FoliarAppDate= 06/07/1989
FoliarForageBegin= 06/05/1989
FoliarForageEnd= 06/28/1989
AIContactFactor= 0.818427086235024
CL4Pollen= 2.0293942829594
CL4Nectar= 46.3854974601418
CL5Pollen= 0.966350049711764
CL5Nectar= 103.912635147572
CLDPollen= 0.333639856427908
CLDNectar= 125.157211418264
CA13Pollen= 7.52831654837355
CA13Nectar= 98.4665732644498
CA410Pollen= 6.91467131415848
CA410Nectar= 37.5652205152437
CA1120Pollen= 0.115191870136186
CA1120Nectar= 35.6623705662787
IPollenTrips= 5.96498995786533
INectarTrips= 5.29200611636043
IPollenLoad= 6.11699260072783
INectarLoad= 2.52440248150378
