ICQueenStrength= 2.28461073734798
RQWkrDrnRatio= 2.63928230665624
ICDroneMiteSurvivorship= 55.8640385046601
ICWorkerMiteSurvivorship= 64.1305997734889
ICForagerLifespan= 14.9131250781938
ImmType= Polynomial
RQQueenStrength= 3.60259676608257
RQEnableReQueen= true
AIAdultSlope= 3.97926866821945
AIAdultLD50= 32.4215762317704
AIAdultSlopeContact= 6.02381122834049
AIAdultLD50Contact= 19.259904347216
AILarvaSlope= 5.77635166794062
AILarvaLD50= 55.6072533067826
AIKOW= 32393.5496706404
AIKOC= 73517.3440847511
AIHalfLife= 17.0115875710035
EAppRate= 4.28204438622226
FoliarEnabled= true
FoliarAppDate= 06/07/1989
FoliarForageBegin= 06/05/1989
FoliarForageEnd= 06/28/1989
AIContactFactor= 2.34856083539315
CL4Pollen= 0.486800625920296
CL4Nectar= 91.9465648941696
CL5Pollen= 3.58647618396208
CL5Nectar= 101.944704120979
CLDPollen= 5.26102655148134
CLDNectar= 55.5787967867218
CA13Pollen= 5.49963230155408
CA13Nectar= 27.247351706028
CA410Pollen= 7.04630140217487
CA410Nectar= 153.042924515903
CA1120Pollen= 0.0195076698437333
CA1120Nectar= 64.61261337623
IPollenTrips= 11.1200454784557
INectarTrips= 14.550356187392
IPollenLoad= 2.39281704649329
INectarLoad= 0.0120510277338326
ESoilP= 1.29177930462174
ESoilFoc= 0.0140818482697941
