ICQueenStrength= 4.91389594646171
RQWkrDrnRatio= 3.3560312949121
ICDroneMiteSurvivorship= 79.8373815370724
ICWorkerMiteSurvivorship= 49.93391467724
ICForagerLifespan= 11.3290930865332
ImmType= Polynomial
RQQueenStrength= 1.53689048276283
RQEnableReQueen= true
AIAdultSlope= 8.28104787878692
AIAdultLD50= 48.5993024812138
AIAdultSlopeContact= 5.98855659575202
AIAdultLD50Contact= 22.6237176263835
AILarvaSlope= 8.51290960051119
AILarvaLD50= 60.6914923769492
AIKOW= 12921.3592037547
AIKOC= 36882.5919225682
AIHalfLife= 26.1802279992728
EAppRate= 0.203735997001641
FoliarEnabled= true
FoliarAppDate= 06/07/1989
FoliarForageBegin= 06/05/1989
FoliarForageEnd= 06/28/1989
AIContactFactor= 1.09484008369967
CL4Pollen= 2.45755155570805
CL4Nectar= 0.0467713689431548
CL5Pollen= 1.0245391423814
CL5Nectar= 126.424999872688
CLDPollen= 0.0654771099798381
CLDNectar= 18.6663555912673
CA13Pollen= 4.66439260430634
CA13Nectar= 93.5821847431362
CA410Pollen= 7.13461173318792
CA410Nectar= 115.848583788611
CA1120Pollen= 2.53498313273303
CA1120Nectar= 96.2799518369138
IPollenTrips= 12.3001767718233
INectarTrips= 6.70977441361174
IPollenLoad= 0.876039152499288
INectarLoad= 7.18453912762925
