ICQueenStrength= 4.60470974934287
RQWkrDrnRatio= 3.39092885237187
ICDroneMiteSurvivorship= 85.8148428844288
ICWorkerMiteSurvivorship= 91.6587791172788
ICForagerLifespan= 10.3053956534714
ImmType= Tangent
RQQueenStrength= 2.74227190087549
RQEnableReQueen= true
AIAdultSlope= 4.70390496961772
AIAdultLD50= 21.6617698164221
AIAdultSlopeContact= 8.99149953364395
AIAdultLD50Contact= 46.8842225913149
AILarvaSlope= 6.3307640440762
AILarvaLD50= 53.4948942016482
AIKOW= 12551.1928133155
AIKOC= 83423.613048512
AIHalfLife= 28.9867532243254
EAppRate= 6.97414633683511
FoliarEnabled= true
FoliarAppDate= 06/07/1989
FoliarForageBegin= 06/05/1989
FoliarForageEnd= 06/28/1989
AIContactFactor= 1.79996907919645
CL4Pollen= 0.625167923979461
CL4Nectar= 27.6926629012451
CL5Pollen= 0.694797674193978
CL5Nectar= 102.470856159925
CLDPollen= 4.99167723767459
CLDNectar= 8.87177393306047
CA13Pollen= 3.97134676463902
CA13Nectar= 86.0093173198402
CA410Pollen= 5.82408659751527
CA410Nectar= 51.2396391527727
CA1120Pollen= 1.7889986615628
CA1120Nectar= 47.2378236241639
IPollenTrips= 8.16754845669493
INectarTrips= 12.5674540945329
IPollenLoad= 8.03495910018682
INectarLoad= 3.06557275354862
