ICQueenStrength= 1.49513925146312
RQWkrDrnRatio= 1.60304385237396
ICDroneMiteSurvivorship= 29.0186912054196
ICWorkerMiteSurvivorship= 81.1281588394195
ICForagerLifespan= 15.5671532424167
ImmType= Sine
RQQueenStrength= 2.98479793872684
RQEnableReQueen=true
AIAdultSlope= 7.33685792423785
AIAdultLD50= 0.0802692207009532
AIAdultSlopeContact= 1.19238885119557
AIAdultLD50Contact= 40.7287826772912
AILarvaSlope= 2.10797922685742
AILarvaLD50= 38.4268670045703
AIKOW= 91306.8361193141
AIKOC= 840.88893932756
AIHalfLife= 31.163391830679
EAppRate= 7.86093048407766
FoliarEnabled=true
FoliarAppDate= 07/01/1989
FoliarForageBegin= 07/01/1989
FoliarForageEnd= 07/14/1989
AIContactFactor= 0.911810022140853
CL4Pollen= 1.90695788897574
CL4Nectar= 47.8133905911818
CL5Pollen= 4.16763303196058
CL5Nectar= 66.478052304592
CLDPollen= 0.639836017973721
CLDNectar= 120.453018578701
CA13Pollen= 2.42763564670458
CA13Nectar= 34.2398274131119
CA410Pollen= 5.13651705749799
CA410Nectar= 85.0066910451278
CA1120Pollen= 2.09336707857437
CA1120Nectar= 96.679223831743
IPollenTrips= 7.24842742783949
INectarTrips= 11.0190584883094
IPollenLoad= 3.04104411741719
INectarLoad= 4.70224774209782
