ICQueenStrength= 2.25020781066269
RQWkrDrnRatio= 4.5619149832055
ICDroneMiteSurvivorship= 4.92916337680072
ICWorkerMiteSurvivorship= 77.1449153544381
ICForagerLifespan= 10.4687635563314
ImmType= Logarithmic
RQQueenStrength= 5.98368812724948
RQEnableReQueen= true
AIAdultSlope= 2.26272691972554
AIAdultLD50= 20.4183657279578
AIAdultSlopeContact= 3.83576424466446
AIAdultLD50Contact= 53.4129834308138
AILarvaSlope= 1.60325576551259
AILarvaLD50= 43.1190552055852
AIKOW= 12924.1308427427
AIKOC= 46228.5493941309
AIHalfLife= 32.1671230753651
EAppRate= 1.43834346468537
FoliarEnabled= true
FoliarAppDate= 06/07/1989
FoliarForageBegin= 06/05/1989
FoliarForageEnd= 06/28/1989
AIContactFactor= 0.506573037253693
CL4Pollen= 0.784493919461966
CL4Nectar= 25.3419761778787
CL5Pollen= 3.08963587973267
CL5Nectar= 122.754091280513
CLDPollen= 0.250688604544848
CLDNectar= 111.350987374317
CA13Pollen= 7.31321895755827
CA13Nectar= 67.0771127566695
CA410Pollen= 8.22264945958741
CA410Nectar= 192.723887073807
CA1120Pollen= 0.810441500740126
CA1120Nectar= 86.1297984234989
IPollenTrips= 9.55078055383638
INectarTrips= 10.2054315223359
IPollenLoad= 2.69246138399467
INectarLoad= 2.0996637060307
