ICQueenStrength= 1.78386534354649
RQWkrDrnRatio= 2.28566334862262
ICDroneMiteSurvivorship= 23.1492880033329
ICWorkerMiteSurvivorship= 82.9585223225877
ICForagerLifespan= 12.6478579109535
ImmType= Cosine
RQQueenStrength= 5.56243511405773
RQEnableReQueen= true
AIAdultSlope= 7.27682370692492
AIAdultLD50= 58.1295711778123
AIAdultSlopeContact= 2.86652875132859
AIAdultLD50Contact= 83.0242431514189
AILarvaSlope= 1.32236340455711
AILarvaLD50= 1.56324065031949
AIKOW= 68828.8239501229
AIKOC= 16327.5936475084
AIHalfLife= 13.1712779420661
EAppRate= 2.05467703321786
FoliarEnabled= true
FoliarAppDate= 06/07/1989
FoliarForageBegin= 06/05/1989
FoliarForageEnd= 06/28/1989
AIContactFactor= 0.944432004033588
CL4Pollen= 1.11516597215086
CL4Nectar= 58.5765959927812
CL5Pollen= 2.8693931135349
CL5Nectar= 105.428116349503
CLDPollen= 5.36664116894826
CLDNectar= 101.553138764575
CA13Pollen= 7.09674144843593
CA13Nectar= 22.992473654449
CA410Pollen= 6.53369069839828
CA410Nectar= 181.273612980731
CA1120Pollen= 0.557417090982199
CA1120Nectar= 99.0541366115212
IPollenTrips= 8.35483084432781
INectarTrips= 10.7021144544706
IPollenLoad= 5.31356039922684
INectarLoad= 9.97282254276797
ESoilP= 1.19472345383838
ESoilFoc= 0.0115784908570349
