ICQueenStrength= 2.66803019819781
RQWkrDrnRatio= 4.18042701203376
ICDroneMiteSurvivorship= 10.9197690617293
ICWorkerMiteSurvivorship= 22.6384405512363
ICForagerLifespan= 13.8712443048134
ImmType= Tangent
RQQueenStrength= 5.39348168089055
RQEnableReQueen= true
AIAdultSlope= 5.22659080475569
AIAdultLD50= 68.6899689652587
AIAdultSlopeContact= 2.45470375590958
AIAdultLD50Contact= 70.5168132916768
AILarvaSlope= 4.95118393748999
AILarvaLD50= 75.7103718682232
AIKOW= 84014.8942930511
AIKOC= 93903.7949854112
AIHalfLife= 2.30255609625019
EAppRate= 1.66850077210506
FoliarEnabled= true
FoliarAppDate= 06/07/1989
FoliarForageBegin= 06/05/1989
FoliarForageEnd= 06/28/1989
AIContactFactor= 0.320906892661005
CL4Pollen= 3.57328857388347
CL4Nectar= 0.0738851958885789
CL5Pollen= 4.45314019778743
CL5Nectar= 90.5958299059421
CLDPollen= 3.52957457257435
CLDNectar= 122.174588567577
CA13Pollen= 7.59709855616093
CA13Nectar= 87.2336306981742
CA410Pollen= 4.64230355948675
CA410Nectar= 83.0461171641946
CA1120Pollen= 1.14295474556275
CA1120Nectar= 55.858742967248
IPollenTrips= 13.1932969088666
INectarTrips= 11.0450259945355
IPollenLoad= 8.42255832627416
INectarLoad= 6.10740313539281
