ICQueenStrength= 4.93370834062807
RQWkrDrnRatio= 4.70499070733786
ICDroneMiteSurvivorship= 29.1499707615003
ICWorkerMiteSurvivorship= 90.9095017006621
ICForagerLifespan= 11.4193680584431
ImmType= Cosine
RQQueenStrength= 2.94944591843523
RQEnableReQueen= true
AIAdultSlope= 8.83185761421919
AIAdultLD50= 87.0770715738414
AIAdultSlopeContact= 4.65859763906337
AIAdultLD50Contact= 88.5607089658086
AILarvaSlope= 7.46716822311282
AILarvaLD50= 71.964430047805
AIKOW= 83598.690327329
AIKOC= 75390.8269960671
AIHalfLife= 30.8152299811598
EAppRate= 2.22360783466836
FoliarEnabled= true
FoliarAppDate= 06/07/1989
FoliarForageBegin= 06/05/1989
FoliarForageEnd= 06/28/1989
AIContactFactor= 0.335396520472132
CL4Pollen= 2.81679802760482
CL4Nectar= 10.2971953339875
CL5Pollen= 0.744435504544526
CL5Nectar= 20.6192495883442
CLDPollen= 3.72602739650756
CLDNectar= 121.431629522704
CA13Pollen= 7.22675138134509
CA13Nectar= 24.7018419206142
CA410Pollen= 7.14676301309373
CA410Nectar= 76.6354358242825
CA1120Pollen= 2.66062417044304
CA1120Nectar= 52.1726506017148
IPollenTrips= 8.86132383951917
INectarTrips= 10.4746259213425
IPollenLoad= 0.637473720125854
INectarLoad= 4.20430688653141
