ICQueenStrength= 2.74612827016972
RQWkrDrnRatio= 3.37284470722079
ICDroneMiteSurvivorship= 58.9715393027291
ICWorkerMiteSurvivorship= 41.7313852114603
ICForagerLifespan= 10.0202584732324
ImmType= Tangent
AIAdultSlope= 1.84312510997755
AIAdultLD50= 0.0785940849687904
AIAdultSlopeContact= 2.49205213980982
AIAdultLD50Contact= 0.0053540377295576
AILarvaSlope= 0.467765623796731
AILarvaLD50= 0.010891260788776
AIKOW= 5.77759882621467
AIKOC= 21.7852209007833
AIHalfLife= 1.280951161962
EAppRate= 7.43761333171278
FoliarEnabled= true
