ICQueenStrength= 3.64298619935289
RQWkrDrnRatio= 4.32105655036867
ICDroneMiteSurvivorship= 82.2661292739213
ICWorkerMiteSurvivorship= 30.3275526035577
ICForagerLifespan= 8.6201893389225
ImmType= Sine
RQQueenStrength= 5.70875803614035
RQEnableReQueen= true
AIAdultSlope= 1.47871954925358
AIAdultLD50= 69.7008964255459
AIAdultSlopeContact= 2.31064583430998
AIAdultLD50Contact= 40.8286098198199
AILarvaSlope= 2.26333410479128
AILarvaLD50= 95.237629801102
AIKOW= 71257.7163811582
AIKOC= 60994.4152864302
AIHalfLife= 20.7244861456566
EAppRate= 7.49196165055013
FoliarEnabled= true
FoliarAppDate= 06/07/1989
FoliarForageBegin= 06/05/1989
FoliarForageEnd= 06/28/1989
AIContactFactor= 1.64810803957749
CL4Pollen= 0.693864646367729
CL4Nectar= 45.3394616488367
CL5Pollen= 4.72707107523456
CL5Nectar= 5.98861553007737
CLDPollen= 2.25637760432437
CLDNectar= 54.4126205029897
CA13Pollen= 5.56226994125172
CA13Nectar= 81.5177119709551
CA410Pollen= 4.53276011343114
CA410Nectar= 61.5343722561374
CA1120Pollen= 0.429540714249015
CA1120Nectar= 24.6226559206843
IPollenTrips= 8.45081041799858
INectarTrips= 8.87605756986886
IPollenLoad= 2.92605577036738
INectarLoad= 1.82316590566188
ESoilP= 1.52624525735155
ESoilFoc= 0.0165912598408759
