ICQueenStrength= 4.85864071082324
RQWkrDrnRatio= 4.5833340799436
ICDroneMiteSurvivorship= 4.03878975193948
ICWorkerMiteSurvivorship= 25.0823903130367
ICForagerLifespan= 8.05169968120754
ImmType= Tangent
RQQueenStrength= 1.4783076941967
RQEnableReQueen=true
AIAdultSlope= 1.94919293373823
AIAdultLD50= 0.605016382378526
AIAdultSlopeContact= 6.22324444260448
AIAdultLD50Contact= 27.5743671898614
AILarvaSlope= 8.27635501138866
AILarvaLD50= 39.0456927227189
AIKOW= 28150.9026556638
AIKOC= 83342.3270026133
AIHalfLife= 21.737445979449
EAppRate= 3.59063824993046
FoliarEnabled=true
FoliarAppDate= 07/01/1989
FoliarForageBegin= 07/01/1989
FoliarForageEnd= 07/14/1989
AIContactFactor= 0.954461041670293
CL4Pollen= 1.6789177916944
CL4Nectar= 98.5515307635069
CL5Pollen= 3.27393791684881
CL5Nectar= 81.6084348829463
CLDPollen= 0.362471370957792
CLDNectar= 35.1239297655411
CA13Pollen= 3.86003075987101
CA13Nectar= 51.4275984838605
CA410Pollen= 2.93097961544991
CA410Nectar= 62.2800230095163
CA1120Pollen= 2.43335936497897
CA1120Nectar= 91.3252705708146
IPollenTrips= 8.919323743321
INectarTrips= 9.85573071520776
IPollenLoad= 4.58387170685455
INectarLoad= 5.60484524583444
