ICQueenStrength= 3.23365581012331
RQWkrDrnRatio= 3.57120922394097
ICDroneMiteSurvivorship= 81.2305500730872
ICWorkerMiteSurvivorship= 62.4631460523233
ICForagerLifespan= 13.3221788555384
ImmType= Cosine
RQQueenStrength= 4.43255705665797
RQEnableReQueen= true
AIAdultSlope= 5.61264640651643
AIAdultLD50= 0.77197126260167
AIAdultSlopeContact= 9.388121902477
AIAdultLD50Contact= 91.3346409513752
AILarvaSlope= 4.92087346501648
AILarvaLD50= 30.0527186698513
AIKOW= 64576.3168610534
AIKOC= 46383.9086276987
AIHalfLife= 13.3058207498631
EAppRate= 9.12751474581659
FoliarEnabled= true
FoliarAppDate= 09/01/1989
FoliarForageBegin= 09/01/1989
FoliarForageEnd= 09/08/1989
AIContactFactor= 0.721994091980159
CL4Pollen= 2.12673304229975
CL4Nectar= 51.9157538656145
CL5Pollen= 2.13341434579343
CL5Nectar= 34.3595914542675
CLDPollen= 1.31015708902851
CLDNectar= 139.137667883188
CA13Pollen= 7.78057415857911
CA13Nectar= 34.7254371270537
CA410Pollen= 4.25677450259682
CA410Nectar= 133.079378185794
CA1120Pollen= 0.761978424852714
CA1120Nectar= 60.9374960139394
IPollenTrips= 12.0739817945287
INectarTrips= 10.9060296020471
IPollenLoad= 1.65959471138194
INectarLoad= 1.47342188516632
