ICQueenStrength= 3.27286510751583
RQWkrDrnRatio= 4.28579363320023
ICDroneMiteSurvivorship= 94.6004677331075
ICWorkerMiteSurvivorship= 79.3872258858755
ICForagerLifespan= 15.7579180300236
ImmType= Sine
RQQueenStrength= 1.14530020300299
RQEnableReQueen= true
AIAdultSlope= 8.51450178399682
AIAdultLD50= 89.1236521863036
AIAdultSlopeContact= 1.57995654968545
AIAdultLD50Contact= 98.4335037370154
AILarvaSlope= 6.00502562150359
AILarvaLD50= 32.2855113177157
AIKOW= 12138.3276619727
AIKOC= 3801.78816222004
AIHalfLife= 27.9345499715768
EAppRate= 8.82758683245187
FoliarEnabled= true
FoliarAppDate= 06/07/1989
FoliarForageBegin= 06/05/1989
FoliarForageEnd= 06/28/1989
AIContactFactor= 2.07842053510714
CL4Pollen= 1.72519303392619
CL4Nectar= 84.0999563224614
CL5Pollen= 0.814291956368834
CL5Nectar= 16.1056245560758
CLDPollen= 5.68719709385186
CLDNectar= 111.446281371173
CA13Pollen= 6.27474874844775
CA13Nectar= 32.3568985424936
CA410Pollen= 5.41205133283511
CA410Nectar= 33.0289100436494
CA1120Pollen= 0.37071226676926
CA1120Nectar= 48.2626273483038
IPollenTrips= 10.2634368301369
INectarTrips= 12.1822681301273
IPollenLoad= 0.719351123552769
INectarLoad= 1.57187775243074
ESoilP= 1.30376121331938
ESoilFoc= 0.0100728028351441
