ICQueenStrength= 5.83511968399398
RQWkrDrnRatio= 4.74916568025947
ICDroneMiteSurvivorship= 94.1250897943974
ICWorkerMiteSurvivorship= 14.8993122624233
ICForagerLifespan= 5.43539769947529
ImmType= Sine
AIAdultSlope= 2.9953743453417
AIAdultLD50= 0.141336164390668
AIAdultSlopeContact= 1.19375639327802
AIAdultLD50Contact= 0.0204929231316783
AILarvaSlope= 0.440012761671096
AILarvaLD50= 0.584923610393889
AIKOW= 4.4031928088516
AIKOC= 17.8954597224947
AIHalfLife= 0.833879222418182
EAppRate= 0.163051320705563
FoliarEnabled= true
