ICQueenStrength= 4.84697703644633
RQWkrDrnRatio= 4.00866832863539
ICDroneMiteSurvivorship= 95.1082695974037
ICWorkerMiteSurvivorship= 16.3454602239653
ICForagerLifespan= 4.96721027325839
ImmType= Tangent
RQQueenStrength= 1.48180580697954
RQEnableReQueen=true
AIAdultSlope= 8.65690840780735
AIAdultLD50= 0.324323168678209
AIAdultSlopeContact= 1.21198003483005
AIAdultLD50Contact= 45.1738671371769
AILarvaSlope= 3.39709275402129
AILarvaLD50= 48.2466532875653
AIKOW= 6225.89163847195
AIKOC= 13071.4762464636
AIHalfLife= 27.5825372129213
EAppRate= 6.19038787660794
FoliarEnabled=true
FoliarAppDate= 07/01/1989
FoliarForageBegin= 07/01/1989
FoliarForageEnd= 07/14/1989
AIContactFactor= 1.80393000222277
CL4Pollen= 0.951722950674593
CL4Nectar= 10.5885973665863
CL5Pollen= 0.744847529567778
CL5Nectar= 87.490065197926
CLDPollen= 5.66803917987272
CLDNectar= 64.0984314959496
CA13Pollen= 6.12674863617867
CA13Nectar= 54.0089258365333
CA410Pollen= 4.3419264624361
CA410Nectar= 124.824960953556
CA1120Pollen= 0.28620094852522
CA1120Nectar= 77.2736654989421
IPollenTrips= 13.5815178160556
INectarTrips= 10.5509289959446
IPollenLoad= 0.668296988587826
INectarLoad= 1.54212517663836
