ICQueenStrength= 2.97110628942028
RQWkrDrnRatio= 3.03003083728254
ICDroneMiteSurvivorship= 33.6706043453887
ICWorkerMiteSurvivorship= 30.4366507101804
ICForagerLifespan= 9.25949158892035
ImmType= Sine
RQQueenStrength= 1.01506035332568
RQEnableReQueen= true
AIAdultSlope= 7.09632353484631
AIAdultLD50= 65.1870864485865
AIAdultSlopeContact= 4.87946165096946
AIAdultLD50Contact= 2.60764241957501
AILarvaSlope= 3.51537510193884
AILarvaLD50= 10.4713531594153
AIKOW= 86140.6728049126
AIKOC= 66207.6095553655
AIHalfLife= 27.3140218408545
EAppRate= 0.93268184991763
FoliarEnabled= true
FoliarAppDate= 06/07/1989
FoliarForageBegin= 06/05/1989
FoliarForageEnd= 06/28/1989
AIContactFactor= 1.7204936796939
CL4Pollen= 1.96879700478166
CL4Nectar= 59.2131080804393
CL5Pollen= 0.614388974849135
CL5Nectar= 138.494978612289
CLDPollen= 5.24712070310488
CLDNectar= 138.781046576332
CA13Pollen= 4.9419177480042
CA13Nectar= 55.9601141139865
CA410Pollen= 4.23913930705748
CA410Nectar= 186.855006841943
CA1120Pollen= 2.16040222719312
CA1120Nectar= 76.6401568986475
IPollenTrips= 13.9161407831125
INectarTrips= 9.40941490000114
IPollenLoad= 9.70886764582247
INectarLoad= 4.75118406582624
