ICQueenStrength= 1.95563634415157
RQWkrDrnRatio= 3.77981476765126
ICDroneMiteSurvivorship= 78.8951606955379
ICWorkerMiteSurvivorship= 84.839753434062
ICForagerLifespan= 8.79477807600051
ImmType= Sine
RQQueenStrength= 5.05627120402642
RQEnableReQueen= true
AIAdultSlope= 1.8397231567651
AIAdultLD50= 28.2827094348562
AIAdultSlopeContact= 2.62282953504473
AIAdultLD50Contact= 18.717045013617
AILarvaSlope= 5.66050086542964
AILarvaLD50= 78.3001733035268
AIKOW= 73974.8329570809
AIKOC= 48707.5645512338
AIHalfLife= 4.69253735372331
EAppRate= 7.00872125637834
FoliarEnabled= true
FoliarAppDate= 06/07/1989
FoliarForageBegin= 06/05/1989
FoliarForageEnd= 06/28/1989
AIContactFactor= 0.692232821588404
CL4Pollen= 3.15356177464128
CL4Nectar= 47.9334511561319
CL5Pollen= 2.04684074269608
CL5Nectar= 103.519959677942
CLDPollen= 5.72363858716562
CLDNectar= 6.55024058651179
CA13Pollen= 6.49926243238151
CA13Nectar= 27.8907174058259
CA410Pollen= 4.33202344328165
CA410Nectar= 73.0143054202199
CA1120Pollen= 2.63856059429236
CA1120Nectar= 54.0411801636219
IPollenTrips= 6.78161334944889
INectarTrips= 12.8765369066969
IPollenLoad= 4.47708973893896
INectarLoad= 6.74500258406624
