ICQueenStrength= 5.62629104149528
RQWkrDrnRatio= 1.67239371687174
ICDroneMiteSurvivorship= 81.5474568400532
ICWorkerMiteSurvivorship= 72.8411753894761
ICForagerLifespan= 12.7300199493766
ImmType= Cosine
RQQueenStrength= 3.14646058157086
RQEnableReQueen= true
AIAdultSlope= 2.17208906821907
AIAdultLD50= 3.07947412284953
AIAdultSlopeContact= 3.1025384075474
AIAdultLD50Contact= 26.8645570787524
AILarvaSlope= 6.81915344111621
AILarvaLD50= 18.853676398963
AIKOW= 75184.5659823503
AIKOC= 6933.75775698572
AIHalfLife= 2.79498623469844
EAppRate= 1.81094120389875
FoliarEnabled= true
FoliarAppDate= 06/07/1989
FoliarForageBegin= 06/05/1989
FoliarForageEnd= 06/28/1989
AIContactFactor= 1.44293522542808
CL4Pollen= 3.15699164848775
CL4Nectar= 18.840389046818
CL5Pollen= 1.01444821804762
CL5Nectar= 82.7048844541423
CLDPollen= 1.44211415620521
CLDNectar= 134.385541453958
CA13Pollen= 5.94131036782637
CA13Nectar= 92.3364629037678
CA410Pollen= 8.18270329537336
CA410Nectar= 99.3979294551536
CA1120Pollen= 0.0315036897081882
CA1120Nectar= 40.9873840212822
IPollenTrips= 9.45433306507766
INectarTrips= 14.7239034483209
IPollenLoad= 6.94153293501586
INectarLoad= 8.58414490008727
ESoilP= 1.59568703058176
ESoilFoc= 0.00733743223594502
