ICQueenStrength= 4.84904578560963
RQWkrDrnRatio= 3.84168774168938
ICDroneMiteSurvivorship= 51.2339564971626
ICWorkerMiteSurvivorship= 62.0956424856558
ICForagerLifespan= 11.3984977900982
ImmType= Polynomial
AIAdultSlope= 1.0512579762633
AIAdultLD50= 0.0574308968149126
AIAdultSlopeContact= 1.34112279149937
AIAdultLD50Contact= 0.0294391885050572
AILarvaSlope= 2.1706433463376
AILarvaLD50= 0.66882122727111
AIKOW= 2.42342908401042
AIKOC= 19.8860756948125
AIHalfLife= 2.46048733633943
EAppRate= 6.93929336266592
FoliarEnabled= true
