ICQueenStrength= 3.48139258101583
RQWkrDrnRatio= 2.87153053376824
ICDroneMiteSurvivorship= 38.0459649022669
ICWorkerMiteSurvivorship= 64.8482501972467
ICForagerLifespan= 9.64125342667103
ImmType= Polynomial
RQQueenStrength= 2.71932462509722
RQEnableReQueen=true
AIAdultSlope= 6.03284759446979
AIAdultLD50= 0.00280165962898172
AIAdultSlopeContact= 8.91735872300342
AIAdultLD50Contact= 73.7911892754738
AILarvaSlope= 5.35634787380695
AILarvaLD50= 3.74601686336985
AIKOW= 76044.2189846492
AIKOC= 86107.3475076929
AIHalfLife= 26.3181061104871
EAppRate= 3.07889332062867
FoliarEnabled=true
FoliarAppDate= 07/01/1989
FoliarForageBegin= 07/01/1989
FoliarForageEnd= 07/14/1989
AIContactFactor= 0.991908713970333
CL4Pollen= 2.54763316549361
CL4Nectar= 64.608963066712
CL5Pollen= 3.53225331986323
CL5Nectar= 114.599366113544
CLDPollen= 2.44966596225277
CLDNectar= 72.7625267347321
CA13Pollen= 7.66943648718297
CA13Nectar= 85.9634206444025
CA410Pollen= 8.86110760625452
CA410Nectar= 157.645478257909
CA1120Pollen= 0.857253616210073
CA1120Nectar= 93.8487965613604
IPollenTrips= 14.5500701316632
INectarTrips= 6.73260543961078
IPollenLoad= 9.93773485766724
INectarLoad= 7.25522101158276
