ICQueenStrength= 5.0371734125074
RQWkrDrnRatio= 3.53757933247834
ICDroneMiteSurvivorship= 74.5564257726073
ICWorkerMiteSurvivorship= 45.6719246692955
ICForagerLifespan= 14.0431577395648
ImmType= Logarithmic
AIAdultSlope= 1.93554300467949
AIAdultLD50= 0.158564461860806
AIAdultSlopeContact= 3.25684100316139
AIAdultLD50Contact= 0.0329310146044008
AILarvaSlope= 1.10174652813002
AILarvaLD50= 0.793645295407623
AIKOW= 3.845045668073
AIKOC= 28.0363976152148
AIHalfLife= 2.03850191661622
EAppRate= 5.03843029029667
FoliarEnabled= true
