ICQueenStrength= 2.30264796782285
RQWkrDrnRatio= 3.10095559712499
ICDroneMiteSurvivorship= 92.1623392030597
ICWorkerMiteSurvivorship= 25.3986131632701
ICForagerLifespan= 5.49122097622603
ImmType= Polynomial
RQQueenStrength= 4.24842348927632
RQEnableReQueen= true
AIAdultSlope= 2.04976853169501
AIAdultLD50= 99.7997960771385
AIAdultSlopeContact= 7.51656374521554
AIAdultLD50Contact= 97.2589151304858
AILarvaSlope= 6.24454832263291
AILarvaLD50= 59.5572299373145
AIKOW= 57541.8573654339
AIKOC= 62325.2483397825
AIHalfLife= 1.49847424731124
EAppRate= 5.23832380280062
FoliarEnabled= true
FoliarAppDate= 06/07/1989
FoliarForageBegin= 06/05/1989
FoliarForageEnd= 06/28/1989
AIContactFactor= 0.521278654742055
CL4Pollen= 2.01319115329534
CL4Nectar= 75.2038646256551
CL5Pollen= 3.28770814603195
CL5Nectar= 91.3264324888587
CLDPollen= 5.60225891461596
CLDNectar= 27.848994161468
CA13Pollen= 3.19296849453822
CA13Nectar= 21.3253223523498
CA410Pollen= 4.40129979292396
CA410Nectar= 95.4592031240463
CA1120Pollen= 0.876490373862907
CA1120Nectar= 49.8054621182382
IPollenTrips= 11.7113116523251
INectarTrips= 9.45541427005082
IPollenLoad= 2.58708250243217
INectarLoad= 6.47584116552025
