ICQueenStrength= 3.51869390835054
RQWkrDrnRatio= 2.8782924823463
ICDroneMiteSurvivorship= 92.0863023493439
ICWorkerMiteSurvivorship= 19.8548174696043
ICForagerLifespan= 7.42700120154768
ImmType= Logarithmic
RQQueenStrength= 4.54137008660473
RQEnableReQueen= true
AIAdultSlope= 2.40841004997492
AIAdultLD50= 75.6974762296039
AIAdultSlopeContact= 4.6899795117788
AIAdultLD50Contact= 10.1720846766063
AILarvaSlope= 8.07401277311146
AILarvaLD50= 27.9927598588034
AIKOW= 80571.8389210134
AIKOC= 70676.0356126528
AIHalfLife= 5.06415662663057
EAppRate= 3.49456491938932
FoliarEnabled= true
FoliarAppDate= 06/07/1989
FoliarForageBegin= 06/05/1989
FoliarForageEnd= 06/28/1989
AIContactFactor= 2.24410692404024
CL4Pollen= 1.74321674462408
CL4Nectar= 62.3063272563741
CL5Pollen= 3.14353930670768
CL5Nectar= 74.5449309702963
CLDPollen= 3.59651487506926
CLDNectar= 57.4871775344945
CA13Pollen= 4.21826999895275
CA13Nectar= 67.884011734277
CA410Pollen= 5.62342392392457
CA410Nectar= 112.779068024829
CA1120Pollen= 2.41146889119409
CA1120Nectar= 70.7820706255734
IPollenTrips= 13.7000096123666
INectarTrips= 5.03779201069847
IPollenLoad= 1.16466915933415
INectarLoad= 6.72188702505082
ESoilP= 1.78456007991917
ESoilFoc= 0.00849222050746903
