ICQueenStrength= 1.52842237870209
RQWkrDrnRatio= 2.17160209268332
ICDroneMiteSurvivorship= 13.4452965576202
ICWorkerMiteSurvivorship= 52.6964596938342
ICForagerLifespan= 15.0476771546528
ImmType= Logarithmic
AIAdultSlope= 3.76515078999801
AIAdultLD50= 0.0431457972154021
AIAdultSlopeContact= 3.60498426875565
AIAdultLD50Contact= 0.00265632071532309
AILarvaSlope= 0.769590309960768
AILarvaLD50= 0.424731291923672
AIKOW= 3.82741702254862
AIKOC= 7.37061597290449
AIHalfLife= 1.425903624692
EAppRate= 0.203706035390496
FoliarEnabled= true
