ICQueenStrength= 4.24678782140836
RQWkrDrnRatio= 2.74744678102434
ICDroneMiteSurvivorship= 40.8571165287867
ICWorkerMiteSurvivorship= 81.4326917519793
ICForagerLifespan= 14.5607786495239
ImmType= Logarithmic
RQQueenStrength= 1.84512489382178
RQEnableReQueen= true
AIAdultSlope= 8.01213197782636
AIAdultLD50= 39.155951016149
AIAdultSlopeContact= 5.89742115582339
AIAdultLD50Contact= 84.8932524994838
AILarvaSlope= 5.60769113525748
AILarvaLD50= 49.29832547021
AIKOW= 73715.422183541
AIKOC= 53054.773714924
AIHalfLife= 25.5979073712369
EAppRate= 6.0749926270044
FoliarEnabled= true
FoliarAppDate= 06/07/1989
FoliarForageBegin= 06/05/1989
FoliarForageEnd= 06/28/1989
AIContactFactor= 0.353247674419545
CL4Pollen= 3.14145495928824
CL4Nectar= 13.3804239332676
CL5Pollen= 4.00125614879653
CL5Nectar= 145.065579540096
CLDPollen= 4.27135802758858
CLDNectar= 137.559232267085
CA13Pollen= 2.33464301172644
CA13Nectar= 53.5554837994277
CA410Pollen= 7.85515527075622
CA410Nectar= 115.889446698129
CA1120Pollen= 1.49695571651682
CA1120Nectar= 24.7039377689362
IPollenTrips= 10.2326003066264
INectarTrips= 9.15005918126553
IPollenLoad= 1.33814132306725
INectarLoad= 4.12705032154918
