ICQueenStrength= 3.8098276713863
RQWkrDrnRatio= 2.50910698715597
ICDroneMiteSurvivorship= 42.4580821767449
ICWorkerMiteSurvivorship= 79.5884964289144
ICForagerLifespan= 9.58407882787287
ImmType= Polynomial
RQQueenStrength= 1.83827537670732
RQEnableReQueen=true
AIAdultSlope= 1.54859146848321
AIAdultLD50= 0.050761540227104
AIAdultSlopeContact= 3.22367161023431
AIAdultLD50Contact= 48.9913684143575
AILarvaSlope= 1.99488056637347
AILarvaLD50= 75.8910346735574
AIKOW= 237.297254558385
AIKOC= 49233.3276275964
AIHalfLife= 19.2170214562211
EAppRate= 2.76956889943383
FoliarEnabled=true
FoliarAppDate= 07/01/1989
FoliarForageBegin= 07/01/1989
FoliarForageEnd= 07/14/1989
AIContactFactor= 1.56068876107223
CL4Pollen= 1.23407817166299
CL4Nectar= 49.0707478486001
CL5Pollen= 0.240127040538937
CL5Nectar= 28.6693928064778
CLDPollen= 4.68634667526931
CLDNectar= 84.2194312135689
CA13Pollen= 6.66952278260142
CA13Nectar= 54.1476954892278
CA410Pollen= 3.51351440050639
CA410Nectar= 85.5719896452501
CA1120Pollen= 1.95441065006889
CA1120Nectar= 76.4158036373556
IPollenTrips= 10.9798239148222
INectarTrips= 11.8182690581307
IPollenLoad= 6.34603610029444
INectarLoad= 2.61510024080053
