ICQueenStrength= 4.14782302360982
RQWkrDrnRatio= 3.0614795871079
ICDroneMiteSurvivorship= 35.0899304728955
ICWorkerMiteSurvivorship= 60.8300474239513
ICForagerLifespan= 5.90630505047739
ImmType= Tangent
RQQueenStrength= 4.64107689261436
RQEnableReQueen=true
AIAdultSlope= 5.94135140441358
AIAdultLD50= 0.293192981458502
AIAdultSlopeContact= 4.93412951100618
AIAdultLD50Contact= 70.0133937708591
AILarvaSlope= 6.61637405119836
AILarvaLD50= 8.8819642851525
AIKOW= 8197.49995807127
AIKOC= 2897.74363670964
AIHalfLife= 4.45762508700136
EAppRate= 7.53446466412116
FoliarEnabled=true
FoliarAppDate= 07/01/1989
FoliarForageBegin= 07/01/1989
FoliarForageEnd= 07/14/1989
AIContactFactor= 1.22892873841338
CL4Pollen= 0.672530382871628
CL4Nectar= 62.624322110787
CL5Pollen= 4.57963130576536
CL5Nectar= 7.94979465426877
CLDPollen= 0.748446686659008
CLDNectar= 102.096162806265
CA13Pollen= 6.1761902266182
CA13Nectar= 33.0076659470797
CA410Pollen= 6.37130539801437
CA410Nectar= 130.860566501506
CA1120Pollen= 2.72399919410236
CA1120Nectar= 41.9289315119386
IPollenTrips= 11.4463775465265
INectarTrips= 12.5664785550907
IPollenLoad= 8.65230986615643
INectarLoad= 9.9713899451308
