ICQueenStrength= 2.66391248931177
RQWkrDrnRatio= 3.96225159615278
ICDroneMiteSurvivorship= 78.8945086067542
ICWorkerMiteSurvivorship= 15.333962161094
ICForagerLifespan= 6.34234061092138
ImmType= Logarithmic
RQQueenStrength= 1.64402435556985
RQEnableReQueen= true
AIAdultSlope= 8.39287628605962
AIAdultLD50= 2.9202801836452
AIAdultSlopeContact= 2.4575628398452
AIAdultLD50Contact= 94.3753434530401
AILarvaSlope= 6.41904510557652
AILarvaLD50= 27.0081381564832
AIKOW= 64134.0631768816
AIKOC= 23922.0563684297
AIHalfLife= 15.0118084787391
EAppRate= 5.17454462232441
FoliarEnabled= true
FoliarAppDate= 06/07/1989
FoliarForageBegin= 06/05/1989
FoliarForageEnd= 06/28/1989
AIContactFactor= 0.714667057353072
CL4Pollen= 3.32512987218797
CL4Nectar= 92.5568262580782
CL5Pollen= 1.12071318598464
CL5Nectar= 2.71386641543359
CLDPollen= 5.31516663311049
CLDNectar= 139.217642170843
CA13Pollen= 5.55802806681022
CA13Nectar= 27.5973119027913
CA410Pollen= 4.06430741529912
CA410Nectar= 162.929386347532
CA1120Pollen= 1.23038272932172
CA1120Nectar= 71.7018007859588
IPollenTrips= 12.3622780130245
INectarTrips= 11.5810800436884
IPollenLoad= 9.9255971214734
INectarLoad= 8.85610488476232
ESoilP= 1.91546045430005
ESoilFoc= 0.013768899974646
