ICQueenStrength= 1.7956500549335
RQWkrDrnRatio= 3.85036769043654
ICDroneMiteSurvivorship= 31.90549579449
ICWorkerMiteSurvivorship= 5.71903861127794
ICForagerLifespan= 9.83243375830352
ImmType= Cosine
RQQueenStrength= 1.69533663569018
RQEnableReQueen= true
AIAdultSlope= 1.71069967374206
AIAdultLD50= 16.4515793354316
AIAdultSlopeContact= 3.3998785414733
AIAdultLD50Contact= 23.1139613229872
AILarvaSlope= 6.04128482565284
AILarvaLD50= 79.4303778017361
AIKOW= 41080.5070087621
AIKOC= 56962.2731243211
AIHalfLife= 11.5474817285314
EAppRate= 2.02669076917786
FoliarEnabled= true
FoliarAppDate= 06/07/1989
FoliarForageBegin= 06/05/1989
FoliarForageEnd= 06/28/1989
AIContactFactor= 1.01153882983141
CL4Pollen= 0.0662223361432552
CL4Nectar= 35.9784151660278
CL5Pollen= 2.80316541949287
CL5Nectar= 52.8942698263563
CLDPollen= 5.62385596660897
CLDNectar= 0.188485777471215
CA13Pollen= 4.87979211127385
CA13Nectar= 73.9139682799578
CA410Pollen= 8.45771448221058
CA410Nectar= 24.3113603489473
CA1120Pollen= 2.91625555464998
CA1120Nectar= 63.1543361581862
IPollenTrips= 7.93371943756938
INectarTrips= 14.8014901787974
IPollenLoad= 3.36831502616405
INectarLoad= 3.58267652569339
