ICQueenStrength= 2.20828785584308
RQWkrDrnRatio= 2.26478289905936
ICDroneMiteSurvivorship= 3.99475183803588
ICWorkerMiteSurvivorship= 5.14509193599224
ICForagerLifespan= 7.55675950553268
ImmType= Polynomial
RQQueenStrength= 4.33987260120921
RQEnableReQueen= true
AIAdultSlope= 7.54301611334085
AIAdultLD50= 26.0172953747083
AIAdultSlopeContact= 8.50844713882543
AIAdultLD50Contact= 59.5411447137548
AILarvaSlope= 7.80132049880922
AILarvaLD50= 63.3753829242326
AIKOW= 96969.4539675512
AIKOC= 33687.8560514601
AIHalfLife= 33.0701096527977
EAppRate= 6.67867595806671
FoliarEnabled= true
FoliarAppDate= 06/07/1989
FoliarForageBegin= 06/05/1989
FoliarForageEnd= 06/28/1989
AIContactFactor= 0.724911177339964
CL4Pollen= 0.642554816789925
CL4Nectar= 54.7998072579503
CL5Pollen= 0.500507987570018
CL5Nectar= 92.2610863577574
CLDPollen= 0.244172772858292
CLDNectar= 31.9421502412297
CA13Pollen= 5.05294043086469
CA13Nectar= 72.3898120597005
CA410Pollen= 6.50486959624104
CA410Nectar= 194.96319427155
CA1120Pollen= 0.971934907604009
CA1120Nectar= 33.2093395292759
IPollenTrips= 7.58680305909365
INectarTrips= 12.4955710838549
IPollenLoad= 6.36102734366432
INectarLoad= 7.26102384971455
