ICQueenStrength= 4.11834821011871
RQWkrDrnRatio= 2.62551719881594
ICDroneMiteSurvivorship= 51.4814101159573
ICWorkerMiteSurvivorship= 32.5050206389278
ICForagerLifespan= 14.0072491830215
ImmType= Exponential
RQQueenStrength= 5.1728194267489
RQEnableReQueen= true
AIAdultSlope= 4.01104272529483
AIAdultLD50= 0.450694875990739
AIAdultSlopeContact= 1.36969938781112
AIAdultLD50Contact= 58.874510681252
AILarvaSlope= 5.64501742646098
AILarvaLD50= 1.75737073435285
AIKOW= 69379.9982432257
AIKOC= 90114.2848638068
AIHalfLife= 22.7961380976252
EAppRate= 4.51905263457378
FoliarEnabled= true
FoliarAppDate= 06/07/1989
FoliarForageBegin= 06/05/1989
FoliarForageEnd= 06/28/1989
AIContactFactor= 0.367619129982777
CL4Pollen= 2.13310434669256
CL4Nectar= 40.4799904907122
CL5Pollen= 1.89868772774935
CL5Nectar= 136.453553347383
CLDPollen= 1.47066543996334
CLDNectar= 100.561985594686
CA13Pollen= 3.37456647520885
CA13Nectar= 44.1721812076867
CA410Pollen= 2.28427502855193
CA410Nectar= 39.1794018540531
CA1120Pollen= 1.94404948758893
CA1120Nectar= 49.4815493747592
IPollenTrips= 7.73321697954088
INectarTrips= 12.5767872692086
IPollenLoad= 8.45392175018787
INectarLoad= 9.57763127516955
