ICQueenStrength= 5.83344384003431
RQWkrDrnRatio= 3.23502104543149
ICDroneMiteSurvivorship= 85.7906456571072
ICWorkerMiteSurvivorship= 28.3821312943473
ICForagerLifespan= 12.2933865105733
ImmType= Exponential
RQQueenStrength= 4.68049647659063
RQEnableReQueen= true
AIAdultSlope= 2.4581117592752
AIAdultLD50= 1.83392861923762
AIAdultSlopeContact= 6.62039572629146
AIAdultLD50Contact= 59.0259508787673
AILarvaSlope= 4.50737794488668
AILarvaLD50= 99.9459770089698
AIKOW= 44352.7831696673
AIKOC= 76356.9133991823
AIHalfLife= 19.3579989548074
EAppRate= 8.23796548735048
FoliarEnabled= true
FoliarAppDate= 06/07/1989
FoliarForageBegin= 06/05/1989
FoliarForageEnd= 06/28/1989
AIContactFactor= 1.2662920716498
CL4Pollen= 2.41210495680571
CL4Nectar= 79.2358231497929
CL5Pollen= 2.07503205863759
CL5Nectar= 58.8445285451598
CLDPollen= 1.79549559345469
CLDNectar= 136.063684453256
CA13Pollen= 5.88141962168738
CA13Nectar= 30.6295077502728
CA410Pollen= 4.61080670736265
CA410Nectar= 91.9629909470677
CA1120Pollen= 1.75482344278134
CA1120Nectar= 30.6042601726949
IPollenTrips= 5.80610999604687
INectarTrips= 9.59855947177857
IPollenLoad= 2.45047812350094
INectarLoad= 4.02324737980962
