ICQueenStrength= 1.0202320702374
RQWkrDrnRatio= 2.18694923631847
ICDroneMiteSurvivorship= 77.3959692567587
ICWorkerMiteSurvivorship= 67.3200889723375
ICForagerLifespan= 9.08452027663589
ImmType= Exponential
RQQueenStrength= 2.82793803745881
RQEnableReQueen= true
AIAdultSlope= 3.38000139966607
AIAdultLD50= 6.18307326143049
AIAdultSlopeContact= 4.50738677941263
AIAdultLD50Contact= 70.5713046168634
AILarvaSlope= 6.00684321299195
AILarvaLD50= 77.4478320539752
AIKOW= 11710.1567844401
AIKOC= 78241.0538869363
AIHalfLife= 34.2219651985448
EAppRate= 0.012506345488131
FoliarEnabled= true
FoliarAppDate= 06/07/1989
FoliarForageBegin= 06/05/1989
FoliarForageEnd= 06/28/1989
AIContactFactor= 0.824059089440852
CL4Pollen= 1.22907373216003
CL4Nectar= 32.8037906438112
CL5Pollen= 2.28213752014562
CL5Nectar= 13.69698070921
CLDPollen= 2.38222266314551
CLDNectar= 136.387218476739
CA13Pollen= 2.79550703084096
CA13Nectar= 32.9151445254683
CA410Pollen= 8.94157374454662
CA410Nectar= 33.8388564484194
CA1120Pollen= 2.42983739124611
CA1120Nectar= 76.4692158810794
IPollenTrips= 7.53972988808528
INectarTrips= 9.89828291581944
IPollenLoad= 7.96294407220557
INectarLoad= 0.357794270385057
