ICQueenStrength= 2.40864641405642
RQWkrDrnRatio= 4.04368411377072
ICDroneMiteSurvivorship= 52.9826065292582
ICWorkerMiteSurvivorship= 24.5486862957478
ICForagerLifespan= 5.92295165546238
ImmType= Polynomial
RQQueenStrength= 4.3171009097714
RQEnableReQueen= true
AIAdultSlope= 3.97793319448829
AIAdultLD50= 0.304150475327391
AIAdultSlopeContact= 7.17877366347238
AIAdultLD50Contact= 78.628757362501
AILarvaSlope= 6.00223656371236
AILarvaLD50= 86.4410254078331
AIKOW= 91393.6626623371
AIKOC= 47031.0417288414
AIHalfLife= 32.4011289183982
EAppRate= 8.72514561762754
FoliarEnabled= true
FoliarAppDate= 09/01/1989
FoliarForageBegin= 09/01/1989
FoliarForageEnd= 09/08/1989
AIContactFactor= 1.43586246559396
CL4Pollen= 2.26132706925273
CL4Nectar= 58.9366373373196
CL5Pollen= 4.23281087586656
CL5Nectar= 73.3285726164468
CLDPollen= 2.41137707373127
CLDNectar= 23.0455588549376
CA13Pollen= 7.54221561998129
CA13Nectar= 70.1141049899161
CA410Pollen= 4.03074544628616
CA410Nectar= 128.372251191176
CA1120Pollen= 1.62847514776513
CA1120Nectar= 88.7188429571688
IPollenTrips= 10.1995303039439
INectarTrips= 8.4740800014697
IPollenLoad= 0.562469311989844
INectarLoad= 9.72586876247078
