ICQueenStrength= 1.37204073276371
RQWkrDrnRatio= 3.33130144607276
ICDroneMiteSurvivorship= 46.7748528113589
ICWorkerMiteSurvivorship= 88.7923420406878
ICForagerLifespan= 5.89122555684298
ImmType= Logarithmic
RQQueenStrength= 3.76587694883347
RQEnableReQueen=true
AIAdultSlope= 4.24554478004575
AIAdultLD50= 0.0731868136073463
AIAdultSlopeContact= 9.24206665926613
AIAdultLD50Contact= 93.1145040860295
AILarvaSlope= 1.97717454470694
AILarvaLD50= 7.35723355699121
AIKOW= 10938.5535939605
AIKOC= 85433.6322348071
AIHalfLife= 21.7365049886517
EAppRate= 4.04902159966971
FoliarEnabled=true
FoliarAppDate= 07/01/1989
FoliarForageBegin= 07/01/1989
FoliarForageEnd= 07/14/1989
AIContactFactor= 0.509808859480545
CL4Pollen= 1.38614384550601
CL4Nectar= 48.4438278479502
CL5Pollen= 3.43978438340127
CL5Nectar= 143.949291820172
CLDPollen= 0.524870423600078
CLDNectar= 138.673210074194
CA13Pollen= 7.06526601761579
CA13Nectar= 27.8652408532798
CA410Pollen= 2.97442912987899
CA410Nectar= 164.055432216264
CA1120Pollen= 2.76134645123966
CA1120Nectar= 58.3257138356566
IPollenTrips= 8.40165385277942
INectarTrips= 9.21178814256564
IPollenLoad= 0.466913557611406
INectarLoad= 1.10872785793617
