ICQueenStrength= 1.39688406861387
RQWkrDrnRatio= 3.4968330943957
ICDroneMiteSurvivorship= 67.5644035451114
ICWorkerMiteSurvivorship= 90.2511710766703
ICForagerLifespan= 15.9816614212468
ImmType= Sine
RQQueenStrength= 2.90064282738604
RQEnableReQueen= true
AIAdultSlope= 2.12032250501215
AIAdultLD50= 32.3275377133836
AIAdultSlopeContact= 6.67147587193176
AIAdultLD50Contact= 72.1897384975061
AILarvaSlope= 1.54671613872051
AILarvaLD50= 68.6562313973142
AIKOW= 69224.0484799658
AIKOC= 14149.5959562366
AIHalfLife= 25.2223290105583
EAppRate= 3.09399974792334
FoliarEnabled= true
FoliarAppDate= 06/07/1989
FoliarForageBegin= 06/05/1989
FoliarForageEnd= 06/28/1989
AIContactFactor= 0.372594102844596
CL4Pollen= 0.292992868460715
CL4Nectar= 76.0562023147941
CL5Pollen= 4.32006110670045
CL5Nectar= 143.97438748274
CLDPollen= 0.0938116349279881
CLDNectar= 19.8770835413598
CA13Pollen= 7.76732475152239
CA13Nectar= 56.9451435282826
CA410Pollen= 5.86546030247118
CA410Nectar= 32.6870571821928
CA1120Pollen= 1.5251176119782
CA1120Nectar= 92.7387576550245
IPollenTrips= 6.41458921832964
INectarTrips= 9.65009712148458
IPollenLoad= 4.36669832095504
INectarLoad= 4.1047781589441
