ICQueenStrength= 2.76871698349714
RQWkrDrnRatio= 3.36026641540229
ICDroneMiteSurvivorship= 33.2884554518387
ICWorkerMiteSurvivorship= 42.6063135731965
ICForagerLifespan= 10.767282939516
ImmType= Cosine
RQQueenStrength= 4.92487518955022
RQEnableReQueen=true
AIAdultSlope= 5.94168034754694
AIAdultLD50= 0.951972518336494
AIAdultSlopeContact= 3.30425499053672
AIAdultLD50Contact= 51.9192228732407
AILarvaSlope= 7.85151838511229
AILarvaLD50= 60.990984072264
AIKOW= 42069.2387924239
AIKOC= 8074.59389455873
AIHalfLife= 20.1077730405843
EAppRate= 1.57442378796171
FoliarEnabled=true
FoliarAppDate= 07/01/1989
FoliarForageBegin= 07/01/1989
FoliarForageEnd= 07/14/1989
AIContactFactor= 0.419211035948247
CL4Pollen= 3.23642843775451
CL4Nectar= 89.2064624931663
CL5Pollen= 0.483596275560558
CL5Nectar= 43.3838283643126
CLDPollen= 2.71793717751279
CLDNectar= 10.5604829150252
CA13Pollen= 3.79033833211288
CA13Nectar= 91.0783924534917
CA410Pollen= 8.56778709476348
CA410Nectar= 33.3085459237918
CA1120Pollen= 0.173669039038941
CA1120Nectar= 26.1300130188465
IPollenTrips= 6.16065182257444
INectarTrips= 11.8293701368384
IPollenLoad= 1.35980834485963
INectarLoad= 5.68442809395492
