ICQueenStrength= 4.74854412744753
RQWkrDrnRatio= 1.48411531653255
ICDroneMiteSurvivorship= 38.4736410807818
ICWorkerMiteSurvivorship= 80.0835124449804
ICForagerLifespan= 10.2875070851296
ImmType= Sine
RQQueenStrength= 4.47340280888602
RQEnableReQueen= true
AIAdultSlope= 5.04007984697819
AIAdultLD50= 5.79605064570834
AIAdultSlopeContact= 5.83564487611875
AIAdultLD50Contact= 74.2215910659416
AILarvaSlope= 8.03085138648748
AILarvaLD50= 0.545870108778821
AIKOW= 79413.9230255162
AIKOC= 66355.0480627764
AIHalfLife= 21.7064152552746
EAppRate= 3.18249797626911
FoliarEnabled= true
FoliarAppDate= 06/07/1989
FoliarForageBegin= 06/05/1989
FoliarForageEnd= 06/28/1989
AIContactFactor= 0.604365931395441
CL4Pollen= 0.331459443084896
CL4Nectar= 62.838496058248
CL5Pollen= 0.0886287773028016
CL5Nectar= 120.997220941354
CLDPollen= 0.284052193164825
CLDNectar= 125.826353870798
CA13Pollen= 6.81138939671218
CA13Nectar= 31.601339969784
CA410Pollen= 8.73897948814556
CA410Nectar= 53.5903563862666
CA1120Pollen= 0.211805471219122
CA1120Nectar= 20.0527691841125
IPollenTrips= 10.6187003501691
INectarTrips= 11.6812716168351
IPollenLoad= 3.0852317577228
INectarLoad= 7.44522723602131
