ICQueenStrength= 4.402675378602
RQWkrDrnRatio= 3.1862932369113
ICDroneMiteSurvivorship= 86.9012715993449
ICWorkerMiteSurvivorship= 37.2374679427594
ICForagerLifespan= 5.58690664265305
ImmType= Tangent
RQQueenStrength= 1.06675475393422
RQEnableReQueen= true
AIAdultSlope= 7.42562805488706
AIAdultLD50= 68.1287142389894
AIAdultSlopeContact= 2.98848644620739
AIAdultLD50Contact= 81.0319491847712
AILarvaSlope= 2.55420184880495
AILarvaLD50= 16.4198944983294
AIKOW= 89451.2296492846
AIKOC= 59258.3449925894
AIHalfLife= 10.9352502157446
EAppRate= 6.48924016642105
FoliarEnabled= true
FoliarAppDate= 06/07/1989
FoliarForageBegin= 06/05/1989
FoliarForageEnd= 06/28/1989
AIContactFactor= 1.57329717753921
CL4Pollen= 0.557906319387257
CL4Nectar= 67.5844779703766
CL5Pollen= 5.66456688707694
CL5Nectar= 71.0682814009488
CLDPollen= 5.73129038186744
CLDNectar= 99.2255785502493
CA13Pollen= 6.87940487666055
CA13Nectar= 47.763225864619
CA410Pollen= 4.05805824988056
CA410Nectar= 169.807668332942
CA1120Pollen= 1.12887974269688
CA1120Nectar= 29.333832282573
IPollenTrips= 12.4691581563093
INectarTrips= 14.5483060972765
IPollenLoad= 4.93383247870952
INectarLoad= 2.86950613604859
