ICQueenStrength= 5.91911185556091
RQWkrDrnRatio= 4.71625937893987
ICDroneMiteSurvivorship= 85.0225581321865
ICWorkerMiteSurvivorship= 79.3172315461561
ICForagerLifespan= 11.8181946435943
ImmType= Exponential
RQQueenStrength= 2.94560539326631
RQEnableReQueen= true
AIAdultSlope= 6.65561524219811
AIAdultLD50= 0.569200627584243
AIAdultSlopeContact= 8.5052677844651
AIAdultLD50Contact= 82.3812773744441
AILarvaSlope= 8.78398622572422
AILarvaLD50= 85.0436408718016
AIKOW= 5827.5444541978
AIKOC= 55157.2310276148
AIHalfLife= 26.447609336162
EAppRate= 5.04311872115731
FoliarEnabled= true
FoliarAppDate= 09/01/1989
FoliarForageBegin= 09/01/1989
FoliarForageEnd= 09/08/1989
AIContactFactor= 0.452529734401032
CL4Pollen= 0.100128789432347
CL4Nectar= 5.66456904634833
CL5Pollen= 4.19537261081859
CL5Nectar= 31.3983396976255
CLDPollen= 1.64886647695675
CLDNectar= 74.1827942663804
CA13Pollen= 3.12470225598663
CA13Nectar= 84.4617301039398
CA410Pollen= 6.77278744569048
CA410Nectar= 184.248807900585
CA1120Pollen= 2.61278409627266
CA1120Nectar= 28.9722986146808
IPollenTrips= 10.9757752879523
INectarTrips= 12.7349438681267
IPollenLoad= 5.42157858377323
INectarLoad= 8.84532797615975
