ICQueenStrength= 3.60596234700643
RQWkrDrnRatio= 3.18414011783898
ICDroneMiteSurvivorship= 87.2760663973168
ICWorkerMiteSurvivorship= 52.8219428611919
ICForagerLifespan= 8.56413966696709
ImmType= Tangent
RQQueenStrength= 3.25321636302397
RQEnableReQueen= true
AIAdultSlope= 7.0558537337929
AIAdultLD50= 38.1306641489067
AIAdultSlopeContact= 4.42841083020903
AIAdultLD50Contact= 57.0666819322878
AILarvaSlope= 5.2772310283035
AILarvaLD50= 64.0387196654163
AIKOW= 19129.8278126581
AIKOC= 45776.2651180311
AIHalfLife= 25.6447562366026
EAppRate= 6.30305122728599
FoliarEnabled= true
FoliarAppDate= 06/07/1989
FoliarForageBegin= 06/05/1989
FoliarForageEnd= 06/28/1989
AIContactFactor= 0.423327749171294
CL4Pollen= 2.89530706964433
CL4Nectar= 78.4464810509235
CL5Pollen= 1.25310571119189
CL5Nectar= 110.247791279107
CLDPollen= 3.97690172167495
CLDNectar= 0.161814491730183
CA13Pollen= 6.08175694644451
CA13Nectar= 64.3422250635922
CA410Pollen= 7.82874197678175
CA410Nectar= 155.026696319692
CA1120Pollen= 2.95939703285694
CA1120Nectar= 39.7030422091484
IPollenTrips= 8.13295401865616
INectarTrips= 13.3295778883621
IPollenLoad= 5.14075229177251
INectarLoad= 8.52876232471317
