ICQueenStrength= 4.72717769350857
RQWkrDrnRatio= 2.80826663598418
ICDroneMiteSurvivorship= 62.0656950166449
ICWorkerMiteSurvivorship= 71.0686309495941
ICForagerLifespan= 10.8958209389821
ImmType= Cosine
RQQueenStrength= 2.97589460527524
RQEnableReQueen= true
AIAdultSlope= 5.31587127037346
AIAdultLD50= 55.7689423273455
AIAdultSlopeContact= 9.22109883395024
AIAdultLD50Contact= 55.8817486472931
AILarvaSlope= 3.04326597601175
AILarvaLD50= 17.1015097290862
AIKOW= 36810.000669188
AIKOC= 4816.33873377088
AIHalfLife= 32.975055419025
EAppRate= 1.10634996221005
FoliarEnabled= true
FoliarAppDate= 06/07/1989
FoliarForageBegin= 06/05/1989
FoliarForageEnd= 06/28/1989
AIContactFactor= 2.27149362687021
CL4Pollen= 0.813257833942771
CL4Nectar= 0.55479989387095
CL5Pollen= 2.72672466700897
CL5Nectar= 91.6266885004006
CLDPollen= 1.0797875393182
CLDNectar= 10.4415460140444
CA13Pollen= 7.8197088775225
CA13Nectar= 55.3000220656395
CA410Pollen= 8.54008448519744
CA410Nectar= 35.7503658952191
CA1120Pollen= 0.0390770654194057
CA1120Nectar= 91.4570812322199
IPollenTrips= 14.925104775466
INectarTrips= 12.8875341103412
IPollenLoad= 6.74616430653259
INectarLoad= 3.33615362178534
