ICQueenStrength= 1.69975296850316
RQWkrDrnRatio= 2.27520827762783
ICDroneMiteSurvivorship= 18.4752008412033
ICWorkerMiteSurvivorship= 61.0484534874558
ICForagerLifespan= 4.46933400630951
ImmType= Tangent
AIAdultSlope= 3.57422486792319
AIAdultLD50= 0.17382131293416
AIAdultSlopeContact= 1.13214453271357
AIAdultLD50Contact= 0.00211577073205262
AILarvaSlope= 0.585173957794905
AILarvaLD50= 0.320391242927872
AIKOW= 3.42568604741246
AIKOC= 14.2137897270732
AIHalfLife= 2.30107219002675
EAppRate= 8.47923987079412
FoliarEnabled= true
