ICQueenStrength= 1.18558875191957
RQWkrDrnRatio= 1.93986639380455
ICDroneMiteSurvivorship= 31.169833871536
ICWorkerMiteSurvivorship= 92.0360871125013
ICForagerLifespan= 11.070635182783
ImmType= Exponential
RQQueenStrength= 3.98636780586094
RQEnableReQueen=true
AIAdultSlope= 5.00722078047693
AIAdultLD50= 0.680650208117906
AIAdultSlopeContact= 4.61983045260422
AIAdultLD50Contact= 46.3735891179745
AILarvaSlope= 5.78585277125239
AILarvaLD50= 64.7407926820607
AIKOW= 63326.2542195747
AIKOC= 75292.7957747488
AIHalfLife= 16.8097756426549
EAppRate= 5.06590825929423
FoliarEnabled=true
FoliarAppDate= 07/01/1989
FoliarForageBegin= 07/01/1989
FoliarForageEnd= 07/14/1989
AIContactFactor= 0.263927087350748
CL4Pollen= 1.55170681420714
CL4Nectar= 75.3097136272117
CL5Pollen= 4.66131247999147
CL5Nectar= 54.578762606252
CLDPollen= 0.173098063096404
CLDNectar= 117.625175986905
CA13Pollen= 7.60252502122894
CA13Nectar= 51.6045076586306
CA410Pollen= 4.66137719571125
CA410Nectar= 100.386651041918
CA1120Pollen= 0.322836422128603
CA1120Nectar= 44.9823612906039
IPollenTrips= 6.08313167002052
INectarTrips= 11.2966627720743
IPollenLoad= 3.26122295111418
INectarLoad= 5.87949920911342
