ICQueenStrength= 2.38909487053752
RQWkrDrnRatio= 1.48781885951757
ICDroneMiteSurvivorship= 30.5428561521694
ICWorkerMiteSurvivorship= 10.524227633141
ICForagerLifespan= 6.05493757035583
ImmType= Cosine
RQQueenStrength= 2.5230125922244
RQEnableReQueen= true
AIAdultSlope= 8.23073956184089
AIAdultLD50= 0.746076865876093
AIAdultSlopeContact= 9.88758098427206
AIAdultLD50Contact= 4.93253296181792
AILarvaSlope= 5.01574786938727
AILarvaLD50= 37.0270372124398
AIKOW= 35673.0080973905
AIKOC= 7425.06317399023
AIHalfLife= 33.0555850154022
EAppRate= 9.66157424433436
FoliarEnabled= true
FoliarAppDate= 09/01/1989
FoliarForageBegin= 09/01/1989
FoliarForageEnd= 09/08/1989
AIContactFactor= 1.74907148221042
CL4Pollen= 2.38790942449123
CL4Nectar= 31.6318885190412
CL5Pollen= 5.43659802619368
CL5Nectar= 75.5934686749242
CLDPollen= 3.87172717787325
CLDNectar= 89.352599310223
CA13Pollen= 7.34920215634629
CA13Nectar= 74.4475102424622
CA410Pollen= 5.26682502471376
CA410Nectar= 161.199379218742
CA1120Pollen= 0.765181577531621
CA1120Nectar= 98.6986039765179
IPollenTrips= 8.77813385799527
INectarTrips= 10.1755122561008
IPollenLoad= 7.05614723963663
INectarLoad= 0.531761592719704
