ICQueenStrength= 5.47803658200428
RQWkrDrnRatio= 1.76012196857482
ICDroneMiteSurvivorship= 82.4170503765345
ICWorkerMiteSurvivorship= 60.7182003790513
ICForagerLifespan= 6.80625836271793
ImmType= Polynomial
RQQueenStrength= 3.40484096459113
RQEnableReQueen= true
AIAdultSlope= 7.84248414635658
AIAdultLD50= 67.3092869504995
AIAdultSlopeContact= 1.8165939329192
AIAdultLD50Contact= 12.3875401364937
AILarvaSlope= 7.90590175241232
AILarvaLD50= 89.3833860486413
AIKOW= 50988.8595319648
AIKOC= 83448.8862361833
AIHalfLife= 8.950890938472
EAppRate= 2.38053372668382
FoliarEnabled= true
FoliarAppDate= 06/07/1989
FoliarForageBegin= 06/05/1989
FoliarForageEnd= 06/28/1989
AIContactFactor= 1.67032189950347
CL4Pollen= 2.01949485577643
CL4Nectar= 78.3045699354261
CL5Pollen= 3.20520418742672
CL5Nectar= 131.928436935414
CLDPollen= 4.0634466544725
CLDNectar= 140.157864766661
CA13Pollen= 3.48109194291756
CA13Nectar= 90.3779086284339
CA410Pollen= 4.88613615962677
CA410Nectar= 191.81650263723
CA1120Pollen= 1.72699159244075
CA1120Nectar= 56.6608197055757
IPollenTrips= 9.02405309258029
INectarTrips= 10.7336681406014
IPollenLoad= 7.58558890549466
INectarLoad= 4.25425929017365
