ICQueenStrength= 1.67296835477464
RQWkrDrnRatio= 1.66997118946165
ICDroneMiteSurvivorship= 7.69764890428632
ICWorkerMiteSurvivorship= 58.3203299436718
ICForagerLifespan= 12.0748118394986
ImmType= Tangent
RQQueenStrength= 4.34699751110747
RQEnableReQueen= true
AIAdultSlope= 7.25846299342811
AIAdultLD50= 35.1230355846391
AIAdultSlopeContact= 9.72199506009929
AIAdultLD50Contact= 20.0717652043966
AILarvaSlope= 7.78334125131369
AILarvaLD50= 59.4089501513517
AIKOW= 68922.7917808016
AIKOC= 58916.5949347562
AIHalfLife= 27.3256392576732
EAppRate= 3.92115265972982
FoliarEnabled= true
FoliarAppDate= 06/07/1989
FoliarForageBegin= 06/05/1989
FoliarForageEnd= 06/28/1989
AIContactFactor= 0.805298767881468
CL4Pollen= 3.56115264445543
CL4Nectar= 83.4085549460724
CL5Pollen= 2.22091935994104
CL5Nectar= 19.6165840141475
CLDPollen= 3.1474186303094
CLDNectar= 105.580852890853
CA13Pollen= 7.51914257071912
CA13Nectar= 93.1874320842326
CA410Pollen= 7.11172547424212
CA410Nectar= 103.426237334497
CA1120Pollen= 1.42080707475543
CA1120Nectar= 24.3479950539768
IPollenTrips= 14.3331917864271
INectarTrips= 7.68012925283983
IPollenLoad= 0.172398046124727
INectarLoad= 1.9416366214864
