ICQueenStrength= 3.39638612698764
RQWkrDrnRatio= 4.96705882437527
ICDroneMiteSurvivorship= 24.8362469486892
ICWorkerMiteSurvivorship= 0.0578475184738636
ICForagerLifespan= 7.02420959621668
ImmType= Polynomial
RQQueenStrength= 3.63853184785694
RQEnableReQueen=true
AIAdultSlope= 2.42798179015517
AIAdultLD50= 0.0955504948541056
AIAdultSlopeContact= 5.10558528196998
AIAdultLD50Contact= 52.9000226521988
AILarvaSlope= 6.70182573236525
AILarvaLD50= 28.2613691598049
AIKOW= 43060.5250539539
AIKOC= 44807.2660559737
AIHalfLife= 26.183926029806
EAppRate= 3.66349595364719
FoliarEnabled=true
FoliarAppDate= 07/01/1989
FoliarForageBegin= 07/01/1989
FoliarForageEnd= 07/14/1989
AIContactFactor= 0.592106558312662
CL4Pollen= 2.24660256598145
CL4Nectar= 25.8431252092123
CL5Pollen= 1.65713635040447
CL5Nectar= 115.670327609405
CLDPollen= 2.70495238155127
CLDNectar= 128.499387286138
CA13Pollen= 4.68426911141723
CA13Nectar= 41.3361622393131
CA410Pollen= 4.11785425783601
CA410Nectar= 74.8915336793289
CA1120Pollen= 0.0308419049251825
CA1120Nectar= 75.862727239728
IPollenTrips= 10.860058804974
INectarTrips= 9.43224518327042
IPollenLoad= 6.50022570509464
INectarLoad= 0.582508551888168
