ICQueenStrength= 3.71785222110339
RQWkrDrnRatio= 4.29183616954833
ICDroneMiteSurvivorship= 82.1403714828193
ICWorkerMiteSurvivorship= 74.5654270518571
ICForagerLifespan= 8.06418967805803
ImmType= Logarithmic
RQQueenStrength= 3.01850873185322
RQEnableReQueen= true
AIAdultSlope= 4.96832250989974
AIAdultLD50= 43.4863246903161
AIAdultSlopeContact= 4.88934083236381
AIAdultLD50Contact= 67.7191958212869
AILarvaSlope= 1.5896692276001
AILarvaLD50= 69.5853129294529
AIKOW= 44713.9052546581
AIKOC= 25680.2435827332
AIHalfLife= 15.7759933921043
EAppRate= 7.55544017196051
FoliarEnabled= true
FoliarAppDate= 06/07/1989
FoliarForageBegin= 06/05/1989
FoliarForageEnd= 06/28/1989
AIContactFactor= 1.67082838431001
CL4Pollen= 2.99861599970609
CL4Nectar= 86.4525321638212
CL5Pollen= 0.517984662204981
CL5Nectar= 136.135302402545
CLDPollen= 2.61583708086982
CLDNectar= 3.79910068586469
CA13Pollen= 7.47894954429939
CA13Nectar= 93.2596475817263
CA410Pollen= 2.79536705221981
CA410Nectar= 144.346503210254
CA1120Pollen= 1.85918078944087
CA1120Nectar= 93.9247112721205
IPollenTrips= 10.3849662630819
INectarTrips= 10.5471384734847
IPollenLoad= 2.30052158236504
INectarLoad= 6.81880229851231
