ICQueenStrength= 3.00537152239121
RQWkrDrnRatio= 4.3295419132337
ICDroneMiteSurvivorship= 48.8812826806679
ICWorkerMiteSurvivorship= 8.97375857457519
ICForagerLifespan= 5.87916999682784
ImmType= Logarithmic
RQQueenStrength= 4.40683458372951
RQEnableReQueen= true
AIAdultSlope= 5.17216813750565
AIAdultLD50= 5.07447546371375
AIAdultSlopeContact= 9.76233954471536
AIAdultLD50Contact= 8.78657487359713
AILarvaSlope= 6.88582176156342
AILarvaLD50= 2.7992987726063
AIKOW= 3888.97188924634
AIKOC= 43609.9399018239
AIHalfLife= 33.3113964875927
EAppRate= 3.90557396873576
FoliarEnabled= true
FoliarAppDate= 06/07/1989
FoliarForageBegin= 06/05/1989
FoliarForageEnd= 06/28/1989
AIContactFactor= 0.474268457395956
CL4Pollen= 1.34559961315244
CL4Nectar= 43.2428810046986
CL5Pollen= 0.330668524838984
CL5Nectar= 72.2541412571445
CLDPollen= 3.53152243047953
CLDNectar= 81.4981923555024
CA13Pollen= 5.42634276887402
CA13Nectar= 70.0095673836768
CA410Pollen= 6.22575288193766
CA410Nectar= 89.9995250161737
CA1120Pollen= 0.747649703174829
CA1120Nectar= 20.0205464288592
IPollenTrips= 10.4856550483964
INectarTrips= 6.10965734813362
IPollenLoad= 9.55152790993452
INectarLoad= 6.95185930468142
