ICQueenStrength= 3.90113280992955
RQWkrDrnRatio= 2.2663961648941
ICDroneMiteSurvivorship= 13.0728778429329
ICWorkerMiteSurvivorship= 21.784227155149
ICForagerLifespan= 7.96045691799372
ImmType= Tangent
RQQueenStrength= 4.77292304765433
RQEnableReQueen= true
AIAdultSlope= 2.27802990376949
AIAdultLD50= 36.3737504822053
AIAdultSlopeContact= 2.30402356712148
AIAdultLD50Contact= 72.9024841778635
AILarvaSlope= 4.4731775149703
AILarvaLD50= 71.584636518446
AIKOW= 1264.46846560392
AIKOC= 99850.1204972481
AIHalfLife= 28.1853363336762
EAppRate= 2.12190808335063
FoliarEnabled= true
FoliarAppDate= 06/07/1989
FoliarForageBegin= 06/05/1989
FoliarForageEnd= 06/28/1989
AIContactFactor= 2.33829354742542
CL4Pollen= 0.574870096519589
CL4Nectar= 77.1978127537295
CL5Pollen= 1.63829403743148
CL5Nectar= 39.3970364006236
CLDPollen= 2.01011392939836
CLDNectar= 147.818961390294
CA13Pollen= 6.63342187255621
CA13Nectar= 34.9806648306549
CA410Pollen= 8.34505964538548
CA410Nectar= 91.1973348958418
CA1120Pollen= 0.161864478606731
CA1120Nectar= 26.4160468243062
IPollenTrips= 7.62618110980839
INectarTrips= 9.95183652965352
IPollenLoad= 7.06696887034923
INectarLoad= 0.0659576570615172
ESoilP= 1.64321193122305
ESoilFoc= 0.00997786401817575
