ICQueenStrength= 2.34521484142169
RQWkrDrnRatio= 3.08248958177865
ICDroneMiteSurvivorship= 92.0153915183619
ICWorkerMiteSurvivorship= 98.606338724494
ICForagerLifespan= 5.32187966816127
ImmType= Cosine
RQQueenStrength= 1.82033770391718
RQEnableReQueen= true
AIAdultSlope= 2.6745273116976
AIAdultLD50= 41.1843455485965
AIAdultSlopeContact= 2.69060856080614
AIAdultLD50Contact= 66.7427524696544
AILarvaSlope= 8.26344707235694
AILarvaLD50= 89.4375432884782
AIKOW= 30888.8026939324
AIKOC= 13211.4448066191
AIHalfLife= 2.93308522924781
EAppRate= 1.39071010091784
FoliarEnabled= true
FoliarAppDate= 06/07/1989
FoliarForageBegin= 06/05/1989
FoliarForageEnd= 06/28/1989
AIContactFactor= 1.76441972990055
CL4Pollen= 3.42831039335579
CL4Nectar= 84.0971215162426
CL5Pollen= 2.65071212220937
CL5Nectar= 79.4787387480028
CLDPollen= 1.91304204147309
CLDNectar= 127.606565051246
CA13Pollen= 4.29585339063778
CA13Nectar= 72.6681863889098
CA410Pollen= 6.35883910413831
CA410Nectar= 79.5399856334552
CA1120Pollen= 0.3849218536634
CA1120Nectar= 26.421915050596
IPollenTrips= 11.9972820905969
INectarTrips= 6.99296448379755
IPollenLoad= 8.55877714464441
INectarLoad= 3.31422647228464
