ICQueenStrength= 3.97059438470751
RQWkrDrnRatio= 2.66843177285045
ICDroneMiteSurvivorship= 25.9205733658746
ICWorkerMiteSurvivorship= 21.3240209501237
ICForagerLifespan= 5.46183368004858
ImmType= Sine
RQQueenStrength= 4.35696762986481
RQEnableReQueen=true
AIAdultSlope= 8.74980097450316
AIAdultLD50= 0.730523116643075
AIAdultSlopeContact= 6.4772277448792
AIAdultLD50Contact= 25.7210048591839
AILarvaSlope= 5.13879045285285
AILarvaLD50= 43.6989914006758
AIKOW= 86847.2305473574
AIKOC= 43780.1101128643
AIHalfLife= 33.1655491139973
EAppRate= 2.20075994336652
FoliarEnabled=true
FoliarAppDate= 07/01/1989
FoliarForageBegin= 07/01/1989
FoliarForageEnd= 07/14/1989
AIContactFactor= 1.46122468909249
CL4Pollen= 1.91897507850081
CL4Nectar= 58.8170205475762
CL5Pollen= 2.95138470595703
CL5Nectar= 136.251489550341
CLDPollen= 1.67458128416911
CLDNectar= 19.2240804084577
CA13Pollen= 6.09951558411121
CA13Nectar= 63.266044203192
CA410Pollen= 3.5471691099694
CA410Nectar= 54.0157847013324
CA1120Pollen= 0.949643667088822
CA1120Nectar= 48.7136562168598
IPollenTrips= 5.83748245844617
INectarTrips= 5.70234498241916
IPollenLoad= 3.47595374798402
INectarLoad= 8.8830750528723
