ICQueenStrength= 4.69721717317589
RQWkrDrnRatio= 3.32293587550521
ICDroneMiteSurvivorship= 54.7077191993594
ICWorkerMiteSurvivorship= 38.0172896198928
ICForagerLifespan= 13.5259596854448
ImmType= Sine
AIAdultSlope= 2.00038967333268
AIAdultLD50= 0.106540137762204
AIAdultSlopeContact= 2.57757879337762
AIAdultLD50Contact= 0.00493651467841119
AILarvaSlope= 2.70114548471756
AILarvaLD50= 0.0929279424017295
AIKOW= 3.41343166027218
AIKOC= 5.04196507507004
AIHalfLife= 0.253419489040971
EAppRate= 3.86721421731636
FoliarEnabled= true
