ICQueenStrength= 5.29199518286623
RQWkrDrnRatio= 1.86496447678655
ICDroneMiteSurvivorship= 87.4499787110835
ICWorkerMiteSurvivorship= 31.8804313894361
ICForagerLifespan= 14.2852954184636
ImmType= Exponential
RQQueenStrength= 1.9927349188365
RQEnableReQueen= true
AIAdultSlope= 3.4778599627316
AIAdultLD50= 0.632989126159344
AIAdultSlopeContact= 9.07538435072638
AIAdultLD50Contact= 31.3104167637969
AILarvaSlope= 1.03814146108925
AILarvaLD50= 21.4414206796864
AIKOW= 23275.0571922202
AIKOC= 52194.3321121703
AIHalfLife= 18.5837865897221
EAppRate= 5.65033944133204
FoliarEnabled= true
FoliarAppDate= 09/01/1989
FoliarForageBegin= 09/01/1989
FoliarForageEnd= 09/08/1989
AIContactFactor= 2.27200421532616
CL4Pollen= 2.23531156778336
CL4Nectar= 2.42082946933806
CL5Pollen= 0.698662181384861
CL5Nectar= 92.9517520708032
CLDPollen= 4.27314791455865
CLDNectar= 129.981976083945
CA13Pollen= 3.19516009818763
CA13Nectar= 53.6065729148686
CA410Pollen= 7.76371117120143
CA410Nectar= 63.3777347346768
CA1120Pollen= 2.32178703113459
CA1120Nectar= 47.9101951047778
IPollenTrips= 7.69912188639864
INectarTrips= 5.75649393256754
IPollenLoad= 7.8628006647341
INectarLoad= 7.0699612563476
