ICQueenStrength= 2.25440691714175
RQWkrDrnRatio= 2.36445367988199
ICDroneMiteSurvivorship= 69.1838233731687
ICWorkerMiteSurvivorship= 73.2951452024281
ICForagerLifespan= 8.01083372347057
ImmType= Exponential
RQQueenStrength= 3.01586106442846
RQEnableReQueen= true
AIAdultSlope= 8.6404726728797
AIAdultLD50= 79.6021749471957
AIAdultSlopeContact= 3.7586168537382
AIAdultLD50Contact= 15.185292996549
AILarvaSlope= 1.16047466173768
AILarvaLD50= 27.9346923605416
AIKOW= 11947.3404060893
AIKOC= 49701.9749845676
AIHalfLife= 32.9637366005918
EAppRate= 7.82664499530126
FoliarEnabled= true
FoliarAppDate= 06/07/1989
FoliarForageBegin= 06/05/1989
FoliarForageEnd= 06/28/1989
AIContactFactor= 1.39216389039997
CL4Pollen= 2.31522156577557
CL4Nectar= 39.7879790747538
CL5Pollen= 3.37274178955704
CL5Nectar= 124.22423302196
CLDPollen= 2.92727858293802
CLDNectar= 60.8011140720919
CA13Pollen= 6.2668717501685
CA13Nectar= 78.5225796885788
CA410Pollen= 8.5184301068075
CA410Nectar= 166.454597646371
CA1120Pollen= 1.37770448578522
CA1120Nectar= 77.9982015118003
IPollenTrips= 7.50929711153731
INectarTrips= 11.3379694079049
IPollenLoad= 7.7555702929385
INectarLoad= 9.01531651848927
