ICQueenStrength= 1.76586050330661
RQWkrDrnRatio= 3.68480621650815
ICDroneMiteSurvivorship= 89.3233848037198
ICWorkerMiteSurvivorship= 75.5177871091291
ICForagerLifespan= 5.74346872232854
ImmType= Exponential
RQQueenStrength= 2.37084493995644
RQEnableReQueen= true
AIAdultSlope= 1.50523427687585
AIAdultLD50= 0.717580156445038
AIAdultSlopeContact= 1.35515892319381
AIAdultLD50Contact= 30.9355864123534
AILarvaSlope= 3.138572383672
AILarvaLD50= 88.6431267435825
AIKOW= 57957.1817436383
AIKOC= 31306.9767952862
AIHalfLife= 17.220322095044
EAppRate= 1.99754315027571
FoliarEnabled= true
FoliarAppDate= 09/01/1989
FoliarForageBegin= 09/01/1989
FoliarForageEnd= 09/08/1989
AIContactFactor= 0.817873360631056
CL4Pollen= 2.31816784851253
CL4Nectar= 6.240374292247
CL5Pollen= 0.814785588998348
CL5Nectar= 10.2154538501054
CLDPollen= 2.6623439504765
CLDNectar= 118.043584597763
CA13Pollen= 4.30998836811632
CA13Nectar= 83.851732481271
CA410Pollen= 8.07853807136416
CA410Nectar= 64.4655408943072
CA1120Pollen= 2.85170988715254
CA1120Nectar= 31.6725118644536
IPollenTrips= 7.27501270594075
INectarTrips= 14.4536648737267
IPollenLoad= 6.70604886487126
INectarLoad= 2.96305823372677
