ICQueenStrength= 4.22194911539555
RQWkrDrnRatio= 1.38280107174069
ICDroneMiteSurvivorship= 87.286553857848
ICWorkerMiteSurvivorship= 77.0118335727602
ICForagerLifespan= 14.8062019702047
ImmType= Logarithmic
RQQueenStrength= 1.17111341818236
RQEnableReQueen= true
AIAdultSlope= 1.7295340038836
AIAdultLD50= 4.31587750624516
AIAdultSlopeContact= 7.09145426098257
AIAdultLD50Contact= 2.98098173848703
AILarvaSlope= 1.20759282633662
AILarvaLD50= 50.4904934527303
AIKOW= 24121.7800158659
AIKOC= 63736.7060669209
AIHalfLife= 2.96315423373599
EAppRate= 6.86406741558807
FoliarEnabled= true
FoliarAppDate= 06/07/1989
FoliarForageBegin= 06/05/1989
FoliarForageEnd= 06/28/1989
AIContactFactor= 1.89244691327214
CL4Pollen= 3.20755263697356
CL4Nectar= 47.5607415661216
CL5Pollen= 4.40855556540191
CL5Nectar= 111.11641607713
CLDPollen= 4.95193872274831
CLDNectar= 67.8715074551292
CA13Pollen= 6.56322978837416
CA13Nectar= 39.0907159075141
CA410Pollen= 9.27165821299423
CA410Nectar= 83.1850731093436
CA1120Pollen= 2.50831726449542
CA1120Nectar= 49.922272246331
IPollenTrips= 9.60220852633938
INectarTrips= 7.96106758993119
IPollenLoad= 3.71735336724669
INectarLoad= 0.115467049181461
