ICQueenStrength= 5.58009753725491
RQWkrDrnRatio= 1.08210940100253
ICDroneMiteSurvivorship= 95.5821301788092
ICWorkerMiteSurvivorship= 26.5136139234528
ICForagerLifespan= 12.1190430279821
ImmType= Polynomial
RQQueenStrength= 5.76177391712554
RQEnableReQueen= true
AIAdultSlope= 4.85411333106458
AIAdultLD50= 0.66863257551752
AIAdultSlopeContact= 5.36789400177076
AIAdultLD50Contact= 52.1864420262198
AILarvaSlope= 5.44151700846851
AILarvaLD50= 15.2319319306894
AIKOW= 61351.1823116668
AIKOC= 60132.2861673296
AIHalfLife= 12.9125843661139
EAppRate= 8.19217949422263
FoliarEnabled= true
FoliarAppDate= 09/01/1989
FoliarForageBegin= 09/01/1989
FoliarForageEnd= 09/08/1989
AIContactFactor= 1.06200074042659
CL4Pollen= 2.84480165876448
CL4Nectar= 13.351195352152
CL5Pollen= 1.02892077388242
CL5Nectar= 81.7758135264739
CLDPollen= 3.33982302434742
CLDNectar= 110.608919046354
CA13Pollen= 3.15082618528977
CA13Nectar= 59.8077202029526
CA410Pollen= 7.25251707253046
CA410Nectar= 30.4151273658499
CA1120Pollen= 0.138808483723551
CA1120Nectar= 39.7524121962488
IPollenTrips= 12.6888378313743
INectarTrips= 7.90064188186079
IPollenLoad= 0.0172578310593963
INectarLoad= 0.37713672965765
