ICQueenStrength= 2.90038355160505
RQWkrDrnRatio= 2.88392760138959
ICDroneMiteSurvivorship= 59.2641447903588
ICWorkerMiteSurvivorship= 5.55458755698055
ICForagerLifespan= 10.1014565480873
ImmType= Tangent
RQQueenStrength= 4.18112711422145
RQEnableReQueen=true
AIAdultSlope= 4.49047583714128
AIAdultLD50= 0.843779751446797
AIAdultSlopeContact= 6.71946237445809
AIAdultLD50Contact= 48.8166306007095
AILarvaSlope= 4.65600360184908
AILarvaLD50= 0.0508338741320185
AIKOW= 15520.7960129589
AIKOC= 59035.5586090486
AIHalfLife= 18.6368703327142
EAppRate= 0.202639832856599
FoliarEnabled=true
FoliarAppDate= 07/01/1989
FoliarForageBegin= 07/01/1989
FoliarForageEnd= 07/14/1989
AIContactFactor= 1.34074393810704
CL4Pollen= 0.287950847297907
CL4Nectar= 60.8523100148886
CL5Pollen= 2.06503930594772
CL5Nectar= 68.2918880134821
CLDPollen= 1.97595400549471
CLDNectar= 31.3690072973259
CA13Pollen= 2.90682061323896
CA13Nectar= 60.3230333887041
CA410Pollen= 7.22140579761472
CA410Nectar= 191.077688164078
CA1120Pollen= 1.37720354972407
CA1120Nectar= 92.3128477483988
IPollenTrips= 7.98546274425462
INectarTrips= 11.132458394859
IPollenLoad= 0.358656279277056
INectarLoad= 6.00774733582512
