ICQueenStrength= 4.80661516683176
RQWkrDrnRatio= 1.18458718061447
ICDroneMiteSurvivorship= 2.37196334637702
ICWorkerMiteSurvivorship= 95.4932218184695
ICForagerLifespan= 15.4146838644519
ImmType= Cosine
AIAdultSlope= 2.78323421231937
AIAdultLD50= 0.162459211656824
AIAdultSlopeContact= 0.657910086354241
AIAdultLD50Contact= 0.0321868103579618
AILarvaSlope= 0.20748505522497
AILarvaLD50= 0.174027682933956
AIKOW= 4.20878288708627
AIKOC= 8.46554073039442
AIHalfLife= 2.34891784547362
EAppRate= 5.09805772453547
FoliarEnabled= true
