ICQueenStrength= 3.64839780610055
RQWkrDrnRatio= 1.45502600632608
ICDroneMiteSurvivorship= 46.0477113025263
ICWorkerMiteSurvivorship= 74.1541197523475
ICForagerLifespan= 8.97212185524404
ImmType= Tangent
RQQueenStrength= 2.57225160673261
RQEnableReQueen=true
AIAdultSlope= 2.2250332608819
AIAdultLD50= 0.950743863187265
AIAdultSlopeContact= 2.55033383634873
AIAdultLD50Contact= 70.216270399801
AILarvaSlope= 8.64514322020113
AILarvaLD50= 10.4102800804307
AIKOW= 21023.2232046013
AIKOC= 85378.783308611
AIHalfLife= 1.65324958018027
EAppRate= 3.13829230511375
FoliarEnabled=true
FoliarAppDate= 07/01/1989
FoliarForageBegin= 07/01/1989
FoliarForageEnd= 07/14/1989
AIContactFactor= 2.25844829032663
CL4Pollen= 2.82423703186214
CL4Nectar= 44.0987093606964
CL5Pollen= 5.10403041215613
CL5Nectar= 41.755045868922
CLDPollen= 2.63118727365509
CLDNectar= 54.1013323701918
CA13Pollen= 7.52156151952222
CA13Nectar= 74.1479700058699
CA410Pollen= 3.61457053849008
CA410Nectar= 164.150700843893
CA1120Pollen= 2.05808682600036
CA1120Nectar= 78.1759318336844
IPollenTrips= 5.61167004751042
INectarTrips= 7.83261279342696
IPollenLoad= 7.58747367421165
INectarLoad= 4.00472621433437
