ICQueenStrength= 1.36517831031233
RQWkrDrnRatio= 4.0121492901817
ICDroneMiteSurvivorship= 7.07376652862877
ICWorkerMiteSurvivorship= 63.1441114703193
ICForagerLifespan= 10.9330299338326
ImmType= Exponential
RQQueenStrength= 1.42019451386295
RQEnableReQueen= true
AIAdultSlope= 1.78544674254954
AIAdultLD50= 41.7880715355957
AIAdultSlopeContact= 9.52492783288471
AIAdultLD50Contact= 62.3651627265189
AILarvaSlope= 4.87705028429627
AILarvaLD50= 69.9654878083095
AIKOW= 4440.87906329288
AIKOC= 3473.25376552553
AIHalfLife= 21.49848646014
EAppRate= 1.37902996240696
FoliarEnabled= true
FoliarAppDate= 06/07/1989
FoliarForageBegin= 06/05/1989
FoliarForageEnd= 06/28/1989
AIContactFactor= 0.762876852168701
CL4Pollen= 0.0690940441563725
CL4Nectar= 33.5793623002246
CL5Pollen= 1.52858109818771
CL5Nectar= 76.6799098695628
CLDPollen= 2.86595250852406
CLDNectar= 1.39919113134965
CA13Pollen= 6.15026033278555
CA13Nectar= 87.6930587552488
CA410Pollen= 8.19081199315842
CA410Nectar= 100.744356010109
CA1120Pollen= 1.78789716493338
CA1120Nectar= 59.2976775206625
IPollenTrips= 10.0942991650663
INectarTrips= 7.48077413998544
IPollenLoad= 1.85431602643803
INectarLoad= 3.98644654545933
