ICQueenStrength= 4.41534870583564
RQWkrDrnRatio= 1.25711758155376
ICDroneMiteSurvivorship= 36.0103855840862
ICWorkerMiteSurvivorship= 21.2354698916897
ICForagerLifespan= 13.4008731385693
ImmType= Polynomial
RQQueenStrength= 1.88773919921368
RQEnableReQueen=true
AIAdultSlope= 4.71847868151963
AIAdultLD50= 0.481781672622776
AIAdultSlopeContact= 1.05374738038518
AIAdultLD50Contact= 75.2016321738341
AILarvaSlope= 5.14767259731889
AILarvaLD50= 41.3409716243108
AIKOW= 88524.7799401567
AIKOC= 99330.0095610688
AIHalfLife= 27.7108038478298
EAppRate= 6.40418091253215
FoliarEnabled=true
FoliarAppDate= 07/01/1989
FoliarForageBegin= 07/01/1989
FoliarForageEnd= 07/14/1989
AIContactFactor= 1.9077791120857
CL4Pollen= 3.90211492218077
CL4Nectar= 18.633331800811
CL5Pollen= 3.13259361404926
CL5Nectar= 58.2247010199353
CLDPollen= 1.1630686679855
CLDNectar= 147.419337288011
CA13Pollen= 6.27070669159293
CA13Nectar= 71.9013888016343
CA410Pollen= 3.94298366813455
CA410Nectar= 134.412839654833
CA1120Pollen= 0.210571935866028
CA1120Nectar= 40.4580939933658
IPollenTrips= 14.6159560326487
INectarTrips= 13.8098112097941
IPollenLoad= 1.91407572012395
INectarLoad= 3.32316040061414
