ICQueenStrength= 3.84115811157972
RQWkrDrnRatio= 3.1412646509707
ICDroneMiteSurvivorship= 5.87930013425648
ICWorkerMiteSurvivorship= 50.7496728561819
ICForagerLifespan= 15.8350282087922
ImmType= Exponential
RQQueenStrength= 2.14520592894405
RQEnableReQueen=true
AIAdultSlope= 3.98802458867431
AIAdultLD50= 0.751352154502645
AIAdultSlopeContact= 2.59368467913009
AIAdultLD50Contact= 16.291039718413
AILarvaSlope= 2.88902335800231
AILarvaLD50= 81.7348198013755
AIKOW= 99986.6083510573
AIKOC= 62108.1791719391
AIHalfLife= 5.48366805126425
EAppRate= 8.60574648650666
FoliarEnabled=true
FoliarAppDate= 07/01/1989
FoliarForageBegin= 07/01/1989
FoliarForageEnd= 07/14/1989
AIContactFactor= 0.887473423499614
CL4Pollen= 2.34763046447188
CL4Nectar= 14.6293067140505
CL5Pollen= 5.32679324643686
CL5Nectar= 8.90701840398833
CLDPollen= 1.70581032056361
CLDNectar= 141.265551012475
CA13Pollen= 6.23431382169947
CA13Nectar= 46.9279425404966
CA410Pollen= 6.1208959933836
CA410Nectar= 146.716140704229
CA1120Pollen= 2.83174261590466
CA1120Nectar= 74.2059066146612
IPollenTrips= 10.8815999096259
INectarTrips= 11.8002941738814
IPollenLoad= 6.26102941576391
INectarLoad= 5.42496731737629
