ICQueenStrength= 2.00424138363451
RQWkrDrnRatio= 4.01391743961722
ICDroneMiteSurvivorship= 2.14950067456812
ICWorkerMiteSurvivorship= 18.3746565598994
ICForagerLifespan= 13.1183642996475
ImmType= Logarithmic
RQQueenStrength= 5.48721650987864
RQEnableReQueen= true
AIAdultSlope= 4.48132131434977
AIAdultLD50= 53.2438510287062
AIAdultSlopeContact= 7.99880666821264
AIAdultLD50Contact= 57.7222230692513
AILarvaSlope= 6.53310719132423
AILarvaLD50= 58.5488394907655
AIKOW= 59075.468237734
AIKOC= 11607.8428579974
AIHalfLife= 34.0277039894136
EAppRate= 8.27501449262001
FoliarEnabled= true
FoliarAppDate= 06/07/1989
FoliarForageBegin= 06/05/1989
FoliarForageEnd= 06/28/1989
AIContactFactor= 1.47409949349239
CL4Pollen= 2.07530511263758
CL4Nectar= 31.3534388784319
CL5Pollen= 1.44523966033012
CL5Nectar= 17.1955234953202
CLDPollen= 4.69999725278467
CLDNectar= 79.7283035935834
CA13Pollen= 3.57237755581737
CA13Nectar= 41.7441255971789
CA410Pollen= 5.00464387848042
CA410Nectar= 72.6848531235009
CA1120Pollen= 1.66667808126658
CA1120Nectar= 67.1470527537167
IPollenTrips= 8.84142911527306
INectarTrips= 9.27150516305119
IPollenLoad= 4.41381740616634
INectarLoad= 9.4678398524411
