ICQueenStrength= 3.70043571013957
RQWkrDrnRatio= 3.09288934152573
ICDroneMiteSurvivorship= 59.2981914058328
ICWorkerMiteSurvivorship= 85.4660565033555
ICForagerLifespan= 15.5242182984948
ImmType= Logarithmic
RQQueenStrength= 4.0618665702641
RQEnableReQueen=true
AIAdultSlope= 8.21243128925562
AIAdultLD50= 0.790854838397354
AIAdultSlopeContact= 3.73739542765543
AIAdultLD50Contact= 83.0304344986978
AILarvaSlope= 3.9539098739624
AILarvaLD50= 73.403982934928
AIKOW= 79746.6059212497
AIKOC= 40366.9033310404
AIHalfLife= 27.707454665564
EAppRate= 2.5480039552839
FoliarEnabled=true
FoliarAppDate= 07/01/1989
FoliarForageBegin= 07/01/1989
FoliarForageEnd= 07/14/1989
AIContactFactor= 0.699719420215115
CL4Pollen= 3.16928176488727
CL4Nectar= 45.9198016673326
CL5Pollen= 2.44806533725932
CL5Nectar= 19.0843630582094
CLDPollen= 4.68931605527177
CLDNectar= 66.2734349258244
CA13Pollen= 3.71536103757098
CA13Nectar= 50.048100464046
CA410Pollen= 2.65255419346504
CA410Nectar= 158.988310610875
CA1120Pollen= 2.29012970603071
CA1120Nectar= 97.0892192423344
IPollenTrips= 8.3757386635989
INectarTrips= 11.5294978697784
IPollenLoad= 0.41469018207863
INectarLoad= 3.56172409374267
