ICQueenStrength= 3.31512791709974
RQWkrDrnRatio= 2.82308098766953
ICDroneMiteSurvivorship= 93.608710821718
ICWorkerMiteSurvivorship= 90.3941733995453
ICForagerLifespan= 8.68306250311434
ImmType= Sine
AIAdultSlope= 1.89564480284695
AIAdultLD50= 0.0292129557114095
AIAdultSlopeContact= 0.100135683808476
AIAdultLD50Contact= 0.00312445558374748
AILarvaSlope= 0.970665490720421
AILarvaLD50= 0.436622680979781
AIKOW= 2.68191215582192
AIKOC= 17.883025285555
AIHalfLife= 1.91136696403846
EAppRate= 1.02177553111687
FoliarEnabled= true
