ICQueenStrength= 2.36217058403417
RQWkrDrnRatio= 1.19687637127936
ICDroneMiteSurvivorship= 20.5674827331677
ICWorkerMiteSurvivorship= 25.226683053188
ICForagerLifespan= 8.48723605740815
ImmType= Tangent
RQQueenStrength= 1.69466116605327
RQEnableReQueen= true
AIAdultSlope= 8.76697575673461
AIAdultLD50= 0.894891753413249
AIAdultSlopeContact= 7.08423285535537
AIAdultLD50Contact= 33.7603313384009
AILarvaSlope= 4.81717673875391
AILarvaLD50= 60.3920963275062
AIKOW= 52102.1005865171
AIKOC= 45667.4966929909
AIHalfLife= 19.5672504009446
EAppRate= 5.26482661135471
FoliarEnabled= true
FoliarAppDate= 09/01/1989
FoliarForageBegin= 09/01/1989
FoliarForageEnd= 09/08/1989
AIContactFactor= 1.34836232785601
CL4Pollen= 2.2184892790392
CL4Nectar= 89.8339256178588
CL5Pollen= 3.6364496704191
CL5Nectar= 58.5960510419682
CLDPollen= 1.82682517496869
CLDNectar= 142.097943497356
CA13Pollen= 6.24241610039025
CA13Nectar= 59.2054568044841
CA410Pollen= 6.61485724600498
CA410Nectar= 70.3538811393082
CA1120Pollen= 0.384081430267543
CA1120Nectar= 45.7199417985976
IPollenTrips= 14.9118966166861
INectarTrips= 9.54150196630508
IPollenLoad= 3.69945561280474
INectarLoad= 3.00061592133716
