ICQueenStrength= 3.79649575590156
RQWkrDrnRatio= 2.73224886134267
ICDroneMiteSurvivorship= 99.0868129767478
ICWorkerMiteSurvivorship= 38.7777862837538
ICForagerLifespan= 14.5545193739235
ImmType= Cosine
RQQueenStrength= 3.71140531636775
RQEnableReQueen= true
AIAdultSlope= 3.50303904525936
AIAdultLD50= 4.36400260680518
AIAdultSlopeContact= 1.50339947943576
AIAdultLD50Contact= 86.884103116839
AILarvaSlope= 7.21763572841883
AILarvaLD50= 21.7690424592332
AIKOW= 40270.7742186053
AIKOC= 70658.2237110236
AIHalfLife= 25.1883598546498
EAppRate= 4.75260973729962
FoliarEnabled= true
FoliarAppDate= 06/07/1989
FoliarForageBegin= 06/05/1989
FoliarForageEnd= 06/28/1989
AIContactFactor= 1.83807846446522
CL4Pollen= 3.59645662270486
CL4Nectar= 56.1591380974278
CL5Pollen= 3.90197453415021
CL5Nectar= 75.7176101091318
CLDPollen= 4.58377335872501
CLDNectar= 133.404891507234
CA13Pollen= 7.1149512979202
CA13Nectar= 46.3763050176203
CA410Pollen= 3.57106603824068
CA410Nectar= 164.055079631507
CA1120Pollen= 0.480350943049416
CA1120Nectar= 50.4093590937555
IPollenTrips= 13.7741541629657
INectarTrips= 9.40144544700161
IPollenLoad= 1.47883708588779
INectarLoad= 2.86073592491448
ESoilP= 1.34012063266709
ESoilFoc= 0.017760545855388
