ICQueenStrength= 5.97589345206507
RQWkrDrnRatio= 1.20473490096629
ICDroneMiteSurvivorship= 69.3759457906708
ICWorkerMiteSurvivorship= 28.6178702721372
ICForagerLifespan= 4.22961008921266
ImmType= Exponential
RQQueenStrength= 1.11120343697257
RQEnableReQueen= true
AIAdultSlope= 1.12077565863729
AIAdultLD50= 0.112801106771454
AIAdultSlopeContact= 8.83862518472597
AIAdultLD50Contact= 14.1953513767687
AILarvaSlope= 8.66342843510211
AILarvaLD50= 39.1028547050967
AIKOW= 82317.9590037045
AIKOC= 98019.0408840769
AIHalfLife= 16.212289171177
EAppRate= 2.54771772096213
FoliarEnabled= true
FoliarAppDate= 09/01/1989
FoliarForageBegin= 09/01/1989
FoliarForageEnd= 09/08/1989
AIContactFactor= 0.83998766171746
CL4Pollen= 3.33042865619063
CL4Nectar= 39.6767299156636
CL5Pollen= 1.20420351019129
CL5Nectar= 134.380814200267
CLDPollen= 2.46070414362475
CLDNectar= 119.060480827466
CA13Pollen= 2.71695672376081
CA13Nectar= 53.5287281684577
CA410Pollen= 2.78322391200345
CA410Nectar= 132.775477450341
CA1120Pollen= 0.570258766645566
CA1120Nectar= 59.7735653445125
IPollenTrips= 13.9690911211073
INectarTrips= 8.91430288087577
IPollenLoad= 9.05868964968249
INectarLoad= 2.35559713561088
