ICQueenStrength= 4.80686762859114
RQWkrDrnRatio= 4.89454530458897
ICDroneMiteSurvivorship= 78.4432515036315
ICWorkerMiteSurvivorship= 43.2692918227986
ICForagerLifespan= 14.3070448283106
ImmType= Cosine
RQQueenStrength= 1.726151636336
RQEnableReQueen= true
AIAdultSlope= 4.55949485301971
AIAdultLD50= 19.0740049536757
AIAdultSlopeContact= 3.06983317900449
AIAdultLD50Contact= 64.4360211157559
AILarvaSlope= 8.85927297361195
AILarvaLD50= 75.7643612854104
AIKOW= 62528.4064314162
AIKOC= 82222.3916300808
AIHalfLife= 6.33775438340381
EAppRate= 9.36756758131576
FoliarEnabled= true
FoliarAppDate= 06/07/1989
FoliarForageBegin= 06/05/1989
FoliarForageEnd= 06/28/1989
AIContactFactor= 1.01545705816243
CL4Pollen= 0.610469626262784
CL4Nectar= 16.3790633203462
CL5Pollen= 0.676705869846046
CL5Nectar= 70.6116680055857
CLDPollen= 4.76587585173547
CLDNectar= 90.7761428738013
CA13Pollen= 2.9722388249822
CA13Nectar= 48.1351321935654
CA410Pollen= 3.84195148691069
CA410Nectar= 148.860116787255
CA1120Pollen= 1.20580905745737
CA1120Nectar= 78.3699536882341
IPollenTrips= 5.32131095184013
INectarTrips= 12.9570715944283
IPollenLoad= 0.961478995159268
INectarLoad= 0.562071586027741
ESoilP= 1.68063356610946
ESoilFoc= 0.0147647558138706
