ICQueenStrength= 4.07432467699982
RQWkrDrnRatio= 2.17287437897176
ICDroneMiteSurvivorship= 66.1676325602457
ICWorkerMiteSurvivorship= 42.4133229069412
ICForagerLifespan= 11.9938203869388
ImmType= Sine
AIAdultSlope= 0.714654894461855
AIAdultLD50= 0.146940681571141
AIAdultSlopeContact= 2.0846683214209
AIAdultLD50Contact= 0.0323841765755788
AILarvaSlope= 0.887215127050877
AILarvaLD50= 0.166511609614827
AIKOW= 3.33559742569923
AIKOC= 17.63595460332
AIHalfLife= 0.300018228171393
EAppRate= 6.04848486371338
FoliarEnabled= true
