ICQueenStrength= 4.83300541900098
RQWkrDrnRatio= 4.19390558544546
ICDroneMiteSurvivorship= 44.8939021443948
ICWorkerMiteSurvivorship= 50.8592406054959
ICForagerLifespan= 6.80396331101656
ImmType= Polynomial
AIAdultSlope= 2.15653375633294
AIAdultLD50= 0.0336830604821444
AIAdultSlopeContact= 3.20374963962939
AIAdultLD50Contact= 0.01947667140048
AILarvaSlope= 2.42894745334052
AILarvaLD50= 0.3770380562637
AIKOW= 2.16226678714156
AIKOC= 18.7388329196256
AIHalfLife= 0.420125271286815
EAppRate= 5.58312301291153
FoliarEnabled= true
