ICQueenStrength= 1.83147553727031
RQWkrDrnRatio= 3.90957869682461
ICDroneMiteSurvivorship= 33.9286321541294
ICWorkerMiteSurvivorship= 81.9531490793452
ICForagerLifespan= 10.8067626757547
ImmType= Sine
RQQueenStrength= 5.18172173318453
RQEnableReQueen= true
AIAdultSlope= 7.72469841316342
AIAdultLD50= 91.9798264436601
AIAdultSlopeContact= 6.25917959352955
AIAdultLD50Contact= 76.2847549682958
AILarvaSlope= 8.49325377680361
AILarvaLD50= 32.9913599714532
AIKOW= 90146.6705212307
AIKOC= 86881.5557422407
AIHalfLife= 11.19100229654
EAppRate= 4.02931939443993
FoliarEnabled= true
FoliarAppDate= 06/07/1989
FoliarForageBegin= 06/05/1989
FoliarForageEnd= 06/28/1989
AIContactFactor= 0.942812573234551
CL4Pollen= 0.473916459828615
CL4Nectar= 19.4465684471652
CL5Pollen= 2.93276052782312
CL5Nectar= 126.941698172595
CLDPollen= 1.10147509770468
CLDNectar= 122.830105572939
CA13Pollen= 6.19817349016666
CA13Nectar= 35.6097012199461
CA410Pollen= 2.96939673330635
CA410Nectar= 86.9277996150777
CA1120Pollen= 0.0629361199680716
CA1120Nectar= 42.4423279054463
IPollenTrips= 12.185903636273
INectarTrips= 12.6461001974531
IPollenLoad= 3.46742097521201
INectarLoad= 6.02566073881462
