ICQueenStrength= 4.78668577526696
RQWkrDrnRatio= 2.18837106786668
ICDroneMiteSurvivorship= 33.1937644630671
ICWorkerMiteSurvivorship= 62.1393417706713
ICForagerLifespan= 15.3979244474322
ImmType= Exponential
RQQueenStrength= 3.50499428017065
RQEnableReQueen= true
AIAdultSlope= 2.94211371429265
AIAdultLD50= 82.6978103795128
AIAdultSlopeContact= 6.69336999394
AIAdultLD50Contact= 66.2046553598519
AILarvaSlope= 2.89261971600354
AILarvaLD50= 45.3062527119298
AIKOW= 99362.978239916
AIKOC= 83705.1751009186
AIHalfLife= 34.7577997939661
EAppRate= 6.80296233961009
FoliarEnabled= true
FoliarAppDate= 06/07/1989
FoliarForageBegin= 06/05/1989
FoliarForageEnd= 06/28/1989
AIContactFactor= 1.76102549664211
CL4Pollen= 2.78660451900214
CL4Nectar= 42.3821222269908
CL5Pollen= 4.96819711709395
CL5Nectar= 30.261352728121
CLDPollen= 0.53828728152439
CLDNectar= 103.711458155885
CA13Pollen= 4.02772437855601
CA13Nectar= 27.1067406237125
CA410Pollen= 4.92091162903234
CA410Nectar= 32.1232674084604
CA1120Pollen= 0.506301313871518
CA1120Nectar= 86.0399600863457
IPollenTrips= 12.289188336581
INectarTrips= 7.98756374279037
IPollenLoad= 6.22117130784318
INectarLoad= 3.49733595503494
