ICQueenStrength= 1.14180500805378
RQWkrDrnRatio= 3.47359897103161
ICDroneMiteSurvivorship= 87.4112916877493
ICWorkerMiteSurvivorship= 44.3494573934004
ICForagerLifespan= 7.38299436308444
ImmType= Sine
RQQueenStrength= 1.33595984987915
RQEnableReQueen=true
AIAdultSlope= 4.93675773218274
AIAdultLD50= 0.079899555555312
AIAdultSlopeContact= 7.80112812994048
AIAdultLD50Contact= 30.8317903619471
AILarvaSlope= 2.775127267465
AILarvaLD50= 18.8052078999206
AIKOW= 7947.20156965308
AIKOC= 99360.4920494677
AIHalfLife= 22.5381895834347
EAppRate= 0.374731161848409
FoliarEnabled=true
FoliarAppDate= 07/01/1989
FoliarForageBegin= 07/01/1989
FoliarForageEnd= 07/14/1989
AIContactFactor= 1.32289335018024
CL4Pollen= 2.88266521599144
CL4Nectar= 49.968030047603
CL5Pollen= 2.00310732191429
CL5Nectar= 146.201158978511
CLDPollen= 5.53274272894487
CLDNectar= 85.464144917205
CA13Pollen= 3.82287627952173
CA13Nectar= 65.5740722641349
CA410Pollen= 4.98915312823374
CA410Nectar= 87.5409321440384
CA1120Pollen= 2.96062469459139
CA1120Nectar= 31.9348574057221
IPollenTrips= 7.17533319722861
INectarTrips= 11.1542326468043
IPollenLoad= 2.96435381984338
INectarLoad= 9.57805152749643
