ICQueenStrength= 2.16574276122265
RQWkrDrnRatio= 3.46217210497707
ICDroneMiteSurvivorship= 72.3981676623225
ICWorkerMiteSurvivorship= 69.9122644262388
ICForagerLifespan= 7.36055982206017
ImmType= Sine
RQQueenStrength= 3.5688326114323
RQEnableReQueen= true
AIAdultSlope= 6.3278946634382
AIAdultLD50= 45.7768862341279
AIAdultSlopeContact= 1.45280525786802
AIAdultLD50Contact= 33.6359960354795
AILarvaSlope= 5.11038273945451
AILarvaLD50= 20.4424913514284
AIKOW= 33221.5113288596
AIKOC= 77472.5169543421
AIHalfLife= 10.3877719572047
EAppRate= 6.9971819057907
FoliarEnabled= true
FoliarAppDate= 06/07/1989
FoliarForageBegin= 06/05/1989
FoliarForageEnd= 06/28/1989
AIContactFactor= 0.404077741559595
CL4Pollen= 2.65100143104792
CL4Nectar= 37.0993165066466
CL5Pollen= 1.45243218401447
CL5Nectar= 115.684662794229
CLDPollen= 1.742065732833
CLDNectar= 109.417683945503
CA13Pollen= 5.11666826838627
CA13Nectar= 94.9081045016646
CA410Pollen= 7.04294018633664
CA410Nectar= 42.2332439618185
CA1120Pollen= 0.51163917244412
CA1120Nectar= 25.0250431336462
IPollenTrips= 9.63735612342134
INectarTrips= 6.06578395236284
IPollenLoad= 9.93863361189142
INectarLoad= 5.73250188259408
