ICQueenStrength= 2.73838343820535
RQWkrDrnRatio= 1.69797136075795
ICDroneMiteSurvivorship= 83.1649794243276
ICWorkerMiteSurvivorship= 8.2413345342502
ICForagerLifespan= 10.7531765094027
ImmType= Sine
RQQueenStrength= 5.9028668156825
RQEnableReQueen= true
AIAdultSlope= 2.20026801154017
AIAdultLD50= 62.4510081794686
AIAdultSlopeContact= 5.40318435803056
AIAdultLD50Contact= 43.7071782495971
AILarvaSlope= 1.69075804948807
AILarvaLD50= 5.75173761987267
AIKOW= 20475.7337354626
AIKOC= 50815.6519785493
AIHalfLife= 34.7307010011748
EAppRate= 1.66239342952333
FoliarEnabled= true
FoliarAppDate= 06/07/1989
FoliarForageBegin= 06/05/1989
FoliarForageEnd= 06/28/1989
AIContactFactor= 1.3326174207963
CL4Pollen= 1.22764117456973
CL4Nectar= 30.606034072116
CL5Pollen= 2.72710844222456
CL5Nectar= 18.4442320140079
CLDPollen= 2.77122897282243
CLDNectar= 146.059472858906
CA13Pollen= 7.64492280390114
CA13Nectar= 39.7156446054578
CA410Pollen= 8.04452600760851
CA410Nectar= 195.218819812872
CA1120Pollen= 0.240762425819412
CA1120Nectar= 72.9223604872823
IPollenTrips= 14.1448033717461
INectarTrips= 8.12636379152536
IPollenLoad= 1.57318083569407
INectarLoad= 9.2736648907885
ESoilP= 1.36763019813225
ESoilFoc= 0.0119332011649385
