ICQueenStrength= 1.27980097336695
RQWkrDrnRatio= 4.9002996692434
ICDroneMiteSurvivorship= 79.1396199492738
ICWorkerMiteSurvivorship= 84.2655522050336
ICForagerLifespan= 6.71530647389591
ImmType= Tangent
RQQueenStrength= 4.93973542726599
RQEnableReQueen= true
AIAdultSlope= 1.59745266474783
AIAdultLD50= 84.9393801659264
AIAdultSlopeContact= 4.98096990771592
AIAdultLD50Contact= 73.4352234657561
AILarvaSlope= 4.74342249706388
AILarvaLD50= 12.5590324165572
AIKOW= 20945.2461343635
AIKOC= 56616.6175344777
AIHalfLife= 27.2487286847783
EAppRate= 9.70996568241366
FoliarEnabled= true
FoliarAppDate= 06/07/1989
FoliarForageBegin= 06/05/1989
FoliarForageEnd= 06/28/1989
AIContactFactor= 1.65204356691334
CL4Pollen= 1.43558095302433
CL4Nectar= 87.8216431010514
CL5Pollen= 2.52972035994753
CL5Nectar= 117.497710254975
CLDPollen= 3.38488793559372
CLDNectar= 68.5243587009609
CA13Pollen= 7.49718397092074
CA13Nectar= 77.6712584868073
CA410Pollen= 6.75966217350215
CA410Nectar= 43.6126502882689
CA1120Pollen= 2.31444717035629
CA1120Nectar= 53.7386375851929
IPollenTrips= 14.7229041717947
INectarTrips= 14.0223174262792
IPollenLoad= 4.85675625270233
INectarLoad= 4.85091996844858
