ICQueenStrength= 1.23494524881244
RQWkrDrnRatio= 1.41632536612451
ICDroneMiteSurvivorship= 83.8080683257431
ICWorkerMiteSurvivorship= 7.68373883329332
ICForagerLifespan= 12.7315173260868
ImmType= Exponential
RQQueenStrength= 2.46132335765287
RQEnableReQueen= true
AIAdultSlope= 7.48110035434365
AIAdultLD50= 11.4155928626105
AIAdultSlopeContact= 7.39497128338553
AIAdultLD50Contact= 66.5565295378871
AILarvaSlope= 2.53414981067181
AILarvaLD50= 59.3532494227639
AIKOW= 61028.3968593408
AIKOC= 50624.3401415762
AIHalfLife= 23.76175272658
EAppRate= 4.94617573872069
FoliarEnabled= true
FoliarAppDate= 06/07/1989
FoliarForageBegin= 06/05/1989
FoliarForageEnd= 06/28/1989
AIContactFactor= 0.551311949356459
CL4Pollen= 3.64144882932305
CL4Nectar= 12.3021431500092
CL5Pollen= 2.91485175210983
CL5Nectar= 102.167388622183
CLDPollen= 3.74132202286273
CLDNectar= 71.6760286130011
CA13Pollen= 7.38025336088613
CA13Nectar= 75.4325826093554
CA410Pollen= 7.22990548943635
CA410Nectar= 133.188940933906
CA1120Pollen= 2.85164667572826
CA1120Nectar= 73.1448107585311
IPollenTrips= 11.1607242631726
INectarTrips= 13.5484883422032
IPollenLoad= 4.34654837474227
INectarLoad= 1.62543936399743
