ICQueenStrength= 3.14442477328703
RQWkrDrnRatio= 2.93205482140183
ICDroneMiteSurvivorship= 58.0720233498141
ICWorkerMiteSurvivorship= 26.6396073624492
ICForagerLifespan= 9.01490888092667
ImmType= Cosine
RQQueenStrength= 1.76511410181411
RQEnableReQueen= true
AIAdultSlope= 6.71729550510645
AIAdultLD50= 82.426484414445
AIAdultSlopeContact= 6.19119394337758
AIAdultLD50Contact= 49.4521374432081
AILarvaSlope= 2.72797804139555
AILarvaLD50= 96.6354387365866
AIKOW= 15093.7796260574
AIKOC= 18830.3899353065
AIHalfLife= 24.2064965232974
EAppRate= 8.69602844527201
FoliarEnabled= true
FoliarAppDate= 06/07/1989
FoliarForageBegin= 06/05/1989
FoliarForageEnd= 06/28/1989
AIContactFactor= 1.99008893501945
CL4Pollen= 2.01012127194554
CL4Nectar= 16.1941383033991
CL5Pollen= 2.56908118771389
CL5Nectar= 143.041923071723
CLDPollen= 4.58445565681905
CLDNectar= 12.38708171295
CA13Pollen= 4.72090006368235
CA13Nectar= 50.0970686972141
CA410Pollen= 7.26468399954028
CA410Nectar= 155.938005582429
CA1120Pollen= 0.439199278363958
CA1120Nectar= 42.4543767422438
IPollenTrips= 13.2465622923337
INectarTrips= 9.30070000700653
IPollenLoad= 5.16726560192183
INectarLoad= 8.88543092645705
