ICQueenStrength= 4.89942192006856
RQWkrDrnRatio= 4.96699451003224
ICDroneMiteSurvivorship= 15.3446892974898
ICWorkerMiteSurvivorship= 46.5730359544978
ICForagerLifespan= 5.50443860050291
ImmType= Tangent
RQQueenStrength= 3.94708083476871
RQEnableReQueen=true
AIAdultSlope= 3.95650963298976
AIAdultLD50= 0.287338237019256
AIAdultSlopeContact= 2.31648277374916
AIAdultLD50Contact= 13.5592267010524
AILarvaSlope= 5.20576416142285
AILarvaLD50= 90.2054812935139
AIKOW= 64498.7222151096
AIKOC= 43375.350216988
AIHalfLife= 26.0337817062391
EAppRate= 1.90554331996501
FoliarEnabled=true
FoliarAppDate= 07/01/1989
FoliarForageBegin= 07/01/1989
FoliarForageEnd= 07/14/1989
AIContactFactor= 0.686359188868664
CL4Pollen= 2.31929893419147
CL4Nectar= 7.62207144871354
CL5Pollen= 5.82559940731153
CL5Nectar= 52.8004425228573
CLDPollen= 3.07477907510474
CLDNectar= 52.7747003361583
CA13Pollen= 7.48603154839948
CA13Nectar= 92.1288503520191
CA410Pollen= 2.95958951229695
CA410Nectar= 89.1840669652447
CA1120Pollen= 2.72187225753441
CA1120Nectar= 42.8745433874428
IPollenTrips= 5.84722853032872
INectarTrips= 14.5494064036757
IPollenLoad= 3.75119598815218
INectarLoad= 7.6536979759112
