ICQueenStrength= 5.7622775635682
RQWkrDrnRatio= 1.23893603589386
ICDroneMiteSurvivorship= 53.9578147931024
ICWorkerMiteSurvivorship= 57.6545756310225
ICForagerLifespan= 14.8681584252045
ImmType= Cosine
RQQueenStrength= 1.80124951666221
RQEnableReQueen= true
AIAdultSlope= 4.84892986901104
AIAdultLD50= 57.50977079377
AIAdultSlopeContact= 7.88023697212338
AIAdultLD50Contact= 0.798955744834384
AILarvaSlope= 7.63191719539464
AILarvaLD50= 68.1979120017351
AIKOW= 34517.3286098512
AIKOC= 43979.8894732927
AIHalfLife= 24.2351721011568
EAppRate= 5.86150607033004
FoliarEnabled= true
FoliarAppDate= 06/07/1989
FoliarForageBegin= 06/05/1989
FoliarForageEnd= 06/28/1989
AIContactFactor= 1.66863436287269
CL4Pollen= 2.95715573988855
CL4Nectar= 59.053934039548
CL5Pollen= 5.49107143655419
CL5Nectar= 95.0996753876098
CLDPollen= 0.839175980072469
CLDNectar= 86.7422942072153
CA13Pollen= 3.8541138458997
CA13Nectar= 35.4416375979781
CA410Pollen= 9.0464552272344
CA410Nectar= 97.5601246394217
CA1120Pollen= 1.59755425387993
CA1120Nectar= 93.1061416864395
IPollenTrips= 13.9429514459334
INectarTrips= 14.1488970629871
IPollenLoad= 4.67364242998883
INectarLoad= 1.82826855219901
