ICQueenStrength= 3.40335364942439
RQWkrDrnRatio= 1.86635300237685
ICDroneMiteSurvivorship= 49.4156252825633
ICWorkerMiteSurvivorship= 33.5945131955668
ICForagerLifespan= 15.0138535881415
ImmType= Logarithmic
RQQueenStrength= 4.45576247898862
RQEnableReQueen= true
AIAdultSlope= 7.95627020858228
AIAdultLD50= 11.9962040502701
AIAdultSlopeContact= 7.89851725124754
AIAdultLD50Contact= 2.76252803378366
AILarvaSlope= 7.26512578874826
AILarvaLD50= 22.1330293673945
AIKOW= 54317.9438729528
AIKOC= 15313.5330631472
AIHalfLife= 30.3128948385129
EAppRate= 6.11221763463854
FoliarEnabled= true
FoliarAppDate= 06/07/1989
FoliarForageBegin= 06/05/1989
FoliarForageEnd= 06/28/1989
AIContactFactor= 0.516374781243503
CL4Pollen= 1.06869063526392
CL4Nectar= 40.5403638491407
CL5Pollen= 1.20911501487717
CL5Nectar= 51.0945048183203
CLDPollen= 3.98448935011402
CLDNectar= 144.804209691938
CA13Pollen= 7.47120591048151
CA13Nectar= 28.4327230043709
CA410Pollen= 8.18443313320167
CA410Nectar= 159.996933685616
CA1120Pollen= 0.881671782815829
CA1120Nectar= 23.279954623431
IPollenTrips= 12.9868045868352
INectarTrips= 8.52296506753191
IPollenLoad= 6.57852790085599
INectarLoad= 9.48762806365266
