ICQueenStrength= 1.1894048799295
RQWkrDrnRatio= 2.41049222648144
ICDroneMiteSurvivorship= 84.4782623229548
ICWorkerMiteSurvivorship= 18.3691517217085
ICForagerLifespan= 4.65644167177379
ImmType= Cosine
RQQueenStrength= 4.22864860063419
RQEnableReQueen= true
AIAdultSlope= 5.56141812354326
AIAdultLD50= 49.9868089267241
AIAdultSlopeContact= 5.17735659563914
AIAdultLD50Contact= 98.0811887451308
AILarvaSlope= 3.1779374871403
AILarvaLD50= 91.1707688626791
AIKOW= 4353.50019947229
AIKOC= 47939.7336705059
AIHalfLife= 12.2250066330424
EAppRate= 7.55260237362282
FoliarEnabled= true
FoliarAppDate= 06/07/1989
FoliarForageBegin= 06/05/1989
FoliarForageEnd= 06/28/1989
AIContactFactor= 1.41103047136683
CL4Pollen= 1.81182246748358
CL4Nectar= 78.4816812491044
CL5Pollen= 0.601077121216804
CL5Nectar= 91.7535173823126
CLDPollen= 1.66598654631525
CLDNectar= 75.853857002221
CA13Pollen= 5.83866617111489
CA13Nectar= 64.7256233729422
CA410Pollen= 4.06452273549512
CA410Nectar= 180.852230526507
CA1120Pollen= 1.32973308325745
CA1120Nectar= 35.2565290406346
IPollenTrips= 11.3500712136738
INectarTrips= 7.73404895327985
IPollenLoad= 0.0759181519970298
INectarLoad= 4.38477637944743
ESoilP= 1.18679488403723
ESoilFoc= 0.00295969836786389
