ICQueenStrength= 2.00384512799792
RQWkrDrnRatio= 3.42424442619085
ICDroneMiteSurvivorship= 61.5035698749125
ICWorkerMiteSurvivorship= 47.2842304268852
ICForagerLifespan= 7.16340201441199
ImmType= Polynomial
RQQueenStrength= 3.94912163633853
RQEnableReQueen= true
AIAdultSlope= 3.68874953314662
AIAdultLD50= 14.867792310436
AIAdultSlopeContact= 4.85603986214846
AIAdultLD50Contact= 82.1624503062542
AILarvaSlope= 2.02462129667401
AILarvaLD50= 36.2066711834653
AIKOW= 22534.2280164592
AIKOC= 88820.7450160168
AIHalfLife= 22.860323806107
EAppRate= 7.77540260294033
FoliarEnabled= true
FoliarAppDate= 06/07/1989
FoliarForageBegin= 06/05/1989
FoliarForageEnd= 06/28/1989
AIContactFactor= 0.289535471517593
CL4Pollen= 2.60745872184634
CL4Nectar= 94.7208984289318
CL5Pollen= 0.781164511106908
CL5Nectar= 74.9221757054329
CLDPollen= 5.53477153647691
CLDNectar= 2.86184814758599
CA13Pollen= 2.93032458731905
CA13Nectar= 65.2825355529785
CA410Pollen= 3.55363967698067
CA410Nectar= 176.777064539492
CA1120Pollen= 0.586472497321665
CA1120Nectar= 69.1842576675117
IPollenTrips= 6.29872500197962
INectarTrips= 14.9335385859013
IPollenLoad= 3.59265363076702
INectarLoad= 2.26419809740037
ESoilP= 1.55201912601478
ESoilFoc= 0.0179834670987912
