ICQueenStrength= 2.09015610255301
RQWkrDrnRatio= 2.46867325715721
ICDroneMiteSurvivorship= 3.97118390537798
ICWorkerMiteSurvivorship= 29.560134653002
ICForagerLifespan= 5.07817746512592
ImmType= Cosine
RQQueenStrength= 2.59039603173733
RQEnableReQueen=true
AIAdultSlope= 8.00393308512866
AIAdultLD50= 0.170044105180306
AIAdultSlopeContact= 7.54006478283554
AIAdultLD50Contact= 48.2217026835249
AILarvaSlope= 1.86938590556383
AILarvaLD50= 26.8716489128238
AIKOW= 41691.9779132836
AIKOC= 43232.6107204859
AIHalfLife= 18.3504247642588
EAppRate= 5.88914574474003
FoliarEnabled=true
FoliarAppDate= 07/01/1989
FoliarForageBegin= 07/01/1989
FoliarForageEnd= 07/14/1989
AIContactFactor= 0.800631883125752
CL4Pollen= 3.41086779534817
CL4Nectar= 39.9259627563879
CL5Pollen= 0.60135340411216
CL5Nectar= 46.1430798866786
CLDPollen= 5.39250584878027
CLDNectar= 148.544195329305
CA13Pollen= 6.83342407345772
CA13Nectar= 27.8732958063483
CA410Pollen= 4.34967051097192
CA410Nectar= 95.2187368832529
CA1120Pollen= 0.84533060900867
CA1120Nectar= 70.6133886985481
IPollenTrips= 6.82733612833545
INectarTrips= 9.13173373322934
IPollenLoad= 0.159703805111349
INectarLoad= 7.94337829807773
