ICQueenStrength= 4.23196333949454
RQWkrDrnRatio= 1.80718815419823
ICDroneMiteSurvivorship= 70.6941151525825
ICWorkerMiteSurvivorship= 32.1731380885467
ICForagerLifespan= 8.53132847510278
ImmType= Polynomial
RQQueenStrength= 2.96894326480106
RQEnableReQueen= true
AIAdultSlope= 8.15597355738282
AIAdultLD50= 58.0658980817473
AIAdultSlopeContact= 7.45208299835213
AIAdultLD50Contact= 16.5885930248713
AILarvaSlope= 5.27495509758592
AILarvaLD50= 25.8189673495835
AIKOW= 82686.6883169886
AIKOC= 83391.7367566861
AIHalfLife= 16.1945388716413
EAppRate= 1.79141514304606
FoliarEnabled= true
FoliarAppDate= 06/07/1989
FoliarForageBegin= 06/05/1989
FoliarForageEnd= 06/28/1989
AIContactFactor= 1.63573631190229
CL4Pollen= 2.7375611141324
CL4Nectar= 89.2791999038309
CL5Pollen= 1.67641187924892
CL5Nectar= 121.175815165043
CLDPollen= 5.37589409155771
CLDNectar= 127.592841919977
CA13Pollen= 3.42379717696458
CA13Nectar= 93.7925247102976
CA410Pollen= 4.7298318633344
CA410Nectar= 190.930989268236
CA1120Pollen= 2.08040111116134
CA1120Nectar= 57.6803431101143
IPollenTrips= 9.58642368437722
INectarTrips= 6.46618253085762
IPollenLoad= 2.09020893322304
INectarLoad= 0.29998118057847
ESoilP= 1.99434751179069
ESoilFoc= 0.0132957491616253
