ICQueenStrength= 2.73893988784403
RQWkrDrnRatio= 2.78668378666043
ICDroneMiteSurvivorship= 16.7511513689533
ICWorkerMiteSurvivorship= 25.7185087306425
ICForagerLifespan= 5.61474722344428
ImmType= Sine
RQQueenStrength= 1.22946096677333
RQEnableReQueen=true
AIAdultSlope= 4.66741557233036
AIAdultLD50= 0.552302366696531
AIAdultSlopeContact= 1.65508896461688
AIAdultLD50Contact= 26.6805696713377
AILarvaSlope= 5.83575275726616
AILarvaLD50= 15.8521313824642
AIKOW= 25697.9603116601
AIKOC= 59583.0251260689
AIHalfLife= 31.9310861993814
EAppRate= 5.82074390406278
FoliarEnabled=true
FoliarAppDate= 07/01/1989
FoliarForageBegin= 07/01/1989
FoliarForageEnd= 07/14/1989
AIContactFactor= 0.613473983248696
CL4Pollen= 0.239146383479238
CL4Nectar= 52.4088878417388
CL5Pollen= 1.76360325096175
CL5Nectar= 124.407536827493
CLDPollen= 5.29405272239819
CLDNectar= 108.252797042951
CA13Pollen= 6.27788641890511
CA13Nectar= 74.9092905595899
CA410Pollen= 3.62106450987048
CA410Nectar= 28.7260597990826
CA1120Pollen= 0.148347313050181
CA1120Nectar= 64.9334211088717
IPollenTrips= 14.8016920662485
INectarTrips= 10.0044399127364
IPollenLoad= 8.67893098620698
INectarLoad= 6.04682357050478
