ICQueenStrength= 5.34253506013192
RQWkrDrnRatio= 4.73065345641226
ICDroneMiteSurvivorship= 11.6775051224977
ICWorkerMiteSurvivorship= 51.0152827715501
ICForagerLifespan= 5.95733526721597
ImmType= Sine
RQQueenStrength= 5.09439316950738
RQEnableReQueen= true
AIAdultSlope= 1.68287470005453
AIAdultLD50= 85.7563890667048
AIAdultSlopeContact= 5.76273652166128
AIAdultLD50Contact= 78.4776076415919
AILarvaSlope= 4.50262246653438
AILarvaLD50= 89.0882888480816
AIKOW= 25061.6766246427
AIKOC= 65208.0168061059
AIHalfLife= 1.4902001703158
EAppRate= 6.42056200203137
FoliarEnabled= true
FoliarAppDate= 06/07/1989
FoliarForageBegin= 06/05/1989
FoliarForageEnd= 06/28/1989
AIContactFactor= 1.30554793863557
CL4Pollen= 0.61458953935653
CL4Nectar= 52.6146826101467
CL5Pollen= 0.589556923136115
CL5Nectar= 94.3158878129907
CLDPollen= 3.28037021728233
CLDNectar= 72.2786368103698
CA13Pollen= 7.54652188559994
CA13Nectar= 94.4895239546895
CA410Pollen= 5.89015373734292
CA410Nectar= 143.480695150793
CA1120Pollen= 0.112740692915395
CA1120Nectar= 24.8116297274828
IPollenTrips= 9.14170897100121
INectarTrips= 7.31987494509667
IPollenLoad= 5.95381076680496
INectarLoad= 1.29213840933517
