ICQueenStrength= 2.35768422973342
RQWkrDrnRatio= 4.6001961575821
ICDroneMiteSurvivorship= 41.5937315206975
ICWorkerMiteSurvivorship= 49.4923145510256
ICForagerLifespan= 15.5613272078335
ImmType= Tangent
RQQueenStrength= 3.21183976973407
RQEnableReQueen= true
AIAdultSlope= 1.02215421199799
AIAdultLD50= 14.6908329886999
AIAdultSlopeContact= 2.32363286823966
AIAdultLD50Contact= 78.2058072655487
AILarvaSlope= 1.33347277902067
AILarvaLD50= 62.4117865966672
AIKOW= 9579.69604880287
AIKOC= 82643.4826860663
AIHalfLife= 1.03700152216479
EAppRate= 4.82292924945522
FoliarEnabled= true
FoliarAppDate= 06/07/1989
FoliarForageBegin= 06/05/1989
FoliarForageEnd= 06/28/1989
AIContactFactor= 1.61789186201058
CL4Pollen= 2.25083312019706
CL4Nectar= 23.6105243675411
CL5Pollen= 0.00274613220244646
CL5Nectar= 111.40192510793
CLDPollen= 1.91063755843788
CLDNectar= 47.3137072054669
CA13Pollen= 7.90901105413213
CA13Nectar= 72.2126144357026
CA410Pollen= 6.97170439469628
CA410Nectar= 43.6533298436552
CA1120Pollen= 1.006306321593
CA1120Nectar= 24.2608810961246
IPollenTrips= 8.18200884154066
INectarTrips= 9.2421717569232
IPollenLoad= 2.17727494426072
INectarLoad= 7.01659793267027
