ICQueenStrength= 4.1678772950545
RQWkrDrnRatio= 2.5254316367209
ICDroneMiteSurvivorship= 73.6873384565115
ICWorkerMiteSurvivorship= 4.71000173129141
ICForagerLifespan= 10.1359367249534
ImmType= Tangent
RQQueenStrength= 2.67652993742377
RQEnableReQueen=true
AIAdultSlope= 8.67691734991968
AIAdultLD50= 0.0444735232812818
AIAdultSlopeContact= 1.02944626705721
AIAdultLD50Contact= 26.3186425487166
AILarvaSlope= 7.15157571434975
AILarvaLD50= 8.5593650547415
AIKOW= 83173.4341166345
AIKOC= 66587.3887890659
AIHalfLife= 31.6842380092712
EAppRate= 3.49326870853547
FoliarEnabled=true
FoliarAppDate= 07/01/1989
FoliarForageBegin= 07/01/1989
FoliarForageEnd= 07/14/1989
AIContactFactor= 0.688824082058854
CL4Pollen= 3.2810921119526
CL4Nectar= 49.3755382718518
CL5Pollen= 0.705818727146834
CL5Nectar= 25.0621815444902
CLDPollen= 0.707075537648052
CLDNectar= 54.793568328023
CA13Pollen= 6.34252948341891
CA13Nectar= 48.3872432261705
CA410Pollen= 7.64290039443877
CA410Nectar= 97.8668295405805
CA1120Pollen= 2.57590715470724
CA1120Nectar= 90.1186400093138
IPollenTrips= 13.4262172761373
INectarTrips= 10.8108576619998
IPollenLoad= 4.34369012946263
INectarLoad= 7.20639218809083
