ICQueenStrength= 2.22332463855855
RQWkrDrnRatio= 1.25987529754639
ICDroneMiteSurvivorship= 49.4275380857289
ICWorkerMiteSurvivorship= 1.29867496434599
ICForagerLifespan= 11.7947178827599
ImmType= Exponential
RQQueenStrength= 2.33225859724917
RQEnableReQueen= true
AIAdultSlope= 1.81606429629028
AIAdultLD50= 0.952554772068281
AIAdultSlopeContact= 9.02688121492974
AIAdultLD50Contact= 55.3657436151721
AILarvaSlope= 7.9630565457046
AILarvaLD50= 30.0932864892548
AIKOW= 62734.724861876
AIKOC= 66012.3385427385
AIHalfLife= 15.3126519629033
EAppRate= 1.56884542095242
FoliarEnabled= true
FoliarAppDate= 09/01/1989
FoliarForageBegin= 09/01/1989
FoliarForageEnd= 09/08/1989
AIContactFactor= 1.80822623515967
CL4Pollen= 2.22115888632834
CL4Nectar= 91.8859586585313
CL5Pollen= 5.77387556154281
CL5Nectar= 82.317433564458
CLDPollen= 5.4983964599669
CLDNectar= 77.7964073815383
CA13Pollen= 3.9532199434936
CA13Nectar= 32.1687455289066
CA410Pollen= 6.40259098703973
CA410Nectar= 54.3957208655775
CA1120Pollen= 0.521481428761035
CA1120Nectar= 84.5770710334182
IPollenTrips= 12.4009321909398
INectarTrips= 12.918355462607
IPollenLoad= 6.07472088653594
INectarLoad= 7.45947885559872
