ICQueenStrength= 5.51783667202108
RQWkrDrnRatio= 1.59898173529655
ICDroneMiteSurvivorship= 7.02234297059476
ICWorkerMiteSurvivorship= 21.7532191192731
ICForagerLifespan= 12.8616016386077
ImmType= Sine
RQQueenStrength= 4.50994014996104
RQEnableReQueen= true
AIAdultSlope= 4.94693143293262
AIAdultLD50= 67.3585469493999
AIAdultSlopeContact= 2.59534341376275
AIAdultLD50Contact= 73.8377569641496
AILarvaSlope= 6.75090847350657
AILarvaLD50= 91.928180559881
AIKOW= 95614.671726591
AIKOC= 86287.2805825211
AIHalfLife= 32.1738601917867
EAppRate= 3.05748421839252
FoliarEnabled= true
FoliarAppDate= 06/07/1989
FoliarForageBegin= 06/05/1989
FoliarForageEnd= 06/28/1989
AIContactFactor= 2.09486724344548
CL4Pollen= 0.305815892294049
CL4Nectar= 55.0986182177439
CL5Pollen= 2.48792007705197
CL5Nectar= 50.8745914790779
CLDPollen= 1.08426582394168
CLDNectar= 21.2643822887912
CA13Pollen= 4.05220455797389
CA13Nectar= 56.338070705533
CA410Pollen= 8.36901350219268
CA410Nectar= 128.028863267973
CA1120Pollen= 1.01550207473338
CA1120Nectar= 84.9714660644531
IPollenTrips= 8.9534791233018
INectarTrips= 6.07958039967343
IPollenLoad= 6.36123950593174
INectarLoad= 5.8491250523366
