ICQueenStrength= 2.72259256825782
RQWkrDrnRatio= 2.70768272597343
ICDroneMiteSurvivorship= 70.0860657496378
ICWorkerMiteSurvivorship= 73.8267915556207
ICForagerLifespan= 9.7577055292204
ImmType= Sine
RQQueenStrength= 2.63922287872992
RQEnableReQueen= true
AIAdultSlope= 6.89568610489368
AIAdultLD50= 46.3046902136544
AIAdultSlopeContact= 5.10156705416739
AIAdultLD50Contact= 87.5586141270581
AILarvaSlope= 7.44181798957288
AILarvaLD50= 57.7988464254583
AIKOW= 18111.4653523223
AIKOC= 867.947477803798
AIHalfLife= 4.0727733153617
EAppRate= 4.85216806132859
FoliarEnabled= true
FoliarAppDate= 06/07/1989
FoliarForageBegin= 06/05/1989
FoliarForageEnd= 06/28/1989
AIContactFactor= 1.53039887825493
CL4Pollen= 3.03201089333743
CL4Nectar= 63.1417217897251
CL5Pollen= 2.91081774327904
CL5Nectar= 146.147053898312
CLDPollen= 3.70720270927995
CLDNectar= 133.62972442992
CA13Pollen= 4.00536108789966
CA13Nectar= 67.4545960314572
CA410Pollen= 8.10965867913328
CA410Nectar= 75.0579850329086
CA1120Pollen= 2.51480681053363
CA1120Nectar= 66.2674302048981
IPollenTrips= 11.0656495578587
INectarTrips= 10.3214306337759
IPollenLoad= 4.10583093529567
INectarLoad= 8.24733351357281
