ICQueenStrength= 1.63230462465435
RQWkrDrnRatio= 1.55605526827276
ICDroneMiteSurvivorship= 17.1700399834663
ICWorkerMiteSurvivorship= 51.7055996228009
ICForagerLifespan= 15.1996456775814
ImmType= Cosine
RQQueenStrength= 4.09706781618297
RQEnableReQueen=true
AIAdultSlope= 6.9800492208451
AIAdultLD50= 0.193721233248245
AIAdultSlopeContact= 8.38450224138796
AIAdultLD50Contact= 27.3064133471332
AILarvaSlope= 8.09827979654074
AILarvaLD50= 3.98580669878051
AIKOW= 82160.2992625194
AIKOC= 95372.9935992507
AIHalfLife= 21.2622088657692
EAppRate= 0.179052633844316
FoliarEnabled=true
FoliarAppDate= 07/01/1989
FoliarForageBegin= 07/01/1989
FoliarForageEnd= 07/14/1989
AIContactFactor= 1.24172922171652
CL4Pollen= 3.29515368677676
CL4Nectar= 3.4988529747352
CL5Pollen= 5.09605998639017
CL5Nectar= 7.1938424021937
CLDPollen= 1.01439622230828
CLDNectar= 107.808798551559
CA13Pollen= 7.93052744427696
CA13Nectar= 21.6875575855374
CA410Pollen= 4.88683515992016
CA410Nectar= 97.0174607820809
CA1120Pollen= 0.306745681213215
CA1120Nectar= 55.3832883760333
IPollenTrips= 6.21066419407725
INectarTrips= 8.3752626599744
IPollenLoad= 7.70000072196126
INectarLoad= 5.95944775035605
