ICQueenStrength= 3.02922994620167
RQWkrDrnRatio= 1.79789251182228
ICDroneMiteSurvivorship= 70.9523459197953
ICWorkerMiteSurvivorship= 6.88344636000693
ICForagerLifespan= 14.5121657596901
ImmType= Cosine
RQQueenStrength= 3.08387807826512
RQEnableReQueen= true
AIAdultSlope= 1.43365150131285
AIAdultLD50= 47.2723133534994
AIAdultSlopeContact= 1.08520908025093
AIAdultLD50Contact= 72.8477746459798
AILarvaSlope= 8.37733142450452
AILarvaLD50= 14.0662628605065
AIKOW= 67619.3462469117
AIKOC= 20527.9330567964
AIHalfLife= 7.65687971967272
EAppRate= 6.97042927864217
FoliarEnabled= true
FoliarAppDate= 06/07/1989
FoliarForageBegin= 06/05/1989
FoliarForageEnd= 06/28/1989
AIContactFactor= 1.26289880002849
CL4Pollen= 2.32206556666642
CL4Nectar= 26.8456876976416
CL5Pollen= 3.91138381836936
CL5Nectar= 43.0292319506407
CLDPollen= 1.58240815764293
CLDNectar= 103.298675164115
CA13Pollen= 4.97219601534307
CA13Nectar= 99.2572671547532
CA410Pollen= 6.57283124921378
CA410Nectar= 156.188975395635
CA1120Pollen= 1.42701584030874
CA1120Nectar= 97.6508739590645
IPollenTrips= 6.70707906596363
INectarTrips= 13.4477263595909
IPollenLoad= 9.64192547602579
INectarLoad= 8.96755796624348
