ICQueenStrength= 2.39042602153495
RQWkrDrnRatio= 4.10406730510294
ICDroneMiteSurvivorship= 77.4738879408687
ICWorkerMiteSurvivorship= 50.8381736697629
ICForagerLifespan= 7.8862621858716
ImmType= Polynomial
RQQueenStrength= 1.69403482368216
RQEnableReQueen= true
AIAdultSlope= 1.51155487261713
AIAdultLD50= 86.007420598231
AIAdultSlopeContact= 9.7092699711211
AIAdultLD50Contact= 56.0279486011977
AILarvaSlope= 6.05894290842116
AILarvaLD50= 60.4078155915199
AIKOW= 17243.851498584
AIKOC= 41894.3555893798
AIHalfLife= 29.9222456654999
EAppRate= 6.76015729340981
FoliarEnabled= true
FoliarAppDate= 06/07/1989
FoliarForageBegin= 06/05/1989
FoliarForageEnd= 06/28/1989
AIContactFactor= 1.61150262537412
CL4Pollen= 3.16753795649856
CL4Nectar= 30.216410686262
CL5Pollen= 5.92811771482229
CL5Nectar= 21.1842744844034
CLDPollen= 0.721233962103724
CLDNectar= 8.90392597066239
CA13Pollen= 6.49930470092222
CA13Nectar= 48.8152034208179
CA410Pollen= 3.08386936725583
CA410Nectar= 118.426941861399
CA1120Pollen= 0.40049737226218
CA1120Nectar= 43.6634361743927
IPollenTrips= 6.4515696419403
INectarTrips= 12.6775945117697
IPollenLoad= 2.78831328963861
INectarLoad= 5.02563177142292
