ICQueenStrength= 2.09574415604584
RQWkrDrnRatio= 3.017474219203
ICDroneMiteSurvivorship= 2.70724659785628
ICWorkerMiteSurvivorship= 94.0412959083915
ICForagerLifespan= 6.49926701560616
ImmType= Tangent
RQQueenStrength= 4.66694166092202
RQEnableReQueen= true
AIAdultSlope= 1.90660437755287
AIAdultLD50= 73.8996221949116
AIAdultSlopeContact= 7.13660969398916
AIAdultLD50Contact= 79.1313840563393
AILarvaSlope= 8.11420156247914
AILarvaLD50= 40.5470909803486
AIKOW= 41792.3332890507
AIKOC= 90986.7348430357
AIHalfLife= 34.884487506724
EAppRate= 1.8230423884897
FoliarEnabled= true
FoliarAppDate= 06/07/1989
FoliarForageBegin= 06/05/1989
FoliarForageEnd= 06/28/1989
AIContactFactor= 1.47701574227773
CL4Pollen= 2.87440071627498
CL4Nectar= 56.2189063755795
CL5Pollen= 0.0580717683769763
CL5Nectar= 103.799865022302
CLDPollen= 3.40593941230327
CLDNectar= 39.4582707784139
CA13Pollen= 3.91268397988752
CA13Nectar= 36.6181917674839
CA410Pollen= 6.28683585824911
CA410Nectar= 142.916675922461
CA1120Pollen= 0.442480253521353
CA1120Nectar= 81.785957980901
IPollenTrips= 5.91412224806845
INectarTrips= 14.3763029202819
IPollenLoad= 3.52392259519547
INectarLoad= 0.455026098061353
