ICQueenStrength= 2.35557981557213
RQWkrDrnRatio= 1.19971184711903
ICDroneMiteSurvivorship= 81.1551901744679
ICWorkerMiteSurvivorship= 59.897114825435
ICForagerLifespan= 8.09535691328347
ImmType= Sine
RQQueenStrength= 2.22045038384385
RQEnableReQueen= true
AIAdultSlope= 5.30216340720654
AIAdultLD50= 0.764040281932335
AIAdultSlopeContact= 6.81136133032851
AIAdultLD50Contact= 3.08406021202542
AILarvaSlope= 4.66083858348429
AILarvaLD50= 25.3714506756142
AIKOW= 4875.25015039673
AIKOC= 63290.3511131138
AIHalfLife= 5.11196328692604
EAppRate= 2.01559311933932
FoliarEnabled= true
FoliarAppDate= 09/01/1989
FoliarForageBegin= 09/01/1989
FoliarForageEnd= 09/08/1989
AIContactFactor= 0.6808518262906
CL4Pollen= 1.91669404134154
CL4Nectar= 11.8412609910592
CL5Pollen= 4.27541223959997
CL5Nectar= 109.08748365473
CLDPollen= 4.88890450587496
CLDNectar= 141.474234696943
CA13Pollen= 3.7369632137008
CA13Nectar= 59.1093502566218
CA410Pollen= 4.0192669255659
CA410Nectar= 67.2677267109975
CA1120Pollen= 0.757878122152761
CA1120Nectar= 90.7727718539536
IPollenTrips= 5.93628066824749
INectarTrips= 8.38387998053804
IPollenLoad= 6.96891180705279
INectarLoad= 9.28151227300987
