ICQueenStrength= 5.00906078983098
RQWkrDrnRatio= 1.60847771074623
ICDroneMiteSurvivorship= 46.9132772646844
ICWorkerMiteSurvivorship= 99.8371342197061
ICForagerLifespan= 12.5550937401131
ImmType= Sine
RQQueenStrength= 5.59501063451171
RQEnableReQueen= true
AIAdultSlope= 2.318574372679
AIAdultLD50= 42.3274105516323
AIAdultSlopeContact= 4.70930665708147
AIAdultLD50Contact= 1.24006861568708
AILarvaSlope= 1.75991416722536
AILarvaLD50= 98.4905365462438
AIKOW= 97500.9052952177
AIKOC= 69356.8814138609
AIHalfLife= 25.0964724766789
EAppRate= 4.22420709912083
FoliarEnabled= true
FoliarAppDate= 06/07/1989
FoliarForageBegin= 06/05/1989
FoliarForageEnd= 06/28/1989
AIContactFactor= 2.16489505446516
CL4Pollen= 2.10738857090473
CL4Nectar= 66.0312821622938
CL5Pollen= 4.14103897986934
CL5Nectar= 31.3980156322941
CLDPollen= 0.752088792622089
CLDNectar= 21.4875191333704
CA13Pollen= 5.11034798929468
CA13Nectar= 27.8605969622731
CA410Pollen= 4.04555427276064
CA410Nectar= 46.3519011298195
CA1120Pollen= 1.42707127542235
CA1120Nectar= 92.9324889369309
IPollenTrips= 7.69798985682428
INectarTrips= 12.3297875281423
IPollenLoad= 3.39232155820355
INectarLoad= 8.97628780221567
