ICQueenStrength= 3.74155656807125
RQWkrDrnRatio= 1.85953167732805
ICDroneMiteSurvivorship= 52.761678933166
ICWorkerMiteSurvivorship= 58.0460311379284
ICForagerLifespan= 4.10033539868891
ImmType= Cosine
RQQueenStrength= 3.81212065019645
RQEnableReQueen= true
AIAdultSlope= 3.29255855828524
AIAdultLD50= 0.680063147519715
AIAdultSlopeContact= 5.91879214649089
AIAdultLD50Contact= 2.01316414043307
AILarvaSlope= 1.38446953333914
AILarvaLD50= 91.3387898821062
AIKOW= 57324.910519834
AIKOC= 82831.1197937382
AIHalfLife= 21.6354569775518
EAppRate= 9.17299167320481
FoliarEnabled= true
FoliarAppDate= 09/01/1989
FoliarForageBegin= 09/01/1989
FoliarForageEnd= 09/08/1989
AIContactFactor= 1.65388111943379
CL4Pollen= 0.297349167987704
CL4Nectar= 88.7086048955098
CL5Pollen= 5.27874028729275
CL5Nectar= 140.516163746361
CLDPollen= 4.19106540922076
CLDNectar= 121.208683785517
CA13Pollen= 6.12965061310679
CA13Nectar= 83.0115390196443
CA410Pollen= 4.99533536089584
CA410Nectar= 128.671312467195
CA1120Pollen= 0.291072071297094
CA1120Nectar= 44.2606999352574
IPollenTrips= 14.4598842575215
INectarTrips= 7.10754610365257
IPollenLoad= 2.57321336073801
INectarLoad= 4.28157805930823
