ICQueenStrength= 1.58605912490748
RQWkrDrnRatio= 4.38780977018178
ICDroneMiteSurvivorship= 46.717614098452
ICWorkerMiteSurvivorship= 92.6065728068352
ICForagerLifespan= 13.3879932323471
ImmType= Sine
RQQueenStrength= 5.15096690878272
RQEnableReQueen= true
AIAdultSlope= 8.76552029512823
AIAdultLD50= 30.4777650365408
AIAdultSlopeContact= 2.82407317124307
AIAdultLD50Contact= 7.13480950087472
AILarvaSlope= 7.79717244021595
AILarvaLD50= 40.2962779116307
AIKOW= 36068.1333482569
AIKOC= 84203.2345879574
AIHalfLife= 1.74623504483607
EAppRate= 7.98118284253473
FoliarEnabled= true
FoliarAppDate= 06/07/1989
FoliarForageBegin= 06/05/1989
FoliarForageEnd= 06/28/1989
AIContactFactor= 2.34890807109885
CL4Pollen= 0.0988365104421973
CL4Nectar= 10.345020913519
CL5Pollen= 4.24141585500911
CL5Nectar= 18.7440805253573
CLDPollen= 2.09558800421655
CLDNectar= 119.957187585533
CA13Pollen= 5.55606311261654
CA13Nectar= 55.761367790401
CA410Pollen= 6.19422515032347
CA410Nectar= 111.090514059179
CA1120Pollen= 0.807999721029773
CA1120Nectar= 99.2832245118916
IPollenTrips= 6.94492959184572
INectarTrips= 8.89479223871604
IPollenLoad= 4.41513955360278
INectarLoad= 5.32257448881865
