ICQueenStrength= 2.51613764581271
RQWkrDrnRatio= 4.57821179367602
ICDroneMiteSurvivorship= 7.14239049702883
ICWorkerMiteSurvivorship= 16.0503879422322
ICForagerLifespan= 12.5210394170135
ImmType= Tangent
RQQueenStrength= 4.75155270798132
RQEnableReQueen= true
AIAdultSlope= 4.63702459819615
AIAdultLD50= 53.205045836064
AIAdultSlopeContact= 2.46404015878215
AIAdultLD50Contact= 74.1397607140073
AILarvaSlope= 5.92624843306839
AILarvaLD50= 52.9349595187956
AIKOW= 9835.41275500302
AIKOC= 8125.40622968599
AIHalfLife= 5.47998245318886
EAppRate= 6.72210289325705
FoliarEnabled= true
FoliarAppDate= 06/07/1989
FoliarForageBegin= 06/05/1989
FoliarForageEnd= 06/28/1989
AIContactFactor= 1.5150856486056
CL4Pollen= 0.0628447057679296
CL4Nectar= 61.40904314816
CL5Pollen= 5.85430061258376
CL5Nectar= 55.7122625643387
CLDPollen= 4.40579658513889
CLDNectar= 77.5075730052777
CA13Pollen= 8.11450193757191
CA13Nectar= 63.4878833219409
CA410Pollen= 6.19922194404062
CA410Nectar= 186.700596050359
CA1120Pollen= 0.390212777070701
CA1120Nectar= 96.6152623295784
IPollenTrips= 8.04342246847227
INectarTrips= 11.9391406397335
IPollenLoad= 4.42754267016426
INectarLoad= 5.18093399237841
