ICQueenStrength= 4.90055520343594
RQWkrDrnRatio= 3.62875000853091
ICDroneMiteSurvivorship= 8.36387255694717
ICWorkerMiteSurvivorship= 51.8477784236893
ICForagerLifespan= 7.84754572808743
ImmType= Polynomial
RQQueenStrength= 2.42205035197549
RQEnableReQueen= true
AIAdultSlope= 8.9105166066438
AIAdultLD50= 60.522580626236
AIAdultSlopeContact= 4.61377339810133
AIAdultLD50Contact= 19.5479584446708
AILarvaSlope= 8.90858795493841
AILarvaLD50= 48.3391372578563
AIKOW= 63725.887630045
AIKOC= 3344.89365264797
AIHalfLife= 24.5563769691624
EAppRate= 7.15624184975773
FoliarEnabled= true
FoliarAppDate= 06/07/1989
FoliarForageBegin= 06/05/1989
FoliarForageEnd= 06/28/1989
AIContactFactor= 0.659427645830438
CL4Pollen= 2.1834360351786
CL4Nectar= 83.4273836808279
CL5Pollen= 2.86258409544826
CL5Nectar= 140.049748623278
CLDPollen= 4.71100931474939
CLDNectar= 7.3681355570443
CA13Pollen= 4.73863366320729
CA13Nectar= 69.8657874763012
CA410Pollen= 9.40697862103116
CA410Nectar= 147.858547167853
CA1120Pollen= 0.981108808424324
CA1120Nectar= 24.7844391688704
IPollenTrips= 14.7670344635844
INectarTrips= 8.11471648747101
IPollenLoad= 9.56589696928859
INectarLoad= 6.36913397349417
