ICQueenStrength= 2.81000324082561
RQWkrDrnRatio= 2.44172377232462
ICDroneMiteSurvivorship= 59.1079763835296
ICWorkerMiteSurvivorship= 60.6536948354915
ICForagerLifespan= 7.26337751653045
ImmType= Exponential
RQQueenStrength= 3.91523024556227
RQEnableReQueen= true
AIAdultSlope= 3.64032724127173
AIAdultLD50= 11.0906541267212
AIAdultSlopeContact= 2.0801019940991
AIAdultLD50Contact= 88.1842694214636
AILarvaSlope= 6.53558767028153
AILarvaLD50= 72.5999207087357
AIKOW= 84363.6321871936
AIKOC= 63083.7078808176
AIHalfLife= 30.0192260201555
EAppRate= 3.31143307148526
FoliarEnabled= true
FoliarAppDate= 06/07/1989
FoliarForageBegin= 06/05/1989
FoliarForageEnd= 06/28/1989
AIContactFactor= 0.271044943481684
CL4Pollen= 3.67725330404937
CL4Nectar= 2.81979914288968
CL5Pollen= 0.165763202123344
CL5Nectar= 106.931914645247
CLDPollen= 2.53071619430557
CLDNectar= 4.54479418694973
CA13Pollen= 8.07749431235716
CA13Nectar= 46.9822445698082
CA410Pollen= 2.55151242443826
CA410Nectar= 102.501115407795
CA1120Pollen= 1.01444321335293
CA1120Nectar= 62.5950346142054
IPollenTrips= 12.0404452714138
INectarTrips= 5.89506326243281
IPollenLoad= 3.93640300258994
INectarLoad= 9.05873063486069
ESoilP= 1.13385698874481
ESoilFoc= 0.0175402165988926
