ICQueenStrength= 1.06517562433146
RQWkrDrnRatio= 2.1664677914232
ICDroneMiteSurvivorship= 18.4322443557903
ICWorkerMiteSurvivorship= 55.4748598951846
ICForagerLifespan= 9.05654808878899
ImmType= Polynomial
RQQueenStrength= 1.71869672625326
RQEnableReQueen= true
AIAdultSlope= 2.12152862921357
AIAdultLD50= 26.1957442854403
AIAdultSlopeContact= 4.40719874575734
AIAdultLD50Contact= 80.2729460594682
AILarvaSlope= 1.21261051483452
AILarvaLD50= 26.3047501953621
AIKOW= 92125.6753108457
AIKOC= 23436.4531729792
AIHalfLife= 11.910760203586
EAppRate= 8.88224261839688
FoliarEnabled= true
FoliarAppDate= 06/07/1989
FoliarForageBegin= 06/05/1989
FoliarForageEnd= 06/28/1989
AIContactFactor= 1.42353864638135
CL4Pollen= 2.42060611955822
CL4Nectar= 86.7525176610798
CL5Pollen= 5.53059276659042
CL5Nectar= 68.663957552053
CLDPollen= 1.80955323530361
CLDNectar= 92.5865006516688
CA13Pollen= 3.51115459837019
CA13Nectar= 26.7442339099944
CA410Pollen= 4.31444962089881
CA410Nectar= 78.0461392132565
CA1120Pollen= 2.0468466966413
CA1120Nectar= 99.0233490802348
IPollenTrips= 8.43946244334802
INectarTrips= 7.63121953001246
IPollenLoad= 3.485717556905
INectarLoad= 6.67819591471925
