ICQueenStrength= 5.95192874339409
RQWkrDrnRatio= 3.45134737715125
ICDroneMiteSurvivorship= 17.9912983672693
ICWorkerMiteSurvivorship= 45.6367461243644
ICForagerLifespan= 7.42218884360045
ImmType= Sine
RQQueenStrength= 3.02055883244611
RQEnableReQueen= true
AIAdultSlope= 2.19446549750865
AIAdultLD50= 10.7797677205219
AIAdultSlopeContact= 4.50768666295335
AIAdultLD50Contact= 88.9367875796992
AILarvaSlope= 7.63719625584781
AILarvaLD50= 44.259255489029
AIKOW= 47155.6166178761
AIKOC= 6196.04517460591
AIHalfLife= 12.5803451554384
EAppRate= 4.60482993620494
FoliarEnabled= true
FoliarAppDate= 06/07/1989
FoliarForageBegin= 06/05/1989
FoliarForageEnd= 06/28/1989
AIContactFactor= 2.20001953304745
CL4Pollen= 3.07977090030909
CL4Nectar= 72.6340941619128
CL5Pollen= 3.67966788355261
CL5Nectar= 110.840059525799
CLDPollen= 5.47270055813715
CLDNectar= 132.820120314136
CA13Pollen= 4.14693078706041
CA13Nectar= 55.9588670730591
CA410Pollen= 4.52299684402533
CA410Nectar= 116.865116991103
CA1120Pollen= 1.48027646192349
CA1120Nectar= 63.1436876580119
IPollenTrips= 5.47394906869158
INectarTrips= 7.71464553195983
IPollenLoad= 9.99532013898715
INectarLoad= 9.36886556446552
