ICQueenStrength= 2.52317156083882
RQWkrDrnRatio= 3.73903435096145
ICDroneMiteSurvivorship= 5.82975042052567
ICWorkerMiteSurvivorship= 31.8150282138959
ICForagerLifespan= 15.8580837706104
ImmType= Cosine
RQQueenStrength= 1.73580606468022
RQEnableReQueen=true
AIAdultSlope= 1.64538258127868
AIAdultLD50= 0.299476128503913
AIAdultSlopeContact= 8.41615755064413
AIAdultLD50Contact= 98.6407595406093
AILarvaSlope= 1.20977946557105
AILarvaLD50= 12.6558404976036
AIKOW= 63351.1976666149
AIKOC= 16145.8054199463
AIHalfLife= 27.1796804713784
EAppRate= 6.87738952346053
FoliarEnabled=true
FoliarAppDate= 07/01/1989
FoliarForageBegin= 07/01/1989
FoliarForageEnd= 07/14/1989
AIContactFactor= 1.66376759162638
CL4Pollen= 1.29259876720607
CL4Nectar= 54.9156515859067
CL5Pollen= 0.615917919203639
CL5Nectar= 38.2349036517553
CLDPollen= 0.511030746158212
CLDNectar= 59.986190975178
CA13Pollen= 4.99094489663839
CA13Nectar= 31.3650304079056
CA410Pollen= 9.05366195428651
CA410Nectar= 82.9193707183003
CA1120Pollen= 2.35791346756741
CA1120Nectar= 79.0577269159257
IPollenTrips= 11.1437751026824
INectarTrips= 13.1826543970965
IPollenLoad= 6.23265128117055
INectarLoad= 7.96787679428235
