ICQueenStrength= 3.48932687332854
RQWkrDrnRatio= 2.17006139270961
ICDroneMiteSurvivorship= 67.2276259632781
ICWorkerMiteSurvivorship= 77.969352924265
ICForagerLifespan= 8.51623382698745
ImmType= Cosine
RQQueenStrength= 4.99571383954026
RQEnableReQueen= true
AIAdultSlope= 1.95264039188623
AIAdultLD50= 94.9609257813436
AIAdultSlopeContact= 4.33230180782266
AIAdultLD50Contact= 48.5954819781044
AILarvaSlope= 6.56884557381272
AILarvaLD50= 1.27608685339452
AIKOW= 68991.5520879506
AIKOC= 48295.6425304178
AIHalfLife= 31.6182599304011
EAppRate= 0.952328414188232
FoliarEnabled= true
FoliarAppDate= 06/07/1989
FoliarForageBegin= 06/05/1989
FoliarForageEnd= 06/28/1989
AIContactFactor= 0.982217026110738
CL4Pollen= 2.85318539012223
CL4Nectar= 47.7995467139408
CL5Pollen= 0.0544214090332389
CL5Nectar= 106.972951255739
CLDPollen= 1.64190756669268
CLDNectar= 88.5976754827425
CA13Pollen= 5.04569905186072
CA13Nectar= 47.4212720431387
CA410Pollen= 3.9938132005278
CA410Nectar= 103.288019960746
CA1120Pollen= 0.615455954102799
CA1120Nectar= 75.8466184698045
IPollenTrips= 10.5984443239868
INectarTrips= 13.3865333278663
IPollenLoad= 4.17030252050608
INectarLoad= 3.87443801388144
