ICQueenStrength= 2.76142618991435
RQWkrDrnRatio= 1.36614436004311
ICDroneMiteSurvivorship= 63.8257364509627
ICWorkerMiteSurvivorship= 31.7881754832342
ICForagerLifespan= 4.48331681173295
ImmType= Cosine
RQQueenStrength= 4.98967862594873
RQEnableReQueen= true
AIAdultSlope= 5.33781164139509
AIAdultLD50= 3.43840334808221
AIAdultSlopeContact= 6.85719152749516
AIAdultLD50Contact= 53.1577979627477
AILarvaSlope= 5.47444388642907
AILarvaLD50= 75.0443615362116
AIKOW= 30917.2566912173
AIKOC= 51682.6521454009
AIHalfLife= 4.77078189684544
EAppRate= 3.51083851707401
FoliarEnabled= true
FoliarAppDate= 06/07/1989
FoliarForageBegin= 06/05/1989
FoliarForageEnd= 06/28/1989
AIContactFactor= 2.23267328384332
CL4Pollen= 2.16119660250843
CL4Nectar= 31.9275658577681
CL5Pollen= 2.26349308015779
CL5Nectar= 44.3112003849819
CLDPollen= 0.0121010066941381
CLDNectar= 120.496993954293
CA13Pollen= 3.51395665183663
CA13Nectar= 95.5372031964362
CA410Pollen= 9.36190822741482
CA410Nectar= 182.59242686443
CA1120Pollen= 0.624543385813013
CA1120Nectar= 22.8410982526839
IPollenTrips= 12.1837769798003
INectarTrips= 6.97444046381861
IPollenLoad= 7.85248391795903
INectarLoad= 4.18907271232456
ESoilP= 1.22605298063718
ESoilFoc= 0.00444495261227712
