ICQueenStrength= 1.05229033180512
RQWkrDrnRatio= 2.58238798007369
ICDroneMiteSurvivorship= 18.1628855178133
ICWorkerMiteSurvivorship= 46.4234538609162
ICForagerLifespan= 9.07934338413179
ImmType= Polynomial
RQQueenStrength= 2.51271858019754
RQEnableReQueen= true
AIAdultSlope= 2.6249910145998
AIAdultLD50= 80.8297600512789
AIAdultSlopeContact= 1.2741932484787
AIAdultLD50Contact= 7.85270299200155
AILarvaSlope= 1.01450974307954
AILarvaLD50= 66.7626653441528
AIKOW= 83079.1802302556
AIKOC= 77095.7293549485
AIHalfLife= 34.1105555057526
EAppRate= 1.70385918386769
FoliarEnabled= true
FoliarAppDate= 06/07/1989
FoliarForageBegin= 06/05/1989
FoliarForageEnd= 06/28/1989
AIContactFactor= 0.874854498282075
CL4Pollen= 0.254380255937576
CL4Nectar= 89.162244531326
CL5Pollen= 2.88690070481971
CL5Nectar= 1.38092287816107
CLDPollen= 4.05504048010334
CLDNectar= 93.4513306827284
CA13Pollen= 3.88069525668398
CA13Nectar= 43.3217085525393
CA410Pollen= 3.93587378452066
CA410Nectar= 99.4556741882116
CA1120Pollen= 1.29793267417699
CA1120Nectar= 94.5637761987746
IPollenTrips= 12.2734733507968
INectarTrips= 11.9669527071528
IPollenLoad= 0.769324279390275
INectarLoad= 4.15425828658044
