ICQueenStrength= 3.04360819770955
RQWkrDrnRatio= 4.92560794018209
ICDroneMiteSurvivorship= 94.6260256459936
ICWorkerMiteSurvivorship= 47.7662716060877
ICForagerLifespan= 13.2612049831077
ImmType= Sine
RQQueenStrength= 4.54328111396171
RQEnableReQueen= true
AIAdultSlope= 7.56617950089276
AIAdultLD50= 64.0380530779494
AIAdultSlopeContact= 4.65207075164653
AIAdultLD50Contact= 18.5358719184641
AILarvaSlope= 3.78105876408517
AILarvaLD50= 48.9694688624099
AIKOW= 25368.0765289278
AIKOC= 31783.6735859069
AIHalfLife= 7.01899824235588
EAppRate= 5.43467578429706
FoliarEnabled= true
FoliarAppDate= 06/07/1989
FoliarForageBegin= 06/05/1989
FoliarForageEnd= 06/28/1989
AIContactFactor= 0.523601315822452
CL4Pollen= 2.87985341623425
CL4Nectar= 52.8586087515578
CL5Pollen= 2.72996015148237
CL5Nectar= 25.5480243475176
CLDPollen= 0.831544092390686
CLDNectar= 42.7469425136223
CA13Pollen= 2.56929748952389
CA13Nectar= 23.882398493588
CA410Pollen= 6.01904187009204
CA410Nectar= 113.535586167127
CA1120Pollen= 2.08470464218408
CA1120Nectar= 86.7895594239235
IPollenTrips= 11.166419533547
INectarTrips= 7.97760476125404
IPollenLoad= 6.91034147050232
INectarLoad= 1.57578411279246
