ICQueenStrength= 4.66635874495842
RQWkrDrnRatio= 2.57037818431854
ICDroneMiteSurvivorship= 93.1877273600549
ICWorkerMiteSurvivorship= 50.0193713698536
ICForagerLifespan= 14.543883414939
ImmType= Cosine
RQQueenStrength= 1.83941065939143
RQEnableReQueen= true
AIAdultSlope= 7.48809084668756
AIAdultLD50= 37.8638739820986
AIAdultSlopeContact= 6.15708081284538
AIAdultLD50Contact= 50.8075923470196
AILarvaSlope= 6.13377677090466
AILarvaLD50= 20.1996000333119
AIKOW= 18463.4519088278
AIKOC= 89526.7144378014
AIHalfLife= 5.45914161526598
EAppRate= 1.48083993171342
FoliarEnabled= true
FoliarAppDate= 06/07/1989
FoliarForageBegin= 06/05/1989
FoliarForageEnd= 06/28/1989
AIContactFactor= 1.2384728757618
CL4Pollen= 0.299152541905642
CL4Nectar= 77.6517667574808
CL5Pollen= 0.0018375227227807
CL5Nectar= 10.430706711486
CLDPollen= 2.65248347260058
CLDNectar= 16.8336836853996
CA13Pollen= 5.77480673212558
CA13Nectar= 92.8419227711856
CA410Pollen= 6.01313936298247
CA410Nectar= 32.4516245676205
CA1120Pollen= 1.04371435171925
CA1120Nectar= 49.7936730831861
IPollenTrips= 5.74298436986282
INectarTrips= 13.4431474772282
IPollenLoad= 3.51278340443969
INectarLoad= 9.88754727179185
