ICQueenStrength= 2.77324178395793
RQWkrDrnRatio= 4.1644797436893
ICDroneMiteSurvivorship= 95.6374311121181
ICWorkerMiteSurvivorship= 25.1639593858272
ICForagerLifespan= 11.414418312721
ImmType= Sine
RQQueenStrength= 4.72831461136229
RQEnableReQueen= true
AIAdultSlope= 5.46653021872044
AIAdultLD50= 77.1811654957198
AIAdultSlopeContact= 2.57697234814987
AIAdultLD50Contact= 96.1665325909429
AILarvaSlope= 4.34210108406842
AILarvaLD50= 25.2217284251065
AIKOW= 11719.0974104131
AIKOC= 47400.29269895
AIHalfLife= 8.46377801599447
EAppRate= 4.75500282236096
FoliarEnabled= true
FoliarAppDate= 06/07/1989
FoliarForageBegin= 06/05/1989
FoliarForageEnd= 06/28/1989
AIContactFactor= 1.21718389749527
CL4Pollen= 2.94927758071572
CL4Nectar= 11.7547801462933
CL5Pollen= 0.447789066005498
CL5Nectar= 106.460270786192
CLDPollen= 3.0248188865371
CLDNectar= 35.9529580688104
CA13Pollen= 3.99178276099265
CA13Nectar= 45.5447144806385
CA410Pollen= 9.16393412435427
CA410Nectar= 68.4163229586557
CA1120Pollen= 1.51094408193603
CA1120Nectar= 93.6213706620038
IPollenTrips= 11.2166208587587
INectarTrips= 10.1623818464577
IPollenLoad= 7.67820368986577
INectarLoad= 3.15933477599174
ESoilP= 1.625529529294
ESoilFoc= 0.0105931655615568
