ICQueenStrength= 3.80453529441729
RQWkrDrnRatio= 3.72806032095104
ICDroneMiteSurvivorship= 98.4745665453374
ICWorkerMiteSurvivorship= 81.9582962896675
ICForagerLifespan= 4.51219743303955
ImmType= Logarithmic
AIAdultSlope= 1.71926564360037
AIAdultLD50= 0.0810172664467245
AIAdultSlopeContact= 2.35570573856821
AIAdultLD50Contact= 0.0361743130139075
AILarvaSlope= 2.12615222246386
AILarvaLD50= 0.0699742061784491
AIKOW= 4.8950882665813
AIKOC= 9.26004499895498
AIHalfLife= 0.356242568674497
EAppRate= 0.215876882430166
FoliarEnabled= true
