ICQueenStrength= 5.95908766053617
RQWkrDrnRatio= 1.38606207910925
ICDroneMiteSurvivorship= 42.5164641346782
ICWorkerMiteSurvivorship= 57.2932271054015
ICForagerLifespan= 5.19257350917906
ImmType= Sine
RQQueenStrength= 5.5995100797154
RQEnableReQueen= true
AIAdultSlope= 7.54782174900174
AIAdultLD50= 31.3945233384734
AIAdultSlopeContact= 6.30666431551799
AIAdultLD50Contact= 95.3290731685204
AILarvaSlope= 4.59055865742266
AILarvaLD50= 38.9121356490145
AIKOW= 16257.3131423476
AIKOC= 27161.7014921233
AIHalfLife= 8.10417121953797
EAppRate= 2.28193714382988
FoliarEnabled= true
FoliarAppDate= 06/07/1989
FoliarForageBegin= 06/05/1989
FoliarForageEnd= 06/28/1989
AIContactFactor= 1.43300591005944
CL4Pollen= 2.80773368198425
CL4Nectar= 48.2406798750162
CL5Pollen= 4.91368227358907
CL5Nectar= 99.4786122813821
CLDPollen= 0.183599642012268
CLDNectar= 17.412605881691
CA13Pollen= 5.40216800225899
CA13Nectar= 39.4344986602664
CA410Pollen= 2.26867887366097
CA410Nectar= 184.551879120991
CA1120Pollen= 1.56110617658123
CA1120Nectar= 74.8749111965299
IPollenTrips= 7.50978732481599
INectarTrips= 10.7501099864021
IPollenLoad= 6.11537358025089
INectarLoad= 3.06452825665474
