ICQueenStrength= 3.24448583787307
RQWkrDrnRatio= 2.88665561191738
ICDroneMiteSurvivorship= 5.46954104211181
ICWorkerMiteSurvivorship= 17.0986721757799
ICForagerLifespan= 11.5551961343735
ImmType= Tangent
RQQueenStrength= 1.54985767928883
RQEnableReQueen= true
AIAdultSlope= 5.99828129075468
AIAdultLD50= 40.8289046270328
AIAdultSlopeContact= 1.60996228153817
AIAdultLD50Contact= 80.189391171485
AILarvaSlope= 7.35056253708899
AILarvaLD50= 2.67858346104901
AIKOW= 91991.3017981942
AIKOC= 73974.8881620402
AIHalfLife= 0.929713002266362
EAppRate= 5.06153962917277
FoliarEnabled= true
FoliarAppDate= 06/07/1989
FoliarForageBegin= 06/05/1989
FoliarForageEnd= 06/28/1989
AIContactFactor= 1.85647348300088
CL4Pollen= 1.29806503467262
CL4Nectar= 71.7550165019929
CL5Pollen= 4.63933048630133
CL5Nectar= 48.3408465748653
CLDPollen= 1.88803063379601
CLDNectar= 108.208345505409
CA13Pollen= 7.34135251939297
CA13Nectar= 36.2382370792329
CA410Pollen= 9.41782949673943
CA410Nectar= 140.907366094179
CA1120Pollen= 1.48054935294203
CA1120Nectar= 47.9788332059979
IPollenTrips= 9.00505074067041
INectarTrips= 9.0860885521397
IPollenLoad= 5.17420856514946
INectarLoad= 7.28166559012607
