ICQueenStrength= 1.81288968212903
RQWkrDrnRatio= 3.38301991298795
ICDroneMiteSurvivorship= 99.5978351682425
ICWorkerMiteSurvivorship= 88.850335101597
ICForagerLifespan= 6.53045235015452
ImmType= Exponential
RQQueenStrength= 2.10094731906429
RQEnableReQueen= true
AIAdultSlope= 3.91704737022519
AIAdultLD50= 13.2584153115633
AIAdultSlopeContact= 6.76878617610782
AIAdultLD50Contact= 89.5191560623518
AILarvaSlope= 6.40892258286476
AILarvaLD50= 65.5043732818919
AIKOW= 72778.7444348078
AIKOC= 2299.31263125804
AIHalfLife= 19.3713912796928
EAppRate= 8.55946215525502
FoliarEnabled= true
FoliarAppDate= 06/07/1989
FoliarForageBegin= 06/05/1989
FoliarForageEnd= 06/28/1989
AIContactFactor= 0.413191336528398
CL4Pollen= 3.97024051006883
CL4Nectar= 4.98717124573886
CL5Pollen= 2.91390037676319
CL5Nectar= 8.65596996154636
CLDPollen= 5.91446413379163
CLDNectar= 135.639540769625
CA13Pollen= 3.63385918578133
CA13Nectar= 91.2068196572363
CA410Pollen= 5.18188368210103
CA410Nectar= 66.956634176895
CA1120Pollen= 0.42704098764807
CA1120Nectar= 96.1397128552198
IPollenTrips= 12.3341359593906
INectarTrips= 13.3211651002057
IPollenLoad= 8.42134809819981
INectarLoad= 3.64642692497
