ICQueenStrength= 2.24679168313742
RQWkrDrnRatio= 2.26222946122289
ICDroneMiteSurvivorship= 5.80438850447536
ICWorkerMiteSurvivorship= 24.3001066613942
ICForagerLifespan= 5.03687966056168
ImmType= Tangent
RQQueenStrength= 1.50407495908439
RQEnableReQueen=true
AIAdultSlope= 3.02407875098288
AIAdultLD50= 0.202457880872535
AIAdultSlopeContact= 1.47457461524755
AIAdultLD50Contact= 33.7881773255225
AILarvaSlope= 1.49989320896566
AILarvaLD50= 59.9264748771698
AIKOW= 8705.0916419524
AIKOC= 74632.4716224202
AIHalfLife= 26.6346932223532
EAppRate= 4.10707013617014
FoliarEnabled=true
FoliarAppDate= 07/01/1989
FoliarForageBegin= 07/01/1989
FoliarForageEnd= 07/14/1989
AIContactFactor= 0.944942913367413
CL4Pollen= 1.11952411755919
CL4Nectar= 73.7670251866803
CL5Pollen= 2.66679571336135
CL5Nectar= 111.532668094151
CLDPollen= 4.52088188845664
CLDNectar= 149.578237684909
CA13Pollen= 5.84667898975313
CA13Nectar= 38.6399991251528
CA410Pollen= 2.44099455268588
CA410Nectar= 187.508497941308
CA1120Pollen= 0.0938778107520193
CA1120Nectar= 91.5972060523927
IPollenTrips= 8.76383699243888
INectarTrips= 9.16902345838025
IPollenLoad= 2.55865997169167
INectarLoad= 0.836212120484561
