ICQueenStrength= 2.15894708782434
RQWkrDrnRatio= 1.7425114735961
ICDroneMiteSurvivorship= 16.9010950485244
ICWorkerMiteSurvivorship= 65.8617747947574
ICForagerLifespan= 7.04746050108224
ImmType= Logarithmic
RQQueenStrength= 3.10338612319902
RQEnableReQueen= true
AIAdultSlope= 8.31753286533058
AIAdultLD50= 21.2504418337699
AIAdultSlopeContact= 8.45975054032169
AIAdultLD50Contact= 5.43438545494201
AILarvaSlope= 7.51651017740369
AILarvaLD50= 54.8128404172915
AIKOW= 95999.5765048473
AIKOC= 50121.566952162
AIHalfLife= 0.115951266000047
EAppRate= 7.10197965724883
FoliarEnabled= true
FoliarAppDate= 06/07/1989
FoliarForageBegin= 06/05/1989
FoliarForageEnd= 06/28/1989
AIContactFactor= 0.972685616752133
CL4Pollen= 0.291119129396975
CL4Nectar= 40.0009625591338
CL5Pollen= 0.164040110539645
CL5Nectar= 92.8529279655777
CLDPollen= 4.01778403110802
CLDNectar= 108.513437665533
CA13Pollen= 6.4129577472806
CA13Nectar= 53.5774161480367
CA410Pollen= 5.46986627907027
CA410Nectar= 63.775329599157
CA1120Pollen= 0.868039347231388
CA1120Nectar= 53.1083977967501
IPollenTrips= 9.65140447020531
INectarTrips= 13.1140986760147
IPollenLoad= 4.43606060929596
INectarLoad= 4.37284631887451
ESoilP= 1.69205078994855
ESoilFoc= 0.0126583113216329
