ICQueenStrength= 1.46233242726885
RQWkrDrnRatio= 3.75901236943901
ICDroneMiteSurvivorship= 93.2521927403286
ICWorkerMiteSurvivorship= 70.5581838963553
ICForagerLifespan= 7.04091241862625
ImmType= Logarithmic
RQQueenStrength= 5.39022730919532
RQEnableReQueen= true
AIAdultSlope= 5.44375382736325
AIAdultLD50= 55.0443648009417
AIAdultSlopeContact= 5.02436039270833
AIAdultLD50Contact= 68.8629273885067
AILarvaSlope= 1.88083232566714
AILarvaLD50= 52.745637642151
AIKOW= 4245.2016208267
AIKOC= 80857.2248984482
AIHalfLife= 27.6976316262037
EAppRate= 2.78170560111571
FoliarEnabled= true
FoliarAppDate= 06/07/1989
FoliarForageBegin= 06/05/1989
FoliarForageEnd= 06/28/1989
AIContactFactor= 1.97610421204008
CL4Pollen= 3.82947591599077
CL4Nectar= 13.4248469024897
CL5Pollen= 0.684987144079059
CL5Nectar= 40.8469323883764
CLDPollen= 2.91137265879661
CLDNectar= 120.955452276394
CA13Pollen= 7.3306304265745
CA13Nectar= 28.5094616003335
CA410Pollen= 4.98518479082268
CA410Nectar= 192.373290671967
CA1120Pollen= 0.344512757146731
CA1120Nectar= 54.7338729724288
IPollenTrips= 8.42039223760366
INectarTrips= 8.35723076248541
IPollenLoad= 4.94905397994444
INectarLoad= 4.82376201776788
