ICQueenStrength= 1.08476593997329
RQWkrDrnRatio= 1.54158496949822
ICDroneMiteSurvivorship= 99.684505071491
ICWorkerMiteSurvivorship= 76.930715283379
ICForagerLifespan= 13.5356925949454
ImmType= Tangent
RQQueenStrength= 3.38514910917729
RQEnableReQueen= true
AIAdultSlope= 2.02919147722423
AIAdultLD50= 65.3182655302922
AIAdultSlopeContact= 9.15873309690505
AIAdultLD50Contact= 63.4888144580554
AILarvaSlope= 1.01883581653237
AILarvaLD50= 51.8276358274689
AIKOW= 74958.4548304004
AIKOC= 32252.809090724
AIHalfLife= 21.0697333151242
EAppRate= 3.47076407306222
FoliarEnabled= true
FoliarAppDate= 06/07/1989
FoliarForageBegin= 06/05/1989
FoliarForageEnd= 06/28/1989
AIContactFactor= 0.969599478575401
CL4Pollen= 3.22582616936415
CL4Nectar= 30.2798304241151
CL5Pollen= 0.190020188223571
CL5Nectar= 3.24541126610711
CLDPollen= 4.79966917494312
CLDNectar= 120.431759837084
CA13Pollen= 4.80841062944382
CA13Nectar= 22.1628061309457
CA410Pollen= 6.80266864849254
CA410Nectar= 90.6341781653464
CA1120Pollen= 1.0441649411805
CA1120Nectar= 62.4357482418418
IPollenTrips= 10.8386271074414
INectarTrips= 5.58011979563162
IPollenLoad= 0.784598479513079
INectarLoad= 5.36020027473569
ESoilP= 1.47804802260362
ESoilFoc= 0.0184520947758574
