ICQueenStrength= 4.61985547933728
RQWkrDrnRatio= 2.23111214395612
ICDroneMiteSurvivorship= 67.7368635544553
ICWorkerMiteSurvivorship= 84.7368993796408
ICForagerLifespan= 4.69596522301435
ImmType= Exponential
RQQueenStrength= 3.31648631975986
RQEnableReQueen= true
AIAdultSlope= 5.26417885906994
AIAdultLD50= 1.22140928883851
AIAdultSlopeContact= 6.83259181096219
AIAdultLD50Contact= 71.1010257280213
AILarvaSlope= 1.80097816511989
AILarvaLD50= 10.710096641094
AIKOW= 46858.0137762035
AIKOC= 60951.2108260524
AIHalfLife= 18.0628044260433
EAppRate= 9.25790523857554
FoliarEnabled= true
FoliarAppDate= 06/07/1989
FoliarForageBegin= 06/05/1989
FoliarForageEnd= 06/28/1989
AIContactFactor= 0.641023240122013
CL4Pollen= 1.55508294608444
CL4Nectar= 42.9067297140136
CL5Pollen= 5.95386075507849
CL5Nectar= 53.6603275453672
CLDPollen= 5.50433986913413
CLDNectar= 89.0786615666002
CA13Pollen= 6.91177126048133
CA13Nectar= 82.3384411260486
CA410Pollen= 4.30989710227586
CA410Nectar= 90.5753967585042
CA1120Pollen= 1.14807066111825
CA1120Nectar= 78.3257842063904
IPollenTrips= 14.2357198474929
INectarTrips= 12.1662962157279
IPollenLoad= 5.14387947507203
INectarLoad= 9.98414895264432
ESoilP= 1.27426494425163
ESoilFoc= 0.00941358103067614
