ICQueenStrength= 2.31755450973287
RQWkrDrnRatio= 1.79097533691674
ICDroneMiteSurvivorship= 53.1337968306616
ICWorkerMiteSurvivorship= 28.5890484694391
ICForagerLifespan= 6.55506269354373
ImmType= Sine
RQQueenStrength= 1.51963244332001
RQEnableReQueen= true
AIAdultSlope= 4.13743973895907
AIAdultLD50= 6.27048413555836
AIAdultSlopeContact= 3.63536988385022
AIAdultLD50Contact= 24.5683301235433
AILarvaSlope= 5.25401548109949
AILarvaLD50= 66.7991288427305
AIKOW= 44402.5397484493
AIKOC= 37959.0511939274
AIHalfLife= 32.2378848227439
EAppRate= 5.2613806293963
FoliarEnabled= true
FoliarAppDate= 06/07/1989
FoliarForageBegin= 06/05/1989
FoliarForageEnd= 06/28/1989
AIContactFactor= 0.351375497980043
CL4Pollen= 2.92010285612196
CL4Nectar= 55.6589615531266
CL5Pollen= 3.71065594721586
CL5Nectar= 147.882054559886
CLDPollen= 4.45297646988183
CLDNectar= 96.9351890031248
CA13Pollen= 8.15471713133156
CA13Nectar= 25.7610082440078
CA410Pollen= 5.98796701557003
CA410Nectar= 168.418473619968
CA1120Pollen= 2.06438083969988
CA1120Nectar= 63.3944467455149
IPollenTrips= 7.80782215762883
INectarTrips= 6.3333803624846
IPollenLoad= 9.42701861727983
INectarLoad= 7.43977202801034
ESoilP= 1.62445850740187
ESoilFoc= 0.00730326053546742
