ICQueenStrength= 2.46649355301633
RQWkrDrnRatio= 2.41872725263238
ICDroneMiteSurvivorship= 58.4039885550737
ICWorkerMiteSurvivorship= 73.7871393328533
ICForagerLifespan= 12.861071838066
ImmType= Cosine
RQQueenStrength= 4.18194751627743
RQEnableReQueen= true
AIAdultSlope= 1.17394629865885
AIAdultLD50= 67.2386012285561
AIAdultSlopeContact= 1.51902494579554
AIAdultLD50Contact= 72.7440624370498
AILarvaSlope= 2.12520190142095
AILarvaLD50= 79.6923250231708
AIKOW= 1090.25069545445
AIKOC= 42827.4206975799
AIHalfLife= 1.27458028295077
EAppRate= 1.50990605407092
FoliarEnabled= true
FoliarAppDate= 06/07/1989
FoliarForageBegin= 06/05/1989
FoliarForageEnd= 06/28/1989
AIContactFactor= 1.95609857488889
CL4Pollen= 2.44584222789854
CL4Nectar= 26.8552403198555
CL5Pollen= 1.40832678275183
CL5Nectar= 52.4944179109298
CLDPollen= 5.97477084025741
CLDNectar= 45.4593255766667
CA13Pollen= 2.83520872965455
CA13Nectar= 25.6341786496341
CA410Pollen= 2.63816127809696
CA410Nectar= 190.969800497405
CA1120Pollen= 1.5278903672006
CA1120Nectar= 20.2056781202555
IPollenTrips= 5.14176415978
INectarTrips= 10.4467819049023
IPollenLoad= 8.13016187865287
INectarLoad= 4.10241038072854
