ICQueenStrength= 4.31784374453127
RQWkrDrnRatio= 2.04787418711931
ICDroneMiteSurvivorship= 42.632525600493
ICWorkerMiteSurvivorship= 37.413766561076
ICForagerLifespan= 9.47582255862653
ImmType= Polynomial
RQQueenStrength= 3.93367596156895
RQEnableReQueen=true
AIAdultSlope= 7.87023177556694
AIAdultLD50= 0.466735231547616
AIAdultSlopeContact= 5.90345842693932
AIAdultLD50Contact= 86.5795964160257
AILarvaSlope= 5.49903398752213
AILarvaLD50= 63.5176106408148
AIKOW= 17592.1126254652
AIKOC= 90263.2937982047
AIHalfLife= 10.8561274616746
EAppRate= 1.77104990012525
FoliarEnabled=true
FoliarAppDate= 07/01/1989
FoliarForageBegin= 07/01/1989
FoliarForageEnd= 07/14/1989
AIContactFactor= 0.448671001512557
CL4Pollen= 2.57815732061863
CL4Nectar= 46.7435281490907
CL5Pollen= 0.463775175623596
CL5Nectar= 45.4184245783836
CLDPollen= 5.09461136581376
CLDNectar= 148.636806593277
CA13Pollen= 6.79565200330689
CA13Nectar= 56.209633089602
CA410Pollen= 7.73298159826081
CA410Nectar= 64.4252629578114
CA1120Pollen= 0.00620143907144666
CA1120Nectar= 74.6352435462177
IPollenTrips= 12.9977457970381
INectarTrips= 8.87916471576318
IPollenLoad= 8.69725167518482
INectarLoad= 8.35353273898363
