ICQueenStrength= 4.70703615597449
RQWkrDrnRatio= 4.52396300155669
ICDroneMiteSurvivorship= 86.922650015913
ICWorkerMiteSurvivorship= 43.9109209226444
ICForagerLifespan= 14.9758686106652
ImmType= Sine
RQQueenStrength= 3.49540367163718
RQEnableReQueen= true
AIAdultSlope= 2.74731188453734
AIAdultLD50= 0.517800239917124
AIAdultSlopeContact= 6.15539564588107
AIAdultLD50Contact= 39.7783881575798
AILarvaSlope= 6.26238201186061
AILarvaLD50= 31.2608199787384
AIKOW= 39114.9225295392
AIKOC= 35914.5317406924
AIHalfLife= 14.0527733340161
EAppRate= 6.95847030908358
FoliarEnabled= true
FoliarAppDate= 09/01/1989
FoliarForageBegin= 09/01/1989
FoliarForageEnd= 09/08/1989
AIContactFactor= 0.531147824940272
CL4Pollen= 0.422761239111423
CL4Nectar= 18.323789187707
CL5Pollen= 5.59568495303392
CL5Nectar= 84.818252781406
CLDPollen= 3.18444091267884
CLDNectar= 53.1580315902829
CA13Pollen= 5.48271911293268
CA13Nectar= 74.4513511098921
CA410Pollen= 5.92750595640391
CA410Nectar= 145.087084923871
CA1120Pollen= 0.3020931459032
CA1120Nectar= 23.6218093149364
IPollenTrips= 6.73978443723172
INectarTrips= 11.7198788421229
IPollenLoad= 0.865066000260413
INectarLoad= 2.64838268049061
