ICQueenStrength= 2.11014135414734
RQWkrDrnRatio= 2.50340185686946
ICDroneMiteSurvivorship= 18.3695759624243
ICWorkerMiteSurvivorship= 15.1574247982353
ICForagerLifespan= 7.47184842638671
ImmType= Polynomial
RQQueenStrength= 1.58807962457649
RQEnableReQueen= true
AIAdultSlope= 3.92241468280554
AIAdultLD50= 80.597328172704
AIAdultSlopeContact= 1.29350784816779
AIAdultLD50Contact= 36.6011977393769
AILarvaSlope= 7.0165054704994
AILarvaLD50= 51.4154626547492
AIKOW= 90947.5713008989
AIKOC= 8660.50488331215
AIHalfLife= 27.6180253795348
EAppRate= 8.93386390473717
FoliarEnabled= true
FoliarAppDate= 06/07/1989
FoliarForageBegin= 06/05/1989
FoliarForageEnd= 06/28/1989
AIContactFactor= 0.876345108072273
CL4Pollen= 2.16953046899289
CL4Nectar= 6.24282185453922
CL5Pollen= 1.80713603273034
CL5Nectar= 80.0177310942672
CLDPollen= 1.7514990856871
CLDNectar= 7.12591762421653
CA13Pollen= 4.07291495827958
CA13Nectar= 71.1212959699333
CA410Pollen= 5.29883874966763
CA410Nectar= 77.1717048762366
CA1120Pollen= 1.95828771474771
CA1120Nectar= 25.6758867204189
IPollenTrips= 8.7970003997907
INectarTrips= 5.58234991505742
IPollenLoad= 6.27753898268566
INectarLoad= 4.52004230115563
