ICQueenStrength= 3.56448230240494
RQWkrDrnRatio= 4.12749587930739
ICDroneMiteSurvivorship= 93.1541541125625
ICWorkerMiteSurvivorship= 45.8603289909661
ICForagerLifespan= 11.1880794260651
ImmType= Polynomial
RQQueenStrength= 4.12303480226547
RQEnableReQueen= true
AIAdultSlope= 4.01508330181241
AIAdultLD50= 56.9737635974917
AIAdultSlopeContact= 3.36266244505532
AIAdultLD50Contact= 2.60120043261466
AILarvaSlope= 4.22145873494446
AILarvaLD50= 40.7519405731519
AIKOW= 57115.4784454879
AIKOC= 29632.3968786197
AIHalfLife= 11.1304485071683
EAppRate= 0.805303574770922
FoliarEnabled= true
FoliarAppDate= 06/07/1989
FoliarForageBegin= 06/05/1989
FoliarForageEnd= 06/28/1989
AIContactFactor= 1.55354114899877
CL4Pollen= 1.22620253637433
CL4Nectar= 38.3752559777349
CL5Pollen= 4.84800164261833
CL5Nectar= 63.5086331167258
CLDPollen= 3.43590740952641
CLDNectar= 125.480716000311
CA13Pollen= 2.37165182717145
CA13Nectar= 44.9243506789207
CA410Pollen= 5.87280466998927
CA410Nectar= 58.9188670134172
CA1120Pollen= 0.18884003162384
CA1120Nectar= 57.1964449062943
IPollenTrips= 10.2681000647135
INectarTrips= 12.9157888283953
IPollenLoad= 1.42262873705477
INectarLoad= 3.45222404925153
