ICQueenStrength= 2.94979424821213
RQWkrDrnRatio= 1.36586652137339
ICDroneMiteSurvivorship= 10.1383783156052
ICWorkerMiteSurvivorship= 40.9222457557917
ICForagerLifespan= 8.57487742137164
ImmType= Cosine
RQQueenStrength= 5.42121657193638
RQEnableReQueen= true
AIAdultSlope= 7.71778581477702
AIAdultLD50= 0.260058508420596
AIAdultSlopeContact= 3.09862126549706
AIAdultLD50Contact= 15.9589066108623
AILarvaSlope= 3.91245994530618
AILarvaLD50= 77.1396097857743
AIKOW= 47317.8641467372
AIKOC= 64166.0908865901
AIHalfLife= 19.2281789858593
EAppRate= 5.30406096767774
FoliarEnabled= true
FoliarAppDate= 09/01/1989
FoliarForageBegin= 09/01/1989
FoliarForageEnd= 09/08/1989
AIContactFactor= 1.00358668822329
CL4Pollen= 0.131573545746505
CL4Nectar= 74.0770420525223
CL5Pollen= 2.53596980357543
CL5Nectar= 12.2499020188116
CLDPollen= 1.57771514263004
CLDNectar= 119.552029261831
CA13Pollen= 5.55860880278051
CA13Nectar= 86.1484498903155
CA410Pollen= 2.7748083161423
CA410Nectar= 124.210023465566
CA1120Pollen= 2.37364981742576
CA1120Nectar= 62.7244137041271
IPollenTrips= 6.6297395969741
INectarTrips= 14.9467880534939
IPollenLoad= 3.91930857440457
INectarLoad= 7.43903895840049
