ICQueenStrength= 2.1134621175006
RQWkrDrnRatio= 2.35470347292721
ICDroneMiteSurvivorship= 29.419165244326
ICWorkerMiteSurvivorship= 90.4302485287189
ICForagerLifespan= 14.1827096240595
ImmType= Sine
RQQueenStrength= 4.65350839681923
RQEnableReQueen= true
AIAdultSlope= 3.20980056934059
AIAdultLD50= 69.873800529948
AIAdultSlopeContact= 1.78326459205709
AIAdultLD50Contact= 62.7998046698517
AILarvaSlope= 7.43388917855918
AILarvaLD50= 14.3412259763854
AIKOW= 25264.2427801077
AIKOC= 81434.2098083792
AIHalfLife= 0.398082015872933
EAppRate= 9.08269566218718
FoliarEnabled= true
FoliarAppDate= 06/07/1989
FoliarForageBegin= 06/05/1989
FoliarForageEnd= 06/28/1989
AIContactFactor= 0.298751603411511
CL4Pollen= 3.15439977310598
CL4Nectar= 22.1062319586053
CL5Pollen= 2.5937619600445
CL5Nectar= 104.722588928416
CLDPollen= 5.30153374839574
CLDNectar= 46.3113747071475
CA13Pollen= 7.94097413010895
CA13Nectar= 62.9735163971782
CA410Pollen= 3.81947966546286
CA410Nectar= 117.606806373224
CA1120Pollen= 1.59585117828101
CA1120Nectar= 40.0426534190774
IPollenTrips= 10.6270230724476
INectarTrips= 6.85964273754507
IPollenLoad= 8.60387935535982
INectarLoad= 9.17774734320119
ESoilP= 1.95094897551462
ESoilFoc= 0.0141456019259058
