ICQueenStrength= 2.32920447853394
RQWkrDrnRatio= 4.64012965932488
ICDroneMiteSurvivorship= 49.3309231707826
ICWorkerMiteSurvivorship= 82.6118100434542
ICForagerLifespan= 8.78760860674083
ImmType= Sine
RQQueenStrength= 5.26845353329554
RQEnableReQueen= true
AIAdultSlope= 5.20305291190743
AIAdultLD50= 45.6751563953233
AIAdultSlopeContact= 3.03794256458059
AIAdultLD50Contact= 8.56245498916297
AILarvaSlope= 8.67125534266233
AILarvaLD50= 34.2452231036511
AIKOW= 42766.334042343
AIKOC= 93196.6034245165
AIHalfLife= 13.3074594615726
EAppRate= 0.213735953150783
FoliarEnabled= true
FoliarAppDate= 06/07/1989
FoliarForageBegin= 06/05/1989
FoliarForageEnd= 06/28/1989
AIContactFactor= 0.574661735910922
CL4Pollen= 0.119004151783884
CL4Nectar= 87.2070910874754
CL5Pollen= 5.67840365879238
CL5Nectar= 19.2979077575728
CLDPollen= 4.11548711545765
CLDNectar= 46.7238882556558
CA13Pollen= 6.89248708989471
CA13Nectar= 31.9319992139935
CA410Pollen= 7.96418258503545
CA410Nectar= 78.375267884694
CA1120Pollen= 2.94644054886885
CA1120Nectar= 69.2954459227622
IPollenTrips= 6.75604858668521
INectarTrips= 13.5695094848052
IPollenLoad= 9.80708844261244
INectarLoad= 5.26747081894428
ESoilP= 1.65009205695242
ESoilFoc= 0.0103777651460841
