ICQueenStrength= 2.50661585154012
RQWkrDrnRatio= 4.2735903263092
ICDroneMiteSurvivorship= 62.2334296349436
ICWorkerMiteSurvivorship= 82.4168277671561
ICForagerLifespan= 10.9131537955254
ImmType= Polynomial
RQQueenStrength= 5.02292148326524
RQEnableReQueen= true
AIAdultSlope= 5.58592730760574
AIAdultLD50= 0.427430496067507
AIAdultSlopeContact= 8.30671378993429
AIAdultLD50Contact= 60.9685343004416
AILarvaSlope= 3.25058902986348
AILarvaLD50= 5.0146437088924
AIKOW= 21607.7385165783
AIKOC= 43062.7242340306
AIHalfLife= 25.3856651876587
EAppRate= 8.80103380967816
FoliarEnabled= true
FoliarAppDate= 09/01/1989
FoliarForageBegin= 09/01/1989
FoliarForageEnd= 09/08/1989
AIContactFactor= 2.00415830448735
CL4Pollen= 3.37757886759937
CL4Nectar= 31.9963154383004
CL5Pollen= 5.62200014060363
CL5Nectar= 9.15592268574983
CLDPollen= 0.469201228581369
CLDNectar= 69.8436644976027
CA13Pollen= 5.16720618242398
CA13Nectar= 28.1287686340511
CA410Pollen= 7.03401234243065
CA410Nectar= 110.144525216892
CA1120Pollen= 0.521970361238346
CA1120Nectar= 92.6215543970466
IPollenTrips= 8.01172166364267
INectarTrips= 10.9895744756795
IPollenLoad= 8.74177699908614
INectarLoad= 0.849905828945339
