ICQueenStrength= 4.97162724402733
RQWkrDrnRatio= 2.3694832380861
ICDroneMiteSurvivorship= 65.8739038044587
ICWorkerMiteSurvivorship= 73.2547064078972
ICForagerLifespan= 14.3437269367278
ImmType= Tangent
RQQueenStrength= 1.6792932539247
RQEnableReQueen= true
AIAdultSlope= 6.70112330280244
AIAdultLD50= 0.354250365591375
AIAdultSlopeContact= 5.14506836468354
AIAdultLD50Contact= 97.5660117901962
AILarvaSlope= 8.17609173059464
AILarvaLD50= 43.754079418269
AIKOW= 79986.1186174437
AIKOC= 27394.2654076358
AIHalfLife= 25.2543528280919
EAppRate= 2.75425735954219
FoliarEnabled= true
FoliarAppDate= 09/01/1989
FoliarForageBegin= 09/01/1989
FoliarForageEnd= 09/08/1989
AIContactFactor= 1.600995090059
CL4Pollen= 3.89442622847855
CL4Nectar= 32.0050894049928
CL5Pollen= 4.41273012897
CL5Nectar= 27.9348629177548
CLDPollen= 0.965261363424361
CLDNectar= 100.888059649151
CA13Pollen= 4.97119302283972
CA13Nectar= 24.124412201345
CA410Pollen= 7.40234710674267
CA410Nectar= 91.7318225000054
CA1120Pollen= 1.51102233119309
CA1120Nectar= 23.16664615646
IPollenTrips= 5.3352303779684
INectarTrips= 7.52470650942996
IPollenLoad= 8.09137441916391
INectarLoad= 9.76049314253032
