ICQueenStrength= 3.53627993166447
RQWkrDrnRatio= 3.56700394488871
ICDroneMiteSurvivorship= 74.1633088560775
ICWorkerMiteSurvivorship= 89.711343520321
ICForagerLifespan= 5.38018978014588
ImmType= Logarithmic
RQQueenStrength= 3.34934036852792
RQEnableReQueen= true
AIAdultSlope= 4.94310936331749
AIAdultLD50= 36.3799904906021
AIAdultSlopeContact= 5.49849746003747
AIAdultLD50Contact= 85.4482089869946
AILarvaSlope= 5.37975095584989
AILarvaLD50= 20.832807766045
AIKOW= 42369.7833791357
AIKOC= 98434.2329552991
AIHalfLife= 4.47908724716399
EAppRate= 7.89571225528885
FoliarEnabled= true
FoliarAppDate= 06/07/1989
FoliarForageBegin= 06/05/1989
FoliarForageEnd= 06/28/1989
AIContactFactor= 1.35031366795767
CL4Pollen= 2.698551626876
CL4Nectar= 62.9837973276153
CL5Pollen= 3.53155012568459
CL5Nectar= 119.578323117457
CLDPollen= 3.1216252357699
CLDNectar= 144.488318951335
CA13Pollen= 4.26542884930968
CA13Nectar= 74.0833718329668
CA410Pollen= 5.36362321448978
CA410Nectar= 195.495564187877
CA1120Pollen= 0.51765393326059
CA1120Nectar= 51.6298303194344
IPollenTrips= 6.17711189435795
INectarTrips= 8.59468227950856
IPollenLoad= 7.37717096228153
INectarLoad= 7.40659089991823
ESoilP= 1.12165858945809
ESoilFoc= 0.00817568024271168
