ICQueenStrength= 5.14497987134382
RQWkrDrnRatio= 1.25285969302058
ICDroneMiteSurvivorship= 1.97054035961628
ICWorkerMiteSurvivorship= 30.2875308087096
ICForagerLifespan= 8.94921358022839
ImmType= Exponential
RQQueenStrength= 4.25944641488604
RQEnableReQueen= true
AIAdultSlope= 8.160087056458
AIAdultLD50= 4.35427650660835
AIAdultSlopeContact= 9.86301074479707
AIAdultLD50Contact= 63.4489590467312
AILarvaSlope= 7.6324157435447
AILarvaLD50= 82.4300622406013
AIKOW= 63546.8396024114
AIKOC= 10732.4356332039
AIHalfLife= 6.9284126808634
EAppRate= 7.31301399579225
FoliarEnabled= true
FoliarAppDate= 06/07/1989
FoliarForageBegin= 06/05/1989
FoliarForageEnd= 06/28/1989
AIContactFactor= 1.82176029113587
CL4Pollen= 3.03005408402532
CL4Nectar= 34.5935510005802
CL5Pollen= 5.94413676531985
CL5Nectar= 3.17046982236207
CLDPollen= 5.84885584563017
CLDNectar= 10.1143332081847
CA13Pollen= 7.54559841360897
CA13Nectar= 48.1684663332999
CA410Pollen= 6.71675784150139
CA410Nectar= 79.5818358892575
CA1120Pollen= 1.99254371901043
CA1120Nectar= 61.9364062137902
IPollenTrips= 14.9433350260369
INectarTrips= 14.8276698985137
IPollenLoad= 9.22216241713613
INectarLoad= 5.84449891233817
ESoilP= 1.65501962834969
ESoilFoc= 0.0134435331982095
