ICQueenStrength= 2.01313687954098
RQWkrDrnRatio= 3.95050786435604
ICDroneMiteSurvivorship= 81.2535768607631
ICWorkerMiteSurvivorship= 34.9389587296173
ICForagerLifespan= 12.9545913916081
ImmType= Logarithmic
RQQueenStrength= 2.38503511343151
RQEnableReQueen=true
AIAdultSlope= 5.0396281182766
AIAdultLD50= 0.299246888938127
AIAdultSlopeContact= 9.40337387961335
AIAdultLD50Contact= 18.3881526433877
AILarvaSlope= 3.06471035256982
AILarvaLD50= 11.4719107957794
AIKOW= 3397.80368151412
AIKOC= 44064.2189112327
AIHalfLife= 8.54486239252146
EAppRate= 4.81764813786815
FoliarEnabled=true
FoliarAppDate= 07/01/1989
FoliarForageBegin= 07/01/1989
FoliarForageEnd= 07/14/1989
AIContactFactor= 0.71664934522938
CL4Pollen= 0.550376827828586
CL4Nectar= 33.8486255612224
CL5Pollen= 2.89550856454298
CL5Nectar= 49.3846291559748
CLDPollen= 1.28225670056418
CLDNectar= 41.9745593913831
CA13Pollen= 7.59111797884107
CA13Nectar= 96.4289910718799
CA410Pollen= 6.75875879374798
CA410Nectar= 65.5840824870393
CA1120Pollen= 2.62430550344288
CA1120Nectar= 31.3182190619409
IPollenTrips= 11.7935209954157
INectarTrips= 5.83539013983682
IPollenLoad= 3.73031082097441
INectarLoad= 0.178993251174688
