ICQueenStrength= 3.99919602461159
RQWkrDrnRatio= 3.37536277342588
ICDroneMiteSurvivorship= 63.3390090195462
ICWorkerMiteSurvivorship= 67.9867547005415
ICForagerLifespan= 8.05432897526771
ImmType= Cosine
RQQueenStrength= 5.90612893248908
RQEnableReQueen= true
AIAdultSlope= 1.50077830255032
AIAdultLD50= 91.3251807178317
AIAdultSlopeContact= 3.51522034150548
AIAdultLD50Contact= 46.4254354669331
AILarvaSlope= 5.31961878016591
AILarvaLD50= 39.4471674576313
AIKOW= 73857.4886992863
AIKOC= 31776.103499193
AIHalfLife= 0.18281283758115
EAppRate= 5.43939511309844
FoliarEnabled= true
FoliarAppDate= 06/07/1989
FoliarForageBegin= 06/05/1989
FoliarForageEnd= 06/28/1989
AIContactFactor= 2.00764274528716
CL4Pollen= 0.514979214407504
CL4Nectar= 44.4809855194762
CL5Pollen= 2.8197600832209
CL5Nectar= 3.57377242762595
CLDPollen= 4.57001522602513
CLDNectar= 76.9072471302934
CA13Pollen= 4.41583049418405
CA13Nectar= 57.1314007788897
CA410Pollen= 4.24735464854166
CA410Nectar= 73.6334196105599
CA1120Pollen= 0.970182894263417
CA1120Nectar= 46.3506184704602
IPollenTrips= 8.51131791714579
INectarTrips= 7.0915357558988
IPollenLoad= 1.36154222302139
INectarLoad= 2.00761920074001
