ICQueenStrength= 4.36578409303911
RQWkrDrnRatio= 1.62344926595688
ICDroneMiteSurvivorship= 82.5262635480613
ICWorkerMiteSurvivorship= 91.006466653198
ICForagerLifespan= 4.70298120565712
ImmType= Exponential
RQQueenStrength= 2.35962738655508
RQEnableReQueen= true
AIAdultSlope= 4.83802913688123
AIAdultLD50= 95.2583653744527
AIAdultSlopeContact= 3.06147211324424
AIAdultLD50Contact= 75.976329929915
AILarvaSlope= 5.61374557577074
AILarvaLD50= 87.6565404825031
AIKOW= 50318.0079716852
AIKOC= 3208.78280156665
AIHalfLife= 24.5299856076017
EAppRate= 2.96262104146439
FoliarEnabled= true
FoliarAppDate= 06/07/1989
FoliarForageBegin= 06/05/1989
FoliarForageEnd= 06/28/1989
AIContactFactor= 1.73997488928493
CL4Pollen= 2.71119722444564
CL4Nectar= 94.7937797755003
CL5Pollen= 1.54963955283165
CL5Nectar= 117.498896957841
CLDPollen= 0.517918717581779
CLDNectar= 83.4424589993432
CA13Pollen= 4.87393225431442
CA13Nectar= 91.279447004199
CA410Pollen= 9.26811460284516
CA410Nectar= 84.5833094231784
CA1120Pollen= 0.637385963927954
CA1120Nectar= 33.7731948122382
IPollenTrips= 10.5101602221839
INectarTrips= 11.902614349965
IPollenLoad= 7.11314396932721
INectarLoad= 3.16973375156522
