ICQueenStrength= 2.09177006036043
RQWkrDrnRatio= 3.23705837130547
ICDroneMiteSurvivorship= 6.91217049024999
ICWorkerMiteSurvivorship= 69.2215484799817
ICForagerLifespan= 10.8319022245705
ImmType= Sine
RQQueenStrength= 3.18777927290648
RQEnableReQueen=true
AIAdultSlope= 4.03304917551577
AIAdultLD50= 0.94393536095228
AIAdultSlopeContact= 8.18065663194284
AIAdultLD50Contact= 41.9463460823484
AILarvaSlope= 8.7775344196707
AILarvaLD50= 35.5364681257165
AIKOW= 92123.4658413907
AIKOC= 31847.8686830548
AIHalfLife= 17.4580694497097
EAppRate= 0.686829196391627
FoliarEnabled=true
FoliarAppDate= 07/01/1989
FoliarForageBegin= 07/01/1989
FoliarForageEnd= 07/14/1989
AIContactFactor= 0.770534293353557
CL4Pollen= 2.80528483819216
CL4Nectar= 54.7339440556243
CL5Pollen= 0.495647915638983
CL5Nectar= 96.2390311527997
CLDPollen= 5.13131604669616
CLDNectar= 51.2841732474044
CA13Pollen= 2.22776841400191
CA13Nectar= 30.0011079758406
CA410Pollen= 5.87625583033077
CA410Nectar= 153.352306010202
CA1120Pollen= 2.6907659957651
CA1120Nectar= 92.0083070918918
IPollenTrips= 9.93553224951029
INectarTrips= 14.5311566209421
IPollenLoad= 4.72102065337822
INectarLoad= 9.38322440953925
