ICQueenStrength= 4.48411108739674
RQWkrDrnRatio= 3.83202273584902
ICDroneMiteSurvivorship= 11.1962247407064
ICWorkerMiteSurvivorship= 69.8451136937365
ICForagerLifespan= 9.1531146094203
ImmType= Tangent
RQQueenStrength= 2.42184320930392
RQEnableReQueen=true
AIAdultSlope= 8.55375708080828
AIAdultLD50= 0.426026693369495
AIAdultSlopeContact= 9.17673505912535
AIAdultLD50Contact= 4.02242938207742
AILarvaSlope= 4.58249096944928
AILarvaLD50= 88.2890386709452
AIKOW= 39174.073404758
AIKOC= 13451.9999952679
AIHalfLife= 33.3365140503971
EAppRate= 8.80679719335306
FoliarEnabled=true
FoliarAppDate= 07/01/1989
FoliarForageBegin= 07/01/1989
FoliarForageEnd= 07/14/1989
AIContactFactor= 1.98461891684681
CL4Pollen= 2.26022739801556
CL4Nectar= 9.01591228321195
CL5Pollen= 1.78838225081563
CL5Nectar= 139.971219899599
CLDPollen= 0.722906573675573
CLDNectar= 134.74559878232
CA13Pollen= 6.60434341039509
CA13Nectar= 31.765235029161
CA410Pollen= 3.55974954476114
CA410Nectar= 127.174335615709
CA1120Pollen= 0.132833944866434
CA1120Nectar= 35.8761080540717
IPollenTrips= 8.54211360216141
INectarTrips= 10.7840186962858
IPollenLoad= 3.92137344926596
INectarLoad= 2.7561480528675
