ICQueenStrength= 2.85921060200781
RQWkrDrnRatio= 4.63186793215573
ICDroneMiteSurvivorship= 43.5565681895241
ICWorkerMiteSurvivorship= 9.93065310176462
ICForagerLifespan= 15.2985266009346
ImmType= Logarithmic
RQQueenStrength= 2.14662626385689
RQEnableReQueen=true
AIAdultSlope= 4.17382169701159
AIAdultLD50= 0.733684910824057
AIAdultSlopeContact= 8.69907645881176
AIAdultLD50Contact= 29.6380279711233
AILarvaSlope= 7.80578206479549
AILarvaLD50= 56.367310189758
AIKOW= 39382.5472646859
AIKOC= 5370.9219974922
AIHalfLife= 27.7524260916514
EAppRate= 2.04553725370462
FoliarEnabled=true
FoliarAppDate= 07/01/1989
FoliarForageBegin= 07/01/1989
FoliarForageEnd= 07/14/1989
AIContactFactor= 0.738840574296191
CL4Pollen= 0.592225133441389
CL4Nectar= 24.7011073166505
CL5Pollen= 3.31611871859059
CL5Nectar= 55.878742528148
CLDPollen= 5.08968518581241
CLDNectar= 8.17336012842134
CA13Pollen= 3.44782920954749
CA13Nectar= 25.4692903719842
CA410Pollen= 4.74059558708686
CA410Nectar= 93.405088041909
CA1120Pollen= 0.358079528901726
CA1120Nectar= 71.339334025979
IPollenTrips= 6.76639765035361
INectarTrips= 8.1129121221602
IPollenLoad= 5.92449800577015
INectarLoad= 2.12356797186658
