ICQueenStrength= 4.01422298303805
RQWkrDrnRatio= 4.9255245057866
ICDroneMiteSurvivorship= 64.7250071633607
ICWorkerMiteSurvivorship= 91.6702135466039
ICForagerLifespan= 10.428414597176
ImmType= Cosine
RQQueenStrength= 2.44386509316973
RQEnableReQueen= true
AIAdultSlope= 2.78255950473249
AIAdultLD50= 3.3451374704598
AIAdultSlopeContact= 6.64118577982299
AIAdultLD50Contact= 91.9518807594539
AILarvaSlope= 3.40206302143633
AILarvaLD50= 58.9496522714945
AIKOW= 31053.8852848424
AIKOC= 72425.5480630174
AIHalfLife= 22.7407650922192
EAppRate= 8.35529377371818
FoliarEnabled= true
FoliarAppDate= 06/07/1989
FoliarForageBegin= 06/05/1989
FoliarForageEnd= 06/28/1989
AIContactFactor= 2.03378281911835
CL4Pollen= 2.20215405710042
CL4Nectar= 6.52519003488123
CL5Pollen= 0.183920534793288
CL5Nectar= 31.6060491255485
CLDPollen= 4.33585422160104
CLDNectar= 1.66342675220221
CA13Pollen= 3.84838549401611
CA13Nectar= 32.2124049067497
CA410Pollen= 8.22216232577339
CA410Nectar= 100.570868887007
CA1120Pollen= 0.325334579218179
CA1120Nectar= 28.9084411598742
IPollenTrips= 13.7325486517511
INectarTrips= 13.877839599736
IPollenLoad= 8.48166263429448
INectarLoad= 6.62607949692756
