ICQueenStrength= 5.28234556224197
RQWkrDrnRatio= 2.12082171067595
ICDroneMiteSurvivorship= 8.21458720602095
ICWorkerMiteSurvivorship= 55.207726242952
ICForagerLifespan= 6.62765383068472
ImmType= Cosine
RQQueenStrength= 4.95023619639687
RQEnableReQueen= true
AIAdultSlope= 7.08986129611731
AIAdultLD50= 38.0065386475802
AIAdultSlopeContact= 3.328965266468
AIAdultLD50Contact= 35.4597517080319
AILarvaSlope= 3.65900885313749
AILarvaLD50= 35.70265455115
AIKOW= 23363.7900592305
AIKOC= 83213.0477533953
AIHalfLife= 19.4954766921233
EAppRate= 0.948008468742017
FoliarEnabled= true
FoliarAppDate= 06/07/1989
FoliarForageBegin= 06/05/1989
FoliarForageEnd= 06/28/1989
AIContactFactor= 0.857959055681713
CL4Pollen= 0.610377226024866
CL4Nectar= 25.8705723332241
CL5Pollen= 2.13753169169649
CL5Nectar= 105.12865256751
CLDPollen= 4.70579695422202
CLDNectar= 67.6705242251046
CA13Pollen= 5.27784381462261
CA13Nectar= 43.2488521747291
CA410Pollen= 6.18874258932192
CA410Nectar= 121.319828587584
CA1120Pollen= 1.63009123667143
CA1120Nectar= 92.3614236712456
IPollenTrips= 6.39410872478038
INectarTrips= 13.226674569305
IPollenLoad= 9.67164996545762
INectarLoad= 2.35219412948936
