ICQueenStrength= 3.52649357356131
RQWkrDrnRatio= 4.71403147466481
ICDroneMiteSurvivorship= 49.8370913323015
ICWorkerMiteSurvivorship= 25.5593661218882
ICForagerLifespan= 10.7254239693284
ImmType= Polynomial
RQQueenStrength= 1.19215810112655
RQEnableReQueen=true
AIAdultSlope= 4.11428104899824
AIAdultLD50= 0.618399462530157
AIAdultSlopeContact= 9.34682584973052
AIAdultLD50Contact= 3.8080566455198
AILarvaSlope= 5.45286431163549
AILarvaLD50= 42.6454574296903
AIKOW= 21859.0627101437
AIKOC= 5278.86761872587
AIHalfLife= 21.7438897386193
EAppRate= 3.31926488802908
FoliarEnabled=true
FoliarAppDate= 07/01/1989
FoliarForageBegin= 07/01/1989
FoliarForageEnd= 07/14/1989
AIContactFactor= 0.856384826311842
CL4Pollen= 2.1359983375296
CL4Nectar= 77.4020827608183
CL5Pollen= 0.95877839718014
CL5Nectar= 16.8016622308642
CLDPollen= 2.40583344781771
CLDNectar= 17.9511039401405
CA13Pollen= 7.39972491590306
CA13Nectar= 88.8861534558237
CA410Pollen= 8.75428161991294
CA410Nectar= 199.566029813141
CA1120Pollen= 2.92986733652651
CA1120Nectar= 79.8911194875836
IPollenTrips= 13.9857137179933
INectarTrips= 5.38588633295149
IPollenLoad= 0.716619708109647
INectarLoad= 1.6097301361151
