ICQueenStrength= 4.71396413887851
RQWkrDrnRatio= 3.38757844176143
ICDroneMiteSurvivorship= 35.5390766169876
ICWorkerMiteSurvivorship= 75.5104722455144
ICForagerLifespan= 15.5317577477545
ImmType= Sine
RQQueenStrength= 1.23316747392528
RQEnableReQueen= true
AIAdultSlope= 2.57746512442827
AIAdultLD50= 81.5675067662897
AIAdultSlopeContact= 6.82657832978293
AIAdultLD50Contact= 1.00803648004681
AILarvaSlope= 7.57223171554506
AILarvaLD50= 13.158709449304
AIKOW= 88847.8171522325
AIKOC= 94945.261930469
AIHalfLife= 21.0457216885174
EAppRate= 3.78522280916292
FoliarEnabled= true
FoliarAppDate= 06/07/1989
FoliarForageBegin= 06/05/1989
FoliarForageEnd= 06/28/1989
AIContactFactor= 1.25123157269321
CL4Pollen= 1.94134707655758
CL4Nectar= 49.9711435753852
CL5Pollen= 1.17489920603111
CL5Nectar= 83.0757285933942
CLDPollen= 1.48964279377833
CLDNectar= 47.6655413629487
CA13Pollen= 7.46406072778627
CA13Nectar= 80.1128084212542
CA410Pollen= 7.40534763524774
CA410Nectar= 48.9885130524635
CA1120Pollen= 1.39748340588994
CA1120Nectar= 86.3558069989085
IPollenTrips= 14.7075357590802
INectarTrips= 11.0189247597009
IPollenLoad= 9.51707418542355
INectarLoad= 9.88765266025439
