ICQueenStrength= 5.07905483036302
RQWkrDrnRatio= 3.13045829068869
ICDroneMiteSurvivorship= 52.7500565862283
ICWorkerMiteSurvivorship= 16.4100784575567
ICForagerLifespan= 5.74743744451553
ImmType= Cosine
RQQueenStrength= 3.49214857700281
RQEnableReQueen= true
AIAdultSlope= 2.48837009817362
AIAdultLD50= 85.2786873192266
AIAdultSlopeContact= 8.31361362384632
AIAdultLD50Contact= 39.1734111141937
AILarvaSlope= 4.66868801414967
AILarvaLD50= 61.1095195287189
AIKOW= 70657.464303664
AIKOC= 87037.9483842861
AIHalfLife= 7.15613709362224
EAppRate= 6.95041182663734
FoliarEnabled= true
FoliarAppDate= 06/07/1989
FoliarForageBegin= 06/05/1989
FoliarForageEnd= 06/28/1989
AIContactFactor= 1.54463586755097
CL4Pollen= 0.692596864886582
CL4Nectar= 77.3174698464572
CL5Pollen= 5.10706701502204
CL5Nectar= 48.9367975154892
CLDPollen= 1.67361450567842
CLDNectar= 143.510574451648
CA13Pollen= 3.6428358017467
CA13Nectar= 61.5212780795991
CA410Pollen= 6.40169361219741
CA410Nectar= 110.814839424565
CA1120Pollen= 1.10451709991321
CA1120Nectar= 51.4559948816895
IPollenTrips= 13.1613829219714
INectarTrips= 14.3492652499117
IPollenLoad= 4.33045215904713
INectarLoad= 2.77712108567357
