ICQueenStrength= 1.28080306015909
RQWkrDrnRatio= 2.71398113947362
ICDroneMiteSurvivorship= 55.0798776559532
ICWorkerMiteSurvivorship= 66.3387128617615
ICForagerLifespan= 15.6002404643223
ImmType= Tangent
RQQueenStrength= 1.71689114789478
RQEnableReQueen= true
AIAdultSlope= 8.53378289751709
AIAdultLD50= 8.93896603508363
AIAdultSlopeContact= 6.35098380665295
AIAdultLD50Contact= 6.41528360386333
AILarvaSlope= 3.32170833274722
AILarvaLD50= 13.8114196034984
AIKOW= 84718.1697291082
AIKOC= 60094.3298434424
AIHalfLife= 27.2117468843004
EAppRate= 0.127971104385331
FoliarEnabled= true
FoliarAppDate= 06/07/1989
FoliarForageBegin= 06/05/1989
FoliarForageEnd= 06/28/1989
AIContactFactor= 2.1329121332569
CL4Pollen= 1.91799236647785
CL4Nectar= 7.84221121575683
CL5Pollen= 3.74503690330312
CL5Nectar= 80.2812682581134
CLDPollen= 1.21632059197873
CLDNectar= 142.351520620286
CA13Pollen= 6.387420678325
CA13Nectar= 33.7896188907325
CA410Pollen= 3.49081550398842
CA410Nectar= 142.675862880424
CA1120Pollen= 1.36431980109774
CA1120Nectar= 30.9254822507501
IPollenTrips= 7.40269586909562
INectarTrips= 8.69638559641317
IPollenLoad= 1.42064654268324
INectarLoad= 7.51420759828761
ESoilP= 1.91372453211807
ESoilFoc= 0.0152068273935001
