ICQueenStrength= 5.97746853623539
RQWkrDrnRatio= 2.40816589910537
ICDroneMiteSurvivorship= 40.1342758908868
ICWorkerMiteSurvivorship= 42.3698374768719
ICForagerLifespan= 9.49512925557792
ImmType= Polynomial
RQQueenStrength= 4.8745593233034
RQEnableReQueen= true
AIAdultSlope= 1.25509395077825
AIAdultLD50= 7.94006466950639
AIAdultSlopeContact= 2.8019870177377
AIAdultLD50Contact= 90.8677821582397
AILarvaSlope= 7.30393427796662
AILarvaLD50= 65.4972749286278
AIKOW= 31656.13528189
AIKOC= 22038.1573702043
AIHalfLife= 10.2802098175976
EAppRate= 5.73846435841895
FoliarEnabled= true
FoliarAppDate= 06/07/1989
FoliarForageBegin= 06/05/1989
FoliarForageEnd= 06/28/1989
AIContactFactor= 0.632407685490325
CL4Pollen= 1.91752867586911
CL4Nectar= 81.8800973007455
CL5Pollen= 3.9630067544058
CL5Nectar= 101.182417175733
CLDPollen= 4.32164783170447
CLDNectar= 69.5209257071838
CA13Pollen= 5.08361819507554
CA13Nectar= 80.3708321787417
CA410Pollen= 8.50066914635245
CA410Nectar= 164.686080492102
CA1120Pollen= 1.39385842625052
CA1120Nectar= 52.1077670715749
IPollenTrips= 7.88579694926739
INectarTrips= 14.0954692242667
IPollenLoad= 3.41083778301254
INectarLoad= 7.82068229978904
ESoilP= 1.39228172809817
ESoilFoc= 0.00299251964688301
