ICQueenStrength= 4.25117861386389
RQWkrDrnRatio= 3.13672803901136
ICDroneMiteSurvivorship= 23.1429599458352
ICWorkerMiteSurvivorship= 6.95483162999153
ICForagerLifespan= 9.67259636893868
ImmType= Logarithmic
RQQueenStrength= 5.22271178336814
RQEnableReQueen= true
AIAdultSlope= 4.46773863770068
AIAdultLD50= 81.950498867762
AIAdultSlopeContact= 6.6489882923197
AIAdultLD50Contact= 98.9044466181961
AILarvaSlope= 7.41688063181937
AILarvaLD50= 44.9635863815444
AIKOW= 53248.5138577438
AIKOC= 40280.3920356745
AIHalfLife= 30.4778168040561
EAppRate= 5.71455705161393
FoliarEnabled= true
FoliarAppDate= 06/07/1989
FoliarForageBegin= 06/05/1989
FoliarForageEnd= 06/28/1989
AIContactFactor= 0.50941874970682
CL4Pollen= 2.66348851658404
CL4Nectar= 29.310389701277
CL5Pollen= 2.71756341168657
CL5Nectar= 104.89614692051
CLDPollen= 4.91364608192816
CLDNectar= 88.4710504906252
CA13Pollen= 6.83455867022276
CA13Nectar= 75.2328095957637
CA410Pollen= 2.4911028514849
CA410Nectar= 187.250383184291
CA1120Pollen= 2.61353109637275
CA1120Nectar= 39.3406365811825
IPollenTrips= 8.88042688835412
INectarTrips= 5.18082032911479
IPollenLoad= 1.2607674091123
INectarLoad= 9.60843708598986
