ICQueenStrength= 5.75301234866492
RQWkrDrnRatio= 2.18196096923202
ICDroneMiteSurvivorship= 59.612839971669
ICWorkerMiteSurvivorship= 29.4378757942468
ICForagerLifespan= 4.17220543231815
ImmType= Sine
RQQueenStrength= 2.83896567672491
RQEnableReQueen= true
AIAdultSlope= 3.27939633838832
AIAdultLD50= 17.6061551608327
AIAdultSlopeContact= 5.75546565442346
AIAdultLD50Contact= 15.102250959496
AILarvaSlope= 6.78199228830636
AILarvaLD50= 7.53353739717114
AIKOW= 21397.3408005173
AIKOC= 84829.2614530714
AIHalfLife= 13.6173952491023
EAppRate= 2.42699385775765
FoliarEnabled= true
FoliarAppDate= 06/07/1989
FoliarForageBegin= 06/05/1989
FoliarForageEnd= 06/28/1989
AIContactFactor= 1.45154601023998
CL4Pollen= 2.56569109950215
CL4Nectar= 46.3449731003493
CL5Pollen= 1.93369592260569
CL5Nectar= 58.2648833747953
CLDPollen= 4.00299949524924
CLDNectar= 83.6465243599378
CA13Pollen= 4.10466597769409
CA13Nectar= 94.729821793735
CA410Pollen= 5.7290810124483
CA410Nectar= 164.254094720818
CA1120Pollen= 0.878601126372814
CA1120Nectar= 66.6390959173441
IPollenTrips= 7.85285301040858
INectarTrips= 12.9495239676908
IPollenLoad= 7.46826569316909
INectarLoad= 5.43486700858921
