ICQueenStrength= 1.34207567106932
RQWkrDrnRatio= 1.46869355533272
ICDroneMiteSurvivorship= 32.4827006552368
ICWorkerMiteSurvivorship= 16.3689057808369
ICForagerLifespan= 5.85876503307372
ImmType= Tangent
AIAdultSlope= 1.4115902740485
AIAdultLD50= 0.0266027690377086
AIAdultSlopeContact= 3.67484102556948
AIAdultLD50Contact= 0.0270873764180578
AILarvaSlope= 1.28170803734101
AILarvaLD50= 0.264174701180309
AIKOW= 2.19997008703649
AIKOC= 26.8743180448655
AIHalfLife= 0.301757281273603
EAppRate= 0.635707187466323
FoliarEnabled= true
