ICQueenStrength= 3.87782531697303
RQWkrDrnRatio= 4.03179461695254
ICDroneMiteSurvivorship= 13.267036061734
ICWorkerMiteSurvivorship= 53.3279954455793
ICForagerLifespan= 12.6618931982666
ImmType= Exponential
RQQueenStrength= 4.93275641603395
RQEnableReQueen= true
AIAdultSlope= 8.59923715516925
AIAdultLD50= 69.9863352789485
AIAdultSlopeContact= 3.5869529475458
AIAdultLD50Contact= 47.1062206647457
AILarvaSlope= 7.00117416493595
AILarvaLD50= 32.8773240851723
AIKOW= 24773.6447745647
AIKOC= 36751.9742597793
AIHalfLife= 34.7848844153807
EAppRate= 2.26611539263907
FoliarEnabled= true
FoliarAppDate= 06/07/1989
FoliarForageBegin= 06/05/1989
FoliarForageEnd= 06/28/1989
AIContactFactor= 0.406623834790662
CL4Pollen= 0.483533764258027
CL4Nectar= 34.2138449428603
CL5Pollen= 4.69730742461979
CL5Nectar= 75.0877111684531
CLDPollen= 0.66766607388854
CLDNectar= 51.0123734129593
CA13Pollen= 7.85385047718882
CA13Nectar= 97.1143986657262
CA410Pollen= 2.34617388083134
CA410Nectar= 43.7542440183461
CA1120Pollen= 1.3016642597504
CA1120Nectar= 39.8987003043294
IPollenTrips= 13.8901172461919
INectarTrips= 10.5378940398805
IPollenLoad= 2.82184046227485
INectarLoad= 9.52058429596946
ESoilP= 1.37555477698334
ESoilFoc= 0.019511789398035
