ICQueenStrength= 4.75885792076588
RQWkrDrnRatio= 3.8499229522422
ICDroneMiteSurvivorship= 80.5175993358716
ICWorkerMiteSurvivorship= 61.7483178852126
ICForagerLifespan= 10.0836288155988
ImmType= Sine
RQQueenStrength= 3.98295622458681
RQEnableReQueen= true
AIAdultSlope= 1.85708820074797
AIAdultLD50= 55.7200460528394
AIAdultSlopeContact= 1.15500127361156
AIAdultLD50Contact= 81.8473937819472
AILarvaSlope= 2.47158870659769
AILarvaLD50= 44.5533184196462
AIKOW= 70424.0064841681
AIKOC= 48824.5728867683
AIHalfLife= 33.4963707075687
EAppRate= 8.40494631297328
FoliarEnabled= true
FoliarAppDate= 06/07/1989
FoliarForageBegin= 06/05/1989
FoliarForageEnd= 06/28/1989
AIContactFactor= 1.42575058964547
CL4Pollen= 1.36198384780437
CL4Nectar= 71.0435903863981
CL5Pollen= 0.860080365557224
CL5Nectar= 66.1599567742087
CLDPollen= 1.17501473799348
CLDNectar= 23.2769189402461
CA13Pollen= 3.20522254081443
CA13Nectar= 36.6269318759441
CA410Pollen= 2.20457593828905
CA410Nectar= 32.4222459970042
CA1120Pollen= 2.50020372960716
CA1120Nectar= 85.1279763691127
IPollenTrips= 12.2906570718624
INectarTrips= 6.78720124764368
IPollenLoad= 7.18876021448523
INectarLoad= 1.19927034480497
ESoilP= 1.35496710264124
ESoilFoc= 0.00802922512800433
