ICQueenStrength= 3.39134080591612
RQWkrDrnRatio= 4.94828385766596
ICDroneMiteSurvivorship= 15.1303739286959
ICWorkerMiteSurvivorship= 97.8669004747644
ICForagerLifespan= 12.2445462839678
ImmType= Polynomial
RQQueenStrength= 1.36854883772321
RQEnableReQueen= true
AIAdultSlope= 5.47420842386782
AIAdultLD50= 8.75284298666357
AIAdultSlopeContact= 8.83246134058572
AIAdultLD50Contact= 0.248292751155561
AILarvaSlope= 8.98105332627892
AILarvaLD50= 38.6831364514241
AIKOW= 26641.235851532
AIKOC= 29355.3743031602
AIHalfLife= 20.3762547637569
EAppRate= 2.93853936660243
FoliarEnabled= true
FoliarAppDate= 06/07/1989
FoliarForageBegin= 06/05/1989
FoliarForageEnd= 06/28/1989
AIContactFactor= 0.589830878437497
CL4Pollen= 1.71216847002506
CL4Nectar= 84.7290246048942
CL5Pollen= 3.26557051157579
CL5Nectar= 17.8801421541721
CLDPollen= 3.34067229554057
CLDNectar= 25.5656875669956
CA13Pollen= 3.19967921804637
CA13Nectar= 96.1964300461113
CA410Pollen= 3.41290886036586
CA410Nectar= 154.951316313818
CA1120Pollen= 0.904557432979345
CA1120Nectar= 29.6352940797806
IPollenTrips= 5.45312277972698
INectarTrips= 7.92875627288595
IPollenLoad= 0.860868748277426
INectarLoad= 1.67363108601421
