ICQueenStrength= 5.88510549534112
RQWkrDrnRatio= 4.289302081801
ICDroneMiteSurvivorship= 60.8248849865049
ICWorkerMiteSurvivorship= 86.081062676385
ICForagerLifespan= 12.1812272947282
ImmType= Sine
RQQueenStrength= 2.07304879464209
RQEnableReQueen= true
AIAdultSlope= 5.06484193727374
AIAdultLD50= 29.4855473104324
AIAdultSlopeContact= 8.22366575081833
AIAdultLD50Contact= 43.0025271948653
AILarvaSlope= 3.50714007765055
AILarvaLD50= 28.5706294464841
AIKOW= 85701.5356982928
AIKOC= 85422.0724253643
AIHalfLife= 6.60295729364734
EAppRate= 1.6330212679219
FoliarEnabled= true
FoliarAppDate= 06/07/1989
FoliarForageBegin= 06/05/1989
FoliarForageEnd= 06/28/1989
AIContactFactor= 1.12215046742
CL4Pollen= 0.410778811201453
CL4Nectar= 2.73903899360448
CL5Pollen= 1.12549632322043
CL5Nectar= 45.4793420853093
CLDPollen= 3.25232503283769
CLDNectar= 115.362033282872
CA13Pollen= 2.36868037125096
CA13Nectar= 96.2829197943211
CA410Pollen= 6.79406588396523
CA410Nectar= 55.7110593188554
CA1120Pollen= 1.31769205327146
CA1120Nectar= 57.5152007490396
IPollenTrips= 8.96591800497845
INectarTrips= 14.9188295425847
IPollenLoad= 4.56088772043586
INectarLoad= 8.00547056365758
