ICQueenStrength= 4.79307743394747
RQWkrDrnRatio= 3.54822627268732
ICDroneMiteSurvivorship= 28.6417454248294
ICWorkerMiteSurvivorship= 62.11427685339
ICForagerLifespan= 8.02392430044711
ImmType= Sine
AIAdultSlope= 0.725525231875945
AIAdultLD50= 0.156065128836781
AIAdultSlopeContact= 1.99869328758214
AIAdultLD50Contact= 0.027757494978141
AILarvaSlope= 1.58002728810534
AILarvaLD50= 0.0383273645304143
AIKOW= 2.90475078020245
AIKOC= 14.4591033644974
AIHalfLife= 1.28203482830431
EAppRate= 4.96155546512455
FoliarEnabled= true
