ICQueenStrength= 3.05713904346339
RQWkrDrnRatio= 1.73553154151887
ICDroneMiteSurvivorship= 37.2707024682313
ICWorkerMiteSurvivorship= 86.7970915744081
ICForagerLifespan= 14.3360782712698
ImmType= Sine
RQQueenStrength= 2.53030646499246
RQEnableReQueen= true
AIAdultSlope= 1.80526659078896
AIAdultLD50= 13.280289275679
AIAdultSlopeContact= 4.45497289905325
AIAdultLD50Contact= 55.1283462536815
AILarvaSlope= 2.56148725934327
AILarvaLD50= 9.96671727362973
AIKOW= 29310.736423547
AIKOC= 97116.8234089226
AIHalfLife= 13.7841512459563
EAppRate= 7.53269366360805
FoliarEnabled= true
FoliarAppDate= 06/07/1989
FoliarForageBegin= 06/05/1989
FoliarForageEnd= 06/28/1989
AIContactFactor= 2.33673125979491
CL4Pollen= 2.79510892461985
CL4Nectar= 96.0012233350426
CL5Pollen= 5.8475315887481
CL5Nectar= 59.7898057778366
CLDPollen= 3.11892598634586
CLDNectar= 80.3085851250216
CA13Pollen= 7.35744373807684
CA13Nectar= 96.8848275393248
CA410Pollen= 5.75873118846212
CA410Nectar= 59.6823761658743
CA1120Pollen= 2.48005512985401
CA1120Nectar= 97.3493130505085
IPollenTrips= 9.06593532301486
INectarTrips= 10.3807181771845
IPollenLoad= 3.98123094579205
INectarLoad= 4.52563771279529
ESoilP= 1.68007966480218
ESoilFoc= 0.00604351899493486
