ICQueenStrength= 2.30832498078234
RQWkrDrnRatio= 1.24866632372141
ICDroneMiteSurvivorship= 74.3960509542376
ICWorkerMiteSurvivorship= 3.04221003316343
ICForagerLifespan= 8.69764551706612
ImmType= Tangent
RQQueenStrength= 4.61181571031921
RQEnableReQueen= true
AIAdultSlope= 8.46709556877613
AIAdultLD50= 77.7619961473495
AIAdultSlopeContact= 1.10545235290192
AIAdultLD50Contact= 43.446410117317
AILarvaSlope= 5.49572741612792
AILarvaLD50= 33.2412544393358
AIKOW= 47635.4665333401
AIKOC= 91836.4207322164
AIHalfLife= 7.8167978809448
EAppRate= 9.30111755098822
FoliarEnabled= true
FoliarAppDate= 06/07/1989
FoliarForageBegin= 06/05/1989
FoliarForageEnd= 06/28/1989
AIContactFactor= 0.655381844127551
CL4Pollen= 0.402937848120928
CL4Nectar= 43.1764651322737
CL5Pollen= 5.85583650134504
CL5Nectar= 6.05305884964764
CLDPollen= 0.068387252278626
CLDNectar= 88.6426695389673
CA13Pollen= 4.39410174852237
CA13Nectar= 24.8350696265697
CA410Pollen= 4.5415522289928
CA410Nectar= 159.047605325468
CA1120Pollen= 2.09927367162891
CA1120Nectar= 92.5698351487517
IPollenTrips= 10.331732663326
INectarTrips= 8.10433407546952
IPollenLoad= 9.71663338365033
INectarLoad= 6.30367668345571
