ICQueenStrength= 1.73641022900119
RQWkrDrnRatio= 4.61598613392562
ICDroneMiteSurvivorship= 56.4196957508102
ICWorkerMiteSurvivorship= 15.545566380024
ICForagerLifespan= 14.3082013074309
ImmType= Exponential
RQQueenStrength= 1.96585865947418
RQEnableReQueen= true
AIAdultSlope= 8.76854049414396
AIAdultLD50= 2.46711104353284
AIAdultSlopeContact= 9.79994670511223
AIAdultLD50Contact= 91.19157959301
AILarvaSlope= 6.46515573561192
AILarvaLD50= 66.7384806288558
AIKOW= 1254.89961605098
AIKOC= 33705.2207597441
AIHalfLife= 33.4989226117497
EAppRate= 2.4527432295226
FoliarEnabled= true
FoliarAppDate= 06/07/1989
FoliarForageBegin= 06/05/1989
FoliarForageEnd= 06/28/1989
AIContactFactor= 1.92156049016863
CL4Pollen= 3.91119595430791
CL4Nectar= 21.658855676651
CL5Pollen= 3.35583119373769
CL5Nectar= 74.5493076858111
CLDPollen= 0.746041214559227
CLDNectar= 107.137249270454
CA13Pollen= 7.13329664645716
CA13Nectar= 86.4864933118224
CA410Pollen= 8.04102131125983
CA410Nectar= 186.53900008183
CA1120Pollen= 2.39397985883988
CA1120Nectar= 69.842591509223
IPollenTrips= 8.75478411326185
INectarTrips= 14.918572336901
IPollenLoad= 1.07387249125168
INectarLoad= 3.10737682040781
ESoilP= 1.1481601819396
ESoilFoc= 0.0192076703705825
