ICQueenStrength= 4.79466102574952
RQWkrDrnRatio= 4.72182054910809
ICDroneMiteSurvivorship= 68.7411998165771
ICWorkerMiteSurvivorship= 65.0190815562382
ICForagerLifespan= 7.97298807278275
ImmType= Exponential
RQQueenStrength= 1.06079811719246
RQEnableReQueen= true
AIAdultSlope= 1.83067335188389
AIAdultLD50= 13.2029992621567
AIAdultSlopeContact= 5.7956393326167
AIAdultLD50Contact= 17.3243400473301
AILarvaSlope= 5.05879667587578
AILarvaLD50= 23.0136699440805
AIKOW= 39214.5310545253
AIKOC= 77514.1711739479
AIHalfLife= 24.5696794634452
EAppRate= 2.02998136386345
FoliarEnabled= true
FoliarAppDate= 06/07/1989
FoliarForageBegin= 06/05/1989
FoliarForageEnd= 06/28/1989
AIContactFactor= 0.636764266886748
CL4Pollen= 2.75067112687975
CL4Nectar= 87.5437709270045
CL5Pollen= 5.1515727667138
CL5Nectar= 111.013055650983
CLDPollen= 2.41666466603056
CLDNectar= 101.961480954196
CA13Pollen= 8.00399702861905
CA13Nectar= 31.7757015489042
CA410Pollen= 5.58920749770477
CA410Nectar= 87.6311338273808
CA1120Pollen= 2.50196557701565
CA1120Nectar= 45.083988700062
IPollenTrips= 11.3066572370008
INectarTrips= 13.363537369296
IPollenLoad= 4.81715828413144
INectarLoad= 6.09749696217477
