ICQueenStrength= 1.00302933505736
RQWkrDrnRatio= 4.97949633002281
ICDroneMiteSurvivorship= 75.1221800921485
ICWorkerMiteSurvivorship= 22.5926249986514
ICForagerLifespan= 9.56399786658585
ImmType= Cosine
RQQueenStrength= 1.2030361967627
RQEnableReQueen= true
AIAdultSlope= 4.85387725569308
AIAdultLD50= 38.3039038520425
AIAdultSlopeContact= 3.83052448229864
AIAdultLD50Contact= 70.8070183269572
AILarvaSlope= 6.53344812989235
AILarvaLD50= 28.4946459024877
AIKOW= 88477.6858260848
AIKOC= 63105.4320897609
AIHalfLife= 29.0271513342159
EAppRate= 6.92316468638997
FoliarEnabled= true
FoliarAppDate= 06/07/1989
FoliarForageBegin= 06/05/1989
FoliarForageEnd= 06/28/1989
AIContactFactor= 1.10037482852116
CL4Pollen= 0.188529397360981
CL4Nectar= 20.386676164344
CL5Pollen= 3.01030773064122
CL5Nectar= 9.26824416965246
CLDPollen= 2.93759432109073
CLDNectar= 98.9615735015832
CA13Pollen= 6.53157204836607
CA13Nectar= 88.169772233814
CA410Pollen= 2.68206855105236
CA410Nectar= 55.3241750597954
CA1120Pollen= 0.467980134766549
CA1120Nectar= 56.3432728871703
IPollenTrips= 9.28480685455725
INectarTrips= 10.9782923967578
IPollenLoad= 5.79900618176907
INectarLoad= 7.60194295318797
ESoilP= 1.8977530808188
ESoilFoc= 0.0179363909512758
