ICQueenStrength= 4.62052443204448
RQWkrDrnRatio= 2.90118070319295
ICDroneMiteSurvivorship= 66.662996658124
ICWorkerMiteSurvivorship= 88.531862036325
ICForagerLifespan= 9.57180070877075
ImmType= Cosine
AIAdultSlope= 0.318131943899207
AIAdultLD50= 0.129897274728864
AIAdultSlopeContact= 3.39414251147769
AIAdultLD50Contact= 0.00772680673981085
AILarvaSlope= 3.22496450054459
AILarvaLD50= 0.267378026316874
AIKOW= 2.54368198662996
AIKOC= 11.4264146611094
AIHalfLife= 2.36267973652575
EAppRate= 3.93658268731087
FoliarEnabled= true
