ICQueenStrength= 2.12059937906452
RQWkrDrnRatio= 1.29447842668742
ICDroneMiteSurvivorship= 4.53917279373854
ICWorkerMiteSurvivorship= 95.7394868135452
ICForagerLifespan= 9.8904542112723
ImmType= Cosine
RQQueenStrength= 3.02734606806189
RQEnableReQueen= true
AIAdultSlope= 3.75445559993386
AIAdultLD50= 23.2855362338198
AIAdultSlopeContact= 1.72980576497503
AIAdultLD50Contact= 73.06868345542
AILarvaSlope= 5.16267295181751
AILarvaLD50= 9.99376866427669
AIKOW= 99488.6602553583
AIKOC= 29785.3946975647
AIHalfLife= 10.139717558655
EAppRate= 1.11041043454059
FoliarEnabled= true
FoliarAppDate= 06/07/1989
FoliarForageBegin= 06/05/1989
FoliarForageEnd= 06/28/1989
AIContactFactor= 1.96535646923818
CL4Pollen= 2.98717129230499
CL4Nectar= 60.6311461655423
CL5Pollen= 2.83818781049922
CL5Nectar= 92.5706551526673
CLDPollen= 0.530767575837672
CLDNectar= 58.5848852992058
CA13Pollen= 2.80382871702313
CA13Nectar= 48.1378424726427
CA410Pollen= 5.93849826792721
CA410Nectar= 111.216151244007
CA1120Pollen= 2.56665203184821
CA1120Nectar= 92.510789539665
IPollenTrips= 14.0388908144087
INectarTrips= 6.21260106097907
IPollenLoad= 7.34911667183042
INectarLoad= 3.20124582154676
ESoilP= 1.49757628072985
ESoilFoc= 0.0107880547656678
