ICQueenStrength= 5.77105796220712
RQWkrDrnRatio= 2.99883699044585
ICDroneMiteSurvivorship= 89.5954939071089
ICWorkerMiteSurvivorship= 70.4260808648542
ICForagerLifespan= 8.24877653084695
ImmType= Sine
RQQueenStrength= 5.37884567654692
RQEnableReQueen= true
AIAdultSlope= 6.23416286334395
AIAdultLD50= 0.239130413897801
AIAdultSlopeContact= 2.84601136739366
AIAdultLD50Contact= 10.2120473286526
AILarvaSlope= 3.26424379460514
AILarvaLD50= 31.3258515348921
AIKOW= 98896.8221642569
AIKOC= 51885.2740834486
AIHalfLife= 26.2843733988004
EAppRate= 6.01472242615838
FoliarEnabled= true
FoliarAppDate= 09/01/1989
FoliarForageBegin= 09/01/1989
FoliarForageEnd= 09/08/1989
AIContactFactor= 0.719097506431863
CL4Pollen= 2.92211082670838
CL4Nectar= 72.3510367330164
CL5Pollen= 0.258558222558349
CL5Nectar= 142.83193310257
CLDPollen= 4.75620135013014
CLDNectar= 148.607994709164
CA13Pollen= 5.80214326577261
CA13Nectar= 91.9847268052399
CA410Pollen= 2.94090900998563
CA410Nectar= 190.609525637701
CA1120Pollen= 2.09174756705761
CA1120Nectar= 29.7837411426008
IPollenTrips= 5.86448851041496
INectarTrips= 9.64136851485819
IPollenLoad= 3.54913601651788
INectarLoad= 9.74193545989692
