ICQueenStrength= 2.25892781000584
RQWkrDrnRatio= 4.23363724816591
ICDroneMiteSurvivorship= 69.6486273780465
ICWorkerMiteSurvivorship= 90.5890779104084
ICForagerLifespan= 8.41496697813272
ImmType= Tangent
RQQueenStrength= 1.80136609729379
RQEnableReQueen=true
AIAdultSlope= 4.65266077034175
AIAdultLD50= 0.407916157800937
AIAdultSlopeContact= 5.51098591531627
AIAdultLD50Contact= 13.2788371021934
AILarvaSlope= 6.49087293259799
AILarvaLD50= 47.3805385202314
AIKOW= 15708.516911352
AIKOC= 45793.2299204005
AIHalfLife= 28.381545481435
EAppRate= 6.97965436342848
FoliarEnabled=true
FoliarAppDate= 07/01/1989
FoliarForageBegin= 07/01/1989
FoliarForageEnd= 07/14/1989
AIContactFactor= 0.264055859530345
CL4Pollen= 1.0653168624267
CL4Nectar= 87.225698819384
CL5Pollen= 4.81668490357697
CL5Nectar= 49.9048235476948
CLDPollen= 3.67771750269458
CLDNectar= 101.999176573008
CA13Pollen= 6.25422729579732
CA13Nectar= 80.5159778520465
CA410Pollen= 5.09888838983607
CA410Nectar= 191.108442205004
CA1120Pollen= 1.22315863729455
CA1120Nectar= 90.1527853310108
IPollenTrips= 7.43751278612763
INectarTrips= 14.4260539626703
IPollenLoad= 8.34833688801154
INectarLoad= 6.97863924084231
