ICQueenStrength= 5.13117765448987
RQWkrDrnRatio= 2.90738850645721
ICDroneMiteSurvivorship= 10.5284644523636
ICWorkerMiteSurvivorship= 27.3767423816025
ICForagerLifespan= 5.91681304574013
ImmType= Sine
RQQueenStrength= 3.62588297016919
RQEnableReQueen= true
AIAdultSlope= 7.20509057678282
AIAdultLD50= 27.4047712265779
AIAdultSlopeContact= 5.16177769284695
AIAdultLD50Contact= 16.4141185866136
AILarvaSlope= 7.9092731885612
AILarvaLD50= 51.7676892650053
AIKOW= 20056.4960566063
AIKOC= 32591.0035342223
AIHalfLife= 3.47922517026309
EAppRate= 9.15663512858562
FoliarEnabled= true
FoliarAppDate= 06/07/1989
FoliarForageBegin= 06/05/1989
FoliarForageEnd= 06/28/1989
AIContactFactor= 0.911832946473732
CL4Pollen= 0.0347159560769796
CL4Nectar= 84.2302604811266
CL5Pollen= 4.62592876330018
CL5Nectar= 100.920752144884
CLDPollen= 5.12170861847699
CLDNectar= 106.699113117065
CA13Pollen= 7.50580569710582
CA13Nectar= 42.9314700514078
CA410Pollen= 7.12611398408189
CA410Nectar= 65.2523571439087
CA1120Pollen= 0.543335300171748
CA1120Nectar= 82.7997695654631
IPollenTrips= 9.43252502474934
INectarTrips= 8.18802376743406
IPollenLoad= 7.82608217094094
INectarLoad= 0.204467186704278
