ICQueenStrength= 1.95845189876854
RQWkrDrnRatio= 2.99430305417627
ICDroneMiteSurvivorship= 90.428546234034
ICWorkerMiteSurvivorship= 55.7502163108438
ICForagerLifespan= 11.6074130553752
ImmType= Polynomial
RQQueenStrength= 1.78824090422131
RQEnableReQueen= true
AIAdultSlope= 1.45050300844014
AIAdultLD50= 4.7483429472032
AIAdultSlopeContact= 6.82724447315559
AIAdultLD50Contact= 73.2209839302776
AILarvaSlope= 4.2112345341593
AILarvaLD50= 56.7929943896173
AIKOW= 13051.9514307161
AIKOC= 90983.1343394015
AIHalfLife= 20.8477780909976
EAppRate= 4.43479610046418
FoliarEnabled= true
FoliarAppDate= 06/07/1989
FoliarForageBegin= 06/05/1989
FoliarForageEnd= 06/28/1989
AIContactFactor= 2.24470629850868
CL4Pollen= 0.537029180675745
CL4Nectar= 18.1872134562582
CL5Pollen= 4.52144647808746
CL5Nectar= 93.512517772615
CLDPollen= 5.94916843995452
CLDNectar= 14.4569936790504
CA13Pollen= 2.54065061016008
CA13Nectar= 88.5207511857152
CA410Pollen= 5.15115488590673
CA410Nectar= 51.0339713050053
CA1120Pollen= 2.53007730678655
CA1120Nectar= 36.7387414164841
IPollenTrips= 11.1033615330234
INectarTrips= 6.77623928990215
IPollenLoad= 8.68301666108891
INectarLoad= 2.58799478178844
