ICQueenStrength= 3.55698181688786
RQWkrDrnRatio= 2.61918594688177
ICDroneMiteSurvivorship= 82.3757026810199
ICWorkerMiteSurvivorship= 12.5600549858063
ICForagerLifespan= 8.60594483092427
ImmType= Sine
RQQueenStrength= 2.97682889178395
RQEnableReQueen= true
AIAdultSlope= 6.78589166514575
AIAdultLD50= 42.4912904633598
AIAdultSlopeContact= 5.72993892035447
AIAdultLD50Contact= 11.2034404234337
AILarvaSlope= 8.41507859714329
AILarvaLD50= 12.0953993200338
AIKOW= 99572.2283571322
AIKOC= 71326.0400457117
AIHalfLife= 23.8934310473269
EAppRate= 4.68537110928725
FoliarEnabled= true
FoliarAppDate= 06/07/1989
FoliarForageBegin= 06/05/1989
FoliarForageEnd= 06/28/1989
AIContactFactor= 2.31445697667077
CL4Pollen= 1.02150217071176
CL4Nectar= 91.28797352314
CL5Pollen= 5.68736907094717
CL5Nectar= 70.1692063361406
CLDPollen= 0.177276441827416
CLDNectar= 122.570403583813
CA13Pollen= 4.22259528310969
CA13Nectar= 21.0757617652416
CA410Pollen= 5.67962683092337
CA410Nectar= 183.675845055841
CA1120Pollen= 0.285182715626433
CA1120Nectar= 26.7971621081233
IPollenTrips= 11.4899835526012
INectarTrips= 14.1736006690189
IPollenLoad= 1.14136479096487
INectarLoad= 5.26146910851821
ESoilP= 1.19105466664769
ESoilFoc= 0.0188433964913711
