ICQueenStrength= 3.97439101268537
RQWkrDrnRatio= 4.3853930849582
ICDroneMiteSurvivorship= 24.5894918451086
ICWorkerMiteSurvivorship= 13.5901056695729
ICForagerLifespan= 10.2992278439924
ImmType= Polynomial
RQQueenStrength= 4.6988430924248
RQEnableReQueen= true
AIAdultSlope= 7.45938202179968
AIAdultLD50= 10.5102505520703
AIAdultSlopeContact= 9.62544621201232
AIAdultLD50Contact= 26.9744872239549
AILarvaSlope= 8.57892375439405
AILarvaLD50= 90.2791831433028
AIKOW= 75646.2882645057
AIKOC= 67896.3234546122
AIHalfLife= 2.90507231764495
EAppRate= 6.70036255969247
FoliarEnabled= true
FoliarAppDate= 06/07/1989
FoliarForageBegin= 06/05/1989
FoliarForageEnd= 06/28/1989
AIContactFactor= 0.668902088403702
CL4Pollen= 3.20584101881832
CL4Nectar= 59.0943995863199
CL5Pollen= 2.58007333008572
CL5Nectar= 66.4474292658269
CLDPollen= 1.65447916695848
CLDNectar= 21.1232030298561
CA13Pollen= 5.28072628686204
CA13Nectar= 45.8282217942178
CA410Pollen= 6.66253386654425
CA410Nectar= 126.110256193206
CA1120Pollen= 0.605821016477421
CA1120Nectar= 81.1619131267071
IPollenTrips= 11.0329101281241
INectarTrips= 7.5726182712242
IPollenLoad= 7.75076348567382
INectarLoad= 7.19584051752463
