ICQueenStrength= 3.08706768928096
RQWkrDrnRatio= 4.25861961767077
ICDroneMiteSurvivorship= 63.3781616576016
ICWorkerMiteSurvivorship= 30.3810888202861
ICForagerLifespan= 14.515417563729
ImmType= Logarithmic
RQQueenStrength= 4.86304913205095
RQEnableReQueen= true
AIAdultSlope= 7.74698689579964
AIAdultLD50= 20.6672358211014
AIAdultSlopeContact= 3.20058882120065
AIAdultLD50Contact= 72.0329310950998
AILarvaSlope= 7.53786412067711
AILarvaLD50= 28.7878656919266
AIKOW= 90454.2375355666
AIKOC= 26820.210292811
AIHalfLife= 19.723362288042
EAppRate= 0.160340439587366
FoliarEnabled= true
FoliarAppDate= 06/07/1989
FoliarForageBegin= 06/05/1989
FoliarForageEnd= 06/28/1989
AIContactFactor= 2.15340950380079
CL4Pollen= 2.63840124942362
CL4Nectar= 28.0716880224645
CL5Pollen= 0.547209018375725
CL5Nectar= 14.6792136132717
CLDPollen= 2.35275707300752
CLDNectar= 52.4535863078199
CA13Pollen= 3.10573718724772
CA13Nectar= 65.1120081357658
CA410Pollen= 2.78245743846055
CA410Nectar= 120.546620776877
CA1120Pollen= 1.98112701508217
CA1120Nectar= 58.2409949973226
IPollenTrips= 8.22867436334491
INectarTrips= 14.398469706066
IPollenLoad= 9.83854063088074
INectarLoad= 3.49050697404891
