ICQueenStrength= 5.31847802130505
RQWkrDrnRatio= 3.12996455281973
ICDroneMiteSurvivorship= 86.5207984577864
ICWorkerMiteSurvivorship= 3.49459333810955
ICForagerLifespan= 15.3173358263448
ImmType= Tangent
RQQueenStrength= 2.86573162791319
RQEnableReQueen= true
AIAdultSlope= 3.19675411842763
AIAdultLD50= 34.5380111595448
AIAdultSlopeContact= 5.91473009390756
AIAdultLD50Contact= 52.9125882101154
AILarvaSlope= 8.42013798654079
AILarvaLD50= 13.6821836836298
AIKOW= 69542.2411154744
AIKOC= 94265.2837854458
AIHalfLife= 11.3081564674387
EAppRate= 7.83233649737551
FoliarEnabled= true
FoliarAppDate= 06/07/1989
FoliarForageBegin= 06/05/1989
FoliarForageEnd= 06/28/1989
AIContactFactor= 2.3939165804116
CL4Pollen= 0.815307738259435
CL4Nectar= 35.7645730720833
CL5Pollen= 5.74994625616819
CL5Nectar= 131.355386436917
CLDPollen= 4.24244844960049
CLDNectar= 130.476652854122
CA13Pollen= 5.68464871430769
CA13Nectar= 97.7957438863814
CA410Pollen= 5.89651773204096
CA410Nectar= 52.3734078556299
CA1120Pollen= 0.566871015820652
CA1120Nectar= 67.8343946672976
IPollenTrips= 14.3895690934733
INectarTrips= 10.7799822976813
IPollenLoad= 8.93809412140399
INectarLoad= 7.60014096973464
ESoilP= 1.19599304045551
ESoilFoc= 0.00658111940021627
