ICQueenStrength= 3.6386351082474
RQWkrDrnRatio= 3.06384205911309
ICDroneMiteSurvivorship= 31.3164164545015
ICWorkerMiteSurvivorship= 10.1026424439624
ICForagerLifespan= 13.304382186383
ImmType= Tangent
RQQueenStrength= 3.17716088611633
RQEnableReQueen=true
AIAdultSlope= 5.05613558553159
AIAdultLD50= 0.248993172203889
AIAdultSlopeContact= 6.94486709171906
AIAdultLD50Contact= 48.8494713838317
AILarvaSlope= 8.16587466001511
AILarvaLD50= 68.8905247615532
AIKOW= 56398.1416930578
AIKOC= 14141.115883335
AIHalfLife= 22.5660717348335
EAppRate= 5.57178897139709
FoliarEnabled=true
FoliarAppDate= 07/01/1989
FoliarForageBegin= 07/01/1989
FoliarForageEnd= 07/14/1989
AIContactFactor= 1.25743391789496
CL4Pollen= 1.96274495311081
CL4Nectar= 7.57216629572213
CL5Pollen= 5.45431570289657
CL5Nectar= 80.7228189194575
CLDPollen= 5.36732792062685
CLDNectar= 99.2064434685744
CA13Pollen= 2.5433931870386
CA13Nectar= 73.2943211309612
CA410Pollen= 6.48249351345003
CA410Nectar= 160.933548877947
CA1120Pollen= 0.523091243812814
CA1120Nectar= 55.0150756910443
IPollenTrips= 8.13896855805069
INectarTrips= 12.6108212326653
IPollenLoad= 6.18356171296909
INectarLoad= 8.1975866900757
