ICQueenStrength= 4.84102682117373
RQWkrDrnRatio= 1.82099002599716
ICDroneMiteSurvivorship= 63.5483891936019
ICWorkerMiteSurvivorship= 91.434009373188
ICForagerLifespan= 14.652816827409
ImmType= Cosine
RQQueenStrength= 1.1893768296577
RQEnableReQueen= true
AIAdultSlope= 4.0851554274559
AIAdultLD50= 7.34657111444138
AIAdultSlopeContact= 9.84721497702412
AIAdultLD50Contact= 68.7361800773696
AILarvaSlope= 5.13587804324925
AILarvaLD50= 2.02055387833389
AIKOW= 36765.4435008387
AIKOC= 98248.4237594481
AIHalfLife= 30.5470006450079
EAppRate= 6.85093805591366
FoliarEnabled= true
FoliarAppDate= 06/07/1989
FoliarForageBegin= 06/05/1989
FoliarForageEnd= 06/28/1989
AIContactFactor= 1.94031029052101
CL4Pollen= 0.905058191157877
CL4Nectar= 56.8614699877799
CL5Pollen= 2.21288489922881
CL5Nectar= 77.5722920196131
CLDPollen= 1.93082566279918
CLDNectar= 77.668594638817
CA13Pollen= 3.35314888814464
CA13Nectar= 61.6796192899346
CA410Pollen= 8.94751028742176
CA410Nectar= 110.455619427375
CA1120Pollen= 1.57024139212444
CA1120Nectar= 78.2697704434395
IPollenTrips= 13.5191385145299
INectarTrips= 8.0448243021965
IPollenLoad= 9.87469275249168
INectarLoad= 3.33332640351728
