ICQueenStrength= 1.21764353848994
RQWkrDrnRatio= 1.04691309761256
ICDroneMiteSurvivorship= 69.0987746231258
ICWorkerMiteSurvivorship= 58.9336204342544
ICForagerLifespan= 7.01220317091793
ImmType= Exponential
AIAdultSlope= 1.74993073652498
AIAdultLD50= 0.189612466003746
AIAdultSlopeContact= 3.48916087449761
AIAdultLD50Contact= 0.0116953027783893
AILarvaSlope= 0.364572998322546
AILarvaLD50= 0.108053883165121
AIKOW= 3.49089675117284
AIKOC= 15.0802999397274
AIHalfLife= 0.0255659046117216
EAppRate= 1.27577174454927
FoliarEnabled= true
