ICQueenStrength= 5.1252681647893
RQWkrDrnRatio= 1.24958094861358
ICDroneMiteSurvivorship= 12.3067011823878
ICWorkerMiteSurvivorship= 72.6635260740295
ICForagerLifespan= 11.6637756098062
ImmType= Logarithmic
RQQueenStrength= 1.61429683351889
RQEnableReQueen= true
AIAdultSlope= 6.36502867750823
AIAdultLD50= 13.714237670026
AIAdultSlopeContact= 1.48332780320197
AIAdultLD50Contact= 26.4565103921141
AILarvaSlope= 5.57134671509266
AILarvaLD50= 58.9523846514721
AIKOW= 41808.2485890876
AIKOC= 48477.4686158639
AIHalfLife= 6.78131144919898
EAppRate= 1.79020840006089
FoliarEnabled= true
FoliarAppDate= 06/07/1989
FoliarForageBegin= 06/05/1989
FoliarForageEnd= 06/28/1989
AIContactFactor= 0.715129371127114
CL4Pollen= 0.537047083489597
CL4Nectar= 35.7710177544504
CL5Pollen= 4.15170427691191
CL5Nectar= 93.5308670508675
CLDPollen= 4.81898726848885
CLDNectar= 141.859433439095
CA13Pollen= 4.13823906360194
CA13Nectar= 23.0803494341671
CA410Pollen= 4.89118323789444
CA410Nectar= 176.427528448403
CA1120Pollen= 0.404478654032573
CA1120Nectar= 63.3802486024797
IPollenTrips= 7.38259200472385
INectarTrips= 6.55029758345336
IPollenLoad= 1.60230600973591
INectarLoad= 3.8508732826449
