ICQueenStrength= 3.09848443628289
RQWkrDrnRatio= 1.65858567226678
ICDroneMiteSurvivorship= 8.71464882511646
ICWorkerMiteSurvivorship= 86.2185762031004
ICForagerLifespan= 15.7282056529075
ImmType= Sine
RQQueenStrength= 3.50387619715184
RQEnableReQueen= true
AIAdultSlope= 8.39391472563148
AIAdultLD50= 96.5727007721674
AIAdultSlopeContact= 9.49497019010596
AIAdultLD50Contact= 51.4855875631294
AILarvaSlope= 1.28113215602934
AILarvaLD50= 97.8003029658489
AIKOW= 84111.967152883
AIKOC= 10707.9335729131
AIHalfLife= 0.733131839614361
EAppRate= 9.32161208580481
FoliarEnabled= true
FoliarAppDate= 06/07/1989
FoliarForageBegin= 06/05/1989
FoliarForageEnd= 06/28/1989
AIContactFactor= 2.0490116658574
CL4Pollen= 0.303927834145725
CL4Nectar= 26.2352942489088
CL5Pollen= 0.760963921900839
CL5Nectar= 33.5017723613419
CLDPollen= 0.847669009119272
CLDNectar= 81.4428504905663
CA13Pollen= 2.43961001681164
CA13Nectar= 87.3535698279738
CA410Pollen= 8.47538198325783
CA410Nectar= 42.8358100540936
CA1120Pollen= 1.5694675098639
CA1120Nectar= 21.801127102226
IPollenTrips= 6.24497779412195
INectarTrips= 14.5032745529898
IPollenLoad= 1.80269561009482
INectarLoad= 3.45837920438498
