ICQueenStrength= 2.20602659881115
RQWkrDrnRatio= 1.00776844657958
ICDroneMiteSurvivorship= 91.3393947761506
ICWorkerMiteSurvivorship= 10.4772531893104
ICForagerLifespan= 11.0852163946256
ImmType= Cosine
RQQueenStrength= 4.0637213238515
RQEnableReQueen= true
AIAdultSlope= 6.13046319410205
AIAdultLD50= 0.737874730584677
AIAdultSlopeContact= 6.01555627747439
AIAdultLD50Contact= 24.9884090282763
AILarvaSlope= 6.93874142691493
AILarvaLD50= 2.18332962505869
AIKOW= 65916.178873482
AIKOC= 73823.8137378083
AIHalfLife= 11.6759594714502
EAppRate= 0.361456383712357
FoliarEnabled= true
FoliarAppDate= 09/01/1989
FoliarForageBegin= 09/01/1989
FoliarForageEnd= 09/08/1989
AIContactFactor= 2.33664775381796
CL4Pollen= 3.50005886051804
CL4Nectar= 21.2957712588832
CL5Pollen= 2.8553405678831
CL5Nectar= 46.1093953927048
CLDPollen= 4.26776734599844
CLDNectar= 15.4439827543683
CA13Pollen= 6.84972534403205
CA13Nectar= 45.1760120689869
CA410Pollen= 9.48596137952991
CA410Nectar= 95.4539257101715
CA1120Pollen= 0.698406086303294
CA1120Nectar= 62.6921324618161
IPollenTrips= 13.7542490055785
INectarTrips= 12.4081618664786
IPollenLoad= 3.93295111134648
INectarLoad= 3.4166083834134
