ICQueenStrength= 4.15102819353342
RQWkrDrnRatio= 3.28614992462099
ICDroneMiteSurvivorship= 31.3810297753662
ICWorkerMiteSurvivorship= 70.8659686613828
ICForagerLifespan= 8.19657630939037
ImmType= Exponential
RQQueenStrength= 4.11274753534235
RQEnableReQueen= true
AIAdultSlope= 2.30948613584042
AIAdultLD50= 86.4037244956535
AIAdultSlopeContact= 4.57053908682428
AIAdultLD50Contact= 14.0296153111455
AILarvaSlope= 4.7667076960206
AILarvaLD50= 64.2759922076471
AIKOW= 47689.2867282225
AIKOC= 97268.2319883527
AIHalfLife= 30.532556729205
EAppRate= 0.301676382044796
FoliarEnabled= true
FoliarAppDate= 06/07/1989
FoliarForageBegin= 06/05/1989
FoliarForageEnd= 06/28/1989
AIContactFactor= 1.95266736593563
CL4Pollen= 0.416191386058927
CL4Nectar= 45.0523020001128
CL5Pollen= 3.71100938832387
CL5Nectar= 107.004378398415
CLDPollen= 3.74453574093059
CLDNectar= 47.5807843613438
CA13Pollen= 4.83274723803624
CA13Nectar= 82.8893859870732
CA410Pollen= 4.88494100370444
CA410Nectar= 151.05959364213
CA1120Pollen= 1.8514445903711
CA1120Nectar= 20.7773363031447
IPollenTrips= 5.54985092952847
INectarTrips= 8.37164140772074
IPollenLoad= 3.24358446756378
INectarLoad= 9.99642791924998
