ICQueenStrength= 5.34158432646655
RQWkrDrnRatio= 2.53434707783163
ICDroneMiteSurvivorship= 98.5430046916008
ICWorkerMiteSurvivorship= 89.9399771122262
ICForagerLifespan= 5.76662777271122
ImmType= Tangent
RQQueenStrength= 5.64723380398937
RQEnableReQueen= true
AIAdultSlope= 7.37512182816863
AIAdultLD50= 14.4938178824454
AIAdultSlopeContact= 6.79051215923391
AIAdultLD50Contact= 28.9304272610301
AILarvaSlope= 4.5314252153039
AILarvaLD50= 45.3278309608023
AIKOW= 50026.9128622673
AIKOC= 86447.0906320135
AIHalfLife= 12.7051188303623
EAppRate= 0.713167284425814
FoliarEnabled= true
FoliarAppDate= 06/07/1989
FoliarForageBegin= 06/05/1989
FoliarForageEnd= 06/28/1989
AIContactFactor= 1.17217621827964
CL4Pollen= 3.08107171207666
CL4Nectar= 49.1890008328483
CL5Pollen= 2.1466527893208
CL5Nectar= 83.6488339933567
CLDPollen= 1.7622586064972
CLDNectar= 133.691306621768
CA13Pollen= 2.48665679553524
CA13Nectar= 64.8669321835041
CA410Pollen= 9.16678780531511
CA410Nectar= 110.856062462553
CA1120Pollen= 1.45714812492952
CA1120Nectar= 21.6472538001835
IPollenTrips= 9.09877114696428
INectarTrips= 9.67013120185584
IPollenLoad= 4.73265019711107
INectarLoad= 2.47459599981084
