ICQueenStrength= 4.33816040540114
RQWkrDrnRatio= 4.61961182300001
ICDroneMiteSurvivorship= 86.862503644079
ICWorkerMiteSurvivorship= 27.0419362699613
ICForagerLifespan= 9.81818228494376
ImmType= Cosine
RQQueenStrength= 4.79934521508403
RQEnableReQueen= true
AIAdultSlope= 7.84351589530706
AIAdultLD50= 0.541543418786023
AIAdultSlopeContact= 2.6420715181157
AIAdultLD50Contact= 99.4396635951721
AILarvaSlope= 1.95540418848395
AILarvaLD50= 34.2631707907538
AIKOW= 79294.5980776342
AIKOC= 77804.5732518316
AIHalfLife= 8.01645513433032
EAppRate= 5.48281125533953
FoliarEnabled= true
FoliarAppDate= 09/01/1989
FoliarForageBegin= 09/01/1989
FoliarForageEnd= 09/08/1989
AIContactFactor= 0.420355581436306
CL4Pollen= 1.38480709027499
CL4Nectar= 18.3032128727064
CL5Pollen= 3.45562518993393
CL5Nectar= 26.5990542713553
CLDPollen= 1.35251703299582
CLDNectar= 97.430233634077
CA13Pollen= 5.15601608464494
CA13Nectar= 57.2788974456489
CA410Pollen= 7.73313245361205
CA410Nectar= 70.5931133963168
CA1120Pollen= 0.422701011411846
CA1120Nectar= 50.059549510479
IPollenTrips= 8.32831217441708
INectarTrips= 7.28470219299197
IPollenLoad= 1.94005985744298
INectarLoad= 9.99367303447798
