ICQueenStrength= 2.67578342184424
RQWkrDrnRatio= 1.39992275927216
ICDroneMiteSurvivorship= 48.8121640169993
ICWorkerMiteSurvivorship= 65.5507349176332
ICForagerLifespan= 13.0773446932435
ImmType= Polynomial
RQQueenStrength= 2.19955665431917
RQEnableReQueen=true
AIAdultSlope= 8.8336927909404
AIAdultLD50= 0.449919568934478
AIAdultSlopeContact= 5.41617858363315
AIAdultLD50Contact= 96.131068205232
AILarvaSlope= 2.68577224761248
AILarvaLD50= 64.5963931196702
AIKOW= 54804.4378662827
AIKOC= 62793.8791193776
AIHalfLife= 33.8401477023261
EAppRate= 0.904990194280166
FoliarEnabled=true
FoliarAppDate= 07/01/1989
FoliarForageBegin= 07/01/1989
FoliarForageEnd= 07/14/1989
AIContactFactor= 1.20555009377655
CL4Pollen= 0.895367049612105
CL4Nectar= 45.1066474663094
CL5Pollen= 0.182223217561841
CL5Nectar= 121.34418374626
CLDPollen= 0.39344598306343
CLDNectar= 12.9749289597385
CA13Pollen= 4.14736069347709
CA13Nectar= 46.4286615140736
CA410Pollen= 3.35307063106447
CA410Nectar= 148.975121695548
CA1120Pollen= 0.0603725358378142
CA1120Nectar= 98.4814667701721
IPollenTrips= 13.6895508109592
INectarTrips= 6.85521856648847
IPollenLoad= 6.04500826448202
INectarLoad= 5.0827803905122
