ICQueenStrength= 1.95224089804105
RQWkrDrnRatio= 3.71582971327007
ICDroneMiteSurvivorship= 25.9525697212666
ICWorkerMiteSurvivorship= 61.6892519639805
ICForagerLifespan= 14.9934415919706
ImmType= Exponential
RQQueenStrength= 4.4617944539059
RQEnableReQueen= true
AIAdultSlope= 3.64716003462672
AIAdultLD50= 87.4386397450487
AIAdultSlopeContact= 3.03185348911211
AIAdultLD50Contact= 54.965936978725
AILarvaSlope= 2.54427419602871
AILarvaLD50= 98.0816469745382
AIKOW= 22757.982945814
AIKOC= 51845.0735274297
AIHalfLife= 22.9389905977529
EAppRate= 9.34175372424
FoliarEnabled= true
FoliarAppDate= 06/07/1989
FoliarForageBegin= 06/05/1989
FoliarForageEnd= 06/28/1989
AIContactFactor= 0.264468523431569
CL4Pollen= 2.12351037561893
CL4Nectar= 26.9924153806642
CL5Pollen= 2.27220210526139
CL5Nectar= 31.8038769881241
CLDPollen= 1.14595979964361
CLDNectar= 118.944854987785
CA13Pollen= 2.8348555427976
CA13Nectar= 96.7310738004744
CA410Pollen= 4.17709926881362
CA410Nectar= 43.5511391051114
CA1120Pollen= 0.463571298401803
CA1120Nectar= 43.1669592857361
IPollenTrips= 5.20090363686904
INectarTrips= 5.87194171966985
IPollenLoad= 2.68972012214363
INectarLoad= 4.89987419685349
ESoilP= 1.00734731811099
ESoilFoc= 0.0153196074923035
