ICQueenStrength= 5.70776543486863
RQWkrDrnRatio= 2.84499831311405
ICDroneMiteSurvivorship= 30.9026322094724
ICWorkerMiteSurvivorship= 29.6409254195169
ICForagerLifespan= 10.0426615010947
ImmType= Tangent
RQQueenStrength= 5.74859388312325
RQEnableReQueen= true
AIAdultSlope= 3.48006321489811
AIAdultLD50= 97.401310064364
AIAdultSlopeContact= 4.80352617218159
AIAdultLD50Contact= 48.5854079392732
AILarvaSlope= 6.64396508783102
AILarvaLD50= 18.4593998540964
AIKOW= 12786.5027305474
AIKOC= 18775.4689487468
AIHalfLife= 28.238012478943
EAppRate= 1.44578244208894
FoliarEnabled= true
FoliarAppDate= 06/07/1989
FoliarForageBegin= 06/05/1989
FoliarForageEnd= 06/28/1989
AIContactFactor= 1.34530951912515
CL4Pollen= 0.0981299811974168
CL4Nectar= 40.7844757428393
CL5Pollen= 3.17116185184568
CL5Nectar= 7.38683607196435
CLDPollen= 2.82950620958582
CLDNectar= 116.770457779057
CA13Pollen= 2.51433328380808
CA13Nectar= 66.9832058250904
CA410Pollen= 3.07840340177063
CA410Nectar= 117.536785462871
CA1120Pollen= 0.276702221715823
CA1120Nectar= 40.8321971260011
IPollenTrips= 5.58274063048884
INectarTrips= 6.68475784594193
IPollenLoad= 2.09824735298753
INectarLoad= 4.07560664461926
ESoilP= 1.60305550857447
ESoilFoc= 0.00550801902357489
