ICQueenStrength= 4.39549708063714
RQWkrDrnRatio= 1.03607453219593
ICDroneMiteSurvivorship= 82.6012684963644
ICWorkerMiteSurvivorship= 43.065288499929
ICForagerLifespan= 7.87922526802868
ImmType= Polynomial
RQQueenStrength= 3.31849069474265
RQEnableReQueen= true
AIAdultSlope= 3.08354901894927
AIAdultLD50= 86.3891798504908
AIAdultSlopeContact= 8.80775572080165
AIAdultLD50Contact= 9.37687458296353
AILarvaSlope= 6.38781525567174
AILarvaLD50= 46.8937154673883
AIKOW= 57592.1862651639
AIKOC= 49751.0169630335
AIHalfLife= 3.65709763714112
EAppRate= 2.00172891487158
FoliarEnabled= true
FoliarAppDate= 06/07/1989
FoliarForageBegin= 06/05/1989
FoliarForageEnd= 06/28/1989
AIContactFactor= 1.94128174381796
CL4Pollen= 1.82335499674082
CL4Nectar= 1.34746751282364
CL5Pollen= 0.717905487399548
CL5Nectar= 48.6889846273698
CLDPollen= 5.37292568525299
CLDNectar= 66.4583835750818
CA13Pollen= 5.61724332934245
CA13Nectar= 90.3159161657095
CA410Pollen= 2.25096782213077
CA410Nectar= 138.553259889595
CA1120Pollen= 0.272336303489283
CA1120Nectar= 21.2426900304854
IPollenTrips= 13.0725502129644
INectarTrips= 10.4591864161193
IPollenLoad= 2.87968056276441
INectarLoad= 4.30996331153437
ESoilP= 1.39765512826853
ESoilFoc= 0.0177794178784825
