ICQueenStrength= 3.78923639561981
RQWkrDrnRatio= 2.50270472932607
ICDroneMiteSurvivorship= 10.7875516172498
ICWorkerMiteSurvivorship= 63.2662767777219
ICForagerLifespan= 9.73657528776675
ImmType= Logarithmic
RQQueenStrength= 3.6295317185577
RQEnableReQueen= true
AIAdultSlope= 8.22092026472092
AIAdultLD50= 82.2867755277096
AIAdultSlopeContact= 6.38581994338892
AIAdultLD50Contact= 99.6216516825601
AILarvaSlope= 8.3581674117595
AILarvaLD50= 80.0399213068711
AIKOW= 9791.71226363826
AIKOC= 50199.3130996369
AIHalfLife= 4.0434853292536
EAppRate= 0.454282475282671
FoliarEnabled= true
FoliarAppDate= 06/07/1989
FoliarForageBegin= 06/05/1989
FoliarForageEnd= 06/28/1989
AIContactFactor= 1.44543210476171
CL4Pollen= 2.18559016659856
CL4Nectar= 44.8491090210155
CL5Pollen= 2.28532425547019
CL5Nectar= 51.0713714989834
CLDPollen= 3.43113004323095
CLDNectar= 42.0815379708074
CA13Pollen= 6.37958160955459
CA13Nectar= 91.8094463832676
CA410Pollen= 8.24866593817715
CA410Nectar= 31.324310307391
CA1120Pollen= 0.911348972702399
CA1120Nectar= 20.4336840100586
IPollenTrips= 5.07928802166134
INectarTrips= 14.7038554167375
IPollenLoad= 8.93242960097268
INectarLoad= 0.24094893829897
ESoilP= 1.28050700575113
ESoilFoc= 0.0155131739589851
