ICQueenStrength= 2.81385812815279
RQWkrDrnRatio= 3.21193033643067
ICDroneMiteSurvivorship= 85.3086600312963
ICWorkerMiteSurvivorship= 29.3874068185687
ICForagerLifespan= 10.6599054848775
ImmType= Logarithmic
RQQueenStrength= 4.94472675514407
RQEnableReQueen= true
AIAdultSlope= 1.92190876603127
AIAdultLD50= 26.2294531922191
AIAdultSlopeContact= 1.79852367914282
AIAdultLD50Contact= 13.0410020001871
AILarvaSlope= 4.98652601614594
AILarvaLD50= 41.1122377578686
AIKOW= 63953.7157681218
AIKOC= 95214.0877850866
AIHalfLife= 4.1591963599436
EAppRate= 9.76478132087667
FoliarEnabled= true
FoliarAppDate= 06/07/1989
FoliarForageBegin= 06/05/1989
FoliarForageEnd= 06/28/1989
AIContactFactor= 0.765060969740152
CL4Pollen= 3.35052485857159
CL4Nectar= 18.1708210613579
CL5Pollen= 3.25043593626469
CL5Nectar= 15.6809427193366
CLDPollen= 3.95068599516526
CLDNectar= 57.2333242977038
CA13Pollen= 7.13902214709669
CA13Nectar= 29.0560071356595
CA410Pollen= 5.93896624653135
CA410Nectar= 33.2544419541955
CA1120Pollen= 2.59388012741692
CA1120Nectar= 61.3702692463994
IPollenTrips= 8.42073404928669
INectarTrips= 9.09764592535794
IPollenLoad= 6.68758091051131
INectarLoad= 7.08269018679857
