ICQueenStrength= 4.87208907166496
RQWkrDrnRatio= 3.22467714827508
ICDroneMiteSurvivorship= 44.3662730045617
ICWorkerMiteSurvivorship= 65.5273391865194
ICForagerLifespan= 5.41503094043583
ImmType= Tangent
RQQueenStrength= 3.32822436722927
RQEnableReQueen= true
AIAdultSlope= 8.9926236346364
AIAdultLD50= 60.3631402149771
AIAdultSlopeContact= 1.58300300478004
AIAdultLD50Contact= 99.4110557006714
AILarvaSlope= 7.7492300607264
AILarvaLD50= 32.0092237346822
AIKOW= 56042.7191153891
AIKOC= 25273.9577999266
AIHalfLife= 4.52759712140541
EAppRate= 6.5618460447439
FoliarEnabled= true
FoliarAppDate= 06/07/1989
FoliarForageBegin= 06/05/1989
FoliarForageEnd= 06/28/1989
AIContactFactor= 0.545771500482224
CL4Pollen= 3.0851158471778
CL4Nectar= 0.5821677390486
CL5Pollen= 2.61961627844721
CL5Nectar= 25.6463487516157
CLDPollen= 0.141398803330958
CLDNectar= 72.3315037437715
CA13Pollen= 6.4639871481806
CA13Nectar= 23.532406501472
CA410Pollen= 6.05828769127838
CA410Nectar= 173.268513320945
CA1120Pollen= 0.0815736022777855
CA1120Nectar= 58.8479153439403
IPollenTrips= 14.775354010053
INectarTrips= 11.3073275377974
IPollenLoad= 6.14396567456424
INectarLoad= 9.99965484021232
ESoilP= 1.96039705025032
ESoilFoc= 0.0161180633788463
