ICQueenStrength= 3.27102504950017
RQWkrDrnRatio= 1.13100264593959
ICDroneMiteSurvivorship= 30.679424200207
ICWorkerMiteSurvivorship= 39.8076686775312
ICForagerLifespan= 7.84994605928659
ImmType= Cosine
RQQueenStrength= 4.26836223341525
RQEnableReQueen=true
AIAdultSlope= 1.72395602799952
AIAdultLD50= 0.478801813659957
AIAdultSlopeContact= 8.31685427925549
AIAdultLD50Contact= 84.9476886909252
AILarvaSlope= 8.38169089891016
AILarvaLD50= 14.7171366046465
AIKOW= 16468.9866537928
AIKOC= 15239.3385952087
AIHalfLife= 17.5157302711392
EAppRate= 2.33508246397902
FoliarEnabled=true
FoliarAppDate= 07/01/1989
FoliarForageBegin= 07/01/1989
FoliarForageEnd= 07/14/1989
AIContactFactor= 0.884718341608532
CL4Pollen= 0.0606343392282724
CL4Nectar= 84.5759272808209
CL5Pollen= 0.972395407967269
CL5Nectar= 58.664403995499
CLDPollen= 0.146371509879827
CLDNectar= 73.4212083276361
CA13Pollen= 4.18348474735394
CA13Nectar= 98.7606284208596
CA410Pollen= 5.04042707679328
CA410Nectar= 119.38878452871
CA1120Pollen= 2.38941733678803
CA1120Nectar= 76.8046876229346
IPollenTrips= 5.10961722116917
INectarTrips= 13.202444917988
IPollenLoad= 5.64431257313117
INectarLoad= 6.14353815093637
