ICQueenStrength= 5.47227193741128
RQWkrDrnRatio= 3.5832858690992
ICDroneMiteSurvivorship= 40.7874361611903
ICWorkerMiteSurvivorship= 27.1793983178213
ICForagerLifespan= 12.9186922255903
ImmType= Polynomial
RQQueenStrength= 4.69617311633192
RQEnableReQueen= true
AIAdultSlope= 2.70437349006534
AIAdultLD50= 68.6516495223308
AIAdultSlopeContact= 1.40444240579382
AIAdultLD50Contact= 18.6178846681006
AILarvaSlope= 7.20309221930802
AILarvaLD50= 22.3529247217437
AIKOW= 77684.0456725635
AIKOC= 88617.5812399136
AIHalfLife= 34.4148586910451
EAppRate= 0.671420522284927
FoliarEnabled= true
FoliarAppDate= 06/07/1989
FoliarForageBegin= 06/05/1989
FoliarForageEnd= 06/28/1989
AIContactFactor= 1.36772576081566
CL4Pollen= 0.298963406123221
CL4Nectar= 33.4148135967553
CL5Pollen= 3.05521426862106
CL5Nectar= 141.257693502121
CLDPollen= 3.26265986356884
CLDNectar= 144.485285156406
CA13Pollen= 5.24821266792715
CA13Nectar= 94.9597457423806
CA410Pollen= 9.17338225571439
CA410Nectar= 156.621697726659
CA1120Pollen= 2.6223327848129
CA1120Nectar= 84.4717810116708
IPollenTrips= 9.27000527037308
INectarTrips= 14.9201175989583
IPollenLoad= 8.62670001108199
INectarLoad= 6.84799804585055
ESoilP= 1.07983699371107
ESoilFoc= 0.0154587667151354
