ICQueenStrength= 3.43350979289971
RQWkrDrnRatio= 2.85300937574357
ICDroneMiteSurvivorship= 52.596571133472
ICWorkerMiteSurvivorship= 80.4685542127118
ICForagerLifespan= 15.6623950451612
ImmType= Cosine
RQQueenStrength= 1.11570742586628
RQEnableReQueen= true
AIAdultSlope= 6.82340239547193
AIAdultLD50= 68.60944277785
AIAdultSlopeContact= 9.14264808013104
AIAdultLD50Contact= 23.6064971212242
AILarvaSlope= 6.41143277660012
AILarvaLD50= 7.6996047076385
AIKOW= 32542.018283388
AIKOC= 94127.8445324113
AIHalfLife= 26.5178652125178
EAppRate= 5.16150890242658
FoliarEnabled= true
FoliarAppDate= 06/07/1989
FoliarForageBegin= 06/05/1989
FoliarForageEnd= 06/28/1989
AIContactFactor= 0.297375178313814
CL4Pollen= 0.432827464304864
CL4Nectar= 72.1082917647436
CL5Pollen= 5.27135686157271
CL5Nectar= 79.9212731304578
CLDPollen= 5.07379051716998
CLDNectar= 137.921035476029
CA13Pollen= 2.90176549721509
CA13Nectar= 93.7939488515258
CA410Pollen= 5.64933600916993
CA410Nectar= 109.686586642638
CA1120Pollen= 2.11640290590003
CA1120Nectar= 94.5568899437785
IPollenTrips= 11.6357800853439
INectarTrips= 7.62421280378476
IPollenLoad= 0.178751493804157
INectarLoad= 1.55012069502845
ESoilP= 1.7179798623547
ESoilFoc= 0.019430853351485
