ICQueenStrength= 2.98007070226595
RQWkrDrnRatio= 4.8455922678113
ICDroneMiteSurvivorship= 17.3820224124938
ICWorkerMiteSurvivorship= 88.5372031247243
ICForagerLifespan= 8.43141277506948
ImmType= Cosine
RQQueenStrength= 2.6400501690805
RQEnableReQueen= true
AIAdultSlope= 3.43353147059679
AIAdultLD50= 62.4509788663837
AIAdultSlopeContact= 8.09183628414758
AIAdultLD50Contact= 41.7769110499965
AILarvaSlope= 2.20337493158877
AILarvaLD50= 68.1391903257556
AIKOW= 43053.0575938821
AIKOC= 88225.0394755418
AIHalfLife= 13.4289966751821
EAppRate= 7.79595566785545
FoliarEnabled= true
FoliarAppDate= 06/07/1989
FoliarForageBegin= 06/05/1989
FoliarForageEnd= 06/28/1989
AIContactFactor= 0.810114116454497
CL4Pollen= 3.28731419052929
CL4Nectar= 0.639559957198799
CL5Pollen= 2.88339018356055
CL5Nectar= 58.4758431301452
CLDPollen= 5.31728348694742
CLDNectar= 128.173966880422
CA13Pollen= 3.41398048754782
CA13Nectar= 89.431479293853
CA410Pollen= 7.27367800625507
CA410Nectar= 83.3595711318776
CA1120Pollen= 0.250597931910306
CA1120Nectar= 73.3027040585876
IPollenTrips= 11.5052182669751
INectarTrips= 6.54292193474248
IPollenLoad= 0.412054497282952
INectarLoad= 4.08089566975832
ESoilP= 1.35117702139542
ESoilFoc= 0.0140253894217312
