ICQueenStrength= 4.06665662908927
RQWkrDrnRatio= 4.03675132337958
ICDroneMiteSurvivorship= 38.3078983286396
ICWorkerMiteSurvivorship= 14.8795799352229
ICForagerLifespan= 13.6038981806487
ImmType= Tangent
RQQueenStrength= 4.18447671364993
RQEnableReQueen= true
AIAdultSlope= 1.68366513773799
AIAdultLD50= 57.927253103999
AIAdultSlopeContact= 9.39688358549029
AIAdultLD50Contact= 64.7998520289459
AILarvaSlope= 4.47688095457852
AILarvaLD50= 99.8779130502713
AIKOW= 83981.3682436828
AIKOC= 35139.9263243214
AIHalfLife= 20.6751043417025
EAppRate= 8.18976525162836
FoliarEnabled= true
FoliarAppDate= 06/07/1989
FoliarForageBegin= 06/05/1989
FoliarForageEnd= 06/28/1989
AIContactFactor= 2.22295944494661
CL4Pollen= 1.93965866975486
CL4Nectar= 34.3484427547082
CL5Pollen= 3.64280941849574
CL5Nectar= 60.7372217928059
CLDPollen= 0.603633428458124
CLDNectar= 86.6695170407183
CA13Pollen= 3.30550065198913
CA13Nectar= 53.5445303656161
CA410Pollen= 9.23961238989141
CA410Nectar= 69.3763268459588
CA1120Pollen= 1.42325350572355
CA1120Nectar= 25.6116311252117
IPollenTrips= 13.9061633427627
INectarTrips= 13.0649801762775
IPollenLoad= 2.91092344559729
INectarLoad= 0.27478453470394
ESoilP= 1.32024574512616
ESoilFoc= 0.0111641065315343
