ICQueenStrength= 1.16494011855684
RQWkrDrnRatio= 3.88548761233687
ICDroneMiteSurvivorship= 77.1448245504871
ICWorkerMiteSurvivorship= 16.9746033381671
ICForagerLifespan= 4.66463430318981
ImmType= Polynomial
RQQueenStrength= 4.3901843347121
RQEnableReQueen= true
AIAdultSlope= 2.71057190001011
AIAdultLD50= 58.1217562022763
AIAdultSlopeContact= 4.12785822711885
AIAdultLD50Contact= 88.3311941931967
AILarvaSlope= 3.85449156165123
AILarvaLD50= 81.5538557860497
AIKOW= 19081.6547847744
AIKOC= 1710.89245175011
AIHalfLife= 32.0525973860873
EAppRate= 2.30222236853279
FoliarEnabled= true
FoliarAppDate= 06/07/1989
FoliarForageBegin= 06/05/1989
FoliarForageEnd= 06/28/1989
AIContactFactor= 1.27106114704162
CL4Pollen= 3.99093065597117
CL4Nectar= 70.2856934862211
CL5Pollen= 0.561381686478853
CL5Nectar= 70.4551222734153
CLDPollen= 0.198680831585079
CLDNectar= 39.7680687834509
CA13Pollen= 5.914447371196
CA13Nectar= 58.9726201072335
CA410Pollen= 3.92549680734519
CA410Nectar= 25.8705991087481
CA1120Pollen= 0.25183476973325
CA1120Nectar= 93.1132514029741
IPollenTrips= 5.9153352631256
INectarTrips= 8.72161014238372
IPollenLoad= 2.99914413597435
INectarLoad= 7.16373139061034
