ICQueenStrength= 2.24684681836516
RQWkrDrnRatio= 2.2273667100817
ICDroneMiteSurvivorship= 39.5979126449674
ICWorkerMiteSurvivorship= 8.66558346897364
ICForagerLifespan= 14.8475717445835
ImmType= Tangent
RQQueenStrength= 3.12441753316671
RQEnableReQueen=true
AIAdultSlope= 5.73177239857614
AIAdultLD50= 0.164935398222879
AIAdultSlopeContact= 8.89078047079965
AIAdultLD50Contact= 65.3698555818412
AILarvaSlope= 2.04963942244649
AILarvaLD50= 71.7346754387454
AIKOW= 79513.3021657752
AIKOC= 62155.5740064881
AIHalfLife= 23.4500854877057
EAppRate= 9.04797261430463
FoliarEnabled=true
FoliarAppDate= 07/01/1989
FoliarForageBegin= 07/01/1989
FoliarForageEnd= 07/14/1989
AIContactFactor= 1.5552899369318
CL4Pollen= 2.64932726509869
CL4Nectar= 12.5623181695119
CL5Pollen= 1.48036219971254
CL5Nectar= 5.77343248296529
CLDPollen= 0.892348678316921
CLDNectar= 146.184741833713
CA13Pollen= 3.46459181727842
CA13Nectar= 62.8758689947426
CA410Pollen= 7.2610902918037
CA410Nectar= 55.0424907682464
CA1120Pollen= 1.46490145800635
CA1120Nectar= 91.8785507231951
IPollenTrips= 5.08991708280519
INectarTrips= 14.2750288080424
IPollenLoad= 7.46275817044079
INectarLoad= 7.9993388406001
