ICQueenStrength= 5.18840163503774
RQWkrDrnRatio= 1.73580798134208
ICDroneMiteSurvivorship= 31.3010844867676
ICWorkerMiteSurvivorship= 41.1379298660904
ICForagerLifespan= 14.5316024459898
ImmType= Exponential
RQQueenStrength= 5.48443550034426
RQEnableReQueen= true
AIAdultSlope= 5.2142265625298
AIAdultLD50= 35.6650125222057
AIAdultSlopeContact= 2.81721291248687
AIAdultLD50Contact= 22.386651393323
AILarvaSlope= 3.79884776845574
AILarvaLD50= 74.2806756048505
AIKOW= 39738.8527360671
AIKOC= 5604.10814667749
AIHalfLife= 34.3617112256121
EAppRate= 1.71872179899784
FoliarEnabled= true
FoliarAppDate= 06/07/1989
FoliarForageBegin= 06/05/1989
FoliarForageEnd= 06/28/1989
AIContactFactor= 2.37756417977624
CL4Pollen= 0.409788648597896
CL4Nectar= 68.0708875879645
CL5Pollen= 2.24075076403096
CL5Nectar= 100.948685395997
CLDPollen= 5.98224748671055
CLDNectar= 79.9825881840661
CA13Pollen= 6.91957505960017
CA13Nectar= 53.0990621633828
CA410Pollen= 5.0104972041212
CA410Nectar= 145.879818880931
CA1120Pollen= 1.99065210716799
CA1120Nectar= 91.4679732732475
IPollenTrips= 6.75826117629185
INectarTrips= 6.22669291682541
IPollenLoad= 7.56838580826297
INectarLoad= 1.9389665289782
