ICQueenStrength= 2.1884927097708
RQWkrDrnRatio= 3.77695801202208
ICDroneMiteSurvivorship= 50.3273332724348
ICWorkerMiteSurvivorship= 98.6861460609362
ICForagerLifespan= 7.94379706401378
ImmType= Polynomial
RQQueenStrength= 5.85205788630992
RQEnableReQueen= true
AIAdultSlope= 1.58967547491193
AIAdultLD50= 76.2975425047283
AIAdultSlopeContact= 1.58911355258897
AIAdultLD50Contact= 93.4420245852591
AILarvaSlope= 7.31304903328419
AILarvaLD50= 87.0458594946335
AIKOW= 95229.6054337334
AIKOC= 99342.8857119582
AIHalfLife= 20.6020045284182
EAppRate= 4.04387514153193
FoliarEnabled= true
FoliarAppDate= 06/07/1989
FoliarForageBegin= 06/05/1989
FoliarForageEnd= 06/28/1989
AIContactFactor= 1.76890801273286
CL4Pollen= 3.83832647651434
CL4Nectar= 94.536441960372
CL5Pollen= 2.93608066113666
CL5Nectar= 97.9882356827147
CLDPollen= 5.53728281054646
CLDNectar= 92.1989724389277
CA13Pollen= 3.95650685932487
CA13Nectar= 62.9136274568737
CA410Pollen= 8.8861531655537
CA410Nectar= 108.747318913229
CA1120Pollen= 1.60317265475169
CA1120Nectar= 32.3193111084402
IPollenTrips= 7.38566687330604
INectarTrips= 6.36478983797133
IPollenLoad= 3.90375273069367
INectarLoad= 4.62227761046961
ESoilP= 1.38399508176371
ESoilFoc= 0.0130479175518267
