ICQueenStrength= 1.1074835692998
RQWkrDrnRatio= 2.657649487257
ICDroneMiteSurvivorship= 6.15011912304908
ICWorkerMiteSurvivorship= 5.1177519839257
ICForagerLifespan= 6.94440661929548
ImmType= Sine
RQQueenStrength= 5.73388126352802
RQEnableReQueen= true
AIAdultSlope= 1.57072944939137
AIAdultLD50= 0.590724698411999
AIAdultSlopeContact= 9.77667335770093
AIAdultLD50Contact= 65.7123869416523
AILarvaSlope= 1.72472984157503
AILarvaLD50= 7.21619983057585
AIKOW= 98967.8992524939
AIKOC= 49422.0376081455
AIHalfLife= 3.55153171147685
EAppRate= 8.84399716721173
FoliarEnabled= true
FoliarAppDate= 09/01/1989
FoliarForageBegin= 09/01/1989
FoliarForageEnd= 09/08/1989
AIContactFactor= 1.62782162581105
CL4Pollen= 3.66230425797403
CL4Nectar= 0.000753812491893768
CL5Pollen= 2.77721554599702
CL5Nectar= 148.443754774053
CLDPollen= 1.57624403340742
CLDNectar= 123.607152106706
CA13Pollen= 4.71419895840809
CA13Nectar= 28.1579622812569
CA410Pollen= 4.02734356429428
CA410Nectar= 96.693355217576
CA1120Pollen= 0.740812916541472
CA1120Nectar= 35.3279762156308
IPollenTrips= 6.52000221190974
INectarTrips= 13.5959935560822
IPollenLoad= 9.79854146484286
INectarLoad= 3.72937819221988
