ICQueenStrength= 5.68325402820483
RQWkrDrnRatio= 1.74329090025276
ICDroneMiteSurvivorship= 41.4870755746961
ICWorkerMiteSurvivorship= 17.4927819520235
ICForagerLifespan= 8.09693698305637
ImmType= Tangent
RQQueenStrength= 3.59069364750758
RQEnableReQueen= true
AIAdultSlope= 6.20039524510503
AIAdultLD50= 43.528084334583
AIAdultSlopeContact= 5.51682119932957
AIAdultLD50Contact= 33.5215742595487
AILarvaSlope= 7.8780024163425
AILarvaLD50= 55.8286538496248
AIKOW= 81187.7668788176
AIKOC= 21377.1393894961
AIHalfLife= 0.600687110656872
EAppRate= 7.02120363508538
FoliarEnabled= true
FoliarAppDate= 06/07/1989
FoliarForageBegin= 06/05/1989
FoliarForageEnd= 06/28/1989
AIContactFactor= 1.38556704527698
CL4Pollen= 1.33500020764768
CL4Nectar= 13.2460331777111
CL5Pollen= 0.823798337951303
CL5Nectar= 62.297943548765
CLDPollen= 0.91670430265367
CLDNectar= 89.7494089091197
CA13Pollen= 3.56909180926159
CA13Nectar= 22.6227534934878
CA410Pollen= 2.52917798680719
CA410Nectar= 63.8339408533648
CA1120Pollen= 2.53544005821459
CA1120Nectar= 79.5996536128223
IPollenTrips= 9.71947068814188
INectarTrips= 13.2902714679949
IPollenLoad= 9.91288788616657
INectarLoad= 2.47480263002217
ESoilP= 1.17598100122996
ESoilFoc= 0.00864227436459623
