ICQueenStrength= 4.28739189892076
RQWkrDrnRatio= 2.2050600470975
ICDroneMiteSurvivorship= 77.1884385496378
ICWorkerMiteSurvivorship= 21.4677992044017
ICForagerLifespan= 14.1963351592422
ImmType= Polynomial
RQQueenStrength= 4.18488001357764
RQEnableReQueen= true
AIAdultSlope= 4.65913969278336
AIAdultLD50= 38.2646805695945
AIAdultSlopeContact= 7.09386420901865
AIAdultLD50Contact= 40.4566528258989
AILarvaSlope= 3.13404188863933
AILarvaLD50= 88.2862946728347
AIKOW= 74450.9454987097
AIKOC= 82489.911504112
AIHalfLife= 12.4489300371381
EAppRate= 5.74575193653978
FoliarEnabled= true
FoliarAppDate= 06/07/1989
FoliarForageBegin= 06/05/1989
FoliarForageEnd= 06/28/1989
AIContactFactor= 1.84584733796772
CL4Pollen= 3.90810405928642
CL4Nectar= 69.5022848900408
CL5Pollen= 4.47276155557483
CL5Nectar= 53.3802139456384
CLDPollen= 1.84509692201391
CLDNectar= 137.227917392738
CA13Pollen= 3.3216348153539
CA13Nectar= 98.9287977851927
CA410Pollen= 3.26168787747156
CA410Nectar= 103.161509297788
CA1120Pollen= 2.45197158074006
CA1120Nectar= 59.6855617873371
IPollenTrips= 7.91478732367977
INectarTrips= 13.1143918610178
IPollenLoad= 3.19642157061026
INectarLoad= 6.88295909902081
ESoilP= 1.25795396580361
ESoilFoc= 0.00907585181342438
