ICQueenStrength= 1.50969548057765
RQWkrDrnRatio= 3.38560328539461
ICDroneMiteSurvivorship= 70.6172574777156
ICWorkerMiteSurvivorship= 49.331901082769
ICForagerLifespan= 12.3813045080751
ImmType= Sine
RQQueenStrength= 3.25956900045276
RQEnableReQueen= true
AIAdultSlope= 7.2359440792352
AIAdultLD50= 7.90283165006363
AIAdultSlopeContact= 4.75688046612777
AIAdultLD50Contact= 57.4165872675227
AILarvaSlope= 3.17467143945396
AILarvaLD50= 97.713212044392
AIKOW= 78947.2764688723
AIKOC= 47369.8486737888
AIHalfLife= 30.2721145808697
EAppRate= 3.99614929271233
FoliarEnabled= true
FoliarAppDate= 06/07/1989
FoliarForageBegin= 06/05/1989
FoliarForageEnd= 06/28/1989
AIContactFactor= 1.87045989258215
CL4Pollen= 3.2589071188122
CL4Nectar= 79.8228740692139
CL5Pollen= 1.27333368407562
CL5Nectar= 9.60397449089214
CLDPollen= 2.04264089372009
CLDNectar= 121.398440399207
CA13Pollen= 3.82986467592418
CA13Nectar= 71.1497606523335
CA410Pollen= 7.38472520597279
CA410Nectar= 178.038902184926
CA1120Pollen= 1.50529473577626
CA1120Nectar= 57.4589578807354
IPollenTrips= 6.97759962640703
INectarTrips= 12.3309290385805
IPollenLoad= 1.01283170282841
INectarLoad= 0.08840536698699
ESoilP= 1.2784804769326
ESoilFoc= 0.00420374377607368
