ICQueenStrength= 2.17820567684248
RQWkrDrnRatio= 1.82922479230911
ICDroneMiteSurvivorship= 88.4393552783877
ICWorkerMiteSurvivorship= 89.1145769972354
ICForagerLifespan= 14.1981732128188
ImmType= Cosine
RQQueenStrength= 1.58547850116156
RQEnableReQueen= true
AIAdultSlope= 3.54901812970638
AIAdultLD50= 16.0941067074225
AIAdultSlopeContact= 1.48258204641752
AIAdultLD50Contact= 98.8827235268287
AILarvaSlope= 2.14317959547043
AILarvaLD50= 12.2428083280972
AIKOW= 44336.3088665939
AIKOC= 774.494103539037
AIHalfLife= 21.788721978059
EAppRate= 0.0486566421755124
FoliarEnabled= true
FoliarAppDate= 06/07/1989
FoliarForageBegin= 06/05/1989
FoliarForageEnd= 06/28/1989
AIContactFactor= 0.619708163123578
CL4Pollen= 3.54344626888633
CL4Nectar= 66.0295644542202
CL5Pollen= 2.31679721362889
CL5Nectar= 81.3343869522214
CLDPollen= 5.8645084714517
CLDNectar= 15.1964098331518
CA13Pollen= 7.86079859156161
CA13Nectar= 54.3794720806181
CA410Pollen= 9.31532260570675
CA410Nectar= 26.2172265117988
CA1120Pollen= 0.198895992944017
CA1120Nectar= 60.0524364411831
IPollenTrips= 9.20520854182541
INectarTrips= 7.77581658447161
IPollenLoad= 5.23603785317391
INectarLoad= 3.66470675682649
