ICQueenStrength= 2.69965812936425
RQWkrDrnRatio= 2.51687197666615
ICDroneMiteSurvivorship= 71.951366122812
ICWorkerMiteSurvivorship= 50.5818686680868
ICForagerLifespan= 11.6797014717013
ImmType= Logarithmic
RQQueenStrength= 3.0439317135606
RQEnableReQueen= true
AIAdultSlope= 8.88427333720028
AIAdultLD50= 25.4598076243186
AIAdultSlopeContact= 2.13970411708578
AIAdultLD50Contact= 47.5448713761636
AILarvaSlope= 5.77852400764823
AILarvaLD50= 75.8514460136341
AIKOW= 33620.4325337452
AIKOC= 43478.9541374685
AIHalfLife= 34.4385494952323
EAppRate= 2.06599262566702
FoliarEnabled= true
FoliarAppDate= 06/07/1989
FoliarForageBegin= 06/05/1989
FoliarForageEnd= 06/28/1989
AIContactFactor= 2.03204358228482
CL4Pollen= 0.669210546649992
CL4Nectar= 18.1681467453018
CL5Pollen= 3.45033580809832
CL5Nectar= 124.623360740952
CLDPollen= 2.09029556298628
CLDNectar= 142.954240785912
CA13Pollen= 2.87051644483581
CA13Nectar= 34.1074989177287
CA410Pollen= 6.79163694046438
CA410Nectar= 85.4451623978093
CA1120Pollen= 2.27427728637122
CA1120Nectar= 48.9470091462135
IPollenTrips= 14.9721376504749
INectarTrips= 13.5436452995054
IPollenLoad= 2.55017088726163
INectarLoad= 8.00122723449022
ESoilP= 1.30197009677067
ESoilFoc= 0.00274475923343562
