ICQueenStrength= 4.52642111363821
RQWkrDrnRatio= 4.77814410161227
ICDroneMiteSurvivorship= 14.1602024203166
ICWorkerMiteSurvivorship= 26.4763524290174
ICForagerLifespan= 14.8752824673429
ImmType= Exponential
RQQueenStrength= 1.78803522512317
RQEnableReQueen= true
AIAdultSlope= 7.33418913558125
AIAdultLD50= 39.5880570633195
AIAdultSlopeContact= 8.5328262289986
AIAdultLD50Contact= 45.2506991308373
AILarvaSlope= 2.8890700545162
AILarvaLD50= 63.0059557496549
AIKOW= 11845.9964315081
AIKOC= 67938.4996287352
AIHalfLife= 19.5725262810243
EAppRate= 1.75444764828961
FoliarEnabled= true
FoliarAppDate= 06/07/1989
FoliarForageBegin= 06/05/1989
FoliarForageEnd= 06/28/1989
AIContactFactor= 1.5921988771949
CL4Pollen= 2.84689435642213
CL4Nectar= 52.4731610668823
CL5Pollen= 1.02677241386846
CL5Nectar= 119.311177509371
CLDPollen= 4.14435710152611
CLDNectar= 104.002023150679
CA13Pollen= 3.87420019255951
CA13Nectar= 50.5472712218761
CA410Pollen= 3.58670357654337
CA410Nectar= 184.064870178699
CA1120Pollen= 2.89105159370229
CA1120Nectar= 31.0449346154928
IPollenTrips= 14.4901186879724
INectarTrips= 12.9283145931549
IPollenLoad= 8.52267661131918
INectarLoad= 1.65796399582177
