ICQueenStrength= 1.28207377763465
RQWkrDrnRatio= 2.53695754520595
ICDroneMiteSurvivorship= 3.14053567126393
ICWorkerMiteSurvivorship= 73.2026107842103
ICForagerLifespan= 14.9104098780081
ImmType= Sine
RQQueenStrength= 2.84341301908717
RQEnableReQueen= true
AIAdultSlope= 8.75060490705073
AIAdultLD50= 44.187521830121
AIAdultSlopeContact= 3.47788954712451
AIAdultLD50Contact= 34.9119236784864
AILarvaSlope= 6.59892341122031
AILarvaLD50= 57.4776770868632
AIKOW= 63548.3945617096
AIKOC= 53838.8525894869
AIHalfLife= 19.7907263178146
EAppRate= 2.68952366655949
FoliarEnabled= true
FoliarAppDate= 06/07/1989
FoliarForageBegin= 06/05/1989
FoliarForageEnd= 06/28/1989
AIContactFactor= 0.625232338905334
CL4Pollen= 2.58580516651273
CL4Nectar= 42.8712289081886
CL5Pollen= 2.46141687221825
CL5Nectar= 125.252129312139
CLDPollen= 4.91514647612348
CLDNectar= 6.84556842315942
CA13Pollen= 5.65964850485325
CA13Nectar= 81.2147629633546
CA410Pollen= 5.79142094105482
CA410Nectar= 177.45481244754
CA1120Pollen= 0.510137034812942
CA1120Nectar= 64.4671532325447
IPollenTrips= 10.3237679717131
INectarTrips= 5.13553003082052
IPollenLoad= 5.12433255556971
INectarLoad= 1.90079112770036
ESoilP= 1.1798042410519
ESoilFoc= 0.0170562928144354
