ICQueenStrength= 5.73288136767223
RQWkrDrnRatio= 1.71826144121587
ICDroneMiteSurvivorship= 8.69706943631172
ICWorkerMiteSurvivorship= 54.198980354704
ICForagerLifespan= 9.25056664180011
ImmType= Sine
AIAdultSlope= 3.92383344265865
AIAdultLD50= 0.0265299906022847
AIAdultSlopeContact= 3.25459283480421
AIAdultLD50Contact= 0.00431301828939468
AILarvaSlope= 1.72351674651727
AILarvaLD50= 0.179883704613894
AIKOW= 2.13408761657774
AIKOC= 18.4822995809373
AIHalfLife= 1.0820610271534
EAppRate= 9.11607237532735
FoliarEnabled= true
