ICQueenStrength= 1.76771732978523
RQWkrDrnRatio= 1.75468046683818
ICDroneMiteSurvivorship= 82.6850813347846
ICWorkerMiteSurvivorship= 14.4478322006762
ICForagerLifespan= 9.67419870104641
ImmType= Sine
RQQueenStrength= 4.26837668474764
RQEnableReQueen=true
AIAdultSlope= 7.36318228952587
AIAdultLD50= 0.587132944149896
AIAdultSlopeContact= 2.87771126627922
AIAdultLD50Contact= 50.1951661479466
AILarvaSlope= 7.9148859642446
AILarvaLD50= 48.1115458333918
AIKOW= 99360.2499539895
AIKOC= 9350.97382985102
AIHalfLife= 4.36808594842441
EAppRate= 7.63235510732932
FoliarEnabled=true
FoliarAppDate= 07/01/1989
FoliarForageBegin= 07/01/1989
FoliarForageEnd= 07/14/1989
AIContactFactor= 2.20179987363983
CL4Pollen= 3.93488188460469
CL4Nectar= 16.0216339165345
CL5Pollen= 2.02490118099377
CL5Nectar= 120.7255559857
CLDPollen= 3.5918151489459
CLDNectar= 96.7154604499228
CA13Pollen= 2.67138687269762
CA13Nectar= 53.113171774894
CA410Pollen= 8.2525107950205
CA410Nectar= 122.728934888728
CA1120Pollen= 1.26358052249998
CA1120Nectar= 61.5069881267846
IPollenTrips= 14.1227261140011
INectarTrips= 11.6956726741046
IPollenLoad= 3.28886257950217
INectarLoad= 7.12929715868086
