ICQueenStrength= 4.65764365764335
RQWkrDrnRatio= 3.43963939137757
ICDroneMiteSurvivorship= 4.80002472177148
ICWorkerMiteSurvivorship= 53.460923791863
ICForagerLifespan= 13.0523150647059
ImmType= Exponential
RQQueenStrength= 2.01615602499805
RQEnableReQueen= true
AIAdultSlope= 2.53717975690961
AIAdultLD50= 7.03623509109672
AIAdultSlopeContact= 1.8595982468687
AIAdultLD50Contact= 47.7349108296761
AILarvaSlope= 4.23095746152103
AILarvaLD50= 98.636314335847
AIKOW= 59093.0208026933
AIKOC= 43612.2374982054
AIHalfLife= 4.27026360759046
EAppRate= 8.17052319945907
FoliarEnabled= true
FoliarAppDate= 06/07/1989
FoliarForageBegin= 06/05/1989
FoliarForageEnd= 06/28/1989
AIContactFactor= 2.24983895195648
CL4Pollen= 0.530757062137127
CL4Nectar= 25.1400808570907
CL5Pollen= 0.474626453127712
CL5Nectar= 85.5125893140212
CLDPollen= 2.69494881061837
CLDNectar= 22.2724482882768
CA13Pollen= 6.13948963470757
CA13Nectar= 20.5252314731479
CA410Pollen= 8.42360434276052
CA410Nectar= 174.919192190282
CA1120Pollen= 0.290924846660346
CA1120Nectar= 71.5639494918287
IPollenTrips= 8.45471101114526
INectarTrips= 9.61193407420069
IPollenLoad= 3.30567058874294
INectarLoad= 9.85005780821666
ESoilP= 1.09976340993308
ESoilFoc= 0.0168185350990389
