ICQueenStrength= 3.55764309200458
RQWkrDrnRatio= 1.91599109303206
ICDroneMiteSurvivorship= 45.9615447558463
ICWorkerMiteSurvivorship= 3.77618847414851
ICForagerLifespan= 4.5471467114985
ImmType= Exponential
RQQueenStrength= 4.34575306624174
RQEnableReQueen= true
AIAdultSlope= 5.72221009247005
AIAdultLD50= 31.7040424836737
AIAdultSlopeContact= 6.28860121779144
AIAdultLD50Contact= 62.5756647388996
AILarvaSlope= 7.258669603616
AILarvaLD50= 86.6508731027991
AIKOW= 89252.5371666999
AIKOC= 67951.089074837
AIHalfLife= 14.3511932039633
EAppRate= 8.70451062081801
FoliarEnabled= true
FoliarAppDate= 06/07/1989
FoliarForageBegin= 06/05/1989
FoliarForageEnd= 06/28/1989
AIContactFactor= 1.44903943581041
CL4Pollen= 1.56460364628583
CL4Nectar= 4.33344407938421
CL5Pollen= 2.73280336288735
CL5Nectar= 99.8800385277718
CLDPollen= 1.101318128407
CLDNectar= 10.8750969870016
CA13Pollen= 6.32890657037496
CA13Nectar= 56.3056512735784
CA410Pollen= 5.32124799969606
CA410Nectar= 120.506294644438
CA1120Pollen= 2.49738297541626
CA1120Nectar= 64.5143871195614
IPollenTrips= 11.1632167012431
INectarTrips= 7.95332633890212
IPollenLoad= 6.54145454755053
INectarLoad= 7.13988327421248
