ICQueenStrength= 1.28209098614752
RQWkrDrnRatio= 3.96593977510929
ICDroneMiteSurvivorship= 91.3372070994228
ICWorkerMiteSurvivorship= 2.08059267606586
ICForagerLifespan= 9.85365299601108
ImmType= Tangent
RQQueenStrength= 1.07276843069121
RQEnableReQueen= true
AIAdultSlope= 6.48463191650808
AIAdultLD50= 39.4769920663424
AIAdultSlopeContact= 5.20658968156204
AIAdultLD50Contact= 20.8192100336407
AILarvaSlope= 7.35838016308844
AILarvaLD50= 65.2795941208
AIKOW= 37660.2793519173
AIKOC= 29996.3502362208
AIHalfLife= 11.209838819108
EAppRate= 3.47295134477643
FoliarEnabled= true
FoliarAppDate= 06/07/1989
FoliarForageBegin= 06/05/1989
FoliarForageEnd= 06/28/1989
AIContactFactor= 1.28246402182616
CL4Pollen= 1.61341193597764
CL4Nectar= 62.3452858068049
CL5Pollen= 1.5807150551118
CL5Nectar= 78.3428326947615
CLDPollen= 5.65437486441806
CLDNectar= 89.002572640311
CA13Pollen= 8.05811456013471
CA13Nectar= 66.3259836472571
CA410Pollen= 4.33672656400595
CA410Nectar= 38.2766547473148
CA1120Pollen= 0.384311289293692
CA1120Nectar= 35.6314899399877
IPollenTrips= 14.5111724105664
INectarTrips= 11.5156425535679
IPollenLoad= 7.48942652484402
INectarLoad= 0.163426857907325
ESoilP= 1.91069459030405
ESoilFoc= 0.00396990832313895
