ICQueenStrength= 1.80332381185144
RQWkrDrnRatio= 2.03788854368031
ICDroneMiteSurvivorship= 86.1483719199896
ICWorkerMiteSurvivorship= 82.3122165864334
ICForagerLifespan= 7.99900729954243
ImmType= Exponential
RQQueenStrength= 3.31648018932901
RQEnableReQueen= true
AIAdultSlope= 3.22015379928052
AIAdultLD50= 7.82974437389593
AIAdultSlopeContact= 3.32942297286354
AIAdultLD50Contact= 73.5915052116748
AILarvaSlope= 2.68059038184583
AILarvaLD50= 30.8701302006354
AIKOW= 29249.9899833698
AIKOC= 53836.9352715928
AIHalfLife= 25.8902624282055
EAppRate= 6.79802281695092
FoliarEnabled= true
FoliarAppDate= 06/07/1989
FoliarForageBegin= 06/05/1989
FoliarForageEnd= 06/28/1989
AIContactFactor= 1.98298329317477
CL4Pollen= 0.137911701574922
CL4Nectar= 89.6253194892779
CL5Pollen= 0.808089280966669
CL5Nectar= 24.4501503417268
CLDPollen= 5.04072905424982
CLDNectar= 35.3272403008305
CA13Pollen= 3.90067988615483
CA13Nectar= 76.6228751093149
CA410Pollen= 2.89054234700743
CA410Nectar= 99.6505218371749
CA1120Pollen= 2.99900316819549
CA1120Nectar= 71.5940961427987
IPollenTrips= 5.34008407732472
INectarTrips= 13.0928083928302
IPollenLoad= 8.7648566160351
INectarLoad= 3.4411648940295
