ICQueenStrength= 3.97072669491172
RQWkrDrnRatio= 1.21653532423079
ICDroneMiteSurvivorship= 26.8494776217267
ICWorkerMiteSurvivorship= 89.6357060642913
ICForagerLifespan= 6.63016788195819
ImmType= Polynomial
RQQueenStrength= 1.34205468720756
RQEnableReQueen= true
AIAdultSlope= 4.48588139936328
AIAdultLD50= 89.7644308439326
AIAdultSlopeContact= 9.38320115534589
AIAdultLD50Contact= 3.35759418113902
AILarvaSlope= 5.43154632113874
AILarvaLD50= 60.0458081896957
AIKOW= 63355.5228446342
AIKOC= 78441.9415567114
AIHalfLife= 32.249304498476
EAppRate= 3.87376842311886
FoliarEnabled= true
FoliarAppDate= 06/07/1989
FoliarForageBegin= 06/05/1989
FoliarForageEnd= 06/28/1989
AIContactFactor= 0.821777080199681
CL4Pollen= 3.78364151995629
CL4Nectar= 14.1799044795334
CL5Pollen= 3.19995789974928
CL5Nectar= 86.2753863679245
CLDPollen= 4.94045811519027
CLDNectar= 74.101228674408
CA13Pollen= 6.90163522614166
CA13Nectar= 59.2821227014065
CA410Pollen= 7.78079288825393
CA410Nectar= 43.4228551667184
CA1120Pollen= 2.72069370467216
CA1120Nectar= 75.6450378708541
IPollenTrips= 7.76289586210623
INectarTrips= 12.5168850971386
IPollenLoad= 1.29511844133958
INectarLoad= 3.55165648274124
ESoilP= 1.10308163287118
ESoilFoc= 0.0156533601849806
