ICQueenStrength= 3.02106417855248
RQWkrDrnRatio= 2.90567915793508
ICDroneMiteSurvivorship= 0.12480157893151
ICWorkerMiteSurvivorship= 80.8218460530043
ICForagerLifespan= 14.9340127138421
ImmType= Cosine
RQQueenStrength= 5.05000547412783
RQEnableReQueen= true
AIAdultSlope= 8.03461331315339
AIAdultLD50= 8.86251625238569
AIAdultSlopeContact= 8.613897098694
AIAdultLD50Contact= 77.1220912943881
AILarvaSlope= 4.3869054634124
AILarvaLD50= 0.0817941029511858
AIKOW= 5667.91498924747
AIKOC= 18179.545434403
AIHalfLife= 34.0305280994158
EAppRate= 1.83507898300653
FoliarEnabled= true
FoliarAppDate= 06/07/1989
FoliarForageBegin= 06/05/1989
FoliarForageEnd= 06/28/1989
AIContactFactor= 1.90587078955024
CL4Pollen= 2.09012301079929
CL4Nectar= 89.7687691263855
CL5Pollen= 3.64991585724056
CL5Nectar= 62.2059240820818
CLDPollen= 3.80644368287176
CLDNectar= 57.784340030048
CA13Pollen= 3.84089476875961
CA13Nectar= 85.9192140214145
CA410Pollen= 3.0905294518685
CA410Nectar= 182.332329619676
CA1120Pollen= 2.31030442169867
CA1120Nectar= 68.7765177898109
IPollenTrips= 11.2840211996809
INectarTrips= 13.8203053898178
IPollenLoad= 0.943119074217975
INectarLoad= 7.42830796400085
