ICQueenStrength= 5.95927816955373
RQWkrDrnRatio= 3.96448474097997
ICDroneMiteSurvivorship= 67.9060014430434
ICWorkerMiteSurvivorship= 50.2525929361582
ICForagerLifespan= 9.20398108288646
ImmType= Exponential
RQQueenStrength= 2.23968669213355
RQEnableReQueen= true
AIAdultSlope= 3.01899958960712
AIAdultLD50= 0.437394991028821
AIAdultSlopeContact= 2.74318417417817
AIAdultLD50Contact= 19.8270387334984
AILarvaSlope= 6.61930857598782
AILarvaLD50= 58.9113719204408
AIKOW= 62692.7110188082
AIKOC= 68169.1992180783
AIHalfLife= 27.0087690351764
EAppRate= 4.34938435993483
FoliarEnabled= true
FoliarAppDate= 09/01/1989
FoliarForageBegin= 09/01/1989
FoliarForageEnd= 09/08/1989
AIContactFactor= 0.829121768590994
CL4Pollen= 0.331295995973051
CL4Nectar= 84.6214125398546
CL5Pollen= 3.19848079746589
CL5Nectar= 142.053610319272
CLDPollen= 5.04213768616319
CLDNectar= 118.167161964811
CA13Pollen= 6.67612403146923
CA13Nectar= 63.5251513496041
CA410Pollen= 2.32286527415272
CA410Nectar= 187.595755355433
CA1120Pollen= 2.80102688167244
CA1120Nectar= 79.2789071425796
IPollenTrips= 9.04876067535952
INectarTrips= 8.18944462109357
IPollenLoad= 9.7921817516908
INectarLoad= 5.71987702744082
