ICQueenStrength= 4.55499165249057
RQWkrDrnRatio= 2.02947169914842
ICDroneMiteSurvivorship= 54.1695961263031
ICWorkerMiteSurvivorship= 69.9358851648867
ICForagerLifespan= 7.70320706721395
ImmType= Exponential
RQQueenStrength= 2.55960307223722
RQEnableReQueen= true
AIAdultSlope= 6.87253559753299
AIAdultLD50= 60.5748648554073
AIAdultSlopeContact= 8.88475088588893
AIAdultLD50Contact= 36.7574905213579
AILarvaSlope= 5.51927525736392
AILarvaLD50= 26.3977779361836
AIKOW= 73648.2907826952
AIKOC= 76027.7773974037
AIHalfLife= 23.8978623491013
EAppRate= 2.27324726919713
FoliarEnabled= true
FoliarAppDate= 06/07/1989
FoliarForageBegin= 06/05/1989
FoliarForageEnd= 06/28/1989
AIContactFactor= 0.462987003498711
CL4Pollen= 2.78392221964896
CL4Nectar= 89.5762694999576
CL5Pollen= 2.14718887349591
CL5Nectar= 95.2100812224671
CLDPollen= 2.91464443411678
CLDNectar= 21.355910715647
CA13Pollen= 4.36514112753794
CA13Nectar= 21.496406160295
CA410Pollen= 4.09267989972141
CA410Nectar= 138.497743569314
CA1120Pollen= 1.22962602437474
CA1120Nectar= 72.192877791822
IPollenTrips= 8.7861614744179
INectarTrips= 12.4634878453799
IPollenLoad= 7.06808330025524
INectarLoad= 1.39186976477504
ESoilP= 1.65984413539991
ESoilFoc= 0.00373093503643759
