ICQueenStrength= 1.81420811126009
RQWkrDrnRatio= 2.60118983965367
ICDroneMiteSurvivorship= 27.4081419454888
ICWorkerMiteSurvivorship= 44.834877201356
ICForagerLifespan= 12.5483583696187
ImmType= Exponential
RQQueenStrength= 5.63666187017225
RQEnableReQueen= true
AIAdultSlope= 8.78964165225625
AIAdultLD50= 73.5250331001685
AIAdultSlopeContact= 7.51166139636189
AIAdultLD50Contact= 51.9114652898845
AILarvaSlope= 6.92338791489601
AILarvaLD50= 0.97257377069979
AIKOW= 24593.3240714772
AIKOC= 50809.7366259554
AIHalfLife= 21.4910925930366
EAppRate= 0.54788474659319
FoliarEnabled= true
FoliarAppDate= 06/07/1989
FoliarForageBegin= 06/05/1989
FoliarForageEnd= 06/28/1989
AIContactFactor= 0.793761517512612
CL4Pollen= 1.93645077757537
CL4Nectar= 35.4181305970997
CL5Pollen= 4.58245155913755
CL5Nectar= 139.234295999631
CLDPollen= 0.466421000193805
CLDNectar= 77.5797592825256
CA13Pollen= 6.93531172936782
CA13Nectar= 40.3142954967916
CA410Pollen= 6.20714752005879
CA410Nectar= 27.4848050484434
CA1120Pollen= 1.52997102588415
CA1120Nectar= 92.7193153090775
IPollenTrips= 12.0590983494185
INectarTrips= 13.8745409413241
IPollenLoad= 0.603333576582372
INectarLoad= 8.04734353208914
ESoilP= 1.43164564506151
ESoilFoc= 0.00574826440424658
