ICQueenStrength= 2.05215291725472
RQWkrDrnRatio= 4.68367765843868
ICDroneMiteSurvivorship= 47.0809357706457
ICWorkerMiteSurvivorship= 14.3399029271677
ICForagerLifespan= 6.08377950079739
ImmType= Tangent
RQQueenStrength= 2.44103166065179
RQEnableReQueen= true
AIAdultSlope= 5.8550765607506
AIAdultLD50= 0.107914197412785
AIAdultSlopeContact= 2.54911245685071
AIAdultLD50Contact= 25.1649270006579
AILarvaSlope= 8.29417591355741
AILarvaLD50= 83.8115438576438
AIKOW= 50127.5294274243
AIKOC= 90544.6446753293
AIHalfLife= 13.5690519779222
EAppRate= 7.05752557831164
FoliarEnabled= true
FoliarAppDate= 09/01/1989
FoliarForageBegin= 09/01/1989
FoliarForageEnd= 09/08/1989
AIContactFactor= 0.561828733826987
CL4Pollen= 1.47611640021205
CL4Nectar= 17.4154083477333
CL5Pollen= 2.2613697052002
CL5Nectar= 135.120222077239
CLDPollen= 1.55253319535404
CLDNectar= 52.2166762501001
CA13Pollen= 3.8768557485193
CA13Nectar= 53.026294708252
CA410Pollen= 2.25285247552674
CA410Nectar= 71.9452099734917
CA1120Pollen= 1.83601469686255
CA1120Nectar= 67.7834860607982
IPollenTrips= 11.8166310153902
INectarTrips= 13.8150979718193
IPollenLoad= 1.7420839658007
INectarLoad= 0.399902774952352
