ICQueenStrength= 4.59532708534971
RQWkrDrnRatio= 1.09367382153869
ICDroneMiteSurvivorship= 65.9741659648716
ICWorkerMiteSurvivorship= 22.1747788600624
ICForagerLifespan= 9.51530497707427
ImmType= Logarithmic
AIAdultSlope= 2.44504645003472
AIAdultLD50= 0.0913049117196351
AIAdultSlopeContact= 1.67110821806593
AIAdultLD50Contact= 0.044413528079167
AILarvaSlope= 3.05372679200955
AILarvaLD50= 0.323262743814848
AIKOW= 4.68753102421761
AIKOC= 20.0857994740363
AIHalfLife= 0.562834324198775
EAppRate= 6.06826673494652
FoliarEnabled= true
