ICQueenStrength= 4.03449640749022
RQWkrDrnRatio= 1.55056970566511
ICDroneMiteSurvivorship= 59.3728391919285
ICWorkerMiteSurvivorship= 37.0631350437179
ICForagerLifespan= 14.0115598198026
ImmType= Tangent
RQQueenStrength= 4.30759025644511
RQEnableReQueen= true
AIAdultSlope= 4.67360441945493
AIAdultLD50= 43.5859221011461
AIAdultSlopeContact= 6.76464698067866
AIAdultLD50Contact= 72.9069622812667
AILarvaSlope= 8.53311683237553
AILarvaLD50= 54.8649322837086
AIKOW= 54955.1775554674
AIKOC= 73977.3956298651
AIHalfLife= 15.9992630114313
EAppRate= 4.78485442744079
FoliarEnabled= true
FoliarAppDate= 06/07/1989
FoliarForageBegin= 06/05/1989
FoliarForageEnd= 06/28/1989
AIContactFactor= 1.28117828857619
CL4Pollen= 0.0350588914006948
CL4Nectar= 34.8439984489232
CL5Pollen= 4.68824468180537
CL5Nectar= 104.904628114309
CLDPollen= 0.991566875483841
CLDNectar= 113.697531935759
CA13Pollen= 3.137707235571
CA13Nectar= 27.4976672790945
CA410Pollen= 8.85053010275587
CA410Nectar= 75.5492995493114
CA1120Pollen= 2.50903513538651
CA1120Nectar= 85.544615779072
IPollenTrips= 9.52221856219694
INectarTrips= 8.08146889554337
IPollenLoad= 3.78550871042535
INectarLoad= 4.56135226180777
ESoilP= 1.54777456726879
ESoilFoc= 0.0104885991744231
