ICQueenStrength= 5.27421512198634
RQWkrDrnRatio= 3.03593886364251
ICDroneMiteSurvivorship= 56.3897207379341
ICWorkerMiteSurvivorship= 20.3078538645059
ICForagerLifespan= 11.1464663948864
ImmType= Tangent
RQQueenStrength= 2.09540111385286
RQEnableReQueen= true
AIAdultSlope= 6.85892706550658
AIAdultLD50= 86.4897301810498
AIAdultSlopeContact= 7.52692616009153
AIAdultLD50Contact= 32.9674474324568
AILarvaSlope= 3.38893848098814
AILarvaLD50= 54.8282862710145
AIKOW= 90628.6296027185
AIKOC= 20519.4232982846
AIHalfLife= 33.2346140583977
EAppRate= 4.26968351666094
FoliarEnabled= true
FoliarAppDate= 06/07/1989
FoliarForageBegin= 06/05/1989
FoliarForageEnd= 06/28/1989
AIContactFactor= 1.6420532533573
CL4Pollen= 1.12714571412653
CL4Nectar= 74.5492942165583
CL5Pollen= 2.60776154883206
CL5Nectar= 12.2078374726698
CLDPollen= 2.05351903103292
CLDNectar= 141.710064257495
CA13Pollen= 2.95540736550465
CA13Nectar= 88.2040012255311
CA410Pollen= 3.22567318496294
CA410Nectar= 173.747630659491
CA1120Pollen= 2.29217295208946
CA1120Nectar= 33.4017032943666
IPollenTrips= 11.7203344264999
INectarTrips= 13.7133307754993
IPollenLoad= 8.096863925457
INectarLoad= 1.18950361385942
ESoilP= 1.9370387957897
ESoilFoc= 0.00828247093851678
