ICQueenStrength= 5.21954976511188
RQWkrDrnRatio= 3.59658801276237
ICDroneMiteSurvivorship= 80.4349661106244
ICWorkerMiteSurvivorship= 67.9317274363711
ICForagerLifespan= 13.9233359582722
ImmType= Logarithmic
RQQueenStrength= 2.35079884901643
RQEnableReQueen= true
AIAdultSlope= 4.98156634159386
AIAdultLD50= 6.62919417621498
AIAdultSlopeContact= 3.65818327642046
AIAdultLD50Contact= 89.1615918396835
AILarvaSlope= 2.21123388968408
AILarvaLD50= 25.6178418689671
AIKOW= 98128.9448457798
AIKOC= 37632.6737187463
AIHalfLife= 34.4055471376283
EAppRate= 7.66883493817947
FoliarEnabled= true
FoliarAppDate= 06/07/1989
FoliarForageBegin= 06/05/1989
FoliarForageEnd= 06/28/1989
AIContactFactor= 1.62028961250093
CL4Pollen= 1.15473093744367
CL4Nectar= 30.5385656422004
CL5Pollen= 0.840443721972406
CL5Nectar= 147.50301752938
CLDPollen= 1.78517011273652
CLDNectar= 147.989670897368
CA13Pollen= 8.08148478418589
CA13Nectar= 25.7853669114411
CA410Pollen= 3.69685811288655
CA410Nectar= 124.588510943577
CA1120Pollen= 2.3108539392706
CA1120Nectar= 79.7176208533347
IPollenTrips= 9.19975394150242
INectarTrips= 5.88006008416414
IPollenLoad= 0.134150634985417
INectarLoad= 4.7063634195365
ESoilP= 1.127752836328
ESoilFoc= 0.0139791520410217
