ICQueenStrength= 4.76129737240262
RQWkrDrnRatio= 4.08580010198057
ICDroneMiteSurvivorship= 87.9650019807741
ICWorkerMiteSurvivorship= 56.2427481403574
ICForagerLifespan= 14.0574040049687
ImmType= Cosine
RQQueenStrength= 1.99895817576908
RQEnableReQueen= true
AIAdultSlope= 6.02026964537799
AIAdultLD50= 37.4959760006133
AIAdultSlopeContact= 1.72341915289871
AIAdultLD50Contact= 35.8047683471295
AILarvaSlope= 1.57958992011845
AILarvaLD50= 36.8381298633278
AIKOW= 22427.7700569998
AIKOC= 68049.2301678373
AIHalfLife= 32.2899505505804
EAppRate= 4.60666011402104
FoliarEnabled= true
FoliarAppDate= 06/07/1989
FoliarForageBegin= 06/05/1989
FoliarForageEnd= 06/28/1989
AIContactFactor= 1.12915678460617
CL4Pollen= 1.78390491940081
CL4Nectar= 99.7109415009618
CL5Pollen= 3.12298146961257
CL5Nectar= 90.226495382376
CLDPollen= 5.83969345875084
CLDNectar= 146.133884671144
CA13Pollen= 4.84464451000094
CA13Nectar= 91.8713724985719
CA410Pollen= 6.0703023896087
CA410Nectar= 43.0327500775456
CA1120Pollen= 1.55465371347964
CA1120Nectar= 98.9231139048934
IPollenTrips= 6.08718479517847
INectarTrips= 13.4001559251919
IPollenLoad= 7.74188506649807
INectarLoad= 5.88679516455159
