ICQueenStrength= 1.76084221713245
RQWkrDrnRatio= 3.91812984831631
ICDroneMiteSurvivorship= 47.3909770837054
ICWorkerMiteSurvivorship= 87.489536171779
ICForagerLifespan= 15.9606714677066
ImmType= Tangent
RQQueenStrength= 4.24250843143091
RQEnableReQueen= true
AIAdultSlope= 4.43174875341356
AIAdultLD50= 85.3966118807476
AIAdultSlopeContact= 2.8012405987829
AIAdultLD50Contact= 10.2694182511605
AILarvaSlope= 6.54083629883826
AILarvaLD50= 23.0394475775799
AIKOW= 30305.7027127304
AIKOC= 76418.6835195774
AIHalfLife= 7.78650011110585
EAppRate= 2.54806055075326
FoliarEnabled= true
FoliarAppDate= 06/07/1989
FoliarForageBegin= 06/05/1989
FoliarForageEnd= 06/28/1989
AIContactFactor= 1.68619702518452
CL4Pollen= 0.962918527424335
CL4Nectar= 36.6093136370182
CL5Pollen= 4.612834605854
CL5Nectar= 83.6737143108621
CLDPollen= 4.57888006931171
CLDNectar= 62.807508604601
CA13Pollen= 6.36041390970349
CA13Nectar= 26.5438110381365
CA410Pollen= 7.34409913548734
CA410Nectar= 37.9275656631216
CA1120Pollen= 2.9621321966406
CA1120Nectar= 78.5239131003618
IPollenTrips= 11.3304590270855
INectarTrips= 7.87896502064541
IPollenLoad= 4.28960508201271
INectarLoad= 2.50725906807929
ESoilP= 1.25578433391638
ESoilFoc= 0.0153566975442227
