ICQueenStrength= 2.93379858974367
RQWkrDrnRatio= 1.43138909898698
ICDroneMiteSurvivorship= 68.05594204925
ICWorkerMiteSurvivorship= 26.9789057783782
ICForagerLifespan= 6.52206861972809
ImmType= Tangent
RQQueenStrength= 2.64923708420247
RQEnableReQueen=true
AIAdultSlope= 4.75552642717957
AIAdultLD50= 0.0137754218541086
AIAdultSlopeContact= 1.58695196034387
AIAdultLD50Contact= 60.8317078980987
AILarvaSlope= 7.35654129646719
AILarvaLD50= 34.3359224681877
AIKOW= 21.9711661899253
AIKOC= 81072.7898323946
AIHalfLife= 29.7090045623714
EAppRate= 2.68256345982105
FoliarEnabled=true
FoliarAppDate= 07/01/1989
FoliarForageBegin= 07/01/1989
FoliarForageEnd= 07/14/1989
AIContactFactor= 0.341966944490559
CL4Pollen= 1.91690016258508
CL4Nectar= 71.3753212243319
CL5Pollen= 0.237713208887726
CL5Nectar= 4.46699196472764
CLDPollen= 3.7261448088102
CLDNectar= 75.1063917065039
CA13Pollen= 4.10751979779452
CA13Nectar= 24.736763201654
CA410Pollen= 8.61977374120615
CA410Nectar= 34.7845603898168
CA1120Pollen= 1.62944324989803
CA1120Nectar= 60.1116884127259
IPollenTrips= 14.5178213831969
INectarTrips= 7.10270422976464
IPollenLoad= 5.41220719693229
INectarLoad= 8.70568108046427
