ICQueenStrength= 2.19946912396699
RQWkrDrnRatio= 4.45844098832458
ICDroneMiteSurvivorship= 97.3844688618556
ICWorkerMiteSurvivorship= 30.9226191602647
ICForagerLifespan= 11.2421439420432
ImmType= Sine
RQQueenStrength= 2.04597792867571
RQEnableReQueen=true
AIAdultSlope= 1.14788237959146
AIAdultLD50= 0.167635945125716
AIAdultSlopeContact= 5.86687720939517
AIAdultLD50Contact= 6.21476466429117
AILarvaSlope= 8.3557209931314
AILarvaLD50= 10.3212157527385
AIKOW= 29811.1689616638
AIKOC= 30126.9491097645
AIHalfLife= 28.1482282421784
EAppRate= 4.55991818127758
FoliarEnabled=true
FoliarAppDate= 07/01/1989
FoliarForageBegin= 07/01/1989
FoliarForageEnd= 07/14/1989
AIContactFactor= 0.638171481811441
CL4Pollen= 0.509181294590235
CL4Nectar= 9.56279796082526
CL5Pollen= 3.3406682414934
CL5Nectar= 91.3022181135602
CLDPollen= 5.38249711180106
CLDNectar= 107.509575190488
CA13Pollen= 3.68306469991803
CA13Nectar= 49.9281472526491
CA410Pollen= 2.46363395247608
CA410Nectar= 53.8032000232488
CA1120Pollen= 2.04931279295124
CA1120Nectar= 56.1371944658458
IPollenTrips= 6.19680573930964
INectarTrips= 10.4843904683366
IPollenLoad= 0.045594924595207
INectarLoad= 9.23582536634058
