ICQueenStrength= 1.11014876305126
RQWkrDrnRatio= 3.31303501501679
ICDroneMiteSurvivorship= 32.8300054417923
ICWorkerMiteSurvivorship= 90.8773585222661
ICForagerLifespan= 10.1639662170783
ImmType= Exponential
RQQueenStrength= 2.43697966123
RQEnableReQueen= true
AIAdultSlope= 5.68511087633669
AIAdultLD50= 4.89382888651313
AIAdultSlopeContact= 8.6225472164806
AIAdultLD50Contact= 1.53070589673496
AILarvaSlope= 4.76908194087446
AILarvaLD50= 60.3338245223977
AIKOW= 34829.0801026625
AIKOC= 98308.103547228
AIHalfLife= 12.01987323137
EAppRate= 8.99595402590698
FoliarEnabled= true
FoliarAppDate= 06/07/1989
FoliarForageBegin= 06/05/1989
FoliarForageEnd= 06/28/1989
AIContactFactor= 0.689965973328799
CL4Pollen= 3.69200409203768
CL4Nectar= 68.2374203577638
CL5Pollen= 5.27476215083152
CL5Nectar= 143.926553323399
CLDPollen= 3.76143530616537
CLDNectar= 135.287145827897
CA13Pollen= 2.92697819909081
CA13Nectar= 53.3548747748137
CA410Pollen= 3.04741418990307
CA410Nectar= 197.308396548033
CA1120Pollen= 2.47571589192376
CA1120Nectar= 32.8041104972363
IPollenTrips= 12.6590338745154
INectarTrips= 13.459191492293
IPollenLoad= 3.70220636948943
INectarLoad= 8.82135586580262
