ICQueenStrength= 2.36595063726418
RQWkrDrnRatio= 1.89522661827505
ICDroneMiteSurvivorship= 9.4838539371267
ICWorkerMiteSurvivorship= 27.4508654605597
ICForagerLifespan= 15.2537569729611
ImmType= Tangent
RQQueenStrength= 3.41263113566674
RQEnableReQueen= true
AIAdultSlope= 3.91541291028261
AIAdultLD50= 0.714636984670069
AIAdultSlopeContact= 3.27326367679052
AIAdultLD50Contact= 95.0526327569806
AILarvaSlope= 1.30620834976435
AILarvaLD50= 13.4461357019236
AIKOW= 75824.533771557
AIKOC= 5896.29091879982
AIHalfLife= 4.63539804546162
EAppRate= 4.12752775937971
FoliarEnabled= true
FoliarAppDate= 09/01/1989
FoliarForageBegin= 09/01/1989
FoliarForageEnd= 09/08/1989
AIContactFactor= 0.932645263141021
CL4Pollen= 2.33105548191816
CL4Nectar= 30.7180478004739
CL5Pollen= 3.55543166399002
CL5Nectar= 34.8076372523792
CLDPollen= 2.56203178642318
CLDNectar= 57.815277390182
CA13Pollen= 2.82994620203972
CA13Nectar= 20.3568800166249
CA410Pollen= 5.55516992029734
CA410Nectar= 116.665645507164
CA1120Pollen= 2.42929378361441
CA1120Nectar= 22.9416735470295
IPollenTrips= 9.304834890645
INectarTrips= 5.99046571413055
IPollenLoad= 3.6407680157572
INectarLoad= 1.0790678858757
