ICQueenStrength= 2.87151524471119
RQWkrDrnRatio= 4.94260635878891
ICDroneMiteSurvivorship= 10.6594101991504
ICWorkerMiteSurvivorship= 14.5817465847358
ICForagerLifespan= 9.81904002465308
ImmType= Cosine
RQQueenStrength= 2.74696020316333
RQEnableReQueen= true
AIAdultSlope= 1.63183577544987
AIAdultLD50= 21.9557822465778
AIAdultSlopeContact= 8.83419239637442
AIAdultLD50Contact= 13.9124193392717
AILarvaSlope= 4.65188813023269
AILarvaLD50= 13.9020012966045
AIKOW= 65489.6982531211
AIKOC= 5842.1135625965
AIHalfLife= 6.0122674112441
EAppRate= 9.56735320132435
FoliarEnabled= true
FoliarAppDate= 06/07/1989
FoliarForageBegin= 06/05/1989
FoliarForageEnd= 06/28/1989
AIContactFactor= 0.379563666060567
CL4Pollen= 1.69547857251018
CL4Nectar= 14.0996873378754
CL5Pollen= 2.50238380255178
CL5Nectar= 145.134806097485
CLDPollen= 2.46078559337184
CLDNectar= 78.1170244677924
CA13Pollen= 3.39094054959714
CA13Nectar= 51.9683456793427
CA410Pollen= 8.33035492501222
CA410Nectar= 166.765406411141
CA1120Pollen= 1.95127615565434
CA1120Nectar= 23.260042835027
IPollenTrips= 12.1379551710561
INectarTrips= 11.3100903970189
IPollenLoad= 5.59847224736586
INectarLoad= 0.354118549730629
