ICQueenStrength= 5.55319982138462
RQWkrDrnRatio= 1.89549697749317
ICDroneMiteSurvivorship= 79.4932391261682
ICWorkerMiteSurvivorship= 78.1143844360486
ICForagerLifespan= 15.604630949907
ImmType= Exponential
RQQueenStrength= 2.87879106961191
RQEnableReQueen= true
AIAdultSlope= 7.91527588479221
AIAdultLD50= 0.388833581318147
AIAdultSlopeContact= 7.36414628755301
AIAdultLD50Contact= 54.7082401313183
AILarvaSlope= 3.58025224879384
AILarvaLD50= 55.6476807539947
AIKOW= 15373.2117374736
AIKOC= 21935.9715371442
AIHalfLife= 16.1032597821439
EAppRate= 4.05526246658503
FoliarEnabled= true
FoliarAppDate= 09/01/1989
FoliarForageBegin= 09/01/1989
FoliarForageEnd= 09/08/1989
AIContactFactor= 2.38867962521035
CL4Pollen= 3.56545079220086
CL4Nectar= 83.4983404958621
CL5Pollen= 2.47769549069926
CL5Nectar= 30.1614297553897
CLDPollen= 4.41377237951383
CLDNectar= 56.5499054035172
CA13Pollen= 6.12969187581912
CA13Nectar= 86.4324781671166
CA410Pollen= 2.32676224438474
CA410Nectar= 121.936889630742
CA1120Pollen= 2.79099857574329
CA1120Nectar= 81.6109325177968
IPollenTrips= 9.60457464680076
INectarTrips= 9.90439769579098
IPollenLoad= 1.18612380465493
INectarLoad= 0.315727142151445
