ICQueenStrength= 2.16706834873185
RQWkrDrnRatio= 4.01660013291985
ICDroneMiteSurvivorship= 43.6708691064268
ICWorkerMiteSurvivorship= 81.377063295804
ICForagerLifespan= 6.38827763404697
ImmType= Cosine
RQQueenStrength= 4.38229816872627
RQEnableReQueen= true
AIAdultSlope= 3.18821197003126
AIAdultLD50= 64.2096201424678
AIAdultSlopeContact= 2.25626970641315
AIAdultLD50Contact= 67.4186922308307
AILarvaSlope= 6.45805649645627
AILarvaLD50= 55.0756257508129
AIKOW= 87544.9461744645
AIKOC= 62154.4448590071
AIHalfLife= 33.4073653602274
EAppRate= 4.88433304288564
FoliarEnabled= true
FoliarAppDate= 06/07/1989
FoliarForageBegin= 06/05/1989
FoliarForageEnd= 06/28/1989
AIContactFactor= 0.648446064768359
CL4Pollen= 3.55369295924902
CL4Nectar= 88.5211781132966
CL5Pollen= 1.69770390959457
CL5Nectar= 63.5012522223406
CLDPollen= 1.63720215903595
CLDNectar= 119.660210225265
CA13Pollen= 5.92716170689091
CA13Nectar= 57.9828869178891
CA410Pollen= 5.20816430372652
CA410Nectar= 149.655021782964
CA1120Pollen= 1.64777983655222
CA1120Nectar= 94.0950361825526
IPollenTrips= 7.92594910832122
INectarTrips= 14.1126489383169
IPollenLoad= 5.07697831373662
INectarLoad= 7.21028370317072
