ICQueenStrength= 3.14801963651553
RQWkrDrnRatio= 1.78074847348034
ICDroneMiteSurvivorship= 71.4124519377947
ICWorkerMiteSurvivorship= 81.7732923431322
ICForagerLifespan= 9.63924311380833
ImmType= Logarithmic
RQQueenStrength= 3.48213796876371
RQEnableReQueen= true
AIAdultSlope= 3.29549102298915
AIAdultLD50= 79.8517321399807
AIAdultSlopeContact= 6.35528974956833
AIAdultLD50Contact= 94.5979574272134
AILarvaSlope= 3.65557787008584
AILarvaLD50= 5.80191996814427
AIKOW= 58381.8012790014
AIKOC= 36291.2517500261
AIHalfLife= 15.9928937576246
EAppRate= 0.259666305466788
FoliarEnabled= true
FoliarAppDate= 06/07/1989
FoliarForageBegin= 06/05/1989
FoliarForageEnd= 06/28/1989
AIContactFactor= 0.620336681674235
CL4Pollen= 1.44745896477252
CL4Nectar= 96.5477556921542
CL5Pollen= 2.44441227475181
CL5Nectar= 80.051788687706
CLDPollen= 1.67853999556974
CLDNectar= 39.4102893769741
CA13Pollen= 6.88026536842808
CA13Nectar= 52.8311730362475
CA410Pollen= 9.22942854210269
CA410Nectar= 59.1027286276221
CA1120Pollen= 2.30756561597809
CA1120Nectar= 51.8043711036444
IPollenTrips= 13.6507564061321
INectarTrips= 12.2998101357371
IPollenLoad= 9.72088590729982
INectarLoad= 0.179667321499437
