ICQueenStrength= 1.38231915794313
RQWkrDrnRatio= 3.94179793540388
ICDroneMiteSurvivorship= 48.7169402418658
ICWorkerMiteSurvivorship= 63.1380538456142
ICForagerLifespan= 9.5839125784114
ImmType= Logarithmic
RQQueenStrength= 3.69909981056117
RQEnableReQueen= true
AIAdultSlope= 4.0346058588475
AIAdultLD50= 0.58966388351866
AIAdultSlopeContact= 9.21404366241768
AIAdultLD50Contact= 62.8386118881002
AILarvaSlope= 4.21191424503922
AILarvaLD50= 24.7799667083046
AIKOW= 83169.9566749039
AIKOC= 17742.5394454875
AIHalfLife= 22.4938245768892
EAppRate= 9.10641955869738
FoliarEnabled= true
FoliarAppDate= 09/01/1989
FoliarForageBegin= 09/01/1989
FoliarForageEnd= 09/08/1989
AIContactFactor= 1.37076438714284
CL4Pollen= 2.67754397634417
CL4Nectar= 30.5355777032673
CL5Pollen= 2.95065836096182
CL5Nectar= 59.2742831096984
CLDPollen= 4.81386585580185
CLDNectar= 88.5772481909953
CA13Pollen= 7.20043308129534
CA13Nectar= 66.5837942808867
CA410Pollen= 5.76176946309861
CA410Nectar= 121.802797284909
CA1120Pollen= 1.66386381117627
CA1120Nectar= 45.6429463066161
IPollenTrips= 13.1953382934444
INectarTrips= 13.7565317959525
IPollenLoad= 2.62464422499761
INectarLoad= 7.70211142720655
