ICQueenStrength= 3.42388191865757
RQWkrDrnRatio= 1.82115423493087
ICDroneMiteSurvivorship= 50.173768075183
ICWorkerMiteSurvivorship= 18.7221206724644
ICForagerLifespan= 4.00136616360396
ImmType= Cosine
AIAdultSlope= 2.69638481041649
AIAdultLD50= 0.154850955726579
AIAdultSlopeContact= 1.51134428561199
AIAdultLD50Contact= 0.00952421043766663
AILarvaSlope= 0.636627535149455
AILarvaLD50= 0.0189619021955878
AIKOW= 2.76140726450831
AIKOC= 10.4736334481277
AIHalfLife= 2.03310544546694
EAppRate= 3.50144713418558
FoliarEnabled= true
