ICQueenStrength= 4.26437843148597
RQWkrDrnRatio= 3.80778164509684
ICDroneMiteSurvivorship= 97.2328112460673
ICWorkerMiteSurvivorship= 92.070783698
ICForagerLifespan= 12.1301615219563
ImmType= Logarithmic
RQQueenStrength= 1.65543563337997
RQEnableReQueen= true
AIAdultSlope= 2.77464839816093
AIAdultLD50= 0.732274227882735
AIAdultSlopeContact= 3.59572104690596
AIAdultLD50Contact= 96.1517734410532
AILarvaSlope= 5.65269767120481
AILarvaLD50= 72.5840037501995
AIKOW= 70579.5896556162
AIKOC= 93268.979386898
AIHalfLife= 26.3084270438645
EAppRate= 9.34412397322734
FoliarEnabled= true
FoliarAppDate= 09/01/1989
FoliarForageBegin= 09/01/1989
FoliarForageEnd= 09/08/1989
AIContactFactor= 1.62984649926424
CL4Pollen= 0.418428723700345
CL4Nectar= 1.50356667581946
CL5Pollen= 4.97652449179441
CL5Nectar= 131.184268940706
CLDPollen= 1.30494716763496
CLDNectar= 99.8071476817131
CA13Pollen= 5.34172796625644
CA13Nectar= 36.6981705091894
CA410Pollen= 2.59763769223355
CA410Nectar= 90.9859676053748
CA1120Pollen= 0.426711407722905
CA1120Nectar= 45.899723302573
IPollenTrips= 11.6935666906647
INectarTrips= 5.25610465789214
IPollenLoad= 7.83181346487254
INectarLoad= 2.97630542423576
