ICQueenStrength= 3.41340449778363
RQWkrDrnRatio= 3.04831462539732
ICDroneMiteSurvivorship= 25.8715061703697
ICWorkerMiteSurvivorship= 51.4744008192793
ICForagerLifespan= 12.4274147963151
ImmType= Tangent
RQQueenStrength= 3.08749887300655
RQEnableReQueen= true
AIAdultSlope= 8.3542933370918
AIAdultLD50= 29.3274842882042
AIAdultSlopeContact= 3.88268314208835
AIAdultLD50Contact= 37.9715974038111
AILarvaSlope= 4.39882207848132
AILarvaLD50= 25.1691774212515
AIKOW= 17862.8533560874
AIKOC= 18156.2402979156
AIHalfLife= 8.87393435735721
EAppRate= 4.45289232136612
FoliarEnabled= true
FoliarAppDate= 06/07/1989
FoliarForageBegin= 06/05/1989
FoliarForageEnd= 06/28/1989
AIContactFactor= 1.04978588566184
CL4Pollen= 2.67016572132707
CL4Nectar= 76.9358273362741
CL5Pollen= 1.83201986644417
CL5Nectar= 90.4505321988836
CLDPollen= 3.45756599726155
CLDNectar= 68.6880746623501
CA13Pollen= 7.46346132950857
CA13Nectar= 27.4492320977151
CA410Pollen= 5.74900889794808
CA410Nectar= 150.491830133833
CA1120Pollen= 2.57696842798032
CA1120Nectar= 72.1455701813102
IPollenTrips= 9.68317929655313
INectarTrips= 8.15051341895014
IPollenLoad= 7.19060271745548
INectarLoad= 1.54945093905553
