ICQueenStrength= 2.37563805212267
RQWkrDrnRatio= 4.31629372108728
ICDroneMiteSurvivorship= 79.1232598247007
ICWorkerMiteSurvivorship= 3.30832989420742
ICForagerLifespan= 9.70637786388397
ImmType= Polynomial
RQQueenStrength= 4.62963682855479
RQEnableReQueen= true
AIAdultSlope= 8.54336554929614
AIAdultLD50= 19.9610968304547
AIAdultSlopeContact= 5.02310869796202
AIAdultLD50Contact= 78.7646913106283
AILarvaSlope= 2.59928387217224
AILarvaLD50= 50.1988828096273
AIKOW= 76084.0840572046
AIKOC= 88696.9130646302
AIHalfLife= 19.3131256476277
EAppRate= 1.67459987097816
FoliarEnabled= true
FoliarAppDate= 06/07/1989
FoliarForageBegin= 06/05/1989
FoliarForageEnd= 06/28/1989
AIContactFactor= 1.32347351233475
CL4Pollen= 0.833930300548673
CL4Nectar= 61.1880463082343
CL5Pollen= 5.01250700745732
CL5Nectar= 58.2580453134142
CLDPollen= 3.43782345671207
CLDNectar= 102.610112505499
CA13Pollen= 5.87557583143935
CA13Nectar= 70.2804365940392
CA410Pollen= 7.44940524345729
CA410Nectar= 199.53918018844
CA1120Pollen= 1.32102044555359
CA1120Nectar= 63.5870852507651
IPollenTrips= 14.406386660412
INectarTrips= 6.91342826932669
IPollenLoad= 4.43896388169378
INectarLoad= 2.57767336210236
ESoilP= 1.7355854336638
ESoilFoc= 0.00179569048737176
