ICQueenStrength= 1.95127910026349
RQWkrDrnRatio= 1.42820050381124
ICDroneMiteSurvivorship= 75.1228251028806
ICWorkerMiteSurvivorship= 96.3338933885098
ICForagerLifespan= 4.99257537629455
ImmType= Cosine
RQQueenStrength= 1.27474448084831
RQEnableReQueen= true
AIAdultSlope= 1.93136599846184
AIAdultLD50= 41.9253130941077
AIAdultSlopeContact= 5.415283909766
AIAdultLD50Contact= 9.84000595775014
AILarvaSlope= 7.55915006250143
AILarvaLD50= 1.15643887340045
AIKOW= 3644.04567158115
AIKOC= 97169.4161123289
AIHalfLife= 19.9047601855593
EAppRate= 7.7285315366101
FoliarEnabled= true
FoliarAppDate= 06/07/1989
FoliarForageBegin= 06/05/1989
FoliarForageEnd= 06/28/1989
AIContactFactor= 0.583430642765015
CL4Pollen= 0.906402889639139
CL4Nectar= 8.3723058225587
CL5Pollen= 3.25825572945178
CL5Nectar= 119.907794112805
CLDPollen= 0.707173524890095
CLDNectar= 64.2546215909533
CA13Pollen= 4.56600155150518
CA13Nectar= 51.367906332016
CA410Pollen= 3.7062760616187
CA410Nectar= 51.1336120590568
CA1120Pollen= 0.327008501859382
CA1120Nectar= 57.7295742928982
IPollenTrips= 12.9765057773329
INectarTrips= 11.3963890890591
IPollenLoad= 0.877847042866051
INectarLoad= 1.86895983992144
ESoilP= 1.02256381441839
ESoilFoc= 0.0117708289455622
