ICQueenStrength= 1.43103193631396
RQWkrDrnRatio= 1.43454183265567
ICDroneMiteSurvivorship= 34.5334911020473
ICWorkerMiteSurvivorship= 51.5623223036528
ICForagerLifespan= 8.34155069850385
ImmType= Sine
RQQueenStrength= 1.45502498163842
RQEnableReQueen= true
AIAdultSlope= 1.13933488354087
AIAdultLD50= 0.327738091848558
AIAdultSlopeContact= 9.82262930856086
AIAdultLD50Contact= 4.37307378423377
AILarvaSlope= 1.40085402689874
AILarvaLD50= 10.5552802467435
AIKOW= 36139.6473897191
AIKOC= 66745.8660128671
AIHalfLife= 26.4910058542388
EAppRate= 4.5557975305724
FoliarEnabled= true
FoliarAppDate= 09/01/1989
FoliarForageBegin= 09/01/1989
FoliarForageEnd= 09/08/1989
AIContactFactor= 2.13148098104168
CL4Pollen= 1.12325001135468
CL4Nectar= 28.6711652996019
CL5Pollen= 0.743601664435118
CL5Nectar= 138.475334364921
CLDPollen= 5.27868333086371
CLDNectar= 4.88096008775756
CA13Pollen= 2.3104722796008
CA13Nectar= 40.6506603583694
CA410Pollen= 6.49581655680668
CA410Nectar= 185.904030054808
CA1120Pollen= 2.11752627231181
CA1120Nectar= 45.9340596012771
IPollenTrips= 11.7912337719463
INectarTrips= 14.0917163924314
IPollenLoad= 1.87690041260794
INectarLoad= 5.90395976789296
