ICQueenStrength= 4.72532028937712
RQWkrDrnRatio= 4.52527080010623
ICDroneMiteSurvivorship= 97.5142838899046
ICWorkerMiteSurvivorship= 24.4802787201479
ICForagerLifespan= 9.74881404824555
ImmType= Sine
RQQueenStrength= 2.77918782457709
RQEnableReQueen= true
AIAdultSlope= 1.32245032116771
AIAdultLD50= 18.9137499925555
AIAdultSlopeContact= 8.44861513376236
AIAdultLD50Contact= 11.7837541263548
AILarvaSlope= 3.15794035792351
AILarvaLD50= 18.499999431282
AIKOW= 7977.3554632973
AIKOC= 86782.9011696738
AIHalfLife= 34.3506958566606
EAppRate= 5.07525532582519
FoliarEnabled= true
FoliarAppDate= 06/07/1989
FoliarForageBegin= 06/05/1989
FoliarForageEnd= 06/28/1989
AIContactFactor= 1.14777228062507
CL4Pollen= 2.08540392201394
CL4Nectar= 85.2128815837204
CL5Pollen= 4.69044084241614
CL5Nectar= 79.3385443626903
CLDPollen= 5.98151119798422
CLDNectar= 54.795012390241
CA13Pollen= 7.60233160881326
CA13Nectar= 37.2722458653152
CA410Pollen= 5.06921129794791
CA410Nectar= 128.994038370438
CA1120Pollen= 0.543622839264572
CA1120Nectar= 20.8883275836706
IPollenTrips= 7.74740075925365
INectarTrips= 13.2931849337183
IPollenLoad= 4.71337812952697
INectarLoad= 6.57696263864636
ESoilP= 1.51719884271733
ESoilFoc= 0.00911361211701296
