ICQueenStrength= 2.86200729920529
RQWkrDrnRatio= 1.29021278209984
ICDroneMiteSurvivorship= 2.62111087795347
ICWorkerMiteSurvivorship= 58.3577198674902
ICForagerLifespan= 10.9226766014472
ImmType= Logarithmic
AIAdultSlope= 0.520604579381179
AIAdultLD50= 0.0583008444402367
AIAdultSlopeContact= 1.22163166364422
AIAdultLD50Contact= 0.0418392241001129
AILarvaSlope= 2.95631967512891
AILarvaLD50= 0.0710544505622238
AIKOW= 2.81301621720195
AIKOC= 23.2219956070185
AIHalfLife= 2.00292272123043
EAppRate= 7.77274763211608
FoliarEnabled= true
