ICQueenStrength= 3.95210862997919
RQWkrDrnRatio= 3.40052106510848
ICDroneMiteSurvivorship= 0.867381971329451
ICWorkerMiteSurvivorship= 11.0184624558315
ICForagerLifespan= 7.74061379395425
ImmType= Sine
RQQueenStrength= 5.32552855694667
RQEnableReQueen= true
AIAdultSlope= 5.96619541011751
AIAdultLD50= 29.1548935939975
AIAdultSlopeContact= 1.36205827514641
AIAdultLD50Contact= 95.5218837213593
AILarvaSlope= 3.17347148247063
AILarvaLD50= 73.9133028840446
AIKOW= 74188.5604536929
AIKOC= 27739.9038380324
AIHalfLife= 16.4934483935358
EAppRate= 2.35362311413232
FoliarEnabled= true
FoliarAppDate= 06/07/1989
FoliarForageBegin= 06/05/1989
FoliarForageEnd= 06/28/1989
AIContactFactor= 0.999692154033109
CL4Pollen= 3.64371681213379
CL4Nectar= 38.8144904747605
CL5Pollen= 0.20343620935455
CL5Nectar= 74.3323980364949
CLDPollen= 3.86098875850439
CLDNectar= 135.705095704179
CA13Pollen= 2.84881750522181
CA13Nectar= 90.1626423187554
CA410Pollen= 6.72668922804296
CA410Nectar= 122.694308534265
CA1120Pollen= 1.73023611609824
CA1120Nectar= 33.0648015066981
IPollenTrips= 5.63173403264955
INectarTrips= 13.1605712906457
IPollenLoad= 0.0405382900498807
INectarLoad= 3.71656409697607
