ICQueenStrength= 4.93508250359446
RQWkrDrnRatio= 4.99517976026982
ICDroneMiteSurvivorship= 90.872276830487
ICWorkerMiteSurvivorship= 38.0145733477548
ICForagerLifespan= 6.63049710635096
ImmType= Logarithmic
RQQueenStrength= 5.29766364162788
RQEnableReQueen= true
AIAdultSlope= 7.67203200422227
AIAdultLD50= 97.5560425706725
AIAdultSlopeContact= 6.65586250904016
AIAdultLD50Contact= 94.826430037003
AILarvaSlope= 7.34308748692274
AILarvaLD50= 23.5385230342555
AIKOW= 95128.5137776955
AIKOC= 7481.76583266747
AIHalfLife= 10.679606906767
EAppRate= 9.95652368636848
FoliarEnabled= true
FoliarAppDate= 06/07/1989
FoliarForageBegin= 06/05/1989
FoliarForageEnd= 06/28/1989
AIContactFactor= 1.06934090862516
CL4Pollen= 2.86433799378574
CL4Nectar= 42.3901478992775
CL5Pollen= 5.83666140027344
CL5Nectar= 121.609515300952
CLDPollen= 4.75101122120395
CLDNectar= 41.2873627035879
CA13Pollen= 8.07160247284919
CA13Nectar= 39.5729727111757
CA410Pollen= 3.50367761894595
CA410Nectar= 117.130219908431
CA1120Pollen= 1.58500720770098
CA1120Nectar= 99.4710885733366
IPollenTrips= 11.0311057814397
INectarTrips= 7.64601425500587
IPollenLoad= 6.20017897104844
INectarLoad= 1.05436817277223
ESoilP= 1.51512084132992
ESoilFoc= 0.0138393712458201
