ICQueenStrength= 1.56030946038663
RQWkrDrnRatio= 2.75527607370168
ICDroneMiteSurvivorship= 1.56354194041342
ICWorkerMiteSurvivorship= 59.4918338116258
ICForagerLifespan= 11.0296438373625
ImmType= Tangent
RQQueenStrength= 2.91887773852795
RQEnableReQueen=true
AIAdultSlope= 6.52723519317806
AIAdultLD50= 0.561874610334169
AIAdultSlopeContact= 9.73815292399377
AIAdultLD50Contact= 38.5157372931445
AILarvaSlope= 4.70954679325223
AILarvaLD50= 42.5325299691702
AIKOW= 43808.4750515592
AIKOC= 1971.74030444538
AIHalfLife= 33.0804819955258
EAppRate= 1.78213322765497
FoliarEnabled=true
FoliarAppDate= 07/01/1989
FoliarForageBegin= 07/01/1989
FoliarForageEnd= 07/14/1989
AIContactFactor= 2.19703202894423
CL4Pollen= 3.47707437630743
CL4Nectar= 90.3177002444863
CL5Pollen= 5.08019347954541
CL5Nectar= 114.550668338779
CLDPollen= 2.63298215065151
CLDNectar= 111.076577729546
CA13Pollen= 5.70448349071667
CA13Nectar= 20.7777642086148
CA410Pollen= 6.04412608314306
CA410Nectar= 44.1727082291618
CA1120Pollen= 2.53809302207083
CA1120Nectar= 59.8222649097443
IPollenTrips= 12.1674285689369
INectarTrips= 12.2554278466851
IPollenLoad= 2.86420261254534
INectarLoad= 1.46632209653035
