ICQueenStrength= 4.66128801135346
RQWkrDrnRatio= 4.58375976234674
ICDroneMiteSurvivorship= 90.4719922458753
ICWorkerMiteSurvivorship= 46.4847024763003
ICForagerLifespan= 5.33244798798114
ImmType= Logarithmic
RQQueenStrength= 1.41581325000152
RQEnableReQueen= true
AIAdultSlope= 4.81427284888923
AIAdultLD50= 74.8792191129441
AIAdultSlopeContact= 3.71259554708377
AIAdultLD50Contact= 37.2661268399749
AILarvaSlope= 5.95158715546131
AILarvaLD50= 74.7964330706238
AIKOW= 21874.0030319578
AIKOC= 45840.0562813347
AIHalfLife= 9.95330691849813
EAppRate= 5.16870022401609
FoliarEnabled= true
FoliarAppDate= 06/07/1989
FoliarForageBegin= 06/05/1989
FoliarForageEnd= 06/28/1989
AIContactFactor= 1.8213902731007
CL4Pollen= 2.95712049584836
CL4Nectar= 4.54493057914078
CL5Pollen= 5.48826429108158
CL5Nectar= 118.760293198284
CLDPollen= 2.9303932772018
CLDNectar= 139.38061388908
CA13Pollen= 6.80009144898504
CA13Nectar= 96.3101772777736
CA410Pollen= 6.09829258567188
CA410Nectar= 85.5728180706501
CA1120Pollen= 1.27671255357563
CA1120Nectar= 61.8461728468537
IPollenTrips= 9.49247959535569
INectarTrips= 10.9022755385377
IPollenLoad= 2.14806524338201
INectarLoad= 0.455606544855982
