ICQueenStrength= 2.64828332373872
RQWkrDrnRatio= 2.6280569685623
ICDroneMiteSurvivorship= 36.6263169096783
ICWorkerMiteSurvivorship= 68.9879599027336
ICForagerLifespan= 5.27826280891895
ImmType= Sine
RQQueenStrength= 1.32453896128573
RQEnableReQueen= true
AIAdultSlope= 2.86189806461334
AIAdultLD50= 0.291084528105333
AIAdultSlopeContact= 5.5833016356919
AIAdultLD50Contact= 39.3801647536771
AILarvaSlope= 7.52800036035478
AILarvaLD50= 51.9140656096416
AIKOW= 6664.3035242754
AIKOC= 98844.1768900307
AIHalfLife= 18.6599402534543
EAppRate= 4.96467686516838
FoliarEnabled= true
FoliarAppDate= 09/01/1989
FoliarForageBegin= 09/01/1989
FoliarForageEnd= 09/08/1989
AIContactFactor= 1.04455905405805
CL4Pollen= 2.29633074067533
CL4Nectar= 76.254935353063
CL5Pollen= 2.35971544822678
CL5Nectar= 84.5069620991126
CLDPollen= 0.145819216500968
CLDNectar= 120.472258399241
CA13Pollen= 6.54482418233529
CA13Nectar= 76.2715820036829
CA410Pollen= 9.19888306483626
CA410Nectar= 176.0923710512
CA1120Pollen= 2.51242000632919
CA1120Nectar= 56.0326935537159
IPollenTrips= 13.9609743980691
INectarTrips= 12.1901333448477
IPollenLoad= 0.671102546621114
INectarLoad= 6.75009799422696
