ICQueenStrength= 1.99316827603616
RQWkrDrnRatio= 4.07428712584078
ICDroneMiteSurvivorship= 64.9917347356677
ICWorkerMiteSurvivorship= 48.0173591757193
ICForagerLifespan= 15.9148550406098
ImmType= Cosine
RQQueenStrength= 2.06614988064393
RQEnableReQueen= true
AIAdultSlope= 2.22327996976674
AIAdultLD50= 25.8010271129869
AIAdultSlopeContact= 7.62198600498959
AIAdultLD50Contact= 43.0970153280119
AILarvaSlope= 3.93902311474085
AILarvaLD50= 83.1146632849569
AIKOW= 42159.6124168159
AIKOC= 93394.079717098
AIHalfLife= 19.5942649618024
EAppRate= 8.54401944704028
FoliarEnabled= true
FoliarAppDate= 06/07/1989
FoliarForageBegin= 06/05/1989
FoliarForageEnd= 06/28/1989
AIContactFactor= 0.361398019404151
CL4Pollen= 3.32890572678298
CL4Nectar= 55.6169581133872
CL5Pollen= 3.08581086248159
CL5Nectar= 115.485033625737
CLDPollen= 5.36200926220044
CLDNectar= 139.700640784577
CA13Pollen= 2.96445464510471
CA13Nectar= 88.982040528208
CA410Pollen= 7.94555321030784
CA410Nectar= 153.473809366114
CA1120Pollen= 0.931405432987958
CA1120Nectar= 73.4737830609083
IPollenTrips= 12.0793279120699
INectarTrips= 7.19531242037192
IPollenLoad= 3.54070825502276
INectarLoad= 0.768943361472338
