ICQueenStrength= 3.36030491883866
RQWkrDrnRatio= 2.09860011376441
ICDroneMiteSurvivorship= 78.9001497672871
ICWorkerMiteSurvivorship= 32.4043745640665
ICForagerLifespan= 8.52679304685444
ImmType= Tangent
RQQueenStrength= 4.0865519749932
RQEnableReQueen= true
AIAdultSlope= 3.9172243103385
AIAdultLD50= 29.2285023124602
AIAdultSlopeContact= 5.00461853388697
AIAdultLD50Contact= 59.7903532694203
AILarvaSlope= 8.68872639909387
AILarvaLD50= 35.1037258751744
AIKOW= 24068.1978204437
AIKOC= 34199.8456333233
AIHalfLife= 13.1533528080443
EAppRate= 6.68810819018632
FoliarEnabled= true
FoliarAppDate= 06/07/1989
FoliarForageBegin= 06/05/1989
FoliarForageEnd= 06/28/1989
AIContactFactor= 0.519692860315554
CL4Pollen= 0.530102641321719
CL4Nectar= 35.858211456798
CL5Pollen= 0.144527450669557
CL5Nectar= 6.37688658898696
CLDPollen= 0.780131064355373
CLDNectar= 79.7224356676452
CA13Pollen= 2.39940953748301
CA13Nectar= 51.9556502625346
CA410Pollen= 5.71584723033011
CA410Nectar= 48.9546742616221
CA1120Pollen= 1.28255325858481
CA1120Nectar= 37.4834341555834
IPollenTrips= 8.67737166583538
INectarTrips= 7.1395720820874
IPollenLoad= 3.7453315150924
INectarLoad= 2.92285647476092
ESoilP= 1.99996775458567
ESoilFoc= 0.013678116372088
