ICQueenStrength= 1.34505265415646
RQWkrDrnRatio= 4.06157965958118
ICDroneMiteSurvivorship= 25.4354332108051
ICWorkerMiteSurvivorship= 20.5081030959263
ICForagerLifespan= 5.04245574120432
ImmType= Exponential
RQQueenStrength= 2.92147554596886
RQEnableReQueen= true
AIAdultSlope= 5.20154627412558
AIAdultLD50= 56.6087220003446
AIAdultSlopeContact= 1.42753435834311
AIAdultLD50Contact= 87.0280527385101
AILarvaSlope= 1.35502751357853
AILarvaLD50= 34.932140580199
AIKOW= 37832.2050675907
AIKOC= 30714.0489198961
AIHalfLife= 34.9179057991132
EAppRate= 3.82438749555522
FoliarEnabled= true
FoliarAppDate= 06/07/1989
FoliarForageBegin= 06/05/1989
FoliarForageEnd= 06/28/1989
AIContactFactor= 1.30484246320557
CL4Pollen= 3.12740537244827
CL4Nectar= 93.6955411685631
CL5Pollen= 5.53825673600659
CL5Nectar= 84.1339655569755
CLDPollen= 3.91580249369144
CLDNectar= 70.44306343887
CA13Pollen= 7.4128579011187
CA13Nectar= 71.7923418059945
CA410Pollen= 5.15177273745649
CA410Nectar= 139.893814041279
CA1120Pollen= 0.096466057933867
CA1120Nectar= 91.8814206309617
IPollenTrips= 11.3065722561441
INectarTrips= 12.9263351624832
IPollenLoad= 3.45286935335025
INectarLoad= 5.83216492086649
ESoilP= 1.00164527352899
ESoilFoc= 0.00629390591848642
