ICQueenStrength= 2.15686709876172
RQWkrDrnRatio= 1.87202525697649
ICDroneMiteSurvivorship= 77.5162717094645
ICWorkerMiteSurvivorship= 75.4355185898021
ICForagerLifespan= 5.25760173611343
ImmType= Sine
RQQueenStrength= 3.15566644445062
RQEnableReQueen= true
AIAdultSlope= 4.14851010218263
AIAdultLD50= 16.9664122865303
AIAdultSlopeContact= 8.07132804277353
AIAdultLD50Contact= 59.4504943828613
AILarvaSlope= 7.02373692393303
AILarvaLD50= 81.6565640392839
AIKOW= 94106.5918261185
AIKOC= 54269.0928902351
AIHalfLife= 20.9699625887442
EAppRate= 5.53781308381725
FoliarEnabled= true
FoliarAppDate= 06/07/1989
FoliarForageBegin= 06/05/1989
FoliarForageEnd= 06/28/1989
AIContactFactor= 2.29856639155187
CL4Pollen= 2.18676419183612
CL4Nectar= 3.41916074976325
CL5Pollen= 3.52550604287535
CL5Nectar= 6.12857131054625
CLDPollen= 2.24790460662916
CLDNectar= 95.8625979954377
CA13Pollen= 7.72631010580808
CA13Nectar= 95.0316426344216
CA410Pollen= 5.98913492758293
CA410Nectar= 175.091664684005
CA1120Pollen= 1.03428599168546
CA1120Nectar= 81.6693291254342
IPollenTrips= 9.92209155810997
INectarTrips= 8.75702425139025
IPollenLoad= 6.55788148520514
INectarLoad= 1.23565023066476
