ICQueenStrength= 4.7836859934032
RQWkrDrnRatio= 2.75629231799394
ICDroneMiteSurvivorship= 68.1208339752629
ICWorkerMiteSurvivorship= 25.4555566003546
ICForagerLifespan= 5.05107244942337
ImmType= Logarithmic
RQQueenStrength= 4.21199614671059
RQEnableReQueen= true
AIAdultSlope= 6.00352578610182
AIAdultLD50= 58.9447619222761
AIAdultSlopeContact= 3.49170840531588
AIAdultLD50Contact= 53.1385500924836
AILarvaSlope= 4.63780498318374
AILarvaLD50= 98.1197089791978
AIKOW= 79651.7161278804
AIKOC= 93305.5677047356
AIHalfLife= 26.2778474797728
EAppRate= 8.46730753365834
FoliarEnabled= true
FoliarAppDate= 06/07/1989
FoliarForageBegin= 06/05/1989
FoliarForageEnd= 06/28/1989
AIContactFactor= 0.808511841660365
CL4Pollen= 3.08911067806184
CL4Nectar= 13.618347607553
CL5Pollen= 3.21886110724881
CL5Nectar= 42.6576964790002
CLDPollen= 2.59937334386632
CLDNectar= 89.4904487184249
CA13Pollen= 5.65783015713096
CA13Nectar= 44.8343516886234
CA410Pollen= 2.26144764085766
CA410Nectar= 27.7655467111617
CA1120Pollen= 2.39141269703396
CA1120Nectar= 22.8347630612552
IPollenTrips= 11.4417089591734
INectarTrips= 8.98810928920284
IPollenLoad= 3.66948892129585
INectarLoad= 1.60477665020153
