ICQueenStrength= 4.00679507199675
RQWkrDrnRatio= 1.57663031481206
ICDroneMiteSurvivorship= 78.1369904056191
ICWorkerMiteSurvivorship= 8.21442077867687
ICForagerLifespan= 11.5343279447407
ImmType= Cosine
RQQueenStrength= 3.26929831551388
RQEnableReQueen= true
AIAdultSlope= 1.43456953763962
AIAdultLD50= 55.647563105847
AIAdultSlopeContact= 3.42860206845216
AIAdultLD50Contact= 21.5803923155612
AILarvaSlope= 7.60406153649092
AILarvaLD50= 42.4408336337872
AIKOW= 42173.5847686088
AIKOC= 64325.9263376517
AIHalfLife= 12.499933594279
EAppRate= 7.1221321026017
FoliarEnabled= true
FoliarAppDate= 06/07/1989
FoliarForageBegin= 06/05/1989
FoliarForageEnd= 06/28/1989
AIContactFactor= 1.10864782758057
CL4Pollen= 1.83148537576199
CL4Nectar= 17.6776036154479
CL5Pollen= 2.21205753134564
CL5Nectar= 68.3353477623314
CLDPollen= 2.1569086946547
CLDNectar= 120.208883564919
CA13Pollen= 3.18227282986045
CA13Nectar= 45.514697059989
CA410Pollen= 6.08305338395294
CA410Nectar= 33.7153428606689
CA1120Pollen= 0.254532191902399
CA1120Nectar= 56.6103210300207
IPollenTrips= 9.20606377301738
INectarTrips= 9.62111248401925
IPollenLoad= 8.25770757161081
INectarLoad= 0.207511764019728
