ICQueenStrength= 1.29646969749592
RQWkrDrnRatio= 1.85545287467539
ICDroneMiteSurvivorship= 43.1281583150849
ICWorkerMiteSurvivorship= 86.5345617057756
ICForagerLifespan= 5.60710952430964
ImmType= Sine
RQQueenStrength= 2.65057550999336
RQEnableReQueen= true
AIAdultSlope= 7.06751814857125
AIAdultLD50= 60.413240561116
AIAdultSlopeContact= 2.19312074338086
AIAdultLD50Contact= 40.4976276291977
AILarvaSlope= 2.6466200016439
AILarvaLD50= 95.0122451466932
AIKOW= 98978.8378445864
AIKOC= 91371.5993963857
AIHalfLife= 2.62800585229415
EAppRate= 2.28972311827634
FoliarEnabled= true
FoliarAppDate= 06/07/1989
FoliarForageBegin= 06/05/1989
FoliarForageEnd= 06/28/1989
AIContactFactor= 0.749513227688149
CL4Pollen= 3.07932538539171
CL4Nectar= 65.8886055229232
CL5Pollen= 3.60666389716789
CL5Nectar= 75.373200152535
CLDPollen= 3.12549142772332
CLDNectar= 128.426513448358
CA13Pollen= 6.25998759530485
CA13Nectar= 75.5638088472188
CA410Pollen= 4.44844988654368
CA410Nectar= 174.84878261108
CA1120Pollen= 1.00022796308622
CA1120Nectar= 61.4389977604151
IPollenTrips= 9.62605834240094
INectarTrips= 5.84905830677599
IPollenLoad= 2.80537485377863
INectarLoad= 8.27784423949197
