ICQueenStrength= 4.28850832651369
RQWkrDrnRatio= 1.73430941067636
ICDroneMiteSurvivorship= 36.8077746359631
ICWorkerMiteSurvivorship= 36.1259904457256
ICForagerLifespan= 7.76292085740715
ImmType= Cosine
RQQueenStrength= 3.49837979790755
RQEnableReQueen= true
AIAdultSlope= 8.92979640886188
AIAdultLD50= 19.8802257544624
AIAdultSlopeContact= 6.67031998024322
AIAdultLD50Contact= 28.9062558402298
AILarvaSlope= 4.42867500334978
AILarvaLD50= 29.9725068937996
AIKOW= 79909.0914495709
AIKOC= 11841.1171792657
AIHalfLife= 2.92016190867871
EAppRate= 0.140910323304124
FoliarEnabled= true
FoliarAppDate= 06/07/1989
FoliarForageBegin= 06/05/1989
FoliarForageEnd= 06/28/1989
AIContactFactor= 1.92750763730612
CL4Pollen= 0.813801413401961
CL4Nectar= 57.7693230705336
CL5Pollen= 5.5053321076557
CL5Nectar= 61.1002476071008
CLDPollen= 4.03409887477756
CLDNectar= 121.590865496546
CA13Pollen= 6.12758759343997
CA13Nectar= 80.5852419883013
CA410Pollen= 5.41741856145673
CA410Nectar= 118.487596078776
CA1120Pollen= 2.95430612191558
CA1120Nectar= 90.2956968918443
IPollenTrips= 10.9301297646016
INectarTrips= 8.13182924408466
IPollenLoad= 2.88974228780717
INectarLoad= 4.2774888756685
