ICQueenStrength= 4.1194076675456
RQWkrDrnRatio= 3.15326250810176
ICDroneMiteSurvivorship= 49.0012223832309
ICWorkerMiteSurvivorship= 34.9346385570243
ICForagerLifespan= 15.9334378456697
ImmType= Tangent
RQQueenStrength= 2.04139271308668
RQEnableReQueen= true
AIAdultSlope= 2.4602309409529
AIAdultLD50= 0.879186598355416
AIAdultSlopeContact= 4.82224308140576
AIAdultLD50Contact= 16.2109870106664
AILarvaSlope= 2.83502411097288
AILarvaLD50= 99.2352893679403
AIKOW= 32386.4987212654
AIKOC= 74510.1575719528
AIHalfLife= 21.4855530392146
EAppRate= 7.01352366714249
FoliarEnabled= true
FoliarAppDate= 09/01/1989
FoliarForageBegin= 09/01/1989
FoliarForageEnd= 09/08/1989
AIContactFactor= 0.894307559807785
CL4Pollen= 3.28782481141388
CL4Nectar= 94.1523849731311
CL5Pollen= 3.69539705989882
CL5Nectar= 86.0041624051519
CLDPollen= 5.92916858475655
CLDNectar= 112.881382601336
CA13Pollen= 6.44782179715112
CA13Nectar= 43.7468660622835
CA410Pollen= 8.65443109928165
CA410Nectar= 171.712250220589
CA1120Pollen= 1.70923973643221
CA1120Nectar= 90.0612104125321
IPollenTrips= 6.49161432404071
INectarTrips= 8.27055091736838
IPollenLoad= 4.05403129290789
INectarLoad= 8.0108997086063
