ICQueenStrength= 4.26019991422072
RQWkrDrnRatio= 3.66347758192569
ICDroneMiteSurvivorship= 12.6842452445999
ICWorkerMiteSurvivorship= 27.0453847944736
ICForagerLifespan= 12.0604957556352
ImmType= Logarithmic
RQQueenStrength= 5.10437864717096
RQEnableReQueen= true
AIAdultSlope= 2.30797593295574
AIAdultLD50= 39.4309088002595
AIAdultSlopeContact= 6.16319184680469
AIAdultLD50Contact= 45.8541979472493
AILarvaSlope= 3.1976033616811
AILarvaLD50= 98.9828067339386
AIKOW= 33404.9891220271
AIKOC= 34036.8982921301
AIHalfLife= 3.60650314849336
EAppRate= 2.29144330392685
FoliarEnabled= true
FoliarAppDate= 06/07/1989
FoliarForageBegin= 06/05/1989
FoliarForageEnd= 06/28/1989
AIContactFactor= 1.00102716994006
CL4Pollen= 0.882236937060952
CL4Nectar= 23.6197281396016
CL5Pollen= 4.24940695753321
CL5Nectar= 47.3809214076027
CLDPollen= 1.821059868671
CLDNectar= 118.352875707205
CA13Pollen= 3.90377399306744
CA13Nectar= 22.0224357023835
CA410Pollen= 7.67705913407262
CA410Nectar= 132.533056465909
CA1120Pollen= 0.924304998479784
CA1120Nectar= 62.7058398164809
IPollenTrips= 6.54560063267127
INectarTrips= 10.5136235523969
IPollenLoad= 4.37354393303394
INectarLoad= 0.434217306319624
