ICQueenStrength= 4.18261874257587
RQWkrDrnRatio= 4.71137066930532
ICDroneMiteSurvivorship= 85.6174717191607
ICWorkerMiteSurvivorship= 57.6820773771033
ICForagerLifespan= 5.80458712112159
ImmType= Logarithmic
RQQueenStrength= 5.88274808507413
RQEnableReQueen= true
AIAdultSlope= 5.79798641242087
AIAdultLD50= 76.8426414837411
AIAdultSlopeContact= 8.9737175356131
AIAdultLD50Contact= 8.71910923710349
AILarvaSlope= 1.08630819804966
AILarvaLD50= 23.4914789788465
AIKOW= 4735.71536496812
AIKOC= 43797.983993391
AIHalfLife= 13.5386630611029
EAppRate= 9.21023383641336
FoliarEnabled= true
FoliarAppDate= 06/07/1989
FoliarForageBegin= 06/05/1989
FoliarForageEnd= 06/28/1989
AIContactFactor= 2.14661932128482
CL4Pollen= 0.92070574965328
CL4Nectar= 84.4742496032268
CL5Pollen= 3.2251769467257
CL5Nectar= 19.8479438200593
CLDPollen= 3.11262168735266
CLDNectar= 145.775031438097
CA13Pollen= 7.37681260220706
CA13Nectar= 37.2273712046444
CA410Pollen= 2.40523491511121
CA410Nectar= 64.1818869393319
CA1120Pollen= 2.34411583794281
CA1120Nectar= 93.9361392334104
IPollenTrips= 12.584522368852
INectarTrips= 11.334936551284
IPollenLoad= 4.87923516659066
INectarLoad= 2.61075029382482
ESoilP= 1.70191282778978
ESoilFoc= 0.0074713287150953
