ICQueenStrength= 5.35508940718137
RQWkrDrnRatio= 2.38376670423895
ICDroneMiteSurvivorship= 41.914097731933
ICWorkerMiteSurvivorship= 14.024727139622
ICForagerLifespan= 6.86483150720596
ImmType= Tangent
RQQueenStrength= 5.89877961226739
RQEnableReQueen= true
AIAdultSlope= 3.50158412382007
AIAdultLD50= 99.0264846274129
AIAdultSlopeContact= 5.99236530531198
AIAdultLD50Contact= 51.8025089258281
AILarvaSlope= 7.05921639688313
AILarvaLD50= 55.580443172836
AIKOW= 80839.553295949
AIKOC= 34968.0395399604
AIHalfLife= 0.342740855435841
EAppRate= 5.91663133327034
FoliarEnabled= true
FoliarAppDate= 06/07/1989
FoliarForageBegin= 06/05/1989
FoliarForageEnd= 06/28/1989
AIContactFactor= 1.7074036873132
CL4Pollen= 0.630530562251806
CL4Nectar= 78.9265103405342
CL5Pollen= 2.40800606366247
CL5Nectar= 3.39510046178475
CLDPollen= 2.84339520195499
CLDNectar= 76.1744620744139
CA13Pollen= 4.71502488879487
CA13Nectar= 52.8593284450471
CA410Pollen= 6.30643874085508
CA410Nectar= 42.169816843234
CA1120Pollen= 1.48985993117094
CA1120Nectar= 99.8439724370837
IPollenTrips= 8.60818285960704
INectarTrips= 10.3386414702982
IPollenLoad= 1.25031653093174
INectarLoad= 6.98359957430512
