ICQueenStrength= 1.53083962528035
RQWkrDrnRatio= 1.83331821393222
ICDroneMiteSurvivorship= 87.3113763751462
ICWorkerMiteSurvivorship= 61.6785428486764
ICForagerLifespan= 7.77437619492412
ImmType= Cosine
RQQueenStrength= 4.44812170485966
RQEnableReQueen= true
AIAdultSlope= 5.78426252305508
AIAdultLD50= 36.5817098696853
AIAdultSlopeContact= 4.60086314659566
AIAdultLD50Contact= 43.2342921600137
AILarvaSlope= 6.75753663852811
AILarvaLD50= 46.5980590132151
AIKOW= 17599.7081423782
AIKOC= 31397.537929652
AIHalfLife= 7.50690333179664
EAppRate= 8.19138925990206
FoliarEnabled= true
FoliarAppDate= 06/07/1989
FoliarForageBegin= 06/05/1989
FoliarForageEnd= 06/28/1989
AIContactFactor= 1.57967889845837
CL4Pollen= 1.93434563931078
CL4Nectar= 47.7325268555433
CL5Pollen= 1.61060329014435
CL5Nectar= 121.13913721405
CLDPollen= 2.49822218483314
CLDNectar= 95.6653822911903
CA13Pollen= 3.77336448645219
CA13Nectar= 20.7056411169469
CA410Pollen= 8.58609651799779
CA410Nectar= 27.7512187277898
CA1120Pollen= 1.73738275305368
CA1120Nectar= 28.858109600842
IPollenTrips= 13.5795414610766
INectarTrips= 6.34948396589607
IPollenLoad= 5.9287883201614
INectarLoad= 0.193749135360122
