ICQueenStrength= 4.14930986845866
RQWkrDrnRatio= 1.42240055836737
ICDroneMiteSurvivorship= 26.8856233451515
ICWorkerMiteSurvivorship= 20.6194615224376
ICForagerLifespan= 9.68559104856104
ImmType= Exponential
RQQueenStrength= 2.28670429694466
RQEnableReQueen= true
AIAdultSlope= 7.19761979021132
AIAdultLD50= 80.9370134391882
AIAdultSlopeContact= 3.2851067003794
AIAdultLD50Contact= 25.0582387569183
AILarvaSlope= 2.58165280893445
AILarvaLD50= 64.7443420100312
AIKOW= 54404.5658509927
AIKOC= 58184.3403370276
AIHalfLife= 34.7761836694321
EAppRate= 7.34987165203597
FoliarEnabled= true
FoliarAppDate= 06/07/1989
FoliarForageBegin= 06/05/1989
FoliarForageEnd= 06/28/1989
AIContactFactor= 0.913168005230837
CL4Pollen= 2.44737905450165
CL4Nectar= 31.8781989160925
CL5Pollen= 3.76494103018194
CL5Nectar= 69.1641498240642
CLDPollen= 2.96495054662228
CLDNectar= 86.2343069398776
CA13Pollen= 4.76479613669217
CA13Nectar= 70.4405068233609
CA410Pollen= 5.34334695402067
CA410Nectar= 101.088990406133
CA1120Pollen= 0.0250377750489861
CA1120Nectar= 68.5159175097942
IPollenTrips= 8.44729278702289
INectarTrips= 11.6004925197922
IPollenLoad= 1.49861347163096
INectarLoad= 7.23405974684283
