ICQueenStrength= 3.59486588067375
RQWkrDrnRatio= 2.56441112887114
ICDroneMiteSurvivorship= 60.5845073470846
ICWorkerMiteSurvivorship= 90.5326279113069
ICForagerLifespan= 12.2180740293115
ImmType= Tangent
RQQueenStrength= 3.77124933665618
RQEnableReQueen= true
AIAdultSlope= 2.9394794665277
AIAdultLD50= 98.35118083678
AIAdultSlopeContact= 8.45420106244273
AIAdultLD50Contact= 28.9554647100321
AILarvaSlope= 8.07752140983939
AILarvaLD50= 83.0109900980527
AIKOW= 70020.6631040267
AIKOC= 65821.0867521879
AIHalfLife= 17.4851297831396
EAppRate= 7.26056014144095
FoliarEnabled= true
FoliarAppDate= 06/07/1989
FoliarForageBegin= 06/05/1989
FoliarForageEnd= 06/28/1989
AIContactFactor= 2.17704811831471
CL4Pollen= 1.77162851858884
CL4Nectar= 79.3533492367715
CL5Pollen= 1.26665737526491
CL5Nectar= 114.202529483009
CLDPollen= 5.47176176123321
CLDNectar= 43.4939704136923
CA13Pollen= 3.544464445021
CA13Nectar= 79.4407867826521
CA410Pollen= 8.43931100978516
CA410Nectar= 140.182283399627
CA1120Pollen= 1.24295694404282
CA1120Nectar= 64.0081556327641
IPollenTrips= 5.51614445401356
INectarTrips= 11.9729027850553
IPollenLoad= 4.93079649517313
INectarLoad= 8.26601739274338
ESoilP= 1.15395680582151
ESoilFoc= 0.0126562550945673
