ICQueenStrength= 4.81100537138991
RQWkrDrnRatio= 1.16074984893203
ICDroneMiteSurvivorship= 14.7797753335908
ICWorkerMiteSurvivorship= 23.4877177746966
ICForagerLifespan= 8.44412896037102
ImmType= Polynomial
AIAdultSlope= 0.485213149201591
AIAdultLD50= 0.167832176340744
AIAdultSlopeContact= 1.3619902502792
AIAdultLD50Contact= 0.00287916274974123
AILarvaSlope= 2.21493317997083
AILarvaLD50= 0.768782134610228
AIKOW= 4.07320894766599
AIKOC= 24.6874221845064
AIHalfLife= 0.200140863354318
EAppRate= 7.0288822078146
FoliarEnabled= true
