ICQueenStrength= 2.06081114266999
RQWkrDrnRatio= 4.48542915936559
ICDroneMiteSurvivorship= 41.5515989298001
ICWorkerMiteSurvivorship= 20.9902513539419
ICForagerLifespan= 8.66209331993014
ImmType= Polynomial
RQQueenStrength= 2.97376692900434
RQEnableReQueen= true
AIAdultSlope= 4.89462117105722
AIAdultLD50= 44.7394772770612
AIAdultSlopeContact= 5.89322810457088
AIAdultLD50Contact= 24.0173778872483
AILarvaSlope= 6.79205741733313
AILarvaLD50= 48.0069742551499
AIKOW= 83131.730357387
AIKOC= 60848.9714191968
AIHalfLife= 4.67895675429609
EAppRate= 6.99241379453498
FoliarEnabled= true
FoliarAppDate= 06/07/1989
FoliarForageBegin= 06/05/1989
FoliarForageEnd= 06/28/1989
AIContactFactor= 0.843305763709359
CL4Pollen= 3.14732502773404
CL4Nectar= 51.8298039445654
CL5Pollen= 0.999421591870487
CL5Nectar= 60.1127705303952
CLDPollen= 5.60883317375556
CLDNectar= 109.011671680491
CA13Pollen= 2.96570010790601
CA13Nectar= 83.1538548879325
CA410Pollen= 9.21634074070025
CA410Nectar= 92.9125706804916
CA1120Pollen= 1.42583511443809
CA1120Nectar= 35.0968304090202
IPollenTrips= 5.78462267294526
INectarTrips= 7.80703466851264
IPollenLoad= 5.34624825697392
INectarLoad= 4.40515007358044
