ICQueenStrength= 2.20263003744185
RQWkrDrnRatio= 4.77271263860166
ICDroneMiteSurvivorship= 28.8801186019555
ICWorkerMiteSurvivorship= 51.8195146229118
ICForagerLifespan= 6.81064825318754
ImmType= Logarithmic
RQQueenStrength= 1.16366074886173
RQEnableReQueen=true
AIAdultSlope= 8.12344252504408
AIAdultLD50= 0.669027893643361
AIAdultSlopeContact= 4.63923696405254
AIAdultLD50Contact= 86.8966319577303
AILarvaSlope= 1.75468905456364
AILarvaLD50= 85.9278369696913
AIKOW= 59634.8891120136
AIKOC= 37546.0576506385
AIHalfLife= 15.8447913393145
EAppRate= 7.52834030564944
FoliarEnabled=true
FoliarAppDate= 07/01/1989
FoliarForageBegin= 07/01/1989
FoliarForageEnd= 07/14/1989
AIContactFactor= 1.83111029985826
CL4Pollen= 1.00796758756042
CL4Nectar= 21.1494820658118
CL5Pollen= 0.585407340433449
CL5Nectar= 7.86573782097548
CLDPollen= 0.0177092598751187
CLDNectar= 134.870119392872
CA13Pollen= 7.30611251741648
CA13Nectar= 62.5290282256901
CA410Pollen= 4.74522346199956
CA410Nectar= 103.047474133782
CA1120Pollen= 0.714251909404993
CA1120Nectar= 21.7614583671093
IPollenTrips= 7.75349960429594
INectarTrips= 14.9540867167525
IPollenLoad= 7.21713381120935
INectarLoad= 9.47104724356905
