ICQueenStrength= 5.55211484222673
RQWkrDrnRatio= 1.39393062889576
ICDroneMiteSurvivorship= 95.0809011468664
ICWorkerMiteSurvivorship= 7.52325106877834
ICForagerLifespan= 13.8171587334946
ImmType= Exponential
RQQueenStrength= 5.12762708379887
RQEnableReQueen= true
AIAdultSlope= 6.60862858407199
AIAdultLD50= 69.953936101292
AIAdultSlopeContact= 4.26169319613837
AIAdultLD50Contact= 8.05502181086549
AILarvaSlope= 5.59974827989936
AILarvaLD50= 35.3293379795644
AIKOW= 92577.3628959429
AIKOC= 32309.5790600672
AIHalfLife= 24.2054301434429
EAppRate= 0.213263307647314
FoliarEnabled= true
FoliarAppDate= 06/07/1989
FoliarForageBegin= 06/05/1989
FoliarForageEnd= 06/28/1989
AIContactFactor= 1.21699985111132
CL4Pollen= 1.1592094739899
CL4Nectar= 75.0541328219697
CL5Pollen= 0.046028898563236
CL5Nectar= 119.03872116236
CLDPollen= 1.0879472787492
CLDNectar= 30.5915198754519
CA13Pollen= 6.07663599895313
CA13Nectar= 50.7887152582407
CA410Pollen= 6.39512237410527
CA410Nectar= 92.8075788356364
CA1120Pollen= 0.35725176287815
CA1120Nectar= 22.0137364976108
IPollenTrips= 6.05362328700721
INectarTrips= 6.10626078210771
IPollenLoad= 5.85254815639928
INectarLoad= 8.90924881212413
