ICQueenStrength= 4.60244168434292
RQWkrDrnRatio= 2.35664978809655
ICDroneMiteSurvivorship= 88.2157442858443
ICWorkerMiteSurvivorship= 26.6703609842807
ICForagerLifespan= 9.12098275963217
ImmType= Logarithmic
RQQueenStrength= 4.50949609884992
RQEnableReQueen= true
AIAdultSlope= 7.33782080933452
AIAdultLD50= 12.0776419467961
AIAdultSlopeContact= 3.65760008455254
AIAdultLD50Contact= 47.9257143791539
AILarvaSlope= 7.50517991185188
AILarvaLD50= 22.4546158179166
AIKOW= 12532.3143012563
AIKOC= 39832.7623235581
AIHalfLife= 33.8443583401619
EAppRate= 1.72581288305018
FoliarEnabled= true
FoliarAppDate= 06/07/1989
FoliarForageBegin= 06/05/1989
FoliarForageEnd= 06/28/1989
AIContactFactor= 2.0569798478717
CL4Pollen= 3.72558523993939
CL4Nectar= 98.2717616017908
CL5Pollen= 3.79684146400541
CL5Nectar= 3.26111650792882
CLDPollen= 3.71051518851891
CLDNectar= 139.619191526435
CA13Pollen= 4.10950730070472
CA13Nectar= 70.6484920531511
CA410Pollen= 7.6773723396007
CA410Nectar= 101.17139570415
CA1120Pollen= 0.29372842842713
CA1120Nectar= 89.7491466626525
IPollenTrips= 13.2065579644404
INectarTrips= 11.9213566370308
IPollenLoad= 2.78659456409514
INectarLoad= 6.88334078760818
ESoilP= 1.72372112376615
ESoilFoc= 0.00222883237060159
