ICQueenStrength= 2.46840472356416
RQWkrDrnRatio= 1.14262124616653
ICDroneMiteSurvivorship= 80.832032696344
ICWorkerMiteSurvivorship= 9.64507383760065
ICForagerLifespan= 12.1684334818274
ImmType= Sine
RQQueenStrength= 3.78272924246266
RQEnableReQueen= true
AIAdultSlope= 8.51798880472779
AIAdultLD50= 74.065015467406
AIAdultSlopeContact= 3.46017739130184
AIAdultLD50Contact= 43.21594656932
AILarvaSlope= 1.05729941092432
AILarvaLD50= 21.4324770688917
AIKOW= 24151.6584010371
AIKOC= 77527.5921198123
AIHalfLife= 8.40878220973536
EAppRate= 2.0763582197444
FoliarEnabled= true
FoliarAppDate= 06/07/1989
FoliarForageBegin= 06/05/1989
FoliarForageEnd= 06/28/1989
AIContactFactor= 1.53206128327176
CL4Pollen= 3.38471609912813
CL4Nectar= 38.5964804794639
CL5Pollen= 4.46727957297117
CL5Nectar= 109.314678353257
CLDPollen= 2.41369273234159
CLDNectar= 69.1120377508923
CA13Pollen= 8.14579106522724
CA13Nectar= 35.4385836422443
CA410Pollen= 6.66371141055133
CA410Nectar= 25.1928391307592
CA1120Pollen= 1.16690776334144
CA1120Nectar= 64.5019000023603
IPollenTrips= 5.64737065229565
INectarTrips= 11.1815900285728
IPollenLoad= 9.16045034769922
INectarLoad= 3.64474126836285
ESoilP= 1.47757347533479
ESoilFoc= 0.00766817453154363
