ICQueenStrength= 5.02113089920022
RQWkrDrnRatio= 3.2045926451683
ICDroneMiteSurvivorship= 42.2210816526785
ICWorkerMiteSurvivorship= 80.6747250724584
ICForagerLifespan= 6.6777152698487
ImmType= Logarithmic
RQQueenStrength= 5.72275320324115
RQEnableReQueen= true
AIAdultSlope= 7.94919120892882
AIAdultLD50= 76.7023625401584
AIAdultSlopeContact= 4.53396999579854
AIAdultLD50Contact= 78.5920409192415
AILarvaSlope= 8.48560728691518
AILarvaLD50= 95.4901766025873
AIKOW= 92488.9418356994
AIKOC= 16288.9802355496
AIHalfLife= 32.331401007087
EAppRate= 5.23846193439188
FoliarEnabled= true
FoliarAppDate= 06/07/1989
FoliarForageBegin= 06/05/1989
FoliarForageEnd= 06/28/1989
AIContactFactor= 0.658027731375769
CL4Pollen= 0.48016616795212
CL4Nectar= 16.2951971637085
CL5Pollen= 0.329596127383411
CL5Nectar= 33.2208976149559
CLDPollen= 5.77900569420308
CLDNectar= 2.7332937461324
CA13Pollen= 7.83579472899437
CA13Nectar= 63.2969453558326
CA410Pollen= 8.6060767480405
CA410Nectar= 152.721626134589
CA1120Pollen= 1.68331901729107
CA1120Nectar= 87.6178386993706
IPollenTrips= 8.34406985901296
INectarTrips= 5.1903683738783
IPollenLoad= 6.94214554736391
INectarLoad= 2.78380926465616
