ICQueenStrength= 4.71494289138354
RQWkrDrnRatio= 1.1169286519289
ICDroneMiteSurvivorship= 54.9312573857605
ICWorkerMiteSurvivorship= 61.7470816476271
ICForagerLifespan= 9.88883171230555
ImmType= Cosine
AIAdultSlope= 1.18741179505829
AIAdultLD50= 0.124603687413037
AIAdultSlopeContact= 0.361463041054085
AIAdultLD50Contact= 0.0138813729048707
AILarvaSlope= 2.47059297403321
AILarvaLD50= 0.0531200787518173
AIKOW= 5.23187855537981
AIKOC= 14.3090175942052
AIHalfLife= 1.99454985850025
EAppRate= 2.38692204002291
FoliarEnabled= true
