ICQueenStrength= 1.86840509995818
RQWkrDrnRatio= 2.16742834635079
ICDroneMiteSurvivorship= 60.1221323013306
ICWorkerMiteSurvivorship= 44.6018281159922
ICForagerLifespan= 15.5806257212535
ImmType= Logarithmic
RQQueenStrength= 3.29617607593536
RQEnableReQueen=true
AIAdultSlope= 7.46059223078191
AIAdultLD50= 0.138489753751783
AIAdultSlopeContact= 3.2707295990549
AIAdultLD50Contact= 99.8803804017776
AILarvaSlope= 4.5013299677521
AILarvaLD50= 38.4053276613094
AIKOW= 29383.6171109016
AIKOC= 20593.6770908779
AIHalfLife= 19.2512035159394
EAppRate= 8.94211751932884
FoliarEnabled=true
FoliarAppDate= 07/01/1989
FoliarForageBegin= 07/01/1989
FoliarForageEnd= 07/14/1989
AIContactFactor= 1.00368405373301
CL4Pollen= 1.69684624765068
CL4Nectar= 69.5922386599705
CL5Pollen= 1.56383841717616
CL5Nectar= 37.7073151641525
CLDPollen= 5.05922373058274
CLDNectar= 112.910402845591
CA13Pollen= 3.50608079349622
CA13Nectar= 69.5083682611585
CA410Pollen= 4.75668181111105
CA410Nectar= 20.3539281664416
CA1120Pollen= 2.10531034762971
CA1120Nectar= 20.1551124826074
IPollenTrips= 11.4885053643957
INectarTrips= 6.57565933652222
IPollenLoad= 5.34945671912283
INectarLoad= 2.4445974570699
