ICQueenStrength= 2.54282284900546
RQWkrDrnRatio= 3.44534087087959
ICDroneMiteSurvivorship= 64.5075655309483
ICWorkerMiteSurvivorship= 52.592439414002
ICForagerLifespan= 13.7628249181435
ImmType= Tangent
RQQueenStrength= 4.85291807120666
RQEnableReQueen= true
AIAdultSlope= 7.81908107921481
AIAdultLD50= 52.7352234178681
AIAdultSlopeContact= 4.70548496604897
AIAdultLD50Contact= 15.1358060366069
AILarvaSlope= 8.32873595505953
AILarvaLD50= 42.4579934764365
AIKOW= 62135.9392214781
AIKOC= 12424.0249621451
AIHalfLife= 27.0884601150872
EAppRate= 3.70247521363292
FoliarEnabled= true
FoliarAppDate= 06/07/1989
FoliarForageBegin= 06/05/1989
FoliarForageEnd= 06/28/1989
AIContactFactor= 1.55395218658727
CL4Pollen= 2.14671578351408
CL4Nectar= 1.3505615061149
CL5Pollen= 4.94652193877846
CL5Nectar= 132.170192326885
CLDPollen= 2.75448166066781
CLDNectar= 83.5961499600671
CA13Pollen= 4.66963472198695
CA13Nectar= 30.3943287394941
CA410Pollen= 9.15079156148713
CA410Nectar= 24.0217335755005
CA1120Pollen= 1.73419589898549
CA1120Nectar= 90.2539772540331
IPollenTrips= 12.7975146938115
INectarTrips= 7.70726803923026
IPollenLoad= 1.64367940975353
INectarLoad= 6.71599667984992
ESoilP= 1.25787654565647
ESoilFoc= 0.0185012642394286
