ICQueenStrength= 3.18738648458384
RQWkrDrnRatio= 4.65173630230129
ICDroneMiteSurvivorship= 58.4015234839171
ICWorkerMiteSurvivorship= 9.54125346615911
ICForagerLifespan= 13.0040865940973
ImmType= Logarithmic
AIAdultSlope= 0.778990768112708
AIAdultLD50= 0.117667331220582
AIAdultSlopeContact= 3.32456884034676
AIAdultLD50Contact= 0.0497401127940975
AILarvaSlope= 1.79101416971534
AILarvaLD50= 0.513875242997892
AIKOW= 3.88863315433264
AIKOC= 29.6436635032296
AIHalfLife= 1.2979747088626
EAppRate= 6.40990238636732
FoliarEnabled= true
