ICQueenStrength= 2.519678971963
RQWkrDrnRatio= 1.70543044805527
ICDroneMiteSurvivorship= 18.3169360039756
ICWorkerMiteSurvivorship= 33.6929103592411
ICForagerLifespan= 10.4286194592714
ImmType= Sine
RQQueenStrength= 4.69711016654037
RQEnableReQueen= true
AIAdultSlope= 5.08078877814114
AIAdultLD50= 93.5278227042123
AIAdultSlopeContact= 5.25070680212229
AIAdultLD50Contact= 53.139601917681
AILarvaSlope= 8.10539974085987
AILarvaLD50= 73.0335938068826
AIKOW= 26576.7230501074
AIKOC= 413.903205902549
AIHalfLife= 30.7385417379905
EAppRate= 4.08224516095151
FoliarEnabled= true
FoliarAppDate= 06/07/1989
FoliarForageBegin= 06/05/1989
FoliarForageEnd= 06/28/1989
AIContactFactor= 0.417723676790483
CL4Pollen= 0.477458746172488
CL4Nectar= 67.2383547527716
CL5Pollen= 2.03444189624861
CL5Nectar= 138.335653021932
CLDPollen= 4.06822949554771
CLDNectar= 136.735713668168
CA13Pollen= 4.41966339321807
CA13Nectar= 31.3344390131533
CA410Pollen= 2.28317515237723
CA410Nectar= 139.571208585985
CA1120Pollen= 0.530720905400813
CA1120Nectar= 78.7564028985798
IPollenTrips= 12.3603650275618
INectarTrips= 14.9753401544876
IPollenLoad= 2.75738342199475
INectarLoad= 0.334080434404314
