ICQueenStrength= 1.16182336257771
RQWkrDrnRatio= 4.86757747363299
ICDroneMiteSurvivorship= 24.2368440842256
ICWorkerMiteSurvivorship= 62.6388284843415
ICForagerLifespan= 7.73919838666916
ImmType= Exponential
RQQueenStrength= 4.37570017320104
RQEnableReQueen= true
AIAdultSlope= 6.14337132871151
AIAdultLD50= 57.5281123332509
AIAdultSlopeContact= 5.28258871193975
AIAdultLD50Contact= 82.0840291662102
AILarvaSlope= 4.31018303148448
AILarvaLD50= 74.4979759944938
AIKOW= 35732.9702709061
AIKOC= 97530.1013519987
AIHalfLife= 14.9239527437137
EAppRate= 6.93904351961752
FoliarEnabled= true
FoliarAppDate= 06/07/1989
FoliarForageBegin= 06/05/1989
FoliarForageEnd= 06/28/1989
AIContactFactor= 0.594452407802455
CL4Pollen= 2.60389303136617
CL4Nectar= 5.93772018328309
CL5Pollen= 3.59121644357219
CL5Nectar= 143.097966955975
CLDPollen= 5.55828395532444
CLDNectar= 68.1391713093035
CA13Pollen= 2.2892148190178
CA13Nectar= 73.6748288013041
CA410Pollen= 6.75875354348682
CA410Nectar= 175.708874547854
CA1120Pollen= 0.422030124580488
CA1120Nectar= 44.6150909736753
IPollenTrips= 6.52106087654829
INectarTrips= 6.73901007976383
IPollenLoad= 7.87013449938968
INectarLoad= 3.49242814118043
