ICQueenStrength= 5.37677416251972
RQWkrDrnRatio= 4.63133977726102
ICDroneMiteSurvivorship= 34.1030212584883
ICWorkerMiteSurvivorship= 1.32427110802382
ICForagerLifespan= 9.63132564630359
ImmType= Cosine
AIAdultSlope= 0.504455018586013
AIAdultLD50= 0.142895894125104
AIAdultSlopeContact= 0.510221987504046
AIAdultLD50Contact= 0.038581462262664
AILarvaSlope= 0.428849219577387
AILarvaLD50= 0.364685998228379
AIKOW= 2.93559891358018
AIKOC= 21.106925153872
AIHalfLife= 0.208864261442795
EAppRate= 0.33039741916582
FoliarEnabled= true
