ICQueenStrength= 3.79152508126572
RQWkrDrnRatio= 3.62843873724341
ICDroneMiteSurvivorship= 83.8732521981001
ICWorkerMiteSurvivorship= 66.2584445439279
ICForagerLifespan= 8.75067202374339
ImmType= Polynomial
AIAdultSlope= 3.04194395368919
AIAdultLD50= 0.0913365518674255
AIAdultSlopeContact= 1.12821177052567
AIAdultLD50Contact= 0.0196277541690506
AILarvaSlope= 2.4149316330906
AILarvaLD50= 0.0728105772519484
AIKOW= 5.80244975164533
AIKOC= 18.5233097535092
AIHalfLife= 0.116500268434174
EAppRate= 3.57369462959468
FoliarEnabled= true
