ICQueenStrength= 1.41543027735315
RQWkrDrnRatio= 2.91315799485892
ICDroneMiteSurvivorship= 97.4669150076807
ICWorkerMiteSurvivorship= 75.6086750188842
ICForagerLifespan= 15.3078847303987
ImmType= Exponential
RQQueenStrength= 5.86973820952699
RQEnableReQueen= true
AIAdultSlope= 3.35591823607683
AIAdultLD50= 36.4882981251234
AIAdultSlopeContact= 9.04651573929004
AIAdultLD50Contact= 32.2926559339662
AILarvaSlope= 2.36749844625592
AILarvaLD50= 43.9443528409556
AIKOW= 49093.7452214007
AIKOC= 33224.1381821472
AIHalfLife= 19.176334596402
EAppRate= 6.29756087775552
FoliarEnabled= true
FoliarAppDate= 06/07/1989
FoliarForageBegin= 06/05/1989
FoliarForageEnd= 06/28/1989
AIContactFactor= 2.04717869431712
CL4Pollen= 3.03693461418152
CL4Nectar= 78.2457689056173
CL5Pollen= 5.82634185813367
CL5Nectar= 50.0704743317328
CLDPollen= 1.43578319298103
CLDNectar= 67.9973024642095
CA13Pollen= 4.20579986721277
CA13Nectar= 65.5352690070868
CA410Pollen= 2.53684254717082
CA410Nectar= 46.287925792858
CA1120Pollen= 0.644120010081679
CA1120Nectar= 27.3488874733448
IPollenTrips= 8.96522719413042
INectarTrips= 10.1436021318659
IPollenLoad= 0.0690823211334646
INectarLoad= 6.63796870037913
