ICQueenStrength= 2.28166889306158
RQWkrDrnRatio= 4.75169790256768
ICDroneMiteSurvivorship= 87.4423172557727
ICWorkerMiteSurvivorship= 82.0186324417591
ICForagerLifespan= 5.01397673040628
ImmType= Tangent
RQQueenStrength= 5.88077830756083
RQEnableReQueen= true
AIAdultSlope= 2.12929983437061
AIAdultLD50= 94.8017065569842
AIAdultSlopeContact= 1.83295974764042
AIAdultLD50Contact= 21.2672304316703
AILarvaSlope= 2.00601540692151
AILarvaLD50= 64.062850946615
AIKOW= 74749.4995698818
AIKOC= 96194.4343171632
AIHalfLife= 4.35592934484594
EAppRate= 1.58809263911704
FoliarEnabled= true
FoliarAppDate= 06/07/1989
FoliarForageBegin= 06/05/1989
FoliarForageEnd= 06/28/1989
AIContactFactor= 1.38510374096688
CL4Pollen= 0.430107391439378
CL4Nectar= 45.9196349373087
CL5Pollen= 2.30467637255788
CL5Nectar= 96.1942904395983
CLDPollen= 4.69578467588872
CLDNectar= 123.206963867415
CA13Pollen= 7.30112632298842
CA13Nectar= 33.1003454141319
CA410Pollen= 3.02590511916205
CA410Nectar= 33.988522621803
CA1120Pollen= 1.94987889588811
CA1120Nectar= 59.1427284106612
IPollenTrips= 14.1343896463513
INectarTrips= 8.47506812307984
IPollenLoad= 4.05225729336962
INectarLoad= 3.7410751148127
