ICQueenStrength= 4.37630282714963
RQWkrDrnRatio= 1.44032867252827
ICDroneMiteSurvivorship= 65.409118286334
ICWorkerMiteSurvivorship= 55.0519398646429
ICForagerLifespan= 4.14120741654187
ImmType= Tangent
RQQueenStrength= 2.56652221735567
RQEnableReQueen=true
AIAdultSlope= 8.36098095588386
AIAdultLD50= 0.6656767211142
AIAdultSlopeContact= 7.88974337885156
AIAdultLD50Contact= 57.7136649290156
AILarvaSlope= 5.1620219796896
AILarvaLD50= 3.67306506999885
AIKOW= 59524.3010865948
AIKOC= 30255.8472190304
AIHalfLife= 17.9351086765993
EAppRate= 4.0097668494219
FoliarEnabled=true
FoliarAppDate= 07/01/1989
FoliarForageBegin= 07/01/1989
FoliarForageEnd= 07/14/1989
AIContactFactor= 2.3503864735784
CL4Pollen= 0.661055723205209
CL4Nectar= 12.4334051739424
CL5Pollen= 2.48018268076703
CL5Nectar= 7.10451499326155
CLDPollen= 0.768561646342278
CLDNectar= 112.698558380362
CA13Pollen= 7.50689167184755
CA13Nectar= 58.4409644827247
CA410Pollen= 2.5983288893709
CA410Nectar= 25.0590663868934
CA1120Pollen= 2.31234159856103
CA1120Nectar= 84.3724501878023
IPollenTrips= 14.7017943509854
INectarTrips= 6.5136040491052
IPollenLoad= 1.56365977367386
INectarLoad= 4.13510996615514
