ICQueenStrength= 1.96586669050157
RQWkrDrnRatio= 1.01670827623457
ICDroneMiteSurvivorship= 60.8375634066761
ICWorkerMiteSurvivorship= 74.1758431773633
ICForagerLifespan= 6.77418160438538
ImmType= Tangent
RQQueenStrength= 2.30090679880232
RQEnableReQueen=true
AIAdultSlope= 3.11869624443352
AIAdultLD50= 0.899004863112932
AIAdultSlopeContact= 2.5625165135134
AIAdultLD50Contact= 9.34397794432845
AILarvaSlope= 7.11569537781179
AILarvaLD50= 87.3570507662289
AIKOW= 51709.1401714758
AIKOC= 28055.7759133624
AIHalfLife= 30.4173433543649
EAppRate= 0.359678666706895
FoliarEnabled=true
FoliarAppDate= 07/01/1989
FoliarForageBegin= 07/01/1989
FoliarForageEnd= 07/14/1989
AIContactFactor= 1.01670160195325
CL4Pollen= 2.59437541197985
CL4Nectar= 16.14758616779
CL5Pollen= 3.18977230042219
CL5Nectar= 85.3008703328669
CLDPollen= 1.68110505770892
CLDNectar= 19.7357499157079
CA13Pollen= 5.09884139085188
CA13Nectar= 86.5490776114166
CA410Pollen= 5.40361600217875
CA410Nectar= 58.4545467514545
CA1120Pollen= 1.24114586482756
CA1120Nectar= 30.2296589128673
IPollenTrips= 10.1355048874393
INectarTrips= 10.9051622357219
IPollenLoad= 6.58388883341104
INectarLoad= 0.474849387537688
