ICQueenStrength= 1.80736697465181
RQWkrDrnRatio= 3.46399417892098
ICDroneMiteSurvivorship= 6.26557413488626
ICWorkerMiteSurvivorship= 4.37247757799923
ICForagerLifespan= 4.4202027823776
ImmType= Logarithmic
RQQueenStrength= 3.26328975334764
RQEnableReQueen=true
AIAdultSlope= 8.75708348862827
AIAdultLD50= 0.549130196559709
AIAdultSlopeContact= 6.02466452494264
AIAdultLD50Contact= 61.2469786652916
AILarvaSlope= 8.37268590182066
AILarvaLD50= 82.4442028820713
AIKOW= 14104.5678853548
AIKOC= 56734.797601792
AIHalfLife= 1.33856833160389
EAppRate= 6.7131627833047
FoliarEnabled=true
FoliarAppDate= 07/01/1989
FoliarForageBegin= 07/01/1989
FoliarForageEnd= 07/14/1989
AIContactFactor= 0.713851257730275
CL4Pollen= 0.516500640660524
CL4Nectar= 5.57869451586157
CL5Pollen= 0.229070744477212
CL5Nectar= 149.010765133426
CLDPollen= 2.88980647176504
CLDNectar= 149.682334461249
CA13Pollen= 8.02175135519355
CA13Nectar= 49.3971122056246
CA410Pollen= 3.65766221932136
CA410Nectar= 61.9097666023299
CA1120Pollen= 0.129602784756571
CA1120Nectar= 40.2044995129108
IPollenTrips= 5.02713110065088
INectarTrips= 11.4401438971981
IPollenLoad= 8.90718946466222
INectarLoad= 0.0548534817062318
