ICQueenStrength= 2.60267246654257
RQWkrDrnRatio= 4.91090473532677
ICDroneMiteSurvivorship= 64.155671140179
ICWorkerMiteSurvivorship= 99.738632212393
ICForagerLifespan= 5.12559460941702
ImmType= Exponential
RQQueenStrength= 4.06647866847925
RQEnableReQueen= true
AIAdultSlope= 4.11982006393373
AIAdultLD50= 59.2121997941746
AIAdultSlopeContact= 3.04568733414635
AIAdultLD50Contact= 18.8363877324068
AILarvaSlope= 2.61103172600269
AILarvaLD50= 62.1592122515922
AIKOW= 98109.519298178
AIKOC= 9308.7788664829
AIHalfLife= 11.0817927912576
EAppRate= 7.83913067987282
FoliarEnabled= true
FoliarAppDate= 06/07/1989
FoliarForageBegin= 06/05/1989
FoliarForageEnd= 06/28/1989
AIContactFactor= 1.69450062473305
CL4Pollen= 3.03865510597825
CL4Nectar= 23.8475652877241
CL5Pollen= 0.269574576057494
CL5Nectar= 137.224038946442
CLDPollen= 4.16888935491443
CLDNectar= 103.195188834798
CA13Pollen= 2.39224798213691
CA13Nectar= 42.4110755510628
CA410Pollen= 7.15236502985936
CA410Nectar= 38.9905869122595
CA1120Pollen= 0.744253451703116
CA1120Nectar= 30.8870946057141
IPollenTrips= 14.560734895058
INectarTrips= 8.1404983648099
IPollenLoad= 6.4374217716977
INectarLoad= 6.92870103055611
