ICQueenStrength= 3.8569828462787
RQWkrDrnRatio= 4.58682893402874
ICDroneMiteSurvivorship= 92.5131369847804
ICWorkerMiteSurvivorship= 92.4615999218076
ICForagerLifespan= 14.0369304604828
ImmType= Polynomial
AIAdultSlope= 2.65462301858934
AIAdultLD50= 0.00900492598302662
AIAdultSlopeContact= 1.47401522806613
AIAdultLD50Contact= 0.0229119134717621
AILarvaSlope= 0.964703962905332
AILarvaLD50= 0.178575417981483
AIKOW= 3.65415874589235
AIKOC= 19.1390940581914
AIHalfLife= 1.23542967468966
EAppRate= 2.76655311463401
FoliarEnabled= true
