ICQueenStrength= 4.16133916843683
RQWkrDrnRatio= 4.97610690258443
ICDroneMiteSurvivorship= 27.8679231181741
ICWorkerMiteSurvivorship= 45.313428924419
ICForagerLifespan= 5.15264963824302
ImmType= Sine
RQQueenStrength= 1.48418233823031
RQEnableReQueen=true
AIAdultSlope= 2.08651286177337
AIAdultLD50= 0.97400610514055
AIAdultSlopeContact= 9.32798014837317
AIAdultLD50Contact= 84.4014524387233
AILarvaSlope= 3.8324563652277
AILarvaLD50= 56.9296698260805
AIKOW= 71680.1292410337
AIKOC= 82175.8678295424
AIHalfLife= 2.05429941429757
EAppRate= 1.1395377968743
FoliarEnabled=true
FoliarAppDate= 07/01/1989
FoliarForageBegin= 07/01/1989
FoliarForageEnd= 07/14/1989
AIContactFactor= 0.739222254548222
CL4Pollen= 0.673403729684651
CL4Nectar= 45.1358881779015
CL5Pollen= 1.90956101333722
CL5Nectar= 42.1061286935583
CLDPollen= 2.92421475285664
CLDNectar= 97.273534652777
CA13Pollen= 5.80275494912639
CA13Nectar= 25.8204719237983
CA410Pollen= 2.97576530519873
CA410Nectar= 146.278065145016
CA1120Pollen= 0.385092848679051
CA1120Nectar= 78.4905464015901
IPollenTrips= 6.40727895079181
INectarTrips= 9.67735629994422
IPollenLoad= 4.13780338829383
INectarLoad= 8.35794404149055
