ICQueenStrength= 2.45526933018118
RQWkrDrnRatio= 4.14885265473276
ICDroneMiteSurvivorship= 76.8135144142434
ICWorkerMiteSurvivorship= 82.5604611076415
ICForagerLifespan= 6.51979700941592
ImmType= Polynomial
RQQueenStrength= 1.4968229343649
RQEnableReQueen= true
AIAdultSlope= 5.17172051593661
AIAdultLD50= 97.8814943903203
AIAdultSlopeContact= 8.82811843138188
AIAdultLD50Contact= 3.15076021588687
AILarvaSlope= 3.75697153061628
AILarvaLD50= 94.6256378966856
AIKOW= 53560.8752270821
AIKOC= 63006.3680420357
AIHalfLife= 28.9892513520317
EAppRate= 2.32965426470153
FoliarEnabled= true
FoliarAppDate= 06/07/1989
FoliarForageBegin= 06/05/1989
FoliarForageEnd= 06/28/1989
AIContactFactor= 2.1864527500188
CL4Pollen= 3.31750560365617
CL4Nectar= 46.8780471011996
CL5Pollen= 0.148086651228368
CL5Nectar= 125.276406167541
CLDPollen= 2.09499647375196
CLDNectar= 68.725069554057
CA13Pollen= 4.15409636991099
CA13Nectar= 68.9785630442202
CA410Pollen= 6.35137119826395
CA410Nectar= 77.4496854562312
CA1120Pollen= 2.68623067368753
CA1120Nectar= 85.6555913947523
IPollenTrips= 10.5193368904293
INectarTrips= 5.59776398120448
IPollenLoad= 8.07540646987036
INectarLoad= 4.27174546057358
ESoilP= 1.57732999022119
ESoilFoc= 0.00602634130255319
