ICQueenStrength= 3.46894618403167
RQWkrDrnRatio= 2.26477583311498
ICDroneMiteSurvivorship= 14.3349401885644
ICWorkerMiteSurvivorship= 5.5156693328172
ICForagerLifespan= 14.7608657646924
ImmType= Sine
RQQueenStrength= 4.37498122546822
RQEnableReQueen=true
AIAdultSlope= 7.14087407290936
AIAdultLD50= 0.717471120870439
AIAdultSlopeContact= 1.1810152141843
AIAdultLD50Contact= 40.3479925961769
AILarvaSlope= 5.95911437086761
AILarvaLD50= 1.79453439424047
AIKOW= 13054.9646314727
AIKOC= 19576.8824967409
AIHalfLife= 26.7433113895589
EAppRate= 4.35037160981237
FoliarEnabled=true
FoliarAppDate= 07/01/1989
FoliarForageBegin= 07/01/1989
FoliarForageEnd= 07/14/1989
AIContactFactor= 1.0900124361366
CL4Pollen= 3.45249915029854
CL4Nectar= 48.5243783798069
CL5Pollen= 2.36462019290775
CL5Nectar= 51.7776929307729
CLDPollen= 0.304231925401837
CLDNectar= 112.743713299278
CA13Pollen= 6.72211137255654
CA13Nectar= 50.8441794104874
CA410Pollen= 9.10061931114178
CA410Nectar= 158.826840496622
CA1120Pollen= 1.09358732379042
CA1120Nectar= 85.5059428326786
IPollenTrips= 13.3412264171056
INectarTrips= 12.5942258955911
IPollenLoad= 3.50502233486623
INectarLoad= 8.79028215771541
