ICQueenStrength= 1.5334739042446
RQWkrDrnRatio= 1.78804070316255
ICDroneMiteSurvivorship= 34.7406956832856
ICWorkerMiteSurvivorship= 53.0084205791354
ICForagerLifespan= 4.08867930620909
ImmType= Cosine
RQQueenStrength= 1.28396649472415
RQEnableReQueen=true
AIAdultSlope= 5.00151513889432
AIAdultLD50= 0.890102698187111
AIAdultSlopeContact= 6.19036620110273
AIAdultLD50Contact= 74.1836467094298
AILarvaSlope= 8.26856496185064
AILarvaLD50= 55.0860226759519
AIKOW= 37189.874699513
AIKOC= 24194.4743215793
AIHalfLife= 34.412723891763
EAppRate= 1.2605214195475
FoliarEnabled=true
FoliarAppDate= 07/01/1989
FoliarForageBegin= 07/01/1989
FoliarForageEnd= 07/14/1989
AIContactFactor= 2.24826414510608
CL4Pollen= 0.818426032550633
CL4Nectar= 59.1792854247615
CL5Pollen= 1.05957927228883
CL5Nectar= 133.356801979244
CLDPollen= 5.82537060091272
CLDNectar= 112.261935125571
CA13Pollen= 2.3034201500006
CA13Nectar= 47.7288866043091
CA410Pollen= 6.02229856851045
CA410Nectar= 61.6644061263651
CA1120Pollen= 1.74039472220466
CA1120Nectar= 56.9622757099569
IPollenTrips= 7.36142063047737
INectarTrips= 10.3174828318879
IPollenLoad= 8.07929231552407
INectarLoad= 6.42719081602991
