ICQueenStrength= 2.36043775244616
RQWkrDrnRatio= 1.69269359018654
ICDroneMiteSurvivorship= 90.7416303176433
ICWorkerMiteSurvivorship= 10.0542731350288
ICForagerLifespan= 12.0892289699987
ImmType= Cosine
RQQueenStrength= 2.83397492277436
RQEnableReQueen= true
AIAdultSlope= 3.3495740480721
AIAdultLD50= 23.6897065618359
AIAdultSlopeContact= 2.89732332504354
AIAdultLD50Contact= 74.6546017209657
AILarvaSlope= 7.98480793833733
AILarvaLD50= 8.04748627587361
AIKOW= 30223.4309885677
AIKOC= 98179.8026425911
AIHalfLife= 18.0542019858956
EAppRate= 3.32309204315091
FoliarEnabled= true
FoliarAppDate= 06/07/1989
FoliarForageBegin= 06/05/1989
FoliarForageEnd= 06/28/1989
AIContactFactor= 0.936335118100978
CL4Pollen= 0.913555941544473
CL4Nectar= 63.9739653561264
CL5Pollen= 2.41105822334066
CL5Nectar= 93.8165817526169
CLDPollen= 1.36135973688215
CLDNectar= 139.114107191563
CA13Pollen= 4.98901456529275
CA13Nectar= 67.4272666312754
CA410Pollen= 3.39989755062852
CA410Nectar= 139.85592557583
CA1120Pollen= 0.0790533574763685
CA1120Nectar= 80.9594129212201
IPollenTrips= 5.93404919607565
INectarTrips= 14.18816014193
IPollenLoad= 3.0668996181339
INectarLoad= 6.29852002486587
ESoilP= 1.79791734204628
ESoilFoc= 0.0115230306468438
