ICQueenStrength= 4.75559933949262
RQWkrDrnRatio= 3.83686086442322
ICDroneMiteSurvivorship= 93.5218538856134
ICWorkerMiteSurvivorship= 12.8043373813853
ICForagerLifespan= 11.4393865689635
ImmType= Sine
RQQueenStrength= 1.31554121640511
RQEnableReQueen= true
AIAdultSlope= 7.5882700253278
AIAdultLD50= 87.5692213892972
AIAdultSlopeContact= 2.82680832245387
AIAdultLD50Contact= 50.8502145736292
AILarvaSlope= 8.99895078502595
AILarvaLD50= 42.6674716961489
AIKOW= 84198.4155091293
AIKOC= 69611.3699802135
AIHalfLife= 19.36517285679
EAppRate= 6.07158075598045
FoliarEnabled= true
FoliarAppDate= 06/07/1989
FoliarForageBegin= 06/05/1989
FoliarForageEnd= 06/28/1989
AIContactFactor= 1.67527935263235
CL4Pollen= 3.10486006736755
CL4Nectar= 12.3827216215432
CL5Pollen= 0.349511764012277
CL5Nectar= 125.499734818004
CLDPollen= 2.86994087928906
CLDNectar= 32.7827862231061
CA13Pollen= 7.53150821086019
CA13Nectar= 88.3903232775629
CA410Pollen= 5.77222779637668
CA410Nectar= 183.494918029755
CA1120Pollen= 1.76170985167846
CA1120Nectar= 35.6952999904752
IPollenTrips= 7.97225217334926
INectarTrips= 12.9061203636229
IPollenLoad= 9.86222518142313
INectarLoad= 5.79376503359526
ESoilP= 1.07734161731787
ESoilFoc= 0.008827633197885
