ICQueenStrength= 4.26300518237986
RQWkrDrnRatio= 4.13548149354756
ICDroneMiteSurvivorship= 67.3146578948945
ICWorkerMiteSurvivorship= 4.39814997371286
ICForagerLifespan= 14.1494064591825
ImmType= Sine
RQQueenStrength= 5.61138323298655
RQEnableReQueen= true
AIAdultSlope= 3.81669709272683
AIAdultLD50= 94.5507112768267
AIAdultSlopeContact= 9.63631166471168
AIAdultLD50Contact= 30.2940543921445
AILarvaSlope= 6.27346177212894
AILarvaLD50= 30.83031490563
AIKOW= 97712.5561755266
AIKOC= 80598.5732454031
AIHalfLife= 12.9047504062532
EAppRate= 8.40792218935653
FoliarEnabled= true
FoliarAppDate= 06/07/1989
FoliarForageBegin= 06/05/1989
FoliarForageEnd= 06/28/1989
AIContactFactor= 1.5479374179244
CL4Pollen= 0.0694367988035083
CL4Nectar= 27.5416846619919
CL5Pollen= 5.20405921060592
CL5Nectar= 31.6493239835836
CLDPollen= 2.10087263630703
CLDNectar= 46.2729188497178
CA13Pollen= 6.31926179518923
CA13Nectar= 23.3569707162678
CA410Pollen= 9.06946438546293
CA410Nectar= 114.399311197922
CA1120Pollen= 1.33821281022392
CA1120Nectar= 52.8877145238221
IPollenTrips= 7.96868924982846
INectarTrips= 9.51834713341668
IPollenLoad= 5.48476347699761
INectarLoad= 6.28867442952469
