ICQueenStrength= 1.00674899946898
RQWkrDrnRatio= 3.61137034650892
ICDroneMiteSurvivorship= 84.6116162603721
ICWorkerMiteSurvivorship= 72.0604949165136
ICForagerLifespan= 15.1168313343078
ImmType= Tangent
RQQueenStrength= 3.08394073322415
RQEnableReQueen=true
AIAdultSlope= 6.59192126430571
AIAdultLD50= 0.970518083688105
AIAdultSlopeContact= 9.42499538860284
AIAdultLD50Contact= 31.210355256286
AILarvaSlope= 4.76019386202097
AILarvaLD50= 31.1197276028704
AIKOW= 62969.3671373039
AIKOC= 38250.4350622513
AIHalfLife= 21.8116889044177
EAppRate= 7.30644402307971
FoliarEnabled=true
FoliarAppDate= 07/01/1989
FoliarForageBegin= 07/01/1989
FoliarForageEnd= 07/14/1989
AIContactFactor= 1.74955901628826
CL4Pollen= 1.77999153453857
CL4Nectar= 42.7954221377149
CL5Pollen= 1.65370355872437
CL5Nectar= 113.806109852158
CLDPollen= 0.582512412685901
CLDNectar= 111.340553581249
CA13Pollen= 5.94716313928366
CA13Nectar= 68.1958349049091
CA410Pollen= 6.48001083338167
CA410Nectar= 160.184181253426
CA1120Pollen= 2.85583190456964
CA1120Nectar= 51.4240892231464
IPollenTrips= 14.3807223485783
INectarTrips= 11.3928808318451
IPollenLoad= 1.1308883712627
INectarLoad= 9.84498720150441
