ICQueenStrength= 4.71825029375032
RQWkrDrnRatio= 1.55587578658015
ICDroneMiteSurvivorship= 99.1589540615678
ICWorkerMiteSurvivorship= 8.40708387549967
ICForagerLifespan= 13.2217416055501
ImmType= Sine
RQQueenStrength= 2.85845750384033
RQEnableReQueen= true
AIAdultSlope= 1.68376364931464
AIAdultLD50= 0.680817998365266
AIAdultSlopeContact= 8.82503880700096
AIAdultLD50Contact= 0.00883986488287337
AILarvaSlope= 5.48956362716854
AILarvaLD50= 29.1256115451097
AIKOW= 37616.117413546
AIKOC= 22305.0593178866
AIHalfLife= 1.45138211206067
EAppRate= 4.00717256991146
FoliarEnabled= true
FoliarAppDate= 09/01/1989
FoliarForageBegin= 09/01/1989
FoliarForageEnd= 09/08/1989
AIContactFactor= 1.68694930892438
CL4Pollen= 0.877378183417022
CL4Nectar= 0.101759377866983
CL5Pollen= 2.12000668141991
CL5Nectar= 7.02414190163836
CLDPollen= 5.76971632149071
CLDNectar= 92.5157870049588
CA13Pollen= 5.35847003133967
CA13Nectar= 83.3695465698838
CA410Pollen= 4.55341692010406
CA410Nectar= 120.587706393562
CA1120Pollen= 0.284715954679996
CA1120Nectar= 82.7767719142139
IPollenTrips= 6.89193156780675
INectarTrips= 11.2856045016088
IPollenLoad= 0.459608323872089
INectarLoad= 1.45955280866474
