ICQueenStrength= 2.35416829027236
RQWkrDrnRatio= 2.56950629223138
ICDroneMiteSurvivorship= 96.5209875488654
ICWorkerMiteSurvivorship= 85.937520628795
ICForagerLifespan= 8.7963808439672
ImmType= Logarithmic
RQQueenStrength= 3.54442266537808
RQEnableReQueen= true
AIAdultSlope= 1.306346450001
AIAdultLD50= 76.5476755983513
AIAdultSlopeContact= 9.78008224209771
AIAdultLD50Contact= 64.4977578951363
AILarvaSlope= 1.89609969779849
AILarvaLD50= 7.6583190785388
AIKOW= 72486.2594197185
AIKOC= 32638.3354818432
AIHalfLife= 19.9742074646056
EAppRate= 0.290929379668552
FoliarEnabled= true
FoliarAppDate= 06/07/1989
FoliarForageBegin= 06/05/1989
FoliarForageEnd= 06/28/1989
AIContactFactor= 0.468657149318606
CL4Pollen= 0.471273643895984
CL4Nectar= 87.2677476378158
CL5Pollen= 4.12598707806319
CL5Nectar= 34.9498990690336
CLDPollen= 4.02646998921409
CLDNectar= 129.464421328157
CA13Pollen= 6.58181850686669
CA13Nectar= 49.5585179142654
CA410Pollen= 3.68707765138242
CA410Nectar= 178.852208559401
CA1120Pollen= 2.7955177843105
CA1120Nectar= 70.9422660805285
IPollenTrips= 12.0846470701508
INectarTrips= 9.68537330627441
IPollenLoad= 6.82012151461095
INectarLoad= 6.5398146933876
