ICQueenStrength= 3.10622688871808
RQWkrDrnRatio= 2.09088417422026
ICDroneMiteSurvivorship= 16.2819311954081
ICWorkerMiteSurvivorship= 63.5574540821835
ICForagerLifespan= 11.2238079058006
ImmType= Cosine
RQQueenStrength= 5.32745350408368
RQEnableReQueen= true
AIAdultSlope= 5.75921070203185
AIAdultLD50= 0.109832178742858
AIAdultSlopeContact= 4.4474443658255
AIAdultLD50Contact= 88.2397618152748
AILarvaSlope= 5.42921310663223
AILarvaLD50= 36.3102710294502
AIKOW= 56941.4719691265
AIKOC= 81922.2874798824
AIHalfLife= 2.98056997826789
EAppRate= 4.86652357313782
FoliarEnabled= true
FoliarAppDate= 09/01/1989
FoliarForageBegin= 09/01/1989
FoliarForageEnd= 09/08/1989
AIContactFactor= 2.17299271568656
CL4Pollen= 1.8056753790006
CL4Nectar= 21.2881073122844
CL5Pollen= 1.18189577199519
CL5Nectar= 129.688472882845
CLDPollen= 2.5445921975188
CLDNectar= 13.2031622808427
CA13Pollen= 4.49940293449908
CA13Nectar= 87.9880576021969
CA410Pollen= 4.09190713742282
CA410Nectar= 52.527611781843
CA1120Pollen= 1.80298784351908
CA1120Nectar= 52.4330230616033
IPollenTrips= 7.30814147973433
INectarTrips= 12.1218887064606
IPollenLoad= 0.0128502841107547
INectarLoad= 8.63737851381302
