ICQueenStrength= 1.74291650904343
RQWkrDrnRatio= 3.70489267352968
ICDroneMiteSurvivorship= 90.4327313415706
ICWorkerMiteSurvivorship= 57.7835518633947
ICForagerLifespan= 6.26639080885798
ImmType= Sine
RQQueenStrength= 5.57153885858133
RQEnableReQueen= true
AIAdultSlope= 2.92648861184716
AIAdultLD50= 0.09357995735039
AIAdultSlopeContact= 3.75367820076644
AIAdultLD50Contact= 54.4356674171875
AILarvaSlope= 8.89632735773921
AILarvaLD50= 15.7199218957662
AIKOW= 47926.0526284558
AIKOC= 26647.1753388958
AIHalfLife= 1.63061811078805
EAppRate= 4.14177548603714
FoliarEnabled= true
FoliarAppDate= 09/01/1989
FoliarForageBegin= 09/01/1989
FoliarForageEnd= 09/08/1989
AIContactFactor= 0.717431678385474
CL4Pollen= 1.01520822849125
CL4Nectar= 76.1999405222014
CL5Pollen= 5.1774680656381
CL5Nectar= 131.374950113241
CLDPollen= 5.23666974948719
CLDNectar= 91.2402841262519
CA13Pollen= 4.02907110452652
CA13Nectar= 26.3099882751703
CA410Pollen= 4.06154589180369
CA410Nectar= 99.8249007947743
CA1120Pollen= 2.23832008405589
CA1120Nectar= 32.3165669292212
IPollenTrips= 14.8588936962187
INectarTrips= 10.5525465495884
IPollenLoad= 3.16122728167102
INectarLoad= 4.27329877391458
