ICQueenStrength= 3.10138592170551
RQWkrDrnRatio= 3.02693866752088
ICDroneMiteSurvivorship= 80.1788626704365
ICWorkerMiteSurvivorship= 87.2725492808968
ICForagerLifespan= 6.45659597590566
ImmType= Sine
RQQueenStrength= 1.50960629596375
RQEnableReQueen= true
AIAdultSlope= 7.79772944748402
AIAdultLD50= 19.2355757207372
AIAdultSlopeContact= 5.98323976597749
AIAdultLD50Contact= 81.5604367482315
AILarvaSlope= 1.84256039559841
AILarvaLD50= 73.2629291619947
AIKOW= 73620.3317600261
AIKOC= 49891.4543928504
AIHalfLife= 30.1614022108261
EAppRate= 2.44431173381093
FoliarEnabled= true
FoliarAppDate= 06/07/1989
FoliarForageBegin= 06/05/1989
FoliarForageEnd= 06/28/1989
AIContactFactor= 0.47978645328898
CL4Pollen= 3.19385929778218
CL4Nectar= 81.9176707649603
CL5Pollen= 2.06483598751947
CL5Nectar= 55.3786483244039
CLDPollen= 0.843197259586304
CLDNectar= 79.4432494207285
CA13Pollen= 7.52025039987639
CA13Nectar= 57.63965126127
CA410Pollen= 5.09462043740787
CA410Nectar= 110.692623648793
CA1120Pollen= 0.854545573471114
CA1120Nectar= 60.3020319715142
IPollenTrips= 13.173803659156
INectarTrips= 6.5703758597374
IPollenLoad= 1.3373273727484
INectarLoad= 8.35760966176167
