ICQueenStrength= 5.61076683946885
RQWkrDrnRatio= 2.38086210936308
ICDroneMiteSurvivorship= 36.2706152256578
ICWorkerMiteSurvivorship= 44.3468762561679
ICForagerLifespan= 6.7931277314201
ImmType= Polynomial
RQQueenStrength= 4.40497569879517
RQEnableReQueen= true
AIAdultSlope= 3.60511401854455
AIAdultLD50= 73.6247593349053
AIAdultSlopeContact= 9.98827322083525
AIAdultLD50Contact= 88.8888167046153
AILarvaSlope= 3.78680198825896
AILarvaLD50= 54.9709324499278
AIKOW= 54819.8153275865
AIKOC= 69588.8345042882
AIHalfLife= 17.7069935677573
EAppRate= 1.28245103015238
FoliarEnabled= true
FoliarAppDate= 06/07/1989
FoliarForageBegin= 06/05/1989
FoliarForageEnd= 06/28/1989
AIContactFactor= 1.89602986457758
CL4Pollen= 2.85238881409168
CL4Nectar= 67.1695682685822
CL5Pollen= 1.58869605464861
CL5Nectar= 139.587464451324
CLDPollen= 5.40738761331886
CLDNectar= 110.149252053816
CA13Pollen= 2.31914419382811
CA13Nectar= 84.2391235940158
CA410Pollen= 8.42690428912174
CA410Nectar= 108.671545125544
CA1120Pollen= 2.24846023740247
CA1120Nectar= 39.9705394729972
IPollenTrips= 7.71577980834991
INectarTrips= 13.3338434877805
IPollenLoad= 9.43733267951757
INectarLoad= 4.10280504729599
ESoilP= 1.07688133302145
ESoilFoc= 0.003154356071027
