ICQueenStrength= 1.30728789512068
RQWkrDrnRatio= 4.42338807974011
ICDroneMiteSurvivorship= 35.5658908374608
ICWorkerMiteSurvivorship= 23.9590285345912
ICForagerLifespan= 9.42321264930069
ImmType= Cosine
RQQueenStrength= 1.32745467731729
RQEnableReQueen= true
AIAdultSlope= 4.73607282713056
AIAdultLD50= 11.4656943496081
AIAdultSlopeContact= 8.20645839092322
AIAdultLD50Contact= 20.0941018216577
AILarvaSlope= 2.51104936003685
AILarvaLD50= 58.114679711591
AIKOW= 58422.3508037315
AIKOC= 80126.7607271818
AIHalfLife= 10.3789737749146
EAppRate= 2.73610963001172
FoliarEnabled= true
FoliarAppDate= 06/07/1989
FoliarForageBegin= 06/05/1989
FoliarForageEnd= 06/28/1989
AIContactFactor= 0.644467921960168
CL4Pollen= 3.7784921573475
CL4Nectar= 29.6294534113258
CL5Pollen= 1.23501009866595
CL5Nectar= 9.60930014261976
CLDPollen= 4.08276230329648
CLDNectar= 58.2991230650805
CA13Pollen= 5.36456482186913
CA13Nectar= 41.6160124354064
CA410Pollen= 3.10237342067994
CA410Nectar= 30.9410537779331
CA1120Pollen= 2.99355124169961
CA1120Nectar= 40.7154670357704
IPollenTrips= 6.42391544766724
INectarTrips= 5.45846217079088
IPollenLoad= 6.9192347000353
INectarLoad= 2.93744613649324
