ICQueenStrength= 2.0898337024264
RQWkrDrnRatio= 1.41515759378672
ICDroneMiteSurvivorship= 52.2463392931968
ICWorkerMiteSurvivorship= 27.2845002589747
ICForagerLifespan= 12.2538924412802
ImmType= Exponential
RQQueenStrength= 3.83114321529865
RQEnableReQueen= true
AIAdultSlope= 4.19186036288738
AIAdultLD50= 94.6662356810933
AIAdultSlopeContact= 2.04858785076067
AIAdultLD50Contact= 79.9424971388194
AILarvaSlope= 3.92961678653955
AILarvaLD50= 56.4721233040942
AIKOW= 72211.7264603669
AIKOC= 46862.264203652
AIHalfLife= 12.6927287403494
EAppRate= 0.436447066138731
FoliarEnabled= true
FoliarAppDate= 06/07/1989
FoliarForageBegin= 06/05/1989
FoliarForageEnd= 06/28/1989
AIContactFactor= 1.53035504205152
CL4Pollen= 1.94911889918149
CL4Nectar= 38.9886198798195
CL5Pollen= 1.47619810095057
CL5Nectar= 17.1860931906849
CLDPollen= 4.11895398516208
CLDNectar= 8.84341400815174
CA13Pollen= 4.69735175771639
CA13Nectar= 52.9040957801044
CA410Pollen= 9.39330519370269
CA410Nectar= 170.020325640216
CA1120Pollen= 1.07224849518389
CA1120Nectar= 83.2336966507137
IPollenTrips= 14.4810949801467
INectarTrips= 6.64627225836739
IPollenLoad= 6.30842426093295
INectarLoad= 4.12682757945731
