ICQueenStrength= 2.84579492197372
RQWkrDrnRatio= 1.84496031701565
ICDroneMiteSurvivorship= 75.7969147292897
ICWorkerMiteSurvivorship= 23.8515830598772
ICForagerLifespan= 5.16166911926121
ImmType= Tangent
RQQueenStrength= 3.39030848024413
RQEnableReQueen= true
AIAdultSlope= 7.00160828046501
AIAdultLD50= 0.0226688157489989
AIAdultSlopeContact= 7.55636236676946
AIAdultLD50Contact= 58.0220312480952
AILarvaSlope= 5.10486424528062
AILarvaLD50= 4.53331398403877
AIKOW= 8097.11380209611
AIKOC= 54975.7687596942
AIHalfLife= 27.2701318842126
EAppRate= 9.14353945148014
FoliarEnabled= true
FoliarAppDate= 09/01/1989
FoliarForageBegin= 09/01/1989
FoliarForageEnd= 09/08/1989
AIContactFactor= 1.36728678841609
CL4Pollen= 2.36941946577281
CL4Nectar= 65.7179219182581
CL5Pollen= 3.15314574586228
CL5Nectar= 19.4970214390196
CLDPollen= 5.84942212840542
CLDNectar= 83.5614853422157
CA13Pollen= 4.08442463707179
CA13Nectar= 43.0275470763445
CA410Pollen= 5.76283343387768
CA410Nectar= 108.689197958447
CA1120Pollen= 2.88259734492749
CA1120Nectar= 76.2159810401499
IPollenTrips= 8.03597129881382
INectarTrips= 8.25738732935861
IPollenLoad= 5.66788119263947
INectarLoad= 3.34626072319224
