ICQueenStrength= 1.65402378910221
RQWkrDrnRatio= 2.71393642295152
ICDroneMiteSurvivorship= 69.8128696763888
ICWorkerMiteSurvivorship= 84.7862501163036
ICForagerLifespan= 14.3814503988251
ImmType= Exponential
RQQueenStrength= 5.64377861120738
RQEnableReQueen= true
AIAdultSlope= 4.43956213258207
AIAdultLD50= 14.9669542624678
AIAdultSlopeContact= 7.51813070219941
AIAdultLD50Contact= 85.3186944647639
AILarvaSlope= 5.57648886367679
AILarvaLD50= 30.6833977008171
AIKOW= 9079.8646094987
AIKOC= 70629.0587049299
AIHalfLife= 0.287304119463079
EAppRate= 4.38085471649817
FoliarEnabled= true
FoliarAppDate= 06/07/1989
FoliarForageBegin= 06/05/1989
FoliarForageEnd= 06/28/1989
AIContactFactor= 0.611346784629859
CL4Pollen= 2.03488026373088
CL4Nectar= 34.1065964661539
CL5Pollen= 0.585812247823924
CL5Nectar= 19.8109586024657
CLDPollen= 3.38466283259913
CLDNectar= 24.3019863381051
CA13Pollen= 3.43594841919839
CA13Nectar= 95.2211877144873
CA410Pollen= 3.91159016406164
CA410Nectar= 144.961345228367
CA1120Pollen= 2.2350642462261
CA1120Nectar= 48.8237743452191
IPollenTrips= 9.05563339591026
INectarTrips= 14.9447694793344
IPollenLoad= 1.59744787961245
INectarLoad= 4.50649861246347
