ICQueenStrength= 3.77388238231651
RQWkrDrnRatio= 2.2767673349008
ICDroneMiteSurvivorship= 15.9973180154338
ICWorkerMiteSurvivorship= 4.82214759103954
ICForagerLifespan= 6.898995985277
ImmType= Polynomial
RQQueenStrength= 2.68400375638157
RQEnableReQueen= true
AIAdultSlope= 3.35175205767155
AIAdultLD50= 35.0872716885833
AIAdultSlopeContact= 5.25897582410835
AIAdultLD50Contact= 68.8678956886451
AILarvaSlope= 2.00539802573621
AILarvaLD50= 55.2885894336889
AIKOW= 7860.35046299968
AIKOC= 27743.9633161246
AIHalfLife= 22.2170240198728
EAppRate= 8.50768840803043
FoliarEnabled= true
FoliarAppDate= 06/07/1989
FoliarForageBegin= 06/05/1989
FoliarForageEnd= 06/28/1989
AIContactFactor= 1.69661934998352
CL4Pollen= 0.143572245724499
CL4Nectar= 38.2537562632933
CL5Pollen= 2.22453143913299
CL5Nectar= 133.465835207608
CLDPollen= 5.04735012771562
CLDNectar= 53.1288214260712
CA13Pollen= 5.79336150810122
CA13Nectar= 95.0508971139789
CA410Pollen= 5.68559123808518
CA410Nectar= 155.171310678124
CA1120Pollen= 0.649070581421256
CA1120Nectar= 64.3047213554382
IPollenTrips= 5.39302239893004
INectarTrips= 11.9580792332999
IPollenLoad= 5.57486933190376
INectarLoad= 1.80284783942625
