ICQueenStrength= 2.25758149311878
RQWkrDrnRatio= 2.11514080874622
ICDroneMiteSurvivorship= 24.4918787386268
ICWorkerMiteSurvivorship= 86.7015624651685
ICForagerLifespan= 12.5121428789571
ImmType= Tangent
RQQueenStrength= 3.82868878799491
RQEnableReQueen= true
AIAdultSlope= 2.40951474383473
AIAdultLD50= 95.8736199719005
AIAdultSlopeContact= 1.42872702772729
AIAdultLD50Contact= 63.1183133628732
AILarvaSlope= 8.60647269152105
AILarvaLD50= 81.3861370243416
AIKOW= 79741.3487455401
AIKOC= 46301.2227481196
AIHalfLife= 8.96667486196384
EAppRate= 3.37601655948698
FoliarEnabled= true
FoliarAppDate= 06/07/1989
FoliarForageBegin= 06/05/1989
FoliarForageEnd= 06/28/1989
AIContactFactor= 1.22830600911751
CL4Pollen= 2.60010355524719
CL4Nectar= 16.9321156106889
CL5Pollen= 0.0296999774873257
CL5Nectar= 26.0368508985266
CLDPollen= 2.74804970668629
CLDNectar= 124.129266967066
CA13Pollen= 5.72226508781314
CA13Nectar= 60.5584537237883
CA410Pollen= 5.04082421851344
CA410Nectar= 149.363258839585
CA1120Pollen= 1.25713015906513
CA1120Nectar= 36.0163425281644
IPollenTrips= 10.0991716701537
INectarTrips= 6.52280988637358
IPollenLoad= 7.57652373984456
INectarLoad= 5.41907346108928
