ICQueenStrength= 5.00646814377978
RQWkrDrnRatio= 4.0730416001752
ICDroneMiteSurvivorship= 37.5958988675848
ICWorkerMiteSurvivorship= 60.0751112680882
ICForagerLifespan= 6.19829200580716
ImmType= Exponential
RQQueenStrength= 4.15359691507183
RQEnableReQueen= true
AIAdultSlope= 3.76750653795898
AIAdultLD50= 2.63974904845329
AIAdultSlopeContact= 3.39706791960634
AIAdultLD50Contact= 15.2069683115461
AILarvaSlope= 2.66085896454751
AILarvaLD50= 69.8149790870354
AIKOW= 22983.7313942236
AIKOC= 73967.9163742482
AIHalfLife= 5.53752449182793
EAppRate= 5.16216122166673
FoliarEnabled= true
FoliarAppDate= 06/07/1989
FoliarForageBegin= 06/05/1989
FoliarForageEnd= 06/28/1989
AIContactFactor= 1.36484450715128
CL4Pollen= 0.124115334823728
CL4Nectar= 14.2220545792952
CL5Pollen= 5.79196029575542
CL5Nectar= 37.7407540334389
CLDPollen= 1.64374395506456
CLDNectar= 84.174724726472
CA13Pollen= 3.42010019328445
CA13Nectar= 80.8501491509378
CA410Pollen= 3.1208670636639
CA410Nectar= 154.59614481777
CA1120Pollen= 0.156127905473113
CA1120Nectar= 40.0788697786629
IPollenTrips= 7.86476612556726
INectarTrips= 10.6422409694642
IPollenLoad= 3.63541640806943
INectarLoad= 7.11059506051242
ESoilP= 1.38211718760431
ESoilFoc= 0.0160805912360083
