ICQueenStrength= 5.95842138887383
RQWkrDrnRatio= 2.49583911430091
ICDroneMiteSurvivorship= 34.5819696085528
ICWorkerMiteSurvivorship= 27.2290237015113
ICForagerLifespan= 11.7081983219832
ImmType= Cosine
RQQueenStrength= 3.70718198968098
RQEnableReQueen= true
AIAdultSlope= 7.17217679135501
AIAdultLD50= 82.6681213467298
AIAdultSlopeContact= 1.32672485057265
AIAdultLD50Contact= 70.7242836465633
AILarvaSlope= 3.6707638669759
AILarvaLD50= 59.3473060143581
AIKOW= 41395.3650906918
AIKOC= 93322.7131585949
AIHalfLife= 22.0093196346657
EAppRate= 7.42625600313349
FoliarEnabled= true
FoliarAppDate= 06/07/1989
FoliarForageBegin= 06/05/1989
FoliarForageEnd= 06/28/1989
AIContactFactor= 0.905193739989772
CL4Pollen= 1.03679513558745
CL4Nectar= 28.9672269718722
CL5Pollen= 2.3057667799294
CL5Nectar= 136.123351030983
CLDPollen= 4.06575160240754
CLDNectar= 4.68559566652402
CA13Pollen= 2.9157834591344
CA13Nectar= 22.0851636491716
CA410Pollen= 5.48640208283905
CA410Nectar= 57.0032800221816
CA1120Pollen= 0.935118433088064
CA1120Nectar= 70.0250131264329
IPollenTrips= 7.19060542294756
INectarTrips= 5.17682720907032
IPollenLoad= 6.83445978909731
INectarLoad= 7.54282877547666
