ICQueenStrength= 4.31202824600041
RQWkrDrnRatio= 3.70039654616266
ICDroneMiteSurvivorship= 0.672746822237968
ICWorkerMiteSurvivorship= 57.6183575903997
ICForagerLifespan= 14.2562507381663
ImmType= Cosine
RQQueenStrength= 5.1651410877239
RQEnableReQueen= true
AIAdultSlope= 6.68968445807695
AIAdultLD50= 0.342168188958662
AIAdultSlopeContact= 5.41566172405146
AIAdultLD50Contact= 39.9021491661787
AILarvaSlope= 1.26294367387891
AILarvaLD50= 9.0704531719333
AIKOW= 57562.2216162479
AIKOC= 41539.4387876368
AIHalfLife= 20.9041120441398
EAppRate= 5.02142339158361
FoliarEnabled= true
FoliarAppDate= 09/01/1989
FoliarForageBegin= 09/01/1989
FoliarForageEnd= 09/08/1989
AIContactFactor= 0.389585614986718
CL4Pollen= 1.0404012426734
CL4Nectar= 92.9249231470749
CL5Pollen= 5.25261722132564
CL5Nectar= 118.020970886573
CLDPollen= 3.46866748854518
CLDNectar= 76.4424916938879
CA13Pollen= 8.10662310924381
CA13Nectar= 39.021719340235
CA410Pollen= 7.9626639678143
CA410Nectar= 144.592283577658
CA1120Pollen= 0.939782477449626
CA1120Nectar= 56.1617149412632
IPollenTrips= 11.6739470651373
INectarTrips= 7.62561014154926
IPollenLoad= 7.61078923707828
INectarLoad= 7.47584130382165
