ICQueenStrength= 1.44475961662829
RQWkrDrnRatio= 4.18027534149587
ICDroneMiteSurvivorship= 61.7915581678972
ICWorkerMiteSurvivorship= 14.1510623972863
ICForagerLifespan= 5.48796538077295
ImmType= Tangent
RQQueenStrength= 1.13173333648592
RQEnableReQueen=true
AIAdultSlope= 1.47955341823399
AIAdultLD50= 0.780080591598293
AIAdultSlopeContact= 4.54886380792595
AIAdultLD50Contact= 99.0850897728205
AILarvaSlope= 6.96649739146233
AILarvaLD50= 62.6677514342361
AIKOW= 45704.3794262674
AIKOC= 37622.655651842
AIHalfLife= 6.00734785515815
EAppRate= 2.24213299381989
FoliarEnabled=true
FoliarAppDate= 07/01/1989
FoliarForageBegin= 07/01/1989
FoliarForageEnd= 07/14/1989
AIContactFactor= 2.15408249781933
CL4Pollen= 3.18605717923492
CL4Nectar= 69.3033609073609
CL5Pollen= 4.95954621350393
CL5Nectar= 59.6853664261289
CLDPollen= 3.96574526326731
CLDNectar= 41.78446107544
CA13Pollen= 7.80401330841705
CA13Nectar= 59.6019213832915
CA410Pollen= 5.43543260183651
CA410Nectar= 156.784532624297
CA1120Pollen= 0.190339123830199
CA1120Nectar= 88.1666912324727
IPollenTrips= 7.49126895098016
INectarTrips= 8.15940713509917
IPollenLoad= 7.24258782342076
INectarLoad= 6.419408172369
