ICQueenStrength= 3.90850323392078
RQWkrDrnRatio= 2.60100277420133
ICDroneMiteSurvivorship= 89.5557492272928
ICWorkerMiteSurvivorship= 48.3359407633543
ICForagerLifespan= 7.7165712993592
ImmType= Logarithmic
RQQueenStrength= 3.30490881716833
RQEnableReQueen= true
AIAdultSlope= 3.8088700696826
AIAdultLD50= 16.5956782699013
AIAdultSlopeContact= 1.93523057317361
AIAdultLD50Contact= 17.2341304371548
AILarvaSlope= 8.85276716016233
AILarvaLD50= 46.2543101010118
AIKOW= 11761.1558871108
AIKOC= 88726.0175353619
AIHalfLife= 12.245034501981
EAppRate= 8.02132040062197
FoliarEnabled= true
FoliarAppDate= 06/07/1989
FoliarForageBegin= 06/05/1989
FoliarForageEnd= 06/28/1989
AIContactFactor= 0.297112456061877
CL4Pollen= 2.77811188995838
CL4Nectar= 4.64181019924581
CL5Pollen= 4.24221188994125
CL5Nectar= 89.681772084441
CLDPollen= 0.555495538283139
CLDNectar= 66.6551260859706
CA13Pollen= 5.57033724505454
CA13Nectar= 52.8571396693587
CA410Pollen= 5.05105441103224
CA410Nectar= 111.196641735733
CA1120Pollen= 1.40511341323145
CA1120Nectar= 48.2336292415857
IPollenTrips= 6.49242323357612
INectarTrips= 12.5941337621771
IPollenLoad= 1.75593624589965
INectarLoad= 0.835745679214597
ESoilP= 1.58365065511316
ESoilFoc= 0.0177482485901564
