ICQueenStrength= 5.20489299227484
RQWkrDrnRatio= 4.01276416517794
ICDroneMiteSurvivorship= 33.0270652892068
ICWorkerMiteSurvivorship= 29.5180790359154
ICForagerLifespan= 9.30980766192079
ImmType= Exponential
RQQueenStrength= 4.41077961609699
RQEnableReQueen= true
AIAdultSlope= 5.85861922800541
AIAdultLD50= 0.23250753099774
AIAdultSlopeContact= 4.02214071480557
AIAdultLD50Contact= 67.8853788241441
AILarvaSlope= 1.18841207027435
AILarvaLD50= 67.5078142766622
AIKOW= 31295.4303828047
AIKOC= 8715.30794233014
AIHalfLife= 33.4637860155432
EAppRate= 0.260689014233416
FoliarEnabled= true
FoliarAppDate= 09/01/1989
FoliarForageBegin= 09/01/1989
FoliarForageEnd= 09/08/1989
AIContactFactor= 0.929013244924135
CL4Pollen= 1.95000514853746
CL4Nectar= 63.6234956793487
CL5Pollen= 4.94389188336208
CL5Nectar= 51.9389446126297
CLDPollen= 4.58871202915907
CLDNectar= 104.372806311585
CA13Pollen= 6.79098525438458
CA13Nectar= 85.0854624994099
CA410Pollen= 5.70343860774301
CA410Nectar= 30.1886349311098
CA1120Pollen= 2.25819743704051
CA1120Nectar= 90.3737459145486
IPollenTrips= 7.88170343497768
INectarTrips= 7.01769821578637
IPollenLoad= 5.4155077598989
INectarLoad= 7.93539045844227
