ICQueenStrength= 5.92096349480562
RQWkrDrnRatio= 4.86162982974201
ICDroneMiteSurvivorship= 7.61305920314044
ICWorkerMiteSurvivorship= 12.8202615072951
ICForagerLifespan= 5.84883979242295
ImmType= Polynomial
RQQueenStrength= 2.86040624859743
RQEnableReQueen= true
AIAdultSlope= 6.09494619071484
AIAdultLD50= 49.2105070999647
AIAdultSlopeContact= 4.01010907744057
AIAdultLD50Contact= 63.0242780342342
AILarvaSlope= 3.56932363659143
AILarvaLD50= 39.2059625615685
AIKOW= 1459.13465483664
AIKOC= 97173.7251358095
AIHalfLife= 3.29636059212498
EAppRate= 0.859806927768514
FoliarEnabled= true
FoliarAppDate= 06/07/1989
FoliarForageBegin= 06/05/1989
FoliarForageEnd= 06/28/1989
AIContactFactor= 1.89913179154042
CL4Pollen= 3.35825196746737
CL4Nectar= 79.1816939134151
CL5Pollen= 1.46164349885657
CL5Nectar= 124.782114161644
CLDPollen= 1.35837984737009
CLDNectar= 88.7740766862407
CA13Pollen= 7.42049740096554
CA13Nectar= 48.8847803324461
CA410Pollen= 3.09032766439486
CA410Nectar= 192.681697853841
CA1120Pollen= 0.575544797116891
CA1120Nectar= 30.6301409192383
IPollenTrips= 9.81116869486868
INectarTrips= 10.2511064265855
IPollenLoad= 2.84777315566316
INectarLoad= 2.18217524932697
