ICQueenStrength= 2.36157047469169
RQWkrDrnRatio= 3.86571197398007
ICDroneMiteSurvivorship= 42.4182007554919
ICWorkerMiteSurvivorship= 81.5770341549069
ICForagerLifespan= 13.4313049511984
ImmType= Logarithmic
RQQueenStrength= 1.02075029653497
RQEnableReQueen= true
AIAdultSlope= 3.39419729076326
AIAdultLD50= 87.8219524511113
AIAdultSlopeContact= 7.29820337845013
AIAdultLD50Contact= 16.0704439000771
AILarvaSlope= 7.11611272022128
AILarvaLD50= 87.8278623788054
AIKOW= 98355.6159786549
AIKOC= 94049.1196212643
AIHalfLife= 17.5794630481163
EAppRate= 2.53929292079015
FoliarEnabled= true
FoliarAppDate= 06/07/1989
FoliarForageBegin= 06/05/1989
FoliarForageEnd= 06/28/1989
AIContactFactor= 1.83318541611079
CL4Pollen= 2.99635710194707
CL4Nectar= 31.1416657175869
CL5Pollen= 4.14287901157513
CL5Nectar= 36.9188179727644
CLDPollen= 2.01976435398683
CLDNectar= 90.1153637445532
CA13Pollen= 3.09251779997721
CA13Nectar= 29.8232373781502
CA410Pollen= 3.52929381993599
CA410Nectar= 139.164276281372
CA1120Pollen= 2.73763729445636
CA1120Nectar= 42.3209689743817
IPollenTrips= 12.3187532974407
INectarTrips= 14.0345336589962
IPollenLoad= 4.77738110814244
INectarLoad= 4.34506841236725
ESoilP= 1.52364841266535
ESoilFoc= 0.0122880433236714
