ICQueenStrength= 3.43339792173356
RQWkrDrnRatio= 4.16908665560186
ICDroneMiteSurvivorship= 92.1646498376504
ICWorkerMiteSurvivorship= 17.8120137192309
ICForagerLifespan= 15.7077419012785
ImmType= Tangent
RQQueenStrength= 2.59539548587054
RQEnableReQueen=true
AIAdultSlope= 6.23087777942419
AIAdultLD50= 0.786811278002337
AIAdultSlopeContact= 4.33513852884062
AIAdultLD50Contact= 22.8619660219324
AILarvaSlope= 5.99269794672728
AILarvaLD50= 66.1511605165722
AIKOW= 52940.6748041111
AIKOC= 42480.5024797823
AIHalfLife= 33.959309186996
EAppRate= 6.41578056953847
FoliarEnabled=true
FoliarAppDate= 07/01/1989
FoliarForageBegin= 07/01/1989
FoliarForageEnd= 07/14/1989
AIContactFactor= 1.75094897954259
CL4Pollen= 3.27625300176442
CL4Nectar= 14.8985479958355
CL5Pollen= 3.86733141029254
CL5Nectar= 14.3650376354344
CLDPollen= 0.117019592318684
CLDNectar= 26.2212499394082
CA13Pollen= 3.42734073689207
CA13Nectar= 29.0113663859665
CA410Pollen= 6.83983813330997
CA410Nectar= 172.376589849591
CA1120Pollen= 0.494965113932267
CA1120Nectar= 93.8331891968846
IPollenTrips= 8.46387777477503
INectarTrips= 12.9564221319743
IPollenLoad= 5.61969586415216
INectarLoad= 3.51098590996116
