ICQueenStrength= 4.59422706766054
RQWkrDrnRatio= 3.10596949420869
ICDroneMiteSurvivorship= 20.9469722351059
ICWorkerMiteSurvivorship= 90.9233395010233
ICForagerLifespan= 6.14136464241892
ImmType= Logarithmic
RQQueenStrength= 5.70937356236391
RQEnableReQueen= true
AIAdultSlope= 2.52866622246802
AIAdultLD50= 0.571501300002681
AIAdultSlopeContact= 9.02895077178255
AIAdultLD50Contact= 9.28308120950986
AILarvaSlope= 8.56268620118499
AILarvaLD50= 83.1820429146709
AIKOW= 7136.71664346021
AIKOC= 91180.1548705557
AIHalfLife= 6.35814574328251
EAppRate= 5.67518752733734
FoliarEnabled= true
FoliarAppDate= 09/01/1989
FoliarForageBegin= 09/01/1989
FoliarForageEnd= 09/08/1989
AIContactFactor= 1.15190386633854
CL4Pollen= 1.09018087293953
CL4Nectar= 2.32908262405545
CL5Pollen= 2.56712625129148
CL5Nectar= 53.6505174008198
CLDPollen= 1.24707223847508
CLDNectar= 2.16814102604985
CA13Pollen= 2.95204302323982
CA13Nectar= 66.6088537871838
CA410Pollen= 7.25714444094338
CA410Nectar= 26.362208626233
CA1120Pollen= 1.84372129524127
CA1120Nectar= 77.9463049024343
IPollenTrips= 12.9659601347521
INectarTrips= 7.51604811055586
IPollenLoad= 3.90885127009824
INectarLoad= 1.40082728350535
