ICQueenStrength= 3.26242027943954
RQWkrDrnRatio= 1.24396541342139
ICDroneMiteSurvivorship= 14.2987476894632
ICWorkerMiteSurvivorship= 78.4863882465288
ICForagerLifespan= 9.75242260284722
ImmType= Logarithmic
RQQueenStrength= 1.42449770029634
RQEnableReQueen= true
AIAdultSlope= 4.5131177790463
AIAdultLD50= 70.8321735405212
AIAdultSlopeContact= 6.14505810639821
AIAdultLD50Contact= 85.3379074573463
AILarvaSlope= 4.58418471738696
AILarvaLD50= 84.657701163857
AIKOW= 24766.4057678976
AIKOC= 12325.573718546
AIHalfLife= 19.1446525251959
EAppRate= 6.41175506952964
FoliarEnabled= true
FoliarAppDate= 06/07/1989
FoliarForageBegin= 06/05/1989
FoliarForageEnd= 06/28/1989
AIContactFactor= 2.21047803632915
CL4Pollen= 0.785462831147015
CL4Nectar= 53.7527103442699
CL5Pollen= 2.25559977628291
CL5Nectar= 43.1596511509269
CLDPollen= 5.17030781926587
CLDNectar= 24.4714427157305
CA13Pollen= 3.71547111850232
CA13Nectar= 35.4334849864244
CA410Pollen= 6.04043355186004
CA410Nectar= 68.5150424577296
CA1120Pollen= 0.0255629864986986
CA1120Nectar= 52.3870403133333
IPollenTrips= 14.6717906766571
INectarTrips= 7.85632240120322
IPollenLoad= 0.906111232470721
INectarLoad= 0.0488748191855848
