ICQueenStrength= 2.44632213562727
RQWkrDrnRatio= 2.09514762833714
ICDroneMiteSurvivorship= 3.27567271888256
ICWorkerMiteSurvivorship= 75.6206242833287
ICForagerLifespan= 13.5746480990201
ImmType= Sine
RQQueenStrength= 4.12001750618219
RQEnableReQueen=true
AIAdultSlope= 6.09587517939508
AIAdultLD50= 0.257743903160561
AIAdultSlopeContact= 1.41551151359454
AIAdultLD50Contact= 21.6653227066658
AILarvaSlope= 3.4775958340615
AILarvaLD50= 90.3553424726773
AIKOW= 12574.5314287386
AIKOC= 93707.0592731351
AIHalfLife= 8.72077742172405
EAppRate= 0.122576096453238
FoliarEnabled=true
FoliarAppDate= 07/01/1989
FoliarForageBegin= 07/01/1989
FoliarForageEnd= 07/14/1989
AIContactFactor= 0.883190693343058
CL4Pollen= 0.803915632888675
CL4Nectar= 87.4842137331143
CL5Pollen= 0.288434848655015
CL5Nectar= 110.984908731189
CLDPollen= 1.00865765148774
CLDNectar= 25.5148616619408
CA13Pollen= 6.73304655710235
CA13Nectar= 62.325736451894
CA410Pollen= 7.95447299440857
CA410Nectar= 59.1596387745813
CA1120Pollen= 0.920129798585549
CA1120Nectar= 75.9374707005918
IPollenTrips= 5.6335873901844
INectarTrips= 9.40915047191083
IPollenLoad= 8.70568422134966
INectarLoad= 2.25818365812302
