ICQueenStrength= 3.06939793541096
RQWkrDrnRatio= 4.6952858613804
ICDroneMiteSurvivorship= 75.2814983716235
ICWorkerMiteSurvivorship= 75.2616407582536
ICForagerLifespan= 12.6214528372511
ImmType= Cosine
RQQueenStrength= 4.17040204885416
RQEnableReQueen= true
AIAdultSlope= 5.89701486006379
AIAdultLD50= 24.8175128818315
AIAdultSlopeContact= 9.8565274537541
AIAdultLD50Contact= 57.4837321830119
AILarvaSlope= 4.79158319532871
AILarvaLD50= 83.5307683924178
AIKOW= 60513.8937381923
AIKOC= 37996.2621645287
AIHalfLife= 14.5488405433251
EAppRate= 4.09549998982484
FoliarEnabled= true
FoliarAppDate= 06/07/1989
FoliarForageBegin= 06/05/1989
FoliarForageEnd= 06/28/1989
AIContactFactor= 1.74606738862116
CL4Pollen= 1.17897996958345
CL4Nectar= 8.42481728177518
CL5Pollen= 2.39225212857127
CL5Nectar= 131.048904627096
CLDPollen= 5.4040201487951
CLDNectar= 62.4765914864838
CA13Pollen= 7.83132029864937
CA13Nectar= 86.0792370699346
CA410Pollen= 8.18525631942321
CA410Nectar= 126.45779655315
CA1120Pollen= 1.72680857288651
CA1120Nectar= 46.1071726866066
IPollenTrips= 12.0461463695392
INectarTrips= 13.1576922116801
IPollenLoad= 2.51462687272578
INectarLoad= 4.99299126211554
