ICQueenStrength= 3.24693693919107
RQWkrDrnRatio= 4.03865966014564
ICDroneMiteSurvivorship= 51.3207758311182
ICWorkerMiteSurvivorship= 42.5650142133236
ICForagerLifespan= 11.0975262755528
ImmType= Tangent
RQQueenStrength= 3.08393999258988
RQEnableReQueen= true
AIAdultSlope= 4.02030735462904
AIAdultLD50= 85.7842189886726
AIAdultSlopeContact= 8.65643598861061
AIAdultLD50Contact= 13.6067091954621
AILarvaSlope= 2.14167144149542
AILarvaLD50= 51.9889175847426
AIKOW= 79976.0072958284
AIKOC= 29970.1584011484
AIHalfLife= 10.9100349484477
EAppRate= 0.150017803124152
FoliarEnabled= true
FoliarAppDate= 06/07/1989
FoliarForageBegin= 06/05/1989
FoliarForageEnd= 06/28/1989
AIContactFactor= 1.5351933000097
CL4Pollen= 3.29739170894027
CL4Nectar= 58.2106544170529
CL5Pollen= 1.78994253929704
CL5Nectar= 107.91951015126
CLDPollen= 3.65926925512031
CLDNectar= 134.917253279127
CA13Pollen= 2.34366668369621
CA13Nectar= 67.3557298257947
CA410Pollen= 2.28904955214821
CA410Nectar= 35.3449839912355
CA1120Pollen= 0.110434954287484
CA1120Nectar= 86.6115750931203
IPollenTrips= 10.3053067647852
INectarTrips= 9.43357256241143
IPollenLoad= 4.09914447227493
INectarLoad= 5.31413357937708
