ICQueenStrength= 3.56469043204561
RQWkrDrnRatio= 4.06623828783631
ICDroneMiteSurvivorship= 80.104322754778
ICWorkerMiteSurvivorship= 19.5153960492462
ICForagerLifespan= 15.2403370626271
ImmType= Cosine
AIAdultSlope= 2.6127230763738
AIAdultLD50= 0.0758418976794928
AIAdultSlopeContact= 2.58471736378502
AIAdultLD50Contact= 0.000214731926098466
AILarvaSlope= 1.08054271591827
AILarvaLD50= 0.800829385221005
AIKOW= 3.42459662258625
AIKOC= 26.4638390752953
AIHalfLife= 0.877814000588842
EAppRate= 4.1398965078406
FoliarEnabled= true
