ICQueenStrength= 3.80324114486575
RQWkrDrnRatio= 3.49885875079781
ICDroneMiteSurvivorship= 70.4560394166037
ICWorkerMiteSurvivorship= 96.7941734474152
ICForagerLifespan= 14.5627900324762
ImmType= Cosine
RQQueenStrength= 5.15543704642914
RQEnableReQueen= true
AIAdultSlope= 3.17047694325447
AIAdultLD50= 2.50195950521831
AIAdultSlopeContact= 1.98016399261542
AIAdultLD50Contact= 43.0147672587971
AILarvaSlope= 7.95081712305546
AILarvaLD50= 33.305402924255
AIKOW= 33779.6882357006
AIKOC= 4905.75351464329
AIHalfLife= 26.1604341530707
EAppRate= 1.11464683008124
FoliarEnabled= true
FoliarAppDate= 06/07/1989
FoliarForageBegin= 06/05/1989
FoliarForageEnd= 06/28/1989
AIContactFactor= 0.615943068778142
CL4Pollen= 3.57833222206682
CL4Nectar= 44.1619030199945
CL5Pollen= 2.65144554851577
CL5Nectar= 100.351797742769
CLDPollen= 5.50070662703365
CLDNectar= 130.201433971524
CA13Pollen= 3.08402855116874
CA13Nectar= 45.4463269189
CA410Pollen= 7.25360550147016
CA410Nectar= 143.820515233092
CA1120Pollen= 1.05587455560453
CA1120Nectar= 22.1794428117573
IPollenTrips= 6.24256368959323
INectarTrips= 5.04611301235855
IPollenLoad= 0.840582281816751
INectarLoad= 7.04630474792793
