ICQueenStrength= 5.34054944431409
RQWkrDrnRatio= 4.59979264717549
ICDroneMiteSurvivorship= 68.184346309863
ICWorkerMiteSurvivorship= 30.5925382068381
ICForagerLifespan= 7.87099527847022
ImmType= Polynomial
RQQueenStrength= 5.15199831593782
RQEnableReQueen= true
AIAdultSlope= 6.72174868173897
AIAdultLD50= 55.2176661802982
AIAdultSlopeContact= 8.05217164731584
AIAdultLD50Contact= 95.0262473484469
AILarvaSlope= 8.88453191332519
AILarvaLD50= 81.7838808019147
AIKOW= 3941.23335297458
AIKOC= 59886.0482215739
AIHalfLife= 33.0703424729174
EAppRate= 3.03824199627386
FoliarEnabled= true
FoliarAppDate= 06/07/1989
FoliarForageBegin= 06/05/1989
FoliarForageEnd= 06/28/1989
AIContactFactor= 0.738584482856095
CL4Pollen= 1.48338480852544
CL4Nectar= 86.8814700515941
CL5Pollen= 2.11267564678565
CL5Nectar= 59.0340477414429
CLDPollen= 3.06310508865863
CLDNectar= 41.8027703650296
CA13Pollen= 2.82641224777326
CA13Nectar= 58.2195312343538
CA410Pollen= 8.27987750854809
CA410Nectar= 143.734299144708
CA1120Pollen= 2.93877469352446
CA1120Nectar= 78.6964642442763
IPollenTrips= 8.15393076278269
INectarTrips= 10.4227338638157
IPollenLoad= 8.11109765199944
INectarLoad= 9.96145199984312
ESoilP= 1.26621713652276
ESoilFoc= 0.00902523006638512
