ICQueenStrength= 2.98691063211299
RQWkrDrnRatio= 2.87752272281796
ICDroneMiteSurvivorship= 61.3912416156381
ICWorkerMiteSurvivorship= 58.7331141578034
ICForagerLifespan= 4.02586007956415
ImmType= Logarithmic
RQQueenStrength= 3.18436669907533
RQEnableReQueen= true
AIAdultSlope= 6.8077157177031
AIAdultLD50= 12.6334692122063
AIAdultSlopeContact= 6.5222978417296
AIAdultLD50Contact= 63.7219686166302
AILarvaSlope= 8.13454187475145
AILarvaLD50= 21.3036587964552
AIKOW= 83178.2498454879
AIKOC= 59633.2658676819
AIHalfLife= 30.0783894950757
EAppRate= 9.36476311866403
FoliarEnabled= true
FoliarAppDate= 06/07/1989
FoliarForageBegin= 06/05/1989
FoliarForageEnd= 06/28/1989
AIContactFactor= 1.9292877616547
CL4Pollen= 0.541544541716576
CL4Nectar= 59.3337706755847
CL5Pollen= 2.88747005537152
CL5Nectar= 132.926356082316
CLDPollen= 1.81644392665476
CLDNectar= 20.4831538838334
CA13Pollen= 3.50297902133316
CA13Nectar= 59.8747028596699
CA410Pollen= 2.78923489504959
CA410Nectar= 50.5744975432754
CA1120Pollen= 0.297398631926626
CA1120Nectar= 47.6482366211712
IPollenTrips= 10.9908223920502
INectarTrips= 6.90988667309284
IPollenLoad= 6.00736538181081
INectarLoad= 9.46442114189267
ESoilP= 1.1735402350314
ESoilFoc= 0.0182650492207613
