ICQueenStrength= 2.93002573912963
RQWkrDrnRatio= 3.71057868096977
ICDroneMiteSurvivorship= 52.7269605081528
ICWorkerMiteSurvivorship= 84.6582823898643
ICForagerLifespan= 11.2102428684011
ImmType= Cosine
RQQueenStrength= 4.24994706432335
RQEnableReQueen= true
AIAdultSlope= 5.12841840460896
AIAdultLD50= 0.136658012015047
AIAdultSlopeContact= 1.28951544710435
AIAdultLD50Contact= 73.0042666591501
AILarvaSlope= 1.90482656098902
AILarvaLD50= 31.31199077634
AIKOW= 36012.6793110622
AIKOC= 82290.537427932
AIHalfLife= 7.29515827589203
EAppRate= 2.6207338361193
FoliarEnabled= true
FoliarAppDate= 09/01/1989
FoliarForageBegin= 09/01/1989
FoliarForageEnd= 09/08/1989
AIContactFactor= 1.42880808050279
CL4Pollen= 2.0976106338203
CL4Nectar= 94.2324290750548
CL5Pollen= 1.00963901588693
CL5Nectar= 97.9720777482726
CLDPollen= 5.13181272055954
CLDNectar= 23.8753907382488
CA13Pollen= 4.59971159491688
CA13Nectar= 56.5387164615095
CA410Pollen= 3.79325732700527
CA410Nectar= 170.974253905006
CA1120Pollen= 1.89407188561745
CA1120Nectar= 23.0404020287097
IPollenTrips= 14.5167999248952
INectarTrips= 9.37366773374379
IPollenLoad= 6.33552702376619
INectarLoad= 6.43554561538622
