ICQueenStrength= 4.84869131632149
RQWkrDrnRatio= 2.71940520964563
ICDroneMiteSurvivorship= 9.7147568129003
ICWorkerMiteSurvivorship= 7.11439673323184
ICForagerLifespan= 4.70673030242324
ImmType= Exponential
RQQueenStrength= 2.46686914842576
RQEnableReQueen=true
AIAdultSlope= 1.96512778475881
AIAdultLD50= 0.45402563696797
AIAdultSlopeContact= 3.08797170128673
AIAdultLD50Contact= 48.4115273296337
AILarvaSlope= 5.71774860657752
AILarvaLD50= 4.22518719872995
AIKOW= 26518.1014920208
AIKOC= 35699.3883656939
AIHalfLife= 29.5536941137631
EAppRate= 8.02849436176661
FoliarEnabled=true
FoliarAppDate= 07/01/1989
FoliarForageBegin= 07/01/1989
FoliarForageEnd= 07/14/1989
AIContactFactor= 1.13030294943135
CL4Pollen= 1.58414382394403
CL4Nectar= 42.723976355046
CL5Pollen= 4.47631357004866
CL5Nectar= 26.1310033500195
CLDPollen= 5.50026714429259
CLDNectar= 105.642898986116
CA13Pollen= 3.94088857835159
CA13Nectar= 50.3656781837344
CA410Pollen= 2.42826038331259
CA410Nectar= 178.924780418165
CA1120Pollen= 2.58070011134259
CA1120Nectar= 23.0820496380329
IPollenTrips= 9.04940261738375
INectarTrips= 9.75878375349566
IPollenLoad= 6.55593073926866
INectarLoad= 4.18746485840529
