ICQueenStrength= 5.22799280262552
RQWkrDrnRatio= 4.64953832607716
ICDroneMiteSurvivorship= 88.1690090987831
ICWorkerMiteSurvivorship= 98.9023530390114
ICForagerLifespan= 10.3946860479191
ImmType= Exponential
RQQueenStrength= 3.16075401869603
RQEnableReQueen= true
AIAdultSlope= 5.87858791649342
AIAdultLD50= 0.523458208234748
AIAdultSlopeContact= 8.92482001031749
AIAdultLD50Contact= 3.51740157638863
AILarvaSlope= 7.38653794303536
AILarvaLD50= 71.0378176366678
AIKOW= 51805.8257641369
AIKOC= 88797.5582028793
AIHalfLife= 6.22982544566039
EAppRate= 5.9917212032727
FoliarEnabled= true
FoliarAppDate= 09/01/1989
FoliarForageBegin= 09/01/1989
FoliarForageEnd= 09/08/1989
AIContactFactor= 2.08769517290406
CL4Pollen= 0.565171513706446
CL4Nectar= 54.305670876056
CL5Pollen= 2.75252406299114
CL5Nectar= 84.376878105104
CLDPollen= 0.653679736889899
CLDNectar= 143.873011262622
CA13Pollen= 4.64640377443284
CA13Nectar= 39.9502481520176
CA410Pollen= 7.77862474285066
CA410Nectar= 176.545810010284
CA1120Pollen= 1.75463202525862
CA1120Nectar= 37.0088081806898
IPollenTrips= 14.743892706465
INectarTrips= 9.63205991545692
IPollenLoad= 6.76770503632724
INectarLoad= 9.6787329018116
