ICQueenStrength= 5.91972150513902
RQWkrDrnRatio= 3.87127011921257
ICDroneMiteSurvivorship= 6.20746514759958
ICWorkerMiteSurvivorship= 20.8189340308309
ICForagerLifespan= 7.00120077189058
ImmType= Exponential
RQQueenStrength= 4.74124613706954
RQEnableReQueen= true
AIAdultSlope= 3.47619135677814
AIAdultLD50= 0.0461110437507741
AIAdultSlopeContact= 8.56388788367622
AIAdultLD50Contact= 62.5106059883987
AILarvaSlope= 8.1092582847923
AILarvaLD50= 42.5781044355356
AIKOW= 21410.9365720649
AIKOC= 73437.9851355357
AIHalfLife= 21.6244585508713
EAppRate= 8.1967605191553
FoliarEnabled= true
FoliarAppDate= 09/01/1989
FoliarForageBegin= 09/01/1989
FoliarForageEnd= 09/08/1989
AIContactFactor= 0.623411258780397
CL4Pollen= 0.785471064038575
CL4Nectar= 82.9189804149792
CL5Pollen= 3.67453744495288
CL5Nectar= 109.155131934676
CLDPollen= 5.19406939996406
CLDNectar= 49.8225654708222
CA13Pollen= 7.73916617669165
CA13Nectar= 97.7309679239988
CA410Pollen= 7.6365336479852
CA410Nectar= 39.3468982214108
CA1120Pollen= 1.68109085527249
CA1120Nectar= 23.5456382855773
IPollenTrips= 11.9737205724232
INectarTrips= 10.6342695956118
IPollenLoad= 3.60077144345269
INectarLoad= 9.64176062727347
