ICQueenStrength= 4.89501663623378
RQWkrDrnRatio= 2.02778300549835
ICDroneMiteSurvivorship= 9.60613919887692
ICWorkerMiteSurvivorship= 4.2459859047085
ICForagerLifespan= 9.6699091559276
ImmType= Logarithmic
RQQueenStrength= 4.02406017435715
RQEnableReQueen= true
AIAdultSlope= 7.88857601583004
AIAdultLD50= 95.6923386348637
AIAdultSlopeContact= 5.39866992994212
AIAdultLD50Contact= 73.7503184067351
AILarvaSlope= 2.922074791044
AILarvaLD50= 38.7954184420055
AIKOW= 13787.3857114556
AIKOC= 23775.2439363587
AIHalfLife= 21.8514891187195
EAppRate= 4.45490922465385
FoliarEnabled= true
FoliarAppDate= 06/07/1989
FoliarForageBegin= 06/05/1989
FoliarForageEnd= 06/28/1989
AIContactFactor= 1.64519575144164
CL4Pollen= 3.24425061140209
CL4Nectar= 85.8579030493274
CL5Pollen= 5.9615078936331
CL5Nectar= 101.446994883008
CLDPollen= 2.69937732350081
CLDNectar= 92.1443727915175
CA13Pollen= 3.77177133392543
CA13Nectar= 36.9889215193689
CA410Pollen= 4.13348634531721
CA410Nectar= 77.5640131067485
CA1120Pollen= 2.72310048784129
CA1120Nectar= 68.7448659911752
IPollenTrips= 14.2619176534936
INectarTrips= 14.658339349553
IPollenLoad= 0.246553253382444
INectarLoad= 7.06656056456268
ESoilP= 1.98150885105133
ESoilFoc= 0.01076070173271
