ICQueenStrength= 4.68583877105266
RQWkrDrnRatio= 1.28537473641336
ICDroneMiteSurvivorship= 13.640607194975
ICWorkerMiteSurvivorship= 42.0224271481857
ICForagerLifespan= 9.53562513832003
ImmType= Logarithmic
RQQueenStrength= 4.76744430605322
RQEnableReQueen=true
AIAdultSlope= 2.00425966642797
AIAdultLD50= 0.919164704271592
AIAdultSlopeContact= 9.37925854697824
AIAdultLD50Contact= 25.2986737595908
AILarvaSlope= 3.82073815539479
AILarvaLD50= 12.2539347741967
AIKOW= 19475.8477818369
AIKOC= 34020.694954766
AIHalfLife= 4.0019239963498
EAppRate= 8.32574185689748
FoliarEnabled=true
FoliarAppDate= 07/01/1989
FoliarForageBegin= 07/01/1989
FoliarForageEnd= 07/14/1989
AIContactFactor= 0.474025219008327
CL4Pollen= 0.944996030069888
CL4Nectar= 50.1811702735722
CL5Pollen= 0.426073524635285
CL5Nectar= 7.08643840625882
CLDPollen= 3.50731061026454
CLDNectar= 66.506450122688
CA13Pollen= 5.83203444844112
CA13Nectar= 74.6445031091571
CA410Pollen= 8.15237440795172
CA410Nectar= 134.485652535222
CA1120Pollen= 0.220248667057604
CA1120Nectar= 91.6015585884452
IPollenTrips= 9.96394213056192
INectarTrips= 13.3416792191565
IPollenLoad= 5.79570232657716
INectarLoad= 1.62724313093349
