ICQueenStrength= 1.85389923304319
RQWkrDrnRatio= 4.00661393720657
ICDroneMiteSurvivorship= 27.0772484363988
ICWorkerMiteSurvivorship= 5.87322043720633
ICForagerLifespan= 7.57672957144678
ImmType= Logarithmic
RQQueenStrength= 5.51895700301975
RQEnableReQueen= true
AIAdultSlope= 3.69560286588967
AIAdultLD50= 62.0941169237629
AIAdultSlopeContact= 9.42703793896362
AIAdultLD50Contact= 50.0289561602876
AILarvaSlope= 8.01569078490138
AILarvaLD50= 49.1695789088947
AIKOW= 20285.8701667193
AIKOC= 80880.9501270649
AIHalfLife= 32.0697727047605
EAppRate= 2.06240070841461
FoliarEnabled= true
FoliarAppDate= 06/07/1989
FoliarForageBegin= 06/05/1989
FoliarForageEnd= 06/28/1989
AIContactFactor= 1.8247643628018
CL4Pollen= 1.27598829008639
CL4Nectar= 16.329844831489
CL5Pollen= 5.83411515131593
CL5Nectar= 95.9334592684172
CLDPollen= 2.17710556089878
CLDNectar= 72.5127539830282
CA13Pollen= 2.48164997883141
CA13Nectar= 31.3472795300186
CA410Pollen= 6.54324104073457
CA410Nectar= 113.331585102715
CA1120Pollen= 1.66086873644963
CA1120Nectar= 49.1797142848372
IPollenTrips= 11.4531948859803
INectarTrips= 5.20276982104406
IPollenLoad= 7.97878183191642
INectarLoad= 1.80165637051687
ESoilP= 1.78561414475553
ESoilFoc= 0.00764806164638139
