ICQueenStrength= 1.56830584653653
RQWkrDrnRatio= 2.31406609900296
ICDroneMiteSurvivorship= 34.7898408770561
ICWorkerMiteSurvivorship= 63.0701564950868
ICForagerLifespan= 13.6159480549395
ImmType= Exponential
RQQueenStrength= 1.57654143194668
RQEnableReQueen= true
AIAdultSlope= 1.43787875212729
AIAdultLD50= 52.5356846622208
AIAdultSlopeContact= 8.69300232618116
AIAdultLD50Contact= 81.3340723289889
AILarvaSlope= 1.62422585487366
AILarvaLD50= 44.784481314054
AIKOW= 33088.5207369608
AIKOC= 25140.0009832876
AIHalfLife= 22.9591161630582
EAppRate= 6.77555078382045
FoliarEnabled= true
FoliarAppDate= 06/07/1989
FoliarForageBegin= 06/05/1989
FoliarForageEnd= 06/28/1989
AIContactFactor= 2.00712440792937
CL4Pollen= 2.50749330036342
CL4Nectar= 43.707807851024
CL5Pollen= 3.02253636298701
CL5Nectar= 12.2612424544059
CLDPollen= 3.26777301449329
CLDNectar= 3.41012212447822
CA13Pollen= 4.75187123501673
CA13Nectar= 74.4069262593985
CA410Pollen= 8.05315183317289
CA410Nectar= 33.0117018707097
CA1120Pollen= 2.88107340526767
CA1120Nectar= 49.6791752800345
IPollenTrips= 12.320269914344
INectarTrips= 14.3787011085078
IPollenLoad= 5.94551678746939
INectarLoad= 7.25655475165695
