ICQueenStrength= 4.89446255983785
RQWkrDrnRatio= 4.68467343878001
ICDroneMiteSurvivorship= 97.0597739797086
ICWorkerMiteSurvivorship= 2.91755883954465
ICForagerLifespan= 11.2919584671035
ImmType= Polynomial
RQQueenStrength= 3.37395164207555
RQEnableReQueen= true
AIAdultSlope= 1.51902253180742
AIAdultLD50= 20.2187223625483
AIAdultSlopeContact= 1.46848246781155
AIAdultLD50Contact= 31.4946229599796
AILarvaSlope= 8.62562971934676
AILarvaLD50= 13.7612140189609
AIKOW= 77978.543578215
AIKOC= 87922.4325373676
AIHalfLife= 7.02965402887203
EAppRate= 4.4648833624667
FoliarEnabled= true
FoliarAppDate= 06/07/1989
FoliarForageBegin= 06/05/1989
FoliarForageEnd= 06/28/1989
AIContactFactor= 1.24419066447299
CL4Pollen= 0.872876966372132
CL4Nectar= 47.7643679827452
CL5Pollen= 5.49944893224165
CL5Nectar= 71.8635277356952
CLDPollen= 1.27238201815635
CLDNectar= 30.5226098396815
CA13Pollen= 5.31607639631256
CA13Nectar= 50.0864361040294
CA410Pollen= 4.38118095700629
CA410Nectar= 45.7560094213113
CA1120Pollen= 0.733690289547667
CA1120Nectar= 21.7088470049202
IPollenTrips= 14.3677963549271
INectarTrips= 6.24013283988461
IPollenLoad= 0.429511403199285
INectarLoad= 8.78283270634711
