ICQueenStrength= 5.26662544487044
RQWkrDrnRatio= 1.4969586469233
ICDroneMiteSurvivorship= 60.5871187755838
ICWorkerMiteSurvivorship= 17.9118238156661
ICForagerLifespan= 14.1216367445886
ImmType= Tangent
RQQueenStrength= 2.64224068401381
RQEnableReQueen= true
AIAdultSlope= 2.58003551699221
AIAdultLD50= 17.2107721226802
AIAdultSlopeContact= 6.2242831280455
AIAdultLD50Contact= 86.472726589483
AILarvaSlope= 1.23206886462867
AILarvaLD50= 41.6486045807628
AIKOW= 78044.3766922386
AIKOC= 12225.1353085581
AIHalfLife= 14.4457269484177
EAppRate= 6.16941492732149
FoliarEnabled= true
FoliarAppDate= 06/07/1989
FoliarForageBegin= 06/05/1989
FoliarForageEnd= 06/28/1989
AIContactFactor= 1.19600485876668
CL4Pollen= 1.73824074398726
CL4Nectar= 88.6276996228844
CL5Pollen= 1.58405919279903
CL5Nectar= 84.7705448395573
CLDPollen= 5.45185030996799
CLDNectar= 128.900509548839
CA13Pollen= 2.45844797957689
CA13Nectar= 55.7081406190991
CA410Pollen= 4.63373522164766
CA410Nectar= 196.297575403005
CA1120Pollen= 2.23386770649813
CA1120Nectar= 95.693437140435
IPollenTrips= 14.3753140815534
INectarTrips= 7.83131332136691
IPollenLoad= 6.62927445024252
INectarLoad= 2.05255670938641
