ICQueenStrength= 2.99040873791091
RQWkrDrnRatio= 4.98728338442743
ICDroneMiteSurvivorship= 26.4087121700868
ICWorkerMiteSurvivorship= 75.3518341341987
ICForagerLifespan= 11.8061525840312
ImmType= Cosine
RQQueenStrength= 5.55001694266684
RQEnableReQueen= true
AIAdultSlope= 6.14137675799429
AIAdultLD50= 6.36200582642201
AIAdultSlopeContact= 6.29046753863804
AIAdultLD50Contact= 64.0076800188587
AILarvaSlope= 2.08246987313032
AILarvaLD50= 94.7401565524784
AIKOW= 38406.2676584137
AIKOC= 52933.6595218969
AIHalfLife= 15.748066873895
EAppRate= 7.29391567190318
FoliarEnabled= true
FoliarAppDate= 06/07/1989
FoliarForageBegin= 06/05/1989
FoliarForageEnd= 06/28/1989
AIContactFactor= 1.90745112606324
CL4Pollen= 3.93844414316118
CL4Nectar= 16.4104752475396
CL5Pollen= 4.30678313691169
CL5Nectar= 133.814954920672
CLDPollen= 5.43835989944637
CLDNectar= 28.1158318393864
CA13Pollen= 3.43368146643043
CA13Nectar= 98.7077247723937
CA410Pollen= 7.32463891075458
CA410Nectar= 58.3049847232178
CA1120Pollen= 2.08045330736786
CA1120Nectar= 38.8892723806202
IPollenTrips= 10.5181407695636
INectarTrips= 14.3984997272491
IPollenLoad= 7.79528692364693
INectarLoad= 8.39515773579478
