ICQueenStrength= 2.60522968741134
RQWkrDrnRatio= 3.78528955206275
ICDroneMiteSurvivorship= 60.8705723192543
ICWorkerMiteSurvivorship= 1.53633283916861
ICForagerLifespan= 13.8419635454193
ImmType= Logarithmic
RQQueenStrength= 1.31059293425642
RQEnableReQueen= true
AIAdultSlope= 5.62985091097653
AIAdultLD50= 50.1159541133982
AIAdultSlopeContact= 2.03046752139926
AIAdultLD50Contact= 72.9631295977985
AILarvaSlope= 8.5644514169544
AILarvaLD50= 35.9592785955281
AIKOW= 54137.8704592671
AIKOC= 56099.4153224421
AIHalfLife= 16.405834205728
EAppRate= 5.9610365762075
FoliarEnabled= true
FoliarAppDate= 06/07/1989
FoliarForageBegin= 06/05/1989
FoliarForageEnd= 06/28/1989
AIContactFactor= 1.18694987034891
CL4Pollen= 3.97281140740961
CL4Nectar= 56.2234957935289
CL5Pollen= 3.42745138239115
CL5Nectar= 143.991707463283
CLDPollen= 3.01268992479891
CLDNectar= 148.497110651806
CA13Pollen= 5.93308580555022
CA13Nectar= 71.4844776690006
CA410Pollen= 6.09531372957863
CA410Nectar= 189.218019321561
CA1120Pollen= 2.70378719433211
CA1120Nectar= 64.6181718632579
IPollenTrips= 7.06868435721844
INectarTrips= 9.17292677797377
IPollenLoad= 5.59250433230773
INectarLoad= 0.760890983510762
