ICQueenStrength= 4.3355396585539
RQWkrDrnRatio= 3.96581042278558
ICDroneMiteSurvivorship= 31.8704901030287
ICWorkerMiteSurvivorship= 25.1107588876039
ICForagerLifespan= 10.9110190225765
ImmType= Tangent
RQQueenStrength= 2.42332311533391
RQEnableReQueen=true
AIAdultSlope= 2.88584201782942
AIAdultLD50= 0.767462367952336
AIAdultSlopeContact= 3.37823974271305
AIAdultLD50Contact= 30.2705473935078
AILarvaSlope= 1.78199250809848
AILarvaLD50= 81.7491256112524
AIKOW= 1797.05589028251
AIKOC= 74156.4209536575
AIHalfLife= 25.5411183251301
EAppRate= 0.569734248185297
FoliarEnabled=true
FoliarAppDate= 07/01/1989
FoliarForageBegin= 07/01/1989
FoliarForageEnd= 07/14/1989
AIContactFactor= 0.644895253069699
CL4Pollen= 1.71787960361689
CL4Nectar= 18.8470978988335
CL5Pollen= 2.80451458320022
CL5Nectar= 54.1488711023703
CLDPollen= 1.28208409063518
CLDNectar= 0.676769006531686
CA13Pollen= 2.20314343022183
CA13Nectar= 58.2384375669062
CA410Pollen= 6.10112838787027
CA410Nectar= 175.464314501733
CA1120Pollen= 2.06092742085457
CA1120Nectar= 65.2964348345995
IPollenTrips= 10.9128000517376
INectarTrips= 8.45498012378812
IPollenLoad= 6.79049941711128
INectarLoad= 9.72630280768499
