ICQueenStrength= 3.19537869445048
RQWkrDrnRatio= 3.14624426141381
ICDroneMiteSurvivorship= 1.10234434250742
ICWorkerMiteSurvivorship= 3.20455529727042
ICForagerLifespan= 8.23789858352393
ImmType= Sine
RQQueenStrength= 4.76228663371876
RQEnableReQueen= true
AIAdultSlope= 6.17480395920575
AIAdultLD50= 56.3507064109743
AIAdultSlopeContact= 1.34899198822677
AIAdultLD50Contact= 95.3241312245473
AILarvaSlope= 3.76283248700202
AILarvaLD50= 9.52609187542088
AIKOW= 41216.9333657104
AIKOC= 76881.9533107975
AIHalfLife= 14.5033591020619
EAppRate= 2.708920391283
FoliarEnabled= true
FoliarAppDate= 06/07/1989
FoliarForageBegin= 06/05/1989
FoliarForageEnd= 06/28/1989
AIContactFactor= 1.61277572829276
CL4Pollen= 3.57523281406611
CL4Nectar= 36.8113891454414
CL5Pollen= 3.01666331710294
CL5Nectar= 75.9887392167002
CLDPollen= 4.29862725455314
CLDNectar= 85.242792754434
CA13Pollen= 6.43188852984458
CA13Nectar= 87.7558895759284
CA410Pollen= 6.87026979089715
CA410Nectar= 115.581736513413
CA1120Pollen= 1.20178306172602
CA1120Nectar= 91.9710751622915
IPollenTrips= 14.5663884701207
INectarTrips= 13.2630719174631
IPollenLoad= 3.46338835544884
INectarLoad= 7.06484840949997
