ICQueenStrength= 1.79995713755488
RQWkrDrnRatio= 1.19623005297035
ICDroneMiteSurvivorship= 27.9287636978552
ICWorkerMiteSurvivorship= 38.1378086749464
ICForagerLifespan= 8.2449327101931
ImmType= Cosine
RQQueenStrength= 1.78810066077858
RQEnableReQueen=true
AIAdultSlope= 2.67452741973102
AIAdultLD50= 0.075245699436171
AIAdultSlopeContact= 4.09210758702829
AIAdultLD50Contact= 64.7694419035874
AILarvaSlope= 4.83358756639063
AILarvaLD50= 69.2793157083304
AIKOW= 64036.573503673
AIKOC= 12026.6758518494
AIHalfLife= 25.7898743937258
EAppRate= 0.421506383716362
FoliarEnabled=true
FoliarAppDate= 07/01/1989
FoliarForageBegin= 07/01/1989
FoliarForageEnd= 07/14/1989
AIContactFactor= 0.943720043282956
CL4Pollen= 2.26084592193365
CL4Nectar= 89.9092407431453
CL5Pollen= 3.9275681306608
CL5Nectar= 21.8617823906243
CLDPollen= 5.22694137878716
CLDNectar= 84.7827654099092
CA13Pollen= 3.61387508576736
CA13Nectar= 38.3898689411581
CA410Pollen= 4.58516775467433
CA410Nectar= 100.962420273572
CA1120Pollen= 0.946653337916359
CA1120Nectar= 93.820258770138
IPollenTrips= 10.6192003865726
INectarTrips= 9.91575726540759
IPollenLoad= 8.66443540900946
INectarLoad= 9.26079348428175
