ICQueenStrength= 3.31333765666932
RQWkrDrnRatio= 2.43111066147685
ICDroneMiteSurvivorship= 32.4169007828459
ICWorkerMiteSurvivorship= 99.1100216750056
ICForagerLifespan= 12.1463205628097
ImmType= Polynomial
AIAdultSlope= 1.50946393877501
AIAdultLD50= 0.0217627663165331
AIAdultSlopeContact= 1.84761546151713
AIAdultLD50Contact= 0.0416838426608592
AILarvaSlope= 0.168560597021133
AILarvaLD50= 0.299050848721527
AIKOW= 2.07939579803497
AIKOC= 19.0220582077745
AIHalfLife= 0.4221753728576
EAppRate= 7.09454258205369
FoliarEnabled= true
