ICQueenStrength= 4.91143083223142
RQWkrDrnRatio= 3.26723227091134
ICDroneMiteSurvivorship= 10.6355417985469
ICWorkerMiteSurvivorship= 37.9132869420573
ICForagerLifespan= 14.6837851181626
ImmType= Sine
RQQueenStrength= 1.09814346092753
RQEnableReQueen= true
AIAdultSlope= 3.48783859610558
AIAdultLD50= 64.6447351696545
AIAdultSlopeContact= 5.68551692902111
AIAdultLD50Contact= 67.4222294982944
AILarvaSlope= 6.89230602234602
AILarvaLD50= 83.469694917625
AIKOW= 96905.2519018725
AIKOC= 37935.5658948896
AIHalfLife= 18.0257593744202
EAppRate= 7.13643214805727
FoliarEnabled= true
FoliarAppDate= 06/07/1989
FoliarForageBegin= 06/05/1989
FoliarForageEnd= 06/28/1989
AIContactFactor= 1.96220841109753
CL4Pollen= 2.47197361849248
CL4Nectar= 91.9718276942149
CL5Pollen= 5.38721045153216
CL5Nectar= 77.1461164229549
CLDPollen= 3.24609436886385
CLDNectar= 124.806770612486
CA13Pollen= 3.59617592748255
CA13Nectar= 30.6793370656669
CA410Pollen= 5.31198377364781
CA410Nectar= 152.885424741544
CA1120Pollen= 2.07877941126935
CA1120Nectar= 65.1061126962304
IPollenTrips= 6.30425188457593
INectarTrips= 6.67400368722156
IPollenLoad= 0.809316667728126
INectarLoad= 2.02325683785602
