ICQueenStrength= 3.58412951836362
RQWkrDrnRatio= 4.77028617821634
ICDroneMiteSurvivorship= 69.5862661581486
ICWorkerMiteSurvivorship= 40.4638753738254
ICForagerLifespan= 14.6658835690469
ImmType= Polynomial
RQQueenStrength= 2.15326609346084
RQEnableReQueen= true
AIAdultSlope= 6.36049763858318
AIAdultLD50= 0.497922968816012
AIAdultSlopeContact= 1.66961344284937
AIAdultLD50Contact= 1.11271455396013
AILarvaSlope= 6.18760519102216
AILarvaLD50= 15.6443314823802
AIKOW= 38513.3320485068
AIKOC= 29876.3823966871
AIHalfLife= 27.2586153653217
EAppRate= 2.18530655395007
FoliarEnabled= true
FoliarAppDate= 09/01/1989
FoliarForageBegin= 09/01/1989
FoliarForageEnd= 09/08/1989
AIContactFactor= 2.10673349030316
CL4Pollen= 0.000938400626182556
CL4Nectar= 53.2336592441425
CL5Pollen= 1.96454757777974
CL5Nectar= 79.034289100673
CLDPollen= 1.52959740534425
CLDNectar= 6.48584930459037
CA13Pollen= 5.15843949820846
CA13Nectar= 68.1699571758509
CA410Pollen= 8.04764453696553
CA410Nectar= 49.5343860890716
CA1120Pollen= 1.77179532428272
CA1120Nectar= 41.2461867369711
IPollenTrips= 13.2057379512116
INectarTrips= 14.5973075320944
IPollenLoad= 4.41577620338649
INectarLoad= 5.58936295798048
