ICQueenStrength= 2.79241910693236
RQWkrDrnRatio= 2.71924486197531
ICDroneMiteSurvivorship= 84.7138799494132
ICWorkerMiteSurvivorship= 62.2166933258995
ICForagerLifespan= 9.9948201905936
ImmType= Polynomial
RQQueenStrength= 1.51561016356573
RQEnableReQueen= true
AIAdultSlope= 8.76174887456
AIAdultLD50= 0.672672630663495
AIAdultSlopeContact= 9.56022994895466
AIAdultLD50Contact= 16.6211162767371
AILarvaSlope= 5.98002611100674
AILarvaLD50= 55.0409614097592
AIKOW= 50972.610608932
AIKOC= 13389.3558140942
AIHalfLife= 28.540704393317
EAppRate= 4.78531872680038
FoliarEnabled= true
FoliarAppDate= 09/01/1989
FoliarForageBegin= 09/01/1989
FoliarForageEnd= 09/08/1989
AIContactFactor= 0.686429196051322
CL4Pollen= 0.821969614364207
CL4Nectar= 2.19034412875772
CL5Pollen= 0.954831724986434
CL5Nectar= 69.0459272707812
CLDPollen= 4.0440074019134
CLDNectar= 106.559966225177
CA13Pollen= 5.83158226571977
CA13Nectar= 45.3667463362217
CA410Pollen= 3.20469131080899
CA410Nectar= 170.407687625848
CA1120Pollen= 2.38389595365152
CA1120Nectar= 86.6045873425901
IPollenTrips= 5.22896554321051
INectarTrips= 7.80672806780785
IPollenLoad= 5.12723401654512
INectarLoad= 0.00374941388145089
