ICQueenStrength= 1.479301182786
RQWkrDrnRatio= 1.70529847126454
ICDroneMiteSurvivorship= 90.5766525072977
ICWorkerMiteSurvivorship= 80.6004707003012
ICForagerLifespan= 10.6052560210228
ImmType= Cosine
RQQueenStrength= 3.06671343417838
RQEnableReQueen= true
AIAdultSlope= 6.05904490500689
AIAdultLD50= 83.5116428035849
AIAdultSlopeContact= 3.48196605639532
AIAdultLD50Contact= 1.8461756913017
AILarvaSlope= 8.11376068554819
AILarvaLD50= 94.6228696611475
AIKOW= 74496.2741746027
AIKOC= 60484.4916134919
AIHalfLife= 3.53306612307206
EAppRate= 0.439420272221556
FoliarEnabled= true
FoliarAppDate= 06/07/1989
FoliarForageBegin= 06/05/1989
FoliarForageEnd= 06/28/1989
AIContactFactor= 0.664168946351856
CL4Pollen= 0.486246079206467
CL4Nectar= 71.8266655923799
CL5Pollen= 4.4028804008849
CL5Nectar= 81.2422022572719
CLDPollen= 0.559502467978746
CLDNectar= 74.3330903118476
CA13Pollen= 6.3776286540553
CA13Nectar= 86.1113508045673
CA410Pollen= 2.22792459414341
CA410Nectar= 42.8871080139652
CA1120Pollen= 0.0543832476250827
CA1120Nectar= 60.7768934033811
IPollenTrips= 5.93910607742146
INectarTrips= 6.46074906457216
IPollenLoad= 5.25576806161553
INectarLoad= 4.89685596199706
