ICQueenStrength= 3.18145193345845
RQWkrDrnRatio= 3.43317827023566
ICDroneMiteSurvivorship= 25.6597252795473
ICWorkerMiteSurvivorship= 43.239234155044
ICForagerLifespan= 6.07472893688828
ImmType= Cosine
RQQueenStrength= 2.32157048676163
RQEnableReQueen=true
AIAdultSlope= 5.68145602196455
AIAdultLD50= 0.583236714931205
AIAdultSlopeContact= 5.55002131010406
AIAdultLD50Contact= 87.6641521989198
AILarvaSlope= 8.60125865228474
AILarvaLD50= 37.8605535709278
AIKOW= 38961.1452622318
AIKOC= 75205.4847606854
AIHalfLife= 20.9591872881167
EAppRate= 7.91392687037401
FoliarEnabled=true
FoliarAppDate= 07/01/1989
FoliarForageBegin= 07/01/1989
FoliarForageEnd= 07/14/1989
AIContactFactor= 0.280122960368171
CL4Pollen= 3.79558395314962
CL4Nectar= 70.790526131168
CL5Pollen= 0.44845884712413
CL5Nectar= 108.067522617057
CLDPollen= 3.16216180566698
CLDNectar= 28.212062374223
CA13Pollen= 6.07287151860073
CA13Nectar= 37.6143943145871
CA410Pollen= 3.62942188715097
CA410Nectar= 53.849565484561
CA1120Pollen= 0.832569477846846
CA1120Nectar= 59.0595896542072
IPollenTrips= 14.1726909927092
INectarTrips= 10.7530079130083
IPollenLoad= 3.86459271656349
INectarLoad= 5.99225329933688
