ICQueenStrength= 4.09510988881811
RQWkrDrnRatio= 3.65016704984009
ICDroneMiteSurvivorship= 78.67661123164
ICWorkerMiteSurvivorship= 45.2388669364154
ICForagerLifespan= 12.3137535322458
ImmType= Polynomial
RQQueenStrength= 4.33848858834244
RQEnableReQueen= true
AIAdultSlope= 8.96665465272963
AIAdultLD50= 90.6545757052794
AIAdultSlopeContact= 6.38987624598667
AIAdultLD50Contact= 41.5797407636698
AILarvaSlope= 3.68776769936085
AILarvaLD50= 65.2970303772253
AIKOW= 74049.4415968845
AIKOC= 95202.5737496905
AIHalfLife= 10.3297045131447
EAppRate= 9.65642220813222
FoliarEnabled= true
FoliarAppDate= 06/07/1989
FoliarForageBegin= 06/05/1989
FoliarForageEnd= 06/28/1989
AIContactFactor= 1.79498787014279
CL4Pollen= 1.411073660478
CL4Nectar= 42.578114522621
CL5Pollen= 4.40054746158421
CL5Nectar= 4.38164337538183
CLDPollen= 3.58451088611037
CLDNectar= 46.2346213753335
CA13Pollen= 5.10526942070573
CA13Nectar= 44.1964089684188
CA410Pollen= 3.49836622937582
CA410Nectar= 104.961354904808
CA1120Pollen= 2.31096910592169
CA1120Nectar= 88.8256179727614
IPollenTrips= 14.5063211536035
INectarTrips= 8.2823787885718
IPollenLoad= 2.93933640001342
INectarLoad= 1.10487501369789
