ICQueenStrength= 2.48630214761943
RQWkrDrnRatio= 3.88560148049146
ICDroneMiteSurvivorship= 69.6429545758292
ICWorkerMiteSurvivorship= 20.1525388751179
ICForagerLifespan= 14.5403884463012
ImmType= Cosine
RQQueenStrength= 3.57170621491969
RQEnableReQueen=true
AIAdultSlope= 7.9301072601229
AIAdultLD50= 0.0725288818511181
AIAdultSlopeContact= 4.11635023239069
AIAdultLD50Contact= 23.4058261913278
AILarvaSlope= 7.6352508161217
AILarvaLD50= 85.1851625830831
AIKOW= 13886.6547461142
AIKOC= 31529.2554268369
AIHalfLife= 6.51447512526065
EAppRate= 5.31052923151059
FoliarEnabled=true
FoliarAppDate= 07/01/1989
FoliarForageBegin= 07/01/1989
FoliarForageEnd= 07/14/1989
AIContactFactor= 1.01420481529552
CL4Pollen= 0.739398964680731
CL4Nectar= 65.645009255968
CL5Pollen= 1.39064082596451
CL5Nectar= 23.1907990761101
CLDPollen= 4.38766767410561
CLDNectar= 115.142858563922
CA13Pollen= 3.02650669291616
CA13Nectar= 71.2854750826955
CA410Pollen= 2.93796368315816
CA410Nectar= 43.3309258054942
CA1120Pollen= 2.71090325270779
CA1120Nectar= 94.3835762143135
IPollenTrips= 11.3810535776429
INectarTrips= 13.364473246038
IPollenLoad= 7.64525907114148
INectarLoad= 2.03713040333241
