ICQueenStrength= 4.31812373944558
RQWkrDrnRatio= 1.28624653164297
ICDroneMiteSurvivorship= 94.5315160555765
ICWorkerMiteSurvivorship= 15.2623889269307
ICForagerLifespan= 13.7591059543192
ImmType= Logarithmic
RQQueenStrength= 2.02870550006628
RQEnableReQueen= true
AIAdultSlope= 5.13557794876397
AIAdultLD50= 52.0902834663247
AIAdultSlopeContact= 8.26269159442745
AIAdultLD50Contact= 59.1158427714235
AILarvaSlope= 7.74253803119063
AILarvaLD50= 24.6103985214392
AIKOW= 66788.4680592096
AIKOC= 13052.2408325144
AIHalfLife= 11.6229129526997
EAppRate= 3.66737334859744
FoliarEnabled= true
FoliarAppDate= 06/07/1989
FoliarForageBegin= 06/05/1989
FoliarForageEnd= 06/28/1989
AIContactFactor= 1.54008448637556
CL4Pollen= 3.26930046081543
CL4Nectar= 72.9795633582398
CL5Pollen= 0.416862721089274
CL5Nectar= 32.1273227920756
CLDPollen= 2.36808827938512
CLDNectar= 0.745943491347134
CA13Pollen= 7.16974288113415
CA13Nectar= 92.129076346755
CA410Pollen= 5.64724275094923
CA410Nectar= 164.38712683972
CA1120Pollen= 0.0916294720955193
CA1120Nectar= 30.6317241489887
IPollenTrips= 12.3550577647984
INectarTrips= 10.3933152230456
IPollenLoad= 9.74409078713506
INectarLoad= 1.24612848972902
ESoilP= 1.17082367232069
ESoilFoc= 0.00720929025253281
