ICQueenStrength= 1.57694510091096
RQWkrDrnRatio= 1.51357608661056
ICDroneMiteSurvivorship= 22.2121394472197
ICWorkerMiteSurvivorship= 36.8700158782303
ICForagerLifespan= 8.01154080685228
ImmType= Exponential
RQQueenStrength= 4.67285242420621
RQEnableReQueen= true
AIAdultSlope= 8.12948328070343
AIAdultLD50= 48.1200352427089
AIAdultSlopeContact= 7.21741830231622
AIAdultLD50Contact= 9.61331825639168
AILarvaSlope= 8.53642858192325
AILarvaLD50= 36.9717999053309
AIKOW= 57612.4650671402
AIKOC= 41117.1055460232
AIHalfLife= 34.2156380038243
EAppRate= 1.96970584802539
FoliarEnabled= true
FoliarAppDate= 06/07/1989
FoliarForageBegin= 06/05/1989
FoliarForageEnd= 06/28/1989
AIContactFactor= 1.94084657063242
CL4Pollen= 0.639721789397299
CL4Nectar= 77.6954240631312
CL5Pollen= 3.94657942140475
CL5Nectar= 119.728381955065
CLDPollen= 4.92209400655702
CLDNectar= 103.42122965958
CA13Pollen= 3.41521806996316
CA13Nectar= 55.0994284451008
CA410Pollen= 4.92126307189465
CA410Nectar= 66.0581240803003
CA1120Pollen= 2.93266043113545
CA1120Nectar= 95.5202014371753
IPollenTrips= 13.0154176079668
INectarTrips= 13.6830678163096
IPollenLoad= 1.96276478702202
INectarLoad= 0.0278279255144298
