ICQueenStrength= 4.47863810718991
RQWkrDrnRatio= 4.21149205323309
ICDroneMiteSurvivorship= 92.92151350528
ICWorkerMiteSurvivorship= 89.418363198638
ICForagerLifespan= 11.1565340524539
ImmType= Cosine
RQQueenStrength= 5.70247776247561
RQEnableReQueen= true
AIAdultSlope= 1.80722036398947
AIAdultLD50= 61.2518936943114
AIAdultSlopeContact= 2.88123323512264
AIAdultLD50Contact= 9.49044991155388
AILarvaSlope= 4.39268816262484
AILarvaLD50= 52.7892940222889
AIKOW= 11041.6997939588
AIKOC= 20401.6264430946
AIHalfLife= 22.0863171047531
EAppRate= 4.39022613700712
FoliarEnabled= true
FoliarAppDate= 06/07/1989
FoliarForageBegin= 06/05/1989
FoliarForageEnd= 06/28/1989
AIContactFactor= 2.17501319899224
CL4Pollen= 0.206723823212087
CL4Nectar= 83.0377763602883
CL5Pollen= 2.60879673343152
CL5Nectar= 85.3143812273629
CLDPollen= 3.7089693476446
CLDNectar= 54.7821671585552
CA13Pollen= 4.81217667302117
CA13Nectar= 77.0483765564859
CA410Pollen= 7.42602440107148
CA410Nectar= 116.374345370568
CA1120Pollen= 0.118287990801036
CA1120Nectar= 91.1943312175572
IPollenTrips= 9.50797999743372
INectarTrips= 9.02203015750274
IPollenLoad= 6.98223559185863
INectarLoad= 2.94589770957828
ESoilP= 1.50715617532842
ESoilFoc= 0.0194285368998535
