ICQueenStrength= 5.92030050838366
RQWkrDrnRatio= 1.06260089762509
ICDroneMiteSurvivorship= 34.8138578701764
ICWorkerMiteSurvivorship= 44.1019815159962
ICForagerLifespan= 8.68874028977007
ImmType= Cosine
RQQueenStrength= 3.70460952538997
RQEnableReQueen= true
AIAdultSlope= 8.01911684125662
AIAdultLD50= 0.161953529382357
AIAdultSlopeContact= 4.02166163455695
AIAdultLD50Contact= 51.2534576628795
AILarvaSlope= 5.82858074456453
AILarvaLD50= 48.770221933773
AIKOW= 29105.8832194643
AIKOC= 83634.1051191236
AIHalfLife= 21.243332868116
EAppRate= 2.55885164451553
FoliarEnabled= true
FoliarAppDate= 09/01/1989
FoliarForageBegin= 09/01/1989
FoliarForageEnd= 09/08/1989
AIContactFactor= 2.04299023648724
CL4Pollen= 3.0435725832358
CL4Nectar= 27.9507394647226
CL5Pollen= 1.12624633312225
CL5Nectar= 16.1355562275276
CLDPollen= 0.645783999469131
CLDNectar= 10.72034065146
CA13Pollen= 4.06178338713944
CA13Nectar= 54.7765478864312
CA410Pollen= 7.76245007852558
CA410Nectar= 178.893373007886
CA1120Pollen= 1.8546763791237
CA1120Nectar= 40.0071937032044
IPollenTrips= 12.6053368463181
INectarTrips= 8.65716824540868
IPollenLoad= 3.24334262404591
INectarLoad= 2.58672585478052
