ICQueenStrength= 3.58364980807528
RQWkrDrnRatio= 1.84760286286473
ICDroneMiteSurvivorship= 26.7557228682563
ICWorkerMiteSurvivorship= 7.53396807704121
ICForagerLifespan= 9.39985783118755
ImmType= Tangent
RQQueenStrength= 4.72877191752195
RQEnableReQueen= true
AIAdultSlope= 6.65408623218536
AIAdultLD50= 29.2604667530863
AIAdultSlopeContact= 4.17678450024687
AIAdultLD50Contact= 68.5611109257459
AILarvaSlope= 4.84873810783029
AILarvaLD50= 0.22831985351746
AIKOW= 56377.3823752472
AIKOC= 520.154896550812
AIHalfLife= 26.9783043534961
EAppRate= 5.9949372111361
FoliarEnabled= true
FoliarAppDate= 06/07/1989
FoliarForageBegin= 06/05/1989
FoliarForageEnd= 06/28/1989
AIContactFactor= 0.875894285114482
CL4Pollen= 2.51476391032338
CL4Nectar= 79.7411771956831
CL5Pollen= 3.59502616384998
CL5Nectar= 4.90265577100217
CLDPollen= 3.60532481130213
CLDNectar= 9.70190484076738
CA13Pollen= 3.63417758774012
CA13Nectar= 74.839197807014
CA410Pollen= 4.03135680682026
CA410Nectar= 134.493281827308
CA1120Pollen= 1.12181076407433
CA1120Nectar= 69.220726005733
IPollenTrips= 12.9195556254126
INectarTrips= 13.220867284108
IPollenLoad= 5.33592030638829
INectarLoad= 9.29819205310196
