ICQueenStrength= 1.61748365755193
RQWkrDrnRatio= 1.54275593999773
ICDroneMiteSurvivorship= 4.42084656096995
ICWorkerMiteSurvivorship= 85.5775469914079
ICForagerLifespan= 14.5750667769462
ImmType= Logarithmic
RQQueenStrength= 4.14336531213485
RQEnableReQueen= true
AIAdultSlope= 7.8825985006988
AIAdultLD50= 0.952556744265137
AIAdultSlopeContact= 6.81793220597319
AIAdultLD50Contact= 37.7917567385412
AILarvaSlope= 5.90250610373914
AILarvaLD50= 3.94358777737874
AIKOW= 1458.25804755095
AIKOC= 39499.1604884285
AIHalfLife= 14.7901337812422
EAppRate= 6.82199153368152
FoliarEnabled= true
FoliarAppDate= 09/01/1989
FoliarForageBegin= 09/01/1989
FoliarForageEnd= 09/08/1989
AIContactFactor= 0.318920658584684
CL4Pollen= 3.50128094665706
CL4Nectar= 1.86465950682759
CL5Pollen= 0.731739547569305
CL5Nectar= 42.3910235404037
CLDPollen= 1.08974219486117
CLDNectar= 70.1341187115759
CA13Pollen= 3.9794869071804
CA13Nectar= 93.8533463142812
CA410Pollen= 5.86099450408947
CA410Nectar= 174.292159951292
CA1120Pollen= 1.12886485154741
CA1120Nectar= 99.9327574856579
IPollenTrips= 12.2087316401303
INectarTrips= 13.8801626977511
IPollenLoad= 1.56379936262965
INectarLoad= 0.598696921952069
