ICQueenStrength= 4.40239820256829
RQWkrDrnRatio= 2.13436631299555
ICDroneMiteSurvivorship= 91.2971167825162
ICWorkerMiteSurvivorship= 48.798709968105
ICForagerLifespan= 8.04521964024752
ImmType= Tangent
RQQueenStrength= 2.85690024401993
RQEnableReQueen=true
AIAdultSlope= 7.56960058584809
AIAdultLD50= 0.0535822883299552
AIAdultSlopeContact= 8.9367143206764
AIAdultLD50Contact= 98.0862051010334
AILarvaSlope= 7.10610146448016
AILarvaLD50= 33.313726489963
AIKOW= 53532.9734574626
AIKOC= 68168.4417810028
AIHalfLife= 9.73463934003375
EAppRate= 7.15628952870518
FoliarEnabled=true
FoliarAppDate= 07/01/1989
FoliarForageBegin= 07/01/1989
FoliarForageEnd= 07/14/1989
AIContactFactor= 0.877056684666313
CL4Pollen= 1.65592717565596
CL4Nectar= 98.0467052198946
CL5Pollen= 4.8581912945956
CL5Nectar= 119.095295271836
CLDPollen= 3.68496133899316
CLDNectar= 90.2066804235801
CA13Pollen= 6.67004318144172
CA13Nectar= 56.8525024317205
CA410Pollen= 6.33891844390891
CA410Nectar= 45.3133026510477
CA1120Pollen= 1.07627118215896
CA1120Nectar= 37.1682016178966
IPollenTrips= 14.583403300494
INectarTrips= 5.40930588496849
IPollenLoad= 0.150108293164521
INectarLoad= 7.35712953843176
