ICQueenStrength= 1.80826945370063
RQWkrDrnRatio= 4.10397724620998
ICDroneMiteSurvivorship= 36.4396722521633
ICWorkerMiteSurvivorship= 64.1652038320899
ICForagerLifespan= 14.6799117457122
ImmType= Polynomial
RQQueenStrength= 2.721653501736
RQEnableReQueen= true
AIAdultSlope= 8.18081888742745
AIAdultLD50= 50.9870146663724
AIAdultSlopeContact= 1.17439061473124
AIAdultLD50Contact= 23.8465621829864
AILarvaSlope= 1.5411823131144
AILarvaLD50= 84.9805170642983
AIKOW= 58121.8872653587
AIKOC= 91284.755552337
AIHalfLife= 15.8754525350872
EAppRate= 0.692734692663653
FoliarEnabled= true
FoliarAppDate= 06/07/1989
FoliarForageBegin= 06/05/1989
FoliarForageEnd= 06/28/1989
AIContactFactor= 1.50847589910962
CL4Pollen= 3.84707948286086
CL4Nectar= 77.2791717434302
CL5Pollen= 5.41798849543557
CL5Nectar= 108.706236700527
CLDPollen= 4.67288291361183
CLDNectar= 134.622634411789
CA13Pollen= 5.11381254559383
CA13Nectar= 70.4883152060211
CA410Pollen= 6.57123111102264
CA410Nectar= 185.306319808587
CA1120Pollen= 2.89352407772094
CA1120Nectar= 25.755448192358
IPollenTrips= 7.41185574792325
INectarTrips= 7.80144199030474
IPollenLoad= 1.57215856248513
INectarLoad= 4.69592851353809
ESoilP= 1.77462916681543
ESoilFoc= 0.0184287530207075
