ICQueenStrength= 5.67739060870372
RQWkrDrnRatio= 3.7813486084342
ICDroneMiteSurvivorship= 88.2747392868623
ICWorkerMiteSurvivorship= 93.2671283837408
ICForagerLifespan= 6.16520866192877
ImmType= Logarithmic
RQQueenStrength= 2.16047258488834
RQEnableReQueen= true
AIAdultSlope= 8.81384651362896
AIAdultLD50= 27.1912712003947
AIAdultSlopeContact= 4.29918267671019
AIAdultLD50Contact= 61.9537714844134
AILarvaSlope= 2.15175779536366
AILarvaLD50= 76.2829283370306
AIKOW= 21587.3109125525
AIKOC= 15304.4011175283
AIHalfLife= 1.89633943014778
EAppRate= 5.37551529465639
FoliarEnabled= true
FoliarAppDate= 06/07/1989
FoliarForageBegin= 06/05/1989
FoliarForageEnd= 06/28/1989
AIContactFactor= 0.358911422113888
CL4Pollen= 3.28758756350726
CL4Nectar= 77.4709963006899
CL5Pollen= 4.72212699428201
CL5Nectar= 92.1578309498727
CLDPollen= 0.0726719512604177
CLDNectar= 41.3597533944994
CA13Pollen= 5.48572938265279
CA13Nectar= 41.0495644249022
CA410Pollen= 2.21573987335432
CA410Nectar= 41.4242750126868
CA1120Pollen= 0.891435850644484
CA1120Nectar= 79.2894145473838
IPollenTrips= 12.026858786121
INectarTrips= 10.5595118645579
IPollenLoad= 5.49965447513387
INectarLoad= 3.51176325464621
