ICQueenStrength= 5.26430307794362
RQWkrDrnRatio= 1.28709470294416
ICDroneMiteSurvivorship= 11.9768538046628
ICWorkerMiteSurvivorship= 80.3747588070109
ICForagerLifespan= 4.83670676220208
ImmType= Tangent
RQQueenStrength= 3.4657458125148
RQEnableReQueen= true
AIAdultSlope= 1.23617435432971
AIAdultLD50= 14.9863288146183
AIAdultSlopeContact= 5.06357878539711
AIAdultLD50Contact= 33.7128344319186
AILarvaSlope= 7.04452296160161
AILarvaLD50= 71.1545374513539
AIKOW= 58804.0358604709
AIKOC= 23591.1998585321
AIHalfLife= 17.4230777119519
EAppRate= 5.84619700750872
FoliarEnabled= true
FoliarAppDate= 06/07/1989
FoliarForageBegin= 06/05/1989
FoliarForageEnd= 06/28/1989
AIContactFactor= 1.37754031052347
CL4Pollen= 3.05861598346382
CL4Nectar= 24.4276532903314
CL5Pollen= 5.06962029542774
CL5Nectar= 112.558689631987
CLDPollen= 3.29809248866513
CLDNectar= 50.4035333404317
CA13Pollen= 2.35279850456864
CA13Nectar= 38.6212216131389
CA410Pollen= 7.68775632788893
CA410Nectar= 164.498377367854
CA1120Pollen= 0.210391217144206
CA1120Nectar= 23.1942616775632
IPollenTrips= 8.2340284017846
INectarTrips= 8.98238468682393
IPollenLoad= 5.42960776248947
INectarLoad= 3.15666820155457
ESoilP= 1.47227348457091
ESoilFoc= 0.0113509172014892
