ICQueenStrength= 4.02137897582725
RQWkrDrnRatio= 3.57201751321554
ICDroneMiteSurvivorship= 76.4761201338843
ICWorkerMiteSurvivorship= 41.0421218723059
ICForagerLifespan= 4.1760989241302
ImmType= Cosine
RQQueenStrength= 4.28289698110893
RQEnableReQueen= true
AIAdultSlope= 6.16292179189622
AIAdultLD50= 37.6239065219662
AIAdultSlopeContact= 4.07863389141858
AIAdultLD50Contact= 56.1997068876114
AILarvaSlope= 1.62053322046995
AILarvaLD50= 83.8904643445758
AIKOW= 54504.8561040353
AIKOC= 93742.2226351171
AIHalfLife= 16.8084771577502
EAppRate= 4.15593821007107
FoliarEnabled= true
FoliarAppDate= 06/07/1989
FoliarForageBegin= 06/05/1989
FoliarForageEnd= 06/28/1989
AIContactFactor= 0.386164908306673
CL4Pollen= 0.241045605391264
CL4Nectar= 25.9629908250645
CL5Pollen= 3.41108420910314
CL5Nectar= 41.8008496519178
CLDPollen= 0.723744400776923
CLDNectar= 122.322890348732
CA13Pollen= 6.89937406107783
CA13Nectar= 34.721409343183
CA410Pollen= 2.30618828951847
CA410Nectar= 179.898986392654
CA1120Pollen= 2.45420136605389
CA1120Nectar= 78.7677506357431
IPollenTrips= 8.35748952580616
INectarTrips= 12.0023486833088
IPollenLoad= 6.01390790194273
INectarLoad= 3.48706523887813
ESoilP= 1.49655391043052
ESoilFoc= 0.0121256060614251
