ICQueenStrength= 2.19405082194135
RQWkrDrnRatio= 1.3070524269715
ICDroneMiteSurvivorship= 55.5858815088868
ICWorkerMiteSurvivorship= 68.4895455604419
ICForagerLifespan= 4.06892062351108
ImmType= Polynomial
RQQueenStrength= 4.13677936210297
RQEnableReQueen= true
AIAdultSlope= 6.51051959954202
AIAdultLD50= 26.9861024465368
AIAdultSlopeContact= 8.82083963276818
AIAdultLD50Contact= 42.8675749673296
AILarvaSlope= 1.20624613016844
AILarvaLD50= 4.2776735228789
AIKOW= 1227.23293550887
AIKOC= 83495.3136457992
AIHalfLife= 19.3580353095895
EAppRate= 5.36571640025615
FoliarEnabled= true
FoliarAppDate= 06/07/1989
FoliarForageBegin= 06/05/1989
FoliarForageEnd= 06/28/1989
AIContactFactor= 0.963858217946254
CL4Pollen= 3.98566415254027
CL4Nectar= 86.1778603866696
CL5Pollen= 0.314670932013541
CL5Nectar= 127.781964128371
CLDPollen= 3.21489029238001
CLDNectar= 23.0457963072695
CA13Pollen= 5.98798965038732
CA13Nectar= 74.84474318102
CA410Pollen= 8.36800387646072
CA410Nectar= 135.041190115735
CA1120Pollen= 2.99283193750307
CA1120Nectar= 56.4764933660626
IPollenTrips= 5.05857475567609
INectarTrips= 11.8190030613914
IPollenLoad= 2.13159478269517
INectarLoad= 9.38163653481752
ESoilP= 1.39454904361628
ESoilFoc= 0.00130106329103
