ICQueenStrength= 5.93348194751889
RQWkrDrnRatio= 4.67816547304392
ICDroneMiteSurvivorship= 94.5752465166152
ICWorkerMiteSurvivorship= 17.4835140118375
ICForagerLifespan= 5.04532407876104
ImmType= Tangent
RQQueenStrength= 2.72816075268202
RQEnableReQueen= true
AIAdultSlope= 1.62626469321549
AIAdultLD50= 0.509540311512305
AIAdultSlopeContact= 5.08102142740972
AIAdultLD50Contact= 93.1126724256726
AILarvaSlope= 8.06014541722834
AILarvaLD50= 59.091305693754
AIKOW= 84809.6685307562
AIKOC= 98539.4910743944
AIHalfLife= 4.01472094464116
EAppRate= 6.90329086488625
FoliarEnabled= true
FoliarAppDate= 09/01/1989
FoliarForageBegin= 09/01/1989
FoliarForageEnd= 09/08/1989
AIContactFactor= 2.21972769996151
CL4Pollen= 0.354785468429327
CL4Nectar= 39.742906531319
CL5Pollen= 3.74445862323046
CL5Nectar= 9.57933267345652
CLDPollen= 5.65188522543758
CLDNectar= 81.3251923536882
CA13Pollen= 6.03761260425672
CA13Nectar= 23.4521613828838
CA410Pollen= 2.4028955523856
CA410Nectar= 92.1443810733035
CA1120Pollen= 2.37904009851627
CA1120Nectar= 59.1457705013454
IPollenTrips= 8.47730390494689
INectarTrips= 6.60853828303516
IPollenLoad= 4.28548711584881
INectarLoad= 2.44761438341811
