ICQueenStrength= 1.54149894881994
RQWkrDrnRatio= 1.88610122632235
ICDroneMiteSurvivorship= 67.8418175783008
ICWorkerMiteSurvivorship= 72.3982772789896
ICForagerLifespan= 6.79182443208992
ImmType= Exponential
RQQueenStrength= 1.84693295042962
RQEnableReQueen=true
AIAdultSlope= 3.49147100001574
AIAdultLD50= 0.481172216576757
AIAdultSlopeContact= 9.92956796567887
AIAdultLD50Contact= 23.8632145996052
AILarvaSlope= 8.05565878935158
AILarvaLD50= 0.627458575376309
AIKOW= 15045.2080387177
AIKOC= 48779.1188392076
AIHalfLife= 6.18193733245134
EAppRate= 3.6457717216583
FoliarEnabled=true
FoliarAppDate= 07/01/1989
FoliarForageBegin= 07/01/1989
FoliarForageEnd= 07/14/1989
AIContactFactor= 1.62936774299014
CL4Pollen= 2.87990749720484
CL4Nectar= 93.484312412329
CL5Pollen= 2.98531634034589
CL5Nectar= 73.8229571375996
CLDPollen= 0.646839856635779
CLDNectar= 77.6701841619797
CA13Pollen= 3.07650965014473
CA13Nectar= 69.5253369398415
CA410Pollen= 7.74704254381359
CA410Nectar= 60.0585427787155
CA1120Pollen= 1.24882796499878
CA1120Nectar= 28.1448412314057
IPollenTrips= 9.18323655379936
INectarTrips= 7.61352399364114
IPollenLoad= 5.32973114401102
INectarLoad= 6.92352707497776
