ICQueenStrength= 4.29508023802191
RQWkrDrnRatio= 1.35395004600286
ICDroneMiteSurvivorship= 87.4317857204005
ICWorkerMiteSurvivorship= 75.2712367568165
ICForagerLifespan= 7.20652554556727
ImmType= Sine
RQQueenStrength= 5.64026191853918
RQEnableReQueen= true
AIAdultSlope= 6.4123201649636
AIAdultLD50= 21.897261152192
AIAdultSlopeContact= 5.79132110602222
AIAdultLD50Contact= 63.3648581065
AILarvaSlope= 4.92339115589857
AILarvaLD50= 34.1467292291874
AIKOW= 19673.1005795635
AIKOC= 57022.3067878576
AIHalfLife= 34.8889551714063
EAppRate= 1.32647523961053
FoliarEnabled= true
FoliarAppDate= 06/07/1989
FoliarForageBegin= 06/05/1989
FoliarForageEnd= 06/28/1989
AIContactFactor= 1.79010351389181
CL4Pollen= 2.25796043220907
CL4Nectar= 23.3070418937132
CL5Pollen= 2.84929059958085
CL5Nectar= 60.8185319462791
CLDPollen= 0.227364485152066
CLDNectar= 16.4767925511114
CA13Pollen= 7.60939801419154
CA13Nectar= 37.4490886181593
CA410Pollen= 5.16667283247225
CA410Nectar= 93.7648156890646
CA1120Pollen= 1.76686009531841
CA1120Nectar= 37.6717247441411
IPollenTrips= 13.6641743406653
INectarTrips= 8.68858935078606
IPollenLoad= 1.60050132544711
INectarLoad= 2.75823418749496
