ICQueenStrength= 4.33878815639764
RQWkrDrnRatio= 4.08677087724209
ICDroneMiteSurvivorship= 91.8229651171714
ICWorkerMiteSurvivorship= 42.215669946745
ICForagerLifespan= 10.1216417830437
ImmType= Sine
RQQueenStrength= 1.61010613571852
RQEnableReQueen= true
AIAdultSlope= 7.64312232099473
AIAdultLD50= 13.1572501745548
AIAdultSlopeContact= 9.99076663586311
AIAdultLD50Contact= 38.2388147640121
AILarvaSlope= 7.14700733497739
AILarvaLD50= 95.5557336755316
AIKOW= 5379.64334691358
AIKOC= 95235.5816569775
AIHalfLife= 21.4180181159638
EAppRate= 0.849545170430094
FoliarEnabled= true
FoliarAppDate= 06/07/1989
FoliarForageBegin= 06/05/1989
FoliarForageEnd= 06/28/1989
AIContactFactor= 1.59039495158009
CL4Pollen= 1.23715946637094
CL4Nectar= 8.32284698262811
CL5Pollen= 2.95618044119328
CL5Nectar= 65.2568623772822
CLDPollen= 1.95166573114693
CLDNectar= 3.47506528487429
CA13Pollen= 4.42966430010274
CA13Nectar= 53.3344014547765
CA410Pollen= 2.95277801824268
CA410Nectar= 136.597252972424
CA1120Pollen= 0.949256878579035
CA1120Nectar= 88.7860709615052
IPollenTrips= 14.4404981262051
INectarTrips= 13.8563738111407
IPollenLoad= 5.97791589098051
INectarLoad= 4.28087328793481
