ICQueenStrength= 3.90434674010612
RQWkrDrnRatio= 1.92374934442341
ICDroneMiteSurvivorship= 58.6335569620132
ICWorkerMiteSurvivorship= 49.4069585576653
ICForagerLifespan= 10.9687562761828
ImmType= Cosine
RQQueenStrength= 5.05382097931579
RQEnableReQueen= true
AIAdultSlope= 1.44406434707344
AIAdultLD50= 31.4848961147321
AIAdultSlopeContact= 5.10347581049427
AIAdultLD50Contact= 26.386601478562
AILarvaSlope= 1.75049771554768
AILarvaLD50= 39.0231469324992
AIKOW= 94829.7049898247
AIKOC= 79915.6374357245
AIHalfLife= 8.65243385240901
EAppRate= 4.89937759696809
FoliarEnabled= true
FoliarAppDate= 06/07/1989
FoliarForageBegin= 06/05/1989
FoliarForageEnd= 06/28/1989
AIContactFactor= 0.448872006591409
CL4Pollen= 3.53782856278121
CL4Nectar= 94.639652245678
CL5Pollen= 3.21357256360352
CL5Nectar= 80.6901477277279
CLDPollen= 3.51267414400354
CLDNectar= 110.291503323242
CA13Pollen= 6.44169277492911
CA13Nectar= 47.451353892684
CA410Pollen= 9.22759781903587
CA410Nectar= 57.8984336275607
CA1120Pollen= 0.0386402404401451
CA1120Nectar= 96.0720680467784
IPollenTrips= 14.5379571197554
INectarTrips= 9.62339632911608
IPollenLoad= 4.91276509128511
INectarLoad= 6.76080253440887
