ICQueenStrength= 1.69289983366616
RQWkrDrnRatio= 4.2103808009997
ICDroneMiteSurvivorship= 31.9799979915842
ICWorkerMiteSurvivorship= 76.0187541134655
ICForagerLifespan= 8.18645870685577
ImmType= Polynomial
RQQueenStrength= 2.9201543868985
RQEnableReQueen= true
AIAdultSlope= 3.99030644260347
AIAdultLD50= 37.9063167446428
AIAdultSlopeContact= 8.85572078032419
AIAdultLD50Contact= 38.8520724628477
AILarvaSlope= 4.7220209185034
AILarvaLD50= 94.3622511909085
AIKOW= 52669.9692774786
AIKOC= 48281.9408867364
AIHalfLife= 0.619669377384707
EAppRate= 3.92284230803885
FoliarEnabled= true
FoliarAppDate= 06/07/1989
FoliarForageBegin= 06/05/1989
FoliarForageEnd= 06/28/1989
AIContactFactor= 0.984462676998228
CL4Pollen= 0.196270756423473
CL4Nectar= 29.4751085573807
CL5Pollen= 0.437042655888945
CL5Nectar= 77.5828863959759
CLDPollen= 0.263919117394835
CLDNectar= 133.110920106992
CA13Pollen= 5.16100889518857
CA13Nectar= 65.7305486872792
CA410Pollen= 7.66408326912206
CA410Nectar= 32.9671973595396
CA1120Pollen= 0.652802773984149
CA1120Nectar= 69.1918788477778
IPollenTrips= 7.9199990699999
INectarTrips= 13.7094170716591
IPollenLoad= 2.32268434017897
INectarLoad= 9.83869163552299
