ICQueenStrength= 2.33923810673878
RQWkrDrnRatio= 3.32804273627698
ICDroneMiteSurvivorship= 99.3684760294855
ICWorkerMiteSurvivorship= 97.5184333743528
ICForagerLifespan= 14.7826117351651
ImmType= Sine
RQQueenStrength= 3.56305227056146
RQEnableReQueen= true
AIAdultSlope= 1.45887580886483
AIAdultLD50= 0.366981157042319
AIAdultSlopeContact= 3.39080178271979
AIAdultLD50Contact= 40.4696244596804
AILarvaSlope= 6.18812507204711
AILarvaLD50= 34.2219730543431
AIKOW= 71991.1805656034
AIKOC= 87510.9371278738
AIHalfLife= 10.0546682194108
EAppRate= 1.08831190822716
FoliarEnabled= true
FoliarAppDate= 09/01/1989
FoliarForageBegin= 09/01/1989
FoliarForageEnd= 09/08/1989
AIContactFactor= 0.648253133455291
CL4Pollen= 3.09402101207525
CL4Nectar= 47.3066766280681
CL5Pollen= 3.04243208421394
CL5Nectar= 39.7729691234417
CLDPollen= 5.95920048002154
CLDNectar= 65.955856803339
CA13Pollen= 7.9272151899524
CA13Nectar= 40.7233467511833
CA410Pollen= 6.58232247214764
CA410Nectar= 113.492194982246
CA1120Pollen= 2.55780586693436
CA1120Nectar= 92.7656657435
IPollenTrips= 14.5821625413373
INectarTrips= 6.8444258486852
IPollenLoad= 2.16549050994217
INectarLoad= 3.15664404304698
