ICQueenStrength= 2.5378813422285
RQWkrDrnRatio= 3.63802175037563
ICDroneMiteSurvivorship= 25.6545706652105
ICWorkerMiteSurvivorship= 46.1632244754583
ICForagerLifespan= 10.0002306615934
ImmType= Tangent
RQQueenStrength= 4.10510986601003
RQEnableReQueen= true
AIAdultSlope= 3.27506272308528
AIAdultLD50= 24.8353235960363
AIAdultSlopeContact= 3.09249811130576
AIAdultLD50Contact= 96.6390287163809
AILarvaSlope= 5.54003873281181
AILarvaLD50= 1.83015370391239
AIKOW= 90702.5275969027
AIKOC= 63930.1879103587
AIHalfLife= 34.7483345412416
EAppRate= 2.04221003376506
FoliarEnabled= true
FoliarAppDate= 06/07/1989
FoliarForageBegin= 06/05/1989
FoliarForageEnd= 06/28/1989
AIContactFactor= 0.673559695603326
CL4Pollen= 0.731746824458241
CL4Nectar= 78.95624761004
CL5Pollen= 1.56400174414739
CL5Nectar= 53.7276600720361
CLDPollen= 0.795664647594094
CLDNectar= 52.4159088148735
CA13Pollen= 4.1681753241457
CA13Nectar= 63.726002741605
CA410Pollen= 5.23913221710827
CA410Nectar= 46.8476749863476
CA1120Pollen= 0.253049081889912
CA1120Nectar= 47.7377177029848
IPollenTrips= 9.94956877548248
INectarTrips= 11.6532593593001
IPollenLoad= 0.756860941182822
INectarLoad= 8.21151915937662
ESoilP= 1.91597542189993
ESoilFoc= 0.0123140326505527
