ICQueenStrength= 2.20719772647135
RQWkrDrnRatio= 4.22407157160342
ICDroneMiteSurvivorship= 29.3530016671866
ICWorkerMiteSurvivorship= 3.18950403016061
ICForagerLifespan= 10.2382999965921
ImmType= Polynomial
RQQueenStrength= 4.43461291515268
RQEnableReQueen= true
AIAdultSlope= 5.59098761714995
AIAdultLD50= 75.0658725908322
AIAdultSlopeContact= 7.66248797927983
AIAdultLD50Contact= 52.9605847195969
AILarvaSlope= 6.30726777389646
AILarvaLD50= 94.067146772671
AIKOW= 10412.86924793
AIKOC= 37128.6706137562
AIHalfLife= 16.587594025908
EAppRate= 7.15873820583615
FoliarEnabled= true
FoliarAppDate= 06/07/1989
FoliarForageBegin= 06/05/1989
FoliarForageEnd= 06/28/1989
AIContactFactor= 2.08856976393145
CL4Pollen= 0.211343251168728
CL4Nectar= 43.6641443287954
CL5Pollen= 5.09438128396869
CL5Nectar= 63.0504928180017
CLDPollen= 3.29053500434384
CLDNectar= 127.60856137611
CA13Pollen= 4.21025044405833
CA13Nectar= 46.1442437581718
CA410Pollen= 3.04979911041446
CA410Nectar= 142.410610849038
CA1120Pollen= 2.78305878583342
CA1120Nectar= 27.6728043705225
IPollenTrips= 9.48320323601365
INectarTrips= 7.48834226513281
IPollenLoad= 5.98890591878444
INectarLoad= 8.03472658386454
