ICQueenStrength= 5.1898250952363
RQWkrDrnRatio= 2.10440403036773
ICDroneMiteSurvivorship= 99.6850331546739
ICWorkerMiteSurvivorship= 65.985033614561
ICForagerLifespan= 12.1296552466229
ImmType= Tangent
AIAdultSlope= 3.51860710364068
AIAdultLD50= 0.182852083211765
AIAdultSlopeContact= 0.0833658425929025
AIAdultLD50Contact= 0.0293894406058826
AILarvaSlope= 2.90748219564557
AILarvaLD50= 0.606950922729448
AIKOW= 2.34093678835779
AIKOC= 28.4601478849072
AIHalfLife= 0.569583772798069
EAppRate= 4.63829811196774
FoliarEnabled= true
