ICQueenStrength= 3.19220557715744
RQWkrDrnRatio= 4.80588402133435
ICDroneMiteSurvivorship= 98.7492515938357
ICWorkerMiteSurvivorship= 3.81822693161666
ICForagerLifespan= 11.3259205501527
ImmType= Sine
RQQueenStrength= 2.43553013214841
RQEnableReQueen= true
AIAdultSlope= 5.61507708951831
AIAdultLD50= 0.267151591986418
AIAdultSlopeContact= 6.36968127405271
AIAdultLD50Contact= 18.1281009471167
AILarvaSlope= 8.95655150711536
AILarvaLD50= 70.5035605642702
AIKOW= 14279.3616784591
AIKOC= 48362.392732064
AIHalfLife= 14.4707387540722
EAppRate= 7.40392419453245
FoliarEnabled= true
FoliarAppDate= 09/01/1989
FoliarForageBegin= 09/01/1989
FoliarForageEnd= 09/08/1989
AIContactFactor= 0.954200565065257
CL4Pollen= 1.45018704980612
CL4Nectar= 95.4698312329128
CL5Pollen= 4.99362483294681
CL5Nectar= 107.122828485444
CLDPollen= 1.36340179620311
CLDNectar= 96.6522425296716
CA13Pollen= 7.51749862805009
CA13Nectar= 67.2007440030575
CA410Pollen= 8.79199916129
CA410Nectar= 42.1984913339838
CA1120Pollen= 0.678322004852816
CA1120Nectar= 68.4362394176424
IPollenTrips= 10.7210595323704
INectarTrips= 10.1897874218412
IPollenLoad= 1.82556617539376
INectarLoad= 9.35293211368844
