ICQueenStrength= 5.57945280359127
RQWkrDrnRatio= 4.94817128404975
ICDroneMiteSurvivorship= 86.7283560335636
ICWorkerMiteSurvivorship= 51.264265878126
ICForagerLifespan= 10.4371223300695
ImmType= Tangent
AIAdultSlope= 3.37714089731919
AIAdultLD50= 0.184062724048272
AIAdultSlopeContact= 0.477891249074601
AIAdultLD50Contact= 0.0395505075575784
AILarvaSlope= 1.47269567772746
AILarvaLD50= 0.215060243848711
AIKOW= 2.53665990475565
AIKOC= 7.00858863536268
AIHalfLife= 0.863138996902853
EAppRate= 5.90429873438552
FoliarEnabled= true
