ICQueenStrength= 3.08037152537145
RQWkrDrnRatio= 1.30427291337401
ICDroneMiteSurvivorship= 57.2431059088558
ICWorkerMiteSurvivorship= 55.7506002951413
ICForagerLifespan= 11.8456946816295
ImmType= Exponential
AIAdultSlope= 0.554579973570071
AIAdultLD50= 0.0615881841629744
AIAdultSlopeContact= 0.125738894529641
AIAdultLD50Contact= 0.0426030253642239
AILarvaSlope= 2.30376476738602
AILarvaLD50= 0.392653501429595
AIKOW= 2.29331703856587
AIKOC= 27.066244011512
AIHalfLife= 0.549926812737249
EAppRate= 0.337081863544881
FoliarEnabled= true
