ICQueenStrength= 3.71154749323614
RQWkrDrnRatio= 2.27324306033552
ICDroneMiteSurvivorship= 11.9697856716812
ICWorkerMiteSurvivorship= 98.0993326287717
ICForagerLifespan= 14.6202201200649
ImmType= Polynomial
RQQueenStrength= 4.74765630462207
RQEnableReQueen= true
AIAdultSlope= 4.87915626168251
AIAdultLD50= 85.9391107495488
AIAdultSlopeContact= 4.21584787382744
AIAdultLD50Contact= 8.37990762487869
AILarvaSlope= 8.03765127435327
AILarvaLD50= 48.1514004996654
AIKOW= 59913.2577928543
AIKOC= 11942.5123506498
AIHalfLife= 1.11382163064554
EAppRate= 6.74246334267431
FoliarEnabled= true
FoliarAppDate= 06/07/1989
FoliarForageBegin= 06/05/1989
FoliarForageEnd= 06/28/1989
AIContactFactor= 0.467811070582829
CL4Pollen= 1.09958922956139
CL4Nectar= 95.6289126072079
CL5Pollen= 1.95216647861525
CL5Nectar= 54.1042880387977
CLDPollen= 4.84031894803047
CLDNectar= 106.430667685345
CA13Pollen= 2.40694752689451
CA13Nectar= 94.7262191399932
CA410Pollen= 8.81736282284837
CA410Nectar= 189.344444614835
CA1120Pollen= 0.546340819448233
CA1120Nectar= 52.9360991157591
IPollenTrips= 13.4894172102213
INectarTrips= 8.43243508599699
IPollenLoad= 9.86592999426648
INectarLoad= 6.99117834214121
ESoilP= 1.01064245589077
ESoilFoc= 0.00112134569580667
