ICQueenStrength= 4.15439595608041
RQWkrDrnRatio= 3.16266403440386
ICDroneMiteSurvivorship= 43.0732567096129
ICWorkerMiteSurvivorship= 7.63049924280494
ICForagerLifespan= 15.5397157054394
ImmType= Exponential
AIAdultSlope= 2.65063218712108
AIAdultLD50= 0.110343558434397
AIAdultSlopeContact= 0.791384790481534
AIAdultLD50Contact= 0.00267449793173
AILarvaSlope= 1.00919807832688
AILarvaLD50= 0.767336066043936
AIKOW= 5.13458443246782
AIKOC= 25.6411942432169
AIHalfLife= 2.77566710615065
EAppRate= 8.21361536160111
FoliarEnabled= true
