ICQueenStrength= 1.14327776152641
RQWkrDrnRatio= 3.59055562410504
ICDroneMiteSurvivorship= 78.0461420537904
ICWorkerMiteSurvivorship= 98.2525220140815
ICForagerLifespan= 7.56035271286964
ImmType= Polynomial
RQQueenStrength= 2.40316394041292
RQEnableReQueen= true
AIAdultSlope= 7.99397312663496
AIAdultLD50= 28.5757837997293
AIAdultSlopeContact= 2.17873857729137
AIAdultLD50Contact= 30.806763576482
AILarvaSlope= 6.02356144785881
AILarvaLD50= 54.502716384128
AIKOW= 12256.0030049094
AIKOC= 52893.5451822032
AIHalfLife= 4.6439698595088
EAppRate= 7.36343667809269
FoliarEnabled= true
FoliarAppDate= 06/07/1989
FoliarForageBegin= 06/05/1989
FoliarForageEnd= 06/28/1989
AIContactFactor= 1.54196133148856
CL4Pollen= 0.511652463115752
CL4Nectar= 62.6396701904014
CL5Pollen= 4.24234264343977
CL5Nectar= 56.3768029329367
CLDPollen= 1.05825882498175
CLDNectar= 125.048509205226
CA13Pollen= 5.23226274019107
CA13Nectar= 41.5557819791138
CA410Pollen= 3.20948716688436
CA410Nectar= 30.4995638085529
CA1120Pollen= 2.40420395415276
CA1120Nectar= 81.2873154133558
IPollenTrips= 6.05141188018024
INectarTrips= 14.6464384743012
IPollenLoad= 8.99976471439004
INectarLoad= 8.03446805337444
ESoilP= 1.65578612242825
ESoilFoc= 0.0189664100371301
