ICQueenStrength= 4.40990393306129
RQWkrDrnRatio= 3.16448423732072
ICDroneMiteSurvivorship= 31.8722461117432
ICWorkerMiteSurvivorship= 94.9867204995826
ICForagerLifespan= 11.3828220609576
ImmType= Sine
AIAdultSlope= 3.29624192856252
AIAdultLD50= 0.161572485184297
AIAdultSlopeContact= 1.41857019752031
AIAdultLD50Contact= 0.0127857779501937
AILarvaSlope= 1.30798113378696
AILarvaLD50= 0.0606174436630681
AIKOW= 3.57281120959669
AIKOC= 16.6654823999852
AIHalfLife= 1.87005457286723
EAppRate= 6.84078331571072
FoliarEnabled= true
