ICQueenStrength= 4.58877428341657
RQWkrDrnRatio= 1.14020108617842
ICDroneMiteSurvivorship= 56.2074355082586
ICWorkerMiteSurvivorship= 80.5565207730979
ICForagerLifespan= 8.00683693308383
ImmType= Exponential
RQQueenStrength= 4.97106144111603
RQEnableReQueen= true
AIAdultSlope= 1.7037426289171
AIAdultLD50= 57.7003803506955
AIAdultSlopeContact= 9.37827937304974
AIAdultLD50Contact= 5.97056683008303
AILarvaSlope= 7.97270213067532
AILarvaLD50= 6.62728256261465
AIKOW= 16998.2062068308
AIKOC= 19182.3779663879
AIHalfLife= 29.77491839875
EAppRate= 2.35998856325052
FoliarEnabled= true
FoliarAppDate= 06/07/1989
FoliarForageBegin= 06/05/1989
FoliarForageEnd= 06/28/1989
AIContactFactor= 1.13590132573154
CL4Pollen= 2.546461048536
CL4Nectar= 16.7331057367846
CL5Pollen= 4.89709061477333
CL5Nectar= 16.1069341236725
CLDPollen= 1.4630052424036
CLDNectar= 7.76794947450981
CA13Pollen= 7.24278338188305
CA13Nectar= 41.6302493400872
CA410Pollen= 5.78662619485985
CA410Nectar= 157.692764764652
CA1120Pollen= 0.548724310705438
CA1120Nectar= 54.0257678180933
IPollenTrips= 12.7380973100662
INectarTrips= 12.240079601761
IPollenLoad= 4.3400228000246
INectarLoad= 4.65966135729104
