ICQueenStrength= 5.79324061307125
RQWkrDrnRatio= 3.53509303275496
ICDroneMiteSurvivorship= 64.6446805913001
ICWorkerMiteSurvivorship= 7.46659031137824
ICForagerLifespan= 9.27808313351125
ImmType= Sine
RQQueenStrength= 5.0884210029617
RQEnableReQueen= true
AIAdultSlope= 3.74865649826825
AIAdultLD50= 59.4764131103198
AIAdultSlopeContact= 5.34662200557068
AIAdultLD50Contact= 30.8203474090358
AILarvaSlope= 2.67934154719114
AILarvaLD50= 89.6940899174414
AIKOW= 17040.8230579222
AIKOC= 6055.34737288393
AIHalfLife= 25.1567820942029
EAppRate= 0.782276140104514
FoliarEnabled= true
FoliarAppDate= 06/07/1989
FoliarForageBegin= 06/05/1989
FoliarForageEnd= 06/28/1989
AIContactFactor= 0.421976837851107
CL4Pollen= 1.95936654135585
CL4Nectar= 66.592463105917
CL5Pollen= 2.0517379171215
CL5Nectar= 141.375851933844
CLDPollen= 4.36720108101144
CLDNectar= 142.825140268542
CA13Pollen= 6.21937118079513
CA13Nectar= 72.7068057283759
CA410Pollen= 8.14062527697533
CA410Nectar= 23.1165435630828
CA1120Pollen= 0.747051822021604
CA1120Nectar= 99.7267334535718
IPollenTrips= 5.63216356560588
INectarTrips= 10.0603591930121
IPollenLoad= 7.40486308233812
INectarLoad= 7.89573063375428
ESoilP= 1.01586442091502
ESoilFoc= 0.00986591775808483
