ICQueenStrength= 3.64291797182523
RQWkrDrnRatio= 1.73063726071268
ICDroneMiteSurvivorship= 90.2698610210791
ICWorkerMiteSurvivorship= 48.26563608367
ICForagerLifespan= 10.3679403979331
ImmType= Cosine
RQQueenStrength= 1.49046326545067
RQEnableReQueen= true
AIAdultSlope= 1.97103030793369
AIAdultLD50= 79.4067763446518
AIAdultSlopeContact= 6.9560418932233
AIAdultLD50Contact= 32.4336529433562
AILarvaSlope= 8.98507358692586
AILarvaLD50= 49.686934857467
AIKOW= 83418.6824321799
AIKOC= 13522.3042280166
AIHalfLife= 14.88524987665
EAppRate= 2.45522602457227
FoliarEnabled= true
FoliarAppDate= 06/07/1989
FoliarForageBegin= 06/05/1989
FoliarForageEnd= 06/28/1989
AIContactFactor= 2.2146175996447
CL4Pollen= 1.09645935241133
CL4Nectar= 90.5254134442657
CL5Pollen= 2.66115626553074
CL5Nectar= 25.8589253411628
CLDPollen= 2.83539026230574
CLDNectar= 24.6685495250858
CA13Pollen= 3.15070245163515
CA13Nectar= 44.890642222017
CA410Pollen= 7.33881652972195
CA410Nectar= 75.3703092876822
CA1120Pollen= 2.85480278357863
CA1120Nectar= 26.2298016063869
IPollenTrips= 6.26513747731224
INectarTrips= 11.5774015989155
IPollenLoad= 7.41971080889925
INectarLoad= 5.44944691937417
