ICQueenStrength= 2.03122296510264
RQWkrDrnRatio= 1.88989830296487
ICDroneMiteSurvivorship= 11.5476215491071
ICWorkerMiteSurvivorship= 60.6118626892567
ICForagerLifespan= 5.40691343601793
ImmType= Logarithmic
RQQueenStrength= 4.50743849994615
RQEnableReQueen= true
AIAdultSlope= 7.89174779690802
AIAdultLD50= 2.48455279470631
AIAdultSlopeContact= 9.29260208387859
AIAdultLD50Contact= 84.9548092560107
AILarvaSlope= 1.71360710822046
AILarvaLD50= 8.76641899618599
AIKOW= 24590.509940901
AIKOC= 27026.2287070402
AIHalfLife= 1.62135448327754
EAppRate= 8.71025035126507
FoliarEnabled= true
FoliarAppDate= 06/07/1989
FoliarForageBegin= 06/05/1989
FoliarForageEnd= 06/28/1989
AIContactFactor= 0.592447031666525
CL4Pollen= 3.11242374125868
CL4Nectar= 83.5247623734176
CL5Pollen= 5.28624975308776
CL5Nectar= 15.5483603943139
CLDPollen= 4.40660920506343
CLDNectar= 48.966227110941
CA13Pollen= 7.49811172606423
CA13Nectar= 66.4822948910296
CA410Pollen= 4.68070107682142
CA410Nectar= 63.0018437607214
CA1120Pollen= 0.125887800939381
CA1120Nectar= 43.6420836299658
IPollenTrips= 11.1270860629156
INectarTrips= 9.89826703909785
IPollenLoad= 1.27982097445056
INectarLoad= 0.362348086200655
