ICQueenStrength= 2.12161907018162
RQWkrDrnRatio= 1.04991795774549
ICDroneMiteSurvivorship= 7.86893414333463
ICWorkerMiteSurvivorship= 1.55988750047982
ICForagerLifespan= 12.6999317221344
ImmType= Tangent
RQQueenStrength= 2.11951154423878
RQEnableReQueen= true
AIAdultSlope= 8.39720078930259
AIAdultLD50= 0.367641264983686
AIAdultSlopeContact= 5.48134916950949
AIAdultLD50Contact= 78.7982746298138
AILarvaSlope= 7.95888759940863
AILarvaLD50= 66.3295398814865
AIKOW= 66971.221073939
AIKOC= 77993.5593434798
AIHalfLife= 13.7554927891353
EAppRate= 9.66023363013263
FoliarEnabled= true
FoliarAppDate= 09/01/1989
FoliarForageBegin= 09/01/1989
FoliarForageEnd= 09/08/1989
AIContactFactor= 1.35907772975508
CL4Pollen= 1.35513801686466
CL4Nectar= 73.3180207433179
CL5Pollen= 3.60075442353263
CL5Nectar= 88.0956647219136
CLDPollen= 5.38052036007866
CLDNectar= 14.5622823969461
CA13Pollen= 6.84161256421357
CA13Nectar= 61.4157462120056
CA410Pollen= 4.58758969046175
CA410Nectar= 180.445982269011
CA1120Pollen= 0.593360781669617
CA1120Nectar= 53.4724022261798
IPollenTrips= 11.7154125124216
INectarTrips= 14.0656467084773
IPollenLoad= 6.74733268795535
INectarLoad= 2.08850973984227
