ICQueenStrength= 2.82323025190271
RQWkrDrnRatio= 1.5438370257616
ICDroneMiteSurvivorship= 44.1516190068796
ICWorkerMiteSurvivorship= 34.2203356325626
ICForagerLifespan= 9.78045317344368
ImmType= Polynomial
RQQueenStrength= 1.96894133719616
RQEnableReQueen= true
AIAdultSlope= 3.42006760276854
AIAdultLD50= 77.424670083619
AIAdultSlopeContact= 5.814398993738
AIAdultLD50Contact= 1.66396932736807
AILarvaSlope= 2.42109665833414
AILarvaLD50= 57.8621423163696
AIKOW= 74015.4910740123
AIKOC= 37209.7063924987
AIHalfLife= 9.23148599539418
EAppRate= 0.808502254782477
FoliarEnabled= true
FoliarAppDate= 06/07/1989
FoliarForageBegin= 06/05/1989
FoliarForageEnd= 06/28/1989
AIContactFactor= 1.95548067968804
CL4Pollen= 1.19983593467623
CL4Nectar= 6.50683045387268
CL5Pollen= 4.42872507171705
CL5Nectar= 62.6798096462153
CLDPollen= 0.591141428332776
CLDNectar= 128.810991800856
CA13Pollen= 5.12606035154313
CA13Nectar= 43.7357121147215
CA410Pollen= 2.34859829812776
CA410Nectar= 84.2003409378231
CA1120Pollen= 0.343281993409619
CA1120Nectar= 85.2744065411389
IPollenTrips= 5.11379416799173
INectarTrips= 12.2485767351463
IPollenLoad= 2.31275913538411
INectarLoad= 5.28935444075614
