ICQueenStrength= 2.57854276592843
RQWkrDrnRatio= 1.12918312475085
ICDroneMiteSurvivorship= 62.5713440589607
ICWorkerMiteSurvivorship= 22.116285469383
ICForagerLifespan= 15.0065773921087
ImmType= Polynomial
RQQueenStrength= 3.32668790500611
RQEnableReQueen= true
AIAdultSlope= 6.91856973990798
AIAdultLD50= 36.9488431265689
AIAdultSlopeContact= 4.50607515196316
AIAdultLD50Contact= 20.3073620812418
AILarvaSlope= 8.92895155958831
AILarvaLD50= 55.9255416743692
AIKOW= 36165.6284231359
AIKOC= 84154.1530053951
AIHalfLife= 20.3679397977889
EAppRate= 8.53841095243045
FoliarEnabled= true
FoliarAppDate= 06/07/1989
FoliarForageBegin= 06/05/1989
FoliarForageEnd= 06/28/1989
AIContactFactor= 1.97535816548858
CL4Pollen= 3.59829490073025
CL4Nectar= 87.0738826692104
CL5Pollen= 3.2813703068532
CL5Nectar= 102.658934681676
CLDPollen= 3.44101832667366
CLDNectar= 106.098488043062
CA13Pollen= 7.1510478018783
CA13Nectar= 74.5224256999791
CA410Pollen= 3.03232838793192
CA410Nectar= 105.222958712839
CA1120Pollen= 1.9388333146926
CA1120Nectar= 33.763592466712
IPollenTrips= 10.0630824454129
INectarTrips= 9.04471246059984
IPollenLoad= 5.0376566243358
INectarLoad= 9.90480290958658
