ICQueenStrength= 2.14777173264883
RQWkrDrnRatio= 3.12137067969888
ICDroneMiteSurvivorship= 87.6753241987899
ICWorkerMiteSurvivorship= 64.9003422120586
ICForagerLifespan= 14.2196738505736
ImmType= Cosine
AIAdultSlope= 1.7998182024085
AIAdultLD50= 0.00481842090375722
AIAdultSlopeContact= 1.29928102196194
AIAdultLD50Contact= 0.0128328457241878
AILarvaSlope= 1.0120739959646
AILarvaLD50= 0.413808831595816
AIKOW= 5.09125478472561
AIKOC= 19.6456437127199
AIHalfLife= 1.88548306238372
EAppRate= 7.52294423757121
FoliarEnabled= true
