ICQueenStrength= 2.30617165123112
RQWkrDrnRatio= 2.80083507020026
ICDroneMiteSurvivorship= 20.307003101334
ICWorkerMiteSurvivorship= 51.9317049765959
ICForagerLifespan= 15.5756907975301
ImmType= Cosine
RQQueenStrength= 5.91514378925785
RQEnableReQueen= true
AIAdultSlope= 1.04638061858714
AIAdultLD50= 0.408781253729714
AIAdultSlopeContact= 7.77502194233239
AIAdultLD50Contact= 99.6754944179086
AILarvaSlope= 8.8058955706656
AILarvaLD50= 60.5891625162931
AIKOW= 1499.26724977484
AIKOC= 53103.6661011972
AIHalfLife= 2.56612005101051
EAppRate= 6.62651342254994
FoliarEnabled= true
FoliarAppDate= 09/01/1989
FoliarForageBegin= 09/01/1989
FoliarForageEnd= 09/08/1989
AIContactFactor= 0.830282253338955
CL4Pollen= 0.102094566449523
CL4Nectar= 17.109853727743
CL5Pollen= 3.20173119474202
CL5Nectar= 119.990628201049
CLDPollen= 1.38050773646683
CLDNectar= 86.4445574115962
CA13Pollen= 7.71701863482594
CA13Nectar= 31.0448176786304
CA410Pollen= 3.5121541851433
CA410Nectar= 195.78415164724
CA1120Pollen= 1.78160314634442
CA1120Nectar= 55.1888047903776
IPollenTrips= 7.16977600939572
INectarTrips= 13.9387374767102
IPollenLoad= 5.2989583928138
INectarLoad= 8.90873369062319
