ICQueenStrength= 5.19945022440515
RQWkrDrnRatio= 1.06239240523428
ICDroneMiteSurvivorship= 7.78003372251987
ICWorkerMiteSurvivorship= 9.81477024033666
ICForagerLifespan= 14.4417173303664
ImmType= Exponential
RQQueenStrength= 3.83268766361289
RQEnableReQueen= true
AIAdultSlope= 2.24020805768669
AIAdultLD50= 66.2242616460247
AIAdultSlopeContact= 5.90381957800128
AIAdultLD50Contact= 12.5618352271002
AILarvaSlope= 4.51033917628229
AILarvaLD50= 21.2645549316502
AIKOW= 47903.1477764784
AIKOC= 29210.9236815202
AIHalfLife= 24.0681650824146
EAppRate= 1.21528182296688
FoliarEnabled= true
FoliarAppDate= 06/07/1989
FoliarForageBegin= 06/05/1989
FoliarForageEnd= 06/28/1989
AIContactFactor= 2.36338129826356
CL4Pollen= 2.08663434721529
CL4Nectar= 64.5807709079236
CL5Pollen= 3.49845407344401
CL5Nectar= 71.2328352034092
CLDPollen= 0.00083856051787734
CLDNectar= 97.3264277097769
CA13Pollen= 7.52505358941853
CA13Nectar= 20.5081625655293
CA410Pollen= 8.01290310332552
CA410Nectar= 120.448449831456
CA1120Pollen= 0.476112357107922
CA1120Nectar= 23.5828046500683
IPollenTrips= 12.6298504625447
INectarTrips= 10.3167003602721
IPollenLoad= 0.231187669560313
INectarLoad= 1.19049823610112
