ICQueenStrength= 1.73420913796872
RQWkrDrnRatio= 2.90876227803528
ICDroneMiteSurvivorship= 23.5485560726374
ICWorkerMiteSurvivorship= 47.3021997604519
ICForagerLifespan= 5.69088163413107
ImmType= Tangent
RQQueenStrength= 4.21814031992108
RQEnableReQueen=true
AIAdultSlope= 1.3335852753371
AIAdultLD50= 0.745240429952042
AIAdultSlopeContact= 4.89450782933272
AIAdultLD50Contact= 32.4629791597754
AILarvaSlope= 7.71999499201775
AILarvaLD50= 47.1549724459993
AIKOW= 21408.4763673148
AIKOC= 1315.6653154376
AIHalfLife= 6.90169724656735
EAppRate= 0.256014442647109
FoliarEnabled=true
FoliarAppDate= 07/01/1989
FoliarForageBegin= 07/01/1989
FoliarForageEnd= 07/14/1989
AIContactFactor= 1.18966799547896
CL4Pollen= 2.60985229630023
CL4Nectar= 29.5120981056243
CL5Pollen= 1.66271036770195
CL5Nectar= 108.114325453062
CLDPollen= 0.800028072204441
CLDNectar= 114.678092405666
CA13Pollen= 3.0150275577791
CA13Nectar= 74.3008137308061
CA410Pollen= 3.38708848727401
CA410Nectar= 100.349320475943
CA1120Pollen= 0.698633587220684
CA1120Nectar= 75.7608267664909
IPollenTrips= 14.7025399655104
INectarTrips= 7.69683525897563
IPollenLoad= 6.83364354074001
INectarLoad= 9.33236817829311
