ICQueenStrength= 1.98022243822925
RQWkrDrnRatio= 1.95947084389627
ICDroneMiteSurvivorship= 3.75363784842193
ICWorkerMiteSurvivorship= 76.1597208213061
ICForagerLifespan= 7.45228527393192
ImmType= Logarithmic
RQQueenStrength= 2.6847786353901
RQEnableReQueen= true
AIAdultSlope= 7.21823990158737
AIAdultLD50= 53.7644188438887
AIAdultSlopeContact= 8.0153412441723
AIAdultLD50Contact= 64.7799288401531
AILarvaSlope= 1.13417570106685
AILarvaLD50= 4.62255065124994
AIKOW= 14686.4815479798
AIKOC= 90192.7108699626
AIHalfLife= 15.0876107670832
EAppRate= 7.58126685904991
FoliarEnabled= true
FoliarAppDate= 06/07/1989
FoliarForageBegin= 06/05/1989
FoliarForageEnd= 06/28/1989
AIContactFactor= 1.56857628116384
CL4Pollen= 2.44601361826062
CL4Nectar= 20.1856654137373
CL5Pollen= 4.97307139215991
CL5Nectar= 52.9114752891473
CLDPollen= 3.10598994232714
CLDNectar= 90.9038832876831
CA13Pollen= 3.71278709340841
CA13Nectar= 95.0592716224492
CA410Pollen= 5.66421530710068
CA410Nectar= 181.913248291239
CA1120Pollen= 0.203920478001237
CA1120Nectar= 28.1661780364811
IPollenTrips= 13.2753608492203
INectarTrips= 5.75167560717091
IPollenLoad= 2.37910675117746
INectarLoad= 4.88937947200611
ESoilP= 1.67107914295048
ESoilFoc= 0.0188871971776243
