ICQueenStrength= 3.73013857193291
RQWkrDrnRatio= 1.6730279000476
ICDroneMiteSurvivorship= 3.38570883031934
ICWorkerMiteSurvivorship= 21.7363000148907
ICForagerLifespan= 10.0577576775104
ImmType= Sine
RQQueenStrength= 1.19938005018048
RQEnableReQueen= true
AIAdultSlope= 5.84871401824057
AIAdultLD50= 3.32125268459856
AIAdultSlopeContact= 3.09001959091984
AIAdultLD50Contact= 41.4989821204711
AILarvaSlope= 6.49568914063275
AILarvaLD50= 58.9838048791939
AIKOW= 98517.0354686977
AIKOC= 53647.0057828936
AIHalfLife= 25.4292976867873
EAppRate= 6.60173220114666
FoliarEnabled= true
FoliarAppDate= 06/07/1989
FoliarForageBegin= 06/05/1989
FoliarForageEnd= 06/28/1989
AIContactFactor= 0.91553518911358
CL4Pollen= 0.665047471411526
CL4Nectar= 11.0580972861499
CL5Pollen= 0.174961713608354
CL5Nectar= 15.4299234040082
CLDPollen= 2.27435834286734
CLDNectar= 82.5236806296743
CA13Pollen= 6.32446140963584
CA13Nectar= 44.7291807644069
CA410Pollen= 5.82169015668333
CA410Nectar= 161.975592235103
CA1120Pollen= 2.03264699759893
CA1120Nectar= 59.8908022046089
IPollenTrips= 13.928957390599
INectarTrips= 7.53509875619784
IPollenLoad= 8.36064566159621
INectarLoad= 8.05769188562408
