ICQueenStrength= 1.4326526960358
RQWkrDrnRatio= 4.98413145169616
ICDroneMiteSurvivorship= 27.0128754433244
ICWorkerMiteSurvivorship= 31.9347140844911
ICForagerLifespan= 10.503963297233
ImmType= Polynomial
RQQueenStrength= 5.30424632038921
RQEnableReQueen= true
AIAdultSlope= 1.46998439356685
AIAdultLD50= 43.9265555842274
AIAdultSlopeContact= 3.86248242645524
AIAdultLD50Contact= 54.009744684719
AILarvaSlope= 5.07720889151096
AILarvaLD50= 10.2757844757871
AIKOW= 5078.35135062731
AIKOC= 93396.3470457986
AIHalfLife= 1.65325182289816
EAppRate= 6.04906418912998
FoliarEnabled= true
FoliarAppDate= 06/07/1989
FoliarForageBegin= 06/05/1989
FoliarForageEnd= 06/28/1989
AIContactFactor= 0.909575421609916
CL4Pollen= 1.77928545791656
CL4Nectar= 87.9449084866792
CL5Pollen= 5.60386822745204
CL5Nectar= 62.6020492287353
CLDPollen= 1.85908922413364
CLDNectar= 102.585640456527
CA13Pollen= 2.66948087960482
CA13Nectar= 47.9077099822462
CA410Pollen= 3.76557384375483
CA410Nectar= 179.398725368083
CA1120Pollen= 2.00833750935271
CA1120Nectar= 65.7966344058514
IPollenTrips= 11.0183488321491
INectarTrips= 12.6542988279834
IPollenLoad= 2.30870869010687
INectarLoad= 1.10182908596471
ESoilP= 1.54762614448555
ESoilFoc= 0.00375163354631513
