ICQueenStrength= 4.39338244288228
RQWkrDrnRatio= 3.05122147966176
ICDroneMiteSurvivorship= 82.6822846895084
ICWorkerMiteSurvivorship= 69.7617826750502
ICForagerLifespan= 7.37230313103646
ImmType= Sine
RQQueenStrength= 4.38734995340928
RQEnableReQueen= true
AIAdultSlope= 2.76855666935444
AIAdultLD50= 0.600051258981461
AIAdultSlopeContact= 7.55553368153051
AIAdultLD50Contact= 71.9370726974688
AILarvaSlope= 5.4495718292892
AILarvaLD50= 22.5259756709642
AIKOW= 28145.1688756743
AIKOC= 1520.14012450166
AIHalfLife= 5.96204539253376
EAppRate= 2.9805960628544
FoliarEnabled= true
FoliarAppDate= 09/01/1989
FoliarForageBegin= 09/01/1989
FoliarForageEnd= 09/08/1989
AIContactFactor= 1.76710206020623
CL4Pollen= 0.847704567946494
CL4Nectar= 81.9578006165102
CL5Pollen= 1.5651833480224
CL5Nectar= 86.3288625958376
CLDPollen= 4.90848967339844
CLDNectar= 142.30681839399
CA13Pollen= 3.1515967881307
CA13Nectar= 91.2016510032117
CA410Pollen= 7.42645077360794
CA410Nectar= 42.339169466868
CA1120Pollen= 0.50381300970912
CA1120Nectar= 62.089983522892
IPollenTrips= 10.2787667303346
INectarTrips= 7.71689467132092
IPollenLoad= 6.17352209752426
INectarLoad= 8.57151125092059
