ICQueenStrength= 4.28878967906348
RQWkrDrnRatio= 4.64522721339017
ICDroneMiteSurvivorship= 37.613426358439
ICWorkerMiteSurvivorship= 48.5156403155997
ICForagerLifespan= 15.977905032225
ImmType= Tangent
RQQueenStrength= 5.50882569071837
RQEnableReQueen= true
AIAdultSlope= 3.36899018287659
AIAdultLD50= 85.3234938479594
AIAdultSlopeContact= 2.7006418267265
AIAdultLD50Contact= 89.4868777691566
AILarvaSlope= 8.33823540061712
AILarvaLD50= 91.7092741438013
AIKOW= 56711.7382288372
AIKOC= 30587.6593028998
AIHalfLife= 25.0490376931382
EAppRate= 4.08435760605196
FoliarEnabled= true
FoliarAppDate= 06/07/1989
FoliarForageBegin= 06/05/1989
FoliarForageEnd= 06/28/1989
AIContactFactor= 2.35489121336024
CL4Pollen= 2.25347550027072
CL4Nectar= 79.0383972926065
CL5Pollen= 1.78813324263319
CL5Nectar= 17.8928194683976
CLDPollen= 3.83594469213858
CLDNectar= 126.697085180786
CA13Pollen= 7.85755790192634
CA13Nectar= 58.1175441667438
CA410Pollen= 4.17828695301432
CA410Nectar= 197.218022323214
CA1120Pollen= 0.618695141980425
CA1120Nectar= 83.8503647968173
IPollenTrips= 5.90307359118015
INectarTrips= 10.5281319352798
IPollenLoad= 4.29573364788666
INectarLoad= 6.00847225170583
ESoilP= 1.36358243855648
ESoilFoc= 0.00628091918909922
