ICQueenStrength= 1.05655478918925
RQWkrDrnRatio= 2.55950760189444
ICDroneMiteSurvivorship= 41.8655924266204
ICWorkerMiteSurvivorship= 59.8208233248442
ICForagerLifespan= 6.41650358680636
ImmType= Sine
RQQueenStrength= 1.07292231312022
RQEnableReQueen= true
AIAdultSlope= 6.95659360289574
AIAdultLD50= 43.0238547342077
AIAdultSlopeContact= 7.01459400891326
AIAdultLD50Contact= 33.4937203562644
AILarvaSlope= 3.43570564500988
AILarvaLD50= 41.4804976476873
AIKOW= 18628.8633497061
AIKOC= 6847.55682176421
AIHalfLife= 6.76842487344984
EAppRate= 7.89835697949817
FoliarEnabled= true
FoliarAppDate= 06/07/1989
FoliarForageBegin= 06/05/1989
FoliarForageEnd= 06/28/1989
AIContactFactor= 0.887076186151244
CL4Pollen= 3.17871059197932
CL4Nectar= 49.6763245901093
CL5Pollen= 2.83410171372816
CL5Nectar= 99.7640235931613
CLDPollen= 4.88351564202458
CLDNectar= 123.952579800971
CA13Pollen= 6.20735898315906
CA13Nectar= 91.2056738138199
CA410Pollen= 6.82564203729853
CA410Nectar= 121.998013653792
CA1120Pollen= 1.07738691964187
CA1120Nectar= 43.4878817200661
IPollenTrips= 5.71767635177821
INectarTrips= 13.2724920427427
IPollenLoad= 1.94836435141042
INectarLoad= 9.59721632767469
