ICQueenStrength= 4.46164247952402
RQWkrDrnRatio= 2.10190489236265
ICDroneMiteSurvivorship= 40.1422104332596
ICWorkerMiteSurvivorship= 17.8548475494608
ICForagerLifespan= 6.53876163531095
ImmType= Logarithmic
RQQueenStrength= 2.12948042992502
RQEnableReQueen=true
AIAdultSlope= 2.81239699758589
AIAdultLD50= 0.85381878656405
AIAdultSlopeContact= 2.79394482262433
AIAdultLD50Contact= 26.255082188122
AILarvaSlope= 4.14851078391075
AILarvaLD50= 47.8682653194633
AIKOW= 29161.6011468842
AIKOC= 91192.1788232452
AIHalfLife= 19.0371221736772
EAppRate= 7.76012292506406
FoliarEnabled=true
FoliarAppDate= 07/01/1989
FoliarForageBegin= 07/01/1989
FoliarForageEnd= 07/14/1989
AIContactFactor= 0.538152594538406
CL4Pollen= 2.00783309619874
CL4Nectar= 52.7020636480302
CL5Pollen= 0.913936109282076
CL5Nectar= 29.9103042343631
CLDPollen= 5.20213180873543
CLDNectar= 11.5350077161565
CA13Pollen= 4.10976120391861
CA13Nectar= 72.3215516842902
CA410Pollen= 7.13351663986687
CA410Nectar= 25.5469346838072
CA1120Pollen= 0.710137473419309
CA1120Nectar= 46.501154974103
IPollenTrips= 9.51703772181645
INectarTrips= 8.55312278727069
IPollenLoad= 0.872422971297055
INectarLoad= 4.1880822670646
