ICQueenStrength= 5.8347743274644
RQWkrDrnRatio= 2.93392551783472
ICDroneMiteSurvivorship= 86.9197461288422
ICWorkerMiteSurvivorship= 17.8372595226392
ICForagerLifespan= 9.42706221155822
ImmType= Tangent
RQQueenStrength= 3.09086255868897
RQEnableReQueen= true
AIAdultSlope= 2.37652072310448
AIAdultLD50= 80.5095065195793
AIAdultSlopeContact= 9.17624802025966
AIAdultLD50Contact= 1.35479351080162
AILarvaSlope= 1.03034291230142
AILarvaLD50= 44.8976749439042
AIKOW= 81029.3950950293
AIKOC= 15669.7950071993
AIHalfLife= 23.6899196263636
EAppRate= 8.07104536624695
FoliarEnabled= true
FoliarAppDate= 06/07/1989
FoliarForageBegin= 06/05/1989
FoliarForageEnd= 06/28/1989
AIContactFactor= 0.842151318839751
CL4Pollen= 0.13847219850868
CL4Nectar= 15.8402346540242
CL5Pollen= 4.67678512260318
CL5Nectar= 100.874019612093
CLDPollen= 1.69993280153722
CLDNectar= 43.9837923506275
CA13Pollen= 6.20664409063756
CA13Nectar= 64.4260499253869
CA410Pollen= 3.61347246905789
CA410Nectar= 50.7216602098197
CA1120Pollen= 1.76847271271981
CA1120Nectar= 36.8167911656201
IPollenTrips= 11.7055937810801
INectarTrips= 8.20209581172094
IPollenLoad= 3.52513310033828
INectarLoad= 7.91921017691493
ESoilP= 1.55251110042445
ESoilFoc= 0.0109091929772403
