ICQueenStrength= 1.88957312423736
RQWkrDrnRatio= 3.97901046648622
ICDroneMiteSurvivorship= 93.7102060997859
ICWorkerMiteSurvivorship= 61.3858176628128
ICForagerLifespan= 11.6825749222189
ImmType= Logarithmic
RQQueenStrength= 1.87963820714504
RQEnableReQueen=true
AIAdultSlope= 1.2445584628731
AIAdultLD50= 0.972911504717078
AIAdultSlopeContact= 1.07976104225963
AIAdultLD50Contact= 13.9483536190886
AILarvaSlope= 4.7494505867362
AILarvaLD50= 72.5398522140833
AIKOW= 98911.4261389568
AIKOC= 44349.8915242639
AIHalfLife= 19.922642943589
EAppRate= 1.96610596410511
FoliarEnabled=true
FoliarAppDate= 07/01/1989
FoliarForageBegin= 07/01/1989
FoliarForageEnd= 07/14/1989
AIContactFactor= 1.15362248377874
CL4Pollen= 1.42698558513075
CL4Nectar= 94.4432048359886
CL5Pollen= 0.173259648028761
CL5Nectar= 22.7584959939122
CLDPollen= 0.0311567424796522
CLDNectar= 16.1932575982064
CA13Pollen= 2.25434380378574
CA13Nectar= 86.8556271120906
CA410Pollen= 7.56134880501777
CA410Nectar= 98.9351883437485
CA1120Pollen= 0.292851835023612
CA1120Nectar= 80.1884191855788
IPollenTrips= 11.3263950194232
INectarTrips= 11.0732342512347
IPollenLoad= 9.61199980927631
INectarLoad= 4.34473722940311
