ICQueenStrength= 3.6530752228573
RQWkrDrnRatio= 3.76586458925158
ICDroneMiteSurvivorship= 2.93467193841934
ICWorkerMiteSurvivorship= 22.3636629758403
ICForagerLifespan= 15.6330457162112
ImmType= Sine
RQQueenStrength= 2.95125600136817
RQEnableReQueen=true
AIAdultSlope= 8.66306970454752
AIAdultLD50= 0.455963105575414
AIAdultSlopeContact= 5.32142693712376
AIAdultLD50Contact= 95.7788698137677
AILarvaSlope= 2.65162696130574
AILarvaLD50= 6.74417713823426
AIKOW= 6619.88000070214
AIKOC= 83228.7428032642
AIHalfLife= 33.0815003194613
EAppRate= 6.46959988329303
FoliarEnabled=true
FoliarAppDate= 07/01/1989
FoliarForageBegin= 07/01/1989
FoliarForageEnd= 07/14/1989
AIContactFactor= 1.9235554432543
CL4Pollen= 1.93049308471382
CL4Nectar= 36.6088074631989
CL5Pollen= 2.46212449902669
CL5Nectar= 117.29891753057
CLDPollen= 5.31959501607344
CLDNectar= 102.218139823526
CA13Pollen= 5.74751366283745
CA13Nectar= 91.665676496923
CA410Pollen= 3.67497838968411
CA410Nectar= 50.8415333693847
CA1120Pollen= 0.879743532277644
CA1120Nectar= 89.3759915791452
IPollenTrips= 5.78860977198929
INectarTrips= 5.61376238940284
IPollenLoad= 9.45958589902148
INectarLoad= 3.77817552071065
