ICQueenStrength= 1.51143660559319
RQWkrDrnRatio= 3.77731506433338
ICDroneMiteSurvivorship= 2.13104526046664
ICWorkerMiteSurvivorship= 66.5103171719238
ICForagerLifespan= 14.8096159892157
ImmType= Exponential
RQQueenStrength= 3.04768159775995
RQEnableReQueen= true
AIAdultSlope= 1.87016686610878
AIAdultLD50= 75.109190648145
AIAdultSlopeContact= 5.56381610175595
AIAdultLD50Contact= 21.4896021945472
AILarvaSlope= 7.69967355392873
AILarvaLD50= 99.4647080523064
AIKOW= 10829.9772018187
AIKOC= 62834.2318054177
AIHalfLife= 12.8053775591543
EAppRate= 6.75786970500392
FoliarEnabled= true
FoliarAppDate= 06/07/1989
FoliarForageBegin= 06/05/1989
FoliarForageEnd= 06/28/1989
AIContactFactor= 1.36550141093787
CL4Pollen= 1.75449383910745
CL4Nectar= 44.2689837422222
CL5Pollen= 0.900385547429323
CL5Nectar= 86.4959561498836
CLDPollen= 5.9090737067163
CLDNectar= 15.4748021042906
CA13Pollen= 4.25577490292489
CA13Nectar= 98.0695570632815
CA410Pollen= 8.83336803580169
CA410Nectar= 94.1864577727392
CA1120Pollen= 0.291228460846469
CA1120Nectar= 33.3745529875159
IPollenTrips= 14.4524885411374
INectarTrips= 10.5370757100172
IPollenLoad= 6.60525226267055
INectarLoad= 1.8185691232793
ESoilP= 1.75966096296906
ESoilFoc= 0.0160872350933496
