ICQueenStrength= 2.20207477244548
RQWkrDrnRatio= 1.34099544305354
ICDroneMiteSurvivorship= 68.5119357192889
ICWorkerMiteSurvivorship= 3.75839408952743
ICForagerLifespan= 13.7416418874636
ImmType= Sine
RQQueenStrength= 3.68294536275789
RQEnableReQueen= true
AIAdultSlope= 3.5801750458777
AIAdultLD50= 98.8842546989617
AIAdultSlopeContact= 1.68805087427609
AIAdultLD50Contact= 39.7404724622336
AILarvaSlope= 6.34208508767188
AILarvaLD50= 72.3447734477962
AIKOW= 56449.5421258689
AIKOC= 60729.1304245293
AIHalfLife= 2.62505062455311
EAppRate= 3.13362761387182
FoliarEnabled= true
FoliarAppDate= 06/07/1989
FoliarForageBegin= 06/05/1989
FoliarForageEnd= 06/28/1989
AIContactFactor= 0.406693937140517
CL4Pollen= 3.10334028303623
CL4Nectar= 49.5578213827685
CL5Pollen= 2.47853916836902
CL5Nectar= 0.944485701620579
CLDPollen= 2.06209421670064
CLDNectar= 105.152405763511
CA13Pollen= 6.21219027442858
CA13Nectar= 81.1226242035627
CA410Pollen= 8.3969623301411
CA410Nectar= 134.387751403265
CA1120Pollen= 2.39704856998287
CA1120Nectar= 46.4035500586033
IPollenTrips= 14.6991212130524
INectarTrips= 8.54846256086603
IPollenLoad= 4.59864881820977
INectarLoad= 8.6182078323327
