ICQueenStrength= 4.7634347716812
RQWkrDrnRatio= 3.08715074509382
ICDroneMiteSurvivorship= 92.1841828851029
ICWorkerMiteSurvivorship= 2.73412233218551
ICForagerLifespan= 13.995676507242
ImmType= Tangent
RQQueenStrength= 2.23572894721292
RQEnableReQueen= true
AIAdultSlope= 5.97279063612223
AIAdultLD50= 33.1771026948201
AIAdultSlopeContact= 4.71934223850258
AIAdultLD50Contact= 50.0372048018437
AILarvaSlope= 2.55811648070812
AILarvaLD50= 14.2363677166388
AIKOW= 1920.37697995117
AIKOC= 66946.3894693085
AIHalfLife= 0.326729409839027
EAppRate= 6.92100581950182
FoliarEnabled= true
FoliarAppDate= 06/07/1989
FoliarForageBegin= 06/05/1989
FoliarForageEnd= 06/28/1989
AIContactFactor= 2.34988610338885
CL4Pollen= 1.21546980086714
CL4Nectar= 35.500561632216
CL5Pollen= 2.13134273327887
CL5Nectar= 63.1649565766566
CLDPollen= 0.0358239468187094
CLDNectar= 93.1358523317613
CA13Pollen= 2.99224317567423
CA13Nectar= 40.994102563709
CA410Pollen= 6.93929796584416
CA410Nectar= 57.4659972870722
CA1120Pollen= 2.51661407039501
CA1120Nectar= 66.4654608257115
IPollenTrips= 8.59828950604424
INectarTrips= 14.529078649357
IPollenLoad= 3.56930567184463
INectarLoad= 5.5311715346761
