ICQueenStrength= 5.66842510388233
RQWkrDrnRatio= 2.45683591160923
ICDroneMiteSurvivorship= 50.8769242791459
ICWorkerMiteSurvivorship= 20.6814815755934
ICForagerLifespan= 6.54646608233452
ImmType= Cosine
RQQueenStrength= 3.99951919470914
RQEnableReQueen= true
AIAdultSlope= 6.28762289881706
AIAdultLD50= 23.9284558409397
AIAdultSlopeContact= 3.3234251071699
AIAdultLD50Contact= 54.0629158035091
AILarvaSlope= 1.88237051479518
AILarvaLD50= 27.3175427501523
AIKOW= 38284.0293009789
AIKOC= 28311.5482019144
AIHalfLife= 13.9237330264412
EAppRate= 5.43139299797034
FoliarEnabled= true
FoliarAppDate= 06/07/1989
FoliarForageBegin= 06/05/1989
FoliarForageEnd= 06/28/1989
AIContactFactor= 1.67284573955461
CL4Pollen= 1.61967898160219
CL4Nectar= 26.8871426815167
CL5Pollen= 5.65386254154146
CL5Nectar= 133.197810722049
CLDPollen= 1.57079085661098
CLDNectar= 21.1991245276295
CA13Pollen= 5.97725627971813
CA13Nectar= 49.882153570652
CA410Pollen= 2.77819294484798
CA410Nectar= 63.1602745549753
CA1120Pollen= 0.1224694554694
CA1120Nectar= 98.1738308630884
IPollenTrips= 5.20332804881036
INectarTrips= 5.26330845663324
IPollenLoad= 9.33091159444302
INectarLoad= 6.32587398868054
ESoilP= 1.82087009563111
ESoilFoc= 0.00750224357843399
