ICQueenStrength= 2.62214290932752
RQWkrDrnRatio= 2.20437157619745
ICDroneMiteSurvivorship= 94.9016193626449
ICWorkerMiteSurvivorship= 22.8298730915412
ICForagerLifespan= 7.68775178492069
ImmType= Polynomial
RQQueenStrength= 1.66342768142931
RQEnableReQueen= true
AIAdultSlope= 7.21967331133783
AIAdultLD50= 28.8598060092472
AIAdultSlopeContact= 1.99911512993276
AIAdultLD50Contact= 39.3267779194529
AILarvaSlope= 6.87608758360147
AILarvaLD50= 69.0493133932261
AIKOW= 76945.2573037561
AIKOC= 30848.9985630375
AIHalfLife= 32.931947951531
EAppRate= 1.53102105309651
FoliarEnabled= true
FoliarAppDate= 06/07/1989
FoliarForageBegin= 06/05/1989
FoliarForageEnd= 06/28/1989
AIContactFactor= 0.520041978438385
CL4Pollen= 1.42401258647442
CL4Nectar= 13.5820321273059
CL5Pollen= 5.34672452090308
CL5Nectar= 120.934003929142
CLDPollen= 4.9639703608118
CLDNectar= 109.629867353942
CA13Pollen= 4.15697803329676
CA13Nectar= 84.8916571028531
CA410Pollen= 7.13367466439959
CA410Nectar= 71.1673704488203
CA1120Pollen= 0.912262367550284
CA1120Nectar= 74.9360038898885
IPollenTrips= 12.6058365684003
INectarTrips= 11.7054311302491
IPollenLoad= 5.55283986032009
INectarLoad= 0.702046232763678
