ICQueenStrength= 4.75758723821491
RQWkrDrnRatio= 2.57733699306846
ICDroneMiteSurvivorship= 70.5379601567984
ICWorkerMiteSurvivorship= 41.9606151990592
ICForagerLifespan= 12.0725887939334
ImmType= Polynomial
RQQueenStrength= 2.52204339951277
RQEnableReQueen=true
AIAdultSlope= 5.41271788813174
AIAdultLD50= 0.0977525090493727
AIAdultSlopeContact= 5.52912863274105
AIAdultLD50Contact= 53.2939286275187
AILarvaSlope= 7.33143652230501
AILarvaLD50= 29.4985323551248
AIKOW= 97265.5371470477
AIKOC= 45993.7801055326
AIHalfLife= 20.4724015261745
EAppRate= 5.44592475193576
FoliarEnabled=true
FoliarAppDate= 07/01/1989
FoliarForageBegin= 07/01/1989
FoliarForageEnd= 07/14/1989
AIContactFactor= 2.29908351166639
CL4Pollen= 3.03837947361171
CL4Nectar= 13.0473456578329
CL5Pollen= 4.00192240811884
CL5Nectar= 44.1010622656904
CLDPollen= 1.51757642766461
CLDNectar= 136.798282689415
CA13Pollen= 2.21538665965199
CA13Nectar= 66.8004306778312
CA410Pollen= 9.25593662632164
CA410Nectar= 191.859003077261
CA1120Pollen= 0.635527339065447
CA1120Nectar= 64.2731713876128
IPollenTrips= 14.7927816584706
INectarTrips= 6.31001888308674
IPollenLoad= 1.13279480719939
INectarLoad= 8.74700337648392
