ICQueenStrength= 1.71915531298146
RQWkrDrnRatio= 1.74233110621572
ICDroneMiteSurvivorship= 48.8367921439931
ICWorkerMiteSurvivorship= 66.9653593562543
ICForagerLifespan= 4.35188832972199
ImmType= Cosine
RQQueenStrength= 5.91985548054799
RQEnableReQueen= true
AIAdultSlope= 1.04552439786494
AIAdultLD50= 58.2020208536384
AIAdultSlopeContact= 8.42884480999783
AIAdultLD50Contact= 92.374492137773
AILarvaSlope= 1.3242220133543
AILarvaLD50= 82.9731053921552
AIKOW= 41813.4094893357
AIKOC= 73459.9103684465
AIHalfLife= 26.5739553757245
EAppRate= 7.28711203509895
FoliarEnabled= true
FoliarAppDate= 06/07/1989
FoliarForageBegin= 06/05/1989
FoliarForageEnd= 06/28/1989
AIContactFactor= 1.0091554196924
CL4Pollen= 2.01439757179469
CL4Nectar= 73.8820233847946
CL5Pollen= 4.17144286679104
CL5Nectar= 118.057789898012
CLDPollen= 2.70684578781947
CLDNectar= 34.4766282476485
CA13Pollen= 7.06998348264024
CA13Nectar= 41.0649973340333
CA410Pollen= 9.20069624057505
CA410Nectar= 59.4845864688978
CA1120Pollen= 1.30255552497692
CA1120Nectar= 39.6403368934989
IPollenTrips= 12.7979556610808
INectarTrips= 5.94160205218941
IPollenLoad= 1.27195599256083
INectarLoad= 1.21613303897902
