ICQueenStrength= 4.33845777437091
RQWkrDrnRatio= 2.91798451542854
ICDroneMiteSurvivorship= 37.9889626521617
ICWorkerMiteSurvivorship= 17.0079888310283
ICForagerLifespan= 6.88326794467866
ImmType= Exponential
RQQueenStrength= 2.31468347972259
RQEnableReQueen= true
AIAdultSlope= 8.310387134552
AIAdultLD50= 0.0995603671774734
AIAdultSlopeContact= 8.97276130295359
AIAdultLD50Contact= 33.5221696481167
AILarvaSlope= 2.76514759287238
AILarvaLD50= 81.9180933338925
AIKOW= 50530.0116369502
AIKOC= 64116.3637875235
AIHalfLife= 13.5009731468279
EAppRate= 2.83347947638435
FoliarEnabled= true
FoliarAppDate= 09/01/1989
FoliarForageBegin= 09/01/1989
FoliarForageEnd= 09/08/1989
AIContactFactor= 1.39815806856845
CL4Pollen= 0.0796749871224165
CL4Nectar= 17.0098213246092
CL5Pollen= 0.713330977130681
CL5Nectar= 108.19028550759
CLDPollen= 0.767611649818718
CLDNectar= 131.45039761439
CA13Pollen= 5.09126085769385
CA13Nectar= 73.8138557225466
CA410Pollen= 7.13585696800146
CA410Nectar= 191.942194011062
CA1120Pollen= 0.838997766841203
CA1120Nectar= 46.28682019189
IPollenTrips= 5.13242647284642
INectarTrips= 9.34485445264727
IPollenLoad= 3.83989901980385
INectarLoad= 8.01669503562152
