ICQueenStrength= 3.02407299540937
RQWkrDrnRatio= 3.117835059762
ICDroneMiteSurvivorship= 26.1173895793036
ICWorkerMiteSurvivorship= 74.3277311557904
ICForagerLifespan= 9.53077776636928
ImmType= Polynomial
AIAdultSlope= 3.23589888296323
AIAdultLD50= 0.0841325186658651
AIAdultSlopeContact= 0.770952484379523
AIAdultLD50Contact= 0.0146952149341814
AILarvaSlope= 3.09270554929972
AILarvaLD50= 0.182385379588231
AIKOW= 3.10750709660351
AIKOC= 26.2065092695411
AIHalfLife= 0.717963079200126
EAppRate= 8.97836722433567
FoliarEnabled= true
