ICQueenStrength= 5.38100181985646
RQWkrDrnRatio= 1.48709531128407
ICDroneMiteSurvivorship= 80.2825495135039
ICWorkerMiteSurvivorship= 49.9995527090505
ICForagerLifespan= 4.62801549769938
ImmType= Sine
RQQueenStrength= 2.16267608013004
RQEnableReQueen= true
AIAdultSlope= 5.71772030927241
AIAdultLD50= 39.5806844848655
AIAdultSlopeContact= 4.17969812103547
AIAdultLD50Contact= 91.2634963481051
AILarvaSlope= 3.76018027961254
AILarvaLD50= 23.4221736261363
AIKOW= 10397.4455930311
AIKOC= 4937.21071550157
AIHalfLife= 30.7468568989774
EAppRate= 5.72430841140728
FoliarEnabled= true
FoliarAppDate= 06/07/1989
FoliarForageBegin= 06/05/1989
FoliarForageEnd= 06/28/1989
AIContactFactor= 1.41029488075059
CL4Pollen= 1.05223311763257
CL4Nectar= 79.6149018686265
CL5Pollen= 3.79242718638852
CL5Nectar= 131.552856042981
CLDPollen= 1.27673922339454
CLDNectar= 28.8233751780353
CA13Pollen= 6.73888817504048
CA13Nectar= 51.5029984712601
CA410Pollen= 3.1864561866736
CA410Nectar= 187.403553999029
CA1120Pollen= 1.13324294309132
CA1120Nectar= 97.1167787723243
IPollenTrips= 12.6723565091379
INectarTrips= 13.7207503570244
IPollenLoad= 6.64391081314534
INectarLoad= 2.63850679853931
ESoilP= 1.7007606883999
ESoilFoc= 0.0163216846778523
