ICQueenStrength= 3.64843141194433
RQWkrDrnRatio= 1.49762097746134
ICDroneMiteSurvivorship= 19.1304757026955
ICWorkerMiteSurvivorship= 45.4025054816157
ICForagerLifespan= 13.6335609033704
ImmType= Sine
RQQueenStrength= 3.32443116372451
RQEnableReQueen= true
AIAdultSlope= 5.16949263587594
AIAdultLD50= 87.1495172683033
AIAdultSlopeContact= 6.49985266826116
AIAdultLD50Contact= 42.3484152279499
AILarvaSlope= 3.15480054169893
AILarvaLD50= 99.6238880450947
AIKOW= 29023.8781794941
AIKOC= 70725.4634807685
AIHalfLife= 26.5294967357069
EAppRate= 2.06654548960272
FoliarEnabled= true
FoliarAppDate= 06/07/1989
FoliarForageBegin= 06/05/1989
FoliarForageEnd= 06/28/1989
AIContactFactor= 1.76680167665705
CL4Pollen= 0.0439604222774506
CL4Nectar= 9.91310030221939
CL5Pollen= 2.27624246478081
CL5Nectar= 107.623891672119
CLDPollen= 5.23040454089642
CLDNectar= 68.6278702807613
CA13Pollen= 5.65272832736373
CA13Nectar= 20.53491929546
CA410Pollen= 7.7790715538431
CA410Nectar= 70.4636657983065
CA1120Pollen= 2.73762592650019
CA1120Nectar= 47.2065074369311
IPollenTrips= 6.3661264278926
INectarTrips= 8.35871456190944
IPollenLoad= 7.51078691799194
INectarLoad= 7.36640577204525
