ICQueenStrength= 5.40364986890927
RQWkrDrnRatio= 3.96275758277625
ICDroneMiteSurvivorship= 5.55645683780313
ICWorkerMiteSurvivorship= 62.4238660791889
ICForagerLifespan= 13.4024278363213
ImmType= Tangent
RQQueenStrength= 5.54224182292819
RQEnableReQueen= true
AIAdultSlope= 2.51597994938493
AIAdultLD50= 77.6271252001787
AIAdultSlopeContact= 2.15393178793602
AIAdultLD50Contact= 58.1312141773852
AILarvaSlope= 3.29467947222292
AILarvaLD50= 23.8648939436781
AIKOW= 84685.1137880455
AIKOC= 74343.922811361
AIHalfLife= 22.6703428647015
EAppRate= 4.65532033983851
FoliarEnabled= true
FoliarAppDate= 06/07/1989
FoliarForageBegin= 06/05/1989
FoliarForageEnd= 06/28/1989
AIContactFactor= 1.27874352153391
CL4Pollen= 1.59711153805256
CL4Nectar= 51.8595719477162
CL5Pollen= 0.324421000666916
CL5Nectar= 65.0138920289464
CLDPollen= 2.26249588793144
CLDNectar= 86.4203964709304
CA13Pollen= 3.21415610034019
CA13Nectar= 67.581377774477
CA410Pollen= 3.34223052952439
CA410Nectar= 106.609674016945
CA1120Pollen= 2.50022846390493
CA1120Nectar= 59.9256553500891
IPollenTrips= 8.80237299017608
INectarTrips= 13.3648857986555
IPollenLoad= 8.93007709877566
INectarLoad= 3.0569908907637
ESoilP= 1.8757907031104
ESoilFoc= 0.0133397576329298
