ICQueenStrength= 2.9144898885861
RQWkrDrnRatio= 4.66994049679488
ICDroneMiteSurvivorship= 29.5260335318744
ICWorkerMiteSurvivorship= 65.9414625959471
ICForagerLifespan= 6.39513501431793
ImmType= Sine
AIAdultSlope= 1.71983761896612
AIAdultLD50= 0.133461132831872
AIAdultSlopeContact= 0.940994293314871
AIAdultLD50Contact= 0.012445716757793
AILarvaSlope= 2.4703650210984
AILarvaLD50= 0.342707059951499
AIKOW= 4.87477009836584
AIKOC= 10.094354855828
AIHalfLife= 1.22958881077357
EAppRate= 6.57828128663823
FoliarEnabled= true
