ICQueenStrength= 1.66846045549028
RQWkrDrnRatio= 2.26810420956463
ICDroneMiteSurvivorship= 8.98591370787472
ICWorkerMiteSurvivorship= 67.2712194966152
ICForagerLifespan= 4.01231797784567
ImmType= Cosine
AIAdultSlope= 3.7364325094549
AIAdultLD50= 0.123985720565543
AIAdultSlopeContact= 0.0606148911220953
AIAdultLD50Contact= 0.0207888447563164
AILarvaSlope= 2.65150988814421
AILarvaLD50= 0.146236043586396
AIKOW= 3.38792464695871
AIKOC= 17.3406725528184
AIHalfLife= 1.892582961265
EAppRate= 7.3467818251811
FoliarEnabled= true
