ICQueenStrength= 1.18260738695972
RQWkrDrnRatio= 2.92427716962993
ICDroneMiteSurvivorship= 62.8349396400154
ICWorkerMiteSurvivorship= 38.9209626009688
ICForagerLifespan= 12.0985968392342
ImmType= Exponential
RQQueenStrength= 5.27763588610105
RQEnableReQueen= true
AIAdultSlope= 3.66038569435477
AIAdultLD50= 47.8588819192639
AIAdultSlopeContact= 8.11730202729814
AIAdultLD50Contact= 0.97984849141282
AILarvaSlope= 7.97372212074697
AILarvaLD50= 96.1337839845507
AIKOW= 6158.89807335344
AIKOC= 10316.0482214107
AIHalfLife= 26.361419916153
EAppRate= 4.16722752555343
FoliarEnabled= true
FoliarAppDate= 06/07/1989
FoliarForageBegin= 06/05/1989
FoliarForageEnd= 06/28/1989
AIContactFactor= 2.05991990240756
CL4Pollen= 0.0333712883293629
CL4Nectar= 74.4973377324641
CL5Pollen= 4.79496609186754
CL5Nectar= 53.7177113816142
CLDPollen= 5.0004391008988
CLDNectar= 118.475100514479
CA13Pollen= 2.44292503017932
CA13Nectar= 42.4037301540375
CA410Pollen= 2.96374805057421
CA410Nectar= 187.699854737148
CA1120Pollen= 0.736035238718614
CA1120Nectar= 77.2950475476682
IPollenTrips= 7.72954792482778
INectarTrips= 13.8378847180866
IPollenLoad= 5.04833417246118
INectarLoad= 5.36758167436346
