ICQueenStrength= 5.51469307299703
RQWkrDrnRatio= 1.92989257909358
ICDroneMiteSurvivorship= 22.2760775359347
ICWorkerMiteSurvivorship= 18.0822999915108
ICForagerLifespan= 4.52490334771574
ImmType= Tangent
RQQueenStrength= 5.62875623838045
RQEnableReQueen= true
AIAdultSlope= 7.99720679782331
AIAdultLD50= 79.8182009044893
AIAdultSlopeContact= 8.8077081325464
AIAdultLD50Contact= 45.3190792936708
AILarvaSlope= 7.53254084847867
AILarvaLD50= 25.5387749795904
AIKOW= 53662.063694092
AIKOC= 57860.549165339
AIHalfLife= 1.37820731399115
EAppRate= 3.14617863117298
FoliarEnabled= true
FoliarAppDate= 06/07/1989
FoliarForageBegin= 06/05/1989
FoliarForageEnd= 06/28/1989
AIContactFactor= 1.63205808079336
CL4Pollen= 1.35062789916992
CL4Nectar= 75.8993439376354
CL5Pollen= 3.92235710844398
CL5Nectar= 16.6482024011202
CLDPollen= 4.22081171907485
CLDNectar= 133.694877417292
CA13Pollen= 6.09814485097304
CA13Nectar= 81.098051071167
CA410Pollen= 6.12454782791901
CA410Nectar= 152.663275809027
CA1120Pollen= 0.291918061673641
CA1120Nectar= 85.5319125950336
IPollenTrips= 13.1615685857832
INectarTrips= 11.1470257118344
IPollenLoad= 3.30587698146701
INectarLoad= 8.24945932487026
ESoilP= 1.62698127189651
ESoilFoc= 0.00619517233246006
