ICQueenStrength= 5.0384913131129
RQWkrDrnRatio= 2.71470302436501
ICDroneMiteSurvivorship= 58.3522305358201
ICWorkerMiteSurvivorship= 9.97876645997167
ICForagerLifespan= 4.14204366505146
ImmType= Tangent
RQQueenStrength= 3.50095575931482
RQEnableReQueen= true
AIAdultSlope= 2.63863690942526
AIAdultLD50= 66.6690195372854
AIAdultSlopeContact= 7.83595590572804
AIAdultLD50Contact= 60.3256075222096
AILarvaSlope= 4.86363098584116
AILarvaLD50= 94.6395790275722
AIKOW= 9842.17303863161
AIKOC= 82079.0640791026
AIHalfLife= 4.37294182269834
EAppRate= 9.11006687478931
FoliarEnabled= true
FoliarAppDate= 06/07/1989
FoliarForageBegin= 06/05/1989
FoliarForageEnd= 06/28/1989
AIContactFactor= 1.07796330831945
CL4Pollen= 0.860838520340621
CL4Nectar= 66.3791913539171
CL5Pollen= 0.956909431144595
CL5Nectar= 55.0991028081626
CLDPollen= 3.47700900631025
CLDNectar= 111.414204211906
CA13Pollen= 3.23971896041185
CA13Nectar= 44.8821570537984
CA410Pollen= 3.2821627368452
CA410Nectar= 172.159789032303
CA1120Pollen= 0.797172420658171
CA1120Nectar= 77.7734731510282
IPollenTrips= 11.4172458439134
INectarTrips= 8.3841186016798
IPollenLoad= 4.776795450598
INectarLoad= 4.40728290239349
