ICQueenStrength= 3.32104313094169
RQWkrDrnRatio= 3.07498443778604
ICDroneMiteSurvivorship= 26.5931654023007
ICWorkerMiteSurvivorship= 42.6631966140121
ICForagerLifespan= 11.2232583966106
ImmType= Tangent
RQQueenStrength= 1.39490264467895
RQEnableReQueen=true
AIAdultSlope= 1.93856758438051
AIAdultLD50= 0.140064722389216
AIAdultSlopeContact= 9.26566742057912
AIAdultLD50Contact= 83.5909859204749
AILarvaSlope= 6.52742681093514
AILarvaLD50= 69.1228246497561
AIKOW= 39036.6303696228
AIKOC= 22878.84817025
AIHalfLife= 32.797026563203
EAppRate= 6.86247267352766
FoliarEnabled=true
FoliarAppDate= 07/01/1989
FoliarForageBegin= 07/01/1989
FoliarForageEnd= 07/14/1989
AIContactFactor= 1.00477778790984
CL4Pollen= 1.76112541742623
CL4Nectar= 80.5395222036168
CL5Pollen= 0.109581119846553
CL5Nectar= 108.720586518757
CLDPollen= 4.93666189815849
CLDNectar= 99.9092135578394
CA13Pollen= 2.78125197282061
CA13Nectar= 74.5459907315671
CA410Pollen= 4.36177485296503
CA410Nectar= 98.064665463753
CA1120Pollen= 1.25318910623901
CA1120Nectar= 26.1983889900148
IPollenTrips= 10.2210092102177
INectarTrips= 12.3260347405449
IPollenLoad= 1.70302235754207
INectarLoad= 1.96024193428457
