ICQueenStrength= 1.34205976757221
RQWkrDrnRatio= 4.69097725115716
ICDroneMiteSurvivorship= 10.2575342403725
ICWorkerMiteSurvivorship= 1.23941842466593
ICForagerLifespan= 12.4483388122171
ImmType= Sine
RQQueenStrength= 1.68373830989003
RQEnableReQueen= true
AIAdultSlope= 8.28363534621894
AIAdultLD50= 71.9902100561531
AIAdultSlopeContact= 2.98999514686875
AIAdultLD50Contact= 83.4465833313162
AILarvaSlope= 5.50062568299472
AILarvaLD50= 94.5338562530079
AIKOW= 6126.4732196873
AIKOC= 42952.8830059618
AIHalfLife= 30.9083149054786
EAppRate= 4.77834067537775
FoliarEnabled= true
FoliarAppDate= 06/07/1989
FoliarForageBegin= 06/05/1989
FoliarForageEnd= 06/28/1989
AIContactFactor= 1.52330915872939
CL4Pollen= 0.419686181470752
CL4Nectar= 12.6519808545709
CL5Pollen= 2.67505599372089
CL5Nectar= 99.8227999429218
CLDPollen= 3.84554785257205
CLDNectar= 131.53205907438
CA13Pollen= 5.12200970184058
CA13Nectar= 73.8439361378551
CA410Pollen= 8.93613279981073
CA410Nectar= 175.131420511752
CA1120Pollen= 2.53662391612306
CA1120Nectar= 62.1978655643761
IPollenTrips= 14.6109263645485
INectarTrips= 7.58168014232069
IPollenLoad= 6.47299484582618
INectarLoad= 0.445211206097156
