ICQueenStrength= 1.10391841642559
RQWkrDrnRatio= 1.31731670629233
ICDroneMiteSurvivorship= 85.3267163736746
ICWorkerMiteSurvivorship= 73.831184883602
ICForagerLifespan= 12.1410208223388
ImmType= Exponential
RQQueenStrength= 2.79986595991068
RQEnableReQueen= true
AIAdultSlope= 4.82003657333553
AIAdultLD50= 68.3347881827718
AIAdultSlopeContact= 1.41906581353396
AIAdultLD50Contact= 62.1730520555959
AILarvaSlope= 3.2350272461772
AILarvaLD50= 66.4598715379727
AIKOW= 76346.1140355253
AIKOC= 71426.1475833806
AIHalfLife= 18.3351885839831
EAppRate= 6.89043203900522
FoliarEnabled= true
FoliarAppDate= 06/07/1989
FoliarForageBegin= 06/05/1989
FoliarForageEnd= 06/28/1989
AIContactFactor= 1.6244645964494
CL4Pollen= 0.767106238752604
CL4Nectar= 60.053968289867
CL5Pollen= 0.675962931476533
CL5Nectar= 112.663807079662
CLDPollen= 3.85925173619762
CLDNectar= 134.916195936967
CA13Pollen= 6.14796703290194
CA13Nectar= 45.7477190159261
CA410Pollen= 8.80414485100191
CA410Nectar= 108.574712560512
CA1120Pollen= 0.507360831135884
CA1120Nectar= 67.1439629420638
IPollenTrips= 11.980554589536
INectarTrips= 11.2302301009186
IPollenLoad= 7.22702168626711
INectarLoad= 4.69630983658135
ESoilP= 1.688280494418
ESoilFoc= 0.00224431675416417
