ICQueenStrength= 1.21304639405571
RQWkrDrnRatio= 1.20536476001143
ICDroneMiteSurvivorship= 3.14324460923672
ICWorkerMiteSurvivorship= 90.3238613624126
ICForagerLifespan= 8.42784346174449
ImmType= Logarithmic
RQQueenStrength= 3.76693339110352
RQEnableReQueen= true
AIAdultSlope= 7.51986339315772
AIAdultLD50= 3.02670297982241
AIAdultSlopeContact= 3.49440858513117
AIAdultLD50Contact= 27.1620392794432
AILarvaSlope= 4.17457311600447
AILarvaLD50= 10.8159127099642
AIKOW= 19295.0071912571
AIKOC= 76350.0697368123
AIHalfLife= 14.5702964872587
EAppRate= 0.345006632338278
FoliarEnabled= true
FoliarAppDate= 06/07/1989
FoliarForageBegin= 06/05/1989
FoliarForageEnd= 06/28/1989
AIContactFactor= 2.28743161372375
CL4Pollen= 0.912838911637664
CL4Nectar= 79.4960921397433
CL5Pollen= 3.31158202188089
CL5Nectar= 149.458764062729
CLDPollen= 5.63239618297666
CLDNectar= 13.8910887879319
CA13Pollen= 5.12959118634462
CA13Nectar= 77.9011708498001
CA410Pollen= 8.02900728939567
CA410Nectar= 104.003208950162
CA1120Pollen= 1.46651581395417
CA1120Nectar= 75.9558456577361
IPollenTrips= 6.23321969993412
INectarTrips= 10.3340877825394
IPollenLoad= 8.14697823254392
INectarLoad= 9.14130804128945
