ICQueenStrength= 3.03908671741374
RQWkrDrnRatio= 3.56103025283664
ICDroneMiteSurvivorship= 87.4032314866781
ICWorkerMiteSurvivorship= 32.9165763687342
ICForagerLifespan= 8.40487205982208
ImmType= Exponential
RQQueenStrength= 5.47887309128419
RQEnableReQueen= true
AIAdultSlope= 2.79559472762048
AIAdultLD50= 66.2528625556759
AIAdultSlopeContact= 5.75723207765259
AIAdultLD50Contact= 17.3174331720725
AILarvaSlope= 3.40034933947027
AILarvaLD50= 71.0249974111398
AIKOW= 94649.8622181516
AIKOC= 31211.884775338
AIHalfLife= 4.70846953224391
EAppRate= 8.99085221556481
FoliarEnabled= true
FoliarAppDate= 06/07/1989
FoliarForageBegin= 06/05/1989
FoliarForageEnd= 06/28/1989
AIContactFactor= 2.27362193411216
CL4Pollen= 0.404452789574862
CL4Nectar= 69.9388505192474
CL5Pollen= 4.4685940509662
CL5Nectar= 53.2576821511611
CLDPollen= 4.36541622178629
CLDNectar= 57.4311460833997
CA13Pollen= 5.4153371819295
CA13Nectar= 72.3525368049741
CA410Pollen= 4.44889743009117
CA410Nectar= 106.386108375154
CA1120Pollen= 2.04073970415629
CA1120Nectar= 90.2928813546896
IPollenTrips= 11.8823546008207
INectarTrips= 8.59352663392201
IPollenLoad= 0.164423740934581
INectarLoad= 6.95753453765064
