ICQueenStrength= 5.49617098201998
RQWkrDrnRatio= 2.13607521913946
ICDroneMiteSurvivorship= 41.6720877401531
ICWorkerMiteSurvivorship= 99.9802982900292
ICForagerLifespan= 11.9539122879505
ImmType= Exponential
RQQueenStrength= 4.32355043734424
RQEnableReQueen= true
AIAdultSlope= 4.60661507584155
AIAdultLD50= 55.0734843356654
AIAdultSlopeContact= 4.30686587491073
AIAdultLD50Contact= 40.0223828025171
AILarvaSlope= 3.93872988969088
AILarvaLD50= 63.7554010863502
AIKOW= 36394.5873729697
AIKOC= 91694.0389298552
AIHalfLife= 3.52454000846483
EAppRate= 3.81979537967988
FoliarEnabled= true
FoliarAppDate= 06/07/1989
FoliarForageBegin= 06/05/1989
FoliarForageEnd= 06/28/1989
AIContactFactor= 1.24554126238916
CL4Pollen= 3.30923887062818
CL4Nectar= 39.1192271606997
CL5Pollen= 5.33939879760146
CL5Nectar= 23.8456107792445
CLDPollen= 4.64112020004541
CLDNectar= 124.246077414136
CA13Pollen= 4.61356447804719
CA13Nectar= 60.6668662838638
CA410Pollen= 8.02396013464313
CA410Nectar= 167.426674407907
CA1120Pollen= 1.28615292417817
CA1120Nectar= 98.1847557611763
IPollenTrips= 6.94819934200495
INectarTrips= 12.3521754588
IPollenLoad= 4.57568703219295
INectarLoad= 9.25699003506452
ESoilP= 1.0973939136602
ESoilFoc= 0.010269299097592
