ICQueenStrength= 1.12266234029084
RQWkrDrnRatio= 2.76819517835975
ICDroneMiteSurvivorship= 22.4470081040636
ICWorkerMiteSurvivorship= 37.4375243671238
ICForagerLifespan= 12.7972925594077
ImmType= Tangent
RQQueenStrength= 3.20161084085703
RQEnableReQueen= true
AIAdultSlope= 8.53311296738684
AIAdultLD50= 92.5306640818582
AIAdultSlopeContact= 5.44651180482469
AIAdultLD50Contact= 38.1790711812738
AILarvaSlope= 3.27240918204188
AILarvaLD50= 65.8322809280444
AIKOW= 491.741099040033
AIKOC= 71092.3968778262
AIHalfLife= 9.76057002621237
EAppRate= 6.82050396216149
FoliarEnabled= true
FoliarAppDate= 06/07/1989
FoliarForageBegin= 06/05/1989
FoliarForageEnd= 06/28/1989
AIContactFactor= 1.56071205511224
CL4Pollen= 0.288048695772886
CL4Nectar= 37.7874945756048
CL5Pollen= 0.983977979980409
CL5Nectar= 117.441462830175
CLDPollen= 0.0689605898223817
CLDNectar= 19.265833706595
CA13Pollen= 3.42547611547634
CA13Nectar= 90.4911942407489
CA410Pollen= 3.08449558285065
CA410Nectar= 74.4460911815986
CA1120Pollen= 0.321831710636616
CA1120Nectar= 93.2617334648967
IPollenTrips= 5.90584892779589
INectarTrips= 9.02081893291324
IPollenLoad= 2.77075341902673
INectarLoad= 2.80400502262637
