ICQueenStrength= 5.69036799157038
RQWkrDrnRatio= 4.13157093524933
ICDroneMiteSurvivorship= 63.1401384016499
ICWorkerMiteSurvivorship= 55.8160810964182
ICForagerLifespan= 6.05785937607288
ImmType= Logarithmic
AIAdultSlope= 2.08267141877208
AIAdultLD50= 0.102252442808822
AIAdultSlopeContact= 0.529005544942338
AIAdultLD50Contact= 0.0403238525148481
AILarvaSlope= 2.82916982602328
AILarvaLD50= 0.405102503928356
AIKOW= 4.0490098465234
AIKOC= 18.2726127747446
AIHalfLife= 2.41401514282916
EAppRate= 5.4425554908812
FoliarEnabled= true
