ICQueenStrength= 3.85448859445751
RQWkrDrnRatio= 3.32659261394292
ICDroneMiteSurvivorship= 88.8170423917472
ICWorkerMiteSurvivorship= 65.19408992026
ICForagerLifespan= 4.83735631220043
ImmType= Sine
RQQueenStrength= 3.2231220593676
RQEnableReQueen= true
AIAdultSlope= 4.36027658544481
AIAdultLD50= 0.601762897907058
AIAdultSlopeContact= 5.73226421535946
AIAdultLD50Contact= 71.1445756590534
AILarvaSlope= 8.38742207176983
AILarvaLD50= 99.162844418529
AIKOW= 28966.1641020335
AIKOC= 92102.0075258766
AIHalfLife= 34.2028965709265
EAppRate= 1.80381607642607
FoliarEnabled= true
FoliarAppDate= 09/01/1989
FoliarForageBegin= 09/01/1989
FoliarForageEnd= 09/08/1989
AIContactFactor= 1.66594636189751
CL4Pollen= 2.8804417271167
CL4Nectar= 75.4888666560873
CL5Pollen= 4.5162987280637
CL5Nectar= 10.2192747406662
CLDPollen= 1.72019179863855
CLDNectar= 63.3404135238379
CA13Pollen= 5.94808876542374
CA13Nectar= 90.7281981594861
CA410Pollen= 4.49922902560793
CA410Nectar= 128.204000494443
CA1120Pollen= 1.15779029997066
CA1120Nectar= 36.6734972037375
IPollenTrips= 13.8422365719453
INectarTrips= 13.4758054674603
IPollenLoad= 5.06421445403248
INectarLoad= 4.08977249404415
