ICQueenStrength= 1.63994777621701
RQWkrDrnRatio= 3.22156038787216
ICDroneMiteSurvivorship= 6.31420752033591
ICWorkerMiteSurvivorship= 67.3814949113876
ICForagerLifespan= 9.57962628826499
ImmType= Polynomial
RQQueenStrength= 5.84257217613049
RQEnableReQueen= true
AIAdultSlope= 5.6524760145694
AIAdultLD50= 33.9633768842856
AIAdultSlopeContact= 3.39745833817869
AIAdultLD50Contact= 64.7644693659737
AILarvaSlope= 4.14242356456816
AILarvaLD50= 29.3131412956454
AIKOW= 76857.939814087
AIKOC= 63339.1643377598
AIHalfLife= 2.41239055600017
EAppRate= 5.66087108060322
FoliarEnabled= true
FoliarAppDate= 06/07/1989
FoliarForageBegin= 06/05/1989
FoliarForageEnd= 06/28/1989
AIContactFactor= 1.36196683446411
CL4Pollen= 2.43156491592526
CL4Nectar= 52.4759425083175
CL5Pollen= 3.50308264419436
CL5Nectar= 71.7150479787961
CLDPollen= 0.434694696217775
CLDNectar= 99.1807944956236
CA13Pollen= 7.62136872420087
CA13Nectar= 53.1968540884554
CA410Pollen= 7.92892835775856
CA410Nectar= 152.049800418317
CA1120Pollen= 0.142949456116185
CA1120Nectar= 72.1147080697119
IPollenTrips= 5.49967362545431
INectarTrips= 11.2241619289853
IPollenLoad= 7.79338981257752
INectarLoad= 7.77072463184595
