ICQueenStrength= 4.08935016626492
RQWkrDrnRatio= 2.89367552660406
ICDroneMiteSurvivorship= 49.0408175624907
ICWorkerMiteSurvivorship= 53.6234161583707
ICForagerLifespan= 8.91473559103906
ImmType= Logarithmic
RQQueenStrength= 2.3313323026523
RQEnableReQueen= true
AIAdultSlope= 1.18900361098349
AIAdultLD50= 93.3326190720997
AIAdultSlopeContact= 1.05727008683607
AIAdultLD50Contact= 52.1789240930486
AILarvaSlope= 1.39138256758451
AILarvaLD50= 77.1393187503801
AIKOW= 12997.1491329939
AIKOC= 64096.2638587565
AIHalfLife= 31.6526115997229
EAppRate= 6.0850285565469
FoliarEnabled= true
FoliarAppDate= 06/07/1989
FoliarForageBegin= 06/05/1989
FoliarForageEnd= 06/28/1989
AIContactFactor= 1.05724398495164
CL4Pollen= 1.9947676025331
CL4Nectar= 67.9843865102157
CL5Pollen= 1.93270268803462
CL5Nectar= 4.86927644815296
CLDPollen= 4.98027046909556
CLDNectar= 18.3351443032734
CA13Pollen= 4.64837649306282
CA13Nectar= 62.4120082706213
CA410Pollen= 3.84699105266482
CA410Nectar= 70.9675229527056
CA1120Pollen= 0.516385209280998
CA1120Nectar= 73.9328081905842
IPollenTrips= 9.54927251208574
INectarTrips= 9.914318441879
IPollenLoad= 9.79439957998693
INectarLoad= 7.59760654531419
