ICQueenStrength= 3.28562497068197
RQWkrDrnRatio= 4.87623331975192
ICDroneMiteSurvivorship= 97.1136230276898
ICWorkerMiteSurvivorship= 56.6610088571906
ICForagerLifespan= 9.9275482762605
ImmType= Logarithmic
RQQueenStrength= 5.25642594927922
RQEnableReQueen= true
AIAdultSlope= 1.25044678524137
AIAdultLD50= 25.5564945415098
AIAdultSlopeContact= 4.28490576008335
AIAdultLD50Contact= 9.40221105337096
AILarvaSlope= 7.44432010129094
AILarvaLD50= 1.97649226051313
AIKOW= 31560.3556098897
AIKOC= 32955.7151670808
AIHalfLife= 32.9293540451443
EAppRate= 9.81408935412765
FoliarEnabled= true
FoliarAppDate= 06/07/1989
FoliarForageBegin= 06/05/1989
FoliarForageEnd= 06/28/1989
AIContactFactor= 1.66850949603599
CL4Pollen= 0.765433950349689
CL4Nectar= 9.04474647250026
CL5Pollen= 0.895285231992602
CL5Nectar= 41.9084158726037
CLDPollen= 5.18376173498109
CLDNectar= 147.616485902108
CA13Pollen= 6.54990375675261
CA13Nectar= 32.0730300992727
CA410Pollen= 2.37753077754751
CA410Nectar= 111.913988939486
CA1120Pollen= 0.937446434050798
CA1120Nectar= 57.7287275157869
IPollenTrips= 7.1107328729704
INectarTrips= 9.82984071830288
IPollenLoad= 0.384590781759471
INectarLoad= 6.91560763400048
