ICQueenStrength= 1.00734350527637
RQWkrDrnRatio= 4.11507324874401
ICDroneMiteSurvivorship= 5.93808626290411
ICWorkerMiteSurvivorship= 0.18724431283772
ICForagerLifespan= 11.1018162621185
ImmType= Tangent
RQQueenStrength= 1.43528561131097
RQEnableReQueen= true
AIAdultSlope= 8.96544449403882
AIAdultLD50= 84.0978296706092
AIAdultSlopeContact= 1.97740320954472
AIAdultLD50Contact= 20.9395895834845
AILarvaSlope= 6.61987537890673
AILarvaLD50= 27.3210794588281
AIKOW= 63305.2734798441
AIKOC= 15542.6728191916
AIHalfLife= 15.1853178760968
EAppRate= 7.10175912116421
FoliarEnabled= true
FoliarAppDate= 06/07/1989
FoliarForageBegin= 06/05/1989
FoliarForageEnd= 06/28/1989
AIContactFactor= 0.770542950578965
CL4Pollen= 3.84173895232379
CL4Nectar= 16.145681636408
CL5Pollen= 0.651920473203063
CL5Nectar= 77.4889904656447
CLDPollen= 2.50530877942219
CLDNectar= 10.6757926871069
CA13Pollen= 7.03480638545006
CA13Nectar= 86.4102750644088
CA410Pollen= 4.65757658281364
CA410Nectar= 199.786091567948
CA1120Pollen= 0.480205801315606
CA1120Nectar= 29.4907622411847
IPollenTrips= 11.4040520531125
INectarTrips= 9.11812413716689
IPollenLoad= 5.34354037605226
INectarLoad= 5.17711580265313
