ICQueenStrength= 2.88265294651501
RQWkrDrnRatio= 1.62010881770402
ICDroneMiteSurvivorship= 11.2706339918077
ICWorkerMiteSurvivorship= 40.954521112144
ICForagerLifespan= 12.5845507346094
ImmType= Tangent
RQQueenStrength= 1.82817958202213
RQEnableReQueen= true
AIAdultSlope= 3.81075734458864
AIAdultLD50= 66.9118745574676
AIAdultSlopeContact= 7.08547820290551
AIAdultLD50Contact= 82.9576373731766
AILarvaSlope= 5.40867266058922
AILarvaLD50= 7.5238243586428
AIKOW= 34586.7482467509
AIKOC= 74193.4139736728
AIHalfLife= 14.0678711727262
EAppRate= 1.12754066786123
FoliarEnabled= true
FoliarAppDate= 06/07/1989
FoliarForageBegin= 06/05/1989
FoliarForageEnd= 06/28/1989
AIContactFactor= 1.31904778225347
CL4Pollen= 2.07405217550695
CL4Nectar= 13.3041202789173
CL5Pollen= 2.68727762019262
CL5Nectar= 79.0846996475011
CLDPollen= 3.10098709585145
CLDNectar= 113.521917443722
CA13Pollen= 3.47128854580224
CA13Nectar= 58.6722884327173
CA410Pollen= 3.56638673150446
CA410Nectar= 60.9541368111968
CA1120Pollen= 2.5760011500679
CA1120Nectar= 22.657919395715
IPollenTrips= 5.41217958554626
INectarTrips= 6.75590444821864
IPollenLoad= 2.44029618334025
INectarLoad= 4.80756051139906
ESoilP= 1.88139394647442
ESoilFoc= 0.0159707870110869
