ICQueenStrength= 1.96760628162883
RQWkrDrnRatio= 4.57168861944228
ICDroneMiteSurvivorship= 10.7157867401838
ICWorkerMiteSurvivorship= 19.6858649142087
ICForagerLifespan= 12.3453621445224
ImmType= Logarithmic
RQQueenStrength= 1.46971374307759
RQEnableReQueen= true
AIAdultSlope= 2.00277957320213
AIAdultLD50= 49.822277328542
AIAdultSlopeContact= 6.63565259426832
AIAdultLD50Contact= 81.2708935274375
AILarvaSlope= 8.11400411278009
AILarvaLD50= 21.2050146080311
AIKOW= 34421.4291232136
AIKOC= 51818.9805978257
AIHalfLife= 2.51718371096067
EAppRate= 2.52290911210096
FoliarEnabled= true
FoliarAppDate= 06/07/1989
FoliarForageBegin= 06/05/1989
FoliarForageEnd= 06/28/1989
AIContactFactor= 1.91458699520212
CL4Pollen= 1.01462930254638
CL4Nectar= 10.306662064977
CL5Pollen= 1.40596420364454
CL5Nectar= 94.1597213619389
CLDPollen= 3.38684255350381
CLDNectar= 89.1772088245489
CA13Pollen= 7.63743243906647
CA13Nectar= 55.7439566403627
CA410Pollen= 6.01334198839031
CA410Nectar= 183.808746081777
CA1120Pollen= 1.95164856011979
CA1120Nectar= 21.9106901437044
IPollenTrips= 14.7349691553973
INectarTrips= 14.6182445064187
IPollenLoad= 0.848842735867947
INectarLoad= 4.06524198129773
ESoilP= 1.84922586241737
ESoilFoc= 0.0177815892521758
