ICQueenStrength= 4.26390955690295
RQWkrDrnRatio= 1.19227474182844
ICDroneMiteSurvivorship= 9.88820982165635
ICWorkerMiteSurvivorship= 41.3725409656763
ICForagerLifespan= 13.7190270740539
ImmType= Sine
RQQueenStrength= 2.91729697491974
RQEnableReQueen=true
AIAdultSlope= 4.82329394295812
AIAdultLD50= 0.228203547811136
AIAdultSlopeContact= 2.08145382953808
AIAdultLD50Contact= 9.99317066803155
AILarvaSlope= 8.1038763653487
AILarvaLD50= 45.4380884393332
AIKOW= 27392.8232920701
AIKOC= 6996.81988826836
AIHalfLife= 31.0334536802489
EAppRate= 7.66341822561715
FoliarEnabled=true
FoliarAppDate= 07/01/1989
FoliarForageBegin= 07/01/1989
FoliarForageEnd= 07/14/1989
AIContactFactor= 1.81002442782279
CL4Pollen= 2.56760063394904
CL4Nectar= 76.7309525515884
CL5Pollen= 5.50069177569821
CL5Nectar= 11.4215907873586
CLDPollen= 5.80372864706442
CLDNectar= 17.471157037653
CA13Pollen= 5.48119335789233
CA13Nectar= 57.9771995544434
CA410Pollen= 9.45881141391583
CA410Nectar= 117.09561501164
CA1120Pollen= 0.794952721567824
CA1120Nectar= 65.8522085100412
IPollenTrips= 6.29535102751106
INectarTrips= 12.6428340515122
IPollenLoad= 5.16938568791375
INectarLoad= 3.01931140944362
