ICQueenStrength= 3.32849490246736
RQWkrDrnRatio= 3.85744643304497
ICDroneMiteSurvivorship= 49.2612033383921
ICWorkerMiteSurvivorship= 72.0130722271279
ICForagerLifespan= 6.70797531213611
ImmType= Polynomial
RQQueenStrength= 5.98773334315047
RQEnableReQueen= true
AIAdultSlope= 6.19285563565791
AIAdultLD50= 13.9728312091236
AIAdultSlopeContact= 7.04579299897887
AIAdultLD50Contact= 83.4457550445844
AILarvaSlope= 5.08686724305153
AILarvaLD50= 67.5479680341897
AIKOW= 30054.8831795347
AIKOC= 69145.7255264395
AIHalfLife= 3.84401589536574
EAppRate= 1.91002138351439
FoliarEnabled= true
FoliarAppDate= 06/07/1989
FoliarForageBegin= 06/05/1989
FoliarForageEnd= 06/28/1989
AIContactFactor= 0.295437332522124
CL4Pollen= 0.365752273239195
CL4Nectar= 95.8958816947415
CL5Pollen= 3.63928998028859
CL5Nectar= 148.801939515397
CLDPollen= 4.69239814952016
CLDNectar= 85.4054057970643
CA13Pollen= 6.42329158755019
CA13Nectar= 37.1952275186777
CA410Pollen= 3.3694561845623
CA410Nectar= 169.624386327341
CA1120Pollen= 1.74412862956524
CA1120Nectar= 47.9486574605107
IPollenTrips= 5.72356430348009
INectarTrips= 10.108127607964
IPollenLoad= 5.20596964051947
INectarLoad= 5.92150341719389
