ICQueenStrength= 5.95274601271376
RQWkrDrnRatio= 3.01780946925282
ICDroneMiteSurvivorship= 75.6721997167915
ICWorkerMiteSurvivorship= 28.7325386889279
ICForagerLifespan= 6.62267733551562
ImmType= Cosine
RQQueenStrength= 5.5854920858983
RQEnableReQueen= true
AIAdultSlope= 5.02663661539555
AIAdultLD50= 0.343670329592656
AIAdultSlopeContact= 9.93339797784574
AIAdultLD50Contact= 79.6649941919798
AILarvaSlope= 8.48821863159537
AILarvaLD50= 60.2899444408144
AIKOW= 34469.2305068611
AIKOC= 5495.3381616876
AIHalfLife= 10.1550507852342
EAppRate= 0.0129475852786563
FoliarEnabled= true
FoliarAppDate= 09/01/1989
FoliarForageBegin= 09/01/1989
FoliarForageEnd= 09/08/1989
AIContactFactor= 1.66562354579568
CL4Pollen= 2.09118738025427
CL4Nectar= 25.6035287166014
CL5Pollen= 5.61577424872667
CL5Nectar= 31.3879605615512
CLDPollen= 2.2651199712418
CLDNectar= 134.039046010002
CA13Pollen= 6.26404898362234
CA13Nectar= 33.8263180479407
CA410Pollen= 8.73496785860043
CA410Nectar= 129.848236152902
CA1120Pollen= 1.86569704650901
CA1120Nectar= 43.8756370171905
IPollenTrips= 11.5334209986031
INectarTrips= 7.23623211262748
IPollenLoad= 2.66940169036388
INectarLoad= 0.19265832612291
