ICQueenStrength= 1.37474740180187
RQWkrDrnRatio= 2.59520681481808
ICDroneMiteSurvivorship= 1.27867562696338
ICWorkerMiteSurvivorship= 37.7098474185914
ICForagerLifespan= 13.7401907453313
ImmType= Cosine
RQQueenStrength= 1.13827670598403
RQEnableReQueen= true
AIAdultSlope= 6.17605171352625
AIAdultLD50= 75.7088094039646
AIAdultSlopeContact= 8.2734057768248
AIAdultLD50Contact= 7.68455114634405
AILarvaSlope= 5.8320045452565
AILarvaLD50= 51.2876835416497
AIKOW= 17519.9880788333
AIKOC= 20426.2147662763
AIHalfLife= 13.1302314673085
EAppRate= 3.3897074435309
FoliarEnabled= true
FoliarAppDate= 06/07/1989
FoliarForageBegin= 06/05/1989
FoliarForageEnd= 06/28/1989
AIContactFactor= 1.74231829781085
CL4Pollen= 2.1042261980474
CL4Nectar= 14.4547968171537
CL5Pollen= 2.54365582158789
CL5Nectar= 48.8760806503706
CLDPollen= 4.55314499186352
CLDNectar= 27.3113808128983
CA13Pollen= 5.16324744448066
CA13Nectar= 60.1639666780829
CA410Pollen= 7.98489855870139
CA410Nectar= 170.307781710289
CA1120Pollen= 1.85647842194885
CA1120Nectar= 23.9178835973144
IPollenTrips= 14.4085802999325
INectarTrips= 11.6374719329178
IPollenLoad= 6.02644010912627
INectarLoad= 4.80904972413555
ESoilP= 1.00741670676507
ESoilFoc= 0.0175297393396031
