ICQueenStrength= 4.60558801563457
RQWkrDrnRatio= 4.43047582916915
ICDroneMiteSurvivorship= 52.4476074846461
ICWorkerMiteSurvivorship= 90.566484304145
ICForagerLifespan= 11.0584201235324
ImmType= Tangent
RQQueenStrength= 4.07787738158368
RQEnableReQueen= true
AIAdultSlope= 3.44683082029223
AIAdultLD50= 80.1381281971533
AIAdultSlopeContact= 1.82921910332516
AIAdultLD50Contact= 91.9686359232082
AILarvaSlope= 5.0604097340256
AILarvaLD50= 60.0792496233059
AIKOW= 41585.5755537764
AIKOC= 37148.1751306723
AIHalfLife= 15.981067573023
EAppRate= 0.486847547929268
FoliarEnabled= true
FoliarAppDate= 06/07/1989
FoliarForageBegin= 06/05/1989
FoliarForageEnd= 06/28/1989
AIContactFactor= 0.744060322172008
CL4Pollen= 1.55806501209736
CL4Nectar= 66.3514311425388
CL5Pollen= 3.25986344134435
CL5Nectar= 121.200053987559
CLDPollen= 4.44483266444877
CLDNectar= 113.914651027881
CA13Pollen= 6.88985187681392
CA13Nectar= 30.7361294701695
CA410Pollen= 8.46247107945383
CA410Nectar= 145.899876104668
CA1120Pollen= 1.00195688568056
CA1120Nectar= 30.2049221843481
IPollenTrips= 7.71349385380745
INectarTrips= 8.73153602704406
IPollenLoad= 2.97610685694963
INectarLoad= 7.17897032387555
