ICQueenStrength= 2.16134723182768
RQWkrDrnRatio= 3.73391795903444
ICDroneMiteSurvivorship= 16.1245967727154
ICWorkerMiteSurvivorship= 93.0728589883074
ICForagerLifespan= 4.51002035383135
ImmType= Tangent
RQQueenStrength= 4.69446719903499
RQEnableReQueen=true
AIAdultSlope= 8.77270811423659
AIAdultLD50= 0.0651956091774628
AIAdultSlopeContact= 1.65859797503799
AIAdultLD50Contact= 56.3619114366302
AILarvaSlope= 3.3610788397491
AILarvaLD50= 18.974616739087
AIKOW= 59188.0370463725
AIKOC= 95440.7234493166
AIHalfLife= 15.5685097764712
EAppRate= 0.733699426943436
FoliarEnabled=true
FoliarAppDate= 07/01/1989
FoliarForageBegin= 07/01/1989
FoliarForageEnd= 07/14/1989
AIContactFactor= 1.26202183928806
CL4Pollen= 1.04140323400497
CL4Nectar= 23.3227426884696
CL5Pollen= 2.72032907372341
CL5Nectar= 27.8217039769515
CLDPollen= 0.194253851193935
CLDNectar= 35.5716593563557
CA13Pollen= 2.84389489591122
CA13Nectar= 88.7686615251005
CA410Pollen= 8.23523821933195
CA410Nectar= 117.507443185896
CA1120Pollen= 1.39929896453395
CA1120Nectar= 38.6340349912643
IPollenTrips= 10.4182019922882
INectarTrips= 7.07422332372516
IPollenLoad= 1.98492297902703
INectarLoad= 6.70827518682927
