ICQueenStrength= 4.53596475441009
RQWkrDrnRatio= 4.29290542844683
ICDroneMiteSurvivorship= 81.4538186881691
ICWorkerMiteSurvivorship= 32.4623879510909
ICForagerLifespan= 13.8326928811148
ImmType= Exponential
RQQueenStrength= 4.54981569200754
RQEnableReQueen=true
AIAdultSlope= 4.50688908621669
AIAdultLD50= 0.247374005330028
AIAdultSlopeContact= 9.21610912890173
AIAdultLD50Contact= 92.65640834533
AILarvaSlope= 6.48883157037199
AILarvaLD50= 97.7341709466628
AIKOW= 1138.68272412026
AIKOC= 11192.8300180123
AIHalfLife= 20.865583865298
EAppRate= 2.81828079218883
FoliarEnabled=true
FoliarAppDate= 07/01/1989
FoliarForageBegin= 07/01/1989
FoliarForageEnd= 07/14/1989
AIContactFactor= 1.67585648637731
CL4Pollen= 2.59334192052484
CL4Nectar= 84.8182187415659
CL5Pollen= 1.9890801734291
CL5Nectar= 141.818714118563
CLDPollen= 0.161755858920515
CLDNectar= 28.8087528431788
CA13Pollen= 6.38521225359291
CA13Nectar= 59.6780562028289
CA410Pollen= 4.06552756817546
CA410Nectar= 112.93577382341
CA1120Pollen= 0.716573077719659
CA1120Nectar= 63.5904421284795
IPollenTrips= 8.65372373256832
INectarTrips= 13.3048639446497
IPollenLoad= 6.59625415923074
INectarLoad= 2.35150787280872
