ICQueenStrength= 1.04722101031803
RQWkrDrnRatio= 2.49681804794818
ICDroneMiteSurvivorship= 40.7790369587019
ICWorkerMiteSurvivorship= 1.88743909820914
ICForagerLifespan= 13.8168301321566
ImmType= Cosine
RQQueenStrength= 2.09070337493904
RQEnableReQueen= true
AIAdultSlope= 8.15818255953491
AIAdultLD50= 79.9739630241739
AIAdultSlopeContact= 8.12156283995137
AIAdultLD50Contact= 83.5303035506862
AILarvaSlope= 8.85121973603964
AILarvaLD50= 37.3808411181183
AIKOW= 65896.4535331733
AIKOC= 32279.601064062
AIHalfLife= 24.25991988366
EAppRate= 3.21254694611696
FoliarEnabled= true
FoliarAppDate= 06/07/1989
FoliarForageBegin= 06/05/1989
FoliarForageEnd= 06/28/1989
AIContactFactor= 2.21432464760728
CL4Pollen= 1.43903439957649
CL4Nectar= 62.8015887690708
CL5Pollen= 3.17599570238963
CL5Nectar= 59.2899267096072
CLDPollen= 5.55289323907346
CLDNectar= 38.6784743866883
CA13Pollen= 3.87318731360137
CA13Nectar= 36.6677199117839
CA410Pollen= 8.52215730443131
CA410Nectar= 48.3293072134256
CA1120Pollen= 1.14568417263217
CA1120Nectar= 71.1253823526204
IPollenTrips= 9.52962391078472
INectarTrips= 7.89186988491565
IPollenLoad= 4.60336023475975
INectarLoad= 5.37252283422276
