ICQueenStrength= 1.30885594431311
RQWkrDrnRatio= 3.07975094858557
ICDroneMiteSurvivorship= 51.1387908831239
ICWorkerMiteSurvivorship= 19.0377667313442
ICForagerLifespan= 14.4779843920842
ImmType= Exponential
RQQueenStrength= 1.90529334964231
RQEnableReQueen= true
AIAdultSlope= 3.3678311612457
AIAdultLD50= 54.3324014237239
AIAdultSlopeContact= 1.40512107382528
AIAdultLD50Contact= 19.5114155050719
AILarvaSlope= 6.43344977125525
AILarvaLD50= 78.6391469535481
AIKOW= 60572.2232102656
AIKOC= 95486.5886018337
AIHalfLife= 6.15763424190227
EAppRate= 7.20311104431679
FoliarEnabled= true
FoliarAppDate= 06/07/1989
FoliarForageBegin= 06/05/1989
FoliarForageEnd= 06/28/1989
AIContactFactor= 0.40034233788494
CL4Pollen= 2.57062618620694
CL4Nectar= 9.00725033134222
CL5Pollen= 0.482414650730789
CL5Nectar= 13.4846749249846
CLDPollen= 1.26635773200542
CLDNectar= 52.8716961038299
CA13Pollen= 3.14607453467324
CA13Nectar= 96.9338789582253
CA410Pollen= 3.54331449195743
CA410Nectar= 124.112016889267
CA1120Pollen= 2.34525369526818
CA1120Nectar= 93.9468410424888
IPollenTrips= 7.57401504088193
INectarTrips= 6.84501179959625
IPollenLoad= 5.37019105162472
INectarLoad= 8.53742234408855
