ICQueenStrength= 1.21328660892323
RQWkrDrnRatio= 1.54984930157661
ICDroneMiteSurvivorship= 90.9587050788105
ICWorkerMiteSurvivorship= 39.1388477524742
ICForagerLifespan= 14.498629335314
ImmType= Sine
RQQueenStrength= 1.94897981849499
RQEnableReQueen= true
AIAdultSlope= 2.68683163076639
AIAdultLD50= 55.1585045519341
AIAdultSlopeContact= 5.33351101796143
AIAdultLD50Contact= 16.5106340257504
AILarvaSlope= 4.03284623101354
AILarvaLD50= 34.7117665541163
AIKOW= 41631.7570416657
AIKOC= 93385.170029389
AIHalfLife= 18.6465143771842
EAppRate= 4.99095135255973
FoliarEnabled= true
FoliarAppDate= 06/07/1989
FoliarForageBegin= 06/05/1989
FoliarForageEnd= 06/28/1989
AIContactFactor= 1.85356056905352
CL4Pollen= 1.84543499723077
CL4Nectar= 80.0112535711378
CL5Pollen= 5.64864068012685
CL5Nectar= 102.825044339988
CLDPollen= 5.38412501290441
CLDNectar= 117.619826097507
CA13Pollen= 8.11589731769636
CA13Nectar= 59.0695977583528
CA410Pollen= 5.14521210866515
CA410Nectar= 22.2449049679562
CA1120Pollen= 0.873518529580906
CA1120Nectar= 44.9154924228787
IPollenTrips= 13.2242217753083
INectarTrips= 11.3673761161044
IPollenLoad= 5.10793131310493
INectarLoad= 2.27609876077622
