ICQueenStrength= 5.33519205078483
RQWkrDrnRatio= 1.22307175956666
ICDroneMiteSurvivorship= 74.4126917794347
ICWorkerMiteSurvivorship= 49.7575626475736
ICForagerLifespan= 12.8431856082752
ImmType= Logarithmic
RQQueenStrength= 1.66904157050885
RQEnableReQueen= true
AIAdultSlope= 6.29590998776257
AIAdultLD50= 43.1120111246014
AIAdultSlopeContact= 1.93104189937003
AIAdultLD50Contact= 1.98662757975701
AILarvaSlope= 2.30115334130824
AILarvaLD50= 21.3182369223298
AIKOW= 98014.4736479915
AIKOC= 25742.1559845118
AIHalfLife= 3.07124410273973
EAppRate= 3.37422664570389
FoliarEnabled= true
FoliarAppDate= 06/07/1989
FoliarForageBegin= 06/05/1989
FoliarForageEnd= 06/28/1989
AIContactFactor= 0.392498259874992
CL4Pollen= 2.10818598233163
CL4Nectar= 76.6760663595051
CL5Pollen= 2.97036441508681
CL5Nectar= 106.717359367758
CLDPollen= 1.7038958449848
CLDNectar= 102.855704294052
CA13Pollen= 7.44254181468859
CA13Nectar= 46.7941209860146
CA410Pollen= 9.38301233968232
CA410Nectar= 51.5591991273686
CA1120Pollen= 0.530112238135189
CA1120Nectar= 69.2232446186244
IPollenTrips= 7.92934962315485
INectarTrips= 7.18724273378029
IPollenLoad= 4.99221839942038
INectarLoad= 4.24293947406113
ESoilP= 1.44229540112428
ESoilFoc= 0.0144143218921963
