ICQueenStrength= 4.04393845261075
RQWkrDrnRatio= 4.21165138110518
ICDroneMiteSurvivorship= 47.7012861287221
ICWorkerMiteSurvivorship= 18.0088050663471
ICForagerLifespan= 15.8931412314996
ImmType= Cosine
RQQueenStrength= 3.07033926504664
RQEnableReQueen= true
AIAdultSlope= 3.31782176531851
AIAdultLD50= 23.955659198628
AIAdultSlopeContact= 2.11296962830238
AIAdultLD50Contact= 14.0844112223343
AILarvaSlope= 1.09894565306604
AILarvaLD50= 70.9123860383406
AIKOW= 35491.9174234414
AIKOC= 55558.1675100278
AIHalfLife= 3.08600394923706
EAppRate= 6.80332706260542
FoliarEnabled= true
FoliarAppDate= 06/07/1989
FoliarForageBegin= 06/05/1989
FoliarForageEnd= 06/28/1989
AIContactFactor= 1.32799057601951
CL4Pollen= 1.75052062794566
CL4Nectar= 58.4841075586155
CL5Pollen= 5.08312878711149
CL5Nectar= 16.50525550358
CLDPollen= 0.956674553453922
CLDNectar= 19.250710029155
CA13Pollen= 4.32056840304285
CA13Nectar= 35.4903900064528
CA410Pollen= 9.16392263292801
CA410Nectar= 184.347590096295
CA1120Pollen= 0.930354959098622
CA1120Nectar= 24.2278486676514
IPollenTrips= 14.7697409219109
INectarTrips= 13.0425437982194
IPollenLoad= 3.08218358084559
INectarLoad= 1.09948259079829
ESoilP= 1.85769523517229
ESoilFoc= 0.0169492191160098
