ICQueenStrength= 3.48428112827241
RQWkrDrnRatio= 3.12433511577547
ICDroneMiteSurvivorship= 17.2872843453661
ICWorkerMiteSurvivorship= 14.3232964910567
ICForagerLifespan= 5.92434521950781
ImmType= Exponential
RQQueenStrength= 2.84815205750056
RQEnableReQueen= true
AIAdultSlope= 6.81903530471027
AIAdultLD50= 41.2661583918415
AIAdultSlopeContact= 6.80419452022761
AIAdultLD50Contact= 57.9520768166075
AILarvaSlope= 8.75176891312003
AILarvaLD50= 23.1665533279085
AIKOW= 46383.4010130158
AIKOC= 94263.2914502686
AIHalfLife= 22.5505802178755
EAppRate= 1.92132288180594
FoliarEnabled= true
FoliarAppDate= 06/07/1989
FoliarForageBegin= 06/05/1989
FoliarForageEnd= 06/28/1989
AIContactFactor= 0.710788204325363
CL4Pollen= 3.06037567928433
CL4Nectar= 93.5321863973513
CL5Pollen= 5.89000221155584
CL5Nectar= 34.6097908797674
CLDPollen= 1.73761750292033
CLDNectar= 88.7979780673049
CA13Pollen= 2.87146270861849
CA13Nectar= 97.1357143111527
CA410Pollen= 5.75143486363813
CA410Nectar= 175.717170452699
CA1120Pollen= 0.992027597967535
CA1120Nectar= 53.1643753871322
IPollenTrips= 13.7753228913061
INectarTrips= 6.34531175717711
IPollenLoad= 6.83888798812404
INectarLoad= 3.78406792879105
