ICQueenStrength= 3.51600897032768
RQWkrDrnRatio= 2.24839752633125
ICDroneMiteSurvivorship= 14.803086547181
ICWorkerMiteSurvivorship= 29.2208886006847
ICForagerLifespan= 9.80228998977691
ImmType= Polynomial
RQQueenStrength= 3.60210759472102
RQEnableReQueen=true
AIAdultSlope= 1.85404734313488
AIAdultLD50= 0.031591408112552
AIAdultSlopeContact= 4.15624590800144
AIAdultLD50Contact= 30.8146572014228
AILarvaSlope= 8.69554455392063
AILarvaLD50= 17.0444305637402
AIKOW= 64503.0208737212
AIKOC= 42549.3701851082
AIHalfLife= 13.6945107950363
EAppRate= 8.90130259425752
FoliarEnabled=true
FoliarAppDate= 07/01/1989
FoliarForageBegin= 07/01/1989
FoliarForageEnd= 07/14/1989
AIContactFactor= 1.99943093126174
CL4Pollen= 3.34948831051588
CL4Nectar= 36.9304955238476
CL5Pollen= 0.492074813693762
CL5Nectar= 100.588436645921
CLDPollen= 4.74735812935978
CLDNectar= 10.2250832598656
CA13Pollen= 5.50759909376502
CA13Nectar= 52.0864928327501
CA410Pollen= 6.71692267318722
CA410Nectar= 94.1993749141693
CA1120Pollen= 2.93308973545209
CA1120Nectar= 96.8448480591178
IPollenTrips= 10.7845095125958
INectarTrips= 13.3317227964289
IPollenLoad= 9.84368265839294
INectarLoad= 6.70985337113962
