ICQueenStrength= 4.06777057703584
RQWkrDrnRatio= 4.08211943507195
ICDroneMiteSurvivorship= 12.7906610025093
ICWorkerMiteSurvivorship= 78.4751054132357
ICForagerLifespan= 14.5214551519603
ImmType= Sine
RQQueenStrength= 4.06239402620122
RQEnableReQueen= true
AIAdultSlope= 6.02549521066248
AIAdultLD50= 24.0441127710834
AIAdultSlopeContact= 6.93597217206843
AIAdultLD50Contact= 67.9049148194485
AILarvaSlope= 5.23551881313324
AILarvaLD50= 98.9821304840967
AIKOW= 77311.4620579066
AIKOC= 63550.4942410642
AIHalfLife= 16.9411364806816
EAppRate= 5.88909764906741
FoliarEnabled= true
FoliarAppDate= 06/07/1989
FoliarForageBegin= 06/05/1989
FoliarForageEnd= 06/28/1989
AIContactFactor= 2.27177825651132
CL4Pollen= 1.99741420615464
CL4Nectar= 10.9502546256408
CL5Pollen= 1.48005617503077
CL5Nectar= 145.86996557191
CLDPollen= 3.58964931406081
CLDNectar= 23.7362437415868
CA13Pollen= 3.42753678122535
CA13Nectar= 93.6026200838387
CA410Pollen= 9.34138584714383
CA410Nectar= 98.2994870794937
CA1120Pollen= 0.75535352434963
CA1120Nectar= 50.1600767113268
IPollenTrips= 6.3327538757585
INectarTrips= 11.3492718711495
IPollenLoad= 1.59282951615751
INectarLoad= 2.35359389102086
ESoilP= 1.76432687230408
ESoilFoc= 0.00799969904473983
