ICQueenStrength= 3.13926873053424
RQWkrDrnRatio= 1.54909534752369
ICDroneMiteSurvivorship= 50.3178805345669
ICWorkerMiteSurvivorship= 16.3871765369549
ICForagerLifespan= 11.845258439891
ImmType= Sine
RQQueenStrength= 3.50978778582066
RQEnableReQueen= true
AIAdultSlope= 6.7470710426569
AIAdultLD50= 52.9982537799086
AIAdultSlopeContact= 2.25949706602842
AIAdultLD50Contact= 44.5103864382459
AILarvaSlope= 8.92955506965518
AILarvaLD50= 96.6038141787352
AIKOW= 39824.2831568411
AIKOC= 85140.3459496014
AIHalfLife= 11.3143876884598
EAppRate= 6.25274356113398
FoliarEnabled= true
FoliarAppDate= 06/07/1989
FoliarForageBegin= 06/05/1989
FoliarForageEnd= 06/28/1989
AIContactFactor= 2.35279672634788
CL4Pollen= 0.401926247403026
CL4Nectar= 42.0593625167385
CL5Pollen= 0.0620208447799087
CL5Nectar= 56.7057858570479
CLDPollen= 3.08123931381851
CLDNectar= 53.290929668583
CA13Pollen= 3.488395174779
CA13Nectar= 31.845225840807
CA410Pollen= 6.40769403183367
CA410Nectar= 182.432435443625
CA1120Pollen= 2.63415178796276
CA1120Nectar= 37.9754608310759
IPollenTrips= 6.49097697110847
INectarTrips= 8.1654715584591
IPollenLoad= 0.683174685109407
INectarLoad= 5.91605463298038
ESoilP= 1.26406872691587
ESoilFoc= 0.0157002027081326
