ICQueenStrength= 1.63759248354472
RQWkrDrnRatio= 2.16125888843089
ICDroneMiteSurvivorship= 44.4157635560259
ICWorkerMiteSurvivorship= 37.0948713738471
ICForagerLifespan= 8.25981124490499
ImmType= Cosine
RQQueenStrength= 4.8564733741805
RQEnableReQueen= true
AIAdultSlope= 1.80186020210385
AIAdultLD50= 50.741206638101
AIAdultSlopeContact= 1.17614353471436
AIAdultLD50Contact= 47.093199438533
AILarvaSlope= 8.49624165892601
AILarvaLD50= 42.9319956518323
AIKOW= 51551.3512558626
AIKOC= 41159.492243509
AIHalfLife= 22.1093690431211
EAppRate= 8.54680300126295
FoliarEnabled= true
FoliarAppDate= 06/07/1989
FoliarForageBegin= 06/05/1989
FoliarForageEnd= 06/28/1989
AIContactFactor= 1.49561387053225
CL4Pollen= 0.840361227281392
CL4Nectar= 32.7136338921264
CL5Pollen= 3.02553599467501
CL5Nectar= 123.69444121141
CLDPollen= 4.59014861751348
CLDNectar= 90.0399149162695
CA13Pollen= 4.69395827576518
CA13Nectar= 70.6899976357818
CA410Pollen= 3.49211200915743
CA410Nectar= 91.325511126779
CA1120Pollen= 0.909106956096366
CA1120Nectar= 44.9725810438395
IPollenTrips= 9.62571213487536
INectarTrips= 14.0202864143066
IPollenLoad= 4.12001180229709
INectarLoad= 1.50800349656492
