ICQueenStrength= 5.97252843226306
RQWkrDrnRatio= 2.37898815795779
ICDroneMiteSurvivorship= 54.9750981852412
ICWorkerMiteSurvivorship= 54.6360092237592
ICForagerLifespan= 8.5165967522189
ImmType= Cosine
RQQueenStrength= 2.35698932106607
RQEnableReQueen= true
AIAdultSlope= 4.35274546593428
AIAdultLD50= 39.6649683117384
AIAdultSlopeContact= 8.50238220742904
AIAdultLD50Contact= 58.3981162647644
AILarvaSlope= 6.84772593528032
AILarvaLD50= 34.2969710826464
AIKOW= 57158.4665682866
AIKOC= 57638.5697647391
AIHalfLife= 21.4603162467014
EAppRate= 7.14228637782042
FoliarEnabled= true
FoliarAppDate= 06/07/1989
FoliarForageBegin= 06/05/1989
FoliarForageEnd= 06/28/1989
AIContactFactor= 1.85224520592019
CL4Pollen= 3.76323426607996
CL4Nectar= 1.670982548967
CL5Pollen= 4.21416518557817
CL5Nectar= 115.227499615867
CLDPollen= 4.12198551138863
CLDNectar= 89.8589260876179
CA13Pollen= 3.19913075659424
CA13Nectar= 80.6463583558798
CA410Pollen= 5.65618839883246
CA410Nectar= 26.089745098725
CA1120Pollen= 0.321700916625559
CA1120Nectar= 51.5727942250669
IPollenTrips= 13.9969649421982
INectarTrips= 7.37065966473892
IPollenLoad= 3.06897891918197
INectarLoad= 1.7448868881911
