ICQueenStrength= 4.71724567376077
RQWkrDrnRatio= 1.78666017856449
ICDroneMiteSurvivorship= 87.0832646964118
ICWorkerMiteSurvivorship= 28.6961287725717
ICForagerLifespan= 15.9651134768501
ImmType= Polynomial
RQQueenStrength= 3.61439256486483
RQEnableReQueen= true
AIAdultSlope= 3.95218852162361
AIAdultLD50= 0.865901424205629
AIAdultSlopeContact= 4.32638865802437
AIAdultLD50Contact= 53.9284168461377
AILarvaSlope= 8.50013409182429
AILarvaLD50= 89.1121450891914
AIKOW= 78553.3356972209
AIKOC= 64980.7311783507
AIHalfLife= 22.3418974876171
EAppRate= 6.2016734532041
FoliarEnabled= true
FoliarAppDate= 09/01/1989
FoliarForageBegin= 09/01/1989
FoliarForageEnd= 09/08/1989
AIContactFactor= 2.01263006048743
CL4Pollen= 0.155285931192338
CL4Nectar= 25.6990163121372
CL5Pollen= 1.42489866446704
CL5Nectar= 71.2092924281023
CLDPollen= 0.0981380799785256
CLDNectar= 49.6454598382115
CA13Pollen= 6.26811501272023
CA13Nectar= 33.6191042512655
CA410Pollen= 3.17072083102539
CA410Nectar= 63.0642572557554
CA1120Pollen= 2.24890639982186
CA1120Nectar= 49.7723760455847
IPollenTrips= 11.1713697994128
INectarTrips= 11.9457949814387
IPollenLoad= 9.15736755821854
INectarLoad= 4.71377234905958
