ICQueenStrength= 5.32624126086012
RQWkrDrnRatio= 2.16075741313398
ICDroneMiteSurvivorship= 25.942308572121
ICWorkerMiteSurvivorship= 63.9883294235915
ICForagerLifespan= 12.9514403408393
ImmType= Tangent
RQQueenStrength= 2.61279132822528
RQEnableReQueen= true
AIAdultSlope= 1.76278804428875
AIAdultLD50= 46.0407894928055
AIAdultSlopeContact= 4.05030798725784
AIAdultLD50Contact= 29.00148758045
AILarvaSlope= 5.49928375333548
AILarvaLD50= 36.2876471951792
AIKOW= 20006.2387988582
AIKOC= 32636.0746257699
AIHalfLife= 34.327836686396
EAppRate= 1.49530304010049
FoliarEnabled= true
FoliarAppDate= 06/07/1989
FoliarForageBegin= 06/05/1989
FoliarForageEnd= 06/28/1989
AIContactFactor= 1.51630787494127
CL4Pollen= 0.849604330025613
CL4Nectar= 54.7408188693225
CL5Pollen= 4.85624806489795
CL5Nectar= 78.276304656174
CLDPollen= 1.31800516974181
CLDNectar= 52.533223782666
CA13Pollen= 4.07818143516779
CA13Nectar= 87.0330413989723
CA410Pollen= 7.63230951458681
CA410Nectar= 44.5827032392845
CA1120Pollen= 1.08278139168397
CA1120Nectar= 49.0644926019013
IPollenTrips= 14.207294464577
INectarTrips= 9.98798216925934
IPollenLoad= 4.25827421015128
INectarLoad= 8.08822148246691
