ICQueenStrength= 4.78282642224804
RQWkrDrnRatio= 4.46642970480025
ICDroneMiteSurvivorship= 77.0922159776092
ICWorkerMiteSurvivorship= 59.1583853820339
ICForagerLifespan= 8.07944364938885
ImmType= Logarithmic
RQQueenStrength= 2.33472236222588
RQEnableReQueen= true
AIAdultSlope= 6.20418526232243
AIAdultLD50= 26.609262204661
AIAdultSlopeContact= 2.48442802135833
AIAdultLD50Contact= 34.9593595839501
AILarvaSlope= 4.49721692688763
AILarvaLD50= 79.6584713204627
AIKOW= 21713.2923481726
AIKOC= 90442.0451063528
AIHalfLife= 8.623913607141
EAppRate= 3.31403643979505
FoliarEnabled= true
FoliarAppDate= 06/07/1989
FoliarForageBegin= 06/05/1989
FoliarForageEnd= 06/28/1989
AIContactFactor= 2.12240855859127
CL4Pollen= 1.5331248100847
CL4Nectar= 50.0205248827115
CL5Pollen= 2.37128945393488
CL5Nectar= 53.1688475981355
CLDPollen= 5.93512134812772
CLDNectar= 82.3078842018731
CA13Pollen= 2.40498437341303
CA13Nectar= 91.0742885805666
CA410Pollen= 4.41741539733484
CA410Nectar= 68.5314670484513
CA1120Pollen= 0.997304562013596
CA1120Nectar= 74.8333196341991
IPollenTrips= 14.5338229159825
INectarTrips= 5.56921145413071
IPollenLoad= 2.15439600637183
INectarLoad= 0.472404579631984
ESoilP= 1.12769844452851
ESoilFoc= 0.0168974505609367
