ICQueenStrength= 3.53574749687687
RQWkrDrnRatio= 3.78162253089249
ICDroneMiteSurvivorship= 6.66068131104112
ICWorkerMiteSurvivorship= 3.15999237354845
ICForagerLifespan= 12.4560251515359
ImmType= Exponential
RQQueenStrength= 5.20992969418876
RQEnableReQueen= true
AIAdultSlope= 8.9756340123713
AIAdultLD50= 0.327252086859196
AIAdultSlopeContact= 5.33396972808987
AIAdultLD50Contact= 83.5714455479982
AILarvaSlope= 1.31156937591732
AILarvaLD50= 39.4382945800789
AIKOW= 88640.6822313532
AIKOC= 58216.7993748439
AIHalfLife= 33.7152202224592
EAppRate= 5.26097197798011
FoliarEnabled= true
FoliarAppDate= 09/01/1989
FoliarForageBegin= 09/01/1989
FoliarForageEnd= 09/08/1989
AIContactFactor= 1.88779545706231
CL4Pollen= 0.0695407297462225
CL4Nectar= 34.6149527700618
CL5Pollen= 4.71031498722732
CL5Nectar= 114.424264698755
CLDPollen= 3.10330089228228
CLDNectar= 29.2605125927366
CA13Pollen= 6.12414587503299
CA13Nectar= 91.1727696470916
CA410Pollen= 6.1772812216077
CA410Nectar= 49.9397848825902
CA1120Pollen= 0.105897865025327
CA1120Nectar= 23.7124142982066
IPollenTrips= 13.6249775998294
INectarTrips= 9.34198409784585
IPollenLoad= 2.5864392821677
INectarLoad= 2.30688942596316
