ICQueenStrength= 5.44335515261628
RQWkrDrnRatio= 4.24989038798958
ICDroneMiteSurvivorship= 49.9040361726657
ICWorkerMiteSurvivorship= 46.1405004840344
ICForagerLifespan= 6.05564079247415
ImmType= Sine
RQQueenStrength= 2.82227088254876
RQEnableReQueen= true
AIAdultSlope= 2.23084864206612
AIAdultLD50= 52.7606719019781
AIAdultSlopeContact= 6.41678415425122
AIAdultLD50Contact= 53.8604294879551
AILarvaSlope= 3.9586069136858
AILarvaLD50= 42.270321886891
AIKOW= 92324.6638142811
AIKOC= 18091.1658780691
AIHalfLife= 27.6186302633025
EAppRate= 5.73558956466359
FoliarEnabled= true
FoliarAppDate= 06/07/1989
FoliarForageBegin= 06/05/1989
FoliarForageEnd= 06/28/1989
AIContactFactor= 2.13764385676943
CL4Pollen= 3.53070454020053
CL4Nectar= 31.6973817301914
CL5Pollen= 1.45828010933474
CL5Nectar= 40.055914549157
CLDPollen= 0.630574654787779
CLDNectar= 18.48749112105
CA13Pollen= 7.84306516386568
CA13Nectar= 20.476197861135
CA410Pollen= 5.5103256958304
CA410Nectar= 117.499499740079
CA1120Pollen= 1.66684887930751
CA1120Nectar= 78.2376418076456
IPollenTrips= 11.8494241079316
INectarTrips= 6.85929796658456
IPollenLoad= 5.39818418212235
INectarLoad= 7.83069084165618
ESoilP= 1.37044676812366
ESoilFoc= 0.0190578383351676
