ICQueenStrength= 4.36719015729614
RQWkrDrnRatio= 4.08300667442381
ICDroneMiteSurvivorship= 32.4080800404772
ICWorkerMiteSurvivorship= 25.4437574883923
ICForagerLifespan= 10.5203555058688
ImmType= Logarithmic
RQQueenStrength= 1.23650790564716
RQEnableReQueen= true
AIAdultSlope= 3.13969511911273
AIAdultLD50= 0.997559061331209
AIAdultSlopeContact= 2.26999985054135
AIAdultLD50Contact= 92.654803646015
AILarvaSlope= 5.4195419754833
AILarvaLD50= 96.1046788153341
AIKOW= 85127.1130116323
AIKOC= 60675.6030784168
AIHalfLife= 7.54556403413881
EAppRate= 1.55104403194808
FoliarEnabled= true
FoliarAppDate= 09/01/1989
FoliarForageBegin= 09/01/1989
FoliarForageEnd= 09/08/1989
AIContactFactor= 1.60092911627144
CL4Pollen= 1.73758997581899
CL4Nectar= 8.42162801418453
CL5Pollen= 3.97815746068954
CL5Nectar= 17.7716886741109
CLDPollen= 0.0549911144189537
CLDNectar= 39.5722427638248
CA13Pollen= 4.88990117544308
CA13Nectar= 64.128082562238
CA410Pollen= 3.70441642897204
CA410Nectar= 63.361686617136
CA1120Pollen= 1.31873810361139
CA1120Nectar= 53.1624439358711
IPollenTrips= 14.041427182965
INectarTrips= 5.49955538241193
IPollenLoad= 7.69140484975651
INectarLoad= 0.532882586121559
