ICQueenStrength= 4.97082263953052
RQWkrDrnRatio= 3.11802714504302
ICDroneMiteSurvivorship= 46.6332335723564
ICWorkerMiteSurvivorship= 64.0261063585058
ICForagerLifespan= 6.42155508883297
ImmType= Tangent
RQQueenStrength= 4.43251383746974
RQEnableReQueen= true
AIAdultSlope= 5.59434319660068
AIAdultLD50= 71.4431542482811
AIAdultSlopeContact= 6.46825971826911
AIAdultLD50Contact= 52.7022013546196
AILarvaSlope= 2.89686013944447
AILarvaLD50= 2.50450850961474
AIKOW= 95399.7292266696
AIKOC= 5059.68679119367
AIHalfLife= 14.0682411480462
EAppRate= 8.4735674674965
FoliarEnabled= true
FoliarAppDate= 06/07/1989
FoliarForageBegin= 06/05/1989
FoliarForageEnd= 06/28/1989
AIContactFactor= 2.09352891661692
CL4Pollen= 2.96558528859168
CL4Nectar= 35.1185123436153
CL5Pollen= 5.88062179181725
CL5Nectar= 104.748305061366
CLDPollen= 2.89579025516286
CLDNectar= 52.9038967215456
CA13Pollen= 3.19692964786664
CA13Nectar= 64.8120017908514
CA410Pollen= 9.22830864898861
CA410Nectar= 42.1853922214359
CA1120Pollen= 0.272363771684468
CA1120Nectar= 89.662046097219
IPollenTrips= 7.73343253647909
INectarTrips= 13.5411520116031
IPollenLoad= 1.41111864941195
INectarLoad= 9.8965973011218
ESoilP= 1.82316516945139
ESoilFoc= 0.0113537752479315
