ICQueenStrength= 3.02615046408027
RQWkrDrnRatio= 3.05466554593295
ICDroneMiteSurvivorship= 6.14265550393611
ICWorkerMiteSurvivorship= 33.4800119511783
ICForagerLifespan= 9.2500099632889
ImmType= Logarithmic
RQQueenStrength= 5.26401084172539
RQEnableReQueen= true
AIAdultSlope= 1.09226459264755
AIAdultLD50= 61.9788763604956
AIAdultSlopeContact= 7.44746539113112
AIAdultLD50Contact= 88.2776289193516
AILarvaSlope= 7.93784917518497
AILarvaLD50= 76.5147217305163
AIKOW= 80462.0842662341
AIKOC= 39305.0865858677
AIHalfLife= 26.0717709258432
EAppRate= 2.54620024999278
FoliarEnabled= true
FoliarAppDate= 06/07/1989
FoliarForageBegin= 06/05/1989
FoliarForageEnd= 06/28/1989
AIContactFactor= 0.365553759150207
CL4Pollen= 3.96994864754379
CL4Nectar= 94.6954854764044
CL5Pollen= 3.61940350849181
CL5Nectar= 68.3229928370565
CLDPollen= 5.9174062195234
CLDNectar= 147.098509012721
CA13Pollen= 4.94495274433866
CA13Nectar= 57.2576273232698
CA410Pollen= 8.66891050883569
CA410Nectar= 52.6812489656731
CA1120Pollen= 0.303543123649433
CA1120Nectar= 43.0616364069283
IPollenTrips= 5.30438659247011
INectarTrips= 8.72388072544709
IPollenLoad= 5.91185638913885
INectarLoad= 8.92854661913589
ESoilP= 1.47659276821651
ESoilFoc= 0.00771930425707251
