ICQueenStrength= 2.38077336247079
RQWkrDrnRatio= 4.09360401704907
ICDroneMiteSurvivorship= 9.74904650356621
ICWorkerMiteSurvivorship= 94.551767106168
ICForagerLifespan= 15.1247384976596
ImmType= Tangent
RQQueenStrength= 5.2214846983552
RQEnableReQueen= true
AIAdultSlope= 2.6127050742507
AIAdultLD50= 0.498329759131186
AIAdultSlopeContact= 4.15467900340445
AIAdultLD50Contact= 68.8136430357646
AILarvaSlope= 5.46389408409595
AILarvaLD50= 77.5771416174399
AIKOW= 71195.4811987113
AIKOC= 34634.3675303767
AIHalfLife= 15.9338248506421
EAppRate= 9.28162049327651
FoliarEnabled= true
FoliarAppDate= 09/01/1989
FoliarForageBegin= 09/01/1989
FoliarForageEnd= 09/08/1989
AIContactFactor= 0.297209494216368
CL4Pollen= 2.5940755866468
CL4Nectar= 67.3658387036994
CL5Pollen= 2.36243438255042
CL5Nectar= 63.1784571683966
CLDPollen= 0.908912622369826
CLDNectar= 145.686923526227
CA13Pollen= 3.534464692045
CA13Nectar= 81.4795746281743
CA410Pollen= 7.71856042768341
CA410Nectar= 127.107403269038
CA1120Pollen= 1.3845016064588
CA1120Nectar= 52.095784638077
IPollenTrips= 11.964656652417
INectarTrips= 13.6331004975364
IPollenLoad= 4.58135105669498
INectarLoad= 2.11379500338808
