ICQueenStrength= 1.39696427294984
RQWkrDrnRatio= 3.19807674083859
ICDroneMiteSurvivorship= 59.1313089709729
ICWorkerMiteSurvivorship= 88.3249381789938
ICForagerLifespan= 6.32241177000105
ImmType= Tangent
RQQueenStrength= 3.26723925443366
RQEnableReQueen= true
AIAdultSlope= 6.09593109041452
AIAdultLD50= 19.3013454357819
AIAdultSlopeContact= 6.87590631609783
AIAdultLD50Contact= 54.3798478530275
AILarvaSlope= 3.24133265577257
AILarvaLD50= 72.651275906363
AIKOW= 36105.7529091772
AIKOC= 33629.8011492102
AIHalfLife= 32.6646551938727
EAppRate= 2.83436359958537
FoliarEnabled= true
FoliarAppDate= 06/07/1989
FoliarForageBegin= 06/05/1989
FoliarForageEnd= 06/28/1989
AIContactFactor= 2.31395750284661
CL4Pollen= 0.131554479710758
CL4Nectar= 79.0208548074588
CL5Pollen= 2.39012714987621
CL5Nectar= 44.5834176731296
CLDPollen= 1.28185164090246
CLDNectar= 130.13521033572
CA13Pollen= 4.48211681125686
CA13Nectar= 34.6348691545427
CA410Pollen= 3.56902560726739
CA410Nectar= 37.2117594303563
CA1120Pollen= 0.364624113310128
CA1120Nectar= 83.609309066087
IPollenTrips= 9.76543392054737
INectarTrips= 10.493284848053
IPollenLoad= 1.6238720738329
INectarLoad= 5.10370278730989
