ICQueenStrength= 1.23380632861517
RQWkrDrnRatio= 3.88130343984812
ICDroneMiteSurvivorship= 38.5655062040314
ICWorkerMiteSurvivorship= 23.0816672090441
ICForagerLifespan= 13.5892808036879
ImmType= Exponential
RQQueenStrength= 2.09435993712395
RQEnableReQueen= true
AIAdultSlope= 7.74292444624007
AIAdultLD50= 98.0699154542128
AIAdultSlopeContact= 4.76099125319161
AIAdultLD50Contact= 86.1039333365595
AILarvaSlope= 5.05620112270117
AILarvaLD50= 84.0543705659029
AIKOW= 32412.3599400449
AIKOC= 1902.41781557119
AIHalfLife= 10.4685108495411
EAppRate= 2.16767674862663
FoliarEnabled= true
FoliarAppDate= 06/07/1989
FoliarForageBegin= 06/05/1989
FoliarForageEnd= 06/28/1989
AIContactFactor= 2.2529695137823
CL4Pollen= 3.036711005494
CL4Nectar= 72.1158365020528
CL5Pollen= 0.778101461939514
CL5Nectar= 63.2253089686856
CLDPollen= 5.42364501440898
CLDNectar= 1.63583894027397
CA13Pollen= 6.68489237809554
CA13Nectar= 53.8679700903594
CA410Pollen= 7.00881837019697
CA410Nectar= 67.5873293913901
CA1120Pollen= 1.9899994530715
CA1120Nectar= 20.8738020248711
IPollenTrips= 10.1086070504971
INectarTrips= 6.25586966052651
IPollenLoad= 4.88398273475468
INectarLoad= 3.58975496375933
