ICQueenStrength= 1.71970054181293
RQWkrDrnRatio= 4.3732232330367
ICDroneMiteSurvivorship= 76.6908334102482
ICWorkerMiteSurvivorship= 41.2299211369827
ICForagerLifespan= 7.81385972257704
ImmType= Tangent
RQQueenStrength= 1.90687489137053
RQEnableReQueen= true
AIAdultSlope= 3.01778548024595
AIAdultLD50= 50.0980352271581
AIAdultSlopeContact= 3.26407135673799
AIAdultLD50Contact= 59.2247748282037
AILarvaSlope= 3.45193169079721
AILarvaLD50= 62.9294293198755
AIKOW= 28593.7142951342
AIKOC= 83765.2260868817
AIHalfLife= 1.32211179588921
EAppRate= 0.853278934879229
FoliarEnabled= true
FoliarAppDate= 06/07/1989
FoliarForageBegin= 06/05/1989
FoliarForageEnd= 06/28/1989
AIContactFactor= 0.727577313776128
CL4Pollen= 0.337444161064923
CL4Nectar= 95.0264855986461
CL5Pollen= 5.36329442309216
CL5Nectar= 9.2824617982842
CLDPollen= 0.564273433294147
CLDNectar= 35.5740290950052
CA13Pollen= 7.18572841798887
CA13Nectar= 46.7883700877428
CA410Pollen= 3.14885930442251
CA410Nectar= 124.901861646213
CA1120Pollen= 0.00701288762502372
CA1120Nectar= 62.1905023604631
IPollenTrips= 8.8356456742622
INectarTrips= 12.6335655292496
IPollenLoad= 5.35335610387847
INectarLoad= 1.07010564301163
ESoilP= 1.98038120917045
ESoilFoc= 0.00247856820188463
