ICQueenStrength= 2.27833912498318
RQWkrDrnRatio= 2.96169415768236
ICDroneMiteSurvivorship= 88.7403215514496
ICWorkerMiteSurvivorship= 16.0808288492262
ICForagerLifespan= 15.420087476261
ImmType= Cosine
RQQueenStrength= 3.73920305073261
RQEnableReQueen= true
AIAdultSlope= 5.14132170937955
AIAdultLD50= 71.786606094837
AIAdultSlopeContact= 7.06856564921327
AIAdultLD50Contact= 75.9497172809455
AILarvaSlope= 3.87459433078766
AILarvaLD50= 36.5946023185567
AIKOW= 76190.8697723282
AIKOC= 63483.3486503728
AIHalfLife= 23.4991932250327
EAppRate= 1.46756155437557
FoliarEnabled= true
FoliarAppDate= 06/07/1989
FoliarForageBegin= 06/05/1989
FoliarForageEnd= 06/28/1989
AIContactFactor= 0.860942394351587
CL4Pollen= 0.88569047767669
CL4Nectar= 23.9711727714166
CL5Pollen= 0.829882961232215
CL5Nectar= 116.802542761434
CLDPollen= 5.54884027456865
CLDNectar= 22.1361067495309
CA13Pollen= 6.2644637523219
CA13Nectar= 82.1126299723983
CA410Pollen= 3.4249704813119
CA410Nectar= 91.0488840565085
CA1120Pollen= 1.17264913022518
CA1120Nectar= 89.7876423597336
IPollenTrips= 9.00552107254043
INectarTrips= 5.16535899369046
IPollenLoad= 5.33238725503907
INectarLoad= 6.50572656886652
ESoilP= 1.58757875440642
ESoilFoc= 0.00154975367197767
