ICQueenStrength= 4.36785934283398
RQWkrDrnRatio= 1.91174151282758
ICDroneMiteSurvivorship= 42.1155207557604
ICWorkerMiteSurvivorship= 69.8969077551737
ICForagerLifespan= 13.8091851994395
ImmType= Exponential
RQQueenStrength= 2.22246904182248
RQEnableReQueen= true
AIAdultSlope= 6.49803423695266
AIAdultLD50= 90.889578939769
AIAdultSlopeContact= 1.3694635105785
AIAdultLD50Contact= 35.4594407425339
AILarvaSlope= 5.42842736840248
AILarvaLD50= 41.1235578007123
AIKOW= 86597.8803150745
AIKOC= 51802.9075744697
AIHalfLife= 26.8122856176458
EAppRate= 4.15637845111801
FoliarEnabled= true
FoliarAppDate= 06/07/1989
FoliarForageBegin= 06/05/1989
FoliarForageEnd= 06/28/1989
AIContactFactor= 0.438163380995393
CL4Pollen= 0.437791359610856
CL4Nectar= 61.7152223130688
CL5Pollen= 2.49633435532451
CL5Nectar= 8.95346329780295
CLDPollen= 0.776806069537997
CLDNectar= 144.956977141555
CA13Pollen= 3.5980716066435
CA13Nectar= 58.0778064765036
CA410Pollen= 5.44432331998833
CA410Nectar= 54.3677217466757
CA1120Pollen= 0.660326600074768
CA1120Nectar= 78.7610949575901
IPollenTrips= 13.3908653119579
INectarTrips= 12.1261172299273
IPollenLoad= 0.23324288893491
INectarLoad= 4.67095975065604
