ICQueenStrength= 2.1771098524332
RQWkrDrnRatio= 3.54572460800409
ICDroneMiteSurvivorship= 41.4140661014244
ICWorkerMiteSurvivorship= 10.7481715967879
ICForagerLifespan= 12.6994681078941
ImmType= Exponential
RQQueenStrength= 2.53540169913322
RQEnableReQueen=true
AIAdultSlope= 6.48488068580627
AIAdultLD50= 0.684612273682375
AIAdultSlopeContact= 7.13571202359162
AIAdultLD50Contact= 66.7965332493882
AILarvaSlope= 2.99072411283851
AILarvaLD50= 62.882264403288
AIKOW= 4997.77002333458
AIKOC= 5773.64450591221
AIHalfLife= 32.0022261697566
EAppRate= 6.92774882628513
FoliarEnabled=true
FoliarAppDate= 07/01/1989
FoliarForageBegin= 07/01/1989
FoliarForageEnd= 07/14/1989
AIContactFactor= 2.18634084485471
CL4Pollen= 3.17911392450333
CL4Nectar= 28.6475438857451
CL5Pollen= 4.24566775280982
CL5Nectar= 58.2650494761765
CLDPollen= 5.62684160331264
CLDNectar= 81.0526148881763
CA13Pollen= 3.06172948684543
CA13Nectar= 66.0604899376631
CA410Pollen= 4.3135941835586
CA410Nectar= 111.889875084162
CA1120Pollen= 0.532316892407835
CA1120Nectar= 33.2355610094965
IPollenTrips= 6.34050271939486
INectarTrips= 10.2818164112978
IPollenLoad= 8.43785447767004
INectarLoad= 2.19746156129986
