ICQueenStrength= 4.59114629100077
RQWkrDrnRatio= 1.6884244363755
ICDroneMiteSurvivorship= 83.6001821327955
ICWorkerMiteSurvivorship= 81.0043477453291
ICForagerLifespan= 11.1496312394738
ImmType= Logarithmic
RQQueenStrength= 3.35736336791888
RQEnableReQueen= true
AIAdultSlope= 7.65507682040334
AIAdultLD50= 53.0875716576362
AIAdultSlopeContact= 5.92829362885095
AIAdultLD50Contact= 10.3263919918453
AILarvaSlope= 8.31968886032701
AILarvaLD50= 13.7676096265209
AIKOW= 87666.8318400755
AIKOC= 35056.9738097556
AIHalfLife= 19.7467566959327
EAppRate= 5.88910034497664
FoliarEnabled= true
FoliarAppDate= 06/07/1989
FoliarForageBegin= 06/05/1989
FoliarForageEnd= 06/28/1989
AIContactFactor= 1.25769606316462
CL4Pollen= 1.09632942266762
CL4Nectar= 57.000876753591
CL5Pollen= 0.370232293847948
CL5Nectar= 126.731694478076
CLDPollen= 5.07343184994534
CLDNectar= 56.9245069753379
CA13Pollen= 5.47436139853671
CA13Nectar= 72.0648455061018
CA410Pollen= 2.75587459963281
CA410Nectar= 25.3281611856073
CA1120Pollen= 1.99803635920398
CA1120Nectar= 78.9718640595675
IPollenTrips= 7.89217494660988
INectarTrips= 12.1616020426154
IPollenLoad= 3.54557115351781
INectarLoad= 9.90068107144907
ESoilP= 1.70429543848149
ESoilFoc= 0.00237293965579011
