ICQueenStrength= 1.16780113219284
RQWkrDrnRatio= 3.2246444830671
ICDroneMiteSurvivorship= 55.184959480539
ICWorkerMiteSurvivorship= 28.231027116999
ICForagerLifespan= 8.59336665924639
ImmType= Sine
AIAdultSlope= 2.81891579766059
AIAdultLD50= 0.0266922275535762
AIAdultSlopeContact= 0.792310655205511
AIAdultLD50Contact= 0.0296601042035036
AILarvaSlope= 0.360779163148254
AILarvaLD50= 0.878420676081441
AIKOW= 4.43254192918539
AIKOC= 20.7920685480349
AIHalfLife= 0.485668145050295
EAppRate= 7.95203919755295
FoliarEnabled= true
