ICQueenStrength= 3.79993730364367
RQWkrDrnRatio= 3.62097781803459
ICDroneMiteSurvivorship= 37.7602111315355
ICWorkerMiteSurvivorship= 49.1573271341622
ICForagerLifespan= 9.65301181189716
ImmType= Polynomial
RQQueenStrength= 1.4189889319241
RQEnableReQueen= true
AIAdultSlope= 4.31647847220302
AIAdultLD50= 19.7952505671899
AIAdultSlopeContact= 7.43139011203311
AIAdultLD50Contact= 61.8635362165577
AILarvaSlope= 8.43749592266977
AILarvaLD50= 86.387921180618
AIKOW= 29605.2816170976
AIKOC= 72509.7342416949
AIHalfLife= 4.31480085649528
EAppRate= 8.4837569078845
FoliarEnabled= true
FoliarAppDate= 06/07/1989
FoliarForageBegin= 06/05/1989
FoliarForageEnd= 06/28/1989
AIContactFactor= 1.63719668542966
CL4Pollen= 3.33957225177437
CL4Nectar= 85.1196833653376
CL5Pollen= 2.94798548519611
CL5Nectar= 113.330050266813
CLDPollen= 4.66039808141068
CLDNectar= 148.740297288168
CA13Pollen= 7.69716941919178
CA13Nectar= 34.7357885539532
CA410Pollen= 7.21087742289528
CA410Nectar= 165.142582198605
CA1120Pollen= 1.06043492280878
CA1120Nectar= 77.9542320221663
IPollenTrips= 5.77628306113183
INectarTrips= 6.17881865939125
IPollenLoad= 6.04764878982678
INectarLoad= 9.9506010953337
