ICQueenStrength= 1.58906892430969
RQWkrDrnRatio= 3.17505728080869
ICDroneMiteSurvivorship= 50.6243003066629
ICWorkerMiteSurvivorship= 32.9900204204023
ICForagerLifespan= 14.1101610083133
ImmType= Exponential
RQQueenStrength= 3.59807026828639
RQEnableReQueen= true
AIAdultSlope= 1.63227903097868
AIAdultLD50= 31.9264886584801
AIAdultSlopeContact= 9.3487758974079
AIAdultLD50Contact= 87.6707408677188
AILarvaSlope= 3.92154687270522
AILarvaLD50= 34.2019559193251
AIKOW= 96552.9571474748
AIKOC= 14897.8061620018
AIHalfLife= 6.94376565311104
EAppRate= 7.21712307680235
FoliarEnabled= true
FoliarAppDate= 06/07/1989
FoliarForageBegin= 06/05/1989
FoliarForageEnd= 06/28/1989
AIContactFactor= 1.24304797300138
CL4Pollen= 0.0437843827530742
CL4Nectar= 23.7120467005298
CL5Pollen= 0.511213540099561
CL5Nectar= 37.5125452294014
CLDPollen= 0.442461275495589
CLDNectar= 28.584404324647
CA13Pollen= 7.05354293417185
CA13Nectar= 66.6017195209861
CA410Pollen= 3.36960719288327
CA410Nectar= 194.130501518957
CA1120Pollen= 0.00455173244699836
CA1120Nectar= 79.8432761058211
IPollenTrips= 6.30064541241154
INectarTrips= 8.45365857705474
IPollenLoad= 3.04885396966711
INectarLoad= 7.85073124803603
