ICQueenStrength= 4.63639969960786
RQWkrDrnRatio= 3.1812445204705
ICDroneMiteSurvivorship= 21.3386123999953
ICWorkerMiteSurvivorship= 81.452042912133
ICForagerLifespan= 4.16306841745973
ImmType= Tangent
AIAdultSlope= 3.20555801613489
AIAdultLD50= 0.194071214459836
AIAdultSlopeContact= 2.79842350804713
AIAdultLD50Contact= 0.043568917689845
AILarvaSlope= 0.0569379291497171
AILarvaLD50= 0.764444022788666
AIKOW= 5.62182290200144
AIKOC= 24.0100696112495
AIHalfLife= 0.151827963371761
EAppRate= 5.81700951093808
FoliarEnabled= true
