ICQueenStrength= 5.58361353259534
RQWkrDrnRatio= 4.66636892315
ICDroneMiteSurvivorship= 59.2843597522005
ICWorkerMiteSurvivorship= 47.0013178884983
ICForagerLifespan= 6.81200813874602
ImmType= Cosine
RQQueenStrength= 4.3272220089566
RQEnableReQueen= true
AIAdultSlope= 7.78514799103141
AIAdultLD50= 71.1795152031758
AIAdultSlopeContact= 9.91399278864264
AIAdultLD50Contact= 91.1977379950823
AILarvaSlope= 3.93947465531528
AILarvaLD50= 18.5680559394744
AIKOW= 17743.3696642884
AIKOC= 17723.9023304603
AIHalfLife= 20.3643237239681
EAppRate= 6.4215106012309
FoliarEnabled= true
FoliarAppDate= 06/07/1989
FoliarForageBegin= 06/05/1989
FoliarForageEnd= 06/28/1989
AIContactFactor= 1.4475099405041
CL4Pollen= 2.73166748788208
CL4Nectar= 97.5377591559663
CL5Pollen= 1.67225373443216
CL5Nectar= 13.8210456585512
CLDPollen= 0.573309781495482
CLDNectar= 63.4975819615647
CA13Pollen= 4.59631296927109
CA13Nectar= 67.5143913179636
CA410Pollen= 8.89441192324739
CA410Nectar= 93.3833077084273
CA1120Pollen= 2.1040477284696
CA1120Nectar= 43.6972934007645
IPollenTrips= 6.71627619303763
INectarTrips= 9.09550529671833
IPollenLoad= 7.26867370540276
INectarLoad= 1.08715452253819
ESoilP= 1.13752581272274
ESoilFoc= 0.0166585035161115
