ICQueenStrength= 4.29950031125918
RQWkrDrnRatio= 4.69921776093543
ICDroneMiteSurvivorship= 87.4945014249533
ICWorkerMiteSurvivorship= 49.2964593227953
ICForagerLifespan= 13.9761961176991
ImmType= Cosine
RQQueenStrength= 5.48770648916252
RQEnableReQueen= true
AIAdultSlope= 8.4422963205725
AIAdultLD50= 32.1002857526029
AIAdultSlopeContact= 1.27138100471348
AIAdultLD50Contact= 59.6319047766332
AILarvaSlope= 3.09300159662962
AILarvaLD50= 19.1056605708243
AIKOW= 49564.8921145397
AIKOC= 78398.5833365142
AIHalfLife= 1.47186952689663
EAppRate= 5.95587783049722
FoliarEnabled= true
FoliarAppDate= 06/07/1989
FoliarForageBegin= 06/05/1989
FoliarForageEnd= 06/28/1989
AIContactFactor= 2.0686680762656
CL4Pollen= 3.30052956100553
CL4Nectar= 48.1551993405446
CL5Pollen= 5.06142531009391
CL5Nectar= 117.31023582397
CLDPollen= 4.99167565209791
CLDNectar= 112.101667653769
CA13Pollen= 4.21574320159852
CA13Nectar= 33.8370356522501
CA410Pollen= 2.59308783358429
CA410Nectar= 138.05843276903
CA1120Pollen= 0.0832007979042828
CA1120Nectar= 67.1516238152981
IPollenTrips= 12.503711564932
INectarTrips= 9.79330575326458
IPollenLoad= 2.28235784219578
INectarLoad= 9.94703627889976
