ICQueenStrength= 3.81610207166523
RQWkrDrnRatio= 4.25753655470908
ICDroneMiteSurvivorship= 54.748258064501
ICWorkerMiteSurvivorship= 62.6634820597246
ICForagerLifespan= 14.6560266437009
ImmType= Logarithmic
RQQueenStrength= 5.62502015870996
RQEnableReQueen= true
AIAdultSlope= 4.48779761232436
AIAdultLD50= 18.5333767439742
AIAdultSlopeContact= 3.09186099027283
AIAdultLD50Contact= 50.870272919259
AILarvaSlope= 3.74252883903682
AILarvaLD50= 59.5674236266171
AIKOW= 79008.6530185574
AIKOC= 1107.93198096892
AIHalfLife= 17.8951664316235
EAppRate= 2.71039163835091
FoliarEnabled= true
FoliarAppDate= 06/07/1989
FoliarForageBegin= 06/05/1989
FoliarForageEnd= 06/28/1989
AIContactFactor= 0.628817883641459
CL4Pollen= 0.0819726688787341
CL4Nectar= 81.4174782950431
CL5Pollen= 0.120671635027975
CL5Nectar= 144.068332691677
CLDPollen= 5.48617607401684
CLDNectar= 73.4799168538302
CA13Pollen= 3.01048943474889
CA13Nectar= 88.1710274517536
CA410Pollen= 5.28965348999482
CA410Nectar= 95.4633064428344
CA1120Pollen= 1.87034739903174
CA1120Nectar= 62.6292693056166
IPollenTrips= 7.43256191490218
INectarTrips= 8.52398230694234
IPollenLoad= 0.674720038659871
INectarLoad= 5.3764142235741
