ICQueenStrength= 1.11930457316339
RQWkrDrnRatio= 2.92441669665277
ICDroneMiteSurvivorship= 92.4543965840712
ICWorkerMiteSurvivorship= 1.5905556967482
ICForagerLifespan= 15.4227898493409
ImmType= Cosine
RQQueenStrength= 5.65271909954026
RQEnableReQueen= true
AIAdultSlope= 3.60989861935377
AIAdultLD50= 17.2719211735441
AIAdultSlopeContact= 8.88507945649326
AIAdultLD50Contact= 51.4219702527288
AILarvaSlope= 5.26911110989749
AILarvaLD50= 23.9691973269836
AIKOW= 3352.56033804347
AIKOC= 61149.0756625265
AIHalfLife= 23.7775248026708
EAppRate= 8.99331169030117
FoliarEnabled= true
FoliarAppDate= 06/07/1989
FoliarForageBegin= 06/05/1989
FoliarForageEnd= 06/28/1989
AIContactFactor= 0.283188292803243
CL4Pollen= 3.50345727335662
CL4Nectar= 12.1201565489173
CL5Pollen= 0.0959644136019051
CL5Nectar= 125.215581734665
CLDPollen= 2.36158144148067
CLDNectar= 114.231123856734
CA13Pollen= 5.2247543528676
CA13Nectar= 31.0692884586751
CA410Pollen= 3.84115420186427
CA410Nectar= 170.278005376458
CA1120Pollen= 1.21993005881086
CA1120Nectar= 27.654511295259
IPollenTrips= 11.5222357935272
INectarTrips= 6.78032119758427
IPollenLoad= 6.11775095807388
INectarLoad= 8.47192018525675
