ICQueenStrength= 2.0728353227023
RQWkrDrnRatio= 2.99027636833489
ICDroneMiteSurvivorship= 87.2748425230384
ICWorkerMiteSurvivorship= 88.7960298452526
ICForagerLifespan= 14.5200630519539
ImmType= Cosine
RQQueenStrength= 5.92269631009549
RQEnableReQueen= true
AIAdultSlope= 7.38765403442085
AIAdultLD50= 93.3416983286708
AIAdultSlopeContact= 4.86090962635353
AIAdultLD50Contact= 20.2778454112606
AILarvaSlope= 4.31360459886491
AILarvaLD50= 11.7817230485459
AIKOW= 45205.5915803699
AIKOC= 99523.479879505
AIHalfLife= 10.1627458103467
EAppRate= 8.98540254446445
FoliarEnabled= true
FoliarAppDate= 06/07/1989
FoliarForageBegin= 06/05/1989
FoliarForageEnd= 06/28/1989
AIContactFactor= 0.792876533828676
CL4Pollen= 3.33702676650137
CL4Nectar= 8.74029970727861
CL5Pollen= 4.34380081342533
CL5Nectar= 5.82651165314019
CLDPollen= 2.16274520941079
CLDNectar= 72.7229968411848
CA13Pollen= 7.75117200268432
CA13Nectar= 46.2414482422173
CA410Pollen= 4.49488642564975
CA410Nectar= 41.8364929454401
CA1120Pollen= 0.814855122473091
CA1120Nectar= 90.7871049083769
IPollenTrips= 6.28457554383203
INectarTrips= 12.2268018987961
IPollenLoad= 0.380986109375954
INectarLoad= 0.0124154170043766
ESoilP= 1.60261851199903
ESoilFoc= 0.00322724109492265
