ICQueenStrength= 3.51785688800737
RQWkrDrnRatio= 4.21062076371163
ICDroneMiteSurvivorship= 41.8455625651404
ICWorkerMiteSurvivorship= 48.7823511939496
ICForagerLifespan= 14.7529766028747
ImmType= Polynomial
RQQueenStrength= 2.65112208225764
RQEnableReQueen= true
AIAdultSlope= 8.24903078377247
AIAdultLD50= 9.37929618370579
AIAdultSlopeContact= 3.57710050023161
AIAdultLD50Contact= 39.5928676222742
AILarvaSlope= 3.64082987420261
AILarvaLD50= 86.410074142904
AIKOW= 13493.0584007996
AIKOC= 48246.0887021834
AIHalfLife= 5.18882013210095
EAppRate= 7.7364398373561
FoliarEnabled= true
FoliarAppDate= 06/07/1989
FoliarForageBegin= 06/05/1989
FoliarForageEnd= 06/28/1989
AIContactFactor= 1.73576651061885
CL4Pollen= 2.56149385310709
CL4Nectar= 10.2999155176803
CL5Pollen= 3.00581336952746
CL5Nectar= 146.78313578479
CLDPollen= 1.63239248190075
CLDNectar= 81.8637489108369
CA13Pollen= 5.54003932913765
CA13Nectar= 34.0938123874366
CA410Pollen= 6.8609666187549
CA410Nectar= 140.314015988261
CA1120Pollen= 0.128730058204383
CA1120Nectar= 39.1589474305511
IPollenTrips= 8.59667161945254
INectarTrips= 10.7394488435239
IPollenLoad= 7.89636411936954
INectarLoad= 0.0688349362462759
