ICQueenStrength= 2.34749769978225
RQWkrDrnRatio= 4.84986944682896
ICDroneMiteSurvivorship= 32.0100133772939
ICWorkerMiteSurvivorship= 14.0195202548057
ICForagerLifespan= 15.1849546432495
ImmType= Sine
RQQueenStrength= 1.52021121885628
RQEnableReQueen=true
AIAdultSlope= 4.33931272849441
AIAdultLD50= 0.182881487370236
AIAdultSlopeContact= 3.02149959234521
AIAdultLD50Contact= 43.8566598953237
AILarvaSlope= 8.71523763425648
AILarvaLD50= 58.8290017327745
AIKOW= 467.200937917447
AIKOC= 50858.7916195241
AIHalfLife= 20.4311836866429
EAppRate= 5.21793512083474
FoliarEnabled=true
FoliarAppDate= 07/01/1989
FoliarForageBegin= 07/01/1989
FoliarForageEnd= 07/14/1989
AIContactFactor= 1.43714341058861
CL4Pollen= 1.52756564691663
CL4Nectar= 63.9299966627732
CL5Pollen= 2.99991089338437
CL5Nectar= 148.917856975459
CLDPollen= 3.81242957292125
CLDNectar= 105.803305702284
CA13Pollen= 3.38478899542242
CA13Nectar= 67.0486583374441
CA410Pollen= 3.74000210936647
CA410Nectar= 51.7976465867832
CA1120Pollen= 1.32950635347515
CA1120Nectar= 66.602543964982
IPollenTrips= 11.2627337616868
INectarTrips= 5.51065503619611
IPollenLoad= 7.67490368336439
INectarLoad= 3.88834882061929
