ICQueenStrength= 4.55017525609583
RQWkrDrnRatio= 1.61879148427397
ICDroneMiteSurvivorship= 9.01637685019523
ICWorkerMiteSurvivorship= 50.4046947928146
ICForagerLifespan= 5.35539767239243
ImmType= Exponential
RQQueenStrength= 1.35202176193707
RQEnableReQueen= true
AIAdultSlope= 1.01776385493577
AIAdultLD50= 0.730910126607632
AIAdultSlopeContact= 4.31641976931132
AIAdultLD50Contact= 25.8939744581911
AILarvaSlope= 5.8416352905333
AILarvaLD50= 71.5787749259102
AIKOW= 55134.0385735467
AIKOC= 72423.2513513835
AIHalfLife= 3.23546755104326
EAppRate= 1.72591870563594
FoliarEnabled= true
FoliarAppDate= 09/01/1989
FoliarForageBegin= 09/01/1989
FoliarForageEnd= 09/08/1989
AIContactFactor= 0.571680685738102
CL4Pollen= 1.64806741476059
CL4Nectar= 20.0735741527751
CL5Pollen= 3.22436797851697
CL5Nectar= 50.9130600490607
CLDPollen= 5.80557770328596
CLDNectar= 138.981682760641
CA13Pollen= 4.65306894229725
CA13Nectar= 23.8937625661492
CA410Pollen= 5.26646772820968
CA410Nectar= 158.286230582744
CA1120Pollen= 1.8779806047678
CA1120Nectar= 47.9659380763769
IPollenTrips= 11.6788292466663
INectarTrips= 5.82951833261177
IPollenLoad= 3.68145586224273
INectarLoad= 0.306081657763571
