ICQueenStrength= 5.7532556403894
RQWkrDrnRatio= 1.04697278421372
ICDroneMiteSurvivorship= 68.3153356658295
ICWorkerMiteSurvivorship= 13.522877311334
ICForagerLifespan= 8.69675343949348
ImmType= Logarithmic
RQQueenStrength= 4.05376698612235
RQEnableReQueen= true
AIAdultSlope= 6.97430271655321
AIAdultLD50= 69.8910020488657
AIAdultSlopeContact= 7.25624816445634
AIAdultLD50Contact= 40.6006122962078
AILarvaSlope= 2.77447082847357
AILarvaLD50= 29.3240978003575
AIKOW= 20767.3310605287
AIKOC= 47201.7148723258
AIHalfLife= 4.94612560991663
EAppRate= 4.76319922919991
FoliarEnabled= true
FoliarAppDate= 06/07/1989
FoliarForageBegin= 06/05/1989
FoliarForageEnd= 06/28/1989
AIContactFactor= 0.793797648660839
CL4Pollen= 0.730976625345647
CL4Nectar= 32.3704704409465
CL5Pollen= 0.0897186985239387
CL5Nectar= 148.652284650598
CLDPollen= 0.909028246533126
CLDNectar= 94.0355916623957
CA13Pollen= 3.76296837702394
CA13Nectar= 40.607053283602
CA410Pollen= 4.44823524111416
CA410Nectar= 21.3600039388984
CA1120Pollen= 1.37912305165082
CA1120Nectar= 46.9567158445716
IPollenTrips= 14.9471728457138
INectarTrips= 6.06400702148676
IPollenLoad= 3.04109100950882
INectarLoad= 9.39049424370751
