ICQueenStrength= 3.5277742149774
RQWkrDrnRatio= 4.81185909267515
ICDroneMiteSurvivorship= 11.2545282114297
ICWorkerMiteSurvivorship= 88.0506727145985
ICForagerLifespan= 14.2861073203385
ImmType= Tangent
RQQueenStrength= 1.59437235118821
RQEnableReQueen= true
AIAdultSlope= 7.67062122747302
AIAdultLD50= 32.8498039179952
AIAdultSlopeContact= 3.02632320160046
AIAdultLD50Contact= 0.733435714875115
AILarvaSlope= 4.16729848086834
AILarvaLD50= 4.69485934953112
AIKOW= 32296.7344378899
AIKOC= 89555.9047756158
AIHalfLife= 11.4231883771485
EAppRate= 1.94761881308327
FoliarEnabled= true
FoliarAppDate= 06/07/1989
FoliarForageBegin= 06/05/1989
FoliarForageEnd= 06/28/1989
AIContactFactor= 1.24074469364248
CL4Pollen= 0.0936409896239638
CL4Nectar= 95.6312220077962
CL5Pollen= 3.77761944523081
CL5Nectar= 125.334935355932
CLDPollen= 4.71861318871379
CLDNectar= 136.665994569194
CA13Pollen= 3.81877764761448
CA13Nectar= 74.3275043182075
CA410Pollen= 4.65154007931706
CA410Nectar= 142.995060253888
CA1120Pollen= 0.26401809300296
CA1120Nectar= 48.3198083750904
IPollenTrips= 11.9358291663229
INectarTrips= 8.28824520343915
IPollenLoad= 1.04198173386976
INectarLoad= 5.32702583121136
