ICQueenStrength= 3.96912746038288
RQWkrDrnRatio= 4.38377718627453
ICDroneMiteSurvivorship= 4.57038080785424
ICWorkerMiteSurvivorship= 77.9663754859939
ICForagerLifespan= 10.7485678317025
ImmType= Polynomial
RQQueenStrength= 3.33618670236319
RQEnableReQueen=true
AIAdultSlope= 2.68273766338825
AIAdultLD50= 0.827331025141757
AIAdultSlopeContact= 4.34249197668396
AIAdultLD50Contact= 90.720867700801
AILarvaSlope= 4.35006545856595
AILarvaLD50= 25.3165891999719
AIKOW= 24716.5342639213
AIKOC= 53994.4104023247
AIHalfLife= 23.5158767709276
EAppRate= 1.93605592101533
FoliarEnabled=true
FoliarAppDate= 07/01/1989
FoliarForageBegin= 07/01/1989
FoliarForageEnd= 07/14/1989
AIContactFactor= 1.90566093342379
CL4Pollen= 1.28859704919159
CL4Nectar= 65.9055069787428
CL5Pollen= 2.10274965735152
CL5Nectar= 49.5826362166554
CLDPollen= 0.753072899300605
CLDNectar= 20.3511844854802
CA13Pollen= 2.3193470666185
CA13Nectar= 96.3980984501541
CA410Pollen= 7.30736262809951
CA410Nectar= 66.9605859508738
CA1120Pollen= 0.263018374331295
CA1120Nectar= 65.4126331582665
IPollenTrips= 11.747932091821
INectarTrips= 11.2770253606141
IPollenLoad= 4.22506343573332
INectarLoad= 8.51266451878473
