ICQueenStrength= 2.89834932098165
RQWkrDrnRatio= 4.98114537168294
ICDroneMiteSurvivorship= 10.1517099654302
ICWorkerMiteSurvivorship= 41.4733230136335
ICForagerLifespan= 5.65971432626247
ImmType= Polynomial
RQQueenStrength= 3.26584758725949
RQEnableReQueen= true
AIAdultSlope= 6.85292491316795
AIAdultLD50= 74.9307257653906
AIAdultSlopeContact= 7.10571010340936
AIAdultLD50Contact= 36.3026628753068
AILarvaSlope= 8.30310969054699
AILarvaLD50= 78.3342492874276
AIKOW= 99907.0262862211
AIKOC= 38754.3733245556
AIHalfLife= 31.4930883518187
EAppRate= 6.87288863082137
FoliarEnabled= true
FoliarAppDate= 06/07/1989
FoliarForageBegin= 06/05/1989
FoliarForageEnd= 06/28/1989
AIContactFactor= 2.28708004317712
CL4Pollen= 1.48457449488342
CL4Nectar= 95.8438814850524
CL5Pollen= 2.1291599473916
CL5Nectar= 122.639376134612
CLDPollen= 0.233145877718925
CLDNectar= 40.9800596768036
CA13Pollen= 5.71808598823845
CA13Nectar= 93.6717817373574
CA410Pollen= 4.89633243195713
CA410Nectar= 33.0670980783179
CA1120Pollen= 1.06706402893178
CA1120Nectar= 69.5056156627834
IPollenTrips= 6.16872986545786
INectarTrips= 9.31055886903778
IPollenLoad= 8.42889678198844
INectarLoad= 4.82713201781735
