ICQueenStrength= 1.25895636877976
RQWkrDrnRatio= 3.68872785381973
ICDroneMiteSurvivorship= 2.63571315445006
ICWorkerMiteSurvivorship= 98.7007843796164
ICForagerLifespan= 12.3059406848624
ImmType= Cosine
RQQueenStrength= 1.19752935739234
RQEnableReQueen= true
AIAdultSlope= 6.3654607553035
AIAdultLD50= 0.317912707591662
AIAdultSlopeContact= 8.30739174340852
AIAdultLD50Contact= 83.6161098651961
AILarvaSlope= 5.43023026734591
AILarvaLD50= 36.9778445009226
AIKOW= 32440.6853915443
AIKOC= 73902.9237004232
AIHalfLife= 32.1441197373439
EAppRate= 0.51197834355291
FoliarEnabled= true
FoliarAppDate= 09/01/1989
FoliarForageBegin= 09/01/1989
FoliarForageEnd= 09/08/1989
AIContactFactor= 1.21453957029153
CL4Pollen= 1.05753035563976
CL4Nectar= 74.9795708106831
CL5Pollen= 3.28360275691375
CL5Nectar= 93.8531660707667
CLDPollen= 3.02878400310874
CLDNectar= 62.5706545659341
CA13Pollen= 5.00743481591344
CA13Nectar= 60.6889174319804
CA410Pollen= 4.22458324097097
CA410Nectar= 112.428940087557
CA1120Pollen= 1.94683524174616
CA1120Nectar= 81.5763779170811
IPollenTrips= 7.57858518976718
INectarTrips= 6.85183404246345
IPollenLoad= 6.20830577798188
INectarLoad= 1.34199044667184
