ICQueenStrength= 2.75675096688792
RQWkrDrnRatio= 2.5005063302815
ICDroneMiteSurvivorship= 37.8383164759725
ICWorkerMiteSurvivorship= 92.2882011858746
ICForagerLifespan= 8.17463826481253
ImmType= Tangent
RQQueenStrength= 4.08720974600874
RQEnableReQueen= true
AIAdultSlope= 1.20718496851623
AIAdultLD50= 72.468828285729
AIAdultSlopeContact= 1.23956773849204
AIAdultLD50Contact= 13.15902870349
AILarvaSlope= 8.23169689066708
AILarvaLD50= 61.6543017448087
AIKOW= 32647.042076075
AIKOC= 32207.3793271566
AIHalfLife= 25.3372439332772
EAppRate= 4.38250751140202
FoliarEnabled= true
FoliarAppDate= 06/07/1989
FoliarForageBegin= 06/05/1989
FoliarForageEnd= 06/28/1989
AIContactFactor= 0.817161881197244
CL4Pollen= 3.41978577990085
CL4Nectar= 72.5847385358065
CL5Pollen= 0.231555136386305
CL5Nectar= 16.2150921067223
CLDPollen= 5.57136425748467
CLDNectar= 4.28347218548879
CA13Pollen= 6.26452369410545
CA13Nectar= 34.7750081680715
CA410Pollen= 4.02397338612936
CA410Nectar= 178.813795051537
CA1120Pollen= 2.06836765562184
CA1120Nectar= 69.8162737861276
IPollenTrips= 14.987936897669
INectarTrips= 8.84805703535676
IPollenLoad= 8.43775476096198
INectarLoad= 3.07613030541688
