ICQueenStrength= 1.40953726856969
RQWkrDrnRatio= 3.63657228741795
ICDroneMiteSurvivorship= 86.3400127971545
ICWorkerMiteSurvivorship= 68.2103950995952
ICForagerLifespan= 11.3293162994087
ImmType= Cosine
RQQueenStrength= 1.31360808410682
RQEnableReQueen= true
AIAdultSlope= 3.94166053272784
AIAdultLD50= 15.8177059931105
AIAdultSlopeContact= 5.1498575725127
AIAdultLD50Contact= 60.1498686166541
AILarvaSlope= 2.95376346260309
AILarvaLD50= 77.8129589128513
AIKOW= 44678.9088333561
AIKOC= 47824.8517559755
AIHalfLife= 12.6529531146865
EAppRate= 9.52021265116194
FoliarEnabled= true
FoliarAppDate= 06/07/1989
FoliarForageBegin= 06/05/1989
FoliarForageEnd= 06/28/1989
AIContactFactor= 0.825568759576417
CL4Pollen= 1.09369772393256
CL4Nectar= 97.5991887040436
CL5Pollen= 0.578554321546108
CL5Nectar= 138.776104745921
CLDPollen= 3.75702611496672
CLDNectar= 139.378421602305
CA13Pollen= 6.27249287515879
CA13Nectar= 27.6534534990788
CA410Pollen= 3.44031379083171
CA410Nectar= 124.836656097323
CA1120Pollen= 0.961035315413028
CA1120Nectar= 26.0077291913331
IPollenTrips= 6.76937700249255
INectarTrips= 6.83265068102628
IPollenLoad= 5.61189429834485
INectarLoad= 5.46914251288399
ESoilP= 1.66098649404012
ESoilFoc= 0.0121418720034417
