ICQueenStrength= 2.54125616885722
RQWkrDrnRatio= 2.47213047929108
ICDroneMiteSurvivorship= 83.0664885928854
ICWorkerMiteSurvivorship= 29.0328637463972
ICForagerLifespan= 7.2014337182045
ImmType= Exponential
RQQueenStrength= 2.34976995876059
RQEnableReQueen= true
AIAdultSlope= 5.02471556887031
AIAdultLD50= 56.3243482899191
AIAdultSlopeContact= 7.28295403532684
AIAdultLD50Contact= 7.35231361529394
AILarvaSlope= 2.8959662951529
AILarvaLD50= 13.7032058220711
AIKOW= 41412.5431243152
AIKOC= 81034.1415893198
AIHalfLife= 8.95875060833059
EAppRate= 1.13967163084168
FoliarEnabled= true
FoliarAppDate= 06/07/1989
FoliarForageBegin= 06/05/1989
FoliarForageEnd= 06/28/1989
AIContactFactor= 0.845818363567814
CL4Pollen= 0.00433642975986004
CL4Nectar= 77.5282140588388
CL5Pollen= 5.66411756817251
CL5Nectar= 23.194011754822
CLDPollen= 0.0353416185826063
CLDNectar= 85.2480735629797
CA13Pollen= 2.3877043703571
CA13Nectar= 26.4723023027182
CA410Pollen= 8.37168269825634
CA410Nectar= 50.2064976701513
CA1120Pollen= 1.00776534411125
CA1120Nectar= 93.3233797736466
IPollenTrips= 8.33706917008385
INectarTrips= 12.1916797850281
IPollenLoad= 5.34424146870151
INectarLoad= 7.4768196279183
ESoilP= 1.79333408991806
ESoilFoc= 0.00430859499284998
