ICQueenStrength= 2.16687984089367
RQWkrDrnRatio= 2.42615147586912
ICDroneMiteSurvivorship= 25.3932978026569
ICWorkerMiteSurvivorship= 71.8805440003052
ICForagerLifespan= 14.02776820492
ImmType= Polynomial
RQQueenStrength= 4.39087473461404
RQEnableReQueen= true
AIAdultSlope= 4.55084628239274
AIAdultLD50= 92.655224064104
AIAdultSlopeContact= 2.18668503849767
AIAdultLD50Contact= 12.0372612980753
AILarvaSlope= 8.30625232495368
AILarvaLD50= 56.3252044927659
AIKOW= 42837.774812009
AIKOC= 56802.1791174153
AIHalfLife= 13.3020186685957
EAppRate= 8.873224811316
FoliarEnabled= true
FoliarAppDate= 06/07/1989
FoliarForageBegin= 06/05/1989
FoliarForageEnd= 06/28/1989
AIContactFactor= 0.692333278288133
CL4Pollen= 1.21344293653965
CL4Nectar= 3.29246225301176
CL5Pollen= 2.73882682202384
CL5Nectar= 52.5678066769615
CLDPollen= 2.21350685041398
CLDNectar= 48.9742361591198
CA13Pollen= 6.59976828545332
CA13Nectar= 80.8170617185533
CA410Pollen= 6.12187742169481
CA410Nectar= 123.252804256044
CA1120Pollen= 0.143230648012832
CA1120Nectar= 63.500052858144
IPollenTrips= 12.4674851400778
INectarTrips= 8.44165875809267
IPollenLoad= 6.72062517376617
INectarLoad= 4.30714091053233
