ICQueenStrength= 4.82547330576926
RQWkrDrnRatio= 4.16303512360901
ICDroneMiteSurvivorship= 26.8893452361226
ICWorkerMiteSurvivorship= 1.4668035088107
ICForagerLifespan= 5.67662841733545
ImmType= Sine
RQQueenStrength= 3.90751286502928
RQEnableReQueen=true
AIAdultSlope= 8.67743220925331
AIAdultLD50= 0.0800520922706928
AIAdultSlopeContact= 7.47611440508626
AIAdultLD50Contact= 5.17040736524388
AILarvaSlope= 3.62309555523098
AILarvaLD50= 43.1594251442035
AIKOW= 90231.1862669126
AIKOC= 22469.9657696565
AIHalfLife= 14.4324829273159
EAppRate= 4.71320251685521
FoliarEnabled=true
FoliarAppDate= 07/01/1989
FoliarForageBegin= 07/01/1989
FoliarForageEnd= 07/14/1989
AIContactFactor= 0.612205683533102
CL4Pollen= 0.193487425334752
CL4Nectar= 34.2555990675464
CL5Pollen= 0.571481653489172
CL5Nectar= 34.4745840760879
CLDPollen= 2.78449088428169
CLDNectar= 50.1892615458928
CA13Pollen= 3.50003066314384
CA13Nectar= 68.2474749721587
CA410Pollen= 8.55188580944668
CA410Nectar= 170.371012063697
CA1120Pollen= 0.355422147782519
CA1120Nectar= 63.699694108218
IPollenTrips= 13.7951630377211
INectarTrips= 6.38719171751291
IPollenLoad= 9.40640853019431
INectarLoad= 1.85893381712958
