ICQueenStrength= 5.10817469120957
RQWkrDrnRatio= 2.85148402117193
ICDroneMiteSurvivorship= 58.0361361382529
ICWorkerMiteSurvivorship= 31.8725704681128
ICForagerLifespan= 13.1889442550018
ImmType= Polynomial
RQQueenStrength= 3.66706169932149
RQEnableReQueen= true
AIAdultSlope= 6.86781453341246
AIAdultLD50= 32.0461941005024
AIAdultSlopeContact= 2.21379786543548
AIAdultLD50Contact= 81.6610153208652
AILarvaSlope= 6.65350151434541
AILarvaLD50= 50.1783433475667
AIKOW= 56621.237315945
AIKOC= 76049.0974163916
AIHalfLife= 15.5127095658099
EAppRate= 5.54796776373824
FoliarEnabled= true
FoliarAppDate= 06/07/1989
FoliarForageBegin= 06/05/1989
FoliarForageEnd= 06/28/1989
AIContactFactor= 1.19229285177309
CL4Pollen= 2.6424131160602
CL4Nectar= 90.2287219883874
CL5Pollen= 2.42449237173423
CL5Nectar= 35.1853233994916
CLDPollen= 1.07828627759591
CLDNectar= 57.0769487181678
CA13Pollen= 6.72009453438222
CA13Nectar= 52.0140965655446
CA410Pollen= 2.59476186465472
CA410Nectar= 100.836534732953
CA1120Pollen= 1.80971333663911
CA1120Nectar= 63.9692953228951
IPollenTrips= 9.65966009302065
INectarTrips= 12.8588559501804
IPollenLoad= 7.28375184349716
INectarLoad= 8.75577272381634
