ICQueenStrength= 3.68983838381246
RQWkrDrnRatio= 3.95760578848422
ICDroneMiteSurvivorship= 24.4064287748188
ICWorkerMiteSurvivorship= 15.1412801351398
ICForagerLifespan= 12.3651537960395
ImmType= Sine
AIAdultSlope= 1.38514886526391
AIAdultLD50= 0.126419935235754
AIAdultSlopeContact= 2.13139567174483
AIAdultLD50Contact= 0.00620391955599189
AILarvaSlope= 2.24476822665893
AILarvaLD50= 0.765004930528812
AIKOW= 4.58649358525872
AIKOC= 13.8317358284257
AIHalfLife= 0.874236680543982
EAppRate= 7.00604562880471
FoliarEnabled= true
