ICQueenStrength= 5.30633962736465
RQWkrDrnRatio= 2.12309927213937
ICDroneMiteSurvivorship= 21.535707055591
ICWorkerMiteSurvivorship= 36.9913732167333
ICForagerLifespan= 9.70304034650326
ImmType= Tangent
RQQueenStrength= 4.92939077340998
RQEnableReQueen= true
AIAdultSlope= 3.79769153892994
AIAdultLD50= 73.3679421827225
AIAdultSlopeContact= 9.24795719678514
AIAdultLD50Contact= 22.2866487913758
AILarvaSlope= 2.8784905988723
AILarvaLD50= 60.2414470477782
AIKOW= 48831.5077909972
AIKOC= 87911.4297463864
AIHalfLife= 15.5540059167193
EAppRate= 8.68478156125918
FoliarEnabled= true
FoliarAppDate= 06/07/1989
FoliarForageBegin= 06/05/1989
FoliarForageEnd= 06/28/1989
AIContactFactor= 1.12279398701154
CL4Pollen= 3.03432443086058
CL4Nectar= 84.0523589868098
CL5Pollen= 1.26667572185397
CL5Nectar= 71.006888744887
CLDPollen= 0.386968462262303
CLDNectar= 58.4861457115039
CA13Pollen= 7.86650389041752
CA13Nectar= 94.8958340287209
CA410Pollen= 3.72278236942366
CA410Nectar= 73.6515748966485
CA1120Pollen= 1.25066115707159
CA1120Nectar= 25.5258614383638
IPollenTrips= 14.6716426266357
INectarTrips= 8.36211445508525
IPollenLoad= 7.38395673688501
INectarLoad= 3.67791914381087
ESoilP= 1.21096579218283
ESoilFoc= 0.0110435637123883
