ICQueenStrength= 1.13989384751767
RQWkrDrnRatio= 2.16298861801624
ICDroneMiteSurvivorship= 41.4819139055908
ICWorkerMiteSurvivorship= 9.45013011805713
ICForagerLifespan= 5.78448482789099
ImmType= Polynomial
RQQueenStrength= 2.99475319939665
RQEnableReQueen= true
AIAdultSlope= 4.17857691831887
AIAdultLD50= 27.8483114024666
AIAdultSlopeContact= 9.71320316032507
AIAdultLD50Contact= 73.0492068779017
AILarvaSlope= 8.74782640486956
AILarvaLD50= 54.3792992163852
AIKOW= 32192.7149368008
AIKOC= 81135.3491010817
AIHalfLife= 15.7604291087016
EAppRate= 3.82792673781421
FoliarEnabled= true
FoliarAppDate= 06/07/1989
FoliarForageBegin= 06/05/1989
FoliarForageEnd= 06/28/1989
AIContactFactor= 2.03406666151248
CL4Pollen= 2.8649544864893
CL4Nectar= 31.1084756162018
CL5Pollen= 3.40523446211591
CL5Nectar= 40.7132352353074
CLDPollen= 4.88708476116881
CLDNectar= 123.800384660717
CA13Pollen= 7.82903709197417
CA13Nectar= 96.8733464181423
CA410Pollen= 6.11858370970003
CA410Nectar= 103.691349513829
CA1120Pollen= 0.445167986210436
CA1120Nectar= 40.9345642849803
IPollenTrips= 7.51080385176465
INectarTrips= 10.5612298450433
IPollenLoad= 6.53965641511604
INectarLoad= 2.72924357792363
ESoilP= 1.76963773532771
ESoilFoc= 0.00360956000210717
