ICQueenStrength= 2.14662656094879
RQWkrDrnRatio= 2.75675880722702
ICDroneMiteSurvivorship= 63.0187822738662
ICWorkerMiteSurvivorship= 38.5296904947609
ICForagerLifespan= 6.86386162880808
ImmType= Tangent
RQQueenStrength= 4.46730870893225
RQEnableReQueen= true
AIAdultSlope= 3.24273335374892
AIAdultLD50= 94.720047985781
AIAdultSlopeContact= 7.5182941807434
AIAdultLD50Contact= 68.2254724947764
AILarvaSlope= 5.19122754968703
AILarvaLD50= 7.30074090945441
AIKOW= 16209.9291774363
AIKOC= 55241.4126661401
AIHalfLife= 7.26599400492851
EAppRate= 0.629481179567287
FoliarEnabled= true
FoliarAppDate= 06/07/1989
FoliarForageBegin= 06/05/1989
FoliarForageEnd= 06/28/1989
AIContactFactor= 1.6079252082156
CL4Pollen= 3.29863691050559
CL4Nectar= 6.99622719548643
CL5Pollen= 0.990791272837669
CL5Nectar= 119.22059658682
CLDPollen= 1.94657664187253
CLDNectar= 143.847829510923
CA13Pollen= 5.63147395690903
CA13Nectar= 96.362323500216
CA410Pollen= 6.05241012843326
CA410Nectar= 46.5295140771195
CA1120Pollen= 0.842852293280885
CA1120Nectar= 66.6643017157912
IPollenTrips= 8.39447491569445
INectarTrips= 12.4729465250857
IPollenLoad= 4.62755759246647
INectarLoad= 5.30724627897143
