ICQueenStrength= 2.14716863608919
RQWkrDrnRatio= 2.32238632626832
ICDroneMiteSurvivorship= 56.2343282625079
ICWorkerMiteSurvivorship= 19.9349278351292
ICForagerLifespan= 13.4552833270282
ImmType= Logarithmic
RQQueenStrength= 1.6578538112808
RQEnableReQueen= true
AIAdultSlope= 3.3822114020586
AIAdultLD50= 40.1046716166872
AIAdultSlopeContact= 7.07632256415673
AIAdultLD50Contact= 49.6807122646281
AILarvaSlope= 8.28945654444396
AILarvaLD50= 44.6256829734403
AIKOW= 63074.4861344316
AIKOC= 57484.3602839583
AIHalfLife= 6.85368329738267
EAppRate= 1.12351305628964
FoliarEnabled= true
FoliarAppDate= 06/07/1989
FoliarForageBegin= 06/05/1989
FoliarForageEnd= 06/28/1989
AIContactFactor= 2.19642129171174
CL4Pollen= 2.66713569313288
CL4Nectar= 92.2011064365506
CL5Pollen= 3.65262711793184
CL5Nectar= 106.779374205507
CLDPollen= 5.85136517090723
CLDNectar= 30.8527653571218
CA13Pollen= 5.21293489150703
CA13Nectar= 31.2434177659452
CA410Pollen= 3.02449570533354
CA410Nectar= 48.2864163024351
CA1120Pollen= 1.98461495549418
CA1120Nectar= 67.2509107924998
IPollenTrips= 7.87022713804618
INectarTrips= 11.2334379157983
IPollenLoad= 1.15864968160167
INectarLoad= 9.03106805868447
ESoilP= 1.8118928859476
ESoilFoc= 0.0117795005452354
