ICQueenStrength= 1.09163585025817
RQWkrDrnRatio= 1.33665113709867
ICDroneMiteSurvivorship= 75.5478946492076
ICWorkerMiteSurvivorship= 21.1638035718352
ICForagerLifespan= 11.5825575692579
ImmType= Tangent
RQQueenStrength= 4.78625158686191
RQEnableReQueen= true
AIAdultSlope= 5.41625273041427
AIAdultLD50= 80.372522073376
AIAdultSlopeContact= 7.92692419793457
AIAdultLD50Contact= 82.8389579356916
AILarvaSlope= 6.44522386044264
AILarvaLD50= 49.1915660974202
AIKOW= 1615.00222888752
AIKOC= 94118.4029716987
AIHalfLife= 8.535216357233
EAppRate= 1.89783380644
FoliarEnabled= true
FoliarAppDate= 06/07/1989
FoliarForageBegin= 06/05/1989
FoliarForageEnd= 06/28/1989
AIContactFactor= 2.07426918849815
CL4Pollen= 3.45362551044673
CL4Nectar= 39.6113693481311
CL5Pollen= 3.83994188765064
CL5Nectar= 115.025220508687
CLDPollen= 4.51303037256002
CLDNectar= 107.334870379418
CA13Pollen= 3.72971791336313
CA13Nectar= 73.1291754357517
CA410Pollen= 5.99873236420099
CA410Nectar= 83.3855714602396
CA1120Pollen= 1.4953422518447
CA1120Nectar= 79.3475875258446
IPollenTrips= 11.5932326414622
INectarTrips= 12.2897712769918
IPollenLoad= 3.31392988562584
INectarLoad= 8.9133760984987
ESoilP= 1.46535235107876
ESoilFoc= 0.00264656681311317
