ICQueenStrength= 2.9568317651283
RQWkrDrnRatio= 1.06919722259045
ICDroneMiteSurvivorship= 83.9882646920159
ICWorkerMiteSurvivorship= 33.0926255788654
ICForagerLifespan= 10.8734226971865
ImmType= Logarithmic
RQQueenStrength= 4.61470571369864
RQEnableReQueen= true
AIAdultSlope= 5.21773141622543
AIAdultLD50= 58.0812115492902
AIAdultSlopeContact= 2.22370757581666
AIAdultLD50Contact= 67.0056552883438
AILarvaSlope= 6.13348778150976
AILarvaLD50= 28.7917717128762
AIKOW= 43735.4626752057
AIKOC= 61782.8802739289
AIHalfLife= 27.6911325385328
EAppRate= 8.02810184157244
FoliarEnabled= true
FoliarAppDate= 06/07/1989
FoliarForageBegin= 06/05/1989
FoliarForageEnd= 06/28/1989
AIContactFactor= 2.17717890046537
CL4Pollen= 2.46921024471521
CL4Nectar= 84.2427103314549
CL5Pollen= 4.58306108415127
CL5Nectar= 5.33749773167074
CLDPollen= 4.88302537053823
CLDNectar= 143.199361965526
CA13Pollen= 5.48647469729185
CA13Nectar= 81.9345363788307
CA410Pollen= 7.65554735236801
CA410Nectar= 21.4016187051311
CA1120Pollen= 0.498072954593226
CA1120Nectar= 80.1784527115524
IPollenTrips= 9.75471383892
INectarTrips= 13.3022847422399
IPollenLoad= 1.7804165254347
INectarLoad= 4.22813871409744
ESoilP= 1.10858543682843
ESoilFoc= 0.0170989694132004
