ICQueenStrength= 5.4907272211276
RQWkrDrnRatio= 1.61595081165433
ICDroneMiteSurvivorship= 54.9634093185887
ICWorkerMiteSurvivorship= 81.7315872292966
ICForagerLifespan= 13.6978399697691
ImmType= Cosine
RQQueenStrength= 5.87436952185817
RQEnableReQueen= true
AIAdultSlope= 1.73052200675011
AIAdultLD50= 0.0343414094971959
AIAdultSlopeContact= 2.13428534450941
AIAdultLD50Contact= 57.5069284955447
AILarvaSlope= 4.37677547708154
AILarvaLD50= 30.4569368208034
AIKOW= 30959.9471633509
AIKOC= 82143.1398983046
AIHalfLife= 15.1089389492292
EAppRate= 0.117783766247798
FoliarEnabled= true
FoliarAppDate= 09/01/1989
FoliarForageBegin= 09/01/1989
FoliarForageEnd= 09/08/1989
AIContactFactor= 2.0469403358642
CL4Pollen= 2.45873211231083
CL4Nectar= 35.7974633574486
CL5Pollen= 3.81563553214073
CL5Nectar= 149.219248455483
CLDPollen= 4.1872616764158
CLDNectar= 81.1361936037429
CA13Pollen= 8.09364479808137
CA13Nectar= 72.3815381713212
CA410Pollen= 8.81836792067625
CA410Nectar= 24.9473787425086
CA1120Pollen= 0.51940961019136
CA1120Nectar= 94.5822468586266
IPollenTrips= 12.0727651263587
INectarTrips= 8.62577098654583
IPollenLoad= 0.573828227352351
INectarLoad= 0.257486638147384
