ICQueenStrength= 4.02609200705774
RQWkrDrnRatio= 2.75370923895389
ICDroneMiteSurvivorship= 38.6410018661991
ICWorkerMiteSurvivorship= 29.6418680110946
ICForagerLifespan= 15.4624333819374
ImmType= Sine
RQQueenStrength= 3.62252085376531
RQEnableReQueen= true
AIAdultSlope= 1.67438469640911
AIAdultLD50= 54.7888410333334
AIAdultSlopeContact= 6.81028242851608
AIAdultLD50Contact= 29.6901232833995
AILarvaSlope= 1.6317497882992
AILarvaLD50= 45.5631910745336
AIKOW= 4969.33255702373
AIKOC= 67195.981842452
AIHalfLife= 11.7254711417714
EAppRate= 0.541389344406314
FoliarEnabled= true
FoliarAppDate= 06/07/1989
FoliarForageBegin= 06/05/1989
FoliarForageEnd= 06/28/1989
AIContactFactor= 2.04260485766921
CL4Pollen= 1.02541736047715
CL4Nectar= 85.3774085640907
CL5Pollen= 4.37222076253965
CL5Nectar= 131.163206021301
CLDPollen= 1.90604175394401
CLDNectar= 57.4108678847551
CA13Pollen= 3.40886358013377
CA13Nectar= 96.641284301877
CA410Pollen= 3.13470464621205
CA410Nectar= 69.3084190553054
CA1120Pollen= 1.71563778910786
CA1120Nectar= 52.5939206592739
IPollenTrips= 13.2033065729775
INectarTrips= 6.6209007310681
IPollenLoad= 4.26844506757334
INectarLoad= 7.68942101160064
