ICQueenStrength= 2.59508980694227
RQWkrDrnRatio= 2.22242598328739
ICDroneMiteSurvivorship= 4.22630708198994
ICWorkerMiteSurvivorship= 56.3816267298535
ICForagerLifespan= 10.3604618292302
ImmType= Polynomial
RQQueenStrength= 2.31842843606137
RQEnableReQueen= true
AIAdultSlope= 4.86322290636599
AIAdultLD50= 90.056200508775
AIAdultSlopeContact= 8.16540611954406
AIAdultLD50Contact= 72.3453626664139
AILarvaSlope= 7.8531806897372
AILarvaLD50= 19.4832085874958
AIKOW= 51877.9181335771
AIKOC= 43222.976820302
AIHalfLife= 20.0874070250429
EAppRate= 4.12318734551035
FoliarEnabled= true
FoliarAppDate= 06/07/1989
FoliarForageBegin= 06/05/1989
FoliarForageEnd= 06/28/1989
AIContactFactor= 0.762563205002807
CL4Pollen= 2.47663242183626
CL4Nectar= 14.1240441938862
CL5Pollen= 1.49329268932343
CL5Nectar= 33.8479688158259
CLDPollen= 0.40005192020908
CLDNectar= 95.0606017489918
CA13Pollen= 5.14814554043114
CA13Nectar= 48.5113246552646
CA410Pollen= 6.49684944923501
CA410Nectar= 36.5190886333585
CA1120Pollen= 1.0240803163033
CA1120Nectar= 36.0117658600211
IPollenTrips= 9.57452193135396
INectarTrips= 10.3844674513675
IPollenLoad= 1.15249090828001
INectarLoad= 7.01767609920353
ESoilP= 1.37945106532425
ESoilFoc= 0.0177810807118658
