ICQueenStrength= 2.28300800919533
RQWkrDrnRatio= 4.24319924134761
ICDroneMiteSurvivorship= 18.194959894754
ICWorkerMiteSurvivorship= 51.1630207765847
ICForagerLifespan= 11.3834354318678
ImmType= Cosine
RQQueenStrength= 4.96842021727934
RQEnableReQueen= true
AIAdultSlope= 2.41190298087895
AIAdultLD50= 38.0926763000656
AIAdultSlopeContact= 1.95333686703816
AIAdultLD50Contact= 10.2158836640874
AILarvaSlope= 4.29677490144968
AILarvaLD50= 14.3485689623605
AIKOW= 61106.1366286103
AIKOC= 25221.6115452922
AIHalfLife= 8.74573961130809
EAppRate= 5.0837956799306
FoliarEnabled= true
FoliarAppDate= 06/07/1989
FoliarForageBegin= 06/05/1989
FoliarForageEnd= 06/28/1989
AIContactFactor= 0.832802393827587
CL4Pollen= 1.40019207261503
CL4Nectar= 8.01903638057411
CL5Pollen= 1.72651235992089
CL5Nectar= 94.9630684568547
CLDPollen= 0.561792255844921
CLDNectar= 8.60076150856912
CA13Pollen= 5.00752179771662
CA13Nectar= 30.6201075203717
CA410Pollen= 2.4341937342193
CA410Nectar= 120.829000934027
CA1120Pollen= 0.835494185099378
CA1120Nectar= 51.2879744544625
IPollenTrips= 14.157231466379
INectarTrips= 7.32297975802794
IPollenLoad= 5.98610069835559
INectarLoad= 3.42899739043787
