ICQueenStrength= 2.04553646640852
RQWkrDrnRatio= 1.2569878809154
ICDroneMiteSurvivorship= 91.7707908665761
ICWorkerMiteSurvivorship= 59.701766516082
ICForagerLifespan= 5.35810514725745
ImmType= Exponential
RQQueenStrength= 2.44822954200208
RQEnableReQueen= true
AIAdultSlope= 3.63396223820746
AIAdultLD50= 74.7289466192788
AIAdultSlopeContact= 5.58322938159108
AIAdultLD50Contact= 63.0119236515996
AILarvaSlope= 8.86293071135879
AILarvaLD50= 67.6028492303903
AIKOW= 54453.1188817319
AIKOC= 4718.36986387544
AIHalfLife= 25.1750421813922
EAppRate= 5.04207736917725
FoliarEnabled= true
FoliarAppDate= 06/07/1989
FoliarForageBegin= 06/05/1989
FoliarForageEnd= 06/28/1989
AIContactFactor= 1.2088693038933
CL4Pollen= 2.51586778648198
CL4Nectar= 83.8911987142637
CL5Pollen= 3.35305279679596
CL5Nectar= 12.9279146203771
CLDPollen= 5.70694452524185
CLDNectar= 15.3074361733161
CA13Pollen= 2.62899347096682
CA13Nectar= 88.6015051975846
CA410Pollen= 4.8122152834665
CA410Nectar= 168.341704355553
CA1120Pollen= 0.137064317939803
CA1120Nectar= 29.8331498540938
IPollenTrips= 13.4366572438739
INectarTrips= 12.8469488280825
IPollenLoad= 7.47425310546532
INectarLoad= 4.63803902966902
