ICQueenStrength= 2.52448195731267
RQWkrDrnRatio= 2.2010610261932
ICDroneMiteSurvivorship= 59.6969864331186
ICWorkerMiteSurvivorship= 69.7911225492135
ICForagerLifespan= 14.3872640673071
ImmType= Exponential
RQQueenStrength= 4.08176857652143
RQEnableReQueen= true
AIAdultSlope= 8.169912006706
AIAdultLD50= 8.54124651822098
AIAdultSlopeContact= 3.60816312720999
AIAdultLD50Contact= 10.5765154463761
AILarvaSlope= 2.64287866652012
AILarvaLD50= 43.6373997431844
AIKOW= 70958.9635657685
AIKOC= 69987.8989539144
AIHalfLife= 33.8650656551123
EAppRate= 7.82575796200824
FoliarEnabled= true
FoliarAppDate= 06/07/1989
FoliarForageBegin= 06/05/1989
FoliarForageEnd= 06/28/1989
AIContactFactor= 1.70953239465598
CL4Pollen= 3.32969870325178
CL4Nectar= 61.8949594441801
CL5Pollen= 3.74409295711666
CL5Nectar= 141.40125636477
CLDPollen= 3.44076520437375
CLDNectar= 96.0467882221565
CA13Pollen= 4.78046473423019
CA13Nectar= 32.5965823233128
CA410Pollen= 4.55212091973517
CA410Nectar= 155.569624374621
CA1120Pollen= 2.94400488655083
CA1120Nectar= 32.9821947030723
IPollenTrips= 7.548445193097
INectarTrips= 12.1508596674539
IPollenLoad= 8.20821031229571
INectarLoad= 7.47388791758567
