ICQueenStrength= 5.19857318163849
RQWkrDrnRatio= 2.84217198286206
ICDroneMiteSurvivorship= 77.6911306194961
ICWorkerMiteSurvivorship= 61.6140276426449
ICForagerLifespan= 13.3955011796206
ImmType= Cosine
RQQueenStrength= 3.57959674810991
RQEnableReQueen= true
AIAdultSlope= 1.55840978585184
AIAdultLD50= 68.1739605105615
AIAdultSlopeContact= 8.10330002033152
AIAdultLD50Contact= 81.7700493797304
AILarvaSlope= 2.17904617637396
AILarvaLD50= 42.2624492630642
AIKOW= 32231.1748998453
AIKOC= 19876.4880683848
AIHalfLife= 4.33808745141141
EAppRate= 6.66180595215759
FoliarEnabled= true
FoliarAppDate= 06/07/1989
FoliarForageBegin= 06/05/1989
FoliarForageEnd= 06/28/1989
AIContactFactor= 1.53522190447897
CL4Pollen= 3.53678047191352
CL4Nectar= 76.4586707344279
CL5Pollen= 4.21325168106705
CL5Nectar= 95.8207006682642
CLDPollen= 3.69401889760047
CLDNectar= 59.9169832770713
CA13Pollen= 7.16477084653452
CA13Nectar= 99.2625049501657
CA410Pollen= 6.36071493288036
CA410Nectar= 155.104754720815
CA1120Pollen= 2.38795953732915
CA1120Nectar= 50.734005253762
IPollenTrips= 6.79922408657148
INectarTrips= 14.3503659474663
IPollenLoad= 1.7053551482968
INectarLoad= 7.81167424051091
