ICQueenStrength= 3.30779434787109
RQWkrDrnRatio= 4.47093466296792
ICDroneMiteSurvivorship= 10.1186362560838
ICWorkerMiteSurvivorship= 41.3150483043864
ICForagerLifespan= 10.6561004472896
ImmType= Sine
RQQueenStrength= 1.13958380790427
RQEnableReQueen= true
AIAdultSlope= 8.2193000074476
AIAdultLD50= 70.769154598891
AIAdultSlopeContact= 2.58275213348679
AIAdultLD50Contact= 50.8618709369744
AILarvaSlope= 4.1785681117326
AILarvaLD50= 30.9078811699485
AIKOW= 10058.365303474
AIKOC= 20709.5455688289
AIHalfLife= 6.34816995533183
EAppRate= 4.34344483421091
FoliarEnabled= true
FoliarAppDate= 06/07/1989
FoliarForageBegin= 06/05/1989
FoliarForageEnd= 06/28/1989
AIContactFactor= 2.1329523097584
CL4Pollen= 0.971081154420972
CL4Nectar= 78.9734669029713
CL5Pollen= 1.95446130121127
CL5Nectar= 144.251976767555
CLDPollen= 0.814354449044913
CLDNectar= 94.3118870956823
CA13Pollen= 6.2816328083165
CA13Nectar= 69.2036030814052
CA410Pollen= 7.24822808846366
CA410Nectar= 157.989651481621
CA1120Pollen= 0.80249068653211
CA1120Nectar= 98.6988627538085
IPollenTrips= 6.18451648857445
INectarTrips= 14.2596734175459
IPollenLoad= 1.00049465661868
INectarLoad= 3.10814592055976
