ICQueenStrength= 2.72438893816434
RQWkrDrnRatio= 2.27909296378493
ICDroneMiteSurvivorship= 35.7124872272834
ICWorkerMiteSurvivorship= 72.8042569477111
ICForagerLifespan= 14.8351017637178
ImmType= Logarithmic
AIAdultSlope= 2.95441100383177
AIAdultLD50= 0.096914794202894
AIAdultSlopeContact= 2.3826554425084
AIAdultLD50Contact= 0.0040797881083563
AILarvaSlope= 1.05771577646956
AILarvaLD50= 0.362189046037383
AIKOW= 4.37676624860615
AIKOC= 25.6846303655766
AIHalfLife= 1.64713126297574
EAppRate= 0.867567248642445
FoliarEnabled= true
