ICQueenStrength= 1.19517475855537
RQWkrDrnRatio= 1.46323704719543
ICDroneMiteSurvivorship= 46.139272628352
ICWorkerMiteSurvivorship= 22.5793123710901
ICForagerLifespan= 9.26949938293546
ImmType= Tangent
RQQueenStrength= 2.78194185718894
RQEnableReQueen= true
AIAdultSlope= 5.17599237710238
AIAdultLD50= 66.1311341149872
AIAdultSlopeContact= 5.87494168779813
AIAdultLD50Contact= 97.0911001874006
AILarvaSlope= 2.29679235816002
AILarvaLD50= 37.6939904059973
AIKOW= 3701.98242824705
AIKOC= 81505.0845170661
AIHalfLife= 28.6242910742061
EAppRate= 2.50231112933368
FoliarEnabled= true
FoliarAppDate= 06/07/1989
FoliarForageBegin= 06/05/1989
FoliarForageEnd= 06/28/1989
AIContactFactor= 2.06201683885418
CL4Pollen= 2.42881796136498
CL4Nectar= 30.8436618186533
CL5Pollen= 0.244109467137605
CL5Nectar= 147.734845778905
CLDPollen= 4.5355222960934
CLDNectar= 73.5386085463688
CA13Pollen= 2.83549242354929
CA13Nectar= 83.1722337752581
CA410Pollen= 2.57464868861716
CA410Nectar= 70.8653944917023
CA1120Pollen= 0.769569277530536
CA1120Nectar= 30.7108049839735
IPollenTrips= 10.5722100404091
INectarTrips= 8.22901910636574
IPollenLoad= 5.17653748393059
INectarLoad= 0.414911485277116
