ICQueenStrength= 4.67400120128877
RQWkrDrnRatio= 1.41200474556535
ICDroneMiteSurvivorship= 58.9640226215124
ICWorkerMiteSurvivorship= 71.1846505990252
ICForagerLifespan= 7.98089147545397
ImmType= Tangent
RQQueenStrength= 1.70971361827105
RQEnableReQueen= true
AIAdultSlope= 4.84666383452713
AIAdultLD50= 38.3324924916415
AIAdultSlopeContact= 1.66917093493976
AIAdultLD50Contact= 80.5327464408556
AILarvaSlope= 5.01508165709674
AILarvaLD50= 63.0281540436139
AIKOW= 90693.1972590372
AIKOC= 65683.6591172863
AIHalfLife= 32.1140155725647
EAppRate= 7.8406780852126
FoliarEnabled= true
FoliarAppDate= 06/07/1989
FoliarForageBegin= 06/05/1989
FoliarForageEnd= 06/28/1989
AIContactFactor= 0.571700028595514
CL4Pollen= 1.88160421326756
CL4Nectar= 3.04190509486943
CL5Pollen= 2.96547345723957
CL5Nectar= 4.6924241236411
CLDPollen= 5.88034983398393
CLDNectar= 84.2691647820175
CA13Pollen= 2.86179116163403
CA13Nectar= 28.4418182075024
CA410Pollen= 7.15634292108007
CA410Nectar= 84.1891453973949
CA1120Pollen= 2.39032071456313
CA1120Nectar= 23.6589097045362
IPollenTrips= 7.8089330974035
INectarTrips= 5.62681485898793
IPollenLoad= 4.6921438863501
INectarLoad= 9.76774792186916
ESoilP= 1.42787621496245
ESoilFoc= 0.0181589841889217
