ICQueenStrength= 3.37748138373718
RQWkrDrnRatio= 2.54873655736446
ICDroneMiteSurvivorship= 39.3640090012923
ICWorkerMiteSurvivorship= 61.6892024641857
ICForagerLifespan= 5.22265227884054
ImmType= Cosine
AIAdultSlope= 3.57699372269679
AIAdultLD50= 0.0540094641502947
AIAdultSlopeContact= 3.75935179156484
AIAdultLD50Contact= 0.00399811343522742
AILarvaSlope= 0.533511872962117
AILarvaLD50= 0.695057911262848
AIKOW= 5.1545914914459
AIKOC= 22.4854117271025
AIHalfLife= 0.103498478909023
EAppRate= 7.9326300509274
FoliarEnabled= true
