ICQueenStrength= 1.76563961571082
RQWkrDrnRatio= 1.74159249663353
ICDroneMiteSurvivorship= 53.4956776537001
ICWorkerMiteSurvivorship= 48.7710103858262
ICForagerLifespan= 11.5083489203826
ImmType= Logarithmic
RQQueenStrength= 5.05949965468608
RQEnableReQueen= true
AIAdultSlope= 8.33136339113116
AIAdultLD50= 19.5740711181159
AIAdultSlopeContact= 3.89562662364915
AIAdultLD50Contact= 26.1070769765915
AILarvaSlope= 6.662228545174
AILarvaLD50= 22.5418514887372
AIKOW= 27014.9951676894
AIKOC= 13512.696823695
AIHalfLife= 12.8790809804574
EAppRate= 5.41459313459089
FoliarEnabled= true
FoliarAppDate= 06/07/1989
FoliarForageBegin= 06/05/1989
FoliarForageEnd= 06/28/1989
AIContactFactor= 2.04324743655045
CL4Pollen= 0.612370974384248
CL4Nectar= 62.8578939009458
CL5Pollen= 4.25215835636482
CL5Nectar= 83.9616081328131
CLDPollen= 1.50207023089752
CLDNectar= 141.233535704669
CA13Pollen= 2.64889411097392
CA13Nectar= 57.4116848967969
CA410Pollen= 9.35618403712288
CA410Nectar= 83.647268852219
CA1120Pollen= 0.463189528556541
CA1120Nectar= 29.7541110403836
IPollenTrips= 12.6440751040354
INectarTrips= 5.64948636339977
IPollenLoad= 5.22375607630238
INectarLoad= 9.31373553117737
ESoilP= 1.06097587198019
ESoilFoc= 0.0183363380422816
