ICQueenStrength= 2.77368486765772
RQWkrDrnRatio= 1.75917734112591
ICDroneMiteSurvivorship= 45.5693113617599
ICWorkerMiteSurvivorship= 83.8273807661608
ICForagerLifespan= 6.36702239327133
ImmType= Sine
RQQueenStrength= 3.35578237567097
RQEnableReQueen= true
AIAdultSlope= 2.17561178095639
AIAdultLD50= 58.7932827027352
AIAdultSlopeContact= 7.14103788486682
AIAdultLD50Contact= 42.311608028213
AILarvaSlope= 2.58216484822333
AILarvaLD50= 72.8468539496895
AIKOW= 19419.9478740041
AIKOC= 85519.9392931748
AIHalfLife= 30.2340956777567
EAppRate= 5.52779433778604
FoliarEnabled= true
FoliarAppDate= 06/07/1989
FoliarForageBegin= 06/05/1989
FoliarForageEnd= 06/28/1989
AIContactFactor= 1.03966334999073
CL4Pollen= 3.33876961097121
CL4Nectar= 98.4558499185368
CL5Pollen= 1.39447594480589
CL5Nectar= 28.5710946656764
CLDPollen= 4.20836507482454
CLDNectar= 109.235457528848
CA13Pollen= 4.05703682433814
CA13Nectar= 39.4061898440123
CA410Pollen= 8.68506504914258
CA410Nectar= 128.23718692176
CA1120Pollen= 1.14179543335922
CA1120Nectar= 99.8485568910837
IPollenTrips= 12.0212512346916
INectarTrips= 6.95635723648593
IPollenLoad= 0.104971488472074
INectarLoad= 0.325991862919182
