ICQueenStrength= 3.33019924489781
RQWkrDrnRatio= 1.62244917917997
ICDroneMiteSurvivorship= 19.4564588367939
ICWorkerMiteSurvivorship= 68.3289753040299
ICForagerLifespan= 5.72075790259987
ImmType= Sine
RQQueenStrength= 2.3067210582085
RQEnableReQueen= true
AIAdultSlope= 1.56234120577574
AIAdultLD50= 30.2630634532706
AIAdultSlopeContact= 5.41519582644105
AIAdultLD50Contact= 17.1502579247837
AILarvaSlope= 7.57610892131925
AILarvaLD50= 53.2548070444788
AIKOW= 60389.1972481999
AIKOC= 91958.2626999917
AIHalfLife= 9.08768102272879
EAppRate= 3.4202322180781
FoliarEnabled= true
FoliarAppDate= 06/07/1989
FoliarForageBegin= 06/05/1989
FoliarForageEnd= 06/28/1989
AIContactFactor= 0.504174072509632
CL4Pollen= 2.995913955383
CL4Nectar= 71.7057730304077
CL5Pollen= 5.79498790483922
CL5Nectar= 27.6374780572951
CLDPollen= 5.33796890778467
CLDNectar= 122.820826980751
CA13Pollen= 3.77027963874862
CA13Nectar= 69.7052245028317
CA410Pollen= 8.7715583155863
CA410Nectar= 179.495210461318
CA1120Pollen= 1.14085493283346
CA1120Nectar= 94.3504572659731
IPollenTrips= 14.2945040622726
INectarTrips= 14.8634724318981
IPollenLoad= 8.34874584106728
INectarLoad= 3.75051622511819
