ICQueenStrength= 4.79251623293385
RQWkrDrnRatio= 1.68356326781213
ICDroneMiteSurvivorship= 53.1916325213388
ICWorkerMiteSurvivorship= 58.7811064673588
ICForagerLifespan= 8.71731185354292
ImmType= Logarithmic
AIAdultSlope= 2.97910370302387
AIAdultLD50= 0.177141872653738
AIAdultSlopeContact= 2.25274019988254
AIAdultLD50Contact= 0.0193249021889642
AILarvaSlope= 0.780101559264585
AILarvaLD50= 0.151466129045002
AIKOW= 4.46301778592169
AIKOC= 5.7804446911905
AIHalfLife= 2.53681087507866
EAppRate= 9.69410113524646
FoliarEnabled= true
