ICQueenStrength= 1.71533865761012
RQWkrDrnRatio= 1.54510489013046
ICDroneMiteSurvivorship= 39.0602234052494
ICWorkerMiteSurvivorship= 62.2775386553258
ICForagerLifespan= 4.68032695818692
ImmType= Tangent
RQQueenStrength= 1.71491088531911
RQEnableReQueen=true
AIAdultSlope= 3.66981464624405
AIAdultLD50= 0.651206253862474
AIAdultSlopeContact= 9.67106448113918
AIAdultLD50Contact= 64.9786497397772
AILarvaSlope= 5.8710759896785
AILarvaLD50= 54.3436288707466
AIKOW= 34289.2637063165
AIKOC= 94981.3222169701
AIHalfLife= 22.621103034541
EAppRate= 0.0189796193353832
FoliarEnabled=true
FoliarAppDate= 07/01/1989
FoliarForageBegin= 07/01/1989
FoliarForageEnd= 07/14/1989
AIContactFactor= 0.595262867598794
CL4Pollen= 2.58431702200323
CL4Nectar= 91.2693586898968
CL5Pollen= 1.27703547338024
CL5Nectar= 5.69184062769637
CLDPollen= 0.292638670653105
CLDNectar= 53.0280161532573
CA13Pollen= 8.16385855367407
CA13Nectar= 38.7180556356907
CA410Pollen= 9.4887793284608
CA410Nectar= 86.9881840189919
CA1120Pollen= 1.96140534826554
CA1120Nectar= 66.5914675593376
IPollenTrips= 10.3716811281629
INectarTrips= 9.50157997896895
IPollenLoad= 9.83768328558654
INectarLoad= 8.90521218068898
