ICQueenStrength= 4.82764374255203
RQWkrDrnRatio= 1.81314932461828
ICDroneMiteSurvivorship= 98.3608503825963
ICWorkerMiteSurvivorship= 98.5780622577295
ICForagerLifespan= 12.5225651469082
ImmType= Exponential
RQQueenStrength= 4.61949459300376
RQEnableReQueen= true
AIAdultSlope= 5.5091091003269
AIAdultLD50= 17.7358385767234
AIAdultSlopeContact= 8.75463745882735
AIAdultLD50Contact= 88.5873435937711
AILarvaSlope= 8.50146911665797
AILarvaLD50= 53.1330156702965
AIKOW= 23598.7978088832
AIKOC= 45888.9329749795
AIHalfLife= 23.647451479733
EAppRate= 7.02785237351223
FoliarEnabled= true
FoliarAppDate= 06/07/1989
FoliarForageBegin= 06/05/1989
FoliarForageEnd= 06/28/1989
AIContactFactor= 0.607378062875941
CL4Pollen= 1.2775392672047
CL4Nectar= 13.5825851932168
CL5Pollen= 0.231189558282495
CL5Nectar= 4.62658912874758
CLDPollen= 2.29690607171506
CLDNectar= 95.1517089502886
CA13Pollen= 3.89450724450871
CA13Nectar= 87.3426015675068
CA410Pollen= 7.36524267315399
CA410Nectar= 167.942447233945
CA1120Pollen= 2.55882356269285
CA1120Nectar= 30.6075807660818
IPollenTrips= 7.63389836298302
INectarTrips= 6.81406884687021
IPollenLoad= 0.00154101755470037
INectarLoad= 6.37266660574824
