ICQueenStrength= 1.12335006985813
RQWkrDrnRatio= 3.40304054692388
ICDroneMiteSurvivorship= 39.79390792083
ICWorkerMiteSurvivorship= 43.0416864808649
ICForagerLifespan= 15.233272892423
ImmType= Polynomial
RQQueenStrength= 2.13670468516648
RQEnableReQueen=true
AIAdultSlope= 1.00946499966085
AIAdultLD50= 0.0230289055404719
AIAdultSlopeContact= 6.2436844825279
AIAdultLD50Contact= 27.0709399857093
AILarvaSlope= 4.1578661929816
AILarvaLD50= 16.5847360142821
AIKOW= 36176.5202162737
AIKOC= 20529.9654151611
AIHalfLife= 33.6513896759832
EAppRate= 6.12929629880074
FoliarEnabled=true
FoliarAppDate= 07/01/1989
FoliarForageBegin= 07/01/1989
FoliarForageEnd= 07/14/1989
AIContactFactor= 2.17164723836351
CL4Pollen= 0.947585627436638
CL4Nectar= 60.400167084299
CL5Pollen= 4.32750651519746
CL5Nectar= 64.2049750545993
CLDPollen= 0.495898431167006
CLDNectar= 17.0891594141722
CA13Pollen= 6.01058016605675
CA13Nectar= 97.9564774222672
CA410Pollen= 2.80612191052642
CA410Nectar= 57.7855048747733
CA1120Pollen= 2.56501200422645
CA1120Nectar= 41.4893633499742
IPollenTrips= 9.38726446591318
INectarTrips= 13.4054013853893
IPollenLoad= 5.22345423931256
INectarLoad= 5.68297458812594
