ICQueenStrength= 3.1815742214676
RQWkrDrnRatio= 4.83324787113816
ICDroneMiteSurvivorship= 16.0830130334944
ICWorkerMiteSurvivorship= 53.3002233831212
ICForagerLifespan= 13.5001843106002
ImmType= Tangent
RQQueenStrength= 2.9001961091999
RQEnableReQueen= true
AIAdultSlope= 1.38649806007743
AIAdultLD50= 6.56215731634689
AIAdultSlopeContact= 3.88238022010773
AIAdultLD50Contact= 47.8244248652593
AILarvaSlope= 4.10288445279002
AILarvaLD50= 96.282545352601
AIKOW= 39373.9880385521
AIKOC= 14401.9881597206
AIHalfLife= 7.8007160091307
EAppRate= 3.53454306729254
FoliarEnabled= true
FoliarAppDate= 06/07/1989
FoliarForageBegin= 06/05/1989
FoliarForageEnd= 06/28/1989
AIContactFactor= 1.96822144532576
CL4Pollen= 3.0570312384516
CL4Nectar= 80.1125000696629
CL5Pollen= 4.56456460431218
CL5Nectar= 135.278507089242
CLDPollen= 2.29472814314067
CLDNectar= 31.0603706748225
CA13Pollen= 3.90392107730731
CA13Nectar= 24.5409213192761
CA410Pollen= 9.34067181672435
CA410Nectar= 62.8814810141921
CA1120Pollen= 1.94641481037252
CA1120Nectar= 21.3779957406223
IPollenTrips= 6.49664006661624
INectarTrips= 10.9788330714218
IPollenLoad= 6.96473981719464
INectarLoad= 9.63792300084606
