ICQueenStrength= 4.32488474901766
RQWkrDrnRatio= 4.45370632410049
ICDroneMiteSurvivorship= 99.4303884217516
ICWorkerMiteSurvivorship= 25.1868713414297
ICForagerLifespan= 7.59726646356285
ImmType= Polynomial
RQQueenStrength= 4.81436762982048
RQEnableReQueen= true
AIAdultSlope= 4.10935870744288
AIAdultLD50= 53.3063458970813
AIAdultSlopeContact= 9.49317696783692
AIAdultLD50Contact= 73.9362361238638
AILarvaSlope= 4.12125354073942
AILarvaLD50= 32.8209917864962
AIKOW= 43977.3214891459
AIKOC= 57831.3876749529
AIHalfLife= 6.31528292705771
EAppRate= 7.10057342163636
FoliarEnabled= true
FoliarAppDate= 06/07/1989
FoliarForageBegin= 06/05/1989
FoliarForageEnd= 06/28/1989
AIContactFactor= 0.765385061879642
CL4Pollen= 3.80289846006781
CL4Nectar= 98.4411911573261
CL5Pollen= 5.64420879492536
CL5Nectar= 25.2319443854503
CLDPollen= 1.21315841982141
CLDNectar= 20.7307611708529
CA13Pollen= 6.452079912927
CA13Nectar= 59.9849117547274
CA410Pollen= 8.01336241874378
CA410Nectar= 71.6413602419198
CA1120Pollen= 1.89092418830842
CA1120Nectar= 64.5530625246465
IPollenTrips= 12.9485972318798
INectarTrips= 13.4115715860389
IPollenLoad= 4.8100990918465
INectarLoad= 4.27419913001359
ESoilP= 1.5441209282726
ESoilFoc= 0.015003819597885
