ICQueenStrength= 4.26212892774493
RQWkrDrnRatio= 2.61925145704299
ICDroneMiteSurvivorship= 61.8310852441937
ICWorkerMiteSurvivorship= 61.1559267621487
ICForagerLifespan= 14.7211810629815
ImmType= Exponential
RQQueenStrength= 1.08753860136494
RQEnableReQueen= true
AIAdultSlope= 1.66776573099196
AIAdultLD50= 79.3756694805597
AIAdultSlopeContact= 2.91030270420015
AIAdultLD50Contact= 65.7202186109784
AILarvaSlope= 7.92762590199709
AILarvaLD50= 17.0865662723021
AIKOW= 57905.0648444423
AIKOC= 67499.8632129759
AIHalfLife= 16.8243662289577
EAppRate= 8.12853644319437
FoliarEnabled= true
FoliarAppDate= 06/07/1989
FoliarForageBegin= 06/05/1989
FoliarForageEnd= 06/28/1989
AIContactFactor= 2.05828201764263
CL4Pollen= 2.25290009006858
CL4Nectar= 13.4261429077014
CL5Pollen= 5.89235938154161
CL5Nectar= 140.924139996059
CLDPollen= 0.598807240370661
CLDNectar= 53.5657327738591
CA13Pollen= 2.87878383025527
CA13Nectar= 66.864950414747
CA410Pollen= 6.03128613010049
CA410Nectar= 46.8151938542724
CA1120Pollen= 0.372942424379289
CA1120Nectar= 77.9236494004726
IPollenTrips= 14.7785216243938
INectarTrips= 8.94535538041964
IPollenLoad= 1.08465409372002
INectarLoad= 9.5637759170495
ESoilP= 1.87854712968692
ESoilFoc= 0.0106053819158114
