ICQueenStrength= 1.34838423412293
RQWkrDrnRatio= 2.66848728712648
ICDroneMiteSurvivorship= 98.3018308412284
ICWorkerMiteSurvivorship= 98.1545038288459
ICForagerLifespan= 11.6783984042704
ImmType= Sine
RQQueenStrength= 2.04780796449631
RQEnableReQueen=true
AIAdultSlope= 4.85750806517899
AIAdultLD50= 0.668670781336492
AIAdultSlopeContact= 2.48500190931372
AIAdultLD50Contact= 12.7005453967769
AILarvaSlope= 5.50059502013028
AILarvaLD50= 58.1151023648318
AIKOW= 48738.6453236887
AIKOC= 36326.8323403492
AIHalfLife= 15.1983735657763
EAppRate= 4.92490135977604
FoliarEnabled=true
FoliarAppDate= 07/01/1989
FoliarForageBegin= 07/01/1989
FoliarForageEnd= 07/14/1989
AIContactFactor= 2.15272655160632
CL4Pollen= 2.85475163720548
CL4Nectar= 90.1848836801946
CL5Pollen= 4.62185995560139
CL5Nectar= 39.5587980863638
CLDPollen= 0.837658502161503
CLDNectar= 144.978931092191
CA13Pollen= 4.6009415092878
CA13Nectar= 68.614812977612
CA410Pollen= 2.9580466697691
CA410Nectar= 100.081570302136
CA1120Pollen= 1.60675703384914
CA1120Nectar= 90.218296404928
IPollenTrips= 6.60186412045732
INectarTrips= 7.53448388772085
IPollenLoad= 2.51243942882866
INectarLoad= 3.37507707066834
