ICQueenStrength= 5.19056753860787
RQWkrDrnRatio= 2.1423955168575
ICDroneMiteSurvivorship= 87.3881040140986
ICWorkerMiteSurvivorship= 99.0983868017793
ICForagerLifespan= 12.2671225685626
ImmType= Exponential
RQQueenStrength= 3.00903280754574
RQEnableReQueen= true
AIAdultSlope= 3.90247614867985
AIAdultLD50= 51.1877392631955
AIAdultSlopeContact= 8.0972220278345
AIAdultLD50Contact= 86.1690638913128
AILarvaSlope= 1.94022518210113
AILarvaLD50= 10.7208559169401
AIKOW= 82629.2985725822
AIKOC= 34147.4269690828
AIHalfLife= 5.85172894345596
EAppRate= 1.76520195383276
FoliarEnabled= true
FoliarAppDate= 06/07/1989
FoliarForageBegin= 06/05/1989
FoliarForageEnd= 06/28/1989
AIContactFactor= 1.22666817567311
CL4Pollen= 0.323541080579162
CL4Nectar= 92.2951965592802
CL5Pollen= 4.61493003834039
CL5Nectar= 94.8983190930448
CLDPollen= 5.63908010954037
CLDNectar= 70.2831151080318
CA13Pollen= 7.20221092905849
CA13Nectar= 55.071407686919
CA410Pollen= 9.28622839478776
CA410Nectar= 153.156694308855
CA1120Pollen= 2.52963437698781
CA1120Nectar= 67.5611815974116
IPollenTrips= 10.2539432607591
INectarTrips= 12.6324758003466
IPollenLoad= 0.467263993341476
INectarLoad= 6.32032280322164
