ICQueenStrength= 2.94327341974713
RQWkrDrnRatio= 3.97972429264337
ICDroneMiteSurvivorship= 19.6029131067917
ICWorkerMiteSurvivorship= 11.9046356296167
ICForagerLifespan= 15.0969716357067
ImmType= Logarithmic
RQQueenStrength= 1.84041660651565
RQEnableReQueen= true
AIAdultSlope= 1.22946758940816
AIAdultLD50= 33.3732110977662
AIAdultSlopeContact= 4.93582853744738
AIAdultLD50Contact= 50.6545880321646
AILarvaSlope= 5.20677210763097
AILarvaLD50= 67.759406016398
AIKOW= 45421.1544574793
AIKOC= 29196.7094430197
AIHalfLife= 2.02174852555618
EAppRate= 3.07164348989329
FoliarEnabled= true
FoliarAppDate= 06/07/1989
FoliarForageBegin= 06/05/1989
FoliarForageEnd= 06/28/1989
AIContactFactor= 2.21390640122816
CL4Pollen= 3.65145781077445
CL4Nectar= 48.5328080132604
CL5Pollen= 1.37573328986764
CL5Nectar= 18.2351001072675
CLDPollen= 4.17191034229472
CLDNectar= 103.326390415896
CA13Pollen= 4.09007860654965
CA13Nectar= 91.6046461090446
CA410Pollen= 7.31976720378734
CA410Nectar= 37.3475047713146
CA1120Pollen= 0.345423482358456
CA1120Nectar= 78.2726834714413
IPollenTrips= 9.77496386272833
INectarTrips= 12.8512102249078
IPollenLoad= 6.07825383078307
INectarLoad= 5.81050863489509
