ICQueenStrength= 2.3107645814307
RQWkrDrnRatio= 2.64782637078315
ICDroneMiteSurvivorship= 57.7245791209862
ICWorkerMiteSurvivorship= 52.0682247588411
ICForagerLifespan= 11.6061082109809
ImmType= Logarithmic
RQQueenStrength= 1.6195704836864
RQEnableReQueen= true
AIAdultSlope= 5.67441231198609
AIAdultLD50= 76.265337622301
AIAdultSlopeContact= 6.71410450269468
AIAdultLD50Contact= 73.8413415888927
AILarvaSlope= 3.32317648269236
AILarvaLD50= 51.6053069748506
AIKOW= 5012.31474264158
AIKOC= 18432.9676703541
AIHalfLife= 5.8945335140219
EAppRate= 5.93657631699997
FoliarEnabled= true
FoliarAppDate= 06/07/1989
FoliarForageBegin= 06/05/1989
FoliarForageEnd= 06/28/1989
AIContactFactor= 1.04737117348704
CL4Pollen= 3.30160492938012
CL4Nectar= 98.1034124037251
CL5Pollen= 4.01372276432812
CL5Nectar= 31.8738791160285
CLDPollen= 5.12910068174824
CLDNectar= 147.314984793775
CA13Pollen= 3.49339139256626
CA13Nectar= 45.0109981186688
CA410Pollen= 7.94019839433022
CA410Nectar= 58.0128963105381
CA1120Pollen= 2.15331458835863
CA1120Nectar= 81.1401841975749
IPollenTrips= 6.99461207492277
INectarTrips= 5.67462271545082
IPollenLoad= 3.683193072211
INectarLoad= 6.69764199526981
ESoilP= 1.54949814383872
ESoilFoc= 0.0196810726933181
