ICQueenStrength= 1.70981877739541
RQWkrDrnRatio= 4.21264616120607
ICDroneMiteSurvivorship= 60.9800442587584
ICWorkerMiteSurvivorship= 36.5693884668872
ICForagerLifespan= 7.52152351569384
ImmType= Exponential
RQQueenStrength= 5.15950293536298
RQEnableReQueen= true
AIAdultSlope= 6.08177771419287
AIAdultLD50= 16.0317897198803
AIAdultSlopeContact= 7.18769043893553
AIAdultLD50Contact= 42.1016435698469
AILarvaSlope= 7.23871619254351
AILarvaLD50= 78.7459432761916
AIKOW= 29929.0668673906
AIKOC= 60949.8333438903
AIHalfLife= 30.8012071600184
EAppRate= 6.49366073353658
FoliarEnabled= true
FoliarAppDate= 06/07/1989
FoliarForageBegin= 06/05/1989
FoliarForageEnd= 06/28/1989
AIContactFactor= 0.759066479662433
CL4Pollen= 1.1198474643752
CL4Nectar= 3.06763025000691
CL5Pollen= 5.92738136043772
CL5Nectar= 16.0494536161423
CLDPollen= 3.82056998647749
CLDNectar= 57.8317421022803
CA13Pollen= 2.59195484807715
CA13Nectar= 92.9587254859507
CA410Pollen= 7.51506749789696
CA410Nectar= 189.324386008084
CA1120Pollen= 2.74956960068084
CA1120Nectar= 26.6098742000759
IPollenTrips= 7.84681269899011
INectarTrips= 6.22195163276047
IPollenLoad= 8.61036007059738
INectarLoad= 0.506016362924129
