ICQueenStrength= 2.69891959056258
RQWkrDrnRatio= 4.95246395003051
ICDroneMiteSurvivorship= 0.770632340572774
ICWorkerMiteSurvivorship= 0.0191874802112579
ICForagerLifespan= 8.0967289833352
ImmType= Tangent
RQQueenStrength= 2.68208726332523
RQEnableReQueen= true
AIAdultSlope= 4.56201057136059
AIAdultLD50= 97.218908473888
AIAdultSlopeContact= 8.52688851812854
AIAdultLD50Contact= 59.4162341851974
AILarvaSlope= 3.48524393513799
AILarvaLD50= 65.4205373701321
AIKOW= 62589.5725720697
AIKOC= 77106.2948943535
AIHalfLife= 3.23315307430457
EAppRate= 4.92128964691376
FoliarEnabled= true
FoliarAppDate= 06/07/1989
FoliarForageBegin= 06/05/1989
FoliarForageEnd= 06/28/1989
AIContactFactor= 0.270658391765319
CL4Pollen= 0.0239756163209677
CL4Nectar= 93.4004085836932
CL5Pollen= 5.83308980707079
CL5Nectar= 14.8264285759069
CLDPollen= 4.3790657389909
CLDNectar= 35.7179214712232
CA13Pollen= 4.42679511317983
CA13Nectar= 67.1171103231609
CA410Pollen= 2.44531361910049
CA410Nectar= 75.9248426323757
CA1120Pollen= 0.188944157911465
CA1120Nectar= 64.2336448468268
IPollenTrips= 11.5725445561111
INectarTrips= 8.93207461806014
IPollenLoad= 7.01709835324436
INectarLoad= 7.46854407945648
