ICQueenStrength= 1.78964876709506
RQWkrDrnRatio= 4.25923762097955
ICDroneMiteSurvivorship= 47.7866932051256
ICWorkerMiteSurvivorship= 31.1402411665767
ICForagerLifespan= 4.7570838117972
ImmType= Sine
RQQueenStrength= 5.23407265683636
RQEnableReQueen= true
AIAdultSlope= 5.43785754963756
AIAdultLD50= 4.38952452496579
AIAdultSlopeContact= 2.27310444670729
AIAdultLD50Contact= 72.3657884151253
AILarvaSlope= 2.4751383960247
AILarvaLD50= 23.2876904545247
AIKOW= 18735.7355614051
AIKOC= 70750.249195796
AIHalfLife= 11.305166217545
EAppRate= 9.11033774848143
FoliarEnabled= true
FoliarAppDate= 06/07/1989
FoliarForageBegin= 06/05/1989
FoliarForageEnd= 06/28/1989
AIContactFactor= 2.12556790973991
CL4Pollen= 2.5577412461862
CL4Nectar= 83.153247856535
CL5Pollen= 1.20390640525147
CL5Nectar= 83.9193096966483
CLDPollen= 5.91190888546407
CLDNectar= 2.79504689387977
CA13Pollen= 3.68769829981029
CA13Nectar= 72.5628010556102
CA410Pollen= 4.67840850243811
CA410Nectar= 140.936758243479
CA1120Pollen= 2.74917648243718
CA1120Nectar= 95.1418993249536
IPollenTrips= 8.296427289024
INectarTrips= 8.09261962072924
IPollenLoad= 0.32136962050572
INectarLoad= 0.246094388421625
ESoilP= 1.91727301827632
ESoilFoc= 0.0176837351538707
