ICQueenStrength= 2.31679945858195
RQWkrDrnRatio= 2.71399519499391
ICDroneMiteSurvivorship= 3.18861326668411
ICWorkerMiteSurvivorship= 77.2211215924472
ICForagerLifespan= 7.23364650644362
ImmType= Logarithmic
AIAdultSlope= 1.83023576749954
AIAdultLD50= 0.175615039374679
AIAdultSlopeContact= 2.60515320188133
AIAdultLD50Contact= 0.0251895202323794
AILarvaSlope= 3.06841865298338
AILarvaLD50= 0.288377807009965
AIKOW= 4.69029521103948
AIKOC= 5.51751913852058
AIHalfLife= 2.79401055066846
EAppRate= 7.82715917332098
FoliarEnabled= true
