ICQueenStrength= 2.22964538633823
RQWkrDrnRatio= 2.8930420037359
ICDroneMiteSurvivorship= 26.4897825429216
ICWorkerMiteSurvivorship= 72.9275980498642
ICForagerLifespan= 5.86225888412446
ImmType= Cosine
RQQueenStrength= 4.04107055999339
RQEnableReQueen= true
AIAdultSlope= 3.55709527246654
AIAdultLD50= 83.1865892600534
AIAdultSlopeContact= 9.89979960513301
AIAdultLD50Contact= 56.5709124048618
AILarvaSlope= 1.37787011265755
AILarvaLD50= 74.6031721812573
AIKOW= 8205.08422926535
AIKOC= 1184.97121511283
AIHalfLife= 14.1832584638381
EAppRate= 0.532942651030142
FoliarEnabled= true
FoliarAppDate= 06/07/1989
FoliarForageBegin= 06/05/1989
FoliarForageEnd= 06/28/1989
AIContactFactor= 1.07327645638958
CL4Pollen= 1.28902253415436
CL4Nectar= 33.4288122365251
CL5Pollen= 3.57853598892689
CL5Nectar= 127.480421040673
CLDPollen= 3.4663497749716
CLDNectar= 93.7269580434076
CA13Pollen= 7.45156507734209
CA13Nectar= 63.7499100342393
CA410Pollen= 3.38881682939827
CA410Nectar= 181.776354881003
CA1120Pollen= 0.984107741620392
CA1120Nectar= 28.7354698590934
IPollenTrips= 6.80387733271345
INectarTrips= 8.08047745842487
IPollenLoad= 0.00579228391870856
INectarLoad= 7.33946555061266
ESoilP= 1.8990447842516
ESoilFoc= 0.0168155652282294
