ICQueenStrength= 3.05866535427049
RQWkrDrnRatio= 3.73279088269919
ICDroneMiteSurvivorship= 95.2358641196042
ICWorkerMiteSurvivorship= 97.6621892070398
ICForagerLifespan= 5.6068868227303
ImmType= Logarithmic
RQQueenStrength= 5.78817526018247
RQEnableReQueen= true
AIAdultSlope= 8.80593948252499
AIAdultLD50= 63.4962575369233
AIAdultSlopeContact= 5.96074159163982
AIAdultLD50Contact= 38.9013276189191
AILarvaSlope= 1.63176529854536
AILarvaLD50= 36.8835450518427
AIKOW= 78263.7979219734
AIKOC= 22447.6884072016
AIHalfLife= 25.2451732537476
EAppRate= 0.831819553237408
FoliarEnabled= true
FoliarAppDate= 06/07/1989
FoliarForageBegin= 06/05/1989
FoliarForageEnd= 06/28/1989
AIContactFactor= 2.10971333220135
CL4Pollen= 3.85157028026879
CL4Nectar= 20.5513345310465
CL5Pollen= 5.19307634839788
CL5Nectar= 75.7945100544021
CLDPollen= 1.55395176401362
CLDNectar= 59.2505733249709
CA13Pollen= 5.60863275807351
CA13Nectar= 26.9347562268376
CA410Pollen= 7.1768363781739
CA410Nectar= 149.317942876369
CA1120Pollen= 2.18188445619307
CA1120Nectar= 90.5520069412887
IPollenTrips= 10.2072393451817
INectarTrips= 10.8631424279884
IPollenLoad= 2.05560062779114
INectarLoad= 7.68330718157813
ESoilP= 1.02638292056508
ESoilFoc= 0.00380982600827701
