ICQueenStrength= 4.03661553189158
RQWkrDrnRatio= 4.23099571373314
ICDroneMiteSurvivorship= 68.2530304184183
ICWorkerMiteSurvivorship= 32.0203444221988
ICForagerLifespan= 8.86872749775648
ImmType= Cosine
RQQueenStrength= 4.02576819900423
RQEnableReQueen= true
AIAdultSlope= 1.22166617773473
AIAdultLD50= 33.1292853700102
AIAdultSlopeContact= 7.62085667974316
AIAdultLD50Contact= 81.6313583019755
AILarvaSlope= 7.46542567387223
AILarvaLD50= 58.5601447490111
AIKOW= 48578.3237930024
AIKOC= 65768.4825703457
AIHalfLife= 15.0274228088791
EAppRate= 4.76169397828891
FoliarEnabled= true
FoliarAppDate= 06/07/1989
FoliarForageBegin= 06/05/1989
FoliarForageEnd= 06/28/1989
AIContactFactor= 2.13871053954586
CL4Pollen= 2.41396584920585
CL4Nectar= 41.4195656543598
CL5Pollen= 5.99573790701106
CL5Nectar= 113.017054775264
CLDPollen= 3.80776784894988
CLDNectar= 9.19148168759421
CA13Pollen= 6.4430197824724
CA13Nectar= 93.0365191027522
CA410Pollen= 2.2175883154152
CA410Nectar= 77.8455743519589
CA1120Pollen= 1.27793776290491
CA1120Nectar= 23.9191958680749
IPollenTrips= 8.65982085932046
INectarTrips= 12.0131537155248
IPollenLoad= 7.23765211645514
INectarLoad= 2.55958198569715
