ICQueenStrength= 5.65274218237028
RQWkrDrnRatio= 3.63765263464302
ICDroneMiteSurvivorship= 69.9848078656942
ICWorkerMiteSurvivorship= 73.3654419658706
ICForagerLifespan= 5.77241014037281
ImmType= Polynomial
RQQueenStrength= 5.63403630419634
RQEnableReQueen= true
AIAdultSlope= 7.03770949319005
AIAdultLD50= 0.695264130070806
AIAdultSlopeContact= 9.52883953717537
AIAdultLD50Contact= 61.3956179381732
AILarvaSlope= 6.80767248384655
AILarvaLD50= 90.6137741029644
AIKOW= 24134.3200169654
AIKOC= 80445.7938427008
AIHalfLife= 21.2706744188676
EAppRate= 0.425014446085552
FoliarEnabled= true
FoliarAppDate= 09/01/1989
FoliarForageBegin= 09/01/1989
FoliarForageEnd= 09/08/1989
AIContactFactor= 0.446559112356044
CL4Pollen= 2.7705629132688
CL4Nectar= 50.4013046389446
CL5Pollen= 4.981689915061
CL5Nectar= 67.684208904393
CLDPollen= 1.70511674461886
CLDNectar= 149.710340495221
CA13Pollen= 2.90667192107067
CA13Nectar= 60.9544242918491
CA410Pollen= 2.36390782343224
CA410Nectar= 27.6364979241043
CA1120Pollen= 0.785902561387047
CA1120Nectar= 42.1813496015966
IPollenTrips= 13.4550942201167
INectarTrips= 13.9068140438758
IPollenLoad= 6.64056288311258
INectarLoad= 7.90105280466378
