ICQueenStrength= 1.95591594232246
RQWkrDrnRatio= 2.68060442898422
ICDroneMiteSurvivorship= 13.7158051133156
ICWorkerMiteSurvivorship= 41.2599630421028
ICForagerLifespan= 15.676584539935
ImmType= Exponential
RQQueenStrength= 2.92490148590878
RQEnableReQueen= true
AIAdultSlope= 6.82521308213472
AIAdultLD50= 68.7272572581435
AIAdultSlopeContact= 1.93198448838666
AIAdultLD50Contact= 11.5167465211831
AILarvaSlope= 6.58868042379618
AILarvaLD50= 40.6025364126887
AIKOW= 2440.29206260566
AIKOC= 70216.2677921238
AIHalfLife= 34.6348380400799
EAppRate= 8.77922425317299
FoliarEnabled= true
FoliarAppDate= 06/07/1989
FoliarForageBegin= 06/05/1989
FoliarForageEnd= 06/28/1989
AIContactFactor= 1.28423586712684
CL4Pollen= 3.16305026598275
CL4Nectar= 52.6612353511155
CL5Pollen= 2.37305579893291
CL5Nectar= 114.299727464095
CLDPollen= 5.54757558507845
CLDNectar= 132.190813799389
CA13Pollen= 2.72605771739036
CA13Nectar= 73.049846496433
CA410Pollen= 3.98987155463547
CA410Nectar= 69.807735523209
CA1120Pollen= 0.0783836951013654
CA1120Nectar= 24.4823290221393
IPollenTrips= 11.4447262440808
INectarTrips= 8.45454018330202
IPollenLoad= 5.86158804828301
INectarLoad= 9.82826951425523
