ICQueenStrength= 1.02842455403879
RQWkrDrnRatio= 3.51116692367941
ICDroneMiteSurvivorship= 21.1114550940692
ICWorkerMiteSurvivorship= 4.68006997834891
ICForagerLifespan= 12.1986964661628
ImmType= Tangent
RQQueenStrength= 1.64265839057043
RQEnableReQueen= true
AIAdultSlope= 4.74459092132747
AIAdultLD50= 84.7828499223467
AIAdultSlopeContact= 5.37928801309317
AIAdultLD50Contact= 17.4075191969781
AILarvaSlope= 6.71992071159184
AILarvaLD50= 32.7074981806446
AIKOW= 46789.5795250553
AIKOC= 87551.5049007116
AIHalfLife= 4.06777547542006
EAppRate= 3.06717808408011
FoliarEnabled= true
FoliarAppDate= 06/07/1989
FoliarForageBegin= 06/05/1989
FoliarForageEnd= 06/28/1989
AIContactFactor= 1.60153898404445
CL4Pollen= 2.99780829437077
CL4Nectar= 30.258330097422
CL5Pollen= 4.57225511083379
CL5Nectar= 95.6499599735253
CLDPollen= 0.590403306763619
CLDNectar= 41.4956549881026
CA13Pollen= 3.33801049627364
CA13Nectar= 60.7225676812232
CA410Pollen= 5.97993183843792
CA410Nectar= 135.171778784133
CA1120Pollen= 0.47224258328788
CA1120Nectar= 45.1287671364844
IPollenTrips= 7.22452518064529
INectarTrips= 8.93287578364834
IPollenLoad= 7.66571371117607
INectarLoad= 3.84699837304652
ESoilP= 1.81515152007341
ESoilFoc= 0.00996806175285019
