ICQueenStrength= 1.03532416187227
RQWkrDrnRatio= 3.90380329266191
ICDroneMiteSurvivorship= 17.172261280939
ICWorkerMiteSurvivorship= 35.5590608669445
ICForagerLifespan= 13.7059652274475
ImmType= Exponential
RQQueenStrength= 2.76753644598648
RQEnableReQueen= true
AIAdultSlope= 1.17949010804296
AIAdultLD50= 0.349301684766309
AIAdultSlopeContact= 2.46327655063942
AIAdultLD50Contact= 32.0663555890759
AILarvaSlope= 3.17381538078189
AILarvaLD50= 96.4598563615074
AIKOW= 41223.3704571549
AIKOC= 26554.9717171793
AIHalfLife= 6.75766829464119
EAppRate= 2.63104336087196
FoliarEnabled= true
FoliarAppDate= 09/01/1989
FoliarForageBegin= 09/01/1989
FoliarForageEnd= 09/08/1989
AIContactFactor= 1.14083435726352
CL4Pollen= 1.86373478267342
CL4Nectar= 69.0134633565322
CL5Pollen= 4.77025615749881
CL5Nectar= 96.397993946448
CLDPollen= 1.74900905415416
CLDNectar= 127.78487233445
CA13Pollen= 4.18911599488929
CA13Nectar= 70.7044543884695
CA410Pollen= 3.25369260844309
CA410Nectar= 171.496602417901
CA1120Pollen= 1.12425120756961
CA1120Nectar= 49.7967018932104
IPollenTrips= 10.6516142119654
INectarTrips= 6.94504017708823
IPollenLoad= 3.45094334101304
INectarLoad= 0.946294977329671
