ICQueenStrength= 3.64707480091602
RQWkrDrnRatio= 2.70779795385897
ICDroneMiteSurvivorship= 28.7069038487971
ICWorkerMiteSurvivorship= 72.4953221855685
ICForagerLifespan= 6.14377576671541
ImmType= Sine
RQQueenStrength= 5.9333101126831
RQEnableReQueen= true
AIAdultSlope= 4.81306355819106
AIAdultLD50= 67.0229377151011
AIAdultSlopeContact= 2.19681636430323
AIAdultLD50Contact= 65.5400119628797
AILarvaSlope= 2.58753278665245
AILarvaLD50= 96.0598567569526
AIKOW= 24282.9784332347
AIKOC= 94060.3289775269
AIHalfLife= 3.27419734697323
EAppRate= 1.2941921059899
FoliarEnabled= true
FoliarAppDate= 06/07/1989
FoliarForageBegin= 06/05/1989
FoliarForageEnd= 06/28/1989
AIContactFactor= 1.00627032496035
CL4Pollen= 1.43238666839898
CL4Nectar= 15.6828802544624
CL5Pollen= 0.885081417392939
CL5Nectar= 39.2740070703439
CLDPollen= 2.77744095912203
CLDNectar= 32.8838738962077
CA13Pollen= 7.26768467649817
CA13Nectar= 68.1306091323495
CA410Pollen= 6.6051928562345
CA410Nectar= 145.036733280867
CA1120Pollen= 2.44578481419012
CA1120Nectar= 47.6286845840514
IPollenTrips= 7.03223042190075
INectarTrips= 6.15303696831688
IPollenLoad= 3.62775748828426
INectarLoad= 8.62209593644366
