ICQueenStrength= 4.96040938608348
RQWkrDrnRatio= 1.42945924308151
ICDroneMiteSurvivorship= 90.0543891591951
ICWorkerMiteSurvivorship= 77.2966034477577
ICForagerLifespan= 15.5276649119332
ImmType= Sine
RQQueenStrength= 1.07527549937367
RQEnableReQueen=true
AIAdultSlope= 1.74743350967765
AIAdultLD50= 0.362213836918818
AIAdultSlopeContact= 7.88537623756565
AIAdultLD50Contact= 56.3430937166787
AILarvaSlope= 3.07235836796463
AILarvaLD50= 13.0468905775247
AIKOW= 65615.7882343763
AIKOC= 2815.9301648282
AIHalfLife= 11.0420261689695
EAppRate= 5.80852891857782
FoliarEnabled=true
FoliarAppDate= 07/01/1989
FoliarForageBegin= 07/01/1989
FoliarForageEnd= 07/14/1989
AIContactFactor= 0.997697696713731
CL4Pollen= 0.63025570474565
CL4Nectar= 3.43652649316937
CL5Pollen= 3.5121131236665
CL5Nectar= 53.7510398542508
CLDPollen= 3.76386444736272
CLDNectar= 46.8473155167885
CA13Pollen= 7.83246356789023
CA13Nectar= 92.0402705855668
CA410Pollen= 4.26185990828089
CA410Nectar= 112.226083739661
CA1120Pollen= 0.15750243421644
CA1120Nectar= 79.1611067391932
IPollenTrips= 9.15976310148835
INectarTrips= 9.88482588669285
IPollenLoad= 9.75365231512114
INectarLoad= 1.31976656848565
