ICQueenStrength= 1.95745757687837
RQWkrDrnRatio= 1.46736729331315
ICDroneMiteSurvivorship= 7.67491513397545
ICWorkerMiteSurvivorship= 80.3688468411565
ICForagerLifespan= 10.2932193353772
ImmType= Sine
RQQueenStrength= 3.94305652659386
RQEnableReQueen=true
AIAdultSlope= 6.26541801728308
AIAdultLD50= 0.465754943877924
AIAdultSlopeContact= 1.49625010997988
AIAdultLD50Contact= 88.0732350646928
AILarvaSlope= 1.32213233970106
AILarvaLD50= 90.5000496944038
AIKOW= 13482.3501713228
AIKOC= 73134.7607133863
AIHalfLife= 19.5600678043673
EAppRate= 5.62908639918198
FoliarEnabled=true
FoliarAppDate= 07/01/1989
FoliarForageBegin= 07/01/1989
FoliarForageEnd= 07/14/1989
AIContactFactor= 1.12455553781241
CL4Pollen= 0.199560418725014
CL4Nectar= 94.5478094276041
CL5Pollen= 2.00360622815788
CL5Nectar= 55.9380933176726
CLDPollen= 5.47123609716073
CLDNectar= 114.956252707634
CA13Pollen= 2.70431090733036
CA13Nectar= 29.2063906230032
CA410Pollen= 3.70246038290206
CA410Nectar= 70.1502785505727
CA1120Pollen= 1.62518026912585
CA1120Nectar= 50.5484391562641
IPollenTrips= 14.5097791892476
INectarTrips= 11.5044578583911
IPollenLoad= 3.15652593504637
INectarLoad= 1.60740673542023
