ICQueenStrength= 4.55815761373378
RQWkrDrnRatio= 1.9178796345368
ICDroneMiteSurvivorship= 52.899466548115
ICWorkerMiteSurvivorship= 83.0605629133061
ICForagerLifespan= 9.91010968480259
ImmType= Tangent
RQQueenStrength= 1.65235336776823
RQEnableReQueen= true
AIAdultSlope= 7.94542920589447
AIAdultLD50= 80.7354369002765
AIAdultSlopeContact= 3.6731156327296
AIAdultLD50Contact= 19.9378959777697
AILarvaSlope= 4.22319499775767
AILarvaLD50= 61.3169235042527
AIKOW= 82946.5998393438
AIKOC= 72854.1923023812
AIHalfLife= 14.4238680872135
EAppRate= 4.35456349258567
FoliarEnabled= true
FoliarAppDate= 06/07/1989
FoliarForageBegin= 06/05/1989
FoliarForageEnd= 06/28/1989
AIContactFactor= 1.97191879059188
CL4Pollen= 2.77518587000668
CL4Nectar= 23.9450232125819
CL5Pollen= 2.90415559289977
CL5Nectar= 39.3197390134446
CLDPollen= 0.431127947755158
CLDNectar= 116.34022530634
CA13Pollen= 2.20224034162238
CA13Nectar= 29.8370746150613
CA410Pollen= 7.64371843747795
CA410Nectar= 60.4605341609567
CA1120Pollen= 0.985392077593133
CA1120Nectar= 48.7100593559444
IPollenTrips= 13.9886956708506
INectarTrips= 14.1997206630185
IPollenLoad= 6.81402336107567
INectarLoad= 6.41116174170747
