ICQueenStrength= 3.16779105481692
RQWkrDrnRatio= 4.1727256430313
ICDroneMiteSurvivorship= 44.4764053449035
ICWorkerMiteSurvivorship= 79.6788206556812
ICForagerLifespan= 7.72151117119938
ImmType= Sine
RQQueenStrength= 1.71296024834737
RQEnableReQueen= true
AIAdultSlope= 1.13880474492908
AIAdultLD50= 38.4837412809988
AIAdultSlopeContact= 3.8749052786734
AIAdultLD50Contact= 32.7195180588386
AILarvaSlope= 4.31668851152062
AILarvaLD50= 52.40032791877
AIKOW= 81917.4068436062
AIKOC= 16655.2193152881
AIHalfLife= 31.0286174460081
EAppRate= 4.51446303068986
FoliarEnabled= true
FoliarAppDate= 06/07/1989
FoliarForageBegin= 06/05/1989
FoliarForageEnd= 06/28/1989
AIContactFactor= 1.00455985403154
CL4Pollen= 1.73494363296777
CL4Nectar= 55.0760990008712
CL5Pollen= 2.10003939270973
CL5Nectar= 130.575133895036
CLDPollen= 0.471137830987573
CLDNectar= 80.5793701903895
CA13Pollen= 3.02333402242512
CA13Nectar= 40.6787513941526
CA410Pollen= 6.51923068710603
CA410Nectar= 64.038063287735
CA1120Pollen= 2.8781716665253
CA1120Nectar= 91.0529928281903
IPollenTrips= 11.8207826884463
INectarTrips= 6.13464932190254
IPollenLoad= 4.46925606112927
INectarLoad= 3.43951412476599
