ICQueenStrength= 5.17560277855955
RQWkrDrnRatio= 4.68004773836583
ICDroneMiteSurvivorship= 28.4251863602549
ICWorkerMiteSurvivorship= 48.0473027098924
ICForagerLifespan= 5.42228375095874
ImmType= Tangent
RQQueenStrength= 4.52061863522977
RQEnableReQueen= true
AIAdultSlope= 5.81317625567317
AIAdultLD50= 67.3084401073509
AIAdultSlopeContact= 2.72421102807857
AIAdultLD50Contact= 90.5481610348104
AILarvaSlope= 5.80176818743348
AILarvaLD50= 16.8841572324659
AIKOW= 93371.5987594046
AIKOC= 69592.9428763266
AIHalfLife= 12.5733745119534
EAppRate= 4.05464904945484
FoliarEnabled= true
FoliarAppDate= 06/07/1989
FoliarForageBegin= 06/05/1989
FoliarForageEnd= 06/28/1989
AIContactFactor= 0.449828144446947
CL4Pollen= 0.942010252736509
CL4Nectar= 86.8640273343772
CL5Pollen= 3.55582201341167
CL5Nectar= 61.4670781767927
CLDPollen= 0.721412510611117
CLDNectar= 34.3673439463601
CA13Pollen= 3.29620088571683
CA13Nectar= 57.2545925714076
CA410Pollen= 8.91992975790054
CA410Nectar= 68.6185136577114
CA1120Pollen= 1.91669383831322
CA1120Nectar= 65.0510816089809
IPollenTrips= 14.9444269645028
INectarTrips= 12.8122164844535
IPollenLoad= 3.87230449588969
INectarLoad= 0.167016990017146
ESoilP= 1.65928475931287
ESoilFoc= 0.00835981539147906
