ICQueenStrength= 2.60085209924728
RQWkrDrnRatio= 2.34963986370713
ICDroneMiteSurvivorship= 37.0674798730761
ICWorkerMiteSurvivorship= 48.5794469015673
ICForagerLifespan= 8.20933520328254
ImmType= Cosine
RQQueenStrength= 3.91073236893862
RQEnableReQueen=true
AIAdultSlope= 5.18869242072105
AIAdultLD50= 0.440930712710367
AIAdultSlopeContact= 4.32135129556991
AIAdultLD50Contact= 95.2859599535593
AILarvaSlope= 2.73824483714998
AILarvaLD50= 66.9155998570789
AIKOW= 71067.5276411705
AIKOC= 7327.01225539646
AIHalfLife= 23.9442442415981
EAppRate= 3.46399603948765
FoliarEnabled=true
FoliarAppDate= 07/01/1989
FoliarForageBegin= 07/01/1989
FoliarForageEnd= 07/14/1989
AIContactFactor= 1.42591884425376
CL4Pollen= 0.293115140870214
CL4Nectar= 40.0235933950171
CL5Pollen= 4.20267927506939
CL5Nectar= 50.4426479805261
CLDPollen= 2.65858092298731
CLDNectar= 113.75607715454
CA13Pollen= 6.37655081953853
CA13Nectar= 42.8546096757054
CA410Pollen= 8.5272694067331
CA410Nectar= 29.8220207542181
CA1120Pollen= 2.76326776505448
CA1120Nectar= 33.773196991533
IPollenTrips= 5.43498566141352
INectarTrips= 5.04204747732729
IPollenLoad= 4.56915909657255
INectarLoad= 3.43447031453252
