ICQueenStrength= 1.34306209883653
RQWkrDrnRatio= 3.59865324292332
ICDroneMiteSurvivorship= 50.6205982295796
ICWorkerMiteSurvivorship= 17.0599748380482
ICForagerLifespan= 15.6367013854906
ImmType= Polynomial
RQQueenStrength= 3.64024949166924
RQEnableReQueen= true
AIAdultSlope= 3.52671874500811
AIAdultLD50= 50.615102235791
AIAdultSlopeContact= 2.57309959037229
AIAdultLD50Contact= 97.175032490083
AILarvaSlope= 8.08687805011868
AILarvaLD50= 25.5800124597945
AIKOW= 6179.51855426514
AIKOC= 40054.4450543185
AIHalfLife= 12.8533149959054
EAppRate= 3.61576173773105
FoliarEnabled= true
FoliarAppDate= 06/07/1989
FoliarForageBegin= 06/05/1989
FoliarForageEnd= 06/28/1989
AIContactFactor= 1.48965643288102
CL4Pollen= 2.50276449508965
CL4Nectar= 97.0813112333417
CL5Pollen= 4.50312914187089
CL5Nectar= 69.2707112641074
CLDPollen= 2.91778839798644
CLDNectar= 136.766819783952
CA13Pollen= 4.252692247089
CA13Nectar= 87.4898420646787
CA410Pollen= 6.01470349549782
CA410Nectar= 86.8304962804541
CA1120Pollen= 0.932443535886705
CA1120Nectar= 40.8937107771635
IPollenTrips= 5.42213427834213
INectarTrips= 11.9512292114086
IPollenLoad= 5.79072104068473
INectarLoad= 0.631062302272767
ESoilP= 1.28863115585409
ESoilFoc= 0.00427616164414212
