ICQueenStrength= 3.0937054255046
RQWkrDrnRatio= 1.69960385560989
ICDroneMiteSurvivorship= 64.6742980228737
ICWorkerMiteSurvivorship= 66.2196296965703
ICForagerLifespan= 5.92511152662337
ImmType= Polynomial
RQQueenStrength= 1.85520669119433
RQEnableReQueen= true
AIAdultSlope= 2.00838530436158
AIAdultLD50= 0.482116515317233
AIAdultSlopeContact= 9.44627521978691
AIAdultLD50Contact= 83.8541264335914
AILarvaSlope= 8.63550803251565
AILarvaLD50= 46.6882519063174
AIKOW= 69519.0631764624
AIKOC= 27349.6613696888
AIHalfLife= 30.6122017846443
EAppRate= 7.52769768749201
FoliarEnabled= true
FoliarAppDate= 09/01/1989
FoliarForageBegin= 09/01/1989
FoliarForageEnd= 09/08/1989
AIContactFactor= 0.339994707964361
CL4Pollen= 1.345065029338
CL4Nectar= 67.8862252971157
CL5Pollen= 2.55804301612079
CL5Nectar= 136.608805367723
CLDPollen= 5.38483924744651
CLDNectar= 126.608932390809
CA13Pollen= 2.23956137178466
CA13Nectar= 48.0469807237387
CA410Pollen= 7.13244229773991
CA410Nectar= 100.018542706966
CA1120Pollen= 1.17699840967543
CA1120Nectar= 62.3297333531082
IPollenTrips= 5.98595374729484
INectarTrips= 9.87328419927508
IPollenLoad= 0.122341997921467
INectarLoad= 5.22465154062957
