ICQueenStrength= 4.69110361090861
RQWkrDrnRatio= 2.37604978214949
ICDroneMiteSurvivorship= 1.36439038906246
ICWorkerMiteSurvivorship= 3.26113088522106
ICForagerLifespan= 10.8170969309285
ImmType= Sine
RQQueenStrength= 2.3301164994482
RQEnableReQueen= true
AIAdultSlope= 8.66202109865844
AIAdultLD50= 19.7400456464996
AIAdultSlopeContact= 8.38163275760598
AIAdultLD50Contact= 20.7042753602141
AILarvaSlope= 2.23558209650218
AILarvaLD50= 1.42091551837022
AIKOW= 67499.301573016
AIKOC= 49108.5971684582
AIHalfLife= 11.8443561952095
EAppRate= 8.56729406026565
FoliarEnabled= true
FoliarAppDate= 06/07/1989
FoliarForageBegin= 06/05/1989
FoliarForageEnd= 06/28/1989
AIContactFactor= 0.886905600694008
CL4Pollen= 1.43644459173083
CL4Nectar= 52.9107567388564
CL5Pollen= 3.90655974810943
CL5Nectar= 14.4983107689768
CLDPollen= 1.66082792775705
CLDNectar= 42.5736951758154
CA13Pollen= 6.47604875713587
CA13Nectar= 56.8133110553026
CA410Pollen= 2.64900848423131
CA410Nectar= 152.845744309016
CA1120Pollen= 0.116720322053879
CA1120Nectar= 68.020337857306
IPollenTrips= 12.6601798436604
INectarTrips= 14.0444092266262
IPollenLoad= 4.53075134661049
INectarLoad= 6.38440386625007
ESoilP= 1.11892663827166
ESoilFoc= 0.0111627374417149
