ICQueenStrength= 2.43349019251764
RQWkrDrnRatio= 1.04099459387362
ICDroneMiteSurvivorship= 1.16864771116525
ICWorkerMiteSurvivorship= 67.8544434951618
ICForagerLifespan= 7.55606735590845
ImmType= Polynomial
RQQueenStrength= 4.3878493597731
RQEnableReQueen=true
AIAdultSlope= 3.78536730632186
AIAdultLD50= 0.109080762436613
AIAdultSlopeContact= 1.72513108327985
AIAdultLD50Contact= 54.107149597869
AILarvaSlope= 1.62798378802836
AILarvaLD50= 23.6652004503324
AIKOW= 20409.4599429239
AIKOC= 66284.2122131353
AIHalfLife= 8.24894195040688
EAppRate= 5.46101812572172
FoliarEnabled=true
FoliarAppDate= 07/01/1989
FoliarForageBegin= 07/01/1989
FoliarForageEnd= 07/14/1989
AIContactFactor= 0.58213457764592
CL4Pollen= 2.60914447437972
CL4Nectar= 21.4636045973748
CL5Pollen= 3.91367039317265
CL5Nectar= 121.563277125824
CLDPollen= 0.505605722777545
CLDNectar= 1.55758098699152
CA13Pollen= 3.84514869218692
CA13Nectar= 72.4930031783879
CA410Pollen= 7.72835106507409
CA410Nectar= 66.2891610572115
CA1120Pollen= 1.43852806580253
CA1120Nectar= 44.125337023288
IPollenTrips= 13.1028943671845
INectarTrips= 14.5894965738989
IPollenLoad= 2.66792859183624
INectarLoad= 3.91057136934251
