ICQueenStrength= 5.30736491107382
RQWkrDrnRatio= 1.80134014971554
ICDroneMiteSurvivorship= 47.4646151298657
ICWorkerMiteSurvivorship= 33.313774317503
ICForagerLifespan= 6.07568564172834
ImmType= Exponential
RQQueenStrength= 5.9518369010184
RQEnableReQueen= true
AIAdultSlope= 4.79417034052312
AIAdultLD50= 38.147521175049
AIAdultSlopeContact= 4.25852546747774
AIAdultLD50Contact= 18.7384977447446
AILarvaSlope= 1.03349316306412
AILarvaLD50= 31.4173212119101
AIKOW= 81652.324269588
AIKOC= 9434.57591213379
AIHalfLife= 0.641077427915297
EAppRate= 6.08461196174356
FoliarEnabled= true
FoliarAppDate= 06/07/1989
FoliarForageBegin= 06/05/1989
FoliarForageEnd= 06/28/1989
AIContactFactor= 1.88562049098778
CL4Pollen= 3.31064166966826
CL4Nectar= 39.3475000048056
CL5Pollen= 0.987551216036081
CL5Nectar= 13.09583124239
CLDPollen= 4.61662006611004
CLDNectar= 21.8853736063465
CA13Pollen= 2.44122180929407
CA13Nectar= 71.4467784203589
CA410Pollen= 4.2080314331688
CA410Nectar= 50.2189434552565
CA1120Pollen= 2.96902959002182
CA1120Nectar= 90.8199448511004
IPollenTrips= 6.23872647993267
INectarTrips= 10.2037390880287
IPollenLoad= 0.389920184388757
INectarLoad= 7.49927223427221
ESoilP= 1.78271494759247
ESoilFoc= 0.0174537927089259
