ICQueenStrength= 4.04506505955942
RQWkrDrnRatio= 1.54532662685961
ICDroneMiteSurvivorship= 75.5932232132182
ICWorkerMiteSurvivorship= 27.4517259327695
ICForagerLifespan= 8.67918801307678
ImmType= Sine
RQQueenStrength= 3.93147424585186
RQEnableReQueen= true
AIAdultSlope= 5.73833747766912
AIAdultLD50= 3.74345228275913
AIAdultSlopeContact= 1.81512032099999
AIAdultLD50Contact= 16.0597616671205
AILarvaSlope= 2.71146948821843
AILarvaLD50= 99.703308228157
AIKOW= 27590.6417285059
AIKOC= 74716.7847623781
AIHalfLife= 9.54135618342552
EAppRate= 9.08023020662973
FoliarEnabled= true
FoliarAppDate= 06/07/1989
FoliarForageBegin= 06/05/1989
FoliarForageEnd= 06/28/1989
AIContactFactor= 0.364914288399741
CL4Pollen= 0.139419312588871
CL4Nectar= 13.9436597237363
CL5Pollen= 0.794942803680897
CL5Nectar= 16.2090345751494
CLDPollen= 5.81118840677664
CLDNectar= 90.3733052196912
CA13Pollen= 6.27857867889106
CA13Nectar= 21.2255541980267
CA410Pollen= 4.54165526260622
CA410Nectar= 176.494323289953
CA1120Pollen= 0.23033771244809
CA1120Nectar= 98.0247839353979
IPollenTrips= 8.68242156459019
INectarTrips= 6.99816025327891
IPollenLoad= 7.4363512173295
INectarLoad= 6.39657252235338
ESoilP= 1.21604785672389
ESoilFoc= 0.0196924285732675
