ICQueenStrength= 3.20479085226543
RQWkrDrnRatio= 1.87568371091038
ICDroneMiteSurvivorship= 91.2278253817931
ICWorkerMiteSurvivorship= 94.7727519553155
ICForagerLifespan= 6.39204282686114
ImmType= Sine
RQQueenStrength= 2.23750929487869
RQEnableReQueen= true
AIAdultSlope= 1.63092968985438
AIAdultLD50= 78.3936381329447
AIAdultSlopeContact= 5.32600907422602
AIAdultLD50Contact= 74.2456985986522
AILarvaSlope= 4.06065861880779
AILarvaLD50= 46.0103854209832
AIKOW= 464.957824437732
AIKOC= 23290.3344063081
AIHalfLife= 24.8966191642452
EAppRate= 5.36479447612399
FoliarEnabled= true
FoliarAppDate= 06/07/1989
FoliarForageBegin= 06/05/1989
FoliarForageEnd= 06/28/1989
AIContactFactor= 0.93163276986219
CL4Pollen= 0.977297971956432
CL4Nectar= 29.5621231431141
CL5Pollen= 0.144274060148746
CL5Nectar= 120.044252404477
CLDPollen= 2.13712592376396
CLDNectar= 121.689899603371
CA13Pollen= 4.66873803436756
CA13Nectar= 74.3382715433836
CA410Pollen= 9.17778844519053
CA410Nectar= 105.663146218285
CA1120Pollen= 1.81426814175211
CA1120Nectar= 49.3047188222408
IPollenTrips= 9.89519491093233
INectarTrips= 14.2058715922758
IPollenLoad= 1.42266424605623
INectarLoad= 3.04228860419244
