ICQueenStrength= 5.55999364727177
RQWkrDrnRatio= 2.64498660154641
ICDroneMiteSurvivorship= 36.8996629724279
ICWorkerMiteSurvivorship= 47.645588289015
ICForagerLifespan= 14.7284296266735
ImmType= Tangent
RQQueenStrength= 2.86686940956861
RQEnableReQueen= true
AIAdultSlope= 8.59863221086562
AIAdultLD50= 4.06827702590521
AIAdultSlopeContact= 9.47685928829014
AIAdultLD50Contact= 97.8613254512406
AILarvaSlope= 5.48181352578104
AILarvaLD50= 27.5683732577111
AIKOW= 90509.9408179405
AIKOC= 2102.06746734516
AIHalfLife= 29.3908311176347
EAppRate= 0.976699841091177
FoliarEnabled= true
FoliarAppDate= 06/07/1989
FoliarForageBegin= 06/05/1989
FoliarForageEnd= 06/28/1989
AIContactFactor= 2.09866094524972
CL4Pollen= 1.05736808199435
CL4Nectar= 0.515446183271706
CL5Pollen= 1.05033772811294
CL5Nectar= 50.7245013490319
CLDPollen= 4.10198133671656
CLDNectar= 41.5149877779186
CA13Pollen= 5.3254695886746
CA13Nectar= 27.3762775026262
CA410Pollen= 3.85937392024789
CA410Nectar= 24.6303575625643
CA1120Pollen= 2.03321528295055
CA1120Nectar= 40.2370910905302
IPollenTrips= 9.67424588045105
INectarTrips= 9.36694222036749
IPollenLoad= 3.12778846127912
INectarLoad= 5.64162996131927
ESoilP= 1.52368048112839
ESoilFoc= 0.0163947198449168
