ICQueenStrength= 2.09750867821276
RQWkrDrnRatio= 3.57350667659193
ICDroneMiteSurvivorship= 27.7313140919432
ICWorkerMiteSurvivorship= 67.496460233815
ICForagerLifespan= 4.59606479480863
ImmType= Logarithmic
RQQueenStrength= 1.24113951530308
RQEnableReQueen=true
AIAdultSlope= 1.28104260191321
AIAdultLD50= 0.577465776414378
AIAdultSlopeContact= 8.10766742983833
AIAdultLD50Contact= 90.6740009907198
AILarvaSlope= 3.27278973534703
AILarvaLD50= 78.7047487295289
AIKOW= 20045.6946715983
AIKOC= 84135.2154487097
AIHalfLife= 3.74221889774781
EAppRate= 6.66496728521236
FoliarEnabled=true
FoliarAppDate= 07/01/1989
FoliarForageBegin= 07/01/1989
FoliarForageEnd= 07/14/1989
AIContactFactor= 0.994604119551368
CL4Pollen= 0.812452214770019
CL4Nectar= 5.36775602959096
CL5Pollen= 0.225197450257838
CL5Nectar= 125.299270777032
CLDPollen= 1.43369619408622
CLDNectar= 31.1095266602933
CA13Pollen= 3.47338055707514
CA13Nectar= 69.5975917764008
CA410Pollen= 6.04941580370069
CA410Nectar= 143.36722320877
CA1120Pollen= 0.239153115777299
CA1120Nectar= 20.810566265136
IPollenTrips= 6.6067680879496
INectarTrips= 12.0026370277628
IPollenLoad= 0.123354878742248
INectarLoad= 4.05064740218222
