ICQueenStrength= 2.78657131455839
RQWkrDrnRatio= 1.94475325942039
ICDroneMiteSurvivorship= 59.5721917925403
ICWorkerMiteSurvivorship= 2.5948611786589
ICForagerLifespan= 11.5514681655914
ImmType= Tangent
RQQueenStrength= 4.46190299466252
RQEnableReQueen=true
AIAdultSlope= 2.00400216318667
AIAdultLD50= 0.883083224618575
AIAdultSlopeContact= 6.05818625981919
AIAdultLD50Contact= 24.9907783124961
AILarvaSlope= 7.39745979383588
AILarvaLD50= 91.8728249992707
AIKOW= 40173.3609371233
AIKOC= 47004.1318978101
AIHalfLife= 22.6715720447479
EAppRate= 8.45448688120022
FoliarEnabled=true
FoliarAppDate= 07/01/1989
FoliarForageBegin= 07/01/1989
FoliarForageEnd= 07/14/1989
AIContactFactor= 0.933416619682684
CL4Pollen= 2.15299494750798
CL4Nectar= 75.0812463928014
CL5Pollen= 1.30018643243238
CL5Nectar= 107.65946401516
CLDPollen= 1.96183560881764
CLDNectar= 130.250333889853
CA13Pollen= 3.26962512433529
CA13Nectar= 69.0349916368723
CA410Pollen= 7.62884634782094
CA410Nectar= 82.889422387816
CA1120Pollen= 2.01086043496616
CA1120Nectar= 58.3179823122919
IPollenTrips= 7.19157943036407
INectarTrips= 5.06539662834257
IPollenLoad= 3.19882643176243
INectarLoad= 8.39754324173555
