ICQueenStrength= 1.47756545012817
RQWkrDrnRatio= 2.05158263444901
ICDroneMiteSurvivorship= 26.0095415869728
ICWorkerMiteSurvivorship= 40.9357793629169
ICForagerLifespan= 12.0657092519104
ImmType= Tangent
RQQueenStrength= 3.02455044491217
RQEnableReQueen= true
AIAdultSlope= 7.82007967680693
AIAdultLD50= 59.8558863843309
AIAdultSlopeContact= 8.00950176292099
AIAdultLD50Contact= 0.715137062369846
AILarvaSlope= 6.14250428602099
AILarvaLD50= 22.6384895585477
AIKOW= 22896.272948897
AIKOC= 67640.8275332705
AIHalfLife= 4.40923697771504
EAppRate= 4.99566983161424
FoliarEnabled= true
FoliarAppDate= 06/07/1989
FoliarForageBegin= 06/05/1989
FoliarForageEnd= 06/28/1989
AIContactFactor= 1.68441018681508
CL4Pollen= 3.31350483838469
CL4Nectar= 11.9898471282795
CL5Pollen= 2.0556347547099
CL5Nectar= 32.9508243128657
CLDPollen= 4.45619258936495
CLDNectar= 15.3566661290824
CA13Pollen= 4.44868588102981
CA13Nectar= 94.234672896564
CA410Pollen= 3.7604243284557
CA410Nectar= 163.389244712889
CA1120Pollen= 0.376281504286453
CA1120Nectar= 31.7380783334374
IPollenTrips= 13.142152922228
INectarTrips= 6.67332674609497
IPollenLoad= 1.5598907507956
INectarLoad= 7.27883463958278
