ICQueenStrength= 4.6865117540583
RQWkrDrnRatio= 4.99567065853626
ICDroneMiteSurvivorship= 35.5230036424473
ICWorkerMiteSurvivorship= 38.0708665354177
ICForagerLifespan= 11.9076352976263
ImmType= Exponential
RQQueenStrength= 4.73221377609298
RQEnableReQueen= true
AIAdultSlope= 7.52475416101515
AIAdultLD50= 0.78977003452857
AIAdultSlopeContact= 6.35208168299869
AIAdultLD50Contact= 72.6528506406739
AILarvaSlope= 1.82745756395161
AILarvaLD50= 77.0620660825195
AIKOW= 67736.468593842
AIKOC= 32849.1170744649
AIHalfLife= 17.8132062656339
EAppRate= 7.20838417526754
FoliarEnabled= true
FoliarAppDate= 09/01/1989
FoliarForageBegin= 09/01/1989
FoliarForageEnd= 09/08/1989
AIContactFactor= 2.16593036993407
CL4Pollen= 1.25685013551265
CL4Nectar= 52.4085579207167
CL5Pollen= 1.93532732734457
CL5Nectar= 26.7332954448648
CLDPollen= 0.383546237368137
CLDNectar= 113.732131803408
CA13Pollen= 5.08825678918511
CA13Nectar= 56.8387867324054
CA410Pollen= 7.06976202337537
CA410Nectar= 104.711670330726
CA1120Pollen= 1.04246557597071
CA1120Nectar= 74.0953063964844
IPollenTrips= 7.02972339931875
INectarTrips= 7.42161556845531
IPollenLoad= 5.94046049751341
INectarLoad= 1.22053402010351
