ICQueenStrength= 5.30554390186444
RQWkrDrnRatio= 2.22718722373247
ICDroneMiteSurvivorship= 1.32274078205228
ICWorkerMiteSurvivorship= 54.3015853967518
ICForagerLifespan= 15.92389668338
ImmType= Logarithmic
RQQueenStrength= 4.12818929553032
RQEnableReQueen= true
AIAdultSlope= 7.96668744459748
AIAdultLD50= 13.7934868639736
AIAdultSlopeContact= 1.61553500243463
AIAdultLD50Contact= 87.9392477941101
AILarvaSlope= 4.28180234879255
AILarvaLD50= 3.9356352003084
AIKOW= 50497.4006817692
AIKOC= 15288.4851135882
AIHalfLife= 12.3829357716953
EAppRate= 9.65243880900647
FoliarEnabled= true
FoliarAppDate= 06/07/1989
FoliarForageBegin= 06/05/1989
FoliarForageEnd= 06/28/1989
AIContactFactor= 1.38891980955377
CL4Pollen= 1.28041612450033
CL4Nectar= 55.1045754691586
CL5Pollen= 1.95705339917913
CL5Nectar= 91.7246182914823
CLDPollen= 2.65871693892404
CLDNectar= 98.2452100957744
CA13Pollen= 4.56551945935935
CA13Nectar= 98.6233493871987
CA410Pollen= 3.69067912148312
CA410Nectar= 24.8667550180107
CA1120Pollen= 1.22279018140398
CA1120Nectar= 30.5973021499813
IPollenTrips= 11.17951604072
INectarTrips= 9.51383107108995
IPollenLoad= 5.28851864859462
INectarLoad= 3.18080734228715
