ICQueenStrength= 3.5221682805568
RQWkrDrnRatio= 1.99171571619809
ICDroneMiteSurvivorship= 48.7516041612253
ICWorkerMiteSurvivorship= 32.3384157149121
ICForagerLifespan= 9.11695745121688
ImmType= Sine
RQQueenStrength= 3.33485115226358
RQEnableReQueen= true
AIAdultSlope= 6.4274605344981
AIAdultLD50= 28.2379891457313
AIAdultSlopeContact= 4.83980329008773
AIAdultLD50Contact= 12.2093487338785
AILarvaSlope= 3.84703532233834
AILarvaLD50= 38.0247298731008
AIKOW= 77678.8491259474
AIKOC= 37159.2044873643
AIHalfLife= 4.09557991176844
EAppRate= 5.36642459559091
FoliarEnabled= true
FoliarAppDate= 06/07/1989
FoliarForageBegin= 06/05/1989
FoliarForageEnd= 06/28/1989
AIContactFactor= 1.60327758111525
CL4Pollen= 3.63569495081902
CL4Nectar= 99.5798136340454
CL5Pollen= 1.48425514809787
CL5Nectar= 44.7624531341717
CLDPollen= 1.92298171017319
CLDNectar= 134.912515827455
CA13Pollen= 5.9327683228068
CA13Nectar= 36.2669321522117
CA410Pollen= 5.87124467955437
CA410Nectar= 149.349156748503
CA1120Pollen= 2.85410755150951
CA1120Nectar= 99.2581678368151
IPollenTrips= 8.59935713000596
INectarTrips= 7.81475768890232
IPollenLoad= 2.31536247301847
INectarLoad= 1.14529398037121
ESoilP= 1.89128957083449
ESoilFoc= 0.00130308801634237
