ICQueenStrength= 1.70888828020543
RQWkrDrnRatio= 2.61559456307441
ICDroneMiteSurvivorship= 50.413375813514
ICWorkerMiteSurvivorship= 30.95409758389
ICForagerLifespan= 4.05272024869919
ImmType= Sine
RQQueenStrength= 2.12669703783467
RQEnableReQueen= true
AIAdultSlope= 4.83050020597875
AIAdultLD50= 13.919144794706
AIAdultSlopeContact= 8.40223887655884
AIAdultLD50Contact= 71.5211013033094
AILarvaSlope= 6.28847168199718
AILarvaLD50= 79.5370962433082
AIKOW= 44928.3396483167
AIKOC= 43459.9264995079
AIHalfLife= 28.3401689289836
EAppRate= 1.70059694046248
FoliarEnabled= true
FoliarAppDate= 06/07/1989
FoliarForageBegin= 06/05/1989
FoliarForageEnd= 06/28/1989
AIContactFactor= 0.886315784300677
CL4Pollen= 1.6513783056289
CL4Nectar= 67.411327897571
CL5Pollen= 2.11705111060292
CL5Nectar= 149.915920430794
CLDPollen= 1.46515901153907
CLDNectar= 91.0778775229119
CA13Pollen= 6.63146236101165
CA13Nectar= 62.1094553172588
CA410Pollen= 3.50703733738046
CA410Nectar= 121.625579292886
CA1120Pollen= 0.639068459859118
CA1120Nectar= 37.8628501296043
IPollenTrips= 12.6945682917722
INectarTrips= 10.1676424406469
IPollenLoad= 7.3003357485868
INectarLoad= 4.34497529175133
ESoilP= 1.26035533915274
ESoilFoc= 0.0187579095850233
