ICQueenStrength= 2.56486442498863
RQWkrDrnRatio= 3.75873969495296
ICDroneMiteSurvivorship= 78.9331001229584
ICWorkerMiteSurvivorship= 39.7011660505086
ICForagerLifespan= 14.9786333926022
ImmType= Exponential
RQQueenStrength= 1.4300034455955
RQEnableReQueen=true
AIAdultSlope= 3.76861027255654
AIAdultLD50= 0.215022345116362
AIAdultSlopeContact= 9.14783228305168
AIAdultLD50Contact= 3.06303316090675
AILarvaSlope= 8.49907381087542
AILarvaLD50= 93.3172601564697
AIKOW= 3501.93035453779
AIKOC= 81477.6601121752
AIHalfLife= 25.1839628193295
EAppRate= 8.61712297903327
FoliarEnabled=true
FoliarAppDate= 07/01/1989
FoliarForageBegin= 07/01/1989
FoliarForageEnd= 07/14/1989
AIContactFactor= 0.283025889233686
CL4Pollen= 0.351315350271761
CL4Nectar= 61.0755501547828
CL5Pollen= 0.119598540477455
CL5Nectar= 39.6594590507448
CLDPollen= 5.59528164938092
CLDNectar= 114.463971171062
CA13Pollen= 4.71758139720187
CA13Nectar= 31.1514871753752
CA410Pollen= 2.4686022054404
CA410Nectar= 60.4843373829499
CA1120Pollen= 2.92447247332893
CA1120Nectar= 20.1289808750153
IPollenTrips= 13.9901733095758
INectarTrips= 11.8710697605275
IPollenLoad= 5.7695450191386
INectarLoad= 0.727236375678331
