ICQueenStrength= 3.88813976454549
RQWkrDrnRatio= 4.00806307420135
ICDroneMiteSurvivorship= 94.8243498103693
ICWorkerMiteSurvivorship= 81.1855243751779
ICForagerLifespan= 8.46627231966704
ImmType= Polynomial
RQQueenStrength= 5.87330297357403
RQEnableReQueen= true
AIAdultSlope= 2.61816444247961
AIAdultLD50= 0.63226274482091
AIAdultSlopeContact= 2.76984073221684
AIAdultLD50Contact= 49.4816576521797
AILarvaSlope= 2.76097384467721
AILarvaLD50= 7.08335928601189
AIKOW= 32010.3173845795
AIKOC= 92873.2897604199
AIHalfLife= 32.2565013233107
EAppRate= 7.48420349891135
FoliarEnabled= true
FoliarAppDate= 09/01/1989
FoliarForageBegin= 09/01/1989
FoliarForageEnd= 09/08/1989
AIContactFactor= 0.811698809731752
CL4Pollen= 0.262040950357914
CL4Nectar= 65.1675123954192
CL5Pollen= 2.57187503529713
CL5Nectar= 108.098427706864
CLDPollen= 0.332336677238345
CLDNectar= 47.1296169678681
CA13Pollen= 5.98899293625727
CA13Nectar= 69.4948898255825
CA410Pollen= 3.63643660149537
CA410Nectar= 179.082189919427
CA1120Pollen= 0.430603377521038
CA1120Nectar= 77.9251435026526
IPollenTrips= 8.66365283029154
INectarTrips= 13.2269380358048
IPollenLoad= 0.889621151145548
INectarLoad= 8.34690522169694
