ICQueenStrength= 1.06849758792669
RQWkrDrnRatio= 1.00792584940791
ICDroneMiteSurvivorship= 30.2324185147882
ICWorkerMiteSurvivorship= 34.2350621242076
ICForagerLifespan= 6.51829205825925
ImmType= Polynomial
AIAdultSlope= 3.42086785783293
AIAdultLD50= 0.122785411961377
AIAdultSlopeContact= 2.78980392759433
AIAdultLD50Contact= 0.0173932983889244
AILarvaSlope= 0.482069456716999
AILarvaLD50= 0.604984649154358
AIKOW= 2.9525356637314
AIKOC= 21.8555707263295
AIHalfLife= 1.81433357694186
EAppRate= 5.08127181092277
FoliarEnabled= true
