ICQueenStrength= 3.65635489602573
RQWkrDrnRatio= 1.30287739913911
ICDroneMiteSurvivorship= 55.4081386653706
ICWorkerMiteSurvivorship= 19.2187026143074
ICForagerLifespan= 11.1444135969505
ImmType= Sine
RQQueenStrength= 1.77928481157869
RQEnableReQueen= true
AIAdultSlope= 8.79893397912383
AIAdultLD50= 0.807307653074153
AIAdultSlopeContact= 8.68512711534277
AIAdultLD50Contact= 62.6852541398625
AILarvaSlope= 6.14655437134206
AILarvaLD50= 41.6221343528738
AIKOW= 56163.9308760525
AIKOC= 25631.9881215994
AIHalfLife= 18.4352220902685
EAppRate= 8.60084826387325
FoliarEnabled= true
FoliarAppDate= 09/01/1989
FoliarForageBegin= 09/01/1989
FoliarForageEnd= 09/08/1989
AIContactFactor= 1.48715741452761
CL4Pollen= 2.8725329907611
CL4Nectar= 21.754760411568
CL5Pollen= 5.63185843778774
CL5Nectar= 8.90892867464572
CLDPollen= 0.318992345128208
CLDNectar= 70.4589506727643
CA13Pollen= 4.46280004484579
CA13Nectar= 63.3758229017258
CA410Pollen= 4.93074146406725
CA410Nectar= 156.883348096162
CA1120Pollen= 1.35252971411683
CA1120Nectar= 24.8344011045992
IPollenTrips= 9.02648442424834
INectarTrips= 12.9222020786256
IPollenLoad= 7.85320286173373
INectarLoad= 8.79107247805223
