ICQueenStrength= 1.63444777508266
RQWkrDrnRatio= 4.26296366006136
ICDroneMiteSurvivorship= 94.4022379117087
ICWorkerMiteSurvivorship= 33.6639528861269
ICForagerLifespan= 5.55568124819547
ImmType= Sine
RQQueenStrength= 1.38460365845822
RQEnableReQueen= true
AIAdultSlope= 2.62506377696991
AIAdultLD50= 21.035254687048
AIAdultSlopeContact= 7.61107715708204
AIAdultLD50Contact= 94.1700483199726
AILarvaSlope= 2.17812226526439
AILarvaLD50= 38.0400690681725
AIKOW= 93243.09055276
AIKOC= 19777.7456962601
AIHalfLife= 34.8209478391334
EAppRate= 4.52393154816469
FoliarEnabled= true
FoliarAppDate= 06/07/1989
FoliarForageBegin= 06/05/1989
FoliarForageEnd= 06/28/1989
AIContactFactor= 0.912469872124493
CL4Pollen= 3.13958806358278
CL4Nectar= 25.5564399296418
CL5Pollen= 1.37836597161368
CL5Nectar= 78.4333612653427
CLDPollen= 5.99457161966711
CLDNectar= 149.837578972802
CA13Pollen= 4.30980892274529
CA13Nectar= 73.792686406523
CA410Pollen= 6.43161041105632
CA410Nectar= 74.6054950729012
CA1120Pollen= 2.2019156080205
CA1120Nectar= 37.4963601306081
IPollenTrips= 14.6174920559861
INectarTrips= 13.7394953379408
IPollenLoad= 5.15634300420061
INectarLoad= 3.42527033528313
