ICQueenStrength= 4.01333264447749
RQWkrDrnRatio= 2.82997046783566
ICDroneMiteSurvivorship= 91.2896658759564
ICWorkerMiteSurvivorship= 15.6930082011968
ICForagerLifespan= 11.7223907336593
ImmType= Exponential
RQQueenStrength= 2.48010671255179
RQEnableReQueen= true
AIAdultSlope= 1.79015334695578
AIAdultLD50= 35.9179737115267
AIAdultSlopeContact= 1.13478123350069
AIAdultLD50Contact= 43.7998752810794
AILarvaSlope= 1.17330488190055
AILarvaLD50= 73.1595232619965
AIKOW= 79343.5781197312
AIKOC= 65949.6046760976
AIHalfLife= 24.8408492709044
EAppRate= 4.48276874836674
FoliarEnabled= true
FoliarAppDate= 06/07/1989
FoliarForageBegin= 06/05/1989
FoliarForageEnd= 06/28/1989
AIContactFactor= 1.87378250131384
CL4Pollen= 0.0162050016224384
CL4Nectar= 81.0601725941524
CL5Pollen= 3.59488255530596
CL5Nectar= 90.104486932978
CLDPollen= 2.24507416505367
CLDNectar= 76.9638127530925
CA13Pollen= 6.69825046770275
CA13Nectar= 49.9309195950627
CA410Pollen= 8.12858070195653
CA410Nectar= 110.054781185463
CA1120Pollen= 0.748960863333195
CA1120Nectar= 86.2293015047908
IPollenTrips= 6.28395385574549
INectarTrips= 7.27446930715814
IPollenLoad= 9.24854678101838
INectarLoad= 3.67390636587515
