ICQueenStrength= 3.62687176465988
RQWkrDrnRatio= 4.10889550484717
ICDroneMiteSurvivorship= 71.6497929766774
ICWorkerMiteSurvivorship= 66.2008557002991
ICForagerLifespan= 15.3094038357958
ImmType= Polynomial
RQQueenStrength= 3.49100696644746
RQEnableReQueen= true
AIAdultSlope= 5.64664619974792
AIAdultLD50= 59.5506837829659
AIAdultSlopeContact= 6.14000796992332
AIAdultLD50Contact= 38.4285397828848
AILarvaSlope= 2.49847792647779
AILarvaLD50= 2.87559719361644
AIKOW= 35717.2795825687
AIKOC= 43938.8330171038
AIHalfLife= 3.94657207736745
EAppRate= 9.43582613837486
FoliarEnabled= true
FoliarAppDate= 06/07/1989
FoliarForageBegin= 06/05/1989
FoliarForageEnd= 06/28/1989
AIContactFactor= 1.36311878007371
CL4Pollen= 2.47531136777252
CL4Nectar= 8.9620748301968
CL5Pollen= 5.61421538377181
CL5Nectar= 24.7364961658604
CLDPollen= 3.12687764503062
CLDNectar= 70.4418066423386
CA13Pollen= 3.32515289289877
CA13Nectar= 79.7777854651213
CA410Pollen= 2.48757063758094
CA410Nectar= 70.2184064080939
CA1120Pollen= 2.52728775003925
CA1120Nectar= 30.2961514703929
IPollenTrips= 11.7036925745197
INectarTrips= 10.3322673332877
IPollenLoad= 4.93570197373629
INectarLoad= 4.07204546034336
