ICQueenStrength= 1.4040124558378
RQWkrDrnRatio= 3.21137884724885
ICDroneMiteSurvivorship= 1.27523813862354
ICWorkerMiteSurvivorship= 57.3385437252
ICForagerLifespan= 4.90560554526746
ImmType= Tangent
RQQueenStrength= 4.84806870133616
RQEnableReQueen= true
AIAdultSlope= 6.32245789654553
AIAdultLD50= 91.05227366224
AIAdultSlopeContact= 6.97296447795816
AIAdultLD50Contact= 25.4768313788176
AILarvaSlope= 5.37513108178973
AILarvaLD50= 70.6859072305467
AIKOW= 57240.2229451542
AIKOC= 35507.8091486834
AIHalfLife= 7.47585861501284
EAppRate= 0.262245035773609
FoliarEnabled= true
FoliarAppDate= 06/07/1989
FoliarForageBegin= 06/05/1989
FoliarForageEnd= 06/28/1989
AIContactFactor= 1.9510373292258
CL4Pollen= 1.77929910644889
CL4Nectar= 59.2430723365396
CL5Pollen= 0.735484907403588
CL5Nectar= 43.2354890042916
CLDPollen= 4.51578755071387
CLDNectar= 12.4640178401023
CA13Pollen= 5.8192669365555
CA13Nectar= 49.3690044991672
CA410Pollen= 8.8700894348789
CA410Nectar= 183.563909013756
CA1120Pollen= 1.3567306199111
CA1120Nectar= 61.1360077187419
IPollenTrips= 8.55654292274266
INectarTrips= 6.20687911752611
IPollenLoad= 4.35697917127982
INectarLoad= 5.74309421237558
ESoilP= 1.2619301576633
ESoilFoc= 0.0129742155747954
