ICQueenStrength= 4.32630381546915
RQWkrDrnRatio= 4.74860113859177
ICDroneMiteSurvivorship= 47.2562975715846
ICWorkerMiteSurvivorship= 10.8718499774113
ICForagerLifespan= 4.12996617238969
ImmType= Sine
RQQueenStrength= 1.33705476671457
RQEnableReQueen=true
AIAdultSlope= 8.776212092489
AIAdultLD50= 0.611018889695639
AIAdultSlopeContact= 7.87621596571989
AIAdultLD50Contact= 37.2365277953357
AILarvaSlope= 4.505166888237
AILarvaLD50= 90.7546163048076
AIKOW= 8655.20842659594
AIKOC= 38722.6119335033
AIHalfLife= 4.18532077306882
EAppRate= 3.30147753265244
FoliarEnabled=true
FoliarAppDate= 07/01/1989
FoliarForageBegin= 07/01/1989
FoliarForageEnd= 07/14/1989
AIContactFactor= 1.52812643805053
CL4Pollen= 2.06630076933652
CL4Nectar= 83.5567883448675
CL5Pollen= 1.82043393608183
CL5Nectar= 140.550542226993
CLDPollen= 4.26458179112524
CLDNectar= 42.5523826852441
CA13Pollen= 6.63656742898747
CA13Nectar= 33.6030736193061
CA410Pollen= 2.81150632444769
CA410Nectar= 48.1593090994284
CA1120Pollen= 2.47811867273413
CA1120Nectar= 50.6037370301783
IPollenTrips= 11.0817529051565
INectarTrips= 8.27077022753656
IPollenLoad= 6.4243182586506
INectarLoad= 2.50219339970499
