ICQueenStrength= 3.84322397876531
RQWkrDrnRatio= 2.0677960338071
ICDroneMiteSurvivorship= 55.2803097991273
ICWorkerMiteSurvivorship= 21.802097465843
ICForagerLifespan= 7.12289800401777
ImmType= Logarithmic
RQQueenStrength= 2.35067185666412
RQEnableReQueen=true
AIAdultSlope= 3.95483222045004
AIAdultLD50= 0.00354719609511085
AIAdultSlopeContact= 5.04326467309147
AIAdultLD50Contact= 47.9008555560354
AILarvaSlope= 3.48081539385021
AILarvaLD50= 91.909906750157
AIKOW= 16097.4875408826
AIKOC= 84166.9423578884
AIHalfLife= 30.2536599541549
EAppRate= 0.273524480223889
FoliarEnabled=true
FoliarAppDate= 07/01/1989
FoliarForageBegin= 07/01/1989
FoliarForageEnd= 07/14/1989
AIContactFactor= 0.814789124303497
CL4Pollen= 1.24781088903546
CL4Nectar= 38.9847984770313
CL5Pollen= 0.919577505905181
CL5Nectar= 70.7653518766165
CLDPollen= 0.197381931357086
CLDNectar= 13.0644347984344
CA13Pollen= 5.98962266864255
CA13Nectar= 35.4178740829229
CA410Pollen= 3.45156887376215
CA410Nectar= 160.032238890417
CA1120Pollen= 2.68055186583661
CA1120Nectar= 73.9126105979085
IPollenTrips= 5.08832511259243
INectarTrips= 12.5461489451118
IPollenLoad= 1.18059879401699
INectarLoad= 3.40497278375551
