ICQueenStrength= 2.8748312513344
RQWkrDrnRatio= 2.78547589294612
ICDroneMiteSurvivorship= 58.5554463090375
ICWorkerMiteSurvivorship= 40.0222039781511
ICForagerLifespan= 10.6462056413293
ImmType= Tangent
RQQueenStrength= 2.53801142470911
RQEnableReQueen= true
AIAdultSlope= 4.55274296924472
AIAdultLD50= 56.3775312596704
AIAdultSlopeContact= 4.24210423999466
AIAdultLD50Contact= 49.8552447469849
AILarvaSlope= 5.63988042064011
AILarvaLD50= 65.4473478998868
AIKOW= 52427.8430110048
AIKOC= 19068.8784001314
AIHalfLife= 28.3827611645451
EAppRate= 9.27185847090604
FoliarEnabled= true
FoliarAppDate= 06/07/1989
FoliarForageBegin= 06/05/1989
FoliarForageEnd= 06/28/1989
AIContactFactor= 1.58482699390501
CL4Pollen= 0.674659109674394
CL4Nectar= 30.6910329498351
CL5Pollen= 5.3227536007762
CL5Nectar= 86.7869373760186
CLDPollen= 2.18148126499727
CLDNectar= 103.727992298082
CA13Pollen= 6.53833325328305
CA13Nectar= 90.4068074934185
CA410Pollen= 3.98963308841921
CA410Nectar= 176.523874988779
CA1120Pollen= 1.86708708526567
CA1120Nectar= 67.7178472094238
IPollenTrips= 8.22542351437733
INectarTrips= 14.946754956618
IPollenLoad= 9.49500262737274
INectarLoad= 1.86942684464157
