ICQueenStrength= 2.87661822419614
RQWkrDrnRatio= 2.80615453887731
ICDroneMiteSurvivorship= 17.601083079353
ICWorkerMiteSurvivorship= 31.7728158319369
ICForagerLifespan= 6.66762523259968
ImmType= Exponential
RQQueenStrength= 1.81980248913169
RQEnableReQueen= true
AIAdultSlope= 4.43429630436003
AIAdultLD50= 91.7278601297305
AIAdultSlopeContact= 3.44145587203093
AIAdultLD50Contact= 90.5203035925357
AILarvaSlope= 1.23867519758642
AILarvaLD50= 60.0789529534664
AIKOW= 45771.2980664923
AIKOC= 36057.6126566362
AIHalfLife= 9.95372638800181
EAppRate= 2.30272219196754
FoliarEnabled= true
FoliarAppDate= 06/07/1989
FoliarForageBegin= 06/05/1989
FoliarForageEnd= 06/28/1989
AIContactFactor= 1.04529673337005
CL4Pollen= 2.05300474446267
CL4Nectar= 38.2009204244241
CL5Pollen= 2.05953802540898
CL5Nectar= 78.2645835075527
CLDPollen= 5.67731086816639
CLDNectar= 31.7727360525168
CA13Pollen= 3.83295286661014
CA13Nectar= 53.373140655458
CA410Pollen= 4.40589884493966
CA410Nectar= 126.907903663814
CA1120Pollen= 1.82582166907378
CA1120Nectar= 56.8515931814909
IPollenTrips= 14.2264520656317
INectarTrips= 8.74109403463081
IPollenLoad= 8.24032609816641
INectarLoad= 4.00121300015599
ESoilP= 1.03114271024242
ESoilFoc= 0.00371869958913885
