ICQueenStrength= 2.06518955342472
RQWkrDrnRatio= 3.37117263395339
ICDroneMiteSurvivorship= 98.2372443191707
ICWorkerMiteSurvivorship= 88.4088361402974
ICForagerLifespan= 10.2432550480589
ImmType= Tangent
RQQueenStrength= 4.0353185031563
RQEnableReQueen=true
AIAdultSlope= 3.13891050592065
AIAdultLD50= 0.0321792179082986
AIAdultSlopeContact= 2.56080860435031
AIAdultLD50Contact= 80.2488527991334
AILarvaSlope= 5.36196001060307
AILarvaLD50= 17.5631914682158
AIKOW= 84356.0851688988
AIKOC= 46092.0567744609
AIHalfLife= 5.87727099750191
EAppRate= 8.16428829474025
FoliarEnabled=true
FoliarAppDate= 07/01/1989
FoliarForageBegin= 07/01/1989
FoliarForageEnd= 07/14/1989
AIContactFactor= 2.1799790313188
CL4Pollen= 3.23981637414545
CL4Nectar= 65.0030251126736
CL5Pollen= 0.261964489705861
CL5Nectar= 20.958682091441
CLDPollen= 1.32802961440757
CLDNectar= 125.539823574945
CA13Pollen= 3.83323682313785
CA13Nectar= 49.8543092049658
CA410Pollen= 5.81130192093551
CA410Nectar= 156.560045685619
CA1120Pollen= 1.95376697927713
CA1120Nectar= 57.3042057640851
IPollenTrips= 6.02025414118543
INectarTrips= 9.12441749125719
IPollenLoad= 4.45081178564578
INectarLoad= 6.18229747284204
