ICQueenStrength= 3.90817329194397
RQWkrDrnRatio= 2.41008281521499
ICDroneMiteSurvivorship= 73.2902451884001
ICWorkerMiteSurvivorship= 73.1270234566182
ICForagerLifespan= 11.3501719245687
ImmType= Cosine
RQQueenStrength= 1.82668942050077
RQEnableReQueen= true
AIAdultSlope= 1.55004264973104
AIAdultLD50= 11.8757874108758
AIAdultSlopeContact= 6.46565376990475
AIAdultLD50Contact= 25.2141026691424
AILarvaSlope= 1.95919137075543
AILarvaLD50= 22.0885874710863
AIKOW= 3898.88267384836
AIKOC= 74511.4279996555
AIHalfLife= 22.3291835848941
EAppRate= 5.28767783412989
FoliarEnabled= true
FoliarAppDate= 06/07/1989
FoliarForageBegin= 06/05/1989
FoliarForageEnd= 06/28/1989
AIContactFactor= 2.36116709938738
CL4Pollen= 1.20160869602114
CL4Nectar= 42.3489890061319
CL5Pollen= 5.02191511821002
CL5Nectar= 70.295581407845
CLDPollen= 5.00884271599352
CLDNectar= 129.478995362297
CA13Pollen= 6.72429660456255
CA13Nectar= 40.2534052915871
CA410Pollen= 2.45066403974779
CA410Nectar= 158.012220468372
CA1120Pollen= 2.82663745502941
CA1120Nectar= 83.9994163438678
IPollenTrips= 14.8117342707701
INectarTrips= 5.90675715357065
IPollenLoad= 6.54469978995621
INectarLoad= 7.27164719253778
