ICQueenStrength= 1.81882144324481
RQWkrDrnRatio= 2.63309574779123
ICDroneMiteSurvivorship= 73.1429592473432
ICWorkerMiteSurvivorship= 27.2827159613371
ICForagerLifespan= 9.45602429099381
ImmType= Tangent
RQQueenStrength= 5.03262023814023
RQEnableReQueen= true
AIAdultSlope= 2.56355160102248
AIAdultLD50= 30.5372110646921
AIAdultSlopeContact= 7.0421321419999
AIAdultLD50Contact= 33.451232704421
AILarvaSlope= 1.21541551873088
AILarvaLD50= 96.5040963258178
AIKOW= 65905.0496629605
AIKOC= 76978.2871205655
AIHalfLife= 5.16221230763476
EAppRate= 1.92491565113328
FoliarEnabled= true
FoliarAppDate= 06/07/1989
FoliarForageBegin= 06/05/1989
FoliarForageEnd= 06/28/1989
AIContactFactor= 1.43423841794021
CL4Pollen= 3.21155699063092
CL4Nectar= 45.7993154413998
CL5Pollen= 4.14782080426812
CL5Nectar= 33.0202051321976
CLDPollen= 2.81641625845805
CLDNectar= 68.8794628134929
CA13Pollen= 2.53132867515087
CA13Nectar= 30.684127304703
CA410Pollen= 3.78888478237204
CA410Nectar= 153.183731604367
CA1120Pollen= 2.97097714897245
CA1120Nectar= 53.2856526970863
IPollenTrips= 12.0712983747944
INectarTrips= 12.4269647942856
IPollenLoad= 9.10714664263651
INectarLoad= 9.74273917498067
