ICQueenStrength= 1.36061665625311
RQWkrDrnRatio= 3.79337734822184
ICDroneMiteSurvivorship= 74.1729729343206
ICWorkerMiteSurvivorship= 2.81213666312397
ICForagerLifespan= 6.83932105917484
ImmType= Logarithmic
RQQueenStrength= 2.80739996605553
RQEnableReQueen= true
AIAdultSlope= 6.87580562382936
AIAdultLD50= 78.0125996705836
AIAdultSlopeContact= 4.38498618896119
AIAdultLD50Contact= 12.1649098876212
AILarvaSlope= 3.65165605768561
AILarvaLD50= 19.17117473351
AIKOW= 84153.1806174102
AIKOC= 84874.2722188025
AIHalfLife= 2.77391166656744
EAppRate= 2.51690632563294
FoliarEnabled= true
FoliarAppDate= 06/07/1989
FoliarForageBegin= 06/05/1989
FoliarForageEnd= 06/28/1989
AIContactFactor= 2.34523212001659
CL4Pollen= 1.36266443412751
CL4Nectar= 62.129585002549
CL5Pollen= 1.85287672234699
CL5Nectar= 131.621822656598
CLDPollen= 1.10996650485322
CLDNectar= 81.5984127810225
CA13Pollen= 2.36588939027861
CA13Nectar= 99.3047650158405
CA410Pollen= 3.00485600631218
CA410Nectar= 54.3654288770631
CA1120Pollen= 0.65302263549529
CA1120Nectar= 70.5516859702766
IPollenTrips= 8.66524665616453
INectarTrips= 9.01475050719455
IPollenLoad= 4.72070531453937
INectarLoad= 5.77284902567044
