ICQueenStrength= 2.81167097878642
RQWkrDrnRatio= 2.32630188856274
ICDroneMiteSurvivorship= 53.6214701132849
ICWorkerMiteSurvivorship= 24.8732278589159
ICForagerLifespan= 12.6894027218223
ImmType= Exponential
RQQueenStrength= 2.61738119786605
RQEnableReQueen= true
AIAdultSlope= 1.41246335208416
AIAdultLD50= 18.3224669095164
AIAdultSlopeContact= 3.78573914594017
AIAdultLD50Contact= 13.6934671025795
AILarvaSlope= 6.20405698008835
AILarvaLD50= 40.657791763992
AIKOW= 49892.9471524473
AIKOC= 99689.3747107564
AIHalfLife= 0.970873684994876
EAppRate= 6.67238506550575
FoliarEnabled= true
FoliarAppDate= 06/07/1989
FoliarForageBegin= 06/05/1989
FoliarForageEnd= 06/28/1989
AIContactFactor= 1.1667743756948
CL4Pollen= 0.362004624679685
CL4Nectar= 38.6384393554181
CL5Pollen= 3.82334115263075
CL5Nectar= 112.712893914431
CLDPollen= 4.49277712544426
CLDNectar= 30.4095042287372
CA13Pollen= 3.98460458992049
CA13Nectar= 51.4919176325202
CA410Pollen= 5.92299002474174
CA410Nectar= 26.7159176059067
CA1120Pollen= 2.6879211589694
CA1120Nectar= 41.5046401135623
IPollenTrips= 9.42253107205033
INectarTrips= 13.6913488712162
IPollenLoad= 1.37961987638846
INectarLoad= 6.81831799913198
ESoilP= 1.18696252140217
ESoilFoc= 0.0080060644869227
