ICQueenStrength= 5.49413952534087
RQWkrDrnRatio= 1.10315288696438
ICDroneMiteSurvivorship= 56.7604101961479
ICWorkerMiteSurvivorship= 77.3201772011817
ICForagerLifespan= 15.4415969289839
ImmType= Cosine
RQQueenStrength= 5.61345185874961
RQEnableReQueen= true
AIAdultSlope= 5.67683384381235
AIAdultLD50= 45.5669194241958
AIAdultSlopeContact= 2.98443747987039
AIAdultLD50Contact= 44.6266666265069
AILarvaSlope= 4.18764887750149
AILarvaLD50= 0.9924723262568
AIKOW= 86178.979588692
AIKOC= 8407.89405404008
AIHalfLife= 26.9359850957058
EAppRate= 2.83660144171445
FoliarEnabled= true
FoliarAppDate= 06/07/1989
FoliarForageBegin= 06/05/1989
FoliarForageEnd= 06/28/1989
AIContactFactor= 0.301618844079785
CL4Pollen= 1.4574291491881
CL4Nectar= 44.8240644996986
CL5Pollen= 0.109695349819958
CL5Nectar= 118.574307393283
CLDPollen= 4.23133525718004
CLDNectar= 29.6401458210312
CA13Pollen= 3.55844222269952
CA13Nectar= 56.5950495749712
CA410Pollen= 6.60175317202229
CA410Nectar= 101.176929604262
CA1120Pollen= 0.524926138110459
CA1120Nectar= 76.3577953912318
IPollenTrips= 13.7480149883777
INectarTrips= 13.9730214001611
IPollenLoad= 6.33328995900229
INectarLoad= 9.51471752487123
ESoilP= 1.42367270379327
ESoilFoc= 0.0153430448763538
