ICQueenStrength= 1.61043008463457
RQWkrDrnRatio= 1.12112048268318
ICDroneMiteSurvivorship= 52.1986870793626
ICWorkerMiteSurvivorship= 50.8304473245516
ICForagerLifespan= 4.97722555790097
ImmType= Logarithmic
RQQueenStrength= 3.06573032774031
RQEnableReQueen= true
AIAdultSlope= 2.54119848832488
AIAdultLD50= 10.909534139707
AIAdultSlopeContact= 3.60773777076975
AIAdultLD50Contact= 97.3813786800145
AILarvaSlope= 5.93341883085668
AILarvaLD50= 4.19523579171835
AIKOW= 99936.7727961288
AIKOC= 47992.5533116711
AIHalfLife= 18.3251310424646
EAppRate= 9.40835355446371
FoliarEnabled= true
FoliarAppDate= 06/07/1989
FoliarForageBegin= 06/05/1989
FoliarForageEnd= 06/28/1989
AIContactFactor= 1.77028672333807
CL4Pollen= 2.86356171499938
CL4Nectar= 66.8999554123729
CL5Pollen= 1.51893578656018
CL5Nectar= 79.5177966705523
CLDPollen= 0.386829115916044
CLDNectar= 123.613441153429
CA13Pollen= 7.42460765996948
CA13Nectar= 21.8112909421325
CA410Pollen= 8.6366379913874
CA410Nectar= 133.767733224668
CA1120Pollen= 0.305423707002774
CA1120Nectar= 71.1654333770275
IPollenTrips= 12.0867544203065
INectarTrips= 5.74720751727
IPollenLoad= 1.35065388632938
INectarLoad= 2.92605506954715
