ICQueenStrength= 4.32564753829502
RQWkrDrnRatio= 1.93536504078656
ICDroneMiteSurvivorship= 52.3025332018733
ICWorkerMiteSurvivorship= 2.48126247897744
ICForagerLifespan= 10.6322642732412
ImmType= Tangent
RQQueenStrength= 1.92544476385228
RQEnableReQueen= true
AIAdultSlope= 1.25968306139112
AIAdultLD50= 30.0196228233096
AIAdultSlopeContact= 5.90891785384156
AIAdultLD50Contact= 72.7720021142855
AILarvaSlope= 8.38405391387641
AILarvaLD50= 36.8012268547392
AIKOW= 92264.0937665819
AIKOC= 14158.3735138767
AIHalfLife= 15.9896137745818
EAppRate= 9.13357963131997
FoliarEnabled= true
FoliarAppDate= 06/07/1989
FoliarForageBegin= 06/05/1989
FoliarForageEnd= 06/28/1989
AIContactFactor= 0.893303968398832
CL4Pollen= 2.56238211411983
CL4Nectar= 38.4700638009235
CL5Pollen= 2.74378843931481
CL5Nectar= 135.180745634716
CLDPollen= 2.21060378244147
CLDNectar= 76.0571455350146
CA13Pollen= 8.05457294620573
CA13Nectar= 56.0233766771853
CA410Pollen= 8.19819561950862
CA410Nectar= 92.6635876717046
CA1120Pollen= 0.130890003405511
CA1120Nectar= 97.1241048537195
IPollenTrips= 11.0560318734497
INectarTrips= 8.23721646564081
IPollenLoad= 7.70724412053823
INectarLoad= 0.567176411859691
