ICQueenStrength= 5.67478489386849
RQWkrDrnRatio= 3.09205791633576
ICDroneMiteSurvivorship= 42.2930115368217
ICWorkerMiteSurvivorship= 32.3500830680132
ICForagerLifespan= 14.3043402312323
ImmType= Logarithmic
RQQueenStrength= 1.49536722246557
RQEnableReQueen= true
AIAdultSlope= 1.21505607664585
AIAdultLD50= 0.909432915979065
AIAdultSlopeContact= 6.89106163522229
AIAdultLD50Contact= 1.89145707338373
AILarvaSlope= 5.71879073791206
AILarvaLD50= 25.6205180674721
AIKOW= 57232.9554865853
AIKOC= 6085.75542607042
AIHalfLife= 26.6103168940637
EAppRate= 6.50722763369256
FoliarEnabled= true
FoliarAppDate= 09/01/1989
FoliarForageBegin= 09/01/1989
FoliarForageEnd= 09/08/1989
AIContactFactor= 1.34074800936971
CL4Pollen= 1.68008014094085
CL4Nectar= 39.0433876076713
CL5Pollen= 1.77228324534371
CL5Nectar= 133.137500099838
CLDPollen= 1.00666672736406
CLDNectar= 30.0442721578293
CA13Pollen= 5.14962058775127
CA13Nectar= 55.942170675844
CA410Pollen= 5.17268376282882
CA410Nectar= 161.565040247515
CA1120Pollen= 2.38129423186183
CA1120Nectar= 78.1389974616468
IPollenTrips= 12.247655170504
INectarTrips= 12.3678061552346
IPollenLoad= 5.71067851502448
INectarLoad= 1.33911151671782
