ICQueenStrength= 4.53943609050475
RQWkrDrnRatio= 2.18864932190627
ICDroneMiteSurvivorship= 49.0238057915121
ICWorkerMiteSurvivorship= 25.8519156835973
ICForagerLifespan= 8.02830900251865
ImmType= Polynomial
RQQueenStrength= 1.90110600576736
RQEnableReQueen= true
AIAdultSlope= 1.43510416336358
AIAdultLD50= 90.9226190239291
AIAdultSlopeContact= 8.3251005129423
AIAdultLD50Contact= 6.18659029611363
AILarvaSlope= 7.73867520131171
AILarvaLD50= 24.0738694870577
AIKOW= 65572.3086294211
AIKOC= 75125.540923459
AIHalfLife= 8.20433902887162
EAppRate= 2.36813224387844
FoliarEnabled= true
FoliarAppDate= 06/07/1989
FoliarForageBegin= 06/05/1989
FoliarForageEnd= 06/28/1989
AIContactFactor= 0.784407249684446
CL4Pollen= 0.933077686466277
CL4Nectar= 69.0830409526825
CL5Pollen= 0.962314357515424
CL5Nectar= 144.002027821261
CLDPollen= 0.795855004806072
CLDNectar= 53.1423426233232
CA13Pollen= 7.40575256599113
CA13Nectar= 99.0784993208945
CA410Pollen= 8.70321370458696
CA410Nectar= 70.9695035545155
CA1120Pollen= 2.57576599088497
CA1120Nectar= 22.8358573466539
IPollenTrips= 9.11323328502476
INectarTrips= 11.2123032659292
IPollenLoad= 3.4647628176026
INectarLoad= 7.06559743732214
