ICQueenStrength= 4.03004467044957
RQWkrDrnRatio= 3.75428938213736
ICDroneMiteSurvivorship= 69.5600446779281
ICWorkerMiteSurvivorship= 82.1460454026237
ICForagerLifespan= 14.3921265602112
ImmType= Tangent
RQQueenStrength= 4.79878118750639
RQEnableReQueen= true
AIAdultSlope= 8.91655837930739
AIAdultLD50= 7.68821770337131
AIAdultSlopeContact= 9.01535384752788
AIAdultLD50Contact= 67.3956846023647
AILarvaSlope= 2.80159771069884
AILarvaLD50= 28.4598513871229
AIKOW= 62511.1572214721
AIKOC= 33197.3592704777
AIHalfLife= 20.2298064392759
EAppRate= 3.22390483500739
FoliarEnabled= true
FoliarAppDate= 06/07/1989
FoliarForageBegin= 06/05/1989
FoliarForageEnd= 06/28/1989
AIContactFactor= 0.939403138137422
CL4Pollen= 0.925183263607323
CL4Nectar= 26.1225370224565
CL5Pollen= 4.47714160708711
CL5Nectar= 87.5510298530571
CLDPollen= 5.31939910445362
CLDNectar= 124.882993020583
CA13Pollen= 2.53738189842552
CA13Nectar= 28.583235386759
CA410Pollen= 6.62078389343806
CA410Nectar= 133.612636961043
CA1120Pollen= 1.90666614565998
CA1120Nectar= 30.7947135157883
IPollenTrips= 11.4509703079239
INectarTrips= 9.570357860066
IPollenLoad= 2.1934459800832
INectarLoad= 6.30862793885171
