ICQueenStrength= 2.02571820258163
RQWkrDrnRatio= 4.00794570613652
ICDroneMiteSurvivorship= 94.5454924134538
ICWorkerMiteSurvivorship= 52.1200937218964
ICForagerLifespan= 8.43854738399386
ImmType= Exponential
AIAdultSlope= 1.39195336116711
AIAdultLD50= 0.120465431502089
AIAdultSlopeContact= 3.79821098864777
AIAdultLD50Contact= 0.0264655978069641
AILarvaSlope= 1.88068169089966
AILarvaLD50= 0.270871360483579
AIKOW= 5.89386068284512
AIKOC= 15.8737282862421
AIHalfLife= 1.66608127395157
EAppRate= 6.59765705000609
FoliarEnabled= true
