ICQueenStrength= 5.33019888005219
RQWkrDrnRatio= 4.02822787407786
ICDroneMiteSurvivorship= 3.72995524667203
ICWorkerMiteSurvivorship= 40.8892950043082
ICForagerLifespan= 13.310658893548
ImmType= Sine
RQQueenStrength= 4.16031227470376
RQEnableReQueen= true
AIAdultSlope= 7.09393223188818
AIAdultLD50= 61.2723333894389
AIAdultSlopeContact= 1.83455410506576
AIAdultLD50Contact= 76.8099050077042
AILarvaSlope= 8.35573363304138
AILarvaLD50= 61.3021003265763
AIKOW= 99798.4986255281
AIKOC= 35757.8813111363
AIHalfLife= 2.80352542370092
EAppRate= 0.0447456996846013
FoliarEnabled= true
FoliarAppDate= 06/07/1989
FoliarForageBegin= 06/05/1989
FoliarForageEnd= 06/28/1989
AIContactFactor= 2.05687149030156
CL4Pollen= 0.974543498829007
CL4Nectar= 56.6740955226123
CL5Pollen= 1.15575665328652
CL5Nectar= 146.546352608129
CLDPollen= 2.03949118265882
CLDNectar= 81.981221109163
CA13Pollen= 7.81520502110943
CA13Nectar= 55.1320550404489
CA410Pollen= 8.63462402927689
CA410Nectar= 117.169875362888
CA1120Pollen= 2.84859010926448
CA1120Nectar= 26.9768448732793
IPollenTrips= 5.91812307946384
INectarTrips= 6.87004405306652
IPollenLoad= 8.31710305763409
INectarLoad= 4.71164656803012
