ICQueenStrength= 4.61386869917624
RQWkrDrnRatio= 1.83079889416695
ICDroneMiteSurvivorship= 69.8795523028821
ICWorkerMiteSurvivorship= 17.6231696503237
ICForagerLifespan= 10.8136440394446
ImmType= Exponential
RQQueenStrength= 5.93719768361188
RQEnableReQueen= true
AIAdultSlope= 7.17680480703712
AIAdultLD50= 30.5310888208572
AIAdultSlopeContact= 3.06591874430887
AIAdultLD50Contact= 40.1374568236906
AILarvaSlope= 3.31673766113818
AILarvaLD50= 86.366637110322
AIKOW= 90309.6981723684
AIKOC= 62765.4329241419
AIHalfLife= 27.7905343134422
EAppRate= 3.13982112777
FoliarEnabled= true
FoliarAppDate= 06/07/1989
FoliarForageBegin= 06/05/1989
FoliarForageEnd= 06/28/1989
AIContactFactor= 0.627905826135538
CL4Pollen= 2.06953548733145
CL4Nectar= 45.922725321725
CL5Pollen= 4.64304380211979
CL5Nectar= 94.8942371760495
CLDPollen= 3.61987214628607
CLDNectar= 86.5937982802279
CA13Pollen= 2.36634680330753
CA13Nectar= 84.171927254647
CA410Pollen= 6.05447290998418
CA410Nectar= 57.6282089482993
CA1120Pollen= 1.97658078325912
CA1120Nectar= 21.1519524641335
IPollenTrips= 11.409265822731
INectarTrips= 11.493002846837
IPollenLoad= 7.42328808410093
INectarLoad= 1.32288739783689
ESoilP= 1.0260316869244
ESoilFoc= 0.0134063581831288
