ICQueenStrength= 4.12361616734415
RQWkrDrnRatio= 1.05251913052052
ICDroneMiteSurvivorship= 2.09970511496067
ICWorkerMiteSurvivorship= 13.6395409237593
ICForagerLifespan= 10.3785652061924
ImmType= Exponential
RQQueenStrength= 3.5482809767127
RQEnableReQueen=true
AIAdultSlope= 2.29064792580903
AIAdultLD50= 0.577061870777281
AIAdultSlopeContact= 1.96722286846489
AIAdultLD50Contact= 19.5531060458948
AILarvaSlope= 6.46567459776998
AILarvaLD50= 53.8708382174896
AIKOW= 63257.3817113498
AIKOC= 7704.51747822366
AIHalfLife= 25.6153861068888
EAppRate= 4.01438213428576
FoliarEnabled=true
FoliarAppDate= 07/01/1989
FoliarForageBegin= 07/01/1989
FoliarForageEnd= 07/14/1989
AIContactFactor= 1.6446711146133
CL4Pollen= 3.79325599223375
CL4Nectar= 66.6827243985608
CL5Pollen= 3.01719731278718
CL5Nectar= 104.331294761505
CLDPollen= 0.126864984165877
CLDNectar= 2.46855143923312
CA13Pollen= 2.75726547213271
CA13Nectar= 93.3998855389655
CA410Pollen= 5.93136863592081
CA410Nectar= 23.9541656291112
CA1120Pollen= 0.186312574893236
CA1120Nectar= 91.5807235613465
IPollenTrips= 8.20205801632255
INectarTrips= 6.21742907911539
IPollenLoad= 5.14204924926162
INectarLoad= 6.03488760767505
