ICQueenStrength= 3.68316268268973
RQWkrDrnRatio= 3.59460096340626
ICDroneMiteSurvivorship= 45.1580812688917
ICWorkerMiteSurvivorship= 47.2059390507638
ICForagerLifespan= 5.90644032601267
ImmType= Tangent
RQQueenStrength= 2.8272556271404
RQEnableReQueen=true
AIAdultSlope= 3.14643435180187
AIAdultLD50= 0.425238847361179
AIAdultSlopeContact= 4.53759713028558
AIAdultLD50Contact= 83.4911921189609
AILarvaSlope= 4.1247456818819
AILarvaLD50= 13.229702178664
AIKOW= 27622.455192246
AIKOC= 820.728498481447
AIHalfLife= 16.8396833095932
EAppRate= 8.47297427899786
FoliarEnabled=true
FoliarAppDate= 07/01/1989
FoliarForageBegin= 07/01/1989
FoliarForageEnd= 07/14/1989
AIContactFactor= 1.07845136307646
CL4Pollen= 2.93735568411648
CL4Nectar= 29.3194639729336
CL5Pollen= 3.06575664924458
CL5Nectar= 123.010107502341
CLDPollen= 3.33644186099991
CLDNectar= 3.8168981205672
CA13Pollen= 2.64844125630334
CA13Nectar= 30.0730909779668
CA410Pollen= 9.41685029498767
CA410Nectar= 159.970363471657
CA1120Pollen= 1.8161089620553
CA1120Nectar= 90.5234638229012
IPollenTrips= 12.9235669411719
INectarTrips= 10.9581340942532
IPollenLoad= 8.58664493774995
INectarLoad= 3.92308652866632
