ICQueenStrength= 5.91067563998513
RQWkrDrnRatio= 2.50671708211303
ICDroneMiteSurvivorship= 57.5933285057545
ICWorkerMiteSurvivorship= 3.62476345617324
ICForagerLifespan= 7.9863556297496
ImmType= Logarithmic
RQQueenStrength= 2.69933058554307
RQEnableReQueen= true
AIAdultSlope= 5.82137203589082
AIAdultLD50= 48.5715749804219
AIAdultSlopeContact= 5.6735015399754
AIAdultLD50Contact= 47.0097838517309
AILarvaSlope= 2.68653119541705
AILarvaLD50= 37.2055400229269
AIKOW= 97168.6690850294
AIKOC= 26139.4114978248
AIHalfLife= 17.8838482063729
EAppRate= 2.659839009966
FoliarEnabled= true
FoliarAppDate= 06/07/1989
FoliarForageBegin= 06/05/1989
FoliarForageEnd= 06/28/1989
AIContactFactor= 1.17825979731046
CL4Pollen= 2.75769845489413
CL4Nectar= 72.7873419644311
CL5Pollen= 2.56232376163825
CL5Nectar= 25.3869666717947
CLDPollen= 3.37777820695192
CLDNectar= 43.3803515508771
CA13Pollen= 3.47838631765917
CA13Nectar= 78.7784106098115
CA410Pollen= 2.86064994172193
CA410Nectar= 98.5286741703749
CA1120Pollen= 1.27492633787915
CA1120Nectar= 78.0789380148053
IPollenTrips= 10.1588107016869
INectarTrips= 5.61877051601186
IPollenLoad= 9.63865874568
INectarLoad= 9.70722825732082
ESoilP= 1.36476030712947
ESoilFoc= 0.016038827329874
