ICQueenStrength= 1.26580983889289
RQWkrDrnRatio= 1.65057664271444
ICDroneMiteSurvivorship= 89.8262018570676
ICWorkerMiteSurvivorship= 63.1272545317188
ICForagerLifespan= 6.79397422261536
ImmType= Logarithmic
RQQueenStrength= 3.81810035812669
RQEnableReQueen= true
AIAdultSlope= 8.63189865648746
AIAdultLD50= 99.2961781400305
AIAdultSlopeContact= 8.58248796802945
AIAdultLD50Contact= 3.00916933131288
AILarvaSlope= 2.62034823931754
AILarvaLD50= 82.2429072505219
AIKOW= 76731.8110432504
AIKOC= 17841.472434154
AIHalfLife= 1.77133278071415
EAppRate= 8.67417373577925
FoliarEnabled= true
FoliarAppDate= 06/07/1989
FoliarForageBegin= 06/05/1989
FoliarForageEnd= 06/28/1989
AIContactFactor= 2.15288532038685
CL4Pollen= 1.87774565629661
CL4Nectar= 73.4352943254635
CL5Pollen= 4.94951550615951
CL5Nectar= 67.792203091085
CLDPollen= 1.58709061704576
CLDNectar= 95.8153916755691
CA13Pollen= 4.98764510061592
CA13Nectar= 64.1597683168948
CA410Pollen= 5.60760412558448
CA410Nectar= 172.956462651491
CA1120Pollen= 2.56933203502558
CA1120Nectar= 91.5955020301044
IPollenTrips= 6.77063247188926
INectarTrips= 12.3539594723843
IPollenLoad= 4.38776389928535
INectarLoad= 4.35876589501277
ESoilP= 1.91519671236165
ESoilFoc= 0.0141148509150371
