ICQueenStrength= 1.03647831501439
RQWkrDrnRatio= 1.99858037009835
ICDroneMiteSurvivorship= 93.7791524920613
ICWorkerMiteSurvivorship= 93.7151070451364
ICForagerLifespan= 15.6448832657188
ImmType= Cosine
RQQueenStrength= 1.10725359781645
RQEnableReQueen= true
AIAdultSlope= 4.46085020713508
AIAdultLD50= 33.8812667425647
AIAdultSlopeContact= 6.90163481095806
AIAdultLD50Contact= 20.6653683517496
AILarvaSlope= 2.97183960862458
AILarvaLD50= 88.6069347228205
AIKOW= 89523.9516625714
AIKOC= 88087.9134930056
AIHalfLife= 17.4677747301292
EAppRate= 8.44125811045477
FoliarEnabled= true
FoliarAppDate= 06/07/1989
FoliarForageBegin= 06/05/1989
FoliarForageEnd= 06/28/1989
AIContactFactor= 1.36090264845639
CL4Pollen= 1.71127446182072
CL4Nectar= 38.5399177903309
CL5Pollen= 2.87317650904879
CL5Nectar= 19.0537545480765
CLDPollen= 2.85193007765338
CLDNectar= 108.381492749322
CA13Pollen= 7.07866439763457
CA13Nectar= 24.6987563371658
CA410Pollen= 2.49352725348435
CA410Nectar= 88.5155606502667
CA1120Pollen= 1.64138175663538
CA1120Nectar= 78.3316634595394
IPollenTrips= 11.6813153168187
INectarTrips= 13.3143353136256
IPollenLoad= 5.25343947578222
INectarLoad= 8.07298209518194
