ICQueenStrength= 1.96848583896644
RQWkrDrnRatio= 3.70879097748548
ICDroneMiteSurvivorship= 96.2539259810001
ICWorkerMiteSurvivorship= 93.1203946238384
ICForagerLifespan= 11.6446107542142
ImmType= Sine
RQQueenStrength= 5.30089041474275
RQEnableReQueen= true
AIAdultSlope= 2.23734683729708
AIAdultLD50= 16.9753141744907
AIAdultSlopeContact= 4.43980939080939
AIAdultLD50Contact= 4.10767478989274
AILarvaSlope= 6.86658685840666
AILarvaLD50= 75.1841793400329
AIKOW= 35815.4382712818
AIKOC= 32707.2144793423
AIHalfLife= 28.8959770480636
EAppRate= 6.14496185953333
FoliarEnabled= true
FoliarAppDate= 06/07/1989
FoliarForageBegin= 06/05/1989
FoliarForageEnd= 06/28/1989
AIContactFactor= 1.7101921415003
CL4Pollen= 3.24691752996296
CL4Nectar= 72.1002315869555
CL5Pollen= 3.98117182636634
CL5Nectar= 32.0252235978842
CLDPollen= 2.16206941008568
CLDNectar= 31.8216858431697
CA13Pollen= 2.85057098958641
CA13Nectar= 68.8392916694283
CA410Pollen= 7.43924469805788
CA410Nectar= 71.0900065721944
CA1120Pollen= 1.52217910252512
CA1120Nectar= 31.0225109010935
IPollenTrips= 14.6182195469737
INectarTrips= 10.2256466541439
IPollenLoad= 2.42773282341659
INectarLoad= 8.87527076294646
