ICQueenStrength= 5.85038419719785
RQWkrDrnRatio= 1.52102054469287
ICDroneMiteSurvivorship= 37.3236250597984
ICWorkerMiteSurvivorship= 16.0581493983045
ICForagerLifespan= 12.0638965647668
ImmType= Tangent
RQQueenStrength= 1.72896639001556
RQEnableReQueen= true
AIAdultSlope= 6.95352958887815
AIAdultLD50= 91.9197726404744
AIAdultSlopeContact= 4.51343303383328
AIAdultLD50Contact= 80.3781870191167
AILarvaSlope= 2.11734998784959
AILarvaLD50= 18.6993872908982
AIKOW= 10026.9078144694
AIKOC= 21187.3668270814
AIHalfLife= 6.70144076496363
EAppRate= 4.38232392184553
FoliarEnabled= true
FoliarAppDate= 06/07/1989
FoliarForageBegin= 06/05/1989
FoliarForageEnd= 06/28/1989
AIContactFactor= 2.20877748072613
CL4Pollen= 2.39786339085549
CL4Nectar= 9.1753097018227
CL5Pollen= 4.62778612039983
CL5Nectar= 77.0145625574514
CLDPollen= 4.46770550636575
CLDNectar= 41.908361739479
CA13Pollen= 5.3710536358878
CA13Nectar= 89.3476272560656
CA410Pollen= 6.89297642938327
CA410Nectar= 198.186082937755
CA1120Pollen= 1.78947148821317
CA1120Nectar= 74.0354098752141
IPollenTrips= 9.4585222308524
INectarTrips= 8.29122109105811
IPollenLoad= 6.46227438468486
INectarLoad= 4.08362984657288
