ICQueenStrength= 3.20421698596328
RQWkrDrnRatio= 3.49970197211951
ICDroneMiteSurvivorship= 4.9048226326704
ICWorkerMiteSurvivorship= 92.0504464302212
ICForagerLifespan= 8.9051501583308
ImmType= Tangent
RQQueenStrength= 1.00062308274209
RQEnableReQueen=true
AIAdultSlope= 6.84103297814727
AIAdultLD50= 0.256161942865467
AIAdultSlopeContact= 2.49590031546541
AIAdultLD50Contact= 55.6038531286309
AILarvaSlope= 2.53286584094167
AILarvaLD50= 93.6969763402622
AIKOW= 5897.02129758094
AIKOC= 81722.9589216381
AIHalfLife= 21.2830569437705
EAppRate= 7.99465466649272
FoliarEnabled=true
FoliarAppDate= 07/01/1989
FoliarForageBegin= 07/01/1989
FoliarForageEnd= 07/14/1989
AIContactFactor= 1.27469973827247
CL4Pollen= 2.53428673930466
CL4Nectar= 86.4874737802893
CL5Pollen= 5.56690612295642
CL5Nectar= 44.6801244746894
CLDPollen= 3.17998237581924
CLDNectar= 35.2453486877494
CA13Pollen= 6.213592062518
CA13Nectar= 34.8108749464154
CA410Pollen= 5.37873281515203
CA410Nectar= 182.982585388236
CA1120Pollen= 1.67993469117209
CA1120Nectar= 35.2991412766278
IPollenTrips= 13.9677966991439
INectarTrips= 9.94102229131386
IPollenLoad= 7.31048433110118
INectarLoad= 9.65125196380541
