ICQueenStrength= 5.60958243231289
RQWkrDrnRatio= 2.39815067220479
ICDroneMiteSurvivorship= 22.8518302552402
ICWorkerMiteSurvivorship= 61.6500318050385
ICForagerLifespan= 5.23517208732665
ImmType= Logarithmic
RQQueenStrength= 3.28030487778597
RQEnableReQueen= true
AIAdultSlope= 8.36429249681532
AIAdultLD50= 82.5550873672555
AIAdultSlopeContact= 7.70477390754968
AIAdultLD50Contact= 10.9679280167012
AILarvaSlope= 6.64080888219178
AILarvaLD50= 2.28219066977571
AIKOW= 25432.0493495777
AIKOC= 37872.9099791688
AIHalfLife= 10.148467343743
EAppRate= 5.45399210667051
FoliarEnabled= true
FoliarAppDate= 06/07/1989
FoliarForageBegin= 06/05/1989
FoliarForageEnd= 06/28/1989
AIContactFactor= 0.508881481550634
CL4Pollen= 0.134470222517848
CL4Nectar= 51.7563286237419
CL5Pollen= 4.0104659087956
CL5Nectar= 17.4110633670352
CLDPollen= 4.30180693091825
CLDNectar= 148.615721880924
CA13Pollen= 2.64752188585699
CA13Nectar= 63.4842728637159
CA410Pollen= 3.31539331392851
CA410Nectar= 168.381961295381
CA1120Pollen= 2.89031942957081
CA1120Nectar= 43.9478632621467
IPollenTrips= 14.7095546103083
INectarTrips= 6.51416539913043
IPollenLoad= 9.73577250028029
INectarLoad= 3.63986131502315
ESoilP= 1.51634851587005
ESoilFoc= 0.00190804863697849
