ICQueenStrength= 2.85665034223348
RQWkrDrnRatio= 2.02049609459937
ICDroneMiteSurvivorship= 51.7802271991968
ICWorkerMiteSurvivorship= 72.3654780769721
ICForagerLifespan= 12.9801816660911
ImmType= Tangent
RQQueenStrength= 1.59431761968881
RQEnableReQueen= true
AIAdultSlope= 2.09072669036686
AIAdultLD50= 67.2482668865223
AIAdultSlopeContact= 6.11033467482775
AIAdultLD50Contact= 71.708410774976
AILarvaSlope= 5.00673535838723
AILarvaLD50= 22.8850915080917
AIKOW= 92502.6191910964
AIKOC= 73761.8534199623
AIHalfLife= 24.2900516029913
EAppRate= 1.24353875582851
FoliarEnabled= true
FoliarAppDate= 06/07/1989
FoliarForageBegin= 06/05/1989
FoliarForageEnd= 06/28/1989
AIContactFactor= 1.83004197083879
CL4Pollen= 1.82158050034195
CL4Nectar= 91.4586603175849
CL5Pollen= 5.06188355153427
CL5Nectar= 129.430426738691
CLDPollen= 3.03771682782099
CLDNectar= 82.0105610531755
CA13Pollen= 4.85612012753263
CA13Nectar= 65.4669158160686
CA410Pollen= 2.91220371271484
CA410Nectar= 97.8553498955444
CA1120Pollen= 1.58249318925664
CA1120Nectar= 31.1415708437562
IPollenTrips= 6.07665142742917
INectarTrips= 14.8272483539768
IPollenLoad= 7.88505506003276
INectarLoad= 9.16786822024733
