ICQueenStrength= 3.48048908659257
RQWkrDrnRatio= 3.03681841213256
ICDroneMiteSurvivorship= 42.8484920645133
ICWorkerMiteSurvivorship= 6.47889566607773
ICForagerLifespan= 10.1061688484624
ImmType= Exponential
AIAdultSlope= 3.62720973725198
AIAdultLD50= 0.116800154047087
AIAdultSlopeContact= 2.28529869429767
AIAdultLD50Contact= 0.025230471487157
AILarvaSlope= 2.14299639482051
AILarvaLD50= 0.340038442402147
AIKOW= 2.67471829243004
AIKOC= 26.3683746696915
AIHalfLife= 1.19382023820654
EAppRate= 2.180678951554
FoliarEnabled= true
