ICQueenStrength= 5.01751965167932
RQWkrDrnRatio= 4.16545385774225
ICDroneMiteSurvivorship= 60.5072390055284
ICWorkerMiteSurvivorship= 60.9708422329277
ICForagerLifespan= 11.6564626479521
ImmType= Logarithmic
AIAdultSlope= 0.381104572063778
AIAdultLD50= 0.0334290503989905
AIAdultSlopeContact= 2.95616800354561
AIAdultLD50Contact= 0.0436205286183395
AILarvaSlope= 1.5153252442833
AILarvaLD50= 0.537595245684497
AIKOW= 4.85808493290097
AIKOC= 23.125986069208
AIHalfLife= 1.15824620816857
EAppRate= 5.91262986883521
FoliarEnabled= true
