ICQueenStrength= 4.90090030152351
RQWkrDrnRatio= 1.27982599008828
ICDroneMiteSurvivorship= 57.1844935417175
ICWorkerMiteSurvivorship= 4.59344685077667
ICForagerLifespan= 10.2278058622032
ImmType= Cosine
RQQueenStrength= 4.60366440960206
RQEnableReQueen= true
AIAdultSlope= 1.81220115348697
AIAdultLD50= 34.1812623482025
AIAdultSlopeContact= 4.71201947052032
AIAdultLD50Contact= 66.6293960928118
AILarvaSlope= 3.97215033695102
AILarvaLD50= 36.2257254337023
AIKOW= 59346.1998181129
AIKOC= 59077.3550401893
AIHalfLife= 5.44367695404217
EAppRate= 0.435185010452755
FoliarEnabled= true
FoliarAppDate= 06/07/1989
FoliarForageBegin= 06/05/1989
FoliarForageEnd= 06/28/1989
AIContactFactor= 1.55175328222569
CL4Pollen= 1.94001896958798
CL4Nectar= 9.75428011734039
CL5Pollen= 2.16553921625018
CL5Nectar= 139.115808927454
CLDPollen= 4.71498471312225
CLDNectar= 2.45699813822284
CA13Pollen= 7.74216538229957
CA13Nectar= 44.2585147917271
CA410Pollen= 6.12848997351248
CA410Nectar= 131.716805864125
CA1120Pollen= 1.60445821587928
CA1120Nectar= 32.5760535895824
IPollenTrips= 8.51998250233009
INectarTrips= 7.9631692962721
IPollenLoad= 9.80640007648617
INectarLoad= 3.76204513711855
