ICQueenStrength= 4.96095435600728
RQWkrDrnRatio= 3.60433698818088
ICDroneMiteSurvivorship= 15.7953941496089
ICWorkerMiteSurvivorship= 53.5546817816794
ICForagerLifespan= 9.22007827088237
ImmType= Polynomial
RQQueenStrength= 1.97739489166997
RQEnableReQueen= true
AIAdultSlope= 8.8615422770381
AIAdultLD50= 0.738298749187263
AIAdultSlopeContact= 6.10010778903961
AIAdultLD50Contact= 14.0517014982707
AILarvaSlope= 3.15775306895375
AILarvaLD50= 93.112454288824
AIKOW= 10473.557038074
AIKOC= 64557.2934457748
AIHalfLife= 16.9096359477378
EAppRate= 7.86028046730231
FoliarEnabled= true
FoliarAppDate= 09/01/1989
FoliarForageBegin= 09/01/1989
FoliarForageEnd= 09/08/1989
AIContactFactor= 2.28610814991873
CL4Pollen= 3.30515823233873
CL4Nectar= 64.9168485542759
CL5Pollen= 2.93162553571165
CL5Nectar= 110.800797713455
CLDPollen= 1.14441144280136
CLDNectar= 73.3967892592773
CA13Pollen= 4.01329717859626
CA13Nectar= 71.689749956131
CA410Pollen= 5.94603377112653
CA410Nectar= 129.177126293071
CA1120Pollen= 1.17822274169885
CA1120Nectar= 83.9565261267126
IPollenTrips= 5.12882119277492
INectarTrips= 7.14116015471518
IPollenLoad= 8.72186549939215
INectarLoad= 2.97354401787743
