ICQueenStrength= 2.05308447382413
RQWkrDrnRatio= 4.40807173214853
ICDroneMiteSurvivorship= 1.0519846342504
ICWorkerMiteSurvivorship= 38.2449805503711
ICForagerLifespan= 12.1855236627162
ImmType= Polynomial
AIAdultSlope= 0.0521254600840621
AIAdultLD50= 0.151602584309876
AIAdultSlopeContact= 2.2118989967485
AIAdultLD50Contact= 0.0107196427183226
AILarvaSlope= 1.26477378606796
AILarvaLD50= 0.34767953872215
AIKOW= 5.29571266006678
AIKOC= 20.822229126934
AIHalfLife= 1.30887508499436
EAppRate= 2.59893451584503
FoliarEnabled= true
