ICQueenStrength= 3.98438149038702
RQWkrDrnRatio= 4.71037204284221
ICDroneMiteSurvivorship= 14.8604753660038
ICWorkerMiteSurvivorship= 5.37203380372375
ICForagerLifespan= 6.99235870502889
ImmType= Polynomial
RQQueenStrength= 2.13879414391704
RQEnableReQueen= true
AIAdultSlope= 8.26136782951653
AIAdultLD50= 26.4838996864951
AIAdultSlopeContact= 3.52452935650945
AIAdultLD50Contact= 75.0571813193657
AILarvaSlope= 8.04780809395015
AILarvaLD50= 88.9119589544132
AIKOW= 40660.5139575241
AIKOC= 62666.0263859648
AIHalfLife= 26.1500136325369
EAppRate= 7.66520941052842
FoliarEnabled= true
FoliarAppDate= 06/07/1989
FoliarForageBegin= 06/05/1989
FoliarForageEnd= 06/28/1989
AIContactFactor= 0.588196371360682
CL4Pollen= 0.600832629948854
CL4Nectar= 89.9709038203582
CL5Pollen= 0.321815308649093
CL5Nectar= 106.391160457861
CLDPollen= 2.78123900480568
CLDNectar= 50.5023218225688
CA13Pollen= 4.90418424159288
CA13Nectar= 84.4718528352678
CA410Pollen= 2.28216150014196
CA410Nectar= 47.9464038554579
CA1120Pollen= 0.181699787266552
CA1120Nectar= 56.7261634767056
IPollenTrips= 7.21300459466875
INectarTrips= 14.4014132372104
IPollenLoad= 3.83210314204916
INectarLoad= 9.71927893580869
ESoilP= 1.2019504562486
ESoilFoc= 0.0175202837616671
