ICQueenStrength= 5.82177692349069
RQWkrDrnRatio= 3.64529846608639
ICDroneMiteSurvivorship= 39.7067499812692
ICWorkerMiteSurvivorship= 36.7155035724863
ICForagerLifespan= 6.79505103453994
ImmType= Polynomial
AIAdultSlope= 2.10845842587529
AIAdultLD50= 0.197069516777992
AIAdultSlopeContact= 1.36998970861081
AIAdultLD50Contact= 0.0422269235597923
AILarvaSlope= 2.23020789879374
AILarvaLD50= 0.252181973657571
AIKOW= 5.59610446821898
AIKOC= 28.8561738980934
AIHalfLife= 1.24296917573083
EAppRate= 6.53366696787998
FoliarEnabled= true
