ICQueenStrength= 5.9286558222957
RQWkrDrnRatio= 4.44902893807739
ICDroneMiteSurvivorship= 78.0893312534317
ICWorkerMiteSurvivorship= 71.6318383580074
ICForagerLifespan= 12.5682691866532
ImmType= Polynomial
RQQueenStrength= 3.11898537119851
RQEnableReQueen= true
AIAdultSlope= 7.9402909334749
AIAdultLD50= 94.4218741452966
AIAdultSlopeContact= 2.19738127733581
AIAdultLD50Contact= 7.535472293603
AILarvaSlope= 1.08009305782616
AILarvaLD50= 94.7272594470407
AIKOW= 18175.5347278304
AIKOC= 17424.2798787635
AIHalfLife= 28.4385917900363
EAppRate= 6.39998869218817
FoliarEnabled= true
FoliarAppDate= 06/07/1989
FoliarForageBegin= 06/05/1989
FoliarForageEnd= 06/28/1989
AIContactFactor= 2.14898518478498
CL4Pollen= 0.875737077556551
CL4Nectar= 23.0874638538808
CL5Pollen= 3.05224701901898
CL5Nectar= 98.453190154396
CLDPollen= 1.6273999242112
CLDNectar= 15.3811852214858
CA13Pollen= 5.98842547582462
CA13Nectar= 48.8927500136197
CA410Pollen= 6.9038275039522
CA410Nectar= 115.841006506234
CA1120Pollen= 1.74901360971853
CA1120Nectar= 90.9629095345736
IPollenTrips= 14.2540729488246
INectarTrips= 13.9811123511754
IPollenLoad= 8.29222050262615
INectarLoad= 1.09968300908804
