ICQueenStrength= 2.31861782399938
RQWkrDrnRatio= 4.94714062754065
ICDroneMiteSurvivorship= 89.0469587873667
ICWorkerMiteSurvivorship= 90.9560063621029
ICForagerLifespan= 11.6434561386704
ImmType= Exponential
RQQueenStrength= 3.1960473631043
RQEnableReQueen= true
AIAdultSlope= 4.93470274284482
AIAdultLD50= 33.2505394230064
AIAdultSlopeContact= 3.55466429330409
AIAdultLD50Contact= 7.68077059657359
AILarvaSlope= 1.85764445364475
AILarvaLD50= 23.8073787840288
AIKOW= 53170.0371329947
AIKOC= 72383.2188275598
AIHalfLife= 2.1405509153381
EAppRate= 7.72062597135059
FoliarEnabled= true
FoliarAppDate= 06/07/1989
FoliarForageBegin= 06/05/1989
FoliarForageEnd= 06/28/1989
AIContactFactor= 1.07322435907554
CL4Pollen= 2.37127274554223
CL4Nectar= 94.0186880063266
CL5Pollen= 5.21270666504279
CL5Nectar= 45.6529976916499
CLDPollen= 3.5590210352093
CLDNectar= 132.987434242386
CA13Pollen= 4.84259839663282
CA13Nectar= 46.4031501114368
CA410Pollen= 3.04754577106796
CA410Nectar= 186.550628505647
CA1120Pollen= 0.241992509225383
CA1120Nectar= 49.3934882245958
IPollenTrips= 14.0565822506323
INectarTrips= 5.58116320986301
IPollenLoad= 5.80483068944886
INectarLoad= 5.63564557116479
