ICQueenStrength= 4.45151494489983
RQWkrDrnRatio= 2.78646654821932
ICDroneMiteSurvivorship= 20.1523066964
ICWorkerMiteSurvivorship= 98.9041751017794
ICForagerLifespan= 11.2550328588113
ImmType= Cosine
RQQueenStrength= 1.12049982789904
RQEnableReQueen= true
AIAdultSlope= 5.27457529865205
AIAdultLD50= 0.392087229538476
AIAdultSlopeContact= 6.86354816169478
AIAdultLD50Contact= 57.7632292345241
AILarvaSlope= 6.67225313745439
AILarvaLD50= 13.6450064265686
AIKOW= 17596.0441800377
AIKOC= 8861.29546367982
AIHalfLife= 27.7774989788653
EAppRate= 2.27813567201607
FoliarEnabled= true
FoliarAppDate= 09/01/1989
FoliarForageBegin= 09/01/1989
FoliarForageEnd= 09/08/1989
AIContactFactor= 2.3712329248758
CL4Pollen= 1.14589819684625
CL4Nectar= 83.3408131729811
CL5Pollen= 3.58336186828092
CL5Nectar= 63.4845327003859
CLDPollen= 1.26475525880232
CLDNectar= 102.875435224269
CA13Pollen= 3.15424008695409
CA13Nectar= 47.0638388395309
CA410Pollen= 7.83391620519105
CA410Nectar= 112.371474136598
CA1120Pollen= 2.57741261576302
CA1120Nectar= 29.7567326761782
IPollenTrips= 13.7816224200651
INectarTrips= 7.85995934624225
IPollenLoad= 3.58570385724306
INectarLoad= 1.10835791565478
