ICQueenStrength= 2.63333531119861
RQWkrDrnRatio= 3.97369579877704
ICDroneMiteSurvivorship= 20.2779166167602
ICWorkerMiteSurvivorship= 54.94925880339
ICForagerLifespan= 9.22797284740955
ImmType= Exponential
RQQueenStrength= 2.43505447194912
RQEnableReQueen= true
AIAdultSlope= 1.02141432277858
AIAdultLD50= 72.0160711586035
AIAdultSlopeContact= 1.27518746582791
AIAdultLD50Contact= 30.3887999169938
AILarvaSlope= 1.20394073985517
AILarvaLD50= 80.6767690076379
AIKOW= 84996.6976428102
AIKOC= 93672.8137669379
AIHalfLife= 19.9687247588066
EAppRate= 5.77511719540297
FoliarEnabled= true
FoliarAppDate= 06/07/1989
FoliarForageBegin= 06/05/1989
FoliarForageEnd= 06/28/1989
AIContactFactor= 1.45004897492006
CL4Pollen= 3.76476072054356
CL4Nectar= 32.6585210394114
CL5Pollen= 1.81128766899928
CL5Nectar= 85.1610229932703
CLDPollen= 5.5832206858322
CLDNectar= 132.440457504708
CA13Pollen= 6.31881220666692
CA13Nectar= 87.9248476587236
CA410Pollen= 3.08185756371822
CA410Nectar= 27.7314817765728
CA1120Pollen= 2.63560159946792
CA1120Nectar= 26.4858328364789
IPollenTrips= 12.7529329294339
INectarTrips= 5.66565990447998
IPollenLoad= 9.26710786065087
INectarLoad= 0.90393542079255
