ICQueenStrength= 4.76026129932143
RQWkrDrnRatio= 3.16202391218394
ICDroneMiteSurvivorship= 68.1676831096411
ICWorkerMiteSurvivorship= 87.681107246317
ICForagerLifespan= 6.52430554293096
ImmType= Logarithmic
RQQueenStrength= 5.26989984582178
RQEnableReQueen= true
AIAdultSlope= 8.41573540307581
AIAdultLD50= 26.0913730792466
AIAdultSlopeContact= 1.9124463244807
AIAdultLD50Contact= 41.4741919817056
AILarvaSlope= 3.40917957760394
AILarvaLD50= 82.1995897287142
AIKOW= 70413.9649651727
AIKOC= 9348.5623804233
AIHalfLife= 6.49875358345453
EAppRate= 6.35109120773338
FoliarEnabled= true
FoliarAppDate= 06/07/1989
FoliarForageBegin= 06/05/1989
FoliarForageEnd= 06/28/1989
AIContactFactor= 2.0467164413305
CL4Pollen= 0.82845279853791
CL4Nectar= 89.545488753356
CL5Pollen= 5.60149499494582
CL5Nectar= 127.32608593069
CLDPollen= 2.43838370125741
CLDNectar= 102.568758220877
CA13Pollen= 2.40499430038035
CA13Nectar= 40.9429557621479
CA410Pollen= 6.27199956690893
CA410Nectar= 170.741042913869
CA1120Pollen= 2.68232941674069
CA1120Nectar= 35.531890001148
IPollenTrips= 10.2855548658408
INectarTrips= 14.3153979582712
IPollenLoad= 9.00582302594557
INectarLoad= 6.7803612863645
