ICQueenStrength= 3.23530416376889
RQWkrDrnRatio= 1.00063682254404
ICDroneMiteSurvivorship= 40.3240970335901
ICWorkerMiteSurvivorship= 33.2738802535459
ICForagerLifespan= 15.1042235242203
ImmType= Cosine
RQQueenStrength= 3.86288842209615
RQEnableReQueen= true
AIAdultSlope= 2.9401147570461
AIAdultLD50= 38.9295364224045
AIAdultSlopeContact= 9.82148734969087
AIAdultLD50Contact= 30.8622565057983
AILarvaSlope= 6.48291779495776
AILarvaLD50= 30.5029811347092
AIKOW= 83525.8734588474
AIKOC= 75511.1005624617
AIHalfLife= 29.5641583429184
EAppRate= 7.87282947780402
FoliarEnabled= true
FoliarAppDate= 06/07/1989
FoliarForageBegin= 06/05/1989
FoliarForageEnd= 06/28/1989
AIContactFactor= 2.13230007315055
CL4Pollen= 1.00055425334722
CL4Nectar= 64.1940150409937
CL5Pollen= 5.635054028593
CL5Nectar= 13.2488543749787
CLDPollen= 5.44922901364043
CLDNectar= 23.4377146116458
CA13Pollen= 4.69922775896266
CA13Nectar= 73.8039541617036
CA410Pollen= 6.49243699649814
CA410Nectar= 23.4532244550064
CA1120Pollen= 1.53270899341442
CA1120Nectar= 40.0771529227495
IPollenTrips= 8.55440367944539
INectarTrips= 10.6522601773031
IPollenLoad= 2.54301350796595
INectarLoad= 5.14366274699569
ESoilP= 1.49946965323761
ESoilFoc= 0.00506534603075124
