ICQueenStrength= 5.70624596579
RQWkrDrnRatio= 1.92445783130825
ICDroneMiteSurvivorship= 98.0856706621125
ICWorkerMiteSurvivorship= 14.5651899743825
ICForagerLifespan= 5.75041560735554
ImmType= Polynomial
RQQueenStrength= 4.18753562518395
RQEnableReQueen= true
AIAdultSlope= 2.32376832142472
AIAdultLD50= 0.494803309728857
AIAdultSlopeContact= 4.88450775574893
AIAdultLD50Contact= 39.0263556326444
AILarvaSlope= 7.31840981915593
AILarvaLD50= 78.7358049068968
AIKOW= 94989.523210559
AIKOC= 45021.0571175511
AIHalfLife= 16.1403594390722
EAppRate= 5.85089158423152
FoliarEnabled= true
FoliarAppDate= 09/01/1989
FoliarForageBegin= 09/01/1989
FoliarForageEnd= 09/08/1989
AIContactFactor= 1.47031017585658
CL4Pollen= 3.86406619101763
CL4Nectar= 27.6760225649923
CL5Pollen= 1.12713527865708
CL5Nectar= 138.823332334869
CLDPollen= 4.05160539178178
CLDNectar= 34.8453160375357
CA13Pollen= 7.89242067355663
CA13Nectar= 86.1496809497476
CA410Pollen= 6.37096010283567
CA410Nectar= 69.8022598773241
CA1120Pollen= 1.04121216782369
CA1120Nectar= 97.7717418037355
IPollenTrips= 8.20590503979474
INectarTrips= 6.39103966066614
IPollenLoad= 5.34236611798406
INectarLoad= 0.00173065112903714
