ICQueenStrength= 2.06915180687793
RQWkrDrnRatio= 1.78099582437426
ICDroneMiteSurvivorship= 17.3788999440148
ICWorkerMiteSurvivorship= 31.2290753936395
ICForagerLifespan= 12.2881781440228
ImmType= Tangent
RQQueenStrength= 2.52643144479953
RQEnableReQueen= true
AIAdultSlope= 4.75458300113678
AIAdultLD50= 97.3770828811822
AIAdultSlopeContact= 5.78357957606204
AIAdultLD50Contact= 76.7055236269131
AILarvaSlope= 6.49454947374761
AILarvaLD50= 83.8908259735152
AIKOW= 11517.9721505254
AIKOC= 67713.7536456783
AIHalfLife= 34.3057935485383
EAppRate= 2.81520390069182
FoliarEnabled= true
FoliarAppDate= 06/07/1989
FoliarForageBegin= 06/05/1989
FoliarForageEnd= 06/28/1989
AIContactFactor= 2.13752999245655
CL4Pollen= 0.38494377117604
CL4Nectar= 2.49014713335782
CL5Pollen= 0.46762888552621
CL5Nectar= 115.891577373259
CLDPollen= 3.2865118808113
CLDNectar= 3.36107391631231
CA13Pollen= 7.8927873021923
CA13Nectar= 79.3566212430596
CA410Pollen= 9.14909747438505
CA410Nectar= 146.198215028271
CA1120Pollen= 1.90220865374431
CA1120Nectar= 78.1989273615181
IPollenTrips= 6.04660674231127
INectarTrips= 8.82170025026426
IPollenLoad= 0.0602678093127906
INectarLoad= 6.34817750426009
ESoilP= 1.1571271608118
ESoilFoc= 0.0108410897876602
