ICQueenStrength= 4.0376526969485
RQWkrDrnRatio= 2.26751675736159
ICDroneMiteSurvivorship= 39.2834190046415
ICWorkerMiteSurvivorship= 91.8775371741503
ICForagerLifespan= 9.28643992450088
ImmType= Exponential
RQQueenStrength= 5.00891075376421
RQEnableReQueen= true
AIAdultSlope= 2.66810490563512
AIAdultLD50= 1.6634110283507
AIAdultSlopeContact= 5.81416399870068
AIAdultLD50Contact= 45.5852226867017
AILarvaSlope= 5.05419035069644
AILarvaLD50= 87.7136249097691
AIKOW= 99047.3552395492
AIKOC= 12968.3585879197
AIHalfLife= 33.3616363667883
EAppRate= 8.8741623172448
FoliarEnabled= true
FoliarAppDate= 06/07/1989
FoliarForageBegin= 06/05/1989
FoliarForageEnd= 06/28/1989
AIContactFactor= 0.514999485695735
CL4Pollen= 2.0654437141493
CL4Nectar= 76.4457517303526
CL5Pollen= 0.97389919962734
CL5Nectar= 29.4383895001374
CLDPollen= 2.40702633094043
CLDNectar= 103.101430158131
CA13Pollen= 5.13725038645789
CA13Nectar= 24.9453528784215
CA410Pollen= 3.80744794670027
CA410Nectar= 94.2219791468233
CA1120Pollen= 2.31466428679414
CA1120Nectar= 85.5399266257882
IPollenTrips= 11.3629888766445
INectarTrips= 5.68780041998252
IPollenLoad= 9.32660358492285
INectarLoad= 2.78460798319429
