ICQueenStrength= 1.45965302037075
RQWkrDrnRatio= 1.32650024443865
ICDroneMiteSurvivorship= 34.4981062924489
ICWorkerMiteSurvivorship= 88.2398047251627
ICForagerLifespan= 11.3280487768352
ImmType= Tangent
RQQueenStrength= 2.66061899391934
RQEnableReQueen= true
AIAdultSlope= 3.08823089487851
AIAdultLD50= 39.8982557645237
AIAdultSlopeContact= 8.44982231850736
AIAdultLD50Contact= 28.1363782123474
AILarvaSlope= 3.51171432062984
AILarvaLD50= 39.9816853675905
AIKOW= 89936.3627709215
AIKOC= 8183.29289019527
AIHalfLife= 23.7058226901805
EAppRate= 7.56717691525305
FoliarEnabled= true
FoliarAppDate= 06/07/1989
FoliarForageBegin= 06/05/1989
FoliarForageEnd= 06/28/1989
AIContactFactor= 1.29798494267277
CL4Pollen= 3.59596975147724
CL4Nectar= 62.9988207714632
CL5Pollen= 1.45359422452748
CL5Nectar= 73.0755632277578
CLDPollen= 5.6213480536826
CLDNectar= 35.9224506653845
CA13Pollen= 5.99520329367369
CA13Nectar= 69.5735477656126
CA410Pollen= 3.28993434032891
CA410Nectar= 191.787696508691
CA1120Pollen= 1.90961179719307
CA1120Nectar= 52.8155408427119
IPollenTrips= 8.63150151912123
INectarTrips= 6.19593710172921
IPollenLoad= 4.9132334953174
INectarLoad= 9.2986705689691
