ICQueenStrength= 1.05520015372895
RQWkrDrnRatio= 3.96677490323782
ICDroneMiteSurvivorship= 60.23215490859
ICWorkerMiteSurvivorship= 45.1225796015933
ICForagerLifespan= 11.6215181164443
ImmType= Polynomial
RQQueenStrength= 2.92776202689856
RQEnableReQueen= true
AIAdultSlope= 4.13967565447092
AIAdultLD50= 59.2034725972991
AIAdultSlopeContact= 2.68998148548417
AIAdultLD50Contact= 55.8429544208646
AILarvaSlope= 8.71703203581274
AILarvaLD50= 28.9804511696331
AIKOW= 2479.40022609729
AIKOC= 58303.3668516823
AIHalfLife= 17.3904151261086
EAppRate= 8.79452462762361
FoliarEnabled= true
FoliarAppDate= 06/07/1989
FoliarForageBegin= 06/05/1989
FoliarForageEnd= 06/28/1989
AIContactFactor= 1.44195278007071
CL4Pollen= 1.24985542241484
CL4Nectar= 98.6253102542832
CL5Pollen= 1.77523274626583
CL5Nectar= 101.829072937835
CLDPollen= 0.623109920416027
CLDNectar= 28.3068875782192
CA13Pollen= 7.30172343440354
CA13Nectar= 60.9525513462722
CA410Pollen= 4.62731899458449
CA410Nectar= 73.3896278496832
CA1120Pollen= 0.63516057562083
CA1120Nectar= 99.0809187479317
IPollenTrips= 8.11999550787732
INectarTrips= 6.07102782232687
IPollenLoad= 3.82050443440676
INectarLoad= 0.740905518177897
