ICQueenStrength= 1.44888200121932
RQWkrDrnRatio= 3.51690197270364
ICDroneMiteSurvivorship= 98.7822853727266
ICWorkerMiteSurvivorship= 83.1997499102727
ICForagerLifespan= 12.2812683852389
ImmType= Polynomial
RQQueenStrength= 5.48477089987136
RQEnableReQueen= true
AIAdultSlope= 1.34391672722995
AIAdultLD50= 80.2774930800528
AIAdultSlopeContact= 5.04177413391881
AIAdultLD50Contact= 70.7950605673578
AILarvaSlope= 1.0070041064173
AILarvaLD50= 61.1069477071476
AIKOW= 51774.1344666233
AIKOC= 28500.4758303727
AIHalfLife= 13.7650520491181
EAppRate= 8.17636230139993
FoliarEnabled= true
FoliarAppDate= 06/07/1989
FoliarForageBegin= 06/05/1989
FoliarForageEnd= 06/28/1989
AIContactFactor= 2.06270636555739
CL4Pollen= 2.27928910311311
CL4Nectar= 5.91682349331677
CL5Pollen= 2.70364420674741
CL5Nectar= 101.857682014816
CLDPollen= 4.16689989622682
CLDNectar= 92.4740734510124
CA13Pollen= 2.77672936050221
CA13Nectar= 91.3066432625055
CA410Pollen= 5.9179538073251
CA410Nectar= 161.154954126105
CA1120Pollen= 2.59466064046137
CA1120Nectar= 46.1779057793319
IPollenTrips= 8.51517225150019
INectarTrips= 10.6584324524738
IPollenLoad= 1.00177563261241
INectarLoad= 0.14716599136591
