ICQueenStrength= 4.33507542381994
RQWkrDrnRatio= 3.26030710060149
ICDroneMiteSurvivorship= 61.5084253018722
ICWorkerMiteSurvivorship= 19.5212925318629
ICForagerLifespan= 6.18151003308594
ImmType= Sine
RQQueenStrength= 1.06796966656111
RQEnableReQueen= true
AIAdultSlope= 1.99389563500881
AIAdultLD50= 75.3469496152922
AIAdultSlopeContact= 2.27404436399229
AIAdultLD50Contact= 66.4417368897328
AILarvaSlope= 2.53241806477308
AILarvaLD50= 81.4741677340106
AIKOW= 64286.2778247633
AIKOC= 34324.5845674123
AIHalfLife= 7.50171948440838
EAppRate= 8.005067732319
FoliarEnabled= true
FoliarAppDate= 06/07/1989
FoliarForageBegin= 06/05/1989
FoliarForageEnd= 06/28/1989
AIContactFactor= 1.55641150427517
CL4Pollen= 3.93896868359298
CL4Nectar= 92.9425085429102
CL5Pollen= 0.757730380631983
CL5Nectar= 15.6131880241446
CLDPollen= 4.67047285381705
CLDNectar= 119.85101957107
CA13Pollen= 4.10229590935633
CA13Nectar= 81.0335869900882
CA410Pollen= 5.94293069001287
CA410Nectar= 178.989583384246
CA1120Pollen= 0.0734056031797081
CA1120Nectar= 57.5644401460886
IPollenTrips= 7.9444410931319
INectarTrips= 14.3536445382051
IPollenLoad= 6.45379052497447
INectarLoad= 0.380784880835563
