ICQueenStrength= 4.36363736423664
RQWkrDrnRatio= 1.68159500043839
ICDroneMiteSurvivorship= 99.6152852894738
ICWorkerMiteSurvivorship= 71.3623614981771
ICForagerLifespan= 12.1319939568639
ImmType= Polynomial
RQQueenStrength= 2.76228756550699
RQEnableReQueen= true
AIAdultSlope= 7.27060838975012
AIAdultLD50= 27.2762344901403
AIAdultSlopeContact= 8.2798095906619
AIAdultLD50Contact= 46.2877956323048
AILarvaSlope= 8.87087496183813
AILarvaLD50= 17.4251758486866
AIKOW= 65816.0658976737
AIKOC= 10391.3513013727
AIHalfLife= 32.5786794171203
EAppRate= 0.735862032717792
FoliarEnabled= true
FoliarAppDate= 06/07/1989
FoliarForageBegin= 06/05/1989
FoliarForageEnd= 06/28/1989
AIContactFactor= 2.35984527734108
CL4Pollen= 3.55277207028121
CL4Nectar= 92.9255749098957
CL5Pollen= 4.82110855355859
CL5Nectar= 143.851730553433
CLDPollen= 4.98208628129214
CLDNectar= 124.159903102554
CA13Pollen= 6.20390313006937
CA13Nectar= 25.3293764963746
CA410Pollen= 6.04203133431729
CA410Nectar= 169.288666462526
CA1120Pollen= 2.28060592780821
CA1120Nectar= 96.4338773116469
IPollenTrips= 9.76896862266585
INectarTrips= 9.67950590653345
IPollenLoad= 0.705273791681975
INectarLoad= 9.83238538494334
ESoilP= 1.13926953449845
ESoilFoc= 0.0136705853606109
