ICQueenStrength= 5.4272184651345
RQWkrDrnRatio= 4.70132613368332
ICDroneMiteSurvivorship= 98.0371678015217
ICWorkerMiteSurvivorship= 17.4589751521125
ICForagerLifespan= 10.7611620184034
ImmType= Logarithmic
RQQueenStrength= 1.45494264457375
RQEnableReQueen= true
AIAdultSlope= 5.35087450221181
AIAdultLD50= 93.4093882952463
AIAdultSlopeContact= 5.35023101000115
AIAdultLD50Contact= 17.4229298004941
AILarvaSlope= 4.52629401348531
AILarvaLD50= 75.2405398807835
AIKOW= 18697.5145058602
AIKOC= 10877.6507699003
AIHalfLife= 13.5964777118526
EAppRate= 3.41343187316996
FoliarEnabled= true
FoliarAppDate= 06/07/1989
FoliarForageBegin= 06/05/1989
FoliarForageEnd= 06/28/1989
AIContactFactor= 1.40408659731504
CL4Pollen= 0.594454356469214
CL4Nectar= 14.5652448525652
CL5Pollen= 3.37579971877858
CL5Nectar= 103.903551225085
CLDPollen= 2.14529299316928
CLDNectar= 14.691661472898
CA13Pollen= 4.89936625799164
CA13Nectar= 70.8393088541925
CA410Pollen= 9.12264754585922
CA410Nectar= 22.433334258385
CA1120Pollen= 1.12490632175468
CA1120Nectar= 82.1720556542277
IPollenTrips= 7.90949380490929
INectarTrips= 9.11888815229759
IPollenLoad= 0.883151574525982
INectarLoad= 7.26316372165456
ESoilP= 1.5278599774465
ESoilFoc= 0.00689189861761406
