ICQueenStrength= 2.74311587470584
RQWkrDrnRatio= 1.24338937457651
ICDroneMiteSurvivorship= 8.95371087826788
ICWorkerMiteSurvivorship= 99.2400606628507
ICForagerLifespan= 12.4690313115716
ImmType= Polynomial
RQQueenStrength= 1.85681111668237
RQEnableReQueen= true
AIAdultSlope= 4.238510588184
AIAdultLD50= 50.0290627490904
AIAdultSlopeContact= 5.35705866105855
AIAdultLD50Contact= 21.1727029505384
AILarvaSlope= 4.5797629468143
AILarvaLD50= 31.7708648853805
AIKOW= 50169.7762408108
AIKOC= 89777.4956090401
AIHalfLife= 33.206487515755
EAppRate= 0.766873425866244
FoliarEnabled= true
FoliarAppDate= 06/07/1989
FoliarForageBegin= 06/05/1989
FoliarForageEnd= 06/28/1989
AIContactFactor= 0.621206275676377
CL4Pollen= 2.2893938254565
CL4Nectar= 73.4315059846267
CL5Pollen= 5.11679725768045
CL5Nectar= 143.552392849233
CLDPollen= 2.61509655928239
CLDNectar= 13.3184216916561
CA13Pollen= 4.10730966487899
CA13Nectar= 47.9365241341293
CA410Pollen= 6.9585072590271
CA410Nectar= 191.130554713309
CA1120Pollen= 2.01369316619821
CA1120Nectar= 41.9795230403543
IPollenTrips= 13.7611405923963
INectarTrips= 9.26775563508272
IPollenLoad= 3.66798982955515
INectarLoad= 9.30712025146931
ESoilP= 1.76251318282448
ESoilFoc= 0.0125352568868548
