ICQueenStrength= 4.02272300119512
RQWkrDrnRatio= 4.65283187665045
ICDroneMiteSurvivorship= 19.1255275392905
ICWorkerMiteSurvivorship= 53.799138404429
ICForagerLifespan= 4.1939284671098
ImmType= Cosine
RQQueenStrength= 5.23232728149742
RQEnableReQueen= true
AIAdultSlope= 3.78193341568112
AIAdultLD50= 64.832931647354
AIAdultSlopeContact= 8.45742220268585
AIAdultLD50Contact= 33.9918087372971
AILarvaSlope= 3.74631206691265
AILarvaLD50= 59.4718278593258
AIKOW= 31278.1518594855
AIKOC= 72145.5438183032
AIHalfLife= 32.816764950892
EAppRate= 3.80094950976456
FoliarEnabled= true
FoliarAppDate= 06/07/1989
FoliarForageBegin= 06/05/1989
FoliarForageEnd= 06/28/1989
AIContactFactor= 0.938582966304384
CL4Pollen= 3.92890013940632
CL4Nectar= 57.680144556798
CL5Pollen= 5.86712888628244
CL5Nectar= 117.974472732749
CLDPollen= 0.871458715293556
CLDNectar= 59.3517437693663
CA13Pollen= 5.56717093922198
CA13Nectar= 47.6921755261719
CA410Pollen= 6.96761625988875
CA410Nectar= 137.622704729438
CA1120Pollen= 2.76639283262193
CA1120Nectar= 30.1764904335141
IPollenTrips= 7.05113599309698
INectarTrips= 11.1005086055957
IPollenLoad= 3.01598576363176
INectarLoad= 1.21413199463859
ESoilP= 1.57084183255211
ESoilFoc= 0.011768799017882
