ICQueenStrength= 4.78236401709728
RQWkrDrnRatio= 3.07980206608772
ICDroneMiteSurvivorship= 49.5996618177742
ICWorkerMiteSurvivorship= 17.2642438672483
ICForagerLifespan= 10.69776614476
ImmType= Sine
RQQueenStrength= 5.42850080085918
RQEnableReQueen= true
AIAdultSlope= 4.0020654629916
AIAdultLD50= 58.9357901625382
AIAdultSlopeContact= 9.46013039257377
AIAdultLD50Contact= 8.72260806461237
AILarvaSlope= 3.54132649488747
AILarvaLD50= 27.9838642572074
AIKOW= 46957.4336618211
AIKOC= 32297.3220229512
AIHalfLife= 2.71708353541326
EAppRate= 9.30878462605947
FoliarEnabled= true
FoliarAppDate= 06/07/1989
FoliarForageBegin= 06/05/1989
FoliarForageEnd= 06/28/1989
AIContactFactor= 1.50218069812749
CL4Pollen= 0.762055319733918
CL4Nectar= 35.8850012067705
CL5Pollen= 5.48038042103872
CL5Nectar= 75.9095695568249
CLDPollen= 0.509768347721547
CLDNectar= 21.0968437953852
CA13Pollen= 6.23297005454078
CA13Nectar= 21.4576866850257
CA410Pollen= 3.12321809458081
CA410Nectar= 182.032309118658
CA1120Pollen= 2.89394132117741
CA1120Nectar= 38.645424451679
IPollenTrips= 7.71367259090766
INectarTrips= 9.0708254207857
IPollenLoad= 1.39683568617329
INectarLoad= 6.60846435464919
