ICQueenStrength= 4.88515080558136
RQWkrDrnRatio= 1.25364990159869
ICDroneMiteSurvivorship= 14.5850365515798
ICWorkerMiteSurvivorship= 31.1010635457933
ICForagerLifespan= 9.19813647400588
ImmType= Logarithmic
RQQueenStrength= 1.78611742239445
RQEnableReQueen= true
AIAdultSlope= 7.92220519296825
AIAdultLD50= 60.8715484316936
AIAdultSlopeContact= 9.8610261217691
AIAdultLD50Contact= 62.1307721331755
AILarvaSlope= 8.86352591402829
AILarvaLD50= 44.3410181112064
AIKOW= 10361.2100704506
AIKOC= 19763.3432859152
AIHalfLife= 24.7066715873312
EAppRate= 6.91374401315581
FoliarEnabled= true
FoliarAppDate= 06/07/1989
FoliarForageBegin= 06/05/1989
FoliarForageEnd= 06/28/1989
AIContactFactor= 1.1523315248033
CL4Pollen= 2.36951249465346
CL4Nectar= 92.1147528570145
CL5Pollen= 0.525524550117552
CL5Nectar= 17.9569738917053
CLDPollen= 0.8505152114667
CLDNectar= 87.8662473871373
CA13Pollen= 4.78016253029928
CA13Nectar= 46.5600343421102
CA410Pollen= 7.0216587277595
CA410Nectar= 129.035687251016
CA1120Pollen= 1.20772416307591
CA1120Nectar= 36.0529410094023
IPollenTrips= 14.6311609982513
INectarTrips= 10.3125784429722
IPollenLoad= 7.41940939100459
INectarLoad= 9.57212893292308
ESoilP= 1.28251338540576
ESoilFoc= 0.0178682349373121
