ICQueenStrength= 5.90894742892124
RQWkrDrnRatio= 4.46580556686968
ICDroneMiteSurvivorship= 40.6683140667155
ICWorkerMiteSurvivorship= 35.2281255414709
ICForagerLifespan= 7.21633879002184
ImmType= Sine
RQQueenStrength= 5.8934831446968
RQEnableReQueen= true
AIAdultSlope= 1.39016027003527
AIAdultLD50= 0.453069732992211
AIAdultSlopeContact= 5.02222655713558
AIAdultLD50Contact= 74.5007339390204
AILarvaSlope= 6.53423187509179
AILarvaLD50= 12.3202574332075
AIKOW= 33455.0123384356
AIKOC= 66184.2026729044
AIHalfLife= 2.74950684926007
EAppRate= 3.19418210277008
FoliarEnabled= true
FoliarAppDate= 09/01/1989
FoliarForageBegin= 09/01/1989
FoliarForageEnd= 09/08/1989
AIContactFactor= 0.375483089964837
CL4Pollen= 2.20210972055793
CL4Nectar= 76.7355260672048
CL5Pollen= 2.10173193784431
CL5Nectar= 112.361776758917
CLDPollen= 3.7755085634999
CLDNectar= 62.3132084263489
CA13Pollen= 5.2876280060038
CA13Nectar= 52.5482099875808
CA410Pollen= 7.53866510179359
CA410Nectar= 103.075857521035
CA1120Pollen= 1.56108380598016
CA1120Nectar= 42.5098161026835
IPollenTrips= 14.7634793887846
INectarTrips= 12.5015876023099
IPollenLoad= 9.68687614193186
INectarLoad= 5.68505667848513
