ICQueenStrength= 3.02712281607091
RQWkrDrnRatio= 2.49561391584575
ICDroneMiteSurvivorship= 63.1639692233875
ICWorkerMiteSurvivorship= 8.67044012993574
ICForagerLifespan= 14.2931626867503
ImmType= Sine
RQQueenStrength= 3.49803341808729
RQEnableReQueen= true
AIAdultSlope= 6.30696411058307
AIAdultLD50= 6.18196965521574
AIAdultSlopeContact= 9.08485849550925
AIAdultLD50Contact= 99.4631113157198
AILarvaSlope= 3.65833187662065
AILarvaLD50= 9.44888884655712
AIKOW= 1692.7026264991
AIKOC= 49615.6427807419
AIHalfLife= 9.79334941215347
EAppRate= 3.97556607458787
FoliarEnabled= true
FoliarAppDate= 06/07/1989
FoliarForageBegin= 06/05/1989
FoliarForageEnd= 06/28/1989
AIContactFactor= 1.0981155682262
CL4Pollen= 3.63209692295641
CL4Nectar= 30.6008407147601
CL5Pollen= 3.00235431315377
CL5Nectar= 149.233897996601
CLDPollen= 3.85347247961909
CLDNectar= 39.1120049986057
CA13Pollen= 4.85010243514553
CA13Nectar= 37.903502844274
CA410Pollen= 5.94531426609028
CA410Nectar= 164.852778231725
CA1120Pollen= 0.0455462532117963
CA1120Nectar= 84.5233599282801
IPollenTrips= 6.21969067491591
INectarTrips= 10.3332115407102
IPollenLoad= 6.05003277538344
INectarLoad= 2.12813734076917
