ICQueenStrength= 5.69701574998908
RQWkrDrnRatio= 2.25522353313863
ICDroneMiteSurvivorship= 79.3064790312201
ICWorkerMiteSurvivorship= 3.62668375018984
ICForagerLifespan= 6.38362402375787
ImmType= Polynomial
RQQueenStrength= 5.42466675769538
RQEnableReQueen= true
AIAdultSlope= 3.99154768697917
AIAdultLD50= 2.38385852968274
AIAdultSlopeContact= 1.28625225485303
AIAdultLD50Contact= 91.9540774014778
AILarvaSlope= 8.27244746871293
AILarvaLD50= 55.4167875911903
AIKOW= 17666.3010525652
AIKOC= 43570.7713805956
AIHalfLife= 34.098026188463
EAppRate= 1.82597264394257
FoliarEnabled= true
FoliarAppDate= 06/07/1989
FoliarForageBegin= 06/05/1989
FoliarForageEnd= 06/28/1989
AIContactFactor= 1.51172819323372
CL4Pollen= 0.35656654369086
CL4Nectar= 18.8118543708697
CL5Pollen= 1.85357209341601
CL5Nectar= 140.946558339056
CLDPollen= 3.24211796047166
CLDNectar= 56.113357830327
CA13Pollen= 4.87392851738259
CA13Nectar= 41.8360542878509
CA410Pollen= 6.97625982484315
CA410Nectar= 198.960574939847
CA1120Pollen= 2.4334165903274
CA1120Nectar= 64.6895258873701
IPollenTrips= 14.2140567325987
INectarTrips= 7.70516220247373
IPollenLoad= 1.19342094985768
INectarLoad= 4.89460739074275
ESoilP= 1.95969927031547
ESoilFoc= 0.0125091988011263
