ICQueenStrength= 4.61783526092768
RQWkrDrnRatio= 3.02204363793135
ICDroneMiteSurvivorship= 62.7829798031598
ICWorkerMiteSurvivorship= 88.5361535474658
ICForagerLifespan= 8.3818699773401
ImmType= Sine
RQQueenStrength= 2.468889282085
RQEnableReQueen=true
AIAdultSlope= 7.18151508457959
AIAdultLD50= 0.932449469049228
AIAdultSlopeContact= 6.45519611565396
AIAdultLD50Contact= 77.1014654297396
AILarvaSlope= 4.33507413417101
AILarvaLD50= 44.7923595024776
AIKOW= 68606.6927116653
AIKOC= 36883.7224903018
AIHalfLife= 0.540463415230624
EAppRate= 8.31793179852958
FoliarEnabled=true
FoliarAppDate= 07/01/1989
FoliarForageBegin= 07/01/1989
FoliarForageEnd= 07/14/1989
AIContactFactor= 0.39612158798147
CL4Pollen= 0.608505448326468
CL4Nectar= 25.3465298796073
CL5Pollen= 0.415698485914618
CL5Nectar= 120.232752221636
CLDPollen= 4.10476139187813
CLDNectar= 124.658808996901
CA13Pollen= 4.26769678555429
CA13Nectar= 31.7924165353179
CA410Pollen= 4.9175556719536
CA410Nectar= 130.898145297542
CA1120Pollen= 1.09272220311686
CA1120Nectar= 70.7140605524182
IPollenTrips= 11.3523427839391
INectarTrips= 14.9908364401199
IPollenLoad= 5.68422097247094
INectarLoad= 4.4104033941403
