ICQueenStrength= 2.30386700667441
RQWkrDrnRatio= 3.10178094729781
ICDroneMiteSurvivorship= 62.0075930841267
ICWorkerMiteSurvivorship= 0.754135358147323
ICForagerLifespan= 4.57187636289746
ImmType= Polynomial
RQQueenStrength= 2.08220624644309
RQEnableReQueen=true
AIAdultSlope= 4.0186209063977
AIAdultLD50= 0.553964228527155
AIAdultSlopeContact= 7.17790052690543
AIAdultLD50Contact= 21.5692680114822
AILarvaSlope= 6.41857870109379
AILarvaLD50= 14.3819993133428
AIKOW= 22960.3611138361
AIKOC= 58519.7499443288
AIHalfLife= 27.5780929261353
EAppRate= 2.7511647651887
FoliarEnabled=true
FoliarAppDate= 07/01/1989
FoliarForageBegin= 07/01/1989
FoliarForageEnd= 07/14/1989
AIContactFactor= 1.33845702003222
CL4Pollen= 3.40463943686336
CL4Nectar= 10.20318553783
CL5Pollen= 1.01896529970691
CL5Nectar= 40.48351587262
CLDPollen= 3.88333237823099
CLDNectar= 14.4726863480173
CA13Pollen= 5.64109052559361
CA13Nectar= 55.5491966754198
CA410Pollen= 6.77598820307758
CA410Nectar= 21.4460165565833
CA1120Pollen= 0.28337156237103
CA1120Nectar= 67.3293409124017
IPollenTrips= 6.57594433985651
INectarTrips= 5.68715779809281
IPollenLoad= 4.90446842508391
INectarLoad= 4.59057430271059
