ICQueenStrength= 2.13845893996768
RQWkrDrnRatio= 4.73688395321369
ICDroneMiteSurvivorship= 66.6830668924376
ICWorkerMiteSurvivorship= 50.4016359802336
ICForagerLifespan= 7.4929201034829
ImmType= Exponential
RQQueenStrength= 3.46642562444322
RQEnableReQueen= true
AIAdultSlope= 7.01981435529888
AIAdultLD50= 25.656986525293
AIAdultSlopeContact= 4.04876197664998
AIAdultLD50Contact= 9.88300895178667
AILarvaSlope= 2.39901567995548
AILarvaLD50= 63.9309147537935
AIKOW= 86384.0281376652
AIKOC= 34960.6995574706
AIHalfLife= 7.87492676409893
EAppRate= 4.56729204944661
FoliarEnabled= true
FoliarAppDate= 06/07/1989
FoliarForageBegin= 06/05/1989
FoliarForageEnd= 06/28/1989
AIContactFactor= 1.8151911102701
CL4Pollen= 1.4632160756737
CL4Nectar= 98.4585185069591
CL5Pollen= 3.27634118450806
CL5Nectar= 114.182469807565
CLDPollen= 2.89224169403315
CLDNectar= 87.5174901913851
CA13Pollen= 4.19461999535561
CA13Nectar= 32.177065256983
CA410Pollen= 7.03205840734299
CA410Nectar= 116.993814995512
CA1120Pollen= 2.32027522427961
CA1120Nectar= 71.5446102619171
IPollenTrips= 9.82478018850088
INectarTrips= 9.7137887054123
IPollenLoad= 1.22217932948843
INectarLoad= 5.7243569009006
ESoilP= 1.75852874387056
ESoilFoc= 0.0171140263665002
