ICQueenStrength= 1.14324542949907
RQWkrDrnRatio= 1.42517807893455
ICDroneMiteSurvivorship= 35.4221923975274
ICWorkerMiteSurvivorship= 4.38493248075247
ICForagerLifespan= 13.9683887856081
ImmType= Tangent
RQQueenStrength= 5.58932974026538
RQEnableReQueen= true
AIAdultSlope= 2.5169067196548
AIAdultLD50= 59.379570663814
AIAdultSlopeContact= 9.56347505724989
AIAdultLD50Contact= 78.5260344178001
AILarvaSlope= 6.62558134272695
AILarvaLD50= 22.7623745715073
AIKOW= 27122.4089899776
AIKOC= 4608.52549262438
AIHalfLife= 11.2223105408018
EAppRate= 5.8415322534088
FoliarEnabled= true
FoliarAppDate= 06/07/1989
FoliarForageBegin= 06/05/1989
FoliarForageEnd= 06/28/1989
AIContactFactor= 1.37069029972889
CL4Pollen= 2.14728848915547
CL4Nectar= 66.5647379821166
CL5Pollen= 2.04581218957901
CL5Nectar= 50.8098647813313
CLDPollen= 0.551822335459292
CLDNectar= 26.0567593853921
CA13Pollen= 3.54727038489655
CA13Nectar= 47.6278640702367
CA410Pollen= 2.6903247031616
CA410Nectar= 133.617266328074
CA1120Pollen= 1.01138271158561
CA1120Nectar= 38.3450297452509
IPollenTrips= 14.2361408215947
INectarTrips= 9.67391766374931
IPollenLoad= 5.73376242537051
INectarLoad= 6.07548303669319
