ICQueenStrength= 4.87646677787416
RQWkrDrnRatio= 1.86823020968586
ICDroneMiteSurvivorship= 67.6122838165611
ICWorkerMiteSurvivorship= 35.1596330758184
ICForagerLifespan= 13.8598934309557
ImmType= Sine
RQQueenStrength= 1.76317908591591
RQEnableReQueen= true
AIAdultSlope= 5.47063839435577
AIAdultLD50= 89.4991596956195
AIAdultSlopeContact= 7.51641568099149
AIAdultLD50Contact= 98.2378257404931
AILarvaSlope= 3.27430211938918
AILarvaLD50= 9.26420227899426
AIKOW= 1890.47675526785
AIKOC= 80359.5163302463
AIHalfLife= 29.1180898556253
EAppRate= 6.20246987088816
FoliarEnabled= true
FoliarAppDate= 06/07/1989
FoliarForageBegin= 06/05/1989
FoliarForageEnd= 06/28/1989
AIContactFactor= 1.40742397938389
CL4Pollen= 0.540938856080174
CL4Nectar= 75.5440635606647
CL5Pollen= 4.9832114498131
CL5Nectar= 18.4550053440034
CLDPollen= 2.31247373437509
CLDNectar= 124.663997988682
CA13Pollen= 7.93531894385815
CA13Nectar= 51.4109328575432
CA410Pollen= 4.43180048915092
CA410Nectar= 53.1474282499403
CA1120Pollen= 0.500531772617251
CA1120Nectar= 45.4945588856936
IPollenTrips= 13.9934154832736
INectarTrips= 7.71980595542118
IPollenLoad= 8.50249693961814
INectarLoad= 7.15366205200553
