ICQueenStrength= 4.89898171299137
RQWkrDrnRatio= 3.52990252524614
ICDroneMiteSurvivorship= 51.8563524354249
ICWorkerMiteSurvivorship= 46.2247141869739
ICForagerLifespan= 12.9581605959684
ImmType= Exponential
RQQueenStrength= 3.20416980329901
RQEnableReQueen= true
AIAdultSlope= 5.39319205656648
AIAdultLD50= 72.3180287618891
AIAdultSlopeContact= 8.67463044752367
AIAdultLD50Contact= 99.5786335779659
AILarvaSlope= 6.00400130450726
AILarvaLD50= 19.6966426534173
AIKOW= 23602.712948897
AIKOC= 99101.4078945441
AIHalfLife= 32.0912195071811
EAppRate= 9.41479024030617
FoliarEnabled= true
FoliarAppDate= 06/07/1989
FoliarForageBegin= 06/05/1989
FoliarForageEnd= 06/28/1989
AIContactFactor= 0.329595376756042
CL4Pollen= 1.87046285253018
CL4Nectar= 43.536824430339
CL5Pollen= 3.84810610441491
CL5Nectar= 16.0438022227027
CLDPollen= 3.45662706065923
CLDNectar= 26.371410372667
CA13Pollen= 6.03913710620254
CA13Nectar= 75.4749041795731
CA410Pollen= 3.07522368961945
CA410Nectar= 42.4019260331988
CA1120Pollen= 2.77602494624443
CA1120Nectar= 76.4390521682799
IPollenTrips= 8.11881919391453
INectarTrips= 7.38598404219374
IPollenLoad= 3.17204265389591
INectarLoad= 1.42209499608725
