ICQueenStrength= 3.20732255489565
RQWkrDrnRatio= 4.30933769978583
ICDroneMiteSurvivorship= 88.9233628287911
ICWorkerMiteSurvivorship= 46.2426247308031
ICForagerLifespan= 7.6366520402953
ImmType= Sine
RQQueenStrength= 3.74999520508572
RQEnableReQueen= true
AIAdultSlope= 2.43803912959993
AIAdultLD50= 26.0517219514863
AIAdultSlopeContact= 5.57892551319674
AIAdultLD50Contact= 97.1133693077331
AILarvaSlope= 4.57827595807612
AILarvaLD50= 58.5741855071338
AIKOW= 49390.7546243881
AIKOC= 10493.6308711127
AIHalfLife= 5.25162167735398
EAppRate= 3.90876125748316
FoliarEnabled= true
FoliarAppDate= 06/07/1989
FoliarForageBegin= 06/05/1989
FoliarForageEnd= 06/28/1989
AIContactFactor= 0.268901280937716
CL4Pollen= 0.349109400063753
CL4Nectar= 60.732964030467
CL5Pollen= 5.27147947903723
CL5Nectar= 73.803158767987
CLDPollen= 1.2703196159564
CLDNectar= 149.253699369729
CA13Pollen= 3.92002992453054
CA13Nectar= 32.8854009881616
CA410Pollen= 8.41015208077151
CA410Nectar= 33.3864979166538
CA1120Pollen= 0.192884216085076
CA1120Nectar= 82.0285748131573
IPollenTrips= 10.9031862253323
INectarTrips= 9.59528497187421
IPollenLoad= 9.04772555921227
INectarLoad= 2.81683033332229
