ICQueenStrength= 4.31710896221921
RQWkrDrnRatio= 4.43083354551345
ICDroneMiteSurvivorship= 72.5217091385275
ICWorkerMiteSurvivorship= 94.8647094424814
ICForagerLifespan= 15.288480931893
ImmType= Polynomial
RQQueenStrength= 2.99575423495844
RQEnableReQueen= true
AIAdultSlope= 6.08865506574512
AIAdultLD50= 62.7899737969129
AIAdultSlopeContact= 5.95852717664093
AIAdultLD50Contact= 24.5371661466653
AILarvaSlope= 7.18103172257543
AILarvaLD50= 46.3656640844939
AIKOW= 26478.9332349461
AIKOC= 68627.6954001973
AIHalfLife= 34.5166715014493
EAppRate= 8.08261984746531
FoliarEnabled= true
FoliarAppDate= 06/07/1989
FoliarForageBegin= 06/05/1989
FoliarForageEnd= 06/28/1989
AIContactFactor= 0.853214706322178
CL4Pollen= 3.49230436515063
CL4Nectar= 46.9337059883401
CL5Pollen= 2.82625801675022
CL5Nectar= 75.316908233799
CLDPollen= 1.75282597308978
CLDNectar= 0.686896441038698
CA13Pollen= 3.70896054785699
CA13Nectar= 43.8165230117738
CA410Pollen= 7.69487858845387
CA410Nectar= 161.792592867278
CA1120Pollen= 2.87019500532188
CA1120Nectar= 85.1650201156735
IPollenTrips= 12.7080790395848
INectarTrips= 9.1268784692511
IPollenLoad= 2.10044001927599
INectarLoad= 7.14896016521379
ESoilP= 1.98084826814011
ESoilFoc= 0.00728589600464329
