ICQueenStrength= 1.41934689134359
RQWkrDrnRatio= 3.41545594949275
ICDroneMiteSurvivorship= 89.3802030710503
ICWorkerMiteSurvivorship= 55.1044809632003
ICForagerLifespan= 10.9592601833865
ImmType= Exponential
RQQueenStrength= 3.14938458241522
RQEnableReQueen=true
AIAdultSlope= 4.2286282889545
AIAdultLD50= 0.469493188475259
AIAdultSlopeContact= 4.50013764225878
AIAdultLD50Contact= 56.4711898255295
AILarvaSlope= 1.00642262771726
AILarvaLD50= 83.9440464984737
AIKOW= 67734.5398016998
AIKOC= 24098.8721747922
AIHalfLife= 29.5846313994844
EAppRate= 4.76690427453304
FoliarEnabled=true
FoliarAppDate= 07/01/1989
FoliarForageBegin= 07/01/1989
FoliarForageEnd= 07/14/1989
AIContactFactor= 2.12742286589928
CL4Pollen= 2.2501043882221
CL4Nectar= 95.1939056394622
CL5Pollen= 4.04102970426902
CL5Nectar= 115.890277794097
CLDPollen= 0.547655716538429
CLDNectar= 68.241678213235
CA13Pollen= 5.02987154321745
CA13Nectar= 65.3568655624986
CA410Pollen= 2.87567465608008
CA410Nectar= 110.653723403811
CA1120Pollen= 1.86827696627006
CA1120Nectar= 89.2912080138922
IPollenTrips= 14.8259216849692
INectarTrips= 11.088495887816
IPollenLoad= 1.63900959771127
INectarLoad= 0.784925220068544
