ICQueenStrength= 5.75337765645236
RQWkrDrnRatio= 3.79173618275672
ICDroneMiteSurvivorship= 44.6470025461167
ICWorkerMiteSurvivorship= 72.0998110016808
ICForagerLifespan= 5.31287048012018
ImmType= Sine
RQQueenStrength= 3.93098436202854
RQEnableReQueen= true
AIAdultSlope= 4.43005246855319
AIAdultLD50= 67.3069054195103
AIAdultSlopeContact= 5.89572919742204
AIAdultLD50Contact= 28.6123632002424
AILarvaSlope= 7.45539475232363
AILarvaLD50= 48.5742280125096
AIKOW= 1841.51664347197
AIKOC= 68911.1301605927
AIHalfLife= 16.8486378727015
EAppRate= 8.32610652169096
FoliarEnabled= true
FoliarAppDate= 06/07/1989
FoliarForageBegin= 06/05/1989
FoliarForageEnd= 06/28/1989
AIContactFactor= 1.69621062829625
CL4Pollen= 3.93211585655808
CL4Nectar= 67.7961829118431
CL5Pollen= 0.571519738063216
CL5Nectar= 146.552041685209
CLDPollen= 1.35655808681622
CLDNectar= 126.153821521439
CA13Pollen= 7.53592365775257
CA13Nectar= 40.7778625749052
CA410Pollen= 3.57627490579616
CA410Nectar= 90.4288851143792
CA1120Pollen= 1.99312955606729
CA1120Nectar= 90.5088243447244
IPollenTrips= 11.1996944947168
INectarTrips= 8.3074362995103
IPollenLoad= 9.87176024122164
INectarLoad= 7.74494339013472
