ICQueenStrength= 2.9749919953756
RQWkrDrnRatio= 3.53102713357657
ICDroneMiteSurvivorship= 71.9692957820371
ICWorkerMiteSurvivorship= 9.82031493913382
ICForagerLifespan= 5.12563539296389
ImmType= Logarithmic
RQQueenStrength= 3.16501653194427
RQEnableReQueen= true
AIAdultSlope= 5.71967159211636
AIAdultLD50= 22.3370366339185
AIAdultSlopeContact= 3.59170066285878
AIAdultLD50Contact= 89.49345339957
AILarvaSlope= 7.57069440186024
AILarvaLD50= 9.55457555601536
AIKOW= 32413.8766452721
AIKOC= 75980.0551829606
AIHalfLife= 27.3892351232236
EAppRate= 4.52679285771772
FoliarEnabled= true
FoliarAppDate= 06/07/1989
FoliarForageBegin= 06/05/1989
FoliarForageEnd= 06/28/1989
AIContactFactor= 1.81752467173152
CL4Pollen= 3.62424784339964
CL4Nectar= 33.4420585539192
CL5Pollen= 2.99778901878744
CL5Nectar= 118.672620237339
CLDPollen= 0.181576247792691
CLDNectar= 77.6002519880421
CA13Pollen= 3.71031115325168
CA13Nectar= 39.1195634007454
CA410Pollen= 2.94691725147422
CA410Nectar= 72.6240221736953
CA1120Pollen= 0.148867492564023
CA1120Nectar= 48.1791567243636
IPollenTrips= 5.15040588798001
INectarTrips= 10.8419759012759
IPollenLoad= 3.55831686174497
INectarLoad= 4.6067158668302
