ICQueenStrength= 3.13216153671965
RQWkrDrnRatio= 2.71860880311579
ICDroneMiteSurvivorship= 36.6790330037475
ICWorkerMiteSurvivorship= 40.4628540854901
ICForagerLifespan= 7.78856445197016
ImmType= Tangent
RQQueenStrength= 5.9096849327907
RQEnableReQueen= true
AIAdultSlope= 5.93714023008943
AIAdultLD50= 3.14578721261653
AIAdultSlopeContact= 6.35206233127974
AIAdultLD50Contact= 55.9258284722881
AILarvaSlope= 5.75175788626075
AILarvaLD50= 43.6289489368021
AIKOW= 71089.2963495697
AIKOC= 16043.7196797789
AIHalfLife= 19.0558375000954
EAppRate= 7.34282517620199
FoliarEnabled= true
FoliarAppDate= 06/07/1989
FoliarForageBegin= 06/05/1989
FoliarForageEnd= 06/28/1989
AIContactFactor= 1.93075289902277
CL4Pollen= 3.17178122326732
CL4Nectar= 76.199375349097
CL5Pollen= 1.83577026799321
CL5Nectar= 87.1127853286453
CLDPollen= 1.9243986918591
CLDNectar= 84.589019883424
CA13Pollen= 7.19081458058208
CA13Nectar= 79.2653334885836
CA410Pollen= 8.87048435853794
CA410Nectar= 49.8621552158147
CA1120Pollen= 2.7939150694292
CA1120Nectar= 25.1788771897554
IPollenTrips= 11.7788044852205
INectarTrips= 8.77393307164311
IPollenLoad= 0.36904517095536
INectarLoad= 4.09757265355438
ESoilP= 1.57699967548251
ESoilFoc= 0.0109189372246619
