ICQueenStrength= 2.41472372226417
RQWkrDrnRatio= 3.78446521703154
ICDroneMiteSurvivorship= 75.3111047204584
ICWorkerMiteSurvivorship= 63.680088869296
ICForagerLifespan= 14.7270419886336
ImmType= Polynomial
RQQueenStrength= 2.62787278066389
RQEnableReQueen= true
AIAdultSlope= 7.25484851188958
AIAdultLD50= 24.260277750164
AIAdultSlopeContact= 6.56365875783376
AIAdultLD50Contact= 33.4906022030511
AILarvaSlope= 8.36495764926076
AILarvaLD50= 43.9924656481806
AIKOW= 84929.6989787011
AIKOC= 30559.4481711313
AIHalfLife= 30.3734791808529
EAppRate= 8.12285192301287
FoliarEnabled= true
FoliarAppDate= 06/07/1989
FoliarForageBegin= 06/05/1989
FoliarForageEnd= 06/28/1989
AIContactFactor= 2.20817082173191
CL4Pollen= 0.95858000125736
CL4Nectar= 53.5314427223057
CL5Pollen= 1.55320554273203
CL5Nectar= 143.329991516657
CLDPollen= 1.39660679223016
CLDNectar= 47.0014425111003
CA13Pollen= 4.81935280170292
CA13Nectar= 49.8140915483236
CA410Pollen= 2.40661960733123
CA410Nectar= 190.634954194538
CA1120Pollen= 1.90520756249316
CA1120Nectar= 33.5280342213809
IPollenTrips= 12.200087599922
INectarTrips= 7.4733486562036
IPollenLoad= 3.84647262049839
INectarLoad= 5.54925499018282
ESoilP= 1.12598293810152
ESoilFoc= 0.00239083865471184
