ICQueenStrength= 5.71509883878753
RQWkrDrnRatio= 4.05001472122967
ICDroneMiteSurvivorship= 47.977935266681
ICWorkerMiteSurvivorship= 55.7754433248192
ICForagerLifespan= 8.58816160354763
ImmType= Cosine
RQQueenStrength= 4.54135996545665
RQEnableReQueen= true
AIAdultSlope= 7.12271898984909
AIAdultLD50= 1.77538396262634
AIAdultSlopeContact= 4.74785566469654
AIAdultLD50Contact= 81.8071300130407
AILarvaSlope= 1.4464853964746
AILarvaLD50= 76.0248837372521
AIKOW= 36727.0515709015
AIKOC= 90011.9978202779
AIHalfLife= 14.1011683177203
EAppRate= 0.404996046554763
FoliarEnabled= true
FoliarAppDate= 06/07/1989
FoliarForageBegin= 06/05/1989
FoliarForageEnd= 06/28/1989
AIContactFactor= 2.30193899843842
CL4Pollen= 0.664348714984953
CL4Nectar= 54.0104148443788
CL5Pollen= 5.60270749870688
CL5Nectar= 29.0857071988285
CLDPollen= 5.78363154642284
CLDNectar= 107.852459081914
CA13Pollen= 8.08837533583864
CA13Nectar= 39.6254092827439
CA410Pollen= 8.39921571537852
CA410Nectar= 47.9683114681393
CA1120Pollen= 1.12800759170204
CA1120Nectar= 68.2181920856237
IPollenTrips= 7.65007304260507
INectarTrips= 8.41668715002015
IPollenLoad= 0.448509303387254
INectarLoad= 3.13905520830303
ESoilP= 1.10316629242152
ESoilFoc= 0.00621806928073056
