ICQueenStrength= 4.92052610870451
RQWkrDrnRatio= 2.59371754899621
ICDroneMiteSurvivorship= 14.4792577950284
ICWorkerMiteSurvivorship= 32.2490663500503
ICForagerLifespan= 8.95114120002836
ImmType= Polynomial
RQQueenStrength= 4.93118054489605
RQEnableReQueen= true
AIAdultSlope= 5.26536958478391
AIAdultLD50= 20.8958258229275
AIAdultSlopeContact= 6.49237634590827
AIAdultLD50Contact= 27.5343068197712
AILarvaSlope= 4.39797487854958
AILarvaLD50= 64.5536061204618
AIKOW= 78395.9158879901
AIKOC= 70304.3125646231
AIHalfLife= 16.3708506343886
EAppRate= 0.568016302141594
FoliarEnabled= true
FoliarAppDate= 06/07/1989
FoliarForageBegin= 06/05/1989
FoliarForageEnd= 06/28/1989
AIContactFactor= 2.37264647564385
CL4Pollen= 3.83343680296093
CL4Nectar= 17.6712326705456
CL5Pollen= 4.08549629431218
CL5Nectar= 130.193946452346
CLDPollen= 4.672485741321
CLDNectar= 134.846209874377
CA13Pollen= 8.02467662263662
CA13Nectar= 48.8287563063204
CA410Pollen= 5.27973923946265
CA410Nectar= 109.904093593359
CA1120Pollen= 2.79346700920723
CA1120Nectar= 54.6717310883105
IPollenTrips= 6.45409841323271
INectarTrips= 9.3398090149276
IPollenLoad= 9.71831842092797
INectarLoad= 0.117008944507688
ESoilP= 1.86203481489792
ESoilFoc= 0.0133685567958746
