ICQueenStrength= 4.89470526832156
RQWkrDrnRatio= 4.67069561034441
ICDroneMiteSurvivorship= 49.9353047925979
ICWorkerMiteSurvivorship= 41.0664847586304
ICForagerLifespan= 4.832329983823
ImmType= Cosine
AIAdultSlope= 1.39257423909847
AIAdultLD50= 0.0199318798258901
AIAdultSlopeContact= 1.63061950430274
AIAdultLD50Contact= 0.0315817187074572
AILarvaSlope= 2.59244039529003
AILarvaLD50= 0.410702458466403
AIKOW= 2.01745715085417
AIKOC= 8.87256722897291
AIHalfLife= 2.54521626329515
EAppRate= 3.92561572836712
FoliarEnabled= true
