ICQueenStrength= 4.46686110715382
RQWkrDrnRatio= 2.2833653902635
ICDroneMiteSurvivorship= 16.2869390798733
ICWorkerMiteSurvivorship= 61.7632077541202
ICForagerLifespan= 15.139871914871
ImmType= Sine
RQQueenStrength= 5.05181703274138
RQEnableReQueen= true
AIAdultSlope= 4.56982177682221
AIAdultLD50= 15.080488007921
AIAdultSlopeContact= 6.14881597971544
AIAdultLD50Contact= 28.5355102054679
AILarvaSlope= 5.72316605225205
AILarvaLD50= 96.1819130897578
AIKOW= 37159.7702125264
AIKOC= 35491.9737266232
AIHalfLife= 27.0562477061059
EAppRate= 6.63314081021375
FoliarEnabled= true
FoliarAppDate= 06/07/1989
FoliarForageBegin= 06/05/1989
FoliarForageEnd= 06/28/1989
AIContactFactor= 2.37355429497082
CL4Pollen= 3.07451486121863
CL4Nectar= 95.7122622989118
CL5Pollen= 1.88644317258149
CL5Nectar= 21.6616638936102
CLDPollen= 4.79804244451225
CLDNectar= 57.1928740362637
CA13Pollen= 7.86448984900489
CA13Nectar= 68.3882424607873
CA410Pollen= 7.68259803722613
CA410Nectar= 57.6419755956158
CA1120Pollen= 0.181436095386744
CA1120Nectar= 26.913446187973
IPollenTrips= 10.4311267496087
INectarTrips= 14.0862439875491
IPollenLoad= 8.69833088945597
INectarLoad= 0.447614546865225
