ICQueenStrength= 2.6964124487713
RQWkrDrnRatio= 4.48645367193967
ICDroneMiteSurvivorship= 31.1843808274716
ICWorkerMiteSurvivorship= 86.4770285319537
ICForagerLifespan= 7.17806285992265
ImmType= Tangent
RQQueenStrength= 1.81967555731535
RQEnableReQueen=true
AIAdultSlope= 3.05860183946788
AIAdultLD50= 0.207250389711
AIAdultSlopeContact= 5.9763325790409
AIAdultLD50Contact= 73.1057911899462
AILarvaSlope= 4.6678129080683
AILarvaLD50= 7.19613289358118
AIKOW= 13261.9656514623
AIKOC= 25862.7796548442
AIHalfLife= 13.1830750769703
EAppRate= 2.23263769651437
FoliarEnabled=true
FoliarAppDate= 07/01/1989
FoliarForageBegin= 07/01/1989
FoliarForageEnd= 07/14/1989
AIContactFactor= 1.01912063551601
CL4Pollen= 2.69552976824343
CL4Nectar= 82.4684530496597
CL5Pollen= 3.77050406718627
CL5Nectar= 5.70301660336554
CLDPollen= 0.378703474067152
CLDNectar= 81.4486686838791
CA13Pollen= 6.41277216356248
CA13Nectar= 41.4961205236614
CA410Pollen= 2.59104808247648
CA410Nectar= 70.231088353321
CA1120Pollen= 2.79762956500053
CA1120Nectar= 24.3082688190043
IPollenTrips= 7.42356238421053
INectarTrips= 11.3331975531764
IPollenLoad= 4.42911533406004
INectarLoad= 7.70615128567442
