ICQueenStrength= 3.70278630196117
RQWkrDrnRatio= 3.64110444393009
ICDroneMiteSurvivorship= 82.7668989542872
ICWorkerMiteSurvivorship= 83.8127952534705
ICForagerLifespan= 13.8325552139431
ImmType= Cosine
RQQueenStrength= 2.87182544381358
RQEnableReQueen= true
AIAdultSlope= 8.57283586263657
AIAdultLD50= 59.2981924411852
AIAdultSlopeContact= 6.52597681828775
AIAdultLD50Contact= 21.4028478729858
AILarvaSlope= 6.74495295993984
AILarvaLD50= 91.9409664432325
AIKOW= 2463.52704511963
AIKOC= 54745.103745356
AIHalfLife= 24.0194001640193
EAppRate= 6.38547924815211
FoliarEnabled= true
FoliarAppDate= 06/07/1989
FoliarForageBegin= 06/05/1989
FoliarForageEnd= 06/28/1989
AIContactFactor= 0.970332072172314
CL4Pollen= 1.71218974329531
CL4Nectar= 70.7025568233803
CL5Pollen= 2.0094333216548
CL5Nectar= 82.361054175999
CLDPollen= 2.64878945890814
CLDNectar= 80.4881986929104
CA13Pollen= 6.78022996783256
CA13Nectar= 37.5278280302882
CA410Pollen= 3.63420644556172
CA410Nectar= 20.0352264149114
CA1120Pollen= 2.29939128644764
CA1120Nectar= 29.8868824914098
IPollenTrips= 8.03099767770618
INectarTrips= 6.01147658657283
IPollenLoad= 8.4786808793433
INectarLoad= 3.67415457032621
