ICQueenStrength= 1.56493163923733
RQWkrDrnRatio= 2.59606747701764
ICDroneMiteSurvivorship= 52.4710277561098
ICWorkerMiteSurvivorship= 22.3118054214865
ICForagerLifespan= 6.57053987495601
ImmType= Exponential
RQQueenStrength= 1.09978977381252
RQEnableReQueen= true
AIAdultSlope= 2.61333480477333
AIAdultLD50= 0.248722737472039
AIAdultSlopeContact= 6.70712036360055
AIAdultLD50Contact= 29.1521434492194
AILarvaSlope= 3.70302584022284
AILarvaLD50= 35.0724514911093
AIKOW= 69812.6394221033
AIKOC= 91681.3386341925
AIHalfLife= 9.76002301431727
EAppRate= 2.74556271235854
FoliarEnabled= true
FoliarAppDate= 09/01/1989
FoliarForageBegin= 09/01/1989
FoliarForageEnd= 09/08/1989
AIContactFactor= 1.22010942632798
CL4Pollen= 2.57226609718055
CL4Nectar= 33.2373064709827
CL5Pollen= 2.24428301816806
CL5Nectar= 111.181624524761
CLDPollen= 5.5751254465431
CLDNectar= 61.8176250485703
CA13Pollen= 2.35308264968917
CA13Nectar= 43.6207511089742
CA410Pollen= 4.1991334149614
CA410Nectar= 158.387682498433
CA1120Pollen= 2.42244290630333
CA1120Nectar= 36.1485465802252
IPollenTrips= 10.3821005509235
INectarTrips= 10.4387672105804
IPollenLoad= 1.39038364868611
INectarLoad= 9.48228417430073
