ICQueenStrength= 5.75888656335883
RQWkrDrnRatio= 2.92924015410244
ICDroneMiteSurvivorship= 98.3265559654683
ICWorkerMiteSurvivorship= 65.2340936008841
ICForagerLifespan= 10.346551021561
ImmType= Sine
RQQueenStrength= 4.38771086651832
RQEnableReQueen= true
AIAdultSlope= 1.47312388755381
AIAdultLD50= 8.97561677419255
AIAdultSlopeContact= 2.99148008483462
AIAdultLD50Contact= 98.4136006645891
AILarvaSlope= 6.1234189607203
AILarvaLD50= 79.2295274776227
AIKOW= 42014.042917821
AIKOC= 35268.8153765658
AIHalfLife= 8.233318007458
EAppRate= 6.66998849299015
FoliarEnabled= true
FoliarAppDate= 06/07/1989
FoliarForageBegin= 06/05/1989
FoliarForageEnd= 06/28/1989
AIContactFactor= 0.474103033388965
CL4Pollen= 3.25808261614293
CL4Nectar= 30.2970617543906
CL5Pollen= 2.40317853307351
CL5Nectar= 124.046313541476
CLDPollen= 2.12361179944128
CLDNectar= 90.6259004026651
CA13Pollen= 4.04193577663973
CA13Nectar= 90.9800382331014
CA410Pollen= 3.30550819393247
CA410Nectar= 96.0829447535798
CA1120Pollen= 1.46166498237289
CA1120Nectar= 42.734609823674
IPollenTrips= 8.81336353952065
INectarTrips= 9.37450362136588
IPollenLoad= 9.06406664988026
INectarLoad= 6.63425132166594
