ICQueenStrength= 1.22967743803747
RQWkrDrnRatio= 4.07730983011425
ICDroneMiteSurvivorship= 84.480368020013
ICWorkerMiteSurvivorship= 25.5666905781254
ICForagerLifespan= 6.5414669951424
ImmType= Logarithmic
RQQueenStrength= 3.55323771038093
RQEnableReQueen= true
AIAdultSlope= 4.0995626244694
AIAdultLD50= 82.2501546604736
AIAdultSlopeContact= 6.21243179170415
AIAdultLD50Contact= 82.705575017567
AILarvaSlope= 5.61720818653703
AILarvaLD50= 95.3171573645833
AIKOW= 83646.6339704855
AIKOC= 1543.31769435504
AIHalfLife= 23.2716763043078
EAppRate= 7.66231633441104
FoliarEnabled= true
FoliarAppDate= 06/07/1989
FoliarForageBegin= 06/05/1989
FoliarForageEnd= 06/28/1989
AIContactFactor= 0.986199867986143
CL4Pollen= 3.32002201676369
CL4Nectar= 0.0923132291063666
CL5Pollen= 5.15040472894907
CL5Nectar= 21.6942466213368
CLDPollen= 0.0106709394603968
CLDNectar= 95.8097422728315
CA13Pollen= 3.24837977001444
CA13Nectar= 85.7458258420229
CA410Pollen= 8.06604141979478
CA410Nectar= 159.453937108628
CA1120Pollen= 2.88855037512258
CA1120Nectar= 48.0690556392074
IPollenTrips= 7.97418863279745
INectarTrips= 9.02592289727181
IPollenLoad= 5.22654585540295
INectarLoad= 0.521575401071459
