ICQueenStrength= 3.34935431857593
RQWkrDrnRatio= 1.54113035742193
ICDroneMiteSurvivorship= 49.833528813906
ICWorkerMiteSurvivorship= 41.4049668237567
ICForagerLifespan= 7.4130184520036
ImmType= Logarithmic
RQQueenStrength= 4.44980260939337
RQEnableReQueen= true
AIAdultSlope= 7.25870633125305
AIAdultLD50= 82.9802639082561
AIAdultSlopeContact= 6.62764128856361
AIAdultLD50Contact= 59.3714069813101
AILarvaSlope= 7.62740440107882
AILarvaLD50= 19.1025106132631
AIKOW= 8840.59578009646
AIKOC= 95089.1326000583
AIHalfLife= 33.6887689575786
EAppRate= 1.27352356163971
FoliarEnabled= true
FoliarAppDate= 06/07/1989
FoliarForageBegin= 06/05/1989
FoliarForageEnd= 06/28/1989
AIContactFactor= 0.466295972429216
CL4Pollen= 0.00586317852139473
CL4Nectar= 78.1095780665055
CL5Pollen= 5.72674128832296
CL5Nectar= 24.0641006268561
CLDPollen= 0.146848706994206
CLDNectar= 21.8510684324428
CA13Pollen= 5.81529370211065
CA13Nectar= 39.1538016870618
CA410Pollen= 9.1359164719237
CA410Nectar= 66.3723675394431
CA1120Pollen= 1.16066263848916
CA1120Nectar= 50.8936358615756
IPollenTrips= 14.2718789097853
INectarTrips= 7.60071311146021
IPollenLoad= 7.22135078860447
INectarLoad= 2.89188199676573
ESoilP= 1.67438460187986
ESoilFoc= 0.00842594595905393
