ICQueenStrength= 5.37979904119857
RQWkrDrnRatio= 2.44881645776331
ICDroneMiteSurvivorship= 35.1308134617284
ICWorkerMiteSurvivorship= 31.4039581920952
ICForagerLifespan= 7.20143025368452
ImmType= Tangent
RQQueenStrength= 5.30824777227826
RQEnableReQueen= true
AIAdultSlope= 7.4812083337456
AIAdultLD50= 67.889052901526
AIAdultSlopeContact= 6.89278183644637
AIAdultLD50Contact= 2.30826969952928
AILarvaSlope= 2.8956605810672
AILarvaLD50= 87.8270620314714
AIKOW= 38058.5490967271
AIKOC= 68502.4935335689
AIHalfLife= 14.6123151152162
EAppRate= 8.44926598756504
FoliarEnabled= true
FoliarAppDate= 06/07/1989
FoliarForageBegin= 06/05/1989
FoliarForageEnd= 06/28/1989
AIContactFactor= 0.486829675417393
CL4Pollen= 1.0333544826135
CL4Nectar= 93.9116757363081
CL5Pollen= 5.21370321745053
CL5Nectar= 105.282153678127
CLDPollen= 0.252781996037811
CLDNectar= 28.5806469270028
CA13Pollen= 5.20111759686842
CA13Nectar= 60.3702417016029
CA410Pollen= 2.77209410788491
CA410Nectar= 67.4146216595545
CA1120Pollen= 1.55967772565782
CA1120Nectar= 91.8869612924755
IPollenTrips= 8.19593197200447
INectarTrips= 12.1260331431404
IPollenLoad= 8.86931956047192
INectarLoad= 2.74034585803747
ESoilP= 1.19831153238192
ESoilFoc= 0.0127247187516186
