ICQueenStrength= 2.89097396680154
RQWkrDrnRatio= 4.34501439426094
ICDroneMiteSurvivorship= 45.0717760948464
ICWorkerMiteSurvivorship= 76.1120472336188
ICForagerLifespan= 15.0097093405202
ImmType= Sine
RQQueenStrength= 4.81582739530131
RQEnableReQueen= true
AIAdultSlope= 8.60291778855026
AIAdultLD50= 37.2055860763676
AIAdultSlopeContact= 8.54869136121124
AIAdultLD50Contact= 85.6147019076224
AILarvaSlope= 2.58705038577318
AILarvaLD50= 65.0060608734542
AIKOW= 93114.9390659089
AIKOC= 44536.8634647217
AIHalfLife= 11.2679660933558
EAppRate= 3.09926581084263
FoliarEnabled= true
FoliarAppDate= 06/07/1989
FoliarForageBegin= 06/05/1989
FoliarForageEnd= 06/28/1989
AIContactFactor= 0.698220334565267
CL4Pollen= 3.41651953756809
CL4Nectar= 85.8449315652251
CL5Pollen= 2.48896435042843
CL5Nectar= 137.179372971877
CLDPollen= 1.27021160814911
CLDNectar= 22.8055294021033
CA13Pollen= 7.90746414316818
CA13Nectar= 50.223208591342
CA410Pollen= 6.36677514328621
CA410Nectar= 141.894400152378
CA1120Pollen= 2.09049384738319
CA1120Nectar= 56.9968250766397
IPollenTrips= 10.582178758923
INectarTrips= 5.20154162077233
IPollenLoad= 3.21675306418911
INectarLoad= 1.32781725144014
