ICQueenStrength= 4.13592046615668
RQWkrDrnRatio= 1.76013065502048
ICDroneMiteSurvivorship= 30.5583730340004
ICWorkerMiteSurvivorship= 57.3315110523254
ICForagerLifespan= 9.60300925560296
ImmType= Tangent
RQQueenStrength= 1.82375108497217
RQEnableReQueen= true
AIAdultSlope= 4.76686026714742
AIAdultLD50= 91.305545956756
AIAdultSlopeContact= 3.64973588753492
AIAdultLD50Contact= 8.0581807323168
AILarvaSlope= 6.74482960067689
AILarvaLD50= 19.2755651480397
AIKOW= 73530.4281042413
AIKOC= 30568.9096852306
AIHalfLife= 15.013656055741
EAppRate= 4.17115882006381
FoliarEnabled= true
FoliarAppDate= 06/07/1989
FoliarForageBegin= 06/05/1989
FoliarForageEnd= 06/28/1989
AIContactFactor= 1.5103579016868
CL4Pollen= 3.25550243258476
CL4Nectar= 91.3128934334964
CL5Pollen= 2.57411168329418
CL5Nectar= 72.3382892785594
CLDPollen= 0.670033046510071
CLDNectar= 104.705162462778
CA13Pollen= 3.64346295110881
CA13Nectar= 81.3944163545966
CA410Pollen= 8.41976589364931
CA410Nectar= 164.908317350782
CA1120Pollen= 0.667865882394835
CA1120Nectar= 70.0909006595612
IPollenTrips= 9.17745153885335
INectarTrips= 9.70193210989237
IPollenLoad= 4.93327963864431
INectarLoad= 1.20615772902966
ESoilP= 1.43543305923231
ESoilFoc= 0.00541294894856401
