ICQueenStrength= 3.30295367422514
RQWkrDrnRatio= 2.79743691254407
ICDroneMiteSurvivorship= 52.4466768139973
ICWorkerMiteSurvivorship= 22.9567346395925
ICForagerLifespan= 8.91878067795187
ImmType= Tangent
RQQueenStrength= 4.76448221388273
RQEnableReQueen= true
AIAdultSlope= 3.34801971912384
AIAdultLD50= 6.3813511353361
AIAdultSlopeContact= 8.81971812574193
AIAdultLD50Contact= 53.8297066043205
AILarvaSlope= 8.79118015244603
AILarvaLD50= 53.7297524539458
AIKOW= 51479.4750696534
AIKOC= 29676.9070634728
AIHalfLife= 13.1966025987407
EAppRate= 0.455645816138946
FoliarEnabled= true
FoliarAppDate= 06/07/1989
FoliarForageBegin= 06/05/1989
FoliarForageEnd= 06/28/1989
AIContactFactor= 0.344489005762152
CL4Pollen= 3.84621457569301
CL4Nectar= 22.3415583604947
CL5Pollen= 0.637716919183731
CL5Nectar= 83.4765649633482
CLDPollen= 2.2301706536673
CLDNectar= 32.7655592467636
CA13Pollen= 3.27549375016242
CA13Nectar= 74.2131857760251
CA410Pollen= 6.04376287860796
CA410Nectar= 124.018685864285
CA1120Pollen= 2.43766736006364
CA1120Nectar= 87.991280220449
IPollenTrips= 12.8790380735882
INectarTrips= 6.98608971899375
IPollenLoad= 3.22441155556589
INectarLoad= 5.45119917253032
ESoilP= 1.14834833564237
ESoilFoc= 0.0096105958444532
