ICQueenStrength= 2.40612241462804
RQWkrDrnRatio= 3.37769604846835
ICDroneMiteSurvivorship= 62.4167268630117
ICWorkerMiteSurvivorship= 65.8420239109546
ICForagerLifespan= 10.811666184105
ImmType= Logarithmic
RQQueenStrength= 1.06651895586401
RQEnableReQueen= true
AIAdultSlope= 7.22067905962467
AIAdultLD50= 67.2431461071202
AIAdultSlopeContact= 9.81636445829645
AIAdultLD50Contact= 72.7193434273347
AILarvaSlope= 2.95159563049674
AILarvaLD50= 10.5192252920107
AIKOW= 29619.1112437203
AIKOC= 32481.4753671063
AIHalfLife= 5.54467532469425
EAppRate= 3.26500778003293
FoliarEnabled= true
FoliarAppDate= 06/07/1989
FoliarForageBegin= 06/05/1989
FoliarForageEnd= 06/28/1989
AIContactFactor= 0.426802676240914
CL4Pollen= 0.777180480770767
CL4Nectar= 87.8093773266301
CL5Pollen= 3.46675076661631
CL5Nectar= 14.5298986346461
CLDPollen= 4.3465102147311
CLDNectar= 126.483807619661
CA13Pollen= 3.14801302719861
CA13Nectar= 95.7836857251823
CA410Pollen= 3.7321460954845
CA410Nectar= 138.575605456717
CA1120Pollen= 2.86119335400872
CA1120Nectar= 45.6329787522554
IPollenTrips= 10.4696614784189
INectarTrips= 8.8720575789921
IPollenLoad= 9.46126383729279
INectarLoad= 4.32528001489118
