ICQueenStrength= 4.51357739185914
RQWkrDrnRatio= 1.31512002740055
ICDroneMiteSurvivorship= 36.7031438741833
ICWorkerMiteSurvivorship= 56.2802409986034
ICForagerLifespan= 4.54425521753728
ImmType= Tangent
AIAdultSlope= 0.329042315462139
AIAdultLD50= 0.151882835524157
AIAdultSlopeContact= 0.432865927456878
AIAdultLD50Contact= 0.00940367833245546
AILarvaSlope= 0.857322886306792
AILarvaLD50= 0.492757011763752
AIKOW= 2.83072515577078
AIKOC= 8.53476910968311
AIHalfLife= 1.23649053247646
EAppRate= 9.34523705393076
FoliarEnabled= true
