ICQueenStrength= 4.5266573028639
RQWkrDrnRatio= 2.28504727873951
ICDroneMiteSurvivorship= 12.325806543231
ICWorkerMiteSurvivorship= 68.6020321212709
ICForagerLifespan= 14.0001362804323
ImmType= Polynomial
RQQueenStrength= 2.88295791274868
RQEnableReQueen= true
AIAdultSlope= 4.00037265755236
AIAdultLD50= 69.1068336983812
AIAdultSlopeContact= 5.55052191508003
AIAdultLD50Contact= 39.7099406375147
AILarvaSlope= 5.93986580148339
AILarvaLD50= 26.1194481927133
AIKOW= 19807.5349308562
AIKOC= 94407.1910138519
AIHalfLife= 33.7984594445908
EAppRate= 4.19694747108664
FoliarEnabled= true
FoliarAppDate= 06/07/1989
FoliarForageBegin= 06/05/1989
FoliarForageEnd= 06/28/1989
AIContactFactor= 1.27166913140099
CL4Pollen= 2.99587551690638
CL4Nectar= 59.534385195002
CL5Pollen= 4.27893763175234
CL5Nectar= 96.5277173439972
CLDPollen= 4.61934328777716
CLDNectar= 113.257494242862
CA13Pollen= 3.70438482221216
CA13Nectar= 81.3821438513696
CA410Pollen= 6.68804481755942
CA410Nectar= 91.7697929823771
CA1120Pollen= 0.927589970408008
CA1120Nectar= 80.5628188326955
IPollenTrips= 13.8263341039419
INectarTrips= 11.2456728657708
IPollenLoad= 3.97102025570348
INectarLoad= 6.01733329705894
ESoilP= 1.06356545328163
ESoilFoc= 0.00139261847641319
