ICQueenStrength= 1.47459266381338
RQWkrDrnRatio= 2.7582031507045
ICDroneMiteSurvivorship= 50.3547832835466
ICWorkerMiteSurvivorship= 57.2908160276711
ICForagerLifespan= 6.13580430299044
ImmType= Cosine
RQQueenStrength= 3.15602493379265
RQEnableReQueen= true
AIAdultSlope= 8.86317146010697
AIAdultLD50= 5.4169834708448
AIAdultSlopeContact= 8.47711736382917
AIAdultLD50Contact= 46.0405961754552
AILarvaSlope= 8.62047130800784
AILarvaLD50= 74.2242238186831
AIKOW= 28995.2153098597
AIKOC= 92263.955614506
AIHalfLife= 9.43536323127337
EAppRate= 3.80173531376105
FoliarEnabled= true
FoliarAppDate= 06/07/1989
FoliarForageBegin= 06/05/1989
FoliarForageEnd= 06/28/1989
AIContactFactor= 0.734315588315949
CL4Pollen= 0.839277454651892
CL4Nectar= 23.2329436112195
CL5Pollen= 5.28208541823551
CL5Nectar= 28.192371642217
CLDPollen= 5.99570006970316
CLDNectar= 10.2007848210633
CA13Pollen= 7.93471555439755
CA13Nectar= 69.2919527739286
CA410Pollen= 4.71540312755387
CA410Nectar= 121.952402060851
CA1120Pollen= 1.88968987413682
CA1120Nectar= 66.414002571255
IPollenTrips= 14.0059835510328
INectarTrips= 6.24331149505451
IPollenLoad= 6.0008572996594
INectarLoad= 1.54319262132049
