ICQueenStrength= 4.06113272090442
RQWkrDrnRatio= 2.21952445618808
ICDroneMiteSurvivorship= 78.7794090807438
ICWorkerMiteSurvivorship= 71.6956606367603
ICForagerLifespan= 12.6401615412906
ImmType= Sine
RQQueenStrength= 1.76731049339287
RQEnableReQueen= true
AIAdultSlope= 5.5270234644413
AIAdultLD50= 11.5800414574982
AIAdultSlopeContact= 7.38598791579716
AIAdultLD50Contact= 78.3388836651961
AILarvaSlope= 3.05236519314349
AILarvaLD50= 89.1633082034586
AIKOW= 58695.0690812279
AIKOC= 53254.5274409549
AIHalfLife= 32.6903617464006
EAppRate= 3.28722895392007
FoliarEnabled= true
FoliarAppDate= 06/07/1989
FoliarForageBegin= 06/05/1989
FoliarForageEnd= 06/28/1989
AIContactFactor= 1.65454181844834
CL4Pollen= 2.73860897589475
CL4Nectar= 62.9901593318209
CL5Pollen= 5.39939929218963
CL5Nectar= 59.1830223798752
CLDPollen= 0.255235043819994
CLDNectar= 94.6997922495939
CA13Pollen= 3.99363850597292
CA13Nectar= 21.1828890070319
CA410Pollen= 4.24730648517143
CA410Nectar= 25.175778772682
CA1120Pollen= 1.7102219669614
CA1120Nectar= 24.7340496256948
IPollenTrips= 9.99358589062467
INectarTrips= 7.21066176891327
IPollenLoad= 4.31274274364114
INectarLoad= 8.00228373613209
