ICQueenStrength= 4.07335597346537
RQWkrDrnRatio= 1.96279729623348
ICDroneMiteSurvivorship= 94.4513287395239
ICWorkerMiteSurvivorship= 5.40829910896719
ICForagerLifespan= 13.0901709441096
ImmType= Polynomial
RQQueenStrength= 5.91240414441563
RQEnableReQueen= true
AIAdultSlope= 3.11771954409778
AIAdultLD50= 36.2770980701705
AIAdultSlopeContact= 7.35941559169441
AIAdultLD50Contact= 40.2090598659136
AILarvaSlope= 2.66260933876038
AILarvaLD50= 80.8601852639122
AIKOW= 44255.7688434532
AIKOC= 75460.1657596405
AIHalfLife= 18.5934561166679
EAppRate= 0.834559134805808
FoliarEnabled= true
FoliarAppDate= 06/07/1989
FoliarForageBegin= 06/05/1989
FoliarForageEnd= 06/28/1989
AIContactFactor= 0.622394845709205
CL4Pollen= 0.270706815645099
CL4Nectar= 10.2268389193341
CL5Pollen= 3.07630061823875
CL5Nectar= 145.786691852845
CLDPollen= 5.29311213456094
CLDNectar= 104.772647749633
CA13Pollen= 4.71487210765481
CA13Nectar= 91.5848481655121
CA410Pollen= 7.86122431261465
CA410Nectar= 136.759848985821
CA1120Pollen= 0.430238892557099
CA1120Nectar= 93.2480683550239
IPollenTrips= 5.81156268715858
INectarTrips= 11.2423605192453
IPollenLoad= 1.23090269742534
INectarLoad= 8.20699204457924
