ICQueenStrength= 4.18520095548593
RQWkrDrnRatio= 1.71936247963458
ICDroneMiteSurvivorship= 95.1752171618864
ICWorkerMiteSurvivorship= 94.9359154794365
ICForagerLifespan= 14.6377325588837
ImmType= Polynomial
AIAdultSlope= 2.23632117537316
AIAdultLD50= 0.0268163225147873
AIAdultSlopeContact= 2.07795954256319
AIAdultLD50Contact= 0.0445769795915112
AILarvaSlope= 3.27805916550569
AILarvaLD50= 0.710653029056266
AIKOW= 4.20461335964501
AIKOC= 19.8810098005924
AIHalfLife= 0.0192624341696501
EAppRate= 8.17782348487526
FoliarEnabled= true
