ICQueenStrength= 1.94996788422577
RQWkrDrnRatio= 3.26285798661411
ICDroneMiteSurvivorship= 98.7651357427239
ICWorkerMiteSurvivorship= 31.6567594651133
ICForagerLifespan= 15.7185339927673
ImmType= Logarithmic
RQQueenStrength= 1.45367819839157
RQEnableReQueen= true
AIAdultSlope= 4.97074504010379
AIAdultLD50= 0.391393969896017
AIAdultSlopeContact= 8.39323057280853
AIAdultLD50Contact= 29.2392687594185
AILarvaSlope= 7.10273651219904
AILarvaLD50= 75.4455753404309
AIKOW= 4772.9192300988
AIKOC= 18077.0388570556
AIHalfLife= 25.6330756011419
EAppRate= 5.97170497583458
FoliarEnabled= true
FoliarAppDate= 09/01/1989
FoliarForageBegin= 09/01/1989
FoliarForageEnd= 09/08/1989
AIContactFactor= 2.13272372761741
CL4Pollen= 3.56455054692924
CL4Nectar= 57.2623462183401
CL5Pollen= 3.32551319757476
CL5Nectar= 11.5326309227385
CLDPollen= 0.00337931932881474
CLDNectar= 56.9156091311015
CA13Pollen= 6.39324562465772
CA13Nectar= 50.2207913063467
CA410Pollen= 7.31916504353285
CA410Nectar= 51.2182106915861
CA1120Pollen= 2.96754973847419
CA1120Nectar= 78.1106890179217
IPollenTrips= 8.8842064072378
INectarTrips= 5.90166569221765
IPollenLoad= 7.38686811178923
INectarLoad= 6.28032537642866
