ICQueenStrength= 1.72033261298202
RQWkrDrnRatio= 3.97327698860317
ICDroneMiteSurvivorship= 96.1669722571969
ICWorkerMiteSurvivorship= 88.6634415015578
ICForagerLifespan= 12.0567324236035
ImmType= Cosine
RQQueenStrength= 1.41801629238762
RQEnableReQueen= true
AIAdultSlope= 7.2534046433866
AIAdultLD50= 77.899992511977
AIAdultSlopeContact= 3.70113294874318
AIAdultLD50Contact= 33.7760505325661
AILarvaSlope= 4.60729397274554
AILarvaLD50= 43.1575336702524
AIKOW= 6552.45225304276
AIKOC= 94035.4576980935
AIHalfLife= 21.9344827307388
EAppRate= 7.13757770694001
FoliarEnabled= true
FoliarAppDate= 06/07/1989
FoliarForageBegin= 06/05/1989
FoliarForageEnd= 06/28/1989
AIContactFactor= 2.07794620983768
CL4Pollen= 2.53363603632897
CL4Nectar= 61.3607140257955
CL5Pollen= 4.61939767375588
CL5Nectar= 19.5283160428517
CLDPollen= 5.02531935414299
CLDNectar= 107.73090996081
CA13Pollen= 5.23364479169249
CA13Nectar= 88.8467156887054
CA410Pollen= 5.17748215310276
CA410Nectar= 119.264916596003
CA1120Pollen= 0.086372037185356
CA1120Nectar= 99.5370083115995
IPollenTrips= 6.01232657907531
INectarTrips= 5.56117826374248
IPollenLoad= 7.70175416953862
INectarLoad= 9.30039762286469
