ICQueenStrength= 2.27369650639594
RQWkrDrnRatio= 2.25968437548727
ICDroneMiteSurvivorship= 73.273157235235
ICWorkerMiteSurvivorship= 37.9099990008399
ICForagerLifespan= 13.8959482265636
ImmType= Sine
RQQueenStrength= 3.33771775756031
RQEnableReQueen=true
AIAdultSlope= 1.47047874517739
AIAdultLD50= 0.0257244936905336
AIAdultSlopeContact= 4.34315687953494
AIAdultLD50Contact= 30.854901948256
AILarvaSlope= 7.84288075752556
AILarvaLD50= 1.65024887115881
AIKOW= 34595.7896650995
AIKOC= 188.45252138353
AIHalfLife= 25.89839713166
EAppRate= 8.36607378585008
FoliarEnabled=true
FoliarAppDate= 07/01/1989
FoliarForageBegin= 07/01/1989
FoliarForageEnd= 07/14/1989
AIContactFactor= 2.17041869910434
CL4Pollen= 3.63807812612504
CL4Nectar= 9.02501791715622
CL5Pollen= 2.92371100047603
CL5Nectar= 35.7411544653587
CLDPollen= 3.92041584150866
CLDNectar= 48.1045903405175
CA13Pollen= 7.51554515706375
CA13Nectar= 41.9013890251517
CA410Pollen= 4.5916859292658
CA410Nectar= 199.20656749513
CA1120Pollen= 0.744064711499959
CA1120Nectar= 63.3973433636129
IPollenTrips= 11.1186354071833
INectarTrips= 14.5786116528325
IPollenLoad= 1.21476169442758
INectarLoad= 6.53694275999442
