ICQueenStrength= 3.04573082737625
RQWkrDrnRatio= 3.12287490069866
ICDroneMiteSurvivorship= 44.9730661697686
ICWorkerMiteSurvivorship= 79.1906827129424
ICForagerLifespan= 8.31390482373536
ImmType= Sine
AIAdultSlope= 1.4362222467293
AIAdultLD50= 0.00762437791563571
AIAdultSlopeContact= 3.05071076706285
AIAdultLD50Contact= 0.0490584482322447
AILarvaSlope= 3.24753422783688
AILarvaLD50= 0.651342350081541
AIKOW= 5.79998334404081
AIKOC= 12.6294365688227
AIHalfLife= 2.26149428416975
EAppRate= 9.12744496017694
FoliarEnabled= true
