ICQueenStrength= 1.50648250151426
RQWkrDrnRatio= 1.35242057498544
ICDroneMiteSurvivorship= 87.0241720695049
ICWorkerMiteSurvivorship= 66.3946287008002
ICForagerLifespan= 12.5100204050541
ImmType= Tangent
RQQueenStrength= 4.38323684758507
RQEnableReQueen= true
AIAdultSlope= 1.65140581317246
AIAdultLD50= 45.1836662523334
AIAdultSlopeContact= 8.76302980165929
AIAdultLD50Contact= 36.8564972467518
AILarvaSlope= 5.54347157105803
AILarvaLD50= 29.2638029267341
AIKOW= 80331.8894112925
AIKOC= 60888.7246887391
AIHalfLife= 9.57549154423177
EAppRate= 5.802235658366
FoliarEnabled= true
FoliarAppDate= 06/07/1989
FoliarForageBegin= 06/05/1989
FoliarForageEnd= 06/28/1989
AIContactFactor= 1.57763299355283
CL4Pollen= 2.92347517982125
CL4Nectar= 17.0351949287578
CL5Pollen= 1.04034282965586
CL5Nectar= 71.2338880402967
CLDPollen= 3.78712487407029
CLDNectar= 87.3259683838114
CA13Pollen= 6.98660442121327
CA13Nectar= 74.6150989644229
CA410Pollen= 4.67695318919141
CA410Nectar= 181.497226734646
CA1120Pollen= 0.0471867048181593
CA1120Nectar= 63.3833473734558
IPollenTrips= 8.81680337944999
INectarTrips= 14.0692586847581
IPollenLoad= 9.57086137728766
INectarLoad= 9.50028048129752
