ICQueenStrength= 3.9223137171939
RQWkrDrnRatio= 3.6106293881312
ICDroneMiteSurvivorship= 6.71867697965354
ICWorkerMiteSurvivorship= 12.5062567414716
ICForagerLifespan= 9.83625426050276
ImmType= Sine
RQQueenStrength= 4.42272943258286
RQEnableReQueen=true
AIAdultSlope= 4.74927598983049
AIAdultLD50= 0.374685672107385
AIAdultSlopeContact= 4.95161417149939
AIAdultLD50Contact= 7.2609044503551
AILarvaSlope= 5.90450637042522
AILarvaLD50= 61.2576318179916
AIKOW= 37962.0316077739
AIKOC= 36716.4669638099
AIHalfLife= 32.8413934630575
EAppRate= 1.5806620823557
FoliarEnabled=true
FoliarAppDate= 07/01/1989
FoliarForageBegin= 07/01/1989
FoliarForageEnd= 07/14/1989
AIContactFactor= 0.600832143165171
CL4Pollen= 2.18385022971779
CL4Nectar= 21.6443363577127
CL5Pollen= 0.0354842282831669
CL5Nectar= 13.2740996545181
CLDPollen= 0.640744648408145
CLDNectar= 54.2235455475748
CA13Pollen= 7.0483590260148
CA13Nectar= 93.0751729570329
CA410Pollen= 7.59841887990478
CA410Nectar= 60.1665328722447
CA1120Pollen= 0.0869497766252607
CA1120Nectar= 57.6995986513793
IPollenTrips= 5.69037190405652
INectarTrips= 14.8103559948504
IPollenLoad= 5.65736510092393
INectarLoad= 1.8981700623408
