ICQueenStrength= 1.85604129591957
RQWkrDrnRatio= 4.10454278253019
ICDroneMiteSurvivorship= 16.0566267790273
ICWorkerMiteSurvivorship= 85.8360392274335
ICForagerLifespan= 14.3396304044873
ImmType= Tangent
RQQueenStrength= 4.78541217884049
RQEnableReQueen= true
AIAdultSlope= 2.07810688763857
AIAdultLD50= 86.2984575756479
AIAdultSlopeContact= 9.86414559371769
AIAdultLD50Contact= 80.08839816445
AILarvaSlope= 5.18655850365758
AILarvaLD50= 93.9051091848372
AIKOW= 889.496823689258
AIKOC= 88777.5171563933
AIHalfLife= 22.7654471045826
EAppRate= 4.32659200482885
FoliarEnabled= true
FoliarAppDate= 06/07/1989
FoliarForageBegin= 06/05/1989
FoliarForageEnd= 06/28/1989
AIContactFactor= 0.71137088268064
CL4Pollen= 0.346711073070765
CL4Nectar= 66.3353381212801
CL5Pollen= 5.12120762234554
CL5Nectar= 139.593152690213
CLDPollen= 2.90887525537983
CLDNectar= 116.395156877115
CA13Pollen= 6.04092333726585
CA13Nectar= 78.0490971915424
CA410Pollen= 4.99919981316198
CA410Nectar= 52.8723636921495
CA1120Pollen= 2.58016438339837
CA1120Nectar= 58.5706427507102
IPollenTrips= 10.2732472890057
INectarTrips= 10.1437670388259
IPollenLoad= 6.83036552043632
INectarLoad= 4.21542681055143
