ICQueenStrength= 5.91534895380028
RQWkrDrnRatio= 1.1499496884644
ICDroneMiteSurvivorship= 88.9689894858748
ICWorkerMiteSurvivorship= 34.454629290849
ICForagerLifespan= 9.80551064107567
ImmType= Sine
RQQueenStrength= 3.95086189638823
RQEnableReQueen= true
AIAdultSlope= 8.00681717135012
AIAdultLD50= 69.2892918195722
AIAdultSlopeContact= 2.78971481346525
AIAdultLD50Contact= 90.852734999724
AILarvaSlope= 7.67031960375607
AILarvaLD50= 24.1388197162808
AIKOW= 33405.072382257
AIKOC= 30109.1013060091
AIHalfLife= 24.4716229698621
EAppRate= 0.985440276826499
FoliarEnabled= true
FoliarAppDate= 06/07/1989
FoliarForageBegin= 06/05/1989
FoliarForageEnd= 06/28/1989
AIContactFactor= 1.14965291648172
CL4Pollen= 1.92697453685105
CL4Nectar= 1.62735278718174
CL5Pollen= 5.46991885732859
CL5Nectar= 75.1067459117621
CLDPollen= 5.79504917934537
CLDNectar= 46.4785178890452
CA13Pollen= 3.93634121287614
CA13Nectar= 90.2393294125795
CA410Pollen= 4.05889523057267
CA410Nectar= 99.1308978619054
CA1120Pollen= 1.74480235017836
CA1120Nectar= 45.9103534370661
IPollenTrips= 12.0825842116028
INectarTrips= 13.2132107019424
IPollenLoad= 9.81536948820576
INectarLoad= 6.40756078530103
