ICQueenStrength= 2.35186368599534
RQWkrDrnRatio= 2.53673550952226
ICDroneMiteSurvivorship= 84.1634106589481
ICWorkerMiteSurvivorship= 88.1643156521022
ICForagerLifespan= 10.8959666946903
ImmType= Tangent
RQQueenStrength= 2.20481857843697
RQEnableReQueen=true
AIAdultSlope= 5.01975541748106
AIAdultLD50= 0.164921989656752
AIAdultSlopeContact= 1.67904727905989
AIAdultLD50Contact= 98.791086027161
AILarvaSlope= 6.61990996822715
AILarvaLD50= 46.9128977033503
AIKOW= 80925.7645142084
AIKOC= 64530.7046384248
AIHalfLife= 9.14109093490988
EAppRate= 0.950487117492594
FoliarEnabled=true
FoliarAppDate= 07/01/1989
FoliarForageBegin= 07/01/1989
FoliarForageEnd= 07/14/1989
AIContactFactor= 0.838997023510747
CL4Pollen= 1.58328795991838
CL4Nectar= 77.917310106568
CL5Pollen= 5.190678848885
CL5Nectar= 124.671575298999
CLDPollen= 3.30333663476631
CLDNectar= 86.01092324825
CA13Pollen= 5.06896137008443
CA13Nectar= 54.28885191679
CA410Pollen= 2.52658953496721
CA410Nectar= 180.845793602057
CA1120Pollen= 0.00920272408984601
CA1120Nectar= 29.208919685334
IPollenTrips= 7.62003067880869
INectarTrips= 13.7371915462427
IPollenLoad= 8.02153602940962
INectarLoad= 0.335989056620747
