ICQueenStrength= 4.60064630862325
RQWkrDrnRatio= 4.08141650259495
ICDroneMiteSurvivorship= 39.7085010772571
ICWorkerMiteSurvivorship= 51.3201309600845
ICForagerLifespan= 9.21213524136692
ImmType= Sine
RQQueenStrength= 5.59851469728164
RQEnableReQueen= true
AIAdultSlope= 8.65611038170755
AIAdultLD50= 52.3815783243836
AIAdultSlopeContact= 6.82427278463729
AIAdultLD50Contact= 83.4276566477132
AILarvaSlope= 4.62827729061246
AILarvaLD50= 78.7431145285743
AIKOW= 72552.95463568
AIKOC= 47007.7960334229
AIHalfLife= 2.35632037410978
EAppRate= 1.81367530285381
FoliarEnabled= true
FoliarAppDate= 06/07/1989
FoliarForageBegin= 06/05/1989
FoliarForageEnd= 06/28/1989
AIContactFactor= 1.44912435335107
CL4Pollen= 1.86278935242444
CL4Nectar= 54.2260794900358
CL5Pollen= 5.08772669825703
CL5Nectar= 104.184447135776
CLDPollen= 5.34707809472457
CLDNectar= 133.483007492032
CA13Pollen= 6.10462706983089
CA13Nectar= 98.3208661898971
CA410Pollen= 5.07430827324279
CA410Nectar= 61.4956077979878
CA1120Pollen= 2.1012507006526
CA1120Nectar= 87.721488121897
IPollenTrips= 11.3329452788457
INectarTrips= 7.39221944706514
IPollenLoad= 4.63356477208436
INectarLoad= 1.8116207420826
ESoilP= 1.23439948097803
ESoilFoc= 0.00852386970096268
