ICQueenStrength= 3.61424781871028
RQWkrDrnRatio= 3.64275682158768
ICDroneMiteSurvivorship= 65.41446109768
ICWorkerMiteSurvivorship= 89.147662743926
ICForagerLifespan= 15.3224564623088
ImmType= Logarithmic
RQQueenStrength= 5.96252458542585
RQEnableReQueen= true
AIAdultSlope= 1.04162598215044
AIAdultLD50= 84.3942523162025
AIAdultSlopeContact= 4.70603785733692
AIAdultLD50Contact= 64.3854020048475
AILarvaSlope= 5.26220466382802
AILarvaLD50= 21.9696479410902
AIKOW= 80201.3484303506
AIKOC= 3579.5675514855
AIHalfLife= 13.9248690280598
EAppRate= 4.98853720774455
FoliarEnabled= true
FoliarAppDate= 06/07/1989
FoliarForageBegin= 06/05/1989
FoliarForageEnd= 06/28/1989
AIContactFactor= 0.970153983952477
CL4Pollen= 2.88738048728555
CL4Nectar= 55.0319531932473
CL5Pollen= 5.59115762030706
CL5Nectar= 111.606568540446
CLDPollen= 1.95468909619376
CLDNectar= 1.99516501743346
CA13Pollen= 6.20309681333601
CA13Nectar= 98.4852218069136
CA410Pollen= 6.65526300268248
CA410Nectar= 30.3188682068139
CA1120Pollen= 0.933856161078438
CA1120Nectar= 98.0538268759847
IPollenTrips= 9.75900668650866
INectarTrips= 11.8046858999878
IPollenLoad= 8.40791888069361
INectarLoad= 0.418407844845206
