ICQueenStrength= 1.44861451140605
RQWkrDrnRatio= 1.3902217708528
ICDroneMiteSurvivorship= 2.46839192695916
ICWorkerMiteSurvivorship= 42.2757688909769
ICForagerLifespan= 4.92809022963047
ImmType= Tangent
RQQueenStrength= 5.29556069662794
RQEnableReQueen= true
AIAdultSlope= 1.41328234225512
AIAdultLD50= 37.4396829335084
AIAdultSlopeContact= 8.43852387135848
AIAdultLD50Contact= 12.5613567649121
AILarvaSlope= 4.74280275031924
AILarvaLD50= 98.1104254390628
AIKOW= 9641.38554612484
AIKOC= 3695.59900925728
AIHalfLife= 12.3615795311984
EAppRate= 2.09258313740999
FoliarEnabled= true
FoliarAppDate= 06/07/1989
FoliarForageBegin= 06/05/1989
FoliarForageEnd= 06/28/1989
AIContactFactor= 2.31775779809337
CL4Pollen= 0.640991481952369
CL4Nectar= 40.7359482022002
CL5Pollen= 5.02342928247526
CL5Nectar= 86.8737697019242
CLDPollen= 4.01624289806932
CLDNectar= 27.6674116845243
CA13Pollen= 4.21364235579967
CA13Nectar= 99.2868374846876
CA410Pollen= 8.92682018433698
CA410Nectar= 62.6721308287233
CA1120Pollen= 1.93606663984247
CA1120Nectar= 99.517233222723
IPollenTrips= 14.5302384346724
INectarTrips= 10.2067670924589
IPollenLoad= 1.9316896609962
INectarLoad= 0.228886741679162
