ICQueenStrength= 3.6984415971674
RQWkrDrnRatio= 3.58211891818792
ICDroneMiteSurvivorship= 18.5462001245469
ICWorkerMiteSurvivorship= 68.3030841173604
ICForagerLifespan= 15.5383431492373
ImmType= Polynomial
RQQueenStrength= 1.86209035827778
RQEnableReQueen= true
AIAdultSlope= 7.74453171901405
AIAdultLD50= 55.6193209147812
AIAdultSlopeContact= 7.83169397199526
AIAdultLD50Contact= 51.4445113863822
AILarvaSlope= 1.70572240278125
AILarvaLD50= 35.7599281281393
AIKOW= 511.184388335145
AIKOC= 11921.9031797915
AIHalfLife= 14.467464117799
EAppRate= 6.28859646271472
FoliarEnabled= true
FoliarAppDate= 06/07/1989
FoliarForageBegin= 06/05/1989
FoliarForageEnd= 06/28/1989
AIContactFactor= 1.77429562209174
CL4Pollen= 2.08304702024907
CL4Nectar= 56.2162776244804
CL5Pollen= 2.2259282246232
CL5Nectar= 37.2110235854052
CLDPollen= 2.82845913525671
CLDNectar= 28.3720770268701
CA13Pollen= 3.48477763058618
CA13Nectar= 48.1171017698944
CA410Pollen= 6.13728455018718
CA410Nectar= 81.543350177817
CA1120Pollen= 1.20362501987256
CA1120Nectar= 43.8596474565566
IPollenTrips= 7.09877064684406
INectarTrips= 5.34306916641071
IPollenLoad= 2.26595173589885
INectarLoad= 8.07601103791967
ESoilP= 1.97551008313894
ESoilFoc= 0.0059569357028231
