ICQueenStrength= 2.03595941606909
RQWkrDrnRatio= 4.218536388129
ICDroneMiteSurvivorship= 97.2872947808355
ICWorkerMiteSurvivorship= 1.12764532677829
ICForagerLifespan= 10.8396393219009
ImmType= Sine
RQQueenStrength= 3.97224450670183
RQEnableReQueen=true
AIAdultSlope= 1.79256062582135
AIAdultLD50= 0.628228604637319
AIAdultSlopeContact= 1.49289488024078
AIAdultLD50Contact= 32.6639305546605
AILarvaSlope= 4.62119243107736
AILarvaLD50= 51.6336024836006
AIKOW= 5222.2593004661
AIKOC= 13298.5666011106
AIHalfLife= 0.262871479452588
EAppRate= 0.61150395349157
FoliarEnabled=true
FoliarAppDate= 07/01/1989
FoliarForageBegin= 07/01/1989
FoliarForageEnd= 07/14/1989
AIContactFactor= 1.1451790766418
CL4Pollen= 3.20367040112615
CL4Nectar= 18.2908253977075
CL5Pollen= 2.96531058568507
CL5Nectar= 52.6367238373496
CLDPollen= 3.72991895768791
CLDNectar= 86.03150221752
CA13Pollen= 6.71101384870708
CA13Nectar= 50.5937339365482
CA410Pollen= 9.12138865084853
CA410Nectar= 90.7701296592131
CA1120Pollen= 1.0448746306356
CA1120Nectar= 55.0602679885924
IPollenTrips= 6.85951024992391
INectarTrips= 8.33301750244573
IPollenLoad= 0.40833881823346
INectarLoad= 2.02440153574571
