ICQueenStrength= 4.14236387959681
RQWkrDrnRatio= 3.29347697738558
ICDroneMiteSurvivorship= 83.5952334338799
ICWorkerMiteSurvivorship= 65.5268761562183
ICForagerLifespan= 15.8699281262234
ImmType= Cosine
RQQueenStrength= 4.56258727377281
RQEnableReQueen= true
AIAdultSlope= 7.26174700073898
AIAdultLD50= 37.7745705862923
AIAdultSlopeContact= 9.47603878588416
AIAdultLD50Contact= 14.4117544460846
AILarvaSlope= 2.12702219374478
AILarvaLD50= 70.6703582571628
AIKOW= 23994.7506794728
AIKOC= 45202.0794563699
AIHalfLife= 5.75423786668107
EAppRate= 6.13203782896674
FoliarEnabled= true
FoliarAppDate= 06/07/1989
FoliarForageBegin= 06/05/1989
FoliarForageEnd= 06/28/1989
AIContactFactor= 1.93842432530131
CL4Pollen= 1.86301703192294
CL4Nectar= 21.8644872307777
CL5Pollen= 0.274286400061101
CL5Nectar= 35.0706493947655
CLDPollen= 1.64361330354586
CLDNectar= 56.3882226822898
CA13Pollen= 6.48005649009719
CA13Nectar= 41.7086467705667
CA410Pollen= 4.11598969446495
CA410Nectar= 57.1067404095083
CA1120Pollen= 2.41984231048264
CA1120Nectar= 69.8291131108999
IPollenTrips= 7.55650867242366
INectarTrips= 13.1189009733498
IPollenLoad= 1.58511026529595
INectarLoad= 6.89513754099607
