ICQueenStrength= 2.38974145753309
RQWkrDrnRatio= 2.25454892031848
ICDroneMiteSurvivorship= 83.6884934222326
ICWorkerMiteSurvivorship= 27.3228484904394
ICForagerLifespan= 4.93740341253579
ImmType= Exponential
RQQueenStrength= 4.30451566493139
RQEnableReQueen= true
AIAdultSlope= 6.89116790145636
AIAdultLD50= 0.163672785188537
AIAdultSlopeContact= 4.83929614513181
AIAdultLD50Contact= 7.63415471243649
AILarvaSlope= 2.00717661716044
AILarvaLD50= 19.9036160129819
AIKOW= 10896.7981230322
AIKOC= 43984.7297178577
AIHalfLife= 24.531468864833
EAppRate= 1.5601627144583
FoliarEnabled= true
FoliarAppDate= 09/01/1989
FoliarForageBegin= 09/01/1989
FoliarForageEnd= 09/08/1989
AIContactFactor= 1.42254739731085
CL4Pollen= 2.56442125234753
CL4Nectar= 75.1758402446285
CL5Pollen= 5.69147902680561
CL5Nectar= 113.144427991938
CLDPollen= 5.53926843032241
CLDNectar= 112.137712107506
CA13Pollen= 7.60018108068034
CA13Nectar= 45.1358461752534
CA410Pollen= 3.95916979499161
CA410Nectar= 42.075054734014
CA1120Pollen= 0.494284481741488
CA1120Nectar= 74.578928090632
IPollenTrips= 11.3982104952447
INectarTrips= 6.82649757247418
IPollenLoad= 6.36976324720308
INectarLoad= 6.18049990851432
