ICQueenStrength= 5.72146519576199
RQWkrDrnRatio= 1.82337733078748
ICDroneMiteSurvivorship= 33.8105053873733
ICWorkerMiteSurvivorship= 99.0231879521161
ICForagerLifespan= 12.624935333617
ImmType= Sine
RQQueenStrength= 3.73621742147952
RQEnableReQueen= true
AIAdultSlope= 3.08326372690499
AIAdultLD50= 42.7422178973462
AIAdultSlopeContact= 2.7364840914961
AIAdultLD50Contact= 4.62762516766577
AILarvaSlope= 7.61727671138942
AILarvaLD50= 76.614013880142
AIKOW= 13448.3112892301
AIKOC= 97084.4379914196
AIHalfLife= 30.2062538221478
EAppRate= 5.41476771217445
FoliarEnabled= true
FoliarAppDate= 06/07/1989
FoliarForageBegin= 06/05/1989
FoliarForageEnd= 06/28/1989
AIContactFactor= 1.66791339163203
CL4Pollen= 1.82153049483895
CL4Nectar= 39.8577274521813
CL5Pollen= 4.84228567779064
CL5Nectar= 32.5953889056109
CLDPollen= 2.40508681023493
CLDNectar= 94.1321421414614
CA13Pollen= 5.57224159948528
CA13Nectar= 83.132695555687
CA410Pollen= 7.69487241697498
CA410Nectar= 168.096839962527
CA1120Pollen= 0.675718312617391
CA1120Nectar= 61.3784686662257
IPollenTrips= 7.09924856899306
INectarTrips= 7.51599633367732
IPollenLoad= 5.61763228848577
INectarLoad= 0.960723769385368
