ICQueenStrength= 5.81394468341023
RQWkrDrnRatio= 1.19862559437752
ICDroneMiteSurvivorship= 8.04695601109415
ICWorkerMiteSurvivorship= 31.6359451739118
ICForagerLifespan= 5.48603222891688
ImmType= Tangent
RQQueenStrength= 3.29142441530712
RQEnableReQueen= true
AIAdultSlope= 2.14069800637662
AIAdultLD50= 81.0060781871174
AIAdultSlopeContact= 8.88789252587594
AIAdultLD50Contact= 14.2719682836314
AILarvaSlope= 5.92620907537639
AILarvaLD50= 91.1898468148387
AIKOW= 97239.2861930927
AIKOC= 48253.2829574307
AIHalfLife= 6.00029627068434
EAppRate= 7.66980522105657
FoliarEnabled= true
FoliarAppDate= 06/07/1989
FoliarForageBegin= 06/05/1989
FoliarForageEnd= 06/28/1989
AIContactFactor= 1.85904031022452
CL4Pollen= 2.98859670385718
CL4Nectar= 77.9288866790012
CL5Pollen= 2.00036392221227
CL5Nectar= 33.7197298533283
CLDPollen= 3.68510488886386
CLDNectar= 106.01984312525
CA13Pollen= 6.29852811694145
CA13Nectar= 28.5590609535575
CA410Pollen= 6.56536161308177
CA410Nectar= 81.1734871333465
CA1120Pollen= 2.67585769062862
CA1120Nectar= 86.0319920256734
IPollenTrips= 8.0761230760254
INectarTrips= 9.67883679782972
IPollenLoad= 6.51981335366145
INectarLoad= 4.2934598471038
ESoilP= 1.28293574857526
ESoilFoc= 0.0138338069594465
