ICQueenStrength= 4.73540919157676
RQWkrDrnRatio= 1.5045630922541
ICDroneMiteSurvivorship= 35.605864203535
ICWorkerMiteSurvivorship= 28.2856812234968
ICForagerLifespan= 5.78880530502647
ImmType= Tangent
RQQueenStrength= 2.29205069388263
RQEnableReQueen= true
AIAdultSlope= 7.22258178330958
AIAdultLD50= 15.2734332286576
AIAdultSlopeContact= 5.6340020224452
AIAdultLD50Contact= 11.0224138471396
AILarvaSlope= 7.86794544942677
AILarvaLD50= 50.9604787576157
AIKOW= 54302.942107138
AIKOC= 11181.7127919141
AIHalfLife= 32.919962078915
EAppRate= 7.48029573656898
FoliarEnabled= true
FoliarAppDate= 06/07/1989
FoliarForageBegin= 06/05/1989
FoliarForageEnd= 06/28/1989
AIContactFactor= 2.03789226724766
CL4Pollen= 2.51213861256838
CL4Nectar= 6.05958083178848
CL5Pollen= 1.06747657153755
CL5Nectar= 30.2005186211318
CLDPollen= 1.54119844967499
CLDNectar= 57.2963030543178
CA13Pollen= 2.29890576032922
CA13Nectar= 86.6840872354805
CA410Pollen= 3.70476112246979
CA410Nectar= 67.9094039369375
CA1120Pollen= 2.54526877007447
CA1120Nectar= 23.4498831257224
IPollenTrips= 13.528920346871
INectarTrips= 5.91761902906001
IPollenLoad= 0.714864020701498
INectarLoad= 5.95044361427426
