ICQueenStrength= 4.77821099711582
RQWkrDrnRatio= 3.0205135224387
ICDroneMiteSurvivorship= 39.3814497860149
ICWorkerMiteSurvivorship= 8.09856033883989
ICForagerLifespan= 12.2075136890635
ImmType= Cosine
RQQueenStrength= 3.52614117925987
RQEnableReQueen= true
AIAdultSlope= 2.33643180131912
AIAdultLD50= 53.4207748906899
AIAdultSlopeContact= 7.42216308251955
AIAdultLD50Contact= 22.9543374662986
AILarvaSlope= 4.58602331392467
AILarvaLD50= 67.1325684198071
AIKOW= 95174.348557508
AIKOC= 37513.6699514179
AIHalfLife= 31.9551350258524
EAppRate= 6.11432565174298
FoliarEnabled= true
FoliarAppDate= 06/07/1989
FoliarForageBegin= 06/05/1989
FoliarForageEnd= 06/28/1989
AIContactFactor= 2.17511326505803
CL4Pollen= 1.53889826498926
CL4Nectar= 31.9661925546825
CL5Pollen= 0.0389442932792008
CL5Nectar= 12.6156983315013
CLDPollen= 0.112606009002775
CLDNectar= 137.452630628832
CA13Pollen= 2.66906661102548
CA13Nectar= 50.8127470687032
CA410Pollen= 5.40920672127977
CA410Nectar= 114.548745695502
CA1120Pollen= 0.412868196610361
CA1120Nectar= 98.6601491086185
IPollenTrips= 9.23098379280418
INectarTrips= 5.03453878453001
IPollenLoad= 6.28810086054727
INectarLoad= 0.393143496476114
ESoilP= 1.61217584903352
ESoilFoc= 0.00824802119005471
