ICQueenStrength= 1.27307890914381
RQWkrDrnRatio= 4.22216681018472
ICDroneMiteSurvivorship= 73.1328369351104
ICWorkerMiteSurvivorship= 66.0339576657861
ICForagerLifespan= 6.20952409133315
ImmType= Sine
RQQueenStrength= 3.93588504754007
RQEnableReQueen=true
AIAdultSlope= 5.82796494849026
AIAdultLD50= 0.315474234459689
AIAdultSlopeContact= 4.19161350140348
AIAdultLD50Contact= 61.9036013596284
AILarvaSlope= 8.12036174349487
AILarvaLD50= 93.2108545197393
AIKOW= 92092.9794889036
AIKOC= 7299.22719944501
AIHalfLife= 32.1700976587366
EAppRate= 6.98741472906526
FoliarEnabled=true
FoliarAppDate= 07/01/1989
FoliarForageBegin= 07/01/1989
FoliarForageEnd= 07/14/1989
AIContactFactor= 0.591989775206894
CL4Pollen= 3.15828108973801
CL4Nectar= 84.1969174100086
CL5Pollen= 3.50251165078953
CL5Nectar= 48.4590299427509
CLDPollen= 3.22324269264936
CLDNectar= 82.7466242713854
CA13Pollen= 5.14929848378524
CA13Nectar= 53.9175377227366
CA410Pollen= 4.12561301866081
CA410Nectar= 156.487150746398
CA1120Pollen= 1.2503446941264
CA1120Nectar= 74.4190687313676
IPollenTrips= 5.91765543911606
INectarTrips= 6.52160724857822
IPollenLoad= 7.65590030467138
INectarLoad= 8.2938271923922
