ICQueenStrength= 2.66727894358337
RQWkrDrnRatio= 2.71079711616039
ICDroneMiteSurvivorship= 64.542467170395
ICWorkerMiteSurvivorship= 35.9363078372553
ICForagerLifespan= 12.2561262659729
ImmType= Logarithmic
RQQueenStrength= 1.49926964007318
RQEnableReQueen=true
AIAdultSlope= 5.90351912193
AIAdultLD50= 0.760372397940839
AIAdultSlopeContact= 8.87648756359704
AIAdultLD50Contact= 5.36766540456261
AILarvaSlope= 3.58330874145031
AILarvaLD50= 74.9633666188384
AIKOW= 51298.3472126542
AIKOC= 85418.1252869342
AIHalfLife= 14.648067881912
EAppRate= 2.5702665269759
FoliarEnabled=true
FoliarAppDate= 07/01/1989
FoliarForageBegin= 07/01/1989
FoliarForageEnd= 07/14/1989
AIContactFactor= 2.35612679997459
CL4Pollen= 3.39301709271967
CL4Nectar= 71.8787173507735
CL5Pollen= 3.3695371421054
CL5Nectar= 71.8127808300778
CLDPollen= 5.57287111273035
CLDNectar= 14.1012273612432
CA13Pollen= 3.99881899431348
CA13Nectar= 55.4020456410944
CA410Pollen= 7.60065701915883
CA410Nectar= 89.2991527589038
CA1120Pollen= 1.53240320133045
CA1120Nectar= 68.3080874942243
IPollenTrips= 14.0495597454719
INectarTrips= 12.167125181295
IPollenLoad= 4.02062890585512
INectarLoad= 7.42455122759566
