ICQueenStrength= 5.78463234961964
RQWkrDrnRatio= 1.11775938794017
ICDroneMiteSurvivorship= 0.589508074335754
ICWorkerMiteSurvivorship= 93.1468076538295
ICForagerLifespan= 12.9981666570529
ImmType= Tangent
RQQueenStrength= 4.16690630861558
RQEnableReQueen= true
AIAdultSlope= 5.97544907033443
AIAdultLD50= 21.3052333445034
AIAdultSlopeContact= 4.08547686459497
AIAdultLD50Contact= 63.014871374486
AILarvaSlope= 1.91512329317629
AILarvaLD50= 71.5431183637078
AIKOW= 5180.73728880084
AIKOC= 43373.0693376795
AIHalfLife= 5.57069342811592
EAppRate= 7.33370785328676
FoliarEnabled= true
FoliarAppDate= 06/07/1989
FoliarForageBegin= 06/05/1989
FoliarForageEnd= 06/28/1989
AIContactFactor= 1.0128240777785
CL4Pollen= 0.159982877783477
CL4Nectar= 4.79694278910756
CL5Pollen= 0.0553299193270504
CL5Nectar= 28.7594478693791
CLDPollen= 0.299484008923173
CLDNectar= 119.770996423904
CA13Pollen= 5.94472686788067
CA13Nectar= 53.1026158481836
CA410Pollen= 3.49134656731039
CA410Nectar= 68.258576001972
CA1120Pollen= 0.730399790452793
CA1120Nectar= 45.9850315377116
IPollenTrips= 11.7218211432919
INectarTrips= 9.18793235672638
IPollenLoad= 5.82141729537398
INectarLoad= 7.88655047072098
