ICQueenStrength= 3.81320424983278
RQWkrDrnRatio= 1.60278240870684
ICDroneMiteSurvivorship= 38.7998425634578
ICWorkerMiteSurvivorship= 20.3056737082079
ICForagerLifespan= 4.78086533024907
ImmType= Tangent
RQQueenStrength= 2.32147663505748
RQEnableReQueen= true
AIAdultSlope= 1.26260880194604
AIAdultLD50= 52.9504104947415
AIAdultSlopeContact= 2.56153071578592
AIAdultLD50Contact= 4.2085703117121
AILarvaSlope= 4.4610166605562
AILarvaLD50= 14.7272560217164
AIKOW= 28164.4414535585
AIKOC= 45105.4033889782
AIHalfLife= 26.0143201154424
EAppRate= 4.09444946290669
FoliarEnabled= true
FoliarAppDate= 06/07/1989
FoliarForageBegin= 06/05/1989
FoliarForageEnd= 06/28/1989
AIContactFactor= 0.8844154956704
CL4Pollen= 2.98984770104289
CL4Nectar= 13.9646302442998
CL5Pollen= 0.360191605053842
CL5Nectar= 60.4334077332169
CLDPollen= 0.181661296170205
CLDNectar= 146.401796943974
CA13Pollen= 2.26486187130213
CA13Nectar= 36.2278876826167
CA410Pollen= 6.75823018813971
CA410Nectar= 85.3935986058787
CA1120Pollen= 0.922289156354964
CA1120Nectar= 50.3499700501561
IPollenTrips= 9.46096737869084
INectarTrips= 13.7240367406048
IPollenLoad= 9.20222028391436
INectarLoad= 9.61208928376436
ESoilP= 1.91532172076404
ESoilFoc= 0.0014160947012715
