ICQueenStrength= 5.44114688783884
RQWkrDrnRatio= 1.11974744964391
ICDroneMiteSurvivorship= 99.7627433622256
ICWorkerMiteSurvivorship= 67.655689176172
ICForagerLifespan= 4.19720456190407
ImmType= Polynomial
RQQueenStrength= 3.55736508173868
RQEnableReQueen= true
AIAdultSlope= 2.30983869545162
AIAdultLD50= 17.3625671505481
AIAdultSlopeContact= 5.87556871282868
AIAdultLD50Contact= 88.5019793969493
AILarvaSlope= 3.80176965519786
AILarvaLD50= 39.9295043279286
AIKOW= 73500.5240844189
AIKOC= 2734.94795988104
AIHalfLife= 18.9959793026792
EAppRate= 4.85900971557479
FoliarEnabled= true
FoliarAppDate= 06/07/1989
FoliarForageBegin= 06/05/1989
FoliarForageEnd= 06/28/1989
AIContactFactor= 0.723205494666472
CL4Pollen= 2.83249137271196
CL4Nectar= 93.8784354133531
CL5Pollen= 2.10087205655873
CL5Nectar= 90.2347396826372
CLDPollen= 5.3346041534096
CLDNectar= 51.1077164439484
CA13Pollen= 4.08383477600291
CA13Nectar= 94.2033419385552
CA410Pollen= 3.8689107587561
CA410Nectar= 178.710876721889
CA1120Pollen= 1.98548479937017
CA1120Nectar= 77.1117807924747
IPollenTrips= 12.4332493403926
INectarTrips= 8.02406639326364
IPollenLoad= 3.44235036987811
INectarLoad= 8.95565107697621
ESoilP= 1.07983739883639
ESoilFoc= 0.00784674780932255
