ICQueenStrength= 2.24126085429452
RQWkrDrnRatio= 2.81539212539792
ICDroneMiteSurvivorship= 8.03740317933261
ICWorkerMiteSurvivorship= 34.4424101756886
ICForagerLifespan= 9.23153266683221
ImmType= Tangent
AIAdultSlope= 1.31821878389223
AIAdultLD50= 0.18818908338435
AIAdultSlopeContact= 2.89814230398042
AIAdultLD50Contact= 0.00261601811507717
AILarvaSlope= 3.10337373968214
AILarvaLD50= 0.513002285803668
AIKOW= 5.01890093367547
AIKOC= 13.3471629419364
AIHalfLife= 1.34709146998357
EAppRate= 8.79339552251622
FoliarEnabled= true
