ICQueenStrength= 1.0345287786331
RQWkrDrnRatio= 1.84039740823209
ICDroneMiteSurvivorship= 94.9584500631317
ICWorkerMiteSurvivorship= 9.85286517534405
ICForagerLifespan= 13.6138018826023
ImmType= Sine
RQQueenStrength= 3.87207197747193
RQEnableReQueen= true
AIAdultSlope= 4.9704423751682
AIAdultLD50= 30.5516091677132
AIAdultSlopeContact= 3.34996761684306
AIAdultLD50Contact= 98.577829213436
AILarvaSlope= 1.35903652198613
AILarvaLD50= 29.3329798280627
AIKOW= 63379.6728514862
AIKOC= 66616.9058548552
AIHalfLife= 28.0548002876574
EAppRate= 8.81705339823593
FoliarEnabled= true
FoliarAppDate= 06/07/1989
FoliarForageBegin= 06/05/1989
FoliarForageEnd= 06/28/1989
AIContactFactor= 1.30080530876294
CL4Pollen= 3.073895172216
CL4Nectar= 44.7083604522049
CL5Pollen= 2.05535503104329
CL5Nectar= 69.238452531863
CLDPollen= 4.14122837176546
CLDNectar= 50.3266578074545
CA13Pollen= 5.82512832181528
CA13Nectar= 78.3189880102873
CA410Pollen= 4.10015120662283
CA410Nectar= 160.425554458052
CA1120Pollen= 0.50065177702345
CA1120Nectar= 73.6074765026569
IPollenTrips= 9.72386510577053
INectarTrips= 14.4409242854454
IPollenLoad= 0.795512273907661
INectarLoad= 9.8813710687682
