ICQueenStrength= 4.14988768077455
RQWkrDrnRatio= 2.59391716122627
ICDroneMiteSurvivorship= 13.8536855112761
ICWorkerMiteSurvivorship= 46.4549580356106
ICForagerLifespan= 15.1519502401352
ImmType= Tangent
RQQueenStrength= 4.54865980683826
RQEnableReQueen= true
AIAdultSlope= 5.70930019766092
AIAdultLD50= 0.57386442725989
AIAdultSlopeContact= 8.38310561934486
AIAdultLD50Contact= 79.2113890808469
AILarvaSlope= 4.63786411099136
AILarvaLD50= 90.9362242999708
AIKOW= 71858.3613137582
AIKOC= 94115.8474015438
AIHalfLife= 20.8320209257305
EAppRate= 3.07797438108688
FoliarEnabled= true
FoliarAppDate= 09/01/1989
FoliarForageBegin= 09/01/1989
FoliarForageEnd= 09/08/1989
AIContactFactor= 0.722949566156603
CL4Pollen= 0.610005574300885
CL4Nectar= 8.46653317566961
CL5Pollen= 0.17122205067426
CL5Nectar= 55.7792085455731
CLDPollen= 4.17995697632432
CLDNectar= 136.110786313657
CA13Pollen= 6.19022877728566
CA13Nectar= 24.7439244017005
CA410Pollen= 9.19108261805959
CA410Nectar= 164.268103395589
CA1120Pollen= 1.94072012719698
CA1120Nectar= 99.6026166155934
IPollenTrips= 14.0789959020913
INectarTrips= 9.59352241596207
IPollenLoad= 4.00525403441861
INectarLoad= 6.12336425110698
