ICQueenStrength= 2.90434991382062
RQWkrDrnRatio= 3.3259409898892
ICDroneMiteSurvivorship= 12.7717593451962
ICWorkerMiteSurvivorship= 77.796404180117
ICForagerLifespan= 8.93395007308573
ImmType= Cosine
RQQueenStrength= 5.16331241140142
RQEnableReQueen= true
AIAdultSlope= 1.04264073260128
AIAdultLD50= 56.4585453853796
AIAdultSlopeContact= 4.49593237647787
AIAdultLD50Contact= 72.1583324955944
AILarvaSlope= 7.22530983760953
AILarvaLD50= 65.4735855090059
AIKOW= 23500.1914800193
AIKOC= 33139.2823659519
AIHalfLife= 30.2376598602859
EAppRate= 4.4283197954651
FoliarEnabled= true
FoliarAppDate= 06/07/1989
FoliarForageBegin= 06/05/1989
FoliarForageEnd= 06/28/1989
AIContactFactor= 1.97764392361976
CL4Pollen= 1.23269529081881
CL4Nectar= 77.744835219346
CL5Pollen= 0.524581324774772
CL5Nectar= 116.609601932578
CLDPollen= 0.525542944204062
CLDNectar= 75.7968486403115
CA13Pollen= 3.88654862605035
CA13Nectar= 47.2003953903913
CA410Pollen= 5.5784534382401
CA410Nectar= 91.1649349005893
CA1120Pollen= 0.782608888344839
CA1120Nectar= 30.7090959511697
IPollenTrips= 11.4538494404405
INectarTrips= 12.9447963531129
IPollenLoad= 9.14964627474546
INectarLoad= 0.254861698485911
