ICQueenStrength= 5.2222290916834
RQWkrDrnRatio= 4.51356897223741
ICDroneMiteSurvivorship= 32.7674995642155
ICWorkerMiteSurvivorship= 29.0836896281689
ICForagerLifespan= 13.0463522765785
ImmType= Tangent
RQQueenStrength= 4.91428797971457
RQEnableReQueen= true
AIAdultSlope= 3.03426123596728
AIAdultLD50= 9.70205480838148
AIAdultSlopeContact= 7.16034763143398
AIAdultLD50Contact= 10.884703581946
AILarvaSlope= 6.79372207820415
AILarvaLD50= 39.8461731879564
AIKOW= 82254.4733811278
AIKOC= 75158.5648726169
AIHalfLife= 18.5169853277504
EAppRate= 2.12914086327492
FoliarEnabled= true
FoliarAppDate= 06/07/1989
FoliarForageBegin= 06/05/1989
FoliarForageEnd= 06/28/1989
AIContactFactor= 0.423351746252738
CL4Pollen= 1.82869084645063
CL4Nectar= 99.1457625292242
CL5Pollen= 1.01688087265939
CL5Nectar= 4.89516940433532
CLDPollen= 0.214657746255398
CLDNectar= 35.9983053873293
CA13Pollen= 4.40908293500543
CA13Nectar= 23.9014816842973
CA410Pollen= 2.84034652912524
CA410Nectar= 99.3957890523598
CA1120Pollen= 1.95965760340914
CA1120Nectar= 27.5606328994036
IPollenTrips= 8.24521060567349
INectarTrips= 14.382991748862
IPollenLoad= 6.30127672106028
INectarLoad= 2.66800741665065
