ICQueenStrength= 5.98321709223092
RQWkrDrnRatio= 3.00350357592106
ICDroneMiteSurvivorship= 44.4590734550729
ICWorkerMiteSurvivorship= 56.3938490347937
ICForagerLifespan= 6.50004633981735
ImmType= Cosine
RQQueenStrength= 5.75945718004368
RQEnableReQueen= true
AIAdultSlope= 1.6918010096997
AIAdultLD50= 28.6204137747507
AIAdultSlopeContact= 2.43724946514703
AIAdultLD50Contact= 8.50859881962067
AILarvaSlope= 8.57197892852128
AILarvaLD50= 65.3702905284171
AIKOW= 31394.761233993
AIKOC= 4361.9997710709
AIHalfLife= 1.96657822609413
EAppRate= 2.79788804773451
FoliarEnabled= true
FoliarAppDate= 06/07/1989
FoliarForageBegin= 06/05/1989
FoliarForageEnd= 06/28/1989
AIContactFactor= 0.642601973242126
CL4Pollen= 2.07807107362896
CL4Nectar= 59.8105766577646
CL5Pollen= 5.8643936086446
CL5Nectar= 89.5827255793847
CLDPollen= 2.58632222050801
CLDNectar= 59.9132054136135
CA13Pollen= 7.51499786768109
CA13Nectar= 90.6824492104352
CA410Pollen= 4.04211252855603
CA410Nectar= 64.1016029333696
CA1120Pollen= 0.502156937029213
CA1120Nectar= 89.7474025003612
IPollenTrips= 12.24487088155
INectarTrips= 10.080774363596
IPollenLoad= 9.32593565899879
INectarLoad= 8.33444700110704
