ICQueenStrength= 2.9996983197052
RQWkrDrnRatio= 3.12727537937462
ICDroneMiteSurvivorship= 48.3681500889361
ICWorkerMiteSurvivorship= 0.941927474923432
ICForagerLifespan= 10.6998917255551
ImmType= Logarithmic
RQQueenStrength= 4.46147462609224
RQEnableReQueen= true
AIAdultSlope= 1.96796560660005
AIAdultLD50= 89.4706282852204
AIAdultSlopeContact= 3.23427542392164
AIAdultLD50Contact= 81.4699502586236
AILarvaSlope= 2.05879132449627
AILarvaLD50= 36.3816206147692
AIKOW= 4503.73189880954
AIKOC= 52079.2012576051
AIHalfLife= 16.5686568898149
EAppRate= 3.99054969367175
FoliarEnabled= true
FoliarAppDate= 06/07/1989
FoliarForageBegin= 06/05/1989
FoliarForageEnd= 06/28/1989
AIContactFactor= 2.12341706431471
CL4Pollen= 1.48103565070778
CL4Nectar= 23.916019895114
CL5Pollen= 2.98963953182101
CL5Nectar= 71.246088668704
CLDPollen= 0.634371200110763
CLDNectar= 100.011614605319
CA13Pollen= 4.12242714110762
CA13Nectar= 35.0839931517839
CA410Pollen= 6.00686199674383
CA410Nectar= 119.647041694261
CA1120Pollen= 2.2961627736222
CA1120Nectar= 35.0968943163753
IPollenTrips= 6.83793328469619
INectarTrips= 6.13478393759578
IPollenLoad= 1.75015295157209
INectarLoad= 5.46603763708845
