ICQueenStrength= 5.22302849357948
RQWkrDrnRatio= 4.7304677721113
ICDroneMiteSurvivorship= 6.04938482865691
ICWorkerMiteSurvivorship= 12.7755495719612
ICForagerLifespan= 14.2254498982802
ImmType= Exponential
RQQueenStrength= 4.7356168020051
RQEnableReQueen= true
AIAdultSlope= 2.10773748345673
AIAdultLD50= 11.1108752659091
AIAdultSlopeContact= 1.81961105763912
AIAdultLD50Contact= 14.9261539639914
AILarvaSlope= 4.60568377375603
AILarvaLD50= 2.50285903741466
AIKOW= 32011.0879375176
AIKOC= 33124.2973725963
AIHalfLife= 30.446129442961
EAppRate= 2.98208179985243
FoliarEnabled= true
FoliarAppDate= 06/07/1989
FoliarForageBegin= 06/05/1989
FoliarForageEnd= 06/28/1989
AIContactFactor= 0.873646016381681
CL4Pollen= 2.07336130738258
CL4Nectar= 59.4782935921103
CL5Pollen= 0.248252580408007
CL5Nectar= 92.5846197525971
CLDPollen= 0.157654924783856
CLDNectar= 99.9679719563574
CA13Pollen= 6.93823969718069
CA13Nectar= 68.0817897617817
CA410Pollen= 8.7632925161859
CA410Nectar= 151.461407160386
CA1120Pollen= 2.19527175184339
CA1120Nectar= 88.4208372980356
IPollenTrips= 12.2315318626352
INectarTrips= 11.1775354947895
IPollenLoad= 1.30041757132858
INectarLoad= 0.346517257858068
