ICQueenStrength= 4.92539735883474
RQWkrDrnRatio= 4.11511973105371
ICDroneMiteSurvivorship= 1.71190749388188
ICWorkerMiteSurvivorship= 19.3021483486518
ICForagerLifespan= 9.59833519347012
ImmType= Tangent
RQQueenStrength= 2.5072475199122
RQEnableReQueen= true
AIAdultSlope= 1.1246200632304
AIAdultLD50= 87.9635967465008
AIAdultSlopeContact= 1.09494522446766
AIAdultLD50Contact= 48.6868216437912
AILarvaSlope= 7.74036077223718
AILarvaLD50= 62.9986906680341
AIKOW= 24517.9720966349
AIKOC= 56174.0332352377
AIHalfLife= 0.502312923083082
EAppRate= 7.26837988459505
FoliarEnabled= true
FoliarAppDate= 06/07/1989
FoliarForageBegin= 06/05/1989
FoliarForageEnd= 06/28/1989
AIContactFactor= 0.691732303914614
CL4Pollen= 0.552373032085598
CL4Nectar= 49.559409590438
CL5Pollen= 1.42028154339641
CL5Nectar= 148.140550323296
CLDPollen= 4.1247745170258
CLDNectar= 53.4513109945692
CA13Pollen= 4.67988684847951
CA13Nectar= 86.4688639342785
CA410Pollen= 4.39023739236873
CA410Nectar= 58.4454787475988
CA1120Pollen= 0.173325814772397
CA1120Nectar= 52.01226092875
IPollenTrips= 11.8407143931836
INectarTrips= 8.80216423189268
IPollenLoad= 3.99194505764171
INectarLoad= 7.76462206616998
