ICQueenStrength= 5.7111001983285
RQWkrDrnRatio= 2.60550122987479
ICDroneMiteSurvivorship= 17.205555154942
ICWorkerMiteSurvivorship= 48.5817999346182
ICForagerLifespan= 14.5670523531735
ImmType= Sine
RQQueenStrength= 1.09041753481142
RQEnableReQueen= true
AIAdultSlope= 7.15407720208168
AIAdultLD50= 92.270553410175
AIAdultSlopeContact= 3.59946991386823
AIAdultLD50Contact= 48.0541631763368
AILarvaSlope= 2.89972503483295
AILarvaLD50= 90.5914291970152
AIKOW= 9107.27363967631
AIKOC= 29474.2775119392
AIHalfLife= 6.17628853551578
EAppRate= 8.98659232510533
FoliarEnabled= true
FoliarAppDate= 06/07/1989
FoliarForageBegin= 06/05/1989
FoliarForageEnd= 06/28/1989
AIContactFactor= 1.72024838250596
CL4Pollen= 1.88970612175763
CL4Nectar= 83.7902646977454
CL5Pollen= 5.48684019176289
CL5Nectar= 80.5769518716261
CLDPollen= 1.89666145993397
CLDNectar= 97.979847388342
CA13Pollen= 6.22424753457308
CA13Nectar= 77.7067561820149
CA410Pollen= 6.60760137317702
CA410Nectar= 181.446639434434
CA1120Pollen= 2.45618142304011
CA1120Nectar= 83.384464699775
IPollenTrips= 10.0676837330684
INectarTrips= 11.1742453556508
IPollenLoad= 4.32625120971352
INectarLoad= 0.377617620397359
ESoilP= 1.90638438379392
ESoilFoc= 0.00746029236051254
