ICQueenStrength= 4.02813723334111
RQWkrDrnRatio= 3.92082845699042
ICDroneMiteSurvivorship= 79.1220469865948
ICWorkerMiteSurvivorship= 43.6863667797297
ICForagerLifespan= 14.7096657892689
ImmType= Exponential
RQQueenStrength= 2.87980970717035
RQEnableReQueen= true
AIAdultSlope= 6.67069447413087
AIAdultLD50= 29.555075945497
AIAdultSlopeContact= 5.1978455230128
AIAdultLD50Contact= 99.6383487090841
AILarvaSlope= 6.04811098054051
AILarvaLD50= 50.9883269100406
AIKOW= 35776.9465268576
AIKOC= 778.712673219154
AIHalfLife= 14.3992053167196
EAppRate= 7.82184122261405
FoliarEnabled= true
FoliarAppDate= 06/07/1989
FoliarForageBegin= 06/05/1989
FoliarForageEnd= 06/28/1989
AIContactFactor= 0.313715549516492
CL4Pollen= 3.44662011042237
CL4Nectar= 47.3240108462051
CL5Pollen= 5.19233655882999
CL5Nectar= 126.35290666949
CLDPollen= 4.88034037174657
CLDNectar= 120.136024220847
CA13Pollen= 6.22816108148545
CA13Nectar= 63.0202112905681
CA410Pollen= 5.71639491126407
CA410Nectar= 118.330189594999
CA1120Pollen= 1.22441483451985
CA1120Nectar= 68.1623156554997
IPollenTrips= 10.7836308982223
INectarTrips= 14.8930675769225
IPollenLoad= 1.82627273723483
INectarLoad= 3.78493182128295
ESoilP= 1.75082121812738
ESoilFoc= 0.00717094852682203
