ICQueenStrength= 1.41021019499749
RQWkrDrnRatio= 3.03737156558782
ICDroneMiteSurvivorship= 49.2624614620581
ICWorkerMiteSurvivorship= 81.347977486439
ICForagerLifespan= 6.50973334442824
ImmType= Sine
RQQueenStrength= 3.70007367897779
RQEnableReQueen=true
AIAdultSlope= 7.96029344387352
AIAdultLD50= 0.558920919090509
AIAdultSlopeContact= 3.53107995004393
AIAdultLD50Contact= 95.3084168964939
AILarvaSlope= 6.78321953676641
AILarvaLD50= 36.8419836608863
AIKOW= 76111.1006048054
AIKOC= 70930.8808021359
AIHalfLife= 23.7159848431125
EAppRate= 5.33353304554219
FoliarEnabled=true
FoliarAppDate= 07/01/1989
FoliarForageBegin= 07/01/1989
FoliarForageEnd= 07/14/1989
AIContactFactor= 1.6212512232177
CL4Pollen= 2.7794627957046
CL4Nectar= 10.7792695285752
CL5Pollen= 1.61871750606224
CL5Nectar= 68.1143472203985
CLDPollen= 5.08789632003754
CLDNectar= 97.9143599281088
CA13Pollen= 6.27157719135284
CA13Nectar= 69.3342926166952
CA410Pollen= 7.91064139048103
CA410Nectar= 185.185742359608
CA1120Pollen= 2.87224186398089
CA1120Nectar= 75.5705150030553
IPollenTrips= 14.4628687296063
INectarTrips= 8.8240227336064
IPollenLoad= 9.05630033928901
INectarLoad= 4.76913505466655
