ICQueenStrength= 3.48149662860669
RQWkrDrnRatio= 4.57718337047845
ICDroneMiteSurvivorship= 41.5783639298752
ICWorkerMiteSurvivorship= 64.699259120971
ICForagerLifespan= 9.26914594322443
ImmType= Polynomial
RQQueenStrength= 1.95113918650895
RQEnableReQueen= true
AIAdultSlope= 3.37764746509492
AIAdultLD50= 0.329556758331833
AIAdultSlopeContact= 5.46498779510148
AIAdultLD50Contact= 49.9674902766521
AILarvaSlope= 4.49950091540813
AILarvaLD50= 45.6893463731133
AIKOW= 83541.1447959545
AIKOC= 60407.6709352876
AIHalfLife= 28.1550004538847
EAppRate= 3.99590464942553
FoliarEnabled= true
FoliarAppDate= 09/01/1989
FoliarForageBegin= 09/01/1989
FoliarForageEnd= 09/08/1989
AIContactFactor= 1.88850018111989
CL4Pollen= 3.91584803164005
CL4Nectar= 82.9841431928799
CL5Pollen= 2.38067053165287
CL5Nectar= 120.794494135771
CLDPollen= 3.8325534844771
CLDNectar= 15.2569087338634
CA13Pollen= 5.8716555734165
CA13Nectar= 69.3123805522919
CA410Pollen= 2.85292956950143
CA410Nectar= 121.273397747427
CA1120Pollen= 2.94676964404061
CA1120Nectar= 43.1932407990098
IPollenTrips= 8.03251960547641
INectarTrips= 6.83952818159014
IPollenLoad= 5.43153598438948
INectarLoad= 2.53843182930723
