ICQueenStrength= 2.63005065056495
RQWkrDrnRatio= 2.02124426327646
ICDroneMiteSurvivorship= 75.8921863045543
ICWorkerMiteSurvivorship= 12.8613584209234
ICForagerLifespan= 10.6897999420762
ImmType= Logarithmic
RQQueenStrength= 5.40710074501112
RQEnableReQueen= true
AIAdultSlope= 7.33828831464052
AIAdultLD50= 27.4891425736146
AIAdultSlopeContact= 1.29094831668772
AIAdultLD50Contact= 72.9498335876081
AILarvaSlope= 2.53964274935424
AILarvaLD50= 46.3063660420198
AIKOW= 98851.0523907536
AIKOC= 19880.8712476839
AIHalfLife= 26.6221084384248
EAppRate= 0.907098951712018
FoliarEnabled= true
FoliarAppDate= 06/07/1989
FoliarForageBegin= 06/05/1989
FoliarForageEnd= 06/28/1989
AIContactFactor= 0.313570954669267
CL4Pollen= 0.14177708607167
CL4Nectar= 74.1409993730485
CL5Pollen= 3.34964201180264
CL5Nectar= 1.23586206464097
CLDPollen= 5.14950124360621
CLDNectar= 95.0453348457813
CA13Pollen= 6.51121895462274
CA13Nectar= 65.5688174441457
CA410Pollen= 6.86129797499161
CA410Nectar= 102.860491434112
CA1120Pollen= 2.98382869223133
CA1120Nectar= 39.7119950503111
IPollenTrips= 14.5844631642103
INectarTrips= 11.9179022870958
IPollenLoad= 1.18210684508085
INectarLoad= 4.5208725752309
