ICQueenStrength= 4.75315697048791
RQWkrDrnRatio= 3.50538961403072
ICDroneMiteSurvivorship= 9.28602735511959
ICWorkerMiteSurvivorship= 32.1389239281416
ICForagerLifespan= 9.90237921476364
ImmType= Sine
RQQueenStrength= 1.66097553120926
RQEnableReQueen= true
AIAdultSlope= 4.16222573816776
AIAdultLD50= 39.5675821878335
AIAdultSlopeContact= 5.79378883261234
AIAdultLD50Contact= 72.8772243079718
AILarvaSlope= 2.6097962744534
AILarvaLD50= 2.97547180983867
AIKOW= 10966.9459842633
AIKOC= 5093.16913273884
AIHalfLife= 7.23710579953622
EAppRate= 1.22524641334987
FoliarEnabled= true
FoliarAppDate= 06/07/1989
FoliarForageBegin= 06/05/1989
FoliarForageEnd= 06/28/1989
AIContactFactor= 1.88425865337718
CL4Pollen= 3.45613102521747
CL4Nectar= 9.97958343941718
CL5Pollen= 5.13192083593458
CL5Nectar= 79.541525139939
CLDPollen= 4.0652717272751
CLDNectar= 24.6390646090731
CA13Pollen= 3.14066176004708
CA13Nectar= 26.3310048170388
CA410Pollen= 4.37341235172935
CA410Nectar= 39.9726310977712
CA1120Pollen= 0.227061836281791
CA1120Nectar= 88.6469545960426
IPollenTrips= 7.61182350572199
INectarTrips= 6.14599562017247
IPollenLoad= 6.8865909660235
INectarLoad= 8.8300375896506
ESoilP= 1.94691530801356
ESoilFoc= 0.00274934639036655
