ICQueenStrength= 5.80730252224021
RQWkrDrnRatio= 2.91396686993539
ICDroneMiteSurvivorship= 27.5727107888088
ICWorkerMiteSurvivorship= 76.4125998364761
ICForagerLifespan= 12.1058080531657
ImmType= Polynomial
AIAdultSlope= 2.80844952039421
AIAdultLD50= 0.166386836580932
AIAdultSlopeContact= 1.98812187126372
AIAdultLD50Contact= 0.0461267397273332
AILarvaSlope= 0.506905341241509
AILarvaLD50= 0.167386902845465
AIKOW= 3.76503097452223
AIKOC= 22.4185928539373
AIHalfLife= 0.966973205865361
EAppRate= 2.25913894362748
FoliarEnabled= true
