ICQueenStrength= 2.54461769736372
RQWkrDrnRatio= 4.91226760204881
ICDroneMiteSurvivorship= 88.0191480973735
ICWorkerMiteSurvivorship= 11.1870942870155
ICForagerLifespan= 13.6837501581758
ImmType= Sine
RQQueenStrength= 1.85045836283825
RQEnableReQueen= true
AIAdultSlope= 2.44224780797958
AIAdultLD50= 2.90160190457175
AIAdultSlopeContact= 4.45826871786267
AIAdultLD50Contact= 26.1168180942147
AILarvaSlope= 4.02779244259
AILarvaLD50= 43.4260596187171
AIKOW= 37351.4915600727
AIKOC= 27515.8787147226
AIHalfLife= 17.1527133571217
EAppRate= 6.4329586727086
FoliarEnabled= true
FoliarAppDate= 06/07/1989
FoliarForageBegin= 06/05/1989
FoliarForageEnd= 06/28/1989
AIContactFactor= 0.882838540333323
CL4Pollen= 0.68609989900142
CL4Nectar= 71.0346431238577
CL5Pollen= 4.40510729094967
CL5Nectar= 135.858359956183
CLDPollen= 1.44215868366882
CLDNectar= 72.8993458324112
CA13Pollen= 6.50484062805772
CA13Nectar= 97.7789381891489
CA410Pollen= 4.82377851882484
CA410Nectar= 120.899297483265
CA1120Pollen= 0.53781418595463
CA1120Nectar= 53.8137322105467
IPollenTrips= 12.7180017181672
INectarTrips= 7.29940257035196
IPollenLoad= 4.79976180242375
INectarLoad= 3.41382420388982
ESoilP= 1.52369135571644
ESoilFoc= 0.0110337898787111
