ICQueenStrength= 2.84320270898752
RQWkrDrnRatio= 3.99410277139395
ICDroneMiteSurvivorship= 71.7197392135859
ICWorkerMiteSurvivorship= 44.5054206531495
ICForagerLifespan= 8.05457960534841
ImmType= Sine
AIAdultSlope= 3.34447310598101
AIAdultLD50= 0.0128596175927669
AIAdultSlopeContact= 0.424160329217557
AIAdultLD50Contact= 0.0227415154105984
AILarvaSlope= 1.98219604142942
AILarvaLD50= 0.694869087939151
AIKOW= 3.18451271392405
AIKOC= 29.7017974441405
AIHalfLife= 1.11141307163052
EAppRate= 7.06774022895843
FoliarEnabled= true
