ICQueenStrength= 5.9967445328366
RQWkrDrnRatio= 3.82047404721379
ICDroneMiteSurvivorship= 26.1588118039072
ICWorkerMiteSurvivorship= 97.5769808283076
ICForagerLifespan= 10.0358615927398
ImmType= Logarithmic
RQQueenStrength= 1.82765594357625
RQEnableReQueen= true
AIAdultSlope= 7.36508736759424
AIAdultLD50= 86.339972843315
AIAdultSlopeContact= 4.65355130587704
AIAdultLD50Contact= 33.2561747762682
AILarvaSlope= 2.52547367289662
AILarvaLD50= 42.9493721877946
AIKOW= 61429.3290688607
AIKOC= 10419.8603369708
AIHalfLife= 1.07599885971285
EAppRate= 9.32972314313729
FoliarEnabled= true
FoliarAppDate= 06/07/1989
FoliarForageBegin= 06/05/1989
FoliarForageEnd= 06/28/1989
AIContactFactor= 1.94792739675846
CL4Pollen= 3.11992119532079
CL4Nectar= 23.7739579984918
CL5Pollen= 2.35618983395398
CL5Nectar= 62.1016208664514
CLDPollen= 3.96146696805954
CLDNectar= 57.390359393321
CA13Pollen= 5.32064431421459
CA13Nectar= 82.8239400684834
CA410Pollen= 3.49989484911785
CA410Nectar= 44.0727693308145
CA1120Pollen= 1.21632826351561
CA1120Nectar= 57.7936137840152
IPollenTrips= 10.2023604395799
INectarTrips= 11.4419183554128
IPollenLoad= 0.899950463790447
INectarLoad= 6.55904318904504
ESoilP= 1.75354409823194
ESoilFoc= 0.00646521249692887
