ICQueenStrength= 2.62790992297232
RQWkrDrnRatio= 2.97851698845625
ICDroneMiteSurvivorship= 47.7196780499071
ICWorkerMiteSurvivorship= 37.856487580575
ICForagerLifespan= 4.85817505419254
ImmType= Exponential
AIAdultSlope= 0.411997552737594
AIAdultLD50= 0.125703898910433
AIAdultSlopeContact= 1.27379632703494
AIAdultLD50Contact= 0.0407286925124936
AILarvaSlope= 3.25508178500459
AILarvaLD50= 0.3846843900159
AIKOW= 2.37217090744525
AIKOC= 27.2266568103805
AIHalfLife= 0.614319742331281
EAppRate= 5.61315106460825
FoliarEnabled= true
