ICQueenStrength= 2.38561500585638
RQWkrDrnRatio= 2.69150189775974
ICDroneMiteSurvivorship= 59.0500520076603
ICWorkerMiteSurvivorship= 67.0331000117585
ICForagerLifespan= 6.09403747227043
ImmType= Cosine
RQQueenStrength= 5.32626120164059
RQEnableReQueen= true
AIAdultSlope= 3.90865631774068
AIAdultLD50= 27.6074681120603
AIAdultSlopeContact= 2.57730448734947
AIAdultLD50Contact= 95.0060258134508
AILarvaSlope= 8.00243601575494
AILarvaLD50= 17.5271228930266
AIKOW= 48004.2823431997
AIKOC= 37147.7508941989
AIHalfLife= 4.59160383499693
EAppRate= 4.57368152195634
FoliarEnabled= true
FoliarAppDate= 06/07/1989
FoliarForageBegin= 06/05/1989
FoliarForageEnd= 06/28/1989
AIContactFactor= 1.0673827658128
CL4Pollen= 0.159138428978622
CL4Nectar= 5.97132279071957
CL5Pollen= 5.00469141220674
CL5Nectar= 34.7096130251884
CLDPollen= 0.858063150197268
CLDNectar= 63.1144284037873
CA13Pollen= 3.59907018747181
CA13Nectar= 71.8453357741237
CA410Pollen= 2.77457220226061
CA410Nectar= 91.6057823551819
CA1120Pollen= 1.26632812642492
CA1120Nectar= 73.1217920780182
IPollenTrips= 8.4498552675359
INectarTrips= 10.3764987946488
IPollenLoad= 5.41392696788535
INectarLoad= 2.46860218467191
