ICQueenStrength= 3.08035564166494
RQWkrDrnRatio= 4.06087408959866
ICDroneMiteSurvivorship= 2.14664491359144
ICWorkerMiteSurvivorship= 43.6073241522536
ICForagerLifespan= 11.4922512881458
ImmType= Exponential
RQQueenStrength= 5.34877612511627
RQEnableReQueen= true
AIAdultSlope= 8.90155896358192
AIAdultLD50= 65.8447879762054
AIAdultSlopeContact= 1.30981364636682
AIAdultLD50Contact= 56.6670661452108
AILarvaSlope= 2.10206488706172
AILarvaLD50= 55.2167929577015
AIKOW= 58200.5625713438
AIKOC= 27065.7015115938
AIHalfLife= 29.3237102196086
EAppRate= 3.4335519233786
FoliarEnabled= true
FoliarAppDate= 06/07/1989
FoliarForageBegin= 06/05/1989
FoliarForageEnd= 06/28/1989
AIContactFactor= 1.5274342302233
CL4Pollen= 3.18203405849636
CL4Nectar= 7.07586819771677
CL5Pollen= 4.36305290786549
CL5Nectar= 108.218409726396
CLDPollen= 1.80552324838936
CLDNectar= 50.6974726798944
CA13Pollen= 2.51356112053618
CA13Nectar= 35.5795452743769
CA410Pollen= 8.39874109108932
CA410Nectar= 72.9950587684289
CA1120Pollen= 0.823001762386411
CA1120Nectar= 81.4327137172222
IPollenTrips= 13.8923136959784
INectarTrips= 14.8597687715665
IPollenLoad= 7.01997233787552
INectarLoad= 9.03094591107219
ESoilP= 1.71307725831866
ESoilFoc= 0.00444631531415507
