ICQueenStrength= 3.47938525397331
RQWkrDrnRatio= 4.71509747207165
ICDroneMiteSurvivorship= 65.0222261436284
ICWorkerMiteSurvivorship= 78.584523149766
ICForagerLifespan= 6.45848399400711
ImmType= Sine
RQQueenStrength= 3.29618919640779
RQEnableReQueen=true
AIAdultSlope= 7.14238223060966
AIAdultLD50= 0.674069639877183
AIAdultSlopeContact= 3.71242298046127
AIAdultLD50Contact= 9.95593301530531
AILarvaSlope= 1.18912694789469
AILarvaLD50= 92.0132810786357
AIKOW= 16497.7175798176
AIKOC= 66028.5696565206
AIHalfLife= 22.3309147518361
EAppRate= 0.856769280608278
FoliarEnabled=true
FoliarAppDate= 07/01/1989
FoliarForageBegin= 07/01/1989
FoliarForageEnd= 07/14/1989
AIContactFactor= 2.26081165805459
CL4Pollen= 2.52264448162168
CL4Nectar= 0.938540464267135
CL5Pollen= 2.29353906959295
CL5Nectar= 17.1547103323974
CLDPollen= 4.05872657429427
CLDNectar= 90.6960207503289
CA13Pollen= 3.88492218200117
CA13Nectar= 23.8292270340025
CA410Pollen= 2.55674050839152
CA410Nectar= 98.2232361100614
CA1120Pollen= 0.978215363575146
CA1120Nectar= 29.449839759618
IPollenTrips= 7.86464907694608
INectarTrips= 12.6381350681186
IPollenLoad= 3.79303901456296
INectarLoad= 4.51736005023122
