ICQueenStrength= 3.04811394680291
RQWkrDrnRatio= 3.76916660461575
ICDroneMiteSurvivorship= 34.6079128794372
ICWorkerMiteSurvivorship= 59.4032444758341
ICForagerLifespan= 12.3818095680326
ImmType= Tangent
RQQueenStrength= 5.49997836723924
RQEnableReQueen= true
AIAdultSlope= 8.51027020812035
AIAdultLD50= 24.659697565648
AIAdultSlopeContact= 5.71652400703169
AIAdultLD50Contact= 90.4861645354442
AILarvaSlope= 7.01412506960332
AILarvaLD50= 13.1519454375007
AIKOW= 88469.4589889446
AIKOC= 60446.9819707277
AIHalfLife= 24.2361669903155
EAppRate= 7.37842504411866
FoliarEnabled= true
FoliarAppDate= 06/07/1989
FoliarForageBegin= 06/05/1989
FoliarForageEnd= 06/28/1989
AIContactFactor= 2.33750324912369
CL4Pollen= 2.14979195129126
CL4Nectar= 95.2413938706741
CL5Pollen= 2.67278675967827
CL5Nectar= 12.2388928080909
CLDPollen= 4.29034515470266
CLDNectar= 111.682417953853
CA13Pollen= 5.18666148353368
CA13Nectar= 74.6586751937866
CA410Pollen= 3.51908601198811
CA410Nectar= 82.2480294760317
CA1120Pollen= 0.574159473879263
CA1120Nectar= 85.3514391556382
IPollenTrips= 10.205310692545
INectarTrips= 6.9648570753634
IPollenLoad= 1.9313265196979
INectarLoad= 2.16337747406214
