ICQueenStrength= 1.88353421422653
RQWkrDrnRatio= 2.25866983551532
ICDroneMiteSurvivorship= 60.8176785055548
ICWorkerMiteSurvivorship= 65.9531981684268
ICForagerLifespan= 6.67856193706393
ImmType= Cosine
RQQueenStrength= 2.94992662523873
RQEnableReQueen= true
AIAdultSlope= 4.7675661239773
AIAdultLD50= 37.0226456746042
AIAdultSlopeContact= 7.07790597062558
AIAdultLD50Contact= 29.0034524884517
AILarvaSlope= 6.89729283563793
AILarvaLD50= 50.8808855365494
AIKOW= 96671.2974779464
AIKOC= 30011.3207010895
AIHalfLife= 25.7268217046978
EAppRate= 0.109985634600976
FoliarEnabled= true
FoliarAppDate= 06/07/1989
FoliarForageBegin= 06/05/1989
FoliarForageEnd= 06/28/1989
AIContactFactor= 1.25489842957817
CL4Pollen= 1.58729623630643
CL4Nectar= 13.1417256779969
CL5Pollen= 3.35594889800996
CL5Nectar= 42.9406712413765
CLDPollen= 5.37864363240078
CLDNectar= 47.4422784755006
CA13Pollen= 7.25587821407244
CA13Nectar= 47.8238207288086
CA410Pollen= 8.78595011257567
CA410Nectar= 180.360559779219
CA1120Pollen= 0.849530472652987
CA1120Nectar= 56.029545404017
IPollenTrips= 5.00667989719659
INectarTrips= 5.9251073631458
IPollenLoad= 6.7492599110119
INectarLoad= 0.953837356064469
