ICQueenStrength= 5.6395113307517
RQWkrDrnRatio= 3.73754329048097
ICDroneMiteSurvivorship= 69.8207630310208
ICWorkerMiteSurvivorship= 4.48039670009166
ICForagerLifespan= 14.5432064952329
ImmType= Logarithmic
RQQueenStrength= 5.61673280689865
RQEnableReQueen= true
AIAdultSlope= 2.26032881438732
AIAdultLD50= 56.360248157711
AIAdultSlopeContact= 2.46492702909745
AIAdultLD50Contact= 20.0657143457232
AILarvaSlope= 3.7724247649312
AILarvaLD50= 84.5343316327876
AIKOW= 69927.8615219254
AIKOC= 2552.824715656
AIHalfLife= 27.5813261208823
EAppRate= 6.88250020841928
FoliarEnabled= true
FoliarAppDate= 06/07/1989
FoliarForageBegin= 06/05/1989
FoliarForageEnd= 06/28/1989
AIContactFactor= 0.423428594013676
CL4Pollen= 1.09924016613513
CL4Nectar= 66.5592616423965
CL5Pollen= 2.93940482335165
CL5Nectar= 74.7829544590786
CLDPollen= 5.49628098215908
CLDNectar= 24.2309266584925
CA13Pollen= 7.58745544897392
CA13Nectar= 26.4292891509831
CA410Pollen= 9.23736355805304
CA410Nectar= 189.04631188605
CA1120Pollen= 1.21836168458685
CA1120Nectar= 86.0757646523416
IPollenTrips= 13.905833363533
INectarTrips= 13.461009345483
IPollenLoad= 5.71969392942265
INectarLoad= 3.96452204557136
