ICQueenStrength= 3.05666198860854
RQWkrDrnRatio= 1.45650132931769
ICDroneMiteSurvivorship= 22.0998438540846
ICWorkerMiteSurvivorship= 18.4787928592414
ICForagerLifespan= 6.02486323472112
ImmType= Sine
RQQueenStrength= 1.62528258888051
RQEnableReQueen= true
AIAdultSlope= 1.95132777839899
AIAdultLD50= 54.75721966523
AIAdultSlopeContact= 5.17130711418577
AIAdultLD50Contact= 22.1930962089659
AILarvaSlope= 3.9283888079226
AILarvaLD50= 19.3490690006292
AIKOW= 44774.2644509476
AIKOC= 1841.07044154825
AIHalfLife= 32.7942156088538
EAppRate= 8.18672922713542
FoliarEnabled= true
FoliarAppDate= 06/07/1989
FoliarForageBegin= 06/05/1989
FoliarForageEnd= 06/28/1989
AIContactFactor= 1.61861319349147
CL4Pollen= 1.23491964582354
CL4Nectar= 7.99054708331823
CL5Pollen= 2.10043406719342
CL5Nectar= 132.15387618402
CLDPollen= 0.679804008454084
CLDNectar= 39.6239448571578
CA13Pollen= 5.01757022300735
CA13Nectar= 22.4519417621195
CA410Pollen= 3.03420058959164
CA410Nectar= 94.318161024712
CA1120Pollen= 2.42784978426062
CA1120Nectar= 90.3136232681572
IPollenTrips= 10.0316772004589
INectarTrips= 10.3551526903175
IPollenLoad= 5.96129542449489
INectarLoad= 1.95867137750611
ESoilP= 1.58145553758368
ESoilFoc= 0.0186353832702152
