ICQueenStrength= 2.10095541551709
RQWkrDrnRatio= 3.131482466124
ICDroneMiteSurvivorship= 78.3044256269932
ICWorkerMiteSurvivorship= 54.6765015693381
ICForagerLifespan= 13.1938525382429
ImmType= Sine
RQQueenStrength= 1.20275028608739
RQEnableReQueen=true
AIAdultSlope= 2.14120209403336
AIAdultLD50= 0.729490440270165
AIAdultSlopeContact= 9.05351667571813
AIAdultLD50Contact= 57.0317626907944
AILarvaSlope= 4.60079416632652
AILarvaLD50= 88.984343578008
AIKOW= 33140.7083933824
AIKOC= 906.400471053319
AIHalfLife= 25.4508637920488
EAppRate= 5.94478283000644
FoliarEnabled=true
FoliarAppDate= 07/01/1989
FoliarForageBegin= 07/01/1989
FoliarForageEnd= 07/14/1989
AIContactFactor= 1.75149809626397
CL4Pollen= 3.79893418494612
CL4Nectar= 22.8592230705544
CL5Pollen= 1.18342908471823
CL5Nectar= 117.151898390148
CLDPollen= 0.307721644174308
CLDNectar= 34.533388260752
CA13Pollen= 6.55283236578107
CA13Nectar= 25.1357434876263
CA410Pollen= 6.43197116637602
CA410Nectar= 148.348547653295
CA1120Pollen= 1.61060899682343
CA1120Nectar= 55.7888786867261
IPollenTrips= 11.5984318056144
INectarTrips= 10.6976126739755
IPollenLoad= 2.21154876286164
INectarLoad= 6.18434251053259
