ICQueenStrength= 2.50897303712554
RQWkrDrnRatio= 2.2151315389201
ICDroneMiteSurvivorship= 95.20368212834
ICWorkerMiteSurvivorship= 53.7106391275302
ICForagerLifespan= 9.24195674806833
ImmType= Cosine
RQQueenStrength= 3.80512060038745
RQEnableReQueen= true
AIAdultSlope= 1.04708143696189
AIAdultLD50= 0.0884940198580734
AIAdultSlopeContact= 8.60696180723608
AIAdultLD50Contact= 45.9529571528612
AILarvaSlope= 3.18282603472471
AILarvaLD50= 75.5281537930253
AIKOW= 47531.7536236119
AIKOC= 34194.9940267366
AIHalfLife= 31.0081890244037
EAppRate= 8.54513146071043
FoliarEnabled= true
FoliarAppDate= 09/01/1989
FoliarForageBegin= 09/01/1989
FoliarForageEnd= 09/08/1989
AIContactFactor= 0.389033227204345
CL4Pollen= 1.16742565389723
CL4Nectar= 62.8353531006724
CL5Pollen= 3.64580876240507
CL5Nectar= 122.531229257584
CLDPollen= 3.31755590764806
CLDNectar= 119.651043566409
CA13Pollen= 6.89017019635066
CA13Nectar= 20.0957423634827
CA410Pollen= 6.25564776533283
CA410Nectar= 98.0991857033223
CA1120Pollen= 1.07498766761273
CA1120Nectar= 98.4977212548256
IPollenTrips= 5.62780526233837
INectarTrips= 10.6163037405349
IPollenLoad= 5.16916097840294
INectarLoad= 8.87664580019191
