ICQueenStrength= 2.56674741581082
RQWkrDrnRatio= 4.88319571875036
ICDroneMiteSurvivorship= 48.4803039580584
ICWorkerMiteSurvivorship= 51.7259383574128
ICForagerLifespan= 11.3429945008829
ImmType= Exponential
RQQueenStrength= 3.22926602698863
RQEnableReQueen=true
AIAdultSlope= 2.38437051512301
AIAdultLD50= 0.15731453068112
AIAdultSlopeContact= 5.82767535420135
AIAdultLD50Contact= 37.8012416518861
AILarvaSlope= 6.98927153088152
AILarvaLD50= 59.7944683469143
AIKOW= 44244.2004910987
AIKOC= 8160.49131478835
AIHalfLife= 31.4104953087168
EAppRate= 7.01355919587379
FoliarEnabled=true
FoliarAppDate= 07/01/1989
FoliarForageBegin= 07/01/1989
FoliarForageEnd= 07/14/1989
AIContactFactor= 1.03446648658719
CL4Pollen= 3.80498197302222
CL4Nectar= 50.5256880773231
CL5Pollen= 3.90477299597114
CL5Nectar= 65.8091388526373
CLDPollen= 0.481768628116697
CLDNectar= 58.2374446908943
CA13Pollen= 4.92321571595967
CA13Nectar= 75.838521104306
CA410Pollen= 8.82151441290043
CA410Nectar= 122.65520431567
CA1120Pollen= 1.65565876127221
CA1120Nectar= 84.3155958876014
IPollenTrips= 9.22450133832172
INectarTrips= 11.8341551627964
IPollenLoad= 5.19874092657119
INectarLoad= 4.8276564781554
