ICQueenStrength= 5.28284710389562
RQWkrDrnRatio= 4.91553082689643
ICDroneMiteSurvivorship= 82.7973079169169
ICWorkerMiteSurvivorship= 19.6572477230802
ICForagerLifespan= 6.58842560183257
ImmType= Exponential
RQQueenStrength= 2.72526083188131
RQEnableReQueen= true
AIAdultSlope= 2.30105681158602
AIAdultLD50= 41.5823157051406
AIAdultSlopeContact= 2.67596352566034
AIAdultLD50Contact= 7.65969905196386
AILarvaSlope= 7.57132560200989
AILarvaLD50= 93.4275791016759
AIKOW= 88442.9739470839
AIKOC= 16432.2903011213
AIHalfLife= 27.736861645733
EAppRate= 4.38128331950517
FoliarEnabled= true
FoliarAppDate= 06/07/1989
FoliarForageBegin= 06/05/1989
FoliarForageEnd= 06/28/1989
AIContactFactor= 0.915812833681703
CL4Pollen= 1.85975357331336
CL4Nectar= 90.3380670817569
CL5Pollen= 4.44546185759827
CL5Nectar= 73.1074862997048
CLDPollen= 0.86639126110822
CLDNectar= 37.9455098533072
CA13Pollen= 6.07943964079022
CA13Nectar= 96.8077477253973
CA410Pollen= 3.74813118611928
CA410Nectar= 116.69106903486
CA1120Pollen= 0.990404624724761
CA1120Nectar= 45.763717610389
IPollenTrips= 6.63409528089687
INectarTrips= 14.1933430777863
IPollenLoad= 6.74885180545971
INectarLoad= 3.55146231595427
