ICQueenStrength= 4.42612664401531
RQWkrDrnRatio= 2.10035939328372
ICDroneMiteSurvivorship= 67.8139006718993
ICWorkerMiteSurvivorship= 99.6254588011652
ICForagerLifespan= 5.59509383421391
ImmType= Polynomial
RQQueenStrength= 1.2901387475431
RQEnableReQueen=true
AIAdultSlope= 1.76739375293255
AIAdultLD50= 0.50601920604473
AIAdultSlopeContact= 4.62405478721485
AIAdultLD50Contact= 49.9074562405904
AILarvaSlope= 4.61665798909962
AILarvaLD50= 64.1263739149822
AIKOW= 86610.5866270861
AIKOC= 19418.5550281121
AIHalfLife= 13.1105114845326
EAppRate= 8.30380262669246
FoliarEnabled=true
FoliarAppDate= 07/01/1989
FoliarForageBegin= 07/01/1989
FoliarForageEnd= 07/14/1989
AIContactFactor= 0.992052573389374
CL4Pollen= 1.12356982473284
CL4Nectar= 42.7733466727659
CL5Pollen= 0.965106389019638
CL5Nectar= 90.5395446578041
CLDPollen= 2.23387298779562
CLDNectar= 85.3837373200804
CA13Pollen= 7.65172905316576
CA13Nectar= 96.6323588788509
CA410Pollen= 3.9715791909257
CA410Nectar= 78.5813978267834
CA1120Pollen= 0.599464408122003
CA1120Nectar= 22.3954602703452
IPollenTrips= 13.7447282788344
INectarTrips= 7.9962658858858
IPollenLoad= 2.03079439466819
INectarLoad= 1.57890547532588
