ICQueenStrength= 4.65414113155566
RQWkrDrnRatio= 4.57592506706715
ICDroneMiteSurvivorship= 18.5754276346415
ICWorkerMiteSurvivorship= 58.764975448139
ICForagerLifespan= 5.57288396172225
ImmType= Sine
RQQueenStrength= 1.77432635822333
RQEnableReQueen= true
AIAdultSlope= 2.27915912494063
AIAdultLD50= 62.7840300159817
AIAdultSlopeContact= 2.22672541090287
AIAdultLD50Contact= 17.3158560861957
AILarvaSlope= 2.56485382840037
AILarvaLD50= 81.7788914540967
AIKOW= 22650.0886076915
AIKOC= 65291.0624054321
AIHalfLife= 1.57573917775881
EAppRate= 8.0432203003515
FoliarEnabled= true
FoliarAppDate= 06/07/1989
FoliarForageBegin= 06/05/1989
FoliarForageEnd= 06/28/1989
AIContactFactor= 0.914019850799814
CL4Pollen= 1.75270036701113
CL4Nectar= 85.2656326489523
CL5Pollen= 1.21538757020608
CL5Nectar= 134.969429683406
CLDPollen= 4.63781488174573
CLDNectar= 128.177508548833
CA13Pollen= 7.3757411560975
CA13Nectar= 24.14699614048
CA410Pollen= 9.40453955773264
CA410Nectar= 42.5305667892098
CA1120Pollen= 0.194688890129328
CA1120Nectar= 43.6055099405348
IPollenTrips= 9.26166546763852
INectarTrips= 9.0368052944541
IPollenLoad= 9.22069978201762
INectarLoad= 9.81470454484224
