ICQueenStrength= 2.07357274275273
RQWkrDrnRatio= 1.5566479023546
ICDroneMiteSurvivorship= 82.4779608752578
ICWorkerMiteSurvivorship= 31.1292878817767
ICForagerLifespan= 13.9857549685985
ImmType= Logarithmic
RQQueenStrength= 5.10100499750115
RQEnableReQueen= true
AIAdultSlope= 4.30819986388087
AIAdultLD50= 34.2836264811866
AIAdultSlopeContact= 8.94970515160821
AIAdultLD50Contact= 30.2223869496095
AILarvaSlope= 6.90339575707912
AILarvaLD50= 68.9126998425291
AIKOW= 90082.7950470633
AIKOC= 5713.06332330941
AIHalfLife= 3.14130610588472
EAppRate= 3.02362096766988
FoliarEnabled= true
FoliarAppDate= 06/07/1989
FoliarForageBegin= 06/05/1989
FoliarForageEnd= 06/28/1989
AIContactFactor= 1.49887415421661
CL4Pollen= 3.49307395983487
CL4Nectar= 7.13967997580767
CL5Pollen= 2.75750047154725
CL5Nectar= 14.8450161796063
CLDPollen= 1.66580637032166
CLDNectar= 120.357968495227
CA13Pollen= 3.3079592066817
CA13Nectar= 38.7823215126991
CA410Pollen= 4.04336612061597
CA410Nectar= 20.8739901799709
CA1120Pollen= 1.8588992448058
CA1120Nectar= 23.2325135357678
IPollenTrips= 12.6426094165072
INectarTrips= 10.1925061945803
IPollenLoad= 3.38044628268108
INectarLoad= 7.57270066766068
