ICQueenStrength= 5.40975506440736
RQWkrDrnRatio= 1.96059608925134
ICDroneMiteSurvivorship= 76.0444107698277
ICWorkerMiteSurvivorship= 54.6944189816713
ICForagerLifespan= 11.7489045569673
ImmType= Polynomial
RQQueenStrength= 1.94197659520432
RQEnableReQueen= true
AIAdultSlope= 8.84859648160636
AIAdultLD50= 0.708503749706317
AIAdultSlopeContact= 6.41857353551313
AIAdultLD50Contact= 25.224159525244
AILarvaSlope= 8.62990947440267
AILarvaLD50= 96.5341713879476
AIKOW= 60200.4493339403
AIKOC= 59192.7922036862
AIHalfLife= 21.8849152443698
EAppRate= 6.28802941149846
FoliarEnabled= true
FoliarAppDate= 09/01/1989
FoliarForageBegin= 09/01/1989
FoliarForageEnd= 09/08/1989
AIContactFactor= 0.953975097034126
CL4Pollen= 3.71330625936389
CL4Nectar= 42.0806463807821
CL5Pollen= 3.22091244533658
CL5Nectar= 69.4889377104118
CLDPollen= 1.89967431686819
CLDNectar= 43.3581263758242
CA13Pollen= 7.80302377445623
CA13Nectar= 89.0577779337764
CA410Pollen= 5.24783569180872
CA410Nectar= 103.182255597785
CA1120Pollen= 0.81505620572716
CA1120Nectar= 42.3580067045987
IPollenTrips= 14.7680174396373
INectarTrips= 5.43425559764728
IPollenLoad= 1.64036244386807
INectarLoad= 2.78630618005991
