ICQueenStrength= 1.58757832157426
RQWkrDrnRatio= 2.03327983804047
ICDroneMiteSurvivorship= 4.1410181671381
ICWorkerMiteSurvivorship= 12.7153324428946
ICForagerLifespan= 11.1350922472775
ImmType= Logarithmic
AIAdultSlope= 2.00970659756335
AIAdultLD50= 0.190810204669833
AIAdultSlopeContact= 2.20813642818946
AIAdultLD50Contact= 0.0377525706775486
AILarvaSlope= 1.85519312727265
AILarvaLD50= 0.0605605996912345
AIKOW= 2.80517418961972
AIKOC= 14.0161651023664
AIHalfLife= 1.51761906337924
EAppRate= 8.87619263725355
FoliarEnabled= true
