ICQueenStrength= 4.02321402588859
RQWkrDrnRatio= 2.39003722462803
ICDroneMiteSurvivorship= 72.9647587286308
ICWorkerMiteSurvivorship= 6.44499827176332
ICForagerLifespan= 11.9762919107452
ImmType= Sine
RQQueenStrength= 5.11752080428414
RQEnableReQueen= true
AIAdultSlope= 3.31526083126664
AIAdultLD50= 0.836442757208133
AIAdultSlopeContact= 1.95528339431621
AIAdultLD50Contact= 71.3468016958337
AILarvaSlope= 4.0746522154659
AILarvaLD50= 62.041330972855
AIKOW= 71347.1390787306
AIKOC= 58359.6389176731
AIHalfLife= 34.1081696683308
EAppRate= 0.910021969184047
FoliarEnabled= true
FoliarAppDate= 09/01/1989
FoliarForageBegin= 09/01/1989
FoliarForageEnd= 09/08/1989
AIContactFactor= 0.574324033367448
CL4Pollen= 2.53703805617988
CL4Nectar= 96.9655287452042
CL5Pollen= 5.22462868597358
CL5Nectar= 139.042009518016
CLDPollen= 0.633777127135545
CLDNectar= 106.243720825296
CA13Pollen= 7.02083092955872
CA13Nectar= 70.3716174140573
CA410Pollen= 9.22472895497922
CA410Nectar= 82.8398878127337
CA1120Pollen= 1.58613598812371
CA1120Nectar= 29.6737147495151
IPollenTrips= 7.8551350091584
INectarTrips= 13.4171782294288
IPollenLoad= 3.01615125965327
INectarLoad= 5.28189066797495
