ICQueenStrength= 5.7028648131527
RQWkrDrnRatio= 2.61366023402661
ICDroneMiteSurvivorship= 45.3903663204983
ICWorkerMiteSurvivorship= 44.5277224760503
ICForagerLifespan= 15.9573336094618
ImmType= Cosine
RQQueenStrength= 4.15561723313294
RQEnableReQueen= true
AIAdultSlope= 7.82661485858262
AIAdultLD50= 0.939238196515944
AIAdultSlopeContact= 4.3152831455227
AIAdultLD50Contact= 35.5817180526932
AILarvaSlope= 6.03701742365956
AILarvaLD50= 66.9890920915355
AIKOW= 45682.5796349805
AIKOC= 80154.5731637431
AIHalfLife= 31.3702581463382
EAppRate= 6.70757142098853
FoliarEnabled= true
FoliarAppDate= 09/01/1989
FoliarForageBegin= 09/01/1989
FoliarForageEnd= 09/08/1989
AIContactFactor= 1.86500606728252
CL4Pollen= 2.1754639018327
CL4Nectar= 61.2250332487747
CL5Pollen= 0.484446544200182
CL5Nectar= 133.146449632477
CLDPollen= 0.762261856812984
CLDNectar= 4.28283055080101
CA13Pollen= 8.18920594714582
CA13Nectar= 20.1050310209394
CA410Pollen= 9.12550342278555
CA410Nectar= 177.698444155976
CA1120Pollen= 2.60038760583848
CA1120Nectar= 32.994277626276
IPollenTrips= 6.93858376704156
INectarTrips= 12.2646973491646
IPollenLoad= 9.45819357177243
INectarLoad= 3.41764193028212
