ICQueenStrength= 3.69859396736138
RQWkrDrnRatio= 4.34774242620915
ICDroneMiteSurvivorship= 69.4685627706349
ICWorkerMiteSurvivorship= 76.830295403488
ICForagerLifespan= 11.1520730638877
ImmType= Logarithmic
AIAdultSlope= 2.1590019908105
AIAdultLD50= 0.0850708117242903
AIAdultSlopeContact= 3.29399643390672
AIAdultLD50Contact= 0.00326647296315059
AILarvaSlope= 2.43577849799767
AILarvaLD50= 0.195129709225148
AIKOW= 3.55220227502286
AIKOC= 9.54601823585108
AIHalfLife= 0.734381679468788
EAppRate= 2.20732829766348
FoliarEnabled= true
