ICQueenStrength= 4.79653612384573
RQWkrDrnRatio= 1.91689404845238
ICDroneMiteSurvivorship= 67.9597581038252
ICWorkerMiteSurvivorship= 77.2269303444773
ICForagerLifespan= 4.8252824684605
ImmType= Exponential
RQQueenStrength= 1.28025107458234
RQEnableReQueen= true
AIAdultSlope= 1.28734320960939
AIAdultLD50= 33.7998856794306
AIAdultSlopeContact= 9.34403143636882
AIAdultLD50Contact= 93.621526368916
AILarvaSlope= 5.83745631016791
AILarvaLD50= 62.4225221473081
AIKOW= 80742.5215074385
AIKOC= 28519.1912455624
AIHalfLife= 12.8067079702858
EAppRate= 4.18951120356075
FoliarEnabled= true
FoliarAppDate= 06/07/1989
FoliarForageBegin= 06/05/1989
FoliarForageEnd= 06/28/1989
AIContactFactor= 1.42160787435248
CL4Pollen= 3.25903589557856
CL4Nectar= 56.2871912959963
CL5Pollen= 1.19857031805441
CL5Nectar= 91.8712688027881
CLDPollen= 0.921739337034523
CLDNectar= 138.610860903282
CA13Pollen= 2.64283429253846
CA13Nectar= 80.9134356863797
CA410Pollen= 2.81222463122103
CA410Nectar= 119.979633265175
CA1120Pollen= 2.3209114393685
CA1120Nectar= 71.3558886945248
IPollenTrips= 13.8553628302179
INectarTrips= 7.58697573561221
IPollenLoad= 4.98971695546061
INectarLoad= 6.71465212479234
ESoilP= 1.10405956883915
ESoilFoc= 0.00658074850146659
