ICQueenStrength= 5.28185179829597
RQWkrDrnRatio= 2.2982966369018
ICDroneMiteSurvivorship= 98.1401271186769
ICWorkerMiteSurvivorship= 74.4851674884558
ICForagerLifespan= 5.70836211834103
ImmType= Tangent
RQQueenStrength= 3.75679526268505
RQEnableReQueen= true
AIAdultSlope= 1.40141607262194
AIAdultLD50= 92.8715949565468
AIAdultSlopeContact= 8.68280307133682
AIAdultLD50Contact= 87.2554399259763
AILarvaSlope= 6.41663947701454
AILarvaLD50= 5.76917362018675
AIKOW= 45291.7061739219
AIKOC= 10581.7763651412
AIHalfLife= 24.0419336526422
EAppRate= 5.59323784644273
FoliarEnabled= true
FoliarAppDate= 06/07/1989
FoliarForageBegin= 06/05/1989
FoliarForageEnd= 06/28/1989
AIContactFactor= 2.20598562842235
CL4Pollen= 2.31093026511371
CL4Nectar= 0.672484445385635
CL5Pollen= 1.67604018235579
CL5Nectar= 58.2006521872245
CLDPollen= 1.87391785299405
CLDNectar= 13.8156172935851
CA13Pollen= 2.41941184438765
CA13Nectar= 51.8569874204695
CA410Pollen= 9.40573705409188
CA410Nectar= 179.447878901847
CA1120Pollen= 0.463671936420724
CA1120Nectar= 66.0707792267203
IPollenTrips= 5.38262820802629
INectarTrips= 14.3081886391155
IPollenLoad= 2.25671996595338
INectarLoad= 8.13879362307489
