ICQueenStrength= 3.96968390000984
RQWkrDrnRatio= 3.8615108942613
ICDroneMiteSurvivorship= 53.7781216902658
ICWorkerMiteSurvivorship= 93.8653083750978
ICForagerLifespan= 7.15929543785751
ImmType= Tangent
RQQueenStrength= 2.1198068538215
RQEnableReQueen= true
AIAdultSlope= 1.40589325502515
AIAdultLD50= 57.5367660960758
AIAdultSlopeContact= 8.60187723999843
AIAdultLD50Contact= 11.6480461381075
AILarvaSlope= 5.24407817050815
AILarvaLD50= 56.1397041436753
AIKOW= 65677.8297948794
AIKOC= 80619.3117523906
AIHalfLife= 19.6607036672998
EAppRate= 9.71770097004157
FoliarEnabled= true
FoliarAppDate= 06/07/1989
FoliarForageBegin= 06/05/1989
FoliarForageEnd= 06/28/1989
AIContactFactor= 0.310866016424261
CL4Pollen= 2.74286425299942
CL4Nectar= 13.9634952647611
CL5Pollen= 4.05492974678054
CL5Nectar= 113.575832045171
CLDPollen= 5.82069272920489
CLDNectar= 104.18263982283
CA13Pollen= 6.87176493117586
CA13Nectar= 51.6554001346231
CA410Pollen= 2.96226428835653
CA410Nectar= 22.5349542731419
CA1120Pollen= 0.597355811158195
CA1120Nectar= 58.6442798189819
IPollenTrips= 5.15848361421376
INectarTrips= 9.26428075879812
IPollenLoad= 8.56608351459727
INectarLoad= 7.80673786066473
