ICQueenStrength= 2.95123812532984
RQWkrDrnRatio= 1.65448309946805
ICDroneMiteSurvivorship= 19.8859500931576
ICWorkerMiteSurvivorship= 66.2970841862261
ICForagerLifespan= 8.74754671100527
ImmType= Tangent
RQQueenStrength= 3.73349127150141
RQEnableReQueen= true
AIAdultSlope= 5.02275084704161
AIAdultLD50= 0.582017255303916
AIAdultSlopeContact= 1.61772832437418
AIAdultLD50Contact= 79.480176588641
AILarvaSlope= 3.09749517776072
AILarvaLD50= 85.3734998054993
AIKOW= 94006.3612475639
AIKOC= 90610.5435402405
AIHalfLife= 1.97957840850577
EAppRate= 3.36018968420615
FoliarEnabled= true
FoliarAppDate= 09/01/1989
FoliarForageBegin= 09/01/1989
FoliarForageEnd= 09/08/1989
AIContactFactor= 0.990936883492395
CL4Pollen= 0.481247038580477
CL4Nectar= 50.6331858923659
CL5Pollen= 5.06514143943787
CL5Nectar= 40.7244556001388
CLDPollen= 2.93474663794041
CLDNectar= 44.6386999567039
CA13Pollen= 5.13026445433497
CA13Nectar= 87.0472995191813
CA410Pollen= 4.92361208871007
CA410Nectar= 187.669336604886
CA1120Pollen= 1.84886798704974
CA1120Nectar= 57.1194640919566
IPollenTrips= 8.58194356551394
INectarTrips= 14.8962024599314
IPollenLoad= 1.41944454750046
INectarLoad= 2.03036546707153
