ICQueenStrength= 5.17445969651453
RQWkrDrnRatio= 1.27062942273915
ICDroneMiteSurvivorship= 84.127037297003
ICWorkerMiteSurvivorship= 84.5686002168804
ICForagerLifespan= 14.0942126745358
ImmType= Tangent
RQQueenStrength= 3.04305226216093
RQEnableReQueen= true
AIAdultSlope= 4.30135913006961
AIAdultLD50= 56.0288686921343
AIAdultSlopeContact= 8.30295142601244
AIAdultLD50Contact= 85.195269706818
AILarvaSlope= 4.36653629876673
AILarvaLD50= 64.1395023120684
AIKOW= 52325.4530914277
AIKOC= 82724.9011647108
AIHalfLife= 4.16946399374865
EAppRate= 2.63568182403664
FoliarEnabled= true
FoliarAppDate= 06/07/1989
FoliarForageBegin= 06/05/1989
FoliarForageEnd= 06/28/1989
AIContactFactor= 2.19589036139194
CL4Pollen= 1.50903312023729
CL4Nectar= 3.04452723357826
CL5Pollen= 0.434917449485511
CL5Nectar= 45.0883801211603
CLDPollen= 4.77649512095377
CLDNectar= 97.4909934564494
CA13Pollen= 5.35959395794198
CA13Nectar= 77.2686178423464
CA410Pollen= 2.2407945207553
CA410Nectar= 81.0615007579327
CA1120Pollen= 1.7979027426336
CA1120Nectar= 91.9786521233618
IPollenTrips= 9.90155409788713
INectarTrips= 10.0117155630141
IPollenLoad= 6.91616307478398
INectarLoad= 6.20120954932645
