ICQueenStrength= 5.07705798512325
RQWkrDrnRatio= 3.18488418962806
ICDroneMiteSurvivorship= 82.194603793323
ICWorkerMiteSurvivorship= 84.5443106023595
ICForagerLifespan= 5.8864172976464
ImmType= Exponential
RQQueenStrength= 3.5002103461884
RQEnableReQueen= true
AIAdultSlope= 6.01386274956167
AIAdultLD50= 24.091277943782
AIAdultSlopeContact= 5.2947299531661
AIAdultLD50Contact= 56.3135811677587
AILarvaSlope= 2.18062500096858
AILarvaLD50= 6.9958964911697
AIKOW= 59654.3654399737
AIKOC= 28330.4935583484
AIHalfLife= 21.098657046468
EAppRate= 2.61207645906601
FoliarEnabled= true
FoliarAppDate= 06/07/1989
FoliarForageBegin= 06/05/1989
FoliarForageEnd= 06/28/1989
AIContactFactor= 2.11136152143124
CL4Pollen= 1.3940668804571
CL4Nectar= 87.178718415089
CL5Pollen= 2.62908552819863
CL5Nectar= 145.325058256276
CLDPollen= 1.55907380674034
CLDNectar= 18.3235126314685
CA13Pollen= 3.42304252767935
CA13Nectar= 78.4422166831791
CA410Pollen= 3.92074046675116
CA410Nectar= 167.834333716892
CA1120Pollen= 2.14389471989125
CA1120Nectar= 94.1108902730048
IPollenTrips= 6.75827901344746
INectarTrips= 8.33203675923869
IPollenLoad= 3.17041474860162
INectarLoad= 9.59869619458914
ESoilP= 1.92577079241164
ESoilFoc= 0.00516977736866102
