ICQueenStrength= 4.67019128287211
RQWkrDrnRatio= 2.34620176628232
ICDroneMiteSurvivorship= 77.5955143850297
ICWorkerMiteSurvivorship= 76.6171482391655
ICForagerLifespan= 14.2283818041906
ImmType= Sine
RQQueenStrength= 2.5622613450978
RQEnableReQueen= true
AIAdultSlope= 3.65236592665315
AIAdultLD50= 93.0520955736765
AIAdultSlopeContact= 6.42703952803276
AIAdultLD50Contact= 15.4130738501309
AILarvaSlope= 1.46586852893233
AILarvaLD50= 77.2834879757182
AIKOW= 71311.2320103062
AIKOC= 57990.6964450823
AIHalfLife= 23.2833418908063
EAppRate= 4.73460415063123
FoliarEnabled= true
FoliarAppDate= 06/07/1989
FoliarForageBegin= 06/05/1989
FoliarForageEnd= 06/28/1989
AIContactFactor= 0.801485748132691
CL4Pollen= 1.12737662903965
CL4Nectar= 68.974093045108
CL5Pollen= 5.70306774275377
CL5Nectar= 137.558454705868
CLDPollen= 0.140852455515414
CLDNectar= 120.92577915173
CA13Pollen= 2.35522366017103
CA13Nectar= 53.6114088259637
CA410Pollen= 7.62340429150499
CA410Nectar= 27.5430383626372
CA1120Pollen= 1.00888751680031
CA1120Nectar= 21.5953254140913
IPollenTrips= 8.50419476628304
INectarTrips= 9.37549529131502
IPollenLoad= 3.97567049367353
INectarLoad= 5.80234926659614
ESoilP= 1.02667513908818
ESoilFoc= 0.00667272627307102
