ICQueenStrength= 2.40880973660387
RQWkrDrnRatio= 4.06962947268039
ICDroneMiteSurvivorship= 53.8205219665542
ICWorkerMiteSurvivorship= 31.4738702727482
ICForagerLifespan= 6.03390565980226
ImmType= Polynomial
RQQueenStrength= 2.82089638779871
RQEnableReQueen= true
AIAdultSlope= 6.27625560946763
AIAdultLD50= 53.4703635966058
AIAdultSlopeContact= 5.43675944581628
AIAdultLD50Contact= 50.8611506592981
AILarvaSlope= 3.78608809038997
AILarvaLD50= 88.3233318603814
AIKOW= 35591.3092762522
AIKOC= 46219.0544691684
AIHalfLife= 14.8375416765455
EAppRate= 4.51674978797347
FoliarEnabled= true
FoliarAppDate= 06/07/1989
FoliarForageBegin= 06/05/1989
FoliarForageEnd= 06/28/1989
AIContactFactor= 0.31997401396744
CL4Pollen= 3.43300290033221
CL4Nectar= 65.4753133188933
CL5Pollen= 2.52691703662276
CL5Nectar= 88.1350263487548
CLDPollen= 4.31079774722457
CLDNectar= 123.198153160047
CA13Pollen= 7.21845370233059
CA13Nectar= 28.7586912885308
CA410Pollen= 5.05480510820635
CA410Nectar= 66.531267343089
CA1120Pollen= 0.845266632037237
CA1120Nectar= 61.1640353687108
IPollenTrips= 5.9004990151152
INectarTrips= 12.5839793286286
IPollenLoad= 5.15081705059856
INectarLoad= 2.00394986197352
