ICQueenStrength= 4.48573651863262
RQWkrDrnRatio= 2.61581800505519
ICDroneMiteSurvivorship= 92.9916833294556
ICWorkerMiteSurvivorship= 77.7145766885951
ICForagerLifespan= 4.81196906976402
ImmType= Cosine
RQQueenStrength= 1.07467952789739
RQEnableReQueen= true
AIAdultSlope= 5.31127195805311
AIAdultLD50= 14.2060939588246
AIAdultSlopeContact= 6.80706245545298
AIAdultLD50Contact= 66.5833940139625
AILarvaSlope= 1.82927913405001
AILarvaLD50= 29.5763053709874
AIKOW= 79567.8636002207
AIKOC= 72422.1698405759
AIHalfLife= 23.8952754715225
EAppRate= 2.82629838202219
FoliarEnabled= true
FoliarAppDate= 06/07/1989
FoliarForageBegin= 06/05/1989
FoliarForageEnd= 06/28/1989
AIContactFactor= 1.36955978916027
CL4Pollen= 2.59372989553958
CL4Nectar= 12.4288676539436
CL5Pollen= 5.94208693457767
CL5Nectar= 56.7322689690627
CLDPollen= 0.103746753651649
CLDNectar= 14.2409540712833
CA13Pollen= 7.62932553216815
CA13Nectar= 33.3715756982565
CA410Pollen= 6.41892527018208
CA410Nectar= 101.227954188362
CA1120Pollen= 2.32156467949972
CA1120Nectar= 41.7457979358733
IPollenTrips= 7.70244281040505
INectarTrips= 8.1618925370276
IPollenLoad= 8.98803694639355
INectarLoad= 1.52993839466944
ESoilP= 1.75049732462503
ESoilFoc= 0.0163107532376889
