ICQueenStrength= 3.72216602414846
RQWkrDrnRatio= 4.64470332209021
ICDroneMiteSurvivorship= 46.2996502406895
ICWorkerMiteSurvivorship= 58.254840457812
ICForagerLifespan= 7.55259668081999
ImmType= Sine
RQQueenStrength= 3.30571845732629
RQEnableReQueen=true
AIAdultSlope= 3.01758682355285
AIAdultLD50= 0.227700441765366
AIAdultSlopeContact= 4.18944836570881
AIAdultLD50Contact= 96.2437515452634
AILarvaSlope= 7.26794382743537
AILarvaLD50= 82.2238600782657
AIKOW= 10688.3733903652
AIKOC= 85735.5514679863
AIHalfLife= 22.7500190500403
EAppRate= 9.23064806200285
FoliarEnabled=true
FoliarAppDate= 07/01/1989
FoliarForageBegin= 07/01/1989
FoliarForageEnd= 07/14/1989
AIContactFactor= 1.10325186443515
CL4Pollen= 2.57807834539562
CL4Nectar= 16.8890695320442
CL5Pollen= 4.82965461490676
CL5Nectar= 94.7356320451945
CLDPollen= 4.30191104672849
CLDNectar= 18.1299423216842
CA13Pollen= 7.65609686430544
CA13Nectar= 30.1102790422738
CA410Pollen= 6.16018890715204
CA410Nectar= 157.238587108441
CA1120Pollen= 2.2565455629956
CA1120Nectar= 86.1044763214886
IPollenTrips= 7.70264102146029
INectarTrips= 9.67881683958694
IPollenLoad= 7.53336464054883
INectarLoad= 1.65004358161241
