ICQueenStrength= 5.65977051528171
RQWkrDrnRatio= 1.74155542254448
ICDroneMiteSurvivorship= 28.1394511228427
ICWorkerMiteSurvivorship= 21.0165590979159
ICForagerLifespan= 11.237559331581
ImmType= Logarithmic
RQQueenStrength= 4.52181875146925
RQEnableReQueen= true
AIAdultSlope= 5.20646994002163
AIAdultLD50= 0.0274650387093425
AIAdultSlopeContact= 5.30489531368949
AIAdultLD50Contact= 56.450736579794
AILarvaSlope= 7.19515024311841
AILarvaLD50= 70.8070071279153
AIKOW= 7435.70960035175
AIKOC= 9358.24773566495
AIHalfLife= 7.82546808205079
EAppRate= 3.86124937958061
FoliarEnabled= true
FoliarAppDate= 09/01/1989
FoliarForageBegin= 09/01/1989
FoliarForageEnd= 09/08/1989
AIContactFactor= 0.712623878913
CL4Pollen= 3.55550192482769
CL4Nectar= 54.764294414781
CL5Pollen= 0.940028484910727
CL5Nectar= 148.285965726245
CLDPollen= 4.08273664908484
CLDNectar= 46.1013585794717
CA13Pollen= 3.53613020833582
CA13Nectar= 66.9301073253155
CA410Pollen= 4.62348587221932
CA410Nectar= 31.3617035280913
CA1120Pollen= 0.690355053171515
CA1120Nectar= 62.4772416055202
IPollenTrips= 6.89761345740408
INectarTrips= 14.5270616537891
IPollenLoad= 8.72866827528924
INectarLoad= 6.25035736942664
