ICQueenStrength= 5.95926682604477
RQWkrDrnRatio= 1.2340450938791
ICDroneMiteSurvivorship= 42.2743648989126
ICWorkerMiteSurvivorship= 88.0535525735468
ICForagerLifespan= 6.17995681334287
ImmType= Sine
AIAdultSlope= 3.07192565512843
AIAdultLD50= 0.0378475703764707
AIAdultSlopeContact= 2.1364388270583
AIAdultLD50Contact= 0.0149134140578099
AILarvaSlope= 0.048589000524953
AILarvaLD50= 0.272029338218272
AIKOW= 2.24406523443758
AIKOC= 23.6271869402844
AIHalfLife= 0.811401405138895
EAppRate= 9.3267554207705
FoliarEnabled= true
