ICQueenStrength= 2.99430322274566
RQWkrDrnRatio= 3.41869355831295
ICDroneMiteSurvivorship= 40.2855742024258
ICWorkerMiteSurvivorship= 32.4325372464955
ICForagerLifespan= 9.48435393068939
ImmType= Logarithmic
RQQueenStrength= 1.65151152433828
RQEnableReQueen= true
AIAdultSlope= 7.88638490624726
AIAdultLD50= 81.4157923901503
AIAdultSlopeContact= 4.4879094932694
AIAdultLD50Contact= 85.0434044579302
AILarvaSlope= 2.59601674601436
AILarvaLD50= 38.1796148586729
AIKOW= 97803.97213604
AIKOC= 8958.44242633926
AIHalfLife= 28.1431952419458
EAppRate= 3.57188989370619
FoliarEnabled= true
FoliarAppDate= 06/07/1989
FoliarForageBegin= 06/05/1989
FoliarForageEnd= 06/28/1989
AIContactFactor= 0.652072814907879
CL4Pollen= 2.64091469533741
CL4Nectar= 0.857595354318619
CL5Pollen= 0.0397659377194941
CL5Nectar= 29.0300562162884
CLDPollen= 0.921515107154846
CLDNectar= 111.21508134529
CA13Pollen= 6.6247707859613
CA13Nectar= 71.9875640049577
CA410Pollen= 7.81904035417829
CA410Nectar= 138.753340612166
CA1120Pollen= 2.21465635439381
CA1120Nectar= 51.0164297558367
IPollenTrips= 11.9462981307879
INectarTrips= 10.8481336990371
IPollenLoad= 9.63633585488424
INectarLoad= 8.19661744171754
