ICQueenStrength= 3.39006655639969
RQWkrDrnRatio= 2.130092125386
ICDroneMiteSurvivorship= 54.3288104701787
ICWorkerMiteSurvivorship= 21.7256966046989
ICForagerLifespan= 9.55681615136564
ImmType= Polynomial
RQQueenStrength= 4.23387340875342
RQEnableReQueen= true
AIAdultSlope= 6.81793485581875
AIAdultLD50= 40.0900971927829
AIAdultSlopeContact= 9.89505520067178
AIAdultLD50Contact= 74.1599577554646
AILarvaSlope= 5.60451517999172
AILarvaLD50= 66.1709256847873
AIKOW= 1596.43198456961
AIKOC= 67505.1995448323
AIHalfLife= 1.26650987074245
EAppRate= 3.03688257822162
FoliarEnabled= true
FoliarAppDate= 06/07/1989
FoliarForageBegin= 06/05/1989
FoliarForageEnd= 06/28/1989
AIContactFactor= 0.51021039230749
CL4Pollen= 1.37436360213906
CL4Nectar= 22.5897589232773
CL5Pollen= 1.84021633537486
CL5Nectar= 31.8162139970809
CLDPollen= 4.27854490606114
CLDNectar= 57.8047406394035
CA13Pollen= 4.7366946621798
CA13Nectar= 43.0228615552187
CA410Pollen= 7.7126287951367
CA410Nectar= 33.1233330210671
CA1120Pollen= 1.20900856610388
CA1120Nectar= 92.1245256252587
IPollenTrips= 8.23831307934597
INectarTrips= 9.90908618783578
IPollenLoad= 9.83356645330787
INectarLoad= 0.17806900665164
