ICQueenStrength= 4.14182181260549
RQWkrDrnRatio= 2.29352493584156
ICDroneMiteSurvivorship= 34.8117623711005
ICWorkerMiteSurvivorship= 63.7202388374135
ICForagerLifespan= 6.42148725409061
ImmType= Cosine
RQQueenStrength= 3.87693164311349
RQEnableReQueen= true
AIAdultSlope= 1.91589939966798
AIAdultLD50= 53.1398501592309
AIAdultSlopeContact= 3.38669555122033
AIAdultLD50Contact= 32.3881828306417
AILarvaSlope= 3.07013032399118
AILarvaLD50= 54.0571671094233
AIKOW= 30524.4285938176
AIKOC= 42762.9374055432
AIHalfLife= 30.155400900892
EAppRate= 4.65212295656395
FoliarEnabled= true
FoliarAppDate= 06/07/1989
FoliarForageBegin= 06/05/1989
FoliarForageEnd= 06/28/1989
AIContactFactor= 0.773899385021068
CL4Pollen= 1.15167425572872
CL4Nectar= 8.27943796757609
CL5Pollen= 0.502785106189549
CL5Nectar= 89.2228490207344
CLDPollen= 3.20980600593612
CLDNectar= 4.42687897011638
CA13Pollen= 4.49079037671909
CA13Nectar= 99.4130019284785
CA410Pollen= 3.94705067102332
CA410Nectar= 60.4004978993908
CA1120Pollen= 0.141755388351157
CA1120Nectar= 23.4193868748844
IPollenTrips= 8.20939038880169
INectarTrips= 13.6903306911699
IPollenLoad= 6.01851061685011
INectarLoad= 8.49614028353244
ESoilP= 1.47770188120194
ESoilFoc= 0.0147271754078101
