ICQueenStrength= 5.22056932933629
RQWkrDrnRatio= 1.64655475318432
ICDroneMiteSurvivorship= 32.8280328772962
ICWorkerMiteSurvivorship= 68.3769298251718
ICForagerLifespan= 11.0746339289472
ImmType= Cosine
RQQueenStrength= 3.3218888673
RQEnableReQueen= true
AIAdultSlope= 1.9190774038434
AIAdultLD50= 63.079316622376
AIAdultSlopeContact= 4.48047716962174
AIAdultLD50Contact= 56.5407108936738
AILarvaSlope= 6.02564044855535
AILarvaLD50= 15.02545263281
AIKOW= 47814.4840601624
AIKOC= 57422.2483483134
AIHalfLife= 30.1236400745343
EAppRate= 8.69099884013273
FoliarEnabled= true
FoliarAppDate= 06/07/1989
FoliarForageBegin= 06/05/1989
FoliarForageEnd= 06/28/1989
AIContactFactor= 1.24695361385122
CL4Pollen= 1.51346734259278
CL4Nectar= 61.7461876943707
CL5Pollen= 1.16255947574973
CL5Nectar= 17.8311532479711
CLDPollen= 3.95120059233159
CLDNectar= 76.5924815554172
CA13Pollen= 7.42324894368648
CA13Nectar= 80.9191633015871
CA410Pollen= 4.8180206123041
CA410Nectar= 136.345251849853
CA1120Pollen= 2.00573523715138
CA1120Nectar= 95.7498899102211
IPollenTrips= 6.19703985750675
INectarTrips= 13.908361652866
IPollenLoad= 0.965062545146793
INectarLoad= 9.98476922977716
