ICQueenStrength= 2.1071907018777
RQWkrDrnRatio= 4.35598146915436
ICDroneMiteSurvivorship= 90.6374882441014
ICWorkerMiteSurvivorship= 70.2596561517566
ICForagerLifespan= 13.1519644185901
ImmType= Tangent
RQQueenStrength= 1.09734653169289
RQEnableReQueen= true
AIAdultSlope= 1.37300707027316
AIAdultLD50= 95.6125703967528
AIAdultSlopeContact= 9.31592104979791
AIAdultLD50Contact= 41.0693224469756
AILarvaSlope= 2.41069751046598
AILarvaLD50= 14.5581370770854
AIKOW= 50371.5052770633
AIKOC= 20448.0745511476
AIHalfLife= 14.6347235966939
EAppRate= 4.77098326203297
FoliarEnabled= true
FoliarAppDate= 06/07/1989
FoliarForageBegin= 06/05/1989
FoliarForageEnd= 06/28/1989
AIContactFactor= 0.792708352464251
CL4Pollen= 0.660918496549129
CL4Nectar= 33.4815329872072
CL5Pollen= 0.222627731971443
CL5Nectar= 30.6231997674331
CLDPollen= 4.93677356047556
CLDNectar= 37.6504159066826
CA13Pollen= 6.71064739748835
CA13Nectar= 31.673574782908
CA410Pollen= 3.80766046245117
CA410Nectar= 93.9767518173903
CA1120Pollen= 1.16055652359501
CA1120Nectar= 92.6189237460494
IPollenTrips= 13.273351599928
INectarTrips= 9.8402626812458
IPollenLoad= 6.98769815033302
INectarLoad= 3.84091483196244
ESoilP= 1.16966071794741
ESoilFoc= 0.00558122588647529
