ICQueenStrength= 2.34795864927582
RQWkrDrnRatio= 1.872449436225
ICDroneMiteSurvivorship= 3.0902982223779
ICWorkerMiteSurvivorship= 23.2097388710827
ICForagerLifespan= 6.66654310934246
ImmType= Sine
RQQueenStrength= 1.45879545737989
RQEnableReQueen= true
AIAdultSlope= 8.64462762884796
AIAdultLD50= 5.44196085014148
AIAdultSlopeContact= 5.82170101860538
AIAdultLD50Contact= 38.7146052704153
AILarvaSlope= 7.72748040780425
AILarvaLD50= 52.5641730226644
AIKOW= 49672.3294992866
AIKOC= 16713.5004800949
AIHalfLife= 30.4488440823276
EAppRate= 1.34778812954878
FoliarEnabled= true
FoliarAppDate= 06/07/1989
FoliarForageBegin= 06/05/1989
FoliarForageEnd= 06/28/1989
AIContactFactor= 1.64284075344447
CL4Pollen= 1.25301015935838
CL4Nectar= 18.7611733097583
CL5Pollen= 3.08179908664897
CL5Nectar= 45.7901117973961
CLDPollen= 1.04057577671483
CLDNectar= 74.4466283242218
CA13Pollen= 4.3938383472152
CA13Nectar= 56.0907140560448
CA410Pollen= 3.54302867141087
CA410Nectar= 114.858032767661
CA1120Pollen= 1.83374349027872
CA1120Nectar= 49.1811010614038
IPollenTrips= 14.2126784985885
INectarTrips= 9.73787193186581
IPollenLoad= 7.93578324373811
INectarLoad= 2.02968530124053
