ICQueenStrength= 1.56897545885295
RQWkrDrnRatio= 1.38839227706194
ICDroneMiteSurvivorship= 7.78532798867673
ICWorkerMiteSurvivorship= 26.2007326819003
ICForagerLifespan= 12.5556618599221
ImmType= Tangent
RQQueenStrength= 3.65016074106097
RQEnableReQueen=true
AIAdultSlope= 7.70725387893617
AIAdultLD50= 0.627211768640671
AIAdultSlopeContact= 5.35023279115558
AIAdultLD50Contact= 0.680268880126066
AILarvaSlope= 5.90249730832875
AILarvaLD50= 45.0602634733806
AIKOW= 86693.9920966717
AIKOC= 66761.9731688541
AIHalfLife= 21.3190587740391
EAppRate= 0.0177452374603599
FoliarEnabled=true
FoliarAppDate= 07/01/1989
FoliarForageBegin= 07/01/1989
FoliarForageEnd= 07/14/1989
AIContactFactor= 1.61683883497957
CL4Pollen= 1.11434781644493
CL4Nectar= 0.655430112965405
CL5Pollen= 0.237222106195986
CL5Nectar= 130.049361172132
CLDPollen= 2.43890906777233
CLDNectar= 85.1892219157889
CA13Pollen= 4.28002147311345
CA13Nectar= 46.5155709162354
CA410Pollen= 8.94933578742202
CA410Nectar= 20.9598553180695
CA1120Pollen= 0.611848325002939
CA1120Nectar= 87.080066781491
IPollenTrips= 6.00039324257523
INectarTrips= 14.7073524491861
IPollenLoad= 8.08701438596472
INectarLoad= 8.47217763308436
