ICQueenStrength= 4.81783555727452
RQWkrDrnRatio= 2.15631282515824
ICDroneMiteSurvivorship= 68.701031175442
ICWorkerMiteSurvivorship= 60.8414654852822
ICForagerLifespan= 13.984053584747
ImmType= Exponential
RQQueenStrength= 5.84326868318021
RQEnableReQueen= true
AIAdultSlope= 5.28257124684751
AIAdultLD50= 73.731895074667
AIAdultSlopeContact= 8.14603233104572
AIAdultLD50Contact= 49.0999373055315
AILarvaSlope= 4.70261588506401
AILarvaLD50= 67.7013128138902
AIKOW= 28421.3214746703
AIKOC= 37975.0203758548
AIHalfLife= 24.2844861279009
EAppRate= 2.77143763247691
FoliarEnabled= true
FoliarAppDate= 06/07/1989
FoliarForageBegin= 06/05/1989
FoliarForageEnd= 06/28/1989
AIContactFactor= 2.14431337226182
CL4Pollen= 1.1228602733463
CL4Nectar= 98.9887205418199
CL5Pollen= 4.66905725374818
CL5Nectar= 76.5085679828189
CLDPollen= 2.65610888740048
CLDNectar= 96.6143879690208
CA13Pollen= 8.00145616363734
CA13Nectar= 44.2549205012619
CA410Pollen= 2.73938103080727
CA410Nectar= 151.412991862744
CA1120Pollen= 0.0630712977144867
CA1120Nectar= 69.5112723857164
IPollenTrips= 13.744440022856
INectarTrips= 8.95470738178119
IPollenLoad= 2.18019992578775
INectarLoad= 9.94451602222398
ESoilP= 1.39760961430147
ESoilFoc= 0.00311841911775991
