ICQueenStrength= 5.84740272862837
RQWkrDrnRatio= 2.79043505620211
ICDroneMiteSurvivorship= 43.5405960539356
ICWorkerMiteSurvivorship= 27.5450053624809
ICForagerLifespan= 9.70978745166212
ImmType= Cosine
RQQueenStrength= 3.96425112755969
RQEnableReQueen= true
AIAdultSlope= 2.44763379171491
AIAdultLD50= 0.254143099215347
AIAdultSlopeContact= 8.75800086930394
AIAdultLD50Contact= 5.56503978819051
AILarvaSlope= 7.49955437146127
AILarvaLD50= 80.6415842254509
AIKOW= 96969.9762997649
AIKOC= 9831.01189305959
AIHalfLife= 11.6567975516431
EAppRate= 0.559420362950768
FoliarEnabled= true
FoliarAppDate= 09/01/1989
FoliarForageBegin= 09/01/1989
FoliarForageEnd= 09/08/1989
AIContactFactor= 2.02234169359785
CL4Pollen= 1.160942918621
CL4Nectar= 22.1668730257079
CL5Pollen= 3.6008733138442
CL5Nectar= 49.1068885778077
CLDPollen= 3.30484325950965
CLDNectar= 64.0630041598342
CA13Pollen= 3.70069583347067
CA13Nectar= 97.1228442527354
CA410Pollen= 2.28596529141068
CA410Nectar= 106.141805108637
CA1120Pollen= 0.0211050615180284
CA1120Nectar= 43.3151975274086
IPollenTrips= 10.8042117278092
INectarTrips= 11.4478175574914
IPollenLoad= 6.11468594521284
INectarLoad= 5.81340337172151
