ICQueenStrength= 2.67861436493695
RQWkrDrnRatio= 3.0181679725647
ICDroneMiteSurvivorship= 61.6541631054133
ICWorkerMiteSurvivorship= 47.2031620331109
ICForagerLifespan= 8.49861826561391
ImmType= Logarithmic
RQQueenStrength= 4.2132843695581
RQEnableReQueen= true
AIAdultSlope= 3.83098636195064
AIAdultLD50= 18.6192419407649
AIAdultSlopeContact= 7.17314757499844
AIAdultLD50Contact= 99.5279057362343
AILarvaSlope= 8.91859018616378
AILarvaLD50= 99.7831933460822
AIKOW= 78206.6336973059
AIKOC= 44436.9794189527
AIHalfLife= 4.89546995032579
EAppRate= 8.36390969010862
FoliarEnabled= true
FoliarAppDate= 06/07/1989
FoliarForageBegin= 06/05/1989
FoliarForageEnd= 06/28/1989
AIContactFactor= 0.607456959472038
CL4Pollen= 0.66343027818948
CL4Nectar= 58.0516981892288
CL5Pollen= 1.8662531459704
CL5Nectar= 134.623243601527
CLDPollen= 4.60297760227695
CLDNectar= 147.009699884802
CA13Pollen= 6.18469518730417
CA13Nectar= 36.3373820111156
CA410Pollen= 4.98267050890718
CA410Nectar= 38.0973831471056
CA1120Pollen= 0.00607100687921047
CA1120Nectar= 20.4153773747385
IPollenTrips= 9.72313863458112
INectarTrips= 8.22551188291982
IPollenLoad= 4.39429716905579
INectarLoad= 0.624770841095597
