ICQueenStrength= 2.00001214444637
RQWkrDrnRatio= 3.5744257196784
ICDroneMiteSurvivorship= 62.8747889073566
ICWorkerMiteSurvivorship= 19.6234048344195
ICForagerLifespan= 9.25266086589545
ImmType= Cosine
RQQueenStrength= 2.92169277369976
RQEnableReQueen=true
AIAdultSlope= 5.47172044403851
AIAdultLD50= 0.0771057020397857
AIAdultSlopeContact= 8.59799865889363
AIAdultLD50Contact= 62.7312182909793
AILarvaSlope= 8.09937211312354
AILarvaLD50= 33.2240381591029
AIKOW= 61721.0278847942
AIKOC= 69983.1308861272
AIHalfLife= 32.3676666086074
EAppRate= 5.31262939369469
FoliarEnabled=true
FoliarAppDate= 07/01/1989
FoliarForageBegin= 07/01/1989
FoliarForageEnd= 07/14/1989
AIContactFactor= 0.586957600382157
CL4Pollen= 0.0339779183268547
CL4Nectar= 15.1285188971087
CL5Pollen= 5.51420241873711
CL5Nectar= 98.8573043723591
CLDPollen= 0.146238596644253
CLDNectar= 23.2157742488198
CA13Pollen= 7.84121900778264
CA13Nectar= 33.3509541116655
CA410Pollen= 5.80390370127279
CA410Nectar= 161.993034137413
CA1120Pollen= 2.1451506530866
CA1120Nectar= 71.1355922743678
IPollenTrips= 9.81366160558537
INectarTrips= 12.2241464979015
IPollenLoad= 9.03012560214847
INectarLoad= 4.91587746888399
