ICQueenStrength= 5.67212794115767
RQWkrDrnRatio= 4.84237240441144
ICDroneMiteSurvivorship= 33.9943478116766
ICWorkerMiteSurvivorship= 39.6030950592831
ICForagerLifespan= 6.63850694522262
ImmType= Logarithmic
RQQueenStrength= 5.99899723683484
RQEnableReQueen= true
AIAdultSlope= 1.18627437949181
AIAdultLD50= 29.9665720069101
AIAdultSlopeContact= 2.58789857383817
AIAdultLD50Contact= 29.6577361662497
AILarvaSlope= 3.12354831956327
AILarvaLD50= 21.2348533028553
AIKOW= 19607.5402033287
AIKOC= 66071.4639430167
AIHalfLife= 9.74606984744314
EAppRate= 1.2545599819948
FoliarEnabled= true
FoliarAppDate= 06/07/1989
FoliarForageBegin= 06/05/1989
FoliarForageEnd= 06/28/1989
AIContactFactor= 0.273627653163858
CL4Pollen= 0.226206891238689
CL4Nectar= 82.039784360677
CL5Pollen= 1.10196545021608
CL5Nectar= 66.5009928750806
CLDPollen= 4.03537005465478
CLDNectar= 121.56390377786
CA13Pollen= 7.46651711715385
CA13Nectar= 33.9463212713599
CA410Pollen= 9.09405343378894
CA410Nectar= 63.9546922268346
CA1120Pollen= 2.25271062366664
CA1120Nectar= 24.1180647350848
IPollenTrips= 8.40587871149182
INectarTrips= 8.6035910085775
IPollenLoad= 4.84083453426138
INectarLoad= 1.65784464916214
ESoilP= 1.54301023017615
ESoilFoc= 0.0162664570170455
