ICQueenStrength= 2.90329574863426
RQWkrDrnRatio= 2.08138407114893
ICDroneMiteSurvivorship= 88.3878251770511
ICWorkerMiteSurvivorship= 84.2485117260367
ICForagerLifespan= 5.72320504393429
ImmType= Sine
AIAdultSlope= 3.47814610505244
AIAdultLD50= 0.108399210358039
AIAdultSlopeContact= 0.409518923582509
AIAdultLD50Contact= 0.00727749317884445
AILarvaSlope= 1.97074228278361
AILarvaLD50= 0.289028647542
AIKOW= 2.28068622294813
AIKOC= 26.1583150492515
AIHalfLife= 2.60197053742595
EAppRate= 9.17079940671101
FoliarEnabled= true
