ICQueenStrength= 4.51901627145708
RQWkrDrnRatio= 4.17390166036785
ICDroneMiteSurvivorship= 9.16979068424553
ICWorkerMiteSurvivorship= 61.5178631385788
ICForagerLifespan= 15.6524207117036
ImmType= Sine
RQQueenStrength= 3.21629555220716
RQEnableReQueen= true
AIAdultSlope= 2.3807751275599
AIAdultLD50= 71.6250872252069
AIAdultSlopeContact= 8.8535152124241
AIAdultLD50Contact= 13.7419215387916
AILarvaSlope= 1.58326973952353
AILarvaLD50= 0.0746702084208373
AIKOW= 76269.5522494965
AIKOC= 2995.39853762183
AIHalfLife= 26.3053487754194
EAppRate= 1.09017053044657
FoliarEnabled= true
FoliarAppDate= 06/07/1989
FoliarForageBegin= 06/05/1989
FoliarForageEnd= 06/28/1989
AIContactFactor= 0.939192513199523
CL4Pollen= 3.60793203208596
CL4Nectar= 70.5477870069444
CL5Pollen= 5.55937841674313
CL5Nectar= 125.518303527497
CLDPollen= 3.7417012732476
CLDNectar= 34.0659660520032
CA13Pollen= 3.83929631607607
CA13Nectar= 51.9355342537165
CA410Pollen= 4.13500621349085
CA410Nectar= 178.029700196348
CA1120Pollen= 1.94658931111917
CA1120Nectar= 35.6770289875567
IPollenTrips= 5.30627561965957
INectarTrips= 9.28144982317463
IPollenLoad= 0.623690311331302
INectarLoad= 0.802555056288838
