ICQueenStrength= 3.13342230184935
RQWkrDrnRatio= 2.57499231025577
ICDroneMiteSurvivorship= 63.727892213501
ICWorkerMiteSurvivorship= 40.9935584757477
ICForagerLifespan= 6.73763022292405
ImmType= Cosine
RQQueenStrength= 4.7897593039088
RQEnableReQueen= true
AIAdultSlope= 6.6259456910193
AIAdultLD50= 0.971509123424301
AIAdultSlopeContact= 4.63892736588605
AIAdultLD50Contact= 97.8129311778653
AILarvaSlope= 4.31869691982865
AILarvaLD50= 10.8766607839034
AIKOW= 85135.5197104268
AIKOC= 13306.6170592047
AIHalfLife= 23.1785309647443
EAppRate= 2.36414598820638
FoliarEnabled= true
FoliarAppDate= 09/01/1989
FoliarForageBegin= 09/01/1989
FoliarForageEnd= 09/08/1989
AIContactFactor= 0.910191899267957
CL4Pollen= 3.57711218297482
CL4Nectar= 61.7828177986667
CL5Pollen= 5.11033453512937
CL5Nectar= 144.398579502013
CLDPollen= 3.9018923859112
CLDNectar= 110.750416014344
CA13Pollen= 6.92341819573194
CA13Nectar= 55.1515705883503
CA410Pollen= 4.62615471305326
CA410Nectar= 128.325655939989
CA1120Pollen= 2.53846777626313
CA1120Nectar= 50.752791557461
IPollenTrips= 8.32098902668804
INectarTrips= 9.11813213257119
IPollenLoad= 6.00072518456727
INectarLoad= 2.11488155648112
