ICQueenStrength= 4.62285864423029
RQWkrDrnRatio= 1.37362858746201
ICDroneMiteSurvivorship= 39.5172940101475
ICWorkerMiteSurvivorship= 82.1993265300989
ICForagerLifespan= 10.6422104267403
ImmType= Logarithmic
AIAdultSlope= 2.46967329400359
AIAdultLD50= 0.0953932521399111
AIAdultSlopeContact= 1.68860033564502
AIAdultLD50Contact= 0.00821486074710265
AILarvaSlope= 0.450508014624938
AILarvaLD50= 0.322419687593356
AIKOW= 3.69569427613169
AIKOC= 10.4857473412994
AIHalfLife= 2.1950963556068
EAppRate= 2.77172714238986
FoliarEnabled= true
