ICQueenStrength= 1.04519118578173
RQWkrDrnRatio= 3.99580861721188
ICDroneMiteSurvivorship= 73.3452258165926
ICWorkerMiteSurvivorship= 6.0180364176631
ICForagerLifespan= 6.99746159650385
ImmType= Tangent
RQQueenStrength= 3.97964191180654
RQEnableReQueen= true
AIAdultSlope= 2.22332350350916
AIAdultLD50= 0.590852725566598
AIAdultSlopeContact= 5.02318168547936
AIAdultLD50Contact= 2.72685622132663
AILarvaSlope= 8.82799522206187
AILarvaLD50= 57.3504979956152
AIKOW= 81626.0768779415
AIKOC= 74245.2655379856
AIHalfLife= 34.6244133103872
EAppRate= 7.41088832640299
FoliarEnabled= true
FoliarAppDate= 06/07/1989
FoliarForageBegin= 06/05/1989
FoliarForageEnd= 06/28/1989
AIContactFactor= 0.57236567530781
CL4Pollen= 2.93390302173793
CL4Nectar= 75.8871983503923
CL5Pollen= 3.43991538137197
CL5Nectar= 36.0471599386074
CLDPollen= 4.58387248171493
CLDNectar= 112.207619345281
CA13Pollen= 2.29189896564931
CA13Nectar= 62.9957705363631
CA410Pollen= 6.54102363737766
CA410Nectar= 88.4316145908087
CA1120Pollen= 0.573859340976924
CA1120Nectar= 90.1976695843041
IPollenTrips= 10.3829573490657
INectarTrips= 6.96189775364473
IPollenLoad= 0.121651391964406
INectarLoad= 9.29674400016665
ESoilP= 1.12500321073458
ESoilFoc= 0.0148667437906843
