ICQueenStrength= 3.47660816297866
RQWkrDrnRatio= 1.52973772957921
ICDroneMiteSurvivorship= 22.4196590716019
ICWorkerMiteSurvivorship= 90.1558557059616
ICForagerLifespan= 4.93289891909808
ImmType= Sine
RQQueenStrength= 3.39625567686744
RQEnableReQueen= true
AIAdultSlope= 5.25947950780392
AIAdultLD50= 0.442062137562782
AIAdultSlopeContact= 1.86997498222627
AIAdultLD50Contact= 8.92636823044531
AILarvaSlope= 6.79329656623304
AILarvaLD50= 87.4411842791415
AIKOW= 55758.4196798541
AIKOC= 38376.6135970969
AIHalfLife= 11.8151448596735
EAppRate= 0.0856554215850774
FoliarEnabled= true
FoliarAppDate= 06/07/1989
FoliarForageBegin= 06/05/1989
FoliarForageEnd= 06/28/1989
AIContactFactor= 2.02525987213477
CL4Pollen= 2.98300854116678
CL4Nectar= 0.264320219866931
CL5Pollen= 1.08621417079121
CL5Nectar= 95.536044286564
CLDPollen= 4.33346935082227
CLDNectar= 15.2940585860051
CA13Pollen= 4.87657133983448
CA13Nectar= 93.9771776273847
CA410Pollen= 8.8154370511882
CA410Nectar= 84.826545547694
CA1120Pollen= 1.12166905682534
CA1120Nectar= 40.419237203896
IPollenTrips= 7.17252981150523
INectarTrips= 7.31923335930333
IPollenLoad= 5.36411772249267
INectarLoad= 2.09275494096801
