ICQueenStrength= 5.44258768926375
RQWkrDrnRatio= 3.86649189051241
ICDroneMiteSurvivorship= 54.906695894897
ICWorkerMiteSurvivorship= 20.3778159571812
ICForagerLifespan= 11.1362656857818
ImmType= Sine
RQQueenStrength= 3.07427868037485
RQEnableReQueen= true
AIAdultSlope= 2.47345776483417
AIAdultLD50= 4.34148242770019
AIAdultSlopeContact= 5.95188639801927
AIAdultLD50Contact= 39.7093181244479
AILarvaSlope= 1.39313556998968
AILarvaLD50= 8.55931853564409
AIKOW= 4828.84286337179
AIKOC= 5675.08029401442
AIHalfLife= 1.22575559124816
EAppRate= 2.44081166139035
FoliarEnabled= true
FoliarAppDate= 06/07/1989
FoliarForageBegin= 06/05/1989
FoliarForageEnd= 06/28/1989
AIContactFactor= 0.738178159282543
CL4Pollen= 0.541214104741812
CL4Nectar= 5.03381879534572
CL5Pollen= 2.67386043956503
CL5Nectar= 33.8757158140652
CLDPollen= 4.81152424542233
CLDNectar= 113.332225859631
CA13Pollen= 3.39647153979167
CA13Nectar= 20.8429312333465
CA410Pollen= 3.04552988493815
CA410Nectar= 52.1907360525802
CA1120Pollen= 1.00200446695089
CA1120Nectar= 20.5679904296994
IPollenTrips= 11.2597207422368
INectarTrips= 9.00419716723263
IPollenLoad= 5.58745061280206
INectarLoad= 7.82350204419345
ESoilP= 1.55771334306337
ESoilFoc= 0.0035152227000799
