ICQueenStrength= 3.48623142717406
RQWkrDrnRatio= 4.05008445773274
ICDroneMiteSurvivorship= 36.9072692468762
ICWorkerMiteSurvivorship= 75.3906017402187
ICForagerLifespan= 10.1467723185197
ImmType= Exponential
RQQueenStrength= 2.4156732975971
RQEnableReQueen= true
AIAdultSlope= 6.61781617067754
AIAdultLD50= 6.20132357877749
AIAdultSlopeContact= 2.76090947911143
AIAdultLD50Contact= 42.6014632156668
AILarvaSlope= 4.30695589073002
AILarvaLD50= 83.2376259485453
AIKOW= 24217.0900452219
AIKOC= 34480.5704351079
AIHalfLife= 6.69147347658873
EAppRate= 4.97975322306436
FoliarEnabled= true
FoliarAppDate= 06/07/1989
FoliarForageBegin= 06/05/1989
FoliarForageEnd= 06/28/1989
AIContactFactor= 0.482042324435897
CL4Pollen= 0.122960940003395
CL4Nectar= 16.5325996931642
CL5Pollen= 0.347780648153275
CL5Nectar= 91.6570227476768
CLDPollen= 5.61479699425399
CLDNectar= 4.66196002671495
CA13Pollen= 8.01233278522268
CA13Nectar= 81.5741447359324
CA410Pollen= 5.34370916425251
CA410Nectar= 120.23464734666
CA1120Pollen= 2.94294838607311
CA1120Nectar= 64.6454022452235
IPollenTrips= 12.1572561631911
INectarTrips= 7.36514367163181
IPollenLoad= 3.53873890824616
INectarLoad= 5.04502552328631
