ICQueenStrength= 2.8117981730029
RQWkrDrnRatio= 4.75580318085849
ICDroneMiteSurvivorship= 17.5254646223038
ICWorkerMiteSurvivorship= 8.18995009176433
ICForagerLifespan= 9.07141201943159
ImmType= Exponential
RQQueenStrength= 2.51892051659524
RQEnableReQueen=true
AIAdultSlope= 8.57505502551794
AIAdultLD50= 0.615221365103265
AIAdultSlopeContact= 2.76160828885622
AIAdultLD50Contact= 75.1963326987
AILarvaSlope= 5.24014047347009
AILarvaLD50= 64.2534442754069
AIKOW= 74889.7554550248
AIKOC= 75760.9360316491
AIHalfLife= 20.802632066072
EAppRate= 1.13708537620096
FoliarEnabled=true
FoliarAppDate= 07/01/1989
FoliarForageBegin= 07/01/1989
FoliarForageEnd= 07/14/1989
AIContactFactor= 2.29969838344026
CL4Pollen= 0.613965423777699
CL4Nectar= 8.66467300802469
CL5Pollen= 3.3767804405652
CL5Nectar= 50.6166969775222
CLDPollen= 0.40710614528507
CLDNectar= 14.8256961721927
CA13Pollen= 6.58789058243856
CA13Nectar= 99.3548222817481
CA410Pollen= 5.91287611981388
CA410Nectar= 78.0100068403408
CA1120Pollen= 0.577342257834971
CA1120Nectar= 32.8726940229535
IPollenTrips= 5.13449681457132
INectarTrips= 7.90863189147785
IPollenLoad= 9.99665390932932
INectarLoad= 8.75254134181887
