ICQueenStrength= 4.20982998237014
RQWkrDrnRatio= 3.85721252579242
ICDroneMiteSurvivorship= 72.7379883639514
ICWorkerMiteSurvivorship= 88.220975943841
ICForagerLifespan= 11.9770546583459
ImmType= Tangent
RQQueenStrength= 3.65250614727847
RQEnableReQueen= true
AIAdultSlope= 2.28905590809882
AIAdultLD50= 11.0614092837982
AIAdultSlopeContact= 9.20759778819047
AIAdultLD50Contact= 35.6778442494525
AILarvaSlope= 4.01199828460813
AILarvaLD50= 28.8704457743191
AIKOW= 674.61171651578
AIKOC= 60783.6092701182
AIHalfLife= 4.1612472279463
EAppRate= 3.99042839172459
FoliarEnabled= true
FoliarAppDate= 06/07/1989
FoliarForageBegin= 06/05/1989
FoliarForageEnd= 06/28/1989
AIContactFactor= 2.27295227094553
CL4Pollen= 0.494408526457846
CL4Nectar= 93.748973775655
CL5Pollen= 1.69378174748272
CL5Nectar= 21.0363978054374
CLDPollen= 1.94843867048621
CLDNectar= 40.8534658025019
CA13Pollen= 4.98170833410695
CA13Nectar= 27.4962474964559
CA410Pollen= 8.6185431387974
CA410Nectar= 185.216987957247
CA1120Pollen= 1.4818541589193
CA1120Nectar= 62.5468620657921
IPollenTrips= 7.95492236036807
INectarTrips= 9.45051476126537
IPollenLoad= 7.81921233981848
INectarLoad= 9.01054039830342
