ICQueenStrength= 2.85597738833167
RQWkrDrnRatio= 2.85733849834651
ICDroneMiteSurvivorship= 94.6778339333832
ICWorkerMiteSurvivorship= 60.8642003498971
ICForagerLifespan= 10.2617221605033
ImmType= Logarithmic
RQQueenStrength= 5.62065643630922
RQEnableReQueen= true
AIAdultSlope= 3.7285474948585
AIAdultLD50= 77.3046313245804
AIAdultSlopeContact= 3.1087226679083
AIAdultLD50Contact= 65.5604853482645
AILarvaSlope= 6.40072640217841
AILarvaLD50= 53.0854749222423
AIKOW= 37886.2802818516
AIKOC= 37579.8934255664
AIHalfLife= 5.42643267991953
EAppRate= 1.90159211809724
FoliarEnabled= true
FoliarAppDate= 06/07/1989
FoliarForageBegin= 06/05/1989
FoliarForageEnd= 06/28/1989
AIContactFactor= 0.462464025868103
CL4Pollen= 0.323021654970944
CL4Nectar= 97.6201967801899
CL5Pollen= 0.565004586707801
CL5Nectar= 94.4032214116305
CLDPollen= 3.86100418260321
CLDNectar= 28.5625546937808
CA13Pollen= 5.99053553752601
CA13Nectar= 38.7768407724798
CA410Pollen= 3.30836999928579
CA410Nectar= 24.150086119771
CA1120Pollen= 2.24267415446229
CA1120Nectar= 61.8440004065633
IPollenTrips= 11.6895646462217
INectarTrips= 5.01913777086884
IPollenLoad= 6.18084726855159
INectarLoad= 5.59465085156262
