ICQueenStrength= 4.99599050520919
RQWkrDrnRatio= 1.59167329687625
ICDroneMiteSurvivorship= 44.6293460903689
ICWorkerMiteSurvivorship= 23.5646906075999
ICForagerLifespan= 14.4153322223574
ImmType= Tangent
AIAdultSlope= 2.88907701878808
AIAdultLD50= 0.046206747321412
AIAdultSlopeContact= 2.39493879633257
AIAdultLD50Contact= 0.0141265779500827
AILarvaSlope= 0.191986308339983
AILarvaLD50= 0.552684650360607
AIKOW= 2.6434193328023
AIKOC= 7.82351393252611
AIHalfLife= 1.9154612098122
EAppRate= 8.389309970662
FoliarEnabled= true
