ICQueenStrength= 4.23014602647163
RQWkrDrnRatio= 2.13468882348388
ICDroneMiteSurvivorship= 78.7683836184442
ICWorkerMiteSurvivorship= 39.1981649911031
ICForagerLifespan= 11.4512678300962
ImmType= Polynomial
RQQueenStrength= 5.94854175602086
RQEnableReQueen= true
AIAdultSlope= 7.55859498307109
AIAdultLD50= 0.669915028225398
AIAdultSlopeContact= 6.06834633974358
AIAdultLD50Contact= 46.5617485759719
AILarvaSlope= 7.0262364372611
AILarvaLD50= 24.9820204521315
AIKOW= 46973.5770194506
AIKOC= 55342.1946841558
AIHalfLife= 20.2236182280583
EAppRate= 6.84702816105588
FoliarEnabled= true
FoliarAppDate= 06/07/1989
FoliarForageBegin= 06/05/1989
FoliarForageEnd= 06/28/1989
AIContactFactor= 1.35667398871388
CL4Pollen= 0.0815961230546236
CL4Nectar= 27.6305173290893
CL5Pollen= 1.92483303230256
CL5Nectar= 39.2900046310388
CLDPollen= 2.26650252565742
CLDNectar= 115.067046869081
CA13Pollen= 6.35456272941083
CA13Nectar= 45.991631411016
CA410Pollen= 3.44160038186237
CA410Nectar= 138.850023727864
CA1120Pollen= 0.546502905199304
CA1120Nectar= 67.3389459215105
IPollenTrips= 14.1784260026179
INectarTrips= 9.94421448558569
IPollenLoad= 7.45557692134753
INectarLoad= 5.47218474792317
