ICQueenStrength= 1.65990510163829
RQWkrDrnRatio= 4.92352885194123
ICDroneMiteSurvivorship= 66.6749797994271
ICWorkerMiteSurvivorship= 93.1420128792524
ICForagerLifespan= 13.5455650966614
ImmType= Logarithmic
RQQueenStrength= 2.83883277582936
RQEnableReQueen= true
AIAdultSlope= 3.33881109394133
AIAdultLD50= 29.1487690684451
AIAdultSlopeContact= 9.08708888432011
AIAdultLD50Contact= 82.8830323357869
AILarvaSlope= 4.55668966472149
AILarvaLD50= 15.1738856430871
AIKOW= 79804.056806977
AIKOC= 29905.9009060119
AIHalfLife= 3.22836468471214
EAppRate= 5.71431614721334
FoliarEnabled= true
FoliarAppDate= 06/07/1989
FoliarForageBegin= 06/05/1989
FoliarForageEnd= 06/28/1989
AIContactFactor= 1.32963498247787
CL4Pollen= 3.43025623634458
CL4Nectar= 76.3634370174259
CL5Pollen= 3.93503846833482
CL5Nectar= 101.074866880663
CLDPollen= 3.41471265954897
CLDNectar= 96.3453981326893
CA13Pollen= 7.64096999894828
CA13Nectar= 70.8786661922932
CA410Pollen= 2.9689171154052
CA410Nectar= 64.0248745726421
CA1120Pollen= 2.26198433339596
CA1120Nectar= 69.4074140302837
IPollenTrips= 7.93055184651166
INectarTrips= 8.05886135669425
IPollenLoad= 8.95499282283708
INectarLoad= 9.57628825912252
ESoilP= 1.34974821377546
ESoilFoc= 0.0180884068089072
