ICQueenStrength= 4.24034316814505
RQWkrDrnRatio= 2.76734803803265
ICDroneMiteSurvivorship= 54.1885738028213
ICWorkerMiteSurvivorship= 72.3970155930147
ICForagerLifespan= 12.9965729080141
ImmType= Logarithmic
RQQueenStrength= 2.617225126829
RQEnableReQueen= true
AIAdultSlope= 3.10383192263544
AIAdultLD50= 54.2573799496093
AIAdultSlopeContact= 6.54504971741699
AIAdultLD50Contact= 48.701570269841
AILarvaSlope= 5.54828496836126
AILarvaLD50= 76.8338721915062
AIKOW= 21883.102471697
AIKOC= 59708.8760016263
AIHalfLife= 8.15193390306085
EAppRate= 4.41144588072039
FoliarEnabled= true
FoliarAppDate= 06/07/1989
FoliarForageBegin= 06/05/1989
FoliarForageEnd= 06/28/1989
AIContactFactor= 1.13611049575731
CL4Pollen= 0.486483996734023
CL4Nectar= 50.6757190683857
CL5Pollen= 4.1297599975951
CL5Nectar= 52.3948101676069
CLDPollen= 3.77095756726339
CLDNectar= 49.6242485940456
CA13Pollen= 7.15637016789988
CA13Nectar= 48.8193970546126
CA410Pollen= 9.01346053287853
CA410Nectar= 74.5823316834867
CA1120Pollen= 0.22160251555033
CA1120Nectar= 64.7112384811044
IPollenTrips= 8.44952517887577
INectarTrips= 14.7624492528848
IPollenLoad= 6.85746893985197
INectarLoad= 9.44229007698596
ESoilP= 1.39604067616165
ESoilFoc= 0.00662251880438998
