ICQueenStrength= 4.6637029144913
RQWkrDrnRatio= 3.60111592523754
ICDroneMiteSurvivorship= 87.5212092185393
ICWorkerMiteSurvivorship= 11.4591027610004
ICForagerLifespan= 8.76421216409653
ImmType= Tangent
RQQueenStrength= 5.94159076595679
RQEnableReQueen= true
AIAdultSlope= 2.19536995515227
AIAdultLD50= 12.9652730073878
AIAdultSlopeContact= 6.97444508876652
AIAdultLD50Contact= 35.9197496560677
AILarvaSlope= 7.84711047448218
AILarvaLD50= 45.7376435337984
AIKOW= 65341.632530479
AIKOC= 27728.441816482
AIHalfLife= 1.99873245442286
EAppRate= 0.74012909597205
FoliarEnabled= true
FoliarAppDate= 06/07/1989
FoliarForageBegin= 06/05/1989
FoliarForageEnd= 06/28/1989
AIContactFactor= 1.13017486036289
CL4Pollen= 0.919798088259995
CL4Nectar= 69.8418962070718
CL5Pollen= 0.721350569743663
CL5Nectar= 112.435864435975
CLDPollen= 1.59778678463772
CLDNectar= 9.38484231010079
CA13Pollen= 5.6335990389809
CA13Nectar= 54.9243448488414
CA410Pollen= 7.30590651771054
CA410Nectar= 180.879264133982
CA1120Pollen= 0.155149277765304
CA1120Nectar= 72.716035861522
IPollenTrips= 10.6494018365629
INectarTrips= 6.78656287258491
IPollenLoad= 9.5908863004297
INectarLoad= 9.67073377687484
