ICQueenStrength= 4.41801968635991
RQWkrDrnRatio= 2.94026695005596
ICDroneMiteSurvivorship= 85.0066528655589
ICWorkerMiteSurvivorship= 99.1565936710685
ICForagerLifespan= 8.06802072469145
ImmType= Tangent
RQQueenStrength= 1.34217777429149
RQEnableReQueen= true
AIAdultSlope= 3.99801175668836
AIAdultLD50= 0.532881337833824
AIAdultSlopeContact= 1.77145602437668
AIAdultLD50Contact= 21.8496007769494
AILarvaSlope= 4.48507940396667
AILarvaLD50= 41.4495784432173
AIKOW= 40252.4317059172
AIKOC= 61005.453234487
AIHalfLife= 1.17327483871486
EAppRate= 0.773483017735416
FoliarEnabled= true
FoliarAppDate= 09/01/1989
FoliarForageBegin= 09/01/1989
FoliarForageEnd= 09/08/1989
AIContactFactor= 2.33458250456024
CL4Pollen= 3.94994660653174
CL4Nectar= 51.8483495339751
CL5Pollen= 3.31809190660715
CL5Nectar= 138.609052158426
CLDPollen= 0.769283335190266
CLDNectar= 30.9097421471961
CA13Pollen= 3.1305656333454
CA13Nectar= 98.2139398343861
CA410Pollen= 9.04891663771123
CA410Nectar= 30.3660571482033
CA1120Pollen= 0.247084013186395
CA1120Nectar= 46.7723642848432
IPollenTrips= 9.07513159327209
INectarTrips= 7.25556525634602
IPollenLoad= 5.53219060413539
INectarLoad= 1.88048943178728
