ICQueenStrength= 1.20992105361074
RQWkrDrnRatio= 1.32474764902145
ICDroneMiteSurvivorship= 93.8893424114212
ICWorkerMiteSurvivorship= 69.6695468388498
ICForagerLifespan= 13.9474919242784
ImmType= Tangent
RQQueenStrength= 2.85091718565673
RQEnableReQueen= true
AIAdultSlope= 3.73758914135396
AIAdultLD50= 99.6282554619168
AIAdultSlopeContact= 5.13614116422832
AIAdultLD50Contact= 27.4033841751721
AILarvaSlope= 4.56767651252449
AILarvaLD50= 2.47673085760372
AIKOW= 58786.1011273313
AIKOC= 59914.4293412955
AIHalfLife= 16.6521515542641
EAppRate= 8.73919935987983
FoliarEnabled= true
FoliarAppDate= 06/07/1989
FoliarForageBegin= 06/05/1989
FoliarForageEnd= 06/28/1989
AIContactFactor= 1.92684375442564
CL4Pollen= 2.30232071597129
CL4Nectar= 58.2982611143962
CL5Pollen= 2.60189723270014
CL5Nectar= 133.344678464346
CLDPollen= 2.0848553753458
CLDNectar= 131.344614748377
CA13Pollen= 3.35526422206312
CA13Nectar= 63.8252934627235
CA410Pollen= 4.44062973726541
CA410Nectar= 63.2752500427887
CA1120Pollen= 0.0224117764737457
CA1120Nectar= 45.9749817289412
IPollenTrips= 9.67102291062474
INectarTrips= 12.1524582547136
IPollenLoad= 1.6659474093467
INectarLoad= 6.18713544216007
