ICQueenStrength= 3.31407733727247
RQWkrDrnRatio= 1.38952964171767
ICDroneMiteSurvivorship= 30.2131477743387
ICWorkerMiteSurvivorship= 84.201247501187
ICForagerLifespan= 12.801480775699
ImmType= Logarithmic
RQQueenStrength= 3.10529265273362
RQEnableReQueen=true
AIAdultSlope= 5.95569611899555
AIAdultLD50= 0.265596774925711
AIAdultSlopeContact= 8.20283192698844
AIAdultLD50Contact= 26.7607565114768
AILarvaSlope= 5.86201625131071
AILarvaLD50= 70.9726747420137
AIKOW= 92858.6049860358
AIKOC= 49189.2470109852
AIHalfLife= 8.0881132294191
EAppRate= 4.54976609483059
FoliarEnabled=true
FoliarAppDate= 07/01/1989
FoliarForageBegin= 07/01/1989
FoliarForageEnd= 07/14/1989
AIContactFactor= 1.0182738148747
CL4Pollen= 3.29070851113647
CL4Nectar= 45.8497499115765
CL5Pollen= 2.32790482509881
CL5Nectar= 142.855015292298
CLDPollen= 1.80268377251923
CLDNectar= 91.9449092703871
CA13Pollen= 5.55872680321336
CA13Nectar= 81.2784520350397
CA410Pollen= 7.3465412071906
CA410Nectar= 32.4118605675176
CA1120Pollen= 1.88141584955156
CA1120Nectar= 39.3348605372012
IPollenTrips= 12.7632341580465
INectarTrips= 14.700319240801
IPollenLoad= 3.56551095377654
INectarLoad= 5.98298742668703
