ICQueenStrength= 2.74522405839525
RQWkrDrnRatio= 2.2219295958057
ICDroneMiteSurvivorship= 81.4343352103606
ICWorkerMiteSurvivorship= 65.6438199337572
ICForagerLifespan= 7.00662308651954
ImmType= Logarithmic
RQQueenStrength= 2.9571460573934
RQEnableReQueen= true
AIAdultSlope= 1.13009234517813
AIAdultLD50= 41.9739203122603
AIAdultSlopeContact= 5.52212377777323
AIAdultLD50Contact= 56.278342578948
AILarvaSlope= 5.86657764576375
AILarvaLD50= 10.5389462228459
AIKOW= 65428.664756072
AIKOC= 24181.2241087186
AIHalfLife= 5.17123986470979
EAppRate= 7.53398419629037
FoliarEnabled= true
FoliarAppDate= 06/07/1989
FoliarForageBegin= 06/05/1989
FoliarForageEnd= 06/28/1989
AIContactFactor= 0.71159569052048
CL4Pollen= 3.0635938430205
CL4Nectar= 3.87810703832656
CL5Pollen= 4.91904713027179
CL5Nectar= 92.6455589127727
CLDPollen= 1.63394153025001
CLDNectar= 76.0656627011485
CA13Pollen= 6.02324733678251
CA13Nectar= 32.4680346995592
CA410Pollen= 6.47842991668731
CA410Nectar= 45.8552102092654
CA1120Pollen= 1.78653595992364
CA1120Nectar= 67.4491462670267
IPollenTrips= 7.80793048674241
INectarTrips= 9.29405703209341
IPollenLoad= 2.82428986392915
INectarLoad= 4.83057493111119
ESoilP= 1.22255090856925
ESoilFoc= 0.0148718720292672
