ICQueenStrength= 2.4523551594466
RQWkrDrnRatio= 4.53453253488988
ICDroneMiteSurvivorship= 43.5256129363552
ICWorkerMiteSurvivorship= 26.3675231253728
ICForagerLifespan= 13.2496432624757
ImmType= Cosine
RQQueenStrength= 1.98829137999564
RQEnableReQueen=true
AIAdultSlope= 8.89480138942599
AIAdultLD50= 0.254247426545015
AIAdultSlopeContact= 2.11634797113948
AIAdultLD50Contact= 47.5168847141738
AILarvaSlope= 3.98164899460971
AILarvaLD50= 61.9345018447018
AIKOW= 69927.8323482487
AIKOC= 26954.2475749159
AIHalfLife= 25.6379696259974
EAppRate= 2.85375119593227
FoliarEnabled=true
FoliarAppDate= 07/01/1989
FoliarForageBegin= 07/01/1989
FoliarForageEnd= 07/14/1989
AIContactFactor= 1.00586739601567
CL4Pollen= 3.35846671462059
CL4Nectar= 86.6198275703937
CL5Pollen= 5.18991439137608
CL5Nectar= 53.2978374394588
CLDPollen= 0.3182661999017
CLDNectar= 55.2765108528547
CA13Pollen= 6.42197469137609
CA13Nectar= 29.666964635253
CA410Pollen= 4.30052109444514
CA410Nectar= 54.4077659538016
CA1120Pollen= 1.99243728071451
CA1120Nectar= 56.5471452847123
IPollenTrips= 11.1734347743914
INectarTrips= 7.70082764560357
IPollenLoad= 8.99477434111759
INectarLoad= 5.86790601490065
