ICQueenStrength= 3.85400500288233
RQWkrDrnRatio= 1.4157741330564
ICDroneMiteSurvivorship= 76.110938587226
ICWorkerMiteSurvivorship= 20.5647997558117
ICForagerLifespan= 8.84852026309818
ImmType= Sine
RQQueenStrength= 5.29883647710085
RQEnableReQueen= true
AIAdultSlope= 8.82141763344407
AIAdultLD50= 0.453624471565709
AIAdultSlopeContact= 5.8461329001002
AIAdultLD50Contact= 73.7805447374214
AILarvaSlope= 2.28873093985021
AILarvaLD50= 86.1389221471534
AIKOW= 28836.523616799
AIKOC= 70431.9999433663
AIHalfLife= 18.2739242024487
EAppRate= 9.02472572843591
FoliarEnabled= true
FoliarAppDate= 09/01/1989
FoliarForageBegin= 09/01/1989
FoliarForageEnd= 09/08/1989
AIContactFactor= 0.577162608280778
CL4Pollen= 0.391459710896015
CL4Nectar= 75.5504129687324
CL5Pollen= 4.51695521129295
CL5Nectar= 130.992795992643
CLDPollen= 0.73251274600625
CLDNectar= 26.415356551297
CA13Pollen= 5.73349813167006
CA13Nectar= 45.8217949606478
CA410Pollen= 3.62905065850355
CA410Nectar= 94.5133587019518
CA1120Pollen= 0.714120300253853
CA1120Nectar= 85.8006044477224
IPollenTrips= 6.25107431784272
INectarTrips= 11.3313593436033
IPollenLoad= 2.18229939695448
INectarLoad= 2.17819206183776
