ICQueenStrength= 1.47833263990469
RQWkrDrnRatio= 4.23031660076231
ICDroneMiteSurvivorship= 80.1126710604876
ICWorkerMiteSurvivorship= 13.3997977944091
ICForagerLifespan= 15.6905401404947
ImmType= Polynomial
RQQueenStrength= 3.53259892459027
RQEnableReQueen= true
AIAdultSlope= 1.97379272431135
AIAdultLD50= 20.2534453297718
AIAdultSlopeContact= 3.9088280017022
AIAdultLD50Contact= 25.096280435666
AILarvaSlope= 7.95314067229629
AILarvaLD50= 52.9749418914001
AIKOW= 480.749049037017
AIKOC= 66734.4516978385
AIHalfLife= 30.8937897561584
EAppRate= 9.74405726361135
FoliarEnabled= true
FoliarAppDate= 06/07/1989
FoliarForageBegin= 06/05/1989
FoliarForageEnd= 06/28/1989
AIContactFactor= 2.1840186890075
CL4Pollen= 1.62612432520837
CL4Nectar= 51.3523233123124
CL5Pollen= 2.8180867577903
CL5Nectar= 21.7662155278958
CLDPollen= 2.38097020285204
CLDNectar= 114.228524349164
CA13Pollen= 6.1786093570292
CA13Nectar= 50.0389731116593
CA410Pollen= 7.22159228811506
CA410Nectar= 100.355295725167
CA1120Pollen= 2.9068304670509
CA1120Nectar= 98.3581776916981
IPollenTrips= 12.0530370785855
INectarTrips= 11.3275874056853
IPollenLoad= 0.84704959532246
INectarLoad= 3.70688691036776
