ICQueenStrength= 5.19464927865192
RQWkrDrnRatio= 4.40707805473357
ICDroneMiteSurvivorship= 78.8077465957031
ICWorkerMiteSurvivorship= 46.0923108039424
ICForagerLifespan= 14.1761114150286
ImmType= Cosine
AIAdultSlope= 0.360812631624285
AIAdultLD50= 0.00118621373549104
AIAdultSlopeContact= 2.33535384298302
AIAdultLD50Contact= 0.00143598164431751
AILarvaSlope= 3.32788091488183
AILarvaLD50= 0.708229090366513
AIKOW= 3.42285033036023
AIKOC= 10.6638043897692
AIHalfLife= 1.26555824582465
EAppRate= 8.73442718526348
FoliarEnabled= true
