ICQueenStrength= 5.98825736809522
RQWkrDrnRatio= 2.29701546113938
ICDroneMiteSurvivorship= 84.4488294562325
ICWorkerMiteSurvivorship= 43.8595045590773
ICForagerLifespan= 14.3831730950624
ImmType= Logarithmic
RQQueenStrength= 2.21812700177543
RQEnableReQueen= true
AIAdultSlope= 4.49660202488303
AIAdultLD50= 20.0965655876079
AIAdultSlopeContact= 5.70656539872289
AIAdultLD50Contact= 16.4641696895638
AILarvaSlope= 6.53065786138177
AILarvaLD50= 55.8750401184773
AIKOW= 22194.9992973815
AIKOC= 64586.7398248876
AIHalfLife= 21.6826176944654
EAppRate= 8.44560431657126
FoliarEnabled= true
FoliarAppDate= 06/07/1989
FoliarForageBegin= 06/05/1989
FoliarForageEnd= 06/28/1989
AIContactFactor= 1.91052480979357
CL4Pollen= 2.80593950580806
CL4Nectar= 18.4750830987468
CL5Pollen= 4.08484064787626
CL5Nectar= 139.855686749797
CLDPollen= 2.67847468145192
CLDNectar= 134.323220606893
CA13Pollen= 5.09315394824371
CA13Nectar= 42.9946807399392
CA410Pollen= 4.01253895298578
CA410Nectar= 104.022279037163
CA1120Pollen= 1.59773849649355
CA1120Nectar= 21.8868817016482
IPollenTrips= 10.262412445154
INectarTrips= 12.2414220473729
IPollenLoad= 9.42000945331529
INectarLoad= 3.60540895722806
