ICQueenStrength= 5.19138254015706
RQWkrDrnRatio= 3.3090623402968
ICDroneMiteSurvivorship= 74.9973302008584
ICWorkerMiteSurvivorship= 83.5277199745178
ICForagerLifespan= 7.10675329901278
ImmType= Sine
RQQueenStrength= 2.47033864515834
RQEnableReQueen= true
AIAdultSlope= 4.19126520492136
AIAdultLD50= 26.4945055284814
AIAdultSlopeContact= 5.30166095099412
AIAdultLD50Contact= 65.218566699448
AILarvaSlope= 3.78149201720953
AILarvaLD50= 41.6360590227984
AIKOW= 23190.4878023634
AIKOC= 92818.7513340651
AIHalfLife= 22.0939637976699
EAppRate= 1.96822337498656
FoliarEnabled= true
FoliarAppDate= 06/07/1989
FoliarForageBegin= 06/05/1989
FoliarForageEnd= 06/28/1989
AIContactFactor= 1.604731863942
CL4Pollen= 2.06846012547612
CL4Nectar= 77.5126968277618
CL5Pollen= 3.11268052551895
CL5Nectar= 40.0879467255436
CLDPollen= 3.84917840128765
CLDNectar= 24.3099866202101
CA13Pollen= 6.36974610555917
CA13Nectar= 49.9698921665549
CA410Pollen= 5.77763513706159
CA410Nectar= 32.7578139817342
CA1120Pollen= 2.07946830382571
CA1120Nectar= 70.6343730539083
IPollenTrips= 7.13726117042825
INectarTrips= 14.9113866710104
IPollenLoad= 9.02918673120439
INectarLoad= 1.9386893347837
