ICQueenStrength= 4.74041279777884
RQWkrDrnRatio= 4.71690618153661
ICDroneMiteSurvivorship= 90.6372799305245
ICWorkerMiteSurvivorship= 83.0699616111815
ICForagerLifespan= 8.09703785087913
ImmType= Tangent
RQQueenStrength= 2.16596108884551
RQEnableReQueen= true
AIAdultSlope= 5.78932718001306
AIAdultLD50= 13.1151738139305
AIAdultSlopeContact= 4.64878526562825
AIAdultLD50Contact= 67.7989625460138
AILarvaSlope= 4.83243747614324
AILarvaLD50= 77.5132198374514
AIKOW= 9881.11840695348
AIKOC= 27633.265745512
AIHalfLife= 18.6257580230944
EAppRate= 4.15120884028822
FoliarEnabled= true
FoliarAppDate= 06/07/1989
FoliarForageBegin= 06/05/1989
FoliarForageEnd= 06/28/1989
AIContactFactor= 1.90870906401426
CL4Pollen= 3.01996599975973
CL4Nectar= 35.6456742156297
CL5Pollen= 5.0899415910244
CL5Nectar= 24.9051850754768
CLDPollen= 2.19903148384765
CLDNectar= 53.8324706372805
CA13Pollen= 3.20894431676716
CA13Nectar= 36.1627316474915
CA410Pollen= 3.82705675603356
CA410Nectar= 85.5280327238142
CA1120Pollen= 2.45745634613559
CA1120Nectar= 79.5425112918019
IPollenTrips= 10.5508898198605
INectarTrips= 8.38183697778732
IPollenLoad= 8.10437453910708
INectarLoad= 3.49496920593083
