ICQueenStrength= 1.23235998814926
RQWkrDrnRatio= 4.06695865560323
ICDroneMiteSurvivorship= 45.1974169583991
ICWorkerMiteSurvivorship= 52.1714222850278
ICForagerLifespan= 4.74979340005666
ImmType= Sine
RQQueenStrength= 3.89541523787193
RQEnableReQueen= true
AIAdultSlope= 1.86136071570218
AIAdultLD50= 93.1016395299903
AIAdultSlopeContact= 4.74345400254242
AIAdultLD50Contact= 97.7141227756303
AILarvaSlope= 4.95974385924637
AILarvaLD50= 32.0447380620667
AIKOW= 17960.6238463072
AIKOC= 60966.4425708565
AIHalfLife= 30.4243718697224
EAppRate= 9.25542576335883
FoliarEnabled= true
FoliarAppDate= 06/07/1989
FoliarForageBegin= 06/05/1989
FoliarForageEnd= 06/28/1989
AIContactFactor= 1.48819336378016
CL4Pollen= 2.06229671835899
CL4Nectar= 69.0366782713681
CL5Pollen= 4.01079710572958
CL5Nectar= 143.743662536144
CLDPollen= 3.44991792691872
CLDNectar= 47.4769412423484
CA13Pollen= 3.64842978194356
CA13Nectar= 20.3014943003654
CA410Pollen= 8.90308845997788
CA410Nectar= 60.2977018617094
CA1120Pollen= 2.09049038635567
CA1120Nectar= 71.8580234609544
IPollenTrips= 8.70072070742026
INectarTrips= 5.23684194777161
IPollenLoad= 4.65527114225551
INectarLoad= 8.72581549687311
