ICQueenStrength= 5.10467880428769
RQWkrDrnRatio= 4.32515241391957
ICDroneMiteSurvivorship= 57.8265071148053
ICWorkerMiteSurvivorship= 44.1638709045947
ICForagerLifespan= 7.82695047557354
ImmType= Exponential
RQQueenStrength= 3.70903244731016
RQEnableReQueen= true
AIAdultSlope= 3.15584385767579
AIAdultLD50= 65.5659108999313
AIAdultSlopeContact= 9.60613224306144
AIAdultLD50Contact= 88.5762120487315
AILarvaSlope= 6.94580354169011
AILarvaLD50= 77.5378674154393
AIKOW= 49116.1921188308
AIKOC= 39309.9437104855
AIHalfLife= 12.7349299304187
EAppRate= 7.98612411590526
FoliarEnabled= true
FoliarAppDate= 06/07/1989
FoliarForageBegin= 06/05/1989
FoliarForageEnd= 06/28/1989
AIContactFactor= 0.736282514412887
CL4Pollen= 2.26979005523026
CL4Nectar= 92.7295602392405
CL5Pollen= 2.54208867950365
CL5Nectar= 138.974621181842
CLDPollen= 2.19150163047016
CLDNectar= 41.9281629030593
CA13Pollen= 3.18170045204461
CA13Nectar= 33.1273085437715
CA410Pollen= 6.03124775849283
CA410Nectar= 67.8425067104399
CA1120Pollen= 2.38172781933099
CA1120Nectar= 43.9241950772703
IPollenTrips= 5.0073215784505
INectarTrips= 6.66745439171791
IPollenLoad= 4.15103468112648
INectarLoad= 2.41732037626207
ESoilP= 1.20650824159384
ESoilFoc= 0.00592428895528428
