ICQueenStrength= 5.71727050608024
RQWkrDrnRatio= 3.10413336381316
ICDroneMiteSurvivorship= 2.68213350791484
ICWorkerMiteSurvivorship= 86.9532458018512
ICForagerLifespan= 13.9039190644398
ImmType= Tangent
RQQueenStrength= 1.23399269208312
RQEnableReQueen= true
AIAdultSlope= 3.55871306359768
AIAdultLD50= 91.1978840250017
AIAdultSlopeContact= 4.02371475030668
AIAdultLD50Contact= 0.293423097509425
AILarvaSlope= 4.64203866571188
AILarvaLD50= 11.4549100447181
AIKOW= 50950.1762145062
AIKOC= 33180.465667007
AIHalfLife= 9.60496956817806
EAppRate= 6.37381625823141
FoliarEnabled= true
FoliarAppDate= 06/07/1989
FoliarForageBegin= 06/05/1989
FoliarForageEnd= 06/28/1989
AIContactFactor= 1.38942243485711
CL4Pollen= 0.30967325065285
CL4Nectar= 6.03580214083195
CL5Pollen= 5.49701400473714
CL5Nectar= 132.130667637102
CLDPollen= 2.40097689907998
CLDNectar= 133.304332802072
CA13Pollen= 4.27915868330747
CA13Nectar= 27.9316655918956
CA410Pollen= 4.06217981367372
CA410Nectar= 58.452288582921
CA1120Pollen= 2.71440181438811
CA1120Nectar= 45.6158952787519
IPollenTrips= 14.3563163280487
INectarTrips= 8.68551629129797
IPollenLoad= 3.18140973336995
INectarLoad= 8.20671950932592
