ICQueenStrength= 4.45278790220618
RQWkrDrnRatio= 3.18948114756495
ICDroneMiteSurvivorship= 88.5736537864432
ICWorkerMiteSurvivorship= 37.3372178524733
ICForagerLifespan= 7.63305639103055
ImmType= Tangent
RQQueenStrength= 2.19412296451628
RQEnableReQueen= true
AIAdultSlope= 5.39717265218496
AIAdultLD50= 0.148735815111082
AIAdultSlopeContact= 8.04842761042528
AIAdultLD50Contact= 32.8851942177361
AILarvaSlope= 1.84860310517251
AILarvaLD50= 2.82850936648413
AIKOW= 72979.8360041048
AIKOC= 74707.8460875438
AIHalfLife= 29.8355103874579
EAppRate= 8.02144085980649
FoliarEnabled= true
FoliarAppDate= 09/01/1989
FoliarForageBegin= 09/01/1989
FoliarForageEnd= 09/08/1989
AIContactFactor= 1.75135749794077
CL4Pollen= 1.95264414977282
CL4Nectar= 80.9725211467594
CL5Pollen= 0.344679872039706
CL5Nectar= 131.675128277857
CLDPollen= 1.39243875816464
CLDNectar= 11.2239611917175
CA13Pollen= 5.55602288646623
CA13Nectar= 87.0550910569727
CA410Pollen= 2.49238115665503
CA410Nectar= 122.961329859681
CA1120Pollen= 2.3250757609494
CA1120Nectar= 30.50906393677
IPollenTrips= 9.6789174200967
INectarTrips= 7.26694670505822
IPollenLoad= 0.489172877278179
INectarLoad= 6.98174676857889
