ICQueenStrength= 3.30990463518538
RQWkrDrnRatio= 4.99163872469217
ICDroneMiteSurvivorship= 86.0717392992228
ICWorkerMiteSurvivorship= 7.71725110244006
ICForagerLifespan= 13.758825157769
ImmType= Cosine
AIAdultSlope= 2.29702204036061
AIAdultLD50= 0.0610664222855121
AIAdultSlopeContact= 0.725637737789657
AIAdultLD50Contact= 0.0146303179324605
AILarvaSlope= 2.07995232632384
AILarvaLD50= 0.613187136221677
AIKOW= 2.34923655446619
AIKOC= 23.4492720698472
AIHalfLife= 2.50316151238512
EAppRate= 1.30694539053366
FoliarEnabled= true
