ICQueenStrength= 1.78545391559601
RQWkrDrnRatio= 2.43179477564991
ICDroneMiteSurvivorship= 75.8820878341794
ICWorkerMiteSurvivorship= 20.5537535017356
ICForagerLifespan= 15.2067892355844
ImmType= Tangent
RQQueenStrength= 3.38468587747775
RQEnableReQueen= true
AIAdultSlope= 1.85898103751242
AIAdultLD50= 86.6157501365298
AIAdultSlopeContact= 1.84720159647986
AIAdultLD50Contact= 44.9704978435198
AILarvaSlope= 5.00031073391438
AILarvaLD50= 26.7471397104335
AIKOW= 55049.6999421177
AIKOC= 93630.441458242
AIHalfLife= 10.8008863053285
EAppRate= 5.46098737652553
FoliarEnabled= true
FoliarAppDate= 06/07/1989
FoliarForageBegin= 06/05/1989
FoliarForageEnd= 06/28/1989
AIContactFactor= 0.569936265530996
CL4Pollen= 0.233759304508567
CL4Nectar= 51.9144413759932
CL5Pollen= 1.57404236448929
CL5Nectar= 72.442624589894
CLDPollen= 1.72598711634055
CLDNectar= 73.6890479922295
CA13Pollen= 7.92382906312123
CA13Nectar= 76.1279406771064
CA410Pollen= 5.77853749021888
CA410Nectar= 186.475010998547
CA1120Pollen= 0.6912782471627
CA1120Nectar= 37.6872420310974
IPollenTrips= 14.8273527435958
INectarTrips= 8.76196586061269
IPollenLoad= 4.3451309367083
INectarLoad= 7.39302803296596
