ICQueenStrength= 5.65722148306668
RQWkrDrnRatio= 3.70074015110731
ICDroneMiteSurvivorship= 11.3344678888097
ICWorkerMiteSurvivorship= 72.7299974998459
ICForagerLifespan= 5.1859663175419
ImmType= Logarithmic
RQQueenStrength= 4.32655737642199
RQEnableReQueen= true
AIAdultSlope= 6.39016475528479
AIAdultLD50= 18.3822233676605
AIAdultSlopeContact= 5.25506448652595
AIAdultLD50Contact= 94.7080726942094
AILarvaSlope= 1.48778236843646
AILarvaLD50= 28.0061380341062
AIKOW= 10321.6626021444
AIKOC= 202.496841779444
AIHalfLife= 10.7085094460519
EAppRate= 9.92669594404311
FoliarEnabled= true
FoliarAppDate= 06/07/1989
FoliarForageBegin= 06/05/1989
FoliarForageEnd= 06/28/1989
AIContactFactor= 1.9465939817531
CL4Pollen= 1.44589711911976
CL4Nectar= 87.3495098203421
CL5Pollen= 5.24955138377845
CL5Nectar= 12.5166229088791
CLDPollen= 3.57678541727364
CLDNectar= 29.5953213237226
CA13Pollen= 2.86533511970192
CA13Nectar= 22.6771769672632
CA410Pollen= 6.11136619658209
CA410Nectar= 21.0923744225875
CA1120Pollen= 0.673146776854992
CA1120Nectar= 70.9322501532733
IPollenTrips= 12.6499810349196
INectarTrips= 7.97022371320054
IPollenLoad= 7.12865468580276
INectarLoad= 1.84430745430291
