ICQueenStrength= 1.87571001145989
RQWkrDrnRatio= 3.80356385931373
ICDroneMiteSurvivorship= 60.155263566412
ICWorkerMiteSurvivorship= 93.1115841958672
ICForagerLifespan= 15.1988261928782
ImmType= Tangent
RQQueenStrength= 4.45543236704543
RQEnableReQueen= true
AIAdultSlope= 8.82989266514778
AIAdultLD50= 71.6583811155136
AIAdultSlopeContact= 1.63801139849238
AIAdultLD50Contact= 53.0872624849162
AILarvaSlope= 7.04922430962324
AILarvaLD50= 58.6565956015734
AIKOW= 58837.0167136585
AIKOC= 23283.3183811363
AIHalfLife= 1.4271065516863
EAppRate= 9.56807704829797
FoliarEnabled= true
FoliarAppDate= 06/07/1989
FoliarForageBegin= 06/05/1989
FoliarForageEnd= 06/28/1989
AIContactFactor= 1.38604564310517
CL4Pollen= 2.24336670618504
CL4Nectar= 18.5473500518128
CL5Pollen= 1.93030354287475
CL5Nectar= 12.5273811863735
CLDPollen= 2.17596901254728
CLDNectar= 3.92044755863026
CA13Pollen= 3.47305448707193
CA13Nectar= 37.6484873145819
CA410Pollen= 9.23323368800338
CA410Nectar= 27.6999627193436
CA1120Pollen= 1.53688351158053
CA1120Nectar= 73.6450973711908
IPollenTrips= 6.11147256568074
INectarTrips= 8.14232452074066
IPollenLoad= 5.1125686080195
INectarLoad= 3.4365245886147
ESoilP= 1.56917882850394
ESoilFoc= 0.0160432631757576
