ICQueenStrength= 1.72938816715032
RQWkrDrnRatio= 4.19815826695412
ICDroneMiteSurvivorship= 35.9478412894532
ICWorkerMiteSurvivorship= 8.43610251322389
ICForagerLifespan= 13.2245790027082
ImmType= Exponential
RQQueenStrength= 3.91870678495616
RQEnableReQueen=true
AIAdultSlope= 4.34733223728836
AIAdultLD50= 0.552913116684184
AIAdultSlopeContact= 6.95982034201734
AIAdultLD50Contact= 23.3465132478415
AILarvaSlope= 3.88547950424254
AILarvaLD50= 40.2844323519964
AIKOW= 84928.5603671183
AIKOC= 75415.9021632562
AIHalfLife= 10.5120887108613
EAppRate= 0.588050921361195
FoliarEnabled=true
FoliarAppDate= 07/01/1989
FoliarForageBegin= 07/01/1989
FoliarForageEnd= 07/14/1989
AIContactFactor= 0.852644672747701
CL4Pollen= 0.806921047158539
CL4Nectar= 71.5626852354035
CL5Pollen= 0.77703325683251
CL5Nectar= 62.5717544113286
CLDPollen= 2.32270707003772
CLDNectar= 13.4163717390038
CA13Pollen= 6.04708162071183
CA13Nectar= 82.5686078891158
CA410Pollen= 9.27361773487646
CA410Nectar= 143.70202684775
CA1120Pollen= 0.83907401910983
CA1120Nectar= 23.5203744284809
IPollenTrips= 6.04883525520563
INectarTrips= 7.80067758169025
IPollenLoad= 5.21809230791405
INectarLoad= 4.22256085788831
