ICQueenStrength= 3.30838749092072
RQWkrDrnRatio= 2.13113836757839
ICDroneMiteSurvivorship= 94.8812831193209
ICWorkerMiteSurvivorship= 83.479328174144
ICForagerLifespan= 15.3446279652417
ImmType= Polynomial
RQQueenStrength= 1.16897429595701
RQEnableReQueen= true
AIAdultSlope= 5.92197187803686
AIAdultLD50= 42.9040052878724
AIAdultSlopeContact= 1.87337623699568
AIAdultLD50Contact= 85.3392535076859
AILarvaSlope= 1.04225179366767
AILarvaLD50= 47.0245098468685
AIKOW= 2501.19955172299
AIKOC= 172.280243316665
AIHalfLife= 20.4449131017784
EAppRate= 2.75040364342858
FoliarEnabled= true
FoliarAppDate= 06/07/1989
FoliarForageBegin= 06/05/1989
FoliarForageEnd= 06/28/1989
AIContactFactor= 2.26975409108214
CL4Pollen= 3.94509096071124
CL4Nectar= 76.5110528562218
CL5Pollen= 4.74722312763333
CL5Nectar= 16.9678124017082
CLDPollen= 4.44151592301205
CLDNectar= 83.8046174263582
CA13Pollen= 5.41786789922044
CA13Nectar= 63.8739027827978
CA410Pollen= 2.26137108970434
CA410Nectar= 104.428894044831
CA1120Pollen= 0.81472650077194
CA1120Nectar= 83.0278759822249
IPollenTrips= 7.77667355490848
INectarTrips= 7.8785532549955
IPollenLoad= 0.829771072603762
INectarLoad= 5.10153842391446
