ICQueenStrength= 2.12518805428408
RQWkrDrnRatio= 4.9578559352085
ICDroneMiteSurvivorship= 47.7504587732255
ICWorkerMiteSurvivorship= 83.9183410396799
ICForagerLifespan= 8.00564523600042
ImmType= Polynomial
AIAdultSlope= 2.6925004374655
AIAdultLD50= 0.160392089514062
AIAdultSlopeContact= 2.00923951053293
AIAdultLD50Contact= 0.0318345151259564
AILarvaSlope= 3.09674053299241
AILarvaLD50= 0.602654581284151
AIKOW= 3.6920249145478
AIKOC= 13.1616627809126
AIHalfLife= 2.63796640150249
EAppRate= 1.28734295023605
FoliarEnabled= true
