ICQueenStrength= 1.37061061128043
RQWkrDrnRatio= 1.66755298804492
ICDroneMiteSurvivorship= 55.6463142391294
ICWorkerMiteSurvivorship= 48.2886781450361
ICForagerLifespan= 11.9576255520806
ImmType= Tangent
RQQueenStrength= 4.84896017378196
RQEnableReQueen= true
AIAdultSlope= 3.61780053563416
AIAdultLD50= 87.4558772359411
AIAdultSlopeContact= 9.51787704299204
AIAdultLD50Contact= 40.6244114710975
AILarvaSlope= 1.53986387699842
AILarvaLD50= 78.6794720959985
AIKOW= 92563.6166459654
AIKOC= 85878.8298689071
AIHalfLife= 14.4818226234289
EAppRate= 6.84015570639586
FoliarEnabled= true
FoliarAppDate= 06/07/1989
FoliarForageBegin= 06/05/1989
FoliarForageEnd= 06/28/1989
AIContactFactor= 0.973335373033769
CL4Pollen= 2.12784368079156
CL4Nectar= 94.3989613093436
CL5Pollen= 0.567584081087261
CL5Nectar= 146.553848020267
CLDPollen= 4.86670535244048
CLDNectar= 84.2923330259509
CA13Pollen= 5.56828802758828
CA13Nectar= 23.4865454398096
CA410Pollen= 6.89215783225372
CA410Nectar= 82.3136668186635
CA1120Pollen= 1.62433442333713
CA1120Nectar= 29.3518319353461
IPollenTrips= 9.32431593770161
INectarTrips= 6.0259518167004
IPollenLoad= 2.89304590551183
INectarLoad= 4.96890254085883
