ICQueenStrength= 2.37248109444045
RQWkrDrnRatio= 3.33023260254413
ICDroneMiteSurvivorship= 58.6979834595695
ICWorkerMiteSurvivorship= 74.2219487205148
ICForagerLifespan= 15.9972241651267
ImmType= Exponential
RQQueenStrength= 5.41964157740586
RQEnableReQueen= true
AIAdultSlope= 1.68031849339604
AIAdultLD50= 0.919474769484019
AIAdultSlopeContact= 8.74422099324875
AIAdultLD50Contact= 50.0507696123242
AILarvaSlope= 3.79975656606257
AILarvaLD50= 60.0848903781846
AIKOW= 860.298513477161
AIKOC= 83811.783903637
AIHalfLife= 7.9736945080338
EAppRate= 2.98593114617188
FoliarEnabled= true
FoliarAppDate= 09/01/1989
FoliarForageBegin= 09/01/1989
FoliarForageEnd= 09/08/1989
AIContactFactor= 1.25695857368875
CL4Pollen= 2.15738576371223
CL4Nectar= 90.7749550417066
CL5Pollen= 3.32572055747733
CL5Nectar= 110.523755138274
CLDPollen= 3.31419701920822
CLDNectar= 18.7464301474392
CA13Pollen= 5.11151263937354
CA13Nectar= 98.4414201229811
CA410Pollen= 6.73396921569947
CA410Nectar= 149.538780669682
CA1120Pollen= 2.01790805580094
CA1120Nectar= 96.0629666224122
IPollenTrips= 9.33792906580493
INectarTrips= 12.4332559667528
IPollenLoad= 1.35705477558076
INectarLoad= 2.53487573936582
