ICQueenStrength= 4.9205060666427
RQWkrDrnRatio= 4.71253024321049
ICDroneMiteSurvivorship= 27.662007464096
ICWorkerMiteSurvivorship= 45.2879576245323
ICForagerLifespan= 14.2407549209893
ImmType= Cosine
RQQueenStrength= 2.35900140739977
RQEnableReQueen=true
AIAdultSlope= 3.97328715398908
AIAdultLD50= 0.532948307163548
AIAdultSlopeContact= 8.90765709127299
AIAdultLD50Contact= 70.3853430814457
AILarvaSlope= 8.82574334740639
AILarvaLD50= 44.7788533414497
AIKOW= 59442.0441704595
AIKOC= 91615.3975807906
AIHalfLife= 6.11363625288941
EAppRate= 8.00144499835628
FoliarEnabled=true
FoliarAppDate= 07/01/1989
FoliarForageBegin= 07/01/1989
FoliarForageEnd= 07/14/1989
AIContactFactor= 0.503358021765016
CL4Pollen= 2.26821311935782
CL4Nectar= 81.3654238823801
CL5Pollen= 4.81161613063887
CL5Nectar= 111.864709225483
CLDPollen= 4.36667501600459
CLDNectar= 125.206723285373
CA13Pollen= 6.3602084399201
CA13Nectar= 69.5181396976113
CA410Pollen= 5.69457664620131
CA410Nectar= 117.156135747209
CA1120Pollen= 0.344324179692194
CA1120Nectar= 76.5770346298814
IPollenTrips= 10.5964275961742
INectarTrips= 13.8655247236602
IPollenLoad= 3.68020297726616
INectarLoad= 1.2199274986051
