ICQueenStrength= 5.15374518721364
RQWkrDrnRatio= 3.61834792047739
ICDroneMiteSurvivorship= 26.6444880049676
ICWorkerMiteSurvivorship= 65.3018470387906
ICForagerLifespan= 8.20338932983577
ImmType= Exponential
RQQueenStrength= 2.60900572547689
RQEnableReQueen= true
AIAdultSlope= 6.89276135712862
AIAdultLD50= 47.9936442520255
AIAdultSlopeContact= 9.11747994483449
AIAdultLD50Contact= 8.2715345656008
AILarvaSlope= 8.05593448318541
AILarvaLD50= 75.6792471927649
AIKOW= 9186.22291745249
AIKOC= 84043.5461912598
AIHalfLife= 14.54863834118
EAppRate= 5.20345139968395
FoliarEnabled= true
FoliarAppDate= 06/07/1989
FoliarForageBegin= 06/05/1989
FoliarForageEnd= 06/28/1989
AIContactFactor= 0.530423935903236
CL4Pollen= 2.73125518299639
CL4Nectar= 47.9372079251334
CL5Pollen= 3.31528872577474
CL5Nectar= 88.3316438645124
CLDPollen= 1.07483512535691
CLDNectar= 86.0389943816699
CA13Pollen= 7.10506787179038
CA13Nectar= 70.3760750032961
CA410Pollen= 3.67361931819469
CA410Nectar= 85.7427330361679
CA1120Pollen= 0.614527870668098
CA1120Nectar= 63.6007933504879
IPollenTrips= 12.9585215658881
INectarTrips= 9.79542328044772
IPollenLoad= 8.82205392234027
INectarLoad= 5.13983521377668
