ICQueenStrength= 4.30269754282199
RQWkrDrnRatio= 2.99839820340276
ICDroneMiteSurvivorship= 30.0434493925422
ICWorkerMiteSurvivorship= 70.9163287188858
ICForagerLifespan= 6.80076052434742
ImmType= Sine
RQQueenStrength= 2.35147078894079
RQEnableReQueen= true
AIAdultSlope= 4.59080227091908
AIAdultLD50= 64.6762376556201
AIAdultSlopeContact= 2.11853370117024
AIAdultLD50Contact= 31.4166403055019
AILarvaSlope= 7.00567888841033
AILarvaLD50= 83.9560190193884
AIKOW= 17602.8095859399
AIKOC= 69840.3018438551
AIHalfLife= 8.41788250075187
EAppRate= 7.66069030304137
FoliarEnabled= true
FoliarAppDate= 06/07/1989
FoliarForageBegin= 06/05/1989
FoliarForageEnd= 06/28/1989
AIContactFactor= 0.485896421037614
CL4Pollen= 1.35388328880072
CL4Nectar= 68.452521180734
CL5Pollen= 0.103582515846938
CL5Nectar= 108.470429456793
CLDPollen= 3.73730573197827
CLDNectar= 108.401544077788
CA13Pollen= 7.12928576050326
CA13Nectar= 21.8541904911399
CA410Pollen= 6.00939539987594
CA410Nectar= 193.695167470723
CA1120Pollen= 2.32428114744835
CA1120Nectar= 53.701792191714
IPollenTrips= 11.8937131180428
INectarTrips= 5.41994177503511
IPollenLoad= 8.29212064156309
INectarLoad= 7.26499097654596
