ICQueenStrength= 2.24485002714209
RQWkrDrnRatio= 4.25174834858626
ICDroneMiteSurvivorship= 3.3712905831635
ICWorkerMiteSurvivorship= 44.1682065837085
ICForagerLifespan= 14.6799007542431
ImmType= Exponential
AIAdultSlope= 3.32858708686195
AIAdultLD50= 0.102467652643099
AIAdultSlopeContact= 1.59713598790113
AIAdultLD50Contact= 0.0296794105670415
AILarvaSlope= 2.65217336816713
AILarvaLD50= 0.175754390400834
AIKOW= 5.96633891575038
AIKOC= 8.64577595610172
AIHalfLife= 2.49640126584563
EAppRate= 1.85465923510492
FoliarEnabled= true
