ICQueenStrength= 2.59704637830146
RQWkrDrnRatio= 2.27327217813581
ICDroneMiteSurvivorship= 96.0272301686928
ICWorkerMiteSurvivorship= 78.1813664594665
ICForagerLifespan= 6.08740730863065
ImmType= Logarithmic
RQQueenStrength= 2.03329127305187
RQEnableReQueen= true
AIAdultSlope= 2.61093642748892
AIAdultLD50= 42.6197469671599
AIAdultSlopeContact= 8.45445676706731
AIAdultLD50Contact= 95.6851320629986
AILarvaSlope= 4.95948814973235
AILarvaLD50= 61.0437904422153
AIKOW= 40328.633978185
AIKOC= 82902.0376687949
AIHalfLife= 0.569412905327044
EAppRate= 8.97236991392029
FoliarEnabled= true
FoliarAppDate= 06/07/1989
FoliarForageBegin= 06/05/1989
FoliarForageEnd= 06/28/1989
AIContactFactor= 0.978145455024205
CL4Pollen= 3.17376509774476
CL4Nectar= 52.8393993386999
CL5Pollen= 2.33653825102374
CL5Nectar= 60.3625586489215
CLDPollen= 2.62204650370404
CLDNectar= 73.0790224042721
CA13Pollen= 3.01675336370245
CA13Nectar= 56.633787881583
CA410Pollen= 7.98511767764576
CA410Nectar= 145.980958109722
CA1120Pollen= 0.983800132060423
CA1120Nectar= 60.4509817622602
IPollenTrips= 8.57366206357256
INectarTrips= 12.464656541124
IPollenLoad= 9.58837288664654
INectarLoad= 0.319191785529256
