ICQueenStrength= 2.37467030086555
RQWkrDrnRatio= 4.46677496936172
ICDroneMiteSurvivorship= 86.4596838131547
ICWorkerMiteSurvivorship= 47.3226491361856
ICForagerLifespan= 13.3537618666887
ImmType= Logarithmic
RQQueenStrength= 3.46185337658972
RQEnableReQueen= true
AIAdultSlope= 6.80877029523253
AIAdultLD50= 98.5390943116623
AIAdultSlopeContact= 7.51289789471775
AIAdultLD50Contact= 73.1489613081475
AILarvaSlope= 5.14658306352794
AILarvaLD50= 53.152839115439
AIKOW= 37632.2899215692
AIKOC= 27465.6536657379
AIHalfLife= 22.3312749355799
EAppRate= 8.06842721466976
FoliarEnabled= true
FoliarAppDate= 06/07/1989
FoliarForageBegin= 06/05/1989
FoliarForageEnd= 06/28/1989
AIContactFactor= 1.96761598563753
CL4Pollen= 0.0270404815673828
CL4Nectar= 99.4905567262322
CL5Pollen= 5.68085627211258
CL5Nectar= 30.1507843192667
CLDPollen= 0.811937063466758
CLDNectar= 122.998212324455
CA13Pollen= 7.57491118349135
CA13Nectar= 62.6003108918667
CA410Pollen= 5.75234149654862
CA410Nectar= 38.2634092448279
CA1120Pollen= 2.36876455438323
CA1120Nectar= 86.3904375210404
IPollenTrips= 14.3812439776957
INectarTrips= 12.1294321236201
IPollenLoad= 1.68434895575047
INectarLoad= 7.26490661967546
ESoilP= 1.59921736596152
ESoilFoc= 0.00288963477918878
