ICQueenStrength= 1.56435176287778
RQWkrDrnRatio= 4.75985886808485
ICDroneMiteSurvivorship= 62.7987414598465
ICWorkerMiteSurvivorship= 75.5955623462796
ICForagerLifespan= 7.2158773271367
ImmType= Exponential
RQQueenStrength= 2.59086317289621
RQEnableReQueen= true
AIAdultSlope= 1.27671776339412
AIAdultLD50= 50.5199968282147
AIAdultSlopeContact= 5.75840054848231
AIAdultLD50Contact= 16.7183651949158
AILarvaSlope= 7.18072305619717
AILarvaLD50= 99.6757159773335
AIKOW= 16395.7576518302
AIKOC= 92485.7989036727
AIHalfLife= 26.1168108767131
EAppRate= 0.156579231806565
FoliarEnabled= true
FoliarAppDate= 06/07/1989
FoliarForageBegin= 06/05/1989
FoliarForageEnd= 06/28/1989
AIContactFactor= 0.595871481257491
CL4Pollen= 1.6772581525147
CL4Nectar= 81.2613727292046
CL5Pollen= 1.82558072498068
CL5Nectar= 130.796790739987
CLDPollen= 5.5233162981458
CLDNectar= 117.433577694464
CA13Pollen= 5.44060114054009
CA13Nectar= 98.4676741808653
CA410Pollen= 6.67392893377692
CA410Nectar= 170.744547513314
CA1120Pollen= 0.421380038838834
CA1120Nectar= 43.8170065544546
IPollenTrips= 5.71318566333503
INectarTrips= 14.9014085996896
IPollenLoad= 5.78568137949333
INectarLoad= 3.98296998348087
ESoilP= 1.09329184051603
ESoilFoc= 0.0015684772816021
