ICQueenStrength= 2.45806441782042
RQWkrDrnRatio= 1.16650232765824
ICDroneMiteSurvivorship= 30.8038607938215
ICWorkerMiteSurvivorship= 88.4770812001079
ICForagerLifespan= 15.2072773780674
ImmType= Logarithmic
RQQueenStrength= 1.39601231226698
RQEnableReQueen= true
AIAdultSlope= 6.43502196483314
AIAdultLD50= 0.00288199783861637
AIAdultSlopeContact= 9.12053147726692
AIAdultLD50Contact= 84.257975365401
AILarvaSlope= 6.42454845458269
AILarvaLD50= 78.1367251253445
AIKOW= 93225.6483960809
AIKOC= 52954.4101825224
AIHalfLife= 19.8503594471142
EAppRate= 6.95418636031146
FoliarEnabled= true
FoliarAppDate= 06/07/1989
FoliarForageBegin= 06/05/1989
FoliarForageEnd= 06/28/1989
AIContactFactor= 1.03173664791975
CL4Pollen= 0.414187034592032
CL4Nectar= 77.1372564835474
CL5Pollen= 3.25868409359828
CL5Nectar= 105.402086558752
CLDPollen= 2.48051835782826
CLDNectar= 77.4961926508695
CA13Pollen= 5.93533661477268
CA13Nectar= 31.2334157712758
CA410Pollen= 8.23203998424578
CA410Nectar= 138.668004036881
CA1120Pollen= 2.18056266149506
CA1120Nectar= 68.6567226052284
IPollenTrips= 13.6556454864331
INectarTrips= 12.0303123816848
IPollenLoad= 1.60441719694063
INectarLoad= 8.4471087763086
ESoilP= 1.712902570609
ESoilFoc= 0.00819412461877801
