ICQueenStrength= 2.04861491476186
RQWkrDrnRatio= 3.15401859302074
ICDroneMiteSurvivorship= 89.8062888532877
ICWorkerMiteSurvivorship= 91.6698236484081
ICForagerLifespan= 15.2996988911182
ImmType= Sine
RQQueenStrength= 5.13020056905225
RQEnableReQueen= true
AIAdultSlope= 3.6266089566052
AIAdultLD50= 0.702027416686527
AIAdultSlopeContact= 3.5092264781706
AIAdultLD50Contact= 47.1231123357413
AILarvaSlope= 2.32489830255508
AILarvaLD50= 30.8720630481781
AIKOW= 42751.9736317551
AIKOC= 25356.8872179235
AIHalfLife= 27.4514963847352
EAppRate= 2.05298984102649
FoliarEnabled= true
FoliarAppDate= 09/01/1989
FoliarForageBegin= 09/01/1989
FoliarForageEnd= 09/08/1989
AIContactFactor= 0.334250158835202
CL4Pollen= 2.19576267059892
CL4Nectar= 52.8137398185208
CL5Pollen= 2.46635945420712
CL5Nectar= 8.35095201618969
CLDPollen= 2.14007296459749
CLDNectar= 29.0589256910607
CA13Pollen= 5.80616586683318
CA13Nectar= 41.072448156774
CA410Pollen= 2.61638424177654
CA410Nectar= 90.6091769179329
CA1120Pollen= 1.68029553559609
CA1120Nectar= 92.4817227385938
IPollenTrips= 11.7789269355126
INectarTrips= 9.48707164730877
IPollenLoad= 7.51793092116714
INectarLoad= 8.39598860824481
