ICQueenStrength= 4.42724220710807
RQWkrDrnRatio= 1.56563440430909
ICDroneMiteSurvivorship= 33.9490817394108
ICWorkerMiteSurvivorship= 28.9396192645654
ICForagerLifespan= 10.4856419516727
ImmType= Exponential
RQQueenStrength= 5.09915422438644
RQEnableReQueen= true
AIAdultSlope= 7.08455053903162
AIAdultLD50= 24.8695238636918
AIAdultSlopeContact= 2.26249792985618
AIAdultLD50Contact= 23.8904607744208
AILarvaSlope= 3.57574612088501
AILarvaLD50= 25.0173364796399
AIKOW= 38430.2437175092
AIKOC= 13508.3862868303
AIHalfLife= 3.95595897310413
EAppRate= 8.11163477082807
FoliarEnabled= true
FoliarAppDate= 06/07/1989
FoliarForageBegin= 06/05/1989
FoliarForageEnd= 06/28/1989
AIContactFactor= 0.730519818244502
CL4Pollen= 3.16656554862857
CL4Nectar= 82.7405530260876
CL5Pollen= 5.94711032928899
CL5Nectar= 52.0956811029464
CLDPollen= 3.04474362311885
CLDNectar= 9.12731008138508
CA13Pollen= 4.96557175535709
CA13Nectar= 37.9962894134223
CA410Pollen= 8.19061765871011
CA410Nectar= 94.3059231946245
CA1120Pollen= 0.770680583082139
CA1120Nectar= 78.548526559025
IPollenTrips= 8.30597367137671
INectarTrips= 12.6093933451921
IPollenLoad= 5.52869213512167
INectarLoad= 7.75958152255043
ESoilP= 1.32101623318158
ESoilFoc= 0.00264049078803509
