ICQueenStrength= 5.70003518857993
RQWkrDrnRatio= 2.4045509789139
ICDroneMiteSurvivorship= 72.5439647911116
ICWorkerMiteSurvivorship= 25.4666686989367
ICForagerLifespan= 8.57715002354234
ImmType= Tangent
RQQueenStrength= 1.72382003534585
RQEnableReQueen= true
AIAdultSlope= 7.02414586953819
AIAdultLD50= 48.8649852234228
AIAdultSlopeContact= 4.24424023809843
AIAdultLD50Contact= 61.4615328449553
AILarvaSlope= 3.00312625430524
AILarvaLD50= 26.3902451020002
AIKOW= 91632.6796155742
AIKOC= 6084.99496222683
AIHalfLife= 19.3244140431052
EAppRate= 0.0648570894594304
FoliarEnabled= true
FoliarAppDate= 06/07/1989
FoliarForageBegin= 06/05/1989
FoliarForageEnd= 06/28/1989
AIContactFactor= 1.77051114403177
CL4Pollen= 0.287541225552559
CL4Nectar= 73.5169837251306
CL5Pollen= 1.67505302047357
CL5Nectar= 70.4056531190872
CLDPollen= 0.156484813895077
CLDNectar= 14.9767673690803
CA13Pollen= 3.96286017429084
CA13Nectar= 61.2229488231242
CA410Pollen= 9.48080828303937
CA410Nectar= 132.571274382062
CA1120Pollen= 0.4471724932082
CA1120Nectar= 84.8436988145113
IPollenTrips= 8.45296519575641
INectarTrips= 8.7713277968578
IPollenLoad= 8.22048636386171
INectarLoad= 2.31930681504309
