ICQueenStrength= 5.17693509021774
RQWkrDrnRatio= 2.52305262442678
ICDroneMiteSurvivorship= 46.6406306950375
ICWorkerMiteSurvivorship= 0.111781898885965
ICForagerLifespan= 11.2128935391083
ImmType= Tangent
RQQueenStrength= 2.01011039223522
RQEnableReQueen= true
AIAdultSlope= 6.72904661670327
AIAdultLD50= 8.04126817662129
AIAdultSlopeContact= 9.81943471799605
AIAdultLD50Contact= 95.1865698064957
AILarvaSlope= 1.85900077968836
AILarvaLD50= 58.9615595073495
AIKOW= 87274.5757376609
AIKOC= 9425.88734147581
AIHalfLife= 6.99492062621284
EAppRate= 7.17404464957467
FoliarEnabled= true
FoliarAppDate= 06/07/1989
FoliarForageBegin= 06/05/1989
FoliarForageEnd= 06/28/1989
AIContactFactor= 2.10389109325595
CL4Pollen= 2.08881199546158
CL4Nectar= 99.940239964053
CL5Pollen= 1.86336156120524
CL5Nectar= 110.240377800073
CLDPollen= 3.02711531706154
CLDNectar= 43.7367106089368
CA13Pollen= 6.19649021960795
CA13Nectar= 95.3180434182286
CA410Pollen= 6.68650097732898
CA410Nectar= 171.851821606979
CA1120Pollen= 1.37733488017693
CA1120Nectar= 92.8698262386024
IPollenTrips= 5.51852813689038
INectarTrips= 12.4753019982018
IPollenLoad= 5.49709304235876
INectarLoad= 4.28577148588374
ESoilP= 1.41763334907591
ESoilFoc= 0.0143266534286085
