ICQueenStrength= 3.09694769699126
RQWkrDrnRatio= 2.07656253129244
ICDroneMiteSurvivorship= 61.1774033633992
ICWorkerMiteSurvivorship= 96.0685552330688
ICForagerLifespan= 9.51075687538832
ImmType= Polynomial
RQQueenStrength= 4.12578833196312
RQEnableReQueen= true
AIAdultSlope= 2.9165347032249
AIAdultLD50= 9.45742316845618
AIAdultSlopeContact= 7.68184480490163
AIAdultLD50Contact= 56.8981351166761
AILarvaSlope= 3.6093434151262
AILarvaLD50= 23.7241919277636
AIKOW= 27995.1471429905
AIKOC= 3830.22248321166
AIHalfLife= 33.0444348396035
EAppRate= 8.43273992659431
FoliarEnabled= true
FoliarAppDate= 06/07/1989
FoliarForageBegin= 06/05/1989
FoliarForageEnd= 06/28/1989
AIContactFactor= 0.799924431606196
CL4Pollen= 3.29975181166083
CL4Nectar= 44.0196139272302
CL5Pollen= 1.25990004977211
CL5Nectar= 122.340068919584
CLDPollen= 4.6503521092236
CLDNectar= 83.7416654569097
CA13Pollen= 2.59839178230613
CA13Nectar= 44.1790618561208
CA410Pollen= 8.44578273766674
CA410Nectar= 146.836220058613
CA1120Pollen= 1.03186844685115
CA1120Nectar= 81.232982929796
IPollenTrips= 5.3430831246078
INectarTrips= 12.925336600747
IPollenLoad= 8.58719723764807
INectarLoad= 0.262416063342243
