ICQueenStrength= 4.75663289916702
RQWkrDrnRatio= 4.40783284977078
ICDroneMiteSurvivorship= 80.0484508741647
ICWorkerMiteSurvivorship= 86.1669619334862
ICForagerLifespan= 9.15293102897704
ImmType= Sine
RQQueenStrength= 2.2724212394096
RQEnableReQueen= true
AIAdultSlope= 4.66007697954774
AIAdultLD50= 74.0838330476605
AIAdultSlopeContact= 5.64817810896784
AIAdultLD50Contact= 15.3124442182477
AILarvaSlope= 3.38782466948032
AILarvaLD50= 33.2509269657372
AIKOW= 7776.23399854867
AIKOC= 2724.39385234634
AIHalfLife= 4.77825461660977
EAppRate= 8.58805536903674
FoliarEnabled= true
FoliarAppDate= 06/07/1989
FoliarForageBegin= 06/05/1989
FoliarForageEnd= 06/28/1989
AIContactFactor= 2.22295396859758
CL4Pollen= 1.86210359819233
CL4Nectar= 60.0102969445288
CL5Pollen= 2.88767453469336
CL5Nectar= 100.924392405432
CLDPollen= 0.956896564923227
CLDNectar= 116.657675604802
CA13Pollen= 3.46800279784948
CA13Nectar= 85.1297295093536
CA410Pollen= 4.97928588869982
CA410Nectar= 177.21960995812
CA1120Pollen= 2.35961058363318
CA1120Nectar= 37.6981641724706
IPollenTrips= 5.17587119480595
INectarTrips= 12.5430205557495
IPollenLoad= 0.50976469181478
INectarLoad= 1.79315668763593
