ICQueenStrength= 1.39981911308132
RQWkrDrnRatio= 3.71124529186636
ICDroneMiteSurvivorship= 95.9500401746482
ICWorkerMiteSurvivorship= 58.8018343085423
ICForagerLifespan= 11.7769843097776
ImmType= Logarithmic
RQQueenStrength= 1.22648562211543
RQEnableReQueen= true
AIAdultSlope= 2.06420459970832
AIAdultLD50= 1.86898844246776
AIAdultSlopeContact= 3.8777053791564
AIAdultLD50Contact= 21.3812679710323
AILarvaSlope= 6.63352316245437
AILarvaLD50= 31.6194838495401
AIKOW= 78110.855678403
AIKOC= 76834.6912815196
AIHalfLife= 8.2019151465036
EAppRate= 9.61557557702647
FoliarEnabled= true
FoliarAppDate= 06/07/1989
FoliarForageBegin= 06/05/1989
FoliarForageEnd= 06/28/1989
AIContactFactor= 0.72393488895148
CL4Pollen= 0.642337727360427
CL4Nectar= 17.3664577770978
CL5Pollen= 3.98405466601253
CL5Nectar= 148.118113016244
CLDPollen= 0.781727075111121
CLDNectar= 131.938409619033
CA13Pollen= 3.77461593532935
CA13Nectar= 78.2269130274653
CA410Pollen= 7.20078185733873
CA410Nectar= 107.010486777872
CA1120Pollen= 1.14036541222595
CA1120Nectar= 28.514158744365
IPollenTrips= 10.6673071417026
INectarTrips= 12.2847559745423
IPollenLoad= 9.84580523800105
INectarLoad= 3.85636183666065
