ICQueenStrength= 5.15518879075535
RQWkrDrnRatio= 1.0579073401168
ICDroneMiteSurvivorship= 5.48539781011641
ICWorkerMiteSurvivorship= 4.78208332788199
ICForagerLifespan= 12.5553269777447
ImmType= Tangent
RQQueenStrength= 5.44828471285291
RQEnableReQueen= true
AIAdultSlope= 6.39651710912585
AIAdultLD50= 12.4685960083199
AIAdultSlopeContact= 9.95126790204085
AIAdultLD50Contact= 7.82293803390488
AILarvaSlope= 7.14113623276353
AILarvaLD50= 83.0878314048457
AIKOW= 22374.4916822541
AIKOC= 93941.2357575598
AIHalfLife= 10.1395787620451
EAppRate= 5.70058226830605
FoliarEnabled= true
FoliarAppDate= 06/07/1989
FoliarForageBegin= 06/05/1989
FoliarForageEnd= 06/28/1989
AIContactFactor= 0.495635656123049
CL4Pollen= 1.80422572139651
CL4Nectar= 84.1968252789229
CL5Pollen= 5.03626772621647
CL5Nectar= 96.6484415112063
CLDPollen= 1.79840260231867
CLDNectar= 34.2890858883038
CA13Pollen= 6.20258090998977
CA13Nectar= 97.1921135112643
CA410Pollen= 4.31464075827971
CA410Nectar= 108.318934552372
CA1120Pollen= 0.905902064172551
CA1120Nectar= 94.037644919008
IPollenTrips= 9.75259367609397
INectarTrips= 5.6585554080084
IPollenLoad= 1.59013842698187
INectarLoad= 2.15305215446278
ESoilP= 1.41643894743174
ESoilFoc= 0.0126622707704082
