ICQueenStrength= 3.54268534854054
RQWkrDrnRatio= 3.43697441369295
ICDroneMiteSurvivorship= 85.7094481820241
ICWorkerMiteSurvivorship= 68.6264853691682
ICForagerLifespan= 5.29276585672051
ImmType= Polynomial
RQQueenStrength= 3.19543028715998
RQEnableReQueen=true
AIAdultSlope= 8.79885329678655
AIAdultLD50= 0.206080459462013
AIAdultSlopeContact= 6.82627223106101
AIAdultLD50Contact= 9.66134815345355
AILarvaSlope= 2.73332911357284
AILarvaLD50= 52.0054247397755
AIKOW= 18489.265327481
AIKOC= 81688.5852201704
AIHalfLife= 20.9246535929851
EAppRate= 2.95974552833429
FoliarEnabled=true
FoliarAppDate= 07/01/1989
FoliarForageBegin= 07/01/1989
FoliarForageEnd= 07/14/1989
AIContactFactor= 1.33914930459112
CL4Pollen= 1.90431767981499
CL4Nectar= 83.2274703774601
CL5Pollen= 3.06890880223364
CL5Nectar= 112.808732001577
CLDPollen= 2.00294585293159
CLDNectar= 47.4209975567646
CA13Pollen= 2.67680324874818
CA13Nectar= 89.6419114992023
CA410Pollen= 9.13927810417954
CA410Nectar= 104.392900434323
CA1120Pollen= 0.930108334869146
CA1120Nectar= 68.8405302911997
IPollenTrips= 9.84120302135125
INectarTrips= 8.56349730864167
IPollenLoad= 6.06367750791833
INectarLoad= 8.24409579858184
