ICQueenStrength= 2.33430454879999
RQWkrDrnRatio= 3.31242218613625
ICDroneMiteSurvivorship= 78.8392794784158
ICWorkerMiteSurvivorship= 13.2426779484376
ICForagerLifespan= 8.89311401359737
ImmType= Polynomial
RQQueenStrength= 4.23162433574907
RQEnableReQueen= true
AIAdultSlope= 4.58452819287777
AIAdultLD50= 35.8955588406688
AIAdultSlopeContact= 1.85333575191908
AIAdultLD50Contact= 69.7214374009906
AILarvaSlope= 1.30348318442702
AILarvaLD50= 56.0299144172298
AIKOW= 54443.3926386796
AIKOC= 63577.6170401555
AIHalfLife= 0.309033154929057
EAppRate= 4.81788260048907
FoliarEnabled= true
FoliarAppDate= 06/07/1989
FoliarForageBegin= 06/05/1989
FoliarForageEnd= 06/28/1989
AIContactFactor= 0.975292359888554
CL4Pollen= 3.79228672757745
CL4Nectar= 65.2496226830408
CL5Pollen= 3.3671451327391
CL5Nectar= 15.1733203441836
CLDPollen= 4.19502446008846
CLDNectar= 119.422184012365
CA13Pollen= 3.76643339432776
CA13Nectar= 40.6741550192237
CA410Pollen= 6.61976716141216
CA410Nectar= 199.841912738048
CA1120Pollen= 1.36462056543678
CA1120Nectar= 82.2703627496958
IPollenTrips= 13.2294265716337
INectarTrips= 11.7259461060166
IPollenLoad= 9.68628719914705
INectarLoad= 7.17324231751263
