ICQueenStrength= 4.87237649294548
RQWkrDrnRatio= 3.20926492009312
ICDroneMiteSurvivorship= 9.70531923230737
ICWorkerMiteSurvivorship= 10.4148064740002
ICForagerLifespan= 8.6127946311608
ImmType= Cosine
RQQueenStrength= 5.08188855275512
RQEnableReQueen= true
AIAdultSlope= 6.42990603484213
AIAdultLD50= 88.4371009021301
AIAdultSlopeContact= 6.77216725773178
AIAdultLD50Contact= 72.8875700807299
AILarvaSlope= 3.88171412236989
AILarvaLD50= 76.8839419905702
AIKOW= 94721.0943948647
AIKOC= 31271.2219096862
AIHalfLife= 22.585715237679
EAppRate= 2.43318466177816
FoliarEnabled= true
FoliarAppDate= 06/07/1989
FoliarForageBegin= 06/05/1989
FoliarForageEnd= 06/28/1989
AIContactFactor= 1.56003472027369
CL4Pollen= 2.84995132219046
CL4Nectar= 59.4441605731845
CL5Pollen= 0.758021574933082
CL5Nectar= 75.714908586815
CLDPollen= 4.19599900161847
CLDNectar= 88.3397210855037
CA13Pollen= 7.60299024060368
CA13Nectar= 88.825322240591
CA410Pollen= 2.55633286105003
CA410Nectar= 130.907571921125
CA1120Pollen= 2.22794394171797
CA1120Nectar= 85.8194198831916
IPollenTrips= 9.89266495220363
INectarTrips= 8.86412489227951
IPollenLoad= 6.65148133179173
INectarLoad= 5.55068609770387
ESoilP= 1.18845450086519
ESoilFoc= 0.012120864195982
