ICQueenStrength= 5.49922868749127
RQWkrDrnRatio= 4.99514301214367
ICDroneMiteSurvivorship= 37.6353897154331
ICWorkerMiteSurvivorship= 78.6117896903306
ICForagerLifespan= 8.85162533354014
ImmType= Polynomial
RQQueenStrength= 5.83247089432552
RQEnableReQueen= true
AIAdultSlope= 4.53808948770165
AIAdultLD50= 16.4247830082041
AIAdultSlopeContact= 7.02620872203261
AIAdultLD50Contact= 59.6414153243757
AILarvaSlope= 7.32536829635501
AILarvaLD50= 78.7918459606331
AIKOW= 40957.4254086696
AIKOC= 2742.18146998226
AIHalfLife= 32.5821084352676
EAppRate= 6.96948127775756
FoliarEnabled= true
FoliarAppDate= 06/07/1989
FoliarForageBegin= 06/05/1989
FoliarForageEnd= 06/28/1989
AIContactFactor= 0.420832943585701
CL4Pollen= 2.31688887160271
CL4Nectar= 62.6185733359307
CL5Pollen= 2.24401343101636
CL5Nectar= 52.5584287941456
CLDPollen= 2.61832731496543
CLDNectar= 90.934111957904
CA13Pollen= 3.82043528072536
CA13Nectar= 95.0221162289381
CA410Pollen= 5.58198136899155
CA410Nectar= 113.829987985082
CA1120Pollen= 1.86185558815487
CA1120Nectar= 48.8630286417902
IPollenTrips= 12.523321446497
INectarTrips= 9.96121846605092
IPollenLoad= 0.663989605382085
INectarLoad= 5.79302102560177
