ICQueenStrength= 1.53825574740767
RQWkrDrnRatio= 3.27781562972814
ICDroneMiteSurvivorship= 38.0076842848212
ICWorkerMiteSurvivorship= 99.577673850581
ICForagerLifespan= 6.12188739608973
ImmType= Sine
RQQueenStrength= 4.39924707449973
RQEnableReQueen=true
AIAdultSlope= 4.20019428431988
AIAdultLD50= 0.149883195467293
AIAdultSlopeContact= 2.08053063205443
AIAdultLD50Contact= 56.1000971135979
AILarvaSlope= 7.22863989695907
AILarvaLD50= 45.7433736714674
AIKOW= 91174.6429955732
AIKOC= 89901.2446269807
AIHalfLife= 23.5324437198695
EAppRate= 6.54198946960946
FoliarEnabled=true
FoliarAppDate= 07/01/1989
FoliarForageBegin= 07/01/1989
FoliarForageEnd= 07/14/1989
AIContactFactor= 2.18829498715699
CL4Pollen= 0.784638678655028
CL4Nectar= 48.0352468788624
CL5Pollen= 0.819661367218941
CL5Nectar= 58.6189749883488
CLDPollen= 3.24022568715736
CLDNectar= 122.014961857349
CA13Pollen= 2.4638239772059
CA13Nectar= 48.2157303392887
CA410Pollen= 3.75055780787952
CA410Nectar= 89.8423956381157
CA1120Pollen= 0.939993176143616
CA1120Nectar= 26.5106275677681
IPollenTrips= 8.99547333829105
INectarTrips= 7.68626207485795
IPollenLoad= 8.60102741280571
INectarLoad= 4.48690066114068
