ICQueenStrength= 2.6923704103101
RQWkrDrnRatio= 3.83590442314744
ICDroneMiteSurvivorship= 54.8926539719105
ICWorkerMiteSurvivorship= 0.62896532472223
ICForagerLifespan= 11.3930745813996
ImmType= Polynomial
AIAdultSlope= 2.54989934738958
AIAdultLD50= 0.166480752453208
AIAdultSlopeContact= 2.32946247649379
AIAdultLD50Contact= 0.00940778474323452
AILarvaSlope= 0.311276467610151
AILarvaLD50= 0.885965519654565
AIKOW= 2.26488106604666
AIKOC= 25.0076147215441
AIHalfLife= 0.817275207769126
EAppRate= 4.00656718062237
FoliarEnabled= true
