ICQueenStrength= 3.22603826667182
RQWkrDrnRatio= 2.72800182364881
ICDroneMiteSurvivorship= 1.27812710124999
ICWorkerMiteSurvivorship= 11.2982448190451
ICForagerLifespan= 15.0553769106045
ImmType= Polynomial
RQQueenStrength= 5.60923922248185
RQEnableReQueen= true
AIAdultSlope= 5.40083242207766
AIAdultLD50= 0.372928450988373
AIAdultSlopeContact= 4.04092889325693
AIAdultLD50Contact= 50.0378881063836
AILarvaSlope= 7.64530090428889
AILarvaLD50= 0.362568846409442
AIKOW= 89064.9053958682
AIKOC= 3180.59532515495
AIHalfLife= 21.2234347436577
EAppRate= 6.59952528747544
FoliarEnabled= true
FoliarAppDate= 09/01/1989
FoliarForageBegin= 09/01/1989
FoliarForageEnd= 09/08/1989
AIContactFactor= 0.307907690284774
CL4Pollen= 0.991710371337831
CL4Nectar= 11.2138062249869
CL5Pollen= 3.30770602449775
CL5Nectar= 99.05960932374
CLDPollen= 3.42663615709171
CLDNectar= 143.763446866069
CA13Pollen= 7.51769428122789
CA13Nectar= 90.0600793212652
CA410Pollen= 6.23080299410503
CA410Nectar= 95.3407901339233
CA1120Pollen= 0.816632736939937
CA1120Nectar= 47.2948936186731
IPollenTrips= 12.2165698884055
INectarTrips= 13.2114493474364
IPollenLoad= 9.22669097548351
INectarLoad= 6.40227720607072
