ICQueenStrength= 3.64145642332733
RQWkrDrnRatio= 2.52105313166976
ICDroneMiteSurvivorship= 34.2569671338424
ICWorkerMiteSurvivorship= 22.1804230473936
ICForagerLifespan= 11.8589822333306
ImmType= Tangent
RQQueenStrength= 1.99759795330465
RQEnableReQueen=true
AIAdultSlope= 7.3954819906503
AIAdultLD50= 0.872144935188117
AIAdultSlopeContact= 3.88226966070943
AIAdultLD50Contact= 26.9522372653927
AILarvaSlope= 3.81545544043183
AILarvaLD50= 12.5451803657841
AIKOW= 72941.2409993004
AIKOC= 40690.2647715074
AIHalfLife= 22.7027654228499
EAppRate= 0.36090124757681
FoliarEnabled=true
FoliarAppDate= 07/01/1989
FoliarForageBegin= 07/01/1989
FoliarForageEnd= 07/14/1989
AIContactFactor= 1.3923856598651
CL4Pollen= 2.44315638020635
CL4Nectar= 40.3133467538282
CL5Pollen= 1.41171922814101
CL5Nectar= 89.6244684350677
CLDPollen= 3.71364590339363
CLDNectar= 56.7718077334575
CA13Pollen= 6.62617556499317
CA13Nectar= 66.1681636050344
CA410Pollen= 6.46388247639406
CA410Nectar= 73.6733424477279
CA1120Pollen= 1.80281004519202
CA1120Nectar= 89.2041169479489
IPollenTrips= 6.47219675593078
INectarTrips= 5.67063617054373
IPollenLoad= 3.18255777005106
INectarLoad= 2.94253455940634
