ICQueenStrength= 2.84431464062072
RQWkrDrnRatio= 1.85405100695789
ICDroneMiteSurvivorship= 18.6339424923062
ICWorkerMiteSurvivorship= 33.9227636344731
ICForagerLifespan= 13.8136421395466
ImmType= Sine
RQQueenStrength= 1.3190019458998
RQEnableReQueen= true
AIAdultSlope= 5.15484186075628
AIAdultLD50= 0.121810410669306
AIAdultSlopeContact= 6.31731581594795
AIAdultLD50Contact= 70.0439560495217
AILarvaSlope= 5.38202353566885
AILarvaLD50= 90.3087757153148
AIKOW= 4474.42189974885
AIKOC= 52449.2529010074
AIHalfLife= 8.46046007738914
EAppRate= 0.642724002565024
FoliarEnabled= true
FoliarAppDate= 09/01/1989
FoliarForageBegin= 09/01/1989
FoliarForageEnd= 09/08/1989
AIContactFactor= 0.816985538871959
CL4Pollen= 1.06229656655341
CL4Nectar= 73.4483093488961
CL5Pollen= 5.27744075004011
CL5Nectar= 103.896834526677
CLDPollen= 2.39726535603404
CLDNectar= 17.7416175138205
CA13Pollen= 6.46071861805394
CA13Nectar= 23.3916886337101
CA410Pollen= 4.29645373802632
CA410Nectar= 22.6308402698487
CA1120Pollen= 1.82013421808369
CA1120Nectar= 33.292690590024
IPollenTrips= 14.5207113376819
INectarTrips= 9.91760439937934
IPollenLoad= 4.95783622609451
INectarLoad= 1.37729276670143
