ICQueenStrength= 2.57260335865431
RQWkrDrnRatio= 3.20231733284891
ICDroneMiteSurvivorship= 10.4079368524253
ICWorkerMiteSurvivorship= 37.4434568686411
ICForagerLifespan= 7.39061821252108
ImmType= Cosine
RQQueenStrength= 3.56188979139552
RQEnableReQueen= true
AIAdultSlope= 4.91656885668635
AIAdultLD50= 77.9839714268881
AIAdultSlopeContact= 4.27344111027196
AIAdultLD50Contact= 81.3415531493267
AILarvaSlope= 3.18145621195436
AILarvaLD50= 8.52758166141342
AIKOW= 54392.4232917621
AIKOC= 62844.108615383
AIHalfLife= 3.98854845121969
EAppRate= 5.14786551806843
FoliarEnabled= true
FoliarAppDate= 06/07/1989
FoliarForageBegin= 06/05/1989
FoliarForageEnd= 06/28/1989
AIContactFactor= 0.750141443298198
CL4Pollen= 1.30791204608977
CL4Nectar= 46.823192271404
CL5Pollen= 1.82430750550702
CL5Nectar= 78.0351659632288
CLDPollen= 0.773411393165588
CLDNectar= 16.1394272698089
CA13Pollen= 3.912804176379
CA13Nectar= 42.4823543988168
CA410Pollen= 5.90852125678211
CA410Nectar= 24.7050853725523
CA1120Pollen= 2.91327468026429
CA1120Nectar= 57.285863570869
IPollenTrips= 10.6878476333804
INectarTrips= 14.3524521938525
IPollenLoad= 2.71625973284245
INectarLoad= 2.28477844037116
