ICQueenStrength= 3.02157146995887
RQWkrDrnRatio= 3.08780213538557
ICDroneMiteSurvivorship= 22.8419623104855
ICWorkerMiteSurvivorship= 83.9532468467951
ICForagerLifespan= 5.69641110580415
ImmType= Logarithmic
RQQueenStrength= 3.09255707799457
RQEnableReQueen= true
AIAdultSlope= 1.85488438606262
AIAdultLD50= 3.47396440410963
AIAdultSlopeContact= 7.27429491747171
AIAdultLD50Contact= 91.9634569832929
AILarvaSlope= 7.6039876267314
AILarvaLD50= 71.0972093692559
AIKOW= 52062.0580038967
AIKOC= 38242.8670244266
AIHalfLife= 9.69035017148126
EAppRate= 1.45690182915074
FoliarEnabled= true
FoliarAppDate= 06/07/1989
FoliarForageBegin= 06/05/1989
FoliarForageEnd= 06/28/1989
AIContactFactor= 0.389351484747604
CL4Pollen= 0.238661397248507
CL4Nectar= 91.802555997856
CL5Pollen= 5.81915414566174
CL5Nectar= 67.3577724723145
CLDPollen= 4.22856601187959
CLDNectar= 51.46542271832
CA13Pollen= 5.2375316478312
CA13Nectar= 81.46588280797
CA410Pollen= 8.30783362295479
CA410Nectar= 156.806862768717
CA1120Pollen= 2.22322374978103
CA1120Nectar= 95.4590710066259
IPollenTrips= 14.4562092819251
INectarTrips= 9.45302075473592
IPollenLoad= 0.246884226799011
INectarLoad= 2.56880038185045
ESoilP= 1.43332286458462
ESoilFoc= 0.00614772023423575
