ICQueenStrength= 1.43729570112191
RQWkrDrnRatio= 3.02328051719815
ICDroneMiteSurvivorship= 70.6619027769193
ICWorkerMiteSurvivorship= 46.0670887259766
ICForagerLifespan= 6.65122410282493
ImmType= Tangent
RQQueenStrength= 1.12588851037435
RQEnableReQueen= true
AIAdultSlope= 3.34759222716093
AIAdultLD50= 28.9094775554778
AIAdultSlopeContact= 1.00409252289683
AIAdultLD50Contact= 28.0718170392392
AILarvaSlope= 8.38741423003376
AILarvaLD50= 65.1573617465056
AIKOW= 80977.2634110888
AIKOC= 84009.0968671553
AIHalfLife= 24.9604026380228
EAppRate= 0.52475678570848
FoliarEnabled= true
FoliarAppDate= 06/07/1989
FoliarForageBegin= 06/05/1989
FoliarForageEnd= 06/28/1989
AIContactFactor= 1.53647858532611
CL4Pollen= 1.45432889740914
CL4Nectar= 18.5732801677659
CL5Pollen= 5.84954559244215
CL5Nectar= 44.8004405829124
CLDPollen= 1.61386682745069
CLDNectar= 75.5246619461104
CA13Pollen= 3.45917413784191
CA13Nectar= 65.1678943820298
CA410Pollen= 7.79909319449216
CA410Nectar= 103.463841108605
CA1120Pollen= 1.75429154746234
CA1120Nectar= 54.0010683611035
IPollenTrips= 9.1827005171217
INectarTrips= 7.92056238278747
IPollenLoad= 9.48214221280068
INectarLoad= 0.140253349673003
ESoilP= 1.31914403708652
ESoilFoc= 0.0121313354477752
