ICQueenStrength= 2.57054645940661
RQWkrDrnRatio= 1.19954214431345
ICDroneMiteSurvivorship= 23.5348363872617
ICWorkerMiteSurvivorship= 84.5690101617947
ICForagerLifespan= 15.7645951379091
ImmType= Polynomial
AIAdultSlope= 0.58528934910195
AIAdultLD50= 0.0564037987962365
AIAdultSlopeContact= 3.80047360981582
AIAdultLD50Contact= 0.0367724013514817
AILarvaSlope= 0.899172807531431
AILarvaLD50= 0.523304187110625
AIKOW= 3.68373966123909
AIKOC= 11.9328432145994
AIHalfLife= 1.95067270130385
EAppRate= 6.93731066538021
FoliarEnabled= true
