ICQueenStrength= 3.09749109460972
RQWkrDrnRatio= 1.92643159907311
ICDroneMiteSurvivorship= 3.06334234774113
ICWorkerMiteSurvivorship= 23.1645729858428
ICForagerLifespan= 13.9780707862228
ImmType= Logarithmic
RQQueenStrength= 2.03445997228846
RQEnableReQueen= true
AIAdultSlope= 3.06590583920479
AIAdultLD50= 0.120659510875586
AIAdultSlopeContact= 1.24490872491151
AIAdultLD50Contact= 49.1052026713174
AILarvaSlope= 4.36347510479391
AILarvaLD50= 70.7558978668374
AIKOW= 43008.2061974778
AIKOC= 45078.5953737693
AIHalfLife= 2.40943784725387
EAppRate= 8.46405219066329
FoliarEnabled= true
FoliarAppDate= 09/01/1989
FoliarForageBegin= 09/01/1989
FoliarForageEnd= 09/08/1989
AIContactFactor= 0.693882510075346
CL4Pollen= 3.55438330676407
CL4Nectar= 37.1209030970931
CL5Pollen= 5.7469961293973
CL5Nectar= 49.4690151535906
CLDPollen= 0.436698250472546
CLDNectar= 126.50932475226
CA13Pollen= 5.43788516642526
CA13Nectar= 93.2454713992774
CA410Pollen= 7.8093011962017
CA410Nectar= 148.513901857659
CA1120Pollen= 2.74612286081538
CA1120Nectar= 95.1616034284234
IPollenTrips= 5.63264419091865
INectarTrips= 6.90360389649868
IPollenLoad= 3.54673000285402
INectarLoad= 7.37851835321635
