ICQueenStrength= 1.18371214275248
RQWkrDrnRatio= 2.46229779999703
ICDroneMiteSurvivorship= 57.3114635189995
ICWorkerMiteSurvivorship= 20.2057600021362
ICForagerLifespan= 6.84682125318795
ImmType= Cosine
RQQueenStrength= 5.78557717753574
RQEnableReQueen= true
AIAdultSlope= 5.07468497380614
AIAdultLD50= 38.3133179622968
AIAdultSlopeContact= 5.51179213495925
AIAdultLD50Contact= 39.9134828760445
AILarvaSlope= 8.88240179046988
AILarvaLD50= 0.0884532954469323
AIKOW= 85199.6307393328
AIKOC= 32162.6640904061
AIHalfLife= 2.48179733611178
EAppRate= 6.38682890226366
FoliarEnabled= true
FoliarAppDate= 06/07/1989
FoliarForageBegin= 06/05/1989
FoliarForageEnd= 06/28/1989
AIContactFactor= 0.876794100929983
CL4Pollen= 2.23717076610774
CL4Nectar= 24.2144765332341
CL5Pollen= 3.37512796511874
CL5Nectar= 61.7746487609111
CLDPollen= 4.66267227753997
CLDNectar= 86.4097552606836
CA13Pollen= 7.60709650283679
CA13Nectar= 62.4278841540217
CA410Pollen= 7.07518130589742
CA410Nectar= 171.320499973372
CA1120Pollen= 2.21562942489982
CA1120Nectar= 87.3616144806147
IPollenTrips= 10.2280820021406
INectarTrips= 14.6214716695249
IPollenLoad= 8.6255484377034
INectarLoad= 6.50690673617646
