ICQueenStrength= 5.27456772420555
RQWkrDrnRatio= 3.68657601065934
ICDroneMiteSurvivorship= 50.3298665396869
ICWorkerMiteSurvivorship= 82.6979106059298
ICForagerLifespan= 9.09773122891784
ImmType= Tangent
RQQueenStrength= 4.6052289349027
RQEnableReQueen= true
AIAdultSlope= 6.1035537738353
AIAdultLD50= 3.98209378563566
AIAdultSlopeContact= 2.67504292656668
AIAdultLD50Contact= 83.0169066380709
AILarvaSlope= 4.49419049918652
AILarvaLD50= 35.4184996527752
AIKOW= 65603.4899114608
AIKOC= 74997.2338721545
AIHalfLife= 30.3772031651577
EAppRate= 7.94010680538393
FoliarEnabled= true
FoliarAppDate= 06/07/1989
FoliarForageBegin= 06/05/1989
FoliarForageEnd= 06/28/1989
AIContactFactor= 1.22982421241235
CL4Pollen= 1.27541847433895
CL4Nectar= 73.3591905329376
CL5Pollen= 1.4415607592091
CL5Nectar= 93.2952220318839
CLDPollen= 5.51378386421129
CLDNectar= 101.120527437888
CA13Pollen= 3.00872263154015
CA13Nectar= 20.3270468488336
CA410Pollen= 9.10520392791368
CA410Nectar= 92.5802871864289
CA1120Pollen= 1.81579320249148
CA1120Nectar= 29.7316604107618
IPollenTrips= 13.6720627686009
INectarTrips= 5.67556815454736
IPollenLoad= 7.83887350233272
INectarLoad= 3.41091220732778
