ICQueenStrength= 2.5659125696402
RQWkrDrnRatio= 2.84852785803378
ICDroneMiteSurvivorship= 95.6489381380379
ICWorkerMiteSurvivorship= 42.7527229534462
ICForagerLifespan= 14.0867844168097
ImmType= Polynomial
RQQueenStrength= 3.12769784615375
RQEnableReQueen= true
AIAdultSlope= 6.46930691227317
AIAdultLD50= 46.4644028477797
AIAdultSlopeContact= 2.44619324291125
AIAdultLD50Contact= 53.7870019332045
AILarvaSlope= 5.98543063178658
AILarvaLD50= 57.2403704818499
AIKOW= 9700.58643336098
AIKOC= 95678.274384364
AIHalfLife= 22.9283772034803
EAppRate= 4.59251130022691
FoliarEnabled= true
FoliarAppDate= 06/07/1989
FoliarForageBegin= 06/05/1989
FoliarForageEnd= 06/28/1989
AIContactFactor= 2.25787287656683
CL4Pollen= 0.0788798434659839
CL4Nectar= 97.1309244632721
CL5Pollen= 0.288460189942271
CL5Nectar= 29.6592060592957
CLDPollen= 3.25290032336488
CLDNectar= 45.6544001586735
CA13Pollen= 4.79042752860114
CA13Nectar= 90.7521772198379
CA410Pollen= 5.57300481272396
CA410Nectar= 47.0592024549842
CA1120Pollen= 2.02099459106103
CA1120Nectar= 52.243076544255
IPollenTrips= 13.8696624804288
INectarTrips= 9.22137655317783
IPollenLoad= 1.01146689150482
INectarLoad= 1.35080511914566
ESoilP= 1.81224732566625
ESoilFoc= 0.00651357261184603
