ICQueenStrength= 5.95054475963116
RQWkrDrnRatio= 2.13485576305538
ICDroneMiteSurvivorship= 92.3287858720869
ICWorkerMiteSurvivorship= 70.6053360132501
ICForagerLifespan= 14.717656802386
ImmType= Exponential
RQQueenStrength= 4.95060819457285
RQEnableReQueen= true
AIAdultSlope= 3.84515368752182
AIAdultLD50= 17.4059427164549
AIAdultSlopeContact= 6.70221272786148
AIAdultLD50Contact= 86.8541808832153
AILarvaSlope= 2.97082285955548
AILarvaLD50= 97.2241152135041
AIKOW= 40187.7079366675
AIKOC= 34772.3292035852
AIHalfLife= 5.50099506217521
EAppRate= 2.83257849560236
FoliarEnabled= true
FoliarAppDate= 06/07/1989
FoliarForageBegin= 06/05/1989
FoliarForageEnd= 06/28/1989
AIContactFactor= 1.16561863685027
CL4Pollen= 1.01834094896913
CL4Nectar= 18.9929734217003
CL5Pollen= 0.401960071641952
CL5Nectar= 17.2140932176262
CLDPollen= 4.81774250138551
CLDNectar= 39.9407285498455
CA13Pollen= 6.50775649799034
CA13Nectar= 74.7347314842045
CA410Pollen= 7.30550275919959
CA410Nectar= 82.3198570637032
CA1120Pollen= 2.66831654752605
CA1120Nectar= 55.3104218654335
IPollenTrips= 12.3883651383221
INectarTrips= 6.41518753953278
IPollenLoad= 6.9682572199963
INectarLoad= 4.45919782156125
ESoilP= 1.62694625579752
ESoilFoc= 0.0151299290391617
