ICQueenStrength= 5.09188801073469
RQWkrDrnRatio= 2.70979597978294
ICDroneMiteSurvivorship= 86.4305195631459
ICWorkerMiteSurvivorship= 58.8078275322914
ICForagerLifespan= 11.4329326543957
ImmType= Tangent
RQQueenStrength= 2.03089744457975
RQEnableReQueen= true
AIAdultSlope= 5.31122055277228
AIAdultLD50= 92.408029776043
AIAdultSlopeContact= 6.79626948735677
AIAdultLD50Contact= 12.4156288936997
AILarvaSlope= 7.98669559508562
AILarvaLD50= 8.17305028366367
AIKOW= 79964.8386205167
AIKOC= 11170.8181264026
AIHalfLife= 1.17615635741968
EAppRate= 2.90363507586159
FoliarEnabled= true
FoliarAppDate= 06/07/1989
FoliarForageBegin= 06/05/1989
FoliarForageEnd= 06/28/1989
AIContactFactor= 1.30830221185461
CL4Pollen= 0.130536210723221
CL4Nectar= 69.4319214206189
CL5Pollen= 1.21859660977498
CL5Nectar= 17.0426199445501
CLDPollen= 3.0394029635936
CLDNectar= 54.1924604214728
CA13Pollen= 6.30733691742644
CA13Nectar= 35.2695122919977
CA410Pollen= 7.61267069769092
CA410Nectar= 27.9396687634289
CA1120Pollen= 0.507433811668307
CA1120Nectar= 82.2975132241845
IPollenTrips= 7.7883863938041
INectarTrips= 11.8103175680153
IPollenLoad= 2.57501683896407
INectarLoad= 2.97894919989631
