ICQueenStrength= 2.69209156185389
RQWkrDrnRatio= 4.8513674531132
ICDroneMiteSurvivorship= 11.3188152899966
ICWorkerMiteSurvivorship= 8.67608333937824
ICForagerLifespan= 10.9919360131025
ImmType= Polynomial
AIAdultSlope= 3.0987622345984
AIAdultLD50= 0.024524955637753
AIAdultSlopeContact= 2.24713571551256
AIAdultLD50Contact= 0.00704142875038087
AILarvaSlope= 1.70235947784968
AILarvaLD50= 0.0608180701732636
AIKOW= 4.11814543418586
AIKOC= 8.44885118538514
AIHalfLife= 1.92139774812385
EAppRate= 2.35714059090242
FoliarEnabled= true
