ICQueenStrength= 3.0116314443294
RQWkrDrnRatio= 1.188711239025
ICDroneMiteSurvivorship= 67.7482947940007
ICWorkerMiteSurvivorship= 57.3554828530177
ICForagerLifespan= 9.70690153166652
ImmType= Sine
RQQueenStrength= 2.26402457477525
RQEnableReQueen= true
AIAdultSlope= 7.14567134715617
AIAdultLD50= 25.4138423789088
AIAdultSlopeContact= 8.08299445128068
AIAdultLD50Contact= 19.1949852937043
AILarvaSlope= 2.92265736311674
AILarvaLD50= 39.0853244791634
AIKOW= 85165.6860372261
AIKOC= 31168.9364959556
AIHalfLife= 14.6413085252047
EAppRate= 9.34205487685744
FoliarEnabled= true
FoliarAppDate= 06/07/1989
FoliarForageBegin= 06/05/1989
FoliarForageEnd= 06/28/1989
AIContactFactor= 0.646918948641978
CL4Pollen= 2.4393864152953
CL4Nectar= 61.8473397800699
CL5Pollen= 4.10432384116575
CL5Nectar= 106.969779124483
CLDPollen= 4.3330163648352
CLDNectar= 49.7872015577741
CA13Pollen= 4.40761792641133
CA13Nectar= 88.2371479459107
CA410Pollen= 5.16249341042712
CA410Nectar= 74.7280643135309
CA1120Pollen= 1.59327331138775
CA1120Nectar= 28.7186064757407
IPollenTrips= 9.13675516145304
INectarTrips= 10.4450051253662
IPollenLoad= 9.74047474330291
INectarLoad= 0.167072885669768
