ICQueenStrength= 5.09090103814378
RQWkrDrnRatio= 1.1249934611842
ICDroneMiteSurvivorship= 90.2064886176959
ICWorkerMiteSurvivorship= 79.2200588388368
ICForagerLifespan= 6.41584626398981
ImmType= Exponential
RQQueenStrength= 2.99053914169781
RQEnableReQueen= true
AIAdultSlope= 6.57989852316678
AIAdultLD50= 87.2201680659994
AIAdultSlopeContact= 7.69818339101039
AIAdultLD50Contact= 60.2293698938186
AILarvaSlope= 7.65780559927225
AILarvaLD50= 98.6168853717192
AIKOW= 68776.8843048782
AIKOC= 73385.804771076
AIHalfLife= 6.98259691577405
EAppRate= 0.357493557773065
FoliarEnabled= true
FoliarAppDate= 06/07/1989
FoliarForageBegin= 06/05/1989
FoliarForageEnd= 06/28/1989
AIContactFactor= 0.386020277086645
CL4Pollen= 1.06136901210994
CL4Nectar= 3.4769386285916
CL5Pollen= 0.203923570923507
CL5Nectar= 70.8060434670188
CLDPollen= 2.4789840769954
CLDNectar= 134.30568035692
CA13Pollen= 6.96440255343914
CA13Nectar= 56.9086654856801
CA410Pollen= 7.96104347785004
CA410Nectar= 83.1047515943646
CA1120Pollen= 0.312007715692744
CA1120Nectar= 80.3906069137156
IPollenTrips= 12.053944489453
INectarTrips= 10.2999728778377
IPollenLoad= 2.61907951906323
INectarLoad= 8.30795953515917
