ICQueenStrength= 1.94459580723196
RQWkrDrnRatio= 4.98923130705953
ICDroneMiteSurvivorship= 48.9144957857206
ICWorkerMiteSurvivorship= 57.8564174706116
ICForagerLifespan= 11.6234110407531
ImmType= Exponential
RQQueenStrength= 4.40734136640094
RQEnableReQueen= true
AIAdultSlope= 4.04469758272171
AIAdultLD50= 29.9501724651246
AIAdultSlopeContact= 1.0507874537725
AIAdultLD50Contact= 3.45235872806166
AILarvaSlope= 5.76392541825771
AILarvaLD50= 57.5662374809496
AIKOW= 64413.4967784137
AIKOC= 76480.0530588559
AIHalfLife= 29.8820511716418
EAppRate= 3.69030359084695
FoliarEnabled= true
FoliarAppDate= 06/07/1989
FoliarForageBegin= 06/05/1989
FoliarForageEnd= 06/28/1989
AIContactFactor= 1.07473616673611
CL4Pollen= 2.04754210077226
CL4Nectar= 49.1297500906512
CL5Pollen= 2.04206277290359
CL5Nectar= 84.0531400521286
CLDPollen= 1.06563070602715
CLDNectar= 30.588142387569
CA13Pollen= 2.41236456371844
CA13Nectar= 23.4971919097006
CA410Pollen= 4.03829895062372
CA410Nectar= 172.360971556045
CA1120Pollen= 2.44205088238232
CA1120Nectar= 37.6303503476083
IPollenTrips= 14.9891711585224
INectarTrips= 7.34016563510522
IPollenLoad= 9.41803388763219
INectarLoad= 5.23462849436328
