ICQueenStrength= 1.61949714832008
RQWkrDrnRatio= 3.83905456867069
ICDroneMiteSurvivorship= 21.0029378300533
ICWorkerMiteSurvivorship= 86.8457175791264
ICForagerLifespan= 8.15827981010079
ImmType= Sine
RQQueenStrength= 3.19300542026758
RQEnableReQueen=true
AIAdultSlope= 1.55101144872606
AIAdultLD50= 0.477419531841995
AIAdultSlopeContact= 2.25053656008095
AIAdultLD50Contact= 5.84244329405669
AILarvaSlope= 4.68006309680641
AILarvaLD50= 67.6286877019284
AIKOW= 16239.3586186052
AIKOC= 88223.0939621388
AIHalfLife= 19.0035178819671
EAppRate= 9.09825736988429
FoliarEnabled=true
FoliarAppDate= 07/01/1989
FoliarForageBegin= 07/01/1989
FoliarForageEnd= 07/14/1989
AIContactFactor= 0.688323573851958
CL4Pollen= 3.11004007887095
CL4Nectar= 72.7470615180209
CL5Pollen= 3.53835671301931
CL5Nectar= 78.217864735052
CLDPollen= 5.96411053324118
CLDNectar= 11.6107132751495
CA13Pollen= 4.07194471107796
CA13Nectar= 38.1636700965464
CA410Pollen= 5.9103552211076
CA410Nectar= 197.511896668002
CA1120Pollen= 2.82801436074078
CA1120Nectar= 37.9112395457923
IPollenTrips= 9.10476011689752
INectarTrips= 10.9576266747899
IPollenLoad= 5.67060539033264
INectarLoad= 0.371625281404704
