ICQueenStrength= 2.2831586797256
RQWkrDrnRatio= 4.91097932122648
ICDroneMiteSurvivorship= 29.1237578261644
ICWorkerMiteSurvivorship= 12.0799089083448
ICForagerLifespan= 8.19489300251007
ImmType= Logarithmic
RQQueenStrength= 4.11139604775235
RQEnableReQueen= true
AIAdultSlope= 5.0901533421129
AIAdultLD50= 91.2307886962136
AIAdultSlopeContact= 8.15857041557319
AIAdultLD50Contact= 90.8828546251934
AILarvaSlope= 8.8013709038496
AILarvaLD50= 20.5447490585896
AIKOW= 38720.9717461711
AIKOC= 10464.214200893
AIHalfLife= 30.5780407869723
EAppRate= 1.18138428437617
FoliarEnabled= true
FoliarAppDate= 06/07/1989
FoliarForageBegin= 06/05/1989
FoliarForageEnd= 06/28/1989
AIContactFactor= 1.2924324613763
CL4Pollen= 0.586283267475665
CL4Nectar= 70.1050211209804
CL5Pollen= 5.15897480864078
CL5Nectar= 82.0333678973839
CLDPollen= 2.83100017625839
CLDNectar= 118.679827346932
CA13Pollen= 7.03990191621706
CA13Nectar= 22.8477013856173
CA410Pollen= 5.49187893806957
CA410Nectar= 174.518009452149
CA1120Pollen= 2.46050332020968
CA1120Nectar= 59.5202921144664
IPollenTrips= 14.5654553896748
INectarTrips= 13.9974805247039
IPollenLoad= 8.13923937967047
INectarLoad= 6.41566431615502
ESoilP= 1.52869517542422
ESoilFoc= 0.00361863206024282
