ICQueenStrength= 4.16922966856509
RQWkrDrnRatio= 2.68427982274443
ICDroneMiteSurvivorship= 20.8590764319524
ICWorkerMiteSurvivorship= 3.22306337766349
ICForagerLifespan= 12.4717661533505
ImmType= Tangent
RQQueenStrength= 5.52014233102091
RQEnableReQueen= true
AIAdultSlope= 4.70341281965375
AIAdultLD50= 21.0907312718167
AIAdultSlopeContact= 1.97356282896362
AIAdultLD50Contact= 0.303176298922161
AILarvaSlope= 6.42226927727461
AILarvaLD50= 40.3837126040952
AIKOW= 84643.0382681465
AIKOC= 77643.4636012486
AIHalfLife= 20.4562582965242
EAppRate= 9.51869368091319
FoliarEnabled= true
FoliarAppDate= 06/07/1989
FoliarForageBegin= 06/05/1989
FoliarForageEnd= 06/28/1989
AIContactFactor= 1.09896044616122
CL4Pollen= 0.386579976417124
CL4Nectar= 59.7081114305183
CL5Pollen= 3.43919287389144
CL5Nectar= 141.793565405533
CLDPollen= 3.20217222813517
CLDNectar= 43.7246481771581
CA13Pollen= 4.48375264722854
CA13Nectar= 72.5148518569767
CA410Pollen= 4.08175246436149
CA410Nectar= 168.041052781045
CA1120Pollen= 2.5792532118503
CA1120Nectar= 69.72820635885
IPollenTrips= 8.83752503897995
INectarTrips= 6.88152161426842
IPollenLoad= 8.11394251650199
INectarLoad= 8.88524921610951
