ICQueenStrength= 3.80308596906252
RQWkrDrnRatio= 3.29488075897098
ICDroneMiteSurvivorship= 24.1067637456581
ICWorkerMiteSurvivorship= 18.8830816419795
ICForagerLifespan= 9.01110188476741
ImmType= Tangent
RQQueenStrength= 2.43765719374642
RQEnableReQueen= true
AIAdultSlope= 1.79260160960257
AIAdultLD50= 69.8835985042458
AIAdultSlopeContact= 9.41204978432506
AIAdultLD50Contact= 56.2960714074343
AILarvaSlope= 8.51385394483805
AILarvaLD50= 61.2682660417496
AIKOW= 36355.4533419962
AIKOC= 81474.7905264713
AIHalfLife= 0.286170523078181
EAppRate= 0.599577958767535
FoliarEnabled= true
FoliarAppDate= 06/07/1989
FoliarForageBegin= 06/05/1989
FoliarForageEnd= 06/28/1989
AIContactFactor= 2.05070357669145
CL4Pollen= 0.768548008985817
CL4Nectar= 60.8002262888476
CL5Pollen= 2.58874146267772
CL5Nectar= 107.944484520704
CLDPollen= 3.54732168931514
CLDNectar= 1.57282152213156
CA13Pollen= 5.88850679462776
CA13Nectar= 76.1127170920372
CA410Pollen= 5.9375843553571
CA410Nectar= 152.435268638656
CA1120Pollen= 1.87688883743249
CA1120Nectar= 64.9852229095995
IPollenTrips= 12.807490285486
INectarTrips= 14.5675704884343
IPollenLoad= 2.65409290557727
INectarLoad= 5.93968268949538
