ICQueenStrength= 1.2299901470542
RQWkrDrnRatio= 1.71461966261268
ICDroneMiteSurvivorship= 73.5710690263659
ICWorkerMiteSurvivorship= 63.3961683372036
ICForagerLifespan= 11.9019807735458
ImmType= Logarithmic
RQQueenStrength= 5.60895423544571
RQEnableReQueen= true
AIAdultSlope= 4.1854351926595
AIAdultLD50= 14.6018932008736
AIAdultSlopeContact= 3.8902508711908
AIAdultLD50Contact= 1.07182703799685
AILarvaSlope= 3.45956163294613
AILarvaLD50= 62.7851653566959
AIKOW= 70200.4742573016
AIKOC= 27716.4451745539
AIHalfLife= 5.25036731548607
EAppRate= 5.77842265483853
FoliarEnabled= true
FoliarAppDate= 06/07/1989
FoliarForageBegin= 06/05/1989
FoliarForageEnd= 06/28/1989
AIContactFactor= 0.605222619031556
CL4Pollen= 1.25391707103699
CL4Nectar= 86.7677045287564
CL5Pollen= 1.92743954295292
CL5Nectar= 134.262898389716
CLDPollen= 4.79946688609198
CLDNectar= 46.5321274590679
CA13Pollen= 6.68781998408958
CA13Nectar= 89.6967030875385
CA410Pollen= 6.04339698520489
CA410Nectar= 133.429210116155
CA1120Pollen= 0.149574157549068
CA1120Nectar= 65.9361859969795
IPollenTrips= 7.94795275432989
INectarTrips= 11.5412649139762
IPollenLoad= 4.68840758316219
INectarLoad= 5.68879452999681
