ICQueenStrength= 5.67544969171286
RQWkrDrnRatio= 3.85570051707327
ICDroneMiteSurvivorship= 67.0587044209242
ICWorkerMiteSurvivorship= 2.45112024713308
ICForagerLifespan= 9.19136418402195
ImmType= Tangent
RQQueenStrength= 3.83329135389067
RQEnableReQueen= true
AIAdultSlope= 6.47223037667572
AIAdultLD50= 15.2456534579089
AIAdultSlopeContact= 8.21161382924765
AIAdultLD50Contact= 83.7912666533976
AILarvaSlope= 1.94247625954449
AILarvaLD50= 42.8354631696627
AIKOW= 35008.3766071341
AIKOC= 46963.9546944713
AIHalfLife= 0.565789087628946
EAppRate= 9.56607173648872
FoliarEnabled= true
FoliarAppDate= 06/07/1989
FoliarForageBegin= 06/05/1989
FoliarForageEnd= 06/28/1989
AIContactFactor= 0.808495287052356
CL4Pollen= 3.67344235815108
CL4Nectar= 55.471443827264
CL5Pollen= 5.53150073904544
CL5Nectar= 140.009194810409
CLDPollen= 0.664040177129209
CLDNectar= 87.9840528708883
CA13Pollen= 5.26571894185617
CA13Nectar= 55.205106716603
CA410Pollen= 2.31110056405887
CA410Nectar= 96.5075262868777
CA1120Pollen= 2.05610682908446
CA1120Nectar= 55.3802346996963
IPollenTrips= 9.19604974798858
INectarTrips= 10.6728497426957
IPollenLoad= 6.72421135939658
INectarLoad= 8.22059290716425
ESoilP= 1.16006917040795
ESoilFoc= 0.00315299450163729
