ICQueenStrength= 5.51122941216454
RQWkrDrnRatio= 4.90268817171454
ICDroneMiteSurvivorship= 84.4202559674159
ICWorkerMiteSurvivorship= 43.1646438781172
ICForagerLifespan= 14.3707637237385
ImmType= Sine
RQQueenStrength= 3.38371325773187
RQEnableReQueen= true
AIAdultSlope= 6.26736710779369
AIAdultLD50= 0.356810885756742
AIAdultSlopeContact= 6.74605411104858
AIAdultLD50Contact= 2.79199438956589
AILarvaSlope= 2.37351155467331
AILarvaLD50= 62.9865576119961
AIKOW= 41709.3928054971
AIKOC= 96436.502168094
AIHalfLife= 18.7290165495826
EAppRate= 3.91447104657558
FoliarEnabled= true
FoliarAppDate= 06/07/1989
FoliarForageBegin= 06/05/1989
FoliarForageEnd= 06/28/1989
AIContactFactor= 2.01335698241834
CL4Pollen= 1.16652643401176
CL4Nectar= 36.6603536065668
CL5Pollen= 4.31823716266081
CL5Nectar= 109.615212888457
CLDPollen= 3.75185425020754
CLDNectar= 79.5530435163528
CA13Pollen= 5.73944532945752
CA13Nectar= 72.221572175622
CA410Pollen= 7.67694530589506
CA410Nectar= 160.758265471086
CA1120Pollen= 2.45953197358176
CA1120Nectar= 71.679650824517
IPollenTrips= 5.1865987223573
INectarTrips= 5.73908393504098
IPollenLoad= 1.91984850447625
INectarLoad= 7.44781360263005
ESoilP= 1.30067830416374
ESoilFoc= 0.0165794104128145
