ICQueenStrength= 1.05663398560137
RQWkrDrnRatio= 1.14476774260402
ICDroneMiteSurvivorship= 84.2626508325338
ICWorkerMiteSurvivorship= 50.3803966101259
ICForagerLifespan= 6.82719951402396
ImmType= Polynomial
RQQueenStrength= 4.05260481126606
RQEnableReQueen=true
AIAdultSlope= 2.8986432980746
AIAdultLD50= 0.234797262247652
AIAdultSlopeContact= 8.69398066611029
AIAdultLD50Contact= 90.8104408282107
AILarvaSlope= 3.21010321192443
AILarvaLD50= 27.9417103181884
AIKOW= 17800.7894205618
AIKOC= 82606.7356491662
AIHalfLife= 9.98142258883454
EAppRate= 4.58901182612125
FoliarEnabled=true
FoliarAppDate= 07/01/1989
FoliarForageBegin= 07/01/1989
FoliarForageEnd= 07/14/1989
AIContactFactor= 1.1071472541336
CL4Pollen= 0.544105870649219
CL4Nectar= 78.355582151562
CL5Pollen= 0.750611486379057
CL5Nectar= 142.12524733739
CLDPollen= 0.614435639698058
CLDNectar= 24.9756604316644
CA13Pollen= 2.62054592212662
CA13Nectar= 59.7978766262531
CA410Pollen= 5.75509932667483
CA410Nectar= 92.0463412208483
CA1120Pollen= 1.17965380079113
CA1120Nectar= 45.4279461875558
IPollenTrips= 12.4885897035711
INectarTrips= 11.4161779102869
IPollenLoad= 0.943653143476695
INectarLoad= 3.76661564456299
