ICQueenStrength= 1.21050325478427
RQWkrDrnRatio= 1.99246215075254
ICDroneMiteSurvivorship= 91.9768642634153
ICWorkerMiteSurvivorship= 28.9951455779374
ICForagerLifespan= 11.96864854265
ImmType= Polynomial
RQQueenStrength= 5.31627185782418
RQEnableReQueen= true
AIAdultSlope= 8.19854841940105
AIAdultLD50= 69.9365865035658
AIAdultSlopeContact= 9.09139764774591
AIAdultLD50Contact= 64.6353673456693
AILarvaSlope= 5.47341377288103
AILarvaLD50= 91.5534821056782
AIKOW= 51117.2550253061
AIKOC= 29470.8633408058
AIHalfLife= 15.5988219939638
EAppRate= 0.307386939401506
FoliarEnabled= true
FoliarAppDate= 06/07/1989
FoliarForageBegin= 06/05/1989
FoliarForageEnd= 06/28/1989
AIContactFactor= 0.99658012539614
CL4Pollen= 1.00750128552318
CL4Nectar= 32.426502299495
CL5Pollen= 1.93769618170336
CL5Nectar= 64.3830074113794
CLDPollen= 0.243691956158727
CLDNectar= 127.082432003226
CA13Pollen= 7.86989827342331
CA13Nectar= 72.3527359031141
CA410Pollen= 5.00067739880178
CA410Nectar= 25.0118883000687
CA1120Pollen= 2.13767762621865
CA1120Nectar= 91.9741219095886
IPollenTrips= 10.3458444564603
INectarTrips= 9.54771695658565
IPollenLoad= 3.8607511529699
INectarLoad= 5.53752895444632
