ICQueenStrength= 3.68650443758816
RQWkrDrnRatio= 3.59176720585674
ICDroneMiteSurvivorship= 8.66476325318217
ICWorkerMiteSurvivorship= 59.3578045489267
ICForagerLifespan= 4.29814451094717
ImmType= Sine
RQQueenStrength= 4.21894971188158
RQEnableReQueen= true
AIAdultSlope= 2.61963625624776
AIAdultLD50= 87.8276867564071
AIAdultSlopeContact= 7.56990794977173
AIAdultLD50Contact= 34.6323046482198
AILarvaSlope= 6.89690642058849
AILarvaLD50= 46.8461315296816
AIKOW= 84610.6633566484
AIKOC= 52798.716025423
AIHalfLife= 1.0193612701958
EAppRate= 1.99071921266965
FoliarEnabled= true
FoliarAppDate= 06/07/1989
FoliarForageBegin= 06/05/1989
FoliarForageEnd= 06/28/1989
AIContactFactor= 0.836430367189459
CL4Pollen= 0.313797384500504
CL4Nectar= 32.1375312749296
CL5Pollen= 0.0805110228247941
CL5Nectar= 134.431508230045
CLDPollen= 1.91553442832083
CLDNectar= 20.4395157052204
CA13Pollen= 2.99055921779946
CA13Nectar= 55.1055306009948
CA410Pollen= 8.01215268140659
CA410Nectar= 173.988643023185
CA1120Pollen= 2.91588408336975
CA1120Nectar= 42.502042837441
IPollenTrips= 10.3309485130012
INectarTrips= 5.83257727092132
IPollenLoad= 0.754428457003087
INectarLoad= 2.6058909506537
