ICQueenStrength= 2.55168925132602
RQWkrDrnRatio= 1.86590276006609
ICDroneMiteSurvivorship= 4.81779258698225
ICWorkerMiteSurvivorship= 78.4163500647992
ICForagerLifespan= 10.5082772895694
ImmType= Exponential
RQQueenStrength= 3.52693924680352
RQEnableReQueen=true
AIAdultSlope= 8.48724637180567
AIAdultLD50= 0.604358951637987
AIAdultSlopeContact= 8.66195251094177
AIAdultLD50Contact= 28.7785057375384
AILarvaSlope= 2.48773707635701
AILarvaLD50= 8.28639057206968
AIKOW= 14757.131624859
AIKOC= 96217.7168460211
AIHalfLife= 2.5544249597704
EAppRate= 4.23686968934955
FoliarEnabled=true
FoliarAppDate= 07/01/1989
FoliarForageBegin= 07/01/1989
FoliarForageEnd= 07/14/1989
AIContactFactor= 0.427950089699589
CL4Pollen= 0.233637287281454
CL4Nectar= 11.2032728036866
CL5Pollen= 0.598435990512371
CL5Nectar= 144.606268918142
CLDPollen= 0.176231235265732
CLDNectar= 138.851168425754
CA13Pollen= 7.23505371231586
CA13Nectar= 43.5748856328428
CA410Pollen= 2.27522646093275
CA410Nectar= 98.821950214915
CA1120Pollen= 2.85390306590125
CA1120Nectar= 29.6057750657201
IPollenTrips= 14.3754098913632
INectarTrips= 13.9497458189726
IPollenLoad= 4.08485341118649
INectarLoad= 8.42621609801427
