ICQueenStrength= 1.16621874063276
RQWkrDrnRatio= 2.00951136182994
ICDroneMiteSurvivorship= 6.84786813799292
ICWorkerMiteSurvivorship= 12.0314412517473
ICForagerLifespan= 6.14708209503442
ImmType= Cosine
AIAdultSlope= 3.1052848883369
AIAdultLD50= 0.0302985077723861
AIAdultSlopeContact= 1.54607658068882
AIAdultLD50Contact= 0.0496891550603323
AILarvaSlope= 2.79428685707971
AILarvaLD50= 0.33537676606793
AIKOW= 2.14586001541466
AIKOC= 20.7699247065466
AIHalfLife= 2.48816078456584
EAppRate= 5.07663528434932
FoliarEnabled= true
