ICQueenStrength= 2.74057990778238
RQWkrDrnRatio= 2.3879030412063
ICDroneMiteSurvivorship= 25.0571834854782
ICWorkerMiteSurvivorship= 70.7222307799384
ICForagerLifespan= 15.3442192524672
ImmType= Cosine
RQQueenStrength= 2.8809780292213
RQEnableReQueen=true
AIAdultSlope= 8.04086749814451
AIAdultLD50= 0.82105325924675
AIAdultSlopeContact= 9.51115174754523
AIAdultLD50Contact= 5.13228687411151
AILarvaSlope= 3.67395526729524
AILarvaLD50= 78.1185783234665
AIKOW= 98770.2328544531
AIKOC= 47595.0938873196
AIHalfLife= 21.5541691312566
EAppRate= 3.91433938702894
FoliarEnabled=true
FoliarAppDate= 07/01/1989
FoliarForageBegin= 07/01/1989
FoliarForageEnd= 07/14/1989
AIContactFactor= 1.27080183038022
CL4Pollen= 1.73299952503294
CL4Nectar= 24.4202632457018
CL5Pollen= 4.50504613481462
CL5Nectar= 15.1970859384164
CLDPollen= 4.69294682750478
CLDNectar= 88.4286932065152
CA13Pollen= 5.10541138639674
CA13Nectar= 92.697982173413
CA410Pollen= 2.39579981847201
CA410Nectar= 89.0279066609219
CA1120Pollen= 2.40169979981147
CA1120Nectar= 91.256701182574
IPollenTrips= 9.16270296322182
INectarTrips= 10.3028752771206
IPollenLoad= 2.81398895429447
INectarLoad= 0.608311691321433
