ICQueenStrength= 4.09804735006765
RQWkrDrnRatio= 4.64710216317326
ICDroneMiteSurvivorship= 1.67048543225974
ICWorkerMiteSurvivorship= 85.7070855796337
ICForagerLifespan= 5.01835649553686
ImmType= Sine
AIAdultSlope= 2.69766137106344
AIAdultLD50= 0.0748719040304422
AIAdultSlopeContact= 0.625165162116755
AIAdultLD50Contact= 0.0420065720449202
AILarvaSlope= 0.765264439210296
AILarvaLD50= 0.573475882178172
AIKOW= 5.83928924240172
AIKOC= 28.3908382535446
AIHalfLife= 2.81228831424378
EAppRate= 0.539703825488687
FoliarEnabled= true
