ICQueenStrength= 4.83815917838365
RQWkrDrnRatio= 1.4644371131435
ICDroneMiteSurvivorship= 76.1633852962404
ICWorkerMiteSurvivorship= 1.13470896612853
ICForagerLifespan= 15.8779827440158
ImmType= Logarithmic
RQQueenStrength= 4.73661186825484
RQEnableReQueen=true
AIAdultSlope= 2.03989319503307
AIAdultLD50= 0.693378238400212
AIAdultSlopeContact= 3.70008158357814
AIAdultLD50Contact= 49.7824732791441
AILarvaSlope= 8.72656435519457
AILarvaLD50= 97.0620675907698
AIKOW= 53790.6031698889
AIKOC= 19764.067242279
AIHalfLife= 1.64889366948046
EAppRate= 8.87473178965761
FoliarEnabled=true
FoliarAppDate= 07/01/1989
FoliarForageBegin= 07/01/1989
FoliarForageEnd= 07/14/1989
AIContactFactor= 2.30312074583024
CL4Pollen= 1.02384178712964
CL4Nectar= 28.4555975347757
CL5Pollen= 1.12257253797725
CL5Nectar= 122.687179001514
CLDPollen= 2.06639303918928
CLDNectar= 90.0630687712692
CA13Pollen= 5.79663883643225
CA13Nectar= 60.7071573287249
CA410Pollen= 7.35842454361264
CA410Nectar= 150.907211983576
CA1120Pollen= 2.82732542906888
CA1120Nectar= 60.2812686190009
IPollenTrips= 11.7522426578216
INectarTrips= 5.55903265252709
IPollenLoad= 9.67131512938067
INectarLoad= 6.72513354802504
