ICQueenStrength= 5.26010625436902
RQWkrDrnRatio= 2.78678136877716
ICDroneMiteSurvivorship= 35.51658350043
ICWorkerMiteSurvivorship= 56.1069861752912
ICForagerLifespan= 13.2370588351041
ImmType= Cosine
RQQueenStrength= 5.55316785024479
RQEnableReQueen= true
AIAdultSlope= 4.8852658495307
AIAdultLD50= 97.9819128702043
AIAdultSlopeContact= 9.34048783802427
AIAdultLD50Contact= 32.1106141563686
AILarvaSlope= 1.37168669328094
AILarvaLD50= 45.8485884146476
AIKOW= 45024.4279605874
AIKOC= 93364.3433736013
AIHalfLife= 29.3403437756468
EAppRate= 3.70614506314928
FoliarEnabled= true
FoliarAppDate= 06/07/1989
FoliarForageBegin= 06/05/1989
FoliarForageEnd= 06/28/1989
AIContactFactor= 0.368489870475605
CL4Pollen= 0.711038080975413
CL4Nectar= 87.3982330784202
CL5Pollen= 4.26162215089425
CL5Nectar= 90.9370898385532
CLDPollen= 5.43197107734159
CLDNectar= 98.060449550394
CA13Pollen= 6.63072739802301
CA13Nectar= 52.1175074204803
CA410Pollen= 6.83432384128682
CA410Nectar= 66.6145749948919
CA1120Pollen= 0.295075363945216
CA1120Nectar= 81.139808986336
IPollenTrips= 9.70739797689021
INectarTrips= 11.5024959947914
IPollenLoad= 4.23934999853373
INectarLoad= 7.6316293515265
ESoilP= 1.05909269116819
ESoilFoc= 0.00101850149594247
