ICQueenStrength= 5.15531106875278
RQWkrDrnRatio= 1.19593647588044
ICDroneMiteSurvivorship= 1.29238753579557
ICWorkerMiteSurvivorship= 83.3475330844522
ICForagerLifespan= 15.7385413246229
ImmType= Sine
RQQueenStrength= 4.7664474081248
RQEnableReQueen= true
AIAdultSlope= 7.86944784969091
AIAdultLD50= 35.741421210706
AIAdultSlopeContact= 5.33538274094462
AIAdultLD50Contact= 37.3795508301603
AILarvaSlope= 7.17995911277831
AILarvaLD50= 1.92039162601088
AIKOW= 25868.5471814172
AIKOC= 83367.0943707696
AIHalfLife= 34.2151037250413
EAppRate= 1.43297990669962
FoliarEnabled= true
FoliarAppDate= 06/07/1989
FoliarForageBegin= 06/05/1989
FoliarForageEnd= 06/28/1989
AIContactFactor= 1.21193084458821
CL4Pollen= 1.44648868963122
CL4Nectar= 50.9529433911666
CL5Pollen= 5.90896595735103
CL5Nectar= 57.2631592629477
CLDPollen= 4.38475025631487
CLDNectar= 114.848747255746
CA13Pollen= 4.15416280487552
CA13Nectar= 97.932324744761
CA410Pollen= 7.53790328702889
CA410Nectar= 109.855106608011
CA1120Pollen= 2.15799889317714
CA1120Nectar= 23.3052349276841
IPollenTrips= 8.99171311641112
INectarTrips= 5.01437167171389
IPollenLoad= 6.23275900259614
INectarLoad= 5.92447658767924
