ICQueenStrength= 3.68869005423039
RQWkrDrnRatio= 1.29043949954212
ICDroneMiteSurvivorship= 69.4370689569041
ICWorkerMiteSurvivorship= 0.822046073153615
ICForagerLifespan= 10.1410996671766
ImmType= Logarithmic
RQQueenStrength= 2.04264578595757
RQEnableReQueen=true
AIAdultSlope= 2.83251872286201
AIAdultLD50= 0.640942591361469
AIAdultSlopeContact= 6.40798350377008
AIAdultLD50Contact= 4.65008083004458
AILarvaSlope= 4.87804954126477
AILarvaLD50= 79.6584144870709
AIKOW= 43473.1017747243
AIKOC= 98444.5705092177
AIHalfLife= 10.547388367285
EAppRate= 7.4222602675457
FoliarEnabled=true
FoliarAppDate= 07/01/1989
FoliarForageBegin= 07/01/1989
FoliarForageEnd= 07/14/1989
AIContactFactor= 1.50035394185223
CL4Pollen= 3.00110108777881
CL4Nectar= 4.86837395001203
CL5Pollen= 1.840142570436
CL5Nectar= 109.927846561186
CLDPollen= 2.55993446940556
CLDNectar= 119.537883682642
CA13Pollen= 2.35873458795249
CA13Nectar= 71.2660705111921
CA410Pollen= 8.50363382895011
CA410Nectar= 75.2305493922904
CA1120Pollen= 2.56822351086885
CA1120Nectar= 36.3446303457022
IPollenTrips= 10.9083093167283
INectarTrips= 8.28374756732956
IPollenLoad= 9.88038167124614
INectarLoad= 1.90766274929047
