ICQueenStrength= 1.16519176657312
RQWkrDrnRatio= 2.82055512070656
ICDroneMiteSurvivorship= 99.2973789572716
ICWorkerMiteSurvivorship= 66.6279036086053
ICForagerLifespan= 10.8791700340807
ImmType= Tangent
RQQueenStrength= 3.90150095010176
RQEnableReQueen= true
AIAdultSlope= 7.13230722770095
AIAdultLD50= 27.8352432846313
AIAdultSlopeContact= 3.31541889766231
AIAdultLD50Contact= 53.9209070852404
AILarvaSlope= 4.9199999012053
AILarvaLD50= 97.6959122952081
AIKOW= 30010.3210751762
AIKOC= 15430.0029599196
AIHalfLife= 12.8114082031883
EAppRate= 5.34526062786509
FoliarEnabled= true
FoliarAppDate= 06/07/1989
FoliarForageBegin= 06/05/1989
FoliarForageEnd= 06/28/1989
AIContactFactor= 2.1042299906211
CL4Pollen= 3.2497516265139
CL4Nectar= 44.003693992272
CL5Pollen= 3.46669131936505
CL5Nectar= 74.001606577076
CLDPollen= 3.41300823027268
CLDNectar= 35.4192864848301
CA13Pollen= 7.80525286896154
CA13Nectar= 21.1017749644816
CA410Pollen= 9.12689883818384
CA410Nectar= 151.470009800978
CA1120Pollen= 1.17979023302905
CA1120Nectar= 50.6012380123138
IPollenTrips= 14.7065861593001
INectarTrips= 6.4750596601516
IPollenLoad= 4.95397711405531
INectarLoad= 7.5183723308146
ESoilP= 1.42845728737302
ESoilFoc= 0.0131862059133127
