ICQueenStrength= 3.56989689171314
RQWkrDrnRatio= 4.57167936209589
ICDroneMiteSurvivorship= 41.370364674367
ICWorkerMiteSurvivorship= 80.3604821674526
ICForagerLifespan= 7.34735740814358
ImmType= Tangent
RQQueenStrength= 2.6025705607608
RQEnableReQueen=true
AIAdultSlope= 1.91521140187979
AIAdultLD50= 0.874705078840489
AIAdultSlopeContact= 7.65654953080229
AIAdultLD50Contact= 30.7463791338056
AILarvaSlope= 1.74900967255235
AILarvaLD50= 75.0367069095364
AIKOW= 2415.11783385462
AIKOC= 59925.5710376496
AIHalfLife= 18.6043686212506
EAppRate= 9.24955110242171
FoliarEnabled=true
FoliarAppDate= 07/01/1989
FoliarForageBegin= 07/01/1989
FoliarForageEnd= 07/14/1989
AIContactFactor= 1.67852074737195
CL4Pollen= 1.01190308853984
CL4Nectar= 27.5542131857947
CL5Pollen= 4.91187810106203
CL5Nectar= 109.861506382003
CLDPollen= 4.13379495218396
CLDNectar= 55.9608397772536
CA13Pollen= 5.94289601715282
CA13Nectar= 81.0433696582913
CA410Pollen= 3.48497207718901
CA410Nectar= 161.216653441079
CA1120Pollen= 1.95685932319611
CA1120Nectar= 40.401568878442
IPollenTrips= 14.1023491625674
INectarTrips= 10.7398597570136
IPollenLoad= 0.983957275748253
INectarLoad= 5.27305728057399
