ICQueenStrength= 3.81775838462636
RQWkrDrnRatio= 1.31391561124474
ICDroneMiteSurvivorship= 90.0499255862087
ICWorkerMiteSurvivorship= 1.64727140218019
ICForagerLifespan= 13.2132442137226
ImmType= Tangent
RQQueenStrength= 5.6783082652837
RQEnableReQueen= true
AIAdultSlope= 4.11565483175218
AIAdultLD50= 22.7930757555428
AIAdultSlopeContact= 4.93828370375559
AIAdultLD50Contact= 7.36613374530501
AILarvaSlope= 7.83467503264546
AILarvaLD50= 74.1000488646224
AIKOW= 81926.4043035337
AIKOC= 11799.1187928442
AIHalfLife= 13.0587502625305
EAppRate= 4.96045999052492
FoliarEnabled= true
FoliarAppDate= 06/07/1989
FoliarForageBegin= 06/05/1989
FoliarForageEnd= 06/28/1989
AIContactFactor= 1.60594316249248
CL4Pollen= 0.158749351277947
CL4Nectar= 58.2240693503991
CL5Pollen= 3.48717243690044
CL5Nectar= 94.6708793984726
CLDPollen= 5.33128994749859
CLDNectar= 94.2959870444611
CA13Pollen= 4.70362777337432
CA13Nectar= 98.1308137066662
CA410Pollen= 3.48706133100204
CA410Nectar= 118.878232245333
CA1120Pollen= 0.105459233745933
CA1120Nectar= 56.0184144228697
IPollenTrips= 6.96786161279306
INectarTrips= 12.19329736894
IPollenLoad= 5.30648310203105
INectarLoad= 9.71380872651935
