ICQueenStrength= 1.03995836363174
RQWkrDrnRatio= 2.79173410497606
ICDroneMiteSurvivorship= 87.4796282267198
ICWorkerMiteSurvivorship= 15.550527907908
ICForagerLifespan= 4.4313210779801
ImmType= Sine
RQQueenStrength= 2.43538475851528
RQEnableReQueen= true
AIAdultSlope= 8.00343588367105
AIAdultLD50= 23.3756711992372
AIAdultSlopeContact= 3.28759994148277
AIAdultLD50Contact= 55.2033417674389
AILarvaSlope= 5.25065013766289
AILarvaLD50= 2.20943545335135
AIKOW= 34259.5474411063
AIKOC= 70232.1676610617
AIHalfLife= 23.2217297173571
EAppRate= 8.94002705822745
FoliarEnabled= true
FoliarAppDate= 06/07/1989
FoliarForageBegin= 06/05/1989
FoliarForageEnd= 06/28/1989
AIContactFactor= 1.75165321181994
CL4Pollen= 0.453974135220051
CL4Nectar= 63.7771843001246
CL5Pollen= 5.59452713141218
CL5Nectar= 79.2983682244085
CLDPollen= 4.56747918762267
CLDNectar= 7.40592334186658
CA13Pollen= 5.29823249094188
CA13Nectar= 92.4064089544117
CA410Pollen= 4.7532423206605
CA410Nectar= 41.5672725858167
CA1120Pollen= 0.57388544571586
CA1120Nectar= 65.1775191165507
IPollenTrips= 7.55614229710773
INectarTrips= 8.46429880242795
IPollenLoad= 2.53735394915566
INectarLoad= 2.25127747980878
ESoilP= 1.22962021338753
ESoilFoc= 0.00316698427940719
