ICQueenStrength= 1.14431380550377
RQWkrDrnRatio= 1.04777907952666
ICDroneMiteSurvivorship= 26.5405331272632
ICWorkerMiteSurvivorship= 85.3402719134465
ICForagerLifespan= 14.2813682956621
ImmType= Logarithmic
RQQueenStrength= 1.30859276419505
RQEnableReQueen= true
AIAdultSlope= 8.39597408287227
AIAdultLD50= 14.9554289348985
AIAdultSlopeContact= 6.9306192540098
AIAdultLD50Contact= 70.3180987482658
AILarvaSlope= 3.33479583822191
AILarvaLD50= 37.909477482155
AIKOW= 72176.5692462385
AIKOC= 202.04848429258
AIHalfLife= 14.6934807902668
EAppRate= 4.218712468263
FoliarEnabled= true
FoliarAppDate= 06/07/1989
FoliarForageBegin= 06/05/1989
FoliarForageEnd= 06/28/1989
AIContactFactor= 0.98337649690453
CL4Pollen= 3.86722873337567
CL4Nectar= 56.8379405653104
CL5Pollen= 3.29914441891015
CL5Nectar= 125.729429663625
CLDPollen= 3.09378797141835
CLDNectar= 1.22431037016213
CA13Pollen= 3.27311192341149
CA13Nectar= 63.8731452822685
CA410Pollen= 5.29905606016982
CA410Nectar= 192.972756591626
CA1120Pollen= 1.99145848606713
CA1120Nectar= 22.4003618583083
IPollenTrips= 8.85233656968921
INectarTrips= 11.4981018775143
IPollenLoad= 9.75691066123545
INectarLoad= 7.62196969240904
ESoilP= 1.45193565986119
ESoilFoc= 0.0031428156751208
