ICQueenStrength= 5.37055386952125
RQWkrDrnRatio= 2.58735352102667
ICDroneMiteSurvivorship= 46.9381076283753
ICWorkerMiteSurvivorship= 80.8088093996048
ICForagerLifespan= 13.1289574047551
ImmType= Polynomial
RQQueenStrength= 5.03446592506953
RQEnableReQueen= true
AIAdultSlope= 8.18323893100023
AIAdultLD50= 8.83041793547827
AIAdultSlopeContact= 7.70379223371856
AIAdultLD50Contact= 17.2877114269112
AILarvaSlope= 8.3229947462678
AILarvaLD50= 90.0227459436478
AIKOW= 21476.5450045398
AIKOC= 83812.8221549436
AIHalfLife= 10.0519627946895
EAppRate= 7.23101531593246
FoliarEnabled= true
FoliarAppDate= 06/07/1989
FoliarForageBegin= 06/05/1989
FoliarForageEnd= 06/28/1989
AIContactFactor= 1.68506630534772
CL4Pollen= 2.40070650819689
CL4Nectar= 42.8028797963634
CL5Pollen= 5.40076568070799
CL5Nectar= 96.5517640463077
CLDPollen= 2.09857245488092
CLDNectar= 27.578024554532
CA13Pollen= 3.86862579528242
CA13Nectar= 89.9502210691571
CA410Pollen= 3.6778073371388
CA410Nectar= 82.9104892536998
CA1120Pollen= 1.37336957850493
CA1120Nectar= 89.9915573745966
IPollenTrips= 6.81642258074135
INectarTrips= 7.20192761626095
IPollenLoad= 7.62192097492516
INectarLoad= 7.20912086777389
ESoilP= 1.26968786446378
ESoilFoc= 0.0100672377701849
