ICQueenStrength= 5.80306086363271
RQWkrDrnRatio= 2.81164613831788
ICDroneMiteSurvivorship= 12.2219781158492
ICWorkerMiteSurvivorship= 59.1435008216649
ICForagerLifespan= 13.4899218073115
ImmType= Logarithmic
RQQueenStrength= 4.16265302710235
RQEnableReQueen= true
AIAdultSlope= 5.29807402938604
AIAdultLD50= 77.5986729979725
AIAdultSlopeContact= 4.75527275423519
AIAdultLD50Contact= 89.6095029946675
AILarvaSlope= 3.10009192675352
AILarvaLD50= 66.2718119400397
AIKOW= 81049.1523331329
AIKOC= 7358.74775594007
AIHalfLife= 34.0864714783616
EAppRate= 1.16077184659988
FoliarEnabled= true
FoliarAppDate= 06/07/1989
FoliarForageBegin= 06/05/1989
FoliarForageEnd= 06/28/1989
AIContactFactor= 1.40917305281851
CL4Pollen= 1.27180335950106
CL4Nectar= 22.2084273118526
CL5Pollen= 0.497353096492589
CL5Nectar= 97.6833097287454
CLDPollen= 3.51768511533737
CLDNectar= 77.5412859977223
CA13Pollen= 3.88770189769566
CA13Nectar= 24.6161617524922
CA410Pollen= 8.88039938921574
CA410Nectar= 153.828544123098
CA1120Pollen= 0.344930106075481
CA1120Nectar= 80.8397336490452
IPollenTrips= 14.6790375257842
INectarTrips= 8.04248769301921
IPollenLoad= 5.29226689832285
INectarLoad= 9.87895428668708
ESoilP= 1.97934798523784
ESoilFoc= 0.0195331264941487
