ICQueenStrength= 5.56248754868284
RQWkrDrnRatio= 4.86213267408311
ICDroneMiteSurvivorship= 98.0324480449781
ICWorkerMiteSurvivorship= 18.1495923083276
ICForagerLifespan= 13.3462396813557
ImmType= Polynomial
RQQueenStrength= 1.62771414639428
RQEnableReQueen= true
AIAdultSlope= 4.68023251928389
AIAdultLD50= 52.6590185705579
AIAdultSlopeContact= 7.98715214524418
AIAdultLD50Contact= 52.8968728110518
AILarvaSlope= 4.9460614901036
AILarvaLD50= 91.3317018897021
AIKOW= 80426.7147804291
AIKOC= 78832.149473333
AIHalfLife= 8.99136264363769
EAppRate= 5.1740702517184
FoliarEnabled= true
FoliarAppDate= 06/07/1989
FoliarForageBegin= 06/05/1989
FoliarForageEnd= 06/28/1989
AIContactFactor= 1.81887732446194
CL4Pollen= 0.915942351333797
CL4Nectar= 18.6956104356796
CL5Pollen= 0.567236056085676
CL5Nectar= 28.7841625744477
CLDPollen= 4.13683849945664
CLDNectar= 79.8553915112279
CA13Pollen= 2.91288677677512
CA13Nectar= 53.1465644575655
CA410Pollen= 7.71600774186663
CA410Nectar= 118.339756322093
CA1120Pollen= 0.345829493366182
CA1120Nectar= 91.9719155132771
IPollenTrips= 13.1391102867201
INectarTrips= 7.78341710567474
IPollenLoad= 2.39061799133196
INectarLoad= 2.90791844716296
