ICQueenStrength= 1.65314010716975
RQWkrDrnRatio= 2.78390566352755
ICDroneMiteSurvivorship= 0.855499785393476
ICWorkerMiteSurvivorship= 59.82289344538
ICForagerLifespan= 12.6703026695177
ImmType= Logarithmic
RQQueenStrength= 5.0039004443679
RQEnableReQueen= true
AIAdultSlope= 7.56146674416959
AIAdultLD50= 41.4758504410786
AIAdultSlopeContact= 6.87673615384847
AIAdultLD50Contact= 25.806866144459
AILarvaSlope= 4.8498488496989
AILarvaLD50= 6.99904090741696
AIKOW= 8503.90160858607
AIKOC= 85765.2221306153
AIHalfLife= 31.1365248829126
EAppRate= 5.49407275034231
FoliarEnabled= true
FoliarAppDate= 06/07/1989
FoliarForageBegin= 06/05/1989
FoliarForageEnd= 06/28/1989
AIContactFactor= 1.44139075997286
CL4Pollen= 1.80404299963266
CL4Nectar= 13.5046984534711
CL5Pollen= 3.94508821656927
CL5Nectar= 119.811296893749
CLDPollen= 1.06023856764659
CLDNectar= 141.735923895612
CA13Pollen= 7.07198383081704
CA13Nectar= 99.4722326286137
CA410Pollen= 5.3679357117042
CA410Nectar= 96.0105318995193
CA1120Pollen= 2.00430845352821
CA1120Nectar= 25.6654662825167
IPollenTrips= 5.11491765268147
INectarTrips= 11.93410087144
IPollenLoad= 4.42931075580418
INectarLoad= 6.16158220916986
