ICQueenStrength= 4.15155157237314
RQWkrDrnRatio= 4.86638236511499
ICDroneMiteSurvivorship= 85.3585483506322
ICWorkerMiteSurvivorship= 47.9020492872223
ICForagerLifespan= 4.5869542947039
ImmType= Logarithmic
RQQueenStrength= 3.02278962708078
RQEnableReQueen= true
AIAdultSlope= 8.18443202599883
AIAdultLD50= 2.82426392841642
AIAdultSlopeContact= 5.07392591796815
AIAdultLD50Contact= 77.6423325212926
AILarvaSlope= 3.6337355915457
AILarvaLD50= 12.2701298461556
AIKOW= 1694.92411001418
AIKOC= 38253.168257128
AIHalfLife= 3.18332547328901
EAppRate= 1.48950806446676
FoliarEnabled= true
FoliarAppDate= 06/07/1989
FoliarForageBegin= 06/05/1989
FoliarForageEnd= 06/28/1989
AIContactFactor= 0.654388983193785
CL4Pollen= 2.88326799590141
CL4Nectar= 53.25621238444
CL5Pollen= 3.84360486455262
CL5Nectar= 98.3923892257735
CLDPollen= 0.563183085992932
CLDNectar= 28.0290348222479
CA13Pollen= 4.51979049742222
CA13Nectar= 96.1857832968235
CA410Pollen= 5.59877449504565
CA410Nectar= 156.74144662451
CA1120Pollen= 0.627814208390191
CA1120Nectar= 30.1886458694935
IPollenTrips= 6.07769417343661
INectarTrips= 9.33177052997053
IPollenLoad= 1.22208917047828
INectarLoad= 2.65073011862114
