ICQueenStrength= 4.94333583884872
RQWkrDrnRatio= 4.70936769992113
ICDroneMiteSurvivorship= 47.9610069422051
ICWorkerMiteSurvivorship= 54.6338307671249
ICForagerLifespan= 8.09872102923691
ImmType= Sine
AIAdultSlope= 1.57707799724769
AIAdultLD50= 0.182601136993617
AIAdultSlopeContact= 0.395299535449594
AIAdultLD50Contact= 0.023845867998898
AILarvaSlope= 2.86157318023033
AILarvaLD50= 0.422670249408111
AIKOW= 4.5604858295992
AIKOC= 16.2846355536021
AIHalfLife= 1.4204565648688
EAppRate= 3.39323938591406
FoliarEnabled= true
