ICQueenStrength= 5.29344298434444
RQWkrDrnRatio= 3.19026899337769
ICDroneMiteSurvivorship= 78.1799412565306
ICWorkerMiteSurvivorship= 98.129081283696
ICForagerLifespan= 6.95235531497747
ImmType= Polynomial
AIAdultSlope= 0.979064221435692
AIAdultLD50= 0.126191525161266
AIAdultSlopeContact= 1.39844946364174
AIAdultLD50Contact= 0.0118949611554854
AILarvaSlope= 0.664553604647517
AILarvaLD50= 0.627656793035567
AIKOW= 5.01514788903296
AIKOC= 12.9598025709856
AIHalfLife= 0.0953299519373104
EAppRate= 0.51229405682534
FoliarEnabled= true
