ICQueenStrength= 4.67469018092379
RQWkrDrnRatio= 1.97532813344151
ICDroneMiteSurvivorship= 25.9997844463214
ICWorkerMiteSurvivorship= 64.407993061468
ICForagerLifespan= 9.95362820476294
ImmType= Sine
RQQueenStrength= 5.79709918727167
RQEnableReQueen= true
AIAdultSlope= 3.47231375984848
AIAdultLD50= 92.208462918018
AIAdultSlopeContact= 4.92287486349232
AIAdultLD50Contact= 84.34653857671
AILarvaSlope= 6.74347371980548
AILarvaLD50= 85.6235380448666
AIKOW= 79469.0230204697
AIKOC= 76624.5164162049
AIHalfLife= 12.8760750802932
EAppRate= 9.46648866270925
FoliarEnabled= true
FoliarAppDate= 06/07/1989
FoliarForageBegin= 06/05/1989
FoliarForageEnd= 06/28/1989
AIContactFactor= 2.27050006688107
CL4Pollen= 0.473000227473676
CL4Nectar= 67.4710356863216
CL5Pollen= 5.62376062106341
CL5Nectar= 80.0176111981273
CLDPollen= 4.51204146025702
CLDNectar= 2.34469760907814
CA13Pollen= 2.42925066063181
CA13Nectar= 25.0831357017159
CA410Pollen= 2.26261773863807
CA410Nectar= 91.6057720035315
CA1120Pollen= 2.41136658517644
CA1120Nectar= 48.4657598286867
IPollenTrips= 6.48067455273122
INectarTrips= 7.69718411378562
IPollenLoad= 7.63732352759689
INectarLoad= 3.4754116483964
