ICQueenStrength= 2.10783029929735
RQWkrDrnRatio= 2.360480427742
ICDroneMiteSurvivorship= 5.65710344817489
ICWorkerMiteSurvivorship= 31.2639939365909
ICForagerLifespan= 12.3991601942107
ImmType= Sine
RQQueenStrength= 2.6674009943381
RQEnableReQueen= true
AIAdultSlope= 7.41187513433397
AIAdultLD50= 51.6433940318369
AIAdultSlopeContact= 1.12345258006826
AIAdultLD50Contact= 59.7587470584402
AILarvaSlope= 8.05184499360621
AILarvaLD50= 42.6535721949651
AIKOW= 3322.09060966271
AIKOC= 14342.9665543053
AIHalfLife= 11.1023397356272
EAppRate= 1.19446277564228
FoliarEnabled= true
FoliarAppDate= 06/07/1989
FoliarForageBegin= 06/05/1989
FoliarForageEnd= 06/28/1989
AIContactFactor= 1.62083239686675
CL4Pollen= 2.16271016746759
CL4Nectar= 93.797071557492
CL5Pollen= 4.13629382522777
CL5Nectar= 102.094189601485
CLDPollen= 0.19745606649667
CLDNectar= 65.4530895757489
CA13Pollen= 3.03166200621054
CA13Nectar= 28.3483932539821
CA410Pollen= 7.76942959283479
CA410Nectar= 31.9820749200881
CA1120Pollen= 0.28870247094892
CA1120Nectar= 69.3191028758883
IPollenTrips= 8.05924468208104
INectarTrips= 14.0928680147044
IPollenLoad= 9.39278136240318
INectarLoad= 8.27381814131513
