ICQueenStrength= 2.89849506481551
RQWkrDrnRatio= 3.63084774743766
ICDroneMiteSurvivorship= 56.2557357130572
ICWorkerMiteSurvivorship= 17.6755766151473
ICForagerLifespan= 12.2065903665498
ImmType= Tangent
RQQueenStrength= 5.6344774775207
RQEnableReQueen= true
AIAdultSlope= 2.63733923621476
AIAdultLD50= 58.2201365496535
AIAdultSlopeContact= 5.88041874184273
AIAdultLD50Contact= 8.34325227576913
AILarvaSlope= 1.51977282948792
AILarvaLD50= 87.6270932186428
AIKOW= 17812.1224277253
AIKOC= 31438.3531524234
AIHalfLife= 21.7544580185087
EAppRate= 4.39253331149626
FoliarEnabled= true
FoliarAppDate= 06/07/1989
FoliarForageBegin= 06/05/1989
FoliarForageEnd= 06/28/1989
AIContactFactor= 1.33292715863325
CL4Pollen= 3.11227905936539
CL4Nectar= 89.6728295600042
CL5Pollen= 4.89704838115722
CL5Nectar= 112.417663272936
CLDPollen= 4.77823503641412
CLDNectar= 18.67148213787
CA13Pollen= 5.28237176202238
CA13Nectar= 74.0271456539631
CA410Pollen= 9.45650789199863
CA410Nectar= 172.069530687295
CA1120Pollen= 2.61957814008929
CA1120Nectar= 46.1884146369994
IPollenTrips= 6.02365972241387
INectarTrips= 14.1424828977324
IPollenLoad= 4.87475717905909
INectarLoad= 9.34354935772717
ESoilP= 1.79085148847662
ESoilFoc= 0.0193630464889575
