ICQueenStrength= 1.72754515567794
RQWkrDrnRatio= 1.5395131977275
ICDroneMiteSurvivorship= 39.1458041733131
ICWorkerMiteSurvivorship= 18.2523173745722
ICForagerLifespan= 14.4143045172095
ImmType= Logarithmic
RQQueenStrength= 2.93715080851689
RQEnableReQueen= true
AIAdultSlope= 5.52038420177996
AIAdultLD50= 60.7167445635064
AIAdultSlopeContact= 7.72805657773279
AIAdultLD50Contact= 38.5906911073506
AILarvaSlope= 3.70917329378426
AILarvaLD50= 5.91143563237973
AIKOW= 63499.4099561324
AIKOC= 27235.5764730475
AIHalfLife= 10.5035537878983
EAppRate= 7.54023330458626
FoliarEnabled= true
FoliarAppDate= 06/07/1989
FoliarForageBegin= 06/05/1989
FoliarForageEnd= 06/28/1989
AIContactFactor= 1.85718915726524
CL4Pollen= 2.94576936587691
CL4Nectar= 59.6874139970168
CL5Pollen= 5.53570782858878
CL5Nectar= 62.4136009253561
CLDPollen= 5.08858746383339
CLDNectar= 145.93194485642
CA13Pollen= 4.08196300063282
CA13Nectar= 39.1229459270835
CA410Pollen= 7.3528707718011
CA410Nectar= 196.876318198629
CA1120Pollen= 1.83592836395837
CA1120Nectar= 76.9680514931679
IPollenTrips= 12.2613591444679
INectarTrips= 7.37205715617165
IPollenLoad= 2.15547350002453
INectarLoad= 8.27535268617794
ESoilP= 1.82719988049939
ESoilFoc= 0.00923843094194308
