ICQueenStrength= 3.12777791544795
RQWkrDrnRatio= 4.44148544594646
ICDroneMiteSurvivorship= 31.739919539541
ICWorkerMiteSurvivorship= 12.5761803239584
ICForagerLifespan= 15.8385853739455
ImmType= Tangent
RQQueenStrength= 2.59511391073465
RQEnableReQueen= true
AIAdultSlope= 2.18561671115458
AIAdultLD50= 33.7513691479068
AIAdultSlopeContact= 9.47593527357094
AIAdultLD50Contact= 37.0307918717016
AILarvaSlope= 7.37331260927022
AILarvaLD50= 75.929115327765
AIKOW= 35427.939131272
AIKOC= 26379.7020072448
AIHalfLife= 34.5800538618816
EAppRate= 8.4607073774715
FoliarEnabled= true
FoliarAppDate= 06/07/1989
FoliarForageBegin= 06/05/1989
FoliarForageEnd= 06/28/1989
AIContactFactor= 1.79400303215254
CL4Pollen= 0.0437109237536788
CL4Nectar= 3.69175830855966
CL5Pollen= 0.904254382476211
CL5Nectar= 116.067827073857
CLDPollen= 2.02865531109273
CLDNectar= 139.188902266324
CA13Pollen= 6.86376612568274
CA13Nectar= 50.2840472571552
CA410Pollen= 3.65239116107114
CA410Nectar= 154.57389861811
CA1120Pollen= 1.68750796979293
CA1120Nectar= 64.2434554547071
IPollenTrips= 11.5452405065298
INectarTrips= 13.8216957938857
IPollenLoad= 9.34822441777214
INectarLoad= 9.63564793812111
ESoilP= 1.14826473267749
ESoilFoc= 0.0097067839729134
