ICQueenStrength= 3.28758342447691
RQWkrDrnRatio= 4.98860636819154
ICDroneMiteSurvivorship= 62.1704200515524
ICWorkerMiteSurvivorship= 86.3528767134994
ICForagerLifespan= 7.59859908558428
ImmType= Sine
RQQueenStrength= 2.7207898478955
RQEnableReQueen= true
AIAdultSlope= 7.61476628296077
AIAdultLD50= 90.6330924037939
AIAdultSlopeContact= 4.83325135125779
AIAdultLD50Contact= 45.1591132026415
AILarvaSlope= 2.64588383957744
AILarvaLD50= 77.7102203919361
AIKOW= 27558.5274010381
AIKOC= 34083.7235587712
AIHalfLife= 14.3681224656058
EAppRate= 4.02530380969658
FoliarEnabled= true
FoliarAppDate= 06/07/1989
FoliarForageBegin= 06/05/1989
FoliarForageEnd= 06/28/1989
AIContactFactor= 0.40673598410096
CL4Pollen= 3.78147780708969
CL4Nectar= 29.6601711772382
CL5Pollen= 1.12201224267483
CL5Nectar= 89.3586286925711
CLDPollen= 1.43735131714493
CLDNectar= 49.393544672057
CA13Pollen= 6.92337160771713
CA13Nectar= 44.844929035753
CA410Pollen= 9.22681604172103
CA410Nectar= 136.572255832143
CA1120Pollen= 1.4544228699524
CA1120Nectar= 50.2619098499417
IPollenTrips= 8.60882121603936
INectarTrips= 13.110197535716
IPollenLoad= 6.4655666728504
INectarLoad= 4.27036776673049
