ICQueenStrength= 2.58207676373422
RQWkrDrnRatio= 2.45036108512431
ICDroneMiteSurvivorship= 46.4630187023431
ICWorkerMiteSurvivorship= 50.8356177480891
ICForagerLifespan= 15.9513894738629
ImmType= Tangent
RQQueenStrength= 2.15807447582483
RQEnableReQueen= true
AIAdultSlope= 8.79203228279948
AIAdultLD50= 78.9308392728241
AIAdultSlopeContact= 4.08242612006143
AIAdultLD50Contact= 16.327062030616
AILarvaSlope= 4.54624762758613
AILarvaLD50= 52.8219200212902
AIKOW= 87379.9629789463
AIKOC= 84216.8734378421
AIHalfLife= 24.535782042006
EAppRate= 5.56459190412192
FoliarEnabled= true
FoliarAppDate= 06/07/1989
FoliarForageBegin= 06/05/1989
FoliarForageEnd= 06/28/1989
AIContactFactor= 0.663885205602273
CL4Pollen= 1.01892656926066
CL4Nectar= 41.5348384762183
CL5Pollen= 2.553950750269
CL5Nectar= 72.0670049311593
CLDPollen= 3.22946670139208
CLDNectar= 65.8232634072192
CA13Pollen= 6.03087980002165
CA13Nectar= 54.3453026562929
CA410Pollen= 9.00916391222272
CA410Nectar= 174.824078502133
CA1120Pollen= 1.92783442488872
CA1120Nectar= 66.1105235479772
IPollenTrips= 5.16799791017547
INectarTrips= 11.5248766983859
IPollenLoad= 9.54140988411382
INectarLoad= 4.68533176928759
