ICQueenStrength= 1.71207124274224
RQWkrDrnRatio= 1.32500374130905
ICDroneMiteSurvivorship= 33.211952354759
ICWorkerMiteSurvivorship= 14.6302059059963
ICForagerLifespan= 11.5822981800884
ImmType= Logarithmic
AIAdultSlope= 3.85870997179532
AIAdultLD50= 0.075194835383445
AIAdultSlopeContact= 1.98498654554598
AIAdultLD50Contact= 0.0485166232683696
AILarvaSlope= 2.74590255632065
AILarvaLD50= 0.572211093222722
AIKOW= 4.79648514278233
AIKOC= 13.9949928165879
AIHalfLife= 0.31423568399623
EAppRate= 1.23404138954356
FoliarEnabled= true
