ICQueenStrength= 4.58041960629635
RQWkrDrnRatio= 2.48692811839283
ICDroneMiteSurvivorship= 38.9641867950559
ICWorkerMiteSurvivorship= 19.3920742487535
ICForagerLifespan= 7.69259482901543
ImmType= Sine
RQQueenStrength= 1.06129713845439
RQEnableReQueen= true
AIAdultSlope= 5.08401443250477
AIAdultLD50= 10.0169348488254
AIAdultSlopeContact= 5.74089667666703
AIAdultLD50Contact= 71.1002253108388
AILarvaSlope= 5.46635214425623
AILarvaLD50= 85.2050205566648
AIKOW= 75581.8352539844
AIKOC= 78807.9685298547
AIHalfLife= 7.07091124597937
EAppRate= 5.51493594958284
FoliarEnabled= true
FoliarAppDate= 06/07/1989
FoliarForageBegin= 06/05/1989
FoliarForageEnd= 06/28/1989
AIContactFactor= 0.725458318470046
CL4Pollen= 0.503787549212575
CL4Nectar= 34.0914631029591
CL5Pollen= 4.68834851682186
CL5Nectar= 116.914858797099
CLDPollen= 4.57693487545475
CLDNectar= 103.976809198502
CA13Pollen= 7.40258549042046
CA13Nectar= 85.0543995760381
CA410Pollen= 3.35131482747383
CA410Nectar= 46.0174055257812
CA1120Pollen= 2.73347632074729
CA1120Nectar= 60.4493369907141
IPollenTrips= 9.49123482219875
INectarTrips= 14.3749813991599
IPollenLoad= 0.963984539266676
INectarLoad= 7.27683640550822
