ICQueenStrength= 1.03867487772368
RQWkrDrnRatio= 4.52874075155705
ICDroneMiteSurvivorship= 95.2338329982013
ICWorkerMiteSurvivorship= 45.9340745816007
ICForagerLifespan= 4.54878687951714
ImmType= Exponential
RQQueenStrength= 2.68735591112636
RQEnableReQueen= true
AIAdultSlope= 8.51179106906056
AIAdultLD50= 64.2164041775062
AIAdultSlopeContact= 6.44366277405061
AIAdultLD50Contact= 76.4739111410284
AILarvaSlope= 6.32625016383827
AILarvaLD50= 88.9973759566969
AIKOW= 6372.93744658148
AIKOC= 32712.6819866716
AIHalfLife= 33.2043493605219
EAppRate= 0.27436326419143
FoliarEnabled= true
FoliarAppDate= 06/07/1989
FoliarForageBegin= 06/05/1989
FoliarForageEnd= 06/28/1989
AIContactFactor= 1.9368865708774
CL4Pollen= 3.67151908483356
CL4Nectar= 37.3805842828006
CL5Pollen= 4.25582163082436
CL5Nectar= 73.1579146930017
CLDPollen= 0.264657012652606
CLDNectar= 11.2271512742154
CA13Pollen= 5.43254585918039
CA13Nectar= 95.9017490781844
CA410Pollen= 6.97414787032176
CA410Nectar= 197.213862803765
CA1120Pollen= 0.497648687101901
CA1120Nectar= 95.8237247541547
IPollenTrips= 6.23207974014804
INectarTrips= 5.96658102469519
IPollenLoad= 8.54804115137085
INectarLoad= 3.52449956582859
