ICQueenStrength= 1.88568632141687
RQWkrDrnRatio= 2.81345824990422
ICDroneMiteSurvivorship= 77.5772392051294
ICWorkerMiteSurvivorship= 18.6137118376791
ICForagerLifespan= 11.4170180577785
ImmType= Exponential
RQQueenStrength= 1.83340004901402
RQEnableReQueen= true
AIAdultSlope= 6.95186735317111
AIAdultLD50= 26.5233114667472
AIAdultSlopeContact= 4.89857227914035
AIAdultLD50Contact= 41.7535284282458
AILarvaSlope= 7.22707876935601
AILarvaLD50= 25.4190650672645
AIKOW= 67263.3967502661
AIKOC= 53093.7362296588
AIHalfLife= 15.7264843220357
EAppRate= 6.74329442071822
FoliarEnabled= true
FoliarAppDate= 06/07/1989
FoliarForageBegin= 06/05/1989
FoliarForageEnd= 06/28/1989
AIContactFactor= 0.962542369011789
CL4Pollen= 0.398979661986232
CL4Nectar= 75.4843482049182
CL5Pollen= 5.89359868085012
CL5Nectar= 111.085563304368
CLDPollen= 5.4516379153356
CLDNectar= 48.8541388185695
CA13Pollen= 2.64414078397676
CA13Nectar= 74.9317821115255
CA410Pollen= 5.92313414432574
CA410Nectar= 187.046294780448
CA1120Pollen= 0.283382300985977
CA1120Nectar= 46.0065497271717
IPollenTrips= 9.74707560613751
INectarTrips= 9.30319773731753
IPollenLoad= 7.63979548588395
INectarLoad= 5.91680106939748
