ICQueenStrength= 5.48768224101514
RQWkrDrnRatio= 2.80750882253051
ICDroneMiteSurvivorship= 8.6321126203984
ICWorkerMiteSurvivorship= 74.7116547776386
ICForagerLifespan= 7.09322219155729
ImmType= Logarithmic
RQQueenStrength= 4.21862194919959
RQEnableReQueen= true
AIAdultSlope= 1.53339325636625
AIAdultLD50= 0.385171451098751
AIAdultSlopeContact= 7.89144229632802
AIAdultLD50Contact= 81.1924221896087
AILarvaSlope= 3.1698401812464
AILarvaLD50= 14.5268397361485
AIKOW= 12314.1155254106
AIKOC= 7158.68783739163
AIHalfLife= 34.7615594586125
EAppRate= 3.45680338158389
FoliarEnabled= true
FoliarAppDate= 09/01/1989
FoliarForageBegin= 09/01/1989
FoliarForageEnd= 09/08/1989
AIContactFactor= 1.44079491366632
CL4Pollen= 2.09319797158241
CL4Nectar= 24.5977313024923
CL5Pollen= 4.58946478413418
CL5Nectar= 90.6617518980056
CLDPollen= 3.18916729465127
CLDNectar= 13.973873667419
CA13Pollen= 2.4363179307431
CA13Nectar= 67.6511561870575
CA410Pollen= 7.35553800135385
CA410Nectar= 107.231799238361
CA1120Pollen= 0.812495161313564
CA1120Nectar= 82.4761332385242
IPollenTrips= 13.4161016647704
INectarTrips= 14.9776719650254
IPollenLoad= 8.01588092697784
INectarLoad= 6.59714014967903
