ICQueenStrength= 2.3798767211847
RQWkrDrnRatio= 1.99756681080908
ICDroneMiteSurvivorship= 61.1628646031022
ICWorkerMiteSurvivorship= 82.7504043700173
ICForagerLifespan= 12.4996627671644
ImmType= Cosine
RQQueenStrength= 2.43296319060028
RQEnableReQueen= true
AIAdultSlope= 5.57282194495201
AIAdultLD50= 93.2216119562418
AIAdultSlopeContact= 1.1304485606961
AIAdultLD50Contact= 56.0191095535995
AILarvaSlope= 6.46835509128869
AILarvaLD50= 81.0115368236878
AIKOW= 26374.171004178
AIKOC= 21222.8343792574
AIHalfLife= 18.8492232951801
EAppRate= 2.40350441455608
FoliarEnabled= true
FoliarAppDate= 06/07/1989
FoliarForageBegin= 06/05/1989
FoliarForageEnd= 06/28/1989
AIContactFactor= 0.801647011190653
CL4Pollen= 0.0415754215791821
CL4Nectar= 12.7153675770387
CL5Pollen= 0.124033536761999
CL5Nectar= 1.19343067053705
CLDPollen= 1.77093223761767
CLDNectar= 149.749420699663
CA13Pollen= 7.63683586549014
CA13Nectar= 63.2781257107854
CA410Pollen= 2.61447058531921
CA410Nectar= 86.5238706720993
CA1120Pollen= 2.97919071419165
CA1120Nectar= 81.577305663377
IPollenTrips= 11.5556214516982
INectarTrips= 8.60759211005643
IPollenLoad= 7.11945002898574
INectarLoad= 1.86289091827348
