ICQueenStrength= 4.07336555887014
RQWkrDrnRatio= 4.63799966312945
ICDroneMiteSurvivorship= 21.8143249396235
ICWorkerMiteSurvivorship= 8.74113503377885
ICForagerLifespan= 11.5359472027048
ImmType= Tangent
RQQueenStrength= 2.75428589899093
RQEnableReQueen=true
AIAdultSlope= 7.60584332235157
AIAdultLD50= 0.126653592802119
AIAdultSlopeContact= 6.47299165045843
AIAdultLD50Contact= 98.4909566150904
AILarvaSlope= 1.45584165491164
AILarvaLD50= 37.8083785848021
AIKOW= 62566.4879515703
AIKOC= 53454.0843804937
AIHalfLife= 9.70195250683464
EAppRate= 8.08685444573313
FoliarEnabled=true
FoliarAppDate= 07/01/1989
FoliarForageBegin= 07/01/1989
FoliarForageEnd= 07/14/1989
AIContactFactor= 1.48113034637645
CL4Pollen= 1.16176669951528
CL4Nectar= 68.2702644960955
CL5Pollen= 3.64064135961235
CL5Nectar= 29.1937654721551
CLDPollen= 5.96192306885496
CLDNectar= 115.837945276871
CA13Pollen= 6.51835988629609
CA13Nectar= 65.3101387247443
CA410Pollen= 8.98290204638615
CA410Nectar= 83.9209884498268
CA1120Pollen= 0.445634381845593
CA1120Nectar= 72.0757837034762
IPollenTrips= 14.8655729251914
INectarTrips= 10.9721448086202
IPollenLoad= 6.86561177950352
INectarLoad= 2.57718888344243
