ICQueenStrength= 3.59430208359845
RQWkrDrnRatio= 1.81661038007587
ICDroneMiteSurvivorship= 36.7651237407699
ICWorkerMiteSurvivorship= 21.0831073345616
ICForagerLifespan= 11.5902125183493
ImmType= Cosine
RQQueenStrength= 4.93093068501912
RQEnableReQueen= true
AIAdultSlope= 5.50764248520136
AIAdultLD50= 45.9585156727789
AIAdultSlopeContact= 7.35916528920643
AIAdultLD50Contact= 82.4591799359813
AILarvaSlope= 3.71823042631149
AILarvaLD50= 87.2097016648911
AIKOW= 70936.69217606
AIKOC= 69503.4568267069
AIHalfLife= 24.8562485926552
EAppRate= 4.47821101115434
FoliarEnabled= true
FoliarAppDate= 06/07/1989
FoliarForageBegin= 06/05/1989
FoliarForageEnd= 06/28/1989
AIContactFactor= 2.28204346475191
CL4Pollen= 3.01665979344398
CL4Nectar= 28.9308209205046
CL5Pollen= 0.693669379223138
CL5Nectar= 95.091012341436
CLDPollen= 5.82500297622755
CLDNectar= 40.4283605748788
CA13Pollen= 4.93127441015094
CA13Nectar= 98.4162342734635
CA410Pollen= 3.0175558594754
CA410Nectar= 93.3286616392434
CA1120Pollen= 1.72314621764235
CA1120Nectar= 33.0218130350113
IPollenTrips= 6.08821066794917
INectarTrips= 14.3001061608084
IPollenLoad= 5.37874914938584
INectarLoad= 2.18288937117904
