ICQueenStrength= 5.21336127328686
RQWkrDrnRatio= 3.06810671277344
ICDroneMiteSurvivorship= 48.7399559700862
ICWorkerMiteSurvivorship= 62.1133266948164
ICForagerLifespan= 14.6459139948711
ImmType= Logarithmic
RQQueenStrength= 2.03122056461871
RQEnableReQueen= true
AIAdultSlope= 3.88186768069863
AIAdultLD50= 34.1101975584789
AIAdultSlopeContact= 5.62186330626719
AIAdultLD50Contact= 85.6811407246797
AILarvaSlope= 6.61589623056352
AILarvaLD50= 19.1389120630948
AIKOW= 598.94737611322
AIKOC= 22414.2908617288
AIHalfLife= 12.2189349781489
EAppRate= 3.71749548125151
FoliarEnabled= true
FoliarAppDate= 06/07/1989
FoliarForageBegin= 06/05/1989
FoliarForageEnd= 06/28/1989
AIContactFactor= 2.10288541065995
CL4Pollen= 3.12567702401429
CL4Nectar= 11.2187437014654
CL5Pollen= 1.66228252602741
CL5Nectar= 46.943808789365
CLDPollen= 3.03114867350087
CLDNectar= 129.988286469597
CA13Pollen= 4.89293453870341
CA13Nectar= 50.0357840210199
CA410Pollen= 5.61756161046214
CA410Nectar= 147.174856448546
CA1120Pollen= 2.37906204792671
CA1120Nectar= 60.3987109661102
IPollenTrips= 8.71412311913446
INectarTrips= 14.6993721975014
IPollenLoad= 3.68399653350934
INectarLoad= 6.97825738461688
