ICQueenStrength= 4.86700970702805
RQWkrDrnRatio= 3.03546071518213
ICDroneMiteSurvivorship= 35.9981673769653
ICWorkerMiteSurvivorship= 15.9800496418029
ICForagerLifespan= 6.82093359995633
ImmType= Cosine
RQQueenStrength= 4.47379034967162
RQEnableReQueen= true
AIAdultSlope= 2.73097177408636
AIAdultLD50= 0.400478077715728
AIAdultSlopeContact= 1.51169193722308
AIAdultLD50Contact= 88.2552392172345
AILarvaSlope= 4.45098947361112
AILarvaLD50= 74.8543097427983
AIKOW= 7478.08521563741
AIKOC= 26187.705049671
AIHalfLife= 16.6796947789844
EAppRate= 1.01307211959688
FoliarEnabled= true
FoliarAppDate= 09/01/1989
FoliarForageBegin= 09/01/1989
FoliarForageEnd= 09/08/1989
AIContactFactor= 1.57387913292274
CL4Pollen= 3.95715632289648
CL4Nectar= 62.7811618847772
CL5Pollen= 3.38854675646871
CL5Nectar= 120.721520972438
CLDPollen= 2.0073389285244
CLDNectar= 16.0272653913125
CA13Pollen= 6.03579069143161
CA13Nectar= 27.733706459403
CA410Pollen= 6.67513891926501
CA410Nectar= 42.9922504397109
CA1120Pollen= 2.53286107233725
CA1120Nectar= 34.5247389934957
IPollenTrips= 5.3629579464905
INectarTrips= 11.3793987804092
IPollenLoad= 7.82519852742553
INectarLoad= 3.97978699766099
