ICQueenStrength= 3.87681521847844
RQWkrDrnRatio= 1.55571536161005
ICDroneMiteSurvivorship= 55.9765752870589
ICWorkerMiteSurvivorship= 78.2900809077546
ICForagerLifespan= 9.45236454252154
ImmType= Cosine
RQQueenStrength= 1.02198091894388
RQEnableReQueen=true
AIAdultSlope= 3.22600180283189
AIAdultLD50= 0.655638150727376
AIAdultSlopeContact= 8.77510755625553
AIAdultLD50Contact= 73.6836733969217
AILarvaSlope= 3.32263409160078
AILarvaLD50= 28.0153407362502
AIKOW= 58155.8095691597
AIKOC= 27046.4599742598
AIHalfLife= 29.1473942151992
EAppRate= 7.77519845416583
FoliarEnabled=true
FoliarAppDate= 07/01/1989
FoliarForageBegin= 07/01/1989
FoliarForageEnd= 07/14/1989
AIContactFactor= 1.23716578270774
CL4Pollen= 0.835631296038628
CL4Nectar= 81.4886285224929
CL5Pollen= 0.957152775954455
CL5Nectar= 64.7238529636525
CLDPollen= 1.46473307535052
CLDNectar= 70.9247248596512
CA13Pollen= 8.19284906452522
CA13Nectar= 99.8425532132387
CA410Pollen= 5.24875768627971
CA410Nectar= 52.8857421316206
CA1120Pollen= 2.05333011900075
CA1120Nectar= 74.7249944508076
IPollenTrips= 5.47759513603523
INectarTrips= 13.8783138105646
IPollenLoad= 8.86910322587937
INectarLoad= 7.97579355537891
