ICQueenStrength= 2.82886813301593
RQWkrDrnRatio= 4.55129666253924
ICDroneMiteSurvivorship= 60.368047002703
ICWorkerMiteSurvivorship= 95.5765167251229
ICForagerLifespan= 13.8104829667136
ImmType= Cosine
RQQueenStrength= 1.65614903811365
RQEnableReQueen= true
AIAdultSlope= 8.10783718340099
AIAdultLD50= 70.7431345911154
AIAdultSlopeContact= 2.53442277968861
AIAdultLD50Contact= 42.7640901152496
AILarvaSlope= 6.15639560483396
AILarvaLD50= 91.3182795003022
AIKOW= 7952.41206282329
AIKOC= 30700.2326315523
AIHalfLife= 7.6354236457264
EAppRate= 8.54488621445256
FoliarEnabled= true
FoliarAppDate= 06/07/1989
FoliarForageBegin= 06/05/1989
FoliarForageEnd= 06/28/1989
AIContactFactor= 2.18205575245898
CL4Pollen= 1.70556554198265
CL4Nectar= 19.3821465596557
CL5Pollen= 3.84410327486694
CL5Nectar= 106.522225693334
CLDPollen= 3.87408205820248
CLDNectar= 33.1056763068773
CA13Pollen= 2.56499412124977
CA13Nectar= 85.087706297636
CA410Pollen= 6.33705756030977
CA410Nectar= 29.1570963617414
CA1120Pollen= 1.57910316972993
CA1120Nectar= 44.4890628941357
IPollenTrips= 6.40325378626585
INectarTrips= 13.7418392905965
IPollenLoad= 3.08146311203018
INectarLoad= 4.84805065905675
