ICQueenStrength= 4.94486558507197
RQWkrDrnRatio= 2.68184857442975
ICDroneMiteSurvivorship= 30.108512355946
ICWorkerMiteSurvivorship= 54.0259510511532
ICForagerLifespan= 10.0137718273327
ImmType= Polynomial
RQQueenStrength= 4.1431921524927
RQEnableReQueen= true
AIAdultSlope= 7.96779057197273
AIAdultLD50= 53.9003965171736
AIAdultSlopeContact= 6.91397269163281
AIAdultLD50Contact= 30.08009709115
AILarvaSlope= 2.04021830484271
AILarvaLD50= 66.6209899429004
AIKOW= 29747.5332331862
AIKOC= 82321.0026171871
AIHalfLife= 26.9359816991258
EAppRate= 4.50939033989236
FoliarEnabled= true
FoliarAppDate= 06/07/1989
FoliarForageBegin= 06/05/1989
FoliarForageEnd= 06/28/1989
AIContactFactor= 0.821683428203687
CL4Pollen= 2.56088142096996
CL4Nectar= 34.7827177029103
CL5Pollen= 0.487572628073394
CL5Nectar= 118.4602485504
CLDPollen= 0.937724150251597
CLDNectar= 129.651094519068
CA13Pollen= 7.62497547110543
CA13Nectar= 97.3505222797394
CA410Pollen= 7.94145657718182
CA410Nectar= 47.9247520165518
CA1120Pollen= 0.970385141903535
CA1120Nectar= 66.3029016926885
IPollenTrips= 7.3744778893888
INectarTrips= 9.61135414196178
IPollenLoad= 3.09724988881499
INectarLoad= 6.50719320867211
ESoilP= 1.44990542461164
ESoilFoc= 0.0139527689134702
