ICQueenStrength= 3.38826793152839
RQWkrDrnRatio= 3.38691916037351
ICDroneMiteSurvivorship= 51.117686717771
ICWorkerMiteSurvivorship= 50.1333534019068
ICForagerLifespan= 13.4631695412099
ImmType= Sine
RQQueenStrength= 4.33207217860036
RQEnableReQueen= true
AIAdultSlope= 4.75422311015427
AIAdultLD50= 58.1417001127892
AIAdultSlopeContact= 1.90469628479332
AIAdultLD50Contact= 65.9631355169269
AILarvaSlope= 7.40746585093439
AILarvaLD50= 20.2918015828563
AIKOW= 60977.5595972343
AIKOC= 52313.412945671
AIHalfLife= 31.4368112873286
EAppRate= 3.7111532569956
FoliarEnabled= true
FoliarAppDate= 06/07/1989
FoliarForageBegin= 06/05/1989
FoliarForageEnd= 06/28/1989
AIContactFactor= 1.16501066444907
CL4Pollen= 2.03406860027462
CL4Nectar= 80.8687163284048
CL5Pollen= 5.35697650909424
CL5Nectar= 116.753536567558
CLDPollen= 3.55375207029283
CLDNectar= 140.78770094784
CA13Pollen= 6.18373389197513
CA13Nectar= 24.3934759683907
CA410Pollen= 3.78274810069706
CA410Nectar= 34.4107112055644
CA1120Pollen= 2.84100776840933
CA1120Nectar= 98.944842107594
IPollenTrips= 10.640448234044
INectarTrips= 12.7270051604137
IPollenLoad= 2.7841565082781
INectarLoad= 7.66029623569921
ESoilP= 1.43666400294751
ESoilFoc= 0.00147412761067972
