ICQueenStrength= 2.30785134620965
RQWkrDrnRatio= 4.48820993769914
ICDroneMiteSurvivorship= 15.9222601214424
ICWorkerMiteSurvivorship= 16.422273311764
ICForagerLifespan= 7.68267932534218
ImmType= Tangent
RQQueenStrength= 1.19632714241743
RQEnableReQueen=true
AIAdultSlope= 1.17782515101135
AIAdultLD50= 0.417238914000569
AIAdultSlopeContact= 8.24766805348918
AIAdultLD50Contact= 92.9544751779207
AILarvaSlope= 5.14653342403471
AILarvaLD50= 72.5055852643982
AIKOW= 7311.59830684061
AIKOC= 94414.070322237
AIHalfLife= 23.5526539802784
EAppRate= 9.55476374519989
FoliarEnabled=true
FoliarAppDate= 07/01/1989
FoliarForageBegin= 07/01/1989
FoliarForageEnd= 07/14/1989
AIContactFactor= 2.39956297827885
CL4Pollen= 0.698615369386971
CL4Nectar= 32.1265521692112
CL5Pollen= 5.25879052234814
CL5Nectar= 33.7499883840792
CLDPollen= 5.24835924943909
CLDNectar= 33.1826436566189
CA13Pollen= 3.63065592553467
CA13Nectar= 26.6741434298456
CA410Pollen= 5.10063874770421
CA410Nectar= 198.265292970464
CA1120Pollen= 1.93318711803295
CA1120Nectar= 38.6038893088698
IPollenTrips= 14.7780074877664
INectarTrips= 12.3095470503904
IPollenLoad= 5.05423317663372
INectarLoad= 5.91440219664946
