ICQueenStrength= 3.07648205454461
RQWkrDrnRatio= 1.40689469501376
ICDroneMiteSurvivorship= 46.8663804465905
ICWorkerMiteSurvivorship= 31.5310663543642
ICForagerLifespan= 5.37273695506155
ImmType= Logarithmic
RQQueenStrength= 3.99688418279402
RQEnableReQueen= true
AIAdultSlope= 7.46160548366606
AIAdultLD50= 0.917530938628595
AIAdultSlopeContact= 7.65433723013848
AIAdultLD50Contact= 33.5179679584894
AILarvaSlope= 1.39355872571468
AILarvaLD50= 15.0204925049455
AIKOW= 78446.4200858942
AIKOC= 86543.6591094406
AIHalfLife= 5.05529095965903
EAppRate= 5.87688435609196
FoliarEnabled= true
FoliarAppDate= 09/01/1989
FoliarForageBegin= 09/01/1989
FoliarForageEnd= 09/08/1989
AIContactFactor= 1.46896084799897
CL4Pollen= 3.57984591927379
CL4Nectar= 17.6529235672206
CL5Pollen= 3.32290454534814
CL5Nectar= 6.19319864781573
CLDPollen= 1.5607279012911
CLDNectar= 29.7419283189811
CA13Pollen= 5.4834708369337
CA13Nectar= 34.0630217641592
CA410Pollen= 7.19619509899057
CA410Nectar= 145.255450871773
CA1120Pollen= 0.363704872084782
CA1120Nectar= 95.9869442880154
IPollenTrips= 12.8390063159168
INectarTrips= 8.07413996197283
IPollenLoad= 9.38500728225335
INectarLoad= 5.4356418736279
