ICQueenStrength= 2.38204856961966
RQWkrDrnRatio= 2.45293128397316
ICDroneMiteSurvivorship= 68.7994330190122
ICWorkerMiteSurvivorship= 13.8354916824028
ICForagerLifespan= 12.720332050696
ImmType= Sine
RQQueenStrength= 2.89653891324997
RQEnableReQueen=true
AIAdultSlope= 5.80881336331367
AIAdultLD50= 0.533838913722662
AIAdultSlopeContact= 8.0521555414889
AIAdultLD50Contact= 20.0553875717556
AILarvaSlope= 2.29946631751955
AILarvaLD50= 91.606947356479
AIKOW= 21357.908490236
AIKOC= 49100.4313439338
AIHalfLife= 31.874993476551
EAppRate= 7.23481312335841
FoliarEnabled=true
FoliarAppDate= 07/01/1989
FoliarForageBegin= 07/01/1989
FoliarForageEnd= 07/14/1989
AIContactFactor= 1.34876814619638
CL4Pollen= 3.14456036221236
CL4Nectar= 47.2869079327211
CL5Pollen= 2.30145093658939
CL5Nectar= 9.19335430953652
CLDPollen= 5.54510660748929
CLDNectar= 26.829959533643
CA13Pollen= 3.02263625692576
CA13Nectar= 54.7743693739176
CA410Pollen= 5.05027262181975
CA410Nectar= 146.548614706844
CA1120Pollen= 2.78119790065102
CA1120Nectar= 57.0749673806131
IPollenTrips= 10.2678540931083
INectarTrips= 8.43979281838983
IPollenLoad= 2.49700419139117
INectarLoad= 7.52566917333752
