ICQueenStrength= 4.88975921925157
RQWkrDrnRatio= 1.62579003535211
ICDroneMiteSurvivorship= 48.2041831593961
ICWorkerMiteSurvivorship= 20.4376730835065
ICForagerLifespan= 11.4699876066297
ImmType= Logarithmic
RQQueenStrength= 3.57672412414104
RQEnableReQueen=true
AIAdultSlope= 8.62258128263056
AIAdultLD50= 0.252405524470611
AIAdultSlopeContact= 8.34603748866357
AIAdultLD50Contact= 1.42201064963429
AILarvaSlope= 3.98957334086299
AILarvaLD50= 13.5684825113351
AIKOW= 56044.4328186042
AIKOC= 24085.95965612
AIHalfLife= 27.3333197782515
EAppRate= 0.70427175475494
FoliarEnabled=true
FoliarAppDate= 07/01/1989
FoliarForageBegin= 07/01/1989
FoliarForageEnd= 07/14/1989
AIContactFactor= 0.274547929926775
CL4Pollen= 1.84609835408628
CL4Nectar= 29.424744984135
CL5Pollen= 5.04470754275098
CL5Nectar= 84.7821621922776
CLDPollen= 5.47017772402614
CLDNectar= 47.734557709191
CA13Pollen= 5.80340849170461
CA13Nectar= 68.9215949550271
CA410Pollen= 4.9929571098648
CA410Nectar= 111.615966684185
CA1120Pollen= 0.928159764502198
CA1120Nectar= 50.0360361672938
IPollenTrips= 14.4816010259092
INectarTrips= 6.2227173964493
IPollenLoad= 8.53833218570799
INectarLoad= 6.31708154221997
