ICQueenStrength= 4.02724416833371
RQWkrDrnRatio= 3.10208804532886
ICDroneMiteSurvivorship= 22.4179048091173
ICWorkerMiteSurvivorship= 8.56256720144302
ICForagerLifespan= 11.8878870112821
ImmType= Tangent
RQQueenStrength= 2.8803924205713
RQEnableReQueen= true
AIAdultSlope= 6.59975600615144
AIAdultLD50= 0.474461557077011
AIAdultSlopeContact= 4.51258999668062
AIAdultLD50Contact= 51.0372362462152
AILarvaSlope= 3.93722652643919
AILarvaLD50= 93.1663181417007
AIKOW= 13890.0475771974
AIKOC= 80027.7810331553
AIHalfLife= 32.8207713388838
EAppRate= 1.2787583818112
FoliarEnabled= true
FoliarAppDate= 09/01/1989
FoliarForageBegin= 09/01/1989
FoliarForageEnd= 09/08/1989
AIContactFactor= 1.58794551782776
CL4Pollen= 1.24713622778654
CL4Nectar= 80.0753101706505
CL5Pollen= 0.424137819092721
CL5Nectar= 68.5158840729855
CLDPollen= 2.31033969903365
CLDNectar= 11.7735228035599
CA13Pollen= 5.4294101305306
CA13Nectar= 22.4613978527486
CA410Pollen= 4.98134747028817
CA410Nectar= 187.102578170598
CA1120Pollen= 0.19737274479121
CA1120Nectar= 33.3902459964156
IPollenTrips= 5.63602747628465
INectarTrips= 12.5172015605494
IPollenLoad= 8.54960843920708
INectarLoad= 8.16111270338297
