ICQueenStrength= 2.05747129069641
RQWkrDrnRatio= 3.77192179951817
ICDroneMiteSurvivorship= 35.3995227953419
ICWorkerMiteSurvivorship= 39.1363089205697
ICForagerLifespan= 8.31565915606916
ImmType= Sine
RQQueenStrength= 2.78428032202646
RQEnableReQueen= true
AIAdultSlope= 4.85962977074087
AIAdultLD50= 73.3942878008971
AIAdultSlopeContact= 6.7858042914886
AIAdultLD50Contact= 33.361912684673
AILarvaSlope= 4.0207108296454
AILarvaLD50= 10.9156599923808
AIKOW= 40999.2243723578
AIKOC= 3074.14901331789
AIHalfLife= 5.21172787020914
EAppRate= 4.87195721777948
FoliarEnabled= true
FoliarAppDate= 06/07/1989
FoliarForageBegin= 06/05/1989
FoliarForageEnd= 06/28/1989
AIContactFactor= 0.323602375970222
CL4Pollen= 1.50366574991494
CL4Nectar= 59.2312574153766
CL5Pollen= 1.11831746483222
CL5Nectar= 6.79781759390607
CLDPollen= 2.64505707565695
CLDNectar= 123.983133374713
CA13Pollen= 7.82122965510935
CA13Nectar= 90.9460747428238
CA410Pollen= 7.64938773883041
CA410Nectar= 76.0008793603629
CA1120Pollen= 0.937917644390836
CA1120Nectar= 95.3246925026178
IPollenTrips= 11.6946968669072
INectarTrips= 12.5499007408507
IPollenLoad= 6.34830383583903
INectarLoad= 1.55174477724358
ESoilP= 1.38379717129283
ESoilFoc= 0.0135700659556314
