ICQueenStrength= 5.1263091948349
RQWkrDrnRatio= 1.0522360727191
ICDroneMiteSurvivorship= 17.630257550627
ICWorkerMiteSurvivorship= 25.7071013562381
ICForagerLifespan= 4.6171870008111
ImmType= Polynomial
RQQueenStrength= 3.7491674979683
RQEnableReQueen= true
AIAdultSlope= 4.08105917274952
AIAdultLD50= 3.23784410592867
AIAdultSlopeContact= 5.92462134943344
AIAdultLD50Contact= 72.6518894788225
AILarvaSlope= 4.30135612562299
AILarvaLD50= 77.9128059156353
AIKOW= 50663.0008085822
AIKOC= 44479.6163137462
AIHalfLife= 22.4766275054775
EAppRate= 6.1590067481217
FoliarEnabled= true
FoliarAppDate= 06/07/1989
FoliarForageBegin= 06/05/1989
FoliarForageEnd= 06/28/1989
AIContactFactor= 0.527893137685023
CL4Pollen= 3.89180688466877
CL4Nectar= 71.3413496268913
CL5Pollen= 1.13497693045065
CL5Nectar= 58.9785622316413
CLDPollen= 4.53196154069155
CLDNectar= 115.574492735323
CA13Pollen= 4.47005122648552
CA13Nectar= 73.9934786595404
CA410Pollen= 7.99726382796653
CA410Nectar= 140.262682908215
CA1120Pollen= 2.23082320578396
CA1120Nectar= 67.8065927140415
IPollenTrips= 13.2163307722658
INectarTrips= 6.07509814668447
IPollenLoad= 5.48926348797977
INectarLoad= 9.13671312853694
ESoilP= 1.6722779578995
ESoilFoc= 0.00444550579739734
