ICQueenStrength= 4.12710878555663
RQWkrDrnRatio= 4.67569141555578
ICDroneMiteSurvivorship= 13.6177578009665
ICWorkerMiteSurvivorship= 58.9119352865964
ICForagerLifespan= 7.9657503189519
ImmType= Polynomial
RQQueenStrength= 5.12974446895532
RQEnableReQueen= true
AIAdultSlope= 6.68470719270408
AIAdultLD50= 79.4038060839844
AIAdultSlopeContact= 5.57168199610896
AIAdultLD50Contact= 69.3373405757276
AILarvaSlope= 6.51983091048896
AILarvaLD50= 67.7209018242019
AIKOW= 66523.2061590475
AIKOC= 55801.8513291641
AIHalfLife= 11.1527538723778
EAppRate= 5.8887044700284
FoliarEnabled= true
FoliarAppDate= 06/07/1989
FoliarForageBegin= 06/05/1989
FoliarForageEnd= 06/28/1989
AIContactFactor= 0.889515047376044
CL4Pollen= 1.9620821075514
CL4Nectar= 30.3373157279566
CL5Pollen= 1.32181933801621
CL5Nectar= 50.8615874801762
CLDPollen= 0.353528670966625
CLDNectar= 64.8138458956964
CA13Pollen= 6.30427368525416
CA13Nectar= 84.5174473151565
CA410Pollen= 3.18812961606309
CA410Nectar= 181.380891911685
CA1120Pollen= 1.01115791872144
CA1120Nectar= 93.95697504282
IPollenTrips= 13.5574226803146
INectarTrips= 7.58424481377006
IPollenLoad= 7.61768529657274
INectarLoad= 5.3634953382425
ESoilP= 1.77179113961756
ESoilFoc= 0.0124837157495786
