ICQueenStrength= 5.28336558863521
RQWkrDrnRatio= 1.64029389154166
ICDroneMiteSurvivorship= 72.513423091732
ICWorkerMiteSurvivorship= 60.3055167477578
ICForagerLifespan= 14.8579021748155
ImmType= Polynomial
RQQueenStrength= 4.44948820304126
RQEnableReQueen= true
AIAdultSlope= 3.03841672465205
AIAdultLD50= 79.1084548677327
AIAdultSlopeContact= 7.98664788575843
AIAdultLD50Contact= 6.73999826578191
AILarvaSlope= 2.16027943603694
AILarvaLD50= 23.7269882656795
AIKOW= 91808.3930663459
AIKOC= 29975.1944310437
AIHalfLife= 21.9687126594828
EAppRate= 5.62958574303356
FoliarEnabled= true
FoliarAppDate= 06/07/1989
FoliarForageBegin= 06/05/1989
FoliarForageEnd= 06/28/1989
AIContactFactor= 0.674250367302448
CL4Pollen= 0.237016823142767
CL4Nectar= 99.6155831031501
CL5Pollen= 2.59923774842173
CL5Nectar= 31.837135751266
CLDPollen= 5.33962745591998
CLDNectar= 147.979827190284
CA13Pollen= 7.53867389289662
CA13Nectar= 37.3384932242334
CA410Pollen= 5.16846403155941
CA410Nectar= 55.8862514048815
CA1120Pollen= 2.97112569445744
CA1120Nectar= 43.724114112556
IPollenTrips= 5.87230068864301
INectarTrips= 14.3855308648199
IPollenLoad= 7.03274943400174
INectarLoad= 9.60544257191941
ESoilP= 1.13172510266304
ESoilFoc= 0.00824425122071989
