ICQueenStrength= 5.73989042569883
RQWkrDrnRatio= 2.63970729336143
ICDroneMiteSurvivorship= 47.5798776373267
ICWorkerMiteSurvivorship= 42.3221787670627
ICForagerLifespan= 12.3532070051879
ImmType= Logarithmic
RQQueenStrength= 5.58770220517181
RQEnableReQueen= true
AIAdultSlope= 5.16961372643709
AIAdultLD50= 13.8569983073391
AIAdultSlopeContact= 2.55720657575876
AIAdultLD50Contact= 10.8459127780937
AILarvaSlope= 7.64055864885449
AILarvaLD50= 22.2105863651461
AIKOW= 5586.03293041097
AIKOC= 16674.1780360674
AIHalfLife= 24.191594646126
EAppRate= 3.43766396486759
FoliarEnabled= true
FoliarAppDate= 06/07/1989
FoliarForageBegin= 06/05/1989
FoliarForageEnd= 06/28/1989
AIContactFactor= 1.11493341268972
CL4Pollen= 3.84354747179896
CL4Nectar= 78.8581209955737
CL5Pollen= 2.92911288700998
CL5Nectar= 119.62368437089
CLDPollen= 2.09739234717563
CLDNectar= 129.19886513846
CA13Pollen= 6.89645024929196
CA13Nectar= 24.7312411107123
CA410Pollen= 4.79209015029483
CA410Nectar= 38.0589394643903
CA1120Pollen= 2.72497620969079
CA1120Nectar= 41.6638805530965
IPollenTrips= 13.6062183859758
INectarTrips= 5.96071360399947
IPollenLoad= 6.7388320248574
INectarLoad= 7.14014102471992
