ICQueenStrength= 4.66179753560573
RQWkrDrnRatio= 1.42438094317913
ICDroneMiteSurvivorship= 68.1230216287076
ICWorkerMiteSurvivorship= 85.8160183532164
ICForagerLifespan= 11.5245333136991
ImmType= Cosine
RQQueenStrength= 1.04782043676823
RQEnableReQueen=true
AIAdultSlope= 1.80700979754329
AIAdultLD50= 0.381400951930089
AIAdultSlopeContact= 1.54107422102243
AIAdultLD50Contact= 96.8146793334393
AILarvaSlope= 6.47066947445273
AILarvaLD50= 51.6050819462838
AIKOW= 46524.8394448796
AIKOC= 84615.4325103271
AIHalfLife= 14.2925078992499
EAppRate= 1.08552773008076
FoliarEnabled=true
FoliarAppDate= 07/01/1989
FoliarForageBegin= 07/01/1989
FoliarForageEnd= 07/14/1989
AIContactFactor= 1.24275522973388
CL4Pollen= 0.0477727027609944
CL4Nectar= 40.6082080677152
CL5Pollen= 0.633881909307092
CL5Nectar= 146.658844314516
CLDPollen= 2.80495846504346
CLDNectar= 134.641497570556
CA13Pollen= 3.89535684818402
CA13Nectar= 65.1419167406857
CA410Pollen= 6.49472150767688
CA410Nectar= 87.6615074975416
CA1120Pollen= 1.48587626754306
CA1120Nectar= 68.3577961847186
IPollenTrips= 7.5371796102263
INectarTrips= 9.35637800721452
IPollenLoad= 1.76292373798788
INectarLoad= 1.16960993502289
