ICQueenStrength= 4.95156878861599
RQWkrDrnRatio= 1.25320535432547
ICDroneMiteSurvivorship= 95.2785416739061
ICWorkerMiteSurvivorship= 15.0988751323894
ICForagerLifespan= 10.2628471460193
ImmType= Cosine
AIAdultSlope= 0.331349256753456
AIAdultLD50= 0.0670741103123873
AIAdultSlopeContact= 2.83657813997939
AIAdultLD50Contact= 0.0310846912674606
AILarvaSlope= 2.27507355194539
AILarvaLD50= 0.25659895457793
AIKOW= 5.62242547422647
AIKOC= 23.8297167711426
AIHalfLife= 2.75193575348239
EAppRate= 9.3359548645094
FoliarEnabled= true
