ICQueenStrength= 5.4936950574629
RQWkrDrnRatio= 4.27123638056219
ICDroneMiteSurvivorship= 26.1120585957542
ICWorkerMiteSurvivorship= 99.7930737445131
ICForagerLifespan= 4.61554239597172
ImmType= Logarithmic
RQQueenStrength= 4.11102452105843
RQEnableReQueen= true
AIAdultSlope= 8.22837648913264
AIAdultLD50= 71.7884860437864
AIAdultSlopeContact= 9.02141500497237
AIAdultLD50Contact= 95.5205964136038
AILarvaSlope= 7.33147222734988
AILarvaLD50= 22.9915600550328
AIKOW= 84956.4174798248
AIKOC= 30476.1707446515
AIHalfLife= 30.5590791434981
EAppRate= 0.898823967732722
FoliarEnabled= true
FoliarAppDate= 06/07/1989
FoliarForageBegin= 06/05/1989
FoliarForageEnd= 06/28/1989
AIContactFactor= 1.56194113846868
CL4Pollen= 0.737528118304908
CL4Nectar= 35.6255668913946
CL5Pollen= 0.368046598043293
CL5Nectar= 40.6498569413088
CLDPollen= 3.34832586441189
CLDNectar= 97.6656651939265
CA13Pollen= 3.04252358786762
CA13Nectar= 22.0367035083473
CA410Pollen= 2.91528520979919
CA410Nectar= 60.1379629876465
CA1120Pollen= 2.90458011883311
CA1120Nectar= 49.3511701375246
IPollenTrips= 12.9303234792314
INectarTrips= 11.6444709198549
IPollenLoad= 2.5308720394969
INectarLoad= 5.54598253918812
