ICQueenStrength= 5.29954849882051
RQWkrDrnRatio= 4.87571657076478
ICDroneMiteSurvivorship= 50.0310033094138
ICWorkerMiteSurvivorship= 28.5193154821172
ICForagerLifespan= 13.9599912026897
ImmType= Tangent
AIAdultSlope= 2.29284384757513
AIAdultLD50= 0.192300657741725
AIAdultSlopeContact= 2.96038141745143
AIAdultLD50Contact= 0.00104069905355573
AILarvaSlope= 3.34173624599352
AILarvaLD50= 0.446146461926401
AIKOW= 5.34739072341472
AIKOC= 15.6730602623429
AIHalfLife= 2.33113135914318
EAppRate= 3.47825780278072
FoliarEnabled= true
