ICQueenStrength= 1.68837561411783
RQWkrDrnRatio= 3.67703639063984
ICDroneMiteSurvivorship= 46.0317561635748
ICWorkerMiteSurvivorship= 58.7512846803293
ICForagerLifespan= 14.2171215973794
ImmType= Sine
RQQueenStrength= 5.30493402294815
RQEnableReQueen= true
AIAdultSlope= 4.78695667348802
AIAdultLD50= 63.2002979402835
AIAdultSlopeContact= 9.63064133864827
AIAdultLD50Contact= 95.5935874385459
AILarvaSlope= 8.26188232004642
AILarvaLD50= 30.7767689099694
AIKOW= 29812.7158650225
AIKOC= 66297.6855220878
AIHalfLife= 12.2675418743165
EAppRate= 8.44493412471004
FoliarEnabled= true
FoliarAppDate= 06/07/1989
FoliarForageBegin= 06/05/1989
FoliarForageEnd= 06/28/1989
AIContactFactor= 2.12576493722852
CL4Pollen= 1.90400890726596
CL4Nectar= 88.0475854966789
CL5Pollen= 3.973480603192
CL5Nectar= 100.280187022872
CLDPollen= 1.90239267284051
CLDNectar= 34.854317328427
CA13Pollen= 4.29110203199089
CA13Nectar= 61.0205332934856
CA410Pollen= 7.80720244466793
CA410Nectar= 100.349142025225
CA1120Pollen= 0.120747357839718
CA1120Nectar= 60.1366699300706
IPollenTrips= 9.19141734484583
INectarTrips= 10.6490513333119
IPollenLoad= 2.47030484024435
INectarLoad= 8.97529227659106
