ICQueenStrength= 1.06766917998902
RQWkrDrnRatio= 2.41333683393896
ICDroneMiteSurvivorship= 76.7788674915209
ICWorkerMiteSurvivorship= 80.1927783060819
ICForagerLifespan= 9.96350780874491
ImmType= Tangent
RQQueenStrength= 5.18216602411121
RQEnableReQueen= true
AIAdultSlope= 1.73407810367644
AIAdultLD50= 39.0277891332991
AIAdultSlopeContact= 4.78590441728011
AIAdultLD50Contact= 6.09483351849997
AILarvaSlope= 5.32732331939042
AILarvaLD50= 32.6220627383583
AIKOW= 96622.0533826428
AIKOC= 5418.01019714982
AIHalfLife= 4.16295788539573
EAppRate= 8.09759303212329
FoliarEnabled= true
FoliarAppDate= 06/07/1989
FoliarForageBegin= 06/05/1989
FoliarForageEnd= 06/28/1989
AIContactFactor= 0.318781931716949
CL4Pollen= 1.81144556310028
CL4Nectar= 16.1227793898433
CL5Pollen= 2.92771952692419
CL5Nectar= 122.84514644416
CLDPollen= 3.24476929474622
CLDNectar= 13.5902024921961
CA13Pollen= 6.34205013914034
CA13Nectar= 98.8123169913888
CA410Pollen= 7.89163096135016
CA410Nectar= 155.888355756178
CA1120Pollen= 1.72754868655466
CA1120Nectar= 54.5513080246747
IPollenTrips= 8.9121881662868
INectarTrips= 14.0710248542018
IPollenLoad= 3.00926117459312
INectarLoad= 6.62417340092361
ESoilP= 1.85545801348053
ESoilFoc= 0.0175563650673721
