ICQueenStrength= 3.67608803231269
RQWkrDrnRatio= 1.92787240352482
ICDroneMiteSurvivorship= 75.5431184079498
ICWorkerMiteSurvivorship= 63.1029538111761
ICForagerLifespan= 7.00142178311944
ImmType= Cosine
RQQueenStrength= 3.12317710276693
RQEnableReQueen= true
AIAdultSlope= 8.61375352926552
AIAdultLD50= 39.6891217116271
AIAdultSlopeContact= 5.56888784258626
AIAdultLD50Contact= 83.8822429904982
AILarvaSlope= 8.58038403466344
AILarvaLD50= 50.3681682265038
AIKOW= 37785.0962386235
AIKOC= 25300.5321719211
AIHalfLife= 7.51302245755214
EAppRate= 4.53996907918574
FoliarEnabled= true
FoliarAppDate= 06/07/1989
FoliarForageBegin= 06/05/1989
FoliarForageEnd= 06/28/1989
AIContactFactor= 1.86462226445321
CL4Pollen= 0.506042313762009
CL4Nectar= 15.4387095011771
CL5Pollen= 5.83162333443761
CL5Nectar= 0.684209342580289
CLDPollen= 0.25671927491203
CLDNectar= 98.856889817398
CA13Pollen= 7.16085465233773
CA13Nectar= 39.7380718402565
CA410Pollen= 8.14387812735513
CA410Nectar= 156.712327348068
CA1120Pollen= 2.09374724957161
CA1120Nectar= 50.5979040265083
IPollenTrips= 7.66961807850748
INectarTrips= 14.1256005479954
IPollenLoad= 9.06413330929354
INectarLoad= 2.19270172528923
