ICQueenStrength= 2.12298495951109
RQWkrDrnRatio= 3.2322697956115
ICDroneMiteSurvivorship= 83.5662322118878
ICWorkerMiteSurvivorship= 49.4965978898108
ICForagerLifespan= 4.68745609652251
ImmType= Polynomial
RQQueenStrength= 5.05824291869067
RQEnableReQueen= true
AIAdultSlope= 7.50928929448128
AIAdultLD50= 41.6630101110071
AIAdultSlopeContact= 2.4535633015912
AIAdultLD50Contact= 54.8206834486395
AILarvaSlope= 3.53911614790559
AILarvaLD50= 52.0566110670257
AIKOW= 83091.2046745124
AIKOC= 77454.9993709864
AIHalfLife= 6.85531087676063
EAppRate= 3.87798017367232
FoliarEnabled= true
FoliarAppDate= 06/07/1989
FoliarForageBegin= 06/05/1989
FoliarForageEnd= 06/28/1989
AIContactFactor= 0.555955419493839
CL4Pollen= 0.474668061360717
CL4Nectar= 77.9607041273266
CL5Pollen= 1.23462913418189
CL5Nectar= 8.20723195793107
CLDPollen= 3.12528523709625
CLDNectar= 44.0246788552031
CA13Pollen= 8.19337226711214
CA13Nectar= 77.0612784288824
CA410Pollen= 9.34120545843616
CA410Nectar= 110.010571759194
CA1120Pollen= 0.971966187469661
CA1120Nectar= 74.7076338157058
IPollenTrips= 11.6201858455315
INectarTrips= 12.4154838523827
IPollenLoad= 4.05898740515113
INectarLoad= 5.42080369777977
