ICQueenStrength= 1.45755278971046
RQWkrDrnRatio= 4.23968779016286
ICDroneMiteSurvivorship= 50.1403355505317
ICWorkerMiteSurvivorship= 23.9725933177397
ICForagerLifespan= 8.9110442455858
ImmType= Cosine
RQQueenStrength= 1.96144974511117
RQEnableReQueen=true
AIAdultSlope= 7.68038424290717
AIAdultLD50= 0.34729524741834
AIAdultSlopeContact= 6.63945759064518
AIAdultLD50Contact= 33.8067549529152
AILarvaSlope= 8.76797176152468
AILarvaLD50= 73.378730026603
AIKOW= 88676.0574447915
AIKOC= 3031.01491365698
AIHalfLife= 8.37423418071121
EAppRate= 4.13189244807255
FoliarEnabled=true
FoliarAppDate= 07/01/1989
FoliarForageBegin= 07/01/1989
FoliarForageEnd= 07/14/1989
AIContactFactor= 1.27964082563296
CL4Pollen= 1.61385905276984
CL4Nectar= 91.311642061919
CL5Pollen= 0.0314446580596268
CL5Nectar= 79.4144159532152
CLDPollen= 0.273772513959557
CLDNectar= 71.3548388332129
CA13Pollen= 6.029417349305
CA13Nectar= 33.7159510329366
CA410Pollen= 5.80946824895218
CA410Nectar= 157.934306948446
CA1120Pollen= 0.371852095937356
CA1120Nectar= 64.3898470513523
IPollenTrips= 11.6619710787199
INectarTrips= 7.47411592630669
IPollenLoad= 1.93081592209637
INectarLoad= 6.68717690277845
