ICQueenStrength= 1.88924289681017
RQWkrDrnRatio= 3.62483196612448
ICDroneMiteSurvivorship= 92.2967681894079
ICWorkerMiteSurvivorship= 93.9340478042141
ICForagerLifespan= 14.7804783089086
ImmType= Sine
RQQueenStrength= 4.28672443050891
RQEnableReQueen=true
AIAdultSlope= 1.08292445540428
AIAdultLD50= 0.7844854950218
AIAdultSlopeContact= 8.09362432430498
AIAdultLD50Contact= 66.7684784618334
AILarvaSlope= 4.29893671534956
AILarvaLD50= 16.1618697588062
AIKOW= 51729.3910337777
AIKOC= 56468.0624057492
AIHalfLife= 15.997778405319
EAppRate= 4.73223207643419
FoliarEnabled=true
FoliarAppDate= 07/01/1989
FoliarForageBegin= 07/01/1989
FoliarForageEnd= 07/14/1989
AIContactFactor= 1.02117989820894
CL4Pollen= 0.590720525942743
CL4Nectar= 31.1506752157584
CL5Pollen= 5.97332470631227
CL5Nectar= 38.8445824384689
CLDPollen= 4.52662997832522
CLDNectar= 116.686993720941
CA13Pollen= 3.63187099834904
CA13Nectar= 35.544350463897
CA410Pollen= 9.00505704882089
CA410Nectar= 79.6285012969747
CA1120Pollen= 0.872318912297487
CA1120Nectar= 63.0495240539312
IPollenTrips= 6.13283654674888
INectarTrips= 14.1372663946822
IPollenLoad= 4.67854182934389
INectarLoad= 7.17926380224526
