ICQueenStrength= 5.72711267997511
RQWkrDrnRatio= 4.16048253979534
ICDroneMiteSurvivorship= 69.7724306490272
ICWorkerMiteSurvivorship= 96.8367924448103
ICForagerLifespan= 13.8918685559183
ImmType= Logarithmic
RQQueenStrength= 1.37750967312604
RQEnableReQueen= true
AIAdultSlope= 6.81724031642079
AIAdultLD50= 28.8016145299075
AIAdultSlopeContact= 4.04822035483085
AIAdultLD50Contact= 39.7869797552444
AILarvaSlope= 5.89459502138197
AILarvaLD50= 21.2214074210783
AIKOW= 67048.125982453
AIKOC= 45096.5913028989
AIHalfLife= 2.38986465686467
EAppRate= 2.81057322493335
FoliarEnabled= true
FoliarAppDate= 06/07/1989
FoliarForageBegin= 06/05/1989
FoliarForageEnd= 06/28/1989
AIContactFactor= 0.323849770324305
CL4Pollen= 2.66008527297527
CL4Nectar= 13.2907987106591
CL5Pollen= 4.85959260351956
CL5Nectar= 25.0091477413662
CLDPollen= 2.57179494760931
CLDNectar= 30.8687629876658
CA13Pollen= 8.06569381086156
CA13Nectar= 58.1868704222143
CA410Pollen= 7.34348527644761
CA410Nectar= 84.2693078657612
CA1120Pollen= 0.654640006134287
CA1120Nectar= 97.3096009157598
IPollenTrips= 13.0316472612321
INectarTrips= 7.6861923513934
IPollenLoad= 3.75678513664752
INectarLoad= 1.21032442431897
