ICQueenStrength= 1.55184261058457
RQWkrDrnRatio= 2.94660363905132
ICDroneMiteSurvivorship= 57.4847928714007
ICWorkerMiteSurvivorship= 29.1589653352275
ICForagerLifespan= 5.57880350761116
ImmType= Cosine
RQQueenStrength= 4.28388291876763
RQEnableReQueen= true
AIAdultSlope= 1.49092791602015
AIAdultLD50= 66.7114846047822
AIAdultSlopeContact= 9.38764285785146
AIAdultLD50Contact= 97.0097294618436
AILarvaSlope= 7.71287055127323
AILarvaLD50= 52.320496677317
AIKOW= 34556.2490885797
AIKOC= 28549.23331592
AIHalfLife= 9.91892349359114
EAppRate= 6.94601808125782
FoliarEnabled= true
FoliarAppDate= 06/07/1989
FoliarForageBegin= 06/05/1989
FoliarForageEnd= 06/28/1989
AIContactFactor= 0.533664807970636
CL4Pollen= 0.62102725263685
CL4Nectar= 90.082162222825
CL5Pollen= 0.984925055410713
CL5Nectar= 74.943311791867
CLDPollen= 3.21831356082112
CLDNectar= 145.945576624945
CA13Pollen= 6.89168525189161
CA13Nectar= 78.9160888828337
CA410Pollen= 5.46697374549694
CA410Nectar= 114.301464129239
CA1120Pollen= 2.41419711546041
CA1120Nectar= 41.3315681554377
IPollenTrips= 8.43188542872667
INectarTrips= 9.23178845318034
IPollenLoad= 9.43970652995631
INectarLoad= 0.938812680542469
