ICQueenStrength= 1.18432922544889
RQWkrDrnRatio= 4.17665160726756
ICDroneMiteSurvivorship= 98.5450081760064
ICWorkerMiteSurvivorship= 13.1438173586503
ICForagerLifespan= 13.1328477142379
ImmType= Logarithmic
RQQueenStrength= 4.68308085598983
RQEnableReQueen= true
AIAdultSlope= 2.59534274786711
AIAdultLD50= 3.60810487572383
AIAdultSlopeContact= 8.2803620272316
AIAdultLD50Contact= 51.0455291251512
AILarvaSlope= 5.92093946784735
AILarvaLD50= 55.5878525614466
AIKOW= 53507.9174833837
AIKOC= 12231.0830941363
AIHalfLife= 8.14187775105238
EAppRate= 4.95234090832272
FoliarEnabled= true
FoliarAppDate= 06/07/1989
FoliarForageBegin= 06/05/1989
FoliarForageEnd= 06/28/1989
AIContactFactor= 2.31698817349505
CL4Pollen= 2.54410274606198
CL4Nectar= 79.957360541448
CL5Pollen= 3.12906895810738
CL5Nectar= 106.809362070635
CLDPollen= 0.140087916981429
CLDNectar= 25.0602347427048
CA13Pollen= 2.20313771655783
CA13Nectar= 58.0618575587869
CA410Pollen= 8.032429531659
CA410Nectar= 174.973247796297
CA1120Pollen= 0.766786706401035
CA1120Nectar= 84.5794446207583
IPollenTrips= 8.07986082974821
INectarTrips= 5.06428291089833
IPollenLoad= 4.23520209966227
INectarLoad= 0.175889772363007
ESoilP= 1.11739948601462
ESoilFoc= 0.0149000113187358
