ICQueenStrength= 3.83452692558058
RQWkrDrnRatio= 1.42882034368813
ICDroneMiteSurvivorship= 10.8778361231089
ICWorkerMiteSurvivorship= 16.6388667654246
ICForagerLifespan= 11.0622281702235
ImmType= Sine
RQQueenStrength= 4.88131080078892
RQEnableReQueen= true
AIAdultSlope= 8.50783467106521
AIAdultLD50= 53.6564647591643
AIAdultSlopeContact= 6.82855578209274
AIAdultLD50Contact= 53.7339562855936
AILarvaSlope= 3.21558060497046
AILarvaLD50= 75.4902927890504
AIKOW= 78878.2456125425
AIKOC= 83986.2395759325
AIHalfLife= 6.61007039847318
EAppRate= 4.45846697975416
FoliarEnabled= true
FoliarAppDate= 06/07/1989
FoliarForageBegin= 06/05/1989
FoliarForageEnd= 06/28/1989
AIContactFactor= 0.277244957336225
CL4Pollen= 3.68632441572845
CL4Nectar= 8.51624046918005
CL5Pollen= 3.95981805631891
CL5Nectar= 134.480791515671
CLDPollen= 2.7012793184258
CLDNectar= 82.4880636180751
CA13Pollen= 7.91407547406852
CA13Nectar= 69.9108341522515
CA410Pollen= 3.06891619004309
CA410Nectar= 31.4179433323443
CA1120Pollen= 1.76586865517311
CA1120Nectar= 98.0361876636744
IPollenTrips= 14.1267383517697
INectarTrips= 12.2668977710418
IPollenLoad= 5.27537494665012
INectarLoad= 7.14077083626762
