ICQueenStrength= 5.52849338529631
RQWkrDrnRatio= 4.83828253485262
ICDroneMiteSurvivorship= 7.67772018443793
ICWorkerMiteSurvivorship= 39.264333830215
ICForagerLifespan= 15.401013256982
ImmType= Sine
RQQueenStrength= 3.46151059516706
RQEnableReQueen= true
AIAdultSlope= 1.87128649652004
AIAdultLD50= 75.3159849860179
AIAdultSlopeContact= 4.29900121688843
AIAdultLD50Contact= 48.5071808849128
AILarvaSlope= 3.8041818253696
AILarvaLD50= 76.8976763000642
AIKOW= 97791.2180704681
AIKOC= 7895.45243600267
AIHalfLife= 6.16346551156603
EAppRate= 6.98489619808574
FoliarEnabled= true
FoliarAppDate= 06/07/1989
FoliarForageBegin= 06/05/1989
FoliarForageEnd= 06/28/1989
AIContactFactor= 1.09748492361046
CL4Pollen= 1.58803367707878
CL4Nectar= 36.9934499263763
CL5Pollen= 3.89920669980347
CL5Nectar= 101.201226899866
CLDPollen= 2.98145696427673
CLDNectar= 21.0763695649803
CA13Pollen= 8.1050619546324
CA13Nectar= 69.5051901042461
CA410Pollen= 6.60049736700021
CA410Nectar= 172.793808006682
CA1120Pollen= 1.0143507826142
CA1120Nectar= 88.4683165512979
IPollenTrips= 8.54171338258311
INectarTrips= 7.6993128657341
IPollenLoad= 1.09915716340765
INectarLoad= 9.28881960222498
