ICQueenStrength= 4.94872172502801
RQWkrDrnRatio= 3.09898397326469
ICDroneMiteSurvivorship= 28.5931565798819
ICWorkerMiteSurvivorship= 34.5469981897622
ICForagerLifespan= 14.1273149698973
ImmType= Exponential
RQQueenStrength= 1.04062099149451
RQEnableReQueen= true
AIAdultSlope= 7.38288293592632
AIAdultLD50= 53.3216822516476
AIAdultSlopeContact= 2.97872877935879
AIAdultLD50Contact= 63.7672908135159
AILarvaSlope= 1.53357006050646
AILarvaLD50= 21.5585670824118
AIKOW= 21386.1415312622
AIKOC= 32494.3030431403
AIHalfLife= 21.9382122243289
EAppRate= 7.44025359923462
FoliarEnabled= true
FoliarAppDate= 06/07/1989
FoliarForageBegin= 06/05/1989
FoliarForageEnd= 06/28/1989
AIContactFactor= 0.429180551236495
CL4Pollen= 3.30175768211484
CL4Nectar= 34.8148006945848
CL5Pollen= 5.51382797816768
CL5Nectar= 44.2984463064931
CLDPollen= 5.75867762742564
CLDNectar= 122.569882578682
CA13Pollen= 2.92090617660433
CA13Nectar= 58.8456093147397
CA410Pollen= 5.03611180742737
CA410Nectar= 59.2503892630339
CA1120Pollen= 0.618101767497137
CA1120Nectar= 49.6302470378578
IPollenTrips= 6.05021346593276
INectarTrips= 12.8043140447699
IPollenLoad= 6.73792589223012
INectarLoad= 2.03760885866359
ESoilP= 1.46623371122405
ESoilFoc= 0.0151738935292233
