ICQueenStrength= 2.51058894954622
RQWkrDrnRatio= 4.950937400572
ICDroneMiteSurvivorship= 24.2702019633725
ICWorkerMiteSurvivorship= 0.264045502990484
ICForagerLifespan= 6.65560027211905
ImmType= Cosine
RQQueenStrength= 3.4573970856145
RQEnableReQueen=true
AIAdultSlope= 5.62588269636035
AIAdultLD50= 0.750213306066813
AIAdultSlopeContact= 9.07823019335046
AIAdultLD50Contact= 72.5653884046197
AILarvaSlope= 8.92684445530176
AILarvaLD50= 68.2069294889541
AIKOW= 29056.5670630838
AIKOC= 24341.4439593288
AIHalfLife= 12.1174484181916
EAppRate= 9.71861430358211
FoliarEnabled=true
FoliarAppDate= 07/01/1989
FoliarForageBegin= 07/01/1989
FoliarForageEnd= 07/14/1989
AIContactFactor= 1.05647685712203
CL4Pollen= 3.81320568267256
CL4Nectar= 57.3767992435023
CL5Pollen= 0.0625420273281634
CL5Nectar= 83.3181164343841
CLDPollen= 0.766396258492023
CLDNectar= 73.3331165858544
CA13Pollen= 8.01723192799836
CA13Nectar= 40.1936391741037
CA410Pollen= 4.05757868126966
CA410Nectar= 73.3388532977551
CA1120Pollen= 0.0642053440678865
CA1120Nectar= 39.0816135145724
IPollenTrips= 13.5328663070686
INectarTrips= 9.54660148825496
IPollenLoad= 3.0771297053434
INectarLoad= 5.86572779109702
