ICQueenStrength= 3.25503704627044
RQWkrDrnRatio= 2.77354313060641
ICDroneMiteSurvivorship= 56.1227358411998
ICWorkerMiteSurvivorship= 87.6226171385497
ICForagerLifespan= 5.96693119686097
ImmType= Cosine
RQQueenStrength= 3.81482174177654
RQEnableReQueen= true
AIAdultSlope= 5.58941345848143
AIAdultLD50= 40.9211685978486
AIAdultSlopeContact= 6.93636454362422
AIAdultLD50Contact= 93.701956048988
AILarvaSlope= 7.73545181378722
AILarvaLD50= 90.0602435957538
AIKOW= 10509.7189861785
AIKOC= 40850.1652515174
AIHalfLife= 4.62538548018783
EAppRate= 0.37546393931238
FoliarEnabled= true
FoliarAppDate= 06/07/1989
FoliarForageBegin= 06/05/1989
FoliarForageEnd= 06/28/1989
AIContactFactor= 1.33173325026873
CL4Pollen= 3.81327419541776
CL4Nectar= 85.9285724582151
CL5Pollen= 5.41581394197419
CL5Nectar= 58.4382657310925
CLDPollen= 1.54702204233035
CLDNectar= 84.0733031043783
CA13Pollen= 6.3176267596893
CA13Nectar= 61.8502202630043
CA410Pollen= 5.54730557296425
CA410Nectar= 192.285544467159
CA1120Pollen= 0.36137397447601
CA1120Nectar= 22.457332406193
IPollenTrips= 6.48440446704626
INectarTrips= 7.82437066314742
IPollenLoad= 0.830502449534833
INectarLoad= 3.01587612135336
ESoilP= 1.82079307292588
ESoilFoc= 0.00320627205749042
