ICQueenStrength= 3.08873291383497
RQWkrDrnRatio= 4.88250036351383
ICDroneMiteSurvivorship= 53.1472897157073
ICWorkerMiteSurvivorship= 82.8487806487828
ICForagerLifespan= 9.75205302517861
ImmType= Logarithmic
AIAdultSlope= 2.70508796737064
AIAdultLD50= 0.0639516105875373
AIAdultSlopeContact= 3.18513764103642
AIAdultLD50Contact= 0.0286762013682164
AILarvaSlope= 3.32949184002355
AILarvaLD50= 0.0133825023891404
AIKOW= 5.71792120300233
AIKOC= 23.1367659126408
AIHalfLife= 0.230616539111361
EAppRate= 8.73130033258349
FoliarEnabled= true
