ICQueenStrength= 4.00278715323657
RQWkrDrnRatio= 1.91366616822779
ICDroneMiteSurvivorship= 9.48755766730756
ICWorkerMiteSurvivorship= 9.2017107643187
ICForagerLifespan= 13.0268422206864
ImmType= Sine
RQQueenStrength= 2.55670564272441
RQEnableReQueen= true
AIAdultSlope= 8.30335199274123
AIAdultLD50= 55.1295736081458
AIAdultSlopeContact= 5.90284211188555
AIAdultLD50Contact= 70.3518548027785
AILarvaSlope= 8.60926334746182
AILarvaLD50= 61.1167383007877
AIKOW= 49840.8147932981
AIKOC= 27096.2763862682
AIHalfLife= 28.4982759086648
EAppRate= 5.84620596360788
FoliarEnabled= true
FoliarAppDate= 06/07/1989
FoliarForageBegin= 06/05/1989
FoliarForageEnd= 06/28/1989
AIContactFactor= 1.94895332256332
CL4Pollen= 3.56761076580733
CL4Nectar= 69.5559511426836
CL5Pollen= 1.62300786422566
CL5Nectar= 113.920555554796
CLDPollen= 4.88731384836137
CLDNectar= 87.6755290897563
CA13Pollen= 2.71613134518266
CA13Nectar= 42.7040256001055
CA410Pollen= 5.15884790204
CA410Nectar= 158.90531652607
CA1120Pollen= 2.87096975371242
CA1120Nectar= 83.9581420645118
IPollenTrips= 13.5308319050819
INectarTrips= 5.40630589704961
IPollenLoad= 1.15235133795068
INectarLoad= 2.82749108504504
ESoilP= 1.72514319955371
ESoilFoc= 0.005435424819123
