ICQueenStrength= 1.67124066292308
RQWkrDrnRatio= 1.87978926021606
ICDroneMiteSurvivorship= 7.46270685922354
ICWorkerMiteSurvivorship= 20.9547590464354
ICForagerLifespan= 5.53066905681044
ImmType= Polynomial
RQQueenStrength= 3.12860440951772
RQEnableReQueen= true
AIAdultSlope= 4.76847997307777
AIAdultLD50= 0.0858861403891351
AIAdultSlopeContact= 1.88752541760914
AIAdultLD50Contact= 88.5333401836022
AILarvaSlope= 6.57378173805773
AILarvaLD50= 75.430638775365
AIKOW= 67919.4636825674
AIKOC= 84063.0588804497
AIHalfLife= 24.9922340531135
EAppRate= 5.77925712488568
FoliarEnabled= true
FoliarAppDate= 09/01/1989
FoliarForageBegin= 09/01/1989
FoliarForageEnd= 09/08/1989
AIContactFactor= 2.04855235259049
CL4Pollen= 0.917375081218779
CL4Nectar= 47.3620881326497
CL5Pollen= 0.829755891580135
CL5Nectar= 69.9052301351912
CLDPollen= 5.97428800351918
CLDNectar= 100.651226635091
CA13Pollen= 3.33256728136912
CA13Nectar= 47.2716549411416
CA410Pollen= 3.39691918063909
CA410Nectar= 194.97823224403
CA1120Pollen= 2.31480278656818
CA1120Nectar= 78.6556895263493
IPollenTrips= 10.8950778190047
INectarTrips= 8.62857849337161
IPollenLoad= 9.65250828070566
INectarLoad= 0.554466252215207
