ICQueenStrength= 5.93767676409334
RQWkrDrnRatio= 4.92736154235899
ICDroneMiteSurvivorship= 96.8239584704861
ICWorkerMiteSurvivorship= 5.4857388837263
ICForagerLifespan= 9.51353078521788
ImmType= Tangent
RQQueenStrength= 5.88073652843013
RQEnableReQueen= true
AIAdultSlope= 8.21712619252503
AIAdultLD50= 0.520673240653472
AIAdultSlopeContact= 9.1059932212811
AIAdultLD50Contact= 24.9956279866078
AILarvaSlope= 7.61488875187933
AILarvaLD50= 95.993430978281
AIKOW= 38418.5156433491
AIKOC= 65873.0843929858
AIHalfLife= 32.4935808843467
EAppRate= 5.45386985254125
FoliarEnabled= true
FoliarAppDate= 09/01/1989
FoliarForageBegin= 09/01/1989
FoliarForageEnd= 09/08/1989
AIContactFactor= 0.429399384967983
CL4Pollen= 3.47564213722944
CL4Nectar= 25.9599798126146
CL5Pollen= 2.93029124150053
CL5Nectar= 22.5571847171523
CLDPollen= 2.88596249045804
CLDNectar= 82.3805763968267
CA13Pollen= 3.83517587725073
CA13Nectar= 60.6067993119359
CA410Pollen= 6.11900373229291
CA410Nectar= 80.9516299748793
CA1120Pollen= 1.13260043808259
CA1120Nectar= 23.3047205023468
IPollenTrips= 10.7947505055927
INectarTrips= 14.862130144611
IPollenLoad= 7.75030991062522
INectarLoad= 8.85731857735664
