ICQueenStrength= 4.04122584871948
RQWkrDrnRatio= 4.47091476246715
ICDroneMiteSurvivorship= 79.9942505313084
ICWorkerMiteSurvivorship= 58.3988092839718
ICForagerLifespan= 12.8517836555839
ImmType= Cosine
RQQueenStrength= 5.01676308480091
RQEnableReQueen= true
AIAdultSlope= 6.73096875846386
AIAdultLD50= 93.536672042822
AIAdultSlopeContact= 9.91881628893316
AIAdultLD50Contact= 93.1562310412009
AILarvaSlope= 1.35020155832171
AILarvaLD50= 29.7752591687753
AIKOW= 96773.0241096522
AIKOC= 5681.85913698142
AIHalfLife= 16.7278487761505
EAppRate= 3.17391529312939
FoliarEnabled= true
FoliarAppDate= 06/07/1989
FoliarForageBegin= 06/05/1989
FoliarForageEnd= 06/28/1989
AIContactFactor= 0.939999360130168
CL4Pollen= 1.61521233804524
CL4Nectar= 74.5424929773435
CL5Pollen= 4.27947659511119
CL5Nectar= 135.926280159038
CLDPollen= 1.95949455583468
CLDNectar= 7.87023855373263
CA13Pollen= 2.93175867507234
CA13Nectar= 20.4730897396803
CA410Pollen= 6.88994097278919
CA410Nectar= 44.6140589751303
CA1120Pollen= 1.91743501857854
CA1120Nectar= 86.4737409539521
IPollenTrips= 9.71544192405418
INectarTrips= 13.2596887438558
IPollenLoad= 3.53774922899902
INectarLoad= 4.17796405032277
