ICQueenStrength= 3.25502897147089
RQWkrDrnRatio= 2.93287796434015
ICDroneMiteSurvivorship= 63.9354318147525
ICWorkerMiteSurvivorship= 23.2661210000515
ICForagerLifespan= 9.65160548500717
ImmType= Sine
RQQueenStrength= 2.53528977371752
RQEnableReQueen=true
AIAdultSlope= 8.79218251258135
AIAdultLD50= 0.0476320701641962
AIAdultSlopeContact= 3.49672912550159
AIAdultLD50Contact= 37.3611800940086
AILarvaSlope= 8.04679530672729
AILarvaLD50= 1.9790884824919
AIKOW= 94886.928819131
AIKOC= 24865.3380762385
AIHalfLife= 7.37264989148825
EAppRate= 0.778003983025206
FoliarEnabled=true
FoliarAppDate= 07/01/1989
FoliarForageBegin= 07/01/1989
FoliarForageEnd= 07/14/1989
AIContactFactor= 1.05927457690705
CL4Pollen= 3.6506754765287
CL4Nectar= 78.5912711638957
CL5Pollen= 5.43227449245751
CL5Nectar= 115.40337970946
CLDPollen= 1.03138257516548
CLDNectar= 4.47752414038405
CA13Pollen= 6.42061421908438
CA13Nectar= 57.4058928899467
CA410Pollen= 5.55365851644892
CA410Nectar= 20.8464804384857
CA1120Pollen= 1.93687314377166
CA1120Nectar= 37.1825221925974
IPollenTrips= 8.92517590429634
INectarTrips= 6.93231635028496
IPollenLoad= 9.79750512633473
INectarLoad= 9.56514758057892
