ICQueenStrength= 3.19780303537846
RQWkrDrnRatio= 2.41436940990388
ICDroneMiteSurvivorship= 10.8569171279669
ICWorkerMiteSurvivorship= 68.8893374055624
ICForagerLifespan= 15.7191131068394
ImmType= Sine
RQQueenStrength= 4.77032801741734
RQEnableReQueen= true
AIAdultSlope= 7.32788782194257
AIAdultLD50= 0.403773285582894
AIAdultSlopeContact= 2.94787929579616
AIAdultLD50Contact= 89.697397779166
AILarvaSlope= 4.90333049930632
AILarvaLD50= 96.0802755208146
AIKOW= 15208.0882615066
AIKOC= 85147.9163157092
AIHalfLife= 17.5932030105265
EAppRate= 3.27276977066509
FoliarEnabled= true
FoliarAppDate= 09/01/1989
FoliarForageBegin= 09/01/1989
FoliarForageEnd= 09/08/1989
AIContactFactor= 2.17836338279303
CL4Pollen= 3.83728247880936
CL4Nectar= 73.2721194624901
CL5Pollen= 2.83247895073146
CL5Nectar= 98.8599207834341
CLDPollen= 5.05426788842306
CLDNectar= 62.7252948470414
CA13Pollen= 2.96815886795521
CA13Nectar= 82.2765222005546
CA410Pollen= 4.74761476984713
CA410Nectar= 34.1956381499767
CA1120Pollen= 1.81259153271094
CA1120Nectar= 54.2819633334875
IPollenTrips= 6.18373264092952
INectarTrips= 10.9914824436419
IPollenLoad= 9.90609234664589
INectarLoad= 7.40867081331089
