ICQueenStrength= 1.64028759137727
RQWkrDrnRatio= 1.03182769939303
ICDroneMiteSurvivorship= 88.2650404702872
ICWorkerMiteSurvivorship= 31.2470527132973
ICForagerLifespan= 15.0481440182775
ImmType= Tangent
RQQueenStrength= 2.46675632684492
RQEnableReQueen= true
AIAdultSlope= 7.47777571156621
AIAdultLD50= 36.2874908276827
AIAdultSlopeContact= 2.4395381542854
AIAdultLD50Contact= 63.9091424890859
AILarvaSlope= 8.2850683145225
AILarvaLD50= 90.3708243915064
AIKOW= 23399.9828806753
AIKOC= 82068.0726035775
AIHalfLife= 6.467655130825
EAppRate= 5.07528965559858
FoliarEnabled= true
FoliarAppDate= 06/07/1989
FoliarForageBegin= 06/05/1989
FoliarForageEnd= 06/28/1989
AIContactFactor= 2.20305460779462
CL4Pollen= 0.109364280477166
CL4Nectar= 0.745132006704807
CL5Pollen= 1.3210518239066
CL5Nectar= 86.2873117555864
CLDPollen= 2.51794459903613
CLDNectar= 43.0297073791735
CA13Pollen= 5.9440689932555
CA13Nectar= 35.028503742069
CA410Pollen= 5.56953096187208
CA410Nectar= 138.545665130951
CA1120Pollen= 1.91978992754593
CA1120Nectar= 98.3126345276833
IPollenTrips= 14.2371936212294
INectarTrips= 11.3188157323748
IPollenLoad= 2.47477181954309
INectarLoad= 3.76089595723897
