ICQueenStrength= 1.26584598235786
RQWkrDrnRatio= 4.43283457681537
ICDroneMiteSurvivorship= 33.1115894252434
ICWorkerMiteSurvivorship= 14.1747641842812
ICForagerLifespan= 15.0035777660087
ImmType= Exponential
RQQueenStrength= 1.72800804395229
RQEnableReQueen= true
AIAdultSlope= 2.0088967345655
AIAdultLD50= 86.078780404713
AIAdultSlopeContact= 8.65709072630852
AIAdultLD50Contact= 92.9203527214881
AILarvaSlope= 4.2347065936774
AILarvaLD50= 26.4327929399631
AIKOW= 699.640565827463
AIKOC= 91559.1720338971
AIHalfLife= 17.7960917928722
EAppRate= 5.03022060670611
FoliarEnabled= true
FoliarAppDate= 06/07/1989
FoliarForageBegin= 06/05/1989
FoliarForageEnd= 06/28/1989
AIContactFactor= 1.49688009649981
CL4Pollen= 3.38569589518011
CL4Nectar= 28.4697464900091
CL5Pollen= 1.92468530265614
CL5Nectar= 128.479632816743
CLDPollen= 0.971562309656292
CLDNectar= 147.118306229822
CA13Pollen= 3.06969205038622
CA13Nectar= 84.86845895648
CA410Pollen= 5.04668699598406
CA410Nectar= 75.2955905301496
CA1120Pollen= 2.28291499335319
CA1120Nectar= 86.0187160409987
IPollenTrips= 10.0509264017455
INectarTrips= 14.4151296815835
IPollenLoad= 9.6083303866908
INectarLoad= 1.66212647687644
ESoilP= 1.84371799882501
ESoilFoc= 0.0183155658277683
