ICQueenStrength= 5.13072347058915
RQWkrDrnRatio= 1.65261171013117
ICDroneMiteSurvivorship= 93.5178918531165
ICWorkerMiteSurvivorship= 25.4951155046001
ICForagerLifespan= 8.5997577207163
ImmType= Cosine
RQQueenStrength= 5.42014814238064
RQEnableReQueen= true
AIAdultSlope= 2.75182053819299
AIAdultLD50= 0.983620578074129
AIAdultSlopeContact= 8.31327338772826
AIAdultLD50Contact= 60.6404024639043
AILarvaSlope= 6.386983493343
AILarvaLD50= 62.3797873016424
AIKOW= 43623.2052076728
AIKOC= 25643.9572199378
AIHalfLife= 31.8043401840841
EAppRate= 8.78988173646294
FoliarEnabled= true
FoliarAppDate= 09/01/1989
FoliarForageBegin= 09/01/1989
FoliarForageEnd= 09/08/1989
AIContactFactor= 0.539866219935939
CL4Pollen= 2.92222380824387
CL4Nectar= 37.6899065682665
CL5Pollen= 2.45955460751429
CL5Nectar= 127.565825369675
CLDPollen= 1.94872743822634
CLDNectar= 113.391186785884
CA13Pollen= 7.24493555426598
CA13Nectar= 30.724341571331
CA410Pollen= 2.85725561473519
CA410Nectar= 158.699971507303
CA1120Pollen= 0.444903076859191
CA1120Nectar= 86.4274848438799
IPollenTrips= 14.0286389505491
INectarTrips= 10.9141815197654
IPollenLoad= 5.31417996855453
INectarLoad= 9.15338392369449
