ICQueenStrength= 2.08031488372944
RQWkrDrnRatio= 4.54413593746722
ICDroneMiteSurvivorship= 62.4814873561263
ICWorkerMiteSurvivorship= 62.2617081506178
ICForagerLifespan= 14.0705617517233
ImmType= Tangent
RQQueenStrength= 4.06418273947202
RQEnableReQueen= true
AIAdultSlope= 6.54437669739127
AIAdultLD50= 66.6328168529866
AIAdultSlopeContact= 5.64739420404658
AIAdultLD50Contact= 17.4164990824242
AILarvaSlope= 1.89279700443149
AILarvaLD50= 47.9883192821909
AIKOW= 23239.6333637484
AIKOC= 18246.4744714783
AIHalfLife= 17.3394632896176
EAppRate= 1.21014197423006
FoliarEnabled= true
FoliarAppDate= 06/07/1989
FoliarForageBegin= 06/05/1989
FoliarForageEnd= 06/28/1989
AIContactFactor= 1.17396364359651
CL4Pollen= 0.521744772791862
CL4Nectar= 43.7444018432871
CL5Pollen= 4.62862272234634
CL5Nectar= 103.105981461704
CLDPollen= 3.80263700941578
CLDNectar= 121.894536085892
CA13Pollen= 5.6976711506024
CA13Nectar= 66.2741068005562
CA410Pollen= 3.04000595582183
CA410Nectar= 142.86997363437
CA1120Pollen= 0.130615097237751
CA1120Nectar= 24.1114438325167
IPollenTrips= 8.79298534011468
INectarTrips= 9.5311045111157
IPollenLoad= 7.14896911056712
INectarLoad= 1.66019704192877
