ICQueenStrength= 3.12865814915858
RQWkrDrnRatio= 4.30021188501269
ICDroneMiteSurvivorship= 67.8593093529344
ICWorkerMiteSurvivorship= 73.8276552874595
ICForagerLifespan= 7.01412156224251
ImmType= Cosine
RQQueenStrength= 2.40430173720233
RQEnableReQueen= true
AIAdultSlope= 6.81654439866543
AIAdultLD50= 4.37302491357038
AIAdultSlopeContact= 2.4717920969706
AIAdultLD50Contact= 34.1511365993484
AILarvaSlope= 1.05169331654906
AILarvaLD50= 35.3759384504671
AIKOW= 1537.87075289682
AIKOC= 98429.8259110977
AIHalfLife= 7.82522480404004
EAppRate= 0.469888630561065
FoliarEnabled= true
FoliarAppDate= 06/07/1989
FoliarForageBegin= 06/05/1989
FoliarForageEnd= 06/28/1989
AIContactFactor= 2.01512981426902
CL4Pollen= 0.0200096964836121
CL4Nectar= 76.2031228048727
CL5Pollen= 1.57841889839619
CL5Nectar= 129.205884074327
CLDPollen= 2.92800881853327
CLDNectar= 63.7411087984219
CA13Pollen= 4.18188978154212
CA13Nectar= 72.887215744704
CA410Pollen= 8.09526690253988
CA410Nectar= 20.6636985810474
CA1120Pollen= 1.20678524463437
CA1120Nectar= 81.3180507346988
IPollenTrips= 14.3408309947699
INectarTrips= 6.12324953544885
IPollenLoad= 5.68614010699093
INectarLoad= 0.625202928204089
