ICQueenStrength= 3.91451956378296
RQWkrDrnRatio= 1.14362203422934
ICDroneMiteSurvivorship= 84.3899647705257
ICWorkerMiteSurvivorship= 30.2997019141912
ICForagerLifespan= 14.3610574910417
ImmType= Logarithmic
RQQueenStrength= 4.64900462911464
RQEnableReQueen= true
AIAdultSlope= 3.35166270844638
AIAdultLD50= 25.2598580896745
AIAdultSlopeContact= 5.12484306911938
AIAdultLD50Contact= 5.02736998819513
AILarvaSlope= 1.81635511852801
AILarvaLD50= 51.6960916243992
AIKOW= 8289.5292875709
AIKOC= 98671.8761834907
AIHalfLife= 24.4821489468915
EAppRate= 2.60076236124011
FoliarEnabled= true
FoliarAppDate= 06/07/1989
FoliarForageBegin= 06/05/1989
FoliarForageEnd= 06/28/1989
AIContactFactor= 1.16206588643137
CL4Pollen= 3.78651826735586
CL4Nectar= 5.38587891496718
CL5Pollen= 5.56531279999763
CL5Nectar= 108.055829373188
CLDPollen= 2.56747312378138
CLDNectar= 147.763434110675
CA13Pollen= 7.49894686397165
CA13Nectar= 84.3610044382513
CA410Pollen= 4.00602708924562
CA410Nectar= 42.443072879687
CA1120Pollen= 2.3776192269288
CA1120Nectar= 36.6372467204928
IPollenTrips= 11.1056836484931
INectarTrips= 12.028511709068
IPollenLoad= 3.55775857809931
INectarLoad= 6.34252713993192
ESoilP= 1.60293646273203
ESoilFoc= 0.00637782796053216
