ICQueenStrength= 4.80144525319338
RQWkrDrnRatio= 4.88070122152567
ICDroneMiteSurvivorship= 33.0921534216031
ICWorkerMiteSurvivorship= 73.5926487715915
ICForagerLifespan= 10.2834748225287
ImmType= Sine
RQQueenStrength= 3.18474481138401
RQEnableReQueen= true
AIAdultSlope= 4.07764015719295
AIAdultLD50= 70.9231246390324
AIAdultSlopeContact= 6.74783756630495
AIAdultLD50Contact= 60.5378605665015
AILarvaSlope= 3.65494713000953
AILarvaLD50= 17.1061060859908
AIKOW= 29818.18805981
AIKOC= 21420.4291348858
AIHalfLife= 5.5930516109569
EAppRate= 5.34545950588095
FoliarEnabled= true
FoliarAppDate= 06/07/1989
FoliarForageBegin= 06/05/1989
FoliarForageEnd= 06/28/1989
AIContactFactor= 2.0728176705027
CL4Pollen= 1.63864955492318
CL4Nectar= 57.9318520380184
CL5Pollen= 4.44578011985868
CL5Nectar= 134.51034380123
CLDPollen= 5.59863354451954
CLDNectar= 22.943062603008
CA13Pollen= 7.99571560770273
CA13Nectar= 27.1757705323398
CA410Pollen= 6.91555762928911
CA410Nectar= 89.9821971915662
CA1120Pollen= 1.83654353837483
CA1120Nectar= 58.1401322595775
IPollenTrips= 14.5386488502845
INectarTrips= 14.4360445463099
IPollenLoad= 8.06776933837682
INectarLoad= 5.9498361707665
