ICQueenStrength= 3.36501233768649
RQWkrDrnRatio= 1.10949174501002
ICDroneMiteSurvivorship= 9.62193193845451
ICWorkerMiteSurvivorship= 27.7563234325498
ICForagerLifespan= 4.86692711059004
ImmType= Logarithmic
RQQueenStrength= 4.21360365021974
RQEnableReQueen= true
AIAdultSlope= 2.75542776100338
AIAdultLD50= 13.0494739939461
AIAdultSlopeContact= 8.2606125806924
AIAdultLD50Contact= 57.9348698262244
AILarvaSlope= 7.17185557261109
AILarvaLD50= 10.7493956393101
AIKOW= 59614.698413144
AIKOC= 59403.4201296198
AIHalfLife= 15.1886698698858
EAppRate= 1.25184645389812
FoliarEnabled= true
FoliarAppDate= 06/07/1989
FoliarForageBegin= 06/05/1989
FoliarForageEnd= 06/28/1989
AIContactFactor= 0.567977100294083
CL4Pollen= 1.56540225911885
CL4Nectar= 17.033966886811
CL5Pollen= 0.971524734981358
CL5Nectar= 133.597661519889
CLDPollen= 2.30070160841569
CLDNectar= 125.801751553081
CA13Pollen= 6.19951345892623
CA13Nectar= 47.6886640302837
CA410Pollen= 3.04988598192576
CA410Nectar= 115.316984923556
CA1120Pollen= 2.128850141773
CA1120Nectar= 38.7160566076636
IPollenTrips= 11.029142793268
INectarTrips= 10.5036697140895
IPollenLoad= 4.00452876463532
INectarLoad= 6.91709696082398
