ICQueenStrength= 3.6615647058934
RQWkrDrnRatio= 1.03702809941024
ICDroneMiteSurvivorship= 37.0729962131009
ICWorkerMiteSurvivorship= 5.39341440889984
ICForagerLifespan= 6.71659471653402
ImmType= Polynomial
RQQueenStrength= 4.02185289282352
RQEnableReQueen=true
AIAdultSlope= 2.90697681158781
AIAdultLD50= 0.185715581703
AIAdultSlopeContact= 3.85858459421434
AIAdultLD50Contact= 83.2372513743516
AILarvaSlope= 5.30802512541413
AILarvaLD50= 44.8552247308539
AIKOW= 73649.3082292231
AIKOC= 47113.7247911978
AIHalfLife= 6.24784536701627
EAppRate= 2.26414009202667
FoliarEnabled=true
FoliarAppDate= 07/01/1989
FoliarForageBegin= 07/01/1989
FoliarForageEnd= 07/14/1989
AIContactFactor= 1.38858506865334
CL4Pollen= 2.44555865880102
CL4Nectar= 42.2662863042206
CL5Pollen= 2.26687895692885
CL5Nectar= 2.35277046449482
CLDPollen= 3.30401649512351
CLDNectar= 60.0467292708345
CA13Pollen= 2.36071563819423
CA13Nectar= 70.8779918216169
CA410Pollen= 7.92929316507652
CA410Nectar= 23.7658790824935
CA1120Pollen= 1.82676723646
CA1120Nectar= 76.7299436032772
IPollenTrips= 5.6240124325268
INectarTrips= 9.45437677903101
IPollenLoad= 8.72087971772999
INectarLoad= 9.95062385452911
