ICQueenStrength= 4.3515894645825
RQWkrDrnRatio= 1.64222338050604
ICDroneMiteSurvivorship= 88.0021256627515
ICWorkerMiteSurvivorship= 75.0775568652898
ICForagerLifespan= 7.76630034018308
ImmType= Exponential
RQQueenStrength= 3.99830655450933
RQEnableReQueen= true
AIAdultSlope= 5.28939982876182
AIAdultLD50= 33.6676810821271
AIAdultSlopeContact= 6.97429053275846
AIAdultLD50Contact= 12.6808342214481
AILarvaSlope= 2.27586881443858
AILarvaLD50= 78.6530749296348
AIKOW= 79893.5764086535
AIKOC= 83424.961380569
AIHalfLife= 8.40948685382027
EAppRate= 0.382218619056745
FoliarEnabled= true
FoliarAppDate= 06/07/1989
FoliarForageBegin= 06/05/1989
FoliarForageEnd= 06/28/1989
AIContactFactor= 1.83673395824619
CL4Pollen= 3.4234302053228
CL4Nectar= 8.63134171813726
CL5Pollen= 3.51235757209361
CL5Nectar= 87.7044182270765
CLDPollen= 1.06517372746021
CLDNectar= 117.069625819568
CA13Pollen= 7.84159945398569
CA13Nectar= 45.9856249578297
CA410Pollen= 3.23203193279915
CA410Nectar= 61.9948168518022
CA1120Pollen= 1.55659654573537
CA1120Nectar= 59.3972332403064
IPollenTrips= 11.5633342089131
INectarTrips= 6.77064188290387
IPollenLoad= 0.532122773583978
INectarLoad= 6.04270494310185
ESoilP= 1.20089372503571
ESoilFoc= 0.00130232921382412
