ICQueenStrength= 4.17569273989648
RQWkrDrnRatio= 2.234146008268
ICDroneMiteSurvivorship= 43.7062733108178
ICWorkerMiteSurvivorship= 25.3152154618874
ICForagerLifespan= 12.771689619869
ImmType= Sine
RQQueenStrength= 4.17985891131684
RQEnableReQueen= true
AIAdultSlope= 4.52855743281543
AIAdultLD50= 92.2505099655574
AIAdultSlopeContact= 1.70206002891064
AIAdultLD50Contact= 31.6824860275316
AILarvaSlope= 2.96974385716021
AILarvaLD50= 63.5381867034866
AIKOW= 57992.921919074
AIKOC= 75731.5216664297
AIHalfLife= 11.5809621425811
EAppRate= 9.35063280374277
FoliarEnabled= true
FoliarAppDate= 06/07/1989
FoliarForageBegin= 06/05/1989
FoliarForageEnd= 06/28/1989
AIContactFactor= 2.24644935996737
CL4Pollen= 3.61905745789409
CL4Nectar= 92.9911607177928
CL5Pollen= 1.01887185685337
CL5Nectar= 79.8311215359718
CLDPollen= 5.58464712649584
CLDNectar= 51.1992717627436
CA13Pollen= 3.36835543466732
CA13Nectar= 81.5391231700778
CA410Pollen= 6.76155002226587
CA410Nectar= 190.193386776373
CA1120Pollen= 0.103340338217095
CA1120Nectar= 41.3583161495626
IPollenTrips= 11.6003968729638
INectarTrips= 8.78749654162675
IPollenLoad= 6.0263612633571
INectarLoad= 8.37146271718666
ESoilP= 1.21568435546942
ESoilFoc= 0.0176334098710213
