ICQueenStrength= 4.85703737195581
RQWkrDrnRatio= 3.69720513839275
ICDroneMiteSurvivorship= 83.4385372465476
ICWorkerMiteSurvivorship= 71.1237764451653
ICForagerLifespan= 6.65380514226854
ImmType= Cosine
RQQueenStrength= 3.66723064053804
RQEnableReQueen=true
AIAdultSlope= 5.81627585738897
AIAdultLD50= 0.514177182408748
AIAdultSlopeContact= 8.26786216208711
AIAdultLD50Contact= 82.9282653594278
AILarvaSlope= 2.0150909461081
AILarvaLD50= 46.8657885957099
AIKOW= 47868.7315457993
AIKOC= 43363.9455410517
AIHalfLife= 8.31380496781785
EAppRate= 1.35267264914094
FoliarEnabled=true
FoliarAppDate= 07/01/1989
FoliarForageBegin= 07/01/1989
FoliarForageEnd= 07/14/1989
AIContactFactor= 0.715969536541961
CL4Pollen= 0.603592791594565
CL4Nectar= 15.8100690692663
CL5Pollen= 2.5336440349929
CL5Nectar= 87.8318497329019
CLDPollen= 2.98763584904373
CLDNectar= 8.42176243895665
CA13Pollen= 6.44977197265252
CA13Nectar= 29.0014503523707
CA410Pollen= 4.91972080725245
CA410Nectar= 115.733323483728
CA1120Pollen= 1.11158161167987
CA1120Nectar= 79.1391566582024
IPollenTrips= 11.2389162345789
INectarTrips= 13.8824869738892
IPollenLoad= 5.87496414780617
INectarLoad= 4.69789841910824
