ICQueenStrength= 2.79250250337645
RQWkrDrnRatio= 1.91823783051223
ICDroneMiteSurvivorship= 97.1753031248227
ICWorkerMiteSurvivorship= 55.6210040347651
ICForagerLifespan= 8.15513908024877
ImmType= Tangent
AIAdultSlope= 0.624504331473727
AIAdultLD50= 0.0120126114692539
AIAdultSlopeContact= 1.21936387350317
AIAdultLD50Contact= 0.0480966111645103
AILarvaSlope= 2.22760720909573
AILarvaLD50= 0.625130596593954
AIKOW= 4.33423561509699
AIKOC= 11.2801064224914
AIHalfLife= 2.78687790213153
EAppRate= 1.16576611530036
FoliarEnabled= true
