ICQueenStrength= 5.33422610978596
RQWkrDrnRatio= 2.36100814584643
ICDroneMiteSurvivorship= 91.8966478900984
ICWorkerMiteSurvivorship= 21.3317485991865
ICForagerLifespan= 12.4305532099679
ImmType= Sine
RQQueenStrength= 4.72113138320856
RQEnableReQueen= true
AIAdultSlope= 3.42361850477755
AIAdultLD50= 56.9235717731076
AIAdultSlopeContact= 5.84843669342808
AIAdultLD50Contact= 73.0972718854735
AILarvaSlope= 3.26693214289844
AILarvaLD50= 81.4521330485088
AIKOW= 84698.5388481822
AIKOC= 57227.224762337
AIHalfLife= 10.8572094674222
EAppRate= 1.74005766236642
FoliarEnabled= true
FoliarAppDate= 06/07/1989
FoliarForageBegin= 06/05/1989
FoliarForageEnd= 06/28/1989
AIContactFactor= 2.08764648018405
CL4Pollen= 3.61328101437539
CL4Nectar= 66.7637893231586
CL5Pollen= 5.73901019431651
CL5Nectar= 23.455384047702
CLDPollen= 4.81855679070577
CLDNectar= 52.6369898929261
CA13Pollen= 6.78572034072131
CA13Nectar= 65.9916349500418
CA410Pollen= 9.07233431350905
CA410Nectar= 73.1180558213964
CA1120Pollen= 1.90373981930315
CA1120Nectar= 90.4191925190389
IPollenTrips= 11.96196900215
INectarTrips= 9.95838795322925
IPollenLoad= 8.73151138192043
INectarLoad= 9.56663126125932
