ICQueenStrength= 4.19821948884055
RQWkrDrnRatio= 2.57674279808998
ICDroneMiteSurvivorship= 5.02608495298773
ICWorkerMiteSurvivorship= 65.4076428385451
ICForagerLifespan= 4.6088548861444
ImmType= Cosine
RQQueenStrength= 2.04809357319027
RQEnableReQueen= true
AIAdultSlope= 8.77365538105369
AIAdultLD50= 73.98692864554
AIAdultSlopeContact= 7.35695207701065
AIAdultLD50Contact= 9.07598142417008
AILarvaSlope= 3.45473515614867
AILarvaLD50= 94.0559093838793
AIKOW= 30070.7463720787
AIKOC= 87230.7923712712
AIHalfLife= 5.10683211903088
EAppRate= 0.307563635532046
FoliarEnabled= true
FoliarAppDate= 06/07/1989
FoliarForageBegin= 06/05/1989
FoliarForageEnd= 06/28/1989
AIContactFactor= 1.51166434451472
CL4Pollen= 0.29782578907907
CL4Nectar= 33.7012854637578
CL5Pollen= 0.368400004226714
CL5Nectar= 81.9187779910862
CLDPollen= 3.69224600773305
CLDNectar= 30.8558913529851
CA13Pollen= 6.63256596289575
CA13Nectar= 77.5341498479247
CA410Pollen= 3.78835780674126
CA410Nectar= 108.015428897925
CA1120Pollen= 1.57770804665051
CA1120Nectar= 61.561954151839
IPollenTrips= 14.0168865327723
INectarTrips= 8.70104613248259
IPollenLoad= 7.07187255378813
INectarLoad= 4.8712054011412
