ICQueenStrength= 5.65353473089635
RQWkrDrnRatio= 2.75690360087901
ICDroneMiteSurvivorship= 7.66068960074335
ICWorkerMiteSurvivorship= 48.6829404020682
ICForagerLifespan= 4.6317981639877
ImmType= Polynomial
AIAdultSlope= 0.490613953708671
AIAdultLD50= 0.0279737283475697
AIAdultSlopeContact= 0.984684432330541
AIAdultLD50Contact= 0.0349836652516387
AILarvaSlope= 1.77377527612261
AILarvaLD50= 0.323962643207051
AIKOW= 5.71584972925484
AIKOC= 25.0135244638659
AIHalfLife= 0.900264458404854
EAppRate= 0.213626434560865
FoliarEnabled= true
