ICQueenStrength= 2.23388036969118
RQWkrDrnRatio= 3.10668848734349
ICDroneMiteSurvivorship= 36.5997681161389
ICWorkerMiteSurvivorship= 55.6807462126017
ICForagerLifespan= 11.7876866785809
ImmType= Polynomial
RQQueenStrength= 2.51561379316263
RQEnableReQueen= true
AIAdultSlope= 8.48739558272064
AIAdultLD50= 74.0980790439432
AIAdultSlopeContact= 2.82154893595725
AIAdultLD50Contact= 79.0833283386172
AILarvaSlope= 2.23779836110771
AILarvaLD50= 24.1204392711883
AIKOW= 39293.9350737862
AIKOC= 3555.83040205901
AIHalfLife= 22.3462507899385
EAppRate= 1.62853078875598
FoliarEnabled= true
FoliarAppDate= 06/07/1989
FoliarForageBegin= 06/05/1989
FoliarForageEnd= 06/28/1989
AIContactFactor= 2.11906481476966
CL4Pollen= 2.32602063193917
CL4Nectar= 23.7961363280192
CL5Pollen= 4.1460950220935
CL5Nectar= 109.858423098922
CLDPollen= 3.60527667123824
CLDNectar= 100.807069789153
CA13Pollen= 4.60107173193246
CA13Nectar= 75.5778336152434
CA410Pollen= 7.47154403959867
CA410Nectar= 55.8807201450691
CA1120Pollen= 1.81645713094622
CA1120Nectar= 39.9782406166196
IPollenTrips= 9.8106086673215
INectarTrips= 14.1580530884676
IPollenLoad= 7.36341737443581
INectarLoad= 1.93618355784565
