ICQueenStrength= 3.48120467877015
RQWkrDrnRatio= 2.26200885605067
ICDroneMiteSurvivorship= 45.0468906899914
ICWorkerMiteSurvivorship= 39.0898255398497
ICForagerLifespan= 6.6152643635869
ImmType= Cosine
RQQueenStrength= 4.18410874227993
RQEnableReQueen= true
AIAdultSlope= 1.33856794983149
AIAdultLD50= 93.0248344512831
AIAdultSlopeContact= 4.64622639212757
AIAdultLD50Contact= 8.71883796883328
AILarvaSlope= 2.15551453270018
AILarvaLD50= 82.5854950944823
AIKOW= 21043.2676858412
AIKOC= 38704.7235710553
AIHalfLife= 13.3246844125679
EAppRate= 7.66220352294832
FoliarEnabled= true
FoliarAppDate= 06/07/1989
FoliarForageBegin= 06/05/1989
FoliarForageEnd= 06/28/1989
AIContactFactor= 1.7995178940054
CL4Pollen= 0.0871651200577617
CL4Nectar= 89.1858543269336
CL5Pollen= 3.45159558998421
CL5Nectar= 112.755613401532
CLDPollen= 0.0144584937952459
CLDNectar= 83.8389549753629
CA13Pollen= 6.85329353697598
CA13Nectar= 57.615198418498
CA410Pollen= 4.41897323769517
CA410Nectar= 63.3725387929007
CA1120Pollen= 1.64595449971966
CA1120Nectar= 72.1894932724535
IPollenTrips= 14.8455104511231
INectarTrips= 8.03371046902612
IPollenLoad= 6.49344099219888
INectarLoad= 2.38101426046342
ESoilP= 1.61209645844065
ESoilFoc= 0.0143806749407668
