ICQueenStrength= 1.1138931280002
RQWkrDrnRatio= 4.26753990724683
ICDroneMiteSurvivorship= 29.713846789673
ICWorkerMiteSurvivorship= 20.4033414134756
ICForagerLifespan= 4.67799947131425
ImmType= Sine
RQQueenStrength= 2.88619437627494
RQEnableReQueen= true
AIAdultSlope= 8.715595850721
AIAdultLD50= 89.5500938698042
AIAdultSlopeContact= 9.23254269873723
AIAdultLD50Contact= 30.5758421948857
AILarvaSlope= 3.90749259106815
AILarvaLD50= 43.0942897931868
AIKOW= 51415.6793399735
AIKOC= 89221.723617072
AIHalfLife= 7.96027334472164
EAppRate= 3.86200364749203
FoliarEnabled= true
FoliarAppDate= 06/07/1989
FoliarForageBegin= 06/05/1989
FoliarForageEnd= 06/28/1989
AIContactFactor= 2.08496904924512
CL4Pollen= 3.21033777855337
CL4Nectar= 77.2258676355705
CL5Pollen= 4.60504153417423
CL5Nectar= 62.1478392742574
CLDPollen= 3.30983818508685
CLDNectar= 66.2003307254054
CA13Pollen= 6.51905726203695
CA13Nectar= 90.5342549830675
CA410Pollen= 2.65630178535357
CA410Nectar= 86.4633778901771
CA1120Pollen= 2.83203453663737
CA1120Nectar= 75.2715681493282
IPollenTrips= 14.3549075885676
INectarTrips= 9.11689246771857
IPollenLoad= 0.229346582200378
INectarLoad= 6.38998781330884
ESoilP= 1.38708688830957
ESoilFoc= 0.0178123368832748
