ICQueenStrength= 1.23647598689422
RQWkrDrnRatio= 2.06527865491807
ICDroneMiteSurvivorship= 69.3216138053685
ICWorkerMiteSurvivorship= 88.0260434933007
ICForagerLifespan= 10.6843444630504
ImmType= Sine
RQQueenStrength= 2.07494920841418
RQEnableReQueen= true
AIAdultSlope= 4.59611448086798
AIAdultLD50= 30.1298550632512
AIAdultSlopeContact= 8.47352213924751
AIAdultLD50Contact= 36.6836598243792
AILarvaSlope= 4.25984769314528
AILarvaLD50= 38.9898435195144
AIKOW= 64546.5268583857
AIKOC= 56551.1635346287
AIHalfLife= 7.98441645472776
EAppRate= 1.04478495899471
FoliarEnabled= true
FoliarAppDate= 06/07/1989
FoliarForageBegin= 06/05/1989
FoliarForageEnd= 06/28/1989
AIContactFactor= 1.95541259876918
CL4Pollen= 3.06288515403867
CL4Nectar= 98.2755392789841
CL5Pollen= 3.29283195035532
CL5Nectar= 28.8468565559015
CLDPollen= 5.43473692936823
CLDNectar= 12.9025729140267
CA13Pollen= 5.79415353089571
CA13Nectar= 38.3079029805958
CA410Pollen= 3.09786232116167
CA410Nectar= 153.330980646424
CA1120Pollen= 1.85627496801317
CA1120Nectar= 47.180316708982
IPollenTrips= 14.6979506826028
INectarTrips= 5.25514960521832
IPollenLoad= 3.11165335122496
INectarLoad= 3.52279503596947
ESoilP= 1.41802318487316
ESoilFoc= 0.0140218406149652
