ICQueenStrength= 4.954967596801
RQWkrDrnRatio= 3.23011698387563
ICDroneMiteSurvivorship= 75.8076070807874
ICWorkerMiteSurvivorship= 9.61106424219906
ICForagerLifespan= 12.641456506215
ImmType= Polynomial
RQQueenStrength= 1.30644162674434
RQEnableReQueen= true
AIAdultSlope= 8.70518758147955
AIAdultLD50= 73.9492108542619
AIAdultSlopeContact= 5.57160450960509
AIAdultLD50Contact= 30.6492769905969
AILarvaSlope= 5.36499412916601
AILarvaLD50= 18.5019857594888
AIKOW= 78162.1553421216
AIKOC= 60549.714391541
AIHalfLife= 23.0231990884291
EAppRate= 6.18495673930156
FoliarEnabled= true
FoliarAppDate= 06/07/1989
FoliarForageBegin= 06/05/1989
FoliarForageEnd= 06/28/1989
AIContactFactor= 1.7902500330098
CL4Pollen= 1.20325294416398
CL4Nectar= 76.2052380479872
CL5Pollen= 0.74846510309726
CL5Nectar= 62.4656824744307
CLDPollen= 5.08264687238261
CLDNectar= 67.234396096319
CA13Pollen= 4.15387609908357
CA13Nectar= 37.0537165924907
CA410Pollen= 3.91637146081775
CA410Nectar= 59.5277279987931
CA1120Pollen= 1.97535228542984
CA1120Nectar= 69.9963168986142
IPollenTrips= 6.10983263002709
INectarTrips= 9.62876112898812
IPollenLoad= 0.11579173617065
INectarLoad= 6.92779175005853
