ICQueenStrength= 5.57771300105378
RQWkrDrnRatio= 1.52707292512059
ICDroneMiteSurvivorship= 67.1407501213253
ICWorkerMiteSurvivorship= 4.11741994321346
ICForagerLifespan= 5.2729720370844
ImmType= Sine
RQQueenStrength= 4.53810127475299
RQEnableReQueen= true
AIAdultSlope= 5.50318228825927
AIAdultLD50= 38.3210552197411
AIAdultSlopeContact= 2.75449656671844
AIAdultLD50Contact= 74.2109488328896
AILarvaSlope= 5.64530846104026
AILarvaLD50= 96.6726230483458
AIKOW= 24162.6874012596
AIKOC= 14860.6117920594
AIHalfLife= 28.040006134077
EAppRate= 8.35279072908429
FoliarEnabled= true
FoliarAppDate= 06/07/1989
FoliarForageBegin= 06/05/1989
FoliarForageEnd= 06/28/1989
AIContactFactor= 2.08003241032828
CL4Pollen= 1.20100095495582
CL4Nectar= 77.5755575392395
CL5Pollen= 1.3720685779117
CL5Nectar= 1.95266887312755
CLDPollen= 2.05768783343956
CLDNectar= 2.16614494565874
CA13Pollen= 5.25156178306788
CA13Nectar= 83.9961013384163
CA410Pollen= 5.60994087762665
CA410Nectar= 100.858445405029
CA1120Pollen= 0.24889037408866
CA1120Nectar= 63.9425928890705
IPollenTrips= 12.025593528524
INectarTrips= 9.56459998618811
IPollenLoad= 1.06935475254431
INectarLoad= 6.58994323108345
ESoilP= 1.95981983328238
ESoilFoc= 0.0184472338885535
