ICQueenStrength= 4.67146873613819
RQWkrDrnRatio= 2.09011026844382
ICDroneMiteSurvivorship= 32.9697402194142
ICWorkerMiteSurvivorship= 27.8778505045921
ICForagerLifespan= 13.7142750658095
ImmType= Logarithmic
RQQueenStrength= 3.04635887523182
RQEnableReQueen= true
AIAdultSlope= 6.88304698839784
AIAdultLD50= 70.4980185751629
AIAdultSlopeContact= 6.18820591853
AIAdultLD50Contact= 29.3812464416728
AILarvaSlope= 6.69456858187914
AILarvaLD50= 73.8324218197176
AIKOW= 90279.1919827125
AIKOC= 9677.45610105689
AIHalfLife= 20.6611615189584
EAppRate= 2.29443431744468
FoliarEnabled= true
FoliarAppDate= 06/07/1989
FoliarForageBegin= 06/05/1989
FoliarForageEnd= 06/28/1989
AIContactFactor= 1.55231753401924
CL4Pollen= 3.35745337046683
CL4Nectar= 89.7135530598462
CL5Pollen= 1.64692349312827
CL5Nectar= 13.5743146995082
CLDPollen= 3.53656030772254
CLDNectar= 60.9291024156846
CA13Pollen= 6.53988598408177
CA13Nectar= 73.3072622306645
CA410Pollen= 4.82218984486535
CA410Nectar= 140.127227832563
CA1120Pollen= 2.01221954799257
CA1120Nectar= 46.6684593632817
IPollenTrips= 8.78263863036409
INectarTrips= 9.84224971849471
IPollenLoad= 0.779200661927462
INectarLoad= 6.4946670201607
ESoilP= 1.09748699190095
ESoilFoc= 0.0191103491168469
