ICQueenStrength= 5.45524464477785
RQWkrDrnRatio= 2.56333524826914
ICDroneMiteSurvivorship= 36.5950025618076
ICWorkerMiteSurvivorship= 22.6169757777825
ICForagerLifespan= 9.93776018638164
ImmType= Polynomial
RQQueenStrength= 1.12370872311294
RQEnableReQueen= true
AIAdultSlope= 2.74693859927356
AIAdultLD50= 4.9285846126806
AIAdultSlopeContact= 3.06778010725975
AIAdultLD50Contact= 46.5358655876599
AILarvaSlope= 3.7726271469146
AILarvaLD50= 3.34490215088148
AIKOW= 71484.7487041746
AIKOC= 28583.1220360068
AIHalfLife= 29.4982685344992
EAppRate= 0.994759420442628
FoliarEnabled= true
FoliarAppDate= 06/07/1989
FoliarForageBegin= 06/05/1989
FoliarForageEnd= 06/28/1989
AIContactFactor= 0.285760059752502
CL4Pollen= 3.4035149673
CL4Nectar= 90.9641809295863
CL5Pollen= 3.01869127666578
CL5Nectar= 83.2869873731397
CLDPollen= 2.21179414959624
CLDNectar= 88.7602510512806
CA13Pollen= 2.24494070401415
CA13Nectar= 56.1964686587453
CA410Pollen= 3.3529998740647
CA410Nectar= 146.424289750867
CA1120Pollen= 0.948300712974742
CA1120Nectar= 90.082498434931
IPollenTrips= 8.95084575749934
INectarTrips= 9.31598029332235
IPollenLoad= 5.29555373359472
INectarLoad= 9.23790612258017
