ICQueenStrength= 2.65120704565197
RQWkrDrnRatio= 2.32375555112958
ICDroneMiteSurvivorship= 54.1789861163124
ICWorkerMiteSurvivorship= 2.0577962975949
ICForagerLifespan= 13.136938828975
ImmType= Logarithmic
RQQueenStrength= 1.3130614827387
RQEnableReQueen= true
AIAdultSlope= 1.87879227474332
AIAdultLD50= 98.8503199254342
AIAdultSlopeContact= 8.50347156566568
AIAdultLD50Contact= 1.46464337680093
AILarvaSlope= 2.71343155764043
AILarvaLD50= 56.9960656164652
AIKOW= 7161.71634237822
AIKOC= 37089.3499392238
AIHalfLife= 9.68234199469443
EAppRate= 4.99278271536529
FoliarEnabled= true
FoliarAppDate= 06/07/1989
FoliarForageBegin= 06/05/1989
FoliarForageEnd= 06/28/1989
AIContactFactor= 0.796554310526699
CL4Pollen= 1.47520646546036
CL4Nectar= 50.0653187278658
CL5Pollen= 4.82771678175777
CL5Nectar= 123.126523161773
CLDPollen= 1.44892117800191
CLDNectar= 109.36875710031
CA13Pollen= 7.58072795048356
CA13Nectar= 51.5977530553937
CA410Pollen= 4.80993509283289
CA410Nectar= 179.685022262856
CA1120Pollen= 0.510655042016879
CA1120Nectar= 63.4863137453794
IPollenTrips= 12.5333565217443
INectarTrips= 6.60302323987707
IPollenLoad= 0.192825549747795
INectarLoad= 8.84438854642212
ESoilP= 1.09552578022704
ESoilFoc= 0.00528171793976799
