ICQueenStrength= 4.29762702458538
RQWkrDrnRatio= 1.24322740733624
ICDroneMiteSurvivorship= 82.6670675771311
ICWorkerMiteSurvivorship= 7.60630897711962
ICForagerLifespan= 5.97585304267704
ImmType= Tangent
RQQueenStrength= 5.63430276256986
RQEnableReQueen= true
AIAdultSlope= 2.193424673751
AIAdultLD50= 9.50911759693897
AIAdultSlopeContact= 9.67135343258269
AIAdultLD50Contact= 42.8090149440495
AILarvaSlope= 2.00568458624184
AILarvaLD50= 47.2601591566503
AIKOW= 57014.0608032984
AIKOC= 28179.2312649488
AIHalfLife= 20.085874428018
EAppRate= 8.18749601309863
FoliarEnabled= true
FoliarAppDate= 06/07/1989
FoliarForageBegin= 06/05/1989
FoliarForageEnd= 06/28/1989
AIContactFactor= 1.87433026576415
CL4Pollen= 0.964028556831181
CL4Nectar= 0.729045178741217
CL5Pollen= 5.93327352264896
CL5Nectar= 95.1680196099915
CLDPollen= 4.44787397794425
CLDNectar= 48.2717510894872
CA13Pollen= 4.9578048100695
CA13Nectar= 58.0264841392636
CA410Pollen= 3.06984232659452
CA410Nectar= 75.8838708000258
CA1120Pollen= 0.664022165816277
CA1120Nectar= 37.8206964582205
IPollenTrips= 8.7193789659068
INectarTrips= 10.3756107622758
IPollenLoad= 6.97960139717907
INectarLoad= 4.34034858364612
