ICQueenStrength= 2.78912651143037
RQWkrDrnRatio= 3.57181535102427
ICDroneMiteSurvivorship= 56.9887184305117
ICWorkerMiteSurvivorship= 92.1267081983387
ICForagerLifespan= 8.51951416861266
ImmType= Sine
RQQueenStrength= 1.20934014115483
RQEnableReQueen= true
AIAdultSlope= 4.44166278839111
AIAdultLD50= 0.784914595654001
AIAdultSlopeContact= 6.25499978777952
AIAdultLD50Contact= 39.5265228911391
AILarvaSlope= 1.32558082416654
AILarvaLD50= 89.7854510033331
AIKOW= 45320.1784949766
AIKOC= 90614.5478613048
AIHalfLife= 1.88646378442645
EAppRate= 6.89342198160919
FoliarEnabled= true
FoliarAppDate= 09/01/1989
FoliarForageBegin= 09/01/1989
FoliarForageEnd= 09/08/1989
AIContactFactor= 1.15409069144167
CL4Pollen= 0.811371562071145
CL4Nectar= 57.6110911089927
CL5Pollen= 1.70108898729086
CL5Nectar= 109.434216481168
CLDPollen= 5.98617232684046
CLDNectar= 23.7599336542189
CA13Pollen= 7.80643866658211
CA13Nectar= 35.6286729127169
CA410Pollen= 2.7038932595402
CA410Nectar= 90.9458633838221
CA1120Pollen= 2.52439985261299
CA1120Nectar= 26.7510945908725
IPollenTrips= 11.0385602689348
INectarTrips= 14.2901774984784
IPollenLoad= 9.85324896173552
INectarLoad= 3.59244019724429
