ICQueenStrength= 3.69634646736085
RQWkrDrnRatio= 2.98096981272101
ICDroneMiteSurvivorship= 27.7794550405815
ICWorkerMiteSurvivorship= 30.6509384186938
ICForagerLifespan= 13.8849240597337
ImmType= Logarithmic
RQQueenStrength= 1.39591562561691
RQEnableReQueen=true
AIAdultSlope= 8.38115568645298
AIAdultLD50= 0.336482927148463
AIAdultSlopeContact= 6.41755440086126
AIAdultLD50Contact= 61.6346700570667
AILarvaSlope= 2.78165245987475
AILarvaLD50= 96.9062586725939
AIKOW= 52818.4852712574
AIKOC= 37914.918633319
AIHalfLife= 12.1966059018858
EAppRate= 9.94378861855227
FoliarEnabled=true
FoliarAppDate= 07/01/1989
FoliarForageBegin= 07/01/1989
FoliarForageEnd= 07/14/1989
AIContactFactor= 1.5375250318693
CL4Pollen= 1.18848150409758
CL4Nectar= 82.7276676893234
CL5Pollen= 4.8249087324366
CL5Nectar= 13.3845862699673
CLDPollen= 5.78187320474535
CLDNectar= 35.7288395287469
CA13Pollen= 6.90765181211755
CA13Nectar= 61.711955294013
CA410Pollen= 5.96243499382399
CA410Nectar= 144.104446670972
CA1120Pollen= 0.808993665268645
CA1120Nectar= 42.5990285910666
IPollenTrips= 8.71342180529609
INectarTrips= 14.7487121075392
IPollenLoad= 0.799224548973143
INectarLoad= 0.501112914644182
