ICQueenStrength= 4.17036247230135
RQWkrDrnRatio= 3.20336347352713
ICDroneMiteSurvivorship= 69.5796102751046
ICWorkerMiteSurvivorship= 13.3340362459421
ICForagerLifespan= 4.20394257549196
ImmType= Sine
RQQueenStrength= 1.42763106175698
RQEnableReQueen= true
AIAdultSlope= 3.74037482589483
AIAdultLD50= 11.2953367350567
AIAdultSlopeContact= 3.18412635684945
AIAdultLD50Contact= 79.9907324137383
AILarvaSlope= 7.56199113465846
AILarvaLD50= 14.6511241428002
AIKOW= 1116.05752500104
AIKOC= 60215.4094847476
AIHalfLife= 10.5709107644856
EAppRate= 0.488578191286419
FoliarEnabled= true
FoliarAppDate= 06/07/1989
FoliarForageBegin= 06/05/1989
FoliarForageEnd= 06/28/1989
AIContactFactor= 1.94615001133177
CL4Pollen= 1.04275820683688
CL4Nectar= 21.4682823047042
CL5Pollen= 0.860438028350472
CL5Nectar= 112.02880848432
CLDPollen= 1.33080589771271
CLDNectar= 28.5539380623959
CA13Pollen= 7.27267482718453
CA13Nectar= 74.1107752919197
CA410Pollen= 9.43753032756504
CA410Nectar= 58.2359911827371
CA1120Pollen= 2.62242985912599
CA1120Nectar= 81.8885178677738
IPollenTrips= 6.5913740452379
INectarTrips= 11.5178307099268
IPollenLoad= 1.70847999863327
INectarLoad= 1.29951518261805
