ICQueenStrength= 3.18725260160863
RQWkrDrnRatio= 1.2155988086015
ICDroneMiteSurvivorship= 3.60349984839559
ICWorkerMiteSurvivorship= 52.7476776158437
ICForagerLifespan= 8.37098762113601
ImmType= Exponential
RQQueenStrength= 3.3122691726312
RQEnableReQueen=true
AIAdultSlope= 5.44017962366343
AIAdultLD50= 0.450978562121745
AIAdultSlopeContact= 7.87148923869245
AIAdultLD50Contact= 71.6355624272255
AILarvaSlope= 2.8398375660181
AILarvaLD50= 10.0555275390642
AIKOW= 46220.7151339458
AIKOC= 38059.6882064682
AIHalfLife= 18.0778458230197
EAppRate= 9.08486541281943
FoliarEnabled=true
FoliarAppDate= 07/01/1989
FoliarForageBegin= 07/01/1989
FoliarForageEnd= 07/14/1989
AIContactFactor= 2.26062763708178
CL4Pollen= 1.82838776987046
CL4Nectar= 9.48937106877565
CL5Pollen= 1.37556465156376
CL5Nectar= 135.506637487561
CLDPollen= 1.30346396751702
CLDNectar= 122.320444753859
CA13Pollen= 5.60481005981564
CA13Nectar= 35.7001015357673
CA410Pollen= 4.46758709868882
CA410Nectar= 41.7842726409435
CA1120Pollen= 1.32077413494699
CA1120Nectar= 51.7979656904936
IPollenTrips= 13.2294069114141
INectarTrips= 5.73397640138865
IPollenLoad= 0.53909435402602
INectarLoad= 6.93208978045732
