ICQueenStrength= 1.80466917483136
RQWkrDrnRatio= 3.48965982813388
ICDroneMiteSurvivorship= 38.1060029845685
ICWorkerMiteSurvivorship= 69.4413116201758
ICForagerLifespan= 7.68313429504633
ImmType= Logarithmic
AIAdultSlope= 3.83342956796754
AIAdultLD50= 0.128199389204383
AIAdultSlopeContact= 0.266663472270593
AIAdultLD50Contact= 0.0210502437083051
AILarvaSlope= 1.97260482884012
AILarvaLD50= 0.373010848928243
AIKOW= 4.34185862354934
AIKOC= 14.9377631617244
AIHalfLife= 1.15296771964058
EAppRate= 5.72247917531058
FoliarEnabled= true
