ICQueenStrength= 5.94638139032759
RQWkrDrnRatio= 2.58290807344019
ICDroneMiteSurvivorship= 24.2095743538812
ICWorkerMiteSurvivorship= 2.64050825498998
ICForagerLifespan= 12.7800889601931
ImmType= Sine
RQQueenStrength= 1.09471886092797
RQEnableReQueen= true
AIAdultSlope= 1.84606119804084
AIAdultLD50= 48.5484419739081
AIAdultSlopeContact= 1.11934007890522
AIAdultLD50Contact= 34.3007251365546
AILarvaSlope= 3.17935417592525
AILarvaLD50= 35.1406213401256
AIKOW= 4539.27053606026
AIKOC= 25998.1257580409
AIHalfLife= 14.6759363413556
EAppRate= 1.7608452574166
FoliarEnabled= true
FoliarAppDate= 06/07/1989
FoliarForageBegin= 06/05/1989
FoliarForageEnd= 06/28/1989
AIContactFactor= 1.27507201490924
CL4Pollen= 1.58439559582621
CL4Nectar= 77.9607792384923
CL5Pollen= 4.48207028210163
CL5Nectar= 4.63846953352913
CLDPollen= 1.59379700291902
CLDNectar= 65.4408878996037
CA13Pollen= 3.79024663828313
CA13Nectar= 50.8243357390165
CA410Pollen= 8.45772085764911
CA410Nectar= 118.669148478657
CA1120Pollen= 0.818853930104524
CA1120Nectar= 38.1455479934812
IPollenTrips= 12.4138916144148
INectarTrips= 6.32402630522847
IPollenLoad= 3.32743509206921
INectarLoad= 9.85604925546795
ESoilP= 1.76008635736071
ESoilFoc= 0.00889203040814027
