ICQueenStrength= 5.01727094780654
RQWkrDrnRatio= 3.67781229130924
ICDroneMiteSurvivorship= 15.7555841375142
ICWorkerMiteSurvivorship= 79.86271136906
ICForagerLifespan= 9.29261070676148
ImmType= Polynomial
RQQueenStrength= 1.84366225171834
RQEnableReQueen= true
AIAdultSlope= 5.92796812392771
AIAdultLD50= 97.3823288756523
AIAdultSlopeContact= 6.34031728375703
AIAdultLD50Contact= 8.98364055016171
AILarvaSlope= 1.9421968087554
AILarvaLD50= 38.7276128528886
AIKOW= 52872.1443007844
AIKOC= 18061.5996622224
AIHalfLife= 25.7914899713127
EAppRate= 9.72861562863854
FoliarEnabled= true
FoliarAppDate= 06/07/1989
FoliarForageBegin= 06/05/1989
FoliarForageEnd= 06/28/1989
AIContactFactor= 1.52769212734886
CL4Pollen= 1.12752817198634
CL4Nectar= 74.3579613510519
CL5Pollen= 1.7118310094811
CL5Nectar= 66.2606262601912
CLDPollen= 4.77016140008345
CLDNectar= 127.328049077187
CA13Pollen= 6.74610555665567
CA13Nectar= 23.8975956477225
CA410Pollen= 4.51195170525461
CA410Nectar= 149.598944336176
CA1120Pollen= 1.89723246381618
CA1120Nectar= 78.8525445759296
IPollenTrips= 13.1923037441447
INectarTrips= 13.8303966354579
IPollenLoad= 2.52730575855821
INectarLoad= 1.46975344279781
