ICQueenStrength= 5.2360267881304
RQWkrDrnRatio= 3.84603411983699
ICDroneMiteSurvivorship= 84.7062664106488
ICWorkerMiteSurvivorship= 15.1312101865187
ICForagerLifespan= 7.55738361366093
ImmType= Sine
RQQueenStrength= 3.27928436594084
RQEnableReQueen= true
AIAdultSlope= 3.44251819327474
AIAdultLD50= 86.3099804585199
AIAdultSlopeContact= 1.22637177514844
AIAdultLD50Contact= 11.7640503316836
AILarvaSlope= 3.8345498777926
AILarvaLD50= 84.1480395624705
AIKOW= 31250.9674410074
AIKOC= 40664.7132143022
AIHalfLife= 17.2720469785156
EAppRate= 2.24418429672322
FoliarEnabled= true
FoliarAppDate= 06/07/1989
FoliarForageBegin= 06/05/1989
FoliarForageEnd= 06/28/1989
AIContactFactor= 2.19937572097871
CL4Pollen= 0.291673596948385
CL4Nectar= 43.1876030284911
CL5Pollen= 5.66029265010729
CL5Nectar= 41.2032231688499
CLDPollen= 5.79279910912737
CLDNectar= 40.4595498810522
CA13Pollen= 6.14303150288761
CA13Nectar= 67.3087342269719
CA410Pollen= 5.0602853984572
CA410Nectar= 67.2432583011687
CA1120Pollen= 1.22825749637559
CA1120Nectar= 60.2993594110012
IPollenTrips= 12.7415114291944
INectarTrips= 10.5903020733967
IPollenLoad= 0.619332005735487
INectarLoad= 9.47269739117473
