ICQueenStrength= 3.48611131915823
RQWkrDrnRatio= 4.33640912827104
ICDroneMiteSurvivorship= 24.0334475645795
ICWorkerMiteSurvivorship= 24.1540675517172
ICForagerLifespan= 13.2084358623251
ImmType= Tangent
RQQueenStrength= 4.9879953104537
RQEnableReQueen= true
AIAdultSlope= 7.18369846604764
AIAdultLD50= 13.9806275351115
AIAdultSlopeContact= 6.32913134479895
AIAdultLD50Contact= 67.4914638616513
AILarvaSlope= 3.79633190855384
AILarvaLD50= 18.4716925605102
AIKOW= 18637.7731023389
AIKOC= 3432.05584285222
AIHalfLife= 13.8577909041895
EAppRate= 2.83121317122737
FoliarEnabled= true
FoliarAppDate= 06/07/1989
FoliarForageBegin= 06/05/1989
FoliarForageEnd= 06/28/1989
AIContactFactor= 2.25800768414047
CL4Pollen= 3.93278979230672
CL4Nectar= 4.60434171836823
CL5Pollen= 3.23708510119468
CL5Nectar= 131.300437019672
CLDPollen= 1.2472401461564
CLDNectar= 89.5329367602244
CA13Pollen= 7.66921121515334
CA13Nectar= 86.8974467366934
CA410Pollen= 6.90904293220956
CA410Nectar= 132.162519097328
CA1120Pollen= 0.897938065929338
CA1120Nectar= 22.7822653576732
IPollenTrips= 10.0421102624387
INectarTrips= 6.30160534521565
IPollenLoad= 9.43201701156795
INectarLoad= 9.79320578277111
ESoilP= 1.55001467536204
ESoilFoc= 0.00535324855637737
