ICQueenStrength= 3.52274518366903
RQWkrDrnRatio= 1.43458396475762
ICDroneMiteSurvivorship= 71.2105104932562
ICWorkerMiteSurvivorship= 95.9163543069735
ICForagerLifespan= 13.0808040471748
ImmType= Tangent
RQQueenStrength= 2.42984288628213
RQEnableReQueen= true
AIAdultSlope= 4.93617933243513
AIAdultLD50= 59.5190221355639
AIAdultSlopeContact= 5.15798274427652
AIAdultLD50Contact= 5.72569933507429
AILarvaSlope= 3.17898269183934
AILarvaLD50= 27.9527625851866
AIKOW= 44210.5059654935
AIKOC= 14441.5735134818
AIHalfLife= 31.9630419959314
EAppRate= 9.3181492299689
FoliarEnabled= true
FoliarAppDate= 06/07/1989
FoliarForageBegin= 06/05/1989
FoliarForageEnd= 06/28/1989
AIContactFactor= 1.10508478664793
CL4Pollen= 1.4482070254162
CL4Nectar= 16.0140150459483
CL5Pollen= 5.18271009949967
CL5Nectar= 36.3201982690953
CLDPollen= 5.62773067457601
CLDNectar= 50.4407107131556
CA13Pollen= 4.82621021131053
CA13Nectar= 37.6857324130833
CA410Pollen= 9.46819821971003
CA410Nectar= 54.4256526837125
CA1120Pollen= 1.71267836680636
CA1120Nectar= 43.0478212051094
IPollenTrips= 9.03519489336759
INectarTrips= 11.1901002144441
IPollenLoad= 7.68466247012839
INectarLoad= 3.23596144560724
ESoilP= 1.80417300038971
ESoilFoc= 0.00702730093896389
