ICQueenStrength= 3.73688038578257
RQWkrDrnRatio= 2.46057266369462
ICDroneMiteSurvivorship= 95.0448423856869
ICWorkerMiteSurvivorship= 85.4346833657473
ICForagerLifespan= 10.5752466898412
ImmType= Polynomial
RQQueenStrength= 3.39271834958345
RQEnableReQueen= true
AIAdultSlope= 7.95142693817616
AIAdultLD50= 31.5712170263845
AIAdultSlopeContact= 2.34819902153686
AIAdultLD50Contact= 52.7874132584403
AILarvaSlope= 1.43799203634262
AILarvaLD50= 30.4365438776016
AIKOW= 43723.4546687907
AIKOC= 95331.8163982974
AIHalfLife= 28.3646452938672
EAppRate= 4.20357021191553
FoliarEnabled= true
FoliarAppDate= 06/07/1989
FoliarForageBegin= 06/05/1989
FoliarForageEnd= 06/28/1989
AIContactFactor= 0.316684157699347
CL4Pollen= 0.413211351260543
CL4Nectar= 26.741362689063
CL5Pollen= 2.70748512307182
CL5Nectar= 142.459047515877
CLDPollen= 1.15022388333455
CLDNectar= 75.6500825984403
CA13Pollen= 2.37097726278007
CA13Nectar= 71.2266462109983
CA410Pollen= 7.80419949414209
CA410Nectar= 50.8224496617913
CA1120Pollen= 2.08045368595049
CA1120Nectar= 33.5097146034241
IPollenTrips= 14.8942034156062
INectarTrips= 14.3494170391932
IPollenLoad= 4.81319671263918
INectarLoad= 3.92598967300728
