ICQueenStrength= 3.78734499937855
RQWkrDrnRatio= 3.14149543363601
ICDroneMiteSurvivorship= 5.90855807531625
ICWorkerMiteSurvivorship= 72.8380095679313
ICForagerLifespan= 9.34006348252296
ImmType= Logarithmic
RQQueenStrength= 2.91953842993826
RQEnableReQueen= true
AIAdultSlope= 6.25708037987351
AIAdultLD50= 31.2442540811216
AIAdultSlopeContact= 8.46872687968425
AIAdultLD50Contact= 60.9143675612095
AILarvaSlope= 2.85751667432487
AILarvaLD50= 38.6853840595663
AIKOW= 83098.2416074841
AIKOC= 56516.5973539928
AIHalfLife= 21.5058120462345
EAppRate= 2.29260897736554
FoliarEnabled= true
FoliarAppDate= 06/07/1989
FoliarForageBegin= 06/05/1989
FoliarForageEnd= 06/28/1989
AIContactFactor= 0.957728635789826
CL4Pollen= 0.241428975015879
CL4Nectar= 47.3553678253666
CL5Pollen= 3.75298102386296
CL5Nectar= 61.6797190974467
CLDPollen= 1.16051653912291
CLDNectar= 119.333847728558
CA13Pollen= 4.1818560583517
CA13Nectar= 76.4025110565126
CA410Pollen= 5.51623471265193
CA410Nectar= 161.473552067764
CA1120Pollen= 2.72989542013966
CA1120Nectar= 74.0580403059721
IPollenTrips= 14.1733643040061
INectarTrips= 14.2332474817522
IPollenLoad= 2.57548582274467
INectarLoad= 9.33975330321118
