ICQueenStrength= 4.95824775914662
RQWkrDrnRatio= 1.40541552659124
ICDroneMiteSurvivorship= 39.7570720873773
ICWorkerMiteSurvivorship= 31.9615318439901
ICForagerLifespan= 5.25122712831944
ImmType= Logarithmic
RQQueenStrength= 1.83843591157347
RQEnableReQueen= true
AIAdultSlope= 5.86988033540547
AIAdultLD50= 0.0194646103805862
AIAdultSlopeContact= 1.53701610164717
AIAdultLD50Contact= 25.8747333166653
AILarvaSlope= 7.02654016204178
AILarvaLD50= 89.101101553255
AIKOW= 97170.4372007605
AIKOC= 18826.9835639216
AIHalfLife= 10.8502114562783
EAppRate= 6.19701747826976
FoliarEnabled= true
FoliarAppDate= 09/01/1989
FoliarForageBegin= 09/01/1989
FoliarForageEnd= 09/08/1989
AIContactFactor= 2.07361178994179
CL4Pollen= 1.978654647246
CL4Nectar= 24.3929103016853
CL5Pollen= 1.87061430327594
CL5Nectar= 134.767242567614
CLDPollen= 5.59103089151904
CLDNectar= 98.7772339722142
CA13Pollen= 6.74480855772272
CA13Nectar= 75.8631996065378
CA410Pollen= 8.56590447416529
CA410Nectar= 124.749262351543
CA1120Pollen= 1.98006213759072
CA1120Nectar= 68.2665243558586
IPollenTrips= 6.70007369248196
INectarTrips= 5.58473082259297
IPollenLoad= 4.13889658171684
INectarLoad= 4.52552821487188
