ICQueenStrength= 5.88365115132183
RQWkrDrnRatio= 4.1588548514992
ICDroneMiteSurvivorship= 4.10672691650689
ICWorkerMiteSurvivorship= 9.6398230874911
ICForagerLifespan= 9.75091858487576
ImmType= Polynomial
RQQueenStrength= 3.76958949747495
RQEnableReQueen= true
AIAdultSlope= 8.58096244558692
AIAdultLD50= 81.4149356983639
AIAdultSlopeContact= 9.40779163292609
AIAdultLD50Contact= 23.751484016323
AILarvaSlope= 3.35642756335437
AILarvaLD50= 55.0958783451063
AIKOW= 29194.2241161252
AIKOC= 35680.4381198653
AIHalfLife= 21.3526780253276
EAppRate= 9.90961814825237
FoliarEnabled= true
FoliarAppDate= 06/07/1989
FoliarForageBegin= 06/05/1989
FoliarForageEnd= 06/28/1989
AIContactFactor= 2.05064561737701
CL4Pollen= 2.74272492248565
CL4Nectar= 16.8782186461613
CL5Pollen= 2.67575931223109
CL5Nectar= 114.333095925394
CLDPollen= 3.06160371517763
CLDNectar= 0.017925538122654
CA13Pollen= 5.7938556897454
CA13Nectar= 74.6484668366611
CA410Pollen= 3.85275557427667
CA410Nectar= 160.5976179149
CA1120Pollen= 1.26278608641587
CA1120Nectar= 50.5311846546829
IPollenTrips= 14.2119503533468
INectarTrips= 14.8383340984583
IPollenLoad= 5.86430825060233
INectarLoad= 9.13697085110471
