ICQueenStrength= 2.14793352317065
RQWkrDrnRatio= 3.96876267623156
ICDroneMiteSurvivorship= 42.9147635353729
ICWorkerMiteSurvivorship= 88.7222605757415
ICForagerLifespan= 13.8896148493513
ImmType= Exponential
RQQueenStrength= 4.70983991306275
RQEnableReQueen= true
AIAdultSlope= 8.32713002897799
AIAdultLD50= 20.3220262371788
AIAdultSlopeContact= 5.19664815138094
AIAdultLD50Contact= 91.9031427616365
AILarvaSlope= 2.22950749285519
AILarvaLD50= 43.4951523293268
AIKOW= 53989.1291320139
AIKOC= 25186.9092997888
AIHalfLife= 7.5599298936082
EAppRate= 9.62369472208666
FoliarEnabled= true
FoliarAppDate= 06/07/1989
FoliarForageBegin= 06/05/1989
FoliarForageEnd= 06/28/1989
AIContactFactor= 0.516883288477547
CL4Pollen= 3.77832115069032
CL4Nectar= 41.4675030158833
CL5Pollen= 5.29192338511348
CL5Nectar= 45.9335934603587
CLDPollen= 1.25175982201472
CLDNectar= 91.0819060401991
CA13Pollen= 2.98701932914555
CA13Nectar= 72.1222481876612
CA410Pollen= 4.15319013695698
CA410Nectar= 109.459195164964
CA1120Pollen= 1.20297290291637
CA1120Nectar= 88.7385890260339
IPollenTrips= 6.65377192664891
INectarTrips= 9.05285395914689
IPollenLoad= 3.77672065515071
INectarLoad= 3.89709492214024
