ICQueenStrength= 2.1807703608647
RQWkrDrnRatio= 2.92134486231953
ICDroneMiteSurvivorship= 80.8052106760442
ICWorkerMiteSurvivorship= 75.7802171399817
ICForagerLifespan= 5.43505681585521
ImmType= Polynomial
RQQueenStrength= 1.20934968348593
RQEnableReQueen=true
AIAdultSlope= 5.06879446655512
AIAdultLD50= 0.938007311684079
AIAdultSlopeContact= 4.46161299035884
AIAdultLD50Contact= 84.6339079028065
AILarvaSlope= 2.94514532387257
AILarvaLD50= 45.4960308156584
AIKOW= 2392.35924607298
AIKOC= 73032.7681743936
AIHalfLife= 16.3717544415733
EAppRate= 5.88681933105062
FoliarEnabled=true
FoliarAppDate= 07/01/1989
FoliarForageBegin= 07/01/1989
FoliarForageEnd= 07/14/1989
AIContactFactor= 0.404110114849173
CL4Pollen= 3.19589123409241
CL4Nectar= 58.4055403247476
CL5Pollen= 5.20190728129819
CL5Nectar= 99.7531517408788
CLDPollen= 0.794931914191693
CLDNectar= 123.177052277606
CA13Pollen= 2.37087351996452
CA13Nectar= 57.9754902422428
CA410Pollen= 2.61374898459762
CA410Nectar= 105.513350963593
CA1120Pollen= 1.52533079520799
CA1120Nectar= 21.1327818408608
IPollenTrips= 9.72968309884891
INectarTrips= 11.4084577048197
IPollenLoad= 9.73768687574193
INectarLoad= 7.62582479510456
