ICQueenStrength= 2.16036649909802
RQWkrDrnRatio= 2.49612198956311
ICDroneMiteSurvivorship= 83.0721924547106
ICWorkerMiteSurvivorship= 51.2593874242157
ICForagerLifespan= 8.84120614174753
ImmType= Cosine
RQQueenStrength= 5.9453247548081
RQEnableReQueen= true
AIAdultSlope= 3.40585720725358
AIAdultLD50= 44.9152076378176
AIAdultSlopeContact= 5.59766018367372
AIAdultLD50Contact= 68.9048965549746
AILarvaSlope= 1.46466366574168
AILarvaLD50= 57.6604163016793
AIKOW= 99370.6451194142
AIKOC= 9546.77692502714
AIHalfLife= 30.8513926858082
EAppRate= 6.13748182422365
FoliarEnabled= true
FoliarAppDate= 06/07/1989
FoliarForageBegin= 06/05/1989
FoliarForageEnd= 06/28/1989
AIContactFactor= 1.40767307777889
CL4Pollen= 0.280592890456319
CL4Nectar= 83.8790595065802
CL5Pollen= 0.401356275659055
CL5Nectar= 117.588901380077
CLDPollen= 0.179358457680792
CLDNectar= 124.795908364467
CA13Pollen= 7.54255099669099
CA13Nectar= 80.9072160348296
CA410Pollen= 8.21406669840217
CA410Nectar= 129.356206660159
CA1120Pollen= 1.49736356176436
CA1120Nectar= 88.732295781374
IPollenTrips= 9.39540237654001
INectarTrips= 5.91181740630418
IPollenLoad= 4.12563804304227
INectarLoad= 8.08576216222718
ESoilP= 1.96036521764472
ESoilFoc= 0.00352480452391319
