ICQueenStrength= 4.86520668165758
RQWkrDrnRatio= 2.76890007872134
ICDroneMiteSurvivorship= 69.5867421571165
ICWorkerMiteSurvivorship= 50.5344768520445
ICForagerLifespan= 4.64276360161602
ImmType= Cosine
AIAdultSlope= 0.641399165026378
AIAdultLD50= 0.0781897773500532
AIAdultSlopeContact= 1.59239712487673
AIAdultLD50Contact= 0.0460565840825439
AILarvaSlope= 0.103254016721621
AILarvaLD50= 0.294475309853442
AIKOW= 4.41981175541878
AIKOC= 28.1756423250772
AIHalfLife= 2.17261306575965
EAppRate= 0.936564884614199
FoliarEnabled= true
