ICQueenStrength= 5.32777540758252
RQWkrDrnRatio= 1.09602381382138
ICDroneMiteSurvivorship= 30.4228115128353
ICWorkerMiteSurvivorship= 62.533154594712
ICForagerLifespan= 12.4600369762629
ImmType= Tangent
RQQueenStrength= 2.45738435094245
RQEnableReQueen= true
AIAdultSlope= 7.50165313668549
AIAdultLD50= 39.120732241028
AIAdultSlopeContact= 5.10705574858002
AIAdultLD50Contact= 63.8574796786883
AILarvaSlope= 5.18746269121766
AILarvaLD50= 81.7077338357237
AIKOW= 33627.6589442758
AIKOC= 2365.08758493979
AIHalfLife= 27.7531003290322
EAppRate= 1.48929398645833
FoliarEnabled= true
FoliarAppDate= 06/07/1989
FoliarForageBegin= 06/05/1989
FoliarForageEnd= 06/28/1989
AIContactFactor= 1.17814588765614
CL4Pollen= 0.0102928699925542
CL4Nectar= 28.5606682067737
CL5Pollen= 1.07236674567685
CL5Nectar= 55.4580504773185
CLDPollen= 4.96244449820369
CLDNectar= 12.9532105405815
CA13Pollen= 2.28396180626005
CA13Nectar= 95.2064511924982
CA410Pollen= 5.64788273551967
CA410Nectar= 81.539634228684
CA1120Pollen= 2.21964367339388
CA1120Nectar= 31.8589552678168
IPollenTrips= 9.03628731146455
INectarTrips= 12.7412040368654
IPollenLoad= 1.24601752264425
INectarLoad= 5.52374200662598
