ICQueenStrength= 5.78755160118453
RQWkrDrnRatio= 2.58380465488881
ICDroneMiteSurvivorship= 99.245117069222
ICWorkerMiteSurvivorship= 64.4790692254901
ICForagerLifespan= 12.0568148205057
ImmType= Sine
RQQueenStrength= 5.03869899921119
RQEnableReQueen= true
AIAdultSlope= 6.67229184694588
AIAdultLD50= 95.9068088100713
AIAdultSlopeContact= 4.85259104217403
AIAdultLD50Contact= 40.8681237185711
AILarvaSlope= 3.8462499268353
AILarvaLD50= 2.31957686696714
AIKOW= 39492.6711888291
AIKOC= 70969.4327008538
AIHalfLife= 24.1917915827595
EAppRate= 4.13226211124007
FoliarEnabled= true
FoliarAppDate= 06/07/1989
FoliarForageBegin= 06/05/1989
FoliarForageEnd= 06/28/1989
AIContactFactor= 2.37321513950825
CL4Pollen= 0.346278757788241
CL4Nectar= 8.35041811224073
CL5Pollen= 4.36120092635974
CL5Nectar= 29.4923776178621
CLDPollen= 5.50883587170392
CLDNectar= 64.7659955313429
CA13Pollen= 3.76518972385675
CA13Nectar= 71.0675544664264
CA410Pollen= 5.579192236159
CA410Nectar= 26.9553353125229
CA1120Pollen= 2.60917106783018
CA1120Nectar= 82.6882442459464
IPollenTrips= 11.1995487380773
INectarTrips= 9.08654384315014
IPollenLoad= 2.02817860292271
INectarLoad= 6.84645735425875
