ICQueenStrength= 4.46023908932693
RQWkrDrnRatio= 2.32580578047782
ICDroneMiteSurvivorship= 21.4959027711302
ICWorkerMiteSurvivorship= 60.6115583796054
ICForagerLifespan= 8.74567159824073
ImmType= Logarithmic
RQQueenStrength= 3.52270984230563
RQEnableReQueen= true
AIAdultSlope= 2.07748843543231
AIAdultLD50= 95.2948313642933
AIAdultSlopeContact= 8.91373967286199
AIAdultLD50Contact= 46.1527154190442
AILarvaSlope= 6.50694646313787
AILarvaLD50= 30.5465901342849
AIKOW= 20787.3876489609
AIKOC= 42488.3842770448
AIHalfLife= 16.2106433900306
EAppRate= 1.8680094444775
FoliarEnabled= true
FoliarAppDate= 06/07/1989
FoliarForageBegin= 06/05/1989
FoliarForageEnd= 06/28/1989
AIContactFactor= 1.14169866325799
CL4Pollen= 1.92413101904094
CL4Nectar= 45.7821716787294
CL5Pollen= 2.99481141893193
CL5Nectar= 88.5283361189067
CLDPollen= 1.23824616149068
CLDNectar= 122.431651863735
CA13Pollen= 5.52241895515472
CA13Nectar= 27.3549881204963
CA410Pollen= 3.15018534634728
CA410Nectar= 44.878530818969
CA1120Pollen= 2.07102449890226
CA1120Nectar= 78.6698176153004
IPollenTrips= 7.30988780269399
INectarTrips= 5.38288693642244
IPollenLoad= 2.11672840872779
INectarLoad= 2.84405375597998
