ICQueenStrength= 1.81263008993119
RQWkrDrnRatio= 1.8768480271101
ICDroneMiteSurvivorship= 82.8487338963896
ICWorkerMiteSurvivorship= 1.08604419510812
ICForagerLifespan= 13.5265723299235
ImmType= Exponential
RQQueenStrength= 3.00780294369906
RQEnableReQueen= true
AIAdultSlope= 1.25495722517371
AIAdultLD50= 71.103169192058
AIAdultSlopeContact= 6.863182840636
AIAdultLD50Contact= 86.5077906501885
AILarvaSlope= 8.0094040222466
AILarvaLD50= 11.4651032217983
AIKOW= 49645.1995166075
AIKOC= 44171.5176773807
AIHalfLife= 26.9276917605894
EAppRate= 3.33794396078284
FoliarEnabled= true
FoliarAppDate= 06/07/1989
FoliarForageBegin= 06/05/1989
FoliarForageEnd= 06/28/1989
AIContactFactor= 1.24097206402104
CL4Pollen= 2.83213651552796
CL4Nectar= 12.8501765197143
CL5Pollen= 3.51707414304838
CL5Nectar= 104.235423041973
CLDPollen= 2.54336574487388
CLDNectar= 58.1280255457386
CA13Pollen= 2.64497892539948
CA13Nectar= 83.6358172632754
CA410Pollen= 7.72890605286229
CA410Nectar= 66.6920210979879
CA1120Pollen= 0.169183381134644
CA1120Nectar= 45.0469057448208
IPollenTrips= 8.61859766766429
INectarTrips= 7.93966398574412
IPollenLoad= 0.340541678015143
INectarLoad= 8.98171679116786
