ICQueenStrength= 3.31767595163547
RQWkrDrnRatio= 3.29751832876354
ICDroneMiteSurvivorship= 60.1749904919416
ICWorkerMiteSurvivorship= 77.7606902178377
ICForagerLifespan= 14.4409943576902
ImmType= Sine
RQQueenStrength= 1.17653927556239
RQEnableReQueen= true
AIAdultSlope= 4.40505453199148
AIAdultLD50= 0.626655562840169
AIAdultSlopeContact= 1.67673446680419
AIAdultLD50Contact= 14.2094829845
AILarvaSlope= 5.54784243553877
AILarvaLD50= 96.1595335622381
AIKOW= 56304.3422687668
AIKOC= 40092.9337401488
AIHalfLife= 2.89948510606773
EAppRate= 5.14593603860075
FoliarEnabled= true
FoliarAppDate= 09/01/1989
FoliarForageBegin= 09/01/1989
FoliarForageEnd= 09/08/1989
AIContactFactor= 2.3858576228423
CL4Pollen= 3.73544071801007
CL4Nectar= 92.6211650017649
CL5Pollen= 0.248385562095791
CL5Nectar= 19.0326372161508
CLDPollen= 4.12585961306468
CLDNectar= 87.6495186821558
CA13Pollen= 6.29361325670034
CA13Nectar= 99.4695562124252
CA410Pollen= 8.09385843032505
CA410Nectar= 31.9531008601189
CA1120Pollen= 0.278528764145449
CA1120Nectar= 81.6005745530128
IPollenTrips= 12.6997132296674
INectarTrips= 13.8718971610069
IPollenLoad= 2.82150026177987
INectarLoad= 0.288754883222282
