ICQueenStrength= 2.71685282373801
RQWkrDrnRatio= 2.07002246938646
ICDroneMiteSurvivorship= 27.8005441185087
ICWorkerMiteSurvivorship= 36.6048967698589
ICForagerLifespan= 11.0452853292227
ImmType= Sine
RQQueenStrength= 3.16229324578308
RQEnableReQueen= true
AIAdultSlope= 3.90528508275747
AIAdultLD50= 50.3705702231019
AIAdultSlopeContact= 6.77163276681677
AIAdultLD50Contact= 35.3865650374563
AILarvaSlope= 1.18984339386225
AILarvaLD50= 62.8302707438543
AIKOW= 83205.1749605041
AIKOC= 52240.4391965899
AIHalfLife= 17.8331741337432
EAppRate= 2.65835177368857
FoliarEnabled= true
FoliarAppDate= 06/07/1989
FoliarForageBegin= 06/05/1989
FoliarForageEnd= 06/28/1989
AIContactFactor= 0.364827288640663
CL4Pollen= 3.21619006153196
CL4Nectar= 26.5883441315964
CL5Pollen= 1.98140056198463
CL5Nectar= 36.9893211289309
CLDPollen= 5.50773553177714
CLDNectar= 78.0420441180468
CA13Pollen= 7.14739832542837
CA13Nectar= 89.8460089974105
CA410Pollen= 6.72783519399818
CA410Nectar= 117.713169204071
CA1120Pollen= 0.568020480684936
CA1120Nectar= 94.7911983914673
IPollenTrips= 13.1363707198761
INectarTrips= 10.064278608188
IPollenLoad= 8.53479317622259
INectarLoad= 8.97498748032376
