ICQueenStrength= 2.38978618197143
RQWkrDrnRatio= 1.68138961680233
ICDroneMiteSurvivorship= 73.7012886209413
ICWorkerMiteSurvivorship= 6.76441546529531
ICForagerLifespan= 12.7183305136859
ImmType= Polynomial
RQQueenStrength= 2.46077822777443
RQEnableReQueen= true
AIAdultSlope= 6.82438334450126
AIAdultLD50= 10.0469684442324
AIAdultSlopeContact= 7.98034228687175
AIAdultLD50Contact= 7.06068448562268
AILarvaSlope= 1.74470729567111
AILarvaLD50= 32.9801975068133
AIKOW= 55718.5418016145
AIKOC= 39112.4740535109
AIHalfLife= 33.3661892628763
EAppRate= 5.69824638401321
FoliarEnabled= true
FoliarAppDate= 06/07/1989
FoliarForageBegin= 06/05/1989
FoliarForageEnd= 06/28/1989
AIContactFactor= 0.320046201026998
CL4Pollen= 2.33858556114137
CL4Nectar= 17.6011341623962
CL5Pollen= 5.18812573794276
CL5Nectar= 99.9976947787218
CLDPollen= 4.5604070504196
CLDNectar= 70.4641346004792
CA13Pollen= 4.10770377079025
CA13Nectar= 35.3705321252346
CA410Pollen= 8.03003182117827
CA410Nectar= 199.651242755353
CA1120Pollen= 0.726389018353075
CA1120Nectar= 39.7209291905165
IPollenTrips= 6.59043471328914
INectarTrips= 5.71377120912075
IPollenLoad= 2.51353497151285
INectarLoad= 8.14585329499096
ESoilP= 1.55266496818513
ESoilFoc= 0.00375970814772882
