ICQueenStrength= 2.62393634673208
RQWkrDrnRatio= 3.9106467096135
ICDroneMiteSurvivorship= 20.1787552796304
ICWorkerMiteSurvivorship= 89.2650330904871
ICForagerLifespan= 4.45192849822342
ImmType= Tangent
RQQueenStrength= 5.82315631234087
RQEnableReQueen= true
AIAdultSlope= 3.36394485086203
AIAdultLD50= 50.9837259198525
AIAdultSlopeContact= 2.43714033695869
AIAdultLD50Contact= 44.6128859376125
AILarvaSlope= 2.92958720959723
AILarvaLD50= 7.20527301147394
AIKOW= 3567.5234900409
AIKOC= 17224.84673404
AIHalfLife= 34.8151041938923
EAppRate= 8.05323477669572
FoliarEnabled= true
FoliarAppDate= 06/07/1989
FoliarForageBegin= 06/05/1989
FoliarForageEnd= 06/28/1989
AIContactFactor= 1.31281748579815
CL4Pollen= 3.4843018585816
CL4Nectar= 31.5978050697595
CL5Pollen= 4.678551485762
CL5Nectar= 12.4775209813379
CLDPollen= 1.45612242305651
CLDNectar= 14.9859991623089
CA13Pollen= 4.49290327709168
CA13Nectar= 76.2727389670908
CA410Pollen= 7.91790725733154
CA410Nectar= 87.697410415858
CA1120Pollen= 2.92183517036028
CA1120Nectar= 37.8697034530342
IPollenTrips= 5.02095198724419
INectarTrips= 14.5204248139635
IPollenLoad= 5.08872552309185
INectarLoad= 5.84365308051929
