ICQueenStrength= 3.49306181329302
RQWkrDrnRatio= 2.71905235573649
ICDroneMiteSurvivorship= 76.2110834708437
ICWorkerMiteSurvivorship= 71.7728984542191
ICForagerLifespan= 13.0318195037544
ImmType= Polynomial
RQQueenStrength= 1.84054372389801
RQEnableReQueen= true
AIAdultSlope= 5.45186666958034
AIAdultLD50= 48.1160913173095
AIAdultSlopeContact= 9.77100836043246
AIAdultLD50Contact= 93.8304878028997
AILarvaSlope= 4.05275940522552
AILarvaLD50= 34.2923904416531
AIKOW= 42238.8962954766
AIKOC= 71006.1375958289
AIHalfLife= 25.8682528254809
EAppRate= 3.60417123005399
FoliarEnabled= true
FoliarAppDate= 06/07/1989
FoliarForageBegin= 06/05/1989
FoliarForageEnd= 06/28/1989
AIContactFactor= 0.406539940172806
CL4Pollen= 0.292774467729032
CL4Nectar= 35.8616830781102
CL5Pollen= 2.43440047558397
CL5Nectar= 29.7708033118397
CLDPollen= 1.23530408972874
CLDNectar= 56.5956805832684
CA13Pollen= 2.89100082851946
CA13Nectar= 66.2334624119103
CA410Pollen= 7.32280042022467
CA410Nectar= 26.7734855227172
CA1120Pollen= 0.867643576813862
CA1120Nectar= 68.6712747067213
IPollenTrips= 13.5372795909643
INectarTrips= 12.9938707058318
IPollenLoad= 3.50317477947101
INectarLoad= 4.47789077181369
