ICQueenStrength= 3.29058520053513
RQWkrDrnRatio= 1.57447977457196
ICDroneMiteSurvivorship= 7.45065168011934
ICWorkerMiteSurvivorship= 19.9337084079161
ICForagerLifespan= 7.62783411890268
ImmType= Sine
RQQueenStrength= 4.99168105330318
RQEnableReQueen= true
AIAdultSlope= 8.65089133568108
AIAdultLD50= 98.3608303131782
AIAdultSlopeContact= 5.3281580558978
AIAdultLD50Contact= 87.9398958018774
AILarvaSlope= 1.17580402456224
AILarvaLD50= 72.7925333807895
AIKOW= 41785.1016398312
AIKOC= 32180.8336628934
AIHalfLife= 10.7716760992771
EAppRate= 1.8937667852384
FoliarEnabled= true
FoliarAppDate= 06/07/1989
FoliarForageBegin= 06/05/1989
FoliarForageEnd= 06/28/1989
AIContactFactor= 0.897827828316949
CL4Pollen= 1.40555159747601
CL4Nectar= 44.001294975169
CL5Pollen= 4.46750647947192
CL5Nectar= 93.8709769165143
CLDPollen= 4.20789789408445
CLDNectar= 126.86948182527
CA13Pollen= 7.75521969636902
CA13Nectar= 58.1135305389762
CA410Pollen= 4.51435304281767
CA410Nectar= 126.166900675744
CA1120Pollen= 1.65926247253083
CA1120Nectar= 31.5725916810334
IPollenTrips= 6.61128892097622
INectarTrips= 8.22736643487588
IPollenLoad= 7.82915093936026
INectarLoad= 8.38884029304609
