ICQueenStrength= 3.38271581241861
RQWkrDrnRatio= 2.60224440973252
ICDroneMiteSurvivorship= 93.802880612202
ICWorkerMiteSurvivorship= 9.21282169874758
ICForagerLifespan= 14.2916138730943
ImmType= Tangent
RQQueenStrength= 3.77684755856171
RQEnableReQueen= true
AIAdultSlope= 6.14919679798186
AIAdultLD50= 88.0921304328875
AIAdultSlopeContact= 5.56488580442965
AIAdultLD50Contact= 70.5150471026422
AILarvaSlope= 7.24324080534279
AILarvaLD50= 56.1034835315961
AIKOW= 43361.0539245989
AIKOC= 48437.0643117863
AIHalfLife= 31.6201475025387
EAppRate= 0.368236008765409
FoliarEnabled= true
FoliarAppDate= 06/07/1989
FoliarForageBegin= 06/05/1989
FoliarForageEnd= 06/28/1989
AIContactFactor= 0.963562837401405
CL4Pollen= 3.56063183303922
CL4Nectar= 65.6207163352519
CL5Pollen= 2.30493902787566
CL5Nectar= 88.9946815324947
CLDPollen= 0.971419171895832
CLDNectar= 138.855842663907
CA13Pollen= 6.76932919379324
CA13Nectar= 43.7335480749607
CA410Pollen= 4.64857581823599
CA410Nectar= 136.845679129474
CA1120Pollen= 1.62043923069723
CA1120Nectar= 61.0472786612809
IPollenTrips= 10.4564600181766
INectarTrips= 6.94702849490568
IPollenLoad= 0.594674765598029
INectarLoad= 6.06744773685932
