ICQueenStrength= 3.18680903082713
RQWkrDrnRatio= 2.64826815761626
ICDroneMiteSurvivorship= 18.0139685980976
ICWorkerMiteSurvivorship= 22.5408075144514
ICForagerLifespan= 8.73012483306229
ImmType= Logarithmic
RQQueenStrength= 4.77702913130634
RQEnableReQueen= true
AIAdultSlope= 5.8364178519696
AIAdultLD50= 40.4005166617958
AIAdultSlopeContact= 3.89068132382818
AIAdultLD50Contact= 0.667533357539214
AILarvaSlope= 5.81765046343207
AILarvaLD50= 3.83249104590225
AIKOW= 54761.8887223356
AIKOC= 8061.10095817922
AIHalfLife= 29.0624609366059
EAppRate= 9.49627047679853
FoliarEnabled= true
FoliarAppDate= 06/07/1989
FoliarForageBegin= 06/05/1989
FoliarForageEnd= 06/28/1989
AIContactFactor= 0.721906984099187
CL4Pollen= 3.20727733708918
CL4Nectar= 0.483557279221714
CL5Pollen= 0.468994698487222
CL5Nectar= 105.754037224688
CLDPollen= 3.43385813338682
CLDNectar= 100.79931813525
CA13Pollen= 3.18859633598477
CA13Nectar= 50.6066816858947
CA410Pollen= 9.26876813033596
CA410Nectar= 109.151952103712
CA1120Pollen= 0.360759430797771
CA1120Nectar= 91.2467714585364
IPollenTrips= 13.8606390566565
INectarTrips= 8.58041666215286
IPollenLoad= 5.4288967512548
INectarLoad= 9.66218168614432
ESoilP= 1.33866587094963
ESoilFoc= 0.00566113686305471
