ICQueenStrength= 4.28122732811607
RQWkrDrnRatio= 1.08313705492765
ICDroneMiteSurvivorship= 25.1258389092982
ICWorkerMiteSurvivorship= 0.942369410768151
ICForagerLifespan= 14.4753875890747
ImmType= Exponential
RQQueenStrength= 3.30736315948889
RQEnableReQueen= true
AIAdultSlope= 4.87335199862719
AIAdultLD50= 2.14389237338887
AIAdultSlopeContact= 7.29785955906846
AIAdultLD50Contact= 60.4612638924194
AILarvaSlope= 7.10387948900461
AILarvaLD50= 20.230795907669
AIKOW= 51618.9433819399
AIKOC= 25276.7713205721
AIHalfLife= 19.8398836955894
EAppRate= 0.966668125361903
FoliarEnabled= true
FoliarAppDate= 06/07/1989
FoliarForageBegin= 06/05/1989
FoliarForageEnd= 06/28/1989
AIContactFactor= 1.77059385578614
CL4Pollen= 0.0521164434030652
CL4Nectar= 3.01533944439143
CL5Pollen= 5.59832941135392
CL5Nectar= 146.806601376738
CLDPollen= 5.30252555804327
CLDNectar= 36.9945422862656
CA13Pollen= 2.52379237469286
CA13Nectar= 74.9885754100978
CA410Pollen= 7.16913195899688
CA410Nectar= 39.2624170193449
CA1120Pollen= 2.00669152918272
CA1120Nectar= 27.5003826618195
IPollenTrips= 7.7813832461834
INectarTrips= 12.1645714598708
IPollenLoad= 0.467592608183622
INectarLoad= 5.17268081894144
ESoilP= 1.9825886497274
ESoilFoc= 0.00389803121821024
