ICQueenStrength= 1.91715626418591
RQWkrDrnRatio= 2.07523384224623
ICDroneMiteSurvivorship= 38.4469080949202
ICWorkerMiteSurvivorship= 64.5206993212923
ICForagerLifespan= 8.68052710033953
ImmType= Logarithmic
RQQueenStrength= 1.87296870187856
RQEnableReQueen= true
AIAdultSlope= 3.28541666828096
AIAdultLD50= 99.0014248036097
AIAdultSlopeContact= 8.29155379789881
AIAdultLD50Contact= 57.7517741046918
AILarvaSlope= 3.86472263373435
AILarvaLD50= 94.5030957676005
AIKOW= 84529.9977912372
AIKOC= 7244.21904196404
AIHalfLife= 29.6597519747214
EAppRate= 9.93558552781399
FoliarEnabled= true
FoliarAppDate= 06/07/1989
FoliarForageBegin= 06/05/1989
FoliarForageEnd= 06/28/1989
AIContactFactor= 1.16392941062804
CL4Pollen= 0.285887761972845
CL4Nectar= 41.3849101634696
CL5Pollen= 3.92772943899035
CL5Nectar= 3.36265366058797
CLDPollen= 0.0414094305597246
CLDNectar= 36.3968697027303
CA13Pollen= 4.62226802837104
CA13Nectar= 28.6090957187116
CA410Pollen= 8.39013017157558
CA410Nectar= 101.658218568191
CA1120Pollen= 2.59928915672936
CA1120Nectar= 30.9607440046966
IPollenTrips= 7.41914518177509
INectarTrips= 10.1343613979407
IPollenLoad= 1.69065983733162
INectarLoad= 6.59736847272143
ESoilP= 1.51917629921809
ESoilFoc= 0.00404106601490639
