ICQueenStrength= 1.5687452130951
RQWkrDrnRatio= 2.79751297365874
ICDroneMiteSurvivorship= 10.605078889057
ICWorkerMiteSurvivorship= 73.2408849755302
ICForagerLifespan= 15.9312890022993
ImmType= Cosine
RQQueenStrength= 1.08525756187737
RQEnableReQueen= true
AIAdultSlope= 3.19964805804193
AIAdultLD50= 52.4165562153296
AIAdultSlopeContact= 3.22774725407362
AIAdultLD50Contact= 81.6705815611407
AILarvaSlope= 4.38945146463811
AILarvaLD50= 73.9065793610853
AIKOW= 83938.0613059157
AIKOC= 82918.1753020084
AIHalfLife= 33.9481998920441
EAppRate= 2.02152767462609
FoliarEnabled= true
FoliarAppDate= 06/07/1989
FoliarForageBegin= 06/05/1989
FoliarForageEnd= 06/28/1989
AIContactFactor= 1.8937620058516
CL4Pollen= 2.21846425533295
CL4Nectar= 18.134428281337
CL5Pollen= 4.6214889055118
CL5Nectar= 120.75630367035
CLDPollen= 1.30281860008836
CLDNectar= 140.489530598279
CA13Pollen= 5.37644763784483
CA13Nectar= 61.2624327279627
CA410Pollen= 3.29500500652939
CA410Nectar= 115.063795791939
CA1120Pollen= 0.396265482762828
CA1120Nectar= 84.8815883137286
IPollenTrips= 5.83782315487042
INectarTrips= 6.09074615174904
IPollenLoad= 9.98892072355375
INectarLoad= 5.36403828300536
ESoilP= 1.38947557006031
ESoilFoc= 0.0196971392112318
