ICQueenStrength= 4.63444212940522
RQWkrDrnRatio= 2.60899726394564
ICDroneMiteSurvivorship= 42.0476620318368
ICWorkerMiteSurvivorship= 61.1477934056893
ICForagerLifespan= 4.44871313031763
ImmType= Exponential
RQQueenStrength= 3.05762074328959
RQEnableReQueen= true
AIAdultSlope= 2.93058484606445
AIAdultLD50= 0.478281123452121
AIAdultSlopeContact= 5.12552771763876
AIAdultLD50Contact= 82.6758339476555
AILarvaSlope= 7.95177205838263
AILarvaLD50= 19.0631127095786
AIKOW= 6729.84238696091
AIKOC= 66415.5015856139
AIHalfLife= 18.400812207791
EAppRate= 7.96682589197601
FoliarEnabled= true
FoliarAppDate= 09/01/1989
FoliarForageBegin= 09/01/1989
FoliarForageEnd= 09/08/1989
AIContactFactor= 1.4371654410474
CL4Pollen= 2.80164277460426
CL4Nectar= 63.1626578979194
CL5Pollen= 4.42448732955381
CL5Nectar= 118.071591330227
CLDPollen= 1.16298363776878
CLDNectar= 33.2580065354705
CA13Pollen= 3.90122243417427
CA13Nectar= 81.220208927989
CA410Pollen= 2.22109858496115
CA410Nectar= 148.910112073645
CA1120Pollen= 0.0718142332043499
CA1120Nectar= 81.344303432852
IPollenTrips= 8.48260913044214
INectarTrips= 6.3917109137401
IPollenLoad= 2.80583653366193
INectarLoad= 6.67672035750002
