ICQueenStrength= 2.81577902985737
RQWkrDrnRatio= 1.47054228372872
ICDroneMiteSurvivorship= 83.9096453040838
ICWorkerMiteSurvivorship= 27.2324106190354
ICForagerLifespan= 9.51821970008314
ImmType= Tangent
RQQueenStrength= 5.12267636042088
RQEnableReQueen= true
AIAdultSlope= 4.91026872768998
AIAdultLD50= 13.3214975359295
AIAdultSlopeContact= 8.7793680797331
AIAdultLD50Contact= 93.9506365500344
AILarvaSlope= 5.82556006498635
AILarvaLD50= 58.6283112220168
AIKOW= 25685.4110206189
AIKOC= 84060.2801210717
AIHalfLife= 24.2737570792669
EAppRate= 0.360128559947014
FoliarEnabled= true
FoliarAppDate= 06/07/1989
FoliarForageBegin= 06/05/1989
FoliarForageEnd= 06/28/1989
AIContactFactor= 0.346238384628668
CL4Pollen= 3.79118030052632
CL4Nectar= 30.4870741907507
CL5Pollen= 2.59927572542801
CL5Nectar= 30.4413019563071
CLDPollen= 1.17023065080866
CLDNectar= 146.310299215838
CA13Pollen= 7.53980657020584
CA13Nectar= 77.3737467080355
CA410Pollen= 3.71655046748929
CA410Nectar= 61.3173055648804
CA1120Pollen= 2.704005605774
CA1120Nectar= 35.6952390260994
IPollenTrips= 14.5653365063481
INectarTrips= 6.81827182648703
IPollenLoad= 3.55212052585557
INectarLoad= 1.01721361279488
