ICQueenStrength= 5.47472361964174
RQWkrDrnRatio= 1.90277088992298
ICDroneMiteSurvivorship= 2.14979224838316
ICWorkerMiteSurvivorship= 0.964217679575086
ICForagerLifespan= 9.63596917875111
ImmType= Polynomial
RQQueenStrength= 3.6968202018179
RQEnableReQueen= true
AIAdultSlope= 4.45761104114354
AIAdultLD50= 69.2293986213584
AIAdultSlopeContact= 1.56069200462662
AIAdultLD50Contact= 40.367156718096
AILarvaSlope= 8.78421073406935
AILarvaLD50= 86.0065632079598
AIKOW= 83111.0892243992
AIKOC= 63254.374807786
AIHalfLife= 13.9536110830028
EAppRate= 5.88545502869994
FoliarEnabled= true
FoliarAppDate= 06/07/1989
FoliarForageBegin= 06/05/1989
FoliarForageEnd= 06/28/1989
AIContactFactor= 2.36996365405619
CL4Pollen= 0.184196064248681
CL4Nectar= 75.2272148849443
CL5Pollen= 4.94158403389156
CL5Nectar= 42.2995734144934
CLDPollen= 5.97098812507465
CLDNectar= 61.8906396324746
CA13Pollen= 3.33616632111371
CA13Nectar= 74.4874377176166
CA410Pollen= 2.55179484565742
CA410Nectar= 36.953065819107
CA1120Pollen= 0.543727068929002
CA1120Nectar= 87.0973611623049
IPollenTrips= 6.49005656596273
INectarTrips= 5.87955218041316
IPollenLoad= 1.44282640423626
INectarLoad= 4.29255824070424
