ICQueenStrength= 3.90470840688795
RQWkrDrnRatio= 3.07214213255793
ICDroneMiteSurvivorship= 31.9663520436734
ICWorkerMiteSurvivorship= 10.572970751673
ICForagerLifespan= 14.981001470238
ImmType= Cosine
RQQueenStrength= 4.17780096456409
RQEnableReQueen=true
AIAdultSlope= 1.2395191565156
AIAdultLD50= 0.59973999658809
AIAdultSlopeContact= 7.73300503962673
AIAdultLD50Contact= 98.9888395484176
AILarvaSlope= 3.53279097564518
AILarvaLD50= 77.4899620116777
AIKOW= 79310.2192194653
AIKOC= 43940.0576707597
AIHalfLife= 31.0381939001614
EAppRate= 1.70917905089608
FoliarEnabled=true
FoliarAppDate= 07/01/1989
FoliarForageBegin= 07/01/1989
FoliarForageEnd= 07/14/1989
AIContactFactor= 0.614486004677601
CL4Pollen= 0.393797687254846
CL4Nectar= 49.4237652048469
CL5Pollen= 1.50815479829907
CL5Nectar= 108.446774433833
CLDPollen= 0.154996852856129
CLDNectar= 20.0022147735581
CA13Pollen= 6.4364233112894
CA13Nectar= 33.3775774203241
CA410Pollen= 4.29342627155129
CA410Nectar= 39.1586024127901
CA1120Pollen= 2.09554873360321
CA1120Nectar= 42.0593728497624
IPollenTrips= 5.66855084849522
INectarTrips= 12.3419853788801
IPollenLoad= 4.9535462539643
INectarLoad= 3.81619314663112
