ICQueenStrength= 2.96910335333087
RQWkrDrnRatio= 2.15965862385929
ICDroneMiteSurvivorship= 66.7196064023301
ICWorkerMiteSurvivorship= 88.9985946007073
ICForagerLifespan= 8.22288705594838
ImmType= Tangent
RQQueenStrength= 4.25526411412284
RQEnableReQueen= true
AIAdultSlope= 2.62841304950416
AIAdultLD50= 0.894918604504783
AIAdultSlopeContact= 1.04873799462803
AIAdultLD50Contact= 34.9777124388872
AILarvaSlope= 3.98030171915889
AILarvaLD50= 17.5084161390502
AIKOW= 6865.47856334978
AIKOC= 21277.7166464683
AIHalfLife= 15.0629692536546
EAppRate= 9.08802667137585
FoliarEnabled= true
FoliarAppDate= 09/01/1989
FoliarForageBegin= 09/01/1989
FoliarForageEnd= 09/08/1989
AIContactFactor= 0.392781330468133
CL4Pollen= 2.68494201358408
CL4Nectar= 95.3369922703132
CL5Pollen= 3.93226288631558
CL5Nectar= 37.6475178636611
CLDPollen= 1.68720264500007
CLDNectar= 40.8187159686349
CA13Pollen= 2.42787479497492
CA13Nectar= 89.5077098719776
CA410Pollen= 8.87043784894049
CA410Nectar= 145.63551930245
CA1120Pollen= 2.6999025021214
CA1120Nectar= 39.519370701164
IPollenTrips= 8.60094742150977
INectarTrips= 10.3203846467659
IPollenLoad= 6.258268810343
INectarLoad= 7.94335706159472
