ICQueenStrength= 2.34373692329973
RQWkrDrnRatio= 3.50230991095304
ICDroneMiteSurvivorship= 98.8928408827633
ICWorkerMiteSurvivorship= 21.2506446987391
ICForagerLifespan= 6.60166600253433
ImmType= Tangent
RQQueenStrength= 2.98981207213365
RQEnableReQueen= true
AIAdultSlope= 5.20345184206963
AIAdultLD50= 84.5286776998262
AIAdultSlopeContact= 7.79039841797203
AIAdultLD50Contact= 39.1212839742869
AILarvaSlope= 3.19887360185385
AILarvaLD50= 69.5943398695015
AIKOW= 19934.7578193441
AIKOC= 69767.5869532949
AIHalfLife= 31.5660306710517
EAppRate= 5.02850710728299
FoliarEnabled= true
FoliarAppDate= 06/07/1989
FoliarForageBegin= 06/05/1989
FoliarForageEnd= 06/28/1989
AIContactFactor= 0.971889658742584
CL4Pollen= 2.35969935636967
CL4Nectar= 3.05585884489119
CL5Pollen= 4.28758596908301
CL5Nectar= 97.5462508387864
CLDPollen= 1.5867577297613
CLDNectar= 23.2514755334705
CA13Pollen= 6.005467821192
CA13Nectar= 39.0000574290752
CA410Pollen= 3.36003392888233
CA410Nectar= 121.600347333588
CA1120Pollen= 1.50946530816145
CA1120Nectar= 98.6711300723255
IPollenTrips= 11.5240378980525
INectarTrips= 8.17159457365051
IPollenLoad= 8.06645286036655
INectarLoad= 6.84386522509158
ESoilP= 1.94188651605509
ESoilFoc= 0.0137092289961874
