ICQueenStrength= 3.09743497078307
RQWkrDrnRatio= 4.13162737991661
ICDroneMiteSurvivorship= 62.8567242296413
ICWorkerMiteSurvivorship= 38.1831801030785
ICForagerLifespan= 9.96155824232846
ImmType= Cosine
RQQueenStrength= 1.47328743967228
RQEnableReQueen= true
AIAdultSlope= 5.09489975869656
AIAdultLD50= 74.7584773288073
AIAdultSlopeContact= 3.59724895679392
AIAdultLD50Contact= 9.24464393217163
AILarvaSlope= 4.94193232618272
AILarvaLD50= 88.3687626716762
AIKOW= 89232.8016982593
AIKOC= 52468.8180929825
AIHalfLife= 20.4197005728725
EAppRate= 3.99427947711502
FoliarEnabled= true
FoliarAppDate= 06/07/1989
FoliarForageBegin= 06/05/1989
FoliarForageEnd= 06/28/1989
AIContactFactor= 0.526995367216878
CL4Pollen= 0.511966898106039
CL4Nectar= 15.8797819400206
CL5Pollen= 5.12057443382218
CL5Nectar= 83.1025051069446
CLDPollen= 4.09867300093174
CLDNectar= 65.9388181404211
CA13Pollen= 2.86734728356823
CA13Nectar= 93.3044211380184
CA410Pollen= 3.97234911818523
CA410Nectar= 33.3639904530719
CA1120Pollen= 1.38656789576635
CA1120Nectar= 26.3235986977816
IPollenTrips= 10.7792388182133
INectarTrips= 5.252953954041
IPollenLoad= 9.67132470337674
INectarLoad= 9.52850861707702
ESoilP= 1.28266174672171
ESoilFoc= 0.00206360706384294
