ICQueenStrength= 2.75600253394805
RQWkrDrnRatio= 1.08672723267227
ICDroneMiteSurvivorship= 5.72317938786
ICWorkerMiteSurvivorship= 13.4726347634569
ICForagerLifespan= 13.8027109364048
ImmType= Polynomial
RQQueenStrength= 4.4224813291803
RQEnableReQueen= true
AIAdultSlope= 8.62721787020564
AIAdultLD50= 37.4035903537199
AIAdultSlopeContact= 2.58754228428006
AIAdultLD50Contact= 88.5960810350925
AILarvaSlope= 4.53856706060469
AILarvaLD50= 23.5628949900838
AIKOW= 31344.8343396122
AIKOC= 78116.597909099
AIHalfLife= 6.07276408444159
EAppRate= 1.70820213068114
FoliarEnabled= true
FoliarAppDate= 06/07/1989
FoliarForageBegin= 06/05/1989
FoliarForageEnd= 06/28/1989
AIContactFactor= 0.986257926453836
CL4Pollen= 2.74079665727913
CL4Nectar= 31.3958441372961
CL5Pollen= 0.189519280102104
CL5Nectar= 9.9521565483883
CLDPollen= 5.00851862831041
CLDNectar= 84.2423241469078
CA13Pollen= 5.14493490410969
CA13Nectar= 69.5538204535842
CA410Pollen= 7.98139356831089
CA410Nectar= 38.6836815578863
CA1120Pollen= 1.98838761099614
CA1120Nectar= 38.8718315958977
IPollenTrips= 12.2289310279302
INectarTrips= 9.49476365931332
IPollenLoad= 6.81986346142367
INectarLoad= 9.97424086323008
