ICQueenStrength= 1.79056145157665
RQWkrDrnRatio= 3.29924309812486
ICDroneMiteSurvivorship= 97.3855182295665
ICWorkerMiteSurvivorship= 38.8924739556387
ICForagerLifespan= 11.5937238233164
ImmType= Logarithmic
RQQueenStrength= 2.97485753148794
RQEnableReQueen=true
AIAdultSlope= 5.14963887445629
AIAdultLD50= 0.820620799902128
AIAdultSlopeContact= 5.92222055443563
AIAdultLD50Contact= 68.4691343349197
AILarvaSlope= 4.99102403223515
AILarvaLD50= 29.0669800668196
AIKOW= 25624.8788777447
AIKOC= 16800.9666509477
AIHalfLife= 29.7727531358832
EAppRate= 5.6518632446616
FoliarEnabled=true
FoliarAppDate= 07/01/1989
FoliarForageBegin= 07/01/1989
FoliarForageEnd= 07/14/1989
AIContactFactor= 0.991290963264182
CL4Pollen= 0.149900512769818
CL4Nectar= 58.4483434678987
CL5Pollen= 0.417806193698198
CL5Nectar= 116.829374770168
CLDPollen= 2.95478093018755
CLDNectar= 40.2301129186526
CA13Pollen= 4.14015218829736
CA13Nectar= 74.6410277672112
CA410Pollen= 7.38270501289517
CA410Nectar= 193.45030546654
CA1120Pollen= 1.55687784729525
CA1120Nectar= 93.6828163079917
IPollenTrips= 11.4048192417249
INectarTrips= 14.493379520718
IPollenLoad= 1.03805011371151
INectarLoad= 4.41021155565977
