ICQueenStrength= 1.43909423891455
RQWkrDrnRatio= 4.74827025737613
ICDroneMiteSurvivorship= 83.7774346582592
ICWorkerMiteSurvivorship= 93.3240725193173
ICForagerLifespan= 9.50413569714874
ImmType= Tangent
RQQueenStrength= 2.27116772998124
RQEnableReQueen=true
AIAdultSlope= 1.29370389692485
AIAdultLD50= 0.189776034514187
AIAdultSlopeContact= 5.41699445294216
AIAdultLD50Contact= 42.2916083786015
AILarvaSlope= 1.66579987853765
AILarvaLD50= 22.1617499740827
AIKOW= 49722.4412146139
AIKOC= 5263.1302872349
AIHalfLife= 34.175594153977
EAppRate= 1.74431857485021
FoliarEnabled=true
FoliarAppDate= 07/01/1989
FoliarForageBegin= 07/01/1989
FoliarForageEnd= 07/14/1989
AIContactFactor= 0.90267585162539
CL4Pollen= 3.73043315857649
CL4Nectar= 9.03449081815779
CL5Pollen= 3.87526008160785
CL5Nectar= 143.720118678175
CLDPollen= 1.37449374329299
CLDNectar= 42.3033301485702
CA13Pollen= 4.03025601506233
CA13Nectar= 96.4183005690575
CA410Pollen= 2.96248400388286
CA410Nectar= 106.561387716793
CA1120Pollen= 0.403254753677174
CA1120Nectar= 90.1704262383282
IPollenTrips= 12.0005563879386
INectarTrips= 10.8922678441741
IPollenLoad= 7.24602083442733
INectarLoad= 0.980932933744043
