ICQueenStrength= 2.38837034231983
RQWkrDrnRatio= 3.41668144613504
ICDroneMiteSurvivorship= 40.4319158988073
ICWorkerMiteSurvivorship= 56.036990089342
ICForagerLifespan= 12.6881163651124
ImmType= Polynomial
RQQueenStrength= 2.00531447562389
RQEnableReQueen= true
AIAdultSlope= 2.88768392801285
AIAdultLD50= 49.1566154706699
AIAdultSlopeContact= 9.73089408688247
AIAdultLD50Contact= 10.6518267917433
AILarvaSlope= 7.00794928148389
AILarvaLD50= 84.5402818397803
AIKOW= 78175.6599371982
AIKOC= 83950.2769609096
AIHalfLife= 20.1537587277126
EAppRate= 1.22658318157401
FoliarEnabled= true
FoliarAppDate= 06/07/1989
FoliarForageBegin= 06/05/1989
FoliarForageEnd= 06/28/1989
AIContactFactor= 0.576871697106399
CL4Pollen= 2.20634837541729
CL4Nectar= 74.7721433872357
CL5Pollen= 5.53839741228148
CL5Nectar= 82.4261764995754
CLDPollen= 1.8789222612977
CLDNectar= 138.328701525461
CA13Pollen= 2.62417271854356
CA13Nectar= 52.2343541122973
CA410Pollen= 7.81785579905845
CA410Nectar= 158.721670201048
CA1120Pollen= 2.80954535328783
CA1120Nectar= 48.2791179232299
IPollenTrips= 12.4770651827566
INectarTrips= 14.3016960704699
IPollenLoad= 1.06363672064617
INectarLoad= 9.11612757714465
ESoilP= 1.28666055132635
ESoilFoc= 0.0117690343763679
