ICQueenStrength= 5.89330043434165
RQWkrDrnRatio= 3.61880259029567
ICDroneMiteSurvivorship= 93.3380542788655
ICWorkerMiteSurvivorship= 99.2133829975501
ICForagerLifespan= 13.189737258479
ImmType= Sine
RQQueenStrength= 1.02671980415471
RQEnableReQueen= true
AIAdultSlope= 7.33998130075634
AIAdultLD50= 20.3960071782693
AIAdultSlopeContact= 5.42317807418294
AIAdultLD50Contact= 56.6677479596494
AILarvaSlope= 8.98487137071788
AILarvaLD50= 78.5231729578045
AIKOW= 49192.3200017155
AIKOC= 6209.11601653253
AIHalfLife= 13.7525668954942
EAppRate= 8.11304612354632
FoliarEnabled= true
FoliarAppDate= 06/07/1989
FoliarForageBegin= 06/05/1989
FoliarForageEnd= 06/28/1989
AIContactFactor= 0.526023466484621
CL4Pollen= 3.42548845894635
CL4Nectar= 57.8491403022781
CL5Pollen= 3.82104613585398
CL5Nectar= 116.055259143468
CLDPollen= 2.54866053164005
CLDNectar= 86.6833195206709
CA13Pollen= 5.38149221362546
CA13Nectar= 22.8907287493348
CA410Pollen= 7.27898426624015
CA410Nectar= 195.182456686161
CA1120Pollen= 2.23645082325675
CA1120Nectar= 93.9610337093472
IPollenTrips= 10.6283148401417
INectarTrips= 10.5621166317724
IPollenLoad= 0.172813807148486
INectarLoad= 4.32648447807878
ESoilP= 1.18555017490871
ESoilFoc= 0.00501809068908915
