ICQueenStrength= 5.79394488735124
RQWkrDrnRatio= 2.57650195993483
ICDroneMiteSurvivorship= 98.6555399606004
ICWorkerMiteSurvivorship= 29.4818636728451
ICForagerLifespan= 5.13996405526996
ImmType= Polynomial
RQQueenStrength= 5.282336384058
RQEnableReQueen= true
AIAdultSlope= 2.02086024172604
AIAdultLD50= 96.6287848292936
AIAdultSlopeContact= 3.74145561945625
AIAdultLD50Contact= 22.8282480348493
AILarvaSlope= 1.33446236513555
AILarvaLD50= 80.3771127725525
AIKOW= 98785.016225146
AIKOC= 83620.4949071216
AIHalfLife= 17.2457327063195
EAppRate= 5.63388021237031
FoliarEnabled= true
FoliarAppDate= 06/07/1989
FoliarForageBegin= 06/05/1989
FoliarForageEnd= 06/28/1989
AIContactFactor= 0.479769317712635
CL4Pollen= 2.99894300661981
CL4Nectar= 19.6786740329117
CL5Pollen= 2.43056328082457
CL5Nectar= 120.73901547119
CLDPollen= 5.88237957889214
CLDNectar= 17.2401204938069
CA13Pollen= 4.33715515844524
CA13Nectar= 33.5902967303991
CA410Pollen= 3.40627582760062
CA410Nectar= 99.9713820545003
CA1120Pollen= 0.240271096117795
CA1120Nectar= 64.5455738529563
IPollenTrips= 5.39240054320544
INectarTrips= 5.31145115150139
IPollenLoad= 9.45841431384906
INectarLoad= 3.73693018686026
ESoilP= 1.41467267554253
ESoilFoc= 0.0144136443987954
