ICQueenStrength= 2.97810109239072
RQWkrDrnRatio= 1.52436896692961
ICDroneMiteSurvivorship= 77.783278352581
ICWorkerMiteSurvivorship= 34.5884398324415
ICForagerLifespan= 12.8775940025225
ImmType= Sine
RQQueenStrength= 1.10596660198644
RQEnableReQueen= true
AIAdultSlope= 8.90253563970327
AIAdultLD50= 0.251037330869585
AIAdultSlopeContact= 1.26666285237297
AIAdultLD50Contact= 65.3349077723136
AILarvaSlope= 3.50264570116997
AILarvaLD50= 64.3437327678155
AIKOW= 143.698669960522
AIKOC= 71582.2819256929
AIHalfLife= 29.2561928155599
EAppRate= 9.86485447510285
FoliarEnabled= true
FoliarAppDate= 09/01/1989
FoliarForageBegin= 09/01/1989
FoliarForageEnd= 09/08/1989
AIContactFactor= 0.312240790794604
CL4Pollen= 0.736930360086262
CL4Nectar= 61.5191287826747
CL5Pollen= 2.87520485697314
CL5Nectar= 2.03448819229379
CLDPollen= 1.16958643868566
CLDNectar= 125.229641748592
CA13Pollen= 4.44386545829475
CA13Nectar= 48.1899696402252
CA410Pollen= 3.68190762284212
CA410Nectar= 141.19499550201
CA1120Pollen= 2.64779036887921
CA1120Nectar= 56.2744182534516
IPollenTrips= 12.838325148914
INectarTrips= 13.496221548412
IPollenLoad= 6.20654815342277
INectarLoad= 7.9615713423118
