ICQueenStrength= 3.5571946753189
RQWkrDrnRatio= 2.87858751695603
ICDroneMiteSurvivorship= 12.6448763534427
ICWorkerMiteSurvivorship= 21.4389660861343
ICForagerLifespan= 14.9651749171317
ImmType= Sine
RQQueenStrength= 2.17351139080711
RQEnableReQueen= true
AIAdultSlope= 6.65290699712932
AIAdultLD50= 94.0368512454093
AIAdultSlopeContact= 2.58692960487679
AIAdultLD50Contact= 22.6090462527687
AILarvaSlope= 8.86878874897957
AILarvaLD50= 91.2130412414621
AIKOW= 97753.847032952
AIKOC= 8781.90973920817
AIHalfLife= 19.1250432644272
EAppRate= 9.27036836411385
FoliarEnabled= true
FoliarAppDate= 06/07/1989
FoliarForageBegin= 06/05/1989
FoliarForageEnd= 06/28/1989
AIContactFactor= 0.877384461420588
CL4Pollen= 1.4870078265667
CL4Nectar= 96.0535958176479
CL5Pollen= 2.18694469705224
CL5Nectar= 50.3462002496235
CLDPollen= 0.485154634807259
CLDNectar= 130.787307070568
CA13Pollen= 7.11168794082478
CA13Nectar= 91.8000038526952
CA410Pollen= 4.9599655207945
CA410Nectar= 32.6703018834814
CA1120Pollen= 1.51760311983526
CA1120Nectar= 97.943329308182
IPollenTrips= 12.1110878372565
INectarTrips= 6.69791885651648
IPollenLoad= 4.41854969831184
INectarLoad= 7.79245533747599
