ICQueenStrength= 3.97596544376574
RQWkrDrnRatio= 1.70976988319308
ICDroneMiteSurvivorship= 98.7922216067091
ICWorkerMiteSurvivorship= 25.7669612998143
ICForagerLifespan= 13.0153719717637
ImmType= Polynomial
AIAdultSlope= 2.94830759873148
AIAdultLD50= 0.125425757374614
AIAdultSlopeContact= 3.28912548344582
AIAdultLD50Contact= 0.0136836396413855
AILarvaSlope= 1.11659086146392
AILarvaLD50= 0.225760835199617
AIKOW= 2.16892239730805
AIKOC= 29.3565385288093
AIHalfLife= 1.43041012801696
EAppRate= 2.71953153656796
FoliarEnabled= true
