ICQueenStrength= 1.85809908341616
RQWkrDrnRatio= 4.89861743524671
ICDroneMiteSurvivorship= 30.5267112329602
ICWorkerMiteSurvivorship= 13.6419685557485
ICForagerLifespan= 14.9467817917466
ImmType= Cosine
RQQueenStrength= 1.36263753310777
RQEnableReQueen= true
AIAdultSlope= 8.90415358543396
AIAdultLD50= 27.1670799193392
AIAdultSlopeContact= 7.65457220631652
AIAdultLD50Contact= 48.7463691618051
AILarvaSlope= 4.3731697332114
AILarvaLD50= 83.9878968944468
AIKOW= 7257.64383853941
AIKOC= 68293.5755453489
AIHalfLife= 13.7301491668681
EAppRate= 4.0294771237548
FoliarEnabled= true
FoliarAppDate= 06/07/1989
FoliarForageBegin= 06/05/1989
FoliarForageEnd= 06/28/1989
AIContactFactor= 1.13837484874297
CL4Pollen= 0.978572201915085
CL4Nectar= 22.4829447688535
CL5Pollen= 2.02759779430926
CL5Nectar= 147.969013068359
CLDPollen= 4.38925554323941
CLDNectar= 34.2710355995223
CA13Pollen= 3.44530454538763
CA13Nectar= 94.1751351207495
CA410Pollen= 6.23761182818562
CA410Nectar= 148.231442365795
CA1120Pollen= 1.92184091429226
CA1120Nectar= 43.0001735128462
IPollenTrips= 11.7187281674705
INectarTrips= 6.80295304628089
IPollenLoad= 3.26789929764345
INectarLoad= 1.58114908030257
ESoilP= 1.95074323075823
ESoilFoc= 0.00636155949253589
