ICQueenStrength= 4.01782553666271
RQWkrDrnRatio= 1.74122402537614
ICDroneMiteSurvivorship= 32.760109542869
ICWorkerMiteSurvivorship= 28.0507717747241
ICForagerLifespan= 15.9712035469711
ImmType= Cosine
RQQueenStrength= 3.0129181293305
RQEnableReQueen= true
AIAdultSlope= 3.19298536330462
AIAdultLD50= 0.525508152073249
AIAdultSlopeContact= 7.12774716201238
AIAdultLD50Contact= 8.2243154000158
AILarvaSlope= 7.96890896931291
AILarvaLD50= 62.4776837386489
AIKOW= 81088.8436209132
AIKOC= 96119.864995637
AIHalfLife= 26.304154333123
EAppRate= 6.01335366321867
FoliarEnabled= true
FoliarAppDate= 09/01/1989
FoliarForageBegin= 09/01/1989
FoliarForageEnd= 09/08/1989
AIContactFactor= 1.87076456612907
CL4Pollen= 2.64539959654212
CL4Nectar= 68.3915788074955
CL5Pollen= 3.28525810874999
CL5Nectar= 25.9569685673341
CLDPollen= 3.86885849945247
CLDNectar= 102.944050915539
CA13Pollen= 7.85708690043539
CA13Nectar= 23.6886986903846
CA410Pollen= 3.63798084284645
CA410Nectar= 63.2484646234661
CA1120Pollen= 0.732399283675477
CA1120Nectar= 30.6553030386567
IPollenTrips= 14.7679056762718
INectarTrips= 8.95846939878538
IPollenLoad= 5.79576730495319
INectarLoad= 8.41311493190005
