ICQueenStrength= 2.7351337922737
RQWkrDrnRatio= 4.73261298425496
ICDroneMiteSurvivorship= 77.7478364529088
ICWorkerMiteSurvivorship= 73.1186769437045
ICForagerLifespan= 11.8330308860168
ImmType= Logarithmic
RQQueenStrength= 1.3999132309109
RQEnableReQueen=true
AIAdultSlope= 8.1458216458559
AIAdultLD50= 0.295493872053688
AIAdultSlopeContact= 8.11597027280368
AIAdultLD50Contact= 55.0011443452586
AILarvaSlope= 1.61850086599588
AILarvaLD50= 53.1023346491931
AIKOW= 44046.4085275044
AIKOC= 85744.9057413635
AIHalfLife= 32.2326941984473
EAppRate= 4.53528656886844
FoliarEnabled=true
FoliarAppDate= 07/01/1989
FoliarForageBegin= 07/01/1989
FoliarForageEnd= 07/14/1989
AIContactFactor= 1.77273240172304
CL4Pollen= 0.960235835984349
CL4Nectar= 95.4053244320676
CL5Pollen= 4.85019008489326
CL5Nectar= 34.833224688191
CLDPollen= 2.69658672669902
CLDNectar= 2.04812331357971
CA13Pollen= 4.04472918557003
CA13Nectar= 65.9657677263021
CA410Pollen= 8.45152662536129
CA410Nectar= 114.343332280405
CA1120Pollen= 1.75854696985334
CA1120Nectar= 61.9529615342617
IPollenTrips= 14.4126232829876
INectarTrips= 10.3777023288421
IPollenLoad= 4.27325980504975
INectarLoad= 7.96009246259928
