ICQueenStrength= 4.06266651721671
RQWkrDrnRatio= 2.57112563680857
ICDroneMiteSurvivorship= 36.6610116092488
ICWorkerMiteSurvivorship= 36.2122969003394
ICForagerLifespan= 9.6664651716128
ImmType= Tangent
RQQueenStrength= 1.65227002836764
RQEnableReQueen= true
AIAdultSlope= 2.3321390543133
AIAdultLD50= 80.8640492826337
AIAdultSlopeContact= 1.09549668454565
AIAdultLD50Contact= 73.2822151695369
AILarvaSlope= 5.40451744198799
AILarvaLD50= 2.43918819978437
AIKOW= 89228.0550968171
AIKOC= 72010.4652115579
AIHalfLife= 17.7812288707355
EAppRate= 6.33065694441437
FoliarEnabled= true
FoliarAppDate= 06/07/1989
FoliarForageBegin= 06/05/1989
FoliarForageEnd= 06/28/1989
AIContactFactor= 0.642260697693564
CL4Pollen= 1.31347778253257
CL4Nectar= 27.9103459557518
CL5Pollen= 4.84932463103905
CL5Nectar= 74.019648344256
CLDPollen= 1.1886473307386
CLDNectar= 4.87422358710319
CA13Pollen= 6.10479591907933
CA13Nectar= 88.2327470555902
CA410Pollen= 9.18833171236329
CA410Nectar= 133.713779835962
CA1120Pollen= 1.4880118877627
CA1120Nectar= 98.5214418359101
IPollenTrips= 14.242700880859
INectarTrips= 13.562099491246
IPollenLoad= 4.86747022951022
INectarLoad= 5.18104474758729
