ICQueenStrength= 2.04891572380438
RQWkrDrnRatio= 3.3787247966975
ICDroneMiteSurvivorship= 3.01430483814329
ICWorkerMiteSurvivorship= 53.4945553401485
ICForagerLifespan= 8.579226475209
ImmType= Logarithmic
RQQueenStrength= 3.30788335669786
RQEnableReQueen= true
AIAdultSlope= 1.16450757533312
AIAdultLD50= 74.91316834511
AIAdultSlopeContact= 6.24603408924304
AIAdultLD50Contact= 51.7901826455712
AILarvaSlope= 4.55261525511742
AILarvaLD50= 64.5785771901112
AIKOW= 32029.1078633812
AIKOC= 91408.5914385221
AIHalfLife= 28.1448395848274
EAppRate= 2.25623404252785
FoliarEnabled= true
FoliarAppDate= 06/07/1989
FoliarForageBegin= 06/05/1989
FoliarForageEnd= 06/28/1989
AIContactFactor= 0.76526603362523
CL4Pollen= 2.2825744971633
CL4Nectar= 51.6319536371157
CL5Pollen= 1.01580286072567
CL5Nectar= 71.8140551587567
CLDPollen= 4.62780715338886
CLDNectar= 26.8304274533875
CA13Pollen= 4.12571666650474
CA13Nectar= 50.7792249321938
CA410Pollen= 6.62363363287877
CA410Nectar= 90.5043265176937
CA1120Pollen= 1.04320083162747
CA1120Nectar= 87.3111108504236
IPollenTrips= 14.7838619817048
INectarTrips= 7.72005849052221
IPollenLoad= 6.63332114927471
INectarLoad= 5.81911944085732
