ICQueenStrength= 1.20647629979067
RQWkrDrnRatio= 2.23858542460948
ICDroneMiteSurvivorship= 21.091299969703
ICWorkerMiteSurvivorship= 53.9311159867793
ICForagerLifespan= 7.21266951411963
ImmType= Tangent
RQQueenStrength= 1.25978166842833
RQEnableReQueen= true
AIAdultSlope= 4.35784527100623
AIAdultLD50= 65.8124429776978
AIAdultSlopeContact= 2.72431142861024
AIAdultLD50Contact= 88.0552674009206
AILarvaSlope= 7.56593617238104
AILarvaLD50= 82.8144203690826
AIKOW= 76517.8951866665
AIKOC= 152.451955345226
AIHalfLife= 22.2529163632542
EAppRate= 1.34218461701646
FoliarEnabled= true
FoliarAppDate= 06/07/1989
FoliarForageBegin= 06/05/1989
FoliarForageEnd= 06/28/1989
AIContactFactor= 2.17843127736356
CL4Pollen= 2.32222734671086
CL4Nectar= 59.7113998839632
CL5Pollen= 2.58491025818512
CL5Nectar= 12.289017776493
CLDPollen= 0.236923326272517
CLDNectar= 128.811207250692
CA13Pollen= 2.63960760207847
CA13Nectar= 77.8470177017152
CA410Pollen= 2.36603711112402
CA410Nectar= 95.3247151104733
CA1120Pollen= 2.43585943453945
CA1120Nectar= 49.489518776536
IPollenTrips= 9.96644144179299
INectarTrips= 5.80113698495552
IPollenLoad= 1.75723306369036
INectarLoad= 4.97391007840633
ESoilP= 1.72940489533357
ESoilFoc= 0.00532238363754004
