ICQueenStrength= 4.00401800079271
RQWkrDrnRatio= 4.25878210365772
ICDroneMiteSurvivorship= 84.8632531007752
ICWorkerMiteSurvivorship= 58.2668396877125
ICForagerLifespan= 7.06148055568337
ImmType= Polynomial
RQQueenStrength= 2.00502254907042
RQEnableReQueen= true
AIAdultSlope= 7.77542392909527
AIAdultLD50= 23.3674208347516
AIAdultSlopeContact= 7.19527300191112
AIAdultLD50Contact= 32.5635364053354
AILarvaSlope= 3.53716803900898
AILarvaLD50= 48.937317414081
AIKOW= 88928.1682798909
AIKOC= 52403.2983657001
AIHalfLife= 3.24781315235887
EAppRate= 1.04215544641833
FoliarEnabled= true
FoliarAppDate= 06/07/1989
FoliarForageBegin= 06/05/1989
FoliarForageEnd= 06/28/1989
AIContactFactor= 1.37060938120354
CL4Pollen= 1.82627001497895
CL4Nectar= 68.9285802654922
CL5Pollen= 2.42733300011605
CL5Nectar= 61.1403029761277
CLDPollen= 3.04434925736859
CLDNectar= 97.5350278196856
CA13Pollen= 7.69796065269038
CA13Nectar= 45.6390651129186
CA410Pollen= 7.61933738719672
CA410Nectar= 86.2245687516406
CA1120Pollen= 1.28217265522107
CA1120Nectar= 66.695349663496
IPollenTrips= 8.6887172725983
INectarTrips= 12.8300234396011
IPollenLoad= 2.73257356137037
INectarLoad= 5.18090443918481
ESoilP= 1.9732085079886
ESoilFoc= 0.00945167628536001
