ICQueenStrength= 5.96866769855842
RQWkrDrnRatio= 2.48619941435754
ICDroneMiteSurvivorship= 29.2649996466935
ICWorkerMiteSurvivorship= 91.1125859478489
ICForagerLifespan= 11.305025854148
ImmType= Logarithmic
AIAdultSlope= 3.19795795773156
AIAdultLD50= 0.115081984037533
AIAdultSlopeContact= 3.04104434742127
AIAdultLD50Contact= 0.0024788917391561
AILarvaSlope= 1.29545774995349
AILarvaLD50= 0.573109872126952
AIKOW= 5.74512178823352
AIKOC= 8.62707921303809
AIHalfLife= 0.137455186550505
EAppRate= 7.50841101165861
FoliarEnabled= true
