ICQueenStrength= 1.73786195600405
RQWkrDrnRatio= 4.71425689850003
ICDroneMiteSurvivorship= 55.9518283000216
ICWorkerMiteSurvivorship= 77.0272142486647
ICForagerLifespan= 15.2311046840623
ImmType= Exponential
AIAdultSlope= 2.65489768421743
AIAdultLD50= 0.0190635403618217
AIAdultSlopeContact= 1.99339396385942
AIAdultLD50Contact= 0.00974668515846133
AILarvaSlope= 1.33501282231882
AILarvaLD50= 0.083883668971248
AIKOW= 5.00138948019594
AIKOC= 23.1569748325273
AIHalfLife= 0.115276609687135
EAppRate= 7.89498498197645
FoliarEnabled= true
