ICQueenStrength= 4.62965481705032
RQWkrDrnRatio= 4.73869563173503
ICDroneMiteSurvivorship= 26.3949734158814
ICWorkerMiteSurvivorship= 62.5153673812747
ICForagerLifespan= 7.85125801153481
ImmType= Sine
RQQueenStrength= 3.27821082691662
RQEnableReQueen= true
AIAdultSlope= 4.49232577718794
AIAdultLD50= 39.1351156292995
AIAdultSlopeContact= 3.23685570480302
AIAdultLD50Contact= 3.09892173652537
AILarvaSlope= 8.80475821718574
AILarvaLD50= 91.0041351042034
AIKOW= 16297.9227839438
AIKOC= 56780.2194491967
AIHalfLife= 4.33038238282315
EAppRate= 1.03236558959982
FoliarEnabled= true
FoliarAppDate= 06/07/1989
FoliarForageBegin= 06/05/1989
FoliarForageEnd= 06/28/1989
AIContactFactor= 0.976930419043638
CL4Pollen= 0.646933355368674
CL4Nectar= 55.87660796009
CL5Pollen= 5.41664629569277
CL5Nectar= 89.5420582965016
CLDPollen= 0.557910142466426
CLDNectar= 101.77861971315
CA13Pollen= 3.54178283950314
CA13Nectar= 52.6890273578465
CA410Pollen= 6.86801119958982
CA410Nectar= 155.543783050962
CA1120Pollen= 1.58784331474453
CA1120Nectar= 62.9556640982628
IPollenTrips= 5.8569127228111
INectarTrips= 9.18567342683673
IPollenLoad= 3.14828433096409
INectarLoad= 4.4943669764325
