ICQueenStrength= 4.58210690901615
RQWkrDrnRatio= 2.57169523462653
ICDroneMiteSurvivorship= 3.92134040594101
ICWorkerMiteSurvivorship= 27.2172223776579
ICForagerLifespan= 8.61308598890901
ImmType= Polynomial
RQQueenStrength= 5.74977341713384
RQEnableReQueen= true
AIAdultSlope= 1.42276120372117
AIAdultLD50= 4.87077967491001
AIAdultSlopeContact= 7.60759141272865
AIAdultLD50Contact= 29.806661026343
AILarvaSlope= 1.72628661431372
AILarvaLD50= 97.5452990805861
AIKOW= 25860.622837819
AIKOC= 79976.9835990402
AIHalfLife= 12.6131893608021
EAppRate= 8.86498714635661
FoliarEnabled= true
FoliarAppDate= 06/07/1989
FoliarForageBegin= 06/05/1989
FoliarForageEnd= 06/28/1989
AIContactFactor= 0.555322051402181
CL4Pollen= 1.47769307345152
CL4Nectar= 23.4885147539899
CL5Pollen= 0.475436854641885
CL5Nectar= 25.1595392357558
CLDPollen= 0.988733456935734
CLDNectar= 12.108538148459
CA13Pollen= 6.92088343836367
CA13Nectar= 81.7220786213875
CA410Pollen= 3.01595843564719
CA410Nectar= 38.8202917017043
CA1120Pollen= 1.06114813825116
CA1120Nectar= 35.1379705034196
IPollenTrips= 13.9555985224433
INectarTrips= 12.5288142310455
IPollenLoad= 6.41544847283512
INectarLoad= 1.95922751212493
