ICQueenStrength= 1.19108992535621
RQWkrDrnRatio= 1.3470895672217
ICDroneMiteSurvivorship= 73.9728728076443
ICWorkerMiteSurvivorship= 63.7427036417648
ICForagerLifespan= 4.20545600913465
ImmType= Cosine
RQQueenStrength= 1.53742968477309
RQEnableReQueen=true
AIAdultSlope= 8.72891465760767
AIAdultLD50= 0.418888776575215
AIAdultSlopeContact= 6.42723408667371
AIAdultLD50Contact= 67.8338076316887
AILarvaSlope= 4.03975543566048
AILarvaLD50= 70.3696546206181
AIKOW= 71107.632925077
AIKOC= 2055.02578678494
AIHalfLife= 0.300203923997469
EAppRate= 3.40691297140811
FoliarEnabled=true
FoliarAppDate= 07/01/1989
FoliarForageBegin= 07/01/1989
FoliarForageEnd= 07/14/1989
AIContactFactor= 1.77824722819962
CL4Pollen= 3.88681833818555
CL4Nectar= 94.9667982524261
CL5Pollen= 1.35244563315064
CL5Nectar= 132.849049090873
CLDPollen= 0.406166437547654
CLDNectar= 32.5862513040192
CA13Pollen= 6.56390013806522
CA13Nectar= 84.1351631470025
CA410Pollen= 3.0453255513683
CA410Nectar= 108.61485181842
CA1120Pollen= 1.33425237215124
CA1120Nectar= 48.6480663903058
IPollenTrips= 7.52029361668974
INectarTrips= 10.0512547721155
IPollenLoad= 3.59464085893705
INectarLoad= 0.815023882314563
