ICQueenStrength= 3.20654838951305
RQWkrDrnRatio= 4.26446644123644
ICDroneMiteSurvivorship= 13.108998676762
ICWorkerMiteSurvivorship= 8.76981366891414
ICForagerLifespan= 8.82065041549504
ImmType= Tangent
RQQueenStrength= 5.73670556675643
RQEnableReQueen= true
AIAdultSlope= 8.8447143137455
AIAdultLD50= 32.535487228943
AIAdultSlopeContact= 7.91416147840209
AIAdultLD50Contact= 48.0935733733564
AILarvaSlope= 7.4344139918685
AILarvaLD50= 44.4485521270842
AIKOW= 72679.2138382302
AIKOC= 58340.4674616621
AIHalfLife= 23.0969721965026
EAppRate= 8.60933510022261
FoliarEnabled= true
FoliarAppDate= 06/07/1989
FoliarForageBegin= 06/05/1989
FoliarForageEnd= 06/28/1989
AIContactFactor= 1.21680443897378
CL4Pollen= 0.615322155877948
CL4Nectar= 95.7898858236149
CL5Pollen= 1.33353884099051
CL5Nectar= 128.420655720402
CLDPollen= 2.17976000206545
CLDNectar= 10.0126021192409
CA13Pollen= 4.34519945112988
CA13Nectar= 93.2545921951532
CA410Pollen= 4.44297685215715
CA410Nectar= 191.155435638502
CA1120Pollen= 1.49204463860951
CA1120Nectar= 76.85313006863
IPollenTrips= 9.38416104298085
INectarTrips= 14.1744538792409
IPollenLoad= 7.79208634747192
INectarLoad= 4.37933703418821
