ICQueenStrength= 4.58950836933218
RQWkrDrnRatio= 4.73801961913705
ICDroneMiteSurvivorship= 22.078370465897
ICWorkerMiteSurvivorship= 98.0892531340942
ICForagerLifespan= 15.81951397378
ImmType= Exponential
RQQueenStrength= 4.35286311921664
RQEnableReQueen= true
AIAdultSlope= 6.94068995304406
AIAdultLD50= 0.585395887400489
AIAdultSlopeContact= 2.92513224179856
AIAdultLD50Contact= 22.0942551642011
AILarvaSlope= 7.86850442737341
AILarvaLD50= 73.1031556199822
AIKOW= 52714.4476792291
AIKOC= 81619.3836390404
AIHalfLife= 25.1375434100628
EAppRate= 8.0670878552997
FoliarEnabled= true
FoliarAppDate= 09/01/1989
FoliarForageBegin= 09/01/1989
FoliarForageEnd= 09/08/1989
AIContactFactor= 0.810569416256621
CL4Pollen= 0.206163883209229
CL4Nectar= 75.1348554156721
CL5Pollen= 0.156801647040993
CL5Nectar= 46.1716867634095
CLDPollen= 5.92165629426017
CLDNectar= 99.4517268729396
CA13Pollen= 4.18887291969731
CA13Nectar= 33.8124873302877
CA410Pollen= 2.99376306449994
CA410Nectar= 22.278715679422
CA1120Pollen= 2.69810031191446
CA1120Nectar= 51.5734959766269
IPollenTrips= 5.06367062916979
INectarTrips= 5.7457439834252
IPollenLoad= 1.11472510267049
INectarLoad= 8.31815004115924
