ICQueenStrength= 3.01759106712416
RQWkrDrnRatio= 3.17225410137326
ICDroneMiteSurvivorship= 51.2647449038923
ICWorkerMiteSurvivorship= 11.7083448218182
ICForagerLifespan= 8.74616500455886
ImmType= Logarithmic
RQQueenStrength= 4.27381190028973
RQEnableReQueen= true
AIAdultSlope= 7.16115892864764
AIAdultLD50= 67.5536184747263
AIAdultSlopeContact= 2.52273209299892
AIAdultLD50Contact= 77.8124722318237
AILarvaSlope= 1.12526255846024
AILarvaLD50= 81.130405038371
AIKOW= 56549.9285845238
AIKOC= 65453.8424361979
AIHalfLife= 31.7201597273815
EAppRate= 9.78532995081157
FoliarEnabled= true
FoliarAppDate= 06/07/1989
FoliarForageBegin= 06/05/1989
FoliarForageEnd= 06/28/1989
AIContactFactor= 0.326307418849319
CL4Pollen= 1.64384306687862
CL4Nectar= 0.983850844204426
CL5Pollen= 2.28114414168522
CL5Nectar= 56.3387067988515
CLDPollen= 5.67883296031505
CLDNectar= 64.7025680635124
CA13Pollen= 4.23266347153112
CA13Nectar= 96.4909803494811
CA410Pollen= 8.37432456542738
CA410Nectar= 118.258502655663
CA1120Pollen= 2.97564589208923
CA1120Nectar= 54.3563430570066
IPollenTrips= 9.84476101817563
INectarTrips= 5.09331663139164
IPollenLoad= 6.07744031352922
INectarLoad= 1.9436819315888
