ICQueenStrength= 4.85167550412007
RQWkrDrnRatio= 1.05415322259068
ICDroneMiteSurvivorship= 57.2647648630664
ICWorkerMiteSurvivorship= 28.9822005899623
ICForagerLifespan= 8.34966067317873
ImmType= Logarithmic
RQQueenStrength= 5.45564244291745
RQEnableReQueen= true
AIAdultSlope= 2.72996371798217
AIAdultLD50= 62.2915471861865
AIAdultSlopeContact= 1.63793566799723
AIAdultLD50Contact= 22.2401457125575
AILarvaSlope= 4.29709503985941
AILarvaLD50= 9.65970496761799
AIKOW= 17199.4890930485
AIKOC= 51234.648091919
AIHalfLife= 31.6360121557489
EAppRate= 5.89301754300133
FoliarEnabled= true
FoliarAppDate= 06/07/1989
FoliarForageBegin= 06/05/1989
FoliarForageEnd= 06/28/1989
AIContactFactor= 1.57650519848801
CL4Pollen= 1.06572256144136
CL4Nectar= 8.6536064511165
CL5Pollen= 4.82942381640896
CL5Nectar= 114.911214367021
CLDPollen= 0.268438815604895
CLDNectar= 112.579423107672
CA13Pollen= 5.76985602946952
CA13Nectar= 81.294979415834
CA410Pollen= 6.05021904096939
CA410Nectar= 120.25533799082
CA1120Pollen= 1.03755946853198
CA1120Nectar= 32.0831621438265
IPollenTrips= 13.8736781780608
INectarTrips= 6.9170539220795
IPollenLoad= 0.159158410970122
INectarLoad= 3.00511597422883
ESoilP= 1.65616595861502
ESoilFoc= 0.00340975225996226
