ICQueenStrength= 4.71484091621824
RQWkrDrnRatio= 1.4516433570534
ICDroneMiteSurvivorship= 91.7413395131007
ICWorkerMiteSurvivorship= 79.8423429951072
ICForagerLifespan= 9.93500509113073
ImmType= Logarithmic
RQQueenStrength= 5.47360363090411
RQEnableReQueen= true
AIAdultSlope= 1.88501246273518
AIAdultLD50= 96.0237052716003
AIAdultSlopeContact= 9.34462735615671
AIAdultLD50Contact= 81.8837969547084
AILarvaSlope= 8.90579915046692
AILarvaLD50= 4.10143766856706
AIKOW= 53170.1976697075
AIKOC= 44620.2710422298
AIHalfLife= 5.41531158632133
EAppRate= 6.03227624548739
FoliarEnabled= true
FoliarAppDate= 06/07/1989
FoliarForageBegin= 06/05/1989
FoliarForageEnd= 06/28/1989
AIContactFactor= 0.669922182601877
CL4Pollen= 1.76926405262202
CL4Nectar= 70.9147571353242
CL5Pollen= 0.21951146190986
CL5Nectar= 49.848255130928
CLDPollen= 2.63649947941303
CLDNectar= 123.905643832404
CA13Pollen= 6.82236081901938
CA13Nectar= 33.3883094787598
CA410Pollen= 7.9953496378148
CA410Nectar= 167.278288989328
CA1120Pollen= 0.70777401002124
CA1120Nectar= 83.8507244363427
IPollenTrips= 8.6075822962448
INectarTrips= 14.0535773010924
IPollenLoad= 4.31426145602018
INectarLoad= 5.31872362829745
