ICQueenStrength= 1.93466256395914
RQWkrDrnRatio= 1.61142598744482
ICDroneMiteSurvivorship= 30.2551465108991
ICWorkerMiteSurvivorship= 66.8274588184431
ICForagerLifespan= 13.0916084572673
ImmType= Exponential
RQQueenStrength= 4.6455764353741
RQEnableReQueen= true
AIAdultSlope= 8.53071230649948
AIAdultLD50= 91.4868860363767
AIAdultSlopeContact= 5.63203829340637
AIAdultLD50Contact= 85.318680215671
AILarvaSlope= 6.93895189464092
AILarvaLD50= 20.7172412431361
AIKOW= 76022.6011504921
AIKOC= 26893.4375220791
AIHalfLife= 2.56953640105203
EAppRate= 2.83474024464563
FoliarEnabled= true
FoliarAppDate= 06/07/1989
FoliarForageBegin= 06/05/1989
FoliarForageEnd= 06/28/1989
AIContactFactor= 1.38428022781853
CL4Pollen= 2.22401916701347
CL4Nectar= 76.5913472278044
CL5Pollen= 2.34213173249736
CL5Nectar= 95.2005216968246
CLDPollen= 3.1018715207465
CLDNectar= 116.998127836268
CA13Pollen= 7.88399649765342
CA13Nectar= 44.3746875226498
CA410Pollen= 9.3126279248856
CA410Nectar= 79.094681981951
CA1120Pollen= 2.50954969343729
CA1120Nectar= 73.1770467199385
IPollenTrips= 11.073814292904
INectarTrips= 13.6914275586605
IPollenLoad= 1.90156262600794
INectarLoad= 0.482317213900387
