ICQueenStrength= 3.82421264797449
RQWkrDrnRatio= 2.28196346946061
ICDroneMiteSurvivorship= 9.6529834670946
ICWorkerMiteSurvivorship= 70.7098546205088
ICForagerLifespan= 13.5902712848037
ImmType= Polynomial
RQQueenStrength= 1.59507460100576
RQEnableReQueen= true
AIAdultSlope= 7.01972824335098
AIAdultLD50= 0.92328017669986
AIAdultSlopeContact= 7.69254691735841
AIAdultLD50Contact= 47.0723136676361
AILarvaSlope= 7.49821295030415
AILarvaLD50= 4.64286725004716
AIKOW= 17495.2132477284
AIKOC= 76042.6274900334
AIHalfLife= 27.4588025826961
EAppRate= 3.20676544770133
FoliarEnabled= true
FoliarAppDate= 09/01/1989
FoliarForageBegin= 09/01/1989
FoliarForageEnd= 09/08/1989
AIContactFactor= 2.22279560639523
CL4Pollen= 1.21207404695451
CL4Nectar= 52.5252571562305
CL5Pollen= 5.19256717571989
CL5Nectar= 58.8969406904653
CLDPollen= 1.19494049996138
CLDNectar= 148.282434570137
CA13Pollen= 6.06262927437201
CA13Nectar= 54.6854810789227
CA410Pollen= 3.70518455288839
CA410Nectar= 134.740789579228
CA1120Pollen= 0.93557179486379
CA1120Nectar= 82.2459104470909
IPollenTrips= 6.78772495361045
INectarTrips= 10.3076350339688
IPollenLoad= 1.43941432470456
INectarLoad= 1.1667270748876
