ICQueenStrength= 3.39649704424664
RQWkrDrnRatio= 4.92865851335227
ICDroneMiteSurvivorship= 19.123352272436
ICWorkerMiteSurvivorship= 7.02184101101011
ICForagerLifespan= 12.2873416189104
ImmType= Sine
RQQueenStrength= 5.02289683464915
RQEnableReQueen= true
AIAdultSlope= 6.46033291332424
AIAdultLD50= 76.3786337198927
AIAdultSlopeContact= 8.29707468510605
AIAdultLD50Contact= 58.0925752008774
AILarvaSlope= 8.59677658230066
AILarvaLD50= 96.9720866180002
AIKOW= 62419.3556236023
AIKOC= 78793.3718242806
AIHalfLife= 20.8045587638859
EAppRate= 5.96501314243721
FoliarEnabled= true
FoliarAppDate= 06/07/1989
FoliarForageBegin= 06/05/1989
FoliarForageEnd= 06/28/1989
AIContactFactor= 1.48529538958799
CL4Pollen= 3.9234115248546
CL4Nectar= 54.8821532167494
CL5Pollen= 2.73881893325597
CL5Nectar= 133.501102519222
CLDPollen= 4.96537104668096
CLDNectar= 115.12299788883
CA13Pollen= 6.52495146663859
CA13Nectar= 75.4423594288528
CA410Pollen= 7.61779193398543
CA410Nectar= 126.681658118032
CA1120Pollen= 2.54169097426347
CA1120Nectar= 61.4323236234486
IPollenTrips= 7.77717247139663
INectarTrips= 10.2877626637928
IPollenLoad= 8.20519156521186
INectarLoad= 7.63278366532177
