ICQueenStrength= 5.18934331508353
RQWkrDrnRatio= 3.50709325633943
ICDroneMiteSurvivorship= 9.2507045250386
ICWorkerMiteSurvivorship= 28.1615347368643
ICForagerLifespan= 15.7226113723591
ImmType= Sine
RQQueenStrength= 2.98245977517217
RQEnableReQueen= true
AIAdultSlope= 8.71168786101043
AIAdultLD50= 0.244360515979817
AIAdultSlopeContact= 6.06401905650273
AIAdultLD50Contact= 83.779779090581
AILarvaSlope= 2.16641691140831
AILarvaLD50= 0.18385814351961
AIKOW= 88878.2232712878
AIKOC= 64851.6503919887
AIHalfLife= 3.4086959667271
EAppRate= 0.791241947333328
FoliarEnabled= true
FoliarAppDate= 09/01/1989
FoliarForageBegin= 09/01/1989
FoliarForageEnd= 09/08/1989
AIContactFactor= 0.469852106515318
CL4Pollen= 1.17451492324471
CL4Nectar= 39.6374775795266
CL5Pollen= 2.52650591963902
CL5Nectar= 105.255666305311
CLDPollen= 3.28745947033167
CLDNectar= 18.8611705088988
CA13Pollen= 2.42637822991237
CA13Nectar= 56.4866025187075
CA410Pollen= 7.17542718700133
CA410Nectar= 146.523934947327
CA1120Pollen= 2.7317476880271
CA1120Nectar= 33.3241757191718
IPollenTrips= 7.60601947084069
INectarTrips= 10.4947753064334
IPollenLoad= 3.383844261989
INectarLoad= 5.8799060061574
