ICQueenStrength= 2.56006517936476
RQWkrDrnRatio= 2.04012317489833
ICDroneMiteSurvivorship= 27.0391799975187
ICWorkerMiteSurvivorship= 96.2104179197922
ICForagerLifespan= 9.84695891756564
ImmType= Sine
RQQueenStrength= 4.12764458009042
RQEnableReQueen= true
AIAdultSlope= 7.56755028292537
AIAdultLD50= 95.3459111493065
AIAdultSlopeContact= 6.83058403502218
AIAdultLD50Contact= 78.3982899262712
AILarvaSlope= 3.51315960101783
AILarvaLD50= 10.0575736342994
AIKOW= 84436.4282871838
AIKOC= 93048.5459895949
AIHalfLife= 15.6907941482961
EAppRate= 2.77234979266836
FoliarEnabled= true
FoliarAppDate= 06/07/1989
FoliarForageBegin= 06/05/1989
FoliarForageEnd= 06/28/1989
AIContactFactor= 1.60254628597759
CL4Pollen= 1.28621767181903
CL4Nectar= 43.5881413053721
CL5Pollen= 5.44362187944353
CL5Nectar= 108.209807553794
CLDPollen= 5.8459706408903
CLDNectar= 146.427267522085
CA13Pollen= 4.45764301326126
CA13Nectar= 98.6135175079107
CA410Pollen= 6.90628932234831
CA410Nectar= 117.755626770668
CA1120Pollen= 0.183313552290201
CA1120Nectar= 36.7212132364511
IPollenTrips= 9.92249919800088
INectarTrips= 6.3784462492913
IPollenLoad= 2.24880327703431
INectarLoad= 8.23896368034184
