ICQueenStrength= 4.12613372690976
RQWkrDrnRatio= 4.29132249671966
ICDroneMiteSurvivorship= 96.8140396056697
ICWorkerMiteSurvivorship= 6.21095669921488
ICForagerLifespan= 12.2659565648064
ImmType= Logarithmic
RQQueenStrength= 4.33078468800522
RQEnableReQueen= true
AIAdultSlope= 8.30869648605585
AIAdultLD50= 0.733510352910729
AIAdultSlopeContact= 9.48493584501557
AIAdultLD50Contact= 76.337633491742
AILarvaSlope= 5.35931374691427
AILarvaLD50= 49.0075762220253
AIKOW= 71516.6127387255
AIKOC= 29637.2652721279
AIHalfLife= 22.5933948969236
EAppRate= 2.63935266764043
FoliarEnabled= true
FoliarAppDate= 09/01/1989
FoliarForageBegin= 09/01/1989
FoliarForageEnd= 09/08/1989
AIContactFactor= 1.33122086858377
CL4Pollen= 0.660228730179369
CL4Nectar= 59.3299791915342
CL5Pollen= 0.559222351759672
CL5Nectar= 63.6833830503747
CLDPollen= 1.74573351256549
CLDNectar= 87.9630815237761
CA13Pollen= 3.55172475175932
CA13Nectar= 96.0983038134873
CA410Pollen= 7.70930331642739
CA410Nectar= 108.737785420381
CA1120Pollen= 1.98999114800245
CA1120Nectar= 96.6530994698405
IPollenTrips= 7.96799530042335
INectarTrips= 8.34421009058133
IPollenLoad= 8.52270220173523
INectarLoad= 6.76994122564793
