ICQueenStrength= 1.99153640097938
RQWkrDrnRatio= 3.6653149984777
ICDroneMiteSurvivorship= 55.1578337326646
ICWorkerMiteSurvivorship= 18.2178801624104
ICForagerLifespan= 9.98179443925619
ImmType= Exponential
RQQueenStrength= 1.23313374374993
RQEnableReQueen= true
AIAdultSlope= 6.51324043795466
AIAdultLD50= 53.1002184493521
AIAdultSlopeContact= 3.73722022701986
AIAdultLD50Contact= 20.2958941924179
AILarvaSlope= 8.64329153485596
AILarvaLD50= 71.4156128937274
AIKOW= 52443.4163294265
AIKOC= 76234.3295006973
AIHalfLife= 24.8721667379374
EAppRate= 6.15675601544906
FoliarEnabled= true
FoliarAppDate= 06/07/1989
FoliarForageBegin= 06/05/1989
FoliarForageEnd= 06/28/1989
AIContactFactor= 1.05511847891379
CL4Pollen= 0.0394480424001813
CL4Nectar= 40.8476705430076
CL5Pollen= 2.09486577054486
CL5Nectar= 107.950362120755
CLDPollen= 0.123908037319779
CLDNectar= 116.503645770717
CA13Pollen= 2.35103094698861
CA13Nectar= 37.3736943490803
CA410Pollen= 6.53623304346111
CA410Nectar= 183.341940334067
CA1120Pollen= 2.86608694517054
CA1120Nectar= 26.2639299035072
IPollenTrips= 7.80036659445614
INectarTrips= 13.0559947877191
IPollenLoad= 9.36638113576919
INectarLoad= 6.50374807650223
