ICQueenStrength= 2.33299451321363
RQWkrDrnRatio= 1.81071099080145
ICDroneMiteSurvivorship= 38.6125087039545
ICWorkerMiteSurvivorship= 35.3830199921504
ICForagerLifespan= 4.93221413716674
ImmType= Exponential
AIAdultSlope= 3.29434744276805
AIAdultLD50= 0.192307559587061
AIAdultSlopeContact= 2.68612479887204
AIAdultLD50Contact= 0.0438286488410085
AILarvaSlope= 1.00332593834028
AILarvaLD50= 0.298120389156975
AIKOW= 4.65779749583453
AIKOC= 10.3392130997963
AIHalfLife= 2.56220064267982
EAppRate= 4.72759223310277
FoliarEnabled= true
