ICQueenStrength= 3.79024588759057
RQWkrDrnRatio= 4.34162321593612
ICDroneMiteSurvivorship= 28.967073559761
ICWorkerMiteSurvivorship= 19.9657224817201
ICForagerLifespan= 11.023759579286
ImmType= Logarithmic
RQQueenStrength= 5.82011868502013
RQEnableReQueen= true
AIAdultSlope= 1.5653726272285
AIAdultLD50= 68.8470719432114
AIAdultSlopeContact= 6.63529289118014
AIAdultLD50Contact= 57.0397901687338
AILarvaSlope= 1.6512730140239
AILarvaLD50= 54.4273078795047
AIKOW= 88760.0670632708
AIKOC= 31078.6178988458
AIHalfLife= 5.18786592877004
EAppRate= 4.73266242782446
FoliarEnabled= true
FoliarAppDate= 06/07/1989
FoliarForageBegin= 06/05/1989
FoliarForageEnd= 06/28/1989
AIContactFactor= 1.83061965466011
CL4Pollen= 0.668829492293298
CL4Nectar= 47.7718585170805
CL5Pollen= 5.74481262825429
CL5Nectar= 25.4438527626917
CLDPollen= 5.68943431181833
CLDNectar= 16.8659135350026
CA13Pollen= 3.26994064990431
CA13Nectar= 69.2567792534828
CA410Pollen= 3.57432906450704
CA410Nectar= 152.192567698658
CA1120Pollen= 0.092168694594875
CA1120Nectar= 80.6711279600859
IPollenTrips= 12.8213085327297
INectarTrips= 7.9555298294872
IPollenLoad= 1.53457233682275
INectarLoad= 0.235481010749936
