ICQueenStrength= 2.43434579367749
RQWkrDrnRatio= 3.69383279327303
ICDroneMiteSurvivorship= 35.8114910544828
ICWorkerMiteSurvivorship= 77.9022738337517
ICForagerLifespan= 9.74963176157326
ImmType= Cosine
RQQueenStrength= 1.48179649049416
RQEnableReQueen= true
AIAdultSlope= 8.0392381940037
AIAdultLD50= 78.4222676571959
AIAdultSlopeContact= 6.86664829449728
AIAdultLD50Contact= 86.8292293944273
AILarvaSlope= 2.48394074477255
AILarvaLD50= 31.8338473195308
AIKOW= 33301.8466473188
AIKOC= 73992.6651627049
AIHalfLife= 26.7790876397863
EAppRate= 1.01838222035649
FoliarEnabled= true
FoliarAppDate= 06/07/1989
FoliarForageBegin= 06/05/1989
FoliarForageEnd= 06/28/1989
AIContactFactor= 0.368650712505914
CL4Pollen= 0.66720556281507
CL4Nectar= 22.4413535092026
CL5Pollen= 4.29266978055239
CL5Nectar= 114.107119641267
CLDPollen= 3.58985819667578
CLDNectar= 123.710702627432
CA13Pollen= 5.96291701709852
CA13Nectar= 68.3513774350286
CA410Pollen= 5.04858313230798
CA410Nectar= 32.9937432240695
CA1120Pollen= 2.0781108266674
CA1120Nectar= 31.4481759443879
IPollenTrips= 9.42201922647655
INectarTrips= 9.12349093239754
IPollenLoad= 0.93731414526701
INectarLoad= 9.12682931404561
ESoilP= 1.72527187387459
ESoilFoc= 0.0194428823143244
