ICQueenStrength= 2.53563750558533
RQWkrDrnRatio= 1.30779683962464
ICDroneMiteSurvivorship= 71.7693627811968
ICWorkerMiteSurvivorship= 13.7819080380723
ICForagerLifespan= 14.7026053573936
ImmType= Tangent
RQQueenStrength= 4.41452318825759
RQEnableReQueen= true
AIAdultSlope= 7.07494010403752
AIAdultLD50= 28.6791728895232
AIAdultSlopeContact= 8.23874945915304
AIAdultLD50Contact= 16.7591399288431
AILarvaSlope= 7.96855715848505
AILarvaLD50= 65.5215208079233
AIKOW= 76085.5190388841
AIKOC= 81894.2338099035
AIHalfLife= 9.64869809788652
EAppRate= 2.00243619061727
FoliarEnabled= true
FoliarAppDate= 06/07/1989
FoliarForageBegin= 06/05/1989
FoliarForageEnd= 06/28/1989
AIContactFactor= 0.356350402580574
CL4Pollen= 0.715596594847739
CL4Nectar= 43.8273127889261
CL5Pollen= 2.54093859996647
CL5Nectar= 110.107789433096
CLDPollen= 3.9206790626049
CLDNectar= 129.060681746341
CA13Pollen= 7.75286178737879
CA13Nectar= 79.6964226476848
CA410Pollen= 7.96635394620243
CA410Nectar= 59.6516134915873
CA1120Pollen= 2.79727161792107
CA1120Nectar= 21.0219439119101
IPollenTrips= 7.02117466134951
INectarTrips= 8.54348306544125
IPollenLoad= 9.21293466817588
INectarLoad= 5.77958630863577
