ICQueenStrength= 4.35961073520593
RQWkrDrnRatio= 4.69461158011109
ICDroneMiteSurvivorship= 36.414569336921
ICWorkerMiteSurvivorship= 11.8364938767627
ICForagerLifespan= 11.1752327820286
ImmType= Sine
RQQueenStrength= 2.40076918061823
RQEnableReQueen= true
AIAdultSlope= 5.31489427387714
AIAdultLD50= 75.4900401237626
AIAdultSlopeContact= 5.63458916428499
AIAdultLD50Contact= 59.7587233798006
AILarvaSlope= 4.62062740698457
AILarvaLD50= 66.1410800749622
AIKOW= 36056.0315809511
AIKOC= 1022.85139231803
AIHalfLife= 9.8878037676448
EAppRate= 1.40829212951474
FoliarEnabled= true
FoliarAppDate= 06/07/1989
FoliarForageBegin= 06/05/1989
FoliarForageEnd= 06/28/1989
AIContactFactor= 0.662536862799898
CL4Pollen= 0.11219190992415
CL4Nectar= 33.9073836570606
CL5Pollen= 4.50237803673372
CL5Nectar= 18.7574216513894
CLDPollen= 2.40874635055661
CLDNectar= 25.8104572305456
CA13Pollen= 6.186462415196
CA13Nectar= 72.1191939339042
CA410Pollen= 2.84399883956648
CA410Nectar= 170.527855493128
CA1120Pollen= 0.858183182543144
CA1120Nectar= 82.4484043382108
IPollenTrips= 13.474421959836
INectarTrips= 10.4502448672429
IPollenLoad= 6.2348333816044
INectarLoad= 6.58039082540199
