ICQueenStrength= 2.48235612316057
RQWkrDrnRatio= 3.71050777100027
ICDroneMiteSurvivorship= 82.8832693630829
ICWorkerMiteSurvivorship= 36.3131208112463
ICForagerLifespan= 12.4588456340134
ImmType= Sine
RQQueenStrength= 2.0767821688205
RQEnableReQueen= true
AIAdultSlope= 5.16618802398443
AIAdultLD50= 0.631575174055761
AIAdultSlopeContact= 8.29096145927906
AIAdultLD50Contact= 97.5929715396182
AILarvaSlope= 5.18440102785826
AILarvaLD50= 82.2926897860104
AIKOW= 45751.6148219598
AIKOC= 10691.7687220694
AIHalfLife= 30.5574573090533
EAppRate= 2.06795080562611
FoliarEnabled= true
FoliarAppDate= 09/01/1989
FoliarForageBegin= 09/01/1989
FoliarForageEnd= 09/08/1989
AIContactFactor= 1.59431789093651
CL4Pollen= 2.05826759710908
CL4Nectar= 58.9228420285508
CL5Pollen= 0.783804222475737
CL5Nectar= 133.688674110454
CLDPollen= 2.66782972309738
CLDNectar= 108.146616350859
CA13Pollen= 6.61068830993026
CA13Nectar= 89.8684729263186
CA410Pollen= 7.6509081899887
CA410Nectar= 163.00307283178
CA1120Pollen= 2.79047756223008
CA1120Nectar= 52.3942811414599
IPollenTrips= 9.19970108894631
INectarTrips= 11.7361188167706
IPollenLoad= 3.98733479669318
INectarLoad= 5.41502910666168
