ICQueenStrength= 2.40898108831607
RQWkrDrnRatio= 3.04869923740625
ICDroneMiteSurvivorship= 36.3571163732558
ICWorkerMiteSurvivorship= 33.8424693094566
ICForagerLifespan= 7.12293976545334
ImmType= Cosine
RQQueenStrength= 5.82970408629626
RQEnableReQueen= true
AIAdultSlope= 8.27747298777103
AIAdultLD50= 93.0315811406598
AIAdultSlopeContact= 9.30148645071313
AIAdultLD50Contact= 20.9667828829896
AILarvaSlope= 7.3193034324795
AILarvaLD50= 17.0928277474695
AIKOW= 70129.6717694983
AIKOC= 41555.6207979273
AIHalfLife= 24.3408747838577
EAppRate= 5.38111137830583
FoliarEnabled= true
FoliarAppDate= 06/07/1989
FoliarForageBegin= 06/05/1989
FoliarForageEnd= 06/28/1989
AIContactFactor= 0.888770244475454
CL4Pollen= 0.976246055215597
CL4Nectar= 79.7416885616258
CL5Pollen= 4.55035279132426
CL5Nectar= 89.3112511723302
CLDPollen= 0.614506707061082
CLDNectar= 33.2999459467828
CA13Pollen= 2.95393601320684
CA13Nectar= 79.4279465451837
CA410Pollen= 8.560025289841
CA410Nectar= 160.298220315017
CA1120Pollen= 2.10493782651611
CA1120Nectar= 20.0102698989213
IPollenTrips= 8.82855703122914
INectarTrips= 14.9391937092878
IPollenLoad= 8.75881110318005
INectarLoad= 5.97911279182881
ESoilP= 1.23713713814504
ESoilFoc= 0.00607568557187915
