ICQueenStrength= 4.81921645486727
RQWkrDrnRatio= 4.23517559282482
ICDroneMiteSurvivorship= 52.8285452863201
ICWorkerMiteSurvivorship= 61.2612803466618
ICForagerLifespan= 9.59002859890461
ImmType= Polynomial
RQQueenStrength= 2.44695838796906
RQEnableReQueen= true
AIAdultSlope= 1.48444925248623
AIAdultLD50= 0.0392653695940971
AIAdultSlopeContact= 6.15853324788623
AIAdultLD50Contact= 14.4060017706347
AILarvaSlope= 5.07363553158939
AILarvaLD50= 25.2075489711564
AIKOW= 97763.3132740505
AIKOC= 33608.9270895775
AIHalfLife= 24.3671940777916
EAppRate= 4.80299662081222
FoliarEnabled= true
FoliarAppDate= 09/01/1989
FoliarForageBegin= 09/01/1989
FoliarForageEnd= 09/08/1989
AIContactFactor= 0.294679740844294
CL4Pollen= 1.80105578433722
CL4Nectar= 52.9946900904179
CL5Pollen= 2.23164427606389
CL5Nectar= 119.188586762175
CLDPollen= 4.61862747184932
CLDNectar= 78.0286113149486
CA13Pollen= 2.66980880340561
CA13Nectar= 94.4125735014677
CA410Pollen= 7.74009510725737
CA410Nectar= 81.3259621663019
CA1120Pollen= 2.01949620991945
CA1120Nectar= 64.2796998284757
IPollenTrips= 10.3993147192523
INectarTrips= 7.12700855918229
IPollenLoad= 5.74944571359083
INectarLoad= 1.04495736304671
