ICQueenStrength= 2.98287989594974
RQWkrDrnRatio= 2.52994392625988
ICDroneMiteSurvivorship= 76.172167272307
ICWorkerMiteSurvivorship= 50.7827126886696
ICForagerLifespan= 15.5179728642106
ImmType= Polynomial
RQQueenStrength= 1.72082520113327
RQEnableReQueen= true
AIAdultSlope= 5.85142199508846
AIAdultLD50= 32.16262292636
AIAdultSlopeContact= 5.59718792210333
AIAdultLD50Contact= 19.8481026413394
AILarvaSlope= 3.62451076693833
AILarvaLD50= 11.6116486696401
AIKOW= 52604.6936298095
AIKOC= 30052.1438400235
AIHalfLife= 24.2322217732668
EAppRate= 9.4122116822768
FoliarEnabled= true
FoliarAppDate= 06/07/1989
FoliarForageBegin= 06/05/1989
FoliarForageEnd= 06/28/1989
AIContactFactor= 0.610051007503644
CL4Pollen= 1.02991664968431
CL4Nectar= 38.3190269349143
CL5Pollen= 2.00122964289039
CL5Nectar= 59.5987111330032
CLDPollen= 0.537655354477465
CLDNectar= 138.688049186021
CA13Pollen= 8.17692072857171
CA13Nectar= 25.4573441296816
CA410Pollen= 6.6535809627967
CA410Nectar= 57.2414256073534
CA1120Pollen= 1.98082145000808
CA1120Nectar= 48.001960888505
IPollenTrips= 9.28138460498303
INectarTrips= 6.49715680629015
IPollenLoad= 3.59250630950555
INectarLoad= 7.30258099734783
ESoilP= 1.20661363331601
ESoilFoc= 0.0159459108759183
