ICQueenStrength= 3.43103945860639
RQWkrDrnRatio= 3.14357847440988
ICDroneMiteSurvivorship= 17.5941646331921
ICWorkerMiteSurvivorship= 43.2798928348348
ICForagerLifespan= 10.7207976114005
ImmType= Sine
RQQueenStrength= 2.9996658002492
RQEnableReQueen= true
AIAdultSlope= 1.48309830576181
AIAdultLD50= 19.7639101297318
AIAdultSlopeContact= 6.62224353151396
AIAdultLD50Contact= 94.7506490769237
AILarvaSlope= 6.55240164324641
AILarvaLD50= 31.5812285973788
AIKOW= 99244.6246613821
AIKOC= 20108.3965489068
AIHalfLife= 0.510204844200052
EAppRate= 0.611157976144925
FoliarEnabled= true
FoliarAppDate= 06/07/1989
FoliarForageBegin= 06/05/1989
FoliarForageEnd= 06/28/1989
AIContactFactor= 0.529103753124364
CL4Pollen= 0.164191551506519
CL4Nectar= 83.3709927042946
CL5Pollen= 2.61167915957049
CL5Nectar= 118.644489522558
CLDPollen= 2.33210264146328
CLDNectar= 110.552110872231
CA13Pollen= 5.6255568026565
CA13Nectar= 32.3865654692054
CA410Pollen= 8.12963412122335
CA410Nectar= 132.131654247642
CA1120Pollen= 0.615475300932303
CA1120Nectar= 84.7096035815775
IPollenTrips= 6.46721951663494
INectarTrips= 13.0370567366481
IPollenLoad= 5.13260617852211
INectarLoad= 1.83412963524461
