ICQueenStrength= 5.69987709191628
RQWkrDrnRatio= 2.74006225634366
ICDroneMiteSurvivorship= 16.1662315018475
ICWorkerMiteSurvivorship= 97.6141941733658
ICForagerLifespan= 6.6972317378968
ImmType= Tangent
RQQueenStrength= 2.59114541602321
RQEnableReQueen= true
AIAdultSlope= 8.6149281989783
AIAdultLD50= 58.8617761132612
AIAdultSlopeContact= 4.06694935495034
AIAdultLD50Contact= 7.84329416695004
AILarvaSlope= 2.36870888620615
AILarvaLD50= 88.0110642234841
AIKOW= 12775.301132986
AIKOC= 38815.7457974709
AIHalfLife= 4.11918066595681
EAppRate= 4.7043512950812
FoliarEnabled= true
FoliarAppDate= 06/07/1989
FoliarForageBegin= 06/05/1989
FoliarForageEnd= 06/28/1989
AIContactFactor= 2.16916175916325
CL4Pollen= 1.44776359014213
CL4Nectar= 43.2759582996368
CL5Pollen= 2.51837005186826
CL5Nectar= 116.610453743488
CLDPollen= 0.416881658602506
CLDNectar= 137.947743257973
CA13Pollen= 3.88133443128318
CA13Nectar= 49.0047536417842
CA410Pollen= 7.89742796013597
CA410Nectar= 121.351772858761
CA1120Pollen= 1.01547189080156
CA1120Nectar= 61.9121791422367
IPollenTrips= 6.93449691170827
INectarTrips= 12.1973088150844
IPollenLoad= 3.08868895052001
INectarLoad= 9.23076242441311
