ICQueenStrength= 3.05777489230968
RQWkrDrnRatio= 1.83169370796531
ICDroneMiteSurvivorship= 23.919783369638
ICWorkerMiteSurvivorship= 70.0203376356512
ICForagerLifespan= 13.8341592755169
ImmType= Exponential
RQQueenStrength= 2.31074321572669
RQEnableReQueen= true
AIAdultSlope= 8.85455562919378
AIAdultLD50= 25.4231965358718
AIAdultSlopeContact= 9.48114504129626
AIAdultLD50Contact= 68.1448663075585
AILarvaSlope= 3.91840261407197
AILarvaLD50= 75.4575866971086
AIKOW= 44778.4721426358
AIKOC= 14381.8480215035
AIHalfLife= 12.7116992653115
EAppRate= 3.1974275072189
FoliarEnabled= true
FoliarAppDate= 06/07/1989
FoliarForageBegin= 06/05/1989
FoliarForageEnd= 06/28/1989
AIContactFactor= 1.42188889511395
CL4Pollen= 3.47877106908709
CL4Nectar= 50.7681529503316
CL5Pollen= 5.06462447717786
CL5Nectar= 81.4147731056437
CLDPollen= 4.081669381354
CLDNectar= 94.2989563336596
CA13Pollen= 4.09190903259441
CA13Nectar= 90.4598389565945
CA410Pollen= 3.75226348668803
CA410Nectar= 107.779085631482
CA1120Pollen= 2.60372947761789
CA1120Nectar= 58.8675674237311
IPollenTrips= 11.9647668977268
INectarTrips= 14.9527115165256
IPollenLoad= 4.82989605749026
INectarLoad= 9.71965211676434
