ICQueenStrength= 3.9004233982414
RQWkrDrnRatio= 1.06273833382875
ICDroneMiteSurvivorship= 11.2752022454515
ICWorkerMiteSurvivorship= 82.8306024661288
ICForagerLifespan= 13.5374153330922
ImmType= Polynomial
RQQueenStrength= 4.95107216667384
RQEnableReQueen= true
AIAdultSlope= 3.77871778421104
AIAdultLD50= 49.2722305382825
AIAdultSlopeContact= 8.43180724908598
AIAdultLD50Contact= 43.4572137469572
AILarvaSlope= 5.45496823638678
AILarvaLD50= 33.1054641695619
AIKOW= 48195.2070142122
AIKOC= 37147.2422574612
AIHalfLife= 2.58693364316132
EAppRate= 9.38979031734029
FoliarEnabled= true
FoliarAppDate= 06/07/1989
FoliarForageBegin= 06/05/1989
FoliarForageEnd= 06/28/1989
AIContactFactor= 0.277060183496214
CL4Pollen= 1.77722433954477
CL4Nectar= 69.5724454708397
CL5Pollen= 0.128060242161155
CL5Nectar= 101.729037263431
CLDPollen= 5.85580206150189
CLDNectar= 84.6963768359274
CA13Pollen= 6.06957714706659
CA13Nectar= 77.5717581436038
CA410Pollen= 3.15230994976591
CA410Nectar= 70.526604084298
CA1120Pollen= 0.974977009696886
CA1120Nectar= 30.7269667647779
IPollenTrips= 6.15862160688266
INectarTrips= 5.24807731388137
IPollenLoad= 9.98497697990388
INectarLoad= 1.84627991169691
ESoilP= 1.59114844258875
ESoilFoc= 0.0171674009137787
