ICQueenStrength= 1.23471659398638
RQWkrDrnRatio= 1.11472318787128
ICDroneMiteSurvivorship= 17.5036956788972
ICWorkerMiteSurvivorship= 39.2089302884415
ICForagerLifespan= 13.5847958233207
ImmType= Logarithmic
RQQueenStrength= 5.93679486913607
RQEnableReQueen= true
AIAdultSlope= 5.584069525823
AIAdultLD50= 30.4951352861386
AIAdultSlopeContact= 8.67671923036687
AIAdultLD50Contact= 97.721822803827
AILarvaSlope= 6.444266570732
AILarvaLD50= 70.9049556951816
AIKOW= 54181.2484336565
AIKOC= 46085.7592574703
AIHalfLife= 0.778625623951666
EAppRate= 2.30510437698825
FoliarEnabled= true
FoliarAppDate= 06/07/1989
FoliarForageBegin= 06/05/1989
FoliarForageEnd= 06/28/1989
AIContactFactor= 2.39024390686769
CL4Pollen= 3.66823425702751
CL4Nectar= 1.5988712431863
CL5Pollen= 0.206624080426991
CL5Nectar= 81.0640671872534
CLDPollen= 1.45907381828874
CLDNectar= 141.000918718055
CA13Pollen= 3.19810603260994
CA13Nectar= 33.6741993017495
CA410Pollen= 4.12698121734429
CA410Nectar= 41.0485880123451
CA1120Pollen= 1.0580504515674
CA1120Nectar= 58.0846832692623
IPollenTrips= 10.9020077483729
INectarTrips= 8.88801369350404
IPollenLoad= 6.80566135793924
INectarLoad= 3.85926953516901
ESoilP= 1.29978451877832
ESoilFoc= 0.0112464385777712
