ICQueenStrength= 2.60120905260555
RQWkrDrnRatio= 3.6461942018941
ICDroneMiteSurvivorship= 5.0982377724722
ICWorkerMiteSurvivorship= 98.8133008591831
ICForagerLifespan= 13.2412195056677
ImmType= Sine
RQQueenStrength= 3.08730894140899
RQEnableReQueen= true
AIAdultSlope= 7.47501028329134
AIAdultLD50= 47.5901324323337
AIAdultSlopeContact= 9.70807382534258
AIAdultLD50Contact= 93.1613558019672
AILarvaSlope= 3.83455054648221
AILarvaLD50= 71.6901704226809
AIKOW= 58446.8326873498
AIKOC= 86946.6174496613
AIHalfLife= 1.38682701331563
EAppRate= 0.0687909285542555
FoliarEnabled= true
FoliarAppDate= 06/07/1989
FoliarForageBegin= 06/05/1989
FoliarForageEnd= 06/28/1989
AIContactFactor= 2.37440624716692
CL4Pollen= 0.653325257822871
CL4Nectar= 97.6869543315843
CL5Pollen= 3.79268233850598
CL5Nectar= 118.916223593988
CLDPollen= 1.83916016668081
CLDNectar= 17.5539489020593
CA13Pollen= 5.46096811890602
CA13Nectar= 37.3659421689808
CA410Pollen= 3.70778998606838
CA410Nectar= 104.862063257024
CA1120Pollen= 2.24506198754534
CA1120Nectar= 72.752316519618
IPollenTrips= 10.7338666636497
INectarTrips= 10.7241867901757
IPollenLoad= 6.82980696903542
INectarLoad= 3.59645147342235
