ICQueenStrength= 3.45394567376934
RQWkrDrnRatio= 3.30176925193518
ICDroneMiteSurvivorship= 21.3346615666524
ICWorkerMiteSurvivorship= 57.8387230634689
ICForagerLifespan= 4.94999279920012
ImmType= Tangent
AIAdultSlope= 2.12977619196754
AIAdultLD50= 0.09593147165142
AIAdultSlopeContact= 2.72855242195074
AIAdultLD50Contact= 0.0363082391559146
AILarvaSlope= 2.5883295645006
AILarvaLD50= 0.344355419254862
AIKOW= 4.20260579511523
AIKOC= 25.1607741066255
AIHalfLife= 1.42738403363619
EAppRate= 6.37127615744248
FoliarEnabled= true
