ICQueenStrength= 4.44079457572661
RQWkrDrnRatio= 1.45419740956277
ICDroneMiteSurvivorship= 40.5602433020249
ICWorkerMiteSurvivorship= 71.8751980457455
ICForagerLifespan= 9.48205837886781
ImmType= Logarithmic
RQQueenStrength= 2.951108033536
RQEnableReQueen= true
AIAdultSlope= 5.08939620293677
AIAdultLD50= 33.6974136072395
AIAdultSlopeContact= 2.59600859321654
AIAdultLD50Contact= 86.9922612290161
AILarvaSlope= 5.76442072726786
AILarvaLD50= 61.4336307462098
AIKOW= 84295.5940042137
AIKOC= 9798.05457936553
AIHalfLife= 24.8080770031549
EAppRate= 7.40651469790749
FoliarEnabled= true
FoliarAppDate= 06/07/1989
FoliarForageBegin= 06/05/1989
FoliarForageEnd= 06/28/1989
AIContactFactor= 1.05200100232847
CL4Pollen= 3.65096478443593
CL4Nectar= 86.7718879599124
CL5Pollen= 5.08403480937704
CL5Nectar= 144.976479804609
CLDPollen= 5.40108534693718
CLDNectar= 37.4812078429386
CA13Pollen= 6.18175981407985
CA13Nectar= 55.8103179372847
CA410Pollen= 4.41747160691302
CA410Nectar= 109.239342832007
CA1120Pollen= 0.68454832630232
CA1120Nectar= 39.7030430659652
IPollenTrips= 11.6259714844637
INectarTrips= 10.3505588625558
IPollenLoad= 7.62264959514141
INectarLoad= 5.13073964510113
