ICQueenStrength= 2.42519724206068
RQWkrDrnRatio= 4.36466678604484
ICDroneMiteSurvivorship= 65.3999680653214
ICWorkerMiteSurvivorship= 65.5862402170897
ICForagerLifespan= 7.39576975256205
ImmType= Exponential
AIAdultSlope= 3.14867292014184
AIAdultLD50= 0.0844784440007061
AIAdultSlopeContact= 3.13808743715286
AIAdultLD50Contact= 0.0337383651873097
AILarvaSlope= 0.79959253501147
AILarvaLD50= 0.799122090451419
AIKOW= 2.48632934410125
AIKOC= 7.87970923236571
AIHalfLife= 0.927780892211013
EAppRate= 9.30246381554753
FoliarEnabled= true
