ICQueenStrength= 1.94475705828518
RQWkrDrnRatio= 2.32226359564811
ICDroneMiteSurvivorship= 71.3155721081421
ICWorkerMiteSurvivorship= 25.541405309923
ICForagerLifespan= 6.40840349160135
ImmType= Cosine
RQQueenStrength= 3.09838197752833
RQEnableReQueen=true
AIAdultSlope= 8.43239734880626
AIAdultLD50= 0.575946835007751
AIAdultSlopeContact= 6.41993458685465
AIAdultLD50Contact= 50.2949038145537
AILarvaSlope= 7.94776441715658
AILarvaLD50= 18.5007281140606
AIKOW= 24936.1950996476
AIKOC= 16482.0486690307
AIHalfLife= 12.5419726585969
EAppRate= 9.58579525523237
FoliarEnabled=true
FoliarAppDate= 07/01/1989
FoliarForageBegin= 07/01/1989
FoliarForageEnd= 07/14/1989
AIContactFactor= 0.556067646532319
CL4Pollen= 1.55349080823362
CL4Nectar= 29.4406914152205
CL5Pollen= 1.99629452917725
CL5Nectar= 62.6428196788765
CLDPollen= 2.42203350830823
CLDNectar= 96.5111064375378
CA13Pollen= 2.41896715648472
CA13Nectar= 74.3498472869396
CA410Pollen= 5.11865753694437
CA410Nectar= 172.061847457662
CA1120Pollen= 2.56784016941674
CA1120Nectar= 29.1558140143752
IPollenTrips= 11.3397872401401
INectarTrips= 12.8977587912232
IPollenLoad= 2.5292732915841
INectarLoad= 7.75143741164356
