ICQueenStrength= 5.62544901180081
RQWkrDrnRatio= 2.56628060061485
ICDroneMiteSurvivorship= 9.2315660789609
ICWorkerMiteSurvivorship= 28.0269533861428
ICForagerLifespan= 14.3533715009689
ImmType= Tangent
RQQueenStrength= 1.15095146372914
RQEnableReQueen= true
AIAdultSlope= 2.46339696645737
AIAdultLD50= 0.374491086824564
AIAdultSlopeContact= 5.39639648329467
AIAdultLD50Contact= 18.0662291738791
AILarvaSlope= 8.53956957906485
AILarvaLD50= 66.3635482753273
AIKOW= 37525.422529464
AIKOC= 72304.7777341292
AIHalfLife= 18.5968496007379
EAppRate= 8.42945711698686
FoliarEnabled= true
FoliarAppDate= 09/01/1989
FoliarForageBegin= 09/01/1989
FoliarForageEnd= 09/08/1989
AIContactFactor= 2.33325991270598
CL4Pollen= 2.73848519474268
CL4Nectar= 78.7388208322227
CL5Pollen= 3.32770316815004
CL5Nectar= 120.298240799457
CLDPollen= 1.42125477315858
CLDNectar= 114.364857575856
CA13Pollen= 7.35452230535448
CA13Nectar= 38.3474419824779
CA410Pollen= 4.77229614050593
CA410Nectar= 80.8453656313941
CA1120Pollen= 2.89874549279921
CA1120Nectar= 48.4506659023464
IPollenTrips= 13.1073912861757
INectarTrips= 10.7661138777621
IPollenLoad= 2.09258479531854
INectarLoad= 7.64787742868066
