ICQueenStrength= 4.00857199588791
RQWkrDrnRatio= 2.17476821411401
ICDroneMiteSurvivorship= 52.8726640390232
ICWorkerMiteSurvivorship= 65.0668545393273
ICForagerLifespan= 15.8750256085768
ImmType= Cosine
RQQueenStrength= 2.34549855836667
RQEnableReQueen= true
AIAdultSlope= 5.43992940336466
AIAdultLD50= 34.581873429762
AIAdultSlopeContact= 9.37654229486361
AIAdultLD50Contact= 63.0063678790559
AILarvaSlope= 6.14278426021338
AILarvaLD50= 69.4370382191474
AIKOW= 80305.9305899169
AIKOC= 88842.5244751193
AIHalfLife= 6.39793528842274
EAppRate= 4.68008414026699
FoliarEnabled= true
FoliarAppDate= 06/07/1989
FoliarForageBegin= 06/05/1989
FoliarForageEnd= 06/28/1989
AIContactFactor= 1.05430851289071
CL4Pollen= 3.7167153339833
CL4Nectar= 59.0465346118435
CL5Pollen= 4.5993574555032
CL5Nectar= 106.066037958954
CLDPollen= 2.49286179011688
CLDNectar= 23.0578584247269
CA13Pollen= 6.71547733088955
CA13Nectar= 55.9467891417444
CA410Pollen= 3.02269676597789
CA410Nectar= 162.094694091938
CA1120Pollen= 2.33673595427535
CA1120Nectar= 24.7678976505995
IPollenTrips= 12.8456673631445
INectarTrips= 13.055790939834
IPollenLoad= 1.67182572185993
INectarLoad= 3.79089884227142
