ICQueenStrength= 5.39288655295968
RQWkrDrnRatio= 2.2510882569477
ICDroneMiteSurvivorship= 23.4348848694935
ICWorkerMiteSurvivorship= 71.3010734412819
ICForagerLifespan= 14.5224385084584
ImmType= Sine
RQQueenStrength= 3.86420515854843
RQEnableReQueen= true
AIAdultSlope= 2.67391022481024
AIAdultLD50= 84.0542009504752
AIAdultSlopeContact= 3.33849002118222
AIAdultLD50Contact= 9.3792360907176
AILarvaSlope= 1.35824657231569
AILarvaLD50= 49.4517621239638
AIKOW= 30327.7964992417
AIKOC= 64592.5548983261
AIHalfLife= 28.8552114087157
EAppRate= 0.871379304408329
FoliarEnabled= true
FoliarAppDate= 06/07/1989
FoliarForageBegin= 06/05/1989
FoliarForageEnd= 06/28/1989
AIContactFactor= 0.676600762396119
CL4Pollen= 0.603443170897663
CL4Nectar= 58.3029590779915
CL5Pollen= 4.55307226767763
CL5Nectar= 70.9517950192094
CLDPollen= 1.1506031784229
CLDNectar= 31.3312087906525
CA13Pollen= 6.01404999736696
CA13Nectar= 36.5788453444839
CA410Pollen= 9.09742630422115
CA410Nectar= 121.080366289243
CA1120Pollen= 2.94168851408176
CA1120Nectar= 93.5220510326326
IPollenTrips= 11.1326824990101
INectarTrips= 11.6693515679799
IPollenLoad= 6.62648162106052
INectarLoad= 9.404249235522
