ICQueenStrength= 4.7305761105381
RQWkrDrnRatio= 3.2979273032397
ICDroneMiteSurvivorship= 53.0122434021905
ICWorkerMiteSurvivorship= 50.9039038326591
ICForagerLifespan= 5.97907768096775
ImmType= Tangent
RQQueenStrength= 2.26478022197261
RQEnableReQueen= true
AIAdultSlope= 7.27182111889124
AIAdultLD50= 12.6427781073449
AIAdultSlopeContact= 9.9273574189283
AIAdultLD50Contact= 68.2921445126743
AILarvaSlope= 3.59999333322048
AILarvaLD50= 61.0037161722747
AIKOW= 60965.84532993
AIKOC= 13818.1708330272
AIHalfLife= 32.0605322520016
EAppRate= 0.826920415671077
FoliarEnabled= true
FoliarAppDate= 06/07/1989
FoliarForageBegin= 06/05/1989
FoliarForageEnd= 06/28/1989
AIContactFactor= 0.29167480470147
CL4Pollen= 0.365525525994599
CL4Nectar= 98.2852048706263
CL5Pollen= 1.49600837007165
CL5Nectar= 86.3510813796893
CLDPollen= 0.779919897671789
CLDNectar= 19.102384778671
CA13Pollen= 5.94541787756607
CA13Nectar= 34.7649542242289
CA410Pollen= 6.51453578765504
CA410Nectar= 164.477411964908
CA1120Pollen= 0.343044026289135
CA1120Nectar= 65.8366085402668
IPollenTrips= 7.65507010743022
INectarTrips= 11.4858308364637
IPollenLoad= 3.97443859139457
INectarLoad= 7.62784335529432
