ICQueenStrength= 5.80416780221276
RQWkrDrnRatio= 3.42383945733309
ICDroneMiteSurvivorship= 78.565238090232
ICWorkerMiteSurvivorship= 49.2993391351774
ICForagerLifespan= 4.41786453593522
ImmType= Sine
RQQueenStrength= 1.62250338261947
RQEnableReQueen= true
AIAdultSlope= 7.93318817205727
AIAdultLD50= 70.1134682236244
AIAdultSlopeContact= 9.78677116846666
AIAdultLD50Contact= 76.0662103441353
AILarvaSlope= 6.01005673222244
AILarvaLD50= 1.19076235380047
AIKOW= 89529.7415780235
AIKOC= 29931.0070859327
AIHalfLife= 21.0047485246323
EAppRate= 0.749108452589251
FoliarEnabled= true
FoliarAppDate= 06/07/1989
FoliarForageBegin= 06/05/1989
FoliarForageEnd= 06/28/1989
AIContactFactor= 1.15121765952557
CL4Pollen= 1.07868190761656
CL4Nectar= 97.4870752776042
CL5Pollen= 0.72015128005296
CL5Nectar= 36.5766066242941
CLDPollen= 1.08475139876828
CLDNectar= 19.5856156409718
CA13Pollen= 2.34030421199277
CA13Nectar= 54.2231218144298
CA410Pollen= 2.64472120662685
CA410Nectar= 160.018426687457
CA1120Pollen= 0.890752243576571
CA1120Nectar= 37.2255226224661
IPollenTrips= 13.1917042448185
INectarTrips= 5.95729260472581
IPollenLoad= 5.56779182283208
INectarLoad= 7.33867273200303
