ICQueenStrength= 3.22987495362759
RQWkrDrnRatio= 1.08647533599287
ICDroneMiteSurvivorship= 36.1988468561321
ICWorkerMiteSurvivorship= 53.6262748995796
ICForagerLifespan= 8.75207200553268
ImmType= Exponential
RQQueenStrength= 5.98192309867591
RQEnableReQueen= true
AIAdultSlope= 3.70053146965802
AIAdultLD50= 81.818596062521
AIAdultSlopeContact= 4.36451000417583
AIAdultLD50Contact= 36.1594223322701
AILarvaSlope= 5.42684512399137
AILarvaLD50= 34.2906208766079
AIKOW= 59331.9021786602
AIKOC= 64927.0149153431
AIHalfLife= 30.9466655114433
EAppRate= 7.25655241627409
FoliarEnabled= true
FoliarAppDate= 06/07/1989
FoliarForageBegin= 06/05/1989
FoliarForageEnd= 06/28/1989
AIContactFactor= 1.04466637973674
CL4Pollen= 2.23393104597926
CL4Nectar= 18.1687347125262
CL5Pollen= 5.44121214933693
CL5Nectar= 42.4026481574401
CLDPollen= 0.303915766999125
CLDNectar= 126.066533499397
CA13Pollen= 6.54220205480233
CA13Nectar= 52.5273433886468
CA410Pollen= 2.74728210447356
CA410Nectar= 75.2320513036102
CA1120Pollen= 1.22564569814131
CA1120Nectar= 91.292191836983
IPollenTrips= 8.79496129928157
INectarTrips= 6.69768030522391
IPollenLoad= 5.55197910871357
INectarLoad= 0.938562317751348
ESoilP= 1.80047283577733
ESoilFoc= 0.0153310636018869
