ICQueenStrength= 3.8676617834717
RQWkrDrnRatio= 2.23410843592137
ICDroneMiteSurvivorship= 57.4582934612408
ICWorkerMiteSurvivorship= 99.9760237988085
ICForagerLifespan= 13.9368516737595
ImmType= Tangent
RQQueenStrength= 2.14394664857537
RQEnableReQueen=true
AIAdultSlope= 5.75909720361233
AIAdultLD50= 0.784024050965905
AIAdultSlopeContact= 5.81768016307615
AIAdultLD50Contact= 83.4686172484846
AILarvaSlope= 2.97139659523964
AILarvaLD50= 58.9476047327237
AIKOW= 19881.2578131308
AIKOC= 35509.8622753338
AIHalfLife= 2.80908932238817
EAppRate= 3.64940760923689
FoliarEnabled=true
FoliarAppDate= 07/01/1989
FoliarForageBegin= 07/01/1989
FoliarForageEnd= 07/14/1989
AIContactFactor= 2.07779018695466
CL4Pollen= 3.99762879405171
CL4Nectar= 33.1059816293418
CL5Pollen= 5.25314956856892
CL5Nectar= 97.6368009927683
CLDPollen= 0.9158770381473
CLDNectar= 32.0329297101125
CA13Pollen= 5.56094846436754
CA13Nectar= 49.2955409176648
CA410Pollen= 8.72350652657915
CA410Nectar= 68.4244376467541
CA1120Pollen= 2.68610371579416
CA1120Nectar= 79.888700414449
IPollenTrips= 8.11605748021975
INectarTrips= 11.3888200582005
IPollenLoad= 1.95025610504672
INectarLoad= 1.38944557635114
