ICQueenStrength= 1.65141758415848
RQWkrDrnRatio= 4.41209531482309
ICDroneMiteSurvivorship= 44.4712136406451
ICWorkerMiteSurvivorship= 18.4676325181499
ICForagerLifespan= 15.9697683779523
ImmType= Sine
RQQueenStrength= 4.03802614449523
RQEnableReQueen= true
AIAdultSlope= 2.87866879627109
AIAdultLD50= 31.7656548396023
AIAdultSlopeContact= 9.26394980726764
AIAdultLD50Contact= 19.3456575535871
AILarvaSlope= 6.95295339822769
AILarvaLD50= 23.7635740456884
AIKOW= 40572.3478002438
AIKOC= 14200.3137863507
AIHalfLife= 25.5122547490057
EAppRate= 2.55897003171453
FoliarEnabled= true
FoliarAppDate= 06/07/1989
FoliarForageBegin= 06/05/1989
FoliarForageEnd= 06/28/1989
AIContactFactor= 1.66292936991435
CL4Pollen= 3.37829567305744
CL4Nectar= 43.907058541663
CL5Pollen= 2.02061536861584
CL5Nectar= 148.675420449581
CLDPollen= 1.2579484032467
CLDNectar= 11.2316242069937
CA13Pollen= 7.5743060673587
CA13Nectar= 83.8056653738022
CA410Pollen= 6.57199686050881
CA410Nectar= 192.54456082359
CA1120Pollen= 0.146226198412478
CA1120Nectar= 51.4823833294213
IPollenTrips= 5.82406753208488
INectarTrips= 8.36984660243616
IPollenLoad= 2.18198685208336
INectarLoad= 6.24300708528608
