ICQueenStrength= 4.77603758708574
RQWkrDrnRatio= 1.24277463834733
ICDroneMiteSurvivorship= 66.3654550909996
ICWorkerMiteSurvivorship= 72.3964523291215
ICForagerLifespan= 12.7429182063788
ImmType= Sine
RQQueenStrength= 5.2653099168092
RQEnableReQueen= true
AIAdultSlope= 6.6054332703352
AIAdultLD50= 91.0542744490851
AIAdultSlopeContact= 6.64103851187974
AIAdultLD50Contact= 69.3308604049236
AILarvaSlope= 4.65149688906968
AILarvaLD50= 29.5834232352644
AIKOW= 13761.8927375853
AIKOC= 57272.8469817899
AIHalfLife= 7.58985396651551
EAppRate= 0.616483039433602
FoliarEnabled= true
FoliarAppDate= 06/07/1989
FoliarForageBegin= 06/05/1989
FoliarForageEnd= 06/28/1989
AIContactFactor= 0.985157636203803
CL4Pollen= 1.10050846915692
CL4Nectar= 81.709439586848
CL5Pollen= 3.71293994458392
CL5Nectar= 105.250689305831
CLDPollen= 1.45370535319671
CLDNectar= 23.8743673427962
CA13Pollen= 6.8591654792428
CA13Nectar= 62.4350595287979
CA410Pollen= 9.1721155745443
CA410Nectar= 108.315133024007
CA1120Pollen= 2.38176627829671
CA1120Nectar= 57.0072935335338
IPollenTrips= 6.15320790559053
INectarTrips= 7.34371342696249
IPollenLoad= 4.56503128167242
INectarLoad= 1.77940706256777
ESoilP= 1.94356028316543
ESoilFoc= 0.0137697229087353
