ICQueenStrength= 2.48873121105134
RQWkrDrnRatio= 2.63089683279395
ICDroneMiteSurvivorship= 78.9393851300701
ICWorkerMiteSurvivorship= 58.3862428553402
ICForagerLifespan= 8.19261173065752
ImmType= Cosine
RQQueenStrength= 2.3828750057146
RQEnableReQueen=true
AIAdultSlope= 7.42804293707013
AIAdultLD50= 0.543393913488835
AIAdultSlopeContact= 8.14394111116417
AIAdultLD50Contact= 39.57079098111
AILarvaSlope= 3.86424447223544
AILarvaLD50= 39.9326290469004
AIKOW= 15052.7646962002
AIKOC= 44228.7881577534
AIHalfLife= 33.8123322067782
EAppRate= 0.582188911176054
FoliarEnabled=true
FoliarAppDate= 07/01/1989
FoliarForageBegin= 07/01/1989
FoliarForageEnd= 07/14/1989
AIContactFactor= 1.59871484166011
CL4Pollen= 3.11517538037151
CL4Nectar= 82.952383463271
CL5Pollen= 4.54226340958849
CL5Nectar= 20.9762365906499
CLDPollen= 0.238757144194096
CLDNectar= 96.5513064293191
CA13Pollen= 6.38855557963252
CA13Nectar= 82.1792604029179
CA410Pollen= 5.43296721754596
CA410Nectar= 197.259159362875
CA1120Pollen= 1.86280609807
CA1120Nectar= 64.6035408228636
IPollenTrips= 11.6771975159645
INectarTrips= 7.68300795927644
IPollenLoad= 1.94092627847567
INectarLoad= 8.77491979161277
