ICQueenStrength= 2.82506737066433
RQWkrDrnRatio= 2.13652842305601
ICDroneMiteSurvivorship= 64.7161682602018
ICWorkerMiteSurvivorship= 28.5762085812166
ICForagerLifespan= 13.7787333987653
ImmType= Exponential
RQQueenStrength= 2.41712235519662
RQEnableReQueen= true
AIAdultSlope= 3.92902939207852
AIAdultLD50= 12.8632153463152
AIAdultSlopeContact= 7.70244392286986
AIAdultLD50Contact= 8.07105609158985
AILarvaSlope= 4.03993551246822
AILarvaLD50= 46.5965374103258
AIKOW= 75561.805254809
AIKOC= 95639.3854899425
AIHalfLife= 32.8611516857985
EAppRate= 7.52771607228927
FoliarEnabled= true
FoliarAppDate= 06/07/1989
FoliarForageBegin= 06/05/1989
FoliarForageEnd= 06/28/1989
AIContactFactor= 1.330949165239
CL4Pollen= 0.447147991508245
CL4Nectar= 65.9602164756507
CL5Pollen= 4.0782000599429
CL5Nectar= 139.460998855066
CLDPollen= 5.2339880168438
CLDNectar= 146.542931604199
CA13Pollen= 3.6247026774101
CA13Nectar= 51.9473101198673
CA410Pollen= 8.03422785913572
CA410Nectar= 96.6218943800777
CA1120Pollen= 2.31036768411286
CA1120Nectar= 34.1499764285982
IPollenTrips= 14.7359123220667
INectarTrips= 8.9776803413406
IPollenLoad= 7.32766500208527
INectarLoad= 0.0191474240273237
