ICQueenStrength= 1.37170013180003
RQWkrDrnRatio= 3.61692347563803
ICDroneMiteSurvivorship= 89.9133532773703
ICWorkerMiteSurvivorship= 30.7548700599
ICForagerLifespan= 7.17312171403319
ImmType= Tangent
RQQueenStrength= 4.56767358840443
RQEnableReQueen= true
AIAdultSlope= 3.97443731501698
AIAdultLD50= 60.4421562313668
AIAdultSlopeContact= 5.59947084449232
AIAdultLD50Contact= 32.0306677580308
AILarvaSlope= 3.75198771059513
AILarvaLD50= 98.9359729224984
AIKOW= 13036.048400853
AIKOC= 71121.2063317995
AIHalfLife= 9.97624709475785
EAppRate= 4.33726547500026
FoliarEnabled= true
FoliarAppDate= 06/07/1989
FoliarForageBegin= 06/05/1989
FoliarForageEnd= 06/28/1989
AIContactFactor= 1.25257154526655
CL4Pollen= 3.91492312122136
CL4Nectar= 92.4322913633659
CL5Pollen= 2.15250565577298
CL5Nectar= 87.4705020803958
CLDPollen= 1.68161382945254
CLDNectar= 131.272442929912
CA13Pollen= 3.43081608489156
CA13Nectar= 25.8317962475121
CA410Pollen= 8.83232486210763
CA410Nectar= 180.015952582471
CA1120Pollen= 2.82692476711236
CA1120Nectar= 60.3769496269524
IPollenTrips= 7.0448859105818
INectarTrips= 6.98426712770015
IPollenLoad= 9.21906160656363
INectarLoad= 1.22275412548333
