ICQueenStrength= 2.35954760713503
RQWkrDrnRatio= 4.00004671607167
ICDroneMiteSurvivorship= 20.7200459903106
ICWorkerMiteSurvivorship= 53.5849296022207
ICForagerLifespan= 10.6637401971966
ImmType= Cosine
RQQueenStrength= 2.31693151430227
RQEnableReQueen= true
AIAdultSlope= 6.84818495251238
AIAdultLD50= 16.4854173222284
AIAdultSlopeContact= 2.89947143709287
AIAdultLD50Contact= 86.7462970427936
AILarvaSlope= 3.8672281075269
AILarvaLD50= 57.4220663464193
AIKOW= 1897.7280786748
AIKOC= 96436.9164162327
AIHalfLife= 9.38318019141443
EAppRate= 8.86767560342862
FoliarEnabled= true
FoliarAppDate= 06/07/1989
FoliarForageBegin= 06/05/1989
FoliarForageEnd= 06/28/1989
AIContactFactor= 0.358828127398156
CL4Pollen= 3.87301719002426
CL4Nectar= 76.5969978179783
CL5Pollen= 5.92857070779428
CL5Nectar= 76.9421063479967
CLDPollen= 5.00700164632872
CLDNectar= 113.089410541579
CA13Pollen= 3.66933659119532
CA13Nectar= 41.2354469485581
CA410Pollen= 6.35987096827012
CA410Nectar= 80.6126102805138
CA1120Pollen= 1.49605779256672
CA1120Nectar= 89.7583523765206
IPollenTrips= 6.07704284600914
INectarTrips= 12.1096186502837
IPollenLoad= 2.79774706112221
INectarLoad= 5.87935476796702
ESoilP= 1.21676808455959
ESoilFoc= 0.0102506363238208
