ICQueenStrength= 3.1511158242356
RQWkrDrnRatio= 2.08213092666119
ICDroneMiteSurvivorship= 30.1683379570022
ICWorkerMiteSurvivorship= 49.4574450189248
ICForagerLifespan= 8.49674147367477
ImmType= Cosine
AIAdultSlope= 0.269554640189745
AIAdultLD50= 0.0250435061752796
AIAdultSlopeContact= 3.38881777295144
AIAdultLD50Contact= 0.00991500045638532
AILarvaSlope= 3.15726579818875
AILarvaLD50= 0.126631039450876
AIKOW= 2.37542367912829
AIKOC= 18.101304799784
AIHalfLife= 1.53037702012807
EAppRate= 1.77805153420195
FoliarEnabled= true
