ICQueenStrength= 5.25148674403317
RQWkrDrnRatio= 3.59508317429572
ICDroneMiteSurvivorship= 40.7370052766055
ICWorkerMiteSurvivorship= 27.7596449945122
ICForagerLifespan= 14.9913050141186
ImmType= Sine
RQQueenStrength= 3.5682168873027
RQEnableReQueen= true
AIAdultSlope= 2.82501013204455
AIAdultLD50= 15.9926530961313
AIAdultSlopeContact= 7.77126269438304
AIAdultLD50Contact= 41.1929321404523
AILarvaSlope= 2.54107977822423
AILarvaLD50= 64.8083849771579
AIKOW= 33320.2579847383
AIKOC= 46499.1938008713
AIHalfLife= 27.642784009967
EAppRate= 5.73532852475438
FoliarEnabled= true
FoliarAppDate= 06/07/1989
FoliarForageBegin= 06/05/1989
FoliarForageEnd= 06/28/1989
AIContactFactor= 2.19191690021194
CL4Pollen= 2.01297635212541
CL4Nectar= 73.92908858601
CL5Pollen= 1.28435443947092
CL5Nectar= 64.2441838164814
CLDPollen= 1.87530092289671
CLDNectar= 56.6696691443212
CA13Pollen= 6.03133524050936
CA13Nectar= 42.2459783963859
CA410Pollen= 7.13494486897253
CA410Nectar= 79.149764161557
CA1120Pollen= 1.6017619909253
CA1120Nectar= 56.8717530742288
IPollenTrips= 7.59810625575483
INectarTrips= 8.0114243295975
IPollenLoad= 7.41654668701813
INectarLoad= 2.38363828975707
