ICQueenStrength= 4.03388678235933
RQWkrDrnRatio= 1.45457006804645
ICDroneMiteSurvivorship= 41.8946695514023
ICWorkerMiteSurvivorship= 31.818519718945
ICForagerLifespan= 15.4370507998392
ImmType= Polynomial
RQQueenStrength= 2.71705686952919
RQEnableReQueen= true
AIAdultSlope= 5.98598094657063
AIAdultLD50= 40.3596831620017
AIAdultSlopeContact= 7.65814282372594
AIAdultLD50Contact= 79.4659179032152
AILarvaSlope= 4.59042869880795
AILarvaLD50= 55.9490840396271
AIKOW= 19966.8836719275
AIKOC= 73550.6941565303
AIHalfLife= 19.9145722226007
EAppRate= 9.11839741591713
FoliarEnabled= true
FoliarAppDate= 06/07/1989
FoliarForageBegin= 06/05/1989
FoliarForageEnd= 06/28/1989
AIContactFactor= 1.28477905259002
CL4Pollen= 0.735572541132569
CL4Nectar= 36.5438175387681
CL5Pollen= 2.08225737931207
CL5Nectar= 128.045178065076
CLDPollen= 2.52098336722702
CLDNectar= 28.1807576771826
CA13Pollen= 7.05641163494438
CA13Nectar= 28.0943758226931
CA410Pollen= 5.46496530389413
CA410Nectar= 121.267256285064
CA1120Pollen= 1.2693309711758
CA1120Nectar= 28.797618933022
IPollenTrips= 14.1318605910055
INectarTrips= 6.39715859433636
IPollenLoad= 5.05357691319659
INectarLoad= 7.56241504102945
ESoilP= 1.0691158818081
ESoilFoc= 0.00832757690153085
