ICQueenStrength= 2.83877662639134
RQWkrDrnRatio= 4.72064821794629
ICDroneMiteSurvivorship= 61.8550498504192
ICWorkerMiteSurvivorship= 1.49319397751242
ICForagerLifespan= 12.143034462817
ImmType= Cosine
RQQueenStrength= 1.5278509517666
RQEnableReQueen= true
AIAdultSlope= 6.33340667560697
AIAdultLD50= 51.6687231448695
AIAdultSlopeContact= 3.45726162055507
AIAdultLD50Contact= 53.9144200227181
AILarvaSlope= 1.73042634688318
AILarvaLD50= 58.4209142778981
AIKOW= 36993.8793501178
AIKOC= 69958.4883837965
AIHalfLife= 14.5593514307635
EAppRate= 2.72760096797231
FoliarEnabled= true
FoliarAppDate= 06/07/1989
FoliarForageBegin= 06/05/1989
FoliarForageEnd= 06/28/1989
AIContactFactor= 1.20054394095205
CL4Pollen= 2.63360818382353
CL4Nectar= 11.811765935272
CL5Pollen= 3.86849933769554
CL5Nectar= 67.9308054386638
CLDPollen= 5.42956948745996
CLDNectar= 88.1370370625518
CA13Pollen= 4.33029929529875
CA13Nectar= 78.6443147994578
CA410Pollen= 3.29322308420669
CA410Nectar= 41.1487051099539
CA1120Pollen= 0.966897953068838
CA1120Nectar= 88.3076051436365
IPollenTrips= 8.40367642231286
INectarTrips= 8.83172668283805
IPollenLoad= 9.23949236283079
INectarLoad= 5.59517306275666
