ICQueenStrength= 2.84986231569201
RQWkrDrnRatio= 2.26676470786333
ICDroneMiteSurvivorship= 21.8827492091805
ICWorkerMiteSurvivorship= 95.8559377351776
ICForagerLifespan= 5.3153008017689
ImmType= Tangent
RQQueenStrength= 3.84701819717884
RQEnableReQueen=true
AIAdultSlope= 1.51822928525507
AIAdultLD50= 0.870451552632265
AIAdultSlopeContact= 2.696931283921
AIAdultLD50Contact= 68.3895884711328
AILarvaSlope= 1.27234086580575
AILarvaLD50= 39.532244763403
AIKOW= 80801.9279142632
AIKOC= 51770.8200375133
AIHalfLife= 9.83880219375715
EAppRate= 5.36555480401102
FoliarEnabled=true
FoliarAppDate= 07/01/1989
FoliarForageBegin= 07/01/1989
FoliarForageEnd= 07/14/1989
AIContactFactor= 1.47570325359236
CL4Pollen= 1.01232509780675
CL4Nectar= 8.63217450678349
CL5Pollen= 4.36217674892396
CL5Nectar= 84.0947004966438
CLDPollen= 0.268517863936722
CLDNectar= 95.4341997974552
CA13Pollen= 7.84671424077824
CA13Nectar= 36.7660607025027
CA410Pollen= 3.96218391740695
CA410Nectar= 65.6731393700466
CA1120Pollen= 1.37486015120521
CA1120Nectar= 76.5695537999272
IPollenTrips= 14.8374390671961
INectarTrips= 8.62985072191805
IPollenLoad= 1.4084325847216
INectarLoad= 0.489418678916991
