ICQueenStrength= 5.75758069078438
RQWkrDrnRatio= 3.30855802726001
ICDroneMiteSurvivorship= 5.03502280917019
ICWorkerMiteSurvivorship= 68.825265346095
ICForagerLifespan= 14.8194994963706
ImmType= Logarithmic
RQQueenStrength= 4.42176075908355
RQEnableReQueen= true
AIAdultSlope= 5.184674564749
AIAdultLD50= 8.71967170374771
AIAdultSlopeContact= 1.84606271586381
AIAdultLD50Contact= 77.5842596446967
AILarvaSlope= 7.39318860694766
AILarvaLD50= 53.3754835202731
AIKOW= 33253.467145241
AIKOC= 47580.1044003775
AIHalfLife= 9.95493158071768
EAppRate= 1.51920421708771
FoliarEnabled= true
FoliarAppDate= 06/07/1989
FoliarForageBegin= 06/05/1989
FoliarForageEnd= 06/28/1989
AIContactFactor= 0.673667391487397
CL4Pollen= 3.43584243021905
CL4Nectar= 87.7907905029133
CL5Pollen= 3.58264003414661
CL5Nectar= 13.0490131792612
CLDPollen= 1.38460986642167
CLDNectar= 52.3568980162963
CA13Pollen= 3.2833727628924
CA13Nectar= 54.157337192446
CA410Pollen= 5.1765691651497
CA410Nectar= 23.0498777609318
CA1120Pollen= 0.91417698841542
CA1120Nectar= 79.9566222727299
IPollenTrips= 11.847175071016
INectarTrips= 6.11606669379398
IPollenLoad= 0.320155925583094
INectarLoad= 0.0311475340276957
