ICQueenStrength= 4.3537288417574
RQWkrDrnRatio= 2.98589692264795
ICDroneMiteSurvivorship= 46.1515052476898
ICWorkerMiteSurvivorship= 72.39258447662
ICForagerLifespan= 14.3432984510437
ImmType= Logarithmic
AIAdultSlope= 1.53905628450913
AIAdultLD50= 0.0944162587169558
AIAdultSlopeContact= 1.29799585917033
AIAdultLD50Contact= 0.00395297050708905
AILarvaSlope= 2.58165973331779
AILarvaLD50= 0.501717105531134
AIKOW= 4.55919518880546
AIKOC= 21.5433793445118
AIHalfLife= 1.20154298755806
EAppRate= 9.20353632187471
FoliarEnabled= true
