ICQueenStrength= 3.3243023827672
RQWkrDrnRatio= 4.21974494028836
ICDroneMiteSurvivorship= 53.8590306183323
ICWorkerMiteSurvivorship= 13.7907108291984
ICForagerLifespan= 13.5013552205637
ImmType= Exponential
RQQueenStrength= 2.43114513996989
RQEnableReQueen=true
AIAdultSlope= 3.84314193576574
AIAdultLD50= 0.295556516459677
AIAdultSlopeContact= 2.77926213177852
AIAdultLD50Contact= 87.5909533747062
AILarvaSlope= 7.90851967968047
AILarvaLD50= 21.6262727416158
AIKOW= 84555.2370030144
AIKOC= 79309.2362746648
AIHalfLife= 21.5639657292981
EAppRate= 4.8656487296382
FoliarEnabled=true
FoliarAppDate= 07/01/1989
FoliarForageBegin= 07/01/1989
FoliarForageEnd= 07/14/1989
AIContactFactor= 1.298134222636
CL4Pollen= 0.269913731142879
CL4Nectar= 51.3303288724273
CL5Pollen= 1.09030829183757
CL5Nectar= 141.759582271334
CLDPollen= 0.353850279003382
CLDNectar= 39.4575541256927
CA13Pollen= 5.81392095172778
CA13Nectar= 38.222643751651
CA410Pollen= 7.62365702979732
CA410Nectar= 63.1392753310502
CA1120Pollen= 2.47250144742429
CA1120Nectar= 21.9364678673446
IPollenTrips= 12.7358100330457
INectarTrips= 10.0537855341099
IPollenLoad= 5.41948820464313
INectarLoad= 2.80311384005472
