ICQueenStrength= 2.56386817106977
RQWkrDrnRatio= 2.93316563405097
ICDroneMiteSurvivorship= 73.4731839736924
ICWorkerMiteSurvivorship= 73.6828772351146
ICForagerLifespan= 15.4823962841183
ImmType= Logarithmic
RQQueenStrength= 2.62466523936018
RQEnableReQueen= true
AIAdultSlope= 5.2178055383265
AIAdultLD50= 73.4763768716555
AIAdultSlopeContact= 7.32609880901873
AIAdultLD50Contact= 87.0805039288662
AILarvaSlope= 8.7048273589462
AILarvaLD50= 43.8048654437966
AIKOW= 39706.6312599479
AIKOC= 22224.6404177656
AIHalfLife= 10.9690759839723
EAppRate= 1.6035546005005
FoliarEnabled= true
FoliarAppDate= 06/07/1989
FoliarForageBegin= 06/05/1989
FoliarForageEnd= 06/28/1989
AIContactFactor= 1.03356096472591
CL4Pollen= 3.30164255388081
CL4Nectar= 83.9661008911207
CL5Pollen= 1.49343165429309
CL5Nectar= 90.6899381079711
CLDPollen= 0.143783908803016
CLDNectar= 82.1615428081714
CA13Pollen= 6.93548828577623
CA13Nectar= 49.7180605866015
CA410Pollen= 8.91916456760373
CA410Nectar= 75.5710757756606
CA1120Pollen= 2.1947830512654
CA1120Nectar= 85.0080583803356
IPollenTrips= 13.6336369113997
INectarTrips= 14.0899866865948
IPollenLoad= 7.42357936687768
INectarLoad= 9.66256676474586
ESoilP= 1.5663840691559
ESoilFoc= 0.0144316145277116
