ICQueenStrength= 3.26213810849003
RQWkrDrnRatio= 2.73700611945242
ICDroneMiteSurvivorship= 11.4786708727479
ICWorkerMiteSurvivorship= 61.8306529009715
ICForagerLifespan= 10.3976431302726
ImmType= Logarithmic
AIAdultSlope= 2.34843251957092
AIAdultLD50= 0.0696507924702019
AIAdultSlopeContact= 0.709243244170211
AIAdultLD50Contact= 0.0319090323289856
AILarvaSlope= 0.668847671896219
AILarvaLD50= 0.685695418459363
AIKOW= 5.82205445598811
AIKOC= 15.3640720772091
AIHalfLife= 2.10107174108271
EAppRate= 9.82766501605511
FoliarEnabled= true
