ICQueenStrength= 4.30045490292832
RQWkrDrnRatio= 2.25175208039582
ICDroneMiteSurvivorship= 12.3474719468504
ICWorkerMiteSurvivorship= 49.7203489067033
ICForagerLifespan= 8.25809563416988
ImmType= Polynomial
RQQueenStrength= 4.51915226085111
RQEnableReQueen= true
AIAdultSlope= 1.59560172073543
AIAdultLD50= 0.537911329737166
AIAdultSlopeContact= 4.79373515583575
AIAdultLD50Contact= 92.9322355336528
AILarvaSlope= 2.68439924530685
AILarvaLD50= 26.2601208489772
AIKOW= 79430.7732336262
AIKOC= 52595.9990235742
AIHalfLife= 20.2077929361723
EAppRate= 4.16681260929117
FoliarEnabled= true
FoliarAppDate= 09/01/1989
FoliarForageBegin= 09/01/1989
FoliarForageEnd= 09/08/1989
AIContactFactor= 1.40580840061419
CL4Pollen= 1.30773255135864
CL4Nectar= 76.8666583113372
CL5Pollen= 3.57085362123325
CL5Nectar= 29.5342952362262
CLDPollen= 1.80915051419288
CLDNectar= 147.330697753932
CA13Pollen= 3.70759728159755
CA13Nectar= 31.9301255233586
CA410Pollen= 5.54591609109193
CA410Nectar= 65.0693337200209
CA1120Pollen= 1.64257246116176
CA1120Nectar= 87.425081487745
IPollenTrips= 12.5569577375427
INectarTrips= 5.51047862507403
IPollenLoad= 2.14997253380716
INectarLoad= 4.42459201207384
