ICQueenStrength= 4.63088160520419
RQWkrDrnRatio= 1.46458477154374
ICDroneMiteSurvivorship= 64.4024399574846
ICWorkerMiteSurvivorship= 99.0429541096091
ICForagerLifespan= 14.1548248874024
ImmType= Sine
RQQueenStrength= 5.68150398577563
RQEnableReQueen= true
AIAdultSlope= 2.47284863702953
AIAdultLD50= 36.7333603810179
AIAdultSlopeContact= 8.40888055204414
AIAdultLD50Contact= 68.2878043600479
AILarvaSlope= 3.56289567053318
AILarvaLD50= 90.7052675750363
AIKOW= 50930.1877988796
AIKOC= 16647.6218246815
AIHalfLife= 23.5840349259786
EAppRate= 8.46982218373916
FoliarEnabled= true
FoliarAppDate= 06/07/1989
FoliarForageBegin= 06/05/1989
FoliarForageEnd= 06/28/1989
AIContactFactor= 0.765943798460066
CL4Pollen= 2.3747697584331
CL4Nectar= 32.9083991935477
CL5Pollen= 0.173666180111468
CL5Nectar= 45.5179422511719
CLDPollen= 4.51051813736558
CLDNectar= 67.9521163227037
CA13Pollen= 6.78930860133842
CA13Nectar= 49.1474282741547
CA410Pollen= 3.23978110412136
CA410Nectar= 146.922120484523
CA1120Pollen= 0.998761248774827
CA1120Nectar= 40.0956758484244
IPollenTrips= 8.69324145838618
INectarTrips= 6.8486860091798
IPollenLoad= 0.0157086504623294
INectarLoad= 5.44403352076188
ESoilP= 1.22543100616895
ESoilFoc= 0.00918481129501015
