ICQueenStrength= 4.49384093075059
RQWkrDrnRatio= 4.71053713187575
ICDroneMiteSurvivorship= 99.6844747103751
ICWorkerMiteSurvivorship= 52.8394958935678
ICForagerLifespan= 6.63326221238822
ImmType= Sine
AIAdultSlope= 2.75449263525428
AIAdultLD50= 0.161650688154623
AIAdultSlopeContact= 1.61475256435806
AIAdultLD50Contact= 0.0445942972670309
AILarvaSlope= 2.94639616957866
AILarvaLD50= 0.696990130003542
AIKOW= 4.14239355735481
AIKOC= 28.7806428165641
AIHalfLife= 1.8475997957401
EAppRate= 4.13772700587288
FoliarEnabled= true
