ICQueenStrength= 2.25858798157424
RQWkrDrnRatio= 3.41096580401063
ICDroneMiteSurvivorship= 50.5564271472394
ICWorkerMiteSurvivorship= 66.311664856039
ICForagerLifespan= 9.83760276343673
ImmType= Polynomial
RQQueenStrength= 3.80482828244567
RQEnableReQueen=true
AIAdultSlope= 1.12534311972558
AIAdultLD50= 0.427986473224359
AIAdultSlopeContact= 4.26374495192431
AIAdultLD50Contact= 98.2180098389881
AILarvaSlope= 7.44296257570386
AILarvaLD50= 33.4767101058077
AIKOW= 13439.9251260964
AIKOC= 57297.4979125056
AIHalfLife= 1.83212119413074
EAppRate= 0.379050786020467
FoliarEnabled=true
FoliarAppDate= 07/01/1989
FoliarForageBegin= 07/01/1989
FoliarForageEnd= 07/14/1989
AIContactFactor= 0.372619800977409
CL4Pollen= 1.78131258208305
CL4Nectar= 99.9453488504514
CL5Pollen= 2.35323815653101
CL5Nectar= 35.5523352976888
CLDPollen= 4.18830717075616
CLDNectar= 143.690425122622
CA13Pollen= 5.5335304656066
CA13Nectar= 21.1153450608253
CA410Pollen= 4.90557799229864
CA410Nectar= 51.745665082708
CA1120Pollen= 1.24866004474461
CA1120Nectar= 92.8158584609628
IPollenTrips= 10.9781655599363
INectarTrips= 13.6125956708565
IPollenLoad= 8.79581527784467
INectarLoad= 5.32392369117588
