ICQueenStrength= 5.54291134607047
RQWkrDrnRatio= 3.55579419899732
ICDroneMiteSurvivorship= 79.0134188486263
ICWorkerMiteSurvivorship= 93.7730419915169
ICForagerLifespan= 12.5842451611534
ImmType= Cosine
RQQueenStrength= 5.64811989339069
RQEnableReQueen= true
AIAdultSlope= 4.77160691469908
AIAdultLD50= 11.7776078080721
AIAdultSlopeContact= 9.14143513701856
AIAdultLD50Contact= 3.60511624490237
AILarvaSlope= 7.65834704972804
AILarvaLD50= 77.4696818505118
AIKOW= 74898.5426223359
AIKOC= 77516.4580835097
AIHalfLife= 34.2323318694718
EAppRate= 1.9576615941464
FoliarEnabled= true
FoliarAppDate= 06/07/1989
FoliarForageBegin= 06/05/1989
FoliarForageEnd= 06/28/1989
AIContactFactor= 1.42981654287782
CL4Pollen= 1.5135486824438
CL4Nectar= 17.735396604985
CL5Pollen= 1.46485942834988
CL5Nectar= 29.0513837244362
CLDPollen= 3.37433499377221
CLDNectar= 15.13701248914
CA13Pollen= 7.68865532083437
CA13Nectar= 42.9170466028154
CA410Pollen= 4.3189750519814
CA410Nectar= 190.509498268366
CA1120Pollen= 2.23917337995954
CA1120Nectar= 22.2740381397307
IPollenTrips= 5.13661000179127
INectarTrips= 8.20743928896263
IPollenLoad= 9.82941804919392
INectarLoad= 3.90001250198111
