ICQueenStrength= 5.32746225851588
RQWkrDrnRatio= 1.45562780369073
ICDroneMiteSurvivorship= 62.4796797987074
ICWorkerMiteSurvivorship= 51.5386821003631
ICForagerLifespan= 8.39367187581956
ImmType= Cosine
AIAdultSlope= 2.08367474122904
AIAdultLD50= 0.100609206594527
AIAdultSlopeContact= 0.465238351654261
AIAdultLD50Contact= 0.0179569330764934
AILarvaSlope= 3.13863342120312
AILarvaLD50= 0.55269178042654
AIKOW= 5.82777057774365
AIKOC= 17.8739464387763
AIHalfLife= 1.48634878967423
EAppRate= 2.66702126478776
FoliarEnabled= true
