ICQueenStrength= 2.74754779203795
RQWkrDrnRatio= 3.98859743587673
ICDroneMiteSurvivorship= 99.5719042839482
ICWorkerMiteSurvivorship= 1.32370961364359
ICForagerLifespan= 10.046015500091
ImmType= Exponential
RQQueenStrength= 5.57152382354252
RQEnableReQueen= true
AIAdultSlope= 5.79153341054916
AIAdultLD50= 36.2751377721694
AIAdultSlopeContact= 1.26822924776934
AIAdultLD50Contact= 68.2198986314726
AILarvaSlope= 2.3874067813158
AILarvaLD50= 54.2657261695124
AIKOW= 56835.5018829491
AIKOC= 45271.3364273561
AIHalfLife= 12.2680359548191
EAppRate= 1.33067521709576
FoliarEnabled= true
FoliarAppDate= 06/07/1989
FoliarForageBegin= 06/05/1989
FoliarForageEnd= 06/28/1989
AIContactFactor= 0.875962288803421
CL4Pollen= 2.08333242870867
CL4Nectar= 72.8991750860587
CL5Pollen= 1.43431972665712
CL5Nectar= 127.602804789785
CLDPollen= 1.3701847884804
CLDNectar= 27.2283912752755
CA13Pollen= 3.52488796953112
CA13Nectar= 68.2700726389885
CA410Pollen= 8.44317201513331
CA410Nectar= 154.589050416835
CA1120Pollen= 1.87495322967879
CA1120Nectar= 79.4813005439937
IPollenTrips= 11.0370872658677
INectarTrips= 9.16374361142516
IPollenLoad= 0.520085981115699
INectarLoad= 3.40295575093478
