ICQueenStrength= 1.45053796144202
RQWkrDrnRatio= 4.67185407038778
ICDroneMiteSurvivorship= 90.9093550639227
ICWorkerMiteSurvivorship= 13.6721893679351
ICForagerLifespan= 8.62910543195903
ImmType= Cosine
RQQueenStrength= 2.22203465318307
RQEnableReQueen= true
AIAdultSlope= 3.0341643858701
AIAdultLD50= 27.0236460123865
AIAdultSlopeContact= 4.19898437522352
AIAdultLD50Contact= 81.1426765341253
AILarvaSlope= 6.8531209025532
AILarvaLD50= 17.0647686758738
AIKOW= 83489.7848058222
AIKOC= 24321.1128087619
AIHalfLife= 13.899582586973
EAppRate= 2.89007025933149
FoliarEnabled= true
FoliarAppDate= 06/07/1989
FoliarForageBegin= 06/05/1989
FoliarForageEnd= 06/28/1989
AIContactFactor= 0.668097443771549
CL4Pollen= 3.39483589492738
CL4Nectar= 52.7180245146155
CL5Pollen= 3.71476408559829
CL5Nectar= 106.880076765083
CLDPollen= 0.235262995585799
CLDNectar= 32.9399742535315
CA13Pollen= 5.93085451079532
CA13Nectar= 26.8472091853619
CA410Pollen= 4.49808395367581
CA410Nectar= 98.7651511700824
CA1120Pollen= 0.10052562598139
CA1120Nectar= 47.3308920674026
IPollenTrips= 7.54027384100482
INectarTrips= 9.85512630548328
IPollenLoad= 6.11398485023528
INectarLoad= 6.64664381649345
