ICQueenStrength= 3.41126990295015
RQWkrDrnRatio= 3.21595994383097
ICDroneMiteSurvivorship= 71.6345283668488
ICWorkerMiteSurvivorship= 98.8984044408426
ICForagerLifespan= 10.932450177148
ImmType= Tangent
AIAdultSlope= 2.69296534673776
AIAdultLD50= 0.00385869485326111
AIAdultSlopeContact= 2.70747185947141
AIAdultLD50Contact= 0.0124549815780483
AILarvaSlope= 1.07511813333258
AILarvaLD50= 0.160525168036111
AIKOW= 3.96732101589441
AIKOC= 23.6853062245063
AIHalfLife= 0.16431598039344
EAppRate= 6.81903545511886
FoliarEnabled= true
