ICQueenStrength= 5.45634432602674
RQWkrDrnRatio= 4.03632014337927
ICDroneMiteSurvivorship= 98.9519079215825
ICWorkerMiteSurvivorship= 9.91599604021758
ICForagerLifespan= 15.7247458826751
ImmType= Tangent
RQQueenStrength= 3.52826469717547
RQEnableReQueen= true
AIAdultSlope= 1.68928805552423
AIAdultLD50= 31.239023499886
AIAdultSlopeContact= 9.6669898473192
AIAdultLD50Contact= 29.4075193475645
AILarvaSlope= 6.12090176902711
AILarvaLD50= 1.96672460046201
AIKOW= 84278.0036508447
AIKOC= 20300.8974168035
AIHalfLife= 25.8842634341214
EAppRate= 9.80072808805713
FoliarEnabled= true
FoliarAppDate= 06/07/1989
FoliarForageBegin= 06/05/1989
FoliarForageEnd= 06/28/1989
AIContactFactor= 0.795114853852428
CL4Pollen= 3.72065712418407
CL4Nectar= 91.1670344881713
CL5Pollen= 3.51226677093655
CL5Nectar= 48.9661866682582
CLDPollen= 2.81721442239359
CLDNectar= 5.22444492671639
CA13Pollen= 6.80391069529578
CA13Nectar= 32.3115140385926
CA410Pollen= 2.93225910698529
CA410Nectar= 104.975294009782
CA1120Pollen= 1.77455866662785
CA1120Nectar= 65.7762416638434
IPollenTrips= 11.9256772962399
INectarTrips= 8.13793302047998
IPollenLoad= 0.0499121099710464
INectarLoad= 5.10073798708618
