ICQueenStrength= 3.55363241536543
RQWkrDrnRatio= 2.37224392965436
ICDroneMiteSurvivorship= 22.3221760243177
ICWorkerMiteSurvivorship= 70.5242951633409
ICForagerLifespan= 5.13081646244973
ImmType= Sine
RQQueenStrength= 2.72191502177157
RQEnableReQueen= true
AIAdultSlope= 4.86339774727821
AIAdultLD50= 21.9588254756392
AIAdultSlopeContact= 6.37877069576643
AIAdultLD50Contact= 19.1114184150628
AILarvaSlope= 6.31267915852368
AILarvaLD50= 32.492532267388
AIKOW= 78772.6824211572
AIKOC= 3385.13339367229
AIHalfLife= 8.32554609165527
EAppRate= 1.83663783082808
FoliarEnabled= true
FoliarAppDate= 06/07/1989
FoliarForageBegin= 06/05/1989
FoliarForageEnd= 06/28/1989
AIContactFactor= 1.10314578689169
CL4Pollen= 2.74702334962785
CL4Nectar= 35.8535743551329
CL5Pollen= 4.86711823381484
CL5Nectar= 146.674570650794
CLDPollen= 0.699585012160242
CLDNectar= 132.053328235634
CA13Pollen= 4.18017065180466
CA13Nectar= 57.4204975739121
CA410Pollen= 5.3616121401079
CA410Nectar= 119.645736338571
CA1120Pollen= 2.12793505308218
CA1120Nectar= 29.8844982683659
IPollenTrips= 10.3252452984452
INectarTrips= 7.75464427191764
IPollenLoad= 4.10732239019126
INectarLoad= 1.66952496860176
ESoilP= 1.62885729246773
ESoilFoc= 0.00921982044843025
