ICQueenStrength= 2.33573319995776
RQWkrDrnRatio= 4.73876779060811
ICDroneMiteSurvivorship= 49.5571571169421
ICWorkerMiteSurvivorship= 63.8086776249111
ICForagerLifespan= 6.72304309345782
ImmType= Exponential
RQQueenStrength= 1.64292826573364
RQEnableReQueen= true
AIAdultSlope= 3.42645821347833
AIAdultLD50= 4.44051353021874
AIAdultSlopeContact= 8.33002227847464
AIAdultLD50Contact= 8.46596271644346
AILarvaSlope= 4.90494390390813
AILarvaLD50= 80.9909117739384
AIKOW= 2758.12870009567
AIKOC= 23910.1142316102
AIHalfLife= 30.7601987139555
EAppRate= 7.92418280752841
FoliarEnabled= true
FoliarAppDate= 06/07/1989
FoliarForageBegin= 06/05/1989
FoliarForageEnd= 06/28/1989
AIContactFactor= 0.477879782975651
CL4Pollen= 3.86397702712566
CL4Nectar= 99.3135893717408
CL5Pollen= 0.611739030573517
CL5Nectar= 111.768809775822
CLDPollen= 1.07054440397769
CLDNectar= 13.0681231501512
CA13Pollen= 3.39043451873586
CA13Nectar= 97.7204412594438
CA410Pollen= 6.05445069537964
CA410Nectar= 69.4073416059837
CA1120Pollen= 2.84997811121866
CA1120Nectar= 33.5809868574142
IPollenTrips= 14.6696711890399
INectarTrips= 12.7406152454205
IPollenLoad= 7.16159760719165
INectarLoad= 4.83114515198395
ESoilP= 1.89757824037224
ESoilFoc= 0.00676399947772734
