ICQueenStrength= 3.35224092379212
RQWkrDrnRatio= 2.60108404513448
ICDroneMiteSurvivorship= 24.6384684927762
ICWorkerMiteSurvivorship= 19.5984224788845
ICForagerLifespan= 15.2839550953358
ImmType= Exponential
RQQueenStrength= 1.44424108229578
RQEnableReQueen= true
AIAdultSlope= 3.08138333633542
AIAdultLD50= 48.8657406581747
AIAdultSlopeContact= 5.76616636710241
AIAdultLD50Contact= 67.3497797991855
AILarvaSlope= 5.78422885946929
AILarvaLD50= 51.1823852131043
AIKOW= 61856.6918844422
AIKOC= 38405.1246583012
AIHalfLife= 5.48710950999521
EAppRate= 1.34897275350662
FoliarEnabled= true
FoliarAppDate= 06/07/1989
FoliarForageBegin= 06/05/1989
FoliarForageEnd= 06/28/1989
AIContactFactor= 0.300005548326299
CL4Pollen= 3.45914371870458
CL4Nectar= 81.482057296671
CL5Pollen= 4.86103932978585
CL5Nectar= 90.0103298365138
CLDPollen= 1.05876402184367
CLDNectar= 141.819454345386
CA13Pollen= 2.36854229895398
CA13Nectar= 69.5189504139125
CA410Pollen= 7.55713925303426
CA410Nectar= 109.105778001249
CA1120Pollen= 0.43043975927867
CA1120Nectar= 59.8907033167779
IPollenTrips= 8.5158039489761
INectarTrips= 5.25736117502674
IPollenLoad= 4.48914807289839
INectarLoad= 2.74303259560838
