ICQueenStrength= 4.44727464858443
RQWkrDrnRatio= 1.47574622649699
ICDroneMiteSurvivorship= 49.1188758285716
ICWorkerMiteSurvivorship= 14.1376509098336
ICForagerLifespan= 9.35228222701699
ImmType= Polynomial
RQQueenStrength= 1.00371260289103
RQEnableReQueen=true
AIAdultSlope= 5.59496624208987
AIAdultLD50= 0.279644449597923
AIAdultSlopeContact= 8.53714075917378
AIAdultLD50Contact= 28.19891047295
AILarvaSlope= 3.40899980999529
AILarvaLD50= 23.1151322864336
AIKOW= 77113.4382415806
AIKOC= 32376.6236032697
AIHalfLife= 33.1366640939144
EAppRate= 3.89359223294538
FoliarEnabled=true
FoliarAppDate= 07/01/1989
FoliarForageBegin= 07/01/1989
FoliarForageEnd= 07/14/1989
AIContactFactor= 2.22040018525906
CL4Pollen= 0.913898235186934
CL4Nectar= 73.0616059154272
CL5Pollen= 1.08174804830924
CL5Nectar= 94.2388770869002
CLDPollen= 0.205753938294947
CLDNectar= 33.34194207564
CA13Pollen= 3.32605764670298
CA13Nectar= 41.7398408986628
CA410Pollen= 3.37775464979932
CA410Nectar= 179.104529870674
CA1120Pollen= 0.068850590614602
CA1120Nectar= 56.2815611623228
IPollenTrips= 11.6389710013755
INectarTrips= 6.70231841504574
IPollenLoad= 6.25146504025906
INectarLoad= 8.6508852452971
