ICQueenStrength= 5.46517631877214
RQWkrDrnRatio= 1.88912511151284
ICDroneMiteSurvivorship= 8.52893888950348
ICWorkerMiteSurvivorship= 13.4597574127838
ICForagerLifespan= 12.2523928238079
ImmType= Polynomial
RQQueenStrength= 3.28242749697529
RQEnableReQueen= true
AIAdultSlope= 4.4672102984041
AIAdultLD50= 18.7033260242261
AIAdultSlopeContact= 2.16723767993972
AIAdultLD50Contact= 64.906125023385
AILarvaSlope= 2.88154565542936
AILarvaLD50= 94.0278500561724
AIKOW= 81552.4244502127
AIKOC= 32183.9038534737
AIHalfLife= 9.51432204754092
EAppRate= 7.88253047438106
FoliarEnabled= true
FoliarAppDate= 06/07/1989
FoliarForageBegin= 06/05/1989
FoliarForageEnd= 06/28/1989
AIContactFactor= 1.58319433287252
CL4Pollen= 1.58764292858541
CL4Nectar= 39.7621891694143
CL5Pollen= 3.39415059657767
CL5Nectar= 38.7672731420025
CLDPollen= 4.63633211748675
CLDNectar= 50.9691014536656
CA13Pollen= 2.77546736160293
CA13Nectar= 87.2008521482348
CA410Pollen= 8.23747472180985
CA410Nectar= 126.028460678644
CA1120Pollen= 2.59847465995699
CA1120Nectar= 93.5847106389701
IPollenTrips= 8.30568114761263
INectarTrips= 10.950733574573
IPollenLoad= 3.28513846267015
INectarLoad= 5.83745760610327
ESoilP= 1.69217283977196
ESoilFoc= 0.0082418122922536
