ICQueenStrength= 1.37407020572573
RQWkrDrnRatio= 4.28360209055245
ICDroneMiteSurvivorship= 29.1121819755062
ICWorkerMiteSurvivorship= 66.6620338102803
ICForagerLifespan= 15.4692296162248
ImmType= Logarithmic
RQQueenStrength= 1.30895323026925
RQEnableReQueen= true
AIAdultSlope= 7.37504851073027
AIAdultLD50= 13.8602724788066
AIAdultSlopeContact= 4.72590376622975
AIAdultLD50Contact= 13.6213700918027
AILarvaSlope= 1.99484062567353
AILarvaLD50= 53.5863524002302
AIKOW= 90510.8923734029
AIKOC= 68412.8168208417
AIHalfLife= 9.78988423424307
EAppRate= 4.83009933435731
FoliarEnabled= true
FoliarAppDate= 06/07/1989
FoliarForageBegin= 06/05/1989
FoliarForageEnd= 06/28/1989
AIContactFactor= 1.73948442744557
CL4Pollen= 3.84002665709704
CL4Nectar= 66.0547675564885
CL5Pollen= 3.54109385004267
CL5Nectar= 89.1363216913305
CLDPollen= 0.686146459076554
CLDNectar= 8.86174851329997
CA13Pollen= 6.46711044367403
CA13Nectar= 38.2900055497885
CA410Pollen= 7.72898351163603
CA410Nectar= 58.8800474023446
CA1120Pollen= 2.21119811804965
CA1120Nectar= 91.1001355201006
IPollenTrips= 11.8002150487155
INectarTrips= 14.7119935881346
IPollenLoad= 8.65104672964662
INectarLoad= 6.54102936619893
