ICQueenStrength= 4.9584169825539
RQWkrDrnRatio= 3.20530701987445
ICDroneMiteSurvivorship= 89.2933971481398
ICWorkerMiteSurvivorship= 7.2280511027202
ICForagerLifespan= 8.09195731952786
ImmType= Cosine
RQQueenStrength= 2.68679105117917
RQEnableReQueen=true
AIAdultSlope= 3.34200288914144
AIAdultLD50= 0.538905471862992
AIAdultSlopeContact= 4.09190038428642
AIAdultLD50Contact= 24.7090892056779
AILarvaSlope= 5.21960347890854
AILarvaLD50= 7.02089999380335
AIKOW= 26913.0465552701
AIKOC= 90229.1766036921
AIHalfLife= 28.9839240682079
EAppRate= 4.93258223566762
FoliarEnabled=true
FoliarAppDate= 07/01/1989
FoliarForageBegin= 07/01/1989
FoliarForageEnd= 07/14/1989
AIContactFactor= 2.05561791110784
CL4Pollen= 3.38027888070792
CL4Nectar= 23.684644815512
CL5Pollen= 1.95371200377122
CL5Nectar= 134.3953780015
CLDPollen= 1.26800609193742
CLDNectar= 34.3133792979643
CA13Pollen= 6.29753095265478
CA13Nectar= 53.2011478953063
CA410Pollen= 9.45470753342379
CA410Nectar= 149.259861903265
CA1120Pollen= 2.40774477319792
CA1120Nectar= 61.8374046683311
IPollenTrips= 13.9773255563341
INectarTrips= 9.01599329896271
IPollenLoad= 0.743822162039578
INectarLoad= 1.35732474504039
