ICQueenStrength= 3.27178340777755
RQWkrDrnRatio= 2.02392087969929
ICDroneMiteSurvivorship= 6.09822538681328
ICWorkerMiteSurvivorship= 83.1380913965404
ICForagerLifespan= 7.55612197238952
ImmType= Tangent
RQQueenStrength= 4.19883547443897
RQEnableReQueen=true
AIAdultSlope= 2.20644809864461
AIAdultLD50= 0.111474132526666
AIAdultSlopeContact= 2.44663036125712
AIAdultLD50Contact= 71.0840922410602
AILarvaSlope= 4.1017615031451
AILarvaLD50= 0.715535920556867
AIKOW= 30252.8852727638
AIKOC= 19836.8192223897
AIHalfLife= 14.5295943509554
EAppRate= 7.53266053512064
FoliarEnabled=true
FoliarAppDate= 07/01/1989
FoliarForageBegin= 07/01/1989
FoliarForageEnd= 07/14/1989
AIContactFactor= 0.763192160525359
CL4Pollen= 1.04973712656647
CL4Nectar= 91.5117092896253
CL5Pollen= 3.07896467344835
CL5Nectar= 89.429649990052
CLDPollen= 2.82112160744146
CLDNectar= 81.129883043468
CA13Pollen= 7.28512195758521
CA13Nectar= 48.1539389304817
CA410Pollen= 4.50547759274486
CA410Nectar= 129.876902261749
CA1120Pollen= 1.89349182299338
CA1120Nectar= 65.4958746209741
IPollenTrips= 11.1112985922955
INectarTrips= 6.68656744062901
IPollenLoad= 8.47177198389545
INectarLoad= 9.41983446711674
