ICQueenStrength= 4.19373962585814
RQWkrDrnRatio= 1.63592767901719
ICDroneMiteSurvivorship= 53.641589730978
ICWorkerMiteSurvivorship= 25.902041234076
ICForagerLifespan= 4.47658895980567
ImmType= Sine
RQQueenStrength= 5.31134733720683
RQEnableReQueen= true
AIAdultSlope= 2.76170962676406
AIAdultLD50= 57.7028611363955
AIAdultSlopeContact= 9.41134955803864
AIAdultLD50Contact= 33.1679547306132
AILarvaSlope= 5.37769465520978
AILarvaLD50= 69.0766345620421
AIKOW= 93245.2743875638
AIKOC= 86751.7987991681
AIHalfLife= 32.5244262592634
EAppRate= 5.01779397372156
FoliarEnabled= true
FoliarAppDate= 06/07/1989
FoliarForageBegin= 06/05/1989
FoliarForageEnd= 06/28/1989
AIContactFactor= 1.17733978861012
CL4Pollen= 0.0545395286753774
CL4Nectar= 5.86784000042826
CL5Pollen= 0.770536354277283
CL5Nectar= 111.643824214116
CLDPollen= 1.9199201236479
CLDNectar= 37.9038527724333
CA13Pollen= 4.56792359035462
CA13Nectar= 69.0222867019475
CA410Pollen= 5.75534239728004
CA410Nectar= 56.0236773593351
CA1120Pollen= 0.259817955549806
CA1120Nectar= 98.1425921991467
IPollenTrips= 12.195916401688
INectarTrips= 14.2829604586586
IPollenLoad= 1.66932442924008
INectarLoad= 6.9580874661915
