ICQueenStrength= 3.78220777120441
RQWkrDrnRatio= 2.46905946731567
ICDroneMiteSurvivorship= 75.8252101717517
ICWorkerMiteSurvivorship= 68.2685383828357
ICForagerLifespan= 9.24795182608068
ImmType= Sine
RQQueenStrength= 2.83176671527326
RQEnableReQueen=true
AIAdultSlope= 8.268858095631
AIAdultLD50= 0.564611907458864
AIAdultSlopeContact= 4.24501270591281
AIAdultLD50Contact= 4.76964387426921
AILarvaSlope= 3.96078811399639
AILarvaLD50= 90.2854761434242
AIKOW= 98970.6591335355
AIKOC= 24093.5321176827
AIHalfLife= 21.5158610881772
EAppRate= 5.56952084568655
FoliarEnabled=true
FoliarAppDate= 07/01/1989
FoliarForageBegin= 07/01/1989
FoliarForageEnd= 07/14/1989
AIContactFactor= 0.751800092947669
CL4Pollen= 2.22107072919607
CL4Nectar= 34.7701195860282
CL5Pollen= 2.40440254937857
CL5Nectar= 87.4608459882438
CLDPollen= 1.30564685538411
CLDNectar= 146.138995117508
CA13Pollen= 8.13389973742887
CA13Nectar= 31.2551369145513
CA410Pollen= 5.58130068597384
CA410Nectar= 142.407612348907
CA1120Pollen= 1.58034888887778
CA1120Nectar= 33.5705730877817
IPollenTrips= 7.42436765925959
INectarTrips= 10.0377447577193
IPollenLoad= 1.92718695383519
INectarLoad= 3.67753221420571
