ICQueenStrength= 4.67506146314554
RQWkrDrnRatio= 3.26607060898095
ICDroneMiteSurvivorship= 23.5600308747962
ICWorkerMiteSurvivorship= 75.7587683852762
ICForagerLifespan= 8.05974809918553
ImmType= Polynomial
RQQueenStrength= 5.55951835378073
RQEnableReQueen= true
AIAdultSlope= 4.42734668590128
AIAdultLD50= 89.1797611327767
AIAdultSlopeContact= 8.05079175974242
AIAdultLD50Contact= 0.352278463507537
AILarvaSlope= 2.88002014160156
AILarvaLD50= 64.6018864709425
AIKOW= 14195.1854696709
AIKOC= 72522.154351763
AIHalfLife= 4.72990373969078
EAppRate= 0.764253213943914
FoliarEnabled= true
FoliarAppDate= 06/07/1989
FoliarForageBegin= 06/05/1989
FoliarForageEnd= 06/28/1989
AIContactFactor= 0.398072174219415
CL4Pollen= 0.768331123515964
CL4Nectar= 73.6266735009849
CL5Pollen= 4.06684120511636
CL5Nectar= 108.424317534082
CLDPollen= 2.5095842233859
CLDNectar= 14.4270041026175
CA13Pollen= 6.39367230543867
CA13Nectar= 71.9904380477965
CA410Pollen= 7.18298977604136
CA410Nectar= 50.2896440960467
CA1120Pollen= 0.0348077779635787
CA1120Nectar= 32.3075850307941
IPollenTrips= 8.80958163645118
INectarTrips= 5.69389446638525
IPollenLoad= 9.01105793192983
INectarLoad= 7.70028413971886
