ICQueenStrength= 4.59085674164817
RQWkrDrnRatio= 1.37729189824313
ICDroneMiteSurvivorship= 20.8605256862938
ICWorkerMiteSurvivorship= 55.9911098098382
ICForagerLifespan= 11.6134307589382
ImmType= Sine
RQQueenStrength= 2.56233248533681
RQEnableReQueen= true
AIAdultSlope= 3.56637036986649
AIAdultLD50= 27.9117849413825
AIAdultSlopeContact= 3.34718538029119
AIAdultLD50Contact= 7.12119507468026
AILarvaSlope= 7.61938196234405
AILarvaLD50= 5.23791467800597
AIKOW= 15826.0352566014
AIKOC= 90942.5692673721
AIHalfLife= 22.9275989641203
EAppRate= 7.65091967378277
FoliarEnabled= true
FoliarAppDate= 06/07/1989
FoliarForageBegin= 06/05/1989
FoliarForageEnd= 06/28/1989
AIContactFactor= 0.532245726045221
CL4Pollen= 3.16712726745754
CL4Nectar= 46.0686674807221
CL5Pollen= 5.94165773922578
CL5Nectar= 12.7130898297764
CLDPollen= 5.45380368595943
CLDNectar= 99.4191938778386
CA13Pollen= 6.60952401747927
CA13Nectar= 75.5731930397451
CA410Pollen= 3.66103300596587
CA410Nectar= 44.3656027689576
CA1120Pollen= 1.76788149029016
CA1120Nectar= 76.7183219827712
IPollenTrips= 14.0032625664026
INectarTrips= 14.7903384524398
IPollenLoad= 5.42698384728283
INectarLoad= 8.23582747718319
