ICQueenStrength= 2.6682095755823
RQWkrDrnRatio= 4.12918744795024
ICDroneMiteSurvivorship= 98.9594540325925
ICWorkerMiteSurvivorship= 19.6268665604293
ICForagerLifespan= 10.3506070245057
ImmType= Polynomial
RQQueenStrength= 2.77494230912998
RQEnableReQueen= true
AIAdultSlope= 5.64604285918176
AIAdultLD50= 87.92825825106
AIAdultSlopeContact= 7.04606766765937
AIAdultLD50Contact= 41.8333769455599
AILarvaSlope= 5.25819066353142
AILarvaLD50= 26.2113206859997
AIKOW= 99524.1361214737
AIKOC= 52738.8742357013
AIHalfLife= 29.6955181083409
EAppRate= 0.398439739634283
FoliarEnabled= true
FoliarAppDate= 06/07/1989
FoliarForageBegin= 06/05/1989
FoliarForageEnd= 06/28/1989
AIContactFactor= 2.19673051783815
CL4Pollen= 1.52203077636659
CL4Nectar= 7.8249950427562
CL5Pollen= 0.979863218497485
CL5Nectar= 62.7713778871112
CLDPollen= 4.61854238016531
CLDNectar= 100.158309855033
CA13Pollen= 5.00550198396668
CA13Nectar= 56.7268107831478
CA410Pollen= 4.11020557403099
CA410Nectar= 155.66665190272
CA1120Pollen= 0.740594375180081
CA1120Nectar= 95.48056172207
IPollenTrips= 13.2957009598613
INectarTrips= 9.690621139016
IPollenLoad= 8.32768670283258
INectarLoad= 1.50618007173762
ESoilP= 1.74976984527893
ESoilFoc= 0.0116779369374271
