ICQueenStrength= 3.60160935809836
RQWkrDrnRatio= 4.98612149525434
ICDroneMiteSurvivorship= 18.4928977163509
ICWorkerMiteSurvivorship= 45.6364224664867
ICForagerLifespan= 12.5471785916016
ImmType= Tangent
RQQueenStrength= 2.87917123083025
RQEnableReQueen= true
AIAdultSlope= 8.34231698699296
AIAdultLD50= 87.4841050614999
AIAdultSlopeContact= 5.84842319856398
AIAdultLD50Contact= 60.6794672601181
AILarvaSlope= 4.50211175903678
AILarvaLD50= 31.5673624837755
AIKOW= 25721.3877286818
AIKOC= 94201.48035209
AIHalfLife= 21.9366045450093
EAppRate= 3.52810524302209
FoliarEnabled= true
FoliarAppDate= 06/07/1989
FoliarForageBegin= 06/05/1989
FoliarForageEnd= 06/28/1989
AIContactFactor= 0.683441166286357
CL4Pollen= 1.94206658471376
CL4Nectar= 65.9491783706471
CL5Pollen= 4.61552511854097
CL5Nectar= 98.0482335900888
CLDPollen= 0.975821728818119
CLDNectar= 71.1990535492077
CA13Pollen= 3.9280043149367
CA13Nectar= 28.5455766692758
CA410Pollen= 4.02526965504512
CA410Nectar= 102.305307234637
CA1120Pollen= 0.293798316735774
CA1120Nectar= 32.6465464942157
IPollenTrips= 7.5541938142851
INectarTrips= 8.82057556882501
IPollenLoad= 1.79103808710352
INectarLoad= 7.86145238671452
