ICQueenStrength= 5.94354024995118
RQWkrDrnRatio= 4.78821340948343
ICDroneMiteSurvivorship= 28.6867098184302
ICWorkerMiteSurvivorship= 38.7852839194238
ICForagerLifespan= 8.78169939294457
ImmType= Logarithmic
RQQueenStrength= 1.81199288950302
RQEnableReQueen= true
AIAdultSlope= 8.48158836364746
AIAdultLD50= 85.608491282159
AIAdultSlopeContact= 9.34115095762536
AIAdultLD50Contact= 16.6706819792155
AILarvaSlope= 4.43732908368111
AILarvaLD50= 12.1436602293502
AIKOW= 21081.8503040566
AIKOC= 6913.76157651609
AIHalfLife= 21.3946162973531
EAppRate= 4.79551547035528
FoliarEnabled= true
FoliarAppDate= 06/07/1989
FoliarForageBegin= 06/05/1989
FoliarForageEnd= 06/28/1989
AIContactFactor= 0.86402096349746
CL4Pollen= 0.565770765766501
CL4Nectar= 45.6482426961884
CL5Pollen= 3.94734200416133
CL5Nectar= 70.1406792271882
CLDPollen= 4.02716161077842
CLDNectar= 25.6338933482766
CA13Pollen= 7.85302488207817
CA13Nectar= 31.9788143783808
CA410Pollen= 8.0945943507133
CA410Nectar= 38.9616665802896
CA1120Pollen= 2.56370610720478
CA1120Nectar= 92.3597054183483
IPollenTrips= 8.74872890068218
INectarTrips= 10.0626619742252
IPollenLoad= 8.95073389168829
INectarLoad= 7.79715435346588
