ICQueenStrength= 2.16330126882531
RQWkrDrnRatio= 2.32218128722161
ICDroneMiteSurvivorship= 2.70835103001446
ICWorkerMiteSurvivorship= 29.1442298097536
ICForagerLifespan= 5.08881766255945
ImmType= Sine
RQQueenStrength= 3.25255417637527
RQEnableReQueen= true
AIAdultSlope= 8.91077307797968
AIAdultLD50= 17.9033659069906
AIAdultSlopeContact= 9.06893732608296
AIAdultLD50Contact= 72.6622695937571
AILarvaSlope= 2.77886711806059
AILarvaLD50= 7.52967079405533
AIKOW= 35509.9814707075
AIKOC= 3494.70030341996
AIHalfLife= 6.07572699917946
EAppRate= 6.09388723514066
FoliarEnabled= true
FoliarAppDate= 06/07/1989
FoliarForageBegin= 06/05/1989
FoliarForageEnd= 06/28/1989
AIContactFactor= 1.38494949686341
CL4Pollen= 0.544891941361129
CL4Nectar= 72.3936743335798
CL5Pollen= 1.20326497452334
CL5Nectar= 108.214206830598
CLDPollen= 2.92340792203322
CLDNectar= 82.7072725631297
CA13Pollen= 6.06105598835275
CA13Nectar= 88.4711332246661
CA410Pollen= 6.38079095936846
CA410Nectar= 159.104990768246
CA1120Pollen= 0.773012742167339
CA1120Nectar= 26.802895180881
IPollenTrips= 10.5722101125866
INectarTrips= 9.1239764704369
IPollenLoad= 9.46009463397786
INectarLoad= 1.1003695288673
