ICQueenStrength= 1.1421741489321
RQWkrDrnRatio= 2.71694487892091
ICDroneMiteSurvivorship= 54.1863046353683
ICWorkerMiteSurvivorship= 72.5745234172791
ICForagerLifespan= 12.366878028959
ImmType= Cosine
RQQueenStrength= 1.65061390516348
RQEnableReQueen= true
AIAdultSlope= 3.60142796300352
AIAdultLD50= 10.4869719580109
AIAdultSlopeContact= 5.90472248499282
AIAdultLD50Contact= 56.9229544288295
AILarvaSlope= 3.54064575023949
AILarvaLD50= 78.7958288614925
AIKOW= 87166.5351819088
AIKOC= 13614.795881642
AIHalfLife= 25.0541942216223
EAppRate= 4.78080820292072
FoliarEnabled= true
FoliarAppDate= 06/07/1989
FoliarForageBegin= 06/05/1989
FoliarForageEnd= 06/28/1989
AIContactFactor= 0.397272662636824
CL4Pollen= 1.26371167320758
CL4Nectar= 60.1549539482221
CL5Pollen= 2.83445874229074
CL5Nectar= 85.9084469731897
CLDPollen= 4.60502152936533
CLDNectar= 98.0254335561767
CA13Pollen= 7.49576083272695
CA13Nectar= 83.3565352670848
CA410Pollen= 3.84634471985046
CA410Nectar= 33.6023286962882
CA1120Pollen= 2.64260390074924
CA1120Nectar= 37.8354632854462
IPollenTrips= 6.20915710693225
INectarTrips= 7.1690926188603
IPollenLoad= 4.8581775650382
INectarLoad= 7.23473773570731
ESoilP= 1.80223123938777
ESoilFoc= 0.0070866180723533
