ICQueenStrength= 5.00487410835922
RQWkrDrnRatio= 2.85478829406202
ICDroneMiteSurvivorship= 31.3981303712353
ICWorkerMiteSurvivorship= 40.8044339157641
ICForagerLifespan= 8.27092937286943
ImmType= Cosine
RQQueenStrength= 5.84798628254794
RQEnableReQueen= true
AIAdultSlope= 5.12211289815605
AIAdultLD50= 84.1353946799468
AIAdultSlopeContact= 9.87800890742801
AIAdultLD50Contact= 79.3680442368179
AILarvaSlope= 8.98333981819451
AILarvaLD50= 6.61932942675636
AIKOW= 32174.5684209289
AIKOC= 64021.4987053343
AIHalfLife= 24.5250168173574
EAppRate= 4.32581356452918
FoliarEnabled= true
FoliarAppDate= 06/07/1989
FoliarForageBegin= 06/05/1989
FoliarForageEnd= 06/28/1989
AIContactFactor= 1.69317628200166
CL4Pollen= 1.89989511389285
CL4Nectar= 82.2362183593214
CL5Pollen= 2.36448301468045
CL5Nectar= 60.7410545577295
CLDPollen= 0.328977727331221
CLDNectar= 96.3126961374655
CA13Pollen= 7.34120245538652
CA13Nectar= 42.7033458650112
CA410Pollen= 5.99873381061479
CA410Nectar= 138.465661793016
CA1120Pollen= 1.87194952089339
CA1120Nectar= 75.2957887947559
IPollenTrips= 9.82018972979859
INectarTrips= 5.06771478801966
IPollenLoad= 8.98527046199888
INectarLoad= 4.66258018277586
ESoilP= 1.23725769226439
ESoilFoc= 0.00452227751654573
