ICQueenStrength= 3.69362160004675
RQWkrDrnRatio= 2.42641534656286
ICDroneMiteSurvivorship= 25.5159604828805
ICWorkerMiteSurvivorship= 86.9782308116555
ICForagerLifespan= 7.37112197559327
ImmType= Cosine
RQQueenStrength= 3.18644769745879
RQEnableReQueen= true
AIAdultSlope= 1.68944731727242
AIAdultLD50= 87.706089677454
AIAdultSlopeContact= 6.79032415733673
AIAdultLD50Contact= 93.0792841700497
AILarvaSlope= 3.19473639689386
AILarvaLD50= 32.1793089866703
AIKOW= 64368.252643319
AIKOC= 44221.8130637994
AIHalfLife= 33.9909934521653
EAppRate= 4.84971813867823
FoliarEnabled= true
FoliarAppDate= 06/07/1989
FoliarForageBegin= 06/05/1989
FoliarForageEnd= 06/28/1989
AIContactFactor= 1.49470398144331
CL4Pollen= 2.16627363674343
CL4Nectar= 96.1457139579579
CL5Pollen= 5.7445620582439
CL5Nectar= 89.205839659553
CLDPollen= 1.16110570868477
CLDNectar= 11.4518407266587
CA13Pollen= 3.21691897539422
CA13Nectar= 51.8387920968235
CA410Pollen= 7.07433177998755
CA410Nectar= 63.4921937296167
CA1120Pollen= 1.65836152131669
CA1120Nectar= 37.8273023851216
IPollenTrips= 10.3828029381111
INectarTrips= 14.5983698335476
IPollenLoad= 8.32473037298769
INectarLoad= 0.38278984837234
