ICQueenStrength= 4.23516087722965
RQWkrDrnRatio= 2.85039274487644
ICDroneMiteSurvivorship= 40.0410279864445
ICWorkerMiteSurvivorship= 59.9513634806499
ICForagerLifespan= 7.33287178352475
ImmType= Logarithmic
RQQueenStrength= 5.18649624101818
RQEnableReQueen= true
AIAdultSlope= 4.54018490202725
AIAdultLD50= 25.2743940736239
AIAdultSlopeContact= 7.03224099124782
AIAdultLD50Contact= 31.546941577893
AILarvaSlope= 2.11492185853422
AILarvaLD50= 53.6535405985033
AIKOW= 90728.5097246233
AIKOC= 80828.1563531256
AIHalfLife= 14.397300103493
EAppRate= 4.16969560019369
FoliarEnabled= true
FoliarAppDate= 06/07/1989
FoliarForageBegin= 06/05/1989
FoliarForageEnd= 06/28/1989
AIContactFactor= 2.33263257054146
CL4Pollen= 3.20955517701805
CL4Nectar= 76.2092643650249
CL5Pollen= 2.85798858152702
CL5Nectar= 124.57340505207
CLDPollen= 4.12254033610225
CLDNectar= 47.7419340284541
CA13Pollen= 4.90485163666308
CA13Nectar= 52.8454070165753
CA410Pollen= 8.05421884295065
CA410Nectar= 52.0983094768599
CA1120Pollen= 2.142507762881
CA1120Nectar= 84.0719558484852
IPollenTrips= 9.83326467452571
INectarTrips= 14.5495891873725
IPollenLoad= 4.82380897505209
INectarLoad= 9.14833550108597
