ICQueenStrength= 3.28271182859316
RQWkrDrnRatio= 2.38807386532426
ICDroneMiteSurvivorship= 97.9272589087486
ICWorkerMiteSurvivorship= 24.7649116208777
ICForagerLifespan= 13.0725453887135
ImmType= Polynomial
RQQueenStrength= 5.16674247593619
RQEnableReQueen= true
AIAdultSlope= 8.68120235577226
AIAdultLD50= 4.49488259725692
AIAdultSlopeContact= 9.17793094716035
AIAdultLD50Contact= 90.5614586515161
AILarvaSlope= 4.08670347556472
AILarvaLD50= 64.2256842484993
AIKOW= 98622.9643438552
AIKOC= 90533.4669837176
AIHalfLife= 33.9696240153862
EAppRate= 0.364211614591535
FoliarEnabled= true
FoliarAppDate= 06/07/1989
FoliarForageBegin= 06/05/1989
FoliarForageEnd= 06/28/1989
AIContactFactor= 1.68759291870054
CL4Pollen= 2.50872692093253
CL4Nectar= 52.3342584026977
CL5Pollen= 0.885652754455805
CL5Nectar= 130.917233938817
CLDPollen= 4.12042142171413
CLDNectar= 60.7992310076952
CA13Pollen= 7.98452311269939
CA13Nectar= 26.1733068712056
CA410Pollen= 5.66466148751788
CA410Nectar= 56.4151103096083
CA1120Pollen= 1.72169367293827
CA1120Nectar= 67.4920396320522
IPollenTrips= 12.1695052902214
INectarTrips= 7.52556326100603
IPollenLoad= 2.25754786748439
INectarLoad= 9.63262433186173
ESoilP= 1.26324521307833
ESoilFoc= 0.00243414631043561
