ICQueenStrength= 2.7840484844055
RQWkrDrnRatio= 3.63610976841301
ICDroneMiteSurvivorship= 35.3065959643573
ICWorkerMiteSurvivorship= 54.0777306538075
ICForagerLifespan= 6.12320553138852
ImmType= Exponential
RQQueenStrength= 4.77276895451359
RQEnableReQueen= true
AIAdultSlope= 5.19851016998291
AIAdultLD50= 14.3972595097672
AIAdultSlopeContact= 2.44853303860873
AIAdultLD50Contact= 0.234612481113523
AILarvaSlope= 1.77330960147083
AILarvaLD50= 65.0741524921565
AIKOW= 61191.3402025109
AIKOC= 36747.1727811289
AIHalfLife= 8.48348240538034
EAppRate= 4.17597373956745
FoliarEnabled= true
FoliarAppDate= 06/07/1989
FoliarForageBegin= 06/05/1989
FoliarForageEnd= 06/28/1989
AIContactFactor= 0.722809136742726
CL4Pollen= 1.41549381427467
CL4Nectar= 84.674002812244
CL5Pollen= 0.166751883924007
CL5Nectar= 32.8737500240095
CLDPollen= 1.24946192465723
CLDNectar= 106.341380509548
CA13Pollen= 7.86782875079662
CA13Nectar= 89.1470276378095
CA410Pollen= 5.08888059661258
CA410Nectar= 39.2981601366773
CA1120Pollen= 2.00179103761911
CA1120Nectar= 82.2539160959423
IPollenTrips= 6.92772030597553
INectarTrips= 12.1438690484501
IPollenLoad= 4.31214610347524
INectarLoad= 1.13880713703111
