ICQueenStrength= 4.64612539298832
RQWkrDrnRatio= 2.85647493042052
ICDroneMiteSurvivorship= 48.255533282645
ICWorkerMiteSurvivorship= 36.7733334423974
ICForagerLifespan= 4.45176246669143
ImmType= Polynomial
RQQueenStrength= 5.94900152436458
RQEnableReQueen= true
AIAdultSlope= 5.80730535648763
AIAdultLD50= 25.7587907527443
AIAdultSlopeContact= 8.06760104419664
AIAdultLD50Contact= 62.9614777649578
AILarvaSlope= 4.43111231550574
AILarvaLD50= 24.332615645116
AIKOW= 96433.8738312106
AIKOC= 37073.3416188566
AIHalfLife= 25.6983851956902
EAppRate= 2.73858509162953
FoliarEnabled= true
FoliarAppDate= 06/07/1989
FoliarForageBegin= 06/05/1989
FoliarForageEnd= 06/28/1989
AIContactFactor= 2.3512039667787
CL4Pollen= 0.21977997943759
CL4Nectar= 82.3365970049053
CL5Pollen= 2.46257822960615
CL5Nectar= 9.62832067161798
CLDPollen= 0.833443984854966
CLDNectar= 41.0446772002615
CA13Pollen= 3.58461933517829
CA13Nectar= 41.774276830256
CA410Pollen= 7.02675256207585
CA410Nectar= 119.361607339233
CA1120Pollen= 0.13429979654029
CA1120Nectar= 48.8260068744421
IPollenTrips= 9.83473089523613
INectarTrips= 11.11864463659
IPollenLoad= 9.00371840456501
INectarLoad= 2.18800675589591
