ICQueenStrength= 1.88409973401576
RQWkrDrnRatio= 1.42859337851405
ICDroneMiteSurvivorship= 96.8849659664556
ICWorkerMiteSurvivorship= 58.233535522595
ICForagerLifespan= 11.8541542934254
ImmType= Logarithmic
RQQueenStrength= 3.5792315704748
RQEnableReQueen=true
AIAdultSlope= 1.97927470691502
AIAdultLD50= 0.570923936639912
AIAdultSlopeContact= 7.59953366708942
AIAdultLD50Contact= 88.5075284640375
AILarvaSlope= 1.43329093977809
AILarvaLD50= 85.4361849178909
AIKOW= 50181.5384246568
AIKOC= 89857.1037078358
AIHalfLife= 24.6145730769727
EAppRate= 4.39337517317711
FoliarEnabled=true
FoliarAppDate= 07/01/1989
FoliarForageBegin= 07/01/1989
FoliarForageEnd= 07/14/1989
AIContactFactor= 2.02608030405827
CL4Pollen= 3.37343574967235
CL4Nectar= 51.3349993852898
CL5Pollen= 0.849815981928259
CL5Nectar= 98.2714763609692
CLDPollen= 4.29916183836758
CLDNectar= 89.2666021012701
CA13Pollen= 6.76308319373056
CA13Nectar= 79.087651502341
CA410Pollen= 5.29707168920431
CA410Nectar= 113.520156969316
CA1120Pollen= 1.39882314694114
CA1120Nectar= 83.63589765504
IPollenTrips= 5.83886594278738
INectarTrips= 13.7866764049977
IPollenLoad= 6.76195697626099
INectarLoad= 5.53118774201721
