ICQueenStrength= 3.60858117137104
RQWkrDrnRatio= 1.0155090149492
ICDroneMiteSurvivorship= 74.8308610869572
ICWorkerMiteSurvivorship= 15.7988141523674
ICForagerLifespan= 6.6152694793418
ImmType= Cosine
RQQueenStrength= 1.57549784239382
RQEnableReQueen=true
AIAdultSlope= 1.59010356850922
AIAdultLD50= 0.452577891891124
AIAdultSlopeContact= 7.61108156805858
AIAdultLD50Contact= 52.2173972492302
AILarvaSlope= 4.69629101455212
AILarvaLD50= 65.8110226318429
AIKOW= 71159.4866558228
AIKOC= 41256.4670063464
AIHalfLife= 28.4545840100152
EAppRate= 0.38001224084245
FoliarEnabled=true
FoliarAppDate= 07/01/1989
FoliarForageBegin= 07/01/1989
FoliarForageEnd= 07/14/1989
AIContactFactor= 0.346110076825134
CL4Pollen= 2.98946782015264
CL4Nectar= 33.634868869558
CL5Pollen= 1.25536136794835
CL5Nectar= 79.3856514967047
CLDPollen= 1.81996601354331
CLDNectar= 121.17695241468
CA13Pollen= 6.20154069904238
CA13Nectar= 42.890292480588
CA410Pollen= 9.31493507048581
CA410Nectar= 20.3736923169345
CA1120Pollen= 0.0609218780882657
CA1120Nectar= 80.125298704952
IPollenTrips= 9.06109672505409
INectarTrips= 9.06450150534511
IPollenLoad= 3.15328591503203
INectarLoad= 1.67585031827912
