ICQueenStrength= 3.72728159674443
RQWkrDrnRatio= 1.11497136484832
ICDroneMiteSurvivorship= 82.4061406543478
ICWorkerMiteSurvivorship= 25.3243617713451
ICForagerLifespan= 15.8784764520824
ImmType= Exponential
RQQueenStrength= 3.44533662218601
RQEnableReQueen= true
AIAdultSlope= 4.2118020541966
AIAdultLD50= 0.895844012813875
AIAdultSlopeContact= 7.40575209981762
AIAdultLD50Contact= 98.4460882005913
AILarvaSlope= 8.49249956198037
AILarvaLD50= 68.524141351542
AIKOW= 69140.3283630799
AIKOC= 14670.7686128167
AIHalfLife= 5.8765881792875
EAppRate= 4.11753652419429
FoliarEnabled= true
FoliarAppDate= 09/01/1989
FoliarForageBegin= 09/01/1989
FoliarForageEnd= 09/08/1989
AIContactFactor= 1.75794020301197
CL4Pollen= 0.0265363799408078
CL4Nectar= 34.6969491103664
CL5Pollen= 0.104960376396775
CL5Nectar= 11.2846110714599
CLDPollen= 4.16096687363461
CLDNectar= 39.5682598929852
CA13Pollen= 7.97022878266871
CA13Nectar= 77.3168009147048
CA410Pollen= 6.91810619512107
CA410Nectar= 185.006479476579
CA1120Pollen= 0.534588633337989
CA1120Nectar= 29.6832117810845
IPollenTrips= 7.74029314517975
INectarTrips= 9.62983254576102
IPollenLoad= 3.22914205025882
INectarLoad= 7.1682393969968
