ICQueenStrength= 2.57058410579339
RQWkrDrnRatio= 1.96312890574336
ICDroneMiteSurvivorship= 59.2977263499051
ICWorkerMiteSurvivorship= 46.8682589009404
ICForagerLifespan= 12.4057458695024
ImmType= Logarithmic
RQQueenStrength= 5.58605005056597
RQEnableReQueen= true
AIAdultSlope= 4.43231480568647
AIAdultLD50= 49.9347035562647
AIAdultSlopeContact= 1.78431590902619
AIAdultLD50Contact= 84.0358093296236
AILarvaSlope= 5.520084368065
AILarvaLD50= 46.2919498715214
AIKOW= 89913.5315167032
AIKOC= 81055.0665219394
AIHalfLife= 21.8379521710332
EAppRate= 9.84936253744364
FoliarEnabled= true
FoliarAppDate= 06/07/1989
FoliarForageBegin= 06/05/1989
FoliarForageEnd= 06/28/1989
AIContactFactor= 0.823543055029586
CL4Pollen= 1.09678932093084
CL4Nectar= 47.1714408602566
CL5Pollen= 3.37972704134881
CL5Nectar= 115.928188862745
CLDPollen= 2.67258237255737
CLDNectar= 108.881541760638
CA13Pollen= 4.35607240982354
CA13Nectar= 87.7129637636244
CA410Pollen= 4.39975305646658
CA410Nectar= 136.856445390731
CA1120Pollen= 2.71407732577063
CA1120Nectar= 75.765837803483
IPollenTrips= 11.7659714818001
INectarTrips= 13.0978658259846
IPollenLoad= 7.11600098991767
INectarLoad= 9.02370183728635
