ICQueenStrength= 3.27591512026265
RQWkrDrnRatio= 4.58849041629583
ICDroneMiteSurvivorship= 86.1411130987108
ICWorkerMiteSurvivorship= 49.8031362891197
ICForagerLifespan= 11.8628596290946
ImmType= Sine
RQQueenStrength= 2.90702780149877
RQEnableReQueen= true
AIAdultSlope= 4.54443703405559
AIAdultLD50= 43.0484754205253
AIAdultSlopeContact= 8.40137717709877
AIAdultLD50Contact= 21.2137473695034
AILarvaSlope= 8.13327125832438
AILarvaLD50= 35.6381961018946
AIKOW= 80178.6716359659
AIKOC= 20806.2860598154
AIHalfLife= 23.5455516990041
EAppRate= 2.86809592643264
FoliarEnabled= true
FoliarAppDate= 06/07/1989
FoliarForageBegin= 06/05/1989
FoliarForageEnd= 06/28/1989
AIContactFactor= 2.22690130115021
CL4Pollen= 3.8149590883404
CL4Nectar= 98.4182864893228
CL5Pollen= 3.78106679348275
CL5Nectar= 17.9725908790715
CLDPollen= 5.64824371598661
CLDNectar= 110.769522737246
CA13Pollen= 5.63361408589408
CA13Nectar= 42.6450632326305
CA410Pollen= 4.95859597257804
CA410Nectar= 62.7314683329314
CA1120Pollen= 2.89825633680448
CA1120Nectar= 95.6088823638856
IPollenTrips= 14.7790425946005
INectarTrips= 12.639143622946
IPollenLoad= 7.72254236508161
INectarLoad= 0.524722477421165
ESoilP= 1.33987246383913
ESoilFoc= 0.00169929117639549
