ICQueenStrength= 1.77424654737115
RQWkrDrnRatio= 2.80995509400964
ICDroneMiteSurvivorship= 58.5277722682804
ICWorkerMiteSurvivorship= 36.4914725534618
ICForagerLifespan= 14.4785502236336
ImmType= Sine
RQQueenStrength= 5.73772747907788
RQEnableReQueen= true
AIAdultSlope= 2.71658202446997
AIAdultLD50= 51.3040743523734
AIAdultSlopeContact= 4.17988042952493
AIAdultLD50Contact= 29.4537240103311
AILarvaSlope= 3.49850088357925
AILarvaLD50= 97.777795359473
AIKOW= 26932.0719834509
AIKOC= 34955.3010837368
AIHalfLife= 0.772448252537288
EAppRate= 7.85354712435254
FoliarEnabled= true
FoliarAppDate= 06/07/1989
FoliarForageBegin= 06/05/1989
FoliarForageEnd= 06/28/1989
AIContactFactor= 0.769346816497855
CL4Pollen= 1.09826033748686
CL4Nectar= 83.2854570122436
CL5Pollen= 4.91266209958121
CL5Nectar= 30.7091865688562
CLDPollen= 5.66283092228696
CLDNectar= 117.525365855545
CA13Pollen= 3.44151500873268
CA13Nectar= 77.8194723650813
CA410Pollen= 3.98349250431638
CA410Nectar= 110.432251184247
CA1120Pollen= 2.22851715353318
CA1120Nectar= 60.7276565767825
IPollenTrips= 8.77661383943632
INectarTrips= 12.0034172479063
IPollenLoad= 0.267548887059093
INectarLoad= 7.57080703275278
ESoilP= 1.9022015905939
ESoilFoc= 0.00595322986505926
