ICQueenStrength= 2.20076452381909
RQWkrDrnRatio= 2.77114117424935
ICDroneMiteSurvivorship= 84.3578568426892
ICWorkerMiteSurvivorship= 28.7898134440184
ICForagerLifespan= 7.23524917662144
ImmType= Cosine
RQQueenStrength= 2.02054840419441
RQEnableReQueen= true
AIAdultSlope= 5.38446828350425
AIAdultLD50= 71.8886160493877
AIAdultSlopeContact= 2.86800072458573
AIAdultLD50Contact= 24.1963848641694
AILarvaSlope= 7.10100566036999
AILarvaLD50= 52.6980669290926
AIKOW= 45587.2973124683
AIKOC= 2397.20562240551
AIHalfLife= 5.19305851950776
EAppRate= 0.0859733316763304
FoliarEnabled= true
FoliarAppDate= 06/07/1989
FoliarForageBegin= 06/05/1989
FoliarForageEnd= 06/28/1989
AIContactFactor= 2.27591558265034
CL4Pollen= 0.205747508443892
CL4Nectar= 15.697603719309
CL5Pollen= 1.45655681239441
CL5Nectar= 15.2182702207938
CLDPollen= 4.57956720655784
CLDNectar= 58.4527640137821
CA13Pollen= 3.73247200138867
CA13Nectar= 49.2521951906383
CA410Pollen= 6.39898507741746
CA410Nectar= 43.7476030783728
CA1120Pollen= 2.50672936532646
CA1120Nectar= 79.4238218292594
IPollenTrips= 10.4644135991111
INectarTrips= 5.5195434903726
IPollenLoad= 6.4670809567906
INectarLoad= 6.64978394750506
