ICQueenStrength= 3.48666271334514
RQWkrDrnRatio= 4.19499314203858
ICDroneMiteSurvivorship= 94.146239082329
ICWorkerMiteSurvivorship= 1.26600677613169
ICForagerLifespan= 15.4667519815266
ImmType= Sine
RQQueenStrength= 1.99931735428981
RQEnableReQueen= true
AIAdultSlope= 3.52602765336633
AIAdultLD50= 79.6560295335054
AIAdultSlopeContact= 2.52566430484876
AIAdultLD50Contact= 81.4424528853386
AILarvaSlope= 2.04487238265574
AILarvaLD50= 92.1026661273323
AIKOW= 53343.0920073277
AIKOC= 41040.696298735
AIHalfLife= 32.8351506465347
EAppRate= 9.51456113840803
FoliarEnabled= true
FoliarAppDate= 06/07/1989
FoliarForageBegin= 06/05/1989
FoliarForageEnd= 06/28/1989
AIContactFactor= 2.0942148708133
CL4Pollen= 0.10788054112345
CL4Nectar= 68.1483674794436
CL5Pollen= 1.67638616077602
CL5Nectar= 98.954966745805
CLDPollen= 5.56405243696645
CLDNectar= 146.31669188384
CA13Pollen= 6.40385525329038
CA13Nectar= 90.862557515502
CA410Pollen= 5.88059828071855
CA410Nectar= 46.6782631864771
CA1120Pollen= 0.237221209332347
CA1120Nectar= 38.0802827514708
IPollenTrips= 6.07414543861523
INectarTrips= 6.93038841011003
IPollenLoad= 7.58687641704455
INectarLoad= 8.91949262470007
