ICQueenStrength= 5.82434871373698
RQWkrDrnRatio= 4.40652501676232
ICDroneMiteSurvivorship= 76.2290467740968
ICWorkerMiteSurvivorship= 63.0701170535758
ICForagerLifespan= 6.94869786035269
ImmType= Exponential
AIAdultSlope= 2.60932803378208
AIAdultLD50= 0.0875055758282542
AIAdultSlopeContact= 0.568198519146536
AIAdultLD50Contact= 0.0463334674364887
AILarvaSlope= 1.13657142114826
AILarvaLD50= 0.394917814945802
AIKOW= 5.55978371948004
AIKOC= 5.57060307590291
AIHalfLife= 0.332992955925874
EAppRate= 8.01025149179623
FoliarEnabled= true
