ICQueenStrength= 1.58072785264812
RQWkrDrnRatio= 4.70552081242204
ICDroneMiteSurvivorship= 90.9444958670065
ICWorkerMiteSurvivorship= 54.1301283752546
ICForagerLifespan= 12.4989137267694
ImmType= Cosine
RQQueenStrength= 2.57562652602792
RQEnableReQueen= true
AIAdultSlope= 5.00049564242363
AIAdultLD50= 46.8859241239263
AIAdultSlopeContact= 3.88246224541217
AIAdultLD50Contact= 65.6721391447682
AILarvaSlope= 1.35692847520113
AILarvaLD50= 21.1891600940491
AIKOW= 97543.9177022501
AIKOC= 59929.1918206301
AIHalfLife= 12.0749271695269
EAppRate= 6.57379581841175
FoliarEnabled= true
FoliarAppDate= 06/07/1989
FoliarForageBegin= 06/05/1989
FoliarForageEnd= 06/28/1989
AIContactFactor= 0.67128270780202
CL4Pollen= 0.566130941733718
CL4Nectar= 34.4553051982075
CL5Pollen= 4.56456033093855
CL5Nectar= 109.577557363082
CLDPollen= 0.833661903161556
CLDNectar= 80.3771955776028
CA13Pollen= 7.85709250792861
CA13Nectar= 85.8003564178944
CA410Pollen= 3.98239643198904
CA410Nectar= 111.505766827613
CA1120Pollen= 2.70573149761185
CA1120Nectar= 51.3555910997093
IPollenTrips= 12.6058210339397
INectarTrips= 9.33788634603843
IPollenLoad= 0.910367295145988
INectarLoad= 7.39390800474212
