ICQueenStrength= 3.76980347186327
RQWkrDrnRatio= 2.893724325113
ICDroneMiteSurvivorship= 87.604567152448
ICWorkerMiteSurvivorship= 85.1512544089928
ICForagerLifespan= 7.39445010852069
ImmType= Sine
RQQueenStrength= 1.91840409394354
RQEnableReQueen=true
AIAdultSlope= 3.1691220626235
AIAdultLD50= 0.301393697438063
AIAdultSlopeContact= 2.27116064354777
AIAdultLD50Contact= 19.5953730696265
AILarvaSlope= 8.64691815711558
AILarvaLD50= 92.8920520672323
AIKOW= 3376.49683921662
AIKOC= 62166.817867907
AIHalfLife= 1.49004040104337
EAppRate= 9.38661154468614
FoliarEnabled=true
FoliarAppDate= 07/01/1989
FoliarForageBegin= 07/01/1989
FoliarForageEnd= 07/14/1989
AIContactFactor= 1.6177442317782
CL4Pollen= 1.55946950055659
CL4Nectar= 3.50760091096163
CL5Pollen= 2.79098740685731
CL5Nectar= 11.3173861289397
CLDPollen= 0.56319743162021
CLDNectar= 14.5076429354958
CA13Pollen= 8.09273139694706
CA13Nectar= 92.0527892000973
CA410Pollen= 7.40883000821341
CA410Nectar= 123.394036055543
CA1120Pollen= 2.82362216175534
CA1120Nectar= 96.811668202281
IPollenTrips= 13.4301445120946
INectarTrips= 11.5892093698494
IPollenLoad= 4.25766547909006
INectarLoad= 0.243953389581293
