ICQueenStrength= 1.60826825094409
RQWkrDrnRatio= 2.4655954875052
ICDroneMiteSurvivorship= 20.3133370727301
ICWorkerMiteSurvivorship= 3.8725693942979
ICForagerLifespan= 13.2657056488097
ImmType= Tangent
RQQueenStrength= 2.39995203702711
RQEnableReQueen= true
AIAdultSlope= 1.81248901225626
AIAdultLD50= 50.1866961565111
AIAdultSlopeContact= 5.31328519224189
AIAdultLD50Contact= 6.36286140063242
AILarvaSlope= 3.51487979479134
AILarvaLD50= 44.2505035192207
AIKOW= 78969.7771734588
AIKOC= 81488.2432534008
AIHalfLife= 7.04021930221934
EAppRate= 8.71774067666009
FoliarEnabled= true
FoliarAppDate= 06/07/1989
FoliarForageBegin= 06/05/1989
FoliarForageEnd= 06/28/1989
AIContactFactor= 0.515094146165065
CL4Pollen= 0.0727441878989339
CL4Nectar= 51.9224042771384
CL5Pollen= 5.81518586212769
CL5Nectar= 64.5375680993311
CLDPollen= 4.20164571236819
CLDNectar= 98.7295752041973
CA13Pollen= 4.88707428919151
CA13Nectar= 79.5302643440664
CA410Pollen= 5.00611328363884
CA410Nectar= 126.087847636081
CA1120Pollen= 0.933957202127203
CA1120Nectar= 56.6385213844478
IPollenTrips= 14.3906830227934
INectarTrips= 13.5088165593334
IPollenLoad= 3.86274639284238
INectarLoad= 9.26386767765507
