ICQueenStrength= 5.50124784605578
RQWkrDrnRatio= 3.31142916716635
ICDroneMiteSurvivorship= 64.0131863765419
ICWorkerMiteSurvivorship= 99.5206528808922
ICForagerLifespan= 14.2986978385597
ImmType= Logarithmic
RQQueenStrength= 1.3339703718666
RQEnableReQueen= true
AIAdultSlope= 2.34973370842636
AIAdultLD50= 65.5511947068658
AIAdultSlopeContact= 9.83310886472464
AIAdultLD50Contact= 1.6820152913027
AILarvaSlope= 3.10709847323596
AILarvaLD50= 43.8516336907833
AIKOW= 52533.1277602512
AIKOC= 56301.9200081502
AIHalfLife= 8.65721360428724
EAppRate= 9.35965702233836
FoliarEnabled= true
FoliarAppDate= 06/07/1989
FoliarForageBegin= 06/05/1989
FoliarForageEnd= 06/28/1989
AIContactFactor= 1.35039926163387
CL4Pollen= 1.65666326973587
CL4Nectar= 27.7838697191328
CL5Pollen= 0.032097534276545
CL5Nectar= 65.7478504814208
CLDPollen= 5.14151968527585
CLDNectar= 25.276112370193
CA13Pollen= 6.0113424135372
CA13Nectar= 94.4524022750556
CA410Pollen= 2.90567772816867
CA410Nectar= 153.247336000204
CA1120Pollen= 0.822171428008005
CA1120Nectar= 54.332956187427
IPollenTrips= 6.4464062359184
INectarTrips= 12.8254113416187
IPollenLoad= 8.12363934936002
INectarLoad= 6.46309801843017
ESoilP= 1.85988992336206
ESoilFoc= 0.00586538443248719
