ICQueenStrength= 3.89874509908259
RQWkrDrnRatio= 3.19946756586432
ICDroneMiteSurvivorship= 15.4511789092794
ICWorkerMiteSurvivorship= 65.15612390358
ICForagerLifespan= 10.1086138049141
ImmType= Exponential
RQQueenStrength= 2.08340056031011
RQEnableReQueen= true
AIAdultSlope= 6.23605122230947
AIAdultLD50= 72.6463556387061
AIAdultSlopeContact= 1.12349270214327
AIAdultLD50Contact= 58.8636745022133
AILarvaSlope= 4.65390948206186
AILarvaLD50= 87.4636556108659
AIKOW= 33158.2656382372
AIKOC= 35571.5162842481
AIHalfLife= 26.9268888513325
EAppRate= 8.98509624913242
FoliarEnabled= true
FoliarAppDate= 06/07/1989
FoliarForageBegin= 06/05/1989
FoliarForageEnd= 06/28/1989
AIContactFactor= 2.12351444925647
CL4Pollen= 1.22875516209751
CL4Nectar= 31.6625103121623
CL5Pollen= 3.28638232452795
CL5Nectar= 3.14336156006902
CLDPollen= 2.31844538636506
CLDNectar= 31.8761268281378
CA13Pollen= 4.66993210352957
CA13Nectar= 54.9324269220233
CA410Pollen= 8.14413107640576
CA410Nectar= 164.734120154753
CA1120Pollen= 1.52512392005883
CA1120Nectar= 98.3563389256597
IPollenTrips= 11.6120216273703
INectarTrips= 5.22489652270451
IPollenLoad= 3.3490815362893
INectarLoad= 4.65668688062578
ESoilP= 1.20186353079043
ESoilFoc= 0.0196778490610886
