ICQueenStrength= 2.23477150453255
RQWkrDrnRatio= 4.1126371473074
ICDroneMiteSurvivorship= 39.0420623123646
ICWorkerMiteSurvivorship= 58.6428577778861
ICForagerLifespan= 10.4191717188805
ImmType= Tangent
RQQueenStrength= 3.45212788926437
RQEnableReQueen= true
AIAdultSlope= 5.73120351880789
AIAdultLD50= 0.465753999763401
AIAdultSlopeContact= 6.11564967525192
AIAdultLD50Contact= 88.8578883732753
AILarvaSlope= 6.97275302745402
AILarvaLD50= 64.4704171687418
AIKOW= 94160.7044795432
AIKOC= 66690.4284501241
AIHalfLife= 25.4189571646508
EAppRate= 6.77094025055482
FoliarEnabled= true
FoliarAppDate= 09/01/1989
FoliarForageBegin= 09/01/1989
FoliarForageEnd= 09/08/1989
AIContactFactor= 0.787157809389755
CL4Pollen= 2.73767751641572
CL4Nectar= 1.30114799831063
CL5Pollen= 3.59246642561629
CL5Nectar= 136.196631251369
CLDPollen= 1.6522406260483
CLDNectar= 17.7254559472203
CA13Pollen= 3.78541266759858
CA13Nectar= 40.2062551863492
CA410Pollen= 8.55565304604825
CA410Nectar= 148.402175949886
CA1120Pollen= 0.205499240895733
CA1120Nectar= 37.8851254284382
IPollenTrips= 13.9183472120203
INectarTrips= 7.54782800097018
IPollenLoad= 5.30954427551478
INectarLoad= 6.83697178028524
