ICQueenStrength= 2.1921968695242
RQWkrDrnRatio= 2.65235136821866
ICDroneMiteSurvivorship= 58.7634533410892
ICWorkerMiteSurvivorship= 90.7164931064472
ICForagerLifespan= 11.7697333181277
ImmType= Sine
RQQueenStrength= 1.61139644938521
RQEnableReQueen= true
AIAdultSlope= 8.12858494929969
AIAdultLD50= 0.599918889659457
AIAdultSlopeContact= 5.67822435684502
AIAdultLD50Contact= 45.2620138419126
AILarvaSlope= 6.75835546851158
AILarvaLD50= 4.30897556694783
AIKOW= 75196.873362377
AIKOC= 52910.2640480231
AIHalfLife= 10.4206522979541
EAppRate= 0.791433382497868
FoliarEnabled= true
FoliarAppDate= 09/01/1989
FoliarForageBegin= 09/01/1989
FoliarForageEnd= 09/08/1989
AIContactFactor= 0.313689453275874
CL4Pollen= 1.56326199416071
CL4Nectar= 88.1390464492142
CL5Pollen= 4.4045435464941
CL5Nectar= 109.973301412538
CLDPollen= 1.9314020415768
CLDNectar= 120.478828868363
CA13Pollen= 2.201819325611
CA13Nectar= 97.2012277506292
CA410Pollen= 4.47162443224806
CA410Nectar= 96.9462461629882
CA1120Pollen= 0.644176411209628
CA1120Nectar= 48.0962802283466
IPollenTrips= 11.7697010934353
INectarTrips= 8.78244706429541
IPollenLoad= 1.22029746184126
INectarLoad= 2.89737118640915
