ICQueenStrength= 3.61621413868852
RQWkrDrnRatio= 3.27265122160316
ICDroneMiteSurvivorship= 51.7893912736326
ICWorkerMiteSurvivorship= 65.9459027228877
ICForagerLifespan= 11.8515201518312
ImmType= Cosine
RQQueenStrength= 5.82150079216808
RQEnableReQueen= true
AIAdultSlope= 2.93165230937302
AIAdultLD50= 18.0452734380735
AIAdultSlopeContact= 8.15172746335156
AIAdultLD50Contact= 36.2387102688493
AILarvaSlope= 2.89810926839709
AILarvaLD50= 20.2005970507239
AIKOW= 12376.8837502798
AIKOC= 1270.49720433098
AIHalfLife= 27.5088219279656
EAppRate= 0.390681457623374
FoliarEnabled= true
FoliarAppDate= 06/07/1989
FoliarForageBegin= 06/05/1989
FoliarForageEnd= 06/28/1989
AIContactFactor= 0.688106117304415
CL4Pollen= 3.9975498188287
CL4Nectar= 31.5966062713414
CL5Pollen= 3.14047510363162
CL5Nectar= 41.3021212443709
CLDPollen= 0.614813826978207
CLDNectar= 146.211635170039
CA13Pollen= 2.58080817693844
CA13Nectar= 42.8613045625389
CA410Pollen= 9.39891418248881
CA410Nectar= 110.828814781271
CA1120Pollen= 0.249410442542285
CA1120Nectar= 32.7633951231837
IPollenTrips= 8.96049341419712
INectarTrips= 12.1825748053379
IPollenLoad= 8.13034606864676
INectarLoad= 7.87878401111811
ESoilP= 1.92159732035361
ESoilFoc= 0.00235009197518229
