ICQueenStrength= 3.16813743812963
RQWkrDrnRatio= 2.31053279805928
ICDroneMiteSurvivorship= 12.1381372446194
ICWorkerMiteSurvivorship= 56.0919454554096
ICForagerLifespan= 4.46008914988488
ImmType= Cosine
RQQueenStrength= 5.0497865981888
RQEnableReQueen= true
AIAdultSlope= 5.83479458652437
AIAdultLD50= 67.9543171928637
AIAdultSlopeContact= 6.52245117397979
AIAdultLD50Contact= 38.4591698378699
AILarvaSlope= 6.57118697091937
AILarvaLD50= 41.2041538366156
AIKOW= 47924.3989489746
AIKOC= 12302.3721440933
AIHalfLife= 14.8300701512722
EAppRate= 0.0526591571136378
FoliarEnabled= true
FoliarAppDate= 06/07/1989
FoliarForageBegin= 06/05/1989
FoliarForageEnd= 06/28/1989
AIContactFactor= 0.995402148319408
CL4Pollen= 3.84664377663285
CL4Nectar= 55.9933458687738
CL5Pollen= 1.51971057755873
CL5Nectar= 91.4773144642822
CLDPollen= 2.65661454666406
CLDNectar= 48.9379555801861
CA13Pollen= 7.61949473321438
CA13Nectar= 99.5635049417615
CA410Pollen= 8.09633150389418
CA410Nectar= 131.400209562853
CA1120Pollen= 2.06324500590563
CA1120Nectar= 78.5328274779022
IPollenTrips= 13.0148559296504
INectarTrips= 10.2545072021894
IPollenLoad= 7.24940516985953
INectarLoad= 5.03670176723972
