ICQueenStrength= 3.0368611777667
RQWkrDrnRatio= 1.50770098064095
ICDroneMiteSurvivorship= 5.10789088439196
ICWorkerMiteSurvivorship= 11.3718414213508
ICForagerLifespan= 10.6803017230704
ImmType= Logarithmic
RQQueenStrength= 5.47038227459416
RQEnableReQueen= true
AIAdultSlope= 6.15478649921715
AIAdultLD50= 32.4234888465325
AIAdultSlopeContact= 2.88488268642686
AIAdultLD50Contact= 14.8953834669664
AILarvaSlope= 5.20978225022554
AILarvaLD50= 18.2699526459696
AIKOW= 25662.0250008815
AIKOC= 71349.8175442852
AIHalfLife= 11.7433322120691
EAppRate= 7.75121001399565
FoliarEnabled= true
FoliarAppDate= 06/07/1989
FoliarForageBegin= 06/05/1989
FoliarForageEnd= 06/28/1989
AIContactFactor= 0.32492888612207
CL4Pollen= 3.96294660959393
CL4Nectar= 57.6017176732421
CL5Pollen= 4.50104801310226
CL5Nectar= 34.5199577976018
CLDPollen= 0.983855914324522
CLDNectar= 74.6353296563029
CA13Pollen= 6.39279153365642
CA13Nectar= 71.8240879103541
CA410Pollen= 4.04815126881003
CA410Nectar= 41.8379432661459
CA1120Pollen= 1.89500404475257
CA1120Nectar= 65.8180419541895
IPollenTrips= 8.69883857201785
INectarTrips= 12.8213940095156
IPollenLoad= 0.834051186684519
INectarLoad= 9.93632628815249
