ICQueenStrength= 1.06032677134499
RQWkrDrnRatio= 2.41150087211281
ICDroneMiteSurvivorship= 72.2175503149629
ICWorkerMiteSurvivorship= 82.5818813638762
ICForagerLifespan= 6.61987120006233
ImmType= Sine
RQQueenStrength= 2.9977948802989
RQEnableReQueen= true
AIAdultSlope= 3.95239588059485
AIAdultLD50= 67.9182119704976
AIAdultSlopeContact= 8.83962186845019
AIAdultLD50Contact= 27.2258080912286
AILarvaSlope= 1.18493014201522
AILarvaLD50= 50.282859442821
AIKOW= 99179.7544416722
AIKOC= 72273.6708001886
AIHalfLife= 13.0245144588407
EAppRate= 4.44967274456588
FoliarEnabled= true
FoliarAppDate= 06/07/1989
FoliarForageBegin= 06/05/1989
FoliarForageEnd= 06/28/1989
AIContactFactor= 0.289588056127541
CL4Pollen= 3.63427159655839
CL4Nectar= 43.0660676443949
CL5Pollen= 5.84266810817644
CL5Nectar= 15.3638686635531
CLDPollen= 3.32085951464251
CLDNectar= 103.032413846813
CA13Pollen= 4.20260971207172
CA13Nectar= 90.4872622340918
CA410Pollen= 4.9804162789369
CA410Nectar= 153.362795836292
CA1120Pollen= 1.86024187132716
CA1120Nectar= 84.5152678526938
IPollenTrips= 7.24226142978296
INectarTrips= 7.78569845249876
IPollenLoad= 6.11050311243162
INectarLoad= 1.31643544416875
