ICQueenStrength= 2.8277909909375
RQWkrDrnRatio= 4.34147326927632
ICDroneMiteSurvivorship= 89.8702496429905
ICWorkerMiteSurvivorship= 41.2784118903801
ICForagerLifespan= 13.6163097787648
ImmType= Tangent
RQQueenStrength= 1.3397769795265
RQEnableReQueen= true
AIAdultSlope= 4.67373840138316
AIAdultLD50= 0.445729741498129
AIAdultSlopeContact= 3.3348704953678
AIAdultLD50Contact= 34.6185468696316
AILarvaSlope= 8.1976811978966
AILarvaLD50= 25.0786911411891
AIKOW= 60313.70203596
AIKOC= 34339.7004801296
AIHalfLife= 30.0638583082939
EAppRate= 4.52259139026539
FoliarEnabled= true
FoliarAppDate= 09/01/1989
FoliarForageBegin= 09/01/1989
FoliarForageEnd= 09/08/1989
AIContactFactor= 0.765921579161659
CL4Pollen= 2.62624246440828
CL4Nectar= 89.6582034649327
CL5Pollen= 5.16177954291925
CL5Nectar= 10.8798150205985
CLDPollen= 4.12212365632877
CLDNectar= 141.176691488363
CA13Pollen= 3.88807976087555
CA13Nectar= 92.3776626028121
CA410Pollen= 5.10926597719081
CA410Nectar= 149.156859084032
CA1120Pollen= 1.23276317794807
CA1120Nectar= 33.2367426156998
IPollenTrips= 14.9952816776931
INectarTrips= 8.0625262320973
IPollenLoad= 2.48293897369877
INectarLoad= 5.15290832845494
