ICQueenStrength= 3.99502106197178
RQWkrDrnRatio= 2.96980363596231
ICDroneMiteSurvivorship= 38.2612582063302
ICWorkerMiteSurvivorship= 12.4959003645927
ICForagerLifespan= 13.1757532404736
ImmType= Tangent
RQQueenStrength= 2.30218408070505
RQEnableReQueen=true
AIAdultSlope= 6.14972651004791
AIAdultLD50= 0.566714706591796
AIAdultSlopeContact= 5.59693300328217
AIAdultLD50Contact= 27.9223678264969
AILarvaSlope= 2.32503238506615
AILarvaLD50= 19.4291956546488
AIKOW= 3599.6931613471
AIKOC= 46906.7420253693
AIHalfLife= 24.3205717431847
EAppRate= 4.20731252737902
FoliarEnabled=true
FoliarAppDate= 07/01/1989
FoliarForageBegin= 07/01/1989
FoliarForageEnd= 07/14/1989
AIContactFactor= 1.67692782786209
CL4Pollen= 1.13820890244097
CL4Nectar= 90.8074039267376
CL5Pollen= 1.13437122199684
CL5Nectar= 87.0834345929325
CLDPollen= 2.4733782405965
CLDNectar= 13.5028141317889
CA13Pollen= 6.42648925427347
CA13Nectar= 34.2234504036605
CA410Pollen= 3.7040231998777
CA410Nectar= 95.367820430547
CA1120Pollen= 1.73496719822288
CA1120Nectar= 93.1699352525175
IPollenTrips= 14.8022319260053
INectarTrips= 5.31929887831211
IPollenLoad= 5.05628887331113
INectarLoad= 0.622785266023129
