ICQueenStrength= 5.71517672180198
RQWkrDrnRatio= 2.41355584189296
ICDroneMiteSurvivorship= 51.2257971102372
ICWorkerMiteSurvivorship= 78.7331054452807
ICForagerLifespan= 13.492763414979
ImmType= Sine
RQQueenStrength= 3.06816528458148
RQEnableReQueen= true
AIAdultSlope= 2.31320978142321
AIAdultLD50= 7.80583355782903
AIAdultSlopeContact= 6.35790303628892
AIAdultLD50Contact= 87.122876400542
AILarvaSlope= 6.76511509716511
AILarvaLD50= 95.971484488145
AIKOW= 20724.3244044126
AIKOC= 26337.0627841682
AIHalfLife= 6.85050024688244
EAppRate= 2.62980087962886
FoliarEnabled= true
FoliarAppDate= 06/07/1989
FoliarForageBegin= 06/05/1989
FoliarForageEnd= 06/28/1989
AIContactFactor= 1.59833514696453
CL4Pollen= 0.358859389089048
CL4Nectar= 57.9604453872889
CL5Pollen= 1.04354633577168
CL5Nectar= 12.1071793371812
CLDPollen= 2.77236694889143
CLDNectar= 83.5494301398285
CA13Pollen= 5.41426430810243
CA13Nectar= 24.9529127031565
CA410Pollen= 6.47772251495626
CA410Nectar= 56.6163565777242
CA1120Pollen= 1.47526767896488
CA1120Nectar= 59.2036722786725
IPollenTrips= 11.9014124502428
INectarTrips= 12.2615613020025
IPollenLoad= 5.45859917765483
INectarLoad= 5.0863515259698
ESoilP= 1.87503826897591
ESoilFoc= 0.0097024414378684
