ICQueenStrength= 1.23643337283283
RQWkrDrnRatio= 1.39244742784649
ICDroneMiteSurvivorship= 16.8685341952369
ICWorkerMiteSurvivorship= 94.7259519482031
ICForagerLifespan= 7.13167455792427
ImmType= Sine
RQQueenStrength= 2.12939123529941
RQEnableReQueen=true
AIAdultSlope= 4.67839191295207
AIAdultLD50= 0.854861064342083
AIAdultSlopeContact= 2.39116012048908
AIAdultLD50Contact= 97.3075850260209
AILarvaSlope= 8.09146001189947
AILarvaLD50= 78.4080548855138
AIKOW= 15635.7386694704
AIKOC= 65443.1466759162
AIHalfLife= 7.88274254656862
EAppRate= 5.48953201039531
FoliarEnabled=true
FoliarAppDate= 07/01/1989
FoliarForageBegin= 07/01/1989
FoliarForageEnd= 07/14/1989
AIContactFactor= 0.726433828580193
CL4Pollen= 2.57387538254261
CL4Nectar= 0.530222663655877
CL5Pollen= 4.80698768142611
CL5Nectar= 15.530049498193
CLDPollen= 4.02896844875067
CLDNectar= 127.872878825292
CA13Pollen= 4.02261098315939
CA13Nectar= 54.0726944804192
CA410Pollen= 2.38759908729699
CA410Nectar= 114.382509547286
CA1120Pollen= 2.21535097947344
CA1120Nectar= 27.6592949405313
IPollenTrips= 12.9051954811439
INectarTrips= 14.9252880201675
IPollenLoad= 0.176298464648426
INectarLoad= 9.35635962756351
