ICQueenStrength= 2.92929809680209
RQWkrDrnRatio= 1.7972467225045
ICDroneMiteSurvivorship= 34.6875814255327
ICWorkerMiteSurvivorship= 56.910311896354
ICForagerLifespan= 11.0542840287089
ImmType= Logarithmic
RQQueenStrength= 4.1422250403557
RQEnableReQueen= true
AIAdultSlope= 1.80282247066498
AIAdultLD50= 85.0900160813092
AIAdultSlopeContact= 6.06193184107542
AIAdultLD50Contact= 57.2945890952307
AILarvaSlope= 4.78407360985875
AILarvaLD50= 43.0898601180732
AIKOW= 45605.2794732053
AIKOC= 86888.7941883022
AIHalfLife= 5.13577490535099
EAppRate= 1.4281074325603
FoliarEnabled= true
FoliarAppDate= 06/07/1989
FoliarForageBegin= 06/05/1989
FoliarForageEnd= 06/28/1989
AIContactFactor= 1.64300431048032
CL4Pollen= 0.433307650499046
CL4Nectar= 61.0659758094698
CL5Pollen= 1.33229697542265
CL5Nectar= 148.92466259189
CLDPollen= 5.89203222328797
CLDNectar= 85.231831879355
CA13Pollen= 4.77470878073946
CA13Nectar= 34.9361789040267
CA410Pollen= 4.14102761207614
CA410Nectar= 101.370130754076
CA1120Pollen= 2.97674708347768
CA1120Nectar= 76.3507470674813
IPollenTrips= 10.7806561677717
INectarTrips= 10.5298817506991
IPollenLoad= 0.406535374931991
INectarLoad= 8.69631104171276
