ICQueenStrength= 1.84775254363194
RQWkrDrnRatio= 1.16319652553648
ICDroneMiteSurvivorship= 7.4341539060697
ICWorkerMiteSurvivorship= 59.317332226783
ICForagerLifespan= 13.7517072428018
ImmType= Cosine
RQQueenStrength= 1.48564816941507
RQEnableReQueen= true
AIAdultSlope= 5.36087981797755
AIAdultLD50= 22.1907574951039
AIAdultSlopeContact= 2.79660897282884
AIAdultLD50Contact= 83.1015528622167
AILarvaSlope= 8.43073359318078
AILarvaLD50= 98.592830737602
AIKOW= 25792.4622092158
AIKOC= 37144.8360699534
AIHalfLife= 12.9844221142819
EAppRate= 8.18296418268932
FoliarEnabled= true
FoliarAppDate= 06/07/1989
FoliarForageBegin= 06/05/1989
FoliarForageEnd= 06/28/1989
AIContactFactor= 0.906811173274182
CL4Pollen= 0.891819691285491
CL4Nectar= 77.2105459822342
CL5Pollen= 5.22559738112614
CL5Nectar= 78.6954480456188
CLDPollen= 0.00523149641230702
CLDNectar= 96.9428758020513
CA13Pollen= 6.37575126001611
CA13Nectar= 82.958365753293
CA410Pollen= 2.73579688027967
CA410Nectar= 185.01570975408
CA1120Pollen= 2.64421058306471
CA1120Nectar= 82.1961146406829
IPollenTrips= 6.6649882402271
INectarTrips= 12.4231196916662
IPollenLoad= 9.80447340290993
INectarLoad= 0.985673370305449
