ICQueenStrength= 2.52669440954924
RQWkrDrnRatio= 1.50577402673662
ICDroneMiteSurvivorship= 28.891497082077
ICWorkerMiteSurvivorship= 94.3693551700562
ICForagerLifespan= 10.2524710930884
ImmType= Cosine
RQQueenStrength= 4.29871793091297
RQEnableReQueen=true
AIAdultSlope= 6.97582250833511
AIAdultLD50= 0.854321438346291
AIAdultSlopeContact= 3.6590828159824
AIAdultLD50Contact= 31.1820147418226
AILarvaSlope= 7.1713924575597
AILarvaLD50= 72.8039249484916
AIKOW= 14941.7179711763
AIKOC= 95221.1190139474
AIHalfLife= 34.9078194191679
EAppRate= 5.58538226492354
FoliarEnabled=true
FoliarAppDate= 07/01/1989
FoliarForageBegin= 07/01/1989
FoliarForageEnd= 07/14/1989
AIContactFactor= 1.9445592801692
CL4Pollen= 1.6777734272182
CL4Nectar= 3.05158866103739
CL5Pollen= 2.30211845040321
CL5Nectar= 59.1578267631121
CLDPollen= 4.95988920237869
CLDNectar= 124.8527091695
CA13Pollen= 4.29856867603958
CA13Nectar= 93.5421497933567
CA410Pollen= 2.63820028707851
CA410Nectar= 51.0710421158001
CA1120Pollen= 2.26321124075912
CA1120Nectar= 94.7425407916307
IPollenTrips= 8.18549992283806
INectarTrips= 8.49882214097306
IPollenLoad= 1.69362463988364
INectarLoad= 7.45568280806765
