ICQueenStrength= 2.52302215574309
RQWkrDrnRatio= 2.36806883383542
ICDroneMiteSurvivorship= 41.2979507353157
ICWorkerMiteSurvivorship= 68.4730763081461
ICForagerLifespan= 11.8075216365978
ImmType= Cosine
RQQueenStrength= 3.01391089707613
RQEnableReQueen= true
AIAdultSlope= 6.24797429703176
AIAdultLD50= 96.127346886985
AIAdultSlopeContact= 7.61282514012419
AIAdultLD50Contact= 38.0803909044608
AILarvaSlope= 1.87132077850401
AILarvaLD50= 0.530681949435268
AIKOW= 70940.9167479683
AIKOC= 62217.3849416869
AIHalfLife= 27.061607208685
EAppRate= 7.58229857978947
FoliarEnabled= true
FoliarAppDate= 06/07/1989
FoliarForageBegin= 06/05/1989
FoliarForageEnd= 06/28/1989
AIContactFactor= 1.62381975846831
CL4Pollen= 1.07031327951699
CL4Nectar= 1.53403077274561
CL5Pollen= 1.00026152143255
CL5Nectar= 106.010350305587
CLDPollen= 2.8944381242618
CLDNectar= 93.3111964026466
CA13Pollen= 4.85488499123603
CA13Nectar= 61.8885734118521
CA410Pollen= 9.17742603439838
CA410Nectar= 170.43055693619
CA1120Pollen= 2.95384426298551
CA1120Nectar= 98.0766611173749
IPollenTrips= 7.29633192066103
INectarTrips= 12.7925563324243
IPollenLoad= 6.18601644644514
INectarLoad= 2.20995872514322
