ICQueenStrength= 3.77975393575616
RQWkrDrnRatio= 2.45478441100568
ICDroneMiteSurvivorship= 49.6856343233958
ICWorkerMiteSurvivorship= 70.5433056689799
ICForagerLifespan= 13.4026890331879
ImmType= Tangent
RQQueenStrength= 3.46098008588888
RQEnableReQueen= true
AIAdultSlope= 7.78905389085412
AIAdultLD50= 26.1969773441984
AIAdultSlopeContact= 7.82436532620341
AIAdultLD50Contact= 56.2041236174707
AILarvaSlope= 6.20339680835605
AILarvaLD50= 80.8324485896847
AIKOW= 67360.6642332136
AIKOC= 10900.1188187455
AIHalfLife= 33.2317139235092
EAppRate= 3.01679428992118
FoliarEnabled= true
FoliarAppDate= 06/07/1989
FoliarForageBegin= 06/05/1989
FoliarForageEnd= 06/28/1989
AIContactFactor= 1.30944226006977
CL4Pollen= 3.06136753037572
CL4Nectar= 77.7081334032118
CL5Pollen= 1.04149857675657
CL5Nectar= 90.8468958106823
CLDPollen= 2.44334143074229
CLDNectar= 66.1991318338551
CA13Pollen= 2.2604859800078
CA13Nectar= 51.7264554649591
CA410Pollen= 8.05268156682141
CA410Nectar= 150.373846380971
CA1120Pollen= 2.575922973454
CA1120Nectar= 63.6828486993909
IPollenTrips= 5.70121832890436
INectarTrips= 13.7591186445206
IPollenLoad= 3.06255141738802
INectarLoad= 0.343858757987618
ESoilP= 1.83633139333688
ESoilFoc= 0.0180660073591862
