ICQueenStrength= 5.9751729471609
RQWkrDrnRatio= 4.83861956931651
ICDroneMiteSurvivorship= 75.7277463795617
ICWorkerMiteSurvivorship= 93.6810913030058
ICForagerLifespan= 4.56687261816114
ImmType= Exponential
RQQueenStrength= 4.1397774873767
RQEnableReQueen= true
AIAdultSlope= 6.72220112010837
AIAdultLD50= 87.4739056911864
AIAdultSlopeContact= 1.54681235249154
AIAdultLD50Contact= 42.5567541255839
AILarvaSlope= 3.11500533297658
AILarvaLD50= 14.522450945687
AIKOW= 15992.8115971424
AIKOC= 11094.2394033836
AIHalfLife= 24.6854167566868
EAppRate= 8.19107832471933
FoliarEnabled= true
FoliarAppDate= 06/07/1989
FoliarForageBegin= 06/05/1989
FoliarForageEnd= 06/28/1989
AIContactFactor= 2.25610405419487
CL4Pollen= 0.927209657616913
CL4Nectar= 44.868716201745
CL5Pollen= 3.67919681500643
CL5Nectar= 130.935897049494
CLDPollen= 2.44733815826476
CLDNectar= 131.70399897499
CA13Pollen= 6.33619051408023
CA13Nectar= 63.9101951941848
CA410Pollen= 6.36680268803611
CA410Nectar= 186.869417093694
CA1120Pollen= 2.02988359099254
CA1120Nectar= 69.9809559993446
IPollenTrips= 8.19190447684377
INectarTrips= 12.8897701110691
IPollenLoad= 8.47728292457759
INectarLoad= 8.05760194780305
