ICQueenStrength= 1.70909313042648
RQWkrDrnRatio= 1.81012815795839
ICDroneMiteSurvivorship= 18.2866733288392
ICWorkerMiteSurvivorship= 61.6406485904008
ICForagerLifespan= 14.8220540909097
ImmType= Cosine
RQQueenStrength= 5.33284593163989
RQEnableReQueen= true
AIAdultSlope= 5.10153357312083
AIAdultLD50= 63.6747923845865
AIAdultSlopeContact= 9.0258414670825
AIAdultLD50Contact= 32.9219650496901
AILarvaSlope= 7.16686407290399
AILarvaLD50= 89.0614538247881
AIKOW= 48572.1740378265
AIKOC= 56881.3483348365
AIHalfLife= 29.841492130491
EAppRate= 7.41415593834594
FoliarEnabled= true
FoliarAppDate= 06/07/1989
FoliarForageBegin= 06/05/1989
FoliarForageEnd= 06/28/1989
AIContactFactor= 1.59970261189621
CL4Pollen= 0.72787953261286
CL4Nectar= 11.6437118733302
CL5Pollen= 5.70396886300296
CL5Nectar= 87.6848970889114
CLDPollen= 0.49929304048419
CLDNectar= 62.481270020362
CA13Pollen= 7.38593659438193
CA13Nectar= 59.0355064161122
CA410Pollen= 7.82242129971273
CA410Nectar= 45.7375537697226
CA1120Pollen= 0.770740628940985
CA1120Nectar= 64.2477399297059
IPollenTrips= 8.91114148544148
INectarTrips= 10.661317515187
IPollenLoad= 5.61351619428024
INectarLoad= 4.07834956655279
ESoilP= 1.42342461412773
ESoilFoc= 0.0194812861410901
