ICQueenStrength= 1.64885530038737
RQWkrDrnRatio= 2.55382199771702
ICDroneMiteSurvivorship= 58.1209135474637
ICWorkerMiteSurvivorship= 92.992137838155
ICForagerLifespan= 6.68640570249408
ImmType= Tangent
RQQueenStrength= 5.1424966219347
RQEnableReQueen= true
AIAdultSlope= 3.25983827747405
AIAdultLD50= 36.4858681658446
AIAdultSlopeContact= 7.7824364209082
AIAdultLD50Contact= 19.58943417809
AILarvaSlope= 8.06694212369621
AILarvaLD50= 61.4157163069905
AIKOW= 15123.2285318662
AIKOC= 5392.28876840579
AIHalfLife= 19.2262327292701
EAppRate= 6.31184637042298
FoliarEnabled= true
FoliarAppDate= 06/07/1989
FoliarForageBegin= 06/05/1989
FoliarForageEnd= 06/28/1989
AIContactFactor= 1.62551570718177
CL4Pollen= 1.44658077508211
CL4Nectar= 26.9016419071704
CL5Pollen= 3.90141644049436
CL5Nectar= 133.104135445319
CLDPollen= 3.25353171676397
CLDNectar= 1.96054960833862
CA13Pollen= 3.03342242520303
CA13Nectar= 77.7560029365122
CA410Pollen= 5.33798352754675
CA410Nectar= 63.0047653988004
CA1120Pollen= 2.5227873895783
CA1120Nectar= 84.7859480045736
IPollenTrips= 11.3826329750009
INectarTrips= 6.48635914549232
IPollenLoad= 2.31867613038048
INectarLoad= 4.87391347298399
