ICQueenStrength= 4.97300138487481
RQWkrDrnRatio= 3.69359277468175
ICDroneMiteSurvivorship= 93.0940618505701
ICWorkerMiteSurvivorship= 7.18525270931423
ICForagerLifespan= 12.2941634180024
ImmType= Sine
RQQueenStrength= 4.35450772778131
RQEnableReQueen= true
AIAdultSlope= 1.35063002631068
AIAdultLD50= 0.994579802935943
AIAdultSlopeContact= 7.31899954867549
AIAdultLD50Contact= 8.61921420183801
AILarvaSlope= 2.01524555683136
AILarvaLD50= 72.9057043797274
AIKOW= 32233.1034591569
AIKOC= 70255.3063020208
AIHalfLife= 24.4485167837236
EAppRate= 5.35853757576575
FoliarEnabled= true
FoliarAppDate= 09/01/1989
FoliarForageBegin= 09/01/1989
FoliarForageEnd= 09/08/1989
AIContactFactor= 0.476690125246532
CL4Pollen= 0.299904595129192
CL4Nectar= 38.1667945533991
CL5Pollen= 0.507484832312912
CL5Nectar= 9.84492473071441
CLDPollen= 2.46021159086376
CLDNectar= 84.3852008809336
CA13Pollen= 6.07354255840182
CA13Nectar= 41.4880679734051
CA410Pollen= 9.16537364942487
CA410Nectar= 104.902642061934
CA1120Pollen= 1.74825283256359
CA1120Nectar= 89.1056622751057
IPollenTrips= 13.0047438992187
INectarTrips= 7.61241606902331
IPollenLoad= 1.10913294833153
INectarLoad= 0.0608879560604692
