ICQueenStrength= 3.08653736626729
RQWkrDrnRatio= 1.741634670645
ICDroneMiteSurvivorship= 56.0754034202546
ICWorkerMiteSurvivorship= 56.2897858209908
ICForagerLifespan= 8.65145816281438
ImmType= Logarithmic
AIAdultSlope= 3.23023852354148
AIAdultLD50= 0.173931360570714
AIAdultSlopeContact= 2.97002914405894
AIAdultLD50Contact= 0.0160532822948881
AILarvaSlope= 2.21580654252321
AILarvaLD50= 0.100569124426693
AIKOW= 5.81779321283102
AIKOC= 9.94972973247059
AIHalfLife= 2.60581070345361
EAppRate= 2.57229372626171
FoliarEnabled= true
