ICQueenStrength= 4.06561939883977
RQWkrDrnRatio= 1.13100279681385
ICDroneMiteSurvivorship= 56.425923621282
ICWorkerMiteSurvivorship= 54.622851870954
ICForagerLifespan= 15.5721110822633
ImmType= Tangent
RQQueenStrength= 1.59266373235732
RQEnableReQueen=true
AIAdultSlope= 4.07386467419565
AIAdultLD50= 0.0599974555680528
AIAdultSlopeContact= 9.9880521481391
AIAdultLD50Contact= 62.0334296412968
AILarvaSlope= 7.59039374440908
AILarvaLD50= 36.5090124878145
AIKOW= 86799.5049733599
AIKOC= 9018.15350624477
AIHalfLife= 9.3648127219174
EAppRate= 2.70509767114138
FoliarEnabled=true
FoliarAppDate= 07/01/1989
FoliarForageBegin= 07/01/1989
FoliarForageEnd= 07/14/1989
AIContactFactor= 0.802130106291734
CL4Pollen= 0.125361903570592
CL4Nectar= 39.7266717161983
CL5Pollen= 0.101249624043703
CL5Nectar= 31.8001830833964
CLDPollen= 1.28573391214013
CLDNectar= 105.934265325777
CA13Pollen= 2.77328054821119
CA13Nectar= 46.725330799818
CA410Pollen= 5.68199617741629
CA410Nectar= 135.321037429385
CA1120Pollen= 1.27930066315457
CA1120Nectar= 61.9144457578659
IPollenTrips= 10.6370037491433
INectarTrips= 10.9547125338577
IPollenLoad= 8.40436283731833
INectarLoad= 7.64448248082772
