ICQueenStrength= 2.16408369853161
RQWkrDrnRatio= 2.35833523143083
ICDroneMiteSurvivorship= 96.0829368559644
ICWorkerMiteSurvivorship= 7.71013966295868
ICForagerLifespan= 11.9559334609658
ImmType= Exponential
RQQueenStrength= 4.89932496123947
RQEnableReQueen= true
AIAdultSlope= 4.10126872733235
AIAdultLD50= 0.0624336729664356
AIAdultSlopeContact= 2.0326142902486
AIAdultLD50Contact= 62.7504256025508
AILarvaSlope= 5.14859990216792
AILarvaLD50= 50.6249091506961
AIKOW= 96422.4921158813
AIKOC= 9499.57377803023
AIHalfLife= 29.1282536824699
EAppRate= 4.46577448851313
FoliarEnabled= true
FoliarAppDate= 09/01/1989
FoliarForageBegin= 09/01/1989
FoliarForageEnd= 09/08/1989
AIContactFactor= 0.265659546884708
CL4Pollen= 0.653687967918813
CL4Nectar= 73.9884511800483
CL5Pollen= 3.16474312311038
CL5Nectar= 128.686238941737
CLDPollen= 0.234325671102852
CLDNectar= 137.353671190795
CA13Pollen= 6.93317816341296
CA13Nectar= 95.4356267862022
CA410Pollen= 7.79232110714074
CA410Nectar= 151.021923650987
CA1120Pollen= 1.28438851819374
CA1120Nectar= 80.5952029488981
IPollenTrips= 12.2610600525513
INectarTrips= 8.02154382225126
IPollenLoad= 5.58433100814
INectarLoad= 0.0581274926662445
