ICQueenStrength= 3.13742378284223
RQWkrDrnRatio= 1.14177241176367
ICDroneMiteSurvivorship= 97.0087592490017
ICWorkerMiteSurvivorship= 59.1870323754847
ICForagerLifespan= 14.8684996804222
ImmType= Polynomial
RQQueenStrength= 5.07051101909019
RQEnableReQueen= true
AIAdultSlope= 2.7484046202153
AIAdultLD50= 61.8279584434573
AIAdultSlopeContact= 9.08468346460722
AIAdultLD50Contact= 36.8374476763639
AILarvaSlope= 2.47096131555736
AILarvaLD50= 4.31194170655403
AIKOW= 45499.0352755386
AIKOC= 74502.1827132127
AIHalfLife= 31.4977787850192
EAppRate= 1.66733562946715
FoliarEnabled= true
FoliarAppDate= 06/07/1989
FoliarForageBegin= 06/05/1989
FoliarForageEnd= 06/28/1989
AIContactFactor= 2.31096873067785
CL4Pollen= 3.66714497935027
CL4Nectar= 18.9366282429546
CL5Pollen= 0.0958478534594178
CL5Nectar= 32.7889696229249
CLDPollen= 1.49088611640036
CLDNectar= 33.5240064770915
CA13Pollen= 7.12252833163366
CA13Nectar= 30.5830119177699
CA410Pollen= 4.24045555212069
CA410Nectar= 95.1609378773719
CA1120Pollen= 2.33907947153784
CA1120Nectar= 53.9300212450325
IPollenTrips= 14.2872471106239
INectarTrips= 5.31279639340937
IPollenLoad= 0.166320721618831
INectarLoad= 7.73837617598474
