ICQueenStrength= 5.95414211065508
RQWkrDrnRatio= 4.17348536290228
ICDroneMiteSurvivorship= 94.173203012906
ICWorkerMiteSurvivorship= 38.6323201935738
ICForagerLifespan= 12.1516048973426
ImmType= Polynomial
RQQueenStrength= 5.24404130782932
RQEnableReQueen= true
AIAdultSlope= 5.36766893789172
AIAdultLD50= 0.0206434328439645
AIAdultSlopeContact= 4.89205859531648
AIAdultLD50Contact= 65.8527128467062
AILarvaSlope= 4.06080843321979
AILarvaLD50= 59.953972646263
AIKOW= 6255.3369586892
AIKOC= 94382.5620388463
AIHalfLife= 18.0859939746559
EAppRate= 4.20294474467635
FoliarEnabled= true
FoliarAppDate= 09/01/1989
FoliarForageBegin= 09/01/1989
FoliarForageEnd= 09/08/1989
AIContactFactor= 2.19217838030774
CL4Pollen= 1.81549352686852
CL4Nectar= 58.9560230262578
CL5Pollen= 5.46355982171372
CL5Nectar= 90.1052572298795
CLDPollen= 2.82413116889074
CLDNectar= 119.094676582608
CA13Pollen= 6.03711010497063
CA13Nectar= 88.4566340968013
CA410Pollen= 9.1261202681344
CA410Nectar= 189.632855425589
CA1120Pollen= 1.6727750741411
CA1120Nectar= 82.4306378513575
IPollenTrips= 7.7393865538761
INectarTrips= 14.6863340749405
IPollenLoad= 1.68423024006188
INectarLoad= 2.37052089767531
