ICQueenStrength= 3.70117643172853
RQWkrDrnRatio= 2.18136053346097
ICDroneMiteSurvivorship= 22.7793031139299
ICWorkerMiteSurvivorship= 93.2192255742848
ICForagerLifespan= 7.59112097788602
ImmType= Exponential
RQQueenStrength= 2.78472452564165
RQEnableReQueen= true
AIAdultSlope= 5.72228102944791
AIAdultLD50= 0.839437522899592
AIAdultSlopeContact= 7.21754502202384
AIAdultLD50Contact= 16.5402791238304
AILarvaSlope= 6.72732845135033
AILarvaLD50= 7.66736254939786
AIKOW= 70429.1261733963
AIKOC= 67156.3454760069
AIHalfLife= 16.2909341125749
EAppRate= 3.61569110630592
FoliarEnabled= true
FoliarAppDate= 09/01/1989
FoliarForageBegin= 09/01/1989
FoliarForageEnd= 09/08/1989
AIContactFactor= 0.978196643018164
CL4Pollen= 0.801427876576781
CL4Nectar= 46.2260868633166
CL5Pollen= 2.03318904340267
CL5Nectar= 39.5645833807066
CLDPollen= 5.43158361688256
CLDNectar= 135.930565232411
CA13Pollen= 3.0867518636398
CA13Nectar= 56.8424741923809
CA410Pollen= 4.31694970892277
CA410Nectar= 92.2854657704011
CA1120Pollen= 2.50969880539924
CA1120Nectar= 71.6644470021129
IPollenTrips= 13.6447143205442
INectarTrips= 10.1136180432513
IPollenLoad= 5.77542189275846
INectarLoad= 9.35136675601825
