ICQueenStrength= 4.36641174508259
RQWkrDrnRatio= 2.72797931265086
ICDroneMiteSurvivorship= 52.6331010274589
ICWorkerMiteSurvivorship= 29.3518023565412
ICForagerLifespan= 6.99795807898045
ImmType= Tangent
RQQueenStrength= 4.63252700888552
RQEnableReQueen= true
AIAdultSlope= 1.9508162047714
AIAdultLD50= 0.00548718048050068
AIAdultSlopeContact= 7.55081637995318
AIAdultLD50Contact= 26.5752634499124
AILarvaSlope= 3.46780517138541
AILarvaLD50= 74.9290441396001
AIKOW= 13384.7334424447
AIKOC= 29052.804268274
AIHalfLife= 12.615528759337
EAppRate= 0.850879559363006
FoliarEnabled= true
FoliarAppDate= 09/01/1989
FoliarForageBegin= 09/01/1989
FoliarForageEnd= 09/08/1989
AIContactFactor= 1.59682138214819
CL4Pollen= 1.01144630275667
CL4Nectar= 35.6119655072689
CL5Pollen= 1.0523664294742
CL5Nectar= 72.2774617723189
CLDPollen= 1.62791151925921
CLDNectar= 94.7189407423139
CA13Pollen= 4.11942193126306
CA13Nectar= 33.0555633082986
CA410Pollen= 3.23151231331285
CA410Nectar= 81.662272955291
CA1120Pollen= 1.11053895810619
CA1120Nectar= 30.6807618588209
IPollenTrips= 10.2744424319826
INectarTrips= 12.5713471230119
IPollenLoad= 1.54886564705521
INectarLoad= 4.10179770551622
