ICQueenStrength= 1.62877600896172
RQWkrDrnRatio= 2.56287718936801
ICDroneMiteSurvivorship= 40.0344899622723
ICWorkerMiteSurvivorship= 47.8585434379056
ICForagerLifespan= 4.31248159147799
ImmType= Logarithmic
RQQueenStrength= 4.04545600782149
RQEnableReQueen= true
AIAdultSlope= 5.19630987197161
AIAdultLD50= 15.8725191335946
AIAdultSlopeContact= 2.59673386672512
AIAdultLD50Contact= 4.73173434887337
AILarvaSlope= 1.22216941229999
AILarvaLD50= 85.7024743874068
AIKOW= 72948.3601913303
AIKOC= 8689.63931904803
AIHalfLife= 34.7037424838869
EAppRate= 4.24472760592657
FoliarEnabled= true
FoliarAppDate= 06/07/1989
FoliarForageBegin= 06/05/1989
FoliarForageEnd= 06/28/1989
AIContactFactor= 0.76067240618635
CL4Pollen= 0.870857710950077
CL4Nectar= 25.7866098545492
CL5Pollen= 5.73191337659955
CL5Nectar= 103.851770970505
CLDPollen= 5.5116023006849
CLDNectar= 40.3548131813295
CA13Pollen= 4.16801606100053
CA13Nectar= 35.2174984849989
CA410Pollen= 4.08778447054792
CA410Nectar= 61.4065901003778
CA1120Pollen= 0.810969481011853
CA1120Nectar= 76.7520690709352
IPollenTrips= 14.4945728359744
INectarTrips= 5.18158476334065
IPollenLoad= 3.38020478840917
INectarLoad= 3.37094540009275
ESoilP= 1.70987852127291
ESoilFoc= 0.0187218170606066
