ICQueenStrength= 4.57091221609153
RQWkrDrnRatio= 3.97928900364786
ICDroneMiteSurvivorship= 5.19618240650743
ICWorkerMiteSurvivorship= 27.1613331977278
ICForagerLifespan= 4.8580562658608
ImmType= Tangent
RQQueenStrength= 3.41911051678471
RQEnableReQueen= true
AIAdultSlope= 1.29088294506073
AIAdultLD50= 40.4572606009333
AIAdultSlopeContact= 4.12057856097817
AIAdultLD50Contact= 52.4212420481557
AILarvaSlope= 5.68024649098516
AILarvaLD50= 30.9841472511056
AIKOW= 54981.6212466099
AIKOC= 16833.6010084855
AIHalfLife= 2.89700644775294
EAppRate= 1.47988630154682
FoliarEnabled= true
FoliarAppDate= 06/07/1989
FoliarForageBegin= 06/05/1989
FoliarForageEnd= 06/28/1989
AIContactFactor= 1.65733593234327
CL4Pollen= 1.54441670421511
CL4Nectar= 45.6310147652403
CL5Pollen= 2.4911500448361
CL5Nectar= 92.7128248731606
CLDPollen= 5.07896231207997
CLDNectar= 38.3364117820747
CA13Pollen= 4.83864396139979
CA13Nectar= 26.4842402562499
CA410Pollen= 2.68029534460511
CA410Nectar= 149.486818695441
CA1120Pollen= 0.574111806694418
CA1120Nectar= 82.6882778666914
IPollenTrips= 10.9798145946115
INectarTrips= 8.10412682360038
IPollenLoad= 7.59956508409232
INectarLoad= 8.72381369583309
