ICQueenStrength= 3.79065449815243
RQWkrDrnRatio= 3.40599250327796
ICDroneMiteSurvivorship= 50.332213868387
ICWorkerMiteSurvivorship= 56.1530181672424
ICForagerLifespan= 4.34770256653428
ImmType= Sine
RQQueenStrength= 2.12185900192708
RQEnableReQueen=true
AIAdultSlope= 5.89246070198715
AIAdultLD50= 0.545861853507347
AIAdultSlopeContact= 1.31667038472369
AIAdultLD50Contact= 26.2320509741476
AILarvaSlope= 2.35860866308212
AILarvaLD50= 13.0665211709735
AIKOW= 45663.5600974144
AIKOC= 72271.4359743209
AIHalfLife= 26.8295422267169
EAppRate= 0.515809065283509
FoliarEnabled=true
FoliarAppDate= 07/01/1989
FoliarForageBegin= 07/01/1989
FoliarForageEnd= 07/14/1989
AIContactFactor= 0.760464673633687
CL4Pollen= 3.45598664227873
CL4Nectar= 29.7203205758706
CL5Pollen= 2.00002445932478
CL5Nectar= 11.3075800356455
CLDPollen= 3.10902268113568
CLDNectar= 84.4187907641754
CA13Pollen= 5.98323431173339
CA13Nectar= 27.6173562183976
CA410Pollen= 2.31046982055996
CA410Nectar= 87.8184646274894
CA1120Pollen= 0.546910310396925
CA1120Nectar= 47.0487661845982
IPollenTrips= 5.53686922416091
INectarTrips= 12.5418920931406
IPollenLoad= 5.1498849876225
INectarLoad= 2.29007406160235
