ICQueenStrength= 5.35973081388511
RQWkrDrnRatio= 4.19526975322515
ICDroneMiteSurvivorship= 70.1626354129985
ICWorkerMiteSurvivorship= 34.4401468988508
ICForagerLifespan= 14.3522734940052
ImmType= Tangent
RQQueenStrength= 2.56407651724294
RQEnableReQueen= true
AIAdultSlope= 1.5461516790092
AIAdultLD50= 62.9459815039046
AIAdultSlopeContact= 9.40542709175497
AIAdultLD50Contact= 87.1359736219167
AILarvaSlope= 4.77775585651398
AILarvaLD50= 27.8625399133428
AIKOW= 9027.13273478506
AIKOC= 35011.0430927849
AIHalfLife= 4.95525071709417
EAppRate= 4.89726190420496
FoliarEnabled= true
FoliarAppDate= 06/07/1989
FoliarForageBegin= 06/05/1989
FoliarForageEnd= 06/28/1989
AIContactFactor= 2.1294355370244
CL4Pollen= 0.235195284709334
CL4Nectar= 5.98306872416288
CL5Pollen= 4.55894078174606
CL5Nectar= 60.4676420800388
CLDPollen= 1.32754117436707
CLDNectar= 78.8575559738092
CA13Pollen= 4.41706804027781
CA13Nectar= 33.9794752374291
CA410Pollen= 5.72338328082114
CA410Nectar= 106.148003274575
CA1120Pollen= 0.600562137085944
CA1120Nectar= 21.6366100311279
IPollenTrips= 10.5039654998109
INectarTrips= 10.6277444772422
IPollenLoad= 6.25059365993366
INectarLoad= 0.127235040999949
