ICQueenStrength= 3.33559445827268
RQWkrDrnRatio= 4.33378824871033
ICDroneMiteSurvivorship= 26.0908375494182
ICWorkerMiteSurvivorship= 93.6073660152033
ICForagerLifespan= 15.0692292321473
ImmType= Cosine
RQQueenStrength= 1.10604992741719
RQEnableReQueen= true
AIAdultSlope= 8.40134919248521
AIAdultLD50= 36.0088487217445
AIAdultSlopeContact= 5.11126987403259
AIAdultLD50Contact= 68.2709441208749
AILarvaSlope= 2.70452148281038
AILarvaLD50= 73.5865467834571
AIKOW= 69724.7175274268
AIKOC= 95072.7639545903
AIHalfLife= 33.5087985256221
EAppRate= 8.06599928998691
FoliarEnabled= true
FoliarAppDate= 06/07/1989
FoliarForageBegin= 06/05/1989
FoliarForageEnd= 06/28/1989
AIContactFactor= 1.51556471977849
CL4Pollen= 3.90268874820322
CL4Nectar= 78.6169484024867
CL5Pollen= 2.12735608918592
CL5Nectar= 16.200207802467
CLDPollen= 2.92214555572718
CLDNectar= 149.80700451415
CA13Pollen= 8.18216507583857
CA13Nectar= 96.7517052777112
CA410Pollen= 5.21476478963159
CA410Nectar= 159.702008585446
CA1120Pollen= 1.78513692528941
CA1120Nectar= 63.4763706102967
IPollenTrips= 7.6930633187294
INectarTrips= 9.74094507982954
IPollenLoad= 9.70772359520197
INectarLoad= 1.07654360122979
