ICQueenStrength= 2.30794242722914
RQWkrDrnRatio= 4.20565820857882
ICDroneMiteSurvivorship= 31.0638645896688
ICWorkerMiteSurvivorship= 85.7589513063431
ICForagerLifespan= 6.84874918311834
ImmType= Tangent
RQQueenStrength= 1.79253713251092
RQEnableReQueen= true
AIAdultSlope= 5.81337673962116
AIAdultLD50= 0.904827356935013
AIAdultSlopeContact= 6.80535589368083
AIAdultLD50Contact= 88.8843207898459
AILarvaSlope= 3.29528677463531
AILarvaLD50= 13.6020167270289
AIKOW= 32872.5149927284
AIKOC= 81876.5071932862
AIHalfLife= 5.52234749167692
EAppRate= 1.71561264272872
FoliarEnabled= true
FoliarAppDate= 09/01/1989
FoliarForageBegin= 09/01/1989
FoliarForageEnd= 09/08/1989
AIContactFactor= 1.40484237433877
CL4Pollen= 3.00933224987239
CL4Nectar= 72.407745430246
CL5Pollen= 0.667165009304881
CL5Nectar= 117.82173741376
CLDPollen= 1.78537824936211
CLDNectar= 93.0805615265854
CA13Pollen= 3.11972336638719
CA13Nectar= 26.4296493306756
CA410Pollen= 9.38040514905006
CA410Nectar= 108.81525721401
CA1120Pollen= 1.00738447532058
CA1120Nectar= 48.1611755862832
IPollenTrips= 13.9060068316758
INectarTrips= 7.18612955184653
IPollenLoad= 4.76625674869865
INectarLoad= 0.36797970533371
