ICQueenStrength= 4.36656861938536
RQWkrDrnRatio= 4.1045536948368
ICDroneMiteSurvivorship= 46.1065988056362
ICWorkerMiteSurvivorship= 99.4298873934895
ICForagerLifespan= 5.59366934094578
ImmType= Exponential
RQQueenStrength= 4.91483784280717
RQEnableReQueen=true
AIAdultSlope= 8.54652252607048
AIAdultLD50= 0.97354835008597
AIAdultSlopeContact= 8.28233815100975
AIAdultLD50Contact= 50.8846759815232
AILarvaSlope= 2.26187824830413
AILarvaLD50= 22.7718979248072
AIKOW= 30700.7865430295
AIKOC= 51866.7956176354
AIHalfLife= 26.2912008983782
EAppRate= 9.8375981063717
FoliarEnabled=true
FoliarAppDate= 07/01/1989
FoliarForageBegin= 07/01/1989
FoliarForageEnd= 07/14/1989
AIContactFactor= 0.493884100369178
CL4Pollen= 0.685060242190957
CL4Nectar= 92.4610658315942
CL5Pollen= 0.243357695639133
CL5Nectar= 96.6591722331941
CLDPollen= 2.50199919193983
CLDNectar= 84.6702453447506
CA13Pollen= 5.23416536236182
CA13Nectar= 95.7305993326008
CA410Pollen= 9.23991510509513
CA410Nectar= 24.6361241862178
CA1120Pollen= 0.503111294936389
CA1120Nectar= 56.9962191767991
IPollenTrips= 5.13965053949505
INectarTrips= 9.32729491498321
IPollenLoad= 9.77561640087515
INectarLoad= 3.3662153291516
