ICQueenStrength= 2.45179955940694
RQWkrDrnRatio= 4.87662725057453
ICDroneMiteSurvivorship= 24.5963995577767
ICWorkerMiteSurvivorship= 4.06947906594723
ICForagerLifespan= 11.5536926696077
ImmType= Sine
RQQueenStrength= 4.83553672768176
RQEnableReQueen=true
AIAdultSlope= 6.34877007827163
AIAdultLD50= 0.703849521198077
AIAdultSlopeContact= 2.180051619187
AIAdultLD50Contact= 55.248449832123
AILarvaSlope= 4.13563498854637
AILarvaLD50= 74.2546813013209
AIKOW= 65229.1790195637
AIKOC= 32288.9376192044
AIHalfLife= 19.2527761812322
EAppRate= 5.87970570193348
FoliarEnabled=true
FoliarAppDate= 07/01/1989
FoliarForageBegin= 07/01/1989
FoliarForageEnd= 07/14/1989
AIContactFactor= 1.49528999862261
CL4Pollen= 3.85200474690646
CL4Nectar= 38.6326709296554
CL5Pollen= 4.80160578154027
CL5Nectar= 73.2292562839575
CLDPollen= 2.13979669706896
CLDNectar= 128.600356425159
CA13Pollen= 3.53010909054428
CA13Nectar= 83.220495171845
CA410Pollen= 2.20277737455908
CA410Nectar= 31.4298964710906
CA1120Pollen= 0.466132180066779
CA1120Nectar= 73.8819299824536
IPollenTrips= 8.43330634059384
INectarTrips= 11.0654352349229
IPollenLoad= 1.70045443577692
INectarLoad= 0.513018472120166
