ICQueenStrength= 1.81571031734347
RQWkrDrnRatio= 2.81788385659456
ICDroneMiteSurvivorship= 59.4847129657865
ICWorkerMiteSurvivorship= 13.2164374226704
ICForagerLifespan= 7.67548594810069
ImmType= Cosine
RQQueenStrength= 1.86342234350741
RQEnableReQueen=true
AIAdultSlope= 1.54119076952338
AIAdultLD50= 0.017885366827948
AIAdultSlopeContact= 7.93201563623734
AIAdultLD50Contact= 65.9849340912341
AILarvaSlope= 3.22100941091776
AILarvaLD50= 54.1199042123777
AIKOW= 38613.946029244
AIKOC= 77451.703080829
AIHalfLife= 12.501585526648
EAppRate= 7.85827920401306
FoliarEnabled=true
FoliarAppDate= 07/01/1989
FoliarForageBegin= 07/01/1989
FoliarForageEnd= 07/14/1989
AIContactFactor= 0.398034063493833
CL4Pollen= 0.89966263063252
CL4Nectar= 18.5051169712096
CL5Pollen= 5.84091008221731
CL5Nectar= 48.7171962973662
CLDPollen= 5.6853502728045
CLDNectar= 47.6510495063849
CA13Pollen= 6.95262366747484
CA13Nectar= 98.959663528949
CA410Pollen= 2.6017921343213
CA410Nectar= 187.299600588158
CA1120Pollen= 1.04163596103899
CA1120Nectar= 37.5281007401645
IPollenTrips= 6.26931333215907
INectarTrips= 5.21718782139942
IPollenLoad= 0.0442194240167737
INectarLoad= 0.49775913124904
