ICQueenStrength= 3.62544371071272
RQWkrDrnRatio= 2.47927226219326
ICDroneMiteSurvivorship= 21.1905130185187
ICWorkerMiteSurvivorship= 1.91440028138459
ICForagerLifespan= 7.13847727980465
ImmType= Polynomial
RQQueenStrength= 5.05693374224938
RQEnableReQueen= true
AIAdultSlope= 2.81837092898786
AIAdultLD50= 44.1065518952261
AIAdultSlopeContact= 9.52591492771171
AIAdultLD50Contact= 5.76603614222328
AILarvaSlope= 2.55741385184228
AILarvaLD50= 44.0780030459862
AIKOW= 97486.8096130451
AIKOC= 6433.56959050824
AIHalfLife= 34.5528476217762
EAppRate= 5.88798412214941
FoliarEnabled= true
FoliarAppDate= 06/07/1989
FoliarForageBegin= 06/05/1989
FoliarForageEnd= 06/28/1989
AIContactFactor= 2.07844118190464
CL4Pollen= 1.36364952009171
CL4Nectar= 8.16196703817695
CL5Pollen= 0.513954584486783
CL5Nectar= 73.9200510433875
CLDPollen= 3.79375939490274
CLDNectar= 31.84165233979
CA13Pollen= 2.77929244451225
CA13Nectar= 88.1695124879479
CA410Pollen= 3.22641355507076
CA410Nectar= 25.3718179930001
CA1120Pollen= 0.406860297080129
CA1120Nectar= 68.980305287987
IPollenTrips= 8.33745430456474
INectarTrips= 8.75254689948633
IPollenLoad= 1.20830662548542
INectarLoad= 9.91086096968502
ESoilP= 1.48862192803062
ESoilFoc= 0.00222636146703735
