ICQueenStrength= 3.94145592371933
RQWkrDrnRatio= 1.73746615741402
ICDroneMiteSurvivorship= 73.7288152100518
ICWorkerMiteSurvivorship= 45.3893275232986
ICForagerLifespan= 9.03380227740854
ImmType= Logarithmic
RQQueenStrength= 5.41165276803076
RQEnableReQueen= true
AIAdultSlope= 4.37022711150348
AIAdultLD50= 52.3560465343024
AIAdultSlopeContact= 9.75601047440432
AIAdultLD50Contact= 6.83074675709312
AILarvaSlope= 3.31096511147916
AILarvaLD50= 49.6580109450938
AIKOW= 25213.9280131963
AIKOC= 14448.9270931452
AIHalfLife= 4.1387493140297
EAppRate= 7.72544412222039
FoliarEnabled= true
FoliarAppDate= 06/07/1989
FoliarForageBegin= 06/05/1989
FoliarForageEnd= 06/28/1989
AIContactFactor= 0.418139343690127
CL4Pollen= 0.326779130846262
CL4Nectar= 85.5233122594655
CL5Pollen= 0.611562640406191
CL5Nectar= 41.5645185741596
CLDPollen= 3.13816027063876
CLDNectar= 135.847044875845
CA13Pollen= 6.29735259693116
CA13Nectar= 43.2614332810044
CA410Pollen= 5.20457068947144
CA410Nectar= 93.0603297194466
CA1120Pollen= 1.46846374939196
CA1120Nectar= 78.9955475181341
IPollenTrips= 13.1277906708419
INectarTrips= 5.20693372003734
IPollenLoad= 0.122017397079617
INectarLoad= 4.62130605243146
