ICQueenStrength= 1.5338360730093
RQWkrDrnRatio= 4.19198260549456
ICDroneMiteSurvivorship= 24.26618183963
ICWorkerMiteSurvivorship= 66.723130014725
ICForagerLifespan= 5.91401739604771
ImmType= Polynomial
AIAdultSlope= 0.0241491087991744
AIAdultLD50= 0.19346142616123
AIAdultSlopeContact= 2.71036667833803
AIAdultLD50Contact= 0.0450777672813274
AILarvaSlope= 1.44092735257
AILarvaLD50= 0.83994313927833
AIKOW= 5.008086418733
AIKOC= 25.2453585690819
AIHalfLife= 2.84071038409602
EAppRate= 4.28041890962049
FoliarEnabled= true
