ICQueenStrength= 2.69701873790473
RQWkrDrnRatio= 1.11184911709279
ICDroneMiteSurvivorship= 26.8701596651226
ICWorkerMiteSurvivorship= 99.6378060663119
ICForagerLifespan= 14.1233984753489
ImmType= Logarithmic
RQQueenStrength= 5.14145442307927
RQEnableReQueen= true
AIAdultSlope= 3.84662958048284
AIAdultLD50= 23.6843338389138
AIAdultSlopeContact= 4.04300490836613
AIAdultLD50Contact= 48.5361172536008
AILarvaSlope= 5.80617512948811
AILarvaLD50= 34.9045486320523
AIKOW= 75888.203050927
AIKOC= 69556.5607512451
AIHalfLife= 15.0231237949571
EAppRate= 9.56832504168269
FoliarEnabled= true
FoliarAppDate= 06/07/1989
FoliarForageBegin= 06/05/1989
FoliarForageEnd= 06/28/1989
AIContactFactor= 0.424943344383501
CL4Pollen= 1.15124492067844
CL4Nectar= 24.0709061035886
CL5Pollen= 1.15599756175652
CL5Nectar= 1.4033762854524
CLDPollen= 0.0131063796579838
CLDNectar= 28.0437201610766
CA13Pollen= 5.85968697424978
CA13Nectar= 93.1496965512633
CA410Pollen= 6.47629689483438
CA410Nectar= 42.5059256702662
CA1120Pollen= 2.68669652799144
CA1120Nectar= 98.3317708410323
IPollenTrips= 6.33774647954851
INectarTrips= 9.40990564413369
IPollenLoad= 3.27363764634356
INectarLoad= 1.55552177457139
