ICQueenStrength= 3.18587052891962
RQWkrDrnRatio= 3.77151611819863
ICDroneMiteSurvivorship= 39.7184681845829
ICWorkerMiteSurvivorship= 3.21676377207041
ICForagerLifespan= 14.2763852290809
ImmType= Exponential
RQQueenStrength= 3.1119267726317
RQEnableReQueen= true
AIAdultSlope= 2.96484972909093
AIAdultLD50= 52.8411702664031
AIAdultSlopeContact= 9.45440670312382
AIAdultLD50Contact= 86.5673122776938
AILarvaSlope= 3.59993867203593
AILarvaLD50= 92.6286195641255
AIKOW= 89751.810487724
AIKOC= 88561.0139941846
AIHalfLife= 3.47022352633066
EAppRate= 5.46047843868262
FoliarEnabled= true
FoliarAppDate= 06/07/1989
FoliarForageBegin= 06/05/1989
FoliarForageEnd= 06/28/1989
AIContactFactor= 1.79126882974524
CL4Pollen= 0.73967460822314
CL4Nectar= 38.2076809182763
CL5Pollen= 4.58991459337994
CL5Nectar= 110.582398599945
CLDPollen= 2.08639763994142
CLDNectar= 16.2437708582729
CA13Pollen= 4.2122410482727
CA13Nectar= 96.9001143984497
CA410Pollen= 2.81555099545512
CA410Nectar= 114.41530935932
CA1120Pollen= 0.74402087344788
CA1120Nectar= 80.1811784133315
IPollenTrips= 12.8366573527455
INectarTrips= 5.45563810272142
IPollenLoad= 1.36982382042333
INectarLoad= 4.32191111845896
ESoilP= 1.83533617202193
ESoilFoc= 0.0146285515315831
