ICQueenStrength= 2.76499080029316
RQWkrDrnRatio= 2.78886590432376
ICDroneMiteSurvivorship= 82.7079724520445
ICWorkerMiteSurvivorship= 12.0244134683162
ICForagerLifespan= 6.67457827273756
ImmType= Polynomial
RQQueenStrength= 2.15739165106788
RQEnableReQueen= true
AIAdultSlope= 6.67592145875096
AIAdultLD50= 81.4630524171046
AIAdultSlopeContact= 4.42931493581273
AIAdultLD50Contact= 25.8765282599968
AILarvaSlope= 3.42327987030149
AILarvaLD50= 67.3017184935838
AIKOW= 26091.5107660595
AIKOC= 36564.6035542658
AIHalfLife= 27.9818800543202
EAppRate= 0.708392163340468
FoliarEnabled= true
FoliarAppDate= 06/07/1989
FoliarForageBegin= 06/05/1989
FoliarForageEnd= 06/28/1989
AIContactFactor= 0.857142221177928
CL4Pollen= 3.81224319990724
CL4Nectar= 55.963933095336
CL5Pollen= 3.54505844553933
CL5Nectar= 149.617135652807
CLDPollen= 5.59450636664405
CLDNectar= 26.8197351484559
CA13Pollen= 4.29533335221931
CA13Nectar= 82.8335735015571
CA410Pollen= 6.89440679326654
CA410Nectar= 180.168051896617
CA1120Pollen= 0.926639503799379
CA1120Nectar= 68.6815412528813
IPollenTrips= 9.49843435082585
INectarTrips= 13.2632400933653
IPollenLoad= 0.687245295848697
INectarLoad= 8.29954764107242
