ICQueenStrength= 5.02393584488891
RQWkrDrnRatio= 3.96314594615251
ICDroneMiteSurvivorship= 42.375685274601
ICWorkerMiteSurvivorship= 65.2407640125602
ICForagerLifespan= 9.58875294588506
ImmType= Polynomial
RQQueenStrength= 2.50679076439701
RQEnableReQueen= true
AIAdultSlope= 1.24752402305603
AIAdultLD50= 11.5783246513493
AIAdultSlopeContact= 3.91022989177145
AIAdultLD50Contact= 37.7373808729162
AILarvaSlope= 7.30378867872059
AILarvaLD50= 75.8426501091227
AIKOW= 89580.6538348728
AIKOC= 25550.7146949954
AIHalfLife= 29.9038528516656
EAppRate= 3.05955721894186
FoliarEnabled= true
FoliarAppDate= 06/07/1989
FoliarForageBegin= 06/05/1989
FoliarForageEnd= 06/28/1989
AIContactFactor= 1.3198652669834
CL4Pollen= 3.79146448336542
CL4Nectar= 38.4297391632572
CL5Pollen= 4.25011737691239
CL5Nectar= 84.560610644985
CLDPollen= 0.346764353569597
CLDNectar= 84.0143911773339
CA13Pollen= 4.77550823548809
CA13Nectar= 39.8714914172888
CA410Pollen= 7.56386508403812
CA410Nectar= 154.368462488055
CA1120Pollen= 2.23500101803802
CA1120Nectar= 38.7323019839823
IPollenTrips= 8.72721606865525
INectarTrips= 9.52171051641926
IPollenLoad= 6.69525241013616
INectarLoad= 9.95623803464696
