ICQueenStrength= 1.00135865644552
RQWkrDrnRatio= 4.51132374629378
ICDroneMiteSurvivorship= 37.8620264818892
ICWorkerMiteSurvivorship= 37.3889553826302
ICForagerLifespan= 12.4739991007373
ImmType= Tangent
RQQueenStrength= 4.45104584819637
RQEnableReQueen= true
AIAdultSlope= 4.21394730918109
AIAdultLD50= 0.169341799111106
AIAdultSlopeContact= 8.90121290809475
AIAdultLD50Contact= 45.2517553797727
AILarvaSlope= 2.67872016131878
AILarvaLD50= 83.4135679036747
AIKOW= 98735.6775773276
AIKOC= 62898.0556112512
AIHalfLife= 24.4140431137988
EAppRate= 5.72267538883258
FoliarEnabled= true
FoliarAppDate= 09/01/1989
FoliarForageBegin= 09/01/1989
FoliarForageEnd= 09/08/1989
AIContactFactor= 1.98141018338967
CL4Pollen= 0.973932747729123
CL4Nectar= 76.6426718095317
CL5Pollen= 3.56048183189705
CL5Nectar= 95.8952106535435
CLDPollen= 3.25711334170774
CLDNectar= 23.2837553252466
CA13Pollen= 6.34448749739677
CA13Nectar= 24.4535017758608
CA410Pollen= 6.5933967550518
CA410Nectar= 121.645125932992
CA1120Pollen= 1.19223082344979
CA1120Nectar= 87.248963508755
IPollenTrips= 10.6894493312575
INectarTrips= 8.35580162936822
IPollenLoad= 2.64611896593124
INectarLoad= 6.52882855618373
