ICQueenStrength= 2.96688404073939
RQWkrDrnRatio= 2.62444840278476
ICDroneMiteSurvivorship= 97.9518843116239
ICWorkerMiteSurvivorship= 2.67639230005443
ICForagerLifespan= 15.2693519368768
ImmType= Polynomial
AIAdultSlope= 1.93459456813289
AIAdultLD50= 0.13154587703757
AIAdultSlopeContact= 1.53722408991773
AIAdultLD50Contact= 0.00835936558432877
AILarvaSlope= 2.17125706407242
AILarvaLD50= 0.346111727831885
AIKOW= 4.17313455883414
AIKOC= 12.5696885935031
AIHalfLife= 1.44787681179587
EAppRate= 8.21795445401222
FoliarEnabled= true
