ICQueenStrength= 3.8486783253029
RQWkrDrnRatio= 1.94835895951837
ICDroneMiteSurvivorship= 2.41756211034954
ICWorkerMiteSurvivorship= 92.7412075223401
ICForagerLifespan= 13.0221233796328
ImmType= Cosine
RQQueenStrength= 2.9083684431389
RQEnableReQueen=true
AIAdultSlope= 8.06523952633142
AIAdultLD50= 0.520080171355978
AIAdultSlopeContact= 9.84620973537676
AIAdultLD50Contact= 30.8812387422374
AILarvaSlope= 5.52192725427449
AILarvaLD50= 64.2672197722299
AIKOW= 98870.8172424185
AIKOC= 40434.6589552008
AIHalfLife= 27.4380365751684
EAppRate= 1.42222287963843
FoliarEnabled=true
FoliarAppDate= 07/01/1989
FoliarForageBegin= 07/01/1989
FoliarForageEnd= 07/14/1989
AIContactFactor= 2.12580914513208
CL4Pollen= 3.97685831319541
CL4Nectar= 10.1370645686984
CL5Pollen= 0.969916496425867
CL5Nectar= 95.2473887940869
CLDPollen= 2.81275140121579
CLDNectar= 96.0179726709612
CA13Pollen= 6.12430168483406
CA13Nectar= 43.4547580033541
CA410Pollen= 6.28146061061416
CA410Nectar= 153.415014673956
CA1120Pollen= 1.12001953041181
CA1120Nectar= 61.3145253993571
IPollenTrips= 7.98673202516511
INectarTrips= 8.45577841391787
IPollenLoad= 5.37631471408531
INectarLoad= 8.79462761571631
