ICQueenStrength= 3.98308171681128
RQWkrDrnRatio= 3.35472853668034
ICDroneMiteSurvivorship= 87.8264439292252
ICWorkerMiteSurvivorship= 41.7500985087827
ICForagerLifespan= 11.6038297303021
ImmType= Tangent
RQQueenStrength= 5.89975040429272
RQEnableReQueen= true
AIAdultSlope= 8.29426093399525
AIAdultLD50= 0.680106358843623
AIAdultSlopeContact= 3.15756314177997
AIAdultLD50Contact= 39.5782118015909
AILarvaSlope= 5.79754880443215
AILarvaLD50= 82.063119670108
AIKOW= 40400.6858350972
AIKOC= 38482.2661972069
AIHalfLife= 24.9153026131913
EAppRate= 9.45276007085713
FoliarEnabled= true
FoliarAppDate= 09/01/1989
FoliarForageBegin= 09/01/1989
FoliarForageEnd= 09/08/1989
AIContactFactor= 1.40161677785218
CL4Pollen= 0.916525230742991
CL4Nectar= 97.0231668790802
CL5Pollen= 1.27234270842746
CL5Nectar= 65.9467296442017
CLDPollen= 4.4035052577965
CLDNectar= 99.2561612161808
CA13Pollen= 6.75497583281249
CA13Nectar= 52.9822034575045
CA410Pollen= 5.10765356912743
CA410Nectar= 135.137876919471
CA1120Pollen= 2.66609188495204
CA1120Nectar= 32.3405556380749
IPollenTrips= 8.28218457754701
INectarTrips= 8.71508053969592
IPollenLoad= 1.7986776959151
INectarLoad= 9.4045872730203
