ICQueenStrength= 1.14198659919202
RQWkrDrnRatio= 2.56586430687457
ICDroneMiteSurvivorship= 36.2261641072109
ICWorkerMiteSurvivorship= 44.6100562810898
ICForagerLifespan= 12.0133704077452
ImmType= Tangent
RQQueenStrength= 4.98056892910972
RQEnableReQueen= true
AIAdultSlope= 4.14645804837346
AIAdultLD50= 58.4184488821498
AIAdultSlopeContact= 1.93622307432815
AIAdultLD50Contact= 69.1618194112126
AILarvaSlope= 5.01478880643845
AILarvaLD50= 82.3327139512976
AIKOW= 52687.5787695246
AIKOC= 18652.5923617866
AIHalfLife= 2.29048562604003
EAppRate= 9.56917551025166
FoliarEnabled= true
FoliarAppDate= 06/07/1989
FoliarForageBegin= 06/05/1989
FoliarForageEnd= 06/28/1989
AIContactFactor= 0.441889359629713
CL4Pollen= 0.604288154281676
CL4Nectar= 64.3053333042189
CL5Pollen= 4.71880336012691
CL5Nectar= 56.9568719831295
CLDPollen= 3.42301933374256
CLDNectar= 33.122715423815
CA13Pollen= 4.04786706417799
CA13Nectar= 41.2906568683684
CA410Pollen= 7.8515546164941
CA410Nectar= 175.316558605991
CA1120Pollen= 2.43635896104388
CA1120Nectar= 49.4535357877612
IPollenTrips= 12.0842139003798
INectarTrips= 8.33685136865824
IPollenLoad= 8.75717995455489
INectarLoad= 6.28192970063537
