ICQueenStrength= 4.62955446820706
RQWkrDrnRatio= 3.87709775287658
ICDroneMiteSurvivorship= 81.1485086334869
ICWorkerMiteSurvivorship= 40.5728691490367
ICForagerLifespan= 8.85190276335925
ImmType= Tangent
RQQueenStrength= 5.04057894833386
RQEnableReQueen= true
AIAdultSlope= 7.3609954174608
AIAdultLD50= 9.7712073558683
AIAdultSlopeContact= 2.74442835035734
AIAdultLD50Contact= 68.8735594935271
AILarvaSlope= 1.27645224705338
AILarvaLD50= 73.3009449735165
AIKOW= 72788.0104182897
AIKOC= 60454.0684031821
AIHalfLife= 1.34025116635021
EAppRate= 7.66001652827486
FoliarEnabled= true
FoliarAppDate= 06/07/1989
FoliarForageBegin= 06/05/1989
FoliarForageEnd= 06/28/1989
AIContactFactor= 1.40136258826125
CL4Pollen= 3.1505800485611
CL4Nectar= 42.0321430079639
CL5Pollen= 1.00106957461685
CL5Nectar= 13.4865147527307
CLDPollen= 5.91228772513568
CLDNectar= 83.8287759223022
CA13Pollen= 6.32272766605019
CA13Nectar= 35.4723166301847
CA410Pollen= 6.52289009534288
CA410Nectar= 74.7371642105281
CA1120Pollen= 1.54608164168894
CA1120Nectar= 23.4436916559935
IPollenTrips= 7.24331943783909
INectarTrips= 13.8614608417265
IPollenLoad= 4.94334821822122
INectarLoad= 1.1899593914859
ESoilP= 1.40695464168675
ESoilFoc= 0.0160475621055812
