ICQueenStrength= 2.30823647719808
RQWkrDrnRatio= 3.32215563952923
ICDroneMiteSurvivorship= 86.3104392075911
ICWorkerMiteSurvivorship= 64.9259696016088
ICForagerLifespan= 6.79772430006415
ImmType= Exponential
RQQueenStrength= 5.55908688949421
RQEnableReQueen= true
AIAdultSlope= 1.80280395969748
AIAdultLD50= 79.1664983381124
AIAdultSlopeContact= 9.77681728964671
AIAdultLD50Contact= 40.3818888366183
AILarvaSlope= 8.22728594206274
AILarvaLD50= 29.3609879335403
AIKOW= 61496.2713413935
AIKOC= 60176.5890185679
AIHalfLife= 1.55745039840695
EAppRate= 9.36902696452057
FoliarEnabled= true
FoliarAppDate= 06/07/1989
FoliarForageBegin= 06/05/1989
FoliarForageEnd= 06/28/1989
AIContactFactor= 1.62789786868729
CL4Pollen= 1.4740651063621
CL4Nectar= 65.720562171191
CL5Pollen= 5.58049178263173
CL5Nectar= 6.44242926500738
CLDPollen= 2.07005411479622
CLDNectar= 117.491562233772
CA13Pollen= 6.95535081746057
CA13Nectar= 29.3415748886764
CA410Pollen= 2.22042922170367
CA410Nectar= 182.454077475704
CA1120Pollen= 1.28836583183147
CA1120Nectar= 70.8062107861042
IPollenTrips= 14.5303800143301
INectarTrips= 13.5597624164075
IPollenLoad= 0.712768875528127
INectarLoad= 3.13421998405829
