ICQueenStrength= 5.95612841099501
RQWkrDrnRatio= 1.60420561209321
ICDroneMiteSurvivorship= 70.8619145210832
ICWorkerMiteSurvivorship= 89.5663407398388
ICForagerLifespan= 14.228827056475
ImmType= Logarithmic
RQQueenStrength= 5.04169725487009
RQEnableReQueen= true
AIAdultSlope= 7.82557471469045
AIAdultLD50= 73.1735686301198
AIAdultSlopeContact= 7.84485864569433
AIAdultLD50Contact= 40.6716030930928
AILarvaSlope= 4.43372297659516
AILarvaLD50= 25.8234821234464
AIKOW= 40581.2971340821
AIKOC= 46467.0770206784
AIHalfLife= 16.4409383719089
EAppRate= 1.56764864677843
FoliarEnabled= true
FoliarAppDate= 06/07/1989
FoliarForageBegin= 06/05/1989
FoliarForageEnd= 06/28/1989
AIContactFactor= 0.618440715428442
CL4Pollen= 0.5598333356902
CL4Nectar= 34.6489722374827
CL5Pollen= 4.88729068636894
CL5Nectar= 45.9180794656277
CLDPollen= 2.87383503606543
CLDNectar= 15.3401141054928
CA13Pollen= 4.15109804579988
CA13Nectar= 70.4069897904992
CA410Pollen= 2.51295026578009
CA410Nectar= 186.715484741144
CA1120Pollen= 0.783098152605817
CA1120Nectar= 24.8519542999566
IPollenTrips= 12.4485184042715
INectarTrips= 8.40376714244485
IPollenLoad= 1.44931300077587
INectarLoad= 7.52342742402107
ESoilP= 1.01753724762239
ESoilFoc= 0.00220705836405978
