ICQueenStrength= 3.03895260021091
RQWkrDrnRatio= 1.19423010572791
ICDroneMiteSurvivorship= 8.39227680116892
ICWorkerMiteSurvivorship= 1.42255309037864
ICForagerLifespan= 14.6774536520243
ImmType= Tangent
RQQueenStrength= 3.3113823980093
RQEnableReQueen=true
AIAdultSlope= 6.26860743947327
AIAdultLD50= 0.779534355405252
AIAdultSlopeContact= 5.96174057200551
AIAdultLD50Contact= 44.1241253108119
AILarvaSlope= 4.29137002117932
AILarvaLD50= 28.2305838316162
AIKOW= 75424.2634529247
AIKOC= 15539.8082625794
AIHalfLife= 29.773960262537
EAppRate= 3.40068121890095
FoliarEnabled=true
FoliarAppDate= 07/01/1989
FoliarForageBegin= 07/01/1989
FoliarForageEnd= 07/14/1989
AIContactFactor= 0.490612580976449
CL4Pollen= 2.28642335068434
CL4Nectar= 76.9101258134469
CL5Pollen= 5.28421948570758
CL5Nectar= 102.923593134619
CLDPollen= 2.13068411545828
CLDNectar= 142.03845995944
CA13Pollen= 4.10989995514974
CA13Nectar= 27.6088706403971
CA410Pollen= 6.56577201727778
CA410Nectar= 62.511254446581
CA1120Pollen= 2.98438271507621
CA1120Nectar= 30.0852246023715
IPollenTrips= 13.3160544047132
INectarTrips= 13.8024956244044
IPollenLoad= 1.81612895103171
INectarLoad= 0.295963452663273
