ICQueenStrength= 3.74928758502938
RQWkrDrnRatio= 2.38607442565262
ICDroneMiteSurvivorship= 48.3274257974699
ICWorkerMiteSurvivorship= 71.5002476237714
ICForagerLifespan= 6.23057514056563
ImmType= Tangent
RQQueenStrength= 4.78081223694608
RQEnableReQueen= true
AIAdultSlope= 4.71228444576263
AIAdultLD50= 49.2091611660393
AIAdultSlopeContact= 3.2346536279656
AIAdultLD50Contact= 0.821077368429163
AILarvaSlope= 7.89959928952157
AILarvaLD50= 4.00784145413083
AIKOW= 68160.2047465484
AIKOC= 21086.8423404654
AIHalfLife= 22.5718566712458
EAppRate= 9.4246504468529
FoliarEnabled= true
FoliarAppDate= 06/07/1989
FoliarForageBegin= 06/05/1989
FoliarForageEnd= 06/28/1989
AIContactFactor= 1.88708827958442
CL4Pollen= 1.68977340962738
CL4Nectar= 61.7560295853764
CL5Pollen= 2.85548735456541
CL5Nectar= 120.393238810357
CLDPollen= 0.668834888376296
CLDNectar= 22.7735280641355
CA13Pollen= 6.32499064579606
CA13Nectar= 68.6149593815207
CA410Pollen= 9.17215511722025
CA410Nectar= 80.1045549660921
CA1120Pollen= 0.133594422368333
CA1120Nectar= 58.4576948732138
IPollenTrips= 8.2417141715996
INectarTrips= 13.4048527432606
IPollenLoad= 4.69545948551968
INectarLoad= 3.72289929771796
