ICQueenStrength= 2.19564048247412
RQWkrDrnRatio= 3.75941223837435
ICDroneMiteSurvivorship= 42.8315356373787
ICWorkerMiteSurvivorship= 72.642832621932
ICForagerLifespan= 5.63029751460999
ImmType= Tangent
RQQueenStrength= 5.91991403163411
RQEnableReQueen= true
AIAdultSlope= 8.81438658945262
AIAdultLD50= 42.3119873753872
AIAdultSlopeContact= 9.96280887746252
AIAdultLD50Contact= 9.4700408333498
AILarvaSlope= 4.0059509575367
AILarvaLD50= 19.8240896602077
AIKOW= 58741.9993291092
AIKOC= 62018.4839959266
AIHalfLife= 6.83460500820074
EAppRate= 3.01021717235073
FoliarEnabled= true
FoliarAppDate= 06/07/1989
FoliarForageBegin= 06/05/1989
FoliarForageEnd= 06/28/1989
AIContactFactor= 0.761270092558116
CL4Pollen= 3.44415195565671
CL4Nectar= 24.0046134451404
CL5Pollen= 2.14476398332044
CL5Nectar= 131.144635914825
CLDPollen= 5.53752667084336
CLDNectar= 112.336794775911
CA13Pollen= 6.52823810307309
CA13Nectar= 69.7096031159163
CA410Pollen= 5.65520385843702
CA410Nectar= 108.381275041029
CA1120Pollen= 0.540574402548373
CA1120Nectar= 22.0435348153114
IPollenTrips= 12.4933437164873
INectarTrips= 5.00054755713791
IPollenLoad= 1.61640826612711
INectarLoad= 2.9101728880778
