ICQueenStrength= 4.94796253880486
RQWkrDrnRatio= 2.95641606487334
ICDroneMiteSurvivorship= 47.6677629631013
ICWorkerMiteSurvivorship= 39.8891541175544
ICForagerLifespan= 5.40029493998736
ImmType= Polynomial
RQQueenStrength= 2.69953756849281
RQEnableReQueen= true
AIAdultSlope= 5.94507587328553
AIAdultLD50= 0.331441870567156
AIAdultSlopeContact= 4.37566346116364
AIAdultLD50Contact= 65.6158034467988
AILarvaSlope= 2.8464826066047
AILarvaLD50= 90.6898683568249
AIKOW= 34749.7637208472
AIKOC= 27667.6014959642
AIHalfLife= 23.9660702664871
EAppRate= 3.17092885427619
FoliarEnabled= true
FoliarAppDate= 09/01/1989
FoliarForageBegin= 09/01/1989
FoliarForageEnd= 09/08/1989
AIContactFactor= 1.10682771058753
CL4Pollen= 2.17945419438183
CL4Nectar= 45.2768899733201
CL5Pollen= 0.257628415245563
CL5Nectar= 80.3687181207351
CLDPollen= 1.97151984320953
CLDNectar= 34.6521249040961
CA13Pollen= 2.68036720464006
CA13Nectar= 95.622734092176
CA410Pollen= 6.12661549430341
CA410Nectar= 178.115574344993
CA1120Pollen= 0.331020487938076
CA1120Nectar= 32.9410317912698
IPollenTrips= 12.5098664918914
INectarTrips= 8.32884626463056
IPollenLoad= 9.56652085063979
INectarLoad= 9.31314122164622
