ICQueenStrength= 2.59000418242067
RQWkrDrnRatio= 2.62909334897995
ICDroneMiteSurvivorship= 85.176960634999
ICWorkerMiteSurvivorship= 84.8817885154858
ICForagerLifespan= 11.5263803359121
ImmType= Tangent
RQQueenStrength= 3.83354236185551
RQEnableReQueen=true
AIAdultSlope= 3.15744721144438
AIAdultLD50= 0.0960729865320027
AIAdultSlopeContact= 7.24740197928622
AIAdultLD50Contact= 1.07644833081402
AILarvaSlope= 4.05449317023158
AILarvaLD50= 28.1721105601664
AIKOW= 136.072675519269
AIKOC= 50086.174440552
AIHalfLife= 19.6064134395914
EAppRate= 3.01060460803215
FoliarEnabled=true
FoliarAppDate= 07/01/1989
FoliarForageBegin= 07/01/1989
FoliarForageEnd= 07/14/1989
AIContactFactor= 2.20929516138043
CL4Pollen= 3.87338552158326
CL4Nectar= 37.5718765426427
CL5Pollen= 0.366791662294418
CL5Nectar= 144.545810110867
CLDPollen= 0.333649809937924
CLDNectar= 144.421736709774
CA13Pollen= 5.52849059207365
CA13Nectar= 59.7171221487224
CA410Pollen= 6.89455314960796
CA410Nectar= 91.2356052407995
CA1120Pollen= 1.65093809296377
CA1120Nectar= 92.3755421675742
IPollenTrips= 12.6931383949704
INectarTrips= 12.6882236916572
IPollenLoad= 8.54248674586415
INectarLoad= 3.74087989795953
