ICQueenStrength= 5.79831157019362
RQWkrDrnRatio= 4.10655490309
ICDroneMiteSurvivorship= 26.3561929343268
ICWorkerMiteSurvivorship= 87.3244139831513
ICForagerLifespan= 8.60577883850783
ImmType= Cosine
RQQueenStrength= 3.77786288876086
RQEnableReQueen= true
AIAdultSlope= 5.82766501232982
AIAdultLD50= 21.3797905589573
AIAdultSlopeContact= 4.87925949622877
AIAdultLD50Contact= 59.7759464586202
AILarvaSlope= 2.74629393592477
AILarvaLD50= 68.5961739154412
AIKOW= 92825.1028018061
AIKOC= 57352.4106802258
AIHalfLife= 8.27049549319781
EAppRate= 7.51258389417245
FoliarEnabled= true
FoliarAppDate= 06/07/1989
FoliarForageBegin= 06/05/1989
FoliarForageEnd= 06/28/1989
AIContactFactor= 1.75011638963595
CL4Pollen= 0.856383739039302
CL4Nectar= 34.7085216315463
CL5Pollen= 2.59993619285524
CL5Nectar= 64.9145920062438
CLDPollen= 3.14654713869095
CLDNectar= 44.1647845320404
CA13Pollen= 7.09264456834644
CA13Nectar= 80.0599844194949
CA410Pollen= 6.4361816939665
CA410Nectar= 25.7911786483601
CA1120Pollen= 1.8978419105988
CA1120Nectar= 59.5231536217034
IPollenTrips= 6.15597567986697
INectarTrips= 9.06260552350432
IPollenLoad= 1.26256434246898
INectarLoad= 6.38741737930104
