ICQueenStrength= 1.77973854262382
RQWkrDrnRatio= 2.15298973582685
ICDroneMiteSurvivorship= 60.3026711381972
ICWorkerMiteSurvivorship= 50.3643732285127
ICForagerLifespan= 11.1490690009668
ImmType= Logarithmic
RQQueenStrength= 3.94185697217472
RQEnableReQueen= true
AIAdultSlope= 5.68628393299878
AIAdultLD50= 87.9315600592485
AIAdultSlopeContact= 1.30369225447066
AIAdultLD50Contact= 56.9628655792524
AILarvaSlope= 5.4375269357115
AILarvaLD50= 95.986334115118
AIKOW= 30224.6736987209
AIKOC= 85841.260924771
AIHalfLife= 27.1892420715885
EAppRate= 8.70088023214927
FoliarEnabled= true
FoliarAppDate= 06/07/1989
FoliarForageBegin= 06/05/1989
FoliarForageEnd= 06/28/1989
AIContactFactor= 1.3099124996271
CL4Pollen= 2.55645647086203
CL4Nectar= 16.6353029431775
CL5Pollen= 0.00879110209643841
CL5Nectar= 110.479346977081
CLDPollen= 3.3119363556616
CLDNectar= 97.0841189031489
CA13Pollen= 7.30037187626585
CA13Nectar= 60.1093427464366
CA410Pollen= 9.39531776718795
CA410Nectar= 119.620227483101
CA1120Pollen= 1.58891998208128
CA1120Nectar= 30.4225675016642
IPollenTrips= 13.5222516767681
INectarTrips= 10.3239285224117
IPollenLoad= 5.37956004729494
INectarLoad= 3.14437906723469
