ICQueenStrength= 4.60533639136702
RQWkrDrnRatio= 1.26734521053731
ICDroneMiteSurvivorship= 3.81462869700044
ICWorkerMiteSurvivorship= 20.140386861749
ICForagerLifespan= 12.5061772409827
ImmType= Tangent
RQQueenStrength= 2.97985812928528
RQEnableReQueen=true
AIAdultSlope= 8.34996492229402
AIAdultLD50= 0.820903648844454
AIAdultSlopeContact= 9.49435403430834
AIAdultLD50Contact= 99.469078728725
AILarvaSlope= 6.9351404234767
AILarvaLD50= 31.818019720502
AIKOW= 42710.5994908169
AIKOC= 16829.5936606531
AIHalfLife= 26.3285273379646
EAppRate= 1.38760202487488
FoliarEnabled=true
FoliarAppDate= 07/01/1989
FoliarForageBegin= 07/01/1989
FoliarForageEnd= 07/14/1989
AIContactFactor= 1.54596236923244
CL4Pollen= 3.57793257758021
CL4Nectar= 20.0326223159209
CL5Pollen= 3.08794421330094
CL5Nectar= 23.1850177282467
CLDPollen= 2.05815785424784
CLDNectar= 36.8340554530732
CA13Pollen= 5.50187326064333
CA13Nectar= 93.8994425907731
CA410Pollen= 4.43440037122928
CA410Nectar= 119.184978343546
CA1120Pollen= 1.58635576581582
CA1120Nectar= 43.6064969003201
IPollenTrips= 7.4606994446367
INectarTrips= 5.2980952244252
IPollenLoad= 8.55540748452768
INectarLoad= 8.56960487551987
