ICQueenStrength= 2.25874341349117
RQWkrDrnRatio= 3.21539176814258
ICDroneMiteSurvivorship= 39.5533281611279
ICWorkerMiteSurvivorship= 45.8939169999212
ICForagerLifespan= 11.1706555616111
ImmType= Tangent
RQQueenStrength= 5.50515954755247
RQEnableReQueen= true
AIAdultSlope= 1.53410491161048
AIAdultLD50= 95.0454745668394
AIAdultSlopeContact= 5.89461773610674
AIAdultLD50Contact= 93.3746504968591
AILarvaSlope= 4.68862602859735
AILarvaLD50= 7.40128304445674
AIKOW= 47654.140364001
AIKOC= 23583.7705165348
AIHalfLife= 13.8703964332584
EAppRate= 3.34903190953867
FoliarEnabled= true
FoliarAppDate= 06/07/1989
FoliarForageBegin= 06/05/1989
FoliarForageEnd= 06/28/1989
AIContactFactor= 1.25815129370894
CL4Pollen= 0.619451783597469
CL4Nectar= 61.9102354627103
CL5Pollen= 0.793564842548221
CL5Nectar= 76.8896439112723
CLDPollen= 3.14824655419216
CLDNectar= 2.0735414000228
CA13Pollen= 6.46651071291417
CA13Nectar= 87.6099395379424
CA410Pollen= 3.9738449701108
CA410Nectar= 167.142873769626
CA1120Pollen= 0.605267696315423
CA1120Nectar= 67.2572941146791
IPollenTrips= 7.47272973647341
INectarTrips= 10.0390691519715
IPollenLoad= 8.79782113013789
INectarLoad= 2.32785781146958
ESoilP= 1.78040733537637
ESoilFoc= 0.0145362264798023
