ICQueenStrength= 1.66560880281031
RQWkrDrnRatio= 4.91890426538885
ICDroneMiteSurvivorship= 29.1491262149066
ICWorkerMiteSurvivorship= 71.0949789267033
ICForagerLifespan= 8.63636847957969
ImmType= Cosine
RQQueenStrength= 4.10719479457475
RQEnableReQueen= true
AIAdultSlope= 8.5328950677067
AIAdultLD50= 28.9780724558665
AIAdultSlopeContact= 2.62886343244463
AIAdultLD50Contact= 68.4593441603705
AILarvaSlope= 2.37760220840573
AILarvaLD50= 41.131611774514
AIKOW= 754.54146731741
AIKOC= 77407.6549903334
AIHalfLife= 4.75779533325694
EAppRate= 2.49624300780799
FoliarEnabled= true
FoliarAppDate= 06/07/1989
FoliarForageBegin= 06/05/1989
FoliarForageEnd= 06/28/1989
AIContactFactor= 1.67225068298634
CL4Pollen= 2.12157921865582
CL4Nectar= 62.6567412400618
CL5Pollen= 3.82620736816898
CL5Nectar= 47.1070552594028
CLDPollen= 1.82372783962637
CLDNectar= 90.2511498774402
CA13Pollen= 7.04444647794589
CA13Nectar= 44.503278080374
CA410Pollen= 5.54513554433361
CA410Nectar= 134.116792469285
CA1120Pollen= 1.01890965923667
CA1120Nectar= 59.0906129963696
IPollenTrips= 8.94758677342907
INectarTrips= 10.161715738941
IPollenLoad= 7.32353141065687
INectarLoad= 8.77603688510135
ESoilP= 1.40113272867166
ESoilFoc= 0.0187740269852802
