ICQueenStrength= 2.36179536115378
RQWkrDrnRatio= 2.71525160130113
ICDroneMiteSurvivorship= 97.638752614148
ICWorkerMiteSurvivorship= 48.996433056891
ICForagerLifespan= 8.4697419218719
ImmType= Polynomial
AIAdultSlope= 3.53524565898115
AIAdultLD50= 0.047019521985203
AIAdultSlopeContact= 3.86322234980296
AIAdultLD50Contact= 0.0346361550502479
AILarvaSlope= 0.805716935545206
AILarvaLD50= 0.600142596149817
AIKOW= 3.62364278547466
AIKOC= 11.4510642900132
AIHalfLife= 1.96185940650757
EAppRate= 3.2680586585775
FoliarEnabled= true
