ICQueenStrength= 4.53329654200934
RQWkrDrnRatio= 2.23002277407795
ICDroneMiteSurvivorship= 40.8299871254712
ICWorkerMiteSurvivorship= 87.0892883045599
ICForagerLifespan= 5.68504055961967
ImmType= Sine
RQQueenStrength= 2.49422992952168
RQEnableReQueen= true
AIAdultSlope= 2.91916930302978
AIAdultLD50= 53.5727530613106
AIAdultSlopeContact= 7.71997774532065
AIAdultLD50Contact= 55.3138496993887
AILarvaSlope= 5.1657288800925
AILarvaLD50= 72.6782748407906
AIKOW= 10809.7133242852
AIKOC= 96888.5551525455
AIHalfLife= 21.2518196457764
EAppRate= 9.31065005323803
FoliarEnabled= true
FoliarAppDate= 06/07/1989
FoliarForageBegin= 06/05/1989
FoliarForageEnd= 06/28/1989
AIContactFactor= 0.951360845654271
CL4Pollen= 3.18188554700464
CL4Nectar= 74.1385158617049
CL5Pollen= 2.88275424437597
CL5Nectar= 110.416938329581
CLDPollen= 1.95635902695358
CLDNectar= 146.472249319777
CA13Pollen= 7.96608387986198
CA13Nectar= 59.2135743424296
CA410Pollen= 5.72541484294925
CA410Nectar= 97.8985442733392
CA1120Pollen= 1.18429432902485
CA1120Nectar= 23.108105994761
IPollenTrips= 13.9958102325909
INectarTrips= 6.58070224802941
IPollenLoad= 8.93809429835528
INectarLoad= 8.54716352652758
