ICQueenStrength= 4.14079945557751
RQWkrDrnRatio= 4.4577048914507
ICDroneMiteSurvivorship= 21.3992928853258
ICWorkerMiteSurvivorship= 91.2288406863809
ICForagerLifespan= 7.82345461566001
ImmType= Tangent
RQQueenStrength= 4.3653287042398
RQEnableReQueen= true
AIAdultSlope= 8.21974007599056
AIAdultLD50= 52.8314612558046
AIAdultSlopeContact= 1.79126869770698
AIAdultLD50Contact= 96.5540056596068
AILarvaSlope= 6.24337785691023
AILarvaLD50= 83.0370945060926
AIKOW= 59784.9431615875
AIKOC= 12550.8910390059
AIHalfLife= 14.6632309057051
EAppRate= 3.19208829157078
FoliarEnabled= true
FoliarAppDate= 06/07/1989
FoliarForageBegin= 06/05/1989
FoliarForageEnd= 06/28/1989
AIContactFactor= 2.35179418127984
CL4Pollen= 1.05150932632387
CL4Nectar= 83.4162444341928
CL5Pollen= 5.96490226546302
CL5Nectar= 130.942826159298
CLDPollen= 1.20535205025226
CLDNectar= 147.731272713281
CA13Pollen= 2.71177799422294
CA13Nectar= 61.9874620251358
CA410Pollen= 5.38517303296831
CA410Nectar= 179.341502073221
CA1120Pollen= 2.14512456650846
CA1120Nectar= 43.2301224395633
IPollenTrips= 10.5679554515518
INectarTrips= 9.19981361133978
IPollenLoad= 0.0805291952565312
INectarLoad= 1.01055825594813
