ICQueenStrength= 5.04737973585725
RQWkrDrnRatio= 1.84550020471215
ICDroneMiteSurvivorship= 75.7078400114551
ICWorkerMiteSurvivorship= 11.1551016569138
ICForagerLifespan= 11.4561698464677
ImmType= Sine
AIAdultSlope= 1.41672538199695
AIAdultLD50= 0.157089601038024
AIAdultSlopeContact= 2.44286920705112
AIAdultLD50Contact= 0.0196741450461559
AILarvaSlope= 0.323705812031403
AILarvaLD50= 0.306838025897741
AIKOW= 4.46639970410615
AIKOC= 27.7412857988384
AIHalfLife= 0.389532903232612
EAppRate= 4.13534313905984
FoliarEnabled= true
