ICQueenStrength= 5.66192458523437
RQWkrDrnRatio= 4.45440100412816
ICDroneMiteSurvivorship= 43.3735935250297
ICWorkerMiteSurvivorship= 58.2504124380648
ICForagerLifespan= 6.42699878849089
ImmType= Logarithmic
AIAdultSlope= 0.900897449743934
AIAdultLD50= 0.108612229162827
AIAdultSlopeContact= 0.436791581735015
AIAdultLD50Contact= 0.0383829554193653
AILarvaSlope= 0.575284432712942
AILarvaLD50= 0.34662163106259
AIKOW= 2.81458637397736
AIKOC= 16.9303590385243
AIHalfLife= 1.98520501842722
EAppRate= 9.19279024004936
FoliarEnabled= true
