ICQueenStrength= 4.27169717405923
RQWkrDrnRatio= 4.84007438551635
ICDroneMiteSurvivorship= 35.3352463571355
ICWorkerMiteSurvivorship= 40.7346851192415
ICForagerLifespan= 7.29754555411637
ImmType= Polynomial
AIAdultSlope= 1.67364323926158
AIAdultLD50= 0.0146601603832096
AIAdultSlopeContact= 0.0754791106958874
AIAdultLD50Contact= 0.0469648945145309
AILarvaSlope= 1.86139231254347
AILarvaLD50= 0.381241045729257
AIKOW= 3.32106684520841
AIKOC= 25.9836716472637
AIHalfLife= 2.35938645862043
EAppRate= 7.71821429021657
FoliarEnabled= true
