ICQueenStrength= 2.13914981391281
RQWkrDrnRatio= 4.17720726132393
ICDroneMiteSurvivorship= 5.11453663930297
ICWorkerMiteSurvivorship= 96.5936150867492
ICForagerLifespan= 14.4580646371469
ImmType= Tangent
RQQueenStrength= 2.89487399812788
RQEnableReQueen=true
AIAdultSlope= 6.12143080495298
AIAdultLD50= 0.292337128966814
AIAdultSlopeContact= 2.74538299045525
AIAdultLD50Contact= 41.6115603152353
AILarvaSlope= 3.28289101459086
AILarvaLD50= 37.0204245390415
AIKOW= 31364.014437174
AIKOC= 46096.4048898157
AIHalfLife= 20.631504183216
EAppRate= 0.162543926334241
FoliarEnabled=true
FoliarAppDate= 07/01/1989
FoliarForageBegin= 07/01/1989
FoliarForageEnd= 07/14/1989
AIContactFactor= 1.57117829683237
CL4Pollen= 2.13692310918123
CL4Nectar= 36.2447123974562
CL5Pollen= 1.74563202308491
CL5Nectar= 131.884403340518
CLDPollen= 1.66410656785592
CLDNectar= 127.388364099897
CA13Pollen= 6.54947681473568
CA13Nectar= 84.0682103484869
CA410Pollen= 4.42153100040741
CA410Nectar= 52.148524033837
CA1120Pollen= 0.245887032011524
CA1120Nectar= 68.9209344610572
IPollenTrips= 6.53268447844312
INectarTrips= 10.6479442398995
IPollenLoad= 3.39175869943574
INectarLoad= 9.40819223178551
