ICQueenStrength= 2.760635842802
RQWkrDrnRatio= 2.48641394916922
ICDroneMiteSurvivorship= 92.3245993210003
ICWorkerMiteSurvivorship= 84.2570916516706
ICForagerLifespan= 4.97575521282852
ImmType= Polynomial
RQQueenStrength= 2.05066508520395
RQEnableReQueen= true
AIAdultSlope= 5.84086683392525
AIAdultLD50= 6.41870876449323
AIAdultSlopeContact= 2.29700086498633
AIAdultLD50Contact= 95.3803541637636
AILarvaSlope= 8.48005026392639
AILarvaLD50= 26.0364322557144
AIKOW= 92349.670567967
AIKOC= 47681.8875568663
AIHalfLife= 33.8879853462568
EAppRate= 1.37167988482211
FoliarEnabled= true
FoliarAppDate= 06/07/1989
FoliarForageBegin= 06/05/1989
FoliarForageEnd= 06/28/1989
AIContactFactor= 0.26417656342499
CL4Pollen= 3.47433915548027
CL4Nectar= 67.1772008063272
CL5Pollen= 5.97532973997295
CL5Nectar= 11.5191834163852
CLDPollen= 0.407346260268241
CLDNectar= 97.8863418800756
CA13Pollen= 2.28289983030409
CA13Nectar= 63.243461381644
CA410Pollen= 2.4098250761861
CA410Nectar= 107.777933580801
CA1120Pollen= 0.427365286974236
CA1120Nectar= 58.7540202960372
IPollenTrips= 6.04756488930434
INectarTrips= 6.6841246234253
IPollenLoad= 4.12058216985315
INectarLoad= 9.74164899904281
