ICQueenStrength= 5.09602622967213
RQWkrDrnRatio= 1.297353788279
ICDroneMiteSurvivorship= 40.4028946533799
ICWorkerMiteSurvivorship= 25.731020886451
ICForagerLifespan= 10.5002635642886
ImmType= Exponential
RQQueenStrength= 2.42893683863804
RQEnableReQueen= true
AIAdultSlope= 7.14029875956476
AIAdultLD50= 41.142817195978
AIAdultSlopeContact= 8.05427108565345
AIAdultLD50Contact= 58.170772779173
AILarvaSlope= 8.6877084672451
AILarvaLD50= 12.6036362682416
AIKOW= 6152.51381117674
AIKOC= 17189.4462364188
AIHalfLife= 2.1956887766486
EAppRate= 2.76868753034389
FoliarEnabled= true
FoliarAppDate= 06/07/1989
FoliarForageBegin= 06/05/1989
FoliarForageEnd= 06/28/1989
AIContactFactor= 0.779790460742079
CL4Pollen= 2.93656906764954
CL4Nectar= 50.4716783761978
CL5Pollen= 0.0254079820588231
CL5Nectar= 12.4900742433965
CLDPollen= 1.07070523872972
CLDNectar= 136.9906994747
CA13Pollen= 7.74161293106154
CA13Nectar= 74.0222513861954
CA410Pollen= 6.2664900543401
CA410Nectar= 123.815920837224
CA1120Pollen= 0.105831559281796
CA1120Nectar= 83.4293582849205
IPollenTrips= 7.6281745894812
INectarTrips= 13.0207208753563
IPollenLoad= 1.76183514529839
INectarLoad= 2.75847994256765
ESoilP= 1.85239973780699
ESoilFoc= 0.00535177835216746
