ICQueenStrength= 2.13590398104861
RQWkrDrnRatio= 1.28315783385187
ICDroneMiteSurvivorship= 63.1099334685132
ICWorkerMiteSurvivorship= 61.7025353712961
ICForagerLifespan= 15.1420239880681
ImmType= Cosine
RQQueenStrength= 2.57573520787992
RQEnableReQueen= true
AIAdultSlope= 3.36917561106384
AIAdultLD50= 8.68991903898609
AIAdultSlopeContact= 2.18156403931789
AIAdultLD50Contact= 50.0272089001951
AILarvaSlope= 6.69694551825523
AILarvaLD50= 72.6646243960557
AIKOW= 84556.9262822974
AIKOC= 91750.1611009766
AIHalfLife= 15.5820120514138
EAppRate= 0.996998270627577
FoliarEnabled= true
FoliarAppDate= 06/07/1989
FoliarForageBegin= 06/05/1989
FoliarForageEnd= 06/28/1989
AIContactFactor= 1.0803604972735
CL4Pollen= 0.423021366819739
CL4Nectar= 86.9702962459996
CL5Pollen= 0.0678932969458401
CL5Nectar= 69.3210100173019
CLDPollen= 5.20856297342107
CLDNectar= 39.8672605399042
CA13Pollen= 3.1259888487868
CA13Nectar= 66.7927276715636
CA410Pollen= 3.59229370246176
CA410Nectar= 182.266702712514
CA1120Pollen= 0.102707656798884
CA1120Nectar= 50.0446032546461
IPollenTrips= 6.63580267922953
INectarTrips= 12.775354126934
IPollenLoad= 2.18443960882723
INectarLoad= 5.74235438369215
ESoilP= 1.62776841339655
ESoilFoc= 0.0106375754734036
