ICQueenStrength= 3.6286193029955
RQWkrDrnRatio= 1.55492435768247
ICDroneMiteSurvivorship= 58.7825407274067
ICWorkerMiteSurvivorship= 30.706254625693
ICForagerLifespan= 13.1025603637099
ImmType= Polynomial
RQQueenStrength= 1.01099677407183
RQEnableReQueen= true
AIAdultSlope= 2.77462595701218
AIAdultLD50= 7.16166957649495
AIAdultSlopeContact= 7.16108542960137
AIAdultLD50Contact= 59.2597431964716
AILarvaSlope= 4.32142785936594
AILarvaLD50= 17.4188696704826
AIKOW= 71461.0737416373
AIKOC= 64550.6159762563
AIHalfLife= 15.9207287432859
EAppRate= 0.653838908085134
FoliarEnabled= true
FoliarAppDate= 06/07/1989
FoliarForageBegin= 06/05/1989
FoliarForageEnd= 06/28/1989
AIContactFactor= 1.16959041740745
CL4Pollen= 1.52883733995259
CL4Nectar= 61.7002297658473
CL5Pollen= 0.27057205606252
CL5Nectar= 119.851556152571
CLDPollen= 3.60192804504186
CLDNectar= 110.802490927745
CA13Pollen= 3.39660174148157
CA13Nectar= 20.0248247943819
CA410Pollen= 6.07050129785202
CA410Nectar= 100.982410861179
CA1120Pollen= 2.19623836199753
CA1120Nectar= 59.6455713175237
IPollenTrips= 13.4401020337828
INectarTrips= 13.0459198961034
IPollenLoad= 5.37221343256533
INectarLoad= 4.77759784320369
ESoilP= 1.31541441520676
ESoilFoc= 0.00759147914475761
