ICQueenStrength= 1.58157551335171
RQWkrDrnRatio= 4.666712410748
ICDroneMiteSurvivorship= 47.3040900658816
ICWorkerMiteSurvivorship= 96.7344768811017
ICForagerLifespan= 6.30143421888351
ImmType= Cosine
RQQueenStrength= 5.38746052444912
RQEnableReQueen= true
AIAdultSlope= 2.24179181456566
AIAdultLD50= 0.796349386515329
AIAdultSlopeContact= 3.08564883284271
AIAdultLD50Contact= 4.60022027378762
AILarvaSlope= 8.6228212248534
AILarvaLD50= 51.996325902343
AIKOW= 24106.0077203961
AIKOC= 92748.4022120172
AIHalfLife= 12.7669936049497
EAppRate= 4.39756632260722
FoliarEnabled= true
FoliarAppDate= 09/01/1989
FoliarForageBegin= 09/01/1989
FoliarForageEnd= 09/08/1989
AIContactFactor= 0.668515835641883
CL4Pollen= 1.32156628090888
CL4Nectar= 3.97104474250227
CL5Pollen= 3.2885855063796
CL5Nectar= 78.5151510383002
CLDPollen= 5.56130547076464
CLDNectar= 48.3705192804337
CA13Pollen= 7.16774836536497
CA13Nectar= 88.5551185719669
CA410Pollen= 5.30451482417993
CA410Nectar= 194.479143721983
CA1120Pollen= 0.138172483071685
CA1120Nectar= 82.9701698757708
IPollenTrips= 9.12022486329079
INectarTrips= 7.28250123327598
IPollenLoad= 5.40559196844697
INectarLoad= 3.53652523830533
