ICQueenStrength= 3.63962346874177
RQWkrDrnRatio= 3.79223967529833
ICDroneMiteSurvivorship= 61.1777640879154
ICWorkerMiteSurvivorship= 76.6672685276717
ICForagerLifespan= 6.25468393880874
ImmType= Logarithmic
RQQueenStrength= 4.90216646809131
RQEnableReQueen=true
AIAdultSlope= 1.44698744826019
AIAdultLD50= 0.150609506095992
AIAdultSlopeContact= 9.60838468256406
AIAdultLD50Contact= 27.4297987570937
AILarvaSlope= 3.94099293462932
AILarvaLD50= 80.0096970483568
AIKOW= 67288.343107689
AIKOC= 69183.9758193577
AIHalfLife= 10.6765537957661
EAppRate= 0.478772997118998
FoliarEnabled=true
FoliarAppDate= 07/01/1989
FoliarForageBegin= 07/01/1989
FoliarForageEnd= 07/14/1989
AIContactFactor= 0.936763135809451
CL4Pollen= 3.41820609848946
CL4Nectar= 71.4295184938237
CL5Pollen= 5.11683775763959
CL5Nectar= 35.4023775318637
CLDPollen= 2.93126010987908
CLDNectar= 71.4119868935086
CA13Pollen= 6.2744164576754
CA13Nectar= 72.4809891171753
CA410Pollen= 6.3490816407837
CA410Nectar= 110.300745158456
CA1120Pollen= 1.46088659483939
CA1120Nectar= 30.8999370969832
IPollenTrips= 14.5010224264115
INectarTrips= 5.44195159338415
IPollenLoad= 2.45041022310033
INectarLoad= 8.14549010246992
