ICQueenStrength= 1.59182063909248
RQWkrDrnRatio= 4.85724639426917
ICDroneMiteSurvivorship= 43.87839557603
ICWorkerMiteSurvivorship= 50.4085158929229
ICForagerLifespan= 4.17212883848697
ImmType= Sine
RQQueenStrength= 2.58948781783693
RQEnableReQueen= true
AIAdultSlope= 4.65473346412182
AIAdultLD50= 40.1846377355834
AIAdultSlopeContact= 9.75773839745671
AIAdultLD50Contact= 49.2448360052644
AILarvaSlope= 8.65652232058346
AILarvaLD50= 39.2746089868634
AIKOW= 47269.3535843032
AIKOC= 31856.1889658836
AIHalfLife= 19.5029838814866
EAppRate= 8.33718788199849
FoliarEnabled= true
FoliarAppDate= 06/07/1989
FoliarForageBegin= 06/05/1989
FoliarForageEnd= 06/28/1989
AIContactFactor= 2.0997140948521
CL4Pollen= 1.07125810254365
CL4Nectar= 40.9991816384718
CL5Pollen= 3.82503058807924
CL5Nectar= 43.2596412836574
CLDPollen= 3.17836497863755
CLDNectar= 119.344162428752
CA13Pollen= 2.95157390208915
CA13Nectar= 61.772103048861
CA410Pollen= 9.07632968237158
CA410Nectar= 182.870759400539
CA1120Pollen= 1.29427171871066
CA1120Nectar= 23.6092614009976
IPollenTrips= 12.408878270071
INectarTrips= 12.9814975406043
IPollenLoad= 2.96735661104321
INectarLoad= 0.132255114149302
