ICQueenStrength= 2.97332861716859
RQWkrDrnRatio= 3.36766286194324
ICDroneMiteSurvivorship= 63.0231023300439
ICWorkerMiteSurvivorship= 5.0016360823065
ICForagerLifespan= 8.03879053890705
ImmType= Cosine
RQQueenStrength= 4.46293406328186
RQEnableReQueen= true
AIAdultSlope= 4.46853566914797
AIAdultLD50= 12.2588746227149
AIAdultSlopeContact= 6.57148531172425
AIAdultLD50Contact= 73.2837014290879
AILarvaSlope= 5.89928112365305
AILarvaLD50= 73.2813768711875
AIKOW= 42606.0761675483
AIKOC= 85569.9288596013
AIHalfLife= 3.62977206981741
EAppRate= 8.59341305096471
FoliarEnabled= true
FoliarAppDate= 06/07/1989
FoliarForageBegin= 06/05/1989
FoliarForageEnd= 06/28/1989
AIContactFactor= 0.710855795955285
CL4Pollen= 0.123753030784428
CL4Nectar= 13.0046192090958
CL5Pollen= 0.338638384826481
CL5Nectar= 63.4289247449487
CLDPollen= 1.79085439816117
CLDNectar= 17.0494790305384
CA13Pollen= 7.41024082647636
CA13Nectar= 59.5379225350916
CA410Pollen= 8.53809252013452
CA410Nectar= 102.29539542459
CA1120Pollen= 2.47001515002921
CA1120Nectar= 89.2320765554905
IPollenTrips= 10.8628542791121
INectarTrips= 14.0611117240041
IPollenLoad= 5.34516809741035
INectarLoad= 7.34766322653741
