ICQueenStrength= 1.49185427254997
RQWkrDrnRatio= 2.0753930285573
ICDroneMiteSurvivorship= 31.0348748462275
ICWorkerMiteSurvivorship= 53.390531311743
ICForagerLifespan= 6.23184455465525
ImmType= Tangent
RQQueenStrength= 5.28102262085304
RQEnableReQueen= true
AIAdultSlope= 7.15070712380111
AIAdultLD50= 4.89838647750323
AIAdultSlopeContact= 8.89645152399316
AIAdultLD50Contact= 6.34588935730234
AILarvaSlope= 2.87261476181448
AILarvaLD50= 20.5165142714642
AIKOW= 37184.218428837
AIKOC= 21378.2990607691
AIHalfLife= 23.6087103320751
EAppRate= 8.55698353211326
FoliarEnabled= true
FoliarAppDate= 06/07/1989
FoliarForageBegin= 06/05/1989
FoliarForageEnd= 06/28/1989
AIContactFactor= 2.16072259967215
CL4Pollen= 3.93259678129107
CL4Nectar= 22.2764257341623
CL5Pollen= 3.01484120450914
CL5Nectar= 22.0274928607978
CLDPollen= 0.306478781159967
CLDNectar= 119.078708288725
CA13Pollen= 7.33127739634365
CA13Nectar= 33.1951755844057
CA410Pollen= 7.51453057753388
CA410Nectar= 30.9094461239874
CA1120Pollen= 1.412915982306
CA1120Nectar= 54.1046405024827
IPollenTrips= 14.7007738868706
INectarTrips= 14.6793467691168
IPollenLoad= 0.466604838147759
INectarLoad= 1.70336321461946
ESoilP= 1.42855718592182
ESoilFoc= 0.0145710378105286
