ICQueenStrength= 3.77226262493059
RQWkrDrnRatio= 2.72423010785133
ICDroneMiteSurvivorship= 80.3124764934182
ICWorkerMiteSurvivorship= 92.0899225631729
ICForagerLifespan= 9.2035401975736
ImmType= Tangent
RQQueenStrength= 5.92767197894864
RQEnableReQueen= true
AIAdultSlope= 7.89339432492852
AIAdultLD50= 58.03537128612
AIAdultSlopeContact= 2.85116159217432
AIAdultLD50Contact= 39.1843726712803
AILarvaSlope= 5.80641539767385
AILarvaLD50= 72.6540717087737
AIKOW= 29452.3834483637
AIKOC= 17183.6606157622
AIHalfLife= 23.6275177318137
EAppRate= 2.30613847701903
FoliarEnabled= true
FoliarAppDate= 06/07/1989
FoliarForageBegin= 06/05/1989
FoliarForageEnd= 06/28/1989
AIContactFactor= 0.930458688661456
CL4Pollen= 1.19043746311218
CL4Nectar= 7.1792240254581
CL5Pollen= 0.497501516249031
CL5Nectar= 46.3769362773746
CLDPollen= 2.23986187996343
CLDNectar= 120.224538899492
CA13Pollen= 8.03594802208245
CA13Nectar= 31.9743166491389
CA410Pollen= 7.00528016497847
CA410Nectar= 29.38357681036
CA1120Pollen= 1.70773006696254
CA1120Nectar= 96.8204789608717
IPollenTrips= 13.7919160653837
INectarTrips= 7.11396508151665
IPollenLoad= 0.812274280469865
INectarLoad= 7.81286515993997
ESoilP= 1.72630985127762
ESoilFoc= 0.0175054378979839
