ICQueenStrength= 2.4768896671012
RQWkrDrnRatio= 3.832280180417
ICDroneMiteSurvivorship= 70.7658420782536
ICWorkerMiteSurvivorship= 79.0438443887979
ICForagerLifespan= 5.6033883811906
ImmType= Cosine
RQQueenStrength= 4.83546898839995
RQEnableReQueen= true
AIAdultSlope= 6.33096366003156
AIAdultLD50= 11.4518187366095
AIAdultSlopeContact= 1.6808370416984
AIAdultLD50Contact= 63.3161303764114
AILarvaSlope= 1.24220227822661
AILarvaLD50= 68.9615486200589
AIKOW= 7318.37838107193
AIKOC= 75152.3244916948
AIHalfLife= 25.4207192989765
EAppRate= 0.594800982207526
FoliarEnabled= true
FoliarAppDate= 06/07/1989
FoliarForageBegin= 06/05/1989
FoliarForageEnd= 06/28/1989
AIContactFactor= 1.67038807707839
CL4Pollen= 0.518808810040355
CL4Nectar= 89.0822404064238
CL5Pollen= 0.0853828811086714
CL5Nectar= 53.7518345634453
CLDPollen= 1.16156484698877
CLDNectar= 139.480168931186
CA13Pollen= 5.19867540504783
CA13Nectar= 30.3598572127521
CA410Pollen= 6.92947731409222
CA410Nectar= 168.781711859629
CA1120Pollen= 0.937201463850215
CA1120Nectar= 65.7611872814596
IPollenTrips= 14.1283594816923
INectarTrips= 5.59601788874716
IPollenLoad= 8.73332693707198
INectarLoad= 9.98783849412575
ESoilP= 1.44219843298197
ESoilFoc= 0.00973205456347205
