ICQueenStrength= 1.26484295842238
RQWkrDrnRatio= 3.50715096108615
ICDroneMiteSurvivorship= 17.532884539105
ICWorkerMiteSurvivorship= 42.9892516694963
ICForagerLifespan= 12.6763479299843
ImmType= Tangent
RQQueenStrength= 2.13032595487311
RQEnableReQueen= true
AIAdultSlope= 2.70082965679467
AIAdultLD50= 6.24545884019439
AIAdultSlopeContact= 9.15257221995853
AIAdultLD50Contact= 4.86557619489031
AILarvaSlope= 1.34311675652862
AILarvaLD50= 50.598181600953
AIKOW= 52718.9544651323
AIKOC= 54981.4584085192
AIHalfLife= 1.32171562302392
EAppRate= 0.36339350158954
FoliarEnabled= true
FoliarAppDate= 06/07/1989
FoliarForageBegin= 06/05/1989
FoliarForageEnd= 06/28/1989
AIContactFactor= 2.12906701426022
CL4Pollen= 3.05991956871003
CL4Nectar= 4.33519305661321
CL5Pollen= 0.529803381767124
CL5Nectar= 141.969426360447
CLDPollen= 0.899953013285995
CLDNectar= 69.7287123533897
CA13Pollen= 2.29499785862863
CA13Nectar= 55.1890111714602
CA410Pollen= 2.8668879726436
CA410Nectar= 79.7393356217071
CA1120Pollen= 2.77512434287928
CA1120Nectar= 42.0731476508081
IPollenTrips= 8.1373729929328
INectarTrips= 10.1677311770618
IPollenLoad= 8.57973171398044
INectarLoad= 0.9333422081545
