ICQueenStrength= 3.61115141026676
RQWkrDrnRatio= 4.08712979126722
ICDroneMiteSurvivorship= 51.8011951819062
ICWorkerMiteSurvivorship= 46.3025916833431
ICForagerLifespan= 13.6293012201786
ImmType= Exponential
RQQueenStrength= 3.22233796585351
RQEnableReQueen=true
AIAdultSlope= 7.70063062012196
AIAdultLD50= 0.378471325256163
AIAdultSlopeContact= 6.93056025588885
AIAdultLD50Contact= 57.0964260056845
AILarvaSlope= 6.04309776239097
AILarvaLD50= 62.292358523017
AIKOW= 71418.8843442818
AIKOC= 28448.7733925958
AIHalfLife= 33.4498571529053
EAppRate= 4.82242919088504
FoliarEnabled=true
FoliarAppDate= 07/01/1989
FoliarForageBegin= 07/01/1989
FoliarForageEnd= 07/14/1989
AIContactFactor= 0.305037169586867
CL4Pollen= 1.73851886112243
CL4Nectar= 54.5384072465822
CL5Pollen= 4.96141956327483
CL5Nectar= 44.3890313850716
CLDPollen= 0.476191470399499
CLDNectar= 63.8534996425733
CA13Pollen= 5.86796429501846
CA13Nectar= 37.706984039396
CA410Pollen= 5.11408578152768
CA410Nectar= 23.4768749168143
CA1120Pollen= 1.32301104976796
CA1120Nectar= 93.6751642078161
IPollenTrips= 8.94492866238579
INectarTrips= 14.5778407389298
IPollenLoad= 6.01598775014281
INectarLoad= 4.20637471135706
