ICQueenStrength= 3.9651040979661
RQWkrDrnRatio= 1.59305294882506
ICDroneMiteSurvivorship= 0.0384389888495207
ICWorkerMiteSurvivorship= 5.08162688929588
ICForagerLifespan= 11.5094522889704
ImmType= Sine
RQQueenStrength= 3.73030450916849
RQEnableReQueen= true
AIAdultSlope= 5.58573731221259
AIAdultLD50= 4.9761736027617
AIAdultSlopeContact= 6.98238884261809
AIAdultLD50Contact= 71.7655705454848
AILarvaSlope= 3.80597386322916
AILarvaLD50= 54.7962246012839
AIKOW= 66254.2326594
AIKOC= 91268.030609698
AIHalfLife= 10.98477932401
EAppRate= 7.42503672347195
FoliarEnabled= true
FoliarAppDate= 06/07/1989
FoliarForageBegin= 06/05/1989
FoliarForageEnd= 06/28/1989
AIContactFactor= 0.946006987267174
CL4Pollen= 3.04396720044315
CL4Nectar= 78.4286310197785
CL5Pollen= 2.67254109727219
CL5Nectar= 7.35599210020155
CLDPollen= 4.87781249312684
CLDNectar= 125.833249173593
CA13Pollen= 3.38622901057825
CA13Nectar= 78.663333337754
CA410Pollen= 4.28868580411654
CA410Nectar= 154.110431717709
CA1120Pollen= 0.108085782034323
CA1120Nectar= 92.7132255770266
IPollenTrips= 6.27676223870367
INectarTrips= 13.9123037597165
IPollenLoad= 5.79880723496899
INectarLoad= 5.38180638803169
ESoilP= 1.43956651818007
ESoilFoc= 0.0148210709111299
