ICQueenStrength= 1.95667093642987
RQWkrDrnRatio= 3.78476419392973
ICDroneMiteSurvivorship= 50.0482878414914
ICWorkerMiteSurvivorship= 4.51412075199187
ICForagerLifespan= 14.0934277120978
ImmType= Logarithmic
RQQueenStrength= 5.57746306434274
RQEnableReQueen= true
AIAdultSlope= 3.65804447606206
AIAdultLD50= 13.8856007769401
AIAdultSlopeContact= 6.45201987307519
AIAdultLD50Contact= 39.4719773402379
AILarvaSlope= 1.37071450799704
AILarvaLD50= 38.1990570707319
AIKOW= 33627.4630638748
AIKOC= 9061.40942168026
AIHalfLife= 2.55183187408838
EAppRate= 1.16223671940225
FoliarEnabled= true
FoliarAppDate= 06/07/1989
FoliarForageBegin= 06/05/1989
FoliarForageEnd= 06/28/1989
AIContactFactor= 1.39417509814259
CL4Pollen= 0.796193454414606
CL4Nectar= 98.8649916136637
CL5Pollen= 1.04580838372931
CL5Nectar= 58.2181260106154
CLDPollen= 3.76052168011665
CLDNectar= 9.16413055965677
CA13Pollen= 7.97289621997625
CA13Nectar= 46.978362724185
CA410Pollen= 3.59317426932976
CA410Nectar= 151.229304298759
CA1120Pollen= 0.851726556429639
CA1120Nectar= 52.2905698791146
IPollenTrips= 14.4121486623771
INectarTrips= 8.34458037745208
IPollenLoad= 8.74956622952595
INectarLoad= 1.52796601876616
