ICQueenStrength= 1.33738979138434
RQWkrDrnRatio= 1.88918275479227
ICDroneMiteSurvivorship= 23.7738486612216
ICWorkerMiteSurvivorship= 66.7554675135761
ICForagerLifespan= 14.5446069939062
ImmType= Tangent
RQQueenStrength= 1.74470816645771
RQEnableReQueen=true
AIAdultSlope= 1.30155939422548
AIAdultLD50= 0.234669785388047
AIAdultSlopeContact= 8.86088948720135
AIAdultLD50Contact= 50.3809818629904
AILarvaSlope= 4.25772638432682
AILarvaLD50= 74.9451464760411
AIKOW= 95095.8844056124
AIKOC= 14348.3029327274
AIHalfLife= 12.3079866181128
EAppRate= 0.714972461059457
FoliarEnabled=true
FoliarAppDate= 07/01/1989
FoliarForageBegin= 07/01/1989
FoliarForageEnd= 07/14/1989
AIContactFactor= 0.84440198618453
CL4Pollen= 0.811907364055514
CL4Nectar= 46.1757620563731
CL5Pollen= 5.16133691556752
CL5Nectar= 27.2364186239429
CLDPollen= 1.23817357700318
CLDNectar= 103.616107755806
CA13Pollen= 5.1751481837593
CA13Nectar= 75.5454582348466
CA410Pollen= 3.95090374234132
CA410Nectar= 37.5683994358405
CA1120Pollen= 2.87941165314987
CA1120Nectar= 88.7815272994339
IPollenTrips= 9.3501537409611
INectarTrips= 10.9674147423357
IPollenLoad= 8.86836242629215
INectarLoad= 5.5327300587669
