ICQueenStrength= 4.43367095454596
RQWkrDrnRatio= 1.80634639970958
ICDroneMiteSurvivorship= 48.6365861259401
ICWorkerMiteSurvivorship= 17.0908736530691
ICForagerLifespan= 7.41235751938075
ImmType= Cosine
RQQueenStrength= 1.83754140185192
RQEnableReQueen= true
AIAdultSlope= 1.3894864693284
AIAdultLD50= 0.657113991526654
AIAdultSlopeContact= 4.46317584440112
AIAdultLD50Contact= 55.2199804239043
AILarvaSlope= 1.24612528644502
AILarvaLD50= 12.916359829546
AIKOW= 72867.8074323547
AIKOC= 56121.1111496137
AIHalfLife= 24.068042488629
EAppRate= 9.70123989258939
FoliarEnabled= true
FoliarAppDate= 09/01/1989
FoliarForageBegin= 09/01/1989
FoliarForageEnd= 09/08/1989
AIContactFactor= 0.753225906332955
CL4Pollen= 1.23082572687417
CL4Nectar= 70.3133353730664
CL5Pollen= 1.22079085372388
CL5Nectar= 95.8397185779177
CLDPollen= 2.4421883225441
CLDNectar= 39.0916563570499
CA13Pollen= 4.59962528366595
CA13Nectar= 78.6826148815453
CA410Pollen= 8.07694214663934
CA410Nectar= 190.545757543296
CA1120Pollen= 2.78100403770804
CA1120Nectar= 81.7223985679448
IPollenTrips= 12.4733386933804
INectarTrips= 6.59220113186166
IPollenLoad= 5.46265236800537
INectarLoad= 2.01110191177577
