ICQueenStrength= 3.74896180070937
RQWkrDrnRatio= 1.52675140555948
ICDroneMiteSurvivorship= 2.14975061826408
ICWorkerMiteSurvivorship= 10.3479414246976
ICForagerLifespan= 11.2698007021099
ImmType= Cosine
RQQueenStrength= 2.38201172556728
RQEnableReQueen=true
AIAdultSlope= 7.11530982889235
AIAdultLD50= 0.352099913679296
AIAdultSlopeContact= 8.4312068617437
AIAdultLD50Contact= 43.2862992070755
AILarvaSlope= 4.65129157528281
AILarvaLD50= 16.7351148406391
AIKOW= 57334.721489949
AIKOC= 27199.8445443194
AIHalfLife= 23.4819535988616
EAppRate= 8.5801926822369
FoliarEnabled=true
FoliarAppDate= 07/01/1989
FoliarForageBegin= 07/01/1989
FoliarForageEnd= 07/14/1989
AIContactFactor= 0.933319678190164
CL4Pollen= 3.07213398534805
CL4Nectar= 50.802946742624
CL5Pollen= 2.10514132166281
CL5Nectar= 20.810929290019
CLDPollen= 3.32862822990865
CLDNectar= 124.182153667789
CA13Pollen= 3.91498864423484
CA13Nectar= 47.0149269327521
CA410Pollen= 6.63233810018282
CA410Nectar= 144.251298326999
CA1120Pollen= 2.96283671166748
CA1120Nectar= 83.4992785565555
IPollenTrips= 11.5877428976819
INectarTrips= 6.05573379434645
IPollenLoad= 1.10504677752033
INectarLoad= 7.2293762024492
