ICQueenStrength= 3.5078197279945
RQWkrDrnRatio= 4.68591237161309
ICDroneMiteSurvivorship= 55.6607946520671
ICWorkerMiteSurvivorship= 78.0386303085834
ICForagerLifespan= 10.5571155268699
ImmType= Logarithmic
RQQueenStrength= 2.97560064122081
RQEnableReQueen=true
AIAdultSlope= 3.46016087941825
AIAdultLD50= 0.550399440725101
AIAdultSlopeContact= 9.52795564453118
AIAdultLD50Contact= 29.1288919330931
AILarvaSlope= 8.22449256107211
AILarvaLD50= 5.21825849672523
AIKOW= 85580.8190286606
AIKOC= 58922.7646522846
AIHalfLife= 4.11798428159673
EAppRate= 2.18515011671605
FoliarEnabled=true
FoliarAppDate= 07/01/1989
FoliarForageBegin= 07/01/1989
FoliarForageEnd= 07/14/1989
AIContactFactor= 1.63288858449552
CL4Pollen= 0.780873789452016
CL4Nectar= 75.8959428174421
CL5Pollen= 2.42757856752723
CL5Nectar= 48.7928233109415
CLDPollen= 1.75178964436054
CLDNectar= 1.35617237538099
CA13Pollen= 6.1642351293005
CA13Nectar= 77.5031817518175
CA410Pollen= 4.66499127901625
CA410Nectar= 123.522995323874
CA1120Pollen= 1.94620752241462
CA1120Nectar= 44.7161606140435
IPollenTrips= 8.36625021183863
INectarTrips= 13.3880806830712
IPollenLoad= 0.208409293554723
INectarLoad= 0.115781316999346
