ICQueenStrength= 4.57496539130807
RQWkrDrnRatio= 3.02337514609098
ICDroneMiteSurvivorship= 18.5213210526854
ICWorkerMiteSurvivorship= 34.5719226170331
ICForagerLifespan= 14.8505968265235
ImmType= Cosine
RQQueenStrength= 4.65733090788126
RQEnableReQueen= true
AIAdultSlope= 5.51059329323471
AIAdultLD50= 45.4102383777162
AIAdultSlopeContact= 4.01118552335538
AIAdultLD50Contact= 88.0135061734212
AILarvaSlope= 6.7785883769393
AILarvaLD50= 45.7187206685797
AIKOW= 66862.9797017768
AIKOC= 79361.6428551157
AIHalfLife= 4.78141429733951
EAppRate= 8.93167378811701
FoliarEnabled= true
FoliarAppDate= 06/07/1989
FoliarForageBegin= 06/05/1989
FoliarForageEnd= 06/28/1989
AIContactFactor= 1.63572565965354
CL4Pollen= 0.691203573718667
CL4Nectar= 27.9877430992201
CL5Pollen= 5.43326841574162
CL5Nectar= 22.7353332331404
CLDPollen= 1.49775898223743
CLDNectar= 88.1387719418854
CA13Pollen= 3.99355266829953
CA13Nectar= 43.6801382340491
CA410Pollen= 2.87646133692469
CA410Nectar= 154.888356234878
CA1120Pollen= 1.28033641842194
CA1120Nectar= 42.7331202849746
IPollenTrips= 12.1511759376153
INectarTrips= 9.13518002256751
IPollenLoad= 5.8102078945376
INectarLoad= 5.03448933362961
ESoilP= 1.04548239801079
ESoilFoc= 0.00558437508856878
