ICQueenStrength= 4.19686113158241
RQWkrDrnRatio= 1.84622818510979
ICDroneMiteSurvivorship= 89.6634243894368
ICWorkerMiteSurvivorship= 83.7742482312024
ICForagerLifespan= 9.69711445271969
ImmType= Logarithmic
RQQueenStrength= 4.95116915460676
RQEnableReQueen= true
AIAdultSlope= 8.50599315576255
AIAdultLD50= 26.9113469554896
AIAdultSlopeContact= 5.97985461284406
AIAdultLD50Contact= 53.6665582857255
AILarvaSlope= 3.74703118950129
AILarvaLD50= 41.6172821642163
AIKOW= 8800.18951604708
AIKOC= 8485.21577877901
AIHalfLife= 0.909269336680882
EAppRate= 7.17693925290834
FoliarEnabled= true
FoliarAppDate= 06/07/1989
FoliarForageBegin= 06/05/1989
FoliarForageEnd= 06/28/1989
AIContactFactor= 0.810007325406186
CL4Pollen= 3.84986816626042
CL4Nectar= 54.5181228313595
CL5Pollen= 3.55950667290017
CL5Nectar= 14.2114963615313
CLDPollen= 3.67374413693324
CLDNectar= 110.047082661185
CA13Pollen= 5.40077814022079
CA13Nectar= 90.5237252265215
CA410Pollen= 4.67762205274776
CA410Nectar= 47.191452793777
CA1120Pollen= 0.501703937072307
CA1120Nectar= 62.6616614125669
IPollenTrips= 8.96773254033178
INectarTrips= 11.4991796133108
IPollenLoad= 8.28744762111455
INectarLoad= 4.63237850693986
