ICQueenStrength= 4.57481461483985
RQWkrDrnRatio= 2.02370257582515
ICDroneMiteSurvivorship= 61.8942341534421
ICWorkerMiteSurvivorship= 6.82010452728719
ICForagerLifespan= 14.7035508416593
ImmType= Cosine
AIAdultSlope= 3.22632167179836
AIAdultLD50= 0.104959386028349
AIAdultSlopeContact= 1.67363584128907
AIAdultLD50Contact= 0.0402965603163466
AILarvaSlope= 0.163571612769738
AILarvaLD50= 0.74077752137091
AIKOW= 2.44628052040935
AIKOC= 25.6018078548368
AIHalfLife= 0.961327633284964
EAppRate= 3.94071666523814
FoliarEnabled= true
