ICQueenStrength= 5.76004670024849
RQWkrDrnRatio= 3.06355349626392
ICDroneMiteSurvivorship= 61.8491224711761
ICWorkerMiteSurvivorship= 31.991633400321
ICForagerLifespan= 5.26242503803223
ImmType= Tangent
RQQueenStrength= 5.38572737504728
RQEnableReQueen= true
AIAdultSlope= 1.48015383630991
AIAdultLD50= 39.6494363348216
AIAdultSlopeContact= 8.93022458814085
AIAdultLD50Contact= 98.7605363677931
AILarvaSlope= 7.995151842013
AILarvaLD50= 43.7669434620859
AIKOW= 18579.035454905
AIKOC= 60183.2349631325
AIHalfLife= 16.9269734409172
EAppRate= 3.7133728307311
FoliarEnabled= true
FoliarAppDate= 06/07/1989
FoliarForageBegin= 06/05/1989
FoliarForageEnd= 06/28/1989
AIContactFactor= 2.27163261133712
CL4Pollen= 0.949747987091541
CL4Nectar= 67.5763064995408
CL5Pollen= 0.767797265667468
CL5Nectar= 131.778355187271
CLDPollen= 5.69769864622504
CLDNectar= 39.1150614595972
CA13Pollen= 8.14871364207938
CA13Nectar= 63.964569196105
CA410Pollen= 9.37345283275936
CA410Nectar= 93.0595345702022
CA1120Pollen= 2.12414230545983
CA1120Nectar= 58.6594983190298
IPollenTrips= 12.4736218387261
INectarTrips= 14.1874303831719
IPollenLoad= 9.85227034194395
INectarLoad= 3.4454495087266
