ICQueenStrength= 4.04713328485377
RQWkrDrnRatio= 1.03452884871513
ICDroneMiteSurvivorship= 52.5457532145083
ICWorkerMiteSurvivorship= 53.0850579962134
ICForagerLifespan= 15.8740846449509
ImmType= Exponential
RQQueenStrength= 2.20443853433244
RQEnableReQueen= true
AIAdultSlope= 7.07899446226656
AIAdultLD50= 22.9241505767289
AIAdultSlopeContact= 1.46330404421315
AIAdultLD50Contact= 28.1907160105428
AILarvaSlope= 5.21517296880484
AILarvaLD50= 37.3685240112969
AIKOW= 6272.65855567312
AIKOC= 79116.4501687989
AIHalfLife= 29.505750038242
EAppRate= 2.9071309903427
FoliarEnabled= true
FoliarAppDate= 06/07/1989
FoliarForageBegin= 06/05/1989
FoliarForageEnd= 06/28/1989
AIContactFactor= 0.834781337399036
CL4Pollen= 2.46719523519278
CL4Nectar= 33.1553832627833
CL5Pollen= 2.7124277818948
CL5Nectar= 80.5880421772599
CLDPollen= 3.43437134334818
CLDNectar= 97.3753152298741
CA13Pollen= 8.10749656083062
CA13Nectar= 27.710087094456
CA410Pollen= 8.43159463687334
CA410Nectar= 183.936553508975
CA1120Pollen= 1.46476468630135
CA1120Nectar= 71.3614832796156
IPollenTrips= 10.4255435871892
INectarTrips= 14.3781945155933
IPollenLoad= 0.0426040147431195
INectarLoad= 2.15939507819712
