ICQueenStrength= 1.24239954538643
RQWkrDrnRatio= 3.57045676466078
ICDroneMiteSurvivorship= 99.2845010943711
ICWorkerMiteSurvivorship= 75.3392396960407
ICForagerLifespan= 10.5532380137593
ImmType= Tangent
RQQueenStrength= 2.88741298625246
RQEnableReQueen= true
AIAdultSlope= 5.34762772731483
AIAdultLD50= 84.6997707258945
AIAdultSlopeContact= 5.07700027851388
AIAdultLD50Contact= 73.766101908081
AILarvaSlope= 2.37748058512807
AILarvaLD50= 17.9653296008471
AIKOW= 89750.0282158912
AIKOC= 39075.7303460557
AIHalfLife= 19.4440174975898
EAppRate= 2.53766230311547
FoliarEnabled= true
FoliarAppDate= 06/07/1989
FoliarForageBegin= 06/05/1989
FoliarForageEnd= 06/28/1989
AIContactFactor= 0.611007475703955
CL4Pollen= 3.77009446825832
CL4Nectar= 60.6147689511999
CL5Pollen= 3.77807501284406
CL5Nectar= 142.39154731622
CLDPollen= 4.3590737907216
CLDNectar= 41.7677596444264
CA13Pollen= 7.75575173767283
CA13Nectar= 73.4270571172237
CA410Pollen= 5.61997705863323
CA410Nectar= 26.5064173005521
CA1120Pollen= 2.6085095226299
CA1120Nectar= 50.8867229521275
IPollenTrips= 13.9915814483538
INectarTrips= 11.0285926004872
IPollenLoad= 3.77987995976582
INectarLoad= 4.01860110228881
