ICQueenStrength= 4.50747768767178
RQWkrDrnRatio= 1.52931572403759
ICDroneMiteSurvivorship= 66.5627125184983
ICWorkerMiteSurvivorship= 50.9759612148628
ICForagerLifespan= 6.10547860246152
ImmType= Sine
RQQueenStrength= 3.35960247809999
RQEnableReQueen= true
AIAdultSlope= 1.1176067776978
AIAdultLD50= 24.4738317925164
AIAdultSlopeContact= 1.98177915182896
AIAdultLD50Contact= 65.4411242127549
AILarvaSlope= 8.71857129968703
AILarvaLD50= 34.3287085389479
AIKOW= 78343.9885129191
AIKOC= 99282.2671604108
AIHalfLife= 7.22488492908887
EAppRate= 0.855039123818511
FoliarEnabled= true
FoliarAppDate= 06/07/1989
FoliarForageBegin= 06/05/1989
FoliarForageEnd= 06/28/1989
AIContactFactor= 0.667599086044356
CL4Pollen= 0.0652193063870072
CL4Nectar= 38.8537887018174
CL5Pollen= 4.18625345639884
CL5Nectar= 112.113440979738
CLDPollen= 5.87825422827154
CLDNectar= 65.3287291293964
CA13Pollen= 6.14688660278916
CA13Nectar= 75.0079292058945
CA410Pollen= 6.71671217663679
CA410Nectar= 55.0790863670409
CA1120Pollen= 2.92555422708392
CA1120Nectar= 53.0169983766973
IPollenTrips= 7.53601254429668
INectarTrips= 13.0613872501999
IPollenLoad= 7.74217221420258
INectarLoad= 4.46087518474087
