ICQueenStrength= 2.66535461321473
RQWkrDrnRatio= 2.77781136147678
ICDroneMiteSurvivorship= 49.9740614555776
ICWorkerMiteSurvivorship= 90.0005396688357
ICForagerLifespan= 5.57220842503011
ImmType= Tangent
RQQueenStrength= 2.59635812276974
RQEnableReQueen= true
AIAdultSlope= 6.07021438889205
AIAdultLD50= 45.0274611534961
AIAdultSlopeContact= 3.78481659805402
AIAdultLD50Contact= 87.3623312658553
AILarvaSlope= 1.87263423204422
AILarvaLD50= 77.0614876438528
AIKOW= 36140.6461865144
AIKOC= 6946.82175375987
AIHalfLife= 28.0245097172679
EAppRate= 1.24383467726456
FoliarEnabled= true
FoliarAppDate= 06/07/1989
FoliarForageBegin= 06/05/1989
FoliarForageEnd= 06/28/1989
AIContactFactor= 0.322609872287139
CL4Pollen= 3.57548574917018
CL4Nectar= 93.9598800847307
CL5Pollen= 1.8416937883012
CL5Nectar= 80.068276275415
CLDPollen= 2.09176962124184
CLDNectar= 118.392277043313
CA13Pollen= 3.61175934672356
CA13Nectar= 58.6096288636327
CA410Pollen= 8.85270600712392
CA410Nectar= 196.944246650673
CA1120Pollen= 0.504735519178212
CA1120Nectar= 97.7744786255062
IPollenTrips= 12.4521936103702
INectarTrips= 14.8572848830372
IPollenLoad= 9.01800330495462
INectarLoad= 0.149714064318687
