ICQueenStrength= 3.07287703524344
RQWkrDrnRatio= 2.65171497594565
ICDroneMiteSurvivorship= 70.2960278373212
ICWorkerMiteSurvivorship= 56.53594750911
ICForagerLifespan= 4.41632283572108
ImmType= Sine
RQQueenStrength= 4.59947717399336
RQEnableReQueen= true
AIAdultSlope= 4.59786789864302
AIAdultLD50= 49.3381381808212
AIAdultSlopeContact= 5.42977201053873
AIAdultLD50Contact= 12.6854666667415
AILarvaSlope= 7.06689517386258
AILarvaLD50= 52.8513748753536
AIKOW= 51380.3878524263
AIKOC= 15254.935181983
AIHalfLife= 15.1528605883243
EAppRate= 8.55954360291013
FoliarEnabled= true
FoliarAppDate= 06/07/1989
FoliarForageBegin= 06/05/1989
FoliarForageEnd= 06/28/1989
AIContactFactor= 2.20376142901834
CL4Pollen= 2.57676681969315
CL4Nectar= 74.7821776429191
CL5Pollen= 1.69512526877224
CL5Nectar= 69.5059637655504
CLDPollen= 2.4983209753409
CLDNectar= 10.0349801941775
CA13Pollen= 3.28709094021469
CA13Nectar= 24.0842480584979
CA410Pollen= 5.91073073630687
CA410Nectar= 173.045007400215
CA1120Pollen= 2.32765826303512
CA1120Nectar= 40.4143579863012
IPollenTrips= 6.04295337805524
INectarTrips= 8.70314984582365
IPollenLoad= 6.80224446114153
INectarLoad= 7.63645087601617
ESoilP= 1.59194061718881
ESoilFoc= 0.00834265419980511
