ICQueenStrength= 4.95280852913857
RQWkrDrnRatio= 1.2671764800325
ICDroneMiteSurvivorship= 25.4522910574451
ICWorkerMiteSurvivorship= 66.8168576201424
ICForagerLifespan= 6.20526160299778
ImmType= Cosine
RQQueenStrength= 3.20429798588157
RQEnableReQueen= true
AIAdultSlope= 3.61690872721374
AIAdultLD50= 79.0149514120973
AIAdultSlopeContact= 7.82164289662614
AIAdultLD50Contact= 11.2462389476437
AILarvaSlope= 1.25725856423378
AILarvaLD50= 65.403437620471
AIKOW= 42326.8453149204
AIKOC= 28572.9863908032
AIHalfLife= 31.7182267889613
EAppRate= 5.79177631043643
FoliarEnabled= true
FoliarAppDate= 06/07/1989
FoliarForageBegin= 06/05/1989
FoliarForageEnd= 06/28/1989
AIContactFactor= 1.02817946699448
CL4Pollen= 2.7669653557241
CL4Nectar= 6.15706979297101
CL5Pollen= 0.200454210396856
CL5Nectar= 97.8203640086576
CLDPollen= 2.16415617289022
CLDNectar= 41.107828868553
CA13Pollen= 7.0546694368124
CA13Nectar= 34.6274078823626
CA410Pollen= 9.34010415624362
CA410Nectar= 72.1022122399881
CA1120Pollen= 1.42482376168482
CA1120Nectar= 77.4670472741127
IPollenTrips= 5.00014839461073
INectarTrips= 6.52969679795206
IPollenLoad= 3.62637647194788
INectarLoad= 6.56628912081942
