ICQueenStrength= 3.57699142675847
RQWkrDrnRatio= 3.56744354963303
ICDroneMiteSurvivorship= 58.7925910018384
ICWorkerMiteSurvivorship= 78.4248799085617
ICForagerLifespan= 6.124959631823
ImmType= Sine
RQQueenStrength= 3.92012019315735
RQEnableReQueen= true
AIAdultSlope= 5.24619164504111
AIAdultLD50= 90.166335938703
AIAdultSlopeContact= 8.12390700890683
AIAdultLD50Contact= 82.5255882525293
AILarvaSlope= 1.24887195788324
AILarvaLD50= 62.5967666676044
AIKOW= 73742.2130949876
AIKOC= 33344.8879988608
AIHalfLife= 13.7482026477344
EAppRate= 3.71140682611661
FoliarEnabled= true
FoliarAppDate= 06/07/1989
FoliarForageBegin= 06/05/1989
FoliarForageEnd= 06/28/1989
AIContactFactor= 0.575271872244775
CL4Pollen= 0.757442550733685
CL4Nectar= 44.9819291708991
CL5Pollen= 5.60011989623308
CL5Nectar= 51.9050249364227
CLDPollen= 1.11900869803503
CLDNectar= 52.0573309622705
CA13Pollen= 6.61991974692792
CA13Nectar= 29.7015896253288
CA410Pollen= 8.10762833396439
CA410Nectar= 46.1144059384242
CA1120Pollen= 2.43024959857576
CA1120Nectar= 50.1568388007581
IPollenTrips= 14.358332962729
INectarTrips= 11.2187171843834
IPollenLoad= 5.94328584382311
INectarLoad= 8.25895850779489
