ICQueenStrength= 2.3674154621549
RQWkrDrnRatio= 4.07776515651494
ICDroneMiteSurvivorship= 16.5644546737894
ICWorkerMiteSurvivorship= 59.2323813587427
ICForagerLifespan= 5.81937713455409
ImmType= Cosine
RQQueenStrength= 1.77868136228062
RQEnableReQueen= true
AIAdultSlope= 3.81440738402307
AIAdultLD50= 7.16321739585255
AIAdultSlopeContact= 4.02685827412643
AIAdultLD50Contact= 56.6019312831336
AILarvaSlope= 8.91629143059254
AILarvaLD50= 68.943907218605
AIKOW= 63773.9965363759
AIKOC= 7738.01779411477
AIHalfLife= 1.53171766458545
EAppRate= 3.51088866145141
FoliarEnabled= true
FoliarAppDate= 06/07/1989
FoliarForageBegin= 06/05/1989
FoliarForageEnd= 06/28/1989
AIContactFactor= 1.25123780838679
CL4Pollen= 0.779842142947018
CL4Nectar= 94.4773351540789
CL5Pollen= 1.02563897240907
CL5Nectar= 69.5852997363545
CLDPollen= 0.791624151170254
CLDNectar= 37.2180033009499
CA13Pollen= 6.12704706545919
CA13Nectar= 79.6728084236383
CA410Pollen= 5.54432983915322
CA410Nectar= 108.17933047656
CA1120Pollen= 1.52667577494867
CA1120Nectar= 24.0865501016378
IPollenTrips= 12.6696145255119
INectarTrips= 8.59028015518561
IPollenLoad= 7.42525446461514
INectarLoad= 8.55244624661282
ESoilP= 1.23332327767275
ESoilFoc= 0.0116229060597252
