ICQueenStrength= 5.1083959210664
RQWkrDrnRatio= 4.21314506325871
ICDroneMiteSurvivorship= 59.5079073915258
ICWorkerMiteSurvivorship= 78.0722249299288
ICForagerLifespan= 11.8704678518698
ImmType= Cosine
RQQueenStrength= 4.73828945448622
RQEnableReQueen= true
AIAdultSlope= 2.7672248147428
AIAdultLD50= 23.8049352741421
AIAdultSlopeContact= 6.41208668844774
AIAdultLD50Contact= 11.9460466844768
AILarvaSlope= 7.41505105234683
AILarvaLD50= 65.3959251587652
AIKOW= 6199.85358483627
AIKOC= 34183.5636465542
AIHalfLife= 10.2335385413608
EAppRate= 5.22597930425289
FoliarEnabled= true
FoliarAppDate= 06/07/1989
FoliarForageBegin= 06/05/1989
FoliarForageEnd= 06/28/1989
AIContactFactor= 0.847388776284642
CL4Pollen= 2.14167679660022
CL4Nectar= 67.5986489281058
CL5Pollen= 2.31038713641465
CL5Nectar= 115.085779549554
CLDPollen= 0.511751818936318
CLDNectar= 68.0392112466507
CA13Pollen= 6.78895159093663
CA13Nectar= 97.6561863534153
CA410Pollen= 3.15086740779225
CA410Nectar= 71.0474096564576
CA1120Pollen= 2.16768845217302
CA1120Nectar= 34.5573364943266
IPollenTrips= 8.06825375184417
INectarTrips= 13.245941833593
IPollenLoad= 8.83530303603038
INectarLoad= 2.3829427966848
ESoilP= 1.08289853390306
ESoilFoc= 0.0186546211710665
