ICQueenStrength= 5.47573289508
RQWkrDrnRatio= 1.55141262710094
ICDroneMiteSurvivorship= 57.9034771304578
ICWorkerMiteSurvivorship= 59.0508138760924
ICForagerLifespan= 4.01954245194793
ImmType= Logarithmic
RQQueenStrength= 3.36709357239306
RQEnableReQueen= true
AIAdultSlope= 4.12359905615449
AIAdultLD50= 14.5970482997424
AIAdultSlopeContact= 9.06632426567376
AIAdultLD50Contact= 96.5930888492574
AILarvaSlope= 8.54047061502934
AILarvaLD50= 35.5568058187591
AIKOW= 72240.4780151847
AIKOC= 55340.4825345732
AIHalfLife= 34.1364540300565
EAppRate= 4.5727613788005
FoliarEnabled= true
FoliarAppDate= 06/07/1989
FoliarForageBegin= 06/05/1989
FoliarForageEnd= 06/28/1989
AIContactFactor= 0.544703089748509
CL4Pollen= 1.14003251772374
CL4Nectar= 11.7407542886212
CL5Pollen= 0.520044158678502
CL5Nectar= 124.73706464516
CLDPollen= 1.13376486953348
CLDNectar= 47.750444279518
CA13Pollen= 7.83760562520474
CA13Nectar= 51.2699590995908
CA410Pollen= 2.53788849641569
CA410Nectar= 93.0692162550986
CA1120Pollen= 2.66151819401421
CA1120Nectar= 22.609155960381
IPollenTrips= 9.70286527881399
INectarTrips= 13.4171185875311
IPollenLoad= 6.26757897436619
INectarLoad= 8.36655821185559
