ICQueenStrength= 5.05478373053484
RQWkrDrnRatio= 1.59101605135947
ICDroneMiteSurvivorship= 62.5681266654283
ICWorkerMiteSurvivorship= 4.9089697888121
ICForagerLifespan= 5.10135634150356
ImmType= Polynomial
RQQueenStrength= 3.65861000283621
RQEnableReQueen= true
AIAdultSlope= 2.71687664464116
AIAdultLD50= 0.400989585194504
AIAdultSlopeContact= 7.42515401588753
AIAdultLD50Contact= 72.968304905592
AILarvaSlope= 1.83060795813799
AILarvaLD50= 19.5725683044717
AIKOW= 3246.00654550081
AIKOC= 13633.6394455365
AIHalfLife= 10.8173234447837
EAppRate= 2.43376027332107
FoliarEnabled= true
FoliarAppDate= 09/01/1989
FoliarForageBegin= 09/01/1989
FoliarForageEnd= 09/08/1989
AIContactFactor= 0.637310235118493
CL4Pollen= 2.59759323298931
CL4Nectar= 48.7934791715816
CL5Pollen= 2.16829592501745
CL5Nectar= 3.06682881200686
CLDPollen= 0.18566134152934
CLDNectar= 17.6217067753896
CA13Pollen= 6.73843129845336
CA13Nectar= 37.7125701680779
CA410Pollen= 3.72242472958751
CA410Nectar= 20.4321006452665
CA1120Pollen= 1.8610111400485
CA1120Nectar= 53.9838463626802
IPollenTrips= 5.38507289020345
INectarTrips= 14.2113674292341
IPollenLoad= 0.747655038721859
INectarLoad= 2.77167551917955
