ICQueenStrength= 1.85569780436344
RQWkrDrnRatio= 4.42442360147834
ICDroneMiteSurvivorship= 23.8077999325469
ICWorkerMiteSurvivorship= 87.0723034255207
ICForagerLifespan= 5.97783908154815
ImmType= Polynomial
RQQueenStrength= 5.80142000247724
RQEnableReQueen= true
AIAdultSlope= 5.02694692462683
AIAdultLD50= 0.52634738940536
AIAdultSlopeContact= 4.55945057910867
AIAdultLD50Contact= 21.8744154791022
AILarvaSlope= 3.08532942086458
AILarvaLD50= 74.9371393007308
AIKOW= 54174.7134602193
AIKOC= 61903.4994739576
AIHalfLife= 11.0887652142905
EAppRate= 3.70224495318485
FoliarEnabled= true
FoliarAppDate= 09/01/1989
FoliarForageBegin= 09/01/1989
FoliarForageEnd= 09/08/1989
AIContactFactor= 1.77722284898628
CL4Pollen= 0.744525026530027
CL4Nectar= 67.6494835410267
CL5Pollen= 3.15680927876383
CL5Nectar= 121.281273721252
CLDPollen= 3.80518039036542
CLDNectar= 59.0193390031345
CA13Pollen= 4.47629786916077
CA13Nectar= 24.7906268574297
CA410Pollen= 5.40795333487913
CA410Nectar= 158.561690850183
CA1120Pollen= 1.11443529906683
CA1120Nectar= 76.4619820937514
IPollenTrips= 12.5338030233979
INectarTrips= 7.10730441147462
IPollenLoad= 9.15825654985383
INectarLoad= 6.6835807915777
