ICQueenStrength= 3.78267363086343
RQWkrDrnRatio= 1.46598763670772
ICDroneMiteSurvivorship= 82.5431539444253
ICWorkerMiteSurvivorship= 7.3012060020119
ICForagerLifespan= 15.5855272235349
ImmType= Cosine
RQQueenStrength= 1.89100121869706
RQEnableReQueen= true
AIAdultSlope= 1.40125616639853
AIAdultLD50= 0.204128863793798
AIAdultSlopeContact= 3.93625233159401
AIAdultLD50Contact= 31.6983640106078
AILarvaSlope= 6.8860772009939
AILarvaLD50= 28.9150411976185
AIKOW= 38416.951673506
AIKOC= 1704.91938101687
AIHalfLife= 12.5446971951751
EAppRate= 4.33491175300744
FoliarEnabled= true
FoliarAppDate= 09/01/1989
FoliarForageBegin= 09/01/1989
FoliarForageEnd= 09/08/1989
AIContactFactor= 1.79927022959571
CL4Pollen= 3.47165489383042
CL4Nectar= 83.2780273398384
CL5Pollen= 5.40152905276045
CL5Nectar= 13.9409105409868
CLDPollen= 5.15085085993633
CLDNectar= 65.8762756618671
CA13Pollen= 3.25336562218145
CA13Nectar= 99.5668012835085
CA410Pollen= 4.96323001387063
CA410Nectar= 126.773849539459
CA1120Pollen= 1.3662867913954
CA1120Nectar= 33.8725225627422
IPollenTrips= 12.7968528517522
INectarTrips= 5.15018941368908
IPollenLoad= 4.78990834439173
INectarLoad= 7.54363061394542
