ICQueenStrength= 5.4111135113053
RQWkrDrnRatio= 4.43711946252733
ICDroneMiteSurvivorship= 95.6924699246883
ICWorkerMiteSurvivorship= 34.3496922869235
ICForagerLifespan= 14.610352887772
ImmType= Tangent
RQQueenStrength= 2.97029302595183
RQEnableReQueen= true
AIAdultSlope= 1.32709797285497
AIAdultLD50= 45.5414977386249
AIAdultSlopeContact= 3.79397576348856
AIAdultLD50Contact= 86.0818904787837
AILarvaSlope= 6.43542651832104
AILarvaLD50= 44.8660406305464
AIKOW= 8321.23513699826
AIKOC= 90822.5062010575
AIHalfLife= 14.6653715311782
EAppRate= 1.80660517146392
FoliarEnabled= true
FoliarAppDate= 06/07/1989
FoliarForageBegin= 06/05/1989
FoliarForageEnd= 06/28/1989
AIContactFactor= 0.758714080015197
CL4Pollen= 2.6516402605921
CL4Nectar= 42.2769601689652
CL5Pollen= 2.28686391888186
CL5Nectar= 25.7883716840297
CLDPollen= 2.45330109307542
CLDNectar= 30.890774843283
CA13Pollen= 5.22710299706086
CA13Nectar= 45.1773391664028
CA410Pollen= 4.83330002636649
CA410Nectar= 187.681885110214
CA1120Pollen= 2.32402945356444
CA1120Nectar= 50.6601645424962
IPollenTrips= 8.43647666973993
INectarTrips= 7.95037475181744
IPollenLoad= 6.01625091163442
INectarLoad= 6.35176334064454
ESoilP= 1.31687045539729
ESoilFoc= 0.00267522560060024
