ICQueenStrength= 2.42007893999107
RQWkrDrnRatio= 2.69083243142813
ICDroneMiteSurvivorship= 26.0337301297113
ICWorkerMiteSurvivorship= 97.1566133201122
ICForagerLifespan= 4.30172608420253
ImmType= Sine
RQQueenStrength= 1.23010954493657
RQEnableReQueen= true
AIAdultSlope= 5.20732165127993
AIAdultLD50= 55.1673257183176
AIAdultSlopeContact= 9.29461866081692
AIAdultLD50Contact= 29.0435926255228
AILarvaSlope= 2.30478896014392
AILarvaLD50= 98.8070043593843
AIKOW= 28805.9060875405
AIKOC= 6111.14866002114
AIHalfLife= 11.8478026350494
EAppRate= 3.00584546451597
FoliarEnabled= true
FoliarAppDate= 06/07/1989
FoliarForageBegin= 06/05/1989
FoliarForageEnd= 06/28/1989
AIContactFactor= 1.20593067238107
CL4Pollen= 1.93381602317095
CL4Nectar= 76.037589693442
CL5Pollen= 2.26265562465414
CL5Nectar= 26.9768479513004
CLDPollen= 0.0541815259493887
CLDNectar= 25.054424861446
CA13Pollen= 2.71484055723995
CA13Nectar= 20.9671984426677
CA410Pollen= 5.81693188867066
CA410Nectar= 148.572934637778
CA1120Pollen= 2.37463766452856
CA1120Nectar= 21.0510206408799
IPollenTrips= 12.9719438240863
INectarTrips= 12.0852508326061
IPollenLoad= 4.33123291702941
INectarLoad= 3.98810884682462
