ICQueenStrength= 4.52973376633599
RQWkrDrnRatio= 3.08454972412437
ICDroneMiteSurvivorship= 65.1449661934748
ICWorkerMiteSurvivorship= 25.8383522741497
ICForagerLifespan= 10.6893719900399
ImmType= Cosine
RQQueenStrength= 5.80793527909555
RQEnableReQueen= true
AIAdultSlope= 4.66453230567276
AIAdultLD50= 94.5960616925042
AIAdultSlopeContact= 9.92484805732965
AIAdultLD50Contact= 46.0755631467532
AILarvaSlope= 8.86765251122415
AILarvaLD50= 40.1249308465875
AIKOW= 72175.7370863182
AIKOC= 96073.3871321252
AIHalfLife= 27.5128850502195
EAppRate= 2.52429864611337
FoliarEnabled= true
FoliarAppDate= 06/07/1989
FoliarForageBegin= 06/05/1989
FoliarForageEnd= 06/28/1989
AIContactFactor= 1.03723694620188
CL4Pollen= 1.55202438123524
CL4Nectar= 86.680549592711
CL5Pollen= 5.60459567885846
CL5Nectar= 136.741431173868
CLDPollen= 3.30264574522153
CLDNectar= 90.6552583677694
CA13Pollen= 7.56930960090831
CA13Nectar= 46.7295124009252
CA410Pollen= 6.7429829742061
CA410Nectar= 110.524521102197
CA1120Pollen= 0.537511130562052
CA1120Nectar= 54.9923276342452
IPollenTrips= 6.43611889798194
INectarTrips= 7.31918135890737
IPollenLoad= 4.52405479503796
INectarLoad= 2.35060773324221
ESoilP= 1.63921229098924
ESoilFoc= 0.0198728273026645
