ICQueenStrength= 3.46911946334876
RQWkrDrnRatio= 1.96422360278666
ICDroneMiteSurvivorship= 21.1991047719494
ICWorkerMiteSurvivorship= 84.4331956934184
ICForagerLifespan= 9.28505029715598
ImmType= Cosine
RQQueenStrength= 1.57138821925037
RQEnableReQueen= true
AIAdultSlope= 3.50685399584472
AIAdultLD50= 0.567195277863648
AIAdultSlopeContact= 9.60949989478104
AIAdultLD50Contact= 7.61867521502194
AILarvaSlope= 3.90195489302278
AILarvaLD50= 54.7190595467184
AIKOW= 57499.8327888745
AIKOC= 87089.7677717258
AIHalfLife= 28.6696330281673
EAppRate= 4.88152958596172
FoliarEnabled= true
FoliarAppDate= 09/01/1989
FoliarForageBegin= 09/01/1989
FoliarForageEnd= 09/08/1989
AIContactFactor= 0.649258375093341
CL4Pollen= 3.50459599960595
CL4Nectar= 90.3022787068039
CL5Pollen= 3.23227189108729
CL5Nectar= 47.6529475883581
CLDPollen= 1.83740061381832
CLDNectar= 61.3131936988793
CA13Pollen= 2.40386213855818
CA13Nectar= 99.2016554251313
CA410Pollen= 2.9052212783834
CA410Nectar= 150.416523050517
CA1120Pollen= 0.912110476987436
CA1120Nectar= 55.9064555354416
IPollenTrips= 11.9019003584981
INectarTrips= 8.10188894625753
IPollenLoad= 3.42309584608302
INectarLoad= 6.38785345712677
