ICQueenStrength= 5.94474217062816
RQWkrDrnRatio= 2.44268933963031
ICDroneMiteSurvivorship= 50.0290230615065
ICWorkerMiteSurvivorship= 38.8281849445775
ICForagerLifespan= 12.3301897905767
ImmType= Exponential
RQQueenStrength= 2.81002483819611
RQEnableReQueen= true
AIAdultSlope= 7.56409086100757
AIAdultLD50= 24.2419464085633
AIAdultSlopeContact= 2.79609780246392
AIAdultLD50Contact= 0.580927417463157
AILarvaSlope= 7.08713754825294
AILarvaLD50= 85.8631683695985
AIKOW= 43179.4227809307
AIKOC= 81625.0651388743
AIHalfLife= 14.2430638436228
EAppRate= 1.20746350692189
FoliarEnabled= true
FoliarAppDate= 06/07/1989
FoliarForageBegin= 06/05/1989
FoliarForageEnd= 06/28/1989
AIContactFactor= 2.07725212607067
CL4Pollen= 0.778847695328295
CL4Nectar= 8.62443482037634
CL5Pollen= 1.33159990701824
CL5Nectar= 71.6385566163808
CLDPollen= 4.35304046329111
CLDNectar= 43.8749627326615
CA13Pollen= 7.85607348643243
CA13Nectar= 75.2447766624391
CA410Pollen= 5.91470476249233
CA410Nectar= 157.238431079313
CA1120Pollen= 2.31900795036927
CA1120Nectar= 24.5392482914031
IPollenTrips= 7.01358302496374
INectarTrips= 14.7504071122967
IPollenLoad= 6.44573356024921
INectarLoad= 5.42495211120695
