ICQueenStrength= 1.59831548947841
RQWkrDrnRatio= 1.32186055276543
ICDroneMiteSurvivorship= 51.7652014503255
ICWorkerMiteSurvivorship= 5.12698062229902
ICForagerLifespan= 5.59565673209727
ImmType= Exponential
RQQueenStrength= 1.23720296472311
RQEnableReQueen=true
AIAdultSlope= 7.97988182120025
AIAdultLD50= 0.977391215318814
AIAdultSlopeContact= 5.83419650420547
AIAdultLD50Contact= 8.52043944329466
AILarvaSlope= 1.38339247182012
AILarvaLD50= 56.6589555009971
AIKOW= 57538.9375763222
AIKOC= 63159.1065833687
AIHalfLife= 15.8328858226305
EAppRate= 9.35418450119556
FoliarEnabled=true
FoliarAppDate= 07/01/1989
FoliarForageBegin= 07/01/1989
FoliarForageEnd= 07/14/1989
AIContactFactor= 0.582411275026388
CL4Pollen= 1.27836275566369
CL4Nectar= 21.2878445861861
CL5Pollen= 3.62216158071533
CL5Nectar= 123.208812391385
CLDPollen= 5.66081613209099
CLDNectar= 136.912956868764
CA13Pollen= 7.82679441319778
CA13Nectar= 80.2130706049502
CA410Pollen= 8.92274767623749
CA410Nectar= 96.3213673606515
CA1120Pollen= 2.66338951955549
CA1120Nectar= 96.487726084888
IPollenTrips= 12.4056212836877
INectarTrips= 11.9512560241856
IPollenLoad= 3.15344595117494
INectarLoad= 9.66635771328583
