ICQueenStrength= 1.39508216781542
RQWkrDrnRatio= 3.87019389029592
ICDroneMiteSurvivorship= 53.0498112086207
ICWorkerMiteSurvivorship= 11.6439566714689
ICForagerLifespan= 10.6091518206522
ImmType= Cosine
RQQueenStrength= 1.16575234709308
RQEnableReQueen= true
AIAdultSlope= 7.82493389770389
AIAdultLD50= 0.690597371518379
AIAdultSlopeContact= 3.68674920056947
AIAdultLD50Contact= 36.4301697189743
AILarvaSlope= 4.34212247096002
AILarvaLD50= 42.5662956627752
AIKOW= 7365.65321827144
AIKOC= 42414.1090409637
AIHalfLife= 16.488673988427
EAppRate= 6.34202752829017
FoliarEnabled= true
FoliarAppDate= 09/01/1989
FoliarForageBegin= 09/01/1989
FoliarForageEnd= 09/08/1989
AIContactFactor= 0.930125488373451
CL4Pollen= 0.17261404171586
CL4Nectar= 46.5323694283143
CL5Pollen= 0.203665603883564
CL5Nectar= 106.638721539639
CLDPollen= 0.0672468091361225
CLDNectar= 68.1406743242405
CA13Pollen= 2.90547093544155
CA13Nectar= 77.9357155971229
CA410Pollen= 2.91963438745588
CA410Nectar= 70.6487680599093
CA1120Pollen= 2.69804762396961
CA1120Nectar= 70.8740214444697
IPollenTrips= 6.90828150836751
INectarTrips= 6.03058447130024
IPollenLoad= 5.34274279139936
INectarLoad= 5.29519716044888
