ICQueenStrength= 5.3071322364267
RQWkrDrnRatio= 2.59605944622308
ICDroneMiteSurvivorship= 17.2354839276522
ICWorkerMiteSurvivorship= 84.6520012943074
ICForagerLifespan= 14.3386551728472
ImmType= Exponential
RQQueenStrength= 1.08524642558768
RQEnableReQueen= true
AIAdultSlope= 5.79016952216625
AIAdultLD50= 0.354551471368643
AIAdultSlopeContact= 7.92925297981128
AIAdultLD50Contact= 27.7251176567753
AILarvaSlope= 3.93632560409606
AILarvaLD50= 36.3302719829003
AIKOW= 2621.32189791369
AIKOC= 22475.0064095524
AIHalfLife= 15.7259765577037
EAppRate= 4.48116607688763
FoliarEnabled= true
FoliarAppDate= 09/01/1989
FoliarForageBegin= 09/01/1989
FoliarForageEnd= 09/08/1989
AIContactFactor= 0.94201597197447
CL4Pollen= 3.69013243168592
CL4Nectar= 20.4763159854338
CL5Pollen= 2.92836636956781
CL5Nectar= 75.1003955723718
CLDPollen= 1.63731052726507
CLDNectar= 107.367895462085
CA13Pollen= 3.36678280103952
CA13Nectar= 67.7167464792728
CA410Pollen= 3.80354217221029
CA410Nectar= 144.302148274146
CA1120Pollen= 1.55707221734338
CA1120Nectar= 90.5154917947948
IPollenTrips= 7.9283110331744
INectarTrips= 9.80770112713799
IPollenLoad= 5.28140861075372
INectarLoad= 7.17018916504458
