ICQueenStrength= 5.11325630964711
RQWkrDrnRatio= 3.76192918326706
ICDroneMiteSurvivorship= 12.7255557104945
ICWorkerMiteSurvivorship= 66.1699937190861
ICForagerLifespan= 6.47844839096069
ImmType= Sine
RQQueenStrength= 3.93018439668231
RQEnableReQueen= true
AIAdultSlope= 7.33684915676713
AIAdultLD50= 40.1608265001869
AIAdultSlopeContact= 3.23119273385964
AIAdultLD50Contact= 72.4138995692693
AILarvaSlope= 4.00225150771439
AILarvaLD50= 10.2670496654257
AIKOW= 49616.6292437108
AIKOC= 22873.5072749585
AIHalfLife= 19.4067926466232
EAppRate= 8.87749296643678
FoliarEnabled= true
FoliarAppDate= 06/07/1989
FoliarForageBegin= 06/05/1989
FoliarForageEnd= 06/28/1989
AIContactFactor= 0.741667570699938
CL4Pollen= 3.27855550963432
CL4Nectar= 80.1444556331262
CL5Pollen= 4.66941125225276
CL5Nectar= 83.2074256846681
CLDPollen= 1.56182643212378
CLDNectar= 22.721005033236
CA13Pollen= 3.70519222440198
CA13Nectar= 51.7687505483627
CA410Pollen= 4.47796761456411
CA410Nectar= 38.8565421756357
CA1120Pollen= 2.54167433339171
CA1120Nectar= 75.139321256429
IPollenTrips= 10.6807576376013
INectarTrips= 13.1044728588313
IPollenLoad= 3.60411023255438
INectarLoad= 2.42691045161337
