ICQueenStrength= 2.19282560539432
RQWkrDrnRatio= 1.9285548562184
ICDroneMiteSurvivorship= 28.8848114665598
ICWorkerMiteSurvivorship= 36.8707099696621
ICForagerLifespan= 5.62439241912216
ImmType= Cosine
RQQueenStrength= 2.16603855974972
RQEnableReQueen= true
AIAdultSlope= 6.40349247120321
AIAdultLD50= 63.0632240181586
AIAdultSlopeContact= 9.12601107521914
AIAdultLD50Contact= 95.8079074627729
AILarvaSlope= 3.10792334750295
AILarvaLD50= 20.1279194592598
AIKOW= 18783.6884246542
AIKOC= 70268.8132080992
AIHalfLife= 19.3420014124364
EAppRate= 5.2463501135977
FoliarEnabled= true
FoliarAppDate= 06/07/1989
FoliarForageBegin= 06/05/1989
FoliarForageEnd= 06/28/1989
AIContactFactor= 0.750931829293258
CL4Pollen= 2.02423193026334
CL4Nectar= 63.7970589566976
CL5Pollen= 0.633820890448987
CL5Nectar= 107.327112613712
CLDPollen= 0.0345806144177914
CLDNectar= 29.4685085420497
CA13Pollen= 7.02121902285144
CA13Nectar= 74.381481744349
CA410Pollen= 7.07779351733625
CA410Nectar= 61.4013057295233
CA1120Pollen= 1.12786059407517
CA1120Nectar= 93.7590303272009
IPollenTrips= 9.22235967125744
INectarTrips= 11.1432176665403
IPollenLoad= 8.0407131370157
INectarLoad= 0.781570721883327
