ICQueenStrength= 2.75255684531294
RQWkrDrnRatio= 1.90089879836887
ICDroneMiteSurvivorship= 23.5721284057945
ICWorkerMiteSurvivorship= 79.1696722852066
ICForagerLifespan= 4.62161119561642
ImmType= Exponential
RQQueenStrength= 1.61610185424797
RQEnableReQueen= true
AIAdultSlope= 4.40959128923714
AIAdultLD50= 90.3233216643161
AIAdultSlopeContact= 7.18184330291115
AIAdultLD50Contact= 26.1170082450998
AILarvaSlope= 6.45154793001711
AILarvaLD50= 17.3920706657295
AIKOW= 88716.1553712503
AIKOC= 309.081802878296
AIHalfLife= 22.224601221038
EAppRate= 3.78199639248243
FoliarEnabled= true
FoliarAppDate= 06/07/1989
FoliarForageBegin= 06/05/1989
FoliarForageEnd= 06/28/1989
AIContactFactor= 2.38694094094448
CL4Pollen= 0.223838559351861
CL4Nectar= 35.1571462349966
CL5Pollen= 4.17728170193732
CL5Nectar= 48.6307924962603
CLDPollen= 3.86410892894492
CLDNectar= 41.5693931747228
CA13Pollen= 7.29844103641808
CA13Nectar= 27.4865219369531
CA410Pollen= 3.57147461019922
CA410Nectar= 184.036424513906
CA1120Pollen= 1.3980831974186
CA1120Nectar= 88.7146908603609
IPollenTrips= 14.4679679186083
INectarTrips= 7.5520141934976
IPollenLoad= 6.2820754153654
INectarLoad= 8.46276006661355
