ICQueenStrength= 1.54861570592038
RQWkrDrnRatio= 3.5132394451648
ICDroneMiteSurvivorship= 40.515113575384
ICWorkerMiteSurvivorship= 71.4306472567841
ICForagerLifespan= 8.171251562424
ImmType= Exponential
RQQueenStrength= 3.08732239785604
RQEnableReQueen= true
AIAdultSlope= 1.18589252792299
AIAdultLD50= 54.3006964004068
AIAdultSlopeContact= 1.57903201738372
AIAdultLD50Contact= 36.0978623859952
AILarvaSlope= 3.20299173519015
AILarvaLD50= 70.5767061406481
AIKOW= 75731.7401056968
AIKOC= 44233.7304276861
AIHalfLife= 31.812216593069
EAppRate= 7.98602465827274
FoliarEnabled= true
FoliarAppDate= 06/07/1989
FoliarForageBegin= 06/05/1989
FoliarForageEnd= 06/28/1989
AIContactFactor= 2.2000152749382
CL4Pollen= 2.02197993081063
CL4Nectar= 63.9951823512092
CL5Pollen= 0.200283638667315
CL5Nectar= 12.7129088854417
CLDPollen= 3.26934467023239
CLDNectar= 63.1469179177657
CA13Pollen= 3.71052128337324
CA13Nectar= 79.3171127326787
CA410Pollen= 2.70927848080173
CA410Nectar= 114.98396424111
CA1120Pollen= 1.59392745117657
CA1120Nectar= 46.8781180307269
IPollenTrips= 6.67263098992407
INectarTrips= 6.3172209286131
IPollenLoad= 6.31093177013099
INectarLoad= 9.62066389853135
