ICQueenStrength= 1.86662774439901
RQWkrDrnRatio= 4.42294566426426
ICDroneMiteSurvivorship= 41.0891681909561
ICWorkerMiteSurvivorship= 43.1357237044722
ICForagerLifespan= 5.96557490993291
ImmType= Polynomial
RQQueenStrength= 4.68378464132547
RQEnableReQueen= true
AIAdultSlope= 4.54897353053093
AIAdultLD50= 53.9899802848373
AIAdultSlopeContact= 7.64614196680486
AIAdultLD50Contact= 24.0947561194194
AILarvaSlope= 5.3018259909004
AILarvaLD50= 94.1169388774033
AIKOW= 19961.8606539728
AIKOC= 39659.9279279537
AIHalfLife= 33.3872881839983
EAppRate= 8.14605309017212
FoliarEnabled= true
FoliarAppDate= 06/07/1989
FoliarForageBegin= 06/05/1989
FoliarForageEnd= 06/28/1989
AIContactFactor= 1.33551276667975
CL4Pollen= 1.46758786588907
CL4Nectar= 80.0578454043716
CL5Pollen= 0.365002957172692
CL5Nectar= 132.139888952952
CLDPollen= 2.34263189742342
CLDNectar= 85.0682709482498
CA13Pollen= 6.83735545426607
CA13Nectar= 99.1713342629373
CA410Pollen= 6.35207883284893
CA410Nectar= 57.4264461873099
CA1120Pollen= 1.77922660647891
CA1120Nectar= 67.1675334498286
IPollenTrips= 5.63068732386455
INectarTrips= 13.6905633914284
IPollenLoad= 1.75745886284858
INectarLoad= 7.3185160337016
ESoilP= 1.98626633710228
ESoilFoc= 0.0180083854987752
