ICQueenStrength= 5.35120673384517
RQWkrDrnRatio= 2.32539976108819
ICDroneMiteSurvivorship= 35.1074278354645
ICWorkerMiteSurvivorship= 36.4153500646353
ICForagerLifespan= 7.84105572663248
ImmType= Cosine
RQQueenStrength= 1.89080642675981
RQEnableReQueen= true
AIAdultSlope= 7.34680583700538
AIAdultLD50= 0.514070021660533
AIAdultSlopeContact= 5.42108145006932
AIAdultLD50Contact= 13.0046729832443
AILarvaSlope= 5.06971042044461
AILarvaLD50= 58.5395830285635
AIKOW= 84468.3353721164
AIKOC= 56458.6732314075
AIHalfLife= 20.4200756430626
EAppRate= 7.28997120748041
FoliarEnabled= true
FoliarAppDate= 06/07/1989
FoliarForageBegin= 06/05/1989
FoliarForageEnd= 06/28/1989
AIContactFactor= 1.42913729174063
CL4Pollen= 1.61557470820844
CL4Nectar= 87.6479662023485
CL5Pollen= 3.9404525058344
CL5Nectar= 16.3004536530934
CLDPollen= 1.8133035893552
CLDNectar= 62.5257829204202
CA13Pollen= 7.93856315808371
CA13Nectar= 80.9892550855875
CA410Pollen= 3.63268346530385
CA410Nectar= 21.2919614929706
CA1120Pollen= 1.39312158292159
CA1120Nectar= 81.4307535253465
IPollenTrips= 9.02618379099295
INectarTrips= 13.4177346620709
IPollenLoad= 0.151985185220838
INectarLoad= 6.84309207601473
