ICQueenStrength= 4.68220603908412
RQWkrDrnRatio= 2.82398785743862
ICDroneMiteSurvivorship= 47.5831454619765
ICWorkerMiteSurvivorship= 59.580493811518
ICForagerLifespan= 10.2875165678561
ImmType= Polynomial
RQQueenStrength= 3.13456706143916
RQEnableReQueen= true
AIAdultSlope= 8.02802691794932
AIAdultLD50= 42.5224450805394
AIAdultSlopeContact= 3.92152404109947
AIAdultLD50Contact= 31.8587554091208
AILarvaSlope= 5.42216272652149
AILarvaLD50= 39.8566617543204
AIKOW= 72931.1810866861
AIKOC= 42371.7275122665
AIHalfLife= 34.4802803158527
EAppRate= 6.06132453014492
FoliarEnabled= true
FoliarAppDate= 06/07/1989
FoliarForageBegin= 06/05/1989
FoliarForageEnd= 06/28/1989
AIContactFactor= 1.95765740710311
CL4Pollen= 0.387444769963622
CL4Nectar= 97.5858030840755
CL5Pollen= 2.51197373215109
CL5Nectar= 29.3276020791382
CLDPollen= 5.08084403816611
CLDNectar= 91.6099440772086
CA13Pollen= 2.9305012261495
CA13Nectar= 24.9857056885958
CA410Pollen= 9.41291672759689
CA410Nectar= 156.589983203448
CA1120Pollen= 2.47953848051839
CA1120Nectar= 98.8527787290514
IPollenTrips= 6.22415646677837
INectarTrips= 5.49475515959784
IPollenLoad= 4.02485302882269
INectarLoad= 0.74143486795947
