ICQueenStrength= 1.38508611032739
RQWkrDrnRatio= 2.92343406565487
ICDroneMiteSurvivorship= 80.722963064909
ICWorkerMiteSurvivorship= 63.3102538762614
ICForagerLifespan= 11.726279665716
ImmType= Tangent
RQQueenStrength= 4.13835375825875
RQEnableReQueen= true
AIAdultSlope= 8.44144338183105
AIAdultLD50= 82.6179418622465
AIAdultSlopeContact= 7.95806132955477
AIAdultLD50Contact= 61.340912480785
AILarvaSlope= 7.7279011271894
AILarvaLD50= 16.1608749299804
AIKOW= 47219.4644084828
AIKOC= 83580.6310674124
AIHalfLife= 10.397873117961
EAppRate= 9.96080804953771
FoliarEnabled= true
FoliarAppDate= 06/07/1989
FoliarForageBegin= 06/05/1989
FoliarForageEnd= 06/28/1989
AIContactFactor= 1.35027126573957
CL4Pollen= 3.65326163824648
CL4Nectar= 6.92017104011029
CL5Pollen= 2.40545054292306
CL5Nectar= 147.991795744747
CLDPollen= 5.53077801363543
CLDNectar= 85.6508608558215
CA13Pollen= 5.34781106123701
CA13Nectar= 98.0743744038045
CA410Pollen= 7.05013878219761
CA410Nectar= 81.0057845711708
CA1120Pollen= 1.79780223732814
CA1120Nectar= 86.3387135602534
IPollenTrips= 11.6782843577676
INectarTrips= 8.63616524962708
IPollenLoad= 6.50697958655655
INectarLoad= 4.64853253914043
ESoilP= 1.40702450438403
ESoilFoc= 0.00986198467947543
