ICQueenStrength= 2.41487565007992
RQWkrDrnRatio= 4.25165531691164
ICDroneMiteSurvivorship= 55.4947257973254
ICWorkerMiteSurvivorship= 0.862356601282954
ICForagerLifespan= 11.7992233932018
ImmType= Logarithmic
RQQueenStrength= 2.33523413911462
RQEnableReQueen= true
AIAdultSlope= 4.95096797123551
AIAdultLD50= 18.3857197504721
AIAdultSlopeContact= 7.97926278784871
AIAdultLD50Contact= 28.6677045583255
AILarvaSlope= 8.65017180517316
AILarvaLD50= 55.525460719601
AIKOW= 7332.98226263957
AIKOC= 80839.0046625196
AIHalfLife= 4.36411405440886
EAppRate= 7.61085539646843
FoliarEnabled= true
FoliarAppDate= 06/07/1989
FoliarForageBegin= 06/05/1989
FoliarForageEnd= 06/28/1989
AIContactFactor= 1.68001283200458
CL4Pollen= 2.01187262777239
CL4Nectar= 18.7380656134337
CL5Pollen= 5.79211034858599
CL5Nectar= 43.2611029129475
CLDPollen= 2.85404248908162
CLDNectar= 139.81119885575
CA13Pollen= 5.06050394317135
CA13Nectar= 76.2897690571845
CA410Pollen= 6.63445986686274
CA410Nectar= 58.480493016541
CA1120Pollen= 0.813268550438806
CA1120Nectar= 79.8401148244739
IPollenTrips= 6.80462766438723
INectarTrips= 6.64571224479005
IPollenLoad= 1.70783005887643
INectarLoad= 8.25243514031172
ESoilP= 1.9425148058217
ESoilFoc= 0.0176900549160782
