ICQueenStrength= 3.70367909967899
RQWkrDrnRatio= 3.82443247176707
ICDroneMiteSurvivorship= 68.6712031019852
ICWorkerMiteSurvivorship= 2.11333096958697
ICForagerLifespan= 9.38182203192264
ImmType= Sine
RQQueenStrength= 3.87784325890243
RQEnableReQueen=true
AIAdultSlope= 8.53695493377745
AIAdultLD50= 0.32785147374589
AIAdultSlopeContact= 9.35620596003719
AIAdultLD50Contact= 31.5499882295306
AILarvaSlope= 1.67916985601187
AILarvaLD50= 54.3485843653276
AIKOW= 48913.4458455979
AIKOC= 76202.6252224308
AIHalfLife= 5.46884246713016
EAppRate= 2.55624926098087
FoliarEnabled=true
FoliarAppDate= 07/01/1989
FoliarForageBegin= 07/01/1989
FoliarForageEnd= 07/14/1989
AIContactFactor= 0.821911836452782
CL4Pollen= 3.40636177826673
CL4Nectar= 32.1220383048058
CL5Pollen= 5.28522182162851
CL5Nectar= 94.2638462525792
CLDPollen= 4.02222677366808
CLDNectar= 10.4608763591386
CA13Pollen= 7.139336349722
CA13Nectar= 35.8271807804704
CA410Pollen= 2.91746426024474
CA410Nectar= 170.402100123465
CA1120Pollen= 1.77747951541096
CA1120Nectar= 60.8801904320717
IPollenTrips= 8.59884677454829
INectarTrips= 12.9061720729806
IPollenLoad= 2.17475603101775
INectarLoad= 5.0073378556408
