ICQueenStrength= 5.93190197041258
RQWkrDrnRatio= 1.65293190255761
ICDroneMiteSurvivorship= 71.5544406091794
ICWorkerMiteSurvivorship= 64.3239741912112
ICForagerLifespan= 9.82733910344541
ImmType= Cosine
RQQueenStrength= 3.53682485432364
RQEnableReQueen= true
AIAdultSlope= 5.59582555107772
AIAdultLD50= 76.9209185030579
AIAdultSlopeContact= 5.22758632386103
AIAdultLD50Contact= 19.6844103193856
AILarvaSlope= 7.90434045344591
AILarvaLD50= 98.570393887751
AIKOW= 53629.128475706
AIKOC= 35511.594238606
AIHalfLife= 30.1542461855803
EAppRate= 8.66047762753814
FoliarEnabled= true
FoliarAppDate= 06/07/1989
FoliarForageBegin= 06/05/1989
FoliarForageEnd= 06/28/1989
AIContactFactor= 0.86306960393209
CL4Pollen= 1.92585202399641
CL4Nectar= 67.188170645386
CL5Pollen= 2.00691200746223
CL5Nectar= 109.859761060216
CLDPollen= 3.06414894713089
CLDNectar= 20.343885559123
CA13Pollen= 2.63529745703563
CA13Nectar= 75.1638076640666
CA410Pollen= 2.5820118714124
CA410Nectar= 39.1172204120085
CA1120Pollen= 0.609592154156417
CA1120Nectar= 84.5636726729572
IPollenTrips= 7.7904392243363
INectarTrips= 12.1800263109617
IPollenLoad= 6.8536071642302
INectarLoad= 8.74326817691326
