ICQueenStrength= 5.01931379921734
RQWkrDrnRatio= 3.23229707218707
ICDroneMiteSurvivorship= 35.0094341207296
ICWorkerMiteSurvivorship= 5.85283718537539
ICForagerLifespan= 5.40439418237656
ImmType= Polynomial
RQQueenStrength= 2.92406565067358
RQEnableReQueen= true
AIAdultSlope= 6.12006581388414
AIAdultLD50= 0.0854445708859712
AIAdultSlopeContact= 9.49528160714544
AIAdultLD50Contact= 92.3028062552353
AILarvaSlope= 3.79842947237194
AILarvaLD50= 11.7621907784946
AIKOW= 61995.5470140069
AIKOC= 71321.1527465442
AIHalfLife= 16.8832931052661
EAppRate= 6.96950931707607
FoliarEnabled= true
FoliarAppDate= 09/01/1989
FoliarForageBegin= 09/01/1989
FoliarForageEnd= 09/08/1989
AIContactFactor= 0.387334959101863
CL4Pollen= 2.21950942371041
CL4Nectar= 11.3313108915463
CL5Pollen= 4.48160023614764
CL5Nectar= 20.918313099537
CLDPollen= 5.48587919119745
CLDNectar= 8.50441544316709
CA13Pollen= 6.73629541629925
CA13Nectar= 39.9156661517918
CA410Pollen= 8.24154295525514
CA410Nectar= 119.21773226466
CA1120Pollen= 1.58611164288595
CA1120Nectar= 91.8268151581287
IPollenTrips= 12.4217705870979
INectarTrips= 9.03968139085919
IPollenLoad= 0.524392586667091
INectarLoad= 0.61650536255911
