ICQueenStrength= 3.45323222479783
RQWkrDrnRatio= 4.15756748337299
ICDroneMiteSurvivorship= 34.3957219272852
ICWorkerMiteSurvivorship= 35.0926122628152
ICForagerLifespan= 10.5598183972761
ImmType= Sine
RQQueenStrength= 3.23877496435307
RQEnableReQueen= true
AIAdultSlope= 1.08896533027291
AIAdultLD50= 27.8096431827224
AIAdultSlopeContact= 2.65049672638997
AIAdultLD50Contact= 31.3614877013341
AILarvaSlope= 8.71931512840092
AILarvaLD50= 71.9496222600802
AIKOW= 1158.4562603673
AIKOC= 22841.7169666295
AIHalfLife= 28.569262000965
EAppRate= 9.6740569047383
FoliarEnabled= true
FoliarAppDate= 06/07/1989
FoliarForageBegin= 06/05/1989
FoliarForageEnd= 06/28/1989
AIContactFactor= 2.27351692632772
CL4Pollen= 0.381690409034491
CL4Nectar= 14.7420112974942
CL5Pollen= 5.01197363622487
CL5Nectar= 42.2335922601633
CLDPollen= 2.74254980357364
CLDNectar= 57.4998574331403
CA13Pollen= 6.4577145230025
CA13Nectar= 75.4279083944857
CA410Pollen= 8.34561453459319
CA410Nectar= 62.4340882152319
CA1120Pollen= 2.17358899139799
CA1120Nectar= 42.2358663380146
IPollenTrips= 6.7002579360269
INectarTrips= 5.38596562109888
IPollenLoad= 7.95253776945174
INectarLoad= 1.95686653722078
ESoilP= 1.10530251055025
ESoilFoc= 0.0192623770292848
