ICQueenStrength= 4.44571035238914
RQWkrDrnRatio= 2.51755150593817
ICDroneMiteSurvivorship= 21.0497116670012
ICWorkerMiteSurvivorship= 15.2566034346819
ICForagerLifespan= 12.7708241324872
ImmType= Logarithmic
AIAdultSlope= 2.93293146782555
AIAdultLD50= 0.028800423303619
AIAdultSlopeContact= 1.76452932725195
AIAdultLD50Contact= 0.00885176740121096
AILarvaSlope= 0.79396110419184
AILarvaLD50= 0.885437233443372
AIKOW= 3.94742944929749
AIKOC= 15.1823218050413
AIHalfLife= 1.42944826867897
EAppRate= 8.60828214325011
FoliarEnabled= true
