ICQueenStrength= 2.75275327265263
RQWkrDrnRatio= 2.35500616393983
ICDroneMiteSurvivorship= 50.8761510020122
ICWorkerMiteSurvivorship= 11.0164494952187
ICForagerLifespan= 15.5204259566963
ImmType= Polynomial
RQQueenStrength= 2.60177741199732
RQEnableReQueen=true
AIAdultSlope= 8.99832164682448
AIAdultLD50= 0.139037775133038
AIAdultSlopeContact= 5.38907129084691
AIAdultLD50Contact= 51.3823851550787
AILarvaSlope= 6.51801397465169
AILarvaLD50= 76.3067878843024
AIKOW= 10099.4920851612
AIKOC= 45327.1442336862
AIHalfLife= 10.0564067645697
EAppRate= 4.69796384566743
FoliarEnabled=true
FoliarAppDate= 07/01/1989
FoliarForageBegin= 07/01/1989
FoliarForageEnd= 07/14/1989
AIContactFactor= 1.45498446535319
CL4Pollen= 2.06296523567289
CL4Nectar= 82.5100064976141
CL5Pollen= 5.23340733395889
CL5Nectar= 4.48415139690042
CLDPollen= 1.66999529348686
CLDNectar= 0.172605353873223
CA13Pollen= 4.9117482596077
CA13Nectar= 77.5632156431675
CA410Pollen= 4.54715985294897
CA410Nectar= 99.6059793140739
CA1120Pollen= 1.41542226006277
CA1120Nectar= 56.2902190536261
IPollenTrips= 6.53327740961686
INectarTrips= 8.18359339376912
IPollenLoad= 6.40022967476398
INectarLoad= 1.82492938823998
