ICQueenStrength= 2.30931954015978
RQWkrDrnRatio= 2.05015303567052
ICDroneMiteSurvivorship= 94.2421758081764
ICWorkerMiteSurvivorship= 64.7123405709863
ICForagerLifespan= 5.08407762926072
ImmType= Tangent
RQQueenStrength= 3.35982320271432
RQEnableReQueen= true
AIAdultSlope= 1.14692715555429
AIAdultLD50= 87.7789736246539
AIAdultSlopeContact= 9.63966488279402
AIAdultLD50Contact= 25.8625032410682
AILarvaSlope= 7.37223773822188
AILarvaLD50= 17.4915376461372
AIKOW= 34899.7303658062
AIKOC= 56386.332798627
AIHalfLife= 3.4892498267116
EAppRate= 5.46237684302381
FoliarEnabled= true
FoliarAppDate= 06/07/1989
FoliarForageBegin= 06/05/1989
FoliarForageEnd= 06/28/1989
AIContactFactor= 0.323346155979671
CL4Pollen= 0.771834606304765
CL4Nectar= 11.1605539685115
CL5Pollen= 5.02598486188799
CL5Nectar= 50.935234548524
CLDPollen= 4.28300801943988
CLDNectar= 36.08750567073
CA13Pollen= 5.0333768802695
CA13Nectar= 43.3907544612885
CA410Pollen= 5.43821489522234
CA410Nectar= 154.210375519469
CA1120Pollen= 1.63972518593073
CA1120Nectar= 80.8570566773415
IPollenTrips= 5.5627102823928
INectarTrips= 12.4993941700086
IPollenLoad= 7.71704953163862
INectarLoad= 4.74754406139255
