ICQueenStrength= 2.15054029971361
RQWkrDrnRatio= 1.07866668142378
ICDroneMiteSurvivorship= 48.8939776550978
ICWorkerMiteSurvivorship= 10.2076940471306
ICForagerLifespan= 4.56829225551337
ImmType= Cosine
AIAdultSlope= 0.0440114260534756
AIAdultLD50= 0.151411376614124
AIAdultSlopeContact= 2.83658231523586
AIAdultLD50Contact= 0.000561405741609633
AILarvaSlope= 0.990793089056388
AILarvaLD50= 0.559635568619706
AIKOW= 5.08867171686143
AIKOC= 12.4592197081074
AIHalfLife= 0.00458178506232798
EAppRate= 5.03311158623546
FoliarEnabled= true
