ICQueenStrength= 3.46090916078538
RQWkrDrnRatio= 1.8813803922385
ICDroneMiteSurvivorship= 49.3107632966712
ICWorkerMiteSurvivorship= 98.1017409591004
ICForagerLifespan= 10.1492803683504
ImmType= Sine
RQQueenStrength= 3.45233056973666
RQEnableReQueen=true
AIAdultSlope= 2.6310673058033
AIAdultLD50= 0.570487525923643
AIAdultSlopeContact= 5.00293188751675
AIAdultLD50Contact= 82.6032818040878
AILarvaSlope= 4.00454299896955
AILarvaLD50= 39.177506238301
AIKOW= 31202.6579743802
AIKOC= 16735.9209388325
AIHalfLife= 10.4321906508412
EAppRate= 9.18500479608355
FoliarEnabled=true
FoliarAppDate= 07/01/1989
FoliarForageBegin= 07/01/1989
FoliarForageEnd= 07/14/1989
AIContactFactor= 1.69136819294654
CL4Pollen= 1.77201554179192
CL4Nectar= 66.0456706536934
CL5Pollen= 3.11563865561038
CL5Nectar= 115.173524559941
CLDPollen= 4.27317076362669
CLDNectar= 89.3088908633217
CA13Pollen= 5.2623046560213
CA13Nectar= 75.3465626388788
CA410Pollen= 2.35871139231604
CA410Nectar= 61.5886251302436
CA1120Pollen= 0.433483571279794
CA1120Nectar= 47.4555697478354
IPollenTrips= 14.8988403123803
INectarTrips= 9.33401208138093
IPollenLoad= 2.75525815784931
INectarLoad= 2.1162524796091
