ICQueenStrength= 5.60234185797162
RQWkrDrnRatio= 3.11675399914384
ICDroneMiteSurvivorship= 64.870202797465
ICWorkerMiteSurvivorship= 11.9067917112261
ICForagerLifespan= 5.11994771566242
ImmType= Cosine
AIAdultSlope= 0.0114813330816105
AIAdultLD50= 0.18910729479976
AIAdultSlopeContact= 1.51642289720709
AIAdultLD50Contact= 0.047902618732769
AILarvaSlope= 0.307784423325211
AILarvaLD50= 0.539116452774033
AIKOW= 5.12912474945188
AIKOC= 13.1752606201917
AIHalfLife= 2.43069689900149
EAppRate= 7.05220469972119
FoliarEnabled= true
