ICQueenStrength= 4.46688881167211
RQWkrDrnRatio= 4.20834919344634
ICDroneMiteSurvivorship= 14.4891659496352
ICWorkerMiteSurvivorship= 20.18392898608
ICForagerLifespan= 8.28555610682815
ImmType= Tangent
RQQueenStrength= 5.50382542912848
RQEnableReQueen= true
AIAdultSlope= 2.81729099154472
AIAdultLD50= 0.126120162514271
AIAdultSlopeContact= 4.44531128462404
AIAdultLD50Contact= 71.983766928334
AILarvaSlope= 2.89106976985931
AILarvaLD50= 61.473324039178
AIKOW= 72231.0289104198
AIKOC= 17204.5537905996
AIHalfLife= 10.0479802477639
EAppRate= 0.548411575681763
FoliarEnabled= true
FoliarAppDate= 09/01/1989
FoliarForageBegin= 09/01/1989
FoliarForageEnd= 09/08/1989
AIContactFactor= 0.83875246822834
CL4Pollen= 1.24866886995733
CL4Nectar= 18.7634282046929
CL5Pollen= 0.320417277049273
CL5Nectar= 118.71274583973
CLDPollen= 0.723436769563705
CLDNectar= 93.9048420754261
CA13Pollen= 6.64714905088767
CA13Nectar= 38.9387781918049
CA410Pollen= 2.78079769646283
CA410Nectar= 51.2465162528679
CA1120Pollen= 2.79710801085457
CA1120Nectar= 49.2115075141191
IPollenTrips= 10.1263936236501
INectarTrips= 12.9169736639597
IPollenLoad= 4.74961740896106
INectarLoad= 2.16496045701206
