ICQueenStrength= 5.5998185838107
RQWkrDrnRatio= 4.24925768654794
ICDroneMiteSurvivorship= 0.865040742792189
ICWorkerMiteSurvivorship= 89.9867316242307
ICForagerLifespan= 7.19659459963441
ImmType= Logarithmic
RQQueenStrength= 1.05361142451875
RQEnableReQueen= true
AIAdultSlope= 1.83263461664319
AIAdultLD50= 41.8908287759074
AIAdultSlopeContact= 1.20155061082914
AIAdultLD50Contact= 40.1262202265151
AILarvaSlope= 2.73965002596378
AILarvaLD50= 72.2050401606534
AIKOW= 92608.2112301955
AIKOC= 80402.6195335898
AIHalfLife= 15.608660285431
EAppRate= 2.85627802416612
FoliarEnabled= true
FoliarAppDate= 06/07/1989
FoliarForageBegin= 06/05/1989
FoliarForageEnd= 06/28/1989
AIContactFactor= 1.15102524540387
CL4Pollen= 2.76604737900198
CL4Nectar= 8.38689827360213
CL5Pollen= 0.0901964600197971
CL5Nectar= 1.50692450115457
CLDPollen= 3.2289044209756
CLDNectar= 140.731054579373
CA13Pollen= 4.02159642921761
CA13Nectar= 96.6106861829758
CA410Pollen= 6.6027573928237
CA410Nectar= 145.811478458345
CA1120Pollen= 1.80226249527186
CA1120Nectar= 38.9269839785993
IPollenTrips= 6.77123670000583
INectarTrips= 8.70377328945324
IPollenLoad= 2.81263246200979
INectarLoad= 1.94482243619859
