ICQueenStrength= 2.53254505363293
RQWkrDrnRatio= 1.38917384389788
ICDroneMiteSurvivorship= 81.4352290472016
ICWorkerMiteSurvivorship= 11.3650391343981
ICForagerLifespan= 14.4217216270044
ImmType= Cosine
RQQueenStrength= 2.65824784198776
RQEnableReQueen= true
AIAdultSlope= 7.57490168325603
AIAdultLD50= 51.8654334788592
AIAdultSlopeContact= 3.86518879421055
AIAdultLD50Contact= 72.0828489038395
AILarvaSlope= 5.06433616392314
AILarvaLD50= 54.5861221222924
AIKOW= 1435.26534858053
AIKOC= 64275.995676789
AIHalfLife= 1.70220239120536
EAppRate= 6.47160741375643
FoliarEnabled= true
FoliarAppDate= 06/07/1989
FoliarForageBegin= 06/05/1989
FoliarForageEnd= 06/28/1989
AIContactFactor= 0.636250351066701
CL4Pollen= 2.37785885576159
CL4Nectar= 78.6537186941132
CL5Pollen= 2.3504638876766
CL5Nectar= 147.96040551737
CLDPollen= 5.9569681850262
CLDNectar= 10.9565376886167
CA13Pollen= 2.88476364342496
CA13Nectar= 79.6121361851692
CA410Pollen= 4.04063392481767
CA410Nectar= 123.021862246096
CA1120Pollen= 0.634333843365312
CA1120Nectar= 87.3033283650875
IPollenTrips= 12.269534766674
INectarTrips= 9.90026569925249
IPollenLoad= 4.83824860071763
INectarLoad= 0.681485990062356
