ICQueenStrength= 2.33179555064999
RQWkrDrnRatio= 3.13831019308418
ICDroneMiteSurvivorship= 42.6920969737694
ICWorkerMiteSurvivorship= 76.6799487872049
ICForagerLifespan= 13.8972056545317
ImmType= Tangent
RQQueenStrength= 5.06918180757202
RQEnableReQueen= true
AIAdultSlope= 8.1979485489428
AIAdultLD50= 47.1420311264645
AIAdultSlopeContact= 7.54912417009473
AIAdultLD50Contact= 92.5879466693033
AILarvaSlope= 8.90872447192669
AILarvaLD50= 36.6363094600385
AIKOW= 49606.6770851076
AIKOC= 55028.8152687699
AIHalfLife= 9.30443157306872
EAppRate= 1.73055681493343
FoliarEnabled= true
FoliarAppDate= 06/07/1989
FoliarForageBegin= 06/05/1989
FoliarForageEnd= 06/28/1989
AIContactFactor= 1.61114382809959
CL4Pollen= 1.79557160288095
CL4Nectar= 33.2861704519019
CL5Pollen= 2.49828574340791
CL5Nectar= 146.074151946232
CLDPollen= 1.35916936956346
CLDNectar= 92.0024860301055
CA13Pollen= 2.42485402133316
CA13Nectar= 75.8885744400322
CA410Pollen= 8.4704226875212
CA410Nectar= 132.862880290486
CA1120Pollen= 0.841665635118261
CA1120Nectar= 75.8087950758636
IPollenTrips= 13.8463876652531
INectarTrips= 12.9629297880456
IPollenLoad= 8.07255821302533
INectarLoad= 1.70783398207277
