ICQueenStrength= 5.79148372076452
RQWkrDrnRatio= 1.37681148387492
ICDroneMiteSurvivorship= 17.7964161150157
ICWorkerMiteSurvivorship= 70.3876273240894
ICForagerLifespan= 12.09096620325
ImmType= Logarithmic
RQQueenStrength= 5.67436537262984
RQEnableReQueen= true
AIAdultSlope= 5.14458240568638
AIAdultLD50= 12.0349801859385
AIAdultSlopeContact= 1.76440426846966
AIAdultLD50Contact= 13.0342973363213
AILarvaSlope= 4.20358182862401
AILarvaLD50= 81.2053925894001
AIKOW= 34802.6315686431
AIKOC= 85707.1421527558
AIHalfLife= 29.2607354081469
EAppRate= 1.39755494229682
FoliarEnabled= true
FoliarAppDate= 06/07/1989
FoliarForageBegin= 06/05/1989
FoliarForageEnd= 06/28/1989
AIContactFactor= 1.49073127014097
CL4Pollen= 0.294074667617679
CL4Nectar= 61.5430924575776
CL5Pollen= 3.76783270295709
CL5Nectar= 32.6512642786838
CLDPollen= 1.482498744037
CLDNectar= 97.4751069559716
CA13Pollen= 7.03845017058775
CA13Nectar= 20.4814876616001
CA410Pollen= 7.52202944448218
CA410Nectar= 43.6871956661344
CA1120Pollen= 1.24811166571453
CA1120Nectar= 86.0731179825962
IPollenTrips= 11.938798467163
INectarTrips= 9.46497827302665
IPollenLoad= 9.63756774086505
INectarLoad= 6.8829828244634
