ICQueenStrength= 2.07109294622205
RQWkrDrnRatio= 3.33507574908435
ICDroneMiteSurvivorship= 44.233663356863
ICWorkerMiteSurvivorship= 83.8794746669009
ICForagerLifespan= 14.3359684208408
ImmType= Exponential
RQQueenStrength= 3.67885147244669
RQEnableReQueen= true
AIAdultSlope= 2.63611898198724
AIAdultLD50= 16.2189180511176
AIAdultSlopeContact= 1.95025763870217
AIAdultLD50Contact= 48.6115544659554
AILarvaSlope= 7.23773010447621
AILarvaLD50= 58.2199543382139
AIKOW= 6563.11533666225
AIKOC= 91525.5067358618
AIHalfLife= 30.9162287418498
EAppRate= 6.38476106305351
FoliarEnabled= true
FoliarAppDate= 06/07/1989
FoliarForageBegin= 06/05/1989
FoliarForageEnd= 06/28/1989
AIContactFactor= 1.6001753935637
CL4Pollen= 0.691862453706563
CL4Nectar= 4.93525173515081
CL5Pollen= 3.35566691961139
CL5Nectar= 60.0500510190614
CLDPollen= 0.983709583058953
CLDNectar= 63.5512187727727
CA13Pollen= 7.38687171442434
CA13Nectar= 35.0647142529488
CA410Pollen= 2.80088318157941
CA410Nectar= 118.894505626522
CA1120Pollen= 2.66440660972148
CA1120Nectar= 87.2720044851303
IPollenTrips= 8.0919115524739
INectarTrips= 12.2790804551914
IPollenLoad= 4.74056720966473
INectarLoad= 9.31802874198183
ESoilP= 1.40566588263027
ESoilFoc= 0.00911916563590057
