ICQueenStrength= 1.75765769579448
RQWkrDrnRatio= 4.07383603975177
ICDroneMiteSurvivorship= 42.4159283284098
ICWorkerMiteSurvivorship= 0.496204174123704
ICForagerLifespan= 9.24394368100911
ImmType= Exponential
RQQueenStrength= 3.89933721069247
RQEnableReQueen= true
AIAdultSlope= 7.16961142979562
AIAdultLD50= 63.8708181101978
AIAdultSlopeContact= 9.84208327624947
AIAdultLD50Contact= 41.8886441012588
AILarvaSlope= 4.16807618923485
AILarvaLD50= 90.0112470886579
AIKOW= 2729.26624805345
AIKOC= 91077.6181652243
AIHalfLife= 2.32722939776722
EAppRate= 4.36116951318993
FoliarEnabled= true
FoliarAppDate= 06/07/1989
FoliarForageBegin= 06/05/1989
FoliarForageEnd= 06/28/1989
AIContactFactor= 1.38365179596469
CL4Pollen= 2.18262834474444
CL4Nectar= 25.1783319050446
CL5Pollen= 4.24952936684713
CL5Nectar= 38.4982017218135
CLDPollen= 5.83238700404763
CLDNectar= 32.1751380921341
CA13Pollen= 2.93165907291695
CA13Nectar= 91.133027523756
CA410Pollen= 2.85209751103539
CA410Nectar= 82.1047070622444
CA1120Pollen= 2.04719590209424
CA1120Nectar= 33.3048456721008
IPollenTrips= 12.5125433830544
INectarTrips= 13.8952129753307
IPollenLoad= 5.30165968229994
INectarLoad= 4.7166514233686
