ICQueenStrength= 2.95893221418373
RQWkrDrnRatio= 2.38681590650231
ICDroneMiteSurvivorship= 82.4379578931257
ICWorkerMiteSurvivorship= 63.378504710272
ICForagerLifespan= 12.7403343478218
ImmType= Sine
RQQueenStrength= 5.51281113782898
RQEnableReQueen= true
AIAdultSlope= 1.6618323083967
AIAdultLD50= 12.2645683926011
AIAdultSlopeContact= 8.36141759366728
AIAdultLD50Contact= 56.7623152311405
AILarvaSlope= 4.70385017246008
AILarvaLD50= 7.45443693395145
AIKOW= 82376.1672641568
AIKOC= 2579.39403527603
AIHalfLife= 11.8529980373103
EAppRate= 0.617208993313834
FoliarEnabled= true
FoliarAppDate= 06/07/1989
FoliarForageBegin= 06/05/1989
FoliarForageEnd= 06/28/1989
AIContactFactor= 1.13785536041018
CL4Pollen= 0.777699873782694
CL4Nectar= 38.7895688647404
CL5Pollen= 1.54678842471913
CL5Nectar= 135.239169071428
CLDPollen= 5.84835467068478
CLDNectar= 95.3803504700772
CA13Pollen= 8.0497645361349
CA13Nectar= 44.5686052925885
CA410Pollen= 8.61953044114634
CA410Nectar= 150.878322790377
CA1120Pollen= 1.21168644586578
CA1120Nectar= 92.0853523910046
IPollenTrips= 11.4729168242775
INectarTrips= 7.34416713705286
IPollenLoad= 1.82861682260409
INectarLoad= 5.43658909853548
ESoilP= 1.26291807089001
ESoilFoc= 0.0181625756630674
