ICQueenStrength= 4.17630975623615
RQWkrDrnRatio= 4.62620490044355
ICDroneMiteSurvivorship= 86.4457706687972
ICWorkerMiteSurvivorship= 21.6487957630306
ICForagerLifespan= 8.34697189554572
ImmType= Tangent
RQQueenStrength= 4.04021894698963
RQEnableReQueen= true
AIAdultSlope= 8.7893126513809
AIAdultLD50= 95.3548280314105
AIAdultSlopeContact= 7.69812737056054
AIAdultLD50Contact= 83.7425369908339
AILarvaSlope= 5.86769299395382
AILarvaLD50= 99.4464774322349
AIKOW= 83624.7137592017
AIKOC= 35289.1702523381
AIHalfLife= 19.8854828307871
EAppRate= 2.12698592151888
FoliarEnabled= true
FoliarAppDate= 06/07/1989
FoliarForageBegin= 06/05/1989
FoliarForageEnd= 06/28/1989
AIContactFactor= 0.970880016991869
CL4Pollen= 1.99723402131349
CL4Nectar= 1.37489410117269
CL5Pollen= 1.09207896189764
CL5Nectar= 37.3791629914194
CLDPollen= 1.58778934646398
CLDNectar= 106.542935175821
CA13Pollen= 2.28918100502342
CA13Nectar= 98.2464677467942
CA410Pollen= 4.01108436889481
CA410Nectar= 94.9522952083498
CA1120Pollen= 0.3427642963361
CA1120Nectar= 81.319903600961
IPollenTrips= 10.9226283966564
INectarTrips= 11.146869068034
IPollenLoad= 2.36129614990205
INectarLoad= 4.45253527024761
ESoilP= 1.33267464325763
ESoilFoc= 0.0194923396201339
