ICQueenStrength= 4.95299386465922
RQWkrDrnRatio= 4.8571565458551
ICDroneMiteSurvivorship= 83.3702516276389
ICWorkerMiteSurvivorship= 28.0025298940018
ICForagerLifespan= 9.18152510654181
ImmType= Polynomial
RQQueenStrength= 2.74152812920511
RQEnableReQueen= true
AIAdultSlope= 4.28902164287865
AIAdultLD50= 84.0461232980338
AIAdultSlopeContact= 6.05984947877005
AIAdultLD50Contact= 32.3450818624501
AILarvaSlope= 2.6056888345629
AILarvaLD50= 22.502733258425
AIKOW= 98263.9195038101
AIKOC= 74744.1848599929
AIHalfLife= 0.935860950197093
EAppRate= 5.4640980716513
FoliarEnabled= true
FoliarAppDate= 06/07/1989
FoliarForageBegin= 06/05/1989
FoliarForageEnd= 06/28/1989
AIContactFactor= 2.23094592297915
CL4Pollen= 0.334611058235168
CL4Nectar= 33.7335602845997
CL5Pollen= 4.66838093334809
CL5Nectar= 50.7819393533282
CLDPollen= 2.60568036418408
CLDNectar= 50.9169015102088
CA13Pollen= 7.54946724586189
CA13Nectar= 33.6469355039299
CA410Pollen= 9.26963032213971
CA410Nectar= 107.44025176391
CA1120Pollen= 0.765476872678846
CA1120Nectar= 82.4199487455189
IPollenTrips= 10.1710941782221
INectarTrips= 14.3679113057442
IPollenLoad= 8.49438264966011
INectarLoad= 2.11560988565907
