ICQueenStrength= 4.80008521256968
RQWkrDrnRatio= 4.9774252390489
ICDroneMiteSurvivorship= 44.4911064347252
ICWorkerMiteSurvivorship= 45.575955696404
ICForagerLifespan= 11.3330301307142
ImmType= Polynomial
RQQueenStrength= 3.15800860780291
RQEnableReQueen= true
AIAdultSlope= 5.36437161639333
AIAdultLD50= 17.3354382746378
AIAdultSlopeContact= 7.9443323945161
AIAdultLD50Contact= 33.6209302274156
AILarvaSlope= 7.11983335576952
AILarvaLD50= 68.8800964744401
AIKOW= 74167.3677449655
AIKOC= 56201.2886766202
AIHalfLife= 3.3736587976804
EAppRate= 0.0419394793373067
FoliarEnabled= true
FoliarAppDate= 06/07/1989
FoliarForageBegin= 06/05/1989
FoliarForageEnd= 06/28/1989
AIContactFactor= 0.732680170424282
CL4Pollen= 1.7996495552361
CL4Nectar= 23.4339026967064
CL5Pollen= 5.39511140948161
CL5Nectar= 91.8705143616535
CLDPollen= 4.79616546817124
CLDNectar= 54.5235026394948
CA13Pollen= 4.28945711841807
CA13Nectar= 68.8780675642192
CA410Pollen= 4.66046754249837
CA410Nectar= 112.057890878059
CA1120Pollen= 2.04744129138999
CA1120Nectar= 40.9344822727144
IPollenTrips= 12.5585781922564
INectarTrips= 8.01411443855613
IPollenLoad= 1.07249222462997
INectarLoad= 0.678160747047514
