ICQueenStrength= 3.97767977230251
RQWkrDrnRatio= 2.619743200019
ICDroneMiteSurvivorship= 5.67399433348328
ICWorkerMiteSurvivorship= 62.2013828717172
ICForagerLifespan= 9.07632204052061
ImmType= Logarithmic
RQQueenStrength= 5.53406836604699
RQEnableReQueen= true
AIAdultSlope= 5.11213716119528
AIAdultLD50= 46.4518850429505
AIAdultSlopeContact= 2.69675671402365
AIAdultLD50Contact= 98.3132065851125
AILarvaSlope= 8.29736751131713
AILarvaLD50= 39.6780586181122
AIKOW= 79332.6476068611
AIKOC= 10182.6057923688
AIHalfLife= 26.0881794218905
EAppRate= 1.23832073503616
FoliarEnabled= true
FoliarAppDate= 06/07/1989
FoliarForageBegin= 06/05/1989
FoliarForageEnd= 06/28/1989
AIContactFactor= 0.640914149116725
CL4Pollen= 0.515985959209502
CL4Nectar= 71.7252462636679
CL5Pollen= 4.3994597713463
CL5Nectar= 53.1414143973961
CLDPollen= 4.92416948871687
CLDNectar= 82.5440708315
CA13Pollen= 5.18280143970624
CA13Nectar= 98.607656750828
CA410Pollen= 3.19761817902327
CA410Nectar= 115.830439566635
CA1120Pollen= 0.771333023440093
CA1120Nectar= 31.2454590387642
IPollenTrips= 11.4547562412918
INectarTrips= 6.31935307290405
IPollenLoad= 7.31902432162315
INectarLoad= 4.97117424849421
ESoilP= 1.78223197977059
ESoilFoc= 0.00846972088562325
