ICQueenStrength= 3.07672252785414
RQWkrDrnRatio= 2.45000873785466
ICDroneMiteSurvivorship= 57.632650132291
ICWorkerMiteSurvivorship= 5.41446022689342
ICForagerLifespan= 14.1694671865553
ImmType= Sine
RQQueenStrength= 3.72661315626465
RQEnableReQueen= true
AIAdultSlope= 4.47518255002797
AIAdultLD50= 93.11750265862
AIAdultSlopeContact= 2.45536508178338
AIAdultLD50Contact= 19.4467102578022
AILarvaSlope= 4.72608649730682
AILarvaLD50= 8.97231708474178
AIKOW= 67003.6636692984
AIKOC= 91963.5215698676
AIHalfLife= 20.8613535549259
EAppRate= 0.216559666643152
FoliarEnabled= true
FoliarAppDate= 06/07/1989
FoliarForageBegin= 06/05/1989
FoliarForageEnd= 06/28/1989
AIContactFactor= 0.536507322606631
CL4Pollen= 1.78819943591952
CL4Nectar= 93.7817184021696
CL5Pollen= 4.31992499576882
CL5Nectar= 103.490203223191
CLDPollen= 2.32408580509946
CLDNectar= 134.01268213056
CA13Pollen= 4.65297253224999
CA13Nectar= 96.5161518752575
CA410Pollen= 7.72583841823507
CA410Nectar= 111.808850788511
CA1120Pollen= 0.399068013997748
CA1120Nectar= 56.6875421255827
IPollenTrips= 9.20733774546534
INectarTrips= 5.4779418068938
IPollenLoad= 6.48916505509987
INectarLoad= 9.65593982255086
