ICQueenStrength= 5.44597831577994
RQWkrDrnRatio= 2.38482649624348
ICDroneMiteSurvivorship= 70.549243176356
ICWorkerMiteSurvivorship= 97.6929753087461
ICForagerLifespan= 4.89903971273452
ImmType= Tangent
RQQueenStrength= 5.22718551359139
RQEnableReQueen= true
AIAdultSlope= 3.61942501552403
AIAdultLD50= 0.124038124596933
AIAdultSlopeContact= 7.11280949786305
AIAdultLD50Contact= 3.85826881909859
AILarvaSlope= 7.34480667114258
AILarvaLD50= 61.2717476399632
AIKOW= 90011.6114853836
AIKOC= 48677.2182673994
AIHalfLife= 30.0955092414748
EAppRate= 5.93426851625904
FoliarEnabled= true
FoliarAppDate= 09/01/1989
FoliarForageBegin= 09/01/1989
FoliarForageEnd= 09/08/1989
AIContactFactor= 1.57340351816267
CL4Pollen= 1.55083386786282
CL4Nectar= 68.9708256628364
CL5Pollen= 2.39139871951193
CL5Nectar= 55.9885102207772
CLDPollen= 5.62349088443443
CLDNectar= 38.2315568276681
CA13Pollen= 7.18553962120786
CA13Nectar= 26.1379637941718
CA410Pollen= 5.85836350286845
CA410Nectar= 168.378580664285
CA1120Pollen= 0.832008443539962
CA1120Nectar= 43.2923563756049
IPollenTrips= 10.2894713496789
INectarTrips= 10.2748631988652
IPollenLoad= 4.61055798223242
INectarLoad= 8.96737777628005
