ICQueenStrength= 3.46823711902834
RQWkrDrnRatio= 4.98481543362141
ICDroneMiteSurvivorship= 8.6875221459195
ICWorkerMiteSurvivorship= 55.5165001424029
ICForagerLifespan= 13.7176622571424
ImmType= Cosine
RQQueenStrength= 5.44580971030518
RQEnableReQueen= true
AIAdultSlope= 6.25503151677549
AIAdultLD50= 18.2727038151922
AIAdultSlopeContact= 3.92131093959324
AIAdultLD50Contact= 81.5852106122978
AILarvaSlope= 8.80793702229857
AILarvaLD50= 13.5661580931316
AIKOW= 57111.8551819399
AIKOC= 55427.0760416172
AIHalfLife= 0.744955293950625
EAppRate= 5.45539143488859
FoliarEnabled= true
FoliarAppDate= 06/07/1989
FoliarForageBegin= 06/05/1989
FoliarForageEnd= 06/28/1989
AIContactFactor= 0.483667541001923
CL4Pollen= 1.58663839194924
CL4Nectar= 20.6879766890779
CL5Pollen= 2.76213127886876
CL5Nectar= 147.137621836737
CLDPollen= 3.36126649472862
CLDNectar= 119.891734037083
CA13Pollen= 7.58812633790076
CA13Nectar= 45.466942358762
CA410Pollen= 7.85709387487732
CA410Nectar= 192.186060538515
CA1120Pollen= 2.35091236769222
CA1120Nectar= 46.918956823647
IPollenTrips= 8.78089949255809
INectarTrips= 6.23647536151111
IPollenLoad= 8.77449659630656
INectarLoad= 4.17210803600028
