ICQueenStrength= 5.86776860896498
RQWkrDrnRatio= 4.38325575087219
ICDroneMiteSurvivorship= 58.0159676028416
ICWorkerMiteSurvivorship= 30.2488453453407
ICForagerLifespan= 6.97534952126443
ImmType= Logarithmic
RQQueenStrength= 4.68188957567327
RQEnableReQueen= true
AIAdultSlope= 3.20004192180932
AIAdultLD50= 0.852093353890348
AIAdultSlopeContact= 7.38854051963426
AIAdultLD50Contact= 85.2078969176726
AILarvaSlope= 7.86814622394741
AILarvaLD50= 23.953351590629
AIKOW= 1463.91501671879
AIKOC= 7128.39119255403
AIHalfLife= 2.91728138132021
EAppRate= 5.77206661113771
FoliarEnabled= true
FoliarAppDate= 09/01/1989
FoliarForageBegin= 09/01/1989
FoliarForageEnd= 09/08/1989
AIContactFactor= 0.561889944272116
CL4Pollen= 3.21868717670441
CL4Nectar= 1.64820591453463
CL5Pollen= 2.26650050282478
CL5Nectar= 18.3759056031704
CLDPollen= 5.63370317453519
CLDNectar= 146.072502492461
CA13Pollen= 5.46515624299645
CA13Nectar= 56.2432665377855
CA410Pollen= 6.08877099484671
CA410Nectar= 52.7333265263587
CA1120Pollen= 1.29216524236836
CA1120Nectar= 47.323944196105
IPollenTrips= 5.3451368631795
INectarTrips= 11.3854132127017
IPollenLoad= 8.05015216115862
INectarLoad= 5.44704172294587
