ICQueenStrength= 5.07912000082433
RQWkrDrnRatio= 3.81467799004167
ICDroneMiteSurvivorship= 95.0723955640569
ICWorkerMiteSurvivorship= 61.9094328256324
ICForagerLifespan= 5.83374858368188
ImmType= Tangent
RQQueenStrength= 4.3247814909555
RQEnableReQueen= true
AIAdultSlope= 7.45827746763825
AIAdultLD50= 5.78339421490021
AIAdultSlopeContact= 4.94926517666318
AIAdultLD50Contact= 31.6562907233173
AILarvaSlope= 8.33934547007084
AILarvaLD50= 77.2383581648695
AIKOW= 46569.5168935275
AIKOC= 5478.93047091109
AIHalfLife= 18.6758128943155
EAppRate= 8.83699053170136
FoliarEnabled= true
FoliarAppDate= 06/07/1989
FoliarForageBegin= 06/05/1989
FoliarForageEnd= 06/28/1989
AIContactFactor= 1.66581720556132
CL4Pollen= 1.86335291434079
CL4Nectar= 30.7730092201382
CL5Pollen= 1.91447648406029
CL5Nectar= 11.1521428450942
CLDPollen= 2.49050558963791
CLDNectar= 71.2660499964841
CA13Pollen= 4.68588958196342
CA13Nectar= 75.1284258812666
CA410Pollen= 6.57331037761178
CA410Nectar= 30.3321530623361
CA1120Pollen= 0.283708915812895
CA1120Nectar= 62.5368556194007
IPollenTrips= 14.5282409479842
INectarTrips= 5.25833733612671
IPollenLoad= 8.63950055558234
INectarLoad= 9.44597715046257
