ICQueenStrength= 1.21817599306814
RQWkrDrnRatio= 2.0120771182701
ICDroneMiteSurvivorship= 78.7932268111035
ICWorkerMiteSurvivorship= 29.3825406115502
ICForagerLifespan= 11.8156492020935
ImmType= Logarithmic
RQQueenStrength= 1.42911352706142
RQEnableReQueen= true
AIAdultSlope= 6.33862191438675
AIAdultLD50= 86.9467422223554
AIAdultSlopeContact= 8.13061984465457
AIAdultLD50Contact= 22.3946395232771
AILarvaSlope= 1.52117007225752
AILarvaLD50= 61.9275309416575
AIKOW= 35227.3434679133
AIKOC= 64380.6087450366
AIHalfLife= 6.19872537599877
EAppRate= 2.31987841124577
FoliarEnabled= true
FoliarAppDate= 06/07/1989
FoliarForageBegin= 06/05/1989
FoliarForageEnd= 06/28/1989
AIContactFactor= 2.0938729415508
CL4Pollen= 2.12179546616971
CL4Nectar= 65.8391328528523
CL5Pollen= 3.98501421511173
CL5Nectar= 133.384385425597
CLDPollen= 2.50072008278221
CLDNectar= 54.6115784556605
CA13Pollen= 6.70610168045387
CA13Nectar= 32.1824250184
CA410Pollen= 8.08460874150041
CA410Nectar= 196.967931897379
CA1120Pollen= 1.5361921931617
CA1120Nectar= 69.8058870434761
IPollenTrips= 11.8042976036668
INectarTrips= 12.5537460460328
IPollenLoad= 3.79175411071628
INectarLoad= 0.267805275507271
