ICQueenStrength= 5.36342127039097
RQWkrDrnRatio= 3.6215595388785
ICDroneMiteSurvivorship= 40.1999887079
ICWorkerMiteSurvivorship= 65.1522700209171
ICForagerLifespan= 8.78929588384926
ImmType= Exponential
RQQueenStrength= 1.78291853773408
RQEnableReQueen= true
AIAdultSlope= 3.60459500178695
AIAdultLD50= 97.5594409793289
AIAdultSlopeContact= 1.65882824058644
AIAdultLD50Contact= 15.2099061857949
AILarvaSlope= 5.74583411216736
AILarvaLD50= 52.4696572527967
AIKOW= 86023.4444502009
AIKOC= 5754.55353864981
AIHalfLife= 1.20967831050511
EAppRate= 1.25610574604268
FoliarEnabled= true
FoliarAppDate= 06/07/1989
FoliarForageBegin= 06/05/1989
FoliarForageEnd= 06/28/1989
AIContactFactor= 1.04967379863374
CL4Pollen= 1.85691458825022
CL4Nectar= 12.5636761076748
CL5Pollen= 4.14680936420336
CL5Nectar= 120.43526127236
CLDPollen= 0.43899373523891
CLDNectar= 35.7775056967512
CA13Pollen= 5.06181712755933
CA13Nectar= 72.0136012323201
CA410Pollen= 7.09144303039648
CA410Nectar= 191.662637256086
CA1120Pollen= 0.277476511197165
CA1120Nectar= 22.5286851078272
IPollenTrips= 8.25040756026283
INectarTrips= 10.5889822752215
IPollenLoad= 4.27432592725381
INectarLoad= 8.84005226194859
