ICQueenStrength= 4.75722393742763
RQWkrDrnRatio= 2.76607786677778
ICDroneMiteSurvivorship= 64.4627643516287
ICWorkerMiteSurvivorship= 19.5906809996814
ICForagerLifespan= 6.3648026669398
ImmType= Tangent
RQQueenStrength= 3.22066657268442
RQEnableReQueen= true
AIAdultSlope= 7.40612609125674
AIAdultLD50= 15.2530910420285
AIAdultSlopeContact= 3.79863498057239
AIAdultLD50Contact= 31.9985540977374
AILarvaSlope= 2.96702854521573
AILarvaLD50= 63.9598688639991
AIKOW= 43191.4899728894
AIKOC= 78679.3152395624
AIHalfLife= 6.46032085013576
EAppRate= 5.37422532536788
FoliarEnabled= true
FoliarAppDate= 06/07/1989
FoliarForageBegin= 06/05/1989
FoliarForageEnd= 06/28/1989
AIContactFactor= 2.11496639407705
CL4Pollen= 0.946859441697598
CL4Nectar= 92.1329058008268
CL5Pollen= 1.73571997415274
CL5Nectar= 124.857760523446
CLDPollen= 4.19335520965979
CLDNectar= 78.8953784038313
CA13Pollen= 6.126564139314
CA13Nectar= 29.6469214744866
CA410Pollen= 4.01338637641165
CA410Nectar= 108.403937988915
CA1120Pollen= 0.567101895343512
CA1120Nectar= 94.7012032940984
IPollenTrips= 9.47332862298936
INectarTrips= 10.8409649063833
IPollenLoad= 6.85948693193495
INectarLoad= 1.83774024480954
ESoilP= 1.61026967223734
ESoilFoc= 0.0169803679178003
