ICQueenStrength= 2.7741244554054
RQWkrDrnRatio= 1.63043601438403
ICDroneMiteSurvivorship= 13.353586755693
ICWorkerMiteSurvivorship= 46.8521289993078
ICForagerLifespan= 11.9703429862857
ImmType= Cosine
RQQueenStrength= 3.26888588862494
RQEnableReQueen= true
AIAdultSlope= 5.48814436234534
AIAdultLD50= 42.554694572872
AIAdultSlopeContact= 9.88430986902677
AIAdultLD50Contact= 3.35360706608719
AILarvaSlope= 6.44145473279059
AILarvaLD50= 70.2606069180137
AIKOW= 95881.8607192318
AIKOC= 4757.25440440746
AIHalfLife= 23.6614378079539
EAppRate= 7.69964919005497
FoliarEnabled= true
FoliarAppDate= 06/07/1989
FoliarForageBegin= 06/05/1989
FoliarForageEnd= 06/28/1989
AIContactFactor= 1.28509079890326
CL4Pollen= 1.50968641228974
CL4Nectar= 86.3734958693385
CL5Pollen= 4.17604992957786
CL5Nectar= 108.154056617059
CLDPollen= 1.85711879376322
CLDNectar= 85.048398852814
CA13Pollen= 6.19838357837871
CA13Nectar= 27.1609283424914
CA410Pollen= 7.65540093823802
CA410Nectar= 32.058639372699
CA1120Pollen= 0.631547049852088
CA1120Nectar= 59.3363209813833
IPollenTrips= 10.6442398834042
INectarTrips= 5.48588410718367
IPollenLoad= 4.85258002765477
INectarLoad= 8.72875068802387
ESoilP= 1.71588023379445
ESoilFoc= 0.00633875552332029
