ICQueenStrength= 1.86836073198356
RQWkrDrnRatio= 4.27888214215636
ICDroneMiteSurvivorship= 12.6359851565212
ICWorkerMiteSurvivorship= 12.5794844469056
ICForagerLifespan= 7.62517113797367
ImmType= Polynomial
RQQueenStrength= 3.00973192229867
RQEnableReQueen= true
AIAdultSlope= 3.65519486181438
AIAdultLD50= 0.372671076623723
AIAdultSlopeContact= 7.6823503698688
AIAdultLD50Contact= 88.4455314757319
AILarvaSlope= 6.84603225439787
AILarvaLD50= 80.9469358835034
AIKOW= 98145.4147250714
AIKOC= 9382.64246210246
AIHalfLife= 15.5253302250989
EAppRate= 0.0220954525195994
FoliarEnabled= true
FoliarAppDate= 09/01/1989
FoliarForageBegin= 09/01/1989
FoliarForageEnd= 09/08/1989
AIContactFactor= 1.06494188216049
CL4Pollen= 2.29291447810829
CL4Nectar= 57.8928233589977
CL5Pollen= 2.46994789782912
CL5Nectar= 100.763031793758
CLDPollen= 1.87928311480209
CLDNectar= 114.955930388533
CA13Pollen= 4.21786814257502
CA13Nectar= 29.3290925398469
CA410Pollen= 5.43772000584286
CA410Nectar= 187.878354322165
CA1120Pollen= 0.118708242662251
CA1120Nectar= 95.7262362912297
IPollenTrips= 10.6190940411761
INectarTrips= 10.5620366497897
IPollenLoad= 2.84629434114322
INectarLoad= 7.94406608911231
