ICQueenStrength= 2.12774076871574
RQWkrDrnRatio= 3.37228937353939
ICDroneMiteSurvivorship= 69.1859242971987
ICWorkerMiteSurvivorship= 68.6877364292741
ICForagerLifespan= 5.01673363894224
ImmType= Cosine
RQQueenStrength= 4.32742507685907
RQEnableReQueen= true
AIAdultSlope= 6.12398109771311
AIAdultLD50= 15.9066368868952
AIAdultSlopeContact= 6.55307890591212
AIAdultLD50Contact= 43.9733415494489
AILarvaSlope= 6.47267688065767
AILarvaLD50= 26.8111598836682
AIKOW= 30771.8655171945
AIKOC= 74932.2793123247
AIHalfLife= 28.5515833302634
EAppRate= 3.96201847649016
FoliarEnabled= true
FoliarAppDate= 06/07/1989
FoliarForageBegin= 06/05/1989
FoliarForageEnd= 06/28/1989
AIContactFactor= 0.301245620255359
CL4Pollen= 0.884097628295422
CL4Nectar= 50.7232859963551
CL5Pollen= 3.73634239705279
CL5Nectar= 56.1174650676548
CLDPollen= 2.10712229786441
CLDNectar= 92.251711897552
CA13Pollen= 6.1924165350385
CA13Nectar= 68.7898387387395
CA410Pollen= 5.3646956529934
CA410Nectar= 32.7278207242489
CA1120Pollen= 0.116644583176821
CA1120Nectar= 27.2734814882278
IPollenTrips= 7.10839708568528
INectarTrips= 8.89744107844308
IPollenLoad= 5.43626579223201
INectarLoad= 2.56386140128598
