ICQueenStrength= 4.68056188337505
RQWkrDrnRatio= 4.35181688703597
ICDroneMiteSurvivorship= 99.2012418573722
ICWorkerMiteSurvivorship= 19.2491861991584
ICForagerLifespan= 13.8640187103301
ImmType= Cosine
RQQueenStrength= 5.6796628437005
RQEnableReQueen= true
AIAdultSlope= 6.00912761501968
AIAdultLD50= 38.20266048472
AIAdultSlopeContact= 2.95116648334078
AIAdultLD50Contact= 29.300272758242
AILarvaSlope= 3.18797011487186
AILarvaLD50= 2.08280141318962
AIKOW= 11637.2637803457
AIKOC= 14861.477005362
AIHalfLife= 2.33760729040951
EAppRate= 1.45271541036619
FoliarEnabled= true
FoliarAppDate= 06/07/1989
FoliarForageBegin= 06/05/1989
FoliarForageEnd= 06/28/1989
AIContactFactor= 1.3619822734734
CL4Pollen= 2.63418412022293
CL4Nectar= 61.9285254972056
CL5Pollen= 5.85178716480732
CL5Nectar= 87.116343411617
CLDPollen= 2.99112382298335
CLDNectar= 48.0491539696231
CA13Pollen= 6.38383673578501
CA13Nectar= 88.5729464143515
CA410Pollen= 5.36794567343313
CA410Nectar= 175.938484380022
CA1120Pollen= 2.85518118739128
CA1120Nectar= 79.1568740084767
IPollenTrips= 10.3432905883528
INectarTrips= 13.7053489498794
IPollenLoad= 0.351174457464367
INectarLoad= 0.78261855058372
ESoilP= 1.59097337396815
ESoilFoc= 0.0141247089067474
