ICQueenStrength= 4.58255949919112
RQWkrDrnRatio= 3.08308394439518
ICDroneMiteSurvivorship= 57.4496841290966
ICWorkerMiteSurvivorship= 58.1566914450377
ICForagerLifespan= 7.61906506121159
ImmType= Sine
RQQueenStrength= 1.4715517279692
RQEnableReQueen= true
AIAdultSlope= 1.54892607219517
AIAdultLD50= 99.361520545268
AIAdultSlopeContact= 5.00233357888646
AIAdultLD50Contact= 42.3165604028946
AILarvaSlope= 8.53037432581186
AILarvaLD50= 74.291573041019
AIKOW= 85414.448930986
AIKOC= 53112.9776971443
AIHalfLife= 16.3767374763265
EAppRate= 8.35282794799702
FoliarEnabled= true
FoliarAppDate= 06/07/1989
FoliarForageBegin= 06/05/1989
FoliarForageEnd= 06/28/1989
AIContactFactor= 2.17703279191162
CL4Pollen= 1.80554714985192
CL4Nectar= 94.6406887145713
CL5Pollen= 4.32198998099193
CL5Nectar= 87.408617825713
CLDPollen= 2.62801253283396
CLDNectar= 126.999119552784
CA13Pollen= 4.81101178685203
CA13Nectar= 61.8099705316126
CA410Pollen= 6.40082851906773
CA410Nectar= 80.4783033160493
CA1120Pollen= 2.0511498497799
CA1120Nectar= 65.2406848780811
IPollenTrips= 14.8346576862969
INectarTrips= 7.66727537149563
IPollenLoad= 6.92422569496557
INectarLoad= 5.72654775809497
