ICQueenStrength= 5.43239739746787
RQWkrDrnRatio= 4.60774771682918
ICDroneMiteSurvivorship= 83.8256535353139
ICWorkerMiteSurvivorship= 90.1044157333672
ICForagerLifespan= 6.18057846557349
ImmType= Cosine
RQQueenStrength= 4.42173145385459
RQEnableReQueen= true
AIAdultSlope= 3.81089212745428
AIAdultLD50= 0.495291472062934
AIAdultSlopeContact= 7.19012947217561
AIAdultLD50Contact= 57.0015789444069
AILarvaSlope= 3.41331061348319
AILarvaLD50= 82.7655245602331
AIKOW= 3281.00794937809
AIKOC= 64929.2290660564
AIHalfLife= 2.31666878862306
EAppRate= 5.98768561572093
FoliarEnabled= true
FoliarAppDate= 09/01/1989
FoliarForageBegin= 09/01/1989
FoliarForageEnd= 09/08/1989
AIContactFactor= 2.27370855768677
CL4Pollen= 1.59854544792324
CL4Nectar= 96.1289859376848
CL5Pollen= 2.30124789057299
CL5Nectar= 86.9009362184443
CLDPollen= 1.66285060532391
CLDNectar= 63.8474246137775
CA13Pollen= 5.21573931146413
CA13Nectar= 78.6428699083626
CA410Pollen= 4.67834620296489
CA410Nectar= 133.223541514017
CA1120Pollen= 2.46722341747954
CA1120Nectar= 99.6976612135768
IPollenTrips= 12.4517978355289
INectarTrips= 10.3048749733716
IPollenLoad= 8.34306272678077
INectarLoad= 1.9792617787607
