ICQueenStrength= 1.69652989390306
RQWkrDrnRatio= 3.9686388336122
ICDroneMiteSurvivorship= 67.9114091210067
ICWorkerMiteSurvivorship= 87.5667542684823
ICForagerLifespan= 8.79996072966605
ImmType= Logarithmic
RQQueenStrength= 3.3864287044853
RQEnableReQueen= true
AIAdultSlope= 6.53679188527167
AIAdultLD50= 60.0356845584332
AIAdultSlopeContact= 8.65890095965005
AIAdultLD50Contact= 62.2471217275574
AILarvaSlope= 3.3189700730145
AILarvaLD50= 73.8106722790536
AIKOW= 46431.3371124602
AIKOC= 67003.1583443587
AIHalfLife= 0.400546064018272
EAppRate= 6.76024442389258
FoliarEnabled= true
FoliarAppDate= 06/07/1989
FoliarForageBegin= 06/05/1989
FoliarForageEnd= 06/28/1989
AIContactFactor= 1.22435679913033
CL4Pollen= 2.73662084713578
CL4Nectar= 87.6949409488589
CL5Pollen= 0.500122460536659
CL5Nectar= 43.3547645341605
CLDPollen= 5.59649429284036
CLDNectar= 33.0487610539421
CA13Pollen= 7.15623456686735
CA13Nectar= 27.9495081678033
CA410Pollen= 5.94511946593411
CA410Nectar= 118.393891556188
CA1120Pollen= 0.699567293515429
CA1120Nectar= 83.4599335491657
IPollenTrips= 5.49541107146069
INectarTrips= 9.36357431812212
IPollenLoad= 7.6134047540836
INectarLoad= 9.32048100745305
ESoilP= 1.42439460777678
ESoilFoc= 0.00703443424357101
