ICQueenStrength= 4.47462082514539
RQWkrDrnRatio= 1.27057299949229
ICDroneMiteSurvivorship= 48.3273233519867
ICWorkerMiteSurvivorship= 14.8843209026381
ICForagerLifespan= 8.74615185614675
ImmType= Logarithmic
RQQueenStrength= 1.02926445333287
RQEnableReQueen= true
AIAdultSlope= 2.56025096215308
AIAdultLD50= 61.6863630885796
AIAdultSlopeContact= 2.65735770598985
AIAdultLD50Contact= 71.2996379666706
AILarvaSlope= 4.06519732996821
AILarvaLD50= 76.3431368779147
AIKOW= 96693.5702879217
AIKOC= 44273.4759207626
AIHalfLife= 4.77727718977258
EAppRate= 8.87788573806291
FoliarEnabled= true
FoliarAppDate= 06/07/1989
FoliarForageBegin= 06/05/1989
FoliarForageEnd= 06/28/1989
AIContactFactor= 0.570754932127893
CL4Pollen= 1.14414078556001
CL4Nectar= 7.38512533716857
CL5Pollen= 5.65250005060807
CL5Nectar= 134.70267187804
CLDPollen= 0.294571917504072
CLDNectar= 13.7053979211487
CA13Pollen= 3.20499463826418
CA13Nectar= 21.9675244390965
CA410Pollen= 4.01838402335998
CA410Nectar= 161.319536734372
CA1120Pollen= 1.29388817539439
CA1120Nectar= 96.3402812369168
IPollenTrips= 14.1619140538387
INectarTrips= 13.0309288040735
IPollenLoad= 2.13839785428718
INectarLoad= 3.36373301688582
