ICQueenStrength= 2.13349422812462
RQWkrDrnRatio= 3.49746614787728
ICDroneMiteSurvivorship= 56.5161453559995
ICWorkerMiteSurvivorship= 53.8141259690747
ICForagerLifespan= 5.29507124610245
ImmType= Polynomial
AIAdultSlope= 0.964871358030941
AIAdultLD50= 0.16046549086459
AIAdultSlopeContact= 1.74187884637853
AIAdultLD50Contact= 0.023531342332717
AILarvaSlope= 1.73307495391928
AILarvaLD50= 0.672618872509338
AIKOW= 3.4461524207145
AIKOC= 9.31357508059591
AIHalfLife= 1.87827909963671
EAppRate= 7.79802657896653
FoliarEnabled= true
