ICQueenStrength= 4.33940640790388
RQWkrDrnRatio= 3.04971358925104
ICDroneMiteSurvivorship= 36.5291601978242
ICWorkerMiteSurvivorship= 28.1582701951265
ICForagerLifespan= 6.0289392368868
ImmType= Logarithmic
RQQueenStrength= 5.12390827434137
RQEnableReQueen= true
AIAdultSlope= 6.4838990829885
AIAdultLD50= 35.4717457422828
AIAdultSlopeContact= 8.65970617136918
AIAdultLD50Contact= 94.1787649464426
AILarvaSlope= 1.95832495391369
AILarvaLD50= 5.44959235696495
AIKOW= 77565.9697212613
AIKOC= 19600.0373658335
AIHalfLife= 27.2404089896008
EAppRate= 8.68719437208818
FoliarEnabled= true
FoliarAppDate= 06/07/1989
FoliarForageBegin= 06/05/1989
FoliarForageEnd= 06/28/1989
AIContactFactor= 1.77546804758254
CL4Pollen= 3.22596349753439
CL4Nectar= 26.1146158212796
CL5Pollen= 3.90730697382241
CL5Nectar= 71.6981423436664
CLDPollen= 1.91189120616764
CLDNectar= 68.8575604464859
CA13Pollen= 2.55806003399193
CA13Nectar= 43.6820123717189
CA410Pollen= 7.59855743139051
CA410Nectar= 117.281054980122
CA1120Pollen= 1.20821658032946
CA1120Nectar= 40.1045270822942
IPollenTrips= 11.3549315929413
INectarTrips= 14.7377047361806
IPollenLoad= 1.12578188767657
INectarLoad= 2.21976928180084
