ICQueenStrength= 2.32927028113045
RQWkrDrnRatio= 3.01716955285519
ICDroneMiteSurvivorship= 92.0576764736325
ICWorkerMiteSurvivorship= 49.5348579715937
ICForagerLifespan= 11.1964907078072
ImmType= Tangent
RQQueenStrength= 3.71284067071974
RQEnableReQueen= true
AIAdultSlope= 7.30116668902338
AIAdultLD50= 45.111212478729
AIAdultSlopeContact= 5.51060238666832
AIAdultLD50Contact= 71.1895344109389
AILarvaSlope= 1.21610898524523
AILarvaLD50= 42.6569096491686
AIKOW= 70284.4146086713
AIKOC= 85646.4792706971
AIHalfLife= 20.2781732264906
EAppRate= 6.13310154209379
FoliarEnabled= true
FoliarAppDate= 06/07/1989
FoliarForageBegin= 06/05/1989
FoliarForageEnd= 06/28/1989
AIContactFactor= 2.26499820556492
CL4Pollen= 1.20783542748541
CL4Nectar= 51.4588925754651
CL5Pollen= 2.5909300991334
CL5Nectar= 90.5037613702007
CLDPollen= 5.67605904908851
CLDNectar= 60.7089362223633
CA13Pollen= 7.0388797333464
CA13Nectar= 52.2783501446247
CA410Pollen= 7.60722870766185
CA410Nectar= 114.597849776037
CA1120Pollen= 0.379968762164935
CA1120Nectar= 24.9535389058292
IPollenTrips= 6.35475833434612
INectarTrips= 9.86328897764906
IPollenLoad= 6.04535180842504
INectarLoad= 5.45819835970178
