ICQueenStrength= 4.54757066816092
RQWkrDrnRatio= 3.47167018707842
ICDroneMiteSurvivorship= 64.0253899153322
ICWorkerMiteSurvivorship= 40.4163975734264
ICForagerLifespan= 9.16119280830026
ImmType= Exponential
RQQueenStrength= 2.49103597388603
RQEnableReQueen= true
AIAdultSlope= 5.34454868361354
AIAdultLD50= 95.7171468178236
AIAdultSlopeContact= 1.63280097907409
AIAdultLD50Contact= 23.9668478331706
AILarvaSlope= 2.80186814628541
AILarvaLD50= 81.1895231278401
AIKOW= 45687.861933114
AIKOC= 94521.4919053214
AIHalfLife= 7.85605982670095
EAppRate= 0.199671455198433
FoliarEnabled= true
FoliarAppDate= 06/07/1989
FoliarForageBegin= 06/05/1989
FoliarForageEnd= 06/28/1989
AIContactFactor= 2.26211104954127
CL4Pollen= 0.666945858858526
CL4Nectar= 54.844935121946
CL5Pollen= 3.11318726604804
CL5Nectar= 19.1123530268669
CLDPollen= 0.974869203753769
CLDNectar= 8.5598052944988
CA13Pollen= 7.09119380479678
CA13Nectar= 22.4621121957898
CA410Pollen= 6.86486158678308
CA410Nectar= 45.5675078369677
CA1120Pollen= 2.91273502539843
CA1120Nectar= 30.8519913628697
IPollenTrips= 13.0909648397937
INectarTrips= 10.1630490715615
IPollenLoad= 8.43315300764516
INectarLoad= 2.60826864745468
ESoilP= 1.13419449143112
ESoilFoc= 0.0196403754805215
