ICQueenStrength= 5.94270007358864
RQWkrDrnRatio= 3.37326439935714
ICDroneMiteSurvivorship= 0.621847086586058
ICWorkerMiteSurvivorship= 64.5195096498355
ICForagerLifespan= 14.9950324352831
ImmType= Tangent
RQQueenStrength= 3.08468827535398
RQEnableReQueen= true
AIAdultSlope= 8.85167959146202
AIAdultLD50= 33.0478601859102
AIAdultSlopeContact= 4.78964610933326
AIAdultLD50Contact= 78.371943143955
AILarvaSlope= 3.63543592020869
AILarvaLD50= 47.2953995848047
AIKOW= 61472.1001935212
AIKOC= 51543.6372500251
AIHalfLife= 30.7731549683493
EAppRate= 3.02827958031162
FoliarEnabled= true
FoliarAppDate= 06/07/1989
FoliarForageBegin= 06/05/1989
FoliarForageEnd= 06/28/1989
AIContactFactor= 0.404132108935155
CL4Pollen= 1.45534528512508
CL4Nectar= 65.0899285217747
CL5Pollen= 4.31106016645208
CL5Nectar= 7.4482322554104
CLDPollen= 0.109760031569749
CLDNectar= 36.561512213666
CA13Pollen= 3.97660410664976
CA13Nectar= 31.2344254367054
CA410Pollen= 7.02068865490146
CA410Nectar= 142.987010148354
CA1120Pollen= 1.19365233485587
CA1120Nectar= 21.9492565281689
IPollenTrips= 8.71308085275814
INectarTrips= 7.63186582131311
IPollenLoad= 6.24573000241071
INectarLoad= 5.56008143583313
