ICQueenStrength= 5.35852113296278
RQWkrDrnRatio= 1.43072268180549
ICDroneMiteSurvivorship= 38.5604516370222
ICWorkerMiteSurvivorship= 68.6785447411239
ICForagerLifespan= 10.8756812121719
ImmType= Sine
AIAdultSlope= 3.21018434762489
AIAdultLD50= 0.153626288007945
AIAdultSlopeContact= 2.13883263619384
AIAdultLD50Contact= 0.0223741309251636
AILarvaSlope= 1.16994620827027
AILarvaLD50= 0.361051611299627
AIKOW= 5.85668010730296
AIKOC= 20.3933095221873
AIHalfLife= 1.38083458070178
EAppRate= 5.91390345711261
FoliarEnabled= true
