ICQueenStrength= 1.61515700886957
RQWkrDrnRatio= 2.3144153021276
ICDroneMiteSurvivorship= 28.6985026905313
ICWorkerMiteSurvivorship= 47.4736489821225
ICForagerLifespan= 10.1509328857064
ImmType= Tangent
AIAdultSlope= 0.598350333692506
AIAdultLD50= 0.165122249023989
AIAdultSlopeContact= 3.54394669033354
AIAdultLD50Contact= 0.0217386479955167
AILarvaSlope= 0.00367126800119877
AILarvaLD50= 0.568644740735181
AIKOW= 2.78004714008421
AIKOC= 19.6005684451666
AIHalfLife= 2.79489287512843
EAppRate= 9.80735375080258
FoliarEnabled= true
