ICQueenStrength= 4.71194809442386
RQWkrDrnRatio= 2.61243041139096
ICDroneMiteSurvivorship= 26.2710650218651
ICWorkerMiteSurvivorship= 42.6645441912115
ICForagerLifespan= 13.8389154942706
ImmType= Cosine
RQQueenStrength= 5.63852160144597
RQEnableReQueen= true
AIAdultSlope= 1.11870332062244
AIAdultLD50= 0.762868567192927
AIAdultSlopeContact= 3.38489512470551
AIAdultLD50Contact= 47.8168049765688
AILarvaSlope= 5.00971623323858
AILarvaLD50= 68.1974833182409
AIKOW= 81367.3263189088
AIKOC= 91731.9610512629
AIHalfLife= 24.0465792721137
EAppRate= 8.28104133041645
FoliarEnabled= true
FoliarAppDate= 09/01/1989
FoliarForageBegin= 09/01/1989
FoliarForageEnd= 09/08/1989
AIContactFactor= 1.98197609238792
CL4Pollen= 3.38546088151634
CL4Nectar= 70.0307462364435
CL5Pollen= 4.10775434458628
CL5Nectar= 103.64433779614
CLDPollen= 1.04849982820451
CLDNectar= 15.175902529154
CA13Pollen= 7.38097174586728
CA13Nectar= 40.1117073744535
CA410Pollen= 3.86161936805584
CA410Nectar= 40.1377236191183
CA1120Pollen= 0.665594640886411
CA1120Nectar= 42.7640420384705
IPollenTrips= 5.83269786788151
INectarTrips= 14.5278897532262
IPollenLoad= 6.49378970032558
INectarLoad= 6.55494122067466
