ICQueenStrength= 1.58986728778109
RQWkrDrnRatio= 3.34487692080438
ICDroneMiteSurvivorship= 47.3914263537154
ICWorkerMiteSurvivorship= 28.2597612822428
ICForagerLifespan= 7.50571621302515
ImmType= Exponential
RQQueenStrength= 2.18756103445776
RQEnableReQueen= true
AIAdultSlope= 3.20516721904278
AIAdultLD50= 0.715988862232305
AIAdultSlopeContact= 4.31930229952559
AIAdultLD50Contact= 96.7421505891173
AILarvaSlope= 7.21137066371739
AILarvaLD50= 84.2299387850205
AIKOW= 29966.1734093219
AIKOC= 64783.7439882113
AIHalfLife= 11.3130016644252
EAppRate= 2.52504239346017
FoliarEnabled= true
FoliarAppDate= 09/01/1989
FoliarForageBegin= 09/01/1989
FoliarForageEnd= 09/08/1989
AIContactFactor= 0.736061094724573
CL4Pollen= 1.90800752583891
CL4Nectar= 94.8331321123987
CL5Pollen= 3.35401104111224
CL5Nectar= 135.306039615534
CLDPollen= 3.76143733318895
CLDNectar= 57.9378646449186
CA13Pollen= 3.88402755074203
CA13Nectar= 26.3461146317422
CA410Pollen= 7.1303073739633
CA410Nectar= 83.6268889671192
CA1120Pollen= 2.05126007180661
CA1120Nectar= 43.2782549411058
IPollenTrips= 12.5654797651805
INectarTrips= 11.8619800824672
IPollenLoad= 8.85772227775306
INectarLoad= 1.77108589326963
