ICQueenStrength= 5.24715303117409
RQWkrDrnRatio= 2.32448120415211
ICDroneMiteSurvivorship= 70.0305527774617
ICWorkerMiteSurvivorship= 11.0908966744319
ICForagerLifespan= 8.69164269138128
ImmType= Sine
RQQueenStrength= 4.43479376169853
RQEnableReQueen= true
AIAdultSlope= 8.99317615106702
AIAdultLD50= 48.8728801056365
AIAdultSlopeContact= 6.74247878300957
AIAdultLD50Contact= 81.1995156534782
AILarvaSlope= 7.37000748887658
AILarvaLD50= 82.2812462975939
AIKOW= 72513.1318451653
AIKOC= 58363.8958807425
AIHalfLife= 13.8554991552839
EAppRate= 4.80644400427095
FoliarEnabled= true
FoliarAppDate= 06/07/1989
FoliarForageBegin= 06/05/1989
FoliarForageEnd= 06/28/1989
AIContactFactor= 1.72448760381434
CL4Pollen= 2.72748761251569
CL4Nectar= 94.7930574649945
CL5Pollen= 3.76997444126755
CL5Nectar= 112.701943446882
CLDPollen= 0.63745731767267
CLDNectar= 19.6375428931788
CA13Pollen= 3.98966763382778
CA13Nectar= 34.1418204456568
CA410Pollen= 7.95297373295762
CA410Nectar= 144.451164808124
CA1120Pollen= 0.341755523812026
CA1120Nectar= 70.3168427757919
IPollenTrips= 7.62045493116602
INectarTrips= 13.6927354102954
IPollenLoad= 7.22151765599847
INectarLoad= 9.3739698198624
ESoilP= 1.71902571152896
ESoilFoc= 0.0159028033211362
