ICQueenStrength= 4.41033699922264
RQWkrDrnRatio= 1.12619538977742
ICDroneMiteSurvivorship= 39.4449341576546
ICWorkerMiteSurvivorship= 56.1790280975401
ICForagerLifespan= 8.05383231118321
ImmType= Sine
RQQueenStrength= 4.15272190258838
RQEnableReQueen= true
AIAdultSlope= 7.53419952839613
AIAdultLD50= 0.97455009094975
AIAdultSlopeContact= 8.19578053569421
AIAdultLD50Contact= 29.6009755798876
AILarvaSlope= 3.88863129168749
AILarvaLD50= 35.9559577885491
AIKOW= 40289.1398048079
AIKOC= 64857.9494689291
AIHalfLife= 4.17186346624512
EAppRate= 6.78954862669739
FoliarEnabled= true
FoliarAppDate= 09/01/1989
FoliarForageBegin= 09/01/1989
FoliarForageEnd= 09/08/1989
AIContactFactor= 0.373612960367463
CL4Pollen= 3.55015069432557
CL4Nectar= 56.7519133444875
CL5Pollen= 1.89383336389437
CL5Nectar= 54.7883846098557
CLDPollen= 4.06438259733841
CLDNectar= 1.6837295377627
CA13Pollen= 7.96794791873544
CA13Nectar= 78.9189425110817
CA410Pollen= 2.29780254994985
CA410Nectar= 183.335284474306
CA1120Pollen= 0.217924192082137
CA1120Nectar= 56.4122275076807
IPollenTrips= 13.5276526538655
INectarTrips= 10.5378038110211
IPollenLoad= 8.42676091240719
INectarLoad= 2.79778641182929
