ICQueenStrength= 3.82897450961173
RQWkrDrnRatio= 2.9406012846157
ICDroneMiteSurvivorship= 80.1539594773203
ICWorkerMiteSurvivorship= 32.8058756422251
ICForagerLifespan= 6.73487057629973
ImmType= Sine
RQQueenStrength= 1.37984922295436
RQEnableReQueen= true
AIAdultSlope= 7.53771389648318
AIAdultLD50= 21.5473912999923
AIAdultSlopeContact= 7.62759600859135
AIAdultLD50Contact= 68.946907258014
AILarvaSlope= 2.92051177471876
AILarvaLD50= 64.7319099325878
AIKOW= 48529.7983061256
AIKOC= 77984.2195753066
AIHalfLife= 29.29105385812
EAppRate= 0.204255744090304
FoliarEnabled= true
FoliarAppDate= 06/07/1989
FoliarForageBegin= 06/05/1989
FoliarForageEnd= 06/28/1989
AIContactFactor= 0.278293926557526
CL4Pollen= 3.63776662852615
CL4Nectar= 45.0514465104789
CL5Pollen= 2.82730071712285
CL5Nectar= 70.2015711693093
CLDPollen= 0.13344997772947
CLDNectar= 61.7953077075072
CA13Pollen= 2.96816935371608
CA13Nectar= 37.1654597111046
CA410Pollen= 2.73998954610433
CA410Nectar= 192.653832384385
CA1120Pollen= 1.45438958820887
CA1120Nectar= 98.5342106595635
IPollenTrips= 6.59327028784901
INectarTrips= 10.4670613352209
IPollenLoad= 0.421859573107213
INectarLoad= 0.402044402435422
