ICQueenStrength= 2.49330468615517
RQWkrDrnRatio= 3.26814267877489
ICDroneMiteSurvivorship= 34.4849989050999
ICWorkerMiteSurvivorship= 12.3625741573051
ICForagerLifespan= 6.90928665176034
ImmType= Sine
RQQueenStrength= 2.2337580579333
RQEnableReQueen= true
AIAdultSlope= 6.43578430823982
AIAdultLD50= 9.69016892288299
AIAdultSlopeContact= 9.95969068165869
AIAdultLD50Contact= 80.9214697510072
AILarvaSlope= 1.8346497528255
AILarvaLD50= 8.90733614546386
AIKOW= 80856.1125589157
AIKOC= 74536.7088008127
AIHalfLife= 25.0741527369479
EAppRate= 3.0418402784795
FoliarEnabled= true
FoliarAppDate= 06/07/1989
FoliarForageBegin= 06/05/1989
FoliarForageEnd= 06/28/1989
AIContactFactor= 1.9878251809394
CL4Pollen= 1.44890980701894
CL4Nectar= 25.2104949671775
CL5Pollen= 4.32370655145496
CL5Nectar= 85.259822756052
CLDPollen= 3.0791227966547
CLDNectar= 30.8557811309583
CA13Pollen= 6.98146596672013
CA13Nectar= 26.0392893105745
CA410Pollen= 5.268813177431
CA410Nectar= 110.258319736458
CA1120Pollen= 1.54677312145941
CA1120Nectar= 41.3992004282773
IPollenTrips= 14.4275312731043
INectarTrips= 8.77195822773501
IPollenLoad= 0.450919009745121
INectarLoad= 9.23678969498724
