ICQueenStrength= 2.36740861576982
RQWkrDrnRatio= 4.54650364536792
ICDroneMiteSurvivorship= 88.1616668077186
ICWorkerMiteSurvivorship= 41.5811149403453
ICForagerLifespan= 9.69312190636992
ImmType= Sine
RQQueenStrength= 2.70823760214262
RQEnableReQueen= true
AIAdultSlope= 4.94349567778409
AIAdultLD50= 63.6980368925806
AIAdultSlopeContact= 7.09498591721058
AIAdultLD50Contact= 89.2611094602498
AILarvaSlope= 8.57711681909859
AILarvaLD50= 96.1815490161211
AIKOW= 20866.7071274235
AIKOC= 78622.0370758553
AIHalfLife= 2.39067440803628
EAppRate= 7.27186464294745
FoliarEnabled= true
FoliarAppDate= 06/07/1989
FoliarForageBegin= 06/05/1989
FoliarForageEnd= 06/28/1989
AIContactFactor= 1.86003861312754
CL4Pollen= 1.29385842941701
CL4Nectar= 14.6701935213059
CL5Pollen= 1.51281254086643
CL5Nectar= 11.6636671358719
CLDPollen= 0.490240939892828
CLDNectar= 76.0387774324045
CA13Pollen= 3.9250408846885
CA13Nectar= 97.5996576249599
CA410Pollen= 3.57515865166206
CA410Nectar= 118.575760163367
CA1120Pollen= 0.708423075266182
CA1120Nectar= 66.3395611010492
IPollenTrips= 7.99425862729549
INectarTrips= 6.57507320633158
IPollenLoad= 3.07814711006358
INectarLoad= 6.46783819422126
ESoilP= 1.73519058688544
ESoilFoc= 0.0111171253626235
