ICQueenStrength= 2.11755893100053
RQWkrDrnRatio= 1.57933084107935
ICDroneMiteSurvivorship= 53.6710189888254
ICWorkerMiteSurvivorship= 93.6838216381148
ICForagerLifespan= 13.0419674096629
ImmType= Logarithmic
RQQueenStrength= 4.63440368906595
RQEnableReQueen= true
AIAdultSlope= 2.32931898534298
AIAdultLD50= 80.2103042065776
AIAdultSlopeContact= 2.83437024289742
AIAdultLD50Contact= 28.5299576226722
AILarvaSlope= 3.51243579387665
AILarvaLD50= 17.6896171270353
AIKOW= 83419.8921502342
AIKOC= 73348.7177582697
AIHalfLife= 29.768298553722
EAppRate= 5.50682523680525
FoliarEnabled= true
FoliarAppDate= 06/07/1989
FoliarForageBegin= 06/05/1989
FoliarForageEnd= 06/28/1989
AIContactFactor= 0.792439841954037
CL4Pollen= 2.03870206698775
CL4Nectar= 58.6389282718301
CL5Pollen= 0.329548231791705
CL5Nectar= 137.475928862114
CLDPollen= 4.92789606610313
CLDNectar= 60.5834870017134
CA13Pollen= 4.00229943431914
CA13Nectar= 86.9998387061059
CA410Pollen= 2.71404745839536
CA410Nectar= 187.714437362738
CA1120Pollen= 2.53725320985541
CA1120Nectar= 62.8615740500391
IPollenTrips= 13.4169024904259
INectarTrips= 10.6001417827792
IPollenLoad= 6.17005517007783
INectarLoad= 2.09668623749167
ESoilP= 1.21438665525056
ESoilFoc= 0.0166040450669825
