ICQueenStrength= 5.3995500204619
RQWkrDrnRatio= 2.47567510139197
ICDroneMiteSurvivorship= 90.1578574208543
ICWorkerMiteSurvivorship= 58.2492186687887
ICForagerLifespan= 11.2484769951552
ImmType= Exponential
RQQueenStrength= 5.54474212951027
RQEnableReQueen= true
AIAdultSlope= 2.8640549890697
AIAdultLD50= 20.6516335300333
AIAdultSlopeContact= 1.41029209620319
AIAdultLD50Contact= 28.4887683146466
AILarvaSlope= 2.24561627209187
AILarvaLD50= 31.5153600467143
AIKOW= 92575.1702601417
AIKOC= 6403.14700883487
AIHalfLife= 6.50737545236479
EAppRate= 1.92591430857149
FoliarEnabled= true
FoliarAppDate= 06/07/1989
FoliarForageBegin= 06/05/1989
FoliarForageEnd= 06/28/1989
AIContactFactor= 1.66669799142517
CL4Pollen= 1.07667398545891
CL4Nectar= 49.9157438753173
CL5Pollen= 2.97496631741524
CL5Nectar= 31.8219450535253
CLDPollen= 3.4480175874196
CLDNectar= 72.646243928466
CA13Pollen= 6.86017186222598
CA13Nectar= 97.3327510803938
CA410Pollen= 4.29272412348073
CA410Nectar= 58.2803063467145
CA1120Pollen= 0.0880379991140217
CA1120Nectar= 81.7881863005459
IPollenTrips= 7.54309955751523
INectarTrips= 11.5127467550337
IPollenLoad= 7.07004717318341
INectarLoad= 0.873559243045747
