ICQueenStrength= 5.15929047274403
RQWkrDrnRatio= 4.96854162588716
ICDroneMiteSurvivorship= 99.5292413746938
ICWorkerMiteSurvivorship= 98.9639587933198
ICForagerLifespan= 10.9565096646547
ImmType= Polynomial
RQQueenStrength= 4.10783934080973
RQEnableReQueen= true
AIAdultSlope= 1.52701097168028
AIAdultLD50= 98.4779956681286
AIAdultSlopeContact= 7.44708533678204
AIAdultLD50Contact= 97.7202443675459
AILarvaSlope= 6.65264916792512
AILarvaLD50= 1.11342591431201
AIKOW= 23106.5001165285
AIKOC= 749.802381302463
AIHalfLife= 25.5931837929413
EAppRate= 8.0085320362167
FoliarEnabled= true
FoliarAppDate= 06/07/1989
FoliarForageBegin= 06/05/1989
FoliarForageEnd= 06/28/1989
AIContactFactor= 0.637428911104798
CL4Pollen= 0.505775039084256
CL4Nectar= 60.1290377089754
CL5Pollen= 3.84799194289371
CL5Nectar= 147.087865357753
CLDPollen= 0.0417955219745636
CLDNectar= 47.7569713024423
CA13Pollen= 5.07116536358371
CA13Nectar= 76.5535431727767
CA410Pollen= 8.23174002419691
CA410Nectar= 143.915238324553
CA1120Pollen= 1.79189450992271
CA1120Nectar= 42.3931631073356
IPollenTrips= 8.97520282305777
INectarTrips= 12.4620622233488
IPollenLoad= 9.71254830248654
INectarLoad= 8.32394844386727
ESoilP= 1.21547073428519
ESoilFoc= 0.013919612639118
