ICQueenStrength= 2.24905812903307
RQWkrDrnRatio= 4.40483306348324
ICDroneMiteSurvivorship= 27.3687459295616
ICWorkerMiteSurvivorship= 74.6330810477957
ICForagerLifespan= 4.65312561485916
ImmType= Cosine
RQQueenStrength= 4.69266268331558
RQEnableReQueen= true
AIAdultSlope= 3.36043247021735
AIAdultLD50= 64.6871735317435
AIAdultSlopeContact= 4.02062120568007
AIAdultLD50Contact= 57.2781890179401
AILarvaSlope= 5.22778841853142
AILarvaLD50= 41.1769301762981
AIKOW= 95343.7354648138
AIKOC= 51217.0763992628
AIHalfLife= 22.4903404740151
EAppRate= 4.64480533930939
FoliarEnabled= true
FoliarAppDate= 06/07/1989
FoliarForageBegin= 06/05/1989
FoliarForageEnd= 06/28/1989
AIContactFactor= 0.580988894137554
CL4Pollen= 2.94913326762617
CL4Nectar= 68.8678217353299
CL5Pollen= 3.78873835550621
CL5Nectar= 32.450888317544
CLDPollen= 3.24566203029826
CLDNectar= 79.3806656263769
CA13Pollen= 2.85009287046269
CA13Nectar= 25.2617065794766
CA410Pollen= 2.39232846782543
CA410Nectar= 122.510341978632
CA1120Pollen= 2.05417012330145
CA1120Nectar= 42.4455430731177
IPollenTrips= 10.4235740262084
INectarTrips= 14.9558849213645
IPollenLoad= 0.84896732121706
INectarLoad= 2.08211071789265
