ICQueenStrength= 2.37832791544497
RQWkrDrnRatio= 3.43312341347337
ICDroneMiteSurvivorship= 63.3578531211242
ICWorkerMiteSurvivorship= 57.9214799916372
ICForagerLifespan= 4.70879577100277
ImmType= Sine
RQQueenStrength= 1.38713729009032
RQEnableReQueen= true
AIAdultSlope= 7.59465092606843
AIAdultLD50= 1.27863290087134
AIAdultSlopeContact= 4.79648313764483
AIAdultLD50Contact= 16.1821447744663
AILarvaSlope= 3.1406477317214
AILarvaLD50= 12.3517050182563
AIKOW= 38416.5169088885
AIKOC= 11274.8177153221
AIHalfLife= 34.4932111446513
EAppRate= 2.33842197847529
FoliarEnabled= true
FoliarAppDate= 06/07/1989
FoliarForageBegin= 06/05/1989
FoliarForageEnd= 06/28/1989
AIContactFactor= 1.31442660017405
CL4Pollen= 2.96188016049564
CL4Nectar= 0.513624749146402
CL5Pollen= 4.87779670860618
CL5Nectar= 37.158181972336
CLDPollen= 5.59371781814843
CLDNectar= 50.4184130695648
CA13Pollen= 5.22936920104548
CA13Nectar= 63.8785110227764
CA410Pollen= 8.87810933543369
CA410Nectar= 98.4173169406131
CA1120Pollen= 2.46537747303955
CA1120Nectar= 40.8694962412119
IPollenTrips= 5.0415346189402
INectarTrips= 8.40602193726227
IPollenLoad= 9.52145037474111
INectarLoad= 0.186104418244213
