ICQueenStrength= 1.01400765264407
RQWkrDrnRatio= 2.90558718051761
ICDroneMiteSurvivorship= 40.1255945907906
ICWorkerMiteSurvivorship= 37.8299793461338
ICForagerLifespan= 12.6528798723593
ImmType= Polynomial
RQQueenStrength= 1.22796502802521
RQEnableReQueen= true
AIAdultSlope= 4.03553775139153
AIAdultLD50= 41.1743703686679
AIAdultSlopeContact= 3.55169117776677
AIAdultLD50Contact= 51.7400917522618
AILarvaSlope= 2.50827510468662
AILarvaLD50= 81.7425192707842
AIKOW= 49800.5571915998
AIKOC= 40482.143312237
AIHalfLife= 10.704642699752
EAppRate= 7.45830335178738
FoliarEnabled= true
FoliarAppDate= 06/07/1989
FoliarForageBegin= 06/05/1989
FoliarForageEnd= 06/28/1989
AIContactFactor= 1.13051411448047
CL4Pollen= 1.4337932895869
CL4Nectar= 60.7642892515287
CL5Pollen= 4.13251951429993
CL5Nectar= 8.99508077418432
CLDPollen= 1.46473454218358
CLDNectar= 141.229381039739
CA13Pollen= 2.86488974168897
CA13Nectar= 45.0151342898607
CA410Pollen= 5.39049026768189
CA410Nectar= 89.8517015203834
CA1120Pollen= 0.235385559964925
CA1120Nectar= 51.1974411457777
IPollenTrips= 7.6205347222276
INectarTrips= 14.4864108460024
IPollenLoad= 5.02424132078886
INectarLoad= 4.92058227304369
