ICQueenStrength= 4.77534067258239
RQWkrDrnRatio= 3.26192258857191
ICDroneMiteSurvivorship= 55.6107633048669
ICWorkerMiteSurvivorship= 61.9496060535312
ICForagerLifespan= 9.78659985773265
ImmType= Sine
AIAdultSlope= 0.796356351538561
AIAdultLD50= 0.0833975855261088
AIAdultSlopeContact= 3.85541834526463
AIAdultLD50Contact= 0.0222154621966183
AILarvaSlope= 2.32884393148124
AILarvaLD50= 0.543885635817423
AIKOW= 3.75525715667754
AIKOC= 17.1977306145709
AIHalfLife= 0.302637928514741
EAppRate= 8.07146254694089
FoliarEnabled= true
