ICQueenStrength= 5.7189739078749
RQWkrDrnRatio= 3.37264492269605
ICDroneMiteSurvivorship= 77.495588734746
ICWorkerMiteSurvivorship= 10.8159572118893
ICForagerLifespan= 8.46686850767583
ImmType= Exponential
RQQueenStrength= 1.99535314831883
RQEnableReQueen= true
AIAdultSlope= 6.12817368656397
AIAdultLD50= 0.0838941838832106
AIAdultSlopeContact= 2.4749594735913
AIAdultLD50Contact= 32.6583998344436
AILarvaSlope= 8.18217429891229
AILarvaLD50= 98.7346749626659
AIKOW= 72105.4096661127
AIKOC= 27513.5399077293
AIHalfLife= 25.5037024531048
EAppRate= 7.37193241233938
FoliarEnabled= true
FoliarAppDate= 09/01/1989
FoliarForageBegin= 09/01/1989
FoliarForageEnd= 09/08/1989
AIContactFactor= 0.376555298916064
CL4Pollen= 1.06395997479558
CL4Nectar= 6.00195778533816
CL5Pollen= 2.95962391700596
CL5Nectar= 73.4271176042967
CLDPollen= 1.96952662663534
CLDNectar= 49.3377106497064
CA13Pollen= 5.87654146440327
CA13Nectar= 63.2545904256403
CA410Pollen= 4.24198894621804
CA410Nectar= 141.809268849902
CA1120Pollen= 0.187924465863034
CA1120Nectar= 33.6649105511606
IPollenTrips= 9.18014715658501
INectarTrips= 12.7740733604878
IPollenLoad= 1.54203632380813
INectarLoad= 7.62785358354449
