ICQueenStrength= 2.88021632493474
RQWkrDrnRatio= 2.60420163720846
ICDroneMiteSurvivorship= 77.5117929792032
ICWorkerMiteSurvivorship= 84.1079222271219
ICForagerLifespan= 12.0153987584636
ImmType= Tangent
RQQueenStrength= 3.62529951403849
RQEnableReQueen= true
AIAdultSlope= 1.40351200662553
AIAdultLD50= 7.21513671320514
AIAdultSlopeContact= 1.31280412920751
AIAdultLD50Contact= 76.4364766785272
AILarvaSlope= 6.23529988527298
AILarvaLD50= 39.4120047475686
AIKOW= 53484.9032242978
AIKOC= 20761.6777843931
AIHalfLife= 18.4431524219923
EAppRate= 4.3202727004576
FoliarEnabled= true
FoliarAppDate= 06/07/1989
FoliarForageBegin= 06/05/1989
FoliarForageEnd= 06/28/1989
AIContactFactor= 0.575816132947802
CL4Pollen= 0.176766210235655
CL4Nectar= 12.1102850884199
CL5Pollen= 4.97208215435967
CL5Nectar= 32.1646701777354
CLDPollen= 1.60993679333478
CLDNectar= 38.9438499812968
CA13Pollen= 7.82153879227117
CA13Nectar= 87.7230801433325
CA410Pollen= 4.81158054235857
CA410Nectar= 167.488714321516
CA1120Pollen= 2.94333051843569
CA1120Nectar= 72.7551781572402
IPollenTrips= 7.26667677052319
INectarTrips= 11.9831429910846
IPollenLoad= 4.53718996606767
INectarLoad= 5.82524386001751
