ICQueenStrength= 4.31465460173786
RQWkrDrnRatio= 2.41782610304654
ICDroneMiteSurvivorship= 82.1875211084262
ICWorkerMiteSurvivorship= 97.2520291572437
ICForagerLifespan= 15.7155854515731
ImmType= Sine
RQQueenStrength= 2.03358067572117
RQEnableReQueen=true
AIAdultSlope= 2.40878089703619
AIAdultLD50= 0.0827326690230984
AIAdultSlopeContact= 8.35936967469752
AIAdultLD50Contact= 66.6210405132105
AILarvaSlope= 3.8830240201205
AILarvaLD50= 12.1165985476917
AIKOW= 74027.5606408433
AIKOC= 70883.4044078281
AIHalfLife= 34.6560048277955
EAppRate= 6.18839163962961
FoliarEnabled=true
FoliarAppDate= 07/01/1989
FoliarForageBegin= 07/01/1989
FoliarForageEnd= 07/14/1989
AIContactFactor= 2.11406532614026
CL4Pollen= 3.77414498571306
CL4Nectar= 73.3378973556682
CL5Pollen= 4.05469509121031
CL5Nectar= 143.126859900076
CLDPollen= 1.9070850382559
CLDNectar= 100.364382821135
CA13Pollen= 4.88926161667332
CA13Nectar= 82.9955249466002
CA410Pollen= 7.45936680412851
CA410Nectar= 36.7455988796428
CA1120Pollen= 2.533572307555
CA1120Nectar= 87.1413340605795
IPollenTrips= 14.4316685339436
INectarTrips= 11.5224327635951
IPollenLoad= 7.20141533995047
INectarLoad= 6.27794590312988
