ICQueenStrength= 4.07675034855492
RQWkrDrnRatio= 3.49997675605118
ICDroneMiteSurvivorship= 32.3421550216153
ICWorkerMiteSurvivorship= 48.0646437499672
ICForagerLifespan= 7.62526075169444
ImmType= Sine
RQQueenStrength= 4.17948563839309
RQEnableReQueen= true
AIAdultSlope= 5.28947244770825
AIAdultLD50= 48.2550119870661
AIAdultSlopeContact= 2.22623063554056
AIAdultLD50Contact= 9.94362806212203
AILarvaSlope= 1.61726324819028
AILarvaLD50= 56.316994943084
AIKOW= 32858.6209418731
AIKOC= 87462.9183134397
AIHalfLife= 12.9047407771926
EAppRate= 1.85910383890406
FoliarEnabled= true
FoliarAppDate= 06/07/1989
FoliarForageBegin= 06/05/1989
FoliarForageEnd= 06/28/1989
AIContactFactor= 2.19744932763744
CL4Pollen= 1.86089341063052
CL4Nectar= 80.589395808056
CL5Pollen= 5.62709285784513
CL5Nectar= 77.4211007519625
CLDPollen= 5.33198779821396
CLDNectar= 45.5824827309698
CA13Pollen= 5.21752227917314
CA13Nectar= 27.375863250345
CA410Pollen= 2.81386887568515
CA410Nectar= 115.624302877113
CA1120Pollen= 2.4973530205898
CA1120Nectar= 86.5899411216378
IPollenTrips= 6.51980461552739
INectarTrips= 11.8148930394091
IPollenLoad= 0.579377268441021
INectarLoad= 6.70238442718983
