ICQueenStrength= 2.46758532524109
RQWkrDrnRatio= 1.9803660986945
ICDroneMiteSurvivorship= 51.9925157306716
ICWorkerMiteSurvivorship= 32.3660701746121
ICForagerLifespan= 4.36261175945401
ImmType= Exponential
RQQueenStrength= 1.62998516298831
RQEnableReQueen=true
AIAdultSlope= 8.86033105105162
AIAdultLD50= 0.0701187872805167
AIAdultSlopeContact= 8.28319322247989
AIAdultLD50Contact= 26.0615744541755
AILarvaSlope= 6.75414834357798
AILarvaLD50= 20.3099689900402
AIKOW= 63943.7064961674
AIKOC= 57823.9709755331
AIHalfLife= 17.046279507759
EAppRate= 3.95853836497269
FoliarEnabled=true
FoliarAppDate= 07/01/1989
FoliarForageBegin= 07/01/1989
FoliarForageEnd= 07/14/1989
AIContactFactor= 1.58574856514111
CL4Pollen= 2.85563608072698
CL4Nectar= 19.8803906561807
CL5Pollen= 3.68029512092471
CL5Nectar= 51.9812882062979
CLDPollen= 0.389983754139394
CLDNectar= 64.3264766433276
CA13Pollen= 6.00514348624274
CA13Nectar= 85.3842308744788
CA410Pollen= 7.45025303910952
CA410Nectar= 112.047655065544
CA1120Pollen= 2.43772730743513
CA1120Nectar= 95.283984746784
IPollenTrips= 6.16620203712955
INectarTrips= 9.38522598706186
IPollenLoad= 5.20325486781076
INectarLoad= 1.51536755729467
