ICQueenStrength= 1.06189185287803
RQWkrDrnRatio= 2.47444168757647
ICDroneMiteSurvivorship= 86.576743517071
ICWorkerMiteSurvivorship= 60.2812774013728
ICForagerLifespan= 12.7303931144997
ImmType= Cosine
RQQueenStrength= 4.95596525073051
RQEnableReQueen=true
AIAdultSlope= 1.5934383329004
AIAdultLD50= 0.493505544884829
AIAdultSlopeContact= 8.34307124838233
AIAdultLD50Contact= 23.3448089445732
AILarvaSlope= 7.17789372988045
AILarvaLD50= 73.7113044602254
AIKOW= 79968.5696380759
AIKOC= 76708.9444103707
AIHalfLife= 3.55242037218995
EAppRate= 8.79250114752795
FoliarEnabled=true
FoliarAppDate= 07/01/1989
FoliarForageBegin= 07/01/1989
FoliarForageEnd= 07/14/1989
AIContactFactor= 1.16360608729999
CL4Pollen= 1.27528984285891
CL4Nectar= 99.0612778114155
CL5Pollen= 3.73912484105676
CL5Nectar= 47.830335830804
CLDPollen= 5.33918812545016
CLDNectar= 141.486086533405
CA13Pollen= 2.49143068054691
CA13Nectar= 34.291977994144
CA410Pollen= 3.02371847461909
CA410Nectar= 68.3555525681004
CA1120Pollen= 2.27068651537411
CA1120Nectar= 59.6955907158554
IPollenTrips= 13.5325672104955
INectarTrips= 8.46862022764981
IPollenLoad= 5.93420922057703
INectarLoad= 4.38201015349478
