ICQueenStrength= 1.05519034527242
RQWkrDrnRatio= 1.07601882982999
ICDroneMiteSurvivorship= 90.7192873535678
ICWorkerMiteSurvivorship= 43.2979390723631
ICForagerLifespan= 8.48056090530008
ImmType= Logarithmic
RQQueenStrength= 2.86837701778859
RQEnableReQueen=true
AIAdultSlope= 4.9493878595531
AIAdultLD50= 0.0819828718302306
AIAdultSlopeContact= 7.56804809346795
AIAdultLD50Contact= 61.7000525087744
AILarvaSlope= 5.69237535074353
AILarvaLD50= 73.8620245430442
AIKOW= 95826.7134363794
AIKOC= 47453.1835390141
AIHalfLife= 14.0225953383138
EAppRate= 8.53605157787493
FoliarEnabled=true
FoliarAppDate= 07/01/1989
FoliarForageBegin= 07/01/1989
FoliarForageEnd= 07/14/1989
AIContactFactor= 1.37461261028424
CL4Pollen= 0.0655333455651999
CL4Nectar= 92.4073989037424
CL5Pollen= 2.8750324412249
CL5Nectar= 46.8890472664498
CLDPollen= 3.8832645365037
CLDNectar= 17.4725497257896
CA13Pollen= 4.47288038982078
CA13Nectar= 86.8701355159283
CA410Pollen= 5.26548652255442
CA410Nectar= 174.094489654526
CA1120Pollen= 0.200028891675174
CA1120Nectar= 20.7980949431658
IPollenTrips= 13.3943211450242
INectarTrips= 5.88455077260733
IPollenLoad= 7.40776130696759
INectarLoad= 5.89400145690888
