ICQueenStrength= 5.37982954084873
RQWkrDrnRatio= 1.13405014574528
ICDroneMiteSurvivorship= 95.1412819791585
ICWorkerMiteSurvivorship= 81.0224238783121
ICForagerLifespan= 5.7998187514022
ImmType= Tangent
RQQueenStrength= 2.09986830386333
RQEnableReQueen= true
AIAdultSlope= 7.92482870817184
AIAdultLD50= 86.2826699998064
AIAdultSlopeContact= 2.90511871920899
AIAdultLD50Contact= 45.951265957827
AILarvaSlope= 8.51603204011917
AILarvaLD50= 65.0052632269287
AIKOW= 6659.02609230183
AIKOC= 4741.2637557094
AIHalfLife= 34.8436858294997
EAppRate= 5.59384333415423
FoliarEnabled= true
FoliarAppDate= 06/07/1989
FoliarForageBegin= 06/05/1989
FoliarForageEnd= 06/28/1989
AIContactFactor= 0.589380117263645
CL4Pollen= 0.370382880792022
CL4Nectar= 72.2622226458043
CL5Pollen= 0.680334253236651
CL5Nectar= 79.2209484265186
CLDPollen= 3.98837590171024
CLDNectar= 98.5631083720364
CA13Pollen= 6.33835015753284
CA13Nectar= 39.5516513101757
CA410Pollen= 7.10530644103419
CA410Nectar= 149.615247305483
CA1120Pollen= 1.5627122442238
CA1120Nectar= 66.4489997550845
IPollenTrips= 6.48565625306219
INectarTrips= 8.30700873630121
IPollenLoad= 2.72264705738053
INectarLoad= 6.28344167722389
ESoilP= 1.78189993067645
ESoilFoc= 0.00510314484778792
