ICQueenStrength= 4.3027849374339
RQWkrDrnRatio= 2.13830101024359
ICDroneMiteSurvivorship= 73.5980189405382
ICWorkerMiteSurvivorship= 90.0859117507935
ICForagerLifespan= 14.0177591843531
ImmType= Sine
RQQueenStrength= 3.5359243163839
RQEnableReQueen=true
AIAdultSlope= 1.39731211215258
AIAdultLD50= 0.821213542399695
AIAdultSlopeContact= 1.26766067813151
AIAdultLD50Contact= 92.738070129564
AILarvaSlope= 5.7048082780093
AILarvaLD50= 13.5435417792152
AIKOW= 85388.7144884793
AIKOC= 66615.0051609029
AIHalfLife= 4.87315305462107
EAppRate= 5.26065973442001
FoliarEnabled=true
FoliarAppDate= 07/01/1989
FoliarForageBegin= 07/01/1989
FoliarForageEnd= 07/14/1989
AIContactFactor= 1.24805641183164
CL4Pollen= 0.186523334123194
CL4Nectar= 78.1570123042911
CL5Pollen= 2.38576069520786
CL5Nectar= 146.325316827279
CLDPollen= 0.454676121007651
CLDNectar= 7.23137432942167
CA13Pollen= 8.06628301115706
CA13Nectar= 42.4356122128665
CA410Pollen= 4.29837971364614
CA410Nectar= 41.3669645460322
CA1120Pollen= 0.710604863008484
CA1120Nectar= 36.1485709063709
IPollenTrips= 9.92473757825792
INectarTrips= 14.1457304148935
IPollenLoad= 9.30941090919077
INectarLoad= 4.80888407910243
