ICQueenStrength= 1.60656033805571
RQWkrDrnRatio= 1.55123962275684
ICDroneMiteSurvivorship= 20.6886147381738
ICWorkerMiteSurvivorship= 80.7203696109354
ICForagerLifespan= 8.76264684088528
ImmType= Logarithmic
RQQueenStrength= 5.20923667494208
RQEnableReQueen= true
AIAdultSlope= 6.36960341595113
AIAdultLD50= 75.3862036310779
AIAdultSlopeContact= 7.01385059487075
AIAdultLD50Contact= 63.3803815153348
AILarvaSlope= 3.21227653697133
AILarvaLD50= 36.0187030404946
AIKOW= 21098.4305916283
AIKOC= 87332.044539504
AIHalfLife= 5.03432837303262
EAppRate= 8.87332031820761
FoliarEnabled= true
FoliarAppDate= 06/07/1989
FoliarForageBegin= 06/05/1989
FoliarForageEnd= 06/28/1989
AIContactFactor= 1.02419594699051
CL4Pollen= 1.80033120978624
CL4Nectar= 63.6919441167265
CL5Pollen= 5.41313829738647
CL5Nectar= 70.1159636839293
CLDPollen= 4.48571685841307
CLDNectar= 142.848165950272
CA13Pollen= 4.35721106063574
CA13Nectar= 98.8929189741611
CA410Pollen= 7.19074709725101
CA410Nectar= 83.2181115960702
CA1120Pollen= 1.61444272426888
CA1120Nectar= 75.7717740163207
IPollenTrips= 9.20682834461331
INectarTrips= 12.2216026834212
IPollenLoad= 7.45190486311913
INectarLoad= 4.46905155433342
