ICQueenStrength= 3.85350380744785
RQWkrDrnRatio= 1.55151408072561
ICDroneMiteSurvivorship= 5.77655234374106
ICWorkerMiteSurvivorship= 8.99254619143903
ICForagerLifespan= 7.48657978605479
ImmType= Exponential
RQQueenStrength= 3.836794863455
RQEnableReQueen=true
AIAdultSlope= 3.49433073587716
AIAdultLD50= 0.380858714093454
AIAdultSlopeContact= 3.48325257375836
AIAdultLD50Contact= 11.7851878831207
AILarvaSlope= 6.40044721402228
AILarvaLD50= 17.4737179447594
AIKOW= 8692.03694548352
AIKOC= 81273.9466749851
AIHalfLife= 22.388515231153
EAppRate= 4.53228090245533
FoliarEnabled=true
FoliarAppDate= 07/01/1989
FoliarForageBegin= 07/01/1989
FoliarForageEnd= 07/14/1989
AIContactFactor= 1.29274063867051
CL4Pollen= 1.90822024736553
CL4Nectar= 9.03068445622921
CL5Pollen= 5.81062307953835
CL5Nectar= 38.0732260993682
CLDPollen= 4.93900713231415
CLDNectar= 7.95570581685752
CA13Pollen= 3.58684630766511
CA13Nectar= 56.0939488187432
CA410Pollen= 6.75875568336342
CA410Nectar= 168.2285934221
CA1120Pollen= 2.47241559159011
CA1120Nectar= 83.158997874707
IPollenTrips= 12.4423879454844
INectarTrips= 11.9745854870416
IPollenLoad= 5.46520590782166
INectarLoad= 9.77204009192064
