ICQueenStrength= 3.4939484866336
RQWkrDrnRatio= 2.97976460307837
ICDroneMiteSurvivorship= 35.5097316903993
ICWorkerMiteSurvivorship= 89.8471218533814
ICForagerLifespan= 8.08729236572981
ImmType= Exponential
RQQueenStrength= 4.45258149318397
RQEnableReQueen=true
AIAdultSlope= 1.96641661226749
AIAdultLD50= 0.652721864701016
AIAdultSlopeContact= 2.7751678947825
AIAdultLD50Contact= 55.36042672448
AILarvaSlope= 7.8689524717629
AILarvaLD50= 30.6223471130477
AIKOW= 71170.4432224393
AIKOC= 37243.7827954905
AIHalfLife= 14.3953684895765
EAppRate= 4.5155756007696
FoliarEnabled=true
FoliarAppDate= 07/01/1989
FoliarForageBegin= 07/01/1989
FoliarForageEnd= 07/14/1989
AIContactFactor= 0.983763585244305
CL4Pollen= 2.7564623747021
CL4Nectar= 85.4001443367451
CL5Pollen= 2.58023329591379
CL5Nectar= 122.922541236039
CLDPollen= 5.67612228915095
CLDNectar= 103.16008933587
CA13Pollen= 4.93257844988257
CA13Nectar= 75.6093182973564
CA410Pollen= 7.00312923716847
CA410Nectar= 124.96873209253
CA1120Pollen= 2.20942032686435
CA1120Nectar= 75.2281608432531
IPollenTrips= 13.2317952532321
INectarTrips= 14.2606473132037
IPollenLoad= 5.70227733580396
INectarLoad= 7.32644378906116
