ICQueenStrength= 2.29636342055164
RQWkrDrnRatio= 4.15076760668308
ICDroneMiteSurvivorship= 82.3389686411247
ICWorkerMiteSurvivorship= 45.3322633868083
ICForagerLifespan= 7.83577262423933
ImmType= Polynomial
RQQueenStrength= 3.7412265248131
RQEnableReQueen= true
AIAdultSlope= 2.89348554611206
AIAdultLD50= 77.6717738713138
AIAdultSlopeContact= 7.70447390666232
AIAdultLD50Contact= 85.2046499405524
AILarvaSlope= 4.29392115958035
AILarvaLD50= 7.85762910364917
AIKOW= 34767.6366607401
AIKOC= 95215.1353029602
AIHalfLife= 15.8535836547846
EAppRate= 9.08012792504393
FoliarEnabled= true
FoliarAppDate= 06/07/1989
FoliarForageBegin= 06/05/1989
FoliarForageEnd= 06/28/1989
AIContactFactor= 1.24810898199212
CL4Pollen= 1.83814800065011
CL4Nectar= 33.2782228942961
CL5Pollen= 0.270865213125944
CL5Nectar= 1.47739596432075
CLDPollen= 2.30517057096586
CLDNectar= 108.343700319529
CA13Pollen= 3.05849531972781
CA13Nectar= 67.5174679420888
CA410Pollen= 8.26123972048517
CA410Nectar= 36.5250635892153
CA1120Pollen= 2.37557203648612
CA1120Nectar= 48.9647539146245
IPollenTrips= 14.4055904378183
INectarTrips= 5.59327836614102
IPollenLoad= 8.25804330874234
INectarLoad= 4.17685789056122
ESoilP= 1.70804925402626
ESoilFoc= 0.00463694452657364
