ICQueenStrength= 2.74326202250086
RQWkrDrnRatio= 1.24028647504747
ICDroneMiteSurvivorship= 30.5272878380492
ICWorkerMiteSurvivorship= 16.7625958565623
ICForagerLifespan= 7.80165699869394
ImmType= Sine
RQQueenStrength= 3.60579215828329
RQEnableReQueen= true
AIAdultSlope= 7.22170993313193
AIAdultLD50= 52.8241865118088
AIAdultSlopeContact= 7.62777637667023
AIAdultLD50Contact= 95.6251794469988
AILarvaSlope= 3.33969225734472
AILarvaLD50= 19.5017107319487
AIKOW= 87837.2446456608
AIKOC= 36661.68641929
AIHalfLife= 27.4942232646281
EAppRate= 7.57898645507917
FoliarEnabled= true
FoliarAppDate= 06/07/1989
FoliarForageBegin= 06/05/1989
FoliarForageEnd= 06/28/1989
AIContactFactor= 0.582305339984596
CL4Pollen= 3.73726295679808
CL4Nectar= 1.03181856684387
CL5Pollen= 4.03361111786216
CL5Nectar= 138.592889369465
CLDPollen= 2.13833623984829
CLDNectar= 26.8299821298569
CA13Pollen= 5.71533632306382
CA13Nectar= 89.6782563999295
CA410Pollen= 4.53990573757328
CA410Nectar= 72.6697017019615
CA1120Pollen= 0.672850913833827
CA1120Nectar= 70.6473982706666
IPollenTrips= 13.9374678698368
INectarTrips= 11.6861534095369
IPollenLoad= 0.449370697606355
INectarLoad= 8.65173820173368
