ICQueenStrength= 3.63734419830143
RQWkrDrnRatio= 4.34353716857731
ICDroneMiteSurvivorship= 94.7963594458997
ICWorkerMiteSurvivorship= 42.3620551126078
ICForagerLifespan= 14.2649141419679
ImmType= Sine
RQQueenStrength= 2.31768328975886
RQEnableReQueen=true
AIAdultSlope= 7.67070228047669
AIAdultLD50= 0.287016999668675
AIAdultSlopeContact= 8.25984078133479
AIAdultLD50Contact= 85.5590005271153
AILarvaSlope= 3.7822986189276
AILarvaLD50= 11.8334000381879
AIKOW= 14314.8520266392
AIKOC= 21694.0974459373
AIHalfLife= 17.4108978848672
EAppRate= 8.73812524957606
FoliarEnabled=true
FoliarAppDate= 07/01/1989
FoliarForageBegin= 07/01/1989
FoliarForageEnd= 07/14/1989
AIContactFactor= 0.336275747288018
CL4Pollen= 1.28063757717609
CL4Nectar= 46.2967090308666
CL5Pollen= 0.481335148215294
CL5Nectar= 107.465375214815
CLDPollen= 3.95954266330227
CLDNectar= 105.569987953641
CA13Pollen= 5.60965512674302
CA13Nectar= 82.7961239218712
CA410Pollen= 6.42184184549842
CA410Nectar= 179.538409574889
CA1120Pollen= 1.88486165623181
CA1120Nectar= 81.6548448987305
IPollenTrips= 8.79425817867741
INectarTrips= 13.7640072172508
IPollenLoad= 5.13209948083386
INectarLoad= 1.35814556386322
