ICQueenStrength= 1.53137436159886
RQWkrDrnRatio= 3.76583823468536
ICDroneMiteSurvivorship= 21.0079605225474
ICWorkerMiteSurvivorship= 46.983166388236
ICForagerLifespan= 12.8162503791973
ImmType= Tangent
RQQueenStrength= 4.47070912946947
RQEnableReQueen= true
AIAdultSlope= 2.61981191299856
AIAdultLD50= 7.23057560536149
AIAdultSlopeContact= 7.15930991410278
AIAdultLD50Contact= 85.9386263502387
AILarvaSlope= 3.18236605636775
AILarvaLD50= 25.0816377697824
AIKOW= 19961.6556000455
AIKOC= 79620.1248228846
AIHalfLife= 20.0582930120872
EAppRate= 9.88388400907302
FoliarEnabled= true
FoliarAppDate= 06/07/1989
FoliarForageBegin= 06/05/1989
FoliarForageEnd= 06/28/1989
AIContactFactor= 0.869188548289239
CL4Pollen= 1.85678590927273
CL4Nectar= 89.9087096797302
CL5Pollen= 3.24014166835696
CL5Nectar= 99.0418115747161
CLDPollen= 3.8862017118372
CLDNectar= 145.583318697754
CA13Pollen= 5.30923728719354
CA13Nectar= 77.6867254823446
CA410Pollen= 6.22428902958054
CA410Nectar= 93.8968663290143
CA1120Pollen= 2.81322096730582
CA1120Nectar= 30.1602755859494
IPollenTrips= 14.0952766616829
INectarTrips= 14.2721529910341
IPollenLoad= 9.85126399667934
INectarLoad= 0.306126025971025
ESoilP= 1.3854193969164
ESoilFoc= 0.0033134567795787
