ICQueenStrength= 4.08329798164777
RQWkrDrnRatio= 3.77914464659989
ICDroneMiteSurvivorship= 5.91629492118955
ICWorkerMiteSurvivorship= 70.429876120761
ICForagerLifespan= 14.5445607174188
ImmType= Sine
AIAdultSlope= 3.53290266115218
AIAdultLD50= 0.0425178467761725
AIAdultSlopeContact= 2.09705847689649
AIAdultLD50Contact= 0.0155164401279762
AILarvaSlope= 1.29255697848275
AILarvaLD50= 0.738452577358112
AIKOW= 4.23494581785053
AIKOC= 29.381840985734
AIHalfLife= 1.36296777287498
EAppRate= 8.07193860178813
FoliarEnabled= true
