ICQueenStrength= 4.25843885424547
RQWkrDrnRatio= 1.69794613309205
ICDroneMiteSurvivorship= 3.47765639889985
ICWorkerMiteSurvivorship= 87.7899921964854
ICForagerLifespan= 10.1873215576634
ImmType= Exponential
RQQueenStrength= 4.329772480065
RQEnableReQueen= true
AIAdultSlope= 4.39598100632429
AIAdultLD50= 22.6771505606142
AIAdultSlopeContact= 3.08027933747508
AIAdultLD50Contact= 82.0515921772353
AILarvaSlope= 5.21015066839755
AILarvaLD50= 10.2031173383144
AIKOW= 93897.5026879932
AIKOC= 46679.8449415069
AIHalfLife= 6.81616747814696
EAppRate= 4.14832642441988
FoliarEnabled= true
FoliarAppDate= 06/07/1989
FoliarForageBegin= 06/05/1989
FoliarForageEnd= 06/28/1989
AIContactFactor= 1.78819906331599
CL4Pollen= 2.77995587419719
CL4Nectar= 57.3552325367928
CL5Pollen= 4.48872943036258
CL5Nectar= 78.2358867698349
CLDPollen= 2.21213234402239
CLDNectar= 66.0471490700729
CA13Pollen= 6.74736773157492
CA13Nectar= 46.7792665213346
CA410Pollen= 5.39075441921596
CA410Nectar= 36.2901168316603
CA1120Pollen= 2.62224805355072
CA1120Nectar= 28.3247844688594
IPollenTrips= 14.6856325375848
INectarTrips= 13.7953364569694
IPollenLoad= 4.59024116164073
INectarLoad= 5.29529793187976
ESoilP= 1.69609575509094
ESoilFoc= 0.00649822220252827
