ICQueenStrength= 3.35502985538915
RQWkrDrnRatio= 1.07780670840293
ICDroneMiteSurvivorship= 8.96127694286406
ICWorkerMiteSurvivorship= 94.8556043673307
ICForagerLifespan= 11.7278716238216
ImmType= Tangent
RQQueenStrength= 3.68278613686562
RQEnableReQueen= true
AIAdultSlope= 6.65212051384151
AIAdultLD50= 63.9627365172279
AIAdultSlopeContact= 8.55428189993836
AIAdultLD50Contact= 94.6141672372047
AILarvaSlope= 7.83729362301528
AILarvaLD50= 56.2636827536176
AIKOW= 76301.4865057625
AIKOC= 29933.6329702388
AIHalfLife= 11.2334190556779
EAppRate= 9.86942425544001
FoliarEnabled= true
FoliarAppDate= 06/07/1989
FoliarForageBegin= 06/05/1989
FoliarForageEnd= 06/28/1989
AIContactFactor= 0.687750150631182
CL4Pollen= 0.560080357827246
CL4Nectar= 66.8196440907195
CL5Pollen= 3.50276843598112
CL5Nectar= 22.4449157947674
CLDPollen= 2.13682482484728
CLDNectar= 14.6438749856316
CA13Pollen= 4.8985104419291
CA13Nectar= 90.0231139548123
CA410Pollen= 2.39188417403493
CA410Nectar= 184.629178331234
CA1120Pollen= 2.15227998769842
CA1120Nectar= 44.3438856117427
IPollenTrips= 9.37641302123666
INectarTrips= 10.2265370683745
IPollenLoad= 3.29695262946188
INectarLoad= 9.09743013093248
