ICQueenStrength= 5.91238615009934
RQWkrDrnRatio= 3.62244359776378
ICDroneMiteSurvivorship= 80.0305965589359
ICWorkerMiteSurvivorship= 52.8037883806974
ICForagerLifespan= 11.6965593425557
ImmType= Cosine
RQQueenStrength= 5.52076374669559
RQEnableReQueen= true
AIAdultSlope= 7.50517240725458
AIAdultLD50= 76.7069351951405
AIAdultSlopeContact= 2.90697041573003
AIAdultLD50Contact= 56.4164901655663
AILarvaSlope= 8.38030270300806
AILarvaLD50= 60.5222096143155
AIKOW= 62917.7562721782
AIKOC= 70943.1490615767
AIHalfLife= 21.5883419275749
EAppRate= 6.7350324134212
FoliarEnabled= true
FoliarAppDate= 06/07/1989
FoliarForageBegin= 06/05/1989
FoliarForageEnd= 06/28/1989
AIContactFactor= 1.20658678692766
CL4Pollen= 2.5677044717595
CL4Nectar= 68.5402813367546
CL5Pollen= 5.61515487916768
CL5Nectar= 39.5748453447595
CLDPollen= 1.29655447695404
CLDNectar= 90.2766385814175
CA13Pollen= 3.38801804678515
CA13Nectar= 57.8329505957663
CA410Pollen= 6.67364933399949
CA410Nectar= 108.631559256464
CA1120Pollen= 0.230293699074537
CA1120Nectar= 65.8131751976907
IPollenTrips= 7.77088297298178
INectarTrips= 14.2067514872178
IPollenLoad= 3.55789853958413
INectarLoad= 3.96173163084313
ESoilP= 1.15881895041093
ESoilFoc= 0.0113873802530579
