ICQueenStrength= 2.27177828550339
RQWkrDrnRatio= 3.86379462014884
ICDroneMiteSurvivorship= 50.9547372814268
ICWorkerMiteSurvivorship= 44.9672455200925
ICForagerLifespan= 13.9823754690588
ImmType= Sine
RQQueenStrength= 1.65162780415267
RQEnableReQueen=true
AIAdultSlope= 5.84184270724654
AIAdultLD50= 0.134183623919962
AIAdultSlopeContact= 7.67768175667152
AIAdultLD50Contact= 96.9146999562981
AILarvaSlope= 6.16819182597101
AILarvaLD50= 26.2774544048326
AIKOW= 53705.3657191331
AIKOC= 60993.4895610483
AIHalfLife= 15.1076437796466
EAppRate= 3.99626459986996
FoliarEnabled=true
FoliarAppDate= 07/01/1989
FoliarForageBegin= 07/01/1989
FoliarForageEnd= 07/14/1989
AIContactFactor= 0.65068353974726
CL4Pollen= 0.993429584428668
CL4Nectar= 70.7414962816983
CL5Pollen= 5.21506204130128
CL5Nectar= 146.290629578289
CLDPollen= 3.94490665756166
CLDNectar= 90.3871053247713
CA13Pollen= 4.39592196680605
CA13Nectar= 44.1230948828161
CA410Pollen= 9.00986643761862
CA410Nectar= 26.9326710235327
CA1120Pollen= 2.4941878777463
CA1120Nectar= 47.8508483432233
IPollenTrips= 11.066105326172
INectarTrips= 13.7968108593486
IPollenLoad= 0.297114532440901
INectarLoad= 9.06761205755174
