ICQueenStrength= 1.34123453777283
RQWkrDrnRatio= 4.22244781069458
ICDroneMiteSurvivorship= 23.6086153658107
ICWorkerMiteSurvivorship= 48.9070101873949
ICForagerLifespan= 10.4903390947729
ImmType= Logarithmic
RQQueenStrength= 5.05623791506514
RQEnableReQueen= true
AIAdultSlope= 1.26568662934005
AIAdultLD50= 0.711216764782323
AIAdultSlopeContact= 3.00798230874352
AIAdultLD50Contact= 99.1826380150814
AILarvaSlope= 7.32906181178987
AILarvaLD50= 63.6803338381888
AIKOW= 82518.5927581526
AIKOC= 40184.2993429098
AIHalfLife= 3.16786310353782
EAppRate= 7.34156868694001
FoliarEnabled= true
FoliarAppDate= 09/01/1989
FoliarForageBegin= 09/01/1989
FoliarForageEnd= 09/08/1989
AIContactFactor= 0.938087383871898
CL4Pollen= 3.4113661153242
CL4Nectar= 30.1619647769257
CL5Pollen= 3.54838195955381
CL5Nectar= 128.038878645748
CLDPollen= 1.85627452097833
CLDNectar= 74.2052175686695
CA13Pollen= 3.13241092469543
CA13Nectar= 47.9039620049298
CA410Pollen= 4.14459631436039
CA410Nectar= 151.765878954902
CA1120Pollen= 0.423661810811609
CA1120Nectar= 45.34547932446
IPollenTrips= 12.4971172958612
INectarTrips= 14.5512251229957
IPollenLoad= 3.03090129978955
INectarLoad= 4.75358554860577
