ICQueenStrength= 2.02359170746058
RQWkrDrnRatio= 2.4743651682511
ICDroneMiteSurvivorship= 99.3234174093232
ICWorkerMiteSurvivorship= 99.1646252106875
ICForagerLifespan= 10.2060964535922
ImmType= Sine
RQQueenStrength= 1.27513840328902
RQEnableReQueen=true
AIAdultSlope= 7.30402787588537
AIAdultLD50= 0.276079989526188
AIAdultSlopeContact= 9.42999336449429
AIAdultLD50Contact= 97.6146645495673
AILarvaSlope= 3.75944342464209
AILarvaLD50= 98.3162109318452
AIKOW= 45823.6808116907
AIKOC= 89265.1790430909
AIHalfLife= 28.5346914147493
EAppRate= 0.647044620824512
FoliarEnabled=true
FoliarAppDate= 07/01/1989
FoliarForageBegin= 07/01/1989
FoliarForageEnd= 07/14/1989
AIContactFactor= 0.379270889409818
CL4Pollen= 1.58470230549574
CL4Nectar= 1.17752058431506
CL5Pollen= 0.584980591200292
CL5Nectar= 67.902635014616
CLDPollen= 5.71668255887926
CLDNectar= 43.3063855511136
CA13Pollen= 2.5637254559435
CA13Nectar= 75.8141109533608
CA410Pollen= 3.09930339122657
CA410Nectar= 20.8883414650336
CA1120Pollen= 2.71106801507995
CA1120Nectar= 43.2458101585507
IPollenTrips= 9.73661076044664
INectarTrips= 9.63064146693796
IPollenLoad= 5.38064153399318
INectarLoad= 4.14013027446344
