ICQueenStrength= 3.26585756405257
RQWkrDrnRatio= 3.02216190379113
ICDroneMiteSurvivorship= 65.1890970999375
ICWorkerMiteSurvivorship= 47.2389098023996
ICForagerLifespan= 14.031202910468
ImmType= Cosine
RQQueenStrength= 3.56803859374486
RQEnableReQueen= true
AIAdultSlope= 4.09448858909309
AIAdultLD50= 0.578424671830609
AIAdultSlopeContact= 7.7154518570751
AIAdultLD50Contact= 13.0003072195032
AILarvaSlope= 1.81535079888999
AILarvaLD50= 89.5469885454311
AIKOW= 53088.0845497633
AIKOC= 19964.0898384484
AIHalfLife= 15.9442262430675
EAppRate= 8.13149993189797
FoliarEnabled= true
FoliarAppDate= 09/01/1989
FoliarForageBegin= 09/01/1989
FoliarForageEnd= 09/08/1989
AIContactFactor= 0.35521724825725
CL4Pollen= 0.114041414111853
CL4Nectar= 84.9683431675658
CL5Pollen= 0.356612578500062
CL5Nectar= 141.350241238251
CLDPollen= 3.69299743138254
CLDNectar= 46.0542732733302
CA13Pollen= 4.03892294205725
CA13Nectar= 98.0569122545421
CA410Pollen= 9.40558227761649
CA410Nectar= 164.454792854376
CA1120Pollen= 1.25457499315962
CA1120Nectar= 60.2000707015395
IPollenTrips= 6.40029087662697
INectarTrips= 13.7449958082289
IPollenLoad= 1.14215493667871
INectarLoad= 3.96448448766023
