ICQueenStrength= 2.23337677493691
RQWkrDrnRatio= 3.21773799322546
ICDroneMiteSurvivorship= 84.3706908868626
ICWorkerMiteSurvivorship= 91.8743549613282
ICForagerLifespan= 4.91363131534308
ImmType= Tangent
RQQueenStrength= 2.74954776279628
RQEnableReQueen=true
AIAdultSlope= 1.04241013526917
AIAdultLD50= 0.0756805438387673
AIAdultSlopeContact= 5.84490275313146
AIAdultLD50Contact= 53.7842726964091
AILarvaSlope= 1.06074765697122
AILarvaLD50= 58.6653980019947
AIKOW= 24939.5091175657
AIKOC= 14185.9711663171
AIHalfLife= 9.74218468810432
EAppRate= 6.36305116672325
FoliarEnabled=true
FoliarAppDate= 07/01/1989
FoliarForageBegin= 07/01/1989
FoliarForageEnd= 07/14/1989
AIContactFactor= 0.692996618067846
CL4Pollen= 1.79353741835803
CL4Nectar= 18.8751812325791
CL5Pollen= 1.11492027388886
CL5Nectar= 94.937991653569
CLDPollen= 1.71311640786007
CLDNectar= 63.8639046228491
CA13Pollen= 6.66467710379511
CA13Nectar= 25.1355177536607
CA410Pollen= 9.40132220482919
CA410Nectar= 164.565541767515
CA1120Pollen= 1.55542483530007
CA1120Nectar= 60.1184263080359
IPollenTrips= 6.11777072772384
INectarTrips= 11.1121481587179
IPollenLoad= 0.568397191818804
INectarLoad= 1.61746278870851
