ICQueenStrength= 1.5405577076599
RQWkrDrnRatio= 4.94341062381864
ICDroneMiteSurvivorship= 13.7378025101498
ICWorkerMiteSurvivorship= 14.5504672080278
ICForagerLifespan= 10.6845993204042
ImmType= Polynomial
RQQueenStrength= 3.06593698821962
RQEnableReQueen=true
AIAdultSlope= 8.89564953185618
AIAdultLD50= 0.466670130443526
AIAdultSlopeContact= 3.73713529109955
AIAdultLD50Contact= 40.3572169513542
AILarvaSlope= 8.91018743999302
AILarvaLD50= 62.8919804918673
AIKOW= 62438.7821490927
AIKOC= 96581.9831714437
AIHalfLife= 1.06308451814111
EAppRate= 5.95452325483807
FoliarEnabled=true
FoliarAppDate= 07/01/1989
FoliarForageBegin= 07/01/1989
FoliarForageEnd= 07/14/1989
AIContactFactor= 1.4225221740175
CL4Pollen= 1.90138756018132
CL4Nectar= 97.0774142071605
CL5Pollen= 3.54870147351176
CL5Nectar= 148.223850305658
CLDPollen= 4.72152568073943
CLDNectar= 8.45328702125698
CA13Pollen= 4.35880165807903
CA13Nectar= 64.9923720955849
CA410Pollen= 7.13006079355255
CA410Nectar= 173.182940040715
CA1120Pollen= 2.56059701624326
CA1120Nectar= 24.9219721741974
IPollenTrips= 13.4978371183388
INectarTrips= 12.2592650121078
IPollenLoad= 8.66804381133988
INectarLoad= 6.86903974972665
