ICQueenStrength= 5.08365641022101
RQWkrDrnRatio= 1.45795098878443
ICDroneMiteSurvivorship= 39.9358262540773
ICWorkerMiteSurvivorship= 49.3882063310593
ICForagerLifespan= 4.93533232808113
ImmType= Cosine
RQQueenStrength= 4.41241337358952
RQEnableReQueen= true
AIAdultSlope= 6.50434757210314
AIAdultLD50= 86.1005017265852
AIAdultSlopeContact= 2.50886296853423
AIAdultLD50Contact= 94.5207573319864
AILarvaSlope= 3.80546721816063
AILarvaLD50= 65.3419146473326
AIKOW= 89565.3455708293
AIKOC= 6778.09512484027
AIHalfLife= 6.17115404417273
EAppRate= 7.04084462129162
FoliarEnabled= true
FoliarAppDate= 06/07/1989
FoliarForageBegin= 06/05/1989
FoliarForageEnd= 06/28/1989
AIContactFactor= 1.41513984625228
CL4Pollen= 1.95814039837569
CL4Nectar= 72.5043775048107
CL5Pollen= 2.16287060966715
CL5Nectar= 64.4013865152374
CLDPollen= 3.20254322653636
CLDNectar= 75.9180532651953
CA13Pollen= 5.42318155644461
CA13Nectar= 60.8002118393779
CA410Pollen= 4.92154948052485
CA410Nectar= 55.2761025400832
CA1120Pollen= 0.584091238444671
CA1120Nectar= 30.7808513566852
IPollenTrips= 13.8950572162867
INectarTrips= 13.0082235462032
IPollenLoad= 4.68622796004638
INectarLoad= 1.1572602763772
