ICQueenStrength= 3.56465730722994
RQWkrDrnRatio= 4.20703168120235
ICDroneMiteSurvivorship= 84.7914187703282
ICWorkerMiteSurvivorship= 19.6047512581572
ICForagerLifespan= 9.9030151637271
ImmType= Tangent
RQQueenStrength= 3.9557788441889
RQEnableReQueen= true
AIAdultSlope= 3.36508608981967
AIAdultLD50= 95.708017596296
AIAdultSlopeContact= 4.51042687054724
AIAdultLD50Contact= 64.0837482425135
AILarvaSlope= 6.0687635038048
AILarvaLD50= 49.3112182450411
AIKOW= 33711.2405269426
AIKOC= 91349.6185640732
AIHalfLife= 21.2046164716128
EAppRate= 1.44474607917061
FoliarEnabled= true
FoliarAppDate= 06/07/1989
FoliarForageBegin= 06/05/1989
FoliarForageEnd= 06/28/1989
AIContactFactor= 1.90879598056432
CL4Pollen= 0.458431966602802
CL4Nectar= 0.112342392094433
CL5Pollen= 0.688720100093633
CL5Nectar= 113.170546106994
CLDPollen= 3.02829127153382
CLDNectar= 84.6602752106264
CA13Pollen= 6.1752274476923
CA13Nectar= 85.3590409457684
CA410Pollen= 9.47608439752366
CA410Nectar= 63.8466520933434
CA1120Pollen= 1.45912557584234
CA1120Nectar= 39.3286493048072
IPollenTrips= 8.10222909087315
INectarTrips= 12.277095830068
IPollenLoad= 4.34348210226744
INectarLoad= 0.161564042791724
ESoilP= 1.60131358983926
ESoilFoc= 0.0171028491542675
