ICQueenStrength= 1.2491063659545
RQWkrDrnRatio= 3.5896107442677
ICDroneMiteSurvivorship= 85.2075500413775
ICWorkerMiteSurvivorship= 24.569471529685
ICForagerLifespan= 14.8590042358264
ImmType= Tangent
RQQueenStrength= 4.38327814824879
RQEnableReQueen= true
AIAdultSlope= 5.58192561194301
AIAdultLD50= 94.2466983350217
AIAdultSlopeContact= 7.35828800150193
AIAdultLD50Contact= 32.5274268290799
AILarvaSlope= 8.01090835593641
AILarvaLD50= 39.9685624885354
AIKOW= 79739.7296646891
AIKOC= 72114.6475939879
AIHalfLife= 26.7294109265553
EAppRate= 7.21361429505842
FoliarEnabled= true
FoliarAppDate= 06/07/1989
FoliarForageBegin= 06/05/1989
FoliarForageEnd= 06/28/1989
AIContactFactor= 0.590845175408758
CL4Pollen= 3.94803323969245
CL4Nectar= 12.9995973082259
CL5Pollen= 0.114090653602034
CL5Nectar= 95.1361739658751
CLDPollen= 2.73941731732339
CLDNectar= 58.789504179731
CA13Pollen= 2.72584028523415
CA13Nectar= 82.9550370760262
CA410Pollen= 6.61682434668765
CA410Nectar= 112.021129988134
CA1120Pollen= 2.6745371336583
CA1120Nectar= 83.0192543379962
IPollenTrips= 8.89442661544308
INectarTrips= 12.0692637236789
IPollenLoad= 2.67582641448826
INectarLoad= 6.29567764000967
ESoilP= 1.22476580459625
ESoilFoc= 0.00825120458356105
