ICQueenStrength= 4.48405483877286
RQWkrDrnRatio= 1.49347144458443
ICDroneMiteSurvivorship= 23.2470636023208
ICWorkerMiteSurvivorship= 65.783233102411
ICForagerLifespan= 5.80940521229059
ImmType= Tangent
RQQueenStrength= 5.43807693198323
RQEnableReQueen= true
AIAdultSlope= 3.17539374344051
AIAdultLD50= 31.6796106444027
AIAdultSlopeContact= 2.17943518050015
AIAdultLD50Contact= 52.6008547977877
AILarvaSlope= 3.66067733243108
AILarvaLD50= 7.81303714949172
AIKOW= 37042.4718922133
AIKOC= 65739.0972621001
AIHalfLife= 4.66040080711246
EAppRate= 4.74508939139545
FoliarEnabled= true
FoliarAppDate= 06/07/1989
FoliarForageBegin= 06/05/1989
FoliarForageEnd= 06/28/1989
AIContactFactor= 1.28865010091104
CL4Pollen= 1.57728523388505
CL4Nectar= 3.19504558574408
CL5Pollen= 3.9000486927107
CL5Nectar= 108.182176679838
CLDPollen= 1.88417788222432
CLDNectar= 123.26342331944
CA13Pollen= 5.77875312911346
CA13Nectar= 28.7096019089222
CA410Pollen= 4.63434912487864
CA410Nectar= 162.057966561988
CA1120Pollen= 1.75905712111853
CA1120Nectar= 50.5087807402015
IPollenTrips= 10.2240845863707
INectarTrips= 11.390178760048
IPollenLoad= 4.97276552021503
INectarLoad= 6.57674467423931
