ICQueenStrength= 5.69265303690918
RQWkrDrnRatio= 4.65217496454716
ICDroneMiteSurvivorship= 56.8022775696591
ICWorkerMiteSurvivorship= 35.8306684996933
ICForagerLifespan= 12.708606986329
ImmType= Tangent
RQQueenStrength= 4.00355151994154
RQEnableReQueen= true
AIAdultSlope= 6.19674101658165
AIAdultLD50= 28.0147058134342
AIAdultSlopeContact= 2.03758489293978
AIAdultLD50Contact= 72.4257604257239
AILarvaSlope= 1.57499726116657
AILarvaLD50= 49.9377326293646
AIKOW= 63138.3844027168
AIKOC= 83113.9249165205
AIHalfLife= 30.5553040479776
EAppRate= 0.571253474522149
FoliarEnabled= true
FoliarAppDate= 06/07/1989
FoliarForageBegin= 06/05/1989
FoliarForageEnd= 06/28/1989
AIContactFactor= 0.83970693542622
CL4Pollen= 2.07677669264376
CL4Nectar= 84.5047608250752
CL5Pollen= 2.501559776254
CL5Nectar= 4.30344049818814
CLDPollen= 1.68728600582108
CLDNectar= 127.450738381594
CA13Pollen= 3.21028450904414
CA13Nectar= 89.1417369246483
CA410Pollen= 9.0287513720803
CA410Nectar= 158.672982240096
CA1120Pollen= 2.07373557449318
CA1120Nectar= 76.5028206259012
IPollenTrips= 8.43990735011175
INectarTrips= 7.02537576202303
IPollenLoad= 7.21637302776799
INectarLoad= 2.48807360418141
