ICQueenStrength= 5.15341558982618
RQWkrDrnRatio= 2.8856782047078
ICDroneMiteSurvivorship= 97.3838323261589
ICWorkerMiteSurvivorship= 32.9428332392126
ICForagerLifespan= 8.84926755726337
ImmType= Cosine
RQQueenStrength= 5.19373753480613
RQEnableReQueen= true
AIAdultSlope= 1.88030941970646
AIAdultLD50= 93.2574057008876
AIAdultSlopeContact= 8.4072036978323
AIAdultLD50Contact= 90.057887303354
AILarvaSlope= 8.1827432140708
AILarvaLD50= 92.9996448955426
AIKOW= 46437.1557126448
AIKOC= 81652.2600448949
AIHalfLife= 34.0986717093037
EAppRate= 8.88613682436664
FoliarEnabled= true
FoliarAppDate= 06/07/1989
FoliarForageBegin= 06/05/1989
FoliarForageEnd= 06/28/1989
AIContactFactor= 0.793177567603998
CL4Pollen= 1.87835993617773
CL4Nectar= 78.8101788843051
CL5Pollen= 5.61806520447135
CL5Nectar= 143.103453295771
CLDPollen= 4.67112542549148
CLDNectar= 5.56406476534903
CA13Pollen= 2.71729123154655
CA13Nectar= 23.7653197906911
CA410Pollen= 5.98489362078253
CA410Nectar= 113.4001281159
CA1120Pollen= 2.60203584423289
CA1120Nectar= 94.9070918373764
IPollenTrips= 12.3205095995218
INectarTrips= 12.3614705493674
IPollenLoad= 3.49806499434635
INectarLoad= 0.998604698106647
ESoilP= 1.86797730042599
ESoilFoc= 0.012259319599485
