ICQueenStrength= 1.90008049854077
RQWkrDrnRatio= 1.63688770215958
ICDroneMiteSurvivorship= 61.029431829229
ICWorkerMiteSurvivorship= 36.4813081687316
ICForagerLifespan= 6.16025012079626
ImmType= Polynomial
RQQueenStrength= 5.99569778097793
RQEnableReQueen= true
AIAdultSlope= 6.027822220698
AIAdultLD50= 1.34845580764371
AIAdultSlopeContact= 9.45124436821789
AIAdultLD50Contact= 91.3915277306843
AILarvaSlope= 4.51318465173244
AILarvaLD50= 67.7914930411321
AIKOW= 90916.4600310268
AIKOC= 60898.5229424308
AIHalfLife= 1.15859343046322
EAppRate= 2.82310687946156
FoliarEnabled= true
FoliarAppDate= 06/07/1989
FoliarForageBegin= 06/05/1989
FoliarForageEnd= 06/28/1989
AIContactFactor= 0.531399674215354
CL4Pollen= 2.60902564134449
CL4Nectar= 57.6753282221034
CL5Pollen= 4.00031150411814
CL5Nectar= 130.083645810373
CLDPollen= 1.26457237685099
CLDNectar= 84.2133609694429
CA13Pollen= 5.38911436852068
CA13Nectar= 46.5024780482054
CA410Pollen= 4.33667193171568
CA410Nectar= 142.565222010016
CA1120Pollen= 2.16701685637236
CA1120Nectar= 42.1630886010826
IPollenTrips= 14.2990398756228
INectarTrips= 6.87108634738252
IPollenLoad= 4.30225854739547
INectarLoad= 3.66524423006922
ESoilP= 1.37781350919977
ESoilFoc= 0.00247370567778125
