ICQueenStrength= 5.88048681756482
RQWkrDrnRatio= 2.91459838021547
ICDroneMiteSurvivorship= 80.1046125590801
ICWorkerMiteSurvivorship= 40.2284655952826
ICForagerLifespan= 8.34292994625866
ImmType= Sine
RQQueenStrength= 5.00849702418782
RQEnableReQueen= true
AIAdultSlope= 7.57371901348233
AIAdultLD50= 60.4457789002566
AIAdultSlopeContact= 3.12675057840534
AIAdultLD50Contact= 3.9512905296667
AILarvaSlope= 4.04113227501512
AILarvaLD50= 46.084964195339
AIKOW= 387.356309990624
AIKOC= 44996.9781761577
AIHalfLife= 23.0063178176992
EAppRate= 3.55625058433157
FoliarEnabled= true
FoliarAppDate= 06/07/1989
FoliarForageBegin= 06/05/1989
FoliarForageEnd= 06/28/1989
AIContactFactor= 2.19470302653965
CL4Pollen= 1.3629935188219
CL4Nectar= 58.8227905798703
CL5Pollen= 1.68466060934588
CL5Nectar= 5.74644065927714
CLDPollen= 4.94202381698415
CLDNectar= 41.3573808968067
CA13Pollen= 8.18304360546172
CA13Nectar= 40.0993648543954
CA410Pollen= 7.45228762493934
CA410Nectar= 99.059206857346
CA1120Pollen= 1.51316413236782
CA1120Nectar= 37.459923941642
IPollenTrips= 13.480039711576
INectarTrips= 6.13427722128108
IPollenLoad= 9.61988081457093
INectarLoad= 3.6006862972863
ESoilP= 1.42772803618573
ESoilFoc= 0.0117955906551797
