ICQueenStrength= 5.84851045301184
RQWkrDrnRatio= 4.94278124347329
ICDroneMiteSurvivorship= 91.4263226324692
ICWorkerMiteSurvivorship= 89.0345534775406
ICForagerLifespan= 12.0136152151972
ImmType= Tangent
RQQueenStrength= 1.17148072249256
RQEnableReQueen= true
AIAdultSlope= 6.3310945443809
AIAdultLD50= 8.50753491063369
AIAdultSlopeContact= 9.47123680403456
AIAdultLD50Contact= 18.9867032527449
AILarvaSlope= 1.53544972278178
AILarvaLD50= 79.9909349045241
AIKOW= 97112.7475239489
AIKOC= 18463.2147693262
AIHalfLife= 14.7600225226488
EAppRate= 3.51747280514799
FoliarEnabled= true
FoliarAppDate= 06/07/1989
FoliarForageBegin= 06/05/1989
FoliarForageEnd= 06/28/1989
AIContactFactor= 0.836854396844283
CL4Pollen= 0.112316118553281
CL4Nectar= 64.2480087932199
CL5Pollen= 0.280482898000628
CL5Nectar= 78.6114865215495
CLDPollen= 2.74921615468338
CLDNectar= 73.1226470670663
CA13Pollen= 6.29995677322149
CA13Nectar= 80.1058438420296
CA410Pollen= 7.16368057152722
CA410Nectar= 55.7310137385502
CA1120Pollen= 1.6735385900829
CA1120Nectar= 80.2191425673664
IPollenTrips= 14.582272968255
INectarTrips= 7.22285827854648
IPollenLoad= 2.92174739064649
INectarLoad= 6.56322790775448
