ICQueenStrength= 2.2188420118764
RQWkrDrnRatio= 3.61880044173449
ICDroneMiteSurvivorship= 71.7299508396536
ICWorkerMiteSurvivorship= 26.1032517533749
ICForagerLifespan= 8.61146473046392
ImmType= Cosine
AIAdultSlope= 2.67391790448921
AIAdultLD50= 0.0733867676462978
AIAdultSlopeContact= 1.92986637154827
AIAdultLD50Contact= 0.00863954620435834
AILarvaSlope= 3.21419321694411
AILarvaLD50= 0.632900980417617
AIKOW= 4.39433090575039
AIKOC= 12.7346785052214
AIHalfLife= 0.693246299703605
EAppRate= 0.399563212413341
FoliarEnabled= true
