ICQueenStrength= 3.63263032422401
RQWkrDrnRatio= 1.96726210601628
ICDroneMiteSurvivorship= 98.6386741045862
ICWorkerMiteSurvivorship= 83.9725527446717
ICForagerLifespan= 4.3768698964268
ImmType= Logarithmic
RQQueenStrength= 4.41055224882439
RQEnableReQueen= true
AIAdultSlope= 3.23663551360369
AIAdultLD50= 23.5030135264171
AIAdultSlopeContact= 6.23726982041262
AIAdultLD50Contact= 66.1021980024104
AILarvaSlope= 7.26617538928986
AILarvaLD50= 86.2498101480452
AIKOW= 30102.0348260529
AIKOC= 69834.2309852294
AIHalfLife= 31.4973656292539
EAppRate= 1.72867393418704
FoliarEnabled= true
FoliarAppDate= 06/07/1989
FoliarForageBegin= 06/05/1989
FoliarForageEnd= 06/28/1989
AIContactFactor= 0.348117415597662
CL4Pollen= 2.37854319158942
CL4Nectar= 20.4978779423982
CL5Pollen= 0.43025909923017
CL5Nectar= 28.565926628653
CLDPollen= 4.04820098541677
CLDNectar= 114.950245572254
CA13Pollen= 5.62620155680925
CA13Nectar= 30.2497905679047
CA410Pollen= 3.8300435393583
CA410Nectar= 133.828801382333
CA1120Pollen= 0.902956276433542
CA1120Nectar= 36.7789503000677
IPollenTrips= 5.08074072189629
INectarTrips= 8.13924820395187
IPollenLoad= 2.74951988132671
INectarLoad= 6.59833758836612
