ICQueenStrength= 2.22404334251769
RQWkrDrnRatio= 2.77964725159109
ICDroneMiteSurvivorship= 61.3105455413461
ICWorkerMiteSurvivorship= 91.001789458096
ICForagerLifespan= 10.0199462193996
ImmType= Exponential
RQQueenStrength= 4.61593167064711
RQEnableReQueen= true
AIAdultSlope= 1.77280671708286
AIAdultLD50= 3.55950862378487
AIAdultSlopeContact= 6.35627995198593
AIAdultLD50Contact= 46.7018912451416
AILarvaSlope= 1.46583320386708
AILarvaLD50= 27.6109393959795
AIKOW= 49315.3765725163
AIKOC= 65961.8457411912
AIHalfLife= 9.25110523463227
EAppRate= 8.92131832348788
FoliarEnabled= true
FoliarAppDate= 06/07/1989
FoliarForageBegin= 06/05/1989
FoliarForageEnd= 06/28/1989
AIContactFactor= 0.453247316493653
CL4Pollen= 0.215700258500874
CL4Nectar= 43.2902344502509
CL5Pollen= 4.3519615768455
CL5Nectar= 147.177514492068
CLDPollen= 3.8759696893394
CLDNectar= 66.5345095912926
CA13Pollen= 7.7256271972321
CA13Nectar= 94.5470229722559
CA410Pollen= 5.59162261954043
CA410Nectar= 188.66063168738
CA1120Pollen= 0.913938317913562
CA1120Nectar= 38.7919231876731
IPollenTrips= 8.45057114958763
INectarTrips= 10.9877895237878
IPollenLoad= 8.55457941768691
INectarLoad= 8.27120382105932
ESoilP= 1.50931580783799
ESoilFoc= 0.00670369473937899
