ICQueenStrength= 2.51032914407551
RQWkrDrnRatio= 3.85960718709975
ICDroneMiteSurvivorship= 63.3489737287164
ICWorkerMiteSurvivorship= 54.1886062594131
ICForagerLifespan= 4.54718834999949
ImmType= Sine
RQQueenStrength= 4.9749611238949
RQEnableReQueen= true
AIAdultSlope= 3.43035649135709
AIAdultLD50= 65.7322339490203
AIAdultSlopeContact= 2.48628305806778
AIAdultLD50Contact= 87.6479968241886
AILarvaSlope= 1.48228866234422
AILarvaLD50= 69.4642918677519
AIKOW= 95800.6555921409
AIKOC= 6434.78942461801
AIHalfLife= 26.8135921308305
EAppRate= 4.62906056354428
FoliarEnabled= true
FoliarAppDate= 06/07/1989
FoliarForageBegin= 06/05/1989
FoliarForageEnd= 06/28/1989
AIContactFactor= 0.530588757018559
CL4Pollen= 1.77138347085565
CL4Nectar= 81.2211356591433
CL5Pollen= 5.51893325289711
CL5Nectar= 90.8427898655646
CLDPollen= 5.38558061001822
CLDNectar= 23.7567136762664
CA13Pollen= 4.41006364002824
CA13Nectar= 32.5480976887047
CA410Pollen= 6.80040571454447
CA410Nectar= 182.191209592856
CA1120Pollen= 0.0297283593099564
CA1120Nectar= 64.9254011549056
IPollenTrips= 14.5083554275334
INectarTrips= 9.55281978705898
IPollenLoad= 8.82481682114303
INectarLoad= 0.118253922555596
ESoilP= 1.98183205677196
ESoilFoc= 0.0154940910364967
