ICQueenStrength= 3.95768777956255
RQWkrDrnRatio= 3.63870281353593
ICDroneMiteSurvivorship= 64.223200106062
ICWorkerMiteSurvivorship= 83.1053406698629
ICForagerLifespan= 13.3605032972991
ImmType= Polynomial
RQQueenStrength= 2.31231306120753
RQEnableReQueen= true
AIAdultSlope= 8.09201186336577
AIAdultLD50= 17.4704627953654
AIAdultSlopeContact= 8.29545473773032
AIAdultLD50Contact= 53.8306796404161
AILarvaSlope= 2.69315341487527
AILarvaLD50= 62.3895192691127
AIKOW= 81712.935132495
AIKOC= 4930.23576124455
AIHalfLife= 24.6188962651184
EAppRate= 0.271836636171909
FoliarEnabled= true
FoliarAppDate= 06/07/1989
FoliarForageBegin= 06/05/1989
FoliarForageEnd= 06/28/1989
AIContactFactor= 0.77647179920692
CL4Pollen= 1.03040117025375
CL4Nectar= 24.7973011573777
CL5Pollen= 1.59657644759864
CL5Nectar= 76.5807831427082
CLDPollen= 1.61193145159632
CLDNectar= 96.7690216843039
CA13Pollen= 4.96048759603873
CA13Nectar= 74.8469905368984
CA410Pollen= 7.14887103459332
CA410Nectar= 34.5457110600546
CA1120Pollen= 0.639054420171306
CA1120Nectar= 76.2270402163267
IPollenTrips= 14.3535051238723
INectarTrips= 7.01067922404036
IPollenLoad= 3.15284051699564
INectarLoad= 3.34685102105141
