ICQueenStrength= 2.8387491942849
RQWkrDrnRatio= 2.03697799984366
ICDroneMiteSurvivorship= 30.6604541372508
ICWorkerMiteSurvivorship= 75.1363852992654
ICForagerLifespan= 15.2292040679604
ImmType= Logarithmic
RQQueenStrength= 5.19300943613052
RQEnableReQueen= true
AIAdultSlope= 1.70425691641867
AIAdultLD50= 9.12650088455947
AIAdultSlopeContact= 3.97657618834637
AIAdultLD50Contact= 59.0248944668521
AILarvaSlope= 5.28705625236034
AILarvaLD50= 53.3943366068457
AIKOW= 98821.8361991499
AIKOC= 38674.8643640566
AIHalfLife= 32.7380805506604
EAppRate= 0.852338449016213
FoliarEnabled= true
FoliarAppDate= 06/07/1989
FoliarForageBegin= 06/05/1989
FoliarForageEnd= 06/28/1989
AIContactFactor= 1.4791439623246
CL4Pollen= 3.26660263072699
CL4Nectar= 46.8851678073406
CL5Pollen= 3.01978406729177
CL5Nectar= 134.592354786582
CLDPollen= 2.9923735675402
CLDNectar= 142.676776146982
CA13Pollen= 5.18179566022009
CA13Nectar= 95.0949245877564
CA410Pollen= 6.40775411664508
CA410Nectar= 94.3963293544948
CA1120Pollen= 2.57498293044046
CA1120Nectar= 38.8405597954988
IPollenTrips= 8.95636523142457
INectarTrips= 10.8546739886515
IPollenLoad= 6.41748940339312
INectarLoad= 9.03428307501599
