ICQueenStrength= 1.95504949614406
RQWkrDrnRatio= 2.356550546363
ICDroneMiteSurvivorship= 0.0722663942724466
ICWorkerMiteSurvivorship= 59.1955613810569
ICForagerLifespan= 6.73522652219981
ImmType= Exponential
RQQueenStrength= 1.27526726480573
RQEnableReQueen=true
AIAdultSlope= 6.53852256387472
AIAdultLD50= 0.191999728453811
AIAdultSlopeContact= 9.31376852048561
AIAdultLD50Contact= 69.0791565816368
AILarvaSlope= 1.86988021433353
AILarvaLD50= 0.80119864984462
AIKOW= 72941.6603970969
AIKOC= 21128.5312747729
AIHalfLife= 0.889353514253162
EAppRate= 1.42929766251938
FoliarEnabled=true
FoliarAppDate= 07/01/1989
FoliarForageBegin= 07/01/1989
FoliarForageEnd= 07/14/1989
AIContactFactor= 0.440805202960037
CL4Pollen= 1.95154843106866
CL4Nectar= 91.8676670640707
CL5Pollen= 2.00573957199231
CL5Nectar= 27.0597414812073
CLDPollen= 2.54379224963486
CLDNectar= 16.0428811912425
CA13Pollen= 3.10429613832384
CA13Nectar= 68.8290983252227
CA410Pollen= 8.90315070166253
CA410Nectar= 160.901779578999
CA1120Pollen= 2.78848717454821
CA1120Nectar= 43.7522639520466
IPollenTrips= 8.10238673584536
INectarTrips= 13.3983641630039
IPollenLoad= 6.75562851363793
INectarLoad= 1.23332284856588
