ICQueenStrength= 3.05302052549087
RQWkrDrnRatio= 4.84771902021021
ICDroneMiteSurvivorship= 31.3716452568769
ICWorkerMiteSurvivorship= 83.6117359809577
ICForagerLifespan= 8.84489976987243
ImmType= Polynomial
RQQueenStrength= 3.57644066819921
RQEnableReQueen= true
AIAdultSlope= 6.1822952106595
AIAdultLD50= 68.9173379455507
AIAdultSlopeContact= 7.71359253302217
AIAdultLD50Contact= 92.8404660436131
AILarvaSlope= 5.99330332130194
AILarvaLD50= 94.9994673192014
AIKOW= 15665.2580065419
AIKOC= 53546.15051709
AIHalfLife= 16.0020258367294
EAppRate= 5.89385104922601
FoliarEnabled= true
FoliarAppDate= 06/07/1989
FoliarForageBegin= 06/05/1989
FoliarForageEnd= 06/28/1989
AIContactFactor= 1.7232542992197
CL4Pollen= 3.87921501416713
CL4Nectar= 52.9622507281601
CL5Pollen= 1.54667812865227
CL5Nectar= 146.99063077569
CLDPollen= 4.30264029745013
CLDNectar= 19.0375660196878
CA13Pollen= 6.6814355680719
CA13Nectar= 47.167972009629
CA410Pollen= 6.86751629491337
CA410Nectar= 127.964270436205
CA1120Pollen= 2.77705212542787
CA1120Nectar= 33.4387509524822
IPollenTrips= 7.52775574102998
INectarTrips= 9.28646432235837
IPollenLoad= 6.02605604333803
INectarLoad= 9.53359671635553
ESoilP= 1.82909715315327
ESoilFoc= 0.0146856434494257
