ICQueenStrength= 4.18117295741104
RQWkrDrnRatio= 2.43121121171862
ICDroneMiteSurvivorship= 2.6882152305916
ICWorkerMiteSurvivorship= 98.2543920399621
ICForagerLifespan= 15.8663412109017
ImmType= Cosine
AIAdultSlope= 1.78483942360617
AIAdultLD50= 0.0306130535434932
AIAdultSlopeContact= 2.2047687978996
AIAdultLD50Contact= 0.00390924137318507
AILarvaSlope= 2.66173351979814
AILarvaLD50= 0.00973205321934074
AIKOW= 5.82876249868423
AIKOC= 27.5538434402552
AIHalfLife= 1.37069953896571
EAppRate= 1.29555510822684
FoliarEnabled= true
