ICQueenStrength= 2.17489674477838
RQWkrDrnRatio= 2.1253056852147
ICDroneMiteSurvivorship= 58.2848557038233
ICWorkerMiteSurvivorship= 84.7532019251958
ICForagerLifespan= 13.262803719379
ImmType= Cosine
RQQueenStrength= 5.43142294301651
RQEnableReQueen= true
AIAdultSlope= 1.39991065114737
AIAdultLD50= 81.3527672087213
AIAdultSlopeContact= 5.95098768617027
AIAdultLD50Contact= 47.6958174188624
AILarvaSlope= 8.00723802484572
AILarvaLD50= 91.6751142718585
AIKOW= 78768.9490752918
AIKOC= 96197.8667653194
AIHalfLife= 0.983665416529402
EAppRate= 5.91254626251408
FoliarEnabled= true
FoliarAppDate= 06/07/1989
FoliarForageBegin= 06/05/1989
FoliarForageEnd= 06/28/1989
AIContactFactor= 1.08919180341531
CL4Pollen= 3.71476214006543
CL4Nectar= 98.1384046142921
CL5Pollen= 0.605797431897372
CL5Nectar= 0.124664709437639
CLDPollen= 2.98813262209296
CLDNectar= 38.108776928857
CA13Pollen= 2.87117129359394
CA13Nectar= 66.9679983705282
CA410Pollen= 2.76035979457665
CA410Nectar= 121.201850157231
CA1120Pollen= 2.72288189688697
CA1120Nectar= 37.7643395401537
IPollenTrips= 8.80870928056538
INectarTrips= 5.96314556198195
IPollenLoad= 6.84951527742669
INectarLoad= 3.2489808020182
