ICQueenStrength= 4.66664753062651
RQWkrDrnRatio= 4.88656901475042
ICDroneMiteSurvivorship= 65.2151911053807
ICWorkerMiteSurvivorship= 38.1210688268766
ICForagerLifespan= 10.8570864712819
ImmType= Tangent
RQQueenStrength= 3.73285290808417
RQEnableReQueen= true
AIAdultSlope= 8.05392358638346
AIAdultLD50= 0.149960522842826
AIAdultSlopeContact= 1.93282344774343
AIAdultLD50Contact= 47.9022627470905
AILarvaSlope= 6.90836837142706
AILarvaLD50= 30.5268349311217
AIKOW= 82590.6445917818
AIKOC= 37848.3270808868
AIHalfLife= 21.5901034280891
EAppRate= 4.15492542821029
FoliarEnabled= true
FoliarAppDate= 09/01/1989
FoliarForageBegin= 09/01/1989
FoliarForageEnd= 09/08/1989
AIContactFactor= 1.97796484235674
CL4Pollen= 1.07343686651438
CL4Nectar= 96.0550641641021
CL5Pollen= 5.71718547306955
CL5Nectar= 113.409685716033
CLDPollen= 2.95240983506665
CLDNectar= 98.2382604852319
CA13Pollen= 8.11480319015682
CA13Nectar= 98.2201744243503
CA410Pollen= 2.79515666954685
CA410Nectar= 136.919963117689
CA1120Pollen= 2.36620048270561
CA1120Nectar= 26.3723021931946
IPollenTrips= 13.0403854954056
INectarTrips= 9.36373072909191
IPollenLoad= 8.14174806699157
INectarLoad= 5.35486982669681
