ICQueenStrength= 4.10571697889827
RQWkrDrnRatio= 1.49779283721
ICDroneMiteSurvivorship= 11.0162041382864
ICWorkerMiteSurvivorship= 42.1217041322961
ICForagerLifespan= 4.04658647812903
ImmType= Logarithmic
RQQueenStrength= 4.6026975128334
RQEnableReQueen= true
AIAdultSlope= 6.19598496891558
AIAdultLD50= 6.82668883895059
AIAdultSlopeContact= 5.48471875325777
AIAdultLD50Contact= 94.0566870071697
AILarvaSlope= 6.2403627410531
AILarvaLD50= 38.4399447382151
AIKOW= 48856.8486799063
AIKOC= 37190.0486279854
AIHalfLife= 18.4612460036296
EAppRate= 1.18692918532738
FoliarEnabled= true
FoliarAppDate= 06/07/1989
FoliarForageBegin= 06/05/1989
FoliarForageEnd= 06/28/1989
AIContactFactor= 1.2524039443722
CL4Pollen= 3.767309400253
CL4Nectar= 75.5248272325844
CL5Pollen= 1.74130905792117
CL5Nectar= 92.5470565678552
CLDPollen= 5.63284225109965
CLDNectar= 148.23234770447
CA13Pollen= 5.0888988904655
CA13Nectar= 38.8013212941587
CA410Pollen= 4.40477238942403
CA410Nectar= 28.852323195897
CA1120Pollen= 1.49684992153198
CA1120Nectar= 67.0120455697179
IPollenTrips= 6.03370348922908
INectarTrips= 5.92506506713107
IPollenLoad= 0.322739861439914
INectarLoad= 5.21455791778862
ESoilP= 1.06429924932308
ESoilFoc= 0.0140981077929027
