ICQueenStrength= 3.63275165343657
RQWkrDrnRatio= 2.01724711898714
ICDroneMiteSurvivorship= 37.4884020769969
ICWorkerMiteSurvivorship= 5.91672128066421
ICForagerLifespan= 8.07752416562289
ImmType= Polynomial
RQQueenStrength= 2.00444450275972
RQEnableReQueen= true
AIAdultSlope= 8.59396256133914
AIAdultLD50= 6.84484402264794
AIAdultSlopeContact= 3.79824416805059
AIAdultLD50Contact= 73.1118218624047
AILarvaSlope= 7.05303045734763
AILarvaLD50= 53.1460430664595
AIKOW= 97455.3625082862
AIKOC= 86929.0056406863
AIHalfLife= 23.7806377113564
EAppRate= 3.61354599833279
FoliarEnabled= true
FoliarAppDate= 06/07/1989
FoliarForageBegin= 06/05/1989
FoliarForageEnd= 06/28/1989
AIContactFactor= 2.14751164529938
CL4Pollen= 0.58597014285624
CL4Nectar= 23.5368053428829
CL5Pollen= 2.12701575038955
CL5Nectar= 120.03271750873
CLDPollen= 3.70722798770294
CLDNectar= 6.6150497761555
CA13Pollen= 2.34072755817324
CA13Nectar= 85.1263226568699
CA410Pollen= 2.93406576961279
CA410Nectar= 122.583339009434
CA1120Pollen= 1.4996370614972
CA1120Nectar= 20.0419216416776
IPollenTrips= 6.29436863586307
INectarTrips= 13.1146998284385
IPollenLoad= 7.29477408109233
INectarLoad= 8.32997284131125
