ICQueenStrength= 5.99753912328742
RQWkrDrnRatio= 3.68960174079984
ICDroneMiteSurvivorship= 14.2838444560766
ICWorkerMiteSurvivorship= 79.5274238567799
ICForagerLifespan= 6.48144165240228
ImmType= Logarithmic
RQQueenStrength= 4.37048638029955
RQEnableReQueen= true
AIAdultSlope= 4.79322034679353
AIAdultLD50= 0.147917318991153
AIAdultSlopeContact= 1.2825305222068
AIAdultLD50Contact= 88.5450371987713
AILarvaSlope= 5.46603246405721
AILarvaLD50= 97.2253825911558
AIKOW= 98785.0442113866
AIKOC= 70982.4989327798
AIHalfLife= 19.860207595164
EAppRate= 5.69966571271164
FoliarEnabled= true
FoliarAppDate= 09/01/1989
FoliarForageBegin= 09/01/1989
FoliarForageEnd= 09/08/1989
AIContactFactor= 0.446773445326835
CL4Pollen= 1.83263419568539
CL4Nectar= 60.057128733024
CL5Pollen= 0.640404320787638
CL5Nectar= 29.888063587714
CLDPollen= 0.175753204151988
CLDNectar= 30.9641764964908
CA13Pollen= 2.84569882117212
CA13Nectar= 91.2955078668892
CA410Pollen= 6.08893935163505
CA410Nectar= 96.670088856481
CA1120Pollen= 2.66276726522483
CA1120Nectar= 38.6825319938362
IPollenTrips= 6.65638636332005
INectarTrips= 13.6651740642264
IPollenLoad= 3.77313887001947
INectarLoad= 2.60011022444814
