ICQueenStrength= 1.00477395579219
RQWkrDrnRatio= 2.25934536475688
ICDroneMiteSurvivorship= 33.6018114117905
ICWorkerMiteSurvivorship= 95.1499198330566
ICForagerLifespan= 5.29556962288916
ImmType= Polynomial
RQQueenStrength= 4.3347385963425
RQEnableReQueen=true
AIAdultSlope= 5.66069816984236
AIAdultLD50= 0.504227048734203
AIAdultSlopeContact= 5.604095404502
AIAdultLD50Contact= 59.3741510492691
AILarvaSlope= 6.78447802364826
AILarvaLD50= 49.5210719702605
AIKOW= 63.2743170720385
AIKOC= 32734.4824934539
AIHalfLife= 21.8718254263746
EAppRate= 2.72789199346956
FoliarEnabled=true
FoliarAppDate= 07/01/1989
FoliarForageBegin= 07/01/1989
FoliarForageEnd= 07/14/1989
AIContactFactor= 0.306174190388992
CL4Pollen= 2.57526188436896
CL4Nectar= 83.2916810177267
CL5Pollen= 3.3447270845063
CL5Nectar= 122.775563586038
CLDPollen= 5.63996651954949
CLDNectar= 81.6346089821309
CA13Pollen= 4.06149420170113
CA13Nectar= 40.8035829849541
CA410Pollen= 2.67838083491661
CA410Nectar= 136.553447721526
CA1120Pollen= 1.77400845265947
CA1120Nectar= 20.1359474286437
IPollenTrips= 7.39911714335904
INectarTrips= 10.4774797428399
IPollenLoad= 5.12054482474923
INectarLoad= 8.41489891055971
