ICQueenStrength= 4.8302979641594
RQWkrDrnRatio= 1.75147981755435
ICDroneMiteSurvivorship= 54.7096230555326
ICWorkerMiteSurvivorship= 64.4134804839268
ICForagerLifespan= 14.2599079580978
ImmType= Cosine
RQQueenStrength= 3.16866273665801
RQEnableReQueen= true
AIAdultSlope= 6.55161912925541
AIAdultLD50= 68.5228259646916
AIAdultSlopeContact= 1.71435034857132
AIAdultLD50Contact= 47.6052562612137
AILarvaSlope= 1.52191138453782
AILarvaLD50= 15.8270074610258
AIKOW= 36420.1469829636
AIKOC= 76717.384297105
AIHalfLife= 17.4390764569398
EAppRate= 2.80675114035583
FoliarEnabled= true
FoliarAppDate= 06/07/1989
FoliarForageBegin= 06/05/1989
FoliarForageEnd= 06/28/1989
AIContactFactor= 2.06910878210329
CL4Pollen= 0.145674426108599
CL4Nectar= 72.1231144620106
CL5Pollen= 5.14314442500472
CL5Nectar= 86.2129197805189
CLDPollen= 0.169851591344923
CLDNectar= 129.653756157495
CA13Pollen= 4.26325964489952
CA13Nectar= 41.4186022244394
CA410Pollen= 2.50454065953381
CA410Nectar= 155.015662675723
CA1120Pollen= 2.51567693729885
CA1120Nectar= 50.6388837471604
IPollenTrips= 8.23843591380864
INectarTrips= 13.2308404520154
IPollenLoad= 0.0762128317728639
INectarLoad= 4.10116569139063
ESoilP= 1.11411856859922
ESoilFoc= 0.018570256971987
