ICQueenStrength= 1.03955557593144
RQWkrDrnRatio= 4.9112061560154
ICDroneMiteSurvivorship= 46.0341434460133
ICWorkerMiteSurvivorship= 28.7080615293235
ICForagerLifespan= 5.80325547978282
ImmType= Logarithmic
RQQueenStrength= 5.80868941405788
RQEnableReQueen= true
AIAdultSlope= 8.06990411877632
AIAdultLD50= 28.2537815876845
AIAdultSlopeContact= 8.98638410423882
AIAdultLD50Contact= 5.42545534818969
AILarvaSlope= 6.59765634872019
AILarvaLD50= 14.0045412848152
AIKOW= 65436.8488687933
AIKOC= 97238.5897074954
AIHalfLife= 23.6006201010663
EAppRate= 0.656180817432469
FoliarEnabled= true
FoliarAppDate= 06/07/1989
FoliarForageBegin= 06/05/1989
FoliarForageEnd= 06/28/1989
AIContactFactor= 1.69630094595253
CL4Pollen= 3.01263726502657
CL4Nectar= 33.0879652872682
CL5Pollen= 3.61581754032522
CL5Nectar= 118.124097178224
CLDPollen= 0.000300365500152111
CLDNectar= 49.4006560184062
CA13Pollen= 2.30688222246245
CA13Nectar= 94.655850045383
CA410Pollen= 7.96611319733784
CA410Nectar= 140.601488361135
CA1120Pollen= 1.33787081739865
CA1120Nectar= 83.9855310879648
IPollenTrips= 6.71678632497787
INectarTrips= 11.2324542668648
IPollenLoad= 3.97963125491515
INectarLoad= 4.40192605834454
