ICQueenStrength= 4.62392796785571
RQWkrDrnRatio= 2.25139953475446
ICDroneMiteSurvivorship= 45.6666718469933
ICWorkerMiteSurvivorship= 16.1765998229384
ICForagerLifespan= 11.121562181972
ImmType= Exponential
RQQueenStrength= 2.39810514985584
RQEnableReQueen= true
AIAdultSlope= 2.42991627193987
AIAdultLD50= 39.3197008932624
AIAdultSlopeContact= 2.04965129005723
AIAdultLD50Contact= 58.1879803516269
AILarvaSlope= 7.06268798187375
AILarvaLD50= 16.9760952902059
AIKOW= 52796.4339996174
AIKOC= 22267.9700000801
AIHalfLife= 5.67247479984071
EAppRate= 2.66846962348511
FoliarEnabled= true
FoliarAppDate= 06/07/1989
FoliarForageBegin= 06/05/1989
FoliarForageEnd= 06/28/1989
AIContactFactor= 2.30925676099025
CL4Pollen= 1.84673203993589
CL4Nectar= 29.4643111061305
CL5Pollen= 2.64980646315962
CL5Nectar= 76.4627321390435
CLDPollen= 3.60736095299944
CLDNectar= 52.9982645181008
CA13Pollen= 5.27850647112355
CA13Nectar= 34.8005580529571
CA410Pollen= 4.48745022700168
CA410Nectar= 37.5789110129699
CA1120Pollen= 0.0759718185290694
CA1120Nectar= 34.9404375068843
IPollenTrips= 13.140046831686
INectarTrips= 11.0200070287101
IPollenLoad= 0.477279718033969
INectarLoad= 0.321733534801751
