ICQueenStrength= 3.64416260644794
RQWkrDrnRatio= 4.18201929796487
ICDroneMiteSurvivorship= 29.6029727207497
ICWorkerMiteSurvivorship= 52.9005493270233
ICForagerLifespan= 11.0089604910463
ImmType= Cosine
RQQueenStrength= 2.47591792978346
RQEnableReQueen=true
AIAdultSlope= 1.01585234887898
AIAdultLD50= 0.587654243066208
AIAdultSlopeContact= 9.60492677451111
AIAdultLD50Contact= 29.97744092161
AILarvaSlope= 1.44758937135339
AILarvaLD50= 2.34099527920107
AIKOW= 44141.77923252
AIKOC= 99082.2465432819
AIHalfLife= 1.90685676946305
EAppRate= 0.383873523195274
FoliarEnabled=true
FoliarAppDate= 07/01/1989
FoliarForageBegin= 07/01/1989
FoliarForageEnd= 07/14/1989
AIContactFactor= 2.31998367712367
CL4Pollen= 3.85131326410919
CL4Nectar= 90.4728488065302
CL5Pollen= 3.67161370860413
CL5Nectar= 71.9042179291137
CLDPollen= 2.93025802541524
CLDNectar= 47.0549981226213
CA13Pollen= 7.72141727181151
CA13Nectar= 58.6110131070018
CA410Pollen= 8.58747730948962
CA410Nectar= 166.89916247502
CA1120Pollen= 1.39686235995032
CA1120Nectar= 22.2515013813972
IPollenTrips= 8.90521153341979
INectarTrips= 9.27160549908876
IPollenLoad= 3.64914790727198
INectarLoad= 9.69914278713986
