ICQueenStrength= 4.49568440928124
RQWkrDrnRatio= 4.02553817164153
ICDroneMiteSurvivorship= 50.2855003578588
ICWorkerMiteSurvivorship= 53.5999850835651
ICForagerLifespan= 15.108118949458
ImmType= Exponential
AIAdultSlope= 0.120266571713146
AIAdultLD50= 0.0448074501473457
AIAdultSlopeContact= 0.655892470297404
AIAdultLD50Contact= 0.0149868485052139
AILarvaSlope= 0.168916105944663
AILarvaLD50= 0.390629882435314
AIKOW= 3.85227209702134
AIKOC= 6.63207981968299
AIHalfLife= 0.654186182492413
EAppRate= 5.49900535494089
FoliarEnabled= true
