ICQueenStrength= 3.14057851699181
RQWkrDrnRatio= 4.03630396071821
ICDroneMiteSurvivorship= 40.0217329151928
ICWorkerMiteSurvivorship= 52.5412606308237
ICForagerLifespan= 8.05150723829865
ImmType= Logarithmic
RQQueenStrength= 5.83419244992547
RQEnableReQueen= true
AIAdultSlope= 3.21541329659522
AIAdultLD50= 88.4582352638193
AIAdultSlopeContact= 9.50139154307544
AIAdultLD50Contact= 55.189318448157
AILarvaSlope= 1.13611593656242
AILarvaLD50= 49.5249835790896
AIKOW= 64917.1532988477
AIKOC= 27265.4935611654
AIHalfLife= 2.40087629607879
EAppRate= 4.29706110585667
FoliarEnabled= true
FoliarAppDate= 06/07/1989
FoliarForageBegin= 06/05/1989
FoliarForageEnd= 06/28/1989
AIContactFactor= 0.489472565646283
CL4Pollen= 3.08972443174571
CL4Nectar= 48.8935039145872
CL5Pollen= 4.24110875325277
CL5Nectar= 148.593993438408
CLDPollen= 5.32280353456736
CLDNectar= 84.3298377818428
CA13Pollen= 2.38341203825548
CA13Nectar= 77.6803774759173
CA410Pollen= 7.86634496252518
CA410Nectar= 55.6549635576084
CA1120Pollen= 2.246777768014
CA1120Nectar= 26.5625148080289
IPollenTrips= 9.89080010680482
INectarTrips= 9.68785944161937
IPollenLoad= 3.73508983757347
INectarLoad= 9.38049060758203
ESoilP= 1.08978404407389
ESoilFoc= 0.0157551241281908
