ICQueenStrength= 2.14737286698073
RQWkrDrnRatio= 1.73839380219579
ICDroneMiteSurvivorship= 19.2044202703983
ICWorkerMiteSurvivorship= 88.6583861196414
ICForagerLifespan= 12.8982716323808
ImmType= Exponential
RQQueenStrength= 3.10198768181726
RQEnableReQueen= true
AIAdultSlope= 6.95759785547853
AIAdultLD50= 0.515333322631195
AIAdultSlopeContact= 3.22361835790798
AIAdultLD50Contact= 38.8525378633672
AILarvaSlope= 7.82847330532968
AILarvaLD50= 58.5612419524472
AIKOW= 25505.2218202657
AIKOC= 69229.7113796344
AIHalfLife= 4.42258276620414
EAppRate= 7.4301722024146
FoliarEnabled= true
FoliarAppDate= 09/01/1989
FoliarForageBegin= 09/01/1989
FoliarForageEnd= 09/08/1989
AIContactFactor= 2.22053782791831
CL4Pollen= 3.3511924026534
CL4Nectar= 63.2883903104812
CL5Pollen= 3.78948998032138
CL5Nectar= 142.130466154777
CLDPollen= 1.24382748780772
CLDNectar= 41.2113549769856
CA13Pollen= 6.7576443457976
CA13Nectar= 81.2239062972367
CA410Pollen= 6.23547231191769
CA410Nectar= 58.7905974918976
CA1120Pollen= 1.19599735946395
CA1120Nectar= 48.3262351341546
IPollenTrips= 7.10348445922136
INectarTrips= 6.67271650163457
IPollenLoad= 2.98759965924546
INectarLoad= 0.213754463475198
