ICQueenStrength= 4.13681427156553
RQWkrDrnRatio= 2.1956871477887
ICDroneMiteSurvivorship= 95.4351015156135
ICWorkerMiteSurvivorship= 12.9465495701879
ICForagerLifespan= 8.35183253604919
ImmType= Tangent
RQQueenStrength= 5.34976042248309
RQEnableReQueen= true
AIAdultSlope= 6.86017431505024
AIAdultLD50= 0.584660074449144
AIAdultSlopeContact= 8.16216122498736
AIAdultLD50Contact= 55.6549374305133
AILarvaSlope= 1.6114085316658
AILarvaLD50= 81.8942546014721
AIKOW= 59302.7231701065
AIKOC= 17242.0437360883
AIHalfLife= 19.1182364206063
EAppRate= 5.01866459409567
FoliarEnabled= true
FoliarAppDate= 06/07/1989
FoliarForageBegin= 06/05/1989
FoliarForageEnd= 06/28/1989
AIContactFactor= 1.86172746067401
CL4Pollen= 0.556767971254885
CL4Nectar= 35.9147634822875
CL5Pollen= 5.22992557380348
CL5Nectar= 136.299222428352
CLDPollen= 2.32886222703382
CLDNectar= 105.805451853666
CA13Pollen= 4.88847968569025
CA13Nectar= 29.8323149047792
CA410Pollen= 7.99801843275782
CA410Nectar= 153.966978378594
CA1120Pollen= 2.29988403548487
CA1120Nectar= 79.2830514721572
IPollenTrips= 11.0629084170796
INectarTrips= 13.5430592135526
IPollenLoad= 9.75628625834361
INectarLoad= 7.65439468435943
