ICQueenStrength= 4.94678521435708
RQWkrDrnRatio= 3.58353256899863
ICDroneMiteSurvivorship= 8.62533026374876
ICWorkerMiteSurvivorship= 67.7740432787687
ICForagerLifespan= 7.97435528412461
ImmType= Exponential
RQQueenStrength= 4.4603272350505
RQEnableReQueen=true
AIAdultSlope= 5.76217914931476
AIAdultLD50= 0.202969889599597
AIAdultSlopeContact= 3.67057191790082
AIAdultLD50Contact= 34.945192423335
AILarvaSlope= 5.71133280359209
AILarvaLD50= 12.2395495465815
AIKOW= 12282.5330063628
AIKOC= 60780.1908149438
AIHalfLife= 4.93806090201251
EAppRate= 8.75797051492892
FoliarEnabled=true
FoliarAppDate= 07/01/1989
FoliarForageBegin= 07/01/1989
FoliarForageEnd= 07/14/1989
AIContactFactor= 1.61697584584821
CL4Pollen= 1.77684712037444
CL4Nectar= 66.6874982183799
CL5Pollen= 0.0843722121790051
CL5Nectar= 2.49183909036219
CLDPollen= 3.34702370222658
CLDNectar= 100.441978150047
CA13Pollen= 7.41207656804472
CA13Nectar= 22.4442455545068
CA410Pollen= 3.19129543516319
CA410Nectar= 43.8758738152683
CA1120Pollen= 0.522803403669968
CA1120Nectar= 27.2255663946271
IPollenTrips= 9.98408616054803
INectarTrips= 11.6287895943969
IPollenLoad= 1.15473895799369
INectarLoad= 9.34840785805136
