ICQueenStrength= 2.05852129682899
RQWkrDrnRatio= 1.37820126768202
ICDroneMiteSurvivorship= 78.7461946485564
ICWorkerMiteSurvivorship= 91.3841320434585
ICForagerLifespan= 5.18058210145682
ImmType= Exponential
RQQueenStrength= 2.86575660482049
RQEnableReQueen=true
AIAdultSlope= 5.90514276735485
AIAdultLD50= 0.52953177581192
AIAdultSlopeContact= 6.82028053654358
AIAdultLD50Contact= 16.9093323528508
AILarvaSlope= 4.23536871373653
AILarvaLD50= 62.9519127586724
AIKOW= 14446.9957437225
AIKOC= 43603.7817791456
AIHalfLife= 24.9734444894828
EAppRate= 6.20850881699543
FoliarEnabled=true
FoliarAppDate= 07/01/1989
FoliarForageBegin= 07/01/1989
FoliarForageEnd= 07/14/1989
AIContactFactor= 0.977417721431702
CL4Pollen= 1.6813457403332
CL4Nectar= 49.1679334780201
CL5Pollen= 3.18924486497417
CL5Nectar= 28.2779760542326
CLDPollen= 0.807793795131147
CLDNectar= 92.8010555100627
CA13Pollen= 4.79222401771694
CA13Nectar= 79.4489923492074
CA410Pollen= 5.99250627001748
CA410Nectar= 128.317575198598
CA1120Pollen= 1.98232503631152
CA1120Nectar= 41.2253689020872
IPollenTrips= 12.4192473036237
INectarTrips= 6.55605997890234
IPollenLoad= 1.70270656701177
INectarLoad= 0.646905689500272
