ICQueenStrength= 1.12966026668437
RQWkrDrnRatio= 4.00824304576963
ICDroneMiteSurvivorship= 86.8106276495382
ICWorkerMiteSurvivorship= 58.9254482649267
ICForagerLifespan= 15.1508199069649
ImmType= Cosine
RQQueenStrength= 3.9965457378421
RQEnableReQueen= true
AIAdultSlope= 6.92522371560335
AIAdultLD50= 0.716081958809169
AIAdultSlopeContact= 8.50333990901709
AIAdultLD50Contact= 87.6147264728246
AILarvaSlope= 7.52245498262346
AILarvaLD50= 75.8825533899486
AIKOW= 93199.7458731493
AIKOC= 83829.186609502
AIHalfLife= 22.3984963577474
EAppRate= 8.63032930016494
FoliarEnabled= true
FoliarAppDate= 09/01/1989
FoliarForageBegin= 09/01/1989
FoliarForageEnd= 09/08/1989
AIContactFactor= 1.06165788041893
CL4Pollen= 3.59591668471694
CL4Nectar= 88.5278737172484
CL5Pollen= 0.356625474058092
CL5Nectar= 141.9648468378
CLDPollen= 2.58118470618501
CLDNectar= 101.88300863374
CA13Pollen= 3.51182130612433
CA13Nectar= 53.2176511734724
CA410Pollen= 6.77707519410178
CA410Nectar= 198.647803678177
CA1120Pollen= 1.11742401053198
CA1120Nectar= 36.3604211620986
IPollenTrips= 10.1499523431994
INectarTrips= 5.67869569407776
IPollenLoad= 3.17715060897171
INectarLoad= 2.22561375703663
