ICQueenStrength= 2.67555426829495
RQWkrDrnRatio= 3.75656051840633
ICDroneMiteSurvivorship= 2.57121336180717
ICWorkerMiteSurvivorship= 16.5343031985685
ICForagerLifespan= 14.0760121177882
ImmType= Polynomial
RQQueenStrength= 1.86642850423232
RQEnableReQueen= true
AIAdultSlope= 6.76031737402081
AIAdultLD50= 90.8829451022768
AIAdultSlopeContact= 2.40173906297423
AIAdultLD50Contact= 24.9215164055496
AILarvaSlope= 2.84865113534033
AILarvaLD50= 62.5085064823478
AIKOW= 41702.6463287243
AIKOC= 11695.4698433676
AIHalfLife= 10.5296087011462
EAppRate= 1.77982596935518
FoliarEnabled= true
FoliarAppDate= 06/07/1989
FoliarForageBegin= 06/05/1989
FoliarForageEnd= 06/28/1989
AIContactFactor= 1.16518841734156
CL4Pollen= 3.59794892650098
CL4Nectar= 33.9640544960275
CL5Pollen= 1.31521493056789
CL5Nectar= 147.938433161471
CLDPollen= 5.21509709721431
CLDNectar= 101.101461052895
CA13Pollen= 5.25373694980517
CA13Nectar= 52.078853379935
CA410Pollen= 2.59519174699672
CA410Nectar= 22.4537490960211
CA1120Pollen= 1.21989579079673
CA1120Nectar= 40.9119626507163
IPollenTrips= 12.4166747438721
INectarTrips= 13.7445155694149
IPollenLoad= 9.01665173936635
INectarLoad= 4.24699949100614
