ICQueenStrength= 4.79502125899307
RQWkrDrnRatio= 2.60078830923885
ICDroneMiteSurvivorship= 5.61369170900434
ICWorkerMiteSurvivorship= 10.6639923062176
ICForagerLifespan= 7.5403904421255
ImmType= Sine
RQQueenStrength= 5.36050486052409
RQEnableReQueen= true
AIAdultSlope= 3.83108094334602
AIAdultLD50= 12.5178403378746
AIAdultSlopeContact= 2.9592118342407
AIAdultLD50Contact= 29.2696401654282
AILarvaSlope= 4.84441137313843
AILarvaLD50= 35.6437174158476
AIKOW= 94710.0590849325
AIKOC= 38467.9427389437
AIHalfLife= 28.0054728614865
EAppRate= 6.24500884854025
FoliarEnabled= true
FoliarAppDate= 06/07/1989
FoliarForageBegin= 06/05/1989
FoliarForageEnd= 06/28/1989
AIContactFactor= 0.411630295538344
CL4Pollen= 1.2003968199715
CL4Nectar= 40.3654834255576
CL5Pollen= 3.20924449246377
CL5Nectar= 143.628002016339
CLDPollen= 0.204092800151557
CLDNectar= 35.0803449866362
CA13Pollen= 5.59022111566737
CA13Nectar= 94.1661016829312
CA410Pollen= 4.03198886415921
CA410Nectar= 182.393341953866
CA1120Pollen= 1.72231986257248
CA1120Nectar= 29.2372700944543
IPollenTrips= 7.11389594012871
INectarTrips= 11.3626647298224
IPollenLoad= 9.01348627405241
INectarLoad= 9.6747764875181
