ICQueenStrength= 3.85433827806264
RQWkrDrnRatio= 1.37491845339537
ICDroneMiteSurvivorship= 58.1066144630313
ICWorkerMiteSurvivorship= 1.26453675329685
ICForagerLifespan= 13.2549222605303
ImmType= Cosine
RQQueenStrength= 2.76302689965814
RQEnableReQueen=true
AIAdultSlope= 6.32548989355564
AIAdultLD50= 0.796614429629873
AIAdultSlopeContact= 7.09802278131247
AIAdultLD50Contact= 40.9999592364291
AILarvaSlope= 3.78343107365072
AILarvaLD50= 67.7533973694982
AIKOW= 9566.34470284057
AIKOC= 57177.1934497936
AIHalfLife= 30.7486263221363
EAppRate= 5.24413963331771
FoliarEnabled=true
FoliarAppDate= 07/01/1989
FoliarForageBegin= 07/01/1989
FoliarForageEnd= 07/14/1989
AIContactFactor= 0.697330274134874
CL4Pollen= 2.03402185253799
CL4Nectar= 86.3288461929187
CL5Pollen= 2.47805144637823
CL5Nectar= 148.468692437746
CLDPollen= 1.66150393523276
CLDNectar= 82.8121119760908
CA13Pollen= 7.06090658139437
CA13Nectar= 49.0620969794691
CA410Pollen= 4.07935260550585
CA410Nectar= 174.994454388507
CA1120Pollen= 1.16878364793956
CA1120Nectar= 57.6545807346702
IPollenTrips= 5.91535183601081
INectarTrips= 5.41791024850681
IPollenLoad= 3.58107032021508
INectarLoad= 2.31667866231874
