ICQueenStrength= 2.50385462329723
RQWkrDrnRatio= 3.20222697686404
ICDroneMiteSurvivorship= 69.898200314492
ICWorkerMiteSurvivorship= 86.8180478224531
ICForagerLifespan= 15.9164497340098
ImmType= Sine
RQQueenStrength= 2.85341844335198
RQEnableReQueen= true
AIAdultSlope= 7.82505049183965
AIAdultLD50= 81.2972935575894
AIAdultSlopeContact= 9.73274280573241
AIAdultLD50Contact= 85.385187065162
AILarvaSlope= 5.68871671706438
AILarvaLD50= 28.2191662104256
AIKOW= 28269.4640122433
AIKOC= 52296.6724035349
AIHalfLife= 24.2028005648404
EAppRate= 3.63955220084987
FoliarEnabled= true
FoliarAppDate= 06/07/1989
FoliarForageBegin= 06/05/1989
FoliarForageEnd= 06/28/1989
AIContactFactor= 1.43773577008862
CL4Pollen= 1.98766827303916
CL4Nectar= 56.2977471388876
CL5Pollen= 5.70350129250437
CL5Nectar= 46.7854890273884
CLDPollen= 4.34512652177364
CLDNectar= 60.8339220634662
CA13Pollen= 5.75050363298505
CA13Nectar= 61.489465162158
CA410Pollen= 6.92403549912851
CA410Nectar= 138.27564291656
CA1120Pollen= 2.55009674071334
CA1120Nectar= 27.6948573626578
IPollenTrips= 8.08782783802599
INectarTrips= 11.0288298293017
IPollenLoad= 6.65486758807674
INectarLoad= 5.68308102432638
