ICQueenStrength= 5.99160674400628
RQWkrDrnRatio= 2.45137217082083
ICDroneMiteSurvivorship= 38.2812256226316
ICWorkerMiteSurvivorship= 75.6708852481097
ICForagerLifespan= 15.9787595309317
ImmType= Cosine
RQQueenStrength= 5.71230742754415
RQEnableReQueen= true
AIAdultSlope= 1.74281647801399
AIAdultLD50= 41.4128550151084
AIAdultSlopeContact= 8.34545811056159
AIAdultLD50Contact= 8.69723657682631
AILarvaSlope= 5.81651092134416
AILarvaLD50= 80.6895415964925
AIKOW= 98349.8106730988
AIKOC= 65727.0614584493
AIHalfLife= 28.2192870440427
EAppRate= 4.77392936002673
FoliarEnabled= true
FoliarAppDate= 06/07/1989
FoliarForageBegin= 06/05/1989
FoliarForageEnd= 06/28/1989
AIContactFactor= 1.4853247334715
CL4Pollen= 1.17219883948565
CL4Nectar= 34.6558308927342
CL5Pollen= 1.25348575226963
CL5Nectar= 78.0392766580917
CLDPollen= 2.36816365085542
CLDNectar= 123.017193633132
CA13Pollen= 5.02064424268901
CA13Nectar= 92.1789120696485
CA410Pollen= 8.02615701456089
CA410Nectar= 29.0996575681493
CA1120Pollen= 0.493061210727319
CA1120Nectar= 68.0454774387181
IPollenTrips= 7.41452237358317
INectarTrips= 6.23010516399518
IPollenLoad= 5.35932119237259
INectarLoad= 6.32045329781249
ESoilP= 1.08807532745413
ESoilFoc= 0.0195186822523829
