ICQueenStrength= 1.72329835500568
RQWkrDrnRatio= 3.39874548278749
ICDroneMiteSurvivorship= 4.48069397825748
ICWorkerMiteSurvivorship= 32.3637787252665
ICForagerLifespan= 10.9205243857577
ImmType= Exponential
RQQueenStrength= 1.35824566846713
RQEnableReQueen= true
AIAdultSlope= 1.9042825512588
AIAdultLD50= 0.286813000919763
AIAdultSlopeContact= 9.32814977923408
AIAdultLD50Contact= 38.3494993428048
AILarvaSlope= 7.54299172386527
AILarvaLD50= 2.71879631040292
AIKOW= 29713.6148409395
AIKOC= 43685.7050761434
AIHalfLife= 33.2430137275951
EAppRate= 8.46317698631226
FoliarEnabled= true
FoliarAppDate= 09/01/1989
FoliarForageBegin= 09/01/1989
FoliarForageEnd= 09/08/1989
AIContactFactor= 0.703151273415424
CL4Pollen= 1.39801187068224
CL4Nectar= 77.0485411863774
CL5Pollen= 3.05001157382503
CL5Nectar= 117.517962469719
CLDPollen= 4.47517117811367
CLDNectar= 66.3908411515877
CA13Pollen= 6.24163306299597
CA13Nectar= 68.4319472871721
CA410Pollen= 2.87978976455051
CA410Nectar= 90.5845395708457
CA1120Pollen= 2.38139815418981
CA1120Nectar= 89.5325413346291
IPollenTrips= 8.88603138038889
INectarTrips= 11.8712221318856
IPollenLoad= 5.47379491617903
INectarLoad= 5.30177471460775
