ICQueenStrength= 3.6570930890739
RQWkrDrnRatio= 4.81154122482985
ICDroneMiteSurvivorship= 12.7878050785512
ICWorkerMiteSurvivorship= 50.7195942569524
ICForagerLifespan= 15.612632275559
ImmType= Cosine
RQQueenStrength= 3.6766420120839
RQEnableReQueen= true
AIAdultSlope= 7.22471148148179
AIAdultLD50= 56.9482194442269
AIAdultSlopeContact= 4.60024849744514
AIAdultLD50Contact= 31.186482181689
AILarvaSlope= 2.95463310554624
AILarvaLD50= 98.1404137260795
AIKOW= 97730.431909387
AIKOC= 71158.5320867603
AIHalfLife= 22.0272851294838
EAppRate= 9.9873462727475
FoliarEnabled= true
FoliarAppDate= 06/07/1989
FoliarForageBegin= 06/05/1989
FoliarForageEnd= 06/28/1989
AIContactFactor= 0.748460042709485
CL4Pollen= 2.75499610230327
CL4Nectar= 54.7155767213553
CL5Pollen= 1.07789037935436
CL5Nectar= 33.3325728191994
CLDPollen= 4.59774650260806
CLDNectar= 96.43662358867
CA13Pollen= 5.23621733468026
CA13Nectar= 21.3901045359671
CA410Pollen= 6.15128741143271
CA410Nectar= 119.546992699616
CA1120Pollen= 0.79226156626828
CA1120Nectar= 59.6767915040255
IPollenTrips= 9.93761964840814
INectarTrips= 5.26281424798071
IPollenLoad= 5.96526042791083
INectarLoad= 8.58361295191571
ESoilP= 1.74411550629884
ESoilFoc= 0.0187983151776716
