ICQueenStrength= 5.89617076702416
RQWkrDrnRatio= 3.41685216780752
ICDroneMiteSurvivorship= 50.1891967142001
ICWorkerMiteSurvivorship= 24.9153999844566
ICForagerLifespan= 5.98468239139766
ImmType= Logarithmic
RQQueenStrength= 1.3294290357735
RQEnableReQueen= true
AIAdultSlope= 2.98690326325595
AIAdultLD50= 1.05906758065918
AIAdultSlopeContact= 2.60499732522294
AIAdultLD50Contact= 31.4392832549775
AILarvaSlope= 3.26967989094555
AILarvaLD50= 51.7250713457195
AIKOW= 97060.8171686459
AIKOC= 9650.9514145772
AIHalfLife= 2.3982346750563
EAppRate= 8.89492428486072
FoliarEnabled= true
FoliarAppDate= 06/07/1989
FoliarForageBegin= 06/05/1989
FoliarForageEnd= 06/28/1989
AIContactFactor= 1.74311850197148
CL4Pollen= 2.10561567824334
CL4Nectar= 16.3264711853117
CL5Pollen= 3.15470507740974
CL5Nectar= 101.005365257151
CLDPollen= 4.75292794173583
CLDNectar= 14.7053593886085
CA13Pollen= 6.79339845739305
CA13Nectar= 75.8967800624669
CA410Pollen= 2.84547557367478
CA410Nectar= 93.9145393623039
CA1120Pollen= 0.240857172058895
CA1120Nectar= 84.2816836200655
IPollenTrips= 7.51072411891073
INectarTrips= 13.8160346378572
IPollenLoad= 2.86598834441975
INectarLoad= 7.82055631745607
