ICQueenStrength= 5.93451411020942
RQWkrDrnRatio= 3.21202133409679
ICDroneMiteSurvivorship= 16.4841068442911
ICWorkerMiteSurvivorship= 94.9079388519749
ICForagerLifespan= 15.7337026000023
ImmType= Polynomial
RQQueenStrength= 3.11282167467289
RQEnableReQueen= true
AIAdultSlope= 6.58508230373263
AIAdultLD50= 43.40565841011
AIAdultSlopeContact= 1.3482063356787
AIAdultLD50Contact= 74.0668920636277
AILarvaSlope= 6.38093249313533
AILarvaLD50= 22.5847071257329
AIKOW= 20583.4673506078
AIKOC= 75246.9012858639
AIHalfLife= 33.8669403966283
EAppRate= 8.22373106563371
FoliarEnabled= true
FoliarAppDate= 06/07/1989
FoliarForageBegin= 06/05/1989
FoliarForageEnd= 06/28/1989
AIContactFactor= 2.20162716161925
CL4Pollen= 0.316768401302397
CL4Nectar= 77.619120827876
CL5Pollen= 0.361889305058867
CL5Nectar= 84.3430823064409
CLDPollen= 3.38346362672746
CLDNectar= 129.401823878288
CA13Pollen= 7.59555440004915
CA13Nectar= 84.5206670090556
CA410Pollen= 6.18394792471081
CA410Nectar= 58.9179174276069
CA1120Pollen= 2.91375340428203
CA1120Nectar= 35.686348285526
IPollenTrips= 8.16078257281333
INectarTrips= 13.0359577387571
IPollenLoad= 0.209205797873437
INectarLoad= 7.30859883595258
