ICQueenStrength= 3.39196537900716
RQWkrDrnRatio= 4.55775572359562
ICDroneMiteSurvivorship= 96.3921529473737
ICWorkerMiteSurvivorship= 85.5900259222835
ICForagerLifespan= 5.81081048026681
ImmType= Polynomial
RQQueenStrength= 3.6189589612186
RQEnableReQueen=true
AIAdultSlope= 8.84887063130736
AIAdultLD50= 0.347285811855458
AIAdultSlopeContact= 2.77397557953373
AIAdultLD50Contact= 84.4864349600878
AILarvaSlope= 2.82562834396958
AILarvaLD50= 34.74522421586
AIKOW= 39970.3852325971
AIKOC= 70827.9587659426
AIHalfLife= 9.85715117708314
EAppRate= 8.41127542086248
FoliarEnabled=true
FoliarAppDate= 07/01/1989
FoliarForageBegin= 07/01/1989
FoliarForageEnd= 07/14/1989
AIContactFactor= 0.948067239997908
CL4Pollen= 0.843676405958831
CL4Nectar= 66.1173863336444
CL5Pollen= 1.46231700712815
CL5Nectar= 60.7394097140059
CLDPollen= 0.228762610349804
CLDNectar= 45.612988807261
CA13Pollen= 7.12098368378356
CA13Nectar= 79.1493841819465
CA410Pollen= 8.91230106893927
CA410Nectar= 34.9220642959699
CA1120Pollen= 0.948904441203922
CA1120Nectar= 90.4834758862853
IPollenTrips= 13.8308508065529
INectarTrips= 7.45526847196743
IPollenLoad= 6.17386388825253
INectarLoad= 4.99799502780661
