ICQueenStrength= 4.26628000009805
RQWkrDrnRatio= 2.02860703784972
ICDroneMiteSurvivorship= 86.5301392506808
ICWorkerMiteSurvivorship= 29.7943877056241
ICForagerLifespan= 5.69922194629908
ImmType= Polynomial
RQQueenStrength= 4.67346238624305
RQEnableReQueen=true
AIAdultSlope= 1.28117200545967
AIAdultLD50= 0.880713829082903
AIAdultSlopeContact= 4.37468995549716
AIAdultLD50Contact= 79.9699604958876
AILarvaSlope= 5.16277019307017
AILarvaLD50= 74.9339139533611
AIKOW= 3761.51612357195
AIKOC= 13926.1293414896
AIHalfLife= 30.167407193617
EAppRate= 5.54862995168241
FoliarEnabled=true
FoliarAppDate= 07/01/1989
FoliarForageBegin= 07/01/1989
FoliarForageEnd= 07/14/1989
AIContactFactor= 1.48013386410661
CL4Pollen= 1.44262335542589
CL4Nectar= 14.2686964478344
CL5Pollen= 5.99660382047296
CL5Nectar= 105.074197647627
CLDPollen= 1.59517817152664
CLDNectar= 20.9577298373915
CA13Pollen= 3.07103583151475
CA13Nectar= 83.8167906552553
CA410Pollen= 5.05657456009649
CA410Nectar= 77.7341572754085
CA1120Pollen= 1.66249543055892
CA1120Nectar= 42.6433417387307
IPollenTrips= 6.52973870979622
INectarTrips= 14.8971219407395
IPollenLoad= 1.78360239369795
INectarLoad= 0.596833031158894
