ICQueenStrength= 3.86906112451106
RQWkrDrnRatio= 2.44125321321189
ICDroneMiteSurvivorship= 78.0999079579487
ICWorkerMiteSurvivorship= 60.8643329236656
ICForagerLifespan= 4.86370935663581
ImmType= Exponential
RQQueenStrength= 1.18106716219336
RQEnableReQueen= true
AIAdultSlope= 6.45097452588379
AIAdultLD50= 86.7587840677195
AIAdultSlopeContact= 4.94877773337066
AIAdultLD50Contact= 7.80871606550436
AILarvaSlope= 6.70039796829224
AILarvaLD50= 24.1266642155931
AIKOW= 54182.790750252
AIKOC= 92487.8168965303
AIHalfLife= 6.99474008742254
EAppRate= 6.66830871105706
FoliarEnabled= true
FoliarAppDate= 06/07/1989
FoliarForageBegin= 06/05/1989
FoliarForageEnd= 06/28/1989
AIContactFactor= 2.18038739774842
CL4Pollen= 3.04233368951827
CL4Nectar= 4.5985015342012
CL5Pollen= 2.15169401653111
CL5Nectar= 77.0182410953566
CLDPollen= 2.60489743715152
CLDNectar= 42.0499678468332
CA13Pollen= 2.54974914928898
CA13Nectar= 43.131151907146
CA410Pollen= 5.1425891434541
CA410Nectar= 39.1964459512383
CA1120Pollen= 2.70108096208423
CA1120Nectar= 36.0518588870764
IPollenTrips= 14.3227146589197
INectarTrips= 10.9234898490831
IPollenLoad= 0.670915085356683
INectarLoad= 9.17056082282215
