ICQueenStrength= 3.34103995491751
RQWkrDrnRatio= 4.65575312729925
ICDroneMiteSurvivorship= 57.7134132385254
ICWorkerMiteSurvivorship= 97.5104116369039
ICForagerLifespan= 10.5270597264171
ImmType= Tangent
RQQueenStrength= 2.30885742255487
RQEnableReQueen= true
AIAdultSlope= 2.40195221081376
AIAdultLD50= 42.664360807179
AIAdultSlopeContact= 9.62860461161472
AIAdultLD50Contact= 5.05943405605736
AILarvaSlope= 5.85130943730474
AILarvaLD50= 47.5031835594319
AIKOW= 95109.148393526
AIKOC= 86890.8710634408
AIHalfLife= 12.0720076952595
EAppRate= 1.28165727578453
FoliarEnabled= true
FoliarAppDate= 06/07/1989
FoliarForageBegin= 06/05/1989
FoliarForageEnd= 06/28/1989
AIContactFactor= 0.333130676699802
CL4Pollen= 2.18673426285386
CL4Nectar= 41.846531140618
CL5Pollen= 4.78454604092985
CL5Nectar= 45.5302962684073
CLDPollen= 1.36339462408796
CLDNectar= 45.5209369305521
CA13Pollen= 4.36392655065283
CA13Nectar= 38.0433400534093
CA410Pollen= 5.51381835006177
CA410Nectar= 51.2759086955339
CA1120Pollen= 2.45072534331121
CA1120Nectar= 63.829845674336
IPollenTrips= 7.27534127654508
INectarTrips= 10.2602985478006
IPollenLoad= 8.02118077408522
INectarLoad= 9.20604899525642
ESoilP= 1.08602562616579
ESoilFoc= 0.0157800398163963
