ICQueenStrength= 2.97592284181155
RQWkrDrnRatio= 4.58445693552494
ICDroneMiteSurvivorship= 78.6664223996922
ICWorkerMiteSurvivorship= 71.2833651807159
ICForagerLifespan= 14.2271448196843
ImmType= Sine
RQQueenStrength= 1.76184486155398
RQEnableReQueen= true
AIAdultSlope= 3.67542672157288
AIAdultLD50= 0.6831834734648
AIAdultSlopeContact= 6.58661385276355
AIAdultLD50Contact= 97.5278996110347
AILarvaSlope= 6.17371771298349
AILarvaLD50= 75.5566997551941
AIKOW= 92716.1064763574
AIKOC= 41137.3298051106
AIHalfLife= 0.952891044761054
EAppRate= 8.61334531177208
FoliarEnabled= true
FoliarAppDate= 09/01/1989
FoliarForageBegin= 09/01/1989
FoliarForageEnd= 09/08/1989
AIContactFactor= 0.620719838761725
CL4Pollen= 1.6927476990968
CL4Nectar= 94.6735283127055
CL5Pollen= 5.15421459311619
CL5Nectar= 139.937048626598
CLDPollen= 3.23589716339484
CLDNectar= 69.4034850108437
CA13Pollen= 5.70671079708263
CA13Nectar= 92.8680987283587
CA410Pollen= 7.29754539607093
CA410Nectar= 83.6032905150205
CA1120Pollen= 1.53578865271993
CA1120Nectar= 55.8186226710677
IPollenTrips= 5.3047593543306
INectarTrips= 9.38992913812399
IPollenLoad= 5.65611398080364
INectarLoad= 0.207189775537699
