ICQueenStrength= 1.54736695019528
RQWkrDrnRatio= 4.24075501039624
ICDroneMiteSurvivorship= 13.7180364923552
ICWorkerMiteSurvivorship= 34.1478592948988
ICForagerLifespan= 14.6021450571716
ImmType= Polynomial
RQQueenStrength= 4.75181525130756
RQEnableReQueen= true
AIAdultSlope= 6.10387079417706
AIAdultLD50= 49.3535730916134
AIAdultSlopeContact= 2.84568776097149
AIAdultLD50Contact= 69.8399303429951
AILarvaSlope= 4.75334045663476
AILarvaLD50= 48.1989026215021
AIKOW= 75817.043750198
AIKOC= 9636.20351029513
AIHalfLife= 27.863964180043
EAppRate= 8.96936061571236
FoliarEnabled= true
FoliarAppDate= 06/07/1989
FoliarForageBegin= 06/05/1989
FoliarForageEnd= 06/28/1989
AIContactFactor= 0.424443237772211
CL4Pollen= 2.88841878715903
CL4Nectar= 17.5767415668815
CL5Pollen= 4.07624635007232
CL5Nectar= 44.8398901498877
CLDPollen= 5.6806207546033
CLDNectar= 102.75695695309
CA13Pollen= 5.42862791037187
CA13Nectar= 45.2365214563906
CA410Pollen= 2.76303547485732
CA410Nectar= 141.668471358716
CA1120Pollen= 1.87363391043618
CA1120Nectar= 97.1339928917587
IPollenTrips= 14.6682832203805
INectarTrips= 12.8576310258359
IPollenLoad= 8.8562882039696
INectarLoad= 9.15857065236196
ESoilP= 1.36394920828752
ESoilFoc= 0.00822906769416295
