ICQueenStrength= 1.40778511483222
RQWkrDrnRatio= 2.76501389220357
ICDroneMiteSurvivorship= 57.1152280783281
ICWorkerMiteSurvivorship= 34.5929206814617
ICForagerLifespan= 13.8672728696838
ImmType= Cosine
RQQueenStrength= 3.07873632386327
RQEnableReQueen=true
AIAdultSlope= 1.24115882627666
AIAdultLD50= 0.777350586647633
AIAdultSlopeContact= 2.05144301825203
AIAdultLD50Contact= 59.9152844032836
AILarvaSlope= 5.77142529934645
AILarvaLD50= 86.6928556336123
AIKOW= 51148.2601476984
AIKOC= 35827.9766736033
AIHalfLife= 20.1419454062358
EAppRate= 2.97161923452513
FoliarEnabled=true
FoliarAppDate= 07/01/1989
FoliarForageBegin= 07/01/1989
FoliarForageEnd= 07/14/1989
AIContactFactor= 0.459503696733154
CL4Pollen= 0.416969657875597
CL4Nectar= 69.157433998771
CL5Pollen= 3.31782084703445
CL5Nectar= 115.367732348386
CLDPollen= 5.00631672609597
CLDNectar= 105.344808613881
CA13Pollen= 4.81806906992569
CA13Nectar= 41.8922532908618
CA410Pollen= 2.23052341563161
CA410Nectar= 29.5726236794144
CA1120Pollen= 2.36394952330738
CA1120Nectar= 70.5060819722712
IPollenTrips= 5.10638559004292
INectarTrips= 7.92189085157588
IPollenLoad= 6.56221527839079
INectarLoad= 4.55673633608967
