ICQueenStrength= 5.59823655895889
RQWkrDrnRatio= 1.59663333557546
ICDroneMiteSurvivorship= 83.0759167205542
ICWorkerMiteSurvivorship= 93.714474956505
ICForagerLifespan= 10.258507697843
ImmType= Cosine
RQQueenStrength= 2.82456903276034
RQEnableReQueen= true
AIAdultSlope= 8.82604829221964
AIAdultLD50= 57.8100168993922
AIAdultSlopeContact= 5.60409548203461
AIAdultLD50Contact= 69.1163152124328
AILarvaSlope= 2.16076464392245
AILarvaLD50= 22.1277097758939
AIKOW= 37579.1498249289
AIKOC= 73153.4191089217
AIHalfLife= 24.065680126613
EAppRate= 3.59924639753927
FoliarEnabled= true
FoliarAppDate= 06/07/1989
FoliarForageBegin= 06/05/1989
FoliarForageEnd= 06/28/1989
AIContactFactor= 0.407057852018625
CL4Pollen= 1.70027601253241
CL4Nectar= 53.7411988945678
CL5Pollen= 4.16745375283062
CL5Nectar= 55.98691633204
CLDPollen= 2.17964239837602
CLDNectar= 23.4216543962248
CA13Pollen= 5.19991879332811
CA13Nectar= 91.7642048746347
CA410Pollen= 7.68845945666544
CA410Nectar= 125.990860131569
CA1120Pollen= 2.00057882233523
CA1120Nectar= 57.6851531676948
IPollenTrips= 6.20564563199878
INectarTrips= 13.2966570206918
IPollenLoad= 9.33235240634531
INectarLoad= 3.25971125392243
ESoilP= 1.1090191649273
ESoilFoc= 0.0188118924023584
