ICQueenStrength= 4.47898283507675
RQWkrDrnRatio= 4.26833433099091
ICDroneMiteSurvivorship= 68.2601774577051
ICWorkerMiteSurvivorship= 11.4365587709472
ICForagerLifespan= 4.9124905411154
ImmType= Polynomial
RQQueenStrength= 3.04573587281629
RQEnableReQueen= true
AIAdultSlope= 2.87395162694156
AIAdultLD50= 85.0430567521241
AIAdultSlopeContact= 1.38653108966537
AIAdultLD50Contact= 24.0591030263589
AILarvaSlope= 4.74189257621765
AILarvaLD50= 4.4084682050359
AIKOW= 87783.5822633728
AIKOC= 66443.9727400451
AIHalfLife= 8.16491991409566
EAppRate= 9.35045582125918
FoliarEnabled= true
FoliarAppDate= 06/07/1989
FoliarForageBegin= 06/05/1989
FoliarForageEnd= 06/28/1989
AIContactFactor= 1.17982357871719
CL4Pollen= 0.162386182695627
CL4Nectar= 0.665950309485197
CL5Pollen= 5.17729678424075
CL5Nectar= 18.5154423583299
CLDPollen= 0.143792452756315
CLDNectar= 33.944063493982
CA13Pollen= 8.01014685891569
CA13Nectar= 65.8608112484217
CA410Pollen= 2.67884148457088
CA410Nectar= 178.475589323789
CA1120Pollen= 0.543925159843639
CA1120Nectar= 53.2583641260862
IPollenTrips= 10.4934057150967
INectarTrips= 11.4188892906532
IPollenLoad= 3.56257512932643
INectarLoad= 6.61261707544327
