ICQueenStrength= 3.60297069139779
RQWkrDrnRatio= 3.93863351177424
ICDroneMiteSurvivorship= 13.4225081652403
ICWorkerMiteSurvivorship= 59.4747022958472
ICForagerLifespan= 11.7514086812735
ImmType= Polynomial
RQQueenStrength= 1.95939912088215
RQEnableReQueen=true
AIAdultSlope= 3.19452778249979
AIAdultLD50= 0.991808927990962
AIAdultSlopeContact= 8.88986106822267
AIAdultLD50Contact= 82.9054761239216
AILarvaSlope= 4.30615915171802
AILarvaLD50= 77.9452694237553
AIKOW= 13697.9965414926
AIKOC= 22039.1148766512
AIHalfLife= 9.16707574697211
EAppRate= 5.40888616479561
FoliarEnabled=true
FoliarAppDate= 07/01/1989
FoliarForageBegin= 07/01/1989
FoliarForageEnd= 07/14/1989
AIContactFactor= 1.00407488149591
CL4Pollen= 1.21783272828907
CL4Nectar= 73.3086608583108
CL5Pollen= 4.77698425669223
CL5Nectar= 67.6128761144355
CLDPollen= 1.27978651877493
CLDNectar= 110.947013658006
CA13Pollen= 3.3428239508532
CA13Nectar= 38.6376333795488
CA410Pollen= 3.90281072459184
CA410Nectar= 80.3802043292671
CA1120Pollen= 0.406825920101255
CA1120Nectar= 72.4288968741894
IPollenTrips= 13.5896430187859
INectarTrips= 9.18197609251365
IPollenLoad= 7.61160051682964
INectarLoad= 2.26274695945904
