ICQueenStrength= 5.11491915816441
RQWkrDrnRatio= 4.55299577210099
ICDroneMiteSurvivorship= 4.62694859597832
ICWorkerMiteSurvivorship= 50.6953505100682
ICForagerLifespan= 7.48824867047369
ImmType= Polynomial
RQQueenStrength= 1.60671158018522
RQEnableReQueen= true
AIAdultSlope= 1.91693611815572
AIAdultLD50= 47.0292195678798
AIAdultSlopeContact= 9.54363972344436
AIAdultLD50Contact= 73.5700054259447
AILarvaSlope= 8.99923404306173
AILarvaLD50= 98.2261202736562
AIKOW= 94355.6862473987
AIKOC= 22372.325280817
AIHalfLife= 20.5465367113007
EAppRate= 1.89492919937405
FoliarEnabled= true
FoliarAppDate= 06/07/1989
FoliarForageBegin= 06/05/1989
FoliarForageEnd= 06/28/1989
AIContactFactor= 2.08513872687705
CL4Pollen= 1.46376719046384
CL4Nectar= 23.833879432641
CL5Pollen= 2.79905077535659
CL5Nectar= 21.8022356391884
CLDPollen= 3.69343389105052
CLDNectar= 13.7843607924879
CA13Pollen= 7.00793967563659
CA13Nectar= 89.52223777771
CA410Pollen= 5.84844536860473
CA410Nectar= 151.003044461831
CA1120Pollen= 2.06941168801859
CA1120Nectar= 26.4766486175358
IPollenTrips= 11.8345267721452
INectarTrips= 11.5305654075928
IPollenLoad= 1.40531038166955
INectarLoad= 4.54622447257861
ESoilP= 1.90190174570307
ESoilFoc= 0.0167896559806541
