ICQueenStrength= 3.21961877075955
RQWkrDrnRatio= 4.54202944319695
ICDroneMiteSurvivorship= 65.9255690174177
ICWorkerMiteSurvivorship= 92.7460127044469
ICForagerLifespan= 12.4558267295361
ImmType= Logarithmic
RQQueenStrength= 3.75073707685806
RQEnableReQueen= true
AIAdultSlope= 3.73611984588206
AIAdultLD50= 5.85942947006552
AIAdultSlopeContact= 7.37497059768066
AIAdultLD50Contact= 49.9368819445488
AILarvaSlope= 1.14131784439087
AILarvaLD50= 33.6595115789154
AIKOW= 20729.0542653332
AIKOC= 67608.2756435219
AIHalfLife= 33.2877278668107
EAppRate= 0.0948162492117845
FoliarEnabled= true
FoliarAppDate= 06/07/1989
FoliarForageBegin= 06/05/1989
FoliarForageEnd= 06/28/1989
AIContactFactor= 1.51840847009327
CL4Pollen= 0.935287212021649
CL4Nectar= 36.6295559797436
CL5Pollen= 1.87453197967261
CL5Nectar= 96.7034625238739
CLDPollen= 0.707331923302263
CLDNectar= 114.485089341179
CA13Pollen= 5.73504617419094
CA13Nectar= 74.4764874689281
CA410Pollen= 9.25568644602317
CA410Nectar= 189.556609275751
CA1120Pollen= 2.14903267845511
CA1120Nectar= 42.6323290728033
IPollenTrips= 10.4093313449994
INectarTrips= 9.50784866930917
IPollenLoad= 9.37319874763489
INectarLoad= 3.36795212002471
ESoilP= 1.83279518852942
ESoilFoc= 0.0191239298672881
