ICQueenStrength= 4.48797376034781
RQWkrDrnRatio= 1.53219722304493
ICDroneMiteSurvivorship= 15.8349054632708
ICWorkerMiteSurvivorship= 80.1594675751403
ICForagerLifespan= 14.1936369016767
ImmType= Cosine
RQQueenStrength= 3.54576803185046
RQEnableReQueen= true
AIAdultSlope= 7.54086169973016
AIAdultLD50= 0.796428883098066
AIAdultSlopeContact= 5.67031830479391
AIAdultLD50Contact= 21.8441140147184
AILarvaSlope= 4.42512563243508
AILarvaLD50= 79.5315005407084
AIKOW= 25517.0905706867
AIKOC= 46296.6447613691
AIHalfLife= 15.4695441126823
EAppRate= 7.38106470011175
FoliarEnabled= true
FoliarAppDate= 09/01/1989
FoliarForageBegin= 09/01/1989
FoliarForageEnd= 09/08/1989
AIContactFactor= 0.316047231550328
CL4Pollen= 3.55439118109643
CL4Nectar= 99.3120689876378
CL5Pollen= 4.1495807049796
CL5Nectar= 13.919762650039
CLDPollen= 0.113228715956211
CLDNectar= 60.7877875445411
CA13Pollen= 8.1484352148138
CA13Nectar= 54.7640686295927
CA410Pollen= 2.46979093833361
CA410Nectar= 145.505923386663
CA1120Pollen= 1.12983832787722
CA1120Nectar= 41.3072555698454
IPollenTrips= 11.256085135974
INectarTrips= 8.87319713598117
IPollenLoad= 9.69132850877941
INectarLoad= 6.91401705378667
