ICQueenStrength= 3.52995026879944
RQWkrDrnRatio= 4.05964674055576
ICDroneMiteSurvivorship= 60.0016318494454
ICWorkerMiteSurvivorship= 70.9485410479829
ICForagerLifespan= 9.37043976783752
ImmType= Sine
RQQueenStrength= 4.92451473278925
RQEnableReQueen= true
AIAdultSlope= 4.71227138862014
AIAdultLD50= 47.6603062113773
AIAdultSlopeContact= 9.56466755480506
AIAdultLD50Contact= 3.74104837696883
AILarvaSlope= 8.85617691464722
AILarvaLD50= 19.0072152410643
AIKOW= 1566.81697739624
AIKOC= 80220.3580359111
AIHalfLife= 15.7826192908455
EAppRate= 4.29731070095603
FoliarEnabled= true
FoliarAppDate= 06/07/1989
FoliarForageBegin= 06/05/1989
FoliarForageEnd= 06/28/1989
AIContactFactor= 2.11584100652952
CL4Pollen= 3.66398151870817
CL4Nectar= 63.0066967802122
CL5Pollen= 0.446615068707615
CL5Nectar= 7.98197501571849
CLDPollen= 1.33253267174587
CLDNectar= 47.7336123003624
CA13Pollen= 2.69189196946099
CA13Nectar= 40.6421804986894
CA410Pollen= 3.90960928760469
CA410Nectar= 96.7571658082306
CA1120Pollen= 1.27899085753597
CA1120Nectar= 26.9856398925185
IPollenTrips= 14.2580654332414
INectarTrips= 6.4733320241794
IPollenLoad= 2.0723443175666
INectarLoad= 7.38881139084697
