ICQueenStrength= 2.49389151250944
RQWkrDrnRatio= 1.08396121487021
ICDroneMiteSurvivorship= 62.6155366189778
ICWorkerMiteSurvivorship= 62.260236684233
ICForagerLifespan= 5.24064180161804
ImmType= Logarithmic
RQQueenStrength= 5.7552965360228
RQEnableReQueen= true
AIAdultSlope= 6.29175400920212
AIAdultLD50= 49.7209163363546
AIAdultSlopeContact= 2.05441975477152
AIAdultLD50Contact= 90.1094723723771
AILarvaSlope= 3.85322788357735
AILarvaLD50= 75.2576011904897
AIKOW= 37097.4035273451
AIKOC= 54885.638450843
AIHalfLife= 28.9436374766519
EAppRate= 7.02416172964242
FoliarEnabled= true
FoliarAppDate= 06/07/1989
FoliarForageBegin= 06/05/1989
FoliarForageEnd= 06/28/1989
AIContactFactor= 0.293510541571304
CL4Pollen= 0.414041293784976
CL4Nectar= 24.5171537622809
CL5Pollen= 4.40430083312094
CL5Nectar= 105.056923034135
CLDPollen= 3.69800307042897
CLDNectar= 36.6985130240209
CA13Pollen= 2.71654857117683
CA13Nectar= 65.5670922063291
CA410Pollen= 3.50338892596774
CA410Nectar= 38.7849900173023
CA1120Pollen= 2.76128687127493
CA1120Nectar= 30.4975361563265
IPollenTrips= 8.65951654035598
INectarTrips= 11.8651526491158
IPollenLoad= 8.43754281522706
INectarLoad= 0.655043821316212
ESoilP= 1.45611644745804
ESoilFoc= 0.00127037657983601
