ICQueenStrength= 1.20071673206985
RQWkrDrnRatio= 3.7852397877723
ICDroneMiteSurvivorship= 74.4618883356452
ICWorkerMiteSurvivorship= 53.3875491702929
ICForagerLifespan= 8.3387880763039
ImmType= Exponential
RQQueenStrength= 3.25027938489802
RQEnableReQueen= true
AIAdultSlope= 4.57300100661814
AIAdultLD50= 48.1026970302872
AIAdultSlopeContact= 1.78319518989883
AIAdultLD50Contact= 71.6697103550758
AILarvaSlope= 3.44295636378229
AILarvaLD50= 91.1669593723491
AIKOW= 99728.343243868
AIKOC= 42274.5652760696
AIHalfLife= 20.0017660633195
EAppRate= 3.39155939116329
FoliarEnabled= true
FoliarAppDate= 06/07/1989
FoliarForageBegin= 06/05/1989
FoliarForageEnd= 06/28/1989
AIContactFactor= 0.35382229694631
CL4Pollen= 1.00447668600827
CL4Nectar= 34.0809153392911
CL5Pollen= 2.00335425557569
CL5Nectar= 76.7692215275019
CLDPollen= 2.41341411089525
CLDNectar= 100.942930416204
CA13Pollen= 6.1658032534644
CA13Nectar= 56.2730867415667
CA410Pollen= 2.868544653547
CA410Nectar= 73.9794853841886
CA1120Pollen= 2.73753044195473
CA1120Nectar= 95.8891524747014
IPollenTrips= 10.5235435208306
INectarTrips= 10.5020650615916
IPollenLoad= 2.16398213990033
INectarLoad= 4.98303890926763
