ICQueenStrength= 5.23277242924087
RQWkrDrnRatio= 1.28343698102981
ICDroneMiteSurvivorship= 77.588800387457
ICWorkerMiteSurvivorship= 25.1175261102617
ICForagerLifespan= 4.9314673403278
ImmType= Sine
RQQueenStrength= 2.35234921588562
RQEnableReQueen= true
AIAdultSlope= 7.31781230866909
AIAdultLD50= 0.430820596864447
AIAdultSlopeContact= 7.4721242042724
AIAdultLD50Contact= 8.68306070843222
AILarvaSlope= 1.21115043386817
AILarvaLD50= 48.7835868844276
AIKOW= 66800.9398409373
AIKOC= 74306.3669987419
AIHalfLife= 9.53633182903286
EAppRate= 7.22229620767944
FoliarEnabled= true
FoliarAppDate= 09/01/1989
FoliarForageBegin= 09/01/1989
FoliarForageEnd= 09/08/1989
AIContactFactor= 0.72405193713028
CL4Pollen= 3.40561456140131
CL4Nectar= 18.09445139952
CL5Pollen= 0.365524065680802
CL5Nectar= 84.2277611140162
CLDPollen= 3.85957133676857
CLDNectar= 76.2528657331131
CA13Pollen= 5.96398219633847
CA13Nectar= 95.44388724491
CA410Pollen= 5.27125124472659
CA410Nectar= 30.3113187104464
CA1120Pollen= 0.225568241206929
CA1120Nectar= 40.2532029524446
IPollenTrips= 11.8471688311547
INectarTrips= 12.41511950735
IPollenLoad= 8.33629010245204
INectarLoad= 8.10424997704104
