ICQueenStrength= 4.02724233362824
RQWkrDrnRatio= 3.44287813920528
ICDroneMiteSurvivorship= 97.8351501747966
ICWorkerMiteSurvivorship= 95.82183372695
ICForagerLifespan= 11.607277863659
ImmType= Cosine
RQQueenStrength= 4.96890662494116
RQEnableReQueen= true
AIAdultSlope= 1.82371241413057
AIAdultLD50= 18.8329332819749
AIAdultSlopeContact= 5.70837228978053
AIAdultLD50Contact= 40.6661256672773
AILarvaSlope= 8.87829852104187
AILarvaLD50= 2.73335804516403
AIKOW= 77428.748084763
AIKOC= 66002.6527218402
AIHalfLife= 12.6931272371905
EAppRate= 2.79643415645533
FoliarEnabled= true
FoliarAppDate= 06/07/1989
FoliarForageBegin= 06/05/1989
FoliarForageEnd= 06/28/1989
AIContactFactor= 0.841577610615641
CL4Pollen= 2.79482486099005
CL4Nectar= 64.9217611178756
CL5Pollen= 0.322399016004056
CL5Nectar= 19.6344295400195
CLDPollen= 2.45119543746114
CLDNectar= 131.639175885357
CA13Pollen= 3.93952942341566
CA13Nectar= 51.0723982006311
CA410Pollen= 5.03430848973803
CA410Nectar= 141.206651250832
CA1120Pollen= 0.591107367770746
CA1120Nectar= 62.6678468100727
IPollenTrips= 12.835939261131
INectarTrips= 8.50141993025318
IPollenLoad= 7.32199394144118
INectarLoad= 6.03046713396907
ESoilP= 1.47495534387417
ESoilFoc= 0.00753695684717968
