ICQueenStrength= 1.74220407172106
RQWkrDrnRatio= 4.49468839820474
ICDroneMiteSurvivorship= 51.7893942305818
ICWorkerMiteSurvivorship= 2.58665585424751
ICForagerLifespan= 14.3213739097118
ImmType= Sine
RQQueenStrength= 5.3715847353451
RQEnableReQueen= true
AIAdultSlope= 6.24935234338045
AIAdultLD50= 5.96590106705762
AIAdultSlopeContact= 3.44275762350298
AIAdultLD50Contact= 39.2946184618298
AILarvaSlope= 2.72007289901376
AILarvaLD50= 15.2426929993136
AIKOW= 39723.5117593215
AIKOC= 94349.0527590651
AIHalfLife= 24.0150755132316
EAppRate= 1.27724703833158
FoliarEnabled= true
FoliarAppDate= 06/07/1989
FoliarForageBegin= 06/05/1989
FoliarForageEnd= 06/28/1989
AIContactFactor= 0.39121241401881
CL4Pollen= 3.78794409055263
CL4Nectar= 11.8381767068058
CL5Pollen= 3.7571969088167
CL5Nectar= 86.1418602755293
CLDPollen= 0.0272971666418016
CLDNectar= 125.423534726724
CA13Pollen= 3.47096325810999
CA13Nectar= 82.3972087912261
CA410Pollen= 8.07733828385826
CA410Nectar= 198.82216587197
CA1120Pollen= 2.46249955147505
CA1120Nectar= 34.195212200284
IPollenTrips= 10.2781931310892
INectarTrips= 5.93749381834641
IPollenLoad= 6.08765146229416
INectarLoad= 0.562765507493168
ESoilP= 1.18967402609996
ESoilFoc= 0.00467176157282665
