ICQueenStrength= 3.44119719252922
RQWkrDrnRatio= 2.63472484704107
ICDroneMiteSurvivorship= 47.2550517646596
ICWorkerMiteSurvivorship= 2.4559527868405
ICForagerLifespan= 9.79380403086543
ImmType= Exponential
RQQueenStrength= 4.19892234867439
RQEnableReQueen= true
AIAdultSlope= 8.81992787308991
AIAdultLD50= 59.0446632206233
AIAdultSlopeContact= 9.21996003086679
AIAdultLD50Contact= 64.8913169097006
AILarvaSlope= 2.58135406859219
AILarvaLD50= 15.2892744481429
AIKOW= 95281.1346917268
AIKOC= 33324.3447416986
AIHalfLife= 12.3226955321617
EAppRate= 1.17667467993824
FoliarEnabled= true
FoliarAppDate= 06/07/1989
FoliarForageBegin= 06/05/1989
FoliarForageEnd= 06/28/1989
AIContactFactor= 1.01743261607364
CL4Pollen= 1.02790269628167
CL4Nectar= 98.7080489518121
CL5Pollen= 5.83682150579989
CL5Nectar= 62.858686549589
CLDPollen= 5.24624414183199
CLDNectar= 104.19610744575
CA13Pollen= 2.49563572909683
CA13Nectar= 81.370373852551
CA410Pollen= 5.3389365663752
CA410Nectar= 98.3958295127377
CA1120Pollen= 1.42416453687474
CA1120Nectar= 92.9736747406423
IPollenTrips= 5.07452258840203
INectarTrips= 13.37230628822
IPollenLoad= 2.26605631178245
INectarLoad= 4.04515550704673
ESoilP= 1.50851504225284
ESoilFoc= 0.00714144613291137
