ICQueenStrength= 5.50694020255469
RQWkrDrnRatio= 4.22268701717257
ICDroneMiteSurvivorship= 10.2893344359472
ICWorkerMiteSurvivorship= 24.5304862037301
ICForagerLifespan= 7.40613245591521
ImmType= Exponential
RQQueenStrength= 4.01226642099209
RQEnableReQueen= true
AIAdultSlope= 7.05571100488305
AIAdultLD50= 17.9321265834318
AIAdultSlopeContact= 6.53035839530639
AIAdultLD50Contact= 10.1028559476947
AILarvaSlope= 5.25862997025251
AILarvaLD50= 30.9669776995156
AIKOW= 69454.6302592237
AIKOC= 21168.2863370932
AIHalfLife= 23.5790437085554
EAppRate= 2.21102550244913
FoliarEnabled= true
FoliarAppDate= 06/07/1989
FoliarForageBegin= 06/05/1989
FoliarForageEnd= 06/28/1989
AIContactFactor= 2.39335714228451
CL4Pollen= 0.566439885646105
CL4Nectar= 40.9322956344113
CL5Pollen= 4.07870618579909
CL5Nectar= 76.8116519786417
CLDPollen= 0.610496465116739
CLDNectar= 0.163262605201453
CA13Pollen= 8.05906732967123
CA13Nectar= 37.0123391225934
CA410Pollen= 4.4572366991546
CA410Nectar= 182.164497138001
CA1120Pollen= 0.471079020760953
CA1120Nectar= 26.0479162633419
IPollenTrips= 12.0932978554629
INectarTrips= 7.00497159268707
IPollenLoad= 7.4737481540069
INectarLoad= 7.33559540007263
