ICQueenStrength= 3.40488151554018
RQWkrDrnRatio= 2.66089601628482
ICDroneMiteSurvivorship= 1.27992583438754
ICWorkerMiteSurvivorship= 36.2910008756444
ICForagerLifespan= 10.1205751607195
ImmType= Cosine
RQQueenStrength= 2.48408389883116
RQEnableReQueen= true
AIAdultSlope= 4.03402273915708
AIAdultLD50= 19.431160632499
AIAdultSlopeContact= 3.30583381420001
AIAdultLD50Contact= 66.0178554795191
AILarvaSlope= 6.68279283121228
AILarvaLD50= 36.9755144715568
AIKOW= 39025.7462831785
AIKOC= 74082.6188247132
AIHalfLife= 16.6694931834703
EAppRate= 5.64069454667275
FoliarEnabled= true
FoliarAppDate= 06/07/1989
FoliarForageBegin= 06/05/1989
FoliarForageEnd= 06/28/1989
AIContactFactor= 2.22320767238736
CL4Pollen= 0.555728510953486
CL4Nectar= 46.4224506402388
CL5Pollen= 0.428290827199817
CL5Nectar= 80.9701746795326
CLDPollen= 4.10887680854648
CLDNectar= 73.2334707397968
CA13Pollen= 2.72817508392036
CA13Nectar= 85.7934135198593
CA410Pollen= 7.49949451112188
CA410Nectar= 81.3760927366093
CA1120Pollen= 2.41450671153143
CA1120Nectar= 61.0991691239178
IPollenTrips= 9.96165572898462
INectarTrips= 14.5681193913333
IPollenLoad= 6.79923178860918
INectarLoad= 7.81908647157252
ESoilP= 1.13597643980756
ESoilFoc= 0.00330371228442527
