ICQueenStrength= 2.00855945725925
RQWkrDrnRatio= 2.68425891920924
ICDroneMiteSurvivorship= 30.2694315323606
ICWorkerMiteSurvivorship= 10.4021958308294
ICForagerLifespan= 15.331072201021
ImmType= Polynomial
RQQueenStrength= 5.33234172523953
RQEnableReQueen= true
AIAdultSlope= 6.16771002113819
AIAdultLD50= 0.201612826734316
AIAdultSlopeContact= 8.53056641132571
AIAdultLD50Contact= 35.9958244920466
AILarvaSlope= 3.60155323334038
AILarvaLD50= 6.81162617406901
AIKOW= 25355.1105874914
AIKOC= 18682.4207655992
AIHalfLife= 34.151051653293
EAppRate= 7.41113629185082
FoliarEnabled= true
FoliarAppDate= 09/01/1989
FoliarForageBegin= 09/01/1989
FoliarForageEnd= 09/08/1989
AIContactFactor= 0.981195149146952
CL4Pollen= 1.73102786298841
CL4Nectar= 95.4399243462831
CL5Pollen= 4.48602207144722
CL5Nectar= 65.9973870380782
CLDPollen= 3.9295078846626
CLDNectar= 94.3446520599537
CA13Pollen= 4.91828038152307
CA13Nectar= 55.2609756588936
CA410Pollen= 5.43802694641054
CA410Nectar= 181.105578579009
CA1120Pollen= 0.42014868487604
CA1120Nectar= 90.9502650424838
IPollenTrips= 6.91809335025027
INectarTrips= 5.62403308460489
IPollenLoad= 7.25950736319646
INectarLoad= 1.29678299417719
