ICQueenStrength= 2.59628497436643
RQWkrDrnRatio= 3.53175851795822
ICDroneMiteSurvivorship= 44.7216324741021
ICWorkerMiteSurvivorship= 28.3752652117983
ICForagerLifespan= 5.29615859407932
ImmType= Logarithmic
RQQueenStrength= 3.93567461660132
RQEnableReQueen= true
AIAdultSlope= 2.1566299572587
AIAdultLD50= 88.969525452706
AIAdultSlopeContact= 7.07241868437268
AIAdultLD50Contact= 2.16434252250777
AILarvaSlope= 2.20992629788816
AILarvaLD50= 70.0426033170095
AIKOW= 68439.6858455271
AIKOC= 75794.7652641013
AIHalfLife= 20.2350350516383
EAppRate= 9.00305702038389
FoliarEnabled= true
FoliarAppDate= 06/07/1989
FoliarForageBegin= 06/05/1989
FoliarForageEnd= 06/28/1989
AIContactFactor= 0.542578031145968
CL4Pollen= 2.75969012919813
CL4Nectar= 60.8299443498254
CL5Pollen= 5.68293446721509
CL5Nectar= 67.7405912429094
CLDPollen= 5.2723994879052
CLDNectar= 21.9185026944615
CA13Pollen= 7.54782467782497
CA13Nectar= 97.302917484194
CA410Pollen= 5.00820010013413
CA410Nectar= 129.792219349183
CA1120Pollen= 0.722062884131446
CA1120Nectar= 50.3085346892476
IPollenTrips= 10.8452265965752
INectarTrips= 14.6464849961922
IPollenLoad= 0.650221537798643
INectarLoad= 4.44417035439983
ESoilP= 1.5523247779347
ESoilFoc= 0.0158224517181516
