ICQueenStrength= 4.77044180873781
RQWkrDrnRatio= 2.32776412088424
ICDroneMiteSurvivorship= 21.6193784028292
ICWorkerMiteSurvivorship= 15.5525911366567
ICForagerLifespan= 12.9191913120449
ImmType= Cosine
RQQueenStrength= 3.1397876937408
RQEnableReQueen= true
AIAdultSlope= 4.18595926091075
AIAdultLD50= 66.9926610702157
AIAdultSlopeContact= 1.10444655804895
AIAdultLD50Contact= 70.8137511397663
AILarvaSlope= 1.89076735451818
AILarvaLD50= 72.0603546618088
AIKOW= 19074.9834191598
AIKOC= 72573.0129964422
AIHalfLife= 11.7497395351995
EAppRate= 3.46344336645398
FoliarEnabled= true
FoliarAppDate= 06/07/1989
FoliarForageBegin= 06/05/1989
FoliarForageEnd= 06/28/1989
AIContactFactor= 1.70380944598932
CL4Pollen= 2.75533522851765
CL4Nectar= 20.6245332723483
CL5Pollen= 4.17385142622516
CL5Nectar= 118.813470646273
CLDPollen= 4.14802172686905
CLDNectar= 107.1783850668
CA13Pollen= 3.39917428307235
CA13Nectar= 32.3225550539792
CA410Pollen= 4.36616708310321
CA410Nectar= 32.0467327535152
CA1120Pollen= 2.2290984140709
CA1120Nectar= 57.9017022997141
IPollenTrips= 8.18894157651812
INectarTrips= 8.68706242879853
IPollenLoad= 3.30845439340919
INectarLoad= 8.77486429410055
