ICQueenStrength= 2.49088349076919
RQWkrDrnRatio= 3.85661846864969
ICDroneMiteSurvivorship= 25.2491056919098
ICWorkerMiteSurvivorship= 50.7231247611344
ICForagerLifespan= 9.66199719253927
ImmType= Tangent
RQQueenStrength= 1.74161883909255
RQEnableReQueen= true
AIAdultSlope= 8.16470453515649
AIAdultLD50= 0.96516167820245
AIAdultSlopeContact= 1.98129199980758
AIAdultLD50Contact= 28.1654201686764
AILarvaSlope= 3.66648763045669
AILarvaLD50= 75.7143985873715
AIKOW= 12032.9799087605
AIKOC= 27292.2129386347
AIHalfLife= 29.2996290199924
EAppRate= 9.03456576222484
FoliarEnabled= true
FoliarAppDate= 09/01/1989
FoliarForageBegin= 09/01/1989
FoliarForageEnd= 09/08/1989
AIContactFactor= 0.581506416345946
CL4Pollen= 1.94541729893535
CL4Nectar= 13.7443299638107
CL5Pollen= 3.43164263991639
CL5Nectar= 66.2643703166395
CLDPollen= 2.74086172040552
CLDNectar= 136.087674996816
CA13Pollen= 4.45544560654089
CA13Nectar= 27.895137630403
CA410Pollen= 4.93881045090966
CA410Nectar= 132.141763116233
CA1120Pollen= 0.700312886154279
CA1120Nectar= 60.2347269840539
IPollenTrips= 13.4160438552499
INectarTrips= 6.88693734584376
IPollenLoad= 3.78464770736173
INectarLoad= 9.9238083162345
