ICQueenStrength= 5.4473433191888
RQWkrDrnRatio= 3.10853511746973
ICDroneMiteSurvivorship= 95.6103381467983
ICWorkerMiteSurvivorship= 46.009982470423
ICForagerLifespan= 12.250133311376
ImmType= Logarithmic
RQQueenStrength= 4.30490975175053
RQEnableReQueen= true
AIAdultSlope= 6.2949998639524
AIAdultLD50= 86.3185572483037
AIAdultSlopeContact= 8.83752134046517
AIAdultLD50Contact= 41.3177322152569
AILarvaSlope= 6.29592754691839
AILarvaLD50= 73.1401912475792
AIKOW= 30171.3786067365
AIKOC= 5784.14008040843
AIHalfLife= 7.35364356429782
EAppRate= 9.35925858418108
FoliarEnabled= true
FoliarAppDate= 06/07/1989
FoliarForageBegin= 06/05/1989
FoliarForageEnd= 06/28/1989
AIContactFactor= 1.59112408228684
CL4Pollen= 0.55969297606498
CL4Nectar= 62.1651028748602
CL5Pollen= 5.8637185790576
CL5Nectar= 63.0178369930945
CLDPollen= 2.26071410067379
CLDNectar= 143.513345543761
CA13Pollen= 4.86892121871933
CA13Nectar= 82.1064730361104
CA410Pollen= 2.66414126660675
CA410Nectar= 191.817032960244
CA1120Pollen= 1.84561945055611
CA1120Nectar= 80.215950012207
IPollenTrips= 11.0125009878539
INectarTrips= 8.85561591014266
IPollenLoad= 7.56597058149055
INectarLoad= 0.71724025066942
ESoilP= 1.71131572849117
ESoilFoc= 0.0174148458098061
