ICQueenStrength= 3.15311378822662
RQWkrDrnRatio= 1.28450932074338
ICDroneMiteSurvivorship= 20.1741888886318
ICWorkerMiteSurvivorship= 76.8762749619782
ICForagerLifespan= 12.6379409683868
ImmType= Polynomial
RQQueenStrength= 5.00425706873648
RQEnableReQueen= true
AIAdultSlope= 8.70226369053125
AIAdultLD50= 6.2846511099108
AIAdultSlopeContact= 6.43926050839946
AIAdultLD50Contact= 87.5125334453695
AILarvaSlope= 5.70659391209483
AILarvaLD50= 34.7667601831104
AIKOW= 87914.4612910924
AIKOC= 7031.53766342043
AIHalfLife= 33.4565053569386
EAppRate= 5.91988783331798
FoliarEnabled= true
FoliarAppDate= 06/07/1989
FoliarForageBegin= 06/05/1989
FoliarForageEnd= 06/28/1989
AIContactFactor= 1.5927057805378
CL4Pollen= 2.37182685825974
CL4Nectar= 92.906016856432
CL5Pollen= 5.54210090590641
CL5Nectar= 105.911913479213
CLDPollen= 0.980420346837491
CLDNectar= 37.7881602616981
CA13Pollen= 5.78600732963532
CA13Nectar= 27.9749660566449
CA410Pollen= 9.24811977779027
CA410Nectar= 196.758984713815
CA1120Pollen= 0.594035048503429
CA1120Nectar= 88.4285799413919
IPollenTrips= 9.94977971538901
INectarTrips= 7.32036942848936
IPollenLoad= 1.67285724543035
INectarLoad= 8.00574343651533
ESoilP= 1.88402969087474
ESoilFoc= 0.00516589056723751
