ICQueenStrength= 2.99247869662941
RQWkrDrnRatio= 3.67690544761717
ICDroneMiteSurvivorship= 58.4785698913038
ICWorkerMiteSurvivorship= 2.10293675772846
ICForagerLifespan= 9.12256213650107
ImmType= Cosine
RQQueenStrength= 4.22532767779194
RQEnableReQueen= true
AIAdultSlope= 8.32428599521518
AIAdultLD50= 52.3120678732104
AIAdultSlopeContact= 1.47468880610541
AIAdultLD50Contact= 59.9970802034959
AILarvaSlope= 8.40994033776224
AILarvaLD50= 82.3617458261605
AIKOW= 46062.5048880419
AIKOC= 65613.2292736615
AIHalfLife= 2.5369249264244
EAppRate= 3.22796521421499
FoliarEnabled= true
FoliarAppDate= 06/07/1989
FoliarForageBegin= 06/05/1989
FoliarForageEnd= 06/28/1989
AIContactFactor= 0.976921177362092
CL4Pollen= 2.54090499598533
CL4Nectar= 97.5669120205566
CL5Pollen= 2.62263346742839
CL5Nectar= 110.543381085154
CLDPollen= 0.241563313174993
CLDNectar= 41.4213317097165
CA13Pollen= 8.11093916632235
CA13Nectar= 31.1228772625327
CA410Pollen= 8.41777560955379
CA410Nectar= 98.9618119923398
CA1120Pollen= 0.191412796033546
CA1120Nectar= 49.5323156751692
IPollenTrips= 11.3742830883712
INectarTrips= 10.0984197994694
IPollenLoad= 4.84270053217188
INectarLoad= 9.31034571956843
ESoilP= 1.92789619090036
ESoilFoc= 0.0174936924288049
