ICQueenStrength= 5.26280906656757
RQWkrDrnRatio= 4.69504185579717
ICDroneMiteSurvivorship= 49.7654845239595
ICWorkerMiteSurvivorship= 3.77177693881094
ICForagerLifespan= 12.8519009547308
ImmType= Cosine
AIAdultSlope= 2.63108554414473
AIAdultLD50= 0.178487495658919
AIAdultSlopeContact= 3.25985133288195
AIAdultLD50Contact= 0.0316718793706968
AILarvaSlope= 1.74445742443204
AILarvaLD50= 0.650114724389277
AIKOW= 2.29045569337904
AIKOC= 19.1245655424427
AIHalfLife= 2.69825091538951
EAppRate= 9.9156181095168
FoliarEnabled= true
