ICQueenStrength= 4.19917013286613
RQWkrDrnRatio= 1.31621726974845
ICDroneMiteSurvivorship= 24.9018361559138
ICWorkerMiteSurvivorship= 75.3377608023584
ICForagerLifespan= 10.7196895908564
ImmType= Exponential
RQQueenStrength= 1.0125607685186
RQEnableReQueen= true
AIAdultSlope= 7.74187241867185
AIAdultLD50= 67.2116995930816
AIAdultSlopeContact= 7.00985122215934
AIAdultLD50Contact= 90.1472483940169
AILarvaSlope= 6.89337984286249
AILarvaLD50= 34.1606165068846
AIKOW= 33347.552182854
AIKOC= 64945.5257908578
AIHalfLife= 8.14667187745217
EAppRate= 0.328185234277975
FoliarEnabled= true
FoliarAppDate= 06/07/1989
FoliarForageBegin= 06/05/1989
FoliarForageEnd= 06/28/1989
AIContactFactor= 0.933133581476286
CL4Pollen= 0.0750681851059198
CL4Nectar= 58.6666374700144
CL5Pollen= 3.53731330996379
CL5Nectar= 29.6269129263237
CLDPollen= 3.213081961032
CLDNectar= 149.090375716332
CA13Pollen= 7.22060740301385
CA13Nectar= 99.8400629684329
CA410Pollen= 2.2104010699084
CA410Nectar= 103.657337762415
CA1120Pollen= 0.364965010201558
CA1120Nectar= 64.4168949313462
IPollenTrips= 8.27312641311437
INectarTrips= 7.87541952449828
IPollenLoad= 0.232621154282242
INectarLoad= 6.27729287371039
ESoilP= 1.55323132290505
ESoilFoc= 0.0030289165363647
