ICQueenStrength= 3.78426901786588
RQWkrDrnRatio= 3.81073635350913
ICDroneMiteSurvivorship= 12.1042357990518
ICWorkerMiteSurvivorship= 65.2743530925363
ICForagerLifespan= 15.1640645768493
ImmType= Sine
RQQueenStrength= 1.82715760334395
RQEnableReQueen= true
AIAdultSlope= 3.69667481631041
AIAdultLD50= 51.7118415751848
AIAdultSlopeContact= 3.83737852587365
AIAdultLD50Contact= 69.2181115470042
AILarvaSlope= 2.40592999197543
AILarvaLD50= 36.5314219104899
AIKOW= 6535.57277812386
AIKOC= 81427.7826991482
AIHalfLife= 24.2081424750853
EAppRate= 6.75947355448827
FoliarEnabled= true
FoliarAppDate= 06/07/1989
FoliarForageBegin= 06/05/1989
FoliarForageEnd= 06/28/1989
AIContactFactor= 1.9932976953825
CL4Pollen= 0.18704263586551
CL4Nectar= 70.5070622265339
CL5Pollen= 5.95567140402272
CL5Nectar= 138.589192705695
CLDPollen= 3.67578405328095
CLDNectar= 120.31720681116
CA13Pollen= 5.41719069173559
CA13Nectar= 25.9908232279122
CA410Pollen= 7.50294659438077
CA410Nectar= 178.090899656527
CA1120Pollen= 1.27665977342986
CA1120Nectar= 66.4739958010614
IPollenTrips= 6.6797365155071
INectarTrips= 14.1195609443821
IPollenLoad= 3.51001626579091
INectarLoad= 0.481375826057047
ESoilP= 1.65638302592561
ESoilFoc= 0.00533848129445687
