ICQueenStrength= 1.71063001640141
RQWkrDrnRatio= 4.9771027462557
ICDroneMiteSurvivorship= 12.9949477966875
ICWorkerMiteSurvivorship= 30.4365993943065
ICForagerLifespan= 6.66123302001506
ImmType= Cosine
RQQueenStrength= 2.79536008858122
RQEnableReQueen= true
AIAdultSlope= 5.7634635232389
AIAdultLD50= 51.4056472183277
AIAdultSlopeContact= 8.77665489539504
AIAdultLD50Contact= 71.2791424858787
AILarvaSlope= 7.11397998593748
AILarvaLD50= 42.969482011765
AIKOW= 98451.2254514717
AIKOC= 28922.5211797743
AIHalfLife= 3.66626585163176
EAppRate= 7.63680448435573
FoliarEnabled= true
FoliarAppDate= 06/07/1989
FoliarForageBegin= 06/05/1989
FoliarForageEnd= 06/28/1989
AIContactFactor= 1.12056850907858
CL4Pollen= 0.00956140737980604
CL4Nectar= 93.8645229674876
CL5Pollen= 3.80894619505852
CL5Nectar= 22.3553549847566
CLDPollen= 4.06775448331609
CLDNectar= 40.6657307990827
CA13Pollen= 7.9674855128862
CA13Nectar= 95.9008589573205
CA410Pollen= 3.27991257077083
CA410Nectar= 162.161334622651
CA1120Pollen= 1.97472877032124
CA1120Nectar= 35.0576977804303
IPollenTrips= 5.91207562014461
INectarTrips= 14.3987822369672
IPollenLoad= 3.23201900348067
INectarLoad= 3.6197450524196
