ICQueenStrength= 1.20233954885043
RQWkrDrnRatio= 2.17778535559773
ICDroneMiteSurvivorship= 12.4390305951238
ICWorkerMiteSurvivorship= 3.93712071236223
ICForagerLifespan= 14.7059110794216
ImmType= Tangent
RQQueenStrength= 3.54145247861743
RQEnableReQueen= true
AIAdultSlope= 6.72902075573802
AIAdultLD50= 93.9186469406674
AIAdultSlopeContact= 6.42324798041955
AIAdultLD50Contact= 34.9880300161363
AILarvaSlope= 6.77403281070292
AILarvaLD50= 72.4907149855536
AIKOW= 9818.34727170151
AIKOC= 39775.4603415143
AIHalfLife= 5.06017653369345
EAppRate= 4.67424036122626
FoliarEnabled= true
FoliarAppDate= 06/07/1989
FoliarForageBegin= 06/05/1989
FoliarForageEnd= 06/28/1989
AIContactFactor= 0.466337667121552
CL4Pollen= 2.10848479624838
CL4Nectar= 19.9762950418517
CL5Pollen= 1.30345174530521
CL5Nectar= 140.479736379348
CLDPollen= 4.4087202376686
CLDNectar= 16.7766281752847
CA13Pollen= 5.23149930248037
CA13Nectar= 66.4785302430391
CA410Pollen= 4.73476301943883
CA410Nectar= 40.7225812645629
CA1120Pollen= 1.6574251872953
CA1120Nectar= 79.5153361000121
IPollenTrips= 7.00692207785323
INectarTrips= 11.2897123466246
IPollenLoad= 5.31464298255742
INectarLoad= 9.17070108000189
