ICQueenStrength= 4.58910492272116
RQWkrDrnRatio= 1.00079515948892
ICDroneMiteSurvivorship= 62.2815142618492
ICWorkerMiteSurvivorship= 93.0624566506594
ICForagerLifespan= 11.6644942909479
ImmType= Tangent
RQQueenStrength= 1.32047505257651
RQEnableReQueen= true
AIAdultSlope= 4.27464201301336
AIAdultLD50= 0.991954376386479
AIAdultSlopeContact= 8.97320615150966
AIAdultLD50Contact= 2.56441253434517
AILarvaSlope= 1.92226556688547
AILarvaLD50= 15.6214529339322
AIKOW= 41587.1413862645
AIKOC= 65287.4669308895
AIHalfLife= 5.65445514663588
EAppRate= 0.161340326248435
FoliarEnabled= true
FoliarAppDate= 06/07/1989
FoliarForageBegin= 06/05/1989
FoliarForageEnd= 06/28/1989
AIContactFactor= 1.39890855160542
CL4Pollen= 3.2892973087728
CL4Nectar= 24.1416528588161
CL5Pollen= 2.95759559841827
CL5Nectar= 124.642174167093
CLDPollen= 0.554183514788747
CLDNectar= 80.8041569078341
CA13Pollen= 7.10735951904207
CA13Nectar= 64.4709432311356
CA410Pollen= 7.62545445645228
CA410Nectar= 160.852319351397
CA1120Pollen= 0.644020132021978
CA1120Nectar= 40.6902898661792
IPollenTrips= 8.92303492873907
INectarTrips= 9.84583131736144
IPollenLoad= 5.38340022787452
INectarLoad= 8.418092681095
ESoilP= 1.53289556666277
ESoilFoc= 0.0120221194000915
