ICQueenStrength= 5.6976707119029
RQWkrDrnRatio= 1.41143986023962
ICDroneMiteSurvivorship= 6.54770883265883
ICWorkerMiteSurvivorship= 2.47859028168023
ICForagerLifespan= 4.8311769803986
ImmType= Polynomial
RQQueenStrength= 3.84499957691878
RQEnableReQueen= true
AIAdultSlope= 8.81057075224817
AIAdultLD50= 0.266442942044465
AIAdultSlopeContact= 8.36613980913535
AIAdultLD50Contact= 63.1305476526627
AILarvaSlope= 6.61577113717794
AILarvaLD50= 94.0354276632408
AIKOW= 47417.4482943575
AIKOC= 88122.9286830476
AIHalfLife= 16.4047723844415
EAppRate= 1.90222685805359
FoliarEnabled= true
FoliarAppDate= 09/01/1989
FoliarForageBegin= 09/01/1989
FoliarForageEnd= 09/08/1989
AIContactFactor= 2.03490194101352
CL4Pollen= 3.69204035308212
CL4Nectar= 51.0106834350154
CL5Pollen= 0.235251001082361
CL5Nectar= 78.7909023812972
CLDPollen= 5.06449461355805
CLDNectar= 90.5914480914362
CA13Pollen= 6.15236020209268
CA13Nectar= 73.8630374148488
CA410Pollen= 9.39198957411572
CA410Nectar= 168.544432334602
CA1120Pollen= 0.0424443196970969
CA1120Nectar= 74.4290395639837
IPollenTrips= 5.69908363046125
INectarTrips= 7.5958014652133
IPollenLoad= 2.43113754084334
INectarLoad= 2.81633305363357
