ICQueenStrength= 4.19284738157876
RQWkrDrnRatio= 2.72094693034887
ICDroneMiteSurvivorship= 3.462552302517
ICWorkerMiteSurvivorship= 55.5827879812568
ICForagerLifespan= 6.05977361835539
ImmType= Tangent
RQQueenStrength= 5.40015188767575
RQEnableReQueen= true
AIAdultSlope= 7.33962229266763
AIAdultLD50= 0.775510165523505
AIAdultSlopeContact= 5.85381845571101
AIAdultLD50Contact= 6.90695057995874
AILarvaSlope= 8.72827485762537
AILarvaLD50= 72.6651925437108
AIKOW= 59242.6848609781
AIKOC= 13190.0381754979
AIHalfLife= 23.3238604167709
EAppRate= 2.24184604943567
FoliarEnabled= true
FoliarAppDate= 09/01/1989
FoliarForageBegin= 09/01/1989
FoliarForageEnd= 09/08/1989
AIContactFactor= 2.17223210257478
CL4Pollen= 0.92017697263509
CL4Nectar= 9.44876340217888
CL5Pollen= 5.83285636547953
CL5Nectar= 46.7416822328232
CLDPollen= 0.163471472449601
CLDNectar= 78.0851725721732
CA13Pollen= 4.43357951082289
CA13Nectar= 76.8738079816103
CA410Pollen= 5.59120234709699
CA410Nectar= 49.306495510973
CA1120Pollen= 0.129097991622984
CA1120Nectar= 62.608943991363
IPollenTrips= 12.321737119928
INectarTrips= 10.8346361038275
IPollenLoad= 4.51476723654196
INectarLoad= 8.54520446388051
