ICQueenStrength= 3.20375394215807
RQWkrDrnRatio= 3.95534020941705
ICDroneMiteSurvivorship= 6.08480810187757
ICWorkerMiteSurvivorship= 2.5273957522586
ICForagerLifespan= 10.7212873352692
ImmType= Polynomial
RQQueenStrength= 3.72404849878512
RQEnableReQueen= true
AIAdultSlope= 2.63577954098582
AIAdultLD50= 28.8024607909853
AIAdultSlopeContact= 5.52182734129019
AIAdultLD50Contact= 11.9040153295659
AILarvaSlope= 1.33172062411904
AILarvaLD50= 53.7344654811192
AIKOW= 4133.46832486939
AIKOC= 19256.9794182216
AIHalfLife= 23.1354818972992
EAppRate= 2.54821180802351
FoliarEnabled= true
FoliarAppDate= 06/07/1989
FoliarForageBegin= 06/05/1989
FoliarForageEnd= 06/28/1989
AIContactFactor= 1.75422350193374
CL4Pollen= 0.915274360217154
CL4Nectar= 64.8175029084086
CL5Pollen= 1.32890462502837
CL5Nectar= 61.2768273800611
CLDPollen= 1.30280556203797
CLDNectar= 92.1251583262347
CA13Pollen= 2.76507462309673
CA13Nectar= 52.3763451352715
CA410Pollen= 8.6938590581296
CA410Nectar= 168.760358081199
CA1120Pollen= 2.9259375280235
CA1120Nectar= 99.9745682999492
IPollenTrips= 12.8153645643033
INectarTrips= 12.9878711607307
IPollenLoad= 6.45451227901503
INectarLoad= 4.10354308085516
ESoilP= 1.74705306510441
ESoilFoc= 0.0131884196402971
