ICQueenStrength= 2.45387898781337
RQWkrDrnRatio= 1.44550507236272
ICDroneMiteSurvivorship= 74.3516754359007
ICWorkerMiteSurvivorship= 33.4667155519128
ICForagerLifespan= 9.10667901393026
ImmType= Exponential
RQQueenStrength= 1.86207031388767
RQEnableReQueen= true
AIAdultSlope= 1.19459950551391
AIAdultLD50= 42.8181111738048
AIAdultSlopeContact= 6.40177007438615
AIAdultLD50Contact= 25.7238352831651
AILarvaSlope= 8.56328888051212
AILarvaLD50= 99.7124930723691
AIKOW= 963.763249047112
AIKOC= 99368.8794101342
AIHalfLife= 20.1288822733331
EAppRate= 4.09465805597371
FoliarEnabled= true
FoliarAppDate= 06/07/1989
FoliarForageBegin= 06/05/1989
FoliarForageEnd= 06/28/1989
AIContactFactor= 2.04067684349604
CL4Pollen= 0.280260005034506
CL4Nectar= 72.0271964557469
CL5Pollen= 0.902444881852716
CL5Nectar= 112.576440547127
CLDPollen= 1.13849680172279
CLDNectar= 44.551406102255
CA13Pollen= 3.21028865110129
CA13Nectar= 61.8312008306384
CA410Pollen= 5.36480142816436
CA410Nectar= 132.646418940276
CA1120Pollen= 1.32884143665433
CA1120Nectar= 76.1765733547509
IPollenTrips= 12.1834905073047
INectarTrips= 10.5570490541868
IPollenLoad= 4.07618969446048
INectarLoad= 0.880159100051969
