ICQueenStrength= 3.90848019882105
RQWkrDrnRatio= 4.52246162295341
ICDroneMiteSurvivorship= 0.495427846908569
ICWorkerMiteSurvivorship= 53.9541887817904
ICForagerLifespan= 13.8244122341275
ImmType= Cosine
RQQueenStrength= 5.50860361219384
RQEnableReQueen= true
AIAdultSlope= 7.89569704048336
AIAdultLD50= 68.9330874073969
AIAdultSlopeContact= 5.12388656195253
AIAdultLD50Contact= 19.2013136604468
AILarvaSlope= 7.11831132695079
AILarvaLD50= 93.8049322177647
AIKOW= 86032.7274768842
AIKOC= 27110.0392405137
AIHalfLife= 19.5892281587003
EAppRate= 6.29167327971337
FoliarEnabled= true
FoliarAppDate= 06/07/1989
FoliarForageBegin= 06/05/1989
FoliarForageEnd= 06/28/1989
AIContactFactor= 1.79111126824282
CL4Pollen= 2.7578849485144
CL4Nectar= 88.6527122929692
CL5Pollen= 1.75280680926517
CL5Nectar= 148.753991082776
CLDPollen= 5.2974807349965
CLDNectar= 122.282277687918
CA13Pollen= 5.82086891802028
CA13Nectar= 64.4990994594991
CA410Pollen= 3.85333676408045
CA410Nectar= 108.547707325779
CA1120Pollen= 0.32524895737879
CA1120Nectar= 79.4387060962617
IPollenTrips= 10.6658762646839
INectarTrips= 12.9736142000183
IPollenLoad= 8.89226221246645
INectarLoad= 4.01954351458699
