ICQueenStrength= 4.83137624803931
RQWkrDrnRatio= 2.56960189994425
ICDroneMiteSurvivorship= 42.9039096459746
ICWorkerMiteSurvivorship= 31.7996856523678
ICForagerLifespan= 11.1291916193441
ImmType= Cosine
RQQueenStrength= 3.4125870000571
RQEnableReQueen=true
AIAdultSlope= 4.59760732017457
AIAdultLD50= 0.487180615596473
AIAdultSlopeContact= 9.0140817114152
AIAdultLD50Contact= 43.1456071562129
AILarvaSlope= 8.66077430732548
AILarvaLD50= 46.3039734284028
AIKOW= 35801.4347201857
AIKOC= 95984.7866682857
AIHalfLife= 15.8887329678517
EAppRate= 5.18360094971117
FoliarEnabled=true
FoliarAppDate= 07/01/1989
FoliarForageBegin= 07/01/1989
FoliarForageEnd= 07/14/1989
AIContactFactor= 1.88549716974609
CL4Pollen= 2.54214817658067
CL4Nectar= 42.6282719708979
CL5Pollen= 2.79489455278963
CL5Nectar= 116.88335359795
CLDPollen= 5.45642082486302
CLDNectar= 62.144816829823
CA13Pollen= 6.77597868610173
CA13Nectar= 31.6723822616041
CA410Pollen= 4.45334530211985
CA410Nectar= 180.702242865227
CA1120Pollen= 0.666666845558211
CA1120Nectar= 48.3930758573115
IPollenTrips= 9.56995168933645
INectarTrips= 11.1072068824433
IPollenLoad= 6.04357872158289
INectarLoad= 9.54028122127056
