ICQueenStrength= 4.52626230218448
RQWkrDrnRatio= 3.07782665360719
ICDroneMiteSurvivorship= 41.4194910554215
ICWorkerMiteSurvivorship= 83.4352046251297
ICForagerLifespan= 4.41392324771732
ImmType= Polynomial
RQQueenStrength= 4.21551942382939
RQEnableReQueen= true
AIAdultSlope= 2.15363562479615
AIAdultLD50= 9.66400013781385
AIAdultSlopeContact= 7.33102165791206
AIAdultLD50Contact= 49.4104544460226
AILarvaSlope= 8.40956775471568
AILarvaLD50= 44.4943968139924
AIKOW= 64898.0274741035
AIKOC= 5752.43014441384
AIHalfLife= 24.0617205919232
EAppRate= 7.6848909494488
FoliarEnabled= true
FoliarAppDate= 06/07/1989
FoliarForageBegin= 06/05/1989
FoliarForageEnd= 06/28/1989
AIContactFactor= 1.66965392144397
CL4Pollen= 0.518812872469425
CL4Nectar= 83.0012872815132
CL5Pollen= 1.52484677033499
CL5Nectar= 129.331609932706
CLDPollen= 3.19574152305722
CLDNectar= 0.0285156187601388
CA13Pollen= 5.1713014755398
CA13Nectar= 45.1645815186203
CA410Pollen= 3.89463994659018
CA410Nectar= 103.199092117138
CA1120Pollen= 0.155502769863233
CA1120Nectar= 56.0713990405202
IPollenTrips= 11.4307660423219
INectarTrips= 7.43635911261663
IPollenLoad= 0.924434550106525
INectarLoad= 0.716092167422175
