ICQueenStrength= 4.77758513204753
RQWkrDrnRatio= 2.08458152320236
ICDroneMiteSurvivorship= 56.6025228006765
ICWorkerMiteSurvivorship= 23.0110174510628
ICForagerLifespan= 8.17441939096898
ImmType= Logarithmic
AIAdultSlope= 6.98636546498165
AIAdultLD50= 0.385140532627702
AIAdultSlopeContact= 2.01226055976469
AIAdultLD50Contact= 0.00371071797562763
AILarvaSlope= 7.30533944675699
AILarvaLD50= 0.0160876931156963
AIKOW= 7.02916684327647
AIKOC= 23.3756888960488
AIHalfLife= 3.0361498624552
EAppRate= 0
