ICQueenStrength= 2.0848805331625
RQWkrDrnRatio= 3.43531000148505
ICDroneMiteSurvivorship= 28.9817699464038
ICWorkerMiteSurvivorship= 22.2821877105162
ICForagerLifespan= 12.5790500212461
ImmType= Exponential
AIAdultSlope= 2.05798092065379
AIAdultLD50= 0.38225310377311
AIAdultSlopeContact= 1.06158476263052
AIAdultLD50Contact= 0.0129792727530003
AILarvaSlope= 6.46050563082099
AILarvaLD50= 0.374122556042857
AIKOW= 2.4934443035163
AIKOC= 20.4021063353866
AIHalfLife= 0.313654362689704
EAppRate= 0
