ICQueenStrength= 2.98840977391228
RQWkrDrnRatio= 1.50344903487712
ICDroneMiteSurvivorship= 65.5822968110442
ICWorkerMiteSurvivorship= 28.458199952729
ICForagerLifespan= 9.30643222481012
ImmType= Cosine
AIAdultSlope= 2.47132888338994
AIAdultLD50= 0.25414335494861
AIAdultSlopeContact= 0.278825501175597
AIAdultLD50Contact= 0.037084732123185
AILarvaSlope= 2.09335747025907
AILarvaLD50= 0.467452567862347
AIKOW= 2.43877819599584
AIKOC= 20.6366354436614
AIHalfLife= 1.47994473925792
EAppRate= 0
