ICQueenStrength= 4.14822755753994
RQWkrDrnRatio= 1.38086265232414
ICDroneMiteSurvivorship= 11.9333773851395
ICWorkerMiteSurvivorship= 11.8369938107207
ICForagerLifespan= 11.1182303056121
ImmType= Sine
AIAdultSlope= 6.2732355366461
AIAdultLD50= 0.488947792327963
AIAdultSlopeContact= 0.375883408812806
AIAdultLD50Contact= 0.0211288332240656
AILarvaSlope= 0.778066003741696
AILarvaLD50= 0.506349168182351
AIKOW= 7.49027320137247
AIKOC= 26.1633855535183
AIHalfLife= 2.0321718743071
EAppRate= 0
