ICQueenStrength= 2.98647014331073
RQWkrDrnRatio= 4.07180853933096
ICDroneMiteSurvivorship= 85.7815158786252
ICWorkerMiteSurvivorship= 36.449747835286
ICForagerLifespan= 5.78720892127603
ImmType= Tangent
AIAdultSlope= 2.35853706020862
AIAdultLD50= 0.435848055407405
AIAdultSlopeContact= 2.99313049955992
AIAdultLD50Contact= 0.0494163252413273
AILarvaSlope= 6.60414952551946
AILarvaLD50= 0.555047944723629
AIKOW= 3.97049504518509
AIKOC= 9.54159429646097
AIHalfLife= 1.49023586884141
EAppRate= 0
