ICQueenStrength= 2.54136476921849
RQWkrDrnRatio= 1.64888619817793
ICDroneMiteSurvivorship= 97.0111032482237
ICWorkerMiteSurvivorship= 36.4009059499949
ICForagerLifespan= 15.4487158721313
ImmType= Logarithmic
AIAdultSlope= 2.94459358045366
AIAdultLD50= 0.0641902477946132
AIAdultSlopeContact= 1.59104858840816
AIAdultLD50Contact= 0.0355051191290841
AILarvaSlope= 2.87151234331541
AILarvaLD50= 0.509272627020255
AIKOW= 3.90098641160876
AIKOC= 13.1532656739
AIHalfLife= 4.02241207077168
EAppRate= 0
