ICQueenStrength= 2.39185833046213
RQWkrDrnRatio= 2.7015115134418
ICDroneMiteSurvivorship= 50.1935581676662
ICWorkerMiteSurvivorship= 70.2801701147109
ICForagerLifespan= 7.6392320599407
ImmType= Polynomial
AIAdultSlope= 3.84080552728847
AIAdultLD50= 0.0210545824375004
AIAdultSlopeContact= 3.75675738802878
AIAdultLD50Contact= 0.0184137337026186
AILarvaSlope= 1.47767578391358
AILarvaLD50= 0.379577311081812
AIKOW= 4.31434151018038
AIKOC= 29.0150689904112
AIHalfLife= 3.9285030355677
EAppRate= 0
