ICQueenStrength= 4.58260922715999
RQWkrDrnRatio= 3.01923693437129
ICDroneMiteSurvivorship= 59.8606175044551
ICWorkerMiteSurvivorship= 71.2668670574203
ICForagerLifespan= 10.9094382766634
ImmType= Cosine
AIAdultSlope= 2.7916355740861
AIAdultLD50= 0.0826871633762494
AIAdultSlopeContact= 3.81431671428261
AIAdultLD50Contact= 0.0173526357277296
AILarvaSlope= 1.80064296070486
AILarvaLD50= 0.258215687493794
AIKOW= 2.74056939780712
AIKOC= 7.086139988387
AIHalfLife= 0.0109595363028347
EAppRate= 0
