ICQueenStrength= 2.57999480492435
RQWkrDrnRatio= 1.1533024655655
ICDroneMiteSurvivorship= 70.7604595925659
ICWorkerMiteSurvivorship= 44.7581852786243
ICForagerLifespan= 9.36852475441992
ImmType= Polynomial
AIAdultSlope= 0.432312819175422
AIAdultLD50= 0.47538491000887
AIAdultSlopeContact= 0.306087304393295
AIAdultLD50Contact= 0.0216612736345269
AILarvaSlope= 1.29708137512207
AILarvaLD50= 0.192034288519062
AIKOW= 4.49576446833089
AIKOC= 5.70075876428746
AIHalfLife= 2.64669652911834
EAppRate= 0
