ICQueenStrength= 5.52303468016908
RQWkrDrnRatio= 4.60472719371319
ICDroneMiteSurvivorship= 72.5399536080658
ICWorkerMiteSurvivorship= 28.4474276239052
ICForagerLifespan= 4.41886199079454
ImmType= Exponential
AIAdultSlope= 8.90245058108121
AIAdultLD50= 0.387203146354295
AIAdultSlopeContact= 0.792768010951113
AIAdultLD50Contact= 0.000719844934064895
AILarvaSlope= 2.91782504194416
AILarvaLD50= 0.286986361211166
AIKOW= 2.74049769481644
AIKOC= 7.336919674417
AIHalfLife= 0.127231299411505
EAppRate= 0
