ICQueenStrength= 1.01226386870258
RQWkrDrnRatio= 4.20938310027122
ICDroneMiteSurvivorship= 13.4726181393489
ICWorkerMiteSurvivorship= 74.9180167214945
ICForagerLifespan= 15.6243502683938
ImmType= Exponential
AIAdultSlope= 9.5313642709516
AIAdultLD50= 0.406057327170856
AIAdultSlopeContact= 1.52000874343794
AIAdultLD50Contact= 0.0299734879168682
AILarvaSlope= 6.45689355675131
AILarvaLD50= 0.436295658512972
AIKOW= 3.64949037274346
AIKOC= 16.3621919357684
AIHalfLife= 2.43102112784982
EAppRate= 0
