ICQueenStrength= 3.97768278396688
RQWkrDrnRatio= 4.88479044754058
ICDroneMiteSurvivorship= 28.1452648807317
ICWorkerMiteSurvivorship= 99.3072223616764
ICForagerLifespan= 7.16176511533558
ImmType= Cosine
AIAdultSlope= 3.0963009579666
AIAdultLD50= 0.138622867525555
AIAdultSlopeContact= 2.10902813472552
AIAdultLD50Contact= 0.0210931988083757
AILarvaSlope= 0.317664449708536
AILarvaLD50= 0.689777236827649
AIKOW= 6.17190668778494
AIKOC= 12.1581175841857
AIHalfLife= 3.24662087019533
EAppRate= 0
