ICQueenStrength= 5.24169542966411
RQWkrDrnRatio= 3.41146338172257
ICDroneMiteSurvivorship= 28.4659106982872
ICWorkerMiteSurvivorship= 94.60676421877
ICForagerLifespan= 15.1691090436652
ImmType= Tangent
AIAdultSlope= 1.9406955386512
AIAdultLD50= 0.352653647772968
AIAdultSlopeContact= 2.80435582187958
AIAdultLD50Contact= 0.0360916557954624
AILarvaSlope= 9.60962409153581
AILarvaLD50= 0.870113894878887
AIKOW= 2.18112030578777
AIKOC= 5.95131515990943
AIHalfLife= 2.51611420768313
EAppRate= 0
