ICQueenStrength= 1.39310662308708
RQWkrDrnRatio= 4.72862728498876
ICDroneMiteSurvivorship= 33.5733666550368
ICWorkerMiteSurvivorship= 27.5712077505887
ICForagerLifespan= 13.7140918681398
ImmType= Tangent
AIAdultSlope= 6.53689197963104
AIAdultLD50= 0.364881526096724
AIAdultSlopeContact= 0.0804219683515839
AIAdultLD50Contact= 0.00887404179666191
AILarvaSlope= 5.62840577214956
AILarvaLD50= 0.344671535189264
AIKOW= 3.59232229366899
AIKOC= 21.3339573191479
AIHalfLife= 4.81193204526789
EAppRate= 0
