ICQueenStrength= 4.99999542045407
RQWkrDrnRatio= 2.66749385092407
ICDroneMiteSurvivorship= 53.2301279250532
ICWorkerMiteSurvivorship= 33.6410174844787
ICForagerLifespan= 15.4633334502578
ImmType= Exponential
AIAdultSlope= 3.81906336874003
AIAdultLD50= 0.233388917753473
AIAdultSlopeContact= 3.85078446390806
AIAdultLD50Contact= 0.0293184092501178
AILarvaSlope= 0.88581334981136
AILarvaLD50= 0.845970457512885
AIKOW= 4.99573855241761
AIKOC= 17.8974275605287
AIHalfLife= 0.411831286037341
EAppRate= 0
