ICQueenStrength= 4.27461304957978
RQWkrDrnRatio= 4.05043278541416
ICDroneMiteSurvivorship= 56.8067194428295
ICWorkerMiteSurvivorship= 84.3065441120416
ICForagerLifespan= 9.64895649347454
ImmType= Sine
AIAdultSlope= 9.05505704926327
AIAdultLD50= 0.38557359832339
AIAdultSlopeContact= 3.24865066341357
AIAdultLD50Contact= 0.0012114918557927
AILarvaSlope= 2.73586549097672
AILarvaLD50= 0.474999404442497
AIKOW= 2.65712002897635
AIKOC= 5.58420316781849
AIHalfLife= 3.18129580933601
EAppRate= 0
