ICQueenStrength= 5.11389466258697
RQWkrDrnRatio= 4.28128393739462
ICDroneMiteSurvivorship= 85.4084262391552
ICWorkerMiteSurvivorship= 86.7266282206401
ICForagerLifespan= 6.62639115285128
ImmType= Tangent
AIAdultSlope= 0.932460040785372
AIAdultLD50= 0.246325764223002
AIAdultSlopeContact= 2.6841483314638
AIAdultLD50Contact= 0.0123895008931868
AILarvaSlope= 2.27691404335201
AILarvaLD50= 0.778801287710667
AIKOW= 3.38109018094838
AIKOC= 29.9116001767106
AIHalfLife= 4.70244450028986
EAppRate= 0
