ICQueenStrength= 5.93242275202647
RQWkrDrnRatio= 3.73013676609844
ICDroneMiteSurvivorship= 21.8505444936454
ICWorkerMiteSurvivorship= 29.3213992146775
ICForagerLifespan= 8.38396977819502
ImmType= Exponential
AIAdultSlope= 8.2828087056987
AIAdultLD50= 0.456629166728817
AIAdultSlopeContact= 2.56442664947826
AIAdultLD50Contact= 0.00787947828648612
AILarvaSlope= 0.134440616238862
AILarvaLD50= 0.414938420034014
AIKOW= 6.00122986594215
AIKOC= 27.4257870344445
AIHalfLife= 4.33436975930817
EAppRate= 0
