ICQueenStrength= 3.17677171924151
RQWkrDrnRatio= 2.92981954943389
ICDroneMiteSurvivorship= 27.0661334507167
ICWorkerMiteSurvivorship= 47.309988271445
ICForagerLifespan= 15.0006676670164
ImmType= Tangent
AIAdultSlope= 9.648652295582
AIAdultLD50= 0.297572958865203
AIAdultSlopeContact= 1.80413899168605
AIAdultLD50Contact= 0.0213007317157462
AILarvaSlope= 2.60321945501491
AILarvaLD50= 0.465766372228973
AIKOW= 7.88515043212101
AIKOC= 14.3412604532205
AIHalfLife= 2.81753096729517
EAppRate= 0
