ICQueenStrength= 1.64266399829648
RQWkrDrnRatio= 2.08080849796534
ICDroneMiteSurvivorship= 87.1927165659145
ICWorkerMiteSurvivorship= 80.7348019210622
ICForagerLifespan= 8.13330503832549
ImmType= Cosine
AIAdultSlope= 7.57969325874001
AIAdultLD50= 0.0911031307186931
AIAdultSlopeContact= 1.99471692814026
AIAdultLD50Contact= 0.0235921219689772
AILarvaSlope= 3.35643344013952
AILarvaLD50= 0.868683548038825
AIKOW= 5.9908674643375
AIKOC= 25.4708468983881
AIHalfLife= 0.00578633858822286
EAppRate= 0
