ICQueenStrength= 2.51444319402799
RQWkrDrnRatio= 1.25737750902772
ICDroneMiteSurvivorship= 11.933398572728
ICWorkerMiteSurvivorship= 80.8378965128213
ICForagerLifespan= 13.3294135471806
ImmType= Sine
AIAdultSlope= 6.83798676356673
AIAdultLD50= 0.397885776706971
AIAdultSlopeContact= 1.62720344268484
AIAdultLD50Contact= 0.0286406556610018
AILarvaSlope= 3.87228629318997
AILarvaLD50= 0.677889737812802
AIKOW= 5.80325875524431
AIKOC= 6.37788542779163
AIHalfLife= 1.64100668393075
EAppRate= 0
