ICQueenStrength= 2.79879064089619
RQWkrDrnRatio= 2.78392632864416
ICDroneMiteSurvivorship= 48.303094599396
ICWorkerMiteSurvivorship= 24.9556524911895
ICForagerLifespan= 5.35377332381904
ImmType= Polynomial
AIAdultSlope= 4.71556616947055
AIAdultLD50= 0.369287464069203
AIAdultSlopeContact= 1.58664194879355
AIAdultLD50Contact= 0.0496235895436257
AILarvaSlope= 3.62912740325555
AILarvaLD50= 0.467653377307579
AIKOW= 2.6165857850574
AIKOC= 13.30104231718
AIHalfLife= 1.58368457690813
EAppRate= 0
