ICQueenStrength= 4.25823571765795
RQWkrDrnRatio= 4.69662993215024
ICDroneMiteSurvivorship= 64.506596326828
ICWorkerMiteSurvivorship= 17.6769766723737
ICForagerLifespan= 12.1050518685952
ImmType= Logarithmic
AIAdultSlope= 1.61853017866379
AIAdultLD50= 0.188988251844421
AIAdultSlopeContact= 0.235806808001362
AIAdultLD50Contact= 0.00785249391337857
AILarvaSlope= 0.106088719237596
AILarvaLD50= 0.3521399108693
AIKOW= 3.09778338624164
AIKOC= 29.3454666691832
AIHalfLife= 3.94241956877522
EAppRate= 0
