ICQueenStrength= 3.28105157963
RQWkrDrnRatio= 1.26737426500767
ICDroneMiteSurvivorship= 0.366279762238264
ICWorkerMiteSurvivorship= 76.4956248691306
ICForagerLifespan= 5.7530633835122
ImmType= Tangent
AIAdultSlope= 4.34487773571163
AIAdultLD50= 0.236893107998185
AIAdultSlopeContact= 2.65086216204101
AIAdultLD50Contact= 0.0333788861869834
AILarvaSlope= 4.58075200906023
AILarvaLD50= 0.10715716725681
AIKOW= 3.27509068325162
AIKOC= 17.4826643674169
AIHalfLife= 1.50586043484509
EAppRate= 0
