ICQueenStrength= 4.96566015901044
RQWkrDrnRatio= 4.01925190724432
ICDroneMiteSurvivorship= 80.7247285498306
ICWorkerMiteSurvivorship= 45.624545798637
ICForagerLifespan= 6.76884077023715
ImmType= Tangent
AIAdultSlope= 4.23689687391743
AIAdultLD50= 0.31922229391057
AIAdultSlopeContact= 3.15859501407947
AIAdultLD50Contact= 0.0069456355413422
AILarvaSlope= 0.668972199782729
AILarvaLD50= 0.784628577693366
AIKOW= 6.4363944879733
AIKOC= 24.9562500871252
AIHalfLife= 4.00139888050035
EAppRate= 0
