ICQueenStrength= 3.73429801920429
RQWkrDrnRatio= 1.04376227315515
ICDroneMiteSurvivorship= 2.68828745465726
ICWorkerMiteSurvivorship= 40.4601677553728
ICForagerLifespan= 6.57277884054929
ImmType= Cosine
AIAdultSlope= 3.18950989494799
AIAdultLD50= 0.0986336431233212
AIAdultSlopeContact= 3.42819756037323
AIAdultLD50Contact= 0.0480792779708281
AILarvaSlope= 1.94402640955523
AILarvaLD50= 0.425187873048708
AIKOW= 7.06905933935195
AIKOC= 9.03367062099278
AIHalfLife= 1.58049182035029
EAppRate= 0
