ICQueenStrength= 1.15153829357587
RQWkrDrnRatio= 4.13946092966944
ICDroneMiteSurvivorship= 99.2163235787302
ICWorkerMiteSurvivorship= 82.4437570059672
ICForagerLifespan= 8.42054851260036
ImmType= Sine
AIAdultSlope= 1.78097163730301
AIAdultLD50= 0.299210992990993
AIAdultSlopeContact= 3.2387079301849
AIAdultLD50Contact= 0.0252981656929478
AILarvaSlope= 0.942535314382985
AILarvaLD50= 0.016354486788623
AIKOW= 7.89110015844926
AIKOC= 13.1984485674184
AIHalfLife= 4.69398309476674
EAppRate= 0
