ICQueenStrength= 2.84370340430178
RQWkrDrnRatio= 3.92169271223247
ICDroneMiteSurvivorship= 86.0358385369182
ICWorkerMiteSurvivorship= 27.877817186527
ICForagerLifespan= 13.2364196032286
ImmType= Exponential
AIAdultSlope= 6.23338949400932
AIAdultLD50= 0.289111640537158
AIAdultSlopeContact= 1.27690201145131
AIAdultLD50Contact= 0.017145854071714
AILarvaSlope= 3.17579922610894
AILarvaLD50= 0.830156781384721
AIKOW= 7.38939223857597
AIKOC= 21.5707552223466
AIHalfLife= 2.54921490210108
EAppRate= 0
