ICQueenStrength= 4.5425769421272
RQWkrDrnRatio= 4.31666204985231
ICDroneMiteSurvivorship= 33.7049938505515
ICWorkerMiteSurvivorship= 46.7552386922762
ICForagerLifespan= 7.01178285200149
ImmType= Polynomial
AIAdultSlope= 0.860240368638188
AIAdultLD50= 0.489206311758608
AIAdultSlopeContact= 3.10188685727539
AIAdultLD50Contact= 0.0109411732293665
AILarvaSlope= 0.198357363929972
AILarvaLD50= 0.858176144678146
AIKOW= 3.0763490521349
AIKOC= 5.77070529805496
AIHalfLife= 4.51100131263956
EAppRate= 0
