ICQueenStrength= 3.43211432476528
RQWkrDrnRatio= 1.93657908588648
ICDroneMiteSurvivorship= 77.5579305831343
ICWorkerMiteSurvivorship= 76.5612727031112
ICForagerLifespan= 5.07946714106947
ImmType= Sine
AIAdultSlope= 1.31641986965435
AIAdultLD50= 0.219792477088049
AIAdultSlopeContact= 0.593892504866235
AIAdultLD50Contact= 0.0278435903368518
AILarvaSlope= 3.13033596635796
AILarvaLD50= 0.89246323260013
AIKOW= 7.28049714537337
AIKOC= 24.0910421602894
AIHalfLife= 2.40371264750138
EAppRate= 0
