ICQueenStrength= 2.94871927495115
RQWkrDrnRatio= 2.04755330272019
ICDroneMiteSurvivorship= 32.6686253072694
ICWorkerMiteSurvivorship= 67.3899639863521
ICForagerLifespan= 5.79572323616594
ImmType= Logarithmic
AIAdultSlope= 2.68464684775332
AIAdultLD50= 0.11387029022444
AIAdultSlopeContact= 3.27982298457529
AIAdultLD50Contact= 0.0303786723176017
AILarvaSlope= 1.28503827680834
AILarvaLD50= 0.554454228747636
AIKOW= 3.26490185968578
AIKOC= 14.1453379951417
AIHalfLife= 1.40625210595317
EAppRate= 0
