ICQueenStrength= 1.00638916972093
RQWkrDrnRatio= 1.87970546912402
ICDroneMiteSurvivorship= 70.5634461482987
ICWorkerMiteSurvivorship= 17.4507788382471
ICForagerLifespan= 7.14059239160269
ImmType= Logarithmic
AIAdultSlope= 3.94029322778806
AIAdultLD50= 0.158149334951304
AIAdultSlopeContact= 3.43170660128351
AIAdultLD50Contact= 0.0168984871823341
AILarvaSlope= 3.02908180607483
AILarvaLD50= 0.893090428831056
AIKOW= 2.72789832949638
AIKOC= 20.1215511781629
AIHalfLife= 0.853561882395297
EAppRate= 0
