ICQueenStrength= 2.30046264268458
RQWkrDrnRatio= 4.24224830884486
ICDroneMiteSurvivorship= 63.7252763146535
ICWorkerMiteSurvivorship= 3.63947458099574
ICForagerLifespan= 13.0498201549053
ImmType= Exponential
AIAdultSlope= 7.62817977229133
AIAdultLD50= 0.169540472095832
AIAdultSlopeContact= 3.01733611111762
AIAdultLD50Contact= 0.0355129044386558
AILarvaSlope= 1.90997909968719
AILarvaLD50= 0.0806356146465987
AIKOW= 6.99160988768563
AIKOC= 20.8243510406464
AIHalfLife= 3.38456141762435
EAppRate= 0
