ICQueenStrength= 1.70549301686697
RQWkrDrnRatio= 3.73247353639454
ICDroneMiteSurvivorship= 55.25883580558
ICWorkerMiteSurvivorship= 80.9647236485034
ICForagerLifespan= 7.93162541184574
ImmType= Logarithmic
AIAdultSlope= 1.57820507651195
AIAdultLD50= 0.473393730469979
AIAdultSlopeContact= 2.85761592872674
AIAdultLD50Contact= 0.0248085280647501
AILarvaSlope= 3.34387011593208
AILarvaLD50= 0.251862416951917
AIKOW= 4.43405516492203
AIKOC= 23.9692784799263
AIHalfLife= 2.12421553675085
EAppRate= 0
