ICQueenStrength= 5.34498591930605
RQWkrDrnRatio= 2.61403557378799
ICDroneMiteSurvivorship= 29.0298201609403
ICWorkerMiteSurvivorship= 0.082982424646616
ICForagerLifespan= 7.0500913457945
ImmType= Logarithmic
AIAdultSlope= 8.21926094591618
AIAdultLD50= 0.277199566364288
AIAdultSlopeContact= 3.87682019844186
AIAdultLD50Contact= 0.0445196062093601
AILarvaSlope= 3.52998661575839
AILarvaLD50= 0.499138325639069
AIKOW= 7.09417357062921
AIKOC= 27.021967015462
AIHalfLife= 1.55212829820812
EAppRate= 0
