ICQueenStrength= 2.92386023350991
RQWkrDrnRatio= 1.87214915174991
ICDroneMiteSurvivorship= 72.6978276157752
ICWorkerMiteSurvivorship= 43.3528837980703
ICForagerLifespan= 8.56415367871523
ImmType= Polynomial
AIAdultSlope= 1.77837153224973
AIAdultLD50= 0.406632622587495
AIAdultSlopeContact= 2.59772568597458
AIAdultLD50Contact= 0.0163821617607027
AILarvaSlope= 1.34710351149552
AILarvaLD50= 0.0626216581324115
AIKOW= 7.73405806114897
AIKOC= 11.3602204550989
AIHalfLife= 4.23982379492372
EAppRate= 0
