ICQueenStrength= 2.37973804143257
RQWkrDrnRatio= 4.62869452126324
ICDroneMiteSurvivorship= 66.5481226053089
ICWorkerMiteSurvivorship= 42.4468626035377
ICForagerLifespan= 8.19134634826332
ImmType= Exponential
AIAdultSlope= 1.11800769991474
AIAdultLD50= 0.23277919262182
AIAdultSlopeContact= 1.10201378019992
AIAdultLD50Contact= 0.0263479145127349
AILarvaSlope= 0.965724755171686
AILarvaLD50= 0.665415028226562
AIKOW= 4.28813856188208
AIKOC= 17.7863545319997
AIHalfLife= 3.21118032559752
EAppRate= 0
