ICQueenStrength= 5.83963693492115
RQWkrDrnRatio= 4.99044317845255
ICDroneMiteSurvivorship= 73.4834858216345
ICWorkerMiteSurvivorship= 5.61235568020493
ICForagerLifespan= 6.8550147395581
ImmType= Cosine
AIAdultSlope= 4.78408695198596
AIAdultLD50= 0.417035928112455
AIAdultSlopeContact= 3.52632714096224
AIAdultLD50Contact= 0.0131531907361932
AILarvaSlope= 3.807527362369
AILarvaLD50= 0.891522150859237
AIKOW= 4.96189729729667
AIKOC= 24.624210218899
AIHalfLife= 2.11534263798967
EAppRate= 0
