ICQueenStrength= 4.35745047195815
RQWkrDrnRatio= 4.1775840818882
ICDroneMiteSurvivorship= 7.57664169650525
ICWorkerMiteSurvivorship= 45.741911418736
ICForagerLifespan= 15.1092580026016
ImmType= Cosine
AIAdultSlope= 2.09696071660146
AIAdultLD50= 0.184128418681212
AIAdultSlopeContact= 3.42139123259112
AIAdultLD50Contact= 0.0313014923944138
AILarvaSlope= 1.06595042385161
AILarvaLD50= 0.183216490549967
AIKOW= 3.62580521404743
AIKOC= 21.4479550148826
AIHalfLife= 4.18885016464628
EAppRate= 0
