ICQueenStrength= 2.06434851535596
RQWkrDrnRatio= 1.42250911332667
ICDroneMiteSurvivorship= 37.3330244794488
ICWorkerMiteSurvivorship= 96.2724586483091
ICForagerLifespan= 4.97542966529727
ImmType= Logarithmic
AIAdultSlope= 6.8934858799912
AIAdultLD50= 0.130695986677893
AIAdultSlopeContact= 2.73513046760811
AIAdultLD50Contact= 0.0240702829323709
AILarvaSlope= 2.37463744338602
AILarvaLD50= 0.785197374690324
AIKOW= 3.88158618379384
AIKOC= 16.371383536607
AIHalfLife= 2.53602811251767
EAppRate= 0
