ICQueenStrength= 3.50463991309516
RQWkrDrnRatio= 4.74529154971242
ICDroneMiteSurvivorship= 29.2498216498643
ICWorkerMiteSurvivorship= 6.04923088103533
ICForagerLifespan= 4.89519513491541
ImmType= Sine
AIAdultSlope= 6.96190372109413
AIAdultLD50= 0.213652872247621
AIAdultSlopeContact= 0.848918510691729
AIAdultLD50Contact= 0.0477013446390629
AILarvaSlope= 5.99843825912103
AILarvaLD50= 0.438211965677328
AIKOW= 6.87496509635821
AIKOC= 19.7417048807256
AIHalfLife= 2.27205424685962
EAppRate= 0
