ICQueenStrength= 3.6958624413237
RQWkrDrnRatio= 4.67716196645051
ICDroneMiteSurvivorship= 30.4668212775141
ICWorkerMiteSurvivorship= 70.7760299555957
ICForagerLifespan= 9.14268704690039
ImmType= Exponential
AIAdultSlope= 0.82944592155749
AIAdultLD50= 0.431086660479195
AIAdultSlopeContact= 2.19337584519759
AIAdultLD50Contact= 0.029463214520365
AILarvaSlope= 0.468751688301563
AILarvaLD50= 0.741329532768577
AIKOW= 5.04952781647444
AIKOC= 16.2411863636225
AIHalfLife= 0.541927587473765
EAppRate= 0
