ICQueenStrength= 2.82532674516551
RQWkrDrnRatio= 2.14898645319045
ICDroneMiteSurvivorship= 38.9040512964129
ICWorkerMiteSurvivorship= 94.2715036449954
ICForagerLifespan= 6.03689658548683
ImmType= Sine
AIAdultSlope= 1.37004142670659
AIAdultLD50= 0.467633060412481
AIAdultSlopeContact= 2.06737590975361
AIAdultLD50Contact= 0.0136123425094411
AILarvaSlope= 0.901471035834402
AILarvaLD50= 0.104278518911451
AIKOW= 5.07108613569289
AIKOC= 8.61384085845202
AIHalfLife= 1.80852538556792
EAppRate= 0
