ICQueenStrength= 3.79598269960843
RQWkrDrnRatio= 4.78665826842189
ICDroneMiteSurvivorship= 59.2143162386492
ICWorkerMiteSurvivorship= 7.49807374086231
ICForagerLifespan= 12.1004555569962
ImmType= Logarithmic
AIAdultSlope= 2.85918745212257
AIAdultLD50= 0.323489939328283
AIAdultSlopeContact= 3.89262069937773
AIAdultLD50Contact= 0.0219938101014122
AILarvaSlope= 0.618147822888568
AILarvaLD50= 0.0339667408028618
AIKOW= 3.09244875749573
AIKOC= 21.6091174411122
AIHalfLife= 2.25945055251941
EAppRate= 0
