ICQueenStrength= 2.59251886419952
RQWkrDrnRatio= 4.60124960076064
ICDroneMiteSurvivorship= 1.36542518157512
ICWorkerMiteSurvivorship= 53.2312427414581
ICForagerLifespan= 11.5067934598774
ImmType= Exponential
AIAdultSlope= 0.531189767643809
AIAdultLD50= 0.261542894993909
AIAdultSlopeContact= 0.627941943746992
AIAdultLD50Contact= 0.0298630728037097
AILarvaSlope= 5.63220813171938
AILarvaLD50= 0.430584632861428
AIKOW= 6.13723774626851
AIKOC= 15.9401479363441
AIHalfLife= 0.207473953487352
EAppRate= 0
