ICQueenStrength= 4.52297590929084
RQWkrDrnRatio= 2.60273208841681
ICDroneMiteSurvivorship= 68.12440068461
ICWorkerMiteSurvivorship= 76.976713584736
ICForagerLifespan= 8.57057514972985
ImmType= Sine
AIAdultSlope= 1.59429803257808
AIAdultLD50= 0.339285204303451
AIAdultSlopeContact= 3.18059760458535
AIAdultLD50Contact= 0.0322563697118312
AILarvaSlope= 2.12455844231881
AILarvaLD50= 0.0749026365811005
AIKOW= 7.12441061576828
AIKOC= 24.6611756109633
AIHalfLife= 4.90811193245463
EAppRate= 0
