ICQueenStrength= 5.16066300007515
RQWkrDrnRatio= 3.00919136404991
ICDroneMiteSurvivorship= 34.2292842455208
ICWorkerMiteSurvivorship= 88.3056536549702
ICForagerLifespan= 14.4828695775941
ImmType= Exponential
AIAdultSlope= 1.88764793099836
AIAdultLD50= 0.27413919812534
AIAdultSlopeContact= 1.24151536776451
AIAdultLD50Contact= 0.0374176962533966
AILarvaSlope= 9.94821869768202
AILarvaLD50= 0.205514748953283
AIKOW= 7.01514780707657
AIKOC= 24.29964593146
AIHalfLife= 0.0107893941458315
EAppRate= 0
