ICQueenStrength= 2.47514017065987
RQWkrDrnRatio= 2.25486683659256
ICDroneMiteSurvivorship= 88.4850834961981
ICWorkerMiteSurvivorship= 93.396597285755
ICForagerLifespan= 10.1951853446662
ImmType= Exponential
AIAdultSlope= 1.26638302579522
AIAdultLD50= 0.104692588211037
AIAdultSlopeContact= 1.68211846454535
AIAdultLD50Contact= 0.0389714750577696
AILarvaSlope= 0.609462868887931
AILarvaLD50= 0.261436028312892
AIKOW= 4.34959147544578
AIKOC= 9.68706594547257
AIHalfLife= 1.77696549566463
EAppRate= 0
