ICQueenStrength= 1.91500467271544
RQWkrDrnRatio= 2.19058319367468
ICDroneMiteSurvivorship= 50.5468215560541
ICWorkerMiteSurvivorship= 37.9508225480095
ICForagerLifespan= 6.29596527293324
ImmType= Logarithmic
AIAdultSlope= 3.26987048986601
AIAdultLD50= 0.275451423833147
AIAdultSlopeContact= 3.7030169528327
AIAdultLD50Contact= 0.00110032417578623
AILarvaSlope= 2.10422375747003
AILarvaLD50= 0.784676316194236
AIKOW= 5.06037965137511
AIKOC= 27.4160003708676
AIHalfLife= 1.56584178912453
EAppRate= 0
