ICQueenStrength= 5.8146997357253
RQWkrDrnRatio= 2.76724768523127
ICDroneMiteSurvivorship= 77.7712671319023
ICWorkerMiteSurvivorship= 18.9552747877315
ICForagerLifespan= 14.0479039447382
ImmType= Sine
AIAdultSlope= 4.75944457808509
AIAdultLD50= 0.423438463942148
AIAdultSlopeContact= 3.57718677638099
AIAdultLD50Contact= 0.0416621224139817
AILarvaSlope= 3.88921092031524
AILarvaLD50= 0.398856879235245
AIKOW= 3.68569091986865
AIKOC= 29.4395245623309
AIHalfLife= 0.956315955845639
EAppRate= 0
