ICQueenStrength= 4.137976055732
RQWkrDrnRatio= 1.97462427150458
ICDroneMiteSurvivorship= 52.1017185645178
ICWorkerMiteSurvivorship= 11.4745621103793
ICForagerLifespan= 15.8883081004024
ImmType= Sine
AIAdultSlope= 2.35621998785064
AIAdultLD50= 0.376670875935815
AIAdultSlopeContact= 3.0842517195479
AIAdultLD50Contact= 0.00698120334418491
AILarvaSlope= 1.18414748469368
AILarvaLD50= 0.177058446896262
AIKOW= 3.32126769563183
AIKOC= 21.4771909767296
AIHalfLife= 2.05699011334218
EAppRate= 0
