ICQueenStrength= 2.25916782417335
RQWkrDrnRatio= 4.09988877456635
ICDroneMiteSurvivorship= 62.1587625704706
ICWorkerMiteSurvivorship= 15.6997354468331
ICForagerLifespan= 9.7544252211228
ImmType= Exponential
AIAdultSlope= 3.74003036080627
AIAdultLD50= 0.195186059223488
AIAdultSlopeContact= 3.48042799571995
AIAdultLD50Contact= 0.0103288309765048
AILarvaSlope= 2.1775217554532
AILarvaLD50= 0.18458309029229
AIKOW= 6.62812837725505
AIKOC= 25.7006825134158
AIHalfLife= 2.91892578126863
EAppRate= 0
