ICQueenStrength= 3.48172026243992
RQWkrDrnRatio= 4.40560502745211
ICDroneMiteSurvivorship= 72.0424024621025
ICWorkerMiteSurvivorship= 21.7533665243536
ICForagerLifespan= 7.32262654416263
ImmType= Logarithmic
AIAdultSlope= 0.782903153621592
AIAdultLD50= 0.304756695288233
AIAdultSlopeContact= 0.3592360911984
AIAdultLD50Contact= 0.0338541208184324
AILarvaSlope= 0.643445249646902
AILarvaLD50= 0.482283435040154
AIKOW= 3.17456073360518
AIKOC= 13.6769065528642
AIHalfLife= 1.63567708106712
EAppRate= 0
