ICQueenStrength= 3.28584441938438
RQWkrDrnRatio= 3.97820189874619
ICDroneMiteSurvivorship= 39.2355982679874
ICWorkerMiteSurvivorship= 31.5871544415131
ICForagerLifespan= 4.84739227220416
ImmType= Polynomial
AIAdultSlope= 1.1509477859363
AIAdultLD50= 0.310768225695938
AIAdultSlopeContact= 0.745815829974599
AIAdultLD50Contact= 0.0185856184223667
AILarvaSlope= 0.401552948076278
AILarvaLD50= 0.322179208695889
AIKOW= 7.04149588104337
AIKOC= 26.7018820112571
AIHalfLife= 3.25611496577039
EAppRate= 0
