ICQueenStrength= 1.24824896012433
RQWkrDrnRatio= 3.51873726211488
ICDroneMiteSurvivorship= 27.2860899334773
ICWorkerMiteSurvivorship= 29.0811585262418
ICForagerLifespan= 5.65836930461228
ImmType= Exponential
AIAdultSlope= 9.72095663193613
AIAdultLD50= 0.0486191507661715
AIAdultSlopeContact= 0.622523654038087
AIAdultLD50Contact= 0.0278897242620587
AILarvaSlope= 9.71690762089565
AILarvaLD50= 0.663955543795601
AIKOW= 5.0812182109803
AIKOC= 25.293280039914
AIHalfLife= 0.969993928447366
EAppRate= 0
