ICQueenStrength= 2.48374548996799
RQWkrDrnRatio= 3.81611705478281
ICDroneMiteSurvivorship= 91.4332449436188
ICWorkerMiteSurvivorship= 97.3958003334701
ICForagerLifespan= 8.50401677004993
ImmType= Tangent
AIAdultSlope= 0.974405320566148
AIAdultLD50= 0.23442485765554
AIAdultSlopeContact= 3.29595814014087
AIAdultLD50Contact= 0.0350883682724088
AILarvaSlope= 2.80137224346399
AILarvaLD50= 0.109883528575301
AIKOW= 2.4786365525797
AIKOC= 25.2831062313635
AIHalfLife= 4.88278916571289
EAppRate= 0
