ICQueenStrength= 4.61735890735872
RQWkrDrnRatio= 2.71055387984961
ICDroneMiteSurvivorship= 89.6413143491372
ICWorkerMiteSurvivorship= 32.2202595649287
ICForagerLifespan= 5.9445848222822
ImmType= Tangent
AIAdultSlope= 2.99410060280934
AIAdultLD50= 0.43316115741618
AIAdultSlopeContact= 1.30218243632466
AIAdultLD50Contact= 0.0287830825895071
AILarvaSlope= 3.16534060873091
AILarvaLD50= 0.155140043771826
AIKOW= 3.23317270725965
AIKOC= 5.67729785805568
AIHalfLife= 3.09121013735421
EAppRate= 0
