ICQueenStrength= 1.88056751061231
RQWkrDrnRatio= 3.42313259188086
ICDroneMiteSurvivorship= 79.8665840411559
ICWorkerMiteSurvivorship= 13.392818137072
ICForagerLifespan= 13.7892834963277
ImmType= Cosine
AIAdultSlope= 1.69765640013618
AIAdultLD50= 0.0404639444313943
AIAdultSlopeContact= 1.11569430221105
AIAdultLD50Contact= 0.0399032096727751
AILarvaSlope= 1.06821031300351
AILarvaLD50= 0.0710921265883371
AIKOW= 4.57832557614893
AIKOC= 15.919329005992
AIHalfLife= 1.96089099859819
EAppRate= 0
