ICQueenStrength= 1.2222394454293
RQWkrDrnRatio= 3.06248884554952
ICDroneMiteSurvivorship= 83.9988855179399
ICWorkerMiteSurvivorship= 38.1906117778271
ICForagerLifespan= 5.5269584832713
ImmType= Polynomial
AIAdultSlope= 0.572812677151524
AIAdultLD50= 0.0855986558599398
AIAdultSlopeContact= 1.52679346657824
AIAdultLD50Contact= 0.0359825918218121
AILarvaSlope= 1.89346034345217
AILarvaLD50= 0.888588796975091
AIKOW= 5.08282699715346
AIKOC= 21.3245647330768
AIHalfLife= 4.12506046239287
EAppRate= 0
