ICQueenStrength= 5.32349934824742
RQWkrDrnRatio= 3.25083609018475
ICDroneMiteSurvivorship= 1.25080281868577
ICWorkerMiteSurvivorship= 63.5096076410264
ICForagerLifespan= 7.00597463734448
ImmType= Cosine
AIAdultSlope= 3.18086585728452
AIAdultLD50= 0.0132503750501201
AIAdultSlopeContact= 2.03015714010224
AIAdultLD50Contact= 0.0223281589685939
AILarvaSlope= 0.563152112811804
AILarvaLD50= 0.359097261400893
AIKOW= 7.43393376423046
AIKOC= 24.045502942754
AIHalfLife= 3.26764694997109
EAppRate= 0
