ICQueenStrength= 4.73554549179971
RQWkrDrnRatio= 2.07669945061207
ICDroneMiteSurvivorship= 33.3038543118164
ICWorkerMiteSurvivorship= 19.9159666430205
ICForagerLifespan= 13.9076934522018
ImmType= Polynomial
AIAdultSlope= 0.159448790363967
AIAdultLD50= 0.229972672765143
AIAdultSlopeContact= 3.11873368681641
AIAdultLD50Contact= 0.0257233781623654
AILarvaSlope= 1.43750802846625
AILarvaLD50= 0.65397972681094
AIKOW= 3.91830568108708
AIKOC= 13.0253960564733
AIHalfLife= 4.92374795256183
EAppRate= 0
