ICQueenStrength= 2.16918393410742
RQWkrDrnRatio= 1.17498465720564
ICDroneMiteSurvivorship= 95.3815795481205
ICWorkerMiteSurvivorship= 69.5889201015234
ICForagerLifespan= 4.49709673039615
ImmType= Logarithmic
AIAdultSlope= 1.00204112008214
AIAdultLD50= 0.158118460094556
AIAdultSlopeContact= 1.73390904215863
AIAdultLD50Contact= 0.027158994670026
AILarvaSlope= 3.95599777111784
AILarvaLD50= 0.249310738686472
AIKOW= 2.3242875803262
AIKOC= 18.1615877617151
AIHalfLife= 2.06080468953587
EAppRate= 0
