ICQueenStrength= 5.17050642892718
RQWkrDrnRatio= 2.83588828425854
ICDroneMiteSurvivorship= 73.1366661144421
ICWorkerMiteSurvivorship= 87.4639940913767
ICForagerLifespan= 11.5698121339083
ImmType= Polynomial
AIAdultSlope= 7.96236486639827
AIAdultLD50= 0.0525654099183157
AIAdultSlopeContact= 2.84708876573481
AIAdultLD50Contact= 0.0494751259102486
AILarvaSlope= 3.04384947055951
AILarvaLD50= 0.506082488712855
AIKOW= 3.69549134280533
AIKOC= 27.2343058499973
AIHalfLife= 1.5576520957984
EAppRate= 0
