ICQueenStrength= 3.11545069469139
RQWkrDrnRatio= 2.83791710436344
ICDroneMiteSurvivorship= 8.81686438806355
ICWorkerMiteSurvivorship= 84.4861872028559
ICForagerLifespan= 14.788844646886
ImmType= Sine
AIAdultSlope= 3.26869095657952
AIAdultLD50= 0.0832843728130683
AIAdultSlopeContact= 0.109511262020096
AIAdultLD50Contact= 0.005407478811685
AILarvaSlope= 2.66607447257265
AILarvaLD50= 0.711898619891144
AIKOW= 3.22750335698947
AIKOC= 12.9544772219379
AIHalfLife= 3.37147437734529
EAppRate= 0
