ICQueenStrength= 5.89664541324601
RQWkrDrnRatio= 1.64223770983517
ICDroneMiteSurvivorship= 66.320642339997
ICWorkerMiteSurvivorship= 43.9768398879096
ICForagerLifespan= 9.20036389492452
ImmType= Logarithmic
AIAdultSlope= 3.74173752096947
AIAdultLD50= 0.484370472375304
AIAdultSlopeContact= 2.55470354590332
AIAdultLD50Contact= 0.0354217863990925
AILarvaSlope= 0.113604830717668
AILarvaLD50= 0.678461804171093
AIKOW= 7.72603813465685
AIKOC= 14.9029297998641
AIHalfLife= 3.22494204505347
EAppRate= 0
