ICQueenStrength= 2.60658559412695
RQWkrDrnRatio= 3.89936748333275
ICDroneMiteSurvivorship= 46.6624797787517
ICWorkerMiteSurvivorship= 74.4149263715371
ICForagerLifespan= 14.007699531503
ImmType= Polynomial
AIAdultSlope= 2.41006984801032
AIAdultLD50= 0.31112102791667
AIAdultSlopeContact= 2.88989494082518
AIAdultLD50Contact= 0.000592295685783029
AILarvaSlope= 1.58952342742123
AILarvaLD50= 0.715634841495194
AIKOW= 4.73811335861683
AIKOC= 17.9997883923352
AIHalfLife= 1.59666044870391
EAppRate= 0
