ICQueenStrength= 3.76062803226523
RQWkrDrnRatio= 2.15772718936205
ICDroneMiteSurvivorship= 50.2845720620826
ICWorkerMiteSurvivorship= 41.1262072622776
ICForagerLifespan= 14.1437519015744
ImmType= Sine
AIAdultSlope= 2.69142960896716
AIAdultLD50= 0.337899804697372
AIAdultSlopeContact= 1.53241840631934
AIAdultLD50Contact= 0.0217376622837037
AILarvaSlope= 0.740638301055878
AILarvaLD50= 0.100400528730825
AIKOW= 5.04932968085632
AIKOC= 21.1688369465992
AIHalfLife= 2.30765289394185
EAppRate= 0
