ICQueenStrength= 2.76115638576448
RQWkrDrnRatio= 4.39600984472781
ICDroneMiteSurvivorship= 90.4746224405244
ICWorkerMiteSurvivorship= 3.01666131708771
ICForagerLifespan= 12.1719342619181
ImmType= Logarithmic
AIAdultSlope= 6.03852545144036
AIAdultLD50= 0.217497909907252
AIAdultSlopeContact= 2.98600294238655
AIAdultLD50Contact= 0.0461756324046291
AILarvaSlope= 2.31033279886469
AILarvaLD50= 0.544878510804847
AIKOW= 5.46964506572112
AIKOC= 19.6084612992126
AIHalfLife= 1.81475615012459
EAppRate= 0
