ICQueenStrength= 2.65085785207339
RQWkrDrnRatio= 1.41826753132045
ICDroneMiteSurvivorship= 75.171679072082
ICWorkerMiteSurvivorship= 31.7515047965571
ICForagerLifespan= 12.1232895236462
ImmType= Cosine
AIAdultSlope= 3.41789305485087
AIAdultLD50= 0.293045866070315
AIAdultSlopeContact= 3.07750061715022
AIAdultLD50Contact= 0.0476946835988201
AILarvaSlope= 2.195766717894
AILarvaLD50= 0.2086446628673
AIKOW= 7.43848712556064
AIKOC= 29.4328934757505
AIHalfLife= 0.700944989221171
EAppRate= 0
