ICQueenStrength= 2.1915712733753
RQWkrDrnRatio= 1.10963646043092
ICDroneMiteSurvivorship= 92.3294539097697
ICWorkerMiteSurvivorship= 74.1764863720164
ICForagerLifespan= 4.81168616656214
ImmType= Cosine
AIAdultSlope= 0.346601787023246
AIAdultLD50= 0.020346031174995
AIAdultSlopeContact= 1.91218705003615
AIAdultLD50Contact= 0.00603315397165716
AILarvaSlope= 0.0818292994052172
AILarvaLD50= 0.267585723591037
AIKOW= 7.81022996269166
AIKOC= 10.3089841501787
AIHalfLife= 2.45485723135062
EAppRate= 0
