ICQueenStrength= 3.11717692320235
RQWkrDrnRatio= 1.4282103581354
ICDroneMiteSurvivorship= 7.13294730521739
ICWorkerMiteSurvivorship= 40.8857500646263
ICForagerLifespan= 6.12370116449893
ImmType= Polynomial
AIAdultSlope= 8.62464839825407
AIAdultLD50= 0.44285040628165
AIAdultSlopeContact= 3.5646625634213
AIAdultLD50Contact= 0.0495821656426415
AILarvaSlope= 1.30998415118083
AILarvaLD50= 0.524028394860215
AIKOW= 5.27010718453676
AIKOC= 15.7909031154122
AIHalfLife= 0.11602169717662
EAppRate= 0
