ICQueenStrength= 4.85423452709801
RQWkrDrnRatio= 1.4074017778039
ICDroneMiteSurvivorship= 77.6655880268663
ICWorkerMiteSurvivorship= 57.3534944793209
ICForagerLifespan= 7.90770252980292
ImmType= Polynomial
AIAdultSlope= 3.38735865429044
AIAdultLD50= 0.0431042516138405
AIAdultSlopeContact= 1.98316950924927
AIAdultLD50Contact= 0.0200253369519487
AILarvaSlope= 3.05003324928693
AILarvaLD50= 0.492521850136109
AIKOW= 5.81418849853799
AIKOC= 7.84069710760377
AIHalfLife= 2.89538911893032
EAppRate= 0
