ICQueenStrength= 3.70003889105283
RQWkrDrnRatio= 1.42633246537298
ICDroneMiteSurvivorship= 27.5138166733086
ICWorkerMiteSurvivorship= 82.181035564281
ICForagerLifespan= 9.67206254508346
ImmType= Polynomial
AIAdultSlope= 9.59998176433146
AIAdultLD50= 0.456276281038299
AIAdultSlopeContact= 1.47983960012672
AIAdultLD50Contact= 0.0146952086128294
AILarvaSlope= 1.32144926013425
AILarvaLD50= 0.258453827630728
AIKOW= 7.44076182600111
AIKOC= 13.9389901433606
AIHalfLife= 0.491300980793312
EAppRate= 0
