ICQueenStrength= 4.27729216194712
RQWkrDrnRatio= 1.07115489896387
ICDroneMiteSurvivorship= 29.2131605790928
ICWorkerMiteSurvivorship= 99.2011226713657
ICForagerLifespan= 14.23096580524
ImmType= Exponential
AIAdultSlope= 0.00415175687521696
AIAdultLD50= 0.39301227289252
AIAdultSlopeContact= 1.09145093217026
AIAdultLD50Contact= 0.0430741585674696
AILarvaSlope= 2.95387853570282
AILarvaLD50= 0.656715915282257
AIKOW= 3.08284608880058
AIKOC= 6.72683453420177
AIHalfLife= 4.63043189956807
EAppRate= 0
