ICQueenStrength= 4.01987766521052
RQWkrDrnRatio= 4.47333873435855
ICDroneMiteSurvivorship= 38.6410107370466
ICWorkerMiteSurvivorship= 24.6675834059715
ICForagerLifespan= 8.97927010711282
ImmType= Cosine
AIAdultSlope= 5.41216222569346
AIAdultLD50= 0.124774126219563
AIAdultSlopeContact= 3.80379673331743
AIAdultLD50Contact= 0.0139087868970819
AILarvaSlope= 0.950890469131991
AILarvaLD50= 0.393454111064784
AIKOW= 3.66776397079229
AIKOC= 23.8382977212314
AIHalfLife= 1.62956822663546
EAppRate= 0
