ICQueenStrength= 2.60874237306416
RQWkrDrnRatio= 2.42195489630103
ICDroneMiteSurvivorship= 97.8647068142891
ICWorkerMiteSurvivorship= 5.51255650352687
ICForagerLifespan= 9.96017963439226
ImmType= Tangent
AIAdultSlope= 8.08852918678895
AIAdultLD50= 0.450278101488948
AIAdultSlopeContact= 1.1154822077835
AIAdultLD50Contact= 0.0440283718984574
AILarvaSlope= 0.472543868981302
AILarvaLD50= 0.348401752207428
AIKOW= 6.01694524148479
AIKOC= 13.4870046412107
AIHalfLife= 0.938029114622623
EAppRate= 0
