ICQueenStrength= 5.04603226692416
RQWkrDrnRatio= 4.12988852895796
ICDroneMiteSurvivorship= 47.0552932005376
ICWorkerMiteSurvivorship= 37.8151804674417
ICForagerLifespan= 13.0341603318229
ImmType= Tangent
AIAdultSlope= 3.90166866864776
AIAdultLD50= 0.280633729533292
AIAdultSlopeContact= 0.929856871250086
AIAdultLD50Contact= 0.0320059976889752
AILarvaSlope= 2.99247308531776
AILarvaLD50= 0.56238712510094
AIKOW= 3.70608865004033
AIKOC= 21.6033432178665
AIHalfLife= 0.372627500910312
EAppRate= 0
