ICQueenStrength= 5.63351247017272
RQWkrDrnRatio= 3.4305007988587
ICDroneMiteSurvivorship= 43.5688787838444
ICWorkerMiteSurvivorship= 70.1393524184823
ICForagerLifespan= 7.35312750469893
ImmType= Cosine
AIAdultSlope= 7.17684570932761
AIAdultLD50= 0.120447487337515
AIAdultSlopeContact= 0.613899249576498
AIAdultLD50Contact= 0.0119233627803624
AILarvaSlope= 1.99180745151825
AILarvaLD50= 0.708672416349873
AIKOW= 5.76889066258445
AIKOC= 18.8574377517216
AIHalfLife= 1.62593920133077
EAppRate= 0
