ICQueenStrength= 3.17251594760455
RQWkrDrnRatio= 1.00165003724396
ICDroneMiteSurvivorship= 13.1334622623399
ICWorkerMiteSurvivorship= 69.977196212858
ICForagerLifespan= 5.11150923464447
ImmType= Polynomial
AIAdultSlope= 0.448637577672489
AIAdultLD50= 0.205363788059913
AIAdultSlopeContact= 3.22140837949701
AIAdultLD50Contact= 0.0189089784398675
AILarvaSlope= 3.36309175319038
AILarvaLD50= 0.898659331770614
AIKOW= 6.42159896204248
AIKOC= 28.0571954103652
AIHalfLife= 1.40447422745638
EAppRate= 0
