ICQueenStrength= 5.36158715048805
RQWkrDrnRatio= 2.82507522962987
ICDroneMiteSurvivorship= 10.8331245370209
ICWorkerMiteSurvivorship= 25.1798048149794
ICForagerLifespan= 4.50887102726847
ImmType= Polynomial
AIAdultSlope= 0.10445753345266
AIAdultLD50= 0.198702275170945
AIAdultSlopeContact= 0.785524872466922
AIAdultLD50Contact= 0.0496552493772469
AILarvaSlope= 1.17950744461268
AILarvaLD50= 0.05597930601798
AIKOW= 5.78515756037086
AIKOC= 27.3280818841886
AIHalfLife= 0.019581844098866
EAppRate= 0
