ICQueenStrength= 4.45740695600398
RQWkrDrnRatio= 3.93293761927634
ICDroneMiteSurvivorship= 89.5111898658797
ICWorkerMiteSurvivorship= 59.2789790593088
ICForagerLifespan= 14.867086360231
ImmType= Sine
AIAdultSlope= 2.11558975512162
AIAdultLD50= 0.0964927554596215
AIAdultSlopeContact= 3.12582648404175
AIAdultLD50Contact= 0.0264930127654225
AILarvaSlope= 4.94078911375254
AILarvaLD50= 0.559806552738883
AIKOW= 6.40898869326338
AIKOC= 18.8197799387854
AIHalfLife= 4.84621484065428
EAppRate= 0
