ICQueenStrength= 3.98290905775502
RQWkrDrnRatio= 1.54066952317953
ICDroneMiteSurvivorship= 24.0099285496399
ICWorkerMiteSurvivorship= 31.8087183870375
ICForagerLifespan= 7.1317682871595
ImmType= Cosine
AIAdultSlope= 5.24294707691297
AIAdultLD50= 0.224164757877588
AIAdultSlopeContact= 1.64196537076263
AIAdultLD50Contact= 0.00255016860319301
AILarvaSlope= 8.29628291539848
AILarvaLD50= 0.334750071913004
AIKOW= 6.68943623220548
AIKOC= 17.7345589455217
AIHalfLife= 0.852295412914827
EAppRate= 0
