ICQueenStrength= 1.60134897939861
RQWkrDrnRatio= 3.94861941412091
ICDroneMiteSurvivorship= 45.4691817751154
ICWorkerMiteSurvivorship= 19.5275814505294
ICForagerLifespan= 11.9442103803158
ImmType= Cosine
AIAdultSlope= 8.97723259637132
AIAdultLD50= 0.370124004897662
AIAdultSlopeContact= 2.0862420417415
AIAdultLD50Contact= 0.0425052858772688
AILarvaSlope= 2.28591024875641
AILarvaLD50= 0.289845920400694
AIKOW= 4.51650333218277
AIKOC= 14.2209541471675
AIHalfLife= 0.447428051847965
EAppRate= 0
