ICQueenStrength= 3.7980901801493
RQWkrDrnRatio= 4.36453086230904
ICDroneMiteSurvivorship= 87.1933596674353
ICWorkerMiteSurvivorship= 41.9414362404495
ICForagerLifespan= 4.80700391530991
ImmType= Sine
AIAdultSlope= 6.75521498778835
AIAdultLD50= 0.429772661998868
AIAdultSlopeContact= 2.8642701739585
AIAdultLD50Contact= 0.01804596001748
AILarvaSlope= 3.22387049412355
AILarvaLD50= 0.166118952864781
AIKOW= 2.17351806210354
AIKOC= 18.8150887156371
AIHalfLife= 0.713384055998176
EAppRate= 0
