ICQueenStrength= 4.96733297500759
RQWkrDrnRatio= 4.79301204718649
ICDroneMiteSurvivorship= 99.3822954129428
ICWorkerMiteSurvivorship= 33.9222240261734
ICForagerLifespan= 6.9742759950459
ImmType= Cosine
AIAdultSlope= 2.97204442680348
AIAdultLD50= 0.488234046846628
AIAdultSlopeContact= 3.67498964932747
AIAdultLD50Contact= 0.0482678146683611
AILarvaSlope= 2.32716084979475
AILarvaLD50= 0.447835726174526
AIKOW= 3.02553364960477
AIKOC= 24.7383770544548
AIHalfLife= 2.03851430444047
EAppRate= 0
