ICQueenStrength= 5.13707774365321
RQWkrDrnRatio= 1.05588590353727
ICDroneMiteSurvivorship= 70.3606733120978
ICWorkerMiteSurvivorship= 38.6538884835318
ICForagerLifespan= 11.177813927643
ImmType= Logarithmic
AIAdultSlope= 3.05434867274016
AIAdultLD50= 0.18129334889818
AIAdultSlopeContact= 2.17403790922835
AIAdultLD50Contact= 0.042111396510154
AILarvaSlope= 8.21698011830449
AILarvaLD50= 0.285859087645076
AIKOW= 5.72167509747669
AIKOC= 11.2291399925016
AIHalfLife= 3.12126921024173
EAppRate= 0
