ICQueenStrength= 2.79281247081235
RQWkrDrnRatio= 4.03132070973516
ICDroneMiteSurvivorship= 69.7364314924926
ICWorkerMiteSurvivorship= 8.41126441955566
ICForagerLifespan= 6.94932318665087
ImmType= Exponential
AIAdultSlope= 2.94323169286363
AIAdultLD50= 0.346438843640499
AIAdultSlopeContact= 3.30300068422453
AIAdultLD50Contact= 0.00417613467434421
AILarvaSlope= 0.170425450662151
AILarvaLD50= 0.351952024223283
AIKOW= 3.22996584558859
AIKOC= 24.8101512040012
AIHalfLife= 2.13208966772072
EAppRate= 0
