ICQueenStrength= 2.32913310197182
RQWkrDrnRatio= 3.80030644778162
ICDroneMiteSurvivorship= 57.8598165651783
ICWorkerMiteSurvivorship= 54.8921571346
ICForagerLifespan= 8.96661891229451
ImmType= Sine
AIAdultSlope= 1.45726901246235
AIAdultLD50= 0.386680979514495
AIAdultSlopeContact= 3.75117401418742
AIAdultLD50Contact= 0.0047657712129876
AILarvaSlope= 7.21736746840179
AILarvaLD50= 0.816338111576624
AIKOW= 3.33806862682104
AIKOC= 19.4537973799743
AIHalfLife= 4.54496779479086
EAppRate= 0
