ICQueenStrength= 4.65584145765752
RQWkrDrnRatio= 2.16012856736779
ICDroneMiteSurvivorship= 58.1573309144005
ICWorkerMiteSurvivorship= 69.8439893545583
ICForagerLifespan= 9.9488169727847
ImmType= Cosine
AIAdultSlope= 2.48364227014594
AIAdultLD50= 0.0352930777007714
AIAdultSlopeContact= 3.73535727156792
AIAdultLD50Contact= 0.0258157384465449
AILarvaSlope= 0.0269196151290089
AILarvaLD50= 0.112059619836509
AIKOW= 6.27655082335696
AIKOC= 16.5016310825013
AIHalfLife= 2.23403447307646
EAppRate= 0
