ICQueenStrength= 1.64235677709803
RQWkrDrnRatio= 3.6575203249231
ICDroneMiteSurvivorship= 76.0782457422465
ICWorkerMiteSurvivorship= 69.6845710743219
ICForagerLifespan= 6.72186338528991
ImmType= Cosine
AIAdultSlope= 4.17949614115059
AIAdultLD50= 0.105277122347616
AIAdultSlopeContact= 0.691865232882556
AIAdultLD50Contact= 0.00691284316126257
AILarvaSlope= 0.201412017922848
AILarvaLD50= 0.699520972114988
AIKOW= 4.1868464066647
AIKOC= 10.9692332637496
AIHalfLife= 2.07432189257815
EAppRate= 0
