ICQueenStrength= 5.74338692147285
RQWkrDrnRatio= 1.21441087406129
ICDroneMiteSurvivorship= 79.9513733014464
ICWorkerMiteSurvivorship= 86.0455240588635
ICForagerLifespan= 14.3392150308937
ImmType= Sine
AIAdultSlope= 7.06720406888053
AIAdultLD50= 0.166876787086949
AIAdultSlopeContact= 0.233435063764919
AIAdultLD50Contact= 0.0132800370454788
AILarvaSlope= 2.08258117884397
AILarvaLD50= 0.866216008993797
AIKOW= 2.91977817285806
AIKOC= 5.43462553294376
AIHalfLife= 2.92725891224109
EAppRate= 0
