ICQueenStrength= 4.24035803088918
RQWkrDrnRatio= 1.60931002907455
ICDroneMiteSurvivorship= 39.3521361285821
ICWorkerMiteSurvivorship= 84.4597800401971
ICForagerLifespan= 13.590804236941
ImmType= Logarithmic
AIAdultSlope= 2.62808247469366
AIAdultLD50= 0.353654208709486
AIAdultSlopeContact= 1.50650677105878
AIAdultLD50Contact= 0.043349245924037
AILarvaSlope= 0.574763466138393
AILarvaLD50= 0.759382223314606
AIKOW= 6.35530299600214
AIKOC= 10.073206796078
AIHalfLife= 1.18317975546233
EAppRate= 0
