ICQueenStrength= 5.56292579532601
RQWkrDrnRatio= 3.62446910142899
ICDroneMiteSurvivorship= 91.4852680172771
ICWorkerMiteSurvivorship= 62.0736034587026
ICForagerLifespan= 6.6014246204868
ImmType= Logarithmic
AIAdultSlope= 1.89104309557937
AIAdultLD50= 0.477873639203608
AIAdultSlopeContact= 1.03151190737262
AIAdultLD50Contact= 0.0333929874119349
AILarvaSlope= 0.398226323164999
AILarvaLD50= 0.212809077976272
AIKOW= 5.60577870253474
AIKOC= 22.3086638969835
AIHalfLife= 4.11497307592072
EAppRate= 0
