ICQueenStrength= 2.33670538896695
RQWkrDrnRatio= 4.05809562839568
ICDroneMiteSurvivorship= 6.68295356445014
ICWorkerMiteSurvivorship= 43.4376971563324
ICForagerLifespan= 8.31484454404563
ImmType= Tangent
AIAdultSlope= 7.03687243629247
AIAdultLD50= 0.0789827654371038
AIAdultSlopeContact= 3.73370520777069
AIAdultLD50Contact= 0.0392847206559964
AILarvaSlope= 1.09796919832006
AILarvaLD50= 0.176006671227515
AIKOW= 2.25542588578537
AIKOC= 21.0336143220775
AIHalfLife= 1.06176071916707
EAppRate= 0
