ICQueenStrength= 4.13765340717509
RQWkrDrnRatio= 4.09249681420624
ICDroneMiteSurvivorship= 57.9553333111107
ICWorkerMiteSurvivorship= 83.7001872481778
ICForagerLifespan= 14.3462631413713
ImmType= Cosine
AIAdultSlope= 0.956210907096975
AIAdultLD50= 0.403012199676596
AIAdultSlopeContact= 2.26509574364405
AIAdultLD50Contact= 0.0382070947554894
AILarvaSlope= 1.57079660096206
AILarvaLD50= 0.0843468965264037
AIKOW= 7.27570009697229
AIKOC= 19.9465504102409
AIHalfLife= 0.253046628786251
EAppRate= 0
