ICQueenStrength= 3.91305460501462
RQWkrDrnRatio= 3.38878093846142
ICDroneMiteSurvivorship= 51.9286667695269
ICWorkerMiteSurvivorship= 77.980391215533
ICForagerLifespan= 12.5044080391526
ImmType= Exponential
AIAdultSlope= 1.1936238446692
AIAdultLD50= 0.219677302404307
AIAdultSlopeContact= 3.54789727353724
AIAdultLD50Contact= 0.00611607063328847
AILarvaSlope= 3.25099125700071
AILarvaLD50= 0.337867035996169
AIKOW= 5.5120492130518
AIKOC= 19.8246573051438
AIHalfLife= 3.43803271418437
EAppRate= 0
