ICQueenStrength= 2.9025063328445
RQWkrDrnRatio= 1.35476712230593
ICDroneMiteSurvivorship= 3.17006879486144
ICWorkerMiteSurvivorship= 79.8905230127275
ICForagerLifespan= 14.979761778377
ImmType= Logarithmic
AIAdultSlope= 2.66670867864043
AIAdultLD50= 0.093001592089422
AIAdultSlopeContact= 2.18030942902202
AIAdultLD50Contact= 0.0237313389778137
AILarvaSlope= 3.22164430837147
AILarvaLD50= 0.670112123759463
AIKOW= 7.10691838013008
AIKOC= 28.0076942185406
AIHalfLife= 4.1282835660968
EAppRate= 0
