ICQueenStrength= 1.08551700157113
RQWkrDrnRatio= 4.7828944819048
ICDroneMiteSurvivorship= 30.9577678097412
ICWorkerMiteSurvivorship= 42.8096192190424
ICForagerLifespan= 14.9372492628172
ImmType= Exponential
AIAdultSlope= 3.5277759494679
AIAdultLD50= 0.00651886011473835
AIAdultSlopeContact= 0.899346334186848
AIAdultLD50Contact= 0.0452957356814295
AILarvaSlope= 2.87328729298897
AILarvaLD50= 0.339155689487234
AIKOW= 6.90806761942804
AIKOC= 29.1126858745702
AIHalfLife= 1.28691959311254
EAppRate= 0
