ICQueenStrength= 4.08431338518858
RQWkrDrnRatio= 1.94864970445633
ICDroneMiteSurvivorship= 21.6834894614294
ICWorkerMiteSurvivorship= 14.0970038482919
ICForagerLifespan= 9.5610313070938
ImmType= Exponential
AIAdultSlope= 4.62840281892568
AIAdultLD50= 0.260025457595475
AIAdultSlopeContact= 0.325300636910833
AIAdultLD50Contact= 0.00606241647619754
AILarvaSlope= 5.77178053557873
AILarvaLD50= 0.339524081465788
AIKOW= 6.84724435722455
AIKOC= 6.47690710728057
AIHalfLife= 4.7185815719422
EAppRate= 0
