ICQueenStrength= 4.97172182216309
RQWkrDrnRatio= 3.681615607813
ICDroneMiteSurvivorship= 63.8816149206832
ICWorkerMiteSurvivorship= 17.1968807233498
ICForagerLifespan= 15.1544551998377
ImmType= Logarithmic
AIAdultSlope= 2.21408564435318
AIAdultLD50= 0.470307757379487
AIAdultSlopeContact= 1.83791023751954
AIAdultLD50Contact= 0.00583534765755758
AILarvaSlope= 1.33625718033873
AILarvaLD50= 0.894553064228967
AIKOW= 7.02863024361432
AIKOC= 23.6580280133057
AIHalfLife= 2.31519663124345
EAppRate= 0
