ICQueenStrength= 1.30919744283892
RQWkrDrnRatio= 2.92978312820196
ICDroneMiteSurvivorship= 59.9696086719632
ICWorkerMiteSurvivorship= 95.1423001708463
ICForagerLifespan= 14.6887561678886
ImmType= Cosine
AIAdultSlope= 1.91362127579749
AIAdultLD50= 0.316713195643388
AIAdultSlopeContact= 1.93471884034574
AIAdultLD50Contact= 0.000817626458592713
AILarvaSlope= 3.12388277500868
AILarvaLD50= 0.114708645734936
AIKOW= 6.64175465283915
AIKOC= 26.0846943315119
AIHalfLife= 2.08935303147882
EAppRate= 0
