ICQueenStrength= 5.90233022719622
RQWkrDrnRatio= 3.92701406218112
ICDroneMiteSurvivorship= 8.73860116116703
ICWorkerMiteSurvivorship= 55.4374296218157
ICForagerLifespan= 5.01458546891809
ImmType= Logarithmic
AIAdultSlope= 5.91393764829263
AIAdultLD50= 0.241642670705914
AIAdultSlopeContact= 1.52838487798115
AIAdultLD50Contact= 0.0457066586706787
AILarvaSlope= 4.49994838563725
AILarvaLD50= 0.765135423769243
AIKOW= 4.55254671303555
AIKOC= 6.95714031578973
AIHalfLife= 2.20403642510064
EAppRate= 0
