ICQueenStrength= 3.67457687645219
RQWkrDrnRatio= 1.4777434496209
ICDroneMiteSurvivorship= 25.7001659600064
ICWorkerMiteSurvivorship= 65.5252011260018
ICForagerLifespan= 7.71684627607465
ImmType= Exponential
AIAdultSlope= 2.46244223322719
AIAdultLD50= 0.325194414705038
AIAdultSlopeContact= 1.72683036742033
AIAdultLD50Contact= 0.0165178953087889
AILarvaSlope= 1.71538028586656
AILarvaLD50= 0.508061320893466
AIKOW= 7.65408182470128
AIKOC= 21.4088204910513
AIHalfLife= 4.52601572149433
EAppRate= 0
