ICQueenStrength= 5.83945716405287
RQWkrDrnRatio= 4.76223806571215
ICDroneMiteSurvivorship= 2.81535279937088
ICWorkerMiteSurvivorship= 84.3795665539801
ICForagerLifespan= 14.5538168754429
ImmType= Logarithmic
AIAdultSlope= 5.5396375246346
AIAdultLD50= 0.481704359524883
AIAdultSlopeContact= 1.10381092295051
AIAdultLD50Contact= 0.0228706895140931
AILarvaSlope= 2.63886688831262
AILarvaLD50= 0.298691077949479
AIKOW= 4.09880691906437
AIKOC= 11.4850514288992
AIHalfLife= 2.85159257706255
EAppRate= 0
