ICQueenStrength= 4.77998946001753
RQWkrDrnRatio= 4.28726107813418
ICDroneMiteSurvivorship= 48.5041498439386
ICWorkerMiteSurvivorship= 7.98681054729968
ICForagerLifespan= 4.82770400308073
ImmType= Exponential
AIAdultSlope= 0.169824715703726
AIAdultLD50= 0.220904480549507
AIAdultSlopeContact= 1.19006490747677
AIAdultLD50Contact= 0.0345046950737014
AILarvaSlope= 3.33365916744806
AILarvaLD50= 0.226313304668292
AIKOW= 6.0270838867873
AIKOC= 9.64206818141975
AIHalfLife= 4.09919595578685
EAppRate= 0
