ICQueenStrength= 2.04367248131894
RQWkrDrnRatio= 2.94962852541357
ICDroneMiteSurvivorship= 34.3408189015463
ICWorkerMiteSurvivorship= 42.4432842992246
ICForagerLifespan= 5.34893018752337
ImmType= Exponential
AIAdultSlope= 5.99139973521233
AIAdultLD50= 0.458259317674674
AIAdultSlopeContact= 2.00655674857786
AIAdultLD50Contact= 0.041713623132091
AILarvaSlope= 7.40416307933629
AILarvaLD50= 0.264951866003685
AIKOW= 2.19066078215837
AIKOC= 21.3934408687055
AIHalfLife= 2.05134817631915
EAppRate= 0
