ICQueenStrength= 1.03580141812563
RQWkrDrnRatio= 4.93352841027081
ICDroneMiteSurvivorship= 92.5645685754716
ICWorkerMiteSurvivorship= 4.49618455022573
ICForagerLifespan= 14.0785386245698
ImmType= Exponential
AIAdultSlope= 4.70007530413568
AIAdultLD50= 0.467649430967867
AIAdultSlopeContact= 2.02964184866985
AIAdultLD50Contact= 0.0240767340059392
AILarvaSlope= 8.07665455387905
AILarvaLD50= 0.216414321446791
AIKOW= 7.59526595845819
AIKOC= 22.7726527734194
AIHalfLife= 4.49109247303568
EAppRate= 0
