ICQueenStrength= 1.42016044375487
RQWkrDrnRatio= 2.48590308893472
ICDroneMiteSurvivorship= 50.930026662536
ICWorkerMiteSurvivorship= 50.4747109953314
ICForagerLifespan= 14.9498954089358
ImmType= Tangent
AIAdultSlope= 3.89718388905749
AIAdultLD50= 0.0767232299549505
AIAdultSlopeContact= 3.10948880245909
AIAdultLD50Contact= 0.0293217858066782
AILarvaSlope= 1.82475237092003
AILarvaLD50= 0.677062474982813
AIKOW= 4.60143321752548
AIKOC= 8.75664517632686
AIHalfLife= 3.09576919069514
EAppRate= 0
