ICQueenStrength= 5.6976075717248
RQWkrDrnRatio= 1.25636923126876
ICDroneMiteSurvivorship= 73.4748022630811
ICWorkerMiteSurvivorship= 87.2651990270242
ICForagerLifespan= 8.13811075221747
ImmType= Exponential
AIAdultSlope= 0.5678156052134
AIAdultLD50= 0.0458584438310936
AIAdultSlopeContact= 3.59388312100433
AIAdultLD50Contact= 0.0441744997398928
AILarvaSlope= 0.232724606338888
AILarvaLD50= 0.446178588713519
AIKOW= 2.52948630414903
AIKOC= 15.7796085183509
AIHalfLife= 1.27443071804009
EAppRate= 0
