ICQueenStrength= 5.75659255986102
RQWkrDrnRatio= 2.96300848107785
ICDroneMiteSurvivorship= 90.1762128109112
ICWorkerMiteSurvivorship= 6.2938608461991
ICForagerLifespan= 10.1722324248403
ImmType= Logarithmic
AIAdultSlope= 0.282445192330051
AIAdultLD50= 0.430352554423735
AIAdultSlopeContact= 0.514294902153779
AIAdultLD50Contact= 0.00516649099299684
AILarvaSlope= 0.918595664808527
AILarvaLD50= 0.442741621797904
AIKOW= 5.17351024737582
AIKOC= 18.6089884501416
AIHalfLife= 4.26220769877546
EAppRate= 0
