ICQueenStrength= 4.96541633293964
RQWkrDrnRatio= 3.81499897502363
ICDroneMiteSurvivorship= 69.7345892898738
ICWorkerMiteSurvivorship= 47.7775230770931
ICForagerLifespan= 9.77181880455464
ImmType= Cosine
AIAdultSlope= 4.66582039836794
AIAdultLD50= 0.125130917294882
AIAdultSlopeContact= 1.01766211499227
AIAdultLD50Contact= 0.0128221172373742
AILarvaSlope= 6.13594542024657
AILarvaLD50= 0.764197076833807
AIKOW= 4.839958592318
AIKOC= 29.2313611961436
AIHalfLife= 2.0838316984009
EAppRate= 0
