ICQueenStrength= 4.0630024545826
RQWkrDrnRatio= 3.97809397708625
ICDroneMiteSurvivorship= 64.3026511417702
ICWorkerMiteSurvivorship= 15.5796299455687
ICForagerLifespan= 9.9736204687506
ImmType= Polynomial
AIAdultSlope= 1.52982847997919
AIAdultLD50= 0.375731778680347
AIAdultSlopeContact= 2.50667618377134
AIAdultLD50Contact= 0.0391506614978425
AILarvaSlope= 0.619103562645614
AILarvaLD50= 0.361087082466111
AIKOW= 7.31386949587613
AIKOC= 7.01124952291138
AIHalfLife= 2.70971036865376
EAppRate= 0
