ICQueenStrength= 2.33346804999746
RQWkrDrnRatio= 4.5245726974681
ICDroneMiteSurvivorship= 52.9117092257366
ICWorkerMiteSurvivorship= 35.2007991634309
ICForagerLifespan= 8.37855688482523
ImmType= Sine
AIAdultSlope= 3.63359109840821
AIAdultLD50= 0.226268304977566
AIAdultSlopeContact= 0.237280926082749
AIAdultLD50Contact= 0.0151865018764511
AILarvaSlope= 1.5507841214072
AILarvaLD50= 0.566884949896485
AIKOW= 7.3374200775288
AIKOC= 8.38980196393095
AIHalfLife= 3.37935720337555
EAppRate= 0
