ICQueenStrength= 3.85966955358163
RQWkrDrnRatio= 3.9882197631523
ICDroneMiteSurvivorship= 57.7166320290416
ICWorkerMiteSurvivorship= 39.2629490699619
ICForagerLifespan= 7.61828779894859
ImmType= Cosine
AIAdultSlope= 1.84528183890507
AIAdultLD50= 0.0307417730800807
AIAdultSlopeContact= 1.69035212612478
AIAdultLD50Contact= 0.0308367530931719
AILarvaSlope= 0.152628800040111
AILarvaLD50= 0.543943097325973
AIKOW= 2.899110827595
AIKOC= 25.0493514188565
AIHalfLife= 1.12903263769113
EAppRate= 0
