ICQueenStrength= 2.36867646127939
RQWkrDrnRatio= 4.08513142261654
ICDroneMiteSurvivorship= 90.8683537971228
ICWorkerMiteSurvivorship= 24.5472916401923
ICForagerLifespan= 15.921828138642
ImmType= Polynomial
AIAdultSlope= 0.753616206441075
AIAdultLD50= 0.243432211340405
AIAdultSlopeContact= 1.01974868912017
AIAdultLD50Contact= 0.00553181256400421
AILarvaSlope= 1.10244436543435
AILarvaLD50= 0.566309644351713
AIKOW= 5.27365353703499
AIKOC= 19.8636361700483
AIHalfLife= 0.522290171356872
EAppRate= 0
