ICQueenStrength= 5.281281408621
RQWkrDrnRatio= 1.74231157638133
ICDroneMiteSurvivorship= 80.0326270284131
ICWorkerMiteSurvivorship= 50.4081043647602
ICForagerLifespan= 9.05298122577369
ImmType= Exponential
AIAdultSlope= 8.1444981135428
AIAdultLD50= 0.112406290601939
AIAdultSlopeContact= 2.51043908448424
AIAdultLD50Contact= 0.0349204425816424
AILarvaSlope= 0.121109230909497
AILarvaLD50= 0.424877176643349
AIKOW= 3.26329047232866
AIKOC= 29.0105311269872
AIHalfLife= 1.21589133981615
EAppRate= 0
