ICQueenStrength= 2.10282230889425
RQWkrDrnRatio= 4.53318579215556
ICDroneMiteSurvivorship= 59.7596315667033
ICWorkerMiteSurvivorship= 16.6103560943156
ICForagerLifespan= 10.6671341666952
ImmType= Cosine
AIAdultSlope= 0.136540131643414
AIAdultLD50= 0.438809195766225
AIAdultSlopeContact= 0.677300358975772
AIAdultLD50Contact= 0.0276814940501936
AILarvaSlope= 1.44612248288468
AILarvaLD50= 0.159290593117476
AIKOW= 7.24605493433774
AIKOC= 27.216212406056
AIHalfLife= 0.586259213741869
EAppRate= 0
