ICQueenStrength= 2.03772176313214
RQWkrDrnRatio= 4.89371049590409
ICDroneMiteSurvivorship= 97.7127747377381
ICWorkerMiteSurvivorship= 89.7253486327827
ICForagerLifespan= 15.5940409740433
ImmType= Sine
AIAdultSlope= 9.98316672164947
AIAdultLD50= 0.131813571671955
AIAdultSlopeContact= 3.28408910022816
AIAdultLD50Contact= 0.0110412272391841
AILarvaSlope= 0.92597279464826
AILarvaLD50= 0.718596452660859
AIKOW= 5.44401135202497
AIKOC= 27.0263918454293
AIHalfLife= 2.59223664761521
EAppRate= 0
