ICQueenStrength= 4.78964055213146
RQWkrDrnRatio= 2.92612056527287
ICDroneMiteSurvivorship= 94.3037929479033
ICWorkerMiteSurvivorship= 9.00982816237956
ICForagerLifespan= 15.9416410354897
ImmType= Logarithmic
AIAdultSlope= 4.19937127036974
AIAdultLD50= 0.245849029975943
AIAdultSlopeContact= 1.75611409005476
AIAdultLD50Contact= 0.00559782483614981
AILarvaSlope= 4.60050697438419
AILarvaLD50= 0.544465484772809
AIKOW= 5.96190902404487
AIKOC= 25.5731652386021
AIHalfLife= 3.04815171170048
EAppRate= 0
