ICQueenStrength= 1.00794950523414
RQWkrDrnRatio= 4.92868119850755
ICDroneMiteSurvivorship= 67.1471276553348
ICWorkerMiteSurvivorship= 32.6121662277728
ICForagerLifespan= 8.87541892193258
ImmType= Exponential
AIAdultSlope= 4.48156137485057
AIAdultLD50= 0.293440191308036
AIAdultSlopeContact= 2.15391847376945
AIAdultLD50Contact= 0.0176320562371984
AILarvaSlope= 8.95692283054814
AILarvaLD50= 0.383366943849251
AIKOW= 6.6795905972831
AIKOC= 22.2687578597106
AIHalfLife= 3.43261047964916
EAppRate= 0
