ICQueenStrength= 4.96753235603683
RQWkrDrnRatio= 1.96655415743589
ICDroneMiteSurvivorship= 61.0116587020457
ICWorkerMiteSurvivorship= 18.3849451364949
ICForagerLifespan= 6.47787659149617
ImmType= Exponential
AIAdultSlope= 6.70799438841641
AIAdultLD50= 0.421553570777178
AIAdultSlopeContact= 2.35832165341359
AIAdultLD50Contact= 0.0491421897429973
AILarvaSlope= 0.448430640762672
AILarvaLD50= 0.238756195083261
AIKOW= 6.18784115090966
AIKOC= 27.1778292849194
AIHalfLife= 3.90773186110891
EAppRate= 0
