ICQueenStrength= 5.6569172362797
RQWkrDrnRatio= 4.17478788085282
ICDroneMiteSurvivorship= 34.2355090659112
ICWorkerMiteSurvivorship= 11.3843964645639
ICForagerLifespan= 14.1814410118386
ImmType= Sine
AIAdultSlope= 4.75400392664596
AIAdultLD50= 0.372033025254495
AIAdultSlopeContact= 0.506188746483531
AIAdultLD50Contact= 0.0110532397520728
AILarvaSlope= 5.14922468923032
AILarvaLD50= 0.063747528148815
AIKOW= 2.91121146548539
AIKOC= 20.6593946390785
AIHalfLife= 3.16175407497212
EAppRate= 0
