ICQueenStrength= 4.38379444088787
RQWkrDrnRatio= 1.23351900652051
ICDroneMiteSurvivorship= 3.14212278462946
ICWorkerMiteSurvivorship= 25.2507722470909
ICForagerLifespan= 4.70629629585892
ImmType= Tangent
AIAdultSlope= 8.54193762410432
AIAdultLD50= 0.170808451366611
AIAdultSlopeContact= 2.24594060302014
AIAdultLD50Contact= 0.0495165698812343
AILarvaSlope= 1.92432061866857
AILarvaLD50= 0.699057144206017
AIKOW= 5.95081529719755
AIKOC= 27.6979331928305
AIHalfLife= 3.40736790793017
EAppRate= 0
