ICQueenStrength= 2.12727255327627
RQWkrDrnRatio= 1.93703814595938
ICDroneMiteSurvivorship= 8.45432144124061
ICWorkerMiteSurvivorship= 99.6143315220252
ICForagerLifespan= 12.7727950559929
ImmType= Exponential
AIAdultSlope= 2.53017532235244
AIAdultLD50= 0.175846287398599
AIAdultSlopeContact= 3.56783843387151
AIAdultLD50Contact= 0.0444372605648823
AILarvaSlope= 2.18150273216888
AILarvaLD50= 0.315245483606122
AIKOW= 5.93535853130743
AIKOC= 20.5724447395187
AIHalfLife= 1.4901156781707
EAppRate= 0
