ICQueenStrength= 5.67720693093725
RQWkrDrnRatio= 4.64274881593883
ICDroneMiteSurvivorship= 58.0901227891445
ICWorkerMiteSurvivorship= 72.3139820620418
ICForagerLifespan= 6.24318692926317
ImmType= Cosine
AIAdultSlope= 5.7135123363696
AIAdultLD50= 0.368614109698683
AIAdultSlopeContact= 3.33041792904725
AIAdultLD50Contact= 0.0161633264855482
AILarvaSlope= 1.14895889894105
AILarvaLD50= 0.701185964467004
AIKOW= 3.09525292599574
AIKOC= 24.1069664666429
AIHalfLife= 4.10096946056001
EAppRate= 0
