ICQueenStrength= 4.56348295812495
RQWkrDrnRatio= 1.45383691042662
ICDroneMiteSurvivorship= 31.9148236652836
ICWorkerMiteSurvivorship= 48.3924486674368
ICForagerLifespan= 13.0258984239772
ImmType= Exponential
AIAdultSlope= 3.59336907975376
AIAdultLD50= 0.308559549390338
AIAdultSlopeContact= 3.62580785668921
AIAdultLD50Contact= 0.0335144551005214
AILarvaSlope= 3.23700193557888
AILarvaLD50= 0.603378075105138
AIKOW= 7.47963042510673
AIKOC= 18.4814985562116
AIHalfLife= 0.934848623583093
EAppRate= 0
