ICQueenStrength= 5.32819105801173
RQWkrDrnRatio= 2.18726821430027
ICDroneMiteSurvivorship= 0.413145986385643
ICWorkerMiteSurvivorship= 95.4443087568507
ICForagerLifespan= 4.72789231967181
ImmType= Polynomial
AIAdultSlope= 1.68436522834003
AIAdultLD50= 0.451191292027943
AIAdultSlopeContact= 3.52049948121887
AIAdultLD50Contact= 0.00791489159455523
AILarvaSlope= 1.01735010468401
AILarvaLD50= 0.300808455864899
AIKOW= 2.86471570329741
AIKOC= 17.5955239054747
AIHalfLife= 1.07614004518837
EAppRate= 0
