ICQueenStrength= 2.5260590123944
RQWkrDrnRatio= 2.22031262982637
ICDroneMiteSurvivorship= 14.3917253240943
ICWorkerMiteSurvivorship= 98.7485690973699
ICForagerLifespan= 5.58551062550396
ImmType= Exponential
AIAdultSlope= 7.66427626134828
AIAdultLD50= 0.44573019281961
AIAdultSlopeContact= 0.350352908677887
AIAdultLD50Contact= 0.0423360705492087
AILarvaSlope= 1.14326495910063
AILarvaLD50= 0.774396375264041
AIKOW= 3.28504182118922
AIKOC= 21.2068800535053
AIHalfLife= 4.65415283571929
EAppRate= 0
