ICQueenStrength= 1.87156160967425
RQWkrDrnRatio= 1.14460319839418
ICDroneMiteSurvivorship= 77.7898866450414
ICWorkerMiteSurvivorship= 70.7072776043788
ICForagerLifespan= 5.14703547302634
ImmType= Sine
AIAdultSlope= 1.92556274356321
AIAdultLD50= 0.327414250932634
AIAdultSlopeContact= 1.88385499672964
AIAdultLD50Contact= 0.0499547897721641
AILarvaSlope= 2.88787091043778
AILarvaLD50= 0.567590461811051
AIKOW= 4.10147956293076
AIKOC= 10.7366165332496
AIHalfLife= 4.73000005236827
EAppRate= 0
