ICQueenStrength= 4.32422143430449
RQWkrDrnRatio= 1.14323955960572
ICDroneMiteSurvivorship= 56.7874079803005
ICWorkerMiteSurvivorship= 89.3031729618087
ICForagerLifespan= 4.65108794625849
ImmType= Sine
AIAdultSlope= 7.34729954740033
AIAdultLD50= 0.467565149301663
AIAdultSlopeContact= 3.92217504963744
AIAdultLD50Contact= 0.0109674369567074
AILarvaSlope= 6.08432627050206
AILarvaLD50= 0.607581493724138
AIKOW= 6.91093672253191
AIKOC= 21.4259830955416
AIHalfLife= 4.59204745129682
EAppRate= 0
