ICQueenStrength= 1.51114139496349
RQWkrDrnRatio= 4.48354428447783
ICDroneMiteSurvivorship= 7.29374270886183
ICWorkerMiteSurvivorship= 35.3400005027652
ICForagerLifespan= 10.8598671928048
ImmType= Exponential
AIAdultSlope= 5.77492639422417
AIAdultLD50= 0.0912654725834727
AIAdultSlopeContact= 3.56563667372335
AIAdultLD50Contact= 0.0464596987003461
AILarvaSlope= 9.45271409582347
AILarvaLD50= 0.832149946829304
AIKOW= 6.22737151244655
AIKOC= 19.2761275812518
AIHalfLife= 2.34287501312792
EAppRate= 0
