ICQueenStrength= 3.45715935016051
RQWkrDrnRatio= 2.42676234152168
ICDroneMiteSurvivorship= 25.467406027019
ICWorkerMiteSurvivorship= 88.1326299859211
ICForagerLifespan= 9.28240658622235
ImmType= Polynomial
AIAdultSlope= 1.37913473269204
AIAdultLD50= 0.468469646992162
AIAdultSlopeContact= 3.50597572850995
AIAdultLD50Contact= 0.0223810179508291
AILarvaSlope= 1.15007597091608
AILarvaLD50= 0.608301516389474
AIKOW= 6.58176416624337
AIKOC= 18.7204030819703
AIHalfLife= 4.42688029608689
EAppRate= 0
