ICQueenStrength= 2.44296799553558
RQWkrDrnRatio= 4.40742449555546
ICDroneMiteSurvivorship= 70.2019410207868
ICWorkerMiteSurvivorship= 62.6404401147738
ICForagerLifespan= 13.816089624539
ImmType= Exponential
AIAdultSlope= 5.2222589449957
AIAdultLD50= 0.315374735742807
AIAdultSlopeContact= 2.13751483265078
AIAdultLD50Contact= 0.0127016184851527
AILarvaSlope= 6.16790527943522
AILarvaLD50= 0.447113388008438
AIKOW= 4.7944222940132
AIKOC= 5.02875272766687
AIHalfLife= 1.07764159329236
EAppRate= 0
