ICQueenStrength= 4.92707201070152
RQWkrDrnRatio= 1.02615359332412
ICDroneMiteSurvivorship= 16.6951404418796
ICWorkerMiteSurvivorship= 9.0271529275924
ICForagerLifespan= 14.7544116349891
ImmType= Polynomial
AIAdultSlope= 9.80928704608232
AIAdultLD50= 0.112644154462032
AIAdultSlopeContact= 0.799257671653759
AIAdultLD50Contact= 0.0345336457015947
AILarvaSlope= 2.63901461884379
AILarvaLD50= 0.550453444523737
AIKOW= 7.61182737536728
AIKOC= 26.7203501902986
AIHalfLife= 4.34761189855635
EAppRate= 0
