ICQueenStrength= 1.30201302375644
RQWkrDrnRatio= 4.47141729481518
ICDroneMiteSurvivorship= 42.8365350700915
ICWorkerMiteSurvivorship= 75.4265832249075
ICForagerLifespan= 4.38183472119272
ImmType= Polynomial
AIAdultSlope= 1.59882841342594
AIAdultLD50= 0.18994995590765
AIAdultSlopeContact= 3.41570806435542
AIAdultLD50Contact= 0.0263702770345844
AILarvaSlope= 1.93600555453449
AILarvaLD50= 0.014088293001987
AIKOW= 4.08038611942902
AIKOC= 16.2723884347361
AIHalfLife= 0.844125925796106
EAppRate= 0
