ICQueenStrength= 1.69194308132865
RQWkrDrnRatio= 4.21971232257783
ICDroneMiteSurvivorship= 83.8754908181727
ICWorkerMiteSurvivorship= 23.8376097986475
ICForagerLifespan= 8.34303732682019
ImmType= Polynomial
AIAdultSlope= 3.17960398962256
AIAdultLD50= 0.283919960726053
AIAdultSlopeContact= 2.13622554126894
AIAdultLD50Contact= 0.00793738820357248
AILarvaSlope= 0.563031846098602
AILarvaLD50= 0.14662943794392
AIKOW= 5.57727418001741
AIKOC= 29.6063969330862
AIHalfLife= 3.68845239048824
EAppRate= 0
