ICQueenStrength= 2.90222824458033
RQWkrDrnRatio= 1.75322886928916
ICDroneMiteSurvivorship= 63.8650593347847
ICWorkerMiteSurvivorship= 93.1016810936853
ICForagerLifespan= 4.55209493730217
ImmType= Polynomial
AIAdultSlope= 8.45008109230548
AIAdultLD50= 0.1831634453265
AIAdultSlopeContact= 0.159909079119097
AIAdultLD50Contact= 0.0371928540756926
AILarvaSlope= 0.258605642197654
AILarvaLD50= 0.153707713983022
AIKOW= 6.4689480648376
AIKOC= 26.6171179316007
AIHalfLife= 2.8105663054157
EAppRate= 0
