ICQueenStrength= 3.80435391701758
RQWkrDrnRatio= 1.45133513584733
ICDroneMiteSurvivorship= 14.33070958592
ICWorkerMiteSurvivorship= 93.8675800338387
ICForagerLifespan= 8.09336095303297
ImmType= Cosine
AIAdultSlope= 5.76120696263388
AIAdultLD50= 0.195369362598285
AIAdultSlopeContact= 2.94321509340545
AIAdultLD50Contact= 0.0262837266200222
AILarvaSlope= 2.09520168136805
AILarvaLD50= 0.549621788528748
AIKOW= 6.28272568201646
AIKOC= 25.4163936839905
AIHalfLife= 3.20177179877646
EAppRate= 0
