ICQueenStrength= 3.79210291919298
RQWkrDrnRatio= 1.93532085325569
ICDroneMiteSurvivorship= 62.5042454572394
ICWorkerMiteSurvivorship= 8.5393998073414
ICForagerLifespan= 14.8313098940998
ImmType= Cosine
AIAdultSlope= 1.73038161200238
AIAdultLD50= 0.335347005981021
AIAdultSlopeContact= 1.20917941186577
AIAdultLD50Contact= 0.0417437398224138
AILarvaSlope= 2.04091476006433
AILarvaLD50= 0.0821985747199506
AIKOW= 5.37900733901188
AIKOC= 7.07647543866187
AIHalfLife= 0.295523258391768
EAppRate= 0
