ICQueenStrength= 2.11136761377566
RQWkrDrnRatio= 1.47765692509711
ICDroneMiteSurvivorship= 5.50824359524995
ICWorkerMiteSurvivorship= 66.2590916734189
ICForagerLifespan= 11.2711628815159
ImmType= Logarithmic
AIAdultSlope= 2.59085987336934
AIAdultLD50= 0.0352298838552088
AIAdultSlopeContact= 2.09228639208013
AIAdultLD50Contact= 0.0373984815785661
AILarvaSlope= 3.0035009928979
AILarvaLD50= 0.18315281427931
AIKOW= 5.02484134305269
AIKOC= 23.469194235513
AIHalfLife= 2.06071260967292
EAppRate= 0
