ICQueenStrength= 1.67112267250195
RQWkrDrnRatio= 2.49926692806184
ICDroneMiteSurvivorship= 53.305536438711
ICWorkerMiteSurvivorship= 75.3114741295576
ICForagerLifespan= 14.8912216816097
ImmType= Tangent
AIAdultSlope= 0.451102165777702
AIAdultLD50= 0.401523230364546
AIAdultSlopeContact= 3.58544777431525
AIAdultLD50Contact= 0.0367496638093144
AILarvaSlope= 0.355934887006879
AILarvaLD50= 0.631670312513597
AIKOW= 3.27596831740811
AIKOC= 7.92406129883602
AIHalfLife= 1.00037273485214
EAppRate= 0
