ICQueenStrength= 4.92387122497894
RQWkrDrnRatio= 2.62978967279196
ICDroneMiteSurvivorship= 26.4413819648325
ICWorkerMiteSurvivorship= 13.9631462050602
ICForagerLifespan= 14.7551611699164
ImmType= Exponential
AIAdultSlope= 3.1733014193899
AIAdultLD50= 0.430649650166743
AIAdultSlopeContact= 3.7841979678045
AIAdultLD50Contact= 0.0287302287179045
AILarvaSlope= 0.398674075305462
AILarvaLD50= 0.29245427751448
AIKOW= 3.68068460607901
AIKOC= 24.6534286951646
AIHalfLife= 3.82320518023334
EAppRate= 0
