ICQueenStrength= 4.56606559362262
RQWkrDrnRatio= 4.29804512485862
ICDroneMiteSurvivorship= 49.6842141030356
ICWorkerMiteSurvivorship= 1.49320247583091
ICForagerLifespan= 12.2908322513103
ImmType= Polynomial
AIAdultSlope= 1.68438151943497
AIAdultLD50= 0.285610576858744
AIAdultSlopeContact= 3.18125038392842
AIAdultLD50Contact= 0.0288621518877335
AILarvaSlope= 0.195212814956903
AILarvaLD50= 0.861726236063987
AIKOW= 6.43405076814815
AIKOC= 25.6101324933115
AIHalfLife= 2.79232626315206
EAppRate= 0
