ICQueenStrength= 3.34595082583837
RQWkrDrnRatio= 4.97384628467262
ICDroneMiteSurvivorship= 86.7628149455413
ICWorkerMiteSurvivorship= 65.2211330831051
ICForagerLifespan= 6.64164651557803
ImmType= Tangent
AIAdultSlope= 9.29219586309046
AIAdultLD50= 0.117133438005112
AIAdultSlopeContact= 1.06437049502973
AIAdultLD50Contact= 0.0246248046285473
AILarvaSlope= 4.74343666108325
AILarvaLD50= 0.671637382451445
AIKOW= 6.64821872208267
AIKOC= 20.9093604481313
AIHalfLife= 3.18637394579127
EAppRate= 0
