ICQueenStrength= 2.45502494997345
RQWkrDrnRatio= 1.93033346347511
ICDroneMiteSurvivorship= 49.6092331595719
ICWorkerMiteSurvivorship= 80.8276001596823
ICForagerLifespan= 9.53204962518066
ImmType= Logarithmic
AIAdultSlope= 2.84569054841995
AIAdultLD50= 0.32871273602359
AIAdultSlopeContact= 0.41338271854911
AIAdultLD50Contact= 0.00808276805328205
AILarvaSlope= 2.90732952379622
AILarvaLD50= 0.14689688666258
AIKOW= 2.92021836107597
AIKOC= 20.5011671595275
AIHalfLife= 1.90322292270139
EAppRate= 0
