ICQueenStrength= 4.5003484331537
RQWkrDrnRatio= 2.83398398756981
ICDroneMiteSurvivorship= 77.7548446785659
ICWorkerMiteSurvivorship= 76.5124341938645
ICForagerLifespan= 8.48356775380671
ImmType= Cosine
AIAdultSlope= 1.6835688566789
AIAdultLD50= 0.237007865449414
AIAdultSlopeContact= 1.78495903193951
AIAdultLD50Contact= 0.00480118818813935
AILarvaSlope= 3.20367821138352
AILarvaLD50= 0.278342403704301
AIKOW= 2.68122693849728
AIKOC= 6.89088367624208
AIHalfLife= 3.39947193395346
EAppRate= 0
