ICQueenStrength= 5.80067059979774
RQWkrDrnRatio= 1.69800309929997
ICDroneMiteSurvivorship= 12.8402100643143
ICWorkerMiteSurvivorship= 44.188395794481
ICForagerLifespan= 8.71529964078218
ImmType= Polynomial
AIAdultSlope= 0.57299857076956
AIAdultLD50= 0.329301170422696
AIAdultSlopeContact= 0.838816435108893
AIAdultLD50Contact= 0.00467532731126994
AILarvaSlope= 2.51657302901149
AILarvaLD50= 0.0934332362143323
AIKOW= 7.39747638581321
AIKOC= 20.9183111682069
AIHalfLife= 3.53827260318212
EAppRate= 0
