ICQueenStrength= 5.36151164234616
RQWkrDrnRatio= 3.68419161718339
ICDroneMiteSurvivorship= 94.2665950627998
ICWorkerMiteSurvivorship= 66.7512088548392
ICForagerLifespan= 4.4368921238929
ImmType= Polynomial
AIAdultSlope= 3.72012863161974
AIAdultLD50= 0.0148245621239766
AIAdultSlopeContact= 0.81850243068533
AIAdultLD50Contact= 0.0141038383240812
AILarvaSlope= 2.42944418406114
AILarvaLD50= 0.236258588475175
AIKOW= 2.44258103473112
AIKOC= 14.0626665856689
AIHalfLife= 4.46927346521989
EAppRate= 0
