ICQueenStrength= 3.17616351437755
RQWkrDrnRatio= 1.15175012592226
ICDroneMiteSurvivorship= 82.6827107928693
ICWorkerMiteSurvivorship= 93.2663570158184
ICForagerLifespan= 10.8606327623129
ImmType= Logarithmic
AIAdultSlope= 9.35512983473018
AIAdultLD50= 0.211329114972614
AIAdultSlopeContact= 3.61868800036144
AIAdultLD50Contact= 0.0449741042917594
AILarvaSlope= 4.01406371966004
AILarvaLD50= 0.890330108860508
AIKOW= 4.71104272687808
AIKOC= 21.1627905734349
AIHalfLife= 0.822941570077091
EAppRate= 0
