ICQueenStrength= 2.5971679741051
RQWkrDrnRatio= 2.69600058346987
ICDroneMiteSurvivorship= 36.1639528535306
ICWorkerMiteSurvivorship= 29.8629846423864
ICForagerLifespan= 11.7318839151412
ImmType= Cosine
AIAdultSlope= 7.24792542168871
AIAdultLD50= 0.429913742118515
AIAdultSlopeContact= 3.3705441494775
AIAdultLD50Contact= 0.0373047074768692
AILarvaSlope= 0.0214644893072546
AILarvaLD50= 0.491214976483025
AIKOW= 5.96192689007148
AIKOC= 22.2131588915363
AIHalfLife= 4.88459234242328
EAppRate= 0
