ICQueenStrength= 5.42829228937626
RQWkrDrnRatio= 4.63557965960354
ICDroneMiteSurvivorship= 30.0400518346578
ICWorkerMiteSurvivorship= 90.8114883583039
ICForagerLifespan= 6.98904304485768
ImmType= Tangent
AIAdultSlope= 9.26749104168266
AIAdultLD50= 0.310600903001614
AIAdultSlopeContact= 2.55475902108941
AIAdultLD50Contact= 0.0285422250395641
AILarvaSlope= 1.32685197489336
AILarvaLD50= 0.399412076594308
AIKOW= 3.50185552006587
AIKOC= 8.55670916615054
AIHalfLife= 0.657073945039883
EAppRate= 0
