ICQueenStrength= 1.1772280910518
RQWkrDrnRatio= 4.7152190990746
ICDroneMiteSurvivorship= 44.6724941954017
ICWorkerMiteSurvivorship= 29.0335536934435
ICForagerLifespan= 12.5502636628225
ImmType= Sine
AIAdultSlope= 0.966320363266859
AIAdultLD50= 0.27812728844583
AIAdultSlopeContact= 1.85135485159233
AIAdultLD50Contact= 0.0281257953611203
AILarvaSlope= 2.53479790398851
AILarvaLD50= 0.116545569570735
AIKOW= 7.5517490087077
AIKOC= 8.89200521749444
AIHalfLife= 1.72241610009223
EAppRate= 0
