ICQueenStrength= 2.13682866562158
RQWkrDrnRatio= 3.40031801722944
ICDroneMiteSurvivorship= 2.82055872958153
ICWorkerMiteSurvivorship= 44.8735598707572
ICForagerLifespan= 8.38222407083958
ImmType= Logarithmic
AIAdultSlope= 1.14938395330682
AIAdultLD50= 0.486032961518504
AIAdultSlopeContact= 1.52102340853773
AIAdultLD50Contact= 0.0377144468598999
AILarvaSlope= 0.729524924978614
AILarvaLD50= 0.633855744986795
AIKOW= 2.05450596148148
AIKOC= 10.2493362512905
AIHalfLife= 1.1374620324932
EAppRate= 0
