ICQueenStrength= 2.85108620091341
RQWkrDrnRatio= 2.30329970922321
ICDroneMiteSurvivorship= 23.9424405852333
ICWorkerMiteSurvivorship= 21.3321699528024
ICForagerLifespan= 7.81773685012013
ImmType= Logarithmic
AIAdultSlope= 2.68948239500402
AIAdultLD50= 0.19192938588094
AIAdultSlopeContact= 0.200959211611189
AIAdultLD50Contact= 0.0222839171183296
AILarvaSlope= 2.21606585485861
AILarvaLD50= 0.551176489074715
AIKOW= 7.50643341150135
AIKOC= 16.4963018451817
AIHalfLife= 3.59295821865089
EAppRate= 0
