ICQueenStrength= 2.25215778360143
RQWkrDrnRatio= 1.91323392372578
ICDroneMiteSurvivorship= 50.3453076351434
ICWorkerMiteSurvivorship= 91.3384418934584
ICForagerLifespan= 7.77816498558968
ImmType= Cosine
AIAdultSlope= 9.61463068379089
AIAdultLD50= 0.135318033513613
AIAdultSlopeContact= 3.19253575995332
AIAdultLD50Contact= 0.0130161593202502
AILarvaSlope= 1.99559197798371
AILarvaLD50= 0.456469480809756
AIKOW= 6.52358057210222
AIKOC= 29.7274823545013
AIHalfLife= 1.9752450613305
EAppRate= 0
