ICQueenStrength= 1.44554216437973
RQWkrDrnRatio= 1.70673222932965
ICDroneMiteSurvivorship= 3.09602986089885
ICWorkerMiteSurvivorship= 11.8042125599459
ICForagerLifespan= 11.0159689579159
ImmType= Logarithmic
AIAdultSlope= 3.25869374210015
AIAdultLD50= 0.0720953403506428
AIAdultSlopeContact= 0.262037868225016
AIAdultLD50Contact= 0.00107915331609547
AILarvaSlope= 2.48657332290895
AILarvaLD50= 0.30210244464688
AIKOW= 2.06304242275655
AIKOC= 18.5512749606278
AIHalfLife= 3.44620353542268
EAppRate= 0
