ICQueenStrength= 4.76631102990359
RQWkrDrnRatio= 1.65609669033438
ICDroneMiteSurvivorship= 17.2894343268126
ICWorkerMiteSurvivorship= 40.1479507330805
ICForagerLifespan= 14.3600524449721
ImmType= Sine
AIAdultSlope= 7.57942802039906
AIAdultLD50= 0.206948535051197
AIAdultSlopeContact= 2.46167568219127
AIAdultLD50Contact= 0.0178197354194708
AILarvaSlope= 9.27877026144415
AILarvaLD50= 0.398916959669441
AIKOW= 7.47933665476739
AIKOC= 25.3663235879503
AIHalfLife= 2.42714631953277
EAppRate= 0
