ICQueenStrength= 2.86654658173211
RQWkrDrnRatio= 4.51867570634931
ICDroneMiteSurvivorship= 40.6293694861233
ICWorkerMiteSurvivorship= 40.5338041950017
ICForagerLifespan= 5.46182698011398
ImmType= Logarithmic
AIAdultSlope= 7.67299296800047
AIAdultLD50= 0.0897218664176762
AIAdultSlopeContact= 0.553220268313307
AIAdultLD50Contact= 0.0221748023992404
AILarvaSlope= 8.14167911186814
AILarvaLD50= 0.113329169084318
AIKOW= 5.48082842584699
AIKOC= 28.7022827786859
AIHalfLife= 1.13531909300946
EAppRate= 0
