ICQueenStrength= 1.36017864476889
RQWkrDrnRatio= 1.57731512095779
ICDroneMiteSurvivorship= 51.219209539704
ICWorkerMiteSurvivorship= 3.91249309759587
ICForagerLifespan= 4.51329372450709
ImmType= Exponential
AIAdultSlope= 3.60738756760955
AIAdultLD50= 0.318380897748284
AIAdultSlopeContact= 3.53970319408458
AIAdultLD50Contact= 0.0369536526734009
AILarvaSlope= 1.79196401503868
AILarvaLD50= 0.55697088658344
AIKOW= 5.78331830119714
AIKOC= 20.9429999243002
AIHalfLife= 4.06441989471205
EAppRate= 0
