ICQueenStrength= 4.13259630464017
RQWkrDrnRatio= 1.30546525307
ICDroneMiteSurvivorship= 49.5244877412915
ICWorkerMiteSurvivorship= 86.5924385376275
ICForagerLifespan= 4.58433932531625
ImmType= Polynomial
AIAdultSlope= 1.318368781358
AIAdultLD50= 0.333064009901136
AIAdultSlopeContact= 2.12531054334249
AIAdultLD50Contact= 0.0184232733910903
AILarvaSlope= 5.39574472466484
AILarvaLD50= 0.646828510193154
AIKOW= 4.56980300648138
AIKOC= 19.388767950004
AIHalfLife= 2.48213088954799
EAppRate= 0
