ICQueenStrength= 3.62762577505782
RQWkrDrnRatio= 1.85355333611369
ICDroneMiteSurvivorship= 2.93028349988163
ICWorkerMiteSurvivorship= 68.8488848274574
ICForagerLifespan= 13.5689363656566
ImmType= Cosine
AIAdultSlope= 6.15123329218477
AIAdultLD50= 0.140051644062623
AIAdultSlopeContact= 2.83615801108768
AIAdultLD50Contact= 0.01734015988186
AILarvaSlope= 0.488695460371673
AILarvaLD50= 0.866603515483439
AIKOW= 6.72691674344242
AIKOC= 29.2781906330492
AIHalfLife= 2.93235764256679
EAppRate= 0
