ICQueenStrength= 1.90980302076787
RQWkrDrnRatio= 3.59530630614609
ICDroneMiteSurvivorship= 14.0446406323463
ICWorkerMiteSurvivorship= 58.2588190445676
ICForagerLifespan= 13.7244407609105
ImmType= Cosine
AIAdultSlope= 8.50240874337032
AIAdultLD50= 0.163348688976839
AIAdultSlopeContact= 1.31012307231082
AIAdultLD50Contact= 0.0125000841217116
AILarvaSlope= 1.14324554610066
AILarvaLD50= 0.427229503495619
AIKOW= 6.51374276727438
AIKOC= 16.1769726849161
AIHalfLife= 3.14634298440069
EAppRate= 0
