ICQueenStrength= 4.28248758101836
RQWkrDrnRatio= 4.02012792788446
ICDroneMiteSurvivorship= 84.4520275248215
ICWorkerMiteSurvivorship= 80.2808189298958
ICForagerLifespan= 12.8689327947795
ImmType= Sine
AIAdultSlope= 4.14899285882711
AIAdultLD50= 0.31451337528415
AIAdultSlopeContact= 2.11907907782821
AIAdultLD50Contact= 0.0405625714687631
AILarvaSlope= 8.24647689238191
AILarvaLD50= 0.350717190722935
AIKOW= 4.13589101238176
AIKOC= 6.94037691690028
AIHalfLife= 0.911649033660069
EAppRate= 0
