ICQueenStrength= 4.9989703707397
RQWkrDrnRatio= 4.19478164147586
ICDroneMiteSurvivorship= 85.1435365853831
ICWorkerMiteSurvivorship= 10.7143276371062
ICForagerLifespan= 4.16898920945823
ImmType= Exponential
AIAdultSlope= 9.46947723859921
AIAdultLD50= 0.127153668436222
AIAdultSlopeContact= 1.77482235287782
AIAdultLD50Contact= 0.0115622458048165
AILarvaSlope= 0.647960517089814
AILarvaLD50= 0.16852182301227
AIKOW= 2.09600532148033
AIKOC= 27.3829473485239
AIHalfLife= 4.09149113693275
EAppRate= 0
