ICQueenStrength= 5.32148249470629
RQWkrDrnRatio= 1.28736816067249
ICDroneMiteSurvivorship= 39.2086112406105
ICWorkerMiteSurvivorship= 40.141603234224
ICForagerLifespan= 7.05935801193118
ImmType= Tangent
AIAdultSlope= 9.67300803400576
AIAdultLD50= 0.314729443984106
AIAdultSlopeContact= 3.8563692752528
AIAdultLD50Contact= 0.00207401600200683
AILarvaSlope= 3.35826662643813
AILarvaLD50= 0.0201390405418351
AIKOW= 7.79612959548831
AIKOC= 20.2193049027119
AIHalfLife= 4.56988650374115
EAppRate= 0
