ICQueenStrength= 1.82593288389035
RQWkrDrnRatio= 2.30641423631459
ICDroneMiteSurvivorship= 40.6704685417935
ICWorkerMiteSurvivorship= 74.9315168475732
ICForagerLifespan= 8.36284861434251
ImmType= Tangent
AIAdultSlope= 0.0775659619830549
AIAdultLD50= 0.164068034151569
AIAdultSlopeContact= 2.38777241924778
AIAdultLD50Contact= 0.0268042856361717
AILarvaSlope= 5.16260490985587
AILarvaLD50= 0.812908926210366
AIKOW= 5.04784248676151
AIKOC= 18.5673350538127
AIHalfLife= 4.64353721239604
EAppRate= 0
