ICQueenStrength= 2.67633093311451
RQWkrDrnRatio= 4.23673458769917
ICDroneMiteSurvivorship= 35.5423578526825
ICWorkerMiteSurvivorship= 54.0225707460195
ICForagerLifespan= 6.18649477884173
ImmType= Exponential
AIAdultSlope= 9.89042592002079
AIAdultLD50= 0.397489870665595
AIAdultSlopeContact= 1.19521005507326
AIAdultLD50Contact= 0.0383625050890259
AILarvaSlope= 3.68405342102051
AILarvaLD50= 0.362171207671054
AIKOW= 5.47635450679809
AIKOC= 12.315004139673
AIHalfLife= 2.65055450261571
EAppRate= 0
