ICQueenStrength= 4.4140391589608
RQWkrDrnRatio= 3.85340419597924
ICDroneMiteSurvivorship= 36.6320664528757
ICWorkerMiteSurvivorship= 55.9583335882053
ICForagerLifespan= 10.3081682948396
ImmType= Exponential
AIAdultSlope= 3.47792616579682
AIAdultLD50= 0.20196928048972
AIAdultSlopeContact= 2.58912885943428
AIAdultLD50Contact= 0.0180739819770679
AILarvaSlope= 9.1719920700416
AILarvaLD50= 0.463001101906411
AIKOW= 5.2435552906245
AIKOC= 15.9099695517216
AIHalfLife= 4.68223689938895
EAppRate= 0
