ICQueenStrength= 5.0920423460193
RQWkrDrnRatio= 4.04951688367873
ICDroneMiteSurvivorship= 86.9234660640359
ICWorkerMiteSurvivorship= 47.8075838414952
ICForagerLifespan= 8.85011072363704
ImmType= Polynomial
AIAdultSlope= 1.5211262460798
AIAdultLD50= 0.15305081999395
AIAdultSlopeContact= 2.32679707163712
AIAdultLD50Contact= 0.0296455506235361
AILarvaSlope= 3.93435463309288
AILarvaLD50= 0.863190268306062
AIKOW= 2.29657545080408
AIKOC= 22.4195244151633
AIHalfLife= 0.44596329331398
EAppRate= 0
