ICQueenStrength= 2.89362379722297
RQWkrDrnRatio= 2.56743116676807
ICDroneMiteSurvivorship= 94.1315655596554
ICWorkerMiteSurvivorship= 3.00251438748091
ICForagerLifespan= 12.4439000636339
ImmType= Sine
AIAdultSlope= 6.03710198542103
AIAdultLD50= 0.16544784954749
AIAdultSlopeContact= 0.76330412915675
AIAdultLD50Contact= 0.0431370357749984
AILarvaSlope= 4.38024153932929
AILarvaLD50= 0.106015550368465
AIKOW= 6.30286477040499
AIKOC= 13.5318381548859
AIHalfLife= 0.93010741751641
EAppRate= 0
