ICQueenStrength= 1.06390458671376
RQWkrDrnRatio= 4.89848820772022
ICDroneMiteSurvivorship= 91.4783545769751
ICWorkerMiteSurvivorship= 49.4612212060019
ICForagerLifespan= 6.83773326687515
ImmType= Sine
AIAdultSlope= 2.68960777256638
AIAdultLD50= 0.272222404833883
AIAdultSlopeContact= 0.0809555227565579
AIAdultLD50Contact= 0.0118684576242231
AILarvaSlope= 2.08768670917489
AILarvaLD50= 0.208470992767252
AIKOW= 4.75498045934364
AIKOC= 11.0695472348016
AIHalfLife= 3.965646577999
EAppRate= 0
