ICQueenStrength= 1.79580566380173
RQWkrDrnRatio= 4.75384214986116
ICDroneMiteSurvivorship= 11.0795401502401
ICWorkerMiteSurvivorship= 42.5108891911805
ICForagerLifespan= 10.3574796877801
ImmType= Sine
AIAdultSlope= 3.76872401346685
AIAdultLD50= 0.304823852493428
AIAdultSlopeContact= 3.84807433265727
AIAdultLD50Contact= 0.00940557045396417
AILarvaSlope= 1.50642290464602
AILarvaLD50= 0.731439141836017
AIKOW= 5.32549127331004
AIKOC= 13.4226036036853
AIHalfLife= 4.8765196907334
EAppRate= 0
