ICQueenStrength= 4.64583597518504
RQWkrDrnRatio= 1.27370897959918
ICDroneMiteSurvivorship= 58.853433909826
ICWorkerMiteSurvivorship= 98.9283862058073
ICForagerLifespan= 14.2282763877884
ImmType= Sine
AIAdultSlope= 8.73110323445871
AIAdultLD50= 0.419670216855593
AIAdultSlopeContact= 1.91512788182124
AIAdultLD50Contact= 0.00978481803322211
AILarvaSlope= 0.236096510570496
AILarvaLD50= 0.356636490533128
AIKOW= 7.41174151748419
AIKOC= 22.8967722866219
AIHalfLife= 2.95532841817476
EAppRate= 0
