ICQueenStrength= 2.60544797079638
RQWkrDrnRatio= 2.41664089355618
ICDroneMiteSurvivorship= 4.09316075965762
ICWorkerMiteSurvivorship= 10.531257535331
ICForagerLifespan= 13.0917765647173
ImmType= Logarithmic
AIAdultSlope= 2.93642881197855
AIAdultLD50= 0.347848352044821
AIAdultSlopeContact= 2.61143519412959
AIAdultLD50Contact= 0.035210448759608
AILarvaSlope= 3.06167222820222
AILarvaLD50= 0.558755120518617
AIKOW= 7.46223839512095
AIKOC= 20.7427174388431
AIHalfLife= 2.29610047419555
EAppRate= 0
