ICQueenStrength= 2.23875290155411
RQWkrDrnRatio= 1.30996700190008
ICDroneMiteSurvivorship= 35.1104244589806
ICWorkerMiteSurvivorship= 48.1901007238775
ICForagerLifespan= 11.5537858344615
ImmType= Cosine
AIAdultSlope= 7.31924700550735
AIAdultLD50= 0.444486071588472
AIAdultSlopeContact= 1.22403970232466
AIAdultLD50Contact= 0.0230161014944315
AILarvaSlope= 1.20599336349405
AILarvaLD50= 0.546966845844872
AIKOW= 5.22577907331288
AIKOC= 16.1855453520548
AIHalfLife= 2.09417070145719
EAppRate= 0
