ICQueenStrength= 1.51608099951409
RQWkrDrnRatio= 4.15144092030823
ICDroneMiteSurvivorship= 35.8793527819216
ICWorkerMiteSurvivorship= 90.2557256864384
ICForagerLifespan= 8.41044499725103
ImmType= Exponential
AIAdultSlope= 0.351729228033219
AIAdultLD50= 0.397019511787221
AIAdultSlopeContact= 2.5408864235552
AIAdultLD50Contact= 0.0301858718506992
AILarvaSlope= 3.00782407396473
AILarvaLD50= 0.374403552641161
AIKOW= 3.96121444692835
AIKOC= 15.3884599579033
AIHalfLife= 0.222446838160977
EAppRate= 0
