ICQueenStrength= 1.51773750572465
RQWkrDrnRatio= 4.31460312847048
ICDroneMiteSurvivorship= 83.7779673747718
ICWorkerMiteSurvivorship= 98.9563653478399
ICForagerLifespan= 13.2385554965585
ImmType= Logarithmic
AIAdultSlope= 5.29215643415228
AIAdultLD50= 0.0992912147194147
AIAdultSlopeContact= 3.38895962735871
AIAdultLD50Contact= 0.0401777405757457
AILarvaSlope= 1.53664419190027
AILarvaLD50= 0.216230890410952
AIKOW= 4.63587098754942
AIKOC= 5.28391999658197
AIHalfLife= 1.10437279683538
EAppRate= 0
