ICQueenStrength= 5.45465277414769
RQWkrDrnRatio= 3.71546517405659
ICDroneMiteSurvivorship= 52.4904508143663
ICWorkerMiteSurvivorship= 29.6969253802672
ICForagerLifespan= 4.72907179314643
ImmType= Tangent
AIAdultSlope= 4.74438920151442
AIAdultLD50= 0.0174110896186903
AIAdultSlopeContact= 0.708543169044424
AIAdultLD50Contact= 0.0237035745871253
AILarvaSlope= 4.75475750630721
AILarvaLD50= 0.55768748272676
AIKOW= 7.66652366053313
AIKOC= 24.3471914331894
AIHalfLife= 1.95363975362852
EAppRate= 0
