ICQueenStrength= 1.25073315133341
RQWkrDrnRatio= 2.05952753312886
ICDroneMiteSurvivorship= 79.9497673055157
ICWorkerMiteSurvivorship= 59.691420616582
ICForagerLifespan= 13.916551142931
ImmType= Sine
AIAdultSlope= 9.67386722797528
AIAdultLD50= 0.0146704668877646
AIAdultSlopeContact= 0.120202313207556
AIAdultLD50Contact= 0.000611463934183121
AILarvaSlope= 6.00176208419725
AILarvaLD50= 0.226470341300592
AIKOW= 3.71190847922117
AIKOC= 8.8339193444699
AIHalfLife= 1.2927358946763
EAppRate= 0
