ICQueenStrength= 3.90820893831551
RQWkrDrnRatio= 2.93665183708072
ICDroneMiteSurvivorship= 56.5442725550383
ICWorkerMiteSurvivorship= 66.1616265540943
ICForagerLifespan= 9.26088041439652
ImmType= Tangent
AIAdultSlope= 1.60254440270364
AIAdultLD50= 0.0877227537566796
AIAdultSlopeContact= 1.6123743133829
AIAdultLD50Contact= 0.0159280909691006
AILarvaSlope= 1.89991342872381
AILarvaLD50= 0.261332375393249
AIKOW= 5.05736257415265
AIKOC= 10.2219829056412
AIHalfLife= 4.03876198804937
EAppRate= 0
