ICQueenStrength= 1.5230265960563
RQWkrDrnRatio= 2.27885675244033
ICDroneMiteSurvivorship= 50.1129949931055
ICWorkerMiteSurvivorship= 41.9006229611114
ICForagerLifespan= 13.469907714054
ImmType= Sine
AIAdultSlope= 8.17218718118966
AIAdultLD50= 0.462443202966824
AIAdultSlopeContact= 1.77686615052866
AIAdultLD50Contact= 0.0330593244638294
AILarvaSlope= 2.2689081326127
AILarvaLD50= 0.54303775287699
AIKOW= 4.74454709654674
AIKOC= 24.0679421124514
AIHalfLife= 1.88319440116175
EAppRate= 0
