ICQueenStrength= 4.03397786105052
RQWkrDrnRatio= 4.71271910052747
ICDroneMiteSurvivorship= 80.1040640100837
ICWorkerMiteSurvivorship= 3.49371044430882
ICForagerLifespan= 12.09608094953
ImmType= Sine
AIAdultSlope= 3.28543737408472
AIAdultLD50= 0.127382269245572
AIAdultSlopeContact= 1.59444912023144
AIAdultLD50Contact= 0.0407091307686642
AILarvaSlope= 1.82548641394824
AILarvaLD50= 0.0345110039692372
AIKOW= 5.97363829892129
AIKOC= 24.4723213440739
AIHalfLife= 2.85586148849688
EAppRate= 0
