ICQueenStrength= 2.18998799589463
RQWkrDrnRatio= 3.92584107816219
ICDroneMiteSurvivorship= 55.3346232743934
ICWorkerMiteSurvivorship= 89.0023988904431
ICForagerLifespan= 9.13918809685856
ImmType= Logarithmic
AIAdultSlope= 5.78634549863636
AIAdultLD50= 0.0910993199795485
AIAdultSlopeContact= 0.421759511909913
AIAdultLD50Contact= 0.0197246146621183
AILarvaSlope= 9.46763195097446
AILarvaLD50= 0.732317814650014
AIKOW= 6.29845454823226
AIKOC= 22.1338798885699
AIHalfLife= 3.50988787133247
EAppRate= 0
