ICQueenStrength= 4.69450410595164
RQWkrDrnRatio= 1.67428861279041
ICDroneMiteSurvivorship= 1.96943157352507
ICWorkerMiteSurvivorship= 25.0965765444562
ICForagerLifespan= 4.19119118340313
ImmType= Polynomial
AIAdultSlope= 1.83781130873831
AIAdultLD50= 0.464467432582751
AIAdultSlopeContact= 2.47062607691623
AIAdultLD50Contact= 0.0328756598755717
AILarvaSlope= 2.06467455183156
AILarvaLD50= 0.87172701288946
AIKOW= 7.8883399781771
AIKOC= 26.8870925833471
AIHalfLife= 3.56841210275888
EAppRate= 0
