ICQueenStrength= 4.10148905497044
RQWkrDrnRatio= 2.19655720237643
ICDroneMiteSurvivorship= 11.2693837843835
ICWorkerMiteSurvivorship= 33.1802228465676
ICForagerLifespan= 7.64185731671751
ImmType= Exponential
AIAdultSlope= 2.69018249300541
AIAdultLD50= 0.288237832952291
AIAdultSlopeContact= 1.03744374081725
AIAdultLD50Contact= 0.0167561450274661
AILarvaSlope= 2.48076654574834
AILarvaLD50= 0.630727685359307
AIKOW= 6.55805269256234
AIKOC= 16.5743615431711
AIHalfLife= 1.20137632940896
EAppRate= 0
