ICQueenStrength= 1.06678088218905
RQWkrDrnRatio= 1.15612404234707
ICDroneMiteSurvivorship= 66.4723380235955
ICWorkerMiteSurvivorship= 25.8700045756996
ICForagerLifespan= 8.85682636871934
ImmType= Sine
AIAdultSlope= 5.3633791138418
AIAdultLD50= 0.408257984090596
AIAdultSlopeContact= 3.87663948935224
AIAdultLD50Contact= 0.0461070179124363
AILarvaSlope= 2.46371189635247
AILarvaLD50= 0.089727622596547
AIKOW= 3.17000755527988
AIKOC= 10.5252555350307
AIHalfLife= 0.221463453490287
EAppRate= 0
