ICQueenStrength= 1.25891227880493
RQWkrDrnRatio= 2.78391443565488
ICDroneMiteSurvivorship= 4.80237458832562
ICWorkerMiteSurvivorship= 96.731424680911
ICForagerLifespan= 13.0908460980281
ImmType= Cosine
AIAdultSlope= 0.149794360622764
AIAdultLD50= 0.366368846152909
AIAdultSlopeContact= 2.14527772971662
AIAdultLD50Contact= 0.018632350047119
AILarvaSlope= 3.0282901856117
AILarvaLD50= 0.690468583744951
AIKOW= 6.00227377749979
AIKOC= 5.02437044749968
AIHalfLife= 3.97542986203916
EAppRate= 0
