ICQueenStrength= 4.41616680030711
RQWkrDrnRatio= 4.39006482157856
ICDroneMiteSurvivorship= 34.9417492980137
ICWorkerMiteSurvivorship= 73.7855992745608
ICForagerLifespan= 13.8127566529438
ImmType= Logarithmic
AIAdultSlope= 2.91250631213188
AIAdultLD50= 0.186970984796062
AIAdultSlopeContact= 0.736455688225105
AIAdultLD50Contact= 0.034951836487744
AILarvaSlope= 3.2714318508748
AILarvaLD50= 0.794550295779482
AIKOW= 3.42776518454775
AIKOC= 11.5816444403026
AIHalfLife= 2.63838916667737
EAppRate= 0
