ICQueenStrength= 2.35301842354238
RQWkrDrnRatio= 1.39497981779277
ICDroneMiteSurvivorship= 66.6950741782784
ICWorkerMiteSurvivorship= 31.2575659714639
ICForagerLifespan= 6.32963685039431
ImmType= Tangent
RQQueenStrength= 4.62286808714271
RQEnableReQueen=true
AIAdultSlope= 4.46924662217498
AIAdultLD50= 0.8995781850887
AIAdultSlopeContact= 6.97597134322859
AIAdultLD50Contact= 7.30971427570772
AILarvaSlope= 7.09195770137012
AILarvaLD50= 97.2939698547758
AIKOW= 53104.6998084942
AIKOC= 23949.1515307999
AIHalfLife= 17.2785341619048
EAppRate= 5.22276139668142
AIContactFactor= 1.67530887439381
CL4Pollen= 0.38950726762414
CL4Nectar= 44.484547059983
CL5Pollen= 3.70032102428377
CL5Nectar= 77.8212976176292
CLDPollen= 2.67652097577229
CLDNectar= 81.8512944853865
CA13Pollen= 3.01838340638205
CA13Nectar= 82.7199080213904
CA410Pollen= 6.63497674989048
CA410Nectar= 133.238348397426
CA1120Pollen= 1.17383694369346
CA1120Nectar= 67.7712466195226
IPollenTrips= 13.5555936926976
INectarTrips= 12.9371302127838
IPollenLoad= 6.16365531366318
INectarLoad= 90.4520465666428
ESeedConcentration= 0
