ICQueenStrength= 4.28015248291194
RQWkrDrnRatio= 1.44337226450443
ICDroneMiteSurvivorship= 13.8308388413861
ICWorkerMiteSurvivorship= 97.6846509613097
ICForagerLifespan= 13.302538192831
ImmType= Tangent
AIAdultSlope= 8.7711186055094
AIAdultLD50= 0.0527678377693519
AIAdultSlopeContact= 3.56866442642408
AIAdultLD50Contact= 0.0127825911040418
AILarvaSlope= 2.39095937968232
AILarvaLD50= 0.886531011667103
AIKOW= 4.51212440105155
AIKOC= 8.98737962823361
AIHalfLife= 3.69167880970053
EAppRate= 0
