ICQueenStrength= 1.20330528379418
RQWkrDrnRatio= 2.51805108133703
ICDroneMiteSurvivorship= 54.0092335082591
ICWorkerMiteSurvivorship= 92.8835591534153
ICForagerLifespan= 10.3327823122963
ImmType= Exponential
AIAdultSlope= 1.69803992612287
AIAdultLD50= 0.211751861847006
AIAdultSlopeContact= 1.61889866815181
AIAdultLD50Contact= 0.0156058556050994
AILarvaSlope= 1.67714779824018
AILarvaLD50= 0.459577405429445
AIKOW= 7.95892351958901
AIKOC= 8.34199192584492
AIHalfLife= 2.35649743466638
EAppRate= 0
