ICQueenStrength= 1.98727134056389
RQWkrDrnRatio= 3.43424247112125
ICDroneMiteSurvivorship= 78.8972367299721
ICWorkerMiteSurvivorship= 33.0000149551779
ICForagerLifespan= 4.68947582505643
ImmType= Sine
AIAdultSlope= 2.86716169965221
AIAdultLD50= 0.402161743142642
AIAdultSlopeContact= 0.625417896439321
AIAdultLD50Contact= 0.0151921416632831
AILarvaSlope= 3.28267287951894
AILarvaLD50= 0.18609249566216
AIKOW= 7.37467713141814
AIKOC= 25.1107612752821
AIHalfLife= 1.49957275367342
EAppRate= 0
