ICQueenStrength= 1.54148276220076
RQWkrDrnRatio= 4.45819358620793
ICDroneMiteSurvivorship= 5.99757211748511
ICWorkerMiteSurvivorship= 37.0546167250723
ICForagerLifespan= 11.809514939785
ImmType= Cosine
AIAdultSlope= 2.39825003314763
AIAdultLD50= 0.203072813805193
AIAdultSlopeContact= 0.645693096506875
AIAdultLD50Contact= 0.00686503195902333
AILarvaSlope= 3.25796162672341
AILarvaLD50= 0.298425719258375
AIKOW= 7.02559907501563
AIKOC= 10.5019109335262
AIHalfLife= 4.4838598172646
EAppRate= 0
