ICQueenStrength= 5.35794624150731
RQWkrDrnRatio= 3.58326817303896
ICDroneMiteSurvivorship= 59.0864839032292
ICWorkerMiteSurvivorship= 8.10748217627406
ICForagerLifespan= 8.41033555474132
ImmType= Tangent
AIAdultSlope= 8.97809183690697
AIAdultLD50= 0.383298584609292
AIAdultSlopeContact= 1.16938343107235
AIAdultLD50Contact= 0.0444604102871381
AILarvaSlope= 8.6655443883501
AILarvaLD50= 0.717692634137347
AIKOW= 7.83914663875476
AIKOC= 29.9414592224639
AIHalfLife= 3.71025573113002
EAppRate= 0
