ICQueenStrength= 2.79628040990792
RQWkrDrnRatio= 4.12823123671114
ICDroneMiteSurvivorship= 24.1263695061207
ICWorkerMiteSurvivorship= 65.0587706826627
ICForagerLifespan= 11.1832020999864
ImmType= Polynomial
AIAdultSlope= 3.03913616005098
AIAdultLD50= 0.287273837137036
AIAdultSlopeContact= 2.14259072204819
AIAdultLD50Contact= 0.0331106669851579
AILarvaSlope= 1.88214194225147
AILarvaLD50= 0.15699910253752
AIKOW= 6.98050511768088
AIKOC= 22.5830322084948
AIHalfLife= 2.20316753606312
EAppRate= 0
