ICQueenStrength= 4.70946229086258
RQWkrDrnRatio= 3.93135352432728
ICDroneMiteSurvivorship= 12.8919137874618
ICWorkerMiteSurvivorship= 1.12445228733122
ICForagerLifespan= 9.8308024359867
ImmType= Cosine
AIAdultSlope= 3.66101487772539
AIAdultLD50= 0.338513397495262
AIAdultSlopeContact= 0.212946482745465
AIAdultLD50Contact= 0.0487726703402586
AILarvaSlope= 1.75332619366236
AILarvaLD50= 0.369018802209757
AIKOW= 5.70906148431823
AIKOC= 12.6135274488479
AIHalfLife= 3.10934109380469
EAppRate= 0
