ICQueenStrength= 1.84006535937078
RQWkrDrnRatio= 1.70906159933656
ICDroneMiteSurvivorship= 79.4186962069944
ICWorkerMiteSurvivorship= 53.2929495442659
ICForagerLifespan= 9.81389679107815
ImmType= Cosine
AIAdultSlope= 0.0344167415820993
AIAdultLD50= 0.134425850701518
AIAdultSlopeContact= 2.16963477324229
AIAdultLD50Contact= 0.0311434323783033
AILarvaSlope= 0.652139539364725
AILarvaLD50= 0.466549780522473
AIKOW= 2.36943732202053
AIKOC= 6.25242987996899
AIHalfLife= 1.62069109617732
EAppRate= 0
