ICQueenStrength= 1.63256844878197
RQWkrDrnRatio= 2.50193668343127
ICDroneMiteSurvivorship= 75.0019525643438
ICWorkerMiteSurvivorship= 88.0345116835088
ICForagerLifespan= 7.78191203717142
ImmType= Tangent
AIAdultSlope= 0.351392253816593
AIAdultLD50= 0.36607768794056
AIAdultSlopeContact= 2.25236589541426
AIAdultLD50Contact= 0.0439322246820666
AILarvaSlope= 1.82715088059194
AILarvaLD50= 0.15305741596967
AIKOW= 2.31019837362692
AIKOC= 27.150885744486
AIHalfLife= 4.11758781177923
EAppRate= 0
