ICQueenStrength= 1.60937191010453
RQWkrDrnRatio= 1.73273575305939
ICDroneMiteSurvivorship= 20.1165882404894
ICWorkerMiteSurvivorship= 54.9515716964379
ICForagerLifespan= 9.6168502336368
ImmType= Polynomial
AIAdultSlope= 1.87975478507113
AIAdultLD50= 0.403694515000097
AIAdultSlopeContact= 1.89650293105748
AIAdultLD50Contact= 0.00913038527360186
AILarvaSlope= 2.5912726870738
AILarvaLD50= 0.68224105888512
AIKOW= 6.04787141736597
AIKOC= 24.7930738970172
AIHalfLife= 0.494696105597541
EAppRate= 0
