ICQueenStrength= 5.91310233715922
RQWkrDrnRatio= 1.64344152249396
ICDroneMiteSurvivorship= 78.0460018897429
ICWorkerMiteSurvivorship= 65.3308314038441
ICForagerLifespan= 7.55252665840089
ImmType= Tangent
AIAdultSlope= 5.85041153943166
AIAdultLD50= 0.342183676315472
AIAdultSlopeContact= 1.66057531421073
AIAdultLD50Contact= 0.0356241142842919
AILarvaSlope= 9.38739969395101
AILarvaLD50= 0.864390489156358
AIKOW= 3.45013540424407
AIKOC= 7.43087513954379
AIHalfLife= 0.64501372165978
EAppRate= 0
