ICQueenStrength= 2.18148652953096
RQWkrDrnRatio= 3.26032707467675
ICDroneMiteSurvivorship= 82.1924197254702
ICWorkerMiteSurvivorship= 46.2605192093179
ICForagerLifespan= 4.94576394185424
ImmType= Tangent
AIAdultSlope= 5.41723848786205
AIAdultLD50= 0.149676673696376
AIAdultSlopeContact= 2.09882990563056
AIAdultLD50Contact= 0.0369700036011636
AILarvaSlope= 1.37754586292431
AILarvaLD50= 0.512750762701035
AIKOW= 2.39333278825507
AIKOC= 15.4354979121126
AIHalfLife= 0.807900123763829
EAppRate= 0
