ICQueenStrength= 5.09209117642604
RQWkrDrnRatio= 4.07594264950603
ICDroneMiteSurvivorship= 25.6663079606369
ICWorkerMiteSurvivorship= 4.61913330946118
ICForagerLifespan= 15.7228374993429
ImmType= Exponential
AIAdultSlope= 1.82231067679822
AIAdultLD50= 0.272575657931156
AIAdultSlopeContact= 1.67217719718581
AIAdultLD50Contact= 0.0415819829213433
AILarvaSlope= 2.11717314198613
AILarvaLD50= 0.460574172553606
AIKOW= 3.34540292341262
AIKOC= 25.9273673128337
AIHalfLife= 1.32955770241097
EAppRate= 0
