ICQueenStrength= 4.89413698692806
RQWkrDrnRatio= 1.47872383333743
ICDroneMiteSurvivorship= 51.2578893918544
ICWorkerMiteSurvivorship= 47.4902954651043
ICForagerLifespan= 14.0600005062297
ImmType= Cosine
AIAdultSlope= 2.95658487495035
AIAdultLD50= 0.265926510677673
AIAdultSlopeContact= 3.42906630195212
AIAdultLD50Contact= 0.0316168017568998
AILarvaSlope= 1.95423047621734
AILarvaLD50= 0.00970692930277437
AIKOW= 6.83319597318769
AIKOC= 18.4035232069436
AIHalfLife= 0.414052181877196
EAppRate= 0
