ICQueenStrength= 2.94958195090294
RQWkrDrnRatio= 4.39935994334519
ICDroneMiteSurvivorship= 57.6808920595795
ICWorkerMiteSurvivorship= 47.3607419291511
ICForagerLifespan= 12.1747142290697
ImmType= Cosine
AIAdultSlope= 1.7205747599015
AIAdultLD50= 0.404237529728562
AIAdultSlopeContact= 1.40326507708523
AIAdultLD50Contact= 0.0442842081771232
AILarvaSlope= 0.784288017079234
AILarvaLD50= 0.192724266462028
AIKOW= 3.49725031526759
AIKOC= 15.451699065743
AIHalfLife= 2.28130256058648
EAppRate= 0
