ICQueenStrength= 5.58809994510375
RQWkrDrnRatio= 1.28978058882058
ICDroneMiteSurvivorship= 12.1843515196815
ICWorkerMiteSurvivorship= 48.4986848663539
ICForagerLifespan= 14.007979224436
ImmType= Sine
AIAdultSlope= 0.185418825584929
AIAdultLD50= 0.475236555677839
AIAdultSlopeContact= 1.71219464591704
AIAdultLD50Contact= 0.0150604480528273
AILarvaSlope= 2.95848107198253
AILarvaLD50= 0.425305809569545
AIKOW= 4.25311055919155
AIKOC= 6.86133937677369
AIHalfLife= 4.05441452516243
EAppRate= 0
