ICQueenStrength= 5.91985639091581
RQWkrDrnRatio= 3.99664427340031
ICDroneMiteSurvivorship= 9.9263972369954
ICWorkerMiteSurvivorship= 30.6772293522954
ICForagerLifespan= 4.97873984649777
ImmType= Sine
AIAdultSlope= 6.64098938694224
AIAdultLD50= 0.00640227214898914
AIAdultSlopeContact= 1.65659278567415
AIAdultLD50Contact= 0.0477762649883516
AILarvaSlope= 2.81982398359105
AILarvaLD50= 0.858835322898813
AIKOW= 7.33255603397265
AIKOC= 26.6046946239658
AIHalfLife= 1.20068384101614
EAppRate= 0
