ICQueenStrength= 1.7824911607895
RQWkrDrnRatio= 4.76881747785956
ICDroneMiteSurvivorship= 29.9665180034935
ICWorkerMiteSurvivorship= 23.3470141654834
ICForagerLifespan= 9.58504739031196
ImmType= Sine
AIAdultSlope= 5.08268997538835
AIAdultLD50= 0.0614104209234938
AIAdultSlopeContact= 2.42242825854337
AIAdultLD50Contact= 0.0317749438690953
AILarvaSlope= 2.87973248655908
AILarvaLD50= 0.862077894620597
AIKOW= 2.07788346940652
AIKOC= 11.0735881270375
AIHalfLife= 0.548387140734121
EAppRate= 0
