ICQueenStrength= 3.67615720978938
RQWkrDrnRatio= 4.42967845033854
ICDroneMiteSurvivorship= 34.7496643196791
ICWorkerMiteSurvivorship= 28.0233584344387
ICForagerLifespan= 15.6911799646914
ImmType= Cosine
AIAdultSlope= 1.53220950624207
AIAdultLD50= 0.217496022465639
AIAdultSlopeContact= 1.18973734611645
AIAdultLD50Contact= 0.000416211818810552
AILarvaSlope= 2.40485497596674
AILarvaLD50= 0.624182894825935
AIKOW= 7.72191545087844
AIKOC= 13.8242518308107
AIHalfLife= 3.49527666228823
EAppRate= 0
