ICQueenStrength= 5.22378199291416
RQWkrDrnRatio= 3.1293658670038
ICDroneMiteSurvivorship= 67.0104105258361
ICWorkerMiteSurvivorship= 48.5168303595856
ICForagerLifespan= 6.30178925674409
ImmType= Logarithmic
AIAdultSlope= 3.06854710310698
AIAdultLD50= 0.265429691295139
AIAdultSlopeContact= 3.71215291908709
AIAdultLD50Contact= 0.0213363521965221
AILarvaSlope= 2.69944165693596
AILarvaLD50= 0.106480194674805
AIKOW= 2.01735273282975
AIKOC= 25.0042572105303
AIHalfLife= 2.47458147583529
EAppRate= 0
