ICQueenStrength= 4.75340594677255
RQWkrDrnRatio= 2.40128354448825
ICDroneMiteSurvivorship= 82.6521702809259
ICWorkerMiteSurvivorship= 21.411273535341
ICForagerLifespan= 13.4539854507893
ImmType= Cosine
AIAdultSlope= 7.54568404518068
AIAdultLD50= 0.107256642193533
AIAdultSlopeContact= 2.82720219301293
AIAdultLD50Contact= 0.0316423409036361
AILarvaSlope= 9.12921953946352
AILarvaLD50= 0.715299843857065
AIKOW= 7.13477358873934
AIKOC= 16.4691181923263
AIHalfLife= 1.98327941121534
EAppRate= 0
