ICQueenStrength= 1.57002535671927
RQWkrDrnRatio= 3.85777791496366
ICDroneMiteSurvivorship= 95.3516999725252
ICWorkerMiteSurvivorship= 29.2700667865574
ICForagerLifespan= 6.03373937681317
ImmType= Exponential
AIAdultSlope= 2.08827218814287
AIAdultLD50= 0.0573759940452874
AIAdultSlopeContact= 2.57440886509605
AIAdultLD50Contact= 0.0433465997688472
AILarvaSlope= 0.699243040475994
AILarvaLD50= 0.202832190832123
AIKOW= 3.51628410164267
AIKOC= 14.9577743967529
AIHalfLife= 1.5156209259294
EAppRate= 0
