ICQueenStrength= 3.03655803925358
RQWkrDrnRatio= 3.61885358579457
ICDroneMiteSurvivorship= 79.2206104379147
ICWorkerMiteSurvivorship= 72.9666354134679
ICForagerLifespan= 12.093164597638
ImmType= Logarithmic
AIAdultSlope= 3.84708255963866
AIAdultLD50= 0.446789013920352
AIAdultSlopeContact= 2.60844858367229
AIAdultLD50Contact= 0.0497673700912856
AILarvaSlope= 2.09081789474003
AILarvaLD50= 0.493027016962878
AIKOW= 5.37157684890553
AIKOC= 7.81081903376617
AIHalfLife= 1.75750179332681
EAppRate= 0
