ICQueenStrength= 1.36562676192261
RQWkrDrnRatio= 2.10660908743739
ICDroneMiteSurvivorship= 20.4708425328135
ICWorkerMiteSurvivorship= 19.6474394993857
ICForagerLifespan= 7.50125526357442
ImmType= Sine
AIAdultSlope= 1.90566718254704
AIAdultLD50= 0.331600577803329
AIAdultSlopeContact= 1.84707286209567
AIAdultLD50Contact= 0.0408101717359386
AILarvaSlope= 0.32090124823153
AILarvaLD50= 0.198941072286107
AIKOW= 3.61486723553389
AIKOC= 23.2739727490116
AIHalfLife= 0.408713436918333
EAppRate= 0
