ICQueenStrength= 2.09784409636632
RQWkrDrnRatio= 2.3668652381748
ICDroneMiteSurvivorship= 4.55174632370472
ICWorkerMiteSurvivorship= 21.9065575161949
ICForagerLifespan= 4.9798341486603
ImmType= Sine
AIAdultSlope= 1.8165232706815
AIAdultLD50= 0.339894174248911
AIAdultSlopeContact= 2.74853013751097
AIAdultLD50Contact= 0.0160566822509281
AILarvaSlope= 9.01620554970577
AILarvaLD50= 0.191789830522612
AIKOW= 5.77045384701341
AIKOC= 27.3299906181637
AIHalfLife= 0.231427729595453
EAppRate= 0
