ICQueenStrength= 3.66348703182302
RQWkrDrnRatio= 2.6739601995796
ICDroneMiteSurvivorship= 96.0732789244503
ICWorkerMiteSurvivorship= 13.1755906622857
ICForagerLifespan= 13.4413635451347
ImmType= Cosine
AIAdultSlope= 3.8714335155068
AIAdultLD50= 0.211776392883621
AIAdultSlopeContact= 1.0116739691142
AIAdultLD50Contact= 0.0454761615372263
AILarvaSlope= 2.40908463508822
AILarvaLD50= 0.806177178584039
AIKOW= 6.77603297214955
AIKOC= 15.5423845525365
AIHalfLife= 0.989971555536613
EAppRate= 0
