ICQueenStrength= 4.53186469874345
RQWkrDrnRatio= 4.94448504131287
ICDroneMiteSurvivorship= 28.6140043288469
ICWorkerMiteSurvivorship= 77.2768876515329
ICForagerLifespan= 8.77184343431145
ImmType= Logarithmic
AIAdultSlope= 3.91027405392379
AIAdultLD50= 0.205642084591091
AIAdultSlopeContact= 3.64120640660869
AIAdultLD50Contact= 0.0419328392017633
AILarvaSlope= 3.18243227130733
AILarvaLD50= 0.472474267473444
AIKOW= 5.1233344078064
AIKOC= 11.5847720310558
AIHalfLife= 1.68470294214785
EAppRate= 0
