ICQueenStrength= 3.32125993701629
RQWkrDrnRatio= 2.31195413414389
ICDroneMiteSurvivorship= 19.726883736439
ICWorkerMiteSurvivorship= 78.4251569770277
ICForagerLifespan= 9.12956233602017
ImmType= Exponential
AIAdultSlope= 1.86207257665694
AIAdultLD50= 0.303518951986916
AIAdultSlopeContact= 0.491478648134507
AIAdultLD50Contact= 0.0100213040830567
AILarvaSlope= 0.138519218238071
AILarvaLD50= 0.364323688158765
AIKOW= 6.23574339784682
AIKOC= 10.8824212639593
AIHalfLife= 3.12817996134982
EAppRate= 0
