ICQueenStrength= 3.9035659309011
RQWkrDrnRatio= 2.11240699514747
ICDroneMiteSurvivorship= 1.74739740323275
ICWorkerMiteSurvivorship= 80.3973029134795
ICForagerLifespan= 5.2194932512939
ImmType= Logarithmic
AIAdultSlope= 5.91320655541494
AIAdultLD50= 0.4574768737657
AIAdultSlopeContact= 3.02307194449939
AIAdultLD50Contact= 0.048841669165995
AILarvaSlope= 1.54632974076085
AILarvaLD50= 0.366739758546464
AIKOW= 2.39938664715737
AIKOC= 25.9229715634137
AIHalfLife= 2.84705122001469
EAppRate= 0
