ICQueenStrength= 2.30396008025855
RQWkrDrnRatio= 2.25678612012416
ICDroneMiteSurvivorship= 33.8839103234932
ICWorkerMiteSurvivorship= 58.4358814638108
ICForagerLifespan= 13.6050043683499
ImmType= Tangent
AIAdultSlope= 1.20217783376575
AIAdultLD50= 0.256355309276842
AIAdultSlopeContact= 0.703704116335139
AIAdultLD50Contact= 0.00564436992863193
AILarvaSlope= 2.81681040576659
AILarvaLD50= 0.782909847702831
AIKOW= 5.73890177067369
AIKOC= 11.4248018083163
AIHalfLife= 2.52073700539768
EAppRate= 0
