ICQueenStrength= 5.93317113490775
RQWkrDrnRatio= 4.94918833579868
ICDroneMiteSurvivorship= 0.0518415821716189
ICWorkerMiteSurvivorship= 98.9575516665354
ICForagerLifespan= 14.7673908527941
ImmType= Exponential
AIAdultSlope= 1.77575758104678
AIAdultLD50= 0.06445982248988
AIAdultSlopeContact= 2.02573339593597
AIAdultLD50Contact= 0.0172338032862172
AILarvaSlope= 3.19160015573725
AILarvaLD50= 0.405075269658119
AIKOW= 6.94782426720485
AIKOC= 26.8786483164877
AIHalfLife= 1.55138276866637
EAppRate= 0
