ICQueenStrength= 2.67240294627845
RQWkrDrnRatio= 2.89568984135985
ICDroneMiteSurvivorship= 82.6759069459513
ICWorkerMiteSurvivorship= 35.4026426095515
ICForagerLifespan= 14.3618931835517
ImmType= Logarithmic
AIAdultSlope= 0.804640718270093
AIAdultLD50= 0.341482158866711
AIAdultSlopeContact= 2.90743504228536
AIAdultLD50Contact= 0.0426717094727792
AILarvaSlope= 3.04139272430912
AILarvaLD50= 0.630399633175693
AIKOW= 5.57761571742594
AIKOC= 20.8805246872362
AIHalfLife= 3.58013780205511
EAppRate= 0
