ICQueenStrength= 5.21974770841189
RQWkrDrnRatio= 4.95953319408
ICDroneMiteSurvivorship= 23.2283701421693
ICWorkerMiteSurvivorship= 5.70628845598549
ICForagerLifespan= 8.14352860487998
ImmType= Cosine
AIAdultSlope= 2.03088870396372
AIAdultLD50= 0.125254549318925
AIAdultSlopeContact= 2.94527075617807
AIAdultLD50Contact= 0.0259657422662713
AILarvaSlope= 1.47596713672392
AILarvaLD50= 0.23115423261188
AIKOW= 7.91860523959622
AIKOC= 18.6630652763415
AIHalfLife= 2.57163565023802
EAppRate= 0
