ICQueenStrength= 1.32299259328283
RQWkrDrnRatio= 4.57369255553931
ICDroneMiteSurvivorship= 4.73259924910963
ICWorkerMiteSurvivorship= 60.9786050627008
ICForagerLifespan= 7.3020038548857
ImmType= Tangent
AIAdultSlope= 4.4410413922742
AIAdultLD50= 0.265780203975737
AIAdultSlopeContact= 3.12459196236217
AIAdultLD50Contact= 0.011948420770932
AILarvaSlope= 1.16020187893882
AILarvaLD50= 0.709886418515816
AIKOW= 4.76464674528688
AIKOC= 14.6667157951742
AIHalfLife= 0.818055607378483
EAppRate= 0
