ICQueenStrength= 5.23975326935761
RQWkrDrnRatio= 4.04836411587894
ICDroneMiteSurvivorship= 23.2314816908911
ICWorkerMiteSurvivorship= 45.336299110204
ICForagerLifespan= 12.9687020545825
ImmType= Exponential
AIAdultSlope= 3.14295881427824
AIAdultLD50= 0.276720203924924
AIAdultSlopeContact= 3.77425954891602
AIAdultLD50Contact= 0.0403907960862853
AILarvaSlope= 3.03494910243899
AILarvaLD50= 0.160509859328158
AIKOW= 7.75047976151109
AIKOC= 5.52194777526893
AIHalfLife= 1.78053143317811
EAppRate= 0
