ICQueenStrength= 1.23204705561511
RQWkrDrnRatio= 3.39787660818547
ICDroneMiteSurvivorship= 80.2582749165595
ICWorkerMiteSurvivorship= 86.5237666992471
ICForagerLifespan= 8.83412243612111
ImmType= Polynomial
AIAdultSlope= 0.196455843849108
AIAdultLD50= 0.16697046381887
AIAdultSlopeContact= 3.33618319876492
AIAdultLD50Contact= 0.0143391757388599
AILarvaSlope= 1.45250128530897
AILarvaLD50= 0.865138868219219
AIKOW= 6.89392647845671
AIKOC= 7.60791691252962
AIHalfLife= 1.018327268539
EAppRate= 0
