ICQueenStrength= 3.70871135871857
RQWkrDrnRatio= 3.91253575962037
ICDroneMiteSurvivorship= 51.4285961864516
ICWorkerMiteSurvivorship= 62.7082363935187
ICForagerLifespan= 12.4558238238096
ImmType= Cosine
AIAdultSlope= 3.4209558886732
AIAdultLD50= 0.416602383949794
AIAdultSlopeContact= 2.45677575382171
AIAdultLD50Contact= 0.00781526165083051
AILarvaSlope= 1.78970876005478
AILarvaLD50= 0.681592675508
AIKOW= 5.99679043143988
AIKOC= 28.6552955408115
AIHalfLife= 3.52287221467122
EAppRate= 0
