ICQueenStrength= 4.01301780738868
RQWkrDrnRatio= 3.43285706173629
ICDroneMiteSurvivorship= 45.2276592375711
ICWorkerMiteSurvivorship= 26.997549738735
ICForagerLifespan= 9.8525388147682
ImmType= Sine
AIAdultSlope= 0.846777456009295
AIAdultLD50= 0.243464402272366
AIAdultSlopeContact= 1.69196198899532
AIAdultLD50Contact= 0.00196097570005804
AILarvaSlope= 0.622721465677023
AILarvaLD50= 0.157159324293025
AIKOW= 3.7071899427101
AIKOC= 15.2850656956434
AIHalfLife= 3.74703428940848
EAppRate= 0
