ICQueenStrength= 1.08161317557096
RQWkrDrnRatio= 4.61248577386141
ICDroneMiteSurvivorship= 69.3786701653153
ICWorkerMiteSurvivorship= 94.9674290139228
ICForagerLifespan= 10.9853231636807
ImmType= Logarithmic
AIAdultSlope= 6.86756510986015
AIAdultLD50= 0.379665109445341
AIAdultSlopeContact= 1.37565699019236
AIAdultLD50Contact= 0.0469658188754693
AILarvaSlope= 2.02584347454831
AILarvaLD50= 0.522364915860817
AIKOW= 5.47211264912039
AIKOC= 13.1045942031778
AIHalfLife= 0.367122881580144
EAppRate= 0
