ICQueenStrength= 5.42739565740339
RQWkrDrnRatio= 2.43203943967819
ICDroneMiteSurvivorship= 71.5301543939859
ICWorkerMiteSurvivorship= 17.1698174439371
ICForagerLifespan= 9.99998215492815
ImmType= Exponential
AIAdultSlope= 1.70687613047194
AIAdultLD50= 0.404044990194961
AIAdultSlopeContact= 3.59989570443984
AIAdultLD50Contact= 0.0276975193526596
AILarvaSlope= 2.19405634021386
AILarvaLD50= 0.69467942789197
AIKOW= 6.56889271875843
AIKOC= 13.6463760177139
AIHalfLife= 1.26880485797301
EAppRate= 0
