ICQueenStrength= 5.32410925393924
RQWkrDrnRatio= 1.49907533451915
ICDroneMiteSurvivorship= 99.2070264182985
ICWorkerMiteSurvivorship= 38.1072027375922
ICForagerLifespan= 9.9190980270505
ImmType= Tangent
AIAdultSlope= 1.55913663562387
AIAdultLD50= 0.433832298032939
AIAdultSlopeContact= 0.800008254298009
AIAdultLD50Contact= 0.0487105462001637
AILarvaSlope= 3.19070622324944
AILarvaLD50= 0.830208195140585
AIKOW= 5.57223807275295
AIKOC= 20.676574211102
AIHalfLife= 0.659106203820556
EAppRate= 0
