ICQueenStrength= 5.50868804357015
RQWkrDrnRatio= 1.13981163408607
ICDroneMiteSurvivorship= 48.7455327762291
ICWorkerMiteSurvivorship= 76.1008541565388
ICForagerLifespan= 5.67741368152201
ImmType= Logarithmic
RQQueenStrength= 4.56263119610958
RQEnableReQueen= true
AIAdultSlope= 3.2935509160161
AIAdultLD50= 17.15058474589
AIAdultSlopeContact= 7.78110873582773
AIAdultLD50Contact= 89.8225027426495
AILarvaSlope= 2.73582608439028
AILarvaLD50= 3.63231964915642
AIKOW= 23862.6466134441
AIKOC= 6689.29051713389
AIHalfLife= 0.476206012908369
EAppRate= 8.23173633995769
AIContactFactor= 1.50694638088346
CL4Pollen= 0.988475703634322
CL4Nectar= 66.1420511780307
CL5Pollen= 2.73507920466363
CL5Nectar= 115.959945658688
CLDPollen= 3.93100740993395
CLDNectar= 40.3290286660194
CA13Pollen= 2.91752608753741
CA13Nectar= 75.000960174948
CA410Pollen= 3.43808636455797
CA410Nectar= 63.1860838178545
CA1120Pollen= 2.21396038611419
CA1120Nectar= 31.9032541662455
IPollenTrips= 9.0875165630132
INectarTrips= 14.4898155820556
IPollenLoad= 5.70155607303604
INectarLoad= 3.99936413858086
