ICQueenStrength= 2.50075000710785
RQWkrDrnRatio= 1.36885325796902
ICDroneMiteSurvivorship= 39.2733825370669
ICWorkerMiteSurvivorship= 35.053973691538
ICForagerLifespan= 8.83945134840906
ImmType= Sine
AIAdultSlope= 3.67048488697037
AIAdultLD50= 0.480746275861748
AIAdultSlopeContact= 1.84685843252577
AIAdultLD50Contact= 0.0222985880449414
AILarvaSlope= 4.36736787669361
AILarvaLD50= 0.609640449355356
AIKOW= 7.33349977899343
AIKOC= 6.07198556070216
AIHalfLife= 4.76899406057782
EAppRate= 0
