ICQueenStrength= 5.56408412195742
RQWkrDrnRatio= 3.49425142630935
ICDroneMiteSurvivorship= 45.4829155700281
ICWorkerMiteSurvivorship= 96.9643717631698
ICForagerLifespan= 10.9262623935938
ImmType= Tangent
AIAdultSlope= 5.16922598239034
AIAdultLD50= 0.475702266092412
AIAdultSlopeContact= 2.16315501676407
AIAdultLD50Contact= 0.0412343053845689
AILarvaSlope= 0.576786853093654
AILarvaLD50= 0.648078817524947
AIKOW= 2.70540049811825
AIKOC= 29.0445632080082
AIHalfLife= 3.22064194711857
EAppRate= 0
