ICQueenStrength= 2.6306269436609
RQWkrDrnRatio= 1.31841141823679
ICDroneMiteSurvivorship= 82.1936940541491
ICWorkerMiteSurvivorship= 98.7299631116912
ICForagerLifespan= 14.5591634847224
ImmType= Cosine
AIAdultSlope= 0.77491577481851
AIAdultLD50= 0.418213884346187
AIAdultSlopeContact= 2.37077838881174
AIAdultLD50Contact= 0.0224347291165032
AILarvaSlope= 2.2806433991529
AILarvaLD50= 0.662178391520865
AIKOW= 2.80724013969302
AIKOC= 12.6670210750308
AIHalfLife= 4.16555166942999
EAppRate= 0
