ICQueenStrength= 2.88130741240457
RQWkrDrnRatio= 2.53343358822167
ICDroneMiteSurvivorship= 43.9830675022677
ICWorkerMiteSurvivorship= 78.2416731817648
ICForagerLifespan= 8.25377866625786
ImmType= Sine
AIAdultSlope= 0.283127096481621
AIAdultLD50= 0.380310520296916
AIAdultSlopeContact= 0.166429059156217
AIAdultLD50Contact= 0.0100180375855416
AILarvaSlope= 3.15378246176988
AILarvaLD50= 0.419143803371117
AIKOW= 7.21584212966263
AIKOC= 29.3314154213294
AIHalfLife= 0.569624630734324
EAppRate= 0
