ICQueenStrength= 1.78548078541644
RQWkrDrnRatio= 1.18609897047281
ICDroneMiteSurvivorship= 21.0523772519082
ICWorkerMiteSurvivorship= 54.5391711872071
ICForagerLifespan= 7.00392396282405
ImmType= Sine
AIAdultSlope= 6.06090770335868
AIAdultLD50= 0.0022936025634408
AIAdultSlopeContact= 0.709214026525151
AIAdultLD50Contact= 0.016388008184731
AILarvaSlope= 6.02932331850752
AILarvaLD50= 0.359550724457949
AIKOW= 4.39561883173883
AIKOC= 5.09960511815734
AIHalfLife= 0.255879408214241
EAppRate= 0
