ICQueenStrength= 5.90029873792082
RQWkrDrnRatio= 4.45649499353021
ICDroneMiteSurvivorship= 30.7052156655118
ICWorkerMiteSurvivorship= 98.2866258593276
ICForagerLifespan= 6.99974484369159
ImmType= Polynomial
AIAdultSlope= 1.69561038263608
AIAdultLD50= 0.0433529663132504
AIAdultSlopeContact= 2.44258092860458
AIAdultLD50Contact= 0.0232221084530465
AILarvaSlope= 0.593340643448755
AILarvaLD50= 0.627822297485545
AIKOW= 7.22164960671216
AIKOC= 20.006063086912
AIHalfLife= 2.72582967067137
EAppRate= 0
