ICQueenStrength= 3.86118930671364
RQWkrDrnRatio= 3.12417970970273
ICDroneMiteSurvivorship= 84.1856391634792
ICWorkerMiteSurvivorship= 92.4891076283529
ICForagerLifespan= 6.48171016946435
ImmType= Logarithmic
AIAdultSlope= 1.41928929051384
AIAdultLD50= 0.343458780669607
AIAdultSlopeContact= 2.04909297499107
AIAdultLD50Contact= 0.00266910714562982
AILarvaSlope= 1.59094970147125
AILarvaLD50= 0.699551613209769
AIKOW= 6.21599012147635
AIKOC= 18.1637696293183
AIHalfLife= 1.72529237926938
EAppRate= 0
