ICQueenStrength= 5.50472838361748
RQWkrDrnRatio= 2.5597700048238
ICDroneMiteSurvivorship= 42.1665408648551
ICWorkerMiteSurvivorship= 43.1513093644753
ICForagerLifespan= 15.7940785717219
ImmType= Polynomial
AIAdultSlope= 1.03855823050719
AIAdultLD50= 0.275655264267698
AIAdultSlopeContact= 0.0981144689605571
AIAdultLD50Contact= 0.0436194810317829
AILarvaSlope= 0.275238908454776
AILarvaLD50= 0.797079202299938
AIKOW= 2.91181409498677
AIKOC= 14.7101593622938
AIHalfLife= 4.00792590226047
EAppRate= 0
