ICQueenStrength= 1.12305796612054
RQWkrDrnRatio= 1.57444658037275
ICDroneMiteSurvivorship= 66.1333626601845
ICWorkerMiteSurvivorship= 59.1021478874609
ICForagerLifespan= 11.9266995564103
ImmType= Polynomial
AIAdultSlope= 2.50248600263149
AIAdultLD50= 0.416571682086214
AIAdultSlopeContact= 1.69836246135179
AIAdultLD50Contact= 0.0248572525917552
AILarvaSlope= 2.58628243464045
AILarvaLD50= 0.852201246866025
AIKOW= 3.69481674069539
AIKOC= 15.5752541450784
AIHalfLife= 2.78975658933632
EAppRate= 0
