ICQueenStrength= 4.18029145011678
RQWkrDrnRatio= 1.24935478810221
ICDroneMiteSurvivorship= 79.8538031056523
ICWorkerMiteSurvivorship= 7.98155050724745
ICForagerLifespan= 13.6421929504722
ImmType= Exponential
AIAdultSlope= 0.721778776897118
AIAdultLD50= 0.437975597335026
AIAdultSlopeContact= 2.73924333222443
AIAdultLD50Contact= 0.0492350772954524
AILarvaSlope= 2.43938123113476
AILarvaLD50= 0.75618470243644
AIKOW= 5.65238882880658
AIKOC= 21.0539457399864
AIHalfLife= 3.9588918897789
EAppRate= 0
