ICQueenStrength= 4.09132965281606
RQWkrDrnRatio= 4.35331782046705
ICDroneMiteSurvivorship= 94.0820102347061
ICWorkerMiteSurvivorship= 64.0455102780834
ICForagerLifespan= 6.48113688081503
ImmType= Sine
AIAdultSlope= 7.03701713820919
AIAdultLD50= 0.289551818743348
AIAdultSlopeContact= 2.83291450203164
AIAdultLD50Contact= 0.0438734892406501
AILarvaSlope= 9.09197715111077
AILarvaLD50= 0.499415162717924
AIKOW= 3.54813216393813
AIKOC= 7.84907830064185
AIHalfLife= 4.35900372569449
EAppRate= 0
