ICQueenStrength= 1.94070561928675
RQWkrDrnRatio= 3.75511840265244
ICDroneMiteSurvivorship= 58.7103378260508
ICWorkerMiteSurvivorship= 66.5564147057012
ICForagerLifespan= 7.05560837034136
ImmType= Polynomial
AIAdultSlope= 1.66272255171323
AIAdultLD50= 0.355807823245414
AIAdultSlopeContact= 3.84215951866703
AIAdultLD50Contact= 0.0104997216025367
AILarvaSlope= 2.23952077156864
AILarvaLD50= 0.297907499503344
AIKOW= 7.98989504156634
AIKOC= 8.24110443471
AIHalfLife= 4.81600206927396
EAppRate= 0
