ICQueenStrength= 2.65599034982733
RQWkrDrnRatio= 1.25368412118405
ICDroneMiteSurvivorship= 30.1388969644904
ICWorkerMiteSurvivorship= 30.0864026881754
ICForagerLifespan= 7.88781164772809
ImmType= Cosine
AIAdultSlope= 8.95477678859606
AIAdultLD50= 0.423120732419193
AIAdultSlopeContact= 3.10022530558985
AIAdultLD50Contact= 0.0372333877021447
AILarvaSlope= 2.15179390679114
AILarvaLD50= 0.660385414632037
AIKOW= 5.19132664334029
AIKOC= 28.0446058791131
AIHalfLife= 0.441881328588352
EAppRate= 0
