ICQueenStrength= 4.71599471895024
RQWkrDrnRatio= 1.40098269283772
ICDroneMiteSurvivorship= 42.6497870124876
ICWorkerMiteSurvivorship= 43.2681956561282
ICForagerLifespan= 6.95948699023575
ImmType= Logarithmic
AIAdultSlope= 1.38063717626967
AIAdultLD50= 0.173317588516511
AIAdultSlopeContact= 3.61250572381541
AIAdultLD50Contact= 0.0373539505177177
AILarvaSlope= 2.95995321669616
AILarvaLD50= 0.850331274862401
AIKOW= 7.82504766993225
AIKOC= 19.9836282711476
AIHalfLife= 4.89630996598862
EAppRate= 0
