ICQueenStrength= 5.36244881944731
RQWkrDrnRatio= 2.40703062340617
ICDroneMiteSurvivorship= 30.5662708589807
ICWorkerMiteSurvivorship= 20.8759791916236
ICForagerLifespan= 12.8813994675875
ImmType= Sine
AIAdultSlope= 3.36250372231007
AIAdultLD50= 0.328758584801108
AIAdultSlopeContact= 3.21826472705696
AIAdultLD50Contact= 0.00760386143811047
AILarvaSlope= 4.37183723552153
AILarvaLD50= 0.782542002853006
AIKOW= 2.99452896462753
AIKOC= 11.1746252817102
AIHalfLife= 2.60058428742923
EAppRate= 0
