ICQueenStrength= 4.93584868055768
RQWkrDrnRatio= 4.54918509721756
ICDroneMiteSurvivorship= 89.5661305636168
ICWorkerMiteSurvivorship= 19.9886575341225
ICForagerLifespan= 4.33945222012699
ImmType= Sine
AIAdultSlope= 1.33156223194906
AIAdultLD50= 0.453001397312619
AIAdultSlopeContact= 0.235901332770009
AIAdultLD50Contact= 0.0177764248219319
AILarvaSlope= 0.771034524589777
AILarvaLD50= 0.559758851747029
AIKOW= 7.28968309378251
AIKOC= 12.1936731634196
AIHalfLife= 0.819764196639881
EAppRate= 0
