ICQueenStrength= 1.16991977230646
RQWkrDrnRatio= 4.54534377530217
ICDroneMiteSurvivorship= 39.8499103728682
ICWorkerMiteSurvivorship= 91.019562468864
ICForagerLifespan= 12.9110341193154
ImmType= Cosine
AIAdultSlope= 0.296051001681481
AIAdultLD50= 0.394186711171642
AIAdultSlopeContact= 2.75627542584669
AIAdultLD50Contact= 0.0396581688080914
AILarvaSlope= 2.92904201787896
AILarvaLD50= 0.765432319161482
AIKOW= 3.03197736339644
AIKOC= 18.9114919002168
AIHalfLife= 4.77763065253384
EAppRate= 0
