ICQueenStrength= 5.52381402254105
RQWkrDrnRatio= 2.78658223897219
ICDroneMiteSurvivorship= 61.8095855927095
ICWorkerMiteSurvivorship= 54.2013584170491
ICForagerLifespan= 5.33412277046591
ImmType= Exponential
AIAdultSlope= 3.46061954041943
AIAdultLD50= 0.370981406420469
AIAdultSlopeContact= 0.774277772828937
AIAdultLD50Contact= 0.0190944615285844
AILarvaSlope= 0.301640669163316
AILarvaLD50= 0.563037255476229
AIKOW= 3.46221021609381
AIKOC= 13.3026969747152
AIHalfLife= 2.15191951487213
EAppRate= 0
