ICQueenStrength= 3.50008236384019
RQWkrDrnRatio= 1.82995905913413
ICDroneMiteSurvivorship= 45.0279215117916
ICWorkerMiteSurvivorship= 67.9694430436939
ICForagerLifespan= 6.54551442619413
ImmType= Polynomial
AIAdultSlope= 2.41921998327598
AIAdultLD50= 0.0369953280314803
AIAdultSlopeContact= 1.50229893788695
AIAdultLD50Contact= 0.0163351923110895
AILarvaSlope= 2.76163754444569
AILarvaLD50= 0.155307993013412
AIKOW= 6.03917727153748
AIKOC= 23.0466289340984
AIHalfLife= 4.58542686305009
EAppRate= 0
