ICQueenStrength= 1.6027626642026
RQWkrDrnRatio= 1.2904329765588
ICDroneMiteSurvivorship= 1.93782693240792
ICWorkerMiteSurvivorship= 55.9123642044142
ICForagerLifespan= 12.360373236239
ImmType= Cosine
AIAdultSlope= 0.842051959661767
AIAdultLD50= 0.136179675697349
AIAdultSlopeContact= 3.85980685550021
AIAdultLD50Contact= 0.037104922789149
AILarvaSlope= 1.15356205110438
AILarvaLD50= 0.0233771191444248
AIKOW= 7.97195731196553
AIKOC= 18.7100836203899
AIHalfLife= 4.46215888601728
EAppRate= 0
