ICQueenStrength= 3.93450656230561
RQWkrDrnRatio= 4.41407683957368
ICDroneMiteSurvivorship= 45.4571145586669
ICWorkerMiteSurvivorship= 29.8754225019366
ICForagerLifespan= 7.02918352931738
ImmType= Logarithmic
AIAdultSlope= 0.326882407534868
AIAdultLD50= 0.48890926502645
AIAdultSlopeContact= 3.50003643853124
AIAdultLD50Contact= 0.0233086348860525
AILarvaSlope= 0.828690795693547
AILarvaLD50= 0.562353089125827
AIKOW= 4.00872022286057
AIKOC= 7.30721820844337
AIHalfLife= 1.69849855359644
EAppRate= 0
