ICQueenStrength= 2.57761243404821
RQWkrDrnRatio= 1.32282013539225
ICDroneMiteSurvivorship= 0.292771682143211
ICWorkerMiteSurvivorship= 2.66571082174778
ICForagerLifespan= 8.78505273256451
ImmType= Cosine
AIAdultSlope= 0.678771899547428
AIAdultLD50= 0.221395022119395
AIAdultSlopeContact= 2.23860920768464
AIAdultLD50Contact= 0.0135183971840888
AILarvaSlope= 2.02052117520943
AILarvaLD50= 0.564078085846268
AIKOW= 4.44412961602211
AIKOC= 17.0850405481178
AIHalfLife= 2.59098426322453
EAppRate= 0
