ICQueenStrength= 5.6480846661143
RQWkrDrnRatio= 1.01400727685541
ICDroneMiteSurvivorship= 98.367362935096
ICWorkerMiteSurvivorship= 62.7993050031364
ICForagerLifespan= 7.6188017744571
ImmType= Sine
AIAdultSlope= 2.37794290529564
AIAdultLD50= 0.189162035705522
AIAdultSlopeContact= 0.666617424055003
AIAdultLD50Contact= 0.00886951599968597
AILarvaSlope= 1.59153425418772
AILarvaLD50= 0.151184203731827
AIKOW= 6.27830951707438
AIKOC= 28.156960029155
AIHalfLife= 3.72923949034885
EAppRate= 0
