ICQueenStrength= 4.14171974896453
RQWkrDrnRatio= 1.94883807469159
ICDroneMiteSurvivorship= 9.33066324796528
ICWorkerMiteSurvivorship= 69.2678501596674
ICForagerLifespan= 14.5077122421935
ImmType= Polynomial
AIAdultSlope= 5.42287143645808
AIAdultLD50= 0.0387714353855699
AIAdultSlopeContact= 3.12147042240249
AIAdultLD50Contact= 0.0425054562278092
AILarvaSlope= 5.17127165338024
AILarvaLD50= 0.761585137923248
AIKOW= 5.84846676373854
AIKOC= 27.7653927518986
AIHalfLife= 2.65420819749124
EAppRate= 0
