ICQueenStrength= 2.93832212593406
RQWkrDrnRatio= 4.62214164063334
ICDroneMiteSurvivorship= 59.8521866602823
ICWorkerMiteSurvivorship= 80.926802335307
ICForagerLifespan= 4.36572154611349
ImmType= Exponential
AIAdultSlope= 3.77601137599675
AIAdultLD50= 0.490210571442731
AIAdultSlopeContact= 1.41207885042764
AIAdultLD50Contact= 0.0324764623539522
AILarvaSlope= 1.76419804282486
AILarvaLD50= 0.0202478137565777
AIKOW= 2.43700041109696
AIKOC= 17.1154810010921
AIHalfLife= 4.57335556042381
EAppRate= 0
