ICQueenStrength= 5.51969712972641
RQWkrDrnRatio= 2.53638659603894
ICDroneMiteSurvivorship= 53.4721557516605
ICWorkerMiteSurvivorship= 7.26255874615163
ICForagerLifespan= 12.5705262320116
ImmType= Cosine
AIAdultSlope= 2.85900398390368
AIAdultLD50= 0.176563336397521
AIAdultSlopeContact= 0.148632082887925
AIAdultLD50Contact= 0.0146495641907677
AILarvaSlope= 2.00099201626144
AILarvaLD50= 0.418861920386553
AIKOW= 3.5554204438813
AIKOC= 27.9322065948509
AIHalfLife= 1.6467738407664
EAppRate= 0
