ICQueenStrength= 4.40190818882547
RQWkrDrnRatio= 3.98761470615864
ICDroneMiteSurvivorship= 96.171442954801
ICWorkerMiteSurvivorship= 7.51528094988316
ICForagerLifespan= 15.3734047990292
ImmType= Polynomial
AIAdultSlope= 1.85464113804046
AIAdultLD50= 0.115832994342782
AIAdultSlopeContact= 2.47597659442574
AIAdultLD50Contact= 0.0136626244173385
AILarvaSlope= 0.592350385710597
AILarvaLD50= 0.868093021796085
AIKOW= 4.38416703557596
AIKOC= 9.16581696481444
AIHalfLife= 2.01406019390561
EAppRate= 0
