ICQueenStrength= 1.23938049678691
RQWkrDrnRatio= 2.54207077156752
ICDroneMiteSurvivorship= 23.4749560477212
ICWorkerMiteSurvivorship= 6.93107377737761
ICForagerLifespan= 15.1587478714064
ImmType= Tangent
AIAdultSlope= 1.9053822109988
AIAdultLD50= 0.387768843094818
AIAdultSlopeContact= 0.99202554339543
AIAdultLD50Contact= 0.0316473071929067
AILarvaSlope= 0.961427769996226
AILarvaLD50= 0.303488593082875
AIKOW= 5.26892165513709
AIKOC= 9.55455065239221
AIHalfLife= 1.69477330637164
EAppRate= 0
