ICQueenStrength= 5.20401710085571
RQWkrDrnRatio= 4.05410770419985
ICDroneMiteSurvivorship= 63.0334609886631
ICWorkerMiteSurvivorship= 29.1877685114741
ICForagerLifespan= 7.08653032034636
ImmType= Cosine
AIAdultSlope= 0.544440819367301
AIAdultLD50= 0.290561187197454
AIAdultSlopeContact= 3.25685331207002
AIAdultLD50Contact= 0.0458579987403937
AILarvaSlope= 2.03045995910652
AILarvaLD50= 0.823595298291184
AIKOW= 7.65899571264163
AIKOC= 21.7868093587458
AIHalfLife= 4.10670092096552
EAppRate= 0
