ICQueenStrength= 1.20737205049954
RQWkrDrnRatio= 3.30148677434772
ICDroneMiteSurvivorship= 48.1014725985005
ICWorkerMiteSurvivorship= 87.1956327697262
ICForagerLifespan= 5.22144903708249
ImmType= Tangent
AIAdultSlope= 1.31710774292937
AIAdultLD50= 0.408248045248911
AIAdultSlopeContact= 2.81761061962461
AIAdultLD50Contact= 0.0169838914531283
AILarvaSlope= 0.10282795666717
AILarvaLD50= 0.800559002207592
AIKOW= 2.4138728431426
AIKOC= 21.2869536259677
AIHalfLife= 0.761873656883836
EAppRate= 0
