ICQueenStrength= 3.6908980042208
RQWkrDrnRatio= 4.64797476120293
ICDroneMiteSurvivorship= 89.5727629773319
ICWorkerMiteSurvivorship= 39.0519018750638
ICForagerLifespan= 15.1654323972762
ImmType= Tangent
AIAdultSlope= 1.83427709642099
AIAdultLD50= 0.357947789132595
AIAdultSlopeContact= 2.97173188556917
AIAdultLD50Contact= 0.0441386585473083
AILarvaSlope= 1.26394072510302
AILarvaLD50= 0.758817899948917
AIKOW= 4.64498241525143
AIKOC= 23.7557195953559
AIHalfLife= 3.23444824200124
EAppRate= 0
