ICQueenStrength= 5.83970923931338
RQWkrDrnRatio= 2.60551165509969
ICDroneMiteSurvivorship= 87.7596932230517
ICWorkerMiteSurvivorship= 9.72544627729803
ICForagerLifespan= 11.6605515526608
ImmType= Polynomial
AIAdultSlope= 8.62226439639926
AIAdultLD50= 0.143162523396313
AIAdultSlopeContact= 2.45347749885405
AIAdultLD50Contact= 0.0381483084056526
AILarvaSlope= 3.7889217864722
AILarvaLD50= 0.417316838284023
AIKOW= 4.405148264952
AIKOC= 29.7612717619631
AIHalfLife= 0.861602713121101
EAppRate= 0
