ICQueenStrength= 5.68826019205153
RQWkrDrnRatio= 3.5722220512107
ICDroneMiteSurvivorship= 79.407309461385
ICWorkerMiteSurvivorship= 77.1047619869933
ICForagerLifespan= 9.06990590877831
ImmType= Logarithmic
AIAdultSlope= 7.22891695098951
AIAdultLD50= 0.397166086011566
AIAdultSlopeContact= 3.34063748736167
AIAdultLD50Contact= 0.013952730584424
AILarvaSlope= 7.93790093623102
AILarvaLD50= 0.194912420329638
AIKOW= 4.01435146480799
AIKOC= 12.6274018210825
AIHalfLife= 0.677836297545582
EAppRate= 0
