ICQueenStrength= 1.03471518401057
RQWkrDrnRatio= 2.79280377458781
ICDroneMiteSurvivorship= 86.3316884497181
ICWorkerMiteSurvivorship= 92.302924930118
ICForagerLifespan= 10.1290735052899
ImmType= Polynomial
AIAdultSlope= 1.21951896831393
AIAdultLD50= 0.286931815790012
AIAdultSlopeContact= 3.05193817076739
AIAdultLD50Contact= 0.00323524298146367
AILarvaSlope= 3.33960189102218
AILarvaLD50= 0.622152349655516
AIKOW= 3.40536056831479
AIKOC= 15.7040807546582
AIHalfLife= 0.337046437198296
EAppRate= 0
