ICQueenStrength= 2.24349163961597
RQWkrDrnRatio= 2.99527051020414
ICDroneMiteSurvivorship= 93.658276530914
ICWorkerMiteSurvivorship= 61.3645388511941
ICForagerLifespan= 6.12906764727086
ImmType= Sine
AIAdultSlope= 2.62362152105197
AIAdultLD50= 0.255141368252225
AIAdultSlopeContact= 2.85297326405067
AIAdultLD50Contact= 0.0321924555930309
AILarvaSlope= 8.15877591259778
AILarvaLD50= 0.492593433056027
AIKOW= 4.1799292229116
AIKOC= 12.6259862515144
AIHalfLife= 0.207764008082449
EAppRate= 0
