ICQueenStrength= 2.18144023814239
RQWkrDrnRatio= 4.25464336853474
ICDroneMiteSurvivorship= 65.4748113825917
ICWorkerMiteSurvivorship= 9.52170081436634
ICForagerLifespan= 11.8862313842401
ImmType= Tangent
AIAdultSlope= 5.96269711852074
AIAdultLD50= 0.204234536737204
AIAdultSlopeContact= 3.73622977847233
AIAdultLD50Contact= 0.0468461856245995
AILarvaSlope= 8.99820171529427
AILarvaLD50= 0.397330660815351
AIKOW= 6.65419797087088
AIKOC= 6.77698694169521
AIHalfLife= 1.08144091325812
EAppRate= 0
