ICQueenStrength= 2.04085370432585
RQWkrDrnRatio= 2.64830962475389
ICDroneMiteSurvivorship= 83.9558772975579
ICWorkerMiteSurvivorship= 15.3395023895428
ICForagerLifespan= 14.100660674274
ImmType= Logarithmic
AIAdultSlope= 1.1110587024386
AIAdultLD50= 0.158058827626519
AIAdultSlopeContact= 1.94255511505064
AIAdultLD50Contact= 0.0239925785223022
AILarvaSlope= 0.750585650326684
AILarvaLD50= 0.0246785831172019
AIKOW= 6.99298912007362
AIKOC= 22.789028637344
AIHalfLife= 2.0483740454074
EAppRate= 0
