ICQueenStrength= 2.38010899303481
RQWkrDrnRatio= 2.12018807511777
ICDroneMiteSurvivorship= 11.4109116373584
ICWorkerMiteSurvivorship= 44.3985290825367
ICForagerLifespan= 11.7493818392977
ImmType= Tangent
AIAdultSlope= 8.7026110268198
AIAdultLD50= 0.456799453590065
AIAdultSlopeContact= 3.30765836262144
AIAdultLD50Contact= 0.0404670106596313
AILarvaSlope= 0.734198146965355
AILarvaLD50= 0.689429026376456
AIKOW= 5.60138919623569
AIKOC= 21.9744169455953
AIHalfLife= 3.19402380730025
EAppRate= 0
