ICQueenStrength= 2.29636782919988
RQWkrDrnRatio= 4.01492307242006
ICDroneMiteSurvivorship= 37.7678475342691
ICWorkerMiteSurvivorship= 18.7347520375624
ICForagerLifespan= 9.35479027125984
ImmType= Polynomial
AIAdultSlope= 7.61591312941164
AIAdultLD50= 0.279201004537754
AIAdultSlopeContact= 0.555632036633324
AIAdultLD50Contact= 0.0046565308002755
AILarvaSlope= 5.0055255391635
AILarvaLD50= 0.461272346321493
AIKOW= 7.16515470901504
AIKOC= 6.41436872072518
AIHalfLife= 0.21854319726117
EAppRate= 0
