ICQueenStrength= 5.95049011195078
RQWkrDrnRatio= 2.28210885077715
ICDroneMiteSurvivorship= 86.2832436105236
ICWorkerMiteSurvivorship= 7.39080023486167
ICForagerLifespan= 9.35356394853443
ImmType= Exponential
AIAdultSlope= 7.13662239490077
AIAdultLD50= 0.302255585324019
AIAdultSlopeContact= 1.72616062352434
AIAdultLD50Contact= 0.0299293308518827
AILarvaSlope= 1.8182550188154
AILarvaLD50= 0.696396915894002
AIKOW= 2.61677842354402
AIKOC= 29.2908283311408
AIHalfLife= 0.0757764675654471
EAppRate= 0
