ICQueenStrength= 3.68210332724266
RQWkrDrnRatio= 1.54770644567907
ICDroneMiteSurvivorship= 45.8191251149401
ICWorkerMiteSurvivorship= 16.5114189498127
ICForagerLifespan= 9.58044915087521
ImmType= Tangent
AIAdultSlope= 0.851035029627383
AIAdultLD50= 0.333562947111204
AIAdultSlopeContact= 0.681505499230698
AIAdultLD50Contact= 0.0115819989703596
AILarvaSlope= 9.93489080807194
AILarvaLD50= 0.260760694602504
AIKOW= 4.1400449257344
AIKOC= 7.96787038096227
AIHalfLife= 0.295819187304005
EAppRate= 0
