ICQueenStrength= 4.9587407570798
RQWkrDrnRatio= 3.71390115749091
ICDroneMiteSurvivorship= 58.7939228862524
ICWorkerMiteSurvivorship= 40.2927634771913
ICForagerLifespan= 11.9640376856551
ImmType= Cosine
AIAdultSlope= 8.88575964840129
AIAdultLD50= 0.433767871931195
AIAdultSlopeContact= 2.14088966235286
AIAdultLD50Contact= 0.0181331220082939
AILarvaSlope= 3.49840651731938
AILarvaLD50= 0.820088668330573
AIKOW= 7.01561150513589
AIKOC= 14.3622022308409
AIHalfLife= 2.62417707010172
EAppRate= 0
