ICQueenStrength= 1.09341034456156
RQWkrDrnRatio= 1.08406088687479
ICDroneMiteSurvivorship= 46.9964067684487
ICWorkerMiteSurvivorship= 9.63872487191111
ICForagerLifespan= 10.7422136645764
ImmType= Exponential
AIAdultSlope= 9.9386066547595
AIAdultLD50= 0.216555210761726
AIAdultSlopeContact= 2.08166307923617
AIAdultLD50Contact= 0.0164776417659596
AILarvaSlope= 1.45983233246952
AILarvaLD50= 0.604408959299326
AIKOW= 4.67223221855238
AIKOC= 5.30447681201622
AIHalfLife= 3.95404445356689
EAppRate= 0
