ICQueenStrength= 2.71574549865909
RQWkrDrnRatio= 2.65956147946417
ICDroneMiteSurvivorship= 75.4895781865343
ICWorkerMiteSurvivorship= 71.9286375679076
ICForagerLifespan= 14.3657171698287
ImmType= Cosine
AIAdultSlope= 0.523507142099552
AIAdultLD50= 0.125560090877116
AIAdultSlopeContact= 2.67652643966256
AIAdultLD50Contact= 0.0410849406034686
AILarvaSlope= 3.17901233290322
AILarvaLD50= 0.105858167354017
AIKOW= 2.46798681933433
AIKOC= 17.7568665135186
AIHalfLife= 1.10122291836888
EAppRate= 0
