ICQueenStrength= 5.53677302808501
RQWkrDrnRatio= 4.3333024289459
ICDroneMiteSurvivorship= 74.8613195493817
ICWorkerMiteSurvivorship= 74.9699704349041
ICForagerLifespan= 15.2707626111805
ImmType= Logarithmic
AIAdultSlope= 3.15030304073822
AIAdultLD50= 0.0492070934269577
AIAdultSlopeContact= 3.13002283823211
AIAdultLD50Contact= 0.0111174210440367
AILarvaSlope= 0.568164236238226
AILarvaLD50= 0.539305397844873
AIKOW= 3.02370531624183
AIKOC= 11.7085912043694
AIHalfLife= 3.28302528476343
EAppRate= 0
