ICQueenStrength= 1.02160816453397
RQWkrDrnRatio= 4.22046066634357
ICDroneMiteSurvivorship= 72.8814397705719
ICWorkerMiteSurvivorship= 85.7101023895666
ICForagerLifespan= 14.1674837460741
ImmType= Exponential
AIAdultSlope= 8.05888262810186
AIAdultLD50= 0.102139222086407
AIAdultSlopeContact= 0.873460979342926
AIAdultLD50Contact= 0.0151319304015487
AILarvaSlope= 0.906553948298097
AILarvaLD50= 0.129970693937503
AIKOW= 2.8030165922828
AIKOC= 27.4710435664747
AIHalfLife= 1.15977497189306
EAppRate= 0
