ICQueenStrength= 5.39704707940109
RQWkrDrnRatio= 1.73698807694018
ICDroneMiteSurvivorship= 7.48494050931185
ICWorkerMiteSurvivorship= 95.8288917085156
ICForagerLifespan= 12.4127433365211
ImmType= Sine
AIAdultSlope= 2.56955512258457
AIAdultLD50= 0.205405788728967
AIAdultSlopeContact= 0.287044486678205
AIAdultLD50Contact= 0.0312938143964857
AILarvaSlope= 1.20923968446441
AILarvaLD50= 0.0238396681845188
AIKOW= 6.32160401251167
AIKOC= 12.593501865631
AIHalfLife= 4.74136579083279
EAppRate= 0
