ICQueenStrength= 5.04079996165819
RQWkrDrnRatio= 3.00696021411568
ICDroneMiteSurvivorship= 94.6578355738893
ICWorkerMiteSurvivorship= 62.4734777258709
ICForagerLifespan= 12.6545699490234
ImmType= Logarithmic
AIAdultSlope= 3.6410142085515
AIAdultLD50= 0.290375857730396
AIAdultSlopeContact= 2.49970037058927
AIAdultLD50Contact= 0.0135713403113186
AILarvaSlope= 8.4693525871262
AILarvaLD50= 0.0674210617085919
AIKOW= 3.99671999877319
AIKOC= 17.1464286989067
AIHalfLife= 3.60867078183219
EAppRate= 0
