ICQueenStrength= 2.31034059100784
RQWkrDrnRatio= 2.04870162531734
ICDroneMiteSurvivorship= 17.8417129442096
ICWorkerMiteSurvivorship= 60.349806281738
ICForagerLifespan= 12.6785880075768
ImmType= Sine
AIAdultSlope= 2.70890212152153
AIAdultLD50= 0.361201897263527
AIAdultSlopeContact= 3.44567564696772
AIAdultLD50Contact= 0.0318637048825622
AILarvaSlope= 9.94203658076003
AILarvaLD50= 0.791241109510884
AIKOW= 7.68705252138898
AIKOC= 15.2226377232
AIHalfLife= 1.82578240521252
EAppRate= 0
