ICQueenStrength= 4.72392203076743
RQWkrDrnRatio= 4.02415649872273
ICDroneMiteSurvivorship= 8.73516374267638
ICWorkerMiteSurvivorship= 11.1022480065003
ICForagerLifespan= 13.2197516718879
ImmType= Sine
AIAdultSlope= 2.34051848761737
AIAdultLD50= 0.260193101014011
AIAdultSlopeContact= 2.40091501395218
AIAdultLD50Contact= 0.0431758583872579
AILarvaSlope= 1.84902295977809
AILarvaLD50= 0.771640497702174
AIKOW= 5.03596558980644
AIKOC= 21.7846140509937
AIHalfLife= 3.05492467712611
EAppRate= 0
