ICQueenStrength= 5.98039659345523
RQWkrDrnRatio= 3.49119579046965
ICDroneMiteSurvivorship= 83.1351678585634
ICWorkerMiteSurvivorship= 98.8647073274478
ICForagerLifespan= 7.56030051037669
ImmType= Tangent
AIAdultSlope= 7.30603136122227
AIAdultLD50= 0.170239238650538
AIAdultSlopeContact= 0.873990692475345
AIAdultLD50Contact= 0.0414221544750035
AILarvaSlope= 0.506905184499919
AILarvaLD50= 0.203844108246267
AIKOW= 3.05333019187674
AIKOC= 23.6745026672725
AIHalfLife= 1.86529931728728
EAppRate= 0
