ICQueenStrength= 3.1089492959436
RQWkrDrnRatio= 2.05678000859916
ICDroneMiteSurvivorship= 27.8378376970068
ICWorkerMiteSurvivorship= 80.5115915136412
ICForagerLifespan= 10.8201288580894
ImmType= Exponential
AIAdultSlope= 2.64292296813335
AIAdultLD50= 0.149146650335751
AIAdultSlopeContact= 0.977412539203651
AIAdultLD50Contact= 0.0148618577630259
AILarvaSlope= 1.85332400677726
AILarvaLD50= 0.352317301277071
AIKOW= 4.17035265825689
AIKOC= 11.7320568137802
AIHalfLife= 0.0650237512309104
EAppRate= 0
