ICQueenStrength= 3.87822128506377
RQWkrDrnRatio= 2.42795372568071
ICDroneMiteSurvivorship= 5.94636965543032
ICWorkerMiteSurvivorship= 99.2425489472225
ICForagerLifespan= 15.2074953075498
ImmType= Polynomial
AIAdultSlope= 1.76743245637044
AIAdultLD50= 0.423424537293613
AIAdultSlopeContact= 2.85298104267335
AIAdultLD50Contact= 0.00194590883329511
AILarvaSlope= 1.8751200045459
AILarvaLD50= 0.431222954182886
AIKOW= 2.21935067186132
AIKOC= 28.5721936449409
AIHalfLife= 4.33085616561584
EAppRate= 0
