ICQueenStrength= 5.26381038152613
RQWkrDrnRatio= 2.28835562989116
ICDroneMiteSurvivorship= 51.530548161827
ICWorkerMiteSurvivorship= 54.2058367282152
ICForagerLifespan= 7.18152201548219
ImmType= Tangent
AIAdultSlope= 4.78840562980622
AIAdultLD50= 0.300477193435654
AIAdultSlopeContact= 2.035305219437
AIAdultLD50Contact= 0.0343422324862331
AILarvaSlope= 2.72423851070926
AILarvaLD50= 0.788947145850398
AIKOW= 7.7006750209257
AIKOC= 17.1718795853667
AIHalfLife= 4.5621656847652
EAppRate= 0
