ICQueenStrength= 4.15941672190093
RQWkrDrnRatio= 1.64289093296975
ICDroneMiteSurvivorship= 57.13540695142
ICWorkerMiteSurvivorship= 34.0510843554512
ICForagerLifespan= 15.4558146819472
ImmType= Sine
AIAdultSlope= 1.07784797128988
AIAdultLD50= 0.374726855428889
AIAdultSlopeContact= 1.53345299882116
AIAdultLD50Contact= 0.0256017640931532
AILarvaSlope= 1.93435078845359
AILarvaLD50= 0.305316442670301
AIKOW= 6.82826270489022
AIKOC= 9.03326138621196
AIHalfLife= 4.9808515177574
EAppRate= 0
