ICQueenStrength= 4.70952260331251
RQWkrDrnRatio= 1.4829173469916
ICDroneMiteSurvivorship= 76.1399074690416
ICWorkerMiteSurvivorship= 57.6903192093596
ICForagerLifespan= 9.98281608708203
ImmType= Tangent
AIAdultSlope= 6.26555202994496
AIAdultLD50= 0.286577325314283
AIAdultSlopeContact= 0.326361852963455
AIAdultLD50Contact= 0.00472056011203676
AILarvaSlope= 0.801532664196566
AILarvaLD50= 0.32165094113443
AIKOW= 4.68439252441749
AIKOC= 13.846044249367
AIHalfLife= 3.85357253020629
EAppRate= 0
