ICQueenStrength= 1.7041578204371
RQWkrDrnRatio= 4.45927787665278
ICDroneMiteSurvivorship= 64.2617812613025
ICWorkerMiteSurvivorship= 96.2984690442681
ICForagerLifespan= 11.0388927031308
ImmType= Sine
AIAdultSlope= 8.04419324034825
AIAdultLD50= 0.269322364940308
AIAdultSlopeContact= 2.5306307510566
AIAdultLD50Contact= 0.00524309634929523
AILarvaSlope= 2.50082543110475
AILarvaLD50= 0.145017907046713
AIKOW= 6.76740394113585
AIKOC= 18.3062067907304
AIHalfLife= 3.00226730410941
EAppRate= 0
