ICQueenStrength= 1.5109577102121
RQWkrDrnRatio= 1.12174499128014
ICDroneMiteSurvivorship= 78.2627500826493
ICWorkerMiteSurvivorship= 9.67479329556227
ICForagerLifespan= 12.0179067077115
ImmType= Polynomial
AIAdultSlope= 7.49550920445472
AIAdultLD50= 0.233600143925287
AIAdultSlopeContact= 2.2829346161359
AIAdultLD50Contact= 0.0312762962887064
AILarvaSlope= 2.91195169473067
AILarvaLD50= 0.0520695192972198
AIKOW= 4.31373019143939
AIKOC= 8.5777950368356
AIHalfLife= 3.46206872374751
EAppRate= 0
