ICQueenStrength= 2.29451323999092
RQWkrDrnRatio= 2.08359752874821
ICDroneMiteSurvivorship= 97.1456776373088
ICWorkerMiteSurvivorship= 1.57107659615576
ICForagerLifespan= 7.46022855490446
ImmType= Exponential
AIAdultSlope= 3.54665696066804
AIAdultLD50= 0.0417303841095418
AIAdultSlopeContact= 2.97342430102872
AIAdultLD50Contact= 0.00355354574276134
AILarvaSlope= 2.149517783802
AILarvaLD50= 0.658473849110305
AIKOW= 3.2671778621152
AIKOC= 19.4338215235621
AIHalfLife= 0.120069471886382
EAppRate= 0
