ICQueenStrength= 4.35361759061925
RQWkrDrnRatio= 2.74026191327721
ICDroneMiteSurvivorship= 24.6426091063768
ICWorkerMiteSurvivorship= 6.43671655561775
ICForagerLifespan= 15.5473429160193
ImmType= Polynomial
AIAdultSlope= 0.625951750057284
AIAdultLD50= 0.317534876405261
AIAdultSlopeContact= 3.03695917510428
AIAdultLD50Contact= 0.00306633765576407
AILarvaSlope= 2.59703703792766
AILarvaLD50= 0.287385983741842
AIKOW= 6.49887724686414
AIKOC= 24.0435003780294
AIHalfLife= 4.78855598601513
EAppRate= 0
