ICQueenStrength= 2.66826477856375
RQWkrDrnRatio= 2.09152257069945
ICDroneMiteSurvivorship= 92.7537128096446
ICWorkerMiteSurvivorship= 91.1652938462794
ICForagerLifespan= 11.3150656390935
ImmType= Cosine
AIAdultSlope= 9.63828114327043
AIAdultLD50= 0.490417636814527
AIAdultSlopeContact= 1.98665581637761
AIAdultLD50Contact= 0.0404372791876085
AILarvaSlope= 4.82037260662764
AILarvaLD50= 0.349843284906819
AIKOW= 7.06413845671341
AIKOC= 28.0306822631974
AIHalfLife= 4.16832249728031
EAppRate= 0
