ICQueenStrength= 2.86307657626458
RQWkrDrnRatio= 1.59183393977582
ICDroneMiteSurvivorship= 82.4916752753779
ICWorkerMiteSurvivorship= 59.5736423041672
ICForagerLifespan= 13.3398398775607
ImmType= Exponential
AIAdultSlope= 1.00658114352962
AIAdultLD50= 0.100056756171398
AIAdultSlopeContact= 2.6316232820414
AIAdultLD50Contact= 0.00119956192793325
AILarvaSlope= 2.71034127231687
AILarvaLD50= 0.411531917564571
AIKOW= 3.26836125133559
AIKOC= 14.4870392174926
AIHalfLife= 0.831601474201307
EAppRate= 0
