ICQueenStrength= 4.11698509496637
RQWkrDrnRatio= 4.49710091669112
ICDroneMiteSurvivorship= 15.6676229089499
ICWorkerMiteSurvivorship= 18.5273504117504
ICForagerLifespan= 15.4136809166521
ImmType= Polynomial
AIAdultSlope= 3.80859110355377
AIAdultLD50= 0.235178904957138
AIAdultSlopeContact= 2.39030084403232
AIAdultLD50Contact= 0.0336814407026395
AILarvaSlope= 3.04021668345667
AILarvaLD50= 0.740098255081102
AIKOW= 7.18329782178625
AIKOC= 24.2247001454234
AIHalfLife= 0.0890239723958075
EAppRate= 0
