ICQueenStrength= 3.71764304488897
RQWkrDrnRatio= 1.04603653587401
ICDroneMiteSurvivorship= 71.3864267570898
ICWorkerMiteSurvivorship= 30.6884213350713
ICForagerLifespan= 6.87821478582919
ImmType= Tangent
AIAdultSlope= 3.32177385454997
AIAdultLD50= 0.0118193798698485
AIAdultSlopeContact= 2.28267957229167
AIAdultLD50Contact= 0.00742212219629437
AILarvaSlope= 0.128487876849249
AILarvaLD50= 0.627598503185436
AIKOW= 2.34690097859129
AIKOC= 15.0783287896775
AIHalfLife= 3.38057804736309
EAppRate= 0
