ICQueenStrength= 5.23277176450938
RQWkrDrnRatio= 3.81012721825391
ICDroneMiteSurvivorship= 42.1448214678094
ICWorkerMiteSurvivorship= 40.4950140742585
ICForagerLifespan= 9.95520265866071
ImmType= Tangent
AIAdultSlope= 3.17322261016583
AIAdultLD50= 0.0473818863974884
AIAdultSlopeContact= 0.108942050028127
AIAdultLD50Contact= 0.00368211137829348
AILarvaSlope= 0.326312248129398
AILarvaLD50= 0.599522135197185
AIKOW= 7.70346920099109
AIKOC= 23.057491449872
AIHalfLife= 0.0829698843881488
EAppRate= 0
