ICQueenStrength= 5.48349898215383
RQWkrDrnRatio= 4.65374907106161
ICDroneMiteSurvivorship= 2.50598154962063
ICWorkerMiteSurvivorship= 67.4922921694815
ICForagerLifespan= 13.217871915549
ImmType= Cosine
AIAdultSlope= 2.36269040369662
AIAdultLD50= 0.218662213184871
AIAdultSlopeContact= 2.84454293718562
AIAdultLD50Contact= 0.0204383509117179
AILarvaSlope= 0.887378440704197
AILarvaLD50= 0.529617477860302
AIKOW= 5.09153327299282
AIKOC= 29.2648503161035
AIHalfLife= 1.12708227825351
EAppRate= 0
