ICQueenStrength= 5.70402865903452
RQWkrDrnRatio= 1.14192821178585
ICDroneMiteSurvivorship= 1.73330926336348
ICWorkerMiteSurvivorship= 56.0418309643865
ICForagerLifespan= 10.1662665298209
ImmType= Cosine
AIAdultSlope= 7.52305567031726
AIAdultLD50= 0.342131465440616
AIAdultSlopeContact= 1.45657913651783
AIAdultLD50Contact= 0.0481983993668109
AILarvaSlope= 3.10919176661409
AILarvaLD50= 0.322249996592291
AIKOW= 7.92350057419389
AIKOC= 11.1688016110566
AIHalfLife= 4.25325597752817
EAppRate= 0
