ICQueenStrength= 5.48725380701944
RQWkrDrnRatio= 4.7616051081568
ICDroneMiteSurvivorship= 28.6229808581993
ICWorkerMiteSurvivorship= 9.98840271495283
ICForagerLifespan= 10.581799544394
ImmType= Cosine
AIAdultSlope= 0.163434516352136
AIAdultLD50= 0.169228286365978
AIAdultSlopeContact= 0.392129389392212
AIAdultLD50Contact= 0.0307401428231969
AILarvaSlope= 0.0962636885698885
AILarvaLD50= 0.21187845999375
AIKOW= 3.60647372622043
AIKOC= 19.4723992445506
AIHalfLife= 3.08055065572262
EAppRate= 0
