ICQueenStrength= 5.03745166491717
RQWkrDrnRatio= 2.83115978818387
ICDroneMiteSurvivorship= 74.045142182149
ICWorkerMiteSurvivorship= 1.97231937199831
ICForagerLifespan= 5.50003809854388
ImmType= Sine
AIAdultSlope= 2.63797167921439
AIAdultLD50= 0.317272350890562
AIAdultSlopeContact= 1.48171476701042
AIAdultLD50Contact= 0.0245292511419393
AILarvaSlope= 2.12651164755225
AILarvaLD50= 0.769881626777351
AIKOW= 5.9886879529804
AIKOC= 26.4819490909576
AIHalfLife= 2.95835298951715
EAppRate= 0
