ICQueenStrength= 3.12950513348915
RQWkrDrnRatio= 3.8824275014922
ICDroneMiteSurvivorship= 30.0100605469197
ICWorkerMiteSurvivorship= 43.7406212324277
ICForagerLifespan= 6.64441751688719
ImmType= Exponential
AIAdultSlope= 6.01473620859906
AIAdultLD50= 0.454615782015026
AIAdultSlopeContact= 1.07405904179206
AIAdultLD50Contact= 0.0412796546122991
AILarvaSlope= 1.9105580215808
AILarvaLD50= 0.699874708335847
AIKOW= 4.02707258425653
AIKOC= 6.96935490821488
AIHalfLife= 3.45699134166352
EAppRate= 0
