ICQueenStrength= 3.77303080889396
RQWkrDrnRatio= 4.57964454218745
ICDroneMiteSurvivorship= 31.8058813223615
ICWorkerMiteSurvivorship= 85.5936178704724
ICForagerLifespan= 7.40084956027567
ImmType= Logarithmic
AIAdultSlope= 2.92872987512033
AIAdultLD50= 0.0371113773435354
AIAdultSlopeContact= 2.87584505547769
AIAdultLD50Contact= 0.041713943274226
AILarvaSlope= 3.1771685032174
AILarvaLD50= 0.248357341624796
AIKOW= 4.50149803375825
AIKOC= 6.98672890546732
AIHalfLife= 0.789204724133015
EAppRate= 0
