ICQueenStrength= 4.13340917928144
RQWkrDrnRatio= 4.21118599828333
ICDroneMiteSurvivorship= 32.9220055835322
ICWorkerMiteSurvivorship= 60.094702616334
ICForagerLifespan= 12.9698622077703
ImmType= Exponential
AIAdultSlope= 3.33694810979068
AIAdultLD50= 0.108651857241057
AIAdultSlopeContact= 0.83209008869715
AIAdultLD50Contact= 0.0451742748264223
AILarvaSlope= 0.865349076874554
AILarvaLD50= 0.63068486766424
AIKOW= 5.16793527733535
AIKOC= 21.0839094198309
AIHalfLife= 0.0566921464633197
EAppRate= 0
