ICQueenStrength= 4.26206040917896
RQWkrDrnRatio= 2.27518138941377
ICDroneMiteSurvivorship= 40.2289353311062
ICWorkerMiteSurvivorship= 10.6621830258518
ICForagerLifespan= 6.00083567947149
ImmType= Sine
AIAdultSlope= 1.54076562609058
AIAdultLD50= 0.203113057068549
AIAdultSlopeContact= 2.20142748554237
AIAdultLD50Contact= 0.012924878927879
AILarvaSlope= 1.49274979592301
AILarvaLD50= 0.175702534918673
AIKOW= 6.01063684793189
AIKOC= 18.1494730827399
AIHalfLife= 4.19997688615695
EAppRate= 0
