ICQueenStrength= 2.89122679643333
RQWkrDrnRatio= 1.68583005294204
ICDroneMiteSurvivorship= 44.6734272874892
ICWorkerMiteSurvivorship= 61.6451665060595
ICForagerLifespan= 14.0972407292575
ImmType= Tangent
AIAdultSlope= 3.59813652699813
AIAdultLD50= 0.375347663997672
AIAdultSlopeContact= 3.64258960420266
AIAdultLD50Contact= 0.0470372849958949
AILarvaSlope= 4.3202293664217
AILarvaLD50= 0.567183663742617
AIKOW= 6.04085086658597
AIKOC= 21.9612993020564
AIHalfLife= 2.35534359933808
EAppRate= 0
