ICQueenStrength= 1.85518556996249
RQWkrDrnRatio= 4.65060447249562
ICDroneMiteSurvivorship= 19.0000778762624
ICWorkerMiteSurvivorship= 45.3804996330291
ICForagerLifespan= 11.3436649218202
ImmType= Polynomial
AIAdultSlope= 1.6122605081345
AIAdultLD50= 0.496330509893596
AIAdultSlopeContact= 1.31477351377951
AIAdultLD50Contact= 0.0143339354894124
AILarvaSlope= 1.85221879016608
AILarvaLD50= 0.27174031091854
AIKOW= 2.5166300223209
AIKOC= 6.01357617531903
AIHalfLife= 2.89840972633101
EAppRate= 0
