ICQueenStrength= 2.71418239362538
RQWkrDrnRatio= 2.29949479363859
ICDroneMiteSurvivorship= 72.5386349717155
ICWorkerMiteSurvivorship= 87.0271070161834
ICForagerLifespan= 12.7264360962436
ImmType= Tangent
AIAdultSlope= 2.54029260106618
AIAdultLD50= 0.0958697432652116
AIAdultSlopeContact= 3.51707512581954
AIAdultLD50Contact= 0.00881991223432124
AILarvaSlope= 1.82504172064364
AILarvaLD50= 0.0377208856400102
AIKOW= 7.96254501026124
AIKOC= 6.126630831277
AIHalfLife= 2.74631692445837
EAppRate= 0
