ICQueenStrength= 5.41949727130122
RQWkrDrnRatio= 2.029456586577
ICDroneMiteSurvivorship= 69.3414818262681
ICWorkerMiteSurvivorship= 25.3629267215729
ICForagerLifespan= 14.3391673015431
ImmType= Cosine
AIAdultSlope= 3.46969357458875
AIAdultLD50= 0.237932276562788
AIAdultSlopeContact= 0.12848678334849
AIAdultLD50Contact= 0.0248940010904335
AILarvaSlope= 9.71516812685877
AILarvaLD50= 0.505098438612185
AIKOW= 6.02544213877991
AIKOC= 14.5832213992253
AIHalfLife= 4.73231936339289
EAppRate= 0
