ICQueenStrength= 3.55693818326108
RQWkrDrnRatio= 2.09177270159125
ICDroneMiteSurvivorship= 20.5585513729602
ICWorkerMiteSurvivorship= 35.742842592299
ICForagerLifespan= 13.7375482944772
ImmType= Cosine
AIAdultSlope= 3.07543537579477
AIAdultLD50= 0.050655742874369
AIAdultSlopeContact= 3.49323301046155
AIAdultLD50Contact= 0.00699004412163049
AILarvaSlope= 7.66912020510063
AILarvaLD50= 0.0220513535197824
AIKOW= 5.18684594752267
AIKOC= 24.527707179077
AIHalfLife= 2.77507964405231
EAppRate= 0
