ICQueenStrength= 2.86098932637833
RQWkrDrnRatio= 3.06778717134148
ICDroneMiteSurvivorship= 2.46116085909307
ICWorkerMiteSurvivorship= 97.3286316497251
ICForagerLifespan= 11.0139574101195
ImmType= Exponential
AIAdultSlope= 1.65113216693513
AIAdultLD50= 0.12060460948851
AIAdultSlopeContact= 2.66541468952317
AIAdultLD50Contact= 0.0376180893741548
AILarvaSlope= 2.01095220567659
AILarvaLD50= 0.543759805848822
AIKOW= 5.05748151615262
AIKOC= 26.6992677655071
AIHalfLife= 0.747339435620233
EAppRate= 0
