ICQueenStrength= 5.59952488541603
RQWkrDrnRatio= 4.7840453889221
ICDroneMiteSurvivorship= 59.8504064138979
ICWorkerMiteSurvivorship= 11.9776367209852
ICForagerLifespan= 12.6274993186817
ImmType= Polynomial
AIAdultSlope= 0.471147107267752
AIAdultLD50= 0.110179238487035
AIAdultSlopeContact= 0.679098300542682
AIAdultLD50Contact= 0.00906621867325157
AILarvaSlope= 2.8988457174506
AILarvaLD50= 0.154507282585837
AIKOW= 2.94097803579643
AIKOC= 28.1565346126445
AIHalfLife= 3.19473815849051
EAppRate= 0
