ICQueenStrength= 5.12194384960458
RQWkrDrnRatio= 1.51593752205372
ICDroneMiteSurvivorship= 0.609543523751199
ICWorkerMiteSurvivorship= 42.1617388958111
ICForagerLifespan= 14.4210664471611
ImmType= Sine
AIAdultSlope= 0.456240830426104
AIAdultLD50= 0.460657778079621
AIAdultSlopeContact= 2.65577482114546
AIAdultLD50Contact= 0.00292973270406947
AILarvaSlope= 3.09691130137071
AILarvaLD50= 0.374279080121778
AIKOW= 3.63073451910168
AIKOC= 20.7972435699776
AIHalfLife= 1.94275947054848
EAppRate= 0
