ICQueenStrength= 4.31445078365505
RQWkrDrnRatio= 1.37136003375053
ICDroneMiteSurvivorship= 25.3971424419433
ICWorkerMiteSurvivorship= 45.0225130654871
ICForagerLifespan= 7.89023941289634
ImmType= Logarithmic
AIAdultSlope= 3.36368477406912
AIAdultLD50= 0.0723572350107133
AIAdultSlopeContact= 3.02233224698575
AIAdultLD50Contact= 0.02968948102789
AILarvaSlope= 1.41328966859728
AILarvaLD50= 0.407399891805835
AIKOW= 7.04221233958378
AIKOC= 13.0439513316378
AIHalfLife= 1.30062330747023
EAppRate= 0
