ICQueenStrength= 1.89621894061565
RQWkrDrnRatio= 3.6369103519246
ICDroneMiteSurvivorship= 57.526615425013
ICWorkerMiteSurvivorship= 30.8427475159988
ICForagerLifespan= 6.77753839176148
ImmType= Exponential
AIAdultSlope= 1.25847102841362
AIAdultLD50= 0.244012261973694
AIAdultSlopeContact= 3.76224570181221
AIAdultLD50Contact= 0.00767016333993524
AILarvaSlope= 0.311562921572477
AILarvaLD50= 0.87053129542619
AIKOW= 5.83365264954045
AIKOC= 11.5979198843706
AIHalfLife= 0.489750914275646
EAppRate= 0
