ICQueenStrength= 3.41844166535884
RQWkrDrnRatio= 4.75727125070989
ICDroneMiteSurvivorship= 46.0976933361962
ICWorkerMiteSurvivorship= 64.8559981258586
ICForagerLifespan= 11.6318875839934
ImmType= Logarithmic
AIAdultSlope= 2.3978799739969
AIAdultLD50= 0.357830293942243
AIAdultSlopeContact= 3.47757097925758
AIAdultLD50Contact= 0.0425977767445147
AILarvaSlope= 0.656715441448614
AILarvaLD50= 0.575836153817363
AIKOW= 5.40144989732653
AIKOC= 17.2474481642712
AIHalfLife= 1.1006346787326
EAppRate= 0
