ICQueenStrength= 1.40910005336627
RQWkrDrnRatio= 3.66188916750252
ICDroneMiteSurvivorship= 12.9436853341758
ICWorkerMiteSurvivorship= 95.7926721312106
ICForagerLifespan= 12.467652044259
ImmType= Cosine
AIAdultSlope= 1.79344304969301
AIAdultLD50= 0.413415108108893
AIAdultSlopeContact= 0.881747955735773
AIAdultLD50Contact= 0.0194758637924679
AILarvaSlope= 1.73872818131931
AILarvaLD50= 0.522723427251913
AIKOW= 3.63812505826354
AIKOC= 22.531857144786
AIHalfLife= 2.67657475080341
EAppRate= 0
