ICQueenStrength= 1.71939842775464
RQWkrDrnRatio= 3.37612593639642
ICDroneMiteSurvivorship= 73.7522851908579
ICWorkerMiteSurvivorship= 95.6800906453282
ICForagerLifespan= 6.70365264173597
ImmType= Polynomial
AIAdultSlope= 2.06090819090605
AIAdultLD50= 0.374043548246846
AIAdultSlopeContact= 0.920674663321115
AIAdultLD50Contact= 0.0375681792502292
AILarvaSlope= 5.09228038834408
AILarvaLD50= 0.488476421800442
AIKOW= 3.13001461187378
AIKOC= 28.0283440207131
AIHalfLife= 1.58578510978259
EAppRate= 0
