ICQueenStrength= 1.31653201789595
RQWkrDrnRatio= 3.22185787372291
ICDroneMiteSurvivorship= 24.7544050216675
ICWorkerMiteSurvivorship= 26.3404204742983
ICForagerLifespan= 15.6105796340853
ImmType= Exponential
AIAdultSlope= 4.62264381116256
AIAdultLD50= 0.104657377698459
AIAdultSlopeContact= 2.75092221084516
AIAdultLD50Contact= 0.0275648118345998
AILarvaSlope= 1.35566120012663
AILarvaLD50= 0.605513677163981
AIKOW= 5.19091796549037
AIKOC= 12.5774601835292
AIHalfLife= 4.81994444387965
EAppRate= 0
