ICQueenStrength= 3.06483616493642
RQWkrDrnRatio= 3.52931123413146
ICDroneMiteSurvivorship= 27.1554682170972
ICWorkerMiteSurvivorship= 80.7198917027563
ICForagerLifespan= 10.3125790115446
ImmType= Sine
AIAdultSlope= 5.22337581263855
AIAdultLD50= 0.0495425483677536
AIAdultSlopeContact= 0.0773770680930465
AIAdultLD50Contact= 0.0499032856780104
AILarvaSlope= 5.17702411394566
AILarvaLD50= 0.720450869528577
AIKOW= 5.51118860673159
AIKOC= 25.9580416383687
AIHalfLife= 3.60414311755449
EAppRate= 0
