ICQueenStrength= 2.56054571736604
RQWkrDrnRatio= 3.3287390684709
ICDroneMiteSurvivorship= 54.7999541973695
ICWorkerMiteSurvivorship= 88.9290896942839
ICForagerLifespan= 12.374703460373
ImmType= Polynomial
AIAdultSlope= 2.05924762645736
AIAdultLD50= 0.214049725327641
AIAdultSlopeContact= 3.80182956072735
AIAdultLD50Contact= 0.0339076523086987
AILarvaSlope= 2.70596753363498
AILarvaLD50= 0.866808211198077
AIKOW= 4.89991188701242
AIKOC= 21.1593600816559
AIHalfLife= 3.45838273991831
EAppRate= 0
