ICQueenStrength= 4.37674786569551
RQWkrDrnRatio= 1.75761313550174
ICDroneMiteSurvivorship= 53.9101494243369
ICWorkerMiteSurvivorship= 22.5647270912305
ICForagerLifespan= 12.2776078684255
ImmType= Cosine
AIAdultSlope= 1.15728982491419
AIAdultLD50= 0.216803581337444
AIAdultSlopeContact= 0.191784323877655
AIAdultLD50Contact= 0.0132228865870275
AILarvaSlope= 3.2104197749868
AILarvaLD50= 0.164391442411579
AIKOW= 5.96299951802939
AIKOC= 26.2922760867514
AIHalfLife= 3.45529226120561
EAppRate= 0
