ICQueenStrength= 5.38984240521677
RQWkrDrnRatio= 1.88679495360702
ICDroneMiteSurvivorship= 5.35733478609473
ICWorkerMiteSurvivorship= 59.4384850468487
ICForagerLifespan= 11.9648022605106
ImmType= Logarithmic
AIAdultSlope= 6.56827814644203
AIAdultLD50= 0.239049189724028
AIAdultSlopeContact= 3.19814499513013
AIAdultLD50Contact= 0.0185243331710808
AILarvaSlope= 4.91318673826754
AILarvaLD50= 0.246739913430065
AIKOW= 3.47960816929117
AIKOC= 24.7064687905367
AIHalfLife= 3.78048337763175
EAppRate= 0
