ICQueenStrength= 2.76858235499822
RQWkrDrnRatio= 3.53464511781931
ICDroneMiteSurvivorship= 23.8165545510128
ICWorkerMiteSurvivorship= 89.8306784685701
ICForagerLifespan= 14.4484625747427
ImmType= Logarithmic
AIAdultSlope= 2.42082400202751
AIAdultLD50= 0.125602290150709
AIAdultSlopeContact= 1.05397100905655
AIAdultLD50Contact= 0.0440046599251218
AILarvaSlope= 0.455743600893766
AILarvaLD50= 0.346220086771064
AIKOW= 7.36123860627413
AIKOC= 22.7890602033585
AIHalfLife= 2.76105144526809
EAppRate= 0
