ICQueenStrength= 1.81455898238346
RQWkrDrnRatio= 4.73141271900386
ICDroneMiteSurvivorship= 38.0221204366535
ICWorkerMiteSurvivorship= 60.1867162855342
ICForagerLifespan= 8.26776575762779
ImmType= Logarithmic
AIAdultSlope= 5.65877636196092
AIAdultLD50= 0.035858565242961
AIAdultSlopeContact= 1.15141568653984
AIAdultLD50Contact= 0.0260352869983763
AILarvaSlope= 0.447990529378876
AILarvaLD50= 0.682327153603546
AIKOW= 6.65731322253123
AIKOC= 24.932901248103
AIHalfLife= 1.56155569129623
EAppRate= 0
