ICQueenStrength= 1.70756101282313
RQWkrDrnRatio= 4.04854641575366
ICDroneMiteSurvivorship= 28.5590969026089
ICWorkerMiteSurvivorship= 14.4580882275477
ICForagerLifespan= 14.1791683537886
ImmType= Sine
AIAdultSlope= 0.862208370342851
AIAdultLD50= 0.203000865061767
AIAdultSlopeContact= 2.79495637800079
AIAdultLD50Contact= 0.0492346807615832
AILarvaSlope= 2.59258072888479
AILarvaLD50= 0.541087754024193
AIKOW= 2.20612976886332
AIKOC= 22.7286719728727
AIHalfLife= 4.83100748737343
EAppRate= 0
