ICQueenStrength= 3.17701528104953
RQWkrDrnRatio= 2.8393443711102
ICDroneMiteSurvivorship= 26.0031064739451
ICWorkerMiteSurvivorship= 24.4843154679984
ICForagerLifespan= 9.16109474841505
ImmType= Cosine
AIAdultSlope= 8.79602357046679
AIAdultLD50= 0.21032187610399
AIAdultSlopeContact= 1.81022226624889
AIAdultLD50Contact= 0.0146435506409034
AILarvaSlope= 2.8987897369545
AILarvaLD50= 0.0098732597893104
AIKOW= 5.14171805744991
AIKOC= 28.5129767737817
AIHalfLife= 4.70306778675877
EAppRate= 0
