ICQueenStrength= 2.78619526908733
RQWkrDrnRatio= 1.09852226823568
ICDroneMiteSurvivorship= 64.8821757175028
ICWorkerMiteSurvivorship= 14.8178905481473
ICForagerLifespan= 15.2324000792578
ImmType= Sine
AIAdultSlope= 0.964211952995975
AIAdultLD50= 0.1458568808157
AIAdultSlopeContact= 3.6620285433135
AIAdultLD50Contact= 0.0104732476640493
AILarvaSlope= 0.31167347189039
AILarvaLD50= 0.00639755884185433
AIKOW= 4.21396683389321
AIKOC= 18.6935701477341
AIHalfLife= 0.99501478835009
EAppRate= 0
