ICQueenStrength= 2.55078882700764
RQWkrDrnRatio= 2.01250885892659
ICDroneMiteSurvivorship= 91.2626557284966
ICWorkerMiteSurvivorship= 4.80256557930261
ICForagerLifespan= 12.3963394043967
ImmType= Polynomial
AIAdultSlope= 5.68210011115298
AIAdultLD50= 0.138692048378289
AIAdultSlopeContact= 0.455480338982306
AIAdultLD50Contact= 0.0235224920092151
AILarvaSlope= 3.49381165811792
AILarvaLD50= 0.206707770377398
AIKOW= 5.27209561644122
AIKOC= 6.94735454278998
AIHalfLife= 4.6494423574768
EAppRate= 0
