ICQueenStrength= 4.70517039205879
RQWkrDrnRatio= 4.15265991631895
ICDroneMiteSurvivorship= 63.0718294065446
ICWorkerMiteSurvivorship= 1.31538186687976
ICForagerLifespan= 14.3898788802326
ImmType= Cosine
AIAdultSlope= 0.0541986583848484
AIAdultLD50= 0.0111707372125238
AIAdultSlopeContact= 2.89388211036567
AIAdultLD50Contact= 0.00299452558392659
AILarvaSlope= 3.21930462191813
AILarvaLD50= 0.170955294021405
AIKOW= 3.12984132999554
AIKOC= 29.9473048897926
AIHalfLife= 2.24336756858975
EAppRate= 0
