ICQueenStrength= 5.50573676265776
RQWkrDrnRatio= 2.00537347141653
ICDroneMiteSurvivorship= 10.0489560747519
ICWorkerMiteSurvivorship= 77.0975663559511
ICForagerLifespan= 8.65753695648164
ImmType= Sine
AIAdultSlope= 7.02796675497666
AIAdultLD50= 0.306068114005029
AIAdultSlopeContact= 3.32303235420026
AIAdultLD50Contact= 0.0301340551581234
AILarvaSlope= 9.90057203453034
AILarvaLD50= 0.215729169803672
AIKOW= 4.52477205591276
AIKOC= 22.6739236922003
AIHalfLife= 3.36456230957992
EAppRate= 0
