ICQueenStrength= 1.68320123129524
RQWkrDrnRatio= 3.61826686840504
ICDroneMiteSurvivorship= 31.1873546103016
ICWorkerMiteSurvivorship= 57.4562018038705
ICForagerLifespan= 13.3380085937679
ImmType= Exponential
AIAdultSlope= 0.78228782805847
AIAdultLD50= 0.221717849373817
AIAdultSlopeContact= 2.37780718739843
AIAdultLD50Contact= 0.0106666041188873
AILarvaSlope= 0.223566960776225
AILarvaLD50= 0.249957204703242
AIKOW= 7.20240665134043
AIKOC= 14.132232615957
AIHalfLife= 1.52627790113911
EAppRate= 0
