ICQueenStrength= 4.19776664720848
RQWkrDrnRatio= 4.8834434626624
ICDroneMiteSurvivorship= 30.0420242361724
ICWorkerMiteSurvivorship= 82.3363590519875
ICForagerLifespan= 12.3256442314014
ImmType= Exponential
AIAdultSlope= 3.53994630143512
AIAdultLD50= 0.259581806603819
AIAdultSlopeContact= 2.67577874575043
AIAdultLD50Contact= 0.0149425181793049
AILarvaSlope= 0.892732658982277
AILarvaLD50= 0.535071831825189
AIKOW= 6.3445873754099
AIKOC= 23.9273394353222
AIHalfLife= 3.53613011888228
EAppRate= 0
