ICQueenStrength= 1.13929417473264
RQWkrDrnRatio= 3.56651035230607
ICDroneMiteSurvivorship= 62.0569307124242
ICWorkerMiteSurvivorship= 87.6692802878097
ICForagerLifespan= 13.8767987936735
ImmType= Tangent
AIAdultSlope= 3.53508318358334
AIAdultLD50= 0.235161668737419
AIAdultSlopeContact= 0.0029589044325985
AIAdultLD50Contact= 0.0362983903381974
AILarvaSlope= 0.0628907000180334
AILarvaLD50= 0.68086618934758
AIKOW= 7.61398625047877
AIKOC= 12.5833869748749
AIHalfLife= 2.53699881024659
EAppRate= 0
