ICQueenStrength= 5.59244782337919
RQWkrDrnRatio= 3.48353248555213
ICDroneMiteSurvivorship= 73.4560308046639
ICWorkerMiteSurvivorship= 0.132117955945432
ICForagerLifespan= 10.2161227269098
ImmType= Cosine
AIAdultSlope= 7.477558394894
AIAdultLD50= 0.306142268353142
AIAdultSlopeContact= 1.87466390940361
AIAdultLD50Contact= 0.0139813355286606
AILarvaSlope= 2.89893086454831
AILarvaLD50= 0.48773270433303
AIKOW= 4.751491793897
AIKOC= 19.4059295707848
AIHalfLife= 0.180489635095
EAppRate= 0
