ICQueenStrength= 5.88357657799497
RQWkrDrnRatio= 2.82270683720708
ICDroneMiteSurvivorship= 37.1728642843664
ICWorkerMiteSurvivorship= 81.5067613031715
ICForagerLifespan= 6.95829784404486
ImmType= Tangent
AIAdultSlope= 5.97120505524799
AIAdultLD50= 0.298808649997227
AIAdultSlopeContact= 2.69201691568131
AIAdultLD50Contact= 0.0300338602042757
AILarvaSlope= 9.60979015333578
AILarvaLD50= 0.40264248282183
AIKOW= 2.61553506879136
AIKOC= 16.6161899757572
AIHalfLife= 4.6596499637235
EAppRate= 0
