ICQueenStrength= 2.72546536545269
RQWkrDrnRatio= 3.28461432550102
ICDroneMiteSurvivorship= 23.1396612245589
ICWorkerMiteSurvivorship= 73.9636823767796
ICForagerLifespan= 14.8890874618664
ImmType= Logarithmic
AIAdultSlope= 0.531384290030692
AIAdultLD50= 0.389033429441042
AIAdultSlopeContact= 2.0654608368245
AIAdultLD50Contact= 0.0136570160160773
AILarvaSlope= 2.41337423282675
AILarvaLD50= 0.730727230967023
AIKOW= 2.58844781294465
AIKOC= 8.02839822834358
AIHalfLife= 2.96729549998417
EAppRate= 0
