ICQueenStrength= 2.42860004561953
RQWkrDrnRatio= 4.45077984593809
ICDroneMiteSurvivorship= 54.4659484177828
ICWorkerMiteSurvivorship= 97.1440756460652
ICForagerLifespan= 12.7970945090055
ImmType= Exponential
AIAdultSlope= 2.00235495343804
AIAdultLD50= 0.230127887218259
AIAdultSlopeContact= 3.44342693874612
AIAdultLD50Contact= 0.0231790873338468
AILarvaSlope= 7.15774297947064
AILarvaLD50= 0.394573026406579
AIKOW= 6.5949039477855
AIKOC= 21.1371465888806
AIHalfLife= 2.08293550880626
EAppRate= 0
