ICQueenStrength= 5.87127743544988
RQWkrDrnRatio= 3.29659144766629
ICDroneMiteSurvivorship= 94.1970257787034
ICWorkerMiteSurvivorship= 32.675916259177
ICForagerLifespan= 7.0251933299005
ImmType= Polynomial
AIAdultSlope= 4.06808800762519
AIAdultLD50= 0.152108750888146
AIAdultSlopeContact= 0.930126317578834
AIAdultLD50Contact= 0.0248927532345988
AILarvaSlope= 9.70573396421969
AILarvaLD50= 0.794022116018459
AIKOW= 6.06438172562048
AIKOC= 8.06510669179261
AIHalfLife= 4.28469612612389
EAppRate= 0
