ICQueenStrength= 5.25593103398569
RQWkrDrnRatio= 1.76895956415683
ICDroneMiteSurvivorship= 34.1793240746483
ICWorkerMiteSurvivorship= 0.0218764878809452
ICForagerLifespan= 11.0922261858359
ImmType= Sine
AIAdultSlope= 5.82651354372501
AIAdultLD50= 0.285416469792835
AIAdultSlopeContact= 0.466417392657604
AIAdultLD50Contact= 0.00486037632217631
AILarvaSlope= 2.74017437635921
AILarvaLD50= 0.290565293258987
AIKOW= 7.98247969057411
AIKOC= 8.07337272679433
AIHalfLife= 0.426592883886769
EAppRate= 0
