ICQueenStrength= 1.40750809130259
RQWkrDrnRatio= 3.65067328885198
ICDroneMiteSurvivorship= 3.30894354265183
ICWorkerMiteSurvivorship= 96.5820881072432
ICForagerLifespan= 8.42348436638713
ImmType= Sine
AIAdultSlope= 1.44665208877996
AIAdultLD50= 0.269413069589064
AIAdultSlopeContact= 3.00888968897285
AIAdultLD50Contact= 0.0148454985348508
AILarvaSlope= 9.31082294555381
AILarvaLD50= 0.595391785399988
AIKOW= 5.08628732757643
AIKOC= 12.9694623069372
AIHalfLife= 0.599947328446433
EAppRate= 0
