ICQueenStrength= 5.27667911862954
RQWkrDrnRatio= 1.28043233044446
ICDroneMiteSurvivorship= 46.1381331318989
ICWorkerMiteSurvivorship= 93.4984414139763
ICForagerLifespan= 7.36620759312063
ImmType= Polynomial
AIAdultSlope= 8.57360341353342
AIAdultLD50= 0.389019531896338
AIAdultSlopeContact= 1.6084960418148
AIAdultLD50Contact= 0.0415958274388686
AILarvaSlope= 7.40061915712431
AILarvaLD50= 0.692492732685059
AIKOW= 5.13279377808794
AIKOC= 27.6943996385671
AIHalfLife= 2.53417395753786
EAppRate= 0
