ICQueenStrength= 1.08316807565279
RQWkrDrnRatio= 4.71065607108176
ICDroneMiteSurvivorship= 72.476056125015
ICWorkerMiteSurvivorship= 54.0894219418988
ICForagerLifespan= 11.1473771445453
ImmType= Sine
AIAdultSlope= 0.427491252387408
AIAdultLD50= 0.429123276495375
AIAdultSlopeContact= 2.03469947143458
AIAdultLD50Contact= 0.0122787452652119
AILarvaSlope= 1.95836769184098
AILarvaLD50= 0.481855874997564
AIKOW= 4.29724957607687
AIKOC= 14.1265244176611
AIHalfLife= 0.655721820658073
EAppRate= 0
