ICQueenStrength= 2.43298471230082
RQWkrDrnRatio= 4.98147848807275
ICDroneMiteSurvivorship= 73.876567510888
ICWorkerMiteSurvivorship= 13.4613994276151
ICForagerLifespan= 5.09034322202206
ImmType= Tangent
AIAdultSlope= 7.14204187504947
AIAdultLD50= 0.471749940072186
AIAdultSlopeContact= 3.43541964323027
AIAdultLD50Contact= 0.0432364847278222
AILarvaSlope= 8.150430098176
AILarvaLD50= 0.124566134973429
AIKOW= 3.69421189697459
AIKOC= 9.98178402194753
AIHalfLife= 0.542299952358007
EAppRate= 0
