ICQueenStrength= 5.00479039060883
RQWkrDrnRatio= 1.78620172198862
ICDroneMiteSurvivorship= 13.8824460096657
ICWorkerMiteSurvivorship= 2.03313177917153
ICForagerLifespan= 10.6961033539847
ImmType= Tangent
AIAdultSlope= 6.80919547798112
AIAdultLD50= 0.172649450716563
AIAdultSlopeContact= 3.52109469820512
AIAdultLD50Contact= 0.0379621603526175
AILarvaSlope= 2.07578105898574
AILarvaLD50= 0.195861342502758
AIKOW= 3.8291940279305
AIKOC= 5.6474239344243
AIHalfLife= 3.92925805295818
EAppRate= 0
