ICQueenStrength= 3.20357220852748
RQWkrDrnRatio= 1.06359623093158
ICDroneMiteSurvivorship= 31.4478939631954
ICWorkerMiteSurvivorship= 66.6174376383424
ICForagerLifespan= 12.3386339796707
ImmType= Logarithmic
AIAdultSlope= 9.54904723912477
AIAdultLD50= 0.324674069415778
AIAdultSlopeContact= 3.28147808442358
AIAdultLD50Contact= 0.0116315098013729
AILarvaSlope= 7.10732851177454
AILarvaLD50= 0.145211256598122
AIKOW= 4.02950615528971
AIKOC= 22.9150284267962
AIHalfLife= 4.90522859152406
EAppRate= 0
