ICQueenStrength= 2.33606453309767
RQWkrDrnRatio= 2.45835612900555
ICDroneMiteSurvivorship= 10.0523967994377
ICWorkerMiteSurvivorship= 60.3658255888149
ICForagerLifespan= 11.7054265243933
ImmType= Cosine
AIAdultSlope= 1.50601845001802
AIAdultLD50= 0.199931586510502
AIAdultSlopeContact= 2.37520011534914
AIAdultLD50Contact= 0.0332451720489189
AILarvaSlope= 1.24568791450001
AILarvaLD50= 0.0769929616944864
AIKOW= 5.80179831339046
AIKOC= 10.1536274258979
AIHalfLife= 4.30238237371668
EAppRate= 0
