ICQueenStrength= 1.72868152172305
RQWkrDrnRatio= 3.22920009214431
ICDroneMiteSurvivorship= 70.4052218934521
ICWorkerMiteSurvivorship= 42.0668019913137
ICForagerLifespan= 15.9891125559807
ImmType= Cosine
AIAdultSlope= 9.24924205057323
AIAdultLD50= 0.414273688104004
AIAdultSlopeContact= 0.39341906325426
AIAdultLD50Contact= 0.00940740384394303
AILarvaSlope= 4.5154934679158
AILarvaLD50= 0.885038132267073
AIKOW= 4.21529733110219
AIKOC= 25.4204063862562
AIHalfLife= 1.41888526384719
EAppRate= 0
