ICQueenStrength= 4.40619143797085
RQWkrDrnRatio= 4.99746359605342
ICDroneMiteSurvivorship= 48.9970941096544
ICWorkerMiteSurvivorship= 10.2225795388222
ICForagerLifespan= 5.23950904607773
ImmType= Logarithmic
AIAdultSlope= 1.16160395467887
AIAdultLD50= 0.104458641493693
AIAdultSlopeContact= 2.92221425974974
AIAdultLD50Contact= 0.0248751714243554
AILarvaSlope= 1.21487175491638
AILarvaLD50= 0.342705142172053
AIKOW= 6.93034129356965
AIKOC= 22.2080738702789
AIHalfLife= 3.27781152795069
EAppRate= 0
