ICQueenStrength= 3.3928005353082
RQWkrDrnRatio= 2.75981324259192
ICDroneMiteSurvivorship= 25.1538838958368
ICWorkerMiteSurvivorship= 3.94055608194321
ICForagerLifespan= 14.7363404976204
ImmType= Sine
AIAdultSlope= 1.51928017811151
AIAdultLD50= 0.347211767570116
AIAdultSlopeContact= 3.47850650938461
AIAdultLD50Contact= 0.0353725589578971
AILarvaSlope= 0.861400176770985
AILarvaLD50= 0.302054662979208
AIKOW= 4.26068871887401
AIKOC= 14.3859694781713
AIHalfLife= 2.3791181796696
EAppRate= 0
