ICQueenStrength= 4.56114020571113
RQWkrDrnRatio= 4.56041112728417
ICDroneMiteSurvivorship= 91.5388102876022
ICWorkerMiteSurvivorship= 73.415446956642
ICForagerLifespan= 8.45255681313574
ImmType= Sine
AIAdultSlope= 9.94961757212877
AIAdultLD50= 0.0522262131562456
AIAdultSlopeContact= 1.18669531262945
AIAdultLD50Contact= 0.0453957408783026
AILarvaSlope= 0.575844521075487
AILarvaLD50= 0.753239634423517
AIKOW= 5.11142007587478
AIKOC= 26.187326440122
AIHalfLife= 4.1306414688006
EAppRate= 0
