ICQueenStrength= 3.8681689244695
RQWkrDrnRatio= 3.19611658155918
ICDroneMiteSurvivorship= 83.1967092351988
ICWorkerMiteSurvivorship= 90.1025117607787
ICForagerLifespan= 9.43880925886333
ImmType= Sine
AIAdultSlope= 3.84139981586486
AIAdultLD50= 0.119272306794301
AIAdultSlopeContact= 0.494813762116246
AIAdultLD50Contact= 0.0471449037431739
AILarvaSlope= 2.34579636249691
AILarvaLD50= 0.138804277125746
AIKOW= 3.66477680299431
AIKOC= 24.8059975693468
AIHalfLife= 4.20344065176323
EAppRate= 0
