ICQueenStrength= 4.55187850887887
RQWkrDrnRatio= 1.37653279211372
ICDroneMiteSurvivorship= 16.1250550067052
ICWorkerMiteSurvivorship= 82.5226211221889
ICForagerLifespan= 11.0627439394593
ImmType= Exponential
AIAdultSlope= 3.92524250433315
AIAdultLD50= 0.365518388454802
AIAdultSlopeContact= 2.85670422217576
AIAdultLD50Contact= 0.015832130110357
AILarvaSlope= 0.343248173687607
AILarvaLD50= 0.289273733552545
AIKOW= 4.12140711164102
AIKOC= 29.2247511865571
AIHalfLife= 3.00210893969052
EAppRate= 0
