ICQueenStrength= 1.00787829165347
RQWkrDrnRatio= 4.23188206274062
ICDroneMiteSurvivorship= 68.4251164318994
ICWorkerMiteSurvivorship= 20.2920605428517
ICForagerLifespan= 14.4444659380242
ImmType= Polynomial
AIAdultSlope= 4.27094106562436
AIAdultLD50= 0.371762687223963
AIAdultSlopeContact= 2.47759389003972
AIAdultLD50Contact= 0.0246456169872545
AILarvaSlope= 2.47879985282198
AILarvaLD50= 0.584892150387168
AIKOW= 4.03292946564034
AIKOC= 5.8171564550139
AIHalfLife= 1.9788686290849
EAppRate= 0
