ICQueenStrength= 1.80255165928975
RQWkrDrnRatio= 3.47325697541237
ICDroneMiteSurvivorship= 43.8642090652138
ICWorkerMiteSurvivorship= 93.6995040159672
ICForagerLifespan= 7.15605407208204
ImmType= Sine
AIAdultSlope= 7.68712479621172
AIAdultLD50= 0.39771815109998
AIAdultSlopeContact= 0.985763557241298
AIAdultLD50Contact= 0.0289073372608982
AILarvaSlope= 7.87424061447382
AILarvaLD50= 0.314750971016474
AIKOW= 4.26505961455405
AIKOC= 22.5439840357285
AIHalfLife= 4.91107924492098
EAppRate= 0
