ICQueenStrength= 4.26574215199798
RQWkrDrnRatio= 3.03683622647077
ICDroneMiteSurvivorship= 90.8228281186894
ICWorkerMiteSurvivorship= 39.6749600069597
ICForagerLifespan= 12.5214215200394
ImmType= Logarithmic
AIAdultSlope= 9.17896215571091
AIAdultLD50= 0.356350818183273
AIAdultSlopeContact= 0.671327490345575
AIAdultLD50Contact= 0.024412068456877
AILarvaSlope= 2.58063797838986
AILarvaLD50= 0.415054186689667
AIKOW= 4.7781944363378
AIKOC= 10.9839666413609
AIHalfLife= 1.59034464275464
EAppRate= 0
