ICQueenStrength= 4.13373502809554
RQWkrDrnRatio= 4.11826859880239
ICDroneMiteSurvivorship= 82.1403333218768
ICWorkerMiteSurvivorship= 52.0313398679718
ICForagerLifespan= 10.7939255172387
ImmType= Cosine
AIAdultSlope= 1.33620738000143
AIAdultLD50= 0.461987577145919
AIAdultSlopeContact= 1.54754014213337
AIAdultLD50Contact= 0.0201693375129253
AILarvaSlope= 0.999422460841015
AILarvaLD50= 0.463176905829459
AIKOW= 7.83381581958383
AIKOC= 28.0544490448665
AIHalfLife= 0.249096141196787
EAppRate= 0
