ICQueenStrength= 5.43312362884171
RQWkrDrnRatio= 1.51249838527292
ICDroneMiteSurvivorship= 13.9175492338836
ICWorkerMiteSurvivorship= 61.5071921143681
ICForagerLifespan= 4.22242345381528
ImmType= Logarithmic
AIAdultSlope= 2.7622620924376
AIAdultLD50= 0.446032426436432
AIAdultSlopeContact= 1.49600645945873
AIAdultLD50Contact= 0.00536256306804717
AILarvaSlope= 1.8901982572861
AILarvaLD50= 0.609414562094025
AIKOW= 4.59592912346125
AIKOC= 16.8245429242961
AIHalfLife= 0.0104990124236792
EAppRate= 0
