ICQueenStrength= 5.00204635923728
RQWkrDrnRatio= 1.10760960169137
ICDroneMiteSurvivorship= 88.9406959759071
ICWorkerMiteSurvivorship= 74.0563642699271
ICForagerLifespan= 9.95068393554538
ImmType= Polynomial
AIAdultSlope= 9.44402189226821
AIAdultLD50= 0.12778003688436
AIAdultSlopeContact= 3.17774956176756
AIAdultLD50Contact= 0.047098781587556
AILarvaSlope= 1.26215825420804
AILarvaLD50= 0.675455645704642
AIKOW= 5.19081582082435
AIKOC= 10.3779802925419
AIHalfLife= 3.81653346354142
EAppRate= 0
