ICQueenStrength= 4.45716701936908
RQWkrDrnRatio= 4.79779927711934
ICDroneMiteSurvivorship= 17.7826769882813
ICWorkerMiteSurvivorship= 52.8056998737156
ICForagerLifespan= 5.30835936777294
ImmType= Tangent
AIAdultSlope= 3.31957973539829
AIAdultLD50= 0.313697274308652
AIAdultSlopeContact= 3.47697742212564
AIAdultLD50Contact= 0.0204616233939305
AILarvaSlope= 1.99760287678801
AILarvaLD50= 0.254190837359056
AIKOW= 2.05013696849346
AIKOC= 27.3597279982641
AIHalfLife= 3.32209367654286
EAppRate= 0
