ICQueenStrength= 1.3956479835324
RQWkrDrnRatio= 2.76897128298879
ICDroneMiteSurvivorship= 24.6942736208439
ICWorkerMiteSurvivorship= 39.9850381771103
ICForagerLifespan= 4.55749970581383
ImmType= Logarithmic
AIAdultSlope= 8.10132391517982
AIAdultLD50= 0.0924764832016081
AIAdultSlopeContact= 2.15657989918487
AIAdultLD50Contact= 0.026632292883005
AILarvaSlope= 8.3873169333674
AILarvaLD50= 0.249669224512763
AIKOW= 5.80691273976117
AIKOC= 7.87127916235477
AIHalfLife= 1.54997036675923
EAppRate= 0
