ICQueenStrength= 1.67140513448976
RQWkrDrnRatio= 4.61281437519938
ICDroneMiteSurvivorship= 40.8679424552247
ICWorkerMiteSurvivorship= 40.2599040418863
ICForagerLifespan= 5.44362212345004
ImmType= Exponential
AIAdultSlope= 3.73246543476591
AIAdultLD50= 0.080306532792747
AIAdultSlopeContact= 3.54194185350789
AIAdultLD50Contact= 0.0080651716911234
AILarvaSlope= 1.56978461788967
AILarvaLD50= 0.535210984619334
AIKOW= 6.91982361860573
AIKOC= 13.4791996923741
AIHalfLife= 3.81595755228773
EAppRate= 0
