ICQueenStrength= 4.47954367520288
RQWkrDrnRatio= 4.06438386347145
ICDroneMiteSurvivorship= 79.2251353152096
ICWorkerMiteSurvivorship= 93.3493298711255
ICForagerLifespan= 10.999285377562
ImmType= Sine
AIAdultSlope= 9.71043315483257
AIAdultLD50= 0.34224781987723
AIAdultSlopeContact= 2.45560378138209
AIAdultLD50Contact= 0.0113894572365098
AILarvaSlope= 7.86468137288466
AILarvaLD50= 0.257879045954905
AIKOW= 7.23151608463377
AIKOC= 5.39214996504597
AIHalfLife= 3.31528348266147
EAppRate= 0
