ICQueenStrength= 4.18058322649449
RQWkrDrnRatio= 2.52845056261867
ICDroneMiteSurvivorship= 21.6530456440523
ICWorkerMiteSurvivorship= 66.022742469795
ICForagerLifespan= 5.26825414877385
ImmType= Polynomial
AIAdultSlope= 1.64709396893159
AIAdultLD50= 0.229973989422433
AIAdultSlopeContact= 1.47126428306568
AIAdultLD50Contact= 0.0477801269385964
AILarvaSlope= 2.91327012344264
AILarvaLD50= 0.873687176895328
AIKOW= 2.75225873570889
AIKOC= 24.3145264813211
AIHalfLife= 1.89926486345939
EAppRate= 0
