ICQueenStrength= 2.44113875576295
RQWkrDrnRatio= 3.96391121856868
ICDroneMiteSurvivorship= 91.7217663489282
ICWorkerMiteSurvivorship= 27.7757598552853
ICForagerLifespan= 11.6920187091455
ImmType= Cosine
AIAdultSlope= 0.51466231001541
AIAdultLD50= 0.367758680367842
AIAdultSlopeContact= 0.460628569296096
AIAdultLD50Contact= 0.029982536600437
AILarvaSlope= 7.52698597731069
AILarvaLD50= 0.0170008383924142
AIKOW= 2.44745769584551
AIKOC= 27.014354338171
AIHalfLife= 1.27461989410222
EAppRate= 0
