ICQueenStrength= 2.0362449765671
RQWkrDrnRatio= 4.55697634536773
ICDroneMiteSurvivorship= 25.8425161475316
ICWorkerMiteSurvivorship= 62.7831011777744
ICForagerLifespan= 12.1649506334215
ImmType= Tangent
AIAdultSlope= 3.77298753941432
AIAdultLD50= 0.0814827453577891
AIAdultSlopeContact= 2.25776841559215
AIAdultLD50Contact= 0.00768319900380448
AILarvaSlope= 2.05099670207128
AILarvaLD50= 0.0461747306864709
AIKOW= 5.10445153759792
AIKOC= 25.1800506736618
AIHalfLife= 2.17851788853295
EAppRate= 0
