ICQueenStrength= 2.50409064837731
RQWkrDrnRatio= 3.64358652941883
ICDroneMiteSurvivorship= 4.04059903230518
ICWorkerMiteSurvivorship= 92.0216479571536
ICForagerLifespan= 10.1646961439401
ImmType= Exponential
AIAdultSlope= 2.72539945784956
AIAdultLD50= 0.158010333660059
AIAdultSlopeContact= 1.60833327726927
AIAdultLD50Contact= 0.0454549760208465
AILarvaSlope= 4.44004106102511
AILarvaLD50= 0.587461978197098
AIKOW= 4.46647392725572
AIKOC= 5.13478217297234
AIHalfLife= 3.99940125993453
EAppRate= 0
