ICQueenStrength= 4.73539973865263
RQWkrDrnRatio= 4.87049115169793
ICDroneMiteSurvivorship= 19.7212976636365
ICWorkerMiteSurvivorship= 67.4180872505531
ICForagerLifespan= 8.044139880687
ImmType= Polynomial
AIAdultSlope= 8.9056272781454
AIAdultLD50= 0.191806235699914
AIAdultSlopeContact= 1.50941128277918
AIAdultLD50Contact= 0.000766507245134562
AILarvaSlope= 6.77440053317696
AILarvaLD50= 0.0298503081081435
AIKOW= 6.25163983786479
AIKOC= 5.92777337995358
AIHalfLife= 1.76132870139554
EAppRate= 0
