ICQueenStrength= 5.61896445020102
RQWkrDrnRatio= 2.90060033090413
ICDroneMiteSurvivorship= 41.7974607087672
ICWorkerMiteSurvivorship= 72.1149265067652
ICForagerLifespan= 13.7212848206982
ImmType= Polynomial
AIAdultSlope= 2.2667226055637
AIAdultLD50= 0.411087638931349
AIAdultSlopeContact= 2.51341917264741
AIAdultLD50Contact= 0.00115193044766784
AILarvaSlope= 7.7914925199002
AILarvaLD50= 0.159261459927075
AIKOW= 4.69843804184347
AIKOC= 9.71494485973381
AIHalfLife= 4.68501406023279
EAppRate= 0
