ICQueenStrength= 3.17295962502249
RQWkrDrnRatio= 3.92814468499273
ICDroneMiteSurvivorship= 83.9276964543387
ICWorkerMiteSurvivorship= 55.3967476822436
ICForagerLifespan= 4.73755665961653
ImmType= Tangent
AIAdultSlope= 0.251769441200886
AIAdultLD50= 0.0852128277765587
AIAdultSlopeContact= 0.127595757264644
AIAdultLD50Contact= 0.009218306443654
AILarvaSlope= 0.894476371165365
AILarvaLD50= 0.622593092545867
AIKOW= 2.14391941484064
AIKOC= 9.52899161027744
AIHalfLife= 4.79818089865148
EAppRate= 0
