ICQueenStrength= 5.36414558091201
RQWkrDrnRatio= 4.56360216345638
ICDroneMiteSurvivorship= 99.5740374317393
ICWorkerMiteSurvivorship= 0.0810062745586038
ICForagerLifespan= 9.81490710377693
ImmType= Sine
RQQueenStrength= 4.1612330279313
RQEnableReQueen= true
AIAdultSlope= 6.64894495345652
AIAdultLD50= 99.7396970354111
AIAdultSlopeContact= 4.64826966961846
AIAdultLD50Contact= 47.2506902386106
AILarvaSlope= 8.38510229438543
AILarvaLD50= 50.6267913347974
AIKOW= 27586.9144828027
AIKOC= 38825.6740159283
AIHalfLife= 27.6043492858298
EAppRate= 5.89172032874776
AIContactFactor= 1.24676082205027
CL4Pollen= 1.81958296522498
CL4Nectar= 43.7462125672027
CL5Pollen= 0.0455070999450982
CL5Nectar= 125.95584631199
CLDPollen= 0.115587451960891
CLDNectar= 44.2919578403234
CA13Pollen= 3.81451547220349
CA13Nectar= 70.0464104674757
CA410Pollen= 5.30299433732871
CA410Nectar= 76.0962646221742
CA1120Pollen= 0.527509377803653
CA1120Nectar= 97.8831483051181
IPollenTrips= 7.30211034882814
INectarTrips= 9.96164369862527
IPollenLoad= 3.516877500806
INectarLoad= 4.71508532762527
