ICQueenStrength= 3.36348181962967
RQWkrDrnRatio= 2.72304191067815
ICDroneMiteSurvivorship= 18.0609476286918
ICWorkerMiteSurvivorship= 89.2362721031532
ICForagerLifespan= 5.01354270987213
ImmType= Tangent
RQQueenStrength= 2.04623010847718
RQEnableReQueen= true
AIAdultSlope= 2.08615895546973
AIAdultLD50= 0.811763205369236
AIAdultSlopeContact= 8.422703825403
AIAdultLD50Contact= 64.4790471597957
AILarvaSlope= 7.87027281709015
AILarvaLD50= 91.6594746816943
AIKOW= 44939.7183135649
AIKOC= 89404.1371283578
AIHalfLife= 19.5962168089347
EAppRate= 9.23129925445537
AIContactFactor= 2.14391122109722
CL4Pollen= 3.8605698980391
CL4Nectar= 22.1109540434554
CL5Pollen= 3.93687525624409
CL5Nectar= 1.31585674826056
CLDPollen= 2.97115633031353
CLDNectar= 67.8765342920087
CA13Pollen= 7.86969550540671
CA13Nectar= 55.9224153868854
CA410Pollen= 9.01041020252742
CA410Nectar= 45.9032375086099
CA1120Pollen= 2.80448509776033
CA1120Nectar= 77.060286514461
IPollenTrips= 7.84174705343321
INectarTrips= 21.4968898361549
IPollenLoad= 14.5033926619217
INectarLoad= 84.8981169029139
ESeedConcentration= 0
