ICQueenStrength= 2.08437315910123
RQWkrDrnRatio= 1.99268672801554
ICDroneMiteSurvivorship= 35.9269549837336
ICWorkerMiteSurvivorship= 70.2803693246096
ICForagerLifespan= 6.91994656901807
ImmType= Logarithmic
AIAdultSlope= 0.404009643844329
AIAdultLD50= 0.179757986566983
AIAdultSlopeContact= 3.01494244472589
AIAdultLD50Contact= 0.034775030030869
AILarvaSlope= 1.02770042787306
AILarvaLD50= 0.230499203852378
AIKOW= 3.72581125283614
AIKOC= 12.0447153353598
AIHalfLife= 3.53490206995048
EAppRate= 0
