ICQueenStrength= 2.32724367897026
RQWkrDrnRatio= 3.76757294312119
ICDroneMiteSurvivorship= 48.2273251051083
ICWorkerMiteSurvivorship= 89.9614167865366
ICForagerLifespan= 12.7148435134441
ImmType= Polynomial
AIAdultSlope= 4.48705011280254
AIAdultLD50= 0.159343506558798
AIAdultSlopeContact= 0.772977831477765
AIAdultLD50Contact= 0.0296326793730259
AILarvaSlope= 7.56097895558923
AILarvaLD50= 0.148962932126597
AIKOW= 3.44635019404814
AIKOC= 11.6566188936122
AIHalfLife= 2.76601258548908
EAppRate= 0
