ICQueenStrength= 5.63949750526808
RQWkrDrnRatio= 1.258798930794
ICDroneMiteSurvivorship= 73.015626729466
ICWorkerMiteSurvivorship= 4.12700667511672
ICForagerLifespan= 14.0724987508729
ImmType= Logarithmic
AIAdultSlope= 8.01922832382843
AIAdultLD50= 0.424250727053732
AIAdultSlopeContact= 1.56860336032463
AIAdultLD50Contact= 0.024756516283378
AILarvaSlope= 0.157268662191927
AILarvaLD50= 0.650506404647604
AIKOW= 3.69731443189085
AIKOC= 9.344830714399
AIHalfLife= 1.450961898081
EAppRate= 0
