ICQueenStrength= 5.74675242672674
RQWkrDrnRatio= 2.52937274705619
ICDroneMiteSurvivorship= 35.4159771930426
ICWorkerMiteSurvivorship= 86.670968006365
ICForagerLifespan= 9.27046313136816
ImmType= Exponential
AIAdultSlope= 2.94094289284665
AIAdultLD50= 0.318324525374919
AIAdultSlopeContact= 2.91277920678025
AIAdultLD50Contact= 0.0497350552817807
AILarvaSlope= 0.67218855554238
AILarvaLD50= 0.0340396786574274
AIKOW= 3.3742683804594
AIKOC= 26.7465016932692
AIHalfLife= 3.49166880827397
EAppRate= 0
