ICQueenStrength= 1.32792667159811
RQWkrDrnRatio= 4.19861742481589
ICDroneMiteSurvivorship= 33.1604469800368
ICWorkerMiteSurvivorship= 20.580759528093
ICForagerLifespan= 12.0626697810367
ImmType= Logarithmic
AIAdultSlope= 0.258630092153326
AIAdultLD50= 0.0533697144128382
AIAdultSlopeContact= 1.35770817111013
AIAdultLD50Contact= 0.00739707165630534
AILarvaSlope= 3.32418804187328
AILarvaLD50= 0.431612163875252
AIKOW= 7.9837866849266
AIKOC= 5.35751841496676
AIHalfLife= 1.11742365173995
EAppRate= 0
