ICQueenStrength= 4.37610907154158
RQWkrDrnRatio= 2.09018377587199
ICDroneMiteSurvivorship= 43.6634985730052
ICWorkerMiteSurvivorship= 5.80323007889092
ICForagerLifespan= 9.48778207600117
ImmType= Polynomial
AIAdultSlope= 1.57487926949048
AIAdultLD50= 0.380417796899565
AIAdultSlopeContact= 2.2173772791191
AIAdultLD50Contact= 0.0228032504557632
AILarvaSlope= 1.73118093288504
AILarvaLD50= 0.267402744130231
AIKOW= 2.78776430850849
AIKOC= 6.18304991628975
AIHalfLife= 0.182203673757613
EAppRate= 0
