ICQueenStrength= 4.52510831668042
RQWkrDrnRatio= 3.85116025805473
ICDroneMiteSurvivorship= 57.3973829625174
ICWorkerMiteSurvivorship= 89.1530091641471
ICForagerLifespan= 6.27305054385215
ImmType= Polynomial
AIAdultSlope= 1.1994525878015
AIAdultLD50= 0.119512260542251
AIAdultSlopeContact= 2.60284275879152
AIAdultLD50Contact= 0.0334429643815383
AILarvaSlope= 2.20961136841215
AILarvaLD50= 0.514676576829515
AIKOW= 4.02312592463568
AIKOC= 28.9452696463559
AIHalfLife= 1.14868382690474
EAppRate= 0
