ICQueenStrength= 2.53739815927111
RQWkrDrnRatio= 4.15224621072412
ICDroneMiteSurvivorship= 8.22177845984697
ICWorkerMiteSurvivorship= 48.7803273834288
ICForagerLifespan= 13.1085985498503
ImmType= Logarithmic
AIAdultSlope= 2.8125713346526
AIAdultLD50= 0.1706194820581
AIAdultSlopeContact= 3.82268825814826
AIAdultLD50Contact= 0.0292820422910154
AILarvaSlope= 0.0277022831141949
AILarvaLD50= 0.374585276702419
AIKOW= 7.12440618872643
AIKOC= 24.6985666290857
AIHalfLife= 1.9684118044097
EAppRate= 0
