ICQueenStrength= 5.17380369384773
RQWkrDrnRatio= 3.64914052188396
ICDroneMiteSurvivorship= 44.5658670738339
ICWorkerMiteSurvivorship= 90.8163791289553
ICForagerLifespan= 14.9382364274934
ImmType= Sine
AIAdultSlope= 9.88220070954412
AIAdultLD50= 0.346683696494438
AIAdultSlopeContact= 1.35816213303013
AIAdultLD50Contact= 0.00120912680868059
AILarvaSlope= 1.62316004280001
AILarvaLD50= 0.44843564350158
AIKOW= 7.70392789505422
AIKOC= 15.873561486369
AIHalfLife= 1.74505502800457
EAppRate= 0
