ICQueenStrength= 1.28505639871582
RQWkrDrnRatio= 1.83237079065293
ICDroneMiteSurvivorship= 21.0118771530688
ICWorkerMiteSurvivorship= 58.9778188150376
ICForagerLifespan= 4.17489945702255
ImmType= Polynomial
AIAdultSlope= 4.62041353108361
AIAdultLD50= 0.254514761152677
AIAdultSlopeContact= 1.61886176979169
AIAdultLD50Contact= 0.0335848628776148
AILarvaSlope= 0.907872195309028
AILarvaLD50= 0.474188363109715
AIKOW= 3.36441554687917
AIKOC= 27.9164434189443
AIHalfLife= 2.63457540888339
EAppRate= 0
