ICQueenStrength= 5.34393456904218
RQWkrDrnRatio= 4.20481059607118
ICDroneMiteSurvivorship= 33.637888263911
ICWorkerMiteSurvivorship= 13.7483792146668
ICForagerLifespan= 4.20343852415681
ImmType= Logarithmic
AIAdultSlope= 0.355996340513229
AIAdultLD50= 0.410520293284208
AIAdultSlopeContact= 3.79342611544998
AIAdultLD50Contact= 0.0413681947044097
AILarvaSlope= 5.5390820116736
AILarvaLD50= 0.750766631844454
AIKOW= 6.97209599846974
AIKOC= 16.3640005991329
AIHalfLife= 3.81578478496522
EAppRate= 0
