ICQueenStrength= 3.07342418609187
RQWkrDrnRatio= 1.41752887610346
ICDroneMiteSurvivorship= 36.4989121677354
ICWorkerMiteSurvivorship= 49.5135258650407
ICForagerLifespan= 4.15355651080608
ImmType= Exponential
AIAdultSlope= 1.43536152716959
AIAdultLD50= 0.309178000548854
AIAdultSlopeContact= 1.40439636845374
AIAdultLD50Contact= 0.0373689818894491
AILarvaSlope= 0.579450073186308
AILarvaLD50= 0.835915767448023
AIKOW= 4.04423681646585
AIKOC= 8.5569688945543
AIHalfLife= 3.6468014807906
EAppRate= 0
