ICQueenStrength= 2.64754278026521
RQWkrDrnRatio= 2.22812516521662
ICDroneMiteSurvivorship= 15.4725099680945
ICWorkerMiteSurvivorship= 98.816476110369
ICForagerLifespan= 10.8637779625133
ImmType= Logarithmic
AIAdultSlope= 0.277215103930794
AIAdultLD50= 0.122983076609671
AIAdultSlopeContact= 0.100055318127852
AIAdultLD50Contact= 0.0480257839895785
AILarvaSlope= 0.304012232739478
AILarvaLD50= 0.381603186903521
AIKOW= 5.51728029875085
AIKOC= 8.33289807313122
AIHalfLife= 2.71324416389689
EAppRate= 0
