ICQueenStrength= 4.53206993895583
RQWkrDrnRatio= 1.4839203543961
ICDroneMiteSurvivorship= 3.87468002736568
ICWorkerMiteSurvivorship= 14.5529435016215
ICForagerLifespan= 7.60038285516202
ImmType= Tangent
AIAdultSlope= 0.151175474727061
AIAdultLD50= 0.0297494698315859
AIAdultSlopeContact= 1.26834224980557
AIAdultLD50Contact= 0.0136980386218056
AILarvaSlope= 0.477798420982435
AILarvaLD50= 0.667691935133189
AIKOW= 5.32048670016229
AIKOC= 23.6883930233307
AIHalfLife= 0.319135325262323
EAppRate= 0
