ICQueenStrength= 5.2539658001624
RQWkrDrnRatio= 1.33058325853199
ICDroneMiteSurvivorship= 52.7097414247692
ICWorkerMiteSurvivorship= 87.7667116234079
ICForagerLifespan= 7.11362004466355
ImmType= Cosine
AIAdultSlope= 7.13913859566674
AIAdultLD50= 0.129869137424976
AIAdultSlopeContact= 3.15171191940783
AIAdultLD50Contact= 0.0275454055168666
AILarvaSlope= 0.558068151865154
AILarvaLD50= 0.00150310469325632
AIKOW= 7.87169058760628
AIKOC= 18.4928514191415
AIHalfLife= 2.26505594910122
EAppRate= 0
