ICQueenStrength= 3.89189912029542
RQWkrDrnRatio= 2.06808557361364
ICDroneMiteSurvivorship= 12.3457757756114
ICWorkerMiteSurvivorship= 30.3200797643512
ICForagerLifespan= 8.74114816170186
ImmType= Cosine
AIAdultSlope= 2.41880865534768
AIAdultLD50= 0.076729966327548
AIAdultSlopeContact= 0.222876161320601
AIAdultLD50Contact= 0.0295995211461559
AILarvaSlope= 6.70318849384785
AILarvaLD50= 0.424042226560414
AIKOW= 2.97236265568063
AIKOC= 13.1688125734217
AIHalfLife= 3.78671321785077
EAppRate= 0
