ICQueenStrength= 5.78331846767105
RQWkrDrnRatio= 1.63020044565201
ICDroneMiteSurvivorship= 62.3407742474228
ICWorkerMiteSurvivorship= 67.6516004838049
ICForagerLifespan= 5.71383253950626
ImmType= Logarithmic
AIAdultSlope= 3.30649995450396
AIAdultLD50= 0.20341677358374
AIAdultSlopeContact= 1.00809930814197
AIAdultLD50Contact= 0.0478335948195308
AILarvaSlope= 2.10794342141598
AILarvaLD50= 0.437020995514467
AIKOW= 2.67163531575352
AIKOC= 15.9542857622728
AIHalfLife= 4.23867155914195
EAppRate= 0
