ICQueenStrength= 5.59931657533161
RQWkrDrnRatio= 4.1410094127059
ICDroneMiteSurvivorship= 25.135513744317
ICWorkerMiteSurvivorship= 49.3379823630676
ICForagerLifespan= 15.9958329759538
ImmType= Logarithmic
AIAdultSlope= 1.44733748165891
AIAdultLD50= 0.25665693404153
AIAdultSlopeContact= 0.745245253681205
AIAdultLD50Contact= 0.0133440527017228
AILarvaSlope= 7.60390026494861
AILarvaLD50= 0.387807298125699
AIKOW= 3.80300014605746
AIKOC= 11.8828077055514
AIHalfLife= 3.81377460202202
EAppRate= 0
