ICQueenStrength= 5.22754205646925
RQWkrDrnRatio= 3.76092045195401
ICDroneMiteSurvivorship= 85.3506714571267
ICWorkerMiteSurvivorship= 52.8123076073825
ICForagerLifespan= 6.99632663931698
ImmType= Sine
AIAdultSlope= 2.7925107255578
AIAdultLD50= 0.230719382758252
AIAdultSlopeContact= 1.95244820362888
AIAdultLD50Contact= 0.0217564215534367
AILarvaSlope= 1.08898132052273
AILarvaLD50= 0.568323739618063
AIKOW= 6.09472102858126
AIKOC= 8.35367220686749
AIHalfLife= 1.51202442240901
EAppRate= 0
