ICQueenStrength= 1.45927313738503
RQWkrDrnRatio= 2.90380974858999
ICDroneMiteSurvivorship= 23.574403161183
ICWorkerMiteSurvivorship= 64.1480086138472
ICForagerLifespan= 4.01149824168533
ImmType= Cosine
AIAdultSlope= 0.160820151213557
AIAdultLD50= 0.0699430167442188
AIAdultSlopeContact= 3.386309240798
AIAdultLD50Contact= 0.0361530987313017
AILarvaSlope= 7.27796058636159
AILarvaLD50= 0.816433159005828
AIKOW= 4.62542592082173
AIKOC= 20.335886873072
AIHalfLife= 1.21031810180284
EAppRate= 0
