ICQueenStrength= 5.45928972447291
RQWkrDrnRatio= 2.50238213501871
ICDroneMiteSurvivorship= 51.2799116550013
ICWorkerMiteSurvivorship= 91.1695916904137
ICForagerLifespan= 14.1011320529506
ImmType= Sine
AIAdultSlope= 0.763234235346317
AIAdultLD50= 0.180223245755769
AIAdultSlopeContact= 3.51354218447115
AIAdultLD50Contact= 0.00124309038510546
AILarvaSlope= 1.6122161636129
AILarvaLD50= 0.1498317316873
AIKOW= 7.26525782421231
AIKOC= 15.1177066098899
AIHalfLife= 3.37034475407563
EAppRate= 0
