ICQueenStrength= 1.53831208031625
RQWkrDrnRatio= 2.80988684855402
ICDroneMiteSurvivorship= 42.4368063686416
ICWorkerMiteSurvivorship= 53.0366985592991
ICForagerLifespan= 12.5424674255773
ImmType= Tangent
AIAdultSlope= 0.145698852210771
AIAdultLD50= 0.157378073199652
AIAdultSlopeContact= 3.75845669087721
AIAdultLD50Contact= 0.0278973879059777
AILarvaSlope= 2.25556876789778
AILarvaLD50= 0.229247124586254
AIKOW= 6.76408322667703
AIKOC= 23.4627142210957
AIHalfLife= 2.51052753999829
EAppRate= 0
