ICQueenStrength= 1.40859784232453
RQWkrDrnRatio= 1.36651881597936
ICDroneMiteSurvivorship= 66.5161058539525
ICWorkerMiteSurvivorship= 74.1930532734841
ICForagerLifespan= 4.2229629214853
ImmType= Exponential
AIAdultSlope= 1.35024648858234
AIAdultLD50= 0.341432420536876
AIAdultSlopeContact= 2.25924518266926
AIAdultLD50Contact= 0.00164403059752658
AILarvaSlope= 4.26855463534594
AILarvaLD50= 0.866391478478909
AIKOW= 3.99231378734112
AIKOC= 11.2266744382214
AIHalfLife= 1.99845096212812
EAppRate= 0
