ICQueenStrength= 4.62554731313139
RQWkrDrnRatio= 4.61164016462862
ICDroneMiteSurvivorship= 52.1764527773485
ICWorkerMiteSurvivorship= 41.6900363750756
ICForagerLifespan= 13.1966789802536
ImmType= Sine
AIAdultSlope= 2.53261785022914
AIAdultLD50= 0.241790776257403
AIAdultSlopeContact= 2.15832803139696
AIAdultLD50Contact= 0.00879457109840587
AILarvaSlope= 0.417518450412899
AILarvaLD50= 0.243235485395417
AIKOW= 4.83885861979797
AIKOC= 27.5452484271955
AIHalfLife= 3.81854801555164
EAppRate= 0
