ICQueenStrength= 1.82390976836905
RQWkrDrnRatio= 1.04089965485036
ICDroneMiteSurvivorship= 83.495075837709
ICWorkerMiteSurvivorship= 27.2526577813551
ICForagerLifespan= 8.9866801397875
ImmType= Sine
AIAdultSlope= 2.72864849073812
AIAdultLD50= 0.445403033052571
AIAdultSlopeContact= 1.95616339588305
AIAdultLD50Contact= 0.0496496700448915
AILarvaSlope= 2.83104894473217
AILarvaLD50= 0.0111615304369479
AIKOW= 7.93677758984268
AIKOC= 5.97186428611167
AIHalfLife= 3.25574693270028
EAppRate= 0
