ICQueenStrength= 3.973533407785
RQWkrDrnRatio= 4.30492674838752
ICDroneMiteSurvivorship= 11.1844528932124
ICWorkerMiteSurvivorship= 48.5404437640682
ICForagerLifespan= 14.5510706230998
ImmType= Polynomial
AIAdultSlope= 9.24102973658592
AIAdultLD50= 0.425899517140351
AIAdultSlopeContact= 2.84984434716403
AIAdultLD50Contact= 0.0200702351285145
AILarvaSlope= 4.35351706575602
AILarvaLD50= 0.406398611236364
AIKOW= 6.12118141585961
AIKOC= 22.0741410576738
AIHalfLife= 1.08241232228465
EAppRate= 0
