ICQueenStrength= 5.54697647597641
RQWkrDrnRatio= 1.05100399814546
ICDroneMiteSurvivorship= 91.7609757510945
ICWorkerMiteSurvivorship= 25.7099822862074
ICForagerLifespan= 7.23005694523454
ImmType= Tangent
AIAdultSlope= 2.22742618446238
AIAdultLD50= 0.439985767123289
AIAdultSlopeContact= 1.85840087825898
AIAdultLD50Contact= 0.0333194678998552
AILarvaSlope= 3.05527323461138
AILarvaLD50= 0.626955200708471
AIKOW= 4.3291206243448
AIKOC= 11.5075581485871
AIHalfLife= 4.01862691389397
EAppRate= 0
