ICQueenStrength= 3.91167055140249
RQWkrDrnRatio= 4.26207937393337
ICDroneMiteSurvivorship= 62.2903659706935
ICWorkerMiteSurvivorship= 18.3265460887924
ICForagerLifespan= 14.772169476375
ImmType= Sine
AIAdultSlope= 2.8289344211854
AIAdultLD50= 0.292292873258702
AIAdultSlopeContact= 2.35172521027504
AIAdultLD50Contact= 0.0175820377538912
AILarvaSlope= 1.70776426349767
AILarvaLD50= 0.393682814436033
AIKOW= 3.2967377207242
AIKOC= 13.6411949945614
AIHalfLife= 0.0926985207479447
EAppRate= 0
