ICQueenStrength= 4.49891480640508
RQWkrDrnRatio= 2.5857832338661
ICDroneMiteSurvivorship= 30.4332023952156
ICWorkerMiteSurvivorship= 16.3029609480873
ICForagerLifespan= 8.6565707186237
ImmType= Logarithmic
AIAdultSlope= 2.52879338383209
AIAdultLD50= 0.318800026201643
AIAdultSlopeContact= 3.40187930564163
AIAdultLD50Contact= 0.0296581989736296
AILarvaSlope= 0.793073440156877
AILarvaLD50= 0.139341460517608
AIKOW= 6.63073873100802
AIKOC= 28.1018187245354
AIHalfLife= 0.784301310777664
EAppRate= 0
