ICQueenStrength= 4.27249511843547
RQWkrDrnRatio= 1.02636970020831
ICDroneMiteSurvivorship= 72.2316829720512
ICWorkerMiteSurvivorship= 88.6351406341419
ICForagerLifespan= 9.76556956488639
ImmType= Polynomial
AIAdultSlope= 3.11890637502074
AIAdultLD50= 0.124804423074238
AIAdultSlopeContact= 3.35772255266318
AIAdultLD50Contact= 0.007213515706826
AILarvaSlope= 2.98625335502438
AILarvaLD50= 0.669646778306924
AIKOW= 7.76605933206156
AIKOC= 17.757758673979
AIHalfLife= 1.57316242228262
EAppRate= 0
