ICQueenStrength= 1.08359839674085
RQWkrDrnRatio= 4.63167786877602
ICDroneMiteSurvivorship= 13.2923780940473
ICWorkerMiteSurvivorship= 82.3247733525932
ICForagerLifespan= 11.3802095223218
ImmType= Exponential
AIAdultSlope= 5.24598301621154
AIAdultLD50= 0.217664711177349
AIAdultSlopeContact= 0.179415367688052
AIAdultLD50Contact= 0.00472374376840889
AILarvaSlope= 4.30872871540487
AILarvaLD50= 0.143563733808696
AIKOW= 7.26530908653513
AIKOC= 6.9200200564228
AIHalfLife= 1.50160907767713
EAppRate= 0
