ICQueenStrength= 2.57364796614274
RQWkrDrnRatio= 2.15916875936091
ICDroneMiteSurvivorship= 5.76112712733448
ICWorkerMiteSurvivorship= 59.7945617046207
ICForagerLifespan= 7.01928538735956
ImmType= Logarithmic
AIAdultSlope= 9.11686586216092
AIAdultLD50= 0.38567325589247
AIAdultSlopeContact= 1.43833335998235
AIAdultLD50Contact= 0.0125064146355726
AILarvaSlope= 4.62668797466904
AILarvaLD50= 0.61245491055306
AIKOW= 4.94673347193748
AIKOC= 11.9449995993637
AIHalfLife= 4.6605243277736
EAppRate= 0
