ICQueenStrength= 1.92554870294407
RQWkrDrnRatio= 1.3631733218208
ICDroneMiteSurvivorship= 12.7092048758641
ICWorkerMiteSurvivorship= 89.9760793428868
ICForagerLifespan= 7.9561017062515
ImmType= Tangent
AIAdultSlope= 1.22574071167037
AIAdultLD50= 0.2866019672947
AIAdultSlopeContact= 0.200176346905064
AIAdultLD50Contact= 0.0445678125717677
AILarvaSlope= 5.72910237824544
AILarvaLD50= 0.492040654504672
AIKOW= 2.24984680581838
AIKOC= 10.9864341921639
AIHalfLife= 1.23082575271837
EAppRate= 0
