ICQueenStrength= 1.27127558598295
RQWkrDrnRatio= 2.5099897896871
ICDroneMiteSurvivorship= 90.9992764238268
ICWorkerMiteSurvivorship= 16.4873205125332
ICForagerLifespan= 9.2872848790139
ImmType= Sine
AIAdultSlope= 0.0189723563380539
AIAdultLD50= 0.495093844598159
AIAdultSlopeContact= 0.94068583125947
AIAdultLD50Contact= 0.0397021952085197
AILarvaSlope= 2.28287426340394
AILarvaLD50= 0.845674219890498
AIKOW= 3.07226321520284
AIKOC= 6.54900257475674
AIHalfLife= 2.30330213555135
EAppRate= 0
