ICQueenStrength= 5.9904373800382
RQWkrDrnRatio= 3.52332645654678
ICDroneMiteSurvivorship= 58.3843009080738
ICWorkerMiteSurvivorship= 69.6335587650537
ICForagerLifespan= 7.13791398797184
ImmType= Sine
AIAdultSlope= 1.63241880014539
AIAdultLD50= 0.0546326005132869
AIAdultSlopeContact= 2.8429415062652
AIAdultLD50Contact= 0.0464781764429063
AILarvaSlope= 1.25210548434407
AILarvaLD50= 0.21906041954644
AIKOW= 2.10156017215922
AIKOC= 23.2424314029049
AIHalfLife= 3.26271427678876
EAppRate= 0
