ICQueenStrength= 2.94800077821128
RQQueenStrength= 3.44248208822682
RQWkrDrnRatio= 1.50912096444517
ICDroneMiteSurvivorship= 56.0139917070046
ICWorkerMiteSurvivorship= 31.9391622906551
ICForagerLifespan= 9.69998750090599
ImmType= Sine
AIAdultSlope= 1.23398148118285
AIAdultLD50= 0.019868480367586
AIAdultSlopeContact= 0.913881419473328
AIAdultLD50Contact= 0.00853418563492596
AILarvaSlope= 1.50541294259019
AILarvaLD50= 0.780302030383609
AIKOW= 5.15208276547492
AIKOC= 17.7199904352892
AIHalfLife= 1.38666412068997
