ICQueenStrength= 1.9625186608173
RQWkrDrnRatio= 4.83923109807074
ICDroneMiteSurvivorship= 59.4477328006178
ICWorkerMiteSurvivorship= 9.82312127016485
ICForagerLifespan= 12.4633551901206
ImmType= Tangent
AIAdultSlope= 2.7547691519768
AIAdultLD50= 0.118233804125339
AIAdultSlopeContact= 3.19886814259691
AIAdultLD50Contact= 0.0444089379394427
AILarvaSlope= 2.46447730590589
AILarvaLD50= 0.774674699711613
AIKOW= 3.21062220679596
AIKOC= 19.7253335104324
AIHalfLife= 2.46069026528858
EAppRate= 0
