ICQueenStrength= 3.84727452904917
RQWkrDrnRatio= 3.10415087174624
ICDroneMiteSurvivorship= 25.176987843588
ICWorkerMiteSurvivorship= 76.1076136725023
ICForagerLifespan= 6.31623684987426
ImmType= Sine
AIAdultSlope= 5.44175044400617
AIAdultLD50= 0.455316487699747
AIAdultSlopeContact= 0.0318090820871294
AIAdultLD50Contact= 0.027435634972062
AILarvaSlope= 2.97697543399408
AILarvaLD50= 0.355192749411799
AIKOW= 5.96318020252511
AIKOC= 22.9569409287069
AIHalfLife= 3.02922237780876
EAppRate= 0
