ICQueenStrength= 1.19129706197418
RQWkrDrnRatio= 2.96924946270883
ICDroneMiteSurvivorship= 57.6791631057858
ICWorkerMiteSurvivorship= 61.6414802614599
ICForagerLifespan= 14.0202003801242
ImmType= Logarithmic
AIAdultSlope= 2.75161928730085
AIAdultLD50= 0.358950877678581
AIAdultSlopeContact= 0.295400210686494
AIAdultLD50Contact= 0.0138827275019139
AILarvaSlope= 9.07819593558088
AILarvaLD50= 0.291307896352373
AIKOW= 5.87896875943989
AIKOC= 28.2270917855203
AIHalfLife= 1.08125426108018
EAppRate= 0
