ICQueenStrength= 1.65812752698548
RQWkrDrnRatio= 4.63299311790615
ICDroneMiteSurvivorship= 73.8189740339294
ICWorkerMiteSurvivorship= 38.2167724892497
ICForagerLifespan= 12.9834223417565
ImmType= Cosine
AIAdultSlope= 9.39190498553216
AIAdultLD50= 0.427072745747864
AIAdultSlopeContact= 2.99385907037649
AIAdultLD50Contact= 0.00872145735193044
AILarvaSlope= 2.43670006571338
AILarvaLD50= 0.0642911838367581
AIKOW= 7.98739658202976
AIKOC= 20.8401931810658
AIHalfLife= 2.29575838544406
EAppRate= 0
