ICQueenStrength= 3.74725308758207
RQWkrDrnRatio= 3.90707179065794
ICDroneMiteSurvivorship= 20.7943218760192
ICWorkerMiteSurvivorship= 60.0445774616674
ICForagerLifespan= 11.8733825720847
ImmType= Logarithmic
AIAdultSlope= 3.82771724136546
AIAdultLD50= 0.356226506526582
AIAdultSlopeContact= 2.64143246196443
AIAdultLD50Contact= 0.00157176473876461
AILarvaSlope= 2.61555526405573
AILarvaLD50= 0.794264646805823
AIKOW= 5.45627891691402
AIKOC= 7.09194879280403
AIHalfLife= 1.51359054259956
EAppRate= 0
