ICQueenStrength= 3.15114545891993
RQWkrDrnRatio= 1.2916138516739
ICDroneMiteSurvivorship= 56.4794649835676
ICWorkerMiteSurvivorship= 78.0579982325435
ICForagerLifespan= 10.65107915923
ImmType= Tangent
AIAdultSlope= 9.07844366971403
AIAdultLD50= 0.490936264046468
AIAdultSlopeContact= 3.24826331161195
AIAdultLD50Contact= 0.0259078095434234
AILarvaSlope= 1.55218780329451
AILarvaLD50= 0.429953898419626
AIKOW= 6.19795648753643
AIKOC= 15.3148993221112
AIHalfLife= 0.115991034545004
EAppRate= 0
