ICQueenStrength= 3.26903132279404
RQWkrDrnRatio= 3.19834890775383
ICDroneMiteSurvivorship= 10.6177769601345
ICWorkerMiteSurvivorship= 45.0945313787088
ICForagerLifespan= 6.43659543059766
ImmType= Logarithmic
AIAdultSlope= 2.71578385446221
AIAdultLD50= 0.469300673110411
AIAdultSlopeContact= 2.15706547336886
AIAdultLD50Contact= 0.0144415578222834
AILarvaSlope= 0.411362441536039
AILarvaLD50= 0.858156897104345
AIKOW= 6.31782197067514
AIKOC= 23.4767391998321
AIHalfLife= 1.09386046184227
EAppRate= 0
