ICQueenStrength= 1.12100703665055
RQWkrDrnRatio= 1.05167007353157
ICDroneMiteSurvivorship= 69.2623873706907
ICWorkerMiteSurvivorship= 49.0891546476632
ICForagerLifespan= 8.05577114038169
ImmType= Sine
AIAdultSlope= 2.38645829227287
AIAdultLD50= 0.200103875948116
AIAdultSlopeContact= 2.15486219336512
AIAdultLD50Contact= 0.00307190078310668
AILarvaSlope= 2.99403651300818
AILarvaLD50= 0.272826087567955
AIKOW= 7.2592976805754
AIKOC= 18.4020876372233
AIHalfLife= 4.18769422685727
EAppRate= 0
