ICQueenStrength= 4.07942938874476
RQWkrDrnRatio= 2.16807818692178
ICDroneMiteSurvivorship= 27.4878686992452
ICWorkerMiteSurvivorship= 32.1715669007972
ICForagerLifespan= 13.8713199459016
ImmType= Polynomial
AIAdultSlope= 2.17114908926189
AIAdultLD50= 0.0624576149275526
AIAdultSlopeContact= 2.15406431585317
AIAdultLD50Contact= 0.00486735737649724
AILarvaSlope= 1.53478311747313
AILarvaLD50= 0.73631269026082
AIKOW= 5.37569089792669
AIKOC= 7.69604065688327
AIHalfLife= 2.27865851367824
EAppRate= 0
