ICQueenStrength= 5.53869532677345
RQWkrDrnRatio= 3.82344014104456
ICDroneMiteSurvivorship= 38.8050190638751
ICWorkerMiteSurvivorship= 37.0812550419942
ICForagerLifespan= 13.4150058180094
ImmType= Sine
AIAdultSlope= 9.62896747281775
AIAdultLD50= 0.466197030851617
AIAdultSlopeContact= 1.73370871128514
AIAdultLD50Contact= 0.0167148073436692
AILarvaSlope= 8.24802456889302
AILarvaLD50= 0.699016301496886
AIKOW= 2.53600423550233
AIKOC= 13.6462164472323
AIHalfLife= 4.63781271246262
EAppRate= 0
