ICQueenStrength= 3.8831631783396
RQWkrDrnRatio= 4.33922314550728
ICDroneMiteSurvivorship= 78.6123543744907
ICWorkerMiteSurvivorship= 44.3395930575207
ICForagerLifespan= 12.2487491238862
ImmType= Tangent
AIAdultSlope= 7.1325026685372
AIAdultLD50= 0.0709172582719475
AIAdultSlopeContact= 0.109753220099956
AIAdultLD50Contact= 0.0303496632142924
AILarvaSlope= 3.10313418507576
AILarvaLD50= 0.778774973773398
AIKOW= 3.23910086834803
AIKOC= 23.7429413897917
AIHalfLife= 4.4818830001168
EAppRate= 0
