ICQueenStrength= 3.65871194307692
RQWkrDrnRatio= 2.06798033695668
ICDroneMiteSurvivorship= 34.1020252322778
ICWorkerMiteSurvivorship= 94.7257305728272
ICForagerLifespan= 11.8245924916118
ImmType= Cosine
AIAdultSlope= 9.08469389891252
AIAdultLD50= 0.246355094364844
AIAdultSlopeContact= 1.38835495348088
AIAdultLD50Contact= 0.0233640702208504
AILarvaSlope= 0.896690438967198
AILarvaLD50= 0.407424342865124
AIKOW= 5.83751825336367
AIKOC= 20.4932973324321
AIHalfLife= 4.01462814654224
EAppRate= 0
