ICQueenStrength= 5.18066495214589
RQWkrDrnRatio= 2.90395025350153
ICDroneMiteSurvivorship= 96.2320299353451
ICWorkerMiteSurvivorship= 22.6050053257495
ICForagerLifespan= 6.85065966751426
ImmType= Sine
AIAdultSlope= 3.91468881203793
AIAdultLD50= 0.443864342872985
AIAdultSlopeContact= 2.80294222808909
AIAdultLD50Contact= 0.0393177575082518
AILarvaSlope= 0.440983092645183
AILarvaLD50= 0.231345301237889
AIKOW= 2.2989901220426
AIKOC= 12.7367668156512
AIHalfLife= 1.67738782940432
EAppRate= 0
