ICQueenStrength= 4.82724599563517
RQWkrDrnRatio= 1.13757739216089
ICDroneMiteSurvivorship= 51.0365180904046
ICWorkerMiteSurvivorship= 35.6663145124912
ICForagerLifespan= 7.33243454992771
ImmType= Sine
AIAdultSlope= 1.60500440979376
AIAdultLD50= 0.318024024949409
AIAdultSlopeContact= 2.12059723695042
AIAdultLD50Contact= 0.0193677106522955
AILarvaSlope= 2.11277206428349
AILarvaLD50= 0.704805974755436
AIKOW= 3.97739603510126
AIKOC= 8.39040666003712
AIHalfLife= 1.3447118003387
EAppRate= 0
