ICQueenStrength= 5.11647745058872
RQWkrDrnRatio= 4.76970610208809
ICDroneMiteSurvivorship= 12.2141446452588
ICWorkerMiteSurvivorship= 67.417507362552
ICForagerLifespan= 10.6067139916122
ImmType= Logarithmic
AIAdultSlope= 9.11624614382163
AIAdultLD50= 0.266575912828557
AIAdultSlopeContact= 2.77254768592771
AIAdultLD50Contact= 0.0299948288709857
AILarvaSlope= 2.20157265434973
AILarvaLD50= 0.795283447857946
AIKOW= 3.13651178823784
AIKOC= 13.7588856113143
AIHalfLife= 2.91155662154779
EAppRate= 0
