ICQueenStrength= 4.130809571594
RQWkrDrnRatio= 2.62930499576032
ICDroneMiteSurvivorship= 39.6536553744227
ICWorkerMiteSurvivorship= 30.2577566821128
ICForagerLifespan= 9.92937215883285
ImmType= Cosine
AIAdultSlope= 0.824112301804125
AIAdultLD50= 0.248959382763132
AIAdultSlopeContact= 0.112802187642083
AIAdultLD50Contact= 0.0272840748424642
AILarvaSlope= 0.245807119086385
AILarvaLD50= 0.593026833725162
AIKOW= 4.85456494288519
AIKOC= 23.4470817854162
AIHalfLife= 1.46443735342473
EAppRate= 0
