ICQueenStrength= 3.58377662627026
RQWkrDrnRatio= 3.55974077340215
ICDroneMiteSurvivorship= 24.6723275864497
ICWorkerMiteSurvivorship= 49.4519836036488
ICForagerLifespan= 14.7213264526799
ImmType= Sine
AIAdultSlope= 3.32451491338201
AIAdultLD50= 0.037215391988866
AIAdultSlopeContact= 1.15345974680269
AIAdultLD50Contact= 0.00492695616558194
AILarvaSlope= 1.97349210339598
AILarvaLD50= 0.0396979006240144
AIKOW= 2.31816473836079
AIKOC= 18.8684708275832
AIHalfLife= 2.8333962499164
EAppRate= 0
