ICQueenStrength= 5.54287844942883
RQWkrDrnRatio= 3.58881966117769
ICDroneMiteSurvivorship= 65.6010137405246
ICWorkerMiteSurvivorship= 34.0136576676741
ICForagerLifespan= 11.1970203658566
ImmType= Sine
AIAdultSlope= 7.94215584406629
AIAdultLD50= 0.172284496948123
AIAdultSlopeContact= 1.18978891780833
AIAdultLD50Contact= 0.0412959103588946
AILarvaSlope= 1.89466278576292
AILarvaLD50= 0.838380576716736
AIKOW= 4.85051717795432
AIKOC= 22.1167645778041
AIHalfLife= 4.34085845947266
EAppRate= 0
