ICQueenStrength= 2.79793046903796
RQWkrDrnRatio= 2.48326196800917
ICDroneMiteSurvivorship= 21.5287870261818
ICWorkerMiteSurvivorship= 52.9468355234712
ICForagerLifespan= 10.4991374388337
ImmType= Polynomial
AIAdultSlope= 7.20852819504216
AIAdultLD50= 0.0966518286149949
AIAdultSlopeContact= 1.04051311157411
AIAdultLD50Contact= 0.0472752916626632
AILarvaSlope= 1.73166474560276
AILarvaLD50= 0.191087152110413
AIKOW= 3.1903253220953
AIKOC= 8.68958081817254
AIHalfLife= 0.058797060046345
EAppRate= 0
