ICQueenStrength= 1.52795349038206
RQWkrDrnRatio= 1.42302197031677
ICDroneMiteSurvivorship= 47.993919160217
ICWorkerMiteSurvivorship= 81.5016004024073
ICForagerLifespan= 9.40884511452168
ImmType= Polynomial
AIAdultSlope= 3.08715198463993
AIAdultLD50= 0.355247754254378
AIAdultSlopeContact= 0.380373386107385
AIAdultLD50Contact= 0.032025555614382
AILarvaSlope= 1.39976145955734
AILarvaLD50= 0.115880619781092
AIKOW= 3.39496313873678
AIKOC= 10.4489392205141
AIHalfLife= 2.86954985000193
EAppRate= 0
