ICQueenStrength= 3.28209230001085
RQWkrDrnRatio= 1.50401745177805
ICDroneMiteSurvivorship= 77.3379757069051
ICWorkerMiteSurvivorship= 21.8211100436747
ICForagerLifespan= 15.3095512120053
ImmType= Sine
AIAdultSlope= 1.63584167370573
AIAdultLD50= 0.371235329075716
AIAdultSlopeContact= 0.824255910313223
AIAdultLD50Contact= 0.0290401100879535
AILarvaSlope= 7.4548066360876
AILarvaLD50= 0.55154559770599
AIKOW= 7.22173994407058
AIKOC= 6.11174660851248
AIHalfLife= 0.702693518251181
EAppRate= 0
