ICQueenStrength= 1.39562794845551
RQWkrDrnRatio= 3.8382117729634
ICDroneMiteSurvivorship= 58.5792107973248
ICWorkerMiteSurvivorship= 48.9960378035903
ICForagerLifespan= 10.4492705380544
ImmType= Exponential
AIAdultSlope= 4.74267562385648
AIAdultLD50= 0.106798449764028
AIAdultSlopeContact= 1.90844335202593
AIAdultLD50Contact= 0.0415821090224199
AILarvaSlope= 2.18448099447414
AILarvaLD50= 0.213497760915197
AIKOW= 3.40011404734105
AIKOC= 25.4872461385094
AIHalfLife= 4.40122156403959
EAppRate= 0
