ICQueenStrength= 4.06005617137998
RQWkrDrnRatio= 4.65044926665723
ICDroneMiteSurvivorship= 50.3179716877639
ICWorkerMiteSurvivorship= 16.1013907752931
ICForagerLifespan= 11.7863016612828
ImmType= Sine
AIAdultSlope= 6.75411772914231
AIAdultLD50= 0.103614758350886
AIAdultSlopeContact= 0.793407493159175
AIAdultLD50Contact= 0.020092628209386
AILarvaSlope= 2.84032844938338
AILarvaLD50= 0.718099148478359
AIKOW= 2.66389858582988
AIKOC= 16.4341932465322
AIHalfLife= 0.103096627863124
EAppRate= 0
