ICQueenStrength= 2.10597339225933
RQWkrDrnRatio= 1.74560942593962
ICDroneMiteSurvivorship= 8.76245121471584
ICWorkerMiteSurvivorship= 17.4549504881725
ICForagerLifespan= 7.5813400875777
ImmType= Tangent
AIAdultSlope= 1.47501246538013
AIAdultLD50= 0.11607971182093
AIAdultSlopeContact= 1.26444165530149
AIAdultLD50Contact= 0.0227346842177212
AILarvaSlope= 7.58036498213187
AILarvaLD50= 0.283697489532642
AIKOW= 3.97754295729101
AIKOC= 11.8544490030035
AIHalfLife= 1.93706475547515
EAppRate= 0
