ICQueenStrength= 4.45393707044423
RQWkrDrnRatio= 4.75022675842047
ICDroneMiteSurvivorship= 21.0310676367953
ICWorkerMiteSurvivorship= 54.6369985444471
ICForagerLifespan= 15.1747783673927
ImmType= Tangent
AIAdultSlope= 3.26065117129125
AIAdultLD50= 0.468379592872225
AIAdultSlopeContact= 3.05112494097557
AIAdultLD50Contact= 0.048599995765835
AILarvaSlope= 0.830306750023738
AILarvaLD50= 0.520201986911707
AIKOW= 3.39874052023515
AIKOC= 23.1512675422709
AIHalfLife= 4.45105379098095
EAppRate= 0
