ICQueenStrength= 3.50104530248791
RQWkrDrnRatio= 1.97400734107941
ICDroneMiteSurvivorship= 26.3769320677966
ICWorkerMiteSurvivorship= 14.8652543080971
ICForagerLifespan= 13.392271165736
ImmType= Exponential
AIAdultSlope= 3.51459210088709
AIAdultLD50= 0.0429251225432381
AIAdultSlopeContact= 1.83417299500667
AIAdultLD50Contact= 0.0410750100505538
AILarvaSlope= 2.307377603231
AILarvaLD50= 0.875475784926675
AIKOW= 2.2086930219084
AIKOC= 28.6408957163803
AIHalfLife= 3.89256501686759
EAppRate= 0
