ICQueenStrength= 4.02061542402953
RQWkrDrnRatio= 3.73517800122499
ICDroneMiteSurvivorship= 40.6811409862712
ICWorkerMiteSurvivorship= 50.8168592350557
ICForagerLifespan= 9.81756120547652
ImmType= Tangent
AIAdultSlope= 0.374184492975473
AIAdultLD50= 0.048633805825375
AIAdultSlopeContact= 0.530414342174772
AIAdultLD50Contact= 0.0258917395258322
AILarvaSlope= 0.971934960642829
AILarvaLD50= 0.022659970424138
AIKOW= 4.03359776036814
AIKOC= 12.4791069608182
AIHalfLife= 4.84870844404213
EAppRate= 0
