ICQueenStrength= 1.63467531115748
RQWkrDrnRatio= 1.55668880231678
ICDroneMiteSurvivorship= 25.4177396651357
ICWorkerMiteSurvivorship= 85.4183436371386
ICForagerLifespan= 12.9818414868787
ImmType= Tangent
AIAdultSlope= 1.24432253461098
AIAdultLD50= 0.225901642465033
AIAdultSlopeContact= 1.28474037790205
AIAdultLD50Contact= 0.03193294769153
AILarvaSlope= 1.05186148602515
AILarvaLD50= 0.527501219557598
AIKOW= 2.3290133853443
AIKOC= 15.2206501236651
AIHalfLife= 1.84484787401743
EAppRate= 0
