ICQueenStrength= 4.9989257149864
RQWkrDrnRatio= 4.03047362342477
ICDroneMiteSurvivorship= 51.5098412055522
ICWorkerMiteSurvivorship= 57.7353419968858
ICForagerLifespan= 4.72196118719876
ImmType= Exponential
AIAdultSlope= 4.02152503374964
AIAdultLD50= 0.283315820619464
AIAdultSlopeContact= 3.63056516843615
AIAdultLD50Contact= 0.0462259129853919
AILarvaSlope= 1.82825535545126
AILarvaLD50= 0.812896024785005
AIKOW= 3.87441898044199
AIKOC= 12.6433642418124
AIHalfLife= 2.92568832752295
EAppRate= 0
