ICQueenStrength= 3.09207445615903
RQWkrDrnRatio= 2.28871920052916
ICDroneMiteSurvivorship= 54.7606162261218
ICWorkerMiteSurvivorship= 79.5717854751274
ICForagerLifespan= 8.97706944681704
ImmType= Exponential
AIAdultSlope= 3.31329683074728
AIAdultLD50= 0.481717322254553
AIAdultSlopeContact= 1.5675987879443
AIAdultLD50Contact= 0.0248574891942553
AILarvaSlope= 4.1920814011246
AILarvaLD50= 0.211118945572525
AIKOW= 5.36622052360326
AIKOC= 13.255446475232
AIHalfLife= 3.85003753122874
EAppRate= 0
