ICQueenStrength= 2.13739231950603
RQWkrDrnRatio= 3.27141818776727
ICDroneMiteSurvivorship= 23.2549775391817
ICWorkerMiteSurvivorship= 24.0770584437996
ICForagerLifespan= 13.1775462049991
ImmType= Cosine
AIAdultSlope= 4.01828871341422
AIAdultLD50= 0.10608400311321
AIAdultSlopeContact= 2.67117576842895
AIAdultLD50Contact= 0.0301137430942617
AILarvaSlope= 0.34508789642714
AILarvaLD50= 0.150084031163715
AIKOW= 4.50695018237457
AIKOC= 20.7212696620263
AIHalfLife= 0.880589722655714
EAppRate= 0
