ICQueenStrength= 5.29828517255373
RQWkrDrnRatio= 1.14408646896482
ICDroneMiteSurvivorship= 54.6403337270021
ICWorkerMiteSurvivorship= 10.838244180195
ICForagerLifespan= 9.9324617870152
ImmType= Polynomial
AIAdultSlope= 1.21416059322655
AIAdultLD50= 0.0751363335875794
AIAdultSlopeContact= 2.36602875869488
AIAdultLD50Contact= 0.00665770610794425
AILarvaSlope= 3.31948954411782
AILarvaLD50= 0.820099827786908
AIKOW= 4.23372635198757
AIKOC= 27.1857218944933
AIHalfLife= 0.761125037679449
EAppRate= 0
