ICQueenStrength= 5.2447159870062
RQWkrDrnRatio= 1.44747884850949
ICDroneMiteSurvivorship= 46.6400067089126
ICWorkerMiteSurvivorship= 32.2655429132283
ICForagerLifespan= 4.47895898204297
ImmType= Exponential
AIAdultSlope= 9.38884888309985
AIAdultLD50= 0.133395614218898
AIAdultSlopeContact= 0.0586096535157412
AIAdultLD50Contact= 0.0345772992586717
AILarvaSlope= 2.42164999321103
AILarvaLD50= 0.151260342844762
AIKOW= 2.651915977709
AIKOC= 17.0707254100125
AIHalfLife= 2.33340778038837
EAppRate= 0
