ICQueenStrength= 3.09987909067422
RQWkrDrnRatio= 4.61965264007449
ICDroneMiteSurvivorship= 6.92492737434804
ICWorkerMiteSurvivorship= 52.608629106544
ICForagerLifespan= 9.03360734786838
ImmType= Logarithmic
AIAdultSlope= 3.14826492264401
AIAdultLD50= 0.174650110653602
AIAdultSlopeContact= 1.31250866361195
AIAdultLD50Contact= 0.00898436781717464
AILarvaSlope= 2.56322395065799
AILarvaLD50= 0.795947515661828
AIKOW= 5.84441900299862
AIKOC= 22.4519543536007
AIHalfLife= 2.05721060629003
EAppRate= 0
