ICQueenStrength= 3.70339967450127
RQWkrDrnRatio= 4.65180335287005
ICDroneMiteSurvivorship= 41.331104747951
ICWorkerMiteSurvivorship= 45.4633889952675
ICForagerLifespan= 4.84257401898503
ImmType= Tangent
AIAdultSlope= 0.116751511772163
AIAdultLD50= 0.406296461471356
AIAdultSlopeContact= 1.5504758177558
AIAdultLD50Contact= 0.0153590432135388
AILarvaSlope= 2.00174088561907
AILarvaLD50= 0.533588021853939
AIKOW= 2.9518412547186
AIKOC= 16.7724926327355
AIHalfLife= 1.10724925878458
EAppRate= 0
