ICQueenStrength= 2.5428852092009
RQWkrDrnRatio= 1.92160736490041
ICDroneMiteSurvivorship= 64.8308402393013
ICWorkerMiteSurvivorship= 39.2439387040213
ICForagerLifespan= 9.48616476822644
ImmType= Sine
AIAdultSlope= 1.48878588341177
AIAdultLD50= 0.150100928847678
AIAdultSlopeContact= 0.154833586842287
AIAdultLD50Contact= 0.0495676875347272
AILarvaSlope= 3.36516345385462
AILarvaLD50= 0.126638338621706
AIKOW= 7.43569720629603
AIKOC= 17.5923429208342
AIHalfLife= 0.579153993166983
EAppRate= 0
