ICQueenStrength= 5.44419847102836
RQWkrDrnRatio= 2.92662087082863
ICDroneMiteSurvivorship= 91.5827095741406
ICWorkerMiteSurvivorship= 84.7155064810067
ICForagerLifespan= 6.93351043853909
ImmType= Logarithmic
AIAdultSlope= 1.8820113432873
AIAdultLD50= 0.0452159966807812
AIAdultSlopeContact= 0.796770527281333
AIAdultLD50Contact= 0.0104943385347724
AILarvaSlope= 2.77997393631376
AILarvaLD50= 0.261285153427161
AIKOW= 4.30246150493622
AIKOC= 6.55300438636914
AIHalfLife= 3.21128245675936
EAppRate= 0
