ICQueenStrength= 4.50041664321907
RQWkrDrnRatio= 1.71755179576576
ICDroneMiteSurvivorship= 98.3942949445918
ICWorkerMiteSurvivorship= 37.1112866559997
ICForagerLifespan= 8.11543623171747
ImmType= Polynomial
AIAdultSlope= 9.64071233058348
AIAdultLD50= 0.177017208188772
AIAdultSlopeContact= 0.364366549907718
AIAdultLD50Contact= 0.0342651101294905
AILarvaSlope= 0.734797494951636
AILarvaLD50= 0.623693614639342
AIKOW= 4.48001790652052
AIKOC= 12.2745933255646
AIHalfLife= 2.05082631437108
EAppRate= 0
