ICQueenStrength= 5.75687763188034
RQWkrDrnRatio= 2.87226478941739
ICDroneMiteSurvivorship= 1.09526538290083
ICWorkerMiteSurvivorship= 24.4954022811726
ICForagerLifespan= 10.6053070668131
ImmType= Polynomial
AIAdultSlope= 3.82056047589518
AIAdultLD50= 0.0134104155004025
AIAdultSlopeContact= 1.64613191803219
AIAdultLD50Contact= 0.0154548660619184
AILarvaSlope= 2.87071372037753
AILarvaLD50= 0.263662774139084
AIKOW= 4.099955921527
AIKOC= 20.1873003051151
AIHalfLife= 4.21689783222973
EAppRate= 0
