ICQueenStrength= 2.66529037174769
RQWkrDrnRatio= 3.48012819886208
ICDroneMiteSurvivorship= 16.4334004744887
ICWorkerMiteSurvivorship= 72.3248295253143
ICForagerLifespan= 15.9300948660821
ImmType= Cosine
AIAdultSlope= 0.633180042270105
AIAdultLD50= 0.437010795692913
AIAdultSlopeContact= 3.7247471561213
AIAdultLD50Contact= 0.0194354069186375
AILarvaSlope= 3.37891949829645
AILarvaLD50= 0.0874338072957471
AIKOW= 6.39374009193853
AIKOC= 11.5960984269623
AIHalfLife= 0.508047627517954
EAppRate= 0
