ICQueenStrength= 2.30603067344055
RQWkrDrnRatio= 2.77787088323385
ICDroneMiteSurvivorship= 59.7373736090958
ICWorkerMiteSurvivorship= 37.567350640893
ICForagerLifespan= 12.6519907508045
ImmType= Polynomial
AIAdultSlope= 4.15498811285943
AIAdultLD50= 0.0997491952730343
AIAdultSlopeContact= 1.52812607796164
AIAdultLD50Contact= 0.0223878615535796
AILarvaSlope= 3.03124997369014
AILarvaLD50= 0.402012671227567
AIKOW= 4.87905448488891
AIKOC= 27.6793945766985
AIHalfLife= 1.02829437702894
EAppRate= 0
