ICQueenStrength= 4.47734691225924
RQWkrDrnRatio= 4.87781623285264
ICDroneMiteSurvivorship= 52.6759812841192
ICWorkerMiteSurvivorship= 7.63954697176814
ICForagerLifespan= 6.57652015890926
ImmType= Sine
AIAdultSlope= 7.43624592898414
AIAdultLD50= 0.442344916402362
AIAdultSlopeContact= 2.18292273604777
AIAdultLD50Contact= 0.0408908950863406
AILarvaSlope= 1.39242823859677
AILarvaLD50= 0.318627814971842
AIKOW= 6.67660301737487
AIKOC= 9.93309966404922
AIHalfLife= 0.648812281433493
EAppRate= 0
