ICQueenStrength= 4.83845820324495
RQWkrDrnRatio= 1.75466443691403
ICDroneMiteSurvivorship= 69.9280377244577
ICWorkerMiteSurvivorship= 10.5303684482351
ICForagerLifespan= 15.3494316982105
ImmType= Polynomial
AIAdultSlope= 8.74587175436318
AIAdultLD50= 0.485096449614502
AIAdultSlopeContact= 3.21487118419027
AIAdultLD50Contact= 0.027858082158491
AILarvaSlope= 2.18848179471679
AILarvaLD50= 0.713640811666846
AIKOW= 4.46033574780449
AIKOC= 26.5077940956689
AIHalfLife= 2.46957747847773
EAppRate= 0
