ICQueenStrength= 4.94056872813962
RQWkrDrnRatio= 1.58118955232203
ICDroneMiteSurvivorship= 31.7063263151795
ICWorkerMiteSurvivorship= 30.3506234427914
ICForagerLifespan= 12.6245843246579
ImmType= Sine
AIAdultSlope= 1.15398834818043
AIAdultLD50= 0.316791849094443
AIAdultSlopeContact= 1.64083210568642
AIAdultLD50Contact= 0.0114148825872689
AILarvaSlope= 0.849639172153547
AILarvaLD50= 0.122083910414949
AIKOW= 4.69222288578749
AIKOC= 15.2915703610051
AIHalfLife= 4.07917032833211
EAppRate= 0
