ICQueenStrength= 4.89825875172392
RQWkrDrnRatio= 4.50902370177209
ICDroneMiteSurvivorship= 74.3627247633412
ICWorkerMiteSurvivorship= 99.3159265490249
ICForagerLifespan= 8.16343611106277
ImmType= Cosine
AIAdultSlope= 2.62914591934532
AIAdultLD50= 0.0790007748873904
AIAdultSlopeContact= 3.29668446365744
AIAdultLD50Contact= 0.0424214009544812
AILarvaSlope= 3.76865787198767
AILarvaLD50= 0.241322249360383
AIKOW= 7.64019190194085
AIKOC= 16.002527870005
AIHalfLife= 1.95262911729515
EAppRate= 0
