ICQueenStrength= 4.13280646223575
RQWkrDrnRatio= 3.39218036737293
ICDroneMiteSurvivorship= 76.0313742794096
ICWorkerMiteSurvivorship= 25.9804640896618
ICForagerLifespan= 8.6643967423588
ImmType= Sine
AIAdultSlope= 3.96793197374791
AIAdultLD50= 0.25303085159976
AIAdultSlopeContact= 2.72625665402273
AIAdultLD50Contact= 0.0434476443915628
AILarvaSlope= 1.07097097253427
AILarvaLD50= 0.849297814699821
AIKOW= 5.94081018539146
AIKOC= 21.9265571341384
AIHalfLife= 4.94926323299296
EAppRate= 0
