ICQueenStrength= 5.8611551465001
RQWkrDrnRatio= 1.83101420849562
ICDroneMiteSurvivorship= 35.8933191047981
ICWorkerMiteSurvivorship= 41.9963916065171
ICForagerLifespan= 9.01831315737218
ImmType= Exponential
AIAdultSlope= 2.4472024251055
AIAdultLD50= 0.0921917633386329
AIAdultSlopeContact= 1.20900319646113
AIAdultLD50Contact= 0.0333560727303848
AILarvaSlope= 0.680677820928395
AILarvaLD50= 0.758230958017521
AIKOW= 7.01852655643597
AIKOC= 7.66865099547431
AIHalfLife= 4.53180343960412
EAppRate= 0
