ICQueenStrength= 5.35172322555445
RQWkrDrnRatio= 1.20713790133595
ICDroneMiteSurvivorship= 36.3763155881315
ICWorkerMiteSurvivorship= 42.3689386341721
ICForagerLifespan= 15.8625767249614
ImmType= Logarithmic
AIAdultSlope= 1.53642230433645
AIAdultLD50= 0.33813178865239
AIAdultSlopeContact= 1.75800339498092
AIAdultLD50Contact= 0.02841111299349
AILarvaSlope= 3.12003403990529
AILarvaLD50= 0.0812315442832187
AIKOW= 7.46021922817454
AIKOC= 28.8427972071804
AIHalfLife= 2.16286322567612
EAppRate= 0
