ICQueenStrength= 3.87198423524387
RQWkrDrnRatio= 4.36286394484341
ICDroneMiteSurvivorship= 37.1335435425863
ICWorkerMiteSurvivorship= 66.9636219739914
ICForagerLifespan= 4.59214726649225
ImmType= Cosine
AIAdultSlope= 1.80648255161941
AIAdultLD50= 0.0072984053986147
AIAdultSlopeContact= 0.398750999362674
AIAdultLD50Contact= 0.0192117733298801
AILarvaSlope= 3.69282068219036
AILarvaLD50= 0.731857582367957
AIKOW= 3.73663828987628
AIKOC= 5.6153202499263
AIHalfLife= 4.15317747974768
EAppRate= 0
