ICQueenStrength= 3.79021262656897
RQWkrDrnRatio= 1.02544873207808
ICDroneMiteSurvivorship= 68.5041207121685
ICWorkerMiteSurvivorship= 71.772515354678
ICForagerLifespan= 10.0025906674564
ImmType= Tangent
AIAdultSlope= 3.63806948065758
AIAdultLD50= 0.47122038633097
AIAdultSlopeContact= 2.04117925170343
AIAdultLD50Contact= 0.0459883037256077
AILarvaSlope= 1.55757675725035
AILarvaLD50= 0.418830204731785
AIKOW= 6.19969325838611
AIKOC= 24.1825799527578
AIHalfLife= 1.04099588468671
EAppRate= 0
