ICQueenStrength= 5.07574251061305
RQWkrDrnRatio= 2.32433552015573
ICDroneMiteSurvivorship= 52.4437168845907
ICWorkerMiteSurvivorship= 14.9471016367897
ICForagerLifespan= 6.78838403243572
ImmType= Cosine
AIAdultSlope= 3.90387059887871
AIAdultLD50= 0.22439114516601
AIAdultSlopeContact= 3.72334677528357
AIAdultLD50Contact= 0.0295065224054269
AILarvaSlope= 3.12275988282636
AILarvaLD50= 0.104929931089282
AIKOW= 6.93979322491214
AIKOC= 20.9758469846565
AIHalfLife= 2.48119529802352
EAppRate= 0
