ICQueenStrength= 3.57597115938552
RQWkrDrnRatio= 3.59484747424722
ICDroneMiteSurvivorship= 61.6040267515928
ICWorkerMiteSurvivorship= 79.8969481140375
ICForagerLifespan= 5.69282326567918
ImmType= Polynomial
AIAdultSlope= 3.09549219673499
AIAdultLD50= 0.197999727679417
AIAdultSlopeContact= 2.20102210775949
AIAdultLD50Contact= 0.00772495497949421
AILarvaSlope= 2.78284902195446
AILarvaLD50= 0.2410647359211
AIKOW= 4.02566122123972
AIKOC= 22.3990310868248
AIHalfLife= 0.734145338647068
EAppRate= 0
