ICQueenStrength= 2.1785783234518
RQWkrDrnRatio= 2.41621361207217
ICDroneMiteSurvivorship= 48.2482825638726
ICWorkerMiteSurvivorship= 18.8619417371228
ICForagerLifespan= 6.9072551606223
ImmType= Tangent
AIAdultSlope= 9.2874016193673
AIAdultLD50= 0.118218918098137
AIAdultSlopeContact= 1.7651445192215
AIAdultLD50Contact= 0.0184491641470231
AILarvaSlope= 6.3279897486791
AILarvaLD50= 0.0320658840006217
AIKOW= 3.39963079430163
AIKOC= 28.2333953026682
AIHalfLife= 1.79527451400645
EAppRate= 0
