ICQueenStrength= 3.12430466897786
RQWkrDrnRatio= 3.72789221070707
ICDroneMiteSurvivorship= 67.9249201901257
ICWorkerMiteSurvivorship= 35.013176780194
ICForagerLifespan= 8.24111694376916
ImmType= Logarithmic
AIAdultSlope= 3.43746565066511
AIAdultLD50= 0.47564429033082
AIAdultSlopeContact= 0.911728647903074
AIAdultLD50Contact= 0.0496336389915086
AILarvaSlope= 1.34328992688097
AILarvaLD50= 0.405057713761926
AIKOW= 7.97310778126121
AIKOC= 24.7856127517298
AIHalfLife= 4.28161759744398
EAppRate= 0
