ICQueenStrength= 4.4672257094644
RQWkrDrnRatio= 4.75844528432935
ICDroneMiteSurvivorship= 60.1201902376488
ICWorkerMiteSurvivorship= 61.4132385933772
ICForagerLifespan= 9.21164077613503
ImmType= Cosine
AIAdultSlope= 4.79145930847153
AIAdultLD50= 0.247306776931509
AIAdultSlopeContact= 0.61777869878104
AIAdultLD50Contact= 0.0480017260182649
AILarvaSlope= 1.38638434545137
AILarvaLD50= 0.514517889800482
AIKOW= 5.73176118824631
AIKOC= 6.78038675221615
AIHalfLife= 0.825899974443018
EAppRate= 0
