ICQueenStrength= 1.92843565274961
RQWkrDrnRatio= 1.70798614993691
ICDroneMiteSurvivorship= 41.1807867698371
ICWorkerMiteSurvivorship= 35.2563560707495
ICForagerLifespan= 9.15806185733527
ImmType= Cosine
AIAdultSlope= 9.86152438214049
AIAdultLD50= 0.212750593549572
AIAdultSlopeContact= 0.645154853516724
AIAdultLD50Contact= 0.0287871246342547
AILarvaSlope= 2.61046895380132
AILarvaLD50= 0.508894732268527
AIKOW= 4.71743395319209
AIKOC= 25.5707142071333
AIHalfLife= 0.680487079080194
EAppRate= 0
