ICQueenStrength= 4.76798140234314
RQWkrDrnRatio= 1.8678191145882
ICDroneMiteSurvivorship= 96.3010186329484
ICWorkerMiteSurvivorship= 96.7828635126352
ICForagerLifespan= 11.0375487040728
ImmType= Cosine
AIAdultSlope= 1.50715191150084
AIAdultLD50= 0.165271107689478
AIAdultSlopeContact= 3.06772720370209
AIAdultLD50Contact= 0.0318218079162762
AILarvaSlope= 1.42045397991315
AILarvaLD50= 0.461273576365784
AIKOW= 7.69771774718538
AIKOC= 23.738838651916
AIHalfLife= 4.21971305971965
EAppRate= 0
