ICQueenStrength= 2.09703158144839
RQWkrDrnRatio= 1.65324269421399
ICDroneMiteSurvivorship= 64.8228934500366
ICWorkerMiteSurvivorship= 79.9315242096782
ICForagerLifespan= 8.03431404661387
ImmType= Polynomial
AIAdultSlope= 3.55752005108865
AIAdultLD50= 0.148532294551842
AIAdultSlopeContact= 1.76445805782918
AIAdultLD50Contact= 0.0342930204351433
AILarvaSlope= 1.75929148723371
AILarvaLD50= 0.700731066218577
AIKOW= 6.40585278859362
AIKOC= 17.2191712609492
AIHalfLife= 4.16216419544071
EAppRate= 0
