ICQueenStrength= 2.64252794114873
RQWkrDrnRatio= 2.84942965116352
ICDroneMiteSurvivorship= 54.9512881087139
ICWorkerMiteSurvivorship= 14.6371227223426
ICForagerLifespan= 12.0324449986219
ImmType= Sine
AIAdultSlope= 1.22134557692334
AIAdultLD50= 0.263801346765831
AIAdultSlopeContact= 3.61350192280719
AIAdultLD50Contact= 0.0446436735801399
AILarvaSlope= 0.542611455265433
AILarvaLD50= 0.0622811701381579
AIKOW= 6.34615075122565
AIKOC= 17.4171114468481
AIHalfLife= 0.473610494518653
EAppRate= 0
