ICQueenStrength= 5.81852709548548
RQWkrDrnRatio= 2.69235917087644
ICDroneMiteSurvivorship= 79.2976000113413
ICWorkerMiteSurvivorship= 87.287748628296
ICForagerLifespan= 8.16178587079048
ImmType= Tangent
AIAdultSlope= 2.4055234686099
AIAdultLD50= 0.12746843660716
AIAdultSlopeContact= 3.09446150174132
AIAdultLD50Contact= 0.000556658871937543
AILarvaSlope= 0.102311886567622
AILarvaLD50= 0.307556389365345
AIKOW= 3.5740042058751
AIKOC= 29.9724913679529
AIHalfLife= 0.315307687269524
EAppRate= 0
