ICQueenStrength= 1.13441000017338
RQWkrDrnRatio= 3.17895763367414
ICDroneMiteSurvivorship= 96.8480043113232
ICWorkerMiteSurvivorship= 12.1145206270739
ICForagerLifespan= 6.90952893625945
ImmType= Exponential
AIAdultSlope= 1.55408109636046
AIAdultLD50= 0.335963671910577
AIAdultSlopeContact= 1.63898612350691
AIAdultLD50Contact= 0.0101350794080645
AILarvaSlope= 2.13513711108826
AILarvaLD50= 0.18121204180643
AIKOW= 3.82447570096701
AIKOC= 18.1693096773233
AIHalfLife= 4.360944586806
EAppRate= 0
