ICQueenStrength= 3.93786013266072
RQWkrDrnRatio= 1.8553573731333
ICDroneMiteSurvivorship= 53.6512517137453
ICWorkerMiteSurvivorship= 3.39038672391325
ICForagerLifespan= 6.17694672942162
ImmType= Polynomial
AIAdultSlope= 2.3588623596495
AIAdultLD50= 0.476334087084979
AIAdultSlopeContact= 0.905173302171752
AIAdultLD50Contact= 0.0283808198873885
AILarvaSlope= 1.08272873386741
AILarvaLD50= 0.131380959204398
AIKOW= 7.57297892076895
AIKOC= 18.5097896098159
AIHalfLife= 4.84569223364815
EAppRate= 0
