ICQueenStrength= 2.15988563746214
RQWkrDrnRatio= 1.37613953091204
ICDroneMiteSurvivorship= 81.4952386077493
ICWorkerMiteSurvivorship= 87.8351897234097
ICForagerLifespan= 7.63424943760037
ImmType= Cosine
AIAdultSlope= 8.15774088026956
AIAdultLD50= 0.154104522895068
AIAdultSlopeContact= 1.5484406176745
AIAdultLD50Contact= 0.0298975023441017
AILarvaSlope= 4.46712119039148
AILarvaLD50= 0.491803720104508
AIKOW= 6.65362034598365
AIKOC= 23.3314552821685
AIHalfLife= 1.67135121766478
EAppRate= 0
