ICQueenStrength= 1.41897212387994
RQWkrDrnRatio= 2.90005027502775
ICDroneMiteSurvivorship= 18.3947508456185
ICWorkerMiteSurvivorship= 27.8823764529079
ICForagerLifespan= 5.87907245662063
ImmType= Exponential
AIAdultSlope= 1.30820413352922
AIAdultLD50= 0.438555133063346
AIAdultSlopeContact= 0.142578072636388
AIAdultLD50Contact= 0.0061498656286858
AILarvaSlope= 0.276672055386007
AILarvaLD50= 0.129971897369251
AIKOW= 5.26076145609841
AIKOC= 24.0377962135244
AIHalfLife= 2.96154470648617
EAppRate= 0
