ICQueenStrength= 1.14436916448176
RQWkrDrnRatio= 3.07712686341256
ICDroneMiteSurvivorship= 12.5056787626818
ICWorkerMiteSurvivorship= 57.938706711866
ICForagerLifespan= 5.56279090978205
ImmType= Exponential
AIAdultSlope= 0.297142490744591
AIAdultLD50= 0.424780734931119
AIAdultSlopeContact= 2.91522684954805
AIAdultLD50Contact= 0.00824963912600651
AILarvaSlope= 2.98794354707934
AILarvaLD50= 0.127862555603497
AIKOW= 3.72150040790439
AIKOC= 24.6034764579963
AIHalfLife= 2.13762756902725
EAppRate= 0
