ICQueenStrength= 2.39597553526983
RQWkrDrnRatio= 2.90123118180782
ICDroneMiteSurvivorship= 90.683108381927
ICWorkerMiteSurvivorship= 89.8949167924002
ICForagerLifespan= 13.132071569562
ImmType= Cosine
AIAdultSlope= 3.37112587168347
AIAdultLD50= 0.383230398059823
AIAdultSlopeContact= 2.36216124323895
AIAdultLD50Contact= 0.0356997252209112
AILarvaSlope= 2.605413443828
AILarvaLD50= 0.358836440881714
AIKOW= 2.06290766969323
AIKOC= 6.024850376416
AIHalfLife= 3.56346519314684
EAppRate= 0
