ICQueenStrength= 3.4334344046656
RQWkrDrnRatio= 3.9220518944785
ICDroneMiteSurvivorship= 99.4717839173973
ICWorkerMiteSurvivorship= 83.9203915093094
ICForagerLifespan= 12.9595360858366
ImmType= Polynomial
AIAdultSlope= 7.95438354369253
AIAdultLD50= 0.0869515128433704
AIAdultSlopeContact= 2.51269053137396
AIAdultLD50Contact= 0.0381052880547941
AILarvaSlope= 3.38000332470983
AILarvaLD50= 0.812557022902183
AIKOW= 5.88957768538967
AIKOC= 19.7305212856736
AIHalfLife= 3.04820297053084
EAppRate= 0
