ICQueenStrength= 1.74827565695159
RQWkrDrnRatio= 4.02534726634622
ICDroneMiteSurvivorship= 99.8210082994774
ICWorkerMiteSurvivorship= 41.3277122424915
ICForagerLifespan= 10.4400183307007
ImmType= Exponential
AIAdultSlope= 2.95719081968302
AIAdultLD50= 0.0362853724509478
AIAdultSlopeContact= 0.338312096719164
AIAdultLD50Contact= 0.00817891722545028
AILarvaSlope= 2.03109468654729
AILarvaLD50= 0.18485354790464
AIKOW= 5.18100826069713
AIKOC= 8.23667246266268
AIHalfLife= 3.72372700367123
EAppRate= 0
