ICQueenStrength= 3.33963245060295
RQWkrDrnRatio= 2.91198731213808
ICDroneMiteSurvivorship= 70.8479783963412
ICWorkerMiteSurvivorship= 0.866072275675833
ICForagerLifespan= 7.00101791508496
ImmType= Sine
AIAdultSlope= 7.10950789041817
AIAdultLD50= 0.26547471107915
AIAdultSlopeContact= 0.226722305465955
AIAdultLD50Contact= 0.0412291818065569
AILarvaSlope= 0.915220921812579
AILarvaLD50= 0.714792196825147
AIKOW= 4.06027900381014
AIKOC= 28.9741414610762
AIHalfLife= 3.17615443025716
EAppRate= 0
