ICQueenStrength= 3.95149504090659
RQWkrDrnRatio= 3.25526510644704
ICDroneMiteSurvivorship= 0.202947924844921
ICWorkerMiteSurvivorship= 33.2309291698039
ICForagerLifespan= 12.8930885093287
ImmType= Polynomial
AIAdultSlope= 1.44842695211992
AIAdultLD50= 0.488745900802314
AIAdultSlopeContact= 3.90486401630798
AIAdultLD50Contact= 0.0418153420439921
AILarvaSlope= 6.76441886927933
AILarvaLD50= 0.819524016603827
AIKOW= 6.19309490965679
AIKOC= 29.414686660748
AIHalfLife= 1.08534807921387
EAppRate= 0
