ICQueenStrength= 2.55975938774645
RQWkrDrnRatio= 1.00099855009466
ICDroneMiteSurvivorship= 43.9998811576515
ICWorkerMiteSurvivorship= 27.5196932256222
ICForagerLifespan= 11.750810909085
ImmType= Polynomial
AIAdultSlope= 0.667579776293132
AIAdultLD50= 0.233044946799055
AIAdultSlopeContact= 0.682013459487353
AIAdultLD50Contact= 0.0164612854248844
AILarvaSlope= 1.45553247686476
AILarvaLD50= 0.876089997170493
AIKOW= 5.81545942695811
AIKOC= 28.8468247116543
AIHalfLife= 3.32054335391149
EAppRate= 0
