ICQueenStrength= 3.89256131392904
RQWkrDrnRatio= 3.32290680892766
ICDroneMiteSurvivorship= 24.9618807807565
ICWorkerMiteSurvivorship= 7.00312904082239
ICForagerLifespan= 13.5449761729687
ImmType= Logarithmic
AIAdultSlope= 5.60685802483931
AIAdultLD50= 0.324050286551937
AIAdultSlopeContact= 3.91132733986247
AIAdultLD50Contact= 0.0302727793809026
AILarvaSlope= 2.24847327722237
AILarvaLD50= 0.624644543859176
AIKOW= 4.34244292741641
AIKOC= 27.5172009784728
AIHalfLife= 1.38069311273284
EAppRate= 0
