ICQueenStrength= 3.35504817566834
RQWkrDrnRatio= 2.27443265449256
ICDroneMiteSurvivorship= 56.588140130043
ICWorkerMiteSurvivorship= 0.0185563461855054
ICForagerLifespan= 13.9856587247923
ImmType= Logarithmic
AIAdultSlope= 3.52613052600296
AIAdultLD50= 0.386913299793378
AIAdultSlopeContact= 2.9134510726179
AIAdultLD50Contact= 0.0440834581851959
AILarvaSlope= 2.94060395592824
AILarvaLD50= 0.00522838665638119
AIKOW= 2.85053744306788
AIKOC= 14.7290269215591
AIHalfLife= 1.67703262879513
EAppRate= 0
