ICQueenStrength= 3.78862430597655
RQWkrDrnRatio= 4.97533992212266
ICDroneMiteSurvivorship= 55.4346047108993
ICWorkerMiteSurvivorship= 81.1249560210854
ICForagerLifespan= 5.51796421222389
ImmType= Polynomial
AIAdultSlope= 0.388228106312454
AIAdultLD50= 0.495601251837797
AIAdultSlopeContact= 2.94103722637519
AIAdultLD50Contact= 0.0297870172304101
AILarvaSlope= 6.17854320444167
AILarvaLD50= 0.274044699990191
AIKOW= 4.53027622262016
AIKOC= 18.8787168776616
AIHalfLife= 1.54711693990976
EAppRate= 0
