ICQueenStrength= 1.11506935348734
RQWkrDrnRatio= 2.40083301626146
ICDroneMiteSurvivorship= 55.961096403189
ICWorkerMiteSurvivorship= 46.8155847862363
ICForagerLifespan= 9.41912370268255
ImmType= Tangent
AIAdultSlope= 3.88501391920494
AIAdultLD50= 0.467306513688527
AIAdultSlopeContact= 0.0833932686201297
AIAdultLD50Contact= 0.00183543515158817
AILarvaSlope= 2.71289108907804
AILarvaLD50= 0.27518186524976
AIKOW= 5.44415681855753
AIKOC= 24.7012214339338
AIHalfLife= 0.486541609279811
EAppRate= 0
