ICQueenStrength= 5.5099237782415
RQWkrDrnRatio= 3.69486530404538
ICDroneMiteSurvivorship= 52.3543184390292
ICWorkerMiteSurvivorship= 63.6769865639508
ICForagerLifespan= 10.9986508116126
ImmType= Polynomial
AIAdultSlope= 8.94876780919731
AIAdultLD50= 0.30946104915347
AIAdultSlopeContact= 3.21174541407265
AIAdultLD50Contact= 0.0272554129129276
AILarvaSlope= 0.539821864245459
AILarvaLD50= 0.838165515102446
AIKOW= 3.27376148523763
AIKOC= 28.9579930377658
AIHalfLife= 3.27590428758413
EAppRate= 0
