ICQueenStrength= 5.94646610342897
RQWkrDrnRatio= 2.2530626822263
ICDroneMiteSurvivorship= 88.8265513814986
ICWorkerMiteSurvivorship= 36.6801906144246
ICForagerLifespan= 9.63152512442321
ImmType= Exponential
AIAdultSlope= 3.13874105465831
AIAdultLD50= 0.229243792244233
AIAdultSlopeContact= 2.0836753240996
AIAdultLD50Contact= 0.0269694948219694
AILarvaSlope= 3.12297987062484
AILarvaLD50= 0.766095740930177
AIKOW= 5.19489665096626
AIKOC= 26.6519248147961
AIHalfLife= 0.713138298597187
EAppRate= 0
