ICQueenStrength= 5.76131318253465
RQWkrDrnRatio= 1.26064205542207
ICDroneMiteSurvivorship= 89.6828486816958
ICWorkerMiteSurvivorship= 39.477145508863
ICForagerLifespan= 5.91118945088238
ImmType= Tangent
AIAdultSlope= 5.80370393348858
AIAdultLD50= 0.327347490354441
AIAdultSlopeContact= 1.24125951412367
AIAdultLD50Contact= 0.0205511613981798
AILarvaSlope= 1.0756788100116
AILarvaLD50= 0.886133064469323
AIKOW= 2.10932987229899
AIKOC= 17.2361546847969
AIHalfLife= 3.00159106263891
EAppRate= 0
