ICQueenStrength= 3.94116152334027
RQWkrDrnRatio= 2.16856756713241
ICDroneMiteSurvivorship= 60.2338529191911
ICWorkerMiteSurvivorship= 45.9378107916564
ICForagerLifespan= 15.6107251942158
ImmType= Polynomial
AIAdultSlope= 3.44819070416037
AIAdultLD50= 0.360925569431856
AIAdultSlopeContact= 0.800119997081347
AIAdultLD50Contact= 0.0461319464957342
AILarvaSlope= 2.87113343952224
AILarvaLD50= 0.689961950085126
AIKOW= 5.03468381380662
AIKOC= 18.2443295442499
AIHalfLife= 2.97614635899663
EAppRate= 0
