ICQueenStrength= 1.44287539203651
RQWkrDrnRatio= 1.34863736014813
ICDroneMiteSurvivorship= 5.99520057439804
ICWorkerMiteSurvivorship= 20.2895559137687
ICForagerLifespan= 10.6721104215831
ImmType= Logarithmic
AIAdultSlope= 6.1269371304661
AIAdultLD50= 0.300609473604709
AIAdultSlopeContact= 2.79825769830029
AIAdultLD50Contact= 0.0327751872129738
AILarvaSlope= 0.722401079908013
AILarvaLD50= 0.533311115414836
AIKOW= 4.42006251355633
AIKOC= 9.16901807766408
AIHalfLife= 2.40610492182896
EAppRate= 0
