ICQueenStrength= 1.29560351744294
RQWkrDrnRatio= 3.78199523314834
ICDroneMiteSurvivorship= 57.1328488411382
ICWorkerMiteSurvivorship= 17.8624282125384
ICForagerLifespan= 8.68904072511941
ImmType= Logarithmic
AIAdultSlope= 3.83121336324373
AIAdultLD50= 0.156177600147203
AIAdultSlopeContact= 2.76242449432611
AIAdultLD50Contact= 0.0256663400214165
AILarvaSlope= 2.44755234671757
AILarvaLD50= 0.727917662495747
AIKOW= 3.19031203817576
AIKOC= 13.3795461338013
AIHalfLife= 4.67616413719952
EAppRate= 0
