ICQueenStrength= 2.66589679545723
RQWkrDrnRatio= 2.54935092478991
ICDroneMiteSurvivorship= 90.3648408595473
ICWorkerMiteSurvivorship= 34.9695233395323
ICForagerLifespan= 15.2872405638918
ImmType= Sine
AIAdultSlope= 8.60421408666298
AIAdultLD50= 0.262839519418776
AIAdultSlopeContact= 3.67619412892498
AIAdultLD50Contact= 0.0384891855763271
AILarvaSlope= 1.69065098720603
AILarvaLD50= 0.292505787033588
AIKOW= 3.58784960955381
AIKOC= 11.8838529929053
AIHalfLife= 0.237847898388281
EAppRate= 0
