ICQueenStrength= 5.28077592630871
RQWkrDrnRatio= 4.62188903801143
ICDroneMiteSurvivorship= 5.16027451958507
ICWorkerMiteSurvivorship= 18.6198748415336
ICForagerLifespan= 4.95434075500816
ImmType= Cosine
AIAdultSlope= 2.27616680996725
AIAdultLD50= 0.351517028058879
AIAdultSlopeContact= 3.29052401227411
AIAdultLD50Contact= 0.0249383987858891
AILarvaSlope= 2.02380543239415
AILarvaLD50= 0.647648622002453
AIKOW= 5.03042832575738
AIKOC= 25.125728903804
AIHalfLife= 0.509314811788499
EAppRate= 0
