ICQueenStrength= 3.98517420422286
RQWkrDrnRatio= 2.85312160197645
ICDroneMiteSurvivorship= 45.7782774465159
ICWorkerMiteSurvivorship= 23.0564759112895
ICForagerLifespan= 5.04381178505719
ImmType= Tangent
AIAdultSlope= 3.82629248081474
AIAdultLD50= 0.275066725793295
AIAdultSlopeContact= 1.13357416688232
AIAdultLD50Contact= 0.0158538636984304
AILarvaSlope= 0.70951111074537
AILarvaLD50= 0.0998866602312773
AIKOW= 7.82553405221552
AIKOC= 27.8283965494484
AIHalfLife= 2.98892014077865
EAppRate= 0
