ICQueenStrength= 3.47811836889014
RQWkrDrnRatio= 2.98530385922641
ICDroneMiteSurvivorship= 42.8191046230495
ICWorkerMiteSurvivorship= 27.8105206089094
ICForagerLifespan= 12.5980509743094
ImmType= Cosine
AIAdultSlope= 1.02617103239056
AIAdultLD50= 0.348544995882548
AIAdultSlopeContact= 2.58849753649905
AIAdultLD50Contact= 0.03159943142673
AILarvaSlope= 1.2642769263126
AILarvaLD50= 0.291988665726967
AIKOW= 7.02515545440838
AIKOC= 10.1301933650393
AIHalfLife= 3.74800314195454
EAppRate= 0
