ICQueenStrength= 4.33436425193213
RQWkrDrnRatio= 3.63633939344436
ICDroneMiteSurvivorship= 35.3345144772902
ICWorkerMiteSurvivorship= 42.9978451924399
ICForagerLifespan= 12.6441034525633
ImmType= Logarithmic
AIAdultSlope= 1.12997825955972
AIAdultLD50= 0.168299024458975
AIAdultSlopeContact= 1.52067500749603
AIAdultLD50Contact= 0.0140587419387884
AILarvaSlope= 2.04602238819934
AILarvaLD50= 0.194127266295254
AIKOW= 3.80597064225003
AIKOC= 5.98448776989244
AIHalfLife= 1.82729401160032
EAppRate= 0
