ICQueenStrength= 1.12082851026207
RQWkrDrnRatio= 4.98349143844098
ICDroneMiteSurvivorship= 92.0649851905182
ICWorkerMiteSurvivorship= 73.5592789482325
ICForagerLifespan= 5.84935298282653
ImmType= Cosine
AIAdultSlope= 1.28665102302795
AIAdultLD50= 0.479654513997957
AIAdultSlopeContact= 3.00170299743069
AIAdultLD50Contact= 0.0365398409427144
AILarvaSlope= 2.49405183461495
AILarvaLD50= 0.0478928628377616
AIKOW= 3.25889643002301
AIKOC= 10.3902137966361
AIHalfLife= 3.07905216584913
EAppRate= 0
