ICQueenStrength= 5.99692435842007
RQWkrDrnRatio= 4.0231386423111
ICDroneMiteSurvivorship= 78.2551097450778
ICWorkerMiteSurvivorship= 10.2598758880049
ICForagerLifespan= 8.66697575896978
ImmType= Sine
AIAdultSlope= 4.4333059550263
AIAdultLD50= 0.327509348164313
AIAdultSlopeContact= 0.981566736388486
AIAdultLD50Contact= 0.0451140931108966
AILarvaSlope= 0.940832905191928
AILarvaLD50= 0.742640394321643
AIKOW= 2.77046712674201
AIKOC= 29.758145166561
AIHalfLife= 3.47355574602261
EAppRate= 0
