ICQueenStrength= 5.34065999113955
RQWkrDrnRatio= 4.04171816445887
ICDroneMiteSurvivorship= 76.1835610028356
ICWorkerMiteSurvivorship= 29.5009129913524
ICForagerLifespan= 11.1311199152842
ImmType= Cosine
AIAdultSlope= 2.13216254365398
AIAdultLD50= 0.0371771239442751
AIAdultSlopeContact= 2.68723010080168
AIAdultLD50Contact= 0.0103325537522323
AILarvaSlope= 2.66830877563916
AILarvaLD50= 0.636211519944482
AIKOW= 5.63980031106621
AIKOC= 18.3237871574238
AIHalfLife= 0.353551072767004
EAppRate= 0
