ICQueenStrength= 5.06424232525751
RQWkrDrnRatio= 1.15857795719057
ICDroneMiteSurvivorship= 32.6594826765358
ICWorkerMiteSurvivorship= 27.1419455297291
ICForagerLifespan= 7.44918980635703
ImmType= Tangent
AIAdultSlope= 7.70187015878037
AIAdultLD50= 0.451799622736871
AIAdultSlopeContact= 3.46077327646315
AIAdultLD50Contact= 0.000270565738901496
AILarvaSlope= 1.6405147572048
AILarvaLD50= 0.402361252997071
AIKOW= 4.79681931156665
AIKOC= 22.5846041354816
AIHalfLife= 0.477240784093738
EAppRate= 0
