ICQueenStrength= 1.22135104285553
RQWkrDrnRatio= 1.6868050089106
ICDroneMiteSurvivorship= 5.90143750887364
ICWorkerMiteSurvivorship= 6.06313818134367
ICForagerLifespan= 4.86747254896909
ImmType= Logarithmic
AIAdultSlope= 2.6172870480339
AIAdultLD50= 0.117939788615331
AIAdultSlopeContact= 2.43312443752773
AIAdultLD50Contact= 0.0444054308230989
AILarvaSlope= 1.07180121610872
AILarvaLD50= 0.688588186958805
AIKOW= 6.07024978846312
AIKOC= 25.9717235818971
AIHalfLife= 1.0057532263454
EAppRate= 0
