ICQueenStrength= 4.08086716919206
RQWkrDrnRatio= 2.13108861632645
ICDroneMiteSurvivorship= 93.3256232412532
ICWorkerMiteSurvivorship= 36.4283117698506
ICForagerLifespan= 5.76564895082265
ImmType= Exponential
AIAdultSlope= 1.46680365792476
AIAdultLD50= 0.0152276697335765
AIAdultSlopeContact= 3.82992855731165
AIAdultLD50Contact= 0.00464039630023763
AILarvaSlope= 3.3022685396485
AILarvaLD50= 0.830338535201736
AIKOW= 4.84245611308143
AIKOC= 21.9773074274417
AIHalfLife= 3.30665697692893
EAppRate= 0
