ICQueenStrength= 3.79079858330078
RQWkrDrnRatio= 4.17811387404799
ICDroneMiteSurvivorship= 61.0523850657046
ICWorkerMiteSurvivorship= 74.3810481624678
ICForagerLifespan= 8.25984245631844
ImmType= Cosine
AIAdultSlope= 2.03439042650862
AIAdultLD50= 0.113641995587386
AIAdultSlopeContact= 1.9748733551614
AIAdultLD50Contact= 0.0279049861128442
AILarvaSlope= 0.819254830898717
AILarvaLD50= 0.674896608805284
AIKOW= 3.57157334079966
AIKOC= 8.18554805126041
AIHalfLife= 2.58638537721708
EAppRate= 0
