ICQueenStrength= 2.30799749982543
RQWkrDrnRatio= 3.8176918104291
ICDroneMiteSurvivorship= 88.4051348315552
ICWorkerMiteSurvivorship= 88.543958356604
ICForagerLifespan= 11.9979474069551
ImmType= Logarithmic
AIAdultSlope= 6.54898031847551
AIAdultLD50= 0.276488422765397
AIAdultSlopeContact= 3.69308662093012
AIAdultLD50Contact= 0.0283506109495647
AILarvaSlope= 2.46037430823781
AILarvaLD50= 0.777003687364049
AIKOW= 3.11760756792501
AIKOC= 27.635155741591
AIHalfLife= 2.46696370071732
EAppRate= 0
