ICQueenStrength= 3.42849488160573
RQWkrDrnRatio= 2.68065535463393
ICDroneMiteSurvivorship= 65.7477487111464
ICWorkerMiteSurvivorship= 23.6705554416403
ICForagerLifespan= 15.1112930839881
ImmType= Sine
AIAdultSlope= 3.58801416354254
AIAdultLD50= 0.0216670692898333
AIAdultSlopeContact= 2.19429256516742
AIAdultLD50Contact= 0.00671811380889267
AILarvaSlope= 2.38429774260148
AILarvaLD50= 0.107441287999973
AIKOW= 7.55875627417117
AIKOC= 9.86027635633945
AIHalfLife= 4.25481909420341
EAppRate= 0
