ICQueenStrength= 1.32647851854563
RQWkrDrnRatio= 4.46353632491082
ICDroneMiteSurvivorship= 19.4493483519182
ICWorkerMiteSurvivorship= 7.68268923275173
ICForagerLifespan= 9.53517988882959
ImmType= Sine
AIAdultSlope= 8.85768743930385
AIAdultLD50= 0.353913965402171
AIAdultSlopeContact= 3.22616042802343
AIAdultLD50Contact= 0.0257130684098229
AILarvaSlope= 5.93644772423431
AILarvaLD50= 0.371604557521641
AIKOW= 3.31859980011359
AIKOC= 11.2945116311312
AIHalfLife= 4.49179756571539
EAppRate= 0
