ICQueenStrength= 5.6900298120454
RQWkrDrnRatio= 4.44905456714332
ICDroneMiteSurvivorship= 79.4982647523284
ICWorkerMiteSurvivorship= 22.4802294746041
ICForagerLifespan= 4.23462635651231
ImmType= Exponential
AIAdultSlope= 0.756982503540348
AIAdultLD50= 0.202281232690439
AIAdultSlopeContact= 0.553151563704014
AIAdultLD50Contact= 0.0241792345303111
AILarvaSlope= 3.27551660239696
AILarvaLD50= 0.0027459921548143
AIKOW= 3.8059789207764
AIKOC= 9.7365729464218
AIHalfLife= 3.25882265227847
EAppRate= 0
