ICQueenStrength= 4.92721885233186
RQWkrDrnRatio= 4.67806750535965
ICDroneMiteSurvivorship= 44.9573679128662
ICWorkerMiteSurvivorship= 98.7011992838234
ICForagerLifespan= 5.75002095941454
ImmType= Logarithmic
AIAdultSlope= 5.11014876421541
AIAdultLD50= 0.119910054374486
AIAdultSlopeContact= 2.33095634446247
AIAdultLD50Contact= 0.00406938769156113
AILarvaSlope= 6.09224987449124
AILarvaLD50= 0.0414287386927754
AIKOW= 4.21853884635493
AIKOC= 13.0806189100258
AIHalfLife= 3.10887484345585
EAppRate= 0
