ICQueenStrength= 4.15873558516614
RQWkrDrnRatio= 3.68703823629767
ICDroneMiteSurvivorship= 29.0011831792071
ICWorkerMiteSurvivorship= 41.54349535238
ICForagerLifespan= 8.12891993671656
ImmType= Sine
AIAdultSlope= 2.3942350848997
AIAdultLD50= 0.113200388615951
AIAdultSlopeContact= 2.23575650373241
AIAdultLD50Contact= 0.00414939533220604
AILarvaSlope= 0.381030355393887
AILarvaLD50= 0.221511282376014
AIKOW= 5.68640927923843
AIKOC= 21.6586837498471
AIHalfLife= 2.30147253954783
EAppRate= 0
