ICQueenStrength= 1.15307014458813
RQWkrDrnRatio= 2.06611612532288
ICDroneMiteSurvivorship= 45.0170974479988
ICWorkerMiteSurvivorship= 48.1852559139952
ICForagerLifespan= 8.23829217813909
ImmType= Polynomial
AIAdultSlope= 0.895982899237424
AIAdultLD50= 0.0462886203313246
AIAdultSlopeContact= 1.30132922911551
AIAdultLD50Contact= 0.0109060359071009
AILarvaSlope= 5.55702156387269
AILarvaLD50= 0.087311613606289
AIKOW= 6.53785262722522
AIKOC= 10.5185960431118
AIHalfLife= 4.41432288964279
EAppRate= 0
