ICQueenStrength= 5.04065425973386
RQWkrDrnRatio= 1.70947387162596
ICDroneMiteSurvivorship= 17.2917548567057
ICWorkerMiteSurvivorship= 57.2816215222701
ICForagerLifespan= 13.0593276582658
ImmType= Tangent
AIAdultSlope= 3.65019013406709
AIAdultLD50= 0.252896476187743
AIAdultSlopeContact= 3.40375095334137
AIAdultLD50Contact= 0.0458929639891721
AILarvaSlope= 1.02523041316308
AILarvaLD50= 0.678365558967926
AIKOW= 5.06168132042512
AIKOC= 16.9036319490988
AIHalfLife= 4.33730523451231
EAppRate= 0
