ICQueenStrength= 3.76310307905078
RQWkrDrnRatio= 1.62791097164154
ICDroneMiteSurvivorship= 0.784879131242633
ICWorkerMiteSurvivorship= 10.3243476478383
ICForagerLifespan= 15.6853107074276
ImmType= Cosine
AIAdultSlope= 3.53327618911862
AIAdultLD50= 0.343502033618279
AIAdultSlopeContact= 3.63207458449993
AIAdultLD50Contact= 0.0341209126869217
AILarvaSlope= 1.74856184981763
AILarvaLD50= 0.83372883440461
AIKOW= 5.55786741012707
AIKOC= 24.0391213865951
AIHalfLife= 3.56306689674966
EAppRate= 0
