ICQueenStrength= 3.94892983161844
RQWkrDrnRatio= 1.02370080165565
ICDroneMiteSurvivorship= 72.8574138600379
ICWorkerMiteSurvivorship= 47.2411344526336
ICForagerLifespan= 6.58836200553924
ImmType= Tangent
AIAdultSlope= 2.34490143297706
AIAdultLD50= 0.0998231353005394
AIAdultSlopeContact= 0.997358309431002
AIAdultLD50Contact= 0.0141004275530577
AILarvaSlope= 1.60957096326165
AILarvaLD50= 0.511890460713767
AIKOW= 6.43248189939186
AIKOC= 17.5889958348125
AIHalfLife= 3.20256092934869
EAppRate= 0
