ICQueenStrength= 5.49859873857349
RQWkrDrnRatio= 1.07748110592365
ICDroneMiteSurvivorship= 37.3178059002385
ICWorkerMiteSurvivorship= 80.9445702005178
ICForagerLifespan= 8.56587309483439
ImmType= Exponential
AIAdultSlope= 5.85202845279127
AIAdultLD50= 0.456005472224206
AIAdultSlopeContact= 0.278175345207565
AIAdultLD50Contact= 0.00737591547658667
AILarvaSlope= 0.13749916930683
AILarvaLD50= 0.25903019180987
AIKOW= 5.60757594602183
AIKOC= 14.1860991728026
AIHalfLife= 1.63873646873981
EAppRate= 0
