ICQueenStrength= 5.0113608748652
RQWkrDrnRatio= 2.93933982774615
ICDroneMiteSurvivorship= 71.7569470172748
ICWorkerMiteSurvivorship= 15.2236457681283
ICForagerLifespan= 8.53539605345577
ImmType= Sine
AIAdultSlope= 1.79062374047237
AIAdultLD50= 0.418163374182768
AIAdultSlopeContact= 0.816184651844669
AIAdultLD50Contact= 0.00803990566637367
AILarvaSlope= 0.813508738856763
AILarvaLD50= 0.674060325790197
AIKOW= 4.35165851004422
AIKOC= 22.0092925196514
AIHalfLife= 3.98632336989976
EAppRate= 0
