ICQueenStrength= 4.15107034286484
RQWkrDrnRatio= 1.77905169595033
ICDroneMiteSurvivorship= 25.2150219166651
ICWorkerMiteSurvivorship= 32.2140524862334
ICForagerLifespan= 9.75641091354191
ImmType= Logarithmic
AIAdultSlope= 4.31227094260976
AIAdultLD50= 0.444898148300126
AIAdultSlopeContact= 1.61685226542642
AIAdultLD50Contact= 0.011878988367971
AILarvaSlope= 1.00099404859357
AILarvaLD50= 0.0111389602767304
AIKOW= 4.89405453484505
AIKOC= 10.4143071640283
AIHalfLife= 3.68954136269167
EAppRate= 0
