ICQueenStrength= 2.42819458502345
RQWkrDrnRatio= 4.12121598236263
ICDroneMiteSurvivorship= 13.8978547416627
ICWorkerMiteSurvivorship= 91.3941328413785
ICForagerLifespan= 7.37414963915944
ImmType= Sine
AIAdultSlope= 2.44681805262342
AIAdultLD50= 0.318754552863538
AIAdultSlopeContact= 1.51264767569024
AIAdultLD50Contact= 0.0294688875204884
AILarvaSlope= 1.7403603979852
AILarvaLD50= 0.24377778719645
AIKOW= 6.03396149398759
AIKOC= 17.4842147983145
AIHalfLife= 0.146192314568907
EAppRate= 0
