ICQueenStrength= 2.08901318977587
RQWkrDrnRatio= 2.51450740545988
ICDroneMiteSurvivorship= 13.5530351195484
ICWorkerMiteSurvivorship= 67.5447896821424
ICForagerLifespan= 12.6379779102281
ImmType= Logarithmic
AIAdultSlope= 2.29339401237667
AIAdultLD50= 0.287005051737651
AIAdultSlopeContact= 3.01690808556508
AIAdultLD50Contact= 0.0210209213080816
AILarvaSlope= 3.6504464992322
AILarvaLD50= 0.119004553416744
AIKOW= 2.60198513837531
AIKOC= 19.8608154093381
AIHalfLife= 3.32757305935957
EAppRate= 0
