ICQueenStrength= 3.87826396990567
RQWkrDrnRatio= 2.56512588169426
ICDroneMiteSurvivorship= 83.6894816486165
ICWorkerMiteSurvivorship= 39.8104224586859
ICForagerLifespan= 8.40011222008616
ImmType= Sine
AIAdultSlope= 0.294826501349453
AIAdultLD50= 0.143186651403084
AIAdultSlopeContact= 2.56870622148039
AIAdultLD50Contact= 0.0301433586864732
AILarvaSlope= 3.21785801975057
AILarvaLD50= 0.430817939992994
AIKOW= 4.03039009822533
AIKOC= 18.7197681353427
AIHalfLife= 2.17083349474706
EAppRate= 0
