ICQueenStrength= 4.49217072944157
RQWkrDrnRatio= 1.07419400289655
ICDroneMiteSurvivorship= 26.7380406847224
ICWorkerMiteSurvivorship= 52.0789888920262
ICForagerLifespan= 10.084910213016
ImmType= Sine
AIAdultSlope= 2.48648542677984
AIAdultLD50= 0.492245505331084
AIAdultSlopeContact= 1.03458287301706
AIAdultLD50Contact= 0.0199348325259052
AILarvaSlope= 1.3280615513213
AILarvaLD50= 0.878537530289032
AIKOW= 3.22953783627599
AIKOC= 16.7282830411568
AIHalfLife= 4.13675395771861
EAppRate= 0
