ICQueenStrength= 5.4189095904585
RQWkrDrnRatio= 4.12338706478477
ICDroneMiteSurvivorship= 3.47347103524953
ICWorkerMiteSurvivorship= 45.7251313142478
ICForagerLifespan= 12.7668128050864
ImmType= Tangent
AIAdultSlope= 9.33995123719797
AIAdultLD50= 0.432463828241453
AIAdultSlopeContact= 1.85715574504109
AIAdultLD50Contact= 0.020776633429341
AILarvaSlope= 2.14843813744374
AILarvaLD50= 0.640676115523092
AIKOW= 3.94874255778268
AIKOC= 22.4333053641021
AIHalfLife= 2.46531657408923
EAppRate= 0
