ICQueenStrength= 4.16545488662086
RQWkrDrnRatio= 2.18500980734825
ICDroneMiteSurvivorship= 86.2787932157516
ICWorkerMiteSurvivorship= 79.1792723117396
ICForagerLifespan= 7.4463527193293
ImmType= Exponential
AIAdultSlope= 0.909238830744289
AIAdultLD50= 0.200699560344219
AIAdultSlopeContact= 2.46210878155427
AIAdultLD50Contact= 0.00906310663558543
AILarvaSlope= 2.30929015935399
AILarvaLD50= 0.849667449924164
AIKOW= 7.65519248554483
AIKOC= 16.0544559778646
AIHalfLife= 0.10501213488169
EAppRate= 0
