ICQueenStrength= 4.11011237441562
RQWkrDrnRatio= 1.63926171325147
ICDroneMiteSurvivorship= 72.5226325215772
ICWorkerMiteSurvivorship= 88.0836583673954
ICForagerLifespan= 14.0018180729821
ImmType= Polynomial
AIAdultSlope= 1.01380957299611
AIAdultLD50= 0.0375889466376975
AIAdultSlopeContact= 2.91386238890933
AIAdultLD50Contact= 0.0462676179362461
AILarvaSlope= 2.5132337056566
AILarvaLD50= 0.106484891474247
AIKOW= 4.90547580271959
AIKOC= 24.2125732603017
AIHalfLife= 3.97661908180453
EAppRate= 0
