ICQueenStrength= 2.2206605472602
RQWkrDrnRatio= 2.63958278018981
ICDroneMiteSurvivorship= 39.833282167092
ICWorkerMiteSurvivorship= 10.887336730957
ICForagerLifespan= 13.7706287214532
ImmType= Exponential
AIAdultSlope= 8.23197974823415
AIAdultLD50= 0.346033704583533
AIAdultSlopeContact= 0.790248334715143
AIAdultLD50Contact= 0.0381981605663896
AILarvaSlope= 3.71781207621098
AILarvaLD50= 0.266439479473047
AIKOW= 4.56763337738812
AIKOC= 12.9244853404816
AIHalfLife= 4.71169562428258
EAppRate= 0
