ICQueenStrength= 2.89658043556847
RQWkrDrnRatio= 1.50323409494013
ICDroneMiteSurvivorship= 38.3596590254456
ICWorkerMiteSurvivorship= 50.7620431017131
ICForagerLifespan= 7.49667505919933
ImmType= Tangent
AIAdultSlope= 0.933383338800632
AIAdultLD50= 0.320686546037905
AIAdultSlopeContact= 0.0858084710268304
AIAdultLD50Contact= 0.0289312907378189
AILarvaSlope= 1.08477053372189
AILarvaLD50= 0.166127566318028
AIKOW= 5.11162277404219
AIKOC= 8.76613571424969
AIHalfLife= 3.976635329891
EAppRate= 0
