ICQueenStrength= 4.5238578915596
RQWkrDrnRatio= 1.59930817876011
ICDroneMiteSurvivorship= 24.3052415782586
ICWorkerMiteSurvivorship= 25.6098736077547
ICForagerLifespan= 5.40931642986834
ImmType= Tangent
AIAdultSlope= 5.56787246372551
AIAdultLD50= 0.253556060953997
AIAdultSlopeContact= 0.674874494704418
AIAdultLD50Contact= 0.0340224687475711
AILarvaSlope= 2.30954855736345
AILarvaLD50= 0.644328398653306
AIKOW= 7.67486422555521
AIKOC= 16.8224229721818
AIHalfLife= 1.41445930814371
EAppRate= 0
