ICQueenStrength= 3.39873034879565
RQWkrDrnRatio= 2.94822835177183
ICDroneMiteSurvivorship= 8.5966965649277
ICWorkerMiteSurvivorship= 41.055959276855
ICForagerLifespan= 14.5814549298957
ImmType= Logarithmic
AIAdultSlope= 3.87659419560805
AIAdultLD50= 0.255852502654307
AIAdultSlopeContact= 2.1035802357411
AIAdultLD50Contact= 0.018019643065054
AILarvaSlope= 0.282034268602729
AILarvaLD50= 0.853078770521097
AIKOW= 4.32564004464075
AIKOC= 18.2705400988925
AIHalfLife= 0.520137000130489
EAppRate= 0
