ICQueenStrength= 2.41237658914179
RQWkrDrnRatio= 4.47461009770632
ICDroneMiteSurvivorship= 47.0768713625148
ICWorkerMiteSurvivorship= 52.7035406325012
ICForagerLifespan= 6.02813870925456
ImmType= Exponential
AIAdultSlope= 0.0771316484757699
AIAdultLD50= 0.125331753748469
AIAdultSlopeContact= 0.101408072859049
AIAdultLD50Contact= 0.0234354726970196
AILarvaSlope= 1.16593062570319
AILarvaLD50= 0.610031869355589
AIKOW= 2.1260106517002
AIKOC= 23.236866168445
AIHalfLife= 1.32682835217565
EAppRate= 0
