ICQueenStrength= 1.59895251994021
RQWkrDrnRatio= 2.98559293150902
ICDroneMiteSurvivorship= 57.8847876051441
ICWorkerMiteSurvivorship= 35.7151144184172
ICForagerLifespan= 13.001298038289
ImmType= Tangent
AIAdultSlope= 2.59896821960807
AIAdultLD50= 0.0581824610708281
AIAdultSlopeContact= 2.81844952500192
AIAdultLD50Contact= 0.00161621507722884
AILarvaSlope= 0.950326424231753
AILarvaLD50= 0.538895094254985
AIKOW= 4.53106740722433
AIKOC= 8.03712831810117
AIHalfLife= 2.18425264116377
EAppRate= 0
