ICQueenStrength= 1.73563350364566
RQWkrDrnRatio= 3.92807734292001
ICDroneMiteSurvivorship= 20.2586865518242
ICWorkerMiteSurvivorship= 22.5732098566368
ICForagerLifespan= 9.37872333731502
ImmType= Sine
AIAdultSlope= 0.593563938809093
AIAdultLD50= 0.131178503273986
AIAdultSlopeContact= 0.657413488870952
AIAdultLD50Contact= 0.00425042916322127
AILarvaSlope= 2.05515778912231
AILarvaLD50= 0.429718310991302
AIKOW= 2.96586899831891
AIKOC= 21.563434334239
AIHalfLife= 3.87907668482512
EAppRate= 0
