ICQueenStrength= 3.55780334468
RQWkrDrnRatio= 4.27424551174045
ICDroneMiteSurvivorship= 81.0191034339368
ICWorkerMiteSurvivorship= 1.93638487253338
ICForagerLifespan= 15.6955677261576
ImmType= Logarithmic
AIAdultSlope= 5.77946041477844
AIAdultLD50= 0.402425325126387
AIAdultSlopeContact= 0.718180127644446
AIAdultLD50Contact= 0.0249007192673162
AILarvaSlope= 2.65800189836882
AILarvaLD50= 0.318252185010351
AIKOW= 6.46876505576074
AIKOC= 5.99607689189725
AIHalfLife= 3.80974634666927
EAppRate= 0
