ICQueenStrength= 4.86039027944207
RQWkrDrnRatio= 1.09021197725087
ICDroneMiteSurvivorship= 40.9287631278858
ICWorkerMiteSurvivorship= 17.2053743386641
ICForagerLifespan= 13.9485415816307
ImmType= Polynomial
AIAdultSlope= 2.63472315389663
AIAdultLD50= 0.119541779975407
AIAdultSlopeContact= 0.474758448824286
AIAdultLD50Contact= 0.0214411988505162
AILarvaSlope= 2.47934075854719
AILarvaLD50= 0.600348584144376
AIKOW= 4.22176074935123
AIKOC= 19.3724165740423
AIHalfLife= 3.23524368344806
EAppRate= 0
