ICQueenStrength= 1.83074189024046
RQWkrDrnRatio= 4.75855205021799
ICDroneMiteSurvivorship= 44.5663986494765
ICWorkerMiteSurvivorship= 22.9992685373873
ICForagerLifespan= 12.2532703867182
ImmType= Exponential
AIAdultSlope= 8.70827617822215
AIAdultLD50= 0.442793584661558
AIAdultSlopeContact= 3.13269014816964
AIAdultLD50Contact= 0.0466801395756193
AILarvaSlope= 3.3386474234052
AILarvaLD50= 0.754248037515208
AIKOW= 4.91622278001159
AIKOC= 19.3791935057379
AIHalfLife= 4.64632353163324
EAppRate= 0
