ICQueenStrength= 4.87732081348076
RQWkrDrnRatio= 2.78066794015467
ICDroneMiteSurvivorship= 32.0476636756212
ICWorkerMiteSurvivorship= 8.60260161571205
ICForagerLifespan= 7.66843305435032
ImmType= Logarithmic
AIAdultSlope= 7.97197163337842
AIAdultLD50= 0.372079165186733
AIAdultSlopeContact= 3.53061666751513
AIAdultLD50Contact= 0.0297582002705894
AILarvaSlope= 1.41253945427015
AILarvaLD50= 0.614651390793733
AIKOW= 3.59825278213248
AIKOC= 28.0305075994693
AIHalfLife= 1.42594779492356
EAppRate= 0
