ICQueenStrength= 5.90049897576682
RQWkrDrnRatio= 1.29493324458599
ICDroneMiteSurvivorship= 59.4818874495104
ICWorkerMiteSurvivorship= 80.6284536607563
ICForagerLifespan= 15.5827091271058
ImmType= Logarithmic
AIAdultSlope= 4.75650024367496
AIAdultLD50= 0.12570856907405
AIAdultSlopeContact= 2.22364134146366
AIAdultLD50Contact= 0.0482928852550685
AILarvaSlope= 0.2730155386962
AILarvaLD50= 0.0616341475630179
AIKOW= 4.7197737195529
AIKOC= 13.5079474374652
AIHalfLife= 1.38894865871407
EAppRate= 0
