ICQueenStrength= 2.50367146008648
RQWkrDrnRatio= 1.90000733733177
ICDroneMiteSurvivorship= 38.2711777929217
ICWorkerMiteSurvivorship= 32.2065204847604
ICForagerLifespan= 10.6114300973713
ImmType= Exponential
AIAdultSlope= 3.36050220564008
AIAdultLD50= 0.410219749086536
AIAdultSlopeContact= 2.79774437966058
AIAdultLD50Contact= 0.0283994933823124
AILarvaSlope= 1.52043883334845
AILarvaLD50= 0.02091482905671
AIKOW= 3.8656790079549
AIKOC= 18.792599318549
AIHalfLife= 3.75515837105922
EAppRate= 0
