ICQueenStrength= 3.06220443360507
RQWkrDrnRatio= 2.00228919554502
ICDroneMiteSurvivorship= 66.3703182712197
ICWorkerMiteSurvivorship= 94.194191112183
ICForagerLifespan= 13.5818610284477
ImmType= Polynomial
AIAdultSlope= 7.62292495463043
AIAdultLD50= 0.0192857938818634
AIAdultSlopeContact= 0.12898413115181
AIAdultLD50Contact= 0.0443222738453187
AILarvaSlope= 2.92582781706005
AILarvaLD50= 0.805012938310392
AIKOW= 4.36788603104651
AIKOC= 13.6874898988754
AIHalfLife= 1.32351630018093
EAppRate= 0
