ICQueenStrength= 5.43073078175075
RQWkrDrnRatio= 1.53502661455423
ICDroneMiteSurvivorship= 54.4826922472566
ICWorkerMiteSurvivorship= 86.3220962462947
ICForagerLifespan= 8.67421125527471
ImmType= Cosine
AIAdultSlope= 3.69056578259915
AIAdultLD50= 0.000121170654892921
AIAdultSlopeContact= 2.77115901099751
AIAdultLD50Contact= 0.0400662614614703
AILarvaSlope= 3.10865444140509
AILarvaLD50= 0.707742813834921
AIKOW= 2.8752471790649
AIKOC= 21.1999373754952
AIHalfLife= 3.78741424996406
EAppRate= 0
