ICQueenStrength= 4.80432128207758
RQWkrDrnRatio= 1.50753204617649
ICDroneMiteSurvivorship= 42.3745237756521
ICWorkerMiteSurvivorship= 34.7391386982054
ICForagerLifespan= 8.40060520451516
ImmType= Tangent
AIAdultSlope= 3.25683198170736
AIAdultLD50= 0.00382827082648873
AIAdultSlopeContact= 2.80696213445859
AIAdultLD50Contact= 0.0135682648280635
AILarvaSlope= 2.14073525965214
AILarvaLD50= 0.17032515972387
AIKOW= 7.54095650650561
AIKOC= 16.5072530577891
AIHalfLife= 3.01288475515321
EAppRate= 0
