ICQueenStrength= 4.93008525017649
RQWkrDrnRatio= 4.67805113550276
ICDroneMiteSurvivorship= 99.4546781294048
ICWorkerMiteSurvivorship= 74.9007572187111
ICForagerLifespan= 13.6044077416882
ImmType= Logarithmic
AIAdultSlope= 1.80989306333475
AIAdultLD50= 0.398846654221416
AIAdultSlopeContact= 1.86899097480113
AIAdultLD50Contact= 0.0231629529851489
AILarvaSlope= 2.15185810592957
AILarvaLD50= 0.0155644192826003
AIKOW= 4.13564487919211
AIKOC= 26.9051613064948
AIHalfLife= 0.797246929723769
EAppRate= 0
