ICQueenStrength= 4.20328255766071
RQWkrDrnRatio= 3.59912872035056
ICDroneMiteSurvivorship= 34.8174978513271
ICWorkerMiteSurvivorship= 10.4353284696117
ICForagerLifespan= 6.54312541335821
ImmType= Polynomial
AIAdultSlope= 4.19904434122145
AIAdultLD50= 0.335403966484591
AIAdultSlopeContact= 2.14232088866411
AIAdultLD50Contact= 0.00286962402751669
AILarvaSlope= 2.43576258793473
AILarvaLD50= 0.269288592087105
AIKOW= 4.46734747383744
AIKOC= 25.1691324415151
AIHalfLife= 2.38419650006108
EAppRate= 0
