ICQueenStrength= 2.73077755956911
RQWkrDrnRatio= 2.90460179559886
ICDroneMiteSurvivorship= 39.1586751211435
ICWorkerMiteSurvivorship= 43.0941117927432
ICForagerLifespan= 5.81806714646518
ImmType= Cosine
AIAdultSlope= 3.32076192055363
AIAdultLD50= 0.462791949161328
AIAdultSlopeContact= 1.88393760696519
AIAdultLD50Contact= 0.0125568477669731
AILarvaSlope= 1.43786518159322
AILarvaLD50= 0.260682297195308
AIKOW= 7.595495976042
AIKOC= 13.292577235261
AIHalfLife= 0.109698806190863
EAppRate= 0
