ICQueenStrength= 3.60510266176425
RQWkrDrnRatio= 4.24958438798785
ICDroneMiteSurvivorship= 4.03477845247835
ICWorkerMiteSurvivorship= 15.0434295414016
ICForagerLifespan= 9.69575673248619
ImmType= Exponential
AIAdultSlope= 3.78160751890391
AIAdultLD50= 0.270678032655269
AIAdultSlopeContact= 1.46595557942754
AIAdultLD50Contact= 0.0320811757235788
AILarvaSlope= 9.76423790445551
AILarvaLD50= 0.0297942283563316
AIKOW= 3.00571318808943
AIKOC= 17.6738623715937
AIHalfLife= 4.24050955101848
EAppRate= 0
