ICQueenStrength= 4.44720629043877
RQWkrDrnRatio= 2.98553308099508
ICDroneMiteSurvivorship= 90.580133558251
ICWorkerMiteSurvivorship= 40.4916230589151
ICForagerLifespan= 8.0381446769461
ImmType= Sine
AIAdultSlope= 7.60141785722226
AIAdultLD50= 0.0745420042658225
AIAdultSlopeContact= 1.97021906601498
AIAdultLD50Contact= 0.0462829836760648
AILarvaSlope= 0.713658414315432
AILarvaLD50= 0.00176252690143883
AIKOW= 7.09763085283339
AIKOC= 22.7642265567556
AIHalfLife= 2.81238773022778
EAppRate= 0
