ICQueenStrength= 2.1978047026787
RQWkrDrnRatio= 3.96461664885283
ICDroneMiteSurvivorship= 23.2639859663323
ICWorkerMiteSurvivorship= 55.2525119157508
ICForagerLifespan= 5.08464649226516
ImmType= Tangent
AIAdultSlope= 8.85566368233413
AIAdultLD50= 0.0610120847122744
AIAdultSlopeContact= 2.79386822088389
AIAdultLD50Contact= 0.0393773504183628
AILarvaSlope= 0.763648395426571
AILarvaLD50= 0.41879190467298
AIKOW= 7.79473913833499
AIKOC= 5.26563405408524
AIHalfLife= 1.31365134613588
EAppRate= 0
