ICQueenStrength= 3.39074843353592
RQWkrDrnRatio= 2.43830814864486
ICDroneMiteSurvivorship= 81.0210988391191
ICWorkerMiteSurvivorship= 84.8612260539085
ICForagerLifespan= 15.645585283637
ImmType= Cosine
AIAdultSlope= 3.48032172536477
AIAdultLD50= 0.289266919484362
AIAdultSlopeContact= 0.782842885537539
AIAdultLD50Contact= 0.0390996387111954
AILarvaSlope= 0.31071830606088
AILarvaLD50= 0.758415311272256
AIKOW= 4.68296738155186
AIKOC= 6.16869136109017
AIHalfLife= 1.55732984654605
EAppRate= 0
