ICQueenStrength= 5.38007945660502
RQWkrDrnRatio= 1.98955755494535
ICDroneMiteSurvivorship= 77.0558401709422
ICWorkerMiteSurvivorship= 30.0782086094841
ICForagerLifespan= 9.76333322282881
ImmType= Tangent
AIAdultSlope= 0.4879663255997
AIAdultLD50= 0.455014311941341
AIAdultSlopeContact= 0.0117391210841015
AIAdultLD50Contact= 0.0113709727185778
AILarvaSlope= 6.1705547105521
AILarvaLD50= 0.39225930031389
AIKOW= 7.0582159771584
AIKOC= 17.7006690658163
AIHalfLife= 0.513854695018381
EAppRate= 0
