ICQueenStrength= 2.09335003304295
RQWkrDrnRatio= 2.80139941349626
ICDroneMiteSurvivorship= 89.7046350408345
ICWorkerMiteSurvivorship= 75.0811215955764
ICForagerLifespan= 6.00545917358249
ImmType= Polynomial
AIAdultSlope= 9.59290649276227
AIAdultLD50= 0.307507856748998
AIAdultSlopeContact= 0.219499998427928
AIAdultLD50Contact= 0.0292055193684064
AILarvaSlope= 0.725733030866831
AILarvaLD50= 0.829322685836814
AIKOW= 4.85100853908807
AIKOC= 6.10030298819765
AIHalfLife= 1.54688684502617
EAppRate= 0
