ICQueenStrength= 3.2779975051526
RQWkrDrnRatio= 4.26251448597759
ICDroneMiteSurvivorship= 51.1397219961509
ICWorkerMiteSurvivorship= 39.5069300197065
ICForagerLifespan= 14.5266379173845
ImmType= Logarithmic
AIAdultSlope= 3.46041114768013
AIAdultLD50= 0.00338731275405735
AIAdultSlopeContact= 3.78157710633706
AIAdultLD50Contact= 0.0328306809300557
AILarvaSlope= 0.179609177075326
AILarvaLD50= 0.627721391315572
AIKOW= 5.26868094364181
AIKOC= 12.9174841288477
AIHalfLife= 3.63883070880547
EAppRate= 0
