ICQueenStrength= 4.71288038790226
RQWkrDrnRatio= 3.03971615433693
ICDroneMiteSurvivorship= 42.5336430082098
ICWorkerMiteSurvivorship= 91.0184589680284
ICForagerLifespan= 5.77926442492753
ImmType= Sine
AIAdultSlope= 0.669417835276108
AIAdultLD50= 0.136375458771363
AIAdultSlopeContact= 1.85562606301624
AIAdultLD50Contact= 0.00978843093616888
AILarvaSlope= 3.12702592597343
AILarvaLD50= 0.0433147651841864
AIKOW= 2.71399139333516
AIKOC= 10.4044802614953
AIHalfLife= 0.407190569164231
