ICQueenStrength= 2.25146802281961
RQWkrDrnRatio= 3.17437542695552
ICDroneMiteSurvivorship= 36.6532981628552
ICWorkerMiteSurvivorship= 66.5907677495852
ICForagerLifespan= 14.6977605335414
ImmType= Exponential
AIAdultSlope= 3.37148327473551
AIAdultLD50= 0.199028497911058
AIAdultSlopeContact= 2.87836469053756
AIAdultLD50Contact= 0.0491198188508861
AILarvaSlope= 2.45090799415484
AILarvaLD50= 0.27948914738372
AIKOW= 5.00353584438562
AIKOC= 15.777276288718
AIHalfLife= 1.67800998315215
EAppRate= 0
