ICQueenStrength= 1.68939685705118
RQWkrDrnRatio= 1.19352949317545
ICDroneMiteSurvivorship= 91.1364203784615
ICWorkerMiteSurvivorship= 98.3637782745063
ICForagerLifespan= 14.8441905491054
ImmType= Polynomial
AIAdultSlope= 7.35920826904476
AIAdultLD50= 0.426913867355324
AIAdultSlopeContact= 1.47965426833369
AIAdultLD50Contact= 0.0301466592936777
AILarvaSlope= 3.25940008782782
AILarvaLD50= 0.705368727562018
AIKOW= 2.70486758649349
AIKOC= 12.0814625534695
AIHalfLife= 2.56576377316378
EAppRate= 0
