ICQueenStrength= 4.44885347643867
RQWkrDrnRatio= 3.1475941259414
ICDroneMiteSurvivorship= 22.9658328462392
ICWorkerMiteSurvivorship= 31.9481637794524
ICForagerLifespan= 4.20141777861863
ImmType= Cosine
AIAdultSlope= 0.739888984328136
AIAdultLD50= 0.443921132944524
AIAdultSlopeContact= 1.8679472951917
AIAdultLD50Contact= 0.0471165377181023
AILarvaSlope= 2.8191843370907
AILarvaLD50= 0.304000441962853
AIKOW= 5.55712861102074
AIKOC= 6.34616806753911
AIHalfLife= 1.50162623962387
EAppRate= 0
