ICQueenStrength= 4.25376754510216
RQWkrDrnRatio= 1.24941153824329
ICDroneMiteSurvivorship= 86.2224267330021
ICWorkerMiteSurvivorship= 84.0712164761499
ICForagerLifespan= 6.79288212489337
ImmType= Polynomial
AIAdultSlope= 3.36559370077914
AIAdultLD50= 0.443231281242333
AIAdultSlopeContact= 1.21664992934559
AIAdultLD50Contact= 0.0125553032383323
AILarvaSlope= 0.615467047737911
AILarvaLD50= 0.77710174578242
AIKOW= 5.14070665510371
AIKOC= 11.2333054724149
AIHalfLife= 2.92348335613497
EAppRate= 0
