ICQueenStrength= 1.23862988804467
RQWkrDrnRatio= 1.83959978539497
ICDroneMiteSurvivorship= 79.6111999079585
ICWorkerMiteSurvivorship= 54.6730688773096
ICForagerLifespan= 12.8378048203886
ImmType= Exponential
AIAdultSlope= 2.63585586753907
AIAdultLD50= 0.301240608445369
AIAdultSlopeContact= 2.91976094200043
AIAdultLD50Contact= 0.00673498446121812
AILarvaSlope= 0.478841647878289
AILarvaLD50= 0.715056388964877
AIKOW= 7.05001560365781
AIKOC= 28.6947093799245
AIHalfLife= 4.99596527195536
EAppRate= 0
