ICQueenStrength= 5.54852276481688
RQWkrDrnRatio= 4.31076576374471
ICDroneMiteSurvivorship= 2.65733061823994
ICWorkerMiteSurvivorship= 95.7206683466211
ICForagerLifespan= 8.35625913366675
ImmType= Sine
AIAdultSlope= 4.71950331469998
AIAdultLD50= 0.346593802911229
AIAdultSlopeContact= 0.528420406035148
AIAdultLD50Contact= 0.0378754641162232
AILarvaSlope= 2.53022247054614
AILarvaLD50= 0.297827984788455
AIKOW= 7.60798458848149
AIKOC= 9.00737694581039
AIHalfLife= 2.60431293165311
EAppRate= 0
