ICQueenStrength= 2.95654086302966
RQWkrDrnRatio= 3.3168038316071
ICDroneMiteSurvivorship= 49.734198837541
ICWorkerMiteSurvivorship= 64.0529866330326
ICForagerLifespan= 4.93683792185038
ImmType= Cosine
AIAdultSlope= 3.26013429229148
AIAdultLD50= 0.364048388670199
AIAdultSlopeContact= 0.999462549935561
AIAdultLD50Contact= 0.0439126451383345
AILarvaSlope= 2.38318074503914
AILarvaLD50= 0.799141744547524
AIKOW= 2.90142961265519
AIKOC= 10.2638666238636
AIHalfLife= 3.9597802166827
EAppRate= 0
