ICQueenStrength= 1.2712744101882
RQWkrDrnRatio= 4.90322440955788
ICDroneMiteSurvivorship= 31.6410313127562
ICWorkerMiteSurvivorship= 93.8405088847503
ICForagerLifespan= 5.31789419054985
ImmType= Cosine
AIAdultSlope= 0.645842674635351
AIAdultLD50= 0.302668383927085
AIAdultSlopeContact= 0.424031262276694
AIAdultLD50Contact= 0.0142558867577463
AILarvaSlope= 0.372098409803584
AILarvaLD50= 0.445785877900198
AIKOW= 7.85531644197181
AIKOC= 23.8758452539332
AIHalfLife= 3.53674246696755
EAppRate= 0
