ICQueenStrength= 2.62210548878647
RQWkrDrnRatio= 2.96274721715599
ICDroneMiteSurvivorship= 57.143218931742
ICWorkerMiteSurvivorship= 67.7160028833896
ICForagerLifespan= 7.07224827539176
ImmType= Cosine
AIAdultSlope= 3.54834596125642
AIAdultLD50= 0.124537510098889
AIAdultSlopeContact= 1.78986638024217
AIAdultLD50Contact= 0.0122676467057318
AILarvaSlope= 2.43996711140499
AILarvaLD50= 0.0136428983649239
AIKOW= 6.63966954546049
AIKOC= 6.43826127750799
AIHalfLife= 4.08356562722474
EAppRate= 0
