ICQueenStrength= 4.45240871887654
RQWkrDrnRatio= 2.4115385543555
ICDroneMiteSurvivorship= 57.7617272268981
ICWorkerMiteSurvivorship= 11.9234984507784
ICForagerLifespan= 9.79270796012133
ImmType= Cosine
AIAdultSlope= 0.588419289900921
AIAdultLD50= 0.397693879436702
AIAdultSlopeContact= 0.519955718172714
AIAdultLD50Contact= 0.0489272859762423
AILarvaSlope= 2.36282229088247
AILarvaLD50= 0.109550777915865
AIKOW= 2.76407634466887
AIKOC= 24.9903607543092
AIHalfLife= 3.02747815148905
EAppRate= 0
