ICQueenStrength= 2.10954400384799
RQWkrDrnRatio= 4.16686461865902
ICDroneMiteSurvivorship= 59.0380386915058
ICWorkerMiteSurvivorship= 41.8543072417378
ICForagerLifespan= 9.67961054388434
ImmType= Cosine
AIAdultSlope= 5.52075393730775
AIAdultLD50= 0.42804578517098
AIAdultSlopeContact= 3.63550006080419
AIAdultLD50Contact= 0.0433168163057417
AILarvaSlope= 1.54016441325657
AILarvaLD50= 0.896966742211953
AIKOW= 4.12873408664018
AIKOC= 19.0040653815959
AIHalfLife= 4.31186405243352
EAppRate= 0
