ICQueenStrength= 5.69681201153435
RQWkrDrnRatio= 1.08481920138001
ICDroneMiteSurvivorship= 4.93946326896548
ICWorkerMiteSurvivorship= 19.0489404369146
ICForagerLifespan= 15.3432941781357
ImmType= Sine
AIAdultSlope= 3.57797885263804
AIAdultLD50= 0.286550069111399
AIAdultSlopeContact= 1.66238095387816
AIAdultLD50Contact= 0.0217197875143029
AILarvaSlope= 1.92104321378283
AILarvaLD50= 0.523257966572419
AIKOW= 5.72946747485548
AIKOC= 10.2026400458999
AIHalfLife= 1.15433995961212
EAppRate= 0
