ICQueenStrength= 3.38096560700797
RQWkrDrnRatio= 2.68415896128863
ICDroneMiteSurvivorship= 9.85365177039057
ICWorkerMiteSurvivorship= 22.8340025292709
ICForagerLifespan= 4.19411464035511
ImmType= Logarithmic
AIAdultSlope= 2.62311670436058
AIAdultLD50= 0.414473493467085
AIAdultSlopeContact= 3.5791122842487
AIAdultLD50Contact= 0.0289774124627002
AILarvaSlope= 1.43153067291714
AILarvaLD50= 0.399741848325357
AIKOW= 5.37210334418342
AIKOC= 20.100095939124
AIHalfLife= 3.96049506613053
EAppRate= 0
