ICQueenStrength= 2.03086826740764
RQWkrDrnRatio= 2.54719456564635
ICDroneMiteSurvivorship= 55.7706038234755
ICWorkerMiteSurvivorship= 46.5629002545029
ICForagerLifespan= 5.82424193248153
ImmType= Cosine
AIAdultSlope= 2.34848765894305
AIAdultLD50= 0.367799604893662
AIAdultSlopeContact= 1.17153340815799
AIAdultLD50Contact= 0.0422318992787041
AILarvaSlope= 0.710979340877384
AILarvaLD50= 0.570556108443998
AIKOW= 2.68996828142554
AIKOC= 10.3140364238061
AIHalfLife= 3.54943379992619
EAppRate= 0
