ICQueenStrength= 1.52916381508112
RQWkrDrnRatio= 4.31451591197401
ICDroneMiteSurvivorship= 64.2863813089207
ICWorkerMiteSurvivorship= 52.6577083393931
ICForagerLifespan= 4.22651697695255
ImmType= Polynomial
AIAdultSlope= 2.74902281584218
AIAdultLD50= 0.218203296069987
AIAdultSlopeContact= 1.92563824221957
AIAdultLD50Contact= 0.0188154902309179
AILarvaSlope= 3.27657992863096
AILarvaLD50= 0.588411048520356
AIKOW= 7.47739891940728
AIKOC= 25.2142725931481
AIHalfLife= 2.34863402671181
EAppRate= 0
