ICQueenStrength= 5.60369536653161
RQWkrDrnRatio= 4.89564444497228
ICDroneMiteSurvivorship= 94.031151314266
ICWorkerMiteSurvivorship= 58.8620288297534
ICForagerLifespan= 11.0077046137303
ImmType= Sine
AIAdultSlope= 1.88065473630326
AIAdultLD50= 0.234284824808128
AIAdultSlopeContact= 3.18819379426539
AIAdultLD50Contact= 0.0340699981781654
AILarvaSlope= 3.26850890126079
AILarvaLD50= 0.803014593059197
AIKOW= 6.84710649587214
AIKOC= 10.9980565449223
AIHalfLife= 4.44590821745805
EAppRate= 0
