ICQueenStrength= 4.02281741052866
RQWkrDrnRatio= 1.57523987814784
ICDroneMiteSurvivorship= 67.5158734899014
ICWorkerMiteSurvivorship= 49.7600639937446
ICForagerLifespan= 14.7894083103165
ImmType= Exponential
AIAdultSlope= 6.30957264220342
AIAdultLD50= 0.0207502259872854
AIAdultSlopeContact= 0.977978970436379
AIAdultLD50Contact= 0.0174984291079454
AILarvaSlope= 3.32519175251946
AILarvaLD50= 0.172409731918015
AIKOW= 5.00141068268567
AIKOC= 6.56106541398913
AIHalfLife= 4.87627007067204
EAppRate= 0
