ICQueenStrength= 2.29179281881079
RQWkrDrnRatio= 2.01762929372489
ICDroneMiteSurvivorship= 61.559826345183
ICWorkerMiteSurvivorship= 28.7224746774882
ICForagerLifespan= 7.11348861083388
ImmType= Polynomial
AIAdultSlope= 8.37692322675139
AIAdultLD50= 0.0759464595466852
AIAdultSlopeContact= 3.89352837982122
AIAdultLD50Contact= 0.0403917096788064
AILarvaSlope= 2.44820385263301
AILarvaLD50= 0.272210631240159
AIKOW= 2.62689997674897
AIKOC= 25.3676334582269
AIHalfLife= 0.398014121456072
EAppRate= 0
