ICQueenStrength= 4.28303431742825
RQWkrDrnRatio= 3.01901111751795
ICDroneMiteSurvivorship= 69.1508072894067
ICWorkerMiteSurvivorship= 76.6243399586529
ICForagerLifespan= 9.88630274683237
ImmType= Logarithmic
AIAdultSlope= 0.45791785698384
AIAdultLD50= 0.0709141222760081
AIAdultSlopeContact= 1.92107755824225
AIAdultLD50Contact= 0.00155769166303799
AILarvaSlope= 1.08101334758103
AILarvaLD50= 0.476838546758518
AIKOW= 3.09654988301918
AIKOC= 25.8942566474434
AIHalfLife= 2.34514835639857
EAppRate= 0
