ICQueenStrength= 1.45240414328873
RQWkrDrnRatio= 4.26210863515735
ICDroneMiteSurvivorship= 18.7055381480604
ICWorkerMiteSurvivorship= 49.9274399364367
ICForagerLifespan= 6.62009245995432
ImmType= Polynomial
AIAdultSlope= 8.307378385216
AIAdultLD50= 0.0455258404836059
AIAdultSlopeContact= 2.47922930496745
AIAdultLD50Contact= 0.0366281087393872
AILarvaSlope= 3.38910944294184
AILarvaLD50= 0.130471702292562
AIKOW= 6.44245360931382
AIKOC= 20.6818868359551
AIHalfLife= 2.14800697867759
EAppRate= 0
