ICQueenStrength= 5.85611722222529
RQWkrDrnRatio= 4.07495789509267
ICDroneMiteSurvivorship= 78.1373333418742
ICWorkerMiteSurvivorship= 53.2928939675912
ICForagerLifespan= 5.53017591033131
ImmType= Sine
AIAdultSlope= 1.91086275622481
AIAdultLD50= 0.200423158938065
AIAdultSlopeContact= 2.45255496115889
AIAdultLD50Contact= 0.0267046106047928
AILarvaSlope= 1.34136296636425
AILarvaLD50= 0.350240906886756
AIKOW= 7.93552178936079
AIKOC= 19.4131372915581
AIHalfLife= 3.7764046958182
EAppRate= 0
