ICQueenStrength= 4.80487086251378
RQWkrDrnRatio= 1.89294376503676
ICDroneMiteSurvivorship= 52.8057611780241
ICWorkerMiteSurvivorship= 42.0390439685434
ICForagerLifespan= 5.35421913210303
ImmType= Sine
AIAdultSlope= 5.41652338113636
AIAdultLD50= 0.206183489761315
AIAdultSlopeContact= 2.21986508413916
AIAdultLD50Contact= 0.00583776100538671
AILarvaSlope= 0.204861479671672
AILarvaLD50= 0.280078209307976
AIKOW= 3.43736596172675
AIKOC= 19.0536449092906
AIHalfLife= 4.227958121337
EAppRate= 0
