ICQueenStrength= 2.01458133314736
RQWkrDrnRatio= 1.52909793518484
ICDroneMiteSurvivorship= 91.4326891768724
ICWorkerMiteSurvivorship= 96.0782648762688
ICForagerLifespan= 4.17801008466631
ImmType= Polynomial
AIAdultSlope= 5.31502151628956
AIAdultLD50= 0.215317096794024
AIAdultSlopeContact= 2.78456960263196
AIAdultLD50Contact= 0.00191693365341052
AILarvaSlope= 0.23954521343112
AILarvaLD50= 0.805835716822185
AIKOW= 6.05995639367029
AIKOC= 29.4499931344762
AIHalfLife= 3.3093487448059
EAppRate= 0
