ICQueenStrength= 3.15983864967711
RQWkrDrnRatio= 1.67851256392896
ICDroneMiteSurvivorship= 47.6931852521375
ICWorkerMiteSurvivorship= 19.1729177953675
ICForagerLifespan= 13.81968023628
ImmType= Tangent
AIAdultSlope= 1.70896510196384
AIAdultLD50= 0.147805336513557
AIAdultSlopeContact= 0.60064666070044
AIAdultLD50Contact= 0.0160860535223037
AILarvaSlope= 0.334896291512996
AILarvaLD50= 0.704826055280864
AIKOW= 2.16578416805714
AIKOC= 20.2188991894946
AIHalfLife= 2.55846917512827
EAppRate= 0
