ICQueenStrength= 2.39583159121685
RQWkrDrnRatio= 3.3511123182252
ICDroneMiteSurvivorship= 25.9074828121811
ICWorkerMiteSurvivorship= 89.3160714767873
ICForagerLifespan= 7.45816917158663
ImmType= Tangent
AIAdultSlope= 3.764042103393
AIAdultLD50= 0.0596916432259604
AIAdultSlopeContact= 3.75552334216191
AIAdultLD50Contact= 0.0225983299664222
AILarvaSlope= 0.430105713196099
AILarvaLD50= 0.546901442063972
AIKOW= 4.3674478335306
AIKOC= 27.8050284145866
AIHalfLife= 1.99827472330071
EAppRate= 0
