ICQueenStrength= 4.84451539954171
RQWkrDrnRatio= 1.35679422132671
ICDroneMiteSurvivorship= 75.6894833408296
ICWorkerMiteSurvivorship= 18.2533350540325
ICForagerLifespan= 6.04077923949808
ImmType= Sine
AIAdultSlope= 0.793281553778797
AIAdultLD50= 0.0776559695368633
AIAdultSlopeContact= 1.5318215981056
AIAdultLD50Contact= 0.0250560531043448
AILarvaSlope= 0.819211555179209
AILarvaLD50= 0.582405167631805
AIKOW= 2.6005730656907
AIKOC= 8.85557521949522
AIHalfLife= 3.27649459824897
EAppRate= 0
