ICQueenStrength= 4.68961705011316
RQWkrDrnRatio= 4.80617370735854
ICDroneMiteSurvivorship= 85.2547514718026
ICWorkerMiteSurvivorship= 75.9246859000996
ICForagerLifespan= 6.82762686256319
ImmType= Exponential
AIAdultSlope= 2.67384545743
AIAdultLD50= 0.359292118460871
AIAdultSlopeContact= 2.86109974149847
AIAdultLD50Contact= 0.0341355888755061
AILarvaSlope= 1.19892837251537
AILarvaLD50= 0.229548843135126
AIKOW= 5.70414122473449
AIKOC= 29.9720217369031
AIHalfLife= 1.88605661038309
EAppRate= 0
