ICQueenStrength= 4.15349053940736
RQWkrDrnRatio= 3.06468442082405
ICDroneMiteSurvivorship= 54.4216107344255
ICWorkerMiteSurvivorship= 40.3134191408753
ICForagerLifespan= 10.3944528857246
ImmType= Sine
AIAdultSlope= 1.68334825646365
AIAdultLD50= 0.104325494961813
AIAdultSlopeContact= 3.19423868721351
AIAdultLD50Contact= 0.0019699361291714
AILarvaSlope= 1.9272272806149
AILarvaLD50= 0.237791452277452
AIKOW= 2.78620373923331
AIKOC= 8.09435161179863
AIHalfLife= 3.31614541821182
EAppRate= 0
