ICQueenStrength= 2.53282798593864
RQWkrDrnRatio= 3.76370988320559
ICDroneMiteSurvivorship= 73.9170863060281
ICWorkerMiteSurvivorship= 16.3129618624225
ICForagerLifespan= 8.57361802365631
ImmType= Logarithmic
AIAdultSlope= 1.15071647794219
AIAdultLD50= 0.0932695374358445
AIAdultSlopeContact= 3.63922633857932
AIAdultLD50Contact= 0.0195705067017116
AILarvaSlope= 1.94447680572048
AILarvaLD50= 0.283622045279481
AIKOW= 2.77631629537791
AIKOC= 23.6889932956547
AIHalfLife= 1.32808279362507
EAppRate= 0
