ICQueenStrength= 4.21203999803402
RQWkrDrnRatio= 4.71436981111765
ICDroneMiteSurvivorship= 92.977355630137
ICWorkerMiteSurvivorship= 42.3077778890729
ICForagerLifespan= 12.667955965735
ImmType= Logarithmic
AIAdultSlope= 0.256874065380543
AIAdultLD50= 0.100480971275829
AIAdultSlopeContact= 1.84526676491601
AIAdultLD50Contact= 0.0346997702610679
AILarvaSlope= 4.03557701734826
AILarvaLD50= 0.439198045665398
AIKOW= 5.30917890649289
AIKOC= 13.6279256211128
AIHalfLife= 2.22121759667061
EAppRate= 0
