ICQueenStrength= 1.02251334139146
RQWkrDrnRatio= 3.97738820966333
ICDroneMiteSurvivorship= 5.42479255236685
ICWorkerMiteSurvivorship= 7.51936219166964
ICForagerLifespan= 9.97870448697358
ImmType= Polynomial
AIAdultSlope= 3.05828883742914
AIAdultLD50= 0.398010922828689
AIAdultSlopeContact= 3.83849064586451
AIAdultLD50Contact= 0.0462741705705412
AILarvaSlope= 2.82277618381195
AILarvaLD50= 0.743653331394307
AIKOW= 7.04116608807817
AIKOC= 25.4662067757454
AIHalfLife= 4.355360919144
EAppRate= 0
