ICQueenStrength= 1.65750705893151
RQWkrDrnRatio= 2.27993075642735
ICDroneMiteSurvivorship= 69.946452579461
ICWorkerMiteSurvivorship= 34.7644095541909
ICForagerLifespan= 12.0634995643049
ImmType= Logarithmic
AIAdultSlope= 1.86893038279843
AIAdultLD50= 0.34036224312149
AIAdultSlopeContact= 3.64599321142305
AIAdultLD50Contact= 0.0195886131608859
AILarvaSlope= 2.4435507917311
AILarvaLD50= 0.421520369430073
AIKOW= 2.97559207445011
AIKOC= 25.3292381484061
AIHalfLife= 1.17822170257568
EAppRate= 0
