ICQueenStrength= 2.87926263664849
RQWkrDrnRatio= 4.63330523110926
ICDroneMiteSurvivorship= 4.40272858832031
ICWorkerMiteSurvivorship= 67.1189233195037
ICForagerLifespan= 4.36429615039378
ImmType= Tangent
AIAdultSlope= 5.89447146048769
AIAdultLD50= 0.373087643762119
AIAdultSlopeContact= 3.14287453752011
AIAdultLD50Contact= 0.0055431762826629
AILarvaSlope= 0.348707694606856
AILarvaLD50= 0.519461420620792
AIKOW= 7.1853020535782
AIKOC= 19.3427407427225
AIHalfLife= 0.168176384177059
EAppRate= 0
