ICQueenStrength= 3.69969250075519
RQWkrDrnRatio= 4.43623901996762
ICDroneMiteSurvivorship= 93.2107912842184
ICWorkerMiteSurvivorship= 32.5982468901202
ICForagerLifespan= 14.5725743062794
ImmType= Tangent
AIAdultSlope= 1.98076036704937
AIAdultLD50= 0.462267379043624
AIAdultSlopeContact= 0.802434695034754
AIAdultLD50Contact= 0.0374840808450244
AILarvaSlope= 0.303482222929597
AILarvaLD50= 0.562846938497387
AIKOW= 6.22134329099208
AIKOC= 13.6104816000443
AIHalfLife= 1.16341797984205
EAppRate= 0
