ICQueenStrength= 1.67608073004521
RQWkrDrnRatio= 2.30581485852599
ICDroneMiteSurvivorship= 25.2614024328068
ICWorkerMiteSurvivorship= 3.42066125012934
ICForagerLifespan= 15.3656148929149
ImmType= Polynomial
AIAdultSlope= 0.181522990122903
AIAdultLD50= 0.14943576103542
AIAdultSlopeContact= 1.56961756242206
AIAdultLD50Contact= 0.00331665356643498
AILarvaSlope= 1.3375581363216
AILarvaLD50= 0.281540213758126
AIKOW= 6.84738901630044
AIKOC= 20.2229110186454
AIHalfLife= 2.82160340924747
EAppRate= 0
