ICQueenStrength= 1.46005655778572
RQWkrDrnRatio= 1.18937451671809
ICDroneMiteSurvivorship= 33.4201191551983
ICWorkerMiteSurvivorship= 55.1979801850393
ICForagerLifespan= 9.57181540504098
ImmType= Exponential
AIAdultSlope= 2.69018657272682
AIAdultLD50= 0.119684672448784
AIAdultSlopeContact= 3.73799455314875
AIAdultLD50Contact= 0.0119029364548624
AILarvaSlope= 0.743401740770787
AILarvaLD50= 0.58856915384531
AIKOW= 3.95832144282758
AIKOC= 29.556098197354
AIHalfLife= 3.35448373458348
EAppRate= 0
