ICQueenStrength= 3.17543302802369
RQWkrDrnRatio= 4.35359251126647
ICDroneMiteSurvivorship= 87.136346497573
ICWorkerMiteSurvivorship= 61.973387026228
ICForagerLifespan= 11.0132839102298
ImmType= Polynomial
AIAdultSlope= 3.62787416437641
AIAdultLD50= 0.149021886871196
AIAdultSlopeContact= 3.56189637228381
AIAdultLD50Contact= 0.0411251140409149
AILarvaSlope= 4.80820244178176
AILarvaLD50= 0.0142897920683026
AIKOW= 2.91446644486859
AIKOC= 16.1001813551411
AIHalfLife= 0.120981256477535
EAppRate= 0
