ICQueenStrength= 5.43929752800614
RQWkrDrnRatio= 1.99062499031425
ICDroneMiteSurvivorship= 23.0670334072784
ICWorkerMiteSurvivorship= 80.2446946967393
ICForagerLifespan= 14.8338078856468
ImmType= Polynomial
AIAdultSlope= 4.06731279566884
AIAdultLD50= 0.400820922688581
AIAdultSlopeContact= 0.589954176584724
AIAdultLD50Contact= 0.0202819896512665
AILarvaSlope= 4.21078789746389
AILarvaLD50= 0.756599349947646
AIKOW= 6.63805469078943
AIKOC= 6.27677617711015
AIHalfLife= 4.33389730169438
EAppRate= 0
