ICQueenStrength= 4.68842038093135
RQWkrDrnRatio= 4.61443228740245
ICDroneMiteSurvivorship= 35.0501464447007
ICWorkerMiteSurvivorship= 10.1317554945126
ICForagerLifespan= 12.3622876657173
ImmType= Exponential
AIAdultSlope= 5.86540338117629
AIAdultLD50= 0.145601493073627
AIAdultSlopeContact= 3.35795477762818
AIAdultLD50Contact= 0.0304111282224767
AILarvaSlope= 2.29300354137085
AILarvaLD50= 0.106963589508086
AIKOW= 4.5624187188223
AIKOC= 20.6676768034231
AIHalfLife= 4.89282007096335
EAppRate= 0
