ICQueenStrength= 4.53359143133275
RQWkrDrnRatio= 2.26812870055437
ICDroneMiteSurvivorship= 94.8039475362748
ICWorkerMiteSurvivorship= 78.8372894516215
ICForagerLifespan= 10.6107366289943
ImmType= Polynomial
AIAdultSlope= 2.26429516772507
AIAdultLD50= 0.0400669490918517
AIAdultSlopeContact= 2.48016929858364
AIAdultLD50Contact= 0.0472493461915292
AILarvaSlope= 1.24727527694777
AILarvaLD50= 0.00891804490238428
AIKOW= 6.03296274133027
AIKOC= 15.865452355938
AIHalfLife= 4.07166775898077
EAppRate= 0
