ICQueenStrength= 5.73845508648083
RQWkrDrnRatio= 1.27254214510322
ICDroneMiteSurvivorship= 16.7927207425237
ICWorkerMiteSurvivorship= 62.1378222247586
ICForagerLifespan= 6.31818427331746
ImmType= Tangent
AIAdultSlope= 6.27399966353551
AIAdultLD50= 0.435572302667424
AIAdultSlopeContact= 3.64526021280326
AIAdultLD50Contact= 0.0228930971003138
AILarvaSlope= 9.59545426303521
AILarvaLD50= 0.161999231949449
AIKOW= 7.47863134834915
AIKOC= 7.29014308424667
AIHalfLife= 1.70478917076252
EAppRate= 0
