ICQueenStrength= 1.19743604701944
RQWkrDrnRatio= 4.85902042221278
ICDroneMiteSurvivorship= 47.9379393160343
ICWorkerMiteSurvivorship= 91.1185977282003
ICForagerLifespan= 8.42419712990522
ImmType= Logarithmic
AIAdultSlope= 0.14542835177388
AIAdultLD50= 0.239174634451047
AIAdultSlopeContact= 3.43098592163762
AIAdultLD50Contact= 0.0420344831072725
AILarvaSlope= 1.27399994749576
AILarvaLD50= 0.192809825367294
AIKOW= 3.20059179700911
AIKOC= 5.4466213635169
AIHalfLife= 1.09923327458091
EAppRate= 0
