ICQueenStrength= 1.6675942230504
RQWkrDrnRatio= 1.88971050642431
ICDroneMiteSurvivorship= 47.0898498082533
ICWorkerMiteSurvivorship= 67.0051213586703
ICForagerLifespan= 4.03750508278608
ImmType= Polynomial
AIAdultSlope= 4.81982139637694
AIAdultLD50= 0.170272463699803
AIAdultSlopeContact= 2.43132225848269
AIAdultLD50Contact= 0.0402893299236894
AILarvaSlope= 3.53467987850308
AILarvaLD50= 0.835944216465577
AIKOW= 7.35046037705615
AIKOC= 20.2320374443661
AIHalfLife= 0.389652248704806
EAppRate= 0
