ICQueenStrength= 1.82074970239773
RQWkrDrnRatio= 1.80950359348208
ICDroneMiteSurvivorship= 57.9453055979684
ICWorkerMiteSurvivorship= 59.2994447564706
ICForagerLifespan= 8.08357541076839
ImmType= Cosine
AIAdultSlope= 1.0134299681522
AIAdultLD50= 0.316763947717845
AIAdultSlopeContact= 1.08078928620787
AIAdultLD50Contact= 0.0301114075700752
AILarvaSlope= 7.35996556235477
AILarvaLD50= 0.880150512722321
AIKOW= 2.17066378099844
AIKOC= 25.6843211024534
AIHalfLife= 3.92852876451798
EAppRate= 0
