ICQueenStrength= 5.57078219391406
RQWkrDrnRatio= 4.22867523133755
ICDroneMiteSurvivorship= 82.95111306943
ICWorkerMiteSurvivorship= 85.9917964087799
ICForagerLifespan= 14.548354559578
ImmType= Cosine
AIAdultSlope= 7.91125163668767
AIAdultLD50= 0.139302162104286
AIAdultSlopeContact= 2.22670487619471
AIAdultLD50Contact= 0.0435919126379304
AILarvaSlope= 2.28241734206676
AILarvaLD50= 0.851469278102741
AIKOW= 6.02329505840316
AIKOC= 15.4308496578597
AIHalfLife= 2.37211477942765
EAppRate= 0
