ICQueenStrength= 1.00128078507259
RQWkrDrnRatio= 3.8781096925959
ICDroneMiteSurvivorship= 14.8369841976091
ICWorkerMiteSurvivorship= 0.29804150108248
ICForagerLifespan= 14.5903578102589
ImmType= Polynomial
AIAdultSlope= 1.83318609723821
AIAdultLD50= 0.283026864286512
AIAdultSlopeContact= 3.71174137861468
AIAdultLD50Contact= 0.0324151033419184
AILarvaSlope= 0.990035287011415
AILarvaLD50= 0.446933606034145
AIKOW= 7.92847204720601
AIKOC= 29.7462973697111
AIHalfLife= 3.34308113669977
EAppRate= 0
