ICQueenStrength= 4.25063004973345
RQWkrDrnRatio= 3.48232081346214
ICDroneMiteSurvivorship= 30.6801157770678
ICWorkerMiteSurvivorship= 64.0175628243014
ICForagerLifespan= 13.509146258235
ImmType= Tangent
AIAdultSlope= 2.60320398490876
AIAdultLD50= 0.402598286280409
AIAdultSlopeContact= 0.631048120446503
AIAdultLD50Contact= 0.0223852666793391
AILarvaSlope= 8.84535123594105
AILarvaLD50= 0.54045204136055
AIKOW= 2.62943794298917
AIKOC= 18.7575202272274
AIHalfLife= 1.33364498964511
EAppRate= 0
