ICQueenStrength= 3.09551451960579
RQWkrDrnRatio= 4.48847682215273
ICDroneMiteSurvivorship= 15.9920904552564
ICWorkerMiteSurvivorship= 11.2701838836074
ICForagerLifespan= 7.1292433924973
ImmType= Logarithmic
AIAdultSlope= 0.841858542712871
AIAdultLD50= 0.33722158044111
AIAdultSlopeContact= 0.440170962768607
AIAdultLD50Contact= 0.0424992055632174
AILarvaSlope= 3.12336508682929
AILarvaLD50= 0.431285202177241
AIKOW= 6.63167004287243
AIKOC= 29.5617899519857
AIHalfLife= 1.42779670306481
EAppRate= 0
