ICQueenStrength= 3.92213616543449
RQWkrDrnRatio= 2.4107853975147
ICDroneMiteSurvivorship= 96.3104067835957
ICWorkerMiteSurvivorship= 25.432209437713
ICForagerLifespan= 13.3444386674091
ImmType= Cosine
AIAdultSlope= 4.5977609558031
AIAdultLD50= 0.28301038662903
AIAdultSlopeContact= 3.75809517662041
AIAdultLD50Contact= 0.0327390046440996
AILarvaSlope= 2.12431427137926
AILarvaLD50= 0.385585367702879
AIKOW= 5.05583109147847
AIKOC= 5.68258322426118
AIHalfLife= 2.61464890558273
EAppRate= 0
