ICQueenStrength= 2.2398531101644
RQWkrDrnRatio= 1.0243385983631
ICDroneMiteSurvivorship= 96.1705620633438
ICWorkerMiteSurvivorship= 25.3619411494583
ICForagerLifespan= 11.9220837289467
ImmType= Tangent
AIAdultSlope= 1.66227755428758
AIAdultLD50= 0.378854797687382
AIAdultSlopeContact= 3.52705817776965
AIAdultLD50Contact= 0.0247333942679688
AILarvaSlope= 1.59874689811841
AILarvaLD50= 0.423632540088147
AIKOW= 7.29389861831442
AIKOC= 20.8592223771848
AIHalfLife= 1.9398482341785
EAppRate= 0
