ICQueenStrength= 4.27295774593949
RQWkrDrnRatio= 3.08165159728378
ICDroneMiteSurvivorship= 58.0713438801467
ICWorkerMiteSurvivorship= 66.6017588693649
ICForagerLifespan= 6.32457569800317
ImmType= Sine
AIAdultSlope= 4.73879501456395
AIAdultLD50= 0.48972002544906
AIAdultSlopeContact= 1.03606438449584
AIAdultLD50Contact= 0.0185870444518514
AILarvaSlope= 2.36762527273968
AILarvaLD50= 0.197121674800292
AIKOW= 4.06566021637991
AIKOC= 24.1341530997306
AIHalfLife= 1.61635417025536
EAppRate= 0
