ICQueenStrength= 2.62078870693222
RQWkrDrnRatio= 2.3538968898356
ICDroneMiteSurvivorship= 87.6580308191478
ICWorkerMiteSurvivorship= 64.8577834712341
ICForagerLifespan= 15.8863590592518
ImmType= Polynomial
AIAdultSlope= 3.85078124701977
AIAdultLD50= 0.199651430943049
AIAdultSlopeContact= 0.589752931601834
AIAdultLD50Contact= 0.0327885302482173
AILarvaSlope= 6.72414480242878
AILarvaLD50= 0.728744227951393
AIKOW= 5.61987357260659
AIKOC= 24.9867844639812
AIHalfLife= 0.307550097350031
EAppRate= 0
