ICQueenStrength= 5.63991695898585
RQWkrDrnRatio= 1.94502804242074
ICDroneMiteSurvivorship= 61.238993355073
ICWorkerMiteSurvivorship= 58.0862165428698
ICForagerLifespan= 9.24696361087263
ImmType= Tangent
AIAdultSlope= 7.81016452470794
AIAdultLD50= 0.433302220306359
AIAdultSlopeContact= 1.52996952277841
AIAdultLD50Contact= 0.020945306646172
AILarvaSlope= 3.60213306033984
AILarvaLD50= 0.647811920335516
AIKOW= 4.85222598118708
AIKOC= 27.8659396758303
AIHalfLife= 0.119566734647378
EAppRate= 0
