ICQueenStrength= 4.81048940704204
RQWkrDrnRatio= 2.51395141519606
ICDroneMiteSurvivorship= 64.24931793008
ICWorkerMiteSurvivorship= 94.2661441629753
ICForagerLifespan= 12.9502297537401
ImmType= Logarithmic
AIAdultSlope= 2.64486633939669
AIAdultLD50= 0.0980475225951523
AIAdultSlopeContact= 1.81974306615768
AIAdultLD50Contact= 0.0399053807370365
AILarvaSlope= 2.87469017533585
AILarvaLD50= 0.244232880324125
AIKOW= 7.34883773559704
AIKOC= 24.2638380860444
AIHalfLife= 4.73529468523338
EAppRate= 0
