ICQueenStrength= 3.63880247017369
RQWkrDrnRatio= 4.3375384574756
ICDroneMiteSurvivorship= 31.5076733473688
ICWorkerMiteSurvivorship= 30.6359467329457
ICForagerLifespan= 6.26266748923808
ImmType= Logarithmic
AIAdultSlope= 2.42341701198136
AIAdultLD50= 0.298098598024808
AIAdultSlopeContact= 3.49232272585854
AIAdultLD50Contact= 0.000160150253213942
AILarvaSlope= 2.18282315814868
AILarvaLD50= 0.85074082701467
AIKOW= 4.83480867277831
AIKOC= 10.8529573376291
AIHalfLife= 4.28108002641238
EAppRate= 0
