ICQueenStrength= 5.13055028184317
RQWkrDrnRatio= 4.15132395457476
ICDroneMiteSurvivorship= 3.04698336403817
ICWorkerMiteSurvivorship= 2.10992582142353
ICForagerLifespan= 12.0371407335624
ImmType= Sine
AIAdultSlope= 1.89545106608421
AIAdultLD50= 0.318429037230089
AIAdultSlopeContact= 1.92676221430767
AIAdultLD50Contact= 0.0137087446521036
AILarvaSlope= 1.06358493519947
AILarvaLD50= 0.689952644496225
AIKOW= 7.95032339217141
AIKOC= 12.625756028574
AIHalfLife= 0.220309738069773
EAppRate= 0
