ICQueenStrength= 2.69054486788809
RQWkrDrnRatio= 4.42646592389792
ICDroneMiteSurvivorship= 50.2074881456792
ICWorkerMiteSurvivorship= 97.2699436359107
ICForagerLifespan= 12.0570974135771
ImmType= Cosine
AIAdultSlope= 0.769830157514662
AIAdultLD50= 0.170845862478018
AIAdultSlopeContact= 1.42741398183396
AIAdultLD50Contact= 0.0180384945124388
AILarvaSlope= 2.27556612109765
AILarvaLD50= 0.353009172482416
AIKOW= 2.81317775277421
AIKOC= 5.25777849368751
AIHalfLife= 0.537509986897931
EAppRate= 0
