ICQueenStrength= 3.94245300465263
RQWkrDrnRatio= 4.13257496524602
ICDroneMiteSurvivorship= 74.3540243012831
ICWorkerMiteSurvivorship= 23.7059765728191
ICForagerLifespan= 7.20969159156084
ImmType= Logarithmic
AIAdultSlope= 8.52960552554578
AIAdultLD50= 0.493221474695019
AIAdultSlopeContact= 0.978076630993746
AIAdultLD50Contact= 0.0308426128118299
AILarvaSlope= 8.72563039883971
AILarvaLD50= 0.860955461394042
AIKOW= 5.53766896110028
AIKOC= 27.340438287938
AIHalfLife= 1.51796962250955
EAppRate= 0
