ICQueenStrength= 5.53482917975634
RQWkrDrnRatio= 1.33573471195996
ICDroneMiteSurvivorship= 6.30542451981455
ICWorkerMiteSurvivorship= 67.7501428406686
ICForagerLifespan= 11.7837651241571
ImmType= Exponential
AIAdultSlope= 4.42520578159019
AIAdultLD50= 0.139318830915727
AIAdultSlopeContact= 0.436451411338057
AIAdultLD50Contact= 0.042636781767942
AILarvaSlope= 9.92447862168774
AILarvaLD50= 0.266747971437871
AIKOW= 5.82757014967501
AIKOC= 25.0933252752293
AIHalfLife= 2.66875438508578
EAppRate= 0
