ICQueenStrength= 3.2462909319438
RQWkrDrnRatio= 1.15210726018995
ICDroneMiteSurvivorship= 71.3100599590689
ICWorkerMiteSurvivorship= 59.5638694241643
ICForagerLifespan= 6.86029664054513
ImmType= Tangent
AIAdultSlope= 3.7519321218133
AIAdultLD50= 0.316343702957965
AIAdultSlopeContact= 0.262254046406597
AIAdultLD50Contact= 0.00663953491020948
AILarvaSlope= 2.73099163779989
AILarvaLD50= 0.758956839004531
AIKOW= 3.47159378323704
AIKOC= 26.7269241227768
AIHalfLife= 4.93996983859688
EAppRate= 0
