ICQueenStrength= 5.58920192555524
RQWkrDrnRatio= 2.48222094308585
ICDroneMiteSurvivorship= 77.5852984981611
ICWorkerMiteSurvivorship= 35.7069577788934
ICForagerLifespan= 8.74475173186511
ImmType= Exponential
AIAdultSlope= 1.86785320285708
AIAdultLD50= 0.41308377252426
AIAdultSlopeContact= 2.82268485923298
AIAdultLD50Contact= 0.0143949475605041
AILarvaSlope= 0.798749728128314
AILarvaLD50= 0.320012463047169
AIKOW= 7.95031227217987
AIKOC= 9.4977844634559
AIHalfLife= 4.04497414594516
EAppRate= 0
