ICQueenStrength= 3.25695776636712
RQWkrDrnRatio= 2.95060721039772
ICDroneMiteSurvivorship= 68.7148910481483
ICWorkerMiteSurvivorship= 70.7510236883536
ICForagerLifespan= 14.0455393902957
ImmType= Sine
AIAdultSlope= 3.19449573953636
AIAdultLD50= 0.186170315369964
AIAdultSlopeContact= 2.55519108281471
AIAdultLD50Contact= 0.0491069509531371
AILarvaSlope= 0.73982897773385
AILarvaLD50= 0.556921488465741
AIKOW= 4.10893153166398
AIKOC= 19.7412395861465
AIHalfLife= 2.81557365204208
EAppRate= 0
