ICQueenStrength= 4.30446275533177
RQWkrDrnRatio= 4.79870763421059
ICDroneMiteSurvivorship= 25.5380123155192
ICWorkerMiteSurvivorship= 14.2648680601269
ICForagerLifespan= 11.5501578561962
ImmType= Logarithmic
AIAdultSlope= 1.17737937845523
AIAdultLD50= 0.26593405159656
AIAdultSlopeContact= 2.40918109027203
AIAdultLD50Contact= 0.0234968492994085
AILarvaSlope= 1.59544745045714
AILarvaLD50= 0.880303368880413
AIKOW= 5.78921485971659
AIKOC= 26.2008654139936
AIHalfLife= 3.68533009430394
EAppRate= 0
