ICQueenStrength= 4.27907743980177
RQWkrDrnRatio= 2.71114756632596
ICDroneMiteSurvivorship= 53.4643275663257
ICWorkerMiteSurvivorship= 89.0709839994088
ICForagerLifespan= 11.66478220094
ImmType= Cosine
AIAdultSlope= 8.1217502290383
AIAdultLD50= 0.241183835081756
AIAdultSlopeContact= 3.87839518515626
AIAdultLD50Contact= 0.00741338656516746
AILarvaSlope= 0.90562681267038
AILarvaLD50= 0.415328174969181
AIKOW= 2.16723692929372
AIKOC= 9.71839844831266
AIHalfLife= 2.20596799510531
EAppRate= 0
