ICQueenStrength= 2.97876465274021
RQWkrDrnRatio= 3.06379103381187
ICDroneMiteSurvivorship= 4.73226711619645
ICWorkerMiteSurvivorship= 80.9823603834957
ICForagerLifespan= 5.78000132553279
ImmType= Exponential
AIAdultSlope= 0.387008131947368
AIAdultLD50= 0.10882799339015
AIAdultSlopeContact= 0.347803365129512
AIAdultLD50Contact= 0.022658190515358
AILarvaSlope= 8.83629265706986
AILarvaLD50= 0.669857723987661
AIKOW= 3.05230857338756
AIKOC= 17.4920974310953
AIHalfLife= 4.08527705352753
EAppRate= 0
