ICQueenStrength= 5.8560004227329
RQWkrDrnRatio= 2.06268754880875
ICDroneMiteSurvivorship= 6.43400920089334
ICWorkerMiteSurvivorship= 62.5097790500149
ICForagerLifespan= 9.41735058650374
ImmType= Polynomial
AIAdultSlope= 0.42325291138608
AIAdultLD50= 0.346612313878722
AIAdultSlopeContact= 0.384657545126975
AIAdultLD50Contact= 0.016071392770391
AILarvaSlope= 0.463586981687695
AILarvaLD50= 0.0998914406402037
AIKOW= 6.87362772179767
AIKOC= 11.8433119740803
AIHalfLife= 2.06708487821743
EAppRate= 0
