ICQueenStrength= 5.95455391239375
RQWkrDrnRatio= 4.40220564045012
ICDroneMiteSurvivorship= 59.9318963242695
ICWorkerMiteSurvivorship= 31.8748035933822
ICForagerLifespan= 12.3152918126434
ImmType= Exponential
AIAdultSlope= 0.752370547084138
AIAdultLD50= 0.162021194119006
AIAdultSlopeContact= 1.11392805983545
AIAdultLD50Contact= 0.0356308497139253
AILarvaSlope= 0.890323318308219
AILarvaLD50= 0.883972357981838
AIKOW= 2.45920614013448
AIKOC= 14.9283731775358
AIHalfLife= 0.930378373013809
EAppRate= 0
