ICQueenStrength= 4.86317683849484
RQWkrDrnRatio= 1.32709810789675
ICDroneMiteSurvivorship= 43.0807997006923
ICWorkerMiteSurvivorship= 14.4632835872471
ICForagerLifespan= 7.43547748494893
ImmType= Exponential
AIAdultSlope= 8.51262261159718
AIAdultLD50= 0.461135322693735
AIAdultSlopeContact= 3.65462103990605
AIAdultLD50Contact= 0.00596739063039422
AILarvaSlope= 2.63513013240881
AILarvaLD50= 0.783697567228228
AIKOW= 7.47922745114192
AIKOC= 7.36746713635512
AIHalfLife= 2.54074684926309
EAppRate= 0
