ICQueenStrength= 5.14552689297125
RQWkrDrnRatio= 2.07038561347872
ICDroneMiteSurvivorship= 67.828207090497
ICWorkerMiteSurvivorship= 98.0543742654845
ICForagerLifespan= 12.3604084458202
ImmType= Polynomial
AIAdultSlope= 7.77749583823606
AIAdultLD50= 0.257609411026351
AIAdultSlopeContact= 2.92664438895648
AIAdultLD50Contact= 0.0225718261674047
AILarvaSlope= 0.757386507187039
AILarvaLD50= 0.804028604482301
AIKOW= 3.6044215625152
AIKOC= 23.7172335572541
AIHalfLife= 1.25742359552532
EAppRate= 0
