ICQueenStrength= 4.26071753050201
RQWkrDrnRatio= 4.06490271817893
ICDroneMiteSurvivorship= 18.0806506425142
ICWorkerMiteSurvivorship= 25.6661268649623
ICForagerLifespan= 13.6712008705363
ImmType= Polynomial
AIAdultSlope= 8.85931845987216
AIAdultLD50= 0.0796073612291366
AIAdultSlopeContact= 3.75073438429507
AIAdultLD50Contact= 0.0444555856869556
AILarvaSlope= 3.3117124135606
AILarvaLD50= 0.57827167713549
AIKOW= 3.40720540704206
AIKOC= 22.0450801379047
AIHalfLife= 0.400052202166989
EAppRate= 0
