ICQueenStrength= 1.69386031595059
RQWkrDrnRatio= 2.72150539793074
ICDroneMiteSurvivorship= 1.56333337072283
ICWorkerMiteSurvivorship= 17.1800648793578
ICForagerLifespan= 6.58271724358201
ImmType= Polynomial
AIAdultSlope= 4.58046190906316
AIAdultLD50= 0.34271933848504
AIAdultSlopeContact= 1.46434386363253
AIAdultLD50Contact= 0.0351060624350794
AILarvaSlope= 0.574991868203506
AILarvaLD50= 0.24813472959213
AIKOW= 2.62729449896142
AIKOC= 8.05677226861008
AIHalfLife= 0.130862343357876
EAppRate= 0
