ICQueenStrength= 1.24107826990075
RQWkrDrnRatio= 2.6759167406708
ICDroneMiteSurvivorship= 45.6506696995348
ICWorkerMiteSurvivorship= 98.8264746731147
ICForagerLifespan= 13.7122068898752
ImmType= Exponential
AIAdultSlope= 4.06584150856361
AIAdultLD50= 0.318016259931028
AIAdultSlopeContact= 0.248606249329168
AIAdultLD50Contact= 0.0131824096897617
AILarvaSlope= 3.03366355905309
AILarvaLD50= 0.765013879677281
AIKOW= 6.87278585322201
AIKOC= 16.1534669878893
AIHalfLife= 1.60091613885015
EAppRate= 0
