ICQueenStrength= 3.491084538633
RQWkrDrnRatio= 2.89695370011032
ICDroneMiteSurvivorship= 50.9152377955616
ICDroneMiteSurvivorship= 50.9152377955616
ICForagerLifespan= 9.79164926707745
ImmType= Tangent
RQQueenStrength= 3.43443493149243
RQEnableReQueen= true
