ICQueenStrength= 1.09979034890421
RQWkrDrnRatio= 2.54425502382219
ICDroneMiteSurvivorship= 33.6768288630992
ICWorkerMiteSurvivorship= 67.4595067743212
ICForagerLifespan= 12.713188836351
ImmType= Logarithmic
AIAdultSlope= 3.27665978721343
AIAdultLD50= 0.218874384416267
AIAdultSlopeContact= 3.01592438855208
AIAdultLD50Contact= 0.0126394170802087
AILarvaSlope= 0.456612447230145
AILarvaLD50= 0.0368768719956279
AIKOW= 3.6948793688789
AIKOC= 12.9489006195217
AIHalfLife= 2.03253991203383
EAppRate= 0
