ICQueenStrength= 1.44793057255447
RQWkrDrnRatio= 2.95597367547452
ICDroneMiteSurvivorship= 18.9891249872744
ICWorkerMiteSurvivorship= 22.3518543411046
ICForagerLifespan= 15.2201746264473
ImmType= Polynomial
AIAdultSlope= 1.35141080943868
AIAdultLD50= 0.251926564145833
AIAdultSlopeContact= 2.58823778393911
AIAdultLD50Contact= 0.0248768785386346
AILarvaSlope= 9.82073514256626
AILarvaLD50= 0.104790174169466
AIKOW= 3.68795349169523
AIKOC= 10.1247588999104
AIHalfLife= 1.46047158283181
EAppRate= 0
