ICQueenStrength= 2.21782253496349
RQWkrDrnRatio= 3.45914189051837
ICDroneMiteSurvivorship= 56.7530596861616
ICWorkerMiteSurvivorship= 40.2174863265827
ICForagerLifespan= 9.1464629964903
ImmType= Sine
AIAdultSlope= 3.53457844117656
AIAdultLD50= 0.483524111215957
AIAdultSlopeContact= 3.23893374723382
AIAdultLD50Contact= 0.00644988344283775
AILarvaSlope= 0.0429760153405368
AILarvaLD50= 0.851737954770215
AIKOW= 6.74677105108276
AIKOC= 21.6028711886611
AIHalfLife= 1.06753638363443
EAppRate= 0
