ICQueenStrength= 1.49110545311123
RQWkrDrnRatio= 4.35834234766662
ICDroneMiteSurvivorship= 92.801857017912
ICWorkerMiteSurvivorship= 26.557202800177
ICForagerLifespan= 8.09439131524414
ImmType= Polynomial
AIAdultSlope= 1.96078239985742
AIAdultLD50= 0.123019660590217
AIAdultSlopeContact= 1.27431079769041
AIAdultLD50Contact= 0.0334616677486338
AILarvaSlope= 2.67589297788218
AILarvaLD50= 0.04816367123276
AIKOW= 2.94892940949649
AIKOC= 20.3198522282764
AIHalfLife= 2.92276717838831
EAppRate= 0
