ICQueenStrength= 4.57296735281125
RQWkrDrnRatio= 2.36137358471751
ICDroneMiteSurvivorship= 34.5739382086322
ICWorkerMiteSurvivorship= 16.2456366466358
ICForagerLifespan= 8.58235498145223
ImmType= Tangent
AIAdultSlope= 7.03235314460471
AIAdultLD50= 0.467060475493781
AIAdultSlopeContact= 2.98574820050038
AIAdultLD50Contact= 0.0238792451797053
AILarvaSlope= 3.31379968510009
AILarvaLD50= 0.142046112078242
AIKOW= 7.52757679019123
AIKOC= 19.5085646014195
AIHalfLife= 1.8588387244381
EAppRate= 0
