ICQueenStrength= 3.04212772776373
RQWkrDrnRatio= 4.68155106902122
ICDroneMiteSurvivorship= 65.8206414664164
ICWorkerMiteSurvivorship= 29.971802374348
ICForagerLifespan= 4.09556158073246
ImmType= Cosine
AIAdultSlope= 7.54939883481711
AIAdultLD50= 0.328421058016829
AIAdultSlopeContact= 3.26413706574356
AIAdultLD50Contact= 0.0039709102245979
AILarvaSlope= 2.7671768493019
AILarvaLD50= 0.873988202679902
AIKOW= 4.22870284412056
AIKOC= 15.4367508902214
AIHalfLife= 1.84898417675868
EAppRate= 0
