ICQueenStrength= 2.03988125105388
RQWkrDrnRatio= 2.23343522939831
ICDroneMiteSurvivorship= 14.983739471063
ICWorkerMiteSurvivorship= 16.8902328703552
ICForagerLifespan= 15.7479001665488
ImmType= Logarithmic
AIAdultSlope= 0.892095256035682
AIAdultLD50= 0.350111051579006
AIAdultSlopeContact= 3.91334511970868
AIAdultLD50Contact= 0.0120613558450714
AILarvaSlope= 0.0908032422419637
AILarvaLD50= 0.322197251371108
AIKOW= 5.90913032833487
AIKOC= 20.1081446558237
AIHalfLife= 4.08758820500225
EAppRate= 0
