ICQueenStrength= 5.08253871486522
RQWkrDrnRatio= 4.61231004539877
ICDroneMiteSurvivorship= 64.1780371079221
ICWorkerMiteSurvivorship= 71.5283224824816
ICForagerLifespan= 4.91938377916813
ImmType= Logarithmic
AIAdultSlope= 0.735243165399879
AIAdultLD50= 0.385115668410435
AIAdultSlopeContact= 2.24910336666042
AIAdultLD50Contact= 0.0184938370599411
AILarvaSlope= 3.10982952280901
AILarvaLD50= 0.188468399550766
AIKOW= 6.26837988151237
AIKOC= 11.4925408863928
AIHalfLife= 1.67614351143129
EAppRate= 0
