ICQueenStrength= 1.74022803921252
RQWkrDrnRatio= 3.35453251563013
ICDroneMiteSurvivorship= 76.7492812359706
ICWorkerMiteSurvivorship= 20.2029581880197
ICForagerLifespan= 9.91420663893223
ImmType= Logarithmic
AIAdultSlope= 2.67553220705828
AIAdultLD50= 0.460606291424483
AIAdultSlopeContact= 3.63143982473295
AIAdultLD50Contact= 0.0402066162088886
AILarvaSlope= 1.17989236931317
AILarvaLD50= 0.191532268258743
AIKOW= 3.31067273812369
AIKOC= 19.5996771228965
AIHalfLife= 1.58738754456863
EAppRate= 0
