ICQueenStrength= 1.18229035427794
RQWkrDrnRatio= 4.25306674279273
ICDroneMiteSurvivorship= 56.603287300095
ICWorkerMiteSurvivorship= 69.6736274287105
ICForagerLifespan= 8.57960223313421
ImmType= Logarithmic
AIAdultSlope= 5.10021893540397
AIAdultLD50= 0.360469171195291
AIAdultSlopeContact= 3.79097556198947
AIAdultLD50Contact= 0.0405321251484565
AILarvaSlope= 1.50216301102191
AILarvaLD50= 0.522887279209681
AIKOW= 5.16905853478238
AIKOC= 18.3334095939063
AIHalfLife= 4.38128640409559
EAppRate= 0
