ICQueenStrength= 2.29424474551342
RQWkrDrnRatio= 4.23530276026577
ICDroneMiteSurvivorship= 11.7022194433957
ICWorkerMiteSurvivorship= 40.0179475080222
ICForagerLifespan= 15.7742314180359
ImmType= Exponential
AIAdultSlope= 1.17994135944173
AIAdultLD50= 0.276520718005486
AIAdultSlopeContact= 3.41859616602771
AIAdultLD50Contact= 0.0402653648518026
AILarvaSlope= 0.967652935581282
AILarvaLD50= 0.679750481969677
AIKOW= 2.59578925650567
AIKOC= 7.78537658741698
AIHalfLife= 0.897537989076227
EAppRate= 0
