ICQueenStrength= 2.81689008953981
RQWkrDrnRatio= 1.57569565996528
ICDroneMiteSurvivorship= 17.469520191662
ICWorkerMiteSurvivorship= 7.57773683872074
ICForagerLifespan= 8.5514118084684
ImmType= Cosine
AIAdultSlope= 1.93161562649533
AIAdultLD50= 0.0170335940783843
AIAdultSlopeContact= 0.693750512616243
AIAdultLD50Contact= 0.0483100321609527
AILarvaSlope= 3.30426683500409
AILarvaLD50= 0.108712694677524
AIKOW= 7.49029665393755
AIKOC= 5.00483433250338
AIHalfLife= 2.84350691013969
EAppRate= 0
