ICQueenStrength= 2.9861969910562
RQWkrDrnRatio= 1.64278618432581
ICDroneMiteSurvivorship= 5.87666584178805
ICWorkerMiteSurvivorship= 5.51182634662837
ICForagerLifespan= 10.5101130520925
ImmType= Cosine
AIAdultSlope= 2.33828951860545
AIAdultLD50= 0.311990975984372
AIAdultSlopeContact= 3.68529929820215
AIAdultLD50Contact= 0.0196285097394139
AILarvaSlope= 1.50823616734706
AILarvaLD50= 0.351903965952806
AIKOW= 4.25601734453812
AIKOC= 25.5370759940706
AIHalfLife= 0.709525449201465
EAppRate= 0
