ICQueenStrength= 2.75068985205144
RQWkrDrnRatio= 3.6346583859995
ICDroneMiteSurvivorship= 15.0845638010651
ICWorkerMiteSurvivorship= 22.3164653638378
ICForagerLifespan= 11.1371469087899
ImmType= Polynomial
AIAdultSlope= 1.85598532436416
AIAdultLD50= 0.097616009414196
AIAdultSlopeContact= 1.3469592180918
AIAdultLD50Contact= 0.00728861457901075
AILarvaSlope= 0.153558311704546
AILarvaLD50= 0.850483561679721
AIKOW= 2.39681905088946
AIKOC= 7.23504048772156
AIHalfLife= 3.02145525696687
EAppRate= 0
