ICQueenStrength= 1.03417078987695
RQWkrDrnRatio= 2.2509213835001
ICDroneMiteSurvivorship= 18.1794501375407
ICWorkerMiteSurvivorship= 83.5304514039308
ICForagerLifespan= 10.5482522286475
ImmType= Sine
AIAdultSlope= 3.03903758995933
AIAdultLD50= 0.37730785983149
AIAdultSlopeContact= 3.31004942851374
AIAdultLD50Contact= 0.0267342460807413
AILarvaSlope= 1.42397036980838
AILarvaLD50= 0.522477392829023
AIKOW= 7.55502466345206
AIKOC= 29.7934905346483
AIHalfLife= 2.54742052056827
EAppRate= 0
