ICQueenStrength= 4.9896477595903
RQWkrDrnRatio= 1.47664361074567
ICDroneMiteSurvivorship= 89.5654266467318
ICWorkerMiteSurvivorship= 32.6930095907301
ICForagerLifespan= 9.85047102998942
ImmType= Polynomial
AIAdultSlope= 2.93480970004108
AIAdultLD50= 0.0246605249121785
AIAdultSlopeContact= 1.18994299694197
AIAdultLD50Contact= 0.0172784630325623
AILarvaSlope= 2.46346874660812
AILarvaLD50= 0.252829421404749
AIKOW= 6.9222265300341
AIKOC= 7.0369564765133
AIHalfLife= 4.53199629671872
EAppRate= 0
