ICQueenStrength= 5.18918198440224
RQWkrDrnRatio= 1.02177909016609
ICDroneMiteSurvivorship= 10.7688711024821
ICWorkerMiteSurvivorship= 74.9545098515227
ICForagerLifespan= 14.9839796051383
ImmType= Tangent
AIAdultSlope= 7.22605550894514
AIAdultLD50= 0.10729490488302
AIAdultSlopeContact= 1.01460188898956
AIAdultLD50Contact= 0.012744677986484
AILarvaSlope= 4.62072736117989
AILarvaLD50= 0.101732404553331
AIKOW= 4.5887019126676
AIKOC= 5.39882466662675
AIHalfLife= 0.901096968445927
EAppRate= 0
