ICQueenStrength= 1.86664034752175
RQWkrDrnRatio= 3.51444171369076
ICDroneMiteSurvivorship= 45.7657499471679
ICWorkerMiteSurvivorship= 15.1916280854493
ICForagerLifespan= 15.7934241434559
ImmType= Cosine
AIAdultSlope= 1.81265546707436
AIAdultLD50= 0.0264468869427219
AIAdultSlopeContact= 2.03161067287903
AIAdultLD50Contact= 0.0419344055233523
AILarvaSlope= 3.2166889263317
AILarvaLD50= 0.609854144719429
AIKOW= 4.72029382921755
AIKOC= 9.72610734286718
AIHalfLife= 1.69050049735233
EAppRate= 0
