ICQueenStrength= 1.15422717900947
RQWkrDrnRatio= 3.34695936366916
ICDroneMiteSurvivorship= 8.08550755027682
ICWorkerMiteSurvivorship= 17.5287650432438
ICForagerLifespan= 7.63425365649164
ImmType= Sine
AIAdultSlope= 5.02184137236327
AIAdultLD50= 0.498114461544901
AIAdultSlopeContact= 2.23958951819222
AIAdultLD50Contact= 0.032475754187908
AILarvaSlope= 2.37637585089542
AILarvaLD50= 0.346144174179062
AIKOW= 6.45491506159306
AIKOC= 9.49083320563659
AIHalfLife= 0.464004481909797
EAppRate= 0
