ICQueenStrength= 1.34070812049322
RQWkrDrnRatio= 1.28786137141287
ICDroneMiteSurvivorship= 2.25630840286613
ICWorkerMiteSurvivorship= 93.529468216002
ICForagerLifespan= 7.12362437415868
ImmType= Sine
AIAdultSlope= 6.55517237260938
AIAdultLD50= 0.434977727592923
AIAdultSlopeContact= 3.69800466129323
AIAdultLD50Contact= 0.01350818334613
AILarvaSlope= 1.97792188748717
AILarvaLD50= 0.517061780858785
AIKOW= 3.95464444719255
AIKOC= 15.6934147130232
AIHalfLife= 2.39130469271913
EAppRate= 0
