ICQueenStrength= 1.26932102395222
RQWkrDrnRatio= 1.40256691444665
ICDroneMiteSurvivorship= 19.9774656444788
ICWorkerMiteSurvivorship= 75.4599635954946
ICForagerLifespan= 13.048778465949
ImmType= Polynomial
AIAdultSlope= 1.80123458793852
AIAdultLD50= 0.242647238541394
AIAdultSlopeContact= 0.902154448083602
AIAdultLD50Contact= 0.00893403656082228
AILarvaSlope= 0.99367417441681
AILarvaLD50= 0.85335384530481
AIKOW= 4.93928848812357
AIKOC= 24.0370872092899
AIHalfLife= 3.84269862086512
EAppRate= 0
