ICQueenStrength= 3.94345821253955
RQWkrDrnRatio= 1.36292199976742
ICDroneMiteSurvivorship= 94.494260288775
ICWorkerMiteSurvivorship= 25.5679639754817
ICForagerLifespan= 9.68163560330868
ImmType= Sine
AIAdultSlope= 5.05228319671005
AIAdultLD50= 0.235271439771168
AIAdultSlopeContact= 1.2614663344156
AIAdultLD50Contact= 0.0303792276536115
AILarvaSlope= 8.64379415987059
AILarvaLD50= 0.52098752357997
AIKOW= 7.30544917983934
AIKOC= 22.8517640917562
AIHalfLife= 4.44445603643544
EAppRate= 0
