ICQueenStrength= 1.20500283804722
RQWkrDrnRatio= 3.00899671204388
ICDroneMiteSurvivorship= 51.4665923081338
ICWorkerMiteSurvivorship= 22.613077191636
ICForagerLifespan= 7.07714626565576
ImmType= Cosine
AIAdultSlope= 6.81695361156017
AIAdultLD50= 0.295300690224394
AIAdultSlopeContact= 0.850466636864003
AIAdultLD50Contact= 0.0203828639350832
AILarvaSlope= 6.3753107492812
AILarvaLD50= 0.404763764189556
AIKOW= 5.33560542808846
AIKOC= 7.4373882333748
AIHalfLife= 4.62761380011216
EAppRate= 0
