ICQueenStrength= 2.91782588954084
RQWkrDrnRatio= 2.43496798165143
ICDroneMiteSurvivorship= 41.1161770578474
ICWorkerMiteSurvivorship= 67.7378840744495
ICForagerLifespan= 13.4640598921105
ImmType= Tangent
AIAdultSlope= 7.67785444390029
AIAdultLD50= 0.0199958264129236
AIAdultSlopeContact= 0.755305330557749
AIAdultLD50Contact= 0.00921465514693409
AILarvaSlope= 6.18647209135816
AILarvaLD50= 0.877379551087506
AIKOW= 6.92746192123741
AIKOC= 25.2314104011748
AIHalfLife= 2.30075986357406
EAppRate= 0
