ICQueenStrength= 5.92653051973321
RQWkrDrnRatio= 3.96379230450839
ICDroneMiteSurvivorship= 16.2593518616632
ICWorkerMiteSurvivorship= 21.9431145116687
ICForagerLifespan= 8.23008349258453
ImmType= Sine
AIAdultSlope= 2.24467421378475
AIAdultLD50= 0.422053541755304
AIAdultSlopeContact= 1.11287523913197
AIAdultLD50Contact= 0.00993776905816048
AILarvaSlope= 3.2943835107144
AILarvaLD50= 0.583971786824986
AIKOW= 7.31181466532871
AIKOC= 13.6688357812818
AIHalfLife= 3.94098312477581
EAppRate= 0
