ICQueenStrength= 5.0574892249424
RQWkrDrnRatio= 2.15533618908376
ICDroneMiteSurvivorship= 59.1532156802714
ICWorkerMiteSurvivorship= 96.2830291828141
ICForagerLifespan= 10.9708138210699
ImmType= Tangent
AIAdultSlope= 2.6312747085467
AIAdultLD50= 0.142389784916304
AIAdultSlopeContact= 1.61321096597007
AIAdultLD50Contact= 0.0382529695169069
AILarvaSlope= 3.08912316090427
AILarvaLD50= 0.772345438809134
AIKOW= 4.47499243589118
AIKOC= 5.78304284252226
AIHalfLife= 0.147887304192409
EAppRate= 0
