ICQueenStrength= 3.3129621183034
RQWkrDrnRatio= 4.99647755362093
ICDroneMiteSurvivorship= 95.8110870793462
ICWorkerMiteSurvivorship= 88.4879848454148
ICForagerLifespan= 5.16384957917035
ImmType= Cosine
AIAdultSlope= 0.252009292598814
AIAdultLD50= 0.164084785152227
AIAdultSlopeContact= 0.762980148287024
AIAdultLD50Contact= 0.0186446626903489
AILarvaSlope= 5.65609456505626
AILarvaLD50= 0.775435702130199
AIKOW= 4.55779199907556
AIKOC= 28.4381937305443
AIHalfLife= 1.93968895007856
EAppRate= 0
