ICQueenStrength= 5.56790583441034
RQWkrDrnRatio= 2.75196165684611
ICDroneMiteSurvivorship= 22.5767777534202
ICWorkerMiteSurvivorship= 94.3224592134356
ICForagerLifespan= 14.1528411144391
ImmType= Cosine
AIAdultSlope= 9.66128474101424
AIAdultLD50= 0.195134208421223
AIAdultSlopeContact= 3.08576469414169
AIAdultLD50Contact= 0.0166761609143578
AILarvaSlope= 1.56655248678289
AILarvaLD50= 0.236434421525337
AIKOW= 5.79991984367371
AIKOC= 25.1037678401917
AIHalfLife= 2.91137394146062
EAppRate= 0
