ICQueenStrength= 5.490937278606
RQWkrDrnRatio= 1.54016012698412
ICDroneMiteSurvivorship= 27.959571313113
ICWorkerMiteSurvivorship= 32.2342122439295
ICForagerLifespan= 5.6539794895798
ImmType= Logarithmic
AIAdultSlope= 4.92312733083963
AIAdultLD50= 0.244252479169518
AIAdultSlopeContact= 1.56191224784357
AIAdultLD50Contact= 0.00589250780176371
AILarvaSlope= 5.1677856547758
AILarvaLD50= 0.604855085466988
AIKOW= 6.55994351441041
AIKOC= 15.3274318156764
AIHalfLife= 3.22577459039167
EAppRate= 0
