ICQueenStrength= 3.2528854443226
RQWkrDrnRatio= 2.48742824513465
ICDroneMiteSurvivorship= 31.2743718037382
ICWorkerMiteSurvivorship= 7.40144874434918
ICForagerLifespan= 4.71580241899937
ImmType= Polynomial
AIAdultSlope= 0.603235751604661
AIAdultLD50= 0.142829215386882
AIAdultSlopeContact= 2.3021065099421
AIAdultLD50Contact= 0.0273237116634846
AILarvaSlope= 2.42200842956081
AILarvaLD50= 0.282321459730156
AIKOW= 7.79126065131277
AIKOC= 8.78713788813911
AIHalfLife= 4.61086934548803
EAppRate= 0
