ICQueenStrength= 2.65420965407975
RQWkrDrnRatio= 4.54036417417228
ICDroneMiteSurvivorship= 49.4602814083919
ICWorkerMiteSurvivorship= 7.10502432193607
ICForagerLifespan= 9.18512608110905
ImmType= Polynomial
AIAdultSlope= 1.64604160934687
AIAdultLD50= 0.257462528999895
AIAdultSlopeContact= 0.535509265910368
AIAdultLD50Contact= 0.0484850728302263
AILarvaSlope= 0.0434501071926206
AILarvaLD50= 0.67766364205163
AIKOW= 3.99935542419553
AIKOC= 15.6757570407353
AIHalfLife= 1.25413023284636
EAppRate= 0
