ICQueenStrength= 2.19736390537582
RQWkrDrnRatio= 4.36264882422984
ICDroneMiteSurvivorship= 78.7094631465152
ICWorkerMiteSurvivorship= 82.1118702879176
ICForagerLifespan= 7.16446712519974
ImmType= Exponential
AIAdultSlope= 3.06441848631948
AIAdultLD50= 0.317354070721194
AIAdultSlopeContact= 2.2488540389738
AIAdultLD50Contact= 0.0429077437380329
AILarvaSlope= 0.968605501111597
AILarvaLD50= 0.787954960484058
AIKOW= 7.46563924895599
AIKOC= 27.4594395898748
AIHalfLife= 3.32450926536694
EAppRate= 0
