ICQueenStrength= 3.26416919380426
RQWkrDrnRatio= 4.30677658692002
ICDroneMiteSurvivorship= 32.0672904141247
ICWorkerMiteSurvivorship= 68.0677697993815
ICForagerLifespan= 5.59579173102975
ImmType= Cosine
AIAdultSlope= 4.93747957516462
AIAdultLD50= 0.424568570917472
AIAdultSlopeContact= 1.46131720987614
AIAdultLD50Contact= 0.00196443614549935
AILarvaSlope= 0.88152161706239
AILarvaLD50= 0.383329841773957
AIKOW= 4.61401575198397
AIKOC= 13.0788400257006
AIHalfLife= 4.26540159503929
EAppRate= 0
