ICQueenStrength= 3.02843305538408
RQWkrDrnRatio= 2.13141680974513
ICDroneMiteSurvivorship= 27.462513349019
ICWorkerMiteSurvivorship= 88.0251301452518
ICForagerLifespan= 12.9007819704711
ImmType= Polynomial
AIAdultSlope= 6.26183487707749
AIAdultLD50= 0.158567852340639
AIAdultSlopeContact= 1.23594605327351
AIAdultLD50Contact= 0.00542879654094577
AILarvaSlope= 1.43716824040748
AILarvaLD50= 0.577289664046839
AIKOW= 6.71948521677405
AIKOC= 14.7618788422551
AIHalfLife= 2.94144404237159
EAppRate= 0
