ICQueenStrength= 4.10106284916401
RQWkrDrnRatio= 4.64823444373906
ICDroneMiteSurvivorship= 94.7468054015189
ICWorkerMiteSurvivorship= 9.15099726989865
ICForagerLifespan= 11.4591498505324
ImmType= Cosine
RQQueenStrength= 3.73943644948304
RQEnableReQueen= true
AIAdultSlope= 6.58398829773068
AIAdultLD50= 8.54775718953437
AIAdultSlopeContact= 7.32651571650058
AIAdultLD50Contact= 27.4130665269284
AILarvaSlope= 5.94851585663855
AILarvaLD50= 33.7919028346792
AIKOW= 49001.1928844785
AIKOC= 8052.277393664
AIHalfLife= 16.2701891995966
EAppRate= 0.187843775022775
AIContactFactor= 0.460121148484759
CL4Pollen= 0.380639185197651
CL4Nectar= 13.7095901183784
CL5Pollen= 4.76755934022367
CL5Nectar= 46.8062189058401
CLDPollen= 1.00233094487339
CLDNectar= 139.104680798482
CA13Pollen= 5.5800013307482
CA13Nectar= 31.8326527811587
CA410Pollen= 9.44904703462962
CA410Nectar= 118.197098467499
CA1120Pollen= 1.25388237833977
CA1120Nectar= 64.1358948126435
IPollenTrips= 12.1023296518251
INectarTrips= 6.79394008591771
IPollenLoad= 9.22956026159227
INectarLoad= 1.82148618856445
