ICQueenStrength= 3.0469056267757
RQWkrDrnRatio= 3.27210704702884
ICDroneMiteSurvivorship= 32.1281426586211
ICWorkerMiteSurvivorship= 5.62571173068136
ICForagerLifespan= 9.63024266809225
ImmType= Tangent
AIAdultSlope= 1.2122292111651
AIAdultLD50= 0.160353434155695
AIAdultSlopeContact= 1.24012473102193
AIAdultLD50Contact= 0.0134410234168172
AILarvaSlope= 3.03678928953595
AILarvaLD50= 0.165705396048725
AIKOW= 2.93780767731369
AIKOC= 17.6564181351569
AIHalfLife= 2.66539775650017
EAppRate= 0
