ICQueenStrength= 2.65963711799122
RQWkrDrnRatio= 2.05271881632507
ICDroneMiteSurvivorship= 50.8968759793788
ICWorkerMiteSurvivorship= 17.8548279916868
ICForagerLifespan= 7.2635097829625
ImmType= Polynomial
AIAdultSlope= 5.41949277045205
AIAdultLD50= 0.0318073721136898
AIAdultSlopeContact= 1.51290416344302
AIAdultLD50Contact= 0.024456986587029
AILarvaSlope= 3.24194692769088
AILarvaLD50= 0.519752548425458
AIKOW= 7.50795317348093
AIKOC= 12.9569894995075
AIHalfLife= 2.06253420677967
EAppRate= 0
