ICQueenStrength= 5.39335685572587
RQWkrDrnRatio= 3.94591362401843
ICDroneMiteSurvivorship= 6.18049623444676
ICWorkerMiteSurvivorship= 75.4671480506659
ICForagerLifespan= 12.807546261698
ImmType= Cosine
AIAdultSlope= 0.850761648975313
AIAdultLD50= 0.0194594375789165
AIAdultSlopeContact= 1.87149046010803
AIAdultLD50Contact= 0.0373651236877777
AILarvaSlope= 2.76560960668139
AILarvaLD50= 0.277521197847091
AIKOW= 3.70104108192027
AIKOC= 26.6146575461607
AIHalfLife= 3.4829563414678
EAppRate= 0
