ICQueenStrength= 2.65548919467255
RQWkrDrnRatio= 1.97597311716527
ICDroneMiteSurvivorship= 70.5577593296766
ICWorkerMiteSurvivorship= 34.5100558595732
ICForagerLifespan= 11.9018956944346
ImmType= Cosine
AIAdultSlope= 1.14624642072944
AIAdultLD50= 0.233701962628402
AIAdultSlopeContact= 3.41024972768733
AIAdultLD50Contact= 0.00600735896732658
AILarvaSlope= 2.72987121259794
AILarvaLD50= 0.056705849384889
AIKOW= 7.51054669776931
AIKOC= 26.252893761266
AIHalfLife= 2.28903547744267
EAppRate= 0
