ICQueenStrength= 3.58106257882901
RQWkrDrnRatio= 3.06276288535446
ICDroneMiteSurvivorship= 7.73967378772795
ICWorkerMiteSurvivorship= 48.4772107098252
ICForagerLifespan= 12.7719089407474
ImmType= Polynomial
AIAdultSlope= 8.73375769937411
AIAdultLD50= 0.253383580129594
AIAdultSlopeContact= 1.56038423116319
AIAdultLD50Contact= 0.0241925768204965
AILarvaSlope= 1.07825519195758
AILarvaLD50= 0.536445840331726
AIKOW= 3.33829130325466
AIKOC= 23.0594559933525
AIHalfLife= 0.102321375161409
EAppRate= 0
