ICQueenStrength= 3.09642415284179
RQWkrDrnRatio= 4.22180432081223
ICDroneMiteSurvivorship= 4.07523815520108
ICWorkerMiteSurvivorship= 2.48780429828912
ICForagerLifespan= 7.76906475331634
ImmType= Sine
AIAdultSlope= 8.79473937675357
AIAdultLD50= 0.286069126334041
AIAdultSlopeContact= 0.859084330536425
AIAdultLD50Contact= 0.00219618631526828
AILarvaSlope= 1.13974161716178
AILarvaLD50= 0.78166316722054
AIKOW= 5.67893418623134
AIKOC= 18.5276227083523
AIHalfLife= 0.0230270810425282
EAppRate= 0
