ICQueenStrength= 2.33201163494959
RQWkrDrnRatio= 2.73892597388476
ICDroneMiteSurvivorship= 88.8663751771674
ICWorkerMiteSurvivorship= 39.6125894971192
ICForagerLifespan= 11.0024180244654
ImmType= Logarithmic
AIAdultSlope= 3.42483655549586
AIAdultLD50= 0.464364173240028
AIAdultSlopeContact= 3.37868216263829
AIAdultLD50Contact= 0.0131716916686855
AILarvaSlope= 1.32763516670093
AILarvaLD50= 0.354752812022343
AIKOW= 6.41450361674652
AIKOC= 11.1087573645636
AIHalfLife= 0.470399282639846
EAppRate= 0
