ICQueenStrength= 4.1376843561884
RQWkrDrnRatio= 4.50836627464741
ICDroneMiteSurvivorship= 13.9004505705088
ICWorkerMiteSurvivorship= 4.82868812978268
ICForagerLifespan= 4.28716813772917
ImmType= Tangent
AIAdultSlope= 0.266152492433321
AIAdultLD50= 0.129117029136978
AIAdultSlopeContact= 3.11937074512476
AIAdultLD50Contact= 0.00795647213235498
AILarvaSlope= 1.27470859601162
AILarvaLD50= 0.253330453229137
AIKOW= 4.72561710746959
AIKOC= 5.28433933621272
AIHalfLife= 1.4834034931846
EAppRate= 0
