ICQueenStrength= 3.13238901924342
RQWkrDrnRatio= 4.93661680538207
ICDroneMiteSurvivorship= 70.9533521905541
ICWorkerMiteSurvivorship= 76.0561584495008
ICForagerLifespan= 13.1970551963896
ImmType= Polynomial
AIAdultSlope= 6.23804592294618
AIAdultLD50= 0.462548614712432
AIAdultSlopeContact= 2.25609373696614
AIAdultLD50Contact= 0.0492160272668116
AILarvaSlope= 2.76954642264172
AILarvaLD50= 0.389609104720876
AIKOW= 5.64175172708929
AIKOC= 10.3289626317564
AIHalfLife= 4.83562740148045
EAppRate= 0
