ICQueenStrength= 5.91598687367514
RQWkrDrnRatio= 3.72424927633256
ICDroneMiteSurvivorship= 81.3689508242533
ICWorkerMiteSurvivorship= 72.7595746750012
ICForagerLifespan= 7.36450238153338
ImmType= Logarithmic
AIAdultSlope= 8.68532388005406
AIAdultLD50= 0.183684825431556
AIAdultSlopeContact= 2.80113833428826
AIAdultLD50Contact= 0.0418920545140281
AILarvaSlope= 9.70187118975446
AILarvaLD50= 0.0244086168939248
AIKOW= 7.14444515528157
AIKOC= 11.1986619723029
AIHalfLife= 0.89558596140705
EAppRate= 0
