ICQueenStrength= 5.36510883504525
RQWkrDrnRatio= 4.37466686498374
ICDroneMiteSurvivorship= 20.2959262765944
ICWorkerMiteSurvivorship= 70.2069024089724
ICForagerLifespan= 4.51711926423013
ImmType= Polynomial
AIAdultSlope= 0.667752542067319
AIAdultLD50= 0.308269294211641
AIAdultSlopeContact= 0.157079333129805
AIAdultLD50Contact= 0.0246187327778898
AILarvaSlope= 2.97563582067378
AILarvaLD50= 0.146061445190571
AIKOW= 4.78434076439589
AIKOC= 18.4465902403463
AIHalfLife= 1.12955736229196
EAppRate= 0
