ICQueenStrength= 5.85521270893514
RQWkrDrnRatio= 3.0127817671746
ICDroneMiteSurvivorship= 26.4620622852817
ICWorkerMiteSurvivorship= 85.7524847146124
ICForagerLifespan= 13.3973696455359
ImmType= Exponential
AIAdultSlope= 2.72123246453702
AIAdultLD50= 0.485518111498095
AIAdultSlopeContact= 2.3493525748048
AIAdultLD50Contact= 0.00986541270976886
AILarvaSlope= 6.60659113433212
AILarvaLD50= 0.86757071481552
AIKOW= 7.63118263147771
AIKOC= 11.3090322655626
AIHalfLife= 2.35006960458122
EAppRate= 0
