ICQueenStrength= 4.59371179598384
RQWkrDrnRatio= 1.44644103944302
ICDroneMiteSurvivorship= 97.1229144139215
ICWorkerMiteSurvivorship= 10.1408468093723
ICForagerLifespan= 5.13215836882591
ImmType= Cosine
AIAdultSlope= 0.164747882941738
AIAdultLD50= 0.199058783007786
AIAdultSlopeContact= 1.6251309388876
AIAdultLD50Contact= 0.0157092650537379
AILarvaSlope= 0.198717171372846
AILarvaLD50= 0.393414722615853
AIKOW= 7.18431799020618
AIKOC= 6.69954310404137
AIHalfLife= 4.27426248788834
EAppRate= 0
