ICQueenStrength= 1.24997824686579
RQWkrDrnRatio= 1.4801360508427
ICDroneMiteSurvivorship= 80.7115957140923
ICWorkerMiteSurvivorship= 57.5882017379627
ICForagerLifespan= 14.7707462320104
ImmType= Cosine
AIAdultSlope= 3.37738771783886
AIAdultLD50= 0.390775525243953
AIAdultSlopeContact= 1.64384762176545
AIAdultLD50Contact= 0.0162472666590475
AILarvaSlope= 1.47759486963041
AILarvaLD50= 0.193620965816081
AIKOW= 2.3208054038696
AIKOC= 12.2111974121071
AIHalfLife= 2.24577615619637
EAppRate= 0
