ICQueenStrength= 1.2188293018844
RQWkrDrnRatio= 1.3434462826699
ICDroneMiteSurvivorship= 88.5167964966968
ICWorkerMiteSurvivorship= 28.7496573291719
ICForagerLifespan= 13.6675071557984
ImmType= Cosine
AIAdultSlope= 6.46608733339235
AIAdultLD50= 0.301566154812463
AIAdultSlopeContact= 1.62293205557624
AIAdultLD50Contact= 0.000811711861751974
AILarvaSlope= 1.28371993675828
AILarvaLD50= 0.602396217710339
AIKOW= 7.76875613257289
AIKOC= 11.6816256963648
AIHalfLife= 4.22901721787639
EAppRate= 0
