ICQueenStrength= 4.96542324800976
RQWkrDrnRatio= 3.0120315849781
ICDroneMiteSurvivorship= 33.2896429579705
ICWorkerMiteSurvivorship= 24.647045484744
ICForagerLifespan= 9.51492949016392
ImmType= Exponential
AIAdultSlope= 1.51533611994702
AIAdultLD50= 0.293875960516743
AIAdultSlopeContact= 3.2985812974046
AIAdultLD50Contact= 0.0375263939611614
AILarvaSlope= 2.14729719879106
AILarvaLD50= 0.768635718058795
AIKOW= 4.72816930757836
AIKOC= 24.6200879232492
AIHalfLife= 1.89697116264142
EAppRate= 0
