ICQueenStrength= 2.14139146287926
RQWkrDrnRatio= 1.5028662821278
ICDroneMiteSurvivorship= 86.941646435298
ICWorkerMiteSurvivorship= 87.6696978928521
ICForagerLifespan= 8.04925704933703
ImmType= Polynomial
AIAdultSlope= 3.30700581386453
AIAdultLD50= 0.37403272127267
AIAdultSlopeContact= 2.65061440636637
AIAdultLD50Contact= 0.00896518498193473
AILarvaSlope= 0.806725791702047
AILarvaLD50= 0.18191365969833
AIKOW= 2.01995055563748
AIKOC= 9.2116881988477
AIHalfLife= 3.9456637960393
EAppRate= 0
