ICQueenStrength= 1.49788724281825
RQWkrDrnRatio= 1.30087258759886
ICDroneMiteSurvivorship= 99.6513738296926
ICWorkerMiteSurvivorship= 68.3431735727936
ICForagerLifespan= 4.59016220271587
ImmType= Exponential
AIAdultSlope= 3.58860439631157
AIAdultLD50= 0.0337981458287686
AIAdultSlopeContact= 0.307024747836404
AIAdultLD50Contact= 0.0210051837842911
AILarvaSlope= 2.97372239455581
AILarvaLD50= 0.802429735707119
AIKOW= 7.26296292757615
AIKOC= 15.9598225739319
AIHalfLife= 2.79132185387425
EAppRate= 0
