ICQueenStrength= 2.84818728594109
RQWkrDrnRatio= 2.69518826343119
ICDroneMiteSurvivorship= 2.74949138984084
ICWorkerMiteSurvivorship= 89.922677190043
ICForagerLifespan= 14.5345898149535
ImmType= Exponential
AIAdultSlope= 3.52264062008355
AIAdultLD50= 0.288843267480843
AIAdultSlopeContact= 1.70419307753909
AIAdultLD50Contact= 0.00656762800645083
AILarvaSlope= 2.08531927866861
AILarvaLD50= 0.537477440549992
AIKOW= 3.83219959540293
AIKOC= 12.3503143037669
AIHalfLife= 1.20488710817881
EAppRate= 0
