ICQueenStrength= 5.8065022751689
RQWkrDrnRatio= 3.00935711991042
ICDroneMiteSurvivorship= 23.1242210138589
ICWorkerMiteSurvivorship= 12.0314027415588
ICForagerLifespan= 5.34181294031441
ImmType= Logarithmic
AIAdultSlope= 5.03748151939362
AIAdultLD50= 0.270812123198994
AIAdultSlopeContact= 1.592225738056
AIAdultLD50Contact= 0.00390661737183109
AILarvaSlope= 8.1230578944087
AILarvaLD50= 0.109217468393035
AIKOW= 5.77900564018637
AIKOC= 27.1854356408585
AIHalfLife= 3.83772645611316
EAppRate= 0
