ICQueenStrength= 1.16755001735874
RQWkrDrnRatio= 3.82704661320895
ICDroneMiteSurvivorship= 14.6426314953715
ICWorkerMiteSurvivorship= 68.1616480462253
ICForagerLifespan= 9.2499785842374
ImmType= Polynomial
AIAdultSlope= 1.9372074881033
AIAdultLD50= 0.255825640168041
AIAdultSlopeContact= 2.46947691786569
AIAdultLD50Contact= 0.0139701396110468
AILarvaSlope= 1.11047525429167
AILarvaLD50= 0.821277565858327
AIKOW= 2.76792016532272
AIKOC= 15.3764794475865
AIHalfLife= 0.7606160803698
EAppRate= 0
