ICQueenStrength= 5.16632932145149
RQWkrDrnRatio= 1.97542450483888
ICDroneMiteSurvivorship= 29.7269503818825
ICWorkerMiteSurvivorship= 32.7722614863887
ICForagerLifespan= 4.14488728716969
ImmType= Polynomial
AIAdultSlope= 7.93228182010353
AIAdultLD50= 0.317889602738433
AIAdultSlopeContact= 1.21859167706687
AIAdultLD50Contact= 0.02630713066319
AILarvaSlope= 0.162336876941845
AILarvaLD50= 0.719674739870243
AIKOW= 6.89785461965948
AIKOC= 5.84252191009
AIHalfLife= 0.276983712101355
EAppRate= 0
