ICQueenStrength= 4.51373435696587
RQWkrDrnRatio= 4.73058220464736
ICDroneMiteSurvivorship= 54.5861391816288
ICWorkerMiteSurvivorship= 30.3650604793802
ICForagerLifespan= 5.04507807549089
ImmType= Tangent
AIAdultSlope= 9.41810199292377
AIAdultLD50= 0.342242082580924
AIAdultSlopeContact= 2.90579384165816
AIAdultLD50Contact= 0.00860899051185697
AILarvaSlope= 8.77203653333709
AILarvaLD50= 0.430535979056731
AIKOW= 3.81724143121392
AIKOC= 27.0664938446134
AIHalfLife= 0.336763670202345
EAppRate= 0
