ICQueenStrength= 5.44787031505257
RQWkrDrnRatio= 2.2855613315478
ICDroneMiteSurvivorship= 80.6592405773699
ICWorkerMiteSurvivorship= 8.22837599553168
ICForagerLifespan= 10.0024724099785
ImmType= Exponential
AIAdultSlope= 1.84579717228189
AIAdultLD50= 0.428384930943139
AIAdultSlopeContact= 3.28611407399643
AIAdultLD50Contact= 0.0449497640598565
AILarvaSlope= 2.94834460844286
AILarvaLD50= 0.837006978294812
AIKOW= 5.52286243252456
AIKOC= 26.3672783982474
AIHalfLife= 4.48901268653572
EAppRate= 0
