ICQueenStrength= 3.73038174724206
RQWkrDrnRatio= 1.41216791886836
ICDroneMiteSurvivorship= 32.753191050142
ICWorkerMiteSurvivorship= 98.4199387254193
ICForagerLifespan= 11.8745958553627
ImmType= Polynomial
AIAdultSlope= 3.3745034711645
AIAdultLD50= 0.404338936903514
AIAdultSlopeContact= 3.41394110917579
AIAdultLD50Contact= 0.0385146236629225
AILarvaSlope= 0.33820829433389
AILarvaLD50= 0.498457155819051
AIKOW= 5.35727560799569
AIKOC= 27.389144852059
AIHalfLife= 0.00878533697687089
EAppRate= 0
