ICQueenStrength= 2.08356312150136
RQWkrDrnRatio= 1.13843953516334
ICDroneMiteSurvivorship= 16.8231005780399
ICWorkerMiteSurvivorship= 39.8633602308109
ICForagerLifespan= 4.27636807505041
ImmType= Tangent
AIAdultSlope= 2.4663040111796
AIAdultLD50= 0.142041919170879
AIAdultSlopeContact= 1.20604920479469
AIAdultLD50Contact= 0.0326405465952121
AILarvaSlope= 1.16458963332698
AILarvaLD50= 0.76078208622057
AIKOW= 7.41600026609376
AIKOC= 20.4220634663943
AIHalfLife= 0.0711186951957643
EAppRate= 0
