ICQueenStrength= 1.68007709691301
RQWkrDrnRatio= 1.49622705206275
ICDroneMiteSurvivorship= 87.9979568533599
ICWorkerMiteSurvivorship= 75.3041035495698
ICForagerLifespan= 14.9406279521063
ImmType= Exponential
AIAdultSlope= 5.49495112616569
AIAdultLD50= 0.113251163973473
AIAdultSlopeContact= 1.93759985515382
AIAdultLD50Contact= 0.0268050065729767
AILarvaSlope= 0.640905735082924
AILarvaLD50= 0.756598424585536
AIKOW= 7.98225796408951
AIKOC= 12.7467135793995
AIHalfLife= 4.51450759195723
EAppRate= 0
