ICQueenStrength= 4.24915782082826
RQWkrDrnRatio= 2.59874658472836
ICDroneMiteSurvivorship= 57.6071663992479
ICWorkerMiteSurvivorship= 55.655205831863
ICForagerLifespan= 12.8737053079531
ImmType= Cosine
AIAdultSlope= 2.66546094949823
AIAdultLD50= 0.214967198902741
AIAdultSlopeContact= 2.69089096897049
AIAdultLD50Contact= 0.00145246697356924
AILarvaSlope= 0.9271673200652
AILarvaLD50= 0.714648721483536
AIKOW= 5.26160251861438
AIKOC= 23.0964642786421
AIHalfLife= 2.87851550499909
EAppRate= 0
