ICQueenStrength= 2.05375421815552
RQWkrDrnRatio= 2.24612209852785
ICDroneMiteSurvivorship= 81.69523649849
ICWorkerMiteSurvivorship= 1.9986490951851
ICForagerLifespan= 12.8611917579547
ImmType= Tangent
AIAdultSlope= 0.464013246819377
AIAdultLD50= 0.0555880860192701
AIAdultSlopeContact= 1.36181168234674
AIAdultLD50Contact= 0.0314319974393584
AILarvaSlope= 1.14618301331066
AILarvaLD50= 0.599541239859536
AIKOW= 5.53030956629664
AIKOC= 5.26717476430349
AIHalfLife= 4.19719380442984
EAppRate= 0
