ICQueenStrength= 2.82156303082593
RQWkrDrnRatio= 1.33346005901694
ICDroneMiteSurvivorship= 17.0519826700911
ICWorkerMiteSurvivorship= 36.6960356244817
ICForagerLifespan= 14.9525441518053
ImmType= Tangent
AIAdultSlope= 1.7631973060593
AIAdultLD50= 0.157468812656589
AIAdultSlopeContact= 2.13325680489885
AIAdultLD50Contact= 0.00184185813413933
AILarvaSlope= 3.20729320994578
AILarvaLD50= 0.618946847948246
AIKOW= 2.10357638308778
AIKOC= 11.6735071130097
AIHalfLife= 2.1499834919814
EAppRate= 0
