ICQueenStrength= 1.49284866079688
RQWkrDrnRatio= 2.66194400284439
ICDroneMiteSurvivorship= 40.132620302029
ICWorkerMiteSurvivorship= 24.0695645334199
ICForagerLifespan= 9.35692489612848
ImmType= Cosine
AIAdultSlope= 2.05958805745468
AIAdultLD50= 0.11053652013652
AIAdultSlopeContact= 1.78539805883076
AIAdultLD50Contact= 0.00753289499552921
AILarvaSlope= 6.0486737289466
AILarvaLD50= 0.179274587729014
AIKOW= 3.60525789484382
AIKOC= 26.89707501675
AIHalfLife= 4.53329001320526
EAppRate= 0
