ICQueenStrength= 5.00520532624796
RQWkrDrnRatio= 2.26150229666382
ICDroneMiteSurvivorship= 47.2452353453264
ICWorkerMiteSurvivorship= 17.575539345853
ICForagerLifespan= 10.6073281113058
ImmType= Cosine
AIAdultSlope= 0.0916193510522135
AIAdultLD50= 0.237490058876574
AIAdultSlopeContact= 3.35005308508175
AIAdultLD50Contact= 0.0270990960183553
AILarvaSlope= 1.83071124362759
AILarvaLD50= 0.535055393027142
AIKOW= 3.59154866077006
AIKOC= 6.87639437499456
AIHalfLife= 3.67934771347791
EAppRate= 0
