ICQueenStrength= 3.23047754727304
RQWkrDrnRatio= 2.72451674938202
ICDroneMiteSurvivorship= 87.8394425380975
ICWorkerMiteSurvivorship= 55.5544385919347
ICForagerLifespan= 5.70798544678837
ImmType= Cosine
AIAdultSlope= 0.590554845985025
AIAdultLD50= 0.383936070022173
AIAdultSlopeContact= 0.986374583104625
AIAdultLD50Contact= 0.0209114191588014
AILarvaSlope= 5.24664066033438
AILarvaLD50= 0.347816177154891
AIKOW= 2.19650104921311
AIKOC= 26.3193228759337
AIHalfLife= 1.9966308993753
EAppRate= 0
