ICQueenStrength= 1.01296663889661
RQWkrDrnRatio= 1.25100448355079
ICDroneMiteSurvivorship= 12.347718141973
ICWorkerMiteSurvivorship= 21.5927316108719
ICForagerLifespan= 11.9073847765103
ImmType= Tangent
AIAdultSlope= 5.51678479881957
AIAdultLD50= 0.122352904407308
AIAdultSlopeContact= 2.41925743445288
AIAdultLD50Contact= 0.0199346911394969
AILarvaSlope= 5.09476780192927
AILarvaLD50= 0.498303919122554
AIKOW= 4.66993480315432
AIKOC= 23.4009064745624
AIHalfLife= 3.82306633051485
EAppRate= 0
