ICQueenStrength= 4.48337110015564
RQWkrDrnRatio= 3.53763916902244
ICDroneMiteSurvivorship= 87.5569986877963
ICWorkerMiteSurvivorship= 32.3662582086399
ICForagerLifespan= 11.1189743140712
ImmType= Exponential
AIAdultSlope= 5.29313253471628
AIAdultLD50= 0.483852414996363
AIAdultSlopeContact= 3.20852464886382
AIAdultLD50Contact= 0.0183703604852781
AILarvaSlope= 2.39530574716628
AILarvaLD50= 0.709962074831128
AIKOW= 5.36373540107161
AIKOC= 21.8231178889982
AIHalfLife= 3.84077492170036
EAppRate= 0
