ICQueenStrength= 4.81062624277547
RQWkrDrnRatio= 2.8395976126194
ICDroneMiteSurvivorship= 94.6395946200937
ICWorkerMiteSurvivorship= 75.6643564673141
ICForagerLifespan= 11.669442136772
ImmType= Logarithmic
AIAdultSlope= 1.21903804977424
AIAdultLD50= 0.189908296917565
AIAdultSlopeContact= 1.18665396999568
AIAdultLD50Contact= 0.0162222888553515
AILarvaSlope= 0.809766823146492
AILarvaLD50= 0.189981117867865
AIKOW= 4.18737250519916
AIKOC= 11.3523701857775
AIHalfLife= 4.39069796702825
EAppRate= 0
