ICQueenStrength= 1.35702754743397
RQWkrDrnRatio= 4.43242234364152
ICDroneMiteSurvivorship= 79.704598756507
ICWorkerMiteSurvivorship= 25.4146676743403
ICForagerLifespan= 4.23250814620405
ImmType= Logarithmic
AIAdultSlope= 2.77601252475288
AIAdultLD50= 0.355605630087666
AIAdultSlopeContact= 0.192499755858444
AIAdultLD50Contact= 0.0245993388583884
AILarvaSlope= 1.7982939758338
AILarvaLD50= 0.369037809432484
AIKOW= 6.25634131859988
AIKOC= 25.3938495542388
AIHalfLife= 2.03443305683322
EAppRate= 0
