ICQueenStrength= 3.49113502912223
RQWkrDrnRatio= 2.29714195989072
ICDroneMiteSurvivorship= 68.2994610397145
ICWorkerMiteSurvivorship= 99.9535060720518
ICForagerLifespan= 7.32424733601511
ImmType= Exponential
AIAdultSlope= 2.90942758209771
AIAdultLD50= 0.324858540785499
AIAdultSlopeContact= 1.22205755169969
AIAdultLD50Contact= 0.0147096389904618
AILarvaSlope= 0.105429709516466
AILarvaLD50= 0.320636890106834
AIKOW= 4.79742288123816
AIKOC= 29.5686787762679
AIHalfLife= 3.11198965413496
EAppRate= 0
