ICQueenStrength= 4.54908576584421
RQWkrDrnRatio= 3.28336036391556
ICDroneMiteSurvivorship= 9.37070318032056
ICWorkerMiteSurvivorship= 89.2027651891112
ICForagerLifespan= 6.78113435674459
ImmType= Logarithmic
AIAdultSlope= 6.14550894126296
AIAdultLD50= 0.473627456231043
AIAdultSlopeContact= 0.2215871746419
AIAdultLD50Contact= 0.0233439223025925
AILarvaSlope= 3.22546742889099
AILarvaLD50= 0.599212521733716
AIKOW= 7.47425889922306
AIKOC= 15.8512579172384
AIHalfLife= 3.80643856478855
EAppRate= 0
