ICQueenStrength= 2.07002584030852
RQWkrDrnRatio= 1.5680667469278
ICDroneMiteSurvivorship= 69.5057801436633
ICWorkerMiteSurvivorship= 87.0436172932386
ICForagerLifespan= 15.7812849795446
ImmType= Sine
AIAdultSlope= 3.12277003068477
AIAdultLD50= 0.269694801419973
AIAdultSlopeContact= 2.55143586373189
AIAdultLD50Contact= 0.0493219135445543
AILarvaSlope= 0.214300414640456
AILarvaLD50= 0.73837933272589
AIKOW= 3.54815843421966
AIKOC= 8.48293700953946
AIHalfLife= 0.0743523275014013
EAppRate= 0
