ICQueenStrength= 4.63097205990925
RQWkrDrnRatio= 4.63391697965562
ICDroneMiteSurvivorship= 42.1633166959509
ICWorkerMiteSurvivorship= 17.6883719163015
ICForagerLifespan= 6.7853351039812
ImmType= Tangent
AIAdultSlope= 1.50307557676686
AIAdultLD50= 0.472662081825547
AIAdultSlopeContact= 2.63981397956377
AIAdultLD50Contact= 0.0193304479005747
AILarvaSlope= 1.60445210039616
AILarvaLD50= 0.792008545459248
AIKOW= 4.97315163677558
AIKOC= 25.8454001287464
AIHalfLife= 0.794360634172335
EAppRate= 0
