ICQueenStrength= 1.66944199614227
RQWkrDrnRatio= 4.29018113296479
ICDroneMiteSurvivorship= 22.420267155394
ICWorkerMiteSurvivorship= 39.5566451130435
ICForagerLifespan= 5.03591531701386
ImmType= Cosine
AIAdultSlope= 4.63912316365167
AIAdultLD50= 0.288908804417588
AIAdultSlopeContact= 1.36009692199063
AIAdultLD50Contact= 0.0121608222834766
AILarvaSlope= 1.75405772882514
AILarvaLD50= 0.330870224931277
AIKOW= 4.96868253871799
AIKOC= 13.0831196857616
AIHalfLife= 1.27479825052433
EAppRate= 0
