ICQueenStrength= 2.81809807312675
RQWkrDrnRatio= 4.78068444039673
ICDroneMiteSurvivorship= 65.8900983631611
ICWorkerMiteSurvivorship= 42.921489616856
ICForagerLifespan= 13.8963400302455
ImmType= Tangent
AIAdultSlope= 3.82667552559637
AIAdultLD50= 0.410369790391997
AIAdultSlopeContact= 3.83501879978227
AIAdultLD50Contact= 0.00140756942564622
AILarvaSlope= 0.681440007779747
AILarvaLD50= 0.0292598602361977
AIKOW= 5.80500421253964
AIKOC= 25.5746273277327
AIHalfLife= 3.3485764276702
EAppRate= 0
