ICQueenStrength= 1.05563432816416
RQWkrDrnRatio= 1.98304855357856
ICDroneMiteSurvivorship= 4.32433309033513
ICWorkerMiteSurvivorship= 96.7601652722806
ICForagerLifespan= 12.6555160675198
ImmType= Polynomial
AIAdultSlope= 2.67343554295599
AIAdultLD50= 0.311944026499987
AIAdultSlopeContact= 0.541234211416449
AIAdultLD50Contact= 0.022750383883249
AILarvaSlope= 1.89635485871695
AILarvaLD50= 0.614929191372357
AIKOW= 5.68570699030533
AIKOC= 6.15766851813532
AIHalfLife= 0.145771946990862
EAppRate= 0
