ICQueenStrength= 5.7701368178241
RQWkrDrnRatio= 4.66662563569844
ICDroneMiteSurvivorship= 81.9338649976999
ICWorkerMiteSurvivorship= 13.109596632421
ICForagerLifespan= 9.89874539151788
ImmType= Exponential
AIAdultSlope= 1.06110346893081
AIAdultLD50= 0.083939605508931
AIAdultSlopeContact= 3.8547610017797
AIAdultLD50Contact= 0.0235954154282808
AILarvaSlope= 1.90600265106186
AILarvaLD50= 0.426083351997659
AIKOW= 5.99761787056923
AIKOC= 10.1048133464064
AIHalfLife= 2.15815545176156
EAppRate= 0
