ICQueenStrength= 5.52310168300755
RQWkrDrnRatio= 4.22971573378891
ICDroneMiteSurvivorship= 52.3356744553894
ICWorkerMiteSurvivorship= 76.2804378289729
ICForagerLifespan= 12.7865712363273
ImmType= Exponential
AIAdultSlope= 4.88732385449111
AIAdultLD50= 0.491408362751827
AIAdultSlopeContact= 0.275324093399104
AIAdultLD50Contact= 0.0448180392500944
AILarvaSlope= 0.701559374574572
AILarvaLD50= 0.103926743636839
AIKOW= 2.16079681133851
AIKOC= 16.5747816045769
AIHalfLife= 1.13502033171244
EAppRate= 0
