ICQueenStrength= 3.43869135854766
RQWkrDrnRatio= 4.52241256926209
ICDroneMiteSurvivorship= 9.47648391593248
ICWorkerMiteSurvivorship= 69.2097789840773
ICForagerLifespan= 10.3427630271763
ImmType= Cosine
AIAdultSlope= 8.14984330674633
AIAdultLD50= 0.440172699280083
AIAdultSlopeContact= 0.985570730483159
AIAdultLD50Contact= 0.028977265721187
AILarvaSlope= 2.48414555639029
AILarvaLD50= 0.203164962236769
AIKOW= 7.57916795602068
AIKOC= 19.7067671001423
AIHalfLife= 0.266486667096615
EAppRate= 0
