ICQueenStrength= 1.96727797063068
RQWkrDrnRatio= 2.31405725423247
ICDroneMiteSurvivorship= 52.8213969431818
ICWorkerMiteSurvivorship= 81.8469184916466
ICForagerLifespan= 5.99275082536042
ImmType= Tangent
AIAdultSlope= 8.99624849203974
AIAdultLD50= 0.184713818714954
AIAdultSlopeContact= 1.72938339263666
AIAdultLD50Contact= 0.0347434396506287
AILarvaSlope= 0.212547009810805
AILarvaLD50= 0.282257005828433
AIKOW= 5.62521218275651
AIKOC= 7.45145471999422
AIHalfLife= 4.55911135068163
EAppRate= 0
