ICQueenStrength= 5.48003637720831
RQWkrDrnRatio= 3.65290079172701
ICDroneMiteSurvivorship= 42.8119395393878
ICWorkerMiteSurvivorship= 59.9817604292184
ICForagerLifespan= 7.95239084213972
ImmType= Logarithmic
AIAdultSlope= 2.38654832884669
AIAdultLD50= 0.0223038615658879
AIAdultSlopeContact= 2.89608202856965
AIAdultLD50Contact= 0.0406645072042011
AILarvaSlope= 0.101597837591544
AILarvaLD50= 0.222230911930092
AIKOW= 7.85754818795249
AIKOC= 7.37681730650365
AIHalfLife= 1.15722339949571
EAppRate= 0
