ICQueenStrength= 4.73679821612313
RQWkrDrnRatio= 1.65986995957792
ICDroneMiteSurvivorship= 60.4979551397264
ICWorkerMiteSurvivorship= 53.8061379222199
ICForagerLifespan= 15.3338444093242
ImmType= Exponential
AIAdultSlope= 1.56728859292343
AIAdultLD50= 0.284663965576328
AIAdultSlopeContact= 2.11810937428381
AIAdultLD50Contact= 0.0410746860317886
AILarvaSlope= 4.40563654527068
AILarvaLD50= 0.763901093392633
AIKOW= 6.36821484286338
AIKOC= 10.6741395499557
AIHalfLife= 1.62169503397308
EAppRate= 0
