ICQueenStrength= 3.73796601453796
RQWkrDrnRatio= 4.60571312624961
ICDroneMiteSurvivorship= 87.0095052756369
ICWorkerMiteSurvivorship= 18.7817475292832
ICForagerLifespan= 14.7180604636669
ImmType= Exponential
AIAdultSlope= 2.39080824886914
AIAdultLD50= 0.333465166622773
AIAdultSlopeContact= 3.48903531118529
AIAdultLD50Contact= 0.0492762275389396
AILarvaSlope= 1.95178218604997
AILarvaLD50= 0.141622628364712
AIKOW= 4.06189137604088
AIKOC= 10.2385662740562
AIHalfLife= 3.53188918204978
EAppRate= 0
