ICQueenStrength= 4.04651284590364
RQWkrDrnRatio= 4.23971924651414
ICDroneMiteSurvivorship= 44.3088729865849
ICWorkerMiteSurvivorship= 7.74897458031774
ICForagerLifespan= 4.77099220547825
ImmType= Tangent
AIAdultSlope= 3.42554967457429
AIAdultLD50= 0.419935646932572
AIAdultSlopeContact= 2.2893357299245
AIAdultLD50Contact= 0.0478626305819489
AILarvaSlope= 1.09150542928837
AILarvaLD50= 0.578988937125541
AIKOW= 3.24105834169313
AIKOC= 19.5627115445677
AIHalfLife= 4.12402685848065
EAppRate= 0
