ICQueenStrength= 5.62807542528026
RQWkrDrnRatio= 4.375318297185
ICDroneMiteSurvivorship= 50.2727529266849
ICWorkerMiteSurvivorship= 17.4555749632418
ICForagerLifespan= 7.58416955824941
ImmType= Polynomial
AIAdultSlope= 2.39751302357996
AIAdultLD50= 0.0582385403104126
AIAdultSlopeContact= 1.53757245161338
AIAdultLD50Contact= 0.0152363720233552
AILarvaSlope= 3.01437278981321
AILarvaLD50= 0.740184165816754
AIKOW= 3.02392256818712
AIKOC= 23.350878264755
AIHalfLife= 1.25515348161571
EAppRate= 0
