ICQueenStrength= 3.67659689881839
RQWkrDrnRatio= 3.75128331780434
ICDroneMiteSurvivorship= 17.5053601618856
ICWorkerMiteSurvivorship= 60.5110184988007
ICForagerLifespan= 8.71712416876107
ImmType= Polynomial
AIAdultSlope= 0.0589600721863098
AIAdultLD50= 0.459804843063466
AIAdultSlopeContact= 0.284505398198962
AIAdultLD50Contact= 0.0205921715009026
AILarvaSlope= 2.00581548139453
AILarvaLD50= 0.271453539817594
AIKOW= 4.0623213397339
AIKOC= 29.6065358398482
AIHalfLife= 2.42952538537793
EAppRate= 0
