ICQueenStrength= 1.14614687068388
RQWkrDrnRatio= 3.10329263284802
ICDroneMiteSurvivorship= 93.5911250766367
ICWorkerMiteSurvivorship= 64.3180672544986
ICForagerLifespan= 12.2741656415164
ImmType= Logarithmic
AIAdultSlope= 0.808343944761436
AIAdultLD50= 0.03973697591573
AIAdultSlopeContact= 3.18104562799679
AIAdultLD50Contact= 0.0114430537796579
AILarvaSlope= 2.57713480629027
AILarvaLD50= 0.219372462923639
AIKOW= 3.33890111465007
AIKOC= 21.8200821324717
AIHalfLife= 1.32848805980757
EAppRate= 0
