ICQueenStrength= 4.31212163087912
RQWkrDrnRatio= 1.32259674742818
ICDroneMiteSurvivorship= 83.4240729454905
ICWorkerMiteSurvivorship= 59.2399089364335
ICForagerLifespan= 12.2155597908422
ImmType= Cosine
AIAdultSlope= 3.38253814604133
AIAdultLD50= 0.198461239808239
AIAdultSlopeContact= 3.7346001766948
AIAdultLD50Contact= 0.00332023266237229
AILarvaSlope= 3.35440105032176
AILarvaLD50= 0.26839844067581
AIKOW= 2.2371942922473
AIKOC= 16.3247468776535
AIHalfLife= 3.48008156521246
EAppRate= 0
